Run,Gen,F,1,2,3,4,5,6,7,8,9,10
99.0,0.0,341.8888854980469,-2.7529195313115173,3.948908311327005,-4.056125181339942,-1.5390005570303569,1.100711923896739,0.3057668344383346,0.297049607611072,-4.461562262881852,-4.773763787038596,-1.714972145196505
99.0,0.0,312.6205139160156,3.842152115776152,0.908782625280912,4.293608733825732,-4.418378982193923,3.3065382784125514,-3.141154281749203,4.359637337020242,2.8775837623210787,-0.0513858298682041,0.1777152098971379
99.0,0.0,355.1303100585937,1.8621937679332623,-0.2201964478917126,4.890870208911068,2.6715743194415644,-4.136518510625039,-2.342637998522106,2.7234066981876115,-3.0948413604387137,-4.270560565542449,3.1997280003054343
99.0,0.0,328.40264892578125,0.3961130852958412,2.740235381891817,-3.7844035336447392,-2.325995566933343,3.677819918370833,-4.761439404221035,3.61534087809893,1.7765048497896387,-3.744147500670984,-1.580874366779959
99.0,0.0,319.285400390625,3.733434741701293,-3.536218104308138,4.677840726528421,1.9777474462440685,0.1182233852441179,2.494251588259906,2.894975599536971,3.938924310408898,0.7204311513900628,-0.7814090397560873
99.0,0.0,312.49383544921875,1.2208852387009728,1.0365330850432848,1.5238424546849003,2.327682663276499,0.8297726939599634,0.1087604255763068,4.808141211461571,-0.3966260985148215,4.463974984430637,4.687749465964913
99.0,0.0,327.607177734375,-3.0464723809922365,0.2763653333505722,-1.01498706542084,-3.770926200036745,-4.203775707624259,-1.661955065217304,-0.7595048715905657,-1.5638912753378036,-2.869878449451188,-4.19398288512601
99.0,0.0,343.42462158203125,4.286471464894923,2.0862495101125376,0.7703522349203382,1.62519661542769,-3.2289266928944267,1.3539163585363123,-1.1806287561408242,-3.2641255502987727,-0.5772433404047543,1.1339802855749062
99.0,0.0,304.77984619140625,2.364407258539554,0.1411758544940049,-4.485025141180462,-3.428729151607582,-1.1619907660169049,3.4488332901411827,-0.0041106630633276,-3.701467036527535,1.1057775989864602,-2.703338558518136
99.0,0.0,409.6878662109375,0.9932326550761754,3.733308360487589,0.1682968615655502,-1.061091722840104,4.7876522432761135,3.728210104704102,-0.2522869999058379,4.026165923105102,0.5828264925139637,4.875149828708645
99.0,0.0,369.9872131347656,4.101037867681246,-3.3105376115842,3.3506444611725428,2.172961458599453,2.9003837246233832,0.4427739499627501,-3.659631948276692,-2.058143077706686,-2.798370355999242,3.4567573670104075
99.0,0.0,344.370849609375,4.455126178915599,-0.0919128904463404,-2.7733370128643746,3.434461033526805,-3.027163005070532,0.8494989833000064,1.1857019007733776,0.8964513212966292,4.064640008960438,3.7610768256660254
99.0,0.0,325.7288818359375,-2.9548296863262005,-1.5187031301742857,3.5903553215199846,4.459631185085303,-2.2380954163333024,-3.859649148597219,-3.3799747164999023,0.1064859918356226,0.9848297403557122,0.5042836037439677
99.0,0.0,269.6058349609375,-0.5338998032153341,4.377870232240257,2.50629417486331,4.218112548646971,0.2167718779027572,-1.9174659667145024,-3.1193290179390383,-4.814112029489357,2.920234198581157,-1.3059547750776943
99.0,0.0,328.55743408203125,4.729918825066646,-2.910650858959481,-4.207115317223479,-0.5933542107486431,2.342773457048512,-2.748126711608961,-0.9096920860541822,-2.805458154405249,-4.1677454656175685,-0.8759291913113394
99.0,0.0,371.836669921875,-4.4857892325737,-4.407095991431017,-0.8380074287446506,-4.196194072645926,-2.8627766780981383,1.680708895760925,0.6611109785123883,-0.8110439798264011,2.111357908698269,3.864539285673839
99.0,0.0,335.7310485839844,4.876216607315749,1.9577719685565924,1.1940468664222337,2.931845451417633,-3.884361571480674,-2.463633736853561,1.9961723230616315,2.60277862058987,4.9728616027359145,4.236623248279569
99.0,0.0,324.9725646972656,-2.2339051850374894,-4.088937263582544,-2.3733190441330567,-4.361219892108545,1.7284862697797907,-0.8716214631006363,-2.629798921760452,4.676102530891255,3.4191220533149345,-2.539035909824453
99.0,0.0,385.2611083984375,2.684183160998969,4.190976389900177,-3.475079995276216,-2.7342357362779857,-3.5958909207585537,0.6519484875155745,1.3265386971606254,0.2206911856890068,0.0463063554237921,2.945759094858021
99.0,0.0,277.4544677734375,-1.045859165883833,-4.355393822026793,-2.028652571550702,3.110377294903889,0.5109560098680532,2.906192662130436,4.018144493601684,-1.000707347393658,0.2977424809330991,-3.094799215752795
99.0,0.0,329.54705810546875,2.835402588452446,-2.3012433632833145,-3.277692492941643,-3.0685495640215104,0.6955886390912678,-3.735869682432149,2.0051435164738463,2.519386759093188,-4.813077011903802,-3.865585535368248
99.0,0.0,345.34869384765625,-2.0820087516223578,0.5087205414617451,-1.432032021562215,-2.8997689234263926,-1.6026665160434654,-1.2919563052588905,2.3278196149612693,2.373194192088261,1.4982643394685322,0.8104070814553888
99.0,0.0,354.8557434082031,2.051484050660531,-1.0801408025259,-0.1476876695513596,2.440852072025044,2.734450041773973,4.0513042627844005,0.40757472409868,1.9049688177419508,-2.2554813895796064,-0.485917772991594
99.0,0.0,275.8458251953125,-0.6511508194445632,0.7064498041675691,0.2246641728909075,-1.8356359716782933,-0.7897199753515114,1.409179625661534,3.566043330725151,-3.45471702323684,-1.4369822453446517,-4.465427253986533
99.0,0.0,433.8996276855469,0.5287357001193875,2.824779114262351,-4.884312064332096,1.3775904084197546,2.019448487586838,2.106668427814043,-4.289796202845327,3.30643163560255,-3.0941949513413363,2.572713226835538
99.0,0.0,230.7304077148437,3.20841330291287,3.142196370699944,3.9373916960197146,-0.1855172595539658,3.480457789332638,-3.5203688603497505,4.605648319932952,4.814078181730324,4.7863248048210885,-4.626974063819836
99.0,0.0,305.93951416015625,3.5266014574485283,-0.4228218879551857,-1.6344632821339489,-2.075688521348089,-0.0973672200430764,-4.837446992431951,-2.054230010701536,-2.5351352590455067,-2.5629614695180982,-2.848478271346399
99.0,0.0,288.96539306640625,3.1302349209595057,1.408609106763068,-1.235971489369787,-2.440524820484906,-3.605147417171248,-4.197140244391855,0.979873341373498,-3.8042054554342304,2.254388686431339,-0.1413775061647353
99.0,0.0,367.8476257324219,-3.493623018700311,2.5721018191130964,0.4470615285561541,0.8705582437295734,-4.968846061660428,-0.7516974125143685,-2.981998707019922,1.1810119330193896,3.3199528651971733,2.308131991581868
99.0,0.0,330.2470703125,-0.2377007263301189,4.901183984215232,2.192041286267997,-0.9956348543587472,-1.823246405312385,-0.4210070594923722,3.858730583380872,2.081924737440636,2.690041192462701,1.3656998399306053
99.0,0.0,319.7449035644531,-2.475216693436966,4.778589724516163,-1.873508729404752,1.5911055118768704,-4.752740644049537,-4.29543974421715,-2.4883629257536843,-0.4556383911707531,-0.6097210600763558,-3.415780994635975
99.0,0.0,254.3225860595703,-3.815098106188192,-0.9005871314156799,-3.006745023450654,-0.3968291182546881,4.045557801082538,4.911974760925364,2.435690950086686,-2.618834920687136,2.545763973105153,-4.8111006926927615
99.0,0.0,346.40386962890625,1.106698573145004,4.490733324616276,0.8973273453933359,-3.81171384566486,-0.5967407510009979,-1.1908563512921888,-3.5063882585204693,-0.6263104722657644,3.8493922884698826,2.06670962369889
99.0,0.0,339.57867431640625,-1.751889413484529,3.2219716727373786,2.810223472689703,-3.2394556657629585,4.359753642367254,-0.2227763017992581,3.029452508304717,3.508516406185024,3.7439091903871695,3.2090733929079605
99.0,0.0,346.7966003417969,-4.931885390019888,-2.521343901407485,-2.446948396048023,4.7673003304369,-2.027325288919691,3.1489540760394625,-1.3825349773621936,1.5256250102172275,-0.9729736839689416,-2.297544202658879
99.0,0.0,395.98541259765625,-0.0808813889536432,3.5267135970368315,-3.871796759482133,-4.761806964422436,-1.4119174314279546,4.20019472362627,0.078482667695817,-1.6030541527638036,1.2571708782718405,4.108541435575756
99.0,0.0,406.9663696289063,1.745284350312022,-1.9611279953759075,1.8944489377949587,3.333228090841045,-0.2252926146955474,1.852581311002627,-1.9893340398077823,3.758497372099658,-3.878988044314776,1.8270969963865005
99.0,0.0,361.7939453125,-4.797178794212666,-4.6869012724169,4.518921754066756,-0.7982907743249665,3.024862573151242,2.2740323082007,-4.510751749549647,-0.1950334157623583,-4.572353718658353,-2.028861271207198
99.0,0.0,279.013427734375,-4.307001351010477,-3.940354342819956,1.2240886923472152,0.5676960530751032,3.858946830365799,-2.9214603327032367,-1.5387983129950396,-4.158343690138986,1.86052575608449,0.2257691494983706
99.0,0.0,329.929931640625,-1.395412954281881,1.2189758836662907,-0.79169608783147,0.0323113176110831,4.979244097163436,-0.1910105097912664,-0.4458474793569245,1.2165865962580042,-1.94596205634755,-1.841026348575116
99.0,0.0,384.6061401367188,0.0029686105700719,2.235306362657706,-0.4354833575040606,4.898352943015404,-2.471088365890279,-4.431082086247866,-1.7928831513570516,0.4571729160096183,-1.205763560526119,4.596777865823281
99.0,0.0,284.2890319824219,-0.9572845798569158,-3.649323228822172,2.609311193391756,1.0694693363913252,1.977079846928385,-3.2867748507363137,-3.971143323708594,-2.3400711259353497,-2.0324377724047644,-4.235667743796736
99.0,0.0,317.59576416015625,-1.4627238744239994,1.745226051198837,-0.3254697807129902,3.927572720346472,-4.406226627368767,-2.0648918594426853,3.3305155585404265,0.7575761924078819,-3.494990257749918,-3.3416391432040724
99.0,0.0,349.1304626464844,-3.608712115706681,-2.7444801232833536,3.6139931260080047,4.136412646446132,-1.253444316690755,4.650155050190531,-4.123594417204579,4.215808043931542,4.231263078683817,-0.2076384136651192
99.0,0.0,333.95751953125,2.5666385498372835,-3.027727897930611,2.2904686434183974,3.633451531984012,2.482551427142024,-1.5629426856350594,4.5483060329248985,3.1433301373702704,-3.34080596317766,0.6777777695807483
99.0,0.0,351.44366455078125,-4.110772843638674,-2.163535026531319,-2.8542542275746783,0.663247914838367,-0.8451305910168303,3.271227230901985,-4.915724689172135,-4.288552225547799,-1.6787059702237888,-1.1649374717514194
99.0,0.0,274.2438049316406,-1.907412983478434,-1.702965538167521,3.159291742547412,0.2029664152629449,1.3094794730470465,4.592793583834162,-2.2511382777449835,-4.682516402021046,1.6994559469501835,-3.606975822568384
99.0,0.0,366.9962463378906,-3.2290535930800983,-0.6560144566764698,4.0310269351341095,-1.6484740073653388,-2.7078171811626177,1.1714413612305543,1.5537930224826797,4.487625444892874,3.148714447471648,2.649994520083766
99.0,0.0,342.5146179199219,1.4489163136119352,-4.807549932013297,-4.770457359275623,-1.2655330314668365,4.512829044500544,3.8130384573432217,1.769509887827735,-1.8609013562280108,-1.01583488394184,1.5615021987973527
99.0,0.0,377.4947814941406,0.7194064292191946,-1.303985785323654,1.660061025967627,-4.917538212207297,1.593246333267457,2.613886901851309,-4.65020088138371,-1.3221676247857643,-0.3866268838242126,1.6229482330067118
99.0,1.0,341.8888854980469,-2.7529195313115173,3.948908311327005,-4.056125181339942,-1.5390005570303569,1.100711923896739,0.3057668344383346,0.297049607611072,-4.461562262881852,-4.773763787038596,-1.714972145196505
99.0,1.0,312.6205139160156,3.842152115776152,0.908782625280912,4.293608733825732,-4.418378982193923,3.3065382784125514,-3.141154281749203,4.359637337020242,2.8775837623210787,-0.0513858298682041,0.1777152098971379
99.0,1.0,355.1303100585937,1.8621937679332623,-0.2201964478917126,4.890870208911068,2.6715743194415644,-4.136518510625039,-2.342637998522106,2.7234066981876115,-3.0948413604387137,-4.270560565542449,3.1997280003054343
99.0,1.0,328.40264892578125,0.3961130852958412,2.740235381891817,-3.7844035336447392,-2.325995566933343,3.677819918370833,-4.761439404221035,3.61534087809893,1.7765048497896387,-3.744147500670984,-1.580874366779959
99.0,1.0,319.285400390625,3.733434741701293,-3.536218104308138,4.677840726528421,1.9777474462440685,0.1182233852441179,2.494251588259906,2.894975599536971,3.938924310408898,0.7204311513900628,-0.7814090397560873
99.0,1.0,299.66131591796875,3.2557431301671107,0.0011418697117209,1.5238424546849003,2.327682663276499,-4.307987560962268,-3.309678535377513,-1.5398063283873502,-3.940121040067431,0.6207464199976114,-0.2572372833425849
99.0,1.0,327.607177734375,-3.0464723809922365,0.2763653333505722,-1.01498706542084,-3.770926200036745,-4.203775707624259,-1.661955065217304,-0.7595048715905657,-1.5638912753378036,-2.869878449451188,-4.19398288512601
99.0,1.0,309.0633850097656,-3.233046126525011,1.0065935155870656,-2.5337279058920337,-3.453442360342396,3.324796030306071,0.8779204521941106,-0.7920804785646989,-4.734881075229246,-4.803271593980425,-4.775307140918934
99.0,1.0,304.77984619140625,2.364407258539554,0.1411758544940049,-4.485025141180462,-3.428729151607582,-1.1619907660169049,3.4488332901411827,-0.0041106630633276,-3.701467036527535,1.1057775989864602,-2.703338558518136
99.0,1.0,326.6632080078125,1.194803436966017,-4.940472045111283,-4.457187218927928,-1.061091722840104,2.609981600681158,-0.3211493186122158,4.782653500486708,3.617025313494299,-4.917921889945,-3.8859063493324046
99.0,1.0,352.9714660644531,-3.852934979673509,-3.218993768674765,3.3506444611725428,-0.8977860235535697,0.270005357044965,3.4802531426682326,-3.659631948276692,-1.318472823799179,-0.8696307325893038,-0.4872117431645595
99.0,1.0,320.1806640625,4.980786362331713,0.6643355397724209,4.056379678104507,2.712969344555888,2.3841980970394303,-3.223929708883736,-2.241562732224084,1.2793466912724814,0.1027094883822226,0.362519235701813
99.0,1.0,325.7288818359375,-2.9548296863262005,-1.5187031301742857,3.5903553215199846,4.459631185085303,-2.2380954163333024,-3.859649148597219,-3.3799747164999023,0.1064859918356226,0.9848297403557122,0.5042836037439677
99.0,1.0,252.61868286132807,-0.5338998032153341,2.387683986821781,3.287448356968921,-0.5986070861046118,4.98897009091398,-2.3720156288686707,4.825010178135054,4.917778136357955,2.6235069530544024,-4.540226980901446
99.0,1.0,312.1552124023437,-1.2313591855082342,1.0294778340196613,-4.207115317223479,-4.866492039017986,-0.3212046211745647,-1.320637038437075,3.264047684691067,-2.075968030888033,0.2323607736017154,-0.8892616229962433
99.0,1.0,305.09136962890625,-4.4857892325737,4.538960670960259,-1.6111840878890096,3.820427023557122,-0.2236957406155153,-1.0855187277888565,-3.434411145223356,-2.1318246728347394,2.111357908698269,-1.747976845165129
99.0,1.0,305.80438232421875,-4.818059098207489,-3.8697315391296376,-1.769175599488348,2.931845451417633,-4.006265063577766,1.339229236475565,1.1476791283215109,-0.6857710005927342,0.967600561989395,-2.391244384030745
99.0,1.0,297.6113586425781,-2.2339051850374894,-2.18451626773866,4.8645713436574605,4.402366558309522,-2.6289671124273863,-3.5774995686826294,-4.697708484862618,-2.683869160776312,3.9840978339068736,1.2240320340515796
99.0,1.0,299.1956787109375,4.894637088403802,0.4352841874795605,3.656252110654205,3.578837406928538,-4.342898096075557,-4.688286950021634,4.329907589429214,-0.5978578774307621,4.384678795635358,4.550130635014517
99.0,1.0,277.4544677734375,-1.045859165883833,-4.355393822026793,-2.028652571550702,3.110377294903889,0.5109560098680532,2.906192662130436,4.018144493601684,-1.000707347393658,0.2977424809330991,-3.094799215752795
99.0,1.0,329.54705810546875,2.835402588452446,-2.3012433632833145,-3.277692492941643,-3.0685495640215104,0.6955886390912678,-3.735869682432149,2.0051435164738463,2.519386759093188,-4.813077011903802,-3.865585535368248
99.0,1.0,345.34869384765625,-2.0820087516223578,0.5087205414617451,-1.432032021562215,-2.8997689234263926,-1.6026665160434654,-1.2919563052588905,2.3278196149612693,2.373194192088261,1.4982643394685322,0.8104070814553888
99.0,1.0,253.9724884033203,-3.051448021329998,-2.428336042171701,-0.1476876695513596,0.4070864999352661,4.946334892611739,1.8860996379658568,0.40757472409868,-3.9046095699707295,-0.1957709810972043,-4.87745749876738
99.0,1.0,275.8458251953125,-0.6511508194445632,0.7064498041675691,0.2246641728909075,-1.8356359716782933,-0.7897199753515114,1.409179625661534,3.566043330725151,-3.45471702323684,-1.4369822453446517,-4.465427253986533
99.0,1.0,316.9753112792969,-3.437355349841636,-2.972140681102608,0.3615724692707358,-4.503340427703288,-1.0968612315440889,-0.8161589006149899,3.835596666926401,-1.2515007847156907,4.025159015921554,3.0398483924291577
99.0,1.0,230.7304077148437,3.20841330291287,3.142196370699944,3.9373916960197146,-0.1855172595539658,3.480457789332638,-3.5203688603497505,4.605648319932952,4.814078181730324,4.7863248048210885,-4.626974063819836
99.0,1.0,305.93951416015625,3.5266014574485283,-0.4228218879551857,-1.6344632821339489,-2.075688521348089,-0.0973672200430764,-4.837446992431951,-2.054230010701536,-2.5351352590455067,-2.5629614695180982,-2.848478271346399
99.0,1.0,286.7828674316406,0.6783966192890194,1.1600663661282755,-0.982594476452198,0.7374696500349449,2.525942310850616,2.0445442770475912,0.979873341373498,0.8268305023816986,3.608984336997745,-2.110320332677268
99.0,1.0,367.8476257324219,-3.493623018700311,2.5721018191130964,0.4470615285561541,0.8705582437295734,-4.968846061660428,-0.7516974125143685,-2.981998707019922,1.1810119330193896,3.3199528651971733,2.308131991581868
99.0,1.0,280.0384521484375,1.7852813886717789,-1.2906380693136006,3.084223298790423,-0.9956348543587472,4.119517165849276,-0.4210070594923722,2.798216568112701,0.5047211915423699,-0.287857034717039,-2.703142458890212
99.0,1.0,319.7449035644531,-2.475216693436966,4.778589724516163,-1.873508729404752,1.5911055118768704,-4.752740644049537,-4.29543974421715,-2.4883629257536843,-0.4556383911707531,-0.6097210600763558,-3.415780994635975
99.0,1.0,254.3225860595703,-3.815098106188192,-0.9005871314156799,-3.006745023450654,-0.3968291182546881,4.045557801082538,4.911974760925364,2.435690950086686,-2.618834920687136,2.545763973105153,-4.8111006926927615
99.0,1.0,294.7506103515625,1.8162761808504169,3.084774936200165,1.2303966921628888,-1.7701096653890418,-1.0116015138368053,-2.38083845548213,3.3608692437277217,-3.988943070340644,-1.5533771836232404,-1.0182662197454535
99.0,1.0,319.43780517578125,1.1336717886898398,3.068894839177174,-4.527791339936034,-4.58426586361991,2.2619112874623086,-4.894716269437598,2.384438510698822,-0.4435471886040902,-3.897887540640229,-2.7621546159573613
99.0,1.0,346.7966003417969,-4.931885390019888,-2.521343901407485,-2.446948396048023,4.7673003304369,-2.027325288919691,3.1489540760394625,-1.3825349773621936,1.5256250102172275,-0.9729736839689416,-2.297544202658879
99.0,1.0,387.23828125,2.5791860025134614,-2.553340196447583,0.5227765229962182,4.891909446326844,-3.907702295102204,2.380948872750722,0.078482667695817,-1.6030541527638036,-3.785719645357363,3.152802129770329
99.0,1.0,324.7033996582031,-4.111686390631612,-2.181718475028039,1.8944489377949587,2.365483746190254,-0.2252926146955474,1.3175942413701178,2.515539968432113,4.648355583588927,3.490899129850303,0.2911207957040123
99.0,1.0,283.7503967285156,-4.542067617314912,-4.781057660422966,0.1195717264256783,-0.7982907743249665,3.024862573151242,-2.5206209968851083,-4.510751749549647,-4.986124715597963,-2.060844270009061,-3.989533917204419
99.0,1.0,279.013427734375,-4.307001351010477,-3.940354342819956,1.2240886923472152,0.5676960530751032,3.858946830365799,-2.9214603327032367,-1.5387983129950396,-4.158343690138986,1.86052575608449,0.2257691494983706
99.0,1.0,329.929931640625,-1.395412954281881,1.2189758836662907,-0.79169608783147,0.0323113176110831,4.979244097163436,-0.1910105097912664,-0.4458474793569245,1.2165865962580042,-1.94596205634755,-1.841026348575116
99.0,1.0,384.6061401367188,0.0029686105700719,2.235306362657706,-0.4354833575040606,4.898352943015404,-2.471088365890279,-4.431082086247866,-1.7928831513570516,0.4571729160096183,-1.205763560526119,4.596777865823281
99.0,1.0,284.2890319824219,-0.9572845798569158,-3.649323228822172,2.609311193391756,1.0694693363913252,1.977079846928385,-3.2867748507363137,-3.971143323708594,-2.3400711259353497,-2.0324377724047644,-4.235667743796736
99.0,1.0,289.8269348144531,4.743463545269945,-3.037646775718649,-4.762982745743011,3.927572720346472,4.480284254180127,-4.240212846567852,1.5838790256927018,0.7575761924078819,-4.510366607031627,-3.962787954786397
99.0,1.0,334.767578125,0.5358744201016812,-3.4610352975162115,3.6369826314817217,4.136412646446132,1.6618740944758716,-2.897339084287575,4.611512803935182,3.509728369420964,-4.773087237234745,-0.1034352403967129
99.0,1.0,291.1873779296875,-1.4162109095782298,-4.4603602594474845,0.222940783397346,4.315156695283855,-2.5238229829105303,2.377460538654084,2.378620336286186,1.8205797505569628,4.344600807050984,-1.0832471473636085
99.0,1.0,351.44366455078125,-4.110772843638674,-2.163535026531319,-2.8542542275746783,0.663247914838367,-0.8451305910168303,3.271227230901985,-4.915724689172135,-4.288552225547799,-1.6787059702237888,-1.1649374717514194
99.0,1.0,274.2438049316406,-1.907412983478434,-1.702965538167521,3.159291742547412,0.2029664152629449,1.3094794730470465,4.592793583834162,-2.2511382777449835,-4.682516402021046,1.6994559469501835,-3.606975822568384
99.0,1.0,338.0076599121094,-4.540961679634602,2.545237312253569,-2.059482956826907,-0.143827035006395,-1.1720501021613967,-1.987104590855747,-4.848202096264137,0.9942655811674246,-0.7606176366343078,-3.827026197894414
99.0,1.0,342.5146179199219,1.4489163136119352,-4.807549932013297,-4.770457359275623,-1.2655330314668365,4.512829044500544,3.8130384573432217,1.769509887827735,-1.8609013562280108,-1.01583488394184,1.5615021987973527
99.0,1.0,365.30322265625,-3.641323438295201,0.9125171661067232,-3.1611905390224244,-2.370483998721149,-2.530429744048333,2.670910819158459,-3.2577883206879306,-4.991028969633898,0.2839412296454953,1.6229482330067118
99.0,2.0,341.8888854980469,-2.7529195313115173,3.948908311327005,-4.056125181339942,-1.5390005570303569,1.100711923896739,0.3057668344383346,0.297049607611072,-4.461562262881852,-4.773763787038596,-1.714972145196505
99.0,2.0,312.6205139160156,3.842152115776152,0.908782625280912,4.293608733825732,-4.418378982193923,3.3065382784125514,-3.141154281749203,4.359637337020242,2.8775837623210787,-0.0513858298682041,0.1777152098971379
99.0,2.0,353.3759155273437,0.2951580077884996,0.0064296611411718,0.038836717785224,0.6733203041244868,2.0084162482558123,-4.9842553396658005,1.776828716043443,4.060528977148376,-4.270560565542449,-0.4712464923097226
99.0,2.0,312.16998291015625,0.8560869714495478,1.301233806160636,-4.737088869040835,-3.968258489551755,-3.382351659528825,2.999018300668832,0.2288048952258554,-4.991811647742736,1.3658865031458376,-1.7963981405711509
99.0,2.0,319.285400390625,3.733434741701293,-3.536218104308138,4.677840726528421,1.9777474462440685,0.1182233852441179,2.494251588259906,2.894975599536971,3.938924310408898,0.7204311513900628,-0.7814090397560873
99.0,2.0,299.66131591796875,3.2557431301671107,0.0011418697117209,1.5238424546849003,2.327682663276499,-4.307987560962268,-3.309678535377513,-1.5398063283873502,-3.940121040067431,0.6207464199976114,-0.2572372833425849
99.0,2.0,327.607177734375,-3.0464723809922365,0.2763653333505722,-1.01498706542084,-3.770926200036745,-4.203775707624259,-1.661955065217304,-0.7595048715905657,-1.5638912753378036,-2.869878449451188,-4.19398288512601
99.0,2.0,239.69119262695312,-2.1844927939216143,-3.7360773943088232,3.0125534712335584,1.6938117069273129,4.993504157173919,2.847041020303709,0.9108997455701536,-3.7503532861643047,0.5119863775551398,-4.888695900145581
99.0,2.0,304.77984619140625,2.364407258539554,0.1411758544940049,-4.485025141180462,-3.428729151607582,-1.1619907660169049,3.4488332901411827,-0.0041106630633276,-3.701467036527535,1.1057775989864602,-2.703338558518136
99.0,2.0,326.6632080078125,1.194803436966017,-4.940472045111283,-4.457187218927928,-1.061091722840104,2.609981600681158,-0.3211493186122158,4.782653500486708,3.617025313494299,-4.917921889945,-3.8859063493324046
99.0,2.0,337.60015869140625,1.295873411953799,3.666822314805605,-2.506426467003865,4.927455290179734,-1.862856946988494,-4.443448891790262,-0.1773773417978108,3.211846368210991,-0.2509993655023381,-0.4872117431645595
99.0,2.0,241.19140625,4.980786362331713,4.762615795512193,4.564335484734388,-0.9179364230562496,0.5812614867821826,-3.223929708883736,3.661595267059168,1.5117933168004845,4.867074140309158,-2.9753924434687624
99.0,2.0,269.0623779296875,3.624596100509829,0.8732065215783189,3.448172335899292,-2.312684974265076,1.2725242490594306,-3.859649148597219,4.439691566332881,0.1064859918356226,-1.5605669506443178,-3.6605095818492046
99.0,2.0,252.61868286132807,-0.5338998032153341,2.387683986821781,3.287448356968921,-0.5986070861046118,4.98897009091398,-2.3720156288686707,4.825010178135054,4.917778136357955,2.6235069530544024,-4.540226980901446
99.0,2.0,308.2247314453125,-4.860199958759223,1.8870416409125417,-3.20545901806919,-1.1238590324610005,-0.3212046211745647,-2.5079644089933257,-4.31360386595129,1.4529071572529593,1.6160424670390712,-4.917242899783314
99.0,2.0,296.09405517578125,-4.9846196012850665,-2.8038710633112824,-1.149796791294536,3.820427023557122,-4.320979647400138,1.058885785114014,-0.1203964855099879,-0.7035583322120416,3.600558022761757,-1.747976845165129
99.0,2.0,305.80438232421875,-4.818059098207489,-3.8697315391296376,-1.769175599488348,2.931845451417633,-4.006265063577766,1.339229236475565,1.1476791283215109,-0.6857710005927342,0.967600561989395,-2.391244384030745
99.0,2.0,253.2303009033203,-4.904280086881065,-3.3617038888741653,-0.7044465896475836,0.9183900703866196,4.185069336988888,1.9272476174122184,0.1823704068435261,-3.26116376022235,0.9624530386073924,-4.819237173999452
99.0,2.0,299.1956787109375,4.894637088403802,0.4352841874795605,3.656252110654205,3.578837406928538,-4.342898096075557,-4.688286950021634,4.329907589429214,-0.5978578774307621,4.384678795635358,4.550130635014517
99.0,2.0,277.4544677734375,-1.045859165883833,-4.355393822026793,-2.028652571550702,3.110377294903889,0.5109560098680532,2.906192662130436,4.018144493601684,-1.000707347393658,0.2977424809330991,-3.094799215752795
99.0,2.0,329.54705810546875,2.835402588452446,-2.3012433632833145,-3.277692492941643,-3.0685495640215104,0.6955886390912678,-3.735869682432149,2.0051435164738463,2.519386759093188,-4.813077011903802,-3.865585535368248
99.0,2.0,331.9242248535156,4.994610027442216,-1.4367641024635485,1.1624286513372457,4.938546814351754,-1.707895981309738,-4.894195449247518,3.3388254369129897,1.5082887303915986,1.4982643394685322,4.801450284614585
99.0,2.0,235.7004547119141,0.3456055138609983,-4.759603934601087,-0.3765491789175981,0.8281359631021079,4.946334892611739,2.1742780855620416,2.247946906613944,0.3244256630294002,3.666001852554994,-4.805875215948449
99.0,2.0,275.8458251953125,-0.6511508194445632,0.7064498041675691,0.2246641728909075,-1.8356359716782933,-0.7897199753515114,1.409179625661534,3.566043330725151,-3.45471702323684,-1.4369822453446517,-4.465427253986533
99.0,2.0,233.9600524902344,1.1091955563296405,-2.501463675636436,1.901089984204038,-2.941602420363848,4.550538474118018,0.0480873484546189,3.718804769865132,-1.6276936494449346,4.025159015921554,-2.8423996860130107
99.0,2.0,230.7304077148437,3.20841330291287,3.142196370699944,3.9373916960197146,-0.1855172595539658,3.480457789332638,-3.5203688603497505,4.605648319932952,4.814078181730324,4.7863248048210885,-4.626974063819836
99.0,2.0,305.93951416015625,3.5266014574485283,-0.4228218879551857,-1.6344632821339489,-2.075688521348089,-0.0973672200430764,-4.837446992431951,-2.054230010701536,-2.5351352590455067,-2.5629614695180982,-2.848478271346399
99.0,2.0,286.7828674316406,0.6783966192890194,1.1600663661282755,-0.982594476452198,0.7374696500349449,2.525942310850616,2.0445442770475912,0.979873341373498,0.8268305023816986,3.608984336997745,-2.110320332677268
99.0,2.0,305.57183837890625,-4.521494398445975,-4.1245644263580346,0.4470615285561541,-0.5296263793759115,1.1795429136274784,3.5942436870789045,-4.635275574848206,-0.1092540098053165,3.3199528651971733,-3.303900634353622
99.0,2.0,280.0384521484375,1.7852813886717789,-1.2906380693136006,3.084223298790423,-0.9956348543587472,4.119517165849276,-0.4210070594923722,2.798216568112701,0.5047211915423699,-0.287857034717039,-2.703142458890212
99.0,2.0,284.7847900390625,-3.795930516917643,-3.9895185705841554,-1.873508729404752,-0.464732382456801,2.124279287821053,0.3405315289874213,-4.115001197759057,-2.1020679060595606,1.3757244969190363,-4.337596790726676
99.0,2.0,254.3225860595703,-3.815098106188192,-0.9005871314156799,-3.006745023450654,-0.3968291182546881,4.045557801082538,4.911974760925364,2.435690950086686,-2.618834920687136,2.545763973105153,-4.8111006926927615
99.0,2.0,294.7506103515625,1.8162761808504169,3.084774936200165,1.2303966921628888,-1.7701096653890418,-1.0116015138368053,-2.38083845548213,3.3608692437277217,-3.988943070340644,-1.5533771836232404,-1.0182662197454535
99.0,2.0,308.4847106933594,-2.4608356495143564,2.0477362194155733,-4.5208407848558245,-3.488521094807988,-0.1058964142335303,-1.6682111812355032,-0.3239631709216359,-2.7654323363484514,-0.8970802144497045,-3.2079782626711446
99.0,2.0,313.4056396484375,4.996012469677239,2.422791471122269,-2.446948396048023,2.8479184331099328,2.1875421577137963,-3.418021081115203,-1.7272093920816007,2.4621579651576715,0.4666984129946231,-1.7698030931419697
99.0,2.0,295.3625183105469,-0.7526546730793124,-2.553340196447583,-0.6437694319802865,-0.2626535278313215,4.318218929555464,2.9904547889445907,4.880834293190847,2.408145053800597,-0.0383236439998087,-2.8773229691329334
99.0,2.0,317.505615234375,0.9172025705421842,-2.181718475028039,4.9232816835069615,4.603449304658403,-2.681073039096391,1.3175942413701178,-4.868750122247177,-3.8719840431411257,4.9552450707427935,3.192404834943292
99.0,2.0,283.7503967285156,-4.542067617314912,-4.781057660422966,0.1195717264256783,-0.7982907743249665,3.024862573151242,-2.5206209968851083,-4.510751749549647,-4.986124715597963,-2.060844270009061,-3.989533917204419
99.0,2.0,266.603515625,4.985554142264166,1.436134285061165,3.063301654917693,1.0782407200181685,-4.280282253129609,-2.9214603327032367,2.701077681561292,-3.523203438911952,0.7416082824371799,-1.9074821744601416
99.0,2.0,265.38458251953125,1.7652564185731876,3.5505300479381137,-1.3873498854500403,-4.514154941063164,4.991373437693643,1.1411508005432354,4.893135127588751,1.2165865962580042,1.1843468355941955,-4.933052028522519
99.0,2.0,361.0399169921875,2.561885105048737,2.8110654827579333,-0.0158865286835689,-1.827132277686,-2.3400408827066497,-1.44319099334914,1.9764374053467475,4.27594062715658,0.6193562056173985,0.8787821245571099
99.0,2.0,273.749755859375,2.302512386335174,-2.138284131184428,2.609311193391756,4.18631040169467,2.529526424686953,-2.4022525083517627,-1.9409969859684413,-1.1965885689043072,-1.582613902347001,-4.046339193978982
99.0,2.0,261.47491455078125,-3.00288716353822,-4.912004157828662,1.3324994356713369,1.876182761833824,1.359214282031867,-3.674345244154861,1.5838790256927018,-3.2905821191430222,0.9081837196202384,-1.2053354898244335
99.0,2.0,334.767578125,0.5358744201016812,-3.4610352975162115,3.6369826314817217,4.136412646446132,1.6618740944758716,-2.897339084287575,4.611512803935182,3.509728369420964,-4.773087237234745,-0.1034352403967129
99.0,2.0,291.1873779296875,-1.4162109095782298,-4.4603602594474845,0.222940783397346,4.315156695283855,-2.5238229829105303,2.377460538654084,2.378620336286186,1.8205797505569628,4.344600807050984,-1.0832471473636085
99.0,2.0,319.482177734375,-4.717159712089688,3.16533905408267,-2.8542542275746783,0.663247914838367,-3.715517110563807,-3.520103673369332,-3.4468195822572127,-0.3581063246156746,-0.3444592115196889,-4.109375730861143
99.0,2.0,274.2438049316406,-1.907412983478434,-1.702965538167521,3.159291742547412,0.2029664152629449,1.3094794730470465,4.592793583834162,-2.2511382777449835,-4.682516402021046,1.6994559469501835,-3.606975822568384
99.0,2.0,309.8658447265625,4.552209816060134,-4.849133832800767,-2.059482956826907,-0.143827035006395,-1.1720501021613967,3.7419736962464576,2.521960559234782,0.6842958405004298,-1.5329358555060089,-3.827026197894414
99.0,2.0,313.40087890625,-0.6683203314749151,-2.9746072190967494,3.878304428497757,-1.2655330314668365,2.450305612126676,4.524972412818804,-1.9033983905466672,-4.226110748430861,1.401434696725302,0.3993036076612446
99.0,2.0,247.010971069336,-2.8262716443446134,0.9125171661067232,-1.6427821399908205,3.970016492281601,2.135786626318992,-4.011653113557308,0.7216588356930924,0.9863008072438276,3.8579267515201217,-3.774484464033572
99.0,3.0,242.457260131836,-4.908610716391474,3.948908311327005,1.6006493746589063,-1.7722315081167184,4.516882158459187,0.3057668344383346,0.297049607611072,-4.26879284011723,3.8230834043694126,-3.4891121512275447
99.0,3.0,295.901611328125,-0.7339111577212898,1.3994428345585348,-1.8645894469319728,-4.418378982193923,4.521218566922335,3.682143948279613,2.2886792636245947,0.4215643229417383,1.98108977510144,-3.07181394452231
99.0,3.0,330.0842590332031,-4.862045721825056,-3.267534213728408,1.965694745592395,0.6733203041244868,-2.814503785331386,2.923324405933528,-0.7881977491367662,-4.369460300422036,-4.270560565542449,-2.892639159437333
99.0,3.0,281.0883178710937,-0.376370097442535,-4.99281481474076,4.578117865199537,3.612765127637706,4.047909884551706,-3.362962949613982,3.933461608164011,-1.356664772124703,-1.30613029323729,0.7976347554077816
99.0,3.0,319.285400390625,3.733434741701293,-3.536218104308138,4.677840726528421,1.9777474462440685,0.1182233852441179,2.494251588259906,2.894975599536971,3.938924310408898,0.7204311513900628,-0.7814090397560873
99.0,3.0,270.00689697265625,3.660345721525845,-4.862891574896771,-1.4556645409295603,3.600393293631192,0.0855332693746372,3.57197466696901,4.80910228641719,-3.940121040067431,-1.276746680339441,-2.5496908648083445
99.0,3.0,276.4677734375,-3.486869773070447,-4.057191329681618,-1.814869400926689,-2.580651107241946,-0.4056605935088802,4.672006738558892,-4.66626611662538,-3.990252016643272,4.65670373937752,-4.419946667457829
99.0,3.0,239.69119262695312,-2.1844927939216143,-3.7360773943088232,3.0125534712335584,1.6938117069273129,4.993504157173919,2.847041020303709,0.9108997455701536,-3.7503532861643047,0.5119863775551398,-4.888695900145581
99.0,3.0,247.14439392089844,1.7373266383465755,-1.2967560044688908,0.433776199375786,-3.960903613834467,3.500938749918739,-1.543719630631695,3.959487168240233,-1.0137939600528312,2.4569399197741366,-3.2716254017220856
99.0,3.0,299.4237060546875,-0.4257700038411358,-4.940472045111283,-4.574280148817692,-1.3700662402033443,-1.6348985843224575,4.852818392322253,-1.2328327518143605,-4.485605179605478,1.7864861677419388,-2.642362890603257
99.0,3.0,307.1708984375,2.142346892918388,-0.2088082456640272,-4.420507183586417,4.927455290179734,-2.4248051743372043,-1.4081132677989254,-4.159673346255049,-4.200229874961931,-0.2509993655023381,-1.9164225507073724
99.0,3.0,241.19140625,4.980786362331713,4.762615795512193,4.564335484734388,-0.9179364230562496,0.5812614867821826,-3.223929708883736,3.661595267059168,1.5117933168004845,4.867074140309158,-2.9753924434687624
99.0,3.0,269.0623779296875,3.624596100509829,0.8732065215783189,3.448172335899292,-2.312684974265076,1.2725242490594306,-3.859649148597219,4.439691566332881,0.1064859918356226,-1.5605669506443178,-3.6605095818492046
99.0,3.0,252.61868286132807,-0.5338998032153341,2.387683986821781,3.287448356968921,-0.5986070861046118,4.98897009091398,-2.3720156288686707,4.825010178135054,4.917778136357955,2.6235069530544024,-4.540226980901446
99.0,3.0,301.27056884765625,3.74772823444734,1.8870416409125417,3.4706432939339287,1.8247010708258264,-0.3212046211745647,-4.523550289291308,1.509738007038508,-2.5838760419999627,2.968901392909668,3.8918006770179785
99.0,3.0,296.09405517578125,-4.9846196012850665,-2.8038710633112824,-1.149796791294536,3.820427023557122,-4.320979647400138,1.058885785114014,-0.1203964855099879,-0.7035583322120416,3.600558022761757,-1.747976845165129
99.0,3.0,305.80438232421875,-4.818059098207489,-3.8697315391296376,-1.769175599488348,2.931845451417633,-4.006265063577766,1.339229236475565,1.1476791283215109,-0.6857710005927342,0.967600561989395,-2.391244384030745
99.0,3.0,253.2303009033203,-4.904280086881065,-3.3617038888741653,-0.7044465896475836,0.9183900703866196,4.185069336988888,1.9272476174122184,0.1823704068435261,-3.26116376022235,0.9624530386073924,-4.819237173999452
99.0,3.0,269.7510986328125,4.894637088403802,0.4352841874795605,2.603779679135363,3.951235733598612,-1.7359766075905438,-2.421659222592736,4.329907589429214,-3.811181709771387,4.384678795635358,3.3474861086664744
99.0,3.0,277.4544677734375,-1.045859165883833,-4.355393822026793,-2.028652571550702,3.110377294903889,0.5109560098680532,2.906192662130436,4.018144493601684,-1.000707347393658,0.2977424809330991,-3.094799215752795
99.0,3.0,234.50477600097656,0.0358692477590976,2.363696708544528,2.680461362451749,-0.997861747872024,4.813937281841431,-0.7995757338260079,2.4022416297002835,1.642813156145285,4.977496518394264,-4.4312699432384175
99.0,3.0,331.9242248535156,4.994610027442216,-1.4367641024635485,1.1624286513372457,4.938546814351754,-1.707895981309738,-4.894195449247518,3.3388254369129897,1.5082887303915986,1.4982643394685322,4.801450284614585
99.0,3.0,235.7004547119141,0.3456055138609983,-4.759603934601087,-0.3765491789175981,0.8281359631021079,4.946334892611739,2.1742780855620416,2.247946906613944,0.3244256630294002,3.666001852554994,-4.805875215948449
99.0,3.0,275.8458251953125,-0.6511508194445632,0.7064498041675691,0.2246641728909075,-1.8356359716782933,-0.7897199753515114,1.409179625661534,3.566043330725151,-3.45471702323684,-1.4369822453446517,-4.465427253986533
99.0,3.0,233.9600524902344,1.1091955563296405,-2.501463675636436,1.901089984204038,-2.941602420363848,4.550538474118018,0.0480873484546189,3.718804769865132,-1.6276936494449346,4.025159015921554,-2.8423996860130107
99.0,3.0,230.7304077148437,3.20841330291287,3.142196370699944,3.9373916960197146,-0.1855172595539658,3.480457789332638,-3.5203688603497505,4.605648319932952,4.814078181730324,4.7863248048210885,-4.626974063819836
99.0,3.0,305.93951416015625,3.5266014574485283,-0.4228218879551857,-1.6344632821339489,-2.075688521348089,-0.0973672200430764,-4.837446992431951,-2.054230010701536,-2.5351352590455067,-2.5629614695180982,-2.848478271346399
99.0,3.0,278.30194091796875,-4.996057480229722,-2.8244678383228985,-0.8333379224949791,1.124333187238855,-2.3274115299953646,3.450875995502856,-2.089208413490611,-3.3605154693473174,3.608984336997745,-3.673169368946187
99.0,3.0,290.232177734375,-3.5419526817356792,-3.532895266088767,2.975205386838991,-3.8661332025583737,2.4812252973023603,4.798274929691132,-1.1323939624077386,-3.776182586726361,0.6331407049911315,-3.4400830192125147
99.0,3.0,274.9400634765625,1.7914480956902512,-2.078390615457169,2.6614777583499576,4.823851419730997,-0.5357457510124566,-1.902903654607691,0.6903431770718425,-0.488440116170894,-0.287857034717039,-3.0731629906310163
99.0,3.0,284.7847900390625,-3.795930516917643,-3.9895185705841554,-1.873508729404752,-0.464732382456801,2.124279287821053,0.3405315289874213,-4.115001197759057,-2.1020679060595606,1.3757244969190363,-4.337596790726676
99.0,3.0,254.3225860595703,-3.815098106188192,-0.9005871314156799,-3.006745023450654,-0.3968291182546881,4.045557801082538,4.911974760925364,2.435690950086686,-2.618834920687136,2.545763973105153,-4.8111006926927615
99.0,3.0,294.7506103515625,1.8162761808504169,3.084774936200165,1.2303966921628888,-1.7701096653890418,-1.0116015138368053,-2.38083845548213,3.3608692437277217,-3.988943070340644,-1.5533771836232404,-1.0182662197454535
99.0,3.0,299.64813232421875,-4.957991029549947,2.626492321682976,-3.708539206497595,0.7860269155836552,0.5200112850761494,-2.12339508255306,-4.080917445393884,2.4730043442713976,2.9534888585003745,-4.924758959928967
99.0,3.0,228.25897216796875,4.996012469677239,-3.08587238090769,-1.5917307682365966,2.8479184331099328,3.321194524253328,-4.658406507893673,-0.1668362733244175,1.3354812828426388,4.859795837568008,-3.868019099073062
99.0,3.0,277.0206604003906,1.0866667968365076,0.59103510633319,-1.0131928771625205,-0.0156341345383932,-1.124013427231224,1.0651541131872997,4.610790846978716,-3.9004436920310095,-2.9480874374766888,-4.36087654468612
99.0,3.0,304.52569580078125,-0.1601770102633959,-4.034391801608868,3.031677075557808,-0.4769622556820836,4.699744772517869,-2.3859073707656933,-4.868750122247177,-0.2609826546381919,-0.5997880470492436,-2.465195790499155
99.0,3.0,283.7503967285156,-4.542067617314912,-4.781057660422966,0.1195717264256783,-0.7982907743249665,3.024862573151242,-2.5206209968851083,-4.510751749549647,-4.986124715597963,-2.060844270009061,-3.989533917204419
99.0,3.0,266.603515625,4.985554142264166,1.436134285061165,3.063301654917693,1.0782407200181685,-4.280282253129609,-2.9214603327032367,2.701077681561292,-3.523203438911952,0.7416082824371799,-1.9074821744601416
99.0,3.0,265.38458251953125,1.7652564185731876,3.5505300479381137,-1.3873498854500403,-4.514154941063164,4.991373437693643,1.1411508005432354,4.893135127588751,1.2165865962580042,1.1843468355941955,-4.933052028522519
99.0,3.0,334.8005065917969,3.0259464998860315,-0.334653083586955,3.43174661987586,-1.3217017486118705,-0.1902028268066738,0.2070496665769363,0.7239217672753111,3.0565618159315022,0.1230198036986609,-0.8379985632152622
99.0,3.0,273.749755859375,2.302512386335174,-2.138284131184428,2.609311193391756,4.18631040169467,2.529526424686953,-2.4022525083517627,-1.9409969859684413,-1.1965885689043072,-1.582613902347001,-4.046339193978982
99.0,3.0,261.47491455078125,-3.00288716353822,-4.912004157828662,1.3324994356713369,1.876182761833824,1.359214282031867,-3.674345244154861,1.5838790256927018,-3.2905821191430222,0.9081837196202384,-1.2053354898244335
99.0,3.0,206.8313140869141,-2.7811512089243813,-3.917667166534828,2.6584428666396995,-1.8701447041019457,1.6618740944758716,-2.897339084287575,3.740800623486941,-3.9659058264346174,3.315872836689417,-4.286726146162596
99.0,3.0,291.1873779296875,-1.4162109095782298,-4.4603602594474845,0.222940783397346,4.315156695283855,-2.5238229829105303,2.377460538654084,2.378620336286186,1.8205797505569628,4.344600807050984,-1.0832471473636085
99.0,3.0,270.6191711425781,4.746708336497076,3.2048142720710944,1.4863025189959331,1.2532083285343838,-4.415850774732332,-4.951609727113501,0.4836867175991313,-4.714459100730017,0.6917659167409542,-1.6453962962533906
99.0,3.0,274.2438049316406,-1.907412983478434,-1.702965538167521,3.159291742547412,0.2029664152629449,1.3094794730470465,4.592793583834162,-2.2511382777449835,-4.682516402021046,1.6994559469501835,-3.606975822568384
99.0,3.0,309.8658447265625,4.552209816060134,-4.849133832800767,-2.059482956826907,-0.143827035006395,-1.1720501021613967,3.7419736962464576,2.521960559234782,0.6842958405004298,-1.5329358555060089,-3.827026197894414
99.0,3.0,300.46356201171875,1.441925889708973,-2.9746072190967494,-2.9416259572532097,-4.638992238134401,3.777300409018788,-4.820507290064355,3.190730800650831,2.7855321369719754,-3.4544356663537,-4.4185984506823
99.0,3.0,247.010971069336,-2.8262716443446134,0.9125171661067232,-1.6427821399908205,3.970016492281601,2.135786626318992,-4.011653113557308,0.7216588356930924,0.9863008072438276,3.8579267515201217,-3.774484464033572
99.0,4.0,242.457260131836,-4.908610716391474,3.948908311327005,1.6006493746589063,-1.7722315081167184,4.516882158459187,0.3057668344383346,0.297049607611072,-4.26879284011723,3.8230834043694126,-3.4891121512275447
99.0,4.0,263.3382568359375,-0.7339111577212898,4.37442855498414,4.134486340728091,-2.778550167679956,3.176296174377073,-3.751252363109871,1.569461067781342,4.046864225904399,3.3559728295954896,-4.503813591616638
99.0,4.0,301.08026123046875,-4.9646360286145255,-0.4713767881481496,-4.69611011290237,0.6609745371256249,2.98264631701057,0.4244741265795793,-4.307482832867558,4.396818895242074,4.415685643559282,-4.930530281881519
99.0,4.0,281.0883178710937,-0.376370097442535,-4.99281481474076,4.578117865199537,3.612765127637706,4.047909884551706,-3.362962949613982,3.933461608164011,-1.356664772124703,-1.30613029323729,0.7976347554077816
99.0,4.0,263.631103515625,-4.948630212044377,-4.029639548321786,-3.509708940940592,-1.2556423555400302,4.205837379955032,3.179964970333096,2.894975599536971,-2.6649903656802247,0.04299562734229,-4.888295967210772
99.0,4.0,270.00689697265625,3.660345721525845,-4.862891574896771,-1.4556645409295603,3.600393293631192,0.0855332693746372,3.57197466696901,4.80910228641719,-3.940121040067431,-1.276746680339441,-2.5496908648083445
99.0,4.0,276.4677734375,-3.486869773070447,-4.057191329681618,-1.814869400926689,-2.580651107241946,-0.4056605935088802,4.672006738558892,-4.66626611662538,-3.990252016643272,4.65670373937752,-4.419946667457829
99.0,4.0,239.69119262695312,-2.1844927939216143,-3.7360773943088232,3.0125534712335584,1.6938117069273129,4.993504157173919,2.847041020303709,0.9108997455701536,-3.7503532861643047,0.5119863775551398,-4.888695900145581
99.0,4.0,247.14439392089844,1.7373266383465755,-1.2967560044688908,0.433776199375786,-3.960903613834467,3.500938749918739,-1.543719630631695,3.959487168240233,-1.0137939600528312,2.4569399197741366,-3.2716254017220856
99.0,4.0,299.4237060546875,-0.4257700038411358,-4.940472045111283,-4.574280148817692,-1.3700662402033443,-1.6348985843224575,4.852818392322253,-1.2328327518143605,-4.485605179605478,1.7864861677419388,-2.642362890603257
99.0,4.0,269.4764709472656,-2.923085947191809,-0.6837536698805846,3.470455051764702,-1.035063637933224,0.1030070733620456,4.532244248101085,-4.493307518795915,-4.3927136166609895,4.142321455618776,-4.168715074637305
99.0,4.0,241.19140625,4.980786362331713,4.762615795512193,4.564335484734388,-0.9179364230562496,0.5812614867821826,-3.223929708883736,3.661595267059168,1.5117933168004845,4.867074140309158,-2.9753924434687624
99.0,4.0,269.0623779296875,3.624596100509829,0.8732065215783189,3.448172335899292,-2.312684974265076,1.2725242490594306,-3.859649148597219,4.439691566332881,0.1064859918356226,-1.5605669506443178,-3.6605095818492046
99.0,4.0,252.61868286132807,-0.5338998032153341,2.387683986821781,3.287448356968921,-0.5986070861046118,4.98897009091398,-2.3720156288686707,4.825010178135054,4.917778136357955,2.6235069530544024,-4.540226980901446
99.0,4.0,263.82586669921875,-0.635888028710043,4.598487089635233,3.4706432939339287,-4.678828728288893,4.578314821584116,4.475309766749456,3.3114206768984022,1.3734622283334768,4.7697320578231945,-4.054851020891941
99.0,4.0,274.3155822753906,2.5144150796694724,-2.1766805298483565,3.6142183902901968,-0.9668482468654076,1.3623076867256745,-2.0363407715323607,3.694020624267816,-2.590097229319172,-4.1368756257288375,-3.8892225603027866
99.0,4.0,248.89669799804688,-3.1810807115347544,-2.317973925797782,1.4990444220989492,-2.984651191345526,4.993505034810108,3.005510608279325,1.1476791283215109,-4.293715489889235,0.7533990953715938,-4.9457641858370005
99.0,4.0,253.2303009033203,-4.904280086881065,-3.3617038888741653,-0.7044465896475836,0.9183900703866196,4.185069336988888,1.9272476174122184,0.1823704068435261,-3.26116376022235,0.9624530386073924,-4.819237173999452
99.0,4.0,180.0574951171875,-2.5592498821158287,-3.0360364405882887,2.8923189609348547,3.951235733598612,3.908496407683234,-4.743947742243317,2.3964022072073408,-3.640313105263514,4.589082509089119,-4.30722259675192
99.0,4.0,277.4544677734375,-1.045859165883833,-4.355393822026793,-2.028652571550702,3.110377294903889,0.5109560098680532,2.906192662130436,4.018144493601684,-1.000707347393658,0.2977424809330991,-3.094799215752795
99.0,4.0,234.50477600097656,0.0358692477590976,2.363696708544528,2.680461362451749,-0.997861747872024,4.813937281841431,-0.7995757338260079,2.4022416297002835,1.642813156145285,4.977496518394264,-4.4312699432384175
99.0,4.0,282.39654541015625,4.403834436365461,4.068288343998091,1.1624286513372457,-2.3666116929417305,0.3733183476392565,-0.7948797327915478,4.724125495586679,-4.314336382105273,-4.208576310283006,-3.674387462543474
99.0,4.0,225.40724182128903,2.746299100744202,2.225518363179724,4.998218434502748,2.2224688753131505,-1.3702982924739366,-4.384245720158254,3.408679260890235,-2.910982729220388,0.3295917178699067,-4.805875215948449
99.0,4.0,275.8458251953125,-0.6511508194445632,0.7064498041675691,0.2246641728909075,-1.8356359716782933,-0.7897199753515114,1.409179625661534,3.566043330725151,-3.45471702323684,-1.4369822453446517,-4.465427253986533
99.0,4.0,233.9600524902344,1.1091955563296405,-2.501463675636436,1.901089984204038,-2.941602420363848,4.550538474118018,0.0480873484546189,3.718804769865132,-1.6276936494449346,4.025159015921554,-2.8423996860130107
99.0,4.0,230.7304077148437,3.20841330291287,3.142196370699944,3.9373916960197146,-0.1855172595539658,3.480457789332638,-3.5203688603497505,4.605648319932952,4.814078181730324,4.7863248048210885,-4.626974063819836
99.0,4.0,305.93951416015625,3.5266014574485283,-0.4228218879551857,-1.6344632821339489,-2.075688521348089,-0.0973672200430764,-4.837446992431951,-2.054230010701536,-2.5351352590455067,-2.5629614695180982,-2.848478271346399
99.0,4.0,238.5765838623047,2.314985731561615,-4.940828682318172,-0.8159770690456811,0.4731110987754916,4.985521770139001,3.0979315240702525,4.317217396169779,0.1758511554385919,2.0145940816406656,-4.997833670945429
99.0,4.0,289.79296875,-1.6868009755845177,-0.0431404431828643,0.0813137313753515,-3.830453740584725,4.998246206206642,-2.5204941292551943,4.970359326034292,4.949618521815815,-0.5881615765772814,-4.237591963632723
99.0,4.0,273.44268798828125,0.0765803608463129,-2.3525745637985747,4.75605855995423,1.4268512970133882,4.523375566874549,-3.922021125612976,4.394562294915197,1.6486686031926123,1.878339060346755,0.5073173204873545
99.0,4.0,284.7847900390625,-3.795930516917643,-3.9895185705841554,-1.873508729404752,-0.464732382456801,2.124279287821053,0.3405315289874213,-4.115001197759057,-2.1020679060595606,1.3757244969190363,-4.337596790726676
99.0,4.0,254.3225860595703,-3.815098106188192,-0.9005871314156799,-3.006745023450654,-0.3968291182546881,4.045557801082538,4.911974760925364,2.435690950086686,-2.618834920687136,2.545763973105153,-4.8111006926927615
99.0,4.0,244.1762542724609,-4.230292406351808,-1.5536518842169276,0.7771152768946614,4.246139382099376,1.1157899915090048,-3.4535876228515487,-0.988877777323074,-1.112572647590222,3.1839522164649674,-3.9586190013786746
99.0,4.0,267.3040466308594,0.1368099642925244,2.626492321682976,1.4896016721463905,0.7860269155836552,1.597252370415615,-3.185894561028154,2.004787000169065,-1.3044167413704562,3.167075814511837,-0.8463812320832671
99.0,4.0,228.25897216796875,4.996012469677239,-3.08587238090769,-1.5917307682365966,2.8479184331099328,3.321194524253328,-4.658406507893673,-0.1668362733244175,1.3354812828426388,4.859795837568008,-3.868019099073062
99.0,4.0,230.8214111328125,2.247914860926404,0.59103510633319,2.978272193235437,-1.6901787487161577,4.942996150562904,-0.9238860069838132,4.53489529042737,2.865200052188564,4.812505565671278,-4.239003953724657
99.0,4.0,296.2748413085937,4.21668582126276,-4.8801431049425394,-3.192743592961389,4.254142856461151,-1.11076816594443,3.589357014243553,2.603076883732125,-2.8567585730385963,-2.5004261340646288,-2.97393318455791
99.0,4.0,283.7503967285156,-4.542067617314912,-4.781057660422966,0.1195717264256783,-0.7982907743249665,3.024862573151242,-2.5206209968851083,-4.510751749549647,-4.986124715597963,-2.060844270009061,-3.989533917204419
99.0,4.0,259.41131591796875,-4.970741099618633,-0.0440276549200255,0.917283978373779,-2.7979810595463936,4.756013991521913,1.5212611995525311,-2.200169625963317,-3.523203438911952,2.446778310994405,-4.661180961703058
99.0,4.0,265.38458251953125,1.7652564185731876,3.5505300479381137,-1.3873498854500403,-4.514154941063164,4.991373437693643,1.1411508005432354,4.893135127588751,1.2165865962580042,1.1843468355941955,-4.933052028522519
99.0,4.0,334.8005065917969,3.0259464998860315,-0.334653083586955,3.43174661987586,-1.3217017486118705,-0.1902028268066738,0.2070496665769363,0.7239217672753111,3.0565618159315022,0.1230198036986609,-0.8379985632152622
99.0,4.0,273.7362365722656,-4.797021749826019,-3.66462015901481,0.3143648541869694,-2.942156906654236,2.9071028166831714,4.897230844014803,-1.6006247341850912,-4.880459535673953,2.1012864287728084,-3.77862662365125
99.0,4.0,261.47491455078125,-3.00288716353822,-4.912004157828662,1.3324994356713369,1.876182761833824,1.359214282031867,-3.674345244154861,1.5838790256927018,-3.2905821191430222,0.9081837196202384,-1.2053354898244335
99.0,4.0,206.8313140869141,-2.7811512089243813,-3.917667166534828,2.6584428666396995,-1.8701447041019457,1.6618740944758716,-2.897339084287575,3.740800623486941,-3.9659058264346174,3.315872836689417,-4.286726146162596
99.0,4.0,291.1873779296875,-1.4162109095782298,-4.4603602594474845,0.222940783397346,4.315156695283855,-2.5238229829105303,2.377460538654084,2.378620336286186,1.8205797505569628,4.344600807050984,-1.0832471473636085
99.0,4.0,249.22576904296875,1.3496482922064297,-2.0154681964957053,-1.264649143381181,4.917779915807766,-1.6530469247777215,-4.951609727113501,0.4836867175991313,-4.1168359616176105,-0.4748666193175386,-3.612374984377072
99.0,4.0,273.6883544921875,4.940763731137398,3.849041030491473,3.445641205920775,0.2029664152629449,-1.0791296260165972,-4.610384458816914,4.591709935281748,-2.860317140968629,4.975886408219222,3.616411269275909
99.0,4.0,309.8658447265625,4.552209816060134,-4.849133832800767,-2.059482956826907,-0.143827035006395,-1.1720501021613967,3.7419736962464576,2.521960559234782,0.6842958405004298,-1.5329358555060089,-3.827026197894414
99.0,4.0,300.46356201171875,1.441925889708973,-2.9746072190967494,-2.9416259572532097,-4.638992238134401,3.777300409018788,-4.820507290064355,3.190730800650831,2.7855321369719754,-3.4544356663537,-4.4185984506823
99.0,4.0,247.010971069336,-2.8262716443446134,0.9125171661067232,-1.6427821399908205,3.970016492281601,2.135786626318992,-4.011653113557308,0.7216588356930924,0.9863008072438276,3.8579267515201217,-3.774484464033572
99.0,5.0,242.457260131836,-4.908610716391474,3.948908311327005,1.6006493746589063,-1.7722315081167184,4.516882158459187,0.3057668344383346,0.297049607611072,-4.26879284011723,3.8230834043694126,-3.4891121512275447
99.0,5.0,263.3382568359375,-0.7339111577212898,4.37442855498414,4.134486340728091,-2.778550167679956,3.176296174377073,-3.751252363109871,1.569461067781342,4.046864225904399,3.3559728295954896,-4.503813591616638
99.0,5.0,245.41110229492188,4.983180103750721,4.850182649307222,3.872225049830958,1.9400989220101168,-1.7576932621822996,-4.439424073997932,3.880144760883523,1.946437693790661,4.415685643559282,-2.7868129770550887
99.0,5.0,258.6942749023437,-3.033842493589905,-3.521695914975253,2.7807496445898083,-3.0885567402197216,2.04506884880213,-2.4323225631313576,0.1466872855568595,-4.2046656809556175,-1.30613029323729,-4.583186380944303
99.0,5.0,263.631103515625,-4.948630212044377,-4.029639548321786,-3.509708940940592,-1.2556423555400302,4.205837379955032,3.179964970333096,2.894975599536971,-2.6649903656802247,0.04299562734229,-4.888295967210772
99.0,5.0,219.49368286132807,3.338605757163161,-0.794780821558688,-1.4556645409295603,0.0189083669864869,4.997775409711211,3.57197466696901,4.80910228641719,-3.940121040067431,2.0346440780937014,-4.9994612609380855
99.0,5.0,243.47808837890625,-4.930246177545335,-4.4191965259541215,-1.814869400926689,1.9943096077752087,3.3973736482998325,-1.0132719563680568,-4.66626611662538,-2.6271758440317314,4.65670373937752,-4.546596808951243
99.0,5.0,239.69119262695312,-2.1844927939216143,-3.7360773943088232,3.0125534712335584,1.6938117069273129,4.993504157173919,2.847041020303709,0.9108997455701536,-3.7503532861643047,0.5119863775551398,-4.888695900145581
99.0,5.0,247.14439392089844,1.7373266383465755,-1.2967560044688908,0.433776199375786,-3.960903613834467,3.500938749918739,-1.543719630631695,3.959487168240233,-1.0137939600528312,2.4569399197741366,-3.2716254017220856
99.0,5.0,261.36376953125,-3.753974506852617,-3.190998581390782,0.9834089761378366,3.644848976213112,-1.6348985843224575,-4.244073810510995,-2.161797827533958,-4.485605179605478,1.165497971674044,-2.642362890603257
99.0,5.0,247.8013916015625,4.645307365875021,-1.4240261365364,3.470455051764702,1.537870350736259,-0.7076161155920522,4.532244248101085,4.958459244104738,-0.6178833947984188,4.142321455618776,-3.0308406118194435
99.0,5.0,241.19140625,4.980786362331713,4.762615795512193,4.564335484734388,-0.9179364230562496,0.5812614867821826,-3.223929708883736,3.661595267059168,1.5117933168004845,4.867074140309158,-2.9753924434687624
99.0,5.0,269.0623779296875,3.624596100509829,0.8732065215783189,3.448172335899292,-2.312684974265076,1.2725242490594306,-3.859649148597219,4.439691566332881,0.1064859918356226,-1.5605669506443178,-3.6605095818492046
99.0,5.0,238.17193603515625,2.8646246189016065,2.387683986821781,4.998403497983304,1.53234262201689,0.5830013792398732,-4.747697054783632,4.539951400977516,-1.4227537009251674,-0.7702901919317847,-4.231714583080577
99.0,5.0,263.82586669921875,-0.635888028710043,4.598487089635233,3.4706432939339287,-4.678828728288893,4.578314821584116,4.475309766749456,3.3114206768984022,1.3734622283334768,4.7697320578231945,-4.054851020891941
99.0,5.0,274.3155822753906,2.5144150796694724,-2.1766805298483565,3.6142183902901968,-0.9668482468654076,1.3623076867256745,-2.0363407715323607,3.694020624267816,-2.590097229319172,-4.1368756257288375,-3.8892225603027866
99.0,5.0,248.89669799804688,-3.1810807115347544,-2.317973925797782,1.4990444220989492,-2.984651191345526,4.993505034810108,3.005510608279325,1.1476791283215109,-4.293715489889235,0.7533990953715938,-4.9457641858370005
99.0,5.0,253.2303009033203,-4.904280086881065,-3.3617038888741653,-0.7044465896475836,0.9183900703866196,4.185069336988888,1.9272476174122184,0.1823704068435261,-3.26116376022235,0.9624530386073924,-4.819237173999452
99.0,5.0,180.0574951171875,-2.5592498821158287,-3.0360364405882887,2.8923189609348547,3.951235733598612,3.908496407683234,-4.743947742243317,2.3964022072073408,-3.640313105263514,4.589082509089119,-4.30722259675192
99.0,5.0,263.23004150390625,-4.444640180787467,1.939078488017364,4.053891639406262,0.0592724149256504,0.6109787776322695,4.761590195956304,-4.928759217850046,-4.873179203094445,4.825393197916414,-4.277458449390035
99.0,5.0,234.50477600097656,0.0358692477590976,2.363696708544528,2.680461362451749,-0.997861747872024,4.813937281841431,-0.7995757338260079,2.4022416297002835,1.642813156145285,4.977496518394264,-4.4312699432384175
99.0,5.0,259.0730895996094,-2.2193997848318614,1.499287839313979,1.788206588598486,-4.6008366656725,4.999213482179247,4.183548393454585,4.724125495586679,-1.7868278230907393,0.8437238697386317,-4.81957839790701
99.0,5.0,225.40724182128903,2.746299100744202,2.225518363179724,4.998218434502748,2.2224688753131505,-1.3702982924739366,-4.384245720158254,3.408679260890235,-2.910982729220388,0.3295917178699067,-4.805875215948449
99.0,5.0,238.7957763671875,-1.0238852707258124,-4.460137972017163,0.9494169414254944,-0.3196018553781474,2.701464828951805,-1.2789185960581515,2.023245066353453,-3.005386551312688,3.128386864956906,-2.60607421508314
99.0,5.0,233.9600524902344,1.1091955563296405,-2.501463675636436,1.901089984204038,-2.941602420363848,4.550538474118018,0.0480873484546189,3.718804769865132,-1.6276936494449346,4.025159015921554,-2.8423996860130107
99.0,5.0,230.7304077148437,3.20841330291287,3.142196370699944,3.9373916960197146,-0.1855172595539658,3.480457789332638,-3.5203688603497505,4.605648319932952,4.814078181730324,4.7863248048210885,-4.626974063819836
99.0,5.0,272.67694091796875,-1.3908006799449557,-0.4228218879551857,4.821350318654027,-3.870874823791283,4.101852854866776,-1.6752353664661244,2.528738523831918,4.7424142951443935,4.322801640633357,-2.848478271346399
99.0,5.0,238.5765838623047,2.314985731561615,-4.940828682318172,-0.8159770690456811,0.4731110987754916,4.985521770139001,3.0979315240702525,4.317217396169779,0.1758511554385919,2.0145940816406656,-4.997833670945429
99.0,5.0,289.79296875,-1.6868009755845177,-0.0431404431828643,0.0813137313753515,-3.830453740584725,4.998246206206642,-2.5204941292551943,4.970359326034292,4.949618521815815,-0.5881615765772814,-4.237591963632723
99.0,5.0,273.44268798828125,0.0765803608463129,-2.3525745637985747,4.75605855995423,1.4268512970133882,4.523375566874549,-3.922021125612976,4.394562294915197,1.6486686031926123,1.878339060346755,0.5073173204873545
99.0,5.0,284.7847900390625,-3.795930516917643,-3.9895185705841554,-1.873508729404752,-0.464732382456801,2.124279287821053,0.3405315289874213,-4.115001197759057,-2.1020679060595606,1.3757244969190363,-4.337596790726676
99.0,5.0,243.468002319336,-2.13639384945626,-1.1076062855534945,3.5124980481912607,2.108032034064264,-0.0674973011932709,-3.691264390559119,1.4286197481181595,-3.895662952716768,4.2328388150594485,-0.5232182909033056
99.0,5.0,244.1762542724609,-4.230292406351808,-1.5536518842169276,0.7771152768946614,4.246139382099376,1.1157899915090048,-3.4535876228515487,-0.988877777323074,-1.112572647590222,3.1839522164649674,-3.9586190013786746
99.0,5.0,267.3040466308594,0.1368099642925244,2.626492321682976,1.4896016721463905,0.7860269155836552,1.597252370415615,-3.185894561028154,2.004787000169065,-1.3044167413704562,3.167075814511837,-0.8463812320832671
99.0,5.0,228.25897216796875,4.996012469677239,-3.08587238090769,-1.5917307682365966,2.8479184331099328,3.321194524253328,-4.658406507893673,-0.1668362733244175,1.3354812828426388,4.859795837568008,-3.868019099073062
99.0,5.0,230.8214111328125,2.247914860926404,0.59103510633319,2.978272193235437,-1.6901787487161577,4.942996150562904,-0.9238860069838132,4.53489529042737,2.865200052188564,4.812505565671278,-4.239003953724657
99.0,5.0,288.0324401855469,4.494938930094309,4.445531441267378,-0.3818294451893274,-3.779980798968756,-0.8520104094287893,3.589357014243553,3.759788191589206,-4.28821236672815,-2.1473323652122547,-4.496395456288998
99.0,5.0,276.2608642578125,-0.5106684821315213,4.304539969594608,3.464157489823191,-2.0327851605175,2.784734001309009,-3.762185400466216,0.9100017660973124,-2.20347872137342,-2.060844270009061,-3.989533917204419
99.0,5.0,259.41131591796875,-4.970741099618633,-0.0440276549200255,0.917283978373779,-2.7979810595463936,4.756013991521913,1.5212611995525311,-2.200169625963317,-3.523203438911952,2.446778310994405,-4.661180961703058
99.0,5.0,252.00718688964844,-4.962930564268277,-4.428047899465705,-2.5810069081749445,1.939780252775941,2.992609498521305,4.009842626070574,3.797500285726735,-0.4871328608789897,3.496776765626832,-4.005680405219377
99.0,5.0,297.6103515625,-0.0426130535105375,4.614060190066572,4.700148579225963,-2.6199833310652183,-0.3617198923823048,-1.520550605093812,3.575043258962298,-3.734642863179335,3.769377644932421,3.2198303379609112
99.0,5.0,251.99346923828125,-4.94702775447591,-3.4300657411547624,-4.768374956036698,1.9097282132553672,4.7008341469417365,2.0359598474135403,-1.6006247341850912,-2.5910352205670644,3.108785958537703,-4.865744809557833
99.0,5.0,234.0713653564453,4.992515701430069,4.832137747662671,4.833843409969391,-0.1371892539624868,-1.5952108179600706,-3.674345244154861,4.532245416570114,-2.1421074954307464,2.82402717746447,-2.913064910502228
99.0,5.0,206.8313140869141,-2.7811512089243813,-3.917667166534828,2.6584428666396995,-1.8701447041019457,1.6618740944758716,-2.897339084287575,3.740800623486941,-3.9659058264346174,3.315872836689417,-4.286726146162596
99.0,5.0,280.4300537109375,-1.4162109095782298,1.7583385526091706,4.255364794547094,0.1761479913714091,1.690113557414023,2.377460538654084,4.185210986853175,2.0864295409764555,0.3116342091210313,-4.4520833671089015
99.0,5.0,249.22576904296875,1.3496482922064297,-2.0154681964957053,-1.264649143381181,4.917779915807766,-1.6530469247777215,-4.951609727113501,0.4836867175991313,-4.1168359616176105,-0.4748666193175386,-3.612374984377072
99.0,5.0,203.7769470214844,4.940763731137398,-1.060184232738734,2.85513417010441,-3.11220870494919,3.887557782468354,-4.610384458816914,4.223524152847384,-3.220406853261286,4.514684365590294,-2.4835260193874413
99.0,5.0,252.3540954589844,-0.6293824068008638,-1.9253375363928504,2.8960279098277493,-0.143827035006395,4.998073903698491,-0.86182146633129,4.196391775679845,0.6842958405004298,-0.8327376251199051,-4.956618104624642
99.0,5.0,300.46356201171875,1.441925889708973,-2.9746072190967494,-2.9416259572532097,-4.638992238134401,3.777300409018788,-4.820507290064355,3.190730800650831,2.7855321369719754,-3.4544356663537,-4.4185984506823
99.0,5.0,247.010971069336,-2.8262716443446134,0.9125171661067232,-1.6427821399908205,3.970016492281601,2.135786626318992,-4.011653113557308,0.7216588356930924,0.9863008072438276,3.8579267515201217,-3.774484464033572
99.0,6.0,235.10446166992188,2.141821072036372,1.6069937041422624,3.2160104923463573,1.3699345135945653,0.9434557489479448,-0.2572875018674692,0.297049607611072,-4.26879284011723,1.4952311148463004,-4.864806913392265
99.0,6.0,256.8137512207031,-0.7339111577212898,4.37442855498414,-0.316295124600525,-2.778550167679956,4.8595752336409,2.424305126952782,-1.9307123715965653,-4.741504433366912,2.7128231413032053,-4.503813591616638
99.0,6.0,240.09860229492188,1.2239239334001002,4.792797774733414,4.814164400398194,-4.931596642079774,4.8862473620755145,-4.439424073997932,4.260860448608596,0.8280091914418777,2.1473338145861804,-4.070308478804813
99.0,6.0,258.6942749023437,-3.033842493589905,-3.521695914975253,2.7807496445898083,-3.0885567402197216,2.04506884880213,-2.4323225631313576,0.1466872855568595,-4.2046656809556175,-1.30613029323729,-4.583186380944303
99.0,6.0,189.6890869140625,0.2567003670778121,-4.089883797410898,0.3611319298495923,4.092680246332741,3.27993625901784,-4.855772299661919,0.657273732095931,-3.6593035780089327,4.634114398961525,-4.213806635842481
99.0,6.0,219.49368286132807,3.338605757163161,-0.794780821558688,-1.4556645409295603,0.0189083669864869,4.997775409711211,3.57197466696901,4.80910228641719,-3.940121040067431,2.0346440780937014,-4.9994612609380855
99.0,6.0,243.47808837890625,-4.930246177545335,-4.4191965259541215,-1.814869400926689,1.9943096077752087,3.3973736482998325,-1.0132719563680568,-4.66626611662538,-2.6271758440317314,4.65670373937752,-4.546596808951243
99.0,6.0,239.69119262695312,-2.1844927939216143,-3.7360773943088232,3.0125534712335584,1.6938117069273129,4.993504157173919,2.847041020303709,0.9108997455701536,-3.7503532861643047,0.5119863775551398,-4.888695900145581
99.0,6.0,247.14439392089844,1.7373266383465755,-1.2967560044688908,0.433776199375786,-3.960903613834467,3.500938749918739,-1.543719630631695,3.959487168240233,-1.0137939600528312,2.4569399197741366,-3.2716254017220856
99.0,6.0,261.36376953125,-3.753974506852617,-3.190998581390782,0.9834089761378366,3.644848976213112,-1.6348985843224575,-4.244073810510995,-2.161797827533958,-4.485605179605478,1.165497971674044,-2.642362890603257
99.0,6.0,219.1494903564453,-4.932829942721924,-2.989729981962728,-1.680570632038327,4.944959790761756,2.898055612601324,-1.1180470082956029,4.958459244104738,-2.332648915991904,3.734333315991228,-3.0308406118194435
99.0,6.0,241.19140625,4.980786362331713,4.762615795512193,4.564335484734388,-0.9179364230562496,0.5812614867821826,-3.223929708883736,3.661595267059168,1.5117933168004845,4.867074140309158,-2.9753924434687624
99.0,6.0,235.07000732421875,-0.7609882754341526,3.81622109981491,2.828051888462872,-1.1054932925925929,4.926167992733489,-0.7950462639919554,2.82401770930034,1.544650456852416,4.711467759895207,-4.562360186331924
99.0,6.0,230.655517578125,1.9934572029029287,-3.345298369720553,3.7395038594307617,-2.39736873129593,3.373800410458628,-1.0332764694543726,3.965239808473383,-1.0914978640694402,3.5925858916073894,-3.032319014976271
99.0,6.0,263.82586669921875,-0.635888028710043,4.598487089635233,3.4706432939339287,-4.678828728288893,4.578314821584116,4.475309766749456,3.3114206768984022,1.3734622283334768,4.7697320578231945,-4.054851020891941
99.0,6.0,238.8629150390625,4.999349343228964,4.836563434418462,4.9374010446467285,-0.1099245764628531,-1.3928287430708068,-3.7983724943250943,0.300362215394057,-3.212128987007117,3.4039906643398137,-3.18352311236816
99.0,6.0,248.89669799804688,-3.1810807115347544,-2.317973925797782,1.4990444220989492,-2.984651191345526,4.993505034810108,3.005510608279325,1.1476791283215109,-4.293715489889235,0.7533990953715938,-4.9457641858370005
99.0,6.0,239.16900634765625,-0.1093322944020234,-4.301208706612439,-0.6802285461345265,3.5896941059649654,-1.6207360627475933,-4.807331988743211,1.351693529258069,-3.26116376022235,-0.4004681082287484,-4.752702444362607
99.0,6.0,180.0574951171875,-2.5592498821158287,-3.0360364405882887,2.8923189609348547,3.951235733598612,3.908496407683234,-4.743947742243317,2.3964022072073408,-3.640313105263514,4.589082509089119,-4.30722259675192
99.0,6.0,263.23004150390625,-4.444640180787467,1.939078488017364,4.053891639406262,0.0592724149256504,0.6109787776322695,4.761590195956304,-4.928759217850046,-4.873179203094445,4.825393197916414,-4.277458449390035
99.0,6.0,234.50477600097656,0.0358692477590976,2.363696708544528,2.680461362451749,-0.997861747872024,4.813937281841431,-0.7995757338260079,2.4022416297002835,1.642813156145285,4.977496518394264,-4.4312699432384175
99.0,6.0,242.2348022460937,4.849523235852114,4.038260975430391,1.7448235948104531,0.2974224965927051,4.999213482179247,-4.760580484218063,4.404513713463626,-1.7868278230907393,3.187916285708209,-0.1953482291226309
99.0,6.0,225.40724182128903,2.746299100744202,2.225518363179724,4.998218434502748,2.2224688753131505,-1.3702982924739366,-4.384245720158254,3.408679260890235,-2.910982729220388,0.3295917178699067,-4.805875215948449
99.0,6.0,238.7957763671875,-1.0238852707258124,-4.460137972017163,0.9494169414254944,-0.3196018553781474,2.701464828951805,-1.2789185960581515,2.023245066353453,-3.005386551312688,3.128386864956906,-2.60607421508314
99.0,6.0,227.24305725097656,-4.356302763114138,-2.501463675636436,2.586655318461565,-3.7261349448136887,3.2698776619050927,0.3584861848533336,3.718804769865132,-1.9841260976082933,4.025159015921554,-4.369540376457173
99.0,6.0,230.7304077148437,3.20841330291287,3.142196370699944,3.9373916960197146,-0.1855172595539658,3.480457789332638,-3.5203688603497505,4.605648319932952,4.814078181730324,4.7863248048210885,-4.626974063819836
99.0,6.0,262.42547607421875,-2.3568378904233622,1.300959228096083,2.415261915500505,-2.9557526886138152,4.297841948217241,-2.3034001414267524,1.609132271459697,2.5667483989826536,2.3765999677029166,-4.746219803950137
99.0,6.0,238.5765838623047,2.314985731561615,-4.940828682318172,-0.8159770690456811,0.4731110987754916,4.985521770139001,3.0979315240702525,4.317217396169779,0.1758511554385919,2.0145940816406656,-4.997833670945429
99.0,6.0,262.456787109375,-2.0533613924659058,-4.945283979530082,-3.180298518800262,1.796849260021686,4.103882522815351,4.072913445959167,4.970359326034292,0.7350206290394548,0.4451141473050368,-4.998228995813852
99.0,6.0,260.9952697753906,1.8065052112225235,1.208359811674765,2.830346996456849,-4.418429200423506,4.273750001050275,-1.499026655939573,4.328199297232518,1.7323939880573165,2.534840832921016,-3.117828974108793
99.0,6.0,228.6514129638672,-3.795930516917643,0.0414791448039775,4.959340504017544,-4.242841708000863,4.0267050184549165,-2.669171615945585,4.634952513118252,-2.1020679060595606,4.7809881693252825,-1.8368057095739885
99.0,6.0,243.468002319336,-2.13639384945626,-1.1076062855534945,3.5124980481912607,2.108032034064264,-0.0674973011932709,-3.691264390559119,1.4286197481181595,-3.895662952716768,4.2328388150594485,-0.5232182909033056
99.0,6.0,244.1762542724609,-4.230292406351808,-1.5536518842169276,0.7771152768946614,4.246139382099376,1.1157899915090048,-3.4535876228515487,-0.988877777323074,-1.112572647590222,3.1839522164649674,-3.9586190013786746
99.0,6.0,212.80113220214844,4.992625778844997,2.3388687697942423,0.2861901675326317,-4.197869178369322,1.1998647943166851,-3.185894561028154,3.9061371011843886,-4.317271120918476,2.5018486528107893,-4.985382407775617
99.0,6.0,228.25897216796875,4.996012469677239,-3.08587238090769,-1.5917307682365966,2.8479184331099328,3.321194524253328,-4.658406507893673,-0.1668362733244175,1.3354812828426388,4.859795837568008,-3.868019099073062
99.0,6.0,230.8214111328125,2.247914860926404,0.59103510633319,2.978272193235437,-1.6901787487161577,4.942996150562904,-0.9238860069838132,4.53489529042737,2.865200052188564,4.812505565671278,-4.239003953724657
99.0,6.0,288.0324401855469,4.494938930094309,4.445531441267378,-0.3818294451893274,-3.779980798968756,-0.8520104094287893,3.589357014243553,3.759788191589206,-4.28821236672815,-2.1473323652122547,-4.496395456288998
99.0,6.0,266.2187194824219,1.0017313314549183,-2.3726198476005407,0.8943463784738741,3.247544260530417,4.999457776983857,4.878299743327625,0.9100017660973124,-3.6180809657202113,-2.060844270009061,-4.91211494523663
99.0,6.0,258.38232421875,-4.970741099618633,-0.0440276549200255,4.130283879709316,-2.6733623656595387,1.729652175409601,-3.844717475482257,4.016840591122769,3.1442720622746503,3.008799919542064,-3.7911513177435534
99.0,6.0,212.32125854492188,-1.0645102008106306,-1.8723330566087013,-0.2059927973801472,4.625472441520422,1.008642455309794,-4.921162169026943,-0.1414849628153411,-4.278219103583911,3.279893578943436,-4.005680405219377
99.0,6.0,297.6103515625,-0.0426130535105375,4.614060190066572,4.700148579225963,-2.6199833310652183,-0.3617198923823048,-1.520550605093812,3.575043258962298,-3.734642863179335,3.769377644932421,3.2198303379609112
99.0,6.0,217.09326171875,2.991232358195788,4.360129713883557,3.976637070622526,2.1699186227241225,4.7008341469417365,-4.3441394610117845,4.885725353485388,4.906113656933182,4.889006213811056,-4.865744809557833
99.0,6.0,234.0713653564453,4.992515701430069,4.832137747662671,4.833843409969391,-0.1371892539624868,-1.5952108179600706,-3.674345244154861,4.532245416570114,-2.1421074954307464,2.82402717746447,-2.913064910502228
99.0,6.0,206.8313140869141,-2.7811512089243813,-3.917667166534828,2.6584428666396995,-1.8701447041019457,1.6618740944758716,-2.897339084287575,3.740800623486941,-3.9659058264346174,3.315872836689417,-4.286726146162596
99.0,6.0,244.1039428710937,1.214668640295174,-2.413747727647844,-0.0776014616840732,0.5486854670483309,4.826604671589236,1.5096653307560244,4.185210986853175,3.598060165454249,4.100104736748387,-4.7135871168974735
99.0,6.0,203.84234619140625,1.3496482922064297,0.0441447857552412,0.2320365373849373,0.357952679136454,4.859594580161186,4.56487511013869,4.860676496379308,-4.2306297220176,4.99033187115762,-4.425974736457978
99.0,6.0,203.7769470214844,4.940763731137398,-1.060184232738734,2.85513417010441,-3.11220870494919,3.887557782468354,-4.610384458816914,4.223524152847384,-3.220406853261286,4.514684365590294,-2.4835260193874413
99.0,6.0,232.49777221679688,-4.973287204794048,-4.837992872278085,-2.032678833259556,3.997557948371403,4.096615194169049,2.340073128082407,-4.807511771823091,-4.555595483031695,4.958264383235581,-4.886166760022178
99.0,6.0,232.74224853515625,4.222251791271884,1.0735921610937904,3.568489478139259,-1.5178714516723275,1.2561805477329289,-3.291840577762474,4.96652896511487,-0.5518896522156904,4.652645407041193,-1.826050048345624
99.0,6.0,247.010971069336,-2.8262716443446134,0.9125171661067232,-1.6427821399908205,3.970016492281601,2.135786626318992,-4.011653113557308,0.7216588356930924,0.9863008072438276,3.8579267515201217,-3.774484464033572
99.0,7.0,226.45706176757807,-4.986725973790554,-4.967723126303164,-3.032093008164,4.180943694359304,4.462813646787802,-0.2572875018674692,-4.946476630917626,-4.001861973457893,4.963157438472527,-4.959356981518067
99.0,7.0,246.3029327392578,-4.981458081028675,-4.766434794971891,-0.316295124600525,3.2943505971187266,4.8595752336409,-2.8904547622129764,-4.453961502584369,0.0003709796487973,4.770393646111825,-4.0014355842718965
99.0,7.0,240.09860229492188,1.2239239334001002,4.792797774733414,4.814164400398194,-4.931596642079774,4.8862473620755145,-4.439424073997932,4.260860448608596,0.8280091914418777,2.1473338145861804,-4.070308478804813
99.0,7.0,254.75924682617188,-4.160075606459788,-0.5539525155595173,2.293416076502864,-2.6096055608089066,3.7959057786446495,-1.374643721030299,0.1466872855568595,0.7084883561498485,3.121759059203186,-4.860650561674971
99.0,7.0,189.6890869140625,0.2567003670778121,-4.089883797410898,0.3611319298495923,4.092680246332741,3.27993625901784,-4.855772299661919,0.657273732095931,-3.6593035780089327,4.634114398961525,-4.213806635842481
99.0,7.0,219.49368286132807,3.338605757163161,-0.794780821558688,-1.4556645409295603,0.0189083669864869,4.997775409711211,3.57197466696901,4.80910228641719,-3.940121040067431,2.0346440780937014,-4.9994612609380855
99.0,7.0,243.47808837890625,-4.930246177545335,-4.4191965259541215,-1.814869400926689,1.9943096077752087,3.3973736482998325,-1.0132719563680568,-4.66626611662538,-2.6271758440317314,4.65670373937752,-4.546596808951243
99.0,7.0,237.5829620361328,-4.984418686305324,-0.5460333631716294,4.602227918278624,-2.0509814590481343,1.7090230427918571,-3.94340037136638,4.428895593832943,0.6468796318488645,2.895959200238823,-3.964045086128264
99.0,7.0,247.14439392089844,1.7373266383465755,-1.2967560044688908,0.433776199375786,-3.960903613834467,3.500938749918739,-1.543719630631695,3.959487168240233,-1.0137939600528312,2.4569399197741366,-3.2716254017220856
99.0,7.0,216.31887817382807,-4.470248551852364,-3.190998581390782,0.9834089761378366,3.4241653655649342,0.1354393646534366,-4.244073810510995,-2.765201928448093,-4.485605179605478,4.87783669797539,-4.179162951957675
99.0,7.0,219.1494903564453,-4.932829942721924,-2.989729981962728,-1.680570632038327,4.944959790761756,2.898055612601324,-1.1180470082956029,4.958459244104738,-2.332648915991904,3.734333315991228,-3.0308406118194435
99.0,7.0,207.9823455810547,4.980786362331713,0.1907538123894241,4.051983677235933,1.405964736496229,4.67549691909503,-3.223929708883736,3.268886156009517,1.5117933168004845,4.760773568805488,-4.4159542504498885
99.0,7.0,235.07000732421875,-0.7609882754341526,3.81622109981491,2.828051888462872,-1.1054932925925929,4.926167992733489,-0.7950462639919554,2.82401770930034,1.544650456852416,4.711467759895207,-4.562360186331924
99.0,7.0,230.655517578125,1.9934572029029287,-3.345298369720553,3.7395038594307617,-2.39736873129593,3.373800410458628,-1.0332764694543726,3.965239808473383,-1.0914978640694402,3.5925858916073894,-3.032319014976271
99.0,7.0,225.7769927978516,-0.635888028710043,-1.708439061582745,0.4351533644847789,-1.9227386051121544,3.226835623591521,0.2371722169299448,0.7670241421272737,-4.613157980407163,3.167884447569988,-4.643057283099138
99.0,7.0,221.0450134277344,3.278456531041372,4.919360194949117,4.949796995431974,2.261124923431953,2.5524963234857987,-4.703158919678421,4.941485986894876,4.9834338001045415,4.736826370064838,-4.939152285126164
99.0,7.0,248.89669799804688,-3.1810807115347544,-2.317973925797782,1.4990444220989492,-2.984651191345526,4.993505034810108,3.005510608279325,1.1476791283215109,-4.293715489889235,0.7533990953715938,-4.9457641858370005
99.0,7.0,239.16900634765625,-0.1093322944020234,-4.301208706612439,-0.6802285461345265,3.5896941059649654,-1.6207360627475933,-4.807331988743211,1.351693529258069,-3.26116376022235,-0.4004681082287484,-4.752702444362607
99.0,7.0,180.0574951171875,-2.5592498821158287,-3.0360364405882887,2.8923189609348547,3.951235733598612,3.908496407683234,-4.743947742243317,2.3964022072073408,-3.640313105263514,4.589082509089119,-4.30722259675192
99.0,7.0,231.98406982421875,-4.444640180787467,-4.516813175324423,3.3054310749105524,2.890567171463089,1.4163832855564942,-1.8780941756232008,1.7745161462063763,-4.873179203094445,2.0422583974864645,-2.516320619169555
99.0,7.0,234.50477600097656,0.0358692477590976,2.363696708544528,2.680461362451749,-0.997861747872024,4.813937281841431,-0.7995757338260079,2.4022416297002835,1.642813156145285,4.977496518394264,-4.4312699432384175
99.0,7.0,220.51893615722656,4.849523235852114,-2.838604478124421,3.1303861849880645,0.4741543842923859,4.991597581353706,-1.9637318487275777,4.747606688059355,4.307726595377549,4.949003514048025,-4.347599784028894
99.0,7.0,225.40724182128903,2.746299100744202,2.225518363179724,4.998218434502748,2.2224688753131505,-1.3702982924739366,-4.384245720158254,3.408679260890235,-2.910982729220388,0.3295917178699067,-4.805875215948449
99.0,7.0,237.1503753662109,-2.982134188713984,-2.8746373818094835,4.933217370097508,-4.519860724659544,4.317601934191391,2.341030199152989,1.69502502059784,-3.005386551312688,2.4139855467035103,-4.968319667472196
99.0,7.0,227.24305725097656,-4.356302763114138,-2.501463675636436,2.586655318461565,-3.7261349448136887,3.2698776619050927,0.3584861848533336,3.718804769865132,-1.9841260976082933,4.025159015921554,-4.369540376457173
99.0,7.0,230.7304077148437,3.20841330291287,3.142196370699944,3.9373916960197146,-0.1855172595539658,3.480457789332638,-3.5203688603497505,4.605648319932952,4.814078181730324,4.7863248048210885,-4.626974063819836
99.0,7.0,250.1676788330078,1.3886271206709293,-1.2053654109699532,-0.4087563822285416,-0.8961103236486508,4.297841948217241,1.3529530141615569,4.284352353905812,3.2917857873055545,4.104068409975718,-4.470517012508148
99.0,7.0,199.37725830078125,4.515036825640693,3.5533065947961107,0.5233080419098214,-3.6799800105915934,2.5145540533453787,-3.24280965117002,3.159547855147684,-4.825798792599256,4.342029496396881,-4.611871388204002
99.0,7.0,204.561752319336,4.113808759003945,-3.8736435173494135,-0.2896198053450654,-3.034159894474703,4.282535409950378,-0.9872245032549788,4.361952587770922,-4.119413625579629,4.11999281590491,-3.5267241946053707
99.0,7.0,211.6416015625,4.98136570331239,1.208359811674765,4.789879586574153,-1.6554015998007443,4.273750001050275,-3.2739625341341303,4.84681152911292,1.7857916973875163,4.962817549789993,-4.0870834029460505
99.0,7.0,224.89108276367188,-1.5112411858072612,0.9631744122205466,2.8489792655915376,2.287937088583986,2.603261931344796,-4.8783333426462425,1.8826172449102183,-1.089912133672706,4.443021138513334,-2.7965438213376066
99.0,7.0,243.468002319336,-2.13639384945626,-1.1076062855534945,3.5124980481912607,2.108032034064264,-0.0674973011932709,-3.691264390559119,1.4286197481181595,-3.895662952716768,4.2328388150594485,-0.5232182909033056
99.0,7.0,243.36618041992188,4.676902929168973,2.220954153113291,3.595566293213106,-3.795782380425216,1.1157899915090048,-4.529703165954539,4.489259267517411,-0.5952103516661285,3.408403797867778,-2.105753884004444
99.0,7.0,212.80113220214844,4.992625778844997,2.3388687697942423,0.2861901675326317,-4.197869178369322,1.1998647943166851,-3.185894561028154,3.9061371011843886,-4.317271120918476,2.5018486528107893,-4.985382407775617
99.0,7.0,228.25897216796875,4.996012469677239,-3.08587238090769,-1.5917307682365966,2.8479184331099328,3.321194524253328,-4.658406507893673,-0.1668362733244175,1.3354812828426388,4.859795837568008,-3.868019099073062
99.0,7.0,192.3993988037109,3.107576370363588,-4.822232128419199,0.3746730706703616,3.089322540154443,2.760631153885273,-4.969840808274529,1.357026953869453,-4.064997576791303,4.812505565671278,-3.1743895523702395
99.0,7.0,288.0324401855469,4.494938930094309,4.445531441267378,-0.3818294451893274,-3.779980798968756,-0.8520104094287893,3.589357014243553,3.759788191589206,-4.28821236672815,-2.1473323652122547,-4.496395456288998
99.0,7.0,253.08377075195312,-0.0503033004917763,4.991052292505644,2.381815584585222,-3.3226439456425885,4.466106177363092,-3.3747963146912383,2.751357892645056,4.801363998718765,4.996513445565158,-4.360031895140695
99.0,7.0,258.38232421875,-4.970741099618633,-0.0440276549200255,4.130283879709316,-2.6733623656595387,1.729652175409601,-3.844717475482257,4.016840591122769,3.1442720622746503,3.008799919542064,-3.7911513177435534
99.0,7.0,212.32125854492188,-1.0645102008106306,-1.8723330566087013,-0.2059927973801472,4.625472441520422,1.008642455309794,-4.921162169026943,-0.1414849628153411,-4.278219103583911,3.279893578943436,-4.005680405219377
99.0,7.0,234.92361450195312,3.902465416697585,-2.108435848424838,-3.795336011379166,2.409658592670093,4.552964153713832,4.1056760858089305,4.913105336318755,-1.4257529806030864,1.880501604060423,-4.999597793102549
99.0,7.0,217.09326171875,2.991232358195788,4.360129713883557,3.976637070622526,2.1699186227241225,4.7008341469417365,-4.3441394610117845,4.885725353485388,4.906113656933182,4.889006213811056,-4.865744809557833
99.0,7.0,234.0713653564453,4.992515701430069,4.832137747662671,4.833843409969391,-0.1371892539624868,-1.5952108179600706,-3.674345244154861,4.532245416570114,-2.1421074954307464,2.82402717746447,-2.913064910502228
99.0,7.0,206.8313140869141,-2.7811512089243813,-3.917667166534828,2.6584428666396995,-1.8701447041019457,1.6618740944758716,-2.897339084287575,3.740800623486941,-3.9659058264346174,3.315872836689417,-4.286726146162596
99.0,7.0,218.44024658203125,1.214668640295174,-2.557982128533677,-0.0776014616840732,3.136156359641988,2.7275912512462623,-4.238137203430075,-0.2183224277339399,-4.774487450558161,0.924833100154884,-4.705512039507449
99.0,7.0,203.84234619140625,1.3496482922064297,0.0441447857552412,0.2320365373849373,0.357952679136454,4.859594580161186,4.56487511013869,4.860676496379308,-4.2306297220176,4.99033187115762,-4.425974736457978
99.0,7.0,203.7769470214844,4.940763731137398,-1.060184232738734,2.85513417010441,-3.11220870494919,3.887557782468354,-4.610384458816914,4.223524152847384,-3.220406853261286,4.514684365590294,-2.4835260193874413
99.0,7.0,232.49777221679688,-4.973287204794048,-4.837992872278085,-2.032678833259556,3.997557948371403,4.096615194169049,2.340073128082407,-4.807511771823091,-4.555595483031695,4.958264383235581,-4.886166760022178
99.0,7.0,232.74224853515625,4.222251791271884,1.0735921610937904,3.568489478139259,-1.5178714516723275,1.2561805477329289,-3.291840577762474,4.96652896511487,-0.5518896522156904,4.652645407041193,-1.826050048345624
99.0,7.0,221.4828186035156,-4.974709299028161,-4.0755150050918685,-3.846720105713052,4.97582033734541,3.658902352056529,2.77635540121561,4.973900293608392,-2.9882095986707053,3.7959621814154594,-3.756131758314051
99.0,8.0,226.45706176757807,-4.986725973790554,-4.967723126303164,-3.032093008164,4.180943694359304,4.462813646787802,-0.2572875018674692,-4.946476630917626,-4.001861973457893,4.963157438472527,-4.959356981518067
99.0,8.0,246.3029327392578,-4.981458081028675,-4.766434794971891,-0.316295124600525,3.2943505971187266,4.8595752336409,-2.8904547622129764,-4.453961502584369,0.0003709796487973,4.770393646111825,-4.0014355842718965
99.0,8.0,208.5565490722656,3.2410458962715536,4.792797774733414,0.91887928588445,1.852595366085468,3.199229082879194,-4.290858567126283,2.71854249138082,-1.113002419089788,4.984157398825155,-4.089604673611355
99.0,8.0,244.88194274902344,-4.753561534954706,-0.5539525155595173,-0.8988072358318342,4.708296568428166,4.715306024240904,-0.2728639433495243,-4.102844793935009,-0.6960667284645066,4.978034860197391,-4.696962988889092
99.0,8.0,189.6890869140625,0.2567003670778121,-4.089883797410898,0.3611319298495923,4.092680246332741,3.27993625901784,-4.855772299661919,0.657273732095931,-3.6593035780089327,4.634114398961525,-4.213806635842481
99.0,8.0,219.49368286132807,3.338605757163161,-0.794780821558688,-1.4556645409295603,0.0189083669864869,4.997775409711211,3.57197466696901,4.80910228641719,-3.940121040067431,2.0346440780937014,-4.9994612609380855
99.0,8.0,243.47808837890625,-4.930246177545335,-4.4191965259541215,-1.814869400926689,1.9943096077752087,3.3973736482998325,-1.0132719563680568,-4.66626611662538,-2.6271758440317314,4.65670373937752,-4.546596808951243
99.0,8.0,227.14161682128903,-4.882305205256716,-4.905644128451126,4.602227918278624,3.989657157643173,4.324184224079994,-1.719456962016639,-4.4427762338589885,-2.7090944755006845,4.988544657382249,-3.6908459738799007
99.0,8.0,239.9376373291016,0.4926709373633584,3.971709877975944,4.000271252804716,-1.2263826940184577,3.435638037758066,-4.807543446239322,4.300606011412864,-0.1058871344490006,2.4569399197741366,-2.844308954653493
99.0,8.0,216.31887817382807,-4.470248551852364,-3.190998581390782,0.9834089761378366,3.4241653655649342,0.1354393646534366,-4.244073810510995,-2.765201928448093,-4.485605179605478,4.87783669797539,-4.179162951957675
99.0,8.0,219.1494903564453,-4.932829942721924,-2.989729981962728,-1.680570632038327,4.944959790761756,2.898055612601324,-1.1180470082956029,4.958459244104738,-2.332648915991904,3.734333315991228,-3.0308406118194435
99.0,8.0,207.9823455810547,4.980786362331713,0.1907538123894241,4.051983677235933,1.405964736496229,4.67549691909503,-3.223929708883736,3.268886156009517,1.5117933168004845,4.760773568805488,-4.4159542504498885
99.0,8.0,235.07000732421875,-0.7609882754341526,3.81622109981491,2.828051888462872,-1.1054932925925929,4.926167992733489,-0.7950462639919554,2.82401770930034,1.544650456852416,4.711467759895207,-4.562360186331924
99.0,8.0,210.12875366210932,4.77069828122761,-4.075514465330227,-1.513832217878471,-2.356252680970464,4.305364059110255,1.69500091872737,4.728278461170135,-4.4445790756277015,4.126410492286588,-3.524076591215151
99.0,8.0,215.7162322998047,-0.635888028710043,-2.809759647797674,0.0763883399110885,3.9132965600519376,-0.0834170564028231,-4.025932673944394,2.125504104267648,-3.701912237424983,3.167884447569988,-3.614145451103612
99.0,8.0,221.0450134277344,3.278456531041372,4.919360194949117,4.949796995431974,2.261124923431953,2.5524963234857987,-4.703158919678421,4.941485986894876,4.9834338001045415,4.736826370064838,-4.939152285126164
99.0,8.0,248.89669799804688,-3.1810807115347544,-2.317973925797782,1.4990444220989492,-2.984651191345526,4.993505034810108,3.005510608279325,1.1476791283215109,-4.293715489889235,0.7533990953715938,-4.9457641858370005
99.0,8.0,239.16900634765625,-0.1093322944020234,-4.301208706612439,-0.6802285461345265,3.5896941059649654,-1.6207360627475933,-4.807331988743211,1.351693529258069,-3.26116376022235,-0.4004681082287484,-4.752702444362607
99.0,8.0,180.0574951171875,-2.5592498821158287,-3.0360364405882887,2.8923189609348547,3.951235733598612,3.908496407683234,-4.743947742243317,2.3964022072073408,-3.640313105263514,4.589082509089119,-4.30722259675192
99.0,8.0,231.98406982421875,-4.444640180787467,-4.516813175324423,3.3054310749105524,2.890567171463089,1.4163832855564942,-1.8780941756232008,1.7745161462063763,-4.873179203094445,2.0422583974864645,-2.516320619169555
99.0,8.0,223.5975952148437,4.439696802982765,-0.2552494773534848,2.680461362451749,1.1910579111836528,4.997936196291753,-0.7995757338260079,2.4022416297002835,0.1966951708386521,2.8512094167730053,-4.9999506465157015
99.0,8.0,214.44200134277344,4.999832175834238,3.684977513807172,1.0188543469198157,-1.6318193377143628,1.902674422911654,-4.977102507896689,3.681177794256581,-2.569311413714087,2.8696559292527564,-4.347599784028894
99.0,8.0,223.22032165527344,4.656642300296631,2.225518363179724,4.098075119288925,-1.5012456383047206,4.938706545870389,-4.3017541915911695,4.389115635669711,4.990496012307427,4.818132501619137,-4.866484011136246
99.0,8.0,224.09457397460932,-2.4928476603262864,-4.847659191998149,4.933217370097508,1.0299763068341536,3.075557356908277,-1.1093610759995685,-3.8972986773900886,-3.005386551312688,4.360966267382371,-4.968319667472196
99.0,8.0,227.24305725097656,-4.356302763114138,-2.501463675636436,2.586655318461565,-3.7261349448136887,3.2698776619050927,0.3584861848533336,3.718804769865132,-1.9841260976082933,4.025159015921554,-4.369540376457173
99.0,8.0,230.7304077148437,3.20841330291287,3.142196370699944,3.9373916960197146,-0.1855172595539658,3.480457789332638,-3.5203688603497505,4.605648319932952,4.814078181730324,4.7863248048210885,-4.626974063819836
99.0,8.0,250.1676788330078,1.3886271206709293,-1.2053654109699532,-0.4087563822285416,-0.8961103236486508,4.297841948217241,1.3529530141615569,4.284352353905812,3.2917857873055545,4.104068409975718,-4.470517012508148
99.0,8.0,199.37725830078125,4.515036825640693,3.5533065947961107,0.5233080419098214,-3.6799800105915934,2.5145540533453787,-3.24280965117002,3.159547855147684,-4.825798792599256,4.342029496396881,-4.611871388204002
99.0,8.0,204.561752319336,4.113808759003945,-3.8736435173494135,-0.2896198053450654,-3.034159894474703,4.282535409950378,-0.9872245032549788,4.361952587770922,-4.119413625579629,4.11999281590491,-3.5267241946053707
99.0,8.0,211.6416015625,4.98136570331239,1.208359811674765,4.789879586574153,-1.6554015998007443,4.273750001050275,-3.2739625341341303,4.84681152911292,1.7857916973875163,4.962817549789993,-4.0870834029460505
99.0,8.0,224.89108276367188,-1.5112411858072612,0.9631744122205466,2.8489792655915376,2.287937088583986,2.603261931344796,-4.8783333426462425,1.8826172449102183,-1.089912133672706,4.443021138513334,-2.7965438213376066
99.0,8.0,235.8056640625,-2.641786884259848,-0.7858560292094476,1.9927070971070984,-1.332720848464718,0.1399855153608085,-4.219331820346126,-1.013681761403069,-4.64704111939628,2.0273995914254024,-4.519609608729168
99.0,8.0,233.28585815429688,3.240166507074973,4.927090654763431,4.388581113049779,2.2054636559774714,-1.980480057516987,-4.273382683289813,3.490934134788532,-2.14131463023238,3.249244800917442,-2.795177313682895
99.0,8.0,212.80113220214844,4.992625778844997,2.3388687697942423,0.2861901675326317,-4.197869178369322,1.1998647943166851,-3.185894561028154,3.9061371011843886,-4.317271120918476,2.5018486528107893,-4.985382407775617
99.0,8.0,228.25897216796875,4.996012469677239,-3.08587238090769,-1.5917307682365966,2.8479184331099328,3.321194524253328,-4.658406507893673,-0.1668362733244175,1.3354812828426388,4.859795837568008,-3.868019099073062
99.0,8.0,192.3993988037109,3.107576370363588,-4.822232128419199,0.3746730706703616,3.089322540154443,2.760631153885273,-4.969840808274529,1.357026953869453,-4.064997576791303,4.812505565671278,-3.1743895523702395
99.0,8.0,242.60089111328125,0.3241737446709458,0.9625932839834616,-0.3818294451893274,-4.927884584527188,1.96573549443951,-4.988407370352807,3.8593626258014377,-1.5509702439847328,1.907961024746244,-3.8422018948059686
99.0,8.0,196.6585693359375,-3.4476861919061594,-4.188599778642832,0.2420983178229874,4.412092160860901,2.7383856721826043,-4.856857252581043,-0.5183285083300759,-4.438763013587114,4.454153896482072,-4.193618042203994
99.0,8.0,236.27456665039065,-4.970741099618633,4.921930789891306,4.952713679491206,-0.9421547276020056,2.066487597899526,-4.751044205133632,4.946884388454633,3.3730448836494995,4.608971729804073,-4.180197502683937
99.0,8.0,188.6933441162109,1.5751760852384198,-1.223828588390572,-0.2059927973801472,2.963535113204251,4.708697288388923,-2.486193623361885,3.840932603145738,-4.296785703281364,3.2780526784472097,-4.5336548227453415
99.0,8.0,214.8442230224609,3.427745472278609,4.777442705255192,4.792704137756649,-2.3680772198042788,1.82840461291638,-4.155366482634669,3.921524538047464,0.684011856786495,4.535667717928313,-4.999597793102549
99.0,8.0,217.09326171875,2.991232358195788,4.360129713883557,3.976637070622526,2.1699186227241225,4.7008341469417365,-4.3441394610117845,4.885725353485388,4.906113656933182,4.889006213811056,-4.865744809557833
99.0,8.0,234.0713653564453,4.992515701430069,4.832137747662671,4.833843409969391,-0.1371892539624868,-1.5952108179600706,-3.674345244154861,4.532245416570114,-2.1421074954307464,2.82402717746447,-2.913064910502228
99.0,8.0,206.8313140869141,-2.7811512089243813,-3.917667166534828,2.6584428666396995,-1.8701447041019457,1.6618740944758716,-2.897339084287575,3.740800623486941,-3.9659058264346174,3.315872836689417,-4.286726146162596
99.0,8.0,218.44024658203125,1.214668640295174,-2.557982128533677,-0.0776014616840732,3.136156359641988,2.7275912512462623,-4.238137203430075,-0.2183224277339399,-4.774487450558161,0.924833100154884,-4.705512039507449
99.0,8.0,203.84234619140625,1.3496482922064297,0.0441447857552412,0.2320365373849373,0.357952679136454,4.859594580161186,4.56487511013869,4.860676496379308,-4.2306297220176,4.99033187115762,-4.425974736457978
99.0,8.0,203.7769470214844,4.940763731137398,-1.060184232738734,2.85513417010441,-3.11220870494919,3.887557782468354,-4.610384458816914,4.223524152847384,-3.220406853261286,4.514684365590294,-2.4835260193874413
99.0,8.0,232.49777221679688,-4.973287204794048,-4.837992872278085,-2.032678833259556,3.997557948371403,4.096615194169049,2.340073128082407,-4.807511771823091,-4.555595483031695,4.958264383235581,-4.886166760022178
99.0,8.0,232.74224853515625,4.222251791271884,1.0735921610937904,3.568489478139259,-1.5178714516723275,1.2561805477329289,-3.291840577762474,4.96652896511487,-0.5518896522156904,4.652645407041193,-1.826050048345624
99.0,8.0,221.4828186035156,-4.974709299028161,-4.0755150050918685,-3.846720105713052,4.97582033734541,3.658902352056529,2.77635540121561,4.973900293608392,-2.9882095986707053,3.7959621814154594,-3.756131758314051
99.0,9.0,225.8091735839844,-4.476168260109006,-4.265056060093191,2.866305730989488,4.409842864071708,1.8732554270426087,-4.263091384438786,-3.0838274010355287,-1.5710729607459974,4.97577530444859,-3.894448873294811
99.0,9.0,216.4061584472656,-1.1696974886541769,-3.0909699669737742,4.972465694484728,3.2943505971187266,1.941280753722692,-4.509368687911949,1.208032300975049,-4.927177662452477,1.7833036460023397,-2.9050821513852
99.0,9.0,208.5565490722656,3.2410458962715536,4.792797774733414,0.91887928588445,1.852595366085468,3.199229082879194,-4.290858567126283,2.71854249138082,-1.113002419089788,4.984157398825155,-4.089604673611355
99.0,9.0,237.5564117431641,4.999578276872409,-0.0962542361352318,-2.10859998830628,0.0941541284521823,1.787192686079795,-4.902441687763768,4.537816326162512,2.414083694485136,4.69184621239748,-2.935621136305924
99.0,9.0,189.6890869140625,0.2567003670778121,-4.089883797410898,0.3611319298495923,4.092680246332741,3.27993625901784,-4.855772299661919,0.657273732095931,-3.6593035780089327,4.634114398961525,-4.213806635842481
99.0,9.0,219.49368286132807,3.338605757163161,-0.794780821558688,-1.4556645409295603,0.0189083669864869,4.997775409711211,3.57197466696901,4.80910228641719,-3.940121040067431,2.0346440780937014,-4.9994612609380855
99.0,9.0,206.8494415283203,1.18728659069855,0.5527240615077207,-0.1138656962576765,1.9943096077752087,4.9846752305104784,4.050979281410171,4.631828549657704,-2.6282775645576444,4.917989347072192,-4.815675040553076
99.0,9.0,227.14161682128903,-4.882305205256716,-4.905644128451126,4.602227918278624,3.989657157643173,4.324184224079994,-1.719456962016639,-4.4427762338589885,-2.7090944755006845,4.988544657382249,-3.6908459738799007
99.0,9.0,239.9376373291016,0.4926709373633584,3.971709877975944,4.000271252804716,-1.2263826940184577,3.435638037758066,-4.807543446239322,4.300606011412864,-0.1058871344490006,2.4569399197741366,-2.844308954653493
99.0,9.0,216.31887817382807,-4.470248551852364,-3.190998581390782,0.9834089761378366,3.4241653655649342,0.1354393646534366,-4.244073810510995,-2.765201928448093,-4.485605179605478,4.87783669797539,-4.179162951957675
99.0,9.0,189.973876953125,1.809714195043268,-1.201816763797865,-1.6800241333725296,2.3815275180178723,4.808734670377295,-1.531136332845587,4.958459244104738,-4.373539602853869,3.734333315991228,-4.153653846966729
99.0,9.0,207.9823455810547,4.980786362331713,0.1907538123894241,4.051983677235933,1.405964736496229,4.67549691909503,-3.223929708883736,3.268886156009517,1.5117933168004845,4.760773568805488,-4.4159542504498885
99.0,9.0,235.07000732421875,-0.7609882754341526,3.81622109981491,2.828051888462872,-1.1054932925925929,4.926167992733489,-0.7950462639919554,2.82401770930034,1.544650456852416,4.711467759895207,-4.562360186331924
99.0,9.0,210.12875366210932,4.77069828122761,-4.075514465330227,-1.513832217878471,-2.356252680970464,4.305364059110255,1.69500091872737,4.728278461170135,-4.4445790756277015,4.126410492286588,-3.524076591215151
99.0,9.0,215.7162322998047,-0.635888028710043,-2.809759647797674,0.0763883399110885,3.9132965600519376,-0.0834170564028231,-4.025932673944394,2.125504104267648,-3.701912237424983,3.167884447569988,-3.614145451103612
99.0,9.0,221.0450134277344,3.278456531041372,4.919360194949117,4.949796995431974,2.261124923431953,2.5524963234857987,-4.703158919678421,4.941485986894876,4.9834338001045415,4.736826370064838,-4.939152285126164
99.0,9.0,229.73825073242188,2.567057649882176,4.871311125679701,4.861439289885389,-0.4216050892311209,3.6288982318895937,-3.984087669841736,3.5893471765653864,4.460384463695809,4.7377862929376455,-4.999689606139179
99.0,9.0,233.1221160888672,-1.4011539157863615,1.6915429122491554,3.027595005375213,4.956545706309591,-3.226339114716444,-4.94473872000307,1.5068319410768467,-3.26116376022235,2.729301601885415,-3.249695812337484
99.0,9.0,180.0574951171875,-2.5592498821158287,-3.0360364405882887,2.8923189609348547,3.951235733598612,3.908496407683234,-4.743947742243317,2.3964022072073408,-3.640313105263514,4.589082509089119,-4.30722259675192
99.0,9.0,231.98406982421875,-4.444640180787467,-4.516813175324423,3.3054310749105524,2.890567171463089,1.4163832855564942,-1.8780941756232008,1.7745161462063763,-4.873179203094445,2.0422583974864645,-2.516320619169555
99.0,9.0,223.5975952148437,4.439696802982765,-0.2552494773534848,2.680461362451749,1.1910579111836528,4.997936196291753,-0.7995757338260079,2.4022416297002835,0.1966951708386521,2.8512094167730053,-4.9999506465157015
99.0,9.0,214.44200134277344,4.999832175834238,3.684977513807172,1.0188543469198157,-1.6318193377143628,1.902674422911654,-4.977102507896689,3.681177794256581,-2.569311413714087,2.8696559292527564,-4.347599784028894
99.0,9.0,223.22032165527344,4.656642300296631,2.225518363179724,4.098075119288925,-1.5012456383047206,4.938706545870389,-4.3017541915911695,4.389115635669711,4.990496012307427,4.818132501619137,-4.866484011136246
99.0,9.0,220.32135009765625,-4.657261525739352,-4.847659191998149,2.0841502755598724,-3.507850661760304,1.7745410173717475,-1.1227924857776603,2.709946801394416,-4.753942691296994,3.227103609731493,-4.135033834549642
99.0,9.0,227.24305725097656,-4.356302763114138,-2.501463675636436,2.586655318461565,-3.7261349448136887,3.2698776619050927,0.3584861848533336,3.718804769865132,-1.9841260976082933,4.025159015921554,-4.369540376457173
99.0,9.0,213.48301696777344,4.980964674561443,4.327213104683615,4.332531843458138,-1.002073663495482,4.981919796978941,-3.224035437631791,4.743342397086915,3.089431629687159,4.836384138005982,-4.98965311247014
99.0,9.0,197.9896240234375,-0.1875177878173533,-4.666165466438169,-0.9639783917063414,4.323108459963886,2.694880891267525,-4.912227054830782,-0.8000916256727773,-4.058528532170733,4.566650092658002,-4.157004358568518
99.0,9.0,199.37725830078125,4.515036825640693,3.5533065947961107,0.5233080419098214,-3.6799800105915934,2.5145540533453787,-3.24280965117002,3.159547855147684,-4.825798792599256,4.342029496396881,-4.611871388204002
99.0,9.0,204.561752319336,4.113808759003945,-3.8736435173494135,-0.2896198053450654,-3.034159894474703,4.282535409950378,-0.9872245032549788,4.361952587770922,-4.119413625579629,4.11999281590491,-3.5267241946053707
99.0,9.0,211.6416015625,4.98136570331239,1.208359811674765,4.789879586574153,-1.6554015998007443,4.273750001050275,-3.2739625341341303,4.84681152911292,1.7857916973875163,4.962817549789993,-4.0870834029460505
99.0,9.0,224.89108276367188,-1.5112411858072612,0.9631744122205466,2.8489792655915376,2.287937088583986,2.603261931344796,-4.8783333426462425,1.8826172449102183,-1.089912133672706,4.443021138513334,-2.7965438213376066
99.0,9.0,197.11607360839844,-1.6646253152795172,0.4491512390888497,1.071066373119102,2.2372256516413604,3.6546846897884966,-1.8196282099470824,0.2881032146803903,-4.64704111939628,4.922160338571449,-4.873855366416414
99.0,9.0,221.80923461914065,4.576754910796186,4.4794195914388535,4.925869555930224,-0.2208066818587812,3.9750683238910063,-3.99393655249816,4.955515410056237,4.9937310178143335,4.968172944801314,-4.894367244490993
99.0,9.0,212.80113220214844,4.992625778844997,2.3388687697942423,0.2861901675326317,-4.197869178369322,1.1998647943166851,-3.185894561028154,3.9061371011843886,-4.317271120918476,2.5018486528107893,-4.985382407775617
99.0,9.0,228.25897216796875,4.996012469677239,-3.08587238090769,-1.5917307682365966,2.8479184331099328,3.321194524253328,-4.658406507893673,-0.1668362733244175,1.3354812828426388,4.859795837568008,-3.868019099073062
99.0,9.0,174.29299926757812,2.3362157014224354,2.9282202258369354,1.328519378500001,-0.3200915382064182,2.760631153885273,-4.969840808274529,4.888090549021442,-4.064997576791303,4.812505565671278,-4.999626606870295
99.0,9.0,236.78033447265625,4.8497994966746285,-2.111488265375531,-0.5414899184221631,-1.782650886515088,4.571627469445235,2.044482398725558,4.877948508455324,0.2859805749356008,4.202705700287734,-3.5777588187604854
99.0,9.0,196.6585693359375,-3.4476861919061594,-4.188599778642832,0.2420983178229874,4.412092160860901,2.7383856721826043,-4.856857252581043,-0.5183285083300759,-4.438763013587114,4.454153896482072,-4.193618042203994
99.0,9.0,219.6428375244141,-4.908767049258167,-4.923194300207771,4.744032754866816,4.199512467915421,3.4113092345406435,-1.3349191870132984,-4.8692033657416935,-4.257129913206458,4.994748339039446,-4.0295498308415
99.0,9.0,188.6933441162109,1.5751760852384198,-1.223828588390572,-0.2059927973801472,2.963535113204251,4.708697288388923,-2.486193623361885,3.840932603145738,-4.296785703281364,3.2780526784472097,-4.5336548227453415
99.0,9.0,214.8442230224609,3.427745472278609,4.777442705255192,4.792704137756649,-2.3680772198042788,1.82840461291638,-4.155366482634669,3.921524538047464,0.684011856786495,4.535667717928313,-4.999597793102549
99.0,9.0,201.90879821777344,-4.843850550720526,-4.689256267819024,0.0624958878244231,4.681841576638456,4.7008341469417365,-4.903001979202182,-2.150494131691829,-3.782290415569265,4.889006213811056,-3.9671858162105726
99.0,9.0,214.68228149414065,4.664082580436743,-2.781778582169207,1.4365376945807762,2.0934294900580306,4.99841141497806,-0.7882952123338463,1.7895698732931398,-1.0880005513294613,2.946756046997101,-4.999983961150395
99.0,9.0,206.8313140869141,-2.7811512089243813,-3.917667166534828,2.6584428666396995,-1.8701447041019457,1.6618740944758716,-2.897339084287575,3.740800623486941,-3.9659058264346174,3.315872836689417,-4.286726146162596
99.0,9.0,218.44024658203125,1.214668640295174,-2.557982128533677,-0.0776014616840732,3.136156359641988,2.7275912512462623,-4.238137203430075,-0.2183224277339399,-4.774487450558161,0.924833100154884,-4.705512039507449
99.0,9.0,184.56842041015625,-4.794606648569049,0.027611659842341,4.380312246438499,3.928213531621935,2.792819232524377,-4.898693723954361,2.7276682244817514,-3.599683557091541,4.841534169003296,-4.162062841839815
99.0,9.0,171.46900939941406,4.8512477537961605,4.97072954122931,4.968231739757785,-0.1228629252462223,3.887557782468354,-4.857263370019457,4.987687230884588,-3.220406853261286,4.904809627586852,-4.760196157386887
99.0,9.0,227.3378753662109,-4.958596099227403,-3.223544485148456,-1.7548881176580569,4.9651366113803554,3.021094162871271,-1.981562586847857,4.057198793465623,-1.9522483080879272,3.9695713506284265,-2.312099693902562
99.0,9.0,230.74256896972656,3.393685152956744,0.9578652940899132,-0.3761372217475114,-0.6249617452983466,4.931640394317855,3.3664631720593654,2.7551266582816183,-2.111932505006049,3.424303934040021,-4.971992065458998
99.0,9.0,216.8278350830078,-4.054998422396627,-4.986537107256577,-1.8588119823460283,4.653787030270116,4.365653494289393,-0.9912111322939202,-4.958951307409051,-4.51249220031009,4.98491285695868,-4.975198429452529
99.0,10.0,223.82308959960932,4.150536786137412,-1.7390517887783918,-1.5773591902319313,2.860255071123242,1.8732554270426087,-3.752620686604668,2.4766962471914784,-2.1173475564864845,2.143888301548816,-4.09936251625806
99.0,10.0,215.2793426513672,4.9901091927998085,3.800289426272311,3.066938327915507,-0.9313514071284172,4.6676397226462445,-4.509368687911949,3.8737781595312097,3.079936393314449,4.858900082942186,-4.942945132015421
99.0,10.0,208.5565490722656,3.2410458962715536,4.792797774733414,0.91887928588445,1.852595366085468,3.199229082879194,-4.290858567126283,2.71854249138082,-1.113002419089788,4.984157398825155,-4.089604673611355
99.0,10.0,210.48782348632807,2.607070030611519,2.514842573350825,2.307706431177877,2.5260193950992336,4.621149824508692,-2.718704481486058,4.659810645515775,0.5821749220499877,3.593101048242012,-4.650474945554699
99.0,10.0,189.6890869140625,0.2567003670778121,-4.089883797410898,0.3611319298495923,4.092680246332741,3.27993625901784,-4.855772299661919,0.657273732095931,-3.6593035780089327,4.634114398961525,-4.213806635842481
99.0,10.0,219.49368286132807,3.338605757163161,-0.794780821558688,-1.4556645409295603,0.0189083669864869,4.997775409711211,3.57197466696901,4.80910228641719,-3.940121040067431,2.0346440780937014,-4.9994612609380855
99.0,10.0,206.8494415283203,1.18728659069855,0.5527240615077207,-0.1138656962576765,1.9943096077752087,4.9846752305104784,4.050979281410171,4.631828549657704,-2.6282775645576444,4.917989347072192,-4.815675040553076
99.0,10.0,227.14161682128903,-4.882305205256716,-4.905644128451126,4.602227918278624,3.989657157643173,4.324184224079994,-1.719456962016639,-4.4427762338589885,-2.7090944755006845,4.988544657382249,-3.6908459738799007
99.0,10.0,172.8487091064453,-4.837250394370866,0.4464151982229034,4.628072355956589,4.901807351635206,2.605799731390805,-4.968495194129779,4.300606011412864,-3.3601332969334843,4.879584827823088,-4.552312042913089
99.0,10.0,177.02001953125,2.867141970961892,-3.190998581390782,4.051309597502697,2.5662124725241333,0.1354393646534366,-4.987109283754856,3.9464296131403183,-4.89195285204328,3.9005672820607367,-4.179162951957675
99.0,10.0,189.973876953125,1.809714195043268,-1.201816763797865,-1.6800241333725296,2.3815275180178723,4.808734670377295,-1.531136332845587,4.958459244104738,-4.373539602853869,3.734333315991228,-4.153653846966729
99.0,10.0,207.9823455810547,4.980786362331713,0.1907538123894241,4.051983677235933,1.405964736496229,4.67549691909503,-3.223929708883736,3.268886156009517,1.5117933168004845,4.760773568805488,-4.4159542504498885
99.0,10.0,235.07000732421875,-0.7609882754341526,3.81622109981491,2.828051888462872,-1.1054932925925929,4.926167992733489,-0.7950462639919554,2.82401770930034,1.544650456852416,4.711467759895207,-4.562360186331924
99.0,10.0,210.12875366210932,4.77069828122761,-4.075514465330227,-1.513832217878471,-2.356252680970464,4.305364059110255,1.69500091872737,4.728278461170135,-4.4445790756277015,4.126410492286588,-3.524076591215151
99.0,10.0,207.27978515625,3.192461824695716,4.413236801877196,-1.2073720621272543,-3.0123249797944305,1.7579946297628777,-4.090748788240219,2.125504104267648,-4.858720873414171,4.266873504337523,-4.6339922550635535
99.0,10.0,200.40090942382807,4.872892954655457,-0.0320241085918393,4.081072708155565,-0.3092498250565576,4.303364826260957,-4.703158919678421,3.8533745261282055,-0.611108723346871,3.979356007366928,-4.153816720635778
99.0,10.0,222.6688690185547,4.997726614908908,2.4068721480028854,2.5554524879517744,-4.804720173427302,1.336476048611694,-3.554815468163107,4.357341998154977,-0.6241624544342148,3.2810143825901754,-4.989741724460935
99.0,10.0,233.1221160888672,-1.4011539157863615,1.6915429122491554,3.027595005375213,4.956545706309591,-3.226339114716444,-4.94473872000307,1.5068319410768467,-3.26116376022235,2.729301601885415,-3.249695812337484
99.0,10.0,180.0574951171875,-2.5592498821158287,-3.0360364405882887,2.8923189609348547,3.951235733598612,3.908496407683234,-4.743947742243317,2.3964022072073408,-3.640313105263514,4.589082509089119,-4.30722259675192
99.0,10.0,223.4050750732422,3.492229488113587,4.97452531245386,2.78056349542586,4.386961034491862,4.12592661143651,-1.8780941756232008,4.970367200355506,4.779616911894916,4.946056609715743,-4.872616135528231
99.0,10.0,215.4918975830078,1.330651980611834,2.797400245207319,4.184093266996924,1.4241986941809526,2.7857393910739336,-4.821085505005385,3.525152833967889,2.904059136134401,4.7714914450549895,-4.9999506465157015
99.0,10.0,214.44200134277344,4.999832175834238,3.684977513807172,1.0188543469198157,-1.6318193377143628,1.902674422911654,-4.977102507896689,3.681177794256581,-2.569311413714087,2.8696559292527564,-4.347599784028894
99.0,10.0,223.22032165527344,4.656642300296631,2.225518363179724,4.098075119288925,-1.5012456383047206,4.938706545870389,-4.3017541915911695,4.389115635669711,4.990496012307427,4.818132501619137,-4.866484011136246
99.0,10.0,179.65084838867188,0.022925928805912,0.2489305670211941,0.2454977985640037,2.6255815351937577,4.4825209261359165,-4.91969055939243,2.564737600679959,-4.037946604449566,4.847138698913358,-4.5018609079640655
99.0,10.0,179.1095428466797,-4.0461248660076325,-4.9845075231809455,0.0097348308461772,4.907171017918259,2.031894063349233,-4.898343463487034,3.718804769865132,-4.287563802998838,4.56245904546972,-4.059426458410246
99.0,10.0,213.48301696777344,4.980964674561443,4.327213104683615,4.332531843458138,-1.002073663495482,4.981919796978941,-3.224035437631791,4.743342397086915,3.089431629687159,4.836384138005982,-4.98965311247014
99.0,10.0,197.9896240234375,-0.1875177878173533,-4.666165466438169,-0.9639783917063414,4.323108459963886,2.694880891267525,-4.912227054830782,-0.8000916256727773,-4.058528532170733,4.566650092658002,-4.157004358568518
99.0,10.0,195.05484008789065,-4.292237041545191,-4.1223219894130425,-0.0645687326343029,4.982227501864578,3.9796886915740974,-4.848481809819498,-0.4743865990764857,-4.535187241998306,4.503994370385701,-3.916148633473097
99.0,10.0,204.561752319336,4.113808759003945,-3.8736435173494135,-0.2896198053450654,-3.034159894474703,4.282535409950378,-0.9872245032549788,4.361952587770922,-4.119413625579629,4.11999281590491,-3.5267241946053707
99.0,10.0,211.6416015625,4.98136570331239,1.208359811674765,4.789879586574153,-1.6554015998007443,4.273750001050275,-3.2739625341341303,4.84681152911292,1.7857916973875163,4.962817549789993,-4.0870834029460505
99.0,10.0,224.89108276367188,-1.5112411858072612,0.9631744122205466,2.8489792655915376,2.287937088583986,2.603261931344796,-4.8783333426462425,1.8826172449102183,-1.089912133672706,4.443021138513334,-2.7965438213376066
99.0,10.0,182.3686370849609,3.5688953448362835,3.3422982566790216,2.312436079338031,2.1368161609218483,4.211109104746914,-4.9896589655817305,4.908528170481244,-0.9321295727425634,4.829114154565374,-4.873855366416414
99.0,10.0,221.80923461914065,4.576754910796186,4.4794195914388535,4.925869555930224,-0.2208066818587812,3.9750683238910063,-3.99393655249816,4.955515410056237,4.9937310178143335,4.968172944801314,-4.894367244490993
99.0,10.0,212.80113220214844,4.992625778844997,2.3388687697942423,0.2861901675326317,-4.197869178369322,1.1998647943166851,-3.185894561028154,3.9061371011843886,-4.317271120918476,2.5018486528107893,-4.985382407775617
99.0,10.0,228.25897216796875,4.996012469677239,-3.08587238090769,-1.5917307682365966,2.8479184331099328,3.321194524253328,-4.658406507893673,-0.1668362733244175,1.3354812828426388,4.859795837568008,-3.868019099073062
99.0,10.0,174.29299926757812,2.3362157014224354,2.9282202258369354,1.328519378500001,-0.3200915382064182,2.760631153885273,-4.969840808274529,4.888090549021442,-4.064997576791303,4.812505565671278,-4.999626606870295
99.0,10.0,182.86602783203125,0.7864480569833692,-4.141888109243858,-3.0727724771486424,2.1093007452935275,4.889842313103248,-1.4871955991345736,3.945879019401276,-4.962339229536251,4.202705700287734,-4.625614961899984
99.0,10.0,196.6585693359375,-3.4476861919061594,-4.188599778642832,0.2420983178229874,4.412092160860901,2.7383856721826043,-4.856857252581043,-0.5183285083300759,-4.438763013587114,4.454153896482072,-4.193618042203994
99.0,10.0,219.6428375244141,-4.908767049258167,-4.923194300207771,4.744032754866816,4.199512467915421,3.4113092345406435,-1.3349191870132984,-4.8692033657416935,-4.257129913206458,4.994748339039446,-4.0295498308415
99.0,10.0,188.6933441162109,1.5751760852384198,-1.223828588390572,-0.2059927973801472,2.963535113204251,4.708697288388923,-2.486193623361885,3.840932603145738,-4.296785703281364,3.2780526784472097,-4.5336548227453415
99.0,10.0,214.8442230224609,3.427745472278609,4.777442705255192,4.792704137756649,-2.3680772198042788,1.82840461291638,-4.155366482634669,3.921524538047464,0.684011856786495,4.535667717928313,-4.999597793102549
99.0,10.0,201.90879821777344,-4.843850550720526,-4.689256267819024,0.0624958878244231,4.681841576638456,4.7008341469417365,-4.903001979202182,-2.150494131691829,-3.782290415569265,4.889006213811056,-3.9671858162105726
99.0,10.0,214.68228149414065,4.664082580436743,-2.781778582169207,1.4365376945807762,2.0934294900580306,4.99841141497806,-0.7882952123338463,1.7895698732931398,-1.0880005513294613,2.946756046997101,-4.999983961150395
99.0,10.0,206.8313140869141,-2.7811512089243813,-3.917667166534828,2.6584428666396995,-1.8701447041019457,1.6618740944758716,-2.897339084287575,3.740800623486941,-3.9659058264346174,3.315872836689417,-4.286726146162596
99.0,10.0,218.44024658203125,1.214668640295174,-2.557982128533677,-0.0776014616840732,3.136156359641988,2.7275912512462623,-4.238137203430075,-0.2183224277339399,-4.774487450558161,0.924833100154884,-4.705512039507449
99.0,10.0,184.56842041015625,-4.794606648569049,0.027611659842341,4.380312246438499,3.928213531621935,2.792819232524377,-4.898693723954361,2.7276682244817514,-3.599683557091541,4.841534169003296,-4.162062841839815
99.0,10.0,171.46900939941406,4.8512477537961605,4.97072954122931,4.968231739757785,-0.1228629252462223,3.887557782468354,-4.857263370019457,4.987687230884588,-3.220406853261286,4.904809627586852,-4.760196157386887
99.0,10.0,201.83154296875,-4.958596099227403,-1.6404675744359145,2.984161468265424,4.9651366113803554,0.2217913849749626,-3.5632402256554223,2.298876121401543,-4.690288713942381,2.4148226899935934,-4.865686742829875
99.0,10.0,221.03567504882807,3.393685152956744,-1.0587938444696945,0.1874540144961991,-0.1251042893597072,0.6670871744557239,-3.4875179106985605,2.7551266582816183,-3.395697588630666,1.4383803142025626,-4.971992065458998
99.0,10.0,191.1156005859375,-0.7556481889234394,4.887667771088758,3.3709806378269738,-0.0059746316585553,3.118492117236327,-3.281936920373409,2.098955705900824,-4.51249220031009,4.818479677820626,-4.9999815633918345
99.0,11.0,213.15826416015625,0.8376736889474339,1.274925587138986,4.167619858137162,2.860255071123242,2.5759126613918,-4.885847725399206,1.5684101746188812,0.8133831511603664,4.621608489260436,-4.585408768498999
99.0,11.0,197.34210205078125,4.961462392160395,-3.0978094367842743,-0.5602562225518957,-2.91511874121708,4.743203984192219,0.0925899273251134,4.402676286816627,-3.283370097718282,4.858900082942186,-4.453689756713917
99.0,11.0,208.5565490722656,3.2410458962715536,4.792797774733414,0.91887928588445,1.852595366085468,3.199229082879194,-4.290858567126283,2.71854249138082,-1.113002419089788,4.984157398825155,-4.089604673611355
99.0,11.0,210.48782348632807,2.607070030611519,2.514842573350825,2.307706431177877,2.5260193950992336,4.621149824508692,-2.718704481486058,4.659810645515775,0.5821749220499877,3.593101048242012,-4.650474945554699
99.0,11.0,189.6890869140625,0.2567003670778121,-4.089883797410898,0.3611319298495923,4.092680246332741,3.27993625901784,-4.855772299661919,0.657273732095931,-3.6593035780089327,4.634114398961525,-4.213806635842481
99.0,11.0,209.0172576904297,-0.5222189193214204,-2.508926862924186,0.5152636255162362,3.709592003313386,4.363188947279996,-4.088472793139708,-0.0381446246753975,-1.959134030966308,4.589839900243886,-3.970514460322081
99.0,11.0,204.2406311035156,-0.7799402247113583,4.6978872846606485,2.307854963821121,-2.4384348045985043,2.397874890678169,-3.1818820309303777,1.8024365123442367,-4.543513961170495,4.45983773057681,-4.999987247270664
99.0,11.0,227.14161682128903,-4.882305205256716,-4.905644128451126,4.602227918278624,3.989657157643173,4.324184224079994,-1.719456962016639,-4.4427762338589885,-2.7090944755006845,4.988544657382249,-3.6908459738799007
99.0,11.0,172.8487091064453,-4.837250394370866,0.4464151982229034,4.628072355956589,4.901807351635206,2.605799731390805,-4.968495194129779,4.300606011412864,-3.3601332969334843,4.879584827823088,-4.552312042913089
99.0,11.0,177.02001953125,2.867141970961892,-3.190998581390782,4.051309597502697,2.5662124725241333,0.1354393646534366,-4.987109283754856,3.9464296131403183,-4.89195285204328,3.9005672820607367,-4.179162951957675
99.0,11.0,189.1214599609375,1.1294643447976296,3.916642983915629,2.680650598284365,-0.1265352545293754,4.808734670377295,-4.878305198994728,4.634661083570661,-1.3086969507772377,4.918348565573226,-4.648903784761616
99.0,11.0,207.9823455810547,4.980786362331713,0.1907538123894241,4.051983677235933,1.405964736496229,4.67549691909503,-3.223929708883736,3.268886156009517,1.5117933168004845,4.760773568805488,-4.4159542504498885
99.0,11.0,183.957748413086,2.949820768019771,0.7051980501802508,-0.878330969091861,2.256673685344482,4.722462647657016,-1.2067033558481457,4.835321608661721,-4.940845651462614,3.3623497212115683,-4.926402374639961
99.0,11.0,210.12875366210932,4.77069828122761,-4.075514465330227,-1.513832217878471,-2.356252680970464,4.305364059110255,1.69500091872737,4.728278461170135,-4.4445790756277015,4.126410492286588,-3.524076591215151
99.0,11.0,207.27978515625,3.192461824695716,4.413236801877196,-1.2073720621272543,-3.0123249797944305,1.7579946297628777,-4.090748788240219,2.125504104267648,-4.858720873414171,4.266873504337523,-4.6339922550635535
99.0,11.0,200.40090942382807,4.872892954655457,-0.0320241085918393,4.081072708155565,-0.3092498250565576,4.303364826260957,-4.703158919678421,3.8533745261282055,-0.611108723346871,3.979356007366928,-4.153816720635778
99.0,11.0,222.6688690185547,4.997726614908908,2.4068721480028854,2.5554524879517744,-4.804720173427302,1.336476048611694,-3.554815468163107,4.357341998154977,-0.6241624544342148,3.2810143825901754,-4.989741724460935
99.0,11.0,201.6423797607422,2.955475343960752,-2.678331270413969,-3.3794628764114374,1.3778740508732057,4.47902958099079,-0.9073924150215162,4.321854803329243,-3.991748741694127,2.991324804733141,-4.596794040744755
99.0,11.0,180.0574951171875,-2.5592498821158287,-3.0360364405882887,2.8923189609348547,3.951235733598612,3.908496407683234,-4.743947742243317,2.3964022072073408,-3.640313105263514,4.589082509089119,-4.30722259675192
99.0,11.0,223.4050750732422,3.492229488113587,4.97452531245386,2.78056349542586,4.386961034491862,4.12592661143651,-1.8780941756232008,4.970367200355506,4.779616911894916,4.946056609715743,-4.872616135528231
99.0,11.0,170.226806640625,3.641436503364475,3.377662833846993,3.173608212326553,1.4241986941809526,1.1883827067030712,-4.990551050711356,4.914886149488707,-4.6813222138084765,4.445732007220883,-4.982304764927892
99.0,11.0,208.94992065429688,0.3500710735366197,2.507657907310489,1.0188543469198157,4.979259267920777,4.108435924462484,-3.709006409419525,3.681177794256581,0.974812670859372,3.84695300157948,-4.9953399678683645
99.0,11.0,183.2367553710937,-2.4490702004758487,-2.45642542732268,-0.1159245530101067,3.441301689887894,3.7953125617374894,-3.166311891588445,4.389115635669711,-4.596268548928682,4.037995508148685,-4.1919427864031
99.0,11.0,179.65084838867188,0.022925928805912,0.2489305670211941,0.2454977985640037,2.6255815351937577,4.4825209261359165,-4.91969055939243,2.564737600679959,-4.037946604449566,4.847138698913358,-4.5018609079640655
99.0,11.0,179.1095428466797,-4.0461248660076325,-4.9845075231809455,0.0097348308461772,4.907171017918259,2.031894063349233,-4.898343463487034,3.718804769865132,-4.287563802998838,4.56245904546972,-4.059426458410246
99.0,11.0,173.8743896484375,-4.591889751435719,-4.985151320806494,-1.722357548782147,4.949307116723124,2.49800733383368,-4.981504396106888,4.202087775352121,-4.899369002498619,4.700877969341202,-4.059440865294119
99.0,11.0,197.9896240234375,-0.1875177878173533,-4.666165466438169,-0.9639783917063414,4.323108459963886,2.694880891267525,-4.912227054830782,-0.8000916256727773,-4.058528532170733,4.566650092658002,-4.157004358568518
99.0,11.0,172.54360961914062,-2.46566729543612,0.8402176211109698,4.658165983523359,2.843089525946485,3.353069591428381,-4.846586066182176,3.995460886003065,-4.706516256229426,4.644642689263339,-4.187328694870166
99.0,11.0,189.71389770507807,2.208577037399715,-1.3494423914788256,-0.2896198053450654,2.494192238657774,3.4742646285810435,-1.528807074988013,4.98397783866142,-4.626176296568656,3.57105973182056,-4.199774168066566
99.0,11.0,211.6416015625,4.98136570331239,1.208359811674765,4.789879586574153,-1.6554015998007443,4.273750001050275,-3.2739625341341303,4.84681152911292,1.7857916973875163,4.962817549789993,-4.0870834029460505
99.0,11.0,202.381088256836,2.8615037984457974,2.8719880703546266,-1.2664669708658651,0.4901403313763945,3.1888143747239046,-4.8783333426462425,2.972831522202178,-2.867154870206167,4.9856916333782095,-3.776058410596151
99.0,11.0,182.3686370849609,3.5688953448362835,3.3422982566790216,2.312436079338031,2.1368161609218483,4.211109104746914,-4.9896589655817305,4.908528170481244,-0.9321295727425634,4.829114154565374,-4.873855366416414
99.0,11.0,221.80923461914065,4.576754910796186,4.4794195914388535,4.925869555930224,-0.2208066818587812,3.9750683238910063,-3.99393655249816,4.955515410056237,4.9937310178143335,4.968172944801314,-4.894367244490993
99.0,11.0,190.47080993652344,-4.940625074315441,-4.954254274203594,1.158608956648032,4.87055137993777,3.386877118157073,0.0723601092149994,3.9061371011843886,-4.537322341136719,4.687034938373745,-3.909115306223369
99.0,11.0,212.48165893554688,2.332347023521784,-4.089806178748992,-0.8215981044358953,3.1476674606303265,4.616265441781545,-4.160764212574552,-0.3839554363711452,-4.794802224644148,0.7986072701977953,-4.778091916963501
99.0,11.0,174.29299926757812,2.3362157014224354,2.9282202258369354,1.328519378500001,-0.3200915382064182,2.760631153885273,-4.969840808274529,4.888090549021442,-4.064997576791303,4.812505565671278,-4.999626606870295
99.0,11.0,182.86602783203125,0.7864480569833692,-4.141888109243858,-3.0727724771486424,2.1093007452935275,4.889842313103248,-1.4871955991345736,3.945879019401276,-4.962339229536251,4.202705700287734,-4.625614961899984
99.0,11.0,196.6585693359375,-3.4476861919061594,-4.188599778642832,0.2420983178229874,4.412092160860901,2.7383856721826043,-4.856857252581043,-0.5183285083300759,-4.438763013587114,4.454153896482072,-4.193618042203994
99.0,11.0,219.6428375244141,-4.908767049258167,-4.923194300207771,4.744032754866816,4.199512467915421,3.4113092345406435,-1.3349191870132984,-4.8692033657416935,-4.257129913206458,4.994748339039446,-4.0295498308415
99.0,11.0,188.6933441162109,1.5751760852384198,-1.223828588390572,-0.2059927973801472,2.963535113204251,4.708697288388923,-2.486193623361885,3.840932603145738,-4.296785703281364,3.2780526784472097,-4.5336548227453415
99.0,11.0,178.78787231445312,-4.814893455673214,-2.790921035291543,4.881001878812053,4.919786864996055,4.268170561837399,-4.096416141515194,3.585382473920796,-3.318715972025138,4.34712375605814,-4.111894125680708
99.0,11.0,198.65365600585932,1.7621280478932506,-4.689256267819024,-1.7722079531892707,2.606726559984918,4.866479461779139,-2.138068265047598,3.2269890422659886,-2.407310486804618,3.819847736829419,-4.488875683572181
99.0,11.0,212.85243225097656,4.950007099081538,-0.0402204816464235,-1.527991113713715,0.8238726266184346,2.1396442369730897,-3.021395141075653,3.052201468642864,-2.578134322630389,2.675622470852929,-4.999983961150395
99.0,11.0,206.8313140869141,-2.7811512089243813,-3.917667166534828,2.6584428666396995,-1.8701447041019457,1.6618740944758716,-2.897339084287575,3.740800623486941,-3.9659058264346174,3.315872836689417,-4.286726146162596
99.0,11.0,218.44024658203125,1.214668640295174,-2.557982128533677,-0.0776014616840732,3.136156359641988,2.7275912512462623,-4.238137203430075,-0.2183224277339399,-4.774487450558161,0.924833100154884,-4.705512039507449
99.0,11.0,184.56842041015625,-4.794606648569049,0.027611659842341,4.380312246438499,3.928213531621935,2.792819232524377,-4.898693723954361,2.7276682244817514,-3.599683557091541,4.841534169003296,-4.162062841839815
99.0,11.0,171.46900939941406,4.8512477537961605,4.97072954122931,4.968231739757785,-0.1228629252462223,3.887557782468354,-4.857263370019457,4.987687230884588,-3.220406853261286,4.904809627586852,-4.760196157386887
99.0,11.0,196.10064697265625,4.054089292936855,-2.284813315724387,4.8410045012721845,0.8021659432267756,0.3158243508885614,-4.990794061257124,3.988195488925888,-3.6383244982246943,2.4148226899935934,-4.348752035415396
99.0,11.0,192.88951110839844,4.933711587409143,-0.7844804611094682,-0.6986319012111056,-3.868643129563688,4.139978212944348,-3.4875179106985605,4.824264394822455,-2.360610603305746,4.465939883660579,-4.971992065458998
99.0,11.0,191.1156005859375,-0.7556481889234394,4.887667771088758,3.3709806378269738,-0.0059746316585553,3.118492117236327,-3.281936920373409,2.098955705900824,-4.51249220031009,4.818479677820626,-4.9999815633918345
99.0,12.0,213.15826416015625,0.8376736889474339,1.274925587138986,4.167619858137162,2.860255071123242,2.5759126613918,-4.885847725399206,1.5684101746188812,0.8133831511603664,4.621608489260436,-4.585408768498999
99.0,12.0,196.703857421875,4.398002393191237,4.759065966798245,-0.807066121316943,-4.503883977979163,2.413817190301155,-4.076456610550345,3.8351426324005016,-4.972738657466332,4.408474073500731,-4.721385949507498
99.0,12.0,208.5565490722656,3.2410458962715536,4.792797774733414,0.91887928588445,1.852595366085468,3.199229082879194,-4.290858567126283,2.71854249138082,-1.113002419089788,4.984157398825155,-4.089604673611355
99.0,12.0,201.0811767578125,0.8288021468425919,-3.6916080263290665,1.3433598631521595,3.82407276840163,3.4001254281923026,-4.793448727898997,-1.7029344097451675,-3.4290005835531803,4.51075236253196,-4.280895224297418
99.0,12.0,189.6890869140625,0.2567003670778121,-4.089883797410898,0.3611319298495923,4.092680246332741,3.27993625901784,-4.855772299661919,0.657273732095931,-3.6593035780089327,4.634114398961525,-4.213806635842481
99.0,12.0,171.51446533203125,-0.5222189193214204,-2.3445138476096177,4.6432844281969246,4.280820674736831,1.2691068606246212,-4.088472793139708,4.0419884295091215,-4.7708034836045625,4.605248326610243,-4.2000018105311145
99.0,12.0,183.634765625,-3.226491773075152,-4.405409085083814,-2.1247992642127977,4.341607234395317,2.053545174484204,-3.1818820309303777,4.623120234236067,-4.924602756833059,4.191487885129539,-4.1740707191663615
99.0,12.0,208.295654296875,3.8746924264339873,3.613812624615144,-0.7682265970816035,0.300548265196549,3.4246332905403705,-4.904694024494347,4.441263981759558,-1.0364123544719803,4.998021362861588,-3.4681047276481043
99.0,12.0,172.6559600830078,1.287770917750744,4.987219144634355,4.628072355956589,4.962512695440354,2.97583467783977,-4.986365069672085,4.989847354287881,-2.622847519484983,4.9996709118692015,-4.452181619825044
99.0,12.0,177.02001953125,2.867141970961892,-3.190998581390782,4.051309597502697,2.5662124725241333,0.1354393646534366,-4.987109283754856,3.9464296131403183,-4.89195285204328,3.9005672820607367,-4.179162951957675
99.0,12.0,189.1214599609375,1.1294643447976296,3.916642983915629,2.680650598284365,-0.1265352545293754,4.808734670377295,-4.878305198994728,4.634661083570661,-1.3086969507772377,4.918348565573226,-4.648903784761616
99.0,12.0,207.9823455810547,4.980786362331713,0.1907538123894241,4.051983677235933,1.405964736496229,4.67549691909503,-3.223929708883736,3.268886156009517,1.5117933168004845,4.760773568805488,-4.4159542504498885
99.0,12.0,183.957748413086,2.949820768019771,0.7051980501802508,-0.878330969091861,2.256673685344482,4.722462647657016,-1.2067033558481457,4.835321608661721,-4.940845651462614,3.3623497212115683,-4.926402374639961
99.0,12.0,202.5048217773437,-4.898313389527742,-1.8204263525279567,2.9668301266029644,3.0663575959304485,4.118186436934065,-3.843391197549799,-2.281996279602115,-4.986206259399921,4.887359212723773,-4.030639790655316
99.0,12.0,207.27978515625,3.192461824695716,4.413236801877196,-1.2073720621272543,-3.0123249797944305,1.7579946297628777,-4.090748788240219,2.125504104267648,-4.858720873414171,4.266873504337523,-4.6339922550635535
99.0,12.0,200.40090942382807,4.872892954655457,-0.0320241085918393,4.081072708155565,-0.3092498250565576,4.303364826260957,-4.703158919678421,3.8533745261282055,-0.611108723346871,3.979356007366928,-4.153816720635778
99.0,12.0,203.99853515625,4.997726614908908,4.385726015362776,0.1293413713205669,1.8439815838745257,4.700318175536653,-4.318821280173953,4.357341998154977,-0.6241624544342148,3.522398069007566,-4.687160838863685
99.0,12.0,197.46310424804688,3.535768997042269,-2.678331270413969,4.966544277382693,-2.463391582238847,4.47902958099079,-0.9073924150215162,4.560776879050041,-4.080429689805476,2.327684355801236,-4.741842341129487
99.0,12.0,178.8341827392578,-3.239298985761605,-4.432295482697654,2.8923189609348547,4.47334243587378,3.134724797697915,-3.1921905902408745,4.250787577600745,-4.386792322313388,3.996903686251876,-4.12799166817314
99.0,12.0,163.6416473388672,1.6239598878835473,-0.3667413261291026,4.460181669822019,4.928021552223397,2.1235305422826865,-4.995036793562344,4.915206296857987,-4.068923219235797,4.389375019961548,-4.538258204132914
99.0,12.0,170.226806640625,3.641436503364475,3.377662833846993,3.173608212326553,1.4241986941809526,1.1883827067030712,-4.990551050711356,4.914886149488707,-4.6813222138084765,4.445732007220883,-4.982304764927892
99.0,12.0,204.9660186767578,0.1636690421978217,-2.628173048244383,-4.415161726722755,2.595543816731882,1.0508994443424144,-3.9001824846872295,3.681177794256581,-4.128753112043374,2.6456746711207857,-4.821727268572511
99.0,12.0,183.2367553710937,-2.4490702004758487,-2.45642542732268,-0.1159245530101067,3.441301689887894,3.7953125617374894,-3.166311891588445,4.389115635669711,-4.596268548928682,4.037995508148685,-4.1919427864031
99.0,12.0,179.65084838867188,0.022925928805912,0.2489305670211941,0.2454977985640037,2.6255815351937577,4.4825209261359165,-4.91969055939243,2.564737600679959,-4.037946604449566,4.847138698913358,-4.5018609079640655
99.0,12.0,179.1095428466797,-4.0461248660076325,-4.9845075231809455,0.0097348308461772,4.907171017918259,2.031894063349233,-4.898343463487034,3.718804769865132,-4.287563802998838,4.56245904546972,-4.059426458410246
99.0,12.0,173.61538696289062,4.302711483584879,4.110673726660344,2.04833701719539,4.949307116723124,4.340504796823647,-1.4021526440924597,4.927425044903603,-4.899369002498619,3.7340251759255727,-4.927255449949199
99.0,12.0,197.9896240234375,-0.1875177878173533,-4.666165466438169,-0.9639783917063414,4.323108459963886,2.694880891267525,-4.912227054830782,-0.8000916256727773,-4.058528532170733,4.566650092658002,-4.157004358568518
99.0,12.0,172.54360961914062,-2.46566729543612,0.8402176211109698,4.658165983523359,2.843089525946485,3.353069591428381,-4.846586066182176,3.995460886003065,-4.706516256229426,4.644642689263339,-4.187328694870166
99.0,12.0,181.33792114257807,-4.503338632403736,2.266238496997866,0.9721664433401808,1.6845761270590938,3.6272931472410654,-2.9876302426430468,4.98397783866142,-4.6100806273513655,4.838328293356065,-4.601087778241746
99.0,12.0,211.6416015625,4.98136570331239,1.208359811674765,4.789879586574153,-1.6554015998007443,4.273750001050275,-3.2739625341341303,4.84681152911292,1.7857916973875163,4.962817549789993,-4.0870834029460505
99.0,12.0,192.8463592529297,4.984575530456495,-4.46618022862366,2.8647169562741044,-2.413673848584524,3.1888143747239046,-4.8783333426462425,4.858242511022863,-2.276897051615828,3.840882454721031,-3.871052679437676
99.0,12.0,182.3686370849609,3.5688953448362835,3.3422982566790216,2.312436079338031,2.1368161609218483,4.211109104746914,-4.9896589655817305,4.908528170481244,-0.9321295727425634,4.829114154565374,-4.873855366416414
99.0,12.0,216.8793487548828,4.576754910796186,4.984770801078346,4.146991983269562,4.815115136871213,3.532490640499546,-4.366563095173591,3.6557058227208494,4.745660349553722,4.968172944801314,-4.941431286188316
99.0,12.0,190.47080993652344,-4.940625074315441,-4.954254274203594,1.158608956648032,4.87055137993777,3.386877118157073,0.0723601092149994,3.9061371011843886,-4.537322341136719,4.687034938373745,-3.909115306223369
99.0,12.0,212.48165893554688,2.332347023521784,-4.089806178748992,-0.8215981044358953,3.1476674606303265,4.616265441781545,-4.160764212574552,-0.3839554363711452,-4.794802224644148,0.7986072701977953,-4.778091916963501
99.0,12.0,174.29299926757812,2.3362157014224354,2.9282202258369354,1.328519378500001,-0.3200915382064182,2.760631153885273,-4.969840808274529,4.888090549021442,-4.064997576791303,4.812505565671278,-4.999626606870295
99.0,12.0,182.86602783203125,0.7864480569833692,-4.141888109243858,-3.0727724771486424,2.1093007452935275,4.889842313103248,-1.4871955991345736,3.945879019401276,-4.962339229536251,4.202705700287734,-4.625614961899984
99.0,12.0,179.44747924804688,2.452930336223445,-0.7700770911695365,-0.0993391276553679,4.412092160860901,2.7383856721826043,-4.856857252581043,3.8195403837333313,-2.788318492119412,4.698185676882908,-4.610148613154762
99.0,12.0,171.38668823242188,0.2035564240209333,-4.206883806012611,4.527947275295339,3.742687069809179,0.217566973005675,-4.971235645522823,4.4577442950407615,-4.954388501392649,3.730042810003301,-4.384798094094682
99.0,12.0,184.6571044921875,4.141407508032643,4.289672041678743,1.96634074530833,-1.409264486260486,4.708697288388923,-4.914807769973972,4.977386827697347,-2.2948108199311337,4.646942240492543,-4.712451680906908
99.0,12.0,178.78787231445312,-4.814893455673214,-2.790921035291543,4.881001878812053,4.919786864996055,4.268170561837399,-4.096416141515194,3.585382473920796,-3.318715972025138,4.34712375605814,-4.111894125680708
99.0,12.0,197.6763153076172,0.4769107685751128,-4.334812908450079,-4.668156001363588,2.169229507504845,4.945205286135963,0.4042822057322188,3.909275738491514,-4.964217452106184,3.4693234836108315,-4.651888466011758
99.0,12.0,201.32174682617188,4.384404612921092,-0.9812394384542596,-4.808865590052917,-3.580789075740473,4.578054525059296,-1.4458170875807568,4.991094052024133,-2.5373227250404624,4.754190941030353,-4.987196577082646
99.0,12.0,199.18104553222656,-2.7811512089243813,4.9971865557680095,4.753745488069269,-0.9045191640908816,4.08162658385691,-2.185175633701048,4.828906841495099,-2.19214047319973,4.331705155612631,-4.999991013225433
99.0,12.0,183.938232421875,-4.91905704554056,-2.234545511660862,4.210232554537901,4.862516535678371,2.151940206985602,-4.954309636009522,2.384127614745889,-3.6695467789276406,4.828921769121414,-4.058120784602915
99.0,12.0,183.5902709960937,-4.946627222861152,-3.7195433558023896,3.620572728117328,4.966799196673214,3.705046937117806,-2.437039614166601,3.796231487260704,-3.2881333605976053,4.841534169003296,-4.015717313560828
99.0,12.0,171.46900939941406,4.8512477537961605,4.97072954122931,4.968231739757785,-0.1228629252462223,3.887557782468354,-4.857263370019457,4.987687230884588,-3.220406853261286,4.904809627586852,-4.760196157386887
99.0,12.0,196.10064697265625,4.054089292936855,-2.284813315724387,4.8410045012721845,0.8021659432267756,0.3158243508885614,-4.990794061257124,3.988195488925888,-3.6383244982246943,2.4148226899935934,-4.348752035415396
99.0,12.0,178.45068359375,4.933711587409143,-4.648213243839519,-0.618481013880177,2.050902727863756,3.060014795858722,-2.1021900201092096,3.472025807581095,-4.813257780452525,3.964640430511583,-4.971992065458998
99.0,12.0,191.1156005859375,-0.7556481889234394,4.887667771088758,3.3709806378269738,-0.0059746316585553,3.118492117236327,-3.281936920373409,2.098955705900824,-4.51249220031009,4.818479677820626,-4.9999815633918345
99.0,13.0,169.38311767578125,-1.6712789663706982,-3.739790060629814,3.4190490206628006,4.949193154102578,1.6668381789569695,-4.1207888543695805,4.621070700844168,-4.314264403365627,4.621608489260436,-4.27800375688101
99.0,13.0,182.8020172119141,0.6622024602383059,-4.83017086984159,2.3676298052900298,-0.8667535419247334,2.648112304149976,-3.91474457898078,4.861538016504899,-4.972738657466332,3.936575481152792,-3.815370728105095
99.0,13.0,191.1910095214844,4.993567806283983,-4.141574865881971,1.1931111932350895,-1.092829447456482,3.599466872257966,-0.1591618636704694,4.374522591585307,-4.9943191911361255,2.873106427146221,-4.99838591220434
99.0,13.0,193.236328125,4.977426114791571,1.937930001830825,4.987696542565241,2.1922047478359152,0.0134741062324033,-4.997320055994733,4.497270142131932,-3.605900273420912,2.599242263962544,-4.486435527384117
99.0,13.0,189.6890869140625,0.2567003670778121,-4.089883797410898,0.3611319298495923,4.092680246332741,3.27993625901784,-4.855772299661919,0.657273732095931,-3.6593035780089327,4.634114398961525,-4.213806635842481
99.0,13.0,171.51446533203125,-0.5222189193214204,-2.3445138476096177,4.6432844281969246,4.280820674736831,1.2691068606246212,-4.088472793139708,4.0419884295091215,-4.7708034836045625,4.605248326610243,-4.2000018105311145
99.0,13.0,183.634765625,-3.226491773075152,-4.405409085083814,-2.1247992642127977,4.341607234395317,2.053545174484204,-3.1818820309303777,4.623120234236067,-4.924602756833059,4.191487885129539,-4.1740707191663615
99.0,13.0,193.1251373291016,-0.8277167695281422,2.7914131276770764,-0.5609181837889852,2.35744340952432,2.9373927648653364,-4.904694024494347,4.984717948654818,-3.5111367437111105,4.743741525435633,-3.4681047276481043
99.0,13.0,172.6559600830078,1.287770917750744,4.987219144634355,4.628072355956589,4.962512695440354,2.97583467783977,-4.986365069672085,4.989847354287881,-2.622847519484983,4.9996709118692015,-4.452181619825044
99.0,13.0,177.02001953125,2.867141970961892,-3.190998581390782,4.051309597502697,2.5662124725241333,0.1354393646534366,-4.987109283754856,3.9464296131403183,-4.89195285204328,3.9005672820607367,-4.179162951957675
99.0,13.0,189.1214599609375,1.1294643447976296,3.916642983915629,2.680650598284365,-0.1265352545293754,4.808734670377295,-4.878305198994728,4.634661083570661,-1.3086969507772377,4.918348565573226,-4.648903784761616
99.0,13.0,174.1915740966797,2.3733358557558195,-0.9840235237913731,4.051983677235933,4.600803124748315,0.943377625923973,-4.887373905116636,4.044923187322352,-3.7771869296713714,4.760773568805488,-4.125548731322764
99.0,13.0,183.957748413086,2.949820768019771,0.7051980501802508,-0.878330969091861,2.256673685344482,4.722462647657016,-1.2067033558481457,4.835321608661721,-4.940845651462614,3.3623497212115683,-4.926402374639961
99.0,13.0,202.5048217773437,-4.898313389527742,-1.8204263525279567,2.9668301266029644,3.0663575959304485,4.118186436934065,-3.843391197549799,-2.281996279602115,-4.986206259399921,4.887359212723773,-4.030639790655316
99.0,13.0,181.58859252929688,-4.980879286093399,-4.9805928717097085,4.0026429567125295,4.895950700172831,4.314053803925195,0.0623803437325749,3.781257021944536,-3.7103109984161216,4.656359779652449,-4.6339922550635535
99.0,13.0,188.48458862304688,-1.1172534891913388,-1.5918497037939767,1.6794166990157886,-0.3092498250565576,1.1155759455318348,-2.7710894485170607,4.9973447662752974,-4.740660334824424,4.305163004007099,-4.466146774945418
99.0,13.0,203.99853515625,4.997726614908908,4.385726015362776,0.1293413713205669,1.8439815838745257,4.700318175536653,-4.318821280173953,4.357341998154977,-0.6241624544342148,3.522398069007566,-4.687160838863685
99.0,13.0,189.8114013671875,0.1848248845916709,-1.0612590874065648,-3.511051141745289,1.6934469247282211,4.47902958099079,-4.245841529817497,4.560776879050041,-4.353195071174976,2.7458368082958,-4.882489510788485
99.0,13.0,178.8341827392578,-3.239298985761605,-4.432295482697654,2.8923189609348547,4.47334243587378,3.134724797697915,-3.1921905902408745,4.250787577600745,-4.386792322313388,3.996903686251876,-4.12799166817314
99.0,13.0,163.6416473388672,1.6239598878835473,-0.3667413261291026,4.460181669822019,4.928021552223397,2.1235305422826865,-4.995036793562344,4.915206296857987,-4.068923219235797,4.389375019961548,-4.538258204132914
99.0,13.0,170.226806640625,3.641436503364475,3.377662833846993,3.173608212326553,1.4241986941809526,1.1883827067030712,-4.990551050711356,4.914886149488707,-4.6813222138084765,4.445732007220883,-4.982304764927892
99.0,13.0,183.73751831054688,-1.2096763523867176,-0.5930010795075038,2.137308340442315,2.595543816731882,2.559885575397379,-2.7849509796699823,3.5075741935907585,-4.983680436455865,4.232581647133119,-4.572035387028703
99.0,13.0,183.2367553710937,-2.4490702004758487,-2.45642542732268,-0.1159245530101067,3.441301689887894,3.7953125617374894,-3.166311891588445,4.389115635669711,-4.596268548928682,4.037995508148685,-4.1919427864031
99.0,13.0,179.65084838867188,0.022925928805912,0.2489305670211941,0.2454977985640037,2.6255815351937577,4.4825209261359165,-4.91969055939243,2.564737600679959,-4.037946604449566,4.847138698913358,-4.5018609079640655
99.0,13.0,179.1095428466797,-4.0461248660076325,-4.9845075231809455,0.0097348308461772,4.907171017918259,2.031894063349233,-4.898343463487034,3.718804769865132,-4.287563802998838,4.56245904546972,-4.059426458410246
99.0,13.0,169.43321228027344,1.181967628750372,4.9771340257412415,4.981098241994781,1.4533067502552992,3.412410165052066,-4.928976943271335,4.927425044903603,-3.678157755843168,4.9989035857681525,-4.776952144504081
99.0,13.0,197.9896240234375,-0.1875177878173533,-4.666165466438169,-0.9639783917063414,4.323108459963886,2.694880891267525,-4.912227054830782,-0.8000916256727773,-4.058528532170733,4.566650092658002,-4.157004358568518
99.0,13.0,172.54360961914062,-2.46566729543612,0.8402176211109698,4.658165983523359,2.843089525946485,3.353069591428381,-4.846586066182176,3.995460886003065,-4.706516256229426,4.644642689263339,-4.187328694870166
99.0,13.0,181.33792114257807,-4.503338632403736,2.266238496997866,0.9721664433401808,1.6845761270590938,3.6272931472410654,-2.9876302426430468,4.98397783866142,-4.6100806273513655,4.838328293356065,-4.601087778241746
99.0,13.0,181.9969482421875,-3.467646617547791,-4.990145324748204,-0.8532378727545193,1.728931345885944,1.6391881170602134,-4.791142485199066,4.277104840374973,-4.749628826079299,4.274617382807508,-4.375317096358318
99.0,13.0,192.8463592529297,4.984575530456495,-4.46618022862366,2.8647169562741044,-2.413673848584524,3.1888143747239046,-4.8783333426462425,4.858242511022863,-2.276897051615828,3.840882454721031,-3.871052679437676
99.0,13.0,182.3686370849609,3.5688953448362835,3.3422982566790216,2.312436079338031,2.1368161609218483,4.211109104746914,-4.9896589655817305,4.908528170481244,-0.9321295727425634,4.829114154565374,-4.873855366416414
99.0,13.0,177.08731079101562,4.576754910796186,-4.923686780816072,1.957720524387229,4.996756365186581,4.68562299443173,-2.271136134429538,3.5091996628093622,-4.178935371125801,3.575893802870498,-4.194997234307245
99.0,13.0,182.876693725586,-4.68738658388561,4.998641934403751,1.158608956648032,4.985422645524476,3.325067160274409,-3.0331147707712462,3.9061371011843886,-4.768154222079399,4.256549163553273,-4.999999590499359
99.0,13.0,183.2833251953125,2.332347023521784,-4.16023383808162,-0.8215981044358953,4.175962042022621,4.438222614068921,-1.5323405032448616,1.1677245514645898,-4.997856919502525,4.468403877870251,-4.778091916963501
99.0,13.0,174.29299926757812,2.3362157014224354,2.9282202258369354,1.328519378500001,-0.3200915382064182,2.760631153885273,-4.969840808274529,4.888090549021442,-4.064997576791303,4.812505565671278,-4.999626606870295
99.0,13.0,182.86602783203125,0.7864480569833692,-4.141888109243858,-3.0727724771486424,2.1093007452935275,4.889842313103248,-1.4871955991345736,3.945879019401276,-4.962339229536251,4.202705700287734,-4.625614961899984
99.0,13.0,179.44747924804688,2.452930336223445,-0.7700770911695365,-0.0993391276553679,4.412092160860901,2.7383856721826043,-4.856857252581043,3.8195403837333313,-2.788318492119412,4.698185676882908,-4.610148613154762
99.0,13.0,171.38668823242188,0.2035564240209333,-4.206883806012611,4.527947275295339,3.742687069809179,0.217566973005675,-4.971235645522823,4.4577442950407615,-4.954388501392649,3.730042810003301,-4.384798094094682
99.0,13.0,184.6571044921875,4.141407508032643,4.289672041678743,1.96634074530833,-1.409264486260486,4.708697288388923,-4.914807769973972,4.977386827697347,-2.2948108199311337,4.646942240492543,-4.712451680906908
99.0,13.0,178.78787231445312,-4.814893455673214,-2.790921035291543,4.881001878812053,4.919786864996055,4.268170561837399,-4.096416141515194,3.585382473920796,-3.318715972025138,4.34712375605814,-4.111894125680708
99.0,13.0,197.6763153076172,0.4769107685751128,-4.334812908450079,-4.668156001363588,2.169229507504845,4.945205286135963,0.4042822057322188,3.909275738491514,-4.964217452106184,3.4693234836108315,-4.651888466011758
99.0,13.0,184.7417907714844,2.9376570407845124,-1.0750043554953743,-4.808865590052917,1.3170098193734328,2.664396539587398,-4.611070315064441,2.3787822890505383,-4.75643090773727,4.754190941030353,-4.999719891695413
99.0,13.0,193.97146606445312,-2.7811512089243813,4.9971865557680095,-0.2045014632716326,-0.2881573756152353,4.813718070332291,-2.4168152337745736,4.992975925868378,-4.906982397794454,3.3939874505033463,-4.950669986879429
99.0,13.0,183.938232421875,-4.91905704554056,-2.234545511660862,4.210232554537901,4.862516535678371,2.151940206985602,-4.954309636009522,2.384127614745889,-3.6695467789276406,4.828921769121414,-4.058120784602915
99.0,13.0,183.5902709960937,-4.946627222861152,-3.7195433558023896,3.620572728117328,4.966799196673214,3.705046937117806,-2.437039614166601,3.796231487260704,-3.2881333605976053,4.841534169003296,-4.015717313560828
99.0,13.0,171.46900939941406,4.8512477537961605,4.97072954122931,4.968231739757785,-0.1228629252462223,3.887557782468354,-4.857263370019457,4.987687230884588,-3.220406853261286,4.904809627586852,-4.760196157386887
99.0,13.0,181.88766479492188,2.20190346661843,-4.254318804190283,3.3018965993240768,4.671972068681191,0.2579354558271085,-4.980266076470078,4.767537687780759,-3.254643610782498,3.8128816705055657,-3.9296096492044414
99.0,13.0,178.45068359375,4.933711587409143,-4.648213243839519,-0.618481013880177,2.050902727863756,3.060014795858722,-2.1021900201092096,3.472025807581095,-4.813257780452525,3.964640430511583,-4.971992065458998
99.0,13.0,191.1156005859375,-0.7556481889234394,4.887667771088758,3.3709806378269738,-0.0059746316585553,3.118492117236327,-3.281936920373409,2.098955705900824,-4.51249220031009,4.818479677820626,-4.9999815633918345
99.0,14.0,169.38311767578125,-1.6712789663706982,-3.739790060629814,3.4190490206628006,4.949193154102578,1.6668381789569695,-4.1207888543695805,4.621070700844168,-4.314264403365627,4.621608489260436,-4.27800375688101
99.0,14.0,182.8020172119141,0.6622024602383059,-4.83017086984159,2.3676298052900298,-0.8667535419247334,2.648112304149976,-3.91474457898078,4.861538016504899,-4.972738657466332,3.936575481152792,-3.815370728105095
99.0,14.0,191.1910095214844,4.993567806283983,-4.141574865881971,1.1931111932350895,-1.092829447456482,3.599466872257966,-0.1591618636704694,4.374522591585307,-4.9943191911361255,2.873106427146221,-4.99838591220434
99.0,14.0,193.236328125,4.977426114791571,1.937930001830825,4.987696542565241,2.1922047478359152,0.0134741062324033,-4.997320055994733,4.497270142131932,-3.605900273420912,2.599242263962544,-4.486435527384117
99.0,14.0,184.3948974609375,-3.755889073679767,-4.998093495753154,1.6119194504093777,2.90099606558786,-0.2503543938063082,-4.906165952154752,3.881905629705289,-4.167799465183677,4.973829306604467,-3.974890274699719
99.0,14.0,171.51446533203125,-0.5222189193214204,-2.3445138476096177,4.6432844281969246,4.280820674736831,1.2691068606246212,-4.088472793139708,4.0419884295091215,-4.7708034836045625,4.605248326610243,-4.2000018105311145
99.0,14.0,183.634765625,-3.226491773075152,-4.405409085083814,-2.1247992642127977,4.341607234395317,2.053545174484204,-3.1818820309303777,4.623120234236067,-4.924602756833059,4.191487885129539,-4.1740707191663615
99.0,14.0,176.17135620117188,4.76397646034436,-2.127456759797344,-0.3279887313874019,4.403301600197429,3.9326254863613066,-2.433763604905596,1.4999339110932106,-4.83892236796373,4.664639544725087,-4.983225184943389
99.0,14.0,172.6559600830078,1.287770917750744,4.987219144634355,4.628072355956589,4.962512695440354,2.97583467783977,-4.986365069672085,4.989847354287881,-2.622847519484983,4.9996709118692015,-4.452181619825044
99.0,14.0,177.02001953125,2.867141970961892,-3.190998581390782,4.051309597502697,2.5662124725241333,0.1354393646534366,-4.987109283754856,3.9464296131403183,-4.89195285204328,3.9005672820607367,-4.179162951957675
99.0,14.0,179.15924072265625,-0.208535950023172,1.9676275981267293,4.99375166506385,-0.1265352545293754,3.8142143431061646,-4.847300340510079,4.1788244460289725,-3.555638637555388,4.876266832907464,-4.326384145199507
99.0,14.0,174.1915740966797,2.3733358557558195,-0.9840235237913731,4.051983677235933,4.600803124748315,0.943377625923973,-4.887373905116636,4.044923187322352,-3.7771869296713714,4.760773568805488,-4.125548731322764
99.0,14.0,183.957748413086,2.949820768019771,0.7051980501802508,-0.878330969091861,2.256673685344482,4.722462647657016,-1.2067033558481457,4.835321608661721,-4.940845651462614,3.3623497212115683,-4.926402374639961
99.0,14.0,202.5048217773437,-4.898313389527742,-1.8204263525279567,2.9668301266029644,3.0663575959304485,4.118186436934065,-3.843391197549799,-2.281996279602115,-4.986206259399921,4.887359212723773,-4.030639790655316
99.0,14.0,166.706787109375,-4.806953520432868,-4.9805928717097085,4.0026429567125295,4.288756515219119,3.33000958240818,-2.621198968617846,3.781257021944536,-4.586012677034729,4.965784495344439,-4.78043777377238
99.0,14.0,188.48458862304688,-1.1172534891913388,-1.5918497037939767,1.6794166990157886,-0.3092498250565576,1.1155759455318348,-2.7710894485170607,4.9973447662752974,-4.740660334824424,4.305163004007099,-4.466146774945418
99.0,14.0,187.05621337890625,-4.417699291140504,-4.342845536379077,4.261443397381774,1.8439815838745257,3.4250548556016933,-3.733517535608896,3.898187381341348,-3.1225900455932383,4.335606656056688,-4.157231656686131
99.0,14.0,180.64996337890625,4.977693375400419,2.805386690575025,4.878437831730242,1.6934469247282211,4.95042649198553,-4.600355947399235,4.98849996549389,-2.8180343205962544,2.7458368082958,-4.882489510788485
99.0,14.0,178.8341827392578,-3.239298985761605,-4.432295482697654,2.8923189609348547,4.47334243587378,3.134724797697915,-3.1921905902408745,4.250787577600745,-4.386792322313388,3.996903686251876,-4.12799166817314
99.0,14.0,163.6416473388672,1.6239598878835473,-0.3667413261291026,4.460181669822019,4.928021552223397,2.1235305422826865,-4.995036793562344,4.915206296857987,-4.068923219235797,4.389375019961548,-4.538258204132914
99.0,14.0,170.226806640625,3.641436503364475,3.377662833846993,3.173608212326553,1.4241986941809526,1.1883827067030712,-4.990551050711356,4.914886149488707,-4.6813222138084765,4.445732007220883,-4.982304764927892
99.0,14.0,175.84080505371094,-3.269227095199025,-4.685614671676428,1.986522857377221,4.871903396138691,2.559885575397379,-4.163704668460245,3.799539185598639,-4.296261616971588,4.542670687934557,-4.114794744800468
99.0,14.0,176.38775634765625,2.8927184582684897,-3.094379560106728,4.117529517677925,3.441301689887894,-0.5374298422855621,-4.990912423953405,4.179053039687214,-4.907003721558251,3.602458753828431,-4.352411675053967
99.0,14.0,179.65084838867188,0.022925928805912,0.2489305670211941,0.2454977985640037,2.6255815351937577,4.4825209261359165,-4.91969055939243,2.564737600679959,-4.037946604449566,4.847138698913358,-4.5018609079640655
99.0,14.0,177.18853759765625,-0.1358277740592757,3.668227988003357,1.7272578918992207,0.1262796613894492,2.7831966045135577,-4.058512043829192,4.9428177995138265,-4.619422898826536,4.623722947967151,-4.999801836095474
99.0,14.0,169.43321228027344,1.181967628750372,4.9771340257412415,4.981098241994781,1.4533067502552992,3.412410165052066,-4.928976943271335,4.927425044903603,-3.678157755843168,4.9989035857681525,-4.776952144504081
99.0,14.0,195.37136840820312,-3.6188180931234735,-4.993719760510557,-0.9639783917063414,4.992296982967131,3.808468101526439,-0.3835162979326099,4.144031651080355,-2.9522310620050893,4.260176451600111,-4.498796174400217
99.0,14.0,168.9971923828125,-0.0707205572581088,0.0565010407614796,4.756169085169132,2.843089525946485,3.353069591428381,-4.5457185482547695,4.962985705042389,-4.008348535016438,4.741715542236301,-4.187328694870166
99.0,14.0,181.33792114257807,-4.503338632403736,2.266238496997866,0.9721664433401808,1.6845761270590938,3.6272931472410654,-2.9876302426430468,4.98397783866142,-4.6100806273513655,4.838328293356065,-4.601087778241746
99.0,14.0,181.9969482421875,-3.467646617547791,-4.990145324748204,-0.8532378727545193,1.728931345885944,1.6391881170602134,-4.791142485199066,4.277104840374973,-4.749628826079299,4.274617382807508,-4.375317096358318
99.0,14.0,182.5058441162109,0.5291967558658186,-1.6774055405206263,-1.229568680414148,2.293583292795708,4.909560113261623,-4.590264312054005,2.352767065877571,-4.4589757681814985,3.848186340343441,-4.853526617721813
99.0,14.0,182.3686370849609,3.5688953448362835,3.3422982566790216,2.312436079338031,2.1368161609218483,4.211109104746914,-4.9896589655817305,4.908528170481244,-0.9321295727425634,4.829114154565374,-4.873855366416414
99.0,14.0,177.08731079101562,4.576754910796186,-4.923686780816072,1.957720524387229,4.996756365186581,4.68562299443173,-2.271136134429538,3.5091996628093622,-4.178935371125801,3.575893802870498,-4.194997234307245
99.0,14.0,182.876693725586,-4.68738658388561,4.998641934403751,1.158608956648032,4.985422645524476,3.325067160274409,-3.0331147707712462,3.9061371011843886,-4.768154222079399,4.256549163553273,-4.999999590499359
99.0,14.0,183.0308837890625,1.550864279726925,-4.519614112383989,4.81409273359398,3.6706236937888015,-1.4237913619023692,-4.24289003581986,4.985821631393387,-3.4483762426072224,4.592544768361215,-3.721438281282909
99.0,14.0,174.29299926757812,2.3362157014224354,2.9282202258369354,1.328519378500001,-0.3200915382064182,2.760631153885273,-4.969840808274529,4.888090549021442,-4.064997576791303,4.812505565671278,-4.999626606870295
99.0,14.0,182.86602783203125,0.7864480569833692,-4.141888109243858,-3.0727724771486424,2.1093007452935275,4.889842313103248,-1.4871955991345736,3.945879019401276,-4.962339229536251,4.202705700287734,-4.625614961899984
99.0,14.0,168.1144561767578,-1.5417298491559182,-4.567735160070261,3.978579439636077,3.2943619751552724,2.7383856721826043,-4.9069616084261405,4.968756461347708,-4.975680216562101,3.4437821519503764,-4.321526188291808
99.0,14.0,171.38668823242188,0.2035564240209333,-4.206883806012611,4.527947275295339,3.742687069809179,0.217566973005675,-4.971235645522823,4.4577442950407615,-4.954388501392649,3.730042810003301,-4.384798094094682
99.0,14.0,184.6571044921875,4.141407508032643,4.289672041678743,1.96634074530833,-1.409264486260486,4.708697288388923,-4.914807769973972,4.977386827697347,-2.2948108199311337,4.646942240492543,-4.712451680906908
99.0,14.0,167.89830017089844,3.005955149627938,3.9396256116735726,4.881001878812053,-0.0551940111218482,1.5253949531378024,-4.999223265243824,4.997476054424158,-4.905933023627341,4.5960909616635055,-4.998903865093298
99.0,14.0,176.61990356445312,3.3107535509516355,-1.2175703964827718,4.6064328045522025,3.9975500826016153,0.2187420229483258,-4.915654068935974,3.963259984420649,-4.097248978684883,4.314990729176921,-4.1789458999296
99.0,14.0,184.7417907714844,2.9376570407845124,-1.0750043554953743,-4.808865590052917,1.3170098193734328,2.664396539587398,-4.611070315064441,2.3787822890505383,-4.75643090773727,4.754190941030353,-4.999719891695413
99.0,14.0,186.20294189453125,-2.7298600566723787,-4.782369703857576,3.5856918308035284,4.98542358749263,1.3190723622578564,-4.834076836257193,0.9835845981089216,-4.35387633416836,4.904046353236159,-3.8179886587689538
99.0,14.0,183.938232421875,-4.91905704554056,-2.234545511660862,4.210232554537901,4.862516535678371,2.151940206985602,-4.954309636009522,2.384127614745889,-3.6695467789276406,4.828921769121414,-4.058120784602915
99.0,14.0,183.5902709960937,-4.946627222861152,-3.7195433558023896,3.620572728117328,4.966799196673214,3.705046937117806,-2.437039614166601,3.796231487260704,-3.2881333605976053,4.841534169003296,-4.015717313560828
99.0,14.0,171.46900939941406,4.8512477537961605,4.97072954122931,4.968231739757785,-0.1228629252462223,3.887557782468354,-4.857263370019457,4.987687230884588,-3.220406853261286,4.904809627586852,-4.760196157386887
99.0,14.0,181.88766479492188,2.20190346661843,-4.254318804190283,3.3018965993240768,4.671972068681191,0.2579354558271085,-4.980266076470078,4.767537687780759,-3.254643610782498,3.8128816705055657,-3.9296096492044414
99.0,14.0,167.44888305664062,4.933711587409143,-4.648213243839519,-0.4792588753981953,3.911804393955226,4.2229264511849145,-4.132342049963137,3.1794955166789807,-4.310201537477783,4.042400710927332,-4.971992065458998
99.0,14.0,191.1156005859375,-0.7556481889234394,4.887667771088758,3.3709806378269738,-0.0059746316585553,3.118492117236327,-3.281936920373409,2.098955705900824,-4.51249220031009,4.818479677820626,-4.9999815633918345
99.0,15.0,165.46826171875,-0.8545478245937406,-0.2176476537445475,4.98109007918052,2.750796565619155,3.450711983783514,-4.260222737443256,4.728220427214284,-4.107958712377108,4.969928199206829,-4.513551747669785
99.0,15.0,173.9674835205078,1.5559262794510424,4.992380829816662,2.890984457786812,0.2456575585869451,4.233565954555643,-3.0421955829603693,4.961317005344084,-4.521258776183226,4.773637611121154,-4.999771420558253
99.0,15.0,191.13330078125,-1.0673853385950172,4.997318000493594,4.870235342509208,4.969720661103975,2.3971077949090165,-0.1591618636704694,4.997755850268835,-2.9879513282999,4.704376144189159,-4.701250961092691
99.0,15.0,191.74761962890625,4.820529859224914,4.740544778605214,0.3666267969106611,-3.4406537902682843,4.954282081197675,-4.944802816709776,4.999916771970158,-1.8501153576304603,4.694288529941867,-4.838576402802024
99.0,15.0,177.26980590820312,3.768469212843533,-0.677850445954344,-0.1523052694887621,2.340937446268513,4.076985307689343,-1.590284384532407,4.055961670279756,-4.3904749532070575,4.973829306604467,-4.681174177412884
99.0,15.0,170.62966918945312,4.740183349235092,3.8057760222495913,4.945143464974447,2.729620929464814,1.2691068606246212,-4.99730882925594,4.0419884295091215,-4.059588352632939,4.591676558228532,-4.950674777096382
99.0,15.0,183.634765625,-3.226491773075152,-4.405409085083814,-2.1247992642127977,4.341607234395317,2.053545174484204,-3.1818820309303777,4.623120234236067,-4.924602756833059,4.191487885129539,-4.1740707191663615
99.0,15.0,176.17135620117188,4.76397646034436,-2.127456759797344,-0.3279887313874019,4.403301600197429,3.9326254863613066,-2.433763604905596,1.4999339110932106,-4.83892236796373,4.664639544725087,-4.983225184943389
99.0,15.0,172.6559600830078,1.287770917750744,4.987219144634355,4.628072355956589,4.962512695440354,2.97583467783977,-4.986365069672085,4.989847354287881,-2.622847519484983,4.9996709118692015,-4.452181619825044
99.0,15.0,177.02001953125,2.867141970961892,-3.190998581390782,4.051309597502697,2.5662124725241333,0.1354393646534366,-4.987109283754856,3.9464296131403183,-4.89195285204328,3.9005672820607367,-4.179162951957675
99.0,15.0,179.15924072265625,-0.208535950023172,1.9676275981267293,4.99375166506385,-0.1265352545293754,3.8142143431061646,-4.847300340510079,4.1788244460289725,-3.555638637555388,4.876266832907464,-4.326384145199507
99.0,15.0,174.1915740966797,2.3733358557558195,-0.9840235237913731,4.051983677235933,4.600803124748315,0.943377625923973,-4.887373905116636,4.044923187322352,-3.7771869296713714,4.760773568805488,-4.125548731322764
99.0,15.0,179.71653747558594,2.949820768019771,-4.837207812500607,3.890392972106479,3.914257027703634,1.3330735778348424,-4.903354645653732,1.5120089000379215,-4.940845651462614,4.947868671758027,-3.4116532109543574
99.0,15.0,202.5048217773437,-4.898313389527742,-1.8204263525279567,2.9668301266029644,3.0663575959304485,4.118186436934065,-3.843391197549799,-2.281996279602115,-4.986206259399921,4.887359212723773,-4.030639790655316
99.0,15.0,166.706787109375,-4.806953520432868,-4.9805928717097085,4.0026429567125295,4.288756515219119,3.33000958240818,-2.621198968617846,3.781257021944536,-4.586012677034729,4.965784495344439,-4.78043777377238
99.0,15.0,157.52955627441406,4.98065273661662,-4.6034801165132775,0.3257999266857083,4.641445084912153,4.369885475092785,-4.9558620614121,4.5937301861803705,-3.8930343152443214,4.132612664901095,-4.860477356015122
99.0,15.0,186.6239776611328,-3.9982099781699176,-3.1877724450056704,4.261443397381774,4.968092277044968,4.93305918644116,-1.160366774741971,2.5729836362371508,-3.26161811855783,4.999826582112068,-4.157231656686131
99.0,15.0,174.071533203125,4.897522436203182,1.942051078661061,1.4873767388787196,-0.8800062711410144,1.7934445368953096,-4.978303813031179,4.971857106211185,-4.707418438023807,4.263066086112222,-4.999898142236108
99.0,15.0,177.18045043945312,-4.913135764917266,-4.432295482697654,1.1021666281619282,4.994344771884379,2.2830857948725294,-2.8044918932137155,3.445638463417755,-4.80204265479827,4.188315555740244,-4.999999718713078
99.0,15.0,163.6416473388672,1.6239598878835473,-0.3667413261291026,4.460181669822019,4.928021552223397,2.1235305422826865,-4.995036793562344,4.915206296857987,-4.068923219235797,4.389375019961548,-4.538258204132914
99.0,15.0,170.226806640625,3.641436503364475,3.377662833846993,3.173608212326553,1.4241986941809526,1.1883827067030712,-4.990551050711356,4.914886149488707,-4.6813222138084765,4.445732007220883,-4.982304764927892
99.0,15.0,175.84080505371094,-3.269227095199025,-4.685614671676428,1.986522857377221,4.871903396138691,2.559885575397379,-4.163704668460245,3.799539185598639,-4.296261616971588,4.542670687934557,-4.114794744800468
99.0,15.0,176.38775634765625,2.8927184582684897,-3.094379560106728,4.117529517677925,3.441301689887894,-0.5374298422855621,-4.990912423953405,4.179053039687214,-4.907003721558251,3.602458753828431,-4.352411675053967
99.0,15.0,179.65084838867188,0.022925928805912,0.2489305670211941,0.2454977985640037,2.6255815351937577,4.4825209261359165,-4.91969055939243,2.564737600679959,-4.037946604449566,4.847138698913358,-4.5018609079640655
99.0,15.0,173.23001098632812,-1.233816743857746,-4.963164050855186,4.84717032053056,4.984577989874224,0.4060133156917873,-4.968294784356571,4.9428177995138265,-3.810482891273598,4.360041263473749,-3.8471583714608792
99.0,15.0,169.43321228027344,1.181967628750372,4.9771340257412415,4.981098241994781,1.4533067502552992,3.412410165052066,-4.928976943271335,4.927425044903603,-3.678157755843168,4.9989035857681525,-4.776952144504081
99.0,15.0,177.99267578125,-4.97218169554247,-4.980892087342957,4.347803110856424,4.992296982967131,0.2637652572625337,-2.28524010154079,3.98857837766218,-4.707815227562584,4.938585759278775,-4.28493107396038
99.0,15.0,168.9971923828125,-0.0707205572581088,0.0565010407614796,4.756169085169132,2.843089525946485,3.353069591428381,-4.5457185482547695,4.962985705042389,-4.008348535016438,4.741715542236301,-4.187328694870166
99.0,15.0,181.33792114257807,-4.503338632403736,2.266238496997866,0.9721664433401808,1.6845761270590938,3.6272931472410654,-2.9876302426430468,4.98397783866142,-4.6100806273513655,4.838328293356065,-4.601087778241746
99.0,15.0,181.9969482421875,-3.467646617547791,-4.990145324748204,-0.8532378727545193,1.728931345885944,1.6391881170602134,-4.791142485199066,4.277104840374973,-4.749628826079299,4.274617382807508,-4.375317096358318
99.0,15.0,182.5058441162109,0.5291967558658186,-1.6774055405206263,-1.229568680414148,2.293583292795708,4.909560113261623,-4.590264312054005,2.352767065877571,-4.4589757681814985,3.848186340343441,-4.853526617721813
99.0,15.0,182.3686370849609,3.5688953448362835,3.3422982566790216,2.312436079338031,2.1368161609218483,4.211109104746914,-4.9896589655817305,4.908528170481244,-0.9321295727425634,4.829114154565374,-4.873855366416414
99.0,15.0,177.08731079101562,4.576754910796186,-4.923686780816072,1.957720524387229,4.996756365186581,4.68562299443173,-2.271136134429538,3.5091996628093622,-4.178935371125801,3.575893802870498,-4.194997234307245
99.0,15.0,182.876693725586,-4.68738658388561,4.998641934403751,1.158608956648032,4.985422645524476,3.325067160274409,-3.0331147707712462,3.9061371011843886,-4.768154222079399,4.256549163553273,-4.999999590499359
99.0,15.0,183.0308837890625,1.550864279726925,-4.519614112383989,4.81409273359398,3.6706236937888015,-1.4237913619023692,-4.24289003581986,4.985821631393387,-3.4483762426072224,4.592544768361215,-3.721438281282909
99.0,15.0,174.29299926757812,2.3362157014224354,2.9282202258369354,1.328519378500001,-0.3200915382064182,2.760631153885273,-4.969840808274529,4.888090549021442,-4.064997576791303,4.812505565671278,-4.999626606870295
99.0,15.0,182.6966552734375,-1.8187509870423253,-4.702906913426882,4.2114799470087725,3.916882084486311,0.5792972495221733,-1.4871955991345736,4.7458180518016695,-4.984102283553531,3.660460270230775,-4.461025606873806
99.0,15.0,168.1144561767578,-1.5417298491559182,-4.567735160070261,3.978579439636077,3.2943619751552724,2.7383856721826043,-4.9069616084261405,4.968756461347708,-4.975680216562101,3.4437821519503764,-4.321526188291808
99.0,15.0,171.38668823242188,0.2035564240209333,-4.206883806012611,4.527947275295339,3.742687069809179,0.217566973005675,-4.971235645522823,4.4577442950407615,-4.954388501392649,3.730042810003301,-4.384798094094682
99.0,15.0,184.6571044921875,4.141407508032643,4.289672041678743,1.96634074530833,-1.409264486260486,4.708697288388923,-4.914807769973972,4.977386827697347,-2.2948108199311337,4.646942240492543,-4.712451680906908
99.0,15.0,167.89830017089844,3.005955149627938,3.9396256116735726,4.881001878812053,-0.0551940111218482,1.5253949531378024,-4.999223265243824,4.997476054424158,-4.905933023627341,4.5960909616635055,-4.998903865093298
99.0,15.0,176.61990356445312,3.3107535509516355,-1.2175703964827718,4.6064328045522025,3.9975500826016153,0.2187420229483258,-4.915654068935974,3.963259984420649,-4.097248978684883,4.314990729176921,-4.1789458999296
99.0,15.0,184.7417907714844,2.9376570407845124,-1.0750043554953743,-4.808865590052917,1.3170098193734328,2.664396539587398,-4.611070315064441,2.3787822890505383,-4.75643090773727,4.754190941030353,-4.999719891695413
99.0,15.0,168.28179931640625,-0.3981420156710058,0.0523287419852347,4.965558215308136,4.98542358749263,0.987202799613303,-4.100489077573396,4.668605757983909,-4.939999804136156,4.1799857275067565,-4.62597201597166
99.0,15.0,177.35772705078125,-0.125868833727087,-4.580626653405203,4.550335297222368,4.274315209181173,-0.3687631438772276,-4.2417484046036655,4.986190827826013,-3.679887715514665,4.828921769121414,-3.747349619657308
99.0,15.0,183.5902709960937,-4.946627222861152,-3.7195433558023896,3.620572728117328,4.966799196673214,3.705046937117806,-2.437039614166601,3.796231487260704,-3.2881333605976053,4.841534169003296,-4.015717313560828
99.0,15.0,171.46900939941406,4.8512477537961605,4.97072954122931,4.968231739757785,-0.1228629252462223,3.887557782468354,-4.857263370019457,4.987687230884588,-3.220406853261286,4.904809627586852,-4.760196157386887
99.0,15.0,181.88766479492188,2.20190346661843,-4.254318804190283,3.3018965993240768,4.671972068681191,0.2579354558271085,-4.980266076470078,4.767537687780759,-3.254643610782498,3.8128816705055657,-3.9296096492044414
99.0,15.0,167.44888305664062,4.933711587409143,-4.648213243839519,-0.4792588753981953,3.911804393955226,4.2229264511849145,-4.132342049963137,3.1794955166789807,-4.310201537477783,4.042400710927332,-4.971992065458998
99.0,15.0,191.1156005859375,-0.7556481889234394,4.887667771088758,3.3709806378269738,-0.0059746316585553,3.118492117236327,-3.281936920373409,2.098955705900824,-4.51249220031009,4.818479677820626,-4.9999815633918345
99.0,16.0,165.46826171875,-0.8545478245937406,-0.2176476537445475,4.98109007918052,2.750796565619155,3.450711983783514,-4.260222737443256,4.728220427214284,-4.107958712377108,4.969928199206829,-4.513551747669785
99.0,16.0,173.9674835205078,1.5559262794510424,4.992380829816662,2.890984457786812,0.2456575585869451,4.233565954555643,-3.0421955829603693,4.961317005344084,-4.521258776183226,4.773637611121154,-4.999771420558253
99.0,16.0,170.27406311035156,4.9610674024602925,-4.651415486095486,-0.4856921265166932,3.123719556204465,4.460500259893058,-4.096485263337199,3.209626609669473,-4.0813260861868415,3.9953537318366816,-4.963614071900402
99.0,16.0,185.02517700195312,4.820529859224914,4.407588646598865,-0.0585139507515262,-3.2441408122994093,1.1908238291123476,-4.984032257147023,4.918897193403879,-4.787897736524291,4.444125317671354,-4.999648080528486
99.0,16.0,177.26980590820312,3.768469212843533,-0.677850445954344,-0.1523052694887621,2.340937446268513,4.076985307689343,-1.590284384532407,4.055961670279756,-4.3904749532070575,4.973829306604467,-4.681174177412884
99.0,16.0,170.62966918945312,4.740183349235092,3.8057760222495913,4.945143464974447,2.729620929464814,1.2691068606246212,-4.99730882925594,4.0419884295091215,-4.059588352632939,4.591676558228532,-4.950674777096382
99.0,16.0,169.08633422851562,-0.2083994859862041,2.434556178045503,3.116164931843856,1.847926106846565,3.1221024190499422,-3.8056943230435767,4.715988140617368,-4.924602756833059,4.607744913194672,-4.9866056604525095
99.0,16.0,176.17135620117188,4.76397646034436,-2.127456759797344,-0.3279887313874019,4.403301600197429,3.9326254863613066,-2.433763604905596,1.4999339110932106,-4.83892236796373,4.664639544725087,-4.983225184943389
99.0,16.0,167.84356689453125,1.7417238221867626,4.98222821948344,4.016296682393157,4.962512695440354,4.500963781249623,-4.487438381422714,4.992852926085875,-2.898114836015773,4.702210635675117,-4.808260346668703
99.0,16.0,165.15676879882812,4.989493696988761,-4.971171305993249,-0.203472352558763,4.941007068307314,4.993670104792773,-4.998553323019301,4.929546178049046,-2.102853001460558,4.137929903273469,-4.797414257527412
99.0,16.0,178.67276000976562,1.5000916625801024,-4.756938306649401,4.415024988504242,3.7790510977420064,-1.0879754186374249,-4.847300340510079,4.985910616135429,-4.990931648870969,3.388493216547211,-3.8717020531573096
99.0,16.0,173.51190185546875,4.37313400817466,4.049299975104589,3.0624824604079857,-2.707951573971372,2.412109130273788,-4.887373905116636,4.999987226466362,-4.468431909954914,4.912350880745766,-4.999562273440086
99.0,16.0,179.71653747558594,2.949820768019771,-4.837207812500607,3.890392972106479,3.914257027703634,1.3330735778348424,-4.903354645653732,1.5120089000379215,-4.940845651462614,4.947868671758027,-3.4116532109543574
99.0,16.0,202.5048217773437,-4.898313389527742,-1.8204263525279567,2.9668301266029644,3.0663575959304485,4.118186436934065,-3.843391197549799,-2.281996279602115,-4.986206259399921,4.887359212723773,-4.030639790655316
99.0,16.0,166.706787109375,-4.806953520432868,-4.9805928717097085,4.0026429567125295,4.288756515219119,3.33000958240818,-2.621198968617846,3.781257021944536,-4.586012677034729,4.965784495344439,-4.78043777377238
99.0,16.0,157.52955627441406,4.98065273661662,-4.6034801165132775,0.3257999266857083,4.641445084912153,4.369885475092785,-4.9558620614121,4.5937301861803705,-3.8930343152443214,4.132612664901095,-4.860477356015122
99.0,16.0,180.25125122070312,-3.9982099781699176,-1.3092167970042183,4.305126411259598,4.968092277044968,1.2202863286605972,-3.537806850593331,3.84325819462479,-4.865111999158037,3.8489484801117015,-4.548739562725048
99.0,16.0,174.071533203125,4.897522436203182,1.942051078661061,1.4873767388787196,-0.8800062711410144,1.7934445368953096,-4.978303813031179,4.971857106211185,-4.707418438023807,4.263066086112222,-4.999898142236108
99.0,16.0,168.56922912597656,-4.818850075987502,-2.013976480686241,4.5509068675506645,3.4519161798528115,2.2830857948725294,-3.902971580793018,4.633814462901555,-4.196345669369333,4.929303002096161,-4.764162569848876
99.0,16.0,163.6416473388672,1.6239598878835473,-0.3667413261291026,4.460181669822019,4.928021552223397,2.1235305422826865,-4.995036793562344,4.915206296857987,-4.068923219235797,4.389375019961548,-4.538258204132914
99.0,16.0,159.99609375,2.056881989555689,4.992644114838244,4.936021428294606,1.780159921776411,4.658557008132023,-4.949960915583909,4.89193277941959,-4.6813222138084765,4.779130211188219,-4.803243366155816
99.0,16.0,175.84080505371094,-3.269227095199025,-4.685614671676428,1.986522857377221,4.871903396138691,2.559885575397379,-4.163704668460245,3.799539185598639,-4.296261616971588,4.542670687934557,-4.114794744800468
99.0,16.0,173.54855346679688,-1.5652004237596566,-4.590101723733381,3.5760500385941256,3.441301689887894,2.664906160228669,-4.495201602701659,4.179053039687214,-4.985148802118592,3.398676174963495,-4.377283543013746
99.0,16.0,179.65084838867188,0.022925928805912,0.2489305670211941,0.2454977985640037,2.6255815351937577,4.4825209261359165,-4.91969055939243,2.564737600679959,-4.037946604449566,4.847138698913358,-4.5018609079640655
99.0,16.0,173.23001098632812,-1.233816743857746,-4.963164050855186,4.84717032053056,4.984577989874224,0.4060133156917873,-4.968294784356571,4.9428177995138265,-3.810482891273598,4.360041263473749,-3.8471583714608792
99.0,16.0,169.43321228027344,1.181967628750372,4.9771340257412415,4.981098241994781,1.4533067502552992,3.412410165052066,-4.928976943271335,4.927425044903603,-3.678157755843168,4.9989035857681525,-4.776952144504081
99.0,16.0,177.99267578125,-4.97218169554247,-4.980892087342957,4.347803110856424,4.992296982967131,0.2637652572625337,-2.28524010154079,3.98857837766218,-4.707815227562584,4.938585759278775,-4.28493107396038
99.0,16.0,168.9971923828125,-0.0707205572581088,0.0565010407614796,4.756169085169132,2.843089525946485,3.353069591428381,-4.5457185482547695,4.962985705042389,-4.008348535016438,4.741715542236301,-4.187328694870166
99.0,16.0,181.33792114257807,-4.503338632403736,2.266238496997866,0.9721664433401808,1.6845761270590938,3.6272931472410654,-2.9876302426430468,4.98397783866142,-4.6100806273513655,4.838328293356065,-4.601087778241746
99.0,16.0,165.83248901367188,4.084730722839934,-4.592815811733782,-0.8532378727545193,3.3435900154504954,4.121242943155613,-2.2134403441969384,4.277104840374973,-4.954453846023661,4.535661859908636,-4.8507987224659495
99.0,16.0,176.47943115234375,2.24872670965044,-4.158104041060426,1.0465609560215126,4.563218073304827,4.909560113261623,-4.9900114215327935,3.5684136355995446,-3.269442645499062,3.865593248844094,-4.086875755751392
99.0,16.0,182.3686370849609,3.5688953448362835,3.3422982566790216,2.312436079338031,2.1368161609218483,4.211109104746914,-4.9896589655817305,4.908528170481244,-0.9321295727425634,4.829114154565374,-4.873855366416414
99.0,16.0,177.08731079101562,4.576754910796186,-4.923686780816072,1.957720524387229,4.996756365186581,4.68562299443173,-2.271136134429538,3.5091996628093622,-4.178935371125801,3.575893802870498,-4.194997234307245
99.0,16.0,181.663803100586,-1.834330830467736,-4.748607872378524,1.158608956648032,4.924054403140302,0.0499101911866395,-4.199315600740732,4.606696905102266,-4.7307901755259305,3.920330715392093,-4.040070128345419
99.0,16.0,183.0308837890625,1.550864279726925,-4.519614112383989,4.81409273359398,3.6706236937888015,-1.4237913619023692,-4.24289003581986,4.985821631393387,-3.4483762426072224,4.592544768361215,-3.721438281282909
99.0,16.0,174.29299926757812,2.3362157014224354,2.9282202258369354,1.328519378500001,-0.3200915382064182,2.760631153885273,-4.969840808274529,4.888090549021442,-4.064997576791303,4.812505565671278,-4.999626606870295
99.0,16.0,182.6966552734375,-1.8187509870423253,-4.702906913426882,4.2114799470087725,3.916882084486311,0.5792972495221733,-1.4871955991345736,4.7458180518016695,-4.984102283553531,3.660460270230775,-4.461025606873806
99.0,16.0,168.1144561767578,-1.5417298491559182,-4.567735160070261,3.978579439636077,3.2943619751552724,2.7383856721826043,-4.9069616084261405,4.968756461347708,-4.975680216562101,3.4437821519503764,-4.321526188291808
99.0,16.0,166.7467041015625,1.2381007853361643,0.2420769939099694,4.9024433726592695,4.977311208338234,3.563287548261165,-4.971235645522823,3.890137997858528,-3.237430900098184,4.793544368452813,-4.529838672892799
99.0,16.0,180.93798828125,-4.104628735170556,-0.5802896178865993,4.2060160290461175,4.989808029950304,4.406257092003912,-4.914807769973972,2.707751347764426,-2.701614426519226,4.867050554603233,-4.251081263397584
99.0,16.0,167.89830017089844,3.005955149627938,3.9396256116735726,4.881001878812053,-0.0551940111218482,1.5253949531378024,-4.999223265243824,4.997476054424158,-4.905933023627341,4.5960909616635055,-4.998903865093298
99.0,16.0,176.61990356445312,3.3107535509516355,-1.2175703964827718,4.6064328045522025,3.9975500826016153,0.2187420229483258,-4.915654068935974,3.963259984420649,-4.097248978684883,4.314990729176921,-4.1789458999296
99.0,16.0,182.6304626464844,-3.412776457020917,0.4077249868864072,-4.808865590052917,3.7625571047688737,3.699642252637476,-4.525382565282096,3.536441959968722,-4.149070390943089,4.857537213508933,-4.999999885026466
99.0,16.0,168.28179931640625,-0.3981420156710058,0.0523287419852347,4.965558215308136,4.98542358749263,0.987202799613303,-4.100489077573396,4.668605757983909,-4.939999804136156,4.1799857275067565,-4.62597201597166
99.0,16.0,177.35772705078125,-0.125868833727087,-4.580626653405203,4.550335297222368,4.274315209181173,-0.3687631438772276,-4.2417484046036655,4.986190827826013,-3.679887715514665,4.828921769121414,-3.747349619657308
99.0,16.0,183.5902709960937,-4.946627222861152,-3.7195433558023896,3.620572728117328,4.966799196673214,3.705046937117806,-2.437039614166601,3.796231487260704,-3.2881333605976053,4.841534169003296,-4.015717313560828
99.0,16.0,171.46900939941406,4.8512477537961605,4.97072954122931,4.968231739757785,-0.1228629252462223,3.887557782468354,-4.857263370019457,4.987687230884588,-3.220406853261286,4.904809627586852,-4.760196157386887
99.0,16.0,181.88766479492188,2.20190346661843,-4.254318804190283,3.3018965993240768,4.671972068681191,0.2579354558271085,-4.980266076470078,4.767537687780759,-3.254643610782498,3.8128816705055657,-3.9296096492044414
99.0,16.0,167.44888305664062,4.933711587409143,-4.648213243839519,-0.4792588753981953,3.911804393955226,4.2229264511849145,-4.132342049963137,3.1794955166789807,-4.310201537477783,4.042400710927332,-4.971992065458998
99.0,16.0,191.1156005859375,-0.7556481889234394,4.887667771088758,3.3709806378269738,-0.0059746316585553,3.118492117236327,-3.281936920373409,2.098955705900824,-4.51249220031009,4.818479677820626,-4.9999815633918345
99.0,17.0,165.46826171875,-0.8545478245937406,-0.2176476537445475,4.98109007918052,2.750796565619155,3.450711983783514,-4.260222737443256,4.728220427214284,-4.107958712377108,4.969928199206829,-4.513551747669785
99.0,17.0,168.44456481933594,1.416853871962381,-2.175592520641792,4.997005150199696,4.999931452972533,2.4976428894496525,-4.991639598387198,4.051010450008128,-3.4511847020112163,4.474297393295878,-4.342833899182712
99.0,17.0,170.27406311035156,4.9610674024602925,-4.651415486095486,-0.4856921265166932,3.123719556204465,4.460500259893058,-4.096485263337199,3.209626609669473,-4.0813260861868415,3.9953537318366816,-4.963614071900402
99.0,17.0,171.59091186523438,-0.94483315793623,4.993305087407592,3.214592155712576,0.7329224364349547,4.80258101937396,-4.020125866650393,4.8909663906825855,-4.490896703048675,4.844666240448186,-4.814743564807609
99.0,17.0,177.26980590820312,3.768469212843533,-0.677850445954344,-0.1523052694887621,2.340937446268513,4.076985307689343,-1.590284384532407,4.055961670279756,-4.3904749532070575,4.973829306604467,-4.681174177412884
99.0,17.0,170.62966918945312,4.740183349235092,3.8057760222495913,4.945143464974447,2.729620929464814,1.2691068606246212,-4.99730882925594,4.0419884295091215,-4.059588352632939,4.591676558228532,-4.950674777096382
99.0,17.0,169.08633422851562,-0.2083994859862041,2.434556178045503,3.116164931843856,1.847926106846565,3.1221024190499422,-3.8056943230435767,4.715988140617368,-4.924602756833059,4.607744913194672,-4.9866056604525095
99.0,17.0,163.4077606201172,1.5746288094486087,2.8924854267084825,4.800594639051155,1.2408804918975789,4.115876469448289,-4.536551613868438,4.93754319499527,-4.4437681962838775,4.951260016093537,-4.665371192217634
99.0,17.0,167.84356689453125,1.7417238221867626,4.98222821948344,4.016296682393157,4.962512695440354,4.500963781249623,-4.487438381422714,4.992852926085875,-2.898114836015773,4.702210635675117,-4.808260346668703
99.0,17.0,165.15676879882812,4.989493696988761,-4.971171305993249,-0.203472352558763,4.941007068307314,4.993670104792773,-4.998553323019301,4.929546178049046,-2.102853001460558,4.137929903273469,-4.797414257527412
99.0,17.0,178.67276000976562,1.5000916625801024,-4.756938306649401,4.415024988504242,3.7790510977420064,-1.0879754186374249,-4.847300340510079,4.985910616135429,-4.990931648870969,3.388493216547211,-3.8717020531573096
99.0,17.0,173.51190185546875,4.37313400817466,4.049299975104589,3.0624824604079857,-2.707951573971372,2.412109130273788,-4.887373905116636,4.999987226466362,-4.468431909954914,4.912350880745766,-4.999562273440086
99.0,17.0,179.71653747558594,2.949820768019771,-4.837207812500607,3.890392972106479,3.914257027703634,1.3330735778348424,-4.903354645653732,1.5120089000379215,-4.940845651462614,4.947868671758027,-3.4116532109543574
99.0,17.0,183.8454742431641,-0.6840121329569162,1.448135487368468,1.2231397473321293,3.3804504523927617,-0.2742483479488012,-4.950903352290322,3.9768811330003286,-4.082316488593527,4.887359212723773,-4.58144722528921
99.0,17.0,166.706787109375,-4.806953520432868,-4.9805928717097085,4.0026429567125295,4.288756515219119,3.33000958240818,-2.621198968617846,3.781257021944536,-4.586012677034729,4.965784495344439,-4.78043777377238
99.0,17.0,157.52955627441406,4.98065273661662,-4.6034801165132775,0.3257999266857083,4.641445084912153,4.369885475092785,-4.9558620614121,4.5937301861803705,-3.8930343152443214,4.132612664901095,-4.860477356015122
99.0,17.0,180.25125122070312,-3.9982099781699176,-1.3092167970042183,4.305126411259598,4.968092277044968,1.2202863286605972,-3.537806850593331,3.84325819462479,-4.865111999158037,3.8489484801117015,-4.548739562725048
99.0,17.0,174.071533203125,4.897522436203182,1.942051078661061,1.4873767388787196,-0.8800062711410144,1.7934445368953096,-4.978303813031179,4.971857106211185,-4.707418438023807,4.263066086112222,-4.999898142236108
99.0,17.0,168.2008056640625,3.971235970316705,-4.9757362941444345,-0.2034764339658935,4.983524913310345,2.2830857948725294,-4.6641762201052615,4.829943869204387,-2.317753479727528,4.929303002096161,-4.764162569848876
99.0,17.0,163.6416473388672,1.6239598878835473,-0.3667413261291026,4.460181669822019,4.928021552223397,2.1235305422826865,-4.995036793562344,4.915206296857987,-4.068923219235797,4.389375019961548,-4.538258204132914
99.0,17.0,159.99609375,2.056881989555689,4.992644114838244,4.936021428294606,1.780159921776411,4.658557008132023,-4.949960915583909,4.89193277941959,-4.6813222138084765,4.779130211188219,-4.803243366155816
99.0,17.0,171.26754760742188,1.0817702844813164,-4.685614671676428,4.340037279351143,-2.951161331826932,2.559885575397379,-4.414089902231125,4.9999998199077,-4.541021867749814,4.41026124349861,-4.738462484405295
99.0,17.0,173.54855346679688,-1.5652004237596566,-4.590101723733381,3.5760500385941256,3.441301689887894,2.664906160228669,-4.495201602701659,4.179053039687214,-4.985148802118592,3.398676174963495,-4.377283543013746
99.0,17.0,162.39642333984375,2.485477453869476,-4.727439146965471,-2.2380609866504746,4.357996950546598,3.724650935140112,-4.91969055939243,3.695381580653098,-4.9873373812044255,4.436139432757764,-4.814531747431101
99.0,17.0,173.23001098632812,-1.233816743857746,-4.963164050855186,4.84717032053056,4.984577989874224,0.4060133156917873,-4.968294784356571,4.9428177995138265,-3.810482891273598,4.360041263473749,-3.8471583714608792
99.0,17.0,169.43321228027344,1.181967628750372,4.9771340257412415,4.981098241994781,1.4533067502552992,3.412410165052066,-4.928976943271335,4.927425044903603,-3.678157755843168,4.9989035857681525,-4.776952144504081
99.0,17.0,175.05706787109375,4.992033569346478,-4.843485570133542,-2.856162700288761,4.245150323518296,4.685398165824604,-4.510744509170955,3.1511731917904973,-3.5216841804507286,3.69690477800336,-4.993473427632111
99.0,17.0,167.7406768798828,4.991776900605584,-0.2273766722475416,-0.2486988166146851,1.3290282556833115,4.663425169560742,-4.5457185482547695,4.720814773512717,-3.635199128445013,4.758557970158591,-4.889571713296389
99.0,17.0,181.33792114257807,-4.503338632403736,2.266238496997866,0.9721664433401808,1.6845761270590938,3.6272931472410654,-2.9876302426430468,4.98397783866142,-4.6100806273513655,4.838328293356065,-4.601087778241746
99.0,17.0,165.83248901367188,4.084730722839934,-4.592815811733782,-0.8532378727545193,3.3435900154504954,4.121242943155613,-2.2134403441969384,4.277104840374973,-4.954453846023661,4.535661859908636,-4.8507987224659495
99.0,17.0,176.47943115234375,2.24872670965044,-4.158104041060426,1.0465609560215126,4.563218073304827,4.909560113261623,-4.9900114215327935,3.5684136355995446,-3.269442645499062,3.865593248844094,-4.086875755751392
99.0,17.0,182.3686370849609,3.5688953448362835,3.3422982566790216,2.312436079338031,2.1368161609218483,4.211109104746914,-4.9896589655817305,4.908528170481244,-0.9321295727425634,4.829114154565374,-4.873855366416414
99.0,17.0,162.93215942382812,4.576754910796186,4.995840468342587,1.966287816054672,4.996756365186581,4.283674754208144,-2.8947982056954595,4.985008196660813,-4.178935371125801,4.987517203965112,-4.999974328256688
99.0,17.0,181.663803100586,-1.834330830467736,-4.748607872378524,1.158608956648032,4.924054403140302,0.0499101911866395,-4.199315600740732,4.606696905102266,-4.7307901755259305,3.920330715392093,-4.040070128345419
99.0,17.0,179.8441619873047,1.1539556202168932,0.7275365373135703,4.191008658412294,2.968403650934529,3.6348534328830455,-3.8404131701944384,4.923966592223831,-1.206162609035145,4.888437052780915,-4.893550344675016
99.0,17.0,163.02206420898438,0.4681726536963064,-0.4190978554930549,4.7001797598421,4.802205457100647,1.5659936236230283,-4.996369624975067,4.888090549021442,-4.06453993129923,4.812505565671278,-4.538363275549704
99.0,17.0,182.6966552734375,-1.8187509870423253,-4.702906913426882,4.2114799470087725,3.916882084486311,0.5792972495221733,-1.4871955991345736,4.7458180518016695,-4.984102283553531,3.660460270230775,-4.461025606873806
99.0,17.0,168.1144561767578,-1.5417298491559182,-4.567735160070261,3.978579439636077,3.2943619751552724,2.7383856721826043,-4.9069616084261405,4.968756461347708,-4.975680216562101,3.4437821519503764,-4.321526188291808
99.0,17.0,166.7467041015625,1.2381007853361643,0.2420769939099694,4.9024433726592695,4.977311208338234,3.563287548261165,-4.971235645522823,3.890137997858528,-3.237430900098184,4.793544368452813,-4.529838672892799
99.0,17.0,180.93798828125,-4.104628735170556,-0.5802896178865993,4.2060160290461175,4.989808029950304,4.406257092003912,-4.914807769973972,2.707751347764426,-2.701614426519226,4.867050554603233,-4.251081263397584
99.0,17.0,167.89830017089844,3.005955149627938,3.9396256116735726,4.881001878812053,-0.0551940111218482,1.5253949531378024,-4.999223265243824,4.997476054424158,-4.905933023627341,4.5960909616635055,-4.998903865093298
99.0,17.0,172.19227600097656,-1.6234440683753713,-4.642068100934259,2.4848679693424685,4.427929693016155,4.446643739086159,-4.915654068935974,4.702362077997828,-4.995710602862755,2.93589077427136,-3.94368741689724
99.0,17.0,175.42730712890625,1.261305900032784,4.995646938784711,3.646057165888481,3.7625571047688737,2.591898366948562,-3.097392309513808,3.536441959968722,-4.761561371530872,4.75581217163716,-4.9681052791281255
99.0,17.0,168.28179931640625,-0.3981420156710058,0.0523287419852347,4.965558215308136,4.98542358749263,0.987202799613303,-4.100489077573396,4.668605757983909,-4.939999804136156,4.1799857275067565,-4.62597201597166
99.0,17.0,176.31478881835938,4.980384506512492,-3.87234180408278,-2.5155064328644907,1.95246418527886,4.528423385618396,-4.7874271177367484,2.570366312697057,-3.667743388832606,4.49444884123751,-4.940174744519911
99.0,17.0,183.5902709960937,-4.946627222861152,-3.7195433558023896,3.620572728117328,4.966799196673214,3.705046937117806,-2.437039614166601,3.796231487260704,-3.2881333605976053,4.841534169003296,-4.015717313560828
99.0,17.0,171.46900939941406,4.8512477537961605,4.97072954122931,4.968231739757785,-0.1228629252462223,3.887557782468354,-4.857263370019457,4.987687230884588,-3.220406853261286,4.904809627586852,-4.760196157386887
99.0,17.0,181.88766479492188,2.20190346661843,-4.254318804190283,3.3018965993240768,4.671972068681191,0.2579354558271085,-4.980266076470078,4.767537687780759,-3.254643610782498,3.8128816705055657,-3.9296096492044414
99.0,17.0,167.44888305664062,4.933711587409143,-4.648213243839519,-0.4792588753981953,3.911804393955226,4.2229264511849145,-4.132342049963137,3.1794955166789807,-4.310201537477783,4.042400710927332,-4.971992065458998
99.0,17.0,166.84774780273438,-0.4613018581351591,-0.4931300257622177,2.66446786874762,2.138985304650461,2.469054980158298,-3.479593965975921,4.763679554411081,-4.747516465674059,4.995450570896747,-4.953015980441341
99.0,18.0,165.46826171875,-0.8545478245937406,-0.2176476537445475,4.98109007918052,2.750796565619155,3.450711983783514,-4.260222737443256,4.728220427214284,-4.107958712377108,4.969928199206829,-4.513551747669785
99.0,18.0,166.64495849609375,1.5420343164775263,-4.410259756562428,1.3153648416716996,2.757975177195773,4.646842239929168,-4.488985241229424,4.087095319930285,-4.988491158209548,3.284961875677168,-4.883943035290868
99.0,18.0,170.27406311035156,4.9610674024602925,-4.651415486095486,-0.4856921265166932,3.123719556204465,4.460500259893058,-4.096485263337199,3.209626609669473,-4.0813260861868415,3.9953537318366816,-4.963614071900402
99.0,18.0,168.7438201904297,-0.2938091505023867,2.4826125955243072,4.873417340028114,3.941719843537004,1.4441222063278225,-4.415966717149912,4.912416503945379,-4.490896703048675,4.764628594715271,-4.586326247706716
99.0,18.0,167.0888214111328,1.959199801557325,0.7881567460527399,4.826477407392577,4.879103985869169,1.4823619882335202,-4.999092021148349,4.824069254181898,-3.2975578812455417,4.930730500235361,-4.521138453634187
99.0,18.0,168.02667236328125,2.4066434682925286,3.8057760222495913,3.1547003227053354,3.424338120497595,4.266461885238604,-4.284672963936235,4.540707289630616,-3.5666357617182185,4.974495888919315,-4.783027331531442
99.0,18.0,169.08633422851562,-0.2083994859862041,2.434556178045503,3.116164931843856,1.847926106846565,3.1221024190499422,-3.8056943230435767,4.715988140617368,-4.924602756833059,4.607744913194672,-4.9866056604525095
99.0,18.0,156.02194213867188,0.0380297764974419,2.8924854267084825,4.800594639051155,3.943947018708821,3.900097866075397,-4.536551613868438,4.6847598281611535,-4.875975921100091,4.878244299492136,-4.950060014358679
99.0,18.0,167.84356689453125,1.7417238221867626,4.98222821948344,4.016296682393157,4.962512695440354,4.500963781249623,-4.487438381422714,4.992852926085875,-2.898114836015773,4.702210635675117,-4.808260346668703
99.0,18.0,157.0121612548828,2.7281092347465696,-4.971171305993249,3.933814894264666,3.0902411476428284,4.776195037811572,-4.705469649570235,4.996887543229208,-2.649999032089634,4.816287065616429,-4.82795993479169
99.0,18.0,178.67276000976562,1.5000916625801024,-4.756938306649401,4.415024988504242,3.7790510977420064,-1.0879754186374249,-4.847300340510079,4.985910616135429,-4.990931648870969,3.388493216547211,-3.8717020531573096
99.0,18.0,173.51190185546875,4.37313400817466,4.049299975104589,3.0624824604079857,-2.707951573971372,2.412109130273788,-4.887373905116636,4.999987226466362,-4.468431909954914,4.912350880745766,-4.999562273440086
99.0,18.0,179.71653747558594,2.949820768019771,-4.837207812500607,3.890392972106479,3.914257027703634,1.3330735778348424,-4.903354645653732,1.5120089000379215,-4.940845651462614,4.947868671758027,-3.4116532109543574
99.0,18.0,183.8454742431641,-0.6840121329569162,1.448135487368468,1.2231397473321293,3.3804504523927617,-0.2742483479488012,-4.950903352290322,3.9768811330003286,-4.082316488593527,4.887359212723773,-4.58144722528921
99.0,18.0,166.706787109375,-4.806953520432868,-4.9805928717097085,4.0026429567125295,4.288756515219119,3.33000958240818,-2.621198968617846,3.781257021944536,-4.586012677034729,4.965784495344439,-4.78043777377238
99.0,18.0,157.52955627441406,4.98065273661662,-4.6034801165132775,0.3257999266857083,4.641445084912153,4.369885475092785,-4.9558620614121,4.5937301861803705,-3.8930343152443214,4.132612664901095,-4.860477356015122
99.0,18.0,179.13668823242188,2.5209619099202696,-4.979838884600407,4.996441432635221,3.8712127890848897,2.839390587900545,-4.881383773721641,2.007946564211611,-4.865111999158037,4.2260801413713285,-3.2816926924556564
99.0,18.0,174.071533203125,4.897522436203182,1.942051078661061,1.4873767388787196,-0.8800062711410144,1.7934445368953096,-4.978303813031179,4.971857106211185,-4.707418438023807,4.263066086112222,-4.999898142236108
99.0,18.0,161.9486846923828,4.616637556256984,1.4148428058371003,-0.7108251431924932,4.9970378396123705,4.584949012253228,-3.4517963238698863,4.829943869204387,-4.210302683311484,4.901714463746657,-4.913937371745983
99.0,18.0,163.6416473388672,1.6239598878835473,-0.3667413261291026,4.460181669822019,4.928021552223397,2.1235305422826865,-4.995036793562344,4.915206296857987,-4.068923219235797,4.389375019961548,-4.538258204132914
99.0,18.0,159.99609375,2.056881989555689,4.992644114838244,4.936021428294606,1.780159921776411,4.658557008132023,-4.949960915583909,4.89193277941959,-4.6813222138084765,4.779130211188219,-4.803243366155816
99.0,18.0,171.26754760742188,1.0817702844813164,-4.685614671676428,4.340037279351143,-2.951161331826932,2.559885575397379,-4.414089902231125,4.9999998199077,-4.541021867749814,4.41026124349861,-4.738462484405295
99.0,18.0,173.54855346679688,-1.5652004237596566,-4.590101723733381,3.5760500385941256,3.441301689887894,2.664906160228669,-4.495201602701659,4.179053039687214,-4.985148802118592,3.398676174963495,-4.377283543013746
99.0,18.0,162.39642333984375,2.485477453869476,-4.727439146965471,-2.2380609866504746,4.357996950546598,3.724650935140112,-4.91969055939243,3.695381580653098,-4.9873373812044255,4.436139432757764,-4.814531747431101
99.0,18.0,166.8998565673828,-1.233816743857746,-0.712410368391236,1.3774619826997114,1.937194742966268,3.0713115682302066,-4.968294784356571,4.649770628580502,-4.738171108124788,4.507480110817146,-4.988595201536624
99.0,18.0,169.43321228027344,1.181967628750372,4.9771340257412415,4.981098241994781,1.4533067502552992,3.412410165052066,-4.928976943271335,4.927425044903603,-3.678157755843168,4.9989035857681525,-4.776952144504081
99.0,18.0,167.14398193359375,4.992033569346478,-4.98030415424446,-0.4096674498617497,4.990934218060545,4.492078295395332,-3.551125534159145,4.22761707210894,-2.115293993809408,4.965696948970916,-4.958086173740622
99.0,18.0,167.7406768798828,4.991776900605584,-0.2273766722475416,-0.2486988166146851,1.3290282556833115,4.663425169560742,-4.5457185482547695,4.720814773512717,-3.635199128445013,4.758557970158591,-4.889571713296389
99.0,18.0,181.33792114257807,-4.503338632403736,2.266238496997866,0.9721664433401808,1.6845761270590938,3.6272931472410654,-2.9876302426430468,4.98397783866142,-4.6100806273513655,4.838328293356065,-4.601087778241746
99.0,18.0,164.21405029296875,1.5409224851137917,3.650636911162131,4.90085130223613,2.291737101455732,3.771931257564941,-4.423816241233858,4.843022745862596,-4.218126355022607,4.8317548766057925,-4.8507987224659495
99.0,18.0,172.10166931152344,4.737780922703611,-4.693524546333424,-3.523753207570134,3.252200330701566,4.240620156524836,-4.9900114215327935,3.5015103972713075,-4.217440634817647,4.916168861774636,-4.086875755751392
99.0,18.0,174.5694580078125,3.5688953448362835,4.508297705613647,4.959715526294171,3.2779191950520623,2.26536355325226,-4.9803822238296505,4.250323604883121,-3.2131704889000234,4.823758919330247,-4.603891244206473
99.0,18.0,162.93215942382812,4.576754910796186,4.995840468342587,1.966287816054672,4.996756365186581,4.283674754208144,-2.8947982056954595,4.985008196660813,-4.178935371125801,4.987517203965112,-4.999974328256688
99.0,18.0,176.84725952148438,0.2645104016738524,-3.740114681357836,1.8685167217038503,4.924054403140302,0.0499101911866395,-4.498735686455837,4.719912593863542,-4.998465858707507,3.133437033793199,-4.6123132776854
99.0,18.0,159.4257049560547,4.501889197121868,-2.095733720093067,0.3849938740744962,4.641867883721355,4.660480217053543,-4.521959208020513,4.456624165415412,-4.4577927716756,4.042584896917599,-4.902518896791369
99.0,18.0,163.02206420898438,0.4681726536963064,-0.4190978554930549,4.7001797598421,4.802205457100647,1.5659936236230283,-4.996369624975067,4.888090549021442,-4.06453993129923,4.812505565671278,-4.538363275549704
99.0,18.0,182.6966552734375,-1.8187509870423253,-4.702906913426882,4.2114799470087725,3.916882084486311,0.5792972495221733,-1.4871955991345736,4.7458180518016695,-4.984102283553531,3.660460270230775,-4.461025606873806
99.0,18.0,168.1144561767578,-1.5417298491559182,-4.567735160070261,3.978579439636077,3.2943619751552724,2.7383856721826043,-4.9069616084261405,4.968756461347708,-4.975680216562101,3.4437821519503764,-4.321526188291808
99.0,18.0,166.7467041015625,1.2381007853361643,0.2420769939099694,4.9024433726592695,4.977311208338234,3.563287548261165,-4.971235645522823,3.890137997858528,-3.237430900098184,4.793544368452813,-4.529838672892799
99.0,18.0,158.7257843017578,3.130610323504773,-0.4488480524478477,2.306693970045448,4.989808029950304,3.3876765752218785,-4.999845512125505,4.999399370890851,-3.927565348041151,4.369217634185974,-4.9222736053088125
99.0,18.0,167.89830017089844,3.005955149627938,3.9396256116735726,4.881001878812053,-0.0551940111218482,1.5253949531378024,-4.999223265243824,4.997476054424158,-4.905933023627341,4.5960909616635055,-4.998903865093298
99.0,18.0,172.19227600097656,-1.6234440683753713,-4.642068100934259,2.4848679693424685,4.427929693016155,4.446643739086159,-4.915654068935974,4.702362077997828,-4.995710602862755,2.93589077427136,-3.94368741689724
99.0,18.0,165.1509552001953,3.320409763084081,-4.86506853234632,2.6586547577352024,4.999938941646594,2.591898366948562,-4.997879010027335,3.193840458730949,-4.888766440587064,4.027755732823761,-4.377865762795405
99.0,18.0,164.340576171875,3.672860408766749,-4.921519703184198,-3.14819020760904,4.087915658532191,4.847452603812672,-4.945912783183526,4.124933522339616,-4.998272419645852,3.9796105798375927,-4.512005674517196
99.0,18.0,172.0645751953125,1.094789556982378,0.6800239731632436,-2.5155064328644907,0.3321762614238692,4.788862862369102,-4.657394234077559,4.893194662161361,-4.498866635869713,4.686215352105771,-4.940174744519911
99.0,18.0,173.78915405273438,4.558734913995797,-2.790822395575065,3.620572728117328,4.958919436259145,4.193109908364061,-4.998605632818977,3.796231487260704,-1.643645920476244,4.114547696875361,-4.659277485878318
99.0,18.0,171.46900939941406,4.8512477537961605,4.97072954122931,4.968231739757785,-0.1228629252462223,3.887557782468354,-4.857263370019457,4.987687230884588,-3.220406853261286,4.904809627586852,-4.760196157386887
99.0,18.0,181.88766479492188,2.20190346661843,-4.254318804190283,3.3018965993240768,4.671972068681191,0.2579354558271085,-4.980266076470078,4.767537687780759,-3.254643610782498,3.8128816705055657,-3.9296096492044414
99.0,18.0,167.44888305664062,4.933711587409143,-4.648213243839519,-0.4792588753981953,3.911804393955226,4.2229264511849145,-4.132342049963137,3.1794955166789807,-4.310201537477783,4.042400710927332,-4.971992065458998
99.0,18.0,166.84774780273438,-0.4613018581351591,-0.4931300257622177,2.66446786874762,2.138985304650461,2.469054980158298,-3.479593965975921,4.763679554411081,-4.747516465674059,4.995450570896747,-4.953015980441341
99.0,19.0,165.46826171875,-0.8545478245937406,-0.2176476537445475,4.98109007918052,2.750796565619155,3.450711983783514,-4.260222737443256,4.728220427214284,-4.107958712377108,4.969928199206829,-4.513551747669785
99.0,19.0,166.64495849609375,1.5420343164775263,-4.410259756562428,1.3153648416716996,2.757975177195773,4.646842239929168,-4.488985241229424,4.087095319930285,-4.988491158209548,3.284961875677168,-4.883943035290868
99.0,19.0,162.5777130126953,4.9610674024602925,-0.7911801663954465,2.8448611992338213,0.3097978570580983,4.413722896311164,-4.001526803136972,4.915545397142905,-4.230561451143114,4.7677470510034965,-4.850312951630853
99.0,19.0,168.7438201904297,-0.2938091505023867,2.4826125955243072,4.873417340028114,3.941719843537004,1.4441222063278225,-4.415966717149912,4.912416503945379,-4.490896703048675,4.764628594715271,-4.586326247706716
99.0,19.0,167.0888214111328,1.959199801557325,0.7881567460527399,4.826477407392577,4.879103985869169,1.4823619882335202,-4.999092021148349,4.824069254181898,-3.2975578812455417,4.930730500235361,-4.521138453634187
99.0,19.0,162.0781707763672,-2.399680316793501,0.2725638203578606,4.75421091689385,3.449868886723104,4.266461885238604,-4.284672963936235,4.984663780603986,-4.204729099523823,4.922662335600923,-4.581401427922332
99.0,19.0,169.08633422851562,-0.2083994859862041,2.434556178045503,3.116164931843856,1.847926106846565,3.1221024190499422,-3.8056943230435767,4.715988140617368,-4.924602756833059,4.607744913194672,-4.9866056604525095
99.0,19.0,156.02194213867188,0.0380297764974419,2.8924854267084825,4.800594639051155,3.943947018708821,3.900097866075397,-4.536551613868438,4.6847598281611535,-4.875975921100091,4.878244299492136,-4.950060014358679
99.0,19.0,164.29666137695312,0.4975826610578079,-1.917806986588923,2.457850033644572,2.6321361589936574,2.8087591481357297,-3.769129004182137,4.765074450867385,-4.536529723767621,4.807823783519885,-4.92898195865444
99.0,19.0,157.0121612548828,2.7281092347465696,-4.971171305993249,3.933814894264666,3.0902411476428284,4.776195037811572,-4.705469649570235,4.996887543229208,-2.649999032089634,4.816287065616429,-4.82795993479169
99.0,19.0,173.5206298828125,-1.8019224066818496,-0.892782642028008,3.7076413150689023,3.7790510977420064,4.477017890597773,-4.384168704859311,4.814686179848092,-4.9300775196867646,3.388493216547211,-4.068095484177607
99.0,19.0,173.51190185546875,4.37313400817466,4.049299975104589,3.0624824604079857,-2.707951573971372,2.412109130273788,-4.887373905116636,4.999987226466362,-4.468431909954914,4.912350880745766,-4.999562273440086
99.0,19.0,160.75938415527344,0.0580716299122783,-4.933829849044972,1.275161221791251,4.7575456921111074,4.981334438341505,-4.903354645653732,3.9307372067987822,-4.973512606945922,3.4260385445914827,-4.859521109923558
99.0,19.0,178.0200958251953,-4.556950325881974,3.786327067409056,2.2366264150974,4.605835610349778,4.981052769418223,-2.7421975268388143,4.994475748598765,-3.705428826347348,4.887359212723773,-4.505268880458043
99.0,19.0,159.57516479492188,4.658245209097555,-4.964205226199804,-4.948196656317839,4.052949287297412,4.486456201839648,-4.9479310284117535,3.621443273667252,-4.994085808816688,4.729734909080795,-4.947427839784127
99.0,19.0,157.52955627441406,4.98065273661662,-4.6034801165132775,0.3257999266857083,4.641445084912153,4.369885475092785,-4.9558620614121,4.5937301861803705,-3.8930343152443214,4.132612664901095,-4.860477356015122
99.0,19.0,166.63406372070312,2.3024993798228834,-4.300632519540774,4.996441432635221,2.671123057383377,2.839390587900545,-4.826653371003362,3.1407381043662044,-4.928445893503445,4.186254591783659,-4.386816332400954
99.0,19.0,174.071533203125,4.897522436203182,1.942051078661061,1.4873767388787196,-0.8800062711410144,1.7934445368953096,-4.978303813031179,4.971857106211185,-4.707418438023807,4.263066086112222,-4.999898142236108
99.0,19.0,161.9486846923828,4.616637556256984,1.4148428058371003,-0.7108251431924932,4.9970378396123705,4.584949012253228,-3.4517963238698863,4.829943869204387,-4.210302683311484,4.901714463746657,-4.913937371745983
99.0,19.0,163.6416473388672,1.6239598878835473,-0.3667413261291026,4.460181669822019,4.928021552223397,2.1235305422826865,-4.995036793562344,4.915206296857987,-4.068923219235797,4.389375019961548,-4.538258204132914
99.0,19.0,159.99609375,2.056881989555689,4.992644114838244,4.936021428294606,1.780159921776411,4.658557008132023,-4.949960915583909,4.89193277941959,-4.6813222138084765,4.779130211188219,-4.803243366155816
99.0,19.0,171.26754760742188,1.0817702844813164,-4.685614671676428,4.340037279351143,-2.951161331826932,2.559885575397379,-4.414089902231125,4.9999998199077,-4.541021867749814,4.41026124349861,-4.738462484405295
99.0,19.0,161.2841796875,2.8771096112516013,-4.590101723733381,4.806610732632552,3.413537204791754,2.592917659493001,-4.808050787993514,4.94322733328905,-3.392854092856091,4.550584288661962,-4.575778187065558
99.0,19.0,162.39642333984375,2.485477453869476,-4.727439146965471,-2.2380609866504746,4.357996950546598,3.724650935140112,-4.91969055939243,3.695381580653098,-4.9873373812044255,4.436139432757764,-4.814531747431101
99.0,19.0,166.8998565673828,-1.233816743857746,-0.712410368391236,1.3774619826997114,1.937194742966268,3.0713115682302066,-4.968294784356571,4.649770628580502,-4.738171108124788,4.507480110817146,-4.988595201536624
99.0,19.0,161.84909057617188,2.44822377976018,4.9771340257412415,4.283280754736264,1.02831820591351,4.707457905223682,-4.594779000770854,4.927425044903603,-4.430178485049687,4.9989035857681525,-4.9256279298550805
99.0,19.0,165.3165283203125,4.624213277721431,-4.98030415424446,3.436600250050685,-3.0274330186884963,3.2551422821388307,-4.951315750297946,4.752240003007088,-3.58296601262816,4.941386571053203,-4.999973742345458
99.0,19.0,167.7406768798828,4.991776900605584,-0.2273766722475416,-0.2486988166146851,1.3290282556833115,4.663425169560742,-4.5457185482547695,4.720814773512717,-3.635199128445013,4.758557970158591,-4.889571713296389
99.0,19.0,171.26602172851562,1.8603680976370984,4.98355806434531,0.9721664433401808,0.6566189587346347,3.641008294462704,-4.584223303442294,4.98397783866142,-4.6100806273513655,4.9996460178620445,-4.841824752350599
99.0,19.0,164.21405029296875,1.5409224851137917,3.650636911162131,4.90085130223613,2.291737101455732,3.771931257564941,-4.423816241233858,4.843022745862596,-4.218126355022607,4.8317548766057925,-4.8507987224659495
99.0,19.0,171.01473999023438,0.3528192202255367,2.6169331512691443,2.974729207922235,2.9133294510847447,3.793859287774143,-3.49598786114316,4.7594235179260975,-4.217440634817647,4.916168861774636,-4.644609389102424
99.0,19.0,174.5694580078125,3.5688953448362835,4.508297705613647,4.959715526294171,3.2779191950520623,2.26536355325226,-4.9803822238296505,4.250323604883121,-3.2131704889000234,4.823758919330247,-4.603891244206473
99.0,19.0,162.93215942382812,4.576754910796186,4.995840468342587,1.966287816054672,4.996756365186581,4.283674754208144,-2.8947982056954595,4.985008196660813,-4.178935371125801,4.987517203965112,-4.999974328256688
99.0,19.0,172.21231079101562,-0.8498300482782568,4.5618897922410575,3.06916590185588,2.4009753164732373,3.484050899230252,-3.850620258944168,4.840087886629882,-4.110762207303132,4.891477026735414,-4.995333887023603
99.0,19.0,159.4257049560547,4.501889197121868,-2.095733720093067,0.3849938740744962,4.641867883721355,4.660480217053543,-4.521959208020513,4.456624165415412,-4.4577927716756,4.042584896917599,-4.902518896791369
99.0,19.0,163.02206420898438,0.4681726536963064,-0.4190978554930549,4.7001797598421,4.802205457100647,1.5659936236230283,-4.996369624975067,4.888090549021442,-4.06453993129923,4.812505565671278,-4.538363275549704
99.0,19.0,165.49359130859375,1.6196511308802948,3.278043898310931,2.776495192927172,4.996885829130033,1.7216401594800037,-4.855094045915344,4.957163851248936,-4.848014183520672,4.343388398735395,-4.8014567617663255
99.0,19.0,168.1144561767578,-1.5417298491559182,-4.567735160070261,3.978579439636077,3.2943619751552724,2.7383856721826043,-4.9069616084261405,4.968756461347708,-4.975680216562101,3.4437821519503764,-4.321526188291808
99.0,19.0,166.7467041015625,1.2381007853361643,0.2420769939099694,4.9024433726592695,4.977311208338234,3.563287548261165,-4.971235645522823,3.890137997858528,-3.237430900098184,4.793544368452813,-4.529838672892799
99.0,19.0,158.7257843017578,3.130610323504773,-0.4488480524478477,2.306693970045448,4.989808029950304,3.3876765752218785,-4.999845512125505,4.999399370890851,-3.927565348041151,4.369217634185974,-4.9222736053088125
99.0,19.0,160.18966674804688,4.8690761485844325,1.3607776929886408,-1.589010258577013,4.99969460589515,4.98616596820446,-3.5270856586285144,4.997476054424158,-4.159220079169532,4.977037339356298,-4.959371360398422
99.0,19.0,169.32696533203125,2.912693200274855,-3.2685289824594776,2.4848679693424685,3.684599805159542,4.446643739086159,-3.8863601882967,3.28964465880415,-4.241483618316435,3.9638395721569912,-4.796027964359201
99.0,19.0,165.1509552001953,3.320409763084081,-4.86506853234632,2.6586547577352024,4.999938941646594,2.591898366948562,-4.997879010027335,3.193840458730949,-4.888766440587064,4.027755732823761,-4.377865762795405
99.0,19.0,148.9681854248047,3.42677559145272,-4.198317388488611,2.1536329683144,4.087915658532191,4.847452603812672,-4.299674330435967,4.491911400526574,-4.998272419645852,4.943379204378253,-4.59855985742659
99.0,19.0,172.0645751953125,1.094789556982378,0.6800239731632436,-2.5155064328644907,0.3321762614238692,4.788862862369102,-4.657394234077559,4.893194662161361,-4.498866635869713,4.686215352105771,-4.940174744519911
99.0,19.0,158.19952392578125,4.558734913995797,-4.602073627596377,3.315382772603505,2.526357215930102,2.2891949781663565,-4.668944587015559,4.97783958045981,-4.979540787571335,4.114547696875361,-4.659277485878318
99.0,19.0,161.29165649414062,4.305166260932565,4.998290941406109,1.5984414913541003,4.751796911583561,4.5368895769579645,-4.857263370019457,4.997625367086798,-3.491830426253604,4.904809627586852,-4.999992104957098
99.0,19.0,166.6403350830078,-2.550713478972712,-4.997909548503132,1.8154530401343336,4.208376329124873,4.7319555081430575,-2.6009451868363627,3.634076840524001,-4.500259869007275,4.625838044959347,-4.941494814005088
99.0,19.0,156.45455932617188,4.658589554051115,-0.5873960949571622,2.552634813595998,4.727759120530056,4.206761370717282,-4.132342049963137,3.9435261074660977,-4.679655924833232,4.917164583701421,-4.692954003113503
99.0,19.0,163.2261962890625,4.092789932699807,-4.998731805601041,4.87395314466035,4.101884488761991,4.634839122236873,-4.787318193150874,4.763679554411081,-2.620253653252123,4.625454679704757,-3.975503450793264
99.0,20.0,165.46826171875,-0.8545478245937406,-0.2176476537445475,4.98109007918052,2.750796565619155,3.450711983783514,-4.260222737443256,4.728220427214284,-4.107958712377108,4.969928199206829,-4.513551747669785
99.0,20.0,158.83555603027344,4.983248713448626,-3.147513602076552,1.5499935323099518,1.1740670733764036,4.847033360950864,-4.514512476575648,4.764145720887562,-4.350737519572091,4.330955068574978,-4.979267705475325
99.0,20.0,162.5777130126953,4.9610674024602925,-0.7911801663954465,2.8448611992338213,0.3097978570580983,4.413722896311164,-4.001526803136972,4.915545397142905,-4.230561451143114,4.7677470510034965,-4.850312951630853
99.0,20.0,162.66470336914062,-0.2938091505023867,-1.9271602078895955,3.616346502985368,0.6479170793571218,3.0206507236434987,-4.619119401719834,4.912416503945379,-4.662151280729564,4.813516974421406,-4.891808759453636
99.0,20.0,167.0888214111328,1.959199801557325,0.7881567460527399,4.826477407392577,4.879103985869169,1.4823619882335202,-4.999092021148349,4.824069254181898,-3.2975578812455417,4.930730500235361,-4.521138453634187
99.0,20.0,162.0781707763672,-2.399680316793501,0.2725638203578606,4.75421091689385,3.449868886723104,4.266461885238604,-4.284672963936235,4.984663780603986,-4.204729099523823,4.922662335600923,-4.581401427922332
99.0,20.0,169.08633422851562,-0.2083994859862041,2.434556178045503,3.116164931843856,1.847926106846565,3.1221024190499422,-3.8056943230435767,4.715988140617368,-4.924602756833059,4.607744913194672,-4.9866056604525095
99.0,20.0,156.02194213867188,0.0380297764974419,2.8924854267084825,4.800594639051155,3.943947018708821,3.900097866075397,-4.536551613868438,4.6847598281611535,-4.875975921100091,4.878244299492136,-4.950060014358679
99.0,20.0,164.29666137695312,0.4975826610578079,-1.917806986588923,2.457850033644572,2.6321361589936574,2.8087591481357297,-3.769129004182137,4.765074450867385,-4.536529723767621,4.807823783519885,-4.92898195865444
99.0,20.0,157.0121612548828,2.7281092347465696,-4.971171305993249,3.933814894264666,3.0902411476428284,4.776195037811572,-4.705469649570235,4.996887543229208,-2.649999032089634,4.816287065616429,-4.82795993479169
99.0,20.0,167.96798706054688,2.470645829657321,3.4247001547600213,4.437854081498365,3.7790510977420064,0.9689811871764148,-4.869131466224592,4.814686179848092,-4.9300775196867646,4.495901126162461,-4.576340798772866
99.0,20.0,167.65878295898438,-0.4970675059559664,-2.6109854610110985,4.717794629583299,3.983446470657033,1.8507104571701736,-4.999169753734887,4.937449821777102,-3.049711484927431,4.7620668066287815,-4.605866241388798
99.0,20.0,160.75938415527344,0.0580716299122783,-4.933829849044972,1.275161221791251,4.7575456921111074,4.981334438341505,-4.903354645653732,3.9307372067987822,-4.973512606945922,3.4260385445914827,-4.859521109923558
99.0,20.0,171.64620971679688,-0.355184447369266,-4.980647516665497,-2.4836814516060315,3.493097749156697,4.396790401600701,-3.720240396747859,3.0127203154696724,-4.996735225207142,4.564449638144451,-4.824142351779239
99.0,20.0,159.57516479492188,4.658245209097555,-4.964205226199804,-4.948196656317839,4.052949287297412,4.486456201839648,-4.9479310284117535,3.621443273667252,-4.994085808816688,4.729734909080795,-4.947427839784127
99.0,20.0,157.52955627441406,4.98065273661662,-4.6034801165132775,0.3257999266857083,4.641445084912153,4.369885475092785,-4.9558620614121,4.5937301861803705,-3.8930343152443214,4.132612664901095,-4.860477356015122
99.0,20.0,166.63406372070312,2.3024993798228834,-4.300632519540774,4.996441432635221,2.671123057383377,2.839390587900545,-4.826653371003362,3.1407381043662044,-4.928445893503445,4.186254591783659,-4.386816332400954
99.0,20.0,161.13296508789062,2.796943117571167,1.738325771547582,2.8461637118027805,4.8643680150805935,3.6507943366449087,-4.924122467997898,4.917985827774883,-4.166059491739828,4.376414583637294,-4.77768502979437
99.0,20.0,161.9486846923828,4.616637556256984,1.4148428058371003,-0.7108251431924932,4.9970378396123705,4.584949012253228,-3.4517963238698863,4.829943869204387,-4.210302683311484,4.901714463746657,-4.913937371745983
99.0,20.0,163.6416473388672,1.6239598878835473,-0.3667413261291026,4.460181669822019,4.928021552223397,2.1235305422826865,-4.995036793562344,4.915206296857987,-4.068923219235797,4.389375019961548,-4.538258204132914
99.0,20.0,159.99609375,2.056881989555689,4.992644114838244,4.936021428294606,1.780159921776411,4.658557008132023,-4.949960915583909,4.89193277941959,-4.6813222138084765,4.779130211188219,-4.803243366155816
99.0,20.0,156.7616424560547,0.0356708883397001,0.5027167037156799,4.982396637604421,4.755625310872117,3.883428408352028,-4.188200189369026,4.9999998199077,-4.874574173637079,4.41026124349861,-4.709168944681771
99.0,20.0,156.29115295410156,4.217586268644146,-4.005538152687388,1.1415832452524073,3.413537204791754,3.758223750514975,-4.45894554645942,4.628113412070465,-4.984291550856143,4.675951253999883,-4.524258231130413
99.0,20.0,162.39642333984375,2.485477453869476,-4.727439146965471,-2.2380609866504746,4.357996950546598,3.724650935140112,-4.91969055939243,3.695381580653098,-4.9873373812044255,4.436139432757764,-4.814531747431101
99.0,20.0,166.8998565673828,-1.233816743857746,-0.712410368391236,1.3774619826997114,1.937194742966268,3.0713115682302066,-4.968294784356571,4.649770628580502,-4.738171108124788,4.507480110817146,-4.988595201536624
99.0,20.0,159.95997619628906,4.733166662659262,1.1003015238189957,3.135522826075604,4.809093493427555,2.6903135285823065,-4.1482410561084375,3.992391269514741,-4.460065516514186,4.931776694576469,-4.952069384878057
99.0,20.0,165.3165283203125,4.624213277721431,-4.98030415424446,3.436600250050685,-3.0274330186884963,3.2551422821388307,-4.951315750297946,4.752240003007088,-3.58296601262816,4.941386571053203,-4.999973742345458
99.0,20.0,167.7406768798828,4.991776900605584,-0.2273766722475416,-0.2486988166146851,1.3290282556833115,4.663425169560742,-4.5457185482547695,4.720814773512717,-3.635199128445013,4.758557970158591,-4.889571713296389
99.0,20.0,171.26602172851562,1.8603680976370984,4.98355806434531,0.9721664433401808,0.6566189587346347,3.641008294462704,-4.584223303442294,4.98397783866142,-4.6100806273513655,4.9996460178620445,-4.841824752350599
99.0,20.0,164.21405029296875,1.5409224851137917,3.650636911162131,4.90085130223613,2.291737101455732,3.771931257564941,-4.423816241233858,4.843022745862596,-4.218126355022607,4.8317548766057925,-4.8507987224659495
99.0,20.0,168.6507568359375,0.3528192202255367,-0.9746201814622966,2.974729207922235,2.8357035472583028,3.232680606458333,-4.427718753922736,4.986829088672377,-3.672259760114069,4.991610549057431,-4.418031073059426
99.0,20.0,161.96864318847656,0.6908665915822865,4.098437038602106,3.3857368076297742,3.238121972861519,4.374715384720539,-4.9803822238296505,4.6174252013328205,-4.1675884870866415,4.92915068650393,-4.95887630213586
99.0,20.0,158.46107482910156,4.991615584035327,-4.678026952705555,0.0653457220064576,4.789108939088716,3.706294754342371,-2.8947982056954595,4.687223121002222,-3.873516568673666,4.987517203965112,-4.999974328256688
99.0,20.0,172.21231079101562,-0.8498300482782568,4.5618897922410575,3.06916590185588,2.4009753164732373,3.484050899230252,-3.850620258944168,4.840087886629882,-4.110762207303132,4.891477026735414,-4.995333887023603
99.0,20.0,159.4257049560547,4.501889197121868,-2.095733720093067,0.3849938740744962,4.641867883721355,4.660480217053543,-4.521959208020513,4.456624165415412,-4.4577927716756,4.042584896917599,-4.902518896791369
99.0,20.0,163.02206420898438,0.4681726536963064,-0.4190978554930549,4.7001797598421,4.802205457100647,1.5659936236230283,-4.996369624975067,4.888090549021442,-4.06453993129923,4.812505565671278,-4.538363275549704
99.0,20.0,165.49359130859375,1.6196511308802948,3.278043898310931,2.776495192927172,4.996885829130033,1.7216401594800037,-4.855094045915344,4.957163851248936,-4.848014183520672,4.343388398735395,-4.8014567617663255
99.0,20.0,168.1144561767578,-1.5417298491559182,-4.567735160070261,3.978579439636077,3.2943619751552724,2.7383856721826043,-4.9069616084261405,4.968756461347708,-4.975680216562101,3.4437821519503764,-4.321526188291808
99.0,20.0,166.7467041015625,1.2381007853361643,0.2420769939099694,4.9024433726592695,4.977311208338234,3.563287548261165,-4.971235645522823,3.890137997858528,-3.237430900098184,4.793544368452813,-4.529838672892799
99.0,20.0,158.7257843017578,3.130610323504773,-0.4488480524478477,2.306693970045448,4.989808029950304,3.3876765752218785,-4.999845512125505,4.999399370890851,-3.927565348041151,4.369217634185974,-4.9222736053088125
99.0,20.0,160.18966674804688,4.8690761485844325,1.3607776929886408,-1.589010258577013,4.99969460589515,4.98616596820446,-3.5270856586285144,4.997476054424158,-4.159220079169532,4.977037339356298,-4.959371360398422
99.0,20.0,169.32696533203125,2.912693200274855,-3.2685289824594776,2.4848679693424685,3.684599805159542,4.446643739086159,-3.8863601882967,3.28964465880415,-4.241483618316435,3.9638395721569912,-4.796027964359201
99.0,20.0,149.37710571289062,4.130706689979199,-4.753459749799891,4.639977793197322,4.999938941646594,1.955324819470738,-4.444136037629657,4.924273318539616,-4.797370632087443,4.38245907543962,-4.911227405409248
99.0,20.0,148.9681854248047,3.42677559145272,-4.198317388488611,2.1536329683144,4.087915658532191,4.847452603812672,-4.299674330435967,4.491911400526574,-4.998272419645852,4.943379204378253,-4.59855985742659
99.0,20.0,165.15750122070312,4.397886842925793,-4.482680037060393,3.6181664130139737,4.608622862650074,4.788862862369102,-4.657394234077559,4.838132831630054,-2.276772515658618,4.514247169891423,-4.180109266772387
99.0,20.0,158.19952392578125,4.558734913995797,-4.602073627596377,3.315382772603505,2.526357215930102,2.2891949781663565,-4.668944587015559,4.97783958045981,-4.979540787571335,4.114547696875361,-4.659277485878318
99.0,20.0,161.29165649414062,4.305166260932565,4.998290941406109,1.5984414913541003,4.751796911583561,4.5368895769579645,-4.857263370019457,4.997625367086798,-3.491830426253604,4.904809627586852,-4.999992104957098
99.0,20.0,160.66421508789062,1.5953732498020072,-2.0212785678452083,0.2620662293591544,4.831334807081042,4.950387824503535,-4.384760186973963,4.302161481435833,-4.584418369496891,4.234414838626227,-4.8745182781511165
99.0,20.0,156.45455932617188,4.658589554051115,-0.5873960949571622,2.552634813595998,4.727759120530056,4.206761370717282,-4.132342049963137,3.9435261074660977,-4.679655924833232,4.917164583701421,-4.692954003113503
99.0,20.0,163.2261962890625,4.092789932699807,-4.998731805601041,4.87395314466035,4.101884488761991,4.634839122236873,-4.787318193150874,4.763679554411081,-2.620253653252123,4.625454679704757,-3.975503450793264
99.0,21.0,165.46826171875,-0.8545478245937406,-0.2176476537445475,4.98109007918052,2.750796565619155,3.450711983783514,-4.260222737443256,4.728220427214284,-4.107958712377108,4.969928199206829,-4.513551747669785
99.0,21.0,158.83555603027344,4.983248713448626,-3.147513602076552,1.5499935323099518,1.1740670733764036,4.847033360950864,-4.514512476575648,4.764145720887562,-4.350737519572091,4.330955068574978,-4.979267705475325
99.0,21.0,162.5777130126953,4.9610674024602925,-0.7911801663954465,2.8448611992338213,0.3097978570580983,4.413722896311164,-4.001526803136972,4.915545397142905,-4.230561451143114,4.7677470510034965,-4.850312951630853
99.0,21.0,162.66470336914062,-0.2938091505023867,-1.9271602078895955,3.616346502985368,0.6479170793571218,3.0206507236434987,-4.619119401719834,4.912416503945379,-4.662151280729564,4.813516974421406,-4.891808759453636
99.0,21.0,167.0888214111328,1.959199801557325,0.7881567460527399,4.826477407392577,4.879103985869169,1.4823619882335202,-4.999092021148349,4.824069254181898,-3.2975578812455417,4.930730500235361,-4.521138453634187
99.0,21.0,162.0781707763672,-2.399680316793501,0.2725638203578606,4.75421091689385,3.449868886723104,4.266461885238604,-4.284672963936235,4.984663780603986,-4.204729099523823,4.922662335600923,-4.581401427922332
99.0,21.0,169.08633422851562,-0.2083994859862041,2.434556178045503,3.116164931843856,1.847926106846565,3.1221024190499422,-3.8056943230435767,4.715988140617368,-4.924602756833059,4.607744913194672,-4.9866056604525095
99.0,21.0,156.02194213867188,0.0380297764974419,2.8924854267084825,4.800594639051155,3.943947018708821,3.900097866075397,-4.536551613868438,4.6847598281611535,-4.875975921100091,4.878244299492136,-4.950060014358679
99.0,21.0,161.26942443847656,2.481736485151488,-1.917806986588923,3.790420248036431,4.211185705901159,1.1856364194962643,-4.972313856357202,4.7389863417204205,-4.990165553901253,4.277505134948202,-4.640818175695102
99.0,21.0,157.0121612548828,2.7281092347465696,-4.971171305993249,3.933814894264666,3.0902411476428284,4.776195037811572,-4.705469649570235,4.996887543229208,-2.649999032089634,4.816287065616429,-4.82795993479169
99.0,21.0,151.4624786376953,4.780023576853928,-4.079632734677902,2.988772887756308,4.999986482574241,2.3378039791672496,-4.660859602022457,4.966274632171151,-4.434222667702941,4.4189864509301495,-4.985824096654822
99.0,21.0,164.4091033935547,1.4112177411329396,-4.829465815049931,2.753068302768524,-1.3137643578908875,2.6109331208826907,-4.999169753734887,4.682201538483487,-4.244982984211787,4.971749472684182,-4.950507265325916
99.0,21.0,159.11672973632812,4.47418994661094,4.998581539337601,1.8039452912078704,4.7575456921111074,4.820800821142131,-4.989555715580731,4.812923423417019,-3.7394947897398896,4.8735796963101015,-4.999998934899704
99.0,21.0,162.13958740234375,4.983076540971846,-4.921656576791444,-2.2004222026469664,0.8366621567600818,4.986880776512047,-4.922306965799956,4.60310430398814,-4.507952461563819,4.237240231264665,-4.985635630949355
99.0,21.0,159.57516479492188,4.658245209097555,-4.964205226199804,-4.948196656317839,4.052949287297412,4.486456201839648,-4.9479310284117535,3.621443273667252,-4.994085808816688,4.729734909080795,-4.947427839784127
99.0,21.0,157.52955627441406,4.98065273661662,-4.6034801165132775,0.3257999266857083,4.641445084912153,4.369885475092785,-4.9558620614121,4.5937301861803705,-3.8930343152443214,4.132612664901095,-4.860477356015122
99.0,21.0,164.290771484375,1.5287473131781355,-4.76817730541879,-1.8181353316213764,2.183512575660142,4.374156217221859,-4.801703237294675,3.67300790700132,-4.894405929808872,4.671203720600769,-4.859707746274756
99.0,21.0,161.13296508789062,2.796943117571167,1.738325771547582,2.8461637118027805,4.8643680150805935,3.6507943366449087,-4.924122467997898,4.917985827774883,-4.166059491739828,4.376414583637294,-4.77768502979437
99.0,21.0,161.9486846923828,4.616637556256984,1.4148428058371003,-0.7108251431924932,4.9970378396123705,4.584949012253228,-3.4517963238698863,4.829943869204387,-4.210302683311484,4.901714463746657,-4.913937371745983
99.0,21.0,153.25657653808594,1.6239598878835473,0.1242304398568054,4.753376292084333,4.161311134101354,3.7744127196894377,-4.825100861357722,4.758130429182401,-4.65672469750556,4.928311060653144,-4.661408607376592
99.0,21.0,156.95565795898438,2.97088751724312,-1.1153086290394372,4.271036399493422,4.992365524622561,3.453138056772997,-4.919641981021288,4.92892182449144,-3.731588211876772,4.285272063557848,-4.926760590366488
99.0,21.0,156.7616424560547,0.0356708883397001,0.5027167037156799,4.982396637604421,4.755625310872117,3.883428408352028,-4.188200189369026,4.9999998199077,-4.874574173637079,4.41026124349861,-4.709168944681771
99.0,21.0,156.29115295410156,4.217586268644146,-4.005538152687388,1.1415832452524073,3.413537204791754,3.758223750514975,-4.45894554645942,4.628113412070465,-4.984291550856143,4.675951253999883,-4.524258231130413
99.0,21.0,162.39642333984375,2.485477453869476,-4.727439146965471,-2.2380609866504746,4.357996950546598,3.724650935140112,-4.91969055939243,3.695381580653098,-4.9873373812044255,4.436139432757764,-4.814531747431101
99.0,21.0,152.87533569335938,4.534551863955902,0.7837854020167923,3.8815569157875056,2.66967626332116,4.4695615502436725,-4.731665783783185,4.885867399996825,-4.804945120717964,4.986496988864979,-4.60740105771227
99.0,21.0,159.95997619628906,4.733166662659262,1.1003015238189957,3.135522826075604,4.809093493427555,2.6903135285823065,-4.1482410561084375,3.992391269514741,-4.460065516514186,4.931776694576469,-4.952069384878057
99.0,21.0,162.92214965820312,-0.2956649927174699,1.4271834679276338,3.436600250050685,2.6646645034873444,4.528692335869128,-4.430380992808424,4.592619336842467,-3.9708145891270696,4.9772740668869,-4.979268740250437
99.0,21.0,167.7406768798828,4.991776900605584,-0.2273766722475416,-0.2486988166146851,1.3290282556833115,4.663425169560742,-4.5457185482547695,4.720814773512717,-3.635199128445013,4.758557970158591,-4.889571713296389
99.0,21.0,171.26602172851562,1.8603680976370984,4.98355806434531,0.9721664433401808,0.6566189587346347,3.641008294462704,-4.584223303442294,4.98397783866142,-4.6100806273513655,4.9996460178620445,-4.841824752350599
99.0,21.0,164.21405029296875,1.5409224851137917,3.650636911162131,4.90085130223613,2.291737101455732,3.771931257564941,-4.423816241233858,4.843022745862596,-4.218126355022607,4.8317548766057925,-4.8507987224659495
99.0,21.0,168.64064025878906,4.755304607027913,2.7321473544070125,3.365160147006748,2.8357035472583028,1.805611286079212,-4.129325985007663,3.915356128764933,-4.437264168076518,4.961910081745748,-4.958463016449157
99.0,21.0,160.5183563232422,0.6908665915822865,-4.365398678045219,0.5691837966431506,2.212705036645106,3.8410559684568097,-4.295899443186027,4.659430053871377,-4.987838819959412,4.92915068650393,-4.584767872003115
99.0,21.0,158.46107482910156,4.991615584035327,-4.678026952705555,0.0653457220064576,4.789108939088716,3.706294754342371,-2.8947982056954595,4.687223121002222,-3.873516568673666,4.987517203965112,-4.999974328256688
99.0,21.0,160.84783935546875,4.98282491489356,-0.4313237060740343,1.707157522937511,4.692753874309249,4.810737140891675,-3.706916567443181,3.527687115132519,-4.110762207303132,4.917687680871975,-4.908419468735438
99.0,21.0,151.8299102783203,4.501889197121868,-2.095733720093067,3.5385622054220778,4.641867883721355,4.660480217053543,-4.9281767347806,4.873111312055698,-3.7085590636037753,4.725393518035252,-4.717227924630063
99.0,21.0,163.02206420898438,0.4681726536963064,-0.4190978554930549,4.7001797598421,4.802205457100647,1.5659936236230283,-4.996369624975067,4.888090549021442,-4.06453993129923,4.812505565671278,-4.538363275549704
99.0,21.0,160.98199462890625,1.3803096487310502,2.539344627362296,2.359826512979468,4.084577910022084,4.795445699182126,-4.04773277799473,4.999999842718943,-4.227950791107863,4.696412932686076,-4.9605466351294885
99.0,21.0,157.9879150390625,4.6459072931906045,-4.567735160070261,-1.3716172301463665,4.442093512939101,4.032138465452846,-4.530127164889862,4.338946352342569,-4.464705158804852,4.547635341000739,-4.88002421554514
99.0,21.0,166.7467041015625,1.2381007853361643,0.2420769939099694,4.9024433726592695,4.977311208338234,3.563287548261165,-4.971235645522823,3.890137997858528,-3.237430900098184,4.793544368452813,-4.529838672892799
99.0,21.0,158.7257843017578,3.130610323504773,-0.4488480524478477,2.306693970045448,4.989808029950304,3.3876765752218785,-4.999845512125505,4.999399370890851,-3.927565348041151,4.369217634185974,-4.9222736053088125
99.0,21.0,160.18966674804688,4.8690761485844325,1.3607776929886408,-1.589010258577013,4.99969460589515,4.98616596820446,-3.5270856586285144,4.997476054424158,-4.159220079169532,4.977037339356298,-4.959371360398422
99.0,21.0,169.32696533203125,2.912693200274855,-3.2685289824594776,2.4848679693424685,3.684599805159542,4.446643739086159,-3.8863601882967,3.28964465880415,-4.241483618316435,3.9638395721569912,-4.796027964359201
99.0,21.0,149.37710571289062,4.130706689979199,-4.753459749799891,4.639977793197322,4.999938941646594,1.955324819470738,-4.444136037629657,4.924273318539616,-4.797370632087443,4.38245907543962,-4.911227405409248
99.0,21.0,148.9681854248047,3.42677559145272,-4.198317388488611,2.1536329683144,4.087915658532191,4.847452603812672,-4.299674330435967,4.491911400526574,-4.998272419645852,4.943379204378253,-4.59855985742659
99.0,21.0,165.15750122070312,4.397886842925793,-4.482680037060393,3.6181664130139737,4.608622862650074,4.788862862369102,-4.657394234077559,4.838132831630054,-2.276772515658618,4.514247169891423,-4.180109266772387
99.0,21.0,158.19952392578125,4.558734913995797,-4.602073627596377,3.315382772603505,2.526357215930102,2.2891949781663565,-4.668944587015559,4.97783958045981,-4.979540787571335,4.114547696875361,-4.659277485878318
99.0,21.0,152.67349243164062,2.2975741294333774,-4.984851968721468,4.560971489521111,4.925696490624469,3.4221448627665705,-4.654678394257679,4.997394549783414,-3.491830426253604,4.628237618256943,-4.83878778084812
99.0,21.0,160.66421508789062,1.5953732498020072,-2.0212785678452083,0.2620662293591544,4.831334807081042,4.950387824503535,-4.384760186973963,4.302161481435833,-4.584418369496891,4.234414838626227,-4.8745182781511165
99.0,21.0,156.45455932617188,4.658589554051115,-0.5873960949571622,2.552634813595998,4.727759120530056,4.206761370717282,-4.132342049963137,3.9435261074660977,-4.679655924833232,4.917164583701421,-4.692954003113503
99.0,21.0,161.81381225585938,4.7386727434199365,0.4489230686721888,0.2222907096877895,4.101884488761991,4.965612006904271,-3.643049257032611,4.763679554411081,-4.185288391713494,4.802972628898626,-4.775219013860614
99.0,22.0,165.46826171875,-0.8545478245937406,-0.2176476537445475,4.98109007918052,2.750796565619155,3.450711983783514,-4.260222737443256,4.728220427214284,-4.107958712377108,4.969928199206829,-4.513551747669785
99.0,22.0,158.83555603027344,4.983248713448626,-3.147513602076552,1.5499935323099518,1.1740670733764036,4.847033360950864,-4.514512476575648,4.764145720887562,-4.350737519572091,4.330955068574978,-4.979267705475325
99.0,22.0,162.5777130126953,4.9610674024602925,-0.7911801663954465,2.8448611992338213,0.3097978570580983,4.413722896311164,-4.001526803136972,4.915545397142905,-4.230561451143114,4.7677470510034965,-4.850312951630853
99.0,22.0,162.66470336914062,-0.2938091505023867,-1.9271602078895955,3.616346502985368,0.6479170793571218,3.0206507236434987,-4.619119401719834,4.912416503945379,-4.662151280729564,4.813516974421406,-4.891808759453636
99.0,22.0,158.3347625732422,4.75478650003304,-2.034168983860835,-2.540330840091867,4.7318329326538375,4.514011954473016,-4.999092021148349,4.801620661159042,-4.264460498189511,4.800567941000531,-4.70103648013185
99.0,22.0,162.0781707763672,-2.399680316793501,0.2725638203578606,4.75421091689385,3.449868886723104,4.266461885238604,-4.284672963936235,4.984663780603986,-4.204729099523823,4.922662335600923,-4.581401427922332
99.0,22.0,165.8250274658203,-0.2083994859862041,2.434556178045503,0.9960072283759822,4.019512552749153,4.129040021319359,-4.648629917102408,4.337714705922036,-4.965934835018064,4.492998888764252,-4.855067058596136
99.0,22.0,155.437255859375,1.7522617268669445,4.626290285869301,4.995899796903169,4.83331537776103,4.305701255003016,-4.986081069089615,4.850535434855678,-4.034326316947433,4.995471289134934,-4.8992789592612365
99.0,22.0,161.26942443847656,2.481736485151488,-1.917806986588923,3.790420248036431,4.211185705901159,1.1856364194962643,-4.972313856357202,4.7389863417204205,-4.990165553901253,4.277505134948202,-4.640818175695102
99.0,22.0,157.0121612548828,2.7281092347465696,-4.971171305993249,3.933814894264666,3.0902411476428284,4.776195037811572,-4.705469649570235,4.996887543229208,-2.649999032089634,4.816287065616429,-4.82795993479169
99.0,22.0,150.12106323242188,1.2263238440086566,-4.562049860719703,4.887602456143787,3.98917108413494,3.137366431521956,-4.803988676696304,4.966274632171151,-4.950932345710701,4.861113317535743,-4.388055815002231
99.0,22.0,155.95826721191406,4.658508895765987,-2.812721235186169,2.7096570829065696,4.863351467663697,3.728196163108096,-3.306881878683482,3.92673028121085,-4.798814644947559,4.940155217317603,-4.748155310593652
99.0,22.0,159.11672973632812,4.47418994661094,4.998581539337601,1.8039452912078704,4.7575456921111074,4.820800821142131,-4.989555715580731,4.812923423417019,-3.7394947897398896,4.8735796963101015,-4.999998934899704
99.0,22.0,153.34825134277344,3.3415124208863505,-2.194009891590323,4.237537221887284,4.999988858936384,2.056196313800184,-4.81177960255862,4.9856864133229815,-4.750767945363263,4.237240231264665,-4.942394586816107
99.0,22.0,154.02496337890625,2.5048557860958622,-3.045969259715174,4.987985822484696,2.992305734526108,3.093613040450162,-4.697511920866552,4.788057305524864,-4.690625356616249,4.797377617272177,-4.602204835418566
99.0,22.0,157.52955627441406,4.98065273661662,-4.6034801165132775,0.3257999266857083,4.641445084912153,4.369885475092785,-4.9558620614121,4.5937301861803705,-3.8930343152443214,4.132612664901095,-4.860477356015122
99.0,22.0,160.06988525390625,1.5287473131781355,-1.7537412586103656,2.2566227671441226,4.492062058564699,4.772262028707894,-4.321814027991547,4.172493957376238,-3.8730640505101928,4.965833241288943,-4.708057363814538
99.0,22.0,161.13296508789062,2.796943117571167,1.738325771547582,2.8461637118027805,4.8643680150805935,3.6507943366449087,-4.924122467997898,4.917985827774883,-4.166059491739828,4.376414583637294,-4.77768502979437
99.0,22.0,161.9486846923828,4.616637556256984,1.4148428058371003,-0.7108251431924932,4.9970378396123705,4.584949012253228,-3.4517963238698863,4.829943869204387,-4.210302683311484,4.901714463746657,-4.913937371745983
99.0,22.0,153.25657653808594,1.6239598878835473,0.1242304398568054,4.753376292084333,4.161311134101354,3.7744127196894377,-4.825100861357722,4.758130429182401,-4.65672469750556,4.928311060653144,-4.661408607376592
99.0,22.0,156.95565795898438,2.97088751724312,-1.1153086290394372,4.271036399493422,4.992365524622561,3.453138056772997,-4.919641981021288,4.92892182449144,-3.731588211876772,4.285272063557848,-4.926760590366488
99.0,22.0,156.7616424560547,0.0356708883397001,0.5027167037156799,4.982396637604421,4.755625310872117,3.883428408352028,-4.188200189369026,4.9999998199077,-4.874574173637079,4.41026124349861,-4.709168944681771
99.0,22.0,156.29115295410156,4.217586268644146,-4.005538152687388,1.1415832452524073,3.413537204791754,3.758223750514975,-4.45894554645942,4.628113412070465,-4.984291550856143,4.675951253999883,-4.524258231130413
99.0,22.0,155.1475067138672,4.596924147731131,-1.492251323233305,3.498374482998789,1.7909604116025677,4.579440305532975,-4.586215796080769,4.9402658971007085,-4.0976746711131655,4.988387738837554,-4.752199387333263
99.0,22.0,152.87533569335938,4.534551863955902,0.7837854020167923,3.8815569157875056,2.66967626332116,4.4695615502436725,-4.731665783783185,4.885867399996825,-4.804945120717964,4.986496988864979,-4.60740105771227
99.0,22.0,158.36305236816406,4.733166662659262,-1.5753061307157152,4.376024626976915,0.6352031123631314,4.219856351488503,-4.070236427728998,4.772394052096024,-4.460065516514186,4.931776694576469,-4.6988869005795095
99.0,22.0,162.92214965820312,-0.2956649927174699,1.4271834679276338,3.436600250050685,2.6646645034873444,4.528692335869128,-4.430380992808424,4.592619336842467,-3.9708145891270696,4.9772740668869,-4.979268740250437
99.0,22.0,167.7406768798828,4.991776900605584,-0.2273766722475416,-0.2486988166146851,1.3290282556833115,4.663425169560742,-4.5457185482547695,4.720814773512717,-3.635199128445013,4.758557970158591,-4.889571713296389
99.0,22.0,163.06468200683594,1.1705379829695608,-4.303575874058189,3.747352639324587,0.4201360472815882,2.5176565489340303,-4.999269457115951,4.736684334067555,-3.9238937562276295,4.986155841549968,-4.819487374903284
99.0,22.0,164.21405029296875,1.5409224851137917,3.650636911162131,4.90085130223613,2.291737101455732,3.771931257564941,-4.423816241233858,4.843022745862596,-4.218126355022607,4.8317548766057925,-4.8507987224659495
99.0,22.0,167.614013671875,4.996429333778876,-4.048274622757149,2.781165177190047,1.885828044921936,1.805611286079212,-4.429109442626412,3.915356128764933,-3.985371406578055,4.673367819871235,-4.849922169732009
99.0,22.0,160.5183563232422,0.6908665915822865,-4.365398678045219,0.5691837966431506,2.212705036645106,3.8410559684568097,-4.295899443186027,4.659430053871377,-4.987838819959412,4.92915068650393,-4.584767872003115
99.0,22.0,158.46107482910156,4.991615584035327,-4.678026952705555,0.0653457220064576,4.789108939088716,3.706294754342371,-2.8947982056954595,4.687223121002222,-3.873516568673666,4.987517203965112,-4.999974328256688
99.0,22.0,155.7876434326172,4.219431270652235,-0.8898350152005743,4.543062206949815,4.692753874309249,4.297643547641979,-4.540469718432524,4.830459169379067,-3.8174772891843225,4.150696431127567,-4.966690588237668
99.0,22.0,151.8299102783203,4.501889197121868,-2.095733720093067,3.5385622054220778,4.641867883721355,4.660480217053543,-4.9281767347806,4.873111312055698,-3.7085590636037753,4.725393518035252,-4.717227924630063
99.0,22.0,163.02206420898438,0.4681726536963064,-0.4190978554930549,4.7001797598421,4.802205457100647,1.5659936236230283,-4.996369624975067,4.888090549021442,-4.06453993129923,4.812505565671278,-4.538363275549704
99.0,22.0,155.07875061035156,3.7360852854009545,-4.986558924342478,3.3122071553901344,4.390183737768182,3.703752528133636,-4.503758393721515,4.142216969231639,-4.227950791107863,4.405026782586134,-4.882217290686834
99.0,22.0,157.9879150390625,4.6459072931906045,-4.567735160070261,-1.3716172301463665,4.442093512939101,4.032138465452846,-4.530127164889862,4.338946352342569,-4.464705158804852,4.547635341000739,-4.88002421554514
99.0,22.0,153.54830932617188,0.5615301598724804,-4.841639373957055,4.780450318988772,4.67393114062715,1.6057497586379044,-4.764947891081469,4.928442729720677,-4.807090985992607,4.442303928790768,-4.814318612440107
99.0,22.0,158.7257843017578,3.130610323504773,-0.4488480524478477,2.306693970045448,4.989808029950304,3.3876765752218785,-4.999845512125505,4.999399370890851,-3.927565348041151,4.369217634185974,-4.9222736053088125
99.0,22.0,160.18966674804688,4.8690761485844325,1.3607776929886408,-1.589010258577013,4.99969460589515,4.98616596820446,-3.5270856586285144,4.997476054424158,-4.159220079169532,4.977037339356298,-4.959371360398422
99.0,22.0,169.32696533203125,2.912693200274855,-3.2685289824594776,2.4848679693424685,3.684599805159542,4.446643739086159,-3.8863601882967,3.28964465880415,-4.241483618316435,3.9638395721569912,-4.796027964359201
99.0,22.0,149.37710571289062,4.130706689979199,-4.753459749799891,4.639977793197322,4.999938941646594,1.955324819470738,-4.444136037629657,4.924273318539616,-4.797370632087443,4.38245907543962,-4.911227405409248
99.0,22.0,148.9681854248047,3.42677559145272,-4.198317388488611,2.1536329683144,4.087915658532191,4.847452603812672,-4.299674330435967,4.491911400526574,-4.998272419645852,4.943379204378253,-4.59855985742659
99.0,22.0,165.15750122070312,4.397886842925793,-4.482680037060393,3.6181664130139737,4.608622862650074,4.788862862369102,-4.657394234077559,4.838132831630054,-2.276772515658618,4.514247169891423,-4.180109266772387
99.0,22.0,158.19952392578125,4.558734913995797,-4.602073627596377,3.315382772603505,2.526357215930102,2.2891949781663565,-4.668944587015559,4.97783958045981,-4.979540787571335,4.114547696875361,-4.659277485878318
99.0,22.0,152.67349243164062,2.2975741294333774,-4.984851968721468,4.560971489521111,4.925696490624469,3.4221448627665705,-4.654678394257679,4.997394549783414,-3.491830426253604,4.628237618256943,-4.83878778084812
99.0,22.0,160.66421508789062,1.5953732498020072,-2.0212785678452083,0.2620662293591544,4.831334807081042,4.950387824503535,-4.384760186973963,4.302161481435833,-4.584418369496891,4.234414838626227,-4.8745182781511165
99.0,22.0,156.45455932617188,4.658589554051115,-0.5873960949571622,2.552634813595998,4.727759120530056,4.206761370717282,-4.132342049963137,3.9435261074660977,-4.679655924833232,4.917164583701421,-4.692954003113503
99.0,22.0,161.81381225585938,4.7386727434199365,0.4489230686721888,0.2222907096877895,4.101884488761991,4.965612006904271,-3.643049257032611,4.763679554411081,-4.185288391713494,4.802972628898626,-4.775219013860614
99.0,23.0,159.46844482421875,4.629575959773588,-4.845478961727272,-1.5431145853290804,4.66227346134293,4.127597798857781,-4.628382640388569,4.3325683083720055,-4.107958712377108,4.417083605585876,-4.934937649004036
99.0,23.0,158.83555603027344,4.983248713448626,-3.147513602076552,1.5499935323099518,1.1740670733764036,4.847033360950864,-4.514512476575648,4.764145720887562,-4.350737519572091,4.330955068574978,-4.979267705475325
99.0,23.0,161.89244079589844,4.9610674024602925,0.4048332565936066,0.2925269725835147,3.938880588252269,4.790824476487854,-3.803455183758517,4.765764260001612,-4.190148568666077,4.8328950555742,-4.726764617376043
99.0,23.0,162.66470336914062,-0.2938091505023867,-1.9271602078895955,3.616346502985368,0.6479170793571218,3.0206507236434987,-4.619119401719834,4.912416503945379,-4.662151280729564,4.813516974421406,-4.891808759453636
99.0,23.0,152.31756591796875,3.591139018498367,-2.253720991170174,4.80325750921046,4.33483305367445,4.514011954473016,-4.892600816206794,3.8980473437241145,-4.77150402309884,4.605059919302193,-4.556394405088062
99.0,23.0,162.0781707763672,-2.399680316793501,0.2725638203578606,4.75421091689385,3.449868886723104,4.266461885238604,-4.284672963936235,4.984663780603986,-4.204729099523823,4.922662335600923,-4.581401427922332
99.0,23.0,149.98580932617188,2.210990924266196,-0.5397744611933151,3.295582190505374,4.871791062927439,4.000960321867941,-4.950010574053393,4.978707691117229,-4.475367062272521,4.899214357054705,-4.855067058596136
99.0,23.0,155.437255859375,1.7522617268669445,4.626290285869301,4.995899796903169,4.83331537776103,4.305701255003016,-4.986081069089615,4.850535434855678,-4.034326316947433,4.995471289134934,-4.8992789592612365
99.0,23.0,161.26942443847656,2.481736485151488,-1.917806986588923,3.790420248036431,4.211185705901159,1.1856364194962643,-4.972313856357202,4.7389863417204205,-4.990165553901253,4.277505134948202,-4.640818175695102
99.0,23.0,157.0121612548828,2.7281092347465696,-4.971171305993249,3.933814894264666,3.0902411476428284,4.776195037811572,-4.705469649570235,4.996887543229208,-2.649999032089634,4.816287065616429,-4.82795993479169
99.0,23.0,150.12106323242188,1.2263238440086566,-4.562049860719703,4.887602456143787,3.98917108413494,3.137366431521956,-4.803988676696304,4.966274632171151,-4.950932345710701,4.861113317535743,-4.388055815002231
99.0,23.0,155.95826721191406,4.658508895765987,-2.812721235186169,2.7096570829065696,4.863351467663697,3.728196163108096,-3.306881878683482,3.92673028121085,-4.798814644947559,4.940155217317603,-4.748155310593652
99.0,23.0,159.11672973632812,4.47418994661094,4.998581539337601,1.8039452912078704,4.7575456921111074,4.820800821142131,-4.989555715580731,4.812923423417019,-3.7394947897398896,4.8735796963101015,-4.999998934899704
99.0,23.0,146.84640502929688,4.382223244720192,-2.298253674625002,3.4307921240865262,2.4304937372359383,4.907370220276534,-4.669308203113675,4.956683927142045,-4.750767945363263,4.878978901281046,-4.93763255614671
99.0,23.0,154.02496337890625,2.5048557860958622,-3.045969259715174,4.987985822484696,2.992305734526108,3.093613040450162,-4.697511920866552,4.788057305524864,-4.690625356616249,4.797377617272177,-4.602204835418566
99.0,23.0,149.0411376953125,4.980478067679646,-1.2560743694100134,2.6792436987197865,4.641445084912153,4.61412732867442,-4.208183874206606,4.942032410130975,-4.608955851807822,4.776454966619858,-4.860477356015122
99.0,23.0,160.06988525390625,1.5287473131781355,-1.7537412586103656,2.2566227671441226,4.492062058564699,4.772262028707894,-4.321814027991547,4.172493957376238,-3.8730640505101928,4.965833241288943,-4.708057363814538
99.0,23.0,155.67449951171875,1.4643479745823686,-2.173294763693536,4.608758159041692,4.673851858547777,1.4399367920147697,-4.735842910200722,4.992647003418828,-4.943984920168306,4.6014905575819895,-4.706183816309661
99.0,23.0,161.9486846923828,4.616637556256984,1.4148428058371003,-0.7108251431924932,4.9970378396123705,4.584949012253228,-3.4517963238698863,4.829943869204387,-4.210302683311484,4.901714463746657,-4.913937371745983
99.0,23.0,153.25657653808594,1.6239598878835473,0.1242304398568054,4.753376292084333,4.161311134101354,3.7744127196894377,-4.825100861357722,4.758130429182401,-4.65672469750556,4.928311060653144,-4.661408607376592
99.0,23.0,156.95565795898438,2.97088751724312,-1.1153086290394372,4.271036399493422,4.992365524622561,3.453138056772997,-4.919641981021288,4.92892182449144,-3.731588211876772,4.285272063557848,-4.926760590366488
99.0,23.0,156.7616424560547,0.0356708883397001,0.5027167037156799,4.982396637604421,4.755625310872117,3.883428408352028,-4.188200189369026,4.9999998199077,-4.874574173637079,4.41026124349861,-4.709168944681771
99.0,23.0,156.29115295410156,4.217586268644146,-4.005538152687388,1.1415832452524073,3.413537204791754,3.758223750514975,-4.45894554645942,4.628113412070465,-4.984291550856143,4.675951253999883,-4.524258231130413
99.0,23.0,153.78346252441406,4.923835104534732,1.8796524559286911,4.180339726462393,3.076577675827098,4.557892167085502,-4.900391359776788,4.973072326258607,-4.339140861682648,4.993903842412687,-4.62950700804482
99.0,23.0,152.87533569335938,4.534551863955902,0.7837854020167923,3.8815569157875056,2.66967626332116,4.4695615502436725,-4.731665783783185,4.885867399996825,-4.804945120717964,4.986496988864979,-4.60740105771227
99.0,23.0,153.9964141845703,4.733166662659262,-1.5753061307157152,3.229346144591497,4.93537421097891,2.045693629550637,-4.971826249621552,4.863587330671,-4.873329941344626,4.619715274301752,-4.632886700173376
99.0,23.0,160.39569091796875,3.211034359039775,-0.5085448477158399,2.1553021498402134,3.948675206590318,2.1378426331205054,-4.99990314629588,4.999772737637014,-4.804474038807364,4.169367897677943,-4.965711527966209
99.0,23.0,158.57200622558594,4.096760123528211,-4.704210924607544,2.3501727715885243,4.89333118250216,3.613648500027148,-4.988975124620299,4.676351321220549,-3.66618422532596,3.873762382230706,-4.936248144268059
99.0,23.0,155.4210205078125,4.637130304883907,-4.921316739066055,1.4528455095885189,2.8153188325238805,3.5495241455894098,-4.999269457115951,4.736684334067555,-4.421216294957542,4.469553731383816,-4.838855562159111
99.0,23.0,163.51669311523438,4.7048916208806535,3.650636911162131,3.506611052823648,4.693246955575142,4.194932933833809,-2.863342924754857,4.139096882245106,-4.659106261401879,4.9984206880665285,-4.695752709751389
99.0,23.0,165.3612060546875,0.5126706160462879,2.753772492830968,2.003214044550632,4.029893777950631,3.2622200394244123,-4.947543893617278,4.715928639479636,-4.895196915701353,4.152718299898703,-4.964418671872111
99.0,23.0,159.67547607421875,3.436353472278963,0.4895781655563815,4.9916631870444,1.0090900770179312,4.227950836075735,-4.295899443186027,4.837402560651992,-4.296282089838895,4.92915068650393,-4.767462088702599
99.0,23.0,153.43565368652344,3.698756401954317,-4.99559151260732,2.4790233833549618,4.989163159444319,3.4579224339434327,-4.122081119198757,4.687223121002222,-4.397325355324549,4.4092160439567,-4.906851495693905
99.0,23.0,155.7876434326172,4.219431270652235,-0.8898350152005743,4.543062206949815,4.692753874309249,4.297643547641979,-4.540469718432524,4.830459169379067,-3.8174772891843225,4.150696431127567,-4.966690588237668
99.0,23.0,151.8299102783203,4.501889197121868,-2.095733720093067,3.5385622054220778,4.641867883721355,4.660480217053543,-4.9281767347806,4.873111312055698,-3.7085590636037753,4.725393518035252,-4.717227924630063
99.0,23.0,163.02206420898438,0.4681726536963064,-0.4190978554930549,4.7001797598421,4.802205457100647,1.5659936236230283,-4.996369624975067,4.888090549021442,-4.06453993129923,4.812505565671278,-4.538363275549704
99.0,23.0,146.11195373535156,4.917122538221379,-4.986558924342478,3.3122071553901344,4.7786537590330616,4.398487560359442,-4.999385053806472,4.920540577427342,-4.187791848218137,4.387279123120864,-4.882217290686834
99.0,23.0,155.88331604003906,0.9127128245091076,-4.992467733024421,4.304036758730016,2.4828964357176213,2.0815812212934053,-4.766397807151911,4.852739622243734,-4.736767898456807,4.529129066730112,-4.954880662116897
99.0,23.0,153.54830932617188,0.5615301598724804,-4.841639373957055,4.780450318988772,4.67393114062715,1.6057497586379044,-4.764947891081469,4.928442729720677,-4.807090985992607,4.442303928790768,-4.814318612440107
99.0,23.0,158.7257843017578,3.130610323504773,-0.4488480524478477,2.306693970045448,4.989808029950304,3.3876765752218785,-4.999845512125505,4.999399370890851,-3.927565348041151,4.369217634185974,-4.9222736053088125
99.0,23.0,160.18966674804688,4.8690761485844325,1.3607776929886408,-1.589010258577013,4.99969460589515,4.98616596820446,-3.5270856586285144,4.997476054424158,-4.159220079169532,4.977037339356298,-4.959371360398422
99.0,23.0,169.30303955078125,4.999444768301757,-1.2593760632312856,3.423417576815428,2.707738055971241,2.181251553039933,-4.331457862383425,3.880659249723542,-3.763358943724577,4.682486770963428,-4.829417151238166
99.0,23.0,149.37710571289062,4.130706689979199,-4.753459749799891,4.639977793197322,4.999938941646594,1.955324819470738,-4.444136037629657,4.924273318539616,-4.797370632087443,4.38245907543962,-4.911227405409248
99.0,23.0,148.40992736816406,3.42677559145272,-4.198317388488611,2.5725529467767734,2.2346469884757494,4.847452603812672,-4.807647177255396,4.639887928998931,-4.998272419645852,4.692930587307036,-4.926452928132624
99.0,23.0,165.15750122070312,4.397886842925793,-4.482680037060393,3.6181664130139737,4.608622862650074,4.788862862369102,-4.657394234077559,4.838132831630054,-2.276772515658618,4.514247169891423,-4.180109266772387
99.0,23.0,145.6026611328125,4.69919989941099,-4.602073627596377,4.202447524325672,4.946745485660561,2.2891949781663565,-4.898365556734671,4.885384051565442,-4.979540787571335,4.714109664461995,-4.73173298199127
99.0,23.0,152.67349243164062,2.2975741294333774,-4.984851968721468,4.560971489521111,4.925696490624469,3.4221448627665705,-4.654678394257679,4.997394549783414,-3.491830426253604,4.628237618256943,-4.83878778084812
99.0,23.0,160.66421508789062,1.5953732498020072,-2.0212785678452083,0.2620662293591544,4.831334807081042,4.950387824503535,-4.384760186973963,4.302161481435833,-4.584418369496891,4.234414838626227,-4.8745182781511165
99.0,23.0,156.45455932617188,4.658589554051115,-0.5873960949571622,2.552634813595998,4.727759120530056,4.206761370717282,-4.132342049963137,3.9435261074660977,-4.679655924833232,4.917164583701421,-4.692954003113503
99.0,23.0,152.05323791503906,2.481256470192981,-2.4740863706021905,3.7408999786601647,3.0045805067353424,4.965612006904271,-4.322484733353197,4.63714032822989,-4.691470529460942,4.943931311358661,-4.650935088476251
99.0,24.0,149.035400390625,4.917579690020059,-4.99873768983504,1.542798316662194,4.883150388266558,4.059274215116279,-4.99999737259812,4.870181464135124,-4.250258950777461,4.417083605585876,-4.91791402741509
99.0,24.0,158.10372924804688,1.5181795494959531,-0.5831366972761092,4.528547124687777,3.9859003823847377,4.041741288826581,-4.929327192859785,4.284248609730884,-4.879274518532901,4.222836777400834,-4.692126739467366
99.0,24.0,161.89244079589844,4.9610674024602925,0.4048332565936066,0.2925269725835147,3.938880588252269,4.790824476487854,-3.803455183758517,4.765764260001612,-4.190148568666077,4.8328950555742,-4.726764617376043
99.0,24.0,150.0281982421875,4.906697703635553,-4.49591514260183,2.656760483988619,4.233676934899522,3.3995477271465813,-4.563379786607445,4.856824871869964,-4.943642080281828,4.816229677522381,-4.460737409729086
99.0,24.0,152.31756591796875,3.591139018498367,-2.253720991170174,4.80325750921046,4.33483305367445,4.514011954473016,-4.892600816206794,3.8980473437241145,-4.77150402309884,4.605059919302193,-4.556394405088062
99.0,24.0,162.0781707763672,-2.399680316793501,0.2725638203578606,4.75421091689385,3.449868886723104,4.266461885238604,-4.284672963936235,4.984663780603986,-4.204729099523823,4.922662335600923,-4.581401427922332
99.0,24.0,149.98580932617188,2.210990924266196,-0.5397744611933151,3.295582190505374,4.871791062927439,4.000960321867941,-4.950010574053393,4.978707691117229,-4.475367062272521,4.899214357054705,-4.855067058596136
99.0,24.0,155.437255859375,1.7522617268669445,4.626290285869301,4.995899796903169,4.83331537776103,4.305701255003016,-4.986081069089615,4.850535434855678,-4.034326316947433,4.995471289134934,-4.8992789592612365
99.0,24.0,160.4871063232422,3.2725197083203006,-4.999930121364435,4.175297964879078,2.941714069822301,4.821327445754682,-4.475781752723744,4.912417442473316,-2.59495500266122,4.7070264640872255,-4.640818175695102
99.0,24.0,157.0121612548828,2.7281092347465696,-4.971171305993249,3.933814894264666,3.0902411476428284,4.776195037811572,-4.705469649570235,4.996887543229208,-2.649999032089634,4.816287065616429,-4.82795993479169
99.0,24.0,150.12106323242188,1.2263238440086566,-4.562049860719703,4.887602456143787,3.98917108413494,3.137366431521956,-4.803988676696304,4.966274632171151,-4.950932345710701,4.861113317535743,-4.388055815002231
99.0,24.0,155.95826721191406,4.658508895765987,-2.812721235186169,2.7096570829065696,4.863351467663697,3.728196163108096,-3.306881878683482,3.92673028121085,-4.798814644947559,4.940155217317603,-4.748155310593652
99.0,24.0,156.8350067138672,3.244934547439063,-1.5824936262876637,1.4600107938574092,3.569586570054711,4.256127006890191,-4.139278497125101,4.767365242594082,-4.325786779104812,4.804869422491361,-4.999998934899704
99.0,24.0,146.84640502929688,4.382223244720192,-2.298253674625002,3.4307921240865262,2.4304937372359383,4.907370220276534,-4.669308203113675,4.956683927142045,-4.750767945363263,4.878978901281046,-4.93763255614671
99.0,24.0,154.02496337890625,2.5048557860958622,-3.045969259715174,4.987985822484696,2.992305734526108,3.093613040450162,-4.697511920866552,4.788057305524864,-4.690625356616249,4.797377617272177,-4.602204835418566
99.0,24.0,149.0411376953125,4.980478067679646,-1.2560743694100134,2.6792436987197865,4.641445084912153,4.61412732867442,-4.208183874206606,4.942032410130975,-4.608955851807822,4.776454966619858,-4.860477356015122
99.0,24.0,156.51284790039062,3.4189948852786154,-0.3387628015714539,2.6277048240356065,4.875131286625251,3.140118163249426,-4.260068278590742,4.980432351620189,-4.255473805908018,4.8801777898044,-4.851461791245943
99.0,24.0,153.5142059326172,1.4643479745823686,-2.3087817875231003,4.31083850328937,4.97574301408692,3.517329379430777,-4.784250730669768,4.911432584278617,-4.943984920168306,4.179698889485933,-4.65820126143765
99.0,24.0,157.48997497558594,0.6497831887427175,-2.320289694188053,4.40500991803784,2.5237435208401044,3.220420546150467,-4.47802395629569,4.888518167337245,-4.770509492279043,4.513107724084033,-4.902305828237729
99.0,24.0,153.25657653808594,1.6239598878835473,0.1242304398568054,4.753376292084333,4.161311134101354,3.7744127196894377,-4.825100861357722,4.758130429182401,-4.65672469750556,4.928311060653144,-4.661408607376592
99.0,24.0,148.51800537109375,3.125545605112688,-4.978130038473422,3.277868771079686,2.266929353809591,4.8022681987727225,-4.543802071259448,4.670230922933239,-4.960292765017261,4.574302487875969,-4.928370058603349
99.0,24.0,156.7616424560547,0.0356708883397001,0.5027167037156799,4.982396637604421,4.755625310872117,3.883428408352028,-4.188200189369026,4.9999998199077,-4.874574173637079,4.41026124349861,-4.709168944681771
99.0,24.0,151.95733642578125,2.347821082520128,-4.997508924172326,3.047800339707804,4.993150126945074,4.078369088806752,-4.283691385135884,4.803396047352658,-4.261561096589063,4.382091467603457,-4.911536810498882
99.0,24.0,153.78346252441406,4.923835104534732,1.8796524559286911,4.180339726462393,3.076577675827098,4.557892167085502,-4.900391359776788,4.973072326258607,-4.339140861682648,4.993903842412687,-4.62950700804482
99.0,24.0,152.87533569335938,4.534551863955902,0.7837854020167923,3.8815569157875056,2.66967626332116,4.4695615502436725,-4.731665783783185,4.885867399996825,-4.804945120717964,4.986496988864979,-4.60740105771227
99.0,24.0,153.9964141845703,4.733166662659262,-1.5753061307157152,3.229346144591497,4.93537421097891,2.045693629550637,-4.971826249621552,4.863587330671,-4.873329941344626,4.619715274301752,-4.632886700173376
99.0,24.0,160.07769775390625,3.211034359039775,-2.7240360909240176,1.418733433596842,3.948675206590318,4.9411509509103375,-4.472750594461507,4.238735593327477,-3.621647296311137,4.760783994213287,-4.848063591448672
99.0,24.0,158.57200622558594,4.096760123528211,-4.704210924607544,2.3501727715885243,4.89333118250216,3.613648500027148,-4.988975124620299,4.676351321220549,-3.66618422532596,3.873762382230706,-4.936248144268059
99.0,24.0,155.4210205078125,4.637130304883907,-4.921316739066055,1.4528455095885189,2.8153188325238805,3.5495241455894098,-4.999269457115951,4.736684334067555,-4.421216294957542,4.469553731383816,-4.838855562159111
99.0,24.0,163.51669311523438,4.7048916208806535,3.650636911162131,3.506611052823648,4.693246955575142,4.194932933833809,-2.863342924754857,4.139096882245106,-4.659106261401879,4.9984206880665285,-4.695752709751389
99.0,24.0,160.46804809570312,4.871542736249296,-4.223869609643062,1.6447896950632046,4.939189888113361,4.737188984072428,-3.0000009831825,3.7740183400025473,-3.7667042347801374,4.844017960504958,-4.848489150285774
99.0,24.0,159.67547607421875,3.436353472278963,0.4895781655563815,4.9916631870444,1.0090900770179312,4.227950836075735,-4.295899443186027,4.837402560651992,-4.296282089838895,4.92915068650393,-4.767462088702599
99.0,24.0,153.43565368652344,3.698756401954317,-4.99559151260732,2.4790233833549618,4.989163159444319,3.4579224339434327,-4.122081119198757,4.687223121002222,-4.397325355324549,4.4092160439567,-4.906851495693905
99.0,24.0,155.7876434326172,4.219431270652235,-0.8898350152005743,4.543062206949815,4.692753874309249,4.297643547641979,-4.540469718432524,4.830459169379067,-3.8174772891843225,4.150696431127567,-4.966690588237668
99.0,24.0,151.8299102783203,4.501889197121868,-2.095733720093067,3.5385622054220778,4.641867883721355,4.660480217053543,-4.9281767347806,4.873111312055698,-3.7085590636037753,4.725393518035252,-4.717227924630063
99.0,24.0,160.0691680908203,1.4946530666558515,1.2111492844349598,4.452101255842551,4.203659988416671,3.439267021063765,-3.978849273796227,4.261225281074156,-4.962236095870271,4.960718047146519,-4.59437761733
99.0,24.0,146.11195373535156,4.917122538221379,-4.986558924342478,3.3122071553901344,4.7786537590330616,4.398487560359442,-4.999385053806472,4.920540577427342,-4.187791848218137,4.387279123120864,-4.882217290686834
99.0,24.0,155.88331604003906,0.9127128245091076,-4.992467733024421,4.304036758730016,2.4828964357176213,2.0815812212934053,-4.766397807151911,4.852739622243734,-4.736767898456807,4.529129066730112,-4.954880662116897
99.0,24.0,153.54830932617188,0.5615301598724804,-4.841639373957055,4.780450318988772,4.67393114062715,1.6057497586379044,-4.764947891081469,4.928442729720677,-4.807090985992607,4.442303928790768,-4.814318612440107
99.0,24.0,156.8451690673828,2.1952539816766423,-3.5884855100095883,4.694596800889682,3.9647617980419247,2.943021920044754,-4.999845512125505,4.873946850500127,-4.090786954079688,3.998813436705524,-4.991782975779313
99.0,24.0,148.38784790039062,4.8690761485844325,-1.5022067274048103,4.991482668025352,4.938425446558082,4.559382052977032,-3.5270856586285144,4.999999948216551,-4.7314536416903135,4.722129576859187,-4.657198286753276
99.0,24.0,144.5999298095703,4.948257827862285,-3.4526984718855043,3.423417576815428,4.083931595023786,3.785144249897593,-4.850376424135531,4.927874940184024,-4.988086404230352,4.804808802832699,-4.777304848238828
99.0,24.0,149.37710571289062,4.130706689979199,-4.753459749799891,4.639977793197322,4.999938941646594,1.955324819470738,-4.444136037629657,4.924273318539616,-4.797370632087443,4.38245907543962,-4.911227405409248
99.0,24.0,148.40992736816406,3.42677559145272,-4.198317388488611,2.5725529467767734,2.2346469884757494,4.847452603812672,-4.807647177255396,4.639887928998931,-4.998272419645852,4.692930587307036,-4.926452928132624
99.0,24.0,159.81910705566406,1.6951754444348477,4.916618920108138,3.4263979014596866,4.999872171737385,4.3752675586298135,-4.492367660116048,4.9672006016239765,-3.938567596746153,4.998342061455032,-4.889330786722785
99.0,24.0,145.6026611328125,4.69919989941099,-4.602073627596377,4.202447524325672,4.946745485660561,2.2891949781663565,-4.898365556734671,4.885384051565442,-4.979540787571335,4.714109664461995,-4.73173298199127
99.0,24.0,145.61297607421875,4.238577306185672,-4.872697694830962,4.848603191665602,4.142924832589309,3.310129804816821,-4.348008053109415,4.744330914220575,-4.894269822506687,4.644240420254166,-4.891598105492456
99.0,24.0,160.66421508789062,1.5953732498020072,-2.0212785678452083,0.2620662293591544,4.831334807081042,4.950387824503535,-4.384760186973963,4.302161481435833,-4.584418369496891,4.234414838626227,-4.8745182781511165
99.0,24.0,156.45455932617188,4.658589554051115,-0.5873960949571622,2.552634813595998,4.727759120530056,4.206761370717282,-4.132342049963137,3.9435261074660977,-4.679655924833232,4.917164583701421,-4.692954003113503
99.0,24.0,151.77581787109375,4.112038154042344,-2.1897007673957467,3.879455755086529,3.469499912225078,4.939432397495404,-4.664161036865849,4.926517420718541,-4.373251910547472,4.581083226704491,-4.650935088476251
99.0,25.0,149.035400390625,4.917579690020059,-4.99873768983504,1.542798316662194,4.883150388266558,4.059274215116279,-4.99999737259812,4.870181464135124,-4.250258950777461,4.417083605585876,-4.91791402741509
99.0,25.0,158.10372924804688,1.5181795494959531,-0.5831366972761092,4.528547124687777,3.9859003823847377,4.041741288826581,-4.929327192859785,4.284248609730884,-4.879274518532901,4.222836777400834,-4.692126739467366
99.0,25.0,161.89244079589844,4.9610674024602925,0.4048332565936066,0.2925269725835147,3.938880588252269,4.790824476487854,-3.803455183758517,4.765764260001612,-4.190148568666077,4.8328950555742,-4.726764617376043
99.0,25.0,150.0281982421875,4.906697703635553,-4.49591514260183,2.656760483988619,4.233676934899522,3.3995477271465813,-4.563379786607445,4.856824871869964,-4.943642080281828,4.816229677522381,-4.460737409729086
99.0,25.0,152.31756591796875,3.591139018498367,-2.253720991170174,4.80325750921046,4.33483305367445,4.514011954473016,-4.892600816206794,3.8980473437241145,-4.77150402309884,4.605059919302193,-4.556394405088062
99.0,25.0,162.0781707763672,-2.399680316793501,0.2725638203578606,4.75421091689385,3.449868886723104,4.266461885238604,-4.284672963936235,4.984663780603986,-4.204729099523823,4.922662335600923,-4.581401427922332
99.0,25.0,146.75537109375,4.985201677653918,-4.353797332385081,3.378809386954974,4.980097829976772,2.9481782310929443,-4.796856546462438,4.887426676378557,-4.990372320244615,4.85765996985813,-4.484661355797364
99.0,25.0,153.16807556152344,1.57477877028706,-0.337896341639432,2.480634901730925,3.5157418143350334,4.590723071546376,-4.904651384313755,4.855959629833974,-4.48473287830978,4.888624818477225,-4.966383814164738
99.0,25.0,153.02108764648438,2.7678852186615948,-4.999930121364435,3.803003326001341,3.998559721941221,4.116125708485878,-4.475781752723744,4.900862191003952,-4.079003392242482,4.241428583746531,-4.944717780686285
99.0,25.0,155.1992645263672,1.2898856958089049,-4.451945107200515,3.933814894264666,2.559550620357759,2.794958953608932,-4.797172595367655,4.996887543229208,-4.834194461671414,4.43007366141283,-4.842441423610392
99.0,25.0,150.12106323242188,1.2263238440086566,-4.562049860719703,4.887602456143787,3.98917108413494,3.137366431521956,-4.803988676696304,4.966274632171151,-4.950932345710701,4.861113317535743,-4.388055815002231
99.0,25.0,155.58126831054688,1.9184626189483729,-3.431830211197304,4.992691096855509,3.0172923701915866,2.4539797653856645,-4.866677785422507,4.9565975219757,-4.732507037638907,4.579976658998048,-4.631386008122632
99.0,25.0,155.19937133789062,4.870979035474413,-2.66764128022338,1.4600107938574092,3.569586570054711,3.374325945772086,-4.272333385523041,4.314395944277294,-4.9989049106236685,4.911776978303148,-4.782306701799766
99.0,25.0,146.84640502929688,4.382223244720192,-2.298253674625002,3.4307921240865262,2.4304937372359383,4.907370220276534,-4.669308203113675,4.956683927142045,-4.750767945363263,4.878978901281046,-4.93763255614671
99.0,25.0,153.71400451660156,4.027164007755192,-4.799984834033422,0.8031441080488331,3.137761366228724,4.508239258569509,-4.95096661373241,4.5895288157067125,-4.999706025049971,4.4631321097469785,-4.602204835418566
99.0,25.0,149.0411376953125,4.980478067679646,-1.2560743694100134,2.6792436987197865,4.641445084912153,4.61412732867442,-4.208183874206606,4.942032410130975,-4.608955851807822,4.776454966619858,-4.860477356015122
99.0,25.0,156.51284790039062,3.4189948852786154,-0.3387628015714539,2.6277048240356065,4.875131286625251,3.140118163249426,-4.260068278590742,4.980432351620189,-4.255473805908018,4.8801777898044,-4.851461791245943
99.0,25.0,153.5142059326172,1.4643479745823686,-2.3087817875231003,4.31083850328937,4.97574301408692,3.517329379430777,-4.784250730669768,4.911432584278617,-4.943984920168306,4.179698889485933,-4.65820126143765
99.0,25.0,157.48997497558594,0.6497831887427175,-2.320289694188053,4.40500991803784,2.5237435208401044,3.220420546150467,-4.47802395629569,4.888518167337245,-4.770509492279043,4.513107724084033,-4.902305828237729
99.0,25.0,149.61215209960938,3.6899253757421167,-3.368487372110235,1.6147228139517409,4.764849042451768,3.790621963401658,-4.710675999189588,4.61569697054267,-4.998919003738066,4.631474608793567,-4.8890964430762605
99.0,25.0,148.51800537109375,3.125545605112688,-4.978130038473422,3.277868771079686,2.266929353809591,4.8022681987727225,-4.543802071259448,4.670230922933239,-4.960292765017261,4.574302487875969,-4.928370058603349
99.0,25.0,156.7616424560547,0.0356708883397001,0.5027167037156799,4.982396637604421,4.755625310872117,3.883428408352028,-4.188200189369026,4.9999998199077,-4.874574173637079,4.41026124349861,-4.709168944681771
99.0,25.0,151.95733642578125,2.347821082520128,-4.997508924172326,3.047800339707804,4.993150126945074,4.078369088806752,-4.283691385135884,4.803396047352658,-4.261561096589063,4.382091467603457,-4.911536810498882
99.0,25.0,153.78346252441406,4.923835104534732,1.8796524559286911,4.180339726462393,3.076577675827098,4.557892167085502,-4.900391359776788,4.973072326258607,-4.339140861682648,4.993903842412687,-4.62950700804482
99.0,25.0,141.7545166015625,3.617042555578794,-4.977536841155716,3.79541324878293,2.459268188345644,4.98507650163184,-4.9539358890339935,4.998602476212315,-4.804945120717964,4.986496988864979,-4.851180213974241
99.0,25.0,153.9964141845703,4.733166662659262,-1.5753061307157152,3.229346144591497,4.93537421097891,2.045693629550637,-4.971826249621552,4.863587330671,-4.873329941344626,4.619715274301752,-4.632886700173376
99.0,25.0,156.2672119140625,4.5585118942759735,-1.809404045744826,4.9917774222202445,4.205488297181166,4.713715771020146,-3.373253052250663,4.999999978615135,-3.621647296311137,4.760783994213287,-4.666222480904714
99.0,25.0,153.392333984375,2.972729310652197,-1.568114218602071,1.3392692585502035,3.643850108964975,4.233560802918635,-4.988975124620299,4.809600292972028,-4.353308793819019,4.859499723255963,-4.999999246033349
99.0,25.0,155.4210205078125,4.637130304883907,-4.921316739066055,1.4528455095885189,2.8153188325238805,3.5495241455894098,-4.999269457115951,4.736684334067555,-4.421216294957542,4.469553731383816,-4.838855562159111
99.0,25.0,153.15708923339844,4.7048916208806535,-1.922025265685798,4.029231450738159,3.8873557548578086,4.482320379290914,-4.977125549463098,4.288802606305247,-4.501177982557817,4.3266268942183,-4.804134754091958
99.0,25.0,150.00634765625,4.871542736249296,-4.4446577755751,4.908132072414421,3.3891539019082195,4.0969287284234825,-4.213917394940726,4.851514980562332,-4.882347124027409,4.198241456709079,-4.7286885806220535
99.0,25.0,147.18202209472656,3.436353472278963,-2.9455878105220923,4.711824742635447,2.807430380264428,4.660779755853596,-4.807826825794764,4.989031381830772,-4.564432305622386,4.53787958905773,-4.999779191628638
99.0,25.0,153.43565368652344,3.698756401954317,-4.99559151260732,2.4790233833549618,4.989163159444319,3.4579224339434327,-4.122081119198757,4.687223121002222,-4.397325355324549,4.4092160439567,-4.906851495693905
99.0,25.0,155.7876434326172,4.219431270652235,-0.8898350152005743,4.543062206949815,4.692753874309249,4.297643547641979,-4.540469718432524,4.830459169379067,-3.8174772891843225,4.150696431127567,-4.966690588237668
99.0,25.0,151.8299102783203,4.501889197121868,-2.095733720093067,3.5385622054220778,4.641867883721355,4.660480217053543,-4.9281767347806,4.873111312055698,-3.7085590636037753,4.725393518035252,-4.717227924630063
99.0,25.0,159.41021728515625,0.8365485148912528,1.2111492844349598,4.078654362879526,2.3633051726750107,3.439267021063765,-4.735219016817156,4.888147885816343,-4.962236095870271,4.4753700229381455,-4.997840974918201
99.0,25.0,146.11195373535156,4.917122538221379,-4.986558924342478,3.3122071553901344,4.7786537590330616,4.398487560359442,-4.999385053806472,4.920540577427342,-4.187791848218137,4.387279123120864,-4.882217290686834
99.0,25.0,154.79788208007812,1.9190892427292965,-2.8211271334580834,4.418795089128641,4.056228477809452,2.58894198740409,-4.9406265976160615,4.973033752750581,-4.997088413727985,4.461180278808908,-4.522044540071375
99.0,25.0,147.64492797851562,4.337475428784426,-4.841639373957055,3.03531300768758,3.702968649821291,4.489224830416603,-4.764947891081469,4.928442729720677,-4.917234254177529,4.509758985980406,-4.606754392907296
99.0,25.0,145.88145446777344,3.837185374698644,-4.345580771102359,2.168865719313608,2.2295565913579485,4.892817533965334,-4.8131583012443055,4.736803000456218,-4.999047662417117,4.964591198984621,-4.91728586970614
99.0,25.0,148.38784790039062,4.8690761485844325,-1.5022067274048103,4.991482668025352,4.938425446558082,4.559382052977032,-3.5270856586285144,4.999999948216551,-4.7314536416903135,4.722129576859187,-4.657198286753276
99.0,25.0,144.5999298095703,4.948257827862285,-3.4526984718855043,3.423417576815428,4.083931595023786,3.785144249897593,-4.850376424135531,4.927874940184024,-4.988086404230352,4.804808802832699,-4.777304848238828
99.0,25.0,149.37710571289062,4.130706689979199,-4.753459749799891,4.639977793197322,4.999938941646594,1.955324819470738,-4.444136037629657,4.924273318539616,-4.797370632087443,4.38245907543962,-4.911227405409248
99.0,25.0,146.11233520507812,2.8078942957981097,-4.198317388488611,3.741088616219863,4.967945138417392,3.717228344420081,-4.807647177255396,4.977841339056331,-4.540680304663212,4.589492092254051,-4.946340629980273
99.0,25.0,159.81910705566406,1.6951754444348477,4.916618920108138,3.4263979014596866,4.999872171737385,4.3752675586298135,-4.492367660116048,4.9672006016239765,-3.938567596746153,4.998342061455032,-4.889330786722785
99.0,25.0,145.6026611328125,4.69919989941099,-4.602073627596377,4.202447524325672,4.946745485660561,2.2891949781663565,-4.898365556734671,4.885384051565442,-4.979540787571335,4.714109664461995,-4.73173298199127
99.0,25.0,145.61297607421875,4.238577306185672,-4.872697694830962,4.848603191665602,4.142924832589309,3.310129804816821,-4.348008053109415,4.744330914220575,-4.894269822506687,4.644240420254166,-4.891598105492456
99.0,25.0,160.66421508789062,1.5953732498020072,-2.0212785678452083,0.2620662293591544,4.831334807081042,4.950387824503535,-4.384760186973963,4.302161481435833,-4.584418369496891,4.234414838626227,-4.8745182781511165
99.0,25.0,150.86288452148438,2.7545952243657013,-4.999664194942856,4.362548517552594,2.0176692276481694,4.150269436843923,-4.6137141607108525,4.571380174978039,-4.989346255655342,4.369973330605042,-4.943930433342016
99.0,25.0,148.24313354492188,4.009424333102648,-4.997207137858064,3.497318087622809,4.474981403070458,3.051180652100358,-4.999922618525135,4.848466616934605,-4.799462079046062,4.243700123677706,-4.945677654349438
99.0,26.0,149.035400390625,4.917579690020059,-4.99873768983504,1.542798316662194,4.883150388266558,4.059274215116279,-4.99999737259812,4.870181464135124,-4.250258950777461,4.417083605585876,-4.91791402741509
99.0,26.0,150.5200653076172,2.178006951478756,-1.416397794147101,4.528547124687777,2.621092252335103,4.664326512747306,-4.706239121135448,4.704558214925303,-4.466335053954418,4.945185923010755,-4.971037152657297
99.0,26.0,150.27969360351562,4.996143681933681,-3.938882324195893,2.3156264858209124,4.87854978199396,2.984875040583733,-4.748370957429534,4.706354492121727,-4.995239948398746,4.878651228127888,-4.456039262345358
99.0,26.0,150.0281982421875,4.906697703635553,-4.49591514260183,2.656760483988619,4.233676934899522,3.3995477271465813,-4.563379786607445,4.856824871869964,-4.943642080281828,4.816229677522381,-4.460737409729086
99.0,26.0,145.77947998046875,3.145550143680945,-4.57732367203551,3.246911416188947,2.751622062047677,4.6028195167398245,-4.892600816206794,4.708720496959429,-4.962097868699612,4.748334242129729,-4.929181483250343
99.0,26.0,146.6353759765625,4.675982101801658,-3.438989268521569,4.75421091689385,4.655962202580533,4.0033961951167605,-4.994466338068912,4.801523758683113,-4.369556455589121,4.7531163596898,-4.614485389042249
99.0,26.0,146.75537109375,4.985201677653918,-4.353797332385081,3.378809386954974,4.980097829976772,2.9481782310929443,-4.796856546462438,4.887426676378557,-4.990372320244615,4.85765996985813,-4.484661355797364
99.0,26.0,153.16807556152344,1.57477877028706,-0.337896341639432,2.480634901730925,3.5157418143350334,4.590723071546376,-4.904651384313755,4.855959629833974,-4.48473287830978,4.888624818477225,-4.966383814164738
99.0,26.0,153.02108764648438,2.7678852186615948,-4.999930121364435,3.803003326001341,3.998559721941221,4.116125708485878,-4.475781752723744,4.900862191003952,-4.079003392242482,4.241428583746531,-4.944717780686285
99.0,26.0,155.1992645263672,1.2898856958089049,-4.451945107200515,3.933814894264666,2.559550620357759,2.794958953608932,-4.797172595367655,4.996887543229208,-4.834194461671414,4.43007366141283,-4.842441423610392
99.0,26.0,146.4148712158203,4.905275772579116,-4.775423415088429,0.799173167148947,2.8698290595029308,4.9289167813300105,-4.940036355145876,4.69752920403406,-4.694584011391491,4.988998358947721,-4.918365005263714
99.0,26.0,155.58126831054688,1.9184626189483729,-3.431830211197304,4.992691096855509,3.0172923701915866,2.4539797653856645,-4.866677785422507,4.9565975219757,-4.732507037638907,4.579976658998048,-4.631386008122632
99.0,26.0,150.53738403320312,4.870979035474413,-4.064763231568362,1.3950555986244373,4.733413324170334,3.997729533046634,-4.886810763721337,4.530926645278353,-4.470370561511688,4.501692202608046,-4.967716314594137
99.0,26.0,146.84640502929688,4.382223244720192,-2.298253674625002,3.4307921240865262,2.4304937372359383,4.907370220276534,-4.669308203113675,4.956683927142045,-4.750767945363263,4.878978901281046,-4.93763255614671
99.0,26.0,153.71400451660156,4.027164007755192,-4.799984834033422,0.8031441080488331,3.137761366228724,4.508239258569509,-4.95096661373241,4.5895288157067125,-4.999706025049971,4.4631321097469785,-4.602204835418566
99.0,26.0,149.0411376953125,4.980478067679646,-1.2560743694100134,2.6792436987197865,4.641445084912153,4.61412732867442,-4.208183874206606,4.942032410130975,-4.608955851807822,4.776454966619858,-4.860477356015122
99.0,26.0,146.78428649902344,3.4189948852786154,-4.089858338343451,4.973388525101157,4.875131286625251,2.497935143106277,-4.639501253252726,4.820931651532096,-4.955195753731841,4.743183015951461,-4.75152270430433
99.0,26.0,143.11756896972656,4.780262787524313,-4.865258854108223,3.3621893924750488,3.518330369786269,4.988252528507944,-4.989951521012603,4.990899048571542,-4.27396990638033,4.994983217005167,-4.758641262170408
99.0,26.0,150.96446228027344,4.1658015473865575,-4.971935003615122,4.40500991803784,2.7899055236271546,3.956923238874098,-4.47802395629569,4.825768691688968,-4.823364475752389,4.513107724084033,-4.59594349597929
99.0,26.0,147.39151000976562,3.6899253757421167,-3.368487372110235,2.304469897531853,4.318403115616572,4.788866355269937,-4.0926422958750495,4.933838210572693,-4.81476939364813,4.718992496054038,-4.9315941808652095
99.0,26.0,148.51800537109375,3.125545605112688,-4.978130038473422,3.277868771079686,2.266929353809591,4.8022681987727225,-4.543802071259448,4.670230922933239,-4.960292765017261,4.574302487875969,-4.928370058603349
99.0,26.0,151.51991271972656,4.932962202461301,-4.71861907535175,2.293988584645401,4.240006604677764,3.4367399369762297,-4.336607066539425,4.9777336142536175,-4.543506517136619,4.8255255806952295,-4.587032930338546
99.0,26.0,151.95733642578125,2.347821082520128,-4.997508924172326,3.047800339707804,4.993150126945074,4.078369088806752,-4.283691385135884,4.803396047352658,-4.261561096589063,4.382091467603457,-4.911536810498882
99.0,26.0,153.78346252441406,4.923835104534732,1.8796524559286911,4.180339726462393,3.076577675827098,4.557892167085502,-4.900391359776788,4.973072326258607,-4.339140861682648,4.993903842412687,-4.62950700804482
99.0,26.0,141.7545166015625,3.617042555578794,-4.977536841155716,3.79541324878293,2.459268188345644,4.98507650163184,-4.9539358890339935,4.998602476212315,-4.804945120717964,4.986496988864979,-4.851180213974241
99.0,26.0,152.3764190673828,4.733166662659262,-1.5753061307157152,4.055703068553688,4.9751333938313245,3.998951511508193,-4.1874166230253005,4.994721159554461,-3.8568308249911096,4.784897424058174,-4.807486653761622
99.0,26.0,156.2672119140625,4.5585118942759735,-1.809404045744826,4.9917774222202445,4.205488297181166,4.713715771020146,-3.373253052250663,4.999999978615135,-3.621647296311137,4.760783994213287,-4.666222480904714
99.0,26.0,151.672607421875,4.745885510107073,-3.987244152522252,3.0460378969370203,3.172212954016472,3.98184957286205,-4.867108412166594,3.962400277631905,-4.779622583086605,4.859499723255963,-4.750622711630449
99.0,26.0,155.36050415039062,2.1477250909325614,-4.904111098200733,1.5575406426432397,2.642297993307808,4.602833358784015,-4.954532678849343,4.628952793603009,-4.979986037783014,4.469553731383816,-4.553902065020999
99.0,26.0,151.0203399658203,0.1617692492738012,-4.771106678984471,4.953419138023312,2.831380751001194,4.482320379290914,-4.873772433503586,4.974502227975661,-4.956949092137977,4.636061253339959,-4.383545631184456
99.0,26.0,150.00634765625,4.871542736249296,-4.4446577755751,4.908132072414421,3.3891539019082195,4.0969287284234825,-4.213917394940726,4.851514980562332,-4.882347124027409,4.198241456709079,-4.7286885806220535
99.0,26.0,147.18202209472656,3.436353472278963,-2.9455878105220923,4.711824742635447,2.807430380264428,4.660779755853596,-4.807826825794764,4.989031381830772,-4.564432305622386,4.53787958905773,-4.999779191628638
99.0,26.0,149.36509704589844,3.3062987103353114,-4.916136156852117,4.397229343520912,4.965643334164862,1.342505782222945,-4.880116080811153,4.957166295485826,-4.998788341626329,4.781386356757299,-4.590687874980978
99.0,26.0,154.71005249023438,3.598322021067156,-0.8898350152005743,4.131665474132945,3.3692112581286224,4.838547715724142,-4.209919689116047,4.990839734997212,-3.8174772891843225,4.719550251152922,-4.943733719237104
99.0,26.0,151.8299102783203,4.501889197121868,-2.095733720093067,3.5385622054220778,4.641867883721355,4.660480217053543,-4.9281767347806,4.873111312055698,-3.7085590636037753,4.725393518035252,-4.717227924630063
99.0,26.0,153.735595703125,2.879396174520346,-4.834814599444488,4.996869239417986,1.7469903784957157,2.758884236886678,-4.876787224625784,4.972298459269869,-4.912913859556094,4.574054122703021,-4.61231072174836
99.0,26.0,146.11195373535156,4.917122538221379,-4.986558924342478,3.3122071553901344,4.7786537590330616,4.398487560359442,-4.999385053806472,4.920540577427342,-4.187791848218137,4.387279123120864,-4.882217290686834
99.0,26.0,148.05764770507812,4.650088884488944,-4.997259681526572,2.3757976230267137,4.056228477809452,4.5946356113560025,-4.999593072727885,4.959004452006515,-4.205235413293197,4.543037887756528,-4.821250196829455
99.0,26.0,147.64492797851562,4.337475428784426,-4.841639373957055,3.03531300768758,3.702968649821291,4.489224830416603,-4.764947891081469,4.928442729720677,-4.917234254177529,4.509758985980406,-4.606754392907296
99.0,26.0,145.88145446777344,3.837185374698644,-4.345580771102359,2.168865719313608,2.2295565913579485,4.892817533965334,-4.8131583012443055,4.736803000456218,-4.999047662417117,4.964591198984621,-4.91728586970614
99.0,26.0,148.38784790039062,4.8690761485844325,-1.5022067274048103,4.991482668025352,4.938425446558082,4.559382052977032,-3.5270856586285144,4.999999948216551,-4.7314536416903135,4.722129576859187,-4.657198286753276
99.0,26.0,144.5999298095703,4.948257827862285,-3.4526984718855043,3.423417576815428,4.083931595023786,3.785144249897593,-4.850376424135531,4.927874940184024,-4.988086404230352,4.804808802832699,-4.777304848238828
99.0,26.0,149.37710571289062,4.130706689979199,-4.753459749799891,4.639977793197322,4.999938941646594,1.955324819470738,-4.444136037629657,4.924273318539616,-4.797370632087443,4.38245907543962,-4.911227405409248
99.0,26.0,146.11233520507812,2.8078942957981097,-4.198317388488611,3.741088616219863,4.967945138417392,3.717228344420081,-4.807647177255396,4.977841339056331,-4.540680304663212,4.589492092254051,-4.946340629980273
99.0,26.0,159.81910705566406,1.6951754444348477,4.916618920108138,3.4263979014596866,4.999872171737385,4.3752675586298135,-4.492367660116048,4.9672006016239765,-3.938567596746153,4.998342061455032,-4.889330786722785
99.0,26.0,145.6026611328125,4.69919989941099,-4.602073627596377,4.202447524325672,4.946745485660561,2.2891949781663565,-4.898365556734671,4.885384051565442,-4.979540787571335,4.714109664461995,-4.73173298199127
99.0,26.0,145.61297607421875,4.238577306185672,-4.872697694830962,4.848603191665602,4.142924832589309,3.310129804816821,-4.348008053109415,4.744330914220575,-4.894269822506687,4.644240420254166,-4.891598105492456
99.0,26.0,146.1432647705078,4.997134771305408,-4.8909702503720185,4.748254347867613,3.956583491495409,3.7168282126500167,-4.462847559295744,4.948832283979176,-4.990857465620191,4.474179669559257,-4.64164951553318
99.0,26.0,150.86288452148438,2.7545952243657013,-4.999664194942856,4.362548517552594,2.0176692276481694,4.150269436843923,-4.6137141607108525,4.571380174978039,-4.989346255655342,4.369973330605042,-4.943930433342016
99.0,26.0,148.24313354492188,4.009424333102648,-4.997207137858064,3.497318087622809,4.474981403070458,3.051180652100358,-4.999922618525135,4.848466616934605,-4.799462079046062,4.243700123677706,-4.945677654349438
99.0,27.0,149.035400390625,4.917579690020059,-4.99873768983504,1.542798316662194,4.883150388266558,4.059274215116279,-4.99999737259812,4.870181464135124,-4.250258950777461,4.417083605585876,-4.91791402741509
99.0,27.0,148.6246795654297,4.177060989780943,-3.322610258740955,1.6927864752917356,3.759237842183696,4.553466524627994,-4.880091616027015,4.704558214925303,-4.337229909517976,4.945185923010755,-4.988065381164963
99.0,27.0,150.27969360351562,4.996143681933681,-3.938882324195893,2.3156264858209124,4.87854978199396,2.984875040583733,-4.748370957429534,4.706354492121727,-4.995239948398746,4.878651228127888,-4.456039262345358
99.0,27.0,150.0281982421875,4.906697703635553,-4.49591514260183,2.656760483988619,4.233676934899522,3.3995477271465813,-4.563379786607445,4.856824871869964,-4.943642080281828,4.816229677522381,-4.460737409729086
99.0,27.0,145.77947998046875,3.145550143680945,-4.57732367203551,3.246911416188947,2.751622062047677,4.6028195167398245,-4.892600816206794,4.708720496959429,-4.962097868699612,4.748334242129729,-4.929181483250343
99.0,27.0,146.6353759765625,4.675982101801658,-3.438989268521569,4.75421091689385,4.655962202580533,4.0033961951167605,-4.994466338068912,4.801523758683113,-4.369556455589121,4.7531163596898,-4.614485389042249
99.0,27.0,146.75537109375,4.985201677653918,-4.353797332385081,3.378809386954974,4.980097829976772,2.9481782310929443,-4.796856546462438,4.887426676378557,-4.990372320244615,4.85765996985813,-4.484661355797364
99.0,27.0,149.78823852539062,2.7489859364031792,-4.879408503276322,3.4767304495564115,3.832579430875792,3.3015358429324424,-4.664473155133229,4.6843209930999326,-4.962926136103345,4.442611858643196,-4.949338365523299
99.0,27.0,153.02108764648438,2.7678852186615948,-4.999930121364435,3.803003326001341,3.998559721941221,4.116125708485878,-4.475781752723744,4.900862191003952,-4.079003392242482,4.241428583746531,-4.944717780686285
99.0,27.0,154.08778381347656,1.769651737080216,-1.1595435547097712,1.6964549790285166,3.454963463256344,4.126437310985099,-4.910610323441176,4.8198971106184185,-4.54842219433738,4.910637222786932,-4.981271519790058
99.0,27.0,146.4148712158203,4.905275772579116,-4.775423415088429,0.799173167148947,2.8698290595029308,4.9289167813300105,-4.940036355145876,4.69752920403406,-4.694584011391491,4.988998358947721,-4.918365005263714
99.0,27.0,143.5824432373047,4.9003438514494695,-4.397975649796926,4.7520574449983615,4.999681142625615,2.4539797653856645,-4.702789110613722,4.99932009069892,-4.961368808820742,4.887447637531277,-4.685150654345313
99.0,27.0,150.53738403320312,4.870979035474413,-4.064763231568362,1.3950555986244373,4.733413324170334,3.997729533046634,-4.886810763721337,4.530926645278353,-4.470370561511688,4.501692202608046,-4.967716314594137
99.0,27.0,146.84640502929688,4.382223244720192,-2.298253674625002,3.4307921240865262,2.4304937372359383,4.907370220276534,-4.669308203113675,4.956683927142045,-4.750767945363263,4.878978901281046,-4.93763255614671
99.0,27.0,151.17266845703125,4.077216621156304,-4.799984834033422,2.717663714080756,3.610494364559739,4.659089086041664,-4.178105227425307,4.628366542517119,-3.8605441906148337,4.914818789293722,-4.981059399948367
99.0,27.0,149.0411376953125,4.980478067679646,-1.2560743694100134,2.6792436987197865,4.641445084912153,4.61412732867442,-4.208183874206606,4.942032410130975,-4.608955851807822,4.776454966619858,-4.860477356015122
99.0,27.0,146.78428649902344,3.4189948852786154,-4.089858338343451,4.973388525101157,4.875131286625251,2.497935143106277,-4.639501253252726,4.820931651532096,-4.955195753731841,4.743183015951461,-4.75152270430433
99.0,27.0,143.11756896972656,4.780262787524313,-4.865258854108223,3.3621893924750488,3.518330369786269,4.988252528507944,-4.989951521012603,4.990899048571542,-4.27396990638033,4.994983217005167,-4.758641262170408
99.0,27.0,149.8386688232422,4.867296346130064,-4.998708968366379,2.485651234616632,4.723974097389606,4.120886461307358,-4.877897291808033,4.965848313880901,-4.467496619126084,4.307534761030778,-4.656556378267396
99.0,27.0,147.39151000976562,3.6899253757421167,-3.368487372110235,2.304469897531853,4.318403115616572,4.788866355269937,-4.0926422958750495,4.933838210572693,-4.81476939364813,4.718992496054038,-4.9315941808652095
99.0,27.0,147.5586395263672,4.741266992005991,-4.744906045328547,1.6435655800971216,1.757734744393982,4.98675185298617,-4.995121737635984,4.732704925647488,-4.999461909498945,4.736939112135369,-4.883245574759474
99.0,27.0,151.51991271972656,4.932962202461301,-4.71861907535175,2.293988584645401,4.240006604677764,3.4367399369762297,-4.336607066539425,4.9777336142536175,-4.543506517136619,4.8255255806952295,-4.587032930338546
99.0,27.0,151.95733642578125,2.347821082520128,-4.997508924172326,3.047800339707804,4.993150126945074,4.078369088806752,-4.283691385135884,4.803396047352658,-4.261561096589063,4.382091467603457,-4.911536810498882
99.0,27.0,153.78346252441406,4.923835104534732,1.8796524559286911,4.180339726462393,3.076577675827098,4.557892167085502,-4.900391359776788,4.973072326258607,-4.339140861682648,4.993903842412687,-4.62950700804482
99.0,27.0,141.7545166015625,3.617042555578794,-4.977536841155716,3.79541324878293,2.459268188345644,4.98507650163184,-4.9539358890339935,4.998602476212315,-4.804945120717964,4.986496988864979,-4.851180213974241
99.0,27.0,152.3764190673828,4.733166662659262,-1.5753061307157152,4.055703068553688,4.9751333938313245,3.998951511508193,-4.1874166230253005,4.994721159554461,-3.8568308249911096,4.784897424058174,-4.807486653761622
99.0,27.0,153.9955291748047,3.956338701656604,-4.920647198445497,4.155626296824515,4.987356911712561,1.0492113115867456,-4.902840663197392,4.91813534609334,-4.6902117053764165,4.481777423885241,-4.606206413337275
99.0,27.0,151.672607421875,4.745885510107073,-3.987244152522252,3.0460378969370203,3.172212954016472,3.98184957286205,-4.867108412166594,3.962400277631905,-4.779622583086605,4.859499723255963,-4.750622711630449
99.0,27.0,147.30496215820312,2.7848758189127283,-3.921277431358641,4.999839761396676,4.220946895238223,3.736055601073683,-4.414607188426698,4.968508097269935,-4.856724391288186,4.480071017815653,-4.851727906583754
99.0,27.0,146.64366149902344,2.543808667343765,-4.981679929849976,3.40640832459754,2.3353283083923086,4.052166100509508,-4.948608773820439,4.999134978572563,-4.956949092137977,4.93259402504253,-4.772511329965118
99.0,27.0,150.00634765625,4.871542736249296,-4.4446577755751,4.908132072414421,3.3891539019082195,4.0969287284234825,-4.213917394940726,4.851514980562332,-4.882347124027409,4.198241456709079,-4.7286885806220535
99.0,27.0,147.18202209472656,3.436353472278963,-2.9455878105220923,4.711824742635447,2.807430380264428,4.660779755853596,-4.807826825794764,4.989031381830772,-4.564432305622386,4.53787958905773,-4.999779191628638
99.0,27.0,149.36509704589844,3.3062987103353114,-4.916136156852117,4.397229343520912,4.965643334164862,1.342505782222945,-4.880116080811153,4.957166295485826,-4.998788341626329,4.781386356757299,-4.590687874980978
99.0,27.0,147.3970184326172,4.814653093156576,-4.989037827326091,3.303897158150172,4.04777002893781,4.644739033241019,-4.99998836268411,4.972276763523835,-3.829590641285995,4.455940746694383,-4.991310156850195
99.0,27.0,144.11279296875,4.056815024132749,-3.574723059071722,2.6273288500706684,4.641867883721355,4.8466663845656,-4.9281767347806,4.867436304590545,-4.720181636481162,4.804624998914618,-4.777459550783645
99.0,27.0,153.735595703125,2.879396174520346,-4.834814599444488,4.996869239417986,1.7469903784957157,2.758884236886678,-4.876787224625784,4.972298459269869,-4.912913859556094,4.574054122703021,-4.61231072174836
99.0,27.0,146.11195373535156,4.917122538221379,-4.986558924342478,3.3122071553901344,4.7786537590330616,4.398487560359442,-4.999385053806472,4.920540577427342,-4.187791848218137,4.387279123120864,-4.882217290686834
99.0,27.0,148.05764770507812,4.650088884488944,-4.997259681526572,2.3757976230267137,4.056228477809452,4.5946356113560025,-4.999593072727885,4.959004452006515,-4.205235413293197,4.543037887756528,-4.821250196829455
99.0,27.0,142.07479858398438,4.337475428784426,-4.890092442385245,3.49440995276468,4.341770670982551,4.716075274224112,-4.763754029984176,4.999436967187712,-4.561823254162123,4.753000749860807,-4.872386190198519
99.0,27.0,145.88145446777344,3.837185374698644,-4.345580771102359,2.168865719313608,2.2295565913579485,4.892817533965334,-4.8131583012443055,4.736803000456218,-4.999047662417117,4.964591198984621,-4.91728586970614
99.0,27.0,148.38784790039062,4.8690761485844325,-1.5022067274048103,4.991482668025352,4.938425446558082,4.559382052977032,-3.5270856586285144,4.999999948216551,-4.7314536416903135,4.722129576859187,-4.657198286753276
99.0,27.0,144.5999298095703,4.948257827862285,-3.4526984718855043,3.423417576815428,4.083931595023786,3.785144249897593,-4.850376424135531,4.927874940184024,-4.988086404230352,4.804808802832699,-4.777304848238828
99.0,27.0,149.37710571289062,4.130706689979199,-4.753459749799891,4.639977793197322,4.999938941646594,1.955324819470738,-4.444136037629657,4.924273318539616,-4.797370632087443,4.38245907543962,-4.911227405409248
99.0,27.0,146.09530639648438,4.164477462502134,-4.198317388488611,4.983060656325526,4.967945138417392,3.3430521076655912,-4.312299884135772,4.701384344245167,-4.6459316476619765,4.735418235393528,-4.83958696939276
99.0,27.0,151.73851013183594,3.7853175452846735,4.916618920108138,4.805573271661833,4.986881290319037,4.3752675586298135,-4.803061047176167,4.9672006016239765,-4.994121489223652,4.978650286812874,-4.531916135170377
99.0,27.0,145.6026611328125,4.69919989941099,-4.602073627596377,4.202447524325672,4.946745485660561,2.2891949781663565,-4.898365556734671,4.885384051565442,-4.979540787571335,4.714109664461995,-4.73173298199127
99.0,27.0,145.61297607421875,4.238577306185672,-4.872697694830962,4.848603191665602,4.142924832589309,3.310129804816821,-4.348008053109415,4.744330914220575,-4.894269822506687,4.644240420254166,-4.891598105492456
99.0,27.0,146.1432647705078,4.997134771305408,-4.8909702503720185,4.748254347867613,3.956583491495409,3.7168282126500167,-4.462847559295744,4.948832283979176,-4.990857465620191,4.474179669559257,-4.64164951553318
99.0,27.0,150.86288452148438,2.7545952243657013,-4.999664194942856,4.362548517552594,2.0176692276481694,4.150269436843923,-4.6137141607108525,4.571380174978039,-4.989346255655342,4.369973330605042,-4.943930433342016
99.0,27.0,148.24313354492188,4.009424333102648,-4.997207137858064,3.497318087622809,4.474981403070458,3.051180652100358,-4.999922618525135,4.848466616934605,-4.799462079046062,4.243700123677706,-4.945677654349438
99.0,28.0,149.035400390625,4.917579690020059,-4.99873768983504,1.542798316662194,4.883150388266558,4.059274215116279,-4.99999737259812,4.870181464135124,-4.250258950777461,4.417083605585876,-4.91791402741509
99.0,28.0,148.6246795654297,4.177060989780943,-3.322610258740955,1.6927864752917356,3.759237842183696,4.553466524627994,-4.880091616027015,4.704558214925303,-4.337229909517976,4.945185923010755,-4.988065381164963
99.0,28.0,150.27969360351562,4.996143681933681,-3.938882324195893,2.3156264858209124,4.87854978199396,2.984875040583733,-4.748370957429534,4.706354492121727,-4.995239948398746,4.878651228127888,-4.456039262345358
99.0,28.0,146.2387237548828,2.9130907862142217,-4.799586569580823,4.625010241554779,4.233676934899522,3.3995477271465813,-4.6024915727227445,4.959032666041963,-4.9997808499466885,4.778976332916677,-4.6051929323421845
99.0,28.0,145.77947998046875,3.145550143680945,-4.57732367203551,3.246911416188947,2.751622062047677,4.6028195167398245,-4.892600816206794,4.708720496959429,-4.962097868699612,4.748334242129729,-4.929181483250343
99.0,28.0,146.6353759765625,4.675982101801658,-3.438989268521569,4.75421091689385,4.655962202580533,4.0033961951167605,-4.994466338068912,4.801523758683113,-4.369556455589121,4.7531163596898,-4.614485389042249
99.0,28.0,146.75537109375,4.985201677653918,-4.353797332385081,3.378809386954974,4.980097829976772,2.9481782310929443,-4.796856546462438,4.887426676378557,-4.990372320244615,4.85765996985813,-4.484661355797364
99.0,28.0,149.78823852539062,2.7489859364031792,-4.879408503276322,3.4767304495564115,3.832579430875792,3.3015358429324424,-4.664473155133229,4.6843209930999326,-4.962926136103345,4.442611858643196,-4.949338365523299
99.0,28.0,152.60891723632812,4.827683003893603,-1.998637930594433,3.803003326001341,2.6928436070135167,4.608769776919187,-4.520741449157969,4.98066927973007,-4.831721310250603,4.241428583746531,-4.807369056144648
99.0,28.0,151.4403533935547,4.686738717874282,-4.999009654651939,2.659754933729324,3.454963463256344,4.17410363413826,-4.780821172487363,4.8198971106184185,-4.531093715261969,4.283175801329813,-4.827321450573635
99.0,28.0,146.4148712158203,4.905275772579116,-4.775423415088429,0.799173167148947,2.8698290595029308,4.9289167813300105,-4.940036355145876,4.69752920403406,-4.694584011391491,4.988998358947721,-4.918365005263714
99.0,28.0,143.5824432373047,4.9003438514494695,-4.397975649796926,4.7520574449983615,4.999681142625615,2.4539797653856645,-4.702789110613722,4.99932009069892,-4.961368808820742,4.887447637531277,-4.685150654345313
99.0,28.0,150.53738403320312,4.870979035474413,-4.064763231568362,1.3950555986244373,4.733413324170334,3.997729533046634,-4.886810763721337,4.530926645278353,-4.470370561511688,4.501692202608046,-4.967716314594137
99.0,28.0,144.49159240722656,4.247072606311239,-4.333371349828065,4.888405139729058,4.254118419237811,3.120094751110724,-4.317420770960892,4.778153867353566,-4.999805912686702,4.878978901281046,-4.84510316844119
99.0,28.0,151.17266845703125,4.077216621156304,-4.799984834033422,2.717663714080756,3.610494364559739,4.659089086041664,-4.178105227425307,4.628366542517119,-3.8605441906148337,4.914818789293722,-4.981059399948367
99.0,28.0,145.05905151367188,3.684107397314195,-4.9821914159210845,3.010387331814402,2.333688540124784,4.991728238666423,-4.9905890938151884,4.984166053375535,-4.9253638397812844,4.747815657351281,-4.7757150762271285
99.0,28.0,146.78428649902344,3.4189948852786154,-4.089858338343451,4.973388525101157,4.875131286625251,2.497935143106277,-4.639501253252726,4.820931651532096,-4.955195753731841,4.743183015951461,-4.75152270430433
99.0,28.0,143.11756896972656,4.780262787524313,-4.865258854108223,3.3621893924750488,3.518330369786269,4.988252528507944,-4.989951521012603,4.990899048571542,-4.27396990638033,4.994983217005167,-4.758641262170408
99.0,28.0,145.28627014160156,2.7572599352512475,-4.9882826847331545,3.106588376649003,3.9446547862268817,3.3439768731776414,-4.950273201913124,4.991568896680542,-4.999886333173095,4.935020950047542,-4.761699906581427
99.0,28.0,147.39151000976562,3.6899253757421167,-3.368487372110235,2.304469897531853,4.318403115616572,4.788866355269937,-4.0926422958750495,4.933838210572693,-4.81476939364813,4.718992496054038,-4.9315941808652095
99.0,28.0,147.5586395263672,4.741266992005991,-4.744906045328547,1.6435655800971216,1.757734744393982,4.98675185298617,-4.995121737635984,4.732704925647488,-4.999461909498945,4.736939112135369,-4.883245574759474
99.0,28.0,151.51991271972656,4.932962202461301,-4.71861907535175,2.293988584645401,4.240006604677764,3.4367399369762297,-4.336607066539425,4.9777336142536175,-4.543506517136619,4.8255255806952295,-4.587032930338546
99.0,28.0,151.95733642578125,2.347821082520128,-4.997508924172326,3.047800339707804,4.993150126945074,4.078369088806752,-4.283691385135884,4.803396047352658,-4.261561096589063,4.382091467603457,-4.911536810498882
99.0,28.0,153.42953491210938,4.0365459211583445,-4.99545849231695,4.744596779136637,4.992726894072666,1.1305156863848047,-4.844671870175972,4.923983884406933,-4.80250837769849,4.385684837310267,-4.548366817854053
99.0,28.0,141.7545166015625,3.617042555578794,-4.977536841155716,3.79541324878293,2.459268188345644,4.98507650163184,-4.9539358890339935,4.998602476212315,-4.804945120717964,4.986496988864979,-4.851180213974241
99.0,28.0,148.89968872070312,4.891995934002945,-1.2028731410959672,3.3379560249728817,4.707570920030818,4.968087514754187,-3.759827872428672,4.868025007044235,-4.471706400805209,4.954687029456738,-4.807486653761622
99.0,28.0,145.87904357910156,4.663338876967433,-4.344864415755764,3.0726172878799374,4.8796256294932405,3.823745922916937,-4.999984498099416,4.940024272679912,-4.67808982923497,4.424706693813417,-4.85973824697961
99.0,28.0,143.21893310546875,4.226542319859632,-3.366415827763105,2.498972359624548,4.38037305559324,4.879513190903926,-4.867108412166594,4.9335719593925695,-4.738767407938124,4.745943977965263,-4.970928622869771
99.0,28.0,142.8988037109375,4.921123913562836,-3.876367314438763,4.875261420825469,4.220946895238223,2.6467780267611705,-4.846287429377765,4.999709234583792,-4.983590970795005,4.8817372001864365,-4.851727906583754
99.0,28.0,146.64366149902344,2.543808667343765,-4.981679929849976,3.40640832459754,2.3353283083923086,4.052166100509508,-4.948608773820439,4.999134978572563,-4.956949092137977,4.93259402504253,-4.772511329965118
99.0,28.0,150.00634765625,4.871542736249296,-4.4446577755751,4.908132072414421,3.3891539019082195,4.0969287284234825,-4.213917394940726,4.851514980562332,-4.882347124027409,4.198241456709079,-4.7286885806220535
99.0,28.0,147.18202209472656,3.436353472278963,-2.9455878105220923,4.711824742635447,2.807430380264428,4.660779755853596,-4.807826825794764,4.989031381830772,-4.564432305622386,4.53787958905773,-4.999779191628638
99.0,28.0,149.36509704589844,3.3062987103353114,-4.916136156852117,4.397229343520912,4.965643334164862,1.342505782222945,-4.880116080811153,4.957166295485826,-4.998788341626329,4.781386356757299,-4.590687874980978
99.0,28.0,147.3970184326172,4.814653093156576,-4.989037827326091,3.303897158150172,4.04777002893781,4.644739033241019,-4.99998836268411,4.972276763523835,-3.829590641285995,4.455940746694383,-4.991310156850195
99.0,28.0,144.11279296875,4.056815024132749,-3.574723059071722,2.6273288500706684,4.641867883721355,4.8466663845656,-4.9281767347806,4.867436304590545,-4.720181636481162,4.804624998914618,-4.777459550783645
99.0,28.0,153.735595703125,2.879396174520346,-4.834814599444488,4.996869239417986,1.7469903784957157,2.758884236886678,-4.876787224625784,4.972298459269869,-4.912913859556094,4.574054122703021,-4.61231072174836
99.0,28.0,146.11195373535156,4.917122538221379,-4.986558924342478,3.3122071553901344,4.7786537590330616,4.398487560359442,-4.999385053806472,4.920540577427342,-4.187791848218137,4.387279123120864,-4.882217290686834
99.0,28.0,148.05764770507812,4.650088884488944,-4.997259681526572,2.3757976230267137,4.056228477809452,4.5946356113560025,-4.999593072727885,4.959004452006515,-4.205235413293197,4.543037887756528,-4.821250196829455
99.0,28.0,142.07479858398438,4.337475428784426,-4.890092442385245,3.49440995276468,4.341770670982551,4.716075274224112,-4.763754029984176,4.999436967187712,-4.561823254162123,4.753000749860807,-4.872386190198519
99.0,28.0,145.88145446777344,3.837185374698644,-4.345580771102359,2.168865719313608,2.2295565913579485,4.892817533965334,-4.8131583012443055,4.736803000456218,-4.999047662417117,4.964591198984621,-4.91728586970614
99.0,28.0,148.38784790039062,4.8690761485844325,-1.5022067274048103,4.991482668025352,4.938425446558082,4.559382052977032,-3.5270856586285144,4.999999948216551,-4.7314536416903135,4.722129576859187,-4.657198286753276
99.0,28.0,144.5999298095703,4.948257827862285,-3.4526984718855043,3.423417576815428,4.083931595023786,3.785144249897593,-4.850376424135531,4.927874940184024,-4.988086404230352,4.804808802832699,-4.777304848238828
99.0,28.0,149.37710571289062,4.130706689979199,-4.753459749799891,4.639977793197322,4.999938941646594,1.955324819470738,-4.444136037629657,4.924273318539616,-4.797370632087443,4.38245907543962,-4.911227405409248
99.0,28.0,146.09530639648438,4.164477462502134,-4.198317388488611,4.983060656325526,4.967945138417392,3.3430521076655912,-4.312299884135772,4.701384344245167,-4.6459316476619765,4.735418235393528,-4.83958696939276
99.0,28.0,151.73851013183594,3.7853175452846735,4.916618920108138,4.805573271661833,4.986881290319037,4.3752675586298135,-4.803061047176167,4.9672006016239765,-4.994121489223652,4.978650286812874,-4.531916135170377
99.0,28.0,145.6026611328125,4.69919989941099,-4.602073627596377,4.202447524325672,4.946745485660561,2.2891949781663565,-4.898365556734671,4.885384051565442,-4.979540787571335,4.714109664461995,-4.73173298199127
99.0,28.0,145.61297607421875,4.238577306185672,-4.872697694830962,4.848603191665602,4.142924832589309,3.310129804816821,-4.348008053109415,4.744330914220575,-4.894269822506687,4.644240420254166,-4.891598105492456
99.0,28.0,146.1432647705078,4.997134771305408,-4.8909702503720185,4.748254347867613,3.956583491495409,3.7168282126500167,-4.462847559295744,4.948832283979176,-4.990857465620191,4.474179669559257,-4.64164951553318
99.0,28.0,144.9765167236328,3.464306224989885,-3.98305113222462,3.721026529600545,4.286160801907812,4.150269436843923,-4.609525249483609,4.683557871787208,-4.993993994866328,4.941843112414034,-4.7150501285110895
99.0,28.0,148.24313354492188,4.009424333102648,-4.997207137858064,3.497318087622809,4.474981403070458,3.051180652100358,-4.999922618525135,4.848466616934605,-4.799462079046062,4.243700123677706,-4.945677654349438
99.0,29.0,149.035400390625,4.917579690020059,-4.99873768983504,1.542798316662194,4.883150388266558,4.059274215116279,-4.99999737259812,4.870181464135124,-4.250258950777461,4.417083605585876,-4.91791402741509
99.0,29.0,144.01718139648438,4.5615467942973495,-2.815136559291279,3.247301397396921,4.90164898346797,4.477712840990844,-4.854622461226343,4.955584658973161,-4.420761358389689,4.896229556619396,-4.872020792260287
99.0,29.0,150.27969360351562,4.996143681933681,-3.938882324195893,2.3156264858209124,4.87854978199396,2.984875040583733,-4.748370957429534,4.706354492121727,-4.995239948398746,4.878651228127888,-4.456039262345358
99.0,29.0,146.2387237548828,2.9130907862142217,-4.799586569580823,4.625010241554779,4.233676934899522,3.3995477271465813,-4.6024915727227445,4.959032666041963,-4.9997808499466885,4.778976332916677,-4.6051929323421845
99.0,29.0,143.5652618408203,3.3053242094401902,-4.987229763312112,4.276875684736747,1.9658760654224587,4.997647284050695,-4.790407641655129,4.986918043719187,-4.874878776835255,4.748334242129729,-4.929181483250343
99.0,29.0,146.6353759765625,4.675982101801658,-3.438989268521569,4.75421091689385,4.655962202580533,4.0033961951167605,-4.994466338068912,4.801523758683113,-4.369556455589121,4.7531163596898,-4.614485389042249
99.0,29.0,146.75537109375,4.985201677653918,-4.353797332385081,3.378809386954974,4.980097829976772,2.9481782310929443,-4.796856546462438,4.887426676378557,-4.990372320244615,4.85765996985813,-4.484661355797364
99.0,29.0,148.45016479492188,4.989543617911056,-4.305160192513815,1.354094374696646,4.343549943433582,3.757571719349539,-4.939293990509245,4.8640258212853,-4.890529414687016,4.976709266844481,-4.4980448056829925
99.0,29.0,145.3035125732422,4.724922692517042,-4.365392262116615,3.098929007350635,4.80871816886609,4.536524357927158,-4.662802907742381,4.856829764908305,-4.559500061774949,4.724815888900979,-4.7195558680804846
99.0,29.0,151.4403533935547,4.686738717874282,-4.999009654651939,2.659754933729324,3.454963463256344,4.17410363413826,-4.780821172487363,4.8198971106184185,-4.531093715261969,4.283175801329813,-4.827321450573635
99.0,29.0,146.4148712158203,4.905275772579116,-4.775423415088429,0.799173167148947,2.8698290595029308,4.9289167813300105,-4.940036355145876,4.69752920403406,-4.694584011391491,4.988998358947721,-4.918365005263714
99.0,29.0,143.5824432373047,4.9003438514494695,-4.397975649796926,4.7520574449983615,4.999681142625615,2.4539797653856645,-4.702789110613722,4.99932009069892,-4.961368808820742,4.887447637531277,-4.685150654345313
99.0,29.0,146.8339385986328,4.543507777045743,-4.064763231568362,3.756443258570872,4.831546705339739,3.6413650360299625,-4.886810763721337,4.839827026449008,-4.454531061723628,4.581280803272518,-4.859415828393922
99.0,29.0,144.49159240722656,4.247072606311239,-4.333371349828065,4.888405139729058,4.254118419237811,3.120094751110724,-4.317420770960892,4.778153867353566,-4.999805912686702,4.878978901281046,-4.84510316844119
99.0,29.0,147.9712677001953,4.332658558951926,-3.19875850072124,2.13802181516862,3.610494364559739,4.856188414151976,-4.473553857384173,4.894939428178475,-4.903675615656916,4.7234364507665,-4.817237985379555
99.0,29.0,145.05905151367188,3.684107397314195,-4.9821914159210845,3.010387331814402,2.333688540124784,4.991728238666423,-4.9905890938151884,4.984166053375535,-4.9253638397812844,4.747815657351281,-4.7757150762271285
99.0,29.0,146.78428649902344,3.4189948852786154,-4.089858338343451,4.973388525101157,4.875131286625251,2.497935143106277,-4.639501253252726,4.820931651532096,-4.955195753731841,4.743183015951461,-4.75152270430433
99.0,29.0,143.11756896972656,4.780262787524313,-4.865258854108223,3.3621893924750488,3.518330369786269,4.988252528507944,-4.989951521012603,4.990899048571542,-4.27396990638033,4.994983217005167,-4.758641262170408
99.0,29.0,145.28627014160156,2.7572599352512475,-4.9882826847331545,3.106588376649003,3.9446547862268817,3.3439768731776414,-4.950273201913124,4.991568896680542,-4.999886333173095,4.935020950047542,-4.761699906581427
99.0,29.0,147.39151000976562,3.6899253757421167,-3.368487372110235,2.304469897531853,4.318403115616572,4.788866355269937,-4.0926422958750495,4.933838210572693,-4.81476939364813,4.718992496054038,-4.9315941808652095
99.0,29.0,145.39630126953125,4.629285994411869,-2.5529408239056246,2.030055907490225,4.012014579940655,4.908540352849828,-4.384350809390405,4.998926166592649,-4.999535145450161,4.736939112135369,-4.961290087050654
99.0,29.0,151.51991271972656,4.932962202461301,-4.71861907535175,2.293988584645401,4.240006604677764,3.4367399369762297,-4.336607066539425,4.9777336142536175,-4.543506517136619,4.8255255806952295,-4.587032930338546
99.0,29.0,149.8487091064453,4.285904716694763,-4.69944004765993,4.771860023018383,4.999973463057255,1.7266871087266165,-4.283691385135884,4.803396047352658,-4.995155206071461,4.477961009554342,-4.81839143788902
99.0,29.0,147.27720642089844,3.83056407131661,-3.451572221761618,4.5786984147205,4.760638579970684,2.8162349799032245,-4.996867523925034,4.805690764436438,-4.80250837769849,4.906719703288821,-4.589004568766148
99.0,29.0,140.77383422851562,4.045355131423493,-4.977536841155716,3.4540921715969035,4.757295146984987,4.98507650163184,-4.9539358890339935,4.933423775176704,-4.8500552569237145,4.688346272615842,-4.702315367279472
99.0,29.0,143.99468994140625,4.794635542844828,-3.60693815834664,3.5719302441720844,4.97749475270814,4.968087514754187,-4.407284806546038,4.615929199795252,-4.999503377928935,4.954687029456738,-4.467965748151226
99.0,29.0,144.84744262695312,4.663338876967433,-4.344864415755764,4.680758958732774,4.158976955261555,2.1803228262000043,-4.843623871770987,4.999975485763915,-4.995318337779043,4.854785718275211,-4.812393464579193
99.0,29.0,143.21893310546875,4.226542319859632,-3.366415827763105,2.498972359624548,4.38037305559324,4.879513190903926,-4.867108412166594,4.9335719593925695,-4.738767407938124,4.745943977965263,-4.970928622869771
99.0,29.0,142.8988037109375,4.921123913562836,-3.876367314438763,4.875261420825469,4.220946895238223,2.6467780267611705,-4.846287429377765,4.999709234583792,-4.983590970795005,4.8817372001864365,-4.851727906583754
99.0,29.0,146.64366149902344,2.543808667343765,-4.981679929849976,3.40640832459754,2.3353283083923086,4.052166100509508,-4.948608773820439,4.999134978572563,-4.956949092137977,4.93259402504253,-4.772511329965118
99.0,29.0,150.00634765625,4.871542736249296,-4.4446577755751,4.908132072414421,3.3891539019082195,4.0969287284234825,-4.213917394940726,4.851514980562332,-4.882347124027409,4.198241456709079,-4.7286885806220535
99.0,29.0,141.3796844482422,4.204591673975967,-4.218223491390658,4.2759001822588445,4.996774806354244,4.660779755853596,-4.938955637532716,4.871778945192448,-4.727109639642842,4.870917475250688,-4.591775208627923
99.0,29.0,149.36509704589844,3.3062987103353114,-4.916136156852117,4.397229343520912,4.965643334164862,1.342505782222945,-4.880116080811153,4.957166295485826,-4.998788341626329,4.781386356757299,-4.590687874980978
99.0,29.0,147.3970184326172,4.814653093156576,-4.989037827326091,3.303897158150172,4.04777002893781,4.644739033241019,-4.99998836268411,4.972276763523835,-3.829590641285995,4.455940746694383,-4.991310156850195
99.0,29.0,139.4874725341797,4.227404019224501,-4.8954927069795255,4.307683717499341,4.456626469476398,4.762204758057365,-4.83414282387902,4.999741377997942,-4.720181636481162,4.763953644800985,-4.839333362332569
99.0,29.0,143.26931762695312,4.815415858872003,-4.631282391899605,4.996869239417986,4.67786911528658,3.223476932851135,-4.876787224625784,4.924426428280696,-4.912913859556094,4.574054122703021,-4.753128770098902
99.0,29.0,146.11195373535156,4.917122538221379,-4.986558924342478,3.3122071553901344,4.7786537590330616,4.398487560359442,-4.999385053806472,4.920540577427342,-4.187791848218137,4.387279123120864,-4.882217290686834
99.0,29.0,148.05764770507812,4.650088884488944,-4.997259681526572,2.3757976230267137,4.056228477809452,4.5946356113560025,-4.999593072727885,4.959004452006515,-4.205235413293197,4.543037887756528,-4.821250196829455
99.0,29.0,142.07479858398438,4.337475428784426,-4.890092442385245,3.49440995276468,4.341770670982551,4.716075274224112,-4.763754029984176,4.999436967187712,-4.561823254162123,4.753000749860807,-4.872386190198519
99.0,29.0,145.88145446777344,3.837185374698644,-4.345580771102359,2.168865719313608,2.2295565913579485,4.892817533965334,-4.8131583012443055,4.736803000456218,-4.999047662417117,4.964591198984621,-4.91728586970614
99.0,29.0,148.38784790039062,4.8690761485844325,-1.5022067274048103,4.991482668025352,4.938425446558082,4.559382052977032,-3.5270856586285144,4.999999948216551,-4.7314536416903135,4.722129576859187,-4.657198286753276
99.0,29.0,144.5999298095703,4.948257827862285,-3.4526984718855043,3.423417576815428,4.083931595023786,3.785144249897593,-4.850376424135531,4.927874940184024,-4.988086404230352,4.804808802832699,-4.777304848238828
99.0,29.0,149.37710571289062,4.130706689979199,-4.753459749799891,4.639977793197322,4.999938941646594,1.955324819470738,-4.444136037629657,4.924273318539616,-4.797370632087443,4.38245907543962,-4.911227405409248
99.0,29.0,146.09530639648438,4.164477462502134,-4.198317388488611,4.983060656325526,4.967945138417392,3.3430521076655912,-4.312299884135772,4.701384344245167,-4.6459316476619765,4.735418235393528,-4.83958696939276
99.0,29.0,144.11074829101562,2.8398788224163325,-4.114837302509287,4.079225903185045,3.3330017696313217,4.927763587689019,-4.936516263121491,4.41648390118165,-4.999750374260026,4.902988150742059,-4.80939120145538
99.0,29.0,145.6026611328125,4.69919989941099,-4.602073627596377,4.202447524325672,4.946745485660561,2.2891949781663565,-4.898365556734671,4.885384051565442,-4.979540787571335,4.714109664461995,-4.73173298199127
99.0,29.0,145.32118225097656,3.155940174737629,-4.872697694830962,3.308513404102501,2.3622549383539804,4.6992186474275774,-4.964349975588815,4.708915068901865,-4.973208949686743,4.7454790234573085,-4.952283736966235
99.0,29.0,146.1432647705078,4.997134771305408,-4.8909702503720185,4.748254347867613,3.956583491495409,3.7168282126500167,-4.462847559295744,4.948832283979176,-4.990857465620191,4.474179669559257,-4.64164951553318
99.0,29.0,144.9765167236328,3.464306224989885,-3.98305113222462,3.721026529600545,4.286160801907812,4.150269436843923,-4.609525249483609,4.683557871787208,-4.993993994866328,4.941843112414034,-4.7150501285110895
99.0,29.0,147.39682006835938,4.363953757836394,-4.997207137858064,3.497318087622809,3.900748978746413,3.69386723051566,-4.036541525863269,4.824328648697654,-4.781788777469343,4.934686859397663,-4.772753142614828
99.0,30.0,149.035400390625,4.917579690020059,-4.99873768983504,1.542798316662194,4.883150388266558,4.059274215116279,-4.99999737259812,4.870181464135124,-4.250258950777461,4.417083605585876,-4.91791402741509
99.0,30.0,144.01718139648438,4.5615467942973495,-2.815136559291279,3.247301397396921,4.90164898346797,4.477712840990844,-4.854622461226343,4.955584658973161,-4.420761358389689,4.896229556619396,-4.872020792260287
99.0,30.0,146.58335876464844,4.996143681933681,-4.098860750547153,4.2273282435229085,4.999954712463571,3.768115685736359,-4.2077204004971,4.753654770694329,-4.797728150238745,4.46910941178934,-4.849866341994371
99.0,30.0,146.2387237548828,2.9130907862142217,-4.799586569580823,4.625010241554779,4.233676934899522,3.3995477271465813,-4.6024915727227445,4.959032666041963,-4.9997808499466885,4.778976332916677,-4.6051929323421845
99.0,30.0,143.5652618408203,3.3053242094401902,-4.987229763312112,4.276875684736747,1.9658760654224587,4.997647284050695,-4.790407641655129,4.986918043719187,-4.874878776835255,4.748334242129729,-4.929181483250343
99.0,30.0,142.36386108398438,4.635462897824954,-3.798721944557629,4.49502943327851,4.655962202580533,3.753292005480654,-4.399000191812543,4.908026353890201,-4.933716085621516,4.78379759910929,-4.9146590167047455
99.0,30.0,146.75537109375,4.985201677653918,-4.353797332385081,3.378809386954974,4.980097829976772,2.9481782310929443,-4.796856546462438,4.887426676378557,-4.990372320244615,4.85765996985813,-4.484661355797364
99.0,30.0,148.45016479492188,4.989543617911056,-4.305160192513815,1.354094374696646,4.343549943433582,3.757571719349539,-4.939293990509245,4.8640258212853,-4.890529414687016,4.976709266844481,-4.4980448056829925
99.0,30.0,145.3035125732422,4.724922692517042,-4.365392262116615,3.098929007350635,4.80871816886609,4.536524357927158,-4.662802907742381,4.856829764908305,-4.559500061774949,4.724815888900979,-4.7195558680804846
99.0,30.0,148.14755249023438,4.091017287215123,-3.3761348366714,2.978377472765146,4.986930836297083,4.994757868964408,-4.60508873381748,4.53195064540769,-4.531093715261969,4.993377081855036,-4.461146522095744
99.0,30.0,146.4148712158203,4.905275772579116,-4.775423415088429,0.799173167148947,2.8698290595029308,4.9289167813300105,-4.940036355145876,4.69752920403406,-4.694584011391491,4.988998358947721,-4.918365005263714
99.0,30.0,143.5824432373047,4.9003438514494695,-4.397975649796926,4.7520574449983615,4.999681142625615,2.4539797653856645,-4.702789110613722,4.99932009069892,-4.961368808820742,4.887447637531277,-4.685150654345313
99.0,30.0,145.79733276367188,2.166700917946425,-4.910611957564869,4.810045240696272,4.094930637435313,3.4353353139151026,-4.833972775591404,4.839827026449008,-4.999882920069817,4.868752182904457,-4.6012695403800965
99.0,30.0,144.49159240722656,4.247072606311239,-4.333371349828065,4.888405139729058,4.254118419237811,3.120094751110724,-4.317420770960892,4.778153867353566,-4.999805912686702,4.878978901281046,-4.84510316844119
99.0,30.0,146.74429321289062,4.9698491158968565,-4.612230084855323,2.9604535258316345,4.582288487873134,4.8772958696402124,-4.993934290537681,4.899109476262468,-4.068847066528071,4.510986150358101,-4.817237985379555
99.0,30.0,142.22361755371094,4.508692766951933,-4.9821914159210845,3.30810530669318,4.975765596906384,4.766062294035826,-4.869872358850353,4.917943255821614,-4.385422802770234,4.742388017877689,-4.822721224017861
99.0,30.0,146.78428649902344,3.4189948852786154,-4.089858338343451,4.973388525101157,4.875131286625251,2.497935143106277,-4.639501253252726,4.820931651532096,-4.955195753731841,4.743183015951461,-4.75152270430433
99.0,30.0,143.11756896972656,4.780262787524313,-4.865258854108223,3.3621893924750488,3.518330369786269,4.988252528507944,-4.989951521012603,4.990899048571542,-4.27396990638033,4.994983217005167,-4.758641262170408
99.0,30.0,145.28627014160156,2.7572599352512475,-4.9882826847331545,3.106588376649003,3.9446547862268817,3.3439768731776414,-4.950273201913124,4.991568896680542,-4.999886333173095,4.935020950047542,-4.761699906581427
99.0,30.0,142.50326538085938,4.938734641144734,-3.411668764165316,1.9336722152294985,4.434419923634755,4.788866355269937,-4.94773964079731,4.953774109965444,-4.81476939364813,4.732956186437328,-4.999446169671307
99.0,30.0,145.39630126953125,4.629285994411869,-2.5529408239056246,2.030055907490225,4.012014579940655,4.908540352849828,-4.384350809390405,4.998926166592649,-4.999535145450161,4.736939112135369,-4.961290087050654
99.0,30.0,151.51991271972656,4.932962202461301,-4.71861907535175,2.293988584645401,4.240006604677764,3.4367399369762297,-4.336607066539425,4.9777336142536175,-4.543506517136619,4.8255255806952295,-4.587032930338546
99.0,30.0,148.9790802001953,4.107148461509102,-3.446248115003825,4.486142948604162,4.914380833334665,3.1685451448251154,-4.996947929282297,4.8537967288012815,-4.505509913072887,4.633015835150421,-4.643736642802152
99.0,30.0,142.75289916992188,4.881871926553654,-3.947426219547138,4.774361539928589,4.551598025149122,2.8162349799032245,-4.729549049450268,4.99978510030142,-4.960225850813611,4.861022054018562,-4.831472400566045
99.0,30.0,140.77383422851562,4.045355131423493,-4.977536841155716,3.4540921715969035,4.757295146984987,4.98507650163184,-4.9539358890339935,4.933423775176704,-4.8500552569237145,4.688346272615842,-4.702315367279472
99.0,30.0,143.66969299316406,3.742290355480215,-4.772147215935171,3.5719302441720844,1.9607782789203925,4.995259536508314,-4.927231460480806,4.911106327782511,-4.997854893008988,4.996075570271994,-4.7426529577431
99.0,30.0,142.09336853027344,4.867730806680746,-4.001057002330424,4.988044686355719,4.505863485048218,4.361831476046207,-4.843623871770987,4.923490283945924,-4.600114484314925,4.854785718275211,-4.651175745675516
99.0,30.0,143.21893310546875,4.226542319859632,-3.366415827763105,2.498972359624548,4.38037305559324,4.879513190903926,-4.867108412166594,4.9335719593925695,-4.738767407938124,4.745943977965263,-4.970928622869771
99.0,30.0,142.8988037109375,4.921123913562836,-3.876367314438763,4.875261420825469,4.220946895238223,2.6467780267611705,-4.846287429377765,4.999709234583792,-4.983590970795005,4.8817372001864365,-4.851727906583754
99.0,30.0,146.64366149902344,2.543808667343765,-4.981679929849976,3.40640832459754,2.3353283083923086,4.052166100509508,-4.948608773820439,4.999134978572563,-4.956949092137977,4.93259402504253,-4.772511329965118
99.0,30.0,148.30374145507812,4.78025806184762,-4.359902043022228,2.0190396767472487,3.96781691603684,3.8345396225202495,-4.807252211348921,4.866751242929883,-4.989993195109822,4.900466118709917,-4.520752706429839
99.0,30.0,139.48138427734375,4.204591673975967,-4.820939220994756,4.132477795987509,2.863086441464008,4.99326920938713,-4.991010801284644,4.798837202591626,-4.980189485142385,4.870917475250688,-4.958289692845702
99.0,30.0,148.72824096679688,4.998058307737134,-3.727542281821478,2.6622671723055604,3.606904163123303,4.79632853194897,-4.996146142213295,4.79959618857756,-4.393882637453879,4.781386356757299,-4.653874406977726
99.0,30.0,144.33441162109375,2.45710811349656,-4.2283523974179,3.303897158150172,3.629898666167869,4.053701111765514,-4.96243200330977,4.950171803642971,-4.999932313633157,4.8839763850831766,-4.876802434101931
99.0,30.0,139.4874725341797,4.227404019224501,-4.8954927069795255,4.307683717499341,4.456626469476398,4.762204758057365,-4.83414282387902,4.999741377997942,-4.720181636481162,4.763953644800985,-4.839333362332569
99.0,30.0,143.26931762695312,4.815415858872003,-4.631282391899605,4.996869239417986,4.67786911528658,3.223476932851135,-4.876787224625784,4.924426428280696,-4.912913859556094,4.574054122703021,-4.753128770098902
99.0,30.0,145.31907653808594,2.6345683829226987,-4.1037587836902985,2.876848611942802,3.1283537134415123,4.888140294132144,-4.999385053806472,4.575802192097793,-4.99981237146085,4.974018316510287,-4.814627611944756
99.0,30.0,141.86251831054688,4.246726968699612,-4.570799339226976,3.219633945529742,4.573115909158695,4.999590082604792,-4.712557087645899,4.966100878776743,-4.980439125679734,4.683843839700895,-4.697496099369914
99.0,30.0,142.07479858398438,4.337475428784426,-4.890092442385245,3.49440995276468,4.341770670982551,4.716075274224112,-4.763754029984176,4.999436967187712,-4.561823254162123,4.753000749860807,-4.872386190198519
99.0,30.0,145.88145446777344,3.837185374698644,-4.345580771102359,2.168865719313608,2.2295565913579485,4.892817533965334,-4.8131583012443055,4.736803000456218,-4.999047662417117,4.964591198984621,-4.91728586970614
99.0,30.0,148.38784790039062,4.8690761485844325,-1.5022067274048103,4.991482668025352,4.938425446558082,4.559382052977032,-3.5270856586285144,4.999999948216551,-4.7314536416903135,4.722129576859187,-4.657198286753276
99.0,30.0,144.5999298095703,4.948257827862285,-3.4526984718855043,3.423417576815428,4.083931595023786,3.785144249897593,-4.850376424135531,4.927874940184024,-4.988086404230352,4.804808802832699,-4.777304848238828
99.0,30.0,145.696533203125,4.879462568369258,-4.310687851079736,4.639977793197322,4.999938941646594,3.616054916731876,-3.8825284013072014,4.880111498975469,-4.93676190607666,4.417364685496262,-4.911227405409248
99.0,30.0,142.67037963867188,3.529574915285521,-4.445902962488205,4.812393154636187,4.870307098320119,3.6888028129899935,-4.653899269163328,4.924068822002072,-4.792775299568824,4.907574779429524,-4.7194396360596365
99.0,30.0,140.1209259033203,3.802913973107388,-4.691905914857187,4.801527597109425,4.138703494214921,4.927763587689019,-4.279189395679536,4.8159768480371685,-4.997492216213689,4.902988150742059,-4.7956238775878575
99.0,30.0,145.6026611328125,4.69919989941099,-4.602073627596377,4.202447524325672,4.946745485660561,2.2891949781663565,-4.898365556734671,4.885384051565442,-4.979540787571335,4.714109664461995,-4.73173298199127
99.0,30.0,143.7559356689453,3.53853415339968,-4.996440426126626,4.43587740490468,2.782196847689229,4.6992186474275774,-4.76220755049996,4.995358616413024,-4.874397760518406,4.687533345137349,-4.819829820013142
99.0,30.0,146.1432647705078,4.997134771305408,-4.8909702503720185,4.748254347867613,3.956583491495409,3.7168282126500167,-4.462847559295744,4.948832283979176,-4.990857465620191,4.474179669559257,-4.64164951553318
99.0,30.0,144.9765167236328,3.464306224989885,-3.98305113222462,3.721026529600545,4.286160801907812,4.150269436843923,-4.609525249483609,4.683557871787208,-4.993993994866328,4.941843112414034,-4.7150501285110895
99.0,30.0,147.39682006835938,4.363953757836394,-4.997207137858064,3.497318087622809,3.900748978746413,3.69386723051566,-4.036541525863269,4.824328648697654,-4.781788777469343,4.934686859397663,-4.772753142614828
99.0,31.0,149.035400390625,4.917579690020059,-4.99873768983504,1.542798316662194,4.883150388266558,4.059274215116279,-4.99999737259812,4.870181464135124,-4.250258950777461,4.417083605585876,-4.91791402741509
99.0,31.0,144.01718139648438,4.5615467942973495,-2.815136559291279,3.247301397396921,4.90164898346797,4.477712840990844,-4.854622461226343,4.955584658973161,-4.420761358389689,4.896229556619396,-4.872020792260287
99.0,31.0,144.2270965576172,3.786700795561381,-4.998400304628701,3.612006704806735,3.2393390048441475,4.76805086357181,-4.696463360207673,4.8909514124331,-4.653962388546616,4.868818256134453,-4.831306040215935
99.0,31.0,146.2387237548828,2.9130907862142217,-4.799586569580823,4.625010241554779,4.233676934899522,3.3995477271465813,-4.6024915727227445,4.959032666041963,-4.9997808499466885,4.778976332916677,-4.6051929323421845
99.0,31.0,143.5652618408203,3.3053242094401902,-4.987229763312112,4.276875684736747,1.9658760654224587,4.997647284050695,-4.790407641655129,4.986918043719187,-4.874878776835255,4.748334242129729,-4.929181483250343
99.0,31.0,142.36386108398438,4.635462897824954,-3.798721944557629,4.49502943327851,4.655962202580533,3.753292005480654,-4.399000191812543,4.908026353890201,-4.933716085621516,4.78379759910929,-4.9146590167047455
99.0,31.0,146.75537109375,4.985201677653918,-4.353797332385081,3.378809386954974,4.980097829976772,2.9481782310929443,-4.796856546462438,4.887426676378557,-4.990372320244615,4.85765996985813,-4.484661355797364
99.0,31.0,148.45016479492188,4.989543617911056,-4.305160192513815,1.354094374696646,4.343549943433582,3.757571719349539,-4.939293990509245,4.8640258212853,-4.890529414687016,4.976709266844481,-4.4980448056829925
99.0,31.0,145.3035125732422,4.724922692517042,-4.365392262116615,3.098929007350635,4.80871816886609,4.536524357927158,-4.662802907742381,4.856829764908305,-4.559500061774949,4.724815888900979,-4.7195558680804846
99.0,31.0,148.14755249023438,4.091017287215123,-3.3761348366714,2.978377472765146,4.986930836297083,4.994757868964408,-4.60508873381748,4.53195064540769,-4.531093715261969,4.993377081855036,-4.461146522095744
99.0,31.0,146.4148712158203,4.905275772579116,-4.775423415088429,0.799173167148947,2.8698290595029308,4.9289167813300105,-4.940036355145876,4.69752920403406,-4.694584011391491,4.988998358947721,-4.918365005263714
99.0,31.0,143.5824432373047,4.9003438514494695,-4.397975649796926,4.7520574449983615,4.999681142625615,2.4539797653856645,-4.702789110613722,4.99932009069892,-4.961368808820742,4.887447637531277,-4.685150654345313
99.0,31.0,145.79733276367188,2.166700917946425,-4.910611957564869,4.810045240696272,4.094930637435313,3.4353353139151026,-4.833972775591404,4.839827026449008,-4.999882920069817,4.868752182904457,-4.6012695403800965
99.0,31.0,144.03561401367188,2.153461753420441,-4.85705460982846,4.808591173267207,4.315441483553382,3.9464393357693286,-4.8376151763362,4.927381185694037,-4.955682932485489,4.777909128136028,-4.651086064171942
99.0,31.0,145.8133544921875,4.612697021795253,-4.416136499182111,4.723579659929808,4.9999918060868,4.198580146774147,-3.835180839455691,4.929786316898899,-4.931984871361616,4.30905354599175,-4.817237985379555
99.0,31.0,142.22361755371094,4.508692766951933,-4.9821914159210845,3.30810530669318,4.975765596906384,4.766062294035826,-4.869872358850353,4.917943255821614,-4.385422802770234,4.742388017877689,-4.822721224017861
99.0,31.0,145.4191436767578,3.1843352964891443,-3.332258880854332,3.2146933073323223,4.838640854566515,4.871991484567809,-4.848465134333162,4.8756435549057695,-4.428907333027095,4.8897370479784055,-4.75152270430433
99.0,31.0,139.70408630371094,4.225233049095932,-4.919811276915159,4.714025853652142,4.774900412747993,4.357508013929068,-4.762924101855616,4.999999947876606,-4.770103089259962,4.70442899630781,-4.832641637389755
99.0,31.0,145.28627014160156,2.7572599352512475,-4.9882826847331545,3.106588376649003,3.9446547862268817,3.3439768731776414,-4.950273201913124,4.991568896680542,-4.999886333173095,4.935020950047542,-4.761699906581427
99.0,31.0,142.50326538085938,4.938734641144734,-3.411668764165316,1.9336722152294985,4.434419923634755,4.788866355269937,-4.94773964079731,4.953774109965444,-4.81476939364813,4.732956186437328,-4.999446169671307
99.0,31.0,145.39630126953125,4.629285994411869,-2.5529408239056246,2.030055907490225,4.012014579940655,4.908540352849828,-4.384350809390405,4.998926166592649,-4.999535145450161,4.736939112135369,-4.961290087050654
99.0,31.0,147.68218994140625,4.963449128156524,-2.643876657741491,2.092086815312711,4.504058328033207,3.4367399369762297,-4.897791251908513,4.921927131717185,-4.80886942917676,4.667850112829907,-4.999735749296688
99.0,31.0,146.15145874023438,4.462092885375918,-2.146186753756777,2.7973438612136627,4.0488514372943545,4.346538420770049,-4.086883760027836,4.999395953328329,-4.99973635976977,4.873344836510963,-4.976433057063608
99.0,31.0,142.75289916992188,4.881871926553654,-3.947426219547138,4.774361539928589,4.551598025149122,2.8162349799032245,-4.729549049450268,4.99978510030142,-4.960225850813611,4.861022054018562,-4.831472400566045
99.0,31.0,140.77383422851562,4.045355131423493,-4.977536841155716,3.4540921715969035,4.757295146984987,4.98507650163184,-4.9539358890339935,4.933423775176704,-4.8500552569237145,4.688346272615842,-4.702315367279472
99.0,31.0,141.45089721679688,3.272708511549913,-4.62844872680145,4.727908875082869,2.098804505607686,4.997963241748167,-4.936603403260412,4.95979637856534,-4.997854893008988,4.76296431091972,-4.961252890918828
99.0,31.0,142.09336853027344,4.867730806680746,-4.001057002330424,4.988044686355719,4.505863485048218,4.361831476046207,-4.843623871770987,4.923490283945924,-4.600114484314925,4.854785718275211,-4.651175745675516
99.0,31.0,143.21893310546875,4.226542319859632,-3.366415827763105,2.498972359624548,4.38037305559324,4.879513190903926,-4.867108412166594,4.9335719593925695,-4.738767407938124,4.745943977965263,-4.970928622869771
99.0,31.0,142.8988037109375,4.921123913562836,-3.876367314438763,4.875261420825469,4.220946895238223,2.6467780267611705,-4.846287429377765,4.999709234583792,-4.983590970795005,4.8817372001864365,-4.851727906583754
99.0,31.0,146.64366149902344,2.543808667343765,-4.981679929849976,3.40640832459754,2.3353283083923086,4.052166100509508,-4.948608773820439,4.999134978572563,-4.956949092137977,4.93259402504253,-4.772511329965118
99.0,31.0,147.49298095703125,4.691059700723078,-0.4104061621329298,4.994844925861677,4.947674744158787,4.768601365914314,-3.454398202942626,4.999999962188347,-4.816704845496428,4.961702552375947,-4.634251669175875
99.0,31.0,139.48138427734375,4.204591673975967,-4.820939220994756,4.132477795987509,2.863086441464008,4.99326920938713,-4.991010801284644,4.798837202591626,-4.980189485142385,4.870917475250688,-4.958289692845702
99.0,31.0,146.53131103515625,4.73284161423061,-4.67361528403284,4.377892926112175,3.606904163123303,2.6548799403422056,-4.709032086083847,4.988313740908623,-4.968763203214634,4.812304848204211,-4.734604569650055
99.0,31.0,144.33441162109375,2.45710811349656,-4.2283523974179,3.303897158150172,3.629898666167869,4.053701111765514,-4.96243200330977,4.950171803642971,-4.999932313633157,4.8839763850831766,-4.876802434101931
99.0,31.0,139.4874725341797,4.227404019224501,-4.8954927069795255,4.307683717499341,4.456626469476398,4.762204758057365,-4.83414282387902,4.999741377997942,-4.720181636481162,4.763953644800985,-4.839333362332569
99.0,31.0,143.26931762695312,4.815415858872003,-4.631282391899605,4.996869239417986,4.67786911528658,3.223476932851135,-4.876787224625784,4.924426428280696,-4.912913859556094,4.574054122703021,-4.753128770098902
99.0,31.0,145.31907653808594,2.6345683829226987,-4.1037587836902985,2.876848611942802,3.1283537134415123,4.888140294132144,-4.999385053806472,4.575802192097793,-4.99981237146085,4.974018316510287,-4.814627611944756
99.0,31.0,141.86251831054688,4.246726968699612,-4.570799339226976,3.219633945529742,4.573115909158695,4.999590082604792,-4.712557087645899,4.966100878776743,-4.980439125679734,4.683843839700895,-4.697496099369914
99.0,31.0,142.07479858398438,4.337475428784426,-4.890092442385245,3.49440995276468,4.341770670982551,4.716075274224112,-4.763754029984176,4.999436967187712,-4.561823254162123,4.753000749860807,-4.872386190198519
99.0,31.0,145.88145446777344,3.837185374698644,-4.345580771102359,2.168865719313608,2.2295565913579485,4.892817533965334,-4.8131583012443055,4.736803000456218,-4.999047662417117,4.964591198984621,-4.91728586970614
99.0,31.0,148.38784790039062,4.8690761485844325,-1.5022067274048103,4.991482668025352,4.938425446558082,4.559382052977032,-3.5270856586285144,4.999999948216551,-4.7314536416903135,4.722129576859187,-4.657198286753276
99.0,31.0,144.5999298095703,4.948257827862285,-3.4526984718855043,3.423417576815428,4.083931595023786,3.785144249897593,-4.850376424135531,4.927874940184024,-4.988086404230352,4.804808802832699,-4.777304848238828
99.0,31.0,145.279296875,2.317837648244604,-4.999080701211107,4.449676873725963,1.4598120868969977,4.915848530307646,-4.838083664178961,4.998648513289303,-4.857686146465087,4.725000372729549,-4.963754807097019
99.0,31.0,142.67037963867188,3.529574915285521,-4.445902962488205,4.812393154636187,4.870307098320119,3.6888028129899935,-4.653899269163328,4.924068822002072,-4.792775299568824,4.907574779429524,-4.7194396360596365
99.0,31.0,139.98585510253906,3.802913973107388,-4.203277101890825,2.3702203219649824,4.994200593848104,4.927763587689019,-4.949838635401559,4.968888462376983,-4.928796483928171,4.835202030744941,-4.875167326434521
99.0,31.0,144.68118286132812,4.828549871207727,-4.398174782023226,4.997844504646404,4.688089857455724,3.083750444833206,-4.734251823744858,4.833987028936498,-4.912926390926101,4.624055406885207,-4.73173298199127
99.0,31.0,143.7559356689453,3.53853415339968,-4.996440426126626,4.43587740490468,2.782196847689229,4.6992186474275774,-4.76220755049996,4.995358616413024,-4.874397760518406,4.687533345137349,-4.819829820013142
99.0,31.0,146.1432647705078,4.997134771305408,-4.8909702503720185,4.748254347867613,3.956583491495409,3.7168282126500167,-4.462847559295744,4.948832283979176,-4.990857465620191,4.474179669559257,-4.64164951553318
99.0,31.0,139.0410919189453,4.581109773907574,-4.999075593337466,3.721026529600545,4.61162305169195,4.968307741748048,-4.999997696342615,4.870392107784635,-4.993993994866328,4.35533660922073,-4.995005381408719
99.0,31.0,143.8651123046875,2.311047964816093,-4.997207137858064,3.283738267566284,3.8376609041690872,4.188201725469378,-4.986864291700277,4.917165207637467,-4.999957785684539,4.851649146460694,-4.791767022642407
99.0,32.0,143.73971557617188,4.616742429691263,-4.565952878148778,2.80824218895982,4.897309704333256,4.993304691395364,-4.794321211335332,4.939353744505501,-4.250258950777461,4.653849854943951,-4.91791402741509
99.0,32.0,144.01718139648438,4.5615467942973495,-2.815136559291279,3.247301397396921,4.90164898346797,4.477712840990844,-4.854622461226343,4.955584658973161,-4.420761358389689,4.896229556619396,-4.872020792260287
99.0,32.0,144.2270965576172,3.786700795561381,-4.998400304628701,3.612006704806735,3.2393390048441475,4.76805086357181,-4.696463360207673,4.8909514124331,-4.653962388546616,4.868818256134453,-4.831306040215935
99.0,32.0,144.64370727539062,3.898518478998872,-4.671705681307106,3.608401485959724,2.979136726010889,4.9163001393004855,-4.6024915727227445,4.959032666041963,-4.717429927463526,4.766975514011545,-4.879044507284014
99.0,32.0,143.5652618408203,3.3053242094401902,-4.987229763312112,4.276875684736747,1.9658760654224587,4.997647284050695,-4.790407641655129,4.986918043719187,-4.874878776835255,4.748334242129729,-4.929181483250343
99.0,32.0,142.36386108398438,4.635462897824954,-3.798721944557629,4.49502943327851,4.655962202580533,3.753292005480654,-4.399000191812543,4.908026353890201,-4.933716085621516,4.78379759910929,-4.9146590167047455
99.0,32.0,146.75537109375,4.985201677653918,-4.353797332385081,3.378809386954974,4.980097829976772,2.9481782310929443,-4.796856546462438,4.887426676378557,-4.990372320244615,4.85765996985813,-4.484661355797364
99.0,32.0,147.05482482910156,4.624809001867681,-3.0806331584653,1.771144943342171,3.659802536190649,3.757571719349539,-4.939293990509245,4.821453182862288,-4.818851246341147,4.941753926159462,-4.999741957189745
99.0,32.0,145.16114807128906,4.533617208621589,-4.987674492902588,1.585482121846417,4.984434985385206,4.614783663570861,-4.94805910926392,4.891288845916214,-4.210495036001502,4.724815888900979,-4.956090364887648
99.0,32.0,146.2256317138672,4.091017287215123,-2.869571263627472,3.5078998268075545,4.686788721715964,2.834831084818049,-4.877198889043153,4.981232333139031,-4.864770140428647,4.805458943975177,-4.935246907130441
99.0,32.0,142.4416046142578,4.436241759092907,-4.775423415088429,4.472547634463357,2.8698290595029308,4.6478569705930735,-4.966534636395457,4.999952637178135,-4.647346180235295,4.638459112812312,-4.97787944995754
99.0,32.0,143.5824432373047,4.9003438514494695,-4.397975649796926,4.7520574449983615,4.999681142625615,2.4539797653856645,-4.702789110613722,4.99932009069892,-4.961368808820742,4.887447637531277,-4.685150654345313
99.0,32.0,145.79733276367188,2.166700917946425,-4.910611957564869,4.810045240696272,4.094930637435313,3.4353353139151026,-4.833972775591404,4.839827026449008,-4.999882920069817,4.868752182904457,-4.6012695403800965
99.0,32.0,144.03561401367188,2.153461753420441,-4.85705460982846,4.808591173267207,4.315441483553382,3.9464393357693286,-4.8376151763362,4.927381185694037,-4.955682932485489,4.777909128136028,-4.651086064171942
99.0,32.0,143.68850708007812,2.1500220812729465,-4.815604899143261,4.814171779968215,4.864839578893959,4.198580146774147,-4.68934456795073,4.990385052154623,-4.99996102263945,4.722505306654713,-4.542433508810318
99.0,32.0,142.22361755371094,4.508692766951933,-4.9821914159210845,3.30810530669318,4.975765596906384,4.766062294035826,-4.869872358850353,4.917943255821614,-4.385422802770234,4.742388017877689,-4.822721224017861
99.0,32.0,141.95127868652344,3.1843352964891443,-4.696657166087794,3.799253725265192,4.03168994963592,4.871991484567809,-4.838259998835831,4.981629199094609,-4.983645192661746,4.868438394107055,-4.636839659110704
99.0,32.0,139.70408630371094,4.225233049095932,-4.919811276915159,4.714025853652142,4.774900412747993,4.357508013929068,-4.762924101855616,4.999999947876606,-4.770103089259962,4.70442899630781,-4.832641637389755
99.0,32.0,143.43402099609375,2.7572599352512475,-4.613207658420131,4.492556125550724,2.612713143794803,4.765264311896428,-4.677680675563498,4.930946582187023,-4.938886298051936,4.944800039661341,-4.810750243559355
99.0,32.0,142.50326538085938,4.938734641144734,-3.411668764165316,1.9336722152294985,4.434419923634755,4.788866355269937,-4.94773964079731,4.953774109965444,-4.81476939364813,4.732956186437328,-4.999446169671307
99.0,32.0,142.3905029296875,4.95030431373793,-3.3084340293777275,3.56483926969835,4.03541594629308,4.908540352849828,-4.907307985520615,4.890088180386069,-4.989670272472262,4.739621366030305,-4.737548414593402
99.0,32.0,147.68218994140625,4.963449128156524,-2.643876657741491,2.092086815312711,4.504058328033207,3.4367399369762297,-4.897791251908513,4.921927131717185,-4.80886942917676,4.667850112829907,-4.999735749296688
99.0,32.0,146.15145874023438,4.462092885375918,-2.146186753756777,2.7973438612136627,4.0488514372943545,4.346538420770049,-4.086883760027836,4.999395953328329,-4.99973635976977,4.873344836510963,-4.976433057063608
99.0,32.0,142.75289916992188,4.881871926553654,-3.947426219547138,4.774361539928589,4.551598025149122,2.8162349799032245,-4.729549049450268,4.99978510030142,-4.960225850813611,4.861022054018562,-4.831472400566045
99.0,32.0,140.77383422851562,4.045355131423493,-4.977536841155716,3.4540921715969035,4.757295146984987,4.98507650163184,-4.9539358890339935,4.933423775176704,-4.8500552569237145,4.688346272615842,-4.702315367279472
99.0,32.0,141.45089721679688,3.272708511549913,-4.62844872680145,4.727908875082869,2.098804505607686,4.997963241748167,-4.936603403260412,4.95979637856534,-4.997854893008988,4.76296431091972,-4.961252890918828
99.0,32.0,142.09336853027344,4.867730806680746,-4.001057002330424,4.988044686355719,4.505863485048218,4.361831476046207,-4.843623871770987,4.923490283945924,-4.600114484314925,4.854785718275211,-4.651175745675516
99.0,32.0,143.21893310546875,4.226542319859632,-3.366415827763105,2.498972359624548,4.38037305559324,4.879513190903926,-4.867108412166594,4.9335719593925695,-4.738767407938124,4.745943977965263,-4.970928622869771
99.0,32.0,142.8988037109375,4.921123913562836,-3.876367314438763,4.875261420825469,4.220946895238223,2.6467780267611705,-4.846287429377765,4.999709234583792,-4.983590970795005,4.8817372001864365,-4.851727906583754
99.0,32.0,146.64366149902344,2.543808667343765,-4.981679929849976,3.40640832459754,2.3353283083923086,4.052166100509508,-4.948608773820439,4.999134978572563,-4.956949092137977,4.93259402504253,-4.772511329965118
99.0,32.0,147.49298095703125,4.691059700723078,-0.4104061621329298,4.994844925861677,4.947674744158787,4.768601365914314,-3.454398202942626,4.999999962188347,-4.816704845496428,4.961702552375947,-4.634251669175875
99.0,32.0,139.48138427734375,4.204591673975967,-4.820939220994756,4.132477795987509,2.863086441464008,4.99326920938713,-4.991010801284644,4.798837202591626,-4.980189485142385,4.870917475250688,-4.958289692845702
99.0,32.0,142.06390380859375,4.244182513614893,-4.843847726129201,3.3484452503825475,2.43583951569686,4.60615030784741,-4.993684821569939,4.762774698575362,-4.99398660280272,4.912257088237444,-4.999168218908747
99.0,32.0,144.33441162109375,2.45710811349656,-4.2283523974179,3.303897158150172,3.629898666167869,4.053701111765514,-4.96243200330977,4.950171803642971,-4.999932313633157,4.8839763850831766,-4.876802434101931
99.0,32.0,139.4874725341797,4.227404019224501,-4.8954927069795255,4.307683717499341,4.456626469476398,4.762204758057365,-4.83414282387902,4.999741377997942,-4.720181636481162,4.763953644800985,-4.839333362332569
99.0,32.0,143.26931762695312,4.815415858872003,-4.631282391899605,4.996869239417986,4.67786911528658,3.223476932851135,-4.876787224625784,4.924426428280696,-4.912913859556094,4.574054122703021,-4.753128770098902
99.0,32.0,144.65750122070312,4.698317378791501,-4.747692782625421,4.88128791005948,4.999872463220403,2.1784635959252845,-4.892075756846328,4.999856981340898,-4.846652780725643,4.871192579617498,-4.620826429514864
99.0,32.0,141.86251831054688,4.246726968699612,-4.570799339226976,3.219633945529742,4.573115909158695,4.999590082604792,-4.712557087645899,4.966100878776743,-4.980439125679734,4.683843839700895,-4.697496099369914
99.0,32.0,142.07479858398438,4.337475428784426,-4.890092442385245,3.49440995276468,4.341770670982551,4.716075274224112,-4.763754029984176,4.999436967187712,-4.561823254162123,4.753000749860807,-4.872386190198519
99.0,32.0,145.88145446777344,3.837185374698644,-4.345580771102359,2.168865719313608,2.2295565913579485,4.892817533965334,-4.8131583012443055,4.736803000456218,-4.999047662417117,4.964591198984621,-4.91728586970614
99.0,32.0,147.68177795410156,4.8690761485844325,-4.982232761281418,3.231400350112193,3.089378137150117,2.880624449806527,-4.834823115232156,4.999461419398616,-4.9424032472408,4.957264293684775,-4.659187169330732
99.0,32.0,144.5999298095703,4.948257827862285,-3.4526984718855043,3.423417576815428,4.083931595023786,3.785144249897593,-4.850376424135531,4.927874940184024,-4.988086404230352,4.804808802832699,-4.777304848238828
99.0,32.0,145.279296875,2.317837648244604,-4.999080701211107,4.449676873725963,1.4598120868969977,4.915848530307646,-4.838083664178961,4.998648513289303,-4.857686146465087,4.725000372729549,-4.963754807097019
99.0,32.0,142.67037963867188,3.529574915285521,-4.445902962488205,4.812393154636187,4.870307098320119,3.6888028129899935,-4.653899269163328,4.924068822002072,-4.792775299568824,4.907574779429524,-4.7194396360596365
99.0,32.0,139.98585510253906,3.802913973107388,-4.203277101890825,2.3702203219649824,4.994200593848104,4.927763587689019,-4.949838635401559,4.968888462376983,-4.928796483928171,4.835202030744941,-4.875167326434521
99.0,32.0,139.98692321777344,4.828549871207727,-4.483923999954351,4.997844504646404,4.975849404934939,4.987378650924315,-4.900611223962925,4.899384468809394,-4.650169332494629,4.6482286567296764,-4.647053286826517
99.0,32.0,143.7559356689453,3.53853415339968,-4.996440426126626,4.43587740490468,2.782196847689229,4.6992186474275774,-4.76220755049996,4.995358616413024,-4.874397760518406,4.687533345137349,-4.819829820013142
99.0,32.0,146.1432647705078,4.997134771305408,-4.8909702503720185,4.748254347867613,3.956583491495409,3.7168282126500167,-4.462847559295744,4.948832283979176,-4.990857465620191,4.474179669559257,-4.64164951553318
99.0,32.0,139.0410919189453,4.581109773907574,-4.999075593337466,3.721026529600545,4.61162305169195,4.968307741748048,-4.999997696342615,4.870392107784635,-4.993993994866328,4.35533660922073,-4.995005381408719
99.0,32.0,143.8651123046875,2.311047964816093,-4.997207137858064,3.283738267566284,3.8376609041690872,4.188201725469378,-4.986864291700277,4.917165207637467,-4.999957785684539,4.851649146460694,-4.791767022642407
99.0,33.0,142.42568969726562,4.794312534195749,-4.565952878148778,3.800811363090669,4.925553283748883,4.023682140770499,-4.7290999322671965,4.969641398823439,-4.986741216033837,4.653849854943951,-4.69757927954497
99.0,33.0,141.71505737304688,3.550391042797137,-4.635625787726748,4.635918968728672,1.6066771684218757,4.997228326477346,-4.959313654743543,4.955584658973161,-4.982119934213715,4.878596153446528,-4.941413447600757
99.0,33.0,144.2270965576172,3.786700795561381,-4.998400304628701,3.612006704806735,3.2393390048441475,4.76805086357181,-4.696463360207673,4.8909514124331,-4.653962388546616,4.868818256134453,-4.831306040215935
99.0,33.0,144.64370727539062,3.898518478998872,-4.671705681307106,3.608401485959724,2.979136726010889,4.9163001393004855,-4.6024915727227445,4.959032666041963,-4.717429927463526,4.766975514011545,-4.879044507284014
99.0,33.0,143.5652618408203,3.3053242094401902,-4.987229763312112,4.276875684736747,1.9658760654224587,4.997647284050695,-4.790407641655129,4.986918043719187,-4.874878776835255,4.748334242129729,-4.929181483250343
99.0,33.0,142.36386108398438,4.635462897824954,-3.798721944557629,4.49502943327851,4.655962202580533,3.753292005480654,-4.399000191812543,4.908026353890201,-4.933716085621516,4.78379759910929,-4.9146590167047455
99.0,33.0,146.59609985351562,3.479389179689875,-4.107249717788751,4.319722356105995,3.981023477433693,2.9481782310929443,-4.560792150225105,4.968930488451358,-4.990372320244615,4.916164057353779,-4.743011483823341
99.0,33.0,147.05482482910156,4.624809001867681,-3.0806331584653,1.771144943342171,3.659802536190649,3.757571719349539,-4.939293990509245,4.821453182862288,-4.818851246341147,4.941753926159462,-4.999741957189745
99.0,33.0,145.16114807128906,4.533617208621589,-4.987674492902588,1.585482121846417,4.984434985385206,4.614783663570861,-4.94805910926392,4.891288845916214,-4.210495036001502,4.724815888900979,-4.956090364887648
99.0,33.0,146.2256317138672,4.091017287215123,-2.869571263627472,3.5078998268075545,4.686788721715964,2.834831084818049,-4.877198889043153,4.981232333139031,-4.864770140428647,4.805458943975177,-4.935246907130441
99.0,33.0,142.4416046142578,4.436241759092907,-4.775423415088429,4.472547634463357,2.8698290595029308,4.6478569705930735,-4.966534636395457,4.999952637178135,-4.647346180235295,4.638459112812312,-4.97787944995754
99.0,33.0,142.4011993408203,4.97607694761016,-3.496930289771803,2.8789082212675643,4.342277802152105,4.551630463814066,-4.933388884511137,4.943157480851838,-4.985141941628608,4.548101015990836,-4.974172768753139
99.0,33.0,140.177978515625,4.588261773225828,-4.938634029040725,4.76990632609478,4.308405739191672,4.215020287554198,-4.825776829863488,4.996892868393669,-4.844841134627277,4.793386057234703,-4.742521475017098
99.0,33.0,142.54721069335938,4.86129199666826,-3.1492149272611094,3.989430545269127,4.567855334135137,4.98748976749721,-4.599380820001478,4.903889919396248,-4.650057001059789,4.723648421657801,-4.864053060953162
99.0,33.0,143.68850708007812,2.1500220812729465,-4.815604899143261,4.814171779968215,4.864839578893959,4.198580146774147,-4.68934456795073,4.990385052154623,-4.99996102263945,4.722505306654713,-4.542433508810318
99.0,33.0,142.22361755371094,4.508692766951933,-4.9821914159210845,3.30810530669318,4.975765596906384,4.766062294035826,-4.869872358850353,4.917943255821614,-4.385422802770234,4.742388017877689,-4.822721224017861
99.0,33.0,138.62425231933594,4.164435613427433,-4.329485750606082,3.430745169626144,4.926201147047417,4.871991484567809,-4.998719972923673,4.968427887706402,-4.931082805158741,4.7661443232773255,-4.84688233712817
99.0,33.0,139.70408630371094,4.225233049095932,-4.919811276915159,4.714025853652142,4.774900412747993,4.357508013929068,-4.762924101855616,4.999999947876606,-4.770103089259962,4.70442899630781,-4.832641637389755
99.0,33.0,143.43402099609375,2.7572599352512475,-4.613207658420131,4.492556125550724,2.612713143794803,4.765264311896428,-4.677680675563498,4.930946582187023,-4.938886298051936,4.944800039661341,-4.810750243559355
99.0,33.0,142.50326538085938,4.938734641144734,-3.411668764165316,1.9336722152294985,4.434419923634755,4.788866355269937,-4.94773964079731,4.953774109965444,-4.81476939364813,4.732956186437328,-4.999446169671307
99.0,33.0,142.3905029296875,4.95030431373793,-3.3084340293777275,3.56483926969835,4.03541594629308,4.908540352849828,-4.907307985520615,4.890088180386069,-4.989670272472262,4.739621366030305,-4.737548414593402
99.0,33.0,146.1126708984375,3.5846673002540244,-3.909775344593688,3.2803070099277343,4.599592357670026,3.589546665162805,-4.67746347758052,4.951263642580097,-4.875075330145574,4.667850112829907,-4.895636077482031
99.0,33.0,145.7809295654297,2.3285090499269563,-2.7072062425416124,4.089610832673296,4.0617702407353695,4.545429669773875,-4.264442892713317,4.986234314645133,-4.9142415342661945,4.9624232598548,-4.805275844570454
99.0,33.0,142.75289916992188,4.881871926553654,-3.947426219547138,4.774361539928589,4.551598025149122,2.8162349799032245,-4.729549049450268,4.99978510030142,-4.960225850813611,4.861022054018562,-4.831472400566045
99.0,33.0,140.77383422851562,4.045355131423493,-4.977536841155716,3.4540921715969035,4.757295146984987,4.98507650163184,-4.9539358890339935,4.933423775176704,-4.8500552569237145,4.688346272615842,-4.702315367279472
99.0,33.0,141.45089721679688,3.272708511549913,-4.62844872680145,4.727908875082869,2.098804505607686,4.997963241748167,-4.936603403260412,4.95979637856534,-4.997854893008988,4.76296431091972,-4.961252890918828
99.0,33.0,142.09336853027344,4.867730806680746,-4.001057002330424,4.988044686355719,4.505863485048218,4.361831476046207,-4.843623871770987,4.923490283945924,-4.600114484314925,4.854785718275211,-4.651175745675516
99.0,33.0,143.21893310546875,4.226542319859632,-3.366415827763105,2.498972359624548,4.38037305559324,4.879513190903926,-4.867108412166594,4.9335719593925695,-4.738767407938124,4.745943977965263,-4.970928622869771
99.0,33.0,142.8988037109375,4.921123913562836,-3.876367314438763,4.875261420825469,4.220946895238223,2.6467780267611705,-4.846287429377765,4.999709234583792,-4.983590970795005,4.8817372001864365,-4.851727906583754
99.0,33.0,146.05902099609375,2.543808667343765,-4.2489585437195405,3.40640832459754,4.988760368301993,4.751465105099119,-4.884770904562247,4.976687476324818,-4.082885438569203,4.641659333764888,-4.941970566868159
99.0,33.0,138.224365234375,4.245507867084124,-4.995882163702714,4.372132082044001,4.947674744158787,4.999519042932405,-4.691068654992332,4.987063528387832,-4.655824247099737,4.682846424518544,-4.926973361298637
99.0,33.0,139.48138427734375,4.204591673975967,-4.820939220994756,4.132477795987509,2.863086441464008,4.99326920938713,-4.991010801284644,4.798837202591626,-4.980189485142385,4.870917475250688,-4.958289692845702
99.0,33.0,142.06390380859375,4.244182513614893,-4.843847726129201,3.3484452503825475,2.43583951569686,4.60615030784741,-4.993684821569939,4.762774698575362,-4.99398660280272,4.912257088237444,-4.999168218908747
99.0,33.0,144.33441162109375,2.45710811349656,-4.2283523974179,3.303897158150172,3.629898666167869,4.053701111765514,-4.96243200330977,4.950171803642971,-4.999932313633157,4.8839763850831766,-4.876802434101931
99.0,33.0,139.4874725341797,4.227404019224501,-4.8954927069795255,4.307683717499341,4.456626469476398,4.762204758057365,-4.83414282387902,4.999741377997942,-4.720181636481162,4.763953644800985,-4.839333362332569
99.0,33.0,143.26931762695312,4.815415858872003,-4.631282391899605,4.996869239417986,4.67786911528658,3.223476932851135,-4.876787224625784,4.924426428280696,-4.912913859556094,4.574054122703021,-4.753128770098902
99.0,33.0,143.87754821777344,4.383597785774998,-4.664581176204335,3.044515436853974,4.075921100619467,4.94972196260461,-4.656323976897941,4.920324985746257,-4.47294244858944,4.794402850381715,-4.880490209286373
99.0,33.0,141.86251831054688,4.246726968699612,-4.570799339226976,3.219633945529742,4.573115909158695,4.999590082604792,-4.712557087645899,4.966100878776743,-4.980439125679734,4.683843839700895,-4.697496099369914
99.0,33.0,142.07479858398438,4.337475428784426,-4.890092442385245,3.49440995276468,4.341770670982551,4.716075274224112,-4.763754029984176,4.999436967187712,-4.561823254162123,4.753000749860807,-4.872386190198519
99.0,33.0,142.92794799804688,3.837185374698644,-2.690066618407389,2.790879472168037,4.902458486320291,4.480873277599675,-4.715395604406971,4.96229403452987,-4.999047662417117,4.802692738844499,-4.91728586970614
99.0,33.0,147.68177795410156,4.8690761485844325,-4.982232761281418,3.231400350112193,3.089378137150117,2.880624449806527,-4.834823115232156,4.999461419398616,-4.9424032472408,4.957264293684775,-4.659187169330732
99.0,33.0,144.5999298095703,4.948257827862285,-3.4526984718855043,3.423417576815428,4.083931595023786,3.785144249897593,-4.850376424135531,4.927874940184024,-4.988086404230352,4.804808802832699,-4.777304848238828
99.0,33.0,145.279296875,2.317837648244604,-4.999080701211107,4.449676873725963,1.4598120868969977,4.915848530307646,-4.838083664178961,4.998648513289303,-4.857686146465087,4.725000372729549,-4.963754807097019
99.0,33.0,142.6633758544922,3.621496454458688,-4.706488090886794,4.241205977385931,4.870307098320119,4.0080588664058965,-4.918665513156915,4.947152886763497,-4.875055630313973,4.724597651384767,-4.670215736009039
99.0,33.0,139.98585510253906,3.802913973107388,-4.203277101890825,2.3702203219649824,4.994200593848104,4.927763587689019,-4.949838635401559,4.968888462376983,-4.928796483928171,4.835202030744941,-4.875167326434521
99.0,33.0,139.98692321777344,4.828549871207727,-4.483923999954351,4.997844504646404,4.975849404934939,4.987378650924315,-4.900611223962925,4.899384468809394,-4.650169332494629,4.6482286567296764,-4.647053286826517
99.0,33.0,143.7559356689453,3.53853415339968,-4.996440426126626,4.43587740490468,2.782196847689229,4.6992186474275774,-4.76220755049996,4.995358616413024,-4.874397760518406,4.687533345137349,-4.819829820013142
99.0,33.0,143.8739471435547,4.673685999944002,-4.600092322396642,4.999981659338545,4.577436523207384,3.019199792797756,-4.823313096128416,4.965454774308192,-4.98899181773265,4.555074611918082,-4.758088976784849
99.0,33.0,139.0410919189453,4.581109773907574,-4.999075593337466,3.721026529600545,4.61162305169195,4.968307741748048,-4.999997696342615,4.870392107784635,-4.993993994866328,4.35533660922073,-4.995005381408719
99.0,33.0,139.39010620117188,3.0859768666718868,-4.416695950931286,3.73037349162672,4.998488346984549,4.94204615201928,-4.827892644028966,4.969959307519426,-4.999957785684539,4.851649146460694,-4.735019269815996
99.0,34.0,142.42568969726562,4.794312534195749,-4.565952878148778,3.800811363090669,4.925553283748883,4.023682140770499,-4.7290999322671965,4.969641398823439,-4.986741216033837,4.653849854943951,-4.69757927954497
99.0,34.0,140.27951049804688,4.0564668505000885,-4.997232299868566,4.691243690490235,4.950086015721073,4.999848290656072,-4.577700203560658,4.992770787056076,-4.736618186769031,4.553891381289261,-4.775850432388721
99.0,34.0,144.2270965576172,3.786700795561381,-4.998400304628701,3.612006704806735,3.2393390048441475,4.76805086357181,-4.696463360207673,4.8909514124331,-4.653962388546616,4.868818256134453,-4.831306040215935
99.0,34.0,144.64370727539062,3.898518478998872,-4.671705681307106,3.608401485959724,2.979136726010889,4.9163001393004855,-4.6024915727227445,4.959032666041963,-4.717429927463526,4.766975514011545,-4.879044507284014
99.0,34.0,143.5652618408203,3.3053242094401902,-4.987229763312112,4.276875684736747,1.9658760654224587,4.997647284050695,-4.790407641655129,4.986918043719187,-4.874878776835255,4.748334242129729,-4.929181483250343
99.0,34.0,142.36386108398438,4.635462897824954,-3.798721944557629,4.49502943327851,4.655962202580533,3.753292005480654,-4.399000191812543,4.908026353890201,-4.933716085621516,4.78379759910929,-4.9146590167047455
99.0,34.0,143.591064453125,4.939310176732281,-4.334781752560345,4.319722356105995,4.757822009563702,2.9481782310929443,-4.884409422670551,4.921253867422587,-4.355279684437313,4.916164057353779,-4.987336440848995
99.0,34.0,147.05482482910156,4.624809001867681,-3.0806331584653,1.771144943342171,3.659802536190649,3.757571719349539,-4.939293990509245,4.821453182862288,-4.818851246341147,4.941753926159462,-4.999741957189745
99.0,34.0,145.16114807128906,4.533617208621589,-4.987674492902588,1.585482121846417,4.984434985385206,4.614783663570861,-4.94805910926392,4.891288845916214,-4.210495036001502,4.724815888900979,-4.956090364887648
99.0,34.0,146.2256317138672,4.091017287215123,-2.869571263627472,3.5078998268075545,4.686788721715964,2.834831084818049,-4.877198889043153,4.981232333139031,-4.864770140428647,4.805458943975177,-4.935246907130441
99.0,34.0,142.4416046142578,4.436241759092907,-4.775423415088429,4.472547634463357,2.8698290595029308,4.6478569705930735,-4.966534636395457,4.999952637178135,-4.647346180235295,4.638459112812312,-4.97787944995754
99.0,34.0,142.4011993408203,4.97607694761016,-3.496930289771803,2.8789082212675643,4.342277802152105,4.551630463814066,-4.933388884511137,4.943157480851838,-4.985141941628608,4.548101015990836,-4.974172768753139
99.0,34.0,140.177978515625,4.588261773225828,-4.938634029040725,4.76990632609478,4.308405739191672,4.215020287554198,-4.825776829863488,4.996892868393669,-4.844841134627277,4.793386057234703,-4.742521475017098
99.0,34.0,142.54721069335938,4.86129199666826,-3.1492149272611094,3.989430545269127,4.567855334135137,4.98748976749721,-4.599380820001478,4.903889919396248,-4.650057001059789,4.723648421657801,-4.864053060953162
99.0,34.0,143.68850708007812,2.1500220812729465,-4.815604899143261,4.814171779968215,4.864839578893959,4.198580146774147,-4.68934456795073,4.990385052154623,-4.99996102263945,4.722505306654713,-4.542433508810318
99.0,34.0,142.22361755371094,4.508692766951933,-4.9821914159210845,3.30810530669318,4.975765596906384,4.766062294035826,-4.869872358850353,4.917943255821614,-4.385422802770234,4.742388017877689,-4.822721224017861
99.0,34.0,138.62425231933594,4.164435613427433,-4.329485750606082,3.430745169626144,4.926201147047417,4.871991484567809,-4.998719972923673,4.968427887706402,-4.931082805158741,4.7661443232773255,-4.84688233712817
99.0,34.0,139.70408630371094,4.225233049095932,-4.919811276915159,4.714025853652142,4.774900412747993,4.357508013929068,-4.762924101855616,4.999999947876606,-4.770103089259962,4.70442899630781,-4.832641637389755
99.0,34.0,143.43402099609375,2.7572599352512475,-4.613207658420131,4.492556125550724,2.612713143794803,4.765264311896428,-4.677680675563498,4.930946582187023,-4.938886298051936,4.944800039661341,-4.810750243559355
99.0,34.0,140.70272827148438,4.26694433964732,-4.999707208960915,2.948081785729724,4.701552363580752,4.9686777049133335,-4.999998281964263,4.854376608218891,-4.92452571446186,4.42197243956961,-4.967118576656031
99.0,34.0,142.3905029296875,4.95030431373793,-3.3084340293777275,3.56483926969835,4.03541594629308,4.908540352849828,-4.907307985520615,4.890088180386069,-4.989670272472262,4.739621366030305,-4.737548414593402
99.0,34.0,146.1126708984375,3.5846673002540244,-3.909775344593688,3.2803070099277343,4.599592357670026,3.589546665162805,-4.67746347758052,4.951263642580097,-4.875075330145574,4.667850112829907,-4.895636077482031
99.0,34.0,145.7809295654297,2.3285090499269563,-2.7072062425416124,4.089610832673296,4.0617702407353695,4.545429669773875,-4.264442892713317,4.986234314645133,-4.9142415342661945,4.9624232598548,-4.805275844570454
99.0,34.0,142.75289916992188,4.881871926553654,-3.947426219547138,4.774361539928589,4.551598025149122,2.8162349799032245,-4.729549049450268,4.99978510030142,-4.960225850813611,4.861022054018562,-4.831472400566045
99.0,34.0,140.77383422851562,4.045355131423493,-4.977536841155716,3.4540921715969035,4.757295146984987,4.98507650163184,-4.9539358890339935,4.933423775176704,-4.8500552569237145,4.688346272615842,-4.702315367279472
99.0,34.0,141.45089721679688,3.272708511549913,-4.62844872680145,4.727908875082869,2.098804505607686,4.997963241748167,-4.936603403260412,4.95979637856534,-4.997854893008988,4.76296431091972,-4.961252890918828
99.0,34.0,142.09336853027344,4.867730806680746,-4.001057002330424,4.988044686355719,4.505863485048218,4.361831476046207,-4.843623871770987,4.923490283945924,-4.600114484314925,4.854785718275211,-4.651175745675516
99.0,34.0,143.21360778808594,4.756325168199585,-4.973554132388228,4.999990613337872,4.55689371113578,3.1432267617143985,-4.726461971343459,4.970642800339699,-4.994664591252452,4.57566815729491,-4.7505903740000885
99.0,34.0,142.6916046142578,4.921123913562836,-4.896661801669984,4.489725678701355,4.947776796291354,2.6467780267611705,-4.970419142980996,4.999709234583792,-4.894968764122485,4.779120876633418,-4.736360337801052
99.0,34.0,142.7967529296875,4.822345763539621,-4.933758475395811,3.40640832459754,4.420907135414216,4.879108033085753,-4.807928634407387,4.976687476324818,-4.509603905767962,4.720532564668622,-4.749457561849516
99.0,34.0,138.224365234375,4.245507867084124,-4.995882163702714,4.372132082044001,4.947674744158787,4.999519042932405,-4.691068654992332,4.987063528387832,-4.655824247099737,4.682846424518544,-4.926973361298637
99.0,34.0,139.48138427734375,4.204591673975967,-4.820939220994756,4.132477795987509,2.863086441464008,4.99326920938713,-4.991010801284644,4.798837202591626,-4.980189485142385,4.870917475250688,-4.958289692845702
99.0,34.0,142.06390380859375,4.244182513614893,-4.843847726129201,3.3484452503825475,2.43583951569686,4.60615030784741,-4.993684821569939,4.762774698575362,-4.99398660280272,4.912257088237444,-4.999168218908747
99.0,34.0,143.0401611328125,2.45710811349656,-4.201114291665288,4.678529665677516,4.645980874768611,3.892042501765809,-4.806235298931294,4.964218934374762,-4.983234664294077,4.730333022793756,-4.785100966409909
99.0,34.0,139.4874725341797,4.227404019224501,-4.8954927069795255,4.307683717499341,4.456626469476398,4.762204758057365,-4.83414282387902,4.999741377997942,-4.720181636481162,4.763953644800985,-4.839333362332569
99.0,34.0,143.26931762695312,4.815415858872003,-4.631282391899605,4.996869239417986,4.67786911528658,3.223476932851135,-4.876787224625784,4.924426428280696,-4.912913859556094,4.574054122703021,-4.753128770098902
99.0,34.0,141.1346893310547,2.4476645184647685,-4.796976159597575,3.044515436853974,4.999632131631686,4.243074600852077,-4.866933972818487,4.993646169111351,-4.9999897716795685,4.823749992046747,-4.880490209286373
99.0,34.0,139.41433715820312,4.476814479280883,-4.9007773598257005,4.626042599222987,2.847673181896292,4.994405007689907,-4.751911452669339,4.762234212967211,-4.9992749051849374,4.860086802817745,-4.947995747632854
99.0,34.0,142.07479858398438,4.337475428784426,-4.890092442385245,3.49440995276468,4.341770670982551,4.716075274224112,-4.763754029984176,4.999436967187712,-4.561823254162123,4.753000749860807,-4.872386190198519
99.0,34.0,140.62950134277344,3.98019770013136,-4.217424969855831,2.9812474069529804,4.995105692613233,4.97216086311108,-4.715395604406971,4.937298536573016,-4.995021032267791,4.639898346372674,-4.887205705703996
99.0,34.0,142.9849853515625,4.785923287000553,-4.59177536857394,4.280430596649065,4.994625189510006,4.101709365875477,-4.834823115232156,4.98339084193337,-4.849838732873058,4.579698133225722,-4.61766185125688
99.0,34.0,144.5999298095703,4.948257827862285,-3.4526984718855043,3.423417576815428,4.083931595023786,3.785144249897593,-4.850376424135531,4.927874940184024,-4.988086404230352,4.804808802832699,-4.777304848238828
99.0,34.0,136.32186889648438,4.965795507224668,-3.356243177761038,4.878413634714151,4.0045284151201805,4.915848530307646,-4.737032399470939,4.999880811456892,-4.99951905449849,4.949840282745228,-4.963754807097019
99.0,34.0,141.24224853515625,4.577514813423988,-4.969169023473872,4.241205977385931,4.409297990986321,3.893979253216336,-4.918665513156915,4.9982165906301885,-4.739673116417391,4.80367863553816,-4.8100942440270185
99.0,34.0,139.98585510253906,3.802913973107388,-4.203277101890825,2.3702203219649824,4.994200593848104,4.927763587689019,-4.949838635401559,4.968888462376983,-4.928796483928171,4.835202030744941,-4.875167326434521
99.0,34.0,139.98692321777344,4.828549871207727,-4.483923999954351,4.997844504646404,4.975849404934939,4.987378650924315,-4.900611223962925,4.899384468809394,-4.650169332494629,4.6482286567296764,-4.647053286826517
99.0,34.0,139.5167236328125,4.91004080314716,-4.996440426126626,4.347152824468496,4.246381891305296,4.9437586992109415,-4.903931709338343,4.995358616413024,-4.795684312514548,4.764609823751561,-4.674483863311746
99.0,34.0,143.8739471435547,4.673685999944002,-4.600092322396642,4.999981659338545,4.577436523207384,3.019199792797756,-4.823313096128416,4.965454774308192,-4.98899181773265,4.555074611918082,-4.758088976784849
99.0,34.0,139.0410919189453,4.581109773907574,-4.999075593337466,3.721026529600545,4.61162305169195,4.968307741748048,-4.999997696342615,4.870392107784635,-4.993993994866328,4.35533660922073,-4.995005381408719
99.0,34.0,139.39010620117188,3.0859768666718868,-4.416695950931286,3.73037349162672,4.998488346984549,4.94204615201928,-4.827892644028966,4.969959307519426,-4.999957785684539,4.851649146460694,-4.735019269815996
99.0,35.0,142.42568969726562,4.794312534195749,-4.565952878148778,3.800811363090669,4.925553283748883,4.023682140770499,-4.7290999322671965,4.969641398823439,-4.986741216033837,4.653849854943951,-4.69757927954497
99.0,35.0,140.27951049804688,4.0564668505000885,-4.997232299868566,4.691243690490235,4.950086015721073,4.999848290656072,-4.577700203560658,4.992770787056076,-4.736618186769031,4.553891381289261,-4.775850432388721
99.0,35.0,144.2270965576172,3.786700795561381,-4.998400304628701,3.612006704806735,3.2393390048441475,4.76805086357181,-4.696463360207673,4.8909514124331,-4.653962388546616,4.868818256134453,-4.831306040215935
99.0,35.0,143.67623901367188,4.9503888016203454,-4.590457784968521,4.593493744083041,4.812004609316679,4.089434844606924,-4.78679012173002,4.99113431402226,-4.717429927463526,4.784334740491137,-4.457401092208394
99.0,35.0,143.5652618408203,3.3053242094401902,-4.987229763312112,4.276875684736747,1.9658760654224587,4.997647284050695,-4.790407641655129,4.986918043719187,-4.874878776835255,4.748334242129729,-4.929181483250343
99.0,35.0,142.36386108398438,4.635462897824954,-3.798721944557629,4.49502943327851,4.655962202580533,3.753292005480654,-4.399000191812543,4.908026353890201,-4.933716085621516,4.78379759910929,-4.9146590167047455
99.0,35.0,138.9066925048828,4.483284341260122,-4.309593346520996,4.22845165200718,4.608184831744822,4.29216414213721,-4.884409422670551,4.907242099054585,-4.823439718423406,4.916164057353779,-4.903969938435232
99.0,35.0,145.0656280517578,3.217293315242538,-2.768623801200404,4.92436604107238,3.949404381293523,4.60264637631237,-4.212437957231883,4.9894112040277605,-4.799298193056391,4.902762761985331,-4.781351558622145
99.0,35.0,142.65182495117188,3.1980913561365263,-3.87518833511328,2.109968145383516,4.831220130808676,4.710695849885171,-4.94805910926392,4.959699584255311,-4.872963540984038,4.724815888900979,-4.974195725403052
99.0,35.0,140.78305053710938,4.706669972998819,-4.996967936091688,3.3212028876640853,4.308439811491979,4.9860650976632925,-4.992274302256266,4.939819533368373,-4.763451260879153,4.698058737577325,-4.778998663247337
99.0,35.0,142.4416046142578,4.436241759092907,-4.775423415088429,4.472547634463357,2.8698290595029308,4.6478569705930735,-4.966534636395457,4.999952637178135,-4.647346180235295,4.638459112812312,-4.97787944995754
99.0,35.0,142.4011993408203,4.97607694761016,-3.496930289771803,2.8789082212675643,4.342277802152105,4.551630463814066,-4.933388884511137,4.943157480851838,-4.985141941628608,4.548101015990836,-4.974172768753139
99.0,35.0,139.98255920410156,4.398875949097454,-4.632835287209165,3.9846247044800815,4.735965501801662,4.215020287554198,-4.894486300368312,4.96714737532284,-4.956272005470225,4.747127433794095,-4.817504001779756
99.0,35.0,142.54721069335938,4.86129199666826,-3.1492149272611094,3.989430545269127,4.567855334135137,4.98748976749721,-4.599380820001478,4.903889919396248,-4.650057001059789,4.723648421657801,-4.864053060953162
99.0,35.0,136.42872619628906,4.436606495444232,-3.883274265075896,4.068808523062078,4.217701044976664,4.885985440403551,-4.912261307170979,4.999894628295191,-4.999663895855862,4.953679916462987,-4.969311939837699
99.0,35.0,142.22361755371094,4.508692766951933,-4.9821914159210845,3.30810530669318,4.975765596906384,4.766062294035826,-4.869872358850353,4.917943255821614,-4.385422802770234,4.742388017877689,-4.822721224017861
99.0,35.0,138.62425231933594,4.164435613427433,-4.329485750606082,3.430745169626144,4.926201147047417,4.871991484567809,-4.998719972923673,4.968427887706402,-4.931082805158741,4.7661443232773255,-4.84688233712817
99.0,35.0,139.70408630371094,4.225233049095932,-4.919811276915159,4.714025853652142,4.774900412747993,4.357508013929068,-4.762924101855616,4.999999947876606,-4.770103089259962,4.70442899630781,-4.832641637389755
99.0,35.0,142.32723999023438,4.682216131556358,-4.999005523828089,4.573261921059215,4.621727177720074,4.886862851758488,-4.545630896538263,4.99369267774045,-4.517550921007823,4.504567182989317,-4.810750243559355
99.0,35.0,138.32923889160156,4.26694433964732,-4.809396275041378,3.709338447233362,4.751793539799081,4.936752431875235,-4.808277053709806,4.997456167238523,-4.850339964112251,4.773989323055279,-4.874531344962247
99.0,35.0,141.78536987304688,4.314792941357655,-4.736380858880265,4.670806041616488,2.810017530377104,4.329064348196303,-4.907307985520615,4.928601611798571,-4.989670272472262,4.74127329819372,-4.898790352419127
99.0,35.0,146.1126708984375,3.5846673002540244,-3.909775344593688,3.2803070099277343,4.599592357670026,3.589546665162805,-4.67746347758052,4.951263642580097,-4.875075330145574,4.667850112829907,-4.895636077482031
99.0,35.0,141.44204711914062,4.986632596057572,-3.477478883714307,4.089610832673296,4.117833098255447,4.166602356775245,-4.869309354925885,4.974892027460321,-4.982534880480388,4.600620908300266,-4.994275822621951
99.0,35.0,142.75289916992188,4.881871926553654,-3.947426219547138,4.774361539928589,4.551598025149122,2.8162349799032245,-4.729549049450268,4.99978510030142,-4.960225850813611,4.861022054018562,-4.831472400566045
99.0,35.0,138.48104858398438,4.173910345686914,-4.291503975213104,2.747954867991347,4.757295146984987,4.996312631526981,-4.999344762825049,4.849815263055779,-4.9729206107035,4.870058369242143,-4.930145627887666
99.0,35.0,141.45089721679688,3.272708511549913,-4.62844872680145,4.727908875082869,2.098804505607686,4.997963241748167,-4.936603403260412,4.95979637856534,-4.997854893008988,4.76296431091972,-4.961252890918828
99.0,35.0,142.09336853027344,4.867730806680746,-4.001057002330424,4.988044686355719,4.505863485048218,4.361831476046207,-4.843623871770987,4.923490283945924,-4.600114484314925,4.854785718275211,-4.651175745675516
99.0,35.0,141.6559295654297,3.642389676892003,-4.267035150872196,2.9224506086243034,4.99505466654695,4.976929445539691,-4.575720360412639,4.930975683475036,-4.875448773756417,4.591761120315237,-4.982512217452788
99.0,35.0,138.7630157470703,4.883400649317816,-4.998707790421761,4.094207504475899,4.9724191376579485,4.984849271781082,-4.7958636823360745,4.928800560420557,-4.715381856115274,4.486347608064045,-4.959885310377825
99.0,35.0,142.7967529296875,4.822345763539621,-4.933758475395811,3.40640832459754,4.420907135414216,4.879108033085753,-4.807928634407387,4.976687476324818,-4.509603905767962,4.720532564668622,-4.749457561849516
99.0,35.0,138.224365234375,4.245507867084124,-4.995882163702714,4.372132082044001,4.947674744158787,4.999519042932405,-4.691068654992332,4.987063528387832,-4.655824247099737,4.682846424518544,-4.926973361298637
99.0,35.0,139.48138427734375,4.204591673975967,-4.820939220994756,4.132477795987509,2.863086441464008,4.99326920938713,-4.991010801284644,4.798837202591626,-4.980189485142385,4.870917475250688,-4.958289692845702
99.0,35.0,142.06390380859375,4.244182513614893,-4.843847726129201,3.3484452503825475,2.43583951569686,4.60615030784741,-4.993684821569939,4.762774698575362,-4.99398660280272,4.912257088237444,-4.999168218908747
99.0,35.0,143.0401611328125,2.45710811349656,-4.201114291665288,4.678529665677516,4.645980874768611,3.892042501765809,-4.806235298931294,4.964218934374762,-4.983234664294077,4.730333022793756,-4.785100966409909
99.0,35.0,139.4874725341797,4.227404019224501,-4.8954927069795255,4.307683717499341,4.456626469476398,4.762204758057365,-4.83414282387902,4.999741377997942,-4.720181636481162,4.763953644800985,-4.839333362332569
99.0,35.0,141.79185485839844,4.814801864236688,-4.2564450302628245,3.506427986887737,4.294879154314811,4.861091826637168,-4.99999977912448,4.882999220299747,-4.99443062163884,4.258193108277304,-4.995446583068598
99.0,35.0,141.1346893310547,2.4476645184647685,-4.796976159597575,3.044515436853974,4.999632131631686,4.243074600852077,-4.866933972818487,4.993646169111351,-4.9999897716795685,4.823749992046747,-4.880490209286373
99.0,35.0,139.41433715820312,4.476814479280883,-4.9007773598257005,4.626042599222987,2.847673181896292,4.994405007689907,-4.751911452669339,4.762234212967211,-4.9992749051849374,4.860086802817745,-4.947995747632854
99.0,35.0,142.07479858398438,4.337475428784426,-4.890092442385245,3.49440995276468,4.341770670982551,4.716075274224112,-4.763754029984176,4.999436967187712,-4.561823254162123,4.753000749860807,-4.872386190198519
99.0,35.0,140.62950134277344,3.98019770013136,-4.217424969855831,2.9812474069529804,4.995105692613233,4.97216086311108,-4.715395604406971,4.937298536573016,-4.995021032267791,4.639898346372674,-4.887205705703996
99.0,35.0,142.9849853515625,4.785923287000553,-4.59177536857394,4.280430596649065,4.994625189510006,4.101709365875477,-4.834823115232156,4.98339084193337,-4.849838732873058,4.579698133225722,-4.61766185125688
99.0,35.0,141.60166931152344,2.830678261463558,-4.766123238344436,4.415401468369314,3.501792354281852,4.799652493062105,-4.853402833719123,4.918142136754393,-4.988086404230352,4.905485418963489,-4.722385673557085
99.0,35.0,136.32186889648438,4.965795507224668,-3.356243177761038,4.878413634714151,4.0045284151201805,4.915848530307646,-4.737032399470939,4.999880811456892,-4.99951905449849,4.949840282745228,-4.963754807097019
99.0,35.0,141.24224853515625,4.577514813423988,-4.969169023473872,4.241205977385931,4.409297990986321,3.893979253216336,-4.918665513156915,4.9982165906301885,-4.739673116417391,4.80367863553816,-4.8100942440270185
99.0,35.0,139.98585510253906,3.802913973107388,-4.203277101890825,2.3702203219649824,4.994200593848104,4.927763587689019,-4.949838635401559,4.968888462376983,-4.928796483928171,4.835202030744941,-4.875167326434521
99.0,35.0,139.98692321777344,4.828549871207727,-4.483923999954351,4.997844504646404,4.975849404934939,4.987378650924315,-4.900611223962925,4.899384468809394,-4.650169332494629,4.6482286567296764,-4.647053286826517
99.0,35.0,139.5167236328125,4.91004080314716,-4.996440426126626,4.347152824468496,4.246381891305296,4.9437586992109415,-4.903931709338343,4.995358616413024,-4.795684312514548,4.764609823751561,-4.674483863311746
99.0,35.0,143.8739471435547,4.673685999944002,-4.600092322396642,4.999981659338545,4.577436523207384,3.019199792797756,-4.823313096128416,4.965454774308192,-4.98899181773265,4.555074611918082,-4.758088976784849
99.0,35.0,139.0410919189453,4.581109773907574,-4.999075593337466,3.721026529600545,4.61162305169195,4.968307741748048,-4.999997696342615,4.870392107784635,-4.993993994866328,4.35533660922073,-4.995005381408719
99.0,35.0,139.39010620117188,3.0859768666718868,-4.416695950931286,3.73037349162672,4.998488346984549,4.94204615201928,-4.827892644028966,4.969959307519426,-4.999957785684539,4.851649146460694,-4.735019269815996
99.0,36.0,142.42568969726562,4.794312534195749,-4.565952878148778,3.800811363090669,4.925553283748883,4.023682140770499,-4.7290999322671965,4.969641398823439,-4.986741216033837,4.653849854943951,-4.69757927954497
99.0,36.0,140.27951049804688,4.0564668505000885,-4.997232299868566,4.691243690490235,4.950086015721073,4.999848290656072,-4.577700203560658,4.992770787056076,-4.736618186769031,4.553891381289261,-4.775850432388721
99.0,36.0,140.94921875,2.731250060273197,-4.808399398603569,4.202291013261098,3.282661775479917,4.76805086357181,-4.977652540426456,4.964076273956888,-4.991779971793742,4.9904265776403385,-4.749712135123561
99.0,36.0,142.69302368164062,4.388456826481527,-4.815496921884898,4.547286792963174,4.1789221276163335,3.9350436645317055,-4.867941168920439,4.963224625463118,-4.99393854388163,4.810712004268078,-4.567516007597118
99.0,36.0,143.50820922851562,3.4752372351862983,-4.151773156662168,4.80206834543567,2.950766927234101,3.908878227854825,-4.925422201650877,4.994973440406444,-4.978330365823325,4.76343193652013,-4.902991217385424
99.0,36.0,142.36386108398438,4.635462897824954,-3.798721944557629,4.49502943327851,4.655962202580533,3.753292005480654,-4.399000191812543,4.908026353890201,-4.933716085621516,4.78379759910929,-4.9146590167047455
99.0,36.0,138.9066925048828,4.483284341260122,-4.309593346520996,4.22845165200718,4.608184831744822,4.29216414213721,-4.884409422670551,4.907242099054585,-4.823439718423406,4.916164057353779,-4.903969938435232
99.0,36.0,140.22210693359375,4.095126790761084,-4.998808423521113,3.845464576879978,4.977687257430201,4.999915219864208,-4.826292978438506,4.92236703212944,-4.672708319126095,4.430003702119628,-4.990213362656845
99.0,36.0,142.65182495117188,3.1980913561365263,-3.87518833511328,2.109968145383516,4.831220130808676,4.710695849885171,-4.94805910926392,4.959699584255311,-4.872963540984038,4.724815888900979,-4.974195725403052
99.0,36.0,140.78305053710938,4.706669972998819,-4.996967936091688,3.3212028876640853,4.308439811491979,4.9860650976632925,-4.992274302256266,4.939819533368373,-4.763451260879153,4.698058737577325,-4.778998663247337
99.0,36.0,140.9016876220703,4.916908510195458,-4.752316775094024,4.96774478711948,4.921752665455722,4.363338958757918,-4.495691396829821,4.957906105837768,-4.695779593574281,4.443217222997618,-4.9521420047863645
99.0,36.0,140.11598205566406,4.206945922670423,-4.808021235625546,4.187856574471095,3.4143323181290084,4.759079841284727,-4.984113897025177,4.905628215099839,-4.882364255502486,4.857989170167057,-4.854991528106102
99.0,36.0,139.98255920410156,4.398875949097454,-4.632835287209165,3.9846247044800815,4.735965501801662,4.215020287554198,-4.894486300368312,4.96714737532284,-4.956272005470225,4.747127433794095,-4.817504001779756
99.0,36.0,140.9453125,4.808385902509487,-4.309461164632557,3.543431250594105,4.567855334135137,4.2852725456408205,-4.996400577087322,4.880766472210734,-4.836856255478467,4.723648421657801,-4.905544053864539
99.0,36.0,136.42872619628906,4.436606495444232,-3.883274265075896,4.068808523062078,4.217701044976664,4.885985440403551,-4.912261307170979,4.999894628295191,-4.999663895855862,4.953679916462987,-4.969311939837699
99.0,36.0,142.1082763671875,3.674456182427398,-4.896172028418444,4.590904029357112,1.7074202689548736,4.99646809497226,-4.695149418827732,4.917943255821614,-4.999645911731318,4.851949012006829,-4.96458309895722
99.0,36.0,138.62425231933594,4.164435613427433,-4.329485750606082,3.430745169626144,4.926201147047417,4.871991484567809,-4.998719972923673,4.968427887706402,-4.931082805158741,4.7661443232773255,-4.84688233712817
99.0,36.0,138.75677490234375,4.4821385005221615,-4.386159732903296,2.940389396612616,4.86760794591442,4.999222386214044,-4.993138077138184,4.815487459646796,-4.905441556705011,4.726237511746525,-4.972822610595455
99.0,36.0,141.55450439453125,4.877104835018103,-3.961762488473653,4.997157178546165,4.991054978996915,4.156560051224837,-4.876854242594959,4.978014551667677,-4.658184834671598,4.77259108836189,-4.651843544262427
99.0,36.0,138.32923889160156,4.26694433964732,-4.809396275041378,3.709338447233362,4.751793539799081,4.936752431875235,-4.808277053709806,4.997456167238523,-4.850339964112251,4.773989323055279,-4.874531344962247
99.0,36.0,141.78536987304688,4.314792941357655,-4.736380858880265,4.670806041616488,2.810017530377104,4.329064348196303,-4.907307985520615,4.928601611798571,-4.989670272472262,4.74127329819372,-4.898790352419127
99.0,36.0,142.96963500976562,4.205677159040252,-4.808779936026939,3.9293067279111087,2.7039494698282103,4.999088708359074,-4.996988238744447,4.798707917652294,-4.875075330145574,4.667850112829907,-4.895636077482031
99.0,36.0,141.44204711914062,4.986632596057572,-3.477478883714307,4.089610832673296,4.117833098255447,4.166602356775245,-4.869309354925885,4.974892027460321,-4.982534880480388,4.600620908300266,-4.994275822621951
99.0,36.0,142.49916076660156,4.973559853128045,-4.98812085219919,4.42780532347853,4.612205117585021,4.61529294332949,-4.835638326933545,4.9946756515801845,-4.7361625750258725,4.80147314097004,-4.4020925406593125
99.0,36.0,138.48104858398438,4.173910345686914,-4.291503975213104,2.747954867991347,4.757295146984987,4.996312631526981,-4.999344762825049,4.849815263055779,-4.9729206107035,4.870058369242143,-4.930145627887666
99.0,36.0,141.45089721679688,3.272708511549913,-4.62844872680145,4.727908875082869,2.098804505607686,4.997963241748167,-4.936603403260412,4.95979637856534,-4.997854893008988,4.76296431091972,-4.961252890918828
99.0,36.0,142.09336853027344,4.867730806680746,-4.001057002330424,4.988044686355719,4.505863485048218,4.361831476046207,-4.843623871770987,4.923490283945924,-4.600114484314925,4.854785718275211,-4.651175745675516
99.0,36.0,138.21237182617188,4.112389935787485,-4.963897270667258,3.882144448520323,3.678317535992224,4.956152273542144,-4.766821222428398,4.886877852755443,-4.925058050268191,4.91418365785129,-4.991652198763372
99.0,36.0,138.7630157470703,4.883400649317816,-4.998707790421761,4.094207504475899,4.9724191376579485,4.984849271781082,-4.7958636823360745,4.928800560420557,-4.715381856115274,4.486347608064045,-4.959885310377825
99.0,36.0,142.7967529296875,4.822345763539621,-4.933758475395811,3.40640832459754,4.420907135414216,4.879108033085753,-4.807928634407387,4.976687476324818,-4.509603905767962,4.720532564668622,-4.749457561849516
99.0,36.0,138.224365234375,4.245507867084124,-4.995882163702714,4.372132082044001,4.947674744158787,4.999519042932405,-4.691068654992332,4.987063528387832,-4.655824247099737,4.682846424518544,-4.926973361298637
99.0,36.0,139.48138427734375,4.204591673975967,-4.820939220994756,4.132477795987509,2.863086441464008,4.99326920938713,-4.991010801284644,4.798837202591626,-4.980189485142385,4.870917475250688,-4.958289692845702
99.0,36.0,139.6118927001953,4.3851217412488985,-4.9034458605490645,3.3484452503825475,4.561145635738872,4.98256196399544,-4.944446974441998,4.940868308781123,-4.790779086678004,4.702748487229184,-4.879022404072587
99.0,36.0,138.90411376953125,4.727132289498536,-3.673066883822248,4.678529665677516,4.027974173454051,4.843340254101118,-4.618909524900786,4.999927863402761,-4.783215370760132,4.958647892792558,-4.90222461066198
99.0,36.0,139.4874725341797,4.227404019224501,-4.8954927069795255,4.307683717499341,4.456626469476398,4.762204758057365,-4.83414282387902,4.999741377997942,-4.720181636481162,4.763953644800985,-4.839333362332569
99.0,36.0,141.29928588867188,4.889552660691555,-4.462031724635962,3.953729010908321,3.5566741995427944,4.41531853322079,-4.838304370864538,4.938179811707883,-4.993137586490981,4.608479761898312,-4.981200368492582
99.0,36.0,141.1346893310547,2.4476645184647685,-4.796976159597575,3.044515436853974,4.999632131631686,4.243074600852077,-4.866933972818487,4.993646169111351,-4.9999897716795685,4.823749992046747,-4.880490209286373
99.0,36.0,139.41433715820312,4.476814479280883,-4.9007773598257005,4.626042599222987,2.847673181896292,4.994405007689907,-4.751911452669339,4.762234212967211,-4.9992749051849374,4.860086802817745,-4.947995747632854
99.0,36.0,142.07479858398438,4.337475428784426,-4.890092442385245,3.49440995276468,4.341770670982551,4.716075274224112,-4.763754029984176,4.999436967187712,-4.561823254162123,4.753000749860807,-4.872386190198519
99.0,36.0,140.62950134277344,3.98019770013136,-4.217424969855831,2.9812474069529804,4.995105692613233,4.97216086311108,-4.715395604406971,4.937298536573016,-4.995021032267791,4.639898346372674,-4.887205705703996
99.0,36.0,138.1009521484375,3.9818610519111504,-4.842926079394751,3.833553830827393,4.994625189510006,4.621920582301422,-4.834823115232156,4.823964038211082,-4.865298698754072,4.914164952645392,-4.889590744398749
99.0,36.0,140.48976135253906,3.5919208122365367,-4.443279915117286,4.298477324088098,4.648827627217901,4.908710271493355,-4.852973215890426,4.927014686480808,-4.999973373548578,4.563144685226876,-4.7951588981330335
99.0,36.0,136.32186889648438,4.965795507224668,-3.356243177761038,4.878413634714151,4.0045284151201805,4.915848530307646,-4.737032399470939,4.999880811456892,-4.99951905449849,4.949840282745228,-4.963754807097019
99.0,36.0,140.51197814941406,4.999423065756274,-2.710554251402204,4.781612673648032,3.9492119703242623,4.266488984817013,-4.855948539669266,4.975113949594911,-4.994867069182874,4.699040674742477,-4.999260670620754
99.0,36.0,139.44293212890625,3.113557654709344,-4.309183959804227,4.805655272104197,4.514719452177168,4.927763587689019,-4.839532127100967,4.962812968276469,-4.96139177418692,4.678072166460456,-4.82634333239179
99.0,36.0,139.98692321777344,4.828549871207727,-4.483923999954351,4.997844504646404,4.975849404934939,4.987378650924315,-4.900611223962925,4.899384468809394,-4.650169332494629,4.6482286567296764,-4.647053286826517
99.0,36.0,139.5167236328125,4.91004080314716,-4.996440426126626,4.347152824468496,4.246381891305296,4.9437586992109415,-4.903931709338343,4.995358616413024,-4.795684312514548,4.764609823751561,-4.674483863311746
99.0,36.0,140.0713348388672,3.5915429511094006,-4.711921031625895,4.999981659338545,4.715912736649651,4.590400507334415,-4.919848027610534,4.852525256382949,-4.994465914435182,4.401273564211452,-4.898616139634903
99.0,36.0,139.0410919189453,4.581109773907574,-4.999075593337466,3.721026529600545,4.61162305169195,4.968307741748048,-4.999997696342615,4.870392107784635,-4.993993994866328,4.35533660922073,-4.995005381408719
99.0,36.0,139.39010620117188,3.0859768666718868,-4.416695950931286,3.73037349162672,4.998488346984549,4.94204615201928,-4.827892644028966,4.969959307519426,-4.999957785684539,4.851649146460694,-4.735019269815996
99.0,37.0,141.26925659179688,4.794312534195749,-2.75011228290452,4.719853049321374,4.633664268943877,4.0694786429847145,-4.836265131369178,4.992425456427184,-4.986741216033837,4.733760027779656,-4.83362349820975
99.0,37.0,140.27951049804688,4.0564668505000885,-4.997232299868566,4.691243690490235,4.950086015721073,4.999848290656072,-4.577700203560658,4.992770787056076,-4.736618186769031,4.553891381289261,-4.775850432388721
99.0,37.0,140.475341796875,4.061980241680116,-4.516719203441902,3.354474949339647,4.787343454612016,4.832042184459645,-4.5976002379865335,4.984100002496299,-4.789472353997102,4.9904265776403385,-4.749712135123561
99.0,37.0,138.171875,4.714147099120458,-4.81336460691587,4.783452635583105,4.972335942123404,4.764191651244319,-4.867941168920439,4.9056561459999255,-4.99393854388163,4.32057507345785,-4.952506784179748
99.0,37.0,142.82861328125,4.2749841520009415,-4.817193969881703,4.210455617293489,2.950766927234101,4.979772501557428,-4.604081744285406,4.9735544046700255,-4.622135995731743,4.824129406481134,-4.897700956680025
99.0,37.0,140.10604858398438,4.109242028637629,-4.445424619693204,4.333619285555455,3.6876354566617073,4.542007663264021,-4.80731650255784,4.908026353890201,-4.8964595395463535,4.995069002982513,-4.837631315705673
99.0,37.0,138.9066925048828,4.483284341260122,-4.309593346520996,4.22845165200718,4.608184831744822,4.29216414213721,-4.884409422670551,4.907242099054585,-4.823439718423406,4.916164057353779,-4.903969938435232
99.0,37.0,140.22210693359375,4.095126790761084,-4.998808423521113,3.845464576879978,4.977687257430201,4.999915219864208,-4.826292978438506,4.92236703212944,-4.672708319126095,4.430003702119628,-4.990213362656845
99.0,37.0,140.70492553710938,2.0404305398274425,-4.535978930062617,4.137627013565881,3.3009730302963574,4.914759527653743,-4.986319984904897,4.9302457914072,-4.996839647349725,4.871262349768756,-4.946245313860421
99.0,37.0,139.90623474121094,4.670197683196812,-4.99975764088002,3.301320867556271,4.848008222837565,4.994530767467631,-4.980164235051026,4.888012154625278,-4.948201410454087,4.277716267751794,-4.997782153740123
99.0,37.0,140.9016876220703,4.916908510195458,-4.752316775094024,4.96774478711948,4.921752665455722,4.363338958757918,-4.495691396829821,4.957906105837768,-4.695779593574281,4.443217222997618,-4.9521420047863645
99.0,37.0,139.6697235107422,4.893286872708339,-4.998554616612131,3.910384183146705,4.271715127406409,4.990659136396547,-4.961699862570337,4.9808058437044185,-4.805485443785044,4.786175016284775,-4.678355516107477
99.0,37.0,139.98255920410156,4.398875949097454,-4.632835287209165,3.9846247044800815,4.735965501801662,4.215020287554198,-4.894486300368312,4.96714737532284,-4.956272005470225,4.747127433794095,-4.817504001779756
99.0,37.0,140.9453125,4.808385902509487,-4.309461164632557,3.543431250594105,4.567855334135137,4.2852725456408205,-4.996400577087322,4.880766472210734,-4.836856255478467,4.723648421657801,-4.905544053864539
99.0,37.0,136.42872619628906,4.436606495444232,-3.883274265075896,4.068808523062078,4.217701044976664,4.885985440403551,-4.912261307170979,4.999894628295191,-4.999663895855862,4.953679916462987,-4.969311939837699
99.0,37.0,142.1082763671875,3.674456182427398,-4.896172028418444,4.590904029357112,1.7074202689548736,4.99646809497226,-4.695149418827732,4.917943255821614,-4.999645911731318,4.851949012006829,-4.96458309895722
99.0,37.0,138.62425231933594,4.164435613427433,-4.329485750606082,3.430745169626144,4.926201147047417,4.871991484567809,-4.998719972923673,4.968427887706402,-4.931082805158741,4.7661443232773255,-4.84688233712817
99.0,37.0,136.6900634765625,4.235093068717881,-4.809993083335561,3.610420049118468,4.86760794591442,4.707239150535367,-4.993138077138184,4.81823487404087,-4.987852483400581,4.851043027835006,-4.971623453846724
99.0,37.0,141.55450439453125,4.877104835018103,-3.961762488473653,4.997157178546165,4.991054978996915,4.156560051224837,-4.876854242594959,4.978014551667677,-4.658184834671598,4.77259108836189,-4.651843544262427
99.0,37.0,138.32923889160156,4.26694433964732,-4.809396275041378,3.709338447233362,4.751793539799081,4.936752431875235,-4.808277053709806,4.997456167238523,-4.850339964112251,4.773989323055279,-4.874531344962247
99.0,37.0,141.78536987304688,4.314792941357655,-4.736380858880265,4.670806041616488,2.810017530377104,4.329064348196303,-4.907307985520615,4.928601611798571,-4.989670272472262,4.74127329819372,-4.898790352419127
99.0,37.0,141.82589721679688,3.5600504635652084,-4.806091509296462,4.949499184582093,2.7039494698282103,4.999088708359074,-4.907179416543028,4.973560516694012,-4.887800177786811,4.7901371645076924,-4.753547160358606
99.0,37.0,141.2700958251953,4.281653996591247,-4.279333455943839,4.471005942229603,4.824924608630389,4.111843451290202,-4.869309354925885,4.848789963769565,-4.86069952446144,4.600620908300266,-4.909254108598313
99.0,37.0,139.48162841796875,4.635890211322806,-4.673509920638251,3.373539378819163,4.993730074058895,4.908033836051336,-4.835638326933545,4.983406797096205,-4.818696011449797,4.704053930691728,-4.821635887126636
99.0,37.0,138.48104858398438,4.173910345686914,-4.291503975213104,2.747954867991347,4.757295146984987,4.996312631526981,-4.999344762825049,4.849815263055779,-4.9729206107035,4.870058369242143,-4.930145627887666
99.0,37.0,141.45089721679688,3.272708511549913,-4.62844872680145,4.727908875082869,2.098804505607686,4.997963241748167,-4.936603403260412,4.95979637856534,-4.997854893008988,4.76296431091972,-4.961252890918828
99.0,37.0,141.10873413085938,4.789353667606115,-3.967184761052849,4.064776756861175,4.794757860998749,3.798777111762284,-4.830646858459031,4.972500186056276,-4.991732245365311,4.7135128315292745,-4.866823874349716
99.0,37.0,137.7109375,4.224871588223149,-3.7328126709825726,4.357916713003348,4.375230228170388,4.553941567637773,-4.766821222428398,4.995124577794202,-4.999735092820826,4.91418365785129,-4.976946518421597
99.0,37.0,138.7630157470703,4.883400649317816,-4.998707790421761,4.094207504475899,4.9724191376579485,4.984849271781082,-4.7958636823360745,4.928800560420557,-4.715381856115274,4.486347608064045,-4.959885310377825
99.0,37.0,142.71383666992188,4.375732890462109,-4.479858890811597,4.713892893067371,3.143722327098584,4.329721124826814,-4.861476446373944,4.908384079519082,-4.93302930828,4.716358257769896,-4.832817664208717
99.0,37.0,138.224365234375,4.245507867084124,-4.995882163702714,4.372132082044001,4.947674744158787,4.999519042932405,-4.691068654992332,4.987063528387832,-4.655824247099737,4.682846424518544,-4.926973361298637
99.0,37.0,139.48138427734375,4.204591673975967,-4.820939220994756,4.132477795987509,2.863086441464008,4.99326920938713,-4.991010801284644,4.798837202591626,-4.980189485142385,4.870917475250688,-4.958289692845702
99.0,37.0,139.6118927001953,4.3851217412488985,-4.9034458605490645,3.3484452503825475,4.561145635738872,4.98256196399544,-4.944446974441998,4.940868308781123,-4.790779086678004,4.702748487229184,-4.879022404072587
99.0,37.0,138.90411376953125,4.727132289498536,-3.673066883822248,4.678529665677516,4.027974173454051,4.843340254101118,-4.618909524900786,4.999927863402761,-4.783215370760132,4.958647892792558,-4.90222461066198
99.0,37.0,138.9638214111328,4.97991473448345,-3.4153739545164945,4.307974400531334,4.125520919019122,4.762204758057365,-4.707026132214413,4.999741377997942,-4.757351735441656,4.9047505629455,-4.993286066320497
99.0,37.0,137.9619598388672,4.889552660691555,-4.92314483260256,3.9914212447742377,3.5566741995427944,4.997287479303635,-4.719336699857342,4.9289836212826375,-4.999948793622266,4.800783694232615,-4.981200368492582
99.0,37.0,138.21444702148438,3.583035618231313,-4.826654501665066,3.6010496428533063,4.710593011853471,4.628117369467024,-4.766267871777184,4.769723656382292,-4.9999897716795685,4.988951869695256,-4.929641689671211
99.0,37.0,139.41433715820312,4.476814479280883,-4.9007773598257005,4.626042599222987,2.847673181896292,4.994405007689907,-4.751911452669339,4.762234212967211,-4.9992749051849374,4.860086802817745,-4.947995747632854
99.0,37.0,139.77159118652344,4.556743654792243,-4.291933550982482,3.49440995276468,3.744539672967989,4.998842595065545,-4.995487398044599,4.7184560249449055,-4.974670128393282,4.783216877516848,-4.984271332469557
99.0,37.0,140.62950134277344,3.98019770013136,-4.217424969855831,2.9812474069529804,4.995105692613233,4.97216086311108,-4.715395604406971,4.937298536573016,-4.995021032267791,4.639898346372674,-4.887205705703996
99.0,37.0,138.1009521484375,3.9818610519111504,-4.842926079394751,3.833553830827393,4.994625189510006,4.621920582301422,-4.834823115232156,4.823964038211082,-4.865298698754072,4.914164952645392,-4.889590744398749
99.0,37.0,139.23477172851562,3.993715947258282,-4.852438467755105,4.298477324088098,4.816787483768512,4.794761686667508,-4.737846179578346,4.9521426405145865,-4.816703044754281,4.668481355564456,-4.881174749787666
99.0,37.0,136.32186889648438,4.965795507224668,-3.356243177761038,4.878413634714151,4.0045284151201805,4.915848530307646,-4.737032399470939,4.999880811456892,-4.99951905449849,4.949840282745228,-4.963754807097019
99.0,37.0,140.51197814941406,4.999423065756274,-2.710554251402204,4.781612673648032,3.9492119703242623,4.266488984817013,-4.855948539669266,4.975113949594911,-4.994867069182874,4.699040674742477,-4.999260670620754
99.0,37.0,139.44293212890625,3.113557654709344,-4.309183959804227,4.805655272104197,4.514719452177168,4.927763587689019,-4.839532127100967,4.962812968276469,-4.96139177418692,4.678072166460456,-4.82634333239179
99.0,37.0,139.98692321777344,4.828549871207727,-4.483923999954351,4.997844504646404,4.975849404934939,4.987378650924315,-4.900611223962925,4.899384468809394,-4.650169332494629,4.6482286567296764,-4.647053286826517
99.0,37.0,139.5167236328125,4.91004080314716,-4.996440426126626,4.347152824468496,4.246381891305296,4.9437586992109415,-4.903931709338343,4.995358616413024,-4.795684312514548,4.764609823751561,-4.674483863311746
99.0,37.0,139.75726318359375,4.965523556213555,-4.25309897530977,4.869582726411874,3.751333504110383,4.981167018259309,-4.855036351457734,4.999559166432217,-4.862794490386758,4.782447488801479,-4.711565894660881
99.0,37.0,139.0410919189453,4.581109773907574,-4.999075593337466,3.721026529600545,4.61162305169195,4.968307741748048,-4.999997696342615,4.870392107784635,-4.993993994866328,4.35533660922073,-4.995005381408719
99.0,37.0,139.39010620117188,3.0859768666718868,-4.416695950931286,3.73037349162672,4.998488346984549,4.94204615201928,-4.827892644028966,4.969959307519426,-4.999957785684539,4.851649146460694,-4.735019269815996
99.0,38.0,137.53488159179688,3.88724386688975,-4.917411411935095,4.719853049321374,4.901769688534504,4.63065575457885,-4.862158840802518,4.747346734257557,-4.9999926961341385,4.820060970486711,-4.83362349820975
99.0,38.0,140.27951049804688,4.0564668505000885,-4.997232299868566,4.691243690490235,4.950086015721073,4.999848290656072,-4.577700203560658,4.992770787056076,-4.736618186769031,4.553891381289261,-4.775850432388721
99.0,38.0,140.475341796875,4.061980241680116,-4.516719203441902,3.354474949339647,4.787343454612016,4.832042184459645,-4.5976002379865335,4.984100002496299,-4.789472353997102,4.9904265776403385,-4.749712135123561
99.0,38.0,138.171875,4.714147099120458,-4.81336460691587,4.783452635583105,4.972335942123404,4.764191651244319,-4.867941168920439,4.9056561459999255,-4.99393854388163,4.32057507345785,-4.952506784179748
99.0,38.0,141.32211303710938,3.732815993575296,-4.329817796085541,2.911279905240464,4.997917193146313,4.88876065780813,-4.516452024377938,4.962137389736204,-4.9024221450697,4.743503196434419,-4.897700956680025
99.0,38.0,140.10604858398438,4.109242028637629,-4.445424619693204,4.333619285555455,3.6876354566617073,4.542007663264021,-4.80731650255784,4.908026353890201,-4.8964595395463535,4.995069002982513,-4.837631315705673
99.0,38.0,138.9066925048828,4.483284341260122,-4.309593346520996,4.22845165200718,4.608184831744822,4.29216414213721,-4.884409422670551,4.907242099054585,-4.823439718423406,4.916164057353779,-4.903969938435232
99.0,38.0,137.9376983642578,4.095126790761084,-4.998808423521113,4.201066947835649,4.999368762208297,4.999915219864208,-4.674066985063295,4.979277127860142,-4.862328506655037,4.810000197081304,-4.775064781901229
99.0,38.0,140.30772399902344,4.440056943781258,-3.797150569948887,4.137627013565881,4.757414521129606,4.617162716752128,-4.990995140021236,4.96393347293726,-4.788238224458308,4.651876977484115,-4.888052555136673
99.0,38.0,139.90623474121094,4.670197683196812,-4.99975764088002,3.301320867556271,4.848008222837565,4.994530767467631,-4.980164235051026,4.888012154625278,-4.948201410454087,4.277716267751794,-4.997782153740123
99.0,38.0,140.9016876220703,4.916908510195458,-4.752316775094024,4.96774478711948,4.921752665455722,4.363338958757918,-4.495691396829821,4.957906105837768,-4.695779593574281,4.443217222997618,-4.9521420047863645
99.0,38.0,138.61436462402344,4.62182870240355,-4.326857157636831,2.5944268283344165,4.127238504872128,4.998186680184273,-4.990090022964547,4.838235753439805,-4.982281042677028,4.936209538576223,-4.980158437240124
99.0,38.0,139.98255920410156,4.398875949097454,-4.632835287209165,3.9846247044800815,4.735965501801662,4.215020287554198,-4.894486300368312,4.96714737532284,-4.956272005470225,4.747127433794095,-4.817504001779756
99.0,38.0,140.9453125,4.808385902509487,-4.309461164632557,3.543431250594105,4.567855334135137,4.2852725456408205,-4.996400577087322,4.880766472210734,-4.836856255478467,4.723648421657801,-4.905544053864539
99.0,38.0,136.42872619628906,4.436606495444232,-3.883274265075896,4.068808523062078,4.217701044976664,4.885985440403551,-4.912261307170979,4.999894628295191,-4.999663895855862,4.953679916462987,-4.969311939837699
99.0,38.0,138.96461486816406,3.7869140402972814,-4.4882051088391215,3.455716325862152,4.9380635743743255,4.7678598893580135,-4.999602613798867,4.966119487604532,-4.949002264831366,4.770860870730221,-4.83871256317872
99.0,38.0,138.62425231933594,4.164435613427433,-4.329485750606082,3.430745169626144,4.926201147047417,4.871991484567809,-4.998719972923673,4.968427887706402,-4.931082805158741,4.7661443232773255,-4.84688233712817
99.0,38.0,136.6900634765625,4.235093068717881,-4.809993083335561,3.610420049118468,4.86760794591442,4.707239150535367,-4.993138077138184,4.81823487404087,-4.987852483400581,4.851043027835006,-4.971623453846724
99.0,38.0,141.55450439453125,4.877104835018103,-3.961762488473653,4.997157178546165,4.991054978996915,4.156560051224837,-4.876854242594959,4.978014551667677,-4.658184834671598,4.77259108836189,-4.651843544262427
99.0,38.0,138.32923889160156,4.26694433964732,-4.809396275041378,3.709338447233362,4.751793539799081,4.936752431875235,-4.808277053709806,4.997456167238523,-4.850339964112251,4.773989323055279,-4.874531344962247
99.0,38.0,140.63381958007812,4.314792941357655,-2.833800075615748,4.2204725685282805,4.222975407436231,4.584777115370158,-4.8729090503276655,4.957344412740746,-4.983331431958781,4.692433914303482,-4.999863495144054
99.0,38.0,141.82589721679688,3.5600504635652084,-4.806091509296462,4.949499184582093,2.7039494698282103,4.999088708359074,-4.907179416543028,4.973560516694012,-4.887800177786811,4.7901371645076924,-4.753547160358606
99.0,38.0,141.2700958251953,4.281653996591247,-4.279333455943839,4.471005942229603,4.824924608630389,4.111843451290202,-4.869309354925885,4.848789963769565,-4.86069952446144,4.600620908300266,-4.909254108598313
99.0,38.0,139.1702880859375,4.635890211322806,-4.673509920638251,3.213543138332893,4.792384885515872,4.908033836051336,-4.899052819315598,4.811519201316487,-4.78675755455249,4.933099287194047,-4.821635887126636
99.0,38.0,138.48104858398438,4.173910345686914,-4.291503975213104,2.747954867991347,4.757295146984987,4.996312631526981,-4.999344762825049,4.849815263055779,-4.9729206107035,4.870058369242143,-4.930145627887666
99.0,38.0,138.64804077148438,4.231615612002096,-4.569142608676638,3.6195010074872,4.781090140365579,4.997963241748167,-4.81106800160255,4.997726729525495,-4.997854893008988,4.731539970776439,-4.81216078660297
99.0,38.0,138.77438354492188,1.773276583484917,-4.277688162405102,4.320997047865319,4.794757860998749,4.607740740461679,-4.965092353422698,4.886758522960228,-4.999258203104491,4.847136566777923,-4.977434582650663
99.0,38.0,135.30223083496094,4.701360223902981,-4.999998353188077,3.2182975930567768,4.89415892382786,4.877082238910253,-4.960545111239732,4.854059969278234,-4.985967593639966,4.91418365785129,-4.99899772911433
99.0,38.0,138.7630157470703,4.883400649317816,-4.998707790421761,4.094207504475899,4.9724191376579485,4.984849271781082,-4.7958636823360745,4.928800560420557,-4.715381856115274,4.486347608064045,-4.959885310377825
99.0,38.0,142.0186767578125,4.457754360408251,-4.479858890811597,2.88781456981894,4.574750830382872,4.982346997473937,-4.99999912894331,4.83544513217839,-4.997874124045185,4.2725861315978175,-4.997632695176256
99.0,38.0,138.224365234375,4.245507867084124,-4.995882163702714,4.372132082044001,4.947674744158787,4.999519042932405,-4.691068654992332,4.987063528387832,-4.655824247099737,4.682846424518544,-4.926973361298637
99.0,38.0,139.48138427734375,4.204591673975967,-4.820939220994756,4.132477795987509,2.863086441464008,4.99326920938713,-4.991010801284644,4.798837202591626,-4.980189485142385,4.870917475250688,-4.958289692845702
99.0,38.0,139.6118927001953,4.3851217412488985,-4.9034458605490645,3.3484452503825475,4.561145635738872,4.98256196399544,-4.944446974441998,4.940868308781123,-4.790779086678004,4.702748487229184,-4.879022404072587
99.0,38.0,138.90411376953125,4.727132289498536,-3.673066883822248,4.678529665677516,4.027974173454051,4.843340254101118,-4.618909524900786,4.999927863402761,-4.783215370760132,4.958647892792558,-4.90222461066198
99.0,38.0,138.9638214111328,4.97991473448345,-3.4153739545164945,4.307974400531334,4.125520919019122,4.762204758057365,-4.707026132214413,4.999741377997942,-4.757351735441656,4.9047505629455,-4.993286066320497
99.0,38.0,137.9619598388672,4.889552660691555,-4.92314483260256,3.9914212447742377,3.5566741995427944,4.997287479303635,-4.719336699857342,4.9289836212826375,-4.999948793622266,4.800783694232615,-4.981200368492582
99.0,38.0,138.21444702148438,3.583035618231313,-4.826654501665066,3.6010496428533063,4.710593011853471,4.628117369467024,-4.766267871777184,4.769723656382292,-4.9999897716795685,4.988951869695256,-4.929641689671211
99.0,38.0,137.80125427246094,4.925005156096362,-4.999425575653647,4.984669934857488,3.519997685964039,4.994405007689907,-4.609484596068768,4.762234212967211,-4.850328074275511,4.860086802817745,-4.987549460314912
99.0,38.0,139.77159118652344,4.556743654792243,-4.291933550982482,3.49440995276468,3.744539672967989,4.998842595065545,-4.995487398044599,4.7184560249449055,-4.974670128393282,4.783216877516848,-4.984271332469557
99.0,38.0,140.62950134277344,3.98019770013136,-4.217424969855831,2.9812474069529804,4.995105692613233,4.97216086311108,-4.715395604406971,4.937298536573016,-4.995021032267791,4.639898346372674,-4.887205705703996
99.0,38.0,137.20907592773438,3.9818610519111504,-4.189535011774421,4.383673855866824,4.186940454140516,4.9288829072268605,-4.732846155800833,4.988647737003014,-4.999542853995637,4.978924030808031,-4.889590744398749
99.0,38.0,138.02157592773438,4.971622803470429,-2.900799792789917,4.804715183423098,4.606401790065995,4.804062015409988,-4.611469998301587,4.999947890278337,-4.783337445416908,4.989025825023506,-4.910104140394063
99.0,38.0,136.32186889648438,4.965795507224668,-3.356243177761038,4.878413634714151,4.0045284151201805,4.915848530307646,-4.737032399470939,4.999880811456892,-4.99951905449849,4.949840282745228,-4.963754807097019
99.0,38.0,140.51197814941406,4.999423065756274,-2.710554251402204,4.781612673648032,3.9492119703242623,4.266488984817013,-4.855948539669266,4.975113949594911,-4.994867069182874,4.699040674742477,-4.999260670620754
99.0,38.0,139.44293212890625,3.113557654709344,-4.309183959804227,4.805655272104197,4.514719452177168,4.927763587689019,-4.839532127100967,4.962812968276469,-4.96139177418692,4.678072166460456,-4.82634333239179
99.0,38.0,136.8670654296875,4.5154049380820585,-4.999830313613746,4.926930374036599,4.975849404934939,4.951744207154095,-4.938076241571282,4.899384468809394,-4.899875582020491,4.650878690391252,-4.780254241209379
99.0,38.0,139.4204864501953,4.949696747085593,-3.713710494328249,3.844388628842732,4.4010063784576365,4.921229716522383,-4.822975507462051,4.986393032954041,-4.723025591610614,4.830730895658517,-4.928253975673783
99.0,38.0,139.75726318359375,4.965523556213555,-4.25309897530977,4.869582726411874,3.751333504110383,4.981167018259309,-4.855036351457734,4.999559166432217,-4.862794490386758,4.782447488801479,-4.711565894660881
99.0,38.0,137.65187072753906,4.581109773907574,-4.999075593337466,3.0136761555731173,4.61162305169195,4.999163483057787,-4.945971932139194,4.870392107784635,-4.905004974213277,4.799574889947627,-4.972141828741117
99.0,38.0,137.4212646484375,4.139878094199309,-4.0463088067665005,3.73037349162672,4.163580315466405,4.745915690209077,-4.958524733758608,4.959319830910929,-4.999823617826935,4.9677051318552845,-4.977014838553257
99.0,39.0,137.53488159179688,3.88724386688975,-4.917411411935095,4.719853049321374,4.901769688534504,4.63065575457885,-4.862158840802518,4.747346734257557,-4.9999926961341385,4.820060970486711,-4.83362349820975
99.0,39.0,137.26303100585938,4.648288755763554,-4.300834987414058,4.689191256510713,4.552441893382799,4.950750760560617,-4.857618723218269,4.946427084808402,-4.781582177800503,4.942966435135077,-4.800643882279753
99.0,39.0,137.7644500732422,3.9370728315326953,-4.516719203441902,3.856120747775565,4.787343454612016,4.876484956756187,-4.982012786204168,4.738287191642357,-4.992756098578087,4.802991484401472,-4.936450233733983
99.0,39.0,138.171875,4.714147099120458,-4.81336460691587,4.783452635583105,4.972335942123404,4.764191651244319,-4.867941168920439,4.9056561459999255,-4.99393854388163,4.32057507345785,-4.952506784179748
99.0,39.0,139.81552124023438,4.261366522251394,-4.740846925657309,2.9081130673110445,4.4711285096678335,4.944154246130567,-4.99604154293176,4.882227629229089,-4.826466935896612,4.926124326794184,-4.8098976924469925
99.0,39.0,138.11228942871094,4.999769019736977,-4.445424619693204,4.829858737273044,3.48244439069719,4.542007663264021,-4.724663432505302,4.991994611521091,-4.99708446244599,4.788530380749981,-4.999705983372068
99.0,39.0,138.9066925048828,4.483284341260122,-4.309593346520996,4.22845165200718,4.608184831744822,4.29216414213721,-4.884409422670551,4.907242099054585,-4.823439718423406,4.916164057353779,-4.903969938435232
99.0,39.0,137.9376983642578,4.095126790761084,-4.998808423521113,4.201066947835649,4.999368762208297,4.999915219864208,-4.674066985063295,4.979277127860142,-4.862328506655037,4.810000197081304,-4.775064781901229
99.0,39.0,139.2344512939453,3.892781493907824,-3.797150569948887,3.311162230891516,4.972291210026188,4.933881825740903,-4.99902120934,4.968504512855027,-4.965440899584172,4.790609000036069,-4.8348952738867705
99.0,39.0,139.90623474121094,4.670197683196812,-4.99975764088002,3.301320867556271,4.848008222837565,4.994530767467631,-4.980164235051026,4.888012154625278,-4.948201410454087,4.277716267751794,-4.997782153740123
99.0,39.0,140.6132049560547,4.482223483218512,-4.9962358556456135,4.917229105862464,4.968090285732279,4.999884958413635,-4.59678482088407,4.987321220749053,-4.5241384546444685,4.465316180315547,-4.850077732657391
99.0,39.0,138.61436462402344,4.62182870240355,-4.326857157636831,2.5944268283344165,4.127238504872128,4.998186680184273,-4.990090022964547,4.838235753439805,-4.982281042677028,4.936209538576223,-4.980158437240124
99.0,39.0,139.98255920410156,4.398875949097454,-4.632835287209165,3.9846247044800815,4.735965501801662,4.215020287554198,-4.894486300368312,4.96714737532284,-4.956272005470225,4.747127433794095,-4.817504001779756
99.0,39.0,139.71591186523438,4.977266415041942,-4.125667030281687,3.281068229137578,4.616991304845151,4.900272478374911,-4.906402046191721,4.805987634174246,-4.723100368301671,4.961470073495666,-4.848497202482404
99.0,39.0,136.42872619628906,4.436606495444232,-3.883274265075896,4.068808523062078,4.217701044976664,4.885985440403551,-4.912261307170979,4.999894628295191,-4.999663895855862,4.953679916462987,-4.969311939837699
99.0,39.0,138.96461486816406,3.7869140402972814,-4.4882051088391215,3.455716325862152,4.9380635743743255,4.7678598893580135,-4.999602613798867,4.966119487604532,-4.949002264831366,4.770860870730221,-4.83871256317872
99.0,39.0,138.62425231933594,4.164435613427433,-4.329485750606082,3.430745169626144,4.926201147047417,4.871991484567809,-4.998719972923673,4.968427887706402,-4.931082805158741,4.7661443232773255,-4.84688233712817
99.0,39.0,136.6900634765625,4.235093068717881,-4.809993083335561,3.610420049118468,4.86760794591442,4.707239150535367,-4.993138077138184,4.81823487404087,-4.987852483400581,4.851043027835006,-4.971623453846724
99.0,39.0,139.84825134277344,4.982857542802356,-3.1492535675360345,4.876637139662046,3.701016798891516,4.839724575745016,-4.645293643022617,4.9999490585707225,-4.746541647216854,4.993622819021807,-4.873706054377471
99.0,39.0,138.32923889160156,4.26694433964732,-4.809396275041378,3.709338447233362,4.751793539799081,4.936752431875235,-4.808277053709806,4.997456167238523,-4.850339964112251,4.773989323055279,-4.874531344962247
99.0,39.0,139.2906494140625,4.968348187990949,-3.114675214911673,4.3704170243221245,3.6343436945990346,4.987476325286644,-4.300230628565139,4.999964275278096,-4.996733334136714,4.992423538115837,-4.968022298793719
99.0,39.0,140.1519775390625,4.48207917045916,-4.969880730912717,2.322892947691186,4.350739427062093,4.999338453269612,-4.994624190285123,4.789045314275423,-4.996595342679421,4.659702224622861,-4.980855459105739
99.0,39.0,141.2700958251953,4.281653996591247,-4.279333455943839,4.471005942229603,4.824924608630389,4.111843451290202,-4.869309354925885,4.848789963769565,-4.86069952446144,4.600620908300266,-4.909254108598313
99.0,39.0,138.10072326660156,4.436389404767883,-3.817468349495023,4.472843373827644,3.587564198335171,4.91954227102848,-4.871514229749371,4.992041926691084,-4.9999980268274005,4.992809457829469,-4.857448475534829
99.0,39.0,138.48104858398438,4.173910345686914,-4.291503975213104,2.747954867991347,4.757295146984987,4.996312631526981,-4.999344762825049,4.849815263055779,-4.9729206107035,4.870058369242143,-4.930145627887666
99.0,39.0,138.64804077148438,4.231615612002096,-4.569142608676638,3.6195010074872,4.781090140365579,4.997963241748167,-4.81106800160255,4.997726729525495,-4.997854893008988,4.731539970776439,-4.81216078660297
99.0,39.0,138.77438354492188,1.773276583484917,-4.277688162405102,4.320997047865319,4.794757860998749,4.607740740461679,-4.965092353422698,4.886758522960228,-4.999258203104491,4.847136566777923,-4.977434582650663
99.0,39.0,135.30223083496094,4.701360223902981,-4.999998353188077,3.2182975930567768,4.89415892382786,4.877082238910253,-4.960545111239732,4.854059969278234,-4.985967593639966,4.91418365785129,-4.99899772911433
99.0,39.0,138.5388946533203,4.392394512729934,-4.993234085284912,3.1077963645557114,4.9724191376579485,4.999422377386943,-4.939782230915853,4.910088384449359,-4.999989041149382,4.486347608064045,-4.978938541501604
99.0,39.0,139.06280517578125,4.6067555578406125,-4.479858890811597,4.061045553336244,4.380752743335959,4.258433017256531,-4.89060016776674,4.904656186321679,-4.941238139137283,4.861736193447225,-4.91082822402762
99.0,39.0,138.224365234375,4.245507867084124,-4.995882163702714,4.372132082044001,4.947674744158787,4.999519042932405,-4.691068654992332,4.987063528387832,-4.655824247099737,4.682846424518544,-4.926973361298637
99.0,39.0,139.11744689941406,3.920961611522465,-4.820939220994756,4.223014963625505,3.721326581187137,4.971443406912335,-4.943029974374083,4.729428354692578,-4.977018054565589,4.770878717132485,-4.957931796629159
99.0,39.0,139.6118927001953,4.3851217412488985,-4.9034458605490645,3.3484452503825475,4.561145635738872,4.98256196399544,-4.944446974441998,4.940868308781123,-4.790779086678004,4.702748487229184,-4.879022404072587
99.0,39.0,138.90411376953125,4.727132289498536,-3.673066883822248,4.678529665677516,4.027974173454051,4.843340254101118,-4.618909524900786,4.999927863402761,-4.783215370760132,4.958647892792558,-4.90222461066198
99.0,39.0,138.24888610839844,4.579881334307334,-3.5418383370927127,3.3244374061186144,4.820380193387519,4.554952694405603,-4.962876271805291,4.954506309032553,-4.950042641162683,4.898575038343496,-4.978792990567513
99.0,39.0,137.43923950195312,3.948467417270675,-4.923621853418355,4.472532247739252,4.999545899440478,4.944737463411144,-4.719336699857342,4.992669479356151,-4.828932847211815,4.961326118299942,-4.699689602877186
99.0,39.0,138.21444702148438,3.583035618231313,-4.826654501665066,3.6010496428533063,4.710593011853471,4.628117369467024,-4.766267871777184,4.769723656382292,-4.9999897716795685,4.988951869695256,-4.929641689671211
99.0,39.0,137.80125427246094,4.925005156096362,-4.999425575653647,4.984669934857488,3.519997685964039,4.994405007689907,-4.609484596068768,4.762234212967211,-4.850328074275511,4.860086802817745,-4.987549460314912
99.0,39.0,139.74722290039062,4.992880046578429,-3.567048722818036,4.584914167958303,4.0304030963962445,4.433719159550559,-4.654909295936733,4.999101121806161,-4.769946335597398,4.8952421182038846,-4.97859689864629
99.0,39.0,138.9198760986328,3.489772015316232,-4.888665696684912,3.466080145656329,4.797815088642425,4.642100192004444,-4.668646686845889,4.834967238427581,-4.999996556689145,4.9921785513437085,-4.862547026322669
99.0,39.0,137.20907592773438,3.9818610519111504,-4.189535011774421,4.383673855866824,4.186940454140516,4.9288829072268605,-4.732846155800833,4.988647737003014,-4.999542853995637,4.978924030808031,-4.889590744398749
99.0,39.0,138.02157592773438,4.971622803470429,-2.900799792789917,4.804715183423098,4.606401790065995,4.804062015409988,-4.611469998301587,4.999947890278337,-4.783337445416908,4.989025825023506,-4.910104140394063
99.0,39.0,134.9684295654297,4.476372256193947,-4.219844862851518,4.380743905423258,4.60116125445453,4.825433219766541,-4.897488851308571,4.999880811456892,-4.9999714950383884,4.942666976100521,-4.963754807097019
99.0,39.0,140.51197814941406,4.999423065756274,-2.710554251402204,4.781612673648032,3.9492119703242623,4.266488984817013,-4.855948539669266,4.975113949594911,-4.994867069182874,4.699040674742477,-4.999260670620754
99.0,39.0,139.2035675048828,3.407450496584077,-4.309183959804227,4.805655272104197,3.633448949395845,4.999598781120258,-4.593830484236456,4.765230238341959,-4.931529048088523,4.921830875377806,-4.999945903897606
99.0,39.0,136.8670654296875,4.5154049380820585,-4.999830313613746,4.926930374036599,4.975849404934939,4.951744207154095,-4.938076241571282,4.899384468809394,-4.899875582020491,4.650878690391252,-4.780254241209379
99.0,39.0,138.444580078125,4.018800670892371,-4.45526944220792,3.4326554474509,4.706437001872792,4.93764336390491,-4.822975507462051,4.978357721453774,-4.862699564236958,4.96085710555184,-4.840713082036018
99.0,39.0,138.9652099609375,4.965523556213555,-3.69654208877155,4.868737320338327,4.735805044744355,4.712370234569026,-4.693211759432335,4.988264125761406,-4.780210245889814,4.718543582405175,-4.887877818505563
99.0,39.0,136.22703552246094,3.8413751079883567,-4.655994510980026,4.775289291391134,4.61162305169195,4.504631978809305,-4.935887206880548,4.870392107784635,-4.999994672068723,4.938143551026134,-4.916050524184893
99.0,39.0,137.4212646484375,4.139878094199309,-4.0463088067665005,3.73037349162672,4.163580315466405,4.745915690209077,-4.958524733758608,4.959319830910929,-4.999823617826935,4.9677051318552845,-4.977014838553257
99.0,40.0,137.53488159179688,3.88724386688975,-4.917411411935095,4.719853049321374,4.901769688534504,4.63065575457885,-4.862158840802518,4.747346734257557,-4.9999926961341385,4.820060970486711,-4.83362349820975
99.0,40.0,137.26303100585938,4.648288755763554,-4.300834987414058,4.689191256510713,4.552441893382799,4.950750760560617,-4.857618723218269,4.946427084808402,-4.781582177800503,4.942966435135077,-4.800643882279753
99.0,40.0,137.7644500732422,3.9370728315326953,-4.516719203441902,3.856120747775565,4.787343454612016,4.876484956756187,-4.982012786204168,4.738287191642357,-4.992756098578087,4.802991484401472,-4.936450233733983
99.0,40.0,138.171875,4.714147099120458,-4.81336460691587,4.783452635583105,4.972335942123404,4.764191651244319,-4.867941168920439,4.9056561459999255,-4.99393854388163,4.32057507345785,-4.952506784179748
99.0,40.0,138.55743408203125,4.70348452841815,-3.9195812661895246,4.291156952123684,4.201973238122564,4.913559187904797,-4.850985367684343,4.997220498991643,-4.847266699572189,4.70567494747079,-4.990332977610272
99.0,40.0,138.11228942871094,4.999769019736977,-4.445424619693204,4.829858737273044,3.48244439069719,4.542007663264021,-4.724663432505302,4.991994611521091,-4.99708446244599,4.788530380749981,-4.999705983372068
99.0,40.0,138.9066925048828,4.483284341260122,-4.309593346520996,4.22845165200718,4.608184831744822,4.29216414213721,-4.884409422670551,4.907242099054585,-4.823439718423406,4.916164057353779,-4.903969938435232
99.0,40.0,137.9376983642578,4.095126790761084,-4.998808423521113,4.201066947835649,4.999368762208297,4.999915219864208,-4.674066985063295,4.979277127860142,-4.862328506655037,4.810000197081304,-4.775064781901229
99.0,40.0,137.38986206054688,3.7036928430301206,-4.824166631365904,4.267441760310824,4.977716382413189,4.754632528492104,-4.99902120934,4.996799332465871,-4.965440899584172,4.721874798622739,-4.8348952738867705
99.0,40.0,138.5382843017578,4.9687400896357214,-3.698516163727066,4.874477454224264,4.749892375132431,4.688482816679871,-4.81671555272181,4.956833853351727,-4.948201410454087,4.702559715341529,-4.814518258460934
99.0,40.0,136.7526397705078,4.849000979945634,-2.472231265898635,4.995679304045185,4.968090285732279,4.685738878516807,-4.618508877959892,4.99995366411593,-4.887859710991373,4.993500620752789,-4.959100357634398
99.0,40.0,138.61436462402344,4.62182870240355,-4.326857157636831,2.5944268283344165,4.127238504872128,4.998186680184273,-4.990090022964547,4.838235753439805,-4.982281042677028,4.936209538576223,-4.980158437240124
99.0,40.0,139.51510620117188,4.299604895586924,-4.877654928927287,3.344461841703501,4.686719576043264,4.616469506845744,-4.934849385153106,4.887533365914786,-4.839194147884848,4.863590099690578,-4.850709090753536
99.0,40.0,135.70840454101562,4.977266415041942,-4.574111777482618,4.4329390016613575,4.637052124248047,4.533966612620341,-4.971068536294503,4.805987634174246,-4.999998197651925,4.892744182871286,-4.9607667971107166
99.0,40.0,136.42872619628906,4.436606495444232,-3.883274265075896,4.068808523062078,4.217701044976664,4.885985440403551,-4.912261307170979,4.999894628295191,-4.999663895855862,4.953679916462987,-4.969311939837699
99.0,40.0,138.96461486816406,3.7869140402972814,-4.4882051088391215,3.455716325862152,4.9380635743743255,4.7678598893580135,-4.999602613798867,4.966119487604532,-4.949002264831366,4.770860870730221,-4.83871256317872
99.0,40.0,138.62425231933594,4.164435613427433,-4.329485750606082,3.430745169626144,4.926201147047417,4.871991484567809,-4.998719972923673,4.968427887706402,-4.931082805158741,4.7661443232773255,-4.84688233712817
99.0,40.0,136.6900634765625,4.235093068717881,-4.809993083335561,3.610420049118468,4.86760794591442,4.707239150535367,-4.993138077138184,4.81823487404087,-4.987852483400581,4.851043027835006,-4.971623453846724
99.0,40.0,139.84825134277344,4.982857542802356,-3.1492535675360345,4.876637139662046,3.701016798891516,4.839724575745016,-4.645293643022617,4.9999490585707225,-4.746541647216854,4.993622819021807,-4.873706054377471
99.0,40.0,138.32923889160156,4.26694433964732,-4.809396275041378,3.709338447233362,4.751793539799081,4.936752431875235,-4.808277053709806,4.997456167238523,-4.850339964112251,4.773989323055279,-4.874531344962247
99.0,40.0,134.98455810546875,4.604234882845857,-3.957938204708412,4.479797642415523,4.437682567173262,4.987476325286644,-4.910680910369487,4.999891409040872,-4.981634633266749,4.960154439215145,-4.949495528954765
99.0,40.0,138.77615356445312,4.237346389862106,-3.5555786855384213,4.25461473235954,4.393966688873316,4.902219305387594,-4.962743905854644,4.7422704787783925,-4.996797995548771,4.778948104875664,-4.961774439837151
99.0,40.0,140.71224975585938,4.263782282389558,-4.999952391501177,3.376159337800554,4.957374540304029,4.98039027056408,-4.869309354925885,4.969232281391356,-4.958988726302649,4.180053392642623,-4.9969747210630056
99.0,40.0,137.76097106933594,3.9658945888957766,-4.992229817986952,4.468541207039996,4.9541752844062685,4.776747368004639,-4.835480917691353,4.793273489461802,-4.9999929070690765,4.637713260601231,-4.912921683879946
99.0,40.0,138.48104858398438,4.173910345686914,-4.291503975213104,2.747954867991347,4.757295146984987,4.996312631526981,-4.999344762825049,4.849815263055779,-4.9729206107035,4.870058369242143,-4.930145627887666
99.0,40.0,136.4256134033203,3.720162670139636,-4.076745133353578,4.159116439941931,4.746298886019186,4.977616812976038,-4.819258865202468,4.992590836970914,-4.999965414784363,4.988363103559152,-4.871615156261225
99.0,40.0,138.77438354492188,1.773276583484917,-4.277688162405102,4.320997047865319,4.794757860998749,4.607740740461679,-4.965092353422698,4.886758522960228,-4.999258203104491,4.847136566777923,-4.977434582650663
99.0,40.0,135.30223083496094,4.701360223902981,-4.999998353188077,3.2182975930567768,4.89415892382786,4.877082238910253,-4.960545111239732,4.854059969278234,-4.985967593639966,4.91418365785129,-4.99899772911433
99.0,40.0,138.5237579345703,4.278255661589864,-4.388946734173786,4.486606055616189,4.512457006360076,4.937974222482504,-4.628488369464067,4.990015866429752,-4.829406456288952,4.916026932231268,-4.800458552289449
99.0,40.0,139.06280517578125,4.6067555578406125,-4.479858890811597,4.061045553336244,4.380752743335959,4.258433017256531,-4.89060016776674,4.904656186321679,-4.941238139137283,4.861736193447225,-4.91082822402762
99.0,40.0,138.224365234375,4.245507867084124,-4.995882163702714,4.372132082044001,4.947674744158787,4.999519042932405,-4.691068654992332,4.987063528387832,-4.655824247099737,4.682846424518544,-4.926973361298637
99.0,40.0,139.11744689941406,3.920961611522465,-4.820939220994756,4.223014963625505,3.721326581187137,4.971443406912335,-4.943029974374083,4.729428354692578,-4.977018054565589,4.770878717132485,-4.957931796629159
99.0,40.0,139.6118927001953,4.3851217412488985,-4.9034458605490645,3.3484452503825475,4.561145635738872,4.98256196399544,-4.944446974441998,4.940868308781123,-4.790779086678004,4.702748487229184,-4.879022404072587
99.0,40.0,136.89846801757812,3.67523334825344,-4.973236770368466,4.27063536482205,4.942819599162306,4.984646311052876,-4.832446993220719,4.999927863402761,-4.955661037017089,4.958647892792558,-4.691560813455865
99.0,40.0,136.35952758789062,4.579881334307334,-3.901884396947617,3.581269402432557,4.820380193387519,4.996233472605455,-4.962876271805291,4.911228433631376,-4.9448569160697184,4.898575038343496,-4.978792990567513
99.0,40.0,137.43923950195312,3.948467417270675,-4.923621853418355,4.472532247739252,4.999545899440478,4.944737463411144,-4.719336699857342,4.992669479356151,-4.828932847211815,4.961326118299942,-4.699689602877186
99.0,40.0,138.21444702148438,3.583035618231313,-4.826654501665066,3.6010496428533063,4.710593011853471,4.628117369467024,-4.766267871777184,4.769723656382292,-4.9999897716795685,4.988951869695256,-4.929641689671211
99.0,40.0,137.80125427246094,4.925005156096362,-4.999425575653647,4.984669934857488,3.519997685964039,4.994405007689907,-4.609484596068768,4.762234212967211,-4.850328074275511,4.860086802817745,-4.987549460314912
99.0,40.0,138.38983154296875,4.315242836170926,-4.425518770327236,3.257331324289079,4.85789122062043,4.966240415279208,-4.847510478277176,4.998265172758458,-4.91364142548189,4.765194813550137,-4.911942871028387
99.0,40.0,138.9198760986328,3.489772015316232,-4.888665696684912,3.466080145656329,4.797815088642425,4.642100192004444,-4.668646686845889,4.834967238427581,-4.999996556689145,4.9921785513437085,-4.862547026322669
99.0,40.0,137.20907592773438,3.9818610519111504,-4.189535011774421,4.383673855866824,4.186940454140516,4.9288829072268605,-4.732846155800833,4.988647737003014,-4.999542853995637,4.978924030808031,-4.889590744398749
99.0,40.0,138.02157592773438,4.971622803470429,-2.900799792789917,4.804715183423098,4.606401790065995,4.804062015409988,-4.611469998301587,4.999947890278337,-4.783337445416908,4.989025825023506,-4.910104140394063
99.0,40.0,134.9684295654297,4.476372256193947,-4.219844862851518,4.380743905423258,4.60116125445453,4.825433219766541,-4.897488851308571,4.999880811456892,-4.9999714950383884,4.942666976100521,-4.963754807097019
99.0,40.0,138.3560333251953,4.9284597704209645,-4.427004483963805,4.430212251418577,4.7753749387657605,4.954868382041441,-4.856128219065655,4.970407406255204,-4.9937731557752,4.328343256176277,-4.979137492006151
99.0,40.0,139.2035675048828,3.407450496584077,-4.309183959804227,4.805655272104197,3.633448949395845,4.999598781120258,-4.593830484236456,4.765230238341959,-4.931529048088523,4.921830875377806,-4.999945903897606
99.0,40.0,136.8670654296875,4.5154049380820585,-4.999830313613746,4.926930374036599,4.975849404934939,4.951744207154095,-4.938076241571282,4.899384468809394,-4.899875582020491,4.650878690391252,-4.780254241209379
99.0,40.0,138.314208984375,4.3631281537947375,-4.621400097200569,3.409060581135626,4.824506702776232,4.965393056029528,-4.970482860116888,4.894168550277248,-4.817611668728235,4.96085710555184,-4.781734443085616
99.0,40.0,138.9652099609375,4.965523556213555,-3.69654208877155,4.868737320338327,4.735805044744355,4.712370234569026,-4.693211759432335,4.988264125761406,-4.780210245889814,4.718543582405175,-4.887877818505563
99.0,40.0,136.22703552246094,3.8413751079883567,-4.655994510980026,4.775289291391134,4.61162305169195,4.504631978809305,-4.935887206880548,4.870392107784635,-4.999994672068723,4.938143551026134,-4.916050524184893
99.0,40.0,135.6623992919922,4.97251539460233,-4.551387713226452,4.995892492040159,4.163580315466405,4.917093513866383,-4.513405357717886,4.763334779905844,-4.999823617826935,4.973640763825804,-4.992011363681214
99.0,41.0,137.53488159179688,3.88724386688975,-4.917411411935095,4.719853049321374,4.901769688534504,4.63065575457885,-4.862158840802518,4.747346734257557,-4.9999926961341385,4.820060970486711,-4.83362349820975
99.0,41.0,136.23597717285156,3.488717582155396,-4.665149983981363,4.2940646851991335,4.843134820624913,4.997266922438524,-4.857618723218269,4.999983569247803,-4.946479254824501,4.992353020964488,-4.800643882279753
99.0,41.0,137.7644500732422,3.9370728315326953,-4.516719203441902,3.856120747775565,4.787343454612016,4.876484956756187,-4.982012786204168,4.738287191642357,-4.992756098578087,4.802991484401472,-4.936450233733983
99.0,41.0,138.171875,4.714147099120458,-4.81336460691587,4.783452635583105,4.972335942123404,4.764191651244319,-4.867941168920439,4.9056561459999255,-4.99393854388163,4.32057507345785,-4.952506784179748
99.0,41.0,138.55743408203125,4.70348452841815,-3.9195812661895246,4.291156952123684,4.201973238122564,4.913559187904797,-4.850985367684343,4.997220498991643,-4.847266699572189,4.70567494747079,-4.990332977610272
99.0,41.0,138.11228942871094,4.999769019736977,-4.445424619693204,4.829858737273044,3.48244439069719,4.542007663264021,-4.724663432505302,4.991994611521091,-4.99708446244599,4.788530380749981,-4.999705983372068
99.0,41.0,138.1919708251953,4.410370508607751,-4.193529397076084,3.018016479531748,4.608184831744822,4.883255141321886,-4.998589937812281,4.907242099054585,-4.994488186522806,4.7917723072933045,-4.987897535354578
99.0,41.0,136.28787231445312,4.337114775010593,-4.7441857508007645,2.482690568969553,4.875266008547553,4.785140080012212,-4.991308297353525,4.979277127860142,-4.997552967312194,4.974174748020775,-4.999686123657771
99.0,41.0,137.19752502441406,4.829088689901765,-4.520237337312743,4.879362643393156,4.777131670171528,4.963991280373713,-4.891195755391076,4.967271567659938,-4.965440899584172,4.493495064642978,-4.893011220520966
99.0,41.0,138.5382843017578,4.9687400896357214,-3.698516163727066,4.874477454224264,4.749892375132431,4.688482816679871,-4.81671555272181,4.956833853351727,-4.948201410454087,4.702559715341529,-4.814518258460934
99.0,41.0,136.7526397705078,4.849000979945634,-2.472231265898635,4.995679304045185,4.968090285732279,4.685738878516807,-4.618508877959892,4.99995366411593,-4.887859710991373,4.993500620752789,-4.959100357634398
99.0,41.0,137.7445526123047,3.9438589638357855,-2.9259378568969145,4.389178540460672,4.910986754024636,4.77454984264031,-4.737358296746395,4.997346360979157,-4.999794534438116,4.989128005963153,-4.875366193058492
99.0,41.0,138.85525512695312,3.1593789273798856,-4.14341253461676,3.344461841703501,4.686719576043264,4.999712338777301,-4.785872231031799,4.883503254117482,-4.93160298669425,4.906343981515164,-4.985817625605509
99.0,41.0,135.70840454101562,4.977266415041942,-4.574111777482618,4.4329390016613575,4.637052124248047,4.533966612620341,-4.971068536294503,4.805987634174246,-4.999998197651925,4.892744182871286,-4.9607667971107166
99.0,41.0,135.7598114013672,3.7122007130830506,-4.995273194981279,4.068808523062078,4.933759418532749,4.725619341040952,-4.997602441578988,4.999894628295191,-4.99652124667642,4.755727360524839,-4.9798569271589415
99.0,41.0,136.67889404296875,4.366173596056084,-4.4882051088391215,3.97856711172369,4.35950246929134,4.7678598893580135,-4.827263794946755,4.999935646673165,-4.981636458076784,4.9635043406871535,-4.924308200176126
99.0,41.0,137.88491821289062,4.973703060617815,-3.700574258469747,4.297560209730652,4.723134464966967,4.627264414668796,-4.95145378084551,4.9689112607123125,-4.954892730849742,4.818228332007902,-4.850530442368781
99.0,41.0,136.6900634765625,4.235093068717881,-4.809993083335561,3.610420049118468,4.86760794591442,4.707239150535367,-4.993138077138184,4.81823487404087,-4.987852483400581,4.851043027835006,-4.971623453846724
99.0,41.0,139.84825134277344,4.982857542802356,-3.1492535675360345,4.876637139662046,3.701016798891516,4.839724575745016,-4.645293643022617,4.9999490585707225,-4.746541647216854,4.993622819021807,-4.873706054377471
99.0,41.0,138.32923889160156,4.26694433964732,-4.809396275041378,3.709338447233362,4.751793539799081,4.936752431875235,-4.808277053709806,4.997456167238523,-4.850339964112251,4.773989323055279,-4.874531344962247
99.0,41.0,134.98455810546875,4.604234882845857,-3.957938204708412,4.479797642415523,4.437682567173262,4.987476325286644,-4.910680910369487,4.999891409040872,-4.981634633266749,4.960154439215145,-4.949495528954765
99.0,41.0,138.5729522705078,3.799220369679596,-4.886211247888088,2.8015865340162147,4.992102597632449,4.902219305387594,-4.999741127459955,4.883413261846134,-4.996797995548771,4.778948104875664,-4.88875515479875
99.0,41.0,139.12939453125,3.936742574560678,-4.8690408732006425,4.191295633602785,4.981228171058335,4.487997989677439,-4.992481495020989,4.950479976264718,-4.87717501127668,4.708623339249368,-4.805002839555877
99.0,41.0,137.76097106933594,3.9658945888957766,-4.992229817986952,4.468541207039996,4.9541752844062685,4.776747368004639,-4.835480917691353,4.793273489461802,-4.9999929070690765,4.637713260601231,-4.912921683879946
99.0,41.0,136.67193603515625,3.663252646058421,-4.291503975213104,3.631185996946909,4.9531709563628565,4.9446254440186905,-4.946738355958929,4.981796847609239,-4.999972819991587,4.913421799082181,-4.894827048680585
99.0,41.0,136.4256134033203,3.720162670139636,-4.076745133353578,4.159116439941931,4.746298886019186,4.977616812976038,-4.819258865202468,4.992590836970914,-4.999965414784363,4.988363103559152,-4.871615156261225
99.0,41.0,137.7160186767578,4.0224137046853485,-4.581760482608988,3.868558836099764,4.794757860998749,4.851428338277861,-4.997769977565888,4.922134062119622,-4.904942575181319,4.970420261248618,-4.759670877992708
99.0,41.0,135.30223083496094,4.701360223902981,-4.999998353188077,3.2182975930567768,4.89415892382786,4.877082238910253,-4.960545111239732,4.854059969278234,-4.985967593639966,4.91418365785129,-4.99899772911433
99.0,41.0,138.5237579345703,4.278255661589864,-4.388946734173786,4.486606055616189,4.512457006360076,4.937974222482504,-4.628488369464067,4.990015866429752,-4.829406456288952,4.916026932231268,-4.800458552289449
99.0,41.0,137.22198486328125,4.999602432082314,-4.62083816608937,4.301951602293397,4.4838209691602735,4.671628019350377,-4.94672298494641,4.867304351544372,-4.901461499290637,4.818596912568374,-4.914466272223648
99.0,41.0,138.224365234375,4.245507867084124,-4.995882163702714,4.372132082044001,4.947674744158787,4.999519042932405,-4.691068654992332,4.987063528387832,-4.655824247099737,4.682846424518544,-4.926973361298637
99.0,41.0,138.84829711914062,3.601784066419133,-4.820939220994756,4.062636146589197,4.999575568194689,4.820922847658107,-4.787841628893607,4.916583213248984,-4.825972511024506,4.995001229315742,-4.695932583797472
99.0,41.0,139.4591064453125,3.1842469355545218,-3.939679892022571,4.773447200257064,4.502741361968244,4.8160800113363305,-4.944446974441998,4.962776361649399,-4.790779086678004,4.9094428895983935,-4.789862309047919
99.0,41.0,136.89846801757812,3.67523334825344,-4.973236770368466,4.27063536482205,4.942819599162306,4.984646311052876,-4.832446993220719,4.999927863402761,-4.955661037017089,4.958647892792558,-4.691560813455865
99.0,41.0,136.35952758789062,4.579881334307334,-3.901884396947617,3.581269402432557,4.820380193387519,4.996233472605455,-4.962876271805291,4.911228433631376,-4.9448569160697184,4.898575038343496,-4.978792990567513
99.0,41.0,137.43923950195312,3.948467417270675,-4.923621853418355,4.472532247739252,4.999545899440478,4.944737463411144,-4.719336699857342,4.992669479356151,-4.828932847211815,4.961326118299942,-4.699689602877186
99.0,41.0,137.2565155029297,4.308705381784206,-4.073244629563619,4.5669355017368485,4.7452639428367664,4.916693972639767,-4.523396460177443,4.997617647777446,-4.840668856003976,4.922644878963775,-4.929641689671211
99.0,41.0,137.80125427246094,4.925005156096362,-4.999425575653647,4.984669934857488,3.519997685964039,4.994405007689907,-4.609484596068768,4.762234212967211,-4.850328074275511,4.860086802817745,-4.987549460314912
99.0,41.0,138.38983154296875,4.315242836170926,-4.425518770327236,3.257331324289079,4.85789122062043,4.966240415279208,-4.847510478277176,4.998265172758458,-4.91364142548189,4.765194813550137,-4.911942871028387
99.0,41.0,138.49468994140625,4.1055139612751645,-4.472503907509169,4.966690134262105,4.626859537696245,4.61905913259363,-4.668646686845889,4.747228900134117,-4.998456063864108,4.785903782694467,-4.891524314533763
99.0,41.0,137.20907592773438,3.9818610519111504,-4.189535011774421,4.383673855866824,4.186940454140516,4.9288829072268605,-4.732846155800833,4.988647737003014,-4.999542853995637,4.978924030808031,-4.889590744398749
99.0,41.0,137.118408203125,4.671943184892981,-3.305822592990936,4.282597989773556,4.7893751714384845,4.998882373560086,-4.975158808098513,4.987876877298288,-4.834963760670053,4.761757553874229,-4.991458386658961
99.0,41.0,134.9684295654297,4.476372256193947,-4.219844862851518,4.380743905423258,4.60116125445453,4.825433219766541,-4.897488851308571,4.999880811456892,-4.9999714950383884,4.942666976100521,-4.963754807097019
99.0,41.0,138.3560333251953,4.9284597704209645,-4.427004483963805,4.430212251418577,4.7753749387657605,4.954868382041441,-4.856128219065655,4.970407406255204,-4.9937731557752,4.328343256176277,-4.979137492006151
99.0,41.0,139.2035675048828,3.407450496584077,-4.309183959804227,4.805655272104197,3.633448949395845,4.999598781120258,-4.593830484236456,4.765230238341959,-4.931529048088523,4.921830875377806,-4.999945903897606
99.0,41.0,136.8670654296875,4.5154049380820585,-4.999830313613746,4.926930374036599,4.975849404934939,4.951744207154095,-4.938076241571282,4.899384468809394,-4.899875582020491,4.650878690391252,-4.780254241209379
99.0,41.0,138.314208984375,4.3631281537947375,-4.621400097200569,3.409060581135626,4.824506702776232,4.965393056029528,-4.970482860116888,4.894168550277248,-4.817611668728235,4.96085710555184,-4.781734443085616
99.0,41.0,138.9652099609375,4.965523556213555,-3.69654208877155,4.868737320338327,4.735805044744355,4.712370234569026,-4.693211759432335,4.988264125761406,-4.780210245889814,4.718543582405175,-4.887877818505563
99.0,41.0,136.22703552246094,3.8413751079883567,-4.655994510980026,4.775289291391134,4.61162305169195,4.504631978809305,-4.935887206880548,4.870392107784635,-4.999994672068723,4.938143551026134,-4.916050524184893
99.0,41.0,135.6623992919922,4.97251539460233,-4.551387713226452,4.995892492040159,4.163580315466405,4.917093513866383,-4.513405357717886,4.763334779905844,-4.999823617826935,4.973640763825804,-4.992011363681214
99.0,42.0,137.53488159179688,3.88724386688975,-4.917411411935095,4.719853049321374,4.901769688534504,4.63065575457885,-4.862158840802518,4.747346734257557,-4.9999926961341385,4.820060970486711,-4.83362349820975
99.0,42.0,135.36172485351562,4.7962929773438026,-4.665149983981363,4.109306251579614,4.753852765249123,4.776686703071688,-4.972754294999898,4.999835815321218,-4.946479254824501,4.878969037780771,-4.915223571693639
99.0,42.0,137.23948669433594,4.842706592222792,-4.742625297992266,3.725734050855044,4.563197078075667,4.689213909664665,-4.997510482309352,4.761625018931968,-4.999998451956655,4.802991484401472,-4.970613113577274
99.0,42.0,138.171875,4.714147099120458,-4.81336460691587,4.783452635583105,4.972335942123404,4.764191651244319,-4.867941168920439,4.9056561459999255,-4.99393854388163,4.32057507345785,-4.952506784179748
99.0,42.0,138.55743408203125,4.70348452841815,-3.9195812661895246,4.291156952123684,4.201973238122564,4.913559187904797,-4.850985367684343,4.997220498991643,-4.847266699572189,4.70567494747079,-4.990332977610272
99.0,42.0,137.9989776611328,4.987199660510754,-2.964791850665098,4.985593506118324,4.982566837014448,4.623312250270109,-4.653746504480757,4.9754225045849925,-4.996741722610771,4.744588580918727,-4.8991372827541735
99.0,42.0,138.1919708251953,4.410370508607751,-4.193529397076084,3.018016479531748,4.608184831744822,4.883255141321886,-4.998589937812281,4.907242099054585,-4.994488186522806,4.7917723072933045,-4.987897535354578
99.0,42.0,136.28787231445312,4.337114775010593,-4.7441857508007645,2.482690568969553,4.875266008547553,4.785140080012212,-4.991308297353525,4.979277127860142,-4.997552967312194,4.974174748020775,-4.999686123657771
99.0,42.0,136.59207153320312,4.337257437750562,-4.766733798814178,4.636830911157404,4.777131670171528,4.979836266033576,-4.924246940967544,4.967463373280742,-4.967394150855919,4.623685288844406,-4.893011220520966
99.0,42.0,133.82081604003906,4.9687400896357214,-3.715231062535046,4.874477454224264,4.770068254103144,4.997197916366207,-4.864805994219106,4.983836464868938,-4.914280360127799,4.950251286900341,-4.992598930795853
99.0,42.0,136.7526397705078,4.849000979945634,-2.472231265898635,4.995679304045185,4.968090285732279,4.685738878516807,-4.618508877959892,4.99995366411593,-4.887859710991373,4.993500620752789,-4.959100357634398
99.0,42.0,137.7445526123047,3.9438589638357855,-2.9259378568969145,4.389178540460672,4.910986754024636,4.77454984264031,-4.737358296746395,4.997346360979157,-4.999794534438116,4.989128005963153,-4.875366193058492
99.0,42.0,138.18426513671875,4.071891414760669,-4.411000367625898,4.718474642682887,4.931785612493523,4.719065396817543,-4.520342238781797,4.883503254117482,-4.93160298669425,4.881070394941807,-4.83819434177186
99.0,42.0,135.70840454101562,4.977266415041942,-4.574111777482618,4.4329390016613575,4.637052124248047,4.533966612620341,-4.971068536294503,4.805987634174246,-4.999998197651925,4.892744182871286,-4.9607667971107166
99.0,42.0,135.7598114013672,3.7122007130830506,-4.995273194981279,4.068808523062078,4.933759418532749,4.725619341040952,-4.997602441578988,4.999894628295191,-4.99652124667642,4.755727360524839,-4.9798569271589415
99.0,42.0,136.6551971435547,4.2252641509078215,-4.999091055907369,3.542639637179441,4.909429080865526,4.671837304969641,-4.999290749366677,4.926960681232927,-4.998549927561225,4.733495243054205,-4.9957414284220985
99.0,42.0,137.88491821289062,4.973703060617815,-3.700574258469747,4.297560209730652,4.723134464966967,4.627264414668796,-4.95145378084551,4.9689112607123125,-4.954892730849742,4.818228332007902,-4.850530442368781
99.0,42.0,135.03402709960938,4.722240744971424,-4.631922530449197,3.64709612030852,4.890894125346702,4.867053009292519,-4.81810481447355,4.854140709547695,-4.9811320395858285,4.988511435805538,-4.999737161654099
99.0,42.0,137.2985076904297,4.982857542802356,-4.979318162677283,4.15097763696995,4.9589848399972665,4.996430252449681,-4.753006315194318,4.999946999425225,-4.917916542884024,4.961333922374407,-4.582293969242777
99.0,42.0,138.32923889160156,4.26694433964732,-4.809396275041378,3.709338447233362,4.751793539799081,4.936752431875235,-4.808277053709806,4.997456167238523,-4.850339964112251,4.773989323055279,-4.874531344962247
99.0,42.0,134.98455810546875,4.604234882845857,-3.957938204708412,4.479797642415523,4.437682567173262,4.987476325286644,-4.910680910369487,4.999891409040872,-4.981634633266749,4.960154439215145,-4.949495528954765
99.0,42.0,138.37916564941406,4.633658828551171,-4.330441852982363,4.29359954670813,4.2155928856421125,4.989898631905186,-4.888225469018976,4.9990838354555285,-4.855886444137232,4.601142622121515,-4.999014051816631
99.0,42.0,138.08387756347656,4.999937194358812,-4.780171656326134,3.9146312246336334,4.492508363123835,4.581077851716879,-4.9513548269690055,4.857810329095214,-4.943417270205789,4.708623339249368,-4.95833789853834
99.0,42.0,137.76097106933594,3.9658945888957766,-4.992229817986952,4.468541207039996,4.9541752844062685,4.776747368004639,-4.835480917691353,4.793273489461802,-4.9999929070690765,4.637713260601231,-4.912921683879946
99.0,42.0,136.67193603515625,3.663252646058421,-4.291503975213104,3.631185996946909,4.9531709563628565,4.9446254440186905,-4.946738355958929,4.981796847609239,-4.999972819991587,4.913421799082181,-4.894827048680585
99.0,42.0,136.4256134033203,3.720162670139636,-4.076745133353578,4.159116439941931,4.746298886019186,4.977616812976038,-4.819258865202468,4.992590836970914,-4.999965414784363,4.988363103559152,-4.871615156261225
99.0,42.0,137.7160186767578,4.0224137046853485,-4.581760482608988,3.868558836099764,4.794757860998749,4.851428338277861,-4.997769977565888,4.922134062119622,-4.904942575181319,4.970420261248618,-4.759670877992708
99.0,42.0,135.30223083496094,4.701360223902981,-4.999998353188077,3.2182975930567768,4.89415892382786,4.877082238910253,-4.960545111239732,4.854059969278234,-4.985967593639966,4.91418365785129,-4.99899772911433
99.0,42.0,138.5237579345703,4.278255661589864,-4.388946734173786,4.486606055616189,4.512457006360076,4.937974222482504,-4.628488369464067,4.990015866429752,-4.829406456288952,4.916026932231268,-4.800458552289449
99.0,42.0,137.22198486328125,4.999602432082314,-4.62083816608937,4.301951602293397,4.4838209691602735,4.671628019350377,-4.94672298494641,4.867304351544372,-4.901461499290637,4.818596912568374,-4.914466272223648
99.0,42.0,137.92454528808594,4.125186010342244,-4.769405754567832,4.0644568152285,4.8631381956553685,4.798024405304189,-4.916320850459703,4.820757642267402,-4.908802182431186,4.890459038019276,-4.807678970647682
99.0,42.0,138.84829711914062,3.601784066419133,-4.820939220994756,4.062636146589197,4.999575568194689,4.820922847658107,-4.787841628893607,4.916583213248984,-4.825972511024506,4.995001229315742,-4.695932583797472
99.0,42.0,137.34368896484375,3.723712548068317,-4.999155462420518,4.517077025421774,4.990617478134217,4.981615639949675,-4.942187322224342,4.746968418105954,-4.790779086678004,4.9094428895983935,-4.803195812798602
99.0,42.0,136.89846801757812,3.67523334825344,-4.973236770368466,4.27063536482205,4.942819599162306,4.984646311052876,-4.832446993220719,4.999927863402761,-4.955661037017089,4.958647892792558,-4.691560813455865
99.0,42.0,136.35952758789062,4.579881334307334,-3.901884396947617,3.581269402432557,4.820380193387519,4.996233472605455,-4.962876271805291,4.911228433631376,-4.9448569160697184,4.898575038343496,-4.978792990567513
99.0,42.0,137.43923950195312,3.948467417270675,-4.923621853418355,4.472532247739252,4.999545899440478,4.944737463411144,-4.719336699857342,4.992669479356151,-4.828932847211815,4.961326118299942,-4.699689602877186
99.0,42.0,137.2565155029297,4.308705381784206,-4.073244629563619,4.5669355017368485,4.7452639428367664,4.916693972639767,-4.523396460177443,4.997617647777446,-4.840668856003976,4.922644878963775,-4.929641689671211
99.0,42.0,137.80125427246094,4.925005156096362,-4.999425575653647,4.984669934857488,3.519997685964039,4.994405007689907,-4.609484596068768,4.762234212967211,-4.850328074275511,4.860086802817745,-4.987549460314912
99.0,42.0,138.38983154296875,4.315242836170926,-4.425518770327236,3.257331324289079,4.85789122062043,4.966240415279208,-4.847510478277176,4.998265172758458,-4.91364142548189,4.765194813550137,-4.911942871028387
99.0,42.0,136.28829956054688,3.533873600222635,-4.607273131499685,4.3475792620564935,4.831980026693341,4.507957589577399,-4.962581654053374,4.866282598374379,-4.999996900383215,4.936840984451591,-4.963234772380462
99.0,42.0,137.20907592773438,3.9818610519111504,-4.189535011774421,4.383673855866824,4.186940454140516,4.9288829072268605,-4.732846155800833,4.988647737003014,-4.999542853995637,4.978924030808031,-4.889590744398749
99.0,42.0,137.118408203125,4.671943184892981,-3.305822592990936,4.282597989773556,4.7893751714384845,4.998882373560086,-4.975158808098513,4.987876877298288,-4.834963760670053,4.761757553874229,-4.991458386658961
99.0,42.0,134.9684295654297,4.476372256193947,-4.219844862851518,4.380743905423258,4.60116125445453,4.825433219766541,-4.897488851308571,4.999880811456892,-4.9999714950383884,4.942666976100521,-4.963754807097019
99.0,42.0,137.84613037109375,3.7971440718931015,-4.623530380495224,3.363676043305836,4.9811947864993655,4.937149208985,-4.953198990842491,4.991654201308631,-4.999999801259132,4.931830307789557,-4.740634503459715
99.0,42.0,139.2035675048828,3.407450496584077,-4.309183959804227,4.805655272104197,3.633448949395845,4.999598781120258,-4.593830484236456,4.765230238341959,-4.931529048088523,4.921830875377806,-4.999945903897606
99.0,42.0,136.8670654296875,4.5154049380820585,-4.999830313613746,4.926930374036599,4.975849404934939,4.951744207154095,-4.938076241571282,4.899384468809394,-4.899875582020491,4.650878690391252,-4.780254241209379
99.0,42.0,138.314208984375,4.3631281537947375,-4.621400097200569,3.409060581135626,4.824506702776232,4.965393056029528,-4.970482860116888,4.894168550277248,-4.817611668728235,4.96085710555184,-4.781734443085616
99.0,42.0,138.9652099609375,4.965523556213555,-3.69654208877155,4.868737320338327,4.735805044744355,4.712370234569026,-4.693211759432335,4.988264125761406,-4.780210245889814,4.718543582405175,-4.887877818505563
99.0,42.0,136.22703552246094,3.8413751079883567,-4.655994510980026,4.775289291391134,4.61162305169195,4.504631978809305,-4.935887206880548,4.870392107784635,-4.999994672068723,4.938143551026134,-4.916050524184893
99.0,42.0,135.6623992919922,4.97251539460233,-4.551387713226452,4.995892492040159,4.163580315466405,4.917093513866383,-4.513405357717886,4.763334779905844,-4.999823617826935,4.973640763825804,-4.992011363681214
99.0,43.0,137.26190185546875,4.395242693270975,-4.8685764794020825,4.701034249154285,4.76110663749145,4.819367933828477,-4.90184482552223,4.808662228253458,-4.89249935722958,4.7363865285467,-4.883867329178308
99.0,43.0,135.36172485351562,4.7962929773438026,-4.665149983981363,4.109306251579614,4.753852765249123,4.776686703071688,-4.972754294999898,4.999835815321218,-4.946479254824501,4.878969037780771,-4.915223571693639
99.0,43.0,137.23948669433594,4.842706592222792,-4.742625297992266,3.725734050855044,4.563197078075667,4.689213909664665,-4.997510482309352,4.761625018931968,-4.999998451956655,4.802991484401472,-4.970613113577274
99.0,43.0,135.26083374023438,4.300629570951983,-4.93731087643226,4.369167955876307,4.910672258572893,4.930778735378739,-4.9206061207381655,4.998842171520198,-4.968926541250612,4.714886509208141,-4.952506784179748
99.0,43.0,138.55743408203125,4.70348452841815,-3.9195812661895246,4.291156952123684,4.201973238122564,4.913559187904797,-4.850985367684343,4.997220498991643,-4.847266699572189,4.70567494747079,-4.990332977610272
99.0,43.0,137.9989776611328,4.987199660510754,-2.964791850665098,4.985593506118324,4.982566837014448,4.623312250270109,-4.653746504480757,4.9754225045849925,-4.996741722610771,4.744588580918727,-4.8991372827541735
99.0,43.0,138.1919708251953,4.410370508607751,-4.193529397076084,3.018016479531748,4.608184831744822,4.883255141321886,-4.998589937812281,4.907242099054585,-4.994488186522806,4.7917723072933045,-4.987897535354578
99.0,43.0,135.73191833496094,4.972440381062285,-3.816292634305893,4.5553570468126985,4.875266008547553,4.999434606448429,-4.7876536940473216,4.9954584098063926,-4.839451891992318,4.8688254562021855,-4.948247217086745
99.0,43.0,136.59207153320312,4.337257437750562,-4.766733798814178,4.636830911157404,4.777131670171528,4.979836266033576,-4.924246940967544,4.967463373280742,-4.967394150855919,4.623685288844406,-4.893011220520966
99.0,43.0,133.82081604003906,4.9687400896357214,-3.715231062535046,4.874477454224264,4.770068254103144,4.997197916366207,-4.864805994219106,4.983836464868938,-4.914280360127799,4.950251286900341,-4.992598930795853
99.0,43.0,136.7526397705078,4.849000979945634,-2.472231265898635,4.995679304045185,4.968090285732279,4.685738878516807,-4.618508877959892,4.99995366411593,-4.887859710991373,4.993500620752789,-4.959100357634398
99.0,43.0,136.8144073486328,4.9362487727690985,-4.467439758647602,3.706653840429555,4.6830105914619935,4.849345486882239,-4.737358296746395,4.997346360979157,-4.990313712053193,4.764065829897969,-4.992146056902437
99.0,43.0,138.18426513671875,4.071891414760669,-4.411000367625898,4.718474642682887,4.931785612493523,4.719065396817543,-4.520342238781797,4.883503254117482,-4.93160298669425,4.881070394941807,-4.83819434177186
99.0,43.0,135.70840454101562,4.977266415041942,-4.574111777482618,4.4329390016613575,4.637052124248047,4.533966612620341,-4.971068536294503,4.805987634174246,-4.999998197651925,4.892744182871286,-4.9607667971107166
99.0,43.0,135.7598114013672,3.7122007130830506,-4.995273194981279,4.068808523062078,4.933759418532749,4.725619341040952,-4.997602441578988,4.999894628295191,-4.99652124667642,4.755727360524839,-4.9798569271589415
99.0,43.0,136.6551971435547,4.2252641509078215,-4.999091055907369,3.542639637179441,4.909429080865526,4.671837304969641,-4.999290749366677,4.926960681232927,-4.998549927561225,4.733495243054205,-4.9957414284220985
99.0,43.0,137.82701110839844,3.713975652047392,-4.995445120521285,4.247788815801999,4.999894104902537,4.627264414668796,-4.997765094423918,4.877083418862712,-4.891928082623241,4.788427303653172,-4.850530442368781
99.0,43.0,135.03402709960938,4.722240744971424,-4.631922530449197,3.64709612030852,4.890894125346702,4.867053009292519,-4.81810481447355,4.854140709547695,-4.9811320395858285,4.988511435805538,-4.999737161654099
99.0,43.0,137.2985076904297,4.982857542802356,-4.979318162677283,4.15097763696995,4.9589848399972665,4.996430252449681,-4.753006315194318,4.999946999425225,-4.917916542884024,4.961333922374407,-4.582293969242777
99.0,43.0,138.32923889160156,4.26694433964732,-4.809396275041378,3.709338447233362,4.751793539799081,4.936752431875235,-4.808277053709806,4.997456167238523,-4.850339964112251,4.773989323055279,-4.874531344962247
99.0,43.0,134.98455810546875,4.604234882845857,-3.957938204708412,4.479797642415523,4.437682567173262,4.987476325286644,-4.910680910369487,4.999891409040872,-4.981634633266749,4.960154439215145,-4.949495528954765
99.0,43.0,136.8548126220703,4.499787948423425,-4.658155646554452,4.101853545644232,4.59300608899123,4.703816586068184,-4.94842864873872,4.9990838354555285,-4.967800215896525,4.778181751666402,-4.92698820491084
99.0,43.0,135.53224182128906,4.49877023218203,-4.81736379630251,4.196009715493296,4.907608472047096,4.438359092895436,-4.996474201832262,4.914847343387503,-4.943417270205789,4.9714838312400005,-4.915946153063139
99.0,43.0,137.76097106933594,3.9658945888957766,-4.992229817986952,4.468541207039996,4.9541752844062685,4.776747368004639,-4.835480917691353,4.793273489461802,-4.9999929070690765,4.637713260601231,-4.912921683879946
99.0,43.0,136.67193603515625,3.663252646058421,-4.291503975213104,3.631185996946909,4.9531709563628565,4.9446254440186905,-4.946738355958929,4.981796847609239,-4.999972819991587,4.913421799082181,-4.894827048680585
99.0,43.0,136.4256134033203,3.720162670139636,-4.076745133353578,4.159116439941931,4.746298886019186,4.977616812976038,-4.819258865202468,4.992590836970914,-4.999965414784363,4.988363103559152,-4.871615156261225
99.0,43.0,137.7160186767578,4.0224137046853485,-4.581760482608988,3.868558836099764,4.794757860998749,4.851428338277861,-4.997769977565888,4.922134062119622,-4.904942575181319,4.970420261248618,-4.759670877992708
99.0,43.0,135.30223083496094,4.701360223902981,-4.999998353188077,3.2182975930567768,4.89415892382786,4.877082238910253,-4.960545111239732,4.854059969278234,-4.985967593639966,4.91418365785129,-4.99899772911433
99.0,43.0,136.91122436523438,3.5700389436281244,-4.999675315359854,3.209452530787569,4.956551008248693,4.830517819644588,-4.996933036923387,4.93340347468139,-4.999691130268944,4.781091976591345,-4.9971785253416
99.0,43.0,137.0414581298828,3.768356445426495,-4.620651539902919,4.51849868424145,4.716182344700068,4.661276538839961,-4.876932681996585,4.7944590669860405,-4.999994116074394,4.990297879170226,-4.839247509668386
99.0,43.0,137.10354614257812,4.816166650672468,-4.861326283400876,4.714148902758822,4.8631381956553685,4.9777514984235065,-4.695674153956146,4.995138281547503,-4.908802182431186,4.990763243145192,-4.571117905927958
99.0,43.0,136.66514587402344,4.854382042508518,-4.587213384007914,4.794030629701572,4.13068707501254,4.807534452681287,-4.65253822857871,4.766947354375365,-4.999859126022105,4.870841384938252,-4.9980620198238
99.0,43.0,137.34368896484375,3.723712548068317,-4.999155462420518,4.517077025421774,4.990617478134217,4.981615639949675,-4.942187322224342,4.746968418105954,-4.790779086678004,4.9094428895983935,-4.803195812798602
99.0,43.0,136.89846801757812,3.67523334825344,-4.973236770368466,4.27063536482205,4.942819599162306,4.984646311052876,-4.832446993220719,4.999927863402761,-4.955661037017089,4.958647892792558,-4.691560813455865
99.0,43.0,135.84304809570312,4.82887305893824,-4.971092976704787,3.611219033733196,4.7672379232785325,4.710539040574163,-4.9803618024531735,4.82998343159151,-4.995400672673014,4.866300031384164,-4.979512546842638
99.0,43.0,137.43923950195312,3.948467417270675,-4.923621853418355,4.472532247739252,4.999545899440478,4.944737463411144,-4.719336699857342,4.992669479356151,-4.828932847211815,4.961326118299942,-4.699689602877186
99.0,43.0,136.84271240234375,4.109836886481605,-4.118783291080672,4.5669355017368485,4.6412544979016594,4.611035798617623,-4.523396460177443,4.93429402702482,-4.999979042123166,4.970104511023735,-4.989629444705852
99.0,43.0,137.80125427246094,4.925005156096362,-4.999425575653647,4.984669934857488,3.519997685964039,4.994405007689907,-4.609484596068768,4.762234212967211,-4.850328074275511,4.860086802817745,-4.987549460314912
99.0,43.0,137.047119140625,4.79542911913505,-4.425518770327236,2.457732271712377,4.808870627059884,4.8109440943055946,-4.9993772552767055,4.94399292087121,-4.91364142548189,4.966751367651431,-4.999905078707422
99.0,43.0,136.28829956054688,3.533873600222635,-4.607273131499685,4.3475792620564935,4.831980026693341,4.507957589577399,-4.962581654053374,4.866282598374379,-4.999996900383215,4.936840984451591,-4.963234772380462
99.0,43.0,137.20907592773438,3.9818610519111504,-4.189535011774421,4.383673855866824,4.186940454140516,4.9288829072268605,-4.732846155800833,4.988647737003014,-4.999542853995637,4.978924030808031,-4.889590744398749
99.0,43.0,137.118408203125,4.671943184892981,-3.305822592990936,4.282597989773556,4.7893751714384845,4.998882373560086,-4.975158808098513,4.987876877298288,-4.834963760670053,4.761757553874229,-4.991458386658961
99.0,43.0,134.9684295654297,4.476372256193947,-4.219844862851518,4.380743905423258,4.60116125445453,4.825433219766541,-4.897488851308571,4.999880811456892,-4.9999714950383884,4.942666976100521,-4.963754807097019
99.0,43.0,136.37107849121094,3.6302440056218863,-4.996814704126582,4.413289521267231,4.968588529284854,4.837444755898092,-4.90833712876547,4.964275617639996,-4.9981152880567565,4.942798107544592,-4.733460092152721
99.0,43.0,139.2035675048828,3.407450496584077,-4.309183959804227,4.805655272104197,3.633448949395845,4.999598781120258,-4.593830484236456,4.765230238341959,-4.931529048088523,4.921830875377806,-4.999945903897606
99.0,43.0,136.8670654296875,4.5154049380820585,-4.999830313613746,4.926930374036599,4.975849404934939,4.951744207154095,-4.938076241571282,4.899384468809394,-4.899875582020491,4.650878690391252,-4.780254241209379
99.0,43.0,137.61337280273438,4.1393784638604085,-4.621400097200569,2.977652222918601,4.765147857383262,4.981011948985812,-4.996968791487511,4.998280442864052,-4.9478226395269465,4.8188411678588094,-4.928653278273069
99.0,43.0,137.7870330810547,4.451249470915405,-4.686716686663714,3.911819246970489,4.842681183169699,4.950631261850607,-4.916112709933195,4.955449936951593,-4.9094997554077375,4.9899955475649564,-4.646978377290255
99.0,43.0,136.22703552246094,3.8413751079883567,-4.655994510980026,4.775289291391134,4.61162305169195,4.504631978809305,-4.935887206880548,4.870392107784635,-4.999994672068723,4.938143551026134,-4.916050524184893
99.0,43.0,135.36410522460938,4.97251539460233,-4.459618888115057,4.995892492040159,3.859719456151942,4.987834529066729,-4.720016748438458,4.888568089562707,-4.996863938665035,4.967349879348786,-4.953739287574088
99.0,44.0,137.26190185546875,4.395242693270975,-4.8685764794020825,4.701034249154285,4.76110663749145,4.819367933828477,-4.90184482552223,4.808662228253458,-4.89249935722958,4.7363865285467,-4.883867329178308
99.0,44.0,135.36172485351562,4.7962929773438026,-4.665149983981363,4.109306251579614,4.753852765249123,4.776686703071688,-4.972754294999898,4.999835815321218,-4.946479254824501,4.878969037780771,-4.915223571693639
99.0,44.0,136.07891845703125,3.6716801599613103,-4.993876277380594,4.587601908916334,4.965718864386197,4.674167670835745,-4.99008887928681,4.793799717849298,-4.999994405582803,4.802991484401472,-4.932754271128808
99.0,44.0,135.26083374023438,4.300629570951983,-4.93731087643226,4.369167955876307,4.910672258572893,4.930778735378739,-4.9206061207381655,4.998842171520198,-4.968926541250612,4.714886509208141,-4.952506784179748
99.0,44.0,135.42918395996094,4.70348452841815,-4.482529508720583,3.2150807484753328,4.69830464963219,4.935882298285591,-4.998867277844859,4.9439905161843685,-4.990511993367781,4.942312565898302,-4.999276868767287
99.0,44.0,137.4290008544922,4.648117391899934,-4.462233133566814,3.232714823753773,4.982566837014448,4.890109086773263,-4.949880175460941,4.999846274878147,-4.952912293534576,4.7758155198721175,-4.8991372827541735
99.0,44.0,137.6518096923828,4.410370508607751,-4.894187200389345,3.018016479531748,4.744331505492586,4.930809422120097,-4.987461065075745,4.941275698224202,-4.988702263122509,4.768615499725176,-4.918457012340678
99.0,44.0,135.73191833496094,4.972440381062285,-3.816292634305893,4.5553570468126985,4.875266008547553,4.999434606448429,-4.7876536940473216,4.9954584098063926,-4.839451891992318,4.8688254562021855,-4.948247217086745
99.0,44.0,135.59310913085938,4.399915498494733,-3.8981900085020142,3.936153319547534,4.4483752391079285,4.997472405889689,-4.934803213682598,4.9999329270831465,-4.987248845376262,4.976330141285333,-4.977811882409128
99.0,44.0,133.82081604003906,4.9687400896357214,-3.715231062535046,4.874477454224264,4.770068254103144,4.997197916366207,-4.864805994219106,4.983836464868938,-4.914280360127799,4.950251286900341,-4.992598930795853
99.0,44.0,136.5359649658203,4.891583578300008,-4.881230880227679,4.668851697859546,4.285033386337485,4.445055622247483,-4.8027321041228905,4.796824228439083,-4.894669987580071,4.992106648719468,-4.959100357634398
99.0,44.0,136.8144073486328,4.9362487727690985,-4.467439758647602,3.706653840429555,4.6830105914619935,4.849345486882239,-4.737358296746395,4.997346360979157,-4.990313712053193,4.764065829897969,-4.992146056902437
99.0,44.0,138.18426513671875,4.071891414760669,-4.411000367625898,4.718474642682887,4.931785612493523,4.719065396817543,-4.520342238781797,4.883503254117482,-4.93160298669425,4.881070394941807,-4.83819434177186
99.0,44.0,135.70840454101562,4.977266415041942,-4.574111777482618,4.4329390016613575,4.637052124248047,4.533966612620341,-4.971068536294503,4.805987634174246,-4.999998197651925,4.892744182871286,-4.9607667971107166
99.0,44.0,133.41175842285156,4.921968999362568,-3.852823832207378,4.884017559437009,4.710161497409981,4.917132127757419,-4.994882087000584,4.999894628295191,-4.919122730079531,4.969714114152094,-4.981832459133271
99.0,44.0,136.6551971435547,4.2252641509078215,-4.999091055907369,3.542639637179441,4.909429080865526,4.671837304969641,-4.999290749366677,4.926960681232927,-4.998549927561225,4.733495243054205,-4.9957414284220985
99.0,44.0,136.9385223388672,4.975866035008361,-4.126223265939371,4.218189342495968,4.926561771679882,4.999976736014951,-4.825369143001808,4.999862624924147,-4.764850447050625,4.7663581023258095,-4.940717517368494
99.0,44.0,135.03402709960938,4.722240744971424,-4.631922530449197,3.64709612030852,4.890894125346702,4.867053009292519,-4.81810481447355,4.854140709547695,-4.9811320395858285,4.988511435805538,-4.999737161654099
99.0,44.0,137.2985076904297,4.982857542802356,-4.979318162677283,4.15097763696995,4.9589848399972665,4.996430252449681,-4.753006315194318,4.999946999425225,-4.917916542884024,4.961333922374407,-4.582293969242777
99.0,44.0,138.12709045410156,4.994644887198668,-4.881098601177204,4.457700870434605,3.584891429891665,4.936752431875235,-4.567614590544428,4.997456167238523,-4.894644415453636,4.773989323055279,-4.999212511583633
99.0,44.0,134.98455810546875,4.604234882845857,-3.957938204708412,4.479797642415523,4.437682567173262,4.987476325286644,-4.910680910369487,4.999891409040872,-4.981634633266749,4.960154439215145,-4.949495528954765
99.0,44.0,136.8548126220703,4.499787948423425,-4.658155646554452,4.101853545644232,4.59300608899123,4.703816586068184,-4.94842864873872,4.9990838354555285,-4.967800215896525,4.778181751666402,-4.92698820491084
99.0,44.0,135.53224182128906,4.49877023218203,-4.81736379630251,4.196009715493296,4.907608472047096,4.438359092895436,-4.996474201832262,4.914847343387503,-4.943417270205789,4.9714838312400005,-4.915946153063139
99.0,44.0,137.76097106933594,3.9658945888957766,-4.992229817986952,4.468541207039996,4.9541752844062685,4.776747368004639,-4.835480917691353,4.793273489461802,-4.9999929070690765,4.637713260601231,-4.912921683879946
99.0,44.0,136.67193603515625,3.663252646058421,-4.291503975213104,3.631185996946909,4.9531709563628565,4.9446254440186905,-4.946738355958929,4.981796847609239,-4.999972819991587,4.913421799082181,-4.894827048680585
99.0,44.0,136.4256134033203,3.720162670139636,-4.076745133353578,4.159116439941931,4.746298886019186,4.977616812976038,-4.819258865202468,4.992590836970914,-4.999965414784363,4.988363103559152,-4.871615156261225
99.0,44.0,135.86187744140625,4.991372815974073,-4.581760482608988,3.797525811054316,4.838168958531959,4.937206380555226,-4.711773327068888,4.869572041501449,-4.936475486773043,4.991765535930735,-4.9185660685417165
99.0,44.0,135.30223083496094,4.701360223902981,-4.999998353188077,3.2182975930567768,4.89415892382786,4.877082238910253,-4.960545111239732,4.854059969278234,-4.985967593639966,4.91418365785129,-4.99899772911433
99.0,44.0,136.91122436523438,3.5700389436281244,-4.999675315359854,3.209452530787569,4.956551008248693,4.830517819644588,-4.996933036923387,4.93340347468139,-4.999691130268944,4.781091976591345,-4.9971785253416
99.0,44.0,135.04627990722656,4.96992428208773,-4.928553164006359,4.438088494622275,4.075628433816794,4.716227752018651,-4.992984364790632,4.762560426663103,-4.999994116074394,4.990297879170226,-4.988067799520674
99.0,44.0,136.85313415527344,4.1370272831711565,-3.9313865007714894,4.702290435956574,4.499398617800425,4.628041860703206,-4.462980253963776,4.995138281547503,-4.999995052856438,4.99954573642657,-4.983987978355654
99.0,44.0,136.4510040283203,4.324617654947359,-4.053475252143427,4.116336598651884,4.706733775793176,4.913961849866228,-4.673794128541782,4.998355120565016,-4.999967455573128,4.939586255409681,-4.93237479998239
99.0,44.0,135.96319580078125,3.717141285078806,-4.657803917385108,4.254483463899698,4.811933404969776,4.615156300151858,-4.979322511496851,4.899075990590415,-4.999993126840826,4.923122216989984,-4.950297453576045
99.0,44.0,135.50894165039062,4.365216768404636,-4.767671534431633,4.722408340040835,4.749604075152494,4.815076166690117,-4.889748503388946,4.93409091126492,-4.970663253946764,4.806094604458789,-4.920603582692724
99.0,44.0,135.84304809570312,4.82887305893824,-4.971092976704787,3.611219033733196,4.7672379232785325,4.710539040574163,-4.9803618024531735,4.82998343159151,-4.995400672673014,4.866300031384164,-4.979512546842638
99.0,44.0,135.7064666748047,4.49055463689326,-4.999998983183353,3.5793335108406703,4.904047990440954,4.908945101953363,-4.985744961901263,4.926410700264485,-4.979864844472358,4.777371194552591,-4.975382540377154
99.0,44.0,136.84271240234375,4.109836886481605,-4.118783291080672,4.5669355017368485,4.6412544979016594,4.611035798617623,-4.523396460177443,4.93429402702482,-4.999979042123166,4.970104511023735,-4.989629444705852
99.0,44.0,137.80125427246094,4.925005156096362,-4.999425575653647,4.984669934857488,3.519997685964039,4.994405007689907,-4.609484596068768,4.762234212967211,-4.850328074275511,4.860086802817745,-4.987549460314912
99.0,44.0,137.047119140625,4.79542911913505,-4.425518770327236,2.457732271712377,4.808870627059884,4.8109440943055946,-4.9993772552767055,4.94399292087121,-4.91364142548189,4.966751367651431,-4.999905078707422
99.0,44.0,136.28829956054688,3.533873600222635,-4.607273131499685,4.3475792620564935,4.831980026693341,4.507957589577399,-4.962581654053374,4.866282598374379,-4.999996900383215,4.936840984451591,-4.963234772380462
99.0,44.0,137.20907592773438,3.9818610519111504,-4.189535011774421,4.383673855866824,4.186940454140516,4.9288829072268605,-4.732846155800833,4.988647737003014,-4.999542853995637,4.978924030808031,-4.889590744398749
99.0,44.0,136.42196655273438,4.107577286432761,-4.7561691387502325,4.469436032881414,4.7893751714384845,4.757027309816462,-4.889736626312076,4.897907306691971,-4.834963760670053,4.908686132665742,-4.925049160231856
99.0,44.0,134.9584197998047,4.476372256193947,-4.983576865623863,3.804295342865464,4.910406641077602,4.924972304283162,-4.936216391243426,4.926984348329266,-4.98968656239506,4.935072760531,-4.8999126933916415
99.0,44.0,136.37107849121094,3.6302440056218863,-4.996814704126582,4.413289521267231,4.968588529284854,4.837444755898092,-4.90833712876547,4.964275617639996,-4.9981152880567565,4.942798107544592,-4.733460092152721
99.0,44.0,138.13836669921875,3.663215139288398,-3.9698408483085217,3.410918274333178,4.978782995511875,4.950425482709541,-4.98055682876336,4.98273038389118,-4.921266796655228,4.864159587508881,-4.892081013436914
99.0,44.0,136.8670654296875,4.5154049380820585,-4.999830313613746,4.926930374036599,4.975849404934939,4.951744207154095,-4.938076241571282,4.899384468809394,-4.899875582020491,4.650878690391252,-4.780254241209379
99.0,44.0,134.904541015625,4.953714843876409,-4.757636642083957,4.493442289108434,4.745039669835512,4.840890666949545,-4.935992776700727,4.999926015691464,-4.9777050426618015,4.705601551578665,-4.9818937429577685
99.0,44.0,135.92417907714844,3.876427922342773,-4.744507803968346,4.660156295667735,4.994138155865101,4.923327104197925,-4.891995700220737,4.956253444346019,-4.955269720601462,4.946590262944502,-4.747882154002138
99.0,44.0,136.22703552246094,3.8413751079883567,-4.655994510980026,4.775289291391134,4.61162305169195,4.504631978809305,-4.935887206880548,4.870392107784635,-4.999994672068723,4.938143551026134,-4.916050524184893
99.0,44.0,135.36410522460938,4.97251539460233,-4.459618888115057,4.995892492040159,3.859719456151942,4.987834529066729,-4.720016748438458,4.888568089562707,-4.996863938665035,4.967349879348786,-4.953739287574088
99.0,45.0,137.26190185546875,4.395242693270975,-4.8685764794020825,4.701034249154285,4.76110663749145,4.819367933828477,-4.90184482552223,4.808662228253458,-4.89249935722958,4.7363865285467,-4.883867329178308
99.0,45.0,135.36172485351562,4.7962929773438026,-4.665149983981363,4.109306251579614,4.753852765249123,4.776686703071688,-4.972754294999898,4.999835815321218,-4.946479254824501,4.878969037780771,-4.915223571693639
99.0,45.0,136.07891845703125,3.6716801599613103,-4.993876277380594,4.587601908916334,4.965718864386197,4.674167670835745,-4.99008887928681,4.793799717849298,-4.999994405582803,4.802991484401472,-4.932754271128808
99.0,45.0,135.26083374023438,4.300629570951983,-4.93731087643226,4.369167955876307,4.910672258572893,4.930778735378739,-4.9206061207381655,4.998842171520198,-4.968926541250612,4.714886509208141,-4.952506784179748
99.0,45.0,135.42918395996094,4.70348452841815,-4.482529508720583,3.2150807484753328,4.69830464963219,4.935882298285591,-4.998867277844859,4.9439905161843685,-4.990511993367781,4.942312565898302,-4.999276868767287
99.0,45.0,137.4290008544922,4.648117391899934,-4.462233133566814,3.232714823753773,4.982566837014448,4.890109086773263,-4.949880175460941,4.999846274878147,-4.952912293534576,4.7758155198721175,-4.8991372827541735
99.0,45.0,137.6518096923828,4.410370508607751,-4.894187200389345,3.018016479531748,4.744331505492586,4.930809422120097,-4.987461065075745,4.941275698224202,-4.988702263122509,4.768615499725176,-4.918457012340678
99.0,45.0,135.73191833496094,4.972440381062285,-3.816292634305893,4.5553570468126985,4.875266008547553,4.999434606448429,-4.7876536940473216,4.9954584098063926,-4.839451891992318,4.8688254562021855,-4.948247217086745
99.0,45.0,134.77902221679688,4.36842881959956,-4.901546804421811,4.216295672649775,4.99348009856182,4.662185925912577,-4.971873349729459,4.857761837611972,-4.987248845376262,4.894655180072457,-4.977811882409128
99.0,45.0,133.82081604003906,4.9687400896357214,-3.715231062535046,4.874477454224264,4.770068254103144,4.997197916366207,-4.864805994219106,4.983836464868938,-4.914280360127799,4.950251286900341,-4.992598930795853
99.0,45.0,136.5359649658203,4.891583578300008,-4.881230880227679,4.668851697859546,4.285033386337485,4.445055622247483,-4.8027321041228905,4.796824228439083,-4.894669987580071,4.992106648719468,-4.959100357634398
99.0,45.0,136.8144073486328,4.9362487727690985,-4.467439758647602,3.706653840429555,4.6830105914619935,4.849345486882239,-4.737358296746395,4.997346360979157,-4.990313712053193,4.764065829897969,-4.992146056902437
99.0,45.0,135.67173767089844,3.5506006869899025,-4.953462760834963,4.718474642682887,4.877486153837191,4.683359353875058,-4.952000534403527,4.935686890762193,-4.999029109728183,4.931064084567333,-4.834667741939675
99.0,45.0,135.70840454101562,4.977266415041942,-4.574111777482618,4.4329390016613575,4.637052124248047,4.533966612620341,-4.971068536294503,4.805987634174246,-4.999998197651925,4.892744182871286,-4.9607667971107166
99.0,45.0,133.41175842285156,4.921968999362568,-3.852823832207378,4.884017559437009,4.710161497409981,4.917132127757419,-4.994882087000584,4.999894628295191,-4.919122730079531,4.969714114152094,-4.981832459133271
99.0,45.0,136.6551971435547,4.2252641509078215,-4.999091055907369,3.542639637179441,4.909429080865526,4.671837304969641,-4.999290749366677,4.926960681232927,-4.998549927561225,4.733495243054205,-4.9957414284220985
99.0,45.0,136.29632568359375,4.666643347943271,-4.983490601313354,4.218189342495968,4.80183407956268,4.999976736014951,-4.881250119117601,4.911808093701337,-4.954542821537788,4.65099997972705,-4.948399942050445
99.0,45.0,134.7361297607422,4.812517373316158,-4.631922530449197,4.681944178730891,4.350653053729307,4.991897462981633,-4.88725910798202,4.93756230386918,-4.933652958856579,4.95397741726301,-4.921156284327482
99.0,45.0,134.41493225097656,3.669834723919311,-4.979318162677283,4.088550317260709,4.886716215510497,4.670861700926989,-4.988703159104819,4.999946999425225,-4.99999765856455,4.961333922374407,-4.984617181076765
99.0,45.0,135.60340881347656,4.994644887198668,-3.98039324686938,4.886081679575165,4.597583159024053,4.654647222577346,-4.567614590544428,4.944550017165724,-4.933576825243202,4.9999731816158,-4.983018456016162
99.0,45.0,134.98455810546875,4.604234882845857,-3.957938204708412,4.479797642415523,4.437682567173262,4.987476325286644,-4.910680910369487,4.999891409040872,-4.981634633266749,4.960154439215145,-4.949495528954765
99.0,45.0,136.2530059814453,4.937018686374588,-4.96082083074734,3.531228324230923,4.863784211446719,4.649785009166784,-4.998060899461539,4.952343893312415,-4.937769951575436,4.887371088876793,-4.893557273043247
99.0,45.0,135.53224182128906,4.49877023218203,-4.81736379630251,4.196009715493296,4.907608472047096,4.438359092895436,-4.996474201832262,4.914847343387503,-4.943417270205789,4.9714838312400005,-4.915946153063139
99.0,45.0,136.89596557617188,3.3489239816825886,-4.40979836835088,4.864391016680837,4.609731130940664,4.534790176777444,-4.9512255335317565,4.793273489461802,-4.98417192362905,4.982315584844516,-4.912921683879946
99.0,45.0,136.67193603515625,3.663252646058421,-4.291503975213104,3.631185996946909,4.9531709563628565,4.9446254440186905,-4.946738355958929,4.981796847609239,-4.999972819991587,4.913421799082181,-4.894827048680585
99.0,45.0,136.4256134033203,3.720162670139636,-4.076745133353578,4.159116439941931,4.746298886019186,4.977616812976038,-4.819258865202468,4.992590836970914,-4.999965414784363,4.988363103559152,-4.871615156261225
99.0,45.0,135.71588134765625,4.896537022256215,-4.62383340985534,3.615957250832557,4.540245233574785,4.730552882586416,-4.9991997885685215,4.869572041501449,-4.990524682197949,4.9319737577928535,-4.999787605961081
99.0,45.0,135.30223083496094,4.701360223902981,-4.999998353188077,3.2182975930567768,4.89415892382786,4.877082238910253,-4.960545111239732,4.854059969278234,-4.985967593639966,4.91418365785129,-4.99899772911433
99.0,45.0,134.5660400390625,4.995230675068538,-4.999675315359854,3.209452530787569,4.956551008248693,4.99181020107375,-4.961048530183295,4.996498050824653,-4.999691130268944,4.817381134564483,-4.999810347625224
99.0,45.0,134.94650268554688,4.490914289147672,-3.9395563333370993,4.983215786620221,4.666820698439861,4.7015069680192765,-4.963392051518428,4.963095424095325,-4.923864069430002,4.9676296067160095,-4.9402192868420745
99.0,45.0,136.85313415527344,4.1370272831711565,-3.9313865007714894,4.702290435956574,4.499398617800425,4.628041860703206,-4.462980253963776,4.995138281547503,-4.999995052856438,4.99954573642657,-4.983987978355654
99.0,45.0,136.29588317871094,3.6189276424527104,-4.945415995475782,4.663541061573309,4.706733775793176,4.917210066061893,-4.969041470309199,4.984959597759927,-4.981875258412471,4.9182438752446345,-4.7385554664271
99.0,45.0,135.96319580078125,3.717141285078806,-4.657803917385108,4.254483463899698,4.811933404969776,4.615156300151858,-4.979322511496851,4.899075990590415,-4.999993126840826,4.923122216989984,-4.950297453576045
99.0,45.0,135.50894165039062,4.365216768404636,-4.767671534431633,4.722408340040835,4.749604075152494,4.815076166690117,-4.889748503388946,4.93409091126492,-4.970663253946764,4.806094604458789,-4.920603582692724
99.0,45.0,135.84304809570312,4.82887305893824,-4.971092976704787,3.611219033733196,4.7672379232785325,4.710539040574163,-4.9803618024531735,4.82998343159151,-4.995400672673014,4.866300031384164,-4.979512546842638
99.0,45.0,135.4695587158203,4.49055463689326,-4.350847683334339,4.690535405147959,4.606581541965224,4.737709906505774,-4.991353162470576,4.999173227695565,-4.932204724909694,4.881005893793464,-4.921831406026257
99.0,45.0,136.3791961669922,3.853313528363744,-4.118783291080672,3.430041295594333,4.993050877801115,4.929377292503764,-4.99783836788467,4.9239780351306806,-4.996300628275285,4.884558084804528,-4.989629444705852
99.0,45.0,137.80125427246094,4.925005156096362,-4.999425575653647,4.984669934857488,3.519997685964039,4.994405007689907,-4.609484596068768,4.762234212967211,-4.850328074275511,4.860086802817745,-4.987549460314912
99.0,45.0,134.48114013671875,4.5319057478696365,-3.904137584075997,4.976690820572494,4.822290009306115,4.870449794646417,-4.955320118845446,4.999965058252547,-4.923829242546654,4.973170698918087,-4.889333999039293
99.0,45.0,136.28829956054688,3.533873600222635,-4.607273131499685,4.3475792620564935,4.831980026693341,4.507957589577399,-4.962581654053374,4.866282598374379,-4.999996900383215,4.936840984451591,-4.963234772380462
99.0,45.0,136.31631469726562,4.771770050720005,-4.999999674157254,3.8427583774153655,4.186940454140516,4.896282935198576,-4.829535631974577,4.988647737003014,-4.988242906965351,4.812840888974559,-4.995118218211838
99.0,45.0,136.42196655273438,4.107577286432761,-4.7561691387502325,4.469436032881414,4.7893751714384845,4.757027309816462,-4.889736626312076,4.897907306691971,-4.834963760670053,4.908686132665742,-4.925049160231856
99.0,45.0,134.9584197998047,4.476372256193947,-4.983576865623863,3.804295342865464,4.910406641077602,4.924972304283162,-4.936216391243426,4.926984348329266,-4.98968656239506,4.935072760531,-4.8999126933916415
99.0,45.0,135.66876220703125,4.986834661355176,-4.53838886789412,4.86231649355216,4.222842345935967,4.437607937652984,-4.974688237739187,4.724062497373554,-4.999998500801602,4.999207525180103,-4.967109426682477
99.0,45.0,138.13836669921875,3.663215139288398,-3.9698408483085217,3.410918274333178,4.978782995511875,4.950425482709541,-4.98055682876336,4.98273038389118,-4.921266796655228,4.864159587508881,-4.892081013436914
99.0,45.0,136.8670654296875,4.5154049380820585,-4.999830313613746,4.926930374036599,4.975849404934939,4.951744207154095,-4.938076241571282,4.899384468809394,-4.899875582020491,4.650878690391252,-4.780254241209379
99.0,45.0,134.904541015625,4.953714843876409,-4.757636642083957,4.493442289108434,4.745039669835512,4.840890666949545,-4.935992776700727,4.999926015691464,-4.9777050426618015,4.705601551578665,-4.9818937429577685
99.0,45.0,135.05966186523438,4.762778691475496,-4.298383959073601,4.646960566998775,4.4370529590814245,4.919113252273398,-4.969047866118617,4.999930034771465,-4.970504447205468,4.818773663224902,-4.968578613657426
99.0,45.0,135.99745178222656,4.901743473322997,-4.990815560271251,3.825697528884851,4.376470402403674,4.898938405798717,-4.983899639259519,4.807120462860453,-4.993843120943948,4.864922715546689,-4.9615674682767565
99.0,45.0,135.36410522460938,4.97251539460233,-4.459618888115057,4.995892492040159,3.859719456151942,4.987834529066729,-4.720016748438458,4.888568089562707,-4.996863938665035,4.967349879348786,-4.953739287574088
99.0,46.0,137.26190185546875,4.395242693270975,-4.8685764794020825,4.701034249154285,4.76110663749145,4.819367933828477,-4.90184482552223,4.808662228253458,-4.89249935722958,4.7363865285467,-4.883867329178308
99.0,46.0,135.36172485351562,4.7962929773438026,-4.665149983981363,4.109306251579614,4.753852765249123,4.776686703071688,-4.972754294999898,4.999835815321218,-4.946479254824501,4.878969037780771,-4.915223571693639
99.0,46.0,135.75286865234375,4.57557936383644,-3.966847512193248,4.260594052361955,4.760533272457202,4.681443054443457,-4.959143871983695,4.897645609854479,-4.92591023704375,4.965599498019337,-4.98577658821309
99.0,46.0,134.7487030029297,4.891331358108305,-4.945719774234915,4.606842852399838,4.910672258572893,4.923755693255625,-4.8511606984037545,4.998842171520198,-4.976564155045502,4.646035117169518,-4.9795590490831465
99.0,46.0,135.42918395996094,4.70348452841815,-4.482529508720583,3.2150807484753328,4.69830464963219,4.935882298285591,-4.998867277844859,4.9439905161843685,-4.990511993367781,4.942312565898302,-4.999276868767287
99.0,46.0,137.4290008544922,4.648117391899934,-4.462233133566814,3.232714823753773,4.982566837014448,4.890109086773263,-4.949880175460941,4.999846274878147,-4.952912293534576,4.7758155198721175,-4.8991372827541735
99.0,46.0,135.46044921875,4.593035894851815,-4.041044739369088,4.283940456101608,4.4390816516885145,4.990808760113935,-4.880552005075069,4.999956210204531,-4.993562190825172,4.941948903860645,-4.941478799119016
99.0,46.0,135.73191833496094,4.972440381062285,-3.816292634305893,4.5553570468126985,4.875266008547553,4.999434606448429,-4.7876536940473216,4.9954584098063926,-4.839451891992318,4.8688254562021855,-4.948247217086745
99.0,46.0,134.77902221679688,4.36842881959956,-4.901546804421811,4.216295672649775,4.99348009856182,4.662185925912577,-4.971873349729459,4.857761837611972,-4.987248845376262,4.894655180072457,-4.977811882409128
99.0,46.0,133.82081604003906,4.9687400896357214,-3.715231062535046,4.874477454224264,4.770068254103144,4.997197916366207,-4.864805994219106,4.983836464868938,-4.914280360127799,4.950251286900341,-4.992598930795853
99.0,46.0,136.40464782714844,4.200397984750108,-4.883828423149636,4.933681039682378,4.872375938386839,4.863377189962279,-4.902426228174107,4.868180899029528,-4.885361643859401,4.645235425338405,-4.959100357634398
99.0,46.0,134.7591094970703,4.6580703754304285,-4.257474584647487,4.617052652443913,4.8703236346846,4.999077572084671,-4.827668011087896,4.983310236481442,-4.93918226571334,4.822837484428366,-4.977936093319092
99.0,46.0,134.99798583984375,4.651668748741537,-4.953462760834963,4.364593567651661,4.944324436539533,4.438088028112174,-4.9496759892971225,4.956672501440031,-4.885871805433053,4.992898906793252,-4.915869790581289
99.0,46.0,135.70840454101562,4.977266415041942,-4.574111777482618,4.4329390016613575,4.637052124248047,4.533966612620341,-4.971068536294503,4.805987634174246,-4.999998197651925,4.892744182871286,-4.9607667971107166
99.0,46.0,133.41175842285156,4.921968999362568,-3.852823832207378,4.884017559437009,4.710161497409981,4.917132127757419,-4.994882087000584,4.999894628295191,-4.919122730079531,4.969714114152094,-4.981832459133271
99.0,46.0,136.6551971435547,4.2252641509078215,-4.999091055907369,3.542639637179441,4.909429080865526,4.671837304969641,-4.999290749366677,4.926960681232927,-4.998549927561225,4.733495243054205,-4.9957414284220985
99.0,46.0,136.29632568359375,4.666643347943271,-4.983490601313354,4.218189342495968,4.80183407956268,4.999976736014951,-4.881250119117601,4.911808093701337,-4.954542821537788,4.65099997972705,-4.948399942050445
99.0,46.0,134.7361297607422,4.812517373316158,-4.631922530449197,4.681944178730891,4.350653053729307,4.991897462981633,-4.88725910798202,4.93756230386918,-4.933652958856579,4.95397741726301,-4.921156284327482
99.0,46.0,134.41493225097656,3.669834723919311,-4.979318162677283,4.088550317260709,4.886716215510497,4.670861700926989,-4.988703159104819,4.999946999425225,-4.99999765856455,4.961333922374407,-4.984617181076765
99.0,46.0,134.5966796875,4.9163431308864,-4.961033381623466,4.886081679575165,4.755929977776273,4.583415065096463,-4.999392586144007,4.951947978033925,-4.941957692756955,4.841288686314481,-4.909805976536729
99.0,46.0,134.98455810546875,4.604234882845857,-3.957938204708412,4.479797642415523,4.437682567173262,4.987476325286644,-4.910680910369487,4.999891409040872,-4.981634633266749,4.960154439215145,-4.949495528954765
99.0,46.0,136.1956024169922,3.126350883487125,-4.200768703926271,4.421192919428238,4.996847646777532,4.654495503740519,-4.897002124468325,4.991811177645645,-4.999998656211873,4.984842410996215,-4.905321297568279
99.0,46.0,135.36170959472656,4.9396742659468496,-4.943305044765793,3.8466524893202414,4.982981060212351,4.988748869499501,-4.911469130081388,4.99935710816604,-4.968775542964671,4.662015967995391,-4.977263231204338
99.0,46.0,136.89596557617188,3.3489239816825886,-4.40979836835088,4.864391016680837,4.609731130940664,4.534790176777444,-4.9512255335317565,4.793273489461802,-4.98417192362905,4.982315584844516,-4.912921683879946
99.0,46.0,136.47073364257812,4.330832315515433,-4.035269919046071,4.144726970972922,4.835104677829019,4.839905774215649,-4.970146916548975,4.999983681647164,-4.9513538946796185,4.880489740149169,-4.887984363045891
99.0,46.0,136.4256134033203,3.720162670139636,-4.076745133353578,4.159116439941931,4.746298886019186,4.977616812976038,-4.819258865202468,4.992590836970914,-4.999965414784363,4.988363103559152,-4.871615156261225
99.0,46.0,135.71588134765625,4.896537022256215,-4.62383340985534,3.615957250832557,4.540245233574785,4.730552882586416,-4.9991997885685215,4.869572041501449,-4.990524682197949,4.9319737577928535,-4.999787605961081
99.0,46.0,135.30223083496094,4.701360223902981,-4.999998353188077,3.2182975930567768,4.89415892382786,4.877082238910253,-4.960545111239732,4.854059969278234,-4.985967593639966,4.91418365785129,-4.99899772911433
99.0,46.0,134.5660400390625,4.995230675068538,-4.999675315359854,3.209452530787569,4.956551008248693,4.99181020107375,-4.961048530183295,4.996498050824653,-4.999691130268944,4.817381134564483,-4.999810347625224
99.0,46.0,134.94650268554688,4.490914289147672,-3.9395563333370993,4.983215786620221,4.666820698439861,4.7015069680192765,-4.963392051518428,4.963095424095325,-4.923864069430002,4.9676296067160095,-4.9402192868420745
99.0,46.0,135.4074249267578,4.376679224493349,-3.9313865007714894,4.241175895917722,4.916700400747407,4.621538719658738,-4.980495288366541,4.908052132333548,-4.999225675639343,4.940780603078804,-4.993813835832773
99.0,46.0,136.24082946777344,4.548846000013552,-4.729656723978165,3.299028239442494,4.608801303753786,4.658445649704852,-4.969041470309199,4.902500085581602,-4.993107194429405,4.958557304799236,-4.999979570008698
99.0,46.0,135.96319580078125,3.717141285078806,-4.657803917385108,4.254483463899698,4.811933404969776,4.615156300151858,-4.979322511496851,4.899075990590415,-4.999993126840826,4.923122216989984,-4.950297453576045
99.0,46.0,135.50894165039062,4.365216768404636,-4.767671534431633,4.722408340040835,4.749604075152494,4.815076166690117,-4.889748503388946,4.93409091126492,-4.970663253946764,4.806094604458789,-4.920603582692724
99.0,46.0,135.84304809570312,4.82887305893824,-4.971092976704787,3.611219033733196,4.7672379232785325,4.710539040574163,-4.9803618024531735,4.82998343159151,-4.995400672673014,4.866300031384164,-4.979512546842638
99.0,46.0,134.58380126953125,3.487906421729857,-4.709181026842861,4.520405500053956,4.84301951701402,4.796030982730772,-4.991353162470576,4.992690433058623,-4.996584770075566,4.969070351824402,-4.921831406026257
99.0,46.0,133.2476348876953,3.679008764858252,-4.993684908893114,4.776489124014466,4.814105159514921,4.983398202724701,-4.9871571783337245,4.996807310658292,-4.985563370807926,4.875489956166911,-4.989629444705852
99.0,46.0,133.9173126220703,4.97640870779794,-3.37786437148422,4.9295571759880215,4.718269241836992,4.999383739184834,-4.940907936610188,4.991894953069052,-4.90302328273118,4.971036739724198,-4.986683107457802
99.0,46.0,134.48114013671875,4.5319057478696365,-3.904137584075997,4.976690820572494,4.822290009306115,4.870449794646417,-4.955320118845446,4.999965058252547,-4.923829242546654,4.973170698918087,-4.889333999039293
99.0,46.0,136.28829956054688,3.533873600222635,-4.607273131499685,4.3475792620564935,4.831980026693341,4.507957589577399,-4.962581654053374,4.866282598374379,-4.999996900383215,4.936840984451591,-4.963234772380462
99.0,46.0,135.33419799804688,4.922049822420705,-4.992198125891069,3.5560724457150403,4.840361423176436,4.96517649507281,-4.9015247961151935,4.846483675512439,-4.963964040628248,4.872936026187713,-4.975326985928503
99.0,46.0,134.9622039794922,4.998743753365742,-4.786731367022536,3.504542842910565,4.999144697644045,4.810652039784632,-4.983703318616317,4.905167999410269,-4.999749614201082,4.857332781512847,-4.982634637074663
99.0,46.0,134.9584197998047,4.476372256193947,-4.983576865623863,3.804295342865464,4.910406641077602,4.924972304283162,-4.936216391243426,4.926984348329266,-4.98968656239506,4.935072760531,-4.8999126933916415
99.0,46.0,132.26617431640625,4.986834661355176,-4.677182698090235,4.86231649355216,4.898240712698691,4.8790911359715885,-4.993447305339248,4.999959680131625,-4.960631958066202,4.947041624693204,-4.950274289239864
99.0,46.0,137.65806579589844,4.698200736271518,-4.466986110007248,3.868824862490887,4.690645669980826,4.746723019911933,-4.756731115809868,4.997779394477279,-4.996604879013822,4.673721622499426,-4.990517906556322
99.0,46.0,136.8670654296875,4.5154049380820585,-4.999830313613746,4.926930374036599,4.975849404934939,4.951744207154095,-4.938076241571282,4.899384468809394,-4.899875582020491,4.650878690391252,-4.780254241209379
99.0,46.0,134.904541015625,4.953714843876409,-4.757636642083957,4.493442289108434,4.745039669835512,4.840890666949545,-4.935992776700727,4.999926015691464,-4.9777050426618015,4.705601551578665,-4.9818937429577685
99.0,46.0,135.05966186523438,4.762778691475496,-4.298383959073601,4.646960566998775,4.4370529590814245,4.919113252273398,-4.969047866118617,4.999930034771465,-4.970504447205468,4.818773663224902,-4.968578613657426
99.0,46.0,135.7663116455078,4.9199430236634125,-4.239236762504714,4.030358057131811,4.608772871792521,4.986957536831016,-4.966804277332203,4.99999127584514,-4.978404895386737,4.784326770343735,-4.959531296057746
99.0,46.0,135.36410522460938,4.97251539460233,-4.459618888115057,4.995892492040159,3.859719456151942,4.987834529066729,-4.720016748438458,4.888568089562707,-4.996863938665035,4.967349879348786,-4.953739287574088
99.0,47.0,135.73577880859375,4.998682628013946,-3.951210617938409,4.427136888985907,4.644121262411483,4.740858038255213,-4.9037752403320525,4.821931877591752,-4.986159531337346,4.947225483164216,-4.961111280890878
99.0,47.0,135.36172485351562,4.7962929773438026,-4.665149983981363,4.109306251579614,4.753852765249123,4.776686703071688,-4.972754294999898,4.999835815321218,-4.946479254824501,4.878969037780771,-4.915223571693639
99.0,47.0,135.75286865234375,4.57557936383644,-3.966847512193248,4.260594052361955,4.760533272457202,4.681443054443457,-4.959143871983695,4.897645609854479,-4.92591023704375,4.965599498019337,-4.98577658821309
99.0,47.0,134.54884338378906,4.999587933249262,-4.437290986087857,3.8897632109336095,4.985129875552948,4.82153550288903,-4.997880363108592,4.998842171520198,-4.951278548174491,4.84866959959537,-4.991941276039578
99.0,47.0,135.42918395996094,4.70348452841815,-4.482529508720583,3.2150807484753328,4.69830464963219,4.935882298285591,-4.998867277844859,4.9439905161843685,-4.990511993367781,4.942312565898302,-4.999276868767287
99.0,47.0,136.5378875732422,4.97728362266314,-4.602837942963952,4.125857614189275,4.758149431997815,4.988906204037884,-4.901641483588286,4.99934862583916,-4.9540289372851305,4.590735838420638,-4.969243947494668
99.0,47.0,135.46044921875,4.593035894851815,-4.041044739369088,4.283940456101608,4.4390816516885145,4.990808760113935,-4.880552005075069,4.999956210204531,-4.993562190825172,4.941948903860645,-4.941478799119016
99.0,47.0,135.71658325195312,3.8588163515473193,-4.755130512069933,4.277864775225289,4.911901436503026,4.5867607189948565,-4.976612525244045,4.927060572564043,-4.985053109190036,4.925486746387436,-4.925796163812334
99.0,47.0,134.77902221679688,4.36842881959956,-4.901546804421811,4.216295672649775,4.99348009856182,4.662185925912577,-4.971873349729459,4.857761837611972,-4.987248845376262,4.894655180072457,-4.977811882409128
99.0,47.0,133.82081604003906,4.9687400896357214,-3.715231062535046,4.874477454224264,4.770068254103144,4.997197916366207,-4.864805994219106,4.983836464868938,-4.914280360127799,4.950251286900341,-4.992598930795853
99.0,47.0,136.04901123046875,3.805505499807667,-4.761198262366297,4.242170342663538,4.872375938386839,4.690666998163538,-4.9557361485362055,4.912252170130175,-4.989586510256912,4.858614068084056,-4.946093502492948
99.0,47.0,134.7591094970703,4.6580703754304285,-4.257474584647487,4.617052652443913,4.8703236346846,4.999077572084671,-4.827668011087896,4.983310236481442,-4.93918226571334,4.822837484428366,-4.977936093319092
99.0,47.0,134.99798583984375,4.651668748741537,-4.953462760834963,4.364593567651661,4.944324436539533,4.438088028112174,-4.9496759892971225,4.956672501440031,-4.885871805433053,4.992898906793252,-4.915869790581289
99.0,47.0,135.32691955566406,4.977266415041942,-4.35502403388473,4.869587503234353,4.5592791384679865,4.569009724870923,-4.956097526893222,4.8406693298224805,-4.964613095561609,4.989780286898748,-4.896741509962547
99.0,47.0,133.41175842285156,4.921968999362568,-3.852823832207378,4.884017559437009,4.710161497409981,4.917132127757419,-4.994882087000584,4.999894628295191,-4.919122730079531,4.969714114152094,-4.981832459133271
99.0,47.0,134.43862915039062,4.997135435420636,-4.984408436377603,4.201174474010391,4.96347259663256,4.468277279758848,-4.924043224411946,4.957951186293398,-4.931473061026104,4.997004631390331,-4.926099136305663
99.0,47.0,135.8018341064453,4.997463283471607,-4.957550652012487,4.218189342495968,4.913835209884782,4.807925142458798,-4.905982739781285,4.911808093701337,-4.962211374450599,4.663632158097364,-4.974160246005149
99.0,47.0,134.7361297607422,4.812517373316158,-4.631922530449197,4.681944178730891,4.350653053729307,4.991897462981633,-4.88725910798202,4.93756230386918,-4.933652958856579,4.95397741726301,-4.921156284327482
99.0,47.0,134.41493225097656,3.669834723919311,-4.979318162677283,4.088550317260709,4.886716215510497,4.670861700926989,-4.988703159104819,4.999946999425225,-4.99999765856455,4.961333922374407,-4.984617181076765
99.0,47.0,134.5966796875,4.9163431308864,-4.961033381623466,4.886081679575165,4.755929977776273,4.583415065096463,-4.999392586144007,4.951947978033925,-4.941957692756955,4.841288686314481,-4.909805976536729
99.0,47.0,133.44786071777344,4.604234882845857,-4.992170762048423,4.479797642415523,4.981244913915095,4.839957821271884,-4.962571582445472,4.926994840196146,-4.994050590298394,4.960154439215145,-4.90127441245114
99.0,47.0,136.1956024169922,3.126350883487125,-4.200768703926271,4.421192919428238,4.996847646777532,4.654495503740519,-4.897002124468325,4.991811177645645,-4.999998656211873,4.984842410996215,-4.905321297568279
99.0,47.0,135.36170959472656,4.9396742659468496,-4.943305044765793,3.8466524893202414,4.982981060212351,4.988748869499501,-4.911469130081388,4.99935710816604,-4.968775542964671,4.662015967995391,-4.977263231204338
99.0,47.0,136.89596557617188,3.3489239816825886,-4.40979836835088,4.864391016680837,4.609731130940664,4.534790176777444,-4.9512255335317565,4.793273489461802,-4.98417192362905,4.982315584844516,-4.912921683879946
99.0,47.0,136.41473388671875,4.4685345555097085,-3.900481143752776,4.721220095744681,4.417318846137647,4.897171924193407,-4.920978263571801,4.948318476316933,-4.950612901112645,4.880489740149169,-4.917229222518697
99.0,47.0,136.4256134033203,3.720162670139636,-4.076745133353578,4.159116439941931,4.746298886019186,4.977616812976038,-4.819258865202468,4.992590836970914,-4.999965414784363,4.988363103559152,-4.871615156261225
99.0,47.0,134.73214721679688,3.7400646146902905,-4.794226837617605,3.63352387213763,4.987884671918437,4.941182599258009,-4.9991997885685215,4.997960194238848,-4.997004268154481,4.893946115748639,-4.999787605961081
99.0,47.0,135.30223083496094,4.701360223902981,-4.999998353188077,3.2182975930567768,4.89415892382786,4.877082238910253,-4.960545111239732,4.854059969278234,-4.985967593639966,4.91418365785129,-4.99899772911433
99.0,47.0,134.5660400390625,4.995230675068538,-4.999675315359854,3.209452530787569,4.956551008248693,4.99181020107375,-4.961048530183295,4.996498050824653,-4.999691130268944,4.817381134564483,-4.999810347625224
99.0,47.0,134.53103637695312,4.902144739311019,-4.8936504691713285,4.907881976902161,4.976959536782172,4.991901158877112,-4.930282526196102,4.888488127898065,-4.90047542534042,4.712797459620573,-4.9402192868420745
99.0,47.0,132.75514221191406,4.376679224493349,-4.749101760378381,4.937824148617128,4.941307118128895,4.921352778023439,-4.93872166274946,4.999979160788306,-4.950701243940609,4.884102048026172,-4.993813835832773
99.0,47.0,135.54676818847656,3.633473782495666,-4.994470612449103,3.299028239442494,4.893337685257927,4.845188954596274,-4.993935940894209,4.911803388531476,-4.9940612594510645,4.958557304799236,-4.999620070098298
99.0,47.0,135.86221313476562,4.414841591190783,-4.92857148183689,4.09004989307074,4.879915116381958,4.789279153189591,-4.933841687126632,4.906140464836668,-4.97510193399728,4.797173667800367,-4.945494252598985
99.0,47.0,135.50894165039062,4.365216768404636,-4.767671534431633,4.722408340040835,4.749604075152494,4.815076166690117,-4.889748503388946,4.93409091126492,-4.970663253946764,4.806094604458789,-4.920603582692724
99.0,47.0,135.50442504882812,4.737941170722596,-4.868195351373956,3.8610262221056098,4.7672379232785325,4.924993433385604,-4.887476307132646,4.7935824249481325,-4.995400672673014,4.902532710114978,-4.956639101080453
99.0,47.0,134.58380126953125,3.487906421729857,-4.709181026842861,4.520405500053956,4.84301951701402,4.796030982730772,-4.991353162470576,4.992690433058623,-4.996584770075566,4.969070351824402,-4.921831406026257
99.0,47.0,133.2476348876953,3.679008764858252,-4.993684908893114,4.776489124014466,4.814105159514921,4.983398202724701,-4.9871571783337245,4.996807310658292,-4.985563370807926,4.875489956166911,-4.989629444705852
99.0,47.0,133.9173126220703,4.97640870779794,-3.37786437148422,4.9295571759880215,4.718269241836992,4.999383739184834,-4.940907936610188,4.991894953069052,-4.90302328273118,4.971036739724198,-4.986683107457802
99.0,47.0,134.48114013671875,4.5319057478696365,-3.904137584075997,4.976690820572494,4.822290009306115,4.870449794646417,-4.955320118845446,4.999965058252547,-4.923829242546654,4.973170698918087,-4.889333999039293
99.0,47.0,134.63369750976562,4.978727984254938,-4.607273131499685,4.607238775223323,4.608125222395783,4.507957589577399,-4.960935894902601,4.977858168892537,-4.935330505308279,4.954223869610956,-4.963234772380462
99.0,47.0,135.33419799804688,4.922049822420705,-4.992198125891069,3.5560724457150403,4.840361423176436,4.96517649507281,-4.9015247961151935,4.846483675512439,-4.963964040628248,4.872936026187713,-4.975326985928503
99.0,47.0,134.9622039794922,4.998743753365742,-4.786731367022536,3.504542842910565,4.999144697644045,4.810652039784632,-4.983703318616317,4.905167999410269,-4.999749614201082,4.857332781512847,-4.982634637074663
99.0,47.0,134.9584197998047,4.476372256193947,-4.983576865623863,3.804295342865464,4.910406641077602,4.924972304283162,-4.936216391243426,4.926984348329266,-4.98968656239506,4.935072760531,-4.8999126933916415
99.0,47.0,132.26617431640625,4.986834661355176,-4.677182698090235,4.86231649355216,4.898240712698691,4.8790911359715885,-4.993447305339248,4.999959680131625,-4.960631958066202,4.947041624693204,-4.950274289239864
99.0,47.0,137.65806579589844,4.698200736271518,-4.466986110007248,3.868824862490887,4.690645669980826,4.746723019911933,-4.756731115809868,4.997779394477279,-4.996604879013822,4.673721622499426,-4.990517906556322
99.0,47.0,136.56581115722656,2.9505513334994857,-4.999722137090985,3.9846614248826064,4.865073224583391,4.425123192491474,-4.990796049121741,4.935359093709218,-4.899875582020491,4.99534168649911,-4.992110958723623
99.0,47.0,134.76661682128906,4.953714843876409,-3.7180809052582826,4.68131730446078,4.74222176919813,4.774833406852283,-4.967351220744398,4.963330869007062,-4.894733226137353,4.95927156330342,-4.976646739008647
99.0,47.0,135.05966186523438,4.762778691475496,-4.298383959073601,4.646960566998775,4.4370529590814245,4.919113252273398,-4.969047866118617,4.999930034771465,-4.970504447205468,4.818773663224902,-4.968578613657426
99.0,47.0,135.7472686767578,2.551418736447132,-4.2120646700204345,4.744175647161671,4.998890287148562,4.790925084815788,-4.900399812408601,4.995473298528428,-4.995080005279329,4.989437373387589,-4.910379746499886
99.0,47.0,135.36410522460938,4.97251539460233,-4.459618888115057,4.995892492040159,3.859719456151942,4.987834529066729,-4.720016748438458,4.888568089562707,-4.996863938665035,4.967349879348786,-4.953739287574088
99.0,48.0,134.9306182861328,4.656442310492792,-3.5542514849300737,4.971846885652209,4.42625598270233,4.954950338409608,-4.956431037232189,4.974632780693559,-4.918789906548608,4.9856241844289935,-4.944476432372831
99.0,48.0,135.36172485351562,4.7962929773438026,-4.665149983981363,4.109306251579614,4.753852765249123,4.776686703071688,-4.972754294999898,4.999835815321218,-4.946479254824501,4.878969037780771,-4.915223571693639
99.0,48.0,135.75286865234375,4.57557936383644,-3.966847512193248,4.260594052361955,4.760533272457202,4.681443054443457,-4.959143871983695,4.897645609854479,-4.92591023704375,4.965599498019337,-4.98577658821309
99.0,48.0,134.54884338378906,4.999587933249262,-4.437290986087857,3.8897632109336095,4.985129875552948,4.82153550288903,-4.997880363108592,4.998842171520198,-4.951278548174491,4.84866959959537,-4.991941276039578
99.0,48.0,135.25592041015625,3.804639351534513,-4.3009505685962495,4.372769774526492,4.790278110643515,4.75892191851332,-4.998366530942129,4.93661091622204,-4.996855742790474,4.973267056522121,-4.942085255125335
99.0,48.0,133.7572784423828,4.97728362266314,-4.636305924025283,4.311443363754901,4.62350639673493,4.896279687184264,-4.99402293810207,4.999948825855496,-4.999999063364503,4.872218438291693,-4.987827816190963
99.0,48.0,135.46044921875,4.593035894851815,-4.041044739369088,4.283940456101608,4.4390816516885145,4.990808760113935,-4.880552005075069,4.999956210204531,-4.993562190825172,4.941948903860645,-4.941478799119016
99.0,48.0,135.71658325195312,3.8588163515473193,-4.755130512069933,4.277864775225289,4.911901436503026,4.5867607189948565,-4.976612525244045,4.927060572564043,-4.985053109190036,4.925486746387436,-4.925796163812334
99.0,48.0,134.77902221679688,4.36842881959956,-4.901546804421811,4.216295672649775,4.99348009856182,4.662185925912577,-4.971873349729459,4.857761837611972,-4.987248845376262,4.894655180072457,-4.977811882409128
99.0,48.0,133.82081604003906,4.9687400896357214,-3.715231062535046,4.874477454224264,4.770068254103144,4.997197916366207,-4.864805994219106,4.983836464868938,-4.914280360127799,4.950251286900341,-4.992598930795853
99.0,48.0,135.37197875976562,4.652121401359195,-4.9565512235826565,4.095906728625513,4.978862378192968,4.478426760429083,-4.996728550685392,4.966570863052427,-4.868431313851626,4.943620965008829,-4.931284788155638
99.0,48.0,134.7591094970703,4.6580703754304285,-4.257474584647487,4.617052652443913,4.8703236346846,4.999077572084671,-4.827668011087896,4.983310236481442,-4.93918226571334,4.822837484428366,-4.977936093319092
99.0,48.0,134.99798583984375,4.651668748741537,-4.953462760834963,4.364593567651661,4.944324436539533,4.438088028112174,-4.9496759892971225,4.956672501440031,-4.885871805433053,4.992898906793252,-4.915869790581289
99.0,48.0,135.32691955566406,4.977266415041942,-4.35502403388473,4.869587503234353,4.5592791384679865,4.569009724870923,-4.956097526893222,4.8406693298224805,-4.964613095561609,4.989780286898748,-4.896741509962547
99.0,48.0,133.41175842285156,4.921968999362568,-3.852823832207378,4.884017559437009,4.710161497409981,4.917132127757419,-4.994882087000584,4.999894628295191,-4.919122730079531,4.969714114152094,-4.981832459133271
99.0,48.0,134.43862915039062,4.997135435420636,-4.984408436377603,4.201174474010391,4.96347259663256,4.468277279758848,-4.924043224411946,4.957951186293398,-4.931473061026104,4.997004631390331,-4.926099136305663
99.0,48.0,133.09498596191406,4.992394000587418,-4.768125016489873,4.325072530895141,4.951489472181214,4.879591856451496,-4.995804990988459,4.998230600441686,-4.963696427788088,4.884757740045123,-4.979440063492968
99.0,48.0,134.7361297607422,4.812517373316158,-4.631922530449197,4.681944178730891,4.350653053729307,4.991897462981633,-4.88725910798202,4.93756230386918,-4.933652958856579,4.95397741726301,-4.921156284327482
99.0,48.0,132.7851104736328,3.913238564855563,-4.979318162677283,4.9218945427921446,4.851377600175439,4.983453655700749,-4.949202414940304,4.999985392097635,-4.945632081572139,4.990271333844301,-4.929245733123854
99.0,48.0,134.5966796875,4.9163431308864,-4.961033381623466,4.886081679575165,4.755929977776273,4.583415065096463,-4.999392586144007,4.951947978033925,-4.941957692756955,4.841288686314481,-4.909805976536729
99.0,48.0,131.77101135253906,4.604234882845857,-4.771117281809131,4.971582571409526,4.985890494011343,4.931024917852982,-4.948021096484799,4.996406469657009,-4.975754001566141,4.929152705047987,-4.997117752999082
99.0,48.0,136.1956024169922,3.126350883487125,-4.200768703926271,4.421192919428238,4.996847646777532,4.654495503740519,-4.897002124468325,4.991811177645645,-4.999998656211873,4.984842410996215,-4.905321297568279
99.0,48.0,135.36170959472656,4.9396742659468496,-4.943305044765793,3.8466524893202414,4.982981060212351,4.988748869499501,-4.911469130081388,4.99935710816604,-4.968775542964671,4.662015967995391,-4.977263231204338
99.0,48.0,135.7393341064453,2.8658053698482955,-4.213781810731959,4.864391016680837,4.995133362373942,4.7130190846527,-4.912118950199396,4.99939930495961,-4.999998934152274,4.995593265699703,-4.868197521261525
99.0,48.0,135.87863159179688,4.453604765012655,-4.983969717401857,3.065564900579478,4.950022903949105,4.855867680218948,-4.920978263571801,4.948318476316933,-4.99393550671663,4.976606434847162,-4.904908006087865
99.0,48.0,134.9398651123047,4.424577955979575,-4.472769296492416,4.207563408087286,4.709198347005838,4.977616812976038,-4.897967704227956,4.992590836970914,-4.991973449720027,4.896896735554534,-4.945834662633029
99.0,48.0,134.73214721679688,3.7400646146902905,-4.794226837617605,3.63352387213763,4.987884671918437,4.941182599258009,-4.9991997885685215,4.997960194238848,-4.997004268154481,4.893946115748639,-4.999787605961081
99.0,48.0,135.13653564453125,4.764523011392625,-4.831278657781778,4.211802963528166,4.992700957854674,4.992858793492671,-4.960545111239732,4.871554301543981,-4.928066169370171,4.7068418077642455,-4.99899772911433
99.0,48.0,133.4192352294922,4.869290019964176,-4.106358186627613,4.903827850977971,4.860455176938991,4.99181020107375,-4.854594889601988,4.984887673215095,-4.926675863576229,4.909502561903759,-4.996617554605694
99.0,48.0,134.53103637695312,4.902144739311019,-4.8936504691713285,4.907881976902161,4.976959536782172,4.991901158877112,-4.930282526196102,4.888488127898065,-4.90047542534042,4.712797459620573,-4.9402192868420745
99.0,48.0,132.75514221191406,4.376679224493349,-4.749101760378381,4.937824148617128,4.941307118128895,4.921352778023439,-4.93872166274946,4.999979160788306,-4.950701243940609,4.884102048026172,-4.993813835832773
99.0,48.0,135.47027587890625,4.999427514521423,-4.978945601655898,2.889109270638962,4.999593311885047,4.8482086061742296,-4.99044281817582,4.997924315623103,-4.999758179975801,4.813148046964908,-4.987777202717472
99.0,48.0,135.86221313476562,4.414841591190783,-4.92857148183689,4.09004989307074,4.879915116381958,4.789279153189591,-4.933841687126632,4.906140464836668,-4.97510193399728,4.797173667800367,-4.945494252598985
99.0,48.0,135.50894165039062,4.365216768404636,-4.767671534431633,4.722408340040835,4.749604075152494,4.815076166690117,-4.889748503388946,4.93409091126492,-4.970663253946764,4.806094604458789,-4.920603582692724
99.0,48.0,135.50442504882812,4.737941170722596,-4.868195351373956,3.8610262221056098,4.7672379232785325,4.924993433385604,-4.887476307132646,4.7935824249481325,-4.995400672673014,4.902532710114978,-4.956639101080453
99.0,48.0,134.58380126953125,3.487906421729857,-4.709181026842861,4.520405500053956,4.84301951701402,4.796030982730772,-4.991353162470576,4.992690433058623,-4.996584770075566,4.969070351824402,-4.921831406026257
99.0,48.0,133.2476348876953,3.679008764858252,-4.993684908893114,4.776489124014466,4.814105159514921,4.983398202724701,-4.9871571783337245,4.996807310658292,-4.985563370807926,4.875489956166911,-4.989629444705852
99.0,48.0,133.9173126220703,4.97640870779794,-3.37786437148422,4.9295571759880215,4.718269241836992,4.999383739184834,-4.940907936610188,4.991894953069052,-4.90302328273118,4.971036739724198,-4.986683107457802
99.0,48.0,134.48114013671875,4.5319057478696365,-3.904137584075997,4.976690820572494,4.822290009306115,4.870449794646417,-4.955320118845446,4.999965058252547,-4.923829242546654,4.973170698918087,-4.889333999039293
99.0,48.0,133.8756103515625,4.854354004919232,-4.963274780165777,4.607238775223323,4.832815170772255,4.914948590744027,-4.907259730966612,4.746453171428783,-4.935330505308279,4.919379668966039,-4.99752335437827
99.0,48.0,133.04164123535156,4.922049822420705,-4.889285004263187,4.68741078195595,4.990819886899443,4.872008001445762,-4.981898921109867,4.998944952676453,-4.999568927555652,4.872936026187713,-4.901669350874515
99.0,48.0,132.45230102539062,4.976931234685139,-4.417611105977025,4.99969901213479,4.999144697644045,4.990765377080543,-4.73887232683998,4.932421844563432,-4.98238666256968,4.96978289541437,-4.982634637074663
99.0,48.0,134.9584197998047,4.476372256193947,-4.983576865623863,3.804295342865464,4.910406641077602,4.924972304283162,-4.936216391243426,4.926984348329266,-4.98968656239506,4.935072760531,-4.8999126933916415
99.0,48.0,132.26617431640625,4.986834661355176,-4.677182698090235,4.86231649355216,4.898240712698691,4.8790911359715885,-4.993447305339248,4.999959680131625,-4.960631958066202,4.947041624693204,-4.950274289239864
99.0,48.0,134.26260375976562,3.578587535819836,-4.834055682694993,4.730555012799078,4.7092952438232025,4.989276975080177,-4.998157901495977,4.997779394477279,-4.993066467707124,4.816472159362132,-4.984191662399839
99.0,48.0,136.56581115722656,2.9505513334994857,-4.999722137090985,3.9846614248826064,4.865073224583391,4.425123192491474,-4.990796049121741,4.935359093709218,-4.899875582020491,4.99534168649911,-4.992110958723623
99.0,48.0,134.76661682128906,4.953714843876409,-3.7180809052582826,4.68131730446078,4.74222176919813,4.774833406852283,-4.967351220744398,4.963330869007062,-4.894733226137353,4.95927156330342,-4.976646739008647
99.0,48.0,135.05966186523438,4.762778691475496,-4.298383959073601,4.646960566998775,4.4370529590814245,4.919113252273398,-4.969047866118617,4.999930034771465,-4.970504447205468,4.818773663224902,-4.968578613657426
99.0,48.0,134.6161346435547,4.8074640693436,-4.2120646700204345,3.968804631889777,4.825595985398298,4.822486780927056,-4.987335623851983,4.999145963702883,-4.971045174944512,4.936720038319375,-4.978058701851752
99.0,48.0,135.36410522460938,4.97251539460233,-4.459618888115057,4.995892492040159,3.859719456151942,4.987834529066729,-4.720016748438458,4.888568089562707,-4.996863938665035,4.967349879348786,-4.953739287574088
99.0,49.0,133.75241088867188,4.747730680694368,-4.97180921919206,4.325072857173578,4.972485935263928,4.954950338409608,-4.956431037232189,4.956520605348688,-4.875988492048043,4.94887368743125,-4.9228110776752025
99.0,49.0,135.36172485351562,4.7962929773438026,-4.665149983981363,4.109306251579614,4.753852765249123,4.776686703071688,-4.972754294999898,4.999835815321218,-4.946479254824501,4.878969037780771,-4.915223571693639
99.0,49.0,135.75286865234375,4.57557936383644,-3.966847512193248,4.260594052361955,4.760533272457202,4.681443054443457,-4.959143871983695,4.897645609854479,-4.92591023704375,4.965599498019337,-4.98577658821309
99.0,49.0,134.54884338378906,4.999587933249262,-4.437290986087857,3.8897632109336095,4.985129875552948,4.82153550288903,-4.997880363108592,4.998842171520198,-4.951278548174491,4.84866959959537,-4.991941276039578
99.0,49.0,135.25592041015625,3.804639351534513,-4.3009505685962495,4.372769774526492,4.790278110643515,4.75892191851332,-4.998366530942129,4.93661091622204,-4.996855742790474,4.973267056522121,-4.942085255125335
99.0,49.0,133.7572784423828,4.97728362266314,-4.636305924025283,4.311443363754901,4.62350639673493,4.896279687184264,-4.99402293810207,4.999948825855496,-4.999999063364503,4.872218438291693,-4.987827816190963
99.0,49.0,135.46044921875,4.593035894851815,-4.041044739369088,4.283940456101608,4.4390816516885145,4.990808760113935,-4.880552005075069,4.999956210204531,-4.993562190825172,4.941948903860645,-4.941478799119016
99.0,49.0,135.71658325195312,3.8588163515473193,-4.755130512069933,4.277864775225289,4.911901436503026,4.5867607189948565,-4.976612525244045,4.927060572564043,-4.985053109190036,4.925486746387436,-4.925796163812334
99.0,49.0,134.77902221679688,4.36842881959956,-4.901546804421811,4.216295672649775,4.99348009856182,4.662185925912577,-4.971873349729459,4.857761837611972,-4.987248845376262,4.894655180072457,-4.977811882409128
99.0,49.0,133.82081604003906,4.9687400896357214,-3.715231062535046,4.874477454224264,4.770068254103144,4.997197916366207,-4.864805994219106,4.983836464868938,-4.914280360127799,4.950251286900341,-4.992598930795853
99.0,49.0,135.37197875976562,4.652121401359195,-4.9565512235826565,4.095906728625513,4.978862378192968,4.478426760429083,-4.996728550685392,4.966570863052427,-4.868431313851626,4.943620965008829,-4.931284788155638
99.0,49.0,134.7591094970703,4.6580703754304285,-4.257474584647487,4.617052652443913,4.8703236346846,4.999077572084671,-4.827668011087896,4.983310236481442,-4.93918226571334,4.822837484428366,-4.977936093319092
99.0,49.0,134.6358642578125,4.651668748741537,-4.718970256381368,4.486495443407703,4.980834822446101,4.996291818821292,-4.9496759892971225,4.991073637565357,-4.963697021989888,4.760874764249744,-4.915869790581289
99.0,49.0,135.32691955566406,4.977266415041942,-4.35502403388473,4.869587503234353,4.5592791384679865,4.569009724870923,-4.956097526893222,4.8406693298224805,-4.964613095561609,4.989780286898748,-4.896741509962547
99.0,49.0,133.41175842285156,4.921968999362568,-3.852823832207378,4.884017559437009,4.710161497409981,4.917132127757419,-4.994882087000584,4.999894628295191,-4.919122730079531,4.969714114152094,-4.981832459133271
99.0,49.0,134.43862915039062,4.997135435420636,-4.984408436377603,4.201174474010391,4.96347259663256,4.468277279758848,-4.924043224411946,4.957951186293398,-4.931473061026104,4.997004631390331,-4.926099136305663
99.0,49.0,133.09498596191406,4.992394000587418,-4.768125016489873,4.325072530895141,4.951489472181214,4.879591856451496,-4.995804990988459,4.998230600441686,-4.963696427788088,4.884757740045123,-4.979440063492968
99.0,49.0,134.7361297607422,4.812517373316158,-4.631922530449197,4.681944178730891,4.350653053729307,4.991897462981633,-4.88725910798202,4.93756230386918,-4.933652958856579,4.95397741726301,-4.921156284327482
99.0,49.0,132.7851104736328,3.913238564855563,-4.979318162677283,4.9218945427921446,4.851377600175439,4.983453655700749,-4.949202414940304,4.999985392097635,-4.945632081572139,4.990271333844301,-4.929245733123854
99.0,49.0,133.98988342285156,3.9524129348102512,-4.6988266814785895,4.99974463718592,4.939116372159266,4.792559221881765,-4.735330169846554,4.900680305657943,-4.941957692756955,4.996401153090345,-4.982719478416686
99.0,49.0,131.77101135253906,4.604234882845857,-4.771117281809131,4.971582571409526,4.985890494011343,4.931024917852982,-4.948021096484799,4.996406469657009,-4.975754001566141,4.929152705047987,-4.997117752999082
99.0,49.0,133.45225524902344,3.9877867171815664,-4.998416038566655,4.539704407834553,4.813357761802209,4.993554680090006,-4.966959111333415,4.996769198540903,-4.987880097410438,4.8802829632386935,-4.976687709495505
99.0,49.0,133.57362365722656,4.847010865843725,-4.642812477428127,4.533042412381199,4.622649254533135,4.925541477640355,-4.99404105154413,4.999999133506587,-4.999999202334704,4.877593865643437,-4.969265928037586
99.0,49.0,135.7393341064453,2.8658053698482955,-4.213781810731959,4.864391016680837,4.995133362373942,4.7130190846527,-4.912118950199396,4.99939930495961,-4.999998934152274,4.995593265699703,-4.868197521261525
99.0,49.0,135.5978240966797,4.757582658064761,-4.731336122604599,4.92976633520233,4.662854874550341,4.994313430551519,-4.875547804844416,4.873983848306442,-4.933086247842897,4.717975685747663,-4.9351550349279965
99.0,49.0,134.4003448486328,4.8058355461659765,-4.999629761545794,4.207563408087286,4.983639235187336,4.494244170699544,-4.9013301199847215,4.956174581056089,-4.9390340827760735,4.988060171567723,-4.945834662633029
99.0,49.0,134.73214721679688,3.7400646146902905,-4.794226837617605,3.63352387213763,4.987884671918437,4.941182599258009,-4.9991997885685215,4.997960194238848,-4.997004268154481,4.893946115748639,-4.999787605961081
99.0,49.0,133.9167022705078,4.990508238143678,-3.312181566281045,4.724074687845054,4.65522040262821,4.999784686426727,-4.99304515396675,4.9969550981380415,-4.917691187440049,4.988700630659251,-4.998010459481478
99.0,49.0,133.4192352294922,4.869290019964176,-4.106358186627613,4.903827850977971,4.860455176938991,4.99181020107375,-4.854594889601988,4.984887673215095,-4.926675863576229,4.909502561903759,-4.996617554605694
99.0,49.0,133.98638916015625,4.259744346627555,-4.92791425246002,4.606641442617482,4.993916943513876,4.774074761320332,-4.982504180393746,4.999523643179275,-4.999830932946869,4.880482493468408,-4.902006911723903
99.0,49.0,132.75514221191406,4.376679224493349,-4.749101760378381,4.937824148617128,4.941307118128895,4.921352778023439,-4.93872166274946,4.999979160788306,-4.950701243940609,4.884102048026172,-4.993813835832773
99.0,49.0,133.64942932128906,4.9995171441336925,-4.978945601655898,4.60090917422164,4.666051588924306,4.72989016040731,-4.99044281817582,4.997886742344371,-4.992152756733935,4.921033719736354,-4.910134069061435
99.0,49.0,135.86221313476562,4.414841591190783,-4.92857148183689,4.09004989307074,4.879915116381958,4.789279153189591,-4.933841687126632,4.906140464836668,-4.97510193399728,4.797173667800367,-4.945494252598985
99.0,49.0,135.1682891845703,4.826762511477698,-4.358584885923295,4.722408340040835,4.889406218501038,4.815076166690117,-4.777305396466167,4.975771543962716,-4.940605576228127,4.791003415921201,-4.981996740609973
99.0,49.0,134.59185791015625,4.698454482460911,-4.9752141783742045,3.880728925133905,4.997310177876937,4.924993433385604,-4.96797281301342,4.923295878941449,-4.916859378986921,4.902532710114978,-4.943116211442002
99.0,49.0,134.58380126953125,3.487906421729857,-4.709181026842861,4.520405500053956,4.84301951701402,4.796030982730772,-4.991353162470576,4.992690433058623,-4.996584770075566,4.969070351824402,-4.921831406026257
99.0,49.0,133.2476348876953,3.679008764858252,-4.993684908893114,4.776489124014466,4.814105159514921,4.983398202724701,-4.9871571783337245,4.996807310658292,-4.985563370807926,4.875489956166911,-4.989629444705852
99.0,49.0,133.66806030273438,4.883816949928696,-4.195153814441255,4.951770915973852,4.718269241836992,4.851819316601995,-4.994364139192631,4.999973815112185,-4.924846243003022,4.971036739724198,-4.916621738219284
99.0,49.0,132.299072265625,4.306316797791366,-4.915858717940793,4.94254839969801,4.986907528351972,4.897784042331336,-4.993406207042444,4.997997207758157,-4.952672654203928,4.88752878938668,-4.998298216784778
99.0,49.0,133.8756103515625,4.854354004919232,-4.963274780165777,4.607238775223323,4.832815170772255,4.914948590744027,-4.907259730966612,4.746453171428783,-4.935330505308279,4.919379668966039,-4.99752335437827
99.0,49.0,133.04164123535156,4.922049822420705,-4.889285004263187,4.68741078195595,4.990819886899443,4.872008001445762,-4.981898921109867,4.998944952676453,-4.999568927555652,4.872936026187713,-4.901669350874515
99.0,49.0,132.45230102539062,4.976931234685139,-4.417611105977025,4.99969901213479,4.999144697644045,4.990765377080543,-4.73887232683998,4.932421844563432,-4.98238666256968,4.96978289541437,-4.982634637074663
99.0,49.0,133.48532104492188,4.9841349188839565,-4.835225156794365,4.886423415269976,4.760697468599244,4.741292496057838,-4.952223647261713,4.995043405541154,-4.93614275429898,4.935072760531,-4.91321714782811
99.0,49.0,132.26617431640625,4.986834661355176,-4.677182698090235,4.86231649355216,4.898240712698691,4.8790911359715885,-4.993447305339248,4.999959680131625,-4.960631958066202,4.947041624693204,-4.950274289239864
99.0,49.0,134.26260375976562,3.578587535819836,-4.834055682694993,4.730555012799078,4.7092952438232025,4.989276975080177,-4.998157901495977,4.997779394477279,-4.993066467707124,4.816472159362132,-4.984191662399839
99.0,49.0,136.56581115722656,2.9505513334994857,-4.999722137090985,3.9846614248826064,4.865073224583391,4.425123192491474,-4.990796049121741,4.935359093709218,-4.899875582020491,4.99534168649911,-4.992110958723623
99.0,49.0,134.02642822265625,4.993621723737187,-4.722965392374609,4.834067635269208,4.964957788597747,4.774833406852283,-4.997832264811997,4.968315426232252,-4.916966387099983,4.752853252431828,-4.976646739008647
99.0,49.0,134.26214599609375,4.958637989267974,-3.431832397334757,4.895377829617224,4.787904304608887,4.998075654831471,-4.772220545433123,4.999930034771465,-4.939737160899588,4.936640418912361,-4.9995855366110975
99.0,49.0,134.6161346435547,4.8074640693436,-4.2120646700204345,3.968804631889777,4.825595985398298,4.822486780927056,-4.987335623851983,4.999145963702883,-4.971045174944512,4.936720038319375,-4.978058701851752
99.0,49.0,135.36410522460938,4.97251539460233,-4.459618888115057,4.995892492040159,3.859719456151942,4.987834529066729,-4.720016748438458,4.888568089562707,-4.996863938665035,4.967349879348786,-4.953739287574088
99.0,50.0,133.75241088867188,4.747730680694368,-4.97180921919206,4.325072857173578,4.972485935263928,4.954950338409608,-4.956431037232189,4.956520605348688,-4.875988492048043,4.94887368743125,-4.9228110776752025
99.0,50.0,135.36172485351562,4.7962929773438026,-4.665149983981363,4.109306251579614,4.753852765249123,4.776686703071688,-4.972754294999898,4.999835815321218,-4.946479254824501,4.878969037780771,-4.915223571693639
99.0,50.0,132.9822235107422,4.994265045036751,-4.601026364489806,4.887646034304364,4.797730136934449,4.809493405435241,-4.951619760727495,4.943659410914748,-4.925079821527971,4.965599498019337,-4.972666150751644
99.0,50.0,134.54884338378906,4.999587933249262,-4.437290986087857,3.8897632109336095,4.985129875552948,4.82153550288903,-4.997880363108592,4.998842171520198,-4.951278548174491,4.84866959959537,-4.991941276039578
99.0,50.0,134.3296356201172,4.852294221975569,-4.569231987292721,3.822814734254609,4.876677135687962,4.8004231640895245,-4.991378162806482,4.985751148136506,-4.939448288111864,4.999738139820817,-4.950496194029807
99.0,50.0,133.7572784423828,4.97728362266314,-4.636305924025283,4.311443363754901,4.62350639673493,4.896279687184264,-4.99402293810207,4.999948825855496,-4.999999063364503,4.872218438291693,-4.987827816190963
99.0,50.0,134.90977478027344,4.861112365616553,-3.9223875073826737,4.921587784960543,4.657615851874111,4.88889836008307,-4.833727520642601,4.921064625010209,-4.950499217807042,4.93905137837321,-4.941478799119016
99.0,50.0,133.88365173339844,4.996811884536591,-4.903007303896391,4.365324367978984,4.6310938033828695,4.846521445289765,-4.995349818841081,4.999787695837838,-4.9614804211172725,4.8607394240011,-4.973591395010557
99.0,50.0,133.96246337890625,4.36842881959956,-4.423720127676699,4.739298566328484,4.99348009856182,4.730981928914006,-4.998182539049509,4.997932859582448,-4.984048869119561,4.946200942329381,-4.902288621438935
99.0,50.0,133.82081604003906,4.9687400896357214,-3.715231062535046,4.874477454224264,4.770068254103144,4.997197916366207,-4.864805994219106,4.983836464868938,-4.914280360127799,4.950251286900341,-4.992598930795853
99.0,50.0,135.37197875976562,4.652121401359195,-4.9565512235826565,4.095906728625513,4.978862378192968,4.478426760429083,-4.996728550685392,4.966570863052427,-4.868431313851626,4.943620965008829,-4.931284788155638
99.0,50.0,132.8922119140625,4.959707329891831,-4.493650440558415,4.903565302041082,4.714874250389231,4.909037544821217,-4.979268599223033,4.983310236481442,-4.921977626659643,4.974007411335263,-4.953496761873732
99.0,50.0,134.6358642578125,4.651668748741537,-4.718970256381368,4.486495443407703,4.980834822446101,4.996291818821292,-4.9496759892971225,4.991073637565357,-4.963697021989888,4.760874764249744,-4.915869790581289
99.0,50.0,134.91200256347656,4.985972799878317,-2.9528716494110965,4.969733775942312,4.674589217311103,4.999362380208147,-4.752551991592972,4.998259208924571,-4.949933283651781,4.946761013852107,-4.999274077803245
99.0,50.0,133.41175842285156,4.921968999362568,-3.852823832207378,4.884017559437009,4.710161497409981,4.917132127757419,-4.994882087000584,4.999894628295191,-4.919122730079531,4.969714114152094,-4.981832459133271
99.0,50.0,134.43862915039062,4.997135435420636,-4.984408436377603,4.201174474010391,4.96347259663256,4.468277279758848,-4.924043224411946,4.957951186293398,-4.931473061026104,4.997004631390331,-4.926099136305663
99.0,50.0,133.09498596191406,4.992394000587418,-4.768125016489873,4.325072530895141,4.951489472181214,4.879591856451496,-4.995804990988459,4.998230600441686,-4.963696427788088,4.884757740045123,-4.979440063492968
99.0,50.0,134.7361297607422,4.812517373316158,-4.631922530449197,4.681944178730891,4.350653053729307,4.991897462981633,-4.88725910798202,4.93756230386918,-4.933652958856579,4.95397741726301,-4.921156284327482
99.0,50.0,132.7851104736328,3.913238564855563,-4.979318162677283,4.9218945427921446,4.851377600175439,4.983453655700749,-4.949202414940304,4.999985392097635,-4.945632081572139,4.990271333844301,-4.929245733123854
99.0,50.0,133.63888549804688,4.524327323642417,-4.940873325409842,4.417674623138866,4.9491275511136585,4.997062101960564,-4.942718155233987,4.993416320084942,-4.973195374551819,4.8524842656825,-4.942526773586231
99.0,50.0,131.77101135253906,4.604234882845857,-4.771117281809131,4.971582571409526,4.985890494011343,4.931024917852982,-4.948021096484799,4.996406469657009,-4.975754001566141,4.929152705047987,-4.997117752999082
99.0,50.0,132.7376708984375,4.842471018290933,-4.080257767524721,4.950198150836921,4.813357761802209,4.929938295924004,-4.991623446973209,4.996769198540903,-4.9832055219674825,4.947609381175377,-4.972300519758536
99.0,50.0,133.57362365722656,4.847010865843725,-4.642812477428127,4.533042412381199,4.622649254533135,4.925541477640355,-4.99404105154413,4.999999133506587,-4.999999202334704,4.877593865643437,-4.969265928037586
99.0,50.0,135.024658203125,3.910223093048518,-4.999304162109475,4.321641751956876,4.784504531626267,4.981758168378614,-4.912118950199396,4.999537390247654,-4.989895704185946,4.775876213521922,-4.971016831797002
99.0,50.0,135.37425231933594,2.409043396537228,-4.524148449108953,4.964134118056491,4.976119053211142,4.797207829158015,-4.998067459436465,4.99969431451752,-4.999999878748042,4.99750579523535,-4.841822017518465
99.0,50.0,134.4003448486328,4.8058355461659765,-4.999629761545794,4.207563408087286,4.983639235187336,4.494244170699544,-4.9013301199847215,4.956174581056089,-4.9390340827760735,4.988060171567723,-4.945834662633029
99.0,50.0,134.73214721679688,3.7400646146902905,-4.794226837617605,3.63352387213763,4.987884671918437,4.941182599258009,-4.9991997885685215,4.997960194238848,-4.997004268154481,4.893946115748639,-4.999787605961081
99.0,50.0,132.90994262695312,4.990508238143678,-4.943924936985382,4.94372007361364,4.981379451728904,4.813365101392613,-4.997361792617924,4.984158768802166,-4.912403342078013,4.789554222311764,-4.994653578167488
99.0,50.0,133.4192352294922,4.869290019964176,-4.106358186627613,4.903827850977971,4.860455176938991,4.99181020107375,-4.854594889601988,4.984887673215095,-4.926675863576229,4.909502561903759,-4.996617554605694
99.0,50.0,133.98638916015625,4.259744346627555,-4.92791425246002,4.606641442617482,4.993916943513876,4.774074761320332,-4.982504180393746,4.999523643179275,-4.999830932946869,4.880482493468408,-4.902006911723903
99.0,50.0,132.75514221191406,4.376679224493349,-4.749101760378381,4.937824148617128,4.941307118128895,4.921352778023439,-4.93872166274946,4.999979160788306,-4.950701243940609,4.884102048026172,-4.993813835832773
99.0,50.0,133.64942932128906,4.9995171441336925,-4.978945601655898,4.60090917422164,4.666051588924306,4.72989016040731,-4.99044281817582,4.997886742344371,-4.992152756733935,4.921033719736354,-4.910134069061435
99.0,50.0,134.4556884765625,4.91502361792727,-4.631387457127428,4.8877451168506125,4.818932903316982,4.85248793056433,-4.879680505305712,4.986780616121266,-4.932494259743399,4.797173667800367,-4.944573408640837
99.0,50.0,133.00408935546875,3.763177508152301,-4.916044998451486,4.972837124339446,4.992801719408692,4.980859031468934,-4.972786005424686,4.9990465326347895,-4.92941231662303,4.854700882051844,-4.998932771115102
99.0,50.0,132.21075439453125,4.991730106779159,-4.9752141783742045,4.987467066010841,4.997310177876937,4.837619967489665,-4.999253333175724,4.999965250420122,-4.916859378986921,4.909072794071435,-4.939703425839521
99.0,50.0,134.58380126953125,3.487906421729857,-4.709181026842861,4.520405500053956,4.84301951701402,4.796030982730772,-4.991353162470576,4.992690433058623,-4.996584770075566,4.969070351824402,-4.921831406026257
99.0,50.0,133.2476348876953,3.679008764858252,-4.993684908893114,4.776489124014466,4.814105159514921,4.983398202724701,-4.9871571783337245,4.996807310658292,-4.985563370807926,4.875489956166911,-4.989629444705852
99.0,50.0,133.66806030273438,4.883816949928696,-4.195153814441255,4.951770915973852,4.718269241836992,4.851819316601995,-4.994364139192631,4.999973815112185,-4.924846243003022,4.971036739724198,-4.916621738219284
99.0,50.0,132.299072265625,4.306316797791366,-4.915858717940793,4.94254839969801,4.986907528351972,4.897784042331336,-4.993406207042444,4.997997207758157,-4.952672654203928,4.88752878938668,-4.998298216784778
99.0,50.0,133.8756103515625,4.854354004919232,-4.963274780165777,4.607238775223323,4.832815170772255,4.914948590744027,-4.907259730966612,4.746453171428783,-4.935330505308279,4.919379668966039,-4.99752335437827
99.0,50.0,133.04164123535156,4.922049822420705,-4.889285004263187,4.68741078195595,4.990819886899443,4.872008001445762,-4.981898921109867,4.998944952676453,-4.999568927555652,4.872936026187713,-4.901669350874515
99.0,50.0,132.45230102539062,4.976931234685139,-4.417611105977025,4.99969901213479,4.999144697644045,4.990765377080543,-4.73887232683998,4.932421844563432,-4.98238666256968,4.96978289541437,-4.982634637074663
99.0,50.0,133.48532104492188,4.9841349188839565,-4.835225156794365,4.886423415269976,4.760697468599244,4.741292496057838,-4.952223647261713,4.995043405541154,-4.93614275429898,4.935072760531,-4.91321714782811
99.0,50.0,132.26617431640625,4.986834661355176,-4.677182698090235,4.86231649355216,4.898240712698691,4.8790911359715885,-4.993447305339248,4.999959680131625,-4.960631958066202,4.947041624693204,-4.950274289239864
99.0,50.0,134.26260375976562,3.578587535819836,-4.834055682694993,4.730555012799078,4.7092952438232025,4.989276975080177,-4.998157901495977,4.997779394477279,-4.993066467707124,4.816472159362132,-4.984191662399839
99.0,50.0,131.44918823242188,4.8239910897100815,-4.788468930973574,4.9784383976179285,4.962340521206492,4.9938596366302,-4.934730118404788,4.9165628229530665,-4.955868287221641,4.990255705630823,-4.997976212826472
99.0,50.0,134.02642822265625,4.993621723737187,-4.722965392374609,4.834067635269208,4.964957788597747,4.774833406852283,-4.997832264811997,4.968315426232252,-4.916966387099983,4.752853252431828,-4.976646739008647
99.0,50.0,134.26214599609375,4.958637989267974,-3.431832397334757,4.895377829617224,4.787904304608887,4.998075654831471,-4.772220545433123,4.999930034771465,-4.939737160899588,4.936640418912361,-4.9995855366110975
99.0,50.0,134.6161346435547,4.8074640693436,-4.2120646700204345,3.968804631889777,4.825595985398298,4.822486780927056,-4.987335623851983,4.999145963702883,-4.971045174944512,4.936720038319375,-4.978058701851752
99.0,50.0,135.3385467529297,4.7119145753959,-4.914592175139292,3.8190048262421055,4.980216883512275,4.511941274206469,-4.911595443853814,4.9585707859461206,-4.9442023330388345,4.960008310192608,-4.9468378745657935
99.0,51.0,133.75241088867188,4.747730680694368,-4.97180921919206,4.325072857173578,4.972485935263928,4.954950338409608,-4.956431037232189,4.956520605348688,-4.875988492048043,4.94887368743125,-4.9228110776752025
99.0,51.0,132.70669555664062,4.997162274407955,-4.665149983981363,4.74429622554497,4.991326729395642,4.845336361165844,-4.987698325111943,4.995978802885406,-4.946708740801016,4.862159735170385,-4.993749660668584
99.0,51.0,132.9822235107422,4.994265045036751,-4.601026364489806,4.887646034304364,4.797730136934449,4.809493405435241,-4.951619760727495,4.943659410914748,-4.925079821527971,4.965599498019337,-4.972666150751644
99.0,51.0,133.91737365722656,4.946539340674532,-4.739009040342895,4.516651492033988,4.985129875552948,4.988695369341928,-4.871528142090596,4.810799309189418,-4.925967589540415,4.971616227732944,-4.923011043600231
99.0,51.0,133.1060333251953,4.85277440169707,-4.222183738175666,4.85226459931684,4.833330450987091,4.917177069295957,-4.996038472328154,4.999990492613507,-4.956559329631357,4.9399683725525545,-4.950496194029807
99.0,51.0,133.7572784423828,4.97728362266314,-4.636305924025283,4.311443363754901,4.62350639673493,4.896279687184264,-4.99402293810207,4.999948825855496,-4.999999063364503,4.872218438291693,-4.987827816190963
99.0,51.0,133.74180603027344,4.646984681772784,-4.733850157271468,4.695759493738951,4.657615851874111,4.989787945226071,-4.999165109903335,4.921064625010209,-4.974296224377,4.830019819043298,-4.995178468811835
99.0,51.0,133.16177368164062,4.605612716471164,-4.089920061667708,4.992318727173853,4.885900310356568,4.959471445639712,-4.8345314749171,4.997391389923317,-4.947120447938694,4.950499856629849,-4.99701671832409
99.0,51.0,133.96246337890625,4.36842881959956,-4.423720127676699,4.739298566328484,4.99348009856182,4.730981928914006,-4.998182539049509,4.997932859582448,-4.984048869119561,4.946200942329381,-4.902288621438935
99.0,51.0,133.58644104003906,4.974331593061306,-4.687996388313517,4.436281720496465,4.94291548711146,4.79474441428572,-4.999372483897013,4.999184329953866,-4.999696169923481,4.898368252382496,-4.915511909051817
99.0,51.0,134.33763122558594,4.99773329345322,-4.378791150756212,4.095906728625513,4.999211935312475,4.98949579145266,-4.73168674038546,4.933541455551682,-4.954311135477232,4.943620965008829,-4.987286300279289
99.0,51.0,132.8922119140625,4.959707329891831,-4.493650440558415,4.903565302041082,4.714874250389231,4.909037544821217,-4.979268599223033,4.983310236481442,-4.921977626659643,4.974007411335263,-4.953496761873732
99.0,51.0,134.6358642578125,4.651668748741537,-4.718970256381368,4.486495443407703,4.980834822446101,4.996291818821292,-4.9496759892971225,4.991073637565357,-4.963697021989888,4.760874764249744,-4.915869790581289
99.0,51.0,134.91200256347656,4.985972799878317,-2.9528716494110965,4.969733775942312,4.674589217311103,4.999362380208147,-4.752551991592972,4.998259208924571,-4.949933283651781,4.946761013852107,-4.999274077803245
99.0,51.0,131.90481567382812,4.999995196513495,-4.791217730815425,4.884017559437009,4.710161497409981,4.818886567232915,-4.998373202932816,4.998749111883025,-4.969595637231617,4.969714114152094,-4.999881881985011
99.0,51.0,134.43862915039062,4.997135435420636,-4.984408436377603,4.201174474010391,4.96347259663256,4.468277279758848,-4.924043224411946,4.957951186293398,-4.931473061026104,4.997004631390331,-4.926099136305663
99.0,51.0,133.09498596191406,4.992394000587418,-4.768125016489873,4.325072530895141,4.951489472181214,4.879591856451496,-4.995804990988459,4.998230600441686,-4.963696427788088,4.884757740045123,-4.979440063492968
99.0,51.0,133.76419067382812,4.81574761135416,-4.97961989181011,4.801220228283338,4.876673245785099,4.917206804921754,-4.9621691775207495,4.984165642336356,-4.907435727697552,4.7372510823385205,-4.995646931039102
99.0,51.0,132.7851104736328,3.913238564855563,-4.979318162677283,4.9218945427921446,4.851377600175439,4.983453655700749,-4.949202414940304,4.999985392097635,-4.945632081572139,4.990271333844301,-4.929245733123854
99.0,51.0,131.97828674316406,4.941146691938595,-4.9266911523538655,4.417674623138866,4.9491275511136585,4.961518183094782,-4.992242841358989,4.981059335452871,-4.924662161366943,4.99960957496407,-4.98174546872746
99.0,51.0,131.77101135253906,4.604234882845857,-4.771117281809131,4.971582571409526,4.985890494011343,4.931024917852982,-4.948021096484799,4.996406469657009,-4.975754001566141,4.929152705047987,-4.997117752999082
99.0,51.0,132.7376708984375,4.842471018290933,-4.080257767524721,4.950198150836921,4.813357761802209,4.929938295924004,-4.991623446973209,4.996769198540903,-4.9832055219674825,4.947609381175377,-4.972300519758536
99.0,51.0,133.0156707763672,4.995977861758583,-4.642812477428127,4.915734049394724,4.622649254533135,4.920831244003471,-4.841518609024032,4.9428711077164245,-4.926806835941611,4.999495486055006,-4.978461468682891
99.0,51.0,135.024658203125,3.910223093048518,-4.999304162109475,4.321641751956876,4.784504531626267,4.981758168378614,-4.912118950199396,4.999537390247654,-4.989895704185946,4.775876213521922,-4.971016831797002
99.0,51.0,132.93167114257812,4.9983958807475135,-4.924950986687714,4.361458470322553,4.976119053211142,4.797207829158015,-4.996775369773898,4.97165238390948,-4.954151751431464,4.9416411813198575,-4.9601317020808295
99.0,51.0,134.17852783203125,4.988248909313025,-4.904101925042899,4.683682337457226,4.892292814319607,4.724129177722554,-4.931360215129819,4.974414010976859,-4.87760376646944,4.953766009101477,-4.882526855465792
99.0,51.0,132.45382690429688,3.834715501934183,-4.794226837617605,4.999565824212322,4.92503068661439,4.995635198616745,-4.949792729338999,4.999426620195901,-4.941158464188913,4.995847655865104,-4.960328958472404
99.0,51.0,132.90994262695312,4.990508238143678,-4.943924936985382,4.94372007361364,4.981379451728904,4.813365101392613,-4.997361792617924,4.984158768802166,-4.912403342078013,4.789554222311764,-4.994653578167488
99.0,51.0,133.4192352294922,4.869290019964176,-4.106358186627613,4.903827850977971,4.860455176938991,4.99181020107375,-4.854594889601988,4.984887673215095,-4.926675863576229,4.909502561903759,-4.996617554605694
99.0,51.0,132.3415985107422,4.998205343617409,-4.843383548563274,4.883702346481853,4.921942011435027,4.835130380896244,-4.996053446155045,4.999942738588393,-4.919062046392311,4.962781088907203,-4.935493038140832
99.0,51.0,132.75514221191406,4.376679224493349,-4.749101760378381,4.937824148617128,4.941307118128895,4.921352778023439,-4.93872166274946,4.999979160788306,-4.950701243940609,4.884102048026172,-4.993813835832773
99.0,51.0,133.64942932128906,4.9995171441336925,-4.978945601655898,4.60090917422164,4.666051588924306,4.72989016040731,-4.99044281817582,4.997886742344371,-4.992152756733935,4.921033719736354,-4.910134069061435
99.0,51.0,134.4556884765625,4.91502361792727,-4.631387457127428,4.8877451168506125,4.818932903316982,4.85248793056433,-4.879680505305712,4.986780616121266,-4.932494259743399,4.797173667800367,-4.944573408640837
99.0,51.0,133.00408935546875,3.763177508152301,-4.916044998451486,4.972837124339446,4.992801719408692,4.980859031468934,-4.972786005424686,4.9990465326347895,-4.92941231662303,4.854700882051844,-4.998932771115102
99.0,51.0,132.21075439453125,4.991730106779159,-4.9752141783742045,4.987467066010841,4.997310177876937,4.837619967489665,-4.999253333175724,4.999965250420122,-4.916859378986921,4.909072794071435,-4.939703425839521
99.0,51.0,133.24990844726562,4.962197471885976,-4.483975518968218,4.920552778824017,4.84301951701402,4.85824580014551,-4.987991644543494,4.992690433058623,-4.91051404504451,4.909094688008125,-4.95206187376834
99.0,51.0,133.2476348876953,3.679008764858252,-4.993684908893114,4.776489124014466,4.814105159514921,4.983398202724701,-4.9871571783337245,4.996807310658292,-4.985563370807926,4.875489956166911,-4.989629444705852
99.0,51.0,133.66806030273438,4.883816949928696,-4.195153814441255,4.951770915973852,4.718269241836992,4.851819316601995,-4.994364139192631,4.999973815112185,-4.924846243003022,4.971036739724198,-4.916621738219284
99.0,51.0,132.299072265625,4.306316797791366,-4.915858717940793,4.94254839969801,4.986907528351972,4.897784042331336,-4.993406207042444,4.997997207758157,-4.952672654203928,4.88752878938668,-4.998298216784778
99.0,51.0,133.77235412597656,4.847950389436196,-3.4209902474770475,4.8872565980486495,4.626150652446634,4.975418725023115,-4.992012914178227,4.999944707913566,-4.954523820024265,4.994793259647157,-4.970655929928795
99.0,51.0,133.04164123535156,4.922049822420705,-4.889285004263187,4.68741078195595,4.990819886899443,4.872008001445762,-4.981898921109867,4.998944952676453,-4.999568927555652,4.872936026187713,-4.901669350874515
99.0,51.0,132.45230102539062,4.976931234685139,-4.417611105977025,4.99969901213479,4.999144697644045,4.990765377080543,-4.73887232683998,4.932421844563432,-4.98238666256968,4.96978289541437,-4.982634637074663
99.0,51.0,133.28982543945312,4.76561729978458,-4.354674087508971,4.887829346357549,4.956745426405734,4.741761741009734,-4.99932452281866,4.995043405541154,-4.964444445893662,4.977401443783494,-4.907414725392037
99.0,51.0,132.26617431640625,4.986834661355176,-4.677182698090235,4.86231649355216,4.898240712698691,4.8790911359715885,-4.993447305339248,4.999959680131625,-4.960631958066202,4.947041624693204,-4.950274289239864
99.0,51.0,134.26260375976562,3.578587535819836,-4.834055682694993,4.730555012799078,4.7092952438232025,4.989276975080177,-4.998157901495977,4.997779394477279,-4.993066467707124,4.816472159362132,-4.984191662399839
99.0,51.0,131.44918823242188,4.8239910897100815,-4.788468930973574,4.9784383976179285,4.962340521206492,4.9938596366302,-4.934730118404788,4.9165628229530665,-4.955868287221641,4.990255705630823,-4.997976212826472
99.0,51.0,133.3463592529297,4.368188513306543,-4.722965392374609,4.649722813342397,4.854195248029136,4.96474591889795,-4.959923251436747,4.999981376878534,-4.988160864858875,4.83741151816235,-4.999742065299234
99.0,51.0,133.19692993164062,4.958637989267974,-4.669952613326322,4.974975565374709,4.989688198948211,4.736105366226049,-4.992308080582303,4.999481723179409,-4.999915813539225,4.999237459420193,-4.798911565284936
99.0,51.0,134.0370635986328,4.800453723465504,-4.5315838316602415,4.509078364300731,4.825595985398298,4.85606844740108,-4.999746177101171,4.999999458962172,-4.971228992551374,4.878220787798352,-4.936259478609896
99.0,51.0,131.48976135253906,4.302923266600361,-4.892967370798607,4.956672828839486,4.953548990402443,4.949912906890989,-4.99121372730607,4.9985600383942606,-4.974505439687038,4.984622975517368,-4.985111991900387
99.0,52.0,133.75241088867188,4.747730680694368,-4.97180921919206,4.325072857173578,4.972485935263928,4.954950338409608,-4.956431037232189,4.956520605348688,-4.875988492048043,4.94887368743125,-4.9228110776752025
99.0,52.0,132.70669555664062,4.997162274407955,-4.665149983981363,4.74429622554497,4.991326729395642,4.845336361165844,-4.987698325111943,4.995978802885406,-4.946708740801016,4.862159735170385,-4.993749660668584
99.0,52.0,132.9822235107422,4.994265045036751,-4.601026364489806,4.887646034304364,4.797730136934449,4.809493405435241,-4.951619760727495,4.943659410914748,-4.925079821527971,4.965599498019337,-4.972666150751644
99.0,52.0,131.9591827392578,4.9650781249668015,-4.859048178813179,4.983116448150516,4.985129875552948,4.918031132834944,-4.935277834244662,4.917655750924489,-4.917764742861539,4.971616227732944,-4.975732094546313
99.0,52.0,132.49899291992188,4.99675735434209,-4.764110039683016,4.967975517182377,4.861293538895566,4.843246718734606,-4.9921845292660185,4.992621764781765,-4.956559329631357,4.952312105045727,-4.917302698383997
99.0,52.0,133.7572784423828,4.97728362266314,-4.636305924025283,4.311443363754901,4.62350639673493,4.896279687184264,-4.99402293810207,4.999948825855496,-4.999999063364503,4.872218438291693,-4.987827816190963
99.0,52.0,133.74180603027344,4.646984681772784,-4.733850157271468,4.695759493738951,4.657615851874111,4.989787945226071,-4.999165109903335,4.921064625010209,-4.974296224377,4.830019819043298,-4.995178468811835
99.0,52.0,133.16177368164062,4.605612716471164,-4.089920061667708,4.992318727173853,4.885900310356568,4.959471445639712,-4.8345314749171,4.997391389923317,-4.947120447938694,4.950499856629849,-4.99701671832409
99.0,52.0,133.89561462402344,4.944811734330856,-4.172262467299069,4.967860118164081,4.740291974171769,4.808991925138814,-4.995752837456802,4.99996296673873,-4.911081789606685,4.985349729740933,-4.891887850189599
99.0,52.0,133.58644104003906,4.974331593061306,-4.687996388313517,4.436281720496465,4.94291548711146,4.79474441428572,-4.999372483897013,4.999184329953866,-4.999696169923481,4.898368252382496,-4.915511909051817
99.0,52.0,132.8191375732422,4.924787192495707,-4.2245111443905365,4.820044800957364,4.999211935312475,4.849271956338386,-4.950012330303711,4.94367203201144,-4.9449297968501895,4.981047287259896,-4.978062534846787
99.0,52.0,132.8922119140625,4.959707329891831,-4.493650440558415,4.903565302041082,4.714874250389231,4.909037544821217,-4.979268599223033,4.983310236481442,-4.921977626659643,4.974007411335263,-4.953496761873732
99.0,52.0,134.6358642578125,4.651668748741537,-4.718970256381368,4.486495443407703,4.980834822446101,4.996291818821292,-4.9496759892971225,4.991073637565357,-4.963697021989888,4.760874764249744,-4.915869790581289
99.0,52.0,134.66519165039062,4.985871703337106,-3.780721255936546,4.926300696717686,4.709977039413509,4.858030354916629,-4.752551991592972,4.997042795999045,-4.9750494113745365,4.9352039231049245,-4.950446909631976
99.0,52.0,131.90481567382812,4.999995196513495,-4.791217730815425,4.884017559437009,4.710161497409981,4.818886567232915,-4.998373202932816,4.998749111883025,-4.969595637231617,4.969714114152094,-4.999881881985011
99.0,52.0,133.97308349609375,4.424710190469764,-4.875521241783727,4.201174474010391,4.937132674537809,4.900682037817598,-4.942099186716993,4.982702644679971,-4.906846978969686,4.997004631390331,-4.926099136305663
99.0,52.0,132.5412139892578,4.823123507168939,-4.902615207636604,4.325072530895141,4.951489472181214,4.978378683617266,-4.998193918834962,4.982846789063633,-4.930865593013309,4.953738981521251,-4.979440063492968
99.0,52.0,133.76419067382812,4.81574761135416,-4.97961989181011,4.801220228283338,4.876673245785099,4.917206804921754,-4.9621691775207495,4.984165642336356,-4.907435727697552,4.7372510823385205,-4.995646931039102
99.0,52.0,132.7851104736328,3.913238564855563,-4.979318162677283,4.9218945427921446,4.851377600175439,4.983453655700749,-4.949202414940304,4.999985392097635,-4.945632081572139,4.990271333844301,-4.929245733123854
99.0,52.0,131.97828674316406,4.941146691938595,-4.9266911523538655,4.417674623138866,4.9491275511136585,4.961518183094782,-4.992242841358989,4.981059335452871,-4.924662161366943,4.99960957496407,-4.98174546872746
99.0,52.0,131.77101135253906,4.604234882845857,-4.771117281809131,4.971582571409526,4.985890494011343,4.931024917852982,-4.948021096484799,4.996406469657009,-4.975754001566141,4.929152705047987,-4.997117752999082
99.0,52.0,132.7376708984375,4.842471018290933,-4.080257767524721,4.950198150836921,4.813357761802209,4.929938295924004,-4.991623446973209,4.996769198540903,-4.9832055219674825,4.947609381175377,-4.972300519758536
99.0,52.0,133.0156707763672,4.995977861758583,-4.642812477428127,4.915734049394724,4.622649254533135,4.920831244003471,-4.841518609024032,4.9428711077164245,-4.926806835941611,4.999495486055006,-4.978461468682891
99.0,52.0,135.024658203125,3.910223093048518,-4.999304162109475,4.321641751956876,4.784504531626267,4.981758168378614,-4.912118950199396,4.999537390247654,-4.989895704185946,4.775876213521922,-4.971016831797002
99.0,52.0,132.93167114257812,4.9983958807475135,-4.924950986687714,4.361458470322553,4.976119053211142,4.797207829158015,-4.996775369773898,4.97165238390948,-4.954151751431464,4.9416411813198575,-4.9601317020808295
99.0,52.0,132.98779296875,4.416650959905901,-4.900372631214879,4.419390209187787,4.977663390800823,4.877460238018266,-4.973645011365875,4.971394324713234,-4.965199960329765,4.958174464798808,-4.972549662246616
99.0,52.0,132.45382690429688,3.834715501934183,-4.794226837617605,4.999565824212322,4.92503068661439,4.995635198616745,-4.949792729338999,4.999426620195901,-4.941158464188913,4.995847655865104,-4.960328958472404
99.0,52.0,132.90994262695312,4.990508238143678,-4.943924936985382,4.94372007361364,4.981379451728904,4.813365101392613,-4.997361792617924,4.984158768802166,-4.912403342078013,4.789554222311764,-4.994653578167488
99.0,52.0,133.3956756591797,4.998059222155957,-4.3844645285101045,4.701792336554021,4.973298582894163,4.725787715936244,-4.988224260172568,4.993977239338589,-4.9642248054363325,4.92351001603621,-4.947990637807052
99.0,52.0,132.3415985107422,4.998205343617409,-4.843383548563274,4.883702346481853,4.921942011435027,4.835130380896244,-4.996053446155045,4.999942738588393,-4.919062046392311,4.962781088907203,-4.935493038140832
99.0,52.0,132.3940887451172,4.982392543066607,-4.749101760378381,4.999773993475041,4.999378615751999,4.987937189688701,-4.735364105721802,4.934641003382559,-4.997760262972299,4.980700903232719,-4.9283830570211125
99.0,52.0,133.57177734375,4.717761462790872,-4.7024230348276825,4.976007565987857,4.706251280917599,4.798803864697243,-4.971612613628052,4.999522493654395,-4.98261517851845,4.911960350683145,-4.910134069061435
99.0,52.0,134.4556884765625,4.91502361792727,-4.631387457127428,4.8877451168506125,4.818932903316982,4.85248793056433,-4.879680505305712,4.986780616121266,-4.932494259743399,4.797173667800367,-4.944573408640837
99.0,52.0,131.55007934570312,4.778979003252966,-4.916044998451486,4.962318307634341,4.992801719408692,4.7481274865108585,-4.999848973540764,4.995633194240737,-4.92941231662303,4.986687906893149,-4.998932771115102
99.0,52.0,132.21075439453125,4.991730106779159,-4.9752141783742045,4.987467066010841,4.997310177876937,4.837619967489665,-4.999253333175724,4.999965250420122,-4.916859378986921,4.909072794071435,-4.939703425839521
99.0,52.0,133.24990844726562,4.962197471885976,-4.483975518968218,4.920552778824017,4.84301951701402,4.85824580014551,-4.987991644543494,4.992690433058623,-4.91051404504451,4.909094688008125,-4.95206187376834
99.0,52.0,133.2476348876953,3.679008764858252,-4.993684908893114,4.776489124014466,4.814105159514921,4.983398202724701,-4.9871571783337245,4.996807310658292,-4.985563370807926,4.875489956166911,-4.989629444705852
99.0,52.0,133.66116333007812,3.677130361411716,-4.994838767485794,4.804526143669104,4.905929816912148,4.985334050703387,-4.994364139192631,4.998434458331667,-4.979225131082947,4.787467318313125,-4.991924593050166
99.0,52.0,132.299072265625,4.306316797791366,-4.915858717940793,4.94254839969801,4.986907528351972,4.897784042331336,-4.993406207042444,4.997997207758157,-4.952672654203928,4.88752878938668,-4.998298216784778
99.0,52.0,133.77235412597656,4.847950389436196,-3.4209902474770475,4.8872565980486495,4.626150652446634,4.975418725023115,-4.992012914178227,4.999944707913566,-4.954523820024265,4.994793259647157,-4.970655929928795
99.0,52.0,132.0533905029297,4.963497292697893,-4.348782877799971,4.960976956097832,4.871134122280313,4.956256281542922,-4.981898921109867,4.959309190363406,-4.999568927555652,4.944802009524062,-4.9856232377797625
99.0,52.0,132.45230102539062,4.976931234685139,-4.417611105977025,4.99969901213479,4.999144697644045,4.990765377080543,-4.73887232683998,4.932421844563432,-4.98238666256968,4.96978289541437,-4.982634637074663
99.0,52.0,132.36985778808594,4.022427751475021,-4.99123400605879,4.9149543780141824,4.8895977056004005,4.999555027314159,-4.99932452281866,4.995043405541154,-4.964444445893662,4.977401443783494,-4.929725480375045
99.0,52.0,132.26617431640625,4.986834661355176,-4.677182698090235,4.86231649355216,4.898240712698691,4.8790911359715885,-4.993447305339248,4.999959680131625,-4.960631958066202,4.947041624693204,-4.950274289239864
99.0,52.0,133.98179626464844,3.85736496706123,-4.453171465444624,4.730555012799078,4.874088014480639,4.994610480838521,-4.909725114937599,4.999887480804032,-4.926562252366207,4.955471084001571,-4.959649629362016
99.0,52.0,131.44918823242188,4.8239910897100815,-4.788468930973574,4.9784383976179285,4.962340521206492,4.9938596366302,-4.934730118404788,4.9165628229530665,-4.955868287221641,4.990255705630823,-4.997976212826472
99.0,52.0,133.3463592529297,4.368188513306543,-4.722965392374609,4.649722813342397,4.854195248029136,4.96474591889795,-4.959923251436747,4.999981376878534,-4.988160864858875,4.83741151816235,-4.999742065299234
99.0,52.0,132.39767456054688,4.961327425947825,-4.740071727494547,4.974975565374709,4.989688198948211,4.736105366226049,-4.9817727715752245,4.982915493902283,-4.959402590119873,4.937673167664412,-4.952941847289998
99.0,52.0,134.0370635986328,4.800453723465504,-4.5315838316602415,4.509078364300731,4.825595985398298,4.85606844740108,-4.999746177101171,4.999999458962172,-4.971228992551374,4.878220787798352,-4.936259478609896
99.0,52.0,131.48976135253906,4.302923266600361,-4.892967370798607,4.956672828839486,4.953548990402443,4.949912906890989,-4.99121372730607,4.9985600383942606,-4.974505439687038,4.984622975517368,-4.985111991900387
99.0,53.0,133.52883911132812,4.976301742351636,-4.809174980350251,4.4343098765852105,4.979569523952975,4.807562902016222,-4.9996151678802185,4.999554205106614,-4.9966872823556505,4.896959047826429,-4.896925352746411
99.0,53.0,132.70669555664062,4.997162274407955,-4.665149983981363,4.74429622554497,4.991326729395642,4.845336361165844,-4.987698325111943,4.995978802885406,-4.946708740801016,4.862159735170385,-4.993749660668584
99.0,53.0,132.9822235107422,4.994265045036751,-4.601026364489806,4.887646034304364,4.797730136934449,4.809493405435241,-4.951619760727495,4.943659410914748,-4.925079821527971,4.965599498019337,-4.972666150751644
99.0,53.0,131.9591827392578,4.9650781249668015,-4.859048178813179,4.983116448150516,4.985129875552948,4.918031132834944,-4.935277834244662,4.917655750924489,-4.917764742861539,4.971616227732944,-4.975732094546313
99.0,53.0,132.49899291992188,4.99675735434209,-4.764110039683016,4.967975517182377,4.861293538895566,4.843246718734606,-4.9921845292660185,4.992621764781765,-4.956559329631357,4.952312105045727,-4.917302698383997
99.0,53.0,132.9631805419922,4.220427707063505,-4.7531003977936805,4.564653404497703,4.933964254532026,4.99430210287,-4.89679861873814,4.973101400005598,-4.956647781580946,4.971669385095627,-4.987827816190963
99.0,53.0,132.5845184326172,4.267017744886408,-4.870069750317203,4.969387140488712,4.913895085711589,4.93661130418736,-4.9343303272893015,4.991970506389081,-4.960436590525637,4.909688997070949,-4.982261551600873
99.0,53.0,133.07078552246094,4.983558861049712,-4.5131615206851485,4.832548500426591,4.99961092351078,4.894475319046515,-4.737677456775261,4.957715724013068,-4.947120447938694,4.978924124636321,-4.965111253709161
99.0,53.0,133.77728271484375,4.944811734330856,-4.24939923297397,4.890519993251198,4.731208898134193,4.8093856828208,-4.8338999342522335,4.99996296673873,-4.911081789606685,4.978654115567737,-4.971858668683463
99.0,53.0,132.8957977294922,4.935152155909275,-4.687996388313517,4.9940223018413565,4.864170821336275,4.717933148212534,-4.985800027747654,4.984907575828945,-4.941589114522707,4.999268164949687,-4.902010942050506
99.0,53.0,132.8191375732422,4.924787192495707,-4.2245111443905365,4.820044800957364,4.999211935312475,4.849271956338386,-4.950012330303711,4.94367203201144,-4.9449297968501895,4.981047287259896,-4.978062534846787
99.0,53.0,132.8922119140625,4.959707329891831,-4.493650440558415,4.903565302041082,4.714874250389231,4.909037544821217,-4.979268599223033,4.983310236481442,-4.921977626659643,4.974007411335263,-4.953496761873732
99.0,53.0,134.6358642578125,4.651668748741537,-4.718970256381368,4.486495443407703,4.980834822446101,4.996291818821292,-4.9496759892971225,4.991073637565357,-4.963697021989888,4.760874764249744,-4.915869790581289
99.0,53.0,133.31512451171875,4.331721321427939,-3.780721255936546,4.974244769635235,4.988004786589108,4.91827200878692,-4.94762150304872,4.995714134897356,-4.985744811397527,4.924067562983093,-4.998933126783755
99.0,53.0,131.90481567382812,4.999995196513495,-4.791217730815425,4.884017559437009,4.710161497409981,4.818886567232915,-4.998373202932816,4.998749111883025,-4.969595637231617,4.969714114152094,-4.999881881985011
99.0,53.0,132.81015014648438,4.743266535104777,-4.916640927850718,4.461457129125124,4.953451115620684,4.992998234383103,-4.96706678813498,4.979888014339863,-4.927741343534205,4.979328870412017,-4.926099136305663
99.0,53.0,132.5412139892578,4.823123507168939,-4.902615207636604,4.325072530895141,4.951489472181214,4.978378683617266,-4.998193918834962,4.982846789063633,-4.930865593013309,4.953738981521251,-4.979440063492968
99.0,53.0,133.76419067382812,4.81574761135416,-4.97961989181011,4.801220228283338,4.876673245785099,4.917206804921754,-4.9621691775207495,4.984165642336356,-4.907435727697552,4.7372510823385205,-4.995646931039102
99.0,53.0,132.7851104736328,3.913238564855563,-4.979318162677283,4.9218945427921446,4.851377600175439,4.983453655700749,-4.949202414940304,4.999985392097635,-4.945632081572139,4.990271333844301,-4.929245733123854
99.0,53.0,131.85093688964844,4.93580329809549,-4.9266911523538655,4.944429762933707,4.826832399395436,4.982865950114317,-4.950353869773906,4.910014706365283,-4.928980099768392,4.995516785974146,-4.976165717263797
99.0,53.0,131.77101135253906,4.604234882845857,-4.771117281809131,4.971582571409526,4.985890494011343,4.931024917852982,-4.948021096484799,4.996406469657009,-4.975754001566141,4.929152705047987,-4.997117752999082
99.0,53.0,131.68687438964844,4.842471018290933,-4.9235092489142005,4.950198150836921,4.915875467805602,4.9172666915183845,-4.999721321432609,4.99514983015231,-4.990722251468755,4.947735711920535,-4.943146835867212
99.0,53.0,133.0156707763672,4.995977861758583,-4.642812477428127,4.915734049394724,4.622649254533135,4.920831244003471,-4.841518609024032,4.9428711077164245,-4.926806835941611,4.999495486055006,-4.978461468682891
99.0,53.0,132.56341552734375,4.905550202870167,-4.999304162109475,4.994024856666694,4.777118517391244,4.8150826965968125,-4.996047994656149,4.999683580787863,-4.908844980915072,4.988137890751334,-4.907429462863874
99.0,53.0,132.93167114257812,4.9983958807475135,-4.924950986687714,4.361458470322553,4.976119053211142,4.797207829158015,-4.996775369773898,4.97165238390948,-4.954151751431464,4.9416411813198575,-4.9601317020808295
99.0,53.0,132.12274169921875,4.999995803720272,-4.739334829080793,4.552251458627104,4.977663390800823,4.898973727712022,-4.999224066696263,4.999894672770422,-4.989893873853932,4.936986749465734,-4.972549662246616
99.0,53.0,132.45382690429688,3.834715501934183,-4.794226837617605,4.999565824212322,4.92503068661439,4.995635198616745,-4.949792729338999,4.999426620195901,-4.941158464188913,4.995847655865104,-4.960328958472404
99.0,53.0,132.79788208007812,4.999257588747324,-4.617916915845905,4.551728258304311,4.995582620068115,4.791399454823283,-4.977338761198565,4.984158768802166,-4.939696155424425,4.947513308413226,-4.984062195266809
99.0,53.0,132.14337158203125,4.998624892814348,-4.987087333661606,4.996642321035625,4.9975824925183385,4.746156608775326,-4.988224260172568,4.993977239338589,-4.891212539030983,4.923412523102446,-4.97909531963262
99.0,53.0,132.19960021972656,4.998205343617409,-4.786847810779107,4.894813192774935,4.893207659042722,4.843515178631485,-4.999809903261386,4.998082147060795,-4.956330193537144,4.884520424529876,-4.996765244887444
99.0,53.0,132.3940887451172,4.982392543066607,-4.749101760378381,4.999773993475041,4.999378615751999,4.987937189688701,-4.735364105721802,4.934641003382559,-4.997760262972299,4.980700903232719,-4.9283830570211125
99.0,53.0,133.4718017578125,4.993062698345412,-4.7024230348276825,4.994807993313398,4.997656842760173,4.859193852644831,-4.86803237642779,4.9515048575656975,-4.911283941881911,4.843795454782277,-4.964931198582562
99.0,53.0,134.07040405273438,4.802072644551206,-4.545137677226446,4.467099385428046,4.750029964655505,4.85248793056433,-4.999954046534797,4.999999848123772,-4.977747146351504,4.886921792351535,-4.944573408640837
99.0,53.0,131.55007934570312,4.778979003252966,-4.916044998451486,4.962318307634341,4.992801719408692,4.7481274865108585,-4.999848973540764,4.995633194240737,-4.92941231662303,4.986687906893149,-4.998932771115102
99.0,53.0,132.21075439453125,4.991730106779159,-4.9752141783742045,4.987467066010841,4.997310177876937,4.837619967489665,-4.999253333175724,4.999965250420122,-4.916859378986921,4.909072794071435,-4.939703425839521
99.0,53.0,132.44175720214844,4.888324703232977,-4.483975518968218,4.985620980869032,4.994569830349915,4.922584658795211,-4.986718495699143,4.944604796336728,-4.945964085874476,4.9456731752931296,-4.95206187376834
99.0,53.0,133.2476348876953,3.679008764858252,-4.993684908893114,4.776489124014466,4.814105159514921,4.983398202724701,-4.9871571783337245,4.996807310658292,-4.985563370807926,4.875489956166911,-4.989629444705852
99.0,53.0,131.42318725585938,4.817332247678911,-4.944252899157615,4.9969047068250845,4.994858111120452,4.740693504973526,-4.999981138221971,4.996119564882547,-4.921594876244791,4.996911270599866,-4.996497779714444
99.0,53.0,132.299072265625,4.306316797791366,-4.915858717940793,4.94254839969801,4.986907528351972,4.897784042331336,-4.993406207042444,4.997997207758157,-4.952672654203928,4.88752878938668,-4.998298216784778
99.0,53.0,133.77235412597656,4.847950389436196,-3.4209902474770475,4.8872565980486495,4.626150652446634,4.975418725023115,-4.992012914178227,4.999944707913566,-4.954523820024265,4.994793259647157,-4.970655929928795
99.0,53.0,132.0533905029297,4.963497292697893,-4.348782877799971,4.960976956097832,4.871134122280313,4.956256281542922,-4.981898921109867,4.959309190363406,-4.999568927555652,4.944802009524062,-4.9856232377797625
99.0,53.0,132.45230102539062,4.976931234685139,-4.417611105977025,4.99969901213479,4.999144697644045,4.990765377080543,-4.73887232683998,4.932421844563432,-4.98238666256968,4.96978289541437,-4.982634637074663
99.0,53.0,132.36985778808594,4.022427751475021,-4.99123400605879,4.9149543780141824,4.8895977056004005,4.999555027314159,-4.99932452281866,4.995043405541154,-4.964444445893662,4.977401443783494,-4.929725480375045
99.0,53.0,132.26617431640625,4.986834661355176,-4.677182698090235,4.86231649355216,4.898240712698691,4.8790911359715885,-4.993447305339248,4.999959680131625,-4.960631958066202,4.947041624693204,-4.950274289239864
99.0,53.0,133.47059631347656,4.997649428881329,-4.930896531871998,4.615974806507085,4.67514171999855,4.841307017811017,-4.848956833356048,4.949042704489461,-4.904098247879517,4.997915071952903,-4.9657157008334245
99.0,53.0,131.44918823242188,4.8239910897100815,-4.788468930973574,4.9784383976179285,4.962340521206492,4.9938596366302,-4.934730118404788,4.9165628229530665,-4.955868287221641,4.990255705630823,-4.997976212826472
99.0,53.0,133.3463592529297,4.368188513306543,-4.722965392374609,4.649722813342397,4.854195248029136,4.96474591889795,-4.959923251436747,4.999981376878534,-4.988160864858875,4.83741151816235,-4.999742065299234
99.0,53.0,132.39767456054688,4.961327425947825,-4.740071727494547,4.974975565374709,4.989688198948211,4.736105366226049,-4.9817727715752245,4.982915493902283,-4.959402590119873,4.937673167664412,-4.952941847289998
99.0,53.0,134.0370635986328,4.800453723465504,-4.5315838316602415,4.509078364300731,4.825595985398298,4.85606844740108,-4.999746177101171,4.999999458962172,-4.971228992551374,4.878220787798352,-4.936259478609896
99.0,53.0,131.48976135253906,4.302923266600361,-4.892967370798607,4.956672828839486,4.953548990402443,4.949912906890989,-4.99121372730607,4.9985600383942606,-4.974505439687038,4.984622975517368,-4.985111991900387
99.0,54.0,132.5777587890625,4.693235466777989,-4.839821701288856,4.988356897024134,4.918790469553183,4.805379693613957,-4.9996151678802185,4.983276213212732,-4.936888674177441,4.884493845848535,-4.9907173840651184
99.0,54.0,132.23316955566406,4.997823133416601,-4.958325085463901,4.876158646798482,4.798781826609265,4.833873036273685,-4.987698325111943,4.995978802885406,-4.873654364197225,4.999530867227627,-4.963280709432766
99.0,54.0,132.9822235107422,4.994265045036751,-4.601026364489806,4.887646034304364,4.797730136934449,4.809493405435241,-4.951619760727495,4.943659410914748,-4.925079821527971,4.965599498019337,-4.972666150751644
99.0,54.0,131.9591827392578,4.9650781249668015,-4.859048178813179,4.983116448150516,4.985129875552948,4.918031132834944,-4.935277834244662,4.917655750924489,-4.917764742861539,4.971616227732944,-4.975732094546313
99.0,54.0,132.02117919921875,4.494503746995413,-4.851294858018223,4.999946860533642,4.997573639030838,4.998766372603656,-4.9921845292660185,4.933121632622739,-4.999178671355688,4.995301045560134,-4.894863174764913
99.0,54.0,132.9631805419922,4.220427707063505,-4.7531003977936805,4.564653404497703,4.933964254532026,4.99430210287,-4.89679861873814,4.973101400005598,-4.956647781580946,4.971669385095627,-4.987827816190963
99.0,54.0,132.5845184326172,4.267017744886408,-4.870069750317203,4.969387140488712,4.913895085711589,4.93661130418736,-4.9343303272893015,4.991970506389081,-4.960436590525637,4.909688997070949,-4.982261551600873
99.0,54.0,133.07078552246094,4.983558861049712,-4.5131615206851485,4.832548500426591,4.99961092351078,4.894475319046515,-4.737677456775261,4.957715724013068,-4.947120447938694,4.978924124636321,-4.965111253709161
99.0,54.0,133.3056182861328,4.997672367667485,-4.24939923297397,4.78527138995042,4.998425607870347,4.8093856828208,-4.988026632813599,4.996516882556103,-4.925283955976581,4.871914648578571,-4.99406440059261
99.0,54.0,132.8957977294922,4.935152155909275,-4.687996388313517,4.9940223018413565,4.864170821336275,4.717933148212534,-4.985800027747654,4.984907575828945,-4.941589114522707,4.999268164949687,-4.902010942050506
99.0,54.0,132.8191375732422,4.924787192495707,-4.2245111443905365,4.820044800957364,4.999211935312475,4.849271956338386,-4.950012330303711,4.94367203201144,-4.9449297968501895,4.981047287259896,-4.978062534846787
99.0,54.0,132.8922119140625,4.959707329891831,-4.493650440558415,4.903565302041082,4.714874250389231,4.909037544821217,-4.979268599223033,4.983310236481442,-4.921977626659643,4.974007411335263,-4.953496761873732
99.0,54.0,132.20046997070312,4.3720252259898045,-4.811695630727578,4.97446482190682,4.972648353785942,4.82877624819538,-4.9496759892971225,4.998594390813585,-4.963697021989888,4.976590068588949,-4.971862883798902
99.0,54.0,132.8927764892578,4.999814019918613,-4.675754954997669,4.762942092678759,4.853724374591632,4.918669839335188,-4.991872075843768,4.994752504046607,-4.986800108246808,4.927461526332019,-4.904111143949754
99.0,54.0,131.90481567382812,4.999995196513495,-4.791217730815425,4.884017559437009,4.710161497409981,4.818886567232915,-4.998373202932816,4.998749111883025,-4.969595637231617,4.969714114152094,-4.999881881985011
99.0,54.0,131.6779022216797,4.710956695915814,-4.914668309196255,4.984330327636835,4.99260388188633,4.695947264484123,-4.999997778030528,4.993953536792855,-4.9278713450628455,4.997958369569796,-4.996945002637655
99.0,54.0,132.5412139892578,4.823123507168939,-4.902615207636604,4.325072530895141,4.951489472181214,4.978378683617266,-4.998193918834962,4.982846789063633,-4.930865593013309,4.953738981521251,-4.979440063492968
99.0,54.0,133.07095336914062,4.999496678393289,-4.891035762688837,4.3119090259658,4.876673245785099,4.747635546357001,-4.998593714143392,4.985218920169486,-4.980067198616503,4.940690124529432,-4.972206595800179
99.0,54.0,132.33206176757812,4.76187080140431,-4.767932142048667,4.997196472002803,4.690383482455434,4.790693102135043,-4.982004972509976,4.999284560978892,-4.985943260727333,4.93489417748156,-4.999997320778316
99.0,54.0,131.85093688964844,4.93580329809549,-4.9266911523538655,4.944429762933707,4.826832399395436,4.982865950114317,-4.950353869773906,4.910014706365283,-4.928980099768392,4.995516785974146,-4.976165717263797
99.0,54.0,131.77101135253906,4.604234882845857,-4.771117281809131,4.971582571409526,4.985890494011343,4.931024917852982,-4.948021096484799,4.996406469657009,-4.975754001566141,4.929152705047987,-4.997117752999082
99.0,54.0,131.68687438964844,4.842471018290933,-4.9235092489142005,4.950198150836921,4.915875467805602,4.9172666915183845,-4.999721321432609,4.99514983015231,-4.990722251468755,4.947735711920535,-4.943146835867212
99.0,54.0,133.0156707763672,4.995977861758583,-4.642812477428127,4.915734049394724,4.622649254533135,4.920831244003471,-4.841518609024032,4.9428711077164245,-4.926806835941611,4.999495486055006,-4.978461468682891
99.0,54.0,132.4744110107422,4.999185755692275,-4.535752760509556,4.516546326960291,4.840256416521333,4.985439817009606,-4.997971980520167,4.99996441511602,-4.9711813921238175,4.955153871301159,-4.972827119538483
99.0,54.0,132.93167114257812,4.9983958807475135,-4.924950986687714,4.361458470322553,4.976119053211142,4.797207829158015,-4.996775369773898,4.97165238390948,-4.954151751431464,4.9416411813198575,-4.9601317020808295
99.0,54.0,132.12274169921875,4.999995803720272,-4.739334829080793,4.552251458627104,4.977663390800823,4.898973727712022,-4.999224066696263,4.999894672770422,-4.989893873853932,4.936986749465734,-4.972549662246616
99.0,54.0,132.45382690429688,3.834715501934183,-4.794226837617605,4.999565824212322,4.92503068661439,4.995635198616745,-4.949792729338999,4.999426620195901,-4.941158464188913,4.995847655865104,-4.960328958472404
99.0,54.0,132.79788208007812,4.999257588747324,-4.617916915845905,4.551728258304311,4.995582620068115,4.791399454823283,-4.977338761198565,4.984158768802166,-4.939696155424425,4.947513308413226,-4.984062195266809
99.0,54.0,132.14337158203125,4.998624892814348,-4.987087333661606,4.996642321035625,4.9975824925183385,4.746156608775326,-4.988224260172568,4.993977239338589,-4.891212539030983,4.923412523102446,-4.97909531963262
99.0,54.0,132.19960021972656,4.998205343617409,-4.786847810779107,4.894813192774935,4.893207659042722,4.843515178631485,-4.999809903261386,4.998082147060795,-4.956330193537144,4.884520424529876,-4.996765244887444
99.0,54.0,132.3940887451172,4.982392543066607,-4.749101760378381,4.999773993475041,4.999378615751999,4.987937189688701,-4.735364105721802,4.934641003382559,-4.997760262972299,4.980700903232719,-4.9283830570211125
99.0,54.0,133.35574340820312,4.973674525033461,-4.7024230348276825,4.994807993313398,4.9990258723779375,4.735676674231948,-4.86803237642779,4.9934514188641534,-4.9318336322569625,4.843795454782277,-4.980760795267095
99.0,54.0,133.15383911132812,4.982492488970869,-4.449055583079849,4.943968214354375,4.655981765434319,4.85248793056433,-4.758505262379671,4.974484589502374,-4.977747146351504,4.994561851326686,-4.986586779795227
99.0,54.0,131.55007934570312,4.778979003252966,-4.916044998451486,4.962318307634341,4.992801719408692,4.7481274865108585,-4.999848973540764,4.995633194240737,-4.92941231662303,4.986687906893149,-4.998932771115102
99.0,54.0,132.21075439453125,4.991730106779159,-4.9752141783742045,4.987467066010841,4.997310177876937,4.837619967489665,-4.999253333175724,4.999965250420122,-4.916859378986921,4.909072794071435,-4.939703425839521
99.0,54.0,131.5354766845703,4.782292816435253,-4.963820205805548,4.8787430517802415,4.99303483234206,4.922584658795211,-4.999251538508404,4.944604796336728,-4.911779209307538,4.9912585215041245,-4.990171079432351
99.0,54.0,131.99932861328125,4.5038861335388845,-4.993684908893114,4.995333640532008,4.987778389834752,4.966929648860689,-4.977571736498749,4.915195970325701,-4.944446071005028,4.970989891840822,-4.954665500392104
99.0,54.0,131.42318725585938,4.817332247678911,-4.944252899157615,4.9969047068250845,4.994858111120452,4.740693504973526,-4.999981138221971,4.996119564882547,-4.921594876244791,4.996911270599866,-4.996497779714444
99.0,54.0,132.299072265625,4.306316797791366,-4.915858717940793,4.94254839969801,4.986907528351972,4.897784042331336,-4.993406207042444,4.997997207758157,-4.952672654203928,4.88752878938668,-4.998298216784778
99.0,54.0,133.72328186035156,4.841990250655682,-4.551681462999062,4.445769854354651,4.893366764600062,4.905964247943128,-4.909415547790945,4.979876801660411,-4.910466197551478,4.973520261273735,-4.947405604085468
99.0,54.0,132.0533905029297,4.963497292697893,-4.348782877799971,4.960976956097832,4.871134122280313,4.956256281542922,-4.981898921109867,4.959309190363406,-4.999568927555652,4.944802009524062,-4.9856232377797625
99.0,54.0,132.45230102539062,4.976931234685139,-4.417611105977025,4.99969901213479,4.999144697644045,4.990765377080543,-4.73887232683998,4.932421844563432,-4.98238666256968,4.96978289541437,-4.982634637074663
99.0,54.0,132.36985778808594,4.022427751475021,-4.99123400605879,4.9149543780141824,4.8895977056004005,4.999555027314159,-4.99932452281866,4.995043405541154,-4.964444445893662,4.977401443783494,-4.929725480375045
99.0,54.0,132.26617431640625,4.986834661355176,-4.677182698090235,4.86231649355216,4.898240712698691,4.8790911359715885,-4.993447305339248,4.999959680131625,-4.960631958066202,4.947041624693204,-4.950274289239864
99.0,54.0,133.47059631347656,4.997649428881329,-4.930896531871998,4.615974806507085,4.67514171999855,4.841307017811017,-4.848956833356048,4.949042704489461,-4.904098247879517,4.997915071952903,-4.9657157008334245
99.0,54.0,131.44918823242188,4.8239910897100815,-4.788468930973574,4.9784383976179285,4.962340521206492,4.9938596366302,-4.934730118404788,4.9165628229530665,-4.955868287221641,4.990255705630823,-4.997976212826472
99.0,54.0,133.3463592529297,4.368188513306543,-4.722965392374609,4.649722813342397,4.854195248029136,4.96474591889795,-4.959923251436747,4.999981376878534,-4.988160864858875,4.83741151816235,-4.999742065299234
99.0,54.0,132.39767456054688,4.961327425947825,-4.740071727494547,4.974975565374709,4.989688198948211,4.736105366226049,-4.9817727715752245,4.982915493902283,-4.959402590119873,4.937673167664412,-4.952941847289998
99.0,54.0,134.0370635986328,4.800453723465504,-4.5315838316602415,4.509078364300731,4.825595985398298,4.85606844740108,-4.999746177101171,4.999999458962172,-4.971228992551374,4.878220787798352,-4.936259478609896
99.0,54.0,131.48976135253906,4.302923266600361,-4.892967370798607,4.956672828839486,4.953548990402443,4.949912906890989,-4.99121372730607,4.9985600383942606,-4.974505439687038,4.984622975517368,-4.985111991900387
99.0,55.0,132.5648651123047,4.691075253062532,-4.791840173998331,4.735395249202817,4.967901211518643,4.906945323009955,-4.983774631446105,4.983276213212732,-4.9937235771658175,4.884493845848535,-4.973396940952616
99.0,55.0,131.7307891845703,4.737350412457599,-4.828436807841149,4.980025482698652,4.875446851766071,4.999405877057559,-4.932832590785949,4.92375131552804,-4.978045360323954,4.95806871189676,-4.999203422075159
99.0,55.0,132.9822235107422,4.994265045036751,-4.601026364489806,4.887646034304364,4.797730136934449,4.809493405435241,-4.951619760727495,4.943659410914748,-4.925079821527971,4.965599498019337,-4.972666150751644
99.0,55.0,131.9591827392578,4.9650781249668015,-4.859048178813179,4.983116448150516,4.985129875552948,4.918031132834944,-4.935277834244662,4.917655750924489,-4.917764742861539,4.971616227732944,-4.975732094546313
99.0,55.0,131.21896362304688,4.494503746995413,-4.916812280972359,4.997029598828618,4.963746127370676,4.998766372603656,-4.968758616979672,4.99635013798334,-4.924737295791878,4.995301045560134,-4.998094828577001
99.0,55.0,132.9631805419922,4.220427707063505,-4.7531003977936805,4.564653404497703,4.933964254532026,4.99430210287,-4.89679861873814,4.973101400005598,-4.956647781580946,4.971669385095627,-4.987827816190963
99.0,55.0,131.66163635253906,4.79939434861981,-4.885442499367015,4.969387140488712,4.972029039328269,4.776024498921887,-4.999320163704043,4.997029668959029,-4.938955508475916,4.967928136901712,-4.993567263145411
99.0,55.0,131.72894287109375,4.999999009387327,-4.767430229975597,4.742585215891374,4.993601612942095,4.8513985231941765,-4.999913321556622,4.999980182196681,-4.947120447938694,4.978924124636321,-4.979239471646213
99.0,55.0,133.17153930664062,4.741357228348452,-4.777010805559261,4.468867130031477,4.890078719015701,4.920018917817476,-4.980122381218088,4.973321337822242,-4.8927955782359,4.979687459707637,-4.959935516947063
99.0,55.0,131.95843505859375,4.935152155909275,-4.4397156181614434,4.996754040113496,4.914578703707441,4.9757262799746,-4.952814185562573,4.918157225759838,-4.978135319953321,4.957089311043932,-4.998352140432987
99.0,55.0,132.8191375732422,4.924787192495707,-4.2245111443905365,4.820044800957364,4.999211935312475,4.849271956338386,-4.950012330303711,4.94367203201144,-4.9449297968501895,4.981047287259896,-4.978062534846787
99.0,55.0,132.15335083007812,4.351256962394715,-4.801646815058168,4.980418297234525,4.93876296418506,4.909037544821217,-4.994841303952235,4.998773040254512,-4.994078419489837,4.928940331851257,-4.966289821061117
99.0,55.0,132.20046997070312,4.3720252259898045,-4.811695630727578,4.97446482190682,4.972648353785942,4.82877624819538,-4.9496759892971225,4.998594390813585,-4.963697021989888,4.976590068588949,-4.971862883798902
99.0,55.0,132.21047973632812,4.999814019918613,-4.786875641583183,4.694481380773347,4.90389335945094,4.890961961824269,-4.991872075843768,4.994752504046607,-4.973931440621726,4.8941304906823095,-4.999831944174339
99.0,55.0,131.90481567382812,4.999995196513495,-4.791217730815425,4.884017559437009,4.710161497409981,4.818886567232915,-4.998373202932816,4.998749111883025,-4.969595637231617,4.969714114152094,-4.999881881985011
99.0,55.0,131.6779022216797,4.710956695915814,-4.914668309196255,4.984330327636835,4.99260388188633,4.695947264484123,-4.999997778030528,4.993953536792855,-4.9278713450628455,4.997958369569796,-4.996945002637655
99.0,55.0,132.5412139892578,4.823123507168939,-4.902615207636604,4.325072530895141,4.951489472181214,4.978378683617266,-4.998193918834962,4.982846789063633,-4.930865593013309,4.953738981521251,-4.979440063492968
99.0,55.0,133.07095336914062,4.999496678393289,-4.891035762688837,4.3119090259658,4.876673245785099,4.747635546357001,-4.998593714143392,4.985218920169486,-4.980067198616503,4.940690124529432,-4.972206595800179
99.0,55.0,132.33206176757812,4.76187080140431,-4.767932142048667,4.997196472002803,4.690383482455434,4.790693102135043,-4.982004972509976,4.999284560978892,-4.985943260727333,4.93489417748156,-4.999997320778316
99.0,55.0,131.85093688964844,4.93580329809549,-4.9266911523538655,4.944429762933707,4.826832399395436,4.982865950114317,-4.950353869773906,4.910014706365283,-4.928980099768392,4.995516785974146,-4.976165717263797
99.0,55.0,131.77101135253906,4.604234882845857,-4.771117281809131,4.971582571409526,4.985890494011343,4.931024917852982,-4.948021096484799,4.996406469657009,-4.975754001566141,4.929152705047987,-4.997117752999082
99.0,55.0,131.68687438964844,4.842471018290933,-4.9235092489142005,4.950198150836921,4.915875467805602,4.9172666915183845,-4.999721321432609,4.99514983015231,-4.990722251468755,4.947735711920535,-4.943146835867212
99.0,55.0,133.0156707763672,4.995977861758583,-4.642812477428127,4.915734049394724,4.622649254533135,4.920831244003471,-4.841518609024032,4.9428711077164245,-4.926806835941611,4.999495486055006,-4.978461468682891
99.0,55.0,132.28160095214844,4.7878605596739146,-4.672166258366466,4.987065392964126,4.999830551727896,4.7021406112157615,-4.870336982033036,4.968741064542755,-4.953631879841031,4.998970560072162,-4.998542289428503
99.0,55.0,132.91998291015625,4.955635287475424,-4.789736247706486,4.9698821585786055,4.727725658098028,4.926736955947507,-4.849644875245368,4.897266312677203,-4.9237732405147066,4.999120485565686,-4.9601317020808295
99.0,55.0,131.6566619873047,4.999995803720272,-4.990214772044112,4.974096008860891,4.983433758120119,4.851340127775195,-4.9383187761378,4.992410851486146,-4.931742694713748,4.939302187351514,-4.986828262396807
99.0,55.0,132.45382690429688,3.834715501934183,-4.794226837617605,4.999565824212322,4.92503068661439,4.995635198616745,-4.949792729338999,4.999426620195901,-4.941158464188913,4.995847655865104,-4.960328958472404
99.0,55.0,132.5634307861328,4.956036068265387,-4.814013508295967,4.601654548690746,4.940931395126672,4.876183596464947,-4.957867047770868,4.967982380855564,-4.867422972405432,4.980368129360925,-4.998752757891904
99.0,55.0,132.14337158203125,4.998624892814348,-4.987087333661606,4.996642321035625,4.9975824925183385,4.746156608775326,-4.988224260172568,4.993977239338589,-4.891212539030983,4.923412523102446,-4.97909531963262
99.0,55.0,132.19960021972656,4.998205343617409,-4.786847810779107,4.894813192774935,4.893207659042722,4.843515178631485,-4.999809903261386,4.998082147060795,-4.956330193537144,4.884520424529876,-4.996765244887444
99.0,55.0,132.3940887451172,4.982392543066607,-4.749101760378381,4.999773993475041,4.999378615751999,4.987937189688701,-4.735364105721802,4.934641003382559,-4.997760262972299,4.980700903232719,-4.9283830570211125
99.0,55.0,133.1870574951172,4.98404320636655,-4.797970772988858,4.771492794615316,4.9880770861129005,4.945678177133561,-4.933060829056332,4.91827738837443,-4.907911525513816,4.843795454782277,-4.991292268534718
99.0,55.0,133.15383911132812,4.982492488970869,-4.449055583079849,4.943968214354375,4.655981765434319,4.85248793056433,-4.758505262379671,4.974484589502374,-4.977747146351504,4.994561851326686,-4.986586779795227
99.0,55.0,131.55007934570312,4.778979003252966,-4.916044998451486,4.962318307634341,4.992801719408692,4.7481274865108585,-4.999848973540764,4.995633194240737,-4.92941231662303,4.986687906893149,-4.998932771115102
99.0,55.0,132.21075439453125,4.991730106779159,-4.9752141783742045,4.987467066010841,4.997310177876937,4.837619967489665,-4.999253333175724,4.999965250420122,-4.916859378986921,4.909072794071435,-4.939703425839521
99.0,55.0,131.5354766845703,4.782292816435253,-4.963820205805548,4.8787430517802415,4.99303483234206,4.922584658795211,-4.999251538508404,4.944604796336728,-4.911779209307538,4.9912585215041245,-4.990171079432351
99.0,55.0,131.99932861328125,4.5038861335388845,-4.993684908893114,4.995333640532008,4.987778389834752,4.966929648860689,-4.977571736498749,4.915195970325701,-4.944446071005028,4.970989891840822,-4.954665500392104
99.0,55.0,131.42318725585938,4.817332247678911,-4.944252899157615,4.9969047068250845,4.994858111120452,4.740693504973526,-4.999981138221971,4.996119564882547,-4.921594876244791,4.996911270599866,-4.996497779714444
99.0,55.0,132.15518188476562,4.848156869465994,-4.761881916549676,4.967649284148942,4.990656388032436,4.866370077167471,-4.958861894823286,4.996589025653947,-4.961960655557087,4.88752878938668,-4.98963671572279
99.0,55.0,132.49444580078125,4.998502999134629,-4.802128548008984,4.945071268519316,4.895352068294961,4.889448893093295,-4.989080048847131,4.999982262054477,-4.909403855228022,4.953829576814799,-4.921093114743828
99.0,55.0,131.14730834960938,4.963497292697893,-4.913624506017129,4.999931648418396,4.985560852923757,4.993578342706103,-4.97379043291536,4.999497859948117,-4.947062890513648,4.955294829779703,-4.969354575129142
99.0,55.0,132.45230102539062,4.976931234685139,-4.417611105977025,4.99969901213479,4.999144697644045,4.990765377080543,-4.73887232683998,4.932421844563432,-4.98238666256968,4.96978289541437,-4.982634637074663
99.0,55.0,132.36985778808594,4.022427751475021,-4.99123400605879,4.9149543780141824,4.8895977056004005,4.999555027314159,-4.99932452281866,4.995043405541154,-4.964444445893662,4.977401443783494,-4.929725480375045
99.0,55.0,132.26617431640625,4.986834661355176,-4.677182698090235,4.86231649355216,4.898240712698691,4.8790911359715885,-4.993447305339248,4.999959680131625,-4.960631958066202,4.947041624693204,-4.950274289239864
99.0,55.0,132.44796752929688,4.472149765086348,-4.84413943621907,4.994023630934874,4.92107255424372,4.952817918579293,-4.976359620286292,4.910661138570879,-4.9696343587508895,4.999563363522374,-4.916123311601047
99.0,55.0,131.44918823242188,4.8239910897100815,-4.788468930973574,4.9784383976179285,4.962340521206492,4.9938596366302,-4.934730118404788,4.9165628229530665,-4.955868287221641,4.990255705630823,-4.997976212826472
99.0,55.0,133.18072509765625,4.771906967591829,-4.715944554330591,4.8947288679450525,4.887714922946199,4.806081267522359,-4.995690545085799,4.98307755015988,-4.934927602566467,4.874356753054277,-4.971199538106389
99.0,55.0,131.39601135253906,4.687682957056198,-4.740071727494547,4.942681202438088,4.98397889410092,4.917607766509107,-4.990327910878969,4.997049963124814,-4.991803208375652,4.95127550010881,-4.996995476775927
99.0,55.0,132.7013397216797,4.989646853239526,-4.535885945128825,4.958077264602427,4.633432987989931,4.986559038810764,-4.83894540462196,4.950241487697494,-4.971228992551374,4.999547429529551,-4.967495315402734
99.0,55.0,131.48976135253906,4.302923266600361,-4.892967370798607,4.956672828839486,4.953548990402443,4.949912906890989,-4.99121372730607,4.9985600383942606,-4.974505439687038,4.984622975517368,-4.985111991900387
99.0,56.0,132.5648651123047,4.691075253062532,-4.791840173998331,4.735395249202817,4.967901211518643,4.906945323009955,-4.983774631446105,4.983276213212732,-4.9937235771658175,4.884493845848535,-4.973396940952616
99.0,56.0,131.7307891845703,4.737350412457599,-4.828436807841149,4.980025482698652,4.875446851766071,4.999405877057559,-4.932832590785949,4.92375131552804,-4.978045360323954,4.95806871189676,-4.999203422075159
99.0,56.0,131.27235412597656,4.977166277834352,-4.806242778281214,4.887646034304364,4.999570397639912,4.8084689645350505,-4.993777261488935,4.999557253752315,-4.982957071823137,4.965599498019337,-4.999865200253151
99.0,56.0,131.9591827392578,4.9650781249668015,-4.859048178813179,4.983116448150516,4.985129875552948,4.918031132834944,-4.935277834244662,4.917655750924489,-4.917764742861539,4.971616227732944,-4.975732094546313
99.0,56.0,131.21896362304688,4.494503746995413,-4.916812280972359,4.997029598828618,4.963746127370676,4.998766372603656,-4.968758616979672,4.99635013798334,-4.924737295791878,4.995301045560134,-4.998094828577001
99.0,56.0,132.60647583007812,4.984505701217751,-4.694939916869567,4.564653404497703,4.988692489841313,4.977526096601746,-4.92068244077096,4.877092083314961,-4.956647781580946,4.9827137945141295,-4.974909504373648
99.0,56.0,131.66163635253906,4.79939434861981,-4.885442499367015,4.969387140488712,4.972029039328269,4.776024498921887,-4.999320163704043,4.997029668959029,-4.938955508475916,4.967928136901712,-4.993567263145411
99.0,56.0,131.72894287109375,4.999999009387327,-4.767430229975597,4.742585215891374,4.993601612942095,4.8513985231941765,-4.999913321556622,4.999980182196681,-4.947120447938694,4.978924124636321,-4.979239471646213
99.0,56.0,132.39785766601562,4.493356041469871,-4.974923735452098,4.468867130031477,4.971782384392116,4.999628689534298,-4.969615283743938,4.934684089768523,-4.951540435044141,4.958438309013484,-4.999734634593023
99.0,56.0,131.95843505859375,4.935152155909275,-4.4397156181614434,4.996754040113496,4.914578703707441,4.9757262799746,-4.952814185562573,4.918157225759838,-4.978135319953321,4.957089311043932,-4.998352140432987
99.0,56.0,131.82444763183594,4.774368489635387,-4.987187697312934,4.999991337110572,4.994897941568892,4.849271956338386,-4.975040294246604,4.999574831732426,-4.946066318120966,4.922590256640354,-4.97462006173107
99.0,56.0,132.08029174804688,4.983567930181753,-4.8206692975494505,4.87546985016653,4.814058920963966,4.909037544821217,-4.999852681701424,4.994261624781192,-4.96193787199057,4.896470703650477,-4.9969820562461855
99.0,56.0,132.20046997070312,4.3720252259898045,-4.811695630727578,4.97446482190682,4.972648353785942,4.82877624819538,-4.9496759892971225,4.998594390813585,-4.963697021989888,4.976590068588949,-4.971862883798902
99.0,56.0,132.21047973632812,4.999814019918613,-4.786875641583183,4.694481380773347,4.90389335945094,4.890961961824269,-4.991872075843768,4.994752504046607,-4.973931440621726,4.8941304906823095,-4.999831944174339
99.0,56.0,131.61105346679688,4.999995196513495,-4.83503784800712,4.883408054115669,4.9941025541239945,4.6302135510240525,-4.999999967214015,4.999858279003558,-4.969595637231617,4.9896620389008834,-4.998481879828863
99.0,56.0,131.6779022216797,4.710956695915814,-4.914668309196255,4.984330327636835,4.99260388188633,4.695947264484123,-4.999997778030528,4.993953536792855,-4.9278713450628455,4.997958369569796,-4.996945002637655
99.0,56.0,132.5412139892578,4.823123507168939,-4.902615207636604,4.325072530895141,4.951489472181214,4.978378683617266,-4.998193918834962,4.982846789063633,-4.930865593013309,4.953738981521251,-4.979440063492968
99.0,56.0,132.43736267089844,4.999496678393289,-4.8539596184683385,4.781249470207252,4.994701818538635,4.987948576076004,-4.922535393537895,4.918639798221233,-4.980067198616503,4.8569727037465,-4.99282464556873
99.0,56.0,132.2374267578125,4.880400069591293,-4.959968597999602,4.950617862208562,4.690383482455434,4.991955762587581,-4.9373392177552375,4.87359585130233,-4.937022452151825,4.99603905245526,-4.980949070439982
99.0,56.0,131.85093688964844,4.93580329809549,-4.9266911523538655,4.944429762933707,4.826832399395436,4.982865950114317,-4.950353869773906,4.910014706365283,-4.928980099768392,4.995516785974146,-4.976165717263797
99.0,56.0,131.77101135253906,4.604234882845857,-4.771117281809131,4.971582571409526,4.985890494011343,4.931024917852982,-4.948021096484799,4.996406469657009,-4.975754001566141,4.929152705047987,-4.997117752999082
99.0,56.0,131.68687438964844,4.842471018290933,-4.9235092489142005,4.950198150836921,4.915875467805602,4.9172666915183845,-4.999721321432609,4.99514983015231,-4.990722251468755,4.947735711920535,-4.943146835867212
99.0,56.0,132.4501495361328,4.252954656071717,-4.731619438209005,4.743012997490561,4.934114613882673,4.920831244003471,-4.95867210710034,4.986012754914255,-4.997430684963108,4.999495486055006,-4.95508891886999
99.0,56.0,131.43026733398438,4.915284757189989,-4.975233221323359,4.987065392964126,4.976237745589336,4.874027077682946,-4.987974382396457,4.993625447554684,-4.899764333212913,4.959083479178805,-4.998392829943294
99.0,56.0,132.09901428222656,4.87600003686328,-4.897397703249805,4.921494003255599,4.950086271570106,4.738882906395625,-4.999428734231558,4.997139637867351,-4.907029406803392,4.971937174207717,-4.979621113523461
99.0,56.0,131.6566619873047,4.999995803720272,-4.990214772044112,4.974096008860891,4.983433758120119,4.851340127775195,-4.9383187761378,4.992410851486146,-4.931742694713748,4.939302187351514,-4.986828262396807
99.0,56.0,132.04812622070312,4.846181768755928,-4.6692765853392775,4.872420260988559,4.92503068661439,4.995635198616745,-4.995347192113009,4.996624503413141,-4.99380210823151,4.905621777548564,-4.960328958472404
99.0,56.0,132.5634307861328,4.956036068265387,-4.814013508295967,4.601654548690746,4.940931395126672,4.876183596464947,-4.957867047770868,4.967982380855564,-4.867422972405432,4.980368129360925,-4.998752757891904
99.0,56.0,132.14337158203125,4.998624892814348,-4.987087333661606,4.996642321035625,4.9975824925183385,4.746156608775326,-4.988224260172568,4.993977239338589,-4.891212539030983,4.923412523102446,-4.97909531963262
99.0,56.0,132.19960021972656,4.998205343617409,-4.786847810779107,4.894813192774935,4.893207659042722,4.843515178631485,-4.999809903261386,4.998082147060795,-4.956330193537144,4.884520424529876,-4.996765244887444
99.0,56.0,132.3940887451172,4.982392543066607,-4.749101760378381,4.999773993475041,4.999378615751999,4.987937189688701,-4.735364105721802,4.934641003382559,-4.997760262972299,4.980700903232719,-4.9283830570211125
99.0,56.0,131.01174926757812,4.98404320636655,-4.9120007455722,4.94707833401359,4.9880770861129005,4.960293022640366,-4.991414306170352,4.997620118990901,-4.977668441245592,4.97452676302678,-4.959901778261287
99.0,56.0,132.85818481445312,4.68822500328663,-4.884157462151178,4.943968214354375,4.655981765434319,4.653900267755624,-4.940766370745208,4.999379492070404,-4.973691540671188,4.955834801995675,-4.999999312841118
99.0,56.0,131.55007934570312,4.778979003252966,-4.916044998451486,4.962318307634341,4.992801719408692,4.7481274865108585,-4.999848973540764,4.995633194240737,-4.92941231662303,4.986687906893149,-4.998932771115102
99.0,56.0,131.69908142089844,4.991730106779159,-4.890108926004901,4.823015538729752,4.93658919158642,4.923742804299667,-4.9401426839734,4.992798483840155,-4.973102145509119,4.924661171141446,-4.997196574667667
99.0,56.0,131.5354766845703,4.782292816435253,-4.963820205805548,4.8787430517802415,4.99303483234206,4.922584658795211,-4.999251538508404,4.944604796336728,-4.911779209307538,4.9912585215041245,-4.990171079432351
99.0,56.0,131.82537841796875,4.793825100952819,-4.993684908893114,4.865941550143292,4.985179362580097,4.852872034142537,-4.99976877588698,4.974599299798085,-4.886457225379571,4.976018167472697,-4.992267892093423
99.0,56.0,131.42318725585938,4.817332247678911,-4.944252899157615,4.9969047068250845,4.994858111120452,4.740693504973526,-4.999981138221971,4.996119564882547,-4.921594876244791,4.996911270599866,-4.996497779714444
99.0,56.0,132.15518188476562,4.848156869465994,-4.761881916549676,4.967649284148942,4.990656388032436,4.866370077167471,-4.958861894823286,4.996589025653947,-4.961960655557087,4.88752878938668,-4.98963671572279
99.0,56.0,131.6284942626953,4.783575232445433,-4.826416740807444,4.898771588246811,4.976269930600108,4.889448893093295,-4.928772161584941,4.916662154479493,-4.985266274521316,4.995324252027952,-4.999074914249586
99.0,56.0,131.14730834960938,4.963497292697893,-4.913624506017129,4.999931648418396,4.985560852923757,4.993578342706103,-4.97379043291536,4.999497859948117,-4.947062890513648,4.955294829779703,-4.969354575129142
99.0,56.0,132.31768798828125,4.976931234685139,-4.766001285799863,4.8961694058901575,4.999144697644045,4.700019060719475,-4.9989024358622025,4.990678564059514,-4.910907861313418,4.96978289541437,-4.971632647378732
99.0,56.0,132.36985778808594,4.022427751475021,-4.99123400605879,4.9149543780141824,4.8895977056004005,4.999555027314159,-4.99932452281866,4.995043405541154,-4.964444445893662,4.977401443783494,-4.929725480375045
99.0,56.0,132.26617431640625,4.986834661355176,-4.677182698090235,4.86231649355216,4.898240712698691,4.8790911359715885,-4.993447305339248,4.999959680131625,-4.960631958066202,4.947041624693204,-4.950274289239864
99.0,56.0,132.44796752929688,4.472149765086348,-4.84413943621907,4.994023630934874,4.92107255424372,4.952817918579293,-4.976359620286292,4.910661138570879,-4.9696343587508895,4.999563363522374,-4.916123311601047
99.0,56.0,131.44918823242188,4.8239910897100815,-4.788468930973574,4.9784383976179285,4.962340521206492,4.9938596366302,-4.934730118404788,4.9165628229530665,-4.955868287221641,4.990255705630823,-4.997976212826472
99.0,56.0,132.44886779785156,4.999999546049279,-4.837750225665414,4.654225675112251,4.65445957724608,4.7198652518446345,-4.995690545085799,4.98307755015988,-4.997299233925528,4.993791899651113,-4.990339045617741
99.0,56.0,131.39601135253906,4.687682957056198,-4.740071727494547,4.942681202438088,4.98397889410092,4.917607766509107,-4.990327910878969,4.997049963124814,-4.991803208375652,4.95127550010881,-4.996995476775927
99.0,56.0,132.7013397216797,4.989646853239526,-4.535885945128825,4.958077264602427,4.633432987989931,4.986559038810764,-4.83894540462196,4.950241487697494,-4.971228992551374,4.999547429529551,-4.967495315402734
99.0,56.0,131.48976135253906,4.302923266600361,-4.892967370798607,4.956672828839486,4.953548990402443,4.949912906890989,-4.99121372730607,4.9985600383942606,-4.974505439687038,4.984622975517368,-4.985111991900387
99.0,57.0,132.2085723876953,4.939529731665649,-4.565308458934734,4.894285568881083,4.893712743578121,4.876602689828537,-4.988985491524531,4.999964591241121,-4.986042233353141,4.927050113995547,-4.973396940952616
99.0,57.0,131.52337646484375,4.942202880423412,-4.828436807841149,4.802437762245956,4.957235304227924,4.998293478249137,-4.95861182671451,4.986500430706604,-4.935168107200872,4.983772632908943,-4.979183294258784
99.0,57.0,131.27235412597656,4.977166277834352,-4.806242778281214,4.887646034304364,4.999570397639912,4.8084689645350505,-4.993777261488935,4.999557253752315,-4.982957071823137,4.965599498019337,-4.999865200253151
99.0,57.0,131.9591827392578,4.9650781249668015,-4.859048178813179,4.983116448150516,4.985129875552948,4.918031132834944,-4.935277834244662,4.917655750924489,-4.917764742861539,4.971616227732944,-4.975732094546313
99.0,57.0,131.21896362304688,4.494503746995413,-4.916812280972359,4.997029598828618,4.963746127370676,4.998766372603656,-4.968758616979672,4.99635013798334,-4.924737295791878,4.995301045560134,-4.998094828577001
99.0,57.0,132.60647583007812,4.984505701217751,-4.694939916869567,4.564653404497703,4.988692489841313,4.977526096601746,-4.92068244077096,4.877092083314961,-4.956647781580946,4.9827137945141295,-4.974909504373648
99.0,57.0,131.66163635253906,4.79939434861981,-4.885442499367015,4.969387140488712,4.972029039328269,4.776024498921887,-4.999320163704043,4.997029668959029,-4.938955508475916,4.967928136901712,-4.993567263145411
99.0,57.0,131.72894287109375,4.999999009387327,-4.767430229975597,4.742585215891374,4.993601612942095,4.8513985231941765,-4.999913321556622,4.999980182196681,-4.947120447938694,4.978924124636321,-4.979239471646213
99.0,57.0,132.23780822753906,4.927219798178427,-4.978082241365366,4.468867130031477,4.991339668615592,4.999628689534298,-4.969615283743938,4.934684089768523,-4.951540435044141,4.960721635365863,-4.965964677321651
99.0,57.0,131.19076538085938,4.815936520184598,-4.967121058953356,4.9979506482188905,4.998463093669645,4.781294448307915,-4.998964638637522,4.994949784312185,-4.930113117834486,4.999884060676377,-4.998176921566922
99.0,57.0,131.82444763183594,4.774368489635387,-4.987187697312934,4.999991337110572,4.994897941568892,4.849271956338386,-4.975040294246604,4.999574831732426,-4.946066318120966,4.922590256640354,-4.97462006173107
99.0,57.0,131.84132385253906,4.6189727275593375,-4.841477050864991,4.963620202118218,4.972409348557466,4.7825213914309055,-4.999453556695909,4.997797137246357,-4.9679501378282165,4.946696375559234,-4.997044531805676
99.0,57.0,132.20046997070312,4.3720252259898045,-4.811695630727578,4.97446482190682,4.972648353785942,4.82877624819538,-4.9496759892971225,4.998594390813585,-4.963697021989888,4.976590068588949,-4.971862883798902
99.0,57.0,131.66761779785156,4.999997971210717,-4.697549691097952,4.821165831197406,4.959188841870963,4.890961961824269,-4.9976829941595335,4.999995043382768,-4.989019297911485,4.944017292375232,-4.980397469207843
99.0,57.0,131.61105346679688,4.999995196513495,-4.83503784800712,4.883408054115669,4.9941025541239945,4.6302135510240525,-4.999999967214015,4.999858279003558,-4.969595637231617,4.9896620389008834,-4.998481879828863
99.0,57.0,131.63925170898438,4.892684170422994,-4.86416528707866,4.979963192206914,4.90685463838128,4.950560809732435,-4.936982863198995,4.915381383637092,-4.939936169101172,4.98568016868178,-4.998905304820405
99.0,57.0,131.73880004882812,4.99482266298245,-4.616498089707303,4.894511010636462,4.983088318314021,4.991732686062626,-4.921540751324702,4.983562150965488,-4.930865593013309,4.98180188957554,-4.979440063492968
99.0,57.0,132.285888671875,4.335006128110758,-4.745710441534063,4.781249470207252,4.940880520680417,4.9904876190017,-4.945907241705998,4.987246850408799,-4.997754664118738,4.993178832494001,-4.942982574861855
99.0,57.0,132.2374267578125,4.880400069591293,-4.959968597999602,4.950617862208562,4.690383482455434,4.991955762587581,-4.9373392177552375,4.87359585130233,-4.937022452151825,4.99603905245526,-4.980949070439982
99.0,57.0,131.30630493164062,4.93580329809549,-4.9266911523538655,4.871864797072598,4.652893758787302,4.982865950114317,-4.998866319364264,4.9898480878741855,-4.992506788391879,4.995608652143803,-4.987561580995488
99.0,57.0,131.77101135253906,4.604234882845857,-4.771117281809131,4.971582571409526,4.985890494011343,4.931024917852982,-4.948021096484799,4.996406469657009,-4.975754001566141,4.929152705047987,-4.997117752999082
99.0,57.0,131.68687438964844,4.842471018290933,-4.9235092489142005,4.950198150836921,4.915875467805602,4.9172666915183845,-4.999721321432609,4.99514983015231,-4.990722251468755,4.947735711920535,-4.943146835867212
99.0,57.0,132.13169860839844,4.785900774152953,-4.990719708408314,4.743012997490561,4.987042471806929,4.924932489866246,-4.944748464384403,4.999607193502659,-4.956483734821131,4.907349902608926,-4.982217869240108
99.0,57.0,131.43026733398438,4.915284757189989,-4.975233221323359,4.987065392964126,4.976237745589336,4.874027077682946,-4.987974382396457,4.993625447554684,-4.899764333212913,4.959083479178805,-4.998392829943294
99.0,57.0,132.09901428222656,4.87600003686328,-4.897397703249805,4.921494003255599,4.950086271570106,4.738882906395625,-4.999428734231558,4.997139637867351,-4.907029406803392,4.971937174207717,-4.979621113523461
99.0,57.0,131.6566619873047,4.999995803720272,-4.990214772044112,4.974096008860891,4.983433758120119,4.851340127775195,-4.9383187761378,4.992410851486146,-4.931742694713748,4.939302187351514,-4.986828262396807
99.0,57.0,132.04812622070312,4.846181768755928,-4.6692765853392775,4.872420260988559,4.92503068661439,4.995635198616745,-4.995347192113009,4.996624503413141,-4.99380210823151,4.905621777548564,-4.960328958472404
99.0,57.0,131.46022033691406,4.983467861010836,-4.825710381617967,4.936616088897424,4.888907873693056,4.989252235227394,-4.954883226881856,4.924232746997406,-4.987675385240578,4.952573426611954,-4.999501447059147
99.0,57.0,131.88961791992188,4.510625347058062,-4.972345125653122,4.988513887858428,4.813609674582175,4.999678036684812,-4.957997278445648,4.934853550807532,-4.912268194089247,4.997747587047495,-4.9937510059355965
99.0,57.0,131.94541931152344,4.878916753340105,-4.966183850657808,4.8813071802272034,4.936986885308869,4.97403348769767,-4.927662847489695,4.998082147060795,-4.961337485953794,4.891125280011181,-4.985265665618771
99.0,57.0,131.801025390625,4.982392543066607,-4.993387640096118,4.740049988262003,4.88984817619135,4.8889625412290965,-4.999367845647356,4.994982453944592,-4.975682040540123,4.982770400915776,-4.93934668446637
99.0,57.0,131.01174926757812,4.98404320636655,-4.9120007455722,4.94707833401359,4.9880770861129005,4.960293022640366,-4.991414306170352,4.997620118990901,-4.977668441245592,4.97452676302678,-4.959901778261287
99.0,57.0,132.1223907470703,4.934908068044058,-4.825007671721362,4.904788354890728,4.781719349856738,4.978953475542462,-4.981099433335698,4.912850354152607,-4.9412738491800905,4.968125904563326,-4.981134208509115
99.0,57.0,131.55007934570312,4.778979003252966,-4.916044998451486,4.962318307634341,4.992801719408692,4.7481274865108585,-4.999848973540764,4.995633194240737,-4.92941231662303,4.986687906893149,-4.998932771115102
99.0,57.0,131.69908142089844,4.991730106779159,-4.890108926004901,4.823015538729752,4.93658919158642,4.923742804299667,-4.9401426839734,4.992798483840155,-4.973102145509119,4.924661171141446,-4.997196574667667
99.0,57.0,131.5354766845703,4.782292816435253,-4.963820205805548,4.8787430517802415,4.99303483234206,4.922584658795211,-4.999251538508404,4.944604796336728,-4.911779209307538,4.9912585215041245,-4.990171079432351
99.0,57.0,131.82537841796875,4.793825100952819,-4.993684908893114,4.865941550143292,4.985179362580097,4.852872034142537,-4.99976877588698,4.974599299798085,-4.886457225379571,4.976018167472697,-4.992267892093423
99.0,57.0,131.42318725585938,4.817332247678911,-4.944252899157615,4.9969047068250845,4.994858111120452,4.740693504973526,-4.999981138221971,4.996119564882547,-4.921594876244791,4.996911270599866,-4.996497779714444
99.0,57.0,131.9642333984375,4.863593291995879,-4.688061011856874,4.967649284148942,4.99548705320339,4.910670285125431,-4.975996369880361,4.906161706446071,-4.918624646337367,4.981102455134344,-4.99269882799236
99.0,57.0,131.6284942626953,4.783575232445433,-4.826416740807444,4.898771588246811,4.976269930600108,4.889448893093295,-4.928772161584941,4.916662154479493,-4.985266274521316,4.995324252027952,-4.999074914249586
99.0,57.0,131.14730834960938,4.963497292697893,-4.913624506017129,4.999931648418396,4.985560852923757,4.993578342706103,-4.97379043291536,4.999497859948117,-4.947062890513648,4.955294829779703,-4.969354575129142
99.0,57.0,132.05007934570312,4.947061903879182,-4.931086546920012,4.94366128686951,4.7010753565465695,4.951588142703224,-4.9205988263877325,4.990678564059514,-4.9335361756866565,4.984196643541665,-4.969767703424638
99.0,57.0,132.20584106445312,4.734915146837637,-4.998301430413231,4.866016883499087,4.987113599290695,4.735355646642001,-4.999935971117652,4.978730680586923,-4.858187003525306,4.995929147250664,-4.991340711734152
99.0,57.0,132.26617431640625,4.986834661355176,-4.677182698090235,4.86231649355216,4.898240712698691,4.8790911359715885,-4.993447305339248,4.999959680131625,-4.960631958066202,4.947041624693204,-4.950274289239864
99.0,57.0,131.97891235351562,4.747436105483821,-4.818822092123716,4.781443109103748,4.977783635964804,4.989162777776586,-4.912802571941446,4.919826247543608,-4.99682957699695,4.946474632930447,-4.995287978692606
99.0,57.0,131.44918823242188,4.8239910897100815,-4.788468930973574,4.9784383976179285,4.962340521206492,4.9938596366302,-4.934730118404788,4.9165628229530665,-4.955868287221641,4.990255705630823,-4.997976212826472
99.0,57.0,132.43292236328125,4.999999546049279,-4.804781037466479,4.694267489973754,4.933636858980652,4.856245601419622,-4.995717065517894,4.99554327293986,-4.948776322109519,4.883844809972967,-4.999838614250684
99.0,57.0,131.39601135253906,4.687682957056198,-4.740071727494547,4.942681202438088,4.98397889410092,4.917607766509107,-4.990327910878969,4.997049963124814,-4.991803208375652,4.95127550010881,-4.996995476775927
99.0,57.0,132.66482543945312,4.989646853239526,-4.714710466481697,4.666798508234435,4.988931228090913,4.976769562236259,-4.889132483641547,4.838046908531404,-4.9623151985307405,4.99265271434844,-4.967495315402734
99.0,57.0,131.48976135253906,4.302923266600361,-4.892967370798607,4.956672828839486,4.953548990402443,4.949912906890989,-4.99121372730607,4.9985600383942606,-4.974505439687038,4.984622975517368,-4.985111991900387
99.0,58.0,132.03720092773438,4.999999792696679,-4.706484514293447,4.813956891698638,4.994076464936623,4.81679300736946,-4.98784374300561,4.999995096988428,-4.998756548223735,4.914794592527242,-4.976936097438449
99.0,58.0,131.52337646484375,4.942202880423412,-4.828436807841149,4.802437762245956,4.957235304227924,4.998293478249137,-4.95861182671451,4.986500430706604,-4.935168107200872,4.983772632908943,-4.979183294258784
99.0,58.0,131.27235412597656,4.977166277834352,-4.806242778281214,4.887646034304364,4.999570397639912,4.8084689645350505,-4.993777261488935,4.999557253752315,-4.982957071823137,4.965599498019337,-4.999865200253151
99.0,58.0,131.9591827392578,4.9650781249668015,-4.859048178813179,4.983116448150516,4.985129875552948,4.918031132834944,-4.935277834244662,4.917655750924489,-4.917764742861539,4.971616227732944,-4.975732094546313
99.0,58.0,131.21896362304688,4.494503746995413,-4.916812280972359,4.997029598828618,4.963746127370676,4.998766372603656,-4.968758616979672,4.99635013798334,-4.924737295791878,4.995301045560134,-4.998094828577001
99.0,58.0,131.89181518554688,4.734359459860164,-4.998300358856546,4.965552489159506,4.98528938026725,4.838661260322319,-4.951428190098894,4.99967200169543,-4.956647781580946,4.929701155087159,-4.977808104859683
99.0,58.0,131.40306091308594,4.323589494003295,-4.74644131194143,4.877938742372557,4.973847290010047,4.966599300559414,-4.999320163704043,4.989253840815027,-4.999328781338738,4.99458785331904,-4.993567263145411
99.0,58.0,131.72894287109375,4.999999009387327,-4.767430229975597,4.742585215891374,4.993601612942095,4.8513985231941765,-4.999913321556622,4.999980182196681,-4.947120447938694,4.978924124636321,-4.979239471646213
99.0,58.0,132.21527099609375,4.688134693790249,-4.854308716630135,4.80973677387279,4.978796679491823,4.773466840423406,-4.969615283743938,4.938030927197267,-4.949372974502935,4.985242384042016,-4.997646527877544
99.0,58.0,131.19076538085938,4.815936520184598,-4.967121058953356,4.9979506482188905,4.998463093669645,4.781294448307915,-4.998964638637522,4.994949784312185,-4.930113117834486,4.999884060676377,-4.998176921566922
99.0,58.0,131.82444763183594,4.774368489635387,-4.987187697312934,4.999991337110572,4.994897941568892,4.849271956338386,-4.975040294246604,4.999574831732426,-4.946066318120966,4.922590256640354,-4.97462006173107
99.0,58.0,131.84132385253906,4.6189727275593375,-4.841477050864991,4.963620202118218,4.972409348557466,4.7825213914309055,-4.999453556695909,4.997797137246357,-4.9679501378282165,4.946696375559234,-4.997044531805676
99.0,58.0,131.81219482421875,4.803166224077167,-4.853321350922063,4.967995722704979,4.935001342293335,4.873455094956531,-4.999913730072389,4.954980468022043,-4.982450521037002,4.976590068588949,-4.949904602734001
99.0,58.0,131.0782012939453,4.841805578237773,-4.9123843868326365,4.964433979610729,4.973549290093892,4.974058049927439,-4.9976829941595335,4.9979785908622025,-4.975330930830015,4.9788333323602725,-4.959482806992236
99.0,58.0,131.61105346679688,4.999995196513495,-4.83503784800712,4.883408054115669,4.9941025541239945,4.6302135510240525,-4.999999967214015,4.999858279003558,-4.969595637231617,4.9896620389008834,-4.998481879828863
99.0,58.0,131.50634765625,4.683548237421139,-4.782735671763758,4.979963192206914,4.985455060403805,4.9513563679491295,-4.962540720106722,4.915381383637092,-4.994061784132772,4.97168368069305,-4.995674456984419
99.0,58.0,130.74325561523438,4.960840674546906,-4.970295034958708,4.92244482715839,4.983088318314021,4.996313229864652,-4.999365612226285,4.993455931909377,-4.973405096388044,4.98180188957554,-4.972701411435265
99.0,58.0,131.903564453125,4.971999539161518,-4.905625937475343,4.871667466783906,4.99593530453996,4.627753557101657,-4.973281674291012,4.9999482304119605,-4.979627455618468,4.951161726624811,-4.998517483862305
99.0,58.0,132.2374267578125,4.880400069591293,-4.959968597999602,4.950617862208562,4.690383482455434,4.991955762587581,-4.9373392177552375,4.87359585130233,-4.937022452151825,4.99603905245526,-4.980949070439982
99.0,58.0,131.30630493164062,4.93580329809549,-4.9266911523538655,4.871864797072598,4.652893758787302,4.982865950114317,-4.998866319364264,4.9898480878741855,-4.992506788391879,4.995608652143803,-4.987561580995488
99.0,58.0,131.77101135253906,4.604234882845857,-4.771117281809131,4.971582571409526,4.985890494011343,4.931024917852982,-4.948021096484799,4.996406469657009,-4.975754001566141,4.929152705047987,-4.997117752999082
99.0,58.0,131.68687438964844,4.842471018290933,-4.9235092489142005,4.950198150836921,4.915875467805602,4.9172666915183845,-4.999721321432609,4.99514983015231,-4.990722251468755,4.947735711920535,-4.943146835867212
99.0,58.0,132.12579345703125,4.906293857983382,-4.732634788786591,4.917427353346632,4.897903708554648,4.998679254534143,-4.905375435108041,4.952463944806847,-4.891098085870107,4.993258602749419,-4.982405550357488
99.0,58.0,131.43026733398438,4.915284757189989,-4.975233221323359,4.987065392964126,4.976237745589336,4.874027077682946,-4.987974382396457,4.993625447554684,-4.899764333212913,4.959083479178805,-4.998392829943294
99.0,58.0,131.7742156982422,4.922080206133778,-4.652249060240358,4.951757474414576,4.995781442175627,4.955086044282295,-4.996322330671285,4.905389492601685,-4.932677739530249,4.968445170894274,-4.995134332528415
99.0,58.0,131.6566619873047,4.999995803720272,-4.990214772044112,4.974096008860891,4.983433758120119,4.851340127775195,-4.9383187761378,4.992410851486146,-4.931742694713748,4.939302187351514,-4.986828262396807
99.0,58.0,132.04812622070312,4.846181768755928,-4.6692765853392775,4.872420260988559,4.92503068661439,4.995635198616745,-4.995347192113009,4.996624503413141,-4.99380210823151,4.905621777548564,-4.960328958472404
99.0,58.0,131.46022033691406,4.983467861010836,-4.825710381617967,4.936616088897424,4.888907873693056,4.989252235227394,-4.954883226881856,4.924232746997406,-4.987675385240578,4.952573426611954,-4.999501447059147
99.0,58.0,131.88961791992188,4.510625347058062,-4.972345125653122,4.988513887858428,4.813609674582175,4.999678036684812,-4.957997278445648,4.934853550807532,-4.912268194089247,4.997747587047495,-4.9937510059355965
99.0,58.0,131.38497924804688,4.85824129706047,-4.862618414388393,4.989319206352475,4.972680250058913,4.8899254718958645,-4.977811151752826,4.954124591337354,-4.922510057640409,4.995336700465161,-4.99942068426363
99.0,58.0,131.801025390625,4.982392543066607,-4.993387640096118,4.740049988262003,4.88984817619135,4.8889625412290965,-4.999367845647356,4.994982453944592,-4.975682040540123,4.982770400915776,-4.93934668446637
99.0,58.0,131.01174926757812,4.98404320636655,-4.9120007455722,4.94707833401359,4.9880770861129005,4.960293022640366,-4.991414306170352,4.997620118990901,-4.977668441245592,4.97452676302678,-4.959901778261287
99.0,58.0,131.93865966796875,4.694290763033546,-4.940535747288775,4.926258223531372,4.977153815883309,4.961992245441304,-4.966616614103791,4.9029570683114825,-4.90491553430255,4.991555354869094,-4.981134208509115
99.0,58.0,131.55007934570312,4.778979003252966,-4.916044998451486,4.962318307634341,4.992801719408692,4.7481274865108585,-4.999848973540764,4.995633194240737,-4.92941231662303,4.986687906893149,-4.998932771115102
99.0,58.0,131.51332092285156,4.897282553694331,-4.962634325175728,4.998474353324128,4.99794844448274,4.733692608942748,-4.999965912830263,4.996282245880841,-4.919831748747351,4.994177475471217,-4.981239670899443
99.0,58.0,131.5354766845703,4.782292816435253,-4.963820205805548,4.8787430517802415,4.99303483234206,4.922584658795211,-4.999251538508404,4.944604796336728,-4.911779209307538,4.9912585215041245,-4.990171079432351
99.0,58.0,131.82537841796875,4.793825100952819,-4.993684908893114,4.865941550143292,4.985179362580097,4.852872034142537,-4.99976877588698,4.974599299798085,-4.886457225379571,4.976018167472697,-4.992267892093423
99.0,58.0,131.42318725585938,4.817332247678911,-4.944252899157615,4.9969047068250845,4.994858111120452,4.740693504973526,-4.999981138221971,4.996119564882547,-4.921594876244791,4.996911270599866,-4.996497779714444
99.0,58.0,131.9642333984375,4.863593291995879,-4.688061011856874,4.967649284148942,4.99548705320339,4.910670285125431,-4.975996369880361,4.906161706446071,-4.918624646337367,4.981102455134344,-4.99269882799236
99.0,58.0,131.6284942626953,4.783575232445433,-4.826416740807444,4.898771588246811,4.976269930600108,4.889448893093295,-4.928772161584941,4.916662154479493,-4.985266274521316,4.995324252027952,-4.999074914249586
99.0,58.0,131.14730834960938,4.963497292697893,-4.913624506017129,4.999931648418396,4.985560852923757,4.993578342706103,-4.97379043291536,4.999497859948117,-4.947062890513648,4.955294829779703,-4.969354575129142
99.0,58.0,132.05007934570312,4.947061903879182,-4.931086546920012,4.94366128686951,4.7010753565465695,4.951588142703224,-4.9205988263877325,4.990678564059514,-4.9335361756866565,4.984196643541665,-4.969767703424638
99.0,58.0,131.87547302246094,4.948461908010501,-4.992956912463735,4.98109689551646,4.884171562501308,4.852691891455288,-4.999935971117652,4.967092403638608,-4.906416228169372,4.961035000273167,-4.9775520740872246
99.0,58.0,132.26617431640625,4.986834661355176,-4.677182698090235,4.86231649355216,4.898240712698691,4.8790911359715885,-4.993447305339248,4.999959680131625,-4.960631958066202,4.947041624693204,-4.950274289239864
99.0,58.0,131.76087951660156,4.959347906875306,-4.8330555850088,4.899009320426927,4.721316210030257,4.994610873706037,-4.958609233478812,4.920346731439048,-4.995094558813722,4.963114371170466,-4.999642395258294
99.0,58.0,131.44918823242188,4.8239910897100815,-4.788468930973574,4.9784383976179285,4.962340521206492,4.9938596366302,-4.934730118404788,4.9165628229530665,-4.955868287221641,4.990255705630823,-4.997976212826472
99.0,58.0,132.28578186035156,4.819467824209882,-4.854035198428832,4.841924310682705,4.930013439403275,4.856245601419622,-4.952974245863675,4.9919481224892746,-4.983545769166404,4.883844809972967,-4.998580671148718
99.0,58.0,131.39601135253906,4.687682957056198,-4.740071727494547,4.942681202438088,4.98397889410092,4.917607766509107,-4.990327910878969,4.997049963124814,-4.991803208375652,4.95127550010881,-4.996995476775927
99.0,58.0,132.10826110839844,4.999339338713017,-4.79294994423458,4.746539182588943,4.868211105325976,4.84024714229453,-4.999885359975688,4.995923676034756,-4.988034414239797,4.993762294359864,-4.933412322133293
99.0,58.0,131.48976135253906,4.302923266600361,-4.892967370798607,4.956672828839486,4.953548990402443,4.949912906890989,-4.99121372730607,4.9985600383942606,-4.974505439687038,4.984622975517368,-4.985111991900387
99.0,59.0,132.03720092773438,4.999999792696679,-4.706484514293447,4.813956891698638,4.994076464936623,4.81679300736946,-4.98784374300561,4.999995096988428,-4.998756548223735,4.914794592527242,-4.976936097438449
99.0,59.0,131.52337646484375,4.942202880423412,-4.828436807841149,4.802437762245956,4.957235304227924,4.998293478249137,-4.95861182671451,4.986500430706604,-4.935168107200872,4.983772632908943,-4.979183294258784
99.0,59.0,131.27235412597656,4.977166277834352,-4.806242778281214,4.887646034304364,4.999570397639912,4.8084689645350505,-4.993777261488935,4.999557253752315,-4.982957071823137,4.965599498019337,-4.999865200253151
99.0,59.0,131.9591827392578,4.9650781249668015,-4.859048178813179,4.983116448150516,4.985129875552948,4.918031132834944,-4.935277834244662,4.917655750924489,-4.917764742861539,4.971616227732944,-4.975732094546313
99.0,59.0,131.21896362304688,4.494503746995413,-4.916812280972359,4.997029598828618,4.963746127370676,4.998766372603656,-4.968758616979672,4.99635013798334,-4.924737295791878,4.995301045560134,-4.998094828577001
99.0,59.0,131.89181518554688,4.734359459860164,-4.998300358856546,4.965552489159506,4.98528938026725,4.838661260322319,-4.951428190098894,4.99967200169543,-4.956647781580946,4.929701155087159,-4.977808104859683
99.0,59.0,131.40306091308594,4.323589494003295,-4.74644131194143,4.877938742372557,4.973847290010047,4.966599300559414,-4.999320163704043,4.989253840815027,-4.999328781338738,4.99458785331904,-4.993567263145411
99.0,59.0,131.72894287109375,4.999999009387327,-4.767430229975597,4.742585215891374,4.993601612942095,4.8513985231941765,-4.999913321556622,4.999980182196681,-4.947120447938694,4.978924124636321,-4.979239471646213
99.0,59.0,132.05319213867188,4.688134693790249,-4.698425169537396,4.687955879631014,4.995957756201825,4.885286252974939,-4.996811383190104,4.999998575203867,-4.977801545727867,4.963268238346057,-4.980923181915567
99.0,59.0,131.19076538085938,4.815936520184598,-4.967121058953356,4.9979506482188905,4.998463093669645,4.781294448307915,-4.998964638637522,4.994949784312185,-4.930113117834486,4.999884060676377,-4.998176921566922
99.0,59.0,131.54736328125,4.2006523441404,-4.943229085652611,4.964886107953527,4.973999153553991,4.9716596683028005,-4.994115843890648,4.970882596496812,-4.950079065307706,4.994568728229126,-4.990007739860332
99.0,59.0,131.84132385253906,4.6189727275593375,-4.841477050864991,4.963620202118218,4.972409348557466,4.7825213914309055,-4.999453556695909,4.997797137246357,-4.9679501378282165,4.946696375559234,-4.997044531805676
99.0,59.0,131.1376495361328,4.898435004190739,-4.853321350922063,4.999956195762722,4.985861409795803,4.9985811392144095,-4.972086886108312,4.997865093928906,-4.956616000506245,4.955020604760117,-4.979009399198841
99.0,59.0,131.0782012939453,4.841805578237773,-4.9123843868326365,4.964433979610729,4.973549290093892,4.974058049927439,-4.9976829941595335,4.9979785908622025,-4.975330930830015,4.9788333323602725,-4.959482806992236
99.0,59.0,131.61105346679688,4.999995196513495,-4.83503784800712,4.883408054115669,4.9941025541239945,4.6302135510240525,-4.999999967214015,4.999858279003558,-4.969595637231617,4.9896620389008834,-4.998481879828863
99.0,59.0,131.50634765625,4.683548237421139,-4.782735671763758,4.979963192206914,4.985455060403805,4.9513563679491295,-4.962540720106722,4.915381383637092,-4.994061784132772,4.97168368069305,-4.995674456984419
99.0,59.0,130.74325561523438,4.960840674546906,-4.970295034958708,4.92244482715839,4.983088318314021,4.996313229864652,-4.999365612226285,4.993455931909377,-4.973405096388044,4.98180188957554,-4.972701411435265
99.0,59.0,131.903564453125,4.971999539161518,-4.905625937475343,4.871667466783906,4.99593530453996,4.627753557101657,-4.973281674291012,4.9999482304119605,-4.979627455618468,4.951161726624811,-4.998517483862305
99.0,59.0,132.2374267578125,4.880400069591293,-4.959968597999602,4.950617862208562,4.690383482455434,4.991955762587581,-4.9373392177552375,4.87359585130233,-4.937022452151825,4.99603905245526,-4.980949070439982
99.0,59.0,131.30630493164062,4.93580329809549,-4.9266911523538655,4.871864797072598,4.652893758787302,4.982865950114317,-4.998866319364264,4.9898480878741855,-4.992506788391879,4.995608652143803,-4.987561580995488
99.0,59.0,131.77101135253906,4.604234882845857,-4.771117281809131,4.971582571409526,4.985890494011343,4.931024917852982,-4.948021096484799,4.996406469657009,-4.975754001566141,4.929152705047987,-4.997117752999082
99.0,59.0,131.13134765625,4.989556350792641,-4.884829415310071,4.907603136301263,4.997078455985095,4.9172666915183845,-4.999789007453872,4.998535972822722,-4.998970942978913,4.952088100111554,-4.968685984972449
99.0,59.0,131.9330596923828,4.847653248568594,-4.847601097275675,4.917427353346632,4.744286233750948,4.998679254534143,-4.905375435108041,4.952463944806847,-4.938328292677253,4.9904735690977535,-4.999631818316246
99.0,59.0,131.43026733398438,4.915284757189989,-4.975233221323359,4.987065392964126,4.976237745589336,4.874027077682946,-4.987974382396457,4.993625447554684,-4.899764333212913,4.959083479178805,-4.998392829943294
99.0,59.0,131.73988342285156,4.984107230375676,-4.991041727726941,4.995798061908199,4.995427002481493,4.812559595265056,-4.972006554142162,4.993884293233731,-4.914856773476876,4.926745605170084,-4.9916296197339465
99.0,59.0,131.6566619873047,4.999995803720272,-4.990214772044112,4.974096008860891,4.983433758120119,4.851340127775195,-4.9383187761378,4.992410851486146,-4.931742694713748,4.939302187351514,-4.986828262396807
99.0,59.0,131.91824340820312,4.6990974163957695,-4.7544692623575,4.940562212343741,4.981244972342961,4.828480059753608,-4.995347192113009,4.997200475750436,-4.985122491079892,4.963306770549584,-4.960328958472404
99.0,59.0,131.46022033691406,4.983467861010836,-4.825710381617967,4.936616088897424,4.888907873693056,4.989252235227394,-4.954883226881856,4.924232746997406,-4.987675385240578,4.952573426611954,-4.999501447059147
99.0,59.0,131.2122344970703,4.989955847443076,-4.977683800580776,4.988513887858428,4.981727998060913,4.999243949247693,-4.99996103421873,4.99412553984576,-4.912268194089247,4.9735564297417,-4.952905357806591
99.0,59.0,131.38497924804688,4.85824129706047,-4.862618414388393,4.989319206352475,4.972680250058913,4.8899254718958645,-4.977811151752826,4.954124591337354,-4.922510057640409,4.995336700465161,-4.99942068426363
99.0,59.0,131.801025390625,4.982392543066607,-4.993387640096118,4.740049988262003,4.88984817619135,4.8889625412290965,-4.999367845647356,4.994982453944592,-4.975682040540123,4.982770400915776,-4.93934668446637
99.0,59.0,131.01174926757812,4.98404320636655,-4.9120007455722,4.94707833401359,4.9880770861129005,4.960293022640366,-4.991414306170352,4.997620118990901,-4.977668441245592,4.97452676302678,-4.959901778261287
99.0,59.0,131.5608367919922,4.514684396500023,-4.747471183023714,4.988724113246833,4.977153815883309,4.9780125477853385,-4.955084286899555,4.9029570683114825,-4.987948624290574,4.995663315835872,-4.9981213305071375
99.0,59.0,131.55007934570312,4.778979003252966,-4.916044998451486,4.962318307634341,4.992801719408692,4.7481274865108585,-4.999848973540764,4.995633194240737,-4.92941231662303,4.986687906893149,-4.998932771115102
99.0,59.0,131.27719116210938,4.987270608931129,-4.86645442056006,4.998474353324128,4.99794844448274,4.909199679086725,-4.946218013441467,4.996282245880841,-4.998243138843737,4.919773481375467,-4.989358085200488
99.0,59.0,131.5187530517578,4.782292816435253,-4.850338896435179,4.960635953394385,4.926376257013452,4.922584658795211,-4.999594499078176,4.984530615288319,-4.971276085306446,4.947672136106415,-4.986624153877641
99.0,59.0,131.26983642578125,4.989649077674604,-4.854735079764881,4.975817149742078,4.930929512626708,4.993290893794109,-4.99976877588698,4.917342396212879,-4.93237268134659,4.976018167472697,-4.999524733098568
99.0,59.0,131.42318725585938,4.817332247678911,-4.944252899157615,4.9969047068250845,4.994858111120452,4.740693504973526,-4.999981138221971,4.996119564882547,-4.921594876244791,4.996911270599866,-4.996497779714444
99.0,59.0,131.9642333984375,4.863593291995879,-4.688061011856874,4.967649284148942,4.99548705320339,4.910670285125431,-4.975996369880361,4.906161706446071,-4.918624646337367,4.981102455134344,-4.99269882799236
99.0,59.0,131.16964721679688,4.876576537492147,-4.963671571407049,4.815797270839597,4.945369239147686,4.9406299123384905,-4.999051073388593,4.954796373409982,-4.956391616887814,4.994634638225664,-4.999074914249586
99.0,59.0,131.14730834960938,4.963497292697893,-4.913624506017129,4.999931648418396,4.985560852923757,4.993578342706103,-4.97379043291536,4.999497859948117,-4.947062890513648,4.955294829779703,-4.969354575129142
99.0,59.0,131.93429565429688,4.954921698418912,-4.785186533411178,4.760270805821623,4.933665115987907,4.951588142703224,-4.951790642594451,4.986905176511168,-4.974483224632799,4.92991736046088,-4.987906525578586
99.0,59.0,131.87547302246094,4.948461908010501,-4.992956912463735,4.98109689551646,4.884171562501308,4.852691891455288,-4.999935971117652,4.967092403638608,-4.906416228169372,4.961035000273167,-4.9775520740872246
99.0,59.0,132.05197143554688,4.874506068092402,-4.853541759061055,4.878834848008836,4.971413230052772,4.890254729350639,-4.9285304809277015,4.915573523313813,-4.985758431370188,4.947041624693204,-4.985959234409667
99.0,59.0,131.6336212158203,4.994436147769318,-4.852144917235759,4.998350527682759,4.947158084825249,4.994610873706037,-4.888305469946661,4.899260802920399,-4.995094558813722,4.9709516024481335,-4.970151238152351
99.0,59.0,131.44918823242188,4.8239910897100815,-4.788468930973574,4.9784383976179285,4.962340521206492,4.9938596366302,-4.934730118404788,4.9165628229530665,-4.955868287221641,4.990255705630823,-4.997976212826472
99.0,59.0,131.2002716064453,4.720516774281492,-4.975504681328727,4.998772343850203,4.987332835059879,4.853343271063651,-4.999552804839838,4.999741178284912,-4.909277036889263,4.999946110263641,-4.997906563092874
99.0,59.0,131.39601135253906,4.687682957056198,-4.740071727494547,4.942681202438088,4.98397889410092,4.917607766509107,-4.990327910878969,4.997049963124814,-4.991803208375652,4.95127550010881,-4.996995476775927
99.0,59.0,131.80223083496094,4.492139805261309,-4.999674229502784,4.88556428788972,4.99582487533528,4.82848886032096,-4.99982160023206,4.995923676034756,-4.928160902288036,4.971700353856671,-4.993621112864872
99.0,59.0,131.48976135253906,4.302923266600361,-4.892967370798607,4.956672828839486,4.953548990402443,4.949912906890989,-4.99121372730607,4.9985600383942606,-4.974505439687038,4.984622975517368,-4.985111991900387
99.0,60.0,131.17481994628906,4.9999968490792455,-4.997025475139914,4.953508321380977,4.988773242998397,4.958236046992068,-4.98784374300561,4.990240248817656,-4.934470173993661,4.956854944359668,-4.974656702211602
99.0,60.0,131.52337646484375,4.942202880423412,-4.828436807841149,4.802437762245956,4.957235304227924,4.998293478249137,-4.95861182671451,4.986500430706604,-4.935168107200872,4.983772632908943,-4.979183294258784
99.0,60.0,131.27235412597656,4.977166277834352,-4.806242778281214,4.887646034304364,4.999570397639912,4.8084689645350505,-4.993777261488935,4.999557253752315,-4.982957071823137,4.965599498019337,-4.999865200253151
99.0,60.0,131.4947967529297,4.991809320406662,-4.859048178813179,4.983116448150516,4.989099299404269,4.918031132834944,-4.985202931288903,4.998777154023328,-4.891578478455112,4.9445893015289535,-4.9996721237357225
99.0,60.0,131.21896362304688,4.494503746995413,-4.916812280972359,4.997029598828618,4.963746127370676,4.998766372603656,-4.968758616979672,4.99635013798334,-4.924737295791878,4.995301045560134,-4.998094828577001
99.0,60.0,131.33322143554688,4.99117005207493,-4.862056252804001,4.933301145956532,4.998018489414851,4.891720019741564,-4.977190861089429,4.997867036267692,-4.999158171259026,4.9247114592858985,-4.98341413844205
99.0,60.0,131.1521453857422,4.5914926803237925,-4.825044352369847,4.934255354889174,4.988602322146928,4.966599300559414,-4.998790009432946,4.985024436794742,-4.968182876667756,4.987302998821495,-4.995610328252164
99.0,60.0,131.12045288085938,4.999999009387327,-4.953879544113741,4.9776888656380365,4.993601612942095,4.829990603290695,-4.996142212779809,4.999943551187194,-4.9289345956052255,4.973018474039609,-4.99959274593526
99.0,60.0,131.99427795410156,4.611126068812797,-4.819898494877654,4.97521009063794,4.985040540417485,4.726749731657425,-4.996636016277947,4.997219480260056,-4.962587037075007,4.991692043765719,-4.965842081240663
99.0,60.0,131.19076538085938,4.815936520184598,-4.967121058953356,4.9979506482188905,4.998463093669645,4.781294448307915,-4.998964638637522,4.994949784312185,-4.930113117834486,4.999884060676377,-4.998176921566922
99.0,60.0,131.54736328125,4.2006523441404,-4.943229085652611,4.964886107953527,4.973999153553991,4.9716596683028005,-4.994115843890648,4.970882596496812,-4.950079065307706,4.994568728229126,-4.990007739860332
99.0,60.0,131.84132385253906,4.6189727275593375,-4.841477050864991,4.963620202118218,4.972409348557466,4.7825213914309055,-4.999453556695909,4.997797137246357,-4.9679501378282165,4.946696375559234,-4.997044531805676
99.0,60.0,131.1376495361328,4.898435004190739,-4.853321350922063,4.999956195762722,4.985861409795803,4.9985811392144095,-4.972086886108312,4.997865093928906,-4.956616000506245,4.955020604760117,-4.979009399198841
99.0,60.0,131.0782012939453,4.841805578237773,-4.9123843868326365,4.964433979610729,4.973549290093892,4.974058049927439,-4.9976829941595335,4.9979785908622025,-4.975330930830015,4.9788333323602725,-4.959482806992236
99.0,60.0,131.5430908203125,4.680624402255728,-4.815127316542239,4.993899182875908,4.995893645113688,4.939045765645777,-4.97346737694939,4.93813870666477,-4.99636157710562,4.9658635623243095,-4.975599951322415
99.0,60.0,131.50634765625,4.683548237421139,-4.782735671763758,4.979963192206914,4.985455060403805,4.9513563679491295,-4.962540720106722,4.915381383637092,-4.994061784132772,4.97168368069305,-4.995674456984419
99.0,60.0,130.74325561523438,4.960840674546906,-4.970295034958708,4.92244482715839,4.983088318314021,4.996313229864652,-4.999365612226285,4.993455931909377,-4.973405096388044,4.98180188957554,-4.972701411435265
99.0,60.0,130.8577117919922,4.906897437059803,-4.900372094441177,4.991837257031807,4.998403876174208,4.996959323925424,-4.973281674291012,4.953751466593987,-4.978443291803076,4.963937501464255,-4.999241425727012
99.0,60.0,131.9810028076172,4.79262593013672,-4.777075867006591,4.950617862208562,4.936525406817253,4.930927855629424,-4.999877325181696,4.87359585130233,-4.983687756132296,4.959286674089694,-4.980949070439982
99.0,60.0,131.30630493164062,4.93580329809549,-4.9266911523538655,4.871864797072598,4.652893758787302,4.982865950114317,-4.998866319364264,4.9898480878741855,-4.992506788391879,4.995608652143803,-4.987561580995488
99.0,60.0,131.5609893798828,4.7895838141516185,-4.860971875136093,4.999968001630093,4.951998261240532,4.99918835594488,-4.971884152040393,4.990201262071287,-4.95745622454366,4.934025653362882,-4.97308053622323
99.0,60.0,131.13134765625,4.989556350792641,-4.884829415310071,4.907603136301263,4.997078455985095,4.9172666915183845,-4.999789007453872,4.998535972822722,-4.998970942978913,4.952088100111554,-4.968685984972449
99.0,60.0,131.9330596923828,4.847653248568594,-4.847601097275675,4.917427353346632,4.744286233750948,4.998679254534143,-4.905375435108041,4.952463944806847,-4.938328292677253,4.9904735690977535,-4.999631818316246
99.0,60.0,131.43026733398438,4.915284757189989,-4.975233221323359,4.987065392964126,4.976237745589336,4.874027077682946,-4.987974382396457,4.993625447554684,-4.899764333212913,4.959083479178805,-4.998392829943294
99.0,60.0,131.66197204589844,4.974292767346073,-4.863470686362162,4.995798061908199,4.996180423336294,4.812559595265056,-4.990417005832703,4.999966040371236,-4.914856773476876,4.946954005451314,-4.9916296197339465
99.0,60.0,131.13185119628906,4.813211959976115,-4.969961383279473,4.998280123501852,4.997637366917843,4.851340127775195,-4.985073411981667,4.992410851486146,-4.931742694713748,4.987212813205641,-4.9996120846808125
99.0,60.0,131.67503356933594,4.659761257721555,-4.825887400913396,4.979819281647909,4.978996205258664,4.753837985423704,-4.995347192113009,4.997200475750436,-4.954682805954986,4.981787828353843,-4.998004449065557
99.0,60.0,131.40625,4.922727405607134,-4.95613586547999,4.883922046410757,4.680209428935827,4.983009674570314,-4.985877147878453,4.996196717710134,-4.999851892975407,4.985246983297306,-4.972476502010775
99.0,60.0,131.2122344970703,4.989955847443076,-4.977683800580776,4.988513887858428,4.981727998060913,4.999243949247693,-4.99996103421873,4.99412553984576,-4.912268194089247,4.9735564297417,-4.952905357806591
99.0,60.0,131.38497924804688,4.85824129706047,-4.862618414388393,4.989319206352475,4.972680250058913,4.8899254718958645,-4.977811151752826,4.954124591337354,-4.922510057640409,4.995336700465161,-4.99942068426363
99.0,60.0,131.801025390625,4.982392543066607,-4.993387640096118,4.740049988262003,4.88984817619135,4.8889625412290965,-4.999367845647356,4.994982453944592,-4.975682040540123,4.982770400915776,-4.93934668446637
99.0,60.0,131.01174926757812,4.98404320636655,-4.9120007455722,4.94707833401359,4.9880770861129005,4.960293022640366,-4.991414306170352,4.997620118990901,-4.977668441245592,4.97452676302678,-4.959901778261287
99.0,60.0,131.5608367919922,4.514684396500023,-4.747471183023714,4.988724113246833,4.977153815883309,4.9780125477853385,-4.955084286899555,4.9029570683114825,-4.987948624290574,4.995663315835872,-4.9981213305071375
99.0,60.0,131.55007934570312,4.778979003252966,-4.916044998451486,4.962318307634341,4.992801719408692,4.7481274865108585,-4.999848973540764,4.995633194240737,-4.92941231662303,4.986687906893149,-4.998932771115102
99.0,60.0,131.27719116210938,4.987270608931129,-4.86645442056006,4.998474353324128,4.99794844448274,4.909199679086725,-4.946218013441467,4.996282245880841,-4.998243138843737,4.919773481375467,-4.989358085200488
99.0,60.0,131.23802185058594,4.970563544061943,-4.981930845251991,4.9999861903694605,4.9846332518848415,4.866041991730659,-4.975384724927315,4.999427711847963,-4.942959936265522,4.968491730057116,-4.97813392408579
99.0,60.0,131.26983642578125,4.989649077674604,-4.854735079764881,4.975817149742078,4.930929512626708,4.993290893794109,-4.99976877588698,4.917342396212879,-4.93237268134659,4.976018167472697,-4.999524733098568
99.0,60.0,131.42318725585938,4.817332247678911,-4.944252899157615,4.9969047068250845,4.994858111120452,4.740693504973526,-4.999981138221971,4.996119564882547,-4.921594876244791,4.996911270599866,-4.996497779714444
99.0,60.0,131.96249389648438,4.9837622719191765,-4.89573307952908,4.967649284148942,4.818646050048697,4.910173538284898,-4.948667550872638,4.913647247897128,-4.9357101368043566,4.991910251424787,-4.980008185444636
99.0,60.0,131.16964721679688,4.876576537492147,-4.963671571407049,4.815797270839597,4.945369239147686,4.9406299123384905,-4.999051073388593,4.954796373409982,-4.956391616887814,4.994634638225664,-4.999074914249586
99.0,60.0,131.14730834960938,4.963497292697893,-4.913624506017129,4.999931648418396,4.985560852923757,4.993578342706103,-4.97379043291536,4.999497859948117,-4.947062890513648,4.955294829779703,-4.969354575129142
99.0,60.0,131.63291931152344,4.216844731765359,-4.785186533411178,4.9807064100721234,4.954180497542442,4.999099017269782,-4.975459904756294,4.999303506484892,-4.950734986815192,4.989944183086237,-4.990940482395379
99.0,60.0,131.52272033691406,4.940631747918368,-4.756850193215527,4.938695155824685,4.884125077350212,4.994148859431551,-4.954923392864931,4.926223147344993,-4.9887983216182,4.96671092640697,-4.993191336791593
99.0,60.0,131.2422332763672,4.9563825878542485,-4.929037313006834,4.9999602716609886,4.999794274989924,4.8745789852209445,-4.946197166322298,4.996718028013749,-4.967243614635145,4.94591046845408,-4.994999289808105
99.0,60.0,131.1443634033203,4.744291819568312,-4.980296991717673,4.962987987354576,4.990955108620832,4.918862261794477,-4.999983156168786,4.997415470051216,-4.995094558813722,4.983119893364059,-4.949965190709454
99.0,60.0,131.44918823242188,4.8239910897100815,-4.788468930973574,4.9784383976179285,4.962340521206492,4.9938596366302,-4.934730118404788,4.9165628229530665,-4.955868287221641,4.990255705630823,-4.997976212826472
99.0,60.0,131.2002716064453,4.720516774281492,-4.975504681328727,4.998772343850203,4.987332835059879,4.853343271063651,-4.999552804839838,4.999741178284912,-4.909277036889263,4.999946110263641,-4.997906563092874
99.0,60.0,131.39601135253906,4.687682957056198,-4.740071727494547,4.942681202438088,4.98397889410092,4.917607766509107,-4.990327910878969,4.997049963124814,-4.991803208375652,4.95127550010881,-4.996995476775927
99.0,60.0,131.80223083496094,4.492139805261309,-4.999674229502784,4.88556428788972,4.99582487533528,4.82848886032096,-4.99982160023206,4.995923676034756,-4.928160902288036,4.971700353856671,-4.993621112864872
99.0,60.0,131.35379028320312,4.976325366493347,-4.867046753823308,4.918849375836259,4.9784221005565,4.9793535560281725,-4.997801095466551,4.997375988131108,-4.9808364311845486,4.954904327284229,-4.944872517932024
99.0,61.0,131.17481994628906,4.9999968490792455,-4.997025475139914,4.953508321380977,4.988773242998397,4.958236046992068,-4.98784374300561,4.990240248817656,-4.934470173993661,4.956854944359668,-4.974656702211602
99.0,61.0,131.52337646484375,4.942202880423412,-4.828436807841149,4.802437762245956,4.957235304227924,4.998293478249137,-4.95861182671451,4.986500430706604,-4.935168107200872,4.983772632908943,-4.979183294258784
99.0,61.0,131.27235412597656,4.977166277834352,-4.806242778281214,4.887646034304364,4.999570397639912,4.8084689645350505,-4.993777261488935,4.999557253752315,-4.982957071823137,4.965599498019337,-4.999865200253151
99.0,61.0,131.4947967529297,4.991809320406662,-4.859048178813179,4.983116448150516,4.989099299404269,4.918031132834944,-4.985202931288903,4.998777154023328,-4.891578478455112,4.9445893015289535,-4.9996721237357225
99.0,61.0,131.21896362304688,4.494503746995413,-4.916812280972359,4.997029598828618,4.963746127370676,4.998766372603656,-4.968758616979672,4.99635013798334,-4.924737295791878,4.995301045560134,-4.998094828577001
99.0,61.0,130.86932373046875,4.99117005207493,-4.862056252804001,4.928898308910767,4.9986897907675845,4.988674056860267,-4.977023367732572,4.986263267958679,-4.974227443181941,4.991624463757128,-4.97199971013955
99.0,61.0,131.1521453857422,4.5914926803237925,-4.825044352369847,4.934255354889174,4.988602322146928,4.966599300559414,-4.998790009432946,4.985024436794742,-4.968182876667756,4.987302998821495,-4.995610328252164
99.0,61.0,131.12045288085938,4.999999009387327,-4.953879544113741,4.9776888656380365,4.993601612942095,4.829990603290695,-4.996142212779809,4.999943551187194,-4.9289345956052255,4.973018474039609,-4.99959274593526
99.0,61.0,131.61619567871094,4.985232610757192,-4.819898494877654,4.91184716683266,4.9840264850002,4.969452762676792,-4.996636016277947,4.997219480260056,-4.990567752988736,4.949193140648953,-4.9256258150149055
99.0,61.0,131.19076538085938,4.815936520184598,-4.967121058953356,4.9979506482188905,4.998463093669645,4.781294448307915,-4.998964638637522,4.994949784312185,-4.930113117834486,4.999884060676377,-4.998176921566922
99.0,61.0,131.54736328125,4.2006523441404,-4.943229085652611,4.964886107953527,4.973999153553991,4.9716596683028005,-4.994115843890648,4.970882596496812,-4.950079065307706,4.994568728229126,-4.990007739860332
99.0,61.0,131.2090301513672,4.86767144538314,-4.931588704156073,4.999992256013097,4.961731705446022,4.99990459752698,-4.999453556695909,4.997797137246357,-4.945171380483409,4.946696375559234,-4.973166772473912
99.0,61.0,131.1376495361328,4.898435004190739,-4.853321350922063,4.999956195762722,4.985861409795803,4.9985811392144095,-4.972086886108312,4.997865093928906,-4.956616000506245,4.955020604760117,-4.979009399198841
99.0,61.0,131.0782012939453,4.841805578237773,-4.9123843868326365,4.964433979610729,4.973549290093892,4.974058049927439,-4.9976829941595335,4.9979785908622025,-4.975330930830015,4.9788333323602725,-4.959482806992236
99.0,61.0,131.5430908203125,4.680624402255728,-4.815127316542239,4.993899182875908,4.995893645113688,4.939045765645777,-4.97346737694939,4.93813870666477,-4.99636157710562,4.9658635623243095,-4.975599951322415
99.0,61.0,131.45797729492188,4.879591590856165,-4.782735671763758,4.998570919843528,4.982533391481542,4.922888099610159,-4.999957555778029,4.954101411682839,-4.892612038982121,4.992635759401033,-4.999531291071095
99.0,61.0,130.74325561523438,4.960840674546906,-4.970295034958708,4.92244482715839,4.983088318314021,4.996313229864652,-4.999365612226285,4.993455931909377,-4.973405096388044,4.98180188957554,-4.972701411435265
99.0,61.0,130.8577117919922,4.906897437059803,-4.900372094441177,4.991837257031807,4.998403876174208,4.996959323925424,-4.973281674291012,4.953751466593987,-4.978443291803076,4.963937501464255,-4.999241425727012
99.0,61.0,131.78990173339844,4.401764612822464,-4.687866909629831,4.957399437278878,4.974025921396547,4.9900691460316935,-4.954488722505042,4.89740950426758,-4.9972583887944095,4.9908591799466855,-4.997677604775998
99.0,61.0,131.30630493164062,4.93580329809549,-4.9266911523538655,4.871864797072598,4.652893758787302,4.982865950114317,-4.998866319364264,4.9898480878741855,-4.992506788391879,4.995608652143803,-4.987561580995488
99.0,61.0,131.28872680664062,4.896920097467308,-4.957225131060424,4.879421110782681,4.986349201199424,4.99918835594488,-4.938214111454244,4.974001696806269,-4.947408579920316,4.960779069676993,-4.994777031813344
99.0,61.0,131.13134765625,4.989556350792641,-4.884829415310071,4.907603136301263,4.997078455985095,4.9172666915183845,-4.999789007453872,4.998535972822722,-4.998970942978913,4.952088100111554,-4.968685984972449
99.0,61.0,131.9330596923828,4.847653248568594,-4.847601097275675,4.917427353346632,4.744286233750948,4.998679254534143,-4.905375435108041,4.952463944806847,-4.938328292677253,4.9904735690977535,-4.999631818316246
99.0,61.0,131.2163543701172,4.7377538733241344,-4.995019348280735,4.969016612023656,4.998691899114549,4.918934124022475,-4.99348857042588,4.998592791382971,-4.998767111105487,4.977939058940811,-4.942422651217098
99.0,61.0,131.66197204589844,4.974292767346073,-4.863470686362162,4.995798061908199,4.996180423336294,4.812559595265056,-4.990417005832703,4.999966040371236,-4.914856773476876,4.946954005451314,-4.9916296197339465
99.0,61.0,131.13185119628906,4.813211959976115,-4.969961383279473,4.998280123501852,4.997637366917843,4.851340127775195,-4.985073411981667,4.992410851486146,-4.931742694713748,4.987212813205641,-4.9996120846808125
99.0,61.0,131.67503356933594,4.659761257721555,-4.825887400913396,4.979819281647909,4.978996205258664,4.753837985423704,-4.995347192113009,4.997200475750436,-4.954682805954986,4.981787828353843,-4.998004449065557
99.0,61.0,130.64535522460938,4.922727405607134,-4.973054038292416,4.999937042266271,4.990787864707554,4.822283077172569,-4.999050652019951,4.992744567823704,-4.999851892975407,4.999997351951327,-4.990286607983993
99.0,61.0,130.94384765625,4.989256523076968,-4.929632989942221,4.942697873493631,4.992227708373148,4.999243949247693,-4.995142522773936,4.998319691391989,-4.98072502116669,4.962536945455369,-4.958678341499928
99.0,61.0,131.38497924804688,4.85824129706047,-4.862618414388393,4.989319206352475,4.972680250058913,4.8899254718958645,-4.977811151752826,4.954124591337354,-4.922510057640409,4.995336700465161,-4.99942068426363
99.0,61.0,131.801025390625,4.982392543066607,-4.993387640096118,4.740049988262003,4.88984817619135,4.8889625412290965,-4.999367845647356,4.994982453944592,-4.975682040540123,4.982770400915776,-4.93934668446637
99.0,61.0,131.01174926757812,4.98404320636655,-4.9120007455722,4.94707833401359,4.9880770861129005,4.960293022640366,-4.991414306170352,4.997620118990901,-4.977668441245592,4.97452676302678,-4.959901778261287
99.0,61.0,131.5608367919922,4.514684396500023,-4.747471183023714,4.988724113246833,4.977153815883309,4.9780125477853385,-4.955084286899555,4.9029570683114825,-4.987948624290574,4.995663315835872,-4.9981213305071375
99.0,61.0,131.4415283203125,4.989860569874376,-4.86404865285998,4.973498720916615,4.998132639297392,4.88996300410508,-4.999848973540764,4.996917236384622,-4.999355117884712,4.90938634010879,-4.970261560042631
99.0,61.0,131.27719116210938,4.987270608931129,-4.86645442056006,4.998474353324128,4.99794844448274,4.909199679086725,-4.946218013441467,4.996282245880841,-4.998243138843737,4.919773481375467,-4.989358085200488
99.0,61.0,131.23802185058594,4.970563544061943,-4.981930845251991,4.9999861903694605,4.9846332518848415,4.866041991730659,-4.975384724927315,4.999427711847963,-4.942959936265522,4.968491730057116,-4.97813392408579
99.0,61.0,131.1465606689453,4.955282339718015,-4.818685049821671,4.986405251062747,4.999636699254447,4.808612795017687,-4.997590822444838,4.999666422276817,-4.993681018475823,4.951223483944924,-4.999778252723179
99.0,61.0,131.42318725585938,4.817332247678911,-4.944252899157615,4.9969047068250845,4.994858111120452,4.740693504973526,-4.999981138221971,4.996119564882547,-4.921594876244791,4.996911270599866,-4.996497779714444
99.0,61.0,131.36013793945312,4.97021669811415,-4.86418642884534,4.967649284148942,4.995868017136963,4.873329589557051,-4.948667550872638,4.985355703737914,-4.950243769998598,4.965807910004033,-4.9959548969214485
99.0,61.0,131.16964721679688,4.876576537492147,-4.963671571407049,4.815797270839597,4.945369239147686,4.9406299123384905,-4.999051073388593,4.954796373409982,-4.956391616887814,4.994634638225664,-4.999074914249586
99.0,61.0,131.02796936035156,4.98853605039311,-4.997842966699507,4.930906092885701,4.992548071403521,4.985289440222808,-4.995009894626377,4.99485234831793,-4.953317653785505,4.955294829779703,-4.971003315206916
99.0,61.0,131.63291931152344,4.216844731765359,-4.785186533411178,4.9807064100721234,4.954180497542442,4.999099017269782,-4.975459904756294,4.999303506484892,-4.950734986815192,4.989944183086237,-4.990940482395379
99.0,61.0,131.1398162841797,4.761961653852288,-4.949569669314449,4.938695155824685,4.975210345904811,4.888950120962472,-4.9907164217007,4.964553677946649,-4.9887983216182,4.982128519653227,-4.9915137630042565
99.0,61.0,131.07485961914062,4.642079764640907,-4.965265458884664,4.9999602716609886,4.934461876371145,4.943223927287267,-4.996535165420749,4.953222512427594,-4.967243614635145,4.998297307482245,-4.994999289808105
99.0,61.0,131.1443634033203,4.744291819568312,-4.980296991717673,4.962987987354576,4.990955108620832,4.918862261794477,-4.999983156168786,4.997415470051216,-4.995094558813722,4.983119893364059,-4.949965190709454
99.0,61.0,131.44918823242188,4.8239910897100815,-4.788468930973574,4.9784383976179285,4.962340521206492,4.9938596366302,-4.934730118404788,4.9165628229530665,-4.955868287221641,4.990255705630823,-4.997976212826472
99.0,61.0,131.2002716064453,4.720516774281492,-4.975504681328727,4.998772343850203,4.987332835059879,4.853343271063651,-4.999552804839838,4.999741178284912,-4.909277036889263,4.999946110263641,-4.997906563092874
99.0,61.0,131.39601135253906,4.687682957056198,-4.740071727494547,4.942681202438088,4.98397889410092,4.917607766509107,-4.990327910878969,4.997049963124814,-4.991803208375652,4.95127550010881,-4.996995476775927
99.0,61.0,131.42970275878906,4.492139805261309,-4.904197356548192,4.991843159965493,4.981472301896573,4.997262932290659,-4.973180307257053,4.949919550665177,-4.978863403821784,4.953440025765637,-4.996276994239207
99.0,61.0,131.35379028320312,4.976325366493347,-4.867046753823308,4.918849375836259,4.9784221005565,4.9793535560281725,-4.997801095466551,4.997375988131108,-4.9808364311845486,4.954904327284229,-4.944872517932024
99.0,62.0,131.17481994628906,4.9999968490792455,-4.997025475139914,4.953508321380977,4.988773242998397,4.958236046992068,-4.98784374300561,4.990240248817656,-4.934470173993661,4.956854944359668,-4.974656702211602
99.0,62.0,131.52337646484375,4.942202880423412,-4.828436807841149,4.802437762245956,4.957235304227924,4.998293478249137,-4.95861182671451,4.986500430706604,-4.935168107200872,4.983772632908943,-4.979183294258784
99.0,62.0,131.0753173828125,4.9035031437931735,-4.91980976206203,4.989960995994903,4.981181711646306,4.998801170191996,-4.966084270840735,4.999557253752315,-4.92417352856072,4.978754906885555,-4.981206970283326
99.0,62.0,131.4438934326172,4.804718770902671,-4.863538002144786,4.981468942010469,4.93162463683522,4.918031132834944,-4.985202931288903,4.924104725834479,-4.941309305986404,4.998386658099069,-4.998741960074416
99.0,62.0,131.21896362304688,4.494503746995413,-4.916812280972359,4.997029598828618,4.963746127370676,4.998766372603656,-4.968758616979672,4.99635013798334,-4.924737295791878,4.995301045560134,-4.998094828577001
99.0,62.0,130.86932373046875,4.99117005207493,-4.862056252804001,4.928898308910767,4.9986897907675845,4.988674056860267,-4.977023367732572,4.986263267958679,-4.974227443181941,4.991624463757128,-4.97199971013955
99.0,62.0,131.1521453857422,4.5914926803237925,-4.825044352369847,4.934255354889174,4.988602322146928,4.966599300559414,-4.998790009432946,4.985024436794742,-4.968182876667756,4.987302998821495,-4.995610328252164
99.0,62.0,131.12045288085938,4.999999009387327,-4.953879544113741,4.9776888656380365,4.993601612942095,4.829990603290695,-4.996142212779809,4.999943551187194,-4.9289345956052255,4.973018474039609,-4.99959274593526
99.0,62.0,131.61619567871094,4.985232610757192,-4.819898494877654,4.91184716683266,4.9840264850002,4.969452762676792,-4.996636016277947,4.997219480260056,-4.990567752988736,4.949193140648953,-4.9256258150149055
99.0,62.0,131.19076538085938,4.815936520184598,-4.967121058953356,4.9979506482188905,4.998463093669645,4.781294448307915,-4.998964638637522,4.994949784312185,-4.930113117834486,4.999884060676377,-4.998176921566922
99.0,62.0,131.2032470703125,4.995909908781274,-4.943229085652611,4.995087766912501,4.996372974316229,4.915903959679557,-4.968538197943251,4.970882596496812,-4.935674497047392,4.994568728229126,-4.968376897653437
99.0,62.0,131.2090301513672,4.86767144538314,-4.931588704156073,4.999992256013097,4.961731705446022,4.99990459752698,-4.999453556695909,4.997797137246357,-4.945171380483409,4.946696375559234,-4.973166772473912
99.0,62.0,131.1376495361328,4.898435004190739,-4.853321350922063,4.999956195762722,4.985861409795803,4.9985811392144095,-4.972086886108312,4.997865093928906,-4.956616000506245,4.955020604760117,-4.979009399198841
99.0,62.0,131.0782012939453,4.841805578237773,-4.9123843868326365,4.964433979610729,4.973549290093892,4.974058049927439,-4.9976829941595335,4.9979785908622025,-4.975330930830015,4.9788333323602725,-4.959482806992236
99.0,62.0,131.2737274169922,4.87973445981544,-4.917459054552686,4.962354912683468,4.9787087968641375,4.881047277952762,-4.998101612354214,4.999029064083367,-4.95445131731533,4.974800032705871,-4.975599951322415
99.0,62.0,131.45797729492188,4.879591590856165,-4.782735671763758,4.998570919843528,4.982533391481542,4.922888099610159,-4.999957555778029,4.954101411682839,-4.892612038982121,4.992635759401033,-4.999531291071095
99.0,62.0,130.74325561523438,4.960840674546906,-4.970295034958708,4.92244482715839,4.983088318314021,4.996313229864652,-4.999365612226285,4.993455931909377,-4.973405096388044,4.98180188957554,-4.972701411435265
99.0,62.0,130.76551818847656,4.988397934161673,-4.992715407072602,4.879938392744366,4.989488273866787,4.997774299768525,-4.96963117087364,4.98146748488141,-4.978443291803076,4.9727747582339,-4.990348523845819
99.0,62.0,131.15310668945312,4.705973953325448,-4.948785662085975,4.949530116926451,4.974025921396547,4.89724806213188,-4.998806998325065,4.948938121746369,-4.974931465439106,4.996892914883791,-4.993246656675348
99.0,62.0,131.30630493164062,4.93580329809549,-4.9266911523538655,4.871864797072598,4.652893758787302,4.982865950114317,-4.998866319364264,4.9898480878741855,-4.992506788391879,4.995608652143803,-4.987561580995488
99.0,62.0,131.14501953125,4.997282920180592,-4.800326223320376,4.879421110782681,4.978588599683816,4.852112285172471,-4.993526395763313,4.996646510212662,-4.997381379696384,4.962943762000348,-4.999951344858237
99.0,62.0,131.13134765625,4.989556350792641,-4.884829415310071,4.907603136301263,4.997078455985095,4.9172666915183845,-4.999789007453872,4.998535972822722,-4.998970942978913,4.952088100111554,-4.968685984972449
99.0,62.0,131.6754608154297,4.500943038421669,-4.884443308557003,4.995740815791549,4.987046709655473,4.967776963321459,-4.971567490823279,4.952400099286478,-4.955489681354335,4.948564062327554,-4.996941833044018
99.0,62.0,131.2163543701172,4.7377538733241344,-4.995019348280735,4.969016612023656,4.998691899114549,4.918934124022475,-4.99348857042588,4.998592791382971,-4.998767111105487,4.977939058940811,-4.942422651217098
99.0,62.0,131.616943359375,4.854659393197453,-4.916897526781417,4.995798061908199,4.91906511016204,4.875773396751221,-4.990417005832703,4.952347831898289,-4.910865606421014,4.998569997194037,-4.984751034010591
99.0,62.0,131.13185119628906,4.813211959976115,-4.969961383279473,4.998280123501852,4.997637366917843,4.851340127775195,-4.985073411981667,4.992410851486146,-4.931742694713748,4.987212813205641,-4.9996120846808125
99.0,62.0,131.67503356933594,4.659761257721555,-4.825887400913396,4.979819281647909,4.978996205258664,4.753837985423704,-4.995347192113009,4.997200475750436,-4.954682805954986,4.981787828353843,-4.998004449065557
99.0,62.0,130.64535522460938,4.922727405607134,-4.973054038292416,4.999937042266271,4.990787864707554,4.822283077172569,-4.999050652019951,4.992744567823704,-4.999851892975407,4.999997351951327,-4.990286607983993
99.0,62.0,130.94384765625,4.989256523076968,-4.929632989942221,4.942697873493631,4.992227708373148,4.999243949247693,-4.995142522773936,4.998319691391989,-4.98072502116669,4.962536945455369,-4.958678341499928
99.0,62.0,130.83685302734375,4.882074666756438,-4.970894447687792,4.952620763487844,4.990621831047304,4.954042231714842,-4.99160018589101,4.98190853629976,-4.984705966383515,4.976149041639868,-4.981998964036045
99.0,62.0,131.6353302001953,4.694681707795036,-4.966851222681138,4.7897223227528105,4.939852050593927,4.8889625412290965,-4.999650666882646,4.947475380668944,-4.94364254598378,4.999847364055557,-4.996990952014079
99.0,62.0,131.01174926757812,4.98404320636655,-4.9120007455722,4.94707833401359,4.9880770861129005,4.960293022640366,-4.991414306170352,4.997620118990901,-4.977668441245592,4.97452676302678,-4.959901778261287
99.0,62.0,131.4884033203125,4.946794511967908,-4.908912722268553,4.930947163281012,4.977153815883309,4.9997938007698055,-4.937589122493223,4.995291504166832,-4.959630987068683,4.940913914206275,-4.967675833654563
99.0,62.0,131.4415283203125,4.989860569874376,-4.86404865285998,4.973498720916615,4.998132639297392,4.88996300410508,-4.999848973540764,4.996917236384622,-4.999355117884712,4.90938634010879,-4.970261560042631
99.0,62.0,131.0593719482422,4.452047805321984,-4.937474238786358,4.9981182410848,4.968398415755646,4.999233571464917,-4.962797988480727,4.9738372942686695,-4.968169702465859,4.999165109735835,-4.997879479572646
99.0,62.0,131.23802185058594,4.970563544061943,-4.981930845251991,4.9999861903694605,4.9846332518848415,4.866041991730659,-4.975384724927315,4.999427711847963,-4.942959936265522,4.968491730057116,-4.97813392408579
99.0,62.0,131.1465606689453,4.955282339718015,-4.818685049821671,4.986405251062747,4.999636699254447,4.808612795017687,-4.997590822444838,4.999666422276817,-4.993681018475823,4.951223483944924,-4.999778252723179
99.0,62.0,131.419677734375,4.999999042398451,-4.970168298021163,4.943161776250393,4.999158065242959,4.851023359758466,-4.995379577382623,4.999951794481459,-4.921594876244791,4.951517235188338,-4.987594758634666
99.0,62.0,131.02175903320312,4.98552318433122,-4.878001557011851,4.895502570037115,4.997983030115817,4.836774792447514,-4.998359630059366,4.999704859568852,-4.9951656023961135,4.98881558883647,-4.978965938388723
99.0,62.0,131.16964721679688,4.876576537492147,-4.963671571407049,4.815797270839597,4.945369239147686,4.9406299123384905,-4.999051073388593,4.954796373409982,-4.956391616887814,4.994634638225664,-4.999074914249586
99.0,62.0,131.02796936035156,4.98853605039311,-4.997842966699507,4.930906092885701,4.992548071403521,4.985289440222808,-4.995009894626377,4.99485234831793,-4.953317653785505,4.955294829779703,-4.971003315206916
99.0,62.0,131.51600646972656,4.69165689730999,-4.996513568387412,4.937499021945198,4.9783437642151664,4.973411980324336,-4.984911095839948,4.977621764624789,-4.948712268525119,4.955683673174297,-4.971411682284546
99.0,62.0,130.48081970214844,4.9593757059305545,-4.926534687184874,4.999937288020861,4.975210345904811,4.888950120962472,-4.999967906406908,4.998421571289526,-4.999931799826281,4.999998383092182,-4.990875540538045
99.0,62.0,131.07485961914062,4.642079764640907,-4.965265458884664,4.9999602716609886,4.934461876371145,4.943223927287267,-4.996535165420749,4.953222512427594,-4.967243614635145,4.998297307482245,-4.994999289808105
99.0,62.0,131.1443634033203,4.744291819568312,-4.980296991717673,4.962987987354576,4.990955108620832,4.918862261794477,-4.999983156168786,4.997415470051216,-4.995094558813722,4.983119893364059,-4.949965190709454
99.0,62.0,131.44918823242188,4.8239910897100815,-4.788468930973574,4.9784383976179285,4.962340521206492,4.9938596366302,-4.934730118404788,4.9165628229530665,-4.955868287221641,4.990255705630823,-4.997976212826472
99.0,62.0,131.2002716064453,4.720516774281492,-4.975504681328727,4.998772343850203,4.987332835059879,4.853343271063651,-4.999552804839838,4.999741178284912,-4.909277036889263,4.999946110263641,-4.997906563092874
99.0,62.0,131.39601135253906,4.687682957056198,-4.740071727494547,4.942681202438088,4.98397889410092,4.917607766509107,-4.990327910878969,4.997049963124814,-4.991803208375652,4.95127550010881,-4.996995476775927
99.0,62.0,131.25563049316406,4.902166690820675,-4.904197356548192,4.989929132286029,4.994613216814223,4.93747860556792,-4.95995580016586,4.9026938920807,-4.978863403821784,4.97298587505723,-4.998344423641604
99.0,62.0,131.32334899902344,4.451384544178204,-4.747460493161613,4.969982532747933,4.995004985546762,4.937965568449977,-4.997801095466551,4.997375988131108,-4.979661117026543,4.979333835195879,-4.997059598195738
99.0,63.0,131.17481994628906,4.9999968490792455,-4.997025475139914,4.953508321380977,4.988773242998397,4.958236046992068,-4.98784374300561,4.990240248817656,-4.934470173993661,4.956854944359668,-4.974656702211602
99.0,63.0,130.90074157714844,4.990118712095351,-4.998159915772124,4.914951705841554,4.995278965836814,4.999450208768675,-4.95861182671451,4.986976350628607,-4.947255423192676,4.983772632908943,-4.97998189424257
99.0,63.0,131.0753173828125,4.9035031437931735,-4.91980976206203,4.989960995994903,4.981181711646306,4.998801170191996,-4.966084270840735,4.999557253752315,-4.92417352856072,4.978754906885555,-4.981206970283326
99.0,63.0,131.1078643798828,4.998555571264328,-4.920045742852884,4.9315737851795145,4.993634582490419,4.918031132834944,-4.985202931288903,4.999343074327305,-4.9452663724816,4.998386658099069,-4.963331410475561
99.0,63.0,131.21896362304688,4.494503746995413,-4.916812280972359,4.997029598828618,4.963746127370676,4.998766372603656,-4.968758616979672,4.99635013798334,-4.924737295791878,4.995301045560134,-4.998094828577001
99.0,63.0,130.86932373046875,4.99117005207493,-4.862056252804001,4.928898308910767,4.9986897907675845,4.988674056860267,-4.977023367732572,4.986263267958679,-4.974227443181941,4.991624463757128,-4.97199971013955
99.0,63.0,130.93270874023438,4.924092876777561,-4.996582410889627,4.938952866541319,4.984075873482234,4.918503854503744,-4.998790009432946,4.9786574812778825,-4.986309520542321,4.987302998821495,-4.967802038265068
99.0,63.0,131.12045288085938,4.999999009387327,-4.953879544113741,4.9776888656380365,4.993601612942095,4.829990603290695,-4.996142212779809,4.999943551187194,-4.9289345956052255,4.973018474039609,-4.99959274593526
99.0,63.0,131.0810546875,4.804866779308991,-4.8415520338980205,4.9246703764757696,4.99908180403759,4.960727022770156,-4.985194279474397,4.992985794760906,-4.986123858084392,4.986163528539656,-4.971541402824183
99.0,63.0,131.19076538085938,4.815936520184598,-4.967121058953356,4.9979506482188905,4.998463093669645,4.781294448307915,-4.998964638637522,4.994949784312185,-4.930113117834486,4.999884060676377,-4.998176921566922
99.0,63.0,131.2032470703125,4.995909908781274,-4.943229085652611,4.995087766912501,4.996372974316229,4.915903959679557,-4.968538197943251,4.970882596496812,-4.935674497047392,4.994568728229126,-4.968376897653437
99.0,63.0,131.2090301513672,4.86767144538314,-4.931588704156073,4.999992256013097,4.961731705446022,4.99990459752698,-4.999453556695909,4.997797137246357,-4.945171380483409,4.946696375559234,-4.973166772473912
99.0,63.0,131.05262756347656,4.860977767748473,-4.996735570984722,4.9402079731835205,4.985861409795803,4.980896168544566,-4.998791697856893,4.9710778926920725,-4.956616000506245,4.955020604760117,-4.9904596528432
99.0,63.0,131.0782012939453,4.841805578237773,-4.9123843868326365,4.964433979610729,4.973549290093892,4.974058049927439,-4.9976829941595335,4.9979785908622025,-4.975330930830015,4.9788333323602725,-4.959482806992236
99.0,63.0,131.2737274169922,4.87973445981544,-4.917459054552686,4.962354912683468,4.9787087968641375,4.881047277952762,-4.998101612354214,4.999029064083367,-4.95445131731533,4.974800032705871,-4.975599951322415
99.0,63.0,131.2027130126953,4.994547628677033,-4.944649247815669,4.9952525045539815,4.982533391481542,4.950926799413198,-4.961592584615323,4.969613130083793,-4.936489285487023,4.988233104493759,-4.969094479210382
99.0,63.0,130.51202392578125,4.960840674546906,-4.970295034958708,4.971832924534949,4.982122867851252,4.999949490528902,-4.958708206702561,4.992014454521467,-4.984628771063628,4.995784012564865,-4.984508354605213
99.0,63.0,130.76551818847656,4.988397934161673,-4.992715407072602,4.879938392744366,4.989488273866787,4.997774299768525,-4.96963117087364,4.98146748488141,-4.978443291803076,4.9727747582339,-4.990348523845819
99.0,63.0,131.15310668945312,4.705973953325448,-4.948785662085975,4.949530116926451,4.974025921396547,4.89724806213188,-4.998806998325065,4.948938121746369,-4.974931465439106,4.996892914883791,-4.993246656675348
99.0,63.0,131.30630493164062,4.93580329809549,-4.9266911523538655,4.871864797072598,4.652893758787302,4.982865950114317,-4.998866319364264,4.9898480878741855,-4.992506788391879,4.995608652143803,-4.987561580995488
99.0,63.0,131.14501953125,4.997282920180592,-4.800326223320376,4.879421110782681,4.978588599683816,4.852112285172471,-4.993526395763313,4.996646510212662,-4.997381379696384,4.962943762000348,-4.999951344858237
99.0,63.0,131.13134765625,4.989556350792641,-4.884829415310071,4.907603136301263,4.997078455985095,4.9172666915183845,-4.999789007453872,4.998535972822722,-4.998970942978913,4.952088100111554,-4.968685984972449
99.0,63.0,131.54519653320312,4.809097944718017,-4.925050520106611,4.932789451749862,4.972633746255134,4.968513456461853,-4.953096425941516,4.997165140175923,-4.946432256989619,4.943602605223533,-4.9824406663742815
99.0,63.0,131.04931640625,4.816687175578084,-4.9610355552138685,4.999996973586776,4.998691899114549,4.996779202064218,-4.999546496556238,4.989941345900786,-4.948690143052371,4.947507514865778,-4.984215365361291
99.0,63.0,130.88436889648438,4.887079338136488,-4.9063614751521625,4.867634701934818,4.91906511016204,4.973142213747829,-4.999518762241865,4.999123868938917,-4.973729739474189,4.998548324334839,-4.987760349211894
99.0,63.0,131.02732849121094,4.813211959976115,-4.969961383279473,4.998280123501852,4.996934972682816,4.770954809475019,-4.985073411981667,4.96831506007371,-4.999936231481167,4.999998007230803,-4.992986843031465
99.0,63.0,131.67503356933594,4.659761257721555,-4.825887400913396,4.979819281647909,4.978996205258664,4.753837985423704,-4.995347192113009,4.997200475750436,-4.954682805954986,4.981787828353843,-4.998004449065557
99.0,63.0,130.64535522460938,4.922727405607134,-4.973054038292416,4.999937042266271,4.990787864707554,4.822283077172569,-4.999050652019951,4.992744567823704,-4.999851892975407,4.999997351951327,-4.990286607983993
99.0,63.0,130.94215393066406,4.9020981690574175,-4.977354453199526,4.913460670410961,4.992445784999848,4.895776803811079,-4.971608542879213,4.981516202878538,-4.966841023827566,4.995069373682236,-4.994410917990029
99.0,63.0,130.83685302734375,4.882074666756438,-4.970894447687792,4.952620763487844,4.990621831047304,4.954042231714842,-4.99160018589101,4.98190853629976,-4.984705966383515,4.976149041639868,-4.981998964036045
99.0,63.0,131.57192993164062,4.694681707795036,-4.966851222681138,4.905124651797038,4.977858265543978,4.938708733188876,-4.98671371902774,4.931623216999799,-4.971316841902302,4.948230858660319,-4.997431875880311
99.0,63.0,130.80233764648438,4.968024887700275,-4.978407481699287,4.981376583943721,4.981826097462053,4.892837687463863,-4.999865571737371,4.998981179110303,-4.999991695586724,4.97452676302678,-4.971212486755231
99.0,63.0,131.21963500976562,4.984129073871706,-4.877885987199152,4.967370879234268,4.994827642377673,4.9997938007698055,-4.999664132162641,4.9943675133028576,-4.999740755244414,4.911275137404472,-4.961965838328756
99.0,63.0,131.27767944335938,4.913742256863683,-4.826246361944755,4.952670434061573,4.977067257150692,4.948025567380117,-4.974469498566061,4.996917236384622,-4.96405941414274,4.950986035953648,-4.989069162819721
99.0,63.0,130.853271484375,4.731009411459416,-4.982481792766325,4.962697821719235,4.981382423903361,4.897911240888563,-4.999223968596333,4.9738372942686695,-4.978413416804023,4.997840958984467,-4.997879479572646
99.0,63.0,131.23802185058594,4.970563544061943,-4.981930845251991,4.9999861903694605,4.9846332518848415,4.866041991730659,-4.975384724927315,4.999427711847963,-4.942959936265522,4.968491730057116,-4.97813392408579
99.0,63.0,131.1465606689453,4.955282339718015,-4.818685049821671,4.986405251062747,4.999636699254447,4.808612795017687,-4.997590822444838,4.999666422276817,-4.993681018475823,4.951223483944924,-4.999778252723179
99.0,63.0,130.75390625,4.999999042398451,-4.93202125331468,4.999967070802804,4.936801725445895,4.9431139117984735,-4.999536473054537,4.952376432515889,-4.983464850607907,4.986430156419526,-4.993900504265862
99.0,63.0,130.6876678466797,4.98552318433122,-4.878001557011851,4.993318103653259,4.997983030115817,4.8599410627152375,-4.99791410163026,4.999779059036844,-4.9951656023961135,4.98881558883647,-4.989738310622462
99.0,63.0,131.16964721679688,4.876576537492147,-4.963671571407049,4.815797270839597,4.945369239147686,4.9406299123384905,-4.999051073388593,4.954796373409982,-4.956391616887814,4.994634638225664,-4.999074914249586
99.0,63.0,130.99453735351562,4.98853605039311,-4.943519410276908,4.971813510531726,4.986064666697176,4.985289440222808,-4.967365512639452,4.998429457574614,-4.918387578556223,4.962206958415062,-4.999799615030986
99.0,63.0,131.51600646972656,4.69165689730999,-4.996513568387412,4.937499021945198,4.9783437642151664,4.973411980324336,-4.984911095839948,4.977621764624789,-4.948712268525119,4.955683673174297,-4.971411682284546
99.0,63.0,130.48081970214844,4.9593757059305545,-4.926534687184874,4.999937288020861,4.975210345904811,4.888950120962472,-4.999967906406908,4.998421571289526,-4.999931799826281,4.999998383092182,-4.990875540538045
99.0,63.0,131.07485961914062,4.642079764640907,-4.965265458884664,4.9999602716609886,4.934461876371145,4.943223927287267,-4.996535165420749,4.953222512427594,-4.967243614635145,4.998297307482245,-4.994999289808105
99.0,63.0,131.1443634033203,4.744291819568312,-4.980296991717673,4.962987987354576,4.990955108620832,4.918862261794477,-4.999983156168786,4.997415470051216,-4.995094558813722,4.983119893364059,-4.949965190709454
99.0,63.0,131.3953094482422,4.654793337497713,-4.918478114807094,4.993025553179328,4.962340521206492,4.937198490915476,-4.972560233159612,4.891966787131619,-4.983132761520372,4.989619370207946,-4.99879391990089
99.0,63.0,131.2002716064453,4.720516774281492,-4.975504681328727,4.998772343850203,4.987332835059879,4.853343271063651,-4.999552804839838,4.999741178284912,-4.909277036889263,4.999946110263641,-4.997906563092874
99.0,63.0,131.39601135253906,4.687682957056198,-4.740071727494547,4.942681202438088,4.98397889410092,4.917607766509107,-4.990327910878969,4.997049963124814,-4.991803208375652,4.95127550010881,-4.996995476775927
99.0,63.0,131.19557189941406,4.943273624515588,-4.999853914749584,4.984954014207895,4.999486181484564,4.82667382325468,-4.985572910992131,4.999166619500136,-4.947136727869326,4.969605363850671,-4.986149913040955
99.0,63.0,131.05332946777344,4.99009148034665,-4.968564696438561,4.998390012074785,4.984001055584034,4.89832390768284,-4.967117117908106,4.988663584353295,-4.9936711005387,4.972169687568859,-4.962516330572102
99.0,64.0,131.17481994628906,4.9999968490792455,-4.997025475139914,4.953508321380977,4.988773242998397,4.958236046992068,-4.98784374300561,4.990240248817656,-4.934470173993661,4.956854944359668,-4.974656702211602
99.0,64.0,130.90074157714844,4.990118712095351,-4.998159915772124,4.914951705841554,4.995278965836814,4.999450208768675,-4.95861182671451,4.986976350628607,-4.947255423192676,4.983772632908943,-4.97998189424257
99.0,64.0,131.0753173828125,4.9035031437931735,-4.91980976206203,4.989960995994903,4.981181711646306,4.998801170191996,-4.966084270840735,4.999557253752315,-4.92417352856072,4.978754906885555,-4.981206970283326
99.0,64.0,131.1078643798828,4.998555571264328,-4.920045742852884,4.9315737851795145,4.993634582490419,4.918031132834944,-4.985202931288903,4.999343074327305,-4.9452663724816,4.998386658099069,-4.963331410475561
99.0,64.0,130.3961181640625,4.998546240827096,-4.828766385893066,4.91301948009248,4.984588352498669,4.998766372603656,-4.995483815768833,4.997777796048681,-4.995645219334335,4.995301045560134,-4.998094828577001
99.0,64.0,130.86932373046875,4.99117005207493,-4.862056252804001,4.928898308910767,4.9986897907675845,4.988674056860267,-4.977023367732572,4.986263267958679,-4.974227443181941,4.991624463757128,-4.97199971013955
99.0,64.0,130.93270874023438,4.924092876777561,-4.996582410889627,4.938952866541319,4.984075873482234,4.918503854503744,-4.998790009432946,4.9786574812778825,-4.986309520542321,4.987302998821495,-4.967802038265068
99.0,64.0,130.67762756347656,4.991512483895653,-4.949083456136195,4.9776888656380365,4.994926469137589,4.956132867482511,-4.970320638978396,4.994192199153382,-4.992404285683561,4.968033898911012,-4.987718034252998
99.0,64.0,131.0810546875,4.804866779308991,-4.8415520338980205,4.9246703764757696,4.99908180403759,4.960727022770156,-4.985194279474397,4.992985794760906,-4.986123858084392,4.986163528539656,-4.971541402824183
99.0,64.0,131.19076538085938,4.815936520184598,-4.967121058953356,4.9979506482188905,4.998463093669645,4.781294448307915,-4.998964638637522,4.994949784312185,-4.930113117834486,4.999884060676377,-4.998176921566922
99.0,64.0,131.2032470703125,4.995909908781274,-4.943229085652611,4.995087766912501,4.996372974316229,4.915903959679557,-4.968538197943251,4.970882596496812,-4.935674497047392,4.994568728229126,-4.968376897653437
99.0,64.0,131.13026428222656,4.973928346570708,-4.995115772269971,4.998740648196987,4.998168280195972,4.662218847327148,-4.986599296160655,4.967614883238133,-4.999993084439602,4.999999447432391,-4.9930278895264255
99.0,64.0,131.05262756347656,4.860977767748473,-4.996735570984722,4.9402079731835205,4.985861409795803,4.980896168544566,-4.998791697856893,4.9710778926920725,-4.956616000506245,4.955020604760117,-4.9904596528432
99.0,64.0,130.86720275878906,4.989663759852292,-4.961686386927473,4.964433979610729,4.983937585867217,4.974058049927439,-4.974600438983574,4.99912031684559,-4.925196027136233,4.9788333323602725,-4.995011832783272
99.0,64.0,131.06753540039062,4.97116079261297,-4.880313809165768,4.952337628362463,4.981948515196378,4.83218783988793,-4.999908048357405,4.9996607235254364,-4.999993840113111,4.978156807439805,-4.975599951322415
99.0,64.0,131.2027130126953,4.994547628677033,-4.944649247815669,4.9952525045539815,4.982533391481542,4.950926799413198,-4.961592584615323,4.969613130083793,-4.936489285487023,4.988233104493759,-4.969094479210382
99.0,64.0,130.51202392578125,4.960840674546906,-4.970295034958708,4.971832924534949,4.982122867851252,4.999949490528902,-4.958708206702561,4.992014454521467,-4.984628771063628,4.995784012564865,-4.984508354605213
99.0,64.0,130.76551818847656,4.988397934161673,-4.992715407072602,4.879938392744366,4.989488273866787,4.997774299768525,-4.96963117087364,4.98146748488141,-4.978443291803076,4.9727747582339,-4.990348523845819
99.0,64.0,131.15310668945312,4.705973953325448,-4.948785662085975,4.949530116926451,4.974025921396547,4.89724806213188,-4.998806998325065,4.948938121746369,-4.974931465439106,4.996892914883791,-4.993246656675348
99.0,64.0,130.59339904785156,4.947875883798192,-4.898143357785897,4.924683800870826,4.99728011879872,4.999713582478205,-4.976506944198887,4.991710102658189,-4.992506788391879,4.994917073415476,-4.981345029995162
99.0,64.0,130.98199462890625,4.994486014078039,-4.929261084799332,4.88692385319299,4.994880770478325,4.999666015472055,-4.95433705508473,4.980524674857879,-4.960800780848983,4.994782182862172,-4.972906792791868
99.0,64.0,130.735595703125,4.878921958439696,-4.992524064620726,4.999999938401754,4.971835367803341,4.917928978427216,-4.999982019145486,4.991809925308473,-4.9755970739792,4.997733797758482,-4.97698086785936
99.0,64.0,131.3929901123047,4.99881853994238,-4.92220077688654,4.9683587494978205,4.972633746255134,4.898262006446716,-4.994309217354887,4.997165140175923,-4.923279813576892,4.990426751161952,-4.955485499658453
99.0,64.0,131.04931640625,4.816687175578084,-4.9610355552138685,4.999996973586776,4.998691899114549,4.996779202064218,-4.999546496556238,4.989941345900786,-4.948690143052371,4.947507514865778,-4.984215365361291
99.0,64.0,130.88436889648438,4.887079338136488,-4.9063614751521625,4.867634701934818,4.91906511016204,4.973142213747829,-4.999518762241865,4.999123868938917,-4.973729739474189,4.998548324334839,-4.987760349211894
99.0,64.0,130.53274536132812,4.858442772070145,-4.993236479202691,4.973849225523484,4.985430897130714,4.949261955087074,-4.97917457278508,4.995375460656218,-4.983262069616284,4.997286507825004,-4.993510328537578
99.0,64.0,130.70033264160156,4.966613618458608,-4.964473680735819,4.992122669013249,4.97301963731795,4.873974891250201,-4.9998981307016495,4.997200475750436,-4.966816296430837,4.992099825693751,-4.995802758194444
99.0,64.0,130.64535522460938,4.922727405607134,-4.973054038292416,4.999937042266271,4.990787864707554,4.822283077172569,-4.999050652019951,4.992744567823704,-4.999851892975407,4.999997351951327,-4.990286607983993
99.0,64.0,130.94215393066406,4.9020981690574175,-4.977354453199526,4.913460670410961,4.992445784999848,4.895776803811079,-4.971608542879213,4.981516202878538,-4.966841023827566,4.995069373682236,-4.994410917990029
99.0,64.0,130.6562042236328,4.92220595281085,-4.958309316534959,4.995047284977596,4.98313017870583,4.931973005619152,-4.964311661209733,4.98190853629976,-4.985518803429445,4.995976150538301,-4.992323307491408
99.0,64.0,131.29884338378906,4.913837292634133,-4.935778616949036,4.850652938371397,4.654018646797392,4.995699033634258,-4.998328538212051,4.979686238957975,-4.985665700869677,4.996430118060078,-4.997431875880311
99.0,64.0,130.80233764648438,4.968024887700275,-4.978407481699287,4.981376583943721,4.981826097462053,4.892837687463863,-4.999865571737371,4.998981179110303,-4.999991695586724,4.97452676302678,-4.971212486755231
99.0,64.0,131.21963500976562,4.984129073871706,-4.877885987199152,4.967370879234268,4.994827642377673,4.9997938007698055,-4.999664132162641,4.9943675133028576,-4.999740755244414,4.911275137404472,-4.961965838328756
99.0,64.0,131.27767944335938,4.913742256863683,-4.826246361944755,4.952670434061573,4.977067257150692,4.948025567380117,-4.974469498566061,4.996917236384622,-4.96405941414274,4.950986035953648,-4.989069162819721
99.0,64.0,130.853271484375,4.731009411459416,-4.982481792766325,4.962697821719235,4.981382423903361,4.897911240888563,-4.999223968596333,4.9738372942686695,-4.978413416804023,4.997840958984467,-4.997879479572646
99.0,64.0,131.23802185058594,4.970563544061943,-4.981930845251991,4.9999861903694605,4.9846332518848415,4.866041991730659,-4.975384724927315,4.999427711847963,-4.942959936265522,4.968491730057116,-4.97813392408579
99.0,64.0,130.80606079101562,4.938978153800445,-4.9493809004088,4.932080403561773,4.989359746000574,4.891296243848034,-4.971980511784501,4.999666422276817,-4.977600215338695,4.996148085736094,-4.990908948472729
99.0,64.0,130.75390625,4.999999042398451,-4.93202125331468,4.999967070802804,4.936801725445895,4.9431139117984735,-4.999536473054537,4.952376432515889,-4.983464850607907,4.986430156419526,-4.993900504265862
99.0,64.0,130.6876678466797,4.98552318433122,-4.878001557011851,4.993318103653259,4.997983030115817,4.8599410627152375,-4.99791410163026,4.999779059036844,-4.9951656023961135,4.98881558883647,-4.989738310622462
99.0,64.0,131.16964721679688,4.876576537492147,-4.963671571407049,4.815797270839597,4.945369239147686,4.9406299123384905,-4.999051073388593,4.954796373409982,-4.956391616887814,4.994634638225664,-4.999074914249586
99.0,64.0,130.99453735351562,4.98853605039311,-4.943519410276908,4.971813510531726,4.986064666697176,4.985289440222808,-4.967365512639452,4.998429457574614,-4.918387578556223,4.962206958415062,-4.999799615030986
99.0,64.0,131.2897186279297,4.820379935172783,-4.99003030023831,4.937499021945198,4.996164294975966,4.961457740051556,-4.999559944243408,4.996481249085099,-4.934209607702201,4.950888612036749,-4.979881215529296
99.0,64.0,130.48081970214844,4.9593757059305545,-4.926534687184874,4.999937288020861,4.975210345904811,4.888950120962472,-4.999967906406908,4.998421571289526,-4.999931799826281,4.999998383092182,-4.990875540538045
99.0,64.0,131.07485961914062,4.642079764640907,-4.965265458884664,4.9999602716609886,4.934461876371145,4.943223927287267,-4.996535165420749,4.953222512427594,-4.967243614635145,4.998297307482245,-4.994999289808105
99.0,64.0,131.13958740234375,4.891403929021347,-4.980296991717673,4.858354349896247,4.922372985940662,4.918862261794477,-4.999467594907097,4.999403672849306,-4.973759687354411,4.985812514302138,-4.977928822320487
99.0,64.0,131.36268615722656,4.818721008712624,-4.954255304098496,4.956739055817176,4.989553735222999,4.976236043533282,-4.985489591608247,4.999542920864135,-4.936859467093239,4.9510159841905885,-4.973421979335996
99.0,64.0,130.68466186523438,4.981218442657778,-4.947016971566758,4.985168636435463,4.999956293072124,4.840256996035417,-4.998905655348545,4.986680387060446,-4.976087414541119,4.999946110263641,-4.996510340756815
99.0,64.0,131.35098266601562,4.687682957056198,-4.740071727494547,4.996048728648676,4.988747935372235,4.958175822173343,-4.955243910376582,4.9704574276132645,-4.991803208375652,4.998817401793476,-4.968422087409159
99.0,64.0,131.19557189941406,4.943273624515588,-4.999853914749584,4.984954014207895,4.999486181484564,4.82667382325468,-4.985572910992131,4.999166619500136,-4.947136727869326,4.969605363850671,-4.986149913040955
99.0,64.0,130.9183349609375,4.936205002089129,-4.838872692929846,4.960672793893693,4.998138428487477,4.8409039890043175,-4.999352446963753,4.996493329541139,-4.99616882907269,4.99251989966352,-4.984905526892891
99.0,65.0,130.9782257080078,4.862085615356197,-4.98316861624394,4.972566953351624,4.976082737067669,4.9990360567789365,-4.964254682463906,4.974107289115573,-4.975783096412007,4.956854944359668,-4.9892979635346
99.0,65.0,130.90074157714844,4.990118712095351,-4.998159915772124,4.914951705841554,4.995278965836814,4.999450208768675,-4.95861182671451,4.986976350628607,-4.947255423192676,4.983772632908943,-4.97998189424257
99.0,65.0,131.0753173828125,4.9035031437931735,-4.91980976206203,4.989960995994903,4.981181711646306,4.998801170191996,-4.966084270840735,4.999557253752315,-4.92417352856072,4.978754906885555,-4.981206970283326
99.0,65.0,130.7295379638672,4.958356990925667,-4.920022344949127,4.960591001808665,4.996689926983388,4.945379041206239,-4.977122053788007,4.998784411528199,-4.961640534884133,4.979879906611057,-4.999755933560877
99.0,65.0,130.28326416015625,4.955157276346066,-4.965591773644494,4.9916262483518805,4.976032537578009,4.929659658929338,-4.995483815768833,4.997777796048681,-4.999932441817532,4.998191559410813,-4.99920078242155
99.0,65.0,130.86932373046875,4.99117005207493,-4.862056252804001,4.928898308910767,4.9986897907675845,4.988674056860267,-4.977023367732572,4.986263267958679,-4.974227443181941,4.991624463757128,-4.97199971013955
99.0,65.0,130.58993530273438,4.924092876777561,-4.996582410889627,4.938952866541319,4.976071758819314,4.9718849547787904,-4.998790009432946,4.988359258752908,-4.986309520542321,4.998866692631982,-4.975492872143256
99.0,65.0,130.67762756347656,4.991512483895653,-4.949083456136195,4.9776888656380365,4.994926469137589,4.956132867482511,-4.970320638978396,4.994192199153382,-4.992404285683561,4.968033898911012,-4.987718034252998
99.0,65.0,130.9405059814453,4.804866779308991,-4.974327100073471,4.985001113621736,4.9914561910067,4.803115046813445,-4.998998558060335,4.993801435714825,-4.9670863192043,4.999998343710196,-4.999244296584264
99.0,65.0,130.45773315429688,4.931807494815643,-4.967121058953356,4.935808012062237,4.987422057182331,4.966122209218186,-4.998964638637522,4.993824788726261,-4.996270545463238,4.998782129794513,-4.982923783137686
99.0,65.0,130.95335388183594,4.871158362927647,-4.863731227392738,4.995087766912501,4.997821543704246,4.822890246436451,-4.9996988012716965,4.994966331081941,-4.99725836054242,4.995371328250458,-4.981760883646187
99.0,65.0,130.7186279296875,4.99898244461868,-4.9649830031809685,4.930780737739899,4.999251004869016,4.916018702895361,-4.970420925946318,4.991454727165141,-4.985607361424793,4.999999447432391,-4.97943256156687
99.0,65.0,131.05262756347656,4.860977767748473,-4.996735570984722,4.9402079731835205,4.985861409795803,4.980896168544566,-4.998791697856893,4.9710778926920725,-4.956616000506245,4.955020604760117,-4.9904596528432
99.0,65.0,130.86720275878906,4.989663759852292,-4.961686386927473,4.964433979610729,4.983937585867217,4.974058049927439,-4.974600438983574,4.99912031684559,-4.925196027136233,4.9788333323602725,-4.995011832783272
99.0,65.0,131.06753540039062,4.97116079261297,-4.880313809165768,4.952337628362463,4.981948515196378,4.83218783988793,-4.999908048357405,4.9996607235254364,-4.999993840113111,4.978156807439805,-4.975599951322415
99.0,65.0,131.2027130126953,4.994547628677033,-4.944649247815669,4.9952525045539815,4.982533391481542,4.950926799413198,-4.961592584615323,4.969613130083793,-4.936489285487023,4.988233104493759,-4.969094479210382
99.0,65.0,130.51202392578125,4.960840674546906,-4.970295034958708,4.971832924534949,4.982122867851252,4.999949490528902,-4.958708206702561,4.992014454521467,-4.984628771063628,4.995784012564865,-4.984508354605213
99.0,65.0,130.76551818847656,4.988397934161673,-4.992715407072602,4.879938392744366,4.989488273866787,4.997774299768525,-4.96963117087364,4.98146748488141,-4.978443291803076,4.9727747582339,-4.990348523845819
99.0,65.0,131.15310668945312,4.705973953325448,-4.948785662085975,4.949530116926451,4.974025921396547,4.89724806213188,-4.998806998325065,4.948938121746369,-4.974931465439106,4.996892914883791,-4.993246656675348
99.0,65.0,130.59339904785156,4.947875883798192,-4.898143357785897,4.924683800870826,4.99728011879872,4.999713582478205,-4.976506944198887,4.991710102658189,-4.992506788391879,4.994917073415476,-4.981345029995162
99.0,65.0,130.98199462890625,4.994486014078039,-4.929261084799332,4.88692385319299,4.994880770478325,4.999666015472055,-4.95433705508473,4.980524674857879,-4.960800780848983,4.994782182862172,-4.972906792791868
99.0,65.0,130.663818359375,4.954210196093493,-4.99987841181016,4.886884255655963,4.989130415419817,4.999910387712685,-4.973737732459357,4.990863793019143,-4.97257293494014,4.997733797758482,-4.979694464548386
99.0,65.0,130.9681396484375,4.856795637126916,-4.960783135433964,4.985931472451772,4.996603838681586,4.898262006446716,-4.984988937955425,4.987467261208904,-4.923279813576892,4.999923373715253,-4.999593008146047
99.0,65.0,131.04931640625,4.816687175578084,-4.9610355552138685,4.999996973586776,4.998691899114549,4.996779202064218,-4.999546496556238,4.989941345900786,-4.948690143052371,4.947507514865778,-4.984215365361291
99.0,65.0,130.68934631347656,4.99972562103281,-4.850731258386379,4.878223618001437,4.992319528733789,4.999621266041382,-4.9808959020431205,4.999478441138,-4.973729739474189,4.983241967235188,-4.996645762162236
99.0,65.0,130.53274536132812,4.858442772070145,-4.993236479202691,4.973849225523484,4.985430897130714,4.949261955087074,-4.97917457278508,4.995375460656218,-4.983262069616284,4.997286507825004,-4.993510328537578
99.0,65.0,130.70033264160156,4.966613618458608,-4.964473680735819,4.992122669013249,4.97301963731795,4.873974891250201,-4.9998981307016495,4.997200475750436,-4.966816296430837,4.992099825693751,-4.995802758194444
99.0,65.0,130.64535522460938,4.922727405607134,-4.973054038292416,4.999937042266271,4.990787864707554,4.822283077172569,-4.999050652019951,4.992744567823704,-4.999851892975407,4.999997351951327,-4.990286607983993
99.0,65.0,130.62045288085938,4.827933424430745,-4.977354453199526,4.963135266613882,4.985724148631802,4.915792053515057,-4.971608542879213,4.996299829453569,-4.997655654747446,4.997452190771056,-4.994410917990029
99.0,65.0,130.6562042236328,4.92220595281085,-4.958309316534959,4.995047284977596,4.98313017870583,4.931973005619152,-4.964311661209733,4.98190853629976,-4.985518803429445,4.995976150538301,-4.992323307491408
99.0,65.0,131.29884338378906,4.913837292634133,-4.935778616949036,4.850652938371397,4.654018646797392,4.995699033634258,-4.998328538212051,4.979686238957975,-4.985665700869677,4.996430118060078,-4.997431875880311
99.0,65.0,130.80233764648438,4.968024887700275,-4.978407481699287,4.981376583943721,4.981826097462053,4.892837687463863,-4.999865571737371,4.998981179110303,-4.999991695586724,4.97452676302678,-4.971212486755231
99.0,65.0,131.02244567871094,4.8254216348278245,-4.83175143933784,4.967370879234268,4.949521327724765,4.931519509257109,-4.979992285472312,4.973757032166351,-4.999740755244414,4.974626697599477,-4.999857818055776
99.0,65.0,131.0817108154297,4.976892236629042,-4.922876752689033,4.897898775018396,4.977067257150692,4.939170271679221,-4.965056651418977,4.999764864184916,-4.950307455091791,4.995342738809964,-4.977431349718513
99.0,65.0,130.61705017089844,4.930703506923658,-4.978676075974192,4.9944649378693935,4.981382423903361,4.809653030129887,-4.999932219992477,4.999725976009284,-4.998497600175028,4.997840958984467,-4.996972474038024
99.0,65.0,130.76426696777344,4.895995733588011,-4.949836191090917,4.88029321040478,4.943865337820972,4.991738049750318,-4.999412656146515,4.978636105997273,-4.999606026344752,4.99407522679712,-4.97813392408579
99.0,65.0,130.80606079101562,4.938978153800445,-4.9493809004088,4.932080403561773,4.989359746000574,4.891296243848034,-4.971980511784501,4.999666422276817,-4.977600215338695,4.996148085736094,-4.990908948472729
99.0,65.0,130.75390625,4.999999042398451,-4.93202125331468,4.999967070802804,4.936801725445895,4.9431139117984735,-4.999536473054537,4.952376432515889,-4.983464850607907,4.986430156419526,-4.993900504265862
99.0,65.0,130.6876678466797,4.98552318433122,-4.878001557011851,4.993318103653259,4.997983030115817,4.8599410627152375,-4.99791410163026,4.999779059036844,-4.9951656023961135,4.98881558883647,-4.989738310622462
99.0,65.0,131.16964721679688,4.876576537492147,-4.963671571407049,4.815797270839597,4.945369239147686,4.9406299123384905,-4.999051073388593,4.954796373409982,-4.956391616887814,4.994634638225664,-4.999074914249586
99.0,65.0,130.5468292236328,4.9972757759395074,-4.882948871475794,4.934200118890889,4.987874695829649,4.95712645275223,-4.968289298584693,4.998110424227329,-4.997428949545896,4.99193066425819,-4.994657765860852
99.0,65.0,131.2897186279297,4.820379935172783,-4.99003030023831,4.937499021945198,4.996164294975966,4.961457740051556,-4.999559944243408,4.996481249085099,-4.934209607702201,4.950888612036749,-4.979881215529296
99.0,65.0,130.48081970214844,4.9593757059305545,-4.926534687184874,4.999937288020861,4.975210345904811,4.888950120962472,-4.999967906406908,4.998421571289526,-4.999931799826281,4.999998383092182,-4.990875540538045
99.0,65.0,130.51126098632812,4.999722837812725,-4.971175047324207,4.9999602716609886,4.995880912434382,4.975572648583172,-4.981557243149148,4.991988822301926,-4.971085240708837,4.99020383812954,-4.983950320180675
99.0,65.0,131.13958740234375,4.891403929021347,-4.980296991717673,4.858354349896247,4.922372985940662,4.918862261794477,-4.999467594907097,4.999403672849306,-4.973759687354411,4.985812514302138,-4.977928822320487
99.0,65.0,130.72372436523438,4.994129430164344,-4.959804550380188,4.914468881702918,4.961615100887974,4.976686535556357,-4.971894460087721,4.96022952698039,-4.993516890214277,4.988342421553811,-4.992272709339499
99.0,65.0,130.68466186523438,4.981218442657778,-4.947016971566758,4.985168636435463,4.999956293072124,4.840256996035417,-4.998905655348545,4.986680387060446,-4.976087414541119,4.999946110263641,-4.996510340756815
99.0,65.0,131.04043579101562,4.922012094779493,-4.867649752784336,4.976385796773215,4.945281193539064,4.9235026779191005,-4.999554499030928,4.952862102635608,-4.991803208375652,4.981619914406921,-4.987417028375347
99.0,65.0,130.8421173095703,4.94000850975031,-4.999853914749584,4.995476780294328,4.996876987679104,4.99579295127001,-4.985572910992131,4.994941512332696,-4.910702943011038,4.969605363850671,-4.99737271630177
99.0,65.0,130.82627868652344,4.812047975168117,-4.840395907821062,4.960672793893693,4.999912905743774,4.97460363418381,-4.999352446963753,4.99304496251661,-4.983709739225894,4.991492919237988,-4.978610582474207
99.0,66.0,130.8807373046875,4.991319092379675,-4.95442163704252,4.9977147024045525,4.979286755262846,4.811042284658816,-4.99986863905716,4.993628274917528,-4.9567247309697775,4.992681815928315,-4.999087060932104
99.0,66.0,130.90074157714844,4.990118712095351,-4.998159915772124,4.914951705841554,4.995278965836814,4.999450208768675,-4.95861182671451,4.986976350628607,-4.947255423192676,4.983772632908943,-4.97998189424257
99.0,66.0,131.0753173828125,4.9035031437931735,-4.91980976206203,4.989960995994903,4.981181711646306,4.998801170191996,-4.966084270840735,4.999557253752315,-4.92417352856072,4.978754906885555,-4.981206970283326
99.0,66.0,130.7295379638672,4.958356990925667,-4.920022344949127,4.960591001808665,4.996689926983388,4.945379041206239,-4.977122053788007,4.998784411528199,-4.961640534884133,4.979879906611057,-4.999755933560877
99.0,66.0,130.28326416015625,4.955157276346066,-4.965591773644494,4.9916262483518805,4.976032537578009,4.929659658929338,-4.995483815768833,4.997777796048681,-4.999932441817532,4.998191559410813,-4.99920078242155
99.0,66.0,130.61788940429688,4.99117005207493,-4.957523152594797,4.995948312447817,4.954055191122959,4.879652462622401,-4.999968860356577,4.9790134744098165,-4.998979406421526,4.991056865339132,-4.994300577878823
99.0,66.0,130.58993530273438,4.924092876777561,-4.996582410889627,4.938952866541319,4.976071758819314,4.9718849547787904,-4.998790009432946,4.988359258752908,-4.986309520542321,4.998866692631982,-4.975492872143256
99.0,66.0,130.67762756347656,4.991512483895653,-4.949083456136195,4.9776888656380365,4.994926469137589,4.956132867482511,-4.970320638978396,4.994192199153382,-4.992404285683561,4.968033898911012,-4.987718034252998
99.0,66.0,130.9405059814453,4.804866779308991,-4.974327100073471,4.985001113621736,4.9914561910067,4.803115046813445,-4.998998558060335,4.993801435714825,-4.9670863192043,4.999998343710196,-4.999244296584264
99.0,66.0,130.45773315429688,4.931807494815643,-4.967121058953356,4.935808012062237,4.987422057182331,4.966122209218186,-4.998964638637522,4.993824788726261,-4.996270545463238,4.998782129794513,-4.982923783137686
99.0,66.0,130.70159912109375,4.833522832416088,-4.99245358258744,4.949459068404552,4.964140469941264,4.999902482275153,-4.9996988012716965,4.9749467249618045,-4.980894149412608,4.995371328250458,-4.978789229227821
99.0,66.0,130.7186279296875,4.99898244461868,-4.9649830031809685,4.930780737739899,4.999251004869016,4.916018702895361,-4.970420925946318,4.991454727165141,-4.985607361424793,4.999999447432391,-4.97943256156687
99.0,66.0,130.91802978515625,4.973199477034343,-4.893882007664592,4.896561036884021,4.993310709030589,4.974491733691883,-4.960966869640812,4.996425772344304,-4.9647879904419625,4.991961641638994,-4.981765499550507
99.0,66.0,130.72518920898438,4.948159024124162,-4.948793874569192,4.999954549502076,4.982205638729965,4.850531735042582,-4.999976079860948,4.9993227653026695,-4.993978793068648,4.994689581213212,-4.981124013758134
99.0,66.0,130.8734588623047,4.936002345116426,-4.999982600045953,4.862668030402677,4.988910643567007,4.999983069945613,-4.981023235603349,4.99537078695724,-4.978037832002794,4.97321641691923,-4.975599951322415
99.0,66.0,131.2027130126953,4.994547628677033,-4.944649247815669,4.9952525045539815,4.982533391481542,4.950926799413198,-4.961592584615323,4.969613130083793,-4.936489285487023,4.988233104493759,-4.969094479210382
99.0,66.0,130.51202392578125,4.960840674546906,-4.970295034958708,4.971832924534949,4.982122867851252,4.999949490528902,-4.958708206702561,4.992014454521467,-4.984628771063628,4.995784012564865,-4.984508354605213
99.0,66.0,130.34695434570312,4.75559083176448,-4.992715407072602,4.927521466547135,4.972122164176414,4.997774299768525,-4.999366154228517,4.998312923671564,-4.998644689633165,4.999998904020749,-4.999596079040105
99.0,66.0,130.874755859375,4.989186939383909,-4.99856775687693,4.906440925127972,4.988311449036221,4.975983942270679,-4.966538018263394,4.982708533129006,-4.974931465439106,4.959333170981669,-4.993535025974737
99.0,66.0,130.59339904785156,4.947875883798192,-4.898143357785897,4.924683800870826,4.99728011879872,4.999713582478205,-4.976506944198887,4.991710102658189,-4.992506788391879,4.994917073415476,-4.981345029995162
99.0,66.0,130.91648864746094,4.977706748924416,-4.88398715747651,4.841816446333114,4.980783554518275,4.9595884279335145,-4.993506769006501,4.963882827787511,-4.990336487345488,4.999564329427182,-4.98093368212268
99.0,66.0,130.663818359375,4.954210196093493,-4.99987841181016,4.886884255655963,4.989130415419817,4.999910387712685,-4.973737732459357,4.990863793019143,-4.97257293494014,4.997733797758482,-4.979694464548386
99.0,66.0,130.81993103027344,4.92040780540215,-4.9127342145960124,4.985931472451772,4.996603838681586,4.811195293232365,-4.998953627223709,4.987467261208904,-4.999983215301309,4.999923373715253,-4.987484216540452
99.0,66.0,130.5965118408203,4.937910609106642,-4.9969185390884245,4.968973999267057,4.9679017044780025,4.963224278479874,-4.998804691046963,4.987126285489717,-4.980917561088392,4.99684256261081,-4.977939777004114
99.0,66.0,130.68934631347656,4.99972562103281,-4.850731258386379,4.878223618001437,4.992319528733789,4.999621266041382,-4.9808959020431205,4.999478441138,-4.973729739474189,4.983241967235188,-4.996645762162236
99.0,66.0,130.53274536132812,4.858442772070145,-4.993236479202691,4.973849225523484,4.985430897130714,4.949261955087074,-4.97917457278508,4.995375460656218,-4.983262069616284,4.997286507825004,-4.993510328537578
99.0,66.0,130.70033264160156,4.966613618458608,-4.964473680735819,4.992122669013249,4.97301963731795,4.873974891250201,-4.9998981307016495,4.997200475750436,-4.966816296430837,4.992099825693751,-4.995802758194444
99.0,66.0,130.64535522460938,4.922727405607134,-4.973054038292416,4.999937042266271,4.990787864707554,4.822283077172569,-4.999050652019951,4.992744567823704,-4.999851892975407,4.999997351951327,-4.990286607983993
99.0,66.0,130.62045288085938,4.827933424430745,-4.977354453199526,4.963135266613882,4.985724148631802,4.915792053515057,-4.971608542879213,4.996299829453569,-4.997655654747446,4.997452190771056,-4.994410917990029
99.0,66.0,130.58560180664062,4.987385325756891,-4.881504653489251,4.995503434072387,4.998880090281238,4.935942499806343,-4.9612582308681095,4.999707636762703,-4.980873047890436,4.9945750320029845,-4.994916812809082
99.0,66.0,131.18836975097656,4.876281714036055,-4.957889523801811,4.94735278912729,4.989395120336568,4.921775444760225,-4.973194260114869,4.968693126674758,-4.920072037775265,4.994998804786752,-4.996128971605021
99.0,66.0,130.80233764648438,4.968024887700275,-4.978407481699287,4.981376583943721,4.981826097462053,4.892837687463863,-4.999865571737371,4.998981179110303,-4.999991695586724,4.97452676302678,-4.971212486755231
99.0,66.0,130.80108642578125,4.970926950398939,-4.953778767725343,4.953177307959006,4.999964340199543,4.8271281420298,-4.970524356048038,4.999961667412157,-4.999740755244414,4.999999686520355,-4.983824883437403
99.0,66.0,130.90750122070312,4.976892236629042,-4.916506743242116,4.999985383950559,4.93402638144611,4.93125578687793,-4.999635990488591,4.96120284849798,-4.956841218274485,4.989459443482712,-4.996232158734588
99.0,66.0,130.61705017089844,4.930703506923658,-4.978676075974192,4.9944649378693935,4.981382423903361,4.809653030129887,-4.999932219992477,4.999725976009284,-4.998497600175028,4.997840958984467,-4.996972474038024
99.0,66.0,130.63226318359375,4.8291569553673535,-4.998552578190262,4.996015342998932,4.989727256934168,4.925015151430528,-4.9782425151614405,4.993239028490867,-4.984483800328917,4.996588777706731,-4.9890571951499405
99.0,66.0,130.6303253173828,4.999839529515014,-4.986120254268316,4.932080403561773,4.999559163687789,4.931775132582176,-4.982119853982853,4.997443260104252,-4.977600215338695,4.990677860179878,-4.985813228862012
99.0,66.0,130.75390625,4.999999042398451,-4.93202125331468,4.999967070802804,4.936801725445895,4.9431139117984735,-4.999536473054537,4.952376432515889,-4.983464850607907,4.986430156419526,-4.993900504265862
99.0,66.0,130.68080139160156,4.956924903442217,-4.943074374753259,4.993318103653259,4.992000368105593,4.980452495758085,-4.990328894740281,4.985937211428416,-4.977843108514007,4.98881558883647,-4.972171720538605
99.0,66.0,130.88174438476562,4.938061647988627,-4.98543735538234,4.979467162232925,4.997226869226356,4.930604376893781,-4.982215663453861,4.999908389366156,-4.9919816396049015,4.962144278003153,-4.972152954334858
99.0,66.0,130.5468292236328,4.9972757759395074,-4.882948871475794,4.934200118890889,4.987874695829649,4.95712645275223,-4.968289298584693,4.998110424227329,-4.997428949545896,4.99193066425819,-4.994657765860852
99.0,66.0,130.98411560058594,4.956703579822188,-4.909029605349215,4.973360665638618,4.9996445556951405,4.999824695945483,-4.974774910797059,4.976634235607627,-4.985597703589495,4.950888612036749,-4.977176594741096
99.0,66.0,130.48081970214844,4.9593757059305545,-4.926534687184874,4.999937288020861,4.975210345904811,4.888950120962472,-4.999967906406908,4.998421571289526,-4.999931799826281,4.999998383092182,-4.990875540538045
99.0,66.0,130.51126098632812,4.999722837812725,-4.971175047324207,4.9999602716609886,4.995880912434382,4.975572648583172,-4.981557243149148,4.991988822301926,-4.971085240708837,4.99020383812954,-4.983950320180675
99.0,66.0,130.93954467773438,4.896686253032671,-4.898262148836012,4.986050145000616,4.977276571695344,4.806183742927944,-4.999272570067837,4.9832965657146815,-4.995557401738835,4.989868367632294,-4.997563004208836
99.0,66.0,130.72372436523438,4.994129430164344,-4.959804550380188,4.914468881702918,4.961615100887974,4.976686535556357,-4.971894460087721,4.96022952698039,-4.993516890214277,4.988342421553811,-4.992272709339499
99.0,66.0,130.68466186523438,4.981218442657778,-4.947016971566758,4.985168636435463,4.999956293072124,4.840256996035417,-4.998905655348545,4.986680387060446,-4.976087414541119,4.999946110263641,-4.996510340756815
99.0,66.0,130.6680145263672,4.968079012664664,-4.945785668006288,4.9916881428749456,4.984673533652355,4.909253487041054,-4.949742152061187,4.9793952753397805,-4.996295641856744,4.999288986832008,-4.992098980510195
99.0,66.0,130.8421173095703,4.94000850975031,-4.999853914749584,4.995476780294328,4.996876987679104,4.99579295127001,-4.985572910992131,4.994941512332696,-4.910702943011038,4.969605363850671,-4.99737271630177
99.0,66.0,130.82627868652344,4.812047975168117,-4.840395907821062,4.960672793893693,4.999912905743774,4.97460363418381,-4.999352446963753,4.99304496251661,-4.983709739225894,4.991492919237988,-4.978610582474207
99.0,67.0,130.8807373046875,4.991319092379675,-4.95442163704252,4.9977147024045525,4.979286755262846,4.811042284658816,-4.99986863905716,4.993628274917528,-4.9567247309697775,4.992681815928315,-4.999087060932104
99.0,67.0,130.74417114257812,4.920242542069468,-4.956132084877927,4.996832786816754,4.991004788079785,4.972022368692529,-4.98043386181406,4.986712547393394,-4.97133887059053,4.988067777851716,-4.977464993238551
99.0,67.0,130.78733825683594,4.817788070397864,-4.897686207521272,4.992985033291122,4.999936276219841,4.982801391352392,-4.9858680715922,4.99577910343334,-4.976007228272703,4.978754906885555,-4.984911254400235
99.0,67.0,130.7295379638672,4.958356990925667,-4.920022344949127,4.960591001808665,4.996689926983388,4.945379041206239,-4.977122053788007,4.998784411528199,-4.961640534884133,4.979879906611057,-4.999755933560877
99.0,67.0,130.28326416015625,4.955157276346066,-4.965591773644494,4.9916262483518805,4.976032537578009,4.929659658929338,-4.995483815768833,4.997777796048681,-4.999932441817532,4.998191559410813,-4.99920078242155
99.0,67.0,130.59515380859375,4.88851287221987,-4.935978186194632,4.965488988662486,4.982257042875569,4.987338959648065,-4.970996974785908,4.994018875226301,-4.983684788881828,4.9988749249981606,-4.985225348471769
99.0,67.0,130.58993530273438,4.924092876777561,-4.996582410889627,4.938952866541319,4.976071758819314,4.9718849547787904,-4.998790009432946,4.988359258752908,-4.986309520542321,4.998866692631982,-4.975492872143256
99.0,67.0,130.67762756347656,4.991512483895653,-4.949083456136195,4.9776888656380365,4.994926469137589,4.956132867482511,-4.970320638978396,4.994192199153382,-4.992404285683561,4.968033898911012,-4.987718034252998
99.0,67.0,130.44776916503906,4.951885366609909,-4.92471083973698,4.968987600646546,4.999036175181342,4.932596213649973,-4.995476337052754,4.993801435714825,-4.998156500441457,4.998909307727799,-4.988717450598316
99.0,67.0,130.45773315429688,4.931807494815643,-4.967121058953356,4.935808012062237,4.987422057182331,4.966122209218186,-4.998964638637522,4.993824788726261,-4.996270545463238,4.998782129794513,-4.982923783137686
99.0,67.0,130.70159912109375,4.833522832416088,-4.99245358258744,4.949459068404552,4.964140469941264,4.999902482275153,-4.9996988012716965,4.9749467249618045,-4.980894149412608,4.995371328250458,-4.978789229227821
99.0,67.0,130.69552612304688,4.996819567081415,-4.98655169557448,4.883751620376341,4.999251004869016,4.964861658272706,-4.9789157428519175,4.998017471624101,-4.987556978205257,4.974626532499407,-4.98580572791928
99.0,67.0,130.90011596679688,4.90729710714287,-4.930535065206479,4.986504889559839,4.9912948665804695,4.725795560418266,-4.99949965589464,4.994361643499338,-4.999984106491136,4.999931589140585,-4.999884593290161
99.0,67.0,130.72518920898438,4.948159024124162,-4.948793874569192,4.999954549502076,4.982205638729965,4.850531735042582,-4.999976079860948,4.9993227653026695,-4.993978793068648,4.994689581213212,-4.981124013758134
99.0,67.0,130.79913330078125,4.99709008145966,-4.926973753628195,4.930558298552183,4.999704588867552,4.944163721487332,-4.951065611202084,4.994105157446811,-4.976554182159248,4.999999995563814,-4.979740679032
99.0,67.0,130.73878479003906,4.934277901648546,-4.957431136322006,4.981566060099315,4.94205862680939,4.956534878074766,-4.985356791290689,4.969613130083793,-4.98232677806849,4.985157060258963,-4.995668192991854
99.0,67.0,130.51202392578125,4.960840674546906,-4.970295034958708,4.971832924534949,4.982122867851252,4.999949490528902,-4.958708206702561,4.992014454521467,-4.984628771063628,4.995784012564865,-4.984508354605213
99.0,67.0,130.34695434570312,4.75559083176448,-4.992715407072602,4.927521466547135,4.972122164176414,4.997774299768525,-4.999366154228517,4.998312923671564,-4.998644689633165,4.999998904020749,-4.999596079040105
99.0,67.0,130.874755859375,4.989186939383909,-4.99856775687693,4.906440925127972,4.988311449036221,4.975983942270679,-4.966538018263394,4.982708533129006,-4.974931465439106,4.959333170981669,-4.993535025974737
99.0,67.0,130.59339904785156,4.947875883798192,-4.898143357785897,4.924683800870826,4.99728011879872,4.999713582478205,-4.976506944198887,4.991710102658189,-4.992506788391879,4.994917073415476,-4.981345029995162
99.0,67.0,130.91648864746094,4.977706748924416,-4.88398715747651,4.841816446333114,4.980783554518275,4.9595884279335145,-4.993506769006501,4.963882827787511,-4.990336487345488,4.999564329427182,-4.98093368212268
99.0,67.0,130.4362030029297,4.987513255969399,-4.99987841181016,4.991378984376725,4.989130415419817,4.979427704740585,-4.936603980888727,4.993032990520741,-4.979094922331104,4.997733797758482,-4.995822999072184
99.0,67.0,130.7315216064453,4.970502078954848,-4.9321350840075215,4.966098116497264,4.995825459947122,4.950224238791181,-4.966744032338559,4.998503207916221,-4.970339275446441,4.978175123609324,-4.994662382843716
99.0,67.0,130.5965118408203,4.937910609106642,-4.9969185390884245,4.968973999267057,4.9679017044780025,4.963224278479874,-4.998804691046963,4.987126285489717,-4.980917561088392,4.99684256261081,-4.977939777004114
99.0,67.0,130.66775512695312,4.975452900185889,-4.999828192243459,4.937064760918444,4.987973308977654,4.999621266041382,-4.977761359775805,4.980587112404364,-4.978669678893821,4.961836321131558,-4.996604619247382
99.0,67.0,130.5253448486328,4.999668313604652,-4.990340102497617,4.973849225523484,4.979123524680475,4.8935349301521205,-4.996943964671944,4.989853897732469,-4.983262069616284,4.997328843261513,-4.993510328537578
99.0,67.0,130.68023681640625,4.904513692851788,-4.996790948214157,4.924885793407391,4.998732330021992,4.975554331723307,-4.978375876256958,4.989306917022595,-4.986891480770181,4.999625122442367,-4.970796797312932
99.0,67.0,130.64535522460938,4.922727405607134,-4.973054038292416,4.999937042266271,4.990787864707554,4.822283077172569,-4.999050652019951,4.992744567823704,-4.999851892975407,4.999997351951327,-4.990286607983993
99.0,67.0,130.62045288085938,4.827933424430745,-4.977354453199526,4.963135266613882,4.985724148631802,4.915792053515057,-4.971608542879213,4.996299829453569,-4.997655654747446,4.997452190771056,-4.994410917990029
99.0,67.0,130.43629455566406,4.969556611663002,-4.914068018975012,4.954149403373096,4.972210131845133,4.96906330376613,-4.996271369597419,4.9975361829116025,-4.98692693393242,4.98981269976823,-4.999335323340349
99.0,67.0,131.01077270507812,4.994699176523605,-4.957889523801811,4.998831371663968,4.9549721694204365,4.807968263014516,-4.999999511834616,4.972128760847363,-4.956826121465589,4.994998804786752,-4.9992821487962456
99.0,67.0,130.6662139892578,4.716724778606373,-4.978407481699287,4.959999339114134,4.95604582751136,4.999907983214556,-4.99984514492385,4.982748920233084,-4.992750761509638,4.999511097842153,-4.981819755760505
99.0,67.0,130.80108642578125,4.970926950398939,-4.953778767725343,4.953177307959006,4.999964340199543,4.8271281420298,-4.970524356048038,4.999961667412157,-4.999740755244414,4.999999686520355,-4.983824883437403
99.0,67.0,130.81642150878906,4.973551321467031,-4.940825313021796,4.995403576452135,4.996736790812722,4.786096346174811,-4.999513637753397,4.98309847628922,-4.980022541226372,4.999966109338825,-4.998027040104943
99.0,67.0,130.40536499023438,4.915361271099792,-4.997486470846813,4.9944649378693935,4.981382423903361,4.988099337091299,-4.9718833560849,4.995405852957863,-4.99685376232499,4.9916734218861,-4.985436789856353
99.0,67.0,130.63226318359375,4.8291569553673535,-4.998552578190262,4.996015342998932,4.989727256934168,4.925015151430528,-4.9782425151614405,4.993239028490867,-4.984483800328917,4.996588777706731,-4.9890571951499405
99.0,67.0,130.61856079101562,4.9613787882474965,-4.926470344536689,4.999943047292519,4.97919351796086,4.931775132582176,-4.999975017165355,4.998206933977254,-4.966264355330402,4.998192856557902,-4.985813228862012
99.0,67.0,130.63223266601562,4.980949717962056,-4.93840298634116,4.994858844088983,4.969933598318676,4.913623436666494,-4.999915973908864,4.996548273390557,-4.967533396256464,4.993178537747609,-4.992754291444456
99.0,67.0,130.68080139160156,4.956924903442217,-4.943074374753259,4.993318103653259,4.992000368105593,4.980452495758085,-4.990328894740281,4.985937211428416,-4.977843108514007,4.98881558883647,-4.972171720538605
99.0,67.0,130.88174438476562,4.938061647988627,-4.98543735538234,4.979467162232925,4.997226869226356,4.930604376893781,-4.982215663453861,4.999908389366156,-4.9919816396049015,4.962144278003153,-4.972152954334858
99.0,67.0,130.5468292236328,4.9972757759395074,-4.882948871475794,4.934200118890889,4.987874695829649,4.95712645275223,-4.968289298584693,4.998110424227329,-4.997428949545896,4.99193066425819,-4.994657765860852
99.0,67.0,130.93783569335938,4.920658586167145,-4.986761044491108,4.951309833757419,4.9996445556951405,4.976678035877773,-4.981748917421797,4.976634235607627,-4.995551183801851,4.965485430053534,-4.965713466806479
99.0,67.0,130.48081970214844,4.9593757059305545,-4.926534687184874,4.999937288020861,4.975210345904811,4.888950120962472,-4.999967906406908,4.998421571289526,-4.999931799826281,4.999998383092182,-4.990875540538045
99.0,67.0,130.51126098632812,4.999722837812725,-4.971175047324207,4.9999602716609886,4.995880912434382,4.975572648583172,-4.981557243149148,4.991988822301926,-4.971085240708837,4.99020383812954,-4.983950320180675
99.0,67.0,130.6072235107422,4.973960713872574,-4.987419132377433,4.860284757253909,4.964913612857111,4.9807248630463805,-4.977967034009738,4.970854858448065,-4.995557401738835,4.993092768186172,-4.997563004208836
99.0,67.0,130.72372436523438,4.994129430164344,-4.959804550380188,4.914468881702918,4.961615100887974,4.976686535556357,-4.971894460087721,4.96022952698039,-4.993516890214277,4.988342421553811,-4.992272709339499
99.0,67.0,130.68466186523438,4.981218442657778,-4.947016971566758,4.985168636435463,4.999956293072124,4.840256996035417,-4.998905655348545,4.986680387060446,-4.976087414541119,4.999946110263641,-4.996510340756815
99.0,67.0,130.60806274414062,4.927605622099118,-4.958744353812512,4.934685227434019,4.9791249785965634,4.909253487041054,-4.999986284534796,4.994644515034063,-4.989090290593708,4.999114086007651,-4.990492153513401
99.0,67.0,130.62030029296875,4.827424066928301,-4.999853914749584,4.943462123507785,4.9964639391710906,4.944006513636941,-4.985572910992131,4.996481249572906,-4.978510022276373,4.987392952530493,-4.998851114501445
99.0,67.0,130.82627868652344,4.812047975168117,-4.840395907821062,4.960672793893693,4.999912905743774,4.97460363418381,-4.999352446963753,4.99304496251661,-4.983709739225894,4.991492919237988,-4.978610582474207
99.0,68.0,130.69969177246094,4.901936311104269,-4.9332923318088095,4.990398737326672,4.9977044177293,4.956736383275676,-4.976730820656407,4.990523983410342,-4.986212155343534,4.989120402916592,-4.980407291031563
99.0,68.0,130.52435302734375,4.924514990844633,-4.936678836357077,4.997969449052041,4.991004788079785,4.920234838176232,-4.999234607457767,4.996718834717961,-4.998457744506961,4.999063626050757,-4.979580051302291
99.0,68.0,130.60711669921875,4.834867900874624,-4.997739630163427,4.934100437741264,4.9829584219317855,4.993990043633326,-4.999949340314281,4.99577910343334,-4.977914193408098,4.988513383723257,-4.984911254400235
99.0,68.0,130.7295379638672,4.958356990925667,-4.920022344949127,4.960591001808665,4.996689926983388,4.945379041206239,-4.977122053788007,4.998784411528199,-4.961640534884133,4.979879906611057,-4.999755933560877
99.0,68.0,130.28326416015625,4.955157276346066,-4.965591773644494,4.9916262483518805,4.976032537578009,4.929659658929338,-4.995483815768833,4.997777796048681,-4.999932441817532,4.998191559410813,-4.99920078242155
99.0,68.0,130.59515380859375,4.88851287221987,-4.935978186194632,4.965488988662486,4.982257042875569,4.987338959648065,-4.970996974785908,4.994018875226301,-4.983684788881828,4.9988749249981606,-4.985225348471769
99.0,68.0,130.58993530273438,4.924092876777561,-4.996582410889627,4.938952866541319,4.976071758819314,4.9718849547787904,-4.998790009432946,4.988359258752908,-4.986309520542321,4.998866692631982,-4.975492872143256
99.0,68.0,130.67762756347656,4.991512483895653,-4.949083456136195,4.9776888656380365,4.994926469137589,4.956132867482511,-4.970320638978396,4.994192199153382,-4.992404285683561,4.968033898911012,-4.987718034252998
99.0,68.0,130.44776916503906,4.951885366609909,-4.92471083973698,4.968987600646546,4.999036175181342,4.932596213649973,-4.995476337052754,4.993801435714825,-4.998156500441457,4.998909307727799,-4.988717450598316
99.0,68.0,130.4338836669922,4.955905424027839,-4.882468560129355,4.948054630833628,4.990277612636824,4.954620289817774,-4.999501414771641,4.995950012925192,-4.999378067243208,4.995521268758548,-4.993856514693521
99.0,68.0,130.70159912109375,4.833522832416088,-4.99245358258744,4.949459068404552,4.964140469941264,4.999902482275153,-4.9996988012716965,4.9749467249618045,-4.980894149412608,4.995371328250458,-4.978789229227821
99.0,68.0,130.58920288085938,4.991654251664897,-4.956278874566755,4.956487664980796,4.990299689013238,4.990641312056312,-4.968093487139368,4.984531560672486,-4.985748305328021,4.967879920475214,-4.99994386670926
99.0,68.0,130.41793823242188,4.896432883186806,-4.992737070747029,4.997568880574043,4.979424413289107,4.9235089416199465,-4.99949965589464,4.999474177968412,-4.992348928083459,4.99516863223711,-4.992743707380237
99.0,68.0,130.72518920898438,4.948159024124162,-4.948793874569192,4.999954549502076,4.982205638729965,4.850531735042582,-4.999976079860948,4.9993227653026695,-4.993978793068648,4.994689581213212,-4.981124013758134
99.0,68.0,130.79913330078125,4.99709008145966,-4.926973753628195,4.930558298552183,4.999704588867552,4.944163721487332,-4.951065611202084,4.994105157446811,-4.976554182159248,4.999999995563814,-4.979740679032
99.0,68.0,130.5830078125,4.9893363982858485,-4.96805812794574,4.981566060099315,4.94205862680939,4.998787640128973,-4.966534918636343,4.972924806695133,-4.981832523884047,4.983475678487875,-4.999436440505912
99.0,68.0,130.51202392578125,4.960840674546906,-4.970295034958708,4.971832924534949,4.982122867851252,4.999949490528902,-4.958708206702561,4.992014454521467,-4.984628771063628,4.995784012564865,-4.984508354605213
99.0,68.0,130.34695434570312,4.75559083176448,-4.992715407072602,4.927521466547135,4.972122164176414,4.997774299768525,-4.999366154228517,4.998312923671564,-4.998644689633165,4.999998904020749,-4.999596079040105
99.0,68.0,130.5343780517578,4.980923263555628,-4.962244724396176,4.940453021984411,4.985974978232231,4.981805103393525,-4.939076564933464,4.996098427530665,-4.9839843078862485,4.999360165728288,-4.993535025974737
99.0,68.0,130.59339904785156,4.947875883798192,-4.898143357785897,4.924683800870826,4.99728011879872,4.999713582478205,-4.976506944198887,4.991710102658189,-4.992506788391879,4.994917073415476,-4.981345029995162
99.0,68.0,130.43528747558594,4.926670743730647,-4.9256560181779525,4.958841695816635,4.988300360830501,4.972750414205286,-4.964882372654584,4.998893131283937,-4.990336487345488,4.999564329427182,-4.998009882497604
99.0,68.0,130.4362030029297,4.987513255969399,-4.99987841181016,4.991378984376725,4.989130415419817,4.979427704740585,-4.936603980888727,4.993032990520741,-4.979094922331104,4.997733797758482,-4.995822999072184
99.0,68.0,130.45298767089844,4.99621478688014,-4.999216567255775,4.995735879964825,4.987921572185424,4.956390875248589,-4.936837353904759,4.998503207916221,-4.977310150232629,4.996063221733291,-4.999042742836373
99.0,68.0,130.5965118408203,4.937910609106642,-4.9969185390884245,4.968973999267057,4.9679017044780025,4.963224278479874,-4.998804691046963,4.987126285489717,-4.980917561088392,4.99684256261081,-4.977939777004114
99.0,68.0,130.49932861328125,4.927336681578355,-4.988386433698418,4.96726010166114,4.988784015174145,4.952288320060022,-4.998561754006353,4.992611143210645,-4.992515770968783,4.999326214886847,-4.977312222658462
99.0,68.0,130.5253448486328,4.999668313604652,-4.990340102497617,4.973849225523484,4.979123524680475,4.8935349301521205,-4.996943964671944,4.989853897732469,-4.983262069616284,4.997328843261513,-4.993510328537578
99.0,68.0,130.68023681640625,4.904513692851788,-4.996790948214157,4.924885793407391,4.998732330021992,4.975554331723307,-4.978375876256958,4.989306917022595,-4.986891480770181,4.999625122442367,-4.970796797312932
99.0,68.0,130.11407470703125,4.97655624353132,-4.973054038292416,4.994947332355745,4.977972809742403,4.982815098937847,-4.991097989973266,4.9986066755443135,-4.996553507914948,4.998885684057348,-4.99993072550302
99.0,68.0,130.62045288085938,4.827933424430745,-4.977354453199526,4.963135266613882,4.985724148631802,4.915792053515057,-4.971608542879213,4.996299829453569,-4.997655654747446,4.997452190771056,-4.994410917990029
99.0,68.0,130.41021728515625,4.841321287641744,-4.967194678988834,4.958267307303301,4.99446898226426,4.96906330376613,-4.996271369597419,4.993391482641028,-4.989273217716182,4.993628873859741,-4.999985284840923
99.0,68.0,130.75018310546875,4.985866947150215,-4.968890135032875,4.998831371663968,4.99901910674214,4.807968263014516,-4.976990714885879,4.989840608624119,-4.979965440411407,4.99996363382336,-4.99764535430764
99.0,68.0,130.6662139892578,4.716724778606373,-4.978407481699287,4.959999339114134,4.95604582751136,4.999907983214556,-4.99984514492385,4.982748920233084,-4.992750761509638,4.999511097842153,-4.981819755760505
99.0,68.0,130.80108642578125,4.970926950398939,-4.953778767725343,4.953177307959006,4.999964340199543,4.8271281420298,-4.970524356048038,4.999961667412157,-4.999740755244414,4.999999686520355,-4.983824883437403
99.0,68.0,130.48289489746094,4.843639002297767,-4.996122782425624,4.93930672655059,4.989086275606319,4.997694804515325,-4.983789492866572,4.998997863685394,-4.978550296697435,4.986490056260236,-4.998944059342182
99.0,68.0,130.40536499023438,4.915361271099792,-4.997486470846813,4.9944649378693935,4.981382423903361,4.988099337091299,-4.9718833560849,4.995405852957863,-4.99685376232499,4.9916734218861,-4.985436789856353
99.0,68.0,130.63226318359375,4.8291569553673535,-4.998552578190262,4.996015342998932,4.989727256934168,4.925015151430528,-4.9782425151614405,4.993239028490867,-4.984483800328917,4.996588777706731,-4.9890571951499405
99.0,68.0,130.61856079101562,4.9613787882474965,-4.926470344536689,4.999943047292519,4.97919351796086,4.931775132582176,-4.999975017165355,4.998206933977254,-4.966264355330402,4.998192856557902,-4.985813228862012
99.0,68.0,130.63223266601562,4.980949717962056,-4.93840298634116,4.994858844088983,4.969933598318676,4.913623436666494,-4.999915973908864,4.996548273390557,-4.967533396256464,4.993178537747609,-4.992754291444456
99.0,68.0,130.68080139160156,4.956924903442217,-4.943074374753259,4.993318103653259,4.992000368105593,4.980452495758085,-4.990328894740281,4.985937211428416,-4.977843108514007,4.98881558883647,-4.972171720538605
99.0,68.0,130.81617736816406,4.977271395374057,-4.876106226616063,4.897210706799234,4.999742149277847,4.954306660356142,-4.982215663453861,4.999908389366156,-4.983260115189635,4.998591633392311,-4.97250169449349
99.0,68.0,130.5468292236328,4.9972757759395074,-4.882948871475794,4.934200118890889,4.987874695829649,4.95712645275223,-4.968289298584693,4.998110424227329,-4.997428949545896,4.99193066425819,-4.994657765860852
99.0,68.0,130.93783569335938,4.920658586167145,-4.986761044491108,4.951309833757419,4.9996445556951405,4.976678035877773,-4.981748917421797,4.976634235607627,-4.995551183801851,4.965485430053534,-4.965713466806479
99.0,68.0,130.48081970214844,4.9593757059305545,-4.926534687184874,4.999937288020861,4.975210345904811,4.888950120962472,-4.999967906406908,4.998421571289526,-4.999931799826281,4.999998383092182,-4.990875540538045
99.0,68.0,130.51126098632812,4.999722837812725,-4.971175047324207,4.9999602716609886,4.995880912434382,4.975572648583172,-4.981557243149148,4.991988822301926,-4.971085240708837,4.99020383812954,-4.983950320180675
99.0,68.0,130.6072235107422,4.973960713872574,-4.987419132377433,4.860284757253909,4.964913612857111,4.9807248630463805,-4.977967034009738,4.970854858448065,-4.995557401738835,4.993092768186172,-4.997563004208836
99.0,68.0,130.72372436523438,4.994129430164344,-4.959804550380188,4.914468881702918,4.961615100887974,4.976686535556357,-4.971894460087721,4.96022952698039,-4.993516890214277,4.988342421553811,-4.992272709339499
99.0,68.0,130.6619110107422,4.981218442657778,-4.958650930679166,4.985168636435463,4.9928744288092055,4.888676256774346,-4.977708331454531,4.995483286063973,-4.989444954492078,4.988233846279459,-4.989927720055274
99.0,68.0,130.60806274414062,4.927605622099118,-4.958744353812512,4.934685227434019,4.9791249785965634,4.909253487041054,-4.999986284534796,4.994644515034063,-4.989090290593708,4.999114086007651,-4.990492153513401
99.0,68.0,130.56687927246094,4.965478696808502,-4.893439695794301,4.956069223430372,4.98011160407369,4.977424571667839,-4.985572910992131,4.9997053336220585,-4.991498041966058,4.97516522759298,-4.996439176198058
99.0,68.0,130.81683349609375,4.812047975168117,-4.895168982416267,4.9483978777158,4.999983955815631,4.9732125817380055,-4.97500218796122,4.99373317017647,-4.983338854435816,4.977615626853412,-4.994298141890743
99.0,69.0,130.69969177246094,4.901936311104269,-4.9332923318088095,4.990398737326672,4.9977044177293,4.956736383275676,-4.976730820656407,4.990523983410342,-4.986212155343534,4.989120402916592,-4.980407291031563
99.0,69.0,130.52435302734375,4.924514990844633,-4.936678836357077,4.997969449052041,4.991004788079785,4.920234838176232,-4.999234607457767,4.996718834717961,-4.998457744506961,4.999063626050757,-4.979580051302291
99.0,69.0,130.60711669921875,4.834867900874624,-4.997739630163427,4.934100437741264,4.9829584219317855,4.993990043633326,-4.999949340314281,4.99577910343334,-4.977914193408098,4.988513383723257,-4.984911254400235
99.0,69.0,130.4453125,4.87802928531412,-4.995367255664132,4.904242231611719,4.996689926983388,4.999039892059606,-4.9387721334650445,4.99615142237782,-4.999633116791117,4.999958308225546,-4.997631293049241
99.0,69.0,130.28326416015625,4.955157276346066,-4.965591773644494,4.9916262483518805,4.976032537578009,4.929659658929338,-4.995483815768833,4.997777796048681,-4.999932441817532,4.998191559410813,-4.99920078242155
99.0,69.0,130.59515380859375,4.88851287221987,-4.935978186194632,4.965488988662486,4.982257042875569,4.987338959648065,-4.970996974785908,4.994018875226301,-4.983684788881828,4.9988749249981606,-4.985225348471769
99.0,69.0,130.58993530273438,4.924092876777561,-4.996582410889627,4.938952866541319,4.976071758819314,4.9718849547787904,-4.998790009432946,4.988359258752908,-4.986309520542321,4.998866692631982,-4.975492872143256
99.0,69.0,130.67762756347656,4.991512483895653,-4.949083456136195,4.9776888656380365,4.994926469137589,4.956132867482511,-4.970320638978396,4.994192199153382,-4.992404285683561,4.968033898911012,-4.987718034252998
99.0,69.0,130.4243927001953,4.919363205399224,-4.954720811438126,4.988594079858501,4.997866300678291,4.958002225800053,-4.995155244738706,4.989886961949294,-4.985540689721884,4.9954857647943935,-4.992488415260169
99.0,69.0,130.40689086914062,4.964415475579441,-4.993358861652677,4.948054630833628,4.970305183261085,4.983600467190512,-4.994390285271455,4.9926365198993405,-4.991706230573076,4.993183737292883,-4.987406046311935
99.0,69.0,130.58746337890625,4.833522832416088,-4.999816247793106,4.966083240636839,4.990517568052262,4.916514866993518,-4.998867538053005,4.99375162032428,-4.999501203901593,4.998614847773295,-4.981905007417592
99.0,69.0,130.58920288085938,4.991654251664897,-4.956278874566755,4.956487664980796,4.990299689013238,4.990641312056312,-4.968093487139368,4.984531560672486,-4.985748305328021,4.967879920475214,-4.99994386670926
99.0,69.0,130.41793823242188,4.896432883186806,-4.992737070747029,4.997568880574043,4.979424413289107,4.9235089416199465,-4.99949965589464,4.999474177968412,-4.992348928083459,4.99516863223711,-4.992743707380237
99.0,69.0,130.5873260498047,4.933283103248845,-4.916345751923515,4.976407365133432,4.999899751522636,4.934479193750836,-4.996597795333767,4.996384507224818,-4.990319609591322,4.999145891369128,-4.97866695619787
99.0,69.0,130.38307189941406,4.997512551709512,-4.992034020213267,4.998888254138501,4.994451170628071,4.957435993194322,-4.943402831886523,4.999183382127964,-4.977808203320686,4.998959679668879,-4.999393898240658
99.0,69.0,130.5830078125,4.9893363982858485,-4.96805812794574,4.981566060099315,4.94205862680939,4.998787640128973,-4.966534918636343,4.972924806695133,-4.981832523884047,4.983475678487875,-4.999436440505912
99.0,69.0,130.39309692382812,4.960091804252215,-4.970295034958708,4.99843156299887,4.988415612244101,4.923532445746821,-4.979004358610073,4.999811056256257,-4.994216238908969,4.995374974394314,-4.9956032700689335
99.0,69.0,130.34695434570312,4.75559083176448,-4.992715407072602,4.927521466547135,4.972122164176414,4.997774299768525,-4.999366154228517,4.998312923671564,-4.998644689633165,4.999998904020749,-4.999596079040105
99.0,69.0,130.5343780517578,4.980923263555628,-4.962244724396176,4.940453021984411,4.985974978232231,4.981805103393525,-4.939076564933464,4.996098427530665,-4.9839843078862485,4.999360165728288,-4.993535025974737
99.0,69.0,130.59339904785156,4.947875883798192,-4.898143357785897,4.924683800870826,4.99728011879872,4.999713582478205,-4.976506944198887,4.991710102658189,-4.992506788391879,4.994917073415476,-4.981345029995162
99.0,69.0,130.43528747558594,4.926670743730647,-4.9256560181779525,4.958841695816635,4.988300360830501,4.972750414205286,-4.964882372654584,4.998893131283937,-4.990336487345488,4.999564329427182,-4.998009882497604
99.0,69.0,130.4362030029297,4.987513255969399,-4.99987841181016,4.991378984376725,4.989130415419817,4.979427704740585,-4.936603980888727,4.993032990520741,-4.979094922331104,4.997733797758482,-4.995822999072184
99.0,69.0,130.45298767089844,4.99621478688014,-4.999216567255775,4.995735879964825,4.987921572185424,4.956390875248589,-4.936837353904759,4.998503207916221,-4.977310150232629,4.996063221733291,-4.999042742836373
99.0,69.0,130.5965118408203,4.937910609106642,-4.9969185390884245,4.968973999267057,4.9679017044780025,4.963224278479874,-4.998804691046963,4.987126285489717,-4.980917561088392,4.99684256261081,-4.977939777004114
99.0,69.0,130.49932861328125,4.927336681578355,-4.988386433698418,4.96726010166114,4.988784015174145,4.952288320060022,-4.998561754006353,4.992611143210645,-4.992515770968783,4.999326214886847,-4.977312222658462
99.0,69.0,130.47264099121094,4.73957131958838,-4.997758639473007,4.911182873367275,4.9789089988110815,4.999612148471621,-4.99866307802824,4.995407709632124,-4.994936675204416,4.999662819918081,-4.992814420100313
99.0,69.0,130.68023681640625,4.904513692851788,-4.996790948214157,4.924885793407391,4.998732330021992,4.975554331723307,-4.978375876256958,4.989306917022595,-4.986891480770181,4.999625122442367,-4.970796797312932
99.0,69.0,130.11407470703125,4.97655624353132,-4.973054038292416,4.994947332355745,4.977972809742403,4.982815098937847,-4.991097989973266,4.9986066755443135,-4.996553507914948,4.998885684057348,-4.99993072550302
99.0,69.0,130.62045288085938,4.827933424430745,-4.977354453199526,4.963135266613882,4.985724148631802,4.915792053515057,-4.971608542879213,4.996299829453569,-4.997655654747446,4.997452190771056,-4.994410917990029
99.0,69.0,130.41021728515625,4.841321287641744,-4.967194678988834,4.958267307303301,4.99446898226426,4.96906330376613,-4.996271369597419,4.993391482641028,-4.989273217716182,4.993628873859741,-4.999985284840923
99.0,69.0,130.75018310546875,4.985866947150215,-4.968890135032875,4.998831371663968,4.99901910674214,4.807968263014516,-4.976990714885879,4.989840608624119,-4.979965440411407,4.99996363382336,-4.99764535430764
99.0,69.0,130.2875213623047,4.974617035161405,-4.999882166978104,4.989762686508174,4.992179885049484,4.987445815872007,-4.934387901818711,4.993647751849803,-4.995294445111638,4.999173809836605,-4.999046244560731
99.0,69.0,130.64425659179688,4.970926950398939,-4.955463813380014,4.973240938867467,4.986768792755237,4.941426046320895,-4.958082306564781,4.999961667412157,-4.982369591104873,4.99747144062318,-4.983824883437403
99.0,69.0,130.48289489746094,4.843639002297767,-4.996122782425624,4.93930672655059,4.989086275606319,4.997694804515325,-4.983789492866572,4.998997863685394,-4.978550296697435,4.986490056260236,-4.998944059342182
99.0,69.0,130.40536499023438,4.915361271099792,-4.997486470846813,4.9944649378693935,4.981382423903361,4.988099337091299,-4.9718833560849,4.995405852957863,-4.99685376232499,4.9916734218861,-4.985436789856353
99.0,69.0,130.63226318359375,4.8291569553673535,-4.998552578190262,4.996015342998932,4.989727256934168,4.925015151430528,-4.9782425151614405,4.993239028490867,-4.984483800328917,4.996588777706731,-4.9890571951499405
99.0,69.0,130.1990966796875,4.9400574585943176,-4.940711996132583,4.987443567502321,4.982561227817417,4.995007226477386,-4.975067193964586,4.998206933977254,-4.999293410640389,4.999507074166269,-4.999951500871636
99.0,69.0,130.5338134765625,4.998153502650608,-4.968293902471734,4.99476076921666,4.98854759598756,4.96083486608714,-4.960521810516978,4.99687310949167,-4.981298649012237,4.981857826270552,-4.994404878756539
99.0,69.0,130.6332244873047,4.9985722108479855,-4.875455660569977,4.948567130952192,4.996012234251625,4.93488059263904,-4.999390919531278,4.9986927765152,-4.99784590193732,4.999545444277642,-4.971302300974065
99.0,69.0,130.81617736816406,4.977271395374057,-4.876106226616063,4.897210706799234,4.999742149277847,4.954306660356142,-4.982215663453861,4.999908389366156,-4.983260115189635,4.998591633392311,-4.97250169449349
99.0,69.0,130.5468292236328,4.9972757759395074,-4.882948871475794,4.934200118890889,4.987874695829649,4.95712645275223,-4.968289298584693,4.998110424227329,-4.997428949545896,4.99193066425819,-4.994657765860852
99.0,69.0,130.81442260742188,4.923144215998549,-4.963226142914695,4.98455070443352,4.984886403008631,4.976678035877773,-4.990583344288109,4.976634235607627,-4.978123716121157,4.998816267008434,-4.959946223255603
99.0,69.0,130.48081970214844,4.9593757059305545,-4.926534687184874,4.999937288020861,4.975210345904811,4.888950120962472,-4.999967906406908,4.998421571289526,-4.999931799826281,4.999998383092182,-4.990875540538045
99.0,69.0,130.45213317871094,4.973759258879995,-4.921886524557981,4.9999853453569445,4.995880912434382,4.930447914269431,-4.9974310942854725,4.986734059910308,-4.992020234394581,4.993010126950591,-4.993388301795987
99.0,69.0,130.6072235107422,4.973960713872574,-4.987419132377433,4.860284757253909,4.964913612857111,4.9807248630463805,-4.977967034009738,4.970854858448065,-4.995557401738835,4.993092768186172,-4.997563004208836
99.0,69.0,130.71607971191406,4.982923241603917,-4.979675338372712,4.9958638928999,4.966499738084355,4.880808234875596,-4.9976623079092,4.994335721739466,-4.970625815907685,4.988342421553811,-4.992272709339499
99.0,69.0,130.6619110107422,4.981218442657778,-4.958650930679166,4.985168636435463,4.9928744288092055,4.888676256774346,-4.977708331454531,4.995483286063973,-4.989444954492078,4.988233846279459,-4.989927720055274
99.0,69.0,130.60806274414062,4.927605622099118,-4.958744353812512,4.934685227434019,4.9791249785965634,4.909253487041054,-4.999986284534796,4.994644515034063,-4.989090290593708,4.999114086007651,-4.990492153513401
99.0,69.0,130.56687927246094,4.965478696808502,-4.893439695794301,4.956069223430372,4.98011160407369,4.977424571667839,-4.985572910992131,4.9997053336220585,-4.991498041966058,4.97516522759298,-4.996439176198058
99.0,69.0,130.81683349609375,4.812047975168117,-4.895168982416267,4.9483978777158,4.999983955815631,4.9732125817380055,-4.97500218796122,4.99373317017647,-4.983338854435816,4.977615626853412,-4.994298141890743
99.0,70.0,130.48875427246094,4.985606427004179,-4.944338612370821,4.998062021410265,4.9977044177293,4.956736383275676,-4.958566891189539,4.9974841526830485,-4.989635498454001,4.98074147810933,-4.998160270931487
99.0,70.0,130.50758361816406,4.917158421967381,-4.988020362180265,4.958594441364031,4.987822758512809,4.94328874612901,-4.999308671733113,4.99925742030437,-4.998457744506961,4.999687228562467,-4.974513005073305
99.0,70.0,130.60711669921875,4.834867900874624,-4.997739630163427,4.934100437741264,4.9829584219317855,4.993990043633326,-4.999949340314281,4.99577910343334,-4.977914193408098,4.988513383723257,-4.984911254400235
99.0,70.0,130.4453125,4.87802928531412,-4.995367255664132,4.904242231611719,4.996689926983388,4.999039892059606,-4.9387721334650445,4.99615142237782,-4.999633116791117,4.999958308225546,-4.997631293049241
99.0,70.0,130.28326416015625,4.955157276346066,-4.965591773644494,4.9916262483518805,4.976032537578009,4.929659658929338,-4.995483815768833,4.997777796048681,-4.999932441817532,4.998191559410813,-4.99920078242155
99.0,70.0,130.59515380859375,4.88851287221987,-4.935978186194632,4.965488988662486,4.982257042875569,4.987338959648065,-4.970996974785908,4.994018875226301,-4.983684788881828,4.9988749249981606,-4.985225348471769
99.0,70.0,130.42654418945312,4.934053940284694,-4.942502216264817,4.951053343233403,4.979808011565186,4.966023535506336,-4.968993046034011,4.999342213484513,-4.991733409829105,4.99857747722837,-4.999211356648852
99.0,70.0,130.486572265625,4.774756922179038,-4.997988178384044,4.955228370807731,4.9856290436524695,4.982910898417959,-4.970320638978396,4.999521567128298,-4.993017140842539,4.999839121388892,-4.993014562760644
99.0,70.0,130.11865234375,4.972826651642428,-4.954671835231823,4.997582917504425,4.979476051554991,4.987358163721787,-4.995155244738706,4.994232062467481,-4.9978411478662,4.998931252225964,-4.999958680318322
99.0,70.0,130.40689086914062,4.964415475579441,-4.993358861652677,4.948054630833628,4.970305183261085,4.983600467190512,-4.994390285271455,4.9926365198993405,-4.991706230573076,4.993183737292883,-4.987406046311935
99.0,70.0,130.4819793701172,4.984343062828406,-4.999816247793106,4.964912590589908,4.980689412956663,4.889959291110532,-4.9917948611306615,4.999943247500468,-4.995303971936707,4.999631092344914,-4.988470276455559
99.0,70.0,130.5753173828125,4.987365653715781,-4.986792491209314,4.999116153415331,4.990702646233453,4.88149536703135,-4.985417338010047,4.998106133646274,-4.985748305328021,4.989709732820453,-4.991562188847769
99.0,70.0,130.41793823242188,4.896432883186806,-4.992737070747029,4.997568880574043,4.979424413289107,4.9235089416199465,-4.99949965589464,4.999474177968412,-4.992348928083459,4.99516863223711,-4.992743707380237
99.0,70.0,130.5873260498047,4.933283103248845,-4.916345751923515,4.976407365133432,4.999899751522636,4.934479193750836,-4.996597795333767,4.996384507224818,-4.990319609591322,4.999145891369128,-4.97866695619787
99.0,70.0,130.38307189941406,4.997512551709512,-4.992034020213267,4.998888254138501,4.994451170628071,4.957435993194322,-4.943402831886523,4.999183382127964,-4.977808203320686,4.998959679668879,-4.999393898240658
99.0,70.0,130.5830078125,4.9893363982858485,-4.96805812794574,4.981566060099315,4.94205862680939,4.998787640128973,-4.966534918636343,4.972924806695133,-4.981832523884047,4.983475678487875,-4.999436440505912
99.0,70.0,130.39309692382812,4.960091804252215,-4.970295034958708,4.99843156299887,4.988415612244101,4.923532445746821,-4.979004358610073,4.999811056256257,-4.994216238908969,4.995374974394314,-4.9956032700689335
99.0,70.0,130.34695434570312,4.75559083176448,-4.992715407072602,4.927521466547135,4.972122164176414,4.997774299768525,-4.999366154228517,4.998312923671564,-4.998644689633165,4.999998904020749,-4.999596079040105
99.0,70.0,130.5343780517578,4.980923263555628,-4.962244724396176,4.940453021984411,4.985974978232231,4.981805103393525,-4.939076564933464,4.996098427530665,-4.9839843078862485,4.999360165728288,-4.993535025974737
99.0,70.0,130.59339904785156,4.947875883798192,-4.898143357785897,4.924683800870826,4.99728011879872,4.999713582478205,-4.976506944198887,4.991710102658189,-4.992506788391879,4.994917073415476,-4.981345029995162
99.0,70.0,130.43528747558594,4.926670743730647,-4.9256560181779525,4.958841695816635,4.988300360830501,4.972750414205286,-4.964882372654584,4.998893131283937,-4.990336487345488,4.999564329427182,-4.998009882497604
99.0,70.0,130.4362030029297,4.987513255969399,-4.99987841181016,4.991378984376725,4.989130415419817,4.979427704740585,-4.936603980888727,4.993032990520741,-4.979094922331104,4.997733797758482,-4.995822999072184
99.0,70.0,130.34811401367188,4.952598760770277,-4.9900363117426565,4.992665011644568,4.99683807828923,4.960068750606631,-4.966360700199235,4.995255389759093,-4.997008233253442,4.999479773489158,-4.989088908867199
99.0,70.0,130.5965118408203,4.937910609106642,-4.9969185390884245,4.968973999267057,4.9679017044780025,4.963224278479874,-4.998804691046963,4.987126285489717,-4.980917561088392,4.99684256261081,-4.977939777004114
99.0,70.0,130.49932861328125,4.927336681578355,-4.988386433698418,4.96726010166114,4.988784015174145,4.952288320060022,-4.998561754006353,4.992611143210645,-4.992515770968783,4.999326214886847,-4.977312222658462
99.0,70.0,130.47264099121094,4.73957131958838,-4.997758639473007,4.911182873367275,4.9789089988110815,4.999612148471621,-4.99866307802824,4.995407709632124,-4.994936675204416,4.999662819918081,-4.992814420100313
99.0,70.0,130.62966918945312,4.92265820160611,-4.973537655145117,4.998466781490322,4.999444019272085,4.956813526473583,-4.993918952716339,4.988354243444332,-4.983095996944311,4.994672580809491,-4.970796797312932
99.0,70.0,130.11407470703125,4.97655624353132,-4.973054038292416,4.994947332355745,4.977972809742403,4.982815098937847,-4.991097989973266,4.9986066755443135,-4.996553507914948,4.998885684057348,-4.99993072550302
99.0,70.0,130.62045288085938,4.827933424430745,-4.977354453199526,4.963135266613882,4.985724148631802,4.915792053515057,-4.971608542879213,4.996299829453569,-4.997655654747446,4.997452190771056,-4.994410917990029
99.0,70.0,130.41021728515625,4.841321287641744,-4.967194678988834,4.958267307303301,4.99446898226426,4.96906330376613,-4.996271369597419,4.993391482641028,-4.989273217716182,4.993628873859741,-4.999985284840923
99.0,70.0,130.57318115234375,4.77819268071609,-4.999351475495838,4.948321031452196,4.999192468001906,4.964152004416828,-4.986028119257348,4.999555413897864,-4.982447783361693,4.989205611500442,-4.99619353989501
99.0,70.0,130.2875213623047,4.974617035161405,-4.999882166978104,4.989762686508174,4.992179885049484,4.987445815872007,-4.934387901818711,4.993647751849803,-4.995294445111638,4.999173809836605,-4.999046244560731
99.0,70.0,130.64425659179688,4.970926950398939,-4.955463813380014,4.973240938867467,4.986768792755237,4.941426046320895,-4.958082306564781,4.999961667412157,-4.982369591104873,4.99747144062318,-4.983824883437403
99.0,70.0,130.48289489746094,4.843639002297767,-4.996122782425624,4.93930672655059,4.989086275606319,4.997694804515325,-4.983789492866572,4.998997863685394,-4.978550296697435,4.986490056260236,-4.998944059342182
99.0,70.0,130.40536499023438,4.915361271099792,-4.997486470846813,4.9944649378693935,4.981382423903361,4.988099337091299,-4.9718833560849,4.995405852957863,-4.99685376232499,4.9916734218861,-4.985436789856353
99.0,70.0,130.63226318359375,4.8291569553673535,-4.998552578190262,4.996015342998932,4.989727256934168,4.925015151430528,-4.9782425151614405,4.993239028490867,-4.984483800328917,4.996588777706731,-4.9890571951499405
99.0,70.0,130.1990966796875,4.9400574585943176,-4.940711996132583,4.987443567502321,4.982561227817417,4.995007226477386,-4.975067193964586,4.998206933977254,-4.999293410640389,4.999507074166269,-4.999951500871636
99.0,70.0,130.4564208984375,4.9981391343118,-4.965174404047967,4.9587930345106335,4.977726891971303,4.988681000979383,-4.936489875121387,4.998706023982308,-4.987624452985632,4.999445072810817,-4.993507746305785
99.0,70.0,130.54177856445312,4.865018089768366,-4.999234422400857,4.996212984102855,4.98587533108269,4.920217417718515,-4.999390919531278,4.991443023127102,-4.993635533142694,4.999180460519662,-4.982303560407026
99.0,70.0,130.59344482421875,4.805895923448725,-4.999873714879877,4.930000673875982,4.988912655782638,4.948795216147904,-4.969954707118644,4.99363507790078,-4.999813302669005,4.999021056201504,-4.991387175843277
99.0,70.0,130.5468292236328,4.9972757759395074,-4.882948871475794,4.934200118890889,4.987874695829649,4.95712645275223,-4.968289298584693,4.998110424227329,-4.997428949545896,4.99193066425819,-4.994657765860852
99.0,70.0,130.39222717285156,4.993079171447664,-4.996138142617432,4.98455070443352,4.950205975227996,4.989324807430966,-4.992159257196672,4.9820894856337565,-4.990780098074186,4.985484114037741,-4.994511592329006
99.0,70.0,130.42739868164062,4.9435654074552895,-4.998153072986576,4.999937288020861,4.978867518979584,4.997873574797652,-4.9418043348227485,4.995095649364215,-4.989617044014633,4.991821691724866,-4.992414277192576
99.0,70.0,130.3710174560547,4.973759258879995,-4.87010388174511,4.955962687918291,4.989194567696432,4.999983584293074,-4.9748526030527005,4.996160111135518,-4.998707753326983,4.994858049277426,-4.995922381774514
99.0,70.0,130.6072235107422,4.973960713872574,-4.987419132377433,4.860284757253909,4.964913612857111,4.9807248630463805,-4.977967034009738,4.970854858448065,-4.995557401738835,4.993092768186172,-4.997563004208836
99.0,70.0,130.6141357421875,4.982923241603917,-4.986186696882811,4.911154432130008,4.981192966868116,4.924878283381718,-4.999683833311763,4.990736322880201,-4.970625815907685,4.999964305373135,-4.992272709339499
99.0,70.0,130.6619110107422,4.981218442657778,-4.958650930679166,4.985168636435463,4.9928744288092055,4.888676256774346,-4.977708331454531,4.995483286063973,-4.989444954492078,4.988233846279459,-4.989927720055274
99.0,70.0,130.44808959960938,4.997378542916279,-4.999226691439674,4.997798297488455,4.989451505456596,4.974639008521072,-4.950313959468329,4.996658864794759,-4.974740208343297,4.997000233791186,-4.990492153513401
99.0,70.0,130.39425659179688,4.997583435594135,-4.995631729428547,4.988287653809881,4.992137780565895,4.974690215481222,-4.942289255967009,4.994353062887516,-4.974480213142916,4.99888269045098,-4.999964603224069
99.0,70.0,130.3948974609375,4.996110046315568,-4.94792855600671,4.985893929069174,4.973612110615241,4.95549110115296,-4.997612646171878,4.989475399607061,-4.996752399713652,4.999305304061664,-4.9846452964743815
99.0,71.0,130.357177734375,4.999165292341455,-4.998887371612083,4.990495931624899,4.9977044177293,4.9975870990632,-4.958566891189539,4.993526033449113,-4.962527972497982,4.997383355336199,-4.998016059570214
99.0,71.0,130.50758361816406,4.917158421967381,-4.988020362180265,4.958594441364031,4.987822758512809,4.94328874612901,-4.999308671733113,4.99925742030437,-4.998457744506961,4.999687228562467,-4.974513005073305
99.0,71.0,130.60711669921875,4.834867900874624,-4.997739630163427,4.934100437741264,4.9829584219317855,4.993990043633326,-4.999949340314281,4.99577910343334,-4.977914193408098,4.988513383723257,-4.984911254400235
99.0,71.0,130.30308532714844,4.928250708839929,-4.999918056261914,4.993369668543123,4.999510370399021,4.988965700001904,-4.9387721334650445,4.99615142237782,-4.994064349055176,4.9966995081522905,-4.999433208656766
99.0,71.0,130.28326416015625,4.955157276346066,-4.965591773644494,4.9916262483518805,4.976032537578009,4.929659658929338,-4.995483815768833,4.997777796048681,-4.999932441817532,4.998191559410813,-4.99920078242155
99.0,71.0,130.59515380859375,4.88851287221987,-4.935978186194632,4.965488988662486,4.982257042875569,4.987338959648065,-4.970996974785908,4.994018875226301,-4.983684788881828,4.9988749249981606,-4.985225348471769
99.0,71.0,130.42654418945312,4.934053940284694,-4.942502216264817,4.951053343233403,4.979808011565186,4.966023535506336,-4.968993046034011,4.999342213484513,-4.991733409829105,4.99857747722837,-4.999211356648852
99.0,71.0,130.486572265625,4.774756922179038,-4.997988178384044,4.955228370807731,4.9856290436524695,4.982910898417959,-4.970320638978396,4.999521567128298,-4.993017140842539,4.999839121388892,-4.993014562760644
99.0,71.0,130.11865234375,4.972826651642428,-4.954671835231823,4.997582917504425,4.979476051554991,4.987358163721787,-4.995155244738706,4.994232062467481,-4.9978411478662,4.998931252225964,-4.999958680318322
99.0,71.0,130.40159606933594,4.917541194772375,-4.993358861652677,4.995720250289687,4.9698024586914125,4.970853164347554,-4.976611204340642,4.994517044033271,-4.999368971700324,4.996166395841286,-4.986940411119623
99.0,71.0,130.4819793701172,4.984343062828406,-4.999816247793106,4.964912590589908,4.980689412956663,4.889959291110532,-4.9917948611306615,4.999943247500468,-4.995303971936707,4.999631092344914,-4.988470276455559
99.0,71.0,130.542236328125,4.933013416224578,-4.971850494800842,4.974679351638717,4.983033351543567,4.994379187967457,-4.95040105233842,4.99045073706991,-4.982033215111675,4.997691420423123,-4.988738724187739
99.0,71.0,130.41793823242188,4.896432883186806,-4.992737070747029,4.997568880574043,4.979424413289107,4.9235089416199465,-4.99949965589464,4.999474177968412,-4.992348928083459,4.99516863223711,-4.992743707380237
99.0,71.0,130.5841827392578,4.933283103248845,-4.969185170527349,4.999658109049232,4.994884340348106,4.955769809528844,-4.939505927381675,4.999544872955531,-4.974121835920966,4.989590531978965,-4.9995937111001085
99.0,71.0,130.37542724609375,4.997512551709512,-4.9410339908372345,4.985026567639256,4.98418876998598,4.998524868469019,-4.943673724643311,4.999001917674073,-4.977808203320686,4.998783742785679,-4.999958346214037
99.0,71.0,130.5830078125,4.9893363982858485,-4.96805812794574,4.981566060099315,4.94205862680939,4.998787640128973,-4.966534918636343,4.972924806695133,-4.981832523884047,4.983475678487875,-4.999436440505912
99.0,71.0,130.39309692382812,4.960091804252215,-4.970295034958708,4.99843156299887,4.988415612244101,4.923532445746821,-4.979004358610073,4.999811056256257,-4.994216238908969,4.995374974394314,-4.9956032700689335
99.0,71.0,130.34695434570312,4.75559083176448,-4.992715407072602,4.927521466547135,4.972122164176414,4.997774299768525,-4.999366154228517,4.998312923671564,-4.998644689633165,4.999998904020749,-4.999596079040105
99.0,71.0,130.5343780517578,4.980923263555628,-4.962244724396176,4.940453021984411,4.985974978232231,4.981805103393525,-4.939076564933464,4.996098427530665,-4.9839843078862485,4.999360165728288,-4.993535025974737
99.0,71.0,130.45506286621094,4.802782306435418,-4.984469941820013,4.939898879342644,4.983539134122685,4.997196250458007,-4.999842282374045,4.998442258389918,-4.999578587597116,4.999871134400385,-4.9800759063655775
99.0,71.0,130.43528747558594,4.926670743730647,-4.9256560181779525,4.958841695816635,4.988300360830501,4.972750414205286,-4.964882372654584,4.998893131283937,-4.990336487345488,4.999564329427182,-4.998009882497604
99.0,71.0,130.4362030029297,4.987513255969399,-4.99987841181016,4.991378984376725,4.989130415419817,4.979427704740585,-4.936603980888727,4.993032990520741,-4.979094922331104,4.997733797758482,-4.995822999072184
99.0,71.0,130.34811401367188,4.952598760770277,-4.9900363117426565,4.992665011644568,4.99683807828923,4.960068750606631,-4.966360700199235,4.995255389759093,-4.997008233253442,4.999479773489158,-4.989088908867199
99.0,71.0,130.5965118408203,4.937910609106642,-4.9969185390884245,4.968973999267057,4.9679017044780025,4.963224278479874,-4.998804691046963,4.987126285489717,-4.980917561088392,4.99684256261081,-4.977939777004114
99.0,71.0,130.49932861328125,4.927336681578355,-4.988386433698418,4.96726010166114,4.988784015174145,4.952288320060022,-4.998561754006353,4.992611143210645,-4.992515770968783,4.999326214886847,-4.977312222658462
99.0,71.0,130.44000244140625,4.954882287219853,-4.997758639473007,4.98454368596833,4.950180156095053,4.957400196380046,-4.994331462774639,4.984710543384222,-4.988033988182815,4.999662819918081,-4.990904105859964
99.0,71.0,130.60751342773438,4.811210986766289,-4.973537655145117,4.948113891861989,4.998837974339981,4.970593900901051,-4.997524460311332,4.997837105306649,-4.97989787500028,4.986340465539392,-4.991523664288224
99.0,71.0,130.11407470703125,4.97655624353132,-4.973054038292416,4.994947332355745,4.977972809742403,4.982815098937847,-4.991097989973266,4.9986066755443135,-4.996553507914948,4.998885684057348,-4.99993072550302
99.0,71.0,130.60447692871094,4.670902942662686,-4.999779453235174,4.963135266613882,4.999565373569864,4.956213633561321,-4.987920979428374,4.99965207853878,-4.988040091840939,4.99738733295095,-4.992982601022376
99.0,71.0,130.41021728515625,4.841321287641744,-4.967194678988834,4.958267307303301,4.99446898226426,4.96906330376613,-4.996271369597419,4.993391482641028,-4.989273217716182,4.993628873859741,-4.999985284840923
99.0,71.0,130.57318115234375,4.77819268071609,-4.999351475495838,4.948321031452196,4.999192468001906,4.964152004416828,-4.986028119257348,4.999555413897864,-4.982447783361693,4.989205611500442,-4.99619353989501
99.0,71.0,130.2875213623047,4.974617035161405,-4.999882166978104,4.989762686508174,4.992179885049484,4.987445815872007,-4.934387901818711,4.993647751849803,-4.995294445111638,4.999173809836605,-4.999046244560731
99.0,71.0,130.58102416992188,4.970453079120896,-4.874759014872328,4.947179853259892,4.983394872350365,4.941426046320895,-4.958994891713109,4.999961667412157,-4.998716192204066,4.995067268306453,-4.997427001133088
99.0,71.0,130.48289489746094,4.843639002297767,-4.996122782425624,4.93930672655059,4.989086275606319,4.997694804515325,-4.983789492866572,4.998997863685394,-4.978550296697435,4.986490056260236,-4.998944059342182
99.0,71.0,130.40536499023438,4.915361271099792,-4.997486470846813,4.9944649378693935,4.981382423903361,4.988099337091299,-4.9718833560849,4.995405852957863,-4.99685376232499,4.9916734218861,-4.985436789856353
99.0,71.0,130.47811889648438,4.951978265171371,-4.87909488759316,4.94454768755902,4.990454443174402,4.984403188412935,-4.95701700203688,4.999851407797619,-4.991977486449,4.996588777706731,-4.999588323630139
99.0,71.0,130.1990966796875,4.9400574585943176,-4.940711996132583,4.987443567502321,4.982561227817417,4.995007226477386,-4.975067193964586,4.998206933977254,-4.999293410640389,4.999507074166269,-4.999951500871636
99.0,71.0,130.4564208984375,4.9981391343118,-4.965174404047967,4.9587930345106335,4.977726891971303,4.988681000979383,-4.936489875121387,4.998706023982308,-4.987624452985632,4.999445072810817,-4.993507746305785
99.0,71.0,130.54177856445312,4.865018089768366,-4.999234422400857,4.996212984102855,4.98587533108269,4.920217417718515,-4.999390919531278,4.991443023127102,-4.993635533142694,4.999180460519662,-4.982303560407026
99.0,71.0,130.41696166992188,4.901432531056862,-4.988814874948583,4.99995961094522,4.982084790893234,4.912513085846815,-4.999945698187067,4.999816009131865,-4.99170556857825,4.995781573192309,-4.994529156964474
99.0,71.0,130.40310668945312,4.999946606870743,-4.981793952624081,4.998259941868352,4.988050763201141,4.948287141505498,-4.965862414076729,4.999438199155275,-4.991658858215535,4.982725783430267,-4.998574355024234
99.0,71.0,130.34495544433594,4.965256690143129,-4.964720770526947,4.964162229180923,4.968771275343559,4.989648631220225,-4.996763562764549,4.991979203323819,-4.994844365472002,4.993017713681572,-4.99087451536743
99.0,71.0,130.42739868164062,4.9435654074552895,-4.998153072986576,4.999937288020861,4.978867518979584,4.997873574797652,-4.9418043348227485,4.995095649364215,-4.989617044014633,4.991821691724866,-4.992414277192576
99.0,71.0,130.3710174560547,4.973759258879995,-4.87010388174511,4.955962687918291,4.989194567696432,4.999983584293074,-4.9748526030527005,4.996160111135518,-4.998707753326983,4.994858049277426,-4.995922381774514
99.0,71.0,130.6072235107422,4.973960713872574,-4.987419132377433,4.860284757253909,4.964913612857111,4.9807248630463805,-4.977967034009738,4.970854858448065,-4.995557401738835,4.993092768186172,-4.997563004208836
99.0,71.0,130.18479919433594,4.977198847942322,-4.9352398676305205,4.9909718053313465,4.970930783745885,4.993836022733486,-4.998470102664981,4.989916695447874,-4.997995484359612,4.999934643479419,-4.996500234131629
99.0,71.0,130.48965454101562,4.996808153989645,-4.904255474265253,4.953778207015184,4.973341652408015,4.972288104655664,-4.992255116159188,4.988625083592597,-4.9983587550321165,4.997583148993602,-4.984172544370341
99.0,71.0,130.36183166503906,4.826305048170502,-4.993320911670448,4.980117625590074,4.971549689068725,4.950902506789033,-4.995703124373708,4.996426438751079,-4.998686304646792,4.999015977977592,-4.99827910954128
99.0,71.0,130.39425659179688,4.997583435594135,-4.995631729428547,4.988287653809881,4.992137780565895,4.974690215481222,-4.942289255967009,4.994353062887516,-4.974480213142916,4.99888269045098,-4.999964603224069
99.0,71.0,130.3948974609375,4.996110046315568,-4.94792855600671,4.985893929069174,4.973612110615241,4.95549110115296,-4.997612646171878,4.989475399607061,-4.996752399713652,4.999305304061664,-4.9846452964743815
99.0,72.0,130.357177734375,4.999165292341455,-4.998887371612083,4.990495931624899,4.9977044177293,4.9975870990632,-4.958566891189539,4.993526033449113,-4.962527972497982,4.997383355336199,-4.998016059570214
99.0,72.0,130.50758361816406,4.917158421967381,-4.988020362180265,4.958594441364031,4.987822758512809,4.94328874612901,-4.999308671733113,4.99925742030437,-4.998457744506961,4.999687228562467,-4.974513005073305
99.0,72.0,130.53123474121094,4.834867900874624,-4.9085369203055,4.948719238010954,4.998115243380922,4.979623604179378,-4.954566206447746,4.998426160149492,-4.998972070323053,4.995546660390037,-4.999325754851503
99.0,72.0,130.26771545410156,4.7555553898221685,-4.965416537776946,4.993369668543123,4.968147658886457,4.999902161859512,-4.999766383989792,4.998456708458629,-4.999853023906082,4.999949430188098,-4.999433208656766
99.0,72.0,130.28326416015625,4.955157276346066,-4.965591773644494,4.9916262483518805,4.976032537578009,4.929659658929338,-4.995483815768833,4.997777796048681,-4.999932441817532,4.998191559410813,-4.99920078242155
99.0,72.0,130.45223999023438,4.967118897949782,-4.978223198909775,4.965488988662486,4.982257042875569,4.987338959648065,-4.967066793898791,4.995070069365214,-4.98783877723532,4.992730474806006,-4.989391911288984
99.0,72.0,130.42654418945312,4.934053940284694,-4.942502216264817,4.951053343233403,4.979808011565186,4.966023535506336,-4.968993046034011,4.999342213484513,-4.991733409829105,4.99857747722837,-4.999211356648852
99.0,72.0,130.486572265625,4.774756922179038,-4.997988178384044,4.955228370807731,4.9856290436524695,4.982910898417959,-4.970320638978396,4.999521567128298,-4.993017140842539,4.999839121388892,-4.993014562760644
99.0,72.0,130.11865234375,4.972826651642428,-4.954671835231823,4.997582917504425,4.979476051554991,4.987358163721787,-4.995155244738706,4.994232062467481,-4.9978411478662,4.998931252225964,-4.999958680318322
99.0,72.0,130.40159606933594,4.917541194772375,-4.993358861652677,4.995720250289687,4.9698024586914125,4.970853164347554,-4.976611204340642,4.994517044033271,-4.999368971700324,4.996166395841286,-4.986940411119623
99.0,72.0,130.4819793701172,4.984343062828406,-4.999816247793106,4.964912590589908,4.980689412956663,4.889959291110532,-4.9917948611306615,4.999943247500468,-4.995303971936707,4.999631092344914,-4.988470276455559
99.0,72.0,130.542236328125,4.933013416224578,-4.971850494800842,4.974679351638717,4.983033351543567,4.994379187967457,-4.95040105233842,4.99045073706991,-4.982033215111675,4.997691420423123,-4.988738724187739
99.0,72.0,130.41793823242188,4.896432883186806,-4.992737070747029,4.997568880574043,4.979424413289107,4.9235089416199465,-4.99949965589464,4.999474177968412,-4.992348928083459,4.99516863223711,-4.992743707380237
99.0,72.0,130.36953735351562,4.980731623653629,-4.999987634642362,4.995002961259194,4.986672277135898,4.973793238485987,-4.935280007529602,4.994357909348663,-4.9997392173060415,4.999786776095073,-4.990540914953272
99.0,72.0,130.37542724609375,4.997512551709512,-4.9410339908372345,4.985026567639256,4.98418876998598,4.998524868469019,-4.943673724643311,4.999001917674073,-4.977808203320686,4.998783742785679,-4.999958346214037
99.0,72.0,130.5830078125,4.9893363982858485,-4.96805812794574,4.981566060099315,4.94205862680939,4.998787640128973,-4.966534918636343,4.972924806695133,-4.981832523884047,4.983475678487875,-4.999436440505912
99.0,72.0,130.39309692382812,4.960091804252215,-4.970295034958708,4.99843156299887,4.988415612244101,4.923532445746821,-4.979004358610073,4.999811056256257,-4.994216238908969,4.995374974394314,-4.9956032700689335
99.0,72.0,130.34695434570312,4.75559083176448,-4.992715407072602,4.927521466547135,4.972122164176414,4.997774299768525,-4.999366154228517,4.998312923671564,-4.998644689633165,4.999998904020749,-4.999596079040105
99.0,72.0,130.5343780517578,4.980923263555628,-4.962244724396176,4.940453021984411,4.985974978232231,4.981805103393525,-4.939076564933464,4.996098427530665,-4.9839843078862485,4.999360165728288,-4.993535025974737
99.0,72.0,130.45506286621094,4.802782306435418,-4.984469941820013,4.939898879342644,4.983539134122685,4.997196250458007,-4.999842282374045,4.998442258389918,-4.999578587597116,4.999871134400385,-4.9800759063655775
99.0,72.0,130.43528747558594,4.926670743730647,-4.9256560181779525,4.958841695816635,4.988300360830501,4.972750414205286,-4.964882372654584,4.998893131283937,-4.990336487345488,4.999564329427182,-4.998009882497604
99.0,72.0,130.4362030029297,4.987513255969399,-4.99987841181016,4.991378984376725,4.989130415419817,4.979427704740585,-4.936603980888727,4.993032990520741,-4.979094922331104,4.997733797758482,-4.995822999072184
99.0,72.0,130.34811401367188,4.952598760770277,-4.9900363117426565,4.992665011644568,4.99683807828923,4.960068750606631,-4.966360700199235,4.995255389759093,-4.997008233253442,4.999479773489158,-4.989088908867199
99.0,72.0,130.49339294433594,4.85093515701201,-4.99911709483891,4.968973999267057,4.97914099964872,4.998720761021147,-4.9719930103873375,4.994730174309062,-4.996230693739619,4.9920856311694894,-4.9849759534162175
99.0,72.0,130.4635772705078,4.998915282477154,-4.996792072516643,4.995669147659807,4.973077678198171,4.967015106568603,-4.957013801027037,4.987261768937659,-4.97332896356158,4.9989319356964295,-4.99641171490525
99.0,72.0,130.44000244140625,4.954882287219853,-4.997758639473007,4.98454368596833,4.950180156095053,4.957400196380046,-4.994331462774639,4.984710543384222,-4.988033988182815,4.999662819918081,-4.990904105859964
99.0,72.0,130.54013061523438,4.8372994577721045,-4.989236830383971,4.948267957456601,4.995154284378027,4.943752609097487,-4.992920385838305,4.999806847851021,-4.9992228556436125,4.995868753007283,-4.983639886518754
99.0,72.0,130.11407470703125,4.97655624353132,-4.973054038292416,4.994947332355745,4.977972809742403,4.982815098937847,-4.991097989973266,4.9986066755443135,-4.996553507914948,4.998885684057348,-4.99993072550302
99.0,72.0,130.48756408691406,4.962645299828475,-4.955612521976082,4.996686792938151,4.993188402492557,4.95884516818354,-4.937498007318771,4.998696681995666,-4.988040091840939,4.991101995565816,-4.999679016740375
99.0,72.0,130.41021728515625,4.841321287641744,-4.967194678988834,4.958267307303301,4.99446898226426,4.96906330376613,-4.996271369597419,4.993391482641028,-4.989273217716182,4.993628873859741,-4.999985284840923
99.0,72.0,130.25587463378906,4.947113757052826,-4.969102040803165,4.991286887088296,4.992397590389298,4.969576482897237,-4.996242568122855,4.9952851705634975,-4.997383666468371,4.999374552291062,-4.989210348567423
99.0,72.0,130.25387573242188,4.974617035161405,-4.999882166978104,4.9702901280402845,4.996747437113236,4.97617296493091,-4.963997524133264,4.992916139492011,-4.9984352045639175,4.999580236786659,-4.995312342245649
99.0,72.0,130.45155334472656,4.970453079120896,-4.99614117970459,4.940195388538602,4.979648295299718,4.96456763328993,-4.985726433717716,4.999143448166239,-4.982182236745318,4.987611935957219,-4.996687897058774
99.0,72.0,130.48289489746094,4.843639002297767,-4.996122782425624,4.93930672655059,4.989086275606319,4.997694804515325,-4.983789492866572,4.998997863685394,-4.978550296697435,4.986490056260236,-4.998944059342182
99.0,72.0,130.40536499023438,4.915361271099792,-4.997486470846813,4.9944649378693935,4.981382423903361,4.988099337091299,-4.9718833560849,4.995405852957863,-4.99685376232499,4.9916734218861,-4.985436789856353
99.0,72.0,130.4527587890625,4.998037828859022,-4.882597302689142,4.97495548036353,4.970265156359276,4.974511737307578,-4.992718154650603,4.985980331262189,-4.999718981883602,4.997129214412138,-4.98764460314918
99.0,72.0,130.1990966796875,4.9400574585943176,-4.940711996132583,4.987443567502321,4.982561227817417,4.995007226477386,-4.975067193964586,4.998206933977254,-4.999293410640389,4.999507074166269,-4.999951500871636
99.0,72.0,130.3726348876953,4.912441668252426,-4.993737802566306,4.998508448377024,4.986922007477612,4.926201618479503,-4.983959298996805,4.998706023982308,-4.990848674507348,4.995628591366032,-4.99950782481124
99.0,72.0,130.46755981445312,4.999712621677087,-4.944621353632305,4.998484352401601,4.963728083258841,4.935169569754519,-4.998189337657888,4.989434781642334,-4.996949495258098,4.999180460519662,-4.982920380216995
99.0,72.0,130.41696166992188,4.901432531056862,-4.988814874948583,4.99995961094522,4.982084790893234,4.912513085846815,-4.999945698187067,4.999816009131865,-4.99170556857825,4.995781573192309,-4.994529156964474
99.0,72.0,130.40310668945312,4.999946606870743,-4.981793952624081,4.998259941868352,4.988050763201141,4.948287141505498,-4.965862414076729,4.999438199155275,-4.991658858215535,4.982725783430267,-4.998574355024234
99.0,72.0,130.34495544433594,4.965256690143129,-4.964720770526947,4.964162229180923,4.968771275343559,4.989648631220225,-4.996763562764549,4.991979203323819,-4.994844365472002,4.993017713681572,-4.99087451536743
99.0,72.0,130.3070526123047,4.9435654074552895,-4.988367113581196,4.99591257581774,4.9743854365597375,4.940772920336121,-4.999561204363274,4.999058416162932,-4.994796252933165,4.998438415766138,-4.992414277192576
99.0,72.0,130.3710174560547,4.973759258879995,-4.87010388174511,4.955962687918291,4.989194567696432,4.999983584293074,-4.9748526030527005,4.996160111135518,-4.998707753326983,4.994858049277426,-4.995922381774514
99.0,72.0,130.52853393554688,4.973960713872574,-4.943690335693024,4.992913911118356,4.98018336131038,4.998676316515987,-4.920658499974632,4.99539264311084,-4.986376914985652,4.9902724662969975,-4.997563004208836
99.0,72.0,130.18479919433594,4.977198847942322,-4.9352398676305205,4.9909718053313465,4.970930783745885,4.993836022733486,-4.998470102664981,4.989916695447874,-4.997995484359612,4.999934643479419,-4.996500234131629
99.0,72.0,130.39242553710938,4.8479414740246085,-4.965102419806555,4.969954838913288,4.996268353975938,4.998928109085455,-4.992255116159188,4.990596390334551,-4.978861338319287,4.993254672912775,-4.99999718667857
99.0,72.0,130.36183166503906,4.826305048170502,-4.993320911670448,4.980117625590074,4.971549689068725,4.950902506789033,-4.995703124373708,4.996426438751079,-4.998686304646792,4.999015977977592,-4.99827910954128
99.0,72.0,130.27676391601562,4.944718421021253,-4.857872677787418,4.970287954414134,4.99161173561949,4.999998539200343,-4.9941412624743,4.995910566132992,-4.998894391441614,4.994889049955153,-4.999964603224069
99.0,72.0,130.34451293945312,4.875171428812799,-4.998357160002199,4.975385785929913,4.979359502486759,4.993439513397226,-4.975013720874944,4.993281450909702,-4.984097506606659,4.999816869049537,-4.998764561173647
99.0,73.0,130.357177734375,4.999165292341455,-4.998887371612083,4.990495931624899,4.9977044177293,4.9975870990632,-4.958566891189539,4.993526033449113,-4.962527972497982,4.997383355336199,-4.998016059570214
99.0,73.0,130.50758361816406,4.917158421967381,-4.988020362180265,4.958594441364031,4.987822758512809,4.94328874612901,-4.999308671733113,4.99925742030437,-4.998457744506961,4.999687228562467,-4.974513005073305
99.0,73.0,130.53123474121094,4.834867900874624,-4.9085369203055,4.948719238010954,4.998115243380922,4.979623604179378,-4.954566206447746,4.998426160149492,-4.998972070323053,4.995546660390037,-4.999325754851503
99.0,73.0,130.2439727783203,4.942799960453043,-4.951179131602329,4.988132629780457,4.984781471767382,4.990253360332083,-4.960126260002776,4.998456708458629,-4.999105694032924,4.999559684765317,-4.999890781021524
99.0,73.0,130.28326416015625,4.955157276346066,-4.965591773644494,4.9916262483518805,4.976032537578009,4.929659658929338,-4.995483815768833,4.997777796048681,-4.999932441817532,4.998191559410813,-4.99920078242155
99.0,73.0,130.2274627685547,4.94708742864016,-4.972797864247067,4.997622146637217,4.982257042875569,4.941086939591086,-4.999875963970345,4.995070069365214,-4.999765587644388,4.999346242637712,-4.998020665534524
99.0,73.0,130.42654418945312,4.934053940284694,-4.942502216264817,4.951053343233403,4.979808011565186,4.966023535506336,-4.968993046034011,4.999342213484513,-4.991733409829105,4.99857747722837,-4.999211356648852
99.0,73.0,130.486572265625,4.774756922179038,-4.997988178384044,4.955228370807731,4.9856290436524695,4.982910898417959,-4.970320638978396,4.999521567128298,-4.993017140842539,4.999839121388892,-4.993014562760644
99.0,73.0,130.11865234375,4.972826651642428,-4.954671835231823,4.997582917504425,4.979476051554991,4.987358163721787,-4.995155244738706,4.994232062467481,-4.9978411478662,4.998931252225964,-4.999958680318322
99.0,73.0,130.3260040283203,4.985961432369898,-4.939228466414551,4.98882657368864,4.966427227398354,4.997368861537243,-4.977004154084966,4.983639575350772,-4.988807181851277,4.999972041216225,-4.997441513102016
99.0,73.0,130.2732391357422,4.960193601416304,-4.983458106708103,4.976461536350204,4.977327961202912,4.988520470029116,-4.972670202057275,4.999943247500468,-4.983228786741201,4.999346927962327,-4.999576775546974
99.0,73.0,130.54046630859375,4.83626970060932,-4.970274798811101,4.967198326733381,4.9861502244833,4.982888676165379,-4.944653383772042,4.999852801529187,-4.982033215111675,4.998932538952646,-4.999308088156953
99.0,73.0,130.3852081298828,4.8857120104100735,-4.992737070747029,4.978345627805362,4.982260805550297,4.919499533862378,-4.995046791613368,4.999474177968412,-4.997167918256348,4.99516863223711,-4.999511728676987
99.0,73.0,130.36953735351562,4.980731623653629,-4.999987634642362,4.995002961259194,4.986672277135898,4.973793238485987,-4.935280007529602,4.994357909348663,-4.9997392173060415,4.999786776095073,-4.990540914953272
99.0,73.0,130.37542724609375,4.997512551709512,-4.9410339908372345,4.985026567639256,4.98418876998598,4.998524868469019,-4.943673724643311,4.999001917674073,-4.977808203320686,4.998783742785679,-4.999958346214037
99.0,73.0,130.40951538085938,4.774860322367643,-4.9840777756570125,4.936705680527464,4.977587088247201,4.988413371223441,-4.997580697840204,4.995787535797119,-4.993492004692698,4.996877773750427,-4.999743252815233
99.0,73.0,130.39309692382812,4.960091804252215,-4.970295034958708,4.99843156299887,4.988415612244101,4.923532445746821,-4.979004358610073,4.999811056256257,-4.994216238908969,4.995374974394314,-4.9956032700689335
99.0,73.0,130.34695434570312,4.75559083176448,-4.992715407072602,4.927521466547135,4.972122164176414,4.997774299768525,-4.999366154228517,4.998312923671564,-4.998644689633165,4.999998904020749,-4.999596079040105
99.0,73.0,130.29896545410156,4.980923263555628,-4.962770897179696,4.967694088660491,4.972413868422837,4.931827052114988,-4.997282176358694,4.996098427530665,-4.999987756876522,4.998282576896418,-4.999616541354779
99.0,73.0,130.45506286621094,4.802782306435418,-4.984469941820013,4.939898879342644,4.983539134122685,4.997196250458007,-4.999842282374045,4.998442258389918,-4.999578587597116,4.999871134400385,-4.9800759063655775
99.0,73.0,130.43528747558594,4.926670743730647,-4.9256560181779525,4.958841695816635,4.988300360830501,4.972750414205286,-4.964882372654584,4.998893131283937,-4.990336487345488,4.999564329427182,-4.998009882497604
99.0,73.0,130.4362030029297,4.987513255969399,-4.99987841181016,4.991378984376725,4.989130415419817,4.979427704740585,-4.936603980888727,4.993032990520741,-4.979094922331104,4.997733797758482,-4.995822999072184
99.0,73.0,130.34811401367188,4.952598760770277,-4.9900363117426565,4.992665011644568,4.99683807828923,4.960068750606631,-4.966360700199235,4.995255389759093,-4.997008233253442,4.999479773489158,-4.989088908867199
99.0,73.0,130.49339294433594,4.85093515701201,-4.99911709483891,4.968973999267057,4.97914099964872,4.998720761021147,-4.9719930103873375,4.994730174309062,-4.996230693739619,4.9920856311694894,-4.9849759534162175
99.0,73.0,130.4635772705078,4.998915282477154,-4.996792072516643,4.995669147659807,4.973077678198171,4.967015106568603,-4.957013801027037,4.987261768937659,-4.97332896356158,4.9989319356964295,-4.99641171490525
99.0,73.0,130.44000244140625,4.954882287219853,-4.997758639473007,4.98454368596833,4.950180156095053,4.957400196380046,-4.994331462774639,4.984710543384222,-4.988033988182815,4.999662819918081,-4.990904105859964
99.0,73.0,130.54013061523438,4.8372994577721045,-4.989236830383971,4.948267957456601,4.995154284378027,4.943752609097487,-4.992920385838305,4.999806847851021,-4.9992228556436125,4.995868753007283,-4.983639886518754
99.0,73.0,130.11407470703125,4.97655624353132,-4.973054038292416,4.994947332355745,4.977972809742403,4.982815098937847,-4.991097989973266,4.9986066755443135,-4.996553507914948,4.998885684057348,-4.99993072550302
99.0,73.0,130.40335083007812,4.962645299828475,-4.961265654173887,4.941875035796954,4.993188402492557,4.950993824460342,-4.996293235160876,4.996503697532842,-4.998954628804111,4.994605589261735,-4.989330287841484
99.0,73.0,130.28411865234375,4.860348801893403,-4.967194678988834,4.97595492670749,4.9904265317518055,4.99400723967971,-4.98122089539896,4.999275455210463,-4.989273217716182,4.999260582660578,-4.99998923666926
99.0,73.0,130.25587463378906,4.947113757052826,-4.969102040803165,4.991286887088296,4.992397590389298,4.969576482897237,-4.996242568122855,4.9952851705634975,-4.997383666468371,4.999374552291062,-4.989210348567423
99.0,73.0,130.25387573242188,4.974617035161405,-4.999882166978104,4.9702901280402845,4.996747437113236,4.97617296493091,-4.963997524133264,4.992916139492011,-4.9984352045639175,4.999580236786659,-4.995312342245649
99.0,73.0,130.45155334472656,4.970453079120896,-4.99614117970459,4.940195388538602,4.979648295299718,4.96456763328993,-4.985726433717716,4.999143448166239,-4.982182236745318,4.987611935957219,-4.996687897058774
99.0,73.0,130.48289489746094,4.843639002297767,-4.996122782425624,4.93930672655059,4.989086275606319,4.997694804515325,-4.983789492866572,4.998997863685394,-4.978550296697435,4.986490056260236,-4.998944059342182
99.0,73.0,130.40536499023438,4.915361271099792,-4.997486470846813,4.9944649378693935,4.981382423903361,4.988099337091299,-4.9718833560849,4.995405852957863,-4.99685376232499,4.9916734218861,-4.985436789856353
99.0,73.0,130.38726806640625,4.95777606199871,-4.907796278139418,4.993944952780604,4.992496630717506,4.970681125159511,-4.983985792534947,4.994208764295474,-4.999718981883602,4.996804124919401,-4.98764460314918
99.0,73.0,130.1990966796875,4.9400574585943176,-4.940711996132583,4.987443567502321,4.982561227817417,4.995007226477386,-4.975067193964586,4.998206933977254,-4.999293410640389,4.999507074166269,-4.999951500871636
99.0,73.0,130.30133056640625,4.96381501992035,-4.957271720485774,4.999217922918549,4.977599999199853,4.926201618479503,-4.999054994220094,4.9954547541307095,-4.998650516826683,4.995628591366032,-4.99950782481124
99.0,73.0,130.42037963867188,4.890364108015043,-4.976327940589419,4.998484352401601,4.993860491757355,4.921033132922203,-4.998189337657888,4.999668628000614,-4.993234792935602,4.996752233161302,-4.991275604193096
99.0,73.0,130.41696166992188,4.901432531056862,-4.988814874948583,4.99995961094522,4.982084790893234,4.912513085846815,-4.999945698187067,4.999816009131865,-4.99170556857825,4.995781573192309,-4.994529156964474
99.0,73.0,130.3809051513672,4.999946606870743,-4.956635836837235,4.972204684318266,4.966376571858937,4.998884844470622,-4.9723097530672025,4.987575861706588,-4.986632100774358,4.992019809611899,-4.997987374924647
99.0,73.0,130.34495544433594,4.965256690143129,-4.964720770526947,4.964162229180923,4.968771275343559,4.989648631220225,-4.996763562764549,4.991979203323819,-4.994844365472002,4.993017713681572,-4.99087451536743
99.0,73.0,130.23104858398438,4.825183782701776,-4.957325141731168,4.998303868783179,4.959556921568645,4.999997638724394,-4.9988551860572725,4.9978566223052745,-4.99851835004175,4.999983057964113,-4.9995619810618415
99.0,73.0,130.32659912109375,4.967998960879623,-4.9801499024942855,4.977696103166187,4.985827720678881,4.98646178198082,-4.964277195114696,4.999340949462437,-4.988686170916271,4.994858049277426,-4.995922381774514
99.0,73.0,130.52853393554688,4.973960713872574,-4.943690335693024,4.992913911118356,4.98018336131038,4.998676316515987,-4.920658499974632,4.99539264311084,-4.986376914985652,4.9902724662969975,-4.997563004208836
99.0,73.0,130.18479919433594,4.977198847942322,-4.9352398676305205,4.9909718053313465,4.970930783745885,4.993836022733486,-4.998470102664981,4.989916695447874,-4.997995484359612,4.999934643479419,-4.996500234131629
99.0,73.0,130.3088836669922,4.976966441462696,-4.988170773343761,4.949602500057427,4.99342868031296,4.940057421897867,-4.986932340175689,4.996669791529907,-4.9905799858572495,4.999620947993187,-4.99999718667857
99.0,73.0,130.36183166503906,4.826305048170502,-4.993320911670448,4.980117625590074,4.971549689068725,4.950902506789033,-4.995703124373708,4.996426438751079,-4.998686304646792,4.999015977977592,-4.99827910954128
99.0,73.0,130.27676391601562,4.944718421021253,-4.857872677787418,4.970287954414134,4.99161173561949,4.999998539200343,-4.9941412624743,4.995910566132992,-4.998894391441614,4.994889049955153,-4.999964603224069
99.0,73.0,130.34451293945312,4.875171428812799,-4.998357160002199,4.975385785929913,4.979359502486759,4.993439513397226,-4.975013720874944,4.993281450909702,-4.984097506606659,4.999816869049537,-4.998764561173647
99.0,74.0,130.357177734375,4.999165292341455,-4.998887371612083,4.990495931624899,4.9977044177293,4.9975870990632,-4.958566891189539,4.993526033449113,-4.962527972497982,4.997383355336199,-4.998016059570214
99.0,74.0,130.50758361816406,4.917158421967381,-4.988020362180265,4.958594441364031,4.987822758512809,4.94328874612901,-4.999308671733113,4.99925742030437,-4.998457744506961,4.999687228562467,-4.974513005073305
99.0,74.0,130.36537170410156,4.999449125338026,-4.928924555403593,4.990611198388367,4.994612720646266,4.999725849725854,-4.954566206447746,4.998431283580283,-4.977156884231476,4.998963029942414,-4.995423965727109
99.0,74.0,130.2439727783203,4.942799960453043,-4.951179131602329,4.988132629780457,4.984781471767382,4.990253360332083,-4.960126260002776,4.998456708458629,-4.999105694032924,4.999559684765317,-4.999890781021524
99.0,74.0,130.28326416015625,4.955157276346066,-4.965591773644494,4.9916262483518805,4.976032537578009,4.929659658929338,-4.995483815768833,4.997777796048681,-4.999932441817532,4.998191559410813,-4.99920078242155
99.0,74.0,130.22445678710938,4.995398417360423,-4.962059349350406,4.985542827983946,4.970850925613151,4.993108071625283,-4.999281462896126,4.9898173127887375,-4.993219897817719,4.994451872843843,-4.99523850433659
99.0,74.0,130.42654418945312,4.934053940284694,-4.942502216264817,4.951053343233403,4.979808011565186,4.966023535506336,-4.968993046034011,4.999342213484513,-4.991733409829105,4.99857747722837,-4.999211356648852
99.0,74.0,130.486572265625,4.774756922179038,-4.997988178384044,4.955228370807731,4.9856290436524695,4.982910898417959,-4.970320638978396,4.999521567128298,-4.993017140842539,4.999839121388892,-4.993014562760644
99.0,74.0,130.11865234375,4.972826651642428,-4.954671835231823,4.997582917504425,4.979476051554991,4.987358163721787,-4.995155244738706,4.994232062467481,-4.9978411478662,4.998931252225964,-4.999958680318322
99.0,74.0,130.3260040283203,4.985961432369898,-4.939228466414551,4.98882657368864,4.966427227398354,4.997368861537243,-4.977004154084966,4.983639575350772,-4.988807181851277,4.999972041216225,-4.997441513102016
99.0,74.0,130.2732391357422,4.960193601416304,-4.983458106708103,4.976461536350204,4.977327961202912,4.988520470029116,-4.972670202057275,4.999943247500468,-4.983228786741201,4.999346927962327,-4.999576775546974
99.0,74.0,130.43972778320312,4.927886522179388,-4.966005973217188,4.9586160555394585,4.986819881329054,4.95481491666434,-4.984059462349864,4.999583475134702,-4.990461880005768,4.999725375735805,-4.990166948331229
99.0,74.0,130.3852081298828,4.8857120104100735,-4.992737070747029,4.978345627805362,4.982260805550297,4.919499533862378,-4.995046791613368,4.999474177968412,-4.997167918256348,4.99516863223711,-4.999511728676987
99.0,74.0,130.3011932373047,4.976775489188053,-4.896581983871533,4.997296270527706,4.9866015202501055,4.9638665815596745,-4.982073364552807,4.99346895216763,-4.999768950766934,4.996056290343574,-4.999988491823302
99.0,74.0,130.37542724609375,4.997512551709512,-4.9410339908372345,4.985026567639256,4.98418876998598,4.998524868469019,-4.943673724643311,4.999001917674073,-4.977808203320686,4.998783742785679,-4.999958346214037
99.0,74.0,130.40951538085938,4.774860322367643,-4.9840777756570125,4.936705680527464,4.977587088247201,4.988413371223441,-4.997580697840204,4.995787535797119,-4.993492004692698,4.996877773750427,-4.999743252815233
99.0,74.0,130.35385131835938,4.8011346486139015,-4.968974937557827,4.995519974874733,4.969082663153269,4.976817696178786,-4.9990978253150455,4.9998118285915565,-4.999614148098917,4.999997065012926,-4.991381225914779
99.0,74.0,130.34695434570312,4.75559083176448,-4.992715407072602,4.927521466547135,4.972122164176414,4.997774299768525,-4.999366154228517,4.998312923671564,-4.998644689633165,4.999998904020749,-4.999596079040105
99.0,74.0,130.29896545410156,4.980923263555628,-4.962770897179696,4.967694088660491,4.972413868422837,4.931827052114988,-4.997282176358694,4.996098427530665,-4.999987756876522,4.998282576896418,-4.999616541354779
99.0,74.0,130.27218627929688,4.903839990766366,-4.984469941820013,4.951750601266246,4.998984275776809,4.988135358980546,-4.998112690818558,4.9998090350573285,-4.999595855223189,4.995266696388171,-4.989015248308097
99.0,74.0,130.43528747558594,4.926670743730647,-4.9256560181779525,4.958841695816635,4.988300360830501,4.972750414205286,-4.964882372654584,4.998893131283937,-4.990336487345488,4.999564329427182,-4.998009882497604
99.0,74.0,130.4362030029297,4.987513255969399,-4.99987841181016,4.991378984376725,4.989130415419817,4.979427704740585,-4.936603980888727,4.993032990520741,-4.979094922331104,4.997733797758482,-4.995822999072184
99.0,74.0,130.34811401367188,4.952598760770277,-4.9900363117426565,4.992665011644568,4.99683807828923,4.960068750606631,-4.966360700199235,4.995255389759093,-4.997008233253442,4.999479773489158,-4.989088908867199
99.0,74.0,130.1044921875,4.993144656518027,-4.948011800490836,4.998453898945375,4.980765409875287,4.998720761021147,-4.9885843244315975,4.995452277692905,-4.999905851992043,4.9954252919670346,-4.999889507048496
99.0,74.0,130.4476776123047,4.910472297197096,-4.978259198548314,4.9969867435234185,4.995394605611288,4.932498834602277,-4.983456606961548,4.998631634013394,-4.994408027439284,4.99806577167648,-4.987070539840922
99.0,74.0,130.44000244140625,4.954882287219853,-4.997758639473007,4.98454368596833,4.950180156095053,4.957400196380046,-4.994331462774639,4.984710543384222,-4.988033988182815,4.999662819918081,-4.990904105859964
99.0,74.0,130.3737335205078,4.816399675687162,-4.977014401123263,4.939949217862301,4.961964664045034,4.993751213120976,-4.999731475513583,4.994803593490777,-4.998706122155784,4.999999121734777,-4.9955613070527285
99.0,74.0,130.11407470703125,4.97655624353132,-4.973054038292416,4.994947332355745,4.977972809742403,4.982815098937847,-4.991097989973266,4.9986066755443135,-4.996553507914948,4.998885684057348,-4.99993072550302
99.0,74.0,130.40335083007812,4.962645299828475,-4.961265654173887,4.941875035796954,4.993188402492557,4.950993824460342,-4.996293235160876,4.996503697532842,-4.998954628804111,4.994605589261735,-4.989330287841484
99.0,74.0,130.14707946777344,4.908461601485751,-4.971880874627377,4.964429988079158,4.991549513795045,4.99400723967971,-4.993036700705863,4.99851415078345,-4.998719378394981,4.999793606963962,-4.99998923666926
99.0,74.0,130.25587463378906,4.947113757052826,-4.969102040803165,4.991286887088296,4.992397590389298,4.969576482897237,-4.996242568122855,4.9952851705634975,-4.997383666468371,4.999374552291062,-4.989210348567423
99.0,74.0,130.25387573242188,4.974617035161405,-4.999882166978104,4.9702901280402845,4.996747437113236,4.97617296493091,-4.963997524133264,4.992916139492011,-4.9984352045639175,4.999580236786659,-4.995312342245649
99.0,74.0,130.2764434814453,4.9193933500198295,-4.9134650539744165,4.978016363827546,4.983797547893227,4.98815154258962,-4.97536978273453,4.999143448166239,-4.999770681210624,4.999800019782333,-4.9999580595982085
99.0,74.0,130.430908203125,4.962287509319665,-4.9559287038672615,4.999056737351792,4.9816579806135,4.977960814605248,-4.974029627650983,4.987479339377024,-4.978550296697435,4.999992841379396,-4.992992280073292
99.0,74.0,130.30511474609375,4.992542304535032,-4.991365444699612,4.996553734986876,4.970311054455497,4.926744476082643,-4.985840716309761,4.995405852957863,-4.999944274679317,4.999380553256592,-4.994808362472434
99.0,74.0,130.38726806640625,4.95777606199871,-4.907796278139418,4.993944952780604,4.992496630717506,4.970681125159511,-4.983985792534947,4.994208764295474,-4.999718981883602,4.996804124919401,-4.98764460314918
99.0,74.0,130.1990966796875,4.9400574585943176,-4.940711996132583,4.987443567502321,4.982561227817417,4.995007226477386,-4.975067193964586,4.998206933977254,-4.999293410640389,4.999507074166269,-4.999951500871636
99.0,74.0,130.22866821289062,4.99929582435027,-4.96475315279668,4.9880593811160665,4.988226464728548,4.992009952611696,-4.969727323324978,4.99921789350352,-4.986814209353092,4.995628591366032,-4.999409718728822
99.0,74.0,130.27737426757812,4.999890796751859,-4.971989304035189,4.98972041824938,4.997104886432809,4.998735841376081,-4.998189337657888,4.993519428525602,-4.957289548828314,4.996682877541648,-4.998782594667027
99.0,74.0,130.41696166992188,4.901432531056862,-4.988814874948583,4.99995961094522,4.982084790893234,4.912513085846815,-4.999945698187067,4.999816009131865,-4.99170556857825,4.995781573192309,-4.994529156964474
99.0,74.0,130.3809051513672,4.999946606870743,-4.956635836837235,4.972204684318266,4.966376571858937,4.998884844470622,-4.9723097530672025,4.987575861706588,-4.986632100774358,4.992019809611899,-4.997987374924647
99.0,74.0,130.34495544433594,4.965256690143129,-4.964720770526947,4.964162229180923,4.968771275343559,4.989648631220225,-4.996763562764549,4.991979203323819,-4.994844365472002,4.993017713681572,-4.99087451536743
99.0,74.0,130.23104858398438,4.825183782701776,-4.957325141731168,4.998303868783179,4.959556921568645,4.999997638724394,-4.9988551860572725,4.9978566223052745,-4.99851835004175,4.999983057964113,-4.9995619810618415
99.0,74.0,130.32659912109375,4.967998960879623,-4.9801499024942855,4.977696103166187,4.985827720678881,4.98646178198082,-4.964277195114696,4.999340949462437,-4.988686170916271,4.994858049277426,-4.995922381774514
99.0,74.0,130.27285766601562,4.94073006554291,-4.93442966254636,4.998555935179017,4.9778051573883975,4.992108368961947,-4.964237712284284,4.997237843927415,-4.999797844244768,4.9992148368817055,-4.997563004208836
99.0,74.0,130.18479919433594,4.977198847942322,-4.9352398676305205,4.9909718053313465,4.970930783745885,4.993836022733486,-4.998470102664981,4.989916695447874,-4.997995484359612,4.999934643479419,-4.996500234131629
99.0,74.0,130.3088836669922,4.976966441462696,-4.988170773343761,4.949602500057427,4.99342868031296,4.940057421897867,-4.986932340175689,4.996669791529907,-4.9905799858572495,4.999620947993187,-4.99999718667857
99.0,74.0,130.33096313476562,4.849239350169231,-4.973721363586794,4.998576291970509,4.985247417051944,4.9502585721551,-4.992173066600685,4.995259128846244,-4.999880791367724,4.999871333220549,-4.996183998385459
99.0,74.0,130.27676391601562,4.944718421021253,-4.857872677787418,4.970287954414134,4.99161173561949,4.999998539200343,-4.9941412624743,4.995910566132992,-4.998894391441614,4.994889049955153,-4.999964603224069
99.0,74.0,130.18495178222656,4.950889136473863,-4.970298959139315,4.975385785929913,4.993462843312036,4.98396272579931,-4.983229130671193,4.995503111220268,-4.999218966457925,4.9997471898196055,-4.997376593145376
99.0,75.0,130.357177734375,4.999165292341455,-4.998887371612083,4.990495931624899,4.9977044177293,4.9975870990632,-4.958566891189539,4.993526033449113,-4.962527972497982,4.997383355336199,-4.998016059570214
99.0,75.0,130.50758361816406,4.917158421967381,-4.988020362180265,4.958594441364031,4.987822758512809,4.94328874612901,-4.999308671733113,4.99925742030437,-4.998457744506961,4.999687228562467,-4.974513005073305
99.0,75.0,130.15655517578125,4.923254182184362,-4.953107273419512,4.9596584000686095,4.994612720646266,4.999049262578484,-4.988841994207382,4.99830180076538,-4.99909481974839,4.999935659047449,-4.999990115366573
99.0,75.0,130.2439727783203,4.942799960453043,-4.951179131602329,4.988132629780457,4.984781471767382,4.990253360332083,-4.960126260002776,4.998456708458629,-4.999105694032924,4.999559684765317,-4.999890781021524
99.0,75.0,130.28326416015625,4.955157276346066,-4.965591773644494,4.9916262483518805,4.976032537578009,4.929659658929338,-4.995483815768833,4.997777796048681,-4.999932441817532,4.998191559410813,-4.99920078242155
99.0,75.0,130.22445678710938,4.995398417360423,-4.962059349350406,4.985542827983946,4.970850925613151,4.993108071625283,-4.999281462896126,4.9898173127887375,-4.993219897817719,4.994451872843843,-4.99523850433659
99.0,75.0,130.2855987548828,4.988884671000415,-4.975016571656662,4.986101489700284,4.978729947381352,4.976377989514143,-4.976021992966413,4.997105999501164,-4.983227921519356,4.997475063242947,-4.999591991659521
99.0,75.0,130.41160583496094,4.909013769935813,-4.858499087997672,4.95556629162583,4.990908443919743,4.981401021226665,-4.996063473578643,4.996093356948583,-4.998975651725934,4.996937442140039,-4.995343218025273
99.0,75.0,130.11865234375,4.972826651642428,-4.954671835231823,4.997582917504425,4.979476051554991,4.987358163721787,-4.995155244738706,4.994232062467481,-4.9978411478662,4.998931252225964,-4.999958680318322
99.0,75.0,130.3260040283203,4.985961432369898,-4.939228466414551,4.98882657368864,4.966427227398354,4.997368861537243,-4.977004154084966,4.983639575350772,-4.988807181851277,4.999972041216225,-4.997441513102016
99.0,75.0,130.25338745117188,4.9765790891340345,-4.986621788186229,4.984900027394708,4.998909959179433,4.991454770041226,-4.999838386864703,4.991770025298699,-4.967994930396934,4.997164601058612,-4.9974917181326965
99.0,75.0,130.43972778320312,4.927886522179388,-4.966005973217188,4.9586160555394585,4.986819881329054,4.95481491666434,-4.984059462349864,4.999583475134702,-4.990461880005768,4.999725375735805,-4.990166948331229
99.0,75.0,130.3852081298828,4.8857120104100735,-4.992737070747029,4.978345627805362,4.982260805550297,4.919499533862378,-4.995046791613368,4.999474177968412,-4.997167918256348,4.99516863223711,-4.999511728676987
99.0,75.0,130.2173309326172,4.942658962710038,-4.9850270139096,4.97006866638128,4.99620812568205,4.98990701576835,-4.982073364552807,4.9999418769483714,-4.991523417728219,4.9950766378330815,-4.998285431218254
99.0,75.0,130.37362670898438,4.999947674154599,-4.94173678354314,4.995120842437355,4.956622459748029,4.998496246841242,-4.970831030027277,4.984787375411665,-4.985754747095863,4.993852087530796,-4.999958346214037
99.0,75.0,130.40951538085938,4.774860322367643,-4.9840777756570125,4.936705680527464,4.977587088247201,4.988413371223441,-4.997580697840204,4.995787535797119,-4.993492004692698,4.996877773750427,-4.999743252815233
99.0,75.0,130.35385131835938,4.8011346486139015,-4.968974937557827,4.995519974874733,4.969082663153269,4.976817696178786,-4.9990978253150455,4.9998118285915565,-4.999614148098917,4.999997065012926,-4.991381225914779
99.0,75.0,130.34695434570312,4.75559083176448,-4.992715407072602,4.927521466547135,4.972122164176414,4.997774299768525,-4.999366154228517,4.998312923671564,-4.998644689633165,4.999998904020749,-4.999596079040105
99.0,75.0,130.29896545410156,4.980923263555628,-4.962770897179696,4.967694088660491,4.972413868422837,4.931827052114988,-4.997282176358694,4.996098427530665,-4.999987756876522,4.998282576896418,-4.999616541354779
99.0,75.0,130.27218627929688,4.903839990766366,-4.984469941820013,4.951750601266246,4.998984275776809,4.988135358980546,-4.998112690818558,4.9998090350573285,-4.999595855223189,4.995266696388171,-4.989015248308097
99.0,75.0,130.33094787597656,4.97198492909382,-4.989195197351807,4.995497439691505,4.985162381733355,4.937822040772517,-4.996712086814367,4.993759742813115,-4.997802956791568,4.9992849865367,-4.986669139292879
99.0,75.0,130.4362030029297,4.987513255969399,-4.99987841181016,4.991378984376725,4.989130415419817,4.979427704740585,-4.936603980888727,4.993032990520741,-4.979094922331104,4.997733797758482,-4.995822999072184
99.0,75.0,130.3402099609375,4.965557866134627,-4.94304394842256,4.965112311160173,4.973998453053454,4.991291399448708,-4.998135366825467,4.99200241569134,-4.994825154128365,4.991040083036793,-4.993415087655461
99.0,75.0,130.1044921875,4.993144656518027,-4.948011800490836,4.998453898945375,4.980765409875287,4.998720761021147,-4.9885843244315975,4.995452277692905,-4.999905851992043,4.9954252919670346,-4.999889507048496
99.0,75.0,130.4476776123047,4.910472297197096,-4.978259198548314,4.9969867435234185,4.995394605611288,4.932498834602277,-4.983456606961548,4.998631634013394,-4.994408027439284,4.99806577167648,-4.987070539840922
99.0,75.0,130.2709503173828,4.960641257159473,-4.915307589912041,4.980233296977777,4.993473698453429,4.957400196380046,-4.996472858763597,4.994107105595647,-4.999229717842041,4.996345675384703,-4.99999954628903
99.0,75.0,130.3737335205078,4.816399675687162,-4.977014401123263,4.939949217862301,4.961964664045034,4.993751213120976,-4.999731475513583,4.994803593490777,-4.998706122155784,4.999999121734777,-4.9955613070527285
99.0,75.0,130.11407470703125,4.97655624353132,-4.973054038292416,4.994947332355745,4.977972809742403,4.982815098937847,-4.991097989973266,4.9986066755443135,-4.996553507914948,4.998885684057348,-4.99993072550302
99.0,75.0,130.40335083007812,4.962645299828475,-4.961265654173887,4.941875035796954,4.993188402492557,4.950993824460342,-4.996293235160876,4.996503697532842,-4.998954628804111,4.994605589261735,-4.989330287841484
99.0,75.0,130.14707946777344,4.908461601485751,-4.971880874627377,4.964429988079158,4.991549513795045,4.99400723967971,-4.993036700705863,4.99851415078345,-4.998719378394981,4.999793606963962,-4.99998923666926
99.0,75.0,130.25587463378906,4.947113757052826,-4.969102040803165,4.991286887088296,4.992397590389298,4.969576482897237,-4.996242568122855,4.9952851705634975,-4.997383666468371,4.999374552291062,-4.989210348567423
99.0,75.0,130.25387573242188,4.974617035161405,-4.999882166978104,4.9702901280402845,4.996747437113236,4.97617296493091,-4.963997524133264,4.992916139492011,-4.9984352045639175,4.999580236786659,-4.995312342245649
99.0,75.0,130.2764434814453,4.9193933500198295,-4.9134650539744165,4.978016363827546,4.983797547893227,4.98815154258962,-4.97536978273453,4.999143448166239,-4.999770681210624,4.999800019782333,-4.9999580595982085
99.0,75.0,130.36866760253906,4.998804194575157,-4.943738845851978,4.998813736610041,4.960541560588571,4.993022463152171,-4.9996005243624015,4.98551858512095,-4.978550296697435,4.994522391101572,-4.993494003067775
99.0,75.0,130.30511474609375,4.992542304535032,-4.991365444699612,4.996553734986876,4.970311054455497,4.926744476082643,-4.985840716309761,4.995405852957863,-4.999944274679317,4.999380553256592,-4.994808362472434
99.0,75.0,130.2884521484375,4.962336894747917,-4.907796278139418,4.982754005729399,4.987183509748409,4.995138677568365,-4.973067230926216,4.998546000311299,-4.988905465836309,4.999348942819116,-4.99969959512957
99.0,75.0,130.1990966796875,4.9400574585943176,-4.940711996132583,4.987443567502321,4.982561227817417,4.995007226477386,-4.975067193964586,4.998206933977254,-4.999293410640389,4.999507074166269,-4.999951500871636
99.0,75.0,130.20448303222656,4.965514166409898,-4.977847971357039,4.997525697622784,4.95634854763345,4.991486486178936,-4.994797551272741,4.992627051471471,-4.99528050907773,4.998906620019795,-4.995384185093718
99.0,75.0,130.27737426757812,4.999890796751859,-4.971989304035189,4.98972041824938,4.997104886432809,4.998735841376081,-4.998189337657888,4.993519428525602,-4.957289548828314,4.996682877541648,-4.998782594667027
99.0,75.0,130.41696166992188,4.901432531056862,-4.988814874948583,4.99995961094522,4.982084790893234,4.912513085846815,-4.999945698187067,4.999816009131865,-4.99170556857825,4.995781573192309,-4.994529156964474
99.0,75.0,130.2721710205078,4.948334700523732,-4.973989952983553,4.969174009598216,4.966812849541968,4.998884844470622,-4.9723097530672025,4.9980839609047365,-4.9989622327757335,4.992019809611899,-4.999921984086824
99.0,75.0,130.28041076660156,4.965256690143129,-4.96469785973306,4.997103995272916,4.985380821123734,4.969592117539825,-4.993637841489152,4.994391148229498,-4.98002144915516,4.998472885246794,-4.998505215169166
99.0,75.0,130.23104858398438,4.825183782701776,-4.957325141731168,4.998303868783179,4.959556921568645,4.999997638724394,-4.9988551860572725,4.9978566223052745,-4.99851835004175,4.999983057964113,-4.9995619810618415
99.0,75.0,130.32659912109375,4.967998960879623,-4.9801499024942855,4.977696103166187,4.985827720678881,4.98646178198082,-4.964277195114696,4.999340949462437,-4.988686170916271,4.994858049277426,-4.995922381774514
99.0,75.0,130.27285766601562,4.94073006554291,-4.93442966254636,4.998555935179017,4.9778051573883975,4.992108368961947,-4.964237712284284,4.997237843927415,-4.999797844244768,4.9992148368817055,-4.997563004208836
99.0,75.0,130.18479919433594,4.977198847942322,-4.9352398676305205,4.9909718053313465,4.970930783745885,4.993836022733486,-4.998470102664981,4.989916695447874,-4.997995484359612,4.999934643479419,-4.996500234131629
99.0,75.0,130.3088836669922,4.976966441462696,-4.988170773343761,4.949602500057427,4.99342868031296,4.940057421897867,-4.986932340175689,4.996669791529907,-4.9905799858572495,4.999620947993187,-4.99999718667857
99.0,75.0,130.33096313476562,4.849239350169231,-4.973721363586794,4.998576291970509,4.985247417051944,4.9502585721551,-4.992173066600685,4.995259128846244,-4.999880791367724,4.999871333220549,-4.996183998385459
99.0,75.0,130.27676391601562,4.944718421021253,-4.857872677787418,4.970287954414134,4.99161173561949,4.999998539200343,-4.9941412624743,4.995910566132992,-4.998894391441614,4.994889049955153,-4.999964603224069
99.0,75.0,130.18495178222656,4.950889136473863,-4.970298959139315,4.975385785929913,4.993462843312036,4.98396272579931,-4.983229130671193,4.995503111220268,-4.999218966457925,4.9997471898196055,-4.997376593145376
99.0,76.0,130.33450317382812,4.905430039334165,-4.998887371612083,4.990495931624899,4.993792124046629,4.99383785816586,-4.998974399918248,4.990035083045074,-4.965512060489802,4.995759873652592,-4.998109565108275
99.0,76.0,130.50758361816406,4.917158421967381,-4.988020362180265,4.958594441364031,4.987822758512809,4.94328874612901,-4.999308671733113,4.99925742030437,-4.998457744506961,4.999687228562467,-4.974513005073305
99.0,76.0,130.15655517578125,4.923254182184362,-4.953107273419512,4.9596584000686095,4.994612720646266,4.999049262578484,-4.988841994207382,4.99830180076538,-4.99909481974839,4.999935659047449,-4.999990115366573
99.0,76.0,130.2439727783203,4.942799960453043,-4.951179131602329,4.988132629780457,4.984781471767382,4.990253360332083,-4.960126260002776,4.998456708458629,-4.999105694032924,4.999559684765317,-4.999890781021524
99.0,76.0,130.28326416015625,4.955157276346066,-4.965591773644494,4.9916262483518805,4.976032537578009,4.929659658929338,-4.995483815768833,4.997777796048681,-4.999932441817532,4.998191559410813,-4.99920078242155
99.0,76.0,130.2040252685547,4.96064770617714,-4.948702520604528,4.985542827983946,4.971989827069477,4.989855296638433,-4.989162357908022,4.999713284057426,-4.9968887526494505,4.994451872843843,-4.999985403592666
99.0,76.0,130.2855987548828,4.988884671000415,-4.975016571656662,4.986101489700284,4.978729947381352,4.976377989514143,-4.976021992966413,4.997105999501164,-4.983227921519356,4.997475063242947,-4.999591991659521
99.0,76.0,130.39122009277344,4.965807294540381,-4.950202199049429,4.95556629162583,4.99182807929288,4.948751949798018,-4.999667910963317,4.993187822978632,-4.997451115515196,4.997579560459689,-4.9892150640286514
99.0,76.0,130.11865234375,4.972826651642428,-4.954671835231823,4.997582917504425,4.979476051554991,4.987358163721787,-4.995155244738706,4.994232062467481,-4.9978411478662,4.998931252225964,-4.999958680318322
99.0,76.0,130.3260040283203,4.985961432369898,-4.939228466414551,4.98882657368864,4.966427227398354,4.997368861537243,-4.977004154084966,4.983639575350772,-4.988807181851277,4.999972041216225,-4.997441513102016
99.0,76.0,130.25338745117188,4.9765790891340345,-4.986621788186229,4.984900027394708,4.998909959179433,4.991454770041226,-4.999838386864703,4.991770025298699,-4.967994930396934,4.997164601058612,-4.9974917181326965
99.0,76.0,130.3616943359375,4.987862132025894,-4.973773291077091,4.996997262946531,4.964627746460746,4.9234540523871,-4.99462601769503,4.996143357326607,-4.990737396974938,4.99882687748666,-4.996404798934193
99.0,76.0,130.35093688964844,4.971649865955454,-4.990633042976693,4.983022109820371,4.9933718347427085,4.958318219494707,-4.981344441339985,4.993123079129051,-4.979286125441098,4.99906603274118,-4.996216632767743
99.0,76.0,130.2173309326172,4.942658962710038,-4.9850270139096,4.97006866638128,4.99620812568205,4.98990701576835,-4.982073364552807,4.9999418769483714,-4.991523417728219,4.9950766378330815,-4.998285431218254
99.0,76.0,130.37362670898438,4.999947674154599,-4.94173678354314,4.995120842437355,4.956622459748029,4.998496246841242,-4.970831030027277,4.984787375411665,-4.985754747095863,4.993852087530796,-4.999958346214037
99.0,76.0,130.16949462890625,4.9572569023389566,-4.932742364146678,4.988863155277766,4.975635883806668,4.996798557678088,-4.994239115295688,4.993936927471877,-4.998738305803733,4.99969455352332,-4.998256227426689
99.0,76.0,130.35385131835938,4.8011346486139015,-4.968974937557827,4.995519974874733,4.969082663153269,4.976817696178786,-4.9990978253150455,4.9998118285915565,-4.999614148098917,4.999997065012926,-4.991381225914779
99.0,76.0,130.34695434570312,4.75559083176448,-4.992715407072602,4.927521466547135,4.972122164176414,4.997774299768525,-4.999366154228517,4.998312923671564,-4.998644689633165,4.999998904020749,-4.999596079040105
99.0,76.0,130.29896545410156,4.980923263555628,-4.962770897179696,4.967694088660491,4.972413868422837,4.931827052114988,-4.997282176358694,4.996098427530665,-4.999987756876522,4.998282576896418,-4.999616541354779
99.0,76.0,130.1695098876953,4.919726032955108,-4.984469941820013,4.951750601266246,4.989694539360325,4.999132758717734,-4.978254307128248,4.999762682472259,-4.9998622578349465,4.9999620061308,-4.999999963951627
99.0,76.0,130.33094787597656,4.97198492909382,-4.989195197351807,4.995497439691505,4.985162381733355,4.937822040772517,-4.996712086814367,4.993759742813115,-4.997802956791568,4.9992849865367,-4.986669139292879
99.0,76.0,130.4362030029297,4.987513255969399,-4.99987841181016,4.991378984376725,4.989130415419817,4.979427704740585,-4.936603980888727,4.993032990520741,-4.979094922331104,4.997733797758482,-4.995822999072184
99.0,76.0,130.3402099609375,4.965557866134627,-4.94304394842256,4.965112311160173,4.973998453053454,4.991291399448708,-4.998135366825467,4.99200241569134,-4.994825154128365,4.991040083036793,-4.993415087655461
99.0,76.0,130.1044921875,4.993144656518027,-4.948011800490836,4.998453898945375,4.980765409875287,4.998720761021147,-4.9885843244315975,4.995452277692905,-4.999905851992043,4.9954252919670346,-4.999889507048496
99.0,76.0,130.2794647216797,4.998064236664083,-4.923322772412302,4.992644290616878,4.995394605611288,4.996256733122284,-4.991188315880571,4.9829330150814775,-4.98698099814293,4.992386346284618,-4.998569568597225
99.0,76.0,130.2709503173828,4.960641257159473,-4.915307589912041,4.980233296977777,4.993473698453429,4.957400196380046,-4.996472858763597,4.994107105595647,-4.999229717842041,4.996345675384703,-4.99999954628903
99.0,76.0,130.370849609375,4.956486399589474,-4.945246038957611,4.962203757067863,4.977506837686237,4.991283582127414,-4.999437730142319,4.99244942685834,-4.99635032274737,4.991490916558927,-4.988767654354589
99.0,76.0,130.11407470703125,4.97655624353132,-4.973054038292416,4.994947332355745,4.977972809742403,4.982815098937847,-4.991097989973266,4.9986066755443135,-4.996553507914948,4.998885684057348,-4.99993072550302
99.0,76.0,130.40335083007812,4.962645299828475,-4.961265654173887,4.941875035796954,4.993188402492557,4.950993824460342,-4.996293235160876,4.996503697532842,-4.998954628804111,4.994605589261735,-4.989330287841484
99.0,76.0,130.14707946777344,4.908461601485751,-4.971880874627377,4.964429988079158,4.991549513795045,4.99400723967971,-4.993036700705863,4.99851415078345,-4.998719378394981,4.999793606963962,-4.99998923666926
99.0,76.0,130.11245727539062,4.935745486712962,-4.973713457423585,4.99089264007927,4.992397590389298,4.995259215028382,-4.995413611008758,4.992213652131978,-4.999869302192313,4.999152500568302,-4.99741761254109
99.0,76.0,130.25387573242188,4.974617035161405,-4.999882166978104,4.9702901280402845,4.996747437113236,4.97617296493091,-4.963997524133264,4.992916139492011,-4.9984352045639175,4.999580236786659,-4.995312342245649
99.0,76.0,130.1656036376953,4.987929356535986,-4.99645641851192,4.999631821210993,4.971039823908535,4.953161062978926,-4.999954484083687,4.992661988790763,-4.999220810318881,4.998947057444702,-4.997513063989754
99.0,76.0,130.2751922607422,4.846056207284539,-4.984307732809086,4.940594521567023,4.986833514838377,4.998053816913661,-4.986093287040875,4.997463998941301,-4.9999589906565705,4.999788692989879,-4.997922025080845
99.0,76.0,130.30511474609375,4.992542304535032,-4.991365444699612,4.996553734986876,4.970311054455497,4.926744476082643,-4.985840716309761,4.995405852957863,-4.999944274679317,4.999380553256592,-4.994808362472434
99.0,76.0,130.21888732910156,4.893059523473835,-4.985062528242349,4.965829825410778,4.996352168884872,4.960152638375757,-4.995127313028624,4.999412633827897,-4.999752365259671,4.998903366061256,-4.99969959512957
99.0,76.0,130.1990966796875,4.9400574585943176,-4.940711996132583,4.987443567502321,4.982561227817417,4.995007226477386,-4.975067193964586,4.998206933977254,-4.999293410640389,4.999507074166269,-4.999951500871636
99.0,76.0,130.2027587890625,4.965514166409898,-4.965733128782786,4.9968375977525,4.987829653581311,4.999321465875719,-4.994797551272741,4.99210893611294,-4.984350470174048,4.994227750113682,-4.998689975604083
99.0,76.0,130.26046752929688,4.902803427404235,-4.907285704654166,4.9916567429928085,4.97593597444394,4.9999990476779965,-4.995537118713615,4.993519428525602,-4.998665740599522,4.996411857867189,-4.998782594667027
99.0,76.0,130.41696166992188,4.901432531056862,-4.988814874948583,4.99995961094522,4.982084790893234,4.912513085846815,-4.999945698187067,4.999816009131865,-4.99170556857825,4.995781573192309,-4.994529156964474
99.0,76.0,130.1524658203125,4.998654179468616,-4.919754616511771,4.994436364617767,4.979443599945418,4.999153968411008,-4.9941007508485695,4.9911738279320055,-4.998071217264874,4.999953979932871,-4.996623665407299
99.0,76.0,130.28041076660156,4.965256690143129,-4.96469785973306,4.997103995272916,4.985380821123734,4.969592117539825,-4.993637841489152,4.994391148229498,-4.98002144915516,4.998472885246794,-4.998505215169166
99.0,76.0,130.23104858398438,4.825183782701776,-4.957325141731168,4.998303868783179,4.959556921568645,4.999997638724394,-4.9988551860572725,4.9978566223052745,-4.99851835004175,4.999983057964113,-4.9995619810618415
99.0,76.0,130.32659912109375,4.967998960879623,-4.9801499024942855,4.977696103166187,4.985827720678881,4.98646178198082,-4.964277195114696,4.999340949462437,-4.988686170916271,4.994858049277426,-4.995922381774514
99.0,76.0,130.27285766601562,4.94073006554291,-4.93442966254636,4.998555935179017,4.9778051573883975,4.992108368961947,-4.964237712284284,4.997237843927415,-4.999797844244768,4.9992148368817055,-4.997563004208836
99.0,76.0,130.18479919433594,4.977198847942322,-4.9352398676305205,4.9909718053313465,4.970930783745885,4.993836022733486,-4.998470102664981,4.989916695447874,-4.997995484359612,4.999934643479419,-4.996500234131629
99.0,76.0,130.30648803710938,4.976966441462696,-4.95859510334077,4.999810773737131,4.965006203709555,4.95013877488768,-4.97849391278538,4.990893102289276,-4.999952166038071,4.998455938215122,-4.99999718667857
99.0,76.0,130.33096313476562,4.849239350169231,-4.973721363586794,4.998576291970509,4.985247417051944,4.9502585721551,-4.992173066600685,4.995259128846244,-4.999880791367724,4.999871333220549,-4.996183998385459
99.0,76.0,130.27676391601562,4.944718421021253,-4.857872677787418,4.970287954414134,4.99161173561949,4.999998539200343,-4.9941412624743,4.995910566132992,-4.998894391441614,4.994889049955153,-4.999964603224069
99.0,76.0,130.18495178222656,4.950889136473863,-4.970298959139315,4.975385785929913,4.993462843312036,4.98396272579931,-4.983229130671193,4.995503111220268,-4.999218966457925,4.9997471898196055,-4.997376593145376
99.0,77.0,130.33450317382812,4.905430039334165,-4.998887371612083,4.990495931624899,4.993792124046629,4.99383785816586,-4.998974399918248,4.990035083045074,-4.965512060489802,4.995759873652592,-4.998109565108275
99.0,77.0,130.21609497070312,4.864626901958541,-4.988020362180265,4.942358640481536,4.981018292802611,4.99746821504171,-4.997794741391072,4.99925742030437,-4.999310027516182,4.999817580910426,-4.997946855309121
99.0,77.0,130.15655517578125,4.923254182184362,-4.953107273419512,4.9596584000686095,4.994612720646266,4.999049262578484,-4.988841994207382,4.99830180076538,-4.99909481974839,4.999935659047449,-4.999990115366573
99.0,77.0,130.195556640625,4.968560731120989,-4.98466810654216,4.99297325688603,4.9844562037568405,4.983923578496212,-4.989003610388274,4.99161575149987,-4.991935853077797,4.997922202666051,-4.997218550687565
99.0,77.0,130.28326416015625,4.955157276346066,-4.965591773644494,4.9916262483518805,4.976032537578009,4.929659658929338,-4.995483815768833,4.997777796048681,-4.999932441817532,4.998191559410813,-4.99920078242155
99.0,77.0,130.2040252685547,4.96064770617714,-4.948702520604528,4.985542827983946,4.971989827069477,4.989855296638433,-4.989162357908022,4.999713284057426,-4.9968887526494505,4.994451872843843,-4.999985403592666
99.0,77.0,130.2855987548828,4.988884671000415,-4.975016571656662,4.986101489700284,4.978729947381352,4.976377989514143,-4.976021992966413,4.997105999501164,-4.983227921519356,4.997475063242947,-4.999591991659521
99.0,77.0,130.27511596679688,4.97803537228711,-4.9775109353105655,4.996518665076318,4.989314984459882,4.993621823382378,-4.999851941861766,4.989519384377948,-4.9659301930590605,4.995381847946141,-4.999534118039685
99.0,77.0,130.11865234375,4.972826651642428,-4.954671835231823,4.997582917504425,4.979476051554991,4.987358163721787,-4.995155244738706,4.994232062467481,-4.9978411478662,4.998931252225964,-4.999958680318322
99.0,77.0,130.26197814941406,4.917049202429534,-4.9750278176598135,4.93384006758163,4.993374880267163,4.997368861537243,-4.994262327151338,4.983639575350772,-4.999944748132186,4.9998357761229535,-4.996703916985112
99.0,77.0,130.21279907226562,4.982690444218865,-4.895513015902159,4.990409428523175,4.978143022987449,4.999849745006351,-4.98327830442368,4.993397423514075,-4.998816444189284,4.999998992819146,-4.998450409193048
99.0,77.0,130.30784606933594,4.925539038727844,-4.947793436590473,4.99401157854637,4.966346305144739,4.966952729814487,-4.998462986331562,4.999755969560656,-4.998411369287547,4.992809643069408,-4.996404798934193
99.0,77.0,130.30313110351562,4.952134534272592,-4.844068177143332,4.983022109820371,4.978325084834497,4.999999623674355,-4.999561106430328,4.992742712121447,-4.998133440992044,4.993962036349826,-4.99980388373864
99.0,77.0,130.2173309326172,4.942658962710038,-4.9850270139096,4.97006866638128,4.99620812568205,4.98990701576835,-4.982073364552807,4.9999418769483714,-4.991523417728219,4.9950766378330815,-4.998285431218254
99.0,77.0,130.37362670898438,4.999947674154599,-4.94173678354314,4.995120842437355,4.956622459748029,4.998496246841242,-4.970831030027277,4.984787375411665,-4.985754747095863,4.993852087530796,-4.999958346214037
99.0,77.0,130.16949462890625,4.9572569023389566,-4.932742364146678,4.988863155277766,4.975635883806668,4.996798557678088,-4.994239115295688,4.993936927471877,-4.998738305803733,4.99969455352332,-4.998256227426689
99.0,77.0,130.28912353515625,4.975591235324656,-4.960246262465347,4.999481463135928,4.975129227634048,4.999891957953979,-4.983465672833566,4.98733481229901,-4.980028503342089,4.9954239904919495,-4.999844218171573
99.0,77.0,130.34695434570312,4.75559083176448,-4.992715407072602,4.927521466547135,4.972122164176414,4.997774299768525,-4.999366154228517,4.998312923671564,-4.998644689633165,4.999998904020749,-4.999596079040105
99.0,77.0,130.29896545410156,4.980923263555628,-4.962770897179696,4.967694088660491,4.972413868422837,4.931827052114988,-4.997282176358694,4.996098427530665,-4.999987756876522,4.998282576896418,-4.999616541354779
99.0,77.0,130.1695098876953,4.919726032955108,-4.984469941820013,4.951750601266246,4.989694539360325,4.999132758717734,-4.978254307128248,4.999762682472259,-4.9998622578349465,4.9999620061308,-4.999999963951627
99.0,77.0,130.33094787597656,4.97198492909382,-4.989195197351807,4.995497439691505,4.985162381733355,4.937822040772517,-4.996712086814367,4.993759742813115,-4.997802956791568,4.9992849865367,-4.986669139292879
99.0,77.0,130.2359619140625,4.987513255969399,-4.989731668408485,4.989692730309334,4.997623001690082,4.999748381874963,-4.999565081689695,4.991635494338299,-4.9638166771076175,4.99551243905297,-4.998854930741695
99.0,77.0,130.3402099609375,4.965557866134627,-4.94304394842256,4.965112311160173,4.973998453053454,4.991291399448708,-4.998135366825467,4.99200241569134,-4.994825154128365,4.991040083036793,-4.993415087655461
99.0,77.0,130.1044921875,4.993144656518027,-4.948011800490836,4.998453898945375,4.980765409875287,4.998720761021147,-4.9885843244315975,4.995452277692905,-4.999905851992043,4.9954252919670346,-4.999889507048496
99.0,77.0,130.09994506835938,4.998064236664083,-4.933393322608355,4.999570489152803,4.960880793782696,4.999270500618529,-4.998201601960386,4.9967023038741125,-4.997882720605116,4.999132662814691,-4.9999924633222745
99.0,77.0,130.2709503173828,4.960641257159473,-4.915307589912041,4.980233296977777,4.993473698453429,4.957400196380046,-4.996472858763597,4.994107105595647,-4.999229717842041,4.996345675384703,-4.99999954628903
99.0,77.0,130.27545166015625,4.813350602093441,-4.945246038957611,4.998651037206725,4.96116792926056,4.999999170739605,-4.99733365552577,4.99677587227588,-4.997893624505355,4.999985232103682,-4.998881824097796
99.0,77.0,130.11407470703125,4.97655624353132,-4.973054038292416,4.994947332355745,4.977972809742403,4.982815098937847,-4.991097989973266,4.9986066755443135,-4.996553507914948,4.998885684057348,-4.99993072550302
99.0,77.0,130.32643127441406,4.991075985026044,-4.94830613788093,4.99597972361831,4.998693847238519,4.96648332273992,-4.99230008473875,4.987993098812649,-4.991478885613075,4.992042818944855,-4.993183381692656
99.0,77.0,130.14707946777344,4.908461601485751,-4.971880874627377,4.964429988079158,4.991549513795045,4.99400723967971,-4.993036700705863,4.99851415078345,-4.998719378394981,4.999793606963962,-4.99998923666926
99.0,77.0,130.11245727539062,4.935745486712962,-4.973713457423585,4.99089264007927,4.992397590389298,4.995259215028382,-4.995413611008758,4.992213652131978,-4.999869302192313,4.999152500568302,-4.99741761254109
99.0,77.0,130.23452758789062,4.966122714696118,-4.934238247497616,4.980143820714708,4.996490508552919,4.958911340425669,-4.997740123051345,4.994991548846391,-4.998864039982445,4.996591234999492,-4.998757484944622
99.0,77.0,130.1656036376953,4.987929356535986,-4.99645641851192,4.999631821210993,4.971039823908535,4.953161062978926,-4.999954484083687,4.992661988790763,-4.999220810318881,4.998947057444702,-4.997513063989754
99.0,77.0,130.2751922607422,4.846056207284539,-4.984307732809086,4.940594521567023,4.986833514838377,4.998053816913661,-4.986093287040875,4.997463998941301,-4.9999589906565705,4.999788692989879,-4.997922025080845
99.0,77.0,130.30511474609375,4.992542304535032,-4.991365444699612,4.996553734986876,4.970311054455497,4.926744476082643,-4.985840716309761,4.995405852957863,-4.999944274679317,4.999380553256592,-4.994808362472434
99.0,77.0,130.21888732910156,4.893059523473835,-4.985062528242349,4.965829825410778,4.996352168884872,4.960152638375757,-4.995127313028624,4.999412633827897,-4.999752365259671,4.998903366061256,-4.99969959512957
99.0,77.0,130.16554260253906,4.98381919234542,-4.981876078848825,4.993936053863929,4.970504628444179,4.971058050901618,-4.987931814827804,4.998680037600123,-4.996585249570744,4.99864029407537,-4.999242907546508
99.0,77.0,130.2027587890625,4.965514166409898,-4.965733128782786,4.9968375977525,4.987829653581311,4.999321465875719,-4.994797551272741,4.99210893611294,-4.984350470174048,4.994227750113682,-4.998689975604083
99.0,77.0,130.26046752929688,4.902803427404235,-4.907285704654166,4.9916567429928085,4.97593597444394,4.9999990476779965,-4.995537118713615,4.993519428525602,-4.998665740599522,4.996411857867189,-4.998782594667027
99.0,77.0,130.41696166992188,4.901432531056862,-4.988814874948583,4.99995961094522,4.982084790893234,4.912513085846815,-4.999945698187067,4.999816009131865,-4.99170556857825,4.995781573192309,-4.994529156964474
99.0,77.0,130.1524658203125,4.998654179468616,-4.919754616511771,4.994436364617767,4.979443599945418,4.999153968411008,-4.9941007508485695,4.9911738279320055,-4.998071217264874,4.999953979932871,-4.996623665407299
99.0,77.0,130.265625,4.8397272556310735,-4.975707314042504,4.945275808647336,4.979434511440816,4.99454174623742,-4.9951561213058095,4.997964295705284,-4.998165540581728,4.999868202340604,-4.999937478624527
99.0,77.0,130.13502502441406,4.986437306595714,-4.989745958501454,4.998303868783179,4.99820101907134,4.999997638724394,-4.959029790429752,4.992866867224945,-4.99851835004175,4.996807640702118,-4.999614431084592
99.0,77.0,130.32659912109375,4.967998960879623,-4.9801499024942855,4.977696103166187,4.985827720678881,4.98646178198082,-4.964277195114696,4.999340949462437,-4.988686170916271,4.994858049277426,-4.995922381774514
99.0,77.0,130.27285766601562,4.94073006554291,-4.93442966254636,4.998555935179017,4.9778051573883975,4.992108368961947,-4.964237712284284,4.997237843927415,-4.999797844244768,4.9992148368817055,-4.997563004208836
99.0,77.0,130.18479919433594,4.977198847942322,-4.9352398676305205,4.9909718053313465,4.970930783745885,4.993836022733486,-4.998470102664981,4.989916695447874,-4.997995484359612,4.999934643479419,-4.996500234131629
99.0,77.0,130.30648803710938,4.976966441462696,-4.95859510334077,4.999810773737131,4.965006203709555,4.95013877488768,-4.97849391278538,4.990893102289276,-4.999952166038071,4.998455938215122,-4.99999718667857
99.0,77.0,130.29629516601562,4.934790233574116,-4.956557373800543,4.968561610373945,4.983429946252896,4.992190132176759,-4.95154660806252,4.999795810784365,-4.99910217185424,4.999964437546566,-4.999932917397144
99.0,77.0,130.20013427734375,4.959020976953584,-4.917061029946428,4.992817054678948,4.978094974449639,4.996756809608463,-4.999532958835255,4.993206486618437,-4.998354586760454,4.994889049955153,-4.998251303134161
99.0,77.0,130.18495178222656,4.950889136473863,-4.970298959139315,4.975385785929913,4.993462843312036,4.98396272579931,-4.983229130671193,4.995503111220268,-4.999218966457925,4.9997471898196055,-4.997376593145376
99.0,78.0,130.33450317382812,4.905430039334165,-4.998887371612083,4.990495931624899,4.993792124046629,4.99383785816586,-4.998974399918248,4.990035083045074,-4.965512060489802,4.995759873652592,-4.998109565108275
99.0,78.0,130.13877868652344,4.940053163691427,-4.990200217168349,4.983752722436442,4.993343663007582,4.994481427752665,-4.978130598817048,4.99925742030437,-4.99843114354166,4.998229597791296,-4.997946855309121
99.0,78.0,130.15655517578125,4.923254182184362,-4.953107273419512,4.9596584000686095,4.994612720646266,4.999049262578484,-4.988841994207382,4.99830180076538,-4.99909481974839,4.999935659047449,-4.999990115366573
99.0,78.0,130.17063903808594,4.996242496481634,-4.993564254905798,4.997108822668496,4.989351746139692,4.966057236468808,-4.989479472985834,4.995843510687838,-4.9929600804217245,4.996701164596181,-4.997218550687565
99.0,78.0,130.1762237548828,4.996746710186467,-4.960867799102057,4.997262718553904,4.993265326814107,4.999999481097533,-4.956154194923154,4.993694089001974,-4.999932441817532,4.998191559410813,-4.998159204768399
99.0,78.0,130.2040252685547,4.96064770617714,-4.948702520604528,4.985542827983946,4.971989827069477,4.989855296638433,-4.989162357908022,4.999713284057426,-4.9968887526494505,4.994451872843843,-4.999985403592666
99.0,78.0,130.2855987548828,4.988884671000415,-4.975016571656662,4.986101489700284,4.978729947381352,4.976377989514143,-4.976021992966413,4.997105999501164,-4.983227921519356,4.997475063242947,-4.999591991659521
99.0,78.0,130.18988037109375,4.942199219923348,-4.968080959238189,4.982407696918336,4.977359676038248,4.98014445364711,-4.999851941861766,4.995695909722903,-4.995567195465136,4.999447698627426,-4.99775754401529
99.0,78.0,130.11865234375,4.972826651642428,-4.954671835231823,4.997582917504425,4.979476051554991,4.987358163721787,-4.995155244738706,4.994232062467481,-4.9978411478662,4.998931252225964,-4.999958680318322
99.0,78.0,130.22886657714844,4.882007643943423,-4.971514786119446,4.94871501978146,4.993374880267163,4.997460608805332,-4.994262327151338,4.994895091890857,-4.999222167732093,4.999782956817252,-4.996716151912544
99.0,78.0,130.21279907226562,4.982690444218865,-4.895513015902159,4.990409428523175,4.978143022987449,4.999849745006351,-4.98327830442368,4.993397423514075,-4.998816444189284,4.999998992819146,-4.998450409193048
99.0,78.0,130.24444580078125,4.9318827971522285,-4.976219157240003,4.9620141070257,4.983852439026556,4.998372513495929,-4.982618357009181,4.993996776714175,-4.99256397120168,4.996862206403274,-4.999995489432693
99.0,78.0,130.22914123535156,4.952134534272592,-4.925715192031874,4.999597670034529,4.948335136471651,4.999999521361454,-4.999683166081771,4.99643180894317,-4.996860941429748,4.993962036349826,-4.999361723606272
99.0,78.0,130.2173309326172,4.942658962710038,-4.9850270139096,4.97006866638128,4.99620812568205,4.98990701576835,-4.982073364552807,4.9999418769483714,-4.991523417728219,4.9950766378330815,-4.998285431218254
99.0,78.0,130.2599334716797,4.965429265384943,-4.965072029908097,4.999612961275095,4.977992355821793,4.999955236263555,-4.989956481544496,4.984589688298363,-4.984382469121309,4.995647560203501,-4.998657497685595
99.0,78.0,130.16949462890625,4.9572569023389566,-4.932742364146678,4.988863155277766,4.975635883806668,4.996798557678088,-4.994239115295688,4.993936927471877,-4.998738305803733,4.99969455352332,-4.998256227426689
99.0,78.0,130.2539520263672,4.953334420451251,-4.905359839836676,4.9904748102513246,4.981561467366573,4.997736207218696,-4.995104711780044,4.98733481229901,-4.9970209355584885,4.994858363261476,-4.9994601338907945
99.0,78.0,130.34695434570312,4.75559083176448,-4.992715407072602,4.927521466547135,4.972122164176414,4.997774299768525,-4.999366154228517,4.998312923671564,-4.998644689633165,4.999998904020749,-4.999596079040105
99.0,78.0,130.234375,4.933788447137747,-4.994262235839235,4.952707894985123,4.999199210979028,4.992496380448592,-4.995101248828959,4.991863759231575,-4.991944705867192,4.995012307121275,-4.996670931012238
99.0,78.0,130.1695098876953,4.919726032955108,-4.984469941820013,4.951750601266246,4.989694539360325,4.999132758717734,-4.978254307128248,4.999762682472259,-4.9998622578349465,4.9999620061308,-4.999999963951627
99.0,78.0,130.28439331054688,4.994359262960591,-4.989195197351807,4.97242380532627,4.974488520041163,4.953001144862446,-4.998828287821743,4.994862621901991,-4.98228123650931,4.9992849865367,-4.999044233581111
99.0,78.0,130.2359619140625,4.987513255969399,-4.989731668408485,4.989692730309334,4.997623001690082,4.999748381874963,-4.999565081689695,4.991635494338299,-4.9638166771076175,4.99551243905297,-4.998854930741695
99.0,78.0,130.19508361816406,4.988345625870919,-4.975913836469146,4.979018083811144,4.982480385494695,4.976931273042864,-4.969923202868033,4.996227085764255,-4.999946191395037,4.999255874068059,-4.999999990486782
99.0,78.0,130.1044921875,4.993144656518027,-4.948011800490836,4.998453898945375,4.980765409875287,4.998720761021147,-4.9885843244315975,4.995452277692905,-4.999905851992043,4.9954252919670346,-4.999889507048496
99.0,78.0,130.09994506835938,4.998064236664083,-4.933393322608355,4.999570489152803,4.960880793782696,4.999270500618529,-4.998201601960386,4.9967023038741125,-4.997882720605116,4.999132662814691,-4.9999924633222745
99.0,78.0,130.1096954345703,4.960641257159473,-4.989774989887501,4.944123737866221,4.983291027558876,4.998219676990892,-4.996472858763597,4.999994884884691,-4.999997496738956,4.999917081514862,-4.9974085942510005
99.0,78.0,130.27545166015625,4.813350602093441,-4.945246038957611,4.998651037206725,4.96116792926056,4.999999170739605,-4.99733365552577,4.99677587227588,-4.997893624505355,4.999985232103682,-4.998881824097796
99.0,78.0,130.11407470703125,4.97655624353132,-4.973054038292416,4.994947332355745,4.977972809742403,4.982815098937847,-4.991097989973266,4.9986066755443135,-4.996553507914948,4.998885684057348,-4.99993072550302
99.0,78.0,130.32643127441406,4.991075985026044,-4.94830613788093,4.99597972361831,4.998693847238519,4.96648332273992,-4.99230008473875,4.987993098812649,-4.991478885613075,4.992042818944855,-4.993183381692656
99.0,78.0,130.14707946777344,4.908461601485751,-4.971880874627377,4.964429988079158,4.991549513795045,4.99400723967971,-4.993036700705863,4.99851415078345,-4.998719378394981,4.999793606963962,-4.99998923666926
99.0,78.0,130.11245727539062,4.935745486712962,-4.973713457423585,4.99089264007927,4.992397590389298,4.995259215028382,-4.995413611008758,4.992213652131978,-4.999869302192313,4.999152500568302,-4.99741761254109
99.0,78.0,130.16427612304688,4.973006077538733,-4.934238247497616,4.988186657783778,4.96065537162035,4.998941259487032,-4.997740123051345,4.992618857798588,-4.998301345353879,4.999999100603104,-4.9991337478818245
99.0,78.0,130.1656036376953,4.987929356535986,-4.99645641851192,4.999631821210993,4.971039823908535,4.953161062978926,-4.999954484083687,4.992661988790763,-4.999220810318881,4.998947057444702,-4.997513063989754
99.0,78.0,130.2751922607422,4.846056207284539,-4.984307732809086,4.940594521567023,4.986833514838377,4.998053816913661,-4.986093287040875,4.997463998941301,-4.9999589906565705,4.999788692989879,-4.997922025080845
99.0,78.0,130.30511474609375,4.992542304535032,-4.991365444699612,4.996553734986876,4.970311054455497,4.926744476082643,-4.985840716309761,4.995405852957863,-4.999944274679317,4.999380553256592,-4.994808362472434
99.0,78.0,130.21888732910156,4.893059523473835,-4.985062528242349,4.965829825410778,4.996352168884872,4.960152638375757,-4.995127313028624,4.999412633827897,-4.999752365259671,4.998903366061256,-4.99969959512957
99.0,78.0,130.16554260253906,4.98381919234542,-4.981876078848825,4.993936053863929,4.970504628444179,4.971058050901618,-4.987931814827804,4.998680037600123,-4.996585249570744,4.99864029407537,-4.999242907546508
99.0,78.0,130.2027587890625,4.965514166409898,-4.965733128782786,4.9968375977525,4.987829653581311,4.999321465875719,-4.994797551272741,4.99210893611294,-4.984350470174048,4.994227750113682,-4.998689975604083
99.0,78.0,130.26046752929688,4.902803427404235,-4.907285704654166,4.9916567429928085,4.97593597444394,4.9999990476779965,-4.995537118713615,4.993519428525602,-4.998665740599522,4.996411857867189,-4.998782594667027
99.0,78.0,130.20736694335938,4.972188749362372,-4.961720135001795,4.985505372788434,4.982084790893234,4.986609147630928,-4.982483632361268,4.99588668391324,-4.991174973183184,4.999908605890854,-4.998926571689369
99.0,78.0,130.1078643798828,4.99761258753712,-4.984360004882964,4.998799291530017,4.973888106855096,4.974772731687837,-4.983156293630869,4.999699647437629,-4.999125598502584,4.999625557828068,-4.999694603694262
99.0,78.0,130.265625,4.8397272556310735,-4.975707314042504,4.945275808647336,4.979434511440816,4.99454174623742,-4.9951561213058095,4.997964295705284,-4.998165540581728,4.999868202340604,-4.999937478624527
99.0,78.0,130.13502502441406,4.986437306595714,-4.989745958501454,4.998303868783179,4.99820101907134,4.999997638724394,-4.959029790429752,4.992866867224945,-4.99851835004175,4.996807640702118,-4.999614431084592
99.0,78.0,130.32659912109375,4.967998960879623,-4.9801499024942855,4.977696103166187,4.985827720678881,4.98646178198082,-4.964277195114696,4.999340949462437,-4.988686170916271,4.994858049277426,-4.995922381774514
99.0,78.0,130.167236328125,4.979810031330628,-4.982732090910854,4.998984436482244,4.983624800769255,4.968054797201901,-4.989889992414496,4.99674523513346,-4.999771721755391,4.995090795268949,-4.997563004208836
99.0,78.0,130.17832946777344,4.899482887744842,-4.980913514414644,4.988113184776054,4.99513034607032,4.979100329626361,-4.995544303194347,4.99374048497525,-4.999929678153618,4.999934643479419,-4.996500234131629
99.0,78.0,130.22842407226562,4.953954036725258,-4.920128052996905,4.970798826490625,4.987524900794669,4.999918398752145,-4.9731704066553135,4.998320417026267,-4.999749830926952,4.998455938215122,-4.999795477788193
99.0,78.0,130.2587890625,4.934790233574116,-4.955536062149848,4.99227929890316,4.983429946252896,4.964293756975726,-4.99933826724064,4.999982400598766,-4.998373502834916,4.992799974842681,-4.996343083296358
99.0,78.0,130.20013427734375,4.959020976953584,-4.917061029946428,4.992817054678948,4.978094974449639,4.996756809608463,-4.999532958835255,4.993206486618437,-4.998354586760454,4.994889049955153,-4.998251303134161
99.0,78.0,130.14947509765625,4.918694247182709,-4.970298959139315,4.968552353820769,4.987662809657135,4.994862228382472,-4.997479058029644,4.995503111220268,-4.99678885226025,4.9997471898196055,-4.999836607818166
99.0,79.0,130.21694946289062,4.899964377401489,-4.930008735607471,4.987098547128167,4.993792124046629,4.996715627639472,-4.989049329434327,4.992671484500182,-4.9987190527625405,4.999630359260828,-4.998512942841611
99.0,79.0,130.13877868652344,4.940053163691427,-4.990200217168349,4.983752722436442,4.993343663007582,4.994481427752665,-4.978130598817048,4.99925742030437,-4.99843114354166,4.998229597791296,-4.997946855309121
99.0,79.0,130.15655517578125,4.923254182184362,-4.953107273419512,4.9596584000686095,4.994612720646266,4.999049262578484,-4.988841994207382,4.99830180076538,-4.99909481974839,4.999935659047449,-4.999990115366573
99.0,79.0,130.17063903808594,4.996242496481634,-4.993564254905798,4.997108822668496,4.989351746139692,4.966057236468808,-4.989479472985834,4.995843510687838,-4.9929600804217245,4.996701164596181,-4.997218550687565
99.0,79.0,130.09744262695312,4.9964766886172,-4.999603819379897,4.998069659026186,4.993265326814107,4.954656849112176,-4.999970545510907,4.991876492650694,-4.999932441817532,4.99925875199361,-4.9978148777935205
99.0,79.0,130.2040252685547,4.96064770617714,-4.948702520604528,4.985542827983946,4.971989827069477,4.989855296638433,-4.989162357908022,4.999713284057426,-4.9968887526494505,4.994451872843843,-4.999985403592666
99.0,79.0,130.21786499023438,4.988884671000415,-4.953486350607324,4.999059313008583,4.991148895111987,4.976377989514143,-4.976021992966413,4.997105999501164,-4.999960406108171,4.99471795192235,-4.996412442507495
99.0,79.0,130.18988037109375,4.942199219923348,-4.968080959238189,4.982407696918336,4.977359676038248,4.98014445364711,-4.999851941861766,4.995695909722903,-4.995567195465136,4.999447698627426,-4.99775754401529
99.0,79.0,130.11865234375,4.972826651642428,-4.954671835231823,4.997582917504425,4.979476051554991,4.987358163721787,-4.995155244738706,4.994232062467481,-4.9978411478662,4.998931252225964,-4.999958680318322
99.0,79.0,130.22886657714844,4.882007643943423,-4.971514786119446,4.94871501978146,4.993374880267163,4.997460608805332,-4.994262327151338,4.994895091890857,-4.999222167732093,4.999782956817252,-4.996716151912544
99.0,79.0,130.21279907226562,4.982690444218865,-4.895513015902159,4.990409428523175,4.978143022987449,4.999849745006351,-4.98327830442368,4.993397423514075,-4.998816444189284,4.999998992819146,-4.998450409193048
99.0,79.0,130.24444580078125,4.9318827971522285,-4.976219157240003,4.9620141070257,4.983852439026556,4.998372513495929,-4.982618357009181,4.993996776714175,-4.99256397120168,4.996862206403274,-4.999995489432693
99.0,79.0,130.2142791748047,4.935146275998756,-4.947836041273259,4.994964171476759,4.9892236396200245,4.9792381288330425,-4.9959654955087,4.989960345179327,-4.998829062066816,4.997472346701531,-4.997872225120754
99.0,79.0,130.2173309326172,4.942658962710038,-4.9850270139096,4.97006866638128,4.99620812568205,4.98990701576835,-4.982073364552807,4.9999418769483714,-4.991523417728219,4.9950766378330815,-4.998285431218254
99.0,79.0,130.23019409179688,4.973523893288825,-4.960354886584573,4.999782569242818,4.989181179095798,4.997384694031043,-4.995521333288989,4.9883344209428,-4.984353992352732,4.993822997332433,-4.997398799898814
99.0,79.0,130.16949462890625,4.9572569023389566,-4.932742364146678,4.988863155277766,4.975635883806668,4.996798557678088,-4.994239115295688,4.993936927471877,-4.998738305803733,4.99969455352332,-4.998256227426689
99.0,79.0,130.2539520263672,4.953334420451251,-4.905359839836676,4.9904748102513246,4.981561467366573,4.997736207218696,-4.995104711780044,4.98733481229901,-4.9970209355584885,4.994858363261476,-4.9994601338907945
99.0,79.0,130.1979217529297,4.963878974872005,-4.958907631648866,4.9878936314484985,4.97202737511363,4.983333407778718,-4.9935843182784,4.992640323428262,-4.999245845929016,4.997978166830233,-4.997919018325105
99.0,79.0,130.21226501464844,4.9503802270451205,-4.934097967256603,4.99378189106717,4.968303100422042,4.983569350567167,-4.999959519128951,4.992328214557936,-4.998982779981254,4.999353904688462,-4.997740479973244
99.0,79.0,130.1695098876953,4.919726032955108,-4.984469941820013,4.951750601266246,4.989694539360325,4.999132758717734,-4.978254307128248,4.999762682472259,-4.9998622578349465,4.9999620061308,-4.999999963951627
99.0,79.0,130.18710327148438,4.92445638620392,-4.999770239054627,4.927232169934062,4.9924709340904165,4.978318378046993,-4.999058274505661,4.999999153139967,-4.999998556512462,4.9992849865367,-4.997929642972988
99.0,79.0,130.17916870117188,4.995529617449146,-4.997805579626465,4.99969730565911,4.984145419909467,4.9582322340219065,-4.984888200344551,4.989238780374523,-4.999785231084188,4.999352223041006,-4.997327577735717
99.0,79.0,130.19508361816406,4.988345625870919,-4.975913836469146,4.979018083811144,4.982480385494695,4.976931273042864,-4.969923202868033,4.996227085764255,-4.999946191395037,4.999255874068059,-4.999999990486782
99.0,79.0,130.1044921875,4.993144656518027,-4.948011800490836,4.998453898945375,4.980765409875287,4.998720761021147,-4.9885843244315975,4.995452277692905,-4.999905851992043,4.9954252919670346,-4.999889507048496
99.0,79.0,130.09994506835938,4.998064236664083,-4.933393322608355,4.999570489152803,4.960880793782696,4.999270500618529,-4.998201601960386,4.9967023038741125,-4.997882720605116,4.999132662814691,-4.9999924633222745
99.0,79.0,130.1096954345703,4.960641257159473,-4.989774989887501,4.944123737866221,4.983291027558876,4.998219676990892,-4.996472858763597,4.999994884884691,-4.999997496738956,4.999917081514862,-4.9974085942510005
99.0,79.0,130.1053466796875,4.99624830935108,-4.995207817299486,4.99936136981855,4.9963063219230754,4.96602707722643,-4.99733365552577,4.996490072987381,-4.997893624505355,4.995881862321527,-4.996223239029862
99.0,79.0,130.11407470703125,4.97655624353132,-4.973054038292416,4.994947332355745,4.977972809742403,4.982815098937847,-4.991097989973266,4.9986066755443135,-4.996553507914948,4.998885684057348,-4.99993072550302
99.0,79.0,130.16294860839844,4.958987436347443,-4.985516425484768,4.983771048875569,4.981587012882667,4.979405937612615,-4.989165950148388,4.9998238122822505,-4.997520721426499,4.996213265649958,-4.998844223324967
99.0,79.0,130.14707946777344,4.908461601485751,-4.971880874627377,4.964429988079158,4.991549513795045,4.99400723967971,-4.993036700705863,4.99851415078345,-4.998719378394981,4.999793606963962,-4.99998923666926
99.0,79.0,130.11245727539062,4.935745486712962,-4.973713457423585,4.99089264007927,4.992397590389298,4.995259215028382,-4.995413611008758,4.992213652131978,-4.999869302192313,4.999152500568302,-4.99741761254109
99.0,79.0,130.09373474121094,4.994527489821196,-4.996867975797389,4.988186657783778,4.965535008929364,4.998941259487032,-4.9948045079687375,4.995548982216887,-4.998346113173315,4.999595426177705,-4.994875986329848
99.0,79.0,130.05563354492188,4.987929356535986,-4.986299129484374,4.999631821210993,4.963236829160378,4.9982963617789,-4.999972684644437,4.999290636045391,-4.9964634482889245,4.998947057444702,-4.997513063989754
99.0,79.0,130.2751922607422,4.846056207284539,-4.984307732809086,4.940594521567023,4.986833514838377,4.998053816913661,-4.986093287040875,4.997463998941301,-4.9999589906565705,4.999788692989879,-4.997922025080845
99.0,79.0,130.09783935546875,4.98699201516439,-4.977315566025286,4.98924182623037,4.984132927316752,4.982285968000635,-4.990126468458053,4.996700199972023,-4.997273709877013,4.999814570447546,-4.9998167376407965
99.0,79.0,130.21888732910156,4.893059523473835,-4.985062528242349,4.965829825410778,4.996352168884872,4.960152638375757,-4.995127313028624,4.999412633827897,-4.999752365259671,4.998903366061256,-4.99969959512957
99.0,79.0,130.16554260253906,4.98381919234542,-4.981876078848825,4.993936053863929,4.970504628444179,4.971058050901618,-4.987931814827804,4.998680037600123,-4.996585249570744,4.99864029407537,-4.999242907546508
99.0,79.0,130.2027587890625,4.965514166409898,-4.965733128782786,4.9968375977525,4.987829653581311,4.999321465875719,-4.994797551272741,4.99210893611294,-4.984350470174048,4.994227750113682,-4.998689975604083
99.0,79.0,130.26046752929688,4.902803427404235,-4.907285704654166,4.9916567429928085,4.97593597444394,4.9999990476779965,-4.995537118713615,4.993519428525602,-4.998665740599522,4.996411857867189,-4.998782594667027
99.0,79.0,130.19192504882812,4.877476264406184,-4.961720135001795,4.969274868901879,4.995336447847655,4.999581915308261,-4.987196409653318,4.997630204077185,-4.999374621865145,4.9984990947126935,-4.9998592959095305
99.0,79.0,130.1078643798828,4.99761258753712,-4.984360004882964,4.998799291530017,4.973888106855096,4.974772731687837,-4.983156293630869,4.999699647437629,-4.999125598502584,4.999625557828068,-4.999694603694262
99.0,79.0,130.2164764404297,4.975024111942584,-4.968000965612358,4.98614687025623,4.979370530681028,4.9867697690798405,-4.964410687453469,4.998737179007903,-4.995401751285412,4.999914474161629,-4.999987698442901
99.0,79.0,130.1034393310547,4.9902819246882775,-4.940568156857239,4.9988043746534165,4.977932536979356,4.987532287484395,-4.998138228449914,4.994959812956846,-4.999304235435708,4.998212795007843,-4.999905689126224
99.0,79.0,130.16001892089844,4.994802907571446,-4.9801499024942855,4.998870170355168,4.971037631799044,4.988866412988733,-4.991097171838508,4.995673391259535,-4.988686170916271,4.996123271985421,-4.999970254911286
99.0,79.0,130.12741088867188,4.999538030522494,-4.9469954444168565,4.997747057332555,4.95639508222729,4.991120444208445,-4.994589887004935,4.9989262914404335,-4.9972547714573885,4.998987183739394,-4.999634576936368
99.0,79.0,130.17832946777344,4.899482887744842,-4.980913514414644,4.988113184776054,4.99513034607032,4.979100329626361,-4.995544303194347,4.99374048497525,-4.999929678153618,4.999934643479419,-4.996500234131629
99.0,79.0,130.1251678466797,4.9194937870336855,-4.994595052121918,4.963727559539693,4.993660399231093,4.999918398752145,-4.999357878174758,4.994484955727871,-4.999749830926952,4.998455938215122,-4.996177156142343
99.0,79.0,130.1911163330078,4.993953425387275,-4.924509366885659,4.97403622280008,4.992654914754423,4.999940388927602,-4.964719499566533,4.999219610409755,-4.999860463650212,4.99850284011022,-4.999826720451743
99.0,79.0,130.20013427734375,4.959020976953584,-4.917061029946428,4.992817054678948,4.978094974449639,4.996756809608463,-4.999532958835255,4.993206486618437,-4.998354586760454,4.994889049955153,-4.998251303134161
99.0,79.0,130.14947509765625,4.918694247182709,-4.970298959139315,4.968552353820769,4.987662809657135,4.994862228382472,-4.997479058029644,4.995503111220268,-4.99678885226025,4.9997471898196055,-4.999836607818166
99.0,80.0,130.20408630371094,4.998751342876805,-4.988975111712612,4.999263620133568,4.974473312121543,4.983429394701705,-4.992857295789937,4.992671484500182,-4.985193115429615,4.9948459172494815,-4.998579535011677
99.0,80.0,130.13877868652344,4.940053163691427,-4.990200217168349,4.983752722436442,4.993343663007582,4.994481427752665,-4.978130598817048,4.99925742030437,-4.99843114354166,4.998229597791296,-4.997946855309121
99.0,80.0,130.15655517578125,4.923254182184362,-4.953107273419512,4.9596584000686095,4.994612720646266,4.999049262578484,-4.988841994207382,4.99830180076538,-4.99909481974839,4.999935659047449,-4.999990115366573
99.0,80.0,130.16688537597656,4.997005636386217,-4.978214046644575,4.9999022506726885,4.979817354148315,4.951107232720952,-4.999029059631576,4.991342195928565,-4.998561079176748,4.998793803105876,-4.998927869136204
99.0,80.0,130.09744262695312,4.9964766886172,-4.999603819379897,4.998069659026186,4.993265326814107,4.954656849112176,-4.999970545510907,4.991876492650694,-4.999932441817532,4.99925875199361,-4.9978148777935205
99.0,80.0,130.13279724121094,4.944641661388236,-4.986193225039528,4.993966098538679,4.987200552536683,4.974508659548823,-4.997375627007621,4.994884649203582,-4.999977844161706,4.999225861352926,-4.997196607273935
99.0,80.0,130.1256866455078,4.9826927561885554,-4.997907349152468,4.9893904708616645,4.965510984660459,4.997394791788087,-4.9957775874822925,4.995453513769068,-4.9981151844589,4.997040454745708,-4.994776433300405
99.0,80.0,130.18988037109375,4.942199219923348,-4.968080959238189,4.982407696918336,4.977359676038248,4.98014445364711,-4.999851941861766,4.995695909722903,-4.995567195465136,4.999447698627426,-4.99775754401529
99.0,80.0,130.11865234375,4.972826651642428,-4.954671835231823,4.997582917504425,4.979476051554991,4.987358163721787,-4.995155244738706,4.994232062467481,-4.9978411478662,4.998931252225964,-4.999958680318322
99.0,80.0,130.22886657714844,4.882007643943423,-4.971514786119446,4.94871501978146,4.993374880267163,4.997460608805332,-4.994262327151338,4.994895091890857,-4.999222167732093,4.999782956817252,-4.996716151912544
99.0,80.0,130.21279907226562,4.982690444218865,-4.895513015902159,4.990409428523175,4.978143022987449,4.999849745006351,-4.98327830442368,4.993397423514075,-4.998816444189284,4.999998992819146,-4.998450409193048
99.0,80.0,130.21728515625,4.990257821640671,-4.98330600815161,4.981403832212414,4.967411359941302,4.9773491495296485,-4.972778381614583,4.998424857841521,-4.998566831673453,4.996862206403274,-4.9999999974400975
99.0,80.0,130.2142791748047,4.935146275998756,-4.947836041273259,4.994964171476759,4.9892236396200245,4.9792381288330425,-4.9959654955087,4.989960345179327,-4.998829062066816,4.997472346701531,-4.997872225120754
99.0,80.0,130.2173309326172,4.942658962710038,-4.9850270139096,4.97006866638128,4.99620812568205,4.98990701576835,-4.982073364552807,4.9999418769483714,-4.991523417728219,4.9950766378330815,-4.998285431218254
99.0,80.0,130.23019409179688,4.973523893288825,-4.960354886584573,4.999782569242818,4.989181179095798,4.997384694031043,-4.995521333288989,4.9883344209428,-4.984353992352732,4.993822997332433,-4.997398799898814
99.0,80.0,130.15855407714844,4.934117979996545,-4.929969078178502,4.983242680566759,4.98636092384438,4.999609415861778,-4.989738429085981,4.999647989544236,-4.999700547382522,4.99969455352332,-4.998256227426689
99.0,80.0,130.2539520263672,4.953334420451251,-4.905359839836676,4.9904748102513246,4.981561467366573,4.997736207218696,-4.995104711780044,4.98733481229901,-4.9970209355584885,4.994858363261476,-4.9994601338907945
99.0,80.0,130.17410278320312,4.877879192269602,-4.987986371532435,4.965715166475212,4.99843530776098,4.988629756173673,-4.996227673349026,4.995527751242362,-4.999208264409268,4.999911052244219,-4.997919018325105
99.0,80.0,130.2035675048828,4.98306778351704,-4.965167054304523,4.990302830331528,4.972006144851516,4.9924066903777184,-4.9933622371685455,4.992328214557936,-4.992008311071974,4.996153492145684,-4.997682305714136
99.0,80.0,130.1695098876953,4.919726032955108,-4.984469941820013,4.951750601266246,4.989694539360325,4.999132758717734,-4.978254307128248,4.999762682472259,-4.9998622578349465,4.9999620061308,-4.999999963951627
99.0,80.0,130.18710327148438,4.92445638620392,-4.999770239054627,4.927232169934062,4.9924709340904165,4.978318378046993,-4.999058274505661,4.999999153139967,-4.999998556512462,4.9992849865367,-4.997929642972988
99.0,80.0,130.16151428222656,4.954199121575333,-4.950647920521307,4.990914030607962,4.975593684926478,4.99403251429369,-4.994998483319984,4.989238780374523,-4.999043522617515,4.9986873027528524,-4.999989372277712
99.0,80.0,130.0552215576172,4.99892156586651,-4.998911868643362,4.9964381121291055,4.986968046597266,4.976931273042864,-4.993538896295178,4.99897948392805,-4.999817280441864,4.998290510692995,-4.997145292853709
99.0,80.0,130.1044921875,4.993144656518027,-4.948011800490836,4.998453898945375,4.980765409875287,4.998720761021147,-4.9885843244315975,4.995452277692905,-4.999905851992043,4.9954252919670346,-4.999889507048496
99.0,80.0,130.09994506835938,4.998064236664083,-4.933393322608355,4.999570489152803,4.960880793782696,4.999270500618529,-4.998201601960386,4.9967023038741125,-4.997882720605116,4.999132662814691,-4.9999924633222745
99.0,80.0,130.1096954345703,4.960641257159473,-4.989774989887501,4.944123737866221,4.983291027558876,4.998219676990892,-4.996472858763597,4.999994884884691,-4.999997496738956,4.999917081514862,-4.9974085942510005
99.0,80.0,130.1053466796875,4.99624830935108,-4.995207817299486,4.99936136981855,4.9963063219230754,4.96602707722643,-4.99733365552577,4.996490072987381,-4.997893624505355,4.995881862321527,-4.996223239029862
99.0,80.0,130.11407470703125,4.97655624353132,-4.973054038292416,4.994947332355745,4.977972809742403,4.982815098937847,-4.991097989973266,4.9986066755443135,-4.996553507914948,4.998885684057348,-4.99993072550302
99.0,80.0,130.16294860839844,4.958987436347443,-4.985516425484768,4.983771048875569,4.981587012882667,4.979405937612615,-4.989165950148388,4.9998238122822505,-4.997520721426499,4.996213265649958,-4.998844223324967
99.0,80.0,130.14707946777344,4.908461601485751,-4.971880874627377,4.964429988079158,4.991549513795045,4.99400723967971,-4.993036700705863,4.99851415078345,-4.998719378394981,4.999793606963962,-4.99998923666926
99.0,80.0,130.11245727539062,4.935745486712962,-4.973713457423585,4.99089264007927,4.992397590389298,4.995259215028382,-4.995413611008758,4.992213652131978,-4.999869302192313,4.999152500568302,-4.99741761254109
99.0,80.0,130.09373474121094,4.994527489821196,-4.996867975797389,4.988186657783778,4.965535008929364,4.998941259487032,-4.9948045079687375,4.995548982216887,-4.998346113173315,4.999595426177705,-4.994875986329848
99.0,80.0,130.05563354492188,4.987929356535986,-4.986299129484374,4.999631821210993,4.963236829160378,4.9982963617789,-4.999972684644437,4.999290636045391,-4.9964634482889245,4.998947057444702,-4.997513063989754
99.0,80.0,130.2751922607422,4.846056207284539,-4.984307732809086,4.940594521567023,4.986833514838377,4.998053816913661,-4.986093287040875,4.997463998941301,-4.9999589906565705,4.999788692989879,-4.997922025080845
99.0,80.0,130.09783935546875,4.98699201516439,-4.977315566025286,4.98924182623037,4.984132927316752,4.982285968000635,-4.990126468458053,4.996700199972023,-4.997273709877013,4.999814570447546,-4.9998167376407965
99.0,80.0,130.07369995117188,4.992238471799453,-4.95215099298019,4.997482042509945,4.984628757175591,4.995195700436215,-4.998724576725005,4.99449725059607,-4.996762282927987,4.997565489308183,-4.999861976863254
99.0,80.0,130.16554260253906,4.98381919234542,-4.981876078848825,4.993936053863929,4.970504628444179,4.971058050901618,-4.987931814827804,4.998680037600123,-4.996585249570744,4.99864029407537,-4.999242907546508
99.0,80.0,130.2027587890625,4.965514166409898,-4.965733128782786,4.9968375977525,4.987829653581311,4.999321465875719,-4.994797551272741,4.99210893611294,-4.984350470174048,4.994227750113682,-4.998689975604083
99.0,80.0,130.26046752929688,4.902803427404235,-4.907285704654166,4.9916567429928085,4.97593597444394,4.9999990476779965,-4.995537118713615,4.993519428525602,-4.998665740599522,4.996411857867189,-4.998782594667027
99.0,80.0,130.19192504882812,4.877476264406184,-4.961720135001795,4.969274868901879,4.995336447847655,4.999581915308261,-4.987196409653318,4.997630204077185,-4.999374621865145,4.9984990947126935,-4.9998592959095305
99.0,80.0,130.1078643798828,4.99761258753712,-4.984360004882964,4.998799291530017,4.973888106855096,4.974772731687837,-4.983156293630869,4.999699647437629,-4.999125598502584,4.999625557828068,-4.999694603694262
99.0,80.0,130.2164764404297,4.975024111942584,-4.968000965612358,4.98614687025623,4.979370530681028,4.9867697690798405,-4.964410687453469,4.998737179007903,-4.995401751285412,4.999914474161629,-4.999987698442901
99.0,80.0,130.1034393310547,4.9902819246882775,-4.940568156857239,4.9988043746534165,4.977932536979356,4.987532287484395,-4.998138228449914,4.994959812956846,-4.999304235435708,4.998212795007843,-4.999905689126224
99.0,80.0,130.16001892089844,4.994802907571446,-4.9801499024942855,4.998870170355168,4.971037631799044,4.988866412988733,-4.991097171838508,4.995673391259535,-4.988686170916271,4.996123271985421,-4.999970254911286
99.0,80.0,130.12741088867188,4.999538030522494,-4.9469954444168565,4.997747057332555,4.95639508222729,4.991120444208445,-4.994589887004935,4.9989262914404335,-4.9972547714573885,4.998987183739394,-4.999634576936368
99.0,80.0,130.13157653808594,4.908679284483103,-4.981527019377332,4.976377358237443,4.996490969440369,4.999011247358724,-4.995544303194347,4.992849176508372,-4.999343154389338,4.999560469365123,-4.997356576291012
99.0,80.0,130.1251678466797,4.9194937870336855,-4.994595052121918,4.963727559539693,4.993660399231093,4.999918398752145,-4.999357878174758,4.994484955727871,-4.999749830926952,4.998455938215122,-4.996177156142343
99.0,80.0,130.17312622070312,4.998973656459217,-4.903813912943523,4.995983744662178,4.960214279498925,4.997578258838525,-4.992263131802872,4.996284984397409,-4.9983703687666585,4.999666533111282,-4.999238327759638
99.0,80.0,130.20013427734375,4.959020976953584,-4.917061029946428,4.992817054678948,4.978094974449639,4.996756809608463,-4.999532958835255,4.993206486618437,-4.998354586760454,4.994889049955153,-4.998251303134161
99.0,80.0,130.14947509765625,4.918694247182709,-4.970298959139315,4.968552353820769,4.987662809657135,4.994862228382472,-4.997479058029644,4.995503111220268,-4.99678885226025,4.9997471898196055,-4.999836607818166
99.0,81.0,130.11123657226562,4.998751342876805,-4.975481281553872,4.999297323374754,4.976651430424388,4.988751670169555,-4.980816085808977,4.999809586182863,-4.994411091731269,4.999166966447925,-4.999793227308049
99.0,81.0,130.13877868652344,4.940053163691427,-4.990200217168349,4.983752722436442,4.993343663007582,4.994481427752665,-4.978130598817048,4.99925742030437,-4.99843114354166,4.998229597791296,-4.997946855309121
99.0,81.0,130.15655517578125,4.923254182184362,-4.953107273419512,4.9596584000686095,4.994612720646266,4.999049262578484,-4.988841994207382,4.99830180076538,-4.99909481974839,4.999935659047449,-4.999990115366573
99.0,81.0,130.1035919189453,4.997005636386217,-4.949662607384076,4.993290852890165,4.995079767715391,4.998707882964915,-4.995829922733689,4.991916073312456,-4.991620489124037,4.998793803105876,-4.998558713883124
99.0,81.0,130.09744262695312,4.9964766886172,-4.999603819379897,4.998069659026186,4.993265326814107,4.954656849112176,-4.999970545510907,4.991876492650694,-4.999932441817532,4.99925875199361,-4.9978148777935205
99.0,81.0,130.13279724121094,4.944641661388236,-4.986193225039528,4.993966098538679,4.987200552536683,4.974508659548823,-4.997375627007621,4.994884649203582,-4.999977844161706,4.999225861352926,-4.997196607273935
99.0,81.0,130.1256866455078,4.9826927561885554,-4.997907349152468,4.9893904708616645,4.965510984660459,4.997394791788087,-4.9957775874822925,4.995453513769068,-4.9981151844589,4.997040454745708,-4.994776433300405
99.0,81.0,130.11903381347656,4.999037744985434,-4.966803423100481,4.9986529968,4.987430015754077,4.975093010801067,-4.9999703204656365,4.992683941311283,-4.995567195465136,4.997321270395185,-4.998851111850932
99.0,81.0,130.11865234375,4.972826651642428,-4.954671835231823,4.997582917504425,4.979476051554991,4.987358163721787,-4.995155244738706,4.994232062467481,-4.9978411478662,4.998931252225964,-4.999958680318322
99.0,81.0,130.22451782226562,4.975379711603026,-4.956830736699587,4.999872166007522,4.981250980949467,4.991272818237805,-4.999500750831683,4.994895091890857,-4.983587255353259,4.994039076089068,-4.99744849210321
99.0,81.0,130.20851135253906,4.908769748555637,-4.967913708001545,4.980229181060405,4.995641628533018,4.99797791586883,-4.98327830442368,4.986200222908492,-4.999906595232432,4.998973945565718,-4.998850371955035
99.0,81.0,130.20977783203125,4.97045082125461,-4.929766325822975,4.995020799252206,4.974330876084683,4.994283056308817,-4.991054216153984,4.98696747677863,-4.998997700244058,4.9964414079789385,-4.999990524809606
99.0,81.0,130.1536102294922,4.969795737320405,-4.988187928093247,4.994964171476759,4.979748574257831,4.964706004675769,-4.994186450484642,4.998371967090522,-4.999066627680286,4.997472346701531,-4.997940430790912
99.0,81.0,130.13119506835938,4.9664187150465215,-4.991980313151258,4.987606501940709,4.964455508926514,4.999776972138532,-4.992806587907918,4.995705453170469,-4.998501690092849,4.999699177685499,-4.995141632096281
99.0,81.0,130.1112060546875,4.973523893288825,-4.99661375692351,4.997336299384152,4.989491344576303,4.9734242699567535,-4.996850149431412,4.996129290584979,-4.998000854780704,4.996489340347187,-4.997281812608341
99.0,81.0,130.15855407714844,4.934117979996545,-4.929969078178502,4.983242680566759,4.98636092384438,4.999609415861778,-4.989738429085981,4.999647989544236,-4.999700547382522,4.99969455352332,-4.998256227426689
99.0,81.0,130.16920471191406,4.875398029254686,-4.983466973884841,4.9655189171489065,4.998315887418343,4.999019117343703,-4.99678771437992,4.992737662396145,-4.99997912982472,4.999500035766291,-4.997357345404192
99.0,81.0,130.17410278320312,4.877879192269602,-4.987986371532435,4.965715166475212,4.99843530776098,4.988629756173673,-4.996227673349026,4.995527751242362,-4.999208264409268,4.999911052244219,-4.997919018325105
99.0,81.0,130.14129638671875,4.928848789117112,-4.972471494406516,4.988461021246226,4.99070585118384,4.993401874635272,-4.997801371607226,4.991703847213225,-4.9985991277263935,4.998659868691953,-4.997191764467213
99.0,81.0,130.1695098876953,4.919726032955108,-4.984469941820013,4.951750601266246,4.989694539360325,4.999132758717734,-4.978254307128248,4.999762682472259,-4.9998622578349465,4.9999620061308,-4.999999963951627
99.0,81.0,130.1349639892578,4.988587777508645,-4.986109974038444,4.98326255954847,4.972648750297914,4.98575506018424,-4.992919149945537,4.992924115584126,-4.999998556512462,4.995712121419233,-4.99960608933293
99.0,81.0,130.16151428222656,4.954199121575333,-4.950647920521307,4.990914030607962,4.975593684926478,4.99403251429369,-4.994998483319984,4.989238780374523,-4.999043522617515,4.9986873027528524,-4.999989372277712
99.0,81.0,130.0552215576172,4.99892156586651,-4.998911868643362,4.9964381121291055,4.986968046597266,4.976931273042864,-4.993538896295178,4.99897948392805,-4.999817280441864,4.998290510692995,-4.997145292853709
99.0,81.0,130.1044921875,4.993144656518027,-4.948011800490836,4.998453898945375,4.980765409875287,4.998720761021147,-4.9885843244315975,4.995452277692905,-4.999905851992043,4.9954252919670346,-4.999889507048496
99.0,81.0,130.09994506835938,4.998064236664083,-4.933393322608355,4.999570489152803,4.960880793782696,4.999270500618529,-4.998201601960386,4.9967023038741125,-4.997882720605116,4.999132662814691,-4.9999924633222745
99.0,81.0,130.1096954345703,4.960641257159473,-4.989774989887501,4.944123737866221,4.983291027558876,4.998219676990892,-4.996472858763597,4.999994884884691,-4.999997496738956,4.999917081514862,-4.9974085942510005
99.0,81.0,130.03738403320312,4.998396271931489,-4.995207817299486,4.999280754476979,4.968552419626908,4.999187718144762,-4.99733365552577,4.997346040105467,-4.99974315000638,4.995025225779583,-4.99872773513429
99.0,81.0,130.11407470703125,4.97655624353132,-4.973054038292416,4.994947332355745,4.977972809742403,4.982815098937847,-4.991097989973266,4.9986066755443135,-4.996553507914948,4.998885684057348,-4.99993072550302
99.0,81.0,130.1480255126953,4.930187526635622,-4.997533566395481,4.980881408774728,4.989954315176301,4.987648097237315,-4.999363050064688,4.992776379946973,-4.999880700818316,4.99810103936786,-4.9947804020960245
99.0,81.0,130.119384765625,4.982440810554211,-4.951019679513352,4.997537019576317,4.974604563262762,4.981341986735211,-4.994324935074045,4.997014525430968,-4.998719378394981,4.999793606963962,-4.999940063446107
99.0,81.0,130.0630645751953,4.965692725386154,-4.982632916066744,4.990131454255478,4.990917883741737,4.995259215028382,-4.99349771391773,4.996399821901802,-4.996024928702795,4.998967642220314,-4.999849022932304
99.0,81.0,130.09373474121094,4.994527489821196,-4.996867975797389,4.988186657783778,4.965535008929364,4.998941259487032,-4.9948045079687375,4.995548982216887,-4.998346113173315,4.999595426177705,-4.994875986329848
99.0,81.0,130.05563354492188,4.987929356535986,-4.986299129484374,4.999631821210993,4.963236829160378,4.9982963617789,-4.999972684644437,4.999290636045391,-4.9964634482889245,4.998947057444702,-4.997513063989754
99.0,81.0,130.15255737304688,4.974298647976507,-4.989189616029179,4.988708794883047,4.963397316238249,4.997764049805335,-4.9973903142287694,4.993389562489394,-4.997138421478219,4.998657671234442,-4.994233093645567
99.0,81.0,130.09783935546875,4.98699201516439,-4.977315566025286,4.98924182623037,4.984132927316752,4.982285968000635,-4.990126468458053,4.996700199972023,-4.997273709877013,4.999814570447546,-4.9998167376407965
99.0,81.0,130.07369995117188,4.992238471799453,-4.95215099298019,4.997482042509945,4.984628757175591,4.995195700436215,-4.998724576725005,4.99449725059607,-4.996762282927987,4.997565489308183,-4.999861976863254
99.0,81.0,130.16554260253906,4.98381919234542,-4.981876078848825,4.993936053863929,4.970504628444179,4.971058050901618,-4.987931814827804,4.998680037600123,-4.996585249570744,4.99864029407537,-4.999242907546508
99.0,81.0,130.2018280029297,4.881544523694023,-4.994268404247668,4.965712624913512,4.99641309269885,4.982249978275394,-4.988736705939504,4.997897668482754,-4.999118945942707,4.999924907707235,-4.997813475609124
99.0,81.0,130.19134521484375,4.902803427404235,-4.999632906789304,4.998119209481158,4.996508193908179,4.952329826827108,-4.999980237465253,4.993519428525602,-4.998905361186884,4.9980420002381285,-4.998520661628623
99.0,81.0,130.19192504882812,4.877476264406184,-4.961720135001795,4.969274868901879,4.995336447847655,4.999581915308261,-4.987196409653318,4.997630204077185,-4.999374621865145,4.9984990947126935,-4.9998592959095305
99.0,81.0,130.1078643798828,4.99761258753712,-4.984360004882964,4.998799291530017,4.973888106855096,4.974772731687837,-4.983156293630869,4.999699647437629,-4.999125598502584,4.999625557828068,-4.999694603694262
99.0,81.0,130.11558532714844,4.975747864712781,-4.98054984158173,4.971300229221495,4.975446489517712,4.996261554133326,-4.992904953325338,4.998737179007903,-4.9960883615709415,4.998658854118111,-4.999384784530948
99.0,81.0,130.0550537109375,4.972773710805262,-4.980354708792845,4.998940651680371,4.977022622101982,4.992837920067066,-4.999084288333513,4.997121003508086,-4.996327684307671,4.998974808228565,-4.999905689126224
99.0,81.0,130.16001892089844,4.994802907571446,-4.9801499024942855,4.998870170355168,4.971037631799044,4.988866412988733,-4.991097171838508,4.995673391259535,-4.988686170916271,4.996123271985421,-4.999970254911286
99.0,81.0,130.12741088867188,4.999538030522494,-4.9469954444168565,4.997747057332555,4.95639508222729,4.991120444208445,-4.994589887004935,4.9989262914404335,-4.9972547714573885,4.998987183739394,-4.999634576936368
99.0,81.0,130.13157653808594,4.908679284483103,-4.981527019377332,4.976377358237443,4.996490969440369,4.999011247358724,-4.995544303194347,4.992849176508372,-4.999343154389338,4.999560469365123,-4.997356576291012
99.0,81.0,130.1251678466797,4.9194937870336855,-4.994595052121918,4.963727559539693,4.993660399231093,4.999918398752145,-4.999357878174758,4.994484955727871,-4.999749830926952,4.998455938215122,-4.996177156142343
99.0,81.0,130.17312622070312,4.998973656459217,-4.903813912943523,4.995983744662178,4.960214279498925,4.997578258838525,-4.992263131802872,4.996284984397409,-4.9983703687666585,4.999666533111282,-4.999238327759638
99.0,81.0,130.18191528320312,4.97449875469897,-4.917061029946428,4.992453669779794,4.967391668995357,4.999371512212208,-4.990451227761589,4.999944871890559,-4.999647106606882,4.994889049955153,-4.9995252886159145
99.0,81.0,130.11862182617188,4.999443513642909,-4.970861541909249,4.994029013286465,4.979999952619382,4.980859664873977,-4.99502373333269,4.993479448509123,-4.996600729565979,4.997411818663462,-4.999814275494533
99.0,82.0,130.11123657226562,4.998751342876805,-4.975481281553872,4.999297323374754,4.976651430424388,4.988751670169555,-4.980816085808977,4.999809586182863,-4.994411091731269,4.999166966447925,-4.999793227308049
99.0,82.0,130.13877868652344,4.940053163691427,-4.990200217168349,4.983752722436442,4.993343663007582,4.994481427752665,-4.978130598817048,4.99925742030437,-4.99843114354166,4.998229597791296,-4.997946855309121
99.0,82.0,130.15655517578125,4.923254182184362,-4.953107273419512,4.9596584000686095,4.994612720646266,4.999049262578484,-4.988841994207382,4.99830180076538,-4.99909481974839,4.999935659047449,-4.999990115366573
99.0,82.0,130.1035919189453,4.997005636386217,-4.949662607384076,4.993290852890165,4.995079767715391,4.998707882964915,-4.995829922733689,4.991916073312456,-4.991620489124037,4.998793803105876,-4.998558713883124
99.0,82.0,130.07269287109375,4.9964766886172,-4.999603819379897,4.996760275416483,4.981578753932421,4.983760602727108,-4.983961778966847,4.999448481630298,-4.999239228574931,4.9992133587193655,-4.997616350582268
99.0,82.0,130.13279724121094,4.944641661388236,-4.986193225039528,4.993966098538679,4.987200552536683,4.974508659548823,-4.997375627007621,4.994884649203582,-4.999977844161706,4.999225861352926,-4.997196607273935
99.0,82.0,130.1256866455078,4.9826927561885554,-4.997907349152468,4.9893904708616645,4.965510984660459,4.997394791788087,-4.9957775874822925,4.995453513769068,-4.9981151844589,4.997040454745708,-4.994776433300405
99.0,82.0,130.09698486328125,4.938491802684671,-4.99138085121365,4.989732694380358,4.987430015754077,4.992286133600945,-4.9995559718604765,4.993604400390141,-4.9990624888511945,4.998441844688533,-4.997399276520211
99.0,82.0,130.11865234375,4.972826651642428,-4.954671835231823,4.997582917504425,4.979476051554991,4.987358163721787,-4.995155244738706,4.994232062467481,-4.9978411478662,4.998931252225964,-4.999958680318322
99.0,82.0,130.21054077148438,4.981843417018778,-4.949072396341913,4.999122409632278,4.988902483068359,4.979231737855792,-4.999982609738205,4.990841273706481,-4.983587255353259,4.9988088610619945,-4.999042753323323
99.0,82.0,130.0929718017578,4.980591907347639,-4.973717156925963,4.996730517244578,4.995641628533018,4.970213347321993,-4.988611420724499,4.998578104840424,-4.999906595232432,4.998876404035977,-4.9998597870108
99.0,82.0,130.1103973388672,4.998673726639858,-4.999725327678656,4.999686217476348,4.993470489131369,4.943651855890092,-4.999337739674127,4.993591743506276,-4.999963328665263,4.998606294251255,-4.998949531055451
99.0,82.0,130.1536102294922,4.969795737320405,-4.988187928093247,4.994964171476759,4.979748574257831,4.964706004675769,-4.994186450484642,4.998371967090522,-4.999066627680286,4.997472346701531,-4.997940430790912
99.0,82.0,130.1265106201172,4.996129313305624,-4.998390640392286,4.9810264788058,4.962121358300825,4.998139707718259,-4.993686460572153,4.9948950087752095,-4.999424817496446,4.99798586077434,-4.994699690837153
99.0,82.0,130.1112060546875,4.973523893288825,-4.99661375692351,4.997336299384152,4.989491344576303,4.9734242699567535,-4.996850149431412,4.996129290584979,-4.998000854780704,4.996489340347187,-4.997281812608341
99.0,82.0,130.15843200683594,4.992481479755853,-4.993842044791295,4.9960402993550295,4.9577746390781146,4.995888749968193,-4.998135966220069,4.999647989544236,-4.990747907895283,4.996750886206309,-4.9938708204646005
99.0,82.0,130.12875366210938,4.968999012030053,-4.988268547133796,4.983277581885845,4.980996712344165,4.987480364507842,-4.997641056035446,4.991026421385856,-4.999999745603994,4.996004905058011,-4.998582939196644
99.0,82.0,130.0833282470703,4.998893115721236,-4.967959806743256,4.999090960416924,4.99843530776098,4.984990812532283,-4.983156181108233,4.999908851218739,-4.996942975326386,4.998656817028856,-4.997919018325105
99.0,82.0,130.13446044921875,4.947715283498331,-4.972471494406516,4.987769049397818,4.989786197728332,4.999998418169303,-4.989061532526304,4.992413720226875,-4.999951202608946,4.9957119347799,-4.998750506725818
99.0,82.0,130.1394500732422,4.999846332272289,-4.93836814546038,4.999458177730682,4.949038636655399,4.993739437370865,-4.9961914463251365,4.999028658733397,-4.9966743704511885,4.999209863770313,-4.999636122458648
99.0,82.0,130.1349639892578,4.988587777508645,-4.986109974038444,4.98326255954847,4.972648750297914,4.98575506018424,-4.992919149945537,4.992924115584126,-4.999998556512462,4.995712121419233,-4.99960608933293
99.0,82.0,130.16151428222656,4.954199121575333,-4.950647920521307,4.990914030607962,4.975593684926478,4.99403251429369,-4.994998483319984,4.989238780374523,-4.999043522617515,4.9986873027528524,-4.999989372277712
99.0,82.0,130.0552215576172,4.99892156586651,-4.998911868643362,4.9964381121291055,4.986968046597266,4.976931273042864,-4.993538896295178,4.99897948392805,-4.999817280441864,4.998290510692995,-4.997145292853709
99.0,82.0,130.05712890625,4.993144656518027,-4.978169605419042,4.998453898945375,4.957002467923218,4.999008879644527,-4.999977835162283,4.999786492506944,-4.995626863052408,4.999822315660452,-4.998825002248696
99.0,82.0,130.09994506835938,4.998064236664083,-4.933393322608355,4.999570489152803,4.960880793782696,4.999270500618529,-4.998201601960386,4.9967023038741125,-4.997882720605116,4.999132662814691,-4.9999924633222745
99.0,82.0,130.1096954345703,4.960641257159473,-4.989774989887501,4.944123737866221,4.983291027558876,4.998219676990892,-4.996472858763597,4.999994884884691,-4.999997496738956,4.999917081514862,-4.9974085942510005
99.0,82.0,130.03738403320312,4.998396271931489,-4.995207817299486,4.999280754476979,4.968552419626908,4.999187718144762,-4.99733365552577,4.997346040105467,-4.99974315000638,4.995025225779583,-4.99872773513429
99.0,82.0,130.11407470703125,4.97655624353132,-4.973054038292416,4.994947332355745,4.977972809742403,4.982815098937847,-4.991097989973266,4.9986066755443135,-4.996553507914948,4.998885684057348,-4.99993072550302
99.0,82.0,130.1136474609375,4.998773643690117,-4.9436357372712045,4.9942553192642265,4.962321766966339,4.994777075499944,-4.993514460773572,4.997604857914695,-4.999753835831626,4.99810103936786,-4.999996029720541
99.0,82.0,130.09930419921875,4.98931126598363,-4.998250822387239,4.9984204541927015,4.991769824524981,4.971249169540055,-4.9987297918472855,4.994505206763762,-4.9961630454408406,4.996125884695685,-4.9980782103611485
99.0,82.0,130.0630645751953,4.965692725386154,-4.982632916066744,4.990131454255478,4.990917883741737,4.995259215028382,-4.99349771391773,4.996399821901802,-4.996024928702795,4.998967642220314,-4.999849022932304
99.0,82.0,130.09373474121094,4.994527489821196,-4.996867975797389,4.988186657783778,4.965535008929364,4.998941259487032,-4.9948045079687375,4.995548982216887,-4.998346113173315,4.999595426177705,-4.994875986329848
99.0,82.0,130.05563354492188,4.987929356535986,-4.986299129484374,4.999631821210993,4.963236829160378,4.9982963617789,-4.999972684644437,4.999290636045391,-4.9964634482889245,4.998947057444702,-4.997513063989754
99.0,82.0,130.11643981933594,4.996764748064708,-4.952721291389835,4.998683971158861,4.96442263463139,4.989265630734904,-4.9982974691669,4.994248670337992,-4.996857300239832,4.999289982052666,-4.999741784658639
99.0,82.0,130.09783935546875,4.98699201516439,-4.977315566025286,4.98924182623037,4.984132927316752,4.982285968000635,-4.990126468458053,4.996700199972023,-4.997273709877013,4.999814570447546,-4.9998167376407965
99.0,82.0,130.07369995117188,4.992238471799453,-4.95215099298019,4.997482042509945,4.984628757175591,4.995195700436215,-4.998724576725005,4.99449725059607,-4.996762282927987,4.997565489308183,-4.999861976863254
99.0,82.0,130.16554260253906,4.98381919234542,-4.981876078848825,4.993936053863929,4.970504628444179,4.971058050901618,-4.987931814827804,4.998680037600123,-4.996585249570744,4.99864029407537,-4.999242907546508
99.0,82.0,130.12869262695312,4.943741718154156,-4.947198228645835,4.980138719945419,4.99641309269885,4.999263181661622,-4.99277518329217,4.995139745100464,-4.99922877490947,4.999660619390859,-4.997813475609124
99.0,82.0,130.11680603027344,4.995316509102909,-4.964505928898188,4.952556562145134,4.966511411084371,4.999955850476457,-4.99408627723372,4.99999906758619,-4.998684532058492,4.999951436318304,-4.999835681671172
99.0,82.0,130.092529296875,4.994636434187018,-4.972687619768484,4.994051962250518,4.982435696765497,4.983867753367265,-4.995438888165021,4.997630204077185,-4.996161614301588,4.996980641294463,-4.99982358393064
99.0,82.0,130.1078643798828,4.99761258753712,-4.984360004882964,4.998799291530017,4.973888106855096,4.974772731687837,-4.983156293630869,4.999699647437629,-4.999125598502584,4.999625557828068,-4.999694603694262
99.0,82.0,130.11558532714844,4.975747864712781,-4.98054984158173,4.971300229221495,4.975446489517712,4.996261554133326,-4.992904953325338,4.998737179007903,-4.9960883615709415,4.998658854118111,-4.999384784530948
99.0,82.0,130.0550537109375,4.972773710805262,-4.980354708792845,4.998940651680371,4.977022622101982,4.992837920067066,-4.999084288333513,4.997121003508086,-4.996327684307671,4.998974808228565,-4.999905689126224
99.0,82.0,130.16001892089844,4.994802907571446,-4.9801499024942855,4.998870170355168,4.971037631799044,4.988866412988733,-4.991097171838508,4.995673391259535,-4.988686170916271,4.996123271985421,-4.999970254911286
99.0,82.0,130.12741088867188,4.999538030522494,-4.9469954444168565,4.997747057332555,4.95639508222729,4.991120444208445,-4.994589887004935,4.9989262914404335,-4.9972547714573885,4.998987183739394,-4.999634576936368
99.0,82.0,130.12928771972656,4.952997581212815,-4.998139838245179,4.984252325436653,4.972182839854559,4.9982866096391945,-4.987331020224471,4.998342499666691,-4.999030391446741,4.997449344309625,-4.997356576291012
99.0,82.0,130.1251678466797,4.9194937870336855,-4.994595052121918,4.963727559539693,4.993660399231093,4.999918398752145,-4.999357878174758,4.994484955727871,-4.999749830926952,4.998455938215122,-4.996177156142343
99.0,82.0,130.12376403808594,4.960755110182729,-4.945432289313962,4.978662107712236,4.996720534525524,4.997578258838525,-4.989962936547983,4.996651834947666,-4.99763581961601,4.9990262650007296,-4.999238327759638
99.0,82.0,130.18191528320312,4.97449875469897,-4.917061029946428,4.992453669779794,4.967391668995357,4.999371512212208,-4.990451227761589,4.999944871890559,-4.999647106606882,4.994889049955153,-4.9995252886159145
99.0,82.0,130.11862182617188,4.999443513642909,-4.970861541909249,4.994029013286465,4.979999952619382,4.980859664873977,-4.99502373333269,4.993479448509123,-4.996600729565979,4.997411818663462,-4.999814275494533
99.0,83.0,130.11123657226562,4.998751342876805,-4.975481281553872,4.999297323374754,4.976651430424388,4.988751670169555,-4.980816085808977,4.999809586182863,-4.994411091731269,4.999166966447925,-4.999793227308049
99.0,83.0,130.13877868652344,4.940053163691427,-4.990200217168349,4.983752722436442,4.993343663007582,4.994481427752665,-4.978130598817048,4.99925742030437,-4.99843114354166,4.998229597791296,-4.997946855309121
99.0,83.0,130.15655517578125,4.923254182184362,-4.953107273419512,4.9596584000686095,4.994612720646266,4.999049262578484,-4.988841994207382,4.99830180076538,-4.99909481974839,4.999935659047449,-4.999990115366573
99.0,83.0,130.1035919189453,4.997005636386217,-4.949662607384076,4.993290852890165,4.995079767715391,4.998707882964915,-4.995829922733689,4.991916073312456,-4.991620489124037,4.998793803105876,-4.998558713883124
99.0,83.0,130.07269287109375,4.9964766886172,-4.999603819379897,4.996760275416483,4.981578753932421,4.983760602727108,-4.983961778966847,4.999448481630298,-4.999239228574931,4.9992133587193655,-4.997616350582268
99.0,83.0,130.13279724121094,4.944641661388236,-4.986193225039528,4.993966098538679,4.987200552536683,4.974508659548823,-4.997375627007621,4.994884649203582,-4.999977844161706,4.999225861352926,-4.997196607273935
99.0,83.0,130.10704040527344,4.988619849332045,-4.988901637198065,4.998716301923291,4.987503554021908,4.9712829796188025,-4.999328355002978,4.99662396190879,-4.994803420380388,4.996239329437058,-4.998969035041284
99.0,83.0,130.06239318847656,4.993278718958039,-4.99138085121365,4.999647286200111,4.966222496286928,4.993021816046412,-4.997921604774303,4.999753044984218,-4.99637221570786,4.999271184209322,-4.996794240818286
99.0,83.0,130.11865234375,4.972826651642428,-4.954671835231823,4.997582917504425,4.979476051554991,4.987358163721787,-4.995155244738706,4.994232062467481,-4.9978411478662,4.998931252225964,-4.999958680318322
99.0,83.0,130.21054077148438,4.981843417018778,-4.949072396341913,4.999122409632278,4.988902483068359,4.979231737855792,-4.999982609738205,4.990841273706481,-4.983587255353259,4.9988088610619945,-4.999042753323323
99.0,83.0,130.0929718017578,4.980591907347639,-4.973717156925963,4.996730517244578,4.995641628533018,4.970213347321993,-4.988611420724499,4.998578104840424,-4.999906595232432,4.998876404035977,-4.9998597870108
99.0,83.0,130.1103973388672,4.998673726639858,-4.999725327678656,4.999686217476348,4.993470489131369,4.943651855890092,-4.999337739674127,4.993591743506276,-4.999963328665263,4.998606294251255,-4.998949531055451
99.0,83.0,130.06539916992188,4.973520150364565,-4.993206219104746,4.992427909958012,4.966865452869646,4.999973897242564,-4.99820807453708,4.995753405857098,-4.999066627680286,4.999477417968504,-4.99734374257948
99.0,83.0,130.1265106201172,4.996129313305624,-4.998390640392286,4.9810264788058,4.962121358300825,4.998139707718259,-4.993686460572153,4.9948950087752095,-4.999424817496446,4.99798586077434,-4.994699690837153
99.0,83.0,130.1112060546875,4.973523893288825,-4.99661375692351,4.997336299384152,4.989491344576303,4.9734242699567535,-4.996850149431412,4.996129290584979,-4.998000854780704,4.996489340347187,-4.997281812608341
99.0,83.0,130.15843200683594,4.992481479755853,-4.993842044791295,4.9960402993550295,4.9577746390781146,4.995888749968193,-4.998135966220069,4.999647989544236,-4.990747907895283,4.996750886206309,-4.9938708204646005
99.0,83.0,130.1255645751953,4.968999012030053,-4.98465414806756,4.9913802546117285,4.999223790737543,4.983235527256952,-4.980467021497552,4.9992465738418055,-4.998513603462701,4.996867886712139,-4.997851170662251
99.0,83.0,130.0833282470703,4.998893115721236,-4.967959806743256,4.999090960416924,4.99843530776098,4.984990812532283,-4.983156181108233,4.999908851218739,-4.996942975326386,4.998656817028856,-4.997919018325105
99.0,83.0,130.13446044921875,4.947715283498331,-4.972471494406516,4.987769049397818,4.989786197728332,4.999998418169303,-4.989061532526304,4.992413720226875,-4.999951202608946,4.9957119347799,-4.998750506725818
99.0,83.0,130.1394500732422,4.999846332272289,-4.93836814546038,4.999458177730682,4.949038636655399,4.993739437370865,-4.9961914463251365,4.999028658733397,-4.9966743704511885,4.999209863770313,-4.999636122458648
99.0,83.0,130.1349639892578,4.988587777508645,-4.986109974038444,4.98326255954847,4.972648750297914,4.98575506018424,-4.992919149945537,4.992924115584126,-4.999998556512462,4.995712121419233,-4.99960608933293
99.0,83.0,130.16151428222656,4.954199121575333,-4.950647920521307,4.990914030607962,4.975593684926478,4.99403251429369,-4.994998483319984,4.989238780374523,-4.999043522617515,4.9986873027528524,-4.999989372277712
99.0,83.0,130.0550079345703,4.970304465792983,-4.998911868643362,4.989149631764208,4.992095974728865,4.99911535731256,-4.988250494250643,4.995804481820169,-4.996469285581671,4.9976026872659975,-4.999880469271143
99.0,83.0,130.05712890625,4.993144656518027,-4.978169605419042,4.998453898945375,4.957002467923218,4.999008879644527,-4.999977835162283,4.999786492506944,-4.995626863052408,4.999822315660452,-4.998825002248696
99.0,83.0,130.09994506835938,4.998064236664083,-4.933393322608355,4.999570489152803,4.960880793782696,4.999270500618529,-4.998201601960386,4.9967023038741125,-4.997882720605116,4.999132662814691,-4.9999924633222745
99.0,83.0,130.1096954345703,4.960641257159473,-4.989774989887501,4.944123737866221,4.983291027558876,4.998219676990892,-4.996472858763597,4.999994884884691,-4.999997496738956,4.999917081514862,-4.9974085942510005
99.0,83.0,130.03738403320312,4.998396271931489,-4.995207817299486,4.999280754476979,4.968552419626908,4.999187718144762,-4.99733365552577,4.997346040105467,-4.99974315000638,4.995025225779583,-4.99872773513429
99.0,83.0,130.11407470703125,4.97655624353132,-4.973054038292416,4.994947332355745,4.977972809742403,4.982815098937847,-4.991097989973266,4.9986066755443135,-4.996553507914948,4.998885684057348,-4.99993072550302
99.0,83.0,130.1136474609375,4.998773643690117,-4.9436357372712045,4.9942553192642265,4.962321766966339,4.994777075499944,-4.993514460773572,4.997604857914695,-4.999753835831626,4.99810103936786,-4.999996029720541
99.0,83.0,130.09140014648438,4.998755320782384,-4.977124619299322,4.999682464413926,4.981834633992689,4.977526403010949,-4.9803687787507975,4.99980271631258,-4.999545582278657,4.999987670783899,-4.999957823890166
99.0,83.0,130.0630645751953,4.965692725386154,-4.982632916066744,4.990131454255478,4.990917883741737,4.995259215028382,-4.99349771391773,4.996399821901802,-4.996024928702795,4.998967642220314,-4.999849022932304
99.0,83.0,130.09373474121094,4.994527489821196,-4.996867975797389,4.988186657783778,4.965535008929364,4.998941259487032,-4.9948045079687375,4.995548982216887,-4.998346113173315,4.999595426177705,-4.994875986329848
99.0,83.0,130.05563354492188,4.987929356535986,-4.986299129484374,4.999631821210993,4.963236829160378,4.9982963617789,-4.999972684644437,4.999290636045391,-4.9964634482889245,4.998947057444702,-4.997513063989754
99.0,83.0,130.11643981933594,4.996764748064708,-4.952721291389835,4.998683971158861,4.96442263463139,4.989265630734904,-4.9982974691669,4.994248670337992,-4.996857300239832,4.999289982052666,-4.999741784658639
99.0,83.0,130.09783935546875,4.98699201516439,-4.977315566025286,4.98924182623037,4.984132927316752,4.982285968000635,-4.990126468458053,4.996700199972023,-4.997273709877013,4.999814570447546,-4.9998167376407965
99.0,83.0,130.07369995117188,4.992238471799453,-4.95215099298019,4.997482042509945,4.984628757175591,4.995195700436215,-4.998724576725005,4.99449725059607,-4.996762282927987,4.997565489308183,-4.999861976863254
99.0,83.0,130.0852508544922,4.982915520889925,-4.968463883700726,4.994481927927154,4.989823357711661,4.995377016720055,-4.993961273024658,4.994576440287878,-4.998772404705225,4.995098856455533,-4.999242907546508
99.0,83.0,130.12869262695312,4.943741718154156,-4.947198228645835,4.980138719945419,4.99641309269885,4.999263181661622,-4.99277518329217,4.995139745100464,-4.99922877490947,4.999660619390859,-4.997813475609124
99.0,83.0,130.11680603027344,4.995316509102909,-4.964505928898188,4.952556562145134,4.966511411084371,4.999955850476457,-4.99408627723372,4.99999906758619,-4.998684532058492,4.999951436318304,-4.999835681671172
99.0,83.0,130.092529296875,4.994636434187018,-4.972687619768484,4.994051962250518,4.982435696765497,4.983867753367265,-4.995438888165021,4.997630204077185,-4.996161614301588,4.996980641294463,-4.99982358393064
99.0,83.0,130.1078643798828,4.99761258753712,-4.984360004882964,4.998799291530017,4.973888106855096,4.974772731687837,-4.983156293630869,4.999699647437629,-4.999125598502584,4.999625557828068,-4.999694603694262
99.0,83.0,130.11558532714844,4.975747864712781,-4.98054984158173,4.971300229221495,4.975446489517712,4.996261554133326,-4.992904953325338,4.998737179007903,-4.9960883615709415,4.998658854118111,-4.999384784530948
99.0,83.0,130.0550537109375,4.972773710805262,-4.980354708792845,4.998940651680371,4.977022622101982,4.992837920067066,-4.999084288333513,4.997121003508086,-4.996327684307671,4.998974808228565,-4.999905689126224
99.0,83.0,130.13385009765625,4.994802907571446,-4.998658858221375,4.96326547744755,4.963580246440461,4.999213733277511,-4.991097171838508,4.998104100057441,-4.99835593946194,4.999941036258673,-4.994981979818381
99.0,83.0,130.12741088867188,4.999538030522494,-4.9469954444168565,4.997747057332555,4.95639508222729,4.991120444208445,-4.994589887004935,4.9989262914404335,-4.9972547714573885,4.998987183739394,-4.999634576936368
99.0,83.0,130.12928771972656,4.952997581212815,-4.998139838245179,4.984252325436653,4.972182839854559,4.9982866096391945,-4.987331020224471,4.998342499666691,-4.999030391446741,4.997449344309625,-4.997356576291012
99.0,83.0,130.10499572753906,4.999223862073704,-4.943860950789331,4.999639320466096,4.964699242386811,4.993752101388239,-4.999357878174758,4.995604807269983,-4.999749830926952,4.99728831993876,-4.999123199682451
99.0,83.0,130.05364990234375,4.998932616222575,-4.9925740213940735,4.999867264869597,4.961910854471439,4.998668899080222,-4.998672148301552,4.998057940514817,-4.998203417316161,4.995579637980809,-4.998547781503344
99.0,83.0,130.09393310546875,4.994602096658271,-4.950575646313693,4.993302327372192,4.996297639788448,4.998992820095667,-4.996037500149854,4.993991451096488,-4.991400931491842,4.998578214421377,-4.998563368101178
99.0,83.0,130.11862182617188,4.999443513642909,-4.970861541909249,4.994029013286465,4.979999952619382,4.980859664873977,-4.99502373333269,4.993479448509123,-4.996600729565979,4.997411818663462,-4.999814275494533
99.0,84.0,130.08551025390625,4.995735301737288,-4.964680233149924,4.997671293836673,4.988610468078738,4.988751670169555,-4.998713895536022,4.993147641086594,-4.997569297285792,4.995467878670041,-4.999388159299167
99.0,84.0,130.12928771972656,4.940053163691427,-4.97938514649214,4.9985243868398825,4.982348260949341,4.981076105021534,-4.99067609282673,4.997325509204206,-4.9976587594145006,4.999314058420248,-4.999940253634932
99.0,84.0,130.07647705078125,4.990647812177899,-4.982159231044026,4.986000053772699,4.9938441739320405,4.999049262578484,-4.9802463694084,4.999909420562315,-4.996606014647863,4.99920349943382,-4.997680422158952
99.0,84.0,130.1035919189453,4.997005636386217,-4.949662607384076,4.993290852890165,4.995079767715391,4.998707882964915,-4.995829922733689,4.991916073312456,-4.991620489124037,4.998793803105876,-4.998558713883124
99.0,84.0,130.07269287109375,4.9964766886172,-4.999603819379897,4.996760275416483,4.981578753932421,4.983760602727108,-4.983961778966847,4.999448481630298,-4.999239228574931,4.9992133587193655,-4.997616350582268
99.0,84.0,130.13279724121094,4.944641661388236,-4.986193225039528,4.993966098538679,4.987200552536683,4.974508659548823,-4.997375627007621,4.994884649203582,-4.999977844161706,4.999225861352926,-4.997196607273935
99.0,84.0,130.10704040527344,4.988619849332045,-4.988901637198065,4.998716301923291,4.987503554021908,4.9712829796188025,-4.999328355002978,4.99662396190879,-4.994803420380388,4.996239329437058,-4.998969035041284
99.0,84.0,130.06239318847656,4.993278718958039,-4.99138085121365,4.999647286200111,4.966222496286928,4.993021816046412,-4.997921604774303,4.999753044984218,-4.99637221570786,4.999271184209322,-4.996794240818286
99.0,84.0,130.11865234375,4.972826651642428,-4.954671835231823,4.997582917504425,4.979476051554991,4.987358163721787,-4.995155244738706,4.994232062467481,-4.9978411478662,4.998931252225964,-4.999958680318322
99.0,84.0,130.10073852539062,4.980167987611433,-4.957897800179398,4.996672857059,4.990908892421165,4.979231737855792,-4.996182008492514,4.995852616290605,-4.998772446101055,4.998708616148276,-4.999042753323323
99.0,84.0,130.0929718017578,4.980591907347639,-4.973717156925963,4.996730517244578,4.995641628533018,4.970213347321993,-4.988611420724499,4.998578104840424,-4.999906595232432,4.998876404035977,-4.9998597870108
99.0,84.0,130.10723876953125,4.9948742391822645,-4.998285321840713,4.985609154010572,4.959229709586691,4.999111507607225,-4.996330922867925,4.996309653911695,-4.998958853080358,4.999868509048975,-4.993568517460427
99.0,84.0,130.06539916992188,4.973520150364565,-4.993206219104746,4.992427909958012,4.966865452869646,4.999973897242564,-4.99820807453708,4.995753405857098,-4.999066627680286,4.999477417968504,-4.99734374257948
99.0,84.0,130.1265106201172,4.996129313305624,-4.998390640392286,4.9810264788058,4.962121358300825,4.998139707718259,-4.993686460572153,4.9948950087752095,-4.999424817496446,4.99798586077434,-4.994699690837153
99.0,84.0,130.1048126220703,4.973523893288825,-4.950665282778106,4.994737105266437,4.989491344576303,4.99024960600373,-4.992105945970713,4.996129290584979,-4.99688257526978,4.999472157967753,-4.999673598949727
99.0,84.0,130.15843200683594,4.992481479755853,-4.993842044791295,4.9960402993550295,4.9577746390781146,4.995888749968193,-4.998135966220069,4.999647989544236,-4.990747907895283,4.996750886206309,-4.9938708204646005
99.0,84.0,130.1127471923828,4.998494947518795,-4.996487382274408,4.999635544974258,4.961320916729028,4.983235527256952,-4.989499294826242,4.998501353402362,-4.998513603462701,4.995729953960844,-4.999424963028784
99.0,84.0,130.0833282470703,4.998893115721236,-4.967959806743256,4.999090960416924,4.99843530776098,4.984990812532283,-4.983156181108233,4.999908851218739,-4.996942975326386,4.998656817028856,-4.997919018325105
99.0,84.0,130.13003540039062,4.999215181965622,-4.962182209145623,4.995926517663774,4.961687238146997,4.992493158087035,-4.988158763078404,4.99808266768419,-4.999421997728261,4.997248008739783,-4.998974399691815
99.0,84.0,130.06822204589844,4.999346411293683,-4.966900588138996,4.9999785995324375,4.95998426585139,4.99595109070196,-4.999684259626046,4.997187324097075,-4.998206757776448,4.999209863770313,-4.998745513777425
99.0,84.0,130.07217407226562,4.997357138826953,-4.986109974038444,4.999683388735435,4.9648435577811245,4.98367734879096,-4.992919149945537,4.999794832010783,-4.999926942377675,4.998709467486742,-4.999061356698668
99.0,84.0,130.16151428222656,4.954199121575333,-4.950647920521307,4.990914030607962,4.975593684926478,4.99403251429369,-4.994998483319984,4.989238780374523,-4.999043522617515,4.9986873027528524,-4.999989372277712
99.0,84.0,130.0550079345703,4.970304465792983,-4.998911868643362,4.989149631764208,4.992095974728865,4.99911535731256,-4.988250494250643,4.995804481820169,-4.996469285581671,4.9976026872659975,-4.999880469271143
99.0,84.0,130.05712890625,4.993144656518027,-4.978169605419042,4.998453898945375,4.957002467923218,4.999008879644527,-4.999977835162283,4.999786492506944,-4.995626863052408,4.999822315660452,-4.998825002248696
99.0,84.0,130.09994506835938,4.998064236664083,-4.933393322608355,4.999570489152803,4.960880793782696,4.999270500618529,-4.998201601960386,4.9967023038741125,-4.997882720605116,4.999132662814691,-4.9999924633222745
99.0,84.0,130.10232543945312,4.962774368688937,-4.98606789056204,4.972964028341593,4.984023631812038,4.998219676990892,-4.993725345307905,4.997050781284296,-4.995132017588228,4.999073960547163,-4.999366109829838
99.0,84.0,130.03738403320312,4.998396271931489,-4.995207817299486,4.999280754476979,4.968552419626908,4.999187718144762,-4.99733365552577,4.997346040105467,-4.99974315000638,4.995025225779583,-4.99872773513429
99.0,84.0,130.04946899414062,4.971783471297757,-4.985507560018066,4.994479520322582,4.98481305356307,4.9962766188511685,-4.997031579577279,4.9966765504205455,-4.996212472061787,4.999111743883609,-4.998913162661707
99.0,84.0,130.1136474609375,4.998773643690117,-4.9436357372712045,4.9942553192642265,4.962321766966339,4.994777075499944,-4.993514460773572,4.997604857914695,-4.999753835831626,4.99810103936786,-4.999996029720541
99.0,84.0,130.09140014648438,4.998755320782384,-4.977124619299322,4.999682464413926,4.981834633992689,4.977526403010949,-4.9803687787507975,4.99980271631258,-4.999545582278657,4.999987670783899,-4.999957823890166
99.0,84.0,130.0630645751953,4.965692725386154,-4.982632916066744,4.990131454255478,4.990917883741737,4.995259215028382,-4.99349771391773,4.996399821901802,-4.996024928702795,4.998967642220314,-4.999849022932304
99.0,84.0,130.09373474121094,4.994527489821196,-4.996867975797389,4.988186657783778,4.965535008929364,4.998941259487032,-4.9948045079687375,4.995548982216887,-4.998346113173315,4.999595426177705,-4.994875986329848
99.0,84.0,130.05563354492188,4.987929356535986,-4.986299129484374,4.999631821210993,4.963236829160378,4.9982963617789,-4.999972684644437,4.999290636045391,-4.9964634482889245,4.998947057444702,-4.997513063989754
99.0,84.0,130.11643981933594,4.996764748064708,-4.952721291389835,4.998683971158861,4.96442263463139,4.989265630734904,-4.9982974691669,4.994248670337992,-4.996857300239832,4.999289982052666,-4.999741784658639
99.0,84.0,130.09783935546875,4.98699201516439,-4.977315566025286,4.98924182623037,4.984132927316752,4.982285968000635,-4.990126468458053,4.996700199972023,-4.997273709877013,4.999814570447546,-4.9998167376407965
99.0,84.0,130.07369995117188,4.992238471799453,-4.95215099298019,4.997482042509945,4.984628757175591,4.995195700436215,-4.998724576725005,4.99449725059607,-4.996762282927987,4.997565489308183,-4.999861976863254
99.0,84.0,130.0852508544922,4.982915520889925,-4.968463883700726,4.994481927927154,4.989823357711661,4.995377016720055,-4.993961273024658,4.994576440287878,-4.998772404705225,4.995098856455533,-4.999242907546508
99.0,84.0,130.12222290039062,4.996830821800667,-4.998685745913368,4.980138719945419,4.965210000624341,4.999847576977087,-4.991610117069895,4.995139745100464,-4.999772289000137,4.997978331796281,-4.994457671117053
99.0,84.0,130.11680603027344,4.995316509102909,-4.964505928898188,4.952556562145134,4.966511411084371,4.999955850476457,-4.99408627723372,4.99999906758619,-4.998684532058492,4.999951436318304,-4.999835681671172
99.0,84.0,130.092529296875,4.994636434187018,-4.972687619768484,4.994051962250518,4.982435696765497,4.983867753367265,-4.995438888165021,4.997630204077185,-4.996161614301588,4.996980641294463,-4.99982358393064
99.0,84.0,130.0955810546875,4.996070642879019,-4.99924074979523,4.999991264138416,4.950783454402185,4.992860854959117,-4.998936267112587,4.99995766354243,-4.995930884839781,4.999238587602745,-4.995325496178648
99.0,84.0,130.1148681640625,4.969281460760312,-4.997398903140315,4.993076452549834,4.975446489517712,4.997589102553141,-4.989916223376309,4.997853985483844,-4.992670182942655,4.9961804172803,-4.999377886338519
99.0,84.0,130.0550537109375,4.972773710805262,-4.980354708792845,4.998940651680371,4.977022622101982,4.992837920067066,-4.999084288333513,4.997121003508086,-4.996327684307671,4.998974808228565,-4.999905689126224
99.0,84.0,130.13385009765625,4.994802907571446,-4.998658858221375,4.96326547744755,4.963580246440461,4.999213733277511,-4.991097171838508,4.998104100057441,-4.99835593946194,4.999941036258673,-4.994981979818381
99.0,84.0,130.12741088867188,4.999538030522494,-4.9469954444168565,4.997747057332555,4.95639508222729,4.991120444208445,-4.994589887004935,4.9989262914404335,-4.9972547714573885,4.998987183739394,-4.999634576936368
99.0,84.0,130.12928771972656,4.952997581212815,-4.998139838245179,4.984252325436653,4.972182839854559,4.9982866096391945,-4.987331020224471,4.998342499666691,-4.999030391446741,4.997449344309625,-4.997356576291012
99.0,84.0,130.10499572753906,4.999223862073704,-4.943860950789331,4.999639320466096,4.964699242386811,4.993752101388239,-4.999357878174758,4.995604807269983,-4.999749830926952,4.99728831993876,-4.999123199682451
99.0,84.0,130.05364990234375,4.998932616222575,-4.9925740213940735,4.999867264869597,4.961910854471439,4.998668899080222,-4.998672148301552,4.998057940514817,-4.998203417316161,4.995579637980809,-4.998547781503344
99.0,84.0,130.09393310546875,4.994602096658271,-4.950575646313693,4.993302327372192,4.996297639788448,4.998992820095667,-4.996037500149854,4.993991451096488,-4.991400931491842,4.998578214421377,-4.998563368101178
99.0,84.0,130.11862182617188,4.999443513642909,-4.970861541909249,4.994029013286465,4.979999952619382,4.980859664873977,-4.99502373333269,4.993479448509123,-4.996600729565979,4.997411818663462,-4.999814275494533
99.0,85.0,130.08551025390625,4.995735301737288,-4.964680233149924,4.997671293836673,4.988610468078738,4.988751670169555,-4.998713895536022,4.993147641086594,-4.997569297285792,4.995467878670041,-4.999388159299167
99.0,85.0,130.0850372314453,4.995274732438273,-4.951834894124854,4.999689366604394,4.982348260949341,4.994543201355044,-4.998956613607241,4.99564951792493,-4.996330677745925,4.995616599314335,-4.999920100285606
99.0,85.0,130.07647705078125,4.990647812177899,-4.982159231044026,4.986000053772699,4.9938441739320405,4.999049262578484,-4.9802463694084,4.999909420562315,-4.996606014647863,4.99920349943382,-4.997680422158952
99.0,85.0,130.06304931640625,4.972672689198197,-4.988397265100809,4.984617844419749,4.989623635933873,4.998707882964915,-4.995829922733689,4.998062692743895,-4.9966416391125,4.999378228092295,-4.996348832290519
99.0,85.0,130.07269287109375,4.9964766886172,-4.999603819379897,4.996760275416483,4.981578753932421,4.983760602727108,-4.983961778966847,4.999448481630298,-4.999239228574931,4.9992133587193655,-4.997616350582268
99.0,85.0,130.06549072265625,4.975458979905142,-4.994715152544615,4.975140955916837,4.987200552536683,4.995590280255168,-4.989250462876665,4.998940561601176,-4.999977844161706,4.998666290077715,-4.998488819517528
99.0,85.0,130.10704040527344,4.988619849332045,-4.988901637198065,4.998716301923291,4.987503554021908,4.9712829796188025,-4.999328355002978,4.99662396190879,-4.994803420380388,4.996239329437058,-4.998969035041284
99.0,85.0,130.06239318847656,4.993278718958039,-4.99138085121365,4.999647286200111,4.966222496286928,4.993021816046412,-4.997921604774303,4.999753044984218,-4.99637221570786,4.999271184209322,-4.996794240818286
99.0,85.0,130.11865234375,4.972826651642428,-4.954671835231823,4.997582917504425,4.979476051554991,4.987358163721787,-4.995155244738706,4.994232062467481,-4.9978411478662,4.998931252225964,-4.999958680318322
99.0,85.0,130.10073852539062,4.980167987611433,-4.957897800179398,4.996672857059,4.990908892421165,4.979231737855792,-4.996182008492514,4.995852616290605,-4.998772446101055,4.998708616148276,-4.999042753323323
99.0,85.0,130.09083557128906,4.998094035756158,-4.992911034942694,4.998771672825312,4.962600702003422,4.979602320585918,-4.991113292467812,4.999847268594559,-4.999612967803811,4.998636727949093,-4.998882413505715
99.0,85.0,130.10723876953125,4.9948742391822645,-4.998285321840713,4.985609154010572,4.959229709586691,4.999111507607225,-4.996330922867925,4.996309653911695,-4.998958853080358,4.999868509048975,-4.993568517460427
99.0,85.0,130.06539916992188,4.973520150364565,-4.993206219104746,4.992427909958012,4.966865452869646,4.999973897242564,-4.99820807453708,4.995753405857098,-4.999066627680286,4.999477417968504,-4.99734374257948
99.0,85.0,130.1265106201172,4.996129313305624,-4.998390640392286,4.9810264788058,4.962121358300825,4.998139707718259,-4.993686460572153,4.9948950087752095,-4.999424817496446,4.99798586077434,-4.994699690837153
99.0,85.0,130.1048126220703,4.973523893288825,-4.950665282778106,4.994737105266437,4.989491344576303,4.99024960600373,-4.992105945970713,4.996129290584979,-4.99688257526978,4.999472157967753,-4.999673598949727
99.0,85.0,130.11959838867188,4.983996888005887,-4.954303346982852,4.998982784503967,4.976085500867453,4.991052911742096,-4.988064389751193,4.998835074247486,-4.997722053331435,4.99773889946277,-4.999670624944744
99.0,85.0,130.0688018798828,4.998494947518795,-4.9796419251716735,4.999635544974258,4.987839403962365,4.988287832794716,-4.980307574079599,4.999856068437447,-4.99807579846326,4.999595585108859,-4.998819123024559
99.0,85.0,130.0833282470703,4.998893115721236,-4.967959806743256,4.999090960416924,4.99843530776098,4.984990812532283,-4.983156181108233,4.999908851218739,-4.996942975326386,4.998656817028856,-4.997919018325105
99.0,85.0,130.1232147216797,4.977356584888134,-4.96740935096823,4.991221491066042,4.998445011587494,4.987703689872322,-4.977353557664175,4.999101269280869,-4.9984927286298655,4.997762195382295,-4.998934558381288
99.0,85.0,130.06822204589844,4.999346411293683,-4.966900588138996,4.9999785995324375,4.95998426585139,4.99595109070196,-4.999684259626046,4.997187324097075,-4.998206757776448,4.999209863770313,-4.998745513777425
99.0,85.0,130.07217407226562,4.997357138826953,-4.986109974038444,4.999683388735435,4.9648435577811245,4.98367734879096,-4.992919149945537,4.999794832010783,-4.999926942377675,4.998709467486742,-4.999061356698668
99.0,85.0,130.16151428222656,4.954199121575333,-4.950647920521307,4.990914030607962,4.975593684926478,4.99403251429369,-4.994998483319984,4.989238780374523,-4.999043522617515,4.9986873027528524,-4.999989372277712
99.0,85.0,130.0550079345703,4.970304465792983,-4.998911868643362,4.989149631764208,4.992095974728865,4.99911535731256,-4.988250494250643,4.995804481820169,-4.996469285581671,4.9976026872659975,-4.999880469271143
99.0,85.0,130.05712890625,4.993144656518027,-4.978169605419042,4.998453898945375,4.957002467923218,4.999008879644527,-4.999977835162283,4.999786492506944,-4.995626863052408,4.999822315660452,-4.998825002248696
99.0,85.0,130.09994506835938,4.998064236664083,-4.933393322608355,4.999570489152803,4.960880793782696,4.999270500618529,-4.998201601960386,4.9967023038741125,-4.997882720605116,4.999132662814691,-4.9999924633222745
99.0,85.0,130.10232543945312,4.962774368688937,-4.98606789056204,4.972964028341593,4.984023631812038,4.998219676990892,-4.993725345307905,4.997050781284296,-4.995132017588228,4.999073960547163,-4.999366109829838
99.0,85.0,130.03738403320312,4.998396271931489,-4.995207817299486,4.999280754476979,4.968552419626908,4.999187718144762,-4.99733365552577,4.997346040105467,-4.99974315000638,4.995025225779583,-4.99872773513429
99.0,85.0,130.04946899414062,4.971783471297757,-4.985507560018066,4.994479520322582,4.98481305356307,4.9962766188511685,-4.997031579577279,4.9966765504205455,-4.996212472061787,4.999111743883609,-4.998913162661707
99.0,85.0,130.1136474609375,4.998773643690117,-4.9436357372712045,4.9942553192642265,4.962321766966339,4.994777075499944,-4.993514460773572,4.997604857914695,-4.999753835831626,4.99810103936786,-4.999996029720541
99.0,85.0,130.07472229003906,4.98910285164224,-4.987665340359516,4.999995554913471,4.981834633992689,4.978496898876598,-4.995839723490468,4.999989737662558,-4.996711125869339,4.998879076531882,-4.997817396519124
99.0,85.0,130.0630645751953,4.965692725386154,-4.982632916066744,4.990131454255478,4.990917883741737,4.995259215028382,-4.99349771391773,4.996399821901802,-4.996024928702795,4.998967642220314,-4.999849022932304
99.0,85.0,130.09373474121094,4.994527489821196,-4.996867975797389,4.988186657783778,4.965535008929364,4.998941259487032,-4.9948045079687375,4.995548982216887,-4.998346113173315,4.999595426177705,-4.994875986329848
99.0,85.0,130.05563354492188,4.987929356535986,-4.986299129484374,4.999631821210993,4.963236829160378,4.9982963617789,-4.999972684644437,4.999290636045391,-4.9964634482889245,4.998947057444702,-4.997513063989754
99.0,85.0,130.0955047607422,4.992560961340982,-4.999386515105779,4.996899965813391,4.975051945156878,4.989265630734904,-4.999541165143817,4.996428688878627,-4.995645991982061,4.996266298737773,-4.9958449249511
99.0,85.0,130.09783935546875,4.98699201516439,-4.977315566025286,4.98924182623037,4.984132927316752,4.982285968000635,-4.990126468458053,4.996700199972023,-4.997273709877013,4.999814570447546,-4.9998167376407965
99.0,85.0,130.07369995117188,4.992238471799453,-4.95215099298019,4.997482042509945,4.984628757175591,4.995195700436215,-4.998724576725005,4.99449725059607,-4.996762282927987,4.997565489308183,-4.999861976863254
99.0,85.0,130.07154846191406,4.95800879077758,-4.98486413863154,4.99629519511922,4.989931298009756,4.995147381639196,-4.996184632730486,4.998033670612236,-4.992661419033047,4.9982127866256185,-4.999572612476758
99.0,85.0,130.12222290039062,4.996830821800667,-4.998685745913368,4.980138719945419,4.965210000624341,4.999847576977087,-4.991610117069895,4.995139745100464,-4.999772289000137,4.997978331796281,-4.994457671117053
99.0,85.0,130.11680603027344,4.995316509102909,-4.964505928898188,4.952556562145134,4.966511411084371,4.999955850476457,-4.99408627723372,4.99999906758619,-4.998684532058492,4.999951436318304,-4.999835681671172
99.0,85.0,130.092529296875,4.994636434187018,-4.972687619768484,4.994051962250518,4.982435696765497,4.983867753367265,-4.995438888165021,4.997630204077185,-4.996161614301588,4.996980641294463,-4.99982358393064
99.0,85.0,130.0955810546875,4.996070642879019,-4.99924074979523,4.999991264138416,4.950783454402185,4.992860854959117,-4.998936267112587,4.99995766354243,-4.995930884839781,4.999238587602745,-4.995325496178648
99.0,85.0,130.1148681640625,4.969281460760312,-4.997398903140315,4.993076452549834,4.975446489517712,4.997589102553141,-4.989916223376309,4.997853985483844,-4.992670182942655,4.9961804172803,-4.999377886338519
99.0,85.0,130.0550537109375,4.972773710805262,-4.980354708792845,4.998940651680371,4.977022622101982,4.992837920067066,-4.999084288333513,4.997121003508086,-4.996327684307671,4.998974808228565,-4.999905689126224
99.0,85.0,130.13385009765625,4.994802907571446,-4.998658858221375,4.96326547744755,4.963580246440461,4.999213733277511,-4.991097171838508,4.998104100057441,-4.99835593946194,4.999941036258673,-4.994981979818381
99.0,85.0,130.11041259765625,4.968093988541854,-4.999124400824046,4.970962710254936,4.99153647675569,4.999577852000786,-4.984120141082518,4.9970541282138985,-4.9957723398491645,4.998987183739394,-4.9978098593391085
99.0,85.0,130.05104064941406,4.984931304674946,-4.993214938468573,4.999083067692372,4.994370425920611,4.98234315834908,-4.984312107321525,4.999631929884724,-4.999030391446741,4.998834976136683,-4.999220018988417
99.0,85.0,130.04232788085938,4.997804747001188,-4.940960997453057,4.999639320466096,4.987075628991201,4.99970270864136,-4.998122234485566,4.994957704608037,-4.999749830926952,4.99864629584352,-4.999123199682451
99.0,85.0,130.05364990234375,4.998932616222575,-4.9925740213940735,4.999867264869597,4.961910854471439,4.998668899080222,-4.998672148301552,4.998057940514817,-4.998203417316161,4.995579637980809,-4.998547781503344
99.0,85.0,130.09393310546875,4.994602096658271,-4.950575646313693,4.993302327372192,4.996297639788448,4.998992820095667,-4.996037500149854,4.993991451096488,-4.991400931491842,4.998578214421377,-4.998563368101178
99.0,85.0,130.02899169921875,4.998292538373219,-4.998860187930792,4.996279459495086,4.969571180387778,4.999389099647866,-4.992067082440107,4.994925832484824,-4.999014747170037,4.998859789537122,-4.999814275494533
99.0,86.0,130.08551025390625,4.995735301737288,-4.964680233149924,4.997671293836673,4.988610468078738,4.988751670169555,-4.998713895536022,4.993147641086594,-4.997569297285792,4.995467878670041,-4.999388159299167
99.0,86.0,130.0620574951172,4.994873717698948,-4.958934851597471,4.999964151027359,4.982348260949341,4.993101312552064,-4.998856944320533,4.999949369965427,-4.995834149470238,4.998903261092179,-4.997490454030819
99.0,86.0,130.0735321044922,4.971586762905757,-4.982159231044026,4.988161075956543,4.984869164353296,4.99823439754895,-4.998775701697971,4.997956405204272,-4.996606014647863,4.999313667763369,-4.995843492579281
99.0,86.0,130.06304931640625,4.972672689198197,-4.988397265100809,4.984617844419749,4.989623635933873,4.998707882964915,-4.995829922733689,4.998062692743895,-4.9966416391125,4.999378228092295,-4.996348832290519
99.0,86.0,130.07269287109375,4.9964766886172,-4.999603819379897,4.996760275416483,4.981578753932421,4.983760602727108,-4.983961778966847,4.999448481630298,-4.999239228574931,4.9992133587193655,-4.997616350582268
99.0,86.0,130.06549072265625,4.975458979905142,-4.994715152544615,4.975140955916837,4.987200552536683,4.995590280255168,-4.989250462876665,4.998940561601176,-4.999977844161706,4.998666290077715,-4.998488819517528
99.0,86.0,130.10704040527344,4.988619849332045,-4.988901637198065,4.998716301923291,4.987503554021908,4.9712829796188025,-4.999328355002978,4.99662396190879,-4.994803420380388,4.996239329437058,-4.998969035041284
99.0,86.0,130.06239318847656,4.993278718958039,-4.99138085121365,4.999647286200111,4.966222496286928,4.993021816046412,-4.997921604774303,4.999753044984218,-4.99637221570786,4.999271184209322,-4.996794240818286
99.0,86.0,130.11865234375,4.972826651642428,-4.954671835231823,4.997582917504425,4.979476051554991,4.987358163721787,-4.995155244738706,4.994232062467481,-4.9978411478662,4.998931252225964,-4.999958680318322
99.0,86.0,130.0919647216797,4.984928804548456,-4.970902535120435,4.988817863203651,4.990908892421165,4.982107139691236,-4.996182008492514,4.998945657921926,-4.996671109842263,4.996379531808833,-4.99990120379203
99.0,86.0,130.09083557128906,4.998094035756158,-4.992911034942694,4.998771672825312,4.962600702003422,4.979602320585918,-4.991113292467812,4.999847268594559,-4.999612967803811,4.998636727949093,-4.998882413505715
99.0,86.0,130.10548400878906,4.995341406905023,-4.997128792265952,4.992923895630239,4.967220322281942,4.993439765296116,-4.9994054512412,4.99551086318527,-4.997110968425002,4.997807805672461,-4.994452135030093
99.0,86.0,130.06539916992188,4.973520150364565,-4.993206219104746,4.992427909958012,4.966865452869646,4.999973897242564,-4.99820807453708,4.995753405857098,-4.999066627680286,4.999477417968504,-4.99734374257948
99.0,86.0,130.1265106201172,4.996129313305624,-4.998390640392286,4.9810264788058,4.962121358300825,4.998139707718259,-4.993686460572153,4.9948950087752095,-4.999424817496446,4.99798586077434,-4.994699690837153
99.0,86.0,130.1048126220703,4.973523893288825,-4.950665282778106,4.994737105266437,4.989491344576303,4.99024960600373,-4.992105945970713,4.996129290584979,-4.99688257526978,4.999472157967753,-4.999673598949727
99.0,86.0,130.11959838867188,4.983996888005887,-4.954303346982852,4.998982784503967,4.976085500867453,4.991052911742096,-4.988064389751193,4.998835074247486,-4.997722053331435,4.99773889946277,-4.999670624944744
99.0,86.0,130.03396606445312,4.998300252306493,-4.999778491638821,4.997694695087324,4.96156652297678,4.997471131395337,-4.999628730926141,4.994190299882982,-4.997849190005898,4.998469012493207,-4.999844831822946
99.0,86.0,130.0833282470703,4.998893115721236,-4.967959806743256,4.999090960416924,4.99843530776098,4.984990812532283,-4.983156181108233,4.999908851218739,-4.996942975326386,4.998656817028856,-4.997919018325105
99.0,86.0,130.07872009277344,4.982732550758662,-4.98120497076498,4.991221491066042,4.973634556185291,4.990320153119065,-4.998865923111715,4.9971036856253495,-4.996187021169771,4.999133332588123,-4.999199431252277
99.0,86.0,130.06480407714844,4.9998754370194645,-4.995809693264736,4.987615171088166,4.965598586528049,4.999301586003218,-4.996104011814479,4.996854595441497,-4.999781822175681,4.995455812740355,-4.99862448381083
99.0,86.0,130.07217407226562,4.997357138826953,-4.986109974038444,4.999683388735435,4.9648435577811245,4.98367734879096,-4.992919149945537,4.999794832010783,-4.999926942377675,4.998709467486742,-4.999061356698668
99.0,86.0,130.13121032714844,4.997283008180975,-4.954056291219846,4.999117871231992,4.995689736254468,4.988118496812447,-4.992480700872054,4.989238780374523,-4.996070414967718,4.996667324131593,-4.9984695069556295
99.0,86.0,130.0550079345703,4.970304465792983,-4.998911868643362,4.989149631764208,4.992095974728865,4.99911535731256,-4.988250494250643,4.995804481820169,-4.996469285581671,4.9976026872659975,-4.999880469271143
99.0,86.0,130.05712890625,4.993144656518027,-4.978169605419042,4.998453898945375,4.957002467923218,4.999008879644527,-4.999977835162283,4.999786492506944,-4.995626863052408,4.999822315660452,-4.998825002248696
99.0,86.0,130.09994506835938,4.998064236664083,-4.933393322608355,4.999570489152803,4.960880793782696,4.999270500618529,-4.998201601960386,4.9967023038741125,-4.997882720605116,4.999132662814691,-4.9999924633222745
99.0,86.0,130.09231567382812,4.997238782923904,-4.999840193905628,4.9785693710402015,4.980257629009188,4.986856561342658,-4.98054956249895,4.99862400916691,-4.999832305880423,4.999073960547163,-4.999366109829838
99.0,86.0,130.03738403320312,4.998396271931489,-4.995207817299486,4.999280754476979,4.968552419626908,4.999187718144762,-4.99733365552577,4.997346040105467,-4.99974315000638,4.995025225779583,-4.99872773513429
99.0,86.0,130.04946899414062,4.971783471297757,-4.985507560018066,4.994479520322582,4.98481305356307,4.9962766188511685,-4.997031579577279,4.9966765504205455,-4.996212472061787,4.999111743883609,-4.998913162661707
99.0,86.0,130.1136474609375,4.998773643690117,-4.9436357372712045,4.9942553192642265,4.962321766966339,4.994777075499944,-4.993514460773572,4.997604857914695,-4.999753835831626,4.99810103936786,-4.999996029720541
99.0,86.0,130.07472229003906,4.98910285164224,-4.987665340359516,4.999995554913471,4.981834633992689,4.978496898876598,-4.995839723490468,4.999989737662558,-4.996711125869339,4.998879076531882,-4.997817396519124
99.0,86.0,130.0630645751953,4.965692725386154,-4.982632916066744,4.990131454255478,4.990917883741737,4.995259215028382,-4.99349771391773,4.996399821901802,-4.996024928702795,4.998967642220314,-4.999849022932304
99.0,86.0,130.0559539794922,4.994865718782761,-4.994036597014577,4.999983895123572,4.9704611859563865,4.985564289830995,-4.998503320391087,4.9988310409912975,-4.997620960408559,4.999083070628908,-4.997657980375849
99.0,86.0,130.05563354492188,4.987929356535986,-4.986299129484374,4.999631821210993,4.963236829160378,4.9982963617789,-4.999972684644437,4.999290636045391,-4.9964634482889245,4.998947057444702,-4.997513063989754
99.0,86.0,130.0677032470703,4.992560961340982,-4.97007750370887,4.972882779136294,4.975051945156878,4.998127647657502,-4.999541165143817,4.997819356261243,-4.999997885743157,4.998398445787098,-4.999045627624941
99.0,86.0,130.06333923339844,4.978076315131454,-4.978490858458265,4.98924182623037,4.98712869156248,4.996807874243851,-4.999084738126152,4.994699191932587,-4.993167123387875,4.999394465707869,-4.9998167376407965
99.0,86.0,130.05569458007812,4.983315103644699,-4.976638587360858,4.991729531835965,4.993227262442931,4.999296807715219,-4.988795821704786,4.994945058913915,-4.998237965014253,4.997369963245953,-4.999985487781515
99.0,86.0,130.07154846191406,4.95800879077758,-4.98486413863154,4.99629519511922,4.989931298009756,4.995147381639196,-4.996184632730486,4.998033670612236,-4.992661419033047,4.9982127866256185,-4.999572612476758
99.0,86.0,130.12222290039062,4.996830821800667,-4.998685745913368,4.980138719945419,4.965210000624341,4.999847576977087,-4.991610117069895,4.995139745100464,-4.999772289000137,4.997978331796281,-4.994457671117053
99.0,86.0,130.11680603027344,4.995316509102909,-4.964505928898188,4.952556562145134,4.966511411084371,4.999955850476457,-4.99408627723372,4.99999906758619,-4.998684532058492,4.999951436318304,-4.999835681671172
99.0,86.0,130.092529296875,4.994636434187018,-4.972687619768484,4.994051962250518,4.982435696765497,4.983867753367265,-4.995438888165021,4.997630204077185,-4.996161614301588,4.996980641294463,-4.99982358393064
99.0,86.0,130.09385681152344,4.975559178833468,-4.99232400732837,4.97381294682787,4.978561815847996,4.999077766309194,-4.994814550701437,4.9986077701032885,-4.996083018658318,4.997120947323973,-4.998750637237822
99.0,86.0,130.03025817871094,4.969281460760312,-4.997398903140315,4.993076452549834,4.975055946010878,4.998568415496894,-4.999245544868887,4.995025976014427,-4.999793479413101,4.998714247455095,-4.999377886338519
99.0,86.0,130.0550537109375,4.972773710805262,-4.980354708792845,4.998940651680371,4.977022622101982,4.992837920067066,-4.999084288333513,4.997121003508086,-4.996327684307671,4.998974808228565,-4.999905689126224
99.0,86.0,129.98956298828125,4.984061093679411,-4.994928167052407,4.998954275220445,4.992031280413995,4.999213733277511,-4.991097171838508,4.999905559802507,-4.998695339842745,4.998654769094611,-4.998839800844408
99.0,86.0,130.11041259765625,4.968093988541854,-4.999124400824046,4.970962710254936,4.99153647675569,4.999577852000786,-4.984120141082518,4.9970541282138985,-4.9957723398491645,4.998987183739394,-4.9978098593391085
99.0,86.0,130.05104064941406,4.984931304674946,-4.993214938468573,4.999083067692372,4.994370425920611,4.98234315834908,-4.984312107321525,4.999631929884724,-4.999030391446741,4.998834976136683,-4.999220018988417
99.0,86.0,130.02706909179688,4.976194831575592,-4.995747079969384,4.992435642452572,4.987075628991201,4.997336624376319,-4.997182534602013,4.995984610326511,-4.99925184436836,4.999639481350814,-4.996984330993746
99.0,86.0,130.05364990234375,4.998932616222575,-4.9925740213940735,4.999867264869597,4.961910854471439,4.998668899080222,-4.998672148301552,4.998057940514817,-4.998203417316161,4.995579637980809,-4.998547781503344
99.0,86.0,130.09393310546875,4.994602096658271,-4.950575646313693,4.993302327372192,4.996297639788448,4.998992820095667,-4.996037500149854,4.993991451096488,-4.991400931491842,4.998578214421377,-4.998563368101178
99.0,86.0,130.02899169921875,4.998292538373219,-4.998860187930792,4.996279459495086,4.969571180387778,4.999389099647866,-4.992067082440107,4.994925832484824,-4.999014747170037,4.998859789537122,-4.999814275494533
99.0,87.0,130.08551025390625,4.995735301737288,-4.964680233149924,4.997671293836673,4.988610468078738,4.988751670169555,-4.998713895536022,4.993147641086594,-4.997569297285792,4.995467878670041,-4.999388159299167
99.0,87.0,130.0620574951172,4.994873717698948,-4.958934851597471,4.999964151027359,4.982348260949341,4.993101312552064,-4.998856944320533,4.999949369965427,-4.995834149470238,4.998903261092179,-4.997490454030819
99.0,87.0,130.0735321044922,4.971586762905757,-4.982159231044026,4.988161075956543,4.984869164353296,4.99823439754895,-4.998775701697971,4.997956405204272,-4.996606014647863,4.999313667763369,-4.995843492579281
99.0,87.0,130.06304931640625,4.972672689198197,-4.988397265100809,4.984617844419749,4.989623635933873,4.998707882964915,-4.995829922733689,4.998062692743895,-4.9966416391125,4.999378228092295,-4.996348832290519
99.0,87.0,130.07269287109375,4.9964766886172,-4.999603819379897,4.996760275416483,4.981578753932421,4.983760602727108,-4.983961778966847,4.999448481630298,-4.999239228574931,4.9992133587193655,-4.997616350582268
99.0,87.0,130.00633239746094,4.998830461710735,-4.997377088317884,4.9994291423353765,4.987200552536683,4.998886917375609,-4.997568928696353,4.998940561601176,-4.999903498361903,4.993248713362641,-4.998005394224824
99.0,87.0,130.10704040527344,4.988619849332045,-4.988901637198065,4.998716301923291,4.987503554021908,4.9712829796188025,-4.999328355002978,4.99662396190879,-4.994803420380388,4.996239329437058,-4.998969035041284
99.0,87.0,130.06239318847656,4.993278718958039,-4.99138085121365,4.999647286200111,4.966222496286928,4.993021816046412,-4.997921604774303,4.999753044984218,-4.99637221570786,4.999271184209322,-4.996794240818286
99.0,87.0,130.11865234375,4.972826651642428,-4.954671835231823,4.997582917504425,4.979476051554991,4.987358163721787,-4.995155244738706,4.994232062467481,-4.9978411478662,4.998931252225964,-4.999958680318322
99.0,87.0,130.01573181152344,4.996553865124542,-4.999824022347819,4.989095512236521,4.990908892421165,4.998142858621256,-4.992300950618414,4.993739161387795,-4.997432352606548,4.998305770481219,-4.999982224409157
99.0,87.0,130.09083557128906,4.998094035756158,-4.992911034942694,4.998771672825312,4.962600702003422,4.979602320585918,-4.991113292467812,4.999847268594559,-4.999612967803811,4.998636727949093,-4.998882413505715
99.0,87.0,130.04319763183594,4.982702475404146,-4.997128792265952,4.992923895630239,4.966678051375826,4.99502070517771,-4.999811788503884,4.997650256500593,-4.995681028256064,4.99961738134886,-4.999940131052651
99.0,87.0,130.06539916992188,4.973520150364565,-4.993206219104746,4.992427909958012,4.966865452869646,4.999973897242564,-4.99820807453708,4.995753405857098,-4.999066627680286,4.999477417968504,-4.99734374257948
99.0,87.0,130.1133575439453,4.996849908396852,-4.9999271686939,4.9810264788058,4.976500169316253,4.987328591314857,-4.98352367206863,4.998764682804804,-4.999475651944158,4.999464663589334,-4.996335377308895
99.0,87.0,130.0998077392578,4.969589138078763,-4.9788702426847085,4.987568309491017,4.993403908741498,4.997421975407146,-4.985555761082509,4.993251723611344,-4.998436997839447,4.996942626525884,-4.999997989977799
99.0,87.0,130.11959838867188,4.983996888005887,-4.954303346982852,4.998982784503967,4.976085500867453,4.991052911742096,-4.988064389751193,4.998835074247486,-4.997722053331435,4.99773889946277,-4.999670624944744
99.0,87.0,130.03396606445312,4.998300252306493,-4.999778491638821,4.997694695087324,4.96156652297678,4.997471131395337,-4.999628730926141,4.994190299882982,-4.997849190005898,4.998469012493207,-4.999844831822946
99.0,87.0,130.0833282470703,4.998893115721236,-4.967959806743256,4.999090960416924,4.99843530776098,4.984990812532283,-4.983156181108233,4.999908851218739,-4.996942975326386,4.998656817028856,-4.997919018325105
99.0,87.0,130.07720947265625,4.971674627972771,-4.98420666806593,4.987478690598192,4.968568122069275,4.999981060137091,-4.996634901281848,4.9969142538636655,-4.999280012599155,4.999547519154391,-4.997809826954852
99.0,87.0,130.06480407714844,4.9998754370194645,-4.995809693264736,4.987615171088166,4.965598586528049,4.999301586003218,-4.996104011814479,4.996854595441497,-4.999781822175681,4.995455812740355,-4.99862448381083
99.0,87.0,130.0408172607422,4.9940722188704,-4.992708724114113,4.999815590661841,4.968341841121657,4.989293052938703,-4.998212462582695,4.999292042987758,-4.9969965880582095,4.999177127419115,-4.999061356698668
99.0,87.0,130.13121032714844,4.997283008180975,-4.954056291219846,4.999117871231992,4.995689736254468,4.988118496812447,-4.992480700872054,4.989238780374523,-4.996070414967718,4.996667324131593,-4.9984695069556295
99.0,87.0,130.0550079345703,4.970304465792983,-4.998911868643362,4.989149631764208,4.992095974728865,4.99911535731256,-4.988250494250643,4.995804481820169,-4.996469285581671,4.9976026872659975,-4.999880469271143
99.0,87.0,130.05712890625,4.993144656518027,-4.978169605419042,4.998453898945375,4.957002467923218,4.999008879644527,-4.999977835162283,4.999786492506944,-4.995626863052408,4.999822315660452,-4.998825002248696
99.0,87.0,130.09962463378906,4.96123217927798,-4.933393322608355,4.994365736738905,4.995580876736732,4.994829891641784,-4.995188515164701,4.994792376333631,-4.997882720605116,4.999604828338665,-4.999939139947274
99.0,87.0,130.0006103515625,4.996393332506311,-4.984022637507899,4.999725341745171,4.980257629009188,4.993649963377953,-4.996101519840331,4.999921495720819,-4.999832305880423,4.999574013340938,-4.998666493375414
99.0,87.0,130.03738403320312,4.998396271931489,-4.995207817299486,4.999280754476979,4.968552419626908,4.999187718144762,-4.99733365552577,4.997346040105467,-4.99974315000638,4.995025225779583,-4.99872773513429
99.0,87.0,130.01585388183594,4.982246477148855,-4.992519750522321,4.999185749368779,4.98481305356307,4.99901790302758,-4.999996366021634,4.9966765504205455,-4.995817910863305,4.999585306485553,-4.997579032702849
99.0,87.0,130.1136474609375,4.998773643690117,-4.9436357372712045,4.9942553192642265,4.962321766966339,4.994777075499944,-4.993514460773572,4.997604857914695,-4.999753835831626,4.99810103936786,-4.999996029720541
99.0,87.0,130.07472229003906,4.98910285164224,-4.987665340359516,4.999995554913471,4.981834633992689,4.978496898876598,-4.995839723490468,4.999989737662558,-4.996711125869339,4.998879076531882,-4.997817396519124
99.0,87.0,130.0630645751953,4.965692725386154,-4.982632916066744,4.990131454255478,4.990917883741737,4.995259215028382,-4.99349771391773,4.996399821901802,-4.996024928702795,4.998967642220314,-4.999849022932304
99.0,87.0,130.0559539794922,4.994865718782761,-4.994036597014577,4.999983895123572,4.9704611859563865,4.985564289830995,-4.998503320391087,4.9988310409912975,-4.997620960408559,4.999083070628908,-4.997657980375849
99.0,87.0,130.05563354492188,4.987929356535986,-4.986299129484374,4.999631821210993,4.963236829160378,4.9982963617789,-4.999972684644437,4.999290636045391,-4.9964634482889245,4.998947057444702,-4.997513063989754
99.0,87.0,130.0677032470703,4.992560961340982,-4.97007750370887,4.972882779136294,4.975051945156878,4.998127647657502,-4.999541165143817,4.997819356261243,-4.999997885743157,4.998398445787098,-4.999045627624941
99.0,87.0,130.06333923339844,4.978076315131454,-4.978490858458265,4.98924182623037,4.98712869156248,4.996807874243851,-4.999084738126152,4.994699191932587,-4.993167123387875,4.999394465707869,-4.9998167376407965
99.0,87.0,130.05569458007812,4.983315103644699,-4.976638587360858,4.991729531835965,4.993227262442931,4.999296807715219,-4.988795821704786,4.994945058913915,-4.998237965014253,4.997369963245953,-4.999985487781515
99.0,87.0,130.07154846191406,4.95800879077758,-4.98486413863154,4.99629519511922,4.989931298009756,4.995147381639196,-4.996184632730486,4.998033670612236,-4.992661419033047,4.9982127866256185,-4.999572612476758
99.0,87.0,130.00390625,4.992593064177744,-4.990389913743648,4.980138719945419,4.9830248349301485,4.999847576977087,-4.999982185045066,4.998354599038754,-4.9999986745547815,4.998856380603018,-4.998630215574773
99.0,87.0,130.11680603027344,4.995316509102909,-4.964505928898188,4.952556562145134,4.966511411084371,4.999955850476457,-4.99408627723372,4.99999906758619,-4.998684532058492,4.999951436318304,-4.999835681671172
99.0,87.0,130.0257110595703,4.973949125091892,-4.984284350462129,4.994727840791969,4.995345506159823,4.998882104701767,-4.990825175438513,4.999929730347676,-4.996354306533734,4.999117495701943,-4.998825753753334
99.0,87.0,130.09385681152344,4.975559178833468,-4.99232400732837,4.97381294682787,4.978561815847996,4.999077766309194,-4.994814550701437,4.9986077701032885,-4.996083018658318,4.997120947323973,-4.998750637237822
99.0,87.0,130.03025817871094,4.969281460760312,-4.997398903140315,4.993076452549834,4.975055946010878,4.998568415496894,-4.999245544868887,4.995025976014427,-4.999793479413101,4.998714247455095,-4.999377886338519
99.0,87.0,130.0550537109375,4.972773710805262,-4.980354708792845,4.998940651680371,4.977022622101982,4.992837920067066,-4.999084288333513,4.997121003508086,-4.996327684307671,4.998974808228565,-4.999905689126224
99.0,87.0,129.98956298828125,4.984061093679411,-4.994928167052407,4.998954275220445,4.992031280413995,4.999213733277511,-4.991097171838508,4.999905559802507,-4.998695339842745,4.998654769094611,-4.998839800844408
99.0,87.0,130.03524780273438,4.968411249764777,-4.997714639201353,4.992947660077906,4.972716800504262,4.998935758324021,-4.9998387472472405,4.99529960593221,-4.999458427809104,4.998987183739394,-4.998997668194509
99.0,87.0,130.05104064941406,4.984931304674946,-4.993214938468573,4.999083067692372,4.994370425920611,4.98234315834908,-4.984312107321525,4.999631929884724,-4.999030391446741,4.998834976136683,-4.999220018988417
99.0,87.0,130.02706909179688,4.976194831575592,-4.995747079969384,4.992435642452572,4.987075628991201,4.997336624376319,-4.997182534602013,4.995984610326511,-4.99925184436836,4.999639481350814,-4.996984330993746
99.0,87.0,130.05364990234375,4.998932616222575,-4.9925740213940735,4.999867264869597,4.961910854471439,4.998668899080222,-4.998672148301552,4.998057940514817,-4.998203417316161,4.995579637980809,-4.998547781503344
99.0,87.0,130.04150390625,4.994602096658271,-4.999281728603165,4.999761444772901,4.968106962168896,4.998992820095667,-4.985129456857052,4.999990746561044,-4.9995476137935615,4.999116923952876,-4.998346718177332
99.0,87.0,130.021728515625,4.974545751055118,-4.998860187930792,4.987912190560932,4.991362250047485,4.999288822107395,-4.992067082440107,4.999042486077039,-4.999014747170037,4.998113204075303,-4.998311228777358
99.0,88.0,130.08351135253906,4.964104168946424,-4.97301594892248,4.996178782941016,4.980411802202596,4.988751670169555,-4.999020228741035,4.993443961579106,-4.999843684780403,4.998859827742743,-4.99945313838119
99.0,88.0,130.0620574951172,4.994873717698948,-4.958934851597471,4.999964151027359,4.982348260949341,4.993101312552064,-4.998856944320533,4.999949369965427,-4.995834149470238,4.998903261092179,-4.997490454030819
99.0,88.0,130.01702880859375,4.976305413885919,-4.990757126815804,4.999829815161364,4.995073347557122,4.996800475475827,-4.990085450935212,4.997956405204272,-4.995492735519125,4.999313667763369,-4.999954235793047
99.0,88.0,130.06304931640625,4.972672689198197,-4.988397265100809,4.984617844419749,4.989623635933873,4.998707882964915,-4.995829922733689,4.998062692743895,-4.9966416391125,4.999378228092295,-4.996348832290519
99.0,88.0,130.04144287109375,4.987143974493158,-4.997564986295288,4.980504645157121,4.996930127750074,4.999852088668613,-4.983961778966847,4.996799627995554,-4.999999564791475,4.998737876015569,-4.99800723080185
99.0,88.0,130.00633239746094,4.998830461710735,-4.997377088317884,4.9994291423353765,4.987200552536683,4.998886917375609,-4.997568928696353,4.998940561601176,-4.999903498361903,4.993248713362641,-4.998005394224824
99.0,88.0,130.0708770751953,4.984656475813123,-4.999962142529644,4.998716301923291,4.991225867104276,4.987638552828443,-4.980221139137907,4.999256955585915,-4.999881316871095,4.999575658015921,-4.996217100945902
99.0,88.0,130.06239318847656,4.993278718958039,-4.99138085121365,4.999647286200111,4.966222496286928,4.993021816046412,-4.997921604774303,4.999753044984218,-4.99637221570786,4.999271184209322,-4.996794240818286
99.0,88.0,130.0887451171875,4.981263574326691,-4.998595467194092,4.9990854142977,4.993147345571647,4.973501308507586,-4.998119710535447,4.997774312852696,-4.994274172385946,4.996516194300433,-4.998390920603217
99.0,88.0,129.97911071777344,4.983120611204376,-4.98351498748263,4.999803387961404,4.990908892421165,4.999543346376804,-4.998464930931338,4.998441395228501,-4.998329122699179,4.998305770481219,-4.999982224409157
99.0,88.0,130.09083557128906,4.998094035756158,-4.992911034942694,4.998771672825312,4.962600702003422,4.979602320585918,-4.991113292467812,4.999847268594559,-4.999612967803811,4.998636727949093,-4.998882413505715
99.0,88.0,130.04319763183594,4.982702475404146,-4.997128792265952,4.992923895630239,4.966678051375826,4.99502070517771,-4.999811788503884,4.997650256500593,-4.995681028256064,4.99961738134886,-4.999940131052651
99.0,88.0,130.00807189941406,4.98648633901829,-4.999455822578864,4.990151024469318,4.99200487829113,4.999006309935565,-4.990302596382469,4.996880720398989,-4.999410103917061,4.997576975269764,-4.999788690046259
99.0,88.0,130.0440673828125,4.986109329235693,-4.995355409380512,4.99610887304333,4.976500169316253,4.99978293965042,-4.999419829635761,4.995299108736736,-4.999469979944617,4.995445570789288,-4.997958399671172
99.0,88.0,130.05679321289062,4.967672320645581,-4.998181226248124,4.99173176275866,4.993403908741498,4.998755154007309,-4.985555761082509,4.993796226788863,-4.998436997839447,4.9979032089558935,-4.999935161873887
99.0,88.0,130.0962677001953,4.961668661458596,-4.98358166381122,4.9935180980899565,4.964587386954427,4.999983487528431,-4.998229969159858,4.994589666795992,-4.9976108555466565,4.999358142723104,-4.998488411851458
99.0,88.0,130.02865600585938,4.999986839889719,-4.991805762262184,4.999870244271965,4.990848710432914,4.99637374982289,-4.997226818284711,4.999296202453965,-4.997821630225444,4.993501121015182,-4.997227807427763
99.0,88.0,130.07208251953125,4.974605718933376,-4.995887996572994,4.974828270156793,4.9879073688642,4.997167182300501,-4.993050945158532,4.999908851218739,-4.997074576595581,4.997673447747839,-4.997919018325105
99.0,88.0,130.07720947265625,4.971674627972771,-4.98420666806593,4.987478690598192,4.968568122069275,4.999981060137091,-4.996634901281848,4.9969142538636655,-4.999280012599155,4.999547519154391,-4.997809826954852
99.0,88.0,130.06480407714844,4.9998754370194645,-4.995809693264736,4.987615171088166,4.965598586528049,4.999301586003218,-4.996104011814479,4.996854595441497,-4.999781822175681,4.995455812740355,-4.99862448381083
99.0,88.0,130.0408172607422,4.9940722188704,-4.992708724114113,4.999815590661841,4.968341841121657,4.989293052938703,-4.998212462582695,4.999292042987758,-4.9969965880582095,4.999177127419115,-4.999061356698668
99.0,88.0,130.13121032714844,4.997283008180975,-4.954056291219846,4.999117871231992,4.995689736254468,4.988118496812447,-4.992480700872054,4.989238780374523,-4.996070414967718,4.996667324131593,-4.9984695069556295
99.0,88.0,130.0550079345703,4.970304465792983,-4.998911868643362,4.989149631764208,4.992095974728865,4.99911535731256,-4.988250494250643,4.995804481820169,-4.996469285581671,4.9976026872659975,-4.999880469271143
99.0,88.0,130.05712890625,4.993144656518027,-4.978169605419042,4.998453898945375,4.957002467923218,4.999008879644527,-4.999977835162283,4.999786492506944,-4.995626863052408,4.999822315660452,-4.998825002248696
99.0,88.0,130.09962463378906,4.96123217927798,-4.933393322608355,4.994365736738905,4.995580876736732,4.994829891641784,-4.995188515164701,4.994792376333631,-4.997882720605116,4.999604828338665,-4.999939139947274
99.0,88.0,130.0006103515625,4.996393332506311,-4.984022637507899,4.999725341745171,4.980257629009188,4.993649963377953,-4.996101519840331,4.999921495720819,-4.999832305880423,4.999574013340938,-4.998666493375414
99.0,88.0,130.03738403320312,4.998396271931489,-4.995207817299486,4.999280754476979,4.968552419626908,4.999187718144762,-4.99733365552577,4.997346040105467,-4.99974315000638,4.995025225779583,-4.99872773513429
99.0,88.0,130.01585388183594,4.982246477148855,-4.992519750522321,4.999185749368779,4.98481305356307,4.99901790302758,-4.999996366021634,4.9966765504205455,-4.995817910863305,4.999585306485553,-4.997579032702849
99.0,88.0,130.1000213623047,4.9867921079764255,-4.9862602882862745,4.996007246114106,4.949848137115104,4.998845839496562,-4.999979440447897,4.997782897803385,-4.997926301321636,4.99810103936786,-4.997005100590513
99.0,88.0,130.07472229003906,4.98910285164224,-4.987665340359516,4.999995554913471,4.981834633992689,4.978496898876598,-4.995839723490468,4.999989737662558,-4.996711125869339,4.998879076531882,-4.997817396519124
99.0,88.0,130.0630645751953,4.965692725386154,-4.982632916066744,4.990131454255478,4.990917883741737,4.995259215028382,-4.99349771391773,4.996399821901802,-4.996024928702795,4.998967642220314,-4.999849022932304
99.0,88.0,130.0559539794922,4.994865718782761,-4.994036597014577,4.999983895123572,4.9704611859563865,4.985564289830995,-4.998503320391087,4.9988310409912975,-4.997620960408559,4.999083070628908,-4.997657980375849
99.0,88.0,130.05563354492188,4.987929356535986,-4.986299129484374,4.999631821210993,4.963236829160378,4.9982963617789,-4.999972684644437,4.999290636045391,-4.9964634482889245,4.998947057444702,-4.997513063989754
99.0,88.0,130.02923583984375,4.991787714324336,-4.978986071926926,4.997348337498514,4.997758994583604,4.984947767456076,-4.999541165143817,4.994799912936477,-4.999997885743157,4.995715868387286,-4.999992058001304
99.0,88.0,130.06333923339844,4.978076315131454,-4.978490858458265,4.98924182623037,4.98712869156248,4.996807874243851,-4.999084738126152,4.994699191932587,-4.993167123387875,4.999394465707869,-4.9998167376407965
99.0,88.0,130.05569458007812,4.983315103644699,-4.976638587360858,4.991729531835965,4.993227262442931,4.999296807715219,-4.988795821704786,4.994945058913915,-4.998237965014253,4.997369963245953,-4.999985487781515
99.0,88.0,130.0482177734375,4.9884541532551445,-4.98486413863154,4.991827143283628,4.970744601198691,4.995346762734718,-4.999520585228297,4.998902114860647,-4.997385661282504,4.9982127866256185,-4.999251226939974
99.0,88.0,130.00390625,4.992593064177744,-4.990389913743648,4.980138719945419,4.9830248349301485,4.999847576977087,-4.999982185045066,4.998354599038754,-4.9999986745547815,4.998856380603018,-4.998630215574773
99.0,88.0,130.07098388671875,4.9948649956759,-4.976871428171549,4.975020062384308,4.966511411084371,4.997678761071187,-4.998744581595838,4.996833458822363,-4.999999859893356,4.99856135258082,-4.999835681671172
99.0,88.0,130.0257110595703,4.973949125091892,-4.984284350462129,4.994727840791969,4.995345506159823,4.998882104701767,-4.990825175438513,4.999929730347676,-4.996354306533734,4.999117495701943,-4.998825753753334
99.0,88.0,130.06629943847656,4.96761801828602,-4.973614735182041,4.9866137990645685,4.999570851664199,4.99906725836848,-4.995245665649865,4.995248536610776,-4.992533796450462,4.999411678244387,-4.999817582329542
99.0,88.0,130.03025817871094,4.969281460760312,-4.997398903140315,4.993076452549834,4.975055946010878,4.998568415496894,-4.999245544868887,4.995025976014427,-4.999793479413101,4.998714247455095,-4.999377886338519
99.0,88.0,130.0550537109375,4.972773710805262,-4.980354708792845,4.998940651680371,4.977022622101982,4.992837920067066,-4.999084288333513,4.997121003508086,-4.996327684307671,4.998974808228565,-4.999905689126224
99.0,88.0,129.98956298828125,4.984061093679411,-4.994928167052407,4.998954275220445,4.992031280413995,4.999213733277511,-4.991097171838508,4.999905559802507,-4.998695339842745,4.998654769094611,-4.998839800844408
99.0,88.0,130.03524780273438,4.968411249764777,-4.997714639201353,4.992947660077906,4.972716800504262,4.998935758324021,-4.9998387472472405,4.99529960593221,-4.999458427809104,4.998987183739394,-4.998997668194509
99.0,88.0,130.05104064941406,4.984931304674946,-4.993214938468573,4.999083067692372,4.994370425920611,4.98234315834908,-4.984312107321525,4.999631929884724,-4.999030391446741,4.998834976136683,-4.999220018988417
99.0,88.0,130.02706909179688,4.976194831575592,-4.995747079969384,4.992435642452572,4.987075628991201,4.997336624376319,-4.997182534602013,4.995984610326511,-4.99925184436836,4.999639481350814,-4.996984330993746
99.0,88.0,130.05364990234375,4.998932616222575,-4.9925740213940735,4.999867264869597,4.961910854471439,4.998668899080222,-4.998672148301552,4.998057940514817,-4.998203417316161,4.995579637980809,-4.998547781503344
99.0,88.0,130.04150390625,4.994602096658271,-4.999281728603165,4.999761444772901,4.968106962168896,4.998992820095667,-4.985129456857052,4.999990746561044,-4.9995476137935615,4.999116923952876,-4.998346718177332
99.0,88.0,130.021728515625,4.974545751055118,-4.998860187930792,4.987912190560932,4.991362250047485,4.999288822107395,-4.992067082440107,4.999042486077039,-4.999014747170037,4.998113204075303,-4.998311228777358
99.0,89.0,130.08351135253906,4.964104168946424,-4.97301594892248,4.996178782941016,4.980411802202596,4.988751670169555,-4.999020228741035,4.993443961579106,-4.999843684780403,4.998859827742743,-4.99945313838119
99.0,89.0,130.0252227783203,4.98337996341954,-4.996028189339476,4.983217639190947,4.997029381815247,4.999771921428756,-4.98962127991868,4.999949369965427,-4.9993564000168185,4.999521015244316,-4.996035101831559
99.0,89.0,130.01702880859375,4.976305413885919,-4.990757126815804,4.999829815161364,4.995073347557122,4.996800475475827,-4.990085450935212,4.997956405204272,-4.995492735519125,4.999313667763369,-4.999954235793047
99.0,89.0,130.05665588378906,4.9999360225633245,-4.989975993727548,4.991620568614806,4.989623635933873,4.99868972325701,-4.987032832447979,4.994778129796698,-4.997523469010718,4.996480723464189,-4.999296874333479
99.0,89.0,130.04144287109375,4.987143974493158,-4.997564986295288,4.980504645157121,4.996930127750074,4.999852088668613,-4.983961778966847,4.996799627995554,-4.999999564791475,4.998737876015569,-4.99800723080185
99.0,89.0,130.00633239746094,4.998830461710735,-4.997377088317884,4.9994291423353765,4.987200552536683,4.998886917375609,-4.997568928696353,4.998940561601176,-4.999903498361903,4.993248713362641,-4.998005394224824
99.0,89.0,130.03128051757812,4.9878764064063645,-4.991826636232565,4.999132476248548,4.977007543515732,4.9998465377696695,-4.994218530498013,4.999842762400728,-4.996909405424953,4.999057033442174,-4.9973851510525655
99.0,89.0,130.06239318847656,4.993278718958039,-4.99138085121365,4.999647286200111,4.966222496286928,4.993021816046412,-4.997921604774303,4.999753044984218,-4.99637221570786,4.999271184209322,-4.996794240818286
99.0,89.0,130.0592498779297,4.967008468413786,-4.982871600641994,4.993106812488408,4.993147345571647,4.999267583411438,-4.999998659616992,4.994377184428654,-4.99227832518663,4.9999727816332005,-4.998046617114763
99.0,89.0,129.97911071777344,4.983120611204376,-4.98351498748263,4.999803387961404,4.990908892421165,4.999543346376804,-4.998464930931338,4.998441395228501,-4.998329122699179,4.998305770481219,-4.999982224409157
99.0,89.0,130.05479431152344,4.988473241167787,-4.999541677067433,4.995211353100972,4.957398924058452,4.994024719390351,-4.999901414836288,4.998814570087821,-4.994903510107341,4.99930237129381,-4.999923405642126
99.0,89.0,130.04319763183594,4.982702475404146,-4.997128792265952,4.992923895630239,4.966678051375826,4.99502070517771,-4.999811788503884,4.997650256500593,-4.995681028256064,4.99961738134886,-4.999940131052651
99.0,89.0,130.00807189941406,4.98648633901829,-4.999455822578864,4.990151024469318,4.99200487829113,4.999006309935565,-4.990302596382469,4.996880720398989,-4.999410103917061,4.997576975269764,-4.999788690046259
99.0,89.0,130.0440673828125,4.986109329235693,-4.995355409380512,4.99610887304333,4.976500169316253,4.99978293965042,-4.999419829635761,4.995299108736736,-4.999469979944617,4.995445570789288,-4.997958399671172
99.0,89.0,130.0150146484375,4.987546171580297,-4.998181226248124,4.997519593500261,4.9949211872444845,4.998755154007309,-4.993854941655791,4.999790786827216,-4.996047034311359,4.996435512184833,-4.997637987192018
99.0,89.0,130.0452423095703,4.979067169907036,-4.982513284761229,4.991369310642998,4.998015764390889,4.986405303598328,-4.998229969159858,4.994673054748015,-4.999997971063912,4.998021909917346,-4.998488411851458
99.0,89.0,130.02865600585938,4.999986839889719,-4.991805762262184,4.999870244271965,4.990848710432914,4.99637374982289,-4.997226818284711,4.999296202453965,-4.997821630225444,4.993501121015182,-4.997227807427763
99.0,89.0,130.02987670898438,4.973544281342528,-4.993267598034999,4.988134484195028,4.997214854738624,4.99651994472399,-4.991451014597388,4.999143158468261,-4.9990593251070585,4.997673447747839,-4.99828060789792
99.0,89.0,130.03829956054688,4.995646649423474,-4.98420666806593,4.999397809547265,4.975416255538804,4.988939757535228,-4.998921240726519,4.997345535656224,-4.998324906044269,4.999547519154391,-4.998463074305186
99.0,89.0,130.06480407714844,4.9998754370194645,-4.995809693264736,4.987615171088166,4.965598586528049,4.999301586003218,-4.996104011814479,4.996854595441497,-4.999781822175681,4.995455812740355,-4.99862448381083
99.0,89.0,130.02639770507812,4.993892472846053,-4.965585216674267,4.999862668428404,4.988632466219833,4.990549826652376,-4.997477986093358,4.999984026718722,-4.997858469527701,4.99998095808329,-4.998099478485409
99.0,89.0,130.08734130859375,4.998257849723757,-4.999974560026411,4.999117871231992,4.979213342401365,4.987935404347595,-4.980358183678302,4.998652906934716,-4.99995361029987,4.997614450339951,-4.997354926706057
99.0,89.0,130.0550079345703,4.970304465792983,-4.998911868643362,4.989149631764208,4.992095974728865,4.99911535731256,-4.988250494250643,4.995804481820169,-4.996469285581671,4.9976026872659975,-4.999880469271143
99.0,89.0,130.05712890625,4.993144656518027,-4.978169605419042,4.998453898945375,4.957002467923218,4.999008879644527,-4.999977835162283,4.999786492506944,-4.995626863052408,4.999822315660452,-4.998825002248696
99.0,89.0,130.09103393554688,4.973879292222092,-4.99819136314756,4.976131984596774,4.995270217758212,4.991094988889513,-4.983451599909605,4.999916448007194,-4.997882720605116,4.999738491361155,-4.997048368962471
99.0,89.0,130.0006103515625,4.996393332506311,-4.984022637507899,4.999725341745171,4.980257629009188,4.993649963377953,-4.996101519840331,4.999921495720819,-4.999832305880423,4.999574013340938,-4.998666493375414
99.0,89.0,130.02723693847656,4.978075872160984,-4.972783645979591,4.98770947104298,4.997644135806556,4.997635739542467,-4.99733365552577,4.99536714608683,-4.997829086997424,4.998686537568358,-4.999996438607789
99.0,89.0,130.01585388183594,4.982246477148855,-4.992519750522321,4.999185749368779,4.98481305356307,4.99901790302758,-4.999996366021634,4.9966765504205455,-4.995817910863305,4.999585306485553,-4.997579032702849
99.0,89.0,130.0726318359375,4.9984067793554345,-4.975377509501175,4.999720122841809,4.963152877315755,4.999726759741647,-4.997702272418313,4.998433568661833,-4.99997094524268,4.996218759175456,-4.997005100590513
99.0,89.0,130.0004119873047,4.999948044517447,-4.999728446256977,4.99999434654998,4.988607248827801,4.997756775258831,-4.983753145775459,4.999998199786166,-4.999495278245465,4.998879076531882,-4.998458071595957
99.0,89.0,130.0630645751953,4.965692725386154,-4.982632916066744,4.990131454255478,4.990917883741737,4.995259215028382,-4.99349771391773,4.996399821901802,-4.996024928702795,4.998967642220314,-4.999849022932304
99.0,89.0,130.0559539794922,4.994865718782761,-4.994036597014577,4.999983895123572,4.9704611859563865,4.985564289830995,-4.998503320391087,4.9988310409912975,-4.997620960408559,4.999083070628908,-4.997657980375849
99.0,89.0,130.05563354492188,4.987929356535986,-4.986299129484374,4.999631821210993,4.963236829160378,4.9982963617789,-4.999972684644437,4.999290636045391,-4.9964634482889245,4.998947057444702,-4.997513063989754
99.0,89.0,130.02923583984375,4.991787714324336,-4.978986071926926,4.997348337498514,4.997758994583604,4.984947767456076,-4.999541165143817,4.994799912936477,-4.999997885743157,4.995715868387286,-4.999992058001304
99.0,89.0,130.0018768310547,4.977662374801251,-4.996474060280551,4.98924182623037,4.998650637196212,4.999344993777664,-4.98822003556088,4.998888893573364,-4.998086144667638,4.998872064710355,-4.99990822048137
99.0,89.0,130.05569458007812,4.983315103644699,-4.976638587360858,4.991729531835965,4.993227262442931,4.999296807715219,-4.988795821704786,4.994945058913915,-4.998237965014253,4.997369963245953,-4.999985487781515
99.0,89.0,130.0482177734375,4.9884541532551445,-4.98486413863154,4.991827143283628,4.970744601198691,4.995346762734718,-4.999520585228297,4.998902114860647,-4.997385661282504,4.9982127866256185,-4.999251226939974
99.0,89.0,130.00390625,4.992593064177744,-4.990389913743648,4.980138719945419,4.9830248349301485,4.999847576977087,-4.999982185045066,4.998354599038754,-4.9999986745547815,4.998856380603018,-4.998630215574773
99.0,89.0,130.06329345703125,4.997195587614538,-4.94964539441329,4.999964287097579,4.982762694366106,4.997678761071187,-4.999196507303767,4.998949512435889,-4.995833309946079,4.997392257278039,-4.998482867630546
99.0,89.0,130.0257110595703,4.973949125091892,-4.984284350462129,4.994727840791969,4.995345506159823,4.998882104701767,-4.990825175438513,4.999929730347676,-4.996354306533734,4.999117495701943,-4.998825753753334
99.0,89.0,130.04931640625,4.982652643828053,-4.996181320965977,4.996429278091961,4.970490327826092,4.999947687007111,-4.99978718895904,4.994819791580694,-4.999740797466988,4.994982953841429,-4.999155177343559
99.0,89.0,130.03025817871094,4.969281460760312,-4.997398903140315,4.993076452549834,4.975055946010878,4.998568415496894,-4.999245544868887,4.995025976014427,-4.999793479413101,4.998714247455095,-4.999377886338519
99.0,89.0,130.0550537109375,4.972773710805262,-4.980354708792845,4.998940651680371,4.977022622101982,4.992837920067066,-4.999084288333513,4.997121003508086,-4.996327684307671,4.998974808228565,-4.999905689126224
99.0,89.0,129.98956298828125,4.984061093679411,-4.994928167052407,4.998954275220445,4.992031280413995,4.999213733277511,-4.991097171838508,4.999905559802507,-4.998695339842745,4.998654769094611,-4.998839800844408
99.0,89.0,130.0340576171875,4.979424112652415,-4.994250714102922,4.999999075530206,4.997161206360389,4.996320145675089,-4.988878822760855,4.998249386485483,-4.995445147422686,4.996509834143181,-4.999641825118073
99.0,89.0,130.05104064941406,4.984931304674946,-4.993214938468573,4.999083067692372,4.994370425920611,4.98234315834908,-4.984312107321525,4.999631929884724,-4.999030391446741,4.998834976136683,-4.999220018988417
99.0,89.0,130.0236053466797,4.956270326877253,-4.985982344800514,4.98903467470862,4.987075628991201,4.9999977801338185,-4.9971409169150665,4.9984106368082255,-4.999280700021328,4.999812968292189,-4.999148003396773
99.0,89.0,130.05364990234375,4.998932616222575,-4.9925740213940735,4.999867264869597,4.961910854471439,4.998668899080222,-4.998672148301552,4.998057940514817,-4.998203417316161,4.995579637980809,-4.998547781503344
99.0,89.0,130.04150390625,4.994602096658271,-4.999281728603165,4.999761444772901,4.968106962168896,4.998992820095667,-4.985129456857052,4.999990746561044,-4.9995476137935615,4.999116923952876,-4.998346718177332
99.0,89.0,130.021728515625,4.974545751055118,-4.998860187930792,4.987912190560932,4.991362250047485,4.999288822107395,-4.992067082440107,4.999042486077039,-4.999014747170037,4.998113204075303,-4.998311228777358
99.0,90.0,130.08351135253906,4.964104168946424,-4.97301594892248,4.996178782941016,4.980411802202596,4.988751670169555,-4.999020228741035,4.993443961579106,-4.999843684780403,4.998859827742743,-4.99945313838119
99.0,90.0,130.0252227783203,4.98337996341954,-4.996028189339476,4.983217639190947,4.997029381815247,4.999771921428756,-4.98962127991868,4.999949369965427,-4.9993564000168185,4.999521015244316,-4.996035101831559
99.0,90.0,130.01702880859375,4.976305413885919,-4.990757126815804,4.999829815161364,4.995073347557122,4.996800475475827,-4.990085450935212,4.997956405204272,-4.995492735519125,4.999313667763369,-4.999954235793047
99.0,90.0,130.00559997558594,4.9999360225633245,-4.9912843527342,4.9963270149025245,4.989623635933873,4.999876971265672,-4.998586051806077,4.995954543309685,-4.999972601939526,4.995585403861359,-4.997644304517069
99.0,90.0,130.04144287109375,4.987143974493158,-4.997564986295288,4.980504645157121,4.996930127750074,4.999852088668613,-4.983961778966847,4.996799627995554,-4.999999564791475,4.998737876015569,-4.99800723080185
99.0,90.0,130.00633239746094,4.998830461710735,-4.997377088317884,4.9994291423353765,4.987200552536683,4.998886917375609,-4.997568928696353,4.998940561601176,-4.999903498361903,4.993248713362641,-4.998005394224824
99.0,90.0,130.03128051757812,4.9878764064063645,-4.991826636232565,4.999132476248548,4.977007543515732,4.9998465377696695,-4.994218530498013,4.999842762400728,-4.996909405424953,4.999057033442174,-4.9973851510525655
99.0,90.0,130.06239318847656,4.993278718958039,-4.99138085121365,4.999647286200111,4.966222496286928,4.993021816046412,-4.997921604774303,4.999753044984218,-4.99637221570786,4.999271184209322,-4.996794240818286
99.0,90.0,130.0592498779297,4.967008468413786,-4.982871600641994,4.993106812488408,4.993147345571647,4.999267583411438,-4.999998659616992,4.994377184428654,-4.99227832518663,4.9999727816332005,-4.998046617114763
99.0,90.0,129.97911071777344,4.983120611204376,-4.98351498748263,4.999803387961404,4.990908892421165,4.999543346376804,-4.998464930931338,4.998441395228501,-4.998329122699179,4.998305770481219,-4.999982224409157
99.0,90.0,130.05479431152344,4.988473241167787,-4.999541677067433,4.995211353100972,4.957398924058452,4.994024719390351,-4.999901414836288,4.998814570087821,-4.994903510107341,4.99930237129381,-4.999923405642126
99.0,90.0,130.04319763183594,4.982702475404146,-4.997128792265952,4.992923895630239,4.966678051375826,4.99502070517771,-4.999811788503884,4.997650256500593,-4.995681028256064,4.99961738134886,-4.999940131052651
99.0,90.0,130.00807189941406,4.98648633901829,-4.999455822578864,4.990151024469318,4.99200487829113,4.999006309935565,-4.990302596382469,4.996880720398989,-4.999410103917061,4.997576975269764,-4.999788690046259
99.0,90.0,130.02719116210938,4.968173402829674,-4.960675999341351,4.99610887304333,4.999298099776507,4.999386556924335,-4.999999873500199,4.994436420150949,-4.999469979944617,4.999127374957766,-4.998459060742112
99.0,90.0,129.98193359375,4.995698494113498,-4.9984814963945565,4.999795348951338,4.9949211872444845,4.99991147895749,-4.994112795169037,4.999976205838956,-4.998510149798267,4.996562119546288,-4.997637987192018
99.0,90.0,130.0452423095703,4.979067169907036,-4.982513284761229,4.991369310642998,4.998015764390889,4.986405303598328,-4.998229969159858,4.994673054748015,-4.999997971063912,4.998021909917346,-4.998488411851458
99.0,90.0,130.0280303955078,4.999986839889719,-4.9955269598591325,4.9910407886558605,4.991411619030406,4.99637374982289,-4.998016321354918,4.998916146690807,-4.999834059247579,4.993569682718858,-4.9967939093426255
99.0,90.0,130.02987670898438,4.973544281342528,-4.993267598034999,4.988134484195028,4.997214854738624,4.99651994472399,-4.991451014597388,4.999143158468261,-4.9990593251070585,4.997673447747839,-4.99828060789792
99.0,90.0,130.03829956054688,4.995646649423474,-4.98420666806593,4.999397809547265,4.975416255538804,4.988939757535228,-4.998921240726519,4.997345535656224,-4.998324906044269,4.999547519154391,-4.998463074305186
99.0,90.0,130.0597381591797,4.9998754370194645,-4.999395081524817,4.994664806262742,4.948763882183586,4.999301586003218,-4.999827163535247,4.996854595441497,-4.994013800802607,4.999755931583617,-4.999909089982957
99.0,90.0,129.99346923828125,4.993892472846053,-4.9913631478265525,4.999862668428404,4.988632466219833,4.9995108004654965,-4.995230450094576,4.999944218995396,-4.994949650724841,4.999596109507468,-4.998436584602484
99.0,90.0,130.08734130859375,4.998257849723757,-4.999974560026411,4.999117871231992,4.979213342401365,4.987935404347595,-4.980358183678302,4.998652906934716,-4.99995361029987,4.997614450339951,-4.997354926706057
99.0,90.0,130.0405731201172,4.968604814831133,-4.985354291948433,4.989390170989233,4.997850496806966,4.992965061253967,-4.9910995642846245,4.999825514785708,-4.9973527685274,4.999669374941407,-4.998655863789253
99.0,90.0,130.03353881835938,4.99545432353534,-4.962042600468868,4.998453898945375,4.981088250613267,4.990915416880931,-4.998821648452396,4.999984971362042,-4.998078529449343,4.99998725644077,-4.998825002248696
99.0,90.0,130.04115295410156,4.988038508129868,-4.991698880601788,4.9949671311870905,4.993761252027866,4.993108642489008,-4.999204069885451,4.993053747182279,-4.999520721819751,4.99382997626058,-4.999197896676948
99.0,90.0,130.0006103515625,4.996393332506311,-4.984022637507899,4.999725341745171,4.980257629009188,4.993649963377953,-4.996101519840331,4.999921495720819,-4.999832305880423,4.999574013340938,-4.998666493375414
99.0,90.0,130.02723693847656,4.978075872160984,-4.972783645979591,4.98770947104298,4.997644135806556,4.997635739542467,-4.99733365552577,4.99536714608683,-4.997829086997424,4.998686537568358,-4.999996438607789
99.0,90.0,130.01585388183594,4.982246477148855,-4.992519750522321,4.999185749368779,4.98481305356307,4.99901790302758,-4.999996366021634,4.9966765504205455,-4.995817910863305,4.999585306485553,-4.997579032702849
99.0,90.0,130.0132293701172,4.999965433466047,-4.999967601221082,4.999998687342752,4.9764873326448456,4.997637520333496,-4.986910183068536,4.999998842018621,-4.9993233280221,4.999203946096155,-4.998503625656131
99.0,90.0,130.0004119873047,4.999948044517447,-4.999728446256977,4.99999434654998,4.988607248827801,4.997756775258831,-4.983753145775459,4.999998199786166,-4.999495278245465,4.998879076531882,-4.998458071595957
99.0,90.0,130.058349609375,4.994452089970702,-4.980652749308818,4.997672161849319,4.9572778485851545,4.999935976212477,-4.999986651469216,4.9998659209781895,-4.994135184484717,4.998622583684528,-4.999849022932304
99.0,90.0,130.0559539794922,4.994865718782761,-4.994036597014577,4.999983895123572,4.9704611859563865,4.985564289830995,-4.998503320391087,4.9988310409912975,-4.997620960408559,4.999083070628908,-4.997657980375849
99.0,90.0,130.0492401123047,4.990114506124625,-4.998446298148546,4.980182612260829,4.991799980753049,4.9982963617789,-4.9889172365100585,4.996159700603691,-4.999999699856265,4.998873695376661,-4.996819629256751
99.0,90.0,130.02923583984375,4.991787714324336,-4.978986071926926,4.997348337498514,4.997758994583604,4.984947767456076,-4.999541165143817,4.994799912936477,-4.999997885743157,4.995715868387286,-4.999992058001304
99.0,90.0,130.0018768310547,4.977662374801251,-4.996474060280551,4.98924182623037,4.998650637196212,4.999344993777664,-4.98822003556088,4.998888893573364,-4.998086144667638,4.998872064710355,-4.99990822048137
99.0,90.0,130.05569458007812,4.983315103644699,-4.976638587360858,4.991729531835965,4.993227262442931,4.999296807715219,-4.988795821704786,4.994945058913915,-4.998237965014253,4.997369963245953,-4.999985487781515
99.0,90.0,130.0482177734375,4.9884541532551445,-4.98486413863154,4.991827143283628,4.970744601198691,4.995346762734718,-4.999520585228297,4.998902114860647,-4.997385661282504,4.9982127866256185,-4.999251226939974
99.0,90.0,130.00390625,4.992593064177744,-4.990389913743648,4.980138719945419,4.9830248349301485,4.999847576977087,-4.999982185045066,4.998354599038754,-4.9999986745547815,4.998856380603018,-4.998630215574773
99.0,90.0,130.05589294433594,4.997872649028778,-4.995726345968817,4.9951297534893,4.988474321110505,4.9993129058366605,-4.983778592404351,4.997059421927121,-4.996786078778873,4.996696202530981,-4.998711531906251
99.0,90.0,130.0257110595703,4.973949125091892,-4.984284350462129,4.994727840791969,4.995345506159823,4.998882104701767,-4.990825175438513,4.999929730347676,-4.996354306533734,4.999117495701943,-4.998825753753334
99.0,90.0,130.04931640625,4.982652643828053,-4.996181320965977,4.996429278091961,4.970490327826092,4.999947687007111,-4.99978718895904,4.994819791580694,-4.999740797466988,4.994982953841429,-4.999155177343559
99.0,90.0,130.03025817871094,4.969281460760312,-4.997398903140315,4.993076452549834,4.975055946010878,4.998568415496894,-4.999245544868887,4.995025976014427,-4.999793479413101,4.998714247455095,-4.999377886338519
99.0,90.0,130.04183959960938,4.965904061687482,-4.999151422628951,4.9903165452995095,4.977022622101982,4.999917803982445,-4.998444260695637,4.997121003508086,-4.999980385014234,4.997364319263923,-4.998240380282399
99.0,90.0,129.98956298828125,4.984061093679411,-4.994928167052407,4.998954275220445,4.992031280413995,4.999213733277511,-4.991097171838508,4.999905559802507,-4.998695339842745,4.998654769094611,-4.998839800844408
99.0,90.0,130.0340576171875,4.979424112652415,-4.994250714102922,4.999999075530206,4.997161206360389,4.996320145675089,-4.988878822760855,4.998249386485483,-4.995445147422686,4.996509834143181,-4.999641825118073
99.0,90.0,130.05104064941406,4.984931304674946,-4.993214938468573,4.999083067692372,4.994370425920611,4.98234315834908,-4.984312107321525,4.999631929884724,-4.999030391446741,4.998834976136683,-4.999220018988417
99.0,90.0,130.0028533935547,4.98566094612931,-4.97568759929518,4.998673071438889,4.998131839765786,4.996271395388496,-4.996150142230683,4.997702802891235,-4.998519713420068,4.999909218510633,-4.9977280991117325
99.0,90.0,130.05223083496094,4.985621760482138,-4.9925740213940735,4.982337567640342,4.961910854471439,4.999696594931127,-4.999794630277165,4.998752960912666,-4.99740819340996,4.998833751757152,-4.999888871374331
99.0,90.0,130.04150390625,4.994602096658271,-4.999281728603165,4.999761444772901,4.968106962168896,4.998992820095667,-4.985129456857052,4.999990746561044,-4.9995476137935615,4.999116923952876,-4.998346718177332
99.0,90.0,130.021728515625,4.974545751055118,-4.998860187930792,4.987912190560932,4.991362250047485,4.999288822107395,-4.992067082440107,4.999042486077039,-4.999014747170037,4.998113204075303,-4.998311228777358
99.0,91.0,130.01980590820312,4.978783535486367,-4.988139368006477,4.992043146090678,4.980573147207849,4.999277121705017,-4.995102690332644,4.999207549634671,-4.999843684780403,4.998095860930107,-4.99945313838119
99.0,91.0,130.0252227783203,4.98337996341954,-4.996028189339476,4.983217639190947,4.997029381815247,4.999771921428756,-4.98962127991868,4.999949369965427,-4.9993564000168185,4.999521015244316,-4.996035101831559
99.0,91.0,130.01702880859375,4.976305413885919,-4.990757126815804,4.999829815161364,4.995073347557122,4.996800475475827,-4.990085450935212,4.997956405204272,-4.995492735519125,4.999313667763369,-4.999954235793047
99.0,91.0,130.00559997558594,4.9999360225633245,-4.9912843527342,4.9963270149025245,4.989623635933873,4.999876971265672,-4.998586051806077,4.995954543309685,-4.999972601939526,4.995585403861359,-4.997644304517069
99.0,91.0,130.04144287109375,4.987143974493158,-4.997564986295288,4.980504645157121,4.996930127750074,4.999852088668613,-4.983961778966847,4.996799627995554,-4.999999564791475,4.998737876015569,-4.99800723080185
99.0,91.0,130.00633239746094,4.998830461710735,-4.997377088317884,4.9994291423353765,4.987200552536683,4.998886917375609,-4.997568928696353,4.998940561601176,-4.999903498361903,4.993248713362641,-4.998005394224824
99.0,91.0,130.00953674316406,4.995109095631744,-4.991826636232565,4.999231532294021,4.997318036337853,4.982238698589907,-4.991080386974576,4.999996605448712,-4.998889628467733,4.999987868630536,-4.9984905760557385
99.0,91.0,130.06239318847656,4.993278718958039,-4.99138085121365,4.999647286200111,4.966222496286928,4.993021816046412,-4.997921604774303,4.999753044984218,-4.99637221570786,4.999271184209322,-4.996794240818286
99.0,91.0,130.00613403320312,4.985627383428845,-4.993809908456564,4.9925352547380895,4.9889130119422855,4.997283211613487,-4.994663955738488,4.997168839549811,-4.997314919529649,4.999183110213907,-4.999856466703767
99.0,91.0,129.97911071777344,4.983120611204376,-4.98351498748263,4.999803387961404,4.990908892421165,4.999543346376804,-4.998464930931338,4.998441395228501,-4.998329122699179,4.998305770481219,-4.999982224409157
99.0,91.0,129.9744873046875,4.988473241167787,-4.999541677067433,4.993022607144187,4.998887542280647,4.999483753598927,-4.999850251339091,4.994498347740809,-4.999786294223229,4.99905319510922,-4.997148679763265
99.0,91.0,130.04319763183594,4.982702475404146,-4.997128792265952,4.992923895630239,4.966678051375826,4.99502070517771,-4.999811788503884,4.997650256500593,-4.995681028256064,4.99961738134886,-4.999940131052651
99.0,91.0,130.00807189941406,4.98648633901829,-4.999455822578864,4.990151024469318,4.99200487829113,4.999006309935565,-4.990302596382469,4.996880720398989,-4.999410103917061,4.997576975269764,-4.999788690046259
99.0,91.0,129.98609924316406,4.99909582981056,-4.984870694046249,4.997928062933827,4.9996363097227805,4.998164395782462,-4.999999873500199,4.998397835365525,-4.9961491957823565,4.99729368805875,-4.997886638292858
99.0,91.0,129.98193359375,4.995698494113498,-4.9984814963945565,4.999795348951338,4.9949211872444845,4.99991147895749,-4.994112795169037,4.999976205838956,-4.998510149798267,4.996562119546288,-4.997637987192018
99.0,91.0,130.03558349609375,4.993130918808042,-4.992425746885465,4.986221355428094,4.991354189641882,4.999642379736312,-4.996912566545895,4.999199763265983,-4.998749659874713,4.995055017309394,-4.996796099645868
99.0,91.0,130.02305603027344,4.999985238168353,-4.990108162378363,4.9910407886558605,4.991411619030406,4.996285606314324,-4.986279630971547,4.99889682133053,-4.999407465034127,4.999506301239893,-4.997902220729619
99.0,91.0,130.02987670898438,4.973544281342528,-4.993267598034999,4.988134484195028,4.997214854738624,4.99651994472399,-4.991451014597388,4.999143158468261,-4.9990593251070585,4.997673447747839,-4.99828060789792
99.0,91.0,130.03829956054688,4.995646649423474,-4.98420666806593,4.999397809547265,4.975416255538804,4.988939757535228,-4.998921240726519,4.997345535656224,-4.998324906044269,4.999547519154391,-4.998463074305186
99.0,91.0,130.0597381591797,4.9998754370194645,-4.999395081524817,4.994664806262742,4.948763882183586,4.999301586003218,-4.999827163535247,4.996854595441497,-4.994013800802607,4.999755931583617,-4.999909089982957
99.0,91.0,129.99346923828125,4.993892472846053,-4.9913631478265525,4.999862668428404,4.988632466219833,4.9995108004654965,-4.995230450094576,4.999944218995396,-4.994949650724841,4.999596109507468,-4.998436584602484
99.0,91.0,130.08734130859375,4.998257849723757,-4.999974560026411,4.999117871231992,4.979213342401365,4.987935404347595,-4.980358183678302,4.998652906934716,-4.99995361029987,4.997614450339951,-4.997354926706057
99.0,91.0,130.00099182128906,4.999948916376912,-4.985354291948433,4.990714571563103,4.9914750685874445,4.999959861196923,-4.996169030437108,4.996881827850505,-4.999980481619152,4.999669374941407,-4.996655176027236
99.0,91.0,129.9949493408203,4.996295773839884,-4.998595502292729,4.999894291623115,4.9975666113659125,4.994413369618865,-4.993580089797688,4.998716013177973,-4.999642369129482,4.997024587281221,-4.996945012878459
99.0,91.0,129.99880981445312,4.988038508129868,-4.984219938953084,4.980103764996576,4.992467983717104,4.999870661357944,-4.999985575879424,4.998850828324676,-4.999811822136889,4.99899015421053,-4.998133176755234
99.0,91.0,130.0006103515625,4.996393332506311,-4.984022637507899,4.999725341745171,4.980257629009188,4.993649963377953,-4.996101519840331,4.999921495720819,-4.999832305880423,4.999574013340938,-4.998666493375414
99.0,91.0,130.02723693847656,4.978075872160984,-4.972783645979591,4.98770947104298,4.997644135806556,4.997635739542467,-4.99733365552577,4.99536714608683,-4.997829086997424,4.998686537568358,-4.999996438607789
99.0,91.0,130.01585388183594,4.982246477148855,-4.992519750522321,4.999185749368779,4.98481305356307,4.99901790302758,-4.999996366021634,4.9966765504205455,-4.995817910863305,4.999585306485553,-4.997579032702849
99.0,91.0,130.0132293701172,4.999965433466047,-4.999967601221082,4.999998687342752,4.9764873326448456,4.997637520333496,-4.986910183068536,4.999998842018621,-4.9993233280221,4.999203946096155,-4.998503625656131
99.0,91.0,130.0004119873047,4.999948044517447,-4.999728446256977,4.99999434654998,4.988607248827801,4.997756775258831,-4.983753145775459,4.999998199786166,-4.999495278245465,4.998879076531882,-4.998458071595957
99.0,91.0,129.9976806640625,4.994452089970702,-4.9839920159001565,4.995903791246331,4.9987355491004175,4.999981579165385,-4.990667558559817,4.9998659209781895,-4.995882525378038,4.998645499025784,-4.999117976791554
99.0,91.0,130.03460693359375,4.963587949094103,-4.997425232923527,4.987602160801162,4.9704611859563865,4.999295879609901,-4.9999154818066405,4.9988310409912975,-4.999807946243259,4.999083070628908,-4.99890818079327
99.0,91.0,130.0492401123047,4.990114506124625,-4.998446298148546,4.980182612260829,4.991799980753049,4.9982963617789,-4.9889172365100585,4.996159700603691,-4.999999699856265,4.998873695376661,-4.996819629256751
99.0,91.0,130.02923583984375,4.991787714324336,-4.978986071926926,4.997348337498514,4.997758994583604,4.984947767456076,-4.999541165143817,4.994799912936477,-4.999997885743157,4.995715868387286,-4.999992058001304
99.0,91.0,129.9949188232422,4.977046241519764,-4.9864614815747625,4.999831325960262,4.99413326272103,4.999820065968514,-4.993747363784795,4.997968540400313,-4.9973826598174895,4.998856211050094,-4.99990822048137
99.0,91.0,130.03541564941406,4.980617035028327,-4.975629570600791,4.987714696756184,4.998844384218987,4.998335286476485,-4.989958568217956,4.995950725484263,-4.998766245915877,4.998584540519845,-4.999999553348889
99.0,91.0,130.0482177734375,4.9884541532551445,-4.98486413863154,4.991827143283628,4.970744601198691,4.995346762734718,-4.999520585228297,4.998902114860647,-4.997385661282504,4.9982127866256185,-4.999251226939974
99.0,91.0,129.98208618164062,4.984303650579438,-4.995150116478935,4.990523423067524,4.996714440200364,4.999061491344914,-4.997738729590607,4.997526376429329,-4.996908124129547,4.998567804853523,-4.999829619609426
99.0,91.0,130.05589294433594,4.997872649028778,-4.995726345968817,4.9951297534893,4.988474321110505,4.9993129058366605,-4.983778592404351,4.997059421927121,-4.996786078778873,4.996696202530981,-4.998711531906251
99.0,91.0,130.0257110595703,4.973949125091892,-4.984284350462129,4.994727840791969,4.995345506159823,4.998882104701767,-4.990825175438513,4.999929730347676,-4.996354306533734,4.999117495701943,-4.998825753753334
99.0,91.0,130.0306854248047,4.999608397782315,-4.987003510444017,4.9999870819344885,4.970490327826092,4.994096751342908,-4.993159734414032,4.999956557440095,-4.999740797466988,4.998062419871306,-4.999155177343559
99.0,91.0,130.03025817871094,4.969281460760312,-4.997398903140315,4.993076452549834,4.975055946010878,4.998568415496894,-4.999245544868887,4.995025976014427,-4.999793479413101,4.998714247455095,-4.999377886338519
99.0,91.0,130.04183959960938,4.965904061687482,-4.999151422628951,4.9903165452995095,4.977022622101982,4.999917803982445,-4.998444260695637,4.997121003508086,-4.999980385014234,4.997364319263923,-4.998240380282399
99.0,91.0,129.98956298828125,4.984061093679411,-4.994928167052407,4.998954275220445,4.992031280413995,4.999213733277511,-4.991097171838508,4.999905559802507,-4.998695339842745,4.998654769094611,-4.998839800844408
99.0,91.0,130.0340576171875,4.979424112652415,-4.994250714102922,4.999999075530206,4.997161206360389,4.996320145675089,-4.988878822760855,4.998249386485483,-4.995445147422686,4.996509834143181,-4.999641825118073
99.0,91.0,130.05104064941406,4.984931304674946,-4.993214938468573,4.999083067692372,4.994370425920611,4.98234315834908,-4.984312107321525,4.999631929884724,-4.999030391446741,4.998834976136683,-4.999220018988417
99.0,91.0,130.0028533935547,4.98566094612931,-4.97568759929518,4.998673071438889,4.998131839765786,4.996271395388496,-4.996150142230683,4.997702802891235,-4.998519713420068,4.999909218510633,-4.9977280991117325
99.0,91.0,130.0010223388672,4.971921632074304,-4.988590689720284,4.989262797824623,4.999853695140225,4.999620256918232,-4.994887772598022,4.9981142179070925,-4.997476899120446,4.998466487974526,-4.999888871374331
99.0,91.0,130.03179931640625,4.986830056016274,-4.992343199419033,4.998808383371001,4.963738516316752,4.999976664413017,-4.99823591393648,4.998253665849964,-4.9995476137935615,4.997854972381608,-4.998889475692792
99.0,91.0,130.021728515625,4.974545751055118,-4.998860187930792,4.987912190560932,4.991362250047485,4.999288822107395,-4.992067082440107,4.999042486077039,-4.999014747170037,4.998113204075303,-4.998311228777358
99.0,92.0,130.01980590820312,4.978783535486367,-4.988139368006477,4.992043146090678,4.980573147207849,4.999277121705017,-4.995102690332644,4.999207549634671,-4.999843684780403,4.998095860930107,-4.99945313838119
99.0,92.0,130.0252227783203,4.98337996341954,-4.996028189339476,4.983217639190947,4.997029381815247,4.999771921428756,-4.98962127991868,4.999949369965427,-4.9993564000168185,4.999521015244316,-4.996035101831559
99.0,92.0,129.9672088623047,4.9975081393906144,-4.996594849217721,4.999997730507122,4.999843195211694,4.9939852133001,-4.993227324245173,4.998918699638595,-4.998106238687139,4.99762633007602,-4.999954235793047
99.0,92.0,130.00559997558594,4.9999360225633245,-4.9912843527342,4.9963270149025245,4.989623635933873,4.999876971265672,-4.998586051806077,4.995954543309685,-4.999972601939526,4.995585403861359,-4.997644304517069
99.0,92.0,130.04144287109375,4.987143974493158,-4.997564986295288,4.980504645157121,4.996930127750074,4.999852088668613,-4.983961778966847,4.996799627995554,-4.999999564791475,4.998737876015569,-4.99800723080185
99.0,92.0,129.9842987060547,4.9962872400287575,-4.9950630244094025,4.999983425818257,4.997181957036503,4.981197883976938,-4.997568928696353,4.999009942877009,-4.998458842960429,4.999989861654283,-4.999054817075596
99.0,92.0,130.00953674316406,4.995109095631744,-4.991826636232565,4.999231532294021,4.997318036337853,4.982238698589907,-4.991080386974576,4.999996605448712,-4.998889628467733,4.999987868630536,-4.9984905760557385
99.0,92.0,130.010009765625,4.986362732714868,-4.999409488801102,4.99585152178617,4.998613961644223,4.994982078084457,-4.991253393524791,4.999256740446839,-4.998381875818128,4.99839989707484,-4.996893419564973
99.0,92.0,130.00613403320312,4.985627383428845,-4.993809908456564,4.9925352547380895,4.9889130119422855,4.997283211613487,-4.994663955738488,4.997168839549811,-4.997314919529649,4.999183110213907,-4.999856466703767
99.0,92.0,129.97911071777344,4.983120611204376,-4.98351498748263,4.999803387961404,4.990908892421165,4.999543346376804,-4.998464930931338,4.998441395228501,-4.998329122699179,4.998305770481219,-4.999982224409157
99.0,92.0,129.9744873046875,4.988473241167787,-4.999541677067433,4.993022607144187,4.998887542280647,4.999483753598927,-4.999850251339091,4.994498347740809,-4.999786294223229,4.99905319510922,-4.997148679763265
99.0,92.0,130.01443481445312,4.982702475404146,-4.997128792265952,4.998115334457598,4.986746854232836,4.99502070517771,-4.98953271130679,4.999964645789603,-4.999495952302077,4.997749577279537,-4.999404228325686
99.0,92.0,130.00807189941406,4.98648633901829,-4.999455822578864,4.990151024469318,4.99200487829113,4.999006309935565,-4.990302596382469,4.996880720398989,-4.999410103917061,4.997576975269764,-4.999788690046259
99.0,92.0,129.98609924316406,4.99909582981056,-4.984870694046249,4.997928062933827,4.9996363097227805,4.998164395782462,-4.999999873500199,4.998397835365525,-4.9961491957823565,4.99729368805875,-4.997886638292858
99.0,92.0,129.98193359375,4.995698494113498,-4.9984814963945565,4.999795348951338,4.9949211872444845,4.99991147895749,-4.994112795169037,4.999976205838956,-4.998510149798267,4.996562119546288,-4.997637987192018
99.0,92.0,130.03558349609375,4.993130918808042,-4.992425746885465,4.986221355428094,4.991354189641882,4.999642379736312,-4.996912566545895,4.999199763265983,-4.998749659874713,4.995055017309394,-4.996796099645868
99.0,92.0,129.98666381835938,4.970732696507978,-4.984696073456204,4.989178923039651,4.998339723320546,4.99992161147675,-4.9973220431099925,4.997973794864508,-4.998445655317848,4.999639676427982,-4.99990424978864
99.0,92.0,130.02987670898438,4.973544281342528,-4.993267598034999,4.988134484195028,4.997214854738624,4.99651994472399,-4.991451014597388,4.999143158468261,-4.9990593251070585,4.997673447747839,-4.99828060789792
99.0,92.0,130.03829956054688,4.995646649423474,-4.98420666806593,4.999397809547265,4.975416255538804,4.988939757535228,-4.998921240726519,4.997345535656224,-4.998324906044269,4.999547519154391,-4.998463074305186
99.0,92.0,130.0597381591797,4.9998754370194645,-4.999395081524817,4.994664806262742,4.948763882183586,4.999301586003218,-4.999827163535247,4.996854595441497,-4.994013800802607,4.999755931583617,-4.999909089982957
99.0,92.0,129.99346923828125,4.993892472846053,-4.9913631478265525,4.999862668428404,4.988632466219833,4.9995108004654965,-4.995230450094576,4.999944218995396,-4.994949650724841,4.999596109507468,-4.998436584602484
99.0,92.0,130.03945922851562,4.998257849723757,-4.985762959782736,4.9976390651551545,4.979213342401365,4.999926829764735,-4.988600262840815,4.998652906934716,-4.9971568867042695,4.999075183357798,-4.998471681000514
99.0,92.0,130.00099182128906,4.999948916376912,-4.985354291948433,4.990714571563103,4.9914750685874445,4.999959861196923,-4.996169030437108,4.996881827850505,-4.999980481619152,4.999669374941407,-4.996655176027236
99.0,92.0,129.9949493408203,4.996295773839884,-4.998595502292729,4.999894291623115,4.9975666113659125,4.994413369618865,-4.993580089797688,4.998716013177973,-4.999642369129482,4.997024587281221,-4.996945012878459
99.0,92.0,129.99880981445312,4.988038508129868,-4.984219938953084,4.980103764996576,4.992467983717104,4.999870661357944,-4.999985575879424,4.998850828324676,-4.999811822136889,4.99899015421053,-4.998133176755234
99.0,92.0,130.0006103515625,4.996393332506311,-4.984022637507899,4.999725341745171,4.980257629009188,4.993649963377953,-4.996101519840331,4.999921495720819,-4.999832305880423,4.999574013340938,-4.998666493375414
99.0,92.0,130.02723693847656,4.978075872160984,-4.972783645979591,4.98770947104298,4.997644135806556,4.997635739542467,-4.99733365552577,4.99536714608683,-4.997829086997424,4.998686537568358,-4.999996438607789
99.0,92.0,130.01585388183594,4.982246477148855,-4.992519750522321,4.999185749368779,4.98481305356307,4.99901790302758,-4.999996366021634,4.9966765504205455,-4.995817910863305,4.999585306485553,-4.997579032702849
99.0,92.0,130.0132293701172,4.999965433466047,-4.999967601221082,4.999998687342752,4.9764873326448456,4.997637520333496,-4.986910183068536,4.999998842018621,-4.9993233280221,4.999203946096155,-4.998503625656131
99.0,92.0,130.0004119873047,4.999948044517447,-4.999728446256977,4.99999434654998,4.988607248827801,4.997756775258831,-4.983753145775459,4.999998199786166,-4.999495278245465,4.998879076531882,-4.998458071595957
99.0,92.0,129.98333740234375,4.990810335122824,-4.989147340563147,4.998777274344636,4.988328563797334,4.999981579165385,-4.999786075632837,4.997512439307025,-4.995882525378038,4.998594303901834,-4.999868854108587
99.0,92.0,130.03460693359375,4.963587949094103,-4.997425232923527,4.987602160801162,4.9704611859563865,4.999295879609901,-4.9999154818066405,4.9988310409912975,-4.999807946243259,4.999083070628908,-4.99890818079327
99.0,92.0,129.97540283203125,4.991996782224451,-4.972179169535265,4.997543598603681,4.998225529178953,4.9982963617789,-4.998867736357544,4.995195482300431,-4.999998383839196,4.998873695376661,-4.999998708716906
99.0,92.0,129.9933319091797,4.985118175218072,-4.993890999687194,4.99699670301782,4.994291181066896,4.998806676007435,-4.99573526556078,4.998330374077628,-4.995072583534611,4.999944740048995,-4.998680789925347
99.0,92.0,129.9949188232422,4.977046241519764,-4.9864614815747625,4.999831325960262,4.99413326272103,4.999820065968514,-4.993747363784795,4.997968540400313,-4.9973826598174895,4.998856211050094,-4.99990822048137
99.0,92.0,130.03541564941406,4.980617035028327,-4.975629570600791,4.987714696756184,4.998844384218987,4.998335286476485,-4.989958568217956,4.995950725484263,-4.998766245915877,4.998584540519845,-4.999999553348889
99.0,92.0,130.00352478027344,4.970547258845042,-4.9832218156905705,4.998203276890475,4.988763490639686,4.999902200836456,-4.993877581900494,4.999207342719577,-4.998431678074867,4.999217674302814,-4.999991537283702
99.0,92.0,129.98208618164062,4.984303650579438,-4.995150116478935,4.990523423067524,4.996714440200364,4.999061491344914,-4.997738729590607,4.997526376429329,-4.996908124129547,4.998567804853523,-4.999829619609426
99.0,92.0,130.00193786621094,4.999114426636014,-4.980060552106941,4.9951297534893,4.999744790978646,4.997428811310208,-4.999999899832889,4.9978471461377065,-4.996105289176687,4.997607300412756,-4.997608712859689
99.0,92.0,130.0257110595703,4.973949125091892,-4.984284350462129,4.994727840791969,4.995345506159823,4.998882104701767,-4.990825175438513,4.999929730347676,-4.996354306533734,4.999117495701943,-4.998825753753334
99.0,92.0,130.0306854248047,4.999608397782315,-4.987003510444017,4.9999870819344885,4.970490327826092,4.994096751342908,-4.993159734414032,4.999956557440095,-4.999740797466988,4.998062419871306,-4.999155177343559
99.0,92.0,130.03025817871094,4.969281460760312,-4.997398903140315,4.993076452549834,4.975055946010878,4.998568415496894,-4.999245544868887,4.995025976014427,-4.999793479413101,4.998714247455095,-4.999377886338519
99.0,92.0,130.02780151367188,4.995216057465107,-4.982228140511585,4.990171617437046,4.974561021062865,4.999979128160649,-4.998496942506504,4.9966506541865,-4.999933103951192,4.999994568562558,-4.997627407434402
99.0,92.0,129.98019409179688,4.998641634357484,-4.996680275167551,4.999921345951586,4.992083591157802,4.999846708111268,-4.997758438482644,4.999601402489233,-4.998695339842745,4.994329120578827,-4.998839800844408
99.0,92.0,130.0340576171875,4.979424112652415,-4.994250714102922,4.999999075530206,4.997161206360389,4.996320145675089,-4.988878822760855,4.998249386485483,-4.995445147422686,4.996509834143181,-4.999641825118073
99.0,92.0,130.01812744140625,4.984931304674946,-4.996415354101998,4.998883754350684,4.995953730801599,4.996665069591101,-4.987685403960125,4.996792990586432,-4.995275945087454,4.9990542249331975,-4.999990874147229
99.0,92.0,130.0028533935547,4.98566094612931,-4.97568759929518,4.998673071438889,4.998131839765786,4.996271395388496,-4.996150142230683,4.997702802891235,-4.998519713420068,4.999909218510633,-4.9977280991117325
99.0,92.0,130.0010223388672,4.971921632074304,-4.988590689720284,4.989262797824623,4.999853695140225,4.999620256918232,-4.994887772598022,4.9981142179070925,-4.997476899120446,4.998466487974526,-4.999888871374331
99.0,92.0,130.03179931640625,4.986830056016274,-4.992343199419033,4.998808383371001,4.963738516316752,4.999976664413017,-4.99823591393648,4.998253665849964,-4.9995476137935615,4.997854972381608,-4.998889475692792
99.0,92.0,130.021728515625,4.974545751055118,-4.998860187930792,4.987912190560932,4.991362250047485,4.999288822107395,-4.992067082440107,4.999042486077039,-4.999014747170037,4.998113204075303,-4.998311228777358
99.0,93.0,130.0052947998047,4.979712048349674,-4.979863637796875,4.992916892400461,4.992282362828205,4.999863671261496,-4.9987858779333365,4.999207549634671,-4.997956313513803,4.997713780347517,-4.999151238434113
99.0,93.0,130.0252227783203,4.98337996341954,-4.996028189339476,4.983217639190947,4.997029381815247,4.999771921428756,-4.98962127991868,4.999949369965427,-4.9993564000168185,4.999521015244316,-4.996035101831559
99.0,93.0,129.9672088623047,4.9975081393906144,-4.996594849217721,4.999997730507122,4.999843195211694,4.9939852133001,-4.993227324245173,4.998918699638595,-4.998106238687139,4.99762633007602,-4.999954235793047
99.0,93.0,130.00559997558594,4.9999360225633245,-4.9912843527342,4.9963270149025245,4.989623635933873,4.999876971265672,-4.998586051806077,4.995954543309685,-4.999972601939526,4.995585403861359,-4.997644304517069
99.0,93.0,130.00094604492188,4.99997554641355,-4.992084162582416,4.990766673015976,4.986573430603219,4.999984731155904,-4.9979869971381845,4.996799627995554,-4.9986618875981375,4.998737876015569,-4.997725553525664
99.0,93.0,129.9842987060547,4.9962872400287575,-4.9950630244094025,4.999983425818257,4.997181957036503,4.981197883976938,-4.997568928696353,4.999009942877009,-4.998458842960429,4.999989861654283,-4.999054817075596
99.0,93.0,130.00953674316406,4.995109095631744,-4.991826636232565,4.999231532294021,4.997318036337853,4.982238698589907,-4.991080386974576,4.999996605448712,-4.998889628467733,4.999987868630536,-4.9984905760557385
99.0,93.0,130.00277709960938,4.986035121410682,-4.997340307736857,4.994094724706574,4.998834393377974,4.998931882006196,-4.999446147941878,4.996260876822266,-4.994895237170998,4.999312527631246,-4.996893419564973
99.0,93.0,130.00421142578125,4.994808284896012,-4.999778478157793,4.996320984973847,4.999113367140576,4.992807041496265,-4.992887771538399,4.999493181178778,-4.998051872203758,4.997920791852928,-4.996870760787052
99.0,93.0,129.97911071777344,4.983120611204376,-4.98351498748263,4.999803387961404,4.990908892421165,4.999543346376804,-4.998464930931338,4.998441395228501,-4.998329122699179,4.998305770481219,-4.999982224409157
99.0,93.0,129.9744873046875,4.988473241167787,-4.999541677067433,4.993022607144187,4.998887542280647,4.999483753598927,-4.999850251339091,4.994498347740809,-4.999786294223229,4.99905319510922,-4.997148679763265
99.0,93.0,130.01443481445312,4.982702475404146,-4.997128792265952,4.998115334457598,4.986746854232836,4.99502070517771,-4.98953271130679,4.999964645789603,-4.999495952302077,4.997749577279537,-4.999404228325686
99.0,93.0,130.00807189941406,4.98648633901829,-4.999455822578864,4.990151024469318,4.99200487829113,4.999006309935565,-4.990302596382469,4.996880720398989,-4.999410103917061,4.997576975269764,-4.999788690046259
99.0,93.0,129.98609924316406,4.99909582981056,-4.984870694046249,4.997928062933827,4.9996363097227805,4.998164395782462,-4.999999873500199,4.998397835365525,-4.9961491957823565,4.99729368805875,-4.997886638292858
99.0,93.0,129.98193359375,4.995698494113498,-4.9984814963945565,4.999795348951338,4.9949211872444845,4.99991147895749,-4.994112795169037,4.999976205838956,-4.998510149798267,4.996562119546288,-4.997637987192018
99.0,93.0,130.03558349609375,4.993130918808042,-4.992425746885465,4.986221355428094,4.991354189641882,4.999642379736312,-4.996912566545895,4.999199763265983,-4.998749659874713,4.995055017309394,-4.996796099645868
99.0,93.0,129.98666381835938,4.970732696507978,-4.984696073456204,4.989178923039651,4.998339723320546,4.99992161147675,-4.9973220431099925,4.997973794864508,-4.998445655317848,4.999639676427982,-4.99990424978864
99.0,93.0,130.01637268066406,4.973544281342528,-4.974952463860189,4.988134484195028,4.993557073523471,4.999933376424727,-4.999998260738974,4.998416394804542,-4.998043282160491,4.999281510776298,-4.998465026745849
99.0,93.0,130.03829956054688,4.995646649423474,-4.98420666806593,4.999397809547265,4.975416255538804,4.988939757535228,-4.998921240726519,4.997345535656224,-4.998324906044269,4.999547519154391,-4.998463074305186
99.0,93.0,130.0597381591797,4.9998754370194645,-4.999395081524817,4.994664806262742,4.948763882183586,4.999301586003218,-4.999827163535247,4.996854595441497,-4.994013800802607,4.999755931583617,-4.999909089982957
99.0,93.0,129.99346923828125,4.993892472846053,-4.9913631478265525,4.999862668428404,4.988632466219833,4.9995108004654965,-4.995230450094576,4.999944218995396,-4.994949650724841,4.999596109507468,-4.998436584602484
99.0,93.0,129.99319458007812,4.988158431821596,-4.993187450011559,4.999961309152657,4.994846426593185,4.999966602430183,-4.993719608250039,4.999998995044692,-4.999068529070875,4.996579401590742,-4.9977055224819855
99.0,93.0,130.00099182128906,4.999948916376912,-4.985354291948433,4.990714571563103,4.9914750685874445,4.999959861196923,-4.996169030437108,4.996881827850505,-4.999980481619152,4.999669374941407,-4.996655176027236
99.0,93.0,129.9741668701172,4.996919501870012,-4.995697600719564,4.99522086835306,4.996994891238533,4.997149795691447,-4.99442503557826,4.998716013177973,-4.998156637722524,4.99783660768683,-4.9994346928225415
99.0,93.0,129.99880981445312,4.988038508129868,-4.984219938953084,4.980103764996576,4.992467983717104,4.999870661357944,-4.999985575879424,4.998850828324676,-4.999811822136889,4.99899015421053,-4.998133176755234
99.0,93.0,130.0006103515625,4.996393332506311,-4.984022637507899,4.999725341745171,4.980257629009188,4.993649963377953,-4.996101519840331,4.999921495720819,-4.999832305880423,4.999574013340938,-4.998666493375414
99.0,93.0,130.02723693847656,4.978075872160984,-4.972783645979591,4.98770947104298,4.997644135806556,4.997635739542467,-4.99733365552577,4.99536714608683,-4.997829086997424,4.998686537568358,-4.999996438607789
99.0,93.0,130.01585388183594,4.982246477148855,-4.992519750522321,4.999185749368779,4.98481305356307,4.99901790302758,-4.999996366021634,4.9966765504205455,-4.995817910863305,4.999585306485553,-4.997579032702849
99.0,93.0,130.0132293701172,4.999965433466047,-4.999967601221082,4.999998687342752,4.9764873326448456,4.997637520333496,-4.986910183068536,4.999998842018621,-4.9993233280221,4.999203946096155,-4.998503625656131
99.0,93.0,130.0004119873047,4.999948044517447,-4.999728446256977,4.99999434654998,4.988607248827801,4.997756775258831,-4.983753145775459,4.999998199786166,-4.999495278245465,4.998879076531882,-4.998458071595957
99.0,93.0,129.98333740234375,4.990810335122824,-4.989147340563147,4.998777274344636,4.988328563797334,4.999981579165385,-4.999786075632837,4.997512439307025,-4.995882525378038,4.998594303901834,-4.999868854108587
99.0,93.0,130.03460693359375,4.963587949094103,-4.997425232923527,4.987602160801162,4.9704611859563865,4.999295879609901,-4.9999154818066405,4.9988310409912975,-4.999807946243259,4.999083070628908,-4.99890818079327
99.0,93.0,129.97540283203125,4.991996782224451,-4.972179169535265,4.997543598603681,4.998225529178953,4.9982963617789,-4.998867736357544,4.995195482300431,-4.999998383839196,4.998873695376661,-4.999998708716906
99.0,93.0,129.9933319091797,4.985118175218072,-4.993890999687194,4.99699670301782,4.994291181066896,4.998806676007435,-4.99573526556078,4.998330374077628,-4.995072583534611,4.999944740048995,-4.998680789925347
99.0,93.0,129.9949188232422,4.977046241519764,-4.9864614815747625,4.999831325960262,4.99413326272103,4.999820065968514,-4.993747363784795,4.997968540400313,-4.9973826598174895,4.998856211050094,-4.99990822048137
99.0,93.0,129.99705505371094,4.9916580382167535,-4.972729470998504,4.999120606576657,4.993084265387747,4.995920753653378,-4.998823452051599,4.995203120212519,-4.999999241132657,4.997987976394271,-4.999999772887854
99.0,93.0,130.00352478027344,4.970547258845042,-4.9832218156905705,4.998203276890475,4.988763490639686,4.999902200836456,-4.993877581900494,4.999207342719577,-4.998431678074867,4.999217674302814,-4.999991537283702
99.0,93.0,129.98208618164062,4.984303650579438,-4.995150116478935,4.990523423067524,4.996714440200364,4.999061491344914,-4.997738729590607,4.997526376429329,-4.996908124129547,4.998567804853523,-4.999829619609426
99.0,93.0,130.00193786621094,4.999114426636014,-4.980060552106941,4.9951297534893,4.999744790978646,4.997428811310208,-4.999999899832889,4.9978471461377065,-4.996105289176687,4.997607300412756,-4.997608712859689
99.0,93.0,130.0167999267578,4.984157066663126,-4.9998393620397295,4.991707961566504,4.994285577340202,4.99895693997097,-4.985120448402098,4.999929730347676,-4.999182392857026,4.997842405786657,-4.998739652584422
99.0,93.0,130.0306854248047,4.999608397782315,-4.987003510444017,4.9999870819344885,4.970490327826092,4.994096751342908,-4.993159734414032,4.999956557440095,-4.999740797466988,4.998062419871306,-4.999155177343559
99.0,93.0,129.98912048339844,4.968618302709983,-4.997398903140315,4.991545424681912,4.998806926797605,4.994740697242754,-4.996869081705628,4.998219264971871,-4.99865244188601,4.999535470213369,-4.9991812419497546
99.0,93.0,130.02780151367188,4.995216057465107,-4.982228140511585,4.990171617437046,4.974561021062865,4.999979128160649,-4.998496942506504,4.9966506541865,-4.999933103951192,4.999994568562558,-4.997627407434402
99.0,93.0,129.98019409179688,4.998641634357484,-4.996680275167551,4.999921345951586,4.992083591157802,4.999846708111268,-4.997758438482644,4.999601402489233,-4.998695339842745,4.994329120578827,-4.998839800844408
99.0,93.0,130.0340576171875,4.979424112652415,-4.994250714102922,4.999999075530206,4.997161206360389,4.996320145675089,-4.988878822760855,4.998249386485483,-4.995445147422686,4.996509834143181,-4.999641825118073
99.0,93.0,130.01812744140625,4.984931304674946,-4.996415354101998,4.998883754350684,4.995953730801599,4.996665069591101,-4.987685403960125,4.996792990586432,-4.995275945087454,4.9990542249331975,-4.999990874147229
99.0,93.0,130.0028533935547,4.98566094612931,-4.97568759929518,4.998673071438889,4.998131839765786,4.996271395388496,-4.996150142230683,4.997702802891235,-4.998519713420068,4.999909218510633,-4.9977280991117325
99.0,93.0,130.0010223388672,4.971921632074304,-4.988590689720284,4.989262797824623,4.999853695140225,4.999620256918232,-4.994887772598022,4.9981142179070925,-4.997476899120446,4.998466487974526,-4.999888871374331
99.0,93.0,129.98431396484375,4.9997316020145295,-4.99612592682377,4.998766375401464,4.985416219111064,4.998711353921356,-4.997149840244564,4.998563773596464,-4.995429957222799,4.99962891676345,-4.998889475692792
99.0,93.0,129.970947265625,4.984123675245869,-4.998860187930792,4.99393159699213,4.997723183838526,4.999288822107395,-4.9909090482263,4.9990816049045605,-4.99939109164611,4.999423057864064,-4.999216719441662
99.0,94.0,130.0052947998047,4.979712048349674,-4.979863637796875,4.992916892400461,4.992282362828205,4.999863671261496,-4.9987858779333365,4.999207549634671,-4.997956313513803,4.997713780347517,-4.999151238434113
99.0,94.0,130.0252227783203,4.98337996341954,-4.996028189339476,4.983217639190947,4.997029381815247,4.999771921428756,-4.98962127991868,4.999949369965427,-4.9993564000168185,4.999521015244316,-4.996035101831559
99.0,94.0,129.9672088623047,4.9975081393906144,-4.996594849217721,4.999997730507122,4.999843195211694,4.9939852133001,-4.993227324245173,4.998918699638595,-4.998106238687139,4.99762633007602,-4.999954235793047
99.0,94.0,129.98768615722656,4.9742822871567824,-4.990253161361496,4.9963270149025245,4.999978762096728,4.998783800139474,-4.998586051806077,4.999213244386649,-4.9941276726392605,4.9995882111558645,-4.99909959958107
99.0,94.0,130.00094604492188,4.99997554641355,-4.992084162582416,4.990766673015976,4.986573430603219,4.999984731155904,-4.9979869971381845,4.996799627995554,-4.9986618875981375,4.998737876015569,-4.997725553525664
99.0,94.0,129.9842987060547,4.9962872400287575,-4.9950630244094025,4.999983425818257,4.997181957036503,4.981197883976938,-4.997568928696353,4.999009942877009,-4.998458842960429,4.999989861654283,-4.999054817075596
99.0,94.0,129.97259521484375,4.995109095631744,-4.996107078577918,4.997661901236894,4.988088365939238,4.997845647375049,-4.999958484034032,4.998605158458902,-4.99703152782374,4.999987868630536,-4.998108215316568
99.0,94.0,130.00277709960938,4.986035121410682,-4.997340307736857,4.994094724706574,4.998834393377974,4.998931882006196,-4.999446147941878,4.996260876822266,-4.994895237170998,4.999312527631246,-4.996893419564973
99.0,94.0,130.00421142578125,4.994808284896012,-4.999778478157793,4.996320984973847,4.999113367140576,4.992807041496265,-4.992887771538399,4.999493181178778,-4.998051872203758,4.997920791852928,-4.996870760787052
99.0,94.0,129.97911071777344,4.983120611204376,-4.98351498748263,4.999803387961404,4.990908892421165,4.999543346376804,-4.998464930931338,4.998441395228501,-4.998329122699179,4.998305770481219,-4.999982224409157
99.0,94.0,129.9744873046875,4.988473241167787,-4.999541677067433,4.993022607144187,4.998887542280647,4.999483753598927,-4.999850251339091,4.994498347740809,-4.999786294223229,4.99905319510922,-4.997148679763265
99.0,94.0,129.99859619140625,4.982702475404146,-4.991055939007829,4.998698764080645,4.994867650057813,4.999895837059092,-4.998275566254891,4.998693646268942,-4.997842592974455,4.994641161672762,-4.999414410239362
99.0,94.0,129.9740447998047,4.998318008710902,-4.999750798653981,4.998771630883231,4.99200487829113,4.990595890254721,-4.995934354676296,4.999145171966116,-4.996606734114669,4.999987257527589,-4.999612527800745
99.0,94.0,129.98609924316406,4.99909582981056,-4.984870694046249,4.997928062933827,4.9996363097227805,4.998164395782462,-4.999999873500199,4.998397835365525,-4.9961491957823565,4.99729368805875,-4.997886638292858
99.0,94.0,129.98193359375,4.995698494113498,-4.9984814963945565,4.999795348951338,4.9949211872444845,4.99991147895749,-4.994112795169037,4.999976205838956,-4.998510149798267,4.996562119546288,-4.997637987192018
99.0,94.0,130.03558349609375,4.993130918808042,-4.992425746885465,4.986221355428094,4.991354189641882,4.999642379736312,-4.996912566545895,4.999199763265983,-4.998749659874713,4.995055017309394,-4.996796099645868
99.0,94.0,129.98666381835938,4.970732696507978,-4.984696073456204,4.989178923039651,4.998339723320546,4.99992161147675,-4.9973220431099925,4.997973794864508,-4.998445655317848,4.999639676427982,-4.99990424978864
99.0,94.0,130.0111083984375,4.978919757783276,-4.981675465930158,4.988329323060363,4.999898852079643,4.998931324569618,-4.997020089734077,4.997872603937132,-4.997993251941484,4.997297768156408,-4.9993528328415024
99.0,94.0,130.0169219970703,4.975629076636703,-4.977148244154439,4.989384076233359,4.994643624563612,4.999943506949189,-4.999998300114522,4.9969023804602815,-4.9994823672073325,4.999524205904146,-4.997124556822769
99.0,94.0,130.0386962890625,4.978547024363705,-4.997828953983233,4.999999438866273,4.997453387924288,4.996914743587122,-4.987033427444883,4.9995487281550695,-4.993757519762972,4.99653412931972,-4.999628580266721
99.0,94.0,129.99346923828125,4.993892472846053,-4.9913631478265525,4.999862668428404,4.988632466219833,4.9995108004654965,-4.995230450094576,4.999944218995396,-4.994949650724841,4.999596109507468,-4.998436584602484
99.0,94.0,129.99319458007812,4.988158431821596,-4.993187450011559,4.999961309152657,4.994846426593185,4.999966602430183,-4.993719608250039,4.999998995044692,-4.999068529070875,4.996579401590742,-4.9977055224819855
99.0,94.0,130.00099182128906,4.999948916376912,-4.985354291948433,4.990714571563103,4.9914750685874445,4.999959861196923,-4.996169030437108,4.996881827850505,-4.999980481619152,4.999669374941407,-4.996655176027236
99.0,94.0,129.9741668701172,4.996919501870012,-4.995697600719564,4.99522086835306,4.996994891238533,4.997149795691447,-4.99442503557826,4.998716013177973,-4.998156637722524,4.99783660768683,-4.9994346928225415
99.0,94.0,129.99880981445312,4.988038508129868,-4.984219938953084,4.980103764996576,4.992467983717104,4.999870661357944,-4.999985575879424,4.998850828324676,-4.999811822136889,4.99899015421053,-4.998133176755234
99.0,94.0,130.0006103515625,4.996393332506311,-4.984022637507899,4.999725341745171,4.980257629009188,4.993649963377953,-4.996101519840331,4.999921495720819,-4.999832305880423,4.999574013340938,-4.998666493375414
99.0,94.0,130.02723693847656,4.978075872160984,-4.972783645979591,4.98770947104298,4.997644135806556,4.997635739542467,-4.99733365552577,4.99536714608683,-4.997829086997424,4.998686537568358,-4.999996438607789
99.0,94.0,130.01585388183594,4.982246477148855,-4.992519750522321,4.999185749368779,4.98481305356307,4.99901790302758,-4.999996366021634,4.9966765504205455,-4.995817910863305,4.999585306485553,-4.997579032702849
99.0,94.0,130.0132293701172,4.999965433466047,-4.999967601221082,4.999998687342752,4.9764873326448456,4.997637520333496,-4.986910183068536,4.999998842018621,-4.9993233280221,4.999203946096155,-4.998503625656131
99.0,94.0,130.00027465820312,4.98019739756373,-4.9919725681229,4.990155043974351,4.989998730879471,4.998822243645222,-4.99247866426362,4.999998199786166,-4.9993195903675165,4.998448800737229,-4.999796533279495
99.0,94.0,129.98333740234375,4.990810335122824,-4.989147340563147,4.998777274344636,4.988328563797334,4.999981579165385,-4.999786075632837,4.997512439307025,-4.995882525378038,4.998594303901834,-4.999868854108587
99.0,94.0,129.99647521972656,4.983469217502824,-4.986116463260441,4.984135116387343,4.990894731322049,4.999881520342175,-4.999985698135243,4.999166134052936,-4.997762844016331,4.998452618690743,-4.9997400157959095
99.0,94.0,129.97540283203125,4.991996782224451,-4.972179169535265,4.997543598603681,4.998225529178953,4.9982963617789,-4.998867736357544,4.995195482300431,-4.999998383839196,4.998873695376661,-4.999998708716906
99.0,94.0,129.9933319091797,4.985118175218072,-4.993890999687194,4.99699670301782,4.994291181066896,4.998806676007435,-4.99573526556078,4.998330374077628,-4.995072583534611,4.999944740048995,-4.998680789925347
99.0,94.0,129.9949188232422,4.977046241519764,-4.9864614815747625,4.999831325960262,4.99413326272103,4.999820065968514,-4.993747363784795,4.997968540400313,-4.9973826598174895,4.998856211050094,-4.99990822048137
99.0,94.0,129.99705505371094,4.9916580382167535,-4.972729470998504,4.999120606576657,4.993084265387747,4.995920753653378,-4.998823452051599,4.995203120212519,-4.999999241132657,4.997987976394271,-4.999999772887854
99.0,94.0,130.00352478027344,4.970547258845042,-4.9832218156905705,4.998203276890475,4.988763490639686,4.999902200836456,-4.993877581900494,4.999207342719577,-4.998431678074867,4.999217674302814,-4.999991537283702
99.0,94.0,129.97547912597656,4.999679882279867,-4.995150116478935,4.999870090800893,4.987231467922813,4.999822128890544,-4.997738729590607,4.999992729616263,-4.99450917980092,4.998165640348581,-4.999829619609426
99.0,94.0,130.00193786621094,4.999114426636014,-4.980060552106941,4.9951297534893,4.999744790978646,4.997428811310208,-4.999999899832889,4.9978471461377065,-4.996105289176687,4.997607300412756,-4.997608712859689
99.0,94.0,130.0167999267578,4.984157066663126,-4.9998393620397295,4.991707961566504,4.994285577340202,4.99895693997097,-4.985120448402098,4.999929730347676,-4.999182392857026,4.997842405786657,-4.998739652584422
99.0,94.0,130.0244903564453,4.9819521583885535,-4.992071126273243,4.996797318291748,4.98338890157649,4.999515319753435,-4.999997829848087,4.996575207190235,-4.9958431103809975,4.999690445290958,-4.997319261217596
99.0,94.0,129.98912048339844,4.968618302709983,-4.997398903140315,4.991545424681912,4.998806926797605,4.994740697242754,-4.996869081705628,4.998219264971871,-4.99865244188601,4.999535470213369,-4.9991812419497546
99.0,94.0,129.97140502929688,4.995216057465107,-4.992817322798112,4.999999591088924,4.999898902722621,4.993246221323174,-4.994770977722325,4.998517735688366,-4.996806006640961,4.9987456654506985,-4.999989994768857
99.0,94.0,129.98019409179688,4.998641634357484,-4.996680275167551,4.999921345951586,4.992083591157802,4.999846708111268,-4.997758438482644,4.999601402489233,-4.998695339842745,4.994329120578827,-4.998839800844408
99.0,94.0,130.0340576171875,4.979424112652415,-4.994250714102922,4.999999075530206,4.997161206360389,4.996320145675089,-4.988878822760855,4.998249386485483,-4.995445147422686,4.996509834143181,-4.999641825118073
99.0,94.0,130.01812744140625,4.984931304674946,-4.996415354101998,4.998883754350684,4.995953730801599,4.996665069591101,-4.987685403960125,4.996792990586432,-4.995275945087454,4.9990542249331975,-4.999990874147229
99.0,94.0,130.0028533935547,4.98566094612931,-4.97568759929518,4.998673071438889,4.998131839765786,4.996271395388496,-4.996150142230683,4.997702802891235,-4.998519713420068,4.999909218510633,-4.9977280991117325
99.0,94.0,130.0010223388672,4.971921632074304,-4.988590689720284,4.989262797824623,4.999853695140225,4.999620256918232,-4.994887772598022,4.9981142179070925,-4.997476899120446,4.998466487974526,-4.999888871374331
99.0,94.0,129.97103881835938,4.977573738384531,-4.99228262015435,4.99911765410213,4.9941711744058646,4.996981859367433,-4.997506532817484,4.9979472528971005,-4.998677186885283,4.999216615414145,-4.999997226166978
99.0,94.0,129.970947265625,4.984123675245869,-4.998860187930792,4.99393159699213,4.997723183838526,4.999288822107395,-4.9909090482263,4.9990816049045605,-4.99939109164611,4.999423057864064,-4.999216719441662
99.0,95.0,129.9833221435547,4.998733599516714,-4.998502135205583,4.999932952488157,4.994041847333747,4.996221829551104,-4.995746373803776,4.999871409242839,-4.998482942988209,4.994328815027354,-4.999591957086496
99.0,95.0,130.0252227783203,4.98337996341954,-4.996028189339476,4.983217639190947,4.997029381815247,4.999771921428756,-4.98962127991868,4.999949369965427,-4.9993564000168185,4.999521015244316,-4.996035101831559
99.0,95.0,129.9672088623047,4.9975081393906144,-4.996594849217721,4.999997730507122,4.999843195211694,4.9939852133001,-4.993227324245173,4.998918699638595,-4.998106238687139,4.99762633007602,-4.999954235793047
99.0,95.0,129.98312377929688,4.997995206290016,-4.990253161361496,4.997650628087238,4.999593758903584,4.985859746318413,-4.998586051806077,4.997945413026384,-4.997256412649639,4.999995995715651,-4.999040179909431
99.0,95.0,130.00094604492188,4.99997554641355,-4.992084162582416,4.990766673015976,4.986573430603219,4.999984731155904,-4.9979869971381845,4.996799627995554,-4.9986618875981375,4.998737876015569,-4.997725553525664
99.0,95.0,129.9842987060547,4.9962872400287575,-4.9950630244094025,4.999983425818257,4.997181957036503,4.981197883976938,-4.997568928696353,4.999009942877009,-4.998458842960429,4.999989861654283,-4.999054817075596
99.0,95.0,129.97259521484375,4.995109095631744,-4.996107078577918,4.997661901236894,4.988088365939238,4.997845647375049,-4.999958484034032,4.998605158458902,-4.99703152782374,4.999987868630536,-4.998108215316568
99.0,95.0,129.99774169921875,4.982248241155864,-4.976859462321729,4.998816762755137,4.9959422022439615,4.9975867016481175,-4.999525958540176,4.9942159988006605,-4.999421681635087,4.997809277430875,-4.999999797113542
99.0,95.0,129.9783935546875,4.999736867645448,-4.996030808374076,4.9999739759944895,4.9897470942552165,4.996497321022586,-4.995986435324324,4.999904774325975,-4.9939908866341725,4.999276690791171,-4.999907054020202
99.0,95.0,129.97911071777344,4.983120611204376,-4.98351498748263,4.999803387961404,4.990908892421165,4.999543346376804,-4.998464930931338,4.998441395228501,-4.998329122699179,4.998305770481219,-4.999982224409157
99.0,95.0,129.9744873046875,4.988473241167787,-4.999541677067433,4.993022607144187,4.998887542280647,4.999483753598927,-4.999850251339091,4.994498347740809,-4.999786294223229,4.99905319510922,-4.997148679763265
99.0,95.0,129.99859619140625,4.982702475404146,-4.991055939007829,4.998698764080645,4.994867650057813,4.999895837059092,-4.998275566254891,4.998693646268942,-4.997842592974455,4.994641161672762,-4.999414410239362
99.0,95.0,129.9740447998047,4.998318008710902,-4.999750798653981,4.998771630883231,4.99200487829113,4.990595890254721,-4.995934354676296,4.999145171966116,-4.996606734114669,4.999987257527589,-4.999612527800745
99.0,95.0,129.98609924316406,4.99909582981056,-4.984870694046249,4.997928062933827,4.9996363097227805,4.998164395782462,-4.999999873500199,4.998397835365525,-4.9961491957823565,4.99729368805875,-4.997886638292858
99.0,95.0,129.98193359375,4.995698494113498,-4.9984814963945565,4.999795348951338,4.9949211872444845,4.99991147895749,-4.994112795169037,4.999976205838956,-4.998510149798267,4.996562119546288,-4.997637987192018
99.0,95.0,130.0193328857422,4.991407117804831,-4.991460100112468,4.997663330923368,4.999915469180843,4.994150930705518,-4.995216686431034,4.998435006139861,-4.997149142424307,4.997148045131251,-4.996796099645868
99.0,95.0,129.98666381835938,4.970732696507978,-4.984696073456204,4.989178923039651,4.998339723320546,4.99992161147675,-4.9973220431099925,4.997973794864508,-4.998445655317848,4.999639676427982,-4.99990424978864
99.0,95.0,130.0111083984375,4.978919757783276,-4.981675465930158,4.988329323060363,4.999898852079643,4.998931324569618,-4.997020089734077,4.997872603937132,-4.997993251941484,4.997297768156408,-4.9993528328415024
99.0,95.0,130.00363159179688,4.982543323340316,-4.985364905652332,4.99369435501911,4.999334730492947,4.996968904777251,-4.999978654726355,4.994061735683909,-4.9994823672073325,4.999524205904146,-4.997124556822769
99.0,95.0,129.9537353515625,4.9863342267025175,-4.997828953983233,4.999999438866273,4.993154718920624,4.9999872185246605,-4.999986435645392,4.999233905527761,-4.9996254175442,4.998694159143679,-4.997717683767712
99.0,95.0,129.98423767089844,4.991379936378495,-4.998283654328949,4.999862668428404,4.994571046042902,4.990004489109367,-4.9983675764543145,4.998752296637094,-4.994136305898862,4.999994940978114,-4.999688929967775
99.0,95.0,129.99319458007812,4.988158431821596,-4.993187450011559,4.999961309152657,4.994846426593185,4.999966602430183,-4.993719608250039,4.999998995044692,-4.999068529070875,4.996579401590742,-4.9977055224819855
99.0,95.0,130.00099182128906,4.999948916376912,-4.985354291948433,4.990714571563103,4.9914750685874445,4.999959861196923,-4.996169030437108,4.996881827850505,-4.999980481619152,4.999669374941407,-4.996655176027236
99.0,95.0,129.9741668701172,4.996919501870012,-4.995697600719564,4.99522086835306,4.996994891238533,4.997149795691447,-4.99442503557826,4.998716013177973,-4.998156637722524,4.99783660768683,-4.9994346928225415
99.0,95.0,129.99880981445312,4.988038508129868,-4.984219938953084,4.980103764996576,4.992467983717104,4.999870661357944,-4.999985575879424,4.998850828324676,-4.999811822136889,4.99899015421053,-4.998133176755234
99.0,95.0,130.0006103515625,4.996393332506311,-4.984022637507899,4.999725341745171,4.980257629009188,4.993649963377953,-4.996101519840331,4.999921495720819,-4.999832305880423,4.999574013340938,-4.998666493375414
99.0,95.0,130.02723693847656,4.978075872160984,-4.972783645979591,4.98770947104298,4.997644135806556,4.997635739542467,-4.99733365552577,4.99536714608683,-4.997829086997424,4.998686537568358,-4.999996438607789
99.0,95.0,130.01585388183594,4.982246477148855,-4.992519750522321,4.999185749368779,4.98481305356307,4.99901790302758,-4.999996366021634,4.9966765504205455,-4.995817910863305,4.999585306485553,-4.997579032702849
99.0,95.0,129.99737548828125,4.979309575672452,-4.970528302661939,4.999998687342752,4.991009253502319,4.997799260464272,-4.999713491972276,4.999998842018621,-4.998106911452923,4.999242310538133,-4.998882097474096
99.0,95.0,129.96090698242188,4.996439505813663,-4.996857514477747,4.998813889213193,4.9904446301444025,4.996488709590025,-4.997778062856494,4.998359390230553,-4.9993195903675165,4.999990639223115,-4.998249942510783
99.0,95.0,129.98333740234375,4.990810335122824,-4.989147340563147,4.998777274344636,4.988328563797334,4.999981579165385,-4.999786075632837,4.997512439307025,-4.995882525378038,4.998594303901834,-4.999868854108587
99.0,95.0,129.96359252929688,4.997216740044342,-4.989491366784027,4.999999815830723,4.999988392360674,4.99375105255278,-4.999985698135243,4.998552368036874,-4.9967490747478855,4.99811416335274,-4.999472929717639
99.0,95.0,129.97540283203125,4.991996782224451,-4.972179169535265,4.997543598603681,4.998225529178953,4.9982963617789,-4.998867736357544,4.995195482300431,-4.999998383839196,4.998873695376661,-4.999998708716906
99.0,95.0,129.9933319091797,4.985118175218072,-4.993890999687194,4.99699670301782,4.994291181066896,4.998806676007435,-4.99573526556078,4.998330374077628,-4.995072583534611,4.999944740048995,-4.998680789925347
99.0,95.0,129.9949188232422,4.977046241519764,-4.9864614815747625,4.999831325960262,4.99413326272103,4.999820065968514,-4.993747363784795,4.997968540400313,-4.9973826598174895,4.998856211050094,-4.99990822048137
99.0,95.0,129.99705505371094,4.9916580382167535,-4.972729470998504,4.999120606576657,4.993084265387747,4.995920753653378,-4.998823452051599,4.995203120212519,-4.999999241132657,4.997987976394271,-4.999999772887854
99.0,95.0,130.00230407714844,4.978435984781429,-4.997048505413264,4.996766055285573,4.991680295725278,4.9996421834795335,-4.9926294173145465,4.999233170548119,-4.993789716083982,4.999799473790829,-4.999991537283702
99.0,95.0,129.97547912597656,4.999679882279867,-4.995150116478935,4.999870090800893,4.987231467922813,4.999822128890544,-4.997738729590607,4.999992729616263,-4.99450917980092,4.998165640348581,-4.999829619609426
99.0,95.0,130.00193786621094,4.999114426636014,-4.980060552106941,4.9951297534893,4.999744790978646,4.997428811310208,-4.999999899832889,4.9978471461377065,-4.996105289176687,4.997607300412756,-4.997608712859689
99.0,95.0,130.0167999267578,4.984157066663126,-4.9998393620397295,4.991707961566504,4.994285577340202,4.99895693997097,-4.985120448402098,4.999929730347676,-4.999182392857026,4.997842405786657,-4.998739652584422
99.0,95.0,129.9921112060547,4.999383102232128,-4.989847630309867,4.997454277129038,4.999784598851634,4.996586897593756,-4.999997829848087,4.997810060458584,-4.995095838417338,4.997392695000302,-4.997927965125788
99.0,95.0,129.98912048339844,4.968618302709983,-4.997398903140315,4.991545424681912,4.998806926797605,4.994740697242754,-4.996869081705628,4.998219264971871,-4.99865244188601,4.999535470213369,-4.9991812419497546
99.0,95.0,129.97140502929688,4.995216057465107,-4.992817322798112,4.999999591088924,4.999898902722621,4.993246221323174,-4.994770977722325,4.998517735688366,-4.996806006640961,4.9987456654506985,-4.999989994768857
99.0,95.0,129.98019409179688,4.998641634357484,-4.996680275167551,4.999921345951586,4.992083591157802,4.999846708111268,-4.997758438482644,4.999601402489233,-4.998695339842745,4.994329120578827,-4.998839800844408
99.0,95.0,129.985107421875,4.979513624557257,-4.988309305778419,4.998081890024581,4.994039877905944,4.999440946597077,-4.998248915891243,4.9978873027356805,-4.998348781455981,4.998490626718171,-4.998945547928979
99.0,95.0,130.01812744140625,4.984931304674946,-4.996415354101998,4.998883754350684,4.995953730801599,4.996665069591101,-4.987685403960125,4.996792990586432,-4.995275945087454,4.9990542249331975,-4.999990874147229
99.0,95.0,130.0028533935547,4.98566094612931,-4.97568759929518,4.998673071438889,4.998131839765786,4.996271395388496,-4.996150142230683,4.997702802891235,-4.998519713420068,4.999909218510633,-4.9977280991117325
99.0,95.0,130.0010223388672,4.971921632074304,-4.988590689720284,4.989262797824623,4.999853695140225,4.999620256918232,-4.994887772598022,4.9981142179070925,-4.997476899120446,4.998466487974526,-4.999888871374331
99.0,95.0,129.97103881835938,4.977573738384531,-4.99228262015435,4.99911765410213,4.9941711744058646,4.996981859367433,-4.997506532817484,4.9979472528971005,-4.998677186885283,4.999216615414145,-4.999997226166978
99.0,95.0,129.970947265625,4.984123675245869,-4.998860187930792,4.99393159699213,4.997723183838526,4.999288822107395,-4.9909090482263,4.9990816049045605,-4.99939109164611,4.999423057864064,-4.999216719441662
99.0,96.0,129.9833221435547,4.998733599516714,-4.998502135205583,4.999932952488157,4.994041847333747,4.996221829551104,-4.995746373803776,4.999871409242839,-4.998482942988209,4.994328815027354,-4.999591957086496
99.0,96.0,129.99081420898438,4.984954391328622,-4.9969565792947295,4.998428028084696,4.995966345850299,4.998084442697137,-4.988523675468207,4.996011937841299,-4.9993564000168185,4.999262537874285,-4.999782598714913
99.0,96.0,129.9672088623047,4.9975081393906144,-4.996594849217721,4.999997730507122,4.999843195211694,4.9939852133001,-4.993227324245173,4.998918699638595,-4.998106238687139,4.99762633007602,-4.999954235793047
99.0,96.0,129.98312377929688,4.997995206290016,-4.990253161361496,4.997650628087238,4.999593758903584,4.985859746318413,-4.998586051806077,4.997945413026384,-4.997256412649639,4.999995995715651,-4.999040179909431
99.0,96.0,130.00094604492188,4.99997554641355,-4.992084162582416,4.990766673015976,4.986573430603219,4.999984731155904,-4.9979869971381845,4.996799627995554,-4.9986618875981375,4.998737876015569,-4.997725553525664
99.0,96.0,129.9842987060547,4.9962872400287575,-4.9950630244094025,4.999983425818257,4.997181957036503,4.981197883976938,-4.997568928696353,4.999009942877009,-4.998458842960429,4.999989861654283,-4.999054817075596
99.0,96.0,129.97259521484375,4.995109095631744,-4.996107078577918,4.997661901236894,4.988088365939238,4.997845647375049,-4.999958484034032,4.998605158458902,-4.99703152782374,4.999987868630536,-4.998108215316568
99.0,96.0,129.99774169921875,4.982248241155864,-4.976859462321729,4.998816762755137,4.9959422022439615,4.9975867016481175,-4.999525958540176,4.9942159988006605,-4.999421681635087,4.997809277430875,-4.999999797113542
99.0,96.0,129.97445678710938,4.999480138450473,-4.989847630309867,4.9999739759944895,4.999755437330324,4.996586897593756,-4.996968893587864,4.999904774325975,-4.995095838417338,4.999276690791171,-4.997927965125788
99.0,96.0,129.97911071777344,4.983120611204376,-4.98351498748263,4.999803387961404,4.990908892421165,4.999543346376804,-4.998464930931338,4.998441395228501,-4.998329122699179,4.998305770481219,-4.999982224409157
99.0,96.0,129.96426391601562,4.989229758172073,-4.999541677067433,4.999249309560679,4.995139407608513,4.997615683475893,-4.996195750250944,4.999663079511564,-4.998487357300839,4.9979605229720026,-4.998924446521608
99.0,96.0,129.9861297607422,4.998358362861951,-4.991055939007829,4.999998581114741,4.995896208317438,4.989817496142651,-4.992684456716282,4.999554983653086,-4.997412979773732,4.998971074761611,-4.999976603145416
99.0,96.0,129.9740447998047,4.998318008710902,-4.999750798653981,4.998771630883231,4.99200487829113,4.990595890254721,-4.995934354676296,4.999145171966116,-4.996606734114669,4.999987257527589,-4.999612527800745
99.0,96.0,129.96104431152344,4.9964883027997296,-4.988471175716849,4.999327110078422,4.9996363097227805,4.992247986358303,-4.999811954531584,4.998620915452314,-4.997473974314525,4.999062122262377,-4.999400825572771
99.0,96.0,129.98193359375,4.995698494113498,-4.9984814963945565,4.999795348951338,4.9949211872444845,4.99991147895749,-4.994112795169037,4.999976205838956,-4.998510149798267,4.996562119546288,-4.997637987192018
99.0,96.0,130.0152130126953,4.997586312212523,-4.993504532246375,4.9823948380351215,4.999915469180843,4.999887390655191,-4.995937832972505,4.996774815455922,-4.998805823071109,4.997148045131251,-4.996796099645868
99.0,96.0,129.98666381835938,4.970732696507978,-4.984696073456204,4.989178923039651,4.998339723320546,4.99992161147675,-4.9973220431099925,4.997973794864508,-4.998445655317848,4.999639676427982,-4.99990424978864
99.0,96.0,129.99928283691406,4.998564114875742,-4.982751785764565,4.994991036066006,4.999723515569047,4.991276486578183,-4.999292988985828,4.997872603937132,-4.996658897610328,4.998958454241206,-4.998185483667976
99.0,96.0,129.99708557128906,4.999970335393507,-4.996751240498121,4.991275710319328,4.989869742326794,4.996968904777251,-4.995150356906285,4.998018529324366,-4.999975699808251,4.999524205904146,-4.996610120067379
99.0,96.0,129.9537353515625,4.9863342267025175,-4.997828953983233,4.999999438866273,4.993154718920624,4.9999872185246605,-4.999986435645392,4.999233905527761,-4.9996254175442,4.998694159143679,-4.997717683767712
99.0,96.0,129.98423767089844,4.991379936378495,-4.998283654328949,4.999862668428404,4.994571046042902,4.990004489109367,-4.9983675764543145,4.998752296637094,-4.994136305898862,4.999994940978114,-4.999688929967775
99.0,96.0,129.99319458007812,4.988158431821596,-4.993187450011559,4.999961309152657,4.994846426593185,4.999966602430183,-4.993719608250039,4.999998995044692,-4.999068529070875,4.996579401590742,-4.9977055224819855
99.0,96.0,130.00099182128906,4.999948916376912,-4.985354291948433,4.990714571563103,4.9914750685874445,4.999959861196923,-4.996169030437108,4.996881827850505,-4.999980481619152,4.999669374941407,-4.996655176027236
99.0,96.0,129.9741668701172,4.996919501870012,-4.995697600719564,4.99522086835306,4.996994891238533,4.997149795691447,-4.99442503557826,4.998716013177973,-4.998156637722524,4.99783660768683,-4.9994346928225415
99.0,96.0,129.99880981445312,4.988038508129868,-4.984219938953084,4.980103764996576,4.992467983717104,4.999870661357944,-4.999985575879424,4.998850828324676,-4.999811822136889,4.99899015421053,-4.998133176755234
99.0,96.0,130.0006103515625,4.996393332506311,-4.984022637507899,4.999725341745171,4.980257629009188,4.993649963377953,-4.996101519840331,4.999921495720819,-4.999832305880423,4.999574013340938,-4.998666493375414
99.0,96.0,130.02615356445312,4.99488109250952,-4.983135985523276,4.98770947104298,4.996804105779072,4.979591704871723,-4.995718874142149,4.999385654545793,-4.997825552558848,4.999990508860629,-4.999996438607789
99.0,96.0,129.9667510986328,4.997360376255125,-4.991979834915837,4.999762922928328,4.999997980332629,4.992962303458427,-4.999984676309186,4.998258480583404,-4.996222396065376,4.998163666823516,-4.999493593134104
99.0,96.0,129.9676513671875,4.985807462955426,-4.997586155808605,4.999998687342752,4.990501727215199,4.99730133443895,-4.997005216232719,4.999748546512592,-4.998543226106843,4.999996375084755,-4.99820271304665
99.0,96.0,129.96090698242188,4.996439505813663,-4.996857514477747,4.998813889213193,4.9904446301444025,4.996488709590025,-4.997778062856494,4.998359390230553,-4.9993195903675165,4.999990639223115,-4.998249942510783
99.0,96.0,129.98333740234375,4.990810335122824,-4.989147340563147,4.998777274344636,4.988328563797334,4.999981579165385,-4.999786075632837,4.997512439307025,-4.995882525378038,4.998594303901834,-4.999868854108587
99.0,96.0,129.96359252929688,4.997216740044342,-4.989491366784027,4.999999815830723,4.999988392360674,4.99375105255278,-4.999985698135243,4.998552368036874,-4.9967490747478855,4.99811416335274,-4.999472929717639
99.0,96.0,129.97540283203125,4.991996782224451,-4.972179169535265,4.997543598603681,4.998225529178953,4.9982963617789,-4.998867736357544,4.995195482300431,-4.999998383839196,4.998873695376661,-4.999998708716906
99.0,96.0,129.9933319091797,4.985118175218072,-4.993890999687194,4.99699670301782,4.994291181066896,4.998806676007435,-4.99573526556078,4.998330374077628,-4.995072583534611,4.999944740048995,-4.998680789925347
99.0,96.0,129.97506713867188,4.999849016633167,-4.993890330955896,4.999989564498857,4.99413326272103,4.991849219203944,-4.99295220269283,4.99996822638832,-4.999174584406449,4.999482539663511,-4.998643712715166
99.0,96.0,129.99705505371094,4.9916580382167535,-4.972729470998504,4.999120606576657,4.993084265387747,4.995920753653378,-4.998823452051599,4.995203120212519,-4.999999241132657,4.997987976394271,-4.999999772887854
99.0,96.0,130.00230407714844,4.978435984781429,-4.997048505413264,4.996766055285573,4.991680295725278,4.9996421834795335,-4.9926294173145465,4.999233170548119,-4.993789716083982,4.999799473790829,-4.999991537283702
99.0,96.0,129.97547912597656,4.999679882279867,-4.995150116478935,4.999870090800893,4.987231467922813,4.999822128890544,-4.997738729590607,4.999992729616263,-4.99450917980092,4.998165640348581,-4.999829619609426
99.0,96.0,129.97378540039062,4.992239540118686,-4.998163370081297,4.9999998516111415,4.9936522225068245,4.998510865174911,-4.99999789222755,4.997277875937462,-4.999629614843673,4.998636423881761,-4.996327837284776
99.0,96.0,129.96990966796875,4.990645829370432,-4.992665344672453,4.997063550411967,4.987379100710298,4.9995877764464485,-4.999997173450829,4.999929730347676,-4.997977347195673,4.999646675185867,-4.998105007241608
99.0,96.0,129.99046325683594,4.983431831709093,-4.991500115616198,4.999811759073987,4.98591004405945,4.999077601232993,-4.996458198677056,4.997810060458584,-4.997271921427922,4.9991404656704255,-4.999991707003317
99.0,96.0,129.98912048339844,4.968618302709983,-4.997398903140315,4.991545424681912,4.998806926797605,4.994740697242754,-4.996869081705628,4.998219264971871,-4.99865244188601,4.999535470213369,-4.9991812419497546
99.0,96.0,129.97140502929688,4.995216057465107,-4.992817322798112,4.999999591088924,4.999898902722621,4.993246221323174,-4.994770977722325,4.998517735688366,-4.996806006640961,4.9987456654506985,-4.999989994768857
99.0,96.0,129.98019409179688,4.998641634357484,-4.996680275167551,4.999921345951586,4.992083591157802,4.999846708111268,-4.997758438482644,4.999601402489233,-4.998695339842745,4.994329120578827,-4.998839800844408
99.0,96.0,129.985107421875,4.979513624557257,-4.988309305778419,4.998081890024581,4.994039877905944,4.999440946597077,-4.998248915891243,4.9978873027356805,-4.998348781455981,4.998490626718171,-4.998945547928979
99.0,96.0,130.01585388183594,4.986147760746311,-4.996415354101998,4.991745332491281,4.990440717679366,4.9989122649374975,-4.986933415612883,4.99993799223633,-4.997181907858353,4.998644166187804,-4.999835468793126
99.0,96.0,129.99017333984375,4.9987949588460285,-4.99773934065623,4.995324016772772,4.991247410623121,4.991665432145149,-4.994948611228372,4.998242406734441,-4.997421914001868,4.9993622612201065,-4.999421196905293
99.0,96.0,130.0010223388672,4.971921632074304,-4.988590689720284,4.989262797824623,4.999853695140225,4.999620256918232,-4.994887772598022,4.9981142179070925,-4.997476899120446,4.998466487974526,-4.999888871374331
99.0,96.0,129.97103881835938,4.977573738384531,-4.99228262015435,4.99911765410213,4.9941711744058646,4.996981859367433,-4.997506532817484,4.9979472528971005,-4.998677186885283,4.999216615414145,-4.999997226166978
99.0,96.0,129.970947265625,4.984123675245869,-4.998860187930792,4.99393159699213,4.997723183838526,4.999288822107395,-4.9909090482263,4.9990816049045605,-4.99939109164611,4.999423057864064,-4.999216719441662
99.0,97.0,129.9833221435547,4.998733599516714,-4.998502135205583,4.999932952488157,4.994041847333747,4.996221829551104,-4.995746373803776,4.999871409242839,-4.998482942988209,4.994328815027354,-4.999591957086496
99.0,97.0,129.99081420898438,4.984954391328622,-4.9969565792947295,4.998428028084696,4.995966345850299,4.998084442697137,-4.988523675468207,4.996011937841299,-4.9993564000168185,4.999262537874285,-4.999782598714913
99.0,97.0,129.9672088623047,4.9975081393906144,-4.996594849217721,4.999997730507122,4.999843195211694,4.9939852133001,-4.993227324245173,4.998918699638595,-4.998106238687139,4.99762633007602,-4.999954235793047
99.0,97.0,129.98312377929688,4.997995206290016,-4.990253161361496,4.997650628087238,4.999593758903584,4.985859746318413,-4.998586051806077,4.997945413026384,-4.997256412649639,4.999995995715651,-4.999040179909431
99.0,97.0,129.9713134765625,4.99997554641355,-4.997234380970788,4.999998695198809,4.990779349978343,4.997881297650324,-4.995997387577348,4.999850912088457,-4.998786475137108,4.998313705855628,-4.997715079324969
99.0,97.0,129.9636993408203,4.986039907942216,-4.997380329734154,4.997611007789242,4.991730566934043,4.99999894757919,-4.9999967866833135,4.99913256229745,-4.999650617061892,4.998799297949084,-4.997457912282458
99.0,97.0,129.97259521484375,4.995109095631744,-4.996107078577918,4.997661901236894,4.988088365939238,4.997845647375049,-4.999958484034032,4.998605158458902,-4.99703152782374,4.999987868630536,-4.998108215316568
99.0,97.0,129.99774169921875,4.982248241155864,-4.976859462321729,4.998816762755137,4.9959422022439615,4.9975867016481175,-4.999525958540176,4.9942159988006605,-4.999421681635087,4.997809277430875,-4.999999797113542
99.0,97.0,129.97445678710938,4.999480138450473,-4.989847630309867,4.9999739759944895,4.999755437330324,4.996586897593756,-4.996968893587864,4.999904774325975,-4.995095838417338,4.999276690791171,-4.997927965125788
99.0,97.0,129.9639129638672,4.992287533175418,-4.984896119076661,4.997983221120923,4.998509507738492,4.999543346376804,-4.999454956445519,4.996232860162903,-4.999813570694704,4.999197919120405,-4.998162740915367
99.0,97.0,129.96426391601562,4.989229758172073,-4.999541677067433,4.999249309560679,4.995139407608513,4.997615683475893,-4.996195750250944,4.999663079511564,-4.998487357300839,4.9979605229720026,-4.998924446521608
99.0,97.0,129.9861297607422,4.998358362861951,-4.991055939007829,4.999998581114741,4.995896208317438,4.989817496142651,-4.992684456716282,4.999554983653086,-4.997412979773732,4.998971074761611,-4.999976603145416
99.0,97.0,129.9740447998047,4.998318008710902,-4.999750798653981,4.998771630883231,4.99200487829113,4.990595890254721,-4.995934354676296,4.999145171966116,-4.996606734114669,4.999987257527589,-4.999612527800745
99.0,97.0,129.96104431152344,4.9964883027997296,-4.988471175716849,4.999327110078422,4.9996363097227805,4.992247986358303,-4.999811954531584,4.998620915452314,-4.997473974314525,4.999062122262377,-4.999400825572771
99.0,97.0,129.97491455078125,4.991669253010119,-4.990724009542278,4.999904270482315,4.9949211872444845,4.993327443595469,-4.993700221364567,4.999236536839582,-4.999331447826544,4.998997079508534,-4.999670842356851
99.0,97.0,130.00033569335938,4.962268735109426,-4.993996882060318,4.986229006664744,4.998936096545493,4.995162702364633,-4.997301003922097,4.9983011321748325,-4.999239308830973,4.999785075592148,-4.999137513342417
99.0,97.0,129.98666381835938,4.970732696507978,-4.984696073456204,4.989178923039651,4.998339723320546,4.99992161147675,-4.9973220431099925,4.997973794864508,-4.998445655317848,4.999639676427982,-4.99990424978864
99.0,97.0,129.99928283691406,4.998564114875742,-4.982751785764565,4.994991036066006,4.999723515569047,4.991276486578183,-4.999292988985828,4.997872603937132,-4.996658897610328,4.998958454241206,-4.998185483667976
99.0,97.0,129.99708557128906,4.999970335393507,-4.996751240498121,4.991275710319328,4.989869742326794,4.996968904777251,-4.995150356906285,4.998018529324366,-4.999975699808251,4.999524205904146,-4.996610120067379
99.0,97.0,129.9537353515625,4.9863342267025175,-4.997828953983233,4.999999438866273,4.993154718920624,4.9999872185246605,-4.999986435645392,4.999233905527761,-4.9996254175442,4.998694159143679,-4.997717683767712
99.0,97.0,129.98423767089844,4.991379936378495,-4.998283654328949,4.999862668428404,4.994571046042902,4.990004489109367,-4.9983675764543145,4.998752296637094,-4.994136305898862,4.999994940978114,-4.999688929967775
99.0,97.0,129.99278259277344,4.997065677014248,-4.990792626007517,4.998696199071106,4.996581569680005,4.991929387667207,-4.999994761128772,4.997572956893377,-4.995483085078114,4.99987654136564,-4.9977055224819855
99.0,97.0,130.00099182128906,4.999948916376912,-4.985354291948433,4.990714571563103,4.9914750685874445,4.999959861196923,-4.996169030437108,4.996881827850505,-4.999980481619152,4.999669374941407,-4.996655176027236
99.0,97.0,129.96524047851562,4.999724017339147,-4.997468646324945,4.998958249038412,4.996994891238533,4.992539438318785,-4.995403101803804,4.998312469363782,-4.998156637722524,4.999589845724979,-4.998955547185807
99.0,97.0,129.99880981445312,4.988038508129868,-4.984219938953084,4.980103764996576,4.992467983717104,4.999870661357944,-4.999985575879424,4.998850828324676,-4.999811822136889,4.99899015421053,-4.998133176755234
99.0,97.0,129.95774841308594,4.996393332506311,-4.999522181207907,4.995720939132876,4.998126530310404,4.993649963377953,-4.994916646034044,4.998233812153616,-4.999511094717867,4.999782105380215,-4.999009583497745
99.0,97.0,130.02491760253906,4.99320606805353,-4.990731365331934,4.98195394565305,4.999935394063519,4.998384711076577,-4.994697881558551,4.996131489140591,-4.9983317077416505,4.997409273266484,-4.9979358708455015
99.0,97.0,129.9667510986328,4.997360376255125,-4.991979834915837,4.999762922928328,4.999997980332629,4.992962303458427,-4.999984676309186,4.998258480583404,-4.996222396065376,4.998163666823516,-4.999493593134104
99.0,97.0,129.9676513671875,4.985807462955426,-4.997586155808605,4.999998687342752,4.990501727215199,4.99730133443895,-4.997005216232719,4.999748546512592,-4.998543226106843,4.999996375084755,-4.99820271304665
99.0,97.0,129.96090698242188,4.996439505813663,-4.996857514477747,4.998813889213193,4.9904446301444025,4.996488709590025,-4.997778062856494,4.998359390230553,-4.9993195903675165,4.999990639223115,-4.998249942510783
99.0,97.0,129.98333740234375,4.990810335122824,-4.989147340563147,4.998777274344636,4.988328563797334,4.999981579165385,-4.999786075632837,4.997512439307025,-4.995882525378038,4.998594303901834,-4.999868854108587
99.0,97.0,129.96359252929688,4.997216740044342,-4.989491366784027,4.999999815830723,4.999988392360674,4.99375105255278,-4.999985698135243,4.998552368036874,-4.9967490747478855,4.99811416335274,-4.999472929717639
99.0,97.0,129.97540283203125,4.991996782224451,-4.972179169535265,4.997543598603681,4.998225529178953,4.9982963617789,-4.998867736357544,4.995195482300431,-4.999998383839196,4.998873695376661,-4.999998708716906
99.0,97.0,129.95556640625,4.998752459579635,-4.997550097237751,4.999997934882984,4.994291181066896,4.993428671172858,-4.99573526556078,4.999773572541052,-4.999582332857676,4.998285766496018,-4.999529295583578
99.0,97.0,129.96925354003906,4.998340890969929,-4.995820185613853,4.999999886319127,4.999999191263658,4.9968494249194375,-4.999986031311456,4.998392321421081,-4.996180591729047,4.995491716971685,-4.999559583452136
99.0,97.0,129.97454833984375,4.996916443456705,-4.999985591390846,4.9995327953974025,4.990147431201798,4.996290007405403,-4.996327042405076,4.9996152352202,-4.999736757644741,4.998489381936812,-4.997285070868132
99.0,97.0,130.00230407714844,4.978435984781429,-4.997048505413264,4.996766055285573,4.991680295725278,4.9996421834795335,-4.9926294173145465,4.999233170548119,-4.993789716083982,4.999799473790829,-4.999991537283702
99.0,97.0,129.97547912597656,4.999679882279867,-4.995150116478935,4.999870090800893,4.987231467922813,4.999822128890544,-4.997738729590607,4.999992729616263,-4.99450917980092,4.998165640348581,-4.999829619609426
99.0,97.0,129.94888305664062,4.998206760900421,-4.996778582282201,4.999932145766455,4.99723669597881,4.997750079049803,-4.999919694798657,4.997277875937462,-4.996864565092436,4.999060496595857,-4.999208870169249
99.0,97.0,129.96990966796875,4.990645829370432,-4.992665344672453,4.997063550411967,4.987379100710298,4.9995877764464485,-4.999997173450829,4.999929730347676,-4.997977347195673,4.999646675185867,-4.998105007241608
99.0,97.0,129.99046325683594,4.983431831709093,-4.991500115616198,4.999811759073987,4.98591004405945,4.999077601232993,-4.996458198677056,4.997810060458584,-4.997271921427922,4.9991404656704255,-4.999991707003317
99.0,97.0,129.98912048339844,4.968618302709983,-4.997398903140315,4.991545424681912,4.998806926797605,4.994740697242754,-4.996869081705628,4.998219264971871,-4.99865244188601,4.999535470213369,-4.9991812419497546
99.0,97.0,129.97140502929688,4.995216057465107,-4.992817322798112,4.999999591088924,4.999898902722621,4.993246221323174,-4.994770977722325,4.998517735688366,-4.996806006640961,4.9987456654506985,-4.999989994768857
99.0,97.0,129.98019409179688,4.998641634357484,-4.996680275167551,4.999921345951586,4.992083591157802,4.999846708111268,-4.997758438482644,4.999601402489233,-4.998695339842745,4.994329120578827,-4.998839800844408
99.0,97.0,129.985107421875,4.979513624557257,-4.988309305778419,4.998081890024581,4.994039877905944,4.999440946597077,-4.998248915891243,4.9978873027356805,-4.998348781455981,4.998490626718171,-4.998945547928979
99.0,97.0,130.01585388183594,4.986147760746311,-4.996415354101998,4.991745332491281,4.990440717679366,4.9989122649374975,-4.986933415612883,4.99993799223633,-4.997181907858353,4.998644166187804,-4.999835468793126
99.0,97.0,129.9855194091797,4.99835221297894,-4.999922825614308,4.999663386620601,4.9927102685630445,4.987571702544424,-4.996406463763316,4.999676242756024,-4.995344529352334,4.9999945269293695,-4.999313586228677
99.0,97.0,129.9784698486328,4.998626155319844,-4.99225256183382,4.9999841270217065,4.998549536396784,4.999620256918232,-4.994887772598022,4.9981142179070925,-4.995697053572734,4.999273623760487,-4.99793528370887
99.0,97.0,129.97103881835938,4.977573738384531,-4.99228262015435,4.99911765410213,4.9941711744058646,4.996981859367433,-4.997506532817484,4.9979472528971005,-4.998677186885283,4.999216615414145,-4.999997226166978
99.0,97.0,129.970947265625,4.984123675245869,-4.998860187930792,4.99393159699213,4.997723183838526,4.999288822107395,-4.9909090482263,4.9990816049045605,-4.99939109164611,4.999423057864064,-4.999216719441662
99.0,98.0,129.9523162841797,4.9946617138783616,-4.997047388671701,4.999082310345647,4.993770361005883,4.993333760680541,-4.997151870654962,4.999035382382109,-4.999084896916874,4.999993710998748,-4.999427146246037
99.0,98.0,129.9860076904297,4.970134539170086,-4.990083253419108,4.998428028084696,4.999470745490428,4.996575624138515,-4.996790075721645,4.996852561287023,-4.998774303873216,4.999804311232614,-4.998866294529307
99.0,98.0,129.9672088623047,4.9975081393906144,-4.996594849217721,4.999997730507122,4.999843195211694,4.9939852133001,-4.993227324245173,4.998918699638595,-4.998106238687139,4.99762633007602,-4.999954235793047
99.0,98.0,129.98312377929688,4.997995206290016,-4.990253161361496,4.997650628087238,4.999593758903584,4.985859746318413,-4.998586051806077,4.997945413026384,-4.997256412649639,4.999995995715651,-4.999040179909431
99.0,98.0,129.9713134765625,4.99997554641355,-4.997234380970788,4.999998695198809,4.990779349978343,4.997881297650324,-4.995997387577348,4.999850912088457,-4.998786475137108,4.998313705855628,-4.997715079324969
99.0,98.0,129.9319305419922,4.997989324171889,-4.996827735839526,4.999937545673889,4.999813248389314,4.99670176451907,-4.999989665977964,4.996116112661576,-4.999650617061892,4.999197386827078,-4.99939340483167
99.0,98.0,129.95977783203125,4.99715233602141,-4.996107078577918,4.99932428834772,4.999935792130279,4.987555141902972,-4.997886094053313,4.999437281781859,-4.997836078682841,4.999758599075254,-4.99927266241885
99.0,98.0,129.9626007080078,4.999538752336814,-4.995881535904612,4.9987592752091,4.996631733348693,4.9975867016481175,-4.995916193353868,4.999223285872807,-4.994883040269917,4.999627415380798,-4.999475153840314
99.0,98.0,129.97445678710938,4.999480138450473,-4.989847630309867,4.9999739759944895,4.999755437330324,4.996586897593756,-4.996968893587864,4.999904774325975,-4.995095838417338,4.999276690791171,-4.997927965125788
99.0,98.0,129.9639129638672,4.992287533175418,-4.984896119076661,4.997983221120923,4.998509507738492,4.999543346376804,-4.999454956445519,4.996232860162903,-4.999813570694704,4.999197919120405,-4.998162740915367
99.0,98.0,129.96426391601562,4.989229758172073,-4.999541677067433,4.999249309560679,4.995139407608513,4.997615683475893,-4.996195750250944,4.999663079511564,-4.998487357300839,4.9979605229720026,-4.998924446521608
99.0,98.0,129.98223876953125,4.990383868323109,-4.989395516327891,4.999998581114741,4.99856230345959,4.995673663888415,-4.996289421524727,4.999554983653086,-4.996857918029188,4.999514181538988,-4.997790557939069
99.0,98.0,129.9740447998047,4.998318008710902,-4.999750798653981,4.998771630883231,4.99200487829113,4.990595890254721,-4.995934354676296,4.999145171966116,-4.996606734114669,4.999987257527589,-4.999612527800745
99.0,98.0,129.96104431152344,4.9964883027997296,-4.988471175716849,4.999327110078422,4.9996363097227805,4.992247986358303,-4.999811954531584,4.998620915452314,-4.997473974314525,4.999062122262377,-4.999400825572771
99.0,98.0,129.97491455078125,4.991669253010119,-4.990724009542278,4.999904270482315,4.9949211872444845,4.993327443595469,-4.993700221364567,4.999236536839582,-4.999331447826544,4.998997079508534,-4.999670842356851
99.0,98.0,129.9766387939453,4.989171329546288,-4.993996882060318,4.998381418588108,4.997806313077398,4.9936097347187385,-4.9917858306833125,4.99994809188435,-4.997590345154574,4.999785075592148,-4.999670757497043
99.0,98.0,129.9654541015625,4.996720702736827,-4.99667388461326,4.9994717855252775,4.999999440753563,4.995182715269178,-4.999992195565992,4.997575651728226,-4.998585797012345,4.996404216408952,-4.998769744902814
99.0,98.0,129.96823120117188,4.99844295950677,-4.999706428637722,4.994991036066006,4.999723515569047,4.991337764283108,-4.995146004918549,4.998530528184442,-4.997911451933012,4.9999593000765366,-4.9987564815080265
99.0,98.0,129.96583557128906,4.992469055332738,-4.99815995062179,4.999999693690008,4.993356392156563,4.99716778915994,-4.999999338025132,4.9988100091522885,-4.999685419080079,4.998873682901754,-4.996610120067379
99.0,98.0,129.95166015625,4.999297063598406,-4.994662990974625,4.999946058382846,4.998617334743786,4.994552097971623,-4.999986435645392,4.996920158507585,-4.998372710370925,4.998694159143679,-4.999208098911827
99.0,98.0,129.98423767089844,4.991379936378495,-4.998283654328949,4.999862668428404,4.994571046042902,4.990004489109367,-4.9983675764543145,4.998752296637094,-4.994136305898862,4.999994940978114,-4.999688929967775
99.0,98.0,129.98875427246094,4.9999982630749775,-4.99805084355387,4.999999161764576,4.993444933904716,4.991873260699311,-4.994202032733591,4.99972416829263,-4.997470066215438,4.998487631727379,-4.998319368818503
99.0,98.0,130.00099182128906,4.999948916376912,-4.985354291948433,4.990714571563103,4.9914750685874445,4.999959861196923,-4.996169030437108,4.996881827850505,-4.999980481619152,4.999669374941407,-4.996655176027236
99.0,98.0,129.96524047851562,4.999724017339147,-4.997468646324945,4.998958249038412,4.996994891238533,4.992539438318785,-4.995403101803804,4.998312469363782,-4.998156637722524,4.999589845724979,-4.998955547185807
99.0,98.0,129.99880981445312,4.988038508129868,-4.984219938953084,4.980103764996576,4.992467983717104,4.999870661357944,-4.999985575879424,4.998850828324676,-4.999811822136889,4.99899015421053,-4.998133176755234
99.0,98.0,129.95774841308594,4.996393332506311,-4.999522181207907,4.995720939132876,4.998126530310404,4.993649963377953,-4.994916646034044,4.998233812153616,-4.999511094717867,4.999782105380215,-4.999009583497745
99.0,98.0,130.02491760253906,4.99320606805353,-4.990731365331934,4.98195394565305,4.999935394063519,4.998384711076577,-4.994697881558551,4.996131489140591,-4.9983317077416505,4.997409273266484,-4.9979358708455015
99.0,98.0,129.9667510986328,4.997360376255125,-4.991979834915837,4.999762922928328,4.999997980332629,4.992962303458427,-4.999984676309186,4.998258480583404,-4.996222396065376,4.998163666823516,-4.999493593134104
99.0,98.0,129.96505737304688,4.999999912217917,-4.994852829972713,4.999869718967161,4.986043783451672,4.99730133443895,-4.997005216232719,4.9999952154756135,-4.998543226106843,4.997975413704555,-4.999828317388054
99.0,98.0,129.96090698242188,4.996439505813663,-4.996857514477747,4.998813889213193,4.9904446301444025,4.996488709590025,-4.997778062856494,4.998359390230553,-4.9993195903675165,4.999990639223115,-4.998249942510783
99.0,98.0,129.98333740234375,4.990810335122824,-4.989147340563147,4.998777274344636,4.988328563797334,4.999981579165385,-4.999786075632837,4.997512439307025,-4.995882525378038,4.998594303901834,-4.999868854108587
99.0,98.0,129.96359252929688,4.997216740044342,-4.989491366784027,4.999999815830723,4.999988392360674,4.99375105255278,-4.999985698135243,4.998552368036874,-4.9967490747478855,4.99811416335274,-4.999472929717639
99.0,98.0,129.97540283203125,4.991996782224451,-4.972179169535265,4.997543598603681,4.998225529178953,4.9982963617789,-4.998867736357544,4.995195482300431,-4.999998383839196,4.998873695376661,-4.999998708716906
99.0,98.0,129.95556640625,4.998752459579635,-4.997550097237751,4.999997934882984,4.994291181066896,4.993428671172858,-4.99573526556078,4.999773572541052,-4.999582332857676,4.998285766496018,-4.999529295583578
99.0,98.0,129.96925354003906,4.998340890969929,-4.995820185613853,4.999999886319127,4.999999191263658,4.9968494249194375,-4.999986031311456,4.998392321421081,-4.996180591729047,4.995491716971685,-4.999559583452136
99.0,98.0,129.97454833984375,4.996916443456705,-4.999985591390846,4.9995327953974025,4.990147431201798,4.996290007405403,-4.996327042405076,4.9996152352202,-4.999736757644741,4.998489381936812,-4.997285070868132
99.0,98.0,129.9902801513672,4.99360658704596,-4.997329017049877,4.996463656522028,4.994289224834378,4.994640448846594,-4.990312941938975,4.999931905112922,-4.998513491603094,4.997612529978362,-4.999890452841495
99.0,98.0,129.97547912597656,4.999679882279867,-4.995150116478935,4.999870090800893,4.987231467922813,4.999822128890544,-4.997738729590607,4.999992729616263,-4.99450917980092,4.998165640348581,-4.999829619609426
99.0,98.0,129.94888305664062,4.998206760900421,-4.996778582282201,4.999932145766455,4.99723669597881,4.997750079049803,-4.999919694798657,4.997277875937462,-4.996864565092436,4.999060496595857,-4.999208870169249
99.0,98.0,129.96990966796875,4.990645829370432,-4.992665344672453,4.997063550411967,4.987379100710298,4.9995877764464485,-4.999997173450829,4.999929730347676,-4.997977347195673,4.999646675185867,-4.998105007241608
99.0,98.0,129.99046325683594,4.983431831709093,-4.991500115616198,4.999811759073987,4.98591004405945,4.999077601232993,-4.996458198677056,4.997810060458584,-4.997271921427922,4.9991404656704255,-4.999991707003317
99.0,98.0,129.9554443359375,4.986069018430623,-4.997817860900074,4.999999952722491,4.986512177660897,4.9986213564526745,-4.9977104144182345,4.999989104295674,-4.99865605757028,4.999350013363053,-4.99992661709103
99.0,98.0,129.97140502929688,4.995216057465107,-4.992817322798112,4.999999591088924,4.999898902722621,4.993246221323174,-4.994770977722325,4.998517735688366,-4.996806006640961,4.9987456654506985,-4.999989994768857
99.0,98.0,129.98019409179688,4.998641634357484,-4.996680275167551,4.999921345951586,4.992083591157802,4.999846708111268,-4.997758438482644,4.999601402489233,-4.998695339842745,4.994329120578827,-4.998839800844408
99.0,98.0,129.985107421875,4.979513624557257,-4.988309305778419,4.998081890024581,4.994039877905944,4.999440946597077,-4.998248915891243,4.9978873027356805,-4.998348781455981,4.998490626718171,-4.998945547928979
99.0,98.0,130.01373291015625,4.987848736986124,-4.992152539023591,4.99558197798107,4.990440717679366,4.999809389468204,-4.9938213159302585,4.998984685257895,-4.995013095884306,4.998644166187804,-4.998806038145506
99.0,98.0,129.9855194091797,4.99835221297894,-4.999922825614308,4.999663386620601,4.9927102685630445,4.987571702544424,-4.996406463763316,4.999676242756024,-4.995344529352334,4.9999945269293695,-4.999313586228677
99.0,98.0,129.9784698486328,4.998626155319844,-4.99225256183382,4.9999841270217065,4.998549536396784,4.999620256918232,-4.994887772598022,4.9981142179070925,-4.995697053572734,4.999273623760487,-4.99793528370887
99.0,98.0,129.95965576171875,4.997016428234228,-4.976197497912731,4.997126827786573,4.999509181926218,4.999274684143243,-4.998832235310216,4.996203912981553,-4.999998976214957,4.999568016221426,-4.999080180617819
99.0,98.0,129.970947265625,4.984123675245869,-4.998860187930792,4.99393159699213,4.997723183838526,4.999288822107395,-4.9909090482263,4.9990816049045605,-4.99939109164611,4.999423057864064,-4.999216719441662
99.0,99.0,129.9523162841797,4.9946617138783616,-4.997047388671701,4.999082310345647,4.993770361005883,4.993333760680541,-4.997151870654962,4.999035382382109,-4.999084896916874,4.999993710998748,-4.999427146246037
99.0,99.0,129.9689178466797,4.998648253846781,-4.996795305874427,4.999647721305753,4.999470745490428,4.989724597520698,-4.996464563581453,4.999800267245189,-4.996647010734248,4.999865883339652,-4.998536232195359
99.0,99.0,129.9672088623047,4.9975081393906144,-4.996594849217721,4.999997730507122,4.999843195211694,4.9939852133001,-4.993227324245173,4.998918699638595,-4.998106238687139,4.99762633007602,-4.999954235793047
99.0,99.0,129.9597625732422,4.99865982707847,-4.996756542027584,4.997650628087238,4.994109602121976,4.995952302837525,-4.995991811335813,4.99984712021786,-4.9979455341313725,4.998304551323927,-4.999789098910831
99.0,99.0,129.9713134765625,4.99997554641355,-4.997234380970788,4.999998695198809,4.990779349978343,4.997881297650324,-4.995997387577348,4.999850912088457,-4.998786475137108,4.998313705855628,-4.997715079324969
99.0,99.0,129.9319305419922,4.997989324171889,-4.996827735839526,4.999937545673889,4.999813248389314,4.99670176451907,-4.999989665977964,4.996116112661576,-4.999650617061892,4.999197386827078,-4.99939340483167
99.0,99.0,129.95977783203125,4.99715233602141,-4.996107078577918,4.99932428834772,4.999935792130279,4.987555141902972,-4.997886094053313,4.999437281781859,-4.997836078682841,4.999758599075254,-4.99927266241885
99.0,99.0,129.9626007080078,4.999538752336814,-4.995881535904612,4.9987592752091,4.996631733348693,4.9975867016481175,-4.995916193353868,4.999223285872807,-4.994883040269917,4.999627415380798,-4.999475153840314
99.0,99.0,129.97445678710938,4.999480138450473,-4.989847630309867,4.9999739759944895,4.999755437330324,4.996586897593756,-4.996968893587864,4.999904774325975,-4.995095838417338,4.999276690791171,-4.997927965125788
99.0,99.0,129.9639129638672,4.992287533175418,-4.984896119076661,4.997983221120923,4.998509507738492,4.999543346376804,-4.999454956445519,4.996232860162903,-4.999813570694704,4.999197919120405,-4.998162740915367
99.0,99.0,129.96426391601562,4.989229758172073,-4.999541677067433,4.999249309560679,4.995139407608513,4.997615683475893,-4.996195750250944,4.999663079511564,-4.998487357300839,4.9979605229720026,-4.998924446521608
99.0,99.0,129.98223876953125,4.990383868323109,-4.989395516327891,4.999998581114741,4.99856230345959,4.995673663888415,-4.996289421524727,4.999554983653086,-4.996857918029188,4.999514181538988,-4.997790557939069
99.0,99.0,129.97088623046875,4.998318008710902,-4.985201045768681,4.997984100524435,4.998042113283325,4.999630027342134,-4.999901424973126,4.995751078468521,-4.999865113805905,4.9994918773232735,-4.996703153157267
99.0,99.0,129.9569091796875,4.9964883027997296,-4.999539675459768,4.999783472317443,4.9996363097227805,4.992892885829855,-4.995880021965115,4.998966732526518,-4.997473974314525,4.999102989565183,-4.99934988393119
99.0,99.0,129.94288635253906,4.998198412402699,-4.9989051228594406,4.999904270482315,4.9949211872444845,4.99805836350351,-4.997049152230291,4.997230634470345,-4.999331447826544,4.9990067601428025,-4.999568617287848
99.0,99.0,129.9766387939453,4.989171329546288,-4.993996882060318,4.998381418588108,4.997806313077398,4.9936097347187385,-4.9917858306833125,4.99994809188435,-4.997590345154574,4.999785075592148,-4.999670757497043
99.0,99.0,129.9654541015625,4.996720702736827,-4.99667388461326,4.9994717855252775,4.999999440753563,4.995182715269178,-4.999992195565992,4.997575651728226,-4.998585797012345,4.996404216408952,-4.998769744902814
99.0,99.0,129.96823120117188,4.99844295950677,-4.999706428637722,4.994991036066006,4.999723515569047,4.991337764283108,-4.995146004918549,4.998530528184442,-4.997911451933012,4.9999593000765366,-4.9987564815080265
99.0,99.0,129.95416259765625,4.996682530781566,-4.995084870248662,4.999999693690008,4.996148508081049,4.99716778915994,-4.998653797089737,4.999640023627782,-4.999311776297165,4.999989286246398,-4.996610120067379
99.0,99.0,129.95166015625,4.999297063598406,-4.994662990974625,4.999946058382846,4.998617334743786,4.994552097971623,-4.999986435645392,4.996920158507585,-4.998372710370925,4.998694159143679,-4.999208098911827
99.0,99.0,129.96685791015625,4.991760850916656,-4.986997076140327,4.999971238200451,4.994334197658352,4.997468689913031,-4.9983675764543145,4.999028381700908,-4.998224248646404,4.9986542413505095,-4.999260243457273
99.0,99.0,129.94482421875,4.9999982630749775,-4.996104610037127,4.999999647351084,4.999924128322967,4.998667230423503,-4.9954727848082685,4.997603085505961,-4.998003108847088,4.998346361006412,-4.999995617063035
99.0,99.0,129.97557067871094,4.993270127791574,-4.985354291948433,4.999147358777428,4.995259639566005,4.991558619737456,-4.998642111606224,4.99831395866274,-4.998187821237395,4.999996512209068,-4.9992494524108295
99.0,99.0,129.96524047851562,4.999724017339147,-4.997468646324945,4.998958249038412,4.996994891238533,4.992539438318785,-4.995403101803804,4.998312469363782,-4.998156637722524,4.999589845724979,-4.998955547185807
99.0,99.0,129.99880981445312,4.988038508129868,-4.984219938953084,4.980103764996576,4.992467983717104,4.999870661357944,-4.999985575879424,4.998850828324676,-4.999811822136889,4.99899015421053,-4.998133176755234
99.0,99.0,129.95774841308594,4.996393332506311,-4.999522181207907,4.995720939132876,4.998126530310404,4.993649963377953,-4.994916646034044,4.998233812153616,-4.999511094717867,4.999782105380215,-4.999009583497745
99.0,99.0,129.977294921875,4.994234604038051,-4.990731365331934,4.999195529174144,4.991094560213057,4.996275556429064,-4.99738987437228,4.999763184029522,-4.996474439447709,4.999524430805951,-4.99903341624842
99.0,99.0,129.9667510986328,4.997360376255125,-4.991979834915837,4.999762922928328,4.999997980332629,4.992962303458427,-4.999984676309186,4.998258480583404,-4.996222396065376,4.998163666823516,-4.999493593134104
99.0,99.0,129.96505737304688,4.999999912217917,-4.994852829972713,4.999869718967161,4.986043783451672,4.99730133443895,-4.997005216232719,4.9999952154756135,-4.998543226106843,4.997975413704555,-4.999828317388054
99.0,99.0,129.96090698242188,4.996439505813663,-4.996857514477747,4.998813889213193,4.9904446301444025,4.996488709590025,-4.997778062856494,4.998359390230553,-4.9993195903675165,4.999990639223115,-4.998249942510783
99.0,99.0,129.98333740234375,4.990810335122824,-4.989147340563147,4.998777274344636,4.988328563797334,4.999981579165385,-4.999786075632837,4.997512439307025,-4.995882525378038,4.998594303901834,-4.999868854108587
99.0,99.0,129.96359252929688,4.997216740044342,-4.989491366784027,4.999999815830723,4.999988392360674,4.99375105255278,-4.999985698135243,4.998552368036874,-4.9967490747478855,4.99811416335274,-4.999472929717639
99.0,99.0,129.97540283203125,4.991996782224451,-4.972179169535265,4.997543598603681,4.998225529178953,4.9982963617789,-4.998867736357544,4.995195482300431,-4.999998383839196,4.998873695376661,-4.999998708716906
99.0,99.0,129.95556640625,4.998752459579635,-4.997550097237751,4.999997934882984,4.994291181066896,4.993428671172858,-4.99573526556078,4.999773572541052,-4.999582332857676,4.998285766496018,-4.999529295583578
99.0,99.0,129.96925354003906,4.998340890969929,-4.995820185613853,4.999999886319127,4.999999191263658,4.9968494249194375,-4.999986031311456,4.998392321421081,-4.996180591729047,4.995491716971685,-4.999559583452136
99.0,99.0,129.96142578125,4.995213611253903,-4.997331193776813,4.999557005002332,4.994856948421756,4.996290007405403,-4.999980079643691,4.99785054784906,-4.997705240422374,4.998667925356509,-4.9986760960456245
99.0,99.0,129.9902801513672,4.99360658704596,-4.997329017049877,4.996463656522028,4.994289224834378,4.994640448846594,-4.990312941938975,4.999931905112922,-4.998513491603094,4.997612529978362,-4.999890452841495
99.0,99.0,129.96461486816406,4.999876184561844,-4.991988399907605,4.999989248139806,4.999890734519245,4.99371302527754,-4.999997395657558,4.996083446242826,-4.997227162602066,4.998969727566257,-4.999009669058131
99.0,99.0,129.94888305664062,4.998206760900421,-4.996778582282201,4.999932145766455,4.99723669597881,4.997750079049803,-4.999919694798657,4.997277875937462,-4.996864565092436,4.999060496595857,-4.999208870169249
99.0,99.0,129.96990966796875,4.990645829370432,-4.992665344672453,4.997063550411967,4.987379100710298,4.9995877764464485,-4.999997173450829,4.999929730347676,-4.997977347195673,4.999646675185867,-4.998105007241608
99.0,99.0,129.95944213867188,4.999989763540487,-4.997876290223184,4.999999924904384,4.987696833449525,4.995355822452305,-4.9972243821255535,4.999972218234654,-4.99916306972472,4.99960592472176,-4.998460717025237
99.0,99.0,129.9554443359375,4.986069018430623,-4.997817860900074,4.999999952722491,4.986512177660897,4.9986213564526745,-4.9977104144182345,4.999989104295674,-4.99865605757028,4.999350013363053,-4.99992661709103
99.0,99.0,129.97140502929688,4.995216057465107,-4.992817322798112,4.999999591088924,4.999898902722621,4.993246221323174,-4.994770977722325,4.998517735688366,-4.996806006640961,4.9987456654506985,-4.999989994768857
99.0,99.0,129.98019409179688,4.998641634357484,-4.996680275167551,4.999921345951586,4.992083591157802,4.999846708111268,-4.997758438482644,4.999601402489233,-4.998695339842745,4.994329120578827,-4.998839800844408
99.0,99.0,129.97682189941406,4.993828614458678,-4.999067991323985,4.999231829038148,4.990929192773173,4.999440946597077,-4.999699829151748,4.999421355241872,-4.99384221792358,4.998490626718171,-4.998899134177141
99.0,99.0,129.9798126220703,4.993881301675312,-4.995886150705423,4.996074820136247,4.997187391547087,4.997801725851131,-4.994281678744084,4.998139128262977,-4.999488924512578,4.997971872849773,-4.998199530914421
99.0,99.0,129.9855194091797,4.99835221297894,-4.999922825614308,4.999663386620601,4.9927102685630445,4.987571702544424,-4.996406463763316,4.999676242756024,-4.995344529352334,4.9999945269293695,-4.999313586228677
99.0,99.0,129.9784698486328,4.998626155319844,-4.99225256183382,4.9999841270217065,4.998549536396784,4.999620256918232,-4.994887772598022,4.9981142179070925,-4.995697053572734,4.999273623760487,-4.99793528370887
99.0,99.0,129.95965576171875,4.997016428234228,-4.976197497912731,4.997126827786573,4.999509181926218,4.999274684143243,-4.998832235310216,4.996203912981553,-4.999998976214957,4.999568016221426,-4.999080180617819
99.0,99.0,129.95205688476562,4.99494472987427,-4.993808419925318,4.999100127119153,4.990092828882611,4.999288822107395,-4.99475242569094,4.999995315972945,-4.99939109164611,4.99898758455665,-4.999989146755988
99.0,100.0,129.9523162841797,4.9946617138783616,-4.997047388671701,4.999082310345647,4.993770361005883,4.993333760680541,-4.997151870654962,4.999035382382109,-4.999084896916874,4.999993710998748,-4.999427146246037
99.0,100.0,129.9514923095703,4.998966059198656,-4.996989230006316,4.9998989513926535,4.994866958872278,4.996490163682561,-4.997054834403341,4.9960761968812175,-4.999854733263053,4.999334252272671,-4.999293660090845
99.0,100.0,129.9672088623047,4.9975081393906144,-4.996594849217721,4.999997730507122,4.999843195211694,4.9939852133001,-4.993227324245173,4.998918699638595,-4.998106238687139,4.99762633007602,-4.999954235793047
99.0,100.0,129.9597625732422,4.99865982707847,-4.996756542027584,4.997650628087238,4.994109602121976,4.995952302837525,-4.995991811335813,4.99984712021786,-4.9979455341313725,4.998304551323927,-4.999789098910831
99.0,100.0,129.97012329101562,4.991101323981385,-4.980780627153719,4.999988041322619,4.996444339110409,4.999920138678136,-4.99870729645183,4.997178859225899,-4.998874288192209,4.999446935921531,-4.998396387494209
99.0,100.0,129.9319305419922,4.997989324171889,-4.996827735839526,4.999937545673889,4.999813248389314,4.99670176451907,-4.999989665977964,4.996116112661576,-4.999650617061892,4.999197386827078,-4.99939340483167
99.0,100.0,129.95977783203125,4.99715233602141,-4.996107078577918,4.99932428834772,4.999935792130279,4.987555141902972,-4.997886094053313,4.999437281781859,-4.997836078682841,4.999758599075254,-4.99927266241885
99.0,100.0,129.96115112304688,4.996105112573936,-4.997880047747305,4.9987592752091,4.990087017157114,4.9975867016481175,-4.998632423307139,4.999197718997657,-4.998854492738516,4.998940639419461,-4.998302019473618
99.0,100.0,129.97445678710938,4.999480138450473,-4.989847630309867,4.9999739759944895,4.999755437330324,4.996586897593756,-4.996968893587864,4.999904774325975,-4.995095838417338,4.999276690791171,-4.997927965125788
99.0,100.0,129.9639129638672,4.992287533175418,-4.984896119076661,4.997983221120923,4.998509507738492,4.999543346376804,-4.999454956445519,4.996232860162903,-4.999813570694704,4.999197919120405,-4.998162740915367
99.0,100.0,129.96426391601562,4.989229758172073,-4.999541677067433,4.999249309560679,4.995139407608513,4.997615683475893,-4.996195750250944,4.999663079511564,-4.998487357300839,4.9979605229720026,-4.998924446521608
99.0,100.0,129.98223876953125,4.990383868323109,-4.989395516327891,4.999998581114741,4.99856230345959,4.995673663888415,-4.996289421524727,4.999554983653086,-4.996857918029188,4.999514181538988,-4.997790557939069
99.0,100.0,129.95069885253906,4.996690942361544,-4.995631168476503,4.999999640869712,4.999918373834062,4.99160433944108,-4.993262636576546,4.999044708689016,-4.999865113805905,4.9994918773232735,-4.999887388954134
99.0,100.0,129.9569091796875,4.9964883027997296,-4.999539675459768,4.999783472317443,4.9996363097227805,4.992892885829855,-4.995880021965115,4.998966732526518,-4.997473974314525,4.999102989565183,-4.99934988393119
99.0,100.0,129.94288635253906,4.998198412402699,-4.9989051228594406,4.999904270482315,4.9949211872444845,4.99805836350351,-4.997049152230291,4.997230634470345,-4.999331447826544,4.9990067601428025,-4.999568617287848
99.0,100.0,129.9766387939453,4.989171329546288,-4.993996882060318,4.998381418588108,4.997806313077398,4.9936097347187385,-4.9917858306833125,4.99994809188435,-4.997590345154574,4.999785075592148,-4.999670757497043
99.0,100.0,129.95700073242188,4.999587529265689,-4.994815454320635,4.999946498084602,4.998383637516202,4.995182715269178,-4.999993942016553,4.996679267660394,-4.998398481926525,4.998841138245114,-4.998478305032776
99.0,100.0,129.96249389648438,4.997844972608021,-4.991848690264618,4.999999953343687,4.999999193925391,4.999544725376439,-4.999998523833791,4.998530528184442,-4.997911451933012,4.994576286918758,-4.99964958690485
99.0,100.0,129.95416259765625,4.996682530781566,-4.995084870248662,4.999999693690008,4.996148508081049,4.99716778915994,-4.998653797089737,4.999640023627782,-4.999311776297165,4.999989286246398,-4.996610120067379
99.0,100.0,129.95166015625,4.999297063598406,-4.994662990974625,4.999946058382846,4.998617334743786,4.994552097971623,-4.999986435645392,4.996920158507585,-4.998372710370925,4.998694159143679,-4.999208098911827
99.0,100.0,129.96685791015625,4.991760850916656,-4.986997076140327,4.999971238200451,4.994334197658352,4.997468689913031,-4.9983675764543145,4.999028381700908,-4.998224248646404,4.9986542413505095,-4.999260243457273
99.0,100.0,129.9367218017578,4.995300261144285,-4.996104610037127,4.999687364409727,4.997707695427103,4.9976187756274495,-4.99999827915374,4.995372958370352,-4.999748397834281,4.999262701261786,-4.999750014939405
99.0,100.0,129.94979858398438,4.999431598509852,-4.996636374640332,4.999972121390771,4.995259639566005,4.9921559843367,-4.995358654435817,4.999970479034243,-4.9995062759897255,4.99935558640757,-4.999566757928388
99.0,100.0,129.96524047851562,4.999724017339147,-4.997468646324945,4.998958249038412,4.996994891238533,4.992539438318785,-4.995403101803804,4.998312469363782,-4.998156637722524,4.999589845724979,-4.998955547185807
99.0,100.0,129.98878479003906,4.988038508129868,-4.990642661649741,4.999998915060727,4.999957751278005,4.9938148452082896,-4.997098482365191,4.999316976821069,-4.996120331079929,4.999244142540103,-4.997896901069252
99.0,100.0,129.95774841308594,4.996393332506311,-4.999522181207907,4.995720939132876,4.998126530310404,4.993649963377953,-4.994916646034044,4.998233812153616,-4.999511094717867,4.999782105380215,-4.999009583497745
99.0,100.0,129.977294921875,4.994234604038051,-4.990731365331934,4.999195529174144,4.991094560213057,4.996275556429064,-4.99738987437228,4.999763184029522,-4.996474439447709,4.999524430805951,-4.99903341624842
99.0,100.0,129.9667510986328,4.997360376255125,-4.991979834915837,4.999762922928328,4.999997980332629,4.992962303458427,-4.999984676309186,4.998258480583404,-4.996222396065376,4.998163666823516,-4.999493593134104
99.0,100.0,129.96038818359375,4.997744283137958,-4.994852829972713,4.999999759166774,4.999955818656523,4.99730133443895,-4.995156722767529,4.997705718668254,-4.997327793306306,4.997924270869271,-4.999996642541005
99.0,100.0,129.95008850097656,4.995793634813916,-4.99517980734564,4.9999999780392566,4.997811373511789,4.995590314705198,-4.998340700988972,4.99997801970356,-4.999194429571844,4.999990822134215,-4.997198721935006
99.0,100.0,129.98333740234375,4.990810335122824,-4.989147340563147,4.998777274344636,4.988328563797334,4.999981579165385,-4.999786075632837,4.997512439307025,-4.995882525378038,4.998594303901834,-4.999868854108587
99.0,100.0,129.96359252929688,4.997216740044342,-4.989491366784027,4.999999815830723,4.999988392360674,4.99375105255278,-4.999985698135243,4.998552368036874,-4.9967490747478855,4.99811416335274,-4.999472929717639
99.0,100.0,129.97540283203125,4.991996782224451,-4.972179169535265,4.997543598603681,4.998225529178953,4.9982963617789,-4.998867736357544,4.995195482300431,-4.999998383839196,4.998873695376661,-4.999998708716906
99.0,100.0,129.95556640625,4.998752459579635,-4.997550097237751,4.999997934882984,4.994291181066896,4.993428671172858,-4.99573526556078,4.999773572541052,-4.999582332857676,4.998285766496018,-4.999529295583578
99.0,100.0,129.96925354003906,4.998340890969929,-4.995820185613853,4.999999886319127,4.999999191263658,4.9968494249194375,-4.999986031311456,4.998392321421081,-4.996180591729047,4.995491716971685,-4.999559583452136
99.0,100.0,129.96142578125,4.995213611253903,-4.997331193776813,4.999557005002332,4.994856948421756,4.996290007405403,-4.999980079643691,4.99785054784906,-4.997705240422374,4.998667925356509,-4.9986760960456245
99.0,100.0,129.9476318359375,4.999654038685605,-4.997596921510834,4.999975279319427,4.996752466729255,4.998685104767505,-4.998466271775936,4.998007682876618,-4.997561820902575,4.998205123739332,-4.999348791755623
99.0,100.0,129.96241760253906,4.995429228109126,-4.996394404452532,4.99968062309339,4.999942313608727,4.987723994186911,-4.999880228207251,4.998438995597459,-4.997715931828342,4.999940286091546,-4.998716160986247
99.0,100.0,129.94888305664062,4.998206760900421,-4.996778582282201,4.999932145766455,4.99723669597881,4.997750079049803,-4.999919694798657,4.997277875937462,-4.996864565092436,4.999060496595857,-4.999208870169249
99.0,100.0,129.96990966796875,4.990645829370432,-4.992665344672453,4.997063550411967,4.987379100710298,4.9995877764464485,-4.999997173450829,4.999929730347676,-4.997977347195673,4.999646675185867,-4.998105007241608
99.0,100.0,129.95944213867188,4.999989763540487,-4.997876290223184,4.999999924904384,4.987696833449525,4.995355822452305,-4.9972243821255535,4.999972218234654,-4.99916306972472,4.99960592472176,-4.998460717025237
99.0,100.0,129.9554443359375,4.986069018430623,-4.997817860900074,4.999999952722491,4.986512177660897,4.9986213564526745,-4.9977104144182345,4.999989104295674,-4.99865605757028,4.999350013363053,-4.99992661709103
99.0,100.0,129.97140502929688,4.995216057465107,-4.992817322798112,4.999999591088924,4.999898902722621,4.993246221323174,-4.994770977722325,4.998517735688366,-4.996806006640961,4.9987456654506985,-4.999989994768857
99.0,100.0,129.96299743652344,4.998704646433456,-4.9964741615454376,4.997642896053629,4.993434918959057,4.999846708111268,-4.996050208773662,4.999645361327223,-4.997391057597259,4.998568530478821,-4.998761743380838
99.0,100.0,129.93873596191406,4.999915555473307,-4.997822995581094,4.999303078133412,4.9983227930708365,4.999440946597077,-4.994875924554348,4.99870225505159,-4.997465294809804,4.999417074338103,-4.999832899625119
99.0,100.0,129.9691925048828,4.999946065608367,-4.991263570971505,4.99959038324319,4.999894723003044,4.994361372398897,-4.997965452512647,4.9967698152547,-4.9958160625258365,4.9994494725784016,-4.999409197955476
99.0,100.0,129.97764587402344,4.995895422452403,-4.993289755493372,4.99969312567212,4.994870109442239,4.999469179772101,-4.995856409918422,4.9999988392233154,-4.995344529352334,4.996738123430935,-4.999992957740518
99.0,100.0,129.9784698486328,4.998626155319844,-4.99225256183382,4.9999841270217065,4.998549536396784,4.999620256918232,-4.994887772598022,4.9981142179070925,-4.995697053572734,4.999273623760487,-4.99793528370887
99.0,100.0,129.95965576171875,4.997016428234228,-4.976197497912731,4.997126827786573,4.999509181926218,4.999274684143243,-4.998832235310216,4.996203912981553,-4.999998976214957,4.999568016221426,-4.999080180617819
99.0,100.0,129.95205688476562,4.99494472987427,-4.993808419925318,4.999100127119153,4.990092828882611,4.999288822107395,-4.99475242569094,4.999995315972945,-4.99939109164611,4.99898758455665,-4.999989146755988
99.0,101.0,129.9523162841797,4.9946617138783616,-4.997047388671701,4.999082310345647,4.993770361005883,4.993333760680541,-4.997151870654962,4.999035382382109,-4.999084896916874,4.999993710998748,-4.999427146246037
99.0,101.0,129.9514923095703,4.998966059198656,-4.996989230006316,4.9998989513926535,4.994866958872278,4.996490163682561,-4.997054834403341,4.9960761968812175,-4.999854733263053,4.999334252272671,-4.999293660090845
99.0,101.0,129.9672088623047,4.9975081393906144,-4.996594849217721,4.999997730507122,4.999843195211694,4.9939852133001,-4.993227324245173,4.998918699638595,-4.998106238687139,4.99762633007602,-4.999954235793047
99.0,101.0,129.9597625732422,4.99865982707847,-4.996756542027584,4.997650628087238,4.994109602121976,4.995952302837525,-4.995991811335813,4.99984712021786,-4.9979455341313725,4.998304551323927,-4.999789098910831
99.0,101.0,129.94076538085938,4.996214861116054,-4.996969298957762,4.9993295436187255,4.996480523603244,4.996152562959376,-4.999992797058478,4.996711130722096,-4.999998236103417,4.999565144667142,-4.998870018690667
99.0,101.0,129.9319305419922,4.997989324171889,-4.996827735839526,4.999937545673889,4.999813248389314,4.99670176451907,-4.999989665977964,4.996116112661576,-4.999650617061892,4.999197386827078,-4.99939340483167
99.0,101.0,129.93946838378906,4.999835615193407,-4.994991626223867,4.9999844340444906,4.999982368751248,4.995942436911319,-4.999423893645428,4.999437281781859,-4.996774323366864,4.998645594789123,-4.999672519042942
99.0,101.0,129.96115112304688,4.996105112573936,-4.997880047747305,4.9987592752091,4.990087017157114,4.9975867016481175,-4.998632423307139,4.999197718997657,-4.998854492738516,4.998940639419461,-4.998302019473618
99.0,101.0,129.96755981445312,4.999480138450473,-4.99464187868414,4.999736264055267,4.999195602910393,4.9936781348166255,-4.996968893587864,4.997321930395164,-4.997047099654696,4.999276690791171,-4.998996280791673
99.0,101.0,129.94070434570312,4.998322625103695,-4.995514830406025,4.999743097256589,4.998753990249714,4.997437018929667,-4.999998818745151,4.99465778027236,-4.999356228577475,4.998742996191062,-4.999909633575312
99.0,101.0,129.95657348632812,4.994034630064662,-4.99928617353585,4.999693455531001,4.995139407608513,4.985232715110573,-4.998027099701592,4.999663079511564,-4.999699947316165,4.9999461950542425,-4.99969587290042
99.0,101.0,129.9584503173828,4.999201752237024,-4.996894351287063,4.999998581114741,4.994756351262696,4.999954193370436,-4.997287438993723,4.998725642656602,-4.997199200982861,4.998518816686524,-4.998541589803233
99.0,101.0,129.95069885253906,4.996690942361544,-4.995631168476503,4.999999640869712,4.999918373834062,4.99160433944108,-4.993262636576546,4.999044708689016,-4.999865113805905,4.9994918773232735,-4.999887388954134
99.0,101.0,129.9569091796875,4.9964883027997296,-4.999539675459768,4.999783472317443,4.9996363097227805,4.992892885829855,-4.995880021965115,4.998966732526518,-4.997473974314525,4.999102989565183,-4.99934988393119
99.0,101.0,129.94288635253906,4.998198412402699,-4.9989051228594406,4.999904270482315,4.9949211872444845,4.99805836350351,-4.997049152230291,4.997230634470345,-4.999331447826544,4.9990067601428025,-4.999568617287848
99.0,101.0,129.96766662597656,4.989171329546288,-4.975781168374929,4.997288345354846,4.999965465555787,4.997148213659455,-4.998091958984127,4.996122744673779,-4.99999972693998,4.999883289141604,-4.999642744004028
99.0,101.0,129.95700073242188,4.999587529265689,-4.994815454320635,4.999946498084602,4.998383637516202,4.995182715269178,-4.999993942016553,4.996679267660394,-4.998398481926525,4.998841138245114,-4.998478305032776
99.0,101.0,129.96249389648438,4.997844972608021,-4.991848690264618,4.999999953343687,4.999999193925391,4.999544725376439,-4.999998523833791,4.998530528184442,-4.997911451933012,4.994576286918758,-4.99964958690485
99.0,101.0,129.95416259765625,4.996682530781566,-4.995084870248662,4.999999693690008,4.996148508081049,4.99716778915994,-4.998653797089737,4.999640023627782,-4.999311776297165,4.999989286246398,-4.996610120067379
99.0,101.0,129.95166015625,4.999297063598406,-4.994662990974625,4.999946058382846,4.998617334743786,4.994552097971623,-4.999986435645392,4.996920158507585,-4.998372710370925,4.998694159143679,-4.999208098911827
99.0,101.0,129.95375061035156,4.996809108493372,-4.997584509607908,4.998721123318157,4.992296649820785,4.995741482746478,-4.994913307453238,4.998972119265271,-4.999305249863965,4.999818490815464,-4.999546839345817
99.0,101.0,129.9367218017578,4.995300261144285,-4.996104610037127,4.999687364409727,4.997707695427103,4.9976187756274495,-4.99999827915374,4.995372958370352,-4.999748397834281,4.999262701261786,-4.999750014939405
99.0,101.0,129.94979858398438,4.999431598509852,-4.996636374640332,4.999972121390771,4.995259639566005,4.9921559843367,-4.995358654435817,4.999970479034243,-4.9995062759897255,4.99935558640757,-4.999566757928388
99.0,101.0,129.96524047851562,4.999724017339147,-4.997468646324945,4.998958249038412,4.996994891238533,4.992539438318785,-4.995403101803804,4.998312469363782,-4.998156637722524,4.999589845724979,-4.998955547185807
99.0,101.0,129.96295166015625,4.999983824077354,-4.990945293867508,4.999917863704008,4.999785612821029,4.994582712412706,-4.99839215350232,4.99555359273409,-4.996238107788689,4.999972591163802,-4.999731283338596
99.0,101.0,129.95774841308594,4.996393332506311,-4.999522181207907,4.995720939132876,4.998126530310404,4.993649963377953,-4.994916646034044,4.998233812153616,-4.999511094717867,4.999782105380215,-4.999009583497745
99.0,101.0,129.977294921875,4.994234604038051,-4.990731365331934,4.999195529174144,4.991094560213057,4.996275556429064,-4.99738987437228,4.999763184029522,-4.996474439447709,4.999524430805951,-4.99903341624842
99.0,101.0,129.94696044921875,4.9988615150832505,-4.995950536496359,4.999915588988441,4.997312989444692,4.995811864190341,-4.998525091277178,4.995518935976833,-4.999858139763208,4.999429565614809,-4.999206053862756
99.0,101.0,129.9541015625,4.992560189973064,-4.994852829972713,4.999993162146899,4.997465248352376,4.99555993141509,-4.998955406292346,4.997015908102068,-4.999555107809774,4.999564020056183,-4.998516010579424
99.0,101.0,129.93084716796875,4.997836983324298,-4.997519931686307,4.999998710578811,4.999890520078598,4.991973835429543,-4.998340700988972,4.99924519066413,-4.99997193067129,4.998932209635934,-4.9998695094662295
99.0,101.0,129.9318389892578,4.997598073723311,-4.994436694130406,4.999999892353269,4.99908819282026,4.999981579165385,-4.999786075632837,4.998534723503484,-4.998002612439907,4.997807141210567,-4.999998481888722
99.0,101.0,129.96359252929688,4.997216740044342,-4.989491366784027,4.999999815830723,4.999988392360674,4.99375105255278,-4.999985698135243,4.998552368036874,-4.9967490747478855,4.99811416335274,-4.999472929717639
99.0,101.0,129.9556884765625,4.997169722736535,-4.999427261708863,4.995694088740912,4.997457288354035,4.992275345144289,-4.997331502472975,4.997841032073282,-4.999947914286182,4.9999353016789545,-4.998615311683157
99.0,101.0,129.95556640625,4.998752459579635,-4.997550097237751,4.999997934882984,4.994291181066896,4.993428671172858,-4.99573526556078,4.999773572541052,-4.999582332857676,4.998285766496018,-4.999529295583578
99.0,101.0,129.9340057373047,4.9928907923811625,-4.996143979409443,4.997518595444513,4.992068666525181,4.998406374677481,-4.999999926331993,4.998392321421081,-4.9999102834237945,4.999980873865843,-4.999559583452136
99.0,101.0,129.96142578125,4.995213611253903,-4.997331193776813,4.999557005002332,4.994856948421756,4.996290007405403,-4.999980079643691,4.99785054784906,-4.997705240422374,4.998667925356509,-4.9986760960456245
99.0,101.0,129.9476318359375,4.999654038685605,-4.997596921510834,4.999975279319427,4.996752466729255,4.998685104767505,-4.998466271775936,4.998007682876618,-4.997561820902575,4.998205123739332,-4.999348791755623
99.0,101.0,129.94287109375,4.9968801492215,-4.998938271961249,4.999889587082457,4.999683440744823,4.991780988995552,-4.999880228207251,4.999549206567727,-4.998179329191249,4.998215689423976,-4.99963085648814
99.0,101.0,129.94888305664062,4.998206760900421,-4.996778582282201,4.999932145766455,4.99723669597881,4.997750079049803,-4.999919694798657,4.997277875937462,-4.996864565092436,4.999060496595857,-4.999208870169249
99.0,101.0,129.96990966796875,4.990645829370432,-4.992665344672453,4.997063550411967,4.987379100710298,4.9995877764464485,-4.999997173450829,4.999929730347676,-4.997977347195673,4.999646675185867,-4.998105007241608
99.0,101.0,129.95944213867188,4.999989763540487,-4.997876290223184,4.999999924904384,4.987696833449525,4.995355822452305,-4.9972243821255535,4.999972218234654,-4.99916306972472,4.99960592472176,-4.998460717025237
99.0,101.0,129.9554443359375,4.986069018430623,-4.997817860900074,4.999999952722491,4.986512177660897,4.9986213564526745,-4.9977104144182345,4.999989104295674,-4.99865605757028,4.999350013363053,-4.99992661709103
99.0,101.0,129.96646118164062,4.997126317312824,-4.999345012525384,4.999553633697166,4.994509803316974,4.990437613768529,-4.997417241499823,4.998517735688366,-4.997552648943465,4.999451833114915,-4.999521211579382
99.0,101.0,129.95526123046875,4.999120317652938,-4.9964741615454376,4.998530252558604,4.988001855783042,4.996315136791938,-4.9971846111036,4.999778323730632,-4.9998264212762695,4.9984870328189,-4.999633348669756
99.0,101.0,129.93873596191406,4.999915555473307,-4.997822995581094,4.999303078133412,4.9983227930708365,4.999440946597077,-4.994875924554348,4.99870225505159,-4.997465294809804,4.999417074338103,-4.999832899625119
99.0,101.0,129.961669921875,4.994863930551505,-4.9986833366917285,4.999707781646656,4.999502330605579,4.987071931906085,-4.996742714537016,4.999466968755858,-4.998175433870145,4.999610268163847,-4.999453032351967
99.0,101.0,129.95635986328125,4.999942572677881,-4.9988955902526655,4.998124549488384,4.995040655587669,4.999591937964492,-4.992901767024284,4.999259671622982,-4.997205097641928,4.999429438547395,-4.999388977863113
99.0,101.0,129.96385192871094,4.99346709671208,-4.983910077091583,4.999500183030645,4.996591833116738,4.999432700274257,-4.999864266208888,4.997002740356621,-4.999849189764608,4.998449749678306,-4.998422596958283
99.0,101.0,129.93739318847656,4.995206485861784,-4.999871746890616,4.999750422761489,4.995062416837863,4.998721201538755,-4.9951569875339175,4.9981369003015965,-4.999722506265776,4.999568016221426,-4.999692792525839
99.0,101.0,129.95205688476562,4.99494472987427,-4.993808419925318,4.999100127119153,4.990092828882611,4.999288822107395,-4.99475242569094,4.999995315972945,-4.99939109164611,4.99898758455665,-4.999989146755988
99.0,102.0,129.9523162841797,4.9946617138783616,-4.997047388671701,4.999082310345647,4.993770361005883,4.993333760680541,-4.997151870654962,4.999035382382109,-4.999084896916874,4.999993710998748,-4.999427146246037
99.0,102.0,129.9498291015625,4.997337920692372,-4.998614183902121,4.999889686414088,4.999883095403888,4.993187883998274,-4.999900351288859,4.998996556505578,-4.99752474726262,4.99712461690606,-4.999983024368203
99.0,102.0,129.9672088623047,4.9975081393906144,-4.996594849217721,4.999997730507122,4.999843195211694,4.9939852133001,-4.993227324245173,4.998918699638595,-4.998106238687139,4.99762633007602,-4.999954235793047
99.0,102.0,129.9510040283203,4.998924054968014,-4.998489061675394,4.997940907839482,4.99968804485278,4.99403004927749,-4.995991811335813,4.997350149513041,-4.999750375287842,4.999533687035662,-4.998826053203546
99.0,102.0,129.94076538085938,4.996214861116054,-4.996969298957762,4.9993295436187255,4.996480523603244,4.996152562959376,-4.999992797058478,4.996711130722096,-4.999998236103417,4.999565144667142,-4.998870018690667
99.0,102.0,129.9319305419922,4.997989324171889,-4.996827735839526,4.999937545673889,4.999813248389314,4.99670176451907,-4.999989665977964,4.996116112661576,-4.999650617061892,4.999197386827078,-4.99939340483167
99.0,102.0,129.93946838378906,4.999835615193407,-4.994991626223867,4.9999844340444906,4.999982368751248,4.995942436911319,-4.999423893645428,4.999437281781859,-4.996774323366864,4.998645594789123,-4.999672519042942
99.0,102.0,129.96115112304688,4.996105112573936,-4.997880047747305,4.9987592752091,4.990087017157114,4.9975867016481175,-4.998632423307139,4.999197718997657,-4.998854492738516,4.998940639419461,-4.998302019473618
99.0,102.0,129.9559326171875,4.9978900738677225,-4.999373238271164,4.999932489457561,4.998501487073328,4.99574358682546,-4.999992609517986,4.996308589664496,-4.998667261661782,4.998326279076091,-4.998398540437803
99.0,102.0,129.94070434570312,4.998322625103695,-4.995514830406025,4.999743097256589,4.998753990249714,4.997437018929667,-4.999998818745151,4.99465778027236,-4.999356228577475,4.998742996191062,-4.999909633575312
99.0,102.0,129.95657348632812,4.994034630064662,-4.99928617353585,4.999693455531001,4.995139407608513,4.985232715110573,-4.998027099701592,4.999663079511564,-4.999699947316165,4.9999461950542425,-4.99969587290042
99.0,102.0,129.9584503173828,4.999201752237024,-4.996894351287063,4.999998581114741,4.994756351262696,4.999954193370436,-4.997287438993723,4.998725642656602,-4.997199200982861,4.998518816686524,-4.998541589803233
99.0,102.0,129.95069885253906,4.996690942361544,-4.995631168476503,4.999999640869712,4.999918373834062,4.99160433944108,-4.993262636576546,4.999044708689016,-4.999865113805905,4.9994918773232735,-4.999887388954134
99.0,102.0,129.9569091796875,4.9964883027997296,-4.999539675459768,4.999783472317443,4.9996363097227805,4.992892885829855,-4.995880021965115,4.998966732526518,-4.997473974314525,4.999102989565183,-4.99934988393119
99.0,102.0,129.94190979003906,4.996075386315432,-4.999965900823388,4.999994683979719,4.998090256437082,4.9976606850650285,-4.997107673233316,4.997959254129015,-4.999682848591304,4.999758633841596,-4.998003279181535
99.0,102.0,129.94541931152344,4.995869728122049,-4.999659254541148,4.995770750254507,4.99770120727125,4.991326772233753,-4.998787169782669,4.998954670159563,-4.999963718747431,4.999883289141604,-4.99893259953139
99.0,102.0,129.9372100830078,4.999576613657356,-4.997940367233968,4.999926083748696,4.998534173388274,4.997170944774622,-4.99699548621531,4.995391242959933,-4.99983327133889,4.999251223240477,-4.999971232496717
99.0,102.0,129.9379425048828,4.998034472938237,-4.996491366162486,4.998752303463522,4.996492406953935,4.996923856131279,-4.999999251214744,4.99535257080459,-4.999386775407068,4.99950855828483,-4.999950817260852
99.0,102.0,129.95416259765625,4.996682530781566,-4.995084870248662,4.999999693690008,4.996148508081049,4.99716778915994,-4.998653797089737,4.999640023627782,-4.999311776297165,4.999989286246398,-4.996610120067379
99.0,102.0,129.95166015625,4.999297063598406,-4.994662990974625,4.999946058382846,4.998617334743786,4.994552097971623,-4.999986435645392,4.996920158507585,-4.998372710370925,4.998694159143679,-4.999208098911827
99.0,102.0,129.95375061035156,4.996809108493372,-4.997584509607908,4.998721123318157,4.992296649820785,4.995741482746478,-4.994913307453238,4.998972119265271,-4.999305249863965,4.999818490815464,-4.999546839345817
99.0,102.0,129.9367218017578,4.995300261144285,-4.996104610037127,4.999687364409727,4.997707695427103,4.9976187756274495,-4.99999827915374,4.995372958370352,-4.999748397834281,4.999262701261786,-4.999750014939405
99.0,102.0,129.9383087158203,4.999431598509852,-4.997565369353769,4.999074896877383,4.994547352965602,4.998213468014876,-4.997461715057663,4.996398938749195,-4.999832542234628,4.99935558640757,-4.9999193851564
99.0,102.0,129.94699096679688,4.997271945761197,-4.995528052607655,4.999568078439961,4.995257126241014,4.998304321697895,-4.994752978542396,4.998312469363782,-4.999492713132716,4.99879559759461,-4.999992762012095
99.0,102.0,129.96295166015625,4.999983824077354,-4.990945293867508,4.999917863704008,4.999785612821029,4.994582712412706,-4.99839215350232,4.99555359273409,-4.996238107788689,4.999972591163802,-4.999731283338596
99.0,102.0,129.95774841308594,4.996393332506311,-4.999522181207907,4.995720939132876,4.998126530310404,4.993649963377953,-4.994916646034044,4.998233812153616,-4.999511094717867,4.999782105380215,-4.999009583497745
99.0,102.0,129.96487426757812,4.995635423236873,-4.998948474305058,4.995754686684505,4.99946736923803,4.990577093573592,-4.991588116922989,4.999117228529393,-4.999975473644343,4.999997795743924,-4.999348842890187
99.0,102.0,129.94384765625,4.99866257952527,-4.996459078769716,4.998530640406518,4.990801525288893,4.99558771892028,-4.998487328817696,4.999514132792171,-4.99986260950886,4.998810254388857,-4.999803455611081
99.0,102.0,129.9541015625,4.992560189973064,-4.994852829972713,4.999993162146899,4.997465248352376,4.99555993141509,-4.998955406292346,4.997015908102068,-4.999555107809774,4.999564020056183,-4.998516010579424
99.0,102.0,129.93084716796875,4.997836983324298,-4.997519931686307,4.999998710578811,4.999890520078598,4.991973835429543,-4.998340700988972,4.99924519066413,-4.99997193067129,4.998932209635934,-4.9998695094662295
99.0,102.0,129.9318389892578,4.997598073723311,-4.994436694130406,4.999999892353269,4.99908819282026,4.999981579165385,-4.999786075632837,4.998534723503484,-4.998002612439907,4.997807141210567,-4.999998481888722
99.0,102.0,129.96359252929688,4.997216740044342,-4.989491366784027,4.999999815830723,4.999988392360674,4.99375105255278,-4.999985698135243,4.998552368036874,-4.9967490747478855,4.99811416335274,-4.999472929717639
99.0,102.0,129.9556884765625,4.997169722736535,-4.999427261708863,4.995694088740912,4.997457288354035,4.992275345144289,-4.997331502472975,4.997841032073282,-4.999947914286182,4.9999353016789545,-4.998615311683157
99.0,102.0,129.95556640625,4.998752459579635,-4.997550097237751,4.999997934882984,4.994291181066896,4.993428671172858,-4.99573526556078,4.999773572541052,-4.999582332857676,4.998285766496018,-4.999529295583578
99.0,102.0,129.9340057373047,4.9928907923811625,-4.996143979409443,4.997518595444513,4.992068666525181,4.998406374677481,-4.999999926331993,4.998392321421081,-4.9999102834237945,4.999980873865843,-4.999559583452136
99.0,102.0,129.96142578125,4.995213611253903,-4.997331193776813,4.999557005002332,4.994856948421756,4.996290007405403,-4.999980079643691,4.99785054784906,-4.997705240422374,4.998667925356509,-4.9986760960456245
99.0,102.0,129.9476318359375,4.999654038685605,-4.997596921510834,4.999975279319427,4.996752466729255,4.998685104767505,-4.998466271775936,4.998007682876618,-4.997561820902575,4.998205123739332,-4.999348791755623
99.0,102.0,129.94287109375,4.9968801492215,-4.998938271961249,4.999889587082457,4.999683440744823,4.991780988995552,-4.999880228207251,4.999549206567727,-4.998179329191249,4.998215689423976,-4.99963085648814
99.0,102.0,129.94235229492188,4.999661902885644,-4.997463039679672,4.999974270399674,4.9994689100662,4.997726925577014,-4.9974786973472085,4.999977731072052,-4.9980249585462735,4.997673000305815,-4.9991501310018975
99.0,102.0,129.9578399658203,4.988451885366712,-4.973353485635515,4.998145065150698,4.999196390263283,4.998029710418766,-4.99993855586197,4.999929730347676,-4.999942425063445,4.999131985905846,-4.998973174058681
99.0,102.0,129.95944213867188,4.999989763540487,-4.997876290223184,4.999999924904384,4.987696833449525,4.995355822452305,-4.9972243821255535,4.999972218234654,-4.99916306972472,4.99960592472176,-4.998460717025237
99.0,102.0,129.93695068359375,4.995196553924538,-4.996595830895825,4.999999307601919,4.9992553727877045,4.988844746787567,-4.99997118745859,4.999133046043694,-4.999987837886697,4.999214345861611,-4.999888593657692
99.0,102.0,129.96359252929688,4.996384195089254,-4.999345012525384,4.999553633697166,4.986305614098874,4.99918662070592,-4.999565287152008,4.999198588597862,-4.998682889606013,4.999065808576555,-4.9977489990220425
99.0,102.0,129.95526123046875,4.999120317652938,-4.9964741615454376,4.998530252558604,4.988001855783042,4.996315136791938,-4.9971846111036,4.999778323730632,-4.9998264212762695,4.9984870328189,-4.999633348669756
99.0,102.0,129.93873596191406,4.999915555473307,-4.997822995581094,4.999303078133412,4.9983227930708365,4.999440946597077,-4.994875924554348,4.99870225505159,-4.997465294809804,4.999417074338103,-4.999832899625119
99.0,102.0,129.9607391357422,4.999662704862144,-4.9986833366917285,4.999311572152886,4.991296685531975,4.999082580014649,-4.997355168430378,4.999999487286745,-4.997446687707724,4.998258953024572,-4.998573955494187
99.0,102.0,129.95635986328125,4.999942572677881,-4.9988955902526655,4.998124549488384,4.995040655587669,4.999591937964492,-4.992901767024284,4.999259671622982,-4.997205097641928,4.999429438547395,-4.999388977863113
99.0,102.0,129.95948791503906,4.999998077045717,-4.990720582731148,4.999203321599616,4.999956839630653,4.999159874510687,-4.996134416264551,4.995924560701399,-4.99606433213792,4.999961393880042,-4.999665166480462
99.0,102.0,129.93739318847656,4.995206485861784,-4.999871746890616,4.999750422761489,4.995062416837863,4.998721201538755,-4.9951569875339175,4.9981369003015965,-4.999722506265776,4.999568016221426,-4.999692792525839
99.0,102.0,129.94757080078125,4.999026561140721,-4.9957851650531175,4.997746531588231,4.992667680625214,4.99884841230635,-4.997284936241224,4.9993675953929095,-4.997989457425398,4.99898758455665,-4.999788552823048
99.0,103.0,129.9523162841797,4.9946617138783616,-4.997047388671701,4.999082310345647,4.993770361005883,4.993333760680541,-4.997151870654962,4.999035382382109,-4.999084896916874,4.999993710998748,-4.999427146246037
99.0,103.0,129.9498291015625,4.997337920692372,-4.998614183902121,4.999889686414088,4.999883095403888,4.993187883998274,-4.999900351288859,4.998996556505578,-4.99752474726262,4.99712461690606,-4.999983024368203
99.0,103.0,129.9407196044922,4.995374500781436,-4.999993341368272,4.99992017540966,4.998657667761808,4.996235334567226,-4.99505137945688,4.999288325560025,-4.999086204917676,4.999859926120651,-4.998875873035387
99.0,103.0,129.9510040283203,4.998924054968014,-4.998489061675394,4.997940907839482,4.99968804485278,4.99403004927749,-4.995991811335813,4.997350149513041,-4.999750375287842,4.999533687035662,-4.998826053203546
99.0,103.0,129.94076538085938,4.996214861116054,-4.996969298957762,4.9993295436187255,4.996480523603244,4.996152562959376,-4.999992797058478,4.996711130722096,-4.999998236103417,4.999565144667142,-4.998870018690667
99.0,103.0,129.9319305419922,4.997989324171889,-4.996827735839526,4.999937545673889,4.999813248389314,4.99670176451907,-4.999989665977964,4.996116112661576,-4.999650617061892,4.999197386827078,-4.99939340483167
99.0,103.0,129.93946838378906,4.999835615193407,-4.994991626223867,4.9999844340444906,4.999982368751248,4.995942436911319,-4.999423893645428,4.999437281781859,-4.996774323366864,4.998645594789123,-4.999672519042942
99.0,103.0,129.96115112304688,4.996105112573936,-4.997880047747305,4.9987592752091,4.990087017157114,4.9975867016481175,-4.998632423307139,4.999197718997657,-4.998854492738516,4.998940639419461,-4.998302019473618
99.0,103.0,129.9559326171875,4.9978900738677225,-4.999373238271164,4.999932489457561,4.998501487073328,4.99574358682546,-4.999992609517986,4.996308589664496,-4.998667261661782,4.998326279076091,-4.998398540437803
99.0,103.0,129.94070434570312,4.998322625103695,-4.995514830406025,4.999743097256589,4.998753990249714,4.997437018929667,-4.999998818745151,4.99465778027236,-4.999356228577475,4.998742996191062,-4.999909633575312
99.0,103.0,129.94749450683594,4.993951080924044,-4.99928617353585,4.999750952638975,4.997643428123546,4.994546274574077,-4.993144586325329,4.998296433317803,-4.9999553445355165,4.999696658320414,-4.999899819096767
99.0,103.0,129.95736694335938,4.997146722474241,-4.99388245075074,4.999999881690905,4.999934019231691,4.992560533257995,-4.994978677731353,4.998725642656602,-4.998377087845416,4.999047831200004,-4.999899011360466
99.0,103.0,129.95069885253906,4.996690942361544,-4.995631168476503,4.999999640869712,4.999918373834062,4.99160433944108,-4.993262636576546,4.999044708689016,-4.999865113805905,4.9994918773232735,-4.999887388954134
99.0,103.0,129.9569091796875,4.9964883027997296,-4.999539675459768,4.999783472317443,4.9996363097227805,4.992892885829855,-4.995880021965115,4.998966732526518,-4.997473974314525,4.999102989565183,-4.99934988393119
99.0,103.0,129.94190979003906,4.996075386315432,-4.999965900823388,4.999994683979719,4.998090256437082,4.9976606850650285,-4.997107673233316,4.997959254129015,-4.999682848591304,4.999758633841596,-4.998003279181535
99.0,103.0,129.94541931152344,4.995869728122049,-4.999659254541148,4.995770750254507,4.99770120727125,4.991326772233753,-4.998787169782669,4.998954670159563,-4.999963718747431,4.999883289141604,-4.99893259953139
99.0,103.0,129.9372100830078,4.999576613657356,-4.997940367233968,4.999926083748696,4.998534173388274,4.997170944774622,-4.99699548621531,4.995391242959933,-4.99983327133889,4.999251223240477,-4.999971232496717
99.0,103.0,129.9379425048828,4.998034472938237,-4.996491366162486,4.998752303463522,4.996492406953935,4.996923856131279,-4.999999251214744,4.99535257080459,-4.999386775407068,4.99950855828483,-4.999950817260852
99.0,103.0,129.95001220703125,4.9979427297247945,-4.999853996713241,4.995818305005099,4.999877633061665,4.99716778915994,-4.991892831980889,4.999640023627782,-4.999911681500787,4.999662067779871,-4.998501233704278
99.0,103.0,129.92758178710938,4.999297063598406,-4.998491625913097,4.99936067786089,4.998234376047879,4.9975288387005685,-4.999430670185179,4.997837383165717,-4.998093173696455,4.999342792255168,-4.9999114628145485
99.0,103.0,129.95375061035156,4.996809108493372,-4.997584509607908,4.998721123318157,4.992296649820785,4.995741482746478,-4.994913307453238,4.998972119265271,-4.999305249863965,4.999818490815464,-4.999546839345817
99.0,103.0,129.9367218017578,4.995300261144285,-4.996104610037127,4.999687364409727,4.997707695427103,4.9976187756274495,-4.99999827915374,4.995372958370352,-4.999748397834281,4.999262701261786,-4.999750014939405
99.0,103.0,129.9383087158203,4.999431598509852,-4.997565369353769,4.999074896877383,4.994547352965602,4.998213468014876,-4.997461715057663,4.996398938749195,-4.999832542234628,4.99935558640757,-4.9999193851564
99.0,103.0,129.94607543945312,4.99307669698868,-4.9948695077907885,4.99850181892494,4.993800480987749,4.999893519546537,-4.999998826824624,4.995070840828103,-4.999922680272902,4.999389529629796,-4.999538294481372
99.0,103.0,129.95944213867188,4.993268147761764,-4.995799936201549,4.998964750813079,4.997387673172919,4.995582349403785,-4.999255067032327,4.99623163303929,-4.999975094355953,4.999594565782848,-4.997951919284674
99.0,103.0,129.93533325195312,4.995875101460098,-4.9975807663615015,4.999998784735131,4.99994687773568,4.988238640427358,-4.999733989166467,4.998922551820661,-4.999983531313441,4.99929586615729,-4.999997131960198
99.0,103.0,129.95867919921875,4.999576089297928,-4.994940539040609,4.997887443482444,4.993474210185585,4.99982408598803,-4.997504522278396,4.999117228529393,-4.996920394218603,4.998117048899195,-4.999615012250651
99.0,103.0,129.94227600097656,4.999386876627327,-4.996459078769716,4.998884494319441,4.99653566368467,4.998565659342878,-4.997623422360165,4.999514132792171,-4.99986260950886,4.997541180963902,-4.999058791165063
99.0,103.0,129.9464874267578,4.99439422712494,-4.999788666457094,4.9999966684282935,4.998206238842464,4.998676213418613,-4.997863148401338,4.9958886669181055,-4.999625742754015,4.9999848572780605,-4.997976558845696
99.0,103.0,129.9230194091797,4.992761291613137,-4.997519931686307,4.999998710578811,4.999890520078598,4.9990206286091325,-4.998340700988972,4.996369302010118,-4.99997193067129,4.999995849548128,-4.999708940179024
99.0,103.0,129.9318389892578,4.997598073723311,-4.994436694130406,4.999999892353269,4.99908819282026,4.999981579165385,-4.999786075632837,4.998534723503484,-4.998002612439907,4.997807141210567,-4.999998481888722
99.0,103.0,129.94581604003906,4.995712981849088,-4.999636897222706,4.999911211181382,4.995120426798099,4.994614878940328,-4.996625884513746,4.9995174623901,-4.999827756045277,4.997922745366576,-4.999975607015934
99.0,103.0,129.9556884765625,4.997169722736535,-4.999427261708863,4.995694088740912,4.997457288354035,4.992275345144289,-4.997331502472975,4.997841032073282,-4.999947914286182,4.9999353016789545,-4.998615311683157
99.0,103.0,129.9242706298828,4.999967359843218,-4.993821405362319,4.999695955701188,4.998481914862336,4.999591685805723,-4.998277942844014,4.996920437153939,-4.999582332857676,4.999404472048042,-4.999995414744833
99.0,103.0,129.9340057373047,4.9928907923811625,-4.996143979409443,4.997518595444513,4.992068666525181,4.998406374677481,-4.999999926331993,4.998392321421081,-4.9999102834237945,4.999980873865843,-4.999559583452136
99.0,103.0,129.96142578125,4.995213611253903,-4.997331193776813,4.999557005002332,4.994856948421756,4.996290007405403,-4.999980079643691,4.99785054784906,-4.997705240422374,4.998667925356509,-4.9986760960456245
99.0,103.0,129.9476318359375,4.999654038685605,-4.997596921510834,4.999975279319427,4.996752466729255,4.998685104767505,-4.998466271775936,4.998007682876618,-4.997561820902575,4.998205123739332,-4.999348791755623
99.0,103.0,129.94287109375,4.9968801492215,-4.998938271961249,4.999889587082457,4.999683440744823,4.991780988995552,-4.999880228207251,4.999549206567727,-4.998179329191249,4.998215689423976,-4.99963085648814
99.0,103.0,129.94235229492188,4.999661902885644,-4.997463039679672,4.999974270399674,4.9994689100662,4.997726925577014,-4.9974786973472085,4.999977731072052,-4.9980249585462735,4.997673000305815,-4.9991501310018975
99.0,103.0,129.91552734375,4.999294877668014,-4.996280181102765,4.998847932528024,4.992969459905834,4.999843306579637,-4.999518102604345,4.999929730347676,-4.999942425063445,4.999586663958549,-4.999679452536139
99.0,103.0,129.95944213867188,4.999989763540487,-4.997876290223184,4.999999924904384,4.987696833449525,4.995355822452305,-4.9972243821255535,4.999972218234654,-4.99916306972472,4.99960592472176,-4.998460717025237
99.0,103.0,129.93695068359375,4.995196553924538,-4.996595830895825,4.999999307601919,4.9992553727877045,4.988844746787567,-4.99997118745859,4.999133046043694,-4.999987837886697,4.999214345861611,-4.999888593657692
99.0,103.0,129.92819213867188,4.99942656422686,-4.999345012525384,4.999898280305287,4.99982174014201,4.995620237765992,-4.999565287152008,4.999198588597862,-4.998535149003904,4.997924810598179,-4.9999804072817255
99.0,103.0,129.95526123046875,4.999120317652938,-4.9964741615454376,4.998530252558604,4.988001855783042,4.996315136791938,-4.9971846111036,4.999778323730632,-4.9998264212762695,4.9984870328189,-4.999633348669756
99.0,103.0,129.93873596191406,4.999915555473307,-4.997822995581094,4.999303078133412,4.9983227930708365,4.999440946597077,-4.994875924554348,4.99870225505159,-4.997465294809804,4.999417074338103,-4.999832899625119
99.0,103.0,129.9454803466797,4.996668141146156,-4.99860765957566,4.999960672474886,4.996632215126144,4.996870868718855,-4.999998257634153,4.996031609264052,-4.9999973331522,4.99923649883703,-4.998373627931168
99.0,103.0,129.95635986328125,4.999942572677881,-4.9988955902526655,4.998124549488384,4.995040655587669,4.999591937964492,-4.992901767024284,4.999259671622982,-4.997205097641928,4.999429438547395,-4.999388977863113
99.0,103.0,129.94784545898438,4.999141761792702,-4.990720582731148,4.996310203455391,4.999767599051987,4.993716954698149,-4.995903724799076,4.997955103867921,-4.999641193301805,4.999915860079296,-4.999984768383561
99.0,103.0,129.93739318847656,4.995206485861784,-4.999871746890616,4.999750422761489,4.995062416837863,4.998721201538755,-4.9951569875339175,4.9981369003015965,-4.999722506265776,4.999568016221426,-4.999692792525839
99.0,103.0,129.94174194335938,4.996562832468674,-4.9957851650531175,4.9999999901000685,4.999158810883937,4.993804585896613,-4.999483413830063,4.9987674037604375,-4.998425339728732,4.998309919027958,-4.999999479466645
99.0,104.0,129.9264373779297,4.9994431091491975,-4.999637799202767,4.999898015366544,4.998531234499168,4.997707701248332,-4.999822207378472,4.999118822089759,-4.998418729869034,4.997860489548685,-4.999876893996262
99.0,104.0,129.9498291015625,4.997337920692372,-4.998614183902121,4.999889686414088,4.999883095403888,4.993187883998274,-4.999900351288859,4.998996556505578,-4.99752474726262,4.99712461690606,-4.999983024368203
99.0,104.0,129.93740844726562,4.995374500781436,-4.996587006810613,4.995621386115241,4.998657667761808,4.9922922726041,-4.999372304588018,4.998435261672025,-4.999913460880617,4.9997062082448265,-4.999928667313039
99.0,104.0,129.94786071777344,4.995680543652405,-4.998302175604199,4.999183471347827,4.99968804485278,4.991118314865953,-4.998964825342979,4.999537765061281,-4.997973071631043,4.998924668820885,-4.999543650960437
99.0,104.0,129.9339599609375,4.993619685818826,-4.999950623230875,4.999655023720373,4.995146116666153,4.996304181665176,-4.999992797058478,4.996711130722096,-4.999447014149903,4.999765931610375,-4.9997926689904855
99.0,104.0,129.9319305419922,4.997989324171889,-4.996827735839526,4.999937545673889,4.999813248389314,4.99670176451907,-4.999989665977964,4.996116112661576,-4.999650617061892,4.999197386827078,-4.99939340483167
99.0,104.0,129.93946838378906,4.999835615193407,-4.994991626223867,4.9999844340444906,4.999982368751248,4.995942436911319,-4.999423893645428,4.999437281781859,-4.996774323366864,4.998645594789123,-4.999672519042942
99.0,104.0,129.96115112304688,4.996105112573936,-4.997880047747305,4.9987592752091,4.990087017157114,4.9975867016481175,-4.998632423307139,4.999197718997657,-4.998854492738516,4.998940639419461,-4.998302019473618
99.0,104.0,129.9559326171875,4.9978900738677225,-4.999373238271164,4.999932489457561,4.998501487073328,4.99574358682546,-4.999992609517986,4.996308589664496,-4.998667261661782,4.998326279076091,-4.998398540437803
99.0,104.0,129.94070434570312,4.998322625103695,-4.995514830406025,4.999743097256589,4.998753990249714,4.997437018929667,-4.999998818745151,4.99465778027236,-4.999356228577475,4.998742996191062,-4.999909633575312
99.0,104.0,129.94749450683594,4.993951080924044,-4.99928617353585,4.999750952638975,4.997643428123546,4.994546274574077,-4.993144586325329,4.998296433317803,-4.9999553445355165,4.999696658320414,-4.999899819096767
99.0,104.0,129.95736694335938,4.997146722474241,-4.99388245075074,4.999999881690905,4.999934019231691,4.992560533257995,-4.994978677731353,4.998725642656602,-4.998377087845416,4.999047831200004,-4.999899011360466
99.0,104.0,129.9294891357422,4.996690942361544,-4.996738287006051,4.999919264778181,4.998030146499897,4.997340588137449,-4.999998102029792,4.996323911439329,-4.999690524839185,4.999404944117712,-4.999703735517208
99.0,104.0,129.9357452392578,4.998454055883303,-4.999256103979081,4.999389865358512,4.9996363097227805,4.995488589119283,-4.999669257817255,4.996433063733268,-4.998966607418045,4.999447407343616,-4.999303226908125
99.0,104.0,129.94154357910156,4.999761191431853,-4.9962340331735176,4.999493119527672,4.999270796811677,4.997093173676683,-4.998228703628434,4.99607985920522,-4.999903322960432,4.998237805611715,-4.999654231816329
99.0,104.0,129.94541931152344,4.995869728122049,-4.999659254541148,4.995770750254507,4.99770120727125,4.991326772233753,-4.998787169782669,4.998954670159563,-4.999963718747431,4.999883289141604,-4.99893259953139
99.0,104.0,129.92417907714844,4.999061078460852,-4.997940367233968,4.998966017984602,4.999055117118681,4.996750070884238,-4.999721158215612,4.996145937770989,-4.99983327133889,4.999497393001137,-4.999971232496717
99.0,104.0,129.9379425048828,4.998034472938237,-4.996491366162486,4.998752303463522,4.996492406953935,4.996923856131279,-4.999999251214744,4.99535257080459,-4.999386775407068,4.99950855828483,-4.999950817260852
99.0,104.0,129.93650817871094,4.998287391464201,-4.995383945147934,4.998881080166809,4.999877633061665,4.996090833380586,-4.991892831980889,4.999964881339012,-4.999954660077473,4.999934819307375,-4.9997948262717
99.0,104.0,129.92758178710938,4.999297063598406,-4.998491625913097,4.99936067786089,4.998234376047879,4.9975288387005685,-4.999430670185179,4.997837383165717,-4.998093173696455,4.999342792255168,-4.9999114628145485
99.0,104.0,129.92453002929688,4.996809108493372,-4.9948707899096405,4.999211703935644,4.993073646585299,4.999981169460852,-4.9999992025107645,4.998972119265271,-4.999094079477208,4.999818490815464,-4.999688126382299
99.0,104.0,129.9367218017578,4.995300261144285,-4.996104610037127,4.999687364409727,4.997707695427103,4.9976187756274495,-4.99999827915374,4.995372958370352,-4.999748397834281,4.999262701261786,-4.999750014939405
99.0,104.0,129.9383087158203,4.999431598509852,-4.997565369353769,4.999074896877383,4.994547352965602,4.998213468014876,-4.997461715057663,4.996398938749195,-4.999832542234628,4.99935558640757,-4.9999193851564
99.0,104.0,129.94607543945312,4.99307669698868,-4.9948695077907885,4.99850181892494,4.993800480987749,4.999893519546537,-4.999998826824624,4.995070840828103,-4.999922680272902,4.999389529629796,-4.999538294481372
99.0,104.0,129.94305419921875,4.995528979200728,-4.999353134957119,4.999899386630786,4.999607420148928,4.995582349403785,-4.993058730236445,4.998637614105638,-4.999975094355953,4.999009674154589,-4.999833493713878
99.0,104.0,129.93533325195312,4.995875101460098,-4.9975807663615015,4.999998784735131,4.99994687773568,4.988238640427358,-4.999733989166467,4.998922551820661,-4.999983531313441,4.99929586615729,-4.999997131960198
99.0,104.0,129.95867919921875,4.999576089297928,-4.994940539040609,4.997887443482444,4.993474210185585,4.99982408598803,-4.997504522278396,4.999117228529393,-4.996920394218603,4.998117048899195,-4.999615012250651
99.0,104.0,129.94227600097656,4.999386876627327,-4.996459078769716,4.998884494319441,4.99653566368467,4.998565659342878,-4.997623422360165,4.999514132792171,-4.99986260950886,4.997541180963902,-4.999058791165063
99.0,104.0,129.9464874267578,4.99439422712494,-4.999788666457094,4.9999966684282935,4.998206238842464,4.998676213418613,-4.997863148401338,4.9958886669181055,-4.999625742754015,4.9999848572780605,-4.997976558845696
99.0,104.0,129.9230194091797,4.992761291613137,-4.997519931686307,4.999998710578811,4.999890520078598,4.9990206286091325,-4.998340700988972,4.996369302010118,-4.99997193067129,4.999995849548128,-4.999708940179024
99.0,104.0,129.9318389892578,4.997598073723311,-4.994436694130406,4.999999892353269,4.99908819282026,4.999981579165385,-4.999786075632837,4.998534723503484,-4.998002612439907,4.997807141210567,-4.999998481888722
99.0,104.0,129.94581604003906,4.995712981849088,-4.999636897222706,4.999911211181382,4.995120426798099,4.994614878940328,-4.996625884513746,4.9995174623901,-4.999827756045277,4.997922745366576,-4.999975607015934
99.0,104.0,129.9556884765625,4.997169722736535,-4.999427261708863,4.995694088740912,4.997457288354035,4.992275345144289,-4.997331502472975,4.997841032073282,-4.999947914286182,4.9999353016789545,-4.998615311683157
99.0,104.0,129.9242706298828,4.999967359843218,-4.993821405362319,4.999695955701188,4.998481914862336,4.999591685805723,-4.998277942844014,4.996920437153939,-4.999582332857676,4.999404472048042,-4.999995414744833
99.0,104.0,129.92906188964844,4.995243029058575,-4.999581307987734,4.99997581715695,4.999620647267111,4.996669014940811,-4.999999926331993,4.998392321421081,-4.999812341387497,4.999791471991925,-4.998025585719558
99.0,104.0,129.96005249023438,4.998156520325884,-4.999673458181277,4.994959274174761,4.991491206629711,4.99415264691126,-4.998434469159099,4.998367372610296,-4.999995098957384,4.999654902488402,-4.998482480337801
99.0,104.0,129.94593811035156,4.999989982851173,-4.995296133187912,4.9995752503596815,4.999998912472235,4.994164110726006,-4.998103587659765,4.998513497039551,-4.997222264641527,4.998942118597223,-4.999934535907906
99.0,104.0,129.94039916992188,4.999995830594543,-4.993940648348913,4.999986933108816,4.999398891370527,4.999692940215757,-4.998259251394569,4.996785505047098,-4.998662355330596,4.998215689423976,-4.99963085648814
99.0,104.0,129.94235229492188,4.999661902885644,-4.997463039679672,4.999974270399674,4.9994689100662,4.997726925577014,-4.9974786973472085,4.999977731072052,-4.9980249585462735,4.997673000305815,-4.9991501310018975
99.0,104.0,129.91552734375,4.999294877668014,-4.996280181102765,4.998847932528024,4.992969459905834,4.999843306579637,-4.999518102604345,4.999929730347676,-4.999942425063445,4.999586663958549,-4.999679452536139
99.0,104.0,129.95944213867188,4.999989763540487,-4.997876290223184,4.999999924904384,4.987696833449525,4.995355822452305,-4.9972243821255535,4.999972218234654,-4.99916306972472,4.99960592472176,-4.998460717025237
99.0,104.0,129.93695068359375,4.995196553924538,-4.996595830895825,4.999999307601919,4.9992553727877045,4.988844746787567,-4.99997118745859,4.999133046043694,-4.999987837886697,4.999214345861611,-4.999888593657692
99.0,104.0,129.92819213867188,4.99942656422686,-4.999345012525384,4.999898280305287,4.99982174014201,4.995620237765992,-4.999565287152008,4.999198588597862,-4.998535149003904,4.997924810598179,-4.9999804072817255
99.0,104.0,129.9456024169922,4.999120317652938,-4.998317186610066,4.999978551506368,4.996866458377057,4.997352658802003,-4.995922962336558,4.998297581798713,-4.9998264212762695,4.998123932214143,-4.999342419702463
99.0,104.0,129.9371337890625,4.997930717776034,-4.997822995581094,4.999999925857203,4.999253062843543,4.997795792183473,-4.9997297912072245,4.999953761426299,-4.997093158983823,4.997132413588984,-4.9999997266803
99.0,104.0,129.9454803466797,4.996668141146156,-4.99860765957566,4.999960672474886,4.996632215126144,4.996870868718855,-4.999998257634153,4.996031609264052,-4.9999973331522,4.99923649883703,-4.998373627931168
99.0,104.0,129.95468139648438,4.994249531510764,-4.9999420080326455,4.999973480805016,4.993476889073728,4.999591937964492,-4.998670420643446,4.998895475817188,-4.997205097641928,4.9977473876605,-4.999418232169487
99.0,104.0,129.9449920654297,4.998592864092768,-4.997401375981569,4.996310203455391,4.999015394550423,4.996535478642688,-4.998738214415033,4.997826403492326,-4.998799536970967,4.998404436599795,-4.999555933199668
99.0,104.0,129.9235076904297,4.995206485861784,-4.999996203037003,4.999971028998618,4.999860343325831,4.999078768531522,-4.995645794623885,4.997955285374029,-4.999529721794884,4.999860995395341,-4.999692792525839
99.0,104.0,129.94174194335938,4.996562832468674,-4.9957851650531175,4.9999999901000685,4.999158810883937,4.993804585896613,-4.999483413830063,4.9987674037604375,-4.998425339728732,4.998309919027958,-4.999999479466645
99.0,105.0,129.9264373779297,4.9994431091491975,-4.999637799202767,4.999898015366544,4.998531234499168,4.997707701248332,-4.999822207378472,4.999118822089759,-4.998418729869034,4.997860489548685,-4.999876893996262
99.0,105.0,129.93812561035156,4.998891139587615,-4.997722708143087,4.999820423842195,4.999883095403888,4.9986160918301685,-4.999863635034282,4.9968484179270085,-4.998829269655819,4.99712461690606,-4.999841507143056
99.0,105.0,129.93740844726562,4.995374500781436,-4.996587006810613,4.995621386115241,4.998657667761808,4.9922922726041,-4.999372304588018,4.998435261672025,-4.999913460880617,4.9997062082448265,-4.999928667313039
99.0,105.0,129.93133544921875,4.99854873308337,-4.999996883317617,4.999984697514738,4.999987674684661,4.997678595596595,-4.99476073302579,4.998459794562588,-4.999520043138649,4.998924668820885,-4.999750761193318
99.0,105.0,129.9339599609375,4.993619685818826,-4.999950623230875,4.999655023720373,4.995146116666153,4.996304181665176,-4.999992797058478,4.996711130722096,-4.999447014149903,4.999765931610375,-4.9997926689904855
99.0,105.0,129.9278106689453,4.997989324171889,-4.999243329101184,4.999988399366204,4.99886609974018,4.995580635976022,-4.999989665977964,4.99512086253568,-4.999956491433103,4.999826222119588,-4.999792563887126
99.0,105.0,129.93276977539062,4.999549367286275,-4.9940103878186,4.998873676054848,4.991525609006327,4.999987566093197,-4.999999970127457,4.998023371980967,-4.999032678326764,4.999647954859042,-4.999697909412117
99.0,105.0,129.9169464111328,4.996105112573936,-4.9991176780489,4.999891424329415,4.999008251866419,4.999741857743508,-4.999004242251679,4.996031245073201,-4.999979108805798,4.999996565705131,-4.999697403632345
99.0,105.0,129.9360809326172,4.996214229929516,-4.993520092495,4.999999914476637,4.999229742785095,4.999998102521757,-4.99980176912103,4.997400567455724,-4.998001030597576,4.998300228907336,-4.999936205121295
99.0,105.0,129.94070434570312,4.998322625103695,-4.995514830406025,4.999743097256589,4.998753990249714,4.997437018929667,-4.999998818745151,4.99465778027236,-4.999356228577475,4.998742996191062,-4.999909633575312
99.0,105.0,129.93020629882812,4.99790601530203,-4.998023883475565,4.9999801084502975,4.99976196494272,4.997103046539525,-4.998533980750359,4.999681940586298,-4.998085419448564,4.998550342902509,-4.9996193013994645
99.0,105.0,129.94686889648438,4.997123690538,-4.996813218296501,4.999677726738422,4.998571185108501,4.997420843301622,-4.993061932962588,4.999768108377225,-4.998377087845416,4.999035953757134,-4.999781222409785
99.0,105.0,129.9294891357422,4.996690942361544,-4.996738287006051,4.999919264778181,4.998030146499897,4.997340588137449,-4.999998102029792,4.996323911439329,-4.999690524839185,4.999404944117712,-4.999703735517208
99.0,105.0,129.9357452392578,4.998454055883303,-4.999256103979081,4.999389865358512,4.9996363097227805,4.995488589119283,-4.999669257817255,4.996433063733268,-4.998966607418045,4.999447407343616,-4.999303226908125
99.0,105.0,129.94154357910156,4.999761191431853,-4.9962340331735176,4.999493119527672,4.999270796811677,4.997093173676683,-4.998228703628434,4.99607985920522,-4.999903322960432,4.998237805611715,-4.999654231816329
99.0,105.0,129.94532775878906,4.999913655281916,-4.994195480631891,4.999314499978732,4.99972975958789,4.996303435626956,-4.997284192699324,4.997182312892747,-4.999180824450304,4.998545725372281,-4.9996974433149735
99.0,105.0,129.92417907714844,4.999061078460852,-4.997940367233968,4.998966017984602,4.999055117118681,4.996750070884238,-4.999721158215612,4.996145937770989,-4.99983327133889,4.999497393001137,-4.999971232496717
99.0,105.0,129.9379425048828,4.998034472938237,-4.996491366162486,4.998752303463522,4.996492406953935,4.996923856131279,-4.999999251214744,4.99535257080459,-4.999386775407068,4.99950855828483,-4.999950817260852
99.0,105.0,129.93650817871094,4.998287391464201,-4.995383945147934,4.998881080166809,4.999877633061665,4.996090833380586,-4.991892831980889,4.999964881339012,-4.999954660077473,4.999934819307375,-4.9997948262717
99.0,105.0,129.92758178710938,4.999297063598406,-4.998491625913097,4.99936067786089,4.998234376047879,4.9975288387005685,-4.999430670185179,4.997837383165717,-4.998093173696455,4.999342792255168,-4.9999114628145485
99.0,105.0,129.92453002929688,4.996809108493372,-4.9948707899096405,4.999211703935644,4.993073646585299,4.999981169460852,-4.9999992025107645,4.998972119265271,-4.999094079477208,4.999818490815464,-4.999688126382299
99.0,105.0,129.9367218017578,4.995300261144285,-4.996104610037127,4.999687364409727,4.997707695427103,4.9976187756274495,-4.99999827915374,4.995372958370352,-4.999748397834281,4.999262701261786,-4.999750014939405
99.0,105.0,129.9259490966797,4.9998835521558185,-4.999766953165994,4.999055098696036,4.999540557093567,4.998213468014876,-4.999556185868857,4.994876410004988,-4.999769535309309,4.9993118512652135,-4.999778782759631
99.0,105.0,129.94607543945312,4.99307669698868,-4.9948695077907885,4.99850181892494,4.993800480987749,4.999893519546537,-4.999998826824624,4.995070840828103,-4.999922680272902,4.999389529629796,-4.999538294481372
99.0,105.0,129.94305419921875,4.995528979200728,-4.999353134957119,4.999899386630786,4.999607420148928,4.995582349403785,-4.993058730236445,4.998637614105638,-4.999975094355953,4.999009674154589,-4.999833493713878
99.0,105.0,129.93533325195312,4.995875101460098,-4.9975807663615015,4.999998784735131,4.99994687773568,4.988238640427358,-4.999733989166467,4.998922551820661,-4.999983531313441,4.99929586615729,-4.999997131960198
99.0,105.0,129.93504333496094,4.999723137250505,-4.994646972211883,4.999986090666957,4.999668671648188,4.998892623805125,-4.999636879003759,4.994739982654485,-4.999995258911668,4.998842897128624,-4.999437007595521
99.0,105.0,129.94227600097656,4.999386876627327,-4.996459078769716,4.998884494319441,4.99653566368467,4.998565659342878,-4.997623422360165,4.999514132792171,-4.99986260950886,4.997541180963902,-4.999058791165063
99.0,105.0,129.9464874267578,4.99439422712494,-4.999788666457094,4.9999966684282935,4.998206238842464,4.998676213418613,-4.997863148401338,4.9958886669181055,-4.999625742754015,4.9999848572780605,-4.997976558845696
99.0,105.0,129.9230194091797,4.992761291613137,-4.997519931686307,4.999998710578811,4.999890520078598,4.9990206286091325,-4.998340700988972,4.996369302010118,-4.99997193067129,4.999995849548128,-4.999708940179024
99.0,105.0,129.9318389892578,4.997598073723311,-4.994436694130406,4.999999892353269,4.99908819282026,4.999981579165385,-4.999786075632837,4.998534723503484,-4.998002612439907,4.997807141210567,-4.999998481888722
99.0,105.0,129.94581604003906,4.995712981849088,-4.999636897222706,4.999911211181382,4.995120426798099,4.994614878940328,-4.996625884513746,4.9995174623901,-4.999827756045277,4.997922745366576,-4.999975607015934
99.0,105.0,129.9556884765625,4.997169722736535,-4.999427261708863,4.995694088740912,4.997457288354035,4.992275345144289,-4.997331502472975,4.997841032073282,-4.999947914286182,4.9999353016789545,-4.998615311683157
99.0,105.0,129.9156494140625,4.999960367418722,-4.995857868096511,4.997791659219212,4.998481914862336,4.999968265865917,-4.998528656828511,4.999936062838729,-4.999189952308381,4.999490228894167,-4.999487218928142
99.0,105.0,129.92906188964844,4.995243029058575,-4.999581307987734,4.99997581715695,4.999620647267111,4.996669014940811,-4.999999926331993,4.998392321421081,-4.999812341387497,4.999791471991925,-4.998025585719558
99.0,105.0,129.9345703125,4.998185277127469,-4.999566782253201,4.997171424741876,4.998019113518653,4.993684185419927,-4.999223784662769,4.997787652249987,-4.9990485979168096,4.999750368274293,-4.999876555526707
99.0,105.0,129.9436798095703,4.997610069059904,-4.995296133187912,4.9995752503596815,4.999998912472235,4.994164110726006,-4.999999653094072,4.995838136350875,-4.999263732695123,4.998942118597223,-4.999735612469507
99.0,105.0,129.94039916992188,4.999995830594543,-4.993940648348913,4.999986933108816,4.999398891370527,4.999692940215757,-4.998259251394569,4.996785505047098,-4.998662355330596,4.998215689423976,-4.99963085648814
99.0,105.0,129.94235229492188,4.999661902885644,-4.997463039679672,4.999974270399674,4.9994689100662,4.997726925577014,-4.9974786973472085,4.999977731072052,-4.9980249585462735,4.997673000305815,-4.9991501310018975
99.0,105.0,129.91552734375,4.999294877668014,-4.996280181102765,4.998847932528024,4.992969459905834,4.999843306579637,-4.999518102604345,4.999929730347676,-4.999942425063445,4.999586663958549,-4.999679452536139
99.0,105.0,129.9244842529297,4.99999971327836,-4.9933100487020265,4.999685193317541,4.999894447635397,4.998878188334697,-4.999915176231571,4.996659984211678,-4.998430828466347,4.99960592472176,-4.999999123420968
99.0,105.0,129.93695068359375,4.995196553924538,-4.996595830895825,4.999999307601919,4.9992553727877045,4.988844746787567,-4.99997118745859,4.999133046043694,-4.999987837886697,4.999214345861611,-4.999888593657692
99.0,105.0,129.92819213867188,4.99942656422686,-4.999345012525384,4.999898280305287,4.99982174014201,4.995620237765992,-4.999565287152008,4.999198588597862,-4.998535149003904,4.997924810598179,-4.9999804072817255
99.0,105.0,129.9456024169922,4.999120317652938,-4.998317186610066,4.999978551506368,4.996866458377057,4.997352658802003,-4.995922962336558,4.998297581798713,-4.9998264212762695,4.998123932214143,-4.999342419702463
99.0,105.0,129.9371337890625,4.997930717776034,-4.997822995581094,4.999999925857203,4.999253062843543,4.997795792183473,-4.9997297912072245,4.999953761426299,-4.997093158983823,4.997132413588984,-4.9999997266803
99.0,105.0,129.93345642089844,4.999357333418447,-4.99860765957566,4.997872367390617,4.998282485390307,4.999076059703636,-4.999792638473017,4.996900018798579,-4.999455670781603,4.998633418394776,-4.999147650573601
99.0,105.0,129.9384765625,4.999980327298196,-4.998780378838955,4.999973480805016,4.999597430740524,4.998199461223634,-4.998834705697028,4.998208066955244,-4.99811038103261,4.997513737776472,-4.999581803184011
99.0,105.0,129.9449920654297,4.998592864092768,-4.997401375981569,4.996310203455391,4.999015394550423,4.996535478642688,-4.998738214415033,4.997826403492326,-4.998799536970967,4.998404436599795,-4.999555933199668
99.0,105.0,129.9235076904297,4.995206485861784,-4.999996203037003,4.999971028998618,4.999860343325831,4.999078768531522,-4.995645794623885,4.997955285374029,-4.999529721794884,4.999860995395341,-4.999692792525839
99.0,105.0,129.94174194335938,4.996562832468674,-4.9957851650531175,4.9999999901000685,4.999158810883937,4.993804585896613,-4.999483413830063,4.9987674037604375,-4.998425339728732,4.998309919027958,-4.999999479466645
99.0,106.0,129.9264373779297,4.9994431091491975,-4.999637799202767,4.999898015366544,4.998531234499168,4.997707701248332,-4.999822207378472,4.999118822089759,-4.998418729869034,4.997860489548685,-4.999876893996262
99.0,106.0,129.93812561035156,4.998891139587615,-4.997722708143087,4.999820423842195,4.999883095403888,4.9986160918301685,-4.999863635034282,4.9968484179270085,-4.998829269655819,4.99712461690606,-4.999841507143056
99.0,106.0,129.9273681640625,4.99917118740027,-4.999141389916524,4.999690563071361,4.9981039512870336,4.998240583675598,-4.999527922509121,4.999235092255369,-4.997515240744439,4.998906429721934,-4.9996378066580105
99.0,106.0,129.91195678710938,4.997322411254679,-4.999996883317617,4.999318561196184,4.994355001667672,4.999894276837331,-4.999860156011199,4.999368802748471,-4.999317327443119,4.999812908173618,-4.999698334000232
99.0,106.0,129.9339599609375,4.993619685818826,-4.999950623230875,4.999655023720373,4.995146116666153,4.996304181665176,-4.999992797058478,4.996711130722096,-4.999447014149903,4.999765931610375,-4.9997926689904855
99.0,106.0,129.9278106689453,4.997989324171889,-4.999243329101184,4.999988399366204,4.99886609974018,4.995580635976022,-4.999989665977964,4.99512086253568,-4.999956491433103,4.999826222119588,-4.999792563887126
99.0,106.0,129.93276977539062,4.999549367286275,-4.9940103878186,4.998873676054848,4.991525609006327,4.999987566093197,-4.999999970127457,4.998023371980967,-4.999032678326764,4.999647954859042,-4.999697909412117
99.0,106.0,129.9169464111328,4.996105112573936,-4.9991176780489,4.999891424329415,4.999008251866419,4.999741857743508,-4.999004242251679,4.996031245073201,-4.999979108805798,4.999996565705131,-4.999697403632345
99.0,106.0,129.9350128173828,4.997637326212171,-4.999814971954259,4.9999963064269455,4.999023964386696,4.99546098011735,-4.999492185848421,4.993650425439645,-4.999999598883656,4.999915259564421,-4.999797202512148
99.0,106.0,129.93002319335938,4.999573523920397,-4.994579657053494,4.997749190310316,4.998893172833828,4.999638647114091,-4.994614493711149,4.999956465128368,-4.999250646677673,4.999781616182151,-4.999399015815633
99.0,106.0,129.92552185058594,4.993821220081066,-4.998383093238825,4.999999753223486,4.999977487972447,4.993496242229648,-4.998326881305955,4.998400404617913,-4.999981588668839,4.999908257664036,-4.999884089767184
99.0,106.0,129.94082641601562,4.998572547780526,-4.99948580386631,4.997342247095837,4.999549174606809,4.994870201296646,-4.9981589603342,4.997376420347992,-4.999137962218866,4.999859831108136,-4.998968500454312
99.0,106.0,129.9294891357422,4.996690942361544,-4.996738287006051,4.999919264778181,4.998030146499897,4.997340588137449,-4.999998102029792,4.996323911439329,-4.999690524839185,4.999404944117712,-4.999703735517208
99.0,106.0,129.9357452392578,4.998454055883303,-4.999256103979081,4.999389865358512,4.9996363097227805,4.995488589119283,-4.999669257817255,4.996433063733268,-4.998966607418045,4.999447407343616,-4.999303226908125
99.0,106.0,129.94154357910156,4.999761191431853,-4.9962340331735176,4.999493119527672,4.999270796811677,4.997093173676683,-4.998228703628434,4.99607985920522,-4.999903322960432,4.998237805611715,-4.999654231816329
99.0,106.0,129.936279296875,4.999913655281916,-4.997631594336257,4.998898302987241,4.999514342043426,4.998605945121381,-4.9996467794014094,4.993745126200496,-4.998993183885762,4.999466880547448,-4.999779778490016
99.0,106.0,129.92417907714844,4.999061078460852,-4.997940367233968,4.998966017984602,4.999055117118681,4.996750070884238,-4.999721158215612,4.996145937770989,-4.99983327133889,4.999497393001137,-4.999971232496717
99.0,106.0,129.9379425048828,4.998034472938237,-4.996491366162486,4.998752303463522,4.996492406953935,4.996923856131279,-4.999999251214744,4.99535257080459,-4.999386775407068,4.99950855828483,-4.999950817260852
99.0,106.0,129.93038940429688,4.999904416529091,-4.999217391413549,4.999816765175879,4.999941332682267,4.997058078076085,-4.998250176266079,4.999930533258172,-4.997257807379651,4.998590388399199,-4.999700025337036
99.0,106.0,129.9258575439453,4.996272205008708,-4.99983917018272,4.999982135650009,4.999564086254073,4.998854808704348,-4.9987823501223785,4.994457764085212,-4.999998305366497,4.999828513908216,-4.999737840306102
99.0,106.0,129.92453002929688,4.996809108493372,-4.9948707899096405,4.999211703935644,4.993073646585299,4.999981169460852,-4.9999992025107645,4.998972119265271,-4.999094079477208,4.999818490815464,-4.999688126382299
99.0,106.0,129.9367218017578,4.995300261144285,-4.996104610037127,4.999687364409727,4.997707695427103,4.9976187756274495,-4.99999827915374,4.995372958370352,-4.999748397834281,4.999262701261786,-4.999750014939405
99.0,106.0,129.9259490966797,4.9998835521558185,-4.999766953165994,4.999055098696036,4.999540557093567,4.998213468014876,-4.999556185868857,4.994876410004988,-4.999769535309309,4.9993118512652135,-4.999778782759631
99.0,106.0,129.91969299316406,4.998738292766877,-4.997547102921738,4.99850181892494,4.993228842215064,4.999819141589427,-4.998159120443635,4.999170762092945,-4.999965778441336,4.99959773023688,-4.999979767631849
99.0,106.0,129.93446350097656,4.998435028792629,-4.998462573498264,4.999636350928155,4.999835247141036,4.996388314183504,-4.999825409455127,4.9957631254579,-4.999012575393664,4.99974995310207,-4.99919461479772
99.0,106.0,129.93533325195312,4.995875101460098,-4.9975807663615015,4.999998784735131,4.99994687773568,4.988238640427358,-4.999733989166467,4.998922551820661,-4.999983531313441,4.99929586615729,-4.999997131960198
99.0,106.0,129.93504333496094,4.999723137250505,-4.994646972211883,4.999986090666957,4.999668671648188,4.998892623805125,-4.999636879003759,4.994739982654485,-4.999995258911668,4.998842897128624,-4.999437007595521
99.0,106.0,129.94223022460938,4.999386876627327,-4.997897072592608,4.998976483957645,4.9985856243692695,4.999082716353371,-4.999897880355784,4.996199349130956,-4.998862000847366,4.997791874552975,-4.999403282053891
99.0,106.0,129.94580078125,4.9993415199990645,-4.993922088933919,4.999989760645825,4.998331622289932,4.998462219198689,-4.99782026723761,4.996450568551348,-4.999995568929086,4.998248937603089,-4.9992188260669375
99.0,106.0,129.9230194091797,4.992761291613137,-4.997519931686307,4.999998710578811,4.999890520078598,4.9990206286091325,-4.998340700988972,4.996369302010118,-4.99997193067129,4.999995849548128,-4.999708940179024
99.0,106.0,129.9318389892578,4.997598073723311,-4.994436694130406,4.999999892353269,4.99908819282026,4.999981579165385,-4.999786075632837,4.998534723503484,-4.998002612439907,4.997807141210567,-4.999998481888722
99.0,106.0,129.94581604003906,4.995712981849088,-4.999636897222706,4.999911211181382,4.995120426798099,4.994614878940328,-4.996625884513746,4.9995174623901,-4.999827756045277,4.997922745366576,-4.999975607015934
99.0,106.0,129.95150756835938,4.996840059166845,-4.994071371246273,4.999571004459547,4.997274366918404,4.998002777621878,-4.999997725360319,4.993505687795992,-4.99952034142927,4.998738463361355,-4.999795177535091
99.0,106.0,129.9156494140625,4.999960367418722,-4.995857868096511,4.997791659219212,4.998481914862336,4.999968265865917,-4.998528656828511,4.999936062838729,-4.999189952308381,4.999490228894167,-4.999487218928142
99.0,106.0,129.92906188964844,4.995243029058575,-4.999581307987734,4.99997581715695,4.999620647267111,4.996669014940811,-4.999999926331993,4.998392321421081,-4.999812341387497,4.999791471991925,-4.998025585719558
99.0,106.0,129.9345703125,4.998185277127469,-4.999566782253201,4.997171424741876,4.998019113518653,4.993684185419927,-4.999223784662769,4.997787652249987,-4.9990485979168096,4.999750368274293,-4.999876555526707
99.0,106.0,129.93112182617188,4.995960332914542,-4.998723199537247,4.999984771499809,4.996828636678856,4.998938307230111,-4.999999993552457,4.998660750217704,-4.999402650685793,4.999847613277243,-4.997905315254188
99.0,106.0,129.94039916992188,4.999995830594543,-4.993940648348913,4.999986933108816,4.999398891370527,4.999692940215757,-4.998259251394569,4.996785505047098,-4.998662355330596,4.998215689423976,-4.99963085648814
99.0,106.0,129.9231414794922,4.997722654412744,-4.999774376071148,4.999921834937115,4.999994463761726,4.997550780705211,-4.996496863999219,4.999610246213908,-4.998984424919829,4.9988309720554005,-4.999962888969592
99.0,106.0,129.91552734375,4.999294877668014,-4.996280181102765,4.998847932528024,4.992969459905834,4.999843306579637,-4.999518102604345,4.999929730347676,-4.999942425063445,4.999586663958549,-4.999679452536139
99.0,106.0,129.9244842529297,4.99999971327836,-4.9933100487020265,4.999685193317541,4.999894447635397,4.998878188334697,-4.999915176231571,4.996659984211678,-4.998430828466347,4.99960592472176,-4.999999123420968
99.0,106.0,129.93695068359375,4.995196553924538,-4.996595830895825,4.999999307601919,4.9992553727877045,4.988844746787567,-4.99997118745859,4.999133046043694,-4.999987837886697,4.999214345861611,-4.999888593657692
99.0,106.0,129.92819213867188,4.99942656422686,-4.999345012525384,4.999898280305287,4.99982174014201,4.995620237765992,-4.999565287152008,4.999198588597862,-4.998535149003904,4.997924810598179,-4.9999804072817255
99.0,106.0,129.94091796875,4.999441942843805,-4.998567538786891,4.998435836668573,4.998712593821567,4.996784733420623,-4.998995397167658,4.99613711608096,-4.9998264212762695,4.998446670097115,-4.99941262885906
99.0,106.0,129.9371337890625,4.997930717776034,-4.997822995581094,4.999999925857203,4.999253062843543,4.997795792183473,-4.9997297912072245,4.999953761426299,-4.997093158983823,4.997132413588984,-4.9999997266803
99.0,106.0,129.93345642089844,4.999357333418447,-4.99860765957566,4.997872367390617,4.998282485390307,4.999076059703636,-4.999792638473017,4.996900018798579,-4.999455670781603,4.998633418394776,-4.999147650573601
99.0,106.0,129.93002319335938,4.997241124059768,-4.997828274386325,4.999422755949109,4.996852202246629,4.99125800076887,-4.998834705697028,4.99950371511428,-4.999990910494028,4.999934238622586,-4.999837118494945
99.0,106.0,129.9449920654297,4.998592864092768,-4.997401375981569,4.996310203455391,4.999015394550423,4.996535478642688,-4.998738214415033,4.997826403492326,-4.998799536970967,4.998404436599795,-4.999555933199668
99.0,106.0,129.9235076904297,4.995206485861784,-4.999996203037003,4.999971028998618,4.999860343325831,4.999078768531522,-4.995645794623885,4.997955285374029,-4.999529721794884,4.999860995395341,-4.999692792525839
99.0,106.0,129.93331909179688,4.999999927691494,-4.994779541839384,4.9999999901000685,4.998547408085184,4.998161966745258,-4.998826002851139,4.9977167668799005,-4.998425339728732,4.999226400750042,-4.999560416442852
99.0,107.0,129.9264373779297,4.9994431091491975,-4.999637799202767,4.999898015366544,4.998531234499168,4.997707701248332,-4.999822207378472,4.999118822089759,-4.998418729869034,4.997860489548685,-4.999876893996262
99.0,107.0,129.93812561035156,4.998891139587615,-4.997722708143087,4.999820423842195,4.999883095403888,4.9986160918301685,-4.999863635034282,4.9968484179270085,-4.998829269655819,4.99712461690606,-4.999841507143056
99.0,107.0,129.9273681640625,4.99917118740027,-4.999141389916524,4.999690563071361,4.9981039512870336,4.998240583675598,-4.999527922509121,4.999235092255369,-4.997515240744439,4.998906429721934,-4.9996378066580105
99.0,107.0,129.91195678710938,4.997322411254679,-4.999996883317617,4.999318561196184,4.994355001667672,4.999894276837331,-4.999860156011199,4.999368802748471,-4.999317327443119,4.999812908173618,-4.999698334000232
99.0,107.0,129.9229736328125,4.9995556050938,-4.99813121484581,4.999220092988617,4.998502579506875,4.997859626948761,-4.999797632996221,4.997488816949234,-4.999447014149903,4.998703934103672,-4.999979901862092
99.0,107.0,129.9278106689453,4.997989324171889,-4.999243329101184,4.999988399366204,4.99886609974018,4.995580635976022,-4.999989665977964,4.99512086253568,-4.999956491433103,4.999826222119588,-4.999792563887126
99.0,107.0,129.93276977539062,4.999549367286275,-4.9940103878186,4.998873676054848,4.991525609006327,4.999987566093197,-4.999999970127457,4.998023371980967,-4.999032678326764,4.999647954859042,-4.999697909412117
99.0,107.0,129.9169464111328,4.996105112573936,-4.9991176780489,4.999891424329415,4.999008251866419,4.999741857743508,-4.999004242251679,4.996031245073201,-4.999979108805798,4.999996565705131,-4.999697403632345
99.0,107.0,129.9191436767578,4.99737217794948,-4.999941307056215,4.999352334646719,4.996779748029379,4.997625963887151,-4.997126289604108,4.999639947554777,-4.999624459786254,4.999516459322687,-4.999987186993591
99.0,107.0,129.93002319335938,4.999573523920397,-4.994579657053494,4.997749190310316,4.998893172833828,4.999638647114091,-4.994614493711149,4.999956465128368,-4.999250646677673,4.999781616182151,-4.999399015815633
99.0,107.0,129.92552185058594,4.993821220081066,-4.998383093238825,4.999999753223486,4.999977487972447,4.993496242229648,-4.998326881305955,4.998400404617913,-4.999981588668839,4.999908257664036,-4.999884089767184
99.0,107.0,129.94082641601562,4.998572547780526,-4.99948580386631,4.997342247095837,4.999549174606809,4.994870201296646,-4.9981589603342,4.997376420347992,-4.999137962218866,4.999859831108136,-4.998968500454312
99.0,107.0,129.9294891357422,4.996690942361544,-4.996738287006051,4.999919264778181,4.998030146499897,4.997340588137449,-4.999998102029792,4.996323911439329,-4.999690524839185,4.999404944117712,-4.999703735517208
99.0,107.0,129.93203735351562,4.999999856784941,-4.991976590822137,4.999511063158224,4.9996363097227805,4.999209283076911,-4.999914987896835,4.9952508723900095,-4.998966607418045,4.99927268434358,-4.999999582321209
99.0,107.0,129.94154357910156,4.999761191431853,-4.9962340331735176,4.999493119527672,4.999270796811677,4.997093173676683,-4.998228703628434,4.99607985920522,-4.999903322960432,4.998237805611715,-4.999654231816329
99.0,107.0,129.936279296875,4.999913655281916,-4.997631594336257,4.998898302987241,4.999514342043426,4.998605945121381,-4.9996467794014094,4.993745126200496,-4.998993183885762,4.999466880547448,-4.999779778490016
99.0,107.0,129.92417907714844,4.999061078460852,-4.997940367233968,4.998966017984602,4.999055117118681,4.996750070884238,-4.999721158215612,4.996145937770989,-4.99983327133889,4.999497393001137,-4.999971232496717
99.0,107.0,129.9379425048828,4.998034472938237,-4.996491366162486,4.998752303463522,4.996492406953935,4.996923856131279,-4.999999251214744,4.99535257080459,-4.999386775407068,4.99950855828483,-4.999950817260852
99.0,107.0,129.93038940429688,4.999904416529091,-4.999217391413549,4.999816765175879,4.999941332682267,4.997058078076085,-4.998250176266079,4.999930533258172,-4.997257807379651,4.998590388399199,-4.999700025337036
99.0,107.0,129.9258575439453,4.996272205008708,-4.99983917018272,4.999982135650009,4.999564086254073,4.998854808704348,-4.9987823501223785,4.994457764085212,-4.999998305366497,4.999828513908216,-4.999737840306102
99.0,107.0,129.92453002929688,4.996809108493372,-4.9948707899096405,4.999211703935644,4.993073646585299,4.999981169460852,-4.9999992025107645,4.998972119265271,-4.999094079477208,4.999818490815464,-4.999688126382299
99.0,107.0,129.93133544921875,4.995300261144285,-4.999860887319664,4.998567971409203,4.998584899027176,4.998948780299487,-4.99999827915374,4.994151387901249,-4.999531809990483,4.999749569213345,-4.999750014939405
99.0,107.0,129.9259490966797,4.9998835521558185,-4.999766953165994,4.999055098696036,4.999540557093567,4.998213468014876,-4.999556185868857,4.994876410004988,-4.999769535309309,4.9993118512652135,-4.999778782759631
99.0,107.0,129.91969299316406,4.998738292766877,-4.997547102921738,4.99850181892494,4.993228842215064,4.999819141589427,-4.998159120443635,4.999170762092945,-4.999965778441336,4.99959773023688,-4.999979767631849
99.0,107.0,129.91432189941406,4.997831752689011,-4.999191145537663,4.999909759183194,4.997789136727404,4.997075022756366,-4.999997868692663,4.999263455904053,-4.998767400345745,4.99974995310207,-4.999838872509859
99.0,107.0,129.93533325195312,4.995875101460098,-4.9975807663615015,4.999998784735131,4.99994687773568,4.988238640427358,-4.999733989166467,4.998922551820661,-4.999983531313441,4.99929586615729,-4.999997131960198
99.0,107.0,129.93504333496094,4.999723137250505,-4.994646972211883,4.999986090666957,4.999668671648188,4.998892623805125,-4.999636879003759,4.994739982654485,-4.999995258911668,4.998842897128624,-4.999437007595521
99.0,107.0,129.9381103515625,4.995087913586165,-4.999892436948359,4.999922182924799,4.99252334032853,4.997126916710671,-4.999897880355784,4.999560574717166,-4.999917438657404,4.997899283899317,-4.999403282053891
99.0,107.0,129.94239807128906,4.9993415199990645,-4.999445667643404,4.99717085418084,4.998366020964722,4.988905609541869,-4.99922588364239,4.997272047447168,-4.999995568929086,4.999806369201708,-4.999875258166656
99.0,107.0,129.9230194091797,4.992761291613137,-4.997519931686307,4.999998710578811,4.999890520078598,4.9990206286091325,-4.998340700988972,4.996369302010118,-4.99997193067129,4.999995849548128,-4.999708940179024
99.0,107.0,129.9318389892578,4.997598073723311,-4.994436694130406,4.999999892353269,4.99908819282026,4.999981579165385,-4.999786075632837,4.998534723503484,-4.998002612439907,4.997807141210567,-4.999998481888722
99.0,107.0,129.94581604003906,4.995712981849088,-4.999636897222706,4.999911211181382,4.995120426798099,4.994614878940328,-4.996625884513746,4.9995174623901,-4.999827756045277,4.997922745366576,-4.999975607015934
99.0,107.0,129.94068908691406,4.999694702975635,-4.99986048785576,4.998397100336171,4.9990821393085785,4.998002777621878,-4.997258235437972,4.996375716166067,-4.999324714792836,4.99825498319401,-4.999795177535091
99.0,107.0,129.9156494140625,4.999960367418722,-4.995857868096511,4.997791659219212,4.998481914862336,4.999968265865917,-4.998528656828511,4.999936062838729,-4.999189952308381,4.999490228894167,-4.999487218928142
99.0,107.0,129.92837524414062,4.99998199346064,-4.999581307987734,4.998780962171281,4.998036486553966,4.996669014940811,-4.999631625207184,4.995650624875113,-4.999911153456361,4.999348472878836,-4.999850945744184
99.0,107.0,129.9192657470703,4.99991261183752,-4.998076792883594,4.997700046757117,4.999178877160878,4.9994163215313305,-4.99824074353598,4.9999470077783,-4.998606186133841,4.999172222718746,-4.9995570233752336
99.0,107.0,129.93112182617188,4.995960332914542,-4.998723199537247,4.999984771499809,4.996828636678856,4.998938307230111,-4.999999993552457,4.998660750217704,-4.999402650685793,4.999847613277243,-4.997905315254188
99.0,107.0,129.9292449951172,4.997550945964682,-4.996134630816751,4.9988572952600165,4.997659407001702,4.999148127930592,-4.999999236178865,4.997948708118796,-4.999418560788158,4.998764023532889,-4.999378959547935
99.0,107.0,129.9231414794922,4.997722654412744,-4.999774376071148,4.999921834937115,4.999994463761726,4.997550780705211,-4.996496863999219,4.999610246213908,-4.998984424919829,4.9988309720554005,-4.999962888969592
99.0,107.0,129.91552734375,4.999294877668014,-4.996280181102765,4.998847932528024,4.992969459905834,4.999843306579637,-4.999518102604345,4.999929730347676,-4.999942425063445,4.999586663958549,-4.999679452536139
99.0,107.0,129.9244842529297,4.99999971327836,-4.9933100487020265,4.999685193317541,4.999894447635397,4.998878188334697,-4.999915176231571,4.996659984211678,-4.998430828466347,4.99960592472176,-4.999999123420968
99.0,107.0,129.93641662597656,4.999119159987385,-4.996560855405599,4.999999307601919,4.999293089571726,4.999459516625725,-4.997969215657724,4.996541155713128,-4.998647104398081,4.999686632361128,-4.998952077821945
99.0,107.0,129.92442321777344,4.997511072575135,-4.999345012525384,4.998706663066475,4.998980585610892,4.993854592250768,-4.999358788121752,4.999198588597862,-4.999839920755205,4.999204462989965,-4.999721575780901
99.0,107.0,129.91751098632812,4.9954605984617615,-4.999997587396885,4.99931616246678,4.994437599109444,4.999475211081626,-4.998995397167658,4.998204932267528,-4.99998530246107,4.999977258665747,-4.999751825909213
99.0,107.0,129.92306518554688,4.998955603900233,-4.995787713369927,4.998848193961418,4.992623707431847,4.997795792183473,-4.999636701750406,4.999992035598313,-4.999944578350073,4.999545903810709,-4.999625183384886
99.0,107.0,129.9274444580078,4.997814303046607,-4.991904149710062,4.999060100911312,4.993587820532907,4.9999832248889575,-4.999961957637568,4.99974168010327,-4.99833124799383,4.99970834211655,-4.999791406149221
99.0,107.0,129.9214630126953,4.997061133110988,-4.996215385981071,4.999330109143367,4.995259074176235,4.999980534126508,-4.999258134391196,4.998217718343862,-4.999495648527352,4.999862913352441,-4.999647757082329
99.0,107.0,129.9283447265625,4.9990115631062455,-4.999299029518299,4.999161921641812,4.997824849791979,4.998086363547568,-4.9999112692787335,4.999263720693239,-4.997476789902358,4.999010861964635,-4.999517005179376
99.0,107.0,129.9235076904297,4.995206485861784,-4.999996203037003,4.999971028998618,4.999860343325831,4.999078768531522,-4.995645794623885,4.997955285374029,-4.999529721794884,4.999860995395341,-4.999692792525839
99.0,107.0,129.93331909179688,4.999999927691494,-4.994779541839384,4.9999999901000685,4.998547408085184,4.998161966745258,-4.998826002851139,4.9977167668799005,-4.998425339728732,4.999226400750042,-4.999560416442852
99.0,108.0,129.9264373779297,4.9994431091491975,-4.999637799202767,4.999898015366544,4.998531234499168,4.997707701248332,-4.999822207378472,4.999118822089759,-4.998418729869034,4.997860489548685,-4.999876893996262
99.0,108.0,129.92039489746094,4.9993588946039065,-4.994599826012529,4.998239518690881,4.992888487763407,4.99997811347887,-4.999863635034282,4.999994522933259,-4.9996511127328365,4.999728775549056,-4.999393344195596
99.0,108.0,129.9273681640625,4.99917118740027,-4.999141389916524,4.999690563071361,4.9981039512870336,4.998240583675598,-4.999527922509121,4.999235092255369,-4.997515240744439,4.998906429721934,-4.9996378066580105
99.0,108.0,129.91195678710938,4.997322411254679,-4.999996883317617,4.999318561196184,4.994355001667672,4.999894276837331,-4.999860156011199,4.999368802748471,-4.999317327443119,4.999812908173618,-4.999698334000232
99.0,108.0,129.9229736328125,4.9995556050938,-4.99813121484581,4.999220092988617,4.998502579506875,4.997859626948761,-4.999797632996221,4.997488816949234,-4.999447014149903,4.998703934103672,-4.999979901862092
99.0,108.0,129.9278106689453,4.997989324171889,-4.999243329101184,4.999988399366204,4.99886609974018,4.995580635976022,-4.999989665977964,4.99512086253568,-4.999956491433103,4.999826222119588,-4.999792563887126
99.0,108.0,129.93276977539062,4.999549367286275,-4.9940103878186,4.998873676054848,4.991525609006327,4.999987566093197,-4.999999970127457,4.998023371980967,-4.999032678326764,4.999647954859042,-4.999697909412117
99.0,108.0,129.9169464111328,4.996105112573936,-4.9991176780489,4.999891424329415,4.999008251866419,4.999741857743508,-4.999004242251679,4.996031245073201,-4.999979108805798,4.999996565705131,-4.999697403632345
99.0,108.0,129.9191436767578,4.99737217794948,-4.999941307056215,4.999352334646719,4.996779748029379,4.997625963887151,-4.997126289604108,4.999639947554777,-4.999624459786254,4.999516459322687,-4.999987186993591
99.0,108.0,129.93002319335938,4.999573523920397,-4.994579657053494,4.997749190310316,4.998893172833828,4.999638647114091,-4.994614493711149,4.999956465128368,-4.999250646677673,4.999781616182151,-4.999399015815633
99.0,108.0,129.92552185058594,4.993821220081066,-4.998383093238825,4.999999753223486,4.999977487972447,4.993496242229648,-4.998326881305955,4.998400404617913,-4.999981588668839,4.999908257664036,-4.999884089767184
99.0,108.0,129.92945861816406,4.999145828511721,-4.994715882343684,4.998335549359322,4.99464001102141,4.999198852348656,-4.999999690503666,4.999897950756033,-4.999400218916981,4.998559072659598,-4.999369983999832
99.0,108.0,129.9294891357422,4.996690942361544,-4.996738287006051,4.999919264778181,4.998030146499897,4.997340588137449,-4.999998102029792,4.996323911439329,-4.999690524839185,4.999404944117712,-4.999703735517208
99.0,108.0,129.93203735351562,4.999999856784941,-4.991976590822137,4.999511063158224,4.9996363097227805,4.999209283076911,-4.999914987896835,4.9952508723900095,-4.998966607418045,4.99927268434358,-4.999999582321209
99.0,108.0,129.93357849121094,4.99910880135004,-4.99968184676042,4.999884137498287,4.998487967294244,4.998978750787336,-4.9977781101071805,4.998635188866444,-4.998191825109755,4.998143054167711,-4.999724724279083
99.0,108.0,129.936279296875,4.999913655281916,-4.997631594336257,4.998898302987241,4.999514342043426,4.998605945121381,-4.9996467794014094,4.993745126200496,-4.998993183885762,4.999466880547448,-4.999779778490016
99.0,108.0,129.92417907714844,4.999061078460852,-4.997940367233968,4.998966017984602,4.999055117118681,4.996750070884238,-4.999721158215612,4.996145937770989,-4.99983327133889,4.999497393001137,-4.999971232496717
99.0,108.0,129.9379425048828,4.998034472938237,-4.996491366162486,4.998752303463522,4.996492406953935,4.996923856131279,-4.999999251214744,4.99535257080459,-4.999386775407068,4.99950855828483,-4.999950817260852
99.0,108.0,129.93038940429688,4.999904416529091,-4.999217391413549,4.999816765175879,4.999941332682267,4.997058078076085,-4.998250176266079,4.999930533258172,-4.997257807379651,4.998590388399199,-4.999700025337036
99.0,108.0,129.9258575439453,4.996272205008708,-4.99983917018272,4.999982135650009,4.999564086254073,4.998854808704348,-4.9987823501223785,4.994457764085212,-4.999998305366497,4.999828513908216,-4.999737840306102
99.0,108.0,129.92453002929688,4.996809108493372,-4.9948707899096405,4.999211703935644,4.993073646585299,4.999981169460852,-4.9999992025107645,4.998972119265271,-4.999094079477208,4.999818490815464,-4.999688126382299
99.0,108.0,129.93133544921875,4.995300261144285,-4.999860887319664,4.998567971409203,4.998584899027176,4.998948780299487,-4.99999827915374,4.994151387901249,-4.999531809990483,4.999749569213345,-4.999750014939405
99.0,108.0,129.9189910888672,4.9998835521558185,-4.999766953165994,4.999055098696036,4.990478099039693,4.999983917675876,-4.999989577907384,4.999858237663885,-4.998554735533394,4.999774271343719,-4.999836305558397
99.0,108.0,129.91969299316406,4.998738292766877,-4.997547102921738,4.99850181892494,4.993228842215064,4.999819141589427,-4.998159120443635,4.999170762092945,-4.999965778441336,4.99959773023688,-4.999979767631849
99.0,108.0,129.91432189941406,4.997831752689011,-4.999191145537663,4.999909759183194,4.997789136727404,4.997075022756366,-4.999997868692663,4.999263455904053,-4.998767400345745,4.99974995310207,-4.999838872509859
99.0,108.0,129.90830993652344,4.995875101460098,-4.999955613824661,4.999712147713747,4.998428510316827,4.997030937521833,-4.999998469908453,4.998922551820661,-4.999814977622485,4.999888153515285,-4.999867785195351
99.0,108.0,129.92605590820312,4.998152755807613,-4.999881744407827,4.999679963205985,4.999640648850954,4.996630091879153,-4.999910218561336,4.999883762654783,-4.997344150911848,4.999061861086149,-4.999437007595521
99.0,108.0,129.9264678955078,4.996691583573287,-4.994178998738153,4.999555655955991,4.992029858237869,4.999877041407306,-4.999859365368891,4.998864149542604,-4.999805580305971,4.999899369333889,-4.999403282053891
99.0,108.0,129.93215942382812,4.999547399178515,-4.994895666151892,4.998414231635375,4.992920696498698,4.9980295627993945,-4.998757933941526,4.999998845871518,-4.999481766421752,4.99925723056341,-4.9995286876028
99.0,108.0,129.9230194091797,4.992761291613137,-4.997519931686307,4.999998710578811,4.999890520078598,4.9990206286091325,-4.998340700988972,4.996369302010118,-4.99997193067129,4.999995849548128,-4.999708940179024
99.0,108.0,129.9318389892578,4.997598073723311,-4.994436694130406,4.999999892353269,4.99908819282026,4.999981579165385,-4.999786075632837,4.998534723503484,-4.998002612439907,4.997807141210567,-4.999998481888722
99.0,108.0,129.93548583984375,4.995712981849088,-4.999636897222706,4.9982991565730535,4.996755088210962,4.998756246195944,-4.996479514329128,4.999781126588834,-4.99968020646554,4.997922745366576,-4.999792349459531
99.0,108.0,129.93666076660156,4.996380087479829,-4.998205485314498,4.998869339193842,4.995560256386185,4.996155056032656,-4.99999980295085,4.996375716166067,-4.999748045907473,4.999408067982807,-4.999803123308972
99.0,108.0,129.9156494140625,4.999960367418722,-4.995857868096511,4.997791659219212,4.998481914862336,4.999968265865917,-4.998528656828511,4.999936062838729,-4.999189952308381,4.999490228894167,-4.999487218928142
99.0,108.0,129.92837524414062,4.99998199346064,-4.999581307987734,4.998780962171281,4.998036486553966,4.996669014940811,-4.999631625207184,4.995650624875113,-4.999911153456361,4.999348472878836,-4.999850945744184
99.0,108.0,129.9192657470703,4.99991261183752,-4.998076792883594,4.997700046757117,4.999178877160878,4.9994163215313305,-4.99824074353598,4.9999470077783,-4.998606186133841,4.999172222718746,-4.9995570233752336
99.0,108.0,129.920654296875,4.99912244516643,-4.996580935868886,4.998362403956769,4.999625650229325,4.9945135221143,-4.998396033322312,4.9999980955015895,-4.999472437571022,4.999756150206368,-4.999796305134273
99.0,108.0,129.9214324951172,4.997550945964682,-4.9990970815608975,4.999938246802323,4.999471166211759,4.999045493531269,-4.99731620033023,4.999666444514529,-4.999138950885348,4.998253023553168,-4.999966353077924
99.0,108.0,129.9231414794922,4.997722654412744,-4.999774376071148,4.999921834937115,4.999994463761726,4.997550780705211,-4.996496863999219,4.999610246213908,-4.998984424919829,4.9988309720554005,-4.999962888969592
99.0,108.0,129.91552734375,4.999294877668014,-4.996280181102765,4.998847932528024,4.992969459905834,4.999843306579637,-4.999518102604345,4.999929730347676,-4.999942425063445,4.999586663958549,-4.999679452536139
99.0,108.0,129.91990661621094,4.99831578727793,-4.99952500557284,4.998410338073876,4.998597873045679,4.996494291199269,-4.999395323300739,4.999124258777047,-4.999584706454126,4.99927809284573,-4.999582939273051
99.0,108.0,129.93641662597656,4.999119159987385,-4.996560855405599,4.999999307601919,4.999293089571726,4.999459516625725,-4.997969215657724,4.996541155713128,-4.998647104398081,4.999686632361128,-4.998952077821945
99.0,108.0,129.92442321777344,4.997511072575135,-4.999345012525384,4.998706663066475,4.998980585610892,4.993854592250768,-4.999358788121752,4.999198588597862,-4.999839920755205,4.999204462989965,-4.999721575780901
99.0,108.0,129.91751098632812,4.9954605984617615,-4.999997587396885,4.99931616246678,4.994437599109444,4.999475211081626,-4.998995397167658,4.998204932267528,-4.99998530246107,4.999977258665747,-4.999751825909213
99.0,108.0,129.91392517089844,4.995976858463045,-4.999320076635156,4.999997437442011,4.9985529365774575,4.998167919638135,-4.9995732311502605,4.998667025509103,-4.998810976300813,4.99998997361676,-4.9997823197908176
99.0,108.0,129.9274444580078,4.997814303046607,-4.991904149710062,4.999060100911312,4.993587820532907,4.9999832248889575,-4.999961957637568,4.99974168010327,-4.99833124799383,4.99970834211655,-4.999791406149221
99.0,108.0,129.9214630126953,4.997061133110988,-4.996215385981071,4.999330109143367,4.995259074176235,4.999980534126508,-4.999258134391196,4.998217718343862,-4.999495648527352,4.999862913352441,-4.999647757082329
99.0,108.0,129.90916442871094,4.9982961715158805,-4.9999994582153935,4.999332890550063,4.995127041467687,4.999766856242097,-4.999676343007419,4.999517829783732,-4.999579516467766,4.99973286547062,-4.999648398241899
99.0,108.0,129.9235076904297,4.995206485861784,-4.999996203037003,4.999971028998618,4.999860343325831,4.999078768531522,-4.995645794623885,4.997955285374029,-4.999529721794884,4.999860995395341,-4.999692792525839
99.0,108.0,129.93331909179688,4.999999927691494,-4.994779541839384,4.9999999901000685,4.998547408085184,4.998161966745258,-4.998826002851139,4.9977167668799005,-4.998425339728732,4.999226400750042,-4.999560416442852
99.0,109.0,129.9264373779297,4.9994431091491975,-4.999637799202767,4.999898015366544,4.998531234499168,4.997707701248332,-4.999822207378472,4.999118822089759,-4.998418729869034,4.997860489548685,-4.999876893996262
99.0,109.0,129.92039489746094,4.9993588946039065,-4.994599826012529,4.998239518690881,4.992888487763407,4.99997811347887,-4.999863635034282,4.999994522933259,-4.9996511127328365,4.999728775549056,-4.999393344195596
99.0,109.0,129.92312622070312,4.998844067581832,-4.999396933470974,4.999527038090699,4.9981039512870336,4.998151365870585,-4.998269150582442,4.999943734111191,-4.997707106166694,4.999566597711665,-4.999610745339021
99.0,109.0,129.91195678710938,4.997322411254679,-4.999996883317617,4.999318561196184,4.994355001667672,4.999894276837331,-4.999860156011199,4.999368802748471,-4.999317327443119,4.999812908173618,-4.999698334000232
99.0,109.0,129.9229736328125,4.9995556050938,-4.99813121484581,4.999220092988617,4.998502579506875,4.997859626948761,-4.999797632996221,4.997488816949234,-4.999447014149903,4.998703934103672,-4.999979901862092
99.0,109.0,129.9278106689453,4.997989324171889,-4.999243329101184,4.999988399366204,4.99886609974018,4.995580635976022,-4.999989665977964,4.99512086253568,-4.999956491433103,4.999826222119588,-4.999792563887126
99.0,109.0,129.93276977539062,4.999549367286275,-4.9940103878186,4.998873676054848,4.991525609006327,4.999987566093197,-4.999999970127457,4.998023371980967,-4.999032678326764,4.999647954859042,-4.999697909412117
99.0,109.0,129.9169464111328,4.996105112573936,-4.9991176780489,4.999891424329415,4.999008251866419,4.999741857743508,-4.999004242251679,4.996031245073201,-4.999979108805798,4.999996565705131,-4.999697403632345
99.0,109.0,129.9191436767578,4.99737217794948,-4.999941307056215,4.999352334646719,4.996779748029379,4.997625963887151,-4.997126289604108,4.999639947554777,-4.999624459786254,4.999516459322687,-4.999987186993591
99.0,109.0,129.93002319335938,4.999573523920397,-4.994579657053494,4.997749190310316,4.998893172833828,4.999638647114091,-4.994614493711149,4.999956465128368,-4.999250646677673,4.999781616182151,-4.999399015815633
99.0,109.0,129.92552185058594,4.993821220081066,-4.998383093238825,4.999999753223486,4.999977487972447,4.993496242229648,-4.998326881305955,4.998400404617913,-4.999981588668839,4.999908257664036,-4.999884089767184
99.0,109.0,129.91856384277344,4.999937036983858,-4.998055964695228,4.998710427304358,4.990578972337563,4.9998449983543205,-4.999883824362438,4.999996436251983,-4.999471968566466,4.999542342954188,-4.999773726774173
99.0,109.0,129.9294891357422,4.996690942361544,-4.996738287006051,4.999919264778181,4.998030146499897,4.997340588137449,-4.999998102029792,4.996323911439329,-4.999690524839185,4.999404944117712,-4.999703735517208
99.0,109.0,129.90988159179688,4.998883331051202,-4.999999559740694,4.998932004466152,4.998102058940594,4.999209283076911,-4.999717154553592,4.99990595262641,-4.998966607418045,4.999520111711553,-4.999437026113591
99.0,109.0,129.92837524414062,4.996391233305567,-4.9999986652576,4.999676210012924,4.998487967294244,4.997515283269988,-4.995576691047245,4.998635188866444,-4.999543567311344,4.999660007228965,-4.999724724279083
99.0,109.0,129.9294891357422,4.996386074638121,-4.992825460137142,4.999812617482715,4.996142545533507,4.999638737557985,-4.9996467794014094,4.997904212887175,-4.9984356272025465,4.999782198893701,-4.999878930106425
99.0,109.0,129.92417907714844,4.999061078460852,-4.997940367233968,4.998966017984602,4.999055117118681,4.996750070884238,-4.999721158215612,4.996145937770989,-4.99983327133889,4.999497393001137,-4.999971232496717
99.0,109.0,129.9379425048828,4.998034472938237,-4.996491366162486,4.998752303463522,4.996492406953935,4.996923856131279,-4.999999251214744,4.99535257080459,-4.999386775407068,4.99950855828483,-4.999950817260852
99.0,109.0,129.91668701171875,4.99576027849936,-4.9985449371466935,4.999568592926087,4.999114471938682,4.996494867220904,-4.9988724313133055,4.999930533258172,-4.998823688011373,4.999991610497446,-4.999700025337036
99.0,109.0,129.9249725341797,4.990491662451547,-4.998733293145182,4.999901260233089,4.99729116477193,4.99915359261149,-4.997880905624383,4.997846331948876,-4.999998305366497,4.999999465407698,-4.9995850619730255
99.0,109.0,129.92166137695312,4.998329846987469,-4.99824827943447,4.999991748149326,4.998715508635205,4.997493375022948,-4.999618831698137,4.996041863624578,-4.999830292743043,4.999915720198958,-4.999714880773804
99.0,109.0,129.9221954345703,4.999991212044532,-4.998008680238499,4.997406867232614,4.999308730355586,4.999636218914048,-4.995548145139722,4.999976264964467,-4.998531400014187,4.999783494480023,-4.999750014939405
99.0,109.0,129.9189910888672,4.9998835521558185,-4.999766953165994,4.999055098696036,4.990478099039693,4.999983917675876,-4.999989577907384,4.999858237663885,-4.998554735533394,4.999774271343719,-4.999836305558397
99.0,109.0,129.91661071777344,4.996964257498757,-4.999959654609428,4.999248776114502,4.996978929937844,4.997471138579343,-4.997126473543439,4.999811919866419,-4.999686686177904,4.999758064021474,-4.999992186133288
99.0,109.0,129.91172790527344,4.994054351698995,-4.997252569767961,4.999956203846719,4.999729203062228,4.998388974376375,-4.999168826916906,4.999263455904053,-4.999983102471296,4.999648589749361,-4.999582796976294
99.0,109.0,129.90830993652344,4.995875101460098,-4.999955613824661,4.999712147713747,4.998428510316827,4.997030937521833,-4.999998469908453,4.998922551820661,-4.999814977622485,4.999888153515285,-4.999867785195351
99.0,109.0,129.92605590820312,4.998152755807613,-4.999881744407827,4.999679963205985,4.999640648850954,4.996630091879153,-4.999910218561336,4.999883762654783,-4.997344150911848,4.999061861086149,-4.999437007595521
99.0,109.0,129.9264678955078,4.996691583573287,-4.994178998738153,4.999555655955991,4.992029858237869,4.999877041407306,-4.999859365368891,4.998864149542604,-4.999805580305971,4.999899369333889,-4.999403282053891
99.0,109.0,129.9158935546875,4.996403571233673,-4.9966391474612095,4.99902577537069,4.993925263189667,4.999896957208966,-4.999078777668853,4.999998845871518,-4.999560629534495,4.999793378504384,-4.999829055492166
99.0,109.0,129.9213104248047,4.997538858571375,-4.999998705827586,4.999912933269394,4.996792556203657,4.9991049978804165,-4.999294457908865,4.999400967829683,-4.998092058594671,4.9994672579161445,-4.999527353513313
99.0,109.0,129.9309844970703,4.999895269474993,-4.997680961927816,4.9995311351563885,4.998947303785399,4.997644768173583,-4.998958034577507,4.998219573072735,-4.999023838362041,4.997841816547382,-4.999998276969959
99.0,109.0,129.923828125,4.998233439043739,-4.997709070454043,4.999954944033717,4.998136744990427,4.998557635469594,-4.999284814871156,4.997971904372093,-4.998298599317723,4.999954222859769,-4.999523441784306
99.0,109.0,129.93666076660156,4.996380087479829,-4.998205485314498,4.998869339193842,4.995560256386185,4.996155056032656,-4.99999980295085,4.996375716166067,-4.999748045907473,4.999408067982807,-4.999803123308972
99.0,109.0,129.9156494140625,4.999960367418722,-4.995857868096511,4.997791659219212,4.998481914862336,4.999968265865917,-4.998528656828511,4.999936062838729,-4.999189952308381,4.999490228894167,-4.999487218928142
99.0,109.0,129.92837524414062,4.99998199346064,-4.999581307987734,4.998780962171281,4.998036486553966,4.996669014940811,-4.999631625207184,4.995650624875113,-4.999911153456361,4.999348472878836,-4.999850945744184
99.0,109.0,129.9192657470703,4.99991261183752,-4.998076792883594,4.997700046757117,4.999178877160878,4.9994163215313305,-4.99824074353598,4.9999470077783,-4.998606186133841,4.999172222718746,-4.9995570233752336
99.0,109.0,129.920654296875,4.99912244516643,-4.996580935868886,4.998362403956769,4.999625650229325,4.9945135221143,-4.998396033322312,4.9999980955015895,-4.999472437571022,4.999756150206368,-4.999796305134273
99.0,109.0,129.9214324951172,4.997550945964682,-4.9990970815608975,4.999938246802323,4.999471166211759,4.999045493531269,-4.99731620033023,4.999666444514529,-4.999138950885348,4.998253023553168,-4.999966353077924
99.0,109.0,129.91146850585938,4.997534111062582,-4.998435666058466,4.999137395256753,4.995636771981015,4.997868630992584,-4.999970905635495,4.999553904239948,-4.999986972076947,4.99968649868618,-4.999816351568011
99.0,109.0,129.91552734375,4.999294877668014,-4.996280181102765,4.998847932528024,4.992969459905834,4.999843306579637,-4.999518102604345,4.999929730347676,-4.999942425063445,4.999586663958549,-4.999679452536139
99.0,109.0,129.91990661621094,4.99831578727793,-4.99952500557284,4.998410338073876,4.998597873045679,4.996494291199269,-4.999395323300739,4.999124258777047,-4.999584706454126,4.99927809284573,-4.999582939273051
99.0,109.0,129.9251708984375,4.998986249012445,-4.995392145181965,4.997961678735519,4.992659865726906,4.999850223636386,-4.999700717576846,4.99999962247041,-4.999526830290455,4.9996191254713525,-4.999199197583763
99.0,109.0,129.92442321777344,4.997511072575135,-4.999345012525384,4.998706663066475,4.998980585610892,4.993854592250768,-4.999358788121752,4.999198588597862,-4.999839920755205,4.999204462989965,-4.999721575780901
99.0,109.0,129.91751098632812,4.9954605984617615,-4.999997587396885,4.99931616246678,4.994437599109444,4.999475211081626,-4.998995397167658,4.998204932267528,-4.99998530246107,4.999977258665747,-4.999751825909213
99.0,109.0,129.9136199951172,4.9984212305637215,-4.994905252309303,4.998381373276388,4.9993330516912975,4.999915227049347,-4.9995732311502605,4.999334813516452,-4.999095547197513,4.999845636031695,-4.999384624188101
99.0,109.0,129.9148712158203,4.999540218086668,-4.999957578145746,4.999274964782968,4.997859665785364,4.9999832248889575,-4.998609314881911,4.998189923447436,-4.998823849638895,4.99970834211655,-4.999791406149221
99.0,109.0,129.9214630126953,4.997061133110988,-4.996215385981071,4.999330109143367,4.995259074176235,4.999980534126508,-4.999258134391196,4.998217718343862,-4.999495648527352,4.999862913352441,-4.999647757082329
99.0,109.0,129.90916442871094,4.9982961715158805,-4.9999994582153935,4.999332890550063,4.995127041467687,4.999766856242097,-4.999676343007419,4.999517829783732,-4.999579516467766,4.99973286547062,-4.999648398241899
99.0,109.0,129.9235076904297,4.995206485861784,-4.999996203037003,4.999971028998618,4.999860343325831,4.999078768531522,-4.995645794623885,4.997955285374029,-4.999529721794884,4.999860995395341,-4.999692792525839
99.0,109.0,129.92974853515625,4.993461321939449,-4.994779541839384,4.999949232192014,4.99975301220552,4.997000603464665,-4.999278627851066,4.995913852948936,-4.999999533292532,4.99999663607062,-4.999777086376395
99.0,110.0,129.90609741210938,4.999912863678128,-4.999165258976309,4.999552804738331,4.998088287821865,4.9999965247146685,-4.998772232339348,4.999118822089759,-4.998948132081277,4.999817992194254,-4.999985552761054
99.0,110.0,129.92039489746094,4.9993588946039065,-4.994599826012529,4.998239518690881,4.992888487763407,4.99997811347887,-4.999863635034282,4.999994522933259,-4.9996511127328365,4.999728775549056,-4.999393344195596
99.0,110.0,129.92312622070312,4.998844067581832,-4.999396933470974,4.999527038090699,4.9981039512870336,4.998151365870585,-4.998269150582442,4.999943734111191,-4.997707106166694,4.999566597711665,-4.999610745339021
99.0,110.0,129.91195678710938,4.997322411254679,-4.999996883317617,4.999318561196184,4.994355001667672,4.999894276837331,-4.999860156011199,4.999368802748471,-4.999317327443119,4.999812908173618,-4.999698334000232
99.0,110.0,129.9229736328125,4.9995556050938,-4.99813121484581,4.999220092988617,4.998502579506875,4.997859626948761,-4.999797632996221,4.997488816949234,-4.999447014149903,4.998703934103672,-4.999979901862092
99.0,110.0,129.9278106689453,4.997989324171889,-4.999243329101184,4.999988399366204,4.99886609974018,4.995580635976022,-4.999989665977964,4.99512086253568,-4.999956491433103,4.999826222119588,-4.999792563887126
99.0,110.0,129.92416381835938,4.998651691254685,-4.998488733779425,4.998323475443176,4.999187655606525,4.994930679498148,-4.999591136427419,4.998023371980967,-4.999838085344971,4.999141764396641,-4.999974580000266
99.0,110.0,129.9169464111328,4.996105112573936,-4.9991176780489,4.999891424329415,4.999008251866419,4.999741857743508,-4.999004242251679,4.996031245073201,-4.999979108805798,4.999996565705131,-4.999697403632345
99.0,110.0,129.91285705566406,4.997725126406754,-4.999941307056215,4.999352334646719,4.995374830671259,4.9983474461746304,-4.999989324685527,4.999837631479197,-4.999279701342019,4.999516459322687,-4.999769182317784
99.0,110.0,129.93002319335938,4.999573523920397,-4.994579657053494,4.997749190310316,4.998893172833828,4.999638647114091,-4.994614493711149,4.999956465128368,-4.999250646677673,4.999781616182151,-4.999399015815633
99.0,110.0,129.92552185058594,4.993821220081066,-4.998383093238825,4.999999753223486,4.999977487972447,4.993496242229648,-4.998326881305955,4.998400404617913,-4.999981588668839,4.999908257664036,-4.999884089767184
99.0,110.0,129.91856384277344,4.999937036983858,-4.998055964695228,4.998710427304358,4.990578972337563,4.9998449983543205,-4.999883824362438,4.999996436251983,-4.999471968566466,4.999542342954188,-4.999773726774173
99.0,110.0,129.91517639160156,4.998725098361717,-4.999999180896252,4.9999132604544,4.998030146499897,4.999354644477967,-4.999609852801681,4.999730792362694,-4.997449465983765,4.999752162093021,-4.999584718402062
99.0,110.0,129.90988159179688,4.998883331051202,-4.999999559740694,4.998932004466152,4.998102058940594,4.999209283076911,-4.999717154553592,4.99990595262641,-4.998966607418045,4.999520111711553,-4.999437026113591
99.0,110.0,129.92617797851562,4.999993814166262,-4.998429010521417,4.998760585197697,4.998487967294244,4.999578128515536,-4.995576691047245,4.998635188866444,-4.999300184262529,4.999384872465409,-4.999724724279083
99.0,110.0,129.912353515625,4.993284783271495,-4.996776261874357,4.999991183678129,4.999754462933024,4.99836245496809,-4.99969111407778,4.998962831242915,-4.999935899915862,4.999782198893701,-4.999531499606274
99.0,110.0,129.92417907714844,4.999061078460852,-4.997940367233968,4.998966017984602,4.999055117118681,4.996750070884238,-4.999721158215612,4.996145937770989,-4.99983327133889,4.999497393001137,-4.999971232496717
99.0,110.0,129.93124389648438,4.997827044811675,-4.993025789294812,4.9989093846598776,4.999574202831487,4.999519540411378,-4.997024343572538,4.9984503706800565,-4.998158160388398,4.999723322317832,-4.999876796987295
99.0,110.0,129.91668701171875,4.99576027849936,-4.9985449371466935,4.999568592926087,4.999114471938682,4.996494867220904,-4.9988724313133055,4.999930533258172,-4.998823688011373,4.999991610497446,-4.999700025337036
99.0,110.0,129.9224853515625,4.998586568021948,-4.997232416802494,4.99887359464757,4.999531141540074,4.993928804660192,-4.998530287203487,4.999485557883935,-4.999534047618129,4.999920564765594,-4.999706970829477
99.0,110.0,129.9186248779297,4.999991624990545,-4.999884602377374,4.9984457178394415,4.99751087827294,4.996734290161758,-4.999618831698137,4.997394629088658,-4.999909234125721,4.999525032830717,-4.999995171052223
99.0,110.0,129.9177703857422,4.998820996021888,-4.999249105649215,4.998717604549714,4.991612277820751,4.999911300508549,-4.999277635247029,4.999998890563028,-4.999350621122112,4.999661493204384,-4.999764711424918
99.0,110.0,129.9189910888672,4.9998835521558185,-4.999766953165994,4.999055098696036,4.990478099039693,4.999983917675876,-4.999989577907384,4.999858237663885,-4.998554735533394,4.999774271343719,-4.999836305558397
99.0,110.0,129.91661071777344,4.996964257498757,-4.999959654609428,4.999248776114502,4.996978929937844,4.997471138579343,-4.997126473543439,4.999811919866419,-4.999686686177904,4.999758064021474,-4.999992186133288
99.0,110.0,129.91172790527344,4.994054351698995,-4.997252569767961,4.999956203846719,4.999729203062228,4.998388974376375,-4.999168826916906,4.999263455904053,-4.999983102471296,4.999648589749361,-4.999582796976294
99.0,110.0,129.90830993652344,4.995875101460098,-4.999955613824661,4.999712147713747,4.998428510316827,4.997030937521833,-4.999998469908453,4.998922551820661,-4.999814977622485,4.999888153515285,-4.999867785195351
99.0,110.0,129.91558837890625,4.997388254957496,-4.998262821149365,4.99975763383591,4.993080109458261,4.998271416633044,-4.999771867906037,4.999916764412578,-4.999728945730295,4.999691661116197,-4.999829957296841
99.0,110.0,129.921875,4.994495915644297,-4.998922066294544,4.999232474476375,4.9969002216233145,4.998442154773706,-4.9983752969081525,4.999956945393159,-4.9988380935253565,4.9999974449388525,-4.999403282053891
99.0,110.0,129.9158935546875,4.996403571233673,-4.9966391474612095,4.99902577537069,4.993925263189667,4.999896957208966,-4.999078777668853,4.999998845871518,-4.999560629534495,4.999793378504384,-4.999829055492166
99.0,110.0,129.92001342773438,4.999385903758883,-4.9995135601853455,4.998831837886716,4.9977048686959,4.9991049978804165,-4.999294457908865,4.998224869508803,-4.9986160522524,4.999724572872951,-4.999551278673033
99.0,110.0,129.9275360107422,4.997005644987123,-4.999395255119129,4.999934324600497,4.998983093479652,4.9980861085978905,-4.996233470617589,4.998968400485,-4.997988663355114,4.999737039553558,-4.999998276969959
99.0,110.0,129.92291259765625,4.999921220330218,-4.999785954098587,4.999315931892173,4.990230191987151,4.999994039241114,-4.999284814871156,4.999916056802225,-4.998245686015354,4.999895280776631,-4.999763348978668
99.0,110.0,129.93666076660156,4.996380087479829,-4.998205485314498,4.998869339193842,4.995560256386185,4.996155056032656,-4.99999980295085,4.996375716166067,-4.999748045907473,4.999408067982807,-4.999803123308972
99.0,110.0,129.9156494140625,4.999960367418722,-4.995857868096511,4.997791659219212,4.998481914862336,4.999968265865917,-4.998528656828511,4.999936062838729,-4.999189952308381,4.999490228894167,-4.999487218928142
99.0,110.0,129.92726135253906,4.996979389782386,-4.999548710164439,4.999304433398198,4.9989581226481885,4.998797547479117,-4.9991776474196925,4.994870605324711,-4.999997651260784,4.999348472878836,-4.999861155612283
99.0,110.0,129.91424560546875,4.9967614356239896,-4.999957649210147,4.99986820218107,4.999178877160878,4.997268455445082,-4.999953677713696,4.999183572857542,-4.998606186133841,4.999715050066957,-4.999684727338625
99.0,110.0,129.920654296875,4.99912244516643,-4.996580935868886,4.998362403956769,4.999625650229325,4.9945135221143,-4.998396033322312,4.9999980955015895,-4.999472437571022,4.999756150206368,-4.999796305134273
99.0,110.0,129.92108154296875,4.99596873082279,-4.998742368041677,4.999382557041494,4.99915845488532,4.998411811427161,-4.99731620033023,4.999608561746494,-4.9996807908869965,4.999457270914375,-4.999310271822539
99.0,110.0,129.91146850585938,4.997534111062582,-4.998435666058466,4.999137395256753,4.995636771981015,4.997868630992584,-4.999970905635495,4.999553904239948,-4.999986972076947,4.99968649868618,-4.999816351568011
99.0,110.0,129.90525817871094,4.99669220888979,-4.999998978104128,4.999270746663933,4.996116475191723,4.998434551613153,-4.999933804797816,4.999929730347676,-4.999942425063445,4.999773855336758,-4.999834016362589
99.0,110.0,129.91990661621094,4.99831578727793,-4.99952500557284,4.998410338073876,4.998597873045679,4.996494291199269,-4.999395323300739,4.999124258777047,-4.999584706454126,4.99927809284573,-4.999582939273051
99.0,110.0,129.9251708984375,4.998986249012445,-4.995392145181965,4.997961678735519,4.992659865726906,4.999850223636386,-4.999700717576846,4.99999962247041,-4.999526830290455,4.9996191254713525,-4.999199197583763
99.0,110.0,129.9231719970703,4.998418651229999,-4.991318649749074,4.998449577011284,4.998160340810929,4.9999349115771246,-4.999912753837105,4.998969325526817,-4.998541577143114,4.999906731864062,-4.999461727101772
99.0,110.0,129.91751098632812,4.9954605984617615,-4.999997587396885,4.99931616246678,4.994437599109444,4.999475211081626,-4.998995397167658,4.998204932267528,-4.99998530246107,4.999977258665747,-4.999751825909213
99.0,110.0,129.9136199951172,4.9984212305637215,-4.994905252309303,4.998381373276388,4.9993330516912975,4.999915227049347,-4.9995732311502605,4.999334813516452,-4.999095547197513,4.999845636031695,-4.999384624188101
99.0,110.0,129.9148712158203,4.999540218086668,-4.999957578145746,4.999274964782968,4.997859665785364,4.9999832248889575,-4.998609314881911,4.998189923447436,-4.998823849638895,4.99970834211655,-4.999791406149221
99.0,110.0,129.9214630126953,4.997061133110988,-4.996215385981071,4.999330109143367,4.995259074176235,4.999980534126508,-4.999258134391196,4.998217718343862,-4.999495648527352,4.999862913352441,-4.999647757082329
99.0,110.0,129.90916442871094,4.9982961715158805,-4.9999994582153935,4.999332890550063,4.995127041467687,4.999766856242097,-4.999676343007419,4.999517829783732,-4.999579516467766,4.99973286547062,-4.999648398241899
99.0,110.0,129.91461181640625,4.998732995068027,-4.9999997256219295,4.999566170175881,4.991945245574955,4.999078768531522,-4.999648778734461,4.999815288199345,-4.999705193744463,4.999603379434047,-4.999795812415917
99.0,110.0,129.9278106689453,4.994473824586294,-4.998082207060519,4.9998068056341385,4.999992997740294,4.993019426224732,-4.997814227642744,4.998671787758667,-4.999789112454851,4.999957927561796,-4.999925785680038
99.0,111.0,129.90609741210938,4.999912863678128,-4.999165258976309,4.999552804738331,4.998088287821865,4.9999965247146685,-4.998772232339348,4.999118822089759,-4.998948132081277,4.999817992194254,-4.999985552761054
99.0,111.0,129.92039489746094,4.9993588946039065,-4.994599826012529,4.998239518690881,4.992888487763407,4.99997811347887,-4.999863635034282,4.999994522933259,-4.9996511127328365,4.999728775549056,-4.999393344195596
99.0,111.0,129.91549682617188,4.997615959412606,-4.999997694090318,4.999008222363442,4.992909113330324,4.999240623772153,-4.9999040534031325,4.999745009433464,-4.999298985571943,4.999701552989431,-4.999766640365355
99.0,111.0,129.91195678710938,4.997322411254679,-4.999996883317617,4.999318561196184,4.994355001667672,4.999894276837331,-4.999860156011199,4.999368802748471,-4.999317327443119,4.999812908173618,-4.999698334000232
99.0,111.0,129.9229736328125,4.9995556050938,-4.99813121484581,4.999220092988617,4.998502579506875,4.997859626948761,-4.999797632996221,4.997488816949234,-4.999447014149903,4.998703934103672,-4.999979901862092
99.0,111.0,129.9145965576172,4.998173777978441,-4.999968346753293,4.999899044626978,4.994283947327652,4.998414293194376,-4.999992964120244,4.999766939075935,-4.998793653963489,4.99959403225887,-4.999934974096797
99.0,111.0,129.92059326171875,4.999843470436142,-4.999999865961999,4.999647340028814,4.996963480522432,4.999619508123974,-4.9999198879555165,4.999489860207079,-4.996966834575787,4.999627369370398,-4.9995175286366536
99.0,111.0,129.9169464111328,4.996105112573936,-4.9991176780489,4.999891424329415,4.999008251866419,4.999741857743508,-4.999004242251679,4.996031245073201,-4.999979108805798,4.999996565705131,-4.999697403632345
99.0,111.0,129.91285705566406,4.997725126406754,-4.999941307056215,4.999352334646719,4.995374830671259,4.9983474461746304,-4.999989324685527,4.999837631479197,-4.999279701342019,4.999516459322687,-4.999769182317784
99.0,111.0,129.9258270263672,4.99822613843966,-4.999860095905172,4.99988745106748,4.993365175548107,4.999210888215259,-4.99801109751913,4.999723076208842,-4.998260525092434,4.99975952845929,-4.99972181279214
99.0,111.0,129.9210968017578,4.9970604456623295,-4.999973555906514,4.999850557438264,4.996437077778099,4.999081481765561,-4.99646548062095,4.9998170800597626,-4.998621196588767,4.999970480678986,-4.9998102688026655
99.0,111.0,129.91856384277344,4.999937036983858,-4.998055964695228,4.998710427304358,4.990578972337563,4.9998449983543205,-4.999883824362438,4.999996436251983,-4.999471968566466,4.999542342954188,-4.999773726774173
99.0,111.0,129.91517639160156,4.998725098361717,-4.999999180896252,4.9999132604544,4.998030146499897,4.999354644477967,-4.999609852801681,4.999730792362694,-4.997449465983765,4.999752162093021,-4.999584718402062
99.0,111.0,129.90988159179688,4.998883331051202,-4.999999559740694,4.998932004466152,4.998102058940594,4.999209283076911,-4.999717154553592,4.99990595262641,-4.998966607418045,4.999520111711553,-4.999437026113591
99.0,111.0,129.9083251953125,4.9966731449437125,-4.999021917660122,4.999628415091522,4.998487967294244,4.997979789658649,-4.999981876259148,4.998635188866444,-4.999994549445849,4.99982312037983,-4.999726654890536
99.0,111.0,129.912353515625,4.993284783271495,-4.996776261874357,4.999991183678129,4.999754462933024,4.99836245496809,-4.99969111407778,4.998962831242915,-4.999935899915862,4.999782198893701,-4.999531499606274
99.0,111.0,129.9142303466797,4.9952344212182425,-4.9998036286144,4.999579943018095,4.997406893814349,4.997480586291541,-4.998408132671033,4.999455902189064,-4.999813913733325,4.999694734725222,-4.999951480358234
99.0,111.0,129.93124389648438,4.997827044811675,-4.993025789294812,4.9989093846598776,4.999574202831487,4.999519540411378,-4.997024343572538,4.9984503706800565,-4.998158160388398,4.999723322317832,-4.999876796987295
99.0,111.0,129.91668701171875,4.99576027849936,-4.9985449371466935,4.999568592926087,4.999114471938682,4.996494867220904,-4.9988724313133055,4.999930533258172,-4.998823688011373,4.999991610497446,-4.999700025337036
99.0,111.0,129.9224853515625,4.998586568021948,-4.997232416802494,4.99887359464757,4.999531141540074,4.993928804660192,-4.998530287203487,4.999485557883935,-4.999534047618129,4.999920564765594,-4.999706970829477
99.0,111.0,129.9186248779297,4.999991624990545,-4.999884602377374,4.9984457178394415,4.99751087827294,4.996734290161758,-4.999618831698137,4.997394629088658,-4.999909234125721,4.999525032830717,-4.999995171052223
99.0,111.0,129.9177703857422,4.998820996021888,-4.999249105649215,4.998717604549714,4.991612277820751,4.999911300508549,-4.999277635247029,4.999998890563028,-4.999350621122112,4.999661493204384,-4.999764711424918
99.0,111.0,129.9189910888672,4.9998835521558185,-4.999766953165994,4.999055098696036,4.990478099039693,4.999983917675876,-4.999989577907384,4.999858237663885,-4.998554735533394,4.999774271343719,-4.999836305558397
99.0,111.0,129.91661071777344,4.996964257498757,-4.999959654609428,4.999248776114502,4.996978929937844,4.997471138579343,-4.997126473543439,4.999811919866419,-4.999686686177904,4.999758064021474,-4.999992186133288
99.0,111.0,129.91172790527344,4.994054351698995,-4.997252569767961,4.999956203846719,4.999729203062228,4.998388974376375,-4.999168826916906,4.999263455904053,-4.999983102471296,4.999648589749361,-4.999582796976294
99.0,111.0,129.90830993652344,4.995875101460098,-4.999955613824661,4.999712147713747,4.998428510316827,4.997030937521833,-4.999998469908453,4.998922551820661,-4.999814977622485,4.999888153515285,-4.999867785195351
99.0,111.0,129.91558837890625,4.997388254957496,-4.998262821149365,4.99975763383591,4.993080109458261,4.998271416633044,-4.999771867906037,4.999916764412578,-4.999728945730295,4.999691661116197,-4.999829957296841
99.0,111.0,129.91470336914062,4.995415681449595,-4.998276745896458,4.999565754801,4.998213641077824,4.997032277707651,-4.9983752969081525,4.999237573382184,-4.999936628668173,4.999878388680669,-4.999933145941317
99.0,111.0,129.9121856689453,4.999995092133683,-4.999876431300408,4.998187784072266,4.995608855028131,4.997273785526533,-4.999078777668853,4.999998845871518,-4.999921702133617,4.999425737458582,-4.999997002834331
99.0,111.0,129.92001342773438,4.999385903758883,-4.9995135601853455,4.998831837886716,4.9977048686959,4.9991049978804165,-4.999294457908865,4.998224869508803,-4.9986160522524,4.999724572872951,-4.999551278673033
99.0,111.0,129.9275360107422,4.997005644987123,-4.999395255119129,4.999934324600497,4.998983093479652,4.9980861085978905,-4.996233470617589,4.998968400485,-4.997988663355114,4.999737039553558,-4.999998276969959
99.0,111.0,129.92291259765625,4.999921220330218,-4.999785954098587,4.999315931892173,4.990230191987151,4.999994039241114,-4.999284814871156,4.999916056802225,-4.998245686015354,4.999895280776631,-4.999763348978668
99.0,111.0,129.9205780029297,4.9983830167603855,-4.9991913069185845,4.998845399889836,4.995850350211311,4.998363836773507,-4.999196302173616,4.998073641322531,-4.999531272508324,4.9996390182278585,-4.99986346428619
99.0,111.0,129.91079711914062,4.9985568767057735,-4.999999579677144,4.999299170610735,4.995222247380122,4.999196168402463,-4.999894314966389,4.999936290035009,-4.999511178164076,4.999490228894167,-4.999559292985033
99.0,111.0,129.91810607910156,4.9973488624575,-4.999943742005716,4.999836541766419,4.9917343831647205,4.998483772871859,-4.999993650979433,4.999858844196528,-4.999329688564238,4.999456397833804,-4.999952030122426
99.0,111.0,129.91424560546875,4.9967614356239896,-4.999957649210147,4.99986820218107,4.999178877160878,4.997268455445082,-4.999953677713696,4.999183572857542,-4.998606186133841,4.999715050066957,-4.999684727338625
99.0,111.0,129.920654296875,4.99912244516643,-4.996580935868886,4.998362403956769,4.999625650229325,4.9945135221143,-4.998396033322312,4.9999980955015895,-4.999472437571022,4.999756150206368,-4.999796305134273
99.0,111.0,129.92108154296875,4.99596873082279,-4.998742368041677,4.999382557041494,4.99915845488532,4.998411811427161,-4.99731620033023,4.999608561746494,-4.9996807908869965,4.999457270914375,-4.999310271822539
99.0,111.0,129.91146850585938,4.997534111062582,-4.998435666058466,4.999137395256753,4.995636771981015,4.997868630992584,-4.999970905635495,4.999553904239948,-4.999986972076947,4.99968649868618,-4.999816351568011
99.0,111.0,129.90525817871094,4.99669220888979,-4.999998978104128,4.999270746663933,4.996116475191723,4.998434551613153,-4.999933804797816,4.999929730347676,-4.999942425063445,4.999773855336758,-4.999834016362589
99.0,111.0,129.91818237304688,4.999796389850731,-4.99516114578792,4.998410338073876,4.996396157979118,4.996494291199269,-4.999804004555513,4.999678538477317,-4.999519208541049,4.999965161941695,-4.9997485070160055
99.0,111.0,129.9251708984375,4.998986249012445,-4.995392145181965,4.997961678735519,4.992659865726906,4.999850223636386,-4.999700717576846,4.99999962247041,-4.999526830290455,4.9996191254713525,-4.999199197583763
99.0,111.0,129.9231719970703,4.998418651229999,-4.991318649749074,4.998449577011284,4.998160340810929,4.9999349115771246,-4.999912753837105,4.998969325526817,-4.998541577143114,4.999906731864062,-4.999461727101772
99.0,111.0,129.91751098632812,4.9954605984617615,-4.999997587396885,4.99931616246678,4.994437599109444,4.999475211081626,-4.998995397167658,4.998204932267528,-4.99998530246107,4.999977258665747,-4.999751825909213
99.0,111.0,129.9136199951172,4.9984212305637215,-4.994905252309303,4.998381373276388,4.9993330516912975,4.999915227049347,-4.9995732311502605,4.999334813516452,-4.999095547197513,4.999845636031695,-4.999384624188101
99.0,111.0,129.9148712158203,4.999540218086668,-4.999957578145746,4.999274964782968,4.997859665785364,4.9999832248889575,-4.998609314881911,4.998189923447436,-4.998823849638895,4.99970834211655,-4.999791406149221
99.0,111.0,129.91493225097656,4.995589583004605,-4.996780205459874,4.998931254915778,4.9969424444298784,4.999980534126508,-4.998629059372487,4.999999009399174,-4.999108000675033,4.999943353195008,-4.999647757082329
99.0,111.0,129.90916442871094,4.9982961715158805,-4.9999994582153935,4.999332890550063,4.995127041467687,4.999766856242097,-4.999676343007419,4.999517829783732,-4.999579516467766,4.99973286547062,-4.999648398241899
99.0,111.0,129.90541076660156,4.996936747502854,-4.999511658750366,4.999566170175881,4.9994953312061945,4.999355012874971,-4.999653138402578,4.998824222371187,-4.999645543565112,4.999908083049745,-4.999513144116266
99.0,111.0,129.9278106689453,4.994473824586294,-4.998082207060519,4.9998068056341385,4.999992997740294,4.993019426224732,-4.997814227642744,4.998671787758667,-4.999789112454851,4.999957927561796,-4.999925785680038
99.0,112.0,129.90609741210938,4.999912863678128,-4.999165258976309,4.999552804738331,4.998088287821865,4.9999965247146685,-4.998772232339348,4.999118822089759,-4.998948132081277,4.999817992194254,-4.999985552761054
99.0,112.0,129.9144744873047,4.997748574485501,-4.998435527398895,4.999427580208922,4.9970883244971205,4.997662525110519,-4.999937660532626,4.999660385529428,-4.998921946834946,4.99969614699738,-4.999784511648093
99.0,112.0,129.91549682617188,4.997615959412606,-4.999997694090318,4.999008222363442,4.992909113330324,4.999240623772153,-4.9999040534031325,4.999745009433464,-4.999298985571943,4.999701552989431,-4.999766640365355
99.0,112.0,129.91195678710938,4.997322411254679,-4.999996883317617,4.999318561196184,4.994355001667672,4.999894276837331,-4.999860156011199,4.999368802748471,-4.999317327443119,4.999812908173618,-4.999698334000232
99.0,112.0,129.9143524169922,4.993432328413601,-4.997273509802785,4.999985166730267,4.9983628909033895,4.998280790052945,-4.99970234097966,4.9999274090722015,-4.999447014149903,4.9996608514263965,-4.999511293022633
99.0,112.0,129.9145965576172,4.998173777978441,-4.999968346753293,4.999899044626978,4.994283947327652,4.998414293194376,-4.999992964120244,4.999766939075935,-4.998793653963489,4.99959403225887,-4.999934974096797
99.0,112.0,129.92059326171875,4.999843470436142,-4.999999865961999,4.999647340028814,4.996963480522432,4.999619508123974,-4.9999198879555165,4.999489860207079,-4.996966834575787,4.999627369370398,-4.9995175286366536
99.0,112.0,129.9169464111328,4.996105112573936,-4.9991176780489,4.999891424329415,4.999008251866419,4.999741857743508,-4.999004242251679,4.996031245073201,-4.999979108805798,4.999996565705131,-4.999697403632345
99.0,112.0,129.91285705566406,4.997725126406754,-4.999941307056215,4.999352334646719,4.995374830671259,4.9983474461746304,-4.999989324685527,4.999837631479197,-4.999279701342019,4.999516459322687,-4.999769182317784
99.0,112.0,129.9035186767578,4.995050191200551,-4.999987381166344,4.99988745106748,4.998410605149887,4.999744041629223,-4.999998491972223,4.998591884064287,-4.999870725595977,4.9998819126573615,-4.999770871838745
99.0,112.0,129.9210968017578,4.9970604456623295,-4.999973555906514,4.999850557438264,4.996437077778099,4.999081481765561,-4.99646548062095,4.9998170800597626,-4.998621196588767,4.999970480678986,-4.9998102688026655
99.0,112.0,129.90802001953125,4.999333747702089,-4.999999552763232,4.999626828887784,4.995703521400523,4.999430854024879,-4.9996502588724105,4.9997879202473685,-4.999471968566466,4.999660333327264,-4.999585183586006
99.0,112.0,129.91517639160156,4.998725098361717,-4.999999180896252,4.9999132604544,4.998030146499897,4.999354644477967,-4.999609852801681,4.999730792362694,-4.997449465983765,4.999752162093021,-4.999584718402062
99.0,112.0,129.90988159179688,4.998883331051202,-4.999999559740694,4.998932004466152,4.998102058940594,4.999209283076911,-4.999717154553592,4.99990595262641,-4.998966607418045,4.999520111711553,-4.999437026113591
99.0,112.0,129.9083251953125,4.9966731449437125,-4.999021917660122,4.999628415091522,4.998487967294244,4.997979789658649,-4.999981876259148,4.998635188866444,-4.999994549445849,4.99982312037983,-4.999726654890536
99.0,112.0,129.912353515625,4.993284783271495,-4.996776261874357,4.999991183678129,4.999754462933024,4.99836245496809,-4.99969111407778,4.998962831242915,-4.999935899915862,4.999782198893701,-4.999531499606274
99.0,112.0,129.9142303466797,4.9952344212182425,-4.9998036286144,4.999579943018095,4.997406893814349,4.997480586291541,-4.998408132671033,4.999455902189064,-4.999813913733325,4.999694734725222,-4.999951480358234
99.0,112.0,129.93124389648438,4.997827044811675,-4.993025789294812,4.9989093846598776,4.999574202831487,4.999519540411378,-4.997024343572538,4.9984503706800565,-4.998158160388398,4.999723322317832,-4.999876796987295
99.0,112.0,129.91668701171875,4.99576027849936,-4.9985449371466935,4.999568592926087,4.999114471938682,4.996494867220904,-4.9988724313133055,4.999930533258172,-4.998823688011373,4.999991610497446,-4.999700025337036
99.0,112.0,129.9185028076172,4.9979275082311805,-4.999999874117923,4.999810420089821,4.998688505601495,4.9995679378185685,-4.998530287203487,4.999485557883935,-4.997220404695453,4.999854480745869,-4.999706970829477
99.0,112.0,129.9175567626953,4.998733380475678,-4.99999958754875,4.998787070920452,4.99751087827294,4.996734290161758,-4.999919236987712,4.999942977571579,-4.999002930637451,4.999425989875263,-4.999486407553682
99.0,112.0,129.9177703857422,4.998820996021888,-4.999249105649215,4.998717604549714,4.991612277820751,4.999911300508549,-4.999277635247029,4.999998890563028,-4.999350621122112,4.999661493204384,-4.999764711424918
99.0,112.0,129.90325927734375,4.997056673617602,-4.999766953165994,4.999547003854719,4.999958585734737,4.999983917675876,-4.99962800064439,4.997799504810978,-4.9999969374594455,4.999791852999044,-4.999775066850953
99.0,112.0,129.91661071777344,4.996964257498757,-4.999959654609428,4.999248776114502,4.996978929937844,4.997471138579343,-4.997126473543439,4.999811919866419,-4.999686686177904,4.999758064021474,-4.999992186133288
99.0,112.0,129.91172790527344,4.994054351698995,-4.997252569767961,4.999956203846719,4.999729203062228,4.998388974376375,-4.999168826916906,4.999263455904053,-4.999983102471296,4.999648589749361,-4.999582796976294
99.0,112.0,129.90830993652344,4.995875101460098,-4.999955613824661,4.999712147713747,4.998428510316827,4.997030937521833,-4.999998469908453,4.998922551820661,-4.999814977622485,4.999888153515285,-4.999867785195351
99.0,112.0,129.91558837890625,4.997388254957496,-4.998262821149365,4.99975763383591,4.993080109458261,4.998271416633044,-4.999771867906037,4.999916764412578,-4.999728945730295,4.999691661116197,-4.999829957296841
99.0,112.0,129.91470336914062,4.995415681449595,-4.998276745896458,4.999565754801,4.998213641077824,4.997032277707651,-4.9983752969081525,4.999237573382184,-4.999936628668173,4.999878388680669,-4.999933145941317
99.0,112.0,129.9121856689453,4.999995092133683,-4.999876431300408,4.998187784072266,4.995608855028131,4.997273785526533,-4.999078777668853,4.999998845871518,-4.999921702133617,4.999425737458582,-4.999997002834331
99.0,112.0,129.91958618164062,4.999476556392802,-4.994394805440507,4.998029513388763,4.997072570305799,4.996221460098374,-4.999792975313139,4.999572021059324,-4.999671467227881,4.999972238404917,-4.999689195751612
99.0,112.0,129.90353393554688,4.997530611665228,-4.9991153282469085,4.998689553358288,4.998983093479652,4.999424113333615,-4.999782367432723,4.999779247503964,-4.999441141903773,4.999677424338213,-4.999740506238001
99.0,112.0,129.90878295898438,4.997471638363394,-4.999999537690063,4.999231973277352,4.995181808123929,4.998227280347672,-4.999996184466752,4.99981697976205,-4.9999873908250505,4.999774480614318,-4.999671257205458
99.0,112.0,129.90724182128906,4.998240166090948,-4.9995876184037975,4.99878124529406,4.999556722876114,4.998856197321715,-4.999306593283986,4.998865263100657,-4.999741921766773,4.999775121220938,-4.999596666885011
99.0,112.0,129.91079711914062,4.9985568767057735,-4.999999579677144,4.999299170610735,4.995222247380122,4.999196168402463,-4.999894314966389,4.999936290035009,-4.999511178164076,4.999490228894167,-4.999559292985033
99.0,112.0,129.91810607910156,4.9973488624575,-4.999943742005716,4.999836541766419,4.9917343831647205,4.998483772871859,-4.999993650979433,4.999858844196528,-4.999329688564238,4.999456397833804,-4.999952030122426
99.0,112.0,129.9058074951172,4.997981070333436,-4.999999830542126,4.999308983283937,4.996007778229712,4.999036993630008,-4.999713167400728,4.999798293583336,-4.999892065277929,4.999715050066957,-4.999716239423077
99.0,112.0,129.9156951904297,4.997144830361497,-4.999999451984924,4.998362403956769,4.994587226359908,4.998644302919848,-4.999749692660472,4.999097249143416,-4.999670283972265,4.999688598938724,-4.999850195638185
99.0,112.0,129.92108154296875,4.99596873082279,-4.998742368041677,4.999382557041494,4.99915845488532,4.998411811427161,-4.99731620033023,4.999608561746494,-4.9996807908869965,4.999457270914375,-4.999310271822539
99.0,112.0,129.91146850585938,4.997534111062582,-4.998435666058466,4.999137395256753,4.995636771981015,4.997868630992584,-4.999970905635495,4.999553904239948,-4.999986972076947,4.99968649868618,-4.999816351568011
99.0,112.0,129.90525817871094,4.99669220888979,-4.999998978104128,4.999270746663933,4.996116475191723,4.998434551613153,-4.999933804797816,4.999929730347676,-4.999942425063445,4.999773855336758,-4.999834016362589
99.0,112.0,129.91818237304688,4.999796389850731,-4.99516114578792,4.998410338073876,4.996396157979118,4.996494291199269,-4.999804004555513,4.999678538477317,-4.999519208541049,4.999965161941695,-4.9997485070160055
99.0,112.0,129.9251708984375,4.998986249012445,-4.995392145181965,4.997961678735519,4.992659865726906,4.999850223636386,-4.999700717576846,4.99999962247041,-4.999526830290455,4.9996191254713525,-4.999199197583763
99.0,112.0,129.91835021972656,4.996325649786799,-4.996432887281624,4.998449577011284,4.996881391757894,4.999995962051279,-4.9982710515062845,4.9999995374581125,-4.99911846695397,4.999978601157794,-4.999461727101772
99.0,112.0,129.91751098632812,4.9954605984617615,-4.999997587396885,4.99931616246678,4.994437599109444,4.999475211081626,-4.998995397167658,4.998204932267528,-4.99998530246107,4.999977258665747,-4.999751825909213
99.0,112.0,129.91094970703125,4.997073583718304,-4.998421191414521,4.998512705371496,4.9993330516912975,4.999478005948926,-4.999409540299428,4.998239476873646,-4.999997377206866,4.999791016152701,-4.999501412032576
99.0,112.0,129.9148712158203,4.999540218086668,-4.999957578145746,4.999274964782968,4.997859665785364,4.9999832248889575,-4.998609314881911,4.998189923447436,-4.998823849638895,4.99970834211655,-4.999791406149221
99.0,112.0,129.91493225097656,4.995589583004605,-4.996780205459874,4.998931254915778,4.9969424444298784,4.999980534126508,-4.998629059372487,4.999999009399174,-4.999108000675033,4.999943353195008,-4.999647757082329
99.0,112.0,129.90916442871094,4.9982961715158805,-4.9999994582153935,4.999332890550063,4.995127041467687,4.999766856242097,-4.999676343007419,4.999517829783732,-4.999579516467766,4.99973286547062,-4.999648398241899
99.0,112.0,129.90541076660156,4.996936747502854,-4.999511658750366,4.999566170175881,4.9994953312061945,4.999355012874971,-4.999653138402578,4.998824222371187,-4.999645543565112,4.999908083049745,-4.999513144116266
99.0,112.0,129.92430114746094,4.995031791966878,-4.998696978652479,4.999649641674342,4.997937411061956,4.995272822985902,-4.997649052509894,4.999983147882985,-4.999119257501569,4.999947824492336,-4.999844357550307
99.0,113.0,129.90609741210938,4.999912863678128,-4.999165258976309,4.999552804738331,4.998088287821865,4.9999965247146685,-4.998772232339348,4.999118822089759,-4.998948132081277,4.999817992194254,-4.999985552761054
99.0,113.0,129.9144744873047,4.997748574485501,-4.998435527398895,4.999427580208922,4.9970883244971205,4.997662525110519,-4.999937660532626,4.999660385529428,-4.998921946834946,4.99969614699738,-4.999784511648093
99.0,113.0,129.91549682617188,4.997615959412606,-4.999997694090318,4.999008222363442,4.992909113330324,4.999240623772153,-4.9999040534031325,4.999745009433464,-4.999298985571943,4.999701552989431,-4.999766640365355
99.0,113.0,129.91195678710938,4.997322411254679,-4.999996883317617,4.999318561196184,4.994355001667672,4.999894276837331,-4.999860156011199,4.999368802748471,-4.999317327443119,4.999812908173618,-4.999698334000232
99.0,113.0,129.9143524169922,4.993432328413601,-4.997273509802785,4.999985166730267,4.9983628909033895,4.998280790052945,-4.99970234097966,4.9999274090722015,-4.999447014149903,4.9996608514263965,-4.999511293022633
99.0,113.0,129.9145965576172,4.998173777978441,-4.999968346753293,4.999899044626978,4.994283947327652,4.998414293194376,-4.999992964120244,4.999766939075935,-4.998793653963489,4.99959403225887,-4.999934974096797
99.0,113.0,129.91336059570312,4.996446559145284,-4.998221432556455,4.998229631430537,4.998953274844128,4.9988559159900205,-4.999056002867455,4.999305620784834,-4.999827089203119,4.999855425702708,-4.999334754055369
99.0,113.0,129.90907287597656,4.998454751259239,-4.999999666724996,4.999095511132129,4.994758893350806,4.999857416188196,-4.999004242251679,4.999906301423689,-4.9999987440815845,4.999545057537674,-4.9996914840799525
99.0,113.0,129.91285705566406,4.997725126406754,-4.999941307056215,4.999352334646719,4.995374830671259,4.9983474461746304,-4.999989324685527,4.999837631479197,-4.999279701342019,4.999516459322687,-4.999769182317784
99.0,113.0,129.9035186767578,4.995050191200551,-4.999987381166344,4.99988745106748,4.998410605149887,4.999744041629223,-4.999998491972223,4.998591884064287,-4.999870725595977,4.9998819126573615,-4.999770871838745
99.0,113.0,129.9161834716797,4.996886269082426,-4.999408108733283,4.999051382739351,4.998831317555494,4.997097514794686,-4.999534820179852,4.999744512758891,-4.999533508455626,4.999402211251254,-4.999385550217783
99.0,113.0,129.90802001953125,4.999333747702089,-4.999999552763232,4.999626828887784,4.995703521400523,4.999430854024879,-4.9996502588724105,4.9997879202473685,-4.999471968566466,4.999660333327264,-4.999585183586006
99.0,113.0,129.91299438476562,4.994518474202245,-4.999999750834205,4.9999132604544,4.998379125802166,4.999197067264838,-4.999183148745432,4.997617598171607,-4.999991070949262,4.99997976563915,-4.999626042254887
99.0,113.0,129.90988159179688,4.998883331051202,-4.999999559740694,4.998932004466152,4.998102058940594,4.999209283076911,-4.999717154553592,4.99990595262641,-4.998966607418045,4.999520111711553,-4.999437026113591
99.0,113.0,129.9083251953125,4.9966731449437125,-4.999021917660122,4.999628415091522,4.998487967294244,4.997979789658649,-4.999981876259148,4.998635188866444,-4.999994549445849,4.99982312037983,-4.999726654890536
99.0,113.0,129.90496826171875,4.998364542958098,-4.999999512466775,4.998785035297291,4.997813818974176,4.99937728418552,-4.999730196621096,4.999770907394591,-4.999935899915862,4.999556377783232,-4.999468633441538
99.0,113.0,129.9142303466797,4.9952344212182425,-4.9998036286144,4.999579943018095,4.997406893814349,4.997480586291541,-4.998408132671033,4.999455902189064,-4.999813913733325,4.999694734725222,-4.999951480358234
99.0,113.0,129.92698669433594,4.998449554900962,-4.999997415907813,4.999370847506633,4.995983981315186,4.998815194432263,-4.996821936771907,4.999840486317617,-4.998114945894891,4.999732253682197,-4.999680080043289
99.0,113.0,129.9144744873047,4.993411527293175,-4.996747146557434,4.99999646539385,4.999850974206689,4.998422537881569,-4.999687684187167,4.998973157101489,-4.999582055174345,4.999653188247886,-4.999580462162436
99.0,113.0,129.9146270751953,4.997983244698744,-4.999999815490797,4.999925455654919,4.992608303827343,4.997471185757963,-4.999996231470882,4.999746633131258,-4.99999378302441,4.999513378952322,-4.9999164087157855
99.0,113.0,129.9175567626953,4.998733380475678,-4.99999958754875,4.998787070920452,4.99751087827294,4.996734290161758,-4.999919236987712,4.999942977571579,-4.999002930637451,4.999425989875263,-4.999486407553682
99.0,113.0,129.9177703857422,4.998820996021888,-4.999249105649215,4.998717604549714,4.991612277820751,4.999911300508549,-4.999277635247029,4.999998890563028,-4.999350621122112,4.999661493204384,-4.999764711424918
99.0,113.0,129.90325927734375,4.997056673617602,-4.999766953165994,4.999547003854719,4.999958585734737,4.999983917675876,-4.99962800064439,4.997799504810978,-4.9999969374594455,4.999791852999044,-4.999775066850953
99.0,113.0,129.91259765625,4.9996760309780015,-4.999934203900334,4.999909385829087,4.998488440720407,4.999997623528077,-4.997019519832075,4.999250409999666,-4.998265244337187,4.9999599831906565,-4.999982511378382
99.0,113.0,129.8978729248047,4.998029419989899,-4.9997890318743385,4.999481601380657,4.999976054801505,4.999983951388287,-4.999567196127577,4.999263455904053,-4.999868448877531,4.999776189104578,-4.999652679995535
99.0,113.0,129.90023803710938,4.998010681357698,-4.999115481357562,4.99904722113962,4.99841380427057,4.999629225857147,-4.999998469908453,4.999571201294298,-4.999814977622485,4.999731053167634,-4.999780757499533
99.0,113.0,129.91183471679688,4.998804323036501,-4.999779398562449,4.99975763383591,4.997857745270144,4.996393766786227,-4.9983308173028025,4.999854292249319,-4.999927404651523,4.999422328326477,-4.999998066093934
99.0,113.0,129.903076171875,4.997825492183179,-4.999999980847403,4.999073351184996,4.9996505819014105,4.999648202842563,-4.998408308044007,4.999104760357379,-4.999936628668173,4.99997058129833,-4.999656053587357
99.0,113.0,129.90692138671875,4.999995092133683,-4.999839601355594,4.99985027630914,4.998700550579662,4.997805620553194,-4.99984556783174,4.997857439052311,-4.999842233820486,4.999897152346428,-4.999838310439532
99.0,113.0,129.9148712158203,4.996868396063715,-4.997821934181353,4.998029513388763,4.995290622211517,4.998820194044874,-4.99939914270164,4.999572021059324,-4.999883358147061,4.9998456444994,-4.999753561293921
99.0,113.0,129.90353393554688,4.997530611665228,-4.9991153282469085,4.998689553358288,4.998983093479652,4.999424113333615,-4.999782367432723,4.999779247503964,-4.999441141903773,4.999677424338213,-4.999740506238001
99.0,113.0,129.90878295898438,4.997471638363394,-4.999999537690063,4.999231973277352,4.995181808123929,4.998227280347672,-4.999996184466752,4.99981697976205,-4.9999873908250505,4.999774480614318,-4.999671257205458
99.0,113.0,129.90724182128906,4.998240166090948,-4.9995876184037975,4.99878124529406,4.999556722876114,4.998856197321715,-4.999306593283986,4.998865263100657,-4.999741921766773,4.999775121220938,-4.999596666885011
99.0,113.0,129.91079711914062,4.9985568767057735,-4.999999579677144,4.999299170610735,4.995222247380122,4.999196168402463,-4.999894314966389,4.999936290035009,-4.999511178164076,4.999490228894167,-4.999559292985033
99.0,113.0,129.9133758544922,4.995969116999041,-4.998387256939857,4.999117743379041,4.995262703148768,4.999992865097996,-4.9993365141937325,4.999609392556192,-4.999329688564238,4.999918152035812,-4.999698013420447
99.0,113.0,129.9058074951172,4.997981070333436,-4.999999830542126,4.999308983283937,4.996007778229712,4.999036993630008,-4.999713167400728,4.999798293583336,-4.999892065277929,4.999715050066957,-4.999716239423077
99.0,113.0,129.9075469970703,4.997360482190788,-4.999757455997276,4.999787175690884,4.998506210048227,4.996725091885066,-4.999749692660472,4.999097249143416,-4.999996340052935,4.999730475793063,-4.999898869416015
99.0,113.0,129.92108154296875,4.99596873082279,-4.998742368041677,4.999382557041494,4.99915845488532,4.998411811427161,-4.99731620033023,4.999608561746494,-4.9996807908869965,4.999457270914375,-4.999310271822539
99.0,113.0,129.91146850585938,4.997534111062582,-4.998435666058466,4.999137395256753,4.995636771981015,4.997868630992584,-4.999970905635495,4.999553904239948,-4.999986972076947,4.99968649868618,-4.999816351568011
99.0,113.0,129.90525817871094,4.99669220888979,-4.999998978104128,4.999270746663933,4.996116475191723,4.998434551613153,-4.999933804797816,4.999929730347676,-4.999942425063445,4.999773855336758,-4.999834016362589
99.0,113.0,129.91525268554688,4.995661341397628,-4.997765755160851,4.998904960124966,4.998661510792153,4.998566046141893,-4.998943892111512,4.99842563201441,-4.999998406586834,4.999842649882567,-4.999669651560729
99.0,113.0,129.9178009033203,4.995862616659995,-4.995392145181965,4.999302362591815,4.994503292215207,4.999514560385533,-4.999956141906049,4.999072806448103,-4.999478759287893,4.999897394871028,-4.999872429792211
99.0,113.0,129.90736389160156,4.9965647334887136,-4.999511983573303,4.99926403159065,4.998484147071102,4.999196187450991,-4.999704795702101,4.998857972981508,-4.999759936489757,4.999889527036713,-4.999578904626773
99.0,113.0,129.91751098632812,4.9954605984617615,-4.999997587396885,4.99931616246678,4.994437599109444,4.999475211081626,-4.998995397167658,4.998204932267528,-4.99998530246107,4.999977258665747,-4.999751825909213
99.0,113.0,129.91094970703125,4.997073583718304,-4.998421191414521,4.998512705371496,4.9993330516912975,4.999478005948926,-4.999409540299428,4.998239476873646,-4.999997377206866,4.999791016152701,-4.999501412032576
99.0,113.0,129.9148712158203,4.999540218086668,-4.999957578145746,4.999274964782968,4.997859665785364,4.9999832248889575,-4.998609314881911,4.998189923447436,-4.998823849638895,4.99970834211655,-4.999791406149221
99.0,113.0,129.91493225097656,4.995589583004605,-4.996780205459874,4.998931254915778,4.9969424444298784,4.999980534126508,-4.998629059372487,4.999999009399174,-4.999108000675033,4.999943353195008,-4.999647757082329
99.0,113.0,129.90916442871094,4.9982961715158805,-4.9999994582153935,4.999332890550063,4.995127041467687,4.999766856242097,-4.999676343007419,4.999517829783732,-4.999579516467766,4.99973286547062,-4.999648398241899
99.0,113.0,129.90541076660156,4.996936747502854,-4.999511658750366,4.999566170175881,4.9994953312061945,4.999355012874971,-4.999653138402578,4.998824222371187,-4.999645543565112,4.999908083049745,-4.999513144116266
99.0,113.0,129.90826416015625,4.999613320283414,-4.999999901150916,4.9996075322777465,4.9978040519249385,4.998976710328178,-4.999781485401932,4.999963599898742,-4.998624147039276,4.999602501780593,-4.999632685669502
99.0,114.0,129.90609741210938,4.999912863678128,-4.999165258976309,4.999552804738331,4.998088287821865,4.9999965247146685,-4.998772232339348,4.999118822089759,-4.998948132081277,4.999817992194254,-4.999985552761054
99.0,114.0,129.9144744873047,4.997748574485501,-4.998435527398895,4.999427580208922,4.9970883244971205,4.997662525110519,-4.999937660532626,4.999660385529428,-4.998921946834946,4.99969614699738,-4.999784511648093
99.0,114.0,129.91549682617188,4.997615959412606,-4.999997694090318,4.999008222363442,4.992909113330324,4.999240623772153,-4.9999040534031325,4.999745009433464,-4.999298985571943,4.999701552989431,-4.999766640365355
99.0,114.0,129.91195678710938,4.997322411254679,-4.999996883317617,4.999318561196184,4.994355001667672,4.999894276837331,-4.999860156011199,4.999368802748471,-4.999317327443119,4.999812908173618,-4.999698334000232
99.0,114.0,129.9143524169922,4.993432328413601,-4.997273509802785,4.999985166730267,4.9983628909033895,4.998280790052945,-4.99970234097966,4.9999274090722015,-4.999447014149903,4.9996608514263965,-4.999511293022633
99.0,114.0,129.9108428955078,4.99675867228464,-4.999382145400181,4.999606266580141,4.999959815651479,4.999591729663961,-4.998433702958455,4.998174799193471,-4.999957364658066,4.999575724937875,-4.999640750448836
99.0,114.0,129.91336059570312,4.996446559145284,-4.998221432556455,4.998229631430537,4.998953274844128,4.9988559159900205,-4.999056002867455,4.999305620784834,-4.999827089203119,4.999855425702708,-4.999334754055369
99.0,114.0,129.90907287597656,4.998454751259239,-4.999999666724996,4.999095511132129,4.994758893350806,4.999857416188196,-4.999004242251679,4.999906301423689,-4.9999987440815845,4.999545057537674,-4.9996914840799525
99.0,114.0,129.91285705566406,4.997725126406754,-4.999941307056215,4.999352334646719,4.995374830671259,4.9983474461746304,-4.999989324685527,4.999837631479197,-4.999279701342019,4.999516459322687,-4.999769182317784
99.0,114.0,129.9035186767578,4.995050191200551,-4.999987381166344,4.99988745106748,4.998410605149887,4.999744041629223,-4.999998491972223,4.998591884064287,-4.999870725595977,4.9998819126573615,-4.999770871838745
99.0,114.0,129.91567993164062,4.998724438189873,-4.999999961446056,4.998950887569052,4.994141129466458,4.99889283480108,-4.999975815213149,4.999947993766276,-4.999533508455626,4.999380323233494,-4.999467269708035
99.0,114.0,129.90802001953125,4.999333747702089,-4.999999552763232,4.999626828887784,4.995703521400523,4.999430854024879,-4.9996502588724105,4.9997879202473685,-4.999471968566466,4.999660333327264,-4.999585183586006
99.0,114.0,129.90679931640625,4.9980082521654055,-4.999999644814482,4.999052422626905,4.997121213731363,4.999197067264838,-4.99995001491713,4.998947495784136,-4.999991070949262,4.999687237237651,-4.999644292769856
99.0,114.0,129.90988159179688,4.998883331051202,-4.999999559740694,4.998932004466152,4.998102058940594,4.999209283076911,-4.999717154553592,4.99990595262641,-4.998966607418045,4.999520111711553,-4.999437026113591
99.0,114.0,129.9083251953125,4.9966731449437125,-4.999021917660122,4.999628415091522,4.998487967294244,4.997979789658649,-4.999981876259148,4.998635188866444,-4.999994549445849,4.99982312037983,-4.999726654890536
99.0,114.0,129.90496826171875,4.998364542958098,-4.999999512466775,4.998785035297291,4.997813818974176,4.99937728418552,-4.999730196621096,4.999770907394591,-4.999935899915862,4.999556377783232,-4.999468633441538
99.0,114.0,129.90573120117188,4.997194505107706,-4.99819264838849,4.999416369162972,4.998929880918951,4.997925825543993,-4.9998454481352175,4.999455902189064,-4.999994415900664,4.999789763716337,-4.999689603443467
99.0,114.0,129.91244506835938,4.999340846530281,-4.997748044275978,4.998010926009593,4.995983981315186,4.99785098350686,-4.999322680631399,4.999840486317617,-4.999869112259315,4.999853264343933,-4.999787280594314
99.0,114.0,129.896728515625,4.999569087368439,-4.999999291447226,4.999756598570318,4.999850974206689,4.999490180724646,-4.999948005798237,4.999994454960545,-4.999582055174345,4.999541475413409,-4.999581355913277
99.0,114.0,129.91143798828125,4.9972277632909705,-4.998389205416963,4.998779743894621,4.99539813450558,4.998826285043988,-4.999656760111344,4.999998189035841,-4.99950088992633,4.999755649114688,-4.99984487377631
99.0,114.0,129.9107666015625,4.999805396786126,-4.999537880840734,4.999584875309139,4.997806700551102,4.998767332481902,-4.998647794081602,4.998773815315532,-4.999002930637451,4.999976517851215,-4.999927679498509
99.0,114.0,129.90843200683594,4.998820996021888,-4.999955842240119,4.999642555282799,4.997906875476722,4.998647586093616,-4.9978254185743936,4.99918512046923,-4.99982700635649,4.999755657323659,-4.999988875614183
99.0,114.0,129.90325927734375,4.997056673617602,-4.999766953165994,4.999547003854719,4.999958585734737,4.999983917675876,-4.99962800064439,4.997799504810978,-4.9999969374594455,4.999791852999044,-4.999775066850953
99.0,114.0,129.91259765625,4.9996760309780015,-4.999934203900334,4.999909385829087,4.998488440720407,4.999997623528077,-4.997019519832075,4.999250409999666,-4.998265244337187,4.9999599831906565,-4.999982511378382
99.0,114.0,129.8978729248047,4.998029419989899,-4.9997890318743385,4.999481601380657,4.999976054801505,4.999983951388287,-4.999567196127577,4.999263455904053,-4.999868448877531,4.999776189104578,-4.999652679995535
99.0,114.0,129.90023803710938,4.998010681357698,-4.999115481357562,4.99904722113962,4.99841380427057,4.999629225857147,-4.999998469908453,4.999571201294298,-4.999814977622485,4.999731053167634,-4.999780757499533
99.0,114.0,129.9073486328125,4.997848057432842,-4.999956025898183,4.99975763383591,4.999277061368838,4.996332918547308,-4.999967815053606,4.998526730934583,-4.999998352049154,4.999703562713916,-4.999998066093934
99.0,114.0,129.903076171875,4.997825492183179,-4.999999980847403,4.999073351184996,4.9996505819014105,4.999648202842563,-4.998408308044007,4.999104760357379,-4.999936628668173,4.99997058129833,-4.999656053587357
99.0,114.0,129.90692138671875,4.999995092133683,-4.999839601355594,4.99985027630914,4.998700550579662,4.997805620553194,-4.99984556783174,4.997857439052311,-4.999842233820486,4.999897152346428,-4.999838310439532
99.0,114.0,129.9148712158203,4.996868396063715,-4.997821934181353,4.998029513388763,4.995290622211517,4.998820194044874,-4.99939914270164,4.999572021059324,-4.999883358147061,4.9998456444994,-4.999753561293921
99.0,114.0,129.90353393554688,4.997530611665228,-4.9991153282469085,4.998689553358288,4.998983093479652,4.999424113333615,-4.999782367432723,4.999779247503964,-4.999441141903773,4.999677424338213,-4.999740506238001
99.0,114.0,129.90878295898438,4.997471638363394,-4.999999537690063,4.999231973277352,4.995181808123929,4.998227280347672,-4.999996184466752,4.99981697976205,-4.9999873908250505,4.999774480614318,-4.999671257205458
99.0,114.0,129.90724182128906,4.998240166090948,-4.9995876184037975,4.99878124529406,4.999556722876114,4.998856197321715,-4.999306593283986,4.998865263100657,-4.999741921766773,4.999775121220938,-4.999596666885011
99.0,114.0,129.9065399169922,4.993025067691485,-4.998100824269171,4.9997622299942215,4.996618107346558,4.999503059464654,-4.999998571331586,4.999936290035009,-4.999903299105248,4.999921613995749,-4.999714310354323
99.0,114.0,129.9133758544922,4.995969116999041,-4.998387256939857,4.999117743379041,4.995262703148768,4.999992865097996,-4.9993365141937325,4.999609392556192,-4.999329688564238,4.999918152035812,-4.999698013420447
99.0,114.0,129.9058074951172,4.997981070333436,-4.999999830542126,4.999308983283937,4.996007778229712,4.999036993630008,-4.999713167400728,4.999798293583336,-4.999892065277929,4.999715050066957,-4.999716239423077
99.0,114.0,129.9075469970703,4.997360482190788,-4.999757455997276,4.999787175690884,4.998506210048227,4.996725091885066,-4.999749692660472,4.999097249143416,-4.999996340052935,4.999730475793063,-4.999898869416015
99.0,114.0,129.9113311767578,4.997992527893439,-4.998742368041677,4.999198456445848,4.999966595912313,4.998270469812137,-4.99997408092152,4.999270396347788,-4.998964510100177,4.999659143132631,-4.999454611518882
99.0,114.0,129.89828491210938,4.997837683677568,-4.999789190912014,4.99974357537398,4.999073034429273,4.999813806110531,-4.999558681517393,4.999277148998425,-4.999846531558564,4.99985552524644,-4.999776482986304
99.0,114.0,129.9033966064453,4.9973769955384,-4.999114548532374,4.999085330088265,4.995817331465435,4.999644896204768,-4.999998948943429,4.9994907296978255,-4.999981166699434,4.999821773806573,-4.999945564625415
99.0,114.0,129.90603637695312,4.996808691242372,-4.999104356964322,4.998704324285775,4.999307325868693,4.998566046141893,-4.999993013947538,4.999400725951013,-4.999475609604479,4.999831498071506,-4.9996909078990415
99.0,114.0,129.90863037109375,4.999982386844166,-4.999925316797157,4.999972619375942,4.996109177311846,4.999431244827521,-4.999062124532397,4.999917899392535,-4.998589294148854,4.999680713779247,-4.999987288031249
99.0,114.0,129.90736389160156,4.9965647334887136,-4.999511983573303,4.99926403159065,4.998484147071102,4.999196187450991,-4.999704795702101,4.998857972981508,-4.999759936489757,4.999889527036713,-4.999578904626773
99.0,114.0,129.9165802001953,4.998442013828562,-4.99999992513746,4.999759868503848,4.9924447351624295,4.996814037441725,-4.999997799411515,4.999814608637456,-4.999920141808724,4.999485849120761,-4.999954047913407
99.0,114.0,129.90985107421875,4.997073583718304,-4.998421191414521,4.999050768770461,4.9948129108014605,4.999478005948926,-4.9998052234694,4.999941373203537,-4.999865107783184,4.999736739838804,-4.9996838128963645
99.0,114.0,129.9148712158203,4.999540218086668,-4.999957578145746,4.999274964782968,4.997859665785364,4.9999832248889575,-4.998609314881911,4.998189923447436,-4.998823849638895,4.99970834211655,-4.999791406149221
99.0,114.0,129.91493225097656,4.995589583004605,-4.996780205459874,4.998931254915778,4.9969424444298784,4.999980534126508,-4.998629059372487,4.999999009399174,-4.999108000675033,4.999943353195008,-4.999647757082329
99.0,114.0,129.90676879882812,4.99854732447961,-4.998722689097448,4.999653171066255,4.999289934133314,4.999766856242097,-4.999370356404301,4.997102110042011,-4.999932198852592,4.9999966048044495,-4.999893489727381
99.0,114.0,129.89981079101562,4.997486443875525,-4.9995573630977805,4.999101092205193,4.9994953312061945,4.998523396461241,-4.999998031747079,4.9997034336175314,-4.999948846997329,4.999782482164656,-4.999703516243686
99.0,114.0,129.90826416015625,4.999613320283414,-4.999999901150916,4.9996075322777465,4.9978040519249385,4.998976710328178,-4.999781485401932,4.999963599898742,-4.998624147039276,4.999602501780593,-4.999632685669502
99.0,115.0,129.90609741210938,4.999912863678128,-4.999165258976309,4.999552804738331,4.998088287821865,4.9999965247146685,-4.998772232339348,4.999118822089759,-4.998948132081277,4.999817992194254,-4.999985552761054
99.0,115.0,129.9092254638672,4.994108469356437,-4.999989728624207,4.999851849388643,4.999354488639707,4.997662525110519,-4.999999337076167,4.998664200971434,-4.999958779899947,4.999861011112524,-4.999604435455986
99.0,115.0,129.9070281982422,4.997615959412606,-4.997567652880726,4.999848014837021,4.996275047012462,4.999394511891559,-4.999900151469948,4.998855617103988,-4.999935174092778,4.999984288251662,-4.999834715220246
99.0,115.0,129.91195678710938,4.997322411254679,-4.999996883317617,4.999318561196184,4.994355001667672,4.999894276837331,-4.999860156011199,4.999368802748471,-4.999317327443119,4.999812908173618,-4.999698334000232
99.0,115.0,129.9143524169922,4.993432328413601,-4.997273509802785,4.999985166730267,4.9983628909033895,4.998280790052945,-4.99970234097966,4.9999274090722015,-4.999447014149903,4.9996608514263965,-4.999511293022633
99.0,115.0,129.90472412109375,4.998582463891799,-4.999382145400181,4.9998560618100125,4.997771937991642,4.998062803242139,-4.998472412990099,4.999811842637193,-4.999957364658066,4.999832519973882,-4.999953620952356
99.0,115.0,129.91201782226562,4.999360412678732,-4.999999894800634,4.99990978814287,4.99428057787598,4.998427775723304,-4.9999495872273485,4.9999092140364345,-4.9994903603972976,4.9994804356379445,-4.9996854268957485
99.0,115.0,129.9061279296875,4.998800080711394,-4.997626809705887,4.999095511132129,4.999014718758085,4.99780651072853,-4.999198627255877,4.999481806570597,-4.99990721138142,4.999975577680084,-4.999759691345618
99.0,115.0,129.91285705566406,4.997725126406754,-4.999941307056215,4.999352334646719,4.995374830671259,4.9983474461746304,-4.999989324685527,4.999837631479197,-4.999279701342019,4.999516459322687,-4.999769182317784
99.0,115.0,129.9035186767578,4.995050191200551,-4.999987381166344,4.99988745106748,4.998410605149887,4.999744041629223,-4.999998491972223,4.998591884064287,-4.999870725595977,4.9998819126573615,-4.999770871838745
99.0,115.0,129.9102020263672,4.999778692077775,-4.999937756932588,4.999836276019844,4.998924127992556,4.999695998557582,-4.99757008845638,4.999947993766276,-4.998679193957601,4.999380323233494,-4.999892949557986
99.0,115.0,129.90802001953125,4.999333747702089,-4.999999552763232,4.999626828887784,4.995703521400523,4.999430854024879,-4.9996502588724105,4.9997879202473685,-4.999471968566466,4.999660333327264,-4.999585183586006
99.0,115.0,129.90679931640625,4.9980082521654055,-4.999999644814482,4.999052422626905,4.997121213731363,4.999197067264838,-4.99995001491713,4.998947495784136,-4.999991070949262,4.999687237237651,-4.999644292769856
99.0,115.0,129.90988159179688,4.998883331051202,-4.999999559740694,4.998932004466152,4.998102058940594,4.999209283076911,-4.999717154553592,4.99990595262641,-4.998966607418045,4.999520111711553,-4.999437026113591
99.0,115.0,129.9083251953125,4.9966731449437125,-4.999021917660122,4.999628415091522,4.998487967294244,4.997979789658649,-4.999981876259148,4.998635188866444,-4.999994549445849,4.99982312037983,-4.999726654890536
99.0,115.0,129.90496826171875,4.998364542958098,-4.999999512466775,4.998785035297291,4.997813818974176,4.99937728418552,-4.999730196621096,4.999770907394591,-4.999935899915862,4.999556377783232,-4.999468633441538
99.0,115.0,129.90573120117188,4.997194505107706,-4.99819264838849,4.999416369162972,4.998929880918951,4.997925825543993,-4.9998454481352175,4.999455902189064,-4.999994415900664,4.999789763716337,-4.999689603443467
99.0,115.0,129.9080352783203,4.999340846530281,-4.999728546361613,4.998893071891896,4.999651946258252,4.998552246034335,-4.999163702512636,4.999019045043412,-4.999697371056021,4.99972175935113,-4.999482004283841
99.0,115.0,129.896728515625,4.999569087368439,-4.999999291447226,4.999756598570318,4.999850974206689,4.999490180724646,-4.999948005798237,4.999994454960545,-4.999582055174345,4.999541475413409,-4.999581355913277
99.0,115.0,129.908447265625,4.997248742180209,-4.998807959288191,4.998833406050267,4.9998284550614605,4.998826285043988,-4.999069140906351,4.999182245726464,-4.999761160511246,4.999558832720341,-4.999711714462302
99.0,115.0,129.9107666015625,4.999805396786126,-4.999537880840734,4.999584875309139,4.997806700551102,4.998767332481902,-4.998647794081602,4.998773815315532,-4.999002930637451,4.999976517851215,-4.999927679498509
99.0,115.0,129.90684509277344,4.997248710835206,-4.997947615431899,4.999642555282799,4.998931791030522,4.997317626647821,-4.9999839884137405,4.999344510131532,-4.999994565918325,4.999756560387896,-4.999763478575348
99.0,115.0,129.90325927734375,4.997056673617602,-4.999766953165994,4.999547003854719,4.999958585734737,4.999983917675876,-4.99962800064439,4.997799504810978,-4.9999969374594455,4.999791852999044,-4.999775066850953
99.0,115.0,129.9066619873047,4.998005048312663,-4.999999722042359,4.99896551557978,4.995027191248894,4.998255516936974,-4.999983487009528,4.999989048425932,-4.999977022830104,4.999971908794545,-4.999678908774719
99.0,115.0,129.8978729248047,4.998029419989899,-4.9997890318743385,4.999481601380657,4.999976054801505,4.999983951388287,-4.999567196127577,4.999263455904053,-4.999868448877531,4.999776189104578,-4.999652679995535
99.0,115.0,129.90023803710938,4.998010681357698,-4.999115481357562,4.99904722113962,4.99841380427057,4.999629225857147,-4.999998469908453,4.999571201294298,-4.999814977622485,4.999731053167634,-4.999780757499533
99.0,115.0,129.904052734375,4.997848057432842,-4.999100157999823,4.999097971400608,4.997695829186927,4.999405135072342,-4.999967815053606,4.999670281503339,-4.999620425110973,4.9997580871624,-4.999687583458213
99.0,115.0,129.89901733398438,4.996977377473852,-4.999999980847403,4.99839852681408,4.9996505819014105,4.999648202842563,-4.999476789251592,4.999512590072056,-4.999936628668173,4.999855005828984,-4.999775563998966
99.0,115.0,129.90692138671875,4.999995092133683,-4.999839601355594,4.99985027630914,4.998700550579662,4.997805620553194,-4.99984556783174,4.997857439052311,-4.999842233820486,4.999897152346428,-4.999838310439532
99.0,115.0,129.9148712158203,4.996868396063715,-4.997821934181353,4.998029513388763,4.995290622211517,4.998820194044874,-4.99939914270164,4.999572021059324,-4.999883358147061,4.9998456444994,-4.999753561293921
99.0,115.0,129.90353393554688,4.997530611665228,-4.9991153282469085,4.998689553358288,4.998983093479652,4.999424113333615,-4.999782367432723,4.999779247503964,-4.999441141903773,4.999677424338213,-4.999740506238001
99.0,115.0,129.90878295898438,4.997471638363394,-4.999999537690063,4.999231973277352,4.995181808123929,4.998227280347672,-4.999996184466752,4.99981697976205,-4.9999873908250505,4.999774480614318,-4.999671257205458
99.0,115.0,129.90682983398438,4.997296771257023,-4.998418961668604,4.9985744954318205,4.998597625853487,4.999898229259767,-4.999050063964576,4.99985159635458,-4.999850049582369,4.999769824719392,-4.99940792082381
99.0,115.0,129.9065399169922,4.993025067691485,-4.998100824269171,4.9997622299942215,4.996618107346558,4.999503059464654,-4.999998571331586,4.999936290035009,-4.999903299105248,4.999921613995749,-4.999714310354323
99.0,115.0,129.9133758544922,4.995969116999041,-4.998387256939857,4.999117743379041,4.995262703148768,4.999992865097996,-4.9993365141937325,4.999609392556192,-4.999329688564238,4.999918152035812,-4.999698013420447
99.0,115.0,129.9058074951172,4.997981070333436,-4.999999830542126,4.999308983283937,4.996007778229712,4.999036993630008,-4.999713167400728,4.999798293583336,-4.999892065277929,4.999715050066957,-4.999716239423077
99.0,115.0,129.9075469970703,4.997360482190788,-4.999757455997276,4.999787175690884,4.998506210048227,4.996725091885066,-4.999749692660472,4.999097249143416,-4.999996340052935,4.999730475793063,-4.999898869416015
99.0,115.0,129.9113311767578,4.997992527893439,-4.998742368041677,4.999198456445848,4.999966595912313,4.998270469812137,-4.99997408092152,4.999270396347788,-4.998964510100177,4.999659143132631,-4.999454611518882
99.0,115.0,129.89828491210938,4.997837683677568,-4.999789190912014,4.99974357537398,4.999073034429273,4.999813806110531,-4.999558681517393,4.999277148998425,-4.999846531558564,4.99985552524644,-4.999776482986304
99.0,115.0,129.9033966064453,4.9973769955384,-4.999114548532374,4.999085330088265,4.995817331465435,4.999644896204768,-4.999998948943429,4.9994907296978255,-4.999981166699434,4.999821773806573,-4.999945564625415
99.0,115.0,129.90603637695312,4.996808691242372,-4.999104356964322,4.998704324285775,4.999307325868693,4.998566046141893,-4.999993013947538,4.999400725951013,-4.999475609604479,4.999831498071506,-4.9996909078990415
99.0,115.0,129.89830017089844,4.996991603350656,-4.999925316797157,4.999972619375942,4.99978173222101,4.997988652939706,-4.999893311360694,4.999445552741999,-4.999986316858314,4.999853135545124,-4.99987981295866
99.0,115.0,129.90736389160156,4.9965647334887136,-4.999511983573303,4.99926403159065,4.998484147071102,4.999196187450991,-4.999704795702101,4.998857972981508,-4.999759936489757,4.999889527036713,-4.999578904626773
99.0,115.0,129.90719604492188,4.999991463576295,-4.999983961076157,4.999897001722828,4.995332781490975,4.9994682461101565,-4.999074319025864,4.999935638899381,-4.999014527910008,4.999716668796749,-4.999996592421176
99.0,115.0,129.90985107421875,4.997073583718304,-4.998421191414521,4.999050768770461,4.9948129108014605,4.999478005948926,-4.9998052234694,4.999941373203537,-4.999865107783184,4.999736739838804,-4.9996838128963645
99.0,115.0,129.9148712158203,4.999540218086668,-4.999957578145746,4.999274964782968,4.997859665785364,4.9999832248889575,-4.998609314881911,4.998189923447436,-4.998823849638895,4.99970834211655,-4.999791406149221
99.0,115.0,129.90029907226562,4.997797599742287,-4.999896159316922,4.99899271163325,4.997047142855847,4.999895925454433,-4.999959717647739,4.99942540990382,-4.999991642191778,4.999943353195008,-4.9997376686756025
99.0,115.0,129.9046173095703,4.997962101877147,-4.999954912903663,4.999333252020628,4.996509671441622,4.999766856242097,-4.999370356404301,4.9991636650622775,-4.999740514859228,4.999776267154743,-4.999989336307669
99.0,115.0,129.89981079101562,4.997486443875525,-4.9995573630977805,4.999101092205193,4.9994953312061945,4.998523396461241,-4.999998031747079,4.9997034336175314,-4.999948846997329,4.999782482164656,-4.999703516243686
99.0,115.0,129.90545654296875,4.99820627865888,-4.9999998270533945,4.999656395494753,4.994808509459677,4.999147779103992,-4.999781485401932,4.999739277393815,-4.999985767048396,4.999785160874812,-4.999790318159285
99.0,116.0,129.90609741210938,4.999912863678128,-4.999165258976309,4.999552804738331,4.998088287821865,4.9999965247146685,-4.998772232339348,4.999118822089759,-4.998948132081277,4.999817992194254,-4.999985552761054
99.0,116.0,129.9092254638672,4.994108469356437,-4.999989728624207,4.999851849388643,4.999354488639707,4.997662525110519,-4.999999337076167,4.998664200971434,-4.999958779899947,4.999861011112524,-4.999604435455986
99.0,116.0,129.90687561035156,4.998085060228819,-4.999999685965319,4.998854534261916,4.998704094738471,4.999086675829261,-4.999841724161777,4.999091754687205,-4.999721058551431,4.99961506250347,-4.999541763576149
99.0,116.0,129.91195678710938,4.997322411254679,-4.999996883317617,4.999318561196184,4.994355001667672,4.999894276837331,-4.999860156011199,4.999368802748471,-4.999317327443119,4.999812908173618,-4.999698334000232
99.0,116.0,129.9105987548828,4.996386645045943,-4.997273509802785,4.999646000540384,4.9967913231254535,4.99782342561414,-4.999944638195651,4.999865195406956,-4.999785581043663,4.999687113702116,-4.999833192460438
99.0,116.0,129.90472412109375,4.998582463891799,-4.999382145400181,4.9998560618100125,4.997771937991642,4.998062803242139,-4.998472412990099,4.999811842637193,-4.999957364658066,4.999832519973882,-4.999953620952356
99.0,116.0,129.9049835205078,4.998754777308927,-4.999999894800634,4.999097036512723,4.998527029535838,4.999544796222853,-4.999671816027068,4.999956473931643,-4.99896248288804,4.999568399290167,-4.9996854268957485
99.0,116.0,129.9061279296875,4.998800080711394,-4.997626809705887,4.999095511132129,4.999014718758085,4.99780651072853,-4.999198627255877,4.999481806570597,-4.99990721138142,4.999975577680084,-4.999759691345618
99.0,116.0,129.9123077392578,4.992580808612063,-4.9973339635246,4.999620988369138,4.995374830671259,4.999358634318069,-4.999999085314868,4.999998105918627,-4.999965595567225,4.99990185033778,-4.99956154864867
99.0,116.0,129.9035186767578,4.995050191200551,-4.999987381166344,4.99988745106748,4.998410605149887,4.999744041629223,-4.999998491972223,4.998591884064287,-4.999870725595977,4.9998819126573615,-4.999770871838745
99.0,116.0,129.9102020263672,4.999778692077775,-4.999937756932588,4.999836276019844,4.998924127992556,4.999695998557582,-4.99757008845638,4.999947993766276,-4.998679193957601,4.999380323233494,-4.999892949557986
99.0,116.0,129.90663146972656,4.997922544607178,-4.99916030236848,4.999252631856204,4.999995641047116,4.999430854024879,-4.999663493887372,4.99902901538104,-4.9993578204034215,4.999713180233488,-4.999484826675333
99.0,116.0,129.90679931640625,4.9980082521654055,-4.999999644814482,4.999052422626905,4.997121213731363,4.999197067264838,-4.99995001491713,4.998947495784136,-4.999991070949262,4.999687237237651,-4.999644292769856
99.0,116.0,129.904541015625,4.999265005486777,-4.9992566004864685,4.999421813191592,4.998016413957304,4.999270337903123,-4.999717154553592,4.998648204011688,-4.999761671034063,4.99978838825852,-4.999848154597456
99.0,116.0,129.9083251953125,4.9966731449437125,-4.999021917660122,4.999628415091522,4.998487967294244,4.997979789658649,-4.999981876259148,4.998635188866444,-4.999994549445849,4.99982312037983,-4.999726654890536
99.0,116.0,129.90318298339844,4.997136657361688,-4.999096374866024,4.999551165632347,4.997813818974176,4.998395264863548,-4.999879080033335,4.999573268364662,-4.999935899915862,4.999849876069349,-4.999842528088015
99.0,116.0,129.90573120117188,4.997194505107706,-4.99819264838849,4.999416369162972,4.998929880918951,4.997925825543993,-4.9998454481352175,4.999455902189064,-4.999994415900664,4.999789763716337,-4.999689603443467
99.0,116.0,129.9080352783203,4.999340846530281,-4.999728546361613,4.998893071891896,4.999651946258252,4.998552246034335,-4.999163702512636,4.999019045043412,-4.999697371056021,4.99972175935113,-4.999482004283841
99.0,116.0,129.896728515625,4.999569087368439,-4.999999291447226,4.999756598570318,4.999850974206689,4.999490180724646,-4.999948005798237,4.999994454960545,-4.999582055174345,4.999541475413409,-4.999581355913277
99.0,116.0,129.89959716796875,4.99760185913555,-4.999845995085967,4.999764552163303,4.998021444853984,4.999859488954582,-4.999827321392341,4.999784201464344,-4.999942758118327,4.9996974329844655,-4.999605235030053
99.0,116.0,129.9107666015625,4.999805396786126,-4.999537880840734,4.999584875309139,4.997806700551102,4.998767332481902,-4.998647794081602,4.998773815315532,-4.999002930637451,4.999976517851215,-4.999927679498509
99.0,116.0,129.90684509277344,4.997248710835206,-4.997947615431899,4.999642555282799,4.998931791030522,4.997317626647821,-4.9999839884137405,4.999344510131532,-4.999994565918325,4.999756560387896,-4.999763478575348
99.0,116.0,129.90325927734375,4.997056673617602,-4.999766953165994,4.999547003854719,4.999958585734737,4.999983917675876,-4.99962800064439,4.997799504810978,-4.9999969374594455,4.999791852999044,-4.999775066850953
99.0,116.0,129.90228271484375,4.998933757797995,-4.999972394589616,4.9995837632025,4.995027191248894,4.999691901186872,-4.999983779548819,4.999496839206802,-4.999857644987766,4.999971908794545,-4.999824386220336
99.0,116.0,129.8978729248047,4.998029419989899,-4.9997890318743385,4.999481601380657,4.999976054801505,4.999983951388287,-4.999567196127577,4.999263455904053,-4.999868448877531,4.999776189104578,-4.999652679995535
99.0,116.0,129.90023803710938,4.998010681357698,-4.999115481357562,4.99904722113962,4.99841380427057,4.999629225857147,-4.999998469908453,4.999571201294298,-4.999814977622485,4.999731053167634,-4.999780757499533
99.0,116.0,129.904052734375,4.997848057432842,-4.999100157999823,4.999097971400608,4.997695829186927,4.999405135072342,-4.999967815053606,4.999670281503339,-4.999620425110973,4.9997580871624,-4.999687583458213
99.0,116.0,129.89901733398438,4.996977377473852,-4.999999980847403,4.99839852681408,4.9996505819014105,4.999648202842563,-4.999476789251592,4.999512590072056,-4.999936628668173,4.999855005828984,-4.999775563998966
99.0,116.0,129.90692138671875,4.999995092133683,-4.999839601355594,4.99985027630914,4.998700550579662,4.997805620553194,-4.99984556783174,4.997857439052311,-4.999842233820486,4.999897152346428,-4.999838310439532
99.0,116.0,129.9148712158203,4.996868396063715,-4.997821934181353,4.998029513388763,4.995290622211517,4.998820194044874,-4.99939914270164,4.999572021059324,-4.999883358147061,4.9998456444994,-4.999753561293921
99.0,116.0,129.90353393554688,4.997530611665228,-4.9991153282469085,4.998689553358288,4.998983093479652,4.999424113333615,-4.999782367432723,4.999779247503964,-4.999441141903773,4.999677424338213,-4.999740506238001
99.0,116.0,129.90878295898438,4.997471638363394,-4.999999537690063,4.999231973277352,4.995181808123929,4.998227280347672,-4.999996184466752,4.99981697976205,-4.9999873908250505,4.999774480614318,-4.999671257205458
99.0,116.0,129.90524291992188,4.999980303486808,-4.998418961668604,4.999914944582134,4.998597625853487,4.997678597378295,-4.998594808752722,4.99985159635458,-4.999822576611836,4.999627974274498,-4.9999821131879765
99.0,116.0,129.90591430664062,4.998865075693475,-4.999999919644319,4.999703510724049,4.9962629400907055,4.999070379980226,-4.999998571331586,4.999986689819325,-4.999324173445487,4.999539685099887,-4.999772335452304
99.0,116.0,129.90939331054688,4.9941532386180345,-4.999012316707977,4.999117743379041,4.997945286150918,4.999245149647147,-4.999720173841091,4.998990977247344,-4.999901373486894,4.999971290453388,-4.999592268074828
99.0,116.0,129.9028778076172,4.996816236721987,-4.998309691433809,4.998430325045083,4.99985435317568,4.999633667052748,-4.99951805342222,4.999641472662411,-4.999800269703509,4.999902781703124,-4.999548830422244
99.0,116.0,129.9075469970703,4.997360482190788,-4.999757455997276,4.999787175690884,4.998506210048227,4.996725091885066,-4.999749692660472,4.999097249143416,-4.999996340052935,4.999730475793063,-4.999898869416015
99.0,116.0,129.9113311767578,4.997992527893439,-4.998742368041677,4.999198456445848,4.999966595912313,4.998270469812137,-4.99997408092152,4.999270396347788,-4.998964510100177,4.999659143132631,-4.999454611518882
99.0,116.0,129.89828491210938,4.997837683677568,-4.999789190912014,4.99974357537398,4.999073034429273,4.999813806110531,-4.999558681517393,4.999277148998425,-4.999846531558564,4.99985552524644,-4.999776482986304
99.0,116.0,129.9033966064453,4.9973769955384,-4.999114548532374,4.999085330088265,4.995817331465435,4.999644896204768,-4.999998948943429,4.9994907296978255,-4.999981166699434,4.999821773806573,-4.999945564625415
99.0,116.0,129.90603637695312,4.996808691242372,-4.999104356964322,4.998704324285775,4.999307325868693,4.998566046141893,-4.999993013947538,4.999400725951013,-4.999475609604479,4.999831498071506,-4.9996909078990415
99.0,116.0,129.89830017089844,4.996991603350656,-4.999925316797157,4.999972619375942,4.99978173222101,4.997988652939706,-4.999893311360694,4.999445552741999,-4.999986316858314,4.999853135545124,-4.99987981295866
99.0,116.0,129.9056854248047,4.999998516319673,-4.99940958050815,4.999229576061712,4.998484147071102,4.999031302432028,-4.999483330265301,4.999999414309757,-4.99952727263198,4.999379935444899,-4.999551777225055
99.0,116.0,129.90325927734375,4.994966508883004,-4.999882115601171,4.999984809385075,4.9996869558095165,4.999860777108742,-4.999786089226156,4.998235934350534,-4.999805479960207,4.99982372088331,-4.999819658944538
99.0,116.0,129.9098358154297,4.996168878651788,-4.998894005790155,4.998846492950163,4.997024449912347,4.999149336168897,-4.999994945238498,4.999614299365876,-4.999259873630975,4.9998998346464765,-4.999684057378114
99.0,116.0,129.90501403808594,4.99801849127011,-4.999999586286952,4.9998838425932846,4.995791332738982,4.998700611446283,-4.999981791318083,4.999612801763528,-4.999915969181134,4.999739791941989,-4.999791406149221
99.0,116.0,129.90029907226562,4.997797599742287,-4.999896159316922,4.99899271163325,4.997047142855847,4.999895925454433,-4.999959717647739,4.99942540990382,-4.999991642191778,4.999943353195008,-4.9997376686756025
99.0,116.0,129.9002227783203,4.997535381659937,-4.9999435324145765,4.999991226744676,4.999795001365593,4.997984179228647,-4.999370356404301,4.9991636650622775,-4.9999923904832535,4.999789986026739,-4.999989336307669
99.0,116.0,129.89981079101562,4.997486443875525,-4.9995573630977805,4.999101092205193,4.9994953312061945,4.998523396461241,-4.999998031747079,4.9997034336175314,-4.999948846997329,4.999782482164656,-4.999703516243686
99.0,116.0,129.90269470214844,4.99791447269072,-4.99795729985721,4.99895691833097,4.997637275508849,4.999374428481718,-4.999603600228605,4.999312817243526,-4.999981680755868,4.999949781818232,-4.999940819139333
99.0,117.0,129.90609741210938,4.999912863678128,-4.999165258976309,4.999552804738331,4.998088287821865,4.9999965247146685,-4.998772232339348,4.999118822089759,-4.998948132081277,4.999817992194254,-4.999985552761054
99.0,117.0,129.90855407714844,4.994108469356437,-4.99947945933279,4.998426735766216,4.997238741793915,4.999330949246588,-4.999983560337114,4.999151775996188,-4.999998491204833,4.9999707401340325,-4.99963664784613
99.0,117.0,129.90687561035156,4.998085060228819,-4.999999685965319,4.998854534261916,4.998704094738471,4.999086675829261,-4.999841724161777,4.999091754687205,-4.999721058551431,4.99961506250347,-4.999541763576149
99.0,117.0,129.90528869628906,4.998475905955873,-4.999513800323632,4.9994642378656575,4.998073461401299,4.998685370525365,-4.999978646328093,4.999103512405823,-4.999590855277769,4.99972101810892,-4.999810604640565
99.0,117.0,129.9061279296875,4.998792916569375,-4.999824755710811,4.998920926781694,4.998881890020938,4.998883402824408,-4.999605191977931,4.999468033694464,-4.99938969258003,4.999586913162215,-4.9997070931688
99.0,117.0,129.90472412109375,4.998582463891799,-4.999382145400181,4.9998560618100125,4.997771937991642,4.998062803242139,-4.998472412990099,4.999811842637193,-4.999957364658066,4.999832519973882,-4.999953620952356
99.0,117.0,129.900634765625,4.998754777308927,-4.999044774425341,4.99960144223468,4.997169465236926,4.999911469877947,-4.999834106883384,4.9992112080881,-4.999698665403897,4.99993341365534,-4.999913205492488
99.0,117.0,129.9061279296875,4.998800080711394,-4.997626809705887,4.999095511132129,4.999014718758085,4.99780651072853,-4.999198627255877,4.999481806570597,-4.99990721138142,4.999975577680084,-4.999759691345618
99.0,117.0,129.9119415283203,4.999998722258935,-4.998001600733057,4.999997876988003,4.997816478813714,4.997852758314348,-4.998242530296601,4.999654712363431,-4.999328328318388,4.999609467457133,-4.999999270827964
99.0,117.0,129.9035186767578,4.995050191200551,-4.999987381166344,4.99988745106748,4.998410605149887,4.999744041629223,-4.999998491972223,4.998591884064287,-4.999870725595977,4.9998819126573615,-4.999770871838745
99.0,117.0,129.90460205078125,4.9979456381560965,-4.997721195563042,4.999150704297881,4.999979587613803,4.998359150420578,-4.999800873577257,4.999947993766276,-4.99895981500348,4.999790415422922,-4.999892949557986
99.0,117.0,129.89840698242188,4.9992872621656055,-4.999868468867977,4.999665283294736,4.997837717815811,4.9997367384623495,-4.999837299607008,4.99902901538104,-4.999926337142144,4.9999535492600256,-4.999801559217987
99.0,117.0,129.9055938720703,4.9978841695851255,-4.999999936888646,4.999687959729624,4.994859793533453,4.99958138701422,-4.999999114043607,4.999867292523799,-4.999991070949262,4.999595593933632,-4.999676981932927
99.0,117.0,129.8981170654297,4.999265005486777,-4.999557529776464,4.999010926270575,4.999731134882056,4.998708280728213,-4.999999457157713,4.99989037764543,-4.999652949129505,4.99978838825852,-4.999693980895228
99.0,117.0,129.9031219482422,4.997591089054295,-4.998563467449312,4.999946483101736,4.998286940411596,4.998572546950337,-4.999762601857618,4.99964763994573,-4.999997563845361,4.99982312037983,-4.999646767008972
99.0,117.0,129.90318298339844,4.997136657361688,-4.999096374866024,4.999551165632347,4.997813818974176,4.998395264863548,-4.999879080033335,4.999573268364662,-4.999935899915862,4.999849876069349,-4.999842528088015
99.0,117.0,129.90573120117188,4.997194505107706,-4.99819264838849,4.999416369162972,4.998929880918951,4.997925825543993,-4.9998454481352175,4.999455902189064,-4.999994415900664,4.999789763716337,-4.999689603443467
99.0,117.0,129.907958984375,4.996321061475758,-4.997389172069014,4.998710660271143,4.999651946258252,4.998722931757435,-4.999490898048331,4.999828705516976,-4.999702476875624,4.999835451650895,-4.999492644339755
99.0,117.0,129.896728515625,4.999569087368439,-4.999999291447226,4.999756598570318,4.999850974206689,4.999490180724646,-4.999948005798237,4.999994454960545,-4.999582055174345,4.999541475413409,-4.999581355913277
99.0,117.0,129.89959716796875,4.99760185913555,-4.999845995085967,4.999764552163303,4.998021444853984,4.999859488954582,-4.999827321392341,4.999784201464344,-4.999942758118327,4.9996974329844655,-4.999605235030053
99.0,117.0,129.9107666015625,4.999805396786126,-4.999537880840734,4.999584875309139,4.997806700551102,4.998767332481902,-4.998647794081602,4.998773815315532,-4.999002930637451,4.999976517851215,-4.999927679498509
99.0,117.0,129.8998260498047,4.997248710835206,-4.999974139807501,4.999822830946267,4.999026341968667,4.999822413803367,-4.999839349581237,4.999344510131532,-4.999957234218451,4.999707740770086,-4.999568331033205
99.0,117.0,129.90325927734375,4.997056673617602,-4.999766953165994,4.999547003854719,4.999958585734737,4.999983917675876,-4.99962800064439,4.997799504810978,-4.9999969374594455,4.999791852999044,-4.999775066850953
99.0,117.0,129.90228271484375,4.998933757797995,-4.999972394589616,4.9995837632025,4.995027191248894,4.999691901186872,-4.999983779548819,4.999496839206802,-4.999857644987766,4.999971908794545,-4.999824386220336
99.0,117.0,129.8978729248047,4.998029419989899,-4.9997890318743385,4.999481601380657,4.999976054801505,4.999983951388287,-4.999567196127577,4.999263455904053,-4.999868448877531,4.999776189104578,-4.999652679995535
99.0,117.0,129.89849853515625,4.998696296518196,-4.99998945320146,4.999588354644263,4.999396128282065,4.999987962389765,-4.998811408415756,4.999497122156884,-4.999849848247401,4.999814168897571,-4.999747751184039
99.0,117.0,129.904052734375,4.997848057432842,-4.999100157999823,4.999097971400608,4.997695829186927,4.999405135072342,-4.999967815053606,4.999670281503339,-4.999620425110973,4.9997580871624,-4.999687583458213
99.0,117.0,129.89901733398438,4.996977377473852,-4.999999980847403,4.99839852681408,4.9996505819014105,4.999648202842563,-4.999476789251592,4.999512590072056,-4.999936628668173,4.999855005828984,-4.999775563998966
99.0,117.0,129.90692138671875,4.999995092133683,-4.999839601355594,4.99985027630914,4.998700550579662,4.997805620553194,-4.99984556783174,4.997857439052311,-4.999842233820486,4.999897152346428,-4.999838310439532
99.0,117.0,129.90879821777344,4.999173636765228,-4.999884623702418,4.999833704904987,4.995290622211517,4.997191136574205,-4.999857391662207,4.999865484303092,-4.999883358147061,4.99966407350984,-4.999855404937856
99.0,117.0,129.90353393554688,4.997530611665228,-4.9991153282469085,4.998689553358288,4.998983093479652,4.999424113333615,-4.999782367432723,4.999779247503964,-4.999441141903773,4.999677424338213,-4.999740506238001
99.0,117.0,129.9061279296875,4.997473555305174,-4.999050398366082,4.998907680464551,4.996156054725436,4.999776881179831,-4.999999974219306,4.999615266764832,-4.999991159138642,4.999523482603415,-4.999757613488688
99.0,117.0,129.8959197998047,4.996488594589748,-4.998418961668604,4.999914944582134,4.999978653927718,4.999998829077861,-4.99961596969385,4.99985159635458,-4.999998602817551,4.999777575199276,-4.999731708078587
99.0,117.0,129.90591430664062,4.998865075693475,-4.999999919644319,4.999703510724049,4.9962629400907055,4.999070379980226,-4.999998571331586,4.999986689819325,-4.999324173445487,4.999539685099887,-4.999772335452304
99.0,117.0,129.90322875976562,4.993593318233765,-4.998936122639323,4.999880948871905,4.999802576034947,4.999616780156055,-4.999855299517156,4.998979469890145,-4.999881646009126,4.999753424904044,-4.999782243012445
99.0,117.0,129.89642333984375,4.997171386495131,-4.999924740138448,4.999823250741485,4.997807668165828,4.99991800778476,-4.999951837719641,4.999641472662411,-4.999993381505185,4.999838264189701,-4.999857627229311
99.0,117.0,129.90406799316406,4.998585195582432,-4.999757455997276,4.999787175690884,4.999246346022356,4.998536771335848,-4.999013611704533,4.99852984216732,-4.999996340052935,4.999980263097278,-4.999795466649252
99.0,117.0,129.9113311767578,4.997992527893439,-4.998742368041677,4.999198456445848,4.999966595912313,4.998270469812137,-4.99997408092152,4.999270396347788,-4.998964510100177,4.999659143132631,-4.999454611518882
99.0,117.0,129.89828491210938,4.997837683677568,-4.999789190912014,4.99974357537398,4.999073034429273,4.999813806110531,-4.999558681517393,4.999277148998425,-4.999846531558564,4.99985552524644,-4.999776482986304
99.0,117.0,129.9033966064453,4.9973769955384,-4.999114548532374,4.999085330088265,4.995817331465435,4.999644896204768,-4.999998948943429,4.9994907296978255,-4.999981166699434,4.999821773806573,-4.999945564625415
99.0,117.0,129.90603637695312,4.996808691242372,-4.999104356964322,4.998704324285775,4.999307325868693,4.998566046141893,-4.999993013947538,4.999400725951013,-4.999475609604479,4.999831498071506,-4.9996909078990415
99.0,117.0,129.89830017089844,4.996991603350656,-4.999925316797157,4.999972619375942,4.99978173222101,4.997988652939706,-4.999893311360694,4.999445552741999,-4.999986316858314,4.999853135545124,-4.99987981295866
99.0,117.0,129.9056854248047,4.999998516319673,-4.99940958050815,4.999229576061712,4.998484147071102,4.999031302432028,-4.999483330265301,4.999999414309757,-4.99952727263198,4.999379935444899,-4.999551777225055
99.0,117.0,129.90325927734375,4.994966508883004,-4.999882115601171,4.999984809385075,4.9996869558095165,4.999860777108742,-4.999786089226156,4.998235934350534,-4.999805479960207,4.99982372088331,-4.999819658944538
99.0,117.0,129.9098358154297,4.996168878651788,-4.998894005790155,4.998846492950163,4.997024449912347,4.999149336168897,-4.999994945238498,4.999614299365876,-4.999259873630975,4.9998998346464765,-4.999684057378114
99.0,117.0,129.90501403808594,4.99801849127011,-4.999999586286952,4.9998838425932846,4.995791332738982,4.998700611446283,-4.999981791318083,4.999612801763528,-4.999915969181134,4.999739791941989,-4.999791406149221
99.0,117.0,129.90029907226562,4.997797599742287,-4.999896159316922,4.99899271163325,4.997047142855847,4.999895925454433,-4.999959717647739,4.99942540990382,-4.999991642191778,4.999943353195008,-4.9997376686756025
99.0,117.0,129.9002227783203,4.997535381659937,-4.9999435324145765,4.999991226744676,4.999795001365593,4.997984179228647,-4.999370356404301,4.9991636650622775,-4.9999923904832535,4.999789986026739,-4.999989336307669
99.0,117.0,129.89981079101562,4.997486443875525,-4.9995573630977805,4.999101092205193,4.9994953312061945,4.998523396461241,-4.999998031747079,4.9997034336175314,-4.999948846997329,4.999782482164656,-4.999703516243686
99.0,117.0,129.90269470214844,4.99791447269072,-4.99795729985721,4.99895691833097,4.997637275508849,4.999374428481718,-4.999603600228605,4.999312817243526,-4.999981680755868,4.999949781818232,-4.999940819139333
99.0,118.0,129.90609741210938,4.999912863678128,-4.999165258976309,4.999552804738331,4.998088287821865,4.9999965247146685,-4.998772232339348,4.999118822089759,-4.998948132081277,4.999817992194254,-4.999985552761054
99.0,118.0,129.90194702148438,4.999999423696172,-4.999578978617721,4.999284834988056,4.997260052895928,4.999717566928624,-4.999464173215632,4.999860402452901,-4.9995486702292045,4.9999707401340325,-4.999568853441014
99.0,118.0,129.90570068359375,4.998494533425859,-4.999787443870489,4.999128601859271,4.996807126876963,4.999663401427112,-4.999526003405016,4.999091754687205,-4.999329349827974,4.999996891555139,-4.9999008263972335
99.0,118.0,129.90528869628906,4.998475905955873,-4.999513800323632,4.9994642378656575,4.998073461401299,4.998685370525365,-4.999978646328093,4.999103512405823,-4.999590855277769,4.99972101810892,-4.999810604640565
99.0,118.0,129.9061279296875,4.998792916569375,-4.999824755710811,4.998920926781694,4.998881890020938,4.998883402824408,-4.999605191977931,4.999468033694464,-4.99938969258003,4.999586913162215,-4.9997070931688
99.0,118.0,129.90472412109375,4.998582463891799,-4.999382145400181,4.9998560618100125,4.997771937991642,4.998062803242139,-4.998472412990099,4.999811842637193,-4.999957364658066,4.999832519973882,-4.999953620952356
99.0,118.0,129.900634765625,4.998754777308927,-4.999044774425341,4.99960144223468,4.997169465236926,4.999911469877947,-4.999834106883384,4.9992112080881,-4.999698665403897,4.99993341365534,-4.999913205492488
99.0,118.0,129.8983154296875,4.997952839101033,-4.999957793418257,4.999999147862993,4.999871476011951,4.999013242150793,-4.999231230400481,4.999067441919772,-4.999929406971686,4.999783198720859,-4.999970874583703
99.0,118.0,129.9060516357422,4.997366630323706,-4.999396799023041,4.999113734628468,4.999995333219272,4.999995595760861,-4.998242530296601,4.999165854504177,-4.999736982359487,4.999823195930858,-4.999568769255713
99.0,118.0,129.89923095703125,4.996867818214044,-4.999987381166344,4.999865250332704,4.998777845445018,4.9999928223594985,-4.999868652015195,4.998760074898541,-4.999994320325631,4.999877150776073,-4.999770871838745
99.0,118.0,129.9010009765625,4.997597857988542,-4.9996652440632685,4.999906881986462,4.999728168801352,4.999063121917326,-4.999075999054483,4.999316785188229,-4.999940381072853,4.999826203790211,-4.99970665054292
99.0,118.0,129.89840698242188,4.9992872621656055,-4.999868468867977,4.999665283294736,4.997837717815811,4.9997367384623495,-4.999837299607008,4.99902901538104,-4.999926337142144,4.9999535492600256,-4.999801559217987
99.0,118.0,129.9055938720703,4.9978841695851255,-4.999999936888646,4.999687959729624,4.994859793533453,4.99958138701422,-4.999999114043607,4.999867292523799,-4.999991070949262,4.999595593933632,-4.999676981932927
99.0,118.0,129.8981170654297,4.999265005486777,-4.999557529776464,4.999010926270575,4.999731134882056,4.998708280728213,-4.999999457157713,4.99989037764543,-4.999652949129505,4.99978838825852,-4.999693980895228
99.0,118.0,129.8999786376953,4.999549326795625,-4.998860853291798,4.999043613375383,4.999874775548653,4.998065407836117,-4.999961557376386,4.999991104384723,-4.999142273281528,4.99982312037983,-4.999957379353591
99.0,118.0,129.9022674560547,4.998111840746625,-4.999542922084263,4.999909671780365,4.999369011557064,4.998010169690329,-4.999373749149822,4.998877168374156,-4.999870344126038,4.999907976362176,-4.9999908660189
99.0,118.0,129.90573120117188,4.997194505107706,-4.99819264838849,4.999416369162972,4.998929880918951,4.997925825543993,-4.9998454481352175,4.999455902189064,-4.999994415900664,4.999789763716337,-4.999689603443467
99.0,118.0,129.89614868164062,4.999009743642821,-4.999999989232087,4.999885038588761,4.999974589034158,4.999787533454809,-4.9999497791651,4.99948324730975,-4.999887481156846,4.999532514418851,-4.999624763143592
99.0,118.0,129.896728515625,4.999569087368439,-4.999999291447226,4.999756598570318,4.999850974206689,4.999490180724646,-4.999948005798237,4.999994454960545,-4.999582055174345,4.999541475413409,-4.999581355913277
99.0,118.0,129.89959716796875,4.99760185913555,-4.999845995085967,4.999764552163303,4.998021444853984,4.999859488954582,-4.999827321392341,4.999784201464344,-4.999942758118327,4.9996974329844655,-4.999605235030053
99.0,118.0,129.90284729003906,4.996540002531437,-4.997454049564331,4.999584875309139,4.999981527965736,4.997977277355707,-4.9996735741582725,4.999668995414444,-4.999997896213551,4.999976517851215,-4.999686623144958
99.0,118.0,129.8998260498047,4.997248710835206,-4.999974139807501,4.999822830946267,4.999026341968667,4.999822413803367,-4.999839349581237,4.999344510131532,-4.999957234218451,4.999707740770086,-4.999568331033205
99.0,118.0,129.90325927734375,4.997056673617602,-4.999766953165994,4.999547003854719,4.999958585734737,4.999983917675876,-4.99962800064439,4.997799504810978,-4.9999969374594455,4.999791852999044,-4.999775066850953
99.0,118.0,129.90174865722656,4.99779738603423,-4.997824538149446,4.9995837632025,4.998575808921496,4.999691901186872,-4.998892086837362,4.999899108129352,-4.9996624824021385,4.999971908794545,-4.999828078499889
99.0,118.0,129.8978729248047,4.998029419989899,-4.9997890318743385,4.999481601380657,4.999976054801505,4.999983951388287,-4.999567196127577,4.999263455904053,-4.999868448877531,4.999776189104578,-4.999652679995535
99.0,118.0,129.89849853515625,4.998696296518196,-4.99998945320146,4.999588354644263,4.999396128282065,4.999987962389765,-4.998811408415756,4.999497122156884,-4.999849848247401,4.999814168897571,-4.999747751184039
99.0,118.0,129.904052734375,4.997848057432842,-4.999100157999823,4.999097971400608,4.997695829186927,4.999405135072342,-4.999967815053606,4.999670281503339,-4.999620425110973,4.9997580871624,-4.999687583458213
99.0,118.0,129.89901733398438,4.996977377473852,-4.999999980847403,4.99839852681408,4.9996505819014105,4.999648202842563,-4.999476789251592,4.999512590072056,-4.999936628668173,4.999855005828984,-4.999775563998966
99.0,118.0,129.90646362304688,4.996706160618949,-4.999888193611679,4.999497395874089,4.997765309490285,4.999990204370722,-4.99984556783174,4.998468229989217,-4.999994302907609,4.999599518417221,-4.999715824492791
99.0,118.0,129.90553283691406,4.998686957386969,-4.999717017547344,4.999527530714203,4.99490221245302,4.999521729606489,-4.999857391662207,4.999880244714566,-4.999883358147061,4.999688500915505,-4.999712025884003
99.0,118.0,129.90353393554688,4.997530611665228,-4.9991153282469085,4.998689553358288,4.998983093479652,4.999424113333615,-4.999782367432723,4.999779247503964,-4.999441141903773,4.999677424338213,-4.999740506238001
99.0,118.0,129.9061279296875,4.997473555305174,-4.999050398366082,4.998907680464551,4.996156054725436,4.999776881179831,-4.999999974219306,4.999615266764832,-4.999991159138642,4.999523482603415,-4.999757613488688
99.0,118.0,129.8959197998047,4.996488594589748,-4.998418961668604,4.999914944582134,4.999978653927718,4.999998829077861,-4.99961596969385,4.99985159635458,-4.999998602817551,4.999777575199276,-4.999731708078587
99.0,118.0,129.9048614501953,4.998865075693475,-4.9980253627997815,4.999071440331951,4.997991624404717,4.998461851896305,-4.999770915150256,4.999397019115313,-4.999989552257232,4.999539685099887,-4.999992484125511
99.0,118.0,129.90194702148438,4.998111501689188,-4.999856338918594,4.9999427462624935,4.996716402724006,4.999864429825471,-4.999848063479148,4.999876212445982,-4.999880740234277,4.999708496472622,-4.999547018570555
99.0,118.0,129.89642333984375,4.997171386495131,-4.999924740138448,4.999823250741485,4.997807668165828,4.99991800778476,-4.999951837719641,4.999641472662411,-4.999993381505185,4.999838264189701,-4.999857627229311
99.0,118.0,129.90406799316406,4.998585195582432,-4.999757455997276,4.999787175690884,4.999246346022356,4.998536771335848,-4.999013611704533,4.99852984216732,-4.999996340052935,4.999980263097278,-4.999795466649252
99.0,118.0,129.8974609375,4.996943293325066,-4.999982211424804,4.999989482524218,4.999898097679805,4.998270469812137,-4.999496419579606,4.999460096973209,-4.999988735659969,4.999966763412802,-4.99990014196628
99.0,118.0,129.89793395996094,4.997635512364527,-4.999942226634243,4.999177075000015,4.999073034429273,4.999968937306311,-4.999999190776982,4.999236262821432,-4.999833464139952,4.999816073409426,-4.999763125323076
99.0,118.0,129.9033966064453,4.9973769955384,-4.999114548532374,4.999085330088265,4.995817331465435,4.999644896204768,-4.999998948943429,4.9994907296978255,-4.999981166699434,4.999821773806573,-4.999945564625415
99.0,118.0,129.90371704101562,4.994460475193919,-4.999479145234243,4.998704324285775,4.999307325868693,4.999540849618798,-4.999958277570439,4.9991556585667976,-4.999999209679735,4.999971635290794,-4.9995411580766165
99.0,118.0,129.89830017089844,4.996991603350656,-4.999925316797157,4.999972619375942,4.99978173222101,4.997988652939706,-4.999893311360694,4.999445552741999,-4.999986316858314,4.999853135545124,-4.99987981295866
99.0,118.0,129.9056854248047,4.999998516319673,-4.99940958050815,4.999229576061712,4.998484147071102,4.999031302432028,-4.999483330265301,4.999999414309757,-4.99952727263198,4.999379935444899,-4.999551777225055
99.0,118.0,129.89959716796875,4.996995160196174,-4.9997900635209565,4.999863109245863,4.999891935955792,4.999879062418778,-4.999486466533602,4.99920098446079,-4.999896326173907,4.999723441234211,-4.999648455392739
99.0,118.0,129.90289306640625,4.996158123399448,-4.998019069443155,4.999922473362847,4.9999847631176975,4.99924849878242,-4.999575650886648,4.999925525585001,-4.999259873630975,4.999730836636446,-4.999784137784793
99.0,118.0,129.90501403808594,4.99801849127011,-4.999999586286952,4.9998838425932846,4.995791332738982,4.998700611446283,-4.999981791318083,4.999612801763528,-4.999915969181134,4.999739791941989,-4.999791406149221
99.0,118.0,129.90029907226562,4.997797599742287,-4.999896159316922,4.99899271163325,4.997047142855847,4.999895925454433,-4.999959717647739,4.99942540990382,-4.999991642191778,4.999943353195008,-4.9997376686756025
99.0,118.0,129.9002227783203,4.997535381659937,-4.9999435324145765,4.999991226744676,4.999795001365593,4.997984179228647,-4.999370356404301,4.9991636650622775,-4.9999923904832535,4.999789986026739,-4.999989336307669
99.0,118.0,129.89981079101562,4.997486443875525,-4.9995573630977805,4.999101092205193,4.9994953312061945,4.998523396461241,-4.999998031747079,4.9997034336175314,-4.999948846997329,4.999782482164656,-4.999703516243686
99.0,118.0,129.89706420898438,4.998043076148425,-4.99981238547729,4.999025895995778,4.998516726669328,4.999374428481718,-4.999998072142178,4.999669736172414,-4.999920924647717,4.999742411057252,-4.999940819139333
99.0,119.0,129.9014892578125,4.997655225379805,-4.998172876391779,4.999567419650096,4.998503988588197,4.999769565418085,-4.998911036728026,4.9998487447597055,-4.999917820326127,4.9999545427338905,-4.999696379270707
99.0,119.0,129.89947509765625,4.99835380820498,-4.999501283921799,4.9998002950488365,4.998520470624438,4.99946235601437,-4.999532668641932,4.999139325003936,-4.999814036187791,4.9998583061881,-4.999942040038095
99.0,119.0,129.90570068359375,4.998494533425859,-4.999787443870489,4.999128601859271,4.996807126876963,4.999663401427112,-4.999526003405016,4.999091754687205,-4.999329349827974,4.999996891555139,-4.9999008263972335
99.0,119.0,129.8966827392578,4.998406257050823,-4.999958679769306,4.999973332381296,4.99780419870004,4.999983474832054,-4.999957068159489,4.999548598610064,-4.999938173976832,4.99972101810892,-4.999826697228627
99.0,119.0,129.89974975585938,4.998576010696182,-4.999791976417658,4.999627781732987,4.999980958961127,4.999989019659995,-4.999551875862649,4.999708927181414,-4.99938969258003,4.999686417756823,-4.9995380556318905
99.0,119.0,129.90382385253906,4.99942789709746,-4.999768692888281,4.9997375412566,4.99915448250327,4.998475396089732,-4.999018600811866,4.998152249125669,-4.9999881295648425,4.999985027477977,-4.999953620952356
99.0,119.0,129.900634765625,4.998754777308927,-4.999044774425341,4.99960144223468,4.997169465236926,4.999911469877947,-4.999834106883384,4.9992112080881,-4.999698665403897,4.99993341365534,-4.999913205492488
99.0,119.0,129.8983154296875,4.997952839101033,-4.999957793418257,4.999999147862993,4.999871476011951,4.999013242150793,-4.999231230400481,4.999067441919772,-4.999929406971686,4.999783198720859,-4.999970874583703
99.0,119.0,129.898193359375,4.997366630323706,-4.999396799023041,4.9998915410923885,4.99943232807704,4.998710857596105,-4.9995050809423685,4.999587342353345,-4.999997024926628,4.999894664408624,-4.999842929858133
99.0,119.0,129.89553833007812,4.99995209526285,-4.999961265106776,4.999902593302634,4.997538115347208,4.999732921776801,-4.999923656887526,4.999194649207393,-4.999994320325631,4.999949035743383,-4.99989105018215
99.0,119.0,129.9010009765625,4.997597857988542,-4.9996652440632685,4.999906881986462,4.999728168801352,4.999063121917326,-4.999075999054483,4.999316785188229,-4.999940381072853,4.999826203790211,-4.99970665054292
99.0,119.0,129.89840698242188,4.9992872621656055,-4.999868468867977,4.999665283294736,4.997837717815811,4.9997367384623495,-4.999837299607008,4.99902901538104,-4.999926337142144,4.9999535492600256,-4.999801559217987
99.0,119.0,129.9055938720703,4.9978841695851255,-4.999999936888646,4.999687959729624,4.994859793533453,4.99958138701422,-4.999999114043607,4.999867292523799,-4.999991070949262,4.999595593933632,-4.999676981932927
99.0,119.0,129.8981170654297,4.999265005486777,-4.999557529776464,4.999010926270575,4.999731134882056,4.998708280728213,-4.999999457157713,4.99989037764543,-4.999652949129505,4.99978838825852,-4.999693980895228
99.0,119.0,129.8999786376953,4.999549326795625,-4.998860853291798,4.999043613375383,4.999874775548653,4.998065407836117,-4.999961557376386,4.999991104384723,-4.999142273281528,4.99982312037983,-4.999957379353591
99.0,119.0,129.8974151611328,4.997019783850856,-4.999849042804196,4.999909671780365,4.999822438227339,4.999022266092803,-4.999881600734603,4.999273255905849,-4.999934396087382,4.9996486403506655,-4.999962506185092
99.0,119.0,129.9022979736328,4.996811277639566,-4.997497022662241,4.999747592845228,4.999996583386428,4.9978933820720295,-4.999670465033022,4.999870678481797,-4.999979361868972,4.9999855873947405,-4.999612876415165
99.0,119.0,129.89614868164062,4.999009743642821,-4.999999989232087,4.999885038588761,4.999974589034158,4.999787533454809,-4.9999497791651,4.99948324730975,-4.999887481156846,4.999532514418851,-4.999624763143592
99.0,119.0,129.896728515625,4.999569087368439,-4.999999291447226,4.999756598570318,4.999850974206689,4.999490180724646,-4.999948005798237,4.999994454960545,-4.999582055174345,4.999541475413409,-4.999581355913277
99.0,119.0,129.89895629882812,4.997535381659937,-4.9999435324145765,4.999764552163303,4.999795001365593,4.997984179228647,-4.999827321392341,4.9991636650622775,-4.9999923904832535,4.999789986026739,-4.999989336307669
99.0,119.0,129.90284729003906,4.996540002531437,-4.997454049564331,4.999584875309139,4.999981527965736,4.997977277355707,-4.9996735741582725,4.999668995414444,-4.999997896213551,4.999976517851215,-4.999686623144958
99.0,119.0,129.89877319335938,4.997512774161457,-4.999984113554059,4.999160482818751,4.999026341968667,4.999975905604006,-4.999980013529762,4.999114099687136,-4.999868822911982,4.999916544478305,-4.999661550091211
99.0,119.0,129.9015655517578,4.998664885736689,-4.999045062754695,4.999676126551909,4.9981564972645165,4.9989467924554205,-4.99980484370391,4.999113248127894,-4.999695133080461,4.999940849333051,-4.999924298357163
99.0,119.0,129.90174865722656,4.99779738603423,-4.997824538149446,4.9995837632025,4.998575808921496,4.999691901186872,-4.998892086837362,4.999899108129352,-4.9996624824021385,4.999971908794545,-4.999828078499889
99.0,119.0,129.8978729248047,4.998029419989899,-4.9997890318743385,4.999481601380657,4.999976054801505,4.999983951388287,-4.999567196127577,4.999263455904053,-4.999868448877531,4.999776189104578,-4.999652679995535
99.0,119.0,129.89849853515625,4.998696296518196,-4.99998945320146,4.999588354644263,4.999396128282065,4.999987962389765,-4.998811408415756,4.999497122156884,-4.999849848247401,4.999814168897571,-4.999747751184039
99.0,119.0,129.904052734375,4.997848057432842,-4.999100157999823,4.999097971400608,4.997695829186927,4.999405135072342,-4.999967815053606,4.999670281503339,-4.999620425110973,4.9997580871624,-4.999687583458213
99.0,119.0,129.89901733398438,4.996977377473852,-4.999999980847403,4.99839852681408,4.9996505819014105,4.999648202842563,-4.999476789251592,4.999512590072056,-4.999936628668173,4.999855005828984,-4.999775563998966
99.0,119.0,129.89492797851562,4.997432981384791,-4.99973056342626,4.999497395874089,4.999981874320736,4.999990204370722,-4.99984556783174,4.999478727487205,-4.999821758607752,4.999932338828378,-4.999715824492791
99.0,119.0,129.8994140625,4.99738551477352,-4.999717017547344,4.9996924944630585,4.999991525877504,4.999959831211237,-4.999350389806772,4.999160457347051,-4.999851933503447,4.999757665401457,-4.999690629873904
99.0,119.0,129.90353393554688,4.997530611665228,-4.9991153282469085,4.998689553358288,4.998983093479652,4.999424113333615,-4.999782367432723,4.999779247503964,-4.999441141903773,4.999677424338213,-4.999740506238001
99.0,119.0,129.9061279296875,4.997473555305174,-4.999050398366082,4.998907680464551,4.996156054725436,4.999776881179831,-4.999999974219306,4.999615266764832,-4.999991159138642,4.999523482603415,-4.999757613488688
99.0,119.0,129.8959197998047,4.996488594589748,-4.998418961668604,4.999914944582134,4.999978653927718,4.999998829077861,-4.99961596969385,4.99985159635458,-4.999998602817551,4.999777575199276,-4.999731708078587
99.0,119.0,129.90309143066406,4.9977394936159145,-4.999374128459219,4.998589050226162,4.998056179678157,4.999699504773986,-4.999783485611793,4.999698625444835,-4.999591531494728,4.999790708218724,-4.999730563735962
99.0,119.0,129.90194702148438,4.998111501689188,-4.999856338918594,4.9999427462624935,4.996716402724006,4.999864429825471,-4.999848063479148,4.999876212445982,-4.999880740234277,4.999708496472622,-4.999547018570555
99.0,119.0,129.89642333984375,4.997171386495131,-4.999924740138448,4.999823250741485,4.997807668165828,4.99991800778476,-4.999951837719641,4.999641472662411,-4.999993381505185,4.999838264189701,-4.999857627229311
99.0,119.0,129.90115356445312,4.99889610555047,-4.999546737043945,4.999787175690884,4.997479503064078,4.999986309070868,-4.999013611704533,4.999486191969768,-4.999872117263032,4.999797552886366,-4.999832751497263
99.0,119.0,129.8974609375,4.996943293325066,-4.999982211424804,4.999989482524218,4.999898097679805,4.998270469812137,-4.999496419579606,4.999460096973209,-4.999988735659969,4.999966763412802,-4.99990014196628
99.0,119.0,129.89793395996094,4.997635512364527,-4.999942226634243,4.999177075000015,4.999073034429273,4.999968937306311,-4.999999190776982,4.999236262821432,-4.999833464139952,4.999816073409426,-4.999763125323076
99.0,119.0,129.90093994140625,4.997134664250174,-4.999983714993685,4.999905946837634,4.999807581467571,4.998998644817055,-4.999611640511221,4.999253822286931,-4.999954911295843,4.999771990381637,-4.99958958840169
99.0,119.0,129.90371704101562,4.994460475193919,-4.999479145234243,4.998704324285775,4.999307325868693,4.999540849618798,-4.999958277570439,4.9991556585667976,-4.999999209679735,4.999971635290794,-4.9995411580766165
99.0,119.0,129.89830017089844,4.996991603350656,-4.999925316797157,4.999972619375942,4.99978173222101,4.997988652939706,-4.999893311360694,4.999445552741999,-4.999986316858314,4.999853135545124,-4.99987981295866
99.0,119.0,129.9056854248047,4.999998516319673,-4.99940958050815,4.999229576061712,4.998484147071102,4.999031302432028,-4.999483330265301,4.999999414309757,-4.99952727263198,4.999379935444899,-4.999551777225055
99.0,119.0,129.89959716796875,4.996995160196174,-4.9997900635209565,4.999863109245863,4.999891935955792,4.999879062418778,-4.999486466533602,4.99920098446079,-4.999896326173907,4.999723441234211,-4.999648455392739
99.0,119.0,129.90289306640625,4.996158123399448,-4.998019069443155,4.999922473362847,4.9999847631176975,4.99924849878242,-4.999575650886648,4.999925525585001,-4.999259873630975,4.999730836636446,-4.999784137784793
99.0,119.0,129.90501403808594,4.99801849127011,-4.999999586286952,4.9998838425932846,4.995791332738982,4.998700611446283,-4.999981791318083,4.999612801763528,-4.999915969181134,4.999739791941989,-4.999791406149221
99.0,119.0,129.90029907226562,4.997797599742287,-4.999896159316922,4.99899271163325,4.997047142855847,4.999895925454433,-4.999959717647739,4.99942540990382,-4.999991642191778,4.999943353195008,-4.9997376686756025
99.0,119.0,129.9002227783203,4.997535381659937,-4.9999435324145765,4.999991226744676,4.999795001365593,4.997984179228647,-4.999370356404301,4.9991636650622775,-4.9999923904832535,4.999789986026739,-4.999989336307669
99.0,119.0,129.89981079101562,4.997486443875525,-4.9995573630977805,4.999101092205193,4.9994953312061945,4.998523396461241,-4.999998031747079,4.9997034336175314,-4.999948846997329,4.999782482164656,-4.999703516243686
99.0,119.0,129.89706420898438,4.998043076148425,-4.99981238547729,4.999025895995778,4.998516726669328,4.999374428481718,-4.999998072142178,4.999669736172414,-4.999920924647717,4.999742411057252,-4.999940819139333
99.0,120.0,129.9014892578125,4.997655225379805,-4.998172876391779,4.999567419650096,4.998503988588197,4.999769565418085,-4.998911036728026,4.9998487447597055,-4.999917820326127,4.9999545427338905,-4.999696379270707
99.0,120.0,129.89947509765625,4.99835380820498,-4.999501283921799,4.9998002950488365,4.998520470624438,4.99946235601437,-4.999532668641932,4.999139325003936,-4.999814036187791,4.9998583061881,-4.999942040038095
99.0,120.0,129.89317321777344,4.998447041082706,-4.999200471643441,4.999615617886278,4.999990858780255,4.999992022842922,-4.999674413893445,4.999826696381096,-4.99982145517666,4.999835308782619,-4.999811099493776
99.0,120.0,129.8966827392578,4.998406257050823,-4.999958679769306,4.999973332381296,4.99780419870004,4.999983474832054,-4.999957068159489,4.999548598610064,-4.999938173976832,4.99972101810892,-4.999826697228627
99.0,120.0,129.89974975585938,4.998576010696182,-4.999791976417658,4.999627781732987,4.999980958961127,4.999989019659995,-4.999551875862649,4.999708927181414,-4.99938969258003,4.999686417756823,-4.9995380556318905
99.0,120.0,129.89794921875,4.996547075056999,-4.999768692888281,4.999087148453695,4.99915448250327,4.999852489415091,-4.999999510872882,4.999818210663732,-4.9999881295648425,4.99969541638821,-4.999652766770391
99.0,120.0,129.89877319335938,4.997113015027916,-4.9999999902644605,4.998479885582125,4.999658109611756,4.9996062552007245,-4.999475234688966,4.999613431605733,-4.999927361495884,4.999859540600747,-4.99973869063407
99.0,120.0,129.8983154296875,4.997952839101033,-4.999957793418257,4.999999147862993,4.999871476011951,4.999013242150793,-4.999231230400481,4.999067441919772,-4.999929406971686,4.999783198720859,-4.999970874583703
99.0,120.0,129.898193359375,4.997366630323706,-4.999396799023041,4.9998915410923885,4.99943232807704,4.998710857596105,-4.9995050809423685,4.999587342353345,-4.999997024926628,4.999894664408624,-4.999842929858133
99.0,120.0,129.89553833007812,4.99995209526285,-4.999961265106776,4.999902593302634,4.997538115347208,4.999732921776801,-4.999923656887526,4.999194649207393,-4.999994320325631,4.999949035743383,-4.99989105018215
99.0,120.0,129.89845275878906,4.997356568564363,-4.999846375339642,4.99919513797489,4.999932674198038,4.9999636330047945,-4.999796089193987,4.999060216004793,-4.999816458049741,4.999930559317194,-4.9996418724919405
99.0,120.0,129.89840698242188,4.9992872621656055,-4.999868468867977,4.999665283294736,4.997837717815811,4.9997367384623495,-4.999837299607008,4.99902901538104,-4.999926337142144,4.9999535492600256,-4.999801559217987
99.0,120.0,129.89852905273438,4.996714986254968,-4.999995861957269,4.999827106103838,4.999860931314447,4.998100697694181,-4.9997405222701286,4.9993122240260455,-4.99998979369857,4.999941926290509,-4.999897341839143
99.0,120.0,129.8981170654297,4.999265005486777,-4.999557529776464,4.999010926270575,4.999731134882056,4.998708280728213,-4.999999457157713,4.99989037764543,-4.999652949129505,4.99978838825852,-4.999693980895228
99.0,120.0,129.8999786376953,4.999549326795625,-4.998860853291798,4.999043613375383,4.999874775548653,4.998065407836117,-4.999961557376386,4.999991104384723,-4.999142273281528,4.99982312037983,-4.999957379353591
99.0,120.0,129.8974151611328,4.997019783850856,-4.999849042804196,4.999909671780365,4.999822438227339,4.999022266092803,-4.999881600734603,4.999273255905849,-4.999934396087382,4.9996486403506655,-4.999962506185092
99.0,120.0,129.9022979736328,4.996811277639566,-4.997497022662241,4.999747592845228,4.999996583386428,4.9978933820720295,-4.999670465033022,4.999870678481797,-4.999979361868972,4.9999855873947405,-4.999612876415165
99.0,120.0,129.89614868164062,4.999009743642821,-4.999999989232087,4.999885038588761,4.999974589034158,4.999787533454809,-4.9999497791651,4.99948324730975,-4.999887481156846,4.999532514418851,-4.999624763143592
99.0,120.0,129.89630126953125,4.998234171341489,-4.999957315198237,4.999327650533992,4.999257359484414,4.999879663255738,-4.999948005798237,4.999227983381079,-4.999981291600819,4.999823884453448,-4.999752047667907
99.0,120.0,129.89895629882812,4.997535381659937,-4.9999435324145765,4.999764552163303,4.999795001365593,4.997984179228647,-4.999827321392341,4.9991636650622775,-4.9999923904832535,4.999789986026739,-4.999989336307669
99.0,120.0,129.89794921875,4.998131189297904,-4.999879723786036,4.999005966743589,4.997474592774346,4.999393901164709,-4.999999223209056,4.999668995414444,-4.999969452313356,4.999799822534996,-4.999982186121234
99.0,120.0,129.89642333984375,4.998382523745187,-4.999951906829848,4.999987338878702,4.999026341968667,4.999975905604006,-4.999709479147005,4.999389463539987,-4.99995326142468,4.999633681395459,-4.999814099919184
99.0,120.0,129.9008026123047,4.998879776104429,-4.999045062754695,4.999343732503158,4.99671021951281,4.999916022925484,-4.999943684406169,4.99924911082529,-4.9996894307221496,4.999962617659325,-4.9999494532170745
99.0,120.0,129.90115356445312,4.99971377730432,-4.999304168913145,4.999392912660296,4.998077041449105,4.9987754611855255,-4.999851477496239,4.999276006494959,-4.999572549659208,4.999958025001154,-4.999906373302763
99.0,120.0,129.8978729248047,4.998029419989899,-4.9997890318743385,4.999481601380657,4.999976054801505,4.999983951388287,-4.999567196127577,4.999263455904053,-4.999868448877531,4.999776189104578,-4.999652679995535
99.0,120.0,129.89849853515625,4.998696296518196,-4.99998945320146,4.999588354644263,4.999396128282065,4.999987962389765,-4.998811408415756,4.999497122156884,-4.999849848247401,4.999814168897571,-4.999747751184039
99.0,120.0,129.904052734375,4.997848057432842,-4.999100157999823,4.999097971400608,4.997695829186927,4.999405135072342,-4.999967815053606,4.999670281503339,-4.999620425110973,4.9997580871624,-4.999687583458213
99.0,120.0,129.89901733398438,4.996977377473852,-4.999999980847403,4.99839852681408,4.9996505819014105,4.999648202842563,-4.999476789251592,4.999512590072056,-4.999936628668173,4.999855005828984,-4.999775563998966
99.0,120.0,129.89492797851562,4.997432981384791,-4.99973056342626,4.999497395874089,4.999981874320736,4.999990204370722,-4.99984556783174,4.999478727487205,-4.999821758607752,4.999932338828378,-4.999715824492791
99.0,120.0,129.8994140625,4.99738551477352,-4.999717017547344,4.9996924944630585,4.999991525877504,4.999959831211237,-4.999350389806772,4.999160457347051,-4.999851933503447,4.999757665401457,-4.999690629873904
99.0,120.0,129.9016571044922,4.997604715439762,-4.999987719944395,4.999218241019069,4.9989740182533495,4.999976366886163,-4.999888014280052,4.998779252676632,-4.99982730506445,4.99978547139804,-4.999679339579998
99.0,120.0,129.90298461914062,4.997473555305174,-4.999050398366082,4.999956178014175,4.999629478745208,4.998981636504522,-4.998421528419426,4.999262527740276,-4.999660726088671,4.999992745936029,-4.999936054638265
99.0,120.0,129.8959197998047,4.996488594589748,-4.998418961668604,4.999914944582134,4.999978653927718,4.999998829077861,-4.99961596969385,4.99985159635458,-4.999998602817551,4.999777575199276,-4.999731708078587
99.0,120.0,129.90127563476562,4.99660621197928,-4.999962617086769,4.998589050226162,4.999756024956467,4.999699504773986,-4.999252366128911,4.999045919591943,-4.999975874203264,4.999897332532641,-4.999762644121746
99.0,120.0,129.901611328125,4.997126294234507,-4.999956493202291,4.999944626231997,4.999763054093402,4.997976880561778,-4.999560561459671,4.999256855245857,-4.999993651396421,4.999784381857128,-4.999798693216663
99.0,120.0,129.89642333984375,4.997171386495131,-4.999924740138448,4.999823250741485,4.997807668165828,4.99991800778476,-4.999951837719641,4.999641472662411,-4.999993381505185,4.999838264189701,-4.999857627229311
99.0,120.0,129.89588928222656,4.99889610555047,-4.999952968547204,4.999787175690884,4.997897462000111,4.999986309070868,-4.999994821571771,4.999801263786147,-4.999940926841981,4.999797552886366,-4.999675340647272
99.0,120.0,129.89691162109375,4.996502684839848,-4.998380824672124,4.999883470784345,4.999999006930882,4.999999290688592,-4.999610114380804,4.999765447936504,-4.999972642432086,4.999675327602047,-4.999773054691802
99.0,120.0,129.89793395996094,4.997635512364527,-4.999942226634243,4.999177075000015,4.999073034429273,4.999968937306311,-4.999999190776982,4.999236262821432,-4.999833464139952,4.999816073409426,-4.999763125323076
99.0,120.0,129.90093994140625,4.997134664250174,-4.999983714993685,4.999905946837634,4.999807581467571,4.998998644817055,-4.999611640511221,4.999253822286931,-4.999954911295843,4.999771990381637,-4.99958958840169
99.0,120.0,129.90371704101562,4.994460475193919,-4.999479145234243,4.998704324285775,4.999307325868693,4.999540849618798,-4.999958277570439,4.9991556585667976,-4.999999209679735,4.999971635290794,-4.9995411580766165
99.0,120.0,129.89830017089844,4.996991603350656,-4.999925316797157,4.999972619375942,4.99978173222101,4.997988652939706,-4.999893311360694,4.999445552741999,-4.999986316858314,4.999853135545124,-4.99987981295866
99.0,120.0,129.8988037109375,4.997515976030172,-4.999751897129441,4.9995259897719855,4.999977915106251,4.999627972134999,-4.9995229561488825,4.999179831393289,-4.99990362271612,4.999832860906145,-4.999696883400254
99.0,120.0,129.89749145507812,4.999153904241176,-4.9997900635209565,4.9990971829285,4.999000890713711,4.998444948905401,-4.999989853547355,4.999605576556691,-4.999865120933386,4.999874332474159,-4.99989597309833
99.0,120.0,129.90289306640625,4.996158123399448,-4.998019069443155,4.999922473362847,4.9999847631176975,4.99924849878242,-4.999575650886648,4.999925525585001,-4.999259873630975,4.999730836636446,-4.999784137784793
99.0,120.0,129.90335083007812,4.9976555281714905,-4.999172300232251,4.999499096543362,4.997710656230016,4.99962614520417,-4.999715248732079,4.999007319687514,-4.999844567391584,4.999868001312242,-4.999815861799368
99.0,120.0,129.8992462158203,4.998715905946337,-4.999992233994233,4.999714755821364,4.999425528164785,4.999989866526538,-4.998801428070984,4.99942540990382,-4.999788680134071,4.999835884074842,-4.9996997194853
99.0,120.0,129.9002227783203,4.997535381659937,-4.9999435324145765,4.999991226744676,4.999795001365593,4.997984179228647,-4.999370356404301,4.9991636650622775,-4.9999923904832535,4.999789986026739,-4.999989336307669
99.0,120.0,129.8971710205078,4.9970368270500405,-4.999958252866882,4.999999567518525,4.999996845731291,4.999654203972048,-4.999154285737494,4.998861616840659,-4.999995560001976,4.999855174005788,-4.9999976076967165
99.0,120.0,129.89706420898438,4.998043076148425,-4.99981238547729,4.999025895995778,4.998516726669328,4.999374428481718,-4.999998072142178,4.999669736172414,-4.999920924647717,4.999742411057252,-4.999940819139333
99.0,121.0,129.89569091796875,4.999379647890322,-4.998172876391779,4.999526647452943,4.999588446698608,4.999950957568508,-4.999632763367487,4.999470560705774,-4.99972917186178,4.999875674277031,-4.99991626547353
99.0,121.0,129.89947509765625,4.99835380820498,-4.999501283921799,4.9998002950488365,4.998520470624438,4.99946235601437,-4.999532668641932,4.999139325003936,-4.999814036187791,4.9998583061881,-4.999942040038095
99.0,121.0,129.89317321777344,4.998447041082706,-4.999200471643441,4.999615617886278,4.999990858780255,4.999992022842922,-4.999674413893445,4.999826696381096,-4.99982145517666,4.999835308782619,-4.999811099493776
99.0,121.0,129.8966827392578,4.998406257050823,-4.999958679769306,4.999973332381296,4.99780419870004,4.999983474832054,-4.999957068159489,4.999548598610064,-4.999938173976832,4.99972101810892,-4.999826697228627
99.0,121.0,129.89974975585938,4.998576010696182,-4.999791976417658,4.999627781732987,4.999980958961127,4.999989019659995,-4.999551875862649,4.999708927181414,-4.99938969258003,4.999686417756823,-4.9995380556318905
99.0,121.0,129.89794921875,4.996547075056999,-4.999768692888281,4.999087148453695,4.99915448250327,4.999852489415091,-4.999999510872882,4.999818210663732,-4.9999881295648425,4.99969541638821,-4.999652766770391
99.0,121.0,129.89781188964844,4.996952114980178,-4.998175544197473,4.999873642405604,4.999963618204396,4.999302372207604,-4.999475234688966,4.999855453217199,-4.999903468009388,4.999969606872243,-4.999689679981303
99.0,121.0,129.89537048339844,4.999892276831105,-4.999996062825733,4.999666271045212,4.997906559777196,4.999941575397486,-4.999935477563761,4.999238978395964,-4.999998817426971,4.9999318248760565,-4.999796053997056
99.0,121.0,129.898193359375,4.997366630323706,-4.999396799023041,4.9998915410923885,4.99943232807704,4.998710857596105,-4.9995050809423685,4.999587342353345,-4.999997024926628,4.999894664408624,-4.999842929858133
99.0,121.0,129.89553833007812,4.99995209526285,-4.999961265106776,4.999902593302634,4.997538115347208,4.999732921776801,-4.999923656887526,4.999194649207393,-4.999994320325631,4.999949035743383,-4.99989105018215
99.0,121.0,129.89845275878906,4.997356568564363,-4.999846375339642,4.99919513797489,4.999932674198038,4.9999636330047945,-4.999796089193987,4.999060216004793,-4.999816458049741,4.999930559317194,-4.9996418724919405
99.0,121.0,129.89840698242188,4.9992872621656055,-4.999868468867977,4.999665283294736,4.997837717815811,4.9997367384623495,-4.999837299607008,4.99902901538104,-4.999926337142144,4.9999535492600256,-4.999801559217987
99.0,121.0,129.89852905273438,4.996714986254968,-4.999995861957269,4.999827106103838,4.999860931314447,4.998100697694181,-4.9997405222701286,4.9993122240260455,-4.99998979369857,4.999941926290509,-4.999897341839143
99.0,121.0,129.8981170654297,4.999265005486777,-4.999557529776464,4.999010926270575,4.999731134882056,4.998708280728213,-4.999999457157713,4.99989037764543,-4.999652949129505,4.99978838825852,-4.999693980895228
99.0,121.0,129.8999786376953,4.999549326795625,-4.998860853291798,4.999043613375383,4.999874775548653,4.998065407836117,-4.999961557376386,4.999991104384723,-4.999142273281528,4.99982312037983,-4.999957379353591
99.0,121.0,129.8974151611328,4.997019783850856,-4.999849042804196,4.999909671780365,4.999822438227339,4.999022266092803,-4.999881600734603,4.999273255905849,-4.999934396087382,4.9996486403506655,-4.999962506185092
99.0,121.0,129.9021453857422,4.996186192368649,-4.999987584756977,4.999999899056927,4.998907372550427,4.9998402639079496,-4.999157414576104,4.998701205399968,-4.999998004831589,4.999822657397073,-4.999862709749028
99.0,121.0,129.89614868164062,4.999009743642821,-4.999999989232087,4.999885038588761,4.999974589034158,4.999787533454809,-4.9999497791651,4.99948324730975,-4.999887481156846,4.999532514418851,-4.999624763143592
99.0,121.0,129.89630126953125,4.998234171341489,-4.999957315198237,4.999327650533992,4.999257359484414,4.999879663255738,-4.999948005798237,4.999227983381079,-4.999981291600819,4.999823884453448,-4.999752047667907
99.0,121.0,129.89895629882812,4.997535381659937,-4.9999435324145765,4.999764552163303,4.999795001365593,4.997984179228647,-4.999827321392341,4.9991636650622775,-4.9999923904832535,4.999789986026739,-4.999989336307669
99.0,121.0,129.89794921875,4.998131189297904,-4.999879723786036,4.999005966743589,4.997474592774346,4.999393901164709,-4.999999223209056,4.999668995414444,-4.999969452313356,4.999799822534996,-4.999982186121234
99.0,121.0,129.89642333984375,4.998382523745187,-4.999951906829848,4.999987338878702,4.999026341968667,4.999975905604006,-4.999709479147005,4.999389463539987,-4.99995326142468,4.999633681395459,-4.999814099919184
99.0,121.0,129.9008026123047,4.998879776104429,-4.999045062754695,4.999343732503158,4.99671021951281,4.999916022925484,-4.999943684406169,4.99924911082529,-4.9996894307221496,4.999962617659325,-4.9999494532170745
99.0,121.0,129.90115356445312,4.99971377730432,-4.999304168913145,4.999392912660296,4.998077041449105,4.9987754611855255,-4.999851477496239,4.999276006494959,-4.999572549659208,4.999958025001154,-4.999906373302763
99.0,121.0,129.8966827392578,4.998625084049794,-4.9996805499929,4.999031636645813,4.999091122838672,4.9983830101698645,-4.999992083697718,4.999942121561466,-4.999945533183582,4.999829304969244,-4.999882686693526
99.0,121.0,129.89849853515625,4.998696296518196,-4.99998945320146,4.999588354644263,4.999396128282065,4.999987962389765,-4.998811408415756,4.999497122156884,-4.999849848247401,4.999814168897571,-4.999747751184039
99.0,121.0,129.90289306640625,4.997153102172837,-4.999702070033079,4.999993505510402,4.999954706723112,4.997642657444345,-4.999123285270956,4.999122838531728,-4.999999197264627,4.999837406963553,-4.999919708176119
99.0,121.0,129.8963165283203,4.999040554474362,-4.999840719151809,4.99959095341637,4.9996505819014105,4.999996184379191,-4.999476789251592,4.999511252453232,-4.999864698074459,4.999784221338175,-4.9996618066178895
99.0,121.0,129.89492797851562,4.997432981384791,-4.99973056342626,4.999497395874089,4.999981874320736,4.999990204370722,-4.99984556783174,4.999478727487205,-4.999821758607752,4.999932338828378,-4.999715824492791
99.0,121.0,129.8994140625,4.99738551477352,-4.999717017547344,4.9996924944630585,4.999991525877504,4.999959831211237,-4.999350389806772,4.999160457347051,-4.999851933503447,4.999757665401457,-4.999690629873904
99.0,121.0,129.89646911621094,4.997604715439762,-4.999893525386741,4.999218241019069,4.998606559176417,4.999474595290028,-4.999999568787971,4.999906959225562,-4.999990909195986,4.9996320790883,-4.999886636793346
99.0,121.0,129.89834594726562,4.999738064934075,-4.99930546158188,4.999357543120965,4.999629478745208,4.998650184657899,-4.999834771860257,4.999099031793624,-4.999600622833607,4.999988962394462,-4.999938549779524
99.0,121.0,129.8959197998047,4.996488594589748,-4.998418961668604,4.999914944582134,4.999978653927718,4.999998829077861,-4.99961596969385,4.99985159635458,-4.999998602817551,4.999777575199276,-4.999731708078587
99.0,121.0,129.8995819091797,4.999490672495492,-4.999958740982867,4.999998668698729,4.9979397215307975,4.999996199956569,-4.99935802675854,4.999045919591943,-4.999975874203264,4.999791251952235,-4.999762644121746
99.0,121.0,129.901611328125,4.997126294234507,-4.999956493202291,4.999944626231997,4.999763054093402,4.997976880561778,-4.999560561459671,4.999256855245857,-4.999993651396421,4.999784381857128,-4.999798693216663
99.0,121.0,129.89642333984375,4.997171386495131,-4.999924740138448,4.999823250741485,4.997807668165828,4.99991800778476,-4.999951837719641,4.999641472662411,-4.999993381505185,4.999838264189701,-4.999857627229311
99.0,121.0,129.89588928222656,4.99889610555047,-4.999952968547204,4.999787175690884,4.997897462000111,4.999986309070868,-4.999994821571771,4.999801263786147,-4.999940926841981,4.999797552886366,-4.999675340647272
99.0,121.0,129.89691162109375,4.996502684839848,-4.998380824672124,4.999883470784345,4.999999006930882,4.999999290688592,-4.999610114380804,4.999765447936504,-4.999972642432086,4.999675327602047,-4.999773054691802
99.0,121.0,129.89793395996094,4.997635512364527,-4.999942226634243,4.999177075000015,4.999073034429273,4.999968937306311,-4.999999190776982,4.999236262821432,-4.999833464139952,4.999816073409426,-4.999763125323076
99.0,121.0,129.90029907226562,4.998186359299062,-4.999914776187371,4.999076059614539,4.999863208500608,4.999858856441369,-4.999611640511221,4.99965165830386,-4.999451662929938,4.999756251322415,-4.999574062755812
99.0,121.0,129.89784240722656,4.997702100943003,-4.999994586439008,4.999972525024625,4.999307325868693,4.999755832354726,-4.999958277570439,4.999251049248403,-4.999852945365589,4.999790908766327,-4.999651079544467
99.0,121.0,129.89730834960938,4.998619861589483,-4.999876393543791,4.998882572558891,4.999244633856936,4.999114184906436,-4.99995794671017,4.999336039889432,-4.999937221355172,4.9999442099927975,-4.99979298425748
99.0,121.0,129.89695739746094,4.998452163573855,-4.999988323655956,4.999072496508457,4.998548673941518,4.999381727148587,-4.999807867086808,4.999576545988834,-4.999908172485639,4.999748015226863,-4.999986124602545
99.0,121.0,129.89749145507812,4.999153904241176,-4.9997900635209565,4.9990971829285,4.999000890713711,4.998444948905401,-4.999989853547355,4.999605576556691,-4.999865120933386,4.999874332474159,-4.99989597309833
99.0,121.0,129.89576721191406,4.998397979611358,-4.999960502446078,4.999999633739448,4.9999847631176975,4.999190993499321,-4.999448286405784,4.999251825528159,-4.999946682602042,4.999727277322247,-4.999975232677768
99.0,121.0,129.90335083007812,4.9976555281714905,-4.999172300232251,4.999499096543362,4.997710656230016,4.99962614520417,-4.999715248732079,4.999007319687514,-4.999844567391584,4.999868001312242,-4.999815861799368
99.0,121.0,129.89788818359375,4.997079705710791,-4.999992233994233,4.999697768233075,4.999176931838641,4.999914959187523,-4.999651940896465,4.999615795754563,-4.999897111008819,4.999730918704241,-4.9996997194853
99.0,121.0,129.9002227783203,4.997535381659937,-4.9999435324145765,4.999991226744676,4.999795001365593,4.997984179228647,-4.999370356404301,4.9991636650622775,-4.9999923904832535,4.999789986026739,-4.999989336307669
99.0,121.0,129.8971710205078,4.9970368270500405,-4.999958252866882,4.999999567518525,4.999996845731291,4.999654203972048,-4.999154285737494,4.998861616840659,-4.999995560001976,4.999855174005788,-4.9999976076967165
99.0,121.0,129.89706420898438,4.998043076148425,-4.99981238547729,4.999025895995778,4.998516726669328,4.999374428481718,-4.999998072142178,4.999669736172414,-4.999920924647717,4.999742411057252,-4.999940819139333
99.0,122.0,129.89569091796875,4.999379647890322,-4.998172876391779,4.999526647452943,4.999588446698608,4.999950957568508,-4.999632763367487,4.999470560705774,-4.99972917186178,4.999875674277031,-4.99991626547353
99.0,122.0,129.8994598388672,4.999838870135137,-4.998978419605011,4.99905421569185,4.998669576604115,4.99946235601437,-4.9998952025987125,4.999306226620774,-4.999389117662223,4.999998314372365,-4.999892932582547
99.0,122.0,129.89317321777344,4.998447041082706,-4.999200471643441,4.999615617886278,4.999990858780255,4.999992022842922,-4.999674413893445,4.999826696381096,-4.99982145517666,4.999835308782619,-4.999811099493776
99.0,122.0,129.8966827392578,4.998406257050823,-4.999958679769306,4.999973332381296,4.99780419870004,4.999983474832054,-4.999957068159489,4.999548598610064,-4.999938173976832,4.99972101810892,-4.999826697228627
99.0,122.0,129.89974975585938,4.998576010696182,-4.999791976417658,4.999627781732987,4.999980958961127,4.999989019659995,-4.999551875862649,4.999708927181414,-4.99938969258003,4.999686417756823,-4.9995380556318905
99.0,122.0,129.89794921875,4.996547075056999,-4.999768692888281,4.999087148453695,4.99915448250327,4.999852489415091,-4.999999510872882,4.999818210663732,-4.9999881295648425,4.99969541638821,-4.999652766770391
99.0,122.0,129.89781188964844,4.996952114980178,-4.998175544197473,4.999873642405604,4.999963618204396,4.999302372207604,-4.999475234688966,4.999855453217199,-4.999903468009388,4.999969606872243,-4.999689679981303
99.0,122.0,129.89537048339844,4.999892276831105,-4.999996062825733,4.999666271045212,4.997906559777196,4.999941575397486,-4.999935477563761,4.999238978395964,-4.999998817426971,4.9999318248760565,-4.999796053997056
99.0,122.0,129.898193359375,4.997366630323706,-4.999396799023041,4.9998915410923885,4.99943232807704,4.998710857596105,-4.9995050809423685,4.999587342353345,-4.999997024926628,4.999894664408624,-4.999842929858133
99.0,122.0,129.89553833007812,4.99995209526285,-4.999961265106776,4.999902593302634,4.997538115347208,4.999732921776801,-4.999923656887526,4.999194649207393,-4.999994320325631,4.999949035743383,-4.99989105018215
99.0,122.0,129.89845275878906,4.997356568564363,-4.999846375339642,4.99919513797489,4.999932674198038,4.9999636330047945,-4.999796089193987,4.999060216004793,-4.999816458049741,4.999930559317194,-4.9996418724919405
99.0,122.0,129.89840698242188,4.9992872621656055,-4.999868468867977,4.999665283294736,4.997837717815811,4.9997367384623495,-4.999837299607008,4.99902901538104,-4.999926337142144,4.9999535492600256,-4.999801559217987
99.0,122.0,129.8955078125,4.999921268411837,-4.999998506387539,4.999613981799434,4.997644379533318,4.999647970318624,-4.9998398157186745,4.999409119979665,-4.999999690943912,4.999897795784775,-4.99990755363679
99.0,122.0,129.8981170654297,4.999265005486777,-4.999557529776464,4.999010926270575,4.999731134882056,4.998708280728213,-4.999999457157713,4.99989037764543,-4.999652949129505,4.99978838825852,-4.999693980895228
99.0,122.0,129.89898681640625,4.999490515656155,-4.9995217884016245,4.998998162550462,4.998214120487559,4.997834587308567,-4.999995247790452,4.999991104384723,-4.99971904672576,4.999961234305648,-4.999941974352987
99.0,122.0,129.8974151611328,4.997019783850856,-4.999849042804196,4.999909671780365,4.999822438227339,4.999022266092803,-4.999881600734603,4.999273255905849,-4.999934396087382,4.9996486403506655,-4.999962506185092
99.0,122.0,129.89833068847656,4.997367794154531,-4.999956079541365,4.999999924863022,4.999316896989139,4.999707526879613,-4.999177693624261,4.999148257043194,-4.999975377622556,4.999842008222247,-4.999862709749028
99.0,122.0,129.8953857421875,4.998231300131415,-4.999301222848949,4.999459165352058,4.999878298954965,4.999066529729973,-4.999980612351397,4.999640380475282,-4.999887481156846,4.999668009612016,-4.999972846852787
99.0,122.0,129.89627075195312,4.999796611434682,-4.99997694225347,4.999987501039246,4.99766942229073,4.999890931828075,-4.999942977743432,4.999325186882555,-4.999938643387056,4.999776403885761,-4.999843408705047
99.0,122.0,129.89895629882812,4.997535381659937,-4.9999435324145765,4.999764552163303,4.999795001365593,4.997984179228647,-4.999827321392341,4.9991636650622775,-4.9999923904832535,4.999789986026739,-4.999989336307669
99.0,122.0,129.89682006835938,4.996700031081989,-4.999956770957474,4.999807718412416,4.999871883030712,4.999393901164709,-4.999443653727271,4.999360529901004,-4.99999647252494,4.999682179054788,-4.999996376163995
99.0,122.0,129.89642333984375,4.998382523745187,-4.999951906829848,4.999987338878702,4.999026341968667,4.999975905604006,-4.999709479147005,4.999389463539987,-4.99995326142468,4.999633681395459,-4.999814099919184
99.0,122.0,129.8958282470703,4.997818543914543,-4.999436137025408,4.998940117093475,4.999563425059399,4.9993772853677445,-4.999837868303015,4.999682452469887,-4.999861188815056,4.999761289005378,-4.999996702703457
99.0,122.0,129.89932250976562,4.997507589212416,-4.999986835678649,4.999973959942883,4.998270090442203,4.999993221181901,-4.999860185982805,4.999275918334114,-4.99991384253501,4.999749131530438,-4.999699646925432
99.0,122.0,129.8955078125,4.997307544645606,-4.9996928739790985,4.999134703230052,4.998345975224413,4.999806348586091,-4.999790635515398,4.999942121561466,-4.999796741655425,4.99997896929405,-4.999921763770328
99.0,122.0,129.89501953125,4.999465342283719,-4.999999989373447,4.999490354199631,4.99999722805477,4.9994104958117305,-4.999982249176372,4.999858773630497,-4.999806937627703,4.999497555454061,-4.999747751184039
99.0,122.0,129.89781188964844,4.998329197456034,-4.999966546348856,4.99978469592739,4.996769190946256,4.999993388243294,-4.999994704597443,4.999690572670654,-4.999954209494464,4.999803270024604,-4.999819443260275
99.0,122.0,129.8963165283203,4.999040554474362,-4.999840719151809,4.99959095341637,4.9996505819014105,4.999996184379191,-4.999476789251592,4.999511252453232,-4.999864698074459,4.999784221338175,-4.9996618066178895
99.0,122.0,129.89492797851562,4.997432981384791,-4.99973056342626,4.999497395874089,4.999981874320736,4.999990204370722,-4.99984556783174,4.999478727487205,-4.999821758607752,4.999932338828378,-4.999715824492791
99.0,122.0,129.8954315185547,4.99738551477352,-4.999240646601399,4.9999624863324765,4.999997435318176,4.999576911181778,-4.999615458824305,4.999554219002154,-4.999794588437929,4.999757665401457,-4.999965969201127
99.0,122.0,129.89646911621094,4.997604715439762,-4.999893525386741,4.999218241019069,4.998606559176417,4.999474595290028,-4.999999568787971,4.999906959225562,-4.999990909195986,4.9996320790883,-4.999886636793346
99.0,122.0,129.89834594726562,4.999738064934075,-4.99930546158188,4.999357543120965,4.999629478745208,4.998650184657899,-4.999834771860257,4.999099031793624,-4.999600622833607,4.999988962394462,-4.999938549779524
99.0,122.0,129.8959197998047,4.996488594589748,-4.998418961668604,4.999914944582134,4.999978653927718,4.999998829077861,-4.99961596969385,4.99985159635458,-4.999998602817551,4.999777575199276,-4.999731708078587
99.0,122.0,129.8971405029297,4.996214088549063,-4.999609349945231,4.999961467468951,4.999608525864804,4.999380867452516,-4.9995104789281095,4.999777190200135,-4.999997927231957,4.999866352625581,-4.999731567214766
99.0,122.0,129.89634704589844,4.997126294234507,-4.998564043649181,4.999767075943471,4.999763054093402,4.999999329885702,-4.999880297506604,4.999861995182682,-4.999993651396421,4.99972433106962,-4.999621713733177
99.0,122.0,129.89642333984375,4.997171386495131,-4.999924740138448,4.999823250741485,4.997807668165828,4.99991800778476,-4.999951837719641,4.999641472662411,-4.999993381505185,4.999838264189701,-4.999857627229311
99.0,122.0,129.89588928222656,4.99889610555047,-4.999952968547204,4.999787175690884,4.997897462000111,4.999986309070868,-4.999994821571771,4.999801263786147,-4.999940926841981,4.999797552886366,-4.999675340647272
99.0,122.0,129.89691162109375,4.996502684839848,-4.998380824672124,4.999883470784345,4.999999006930882,4.999999290688592,-4.999610114380804,4.999765447936504,-4.999972642432086,4.999675327602047,-4.999773054691802
99.0,122.0,129.89793395996094,4.997635512364527,-4.999942226634243,4.999177075000015,4.999073034429273,4.999968937306311,-4.999999190776982,4.999236262821432,-4.999833464139952,4.999816073409426,-4.999763125323076
99.0,122.0,129.89674377441406,4.998885896788726,-4.999857757923405,4.998560135313575,4.999219650664797,4.999176100356942,-4.99995281082407,4.9993245069557695,-4.999966653807238,4.999960697836357,-4.999843468319201
99.0,122.0,129.89784240722656,4.997702100943003,-4.999994586439008,4.999972525024625,4.999307325868693,4.999755832354726,-4.999958277570439,4.999251049248403,-4.999852945365589,4.999790908766327,-4.999651079544467
99.0,122.0,129.89730834960938,4.998619861589483,-4.999876393543791,4.998882572558891,4.999244633856936,4.999114184906436,-4.99995794671017,4.999336039889432,-4.999937221355172,4.9999442099927975,-4.99979298425748
99.0,122.0,129.89695739746094,4.998452163573855,-4.999988323655956,4.999072496508457,4.998548673941518,4.999381727148587,-4.999807867086808,4.999576545988834,-4.999908172485639,4.999748015226863,-4.999986124602545
99.0,122.0,129.89749145507812,4.999153904241176,-4.9997900635209565,4.9990971829285,4.999000890713711,4.998444948905401,-4.999989853547355,4.999605576556691,-4.999865120933386,4.999874332474159,-4.99989597309833
99.0,122.0,129.89576721191406,4.998397979611358,-4.999960502446078,4.999999633739448,4.9999847631176975,4.999190993499321,-4.999448286405784,4.999251825528159,-4.999946682602042,4.999727277322247,-4.999975232677768
99.0,122.0,129.8990478515625,4.998526689124301,-4.998132233072598,4.999231541737606,4.999740856325736,4.99990959809045,-4.999715248732079,4.999676900659722,-4.999455594613264,4.99978788750021,-4.999805269852908
99.0,122.0,129.89788818359375,4.997079705710791,-4.999992233994233,4.999697768233075,4.999176931838641,4.999914959187523,-4.999651940896465,4.999615795754563,-4.999897111008819,4.999730918704241,-4.9996997194853
99.0,122.0,129.9002227783203,4.997535381659937,-4.9999435324145765,4.999991226744676,4.999795001365593,4.997984179228647,-4.999370356404301,4.9991636650622775,-4.9999923904832535,4.999789986026739,-4.999989336307669
99.0,122.0,129.8971710205078,4.9970368270500405,-4.999958252866882,4.999999567518525,4.999996845731291,4.999654203972048,-4.999154285737494,4.998861616840659,-4.999995560001976,4.999855174005788,-4.9999976076967165
99.0,122.0,129.89706420898438,4.998043076148425,-4.99981238547729,4.999025895995778,4.998516726669328,4.999374428481718,-4.999998072142178,4.999669736172414,-4.999920924647717,4.999742411057252,-4.999940819139333
99.0,123.0,129.89569091796875,4.999379647890322,-4.998172876391779,4.999526647452943,4.999588446698608,4.999950957568508,-4.999632763367487,4.999470560705774,-4.99972917186178,4.999875674277031,-4.99991626547353
99.0,123.0,129.8994598388672,4.999838870135137,-4.998978419605011,4.99905421569185,4.998669576604115,4.99946235601437,-4.9998952025987125,4.999306226620774,-4.999389117662223,4.999998314372365,-4.999892932582547
99.0,123.0,129.89317321777344,4.998447041082706,-4.999200471643441,4.999615617886278,4.999990858780255,4.999992022842922,-4.999674413893445,4.999826696381096,-4.99982145517666,4.999835308782619,-4.999811099493776
99.0,123.0,129.89602661132812,4.995254354543526,-4.9996531552819246,4.999968061874074,4.999745492904862,4.999366261661148,-4.999957068159489,4.999836811031212,-4.999998689020714,4.999810582106692,-4.999762142480287
99.0,123.0,129.89974975585938,4.998576010696182,-4.999791976417658,4.999627781732987,4.999980958961127,4.999989019659995,-4.999551875862649,4.999708927181414,-4.99938969258003,4.999686417756823,-4.9995380556318905
99.0,123.0,129.89794921875,4.996547075056999,-4.999768692888281,4.999087148453695,4.99915448250327,4.999852489415091,-4.999999510872882,4.999818210663732,-4.9999881295648425,4.99969541638821,-4.999652766770391
99.0,123.0,129.89781188964844,4.996952114980178,-4.998175544197473,4.999873642405604,4.999963618204396,4.999302372207604,-4.999475234688966,4.999855453217199,-4.999903468009388,4.999969606872243,-4.999689679981303
99.0,123.0,129.89537048339844,4.999892276831105,-4.999996062825733,4.999666271045212,4.997906559777196,4.999941575397486,-4.999935477563761,4.999238978395964,-4.999998817426971,4.9999318248760565,-4.999796053997056
99.0,123.0,129.898193359375,4.997366630323706,-4.999396799023041,4.9998915410923885,4.99943232807704,4.998710857596105,-4.9995050809423685,4.999587342353345,-4.999997024926628,4.999894664408624,-4.999842929858133
99.0,123.0,129.89553833007812,4.99995209526285,-4.999961265106776,4.999902593302634,4.997538115347208,4.999732921776801,-4.999923656887526,4.999194649207393,-4.999994320325631,4.999949035743383,-4.99989105018215
99.0,123.0,129.89845275878906,4.997356568564363,-4.999846375339642,4.99919513797489,4.999932674198038,4.9999636330047945,-4.999796089193987,4.999060216004793,-4.999816458049741,4.999930559317194,-4.9996418724919405
99.0,123.0,129.89840698242188,4.9992872621656055,-4.999868468867977,4.999665283294736,4.997837717815811,4.9997367384623495,-4.999837299607008,4.99902901538104,-4.999926337142144,4.9999535492600256,-4.999801559217987
99.0,123.0,129.8955078125,4.999921268411837,-4.999998506387539,4.999613981799434,4.997644379533318,4.999647970318624,-4.9998398157186745,4.999409119979665,-4.999999690943912,4.999897795784775,-4.99990755363679
99.0,123.0,129.8981170654297,4.999265005486777,-4.999557529776464,4.999010926270575,4.999731134882056,4.998708280728213,-4.999999457157713,4.99989037764543,-4.999652949129505,4.99978838825852,-4.999693980895228
99.0,123.0,129.89817810058594,4.996192084371248,-4.99967921705407,4.99975981951926,4.999978926219715,4.998761377160758,-4.999341454624952,4.999459469307683,-4.999996995622802,4.99981267056137,-4.999997854963442
99.0,123.0,129.8974151611328,4.997019783850856,-4.999849042804196,4.999909671780365,4.999822438227339,4.999022266092803,-4.999881600734603,4.999273255905849,-4.999934396087382,4.9996486403506655,-4.999962506185092
99.0,123.0,129.89833068847656,4.997367794154531,-4.999956079541365,4.999999924863022,4.999316896989139,4.999707526879613,-4.999177693624261,4.999148257043194,-4.999975377622556,4.999842008222247,-4.999862709749028
99.0,123.0,129.8953857421875,4.998231300131415,-4.999301222848949,4.999459165352058,4.999878298954965,4.999066529729973,-4.999980612351397,4.999640380475282,-4.999887481156846,4.999668009612016,-4.999972846852787
99.0,123.0,129.89627075195312,4.999796611434682,-4.99997694225347,4.999987501039246,4.99766942229073,4.999890931828075,-4.999942977743432,4.999325186882555,-4.999938643387056,4.999776403885761,-4.999843408705047
99.0,123.0,129.8963623046875,4.998511290661918,-4.9999435324145765,4.999252124747133,4.999507618699308,4.999662427082308,-4.999715437737573,4.999924707531014,-4.999534317141281,4.999695890339647,-4.999867025588044
99.0,123.0,129.89682006835938,4.996700031081989,-4.999956770957474,4.999807718412416,4.999871883030712,4.999393901164709,-4.999443653727271,4.999360529901004,-4.99999647252494,4.999682179054788,-4.999996376163995
99.0,123.0,129.89642333984375,4.998382523745187,-4.999951906829848,4.999987338878702,4.999026341968667,4.999975905604006,-4.999709479147005,4.999389463539987,-4.99995326142468,4.999633681395459,-4.999814099919184
99.0,123.0,129.8958282470703,4.997818543914543,-4.999436137025408,4.998940117093475,4.999563425059399,4.9993772853677445,-4.999837868303015,4.999682452469887,-4.999861188815056,4.999761289005378,-4.999996702703457
99.0,123.0,129.8956756591797,4.998228425387154,-4.999776005299429,4.999973959942883,4.998270090442203,4.999998657954697,-4.999918828949601,4.999839701742745,-4.999938960782817,4.999741031151975,-4.999725705449835
99.0,123.0,129.8955078125,4.997307544645606,-4.9996928739790985,4.999134703230052,4.998345975224413,4.999806348586091,-4.999790635515398,4.999942121561466,-4.999796741655425,4.99997896929405,-4.999921763770328
99.0,123.0,129.89501953125,4.999465342283719,-4.999999989373447,4.999490354199631,4.99999722805477,4.9994104958117305,-4.999982249176372,4.999858773630497,-4.999806937627703,4.999497555454061,-4.999747751184039
99.0,123.0,129.89781188964844,4.998329197456034,-4.999966546348856,4.99978469592739,4.996769190946256,4.999993388243294,-4.999994704597443,4.999690572670654,-4.999954209494464,4.999803270024604,-4.999819443260275
99.0,123.0,129.8963165283203,4.999040554474362,-4.999840719151809,4.99959095341637,4.9996505819014105,4.999996184379191,-4.999476789251592,4.999511252453232,-4.999864698074459,4.999784221338175,-4.9996618066178895
99.0,123.0,129.89492797851562,4.997432981384791,-4.99973056342626,4.999497395874089,4.999981874320736,4.999990204370722,-4.99984556783174,4.999478727487205,-4.999821758607752,4.999932338828378,-4.999715824492791
99.0,123.0,129.8937530517578,4.9986426193902735,-4.999158221803827,4.9999624863324765,4.999960986688105,4.999867237538663,-4.999595652911063,4.999440572178542,-4.999814160326741,4.999913306969448,-4.999874208779134
99.0,123.0,129.89646911621094,4.997604715439762,-4.999893525386741,4.999218241019069,4.998606559176417,4.999474595290028,-4.999999568787971,4.999906959225562,-4.999990909195986,4.9996320790883,-4.999886636793346
99.0,123.0,129.89834594726562,4.999738064934075,-4.99930546158188,4.999357543120965,4.999629478745208,4.998650184657899,-4.999834771860257,4.999099031793624,-4.999600622833607,4.999988962394462,-4.999938549779524
99.0,123.0,129.8959197998047,4.996488594589748,-4.998418961668604,4.999914944582134,4.999978653927718,4.999998829077861,-4.99961596969385,4.99985159635458,-4.999998602817551,4.999777575199276,-4.999731708078587
99.0,123.0,129.895751953125,4.9974049567470775,-4.999975357131309,4.999961467468951,4.9998167824076845,4.999986456800085,-4.999625515947949,4.9989757438787645,-4.999969960491463,4.999866352625581,-4.999837780896525
99.0,123.0,129.89524841308594,4.9973240317146095,-4.999229757947848,4.9999895329087165,4.9991076938205445,4.999882741729132,-4.999708877579622,4.999861995182682,-4.999817606942342,4.999785292800327,-4.999882628529992
99.0,123.0,129.895751953125,4.997171386495131,-4.999731739648647,4.999634774269865,4.999985790590415,4.99991800778476,-4.999951837719641,4.999296354234124,-4.999799675786137,4.999962333859421,-4.999691504522374
99.0,123.0,129.89588928222656,4.99889610555047,-4.999952968547204,4.999787175690884,4.997897462000111,4.999986309070868,-4.999994821571771,4.999801263786147,-4.999940926841981,4.999797552886366,-4.999675340647272
99.0,123.0,129.89605712890625,4.998566963711525,-4.999844192553733,4.999903063453684,4.9987070795625,4.999915246314693,-4.999898022877421,4.999445061428174,-4.999850113977447,4.999776660861922,-4.9998032939529145
99.0,123.0,129.89793395996094,4.997635512364527,-4.999942226634243,4.999177075000015,4.999073034429273,4.999968937306311,-4.999999190776982,4.999236262821432,-4.999833464139952,4.999816073409426,-4.999763125323076
99.0,123.0,129.89674377441406,4.998885896788726,-4.999857757923405,4.998560135313575,4.999219650664797,4.999176100356942,-4.99995281082407,4.9993245069557695,-4.999966653807238,4.999960697836357,-4.999843468319201
99.0,123.0,129.89784240722656,4.997702100943003,-4.999994586439008,4.999972525024625,4.999307325868693,4.999755832354726,-4.999958277570439,4.999251049248403,-4.999852945365589,4.999790908766327,-4.999651079544467
99.0,123.0,129.89730834960938,4.998619861589483,-4.999876393543791,4.998882572558891,4.999244633856936,4.999114184906436,-4.99995794671017,4.999336039889432,-4.999937221355172,4.9999442099927975,-4.99979298425748
99.0,123.0,129.89695739746094,4.998452163573855,-4.999988323655956,4.999072496508457,4.998548673941518,4.999381727148587,-4.999807867086808,4.999576545988834,-4.999908172485639,4.999748015226863,-4.999986124602545
99.0,123.0,129.89749145507812,4.999153904241176,-4.9997900635209565,4.9990971829285,4.999000890713711,4.998444948905401,-4.999989853547355,4.999605576556691,-4.999865120933386,4.999874332474159,-4.99989597309833
99.0,123.0,129.89576721191406,4.998397979611358,-4.999960502446078,4.999999633739448,4.9999847631176975,4.999190993499321,-4.999448286405784,4.999251825528159,-4.999946682602042,4.999727277322247,-4.999975232677768
99.0,123.0,129.89871215820312,4.997418262045929,-4.999082299372635,4.999231541737606,4.997992066182734,4.999937194964154,-4.999791813991349,4.999714499537413,-4.999874640532456,4.999795752410037,-4.999894025806476
99.0,123.0,129.89788818359375,4.997079705710791,-4.999992233994233,4.999697768233075,4.999176931838641,4.999914959187523,-4.999651940896465,4.999615795754563,-4.999897111008819,4.999730918704241,-4.9996997194853
99.0,123.0,129.9002227783203,4.997535381659937,-4.9999435324145765,4.999991226744676,4.999795001365593,4.997984179228647,-4.999370356404301,4.9991636650622775,-4.9999923904832535,4.999789986026739,-4.999989336307669
99.0,123.0,129.89468383789062,4.996925414781631,-4.9989305138826,4.999663931763311,4.999945086629062,4.999741102343874,-4.999985600173927,4.999662106317147,-4.999911720602658,4.999855174005788,-4.9998144288296125
99.0,123.0,129.89694213867188,4.99770377401669,-4.9999421986823,4.999633959841939,4.999850119350942,4.998454862684643,-4.999998072142178,4.999669736172414,-4.9999334214644335,4.999742411057252,-4.999829019461093
99.0,124.0,129.89569091796875,4.999379647890322,-4.998172876391779,4.999526647452943,4.999588446698608,4.999950957568508,-4.999632763367487,4.999470560705774,-4.99972917186178,4.999875674277031,-4.99991626547353
99.0,124.0,129.8991241455078,4.99648228861488,-4.999676009827706,4.99905421569185,4.999904628145236,4.99946235601437,-4.999996499302235,4.999307069422969,-4.999793532528807,4.99992301537363,-4.999685141276037
99.0,124.0,129.89317321777344,4.998447041082706,-4.999200471643441,4.999615617886278,4.999990858780255,4.999992022842922,-4.999674413893445,4.999826696381096,-4.99982145517666,4.999835308782619,-4.999811099493776
99.0,124.0,129.89585876464844,4.99616956995891,-4.998799023068486,4.999726861601971,4.999745492904862,4.999894359581932,-4.999657291415314,4.999556972884782,-4.999943507681843,4.999890303757847,-4.999898846580787
99.0,124.0,129.89466857910156,4.997659631381616,-4.999994838538517,4.999965672040513,4.999980958961127,4.999988540639926,-4.999678355016162,4.9991238296295215,-4.999976113613919,4.999777779938449,-4.999858705640055
99.0,124.0,129.89794921875,4.996547075056999,-4.999768692888281,4.999087148453695,4.99915448250327,4.999852489415091,-4.999999510872882,4.999818210663732,-4.9999881295648425,4.99969541638821,-4.999652766770391
99.0,124.0,129.89781188964844,4.996952114980178,-4.998175544197473,4.999873642405604,4.999963618204396,4.999302372207604,-4.999475234688966,4.999855453217199,-4.999903468009388,4.999969606872243,-4.999689679981303
99.0,124.0,129.89537048339844,4.999892276831105,-4.999996062825733,4.999666271045212,4.997906559777196,4.999941575397486,-4.999935477563761,4.999238978395964,-4.999998817426971,4.9999318248760565,-4.999796053997056
99.0,124.0,129.8960418701172,4.999971387470403,-4.999978698396538,4.999903794391212,4.998467141931312,4.998991755637046,-4.999962893272541,4.999172267524893,-4.999994533567997,4.99992236506699,-4.999858547009459
99.0,124.0,129.89553833007812,4.99995209526285,-4.999961265106776,4.999902593302634,4.997538115347208,4.999732921776801,-4.999923656887526,4.999194649207393,-4.999994320325631,4.999949035743383,-4.99989105018215
99.0,124.0,129.89622497558594,4.999783957462032,-4.999189877985007,4.999383048927279,4.999959577196091,4.99890460185253,-4.999797499219259,4.99965718412192,-4.999816458049741,4.999929002199094,-4.999687766888122
99.0,124.0,129.8949737548828,4.9992872621656055,-4.999868468867977,4.999887415391365,4.998830134550204,4.999392545870146,-4.999665126581832,4.999406698203371,-4.999998575737647,4.99973774661956,-4.99999991399959
99.0,124.0,129.8955078125,4.999921268411837,-4.999998506387539,4.999613981799434,4.997644379533318,4.999647970318624,-4.9998398157186745,4.999409119979665,-4.999999690943912,4.999897795784775,-4.99990755363679
99.0,124.0,129.89804077148438,4.998366148732328,-4.999557529776464,4.999874980149787,4.997951207817836,4.99999012744209,-4.9999804342558924,4.999629250665569,-4.999897024156627,4.999944715010068,-4.999534669482066
99.0,124.0,129.89480590820312,4.997313622614197,-4.999997480974934,4.999521332797114,4.999330720210056,4.999740706197706,-4.999988846698388,4.999229156988928,-4.999938206676839,4.99981267056137,-4.999997854963442
99.0,124.0,129.8963623046875,4.997983184197251,-4.999885168820979,4.999909671780365,4.999838827087986,4.999978517711262,-4.999881600734603,4.998934564772837,-4.999934396087382,4.999955332109281,-4.999616899691614
99.0,124.0,129.89833068847656,4.997367794154531,-4.999956079541365,4.999999924863022,4.999316896989139,4.999707526879613,-4.999177693624261,4.999148257043194,-4.999975377622556,4.999842008222247,-4.999862709749028
99.0,124.0,129.8953857421875,4.998231300131415,-4.999301222848949,4.999459165352058,4.999878298954965,4.999066529729973,-4.999980612351397,4.999640380475282,-4.999887481156846,4.999668009612016,-4.999972846852787
99.0,124.0,129.89627075195312,4.999796611434682,-4.99997694225347,4.999987501039246,4.99766942229073,4.999890931828075,-4.999942977743432,4.999325186882555,-4.999938643387056,4.999776403885761,-4.999843408705047
99.0,124.0,129.89280700683594,4.998444767405108,-4.999299259575093,4.999547123774849,4.998832964816177,4.9993320695228505,-4.999957226545091,4.999924707531014,-4.999983421056481,4.999885144323013,-4.999997798289625
99.0,124.0,129.89682006835938,4.996700031081989,-4.999956770957474,4.999807718412416,4.999871883030712,4.999393901164709,-4.999443653727271,4.999360529901004,-4.99999647252494,4.999682179054788,-4.999996376163995
99.0,124.0,129.89642333984375,4.998382523745187,-4.999951906829848,4.999987338878702,4.999026341968667,4.999975905604006,-4.999709479147005,4.999389463539987,-4.99995326142468,4.999633681395459,-4.999814099919184
99.0,124.0,129.8958282470703,4.997818543914543,-4.999436137025408,4.998940117093475,4.999563425059399,4.9993772853677445,-4.999837868303015,4.999682452469887,-4.999861188815056,4.999761289005378,-4.999996702703457
99.0,124.0,129.8956756591797,4.998228425387154,-4.999776005299429,4.999973959942883,4.998270090442203,4.999998657954697,-4.999918828949601,4.999839701742745,-4.999938960782817,4.999741031151975,-4.999725705449835
99.0,124.0,129.8955078125,4.997307544645606,-4.9996928739790985,4.999134703230052,4.998345975224413,4.999806348586091,-4.999790635515398,4.999942121561466,-4.999796741655425,4.99997896929405,-4.999921763770328
99.0,124.0,129.89501953125,4.999465342283719,-4.999999989373447,4.999490354199631,4.99999722805477,4.9994104958117305,-4.999982249176372,4.999858773630497,-4.999806937627703,4.999497555454061,-4.999747751184039
99.0,124.0,129.8954620361328,4.998329197456034,-4.999966546348856,4.999835571890554,4.998300528391628,4.999911894496799,-4.999814998335188,4.99949537041288,-4.9999999583877885,4.999864808012781,-4.999818999591912
99.0,124.0,129.89532470703125,4.998150444777796,-4.999191138349053,4.999992416872467,4.999875186974274,4.999909314654783,-4.999616274944469,4.999390683644542,-4.999762281719131,4.999849238677763,-4.999859279311932
99.0,124.0,129.89492797851562,4.997432981384791,-4.99973056342626,4.999497395874089,4.999981874320736,4.999990204370722,-4.99984556783174,4.999478727487205,-4.999821758607752,4.999932338828378,-4.999715824492791
99.0,124.0,129.8937530517578,4.9986426193902735,-4.999158221803827,4.9999624863324765,4.999960986688105,4.999867237538663,-4.999595652911063,4.999440572178542,-4.999814160326741,4.999913306969448,-4.999874208779134
99.0,124.0,129.89646911621094,4.997604715439762,-4.999893525386741,4.999218241019069,4.998606559176417,4.999474595290028,-4.999999568787971,4.999906959225562,-4.999990909195986,4.9996320790883,-4.999886636793346
99.0,124.0,129.89813232421875,4.998093695803618,-4.99985381808234,4.999562253814959,4.999163679411648,4.999052085154951,-4.999834771860257,4.999325520697338,-4.999600622833607,4.999883720076163,-4.999985156525959
99.0,124.0,129.8959197998047,4.996488594589748,-4.998418961668604,4.999914944582134,4.999978653927718,4.999998829077861,-4.99961596969385,4.99985159635458,-4.999998602817551,4.999777575199276,-4.999731708078587
99.0,124.0,129.895751953125,4.9974049567470775,-4.999975357131309,4.999961467468951,4.9998167824076845,4.999986456800085,-4.999625515947949,4.9989757438787645,-4.999969960491463,4.999866352625581,-4.999837780896525
99.0,124.0,129.89317321777344,4.998225070094398,-4.999218149197817,4.9999895329087165,4.999996173585132,4.999689731881782,-4.999580936650963,4.999714337482439,-4.999805077998488,4.999810539952867,-4.999966491471413
99.0,124.0,129.895751953125,4.997171386495131,-4.999731739648647,4.999634774269865,4.999985790590415,4.99991800778476,-4.999951837719641,4.999296354234124,-4.999799675786137,4.999962333859421,-4.999691504522374
99.0,124.0,129.89588928222656,4.99889610555047,-4.999952968547204,4.999787175690884,4.997897462000111,4.999986309070868,-4.999994821571771,4.999801263786147,-4.999940926841981,4.999797552886366,-4.999675340647272
99.0,124.0,129.89605712890625,4.998566963711525,-4.999844192553733,4.999903063453684,4.9987070795625,4.999915246314693,-4.999898022877421,4.999445061428174,-4.999850113977447,4.999776660861922,-4.9998032939529145
99.0,124.0,129.89793395996094,4.997635512364527,-4.999942226634243,4.999177075000015,4.999073034429273,4.999968937306311,-4.999999190776982,4.999236262821432,-4.999833464139952,4.999816073409426,-4.999763125323076
99.0,124.0,129.89674377441406,4.998885896788726,-4.999857757923405,4.998560135313575,4.999219650664797,4.999176100356942,-4.99995281082407,4.9993245069557695,-4.999966653807238,4.999960697836357,-4.999843468319201
99.0,124.0,129.89700317382812,4.998775580610754,-4.999981356470036,4.999079158194457,4.999307325868693,4.9995969583596,-4.999954144524679,4.999462638426335,-4.99990812970233,4.999755821482749,-4.999718873300335
99.0,124.0,129.89437866210938,4.995623773645402,-4.999375106797512,4.999589236304274,4.99993873951524,4.999097424751259,-4.999963407164568,4.999870139388874,-4.999980727923832,4.9999442099927975,-4.999910634089365
99.0,124.0,129.89695739746094,4.998452163573855,-4.999988323655956,4.999072496508457,4.998548673941518,4.999381727148587,-4.999807867086808,4.999576545988834,-4.999908172485639,4.999748015226863,-4.999986124602545
99.0,124.0,129.89566040039062,4.999656135443738,-4.999972077074194,4.99982589090469,4.999000890713711,4.99902175025859,-4.999555436291146,4.999468513578609,-4.999961547828266,4.999742998901844,-4.999986016020271
99.0,124.0,129.89576721191406,4.998397979611358,-4.999960502446078,4.999999633739448,4.9999847631176975,4.999190993499321,-4.999448286405784,4.999251825528159,-4.999946682602042,4.999727277322247,-4.999975232677768
99.0,124.0,129.89593505859375,4.999370191319004,-4.998952734534026,4.998913996019486,4.998267452121286,4.999956979013218,-4.9996284831193964,4.9997589963987465,-4.999661983075958,4.999985973828732,-4.99999882526695
99.0,124.0,129.89788818359375,4.997079705710791,-4.999992233994233,4.999697768233075,4.999176931838641,4.999914959187523,-4.999651940896465,4.999615795754563,-4.999897111008819,4.999730918704241,-4.9996997194853
99.0,124.0,129.9002227783203,4.997535381659937,-4.9999435324145765,4.999991226744676,4.999795001365593,4.997984179228647,-4.999370356404301,4.9991636650622775,-4.9999923904832535,4.999789986026739,-4.999989336307669
99.0,124.0,129.89468383789062,4.996925414781631,-4.9989305138826,4.999663931763311,4.999945086629062,4.999741102343874,-4.999985600173927,4.999662106317147,-4.999911720602658,4.999855174005788,-4.9998144288296125
99.0,124.0,129.89694213867188,4.99770377401669,-4.9999421986823,4.999633959841939,4.999850119350942,4.998454862684643,-4.999998072142178,4.999669736172414,-4.9999334214644335,4.999742411057252,-4.999829019461093
99.0,125.0,129.89569091796875,4.999379647890322,-4.998172876391779,4.999526647452943,4.999588446698608,4.999950957568508,-4.999632763367487,4.999470560705774,-4.99972917186178,4.999875674277031,-4.99991626547353
99.0,125.0,129.8991241455078,4.99648228861488,-4.999676009827706,4.99905421569185,4.999904628145236,4.99946235601437,-4.999996499302235,4.999307069422969,-4.999793532528807,4.99992301537363,-4.999685141276037
99.0,125.0,129.89317321777344,4.998447041082706,-4.999200471643441,4.999615617886278,4.999990858780255,4.999992022842922,-4.999674413893445,4.999826696381096,-4.99982145517666,4.999835308782619,-4.999811099493776
99.0,125.0,129.89585876464844,4.99616956995891,-4.998799023068486,4.999726861601971,4.999745492904862,4.999894359581932,-4.999657291415314,4.999556972884782,-4.999943507681843,4.999890303757847,-4.999898846580787
99.0,125.0,129.89466857910156,4.997659631381616,-4.999994838538517,4.999965672040513,4.999980958961127,4.999988540639926,-4.999678355016162,4.9991238296295215,-4.999976113613919,4.999777779938449,-4.999858705640055
99.0,125.0,129.89601135253906,4.997965661598374,-4.999989130998433,4.999510204602614,4.9988263739411645,4.999447720277148,-4.999880609622002,4.999465223704195,-4.999970296501972,4.9997038778165095,-4.999999179010833
99.0,125.0,129.892578125,4.997825910721087,-4.999432819486472,4.9999987395937495,4.999996842256269,4.99995730044935,-4.999513414391134,4.999855453217199,-4.99977221672394,4.9999427045610485,-4.999837980291415
99.0,125.0,129.89537048339844,4.999892276831105,-4.999996062825733,4.999666271045212,4.997906559777196,4.999941575397486,-4.999935477563761,4.999238978395964,-4.999998817426971,4.9999318248760565,-4.999796053997056
99.0,125.0,129.8927001953125,4.999750691516674,-4.99998496951299,4.999999742863503,4.999165657555891,4.999598228372091,-4.999962893272541,4.9990644410401615,-4.999994533567997,4.99992236506699,-4.999929415429041
99.0,125.0,129.89324951171875,4.998752298964037,-4.998923062542331,4.999547718838745,4.998873057620518,4.999486895274388,-4.999992276231604,4.99996706994263,-4.99986836667442,4.999914770648525,-4.999932769791757
99.0,125.0,129.89622497558594,4.999783957462032,-4.999189877985007,4.999383048927279,4.999959577196091,4.99890460185253,-4.999797499219259,4.99965718412192,-4.999816458049741,4.999929002199094,-4.999687766888122
99.0,125.0,129.89382934570312,4.998375481443986,-4.999872301225618,4.999920409268973,4.999650889197575,4.999909441449279,-4.999848606116776,4.999097718481808,-4.999868799942824,4.999781969411529,-4.99999991399959
99.0,125.0,129.8955078125,4.999921268411837,-4.999998506387539,4.999613981799434,4.997644379533318,4.999647970318624,-4.9998398157186745,4.999409119979665,-4.999999690943912,4.999897795784775,-4.99990755363679
99.0,125.0,129.8973388671875,4.997785721850755,-4.999893559025597,4.9987028021138,4.999065246205797,4.999803859717573,-4.999997052474879,4.999730350105383,-4.999807212661219,4.999876432819994,-4.999679798185704
99.0,125.0,129.894775390625,4.997313622614197,-4.998952646707991,4.99983352459982,4.999087236554956,4.999781427428843,-4.999969095788908,4.999933780071458,-4.999981363100998,4.999744522652065,-4.999831529293343
99.0,125.0,129.8955535888672,4.999217375183726,-4.999985867923203,4.999862978778734,4.997909797391707,4.99970325457863,-4.999592180770714,4.999251929288095,-4.999999947532902,4.999955332109281,-4.999979471861137
99.0,125.0,129.897216796875,4.9981718025899,-4.999217482644381,4.998894771148112,4.998548549487754,4.999378078768826,-4.99998890792288,4.999935162987911,-4.99982164408641,4.999844756541188,-4.999862709749028
99.0,125.0,129.8953857421875,4.998231300131415,-4.999301222848949,4.999459165352058,4.999878298954965,4.999066529729973,-4.999980612351397,4.999640380475282,-4.999887481156846,4.999668009612016,-4.999972846852787
99.0,125.0,129.8948211669922,4.998896553036985,-4.999656068898281,4.999916910643695,4.9980994888992845,4.999956122631383,-4.99983951344999,4.999855941901943,-4.999972788925941,4.99966016796785,-4.999881486163545
99.0,125.0,129.89280700683594,4.998444767405108,-4.999299259575093,4.999547123774849,4.998832964816177,4.9993320695228505,-4.999957226545091,4.999924707531014,-4.999983421056481,4.999885144323013,-4.999997798289625
99.0,125.0,129.89682006835938,4.996700031081989,-4.999956770957474,4.999807718412416,4.999871883030712,4.999393901164709,-4.999443653727271,4.999360529901004,-4.99999647252494,4.999682179054788,-4.999996376163995
99.0,125.0,129.89642333984375,4.998382523745187,-4.999951906829848,4.999987338878702,4.999026341968667,4.999975905604006,-4.999709479147005,4.999389463539987,-4.99995326142468,4.999633681395459,-4.999814099919184
99.0,125.0,129.8958282470703,4.997818543914543,-4.999436137025408,4.998940117093475,4.999563425059399,4.9993772853677445,-4.999837868303015,4.999682452469887,-4.999861188815056,4.999761289005378,-4.999996702703457
99.0,125.0,129.8956756591797,4.998228425387154,-4.999776005299429,4.999973959942883,4.998270090442203,4.999998657954697,-4.999918828949601,4.999839701742745,-4.999938960782817,4.999741031151975,-4.999725705449835
99.0,125.0,129.89222717285156,4.996464348823846,-4.9996928739790985,4.999756923888124,4.999907375305018,4.999754756869667,-4.999448164352305,4.999942121561466,-4.999929314611111,4.99997896929405,-4.9999525181468645
99.0,125.0,129.89501953125,4.999465342283719,-4.999999989373447,4.999490354199631,4.99999722805477,4.9994104958117305,-4.999982249176372,4.999858773630497,-4.999806937627703,4.999497555454061,-4.999747751184039
99.0,125.0,129.8954620361328,4.998329197456034,-4.999966546348856,4.999835571890554,4.998300528391628,4.999911894496799,-4.999814998335188,4.99949537041288,-4.9999999583877885,4.999864808012781,-4.999818999591912
99.0,125.0,129.89532470703125,4.998150444777796,-4.999191138349053,4.999992416872467,4.999875186974274,4.999909314654783,-4.999616274944469,4.999390683644542,-4.999762281719131,4.999849238677763,-4.999859279311932
99.0,125.0,129.89492797851562,4.997432981384791,-4.99973056342626,4.999497395874089,4.999981874320736,4.999990204370722,-4.99984556783174,4.999478727487205,-4.999821758607752,4.999932338828378,-4.999715824492791
99.0,125.0,129.8937530517578,4.9986426193902735,-4.999158221803827,4.9999624863324765,4.999960986688105,4.999867237538663,-4.999595652911063,4.999440572178542,-4.999814160326741,4.999913306969448,-4.999874208779134
99.0,125.0,129.89212036132812,4.9996249956241865,-4.998920452711695,4.999218241019069,4.999995999975731,4.99992662117092,-4.999434610206668,4.999906959225562,-4.999828121650667,4.999869453673943,-4.999937187888003
99.0,125.0,129.89813232421875,4.998093695803618,-4.99985381808234,4.999562253814959,4.999163679411648,4.999052085154951,-4.999834771860257,4.999325520697338,-4.999600622833607,4.999883720076163,-4.999985156525959
99.0,125.0,129.8959197998047,4.996488594589748,-4.998418961668604,4.999914944582134,4.999978653927718,4.999998829077861,-4.99961596969385,4.99985159635458,-4.999998602817551,4.999777575199276,-4.999731708078587
99.0,125.0,129.895751953125,4.9974049567470775,-4.999975357131309,4.999961467468951,4.9998167824076845,4.999986456800085,-4.999625515947949,4.9989757438787645,-4.999969960491463,4.999866352625581,-4.999837780896525
99.0,125.0,129.89317321777344,4.998225070094398,-4.999218149197817,4.9999895329087165,4.999996173585132,4.999689731881782,-4.999580936650963,4.999714337482439,-4.999805077998488,4.999810539952867,-4.999966491471413
99.0,125.0,129.895751953125,4.997171386495131,-4.999731739648647,4.999634774269865,4.999985790590415,4.99991800778476,-4.999951837719641,4.999296354234124,-4.999799675786137,4.999962333859421,-4.999691504522374
99.0,125.0,129.89588928222656,4.99889610555047,-4.999952968547204,4.999787175690884,4.997897462000111,4.999986309070868,-4.999994821571771,4.999801263786147,-4.999940926841981,4.999797552886366,-4.999675340647272
99.0,125.0,129.89605712890625,4.998566963711525,-4.999844192553733,4.999903063453684,4.9987070795625,4.999915246314693,-4.999898022877421,4.999445061428174,-4.999850113977447,4.999776660861922,-4.9998032939529145
99.0,125.0,129.89735412597656,4.996558253791576,-4.999800279956203,4.999869942623028,4.99999164182554,4.9999504556299454,-4.999814609815687,4.999196015571,-4.999804405689478,4.999870874910467,-4.999699123182801
99.0,125.0,129.89466857910156,4.999192615484402,-4.999189277351388,4.999528471997245,4.999031198576469,4.999991948978314,-4.999859066705355,4.999934384242652,-4.999806938351918,4.999800908913011,-4.99972987936915
99.0,125.0,129.8933868408203,4.999110654295775,-4.999549540253653,4.999967930940255,4.99869255581636,4.999888033672369,-4.999786854342487,4.999407758624869,-4.99995848304675,4.999956002145384,-4.9999062442388285
99.0,125.0,129.89437866210938,4.995623773645402,-4.999375106797512,4.999589236304274,4.99993873951524,4.999097424751259,-4.999963407164568,4.999870139388874,-4.999980727923832,4.9999442099927975,-4.999910634089365
99.0,125.0,129.89695739746094,4.998452163573855,-4.999988323655956,4.999072496508457,4.998548673941518,4.999381727148587,-4.999807867086808,4.999576545988834,-4.999908172485639,4.999748015226863,-4.999986124602545
99.0,125.0,129.89566040039062,4.999656135443738,-4.999972077074194,4.99982589090469,4.999000890713711,4.99902175025859,-4.999555436291146,4.999468513578609,-4.999961547828266,4.999742998901844,-4.999986016020271
99.0,125.0,129.8948516845703,4.998053708565068,-4.9999999951243685,4.9994771634086295,4.999971168422263,4.998963196765899,-4.999993785071845,4.999880495134386,-4.999886574001289,4.999727277322247,-4.999797518481833
99.0,125.0,129.89324951171875,4.999370191319004,-4.999796938276129,4.99953961466687,4.99946304568485,4.999978047127413,-4.999868045264745,4.999418790214395,-4.999866023312556,4.999991495127739,-4.999735881868856
99.0,125.0,129.89788818359375,4.997079705710791,-4.999992233994233,4.999697768233075,4.999176931838641,4.999914959187523,-4.999651940896465,4.999615795754563,-4.999897111008819,4.999730918704241,-4.9996997194853
99.0,125.0,129.8964385986328,4.998881423776075,-4.999183076096603,4.999771329571138,4.999863489803593,4.99983744073573,-4.999598923857614,4.999507424363245,-4.999747243231877,4.999820814138452,-4.999719788480379
99.0,125.0,129.89468383789062,4.996925414781631,-4.9989305138826,4.999663931763311,4.999945086629062,4.999741102343874,-4.999985600173927,4.999662106317147,-4.999911720602658,4.999855174005788,-4.9998144288296125
99.0,125.0,129.89581298828125,4.999808386896079,-4.999973406165989,4.998761738186543,4.999641023440547,4.998955103555261,-4.999944179975815,4.999344788439152,-4.9998760578386685,4.999861767369283,-4.999890960526025
99.0,126.0,129.89569091796875,4.999379647890322,-4.998172876391779,4.999526647452943,4.999588446698608,4.999950957568508,-4.999632763367487,4.999470560705774,-4.99972917186178,4.999875674277031,-4.99991626547353
99.0,126.0,129.8950653076172,4.998657017638099,-4.999988395460391,4.999485767497951,4.998553725218564,4.999471379191112,-4.999655212918956,4.99950509657034,-4.999956925134005,4.99992301537363,-4.999982031669062
99.0,126.0,129.89317321777344,4.998447041082706,-4.999200471643441,4.999615617886278,4.999990858780255,4.999992022842922,-4.999674413893445,4.999826696381096,-4.99982145517666,4.999835308782619,-4.999811099493776
99.0,126.0,129.89584350585938,4.99736890509026,-4.9991763801106135,4.9999995195763525,4.999908961151747,4.99989447420444,-4.999556035330182,4.999518879653,-4.99976285219954,4.999815730246125,-4.999870752109359
99.0,126.0,129.89466857910156,4.997659631381616,-4.999994838538517,4.999965672040513,4.999980958961127,4.999988540639926,-4.999678355016162,4.9991238296295215,-4.999976113613919,4.999777779938449,-4.999858705640055
99.0,126.0,129.89239501953125,4.99999773080569,-4.999609020427526,4.999812153383033,4.9988263739411645,4.999828961744615,-4.99989997544101,4.999288249259903,-4.999952800921806,4.999971635500369,-4.999929439990112
99.0,126.0,129.892578125,4.997825910721087,-4.999432819486472,4.9999987395937495,4.999996842256269,4.99995730044935,-4.999513414391134,4.999855453217199,-4.99977221672394,4.9999427045610485,-4.999837980291415
99.0,126.0,129.8936309814453,4.998639822347582,-4.999053258443015,4.99933697849597,4.999781634149587,4.999685563341433,-4.999670564129082,4.999928558872437,-4.9998411702803125,4.999749783871119,-4.99995153859911
99.0,126.0,129.8927001953125,4.999750691516674,-4.99998496951299,4.999999742863503,4.999165657555891,4.999598228372091,-4.999962893272541,4.9990644410401615,-4.999994533567997,4.99992236506699,-4.999929415429041
99.0,126.0,129.89324951171875,4.998752298964037,-4.998923062542331,4.999547718838745,4.998873057620518,4.999486895274388,-4.999992276231604,4.99996706994263,-4.99986836667442,4.999914770648525,-4.999932769791757
99.0,126.0,129.89622497558594,4.999783957462032,-4.999189877985007,4.999383048927279,4.999959577196091,4.99890460185253,-4.999797499219259,4.99965718412192,-4.999816458049741,4.999929002199094,-4.999687766888122
99.0,126.0,129.89382934570312,4.998375481443986,-4.999872301225618,4.999920409268973,4.999650889197575,4.999909441449279,-4.999848606116776,4.999097718481808,-4.999868799942824,4.999781969411529,-4.99999991399959
99.0,126.0,129.8955078125,4.999921268411837,-4.999998506387539,4.999613981799434,4.997644379533318,4.999647970318624,-4.9998398157186745,4.999409119979665,-4.999999690943912,4.999897795784775,-4.99990755363679
99.0,126.0,129.89517211914062,4.997221402631028,-4.999006503846049,4.999875662312329,4.999246867758039,4.9998117570735,-4.999874823923699,4.999905981127364,-4.9999990136512125,4.9996730329188335,-4.9998369322764775
99.0,126.0,129.8946533203125,4.999414955744538,-4.999990653227571,4.999931114130219,4.99798906242908,4.999971838351564,-4.999969095788908,4.999006878508226,-4.999999983886954,4.999921284269648,-4.99994976396308
99.0,126.0,129.892578125,4.99971586191576,-4.999294310369191,4.999999967682214,4.99915916360698,4.999622415096049,-4.999863573211624,4.999392231431951,-4.999997900635498,4.9998757152113935,-4.999945707876934
99.0,126.0,129.89598083496094,4.999357265936039,-4.999915501107606,4.999499185232135,4.998935899204476,4.999600890484642,-4.999944554813256,4.998960193298935,-4.999823584776868,4.999844756541188,-4.999999943660155
99.0,126.0,129.8953857421875,4.998231300131415,-4.999301222848949,4.999459165352058,4.999878298954965,4.999066529729973,-4.999980612351397,4.999640380475282,-4.999887481156846,4.999668009612016,-4.999972846852787
99.0,126.0,129.8948211669922,4.998896553036985,-4.999656068898281,4.999916910643695,4.9980994888992845,4.999956122631383,-4.99983951344999,4.999855941901943,-4.999972788925941,4.99966016796785,-4.999881486163545
99.0,126.0,129.89280700683594,4.998444767405108,-4.999299259575093,4.999547123774849,4.998832964816177,4.9993320695228505,-4.999957226545091,4.999924707531014,-4.999983421056481,4.999885144323013,-4.999997798289625
99.0,126.0,129.89540100097656,4.998318586297359,-4.998709948718012,4.999988620636566,4.999871883030712,4.999669236176879,-4.999467784982029,4.9994824257140005,-4.999766194753419,4.999847922634878,-4.999975657667517
99.0,126.0,129.89456176757812,4.995627825653926,-4.999951906829848,4.999962312523609,4.999964046740305,4.999833639918887,-4.99936516308445,4.999719939109324,-4.99995326142468,4.999983873328984,-4.999815656311872
99.0,126.0,129.8939971923828,4.9996692823593945,-4.999870266478104,4.999667853419701,4.999315946969107,4.999985753866746,-4.99979954823617,4.999136596296726,-4.99984456298264,4.99995489283061,-4.999828624453845
99.0,126.0,129.8956756591797,4.998228425387154,-4.999776005299429,4.999973959942883,4.998270090442203,4.999998657954697,-4.999918828949601,4.999839701742745,-4.999938960782817,4.999741031151975,-4.999725705449835
99.0,126.0,129.89222717285156,4.996464348823846,-4.9996928739790985,4.999756923888124,4.999907375305018,4.999754756869667,-4.999448164352305,4.999942121561466,-4.999929314611111,4.99997896929405,-4.9999525181468645
99.0,126.0,129.89501953125,4.999465342283719,-4.999999989373447,4.999490354199631,4.99999722805477,4.9994104958117305,-4.999982249176372,4.999858773630497,-4.999806937627703,4.999497555454061,-4.999747751184039
99.0,126.0,129.8954620361328,4.998329197456034,-4.999966546348856,4.999835571890554,4.998300528391628,4.999911894496799,-4.999814998335188,4.99949537041288,-4.9999999583877885,4.999864808012781,-4.999818999591912
99.0,126.0,129.89532470703125,4.998150444777796,-4.999191138349053,4.999992416872467,4.999875186974274,4.999909314654783,-4.999616274944469,4.999390683644542,-4.999762281719131,4.999849238677763,-4.999859279311932
99.0,126.0,129.89492797851562,4.997432981384791,-4.99973056342626,4.999497395874089,4.999981874320736,4.999990204370722,-4.99984556783174,4.999478727487205,-4.999821758607752,4.999932338828378,-4.999715824492791
99.0,126.0,129.8937530517578,4.9986426193902735,-4.999158221803827,4.9999624863324765,4.999960986688105,4.999867237538663,-4.999595652911063,4.999440572178542,-4.999814160326741,4.999913306969448,-4.999874208779134
99.0,126.0,129.89212036132812,4.9996249956241865,-4.998920452711695,4.999218241019069,4.999995999975731,4.99992662117092,-4.999434610206668,4.999906959225562,-4.999828121650667,4.999869453673943,-4.999937187888003
99.0,126.0,129.89813232421875,4.998093695803618,-4.99985381808234,4.999562253814959,4.999163679411648,4.999052085154951,-4.999834771860257,4.999325520697338,-4.999600622833607,4.999883720076163,-4.999985156525959
99.0,126.0,129.89312744140625,4.999262495266605,-4.99949660124962,4.999182816580984,4.999342633829206,4.999635130924266,-4.9997736412842695,4.999738312865601,-4.999897434206931,4.999795528882433,-4.999998276493113
99.0,126.0,129.895751953125,4.9974049567470775,-4.999975357131309,4.999961467468951,4.9998167824076845,4.999986456800085,-4.999625515947949,4.9989757438787645,-4.999969960491463,4.999866352625581,-4.999837780896525
99.0,126.0,129.89317321777344,4.998225070094398,-4.999218149197817,4.9999895329087165,4.999996173585132,4.999689731881782,-4.999580936650963,4.999714337482439,-4.999805077998488,4.999810539952867,-4.999966491471413
99.0,126.0,129.895751953125,4.997171386495131,-4.999731739648647,4.999634774269865,4.999985790590415,4.99991800778476,-4.999951837719641,4.999296354234124,-4.999799675786137,4.999962333859421,-4.999691504522374
99.0,126.0,129.89492797851562,4.997971918733877,-4.999348815966176,4.999992306626342,4.998569872878663,4.9998392020418745,-4.999778293103422,4.999272896876713,-4.999995805125339,4.999983499632998,-4.999950117782333
99.0,126.0,129.89605712890625,4.998566963711525,-4.999844192553733,4.999903063453684,4.9987070795625,4.999915246314693,-4.999898022877421,4.999445061428174,-4.999850113977447,4.999776660861922,-4.9998032939529145
99.0,126.0,129.89735412597656,4.996558253791576,-4.999800279956203,4.999869942623028,4.99999164182554,4.9999504556299454,-4.999814609815687,4.999196015571,-4.999804405689478,4.999870874910467,-4.999699123182801
99.0,126.0,129.89385986328125,4.997637832437793,-4.999265940995223,4.999847294539627,4.999506382508435,4.999718712608183,-4.999773012143802,4.999934384242652,-4.9999487539383685,4.999800908913011,-4.999821013413355
99.0,126.0,129.8933868408203,4.999110654295775,-4.999549540253653,4.999967930940255,4.99869255581636,4.999888033672369,-4.999786854342487,4.999407758624869,-4.99995848304675,4.999956002145384,-4.9999062442388285
99.0,126.0,129.89437866210938,4.995623773645402,-4.999375106797512,4.999589236304274,4.99993873951524,4.999097424751259,-4.999963407164568,4.999870139388874,-4.999980727923832,4.9999442099927975,-4.999910634089365
99.0,126.0,129.8952178955078,4.997979656763942,-4.999034359417758,4.999540749203656,4.999986649409284,4.999089232706249,-4.99982982037937,4.999820421877441,-4.999773610324922,4.999748015226863,-4.999982337202538
99.0,126.0,129.89218139648438,4.999671935850753,-4.99843650938538,4.999805438291379,4.999338434505485,4.999548276001062,-4.999711055097498,4.999995798964778,-4.999878821169144,4.9999112810755,-4.999933558861432
99.0,126.0,129.8948516845703,4.998053708565068,-4.9999999951243685,4.9994771634086295,4.999971168422263,4.998963196765899,-4.999993785071845,4.999880495134386,-4.999886574001289,4.999727277322247,-4.999797518481833
99.0,126.0,129.89324951171875,4.999370191319004,-4.999796938276129,4.99953961466687,4.99946304568485,4.999978047127413,-4.999868045264745,4.999418790214395,-4.999866023312556,4.999991495127739,-4.999735881868856
99.0,126.0,129.89788818359375,4.997079705710791,-4.999992233994233,4.999697768233075,4.999176931838641,4.999914959187523,-4.999651940896465,4.999615795754563,-4.999897111008819,4.999730918704241,-4.9996997194853
99.0,126.0,129.89356994628906,4.998118470140225,-4.999996561440408,4.999778492416631,4.999992585101385,4.999631091790491,-4.999684113297406,4.999507424363245,-4.999929172641844,4.999739523418424,-4.999929364419776
99.0,126.0,129.89273071289062,4.998357408994064,-4.999411254487562,4.999298725507722,4.999683503806208,4.998814338928452,-4.999994704606213,4.999945104226835,-4.999957227665717,4.999878267408149,-4.999998639433792
99.0,126.0,129.89486694335938,4.997140864113053,-4.998399748491663,4.999804245562001,4.999953705942854,4.999937721283753,-4.999944179975815,4.99959699402355,-4.999852351582744,4.999861767369283,-4.999837762888356
99.0,127.0,129.8936004638672,4.9989548053883,-4.999209448139908,4.999178461812448,4.999999571341426,4.999950957568508,-4.999427126659245,4.999759702750491,-4.99976357130433,4.999822580774011,-4.999964290949331
99.0,127.0,129.8935546875,4.9993514433617285,-4.999988395460391,4.999751142292191,4.9999987470255,4.999907547653455,-4.999742063836017,4.999846252671904,-4.9997497589890285,4.999605269073462,-4.99976798208883
99.0,127.0,129.89199829101562,4.998928731425927,-4.999116295028041,4.999990101079931,4.999420486006178,4.999904339976137,-4.999821558455416,4.999826696381096,-4.999825903482089,4.999909640072608,-4.999862669700757
99.0,127.0,129.89405822753906,4.99736890509026,-4.9990503489808855,4.999630307686344,4.999908961151747,4.999775318807546,-4.999767072748115,4.999767231862396,-4.9998281575360455,4.999892231802258,-4.999870752109359
99.0,127.0,129.89466857910156,4.997659631381616,-4.999994838538517,4.999965672040513,4.999980958961127,4.999988540639926,-4.999678355016162,4.9991238296295215,-4.999976113613919,4.999777779938449,-4.999858705640055
99.0,127.0,129.89239501953125,4.99999773080569,-4.999609020427526,4.999812153383033,4.9988263739411645,4.999828961744615,-4.99989997544101,4.999288249259903,-4.999952800921806,4.999971635500369,-4.999929439990112
99.0,127.0,129.892578125,4.997825910721087,-4.999432819486472,4.9999987395937495,4.999996842256269,4.99995730044935,-4.999513414391134,4.999855453217199,-4.99977221672394,4.9999427045610485,-4.999837980291415
99.0,127.0,129.8936309814453,4.998639822347582,-4.999053258443015,4.99933697849597,4.999781634149587,4.999685563341433,-4.999670564129082,4.999928558872437,-4.9998411702803125,4.999749783871119,-4.99995153859911
99.0,127.0,129.8927001953125,4.999750691516674,-4.99998496951299,4.999999742863503,4.999165657555891,4.999598228372091,-4.999962893272541,4.9990644410401615,-4.999994533567997,4.99992236506699,-4.999929415429041
99.0,127.0,129.89324951171875,4.998752298964037,-4.998923062542331,4.999547718838745,4.998873057620518,4.999486895274388,-4.999992276231604,4.99996706994263,-4.99986836667442,4.999914770648525,-4.999932769791757
99.0,127.0,129.89622497558594,4.999783957462032,-4.999189877985007,4.999383048927279,4.999959577196091,4.99890460185253,-4.999797499219259,4.99965718412192,-4.999816458049741,4.999929002199094,-4.999687766888122
99.0,127.0,129.89382934570312,4.998375481443986,-4.999872301225618,4.999920409268973,4.999650889197575,4.999909441449279,-4.999848606116776,4.999097718481808,-4.999868799942824,4.999781969411529,-4.99999991399959
99.0,127.0,129.89541625976562,4.997165511543866,-4.998989547496372,4.999757001156994,4.999922304581797,4.9997191627332,-4.999543081854231,4.999819737937437,-4.999789287811685,4.999736048272036,-4.9999555781289935
99.0,127.0,129.8936004638672,4.998656507889223,-4.999006503846049,4.999968966609066,4.999246867758039,4.9998117570735,-4.999931279609991,4.999937430657465,-4.999960073682291,4.999738436005346,-4.999773575130861
99.0,127.0,129.8946533203125,4.999414955744538,-4.999990653227571,4.999931114130219,4.99798906242908,4.999971838351564,-4.999969095788908,4.999006878508226,-4.999999983886954,4.999921284269648,-4.99994976396308
99.0,127.0,129.892578125,4.99971586191576,-4.999294310369191,4.999999967682214,4.99915916360698,4.999622415096049,-4.999863573211624,4.999392231431951,-4.999997900635498,4.9998757152113935,-4.999945707876934
99.0,127.0,129.89195251464844,4.998402435957351,-4.999915501107606,4.999499185232135,4.999606826634239,4.9985924053666615,-4.999873299626981,4.999975121797918,-4.999999645745378,4.999951444664003,-4.999999831060447
99.0,127.0,129.8953857421875,4.998231300131415,-4.999301222848949,4.999459165352058,4.999878298954965,4.999066529729973,-4.999980612351397,4.999640380475282,-4.999887481156846,4.999668009612016,-4.999972846852787
99.0,127.0,129.89390563964844,4.997449973093161,-4.998722613291372,4.99935535701944,4.999707382157037,4.999036278672669,-4.999993644005412,4.999982288765695,-4.999972788925941,4.999977380185375,-4.999881486163545
99.0,127.0,129.89280700683594,4.998444767405108,-4.999299259575093,4.999547123774849,4.998832964816177,4.9993320695228505,-4.999957226545091,4.999924707531014,-4.999983421056481,4.999885144323013,-4.999997798289625
99.0,127.0,129.8941192626953,4.999905051227522,-4.99951986317982,4.999616767357948,4.997889400023309,4.9998203497023175,-4.999965200345368,4.999409243129684,-4.99993251222015,4.999907286235983,-4.999996180442608
99.0,127.0,129.89456176757812,4.995627825653926,-4.999951906829848,4.999962312523609,4.999964046740305,4.999833639918887,-4.99936516308445,4.999719939109324,-4.99995326142468,4.999983873328984,-4.999815656311872
99.0,127.0,129.8939971923828,4.9996692823593945,-4.999870266478104,4.999667853419701,4.999315946969107,4.999985753866746,-4.99979954823617,4.999136596296726,-4.99984456298264,4.99995489283061,-4.999828624453845
99.0,127.0,129.8937225341797,4.9996303914460505,-4.99960871625463,4.999973283370878,4.997861642432113,4.999998657954697,-4.999847099178552,4.999839701742745,-4.9999973583730295,4.999741031151975,-4.999881169220574
99.0,127.0,129.89222717285156,4.996464348823846,-4.9996928739790985,4.999756923888124,4.999907375305018,4.999754756869667,-4.999448164352305,4.999942121561466,-4.999929314611111,4.99997896929405,-4.9999525181468645
99.0,127.0,129.89501953125,4.999465342283719,-4.999999989373447,4.999490354199631,4.99999722805477,4.9994104958117305,-4.999982249176372,4.999858773630497,-4.999806937627703,4.999497555454061,-4.999747751184039
99.0,127.0,129.8954620361328,4.998329197456034,-4.999966546348856,4.999835571890554,4.998300528391628,4.999911894496799,-4.999814998335188,4.99949537041288,-4.9999999583877885,4.999864808012781,-4.999818999591912
99.0,127.0,129.89520263671875,4.999184669505828,-4.998890891715523,4.999303066961589,4.999674440256209,4.999992827478686,-4.999702980312218,4.999621850047201,-4.999733342459448,4.99996814973276,-4.999729306891101
99.0,127.0,129.89492797851562,4.997432981384791,-4.99973056342626,4.999497395874089,4.999981874320736,4.999990204370722,-4.99984556783174,4.999478727487205,-4.999821758607752,4.999932338828378,-4.999715824492791
99.0,127.0,129.8937530517578,4.9986426193902735,-4.999158221803827,4.9999624863324765,4.999960986688105,4.999867237538663,-4.999595652911063,4.999440572178542,-4.999814160326741,4.999913306969448,-4.999874208779134
99.0,127.0,129.89212036132812,4.9996249956241865,-4.998920452711695,4.999218241019069,4.999995999975731,4.99992662117092,-4.999434610206668,4.999906959225562,-4.999828121650667,4.999869453673943,-4.999937187888003
99.0,127.0,129.89437866210938,4.999117564552799,-4.999732464070074,4.999752814376263,4.998886253338578,4.999969571471149,-4.999941872892843,4.999145044188403,-4.999971906389835,4.999983111638164,-4.999791172747754
99.0,127.0,129.89312744140625,4.999262495266605,-4.99949660124962,4.999182816580984,4.999342633829206,4.999635130924266,-4.9997736412842695,4.999738312865601,-4.999897434206931,4.999795528882433,-4.999998276493113
99.0,127.0,129.895751953125,4.9974049567470775,-4.999975357131309,4.999961467468951,4.9998167824076845,4.999986456800085,-4.999625515947949,4.9989757438787645,-4.999969960491463,4.999866352625581,-4.999837780896525
99.0,127.0,129.89317321777344,4.998225070094398,-4.999218149197817,4.9999895329087165,4.999996173585132,4.999689731881782,-4.999580936650963,4.999714337482439,-4.999805077998488,4.999810539952867,-4.999966491471413
99.0,127.0,129.8939971923828,4.999755239748721,-4.999566511512485,4.999999973233251,4.999072775132183,4.999647391281563,-4.999989492299145,4.9989265524696425,-4.9999987686447405,4.9998812572071385,-4.999943636160738
99.0,127.0,129.89492797851562,4.997971918733877,-4.999348815966176,4.999992306626342,4.998569872878663,4.9998392020418745,-4.999778293103422,4.999272896876713,-4.999995805125339,4.999983499632998,-4.999950117782333
99.0,127.0,129.89535522460938,4.999816758899215,-4.999844192553733,4.999504312343015,4.999324678208811,4.9994984916078185,-4.999824350784184,4.999278346852144,-4.999861674191912,4.999887647807093,-4.999808502250583
99.0,127.0,129.89297485351562,4.999222226007618,-4.999193223572426,4.99914710820582,4.999696052921614,4.9996981130293925,-4.999808319310327,4.999583819313694,-4.999824103172696,4.999889896107657,-4.999998691799052
99.0,127.0,129.89291381835938,4.999969458339576,-4.998684197679159,4.99976081670505,4.999506382508435,4.999586298137471,-4.999770919984497,4.999998330735013,-4.999805975595198,4.999807861689962,-4.999860146946723
99.0,127.0,129.8933868408203,4.999110654295775,-4.999549540253653,4.999967930940255,4.99869255581636,4.999888033672369,-4.999786854342487,4.999407758624869,-4.99995848304675,4.999956002145384,-4.9999062442388285
99.0,127.0,129.89425659179688,4.996381088395907,-4.999413852465491,4.999682186824828,4.999965754177478,4.999981404609102,-4.9992404115390805,4.999919706540483,-4.999902735929092,4.999994608226382,-4.999819568045986
99.0,127.0,129.8952178955078,4.997979656763942,-4.999034359417758,4.999540749203656,4.999986649409284,4.999089232706249,-4.99982982037937,4.999820421877441,-4.999773610324922,4.999748015226863,-4.999982337202538
99.0,127.0,129.89218139648438,4.999671935850753,-4.99843650938538,4.999805438291379,4.999338434505485,4.999548276001062,-4.999711055097498,4.999995798964778,-4.999878821169144,4.9999112810755,-4.999933558861432
99.0,127.0,129.8948516845703,4.998053708565068,-4.9999999951243685,4.9994771634086295,4.999971168422263,4.998963196765899,-4.999993785071845,4.999880495134386,-4.999886574001289,4.999727277322247,-4.999797518481833
99.0,127.0,129.89266967773438,4.99981408071118,-4.999282796900958,4.99953961466687,4.99946304568485,4.999978047127413,-4.999865689330296,4.999213534216553,-4.999721701907846,4.999991495127739,-4.999999946007391
99.0,127.0,129.89788818359375,4.997079705710791,-4.999992233994233,4.999697768233075,4.999176931838641,4.999914959187523,-4.999651940896465,4.999615795754563,-4.999897111008819,4.999730918704241,-4.9996997194853
99.0,127.0,129.89356994628906,4.998118470140225,-4.999996561440408,4.999778492416631,4.999992585101385,4.999631091790491,-4.999684113297406,4.999507424363245,-4.999929172641844,4.999739523418424,-4.999929364419776
99.0,127.0,129.89273071289062,4.998357408994064,-4.999411254487562,4.999298725507722,4.999683503806208,4.998814338928452,-4.999994704606213,4.999945104226835,-4.999957227665717,4.999878267408149,-4.999998639433792
99.0,127.0,129.89181518554688,4.99652740325517,-4.999747889798405,4.999676703965956,4.999953705942854,4.999628661468906,-4.999455210479713,4.99999219992929,-4.9999641878655465,4.999986984613522,-4.999965414437368
99.0,128.0,129.8936004638672,4.9989548053883,-4.999209448139908,4.999178461812448,4.999999571341426,4.999950957568508,-4.999427126659245,4.999759702750491,-4.99976357130433,4.999822580774011,-4.999964290949331
99.0,128.0,129.8935546875,4.9993514433617285,-4.999988395460391,4.999751142292191,4.9999987470255,4.999907547653455,-4.999742063836017,4.999846252671904,-4.9997497589890285,4.999605269073462,-4.99976798208883
99.0,128.0,129.89199829101562,4.998928731425927,-4.999116295028041,4.999990101079931,4.999420486006178,4.999904339976137,-4.999821558455416,4.999826696381096,-4.999825903482089,4.999909640072608,-4.999862669700757
99.0,128.0,129.89405822753906,4.99736890509026,-4.9990503489808855,4.999630307686344,4.999908961151747,4.999775318807546,-4.999767072748115,4.999767231862396,-4.9998281575360455,4.999892231802258,-4.999870752109359
99.0,128.0,129.89199829101562,4.999421318064229,-4.999049892162381,4.99993073234148,4.999980958961127,4.999937351197325,-4.9997035814942095,4.999815896557658,-4.999819379167266,4.999777779938449,-4.999855494345204
99.0,128.0,129.89239501953125,4.99999773080569,-4.999609020427526,4.999812153383033,4.9988263739411645,4.999828961744615,-4.99989997544101,4.999288249259903,-4.999952800921806,4.999971635500369,-4.999929439990112
99.0,128.0,129.892578125,4.997825910721087,-4.999432819486472,4.9999987395937495,4.999996842256269,4.99995730044935,-4.999513414391134,4.999855453217199,-4.99977221672394,4.9999427045610485,-4.999837980291415
99.0,128.0,129.8936309814453,4.998639822347582,-4.999053258443015,4.99933697849597,4.999781634149587,4.999685563341433,-4.999670564129082,4.999928558872437,-4.9998411702803125,4.999749783871119,-4.99995153859911
99.0,128.0,129.8927001953125,4.999750691516674,-4.99998496951299,4.999999742863503,4.999165657555891,4.999598228372091,-4.999962893272541,4.9990644410401615,-4.999994533567997,4.99992236506699,-4.999929415429041
99.0,128.0,129.89222717285156,4.999060625743954,-4.998923062542331,4.9997735429530135,4.999039258448978,4.999486895274388,-4.999847440334596,4.999891308962637,-4.999990226841368,4.99987765876933,-4.999972788941378
99.0,128.0,129.89622497558594,4.999783957462032,-4.999189877985007,4.999383048927279,4.999959577196091,4.99890460185253,-4.999797499219259,4.99965718412192,-4.999816458049741,4.999929002199094,-4.999687766888122
99.0,128.0,129.89382934570312,4.998375481443986,-4.999872301225618,4.999920409268973,4.999650889197575,4.999909441449279,-4.999848606116776,4.999097718481808,-4.999868799942824,4.999781969411529,-4.99999991399959
99.0,128.0,129.8936309814453,4.999486023442493,-4.999835122702459,4.999443189187925,4.999152580852953,4.999778951342942,-4.999769255747191,4.999514701357117,-4.999907664111902,4.999828027243909,-4.99991324282051
99.0,128.0,129.89112854003906,4.999819904673288,-4.999884574200166,4.999968966609066,4.999989496610692,4.999092690412205,-4.999962657137496,4.999937430657465,-4.999886033702168,4.999738436005346,-4.999863463840844
99.0,128.0,129.8946533203125,4.999414955744538,-4.999990653227571,4.999931114130219,4.99798906242908,4.999971838351564,-4.999969095788908,4.999006878508226,-4.999999983886954,4.999921284269648,-4.99994976396308
99.0,128.0,129.892578125,4.99971586191576,-4.999294310369191,4.999999967682214,4.99915916360698,4.999622415096049,-4.999863573211624,4.999392231431951,-4.999997900635498,4.9998757152113935,-4.999945707876934
99.0,128.0,129.89195251464844,4.998402435957351,-4.999915501107606,4.999499185232135,4.999606826634239,4.9985924053666615,-4.999873299626981,4.999975121797918,-4.999999645745378,4.999951444664003,-4.999999831060447
99.0,128.0,129.8931121826172,4.998350350841672,-4.998991175054076,4.999665767126682,4.999878298954965,4.999299453775345,-4.999897069326378,4.999953635160487,-4.999910419602608,4.999668009612016,-4.99999935840317
99.0,128.0,129.89390563964844,4.997449973093161,-4.998722613291372,4.99935535701944,4.999707382157037,4.999036278672669,-4.999993644005412,4.999982288765695,-4.999972788925941,4.999977380185375,-4.999881486163545
99.0,128.0,129.89280700683594,4.998444767405108,-4.999299259575093,4.999547123774849,4.998832964816177,4.9993320695228505,-4.999957226545091,4.999924707531014,-4.999983421056481,4.999885144323013,-4.999997798289625
99.0,128.0,129.8941192626953,4.999905051227522,-4.99951986317982,4.999616767357948,4.997889400023309,4.9998203497023175,-4.999965200345368,4.999409243129684,-4.99993251222015,4.999907286235983,-4.999996180442608
99.0,128.0,129.89456176757812,4.995627825653926,-4.999951906829848,4.999962312523609,4.999964046740305,4.999833639918887,-4.99936516308445,4.999719939109324,-4.99995326142468,4.999983873328984,-4.999815656311872
99.0,128.0,129.8939666748047,4.9996692823593945,-4.99932938053131,4.999667853419701,4.9984029360374045,4.999985753866746,-4.999780647832106,4.999986408209143,-4.999935036680149,4.99970132930292,-4.999851825280198
99.0,128.0,129.8926544189453,4.998446910004912,-4.999942735512564,4.999783348087738,4.999934883232386,4.998728613731256,-4.999857510902855,4.999985891351691,-4.999925808136426,4.999856314759517,-4.999884683858306
99.0,128.0,129.89222717285156,4.996464348823846,-4.9996928739790985,4.999756923888124,4.999907375305018,4.999754756869667,-4.999448164352305,4.999942121561466,-4.999929314611111,4.99997896929405,-4.9999525181468645
99.0,128.0,129.894287109375,4.998249435279185,-4.998984097885356,4.999973256395768,4.999214695344295,4.999971339854252,-4.999787910347422,4.999937088687464,-4.999967912425673,4.999732452527933,-4.999760195594089
99.0,128.0,129.8954620361328,4.998329197456034,-4.999966546348856,4.999835571890554,4.998300528391628,4.999911894496799,-4.999814998335188,4.99949537041288,-4.9999999583877885,4.999864808012781,-4.999818999591912
99.0,128.0,129.89520263671875,4.999184669505828,-4.998890891715523,4.999303066961589,4.999674440256209,4.999992827478686,-4.999702980312218,4.999621850047201,-4.999733342459448,4.99996814973276,-4.999729306891101
99.0,128.0,129.89492797851562,4.997432981384791,-4.99973056342626,4.999497395874089,4.999981874320736,4.999990204370722,-4.99984556783174,4.999478727487205,-4.999821758607752,4.999932338828378,-4.999715824492791
99.0,128.0,129.8937530517578,4.9986426193902735,-4.999158221803827,4.9999624863324765,4.999960986688105,4.999867237538663,-4.999595652911063,4.999440572178542,-4.999814160326741,4.999913306969448,-4.999874208779134
99.0,128.0,129.89212036132812,4.9996249956241865,-4.998920452711695,4.999218241019069,4.999995999975731,4.99992662117092,-4.999434610206668,4.999906959225562,-4.999828121650667,4.999869453673943,-4.999937187888003
99.0,128.0,129.8932647705078,4.998264554077446,-4.998730003824684,4.999775214692065,4.9999387023397786,4.999780992998431,-4.999941872892843,4.999887494991374,-4.999698765461316,4.999715463888068,-4.999966740118765
99.0,128.0,129.89312744140625,4.999262495266605,-4.99949660124962,4.999182816580984,4.999342633829206,4.999635130924266,-4.9997736412842695,4.999738312865601,-4.999897434206931,4.999795528882433,-4.999998276493113
99.0,128.0,129.89501953125,4.998913815968621,-4.999875649347555,4.999920941860559,4.9998167824076845,4.999221318385919,-4.999970599275556,4.9989757438787645,-4.999972018036345,4.999802726755006,-4.999917748634131
99.0,128.0,129.89173889160156,4.999164609375114,-4.998699134615754,4.9999895329087165,4.99958502892198,4.9997306057165805,-4.999539158434871,4.999876484972517,-4.99985761902371,4.9999186406175244,-4.999985630862736
99.0,128.0,129.8939971923828,4.999755239748721,-4.999566511512485,4.999999973233251,4.999072775132183,4.999647391281563,-4.999989492299145,4.9989265524696425,-4.9999987686447405,4.9998812572071385,-4.999943636160738
99.0,128.0,129.89492797851562,4.997971918733877,-4.999348815966176,4.999992306626342,4.998569872878663,4.9998392020418745,-4.999778293103422,4.999272896876713,-4.999995805125339,4.999983499632998,-4.999950117782333
99.0,128.0,129.8912811279297,4.999816758899215,-4.9995196122418015,4.999736789821847,4.998587577929637,4.999191007955657,-4.999910746182003,4.999907447584446,-4.999973325673707,4.999998548164595,-4.99998726932079
99.0,128.0,129.89297485351562,4.999222226007618,-4.999193223572426,4.99914710820582,4.999696052921614,4.9996981130293925,-4.999808319310327,4.999583819313694,-4.999824103172696,4.999889896107657,-4.999998691799052
99.0,128.0,129.89291381835938,4.999969458339576,-4.998684197679159,4.99976081670505,4.999506382508435,4.999586298137471,-4.999770919984497,4.999998330735013,-4.999805975595198,4.999807861689962,-4.999860146946723
99.0,128.0,129.8933868408203,4.999110654295775,-4.999549540253653,4.999967930940255,4.99869255581636,4.999888033672369,-4.999786854342487,4.999407758624869,-4.99995848304675,4.999956002145384,-4.9999062442388285
99.0,128.0,129.89425659179688,4.996381088395907,-4.999413852465491,4.999682186824828,4.999965754177478,4.999981404609102,-4.9992404115390805,4.999919706540483,-4.999902735929092,4.999994608226382,-4.999819568045986
99.0,128.0,129.8952178955078,4.997979656763942,-4.999034359417758,4.999540749203656,4.999986649409284,4.999089232706249,-4.99982982037937,4.999820421877441,-4.999773610324922,4.999748015226863,-4.999982337202538
99.0,128.0,129.89218139648438,4.999671935850753,-4.99843650938538,4.999805438291379,4.999338434505485,4.999548276001062,-4.999711055097498,4.999995798964778,-4.999878821169144,4.9999112810755,-4.999933558861432
99.0,128.0,129.89234924316406,4.99697091016648,-4.9999999951243685,4.9993079076219615,4.99979957825867,4.999491506206399,-4.99941772806346,4.999998377751602,-4.9999785049976,4.999993764348973,-4.999964595684129
99.0,128.0,129.89266967773438,4.99981408071118,-4.999282796900958,4.99953961466687,4.99946304568485,4.999978047127413,-4.999865689330296,4.999213534216553,-4.999721701907846,4.999991495127739,-4.999999946007391
99.0,128.0,129.89576721191406,4.997079705710791,-4.999054890655337,4.999614685383495,4.999859801600842,4.999494750335174,-4.999532885419358,4.999615795754563,-4.9998080326868255,4.999932135994049,-4.999956066599976
99.0,128.0,129.89356994628906,4.998118470140225,-4.999996561440408,4.999778492416631,4.999992585101385,4.999631091790491,-4.999684113297406,4.999507424363245,-4.999929172641844,4.999739523418424,-4.999929364419776
99.0,128.0,129.89273071289062,4.998357408994064,-4.999411254487562,4.999298725507722,4.999683503806208,4.998814338928452,-4.999994704606213,4.999945104226835,-4.999957227665717,4.999878267408149,-4.999998639433792
99.0,128.0,129.89181518554688,4.99652740325517,-4.999747889798405,4.999676703965956,4.999953705942854,4.999628661468906,-4.999455210479713,4.99999219992929,-4.9999641878655465,4.999986984613522,-4.999965414437368
99.0,129.0,129.8936004638672,4.9989548053883,-4.999209448139908,4.999178461812448,4.999999571341426,4.999950957568508,-4.999427126659245,4.999759702750491,-4.99976357130433,4.999822580774011,-4.999964290949331
99.0,129.0,129.8935546875,4.9993514433617285,-4.999988395460391,4.999751142292191,4.9999987470255,4.999907547653455,-4.999742063836017,4.999846252671904,-4.9997497589890285,4.999605269073462,-4.99976798208883
99.0,129.0,129.89089965820312,4.999946995063199,-4.99953177492045,4.999863202796405,4.999721645940367,4.999127940149183,-4.999993679149534,4.9996210714297895,-4.999872005161577,4.999931549032485,-4.9999794458001245
99.0,129.0,129.89291381835938,4.998434737339751,-4.999203381025208,4.999890356748413,4.998788259149062,4.999200958641797,-4.999875315606418,4.999986875419533,-4.999999212167523,4.999860389765395,-4.99999925179427
99.0,129.0,129.89199829101562,4.999421318064229,-4.999049892162381,4.99993073234148,4.999980958961127,4.999937351197325,-4.9997035814942095,4.999815896557658,-4.999819379167266,4.999777779938449,-4.999855494345204
99.0,129.0,129.89239501953125,4.99999773080569,-4.999609020427526,4.999812153383033,4.9988263739411645,4.999828961744615,-4.99989997544101,4.999288249259903,-4.999952800921806,4.999971635500369,-4.999929439990112
99.0,129.0,129.892578125,4.997825910721087,-4.999432819486472,4.9999987395937495,4.999996842256269,4.99995730044935,-4.999513414391134,4.999855453217199,-4.99977221672394,4.9999427045610485,-4.999837980291415
99.0,129.0,129.8936309814453,4.998639822347582,-4.999053258443015,4.99933697849597,4.999781634149587,4.999685563341433,-4.999670564129082,4.999928558872437,-4.9998411702803125,4.999749783871119,-4.99995153859911
99.0,129.0,129.8927001953125,4.999750691516674,-4.99998496951299,4.999999742863503,4.999165657555891,4.999598228372091,-4.999962893272541,4.9990644410401615,-4.999994533567997,4.99992236506699,-4.999929415429041
99.0,129.0,129.89222717285156,4.999060625743954,-4.998923062542331,4.9997735429530135,4.999039258448978,4.999486895274388,-4.999847440334596,4.999891308962637,-4.999990226841368,4.99987765876933,-4.999972788941378
99.0,129.0,129.8928680419922,4.999576637993345,-4.999608310400708,4.999041436185678,4.999714933090312,4.999718268086789,-4.999881524772804,4.999786659560375,-4.999791902503841,4.999735877159663,-4.9999455784539
99.0,129.0,129.89382934570312,4.998375481443986,-4.999872301225618,4.999920409268973,4.999650889197575,4.999909441449279,-4.999848606116776,4.999097718481808,-4.999868799942824,4.999781969411529,-4.99999991399959
99.0,129.0,129.8932342529297,4.998907905106771,-4.999958655373455,4.999829031070802,4.999152580852953,4.999937083617333,-4.999685503286756,4.999906007354387,-4.999907664111902,4.999597452395969,-4.99991324282051
99.0,129.0,129.89112854003906,4.999819904673288,-4.999884574200166,4.999968966609066,4.999989496610692,4.999092690412205,-4.999962657137496,4.999937430657465,-4.999886033702168,4.999738436005346,-4.999863463840844
99.0,129.0,129.8946533203125,4.999414955744538,-4.999990653227571,4.999931114130219,4.99798906242908,4.999971838351564,-4.999969095788908,4.999006878508226,-4.999999983886954,4.999921284269648,-4.99994976396308
99.0,129.0,129.89199829101562,4.99971586191576,-4.999362449077993,4.999241602042028,4.999989589524976,4.99965880050849,-4.999581479290012,4.99973855726733,-4.999997900635498,4.999760211330393,-4.999962792468382
99.0,129.0,129.89195251464844,4.998402435957351,-4.999915501107606,4.999499185232135,4.999606826634239,4.9985924053666615,-4.999873299626981,4.999975121797918,-4.999999645745378,4.999951444664003,-4.999999831060447
99.0,129.0,129.88938903808594,4.999849586308604,-4.999993938464391,4.999999980595572,4.998779135163948,4.999506846058921,-4.99997340346239,4.999953635160487,-4.999998865535441,4.999958686098606,-4.99991075308418
99.0,129.0,129.89390563964844,4.997449973093161,-4.998722613291372,4.99935535701944,4.999707382157037,4.999036278672669,-4.999993644005412,4.999982288765695,-4.999972788925941,4.999977380185375,-4.999881486163545
99.0,129.0,129.89280700683594,4.998444767405108,-4.999299259575093,4.999547123774849,4.998832964816177,4.9993320695228505,-4.999957226545091,4.999924707531014,-4.999983421056481,4.999885144323013,-4.999997798289625
99.0,129.0,129.89097595214844,4.999905051227522,-4.99951986317982,4.999713627442343,4.999159575764943,4.999644120053575,-4.999965200345368,4.999348956471245,-4.999998911948929,4.999984371061668,-4.999999089178396
99.0,129.0,129.89341735839844,4.997919472678335,-4.999997815480723,4.99961729238444,4.999937893654846,4.999489185489917,-4.999509440955078,4.999622997307848,-4.999988164389664,4.999790289691782,-4.999976286207161
99.0,129.0,129.8939666748047,4.9996692823593945,-4.99932938053131,4.999667853419701,4.9984029360374045,4.999985753866746,-4.999780647832106,4.999986408209143,-4.999935036680149,4.99970132930292,-4.999851825280198
99.0,129.0,129.8913116455078,4.999336612716328,-4.999061513557816,4.999634157719742,4.999391794309696,4.99912272011103,-4.999886783388467,4.999948181622715,-4.999887425247836,4.999999021432007,-4.999994732116637
99.0,129.0,129.89109802246094,4.997974822939298,-4.999878709629122,4.99980271130846,4.999337281039283,4.999092274428465,-4.99988532924506,4.999982675971283,-4.999999949515137,4.999941763600759,-4.999999922374266
99.0,129.0,129.89215087890625,4.99997917681159,-4.999165688954353,4.999871563262109,4.998339722709154,4.999537782899092,-4.999787910347422,4.999934821816139,-4.999991122768896,4.999881885250018,-4.999975255000503
99.0,129.0,129.89268493652344,4.999944005953426,-4.998648992364541,4.999835571890554,4.999372023395646,4.999964777379654,-4.999400631064333,4.9999870866581935,-4.99986124001933,4.999864808012781,-4.999863143528307
99.0,129.0,129.8917236328125,4.999941637461834,-4.999246397258716,4.999900024458276,4.999548736537429,4.999899219827507,-4.9998823996242105,4.999621850047201,-4.999804401380322,4.999903708006293,-4.999852330804647
99.0,129.0,129.89492797851562,4.997432981384791,-4.99973056342626,4.999497395874089,4.999981874320736,4.999990204370722,-4.99984556783174,4.999478727487205,-4.999821758607752,4.999932338828378,-4.999715824492791
99.0,129.0,129.8937530517578,4.9986426193902735,-4.999158221803827,4.9999624863324765,4.999960986688105,4.999867237538663,-4.999595652911063,4.999440572178542,-4.999814160326741,4.999913306969448,-4.999874208779134
99.0,129.0,129.89212036132812,4.9996249956241865,-4.998920452711695,4.999218241019069,4.999995999975731,4.99992662117092,-4.999434610206668,4.999906959225562,-4.999828121650667,4.999869453673943,-4.999937187888003
99.0,129.0,129.8932647705078,4.998264554077446,-4.998730003824684,4.999775214692065,4.9999387023397786,4.999780992998431,-4.999941872892843,4.999887494991374,-4.999698765461316,4.999715463888068,-4.999966740118765
99.0,129.0,129.89312744140625,4.999262495266605,-4.99949660124962,4.999182816580984,4.999342633829206,4.999635130924266,-4.9997736412842695,4.999738312865601,-4.999897434206931,4.999795528882433,-4.999998276493113
99.0,129.0,129.8942413330078,4.998913815968621,-4.998604121786382,4.999581046438848,4.999539244749137,4.999227589495896,-4.999856386069747,4.999967767417241,-4.99983681681975,4.9998259683801685,-4.999917748634131
99.0,129.0,129.89173889160156,4.999164609375114,-4.998699134615754,4.9999895329087165,4.99958502892198,4.9997306057165805,-4.999539158434871,4.999876484972517,-4.99985761902371,4.9999186406175244,-4.999985630862736
99.0,129.0,129.89317321777344,4.998477040741024,-4.9984064773032175,4.9997786114916085,4.999006763024723,4.999850295271903,-4.999536443138669,4.999870123409291,-4.999906312700866,4.999991994776358,-4.999992929945656
99.0,129.0,129.89268493652344,4.997172294974765,-4.999863609694003,4.999343474028586,4.999949551785728,4.999605760277163,-4.99923087351163,4.999998592676359,-4.999980514236585,4.9999835431321165,-4.999933843728605
99.0,129.0,129.8912811279297,4.999816758899215,-4.9995196122418015,4.999736789821847,4.998587577929637,4.999191007955657,-4.999910746182003,4.999907447584446,-4.999973325673707,4.999998548164595,-4.99998726932079
99.0,129.0,129.89297485351562,4.999222226007618,-4.999193223572426,4.99914710820582,4.999696052921614,4.9996981130293925,-4.999808319310327,4.999583819313694,-4.999824103172696,4.999889896107657,-4.999998691799052
99.0,129.0,129.89190673828125,4.999969458339576,-4.99924985190034,4.99976081670505,4.999460438967548,4.999785653238212,-4.999867466872855,4.999358302015985,-4.999840347437333,4.999963069437959,-4.999963701658112
99.0,129.0,129.8912811279297,4.999545318859777,-4.99966818035381,4.999999120252892,4.999997141933975,4.999512943350902,-4.999874537190342,4.9998643152756905,-4.999763865610479,4.9998146184505305,-4.999859928188844
99.0,129.0,129.89425659179688,4.996381088395907,-4.999413852465491,4.999682186824828,4.999965754177478,4.999981404609102,-4.9992404115390805,4.999919706540483,-4.999902735929092,4.999994608226382,-4.999819568045986
99.0,129.0,129.8952178955078,4.997979656763942,-4.999034359417758,4.999540749203656,4.999986649409284,4.999089232706249,-4.99982982037937,4.999820421877441,-4.999773610324922,4.999748015226863,-4.999982337202538
99.0,129.0,129.8917236328125,4.999090727425894,-4.999276213265125,4.999989295144941,4.999120313723552,4.999828082601701,-4.999580368162787,4.999995798964778,-4.99990326021676,4.99987954156165,-4.999925796328695
99.0,129.0,129.89234924316406,4.99697091016648,-4.9999999951243685,4.9993079076219615,4.99979957825867,4.999491506206399,-4.99941772806346,4.999998377751602,-4.9999785049976,4.999993764348973,-4.999964595684129
99.0,129.0,129.89224243164062,4.99709275386245,-4.999282796900958,4.999661316977575,4.9999559133227525,4.999842274374412,-4.999728235278293,4.99995543394976,-4.999906235125406,4.999919656111995,-4.999875426028055
99.0,129.0,129.895751953125,4.998896980632856,-4.999932722567333,4.99972574272226,4.999122022481281,4.999179947623111,-4.999532885419358,4.999615795754563,-4.999956507354781,4.999821457786696,-4.999886990805662
99.0,129.0,129.89356994628906,4.998118470140225,-4.999996561440408,4.999778492416631,4.999992585101385,4.999631091790491,-4.999684113297406,4.999507424363245,-4.999929172641844,4.999739523418424,-4.999929364419776
99.0,129.0,129.89273071289062,4.998357408994064,-4.999411254487562,4.999298725507722,4.999683503806208,4.998814338928452,-4.999994704606213,4.999945104226835,-4.999957227665717,4.999878267408149,-4.999998639433792
99.0,129.0,129.89181518554688,4.99652740325517,-4.999747889798405,4.999676703965956,4.999953705942854,4.999628661468906,-4.999455210479713,4.99999219992929,-4.9999641878655465,4.999986984613522,-4.999965414437368
99.0,130.0,129.8936004638672,4.9989548053883,-4.999209448139908,4.999178461812448,4.999999571341426,4.999950957568508,-4.999427126659245,4.999759702750491,-4.99976357130433,4.999822580774011,-4.999964290949331
99.0,130.0,129.8920440673828,4.999859682333772,-4.9984128001454895,4.999739677965785,4.999188016219994,4.999172477074075,-4.9998143059572,4.999985049021598,-4.999851648438769,4.999999422240961,-4.999996014928794
99.0,130.0,129.89089965820312,4.999946995063199,-4.99953177492045,4.999863202796405,4.999721645940367,4.999127940149183,-4.999993679149534,4.9996210714297895,-4.999872005161577,4.999931549032485,-4.9999794458001245
99.0,130.0,129.89218139648438,4.998544975428716,-4.9998612501481565,4.999787725815125,4.998788259149062,4.999164487839994,-4.999735443292812,4.99997387955588,-4.999964632474251,4.999998938378175,-4.999972794950901
99.0,130.0,129.89199829101562,4.999421318064229,-4.999049892162381,4.99993073234148,4.999980958961127,4.999937351197325,-4.9997035814942095,4.999815896557658,-4.999819379167266,4.999777779938449,-4.999855494345204
99.0,130.0,129.89230346679688,4.9981809402254855,-4.998450426864409,4.999828306112342,4.999717530656438,4.999711251995113,-4.99989997544101,4.999976160196343,-4.999808421605383,4.999826873714714,-4.999987076563943
99.0,130.0,129.892578125,4.997825910721087,-4.999432819486472,4.9999987395937495,4.999996842256269,4.99995730044935,-4.999513414391134,4.999855453217199,-4.99977221672394,4.9999427045610485,-4.999837980291415
99.0,130.0,129.8900146484375,4.998639822347582,-4.999588682780003,4.99933697849597,4.999582295991907,4.999720781057276,-4.999795222033515,4.999928558872437,-4.999998649805095,4.999996653460821,-4.999945975037042
99.0,130.0,129.8927001953125,4.999750691516674,-4.99998496951299,4.999999742863503,4.999165657555891,4.999598228372091,-4.999962893272541,4.9990644410401615,-4.999994533567997,4.99992236506699,-4.999929415429041
99.0,130.0,129.89222717285156,4.999060625743954,-4.998923062542331,4.9997735429530135,4.999039258448978,4.999486895274388,-4.999847440334596,4.999891308962637,-4.999990226841368,4.99987765876933,-4.999972788941378
99.0,130.0,129.89285278320312,4.999228243057991,-4.999608310400708,4.999739933085467,4.999468399207861,4.999998277308921,-4.9991728452825726,4.999998714635035,-4.999850669645441,4.999885967855266,-4.999845525840148
99.0,130.0,129.8923797607422,4.999234448594677,-4.999315289665215,4.999226752118606,4.999703815127338,4.999670259965711,-4.99976485337587,4.99990511325925,-4.999823234436189,4.999761565135395,-4.99999991399959
99.0,130.0,129.8932342529297,4.998907905106771,-4.999958655373455,4.999829031070802,4.999152580852953,4.999937083617333,-4.999685503286756,4.999906007354387,-4.999907664111902,4.999597452395969,-4.99991324282051
99.0,130.0,129.89112854003906,4.999819904673288,-4.999884574200166,4.999968966609066,4.999989496610692,4.999092690412205,-4.999962657137496,4.999937430657465,-4.999886033702168,4.999738436005346,-4.999863463840844
99.0,130.0,129.89349365234375,4.999085430621327,-4.998948766305565,4.999826899527451,4.998493777502833,4.999249728562293,-4.9997778046830526,4.999999046882967,-4.999999786620503,4.999921284269648,-4.99994976396308
99.0,130.0,129.891845703125,4.996981121205621,-4.999782269010407,4.999648388210097,4.99994176676744,4.99965880050849,-4.999455740780114,4.999973607659859,-4.999956407235434,4.999937428224909,-4.999962792468382
99.0,130.0,129.89195251464844,4.998402435957351,-4.999915501107606,4.999499185232135,4.999606826634239,4.9985924053666615,-4.999873299626981,4.999975121797918,-4.999999645745378,4.999951444664003,-4.999999831060447
99.0,130.0,129.88938903808594,4.999849586308604,-4.999993938464391,4.999999980595572,4.998779135163948,4.999506846058921,-4.99997340346239,4.999953635160487,-4.999998865535441,4.999958686098606,-4.99991075308418
99.0,130.0,129.89390563964844,4.997449973093161,-4.998722613291372,4.99935535701944,4.999707382157037,4.999036278672669,-4.999993644005412,4.999982288765695,-4.999972788925941,4.999977380185375,-4.999881486163545
99.0,130.0,129.8922576904297,4.997898595842093,-4.999556763817603,4.999348324547441,4.999999666579343,4.999922506632244,-4.999319449834561,4.999924707531014,-4.999825080096947,4.999941181145212,-4.99997122886846
99.0,130.0,129.89097595214844,4.999905051227522,-4.99951986317982,4.999713627442343,4.999159575764943,4.999644120053575,-4.999965200345368,4.999348956471245,-4.999998911948929,4.999984371061668,-4.999999089178396
99.0,130.0,129.89341735839844,4.997919472678335,-4.999997815480723,4.99961729238444,4.999937893654846,4.999489185489917,-4.999509440955078,4.999622997307848,-4.999988164389664,4.999790289691782,-4.999976286207161
99.0,130.0,129.8905792236328,4.9996692823593945,-4.999527458964853,4.999992973736265,4.999949023335962,4.999815662827606,-4.999623681584247,4.999960545694554,-4.999789631637551,4.999845908161905,-4.999868132922865
99.0,130.0,129.8913116455078,4.999336612716328,-4.999061513557816,4.999634157719742,4.999391794309696,4.99912272011103,-4.999886783388467,4.999948181622715,-4.999887425247836,4.999999021432007,-4.999994732116637
99.0,130.0,129.89109802246094,4.997974822939298,-4.999878709629122,4.99980271130846,4.999337281039283,4.999092274428465,-4.99988532924506,4.999982675971283,-4.999999949515137,4.999941763600759,-4.999999922374266
99.0,130.0,129.89215087890625,4.99997917681159,-4.999165688954353,4.999871563262109,4.998339722709154,4.999537782899092,-4.999787910347422,4.999934821816139,-4.999991122768896,4.999881885250018,-4.999975255000503
99.0,130.0,129.89268493652344,4.999944005953426,-4.998648992364541,4.999835571890554,4.999372023395646,4.999964777379654,-4.999400631064333,4.9999870866581935,-4.99986124001933,4.999864808012781,-4.999863143528307
99.0,130.0,129.8917236328125,4.999941637461834,-4.999246397258716,4.999900024458276,4.999548736537429,4.999899219827507,-4.9998823996242105,4.999621850047201,-4.999804401380322,4.999903708006293,-4.999852330804647
99.0,130.0,129.8919677734375,4.998578389843964,-4.999384277762178,4.999457055569557,4.999693376526652,4.999426684781492,-4.999864163290722,4.999706000866535,-4.999875360826799,4.99996301346682,-4.999999514739628
99.0,130.0,129.89288330078125,4.998478785677532,-4.999780620936875,4.999511198673736,4.999756683777932,4.9988897280079385,-4.999851659972407,4.999700549013687,-4.999933156627191,4.999933705300684,-4.999988047229108
99.0,130.0,129.89212036132812,4.9996249956241865,-4.998920452711695,4.999218241019069,4.999995999975731,4.99992662117092,-4.999434610206668,4.999906959225562,-4.999828121650667,4.999869453673943,-4.999937187888003
99.0,130.0,129.8932647705078,4.998264554077446,-4.998730003824684,4.999775214692065,4.9999387023397786,4.999780992998431,-4.999941872892843,4.999887494991374,-4.999698765461316,4.999715463888068,-4.999966740118765
99.0,130.0,129.89158630371094,4.9999577741297925,-4.998800006122778,4.999974799945343,4.999635635641702,4.999927045123711,-4.9997736412842695,4.999738312865601,-4.999765847202514,4.999957133232966,-4.999849896632663
99.0,130.0,129.89334106445312,4.997850089536508,-4.999088890641966,4.9999992895400105,4.9999983691403,4.999997928253503,-4.999289957108067,4.999915603049793,-4.9997903262973535,4.999943875870849,-4.999833785008466
99.0,130.0,129.8906707763672,4.999959047256284,-4.999925118864208,4.999999983622205,4.998356414936984,4.999430185055221,-4.999999947393728,4.999876484972517,-4.999999127679276,4.99990115276624,-4.999963867225534
99.0,130.0,129.89317321777344,4.998477040741024,-4.9984064773032175,4.9997786114916085,4.999006763024723,4.999850295271903,-4.999536443138669,4.999870123409291,-4.999906312700866,4.999991994776358,-4.999992929945656
99.0,130.0,129.89268493652344,4.997172294974765,-4.999863609694003,4.999343474028586,4.999949551785728,4.999605760277163,-4.99923087351163,4.999998592676359,-4.999980514236585,4.9999835431321165,-4.999933843728605
99.0,130.0,129.8912811279297,4.999816758899215,-4.9995196122418015,4.999736789821847,4.998587577929637,4.999191007955657,-4.999910746182003,4.999907447584446,-4.999973325673707,4.999998548164595,-4.99998726932079
99.0,130.0,129.89297485351562,4.999222226007618,-4.999193223572426,4.99914710820582,4.999696052921614,4.9996981130293925,-4.999808319310327,4.999583819313694,-4.999824103172696,4.999889896107657,-4.999998691799052
99.0,130.0,129.89190673828125,4.999969458339576,-4.99924985190034,4.99976081670505,4.999460438967548,4.999785653238212,-4.999867466872855,4.999358302015985,-4.999840347437333,4.999963069437959,-4.999963701658112
99.0,130.0,129.8912811279297,4.999545318859777,-4.99966818035381,4.999999120252892,4.999997141933975,4.999512943350902,-4.999874537190342,4.9998643152756905,-4.999763865610479,4.9998146184505305,-4.999859928188844
99.0,130.0,129.89425659179688,4.996381088395907,-4.999413852465491,4.999682186824828,4.999965754177478,4.999981404609102,-4.9992404115390805,4.999919706540483,-4.999902735929092,4.999994608226382,-4.999819568045986
99.0,130.0,129.8936767578125,4.999701947321707,-4.999034359417758,4.999971946140343,4.999136389272436,4.999291799298177,-4.999995626871304,4.99945003244828,-4.999872541130589,4.999900005636476,-4.999954783192466
99.0,130.0,129.8917236328125,4.999090727425894,-4.999276213265125,4.999989295144941,4.999120313723552,4.999828082601701,-4.999580368162787,4.999995798964778,-4.99990326021676,4.99987954156165,-4.999925796328695
99.0,130.0,129.89234924316406,4.99697091016648,-4.9999999951243685,4.9993079076219615,4.99979957825867,4.999491506206399,-4.99941772806346,4.999998377751602,-4.9999785049976,4.999993764348973,-4.999964595684129
99.0,130.0,129.89224243164062,4.99709275386245,-4.999282796900958,4.999661316977575,4.9999559133227525,4.999842274374412,-4.999728235278293,4.99995543394976,-4.999906235125406,4.999919656111995,-4.999875426028055
99.0,130.0,129.895751953125,4.998896980632856,-4.999932722567333,4.99972574272226,4.999122022481281,4.999179947623111,-4.999532885419358,4.999615795754563,-4.999956507354781,4.999821457786696,-4.999886990805662
99.0,130.0,129.8933868408203,4.99986364716912,-4.999322741140118,4.999356121927447,4.999405762438131,4.999338142642182,-4.9996550194540745,4.999754278002216,-4.999999236437576,4.999730578157093,-4.999999037805044
99.0,130.0,129.89273071289062,4.998357408994064,-4.999411254487562,4.999298725507722,4.999683503806208,4.998814338928452,-4.999994704606213,4.999945104226835,-4.999957227665717,4.999878267408149,-4.999998639433792
99.0,130.0,129.89181518554688,4.99652740325517,-4.999747889798405,4.999676703965956,4.999953705942854,4.999628661468906,-4.999455210479713,4.99999219992929,-4.9999641878655465,4.999986984613522,-4.999965414437368
99.0,131.0,129.89305114746094,4.999513374000051,-4.998962811329234,4.999988699786379,4.999246681420011,4.9993829764212006,-4.99988709791301,4.999859187164264,-4.99987283474406,4.999786641264185,-4.999929765517279
99.0,131.0,129.8920440673828,4.999859682333772,-4.9984128001454895,4.999739677965785,4.999188016219994,4.999172477074075,-4.9998143059572,4.999985049021598,-4.999851648438769,4.999999422240961,-4.999996014928794
99.0,131.0,129.89089965820312,4.999946995063199,-4.99953177492045,4.999863202796405,4.999721645940367,4.999127940149183,-4.999993679149534,4.9996210714297895,-4.999872005161577,4.999931549032485,-4.9999794458001245
99.0,131.0,129.89218139648438,4.998544975428716,-4.9998612501481565,4.999787725815125,4.998788259149062,4.999164487839994,-4.999735443292812,4.99997387955588,-4.999964632474251,4.999998938378175,-4.999972794950901
99.0,131.0,129.8910369873047,4.999030791410409,-4.99964825654715,4.99999801485497,4.999980958961127,4.999688679012056,-4.9996333364575545,4.999815896557658,-4.999982519265814,4.999777779938449,-4.9998993220417285
99.0,131.0,129.89230346679688,4.9981809402254855,-4.998450426864409,4.999828306112342,4.999717530656438,4.999711251995113,-4.99989997544101,4.999976160196343,-4.999808421605383,4.999826873714714,-4.999987076563943
99.0,131.0,129.892578125,4.997825910721087,-4.999432819486472,4.9999987395937495,4.999996842256269,4.99995730044935,-4.999513414391134,4.999855453217199,-4.99977221672394,4.9999427045610485,-4.999837980291415
99.0,131.0,129.8900146484375,4.998639822347582,-4.999588682780003,4.99933697849597,4.999582295991907,4.999720781057276,-4.999795222033515,4.999928558872437,-4.999998649805095,4.999996653460821,-4.999945975037042
99.0,131.0,129.8914337158203,4.999984746590523,-4.998957716080641,4.999948082699595,4.999431568525073,4.999976325410576,-4.999822205869629,4.9993744580155175,-4.999994533567997,4.999960129321032,-4.99988889260463
99.0,131.0,129.89187622070312,4.997929904937424,-4.999835304441355,4.9997098702133504,4.999039258448978,4.999671165295244,-4.999847440334596,4.999985614995101,-4.999955066719855,4.99987765876933,-4.99993980128498
99.0,131.0,129.8920135498047,4.998668126153346,-4.999960581315053,4.999591466526379,4.999536780745987,4.9988361981136045,-4.999944617402763,4.999924753267745,-4.999999983684575,4.999811055291128,-4.999999943377204
99.0,131.0,129.8923797607422,4.999234448594677,-4.999315289665215,4.999226752118606,4.999703815127338,4.999670259965711,-4.99976485337587,4.99990511325925,-4.999823234436189,4.999761565135395,-4.99999991399959
99.0,131.0,129.89317321777344,4.999465169988341,-4.99841738249067,4.999982328962845,4.999493348104728,4.999986962368557,-4.99946740785559,4.999995479956088,-4.999907664111902,4.999777591902986,-4.999847167688164
99.0,131.0,129.89112854003906,4.999819904673288,-4.999884574200166,4.999968966609066,4.999989496610692,4.999092690412205,-4.999962657137496,4.999937430657465,-4.999886033702168,4.999738436005346,-4.999863463840844
99.0,131.0,129.8919677734375,4.998662291075943,-4.997690465653487,4.999835273734104,4.999750527525795,4.999707516720596,-4.999962317201213,4.999996293938918,-4.999755992147377,4.999915855941846,-4.999993644301016
99.0,131.0,129.891845703125,4.996981121205621,-4.999782269010407,4.999648388210097,4.99994176676744,4.99965880050849,-4.999455740780114,4.999973607659859,-4.999956407235434,4.999937428224909,-4.999962792468382
99.0,131.0,129.89195251464844,4.998402435957351,-4.999915501107606,4.999499185232135,4.999606826634239,4.9985924053666615,-4.999873299626981,4.999975121797918,-4.999999645745378,4.999951444664003,-4.999999831060447
99.0,131.0,129.88938903808594,4.999849586308604,-4.999993938464391,4.999999980595572,4.998779135163948,4.999506846058921,-4.99997340346239,4.999953635160487,-4.999998865535441,4.999958686098606,-4.99991075308418
99.0,131.0,129.89390563964844,4.997449973093161,-4.998722613291372,4.99935535701944,4.999707382157037,4.999036278672669,-4.999993644005412,4.999982288765695,-4.999972788925941,4.999977380185375,-4.999881486163545
99.0,131.0,129.89202880859375,4.9996627046696105,-4.99914730427408,4.999600838792404,4.998680634022444,4.999922506632244,-4.999951651917495,4.999362453314718,-4.99999925099591,4.999997150236971,-4.999999315518515
99.0,131.0,129.89097595214844,4.999905051227522,-4.99951986317982,4.999713627442343,4.999159575764943,4.999644120053575,-4.999965200345368,4.999348956471245,-4.999998911948929,4.999984371061668,-4.999999089178396
99.0,131.0,129.89254760742188,4.999878809539284,-4.998901821323988,4.999670092462591,4.998278841322114,4.999627051439382,-4.999629733145422,4.99993227558481,-4.999960928832288,4.999999438506367,-4.999987109164521
99.0,131.0,129.8898162841797,4.999358830784699,-4.99934105765011,4.999992973736265,4.999278359857083,4.999320887796669,-4.999876209047918,4.999940295918288,-4.999999567687442,4.999997502083624,-4.99995772666113
99.0,131.0,129.8913116455078,4.999336612716328,-4.999061513557816,4.999634157719742,4.999391794309696,4.99912272011103,-4.999886783388467,4.999948181622715,-4.999887425247836,4.999999021432007,-4.999994732116637
99.0,131.0,129.89109802246094,4.997974822939298,-4.999878709629122,4.99980271130846,4.999337281039283,4.999092274428465,-4.99988532924506,4.999982675971283,-4.999999949515137,4.999941763600759,-4.999999922374266
99.0,131.0,129.89215087890625,4.99997917681159,-4.999165688954353,4.999871563262109,4.998339722709154,4.999537782899092,-4.999787910347422,4.999934821816139,-4.999991122768896,4.999881885250018,-4.999975255000503
99.0,131.0,129.89268493652344,4.999944005953426,-4.998648992364541,4.999835571890554,4.999372023395646,4.999964777379654,-4.999400631064333,4.9999870866581935,-4.99986124001933,4.999864808012781,-4.999863143528307
99.0,131.0,129.89117431640625,4.999941637461834,-4.999693207666293,4.999661196972703,4.99995632550029,4.999421583645548,-4.9994498373172656,4.999984097677779,-4.999804401380322,4.999876859566893,-4.9999417698157
99.0,131.0,129.8919677734375,4.998578389843964,-4.999384277762178,4.999457055569557,4.999693376526652,4.999426684781492,-4.999864163290722,4.999706000866535,-4.999875360826799,4.99996301346682,-4.999999514739628
99.0,131.0,129.8922576904297,4.99691537191476,-4.999823763856756,4.999946206724562,4.999653897168408,4.999723785294645,-4.999341765206344,4.999999011859163,-4.999995985757465,4.999932250951906,-4.999926344733203
99.0,131.0,129.89212036132812,4.9996249956241865,-4.998920452711695,4.999218241019069,4.999995999975731,4.99992662117092,-4.999434610206668,4.999906959225562,-4.999828121650667,4.999869453673943,-4.999937187888003
99.0,131.0,129.89315795898438,4.997816257632298,-4.999887851538938,4.999846509828984,4.999663233484874,4.999914108849633,-4.9994978559852665,4.999772187444194,-4.999898094339827,4.999841694912655,-4.999878178349113
99.0,131.0,129.89158630371094,4.9999577741297925,-4.998800006122778,4.999974799945343,4.999635635641702,4.999927045123711,-4.9997736412842695,4.999738312865601,-4.999765847202514,4.999957133232966,-4.999849896632663
99.0,131.0,129.8931121826172,4.999300359695074,-4.999967511826474,4.999951880746265,4.999704964066984,4.99949726214628,-4.999808569206106,4.999941730674792,-4.99990386317733,4.999571387687088,-4.999830362351037
99.0,131.0,129.8906707763672,4.999959047256284,-4.999925118864208,4.999999983622205,4.998356414936984,4.999430185055221,-4.999999947393728,4.999876484972517,-4.999999127679276,4.99990115276624,-4.999963867225534
99.0,131.0,129.89317321777344,4.998477040741024,-4.9984064773032175,4.9997786114916085,4.999006763024723,4.999850295271903,-4.999536443138669,4.999870123409291,-4.999906312700866,4.999991994776358,-4.999992929945656
99.0,131.0,129.89268493652344,4.997172294974765,-4.999863609694003,4.999343474028586,4.999949551785728,4.999605760277163,-4.99923087351163,4.999998592676359,-4.999980514236585,4.9999835431321165,-4.999933843728605
99.0,131.0,129.8912811279297,4.999816758899215,-4.9995196122418015,4.999736789821847,4.998587577929637,4.999191007955657,-4.999910746182003,4.999907447584446,-4.999973325673707,4.999998548164595,-4.99998726932079
99.0,131.0,129.89210510253906,4.999222226007618,-4.999766708310383,4.999999725305861,4.999889589634802,4.999989520208007,-4.999463607528522,4.999891120479791,-4.999824103172696,4.999818468674089,-4.999783371392022
99.0,131.0,129.89190673828125,4.999969458339576,-4.99924985190034,4.99976081670505,4.999460438967548,4.999785653238212,-4.999867466872855,4.999358302015985,-4.999840347437333,4.999963069437959,-4.999963701658112
99.0,131.0,129.8912811279297,4.999545318859777,-4.99966818035381,4.999999120252892,4.999997141933975,4.999512943350902,-4.999874537190342,4.9998643152756905,-4.999763865610479,4.9998146184505305,-4.999859928188844
99.0,131.0,129.8929443359375,4.99839733043778,-4.99995413554432,4.999328944938068,4.999535732379854,4.998508758215616,-4.999854293268654,4.999987506843789,-4.999902735929092,4.999979612726035,-4.999999886752207
99.0,131.0,129.89181518554688,4.997882411812374,-4.999972828647146,4.999938855269001,4.999282745561054,4.999953669630544,-4.999481026881251,4.999953140332158,-4.999952077631276,4.999900005636476,-4.99989619266938
99.0,131.0,129.8917236328125,4.999090727425894,-4.999276213265125,4.999989295144941,4.999120313723552,4.999828082601701,-4.999580368162787,4.999995798964778,-4.99990326021676,4.99987954156165,-4.999925796328695
99.0,131.0,129.8904266357422,4.999989766951057,-4.999724717635142,4.999750859518818,4.998802067863233,4.999667994108722,-4.999959361552156,4.999837386571088,-4.9998985572548325,4.999993764348973,-4.999910191340161
99.0,131.0,129.89224243164062,4.99709275386245,-4.999282796900958,4.999661316977575,4.9999559133227525,4.999842274374412,-4.999728235278293,4.99995543394976,-4.999906235125406,4.999919656111995,-4.999875426028055
99.0,131.0,129.89410400390625,4.999903126864862,-4.998394600324369,4.999859031706135,4.998984427827333,4.999200949800622,-4.999891388130159,4.999615795754563,-4.999800731566227,4.99999144818811,-4.9999844673170895
99.0,131.0,129.8931427001953,4.99986364716912,-4.999425411284497,4.999356121927447,4.998932392569758,4.998475892624138,-4.999995499775984,4.999991148055537,-4.999976378624755,4.999904182706001,-4.999999139597918
99.0,131.0,129.89273071289062,4.998357408994064,-4.999411254487562,4.999298725507722,4.999683503806208,4.998814338928452,-4.999994704606213,4.999945104226835,-4.999957227665717,4.999878267408149,-4.999998639433792
99.0,131.0,129.89181518554688,4.99652740325517,-4.999747889798405,4.999676703965956,4.999953705942854,4.999628661468906,-4.999455210479713,4.99999219992929,-4.9999641878655465,4.999986984613522,-4.999965414437368
99.0,132.0,129.89010620117188,4.999860078942312,-4.999909898181032,4.999682703728188,4.998496397947587,4.999424530109707,-4.999944732893002,4.9999841932598486,-4.99999944102906,4.999999706245027,-4.999950131332326
99.0,132.0,129.8920440673828,4.999859682333772,-4.9984128001454895,4.999739677965785,4.999188016219994,4.999172477074075,-4.9998143059572,4.999985049021598,-4.999851648438769,4.999999422240961,-4.999996014928794
99.0,132.0,129.89089965820312,4.999946995063199,-4.99953177492045,4.999863202796405,4.999721645940367,4.999127940149183,-4.999993679149534,4.9996210714297895,-4.999872005161577,4.999931549032485,-4.9999794458001245
99.0,132.0,129.89218139648438,4.998544975428716,-4.9998612501481565,4.999787725815125,4.998788259149062,4.999164487839994,-4.999735443292812,4.99997387955588,-4.999964632474251,4.999998938378175,-4.999972794950901
99.0,132.0,129.89077758789062,4.999667129802637,-4.99964825654715,4.99999091493744,4.999980958961127,4.999527774310505,-4.99985153392257,4.999934328645135,-4.99983158930446,4.999777779938449,-4.999864521887218
99.0,132.0,129.8917694091797,4.999732846473061,-4.999793129471721,4.999729503979498,4.998212623719747,4.999299187939939,-4.999999993941684,4.999821537126955,-4.999945548459769,4.999993769530425,-4.999992123973451
99.0,132.0,129.892578125,4.997825910721087,-4.999432819486472,4.9999987395937495,4.999996842256269,4.99995730044935,-4.999513414391134,4.999855453217199,-4.99977221672394,4.9999427045610485,-4.999837980291415
99.0,132.0,129.8900146484375,4.998639822347582,-4.999588682780003,4.99933697849597,4.999582295991907,4.999720781057276,-4.999795222033515,4.999928558872437,-4.999998649805095,4.999996653460821,-4.999945975037042
99.0,132.0,129.8914337158203,4.999984746590523,-4.998957716080641,4.999948082699595,4.999431568525073,4.999976325410576,-4.999822205869629,4.9993744580155175,-4.999994533567997,4.999960129321032,-4.99988889260463
99.0,132.0,129.89187622070312,4.997929904937424,-4.999835304441355,4.9997098702133504,4.999039258448978,4.999671165295244,-4.999847440334596,4.999985614995101,-4.999955066719855,4.99987765876933,-4.99993980128498
99.0,132.0,129.89089965820312,4.999961005953891,-4.999501134732721,4.999360258586187,4.999986874368134,4.999305139358913,-4.999606934893397,4.999971806947919,-4.999827687467231,4.999925183479066,-4.999966660999531
99.0,132.0,129.8923797607422,4.999234448594677,-4.999315289665215,4.999226752118606,4.999703815127338,4.999670259965711,-4.99976485337587,4.99990511325925,-4.999823234436189,4.999761565135395,-4.99999991399959
99.0,132.0,129.89273071289062,4.998760941088622,-4.9999334800975,4.99999995520957,4.999942680510117,4.999998957386902,-4.999194390765673,4.999896076061589,-4.999819802642499,4.999823270888163,-4.999825335528933
99.0,132.0,129.89112854003906,4.999819904673288,-4.999884574200166,4.999968966609066,4.999989496610692,4.999092690412205,-4.999962657137496,4.999937430657465,-4.999886033702168,4.999738436005346,-4.999863463840844
99.0,132.0,129.89044189453125,4.999997436973142,-4.999302339199034,4.999988554263048,4.999750527525795,4.999707516720596,-4.999962317201213,4.999723075739079,-4.999755992147377,4.999972982779115,-4.999863236301428
99.0,132.0,129.891845703125,4.996981121205621,-4.999782269010407,4.999648388210097,4.99994176676744,4.99965880050849,-4.999455740780114,4.999973607659859,-4.999956407235434,4.999937428224909,-4.999962792468382
99.0,132.0,129.89163208007812,4.998402435957351,-4.999682509418923,4.999627572273928,4.999827367478307,4.999879474995962,-4.999711980994215,4.99964650485958,-4.999922198041381,4.999987753973618,-4.99986373857514
99.0,132.0,129.88938903808594,4.999849586308604,-4.999993938464391,4.999999980595572,4.998779135163948,4.999506846058921,-4.99997340346239,4.999953635160487,-4.999998865535441,4.999958686098606,-4.99991075308418
99.0,132.0,129.8922576904297,4.997449973093161,-4.998703469495938,4.999963034611369,4.999146656021948,4.99981412968332,-4.999901452300875,4.999990008542666,-4.999881694828997,4.999977380185375,-4.999936680059385
99.0,132.0,129.89202880859375,4.9996627046696105,-4.99914730427408,4.999600838792404,4.998680634022444,4.999922506632244,-4.999951651917495,4.999362453314718,-4.99999925099591,4.999997150236971,-4.999999315518515
99.0,132.0,129.88999938964844,4.999041492751307,-4.999831097962938,4.999946396513353,4.999333002494853,4.999494047899747,-4.999640470989131,4.999914151032927,-4.999999958918273,4.999984371061668,-4.999962001225649
99.0,132.0,129.89254760742188,4.999878809539284,-4.998901821323988,4.999670092462591,4.998278841322114,4.999627051439382,-4.999629733145422,4.99993227558481,-4.999960928832288,4.999999438506367,-4.999987109164521
99.0,132.0,129.8898162841797,4.999358830784699,-4.99934105765011,4.999992973736265,4.999278359857083,4.999320887796669,-4.999876209047918,4.999940295918288,-4.999999567687442,4.999997502083624,-4.99995772666113
99.0,132.0,129.8913116455078,4.999336612716328,-4.999061513557816,4.999634157719742,4.999391794309696,4.99912272011103,-4.999886783388467,4.999948181622715,-4.999887425247836,4.999999021432007,-4.999994732116637
99.0,132.0,129.89109802246094,4.997974822939298,-4.999878709629122,4.99980271130846,4.999337281039283,4.999092274428465,-4.99988532924506,4.999982675971283,-4.999999949515137,4.999941763600759,-4.999999922374266
99.0,132.0,129.8902587890625,4.9986082162557866,-4.999165688954353,4.999893233489248,4.999839403450826,4.999493251697534,-4.999904465275918,4.999984385945027,-4.9999038243896,4.999881885250018,-4.999975255000503
99.0,132.0,129.89268493652344,4.999944005953426,-4.998648992364541,4.999835571890554,4.999372023395646,4.999964777379654,-4.999400631064333,4.9999870866581935,-4.99986124001933,4.999864808012781,-4.999863143528307
99.0,132.0,129.89117431640625,4.999941637461834,-4.999693207666293,4.999661196972703,4.99995632550029,4.999421583645548,-4.9994498373172656,4.999984097677779,-4.999804401380322,4.999876859566893,-4.9999417698157
99.0,132.0,129.8896942138672,4.99991832803316,-4.999384277762178,4.999606042260661,4.999771674542234,4.999856496571603,-4.9999520170646905,4.999953673587054,-4.999687959039937,4.999857090472057,-4.999979531026334
99.0,132.0,129.8922576904297,4.99691537191476,-4.999823763856756,4.999946206724562,4.999653897168408,4.999723785294645,-4.999341765206344,4.999999011859163,-4.999995985757465,4.999932250951906,-4.999926344733203
99.0,132.0,129.89212036132812,4.9996249956241865,-4.998920452711695,4.999218241019069,4.999995999975731,4.99992662117092,-4.999434610206668,4.999906959225562,-4.999828121650667,4.999869453673943,-4.999937187888003
99.0,132.0,129.89315795898438,4.997816257632298,-4.999887851538938,4.999846509828984,4.999663233484874,4.999914108849633,-4.9994978559852665,4.999772187444194,-4.999898094339827,4.999841694912655,-4.999878178349113
99.0,132.0,129.89158630371094,4.9999577741297925,-4.998800006122778,4.999974799945343,4.999635635641702,4.999927045123711,-4.9997736412842695,4.999738312865601,-4.999765847202514,4.999957133232966,-4.999849896632663
99.0,132.0,129.89108276367188,4.999118569012115,-4.999967511826474,4.99954161807859,4.999541448904219,4.99949726214628,-4.999978180411786,4.99981134106026,-4.999951037975755,4.999765777271502,-4.999975860185159
99.0,132.0,129.8889617919922,4.998632791917324,-4.99987294636995,4.999658907830032,4.999505667289002,4.999751997475636,-4.999999947393728,4.999909802424911,-4.999999062352819,4.99999997049263,-4.9999017817801725
99.0,132.0,129.89317321777344,4.998477040741024,-4.9984064773032175,4.9997786114916085,4.999006763024723,4.999850295271903,-4.999536443138669,4.999870123409291,-4.999906312700866,4.999991994776358,-4.999992929945656
99.0,132.0,129.89268493652344,4.997172294974765,-4.999863609694003,4.999343474028586,4.999949551785728,4.999605760277163,-4.99923087351163,4.999998592676359,-4.999980514236585,4.9999835431321165,-4.999933843728605
99.0,132.0,129.8912811279297,4.999816758899215,-4.9995196122418015,4.999736789821847,4.998587577929637,4.999191007955657,-4.999910746182003,4.999907447584446,-4.999973325673707,4.999998548164595,-4.99998726932079
99.0,132.0,129.89083862304688,4.99982803174426,-4.9999941216442245,4.999999725305861,4.999041513651556,4.999229475176406,-4.999787219186208,4.999970861411372,-4.999903799441604,4.999917051221536,-4.999937191689715
99.0,132.0,129.89190673828125,4.999969458339576,-4.99924985190034,4.99976081670505,4.999460438967548,4.999785653238212,-4.999867466872855,4.999358302015985,-4.999840347437333,4.999963069437959,-4.999963701658112
99.0,132.0,129.8912811279297,4.999545318859777,-4.99966818035381,4.999999120252892,4.999997141933975,4.999512943350902,-4.999874537190342,4.9998643152756905,-4.999763865610479,4.9998146184505305,-4.999859928188844
99.0,132.0,129.8926239013672,4.997879156773153,-4.998697642797881,4.999902829381368,4.999539482912754,4.9995440468186,-4.999910558418179,4.999987506843789,-4.999870715949552,4.999816248781683,-4.999987280381262
99.0,132.0,129.8915557861328,4.9979377601472645,-4.999923708006743,4.999723743398578,4.999747207567177,4.999145443005706,-4.999973974244033,4.999689743298836,-4.999999995829221,4.999900005636476,-4.9999999665077866
99.0,132.0,129.8917236328125,4.999090727425894,-4.999276213265125,4.999989295144941,4.999120313723552,4.999828082601701,-4.999580368162787,4.999995798964778,-4.99990326021676,4.99987954156165,-4.999925796328695
99.0,132.0,129.8904266357422,4.999989766951057,-4.999724717635142,4.999750859518818,4.998802067863233,4.999667994108722,-4.999959361552156,4.999837386571088,-4.9998985572548325,4.999993764348973,-4.999910191340161
99.0,132.0,129.89224243164062,4.99709275386245,-4.999282796900958,4.999661316977575,4.9999559133227525,4.999842274374412,-4.999728235278293,4.99995543394976,-4.999906235125406,4.999919656111995,-4.999875426028055
99.0,132.0,129.89041137695312,4.999986241145409,-4.999399107358595,4.99996189815252,4.9996063797974335,4.999719401593608,-4.999924936229862,4.999191450401316,-4.999999916139121,4.999993499830884,-4.9999844673170895
99.0,132.0,129.8931427001953,4.99986364716912,-4.999425411284497,4.999356121927447,4.998932392569758,4.998475892624138,-4.999995499775984,4.999991148055537,-4.999976378624755,4.999904182706001,-4.999999139597918
99.0,132.0,129.89273071289062,4.998357408994064,-4.999411254487562,4.999298725507722,4.999683503806208,4.998814338928452,-4.999994704606213,4.999945104226835,-4.999957227665717,4.999878267408149,-4.999998639433792
99.0,132.0,129.89111328125,4.999024281462448,-4.999699887613177,4.999995248942983,4.999400622406801,4.999176692250703,-4.999846760214544,4.99999219992929,-4.99999988796892,4.999801661208188,-4.999965414437368
99.0,133.0,129.89010620117188,4.999860078942312,-4.999909898181032,4.999682703728188,4.998496397947587,4.999424530109707,-4.999944732893002,4.9999841932598486,-4.99999944102906,4.999999706245027,-4.999950131332326
99.0,133.0,129.8920440673828,4.999859682333772,-4.9984128001454895,4.999739677965785,4.999188016219994,4.999172477074075,-4.9998143059572,4.999985049021598,-4.999851648438769,4.999999422240961,-4.999996014928794
99.0,133.0,129.89073181152344,4.999463995893715,-4.999969995122736,4.999863202796405,4.9992286496170655,4.999145632215393,-4.9997633404720006,4.999781305707465,-4.999999959792981,4.999974545823909,-4.999986831135551
99.0,133.0,129.89218139648438,4.998544975428716,-4.9998612501481565,4.999787725815125,4.998788259149062,4.999164487839994,-4.999735443292812,4.99997387955588,-4.999964632474251,4.999998938378175,-4.999972794950901
99.0,133.0,129.89077758789062,4.999667129802637,-4.99964825654715,4.99999091493744,4.999980958961127,4.999527774310505,-4.99985153392257,4.999934328645135,-4.99983158930446,4.999777779938449,-4.999864521887218
99.0,133.0,129.8895263671875,4.999732846473061,-4.999328998871851,4.999729503979498,4.999167070274096,4.999809313031603,-4.999999993941684,4.999982565478131,-4.9998927016268615,4.999925278536811,-4.999938238950418
99.0,133.0,129.89207458496094,4.999901690038099,-4.999439683959289,4.9996277362767225,4.997993863555908,4.999478659803916,-4.999909098389334,4.999857425541258,-4.99997958745004,4.999999492807159,-4.99999529204459
99.0,133.0,129.8900146484375,4.998639822347582,-4.999588682780003,4.99933697849597,4.999582295991907,4.999720781057276,-4.999795222033515,4.999928558872437,-4.999998649805095,4.999996653460821,-4.999945975037042
99.0,133.0,129.8914337158203,4.999984746590523,-4.998957716080641,4.999948082699595,4.999431568525073,4.999976325410576,-4.999822205869629,4.9993744580155175,-4.999994533567997,4.999960129321032,-4.99988889260463
99.0,133.0,129.89187622070312,4.997929904937424,-4.999835304441355,4.9997098702133504,4.999039258448978,4.999671165295244,-4.999847440334596,4.999985614995101,-4.999955066719855,4.99987765876933,-4.99993980128498
99.0,133.0,129.89089965820312,4.999961005953891,-4.999501134732721,4.999360258586187,4.999986874368134,4.999305139358913,-4.999606934893397,4.999971806947919,-4.999827687467231,4.999925183479066,-4.999966660999531
99.0,133.0,129.8891143798828,4.999646726513507,-4.999355297210662,4.999791372696028,4.999803855885364,4.999879937389869,-4.999963047868564,4.999786151360161,-4.999904452594149,4.999999985706302,-4.999856829454014
99.0,133.0,129.89273071289062,4.998760941088622,-4.9999334800975,4.99999995520957,4.999942680510117,4.999998957386902,-4.999194390765673,4.999896076061589,-4.999819802642499,4.999823270888163,-4.999825335528933
99.0,133.0,129.89112854003906,4.999819904673288,-4.999884574200166,4.999968966609066,4.999989496610692,4.999092690412205,-4.999962657137496,4.999937430657465,-4.999886033702168,4.999738436005346,-4.999863463840844
99.0,133.0,129.89044189453125,4.999997436973142,-4.999302339199034,4.999988554263048,4.999750527525795,4.999707516720596,-4.999962317201213,4.999723075739079,-4.999755992147377,4.999972982779115,-4.999863236301428
99.0,133.0,129.891845703125,4.996981121205621,-4.999782269010407,4.999648388210097,4.99994176676744,4.99965880050849,-4.999455740780114,4.999973607659859,-4.999956407235434,4.999937428224909,-4.999962792468382
99.0,133.0,129.89163208007812,4.998402435957351,-4.999682509418923,4.999627572273928,4.999827367478307,4.999879474995962,-4.999711980994215,4.99964650485958,-4.999922198041381,4.999987753973618,-4.99986373857514
99.0,133.0,129.88938903808594,4.999849586308604,-4.999993938464391,4.999999980595572,4.998779135163948,4.999506846058921,-4.99997340346239,4.999953635160487,-4.999998865535441,4.999958686098606,-4.99991075308418
99.0,133.0,129.8922576904297,4.997449973093161,-4.998703469495938,4.999963034611369,4.999146656021948,4.99981412968332,-4.999901452300875,4.999990008542666,-4.999881694828997,4.999977380185375,-4.999936680059385
99.0,133.0,129.89202880859375,4.9996627046696105,-4.99914730427408,4.999600838792404,4.998680634022444,4.999922506632244,-4.999951651917495,4.999362453314718,-4.99999925099591,4.999997150236971,-4.999999315518515
99.0,133.0,129.88999938964844,4.999041492751307,-4.999831097962938,4.999946396513353,4.999333002494853,4.999494047899747,-4.999640470989131,4.999914151032927,-4.999999958918273,4.999984371061668,-4.999962001225649
99.0,133.0,129.89254760742188,4.999878809539284,-4.998901821323988,4.999670092462591,4.998278841322114,4.999627051439382,-4.999629733145422,4.99993227558481,-4.999960928832288,4.999999438506367,-4.999987109164521
99.0,133.0,129.8898162841797,4.999358830784699,-4.99934105765011,4.999992973736265,4.999278359857083,4.999320887796669,-4.999876209047918,4.999940295918288,-4.999999567687442,4.999997502083624,-4.99995772666113
99.0,133.0,129.8913116455078,4.999336612716328,-4.999061513557816,4.999634157719742,4.999391794309696,4.99912272011103,-4.999886783388467,4.999948181622715,-4.999887425247836,4.999999021432007,-4.999994732116637
99.0,133.0,129.89109802246094,4.997974822939298,-4.999878709629122,4.99980271130846,4.999337281039283,4.999092274428465,-4.99988532924506,4.999982675971283,-4.999999949515137,4.999941763600759,-4.999999922374266
99.0,133.0,129.8902587890625,4.9986082162557866,-4.999165688954353,4.999893233489248,4.999839403450826,4.999493251697534,-4.999904465275918,4.999984385945027,-4.9999038243896,4.999881885250018,-4.999975255000503
99.0,133.0,129.89125061035156,4.998858110713357,-4.999995913173217,4.99991393627713,4.998629957862738,4.999089460711298,-4.999978352965102,4.9999609909961205,-4.999999941655116,4.999951001282502,-4.999985765954982
99.0,133.0,129.89117431640625,4.999941637461834,-4.999693207666293,4.999661196972703,4.99995632550029,4.999421583645548,-4.9994498373172656,4.999984097677779,-4.999804401380322,4.999876859566893,-4.9999417698157
99.0,133.0,129.8896942138672,4.99991832803316,-4.999384277762178,4.999606042260661,4.999771674542234,4.999856496571603,-4.9999520170646905,4.999953673587054,-4.999687959039937,4.999857090472057,-4.999979531026334
99.0,133.0,129.8899383544922,4.999539364799132,-4.999332499392615,4.99894672920863,4.999581874851637,4.999705441418061,-4.9997558199412815,4.9999543118766185,-4.999999913325101,4.999960028017268,-4.999995578835335
99.0,133.0,129.89212036132812,4.9996249956241865,-4.998920452711695,4.999218241019069,4.999995999975731,4.99992662117092,-4.999434610206668,4.999906959225562,-4.999828121650667,4.999869453673943,-4.999937187888003
99.0,133.0,129.892822265625,4.998877850943218,-4.999491447777401,4.999996541987136,4.999175481161768,4.999049533125216,-4.999837121040259,4.999772187444194,-4.999999553602342,4.999901582772276,-4.999948200221269
99.0,133.0,129.89158630371094,4.9999577741297925,-4.998800006122778,4.999974799945343,4.999635635641702,4.999927045123711,-4.9997736412842695,4.999738312865601,-4.999765847202514,4.999957133232966,-4.999849896632663
99.0,133.0,129.89108276367188,4.999118569012115,-4.999967511826474,4.99954161807859,4.999541448904219,4.99949726214628,-4.999978180411786,4.99981134106026,-4.999951037975755,4.999765777271502,-4.999975860185159
99.0,133.0,129.8889617919922,4.998632791917324,-4.99987294636995,4.999658907830032,4.999505667289002,4.999751997475636,-4.999999947393728,4.999909802424911,-4.999999062352819,4.99999997049263,-4.9999017817801725
99.0,133.0,129.890380859375,4.9998901319557785,-4.999595007342211,4.999994946828529,4.999186165641119,4.999850295271903,-4.999567746536309,4.999870123409291,-4.999962196645982,4.999889602510774,-4.999936319629567
99.0,133.0,129.89117431640625,4.998226331261357,-4.9996616017418365,4.999909759324972,4.999262869351524,4.999569197005084,-4.999999592433595,4.999853788701968,-4.999980268172159,4.999873684796492,-4.999944243215056
99.0,133.0,129.8912811279297,4.999816758899215,-4.9995196122418015,4.999736789821847,4.998587577929637,4.999191007955657,-4.999910746182003,4.999907447584446,-4.999973325673707,4.999998548164595,-4.99998726932079
99.0,133.0,129.89002990722656,4.999950900507627,-4.99931727153055,4.999777305624333,4.9997912706390775,4.999790983472611,-4.999957078121871,4.999934034079692,-4.99962555007445,4.999921607863128,-4.999930395735753
99.0,133.0,129.89190673828125,4.999969458339576,-4.99924985190034,4.99976081670505,4.999460438967548,4.999785653238212,-4.999867466872855,4.999358302015985,-4.999840347437333,4.999963069437959,-4.999963701658112
99.0,133.0,129.8912811279297,4.999545318859777,-4.99966818035381,4.999999120252892,4.999997141933975,4.999512943350902,-4.999874537190342,4.9998643152756905,-4.999763865610479,4.9998146184505305,-4.999859928188844
99.0,133.0,129.8926239013672,4.997879156773153,-4.998697642797881,4.999902829381368,4.999539482912754,4.9995440468186,-4.999910558418179,4.999987506843789,-4.999870715949552,4.999816248781683,-4.999987280381262
99.0,133.0,129.8915557861328,4.9979377601472645,-4.999923708006743,4.999723743398578,4.999747207567177,4.999145443005706,-4.999973974244033,4.999689743298836,-4.999999995829221,4.999900005636476,-4.9999999665077866
99.0,133.0,129.8917236328125,4.999090727425894,-4.999276213265125,4.999989295144941,4.999120313723552,4.999828082601701,-4.999580368162787,4.999995798964778,-4.99990326021676,4.99987954156165,-4.999925796328695
99.0,133.0,129.8904266357422,4.999989766951057,-4.999724717635142,4.999750859518818,4.998802067863233,4.999667994108722,-4.999959361552156,4.999837386571088,-4.9998985572548325,4.999993764348973,-4.999910191340161
99.0,133.0,129.89224243164062,4.99709275386245,-4.999282796900958,4.999661316977575,4.9999559133227525,4.999842274374412,-4.999728235278293,4.99995543394976,-4.999906235125406,4.999919656111995,-4.999875426028055
99.0,133.0,129.89041137695312,4.999986241145409,-4.999399107358595,4.99996189815252,4.9996063797974335,4.999719401593608,-4.999924936229862,4.999191450401316,-4.999999916139121,4.999993499830884,-4.9999844673170895
99.0,133.0,129.89137268066406,4.999996341173459,-4.999996454188621,4.999797430982874,4.998985289519462,4.999116213602224,-4.99997103343391,4.99987702601192,-4.999881325550749,4.999833814381335,-4.999999139597918
99.0,133.0,129.8919219970703,4.999988824475333,-4.999405451465785,4.999206373768006,4.999970288812934,4.998814338928452,-4.999350524983282,4.999995140458076,-4.999957227665717,4.999994395259839,-4.999990032527329
99.0,133.0,129.88919067382812,4.9982598210714135,-4.999429273565447,4.999995248942983,4.999934654291931,4.999792282170657,-4.999858684598442,4.999974574569888,-4.999959436668229,4.999880701264425,-4.999950876460706
99.0,134.0,129.89010620117188,4.999860078942312,-4.999909898181032,4.999682703728188,4.998496397947587,4.999424530109707,-4.999944732893002,4.9999841932598486,-4.99999944102906,4.999999706245027,-4.999950131332326
99.0,134.0,129.8920440673828,4.999859682333772,-4.9984128001454895,4.999739677965785,4.999188016219994,4.999172477074075,-4.9998143059572,4.999985049021598,-4.999851648438769,4.999999422240961,-4.999996014928794
99.0,134.0,129.89047241210938,4.999840355893996,-4.999928705840618,4.999498324885847,4.998564417397853,4.999389255833653,-4.999981881957583,4.9999847999394165,-4.999960496947772,4.999949684864572,-4.9999866655374445
99.0,134.0,129.8917236328125,4.999417304543259,-4.999607815303788,4.999787725815125,4.99882545050032,4.999973776114151,-4.999616657244632,4.999940401438964,-4.999964632474251,4.999876913020133,-4.999883525940457
99.0,134.0,129.89024353027344,4.9997526998245485,-4.999346236186647,4.999787498302878,4.999084748932258,4.999783667580703,-4.999999994803979,4.999971865543097,-4.999752359101383,4.999926254412377,-4.999965723804267
99.0,134.0,129.8895263671875,4.999732846473061,-4.999328998871851,4.999729503979498,4.999167070274096,4.999809313031603,-4.999999993941684,4.999982565478131,-4.9998927016268615,4.999925278536811,-4.999938238950418
99.0,134.0,129.89207458496094,4.999901690038099,-4.999439683959289,4.9996277362767225,4.997993863555908,4.999478659803916,-4.999909098389334,4.999857425541258,-4.99997958745004,4.999999492807159,-4.99999529204459
99.0,134.0,129.88961791992188,4.999977632855094,-4.999593502963993,4.999449123131186,4.999432132935143,4.999927401285205,-4.999958984409301,4.999981188197625,-4.999687902753296,4.999906152208432,-4.999980496581863
99.0,134.0,129.8914337158203,4.999984746590523,-4.998957716080641,4.999948082699595,4.999431568525073,4.999976325410576,-4.999822205869629,4.9993744580155175,-4.999994533567997,4.999960129321032,-4.99988889260463
99.0,134.0,129.8911895751953,4.998035563722105,-4.999930496878584,4.99945654774823,4.999823416763191,4.999671165295244,-4.999458683979924,4.999990930558523,-4.999988377407678,4.999926754185923,-4.99993980128498
99.0,134.0,129.89089965820312,4.999961005953891,-4.999501134732721,4.999360258586187,4.999986874368134,4.999305139358913,-4.999606934893397,4.999971806947919,-4.999827687467231,4.999925183479066,-4.999966660999531
99.0,134.0,129.8891143798828,4.999646726513507,-4.999355297210662,4.999791372696028,4.999803855885364,4.999879937389869,-4.999963047868564,4.999786151360161,-4.999904452594149,4.999999985706302,-4.999856829454014
99.0,134.0,129.890625,4.999359345038647,-4.998793477865645,4.99999995520957,4.999997337949937,4.999661917433303,-4.999588841462472,4.9999420454800605,-4.999846807171397,4.999923403460368,-4.999947891403784
99.0,134.0,129.8893280029297,4.999586167142987,-4.999182898551913,4.999459884339228,4.999623663626259,4.999740849225056,-4.999965650838524,4.999955492821947,-4.999993876175447,4.999999992740852,-4.999863463840844
99.0,134.0,129.89044189453125,4.999997436973142,-4.999302339199034,4.999988554263048,4.999750527525795,4.999707516720596,-4.999962317201213,4.999723075739079,-4.999755992147377,4.999972982779115,-4.999863236301428
99.0,134.0,129.891845703125,4.996981121205621,-4.999782269010407,4.999648388210097,4.99994176676744,4.99965880050849,-4.999455740780114,4.999973607659859,-4.999956407235434,4.999937428224909,-4.999962792468382
99.0,134.0,129.89163208007812,4.998402435957351,-4.999682509418923,4.999627572273928,4.999827367478307,4.999879474995962,-4.999711980994215,4.99964650485958,-4.999922198041381,4.999987753973618,-4.99986373857514
99.0,134.0,129.88938903808594,4.999849586308604,-4.999993938464391,4.999999980595572,4.998779135163948,4.999506846058921,-4.99997340346239,4.999953635160487,-4.999998865535441,4.999958686098606,-4.99991075308418
99.0,134.0,129.8922576904297,4.997449973093161,-4.998703469495938,4.999963034611369,4.999146656021948,4.99981412968332,-4.999901452300875,4.999990008542666,-4.999881694828997,4.999977380185375,-4.999936680059385
99.0,134.0,129.89202880859375,4.9996627046696105,-4.99914730427408,4.999600838792404,4.998680634022444,4.999922506632244,-4.999951651917495,4.999362453314718,-4.99999925099591,4.999997150236971,-4.999999315518515
99.0,134.0,129.88999938964844,4.999041492751307,-4.999831097962938,4.999946396513353,4.999333002494853,4.999494047899747,-4.999640470989131,4.999914151032927,-4.999999958918273,4.999984371061668,-4.999962001225649
99.0,134.0,129.89100646972656,4.999945948284193,-4.998901821323988,4.999999525919338,4.999193238918776,4.999942032204864,-4.999703993785399,4.9998610365542415,-4.999960928832288,4.999880716454317,-4.999892636409404
99.0,134.0,129.888427734375,4.999173157253587,-4.999740170253986,4.999992973736265,4.999580156719691,4.999921667792917,-4.9996727929055504,4.999894296403259,-4.999998654506663,4.999996865448496,-4.999927014462733
99.0,134.0,129.8913116455078,4.999336612716328,-4.999061513557816,4.999634157719742,4.999391794309696,4.99912272011103,-4.999886783388467,4.999948181622715,-4.999887425247836,4.999999021432007,-4.999994732116637
99.0,134.0,129.89109802246094,4.997974822939298,-4.999878709629122,4.99980271130846,4.999337281039283,4.999092274428465,-4.99988532924506,4.999982675971283,-4.999999949515137,4.999941763600759,-4.999999922374266
99.0,134.0,129.8902587890625,4.9986082162557866,-4.999165688954353,4.999893233489248,4.999839403450826,4.999493251697534,-4.999904465275918,4.999984385945027,-4.9999038243896,4.999881885250018,-4.999975255000503
99.0,134.0,129.89125061035156,4.998858110713357,-4.999995913173217,4.99991393627713,4.998629957862738,4.999089460711298,-4.999978352965102,4.9999609909961205,-4.999999941655116,4.999951001282502,-4.999985765954982
99.0,134.0,129.89031982421875,4.999319324090125,-4.999878821770679,4.999969218215344,4.999861088710908,4.999488119793914,-4.999977791303556,4.999212252386851,-4.999999992750259,4.9999932497667885,-4.99997731021028
99.0,134.0,129.88951110839844,4.998663817237358,-4.999564050911044,4.999673908742842,4.999351298985241,4.999970019217498,-4.999859440875437,4.999922216425093,-4.999992863932109,4.999999982835627,-4.999901701702038
99.0,134.0,129.8899383544922,4.999539364799132,-4.999332499392615,4.99894672920863,4.999581874851637,4.999705441418061,-4.9997558199412815,4.9999543118766185,-4.999999913325101,4.999960028017268,-4.999995578835335
99.0,134.0,129.88998413085938,4.999782307782623,-4.999743475022664,4.999996815165018,4.999820108866475,4.999464035550343,-4.999995517122326,4.999953299735895,-4.999870021460179,4.999783888197955,-4.999883543489735
99.0,134.0,129.892822265625,4.998877850943218,-4.999491447777401,4.999996541987136,4.999175481161768,4.999049533125216,-4.999837121040259,4.999772187444194,-4.999999553602342,4.999901582772276,-4.999948200221269
99.0,134.0,129.89028930664062,4.999889473846531,-4.999280161140391,4.999814799580941,4.999295314562247,4.999927045123711,-4.999653601364941,4.999913219268735,-4.999913399421347,4.999914171693572,-4.999931547467141
99.0,134.0,129.88888549804688,4.998522245994482,-4.999967511826474,4.999915087291528,4.999944228959149,4.99949726214628,-4.999850623070534,4.999970908284196,-4.999982373857516,4.999862892972118,-4.999982497618147
99.0,134.0,129.8889617919922,4.998632791917324,-4.99987294636995,4.999658907830032,4.999505667289002,4.999751997475636,-4.999999947393728,4.999909802424911,-4.999999062352819,4.99999997049263,-4.9999017817801725
99.0,134.0,129.890380859375,4.9998901319557785,-4.999595007342211,4.999994946828529,4.999186165641119,4.999850295271903,-4.999567746536309,4.999870123409291,-4.999962196645982,4.999889602510774,-4.999936319629567
99.0,134.0,129.89117431640625,4.998226331261357,-4.9996616017418365,4.999909759324972,4.999262869351524,4.999569197005084,-4.999999592433595,4.999853788701968,-4.999980268172159,4.999873684796492,-4.999944243215056
99.0,134.0,129.8912811279297,4.999816758899215,-4.9995196122418015,4.999736789821847,4.998587577929637,4.999191007955657,-4.999910746182003,4.999907447584446,-4.999973325673707,4.999998548164595,-4.99998726932079
99.0,134.0,129.89002990722656,4.999950900507627,-4.99931727153055,4.999777305624333,4.9997912706390775,4.999790983472611,-4.999957078121871,4.999934034079692,-4.99962555007445,4.999921607863128,-4.999930395735753
99.0,134.0,129.8905029296875,4.9983374239412095,-4.999184876124298,4.999970945680473,4.999591351574458,4.999856382385758,-4.999602020657017,4.9999286598062,-4.999940835505214,4.999997560513105,-4.99993745827785
99.0,134.0,129.8912811279297,4.999545318859777,-4.99966818035381,4.999999120252892,4.999997141933975,4.999512943350902,-4.999874537190342,4.9998643152756905,-4.999763865610479,4.9998146184505305,-4.999859928188844
99.0,134.0,129.8926239013672,4.997879156773153,-4.998697642797881,4.999902829381368,4.999539482912754,4.9995440468186,-4.999910558418179,4.999987506843789,-4.999870715949552,4.999816248781683,-4.999987280381262
99.0,134.0,129.8915557861328,4.9979377601472645,-4.999923708006743,4.999723743398578,4.999747207567177,4.999145443005706,-4.999973974244033,4.999689743298836,-4.999999995829221,4.999900005636476,-4.9999999665077866
99.0,134.0,129.8917236328125,4.999090727425894,-4.999276213265125,4.999989295144941,4.999120313723552,4.999828082601701,-4.999580368162787,4.999995798964778,-4.99990326021676,4.99987954156165,-4.999925796328695
99.0,134.0,129.8904266357422,4.999989766951057,-4.999724717635142,4.999750859518818,4.998802067863233,4.999667994108722,-4.999959361552156,4.999837386571088,-4.9998985572548325,4.999993764348973,-4.999910191340161
99.0,134.0,129.8902130126953,4.998567589542603,-4.999509550744865,4.999626391936732,4.999712151760641,4.999969346201008,-4.999767372633537,4.99995543394976,-4.99988439946284,4.99999647333199,-4.999863095782245
99.0,134.0,129.8896026611328,4.999961469261525,-4.999353848368632,4.999856083656862,4.999990916108072,4.999764368617024,-4.99987316484839,4.999570151038706,-4.999792948236452,4.999964487172624,-4.9999844673170895
99.0,134.0,129.89137268066406,4.999996341173459,-4.999996454188621,4.999797430982874,4.998985289519462,4.999116213602224,-4.99997103343391,4.99987702601192,-4.999881325550749,4.999833814381335,-4.999999139597918
99.0,134.0,129.8908233642578,4.999990578844484,-4.999772000363404,4.999692214643097,4.9988199586708415,4.999540626444044,-4.999948478061185,4.999788155888762,-4.999874545066301,4.999994395259839,-4.999947230542654
99.0,134.0,129.88919067382812,4.9982598210714135,-4.999429273565447,4.999995248942983,4.999934654291931,4.999792282170657,-4.999858684598442,4.999974574569888,-4.999959436668229,4.999880701264425,-4.999950876460706
99.0,135.0,129.89010620117188,4.999860078942312,-4.999909898181032,4.999682703728188,4.998496397947587,4.999424530109707,-4.999944732893002,4.9999841932598486,-4.99999944102906,4.999999706245027,-4.999950131332326
99.0,135.0,129.8920440673828,4.999859682333772,-4.9984128001454895,4.999739677965785,4.999188016219994,4.999172477074075,-4.9998143059572,4.999985049021598,-4.999851648438769,4.999999422240961,-4.999996014928794
99.0,135.0,129.89047241210938,4.999840355893996,-4.999928705840618,4.999498324885847,4.998564417397853,4.999389255833653,-4.999981881957583,4.9999847999394165,-4.999960496947772,4.999949684864572,-4.9999866655374445
99.0,135.0,129.8917236328125,4.999417304543259,-4.999607815303788,4.999787725815125,4.99882545050032,4.999973776114151,-4.999616657244632,4.999940401438964,-4.999964632474251,4.999876913020133,-4.999883525940457
99.0,135.0,129.89024353027344,4.9997526998245485,-4.999346236186647,4.999787498302878,4.999084748932258,4.999783667580703,-4.999999994803979,4.999971865543097,-4.999752359101383,4.999926254412377,-4.999965723804267
99.0,135.0,129.8895263671875,4.999732846473061,-4.999328998871851,4.999729503979498,4.999167070274096,4.999809313031603,-4.999999993941684,4.999982565478131,-4.9998927016268615,4.999925278536811,-4.999938238950418
99.0,135.0,129.88926696777344,4.999901690038099,-4.999998627218173,4.999963218385592,4.998901387853856,4.999424241741112,-4.999964303570089,4.999974187469707,-4.999999961744981,4.999891841198711,-4.999963838127016
99.0,135.0,129.88961791992188,4.999977632855094,-4.999593502963993,4.999449123131186,4.999432132935143,4.999927401285205,-4.999958984409301,4.999981188197625,-4.999687902753296,4.999906152208432,-4.999980496581863
99.0,135.0,129.8883056640625,4.998685778572844,-4.999868415857943,4.999656970633456,4.999431568525073,4.999976325410576,-4.999999976250519,4.999981580463971,-4.999923015606436,4.999963104845667,-4.999956228955298
99.0,135.0,129.88717651367188,4.999926727978919,-4.999921800927762,4.9994778050506525,4.999823416763191,4.9995287993856525,-4.999967261282068,4.999999721223314,-4.999960219547692,4.999999703553248,-4.999961747949714
99.0,135.0,129.890869140625,4.997928130845708,-4.999145476015251,4.9999886916877125,4.999904308671002,4.999891141280778,-4.999449889705081,4.999893638692739,-4.99994109444982,4.999989892921425,-4.9999433932245125
99.0,135.0,129.8891143798828,4.999646726513507,-4.999355297210662,4.999791372696028,4.999803855885364,4.999879937389869,-4.999963047868564,4.999786151360161,-4.999904452594149,4.999999985706302,-4.999856829454014
99.0,135.0,129.88897705078125,4.998522793894324,-4.999620454331681,4.999983573311861,4.999984764802389,4.999792913705466,-4.9998462649541855,4.9999420454800605,-4.999919707155829,4.999932477171008,-4.999914545969902
99.0,135.0,129.8893280029297,4.999586167142987,-4.999182898551913,4.999459884339228,4.999623663626259,4.999740849225056,-4.999965650838524,4.999955492821947,-4.999993876175447,4.999999992740852,-4.999863463840844
99.0,135.0,129.89044189453125,4.999997436973142,-4.999302339199034,4.999988554263048,4.999750527525795,4.999707516720596,-4.999962317201213,4.999723075739079,-4.999755992147377,4.999972982779115,-4.999863236301428
99.0,135.0,129.8911895751953,4.999998828192833,-4.99922805514303,4.999857389047525,4.999045745523626,4.999546549022973,-4.999980421697043,4.999744641893456,-4.999860722178991,4.999984850649156,-4.999926906867401
99.0,135.0,129.89163208007812,4.998402435957351,-4.999682509418923,4.999627572273928,4.999827367478307,4.999879474995962,-4.999711980994215,4.99964650485958,-4.999922198041381,4.999987753973618,-4.99986373857514
99.0,135.0,129.88938903808594,4.999849586308604,-4.999993938464391,4.999999980595572,4.998779135163948,4.999506846058921,-4.99997340346239,4.999953635160487,-4.999998865535441,4.999958686098606,-4.99991075308418
99.0,135.0,129.8900146484375,4.998792367819273,-4.999305571988495,4.999963034611369,4.999993210610957,4.999849708974312,-4.999612139586668,4.99995082867521,-4.99977115547904,4.9999365764016845,-4.99997720844614
99.0,135.0,129.89202880859375,4.9996627046696105,-4.99914730427408,4.999600838792404,4.998680634022444,4.999922506632244,-4.999951651917495,4.999362453314718,-4.99999925099591,4.999997150236971,-4.999999315518515
99.0,135.0,129.88999938964844,4.999041492751307,-4.999831097962938,4.999946396513353,4.999333002494853,4.999494047899747,-4.999640470989131,4.999914151032927,-4.999999958918273,4.999984371061668,-4.999962001225649
99.0,135.0,129.89100646972656,4.999945948284193,-4.998901821323988,4.999999525919338,4.999193238918776,4.999942032204864,-4.999703993785399,4.9998610365542415,-4.999960928832288,4.999880716454317,-4.999892636409404
99.0,135.0,129.888427734375,4.999173157253587,-4.999740170253986,4.999992973736265,4.999580156719691,4.999921667792917,-4.9996727929055504,4.999894296403259,-4.999998654506663,4.999996865448496,-4.999927014462733
99.0,135.0,129.8905029296875,4.999516484758838,-4.998866396626674,4.99978439815465,4.99999810956426,4.9993745184178255,-4.999886783388467,4.999956664966784,-4.999808424607938,4.99988600234675,-4.999988278153008
99.0,135.0,129.89109802246094,4.997974822939298,-4.999878709629122,4.99980271130846,4.999337281039283,4.999092274428465,-4.99988532924506,4.999982675971283,-4.999999949515137,4.999941763600759,-4.999999922374266
99.0,135.0,129.8902587890625,4.9986082162557866,-4.999165688954353,4.999893233489248,4.999839403450826,4.999493251697534,-4.999904465275918,4.999984385945027,-4.9999038243896,4.999881885250018,-4.999975255000503
99.0,135.0,129.89125061035156,4.998858110713357,-4.999995913173217,4.99991393627713,4.998629957862738,4.999089460711298,-4.999978352965102,4.9999609909961205,-4.999999941655116,4.999951001282502,-4.999985765954982
99.0,135.0,129.89031982421875,4.999319324090125,-4.999878821770679,4.999969218215344,4.999861088710908,4.999488119793914,-4.999977791303556,4.999212252386851,-4.999999992750259,4.9999932497667885,-4.99997731021028
99.0,135.0,129.88951110839844,4.998663817237358,-4.999564050911044,4.999673908742842,4.999351298985241,4.999970019217498,-4.999859440875437,4.999922216425093,-4.999992863932109,4.999999982835627,-4.999901701702038
99.0,135.0,129.8899383544922,4.999539364799132,-4.999332499392615,4.99894672920863,4.999581874851637,4.999705441418061,-4.9997558199412815,4.9999543118766185,-4.999999913325101,4.999960028017268,-4.999995578835335
99.0,135.0,129.88998413085938,4.999782307782623,-4.999743475022664,4.999996815165018,4.999820108866475,4.999464035550343,-4.999995517122326,4.999953299735895,-4.999870021460179,4.999783888197955,-4.999883543489735
99.0,135.0,129.89178466796875,4.999587933683882,-4.999531789805302,4.999646042121006,4.999050091704879,4.999981631811632,-4.999500547344603,4.99999122406286,-4.999916698119591,4.999938307287882,-4.999842952224052
99.0,135.0,129.89028930664062,4.999889473846531,-4.999280161140391,4.999814799580941,4.999295314562247,4.999927045123711,-4.999653601364941,4.999913219268735,-4.999913399421347,4.999914171693572,-4.999931547467141
99.0,135.0,129.88888549804688,4.998522245994482,-4.999967511826474,4.999915087291528,4.999944228959149,4.99949726214628,-4.999850623070534,4.999970908284196,-4.999982373857516,4.999862892972118,-4.999982497618147
99.0,135.0,129.8889617919922,4.998632791917324,-4.99987294636995,4.999658907830032,4.999505667289002,4.999751997475636,-4.999999947393728,4.999909802424911,-4.999999062352819,4.99999997049263,-4.9999017817801725
99.0,135.0,129.890380859375,4.9998901319557785,-4.999595007342211,4.999994946828529,4.999186165641119,4.999850295271903,-4.999567746536309,4.999870123409291,-4.999962196645982,4.999889602510774,-4.999936319629567
99.0,135.0,129.89117431640625,4.998226331261357,-4.9996616017418365,4.999909759324972,4.999262869351524,4.999569197005084,-4.999999592433595,4.999853788701968,-4.999980268172159,4.999873684796492,-4.999944243215056
99.0,135.0,129.8912811279297,4.999816758899215,-4.9995196122418015,4.999736789821847,4.998587577929637,4.999191007955657,-4.999910746182003,4.999907447584446,-4.999973325673707,4.999998548164595,-4.99998726932079
99.0,135.0,129.89002990722656,4.999950900507627,-4.99931727153055,4.999777305624333,4.9997912706390775,4.999790983472611,-4.999957078121871,4.999934034079692,-4.99962555007445,4.999921607863128,-4.999930395735753
99.0,135.0,129.88986206054688,4.999565148832417,-4.999459788430421,4.999729617735622,4.999037421058127,4.999904367298328,-4.999808325162011,4.999966833426065,-4.999998838313296,4.999900607840688,-4.99993745827785
99.0,135.0,129.890625,4.998818999153702,-4.9998944448667295,4.999998089683353,4.999356065487445,4.999576009742997,-4.9996085280064175,4.999802643714382,-4.999998667877365,4.999947660464208,-4.999969382652945
99.0,135.0,129.89154052734375,4.998993028923205,-4.999586666252915,4.999999774795064,4.999014631067115,4.998985794365053,-4.999981104240016,4.999903836226859,-4.999999904796305,4.999907691031782,-4.999987280381262
99.0,135.0,129.89077758789062,4.998034254636599,-4.999533356577957,4.999554549334285,4.999714291032856,4.999768459465367,-4.999889801761501,4.999989696418938,-4.999884394761272,4.999975169601536,-4.999882056356553
99.0,135.0,129.89035034179688,4.999981860731655,-4.999289638253555,4.999635690122489,4.999172676514212,4.999951037293462,-4.999927294985232,4.999933989499866,-4.99972616743802,4.99987954156165,-4.999995266895443
99.0,135.0,129.89028930664062,4.998817093257934,-4.998727812298959,4.999517436122349,4.999980679832476,4.99952598457728,-4.999972218901274,4.999979045524359,-4.999946917913097,4.999969660621627,-4.999915341061247
99.0,135.0,129.89015197753906,4.998711124554731,-4.999509550744865,4.999650476678375,4.999474000427218,4.999989803247743,-4.999986670542097,4.999674383728205,-4.999999770048329,4.999999984588973,-4.999877988189569
99.0,135.0,129.8896026611328,4.999961469261525,-4.999353848368632,4.999856083656862,4.999990916108072,4.999764368617024,-4.99987316484839,4.999570151038706,-4.999792948236452,4.999964487172624,-4.9999844673170895
99.0,135.0,129.89108276367188,4.99777159582236,-4.999320473893336,4.999948377267607,4.999505296574211,4.999567115687046,-4.99961151636349,4.999990462018716,-4.999991527705355,4.999976178979869,-4.999975245585261
99.0,135.0,129.89071655273438,4.999651774526091,-4.998564728051211,4.999692214643097,4.9999309288521445,4.999712752897446,-4.999883499115969,4.999801858290716,-4.999830844045812,4.999999994911353,-4.999899460376321
99.0,135.0,129.88919067382812,4.9982598210714135,-4.999429273565447,4.999995248942983,4.999934654291931,4.999792282170657,-4.999858684598442,4.999974574569888,-4.999959436668229,4.999880701264425,-4.999950876460706
99.0,136.0,129.89010620117188,4.999860078942312,-4.999909898181032,4.999682703728188,4.998496397947587,4.999424530109707,-4.999944732893002,4.9999841932598486,-4.99999944102906,4.999999706245027,-4.999950131332326
99.0,136.0,129.89027404785156,4.998089540653448,-4.999059822377522,4.99998628858727,4.999834777723466,4.999898307090358,-4.99985787937667,4.9999524603692045,-4.999976264982107,4.999880845858227,-4.999901734406271
99.0,136.0,129.89047241210938,4.999840355893996,-4.999928705840618,4.999498324885847,4.998564417397853,4.999389255833653,-4.999981881957583,4.9999847999394165,-4.999960496947772,4.999949684864572,-4.9999866655374445
99.0,136.0,129.89077758789062,4.999869885828741,-4.999920604819394,4.999787725815125,4.998705123271673,4.9995097128050645,-4.999976297761754,4.9999970810576695,-4.999843489658758,4.999913329478574,-4.999937494143745
99.0,136.0,129.89024353027344,4.9997526998245485,-4.999346236186647,4.999787498302878,4.999084748932258,4.999783667580703,-4.999999994803979,4.999971865543097,-4.999752359101383,4.999926254412377,-4.999965723804267
99.0,136.0,129.8895263671875,4.999732846473061,-4.999328998871851,4.999729503979498,4.999167070274096,4.999809313031603,-4.999999993941684,4.999982565478131,-4.9998927016268615,4.999925278536811,-4.999938238950418
99.0,136.0,129.88926696777344,4.999901690038099,-4.999998627218173,4.999963218385592,4.998901387853856,4.999424241741112,-4.999964303570089,4.999974187469707,-4.999999961744981,4.999891841198711,-4.999963838127016
99.0,136.0,129.88961791992188,4.999977632855094,-4.999593502963993,4.999449123131186,4.999432132935143,4.999927401285205,-4.999958984409301,4.999981188197625,-4.999687902753296,4.999906152208432,-4.999980496581863
99.0,136.0,129.8883056640625,4.998685778572844,-4.999868415857943,4.999656970633456,4.999431568525073,4.999976325410576,-4.999999976250519,4.999981580463971,-4.999923015606436,4.999963104845667,-4.999956228955298
99.0,136.0,129.88717651367188,4.999926727978919,-4.999921800927762,4.9994778050506525,4.999823416763191,4.9995287993856525,-4.999967261282068,4.999999721223314,-4.999960219547692,4.999999703553248,-4.999961747949714
99.0,136.0,129.88710021972656,4.999818467773814,-4.999957340537522,4.9999886916877125,4.999966324461326,4.999487542649337,-4.999985104596919,4.999999902580372,-4.999964869188286,4.999899222327648,-4.99994006626088
99.0,136.0,129.8891143798828,4.999646726513507,-4.999355297210662,4.999791372696028,4.999803855885364,4.999879937389869,-4.999963047868564,4.999786151360161,-4.999904452594149,4.999999985706302,-4.999856829454014
99.0,136.0,129.8870391845703,4.999917005252801,-4.999620454331681,4.99999521005194,4.999984764802389,4.999912543885741,-4.999600675676597,4.999939833697364,-4.999999772561697,4.9999477897170745,-4.999963304989946
99.0,136.0,129.8893280029297,4.999586167142987,-4.999182898551913,4.999459884339228,4.999623663626259,4.999740849225056,-4.999965650838524,4.999955492821947,-4.999993876175447,4.999999992740852,-4.999863463840844
99.0,136.0,129.89013671875,4.998815158599643,-4.999940132859269,4.999817618472584,4.999589470795411,4.999777064599414,-4.999995661035401,4.999723075739079,-4.99981489930232,4.999960778053768,-4.999935247727627
99.0,136.0,129.8908233642578,4.997813002436858,-4.99923668370437,4.9999797182408106,4.999889849578047,4.999682346222247,-4.999948888401715,4.999957556503787,-4.999907295638826,4.999819453565968,-4.999953741947637
99.0,136.0,129.89163208007812,4.998402435957351,-4.999682509418923,4.999627572273928,4.999827367478307,4.999879474995962,-4.999711980994215,4.99964650485958,-4.999922198041381,4.999987753973618,-4.99986373857514
99.0,136.0,129.88938903808594,4.999849586308604,-4.999993938464391,4.999999980595572,4.998779135163948,4.999506846058921,-4.99997340346239,4.999953635160487,-4.999998865535441,4.999958686098606,-4.99991075308418
99.0,136.0,129.8900146484375,4.998792367819273,-4.999305571988495,4.999963034611369,4.999993210610957,4.999849708974312,-4.999612139586668,4.99995082867521,-4.99977115547904,4.9999365764016845,-4.99997720844614
99.0,136.0,129.89202880859375,4.9996627046696105,-4.99914730427408,4.999600838792404,4.998680634022444,4.999922506632244,-4.999951651917495,4.999362453314718,-4.99999925099591,4.999997150236971,-4.999999315518515
99.0,136.0,129.88999938964844,4.999041492751307,-4.999831097962938,4.999946396513353,4.999333002494853,4.999494047899747,-4.999640470989131,4.999914151032927,-4.999999958918273,4.999984371061668,-4.999962001225649
99.0,136.0,129.89031982421875,4.999369132256496,-4.99979187530314,4.999999525919338,4.999379339195972,4.999930934569547,-4.99955071238955,4.999822016615127,-4.999986909140645,4.999888290805195,-4.999918231329216
99.0,136.0,129.888427734375,4.999173157253587,-4.999740170253986,4.999992973736265,4.999580156719691,4.999921667792917,-4.9996727929055504,4.999894296403259,-4.999998654506663,4.999996865448496,-4.999927014462733
99.0,136.0,129.8905029296875,4.999516484758838,-4.998866396626674,4.99978439815465,4.99999810956426,4.9993745184178255,-4.999886783388467,4.999956664966784,-4.999808424607938,4.99988600234675,-4.999988278153008
99.0,136.0,129.8899688720703,4.999082092556763,-4.999380738713755,4.999780652964301,4.999883334022146,4.999833366197642,-4.999905261820485,4.9999403890484535,-4.9997272723348765,4.999875467105783,-4.999974215815392
99.0,136.0,129.8902587890625,4.9986082162557866,-4.999165688954353,4.999893233489248,4.999839403450826,4.999493251697534,-4.999904465275918,4.999984385945027,-4.9999038243896,4.999881885250018,-4.999975255000503
99.0,136.0,129.89122009277344,4.999997870386161,-4.998904736641453,4.999925873677887,4.999998662730497,4.999610177426967,-4.999905912678649,4.999774513871486,-4.999670070365267,4.999951001282502,-4.999885253770404
99.0,136.0,129.88807678222656,4.998838232207211,-4.999152887444168,4.999783406258349,4.999986466047503,4.999900079985091,-4.99979191381113,4.9999827617204975,-4.999999992750259,4.999931545927122,-4.999990534131358
99.0,136.0,129.88804626464844,4.99928680013309,-4.999817318099629,4.999998100382656,4.999520993216519,4.999970019217498,-4.999859440875437,4.99985852753036,-4.999951009150275,4.999947661022873,-4.999958803285168
99.0,136.0,129.8899383544922,4.999539364799132,-4.999332499392615,4.99894672920863,4.999581874851637,4.999705441418061,-4.9997558199412815,4.9999543118766185,-4.999999913325101,4.999960028017268,-4.999995578835335
99.0,136.0,129.88998413085938,4.999782307782623,-4.999743475022664,4.999996815165018,4.999820108866475,4.999464035550343,-4.999995517122326,4.999953299735895,-4.999870021460179,4.999783888197955,-4.999883543489735
99.0,136.0,129.8911895751953,4.999186324968849,-4.999098318509075,4.999895478262751,4.999273791131092,4.999861775233429,-4.999533281889292,4.999922862540449,-4.9999998030076105,4.999914001878567,-4.9999310404124575
99.0,136.0,129.89028930664062,4.999889473846531,-4.999280161140391,4.999814799580941,4.999295314562247,4.999927045123711,-4.999653601364941,4.999913219268735,-4.999913399421347,4.999914171693572,-4.999931547467141
99.0,136.0,129.88888549804688,4.998522245994482,-4.999967511826474,4.999915087291528,4.999944228959149,4.99949726214628,-4.999850623070534,4.999970908284196,-4.999982373857516,4.999862892972118,-4.999982497618147
99.0,136.0,129.8889617919922,4.998632791917324,-4.99987294636995,4.999658907830032,4.999505667289002,4.999751997475636,-4.999999947393728,4.999909802424911,-4.999999062352819,4.99999997049263,-4.9999017817801725
99.0,136.0,129.88941955566406,4.999317956840883,-4.99941099373233,4.999947026525442,4.999834834811811,4.999822662749799,-4.999807762912662,4.999934124207451,-4.999919151554909,4.999911899290972,-4.999883313921695
99.0,136.0,129.89077758789062,4.999279044152392,-4.999253413091131,4.999610114248517,4.998921558971796,4.99999072376164,-4.99993412674216,4.999922695054544,-4.9998778565540425,4.999999987109948,-4.999893314795099
99.0,136.0,129.8912811279297,4.999816758899215,-4.9995196122418015,4.999736789821847,4.998587577929637,4.999191007955657,-4.999910746182003,4.999907447584446,-4.999973325673707,4.999998548164595,-4.99998726932079
99.0,136.0,129.88880920410156,4.99890716577237,-4.999967975236273,4.999604459589987,4.999267042248706,4.999701702408354,-4.999999997507071,4.999934034079692,-4.99994041988384,4.999981682836695,-4.999989531651233
99.0,136.0,129.88986206054688,4.999565148832417,-4.999459788430421,4.999729617735622,4.999037421058127,4.999904367298328,-4.999808325162011,4.999966833426065,-4.999998838313296,4.999900607840688,-4.99993745827785
99.0,136.0,129.89056396484375,4.999851473293752,-4.999031928272601,4.999292409931469,4.999510240244298,4.999437054650584,-4.999995550561792,4.999976214484709,-4.999931402534306,4.999956413563979,-4.999921051037338
99.0,136.0,129.89154052734375,4.998993028923205,-4.999586666252915,4.999999774795064,4.999014631067115,4.998985794365053,-4.999981104240016,4.999903836226859,-4.999999904796305,4.999907691031782,-4.999987280381262
99.0,136.0,129.89077758789062,4.998034254636599,-4.999533356577957,4.999554549334285,4.999714291032856,4.999768459465367,-4.999889801761501,4.999989696418938,-4.999884394761272,4.999975169601536,-4.999882056356553
99.0,136.0,129.89035034179688,4.999981860731655,-4.999289638253555,4.999635690122489,4.999172676514212,4.999951037293462,-4.999927294985232,4.999933989499866,-4.99972616743802,4.99987954156165,-4.999995266895443
99.0,136.0,129.89028930664062,4.998817093257934,-4.998727812298959,4.999517436122349,4.999980679832476,4.99952598457728,-4.999972218901274,4.999979045524359,-4.999946917913097,4.999969660621627,-4.999915341061247
99.0,136.0,129.89015197753906,4.998711124554731,-4.999509550744865,4.999650476678375,4.999474000427218,4.999989803247743,-4.999986670542097,4.999674383728205,-4.999999770048329,4.999999984588973,-4.999877988189569
99.0,136.0,129.8896026611328,4.999961469261525,-4.999353848368632,4.999856083656862,4.999990916108072,4.999764368617024,-4.99987316484839,4.999570151038706,-4.999792948236452,4.999964487172624,-4.9999844673170895
99.0,136.0,129.8910369873047,4.999557135520802,-4.99958781917357,4.999721135210934,4.998893191161785,4.999192615078924,-4.999930108859644,4.999935826210081,-4.999964533143329,4.99993780911982,-4.999997517517039
99.0,136.0,129.89071655273438,4.999651774526091,-4.998564728051211,4.999692214643097,4.9999309288521445,4.999712752897446,-4.999883499115969,4.999801858290716,-4.999830844045812,4.999999994911353,-4.999899460376321
99.0,136.0,129.88919067382812,4.9982598210714135,-4.999429273565447,4.999995248942983,4.999934654291931,4.999792282170657,-4.999858684598442,4.999974574569888,-4.999959436668229,4.999880701264425,-4.999950876460706
99.0,137.0,129.89010620117188,4.999860078942312,-4.999909898181032,4.999682703728188,4.998496397947587,4.999424530109707,-4.999944732893002,4.9999841932598486,-4.99999944102906,4.999999706245027,-4.999950131332326
99.0,137.0,129.8895263671875,4.999934026659988,-4.999792502175463,4.999749572223742,4.999197341785324,4.999770664817858,-4.999846471253495,4.999934331204646,-4.999947487833995,4.999945799098249,-4.9998890191901655
99.0,137.0,129.88970947265625,4.999852110314896,-4.999598653884665,4.999950401569106,4.9988426716473375,4.99942325381271,-4.999933629086092,4.999961488625765,-4.999962061261273,4.999949684864572,-4.9999866655374445
99.0,137.0,129.89071655273438,4.997894480929437,-4.999168205654144,4.999945383048388,4.999579167456282,4.9997668978445,-4.999976297761754,4.99996608899143,-4.999959451891186,4.999863807345172,-4.999934744171961
99.0,137.0,129.89024353027344,4.9997526998245485,-4.999346236186647,4.999787498302878,4.999084748932258,4.999783667580703,-4.999999994803979,4.999971865543097,-4.999752359101383,4.999926254412377,-4.999965723804267
99.0,137.0,129.8895263671875,4.999732846473061,-4.999328998871851,4.999729503979498,4.999167070274096,4.999809313031603,-4.999999993941684,4.999982565478131,-4.9998927016268615,4.999925278536811,-4.999938238950418
99.0,137.0,129.8892364501953,4.999651360861939,-4.99931175354239,4.999631524434738,4.999454881761216,4.999997840546495,-4.999931523050244,4.999934380329525,-4.999891258627304,4.999961556739688,-4.9999005717698966
99.0,137.0,129.88853454589844,4.998405933963106,-4.9999740822594765,4.999449123131186,4.999665818595628,4.999984694940793,-4.999836375732452,4.999937445926535,-4.999975992046337,4.99999889830151,-4.999950616711455
99.0,137.0,129.8883056640625,4.998685778572844,-4.999868415857943,4.999656970633456,4.999431568525073,4.999976325410576,-4.999999976250519,4.999981580463971,-4.999923015606436,4.999963104845667,-4.999956228955298
99.0,137.0,129.88717651367188,4.999926727978919,-4.999921800927762,4.9994778050506525,4.999823416763191,4.9995287993856525,-4.999967261282068,4.999999721223314,-4.999960219547692,4.999999703553248,-4.999961747949714
99.0,137.0,129.88710021972656,4.999818467773814,-4.999957340537522,4.9999886916877125,4.999966324461326,4.999487542649337,-4.999985104596919,4.999999902580372,-4.999964869188286,4.999899222327648,-4.99994006626088
99.0,137.0,129.8891143798828,4.999646726513507,-4.999355297210662,4.999791372696028,4.999803855885364,4.999879937389869,-4.999963047868564,4.999786151360161,-4.999904452594149,4.999999985706302,-4.999856829454014
99.0,137.0,129.8870391845703,4.999917005252801,-4.999620454331681,4.99999521005194,4.999984764802389,4.999912543885741,-4.999600675676597,4.999939833697364,-4.999999772561697,4.9999477897170745,-4.999963304989946
99.0,137.0,129.8862762451172,4.99932225879661,-4.999628421199152,4.999997507133485,4.999985648289006,4.999861879726166,-4.999965650838524,4.999948253285036,-4.999999812725987,4.999976307137092,-4.999954275765295
99.0,137.0,129.89013671875,4.998815158599643,-4.999940132859269,4.999817618472584,4.999589470795411,4.999777064599414,-4.999995661035401,4.999723075739079,-4.99981489930232,4.999960778053768,-4.999935247727627
99.0,137.0,129.8908233642578,4.997813002436858,-4.99923668370437,4.9999797182408106,4.999889849578047,4.999682346222247,-4.999948888401715,4.999957556503787,-4.999907295638826,4.999819453565968,-4.999953741947637
99.0,137.0,129.88864135742188,4.999276191055996,-4.999734487609676,4.999646328206476,4.999980404977003,4.999862289054411,-4.999912500749774,4.999995895595698,-4.999667995589455,4.999987753973618,-4.9999562770529575
99.0,137.0,129.88938903808594,4.999849586308604,-4.999993938464391,4.999999980595572,4.998779135163948,4.999506846058921,-4.99997340346239,4.999953635160487,-4.999998865535441,4.999958686098606,-4.99991075308418
99.0,137.0,129.88833618164062,4.999295810944478,-4.999733280322332,4.999996504088731,4.999674152080525,4.999927635083066,-4.999612139586668,4.99995082867521,-4.999974179622663,4.999978510429099,-4.999925415492492
99.0,137.0,129.88926696777344,4.998343020631843,-4.9999121867441545,4.999761645546725,4.999753371182719,4.999820997581743,-4.999836346444514,4.999871017854992,-4.999999338914641,4.99999999625619,-4.999882427109405
99.0,137.0,129.88999938964844,4.999041492751307,-4.999831097962938,4.999946396513353,4.999333002494853,4.999494047899747,-4.999640470989131,4.999914151032927,-4.999999958918273,4.999984371061668,-4.999962001225649
99.0,137.0,129.89031982421875,4.999369132256496,-4.99979187530314,4.999999525919338,4.999379339195972,4.999930934569547,-4.99955071238955,4.999822016615127,-4.999986909140645,4.999888290805195,-4.999918231329216
99.0,137.0,129.888427734375,4.999173157253587,-4.999740170253986,4.999992973736265,4.999580156719691,4.999921667792917,-4.9996727929055504,4.999894296403259,-4.999998654506663,4.999996865448496,-4.999927014462733
99.0,137.0,129.89013671875,4.999859502400264,-4.999979713991368,4.999809368544975,4.999095239933316,4.999648012358846,-4.99999649205388,4.999731391222039,-4.999808424607938,4.999996971870139,-4.999940295817316
99.0,137.0,129.8899688720703,4.999082092556763,-4.999380738713755,4.999780652964301,4.999883334022146,4.999833366197642,-4.999905261820485,4.9999403890484535,-4.9997272723348765,4.999875467105783,-4.999974215815392
99.0,137.0,129.8902587890625,4.9986082162557866,-4.999165688954353,4.999893233489248,4.999839403450826,4.999493251697534,-4.999904465275918,4.999984385945027,-4.9999038243896,4.999881885250018,-4.999975255000503
99.0,137.0,129.88824462890625,4.999997870386161,-4.998904736641453,4.999914256415305,4.999419141290495,4.9999007063320455,-4.999986275797592,4.999880142465428,-4.999986848217308,4.999953780406489,-4.99995866591802
99.0,137.0,129.88746643066406,4.99949104950494,-4.999935365915606,4.999445722761914,4.999827267529729,4.999920654551479,-4.999973050000792,4.9999827617204975,-4.999939460779245,4.999931545927122,-4.999941103668844
99.0,137.0,129.88804626464844,4.99928680013309,-4.999817318099629,4.999998100382656,4.999520993216519,4.999970019217498,-4.999859440875437,4.99985852753036,-4.999951009150275,4.999947661022873,-4.999958803285168
99.0,137.0,129.8899383544922,4.999539364799132,-4.999332499392615,4.99894672920863,4.999581874851637,4.999705441418061,-4.9997558199412815,4.9999543118766185,-4.999999913325101,4.999960028017268,-4.999995578835335
99.0,137.0,129.88998413085938,4.999782307782623,-4.999743475022664,4.999996815165018,4.999820108866475,4.999464035550343,-4.999995517122326,4.999953299735895,-4.999870021460179,4.999783888197955,-4.999883543489735
99.0,137.0,129.88966369628906,4.999040962561836,-4.999600805360696,4.999401524981247,4.999710995561751,4.999996888861565,-4.9999976367391525,4.999697915723292,-4.999884145647522,4.999997111047703,-4.999926579519653
99.0,137.0,129.89028930664062,4.999889473846531,-4.999280161140391,4.999814799580941,4.999295314562247,4.999927045123711,-4.999653601364941,4.999913219268735,-4.999913399421347,4.999914171693572,-4.999931547467141
99.0,137.0,129.88888549804688,4.998522245994482,-4.999967511826474,4.999915087291528,4.999944228959149,4.99949726214628,-4.999850623070534,4.999970908284196,-4.999982373857516,4.999862892972118,-4.999982497618147
99.0,137.0,129.8889617919922,4.998632791917324,-4.99987294636995,4.999658907830032,4.999505667289002,4.999751997475636,-4.999999947393728,4.999909802424911,-4.999999062352819,4.99999997049263,-4.9999017817801725
99.0,137.0,129.88941955566406,4.999317956840883,-4.99941099373233,4.999947026525442,4.999834834811811,4.999822662749799,-4.999807762912662,4.999934124207451,-4.999919151554909,4.999911899290972,-4.999883313921695
99.0,137.0,129.89077758789062,4.999279044152392,-4.999253413091131,4.999610114248517,4.998921558971796,4.99999072376164,-4.99993412674216,4.999922695054544,-4.9998778565540425,4.999999987109948,-4.999893314795099
99.0,137.0,129.8912811279297,4.999816758899215,-4.9995196122418015,4.999736789821847,4.998587577929637,4.999191007955657,-4.999910746182003,4.999907447584446,-4.999973325673707,4.999998548164595,-4.99998726932079
99.0,137.0,129.88880920410156,4.99890716577237,-4.999967975236273,4.999604459589987,4.999267042248706,4.999701702408354,-4.999999997507071,4.999934034079692,-4.99994041988384,4.999981682836695,-4.999989531651233
99.0,137.0,129.88986206054688,4.999565148832417,-4.999459788430421,4.999729617735622,4.999037421058127,4.999904367298328,-4.999808325162011,4.999966833426065,-4.999998838313296,4.999900607840688,-4.99993745827785
99.0,137.0,129.88958740234375,4.999556030980818,-4.999179284313066,4.999701067971894,4.999510240244298,4.999991371462028,-4.999711652419235,4.999972165492568,-4.999963861473205,4.999963743485662,-4.999884806595894
99.0,137.0,129.89114379882812,4.9997907774983785,-4.999398435635874,4.999707572408271,4.998519192227842,4.999488133910611,-4.999999999469827,4.999966094746128,-4.9999091041687445,4.999986819066217,-4.999944765703116
99.0,137.0,129.88943481445312,4.9988351732535286,-4.998834745056389,4.999513374383696,4.999993015196281,4.999537738126778,-4.999967012638571,4.999999649269487,-4.999994341777151,4.999970091759292,-4.99994360244682
99.0,137.0,129.89035034179688,4.999981860731655,-4.999289638253555,4.999635690122489,4.999172676514212,4.999951037293462,-4.999927294985232,4.999933989499866,-4.99972616743802,4.99987954156165,-4.999995266895443
99.0,137.0,129.8898162841797,4.999030005980682,-4.999935120711887,4.999999029971187,4.9993735174375935,4.999967606950721,-4.999503277600882,4.999835064991984,-4.9999944326286005,4.999969660621627,-4.999919359318391
99.0,137.0,129.88790893554688,4.999762262910334,-4.999980271989355,4.999650476678375,4.999791797461072,4.999483886909644,-4.999921265009576,4.999999987750149,-4.999974428033493,4.999879238880606,-4.999988125490387
99.0,137.0,129.8896026611328,4.999961469261525,-4.999353848368632,4.999856083656862,4.999990916108072,4.999764368617024,-4.99987316484839,4.999570151038706,-4.999792948236452,4.999964487172624,-4.9999844673170895
99.0,137.0,129.89097595214844,4.998588375147362,-4.999325228346352,4.999630399603193,4.999654625839852,4.999959710541812,-4.99967904561176,4.999935826210081,-4.999964533143329,4.999996906110244,-4.999815630147073
99.0,137.0,129.89053344726562,4.999521966721639,-4.999574538639298,4.999965763647919,4.999519146174999,4.999445853889393,-4.999622006798154,4.999816436481022,-4.9999906774121285,4.999996039694265,-4.999912301475007
99.0,137.0,129.88919067382812,4.9982598210714135,-4.999429273565447,4.999995248942983,4.999934654291931,4.999792282170657,-4.999858684598442,4.999974574569888,-4.999959436668229,4.999880701264425,-4.999950876460706
99.0,138.0,129.88856506347656,4.998943312782334,-4.999909898181032,4.999682703728188,4.9993311908663465,4.999973566710807,-4.99985698409056,4.999999983504276,-4.999962873519277,4.999946421064647,-4.999950131332326
99.0,138.0,129.8895263671875,4.999934026659988,-4.999792502175463,4.999749572223742,4.999197341785324,4.999770664817858,-4.999846471253495,4.999934331204646,-4.999947487833995,4.999945799098249,-4.9998890191901655
99.0,138.0,129.88790893554688,4.99929451266032,-4.999444949530638,4.999491469311697,4.999909084308548,4.999997736540376,-4.999982631640714,4.999810504496271,-4.999976602359356,4.999997306237238,-4.999936093538487
99.0,138.0,129.8903350830078,4.999483667139099,-4.999072003078888,4.999758984644575,4.99999356147517,4.999789170725107,-4.999856671432762,4.999586928300386,-4.999835567040655,4.999956123519162,-4.999983885688941
99.0,138.0,129.88975524902344,4.998066076499311,-4.999941513145694,4.99991010479131,4.999547639160998,4.999783667580703,-4.999999974538462,4.999901369449869,-4.999987101713437,4.999926254412377,-4.9998793007182325
99.0,138.0,129.8887939453125,4.99964623247311,-4.999336094202162,4.999995378442835,4.9999965494565375,4.999809313031603,-4.999506311105988,4.999960511773878,-4.999999983285075,4.999905253427491,-4.999934814042136
99.0,138.0,129.8892364501953,4.999651360861939,-4.99931175354239,4.999631524434738,4.999454881761216,4.999997840546495,-4.999931523050244,4.999934380329525,-4.999891258627304,4.999961556739688,-4.9999005717698966
99.0,138.0,129.88853454589844,4.998405933963106,-4.9999740822594765,4.999449123131186,4.999665818595628,4.999984694940793,-4.999836375732452,4.999937445926535,-4.999975992046337,4.99999889830151,-4.999950616711455
99.0,138.0,129.88829040527344,4.999144102395977,-4.999856854569502,4.999603214484512,4.999789538337944,4.999824248202824,-4.999977498926692,4.999997893111172,-4.999936920153174,4.999864996544586,-4.999956228955298
99.0,138.0,129.88717651367188,4.999926727978919,-4.999921800927762,4.9994778050506525,4.999823416763191,4.9995287993856525,-4.999967261282068,4.999999721223314,-4.999960219547692,4.999999703553248,-4.999961747949714
99.0,138.0,129.88710021972656,4.999818467773814,-4.999957340537522,4.9999886916877125,4.999966324461326,4.999487542649337,-4.999985104596919,4.999999902580372,-4.999964869188286,4.999899222327648,-4.99994006626088
99.0,138.0,129.8891143798828,4.999646726513507,-4.999355297210662,4.999791372696028,4.999803855885364,4.999879937389869,-4.999963047868564,4.999786151360161,-4.999904452594149,4.999999985706302,-4.999856829454014
99.0,138.0,129.8870391845703,4.999917005252801,-4.999620454331681,4.99999521005194,4.999984764802389,4.999912543885741,-4.999600675676597,4.999939833697364,-4.999999772561697,4.9999477897170745,-4.999963304989946
99.0,138.0,129.8862762451172,4.99932225879661,-4.999628421199152,4.999997507133485,4.999985648289006,4.999861879726166,-4.999965650838524,4.999948253285036,-4.999999812725987,4.999976307137092,-4.999954275765295
99.0,138.0,129.89013671875,4.998815158599643,-4.999940132859269,4.999817618472584,4.999589470795411,4.999777064599414,-4.999995661035401,4.999723075739079,-4.99981489930232,4.999960778053768,-4.999935247727627
99.0,138.0,129.88893127441406,4.998567188499569,-4.999923285369923,4.999998672034825,4.999497649642057,4.999836465982126,-4.999848169986509,4.999939078321172,-4.999979620218348,4.999896863922619,-4.999957818435696
99.0,138.0,129.88787841796875,4.999512291531383,-4.999969918018432,4.99965218868922,4.999330502753956,4.999698847884256,-4.999999998158336,4.999941792397364,-4.999970942283183,4.9999903513755095,-4.999971937281421
99.0,138.0,129.88938903808594,4.999849586308604,-4.999993938464391,4.999999980595572,4.998779135163948,4.999506846058921,-4.99997340346239,4.999953635160487,-4.999998865535441,4.999958686098606,-4.99991075308418
99.0,138.0,129.88833618164062,4.999295810944478,-4.999733280322332,4.999996504088731,4.999674152080525,4.999927635083066,-4.999612139586668,4.99995082867521,-4.999974179622663,4.999978510429099,-4.999925415492492
99.0,138.0,129.88816833496094,4.9995220259251685,-4.99999666797206,4.999640793111093,4.999698725621,4.999507983914821,-4.999930497105064,4.999999990897245,-4.9999790687865655,4.999873404564307,-4.999998738721639
99.0,138.0,129.88999938964844,4.999041492751307,-4.999831097962938,4.999946396513353,4.999333002494853,4.999494047899747,-4.999640470989131,4.999914151032927,-4.999999958918273,4.999984371061668,-4.999962001225649
99.0,138.0,129.8899383544922,4.999921259334383,-4.999755741948436,4.999998351957237,4.999635680685711,4.999607872047968,-4.9999507933591865,4.999822016615127,-4.999891878215903,4.999847991926408,-4.9998860741585
99.0,138.0,129.888427734375,4.999173157253587,-4.999740170253986,4.999992973736265,4.999580156719691,4.999921667792917,-4.9996727929055504,4.999894296403259,-4.999998654506663,4.999996865448496,-4.999927014462733
99.0,138.0,129.89013671875,4.999859502400264,-4.999979713991368,4.999809368544975,4.999095239933316,4.999648012358846,-4.99999649205388,4.999731391222039,-4.999808424607938,4.999996971870139,-4.999940295817316
99.0,138.0,129.8887939453125,4.999931960157681,-4.999961834244015,4.999996665368995,4.999886176406061,4.999288415897303,-4.999988886161261,4.999978604650471,-4.999986158194366,4.999797289439817,-4.999903699479269
99.0,138.0,129.88925170898438,4.998980708384623,-4.999831712206305,4.999997949254089,4.9994422662875895,4.999956372748944,-4.999741522186088,4.999984385945027,-4.999949797916952,4.999881885250018,-4.999923164640103
99.0,138.0,129.88824462890625,4.999997870386161,-4.998904736641453,4.999914256415305,4.999419141290495,4.9999007063320455,-4.999986275797592,4.999880142465428,-4.999986848217308,4.999953780406489,-4.99995866591802
99.0,138.0,129.88746643066406,4.99949104950494,-4.999935365915606,4.999445722761914,4.999827267529729,4.999920654551479,-4.999973050000792,4.9999827617204975,-4.999939460779245,4.999931545927122,-4.999941103668844
99.0,138.0,129.88804626464844,4.99928680013309,-4.999817318099629,4.999998100382656,4.999520993216519,4.999970019217498,-4.999859440875437,4.99985852753036,-4.999951009150275,4.999947661022873,-4.999958803285168
99.0,138.0,129.8899383544922,4.999539364799132,-4.999332499392615,4.99894672920863,4.999581874851637,4.999705441418061,-4.9997558199412815,4.9999543118766185,-4.999999913325101,4.999960028017268,-4.999995578835335
99.0,138.0,129.88792419433594,4.999559990185232,-4.999709898144015,4.999823695281345,4.999998511074874,4.999464035550343,-4.999996562905594,4.999984302261785,-4.999870021460179,4.999942096065959,-4.999968936867905
99.0,138.0,129.88966369628906,4.999040962561836,-4.999600805360696,4.999401524981247,4.999710995561751,4.999996888861565,-4.9999976367391525,4.999697915723292,-4.999884145647522,4.999997111047703,-4.999926579519653
99.0,138.0,129.89028930664062,4.999889473846531,-4.999280161140391,4.999814799580941,4.999295314562247,4.999927045123711,-4.999653601364941,4.999913219268735,-4.999913399421347,4.999914171693572,-4.999931547467141
99.0,138.0,129.88888549804688,4.998522245994482,-4.999967511826474,4.999915087291528,4.999944228959149,4.99949726214628,-4.999850623070534,4.999970908284196,-4.999982373857516,4.999862892972118,-4.999982497618147
99.0,138.0,129.8889617919922,4.998632791917324,-4.99987294636995,4.999658907830032,4.999505667289002,4.999751997475636,-4.999999947393728,4.999909802424911,-4.999999062352819,4.99999997049263,-4.9999017817801725
99.0,138.0,129.88941955566406,4.999317956840883,-4.99941099373233,4.999947026525442,4.999834834811811,4.999822662749799,-4.999807762912662,4.999934124207451,-4.999919151554909,4.999911899290972,-4.999883313921695
99.0,138.0,129.8903045654297,4.99890282415493,-4.999351452439363,4.999503524047472,4.999960626136598,4.999922345020677,-4.999905085089687,4.9999549523284585,-4.999697569956778,4.9998618970200415,-4.999989391107724
99.0,138.0,129.88885498046875,4.9991385065316205,-4.999484438981408,4.999996556974368,4.999591553859819,4.999953469693368,-4.999700426193963,4.999907447584446,-4.999953486076505,4.999990421859092,-4.999924331648128
99.0,138.0,129.88853454589844,4.999272541715461,-4.999799136985826,4.999510444619931,4.999981862969023,4.999741356338308,-4.999972895764061,4.999998017214401,-4.999674361446303,4.999981682836695,-4.999992641432732
99.0,138.0,129.8883056640625,4.998628976565357,-4.999781643923351,4.999852011333805,4.999897904208291,4.999784831986225,-4.9998705094144285,4.999946431286628,-4.999979241899045,4.999948782838155,-4.999934395264812
99.0,138.0,129.88958740234375,4.999556030980818,-4.999179284313066,4.999701067971894,4.999510240244298,4.999991371462028,-4.999711652419235,4.999972165492568,-4.999963861473205,4.999963743485662,-4.999884806595894
99.0,138.0,129.89114379882812,4.9997907774983785,-4.999398435635874,4.999707572408271,4.998519192227842,4.999488133910611,-4.999999999469827,4.999966094746128,-4.9999091041687445,4.999986819066217,-4.999944765703116
99.0,138.0,129.88943481445312,4.9988351732535286,-4.998834745056389,4.999513374383696,4.999993015196281,4.999537738126778,-4.999967012638571,4.999999649269487,-4.999994341777151,4.999970091759292,-4.99994360244682
99.0,138.0,129.89035034179688,4.999981860731655,-4.999289638253555,4.999635690122489,4.999172676514212,4.999951037293462,-4.999927294985232,4.999933989499866,-4.99972616743802,4.99987954156165,-4.999995266895443
99.0,138.0,129.88836669921875,4.999910406993965,-4.999198354902712,4.999999029971187,4.999110995403775,4.9998348744374015,-4.999993957119277,4.999876964981047,-4.999999331190828,4.999969660621627,-4.99996632383594
99.0,138.0,129.88790893554688,4.999762262910334,-4.999980271989355,4.999650476678375,4.999791797461072,4.999483886909644,-4.999921265009576,4.999999987750149,-4.999974428033493,4.999879238880606,-4.999988125490387
99.0,138.0,129.8896026611328,4.999961469261525,-4.999353848368632,4.999856083656862,4.999990916108072,4.999764368617024,-4.99987316484839,4.999570151038706,-4.999792948236452,4.999964487172624,-4.9999844673170895
99.0,138.0,129.88941955566406,4.999020079304938,-4.999926502054489,4.999970032809498,4.999414678108512,4.999980429676171,-4.999503277169735,4.999935826210081,-4.999997628864958,4.999969172683844,-4.999905616891467
99.0,138.0,129.8881378173828,4.9999475335631685,-4.999898079749517,4.99932481107089,4.999519146174999,4.999497293115837,-4.999947075430109,4.999991866563052,-4.999977505468079,4.999999908909299,-4.999966780485437
99.0,138.0,129.88919067382812,4.9982598210714135,-4.999429273565447,4.999995248942983,4.999934654291931,4.999792282170657,-4.999858684598442,4.999974574569888,-4.999959436668229,4.999880701264425,-4.999950876460706
99.0,139.0,129.88856506347656,4.998943312782334,-4.999909898181032,4.999682703728188,4.9993311908663465,4.999973566710807,-4.99985698409056,4.999999983504276,-4.999962873519277,4.999946421064647,-4.999950131332326
99.0,139.0,129.8895263671875,4.999934026659988,-4.999792502175463,4.999749572223742,4.999197341785324,4.999770664817858,-4.999846471253495,4.999934331204646,-4.999947487833995,4.999945799098249,-4.9998890191901655
99.0,139.0,129.88790893554688,4.99929451266032,-4.999444949530638,4.999491469311697,4.999909084308548,4.999997736540376,-4.999982631640714,4.999810504496271,-4.999976602359356,4.999997306237238,-4.999936093538487
99.0,139.0,129.88914489746094,4.99964623247311,-4.999072003078888,4.999995378442835,4.9999965494565375,4.999809313031603,-4.999506311105988,4.999960511773878,-4.999999983285075,4.999905253427491,-4.999934814042136
99.0,139.0,129.88975524902344,4.998066076499311,-4.999941513145694,4.99991010479131,4.999547639160998,4.999783667580703,-4.999999974538462,4.999901369449869,-4.999987101713437,4.999926254412377,-4.9998793007182325
99.0,139.0,129.8887939453125,4.99964623247311,-4.999336094202162,4.999995378442835,4.9999965494565375,4.999809313031603,-4.999506311105988,4.999960511773878,-4.999999983285075,4.999905253427491,-4.999934814042136
99.0,139.0,129.8892364501953,4.999651360861939,-4.99931175354239,4.999631524434738,4.999454881761216,4.999997840546495,-4.999931523050244,4.999934380329525,-4.999891258627304,4.999961556739688,-4.9999005717698966
99.0,139.0,129.88853454589844,4.998405933963106,-4.9999740822594765,4.999449123131186,4.999665818595628,4.999984694940793,-4.999836375732452,4.999937445926535,-4.999975992046337,4.99999889830151,-4.999950616711455
99.0,139.0,129.88829040527344,4.999144102395977,-4.999856854569502,4.999603214484512,4.999789538337944,4.999824248202824,-4.999977498926692,4.999997893111172,-4.999936920153174,4.999864996544586,-4.999956228955298
99.0,139.0,129.88717651367188,4.999926727978919,-4.999921800927762,4.9994778050506525,4.999823416763191,4.9995287993856525,-4.999967261282068,4.999999721223314,-4.999960219547692,4.999999703553248,-4.999961747949714
99.0,139.0,129.88710021972656,4.999818467773814,-4.999957340537522,4.9999886916877125,4.999966324461326,4.999487542649337,-4.999985104596919,4.999999902580372,-4.999964869188286,4.999899222327648,-4.99994006626088
99.0,139.0,129.8891143798828,4.999646726513507,-4.999355297210662,4.999791372696028,4.999803855885364,4.999879937389869,-4.999963047868564,4.999786151360161,-4.999904452594149,4.999999985706302,-4.999856829454014
99.0,139.0,129.8870391845703,4.999917005252801,-4.999620454331681,4.99999521005194,4.999984764802389,4.999912543885741,-4.999600675676597,4.999939833697364,-4.999999772561697,4.9999477897170745,-4.999963304989946
99.0,139.0,129.8862762451172,4.99932225879661,-4.999628421199152,4.999997507133485,4.999985648289006,4.999861879726166,-4.999965650838524,4.999948253285036,-4.999999812725987,4.999976307137092,-4.999954275765295
99.0,139.0,129.88949584960938,4.998815158599643,-4.999575963429752,4.999735397901567,4.999853538529024,4.999625742000401,-4.9998594898202136,4.999975933815541,-4.999939640079082,4.999892399472504,-4.999954612552916
99.0,139.0,129.8885498046875,4.999424928346117,-4.999992157373747,4.999721485041272,4.999556836015296,4.999586712209881,-4.9999144030231,4.999999993415453,-4.999976202633484,4.99987082580573,-4.999975293474426
99.0,139.0,129.88787841796875,4.999512291531383,-4.999969918018432,4.99965218868922,4.999330502753956,4.999698847884256,-4.999999998158336,4.999941792397364,-4.999970942283183,4.9999903513755095,-4.999971937281421
99.0,139.0,129.88938903808594,4.999849586308604,-4.999993938464391,4.999999980595572,4.998779135163948,4.999506846058921,-4.99997340346239,4.999953635160487,-4.999998865535441,4.999958686098606,-4.99991075308418
99.0,139.0,129.88833618164062,4.999295810944478,-4.999733280322332,4.999996504088731,4.999674152080525,4.999927635083066,-4.999612139586668,4.99995082867521,-4.999974179622663,4.999978510429099,-4.999925415492492
99.0,139.0,129.88816833496094,4.9995220259251685,-4.99999666797206,4.999640793111093,4.999698725621,4.999507983914821,-4.999930497105064,4.999999990897245,-4.9999790687865655,4.999873404564307,-4.999998738721639
99.0,139.0,129.88999938964844,4.999041492751307,-4.999831097962938,4.999946396513353,4.999333002494853,4.999494047899747,-4.999640470989131,4.999914151032927,-4.999999958918273,4.999984371061668,-4.999962001225649
99.0,139.0,129.88836669921875,4.998008580290156,-4.999755741948436,4.999680886551384,4.999828885563423,4.999837210761687,-4.9999507933591865,4.999962792911298,-4.99998814920494,4.999948239135759,-4.999981288893532
99.0,139.0,129.88807678222656,4.999173157253587,-4.999545568072863,4.999992973736265,4.999736065444649,4.999914465687233,-4.999778476802994,4.999894296403259,-4.99997956235575,4.999998314785557,-4.999927014462733
99.0,139.0,129.89013671875,4.999859502400264,-4.999979713991368,4.999809368544975,4.999095239933316,4.999648012358846,-4.99999649205388,4.999731391222039,-4.999808424607938,4.999996971870139,-4.999940295817316
99.0,139.0,129.8887939453125,4.999931960157681,-4.999961834244015,4.999996665368995,4.999886176406061,4.999288415897303,-4.999988886161261,4.999978604650471,-4.999986158194366,4.999797289439817,-4.999903699479269
99.0,139.0,129.88845825195312,4.998965589189062,-4.999987970224257,4.999650090049588,4.999282204477885,4.99989537655788,-4.999953419034837,4.999999991361552,-4.999979917725602,4.999962234766985,-4.999928867193837
99.0,139.0,129.88824462890625,4.999997870386161,-4.998904736641453,4.999914256415305,4.999419141290495,4.9999007063320455,-4.999986275797592,4.999880142465428,-4.999986848217308,4.999953780406489,-4.99995866591802
99.0,139.0,129.88746643066406,4.99949104950494,-4.999935365915606,4.999445722761914,4.999827267529729,4.999920654551479,-4.999973050000792,4.9999827617204975,-4.999939460779245,4.999931545927122,-4.999941103668844
99.0,139.0,129.88804626464844,4.99928680013309,-4.999817318099629,4.999998100382656,4.999520993216519,4.999970019217498,-4.999859440875437,4.99985852753036,-4.999951009150275,4.999947661022873,-4.999958803285168
99.0,139.0,129.8899383544922,4.999539364799132,-4.999332499392615,4.99894672920863,4.999581874851637,4.999705441418061,-4.9997558199412815,4.9999543118766185,-4.999999913325101,4.999960028017268,-4.999995578835335
99.0,139.0,129.88792419433594,4.999559990185232,-4.999709898144015,4.999823695281345,4.999998511074874,4.999464035550343,-4.999996562905594,4.999984302261785,-4.999870021460179,4.999942096065959,-4.999968936867905
99.0,139.0,129.88754272460938,4.999786159892686,-4.99998265188572,4.999533698206083,4.999578541085647,4.999672391804592,-4.999999998454814,4.999933181505475,-4.999959235913167,4.999982913806747,-4.9999674234496805
99.0,139.0,129.88705444335938,4.999687626174744,-4.999989477692017,4.999814799580941,4.999886054242429,4.999490713008863,-4.999837896209721,4.99997967926018,-4.999976825438455,4.999999837939678,-4.999974969296131
99.0,139.0,129.88888549804688,4.998522245994482,-4.999967511826474,4.999915087291528,4.999944228959149,4.99949726214628,-4.999850623070534,4.999970908284196,-4.999982373857516,4.999862892972118,-4.999982497618147
99.0,139.0,129.8889617919922,4.998632791917324,-4.99987294636995,4.999658907830032,4.999505667289002,4.999751997475636,-4.999999947393728,4.999909802424911,-4.999999062352819,4.99999997049263,-4.9999017817801725
99.0,139.0,129.88941955566406,4.999317956840883,-4.99941099373233,4.999947026525442,4.999834834811811,4.999822662749799,-4.999807762912662,4.999934124207451,-4.999919151554909,4.999911899290972,-4.999883313921695
99.0,139.0,129.8900146484375,4.999987253916609,-4.999092567220713,4.999644274666947,4.999973343782772,4.999954884689266,-4.99993916913348,4.999489949144744,-4.999790062487373,4.999984878768464,-4.99996126527726
99.0,139.0,129.88885498046875,4.9991385065316205,-4.999484438981408,4.999996556974368,4.999591553859819,4.999953469693368,-4.999700426193963,4.999907447584446,-4.999953486076505,4.999990421859092,-4.999924331648128
99.0,139.0,129.88853454589844,4.999272541715461,-4.999799136985826,4.999510444619931,4.999981862969023,4.999741356338308,-4.999972895764061,4.999998017214401,-4.999674361446303,4.999981682836695,-4.999992641432732
99.0,139.0,129.8883056640625,4.998628976565357,-4.999781643923351,4.999852011333805,4.999897904208291,4.999784831986225,-4.9998705094144285,4.999946431286628,-4.999979241899045,4.999948782838155,-4.999934395264812
99.0,139.0,129.8892822265625,4.998357314218141,-4.999179284313066,4.999369677197887,4.999971903214045,4.999902632216193,-4.9997987622103,4.999992270230688,-4.999995152185029,4.999940031806744,-4.999974531547991
99.0,139.0,129.89114379882812,4.9997907774983785,-4.999398435635874,4.999707572408271,4.998519192227842,4.999488133910611,-4.999999999469827,4.999966094746128,-4.9999091041687445,4.999986819066217,-4.999944765703116
99.0,139.0,129.88844299316406,4.999677664959314,-4.999115699697242,4.999689377055034,4.9995698128414645,4.9999979174613305,-4.999990860737007,4.999750040431207,-4.999994341777151,4.999997936025908,-4.999941140978808
99.0,139.0,129.88963317871094,4.9996505285773125,-4.999998223066947,4.999826559954588,4.998888888839038,4.999438832782348,-4.99997642398192,4.999986048868646,-4.999984671081619,4.999969031475548,-4.99991355980692
99.0,139.0,129.88836669921875,4.999910406993965,-4.999198354902712,4.999999029971187,4.999110995403775,4.9998348744374015,-4.999993957119277,4.999876964981047,-4.999999331190828,4.999969660621627,-4.99996632383594
99.0,139.0,129.88790893554688,4.999762262910334,-4.999980271989355,4.999650476678375,4.999791797461072,4.999483886909644,-4.999921265009576,4.999999987750149,-4.999974428033493,4.999879238880606,-4.999988125490387
99.0,139.0,129.8896026611328,4.999961469261525,-4.999353848368632,4.999856083656862,4.999990916108072,4.999764368617024,-4.99987316484839,4.999570151038706,-4.999792948236452,4.999964487172624,-4.9999844673170895
99.0,139.0,129.88858032226562,4.998954599254365,-4.999081142995447,4.999970032809498,4.999994332328206,4.999773980435536,-4.999882132275652,4.999935826210081,-4.999855709597315,4.999969172683844,-4.999986955937364
99.0,139.0,129.88735961914062,4.999322907938689,-4.999772586594999,4.999999827080002,4.999519146174999,4.999826828997511,-4.999947075430109,4.999954061216145,-4.999998601357641,4.999966909233022,-4.999948936742298
99.0,139.0,129.88919067382812,4.9982598210714135,-4.999429273565447,4.999995248942983,4.999934654291931,4.999792282170657,-4.999858684598442,4.999974574569888,-4.999959436668229,4.999880701264425,-4.999950876460706
99.0,140.0,129.88856506347656,4.998943312782334,-4.999909898181032,4.999682703728188,4.9993311908663465,4.999973566710807,-4.99985698409056,4.999999983504276,-4.999962873519277,4.999946421064647,-4.999950131332326
99.0,140.0,129.88880920410156,4.999822783769318,-4.999713898326675,4.999737454658229,4.999502138941628,4.99974941251164,-4.999892972944164,4.999981601377081,-4.999944591482182,4.999895328965158,-4.9999257016262
99.0,140.0,129.88790893554688,4.99929451266032,-4.999444949530638,4.999491469311697,4.999909084308548,4.999997736540376,-4.999982631640714,4.999810504496271,-4.999976602359356,4.999997306237238,-4.999936093538487
99.0,140.0,129.88914489746094,4.99964623247311,-4.999072003078888,4.999995378442835,4.9999965494565375,4.999809313031603,-4.999506311105988,4.999960511773878,-4.999999983285075,4.999905253427491,-4.999934814042136
99.0,140.0,129.88848876953125,4.999584487951603,-4.999989123536236,4.999832966505371,4.999901432620726,4.999448784177929,-4.999761573277787,4.999901369449869,-4.999984728614252,4.999887715725311,-4.999994105029554
99.0,140.0,129.8869171142578,4.999313864847277,-4.999516312388893,4.999995624103782,4.999829137284722,4.999962391690713,-4.999931779023482,4.999960511773878,-4.999978883575434,4.999989583871234,-4.999920482221057
99.0,140.0,129.8892364501953,4.999651360861939,-4.99931175354239,4.999631524434738,4.999454881761216,4.999997840546495,-4.999931523050244,4.999934380329525,-4.999891258627304,4.999961556739688,-4.9999005717698966
99.0,140.0,129.88787841796875,4.998921754823337,-4.999938240114685,4.99999620760277,4.999973656807001,4.999555370260266,-4.99998684583921,4.999999984291809,-4.999979446768119,4.999863863598767,-4.999950616711455
99.0,140.0,129.8874053955078,4.999043080325711,-4.9997656426126085,4.9998993436208,4.99971095323387,4.999871488188967,-4.999888553778916,4.999922788498637,-4.999996638518008,4.999985241000284,-4.999959811501107
99.0,140.0,129.88717651367188,4.999926727978919,-4.999921800927762,4.9994778050506525,4.999823416763191,4.9995287993856525,-4.999967261282068,4.999999721223314,-4.999960219547692,4.999999703553248,-4.999961747949714
99.0,140.0,129.88710021972656,4.999818467773814,-4.999957340537522,4.9999886916877125,4.999966324461326,4.999487542649337,-4.999985104596919,4.999999902580372,-4.999964869188286,4.999899222327648,-4.99994006626088
99.0,140.0,129.8891143798828,4.999646726513507,-4.999355297210662,4.999791372696028,4.999803855885364,4.999879937389869,-4.999963047868564,4.999786151360161,-4.999904452594149,4.999999985706302,-4.999856829454014
99.0,140.0,129.8870391845703,4.999917005252801,-4.999620454331681,4.99999521005194,4.999984764802389,4.999912543885741,-4.999600675676597,4.999939833697364,-4.999999772561697,4.9999477897170745,-4.999963304989946
99.0,140.0,129.8862762451172,4.99932225879661,-4.999628421199152,4.999997507133485,4.999985648289006,4.999861879726166,-4.999965650838524,4.999948253285036,-4.999999812725987,4.999976307137092,-4.999954275765295
99.0,140.0,129.88949584960938,4.998815158599643,-4.999575963429752,4.999735397901567,4.999853538529024,4.999625742000401,-4.9998594898202136,4.999975933815541,-4.999939640079082,4.999892399472504,-4.999954612552916
99.0,140.0,129.88755798339844,4.99867772313872,-4.99965664929716,4.999721485041272,4.999916528669348,4.999840007008993,-4.999840548220357,4.999999993415453,-4.999997099657445,4.999978448109314,-4.999975293474426
99.0,140.0,129.88739013671875,4.999778120653059,-4.999785658699116,4.999835600377273,4.999895282022971,4.999664266268658,-4.999999998158336,4.999992592543912,-4.999999983887092,4.999860286525872,-4.999935398818647
99.0,140.0,129.88714599609375,4.999654848120599,-4.999999270588614,4.999822635919694,4.999963667141587,4.9994653355844445,-4.99997340346239,4.999999994303164,-4.999982282467794,4.999866521053001,-4.9999999318034645
99.0,140.0,129.88833618164062,4.999295810944478,-4.999733280322332,4.999996504088731,4.999674152080525,4.999927635083066,-4.999612139586668,4.99995082867521,-4.999974179622663,4.999978510429099,-4.999925415492492
99.0,140.0,129.88816833496094,4.9995220259251685,-4.99999666797206,4.999640793111093,4.999698725621,4.999507983914821,-4.999930497105064,4.999999990897245,-4.9999790687865655,4.999873404564307,-4.999998738721639
99.0,140.0,129.88937377929688,4.999018742148495,-4.999729904330602,4.999660144328441,4.99926538806098,4.999692699847653,-4.999999989262674,4.999894561123211,-4.99999917228369,4.9999895898738975,-4.999922777874079
99.0,140.0,129.8882293701172,4.9992900072546265,-4.999486968419286,4.99949226745866,4.9998325048765455,4.999998744112085,-4.9999829407913134,4.999764353923846,-4.999965017123161,4.999948239135759,-4.999981288893532
99.0,140.0,129.88807678222656,4.999173157253587,-4.999545568072863,4.999992973736265,4.999736065444649,4.999914465687233,-4.999778476802994,4.999894296403259,-4.99997956235575,4.999998314785557,-4.999927014462733
99.0,140.0,129.8888397216797,4.999350058411164,-4.999938230820123,4.999918664664255,4.999678516202616,4.999648012358846,-4.999616708445572,4.999969449715995,-4.999956626690672,4.999970999319518,-4.999940295817316
99.0,140.0,129.88706970214844,4.998950102100405,-4.999961834244015,4.999931459207108,4.999708216600965,4.999881860031167,-4.999975194778943,4.999978604650471,-4.999992836766398,4.999949598699576,-4.999941856783392
99.0,140.0,129.88845825195312,4.998965589189062,-4.999987970224257,4.999650090049588,4.999282204477885,4.99989537655788,-4.999953419034837,4.999999991361552,-4.999979917725602,4.999962234766985,-4.999928867193837
99.0,140.0,129.88824462890625,4.999997870386161,-4.998904736641453,4.999914256415305,4.999419141290495,4.9999007063320455,-4.999986275797592,4.999880142465428,-4.999986848217308,4.999953780406489,-4.99995866591802
99.0,140.0,129.88746643066406,4.99949104950494,-4.999935365915606,4.999445722761914,4.999827267529729,4.999920654551479,-4.999973050000792,4.9999827617204975,-4.999939460779245,4.999931545927122,-4.999941103668844
99.0,140.0,129.88804626464844,4.99928680013309,-4.999817318099629,4.999998100382656,4.999520993216519,4.999970019217498,-4.999859440875437,4.99985852753036,-4.999951009150275,4.999947661022873,-4.999958803285168
99.0,140.0,129.88818359375,4.999209722304943,-4.999930871738385,4.999800301000096,4.99990732338458,4.99946026600793,-4.9997819837879085,4.999985348997895,-4.999905014641699,4.999999593970787,-4.999985285346844
99.0,140.0,129.88792419433594,4.999559990185232,-4.999709898144015,4.999823695281345,4.999998511074874,4.999464035550343,-4.999996562905594,4.999984302261785,-4.999870021460179,4.999942096065959,-4.999968936867905
99.0,140.0,129.88754272460938,4.999786159892686,-4.99998265188572,4.999533698206083,4.999578541085647,4.999672391804592,-4.999999998454814,4.999933181505475,-4.999959235913167,4.999982913806747,-4.9999674234496805
99.0,140.0,129.88645935058594,4.99996112473232,-4.999668940155922,4.999991850481534,4.999897182534866,4.999885969090051,-4.999600701058902,4.999955828683591,-4.999985712526879,4.999999837939678,-4.9999983827405705
99.0,140.0,129.88888549804688,4.998522245994482,-4.999967511826474,4.999915087291528,4.999944228959149,4.99949726214628,-4.999850623070534,4.999970908284196,-4.999982373857516,4.999862892972118,-4.999982497618147
99.0,140.0,129.8889617919922,4.998632791917324,-4.99987294636995,4.999658907830032,4.999505667289002,4.999751997475636,-4.999999947393728,4.999909802424911,-4.999999062352819,4.99999997049263,-4.9999017817801725
99.0,140.0,129.88905334472656,4.999530975490353,-4.999893755268457,4.999872230204618,4.99945540392407,4.999834000970239,-4.999628274960392,4.999982912277897,-4.9999777978423054,4.999929336990041,-4.999919584261024
99.0,140.0,129.88841247558594,4.999282854408511,-4.999987836361526,4.9999489276562885,4.999986665599384,4.999620653404449,-4.999984072511788,4.999999856573255,-4.9996094155138415,4.99997271686104,-4.999979320449016
99.0,140.0,129.88885498046875,4.9991385065316205,-4.999484438981408,4.999996556974368,4.999591553859819,4.999953469693368,-4.999700426193963,4.999907447584446,-4.999953486076505,4.999990421859092,-4.999924331648128
99.0,140.0,129.88853454589844,4.999272541715461,-4.999799136985826,4.999510444619931,4.999981862969023,4.999741356338308,-4.999972895764061,4.999998017214401,-4.999674361446303,4.999981682836695,-4.999992641432732
99.0,140.0,129.8883056640625,4.998628976565357,-4.999781643923351,4.999852011333805,4.999897904208291,4.999784831986225,-4.9998705094144285,4.999946431286628,-4.999979241899045,4.999948782838155,-4.999934395264812
99.0,140.0,129.88894653320312,4.998974044795991,-4.999755949328217,4.999369677197887,4.999971903214045,4.999902289702121,-4.999685819891024,4.999973512746086,-4.999955143759628,4.999972886123966,-4.999920718475803
99.0,140.0,129.88949584960938,4.999750469286648,-4.999187702651813,4.999745075187065,4.999939448562414,4.999972148837948,-4.999846883600695,4.999544021666292,-4.999827617368173,4.999984043308091,-4.999996357781619
99.0,140.0,129.88844299316406,4.999677664959314,-4.999115699697242,4.999689377055034,4.9995698128414645,4.9999979174613305,-4.999990860737007,4.999750040431207,-4.999994341777151,4.999997936025908,-4.999941140978808
99.0,140.0,129.88963317871094,4.9996505285773125,-4.999998223066947,4.999826559954588,4.998888888839038,4.999438832782348,-4.99997642398192,4.999986048868646,-4.999984671081619,4.999969031475548,-4.99991355980692
99.0,140.0,129.88836669921875,4.999910406993965,-4.999198354902712,4.999999029971187,4.999110995403775,4.9998348744374015,-4.999993957119277,4.999876964981047,-4.999999331190828,4.999969660621627,-4.99996632383594
99.0,140.0,129.8867950439453,4.999762262910334,-4.999980271989355,4.999999526194356,4.999791797461072,4.99984711496009,-4.999811857965057,4.999884005224672,-4.999999707583262,4.999947895916295,-4.999966533224602
99.0,140.0,129.8896026611328,4.999961469261525,-4.999353848368632,4.999856083656862,4.999990916108072,4.999764368617024,-4.99987316484839,4.999570151038706,-4.999792948236452,4.999964487172624,-4.9999844673170895
99.0,140.0,129.88858032226562,4.998954599254365,-4.999081142995447,4.999970032809498,4.999994332328206,4.999773980435536,-4.999882132275652,4.999935826210081,-4.999855709597315,4.999969172683844,-4.999986955937364
99.0,140.0,129.88735961914062,4.999322907938689,-4.999772586594999,4.999999827080002,4.999519146174999,4.999826828997511,-4.999947075430109,4.999954061216145,-4.999998601357641,4.999966909233022,-4.999948936742298
99.0,140.0,129.88876342773438,4.998963632376229,-4.999877100254572,4.99936777688646,4.999637074053015,4.999998272453522,-4.999995015294191,4.999947823302863,-4.999950579236428,4.999931612203598,-4.9999045099108645
99.0,141.0,129.88856506347656,4.998943312782334,-4.999909898181032,4.999682703728188,4.9993311908663465,4.999973566710807,-4.99985698409056,4.999999983504276,-4.999962873519277,4.999946421064647,-4.999950131332326
99.0,141.0,129.88880920410156,4.999822783769318,-4.999713898326675,4.999737454658229,4.999502138941628,4.99974941251164,-4.999892972944164,4.999981601377081,-4.999944591482182,4.999895328965158,-4.9999257016262
99.0,141.0,129.8874969482422,4.999859674375129,-4.999444949530638,4.999448750879376,4.999909084308548,4.999880858926563,-4.999989811366165,4.999974096009392,-4.999949345196784,4.999917218845157,-4.999960758355448
99.0,141.0,129.88809204101562,4.99964623247311,-4.999767185767697,4.999951105910209,4.999860205294809,4.999486085990154,-4.999989237059305,4.999960511773878,-4.9999570282747765,4.999876442763286,-4.999950553107253
99.0,141.0,129.88746643066406,4.999584487951603,-4.999727268237879,4.999999058051115,4.99986957504975,4.999763972030743,-4.999950772705439,4.999901369449869,-4.999978041017236,4.999931574505487,-4.999922875133748
99.0,141.0,129.8869171142578,4.999313864847277,-4.999516312388893,4.999995624103782,4.999829137284722,4.999962391690713,-4.999931779023482,4.999960511773878,-4.999978883575434,4.999989583871234,-4.999920482221057
99.0,141.0,129.8879852294922,4.999646734619222,-4.999931012467161,4.999768397695859,4.999512639787913,4.999686290053123,-4.999958489426781,4.99996692817666,-4.999891258627304,4.999963155206849,-4.999970482643074
99.0,141.0,129.88787841796875,4.998921754823337,-4.999938240114685,4.99999620760277,4.999973656807001,4.999555370260266,-4.99998684583921,4.999999984291809,-4.999979446768119,4.999863863598767,-4.999950616711455
99.0,141.0,129.8874053955078,4.999043080325711,-4.9997656426126085,4.9998993436208,4.99971095323387,4.999871488188967,-4.999888553778916,4.999922788498637,-4.999996638518008,4.999985241000284,-4.999959811501107
99.0,141.0,129.88717651367188,4.999926727978919,-4.999921800927762,4.9994778050506525,4.999823416763191,4.9995287993856525,-4.999967261282068,4.999999721223314,-4.999960219547692,4.999999703553248,-4.999961747949714
99.0,141.0,129.88710021972656,4.999818467773814,-4.999957340537522,4.9999886916877125,4.999966324461326,4.999487542649337,-4.999985104596919,4.999999902580372,-4.999964869188286,4.999899222327648,-4.99994006626088
99.0,141.0,129.8891143798828,4.999646726513507,-4.999355297210662,4.999791372696028,4.999803855885364,4.999879937389869,-4.999963047868564,4.999786151360161,-4.999904452594149,4.999999985706302,-4.999856829454014
99.0,141.0,129.8870391845703,4.999917005252801,-4.999620454331681,4.99999521005194,4.999984764802389,4.999912543885741,-4.999600675676597,4.999939833697364,-4.999999772561697,4.9999477897170745,-4.999963304989946
99.0,141.0,129.8862762451172,4.99932225879661,-4.999628421199152,4.999997507133485,4.999985648289006,4.999861879726166,-4.999965650838524,4.999948253285036,-4.999999812725987,4.999976307137092,-4.999954275765295
99.0,141.0,129.8878631591797,4.999498696310487,-4.999575963429752,4.999902389864196,4.999970229849846,4.999441476630999,-4.999899146803813,4.999992673353489,-4.99994525539536,4.9999296157562405,-4.999993205116066
99.0,141.0,129.88755798339844,4.99867772313872,-4.99965664929716,4.999721485041272,4.999916528669348,4.999840007008993,-4.999840548220357,4.999999993415453,-4.999997099657445,4.999978448109314,-4.999975293474426
99.0,141.0,129.88739013671875,4.999778120653059,-4.999785658699116,4.999835600377273,4.999895282022971,4.999664266268658,-4.999999998158336,4.999992592543912,-4.999999983887092,4.999860286525872,-4.999935398818647
99.0,141.0,129.886962890625,4.999855491824293,-4.999605749870279,4.999833442306065,4.999991765693629,4.999696980731484,-4.999894407014107,4.999995338365954,-4.999999987805164,4.999860233426261,-4.9999999318034645
99.0,141.0,129.88807678222656,4.999728263666752,-4.999733280322332,4.999877717944032,4.999778359511616,4.999898103708193,-4.999742747466945,4.999656064767632,-4.999974179622663,4.9999903064065165,-4.999994678984971
99.0,141.0,129.88763427734375,4.99983940655026,-4.999926770607466,4.999674476329558,4.999698725621,4.999708993745966,-4.99998918932441,4.999999990897245,-4.99995043542244,4.999933096630064,-4.9999170128605845
99.0,141.0,129.88937377929688,4.999018742148495,-4.999729904330602,4.999660144328441,4.99926538806098,4.999692699847653,-4.999999989262674,4.999894561123211,-4.99999917228369,4.9999895898738975,-4.999922777874079
99.0,141.0,129.8882293701172,4.9992900072546265,-4.999486968419286,4.99949226745866,4.9998325048765455,4.999998744112085,-4.9999829407913134,4.999764353923846,-4.999965017123161,4.999948239135759,-4.999981288893532
99.0,141.0,129.88807678222656,4.999173157253587,-4.999545568072863,4.999992973736265,4.999736065444649,4.999914465687233,-4.999778476802994,4.999894296403259,-4.99997956235575,4.999998314785557,-4.999927014462733
99.0,141.0,129.8886260986328,4.999350058411164,-4.999938230820123,4.999573405337898,4.999722093129779,4.999465689685522,-4.99998365542924,4.999999335446837,-4.999962465606504,4.999856400551866,-4.9999992775423605
99.0,141.0,129.88706970214844,4.998950102100405,-4.999961834244015,4.999931459207108,4.999708216600965,4.999881860031167,-4.999975194778943,4.999978604650471,-4.999992836766398,4.999949598699576,-4.999941856783392
99.0,141.0,129.88845825195312,4.998965589189062,-4.999987970224257,4.999650090049588,4.999282204477885,4.99989537655788,-4.999953419034837,4.999999991361552,-4.999979917725602,4.999962234766985,-4.999928867193837
99.0,141.0,129.88824462890625,4.999997870386161,-4.998904736641453,4.999914256415305,4.999419141290495,4.9999007063320455,-4.999986275797592,4.999880142465428,-4.999986848217308,4.999953780406489,-4.99995866591802
99.0,141.0,129.88746643066406,4.99949104950494,-4.999935365915606,4.999445722761914,4.999827267529729,4.999920654551479,-4.999973050000792,4.9999827617204975,-4.999939460779245,4.999931545927122,-4.999941103668844
99.0,141.0,129.88804626464844,4.99928680013309,-4.999817318099629,4.999998100382656,4.999520993216519,4.999970019217498,-4.999859440875437,4.99985852753036,-4.999951009150275,4.999947661022873,-4.999958803285168
99.0,141.0,129.8876190185547,4.999370353589027,-4.999868052738782,4.999998856651682,4.999776714566574,4.999714870268919,-4.999886231648775,4.999891288655784,-4.9999878144307655,4.999916493816853,-4.99997855053066
99.0,141.0,129.88771057128906,4.998189410199464,-4.999709898144015,4.9999483121195,4.999858928588235,4.999955869549028,-4.999844514968794,4.999989435129031,-4.999999121734906,4.9999533956824775,-4.999965347891266
99.0,141.0,129.88754272460938,4.999786159892686,-4.99998265188572,4.999533698206083,4.999578541085647,4.999672391804592,-4.999999998454814,4.999933181505475,-4.999959235913167,4.999982913806747,-4.9999674234496805
99.0,141.0,129.88645935058594,4.99996112473232,-4.999668940155922,4.999991850481534,4.999897182534866,4.999885969090051,-4.999600701058902,4.999955828683591,-4.999985712526879,4.999999837939678,-4.9999983827405705
99.0,141.0,129.88848876953125,4.998748787766924,-4.999566593573634,4.999809085006094,4.999944228959149,4.999990904282473,-4.999674900276424,4.999890252087761,-4.999984838494473,4.999999838477082,-4.999924522887534
99.0,141.0,129.8863525390625,4.9999414579701895,-4.999818010430207,4.999759961051884,4.999848445602798,4.999895959958444,-4.999812136993304,4.999918071412948,-4.999959756635796,4.99999997049263,-4.999994151627448
99.0,141.0,129.88905334472656,4.999530975490353,-4.999893755268457,4.999872230204618,4.99945540392407,4.999834000970239,-4.999628274960392,4.999982912277897,-4.9999777978423054,4.999929336990041,-4.999919584261024
99.0,141.0,129.88743591308594,4.998992689566422,-4.9996501222316105,4.999545454774083,4.999862632982801,4.999993511939925,-4.99994538459589,4.999878823065508,-4.999981837696346,4.99997271686104,-4.999987584562033
99.0,141.0,129.88885498046875,4.9991385065316205,-4.999484438981408,4.999996556974368,4.999591553859819,4.999953469693368,-4.999700426193963,4.999907447584446,-4.999953486076505,4.999990421859092,-4.999924331648128
99.0,141.0,129.88853454589844,4.999272541715461,-4.999799136985826,4.999510444619931,4.999981862969023,4.999741356338308,-4.999972895764061,4.999998017214401,-4.999674361446303,4.999981682836695,-4.999992641432732
99.0,141.0,129.88815307617188,4.998936878174339,-4.99997562838064,4.999930957684731,4.999552468496724,4.9999147377096165,-4.999798439153016,4.999979892345557,-4.999980020214736,4.999950700345579,-4.999927426646991
99.0,141.0,129.88848876953125,4.998974044795991,-4.9998970028043415,4.999501445023894,4.999971903214045,4.999496157813561,-4.999968647945779,4.999999785082591,-4.999955143759628,4.999945276922112,-4.999947396080933
99.0,141.0,129.88949584960938,4.999750469286648,-4.999187702651813,4.999745075187065,4.999939448562414,4.999972148837948,-4.999846883600695,4.999544021666292,-4.999827617368173,4.999984043308091,-4.999996357781619
99.0,141.0,129.88844299316406,4.999677664959314,-4.999115699697242,4.999689377055034,4.9995698128414645,4.9999979174613305,-4.999990860737007,4.999750040431207,-4.999994341777151,4.999997936025908,-4.999941140978808
99.0,141.0,129.88963317871094,4.9996505285773125,-4.999998223066947,4.999826559954588,4.998888888839038,4.999438832782348,-4.99997642398192,4.999986048868646,-4.999984671081619,4.999969031475548,-4.99991355980692
99.0,141.0,129.88836669921875,4.999910406993965,-4.999198354902712,4.999999029971187,4.999110995403775,4.9998348744374015,-4.999993957119277,4.999876964981047,-4.999999331190828,4.999969660621627,-4.99996632383594
99.0,141.0,129.8867950439453,4.999762262910334,-4.999980271989355,4.999999526194356,4.999791797461072,4.99984711496009,-4.999811857965057,4.999884005224672,-4.999999707583262,4.999947895916295,-4.999966533224602
99.0,141.0,129.88681030273438,4.9992207738301335,-4.999353848368632,4.999996424516434,4.999990916108072,4.999979548618237,-4.99993728882059,4.999945760509421,-4.999998684485416,4.999995648210646,-4.999910373577006
99.0,141.0,129.88858032226562,4.998954599254365,-4.999081142995447,4.999970032809498,4.999994332328206,4.999773980435536,-4.999882132275652,4.999935826210081,-4.999855709597315,4.999969172683844,-4.999986955937364
99.0,141.0,129.88665771484375,4.999472209119519,-4.999796852385437,4.9997927510867415,4.999871753354233,4.999955816726889,-4.999875105082449,4.99995926814643,-4.999966837731221,4.999951028717531,-4.9999794724454425
99.0,141.0,129.88876342773438,4.998963632376229,-4.999877100254572,4.99936777688646,4.999637074053015,4.999998272453522,-4.999995015294191,4.999947823302863,-4.999950579236428,4.999931612203598,-4.9999045099108645
99.0,142.0,129.88856506347656,4.998943312782334,-4.999909898181032,4.999682703728188,4.9993311908663465,4.999973566710807,-4.99985698409056,4.999999983504276,-4.999962873519277,4.999946421064647,-4.999950131332326
99.0,142.0,129.88807678222656,4.999038659176497,-4.999713898326675,4.99955062391582,4.999502138941628,4.999998986321144,-4.999949810857069,4.999817354265845,-4.999999068697617,4.999980185140959,-4.999997312898623
99.0,142.0,129.8874969482422,4.999859674375129,-4.999444949530638,4.999448750879376,4.999909084308548,4.999880858926563,-4.999989811366165,4.999974096009392,-4.999949345196784,4.999917218845157,-4.999960758355448
99.0,142.0,129.88809204101562,4.99964623247311,-4.999767185767697,4.999951105910209,4.999860205294809,4.999486085990154,-4.999989237059305,4.999960511773878,-4.9999570282747765,4.999876442763286,-4.999950553107253
99.0,142.0,129.88739013671875,4.999903783014724,-4.999727268237879,4.999623234880139,4.999965246229861,4.999763972030743,-4.999988488201466,4.99992478505355,-4.999948406842601,4.999901888714408,-4.999957762325403
99.0,142.0,129.8869171142578,4.999313864847277,-4.999516312388893,4.999995624103782,4.999829137284722,4.999962391690713,-4.999931779023482,4.999960511773878,-4.999978883575434,4.999989583871234,-4.999920482221057
99.0,142.0,129.8879852294922,4.999646734619222,-4.999931012467161,4.999768397695859,4.999512639787913,4.999686290053123,-4.999958489426781,4.99996692817666,-4.999891258627304,4.999963155206849,-4.999970482643074
99.0,142.0,129.88787841796875,4.998921754823337,-4.999938240114685,4.99999620760277,4.999973656807001,4.999555370260266,-4.99998684583921,4.999999984291809,-4.999979446768119,4.999863863598767,-4.999950616711455
99.0,142.0,129.8874053955078,4.999043080325711,-4.9997656426126085,4.9998993436208,4.99971095323387,4.999871488188967,-4.999888553778916,4.999922788498637,-4.999996638518008,4.999985241000284,-4.999959811501107
99.0,142.0,129.88717651367188,4.999926727978919,-4.999921800927762,4.9994778050506525,4.999823416763191,4.9995287993856525,-4.999967261282068,4.999999721223314,-4.999960219547692,4.999999703553248,-4.999961747949714
99.0,142.0,129.88710021972656,4.999818467773814,-4.999957340537522,4.9999886916877125,4.999966324461326,4.999487542649337,-4.999985104596919,4.999999902580372,-4.999964869188286,4.999899222327648,-4.99994006626088
99.0,142.0,129.88894653320312,4.999646726513507,-4.998976852894309,4.999999609931716,4.999170576780695,4.999846740383076,-4.999996738323651,4.999870211162542,-4.999999870693251,4.9999919703681845,-4.9999317744017215
99.0,142.0,129.8870391845703,4.999917005252801,-4.999620454331681,4.99999521005194,4.999984764802389,4.999912543885741,-4.999600675676597,4.999939833697364,-4.999999772561697,4.9999477897170745,-4.999963304989946
99.0,142.0,129.8862762451172,4.99932225879661,-4.999628421199152,4.999997507133485,4.999985648289006,4.999861879726166,-4.999965650838524,4.999948253285036,-4.999999812725987,4.999976307137092,-4.999954275765295
99.0,142.0,129.887451171875,4.999628135691167,-4.999556226552082,4.999962421987083,4.999970229849846,4.99973443699275,-4.999963298856426,4.999941099937399,-4.999965237259241,4.99994303442297,-4.9999111554466005
99.0,142.0,129.88755798339844,4.99867772313872,-4.99965664929716,4.999721485041272,4.999916528669348,4.999840007008993,-4.999840548220357,4.999999993415453,-4.999997099657445,4.999978448109314,-4.999975293474426
99.0,142.0,129.88662719726562,4.999822369632048,-4.99978913389311,4.999540443515086,4.999895282022971,4.999664266268658,-4.99997468396074,4.999982391726883,-4.9999712269895324,4.999999792251196,-4.99997909370185
99.0,142.0,129.886962890625,4.999855491824293,-4.999605749870279,4.999833442306065,4.999991765693629,4.999696980731484,-4.999894407014107,4.999995338365954,-4.999999987805164,4.999860233426261,-4.9999999318034645
99.0,142.0,129.88807678222656,4.999728263666752,-4.999733280322332,4.999877717944032,4.999778359511616,4.999898103708193,-4.999742747466945,4.999656064767632,-4.999974179622663,4.9999903064065165,-4.999994678984971
99.0,142.0,129.88763427734375,4.99983940655026,-4.999926770607466,4.999674476329558,4.999698725621,4.999708993745966,-4.99998918932441,4.999999990897245,-4.99995043542244,4.999933096630064,-4.9999170128605845
99.0,142.0,129.88792419433594,4.99944108578571,-4.999694980270796,4.999660144328441,4.999967057447129,4.999692699847653,-4.999871246721778,4.999926488783035,-4.99999329649665,4.99993523836685,-4.999955668690779
99.0,142.0,129.8882293701172,4.9992900072546265,-4.999486968419286,4.99949226745866,4.9998325048765455,4.999998744112085,-4.9999829407913134,4.999764353923846,-4.999965017123161,4.999948239135759,-4.999981288893532
99.0,142.0,129.88754272460938,4.999993823714342,-4.9995267777857855,4.999947297833354,4.999945204067816,4.999997968944103,-4.999558975540023,4.999953604937808,-4.999965672727161,4.999962986684484,-4.999927014462733
99.0,142.0,129.8886260986328,4.999350058411164,-4.999938230820123,4.999573405337898,4.999722093129779,4.999465689685522,-4.99998365542924,4.999999335446837,-4.999962465606504,4.999856400551866,-4.9999992775423605
99.0,142.0,129.88674926757812,4.999995705436875,-4.999931273482292,4.9996821216274085,4.9998528097248895,4.999733197130075,-4.999816705852208,4.999936972597873,-4.999942203703805,4.99999245938305,-4.999999279879699
99.0,142.0,129.88681030273438,4.999400096617253,-4.999384942333943,4.999951482189437,4.999677322628095,4.99989537655788,-4.999886476500324,4.999999991361552,-4.999997610583141,4.999999684313679,-4.999978127035078
99.0,142.0,129.88824462890625,4.999997870386161,-4.998904736641453,4.999914256415305,4.999419141290495,4.9999007063320455,-4.999986275797592,4.999880142465428,-4.999986848217308,4.999953780406489,-4.99995866591802
99.0,142.0,129.88746643066406,4.99949104950494,-4.999935365915606,4.999445722761914,4.999827267529729,4.999920654551479,-4.999973050000792,4.9999827617204975,-4.999939460779245,4.999931545927122,-4.999941103668844
99.0,142.0,129.88804626464844,4.99928680013309,-4.999817318099629,4.999998100382656,4.999520993216519,4.999970019217498,-4.999859440875437,4.99985852753036,-4.999951009150275,4.999947661022873,-4.999958803285168
99.0,142.0,129.88668823242188,4.999764082623214,-4.999706500356728,4.999786737848411,4.999998129871312,4.9996905353245085,-4.999886231648775,4.999986719647374,-4.999981603240829,4.999983538413574,-4.999955243989598
99.0,142.0,129.88771057128906,4.998189410199464,-4.999709898144015,4.9999483121195,4.999858928588235,4.999955869549028,-4.999844514968794,4.999989435129031,-4.999999121734906,4.9999533956824775,-4.999965347891266
99.0,142.0,129.88754272460938,4.999786159892686,-4.99998265188572,4.999533698206083,4.999578541085647,4.999672391804592,-4.999999998454814,4.999933181505475,-4.999959235913167,4.999982913806747,-4.9999674234496805
99.0,142.0,129.88645935058594,4.99996112473232,-4.999668940155922,4.999991850481534,4.999897182534866,4.999885969090051,-4.999600701058902,4.999955828683591,-4.999985712526879,4.999999837939678,-4.9999983827405705
99.0,142.0,129.88848876953125,4.998748787766924,-4.999566593573634,4.999809085006094,4.999944228959149,4.999990904282473,-4.999674900276424,4.999890252087761,-4.999984838494473,4.999999838477082,-4.999924522887534
99.0,142.0,129.8863525390625,4.9999414579701895,-4.999818010430207,4.999759961051884,4.999848445602798,4.999895959958444,-4.999812136993304,4.999918071412948,-4.999959756635796,4.99999997049263,-4.999994151627448
99.0,142.0,129.88905334472656,4.999530975490353,-4.999893755268457,4.999872230204618,4.99945540392407,4.999834000970239,-4.999628274960392,4.999982912277897,-4.9999777978423054,4.999929336990041,-4.999919584261024
99.0,142.0,129.88743591308594,4.998992689566422,-4.9996501222316105,4.999545454774083,4.999862632982801,4.999993511939925,-4.99994538459589,4.999878823065508,-4.999981837696346,4.99997271686104,-4.999987584562033
99.0,142.0,129.8882293701172,4.999659513572153,-4.999886701495753,4.999619602786215,4.999919736032027,4.999675541690301,-4.999999999955145,4.999999570351412,-4.999982624465383,4.999830906286174,-4.999908611160583
99.0,142.0,129.88853454589844,4.999272541715461,-4.999799136985826,4.999510444619931,4.999981862969023,4.999741356338308,-4.999972895764061,4.999998017214401,-4.999674361446303,4.999981682836695,-4.999992641432732
99.0,142.0,129.88815307617188,4.998936878174339,-4.99997562838064,4.999930957684731,4.999552468496724,4.9999147377096165,-4.999798439153016,4.999979892345557,-4.999980020214736,4.999950700345579,-4.999927426646991
99.0,142.0,129.8868865966797,4.99857315080897,-4.999861834225508,4.999969191200165,4.999971903214045,4.999873011450277,-4.999968960218061,4.999973330462848,-4.999996940047696,4.999953086008492,-4.999949465062862
99.0,142.0,129.88949584960938,4.999750469286648,-4.999187702651813,4.999745075187065,4.999939448562414,4.999972148837948,-4.999846883600695,4.999544021666292,-4.999827617368173,4.999984043308091,-4.999996357781619
99.0,142.0,129.88687133789062,4.999851950252094,-4.999531242493172,4.999850947383141,4.999932150700518,4.9999979174613305,-4.999994009643649,4.999935741291507,-4.999999995745041,4.999855750438433,-4.999941140978808
99.0,142.0,129.88760375976562,4.9997296210216025,-4.999989941676015,4.999940151239896,4.999826343024225,4.999438832782348,-4.999960737076083,4.99998841657498,-4.999963846204582,4.9998940187224665,-4.9999647852229305
99.0,142.0,129.88836669921875,4.999910406993965,-4.999198354902712,4.999999029971187,4.999110995403775,4.9998348744374015,-4.999993957119277,4.999876964981047,-4.999999331190828,4.999969660621627,-4.99996632383594
99.0,142.0,129.8867950439453,4.999762262910334,-4.999980271989355,4.999999526194356,4.999791797461072,4.99984711496009,-4.999811857965057,4.999884005224672,-4.999999707583262,4.999947895916295,-4.999966533224602
99.0,142.0,129.88681030273438,4.9992207738301335,-4.999353848368632,4.999996424516434,4.999990916108072,4.999979548618237,-4.99993728882059,4.999945760509421,-4.999998684485416,4.999995648210646,-4.999910373577006
99.0,142.0,129.88858032226562,4.998954599254365,-4.999081142995447,4.999970032809498,4.999994332328206,4.999773980435536,-4.999882132275652,4.999935826210081,-4.999855709597315,4.999969172683844,-4.999986955937364
99.0,142.0,129.88665771484375,4.999472209119519,-4.999796852385437,4.9997927510867415,4.999871753354233,4.999955816726889,-4.999875105082449,4.99995926814643,-4.999966837731221,4.999951028717531,-4.9999794724454425
99.0,142.0,129.88876342773438,4.998963632376229,-4.999877100254572,4.99936777688646,4.999637074053015,4.999998272453522,-4.999995015294191,4.999947823302863,-4.999950579236428,4.999931612203598,-4.9999045099108645
99.0,143.0,129.88662719726562,4.999808224121409,-4.999999984842371,4.999999851880876,4.999735579208586,4.999831727509756,-4.999725966790427,4.999890098996834,-4.999996606013864,4.999993181250615,-4.99998729200175
99.0,143.0,129.886962890625,4.999738505706451,-4.999519824141434,4.999796994364458,4.999842173579184,4.999841218738201,-4.999952210710728,4.9999371563538375,-4.999968491424649,4.9999990727730514,-4.999940480622402
99.0,143.0,129.8874969482422,4.999859674375129,-4.999444949530638,4.999448750879376,4.999909084308548,4.999880858926563,-4.999989811366165,4.999974096009392,-4.999949345196784,4.999917218845157,-4.999960758355448
99.0,143.0,129.8868408203125,4.998807775234305,-4.999767185767697,4.999952796182736,4.999960249338328,4.999843083066055,-4.999937476173488,4.999960511773878,-4.999993399499983,4.999977556896042,-4.9999568046538645
99.0,143.0,129.88739013671875,4.999903783014724,-4.999727268237879,4.999623234880139,4.999965246229861,4.999763972030743,-4.999988488201466,4.99992478505355,-4.999948406842601,4.999901888714408,-4.999957762325403
99.0,143.0,129.88682556152344,4.999963517204643,-4.9999995648855,4.999707742352118,4.999829137284722,4.999705707987687,-4.999817056413679,4.999960511773878,-4.999943217993724,4.999996800470661,-4.999978905147289
99.0,143.0,129.8879852294922,4.999646734619222,-4.999931012467161,4.999768397695859,4.999512639787913,4.999686290053123,-4.999958489426781,4.99996692817666,-4.999891258627304,4.999963155206849,-4.999970482643074
99.0,143.0,129.88787841796875,4.998921754823337,-4.999938240114685,4.99999620760277,4.999973656807001,4.999555370260266,-4.99998684583921,4.999999984291809,-4.999979446768119,4.999863863598767,-4.999950616711455
99.0,143.0,129.8874053955078,4.999043080325711,-4.9997656426126085,4.9998993436208,4.99971095323387,4.999871488188967,-4.999888553778916,4.999922788498637,-4.999996638518008,4.999985241000284,-4.999959811501107
99.0,143.0,129.88717651367188,4.999926727978919,-4.999921800927762,4.9994778050506525,4.999823416763191,4.9995287993856525,-4.999967261282068,4.999999721223314,-4.999960219547692,4.999999703553248,-4.999961747949714
99.0,143.0,129.88710021972656,4.999818467773814,-4.999957340537522,4.9999886916877125,4.999966324461326,4.999487542649337,-4.999985104596919,4.999999902580372,-4.999964869188286,4.999899222327648,-4.99994006626088
99.0,143.0,129.88868713378906,4.999100795996185,-4.999906634648257,4.999594688594593,4.999304243023072,4.99998662220762,-4.999909402278326,4.999939398329303,-4.999955242538728,4.99994355544051,-4.999956276876129
99.0,143.0,129.8870391845703,4.999917005252801,-4.999620454331681,4.99999521005194,4.999984764802389,4.999912543885741,-4.999600675676597,4.999939833697364,-4.999999772561697,4.9999477897170745,-4.999963304989946
99.0,143.0,129.8860626220703,4.999768633607752,-4.999632815876778,4.999947971710668,4.999803146229146,4.999905296510287,-4.999965650838524,4.99989854212418,-4.999957886190822,4.999999996561112,-4.999995901195371
99.0,143.0,129.887451171875,4.999628135691167,-4.999556226552082,4.999962421987083,4.999970229849846,4.99973443699275,-4.999963298856426,4.999941099937399,-4.999965237259241,4.99994303442297,-4.9999111554466005
99.0,143.0,129.88755798339844,4.99867772313872,-4.99965664929716,4.999721485041272,4.999916528669348,4.999840007008993,-4.999840548220357,4.999999993415453,-4.999997099657445,4.999978448109314,-4.999975293474426
99.0,143.0,129.88662719726562,4.999822369632048,-4.99978913389311,4.999540443515086,4.999895282022971,4.999664266268658,-4.99997468396074,4.999982391726883,-4.9999712269895324,4.999999792251196,-4.99997909370185
99.0,143.0,129.886962890625,4.999855491824293,-4.999605749870279,4.999833442306065,4.999991765693629,4.999696980731484,-4.999894407014107,4.999995338365954,-4.999999987805164,4.999860233426261,-4.9999999318034645
99.0,143.0,129.8863525390625,4.999173322235065,-4.999883357601323,4.999811363973807,4.999954860855715,4.999953151839806,-4.999825205433815,4.999995253500625,-4.999972218914138,4.999973980671125,-4.999989203003972
99.0,143.0,129.88763427734375,4.99983940655026,-4.999926770607466,4.999674476329558,4.999698725621,4.999708993745966,-4.99998918932441,4.999999990897245,-4.99995043542244,4.999933096630064,-4.9999170128605845
99.0,143.0,129.88790893554688,4.99944108578571,-4.999723271796709,4.999660144328441,4.999677972567759,4.999930267346498,-4.999992771226629,4.999967869397095,-4.999960709910901,4.999929040049897,-4.99991227499426
99.0,143.0,129.8882293701172,4.9992900072546265,-4.999486968419286,4.99949226745866,4.9998325048765455,4.999998744112085,-4.9999829407913134,4.999764353923846,-4.999965017123161,4.999948239135759,-4.999981288893532
99.0,143.0,129.88754272460938,4.999993823714342,-4.9995267777857855,4.999947297833354,4.999945204067816,4.999997968944103,-4.999558975540023,4.999953604937808,-4.999965672727161,4.999962986684484,-4.999927014462733
99.0,143.0,129.8886260986328,4.999350058411164,-4.999938230820123,4.999573405337898,4.999722093129779,4.999465689685522,-4.99998365542924,4.999999335446837,-4.999962465606504,4.999856400551866,-4.9999992775423605
99.0,143.0,129.88674926757812,4.999995705436875,-4.999931273482292,4.9996821216274085,4.9998528097248895,4.999733197130075,-4.999816705852208,4.999936972597873,-4.999942203703805,4.99999245938305,-4.999999279879699
99.0,143.0,129.88681030273438,4.999400096617253,-4.999384942333943,4.999951482189437,4.999677322628095,4.99989537655788,-4.999886476500324,4.999999991361552,-4.999997610583141,4.999999684313679,-4.999978127035078
99.0,143.0,129.8860626220703,4.99990171123777,-4.9996356606201,4.999999660175402,4.999906477955805,4.999970559029308,-4.999647903117275,4.999966710934592,-4.999988970641548,4.999999892191334,-4.999997686277828
99.0,143.0,129.88746643066406,4.99949104950494,-4.999935365915606,4.999445722761914,4.999827267529729,4.999920654551479,-4.999973050000792,4.9999827617204975,-4.999939460779245,4.999931545927122,-4.999941103668844
99.0,143.0,129.88804626464844,4.99928680013309,-4.999817318099629,4.999998100382656,4.999520993216519,4.999970019217498,-4.999859440875437,4.99985852753036,-4.999951009150275,4.999947661022873,-4.999958803285168
99.0,143.0,129.88668823242188,4.999764082623214,-4.999706500356728,4.999786737848411,4.999998129871312,4.9996905353245085,-4.999886231648775,4.999986719647374,-4.999981603240829,4.999983538413574,-4.999955243989598
99.0,143.0,129.8863067626953,4.999703083873716,-4.999913210569155,4.999293229276095,4.999895744275722,4.999905177153224,-4.999980840423094,4.999979564299641,-4.999991925851358,4.999999974442004,-4.999967252924806
99.0,143.0,129.88754272460938,4.999786159892686,-4.99998265188572,4.999533698206083,4.999578541085647,4.999672391804592,-4.999999998454814,4.999933181505475,-4.999959235913167,4.999982913806747,-4.9999674234496805
99.0,143.0,129.88645935058594,4.99996112473232,-4.999668940155922,4.999991850481534,4.999897182534866,4.999885969090051,-4.999600701058902,4.999955828683591,-4.999985712526879,4.999999837939678,-4.9999983827405705
99.0,143.0,129.88848876953125,4.998748787766924,-4.999566593573634,4.999809085006094,4.999944228959149,4.999990904282473,-4.999674900276424,4.999890252087761,-4.999984838494473,4.999999838477082,-4.999924522887534
99.0,143.0,129.8863525390625,4.9999414579701895,-4.999818010430207,4.999759961051884,4.999848445602798,4.999895959958444,-4.999812136993304,4.999918071412948,-4.999959756635796,4.99999997049263,-4.999994151627448
99.0,143.0,129.88734436035156,4.999523472101217,-4.999618962171212,4.999872230204618,4.999998441585683,4.999708736489421,-4.999926368770879,4.999951862606332,-4.9999777978423054,4.9999538337500375,-4.999933453661373
99.0,143.0,129.88743591308594,4.998992689566422,-4.9996501222316105,4.999545454774083,4.999862632982801,4.999993511939925,-4.99994538459589,4.999878823065508,-4.999981837696346,4.99997271686104,-4.999987584562033
99.0,143.0,129.88818359375,4.99808294032151,-4.999952929612277,4.999972677118609,4.9996607063279175,4.9998585851123085,-4.999828853999103,4.999985851212665,-4.999970078450166,4.999976363863324,-4.999970210035079
99.0,143.0,129.8876190185547,4.9987187387355405,-4.999639696574477,4.999684791058184,4.999875605777752,4.999861611035695,-4.999972895764061,4.99984776991233,-4.999998936315013,4.999979461690415,-4.999997356413285
99.0,143.0,129.8874053955078,4.999068650926891,-4.999859742544568,4.999930957684731,4.9999401683697045,4.999801477341975,-4.999915840002781,4.99993245461337,-4.999973295111662,4.999919977133068,-4.999960057093312
99.0,143.0,129.8868865966797,4.99857315080897,-4.999861834225508,4.999969191200165,4.999971903214045,4.999873011450277,-4.999968960218061,4.999973330462848,-4.999996940047696,4.999953086008492,-4.999949465062862
99.0,143.0,129.88735961914062,4.999692041072507,-4.999931307415007,4.9996917341206135,4.9999460430829625,4.999972148837948,-4.99980333297162,4.9999999155106885,-4.999982512873711,4.999876925925495,-4.999919693166152
99.0,143.0,129.88687133789062,4.999851950252094,-4.999531242493172,4.999850947383141,4.999932150700518,4.9999979174613305,-4.999994009643649,4.999935741291507,-4.999999995745041,4.999855750438433,-4.999941140978808
99.0,143.0,129.88760375976562,4.9997296210216025,-4.999989941676015,4.999940151239896,4.999826343024225,4.999438832782348,-4.999960737076083,4.99998841657498,-4.999963846204582,4.9998940187224665,-4.9999647852229305
99.0,143.0,129.88836669921875,4.999910406993965,-4.999198354902712,4.999999029971187,4.999110995403775,4.9998348744374015,-4.999993957119277,4.999876964981047,-4.999999331190828,4.999969660621627,-4.99996632383594
99.0,143.0,129.8866424560547,4.9995909532960665,-4.999626256280686,4.999688767547926,4.999950844317765,4.999924672363284,-4.999811857965057,4.999966402430403,-4.999982587512296,4.999995128675,-4.99997494708188
99.0,143.0,129.88681030273438,4.9992207738301335,-4.999353848368632,4.999996424516434,4.999990916108072,4.999979548618237,-4.99993728882059,4.999945760509421,-4.999998684485416,4.999995648210646,-4.999910373577006
99.0,143.0,129.8876953125,4.999209841203515,-4.999981443333336,4.999952696714485,4.999994332328206,4.999787830865131,-4.999804543569445,4.999980835028543,-4.999996386023737,4.999909470091056,-4.999901139061065
99.0,143.0,129.88665771484375,4.999472209119519,-4.999796852385437,4.9997927510867415,4.999871753354233,4.999955816726889,-4.999875105082449,4.99995926814643,-4.999966837731221,4.999951028717531,-4.9999794724454425
99.0,143.0,129.88876342773438,4.998963632376229,-4.999877100254572,4.99936777688646,4.999637074053015,4.999998272453522,-4.999995015294191,4.999947823302863,-4.999950579236428,4.999931612203598,-4.9999045099108645
99.0,144.0,129.88662719726562,4.999808224121409,-4.999999984842371,4.999999851880876,4.999735579208586,4.999831727509756,-4.999725966790427,4.999890098996834,-4.999996606013864,4.999993181250615,-4.99998729200175
99.0,144.0,129.886962890625,4.999738505706451,-4.999519824141434,4.999796994364458,4.999842173579184,4.999841218738201,-4.999952210710728,4.9999371563538375,-4.999968491424649,4.9999990727730514,-4.999940480622402
99.0,144.0,129.8869171142578,4.99947970245622,-4.999646495820784,4.999965805608623,4.999966680132499,4.999862849283787,-4.999753333902756,4.999943763391136,-4.999994815756984,4.999974908750334,-4.999963724617407
99.0,144.0,129.8868408203125,4.998807775234305,-4.999767185767697,4.999952796182736,4.999960249338328,4.999843083066055,-4.999937476173488,4.999960511773878,-4.999993399499983,4.999977556896042,-4.9999568046538645
99.0,144.0,129.8871307373047,4.99965040417297,-4.999294408499412,4.999999920258846,4.999991839056018,4.99998175137894,-4.999961601344469,4.99992478505355,-4.999998863455053,4.999937164999343,-4.999887151785392
99.0,144.0,129.88682556152344,4.999963517204643,-4.9999995648855,4.999707742352118,4.999829137284722,4.999705707987687,-4.999817056413679,4.999960511773878,-4.999943217993724,4.999996800470661,-4.999978905147289
99.0,144.0,129.8879852294922,4.999646734619222,-4.999931012467161,4.999768397695859,4.999512639787913,4.999686290053123,-4.999958489426781,4.99996692817666,-4.999891258627304,4.999963155206849,-4.999970482643074
99.0,144.0,129.88697814941406,4.99881514022994,-4.999715290518919,4.999960752807647,4.999972763758131,4.999911696384071,-4.9998599140291065,4.999919686868696,-4.999993168044036,4.999977690365732,-4.999973006492732
99.0,144.0,129.886962890625,4.999798735780606,-4.999986251379156,4.9996236483024905,4.999767188780449,4.999731639657794,-4.9998904638489,4.999929772042323,-4.999969536093882,4.999999980494221,-4.999972773800993
99.0,144.0,129.88717651367188,4.999926727978919,-4.999921800927762,4.9994778050506525,4.999823416763191,4.9995287993856525,-4.999967261282068,4.999999721223314,-4.999960219547692,4.999999703553248,-4.999961747949714
99.0,144.0,129.88710021972656,4.999818467773814,-4.999957340537522,4.9999886916877125,4.999966324461326,4.999487542649337,-4.999985104596919,4.999999902580372,-4.999964869188286,4.999899222327648,-4.99994006626088
99.0,144.0,129.88575744628906,4.999599429063153,-4.999906634648257,4.999990806449588,4.999720720753602,4.999932375420126,-4.999932783733321,4.999929959628037,-4.999972445770068,4.9999999985489625,-4.999999845932559
99.0,144.0,129.8870391845703,4.999917005252801,-4.999620454331681,4.99999521005194,4.999984764802389,4.999912543885741,-4.999600675676597,4.999939833697364,-4.999999772561697,4.9999477897170745,-4.999963304989946
99.0,144.0,129.8860626220703,4.999768633607752,-4.999632815876778,4.999947971710668,4.999803146229146,4.999905296510287,-4.999965650838524,4.99989854212418,-4.999957886190822,4.999999996561112,-4.999995901195371
99.0,144.0,129.887451171875,4.999628135691167,-4.999556226552082,4.999962421987083,4.999970229849846,4.99973443699275,-4.999963298856426,4.999941099937399,-4.999965237259241,4.99994303442297,-4.9999111554466005
99.0,144.0,129.88755798339844,4.99867772313872,-4.99965664929716,4.999721485041272,4.999916528669348,4.999840007008993,-4.999840548220357,4.999999993415453,-4.999997099657445,4.999978448109314,-4.999975293474426
99.0,144.0,129.88662719726562,4.999822369632048,-4.99978913389311,4.999540443515086,4.999895282022971,4.999664266268658,-4.99997468396074,4.999982391726883,-4.9999712269895324,4.999999792251196,-4.99997909370185
99.0,144.0,129.886962890625,4.999855491824293,-4.999605749870279,4.999833442306065,4.999991765693629,4.999696980731484,-4.999894407014107,4.999995338365954,-4.999999987805164,4.999860233426261,-4.9999999318034645
99.0,144.0,129.8863525390625,4.999173322235065,-4.999883357601323,4.999811363973807,4.999954860855715,4.999953151839806,-4.999825205433815,4.999995253500625,-4.999972218914138,4.999973980671125,-4.999989203003972
99.0,144.0,129.88763427734375,4.99983940655026,-4.999926770607466,4.999674476329558,4.999698725621,4.999708993745966,-4.99998918932441,4.999999990897245,-4.99995043542244,4.999933096630064,-4.9999170128605845
99.0,144.0,129.88790893554688,4.99944108578571,-4.999723271796709,4.999660144328441,4.999677972567759,4.999930267346498,-4.999992771226629,4.999967869397095,-4.999960709910901,4.999929040049897,-4.99991227499426
99.0,144.0,129.8882293701172,4.9992900072546265,-4.999486968419286,4.99949226745866,4.9998325048765455,4.999998744112085,-4.9999829407913134,4.999764353923846,-4.999965017123161,4.999948239135759,-4.999981288893532
99.0,144.0,129.8866729736328,4.999805375272251,-4.999637781549946,4.999999775656817,4.999813435039261,4.9999592071828864,-4.9996325531684604,4.999950179574299,-4.999959382243979,4.999999989232048,-4.999999450335725
99.0,144.0,129.88638305664062,4.9999594974196295,-4.999954864083034,4.999465960598746,4.999940915267012,4.999631282440587,-4.999992206092702,4.9999971645624,-4.999996227684285,4.999975206082983,-4.999971507098207
99.0,144.0,129.88674926757812,4.999995705436875,-4.999931273482292,4.9996821216274085,4.9998528097248895,4.999733197130075,-4.999816705852208,4.999936972597873,-4.999942203703805,4.99999245938305,-4.999999279879699
99.0,144.0,129.88619995117188,4.999602235292364,-4.9998038599577495,4.999523127570205,4.999890438219786,4.99989537655788,-4.999958038467879,4.999979214309813,-4.999970278038905,4.999995061213083,-4.999993559612969
99.0,144.0,129.8860626220703,4.99990171123777,-4.9996356606201,4.999999660175402,4.999906477955805,4.999970559029308,-4.999647903117275,4.999966710934592,-4.999988970641548,4.999999892191334,-4.999997686277828
99.0,144.0,129.88746643066406,4.99949104950494,-4.999935365915606,4.999445722761914,4.999827267529729,4.999920654551479,-4.999973050000792,4.9999827617204975,-4.999939460779245,4.999931545927122,-4.999941103668844
99.0,144.0,129.88748168945312,4.9995691767017565,-4.999568586927987,4.999895582433445,4.999995259496842,4.999711959192908,-4.999930456453545,4.999956171965621,-4.999986990124473,4.9998921812563815,-4.999955797568306
99.0,144.0,129.88668823242188,4.999764082623214,-4.999706500356728,4.999786737848411,4.999998129871312,4.9996905353245085,-4.999886231648775,4.999986719647374,-4.999981603240829,4.999983538413574,-4.999955243989598
99.0,144.0,129.8863067626953,4.999703083873716,-4.999913210569155,4.999293229276095,4.999895744275722,4.999905177153224,-4.999980840423094,4.999979564299641,-4.999991925851358,4.999999974442004,-4.999967252924806
99.0,144.0,129.88697814941406,4.999517722806792,-4.99968937287373,4.999836120582013,4.999849693073223,4.999956898487893,-4.999879662981144,4.999943535121559,-4.999959235913167,4.999987348466546,-4.999935971171393
99.0,144.0,129.88645935058594,4.99996112473232,-4.999668940155922,4.999991850481534,4.999897182534866,4.999885969090051,-4.999600701058902,4.999955828683591,-4.999985712526879,4.999999837939678,-4.9999983827405705
99.0,144.0,129.8883056640625,4.999236709215664,-4.99999601110885,4.9997489326166935,4.999998550832513,4.9996673157443166,-4.999809060130552,4.999995831219252,-4.999998348060988,4.999909367936098,-4.999892735314305
99.0,144.0,129.8863525390625,4.9999414579701895,-4.999818010430207,4.999759961051884,4.999848445602798,4.999895959958444,-4.999812136993304,4.999918071412948,-4.999959756635796,4.99999997049263,-4.999994151627448
99.0,144.0,129.88734436035156,4.999523472101217,-4.999618962171212,4.999872230204618,4.999998441585683,4.999708736489421,-4.999926368770879,4.999951862606332,-4.9999777978423054,4.9999538337500375,-4.999933453661373
99.0,144.0,129.88743591308594,4.998992689566422,-4.9996501222316105,4.999545454774083,4.999862632982801,4.999993511939925,-4.99994538459589,4.999878823065508,-4.999981837696346,4.99997271686104,-4.999987584562033
99.0,144.0,129.8874969482422,4.9999176413157205,-4.999645844969598,4.999972677118609,4.999638955398938,4.999755853624647,-4.999768244210903,4.999858882322705,-4.999970078450166,4.999998723317586,-4.999992315481656
99.0,144.0,129.8876190185547,4.9987187387355405,-4.999639696574477,4.999684791058184,4.999875605777752,4.999861611035695,-4.999972895764061,4.99984776991233,-4.999998936315013,4.999979461690415,-4.999997356413285
99.0,144.0,129.8873291015625,4.999883609915456,-4.999628328777989,4.999614171657099,4.999775967505073,4.999741670546014,-4.9999872242006,4.999942352857257,-4.999949790122229,4.999997909176283,-4.999944286596689
99.0,144.0,129.8868865966797,4.99857315080897,-4.999861834225508,4.999969191200165,4.999971903214045,4.999873011450277,-4.999968960218061,4.999973330462848,-4.999996940047696,4.999953086008492,-4.999949465062862
99.0,144.0,129.88735961914062,4.999692041072507,-4.999931307415007,4.9996917341206135,4.9999460430829625,4.999972148837948,-4.99980333297162,4.9999999155106885,-4.999982512873711,4.999876925925495,-4.999919693166152
99.0,144.0,129.88687133789062,4.999851950252094,-4.999531242493172,4.999850947383141,4.999932150700518,4.9999979174613305,-4.999994009643649,4.999935741291507,-4.999999995745041,4.999855750438433,-4.999941140978808
99.0,144.0,129.88760375976562,4.9997296210216025,-4.999989941676015,4.999940151239896,4.999826343024225,4.999438832782348,-4.999960737076083,4.99998841657498,-4.999963846204582,4.9998940187224665,-4.9999647852229305
99.0,144.0,129.8878631591797,4.999695175574647,-4.999608110113003,4.999898493763499,4.999455251602611,4.999983043899949,-4.999842123311197,4.999876964981047,-4.99994553147854,4.999994445739971,-4.999953735240641
99.0,144.0,129.8866424560547,4.9995909532960665,-4.999626256280686,4.999688767547926,4.999950844317765,4.999924672363284,-4.999811857965057,4.999966402430403,-4.999982587512296,4.999995128675,-4.99997494708188
99.0,144.0,129.88681030273438,4.9992207738301335,-4.999353848368632,4.999996424516434,4.999990916108072,4.999979548618237,-4.99993728882059,4.999945760509421,-4.999998684485416,4.999995648210646,-4.999910373577006
99.0,144.0,129.8876953125,4.999209841203515,-4.999981443333336,4.999952696714485,4.999994332328206,4.999787830865131,-4.999804543569445,4.999980835028543,-4.999996386023737,4.999909470091056,-4.999901139061065
99.0,144.0,129.88665771484375,4.999472209119519,-4.999796852385437,4.9997927510867415,4.999871753354233,4.999955816726889,-4.999875105082449,4.99995926814643,-4.999966837731221,4.999951028717531,-4.9999794724454425
99.0,144.0,129.88876342773438,4.998963632376229,-4.999877100254572,4.99936777688646,4.999637074053015,4.999998272453522,-4.999995015294191,4.999947823302863,-4.999950579236428,4.999931612203598,-4.9999045099108645
99.0,145.0,129.88662719726562,4.999808224121409,-4.999999984842371,4.999999851880876,4.999735579208586,4.999831727509756,-4.999725966790427,4.999890098996834,-4.999996606013864,4.999993181250615,-4.99998729200175
99.0,145.0,129.88662719726562,4.999978452429949,-4.999783940056081,4.999528787957263,4.999846982472281,4.999940943260096,-4.999815399096297,4.999923723737115,-4.999957943307351,4.9999990727730514,-4.999992632990839
99.0,145.0,129.88661193847656,4.999932504417563,-4.99965321238698,4.999889077952625,4.999888627185214,4.999862849283787,-4.999793595031352,4.999943763391136,-4.999952927207734,4.999974908750334,-4.999988488397329
99.0,145.0,129.8868408203125,4.998807775234305,-4.999767185767697,4.999952796182736,4.999960249338328,4.999843083066055,-4.999937476173488,4.999960511773878,-4.999993399499983,4.999977556896042,-4.9999568046538645
99.0,145.0,129.8871307373047,4.99965040417297,-4.999294408499412,4.999999920258846,4.999991839056018,4.99998175137894,-4.999961601344469,4.99992478505355,-4.999998863455053,4.999937164999343,-4.999887151785392
99.0,145.0,129.88682556152344,4.999963517204643,-4.9999995648855,4.999707742352118,4.999829137284722,4.999705707987687,-4.999817056413679,4.999960511773878,-4.999943217993724,4.999996800470661,-4.999978905147289
99.0,145.0,129.8879852294922,4.999646734619222,-4.999931012467161,4.999768397695859,4.999512639787913,4.999686290053123,-4.999958489426781,4.99996692817666,-4.999891258627304,4.999963155206849,-4.999970482643074
99.0,145.0,129.88697814941406,4.99881514022994,-4.999715290518919,4.999960752807647,4.999972763758131,4.999911696384071,-4.9998599140291065,4.999919686868696,-4.999993168044036,4.999977690365732,-4.999973006492732
99.0,145.0,129.886962890625,4.999798735780606,-4.999986251379156,4.9996236483024905,4.999767188780449,4.999731639657794,-4.9998904638489,4.999929772042323,-4.999969536093882,4.999999980494221,-4.999972773800993
99.0,145.0,129.88717651367188,4.999926727978919,-4.999921800927762,4.9994778050506525,4.999823416763191,4.9995287993856525,-4.999967261282068,4.999999721223314,-4.999960219547692,4.999999703553248,-4.999961747949714
99.0,145.0,129.88690185546875,4.9994651363642,-4.999902277860068,4.9999886916877125,4.999791901947041,4.999969967142315,-4.999750746497293,4.999913121781406,-4.9999795272433865,4.9999477232172405,-4.999983571595393
99.0,145.0,129.88575744628906,4.999599429063153,-4.999906634648257,4.999990806449588,4.999720720753602,4.999932375420126,-4.999932783733321,4.999929959628037,-4.999972445770068,4.9999999985489625,-4.999999845932559
99.0,145.0,129.8870391845703,4.999917005252801,-4.999620454331681,4.99999521005194,4.999984764802389,4.999912543885741,-4.999600675676597,4.999939833697364,-4.999999772561697,4.9999477897170745,-4.999963304989946
99.0,145.0,129.8860626220703,4.999768633607752,-4.999632815876778,4.999947971710668,4.999803146229146,4.999905296510287,-4.999965650838524,4.99989854212418,-4.999957886190822,4.999999996561112,-4.999995901195371
99.0,145.0,129.88690185546875,4.999460551149312,-4.999597531090618,4.999962421987083,4.999970229849846,4.999997151647953,-4.999873607355769,4.999897563347788,-4.9999490720262525,4.999969974852421,-4.999946395649639
99.0,145.0,129.88751220703125,4.999800402381558,-4.999453494192393,4.999999045236644,4.999989311003081,4.999928273162323,-4.999587864248532,4.99993104979551,-4.999999854476621,4.9999174176286045,-4.999975293474426
99.0,145.0,129.88662719726562,4.999822369632048,-4.99978913389311,4.999540443515086,4.999895282022971,4.999664266268658,-4.99997468396074,4.999982391726883,-4.9999712269895324,4.999999792251196,-4.99997909370185
99.0,145.0,129.8865509033203,4.999950567005241,-4.999999863614597,4.999488095143679,4.999789241469692,4.999786177770252,-4.999894407014107,4.999979568960086,-4.999945738383556,4.999998000955936,-4.99999121354526
99.0,145.0,129.8863525390625,4.999173322235065,-4.999883357601323,4.999811363973807,4.999954860855715,4.999953151839806,-4.999825205433815,4.999995253500625,-4.999972218914138,4.999973980671125,-4.999989203003972
99.0,145.0,129.88726806640625,4.999869181085308,-4.999838246398178,4.999333005998884,4.999894801330555,4.999708993745966,-4.999996407071043,4.999938949344841,-4.99995043542244,4.99997457417794,-4.999970697877238
99.0,145.0,129.88694763183594,4.999847341443012,-4.9999952584563925,4.999807049881017,4.999716845441492,4.99972295919132,-4.999903302306497,4.999886185638313,-4.99999180995299,4.999992141222733,-4.999959710132232
99.0,145.0,129.8865203857422,4.999961831827381,-4.99977847382312,4.999989775029506,4.999621663234226,4.999817636019001,-4.999958447669885,4.999958121256345,-4.999904047346968,4.999991843319329,-4.999982464310266
99.0,145.0,129.8866729736328,4.999805375272251,-4.999637781549946,4.999999775656817,4.999813435039261,4.9999592071828864,-4.9996325531684604,4.999950179574299,-4.999959382243979,4.999999989232048,-4.999999450335725
99.0,145.0,129.88638305664062,4.9999594974196295,-4.999954864083034,4.999465960598746,4.999940915267012,4.999631282440587,-4.999992206092702,4.9999971645624,-4.999996227684285,4.999975206082983,-4.999971507098207
99.0,145.0,129.88674926757812,4.999995705436875,-4.999931273482292,4.9996821216274085,4.9998528097248895,4.999733197130075,-4.999816705852208,4.999936972597873,-4.999942203703805,4.99999245938305,-4.999999279879699
99.0,145.0,129.88619995117188,4.999602235292364,-4.9998038599577495,4.999523127570205,4.999890438219786,4.99989537655788,-4.999958038467879,4.999979214309813,-4.999970278038905,4.999995061213083,-4.999993559612969
99.0,145.0,129.8860626220703,4.99990171123777,-4.9996356606201,4.999999660175402,4.999906477955805,4.999970559029308,-4.999647903117275,4.999966710934592,-4.999988970641548,4.999999892191334,-4.999997686277828
99.0,145.0,129.88706970214844,4.999400631490024,-4.999465604153008,4.999993784870731,4.999958829009769,4.9999895988813865,-4.999661082280147,4.999938597291346,-4.999998763984969,4.999976503131027,-4.999973997211625
99.0,145.0,129.88748168945312,4.9995691767017565,-4.999568586927987,4.999895582433445,4.999995259496842,4.999711959192908,-4.999930456453545,4.999956171965621,-4.999986990124473,4.9998921812563815,-4.999955797568306
99.0,145.0,129.88668823242188,4.999764082623214,-4.999706500356728,4.999786737848411,4.999998129871312,4.9996905353245085,-4.999886231648775,4.999986719647374,-4.999981603240829,4.999983538413574,-4.999955243989598
99.0,145.0,129.8863067626953,4.999703083873716,-4.999913210569155,4.999293229276095,4.999895744275722,4.999905177153224,-4.999980840423094,4.999979564299641,-4.999991925851358,4.999999974442004,-4.999967252924806
99.0,145.0,129.88697814941406,4.999517722806792,-4.99968937287373,4.999836120582013,4.999849693073223,4.999956898487893,-4.999879662981144,4.999943535121559,-4.999959235913167,4.999987348466546,-4.999935971171393
99.0,145.0,129.88645935058594,4.99996112473232,-4.999668940155922,4.999991850481534,4.999897182534866,4.999885969090051,-4.999600701058902,4.999955828683591,-4.999985712526879,4.999999837939678,-4.9999983827405705
99.0,145.0,129.8870086669922,4.999513806348576,-4.99999601110885,4.9997489326166935,4.999816237389224,4.999921195431981,-4.999975328950139,4.999974895208062,-4.999935659870218,4.99994970580163,-4.999919353031819
99.0,145.0,129.8863525390625,4.9999414579701895,-4.999818010430207,4.999759961051884,4.999848445602798,4.999895959958444,-4.999812136993304,4.999918071412948,-4.999959756635796,4.99999997049263,-4.999994151627448
99.0,145.0,129.88577270507812,4.999523472101217,-4.999525622921756,4.999872230204618,4.999979226070006,4.999966079945604,-4.999926368770879,4.999935173508691,-4.999989587488496,4.9999999987023696,-4.999999609011503
99.0,145.0,129.88743591308594,4.998992689566422,-4.9996501222316105,4.999545454774083,4.999862632982801,4.999993511939925,-4.99994538459589,4.999878823065508,-4.999981837696346,4.99997271686104,-4.999987584562033
99.0,145.0,129.8874969482422,4.9999176413157205,-4.999645844969598,4.999972677118609,4.999638955398938,4.999755853624647,-4.999768244210903,4.999858882322705,-4.999970078450166,4.999998723317586,-4.999992315481656
99.0,145.0,129.8876190185547,4.9987187387355405,-4.999639696574477,4.999684791058184,4.999875605777752,4.999861611035695,-4.999972895764061,4.99984776991233,-4.999998936315013,4.999979461690415,-4.999997356413285
99.0,145.0,129.8873291015625,4.999883609915456,-4.999628328777989,4.999614171657099,4.999775967505073,4.999741670546014,-4.9999872242006,4.999942352857257,-4.999949790122229,4.999997909176283,-4.999944286596689
99.0,145.0,129.88682556152344,4.999863040401701,-4.99972965312142,4.999969191200165,4.9998268188635215,4.999873011450277,-4.999989351552012,4.999999999846924,-4.999952126318091,4.999866622717887,-4.999949465062862
99.0,145.0,129.88735961914062,4.999692041072507,-4.999931307415007,4.9996917341206135,4.9999460430829625,4.999972148837948,-4.99980333297162,4.9999999155106885,-4.999982512873711,4.999876925925495,-4.999919693166152
99.0,145.0,129.88681030273438,4.999638216160116,-4.999862194109983,4.999701381288623,4.999932150700518,4.9996639263144695,-4.999951236744947,4.999958128591478,-4.99990165441085,4.999996503017416,-4.999998785254936
99.0,145.0,129.88751220703125,4.999943795011767,-4.999924432736725,4.99930625171255,4.999860995476906,4.999438832782348,-4.999904524001167,4.999985596945869,-4.999987374236305,4.999999999402497,-4.999984581986388
99.0,145.0,129.886962890625,4.999900016173664,-4.999788923914674,4.999394388750707,4.999942061061039,4.999601256507623,-4.9999912995113664,4.999992083995388,-4.999944532979463,4.99999996518542,-4.999974900274619
99.0,145.0,129.8866424560547,4.9995909532960665,-4.999626256280686,4.999688767547926,4.999950844317765,4.999924672363284,-4.999811857965057,4.999966402430403,-4.999982587512296,4.999995128675,-4.99997494708188
99.0,145.0,129.88681030273438,4.9992207738301335,-4.999353848368632,4.999996424516434,4.999990916108072,4.999979548618237,-4.99993728882059,4.999945760509421,-4.999998684485416,4.999995648210646,-4.999910373577006
99.0,145.0,129.8876953125,4.999209841203515,-4.999981443333336,4.999952696714485,4.999994332328206,4.999787830865131,-4.999804543569445,4.999980835028543,-4.999996386023737,4.999909470091056,-4.999901139061065
99.0,145.0,129.88604736328125,4.9998354437180055,-4.999622379882254,4.999854894223108,4.999998442331954,4.999955816726889,-4.999894616744598,4.999980869332687,-4.999976713511786,4.999951028717531,-4.999965932902826
99.0,145.0,129.88693237304688,4.999884663417527,-4.999711963168446,4.9998876143797695,4.999903865069328,4.9997749648094345,-4.999995015294191,4.999979271658596,-4.999976627866445,4.999931612203598,-4.9999045099108645
99.0,146.0,129.88662719726562,4.999808224121409,-4.999999984842371,4.999999851880876,4.999735579208586,4.999831727509756,-4.999725966790427,4.999890098996834,-4.999996606013864,4.999993181250615,-4.99998729200175
99.0,146.0,129.88662719726562,4.999978452429949,-4.999783940056081,4.999528787957263,4.999846982472281,4.999940943260096,-4.999815399096297,4.999923723737115,-4.999957943307351,4.9999990727730514,-4.999992632990839
99.0,146.0,129.88645935058594,4.999987964270765,-4.999994415097158,4.999889077952625,4.999888627185214,4.99970021159834,-4.999817401740634,4.999916811440996,-4.999929107481803,4.999999255809999,-4.9999993862862
99.0,146.0,129.8868408203125,4.998807775234305,-4.999767185767697,4.999952796182736,4.999960249338328,4.999843083066055,-4.999937476173488,4.999960511773878,-4.999993399499983,4.999977556896042,-4.9999568046538645
99.0,146.0,129.8871307373047,4.99965040417297,-4.999294408499412,4.999999920258846,4.999991839056018,4.99998175137894,-4.999961601344469,4.99992478505355,-4.999998863455053,4.999937164999343,-4.999887151785392
99.0,146.0,129.88682556152344,4.999963517204643,-4.9999995648855,4.999707742352118,4.999829137284722,4.999705707987687,-4.999817056413679,4.999960511773878,-4.999943217993724,4.999996800470661,-4.999978905147289
99.0,146.0,129.8872528076172,4.999994067426781,-4.999752648571381,4.999336073692941,4.999911306353679,4.999705069994742,-4.99999674866596,4.99996692817666,-4.999950485157482,4.999954905112098,-4.999970482643074
99.0,146.0,129.8860626220703,4.999959585413048,-4.999926884157794,4.999829856802156,4.999669575348352,4.999975579388579,-4.999921368848466,4.999965831115324,-4.999904074938888,4.999993922914353,-4.999990154707199
99.0,146.0,129.886962890625,4.999798735780606,-4.999986251379156,4.9996236483024905,4.999767188780449,4.999731639657794,-4.9998904638489,4.999929772042323,-4.999969536093882,4.999999980494221,-4.999972773800993
99.0,146.0,129.88687133789062,4.999019740845529,-4.999246719585812,4.99999647425056,4.999973874613133,4.999992327566969,-4.999950150790945,4.999935598882089,-4.999997191223539,4.999996674579843,-4.999938206373406
99.0,146.0,129.88690185546875,4.9994651363642,-4.999902277860068,4.9999886916877125,4.999791901947041,4.999969967142315,-4.999750746497293,4.999913121781406,-4.9999795272433865,4.9999477232172405,-4.999983571595393
99.0,146.0,129.88575744628906,4.999599429063153,-4.999906634648257,4.999990806449588,4.999720720753602,4.999932375420126,-4.999932783733321,4.999929959628037,-4.999972445770068,4.9999999985489625,-4.999999845932559
99.0,146.0,129.8866729736328,4.999880759946644,-4.999704482379539,4.99994417240702,4.9999986113005175,4.999745009321314,-4.999723735325382,4.999991435896041,-4.999976620404096,4.999993753664033,-4.99995540892187
99.0,146.0,129.8860626220703,4.999768633607752,-4.999632815876778,4.999947971710668,4.999803146229146,4.999905296510287,-4.999965650838524,4.99989854212418,-4.999957886190822,4.999999996561112,-4.999995901195371
99.0,146.0,129.88690185546875,4.999460551149312,-4.999597531090618,4.999962421987083,4.999970229849846,4.999997151647953,-4.999873607355769,4.999897563347788,-4.9999490720262525,4.999969974852421,-4.999946395649639
99.0,146.0,129.88751220703125,4.999800402381558,-4.999453494192393,4.999999045236644,4.999989311003081,4.999928273162323,-4.999587864248532,4.99993104979551,-4.999999854476621,4.9999174176286045,-4.999975293474426
99.0,146.0,129.88662719726562,4.999822369632048,-4.99978913389311,4.999540443515086,4.999895282022971,4.999664266268658,-4.99997468396074,4.999982391726883,-4.9999712269895324,4.999999792251196,-4.99997909370185
99.0,146.0,129.8865509033203,4.999950567005241,-4.999999863614597,4.999488095143679,4.999789241469692,4.999786177770252,-4.999894407014107,4.999979568960086,-4.999945738383556,4.999998000955936,-4.99999121354526
99.0,146.0,129.8863525390625,4.999173322235065,-4.999883357601323,4.999811363973807,4.999954860855715,4.999953151839806,-4.999825205433815,4.999995253500625,-4.999972218914138,4.999973980671125,-4.999989203003972
99.0,146.0,129.88726806640625,4.999869181085308,-4.999838246398178,4.999333005998884,4.999894801330555,4.999708993745966,-4.999996407071043,4.999938949344841,-4.99995043542244,4.99997457417794,-4.999970697877238
99.0,146.0,129.88644409179688,4.999521200785588,-4.99983628851167,4.999995806763244,4.999716845441492,4.999942037300936,-4.999769836482609,4.999925988787014,-4.999982615087579,4.99999999935335,-4.99999994380968
99.0,146.0,129.8865203857422,4.999961831827381,-4.99977847382312,4.999989775029506,4.999621663234226,4.999817636019001,-4.999958447669885,4.999958121256345,-4.999904047346968,4.999991843319329,-4.999982464310266
99.0,146.0,129.8866729736328,4.999805375272251,-4.999637781549946,4.999999775656817,4.999813435039261,4.9999592071828864,-4.9996325531684604,4.999950179574299,-4.999959382243979,4.999999989232048,-4.999999450335725
99.0,146.0,129.88638305664062,4.9999594974196295,-4.999954864083034,4.999465960598746,4.999940915267012,4.999631282440587,-4.999992206092702,4.9999971645624,-4.999996227684285,4.999975206082983,-4.999971507098207
99.0,146.0,129.88674926757812,4.999995705436875,-4.999931273482292,4.9996821216274085,4.9998528097248895,4.999733197130075,-4.999816705852208,4.999936972597873,-4.999942203703805,4.99999245938305,-4.999999279879699
99.0,146.0,129.8861541748047,4.999814328623104,-4.999641961845207,4.999639879685089,4.999893722135688,4.999937627297703,-4.999904834191188,4.999944702101795,-4.999965756930283,4.99999999989569,-4.999999610962959
99.0,146.0,129.8860626220703,4.99990171123777,-4.9996356606201,4.999999660175402,4.999906477955805,4.999970559029308,-4.999647903117275,4.999966710934592,-4.999988970641548,4.999999892191334,-4.999997686277828
99.0,146.0,129.88706970214844,4.999400631490024,-4.999465604153008,4.999993784870731,4.999958829009769,4.9999895988813865,-4.999661082280147,4.999938597291346,-4.999998763984969,4.999976503131027,-4.999973997211625
99.0,146.0,129.88739013671875,4.998846173307201,-4.999329040861501,4.999669200723953,4.9999499723422245,4.999998538531486,-4.999930456453545,4.999956171965621,-4.999986990124473,4.999995688065548,-4.999955797568306
99.0,146.0,129.88668823242188,4.999764082623214,-4.999706500356728,4.999786737848411,4.999998129871312,4.9996905353245085,-4.999886231648775,4.999986719647374,-4.999981603240829,4.999983538413574,-4.999955243989598
99.0,146.0,129.8863067626953,4.999703083873716,-4.999913210569155,4.999293229276095,4.999895744275722,4.999905177153224,-4.999980840423094,4.999979564299641,-4.999991925851358,4.999999974442004,-4.999967252924806
99.0,146.0,129.88697814941406,4.999517722806792,-4.99968937287373,4.999836120582013,4.999849693073223,4.999956898487893,-4.999879662981144,4.999943535121559,-4.999959235913167,4.999987348466546,-4.999935971171393
99.0,146.0,129.88645935058594,4.99996112473232,-4.999668940155922,4.999991850481534,4.999897182534866,4.999885969090051,-4.999600701058902,4.999955828683591,-4.999985712526879,4.999999837939678,-4.9999983827405705
99.0,146.0,129.88670349121094,4.999960996192863,-4.999961685490416,4.999359724458985,4.999899663120625,4.999518653025538,-4.99999760652658,4.999990283022783,-4.999999591128097,4.99998152209682,-4.999989908413007
99.0,146.0,129.8863525390625,4.9999414579701895,-4.999818010430207,4.999759961051884,4.999848445602798,4.999895959958444,-4.999812136993304,4.999918071412948,-4.999959756635796,4.99999997049263,-4.999994151627448
99.0,146.0,129.88577270507812,4.999523472101217,-4.999525622921756,4.999872230204618,4.999979226070006,4.999966079945604,-4.999926368770879,4.999935173508691,-4.999989587488496,4.9999999987023696,-4.999999609011503
99.0,146.0,129.88665771484375,4.999999032205681,-4.999857315710817,4.999909785234174,4.999569732311484,4.999825771467407,-4.999960218235505,4.9999367819097005,-4.999891725244495,4.999993815368354,-4.999991307264746
99.0,146.0,129.8873291015625,4.999846342051038,-4.999645844969598,4.999360674005067,4.999859560289671,4.999755853624647,-4.999926636403552,4.999970323104993,-4.999990067678127,4.999954320823901,-4.999984858775742
99.0,146.0,129.8865509033203,4.999987429793696,-4.999733357309079,4.999840357482313,4.999849636204954,4.999984447630487,-4.999614283987233,4.9999265110823226,-4.999977395188015,4.999999977969928,-4.999999732092489
99.0,146.0,129.8873291015625,4.999883609915456,-4.999628328777989,4.999614171657099,4.999775967505073,4.999741670546014,-4.9999872242006,4.999942352857257,-4.999949790122229,4.999997909176283,-4.999944286596689
99.0,146.0,129.88682556152344,4.999863040401701,-4.99972965312142,4.999969191200165,4.9998268188635215,4.999873011450277,-4.999989351552012,4.999999999846924,-4.999952126318091,4.999866622717887,-4.999949465062862
99.0,146.0,129.88658142089844,4.999866590610745,-4.999583794519922,4.9998817430532325,4.999999690579193,4.999966499443727,-4.999904782411324,4.999979309298543,-4.999979413950243,4.999916938693731,-4.999928641007333
99.0,146.0,129.8861541748047,4.998934663939767,-4.999930989476111,4.999967736422692,4.999842923614003,4.999971580542495,-4.999951236744947,4.999886650384301,-4.999997975988731,4.999998876903118,-4.999988753709453
99.0,146.0,129.88751220703125,4.999943795011767,-4.999924432736725,4.99930625171255,4.999860995476906,4.999438832782348,-4.999904524001167,4.999985596945869,-4.999987374236305,4.999999999402497,-4.999984581986388
99.0,146.0,129.886962890625,4.999900016173664,-4.999788923914674,4.999394388750707,4.999942061061039,4.999601256507623,-4.9999912995113664,4.999992083995388,-4.999944532979463,4.99999996518542,-4.999974900274619
99.0,146.0,129.8865509033203,4.999361467604714,-4.999772713973297,4.999724463153863,4.999920793458198,4.999980703345733,-4.999999492618282,4.999921645604939,-4.999934283807395,4.999995128675,-4.99995552871891
99.0,146.0,129.88597106933594,4.999653819628849,-4.999716869392912,4.99998848553512,4.999845313550503,4.999972783608119,-4.999870138176407,4.999954826978303,-4.999974029043984,4.999977302782192,-4.999987852426656
99.0,146.0,129.88723754882812,4.999737702850888,-4.999618868648617,4.999525507800147,4.99985744695941,4.999733262894759,-4.999995207269645,4.999983418716867,-4.999946135957605,4.999999954709307,-4.999947102300979
99.0,146.0,129.88604736328125,4.9998354437180055,-4.999622379882254,4.999854894223108,4.999998442331954,4.999955816726889,-4.999894616744598,4.999980869332687,-4.999976713511786,4.999951028717531,-4.999965932902826
99.0,146.0,129.88632202148438,4.999200920220101,-4.999711963168446,4.999990915342904,4.999894907373365,4.999968055817196,-4.999948404346023,4.999868601078485,-4.999981601021062,4.999989841266009,-4.999986797669107
99.0,147.0,129.88601684570312,4.999790245524379,-4.999638987397339,4.999760240968094,4.999902002869378,4.9999828987036175,-4.999858530463187,4.999963960339509,-4.999979218625062,4.9999765596663135,-4.999999810065644
99.0,147.0,129.88662719726562,4.999978452429949,-4.999783940056081,4.999528787957263,4.999846982472281,4.999940943260096,-4.999815399096297,4.999923723737115,-4.999957943307351,4.9999990727730514,-4.999992632990839
99.0,147.0,129.88645935058594,4.999987964270765,-4.999994415097158,4.999889077952625,4.999888627185214,4.99970021159834,-4.999817401740634,4.999916811440996,-4.999929107481803,4.999999255809999,-4.9999993862862
99.0,147.0,129.8859100341797,4.999705167571875,-4.99974842308795,4.999884126683554,4.99979683973614,4.999897460793619,-4.999948034551728,4.999903736351751,-4.999994992090853,4.99999999710946,-4.999999122332624
99.0,147.0,129.88702392578125,4.999717026586071,-4.999294408499412,4.999313575682887,4.999924614777017,4.99998175137894,-4.999941336464189,4.999951641688156,-4.999998028313256,4.999999990957608,-4.999967962647595
99.0,147.0,129.88682556152344,4.999963517204643,-4.9999995648855,4.999707742352118,4.999829137284722,4.999705707987687,-4.999817056413679,4.999960511773878,-4.999943217993724,4.999996800470661,-4.999978905147289
99.0,147.0,129.8872528076172,4.999994067426781,-4.999752648571381,4.999336073692941,4.999911306353679,4.999705069994742,-4.99999674866596,4.99996692817666,-4.999950485157482,4.999954905112098,-4.999970482643074
99.0,147.0,129.8860626220703,4.999959585413048,-4.999926884157794,4.999829856802156,4.999669575348352,4.999975579388579,-4.999921368848466,4.999965831115324,-4.999904074938888,4.999993922914353,-4.999990154707199
99.0,147.0,129.886962890625,4.999798735780606,-4.999986251379156,4.9996236483024905,4.999767188780449,4.999731639657794,-4.9998904638489,4.999929772042323,-4.999969536093882,4.999999980494221,-4.999972773800993
99.0,147.0,129.88687133789062,4.999019740845529,-4.999246719585812,4.99999647425056,4.999973874613133,4.999992327566969,-4.999950150790945,4.999935598882089,-4.999997191223539,4.999996674579843,-4.999938206373406
99.0,147.0,129.88682556152344,4.999597197947844,-4.999576349798813,4.999753894136575,4.999940306021163,4.9998629207261525,-4.9998727719539495,4.999957072973137,-4.9999795272433865,4.999957501736965,-4.999985204460927
99.0,147.0,129.88575744628906,4.999599429063153,-4.999906634648257,4.999990806449588,4.999720720753602,4.999932375420126,-4.999932783733321,4.999929959628037,-4.999972445770068,4.9999999985489625,-4.999999845932559
99.0,147.0,129.8866729736328,4.999880759946644,-4.999704482379539,4.99994417240702,4.9999986113005175,4.999745009321314,-4.999723735325382,4.999991435896041,-4.999976620404096,4.999993753664033,-4.99995540892187
99.0,147.0,129.8860626220703,4.999768633607752,-4.999632815876778,4.999947971710668,4.999803146229146,4.999905296510287,-4.999965650838524,4.99989854212418,-4.999957886190822,4.999999996561112,-4.999995901195371
99.0,147.0,129.8857421875,4.999994026782684,-4.999877746245085,4.999890657349535,4.999970229849846,4.999997151647953,-4.999742379021438,4.999938164892089,-4.999932200123549,4.999999679967906,-4.999999793571059
99.0,147.0,129.8873291015625,4.9998991734850335,-4.999678378383484,4.9995354050894,4.999838324035791,4.9996572205232805,-4.999996256890047,4.99993104979551,-4.999924947656084,4.999997486609754,-4.999976679856108
99.0,147.0,129.88583374023438,4.999742939489638,-4.999366013031304,4.999891385315026,4.999999906673921,4.999939864853898,-4.99997468396074,4.999939875603976,-4.999994200412041,4.999961143179172,-4.999999647281995
99.0,147.0,129.8865509033203,4.999950567005241,-4.999999863614597,4.999488095143679,4.999789241469692,4.999786177770252,-4.999894407014107,4.999979568960086,-4.999945738383556,4.999998000955936,-4.99999121354526
99.0,147.0,129.8863525390625,4.999173322235065,-4.999883357601323,4.999811363973807,4.999954860855715,4.999953151839806,-4.999825205433815,4.999995253500625,-4.999972218914138,4.999973980671125,-4.999989203003972
99.0,147.0,129.88726806640625,4.999869181085308,-4.999838246398178,4.999333005998884,4.999894801330555,4.999708993745966,-4.999996407071043,4.999938949344841,-4.99995043542244,4.99997457417794,-4.999970697877238
99.0,147.0,129.88644409179688,4.999521200785588,-4.99983628851167,4.999995806763244,4.999716845441492,4.999942037300936,-4.999769836482609,4.999925988787014,-4.999982615087579,4.99999999935335,-4.99999994380968
99.0,147.0,129.8865203857422,4.999961831827381,-4.99977847382312,4.999989775029506,4.999621663234226,4.999817636019001,-4.999958447669885,4.999958121256345,-4.999904047346968,4.999991843319329,-4.999982464310266
99.0,147.0,129.8866729736328,4.999805375272251,-4.999637781549946,4.999999775656817,4.999813435039261,4.9999592071828864,-4.9996325531684604,4.999950179574299,-4.999959382243979,4.999999989232048,-4.999999450335725
99.0,147.0,129.88638305664062,4.9999594974196295,-4.999954864083034,4.999465960598746,4.999940915267012,4.999631282440587,-4.999992206092702,4.9999971645624,-4.999996227684285,4.999975206082983,-4.999971507098207
99.0,147.0,129.88674926757812,4.999995705436875,-4.999931273482292,4.9996821216274085,4.9998528097248895,4.999733197130075,-4.999816705852208,4.999936972597873,-4.999942203703805,4.99999245938305,-4.999999279879699
99.0,147.0,129.8861541748047,4.999814328623104,-4.999641961845207,4.999639879685089,4.999893722135688,4.999937627297703,-4.999904834191188,4.999944702101795,-4.999965756930283,4.99999999989569,-4.999999610962959
99.0,147.0,129.88583374023438,4.999097544413364,-4.999922901522806,4.999805718912958,4.9999708001113365,4.999959940052422,-4.999943997937788,4.999997577202628,-4.99997954231414,4.999962637446197,-4.999997686277828
99.0,147.0,129.8863983154297,4.999847156014798,-4.999819313963613,4.999943654437177,4.9997337364765535,4.9999895988813865,-4.999996110408231,4.999983746011259,-4.999931142175191,4.99990791218414,-4.999959768923334
99.0,147.0,129.88629150390625,4.999860699154752,-4.999776545119907,4.999839398123138,4.999790766695771,4.999963874197547,-4.999731267379033,4.999935879007733,-4.999985428486441,4.999999924221218,-4.999999987620885
99.0,147.0,129.88668823242188,4.999764082623214,-4.999706500356728,4.999786737848411,4.999998129871312,4.9996905353245085,-4.999886231648775,4.999986719647374,-4.999981603240829,4.999983538413574,-4.999955243989598
99.0,147.0,129.8863067626953,4.999703083873716,-4.999913210569155,4.999293229276095,4.999895744275722,4.999905177153224,-4.999980840423094,4.999979564299641,-4.999991925851358,4.999999974442004,-4.999967252924806
99.0,147.0,129.88697814941406,4.999517722806792,-4.99968937287373,4.999836120582013,4.999849693073223,4.999956898487893,-4.999879662981144,4.999943535121559,-4.999959235913167,4.999987348466546,-4.999935971171393
99.0,147.0,129.88645935058594,4.99996112473232,-4.999668940155922,4.999991850481534,4.999897182534866,4.999885969090051,-4.999600701058902,4.999955828683591,-4.999985712526879,4.999999837939678,-4.9999983827405705
99.0,147.0,129.88670349121094,4.999960996192863,-4.999961685490416,4.999359724458985,4.999899663120625,4.999518653025538,-4.99999760652658,4.999990283022783,-4.999999591128097,4.99998152209682,-4.999989908413007
99.0,147.0,129.8863525390625,4.9999414579701895,-4.999818010430207,4.999759961051884,4.999848445602798,4.999895959958444,-4.999812136993304,4.999918071412948,-4.999959756635796,4.99999997049263,-4.999994151627448
99.0,147.0,129.88577270507812,4.999523472101217,-4.999525622921756,4.999872230204618,4.999979226070006,4.999966079945604,-4.999926368770879,4.999935173508691,-4.999989587488496,4.9999999987023696,-4.999999609011503
99.0,147.0,129.88665771484375,4.999999032205681,-4.999857315710817,4.999909785234174,4.999569732311484,4.999825771467407,-4.999960218235505,4.9999367819097005,-4.999891725244495,4.999993815368354,-4.999991307264746
99.0,147.0,129.8873291015625,4.999846342051038,-4.999645844969598,4.999360674005067,4.999859560289671,4.999755853624647,-4.999926636403552,4.999970323104993,-4.999990067678127,4.999954320823901,-4.999984858775742
99.0,147.0,129.8865509033203,4.999987429793696,-4.999733357309079,4.999840357482313,4.999849636204954,4.999984447630487,-4.999614283987233,4.9999265110823226,-4.999977395188015,4.999999977969928,-4.999999732092489
99.0,147.0,129.88632202148438,4.999965217392918,-4.999658133123109,4.999682192535578,4.999991469537602,4.999794882027279,-4.999978117074042,4.999981824863574,-4.999988717896859,4.99995164142346,-4.999957084949943
99.0,147.0,129.88677978515625,4.9999933733383575,-4.999758221088088,4.999969191200165,4.999575718735892,4.99965598045574,-4.999995547781553,4.999999999846924,-4.99992111673135,4.999998355396685,-4.999966742404242
99.0,147.0,129.88658142089844,4.999866590610745,-4.999583794519922,4.9998817430532325,4.999999690579193,4.999966499443727,-4.999904782411324,4.999979309298543,-4.999979413950243,4.999916938693731,-4.999928641007333
99.0,147.0,129.8861541748047,4.998934663939767,-4.999930989476111,4.999967736422692,4.999842923614003,4.999971580542495,-4.999951236744947,4.999886650384301,-4.999997975988731,4.999998876903118,-4.999988753709453
99.0,147.0,129.88619995117188,4.999639099866014,-4.999829898011752,4.999991698598246,4.999726318720018,4.9999958213311855,-4.999769393311588,4.999922119231892,-4.999981317596076,4.999999999551028,-4.999999951293307
99.0,147.0,129.88580322265625,4.999900016173664,-4.999788923914674,4.999856150822443,4.999945370731362,4.999997494746081,-4.9999912995113664,4.999885994681327,-4.999952860113368,4.9999840426342335,-4.9999599739301255
99.0,147.0,129.8865509033203,4.999361467604714,-4.999772713973297,4.999724463153863,4.999920793458198,4.999980703345733,-4.999999492618282,4.999921645604939,-4.999934283807395,4.999995128675,-4.99995552871891
99.0,147.0,129.8859405517578,4.999260685608002,-4.99976298987968,4.999890625533816,4.999995368876914,4.999972783608119,-4.999955781524596,4.999971009133051,-4.999994886919596,4.999982991618817,-4.999952545030601
99.0,147.0,129.88723754882812,4.999737702850888,-4.999618868648617,4.999525507800147,4.99985744695941,4.999733262894759,-4.999995207269645,4.999983418716867,-4.999946135957605,4.999999954709307,-4.999947102300979
99.0,147.0,129.88604736328125,4.9998354437180055,-4.999622379882254,4.999854894223108,4.999998442331954,4.999955816726889,-4.999894616744598,4.999980869332687,-4.999976713511786,4.999951028717531,-4.999965932902826
99.0,147.0,129.88632202148438,4.999200920220101,-4.999711963168446,4.999990915342904,4.999894907373365,4.999968055817196,-4.999948404346023,4.999868601078485,-4.999981601021062,4.999989841266009,-4.999986797669107
99.0,148.0,129.88601684570312,4.999790245524379,-4.999638987397339,4.999760240968094,4.999902002869378,4.9999828987036175,-4.999858530463187,4.999963960339509,-4.999979218625062,4.9999765596663135,-4.999999810065644
99.0,148.0,129.88641357421875,4.99971603673052,-4.999629303222041,4.999772769272635,4.99979956048146,4.999992834539206,-4.999898601073429,4.999903060732098,-4.999950341077264,4.999999999995414,-4.999999648923533
99.0,148.0,129.88636779785156,4.998856730011411,-4.999808811182871,4.999999832533921,4.999897651981677,4.999991726034157,-4.99994787840112,4.999916811440996,-4.999998735758107,4.999997085671367,-4.999956310712832
99.0,148.0,129.8859100341797,4.999705167571875,-4.99974842308795,4.999884126683554,4.99979683973614,4.999897460793619,-4.999948034551728,4.999903736351751,-4.999994992090853,4.99999999710946,-4.999999122332624
99.0,148.0,129.8862762451172,4.999717026586071,-4.99982525667259,4.999850582625864,4.9999994375105,4.999789184432088,-4.999835516163906,4.999999184845191,-4.999972678858835,4.999993368337186,-4.9999574161037135
99.0,148.0,129.88682556152344,4.999963517204643,-4.9999995648855,4.999707742352118,4.999829137284722,4.999705707987687,-4.999817056413679,4.999960511773878,-4.999943217993724,4.999996800470661,-4.999978905147289
99.0,148.0,129.88720703125,4.999510643238137,-4.999846079493146,4.999888299494234,4.999664485343359,4.999932942586343,-4.999774945205904,4.999907905171568,-4.999977136796828,4.999954905112098,-4.999999964739654
99.0,148.0,129.88536071777344,4.999959585413048,-4.999915985926044,4.999908766886627,4.999935628926284,4.999853096106183,-4.999929495673642,4.999965831115324,-4.999983005533303,4.999961146205281,-4.999999828679259
99.0,148.0,129.886474609375,4.999590409338433,-4.999838207821844,4.999991705723356,4.999674485921495,4.999968115365939,-4.999842749183623,4.999890413053311,-4.999954210245823,4.999999999839341,-4.999999855825686
99.0,148.0,129.88671875,4.999344141026018,-4.999632838462083,4.999806007926823,4.99997380472126,4.99996015117909,-4.999950150790945,4.9999501194074645,-4.999940317380869,4.999986907634677,-4.999946763813213
99.0,148.0,129.8863067626953,4.999597197947844,-4.999576349798813,4.99989571614366,4.9998228316158215,4.9998956984309695,-4.999946618352267,4.999894711698843,-4.999986804607019,4.999995479290906,-4.999998144312451
99.0,148.0,129.88575744628906,4.999599429063153,-4.999906634648257,4.999990806449588,4.999720720753602,4.999932375420126,-4.999932783733321,4.999929959628037,-4.999972445770068,4.9999999985489625,-4.999999845932559
99.0,148.0,129.8863983154297,4.9993690085697065,-4.999772449366183,4.999859861277381,4.999830203214129,4.999990640875459,-4.999929123968459,4.999983986888725,-4.99994982418302,4.999999381486408,-4.999947798743203
99.0,148.0,129.8860626220703,4.999768633607752,-4.999632815876778,4.999947971710668,4.999803146229146,4.999905296510287,-4.999965650838524,4.99989854212418,-4.999957886190822,4.999999996561112,-4.999995901195371
99.0,148.0,129.8857421875,4.999994026782684,-4.999877746245085,4.999890657349535,4.999970229849846,4.999997151647953,-4.999742379021438,4.999938164892089,-4.999932200123549,4.999999679967906,-4.999999793571059
99.0,148.0,129.8873291015625,4.9998991734850335,-4.999678378383484,4.9995354050894,4.999838324035791,4.9996572205232805,-4.999996256890047,4.99993104979551,-4.999924947656084,4.999997486609754,-4.999976679856108
99.0,148.0,129.88583374023438,4.999742939489638,-4.999366013031304,4.999891385315026,4.999999906673921,4.999939864853898,-4.99997468396074,4.999939875603976,-4.999994200412041,4.999961143179172,-4.999999647281995
99.0,148.0,129.88571166992188,4.999950567005241,-4.999780138191621,4.999988683816861,4.999789241469692,4.999992940761143,-4.999829292506592,4.999972434603537,-4.999945738383556,4.999997687838852,-4.9999902399352125
99.0,148.0,129.8863525390625,4.999173322235065,-4.999883357601323,4.999811363973807,4.999954860855715,4.999953151839806,-4.999825205433815,4.999995253500625,-4.999972218914138,4.999973980671125,-4.999989203003972
99.0,148.0,129.88726806640625,4.999869181085308,-4.999838246398178,4.999333005998884,4.999894801330555,4.999708993745966,-4.999996407071043,4.999938949344841,-4.99995043542244,4.99997457417794,-4.999970697877238
99.0,148.0,129.88644409179688,4.999521200785588,-4.99983628851167,4.999995806763244,4.999716845441492,4.999942037300936,-4.999769836482609,4.999925988787014,-4.999982615087579,4.99999999935335,-4.99999994380968
99.0,148.0,129.8861846923828,4.999800273449985,-4.999999965830451,4.999989775029506,4.999676916480812,4.999753618107275,-4.999958447669885,4.99998290064427,-4.999904047346968,4.999991843319329,-4.999997124484645
99.0,148.0,129.88619995117188,4.999626202057465,-4.999671765964233,4.999833170534275,4.999954629497761,4.999841229158832,-4.99990545646539,4.999921679637873,-4.999971080027867,4.999999999535398,-4.999999343918531
99.0,148.0,129.8856964111328,4.999884617862275,-4.999761831550226,4.999792772200137,4.999999837916219,4.999942692916206,-4.999882725734565,4.999980656645988,-4.999972911644265,4.999952690778795,-4.9999966342218745
99.0,148.0,129.88673400878906,4.999942163439927,-4.999488339212716,4.999766014238157,4.999999858354742,4.999960038129943,-4.999949350987123,4.9999869701233335,-4.999978364464736,4.999905218751374,-4.999928570393502
99.0,148.0,129.8861541748047,4.999814328623104,-4.999641961845207,4.999639879685089,4.999893722135688,4.999937627297703,-4.999904834191188,4.999944702101795,-4.999965756930283,4.99999999989569,-4.999999610962959
99.0,148.0,129.88583374023438,4.999097544413364,-4.999922901522806,4.999805718912958,4.9999708001113365,4.999959940052422,-4.999943997937788,4.999997577202628,-4.99997954231414,4.999962637446197,-4.999997686277828
99.0,148.0,129.8862762451172,4.999779498615466,-4.99999593414774,4.999775644819359,4.999743410110439,4.999884966494927,-4.999757969093393,4.999983746011259,-4.9999997765090605,4.999999989133021,-4.999984427683382
99.0,148.0,129.88629150390625,4.999860699154752,-4.999776545119907,4.999839398123138,4.999790766695771,4.999963874197547,-4.999731267379033,4.999935879007733,-4.999985428486441,4.999999924221218,-4.999999987620885
99.0,148.0,129.88668823242188,4.999764082623214,-4.999706500356728,4.999786737848411,4.999998129871312,4.9996905353245085,-4.999886231648775,4.999986719647374,-4.999981603240829,4.999983538413574,-4.999955243989598
99.0,148.0,129.88624572753906,4.999575177856891,-4.9999739623031685,4.999596080916023,4.999937662511016,4.999644126178766,-4.999980840423094,4.999999628294424,-4.999999951499235,4.999975553730948,-4.99999627826891
99.0,148.0,129.88697814941406,4.999517722806792,-4.99968937287373,4.999836120582013,4.999849693073223,4.999956898487893,-4.999879662981144,4.999943535121559,-4.999959235913167,4.999987348466546,-4.999935971171393
99.0,148.0,129.88609313964844,4.999939790635704,-4.999623891959288,4.9998134414562205,4.999999338182969,4.999885969090051,-4.999714738658287,4.999990475322198,-4.99997910933921,4.999999483813254,-4.9999983827405705
99.0,148.0,129.88670349121094,4.999960996192863,-4.999961685490416,4.999359724458985,4.999899663120625,4.999518653025538,-4.99999760652658,4.999990283022783,-4.999999591128097,4.99998152209682,-4.999989908413007
99.0,148.0,129.8863525390625,4.9999414579701895,-4.999818010430207,4.999759961051884,4.999848445602798,4.999895959958444,-4.999812136993304,4.999918071412948,-4.999959756635796,4.99999997049263,-4.999994151627448
99.0,148.0,129.88577270507812,4.999523472101217,-4.999525622921756,4.999872230204618,4.999979226070006,4.999966079945604,-4.999926368770879,4.999935173508691,-4.999989587488496,4.9999999987023696,-4.999999609011503
99.0,148.0,129.88665771484375,4.999999032205681,-4.999857315710817,4.999909785234174,4.999569732311484,4.999825771467407,-4.999960218235505,4.9999367819097005,-4.999891725244495,4.999993815368354,-4.999991307264746
99.0,148.0,129.8867645263672,4.999846342051038,-4.999800823582746,4.999791179672677,4.999938556600452,4.999755853624647,-4.999740236347119,4.999970323104993,-4.999954746096717,4.999999943228641,-4.999984858775742
99.0,148.0,129.8863525390625,4.998876483344844,-4.999840864015168,4.999987147315088,4.999795223209919,4.9999734872704105,-4.99998494324186,4.999898267502992,-4.999991938079464,4.999999977969928,-4.999979185597476
99.0,148.0,129.88632202148438,4.999965217392918,-4.999658133123109,4.999682192535578,4.999991469537602,4.999794882027279,-4.999978117074042,4.999981824863574,-4.999988717896859,4.99995164142346,-4.999957084949943
99.0,148.0,129.88601684570312,4.9999933733383575,-4.999808263826568,4.999770736094259,4.999929857529146,4.999963533486461,-4.999852952774062,4.999957287701781,-4.9999495896607655,4.999990226285527,-4.999968124224513
99.0,148.0,129.88607788085938,4.99971993566828,-4.999622805170655,4.9998817430532325,4.999815845206517,4.99995929182037,-4.999904782411324,4.999954245402257,-4.99995613529307,4.999988350095366,-4.999999768266688
99.0,148.0,129.8861541748047,4.998934663939767,-4.999930989476111,4.999967736422692,4.999842923614003,4.999971580542495,-4.999951236744947,4.999886650384301,-4.999997975988731,4.999998876903118,-4.999988753709453
99.0,148.0,129.88619995117188,4.999639099866014,-4.999829898011752,4.999991698598246,4.999726318720018,4.9999958213311855,-4.999769393311588,4.999922119231892,-4.999981317596076,4.999999999551028,-4.999999951293307
99.0,148.0,129.88580322265625,4.999900016173664,-4.999788923914674,4.999856150822443,4.999945370731362,4.999997494746081,-4.9999912995113664,4.999885994681327,-4.999952860113368,4.9999840426342335,-4.9999599739301255
99.0,148.0,129.8865509033203,4.999361467604714,-4.999772713973297,4.999724463153863,4.999920793458198,4.999980703345733,-4.999999492618282,4.999921645604939,-4.999934283807395,4.999995128675,-4.99995552871891
99.0,148.0,129.8859405517578,4.999260685608002,-4.99976298987968,4.999890625533816,4.999995368876914,4.999972783608119,-4.999955781524596,4.999971009133051,-4.999994886919596,4.999982991618817,-4.999952545030601
99.0,148.0,129.88723754882812,4.999737702850888,-4.999618868648617,4.999525507800147,4.99985744695941,4.999733262894759,-4.999995207269645,4.999983418716867,-4.999946135957605,4.999999954709307,-4.999947102300979
99.0,148.0,129.88604736328125,4.9998354437180055,-4.999622379882254,4.999854894223108,4.999998442331954,4.999955816726889,-4.999894616744598,4.999980869332687,-4.999976713511786,4.999951028717531,-4.999965932902826
99.0,148.0,129.88632202148438,4.999200920220101,-4.999711963168446,4.999990915342904,4.999894907373365,4.999968055817196,-4.999948404346023,4.999868601078485,-4.999981601021062,4.999989841266009,-4.999986797669107
99.0,149.0,129.88601684570312,4.999790245524379,-4.999638987397339,4.999760240968094,4.999902002869378,4.9999828987036175,-4.999858530463187,4.999963960339509,-4.999979218625062,4.9999765596663135,-4.999999810065644
99.0,149.0,129.88641357421875,4.99971603673052,-4.999629303222041,4.999772769272635,4.99979956048146,4.999992834539206,-4.999898601073429,4.999903060732098,-4.999950341077264,4.999999999995414,-4.999999648923533
99.0,149.0,129.88636779785156,4.998856730011411,-4.999808811182871,4.999999832533921,4.999897651981677,4.999991726034157,-4.99994787840112,4.999916811440996,-4.999998735758107,4.999997085671367,-4.999956310712832
99.0,149.0,129.8859100341797,4.999705167571875,-4.99974842308795,4.999884126683554,4.99979683973614,4.999897460793619,-4.999948034551728,4.999903736351751,-4.999994992090853,4.99999999710946,-4.999999122332624
99.0,149.0,129.8862762451172,4.999717026586071,-4.99982525667259,4.999850582625864,4.9999994375105,4.999789184432088,-4.999835516163906,4.999999184845191,-4.999972678858835,4.999993368337186,-4.9999574161037135
99.0,149.0,129.88613891601562,4.999878974459406,-4.999978074773863,4.999396189242076,4.999925976434817,4.999705707987687,-4.999999044977959,4.999969142671964,-4.999995521829501,4.999996800470661,-4.999989675339451
99.0,149.0,129.8866424560547,4.999946260144011,-4.999846079493146,4.999675447295045,4.999963554242439,4.999763245293487,-4.999748126986901,4.999972969499846,-4.999977136796828,4.999988223142127,-4.99998483589572
99.0,149.0,129.88536071777344,4.999959585413048,-4.999915985926044,4.999908766886627,4.999935628926284,4.999853096106183,-4.999929495673642,4.999965831115324,-4.999983005533303,4.999961146205281,-4.999999828679259
99.0,149.0,129.886474609375,4.999590409338433,-4.999838207821844,4.999991705723356,4.999674485921495,4.999968115365939,-4.999842749183623,4.999890413053311,-4.999954210245823,4.999999999839341,-4.999999855825686
99.0,149.0,129.88671875,4.999344141026018,-4.999632838462083,4.999806007926823,4.99997380472126,4.99996015117909,-4.999950150790945,4.9999501194074645,-4.999940317380869,4.999986907634677,-4.999946763813213
99.0,149.0,129.8863067626953,4.999597197947844,-4.999576349798813,4.99989571614366,4.9998228316158215,4.9998956984309695,-4.999946618352267,4.999894711698843,-4.999986804607019,4.999995479290906,-4.999998144312451
99.0,149.0,129.88575744628906,4.999599429063153,-4.999906634648257,4.999990806449588,4.999720720753602,4.999932375420126,-4.999932783733321,4.999929959628037,-4.999972445770068,4.9999999985489625,-4.999999845932559
99.0,149.0,129.8863983154297,4.9993690085697065,-4.999772449366183,4.999859861277381,4.999830203214129,4.999990640875459,-4.999929123968459,4.999983986888725,-4.99994982418302,4.999999381486408,-4.999947798743203
99.0,149.0,129.8860626220703,4.999768633607752,-4.999632815876778,4.999947971710668,4.999803146229146,4.999905296510287,-4.999965650838524,4.99989854212418,-4.999957886190822,4.999999996561112,-4.999995901195371
99.0,149.0,129.8857421875,4.999994026782684,-4.999877746245085,4.999890657349535,4.999970229849846,4.999997151647953,-4.999742379021438,4.999938164892089,-4.999932200123549,4.999999679967906,-4.999999793571059
99.0,149.0,129.8868865966797,4.999999145486576,-4.999919478382429,4.999912230944345,4.999480701345547,4.9998127622092765,-4.999870934303798,4.999965475763965,-4.9998922322777535,4.999998894412025,-4.999997880335032
99.0,149.0,129.88583374023438,4.999742939489638,-4.999366013031304,4.999891385315026,4.999999906673921,4.999939864853898,-4.99997468396074,4.999939875603976,-4.999994200412041,4.999961143179172,-4.999999647281995
99.0,149.0,129.88571166992188,4.999950567005241,-4.999780138191621,4.999988683816861,4.999789241469692,4.999992940761143,-4.999829292506592,4.999972434603537,-4.999945738383556,4.999997687838852,-4.9999902399352125
99.0,149.0,129.8855743408203,4.9999680344483775,-4.999846676707582,4.999975837094034,4.999848790026807,4.999823498592424,-4.999977424614728,4.999942349064544,-4.999960996467975,4.999973980671125,-4.999999840205117
99.0,149.0,129.8856658935547,4.999432173781981,-4.999806576002769,4.999892264304378,4.999965905688188,4.999976271462946,-4.999881583723541,4.999967181076139,-4.999996273793984,4.999989279496154,-4.999984553255347
99.0,149.0,129.88644409179688,4.999521200785588,-4.99983628851167,4.999995806763244,4.999716845441492,4.999942037300936,-4.999769836482609,4.999925988787014,-4.999982615087579,4.99999999935335,-4.99999994380968
99.0,149.0,129.8861846923828,4.999800273449985,-4.999999965830451,4.999989775029506,4.999676916480812,4.999753618107275,-4.999958447669885,4.99998290064427,-4.999904047346968,4.999991843319329,-4.999997124484645
99.0,149.0,129.88619995117188,4.999626202057465,-4.999671765964233,4.999833170534275,4.999954629497761,4.999841229158832,-4.99990545646539,4.999921679637873,-4.999971080027867,4.999999999535398,-4.999999343918531
99.0,149.0,129.8856964111328,4.999884617862275,-4.999761831550226,4.999792772200137,4.999999837916219,4.999942692916206,-4.999882725734565,4.999980656645988,-4.999972911644265,4.999952690778795,-4.9999966342218745
99.0,149.0,129.88673400878906,4.999942163439927,-4.999488339212716,4.999766014238157,4.999999858354742,4.999960038129943,-4.999949350987123,4.9999869701233335,-4.999978364464736,4.999905218751374,-4.999928570393502
99.0,149.0,129.8861541748047,4.999814328623104,-4.999641961845207,4.999639879685089,4.999893722135688,4.999937627297703,-4.999904834191188,4.999944702101795,-4.999965756930283,4.99999999989569,-4.999999610962959
99.0,149.0,129.88583374023438,4.999097544413364,-4.999922901522806,4.999805718912958,4.9999708001113365,4.999959940052422,-4.999943997937788,4.999997577202628,-4.99997954231414,4.999962637446197,-4.999997686277828
99.0,149.0,129.8862762451172,4.999779498615466,-4.99999593414774,4.999775644819359,4.999743410110439,4.999884966494927,-4.999757969093393,4.999983746011259,-4.9999997765090605,4.999999989133021,-4.999984427683382
99.0,149.0,129.88612365722656,4.998927386128387,-4.999776545119907,4.999997701497605,4.999923680554217,4.999995062233162,-4.999894471167206,4.999935879007733,-4.999998531206636,4.999976478987638,-4.999998730892337
99.0,149.0,129.88668823242188,4.999764082623214,-4.999706500356728,4.999786737848411,4.999998129871312,4.9996905353245085,-4.999886231648775,4.999986719647374,-4.999981603240829,4.999983538413574,-4.999955243989598
99.0,149.0,129.88624572753906,4.999575177856891,-4.9999739623031685,4.999596080916023,4.999937662511016,4.999644126178766,-4.999980840423094,4.999999628294424,-4.999999951499235,4.999975553730948,-4.99999627826891
99.0,149.0,129.8866729736328,4.999687185074345,-4.999848118191978,4.999882944125511,4.999806088062106,4.999962777365674,-4.999746528826549,4.999976342086047,-4.999985170039318,4.999999614966715,-4.999935971171393
99.0,149.0,129.88609313964844,4.999939790635704,-4.999623891959288,4.9998134414562205,4.999999338182969,4.999885969090051,-4.999714738658287,4.999990475322198,-4.99997910933921,4.999999483813254,-4.9999983827405705
99.0,149.0,129.8861846923828,4.999880015632568,-4.999532133520127,4.999929401125846,4.999803096565381,4.999953688839268,-4.999905262085715,4.999894187362684,-4.99996110143101,4.999999996617951,-4.999997271604759
99.0,149.0,129.88616943359375,4.999236360544014,-4.999818010430207,4.999939336635149,4.999873562742247,4.999967499045148,-4.999828948284442,4.999997814016104,-4.999982575223866,4.999965072884211,-4.999998600996529
99.0,149.0,129.88577270507812,4.999523472101217,-4.999525622921756,4.999872230204618,4.999979226070006,4.999966079945604,-4.999926368770879,4.999935173508691,-4.999989587488496,4.9999999987023696,-4.999999609011503
99.0,149.0,129.88665771484375,4.999999032205681,-4.999857315710817,4.999909785234174,4.999569732311484,4.999825771467407,-4.999960218235505,4.9999367819097005,-4.999891725244495,4.999993815368354,-4.999991307264746
99.0,149.0,129.88595581054688,4.999796592425922,-4.999903689513371,4.999910986157597,4.999988036410072,4.999965084025327,-4.9998304245347125,4.99994063804708,-4.999946680372398,4.999983702748212,-4.99996795498063
99.0,149.0,129.8863525390625,4.998876483344844,-4.999840864015168,4.999987147315088,4.999795223209919,4.9999734872704105,-4.99998494324186,4.999898267502992,-4.999991938079464,4.999999977969928,-4.999979185597476
99.0,149.0,129.88536071777344,4.999893328848835,-4.9999756549068906,4.999864148524372,4.999967723201991,4.999889221904326,-4.999872798077825,4.999970087141984,-4.999975232178548,4.999980654505748,-4.999997773096248
99.0,149.0,129.88601684570312,4.9999933733383575,-4.999808263826568,4.999770736094259,4.999929857529146,4.999963533486461,-4.999852952774062,4.999957287701781,-4.9999495896607655,4.999990226285527,-4.999968124224513
99.0,149.0,129.88607788085938,4.99971993566828,-4.999622805170655,4.9998817430532325,4.999815845206517,4.99995929182037,-4.999904782411324,4.999954245402257,-4.99995613529307,4.999988350095366,-4.999999768266688
99.0,149.0,129.8861541748047,4.998934663939767,-4.999930989476111,4.999967736422692,4.999842923614003,4.999971580542495,-4.999951236744947,4.999886650384301,-4.999997975988731,4.999998876903118,-4.999988753709453
99.0,149.0,129.88619995117188,4.999639099866014,-4.999829898011752,4.999991698598246,4.999726318720018,4.9999958213311855,-4.999769393311588,4.999922119231892,-4.999981317596076,4.999999999551028,-4.999999951293307
99.0,149.0,129.8856658935547,4.999900016173664,-4.999735190854366,4.99998392879769,4.999891414168713,4.9999998525118965,-4.999927486375552,4.999898367930192,-4.999952860113368,4.9999840426342335,-4.999987609646226
99.0,149.0,129.8865509033203,4.999361467604714,-4.999772713973297,4.999724463153863,4.999920793458198,4.999980703345733,-4.999999492618282,4.999921645604939,-4.999934283807395,4.999995128675,-4.99995552871891
99.0,149.0,129.88539123535156,4.9999183951454365,-4.999619544940613,4.999902515185502,4.999995368876914,4.99996869702894,-4.999955781524596,4.999957703614353,-4.999936603214737,4.999998030908399,-4.999989127289622
99.0,149.0,129.8867645263672,4.999834189674118,-4.999715424551112,4.999525507800147,4.999903008438852,4.999746362199308,-4.9998833945259165,4.999990357630027,-4.999979646310058,4.99996877787904,-4.999999818318301
99.0,149.0,129.88604736328125,4.9998354437180055,-4.999622379882254,4.999854894223108,4.999998442331954,4.999955816726889,-4.999894616744598,4.999980869332687,-4.999976713511786,4.999951028717531,-4.999965932902826
99.0,149.0,129.8859405517578,4.999722414770839,-4.999903379788757,4.999938203806185,4.999894907373365,4.999842670267634,-4.999892793088058,4.99999016448586,-4.999981601021062,4.999992470349985,-4.9999533447010345
99.0,150.0,129.88601684570312,4.999790245524379,-4.999638987397339,4.999760240968094,4.999902002869378,4.9999828987036175,-4.999858530463187,4.999963960339509,-4.999979218625062,4.9999765596663135,-4.999999810065644
99.0,150.0,129.88638305664062,4.9993427162051685,-4.9996153147744025,4.999823187214292,4.999963421548866,4.999922983785667,-4.999910781175261,4.99992253229396,-4.999974080441716,4.999995192077463,-4.999992680378688
99.0,150.0,129.88636779785156,4.998856730011411,-4.999808811182871,4.999999832533921,4.999897651981677,4.999991726034157,-4.99994787840112,4.999916811440996,-4.999998735758107,4.999997085671367,-4.999956310712832
99.0,150.0,129.8859100341797,4.999705167571875,-4.99974842308795,4.999884126683554,4.99979683973614,4.999897460793619,-4.999948034551728,4.999903736351751,-4.999994992090853,4.99999999710946,-4.999999122332624
99.0,150.0,129.8862762451172,4.999717026586071,-4.99982525667259,4.999850582625864,4.9999994375105,4.999789184432088,-4.999835516163906,4.999999184845191,-4.999972678858835,4.999993368337186,-4.9999574161037135
99.0,150.0,129.88613891601562,4.999878974459406,-4.999978074773863,4.999396189242076,4.999925976434817,4.999705707987687,-4.999999044977959,4.999969142671964,-4.999995521829501,4.999996800470661,-4.999989675339451
99.0,150.0,129.88592529296875,4.9998214340885445,-4.999587049580866,4.999946318384745,4.999851311101205,4.999975099955658,-4.999881322904709,4.999972969499846,-4.999957617705398,4.999999999037128,-4.999976070497465
99.0,150.0,129.88536071777344,4.999959585413048,-4.999915985926044,4.999908766886627,4.999935628926284,4.999853096106183,-4.999929495673642,4.999965831115324,-4.999983005533303,4.999961146205281,-4.999999828679259
99.0,150.0,129.8863983154297,4.999957303530436,-4.999761496337101,4.99993557583363,4.99979955761206,4.999989919853313,-4.999840783614714,4.999998332910858,-4.999940126871676,4.9999502978633545,-4.999954720626212
99.0,150.0,129.88612365722656,4.999344141026018,-4.999882647133607,4.9999673862374125,4.99991996627935,4.999856451861641,-4.99992555452944,4.999959196981674,-4.999989579012447,4.999998173401699,-4.999953409648938
99.0,150.0,129.88612365722656,4.999905686827836,-4.999675257192526,4.999987747633181,4.9997665015403845,4.999831535895404,-4.999980084109059,4.9999065765556425,-4.999952323474112,4.999983651698807,-4.999998904254678
99.0,150.0,129.88551330566406,4.999948083502369,-4.999923298051839,4.9999039457557295,4.999843598192582,4.99986280958942,-4.999932783733321,4.999973016014464,-4.999963972973818,4.9999747496633775,-4.999999889171606
99.0,150.0,129.8863983154297,4.9993690085697065,-4.999772449366183,4.999859861277381,4.999830203214129,4.999990640875459,-4.999929123968459,4.999983986888725,-4.99994982418302,4.999999381486408,-4.999947798743203
99.0,150.0,129.8860626220703,4.999768633607752,-4.999632815876778,4.999947971710668,4.999803146229146,4.999905296510287,-4.999965650838524,4.99989854212418,-4.999957886190822,4.999999996561112,-4.999995901195371
99.0,150.0,129.8857421875,4.999994026782684,-4.999877746245085,4.999890657349535,4.999970229849846,4.999997151647953,-4.999742379021438,4.999938164892089,-4.999932200123549,4.999999679967906,-4.999999793571059
99.0,150.0,129.8868865966797,4.999999145486576,-4.999919478382429,4.999912230944345,4.999480701345547,4.9998127622092765,-4.999870934303798,4.999965475763965,-4.9998922322777535,4.999998894412025,-4.999997880335032
99.0,150.0,129.88583374023438,4.999742939489638,-4.999366013031304,4.999891385315026,4.999999906673921,4.999939864853898,-4.99997468396074,4.999939875603976,-4.999994200412041,4.999961143179172,-4.999999647281995
99.0,150.0,129.88571166992188,4.999950567005241,-4.999780138191621,4.999988683816861,4.999789241469692,4.999992940761143,-4.999829292506592,4.999972434603537,-4.999945738383556,4.999997687838852,-4.9999902399352125
99.0,150.0,129.8855743408203,4.9999680344483775,-4.999846676707582,4.999975837094034,4.999848790026807,4.999823498592424,-4.999977424614728,4.999942349064544,-4.999960996467975,4.999973980671125,-4.999999840205117
99.0,150.0,129.8856658935547,4.999432173781981,-4.999806576002769,4.999892264304378,4.999965905688188,4.999976271462946,-4.999881583723541,4.999967181076139,-4.999996273793984,4.999989279496154,-4.999984553255347
99.0,150.0,129.88638305664062,4.999652031728578,-4.9999380262802,4.999706559742099,4.999999760092373,4.999662517124662,-4.999851919099589,4.999999666532847,-4.999975158563025,4.999981146647931,-4.99999994380968
99.0,150.0,129.8856201171875,4.999800273449985,-4.9996862759250345,4.999952325340145,4.99995946904929,4.9999725681148615,-4.999991078277232,4.9999677168889605,-4.999921905993716,4.999991843319329,-4.999963121628401
99.0,150.0,129.88619995117188,4.999626202057465,-4.999671765964233,4.999833170534275,4.999954629497761,4.999841229158832,-4.99990545646539,4.999921679637873,-4.999971080027867,4.999999999535398,-4.999999343918531
99.0,150.0,129.8856964111328,4.999884617862275,-4.999761831550226,4.999792772200137,4.999999837916219,4.999942692916206,-4.999882725734565,4.999980656645988,-4.999972911644265,4.999952690778795,-4.9999966342218745
99.0,150.0,129.88673400878906,4.999942163439927,-4.999488339212716,4.999766014238157,4.999999858354742,4.999960038129943,-4.999949350987123,4.9999869701233335,-4.999978364464736,4.999905218751374,-4.999928570393502
99.0,150.0,129.8861541748047,4.999814328623104,-4.999641961845207,4.999639879685089,4.999893722135688,4.999937627297703,-4.999904834191188,4.999944702101795,-4.999965756930283,4.99999999989569,-4.999999610962959
99.0,150.0,129.88583374023438,4.999097544413364,-4.999922901522806,4.999805718912958,4.9999708001113365,4.999959940052422,-4.999943997937788,4.999997577202628,-4.99997954231414,4.999962637446197,-4.999997686277828
99.0,150.0,129.8862762451172,4.999779498615466,-4.99999593414774,4.999775644819359,4.999743410110439,4.999884966494927,-4.999757969093393,4.999983746011259,-4.9999997765090605,4.999999989133021,-4.999984427683382
99.0,150.0,129.8857879638672,4.999910913982846,-4.999786861932792,4.999796708121173,4.9999684774261866,4.999990321214133,-4.999840882615182,4.999969071486191,-4.999984658109206,4.999960247204849,-4.999982177305338
99.0,150.0,129.88600158691406,4.999751486394867,-4.999319890714119,4.999959055984145,4.999998129871312,4.999979923619097,-4.999993125522528,4.999918321621887,-4.9999676523437095,4.999952999986768,-4.999991410930619
99.0,150.0,129.88624572753906,4.999575177856891,-4.9999739623031685,4.999596080916023,4.999937662511016,4.999644126178766,-4.999980840423094,4.999999628294424,-4.999999951499235,4.999975553730948,-4.99999627826891
99.0,150.0,129.8866729736328,4.999687185074345,-4.999848118191978,4.999882944125511,4.999806088062106,4.999962777365674,-4.999746528826549,4.999976342086047,-4.999985170039318,4.999999614966715,-4.999935971171393
99.0,150.0,129.88609313964844,4.999939790635704,-4.999623891959288,4.9998134414562205,4.999999338182969,4.999885969090051,-4.999714738658287,4.999990475322198,-4.99997910933921,4.999999483813254,-4.9999983827405705
99.0,150.0,129.8861846923828,4.999880015632568,-4.999532133520127,4.999929401125846,4.999803096565381,4.999953688839268,-4.999905262085715,4.999894187362684,-4.99996110143101,4.999999996617951,-4.999997271604759
99.0,150.0,129.88616943359375,4.999236360544014,-4.999818010430207,4.999939336635149,4.999873562742247,4.999967499045148,-4.999828948284442,4.999997814016104,-4.999982575223866,4.999965072884211,-4.999998600996529
99.0,150.0,129.88568115234375,4.99982003014407,-4.999729384933177,4.999722660012562,4.999924110248164,4.999909520500761,-4.999926368770879,4.999997691932075,-4.99999429133503,4.9999651114518375,-4.99999989657254
99.0,150.0,129.88665771484375,4.999999032205681,-4.999857315710817,4.999909785234174,4.999569732311484,4.999825771467407,-4.999960218235505,4.9999367819097005,-4.999891725244495,4.999993815368354,-4.999991307264746
99.0,150.0,129.8854522705078,4.999181425229738,-4.999903689513371,4.99995337111246,4.99999045627836,4.999970186878975,-4.999940919706612,4.999967700857404,-4.999976666770543,4.999983702748212,-4.999999370784371
99.0,150.0,129.88613891601562,4.999397085900246,-4.999372468516941,4.999955777683544,4.999993552601478,4.999976106280163,-4.999879574514594,4.999911441991645,-4.999996348368623,4.999999999204779,-4.999999780333419
99.0,150.0,129.8853302001953,4.99984269466641,-4.9999756549068906,4.999782279854178,4.9999526048046175,4.99993272761288,-4.9999614486228126,4.999983514109306,-4.999951932317165,4.99996469570925,-4.9999981097309725
99.0,150.0,129.88601684570312,4.9999933733383575,-4.999808263826568,4.999770736094259,4.999929857529146,4.999963533486461,-4.999852952774062,4.999957287701781,-4.9999495896607655,4.999990226285527,-4.999968124224513
99.0,150.0,129.88607788085938,4.99971993566828,-4.999622805170655,4.9998817430532325,4.999815845206517,4.99995929182037,-4.999904782411324,4.999954245402257,-4.99995613529307,4.999988350095366,-4.999999768266688
99.0,150.0,129.88546752929688,4.999246360814562,-4.999919539097327,4.999966600471071,4.999917721543913,4.999990580881462,-4.99984006042936,4.999999904299858,-4.999997975988731,4.999998876903118,-4.999993770017262
99.0,150.0,129.88619995117188,4.999639099866014,-4.999829898011752,4.999991698598246,4.999726318720018,4.9999958213311855,-4.999769393311588,4.999922119231892,-4.999981317596076,4.999999999551028,-4.999999951293307
99.0,150.0,129.8856658935547,4.999900016173664,-4.999735190854366,4.99998392879769,4.999891414168713,4.9999998525118965,-4.999927486375552,4.999898367930192,-4.999952860113368,4.9999840426342335,-4.999987609646226
99.0,150.0,129.88583374023438,4.999361467604714,-4.999959639623916,4.999982987669143,4.999808600179467,4.999975012937436,-4.999964184301791,4.999895247877308,-4.9999987084861495,4.999995128675,-4.999973008112111
99.0,150.0,129.88539123535156,4.9999183951454365,-4.999619544940613,4.999902515185502,4.999995368876914,4.99996869702894,-4.999955781524596,4.999957703614353,-4.999936603214737,4.999998030908399,-4.999989127289622
99.0,150.0,129.88613891601562,4.999816483080807,-4.999992959183557,4.999498669616994,4.99979007085917,4.999858350991025,-4.999940625809366,4.999936842464223,-4.9999953790071245,4.99999802670861,-4.999997818967367
99.0,150.0,129.88604736328125,4.9998354437180055,-4.999622379882254,4.999854894223108,4.999998442331954,4.999955816726889,-4.999894616744598,4.999980869332687,-4.999976713511786,4.999951028717531,-4.999965932902826
99.0,150.0,129.8859405517578,4.999722414770839,-4.999903379788757,4.999938203806185,4.999894907373365,4.999842670267634,-4.999892793088058,4.99999016448586,-4.999981601021062,4.999992470349985,-4.9999533447010345
99.0,151.0,129.88601684570312,4.999790245524379,-4.999638987397339,4.999760240968094,4.999902002869378,4.9999828987036175,-4.999858530463187,4.999963960339509,-4.999979218625062,4.9999765596663135,-4.999999810065644
99.0,151.0,129.88623046875,4.999193439105895,-4.999987879813749,4.999562341471241,4.999980258914787,4.9998314053634285,-4.999987636232499,4.999993977495587,-4.999984718209231,4.999961230198171,-4.999998949316982
99.0,151.0,129.8862762451172,4.999865832610915,-4.999365286989285,4.999858201041302,4.999897651981677,4.999956138681679,-4.999876954869903,4.999874781358928,-4.999998735758107,4.999999996942827,-4.999998022220752
99.0,151.0,129.88528442382812,4.999845654697631,-4.999997085685275,4.999851245612964,4.999874474723537,4.999897460793619,-4.999953164995912,4.999976537054871,-4.999944736571706,4.999999461165251,-4.999999480011979
99.0,151.0,129.8862762451172,4.999717026586071,-4.99982525667259,4.999850582625864,4.9999994375105,4.999789184432088,-4.999835516163906,4.999999184845191,-4.999972678858835,4.999993368337186,-4.9999574161037135
99.0,151.0,129.88613891601562,4.999878974459406,-4.999978074773863,4.999396189242076,4.999925976434817,4.999705707987687,-4.999999044977959,4.999969142671964,-4.999995521829501,4.999996800470661,-4.999989675339451
99.0,151.0,129.88592529296875,4.9998214340885445,-4.999587049580866,4.999946318384745,4.999851311101205,4.999975099955658,-4.999881322904709,4.999972969499846,-4.999957617705398,4.999999999037128,-4.999976070497465
99.0,151.0,129.88536071777344,4.999959585413048,-4.999915985926044,4.999908766886627,4.999935628926284,4.999853096106183,-4.999929495673642,4.999965831115324,-4.999983005533303,4.999961146205281,-4.999999828679259
99.0,151.0,129.88636779785156,4.999703041705625,-4.999676666220393,4.999950758449416,4.999818730905086,4.999904073130232,-4.999943053861115,4.999958517109029,-4.999972843229338,4.999973810055243,-4.999954720626212
99.0,151.0,129.885986328125,4.99991254393449,-4.999800063121457,4.999869240047627,4.999882628166491,4.999881622865042,-4.999888096037863,4.999974996799565,-4.999989579012447,4.999966354573551,-4.999969679564855
99.0,151.0,129.88600158691406,4.999979394932599,-4.999704719644848,4.999953098121602,4.999814391405828,4.999834977918021,-4.999934690877427,4.999925540632985,-4.999960834623435,4.999980941781184,-4.999999970004177
99.0,151.0,129.88551330566406,4.999948083502369,-4.999923298051839,4.9999039457557295,4.999843598192582,4.99986280958942,-4.999932783733321,4.999973016014464,-4.999963972973818,4.9999747496633775,-4.999999889171606
99.0,151.0,129.8863983154297,4.9993690085697065,-4.999772449366183,4.999859861277381,4.999830203214129,4.999990640875459,-4.999929123968459,4.999983986888725,-4.99994982418302,4.999999381486408,-4.999947798743203
99.0,151.0,129.8860626220703,4.999768633607752,-4.999632815876778,4.999947971710668,4.999803146229146,4.999905296510287,-4.999965650838524,4.99989854212418,-4.999957886190822,4.999999996561112,-4.999995901195371
99.0,151.0,129.8857421875,4.999994026782684,-4.999877746245085,4.999890657349535,4.999970229849846,4.999997151647953,-4.999742379021438,4.999938164892089,-4.999932200123549,4.999999679967906,-4.999999793571059
99.0,151.0,129.88609313964844,4.999767814023265,-4.999970446137743,4.999847428795853,4.999959675906308,4.99999795237073,-4.999766279553313,4.999943673586528,-4.9998922322777535,4.999998894412025,-4.999997880335032
99.0,151.0,129.88583374023438,4.999742939489638,-4.999366013031304,4.999891385315026,4.999999906673921,4.999939864853898,-4.99997468396074,4.999939875603976,-4.999994200412041,4.999961143179172,-4.999999647281995
99.0,151.0,129.88571166992188,4.999950567005241,-4.999780138191621,4.999988683816861,4.999789241469692,4.999992940761143,-4.999829292506592,4.999972434603537,-4.999945738383556,4.999997687838852,-4.9999902399352125
99.0,151.0,129.8855743408203,4.9999680344483775,-4.999846676707582,4.999975837094034,4.999848790026807,4.999823498592424,-4.999977424614728,4.999942349064544,-4.999960996467975,4.999973980671125,-4.999999840205117
99.0,151.0,129.8856658935547,4.999432173781981,-4.999806576002769,4.999892264304378,4.999965905688188,4.999976271462946,-4.999881583723541,4.999967181076139,-4.999996273793984,4.999989279496154,-4.999984553255347
99.0,151.0,129.8856964111328,4.999586840637017,-4.9999380262802,4.999945475205927,4.999866943124168,4.99988801936525,-4.999941598316775,4.999972958649741,-4.999956598463373,4.999973512660557,-4.999998784024251
99.0,151.0,129.8856201171875,4.999800273449985,-4.9996862759250345,4.999952325340145,4.99995946904929,4.9999725681148615,-4.999991078277232,4.9999677168889605,-4.999921905993716,4.999991843319329,-4.999963121628401
99.0,151.0,129.8860321044922,4.999953835018055,-4.9996045588302245,4.9999460913099085,4.999766143664052,4.999916506914369,-4.999985340472499,4.999957196908971,-4.999936662014727,4.999992609050683,-4.9999739610102125
99.0,151.0,129.8856964111328,4.999884617862275,-4.999761831550226,4.999792772200137,4.999999837916219,4.999942692916206,-4.999882725734565,4.999980656645988,-4.999972911644265,4.999952690778795,-4.9999966342218745
99.0,151.0,129.8865509033203,4.999941915283809,-4.999776055260934,4.999658494157651,4.999974795874849,4.9998340733077455,-4.999784750014081,4.999981190375468,-4.999972883147644,4.999953256191315,-4.999995645154122
99.0,151.0,129.8861541748047,4.999814328623104,-4.999641961845207,4.999639879685089,4.999893722135688,4.999937627297703,-4.999904834191188,4.999944702101795,-4.999965756930283,4.99999999989569,-4.999999610962959
99.0,151.0,129.8856658935547,4.9994081401176285,-4.999922901522806,4.999932255825359,4.999989813676254,4.999977867897418,-4.999878935044656,4.999929857034003,-4.999990717363759,4.999993925981581,-4.999978413492657
99.0,151.0,129.88601684570312,4.999995298718691,-4.9999683952734335,4.999801206106818,4.999909638716831,4.999979885116943,-4.9998611499323085,4.999971208344273,-4.999913442451604,4.999994953086002,-4.999949861397717
99.0,151.0,129.88514709472656,4.999986376764375,-4.999952211798869,4.999887414205646,4.9999684774261866,4.999891878304389,-4.99999860273153,4.999969071486191,-4.999968245694081,4.999960247204849,-4.999982177305338
99.0,151.0,129.88589477539062,4.999597638632109,-4.999975395347968,4.999748629358933,4.999743652469377,4.999975962502129,-4.999971719941754,4.999884070618583,-4.999999641667618,4.999995055328455,-4.999995212771325
99.0,151.0,129.88510131835938,4.9999539064146665,-4.999767509206066,4.999997953598822,4.999914615937265,4.999944328920143,-4.999975789498051,4.999999628294424,-4.999956362007659,4.999998745875899,-4.999965013972431
99.0,151.0,129.88613891601562,4.999894240670186,-4.999901622561078,4.999417516196137,4.999993333444467,4.999694736064427,-4.999999626763632,4.9999560010347786,-4.999985170039318,4.9999961251816565,-4.999994360073039
99.0,151.0,129.88589477539062,4.999605893932436,-4.999238542494089,4.999886928166875,4.999999338182969,4.999920934940107,-4.999998455985423,4.999990475322198,-4.99999890707448,4.999955478242903,-4.9999983827405705
99.0,151.0,129.8856658935547,4.9991343910747545,-4.999858899815971,4.999953707453448,4.999998928384897,4.999962346517279,-4.999917003345958,4.999994361868223,-4.999969777777512,4.999999996617951,-4.999977133651205
99.0,151.0,129.88583374023438,4.999789302213491,-4.999818010430207,4.999953127066162,4.999873562742247,4.999994150928604,-4.999886424270949,4.999908552260754,-4.999982575223866,4.9999538245165205,-4.999996744071337
99.0,151.0,129.88568115234375,4.99982003014407,-4.999729384933177,4.999722660012562,4.999924110248164,4.999909520500761,-4.999926368770879,4.999997691932075,-4.99999429133503,4.9999651114518375,-4.99999989657254
99.0,151.0,129.8863067626953,4.999772787514563,-4.9998473296672845,4.999990443581762,4.999693822804176,4.999825771467407,-4.999893626575535,4.999920466119596,-4.999958753197214,4.999998568007759,-4.999998035939411
99.0,151.0,129.8854522705078,4.999181425229738,-4.999903689513371,4.99995337111246,4.99999045627836,4.999970186878975,-4.999940919706612,4.999967700857404,-4.999976666770543,4.999983702748212,-4.999999370784371
99.0,151.0,129.88613891601562,4.999397085900246,-4.999372468516941,4.999955777683544,4.999993552601478,4.999976106280163,-4.999879574514594,4.999911441991645,-4.999996348368623,4.999999999204779,-4.999999780333419
99.0,151.0,129.8853302001953,4.99984269466641,-4.9999756549068906,4.999782279854178,4.9999526048046175,4.99993272761288,-4.9999614486228126,4.999983514109306,-4.999951932317165,4.99996469570925,-4.9999981097309725
99.0,151.0,129.88568115234375,4.999781603208227,-4.999747352944661,4.999667420599524,4.999893061457485,4.999900325027813,-4.999990829432631,4.999997672812863,-4.999995600848075,4.999962314993346,-4.999998063802154
99.0,151.0,129.88607788085938,4.99971993566828,-4.999622805170655,4.9998817430532325,4.999815845206517,4.99995929182037,-4.999904782411324,4.999954245402257,-4.99995613529307,4.999988350095366,-4.999999768266688
99.0,151.0,129.88546752929688,4.999246360814562,-4.999919539097327,4.999966600471071,4.999917721543913,4.999990580881462,-4.99984006042936,4.999999904299858,-4.999997975988731,4.999998876903118,-4.999993770017262
99.0,151.0,129.8853759765625,4.999348955816744,-4.99999633452944,4.999645826968143,4.999920696397,4.9999958213311855,-4.999980269417581,4.999992890509499,-4.999999971902703,4.999993848089628,-4.999990237785646
99.0,151.0,129.8856658935547,4.999900016173664,-4.999735190854366,4.99998392879769,4.999891414168713,4.9999998525118965,-4.999927486375552,4.999898367930192,-4.999952860113368,4.9999840426342335,-4.999987609646226
99.0,151.0,129.88583374023438,4.999361467604714,-4.999959639623916,4.999982987669143,4.999808600179467,4.999975012937436,-4.999964184301791,4.999895247877308,-4.9999987084861495,4.999995128675,-4.999973008112111
99.0,151.0,129.88539123535156,4.9999183951454365,-4.999619544940613,4.999902515185502,4.999995368876914,4.99996869702894,-4.999955781524596,4.999957703614353,-4.999936603214737,4.999998030908399,-4.999989127289622
99.0,151.0,129.8846435546875,4.999816483080807,-4.999992959183557,4.999963818760136,4.999996861245688,4.999986523672621,-4.999942840549198,4.999936842464223,-4.9999953790071245,4.99999803074309,-4.999989345497066
99.0,151.0,129.88572692871094,4.99995734114696,-4.999565531541386,4.999848823146208,4.999972390454289,4.999972349897131,-4.999917067556506,4.999996445626996,-4.999959287961963,4.999980122864038,-4.999967183503481
99.0,151.0,129.8859405517578,4.999722414770839,-4.999903379788757,4.999938203806185,4.999894907373365,4.999842670267634,-4.999892793088058,4.99999016448586,-4.999981601021062,4.999992470349985,-4.9999533447010345
99.0,152.0,129.8859405517578,4.99985607836474,-4.999589888408785,4.999968212073612,4.999808700111728,4.999975917957626,-4.999927854786453,4.999982455324064,-4.999949342887096,4.999999999382727,-4.999960260372744
99.0,152.0,129.8859405517578,4.999997873014669,-4.9993863724844445,4.999916810641457,4.999980258914787,4.999894055678596,-4.999994491145914,4.999871298992057,-4.999970097508086,4.999980569841723,-4.999996972802173
99.0,152.0,129.88595581054688,4.999391061823408,-4.999881626201868,4.999858201041302,4.999807677221527,4.999956138681679,-4.999986978130172,4.999899002040809,-4.999999538022682,4.99998005099668,-4.99999536766267
99.0,152.0,129.88528442382812,4.999845654697631,-4.999997085685275,4.999851245612964,4.999874474723537,4.999897460793619,-4.999953164995912,4.999976537054871,-4.999944736571706,4.999999461165251,-4.999999480011979
99.0,152.0,129.88575744628906,4.9998229059019135,-4.99982525667259,4.999743732789652,4.999885382983899,4.999936369163236,-4.999952647140468,4.999989782379329,-4.999980635855485,4.999993368337186,-4.9999574161037135
99.0,152.0,129.88613891601562,4.999878974459406,-4.999978074773863,4.999396189242076,4.999925976434817,4.999705707987687,-4.999999044977959,4.999969142671964,-4.999995521829501,4.999996800470661,-4.999989675339451
99.0,152.0,129.88592529296875,4.9998214340885445,-4.999587049580866,4.999946318384745,4.999851311101205,4.999975099955658,-4.999881322904709,4.999972969499846,-4.999957617705398,4.999999999037128,-4.999976070497465
99.0,152.0,129.88536071777344,4.999959585413048,-4.999915985926044,4.999908766886627,4.999935628926284,4.999853096106183,-4.999929495673642,4.999965831115324,-4.999983005533303,4.999961146205281,-4.999999828679259
99.0,152.0,129.88568115234375,4.999950525001664,-4.999710044408676,4.99978348313972,4.999954152966176,4.999935687313474,-4.999930776026804,4.999955384676426,-4.999961773116205,4.999972843937533,-4.999998314505497
99.0,152.0,129.885986328125,4.99991254393449,-4.999800063121457,4.999869240047627,4.999882628166491,4.999881622865042,-4.999888096037863,4.999974996799565,-4.999989579012447,4.999966354573551,-4.999969679564855
99.0,152.0,129.88600158691406,4.999979394932599,-4.999704719644848,4.999953098121602,4.999814391405828,4.999834977918021,-4.999934690877427,4.999925540632985,-4.999960834623435,4.999980941781184,-4.999999970004177
99.0,152.0,129.88551330566406,4.999948083502369,-4.999923298051839,4.9999039457557295,4.999843598192582,4.99986280958942,-4.999932783733321,4.999973016014464,-4.999963972973818,4.9999747496633775,-4.999999889171606
99.0,152.0,129.8863983154297,4.9993690085697065,-4.999772449366183,4.999859861277381,4.999830203214129,4.999990640875459,-4.999929123968459,4.999983986888725,-4.99994982418302,4.999999381486408,-4.999947798743203
99.0,152.0,129.8860626220703,4.999768633607752,-4.999632815876778,4.999947971710668,4.999803146229146,4.999905296510287,-4.999965650838524,4.99989854212418,-4.999957886190822,4.999999996561112,-4.999995901195371
99.0,152.0,129.8857421875,4.999994026782684,-4.999877746245085,4.999890657349535,4.999970229849846,4.999997151647953,-4.999742379021438,4.999938164892089,-4.999932200123549,4.999999679967906,-4.999999793571059
99.0,152.0,129.88609313964844,4.999767814023265,-4.999970446137743,4.999847428795853,4.999959675906308,4.99999795237073,-4.999766279553313,4.999943673586528,-4.9998922322777535,4.999998894412025,-4.999997880335032
99.0,152.0,129.88543701171875,4.99994253136398,-4.999999449868118,4.999820411617659,4.999999906673921,4.999909752560165,-4.999828815368014,4.999961761056435,-4.999994200412041,4.999961143179172,-4.999999570990906
99.0,152.0,129.88571166992188,4.999950567005241,-4.999780138191621,4.999988683816861,4.999789241469692,4.999992940761143,-4.999829292506592,4.999972434603537,-4.999945738383556,4.999997687838852,-4.9999902399352125
99.0,152.0,129.8855743408203,4.9999680344483775,-4.999846676707582,4.999975837094034,4.999848790026807,4.999823498592424,-4.999977424614728,4.999942349064544,-4.999960996467975,4.999973980671125,-4.999999840205117
99.0,152.0,129.88467407226562,4.999806456704325,-4.999997252294876,4.999856801605517,4.999998708748701,4.999989113900484,-4.999968413273759,4.99994129427461,-4.99999910940747,4.999995264044699,-4.999992770072876
99.0,152.0,129.8856964111328,4.999586840637017,-4.9999380262802,4.999945475205927,4.999866943124168,4.99988801936525,-4.999941598316775,4.999972958649741,-4.999956598463373,4.999973512660557,-4.999998784024251
99.0,152.0,129.8856201171875,4.999800273449985,-4.9996862759250345,4.999952325340145,4.99995946904929,4.9999725681148615,-4.999991078277232,4.9999677168889605,-4.999921905993716,4.999991843319329,-4.999963121628401
99.0,152.0,129.8860321044922,4.999953835018055,-4.9996045588302245,4.9999460913099085,4.999766143664052,4.999916506914369,-4.999985340472499,4.999957196908971,-4.999936662014727,4.999992609050683,-4.9999739610102125
99.0,152.0,129.8856964111328,4.999884617862275,-4.999761831550226,4.999792772200137,4.999999837916219,4.999942692916206,-4.999882725734565,4.999980656645988,-4.999972911644265,4.999952690778795,-4.9999966342218745
99.0,152.0,129.88543701171875,4.999941915283809,-4.999736606501282,4.999913921183159,4.999998836272087,4.999977911406529,-4.9998375043461145,4.999968717845272,-4.999970171973383,4.999996361162645,-4.999979944685334
99.0,152.0,129.8856658935547,4.9999193834298605,-4.999641961845207,4.999985693650698,4.999893722135688,4.999937627297703,-4.999942765601087,4.999969590436242,-4.999964457432251,4.999970664891874,-4.999978742775494
99.0,152.0,129.88510131835938,4.999901174460619,-4.999638664781092,4.999911569954048,4.999978068415134,4.999977867897418,-4.999966446161735,4.999971536725971,-4.999990717363759,4.999978764027087,-4.999989144843722
99.0,152.0,129.88563537597656,4.999321251230118,-4.999817285385472,4.999801206106818,4.9999344604699205,4.999995947493654,-4.99993295215122,4.999986602151818,-4.999999976802976,4.999982397340159,-4.999990402812478
99.0,152.0,129.88514709472656,4.999986376764375,-4.999952211798869,4.999887414205646,4.9999684774261866,4.999891878304389,-4.99999860273153,4.999969071486191,-4.999968245694081,4.999960247204849,-4.999982177305338
99.0,152.0,129.8853302001953,4.999913913399869,-4.999764606245472,4.999867319206258,4.99993096397699,4.999899162914575,-4.999975230695714,4.999999788624017,-4.99997707761849,4.9999892802847015,-4.999971157435588
99.0,152.0,129.88510131835938,4.9999539064146665,-4.999767509206066,4.999997953598822,4.999914615937265,4.999944328920143,-4.999975789498051,4.999999628294424,-4.999956362007659,4.999998745875899,-4.999965013972431
99.0,152.0,129.88551330566406,4.999938374804836,-4.999771296435116,4.9999937896296105,4.99993906104862,4.999873016357174,-4.999944310500853,4.999957932505151,-4.9999679923715785,4.99997472001032,-4.9999823346279735
99.0,152.0,129.8857879638672,4.999663736957952,-4.999700968359682,4.999851522847104,4.999985127962776,4.999995224362963,-4.99990470199055,4.999996499456553,-4.999968678251824,4.999971975957588,-4.999968918297981
99.0,152.0,129.8856658935547,4.9991343910747545,-4.999858899815971,4.999953707453448,4.999998928384897,4.999962346517279,-4.999917003345958,4.999994361868223,-4.999969777777512,4.999999996617951,-4.999977133651205
99.0,152.0,129.88583374023438,4.999789302213491,-4.999818010430207,4.999953127066162,4.999873562742247,4.999994150928604,-4.999886424270949,4.999908552260754,-4.999982575223866,4.9999538245165205,-4.999996744071337
99.0,152.0,129.88568115234375,4.99982003014407,-4.999729384933177,4.999722660012562,4.999924110248164,4.999909520500761,-4.999926368770879,4.999997691932075,-4.99999429133503,4.9999651114518375,-4.99999989657254
99.0,152.0,129.885986328125,4.999735520563641,-4.999894727650423,4.999847434353205,4.999872779152829,4.999815772237764,-4.999902097124865,4.999990807223183,-4.9999598776760825,4.999975802833065,-4.999998035939411
99.0,152.0,129.8854522705078,4.999181425229738,-4.999903689513371,4.99995337111246,4.99999045627836,4.999970186878975,-4.999940919706612,4.999967700857404,-4.999976666770543,4.999983702748212,-4.999999370784371
99.0,152.0,129.88589477539062,4.999872375043637,-4.999768327744267,4.99983394890417,4.999993552601478,4.999874984717796,-4.99984494810491,4.999968261056213,-4.999995300579576,4.999964607961569,-4.999988002883999
99.0,152.0,129.8853302001953,4.99984269466641,-4.9999756549068906,4.999782279854178,4.9999526048046175,4.99993272761288,-4.9999614486228126,4.999983514109306,-4.999951932317165,4.99996469570925,-4.9999981097309725
99.0,152.0,129.88568115234375,4.999781603208227,-4.999747352944661,4.999667420599524,4.999893061457485,4.999900325027813,-4.999990829432631,4.999997672812863,-4.999995600848075,4.999962314993346,-4.999998063802154
99.0,152.0,129.88607788085938,4.99971993566828,-4.999622805170655,4.9998817430532325,4.999815845206517,4.99995929182037,-4.999904782411324,4.999954245402257,-4.99995613529307,4.999988350095366,-4.999999768266688
99.0,152.0,129.88546752929688,4.999246360814562,-4.999919539097327,4.999966600471071,4.999917721543913,4.999990580881462,-4.99984006042936,4.999999904299858,-4.999997975988731,4.999998876903118,-4.999993770017262
99.0,152.0,129.88528442382812,4.9999897892692005,-4.999798251128034,4.99997800747637,4.999920696397,4.999995506185396,-4.999863846035536,4.999974054788971,-4.999938358463945,4.999997238338636,-4.999990237785646
99.0,152.0,129.8856658935547,4.999900016173664,-4.999735190854366,4.99998392879769,4.999891414168713,4.9999998525118965,-4.999927486375552,4.999898367930192,-4.999952860113368,4.9999840426342335,-4.999987609646226
99.0,152.0,129.88526916503906,4.999942076564291,-4.999959639623916,4.999946144552089,4.999848696874368,4.999932200347192,-4.999909425470378,4.999959877695373,-4.9999599472544745,4.999985985938398,-4.999999918121099
99.0,152.0,129.8852996826172,4.999863679558219,-4.999619544940613,4.999842887076065,4.999999014971327,4.999975691411287,-4.99994286643913,4.999932070813991,-4.999997860887016,4.99999913778953,-4.999989266845201
99.0,152.0,129.8846435546875,4.999816483080807,-4.999992959183557,4.999963818760136,4.999996861245688,4.999986523672621,-4.999942840549198,4.999936842464223,-4.9999953790071245,4.99999803074309,-4.999989345497066
99.0,152.0,129.88572692871094,4.99995734114696,-4.999565531541386,4.999848823146208,4.999972390454289,4.999972349897131,-4.999917067556506,4.999996445626996,-4.999959287961963,4.999980122864038,-4.999967183503481
99.0,152.0,129.88587951660156,4.999617163887641,-4.999917680473724,4.999998373877893,4.999757991039511,4.999995986751028,-4.999892793088058,4.999859992382311,-4.999995954483853,4.999992470349985,-4.999996527879938
99.0,153.0,129.8849639892578,4.999992889134643,-4.999888234582736,4.99999530660571,4.99995282053639,4.999992089388811,-4.999881576596806,4.999982455324064,-4.999937924766192,4.99999728481543,-4.999991421415845
99.0,153.0,129.8859405517578,4.999997873014669,-4.9993863724844445,4.999916810641457,4.999980258914787,4.999894055678596,-4.999994491145914,4.999871298992057,-4.999970097508086,4.999980569841723,-4.999996972802173
99.0,153.0,129.88571166992188,4.999391061823408,-4.999693368684369,4.999923294840005,4.999979411288738,4.999974497584431,-4.999996218454145,4.999965773307186,-4.99992772960907,4.999985210591475,-4.99999536766267
99.0,153.0,129.88528442382812,4.999845654697631,-4.999997085685275,4.999851245612964,4.999874474723537,4.999897460793619,-4.999953164995912,4.999976537054871,-4.999944736571706,4.999999461165251,-4.999999480011979
99.0,153.0,129.8848114013672,4.999757741544794,-4.999998984659887,4.9999050513824566,4.999999858244085,4.999996518628972,-4.999952218200502,4.999989782379329,-4.99999926873097,4.999993368337186,-4.9999574161037135
99.0,153.0,129.8861083984375,4.999718058734575,-4.999926007088163,4.999933678300707,4.999788730024591,4.999705707987687,-4.999999044977959,4.9999307079619095,-4.99997083595135,4.999987713645829,-4.999994509958657
99.0,153.0,129.88592529296875,4.9998214340885445,-4.999587049580866,4.999946318384745,4.999851311101205,4.999975099955658,-4.999881322904709,4.999972969499846,-4.999957617705398,4.999999999037128,-4.999976070497465
99.0,153.0,129.88536071777344,4.999959585413048,-4.999915985926044,4.999908766886627,4.999935628926284,4.999853096106183,-4.999929495673642,4.999965831115324,-4.999983005533303,4.999961146205281,-4.999999828679259
99.0,153.0,129.88568115234375,4.999950525001664,-4.999710044408676,4.99978348313972,4.999954152966176,4.999935687313474,-4.999930776026804,4.999955384676426,-4.999961773116205,4.999972843937533,-4.999998314505497
99.0,153.0,129.88526916503906,4.99991254393449,-4.999914220708228,4.999925097512879,4.99987624280709,4.999890669256528,-4.999929282259027,4.999974868568246,-4.999991004148395,4.999966973014436,-4.999999498173185
99.0,153.0,129.885986328125,4.999653254161359,-4.999997467861514,4.999850952231332,4.999926488691926,4.999854594244882,-4.99985263902409,4.999966484899074,-4.999982834280652,4.999956410565984,-4.99999932386891
99.0,153.0,129.88551330566406,4.999948083502369,-4.999923298051839,4.9999039457557295,4.999843598192582,4.99986280958942,-4.999932783733321,4.999973016014464,-4.999963972973818,4.9999747496633775,-4.999999889171606
99.0,153.0,129.8863983154297,4.9993690085697065,-4.999772449366183,4.999859861277381,4.999830203214129,4.999990640875459,-4.999929123968459,4.999983986888725,-4.99994982418302,4.999999381486408,-4.999947798743203
99.0,153.0,129.8860626220703,4.999768633607752,-4.999632815876778,4.999947971710668,4.999803146229146,4.999905296510287,-4.999965650838524,4.99989854212418,-4.999957886190822,4.999999996561112,-4.999995901195371
99.0,153.0,129.8857421875,4.999994026782684,-4.999877746245085,4.999890657349535,4.999970229849846,4.999997151647953,-4.999742379021438,4.999938164892089,-4.999932200123549,4.999999679967906,-4.999999793571059
99.0,153.0,129.88543701171875,4.999767814023265,-4.999824978437296,4.999919070303227,4.999924503274491,4.99989927202344,-4.999989261250506,4.999985424254999,-4.999958386634367,4.999995140512347,-4.999969126498048
99.0,153.0,129.88523864746094,4.999933928439475,-4.99998628804032,4.999839189773864,4.99999839180287,4.999936842230728,-4.999968128307543,4.999973478944461,-4.999973641724582,4.999961143179172,-4.999968685856643
99.0,153.0,129.88571166992188,4.999950567005241,-4.999780138191621,4.999988683816861,4.999789241469692,4.999992940761143,-4.999829292506592,4.999972434603537,-4.999945738383556,4.999997687838852,-4.9999902399352125
99.0,153.0,129.8855743408203,4.9999680344483775,-4.999846676707582,4.999975837094034,4.999848790026807,4.999823498592424,-4.999977424614728,4.999942349064544,-4.999960996467975,4.999973980671125,-4.999999840205117
99.0,153.0,129.88467407226562,4.999806456704325,-4.999997252294876,4.999856801605517,4.999998708748701,4.999989113900484,-4.999968413273759,4.99994129427461,-4.99999910940747,4.999995264044699,-4.999992770072876
99.0,153.0,129.8856964111328,4.999586840637017,-4.9999380262802,4.999945475205927,4.999866943124168,4.99988801936525,-4.999941598316775,4.999972958649741,-4.999956598463373,4.999973512660557,-4.999998784024251
99.0,153.0,129.88540649414062,4.99995451617572,-4.9996862759250345,4.999952325340145,4.999964647090557,4.999996374305805,-4.9998547862596165,4.999990723313958,-4.999966635352092,4.99997112913381,-4.999990138893986
99.0,153.0,129.88546752929688,4.999953835018055,-4.999786286011421,4.999942409137765,4.999822644797284,4.999905075185179,-4.999985340472499,4.999974895674924,-4.999954698923292,4.999979509006675,-4.999989346219724
99.0,153.0,129.8856964111328,4.999884617862275,-4.999761831550226,4.999792772200137,4.999999837916219,4.999942692916206,-4.999882725734565,4.999980656645988,-4.999972911644265,4.999952690778795,-4.9999966342218745
99.0,153.0,129.88543701171875,4.999941915283809,-4.999736606501282,4.999913921183159,4.999998836272087,4.999977911406529,-4.9998375043461145,4.999968717845272,-4.999970171973383,4.999996361162645,-4.999979944685334
99.0,153.0,129.8856658935547,4.9999193834298605,-4.999641961845207,4.999985693650698,4.999893722135688,4.999937627297703,-4.999942765601087,4.999969590436242,-4.999964457432251,4.999970664891874,-4.999978742775494
99.0,153.0,129.88510131835938,4.999901174460619,-4.999638664781092,4.999911569954048,4.999978068415134,4.999977867897418,-4.999966446161735,4.999971536725971,-4.999990717363759,4.999978764027087,-4.999989144843722
99.0,153.0,129.88560485839844,4.999997879495784,-4.999726971349461,4.999999498536997,4.9999344604699205,4.999893787478821,-4.999886739103676,4.999947400238122,-4.999962760430528,4.999976216423049,-4.999993598918784
99.0,153.0,129.88514709472656,4.999986376764375,-4.999952211798869,4.999887414205646,4.9999684774261866,4.999891878304389,-4.99999860273153,4.999969071486191,-4.999968245694081,4.999960247204849,-4.999982177305338
99.0,153.0,129.8853302001953,4.999913913399869,-4.999764606245472,4.999867319206258,4.99993096397699,4.999899162914575,-4.999975230695714,4.999999788624017,-4.99997707761849,4.9999892802847015,-4.999971157435588
99.0,153.0,129.88482666015625,4.9999539064146665,-4.999929509770247,4.999782313984018,4.999913101822748,4.999962121411302,-4.999923921698633,4.999996004534546,-4.999999990125136,4.999998745875899,-4.999996557049915
99.0,153.0,129.88491821289062,4.999938374804836,-4.999998212331351,4.999983553543317,4.999931983962312,4.999921256041386,-4.999951699254744,4.999958662724929,-4.999953799731339,4.999984255060253,-4.999999976882174
99.0,153.0,129.8857879638672,4.999663736957952,-4.999700968359682,4.999851522847104,4.999985127962776,4.999995224362963,-4.99990470199055,4.999996499456553,-4.999968678251824,4.999971975957588,-4.999968918297981
99.0,153.0,129.88551330566406,4.999810431819748,-4.999821501270322,4.999773066331851,4.999951960353064,4.999892847489039,-4.999988118721802,4.999999842727379,-4.999969777777512,4.999952581377468,-4.999996477442334
99.0,153.0,129.88583374023438,4.999789302213491,-4.999818010430207,4.999953127066162,4.999873562742247,4.999994150928604,-4.999886424270949,4.999908552260754,-4.999982575223866,4.9999538245165205,-4.999996744071337
99.0,153.0,129.88568115234375,4.99982003014407,-4.999729384933177,4.999722660012562,4.999924110248164,4.999909520500761,-4.999926368770879,4.999997691932075,-4.99999429133503,4.9999651114518375,-4.99999989657254
99.0,153.0,129.88534545898438,4.999906639170894,-4.999673356625816,4.999992728458777,4.999943834401407,4.999992302798764,-4.999963314911399,4.999984115431207,-4.999962221124362,4.999979566939232,-4.999961264759621
99.0,153.0,129.88504028320312,4.999988172779926,-4.999903689513371,4.999995568622534,4.999978213480771,4.999980854417269,-4.999874451287014,4.999941773205977,-4.999959671758019,4.999996048285121,-4.999989093342983
99.0,153.0,129.88589477539062,4.999872375043637,-4.999768327744267,4.99983394890417,4.999993552601478,4.999874984717796,-4.99984494810491,4.999968261056213,-4.999995300579576,4.999964607961569,-4.999988002883999
99.0,153.0,129.8853302001953,4.99984269466641,-4.9999756549068906,4.999782279854178,4.9999526048046175,4.99993272761288,-4.9999614486228126,4.999983514109306,-4.999951932317165,4.99996469570925,-4.9999981097309725
99.0,153.0,129.88568115234375,4.999781603208227,-4.999747352944661,4.999667420599524,4.999893061457485,4.999900325027813,-4.999990829432631,4.999997672812863,-4.999995600848075,4.999962314993346,-4.999998063802154
99.0,153.0,129.88558959960938,4.998950714462376,-4.999928150229335,4.999932583500667,4.999943637695628,4.999997676060275,-4.999862488486038,4.999999939946296,-4.999998450656256,4.99999904592543,-4.999999768266688
99.0,153.0,129.88546752929688,4.999246360814562,-4.999919539097327,4.999966600471071,4.999917721543913,4.999990580881462,-4.99984006042936,4.999999904299858,-4.999997975988731,4.999998876903118,-4.999993770017262
99.0,153.0,129.88528442382812,4.9999897892692005,-4.999798251128034,4.99997800747637,4.999920696397,4.999995506185396,-4.999863846035536,4.999974054788971,-4.999938358463945,4.999997238338636,-4.999990237785646
99.0,153.0,129.8856658935547,4.999900016173664,-4.999735190854366,4.99998392879769,4.999891414168713,4.9999998525118965,-4.999927486375552,4.999898367930192,-4.999952860113368,4.9999840426342335,-4.999987609646226
99.0,153.0,129.88526916503906,4.999942076564291,-4.999959639623916,4.999946144552089,4.999848696874368,4.999932200347192,-4.999909425470378,4.999959877695373,-4.9999599472544745,4.999985985938398,-4.999999918121099
99.0,153.0,129.8852996826172,4.999863679558219,-4.999619544940613,4.999842887076065,4.999999014971327,4.999975691411287,-4.99994286643913,4.999932070813991,-4.999997860887016,4.99999913778953,-4.999989266845201
99.0,153.0,129.8846435546875,4.999816483080807,-4.999992959183557,4.999963818760136,4.999996861245688,4.999986523672621,-4.999942840549198,4.999936842464223,-4.9999953790071245,4.99999803074309,-4.999989345497066
99.0,153.0,129.88485717773438,4.999762546911391,-4.99999932113658,4.999981756781659,4.999999916604588,4.999956417098489,-4.999988285205178,4.999942382217107,-4.999959287961963,4.999981534678288,-4.999993280394946
99.0,153.0,129.88526916503906,4.999270621647852,-4.999838628810895,4.999963313538986,4.999993901234481,4.999983015685236,-4.999977486492036,4.999972191557821,-4.999985266741747,4.99999044147403,-4.999985931532459
99.0,154.0,129.8849639892578,4.999992889134643,-4.999888234582736,4.99999530660571,4.99995282053639,4.999992089388811,-4.999881576596806,4.999982455324064,-4.999937924766192,4.99999728481543,-4.999991421415845
99.0,154.0,129.88540649414062,4.999865712679052,-4.999596888996885,4.999948967488516,4.999953299525281,4.999975585810241,-4.999994491145914,4.9999149872991335,-4.999970097508086,4.999977708945876,-4.999996972802173
99.0,154.0,129.88565063476562,4.99995728700355,-4.999634037053228,4.999997468741322,4.999923968104118,4.999932764065607,-4.999996218454145,4.999940524889302,-4.999945305316894,4.9999692505828754,-4.999976404438354
99.0,154.0,129.88528442382812,4.999845654697631,-4.999997085685275,4.999851245612964,4.999874474723537,4.999897460793619,-4.999953164995912,4.999976537054871,-4.999944736571706,4.999999461165251,-4.999999480011979
99.0,154.0,129.8848114013672,4.999757741544794,-4.999998984659887,4.9999050513824566,4.999999858244085,4.999996518628972,-4.999952218200502,4.999989782379329,-4.99999926873097,4.999993368337186,-4.9999574161037135
99.0,154.0,129.88526916503906,4.999718058734575,-4.999926007088163,4.999988308481141,4.999984550019317,4.999916481672587,-4.99990409954915,4.999948700798912,-4.999973165085276,4.999986104714127,-4.999994509958657
99.0,154.0,129.88592529296875,4.9998214340885445,-4.999587049580866,4.999946318384745,4.999851311101205,4.999975099955658,-4.999881322904709,4.999972969499846,-4.999957617705398,4.999999999037128,-4.999976070497465
99.0,154.0,129.88536071777344,4.999959585413048,-4.999915985926044,4.999908766886627,4.999935628926284,4.999853096106183,-4.999929495673642,4.999965831115324,-4.999983005533303,4.999961146205281,-4.999999828679259
99.0,154.0,129.88568115234375,4.999950525001664,-4.999710044408676,4.99978348313972,4.999954152966176,4.999935687313474,-4.999930776026804,4.999955384676426,-4.999961773116205,4.999972843937533,-4.999998314505497
99.0,154.0,129.88523864746094,4.9998107055409085,-4.999999661220583,4.99977146904296,4.999892070136368,4.99987062009882,-4.999967134733386,4.999971503720886,-4.999991004148395,4.999990241987743,-4.9999998158529495
99.0,154.0,129.8854217529297,4.999893755839398,-4.999997467861514,4.999804085227448,4.99996010293822,4.999886132164587,-4.9999919811386535,4.999969685566551,-4.999996211219499,4.999945987278675,-4.999972724235313
99.0,154.0,129.88551330566406,4.999948083502369,-4.999923298051839,4.9999039457557295,4.999843598192582,4.99986280958942,-4.999932783733321,4.999973016014464,-4.999963972973818,4.9999747496633775,-4.999999889171606
99.0,154.0,129.8850860595703,4.999955967685465,-4.999928945851741,4.999936242601145,4.999829276717331,4.999990640875459,-4.999995532312776,4.999963385418877,-4.999957180659671,4.999974092617467,-4.999989229999056
99.0,154.0,129.8860626220703,4.999768633607752,-4.999632815876778,4.999947971710668,4.999803146229146,4.999905296510287,-4.999965650838524,4.99989854212418,-4.999957886190822,4.999999996561112,-4.999995901195371
99.0,154.0,129.8857421875,4.999994026782684,-4.999877746245085,4.999890657349535,4.999970229849846,4.999997151647953,-4.999742379021438,4.999938164892089,-4.999932200123549,4.999999679967906,-4.999999793571059
99.0,154.0,129.8849639892578,4.999896029114931,-4.999998548311517,4.99998531904077,4.999941380377589,4.999925583928987,-4.999939896448476,4.999941315594055,-4.999956130553022,4.999993888418254,-4.999999997197378
99.0,154.0,129.88523864746094,4.999933928439475,-4.99998628804032,4.999839189773864,4.99999839180287,4.999936842230728,-4.999968128307543,4.999973478944461,-4.999973641724582,4.999961143179172,-4.999968685856643
99.0,154.0,129.88543701171875,4.999884903633095,-4.999909239395729,4.999759935609964,4.999842757736618,4.999918618267063,-4.999925089662195,4.999953217881033,-4.999997822658367,4.999999137202593,-4.999996921115596
99.0,154.0,129.8855743408203,4.9999680344483775,-4.999846676707582,4.999975837094034,4.999848790026807,4.999823498592424,-4.999977424614728,4.999942349064544,-4.999960996467975,4.999973980671125,-4.999999840205117
99.0,154.0,129.88467407226562,4.999806456704325,-4.999997252294876,4.999856801605517,4.999998708748701,4.999989113900484,-4.999968413273759,4.99994129427461,-4.99999910940747,4.999995264044699,-4.999992770072876
99.0,154.0,129.88546752929688,4.999954374504296,-4.999745373151449,4.999926336373039,4.999944403608557,4.99998260026387,-4.9998785734459625,4.999972958649741,-4.9999552603041,4.99996859869912,-4.999997654640088
99.0,154.0,129.88490295410156,4.99995451617572,-4.999999473501108,4.999996808593095,4.999927535317251,4.999930674035803,-4.999993238754926,4.999929426221272,-4.999942135906163,4.999986221033066,-4.999999199055505
99.0,154.0,129.88546752929688,4.999953835018055,-4.999786286011421,4.999942409137765,4.999822644797284,4.999905075185179,-4.999985340472499,4.999974895674924,-4.999954698923292,4.999979509006675,-4.999989346219724
99.0,154.0,129.885498046875,4.999922108393173,-4.999964244741255,4.999931689357006,4.999782831704843,4.999830333939039,-4.999985003213845,4.999983872416106,-4.999977846539281,4.999952690778795,-4.999999951446626
99.0,154.0,129.88528442382812,4.99996699979938,-4.999884261219389,4.999818014498567,4.999893749214814,4.999840894975524,-4.99992003624836,4.9999954121504855,-4.999985311092309,4.999996361162645,-4.999999961373907
99.0,154.0,129.8850860595703,4.999953690631607,-4.9997181872410845,4.999985693650698,4.999992462033753,4.999993770231077,-4.999898297081183,4.999968551883374,-4.999956881582462,4.999997893113551,-4.999986095777896
99.0,154.0,129.88510131835938,4.999901174460619,-4.999638664781092,4.999911569954048,4.999978068415134,4.999977867897418,-4.999966446161735,4.999971536725971,-4.999990717363759,4.999978764027087,-4.999989144843722
99.0,154.0,129.88555908203125,4.999857843160671,-4.999934801549674,4.999987385135071,4.99997597583824,4.999958570082423,-4.999813155451202,4.999925121343506,-4.9999625500891,4.999979613425762,-4.999995867384729
99.0,154.0,129.88514709472656,4.999986376764375,-4.999952211798869,4.999887414205646,4.9999684774261866,4.999891878304389,-4.99999860273153,4.999969071486191,-4.999968245694081,4.999960247204849,-4.999982177305338
99.0,154.0,129.8851318359375,4.999934255547385,-4.999814941650449,4.999973126046756,4.999977198593935,4.999966202596712,-4.999975230695714,4.999993988547456,-4.999974780795602,4.999960141761317,-4.999963228501565
99.0,154.0,129.88482666015625,4.9999539064146665,-4.999929509770247,4.999782313984018,4.999913101822748,4.999962121411302,-4.999923921698633,4.999996004534546,-4.999999990125136,4.999998745875899,-4.999996557049915
99.0,154.0,129.88491821289062,4.999938374804836,-4.999998212331351,4.999983553543317,4.999931983962312,4.999921256041386,-4.999951699254744,4.999958662724929,-4.999953799731339,4.999984255060253,-4.999999976882174
99.0,154.0,129.8857879638672,4.999663736957952,-4.999700968359682,4.999851522847104,4.999985127962776,4.999995224362963,-4.99990470199055,4.999996499456553,-4.999968678251824,4.999971975957588,-4.999968918297981
99.0,154.0,129.88551330566406,4.999810431819748,-4.999821501270322,4.999773066331851,4.999951960353064,4.999892847489039,-4.999988118721802,4.999999842727379,-4.999969777777512,4.999952581377468,-4.999996477442334
99.0,154.0,129.8857879638672,4.999848386180021,-4.999668028773527,4.999782724700443,4.9999810811916205,4.999946335221299,-4.999871039716657,4.999996015214901,-4.999977327606469,4.99996720731872,-4.999991124287
99.0,154.0,129.88568115234375,4.99982003014407,-4.999729384933177,4.999722660012562,4.999924110248164,4.999909520500761,-4.999926368770879,4.999997691932075,-4.99999429133503,4.9999651114518375,-4.99999989657254
99.0,154.0,129.88519287109375,4.999942884808928,-4.999906920431248,4.999937363979007,4.999819938332482,4.999939526231255,-4.999963314911399,4.999976018486869,-4.999949290607438,4.999986580965156,-4.999999978716921
99.0,154.0,129.88502502441406,4.999988172779926,-4.999770361797907,4.999991247490415,4.999937669196722,4.999968019595405,-4.99999643394218,4.999993409467494,-4.999935931877136,4.999998105505885,-4.999965175271515
99.0,154.0,129.88560485839844,4.999872375043637,-4.999704388861447,4.999941648999656,4.999981071340509,4.999997623809594,-4.99984494810491,4.999992343499392,-4.999959255432481,4.999970679633594,-4.999981313207025
99.0,154.0,129.8853302001953,4.99984269466641,-4.9999756549068906,4.999782279854178,4.9999526048046175,4.99993272761288,-4.9999614486228126,4.999983514109306,-4.999951932317165,4.99996469570925,-4.9999981097309725
99.0,154.0,129.88568115234375,4.999781603208227,-4.999747352944661,4.999667420599524,4.999893061457485,4.999900325027813,-4.999990829432631,4.999997672812863,-4.999995600848075,4.999962314993346,-4.999998063802154
99.0,154.0,129.88522338867188,4.999935036134707,-4.999780853925345,4.999815603551918,4.999941377529595,4.999899458642389,-4.99998808235165,4.999979339281089,-4.999997199209298,4.999988849660903,-4.999977755609455
99.0,154.0,129.88510131835938,4.99974776607179,-4.999999715897237,4.999869105713304,4.999917721543913,4.999998200814244,-4.999929897759799,4.999994891896947,-4.999999917403208,4.999993752833312,-4.999957440586958
99.0,154.0,129.88528442382812,4.9999897892692005,-4.999798251128034,4.99997800747637,4.999920696397,4.999995506185396,-4.999863846035536,4.999974054788971,-4.999938358463945,4.999997238338636,-4.999990237785646
99.0,154.0,129.8856658935547,4.999900016173664,-4.999735190854366,4.99998392879769,4.999891414168713,4.9999998525118965,-4.999927486375552,4.999898367930192,-4.999952860113368,4.9999840426342335,-4.999987609646226
99.0,154.0,129.88523864746094,4.999888294329439,-4.999986949243688,4.999948782904865,4.999991496840187,4.999909076913224,-4.999999254065031,4.999965960408582,-4.999967884996998,4.999957558435493,-4.999962606832237
99.0,154.0,129.8852996826172,4.999863679558219,-4.999619544940613,4.999842887076065,4.999999014971327,4.999975691411287,-4.99994286643913,4.999932070813991,-4.999997860887016,4.99999913778953,-4.999989266845201
99.0,154.0,129.8846435546875,4.999816483080807,-4.999992959183557,4.999963818760136,4.999996861245688,4.999986523672621,-4.999942840549198,4.999936842464223,-4.9999953790071245,4.99999803074309,-4.999989345497066
99.0,154.0,129.88485717773438,4.999762546911391,-4.99999932113658,4.999981756781659,4.999999916604588,4.999956417098489,-4.999988285205178,4.999942382217107,-4.999959287961963,4.999981534678288,-4.999993280394946
99.0,154.0,129.88526916503906,4.999270621647852,-4.999838628810895,4.999963313538986,4.999993901234481,4.999983015685236,-4.999977486492036,4.999972191557821,-4.999985266741747,4.99999044147403,-4.999985931532459
99.0,155.0,129.8849639892578,4.999992889134643,-4.999888234582736,4.99999530660571,4.99995282053639,4.999992089388811,-4.999881576596806,4.999982455324064,-4.999937924766192,4.99999728481543,-4.999991421415845
99.0,155.0,129.88540649414062,4.999865712679052,-4.999596888996885,4.999948967488516,4.999953299525281,4.999975585810241,-4.999994491145914,4.9999149872991335,-4.999970097508086,4.999977708945876,-4.999996972802173
99.0,155.0,129.88565063476562,4.99995728700355,-4.999634037053228,4.999997468741322,4.999923968104118,4.999932764065607,-4.999996218454145,4.999940524889302,-4.999945305316894,4.9999692505828754,-4.999976404438354
99.0,155.0,129.88528442382812,4.999845654697631,-4.999997085685275,4.999851245612964,4.999874474723537,4.999897460793619,-4.999953164995912,4.999976537054871,-4.999944736571706,4.999999461165251,-4.999999480011979
99.0,155.0,129.8848114013672,4.999757741544794,-4.999998984659887,4.9999050513824566,4.999999858244085,4.999996518628972,-4.999952218200502,4.999989782379329,-4.99999926873097,4.999993368337186,-4.9999574161037135
99.0,155.0,129.88526916503906,4.999718058734575,-4.999926007088163,4.999988308481141,4.999984550019317,4.999916481672587,-4.99990409954915,4.999948700798912,-4.999973165085276,4.999986104714127,-4.999994509958657
99.0,155.0,129.88558959960938,4.999820009836721,-4.999810935362897,4.999771599590675,4.999963093931318,4.999962829141237,-4.999900977911814,4.99999667893348,-4.99994249051065,4.999975305729272,-4.999999772259349
99.0,155.0,129.88516235351562,4.999995682570917,-4.999763675207776,4.999993276597038,4.999990830029973,4.99999473683069,-4.999996930729258,4.999994397079281,-4.9999272506652295,4.999983556101599,-4.999949610273362
99.0,155.0,129.8852081298828,4.9996758567625,-4.999774130532551,4.999957779141309,4.999999541314111,4.99997292258352,-4.999909140902055,4.999928228198676,-4.999990109041875,4.999998298777204,-4.999998314505497
99.0,155.0,129.88523864746094,4.9998107055409085,-4.999999661220583,4.99977146904296,4.999892070136368,4.99987062009882,-4.999967134733386,4.999971503720886,-4.999991004148395,4.999990241987743,-4.9999998158529495
99.0,155.0,129.8854217529297,4.999893755839398,-4.999997467861514,4.999804085227448,4.99996010293822,4.999886132164587,-4.9999919811386535,4.999969685566551,-4.999996211219499,4.999945987278675,-4.999972724235313
99.0,155.0,129.88551330566406,4.999948083502369,-4.999923298051839,4.9999039457557295,4.999843598192582,4.99986280958942,-4.999932783733321,4.999973016014464,-4.999963972973818,4.9999747496633775,-4.999999889171606
99.0,155.0,129.8850860595703,4.999955967685465,-4.999928945851741,4.999936242601145,4.999829276717331,4.999990640875459,-4.999995532312776,4.999963385418877,-4.999957180659671,4.999974092617467,-4.999989229999056
99.0,155.0,129.88595581054688,4.99988738522868,-4.999676195080289,4.999950046477675,4.999803146229146,4.999980542465332,-4.99985538480383,4.999894710122055,-4.999994247042809,4.999999577199361,-4.999988961816399
99.0,155.0,129.88534545898438,4.999962365968047,-4.999833955877387,4.999890657349535,4.999947856009015,4.999882814560872,-4.999988378166765,4.999943748669825,-4.999966268247005,4.99996762772316,-4.999998746554653
99.0,155.0,129.8849639892578,4.999896029114931,-4.999998548311517,4.99998531904077,4.999941380377589,4.999925583928987,-4.999939896448476,4.999941315594055,-4.999956130553022,4.999993888418254,-4.999999997197378
99.0,155.0,129.88523864746094,4.999933928439475,-4.99998628804032,4.999839189773864,4.99999839180287,4.999936842230728,-4.999968128307543,4.999973478944461,-4.999973641724582,4.999961143179172,-4.999968685856643
99.0,155.0,129.88543701171875,4.999884903633095,-4.999909239395729,4.999759935609964,4.999842757736618,4.999918618267063,-4.999925089662195,4.999953217881033,-4.999997822658367,4.999999137202593,-4.999996921115596
99.0,155.0,129.88552856445312,4.999955147796399,-4.999671559411361,4.999967205067724,4.999967713220792,4.999993562520395,-4.999848840558146,4.999968935429333,-4.999941878363639,4.999986971726095,-4.99999195733171
99.0,155.0,129.88467407226562,4.999806456704325,-4.999997252294876,4.999856801605517,4.999998708748701,4.999989113900484,-4.999968413273759,4.99994129427461,-4.99999910940747,4.999995264044699,-4.999992770072876
99.0,155.0,129.88485717773438,4.999767538767886,-4.999994274289538,4.999972748810306,4.999998655044435,4.999990155228305,-4.999931206931142,4.999946019885261,-4.999999608906911,4.99999517657712,-4.999968325784556
99.0,155.0,129.88490295410156,4.99995451617572,-4.999999473501108,4.999996808593095,4.999927535317251,4.999930674035803,-4.999993238754926,4.999929426221272,-4.999942135906163,4.999986221033066,-4.999999199055505
99.0,155.0,129.88546752929688,4.999953835018055,-4.999786286011421,4.999942409137765,4.999822644797284,4.999905075185179,-4.999985340472499,4.999974895674924,-4.999954698923292,4.999979509006675,-4.999989346219724
99.0,155.0,129.88494873046875,4.999922108393173,-4.999999861999136,4.999953963457731,4.9999177229679095,4.999998772678444,-4.999905804808211,4.999975880053429,-4.99997938307507,4.999996272211988,-4.99996856138092
99.0,155.0,129.88528442382812,4.99996699979938,-4.999884261219389,4.999818014498567,4.999893749214814,4.999840894975524,-4.99992003624836,4.9999954121504855,-4.999985311092309,4.999996361162645,-4.999999961373907
99.0,155.0,129.8850860595703,4.999953690631607,-4.9997181872410845,4.999985693650698,4.999992462033753,4.999993770231077,-4.999898297081183,4.999968551883374,-4.999956881582462,4.999997893113551,-4.999986095777896
99.0,155.0,129.88510131835938,4.999901174460619,-4.999638664781092,4.999911569954048,4.999978068415134,4.999977867897418,-4.999966446161735,4.999971536725971,-4.999990717363759,4.999978764027087,-4.999989144843722
99.0,155.0,129.8853302001953,4.999629412852908,-4.999954877328846,4.999907882079695,4.999893177625116,4.999959963595774,-4.999918418191898,4.999940477253512,-4.999992655605203,4.999999687666156,-4.999990854980748
99.0,155.0,129.88514709472656,4.999986376764375,-4.999952211798869,4.999887414205646,4.9999684774261866,4.999891878304389,-4.99999860273153,4.999969071486191,-4.999968245694081,4.999960247204849,-4.999982177305338
99.0,155.0,129.8851318359375,4.999934255547385,-4.999814941650449,4.999973126046756,4.999977198593935,4.999966202596712,-4.999975230695714,4.999993988547456,-4.999974780795602,4.999960141761317,-4.999963228501565
99.0,155.0,129.88482666015625,4.9999539064146665,-4.999929509770247,4.999782313984018,4.999913101822748,4.999962121411302,-4.999923921698633,4.999996004534546,-4.999999990125136,4.999998745875899,-4.999996557049915
99.0,155.0,129.88491821289062,4.999938374804836,-4.999998212331351,4.999983553543317,4.999931983962312,4.999921256041386,-4.999951699254744,4.999958662724929,-4.999953799731339,4.999984255060253,-4.999999976882174
99.0,155.0,129.88571166992188,4.999949848052074,-4.9998151102906485,4.99980053384398,4.9999246918930975,4.999828761624697,-4.99990470199055,4.999995576376548,-4.999993929789668,4.999993194318466,-4.999968918297981
99.0,155.0,129.88491821289062,4.999963319414538,-4.999999396449782,4.999928500814924,4.99999996773518,4.999892847489039,-4.999983748596039,4.999926933575502,-4.999966209294825,4.999983945963622,-4.999996699665156
99.0,155.0,129.88560485839844,4.999882667505549,-4.999799132288382,4.999921483246501,4.99983053725453,4.999946335221299,-4.999947481457767,4.999978695636528,-4.999955491278382,4.9999871018004685,-4.999977345145229
99.0,155.0,129.88568115234375,4.99982003014407,-4.999729384933177,4.999722660012562,4.999924110248164,4.999909520500761,-4.999926368770879,4.999997691932075,-4.99999429133503,4.9999651114518375,-4.99999989657254
99.0,155.0,129.88519287109375,4.999942884808928,-4.999906920431248,4.999937363979007,4.999819938332482,4.999939526231255,-4.999963314911399,4.999976018486869,-4.999949290607438,4.999986580965156,-4.999999978716921
99.0,155.0,129.88502502441406,4.999988172779926,-4.999770361797907,4.999991247490415,4.999937669196722,4.999968019595405,-4.99999643394218,4.999993409467494,-4.999935931877136,4.999998105505885,-4.999965175271515
99.0,155.0,129.88560485839844,4.999872375043637,-4.999704388861447,4.999941648999656,4.999981071340509,4.999997623809594,-4.99984494810491,4.999992343499392,-4.999959255432481,4.999970679633594,-4.999981313207025
99.0,155.0,129.8848419189453,4.999959309326005,-4.999835143175165,4.999806478819863,4.999999363673384,4.999989243411213,-4.999891412783525,4.999992271232799,-4.999999992996736,4.999998816735177,-4.999989615580402
99.0,155.0,129.88568115234375,4.999781603208227,-4.999747352944661,4.999667420599524,4.999893061457485,4.999900325027813,-4.999990829432631,4.999997672812863,-4.999995600848075,4.999962314993346,-4.999998063802154
99.0,155.0,129.88522338867188,4.999935036134707,-4.999780853925345,4.999815603551918,4.999941377529595,4.999899458642389,-4.99998808235165,4.999979339281089,-4.999997199209298,4.999988849660903,-4.999977755609455
99.0,155.0,129.88510131835938,4.99974776607179,-4.999999715897237,4.999869105713304,4.999917721543913,4.999998200814244,-4.999929897759799,4.999994891896947,-4.999999917403208,4.999993752833312,-4.999957440586958
99.0,155.0,129.88475036621094,4.9999897892692005,-4.999982672629808,4.999959215293761,4.999813447864545,4.999995506185396,-4.999991675651623,4.999969378090555,-4.999984033276192,4.9999711330477,-4.99999470985553
99.0,155.0,129.8856658935547,4.999900016173664,-4.999735190854366,4.99998392879769,4.999891414168713,4.9999998525118965,-4.999927486375552,4.999898367930192,-4.999952860113368,4.9999840426342335,-4.999987609646226
99.0,155.0,129.88519287109375,4.999992231004479,-4.999896592339683,4.999886663211953,4.999981120035756,4.999922585980893,-4.999942771652471,4.999995586037587,-4.999966140124096,4.999965779096032,-4.999978288485508
99.0,155.0,129.8852996826172,4.999863679558219,-4.999619544940613,4.999842887076065,4.999999014971327,4.999975691411287,-4.99994286643913,4.999932070813991,-4.999997860887016,4.99999913778953,-4.999989266845201
99.0,155.0,129.8846435546875,4.999816483080807,-4.999992959183557,4.999963818760136,4.999996861245688,4.999986523672621,-4.999942840549198,4.999936842464223,-4.9999953790071245,4.99999803074309,-4.999989345497066
99.0,155.0,129.88485717773438,4.999762546911391,-4.99999932113658,4.999981756781659,4.999999916604588,4.999956417098489,-4.999988285205178,4.999942382217107,-4.999959287961963,4.999981534678288,-4.999993280394946
99.0,155.0,129.88526916503906,4.999270621647852,-4.999838628810895,4.999963313538986,4.999993901234481,4.999983015685236,-4.999977486492036,4.999972191557821,-4.999985266741747,4.99999044147403,-4.999985931532459
99.0,156.0,129.8849639892578,4.999992889134643,-4.999888234582736,4.99999530660571,4.99995282053639,4.999992089388811,-4.999881576596806,4.999982455324064,-4.999937924766192,4.99999728481543,-4.999991421415845
99.0,156.0,129.8853302001953,4.999999596259364,-4.999904681897871,4.999998294854772,4.999947642939219,4.999975585810241,-4.999822773795012,4.999981154675745,-4.999913505266132,4.999999071350811,-4.999992827659839
99.0,156.0,129.88565063476562,4.99995728700355,-4.999634037053228,4.999997468741322,4.999923968104118,4.999932764065607,-4.999996218454145,4.999940524889302,-4.999945305316894,4.9999692505828754,-4.999976404438354
99.0,156.0,129.88525390625,4.999950542722313,-4.999766907886114,4.999938434032698,4.999850177368203,4.999975783326101,-4.999936613824619,4.999976537054871,-4.999950831532999,4.999999461165251,-4.9999930381647815
99.0,156.0,129.8848114013672,4.999757741544794,-4.999998984659887,4.9999050513824566,4.999999858244085,4.999996518628972,-4.999952218200502,4.999989782379329,-4.99999926873097,4.999993368337186,-4.9999574161037135
99.0,156.0,129.88473510742188,4.999892886199612,-4.999998930948415,4.999993124902091,4.999998740643023,4.999993102403972,-4.999946017186723,4.999933675970604,-4.9999709261230505,4.999986104714127,-4.999988532494529
99.0,156.0,129.88487243652344,4.999997197563051,-4.9998005022739855,4.999884856877947,4.999944590088498,4.999971806043806,-4.999997287323757,4.99999667893348,-4.999936170196789,4.999985624738407,-4.999999772259349
99.0,156.0,129.88510131835938,4.999913197995866,-4.99999058620476,4.99999746636953,4.999998892577308,4.99999473683069,-4.999945443183316,4.99995057249034,-4.999946747029944,4.9999949913236135,-4.999949610273362
99.0,156.0,129.8852081298828,4.9996758567625,-4.999774130532551,4.999957779141309,4.999999541314111,4.99997292258352,-4.999909140902055,4.999928228198676,-4.999990109041875,4.999998298777204,-4.999998314505497
99.0,156.0,129.88510131835938,4.9998650469645884,-4.999657496064614,4.999993155332204,4.999978578369823,4.99987062009882,-4.999998101989102,4.999969583540117,-4.999991004148395,4.999999118788493,-4.999980051833804
99.0,156.0,129.8854217529297,4.999893755839398,-4.999997467861514,4.999804085227448,4.99996010293822,4.999886132164587,-4.9999919811386535,4.999969685566551,-4.999996211219499,4.999945987278675,-4.999972724235313
99.0,156.0,129.88548278808594,4.999839943823262,-4.99993710186678,4.9999039457557295,4.999922481907101,4.99986280958942,-4.999975803587216,4.9999735875632645,-4.99996479838706,4.999985210262211,-4.999970583123147
99.0,156.0,129.8850860595703,4.999955967685465,-4.999928945851741,4.999936242601145,4.999829276717331,4.999990640875459,-4.999995532312776,4.999963385418877,-4.999957180659671,4.999974092617467,-4.999989229999056
99.0,156.0,129.8850555419922,4.99988738522868,-4.9997433207136,4.999950046477675,4.9999621182293765,4.999971330855686,-4.999995475139115,4.999889462686742,-4.999990024495581,4.999990001151428,-4.99999976438385
99.0,156.0,129.88534545898438,4.999962365968047,-4.999833955877387,4.999890657349535,4.999947856009015,4.999882814560872,-4.999988378166765,4.999943748669825,-4.999966268247005,4.99996762772316,-4.999998746554653
99.0,156.0,129.8849639892578,4.999896029114931,-4.999998548311517,4.99998531904077,4.999941380377589,4.999925583928987,-4.999939896448476,4.999941315594055,-4.999956130553022,4.999993888418254,-4.999999997197378
99.0,156.0,129.88523864746094,4.999933928439475,-4.99998628804032,4.999839189773864,4.99999839180287,4.999936842230728,-4.999968128307543,4.999973478944461,-4.999973641724582,4.999961143179172,-4.999968685856643
99.0,156.0,129.88543701171875,4.999884903633095,-4.999909239395729,4.999759935609964,4.999842757736618,4.999918618267063,-4.999925089662195,4.999953217881033,-4.999997822658367,4.999999137202593,-4.999996921115596
99.0,156.0,129.88552856445312,4.999955147796399,-4.999671559411361,4.999967205067724,4.999967713220792,4.999993562520395,-4.999848840558146,4.999968935429333,-4.999941878363639,4.999986971726095,-4.99999195733171
99.0,156.0,129.88467407226562,4.999806456704325,-4.999997252294876,4.999856801605517,4.999998708748701,4.999989113900484,-4.999968413273759,4.99994129427461,-4.99999910940747,4.999995264044699,-4.999992770072876
99.0,156.0,129.88485717773438,4.999767538767886,-4.999994274289538,4.999972748810306,4.999998655044435,4.999990155228305,-4.999931206931142,4.999946019885261,-4.999999608906911,4.99999517657712,-4.999968325784556
99.0,156.0,129.88485717773438,4.999806189212684,-4.999986366453163,4.999885009350521,4.999999696310777,4.9999896077700825,-4.999993238754926,4.999929426221272,-4.9999990062034,4.999985491816142,-4.999974088897634
99.0,156.0,129.88546752929688,4.999953835018055,-4.999786286011421,4.999942409137765,4.999822644797284,4.999905075185179,-4.999985340472499,4.999974895674924,-4.999954698923292,4.999979509006675,-4.999989346219724
99.0,156.0,129.88494873046875,4.999922108393173,-4.999999861999136,4.999953963457731,4.9999177229679095,4.999998772678444,-4.999905804808211,4.999975880053429,-4.99997938307507,4.999996272211988,-4.99996856138092
99.0,156.0,129.88528442382812,4.99996699979938,-4.999884261219389,4.999818014498567,4.999893749214814,4.999840894975524,-4.99992003624836,4.9999954121504855,-4.999985311092309,4.999996361162645,-4.999999961373907
99.0,156.0,129.8850860595703,4.999953690631607,-4.9997181872410845,4.999985693650698,4.999992462033753,4.999993770231077,-4.999898297081183,4.999968551883374,-4.999956881582462,4.999997893113551,-4.999986095777896
99.0,156.0,129.88510131835938,4.999901174460619,-4.999638664781092,4.999911569954048,4.999978068415134,4.999977867897418,-4.999966446161735,4.999971536725971,-4.999990717363759,4.999978764027087,-4.999989144843722
99.0,156.0,129.8853302001953,4.999629412852908,-4.999954877328846,4.999907882079695,4.999893177625116,4.999959963595774,-4.999918418191898,4.999940477253512,-4.999992655605203,4.999999687666156,-4.999990854980748
99.0,156.0,129.88514709472656,4.999986376764375,-4.999952211798869,4.999887414205646,4.9999684774261866,4.999891878304389,-4.99999860273153,4.999969071486191,-4.999968245694081,4.999960247204849,-4.999982177305338
99.0,156.0,129.8851318359375,4.999934255547385,-4.999814941650449,4.999973126046756,4.999977198593935,4.999966202596712,-4.999975230695714,4.999993988547456,-4.999974780795602,4.999960141761317,-4.999963228501565
99.0,156.0,129.88482666015625,4.9999539064146665,-4.999929509770247,4.999782313984018,4.999913101822748,4.999962121411302,-4.999923921698633,4.999996004534546,-4.999999990125136,4.999998745875899,-4.999996557049915
99.0,156.0,129.88491821289062,4.999938374804836,-4.999998212331351,4.999983553543317,4.999931983962312,4.999921256041386,-4.999951699254744,4.999958662724929,-4.999953799731339,4.999984255060253,-4.999999976882174
99.0,156.0,129.8856658935547,4.999949848052074,-4.999606880824812,4.99980053384398,4.999988681147305,4.999993886841441,-4.99991269829204,4.999979010950783,-4.9999336860527865,4.999999830156896,-4.999976557986255
99.0,156.0,129.88491821289062,4.999963319414538,-4.999999396449782,4.999928500814924,4.99999996773518,4.999892847489039,-4.999983748596039,4.999926933575502,-4.999966209294825,4.999983945963622,-4.999996699665156
99.0,156.0,129.88511657714844,4.999943931932188,-4.999857887728986,4.99991734696793,4.999826071803916,4.9999883954397,-4.999993104954203,4.999963918791509,-4.999984483666054,4.999961872653527,-4.999993571569469
99.0,156.0,129.88482666015625,4.999984200828796,-4.999738260666245,4.999926301092231,4.99996581652902,4.999889245695897,-4.999999852808458,4.999997691932075,-4.999993953435188,4.999979543753289,-4.99999349384758
99.0,156.0,129.88519287109375,4.999942884808928,-4.999906920431248,4.999937363979007,4.999819938332482,4.999939526231255,-4.999963314911399,4.999976018486869,-4.999949290607438,4.999986580965156,-4.999999978716921
99.0,156.0,129.88502502441406,4.999988172779926,-4.999770361797907,4.999991247490415,4.999937669196722,4.999968019595405,-4.99999643394218,4.999993409467494,-4.999935931877136,4.999998105505885,-4.999965175271515
99.0,156.0,129.88560485839844,4.999872375043637,-4.999704388861447,4.999941648999656,4.999981071340509,4.999997623809594,-4.99984494810491,4.999992343499392,-4.999959255432481,4.999970679633594,-4.999981313207025
99.0,156.0,129.8848419189453,4.999959309326005,-4.999835143175165,4.999806478819863,4.999999363673384,4.999989243411213,-4.999891412783525,4.999992271232799,-4.999999992996736,4.999998816735177,-4.999989615580402
99.0,156.0,129.88519287109375,4.999693247484872,-4.99995415288423,4.999997169226444,4.999913134538088,4.999985281567057,-4.999910700452578,4.999934056755533,-4.999974053396675,4.9999966942024106,-4.99999093549536
99.0,156.0,129.88522338867188,4.999935036134707,-4.999780853925345,4.999815603551918,4.999941377529595,4.999899458642389,-4.99998808235165,4.999979339281089,-4.999997199209298,4.999988849660903,-4.999977755609455
99.0,156.0,129.88510131835938,4.99974776607179,-4.999999715897237,4.999869105713304,4.999917721543913,4.999998200814244,-4.999929897759799,4.999994891896947,-4.999999917403208,4.999993752833312,-4.999957440586958
99.0,156.0,129.88475036621094,4.9999897892692005,-4.999982672629808,4.999959215293761,4.999813447864545,4.999995506185396,-4.999991675651623,4.999969378090555,-4.999984033276192,4.9999711330477,-4.99999470985553
99.0,156.0,129.8854217529297,4.999777844360771,-4.999735190854366,4.999996532311649,4.999985732383449,4.999955253107389,-4.999891907913701,4.9999356327554665,-4.999970723343118,4.999994329230997,-4.999990050479441
99.0,156.0,129.88494873046875,4.999667242544868,-4.999999881000732,4.999924532866652,4.9999927853953885,4.999994889484919,-4.999977384457705,4.999960496803116,-4.999982346797898,4.999986283564818,-4.999972012247339
99.0,156.0,129.8852996826172,4.999863679558219,-4.999619544940613,4.999842887076065,4.999999014971327,4.999975691411287,-4.99994286643913,4.999932070813991,-4.999997860887016,4.99999913778953,-4.999989266845201
99.0,156.0,129.8846435546875,4.999816483080807,-4.999992959183557,4.999963818760136,4.999996861245688,4.999986523672621,-4.999942840549198,4.999936842464223,-4.9999953790071245,4.99999803074309,-4.999989345497066
99.0,156.0,129.88485717773438,4.999762546911391,-4.99999932113658,4.999981756781659,4.999999916604588,4.999956417098489,-4.999988285205178,4.999942382217107,-4.999959287961963,4.999981534678288,-4.999993280394946
99.0,156.0,129.88499450683594,4.9999814388820285,-4.999930620373363,4.999852317477807,4.999877515107023,4.999932901478962,-4.999936334439216,4.999990070507877,-4.999971503374483,4.999994224370083,-4.99999977154123
99.0,157.0,129.8849639892578,4.999992889134643,-4.999888234582736,4.99999530660571,4.99995282053639,4.999992089388811,-4.999881576596806,4.999982455324064,-4.999937924766192,4.99999728481543,-4.999991421415845
99.0,157.0,129.88499450683594,4.999999596259364,-4.999922087852255,4.999987230504754,4.999982645615729,4.9999351004816,-4.999957138245567,4.999941477332119,-4.99994910292814,4.999979125848354,-4.999993505991489
99.0,157.0,129.8853302001953,4.99987626739048,-4.999889790120642,4.999946478623233,4.999918166102747,4.999990156356051,-4.999894771793668,4.999966984210136,-4.999974633142552,4.9999692505828754,-4.99998355574139
99.0,157.0,129.88511657714844,4.99981624504353,-4.999931719196171,4.9999608101084245,4.999999997350505,4.999992685490787,-4.999936613824619,4.999924224295395,-4.999971345780571,4.999984552848739,-4.999981189758762
99.0,157.0,129.8848114013672,4.999757741544794,-4.999998984659887,4.9999050513824566,4.999999858244085,4.999996518628972,-4.999952218200502,4.999989782379329,-4.99999926873097,4.999993368337186,-4.9999574161037135
99.0,157.0,129.88473510742188,4.999892886199612,-4.999998930948415,4.999993124902091,4.999998740643023,4.999993102403972,-4.999946017186723,4.999933675970604,-4.9999709261230505,4.999986104714127,-4.999988532494529
99.0,157.0,129.88487243652344,4.999997197563051,-4.9998005022739855,4.999884856877947,4.999944590088498,4.999971806043806,-4.999997287323757,4.99999667893348,-4.999936170196789,4.999985624738407,-4.999999772259349
99.0,157.0,129.88510131835938,4.999913197995866,-4.99999058620476,4.99999746636953,4.999998892577308,4.99999473683069,-4.999945443183316,4.99995057249034,-4.999946747029944,4.9999949913236135,-4.999949610273362
99.0,157.0,129.88446044921875,4.999850984471593,-4.999995804215663,4.999975007947164,4.999999885561777,4.99999393590393,-4.999942256567417,4.999958235790979,-4.999996462740509,4.999997835079743,-4.9999891634642255
99.0,157.0,129.884521484375,4.999953111706118,-4.9999306460966215,4.9999143658522165,4.999932372012783,4.999989975160352,-4.999967309143766,4.99996849076447,-4.999991004148395,4.99999279707089,-4.999999795886429
99.0,157.0,129.8854217529297,4.999893755839398,-4.999997467861514,4.999804085227448,4.99996010293822,4.999886132164587,-4.9999919811386535,4.999969685566551,-4.999996211219499,4.999945987278675,-4.999972724235313
99.0,157.0,129.88519287109375,4.999839943823262,-4.999661309127911,4.999986198919098,4.999945124062325,4.999833879704168,-4.999999547109099,4.999973628657411,-4.999994530499093,4.999993750656813,-4.999989792186901
99.0,157.0,129.8850860595703,4.999955967685465,-4.999928945851741,4.999936242601145,4.999829276717331,4.999990640875459,-4.999995532312776,4.999963385418877,-4.999957180659671,4.999974092617467,-4.999989229999056
99.0,157.0,129.8850555419922,4.99988738522868,-4.9997433207136,4.999950046477675,4.9999621182293765,4.999971330855686,-4.999995475139115,4.999889462686742,-4.999990024495581,4.999990001151428,-4.99999976438385
99.0,157.0,129.88494873046875,4.999797867731779,-4.999999116488355,4.999942281328389,4.99991338666038,4.999999473898839,-4.999977337458038,4.999993529014996,-4.999992580120489,4.999974735769185,-4.999959568465847
99.0,157.0,129.8849639892578,4.999896029114931,-4.999998548311517,4.99998531904077,4.999941380377589,4.999925583928987,-4.999939896448476,4.999941315594055,-4.999956130553022,4.999993888418254,-4.999999997197378
99.0,157.0,129.88523864746094,4.999933928439475,-4.99998628804032,4.999839189773864,4.99999839180287,4.999936842230728,-4.999968128307543,4.999973478944461,-4.999973641724582,4.999961143179172,-4.999968685856643
99.0,157.0,129.88487243652344,4.99999900628713,-4.999970706704008,4.999945870484564,4.999874339967095,4.999942715745982,-4.999989312257904,4.999959293029713,-4.999974925566667,4.999974010582516,-4.999997297348122
99.0,157.0,129.8852996826172,4.999681673275714,-4.999993792958144,4.999819833616906,4.999951577718145,4.999999748241728,-4.999950667509889,4.999980273645118,-4.99999993250666,4.999994371211256,-4.999944496594688
99.0,157.0,129.88467407226562,4.999806456704325,-4.999997252294876,4.999856801605517,4.999998708748701,4.999989113900484,-4.999968413273759,4.99994129427461,-4.99999910940747,4.999995264044699,-4.999992770072876
99.0,157.0,129.88485717773438,4.999767538767886,-4.999994274289538,4.999972748810306,4.999998655044435,4.999990155228305,-4.999931206931142,4.999946019885261,-4.999999608906911,4.99999517657712,-4.999968325784556
99.0,157.0,129.88485717773438,4.999806189212684,-4.999986366453163,4.999885009350521,4.999999696310777,4.9999896077700825,-4.999993238754926,4.999929426221272,-4.9999990062034,4.999985491816142,-4.999974088897634
99.0,157.0,129.88546752929688,4.999953835018055,-4.999786286011421,4.999942409137765,4.999822644797284,4.999905075185179,-4.999985340472499,4.999974895674924,-4.999954698923292,4.999979509006675,-4.999989346219724
99.0,157.0,129.88494873046875,4.999922108393173,-4.999999861999136,4.999953963457731,4.9999177229679095,4.999998772678444,-4.999905804808211,4.999975880053429,-4.99997938307507,4.999996272211988,-4.99996856138092
99.0,157.0,129.88528442382812,4.99996699979938,-4.999884261219389,4.999818014498567,4.999893749214814,4.999840894975524,-4.99992003624836,4.9999954121504855,-4.999985311092309,4.999996361162645,-4.999999961373907
99.0,157.0,129.8850860595703,4.999953690631607,-4.9997181872410845,4.999985693650698,4.999992462033753,4.999993770231077,-4.999898297081183,4.999968551883374,-4.999956881582462,4.999997893113551,-4.999986095777896
99.0,157.0,129.88494873046875,4.999792338252626,-4.999999334901473,4.999936269363561,4.99991638453915,4.999927903075912,-4.999980425049302,4.999954293827861,-4.999985150072806,4.999997278971863,-4.999982738825002
99.0,157.0,129.8853302001953,4.999629412852908,-4.999954877328846,4.999907882079695,4.999893177625116,4.999959963595774,-4.999918418191898,4.999940477253512,-4.999992655605203,4.999999687666156,-4.999990854980748
99.0,157.0,129.88514709472656,4.999986376764375,-4.999952211798869,4.999887414205646,4.9999684774261866,4.999891878304389,-4.99999860273153,4.999969071486191,-4.999968245694081,4.999960247204849,-4.999982177305338
99.0,157.0,129.8851318359375,4.999934255547385,-4.999814941650449,4.999973126046756,4.999977198593935,4.999966202596712,-4.999975230695714,4.999993988547456,-4.999974780795602,4.999960141761317,-4.999963228501565
99.0,157.0,129.88482666015625,4.9999539064146665,-4.999929509770247,4.999782313984018,4.999913101822748,4.999962121411302,-4.999923921698633,4.999996004534546,-4.999999990125136,4.999998745875899,-4.999996557049915
99.0,157.0,129.88491821289062,4.999938374804836,-4.999998212331351,4.999983553543317,4.999931983962312,4.999921256041386,-4.999951699254744,4.999958662724929,-4.999953799731339,4.999984255060253,-4.999999976882174
99.0,157.0,129.88504028320312,4.999807176555158,-4.999754871406324,4.999933231328528,4.999988681147305,4.999968184783612,-4.999992281852014,4.999954459307089,-4.999994945578241,4.999969800783605,-4.9999892659588046
99.0,157.0,129.88491821289062,4.999963319414538,-4.999999396449782,4.999928500814924,4.99999996773518,4.999892847489039,-4.999983748596039,4.999926933575502,-4.999966209294825,4.999983945963622,-4.999996699665156
99.0,157.0,129.88511657714844,4.999943931932188,-4.999857887728986,4.99991734696793,4.999826071803916,4.9999883954397,-4.999993104954203,4.999963918791509,-4.999984483666054,4.999961872653527,-4.999993571569469
99.0,157.0,129.88482666015625,4.999984200828796,-4.999738260666245,4.999926301092231,4.99996581652902,4.999889245695897,-4.999999852808458,4.999997691932075,-4.999993953435188,4.999979543753289,-4.99999349384758
99.0,157.0,129.88519287109375,4.999942884808928,-4.999906920431248,4.999937363979007,4.999819938332482,4.999939526231255,-4.999963314911399,4.999976018486869,-4.999949290607438,4.999986580965156,-4.999999978716921
99.0,157.0,129.88502502441406,4.999988172779926,-4.999770361797907,4.999991247490415,4.999937669196722,4.999968019595405,-4.99999643394218,4.999993409467494,-4.999935931877136,4.999998105505885,-4.999965175271515
99.0,157.0,129.88560485839844,4.999872375043637,-4.999704388861447,4.999941648999656,4.999981071340509,4.999997623809594,-4.99984494810491,4.999992343499392,-4.999959255432481,4.999970679633594,-4.999981313207025
99.0,157.0,129.8842315673828,4.999997520796604,-4.999835143175165,4.999999954702763,4.999951103469015,4.999989243411213,-4.999998659921148,4.99999430298576,-4.999999992996736,4.999994041458432,-4.999989615580402
99.0,157.0,129.88519287109375,4.999693247484872,-4.99995415288423,4.999997169226444,4.999913134538088,4.999985281567057,-4.999910700452578,4.999934056755533,-4.999974053396675,4.9999966942024106,-4.99999093549536
99.0,157.0,129.88522338867188,4.999935036134707,-4.999780853925345,4.999815603551918,4.999941377529595,4.999899458642389,-4.99998808235165,4.999979339281089,-4.999997199209298,4.999988849660903,-4.999977755609455
99.0,157.0,129.88455200195312,4.999943989838407,-4.999764870418924,4.999879862667212,4.999969338509093,4.9999732470224,-4.99999882772323,4.999994891896947,-4.999991436554223,4.999989286072572,-4.999999796136742
99.0,157.0,129.88475036621094,4.9999897892692005,-4.999982672629808,4.999959215293761,4.999813447864545,4.999995506185396,-4.999991675651623,4.999969378090555,-4.999984033276192,4.9999711330477,-4.99999470985553
99.0,157.0,129.8854217529297,4.999777844360771,-4.999735190854366,4.999996532311649,4.999985732383449,4.999955253107389,-4.999891907913701,4.9999356327554665,-4.999970723343118,4.999994329230997,-4.999990050479441
99.0,157.0,129.88494873046875,4.999667242544868,-4.999999881000732,4.999924532866652,4.9999927853953885,4.999994889484919,-4.999977384457705,4.999960496803116,-4.999982346797898,4.999986283564818,-4.999972012247339
99.0,157.0,129.88510131835938,4.999952000746243,-4.999836104959607,4.9999697956473685,4.999948106396234,4.999975691411287,-4.999977035604651,4.999932295442765,-4.999952820899686,4.9999845517953805,-4.999989208763013
99.0,157.0,129.8846435546875,4.999816483080807,-4.999992959183557,4.999963818760136,4.999996861245688,4.999986523672621,-4.999942840549198,4.999936842464223,-4.9999953790071245,4.99999803074309,-4.999989345497066
99.0,157.0,129.88485717773438,4.999762546911391,-4.99999932113658,4.999981756781659,4.999999916604588,4.999956417098489,-4.999988285205178,4.999942382217107,-4.999959287961963,4.999981534678288,-4.999993280394946
99.0,157.0,129.88499450683594,4.9999814388820285,-4.999930620373363,4.999852317477807,4.999877515107023,4.999932901478962,-4.999936334439216,4.999990070507877,-4.999971503374483,4.999994224370083,-4.99999977154123
99.0,158.0,129.8849639892578,4.999992889134643,-4.999888234582736,4.99999530660571,4.99995282053639,4.999992089388811,-4.999881576596806,4.999982455324064,-4.999937924766192,4.99999728481543,-4.999991421415845
99.0,158.0,129.88499450683594,4.999999596259364,-4.999922087852255,4.999987230504754,4.999982645615729,4.9999351004816,-4.999957138245567,4.999941477332119,-4.99994910292814,4.999979125848354,-4.999993505991489
99.0,158.0,129.88531494140625,4.999720793474708,-4.999974371082764,4.999900412267765,4.99983034893341,4.999934978723372,-4.999944767408541,4.999958011620671,-4.999974633142552,4.9999944165330446,-4.999998908775428
99.0,158.0,129.88507080078125,4.999813014938844,-4.999903491936354,4.999978533287117,4.999999997350505,4.9999630360411365,-4.999989506734335,4.99999437271376,-4.999971345780571,4.99996513470788,-4.99995803686468
99.0,158.0,129.88450622558594,4.999757741544794,-4.999837471504604,4.999999973759981,4.999951146268309,4.999990716999047,-4.999998817812698,4.999988131028432,-4.999985651604806,4.999989505526935,-4.999999718935388
99.0,158.0,129.88473510742188,4.999892886199612,-4.999998930948415,4.999993124902091,4.999998740643023,4.999993102403972,-4.999946017186723,4.999933675970604,-4.9999709261230505,4.999986104714127,-4.999988532494529
99.0,158.0,129.88487243652344,4.999997197563051,-4.9998005022739855,4.999884856877947,4.999944590088498,4.999971806043806,-4.999997287323757,4.99999667893348,-4.999936170196789,4.999985624738407,-4.999999772259349
99.0,158.0,129.88485717773438,4.999918864396063,-4.999933346599762,4.999896288248223,4.999998892577308,4.999990574850335,-4.999968423587758,4.999947643940674,-4.9999681641330405,4.999986545935297,-4.999985636713278
99.0,158.0,129.88446044921875,4.999850984471593,-4.999995804215663,4.999975007947164,4.999999885561777,4.99999393590393,-4.999942256567417,4.999958235790979,-4.999996462740509,4.999997835079743,-4.9999891634642255
99.0,158.0,129.884521484375,4.999953111706118,-4.9999306460966215,4.9999143658522165,4.999932372012783,4.999989975160352,-4.999967309143766,4.99996849076447,-4.999991004148395,4.99999279707089,-4.999999795886429
99.0,158.0,129.88504028320312,4.999839204244653,-4.999999065728675,4.999919245024389,4.999999969774499,4.999980488369041,-4.999983221629204,4.999996690666503,-4.999995515964772,4.999945987278675,-4.999953358025841
99.0,158.0,129.88519287109375,4.999839943823262,-4.999661309127911,4.999986198919098,4.999945124062325,4.999833879704168,-4.999999547109099,4.999973628657411,-4.999994530499093,4.999993750656813,-4.999989792186901
99.0,158.0,129.8850860595703,4.999955967685465,-4.999928945851741,4.999936242601145,4.999829276717331,4.999990640875459,-4.999995532312776,4.999963385418877,-4.999957180659671,4.999974092617467,-4.999989229999056
99.0,158.0,129.8850555419922,4.99988738522868,-4.9997433207136,4.999950046477675,4.9999621182293765,4.999971330855686,-4.999995475139115,4.999889462686742,-4.999990024495581,4.999990001151428,-4.99999976438385
99.0,158.0,129.88494873046875,4.999797867731779,-4.999999116488355,4.999942281328389,4.99991338666038,4.999999473898839,-4.999977337458038,4.999993529014996,-4.999992580120489,4.999974735769185,-4.999959568465847
99.0,158.0,129.88491821289062,4.999896029114931,-4.999999972369196,4.999984923266227,4.999999733219307,4.999996885349012,-4.999934761434499,4.999913009363281,-4.999950071323347,4.999981505283411,-4.999999997197378
99.0,158.0,129.88497924804688,4.999978479141598,-4.999992436984989,4.999991961117891,4.999918702503347,4.999922829077423,-4.999953295898294,4.999926164414755,-4.999951339190009,4.999994355244165,-4.999999980663142
99.0,158.0,129.88487243652344,4.99999900628713,-4.999970706704008,4.999945870484564,4.999874339967095,4.999942715745982,-4.999989312257904,4.999959293029713,-4.999974925566667,4.999974010582516,-4.999997297348122
99.0,158.0,129.8852996826172,4.999681673275714,-4.999993792958144,4.999819833616906,4.999951577718145,4.999999748241728,-4.999950667509889,4.999980273645118,-4.99999993250666,4.999994371211256,-4.999944496594688
99.0,158.0,129.88467407226562,4.999806456704325,-4.999997252294876,4.999856801605517,4.999998708748701,4.999989113900484,-4.999968413273759,4.99994129427461,-4.99999910940747,4.999995264044699,-4.999992770072876
99.0,158.0,129.88485717773438,4.999767538767886,-4.999994274289538,4.999972748810306,4.999998655044435,4.999990155228305,-4.999931206931142,4.999946019885261,-4.999999608906911,4.99999517657712,-4.999968325784556
99.0,158.0,129.8848114013672,4.999806189212684,-4.999986366453163,4.999992904953176,4.999999696310777,4.999806351766942,-4.999999685435703,4.999960875218402,-4.999981765391887,4.999998688289552,-4.99999476731195
99.0,158.0,129.8854522705078,4.999688686551017,-4.999871265045382,4.999979917633942,4.999822644797284,4.999976917498081,-4.999926459742309,4.999947257321772,-4.999974269599589,4.999994938703251,-4.9999909356205166
99.0,158.0,129.8848876953125,4.999896110845748,-4.999806734627911,4.999941483249222,4.999938668969944,4.99999373315145,-4.999890481830456,4.999980126771071,-4.999986509017595,4.999998013285262,-4.999999363837272
99.0,158.0,129.88487243652344,4.999992290507291,-4.999929123357715,4.999784095113574,4.999883833709248,4.999946704826551,-4.99992003624836,4.99999547122302,-4.999998411420666,4.999999714599657,-4.999999915451131
99.0,158.0,129.8848876953125,4.999914400344457,-4.9997181872410845,4.999991307823564,4.999999148817185,4.999993227802442,-4.999950844995637,4.999968551883374,-4.9999707699092895,4.9999984440101,-4.999980563720323
99.0,158.0,129.88482666015625,4.99999580975029,-4.999999334901473,4.999997404719453,4.999905995010423,4.999968594029831,-4.99999663670364,4.999985177744512,-4.999945995698431,4.999997278971863,-4.999958799358462
99.0,158.0,129.88519287109375,4.999798745335452,-4.999974652427683,4.9998282724527385,4.999982148467623,4.9998843215344895,-4.999989478402782,4.999948575753356,-4.999997446286492,4.999999687666156,-4.999967471085041
99.0,158.0,129.88514709472656,4.999986376764375,-4.999952211798869,4.999887414205646,4.9999684774261866,4.999891878304389,-4.99999860273153,4.999969071486191,-4.999968245694081,4.999960247204849,-4.999982177305338
99.0,158.0,129.8848114013672,4.999959088720242,-4.999722990946221,4.999973126046756,4.999994758945935,4.999999881513647,-4.9999995876974594,4.999995525288444,-4.999974780795602,4.999983917860453,-4.999963228501565
99.0,158.0,129.88482666015625,4.9999539064146665,-4.999929509770247,4.999782313984018,4.999913101822748,4.999962121411302,-4.999923921698633,4.999996004534546,-4.999999990125136,4.999998745875899,-4.999996557049915
99.0,158.0,129.88491821289062,4.999938374804836,-4.999998212331351,4.999983553543317,4.999931983962312,4.999921256041386,-4.999951699254744,4.999958662724929,-4.999953799731339,4.999984255060253,-4.999999976882174
99.0,158.0,129.88504028320312,4.999807176555158,-4.999754871406324,4.999933231328528,4.999988681147305,4.999968184783612,-4.999992281852014,4.999954459307089,-4.999994945578241,4.999969800783605,-4.9999892659588046
99.0,158.0,129.88491821289062,4.999963319414538,-4.999999396449782,4.999928500814924,4.99999996773518,4.999892847489039,-4.999983748596039,4.999926933575502,-4.999966209294825,4.999983945963622,-4.999996699665156
99.0,158.0,129.88511657714844,4.999943931932188,-4.999857887728986,4.99991734696793,4.999826071803916,4.9999883954397,-4.999993104954203,4.999963918791509,-4.999984483666054,4.999961872653527,-4.999993571569469
99.0,158.0,129.88482666015625,4.999984200828796,-4.999738260666245,4.999926301092231,4.99996581652902,4.999889245695897,-4.999999852808458,4.999997691932075,-4.999993953435188,4.999979543753289,-4.99999349384758
99.0,158.0,129.88519287109375,4.999942884808928,-4.999906920431248,4.999937363979007,4.999819938332482,4.999939526231255,-4.999963314911399,4.999976018486869,-4.999949290607438,4.999986580965156,-4.999999978716921
99.0,158.0,129.88502502441406,4.999988172779926,-4.999770361797907,4.999991247490415,4.999937669196722,4.999968019595405,-4.99999643394218,4.999993409467494,-4.999935931877136,4.999998105505885,-4.999965175271515
99.0,158.0,129.88494873046875,4.999542759758711,-4.99996002060572,4.999910183812883,4.999984884315687,4.999997623809594,-4.999894000640685,4.999992343499392,-4.999998328470669,4.999999846168151,-4.999988172801515
99.0,158.0,129.8842315673828,4.999997520796604,-4.999835143175165,4.999999954702763,4.999951103469015,4.999989243411213,-4.999998659921148,4.99999430298576,-4.999999992996736,4.999994041458432,-4.999989615580402
99.0,158.0,129.88519287109375,4.999693247484872,-4.99995415288423,4.999997169226444,4.999913134538088,4.999985281567057,-4.999910700452578,4.999934056755533,-4.999974053396675,4.9999966942024106,-4.99999093549536
99.0,158.0,129.88522338867188,4.999935036134707,-4.999780853925345,4.999815603551918,4.999941377529595,4.999899458642389,-4.99998808235165,4.999979339281089,-4.999997199209298,4.999988849660903,-4.999977755609455
99.0,158.0,129.88455200195312,4.999943989838407,-4.999764870418924,4.999879862667212,4.999969338509093,4.9999732470224,-4.99999882772323,4.999994891896947,-4.999991436554223,4.999989286072572,-4.999999796136742
99.0,158.0,129.88475036621094,4.9999897892692005,-4.999982672629808,4.999959215293761,4.999813447864545,4.999995506185396,-4.999991675651623,4.999969378090555,-4.999984033276192,4.9999711330477,-4.99999470985553
99.0,158.0,129.8846435546875,4.999785071020423,-4.99999642047195,4.999942262965375,4.999985732383449,4.999991111193624,-4.9999435509881405,4.999935569386824,-4.999999235167975,4.999998783308535,-4.999993657736314
99.0,158.0,129.8843994140625,4.999871264595214,-4.999999881000732,4.999956478432214,4.9999927853953885,4.999996754490001,-4.999999949586703,4.9999698305330496,-4.999989125793103,4.999972337462667,-4.999994597057259
99.0,158.0,129.88510131835938,4.999952000746243,-4.999836104959607,4.9999697956473685,4.999948106396234,4.999975691411287,-4.999977035604651,4.999932295442765,-4.999952820899686,4.9999845517953805,-4.999989208763013
99.0,158.0,129.8846435546875,4.999816483080807,-4.999992959183557,4.999963818760136,4.999996861245688,4.999986523672621,-4.999942840549198,4.999936842464223,-4.9999953790071245,4.99999803074309,-4.999989345497066
99.0,158.0,129.88485717773438,4.999762546911391,-4.99999932113658,4.999981756781659,4.999999916604588,4.999956417098489,-4.999988285205178,4.999942382217107,-4.999959287961963,4.999981534678288,-4.999993280394946
99.0,158.0,129.88499450683594,4.9999814388820285,-4.999930620373363,4.999852317477807,4.999877515107023,4.999932901478962,-4.999936334439216,4.999990070507877,-4.999971503374483,4.999994224370083,-4.99999977154123
99.0,159.0,129.88470458984375,4.999964381935159,-4.999857962107852,4.999946059833119,4.999970803477585,4.999900230918243,-4.999969315348022,4.999993472221161,-4.999996285099523,4.99999728481543,-4.999983023760455
99.0,159.0,129.8847198486328,4.999999596259364,-4.999887437174148,4.999997882928702,4.999917708047166,4.999995096647036,-4.999913358240779,4.999985430549824,-4.999961243388245,4.999991595645527,-4.999999941613405
99.0,159.0,129.88502502441406,4.999999242639293,-4.9998335760296815,4.999992088131146,4.999872365065711,4.999948099552563,-4.999989813754968,4.99998640853663,-4.999974633142552,4.999968337490393,-4.999982526562466
99.0,159.0,129.88507080078125,4.999813014938844,-4.999903491936354,4.999978533287117,4.999999997350505,4.9999630360411365,-4.999989506734335,4.99999437271376,-4.999971345780571,4.99996513470788,-4.99995803686468
99.0,159.0,129.88450622558594,4.999757741544794,-4.999837471504604,4.999999973759981,4.999951146268309,4.999990716999047,-4.999998817812698,4.999988131028432,-4.999985651604806,4.999989505526935,-4.999999718935388
99.0,159.0,129.88473510742188,4.999892886199612,-4.999998930948415,4.999993124902091,4.999998740643023,4.999993102403972,-4.999946017186723,4.999933675970604,-4.9999709261230505,4.999986104714127,-4.999988532494529
99.0,159.0,129.88479614257812,4.999964410887184,-4.999991267290479,4.999911546010759,4.99990732134594,4.999894049379751,-4.999984808759041,4.99999667893348,-4.999972762871396,4.999976460130409,-4.999999788345656
99.0,159.0,129.88470458984375,4.999919766004462,-4.999690422944644,4.999883397070615,4.999945063487859,4.999983274447373,-4.999998393911728,4.999999464062895,-4.999993379660682,4.999984694691264,-4.999999829380073
99.0,159.0,129.88446044921875,4.999850984471593,-4.999995804215663,4.999975007947164,4.999999885561777,4.99999393590393,-4.999942256567417,4.999958235790979,-4.999996462740509,4.999997835079743,-4.9999891634642255
99.0,159.0,129.884521484375,4.999953111706118,-4.9999306460966215,4.9999143658522165,4.999932372012783,4.999989975160352,-4.999967309143766,4.99996849076447,-4.999991004148395,4.99999279707089,-4.999999795886429
99.0,159.0,129.88504028320312,4.999839204244653,-4.999999065728675,4.999919245024389,4.999999969774499,4.999980488369041,-4.999983221629204,4.999996690666503,-4.999995515964772,4.999945987278675,-4.999953358025841
99.0,159.0,129.88514709472656,4.99971786241477,-4.999921973206616,4.999954050206104,4.999987856082334,4.999978763192853,-4.999979958492263,4.999994432487512,-4.999999669902247,4.999953449839531,-4.999955233461845
99.0,159.0,129.88497924804688,4.999966911965831,-4.999937947330304,4.999999916428676,4.9999187785840205,4.999984399899905,-4.999979916769551,4.999977238862774,-4.99993925514466,4.999996912676544,-4.999960202752141
99.0,159.0,129.8850555419922,4.99988738522868,-4.9997433207136,4.999950046477675,4.9999621182293765,4.999971330855686,-4.999995475139115,4.999889462686742,-4.999990024495581,4.999990001151428,-4.99999976438385
99.0,159.0,129.88494873046875,4.999797867731779,-4.999999116488355,4.999942281328389,4.99991338666038,4.999999473898839,-4.999977337458038,4.999993529014996,-4.999992580120489,4.999974735769185,-4.999959568465847
99.0,159.0,129.88491821289062,4.999896029114931,-4.999999972369196,4.999984923266227,4.999999733219307,4.999996885349012,-4.999934761434499,4.999913009363281,-4.999950071323347,4.999981505283411,-4.999999997197378
99.0,159.0,129.88491821289062,4.999992603455851,-4.999958381278045,4.999991961117891,4.999982623154788,4.999987388017914,-4.999924994909202,4.999941075797597,-4.999969407054673,4.99999389590076,-4.999969950091721
99.0,159.0,129.88487243652344,4.99999900628713,-4.999970706704008,4.999945870484564,4.999874339967095,4.999942715745982,-4.999989312257904,4.999959293029713,-4.999974925566667,4.999974010582516,-4.999997297348122
99.0,159.0,129.88523864746094,4.999773815292356,-4.999964674905326,4.9999144037070025,4.999941019490441,4.999993703468925,-4.999964669195382,4.999954179888885,-4.999999624712188,4.999988651995187,-4.999944496594688
99.0,159.0,129.88467407226562,4.999806456704325,-4.999997252294876,4.999856801605517,4.999998708748701,4.999989113900484,-4.999968413273759,4.99994129427461,-4.99999910940747,4.999995264044699,-4.999992770072876
99.0,159.0,129.884765625,4.99997758032406,-4.9999868450386735,4.999911069676732,4.9999915597801445,4.999990155228305,-4.999976686202514,4.999966710139217,-4.999966555229915,4.999965328426242,-4.999987550746897
99.0,159.0,129.8848114013672,4.999806189212684,-4.999986366453163,4.999992904953176,4.999999696310777,4.999806351766942,-4.999999685435703,4.999960875218402,-4.999981765391887,4.999998688289552,-4.99999476731195
99.0,159.0,129.8854522705078,4.999688686551017,-4.999871265045382,4.999979917633942,4.999822644797284,4.999976917498081,-4.999926459742309,4.999947257321772,-4.999974269599589,4.999994938703251,-4.9999909356205166
99.0,159.0,129.8848876953125,4.999896110845748,-4.999806734627911,4.999941483249222,4.999938668969944,4.99999373315145,-4.999890481830456,4.999980126771071,-4.999986509017595,4.999998013285262,-4.999999363837272
99.0,159.0,129.88487243652344,4.999992290507291,-4.999929123357715,4.999784095113574,4.999883833709248,4.999946704826551,-4.99992003624836,4.99999547122302,-4.999998411420666,4.999999714599657,-4.999999915451131
99.0,159.0,129.8848876953125,4.999914400344457,-4.9997181872410845,4.999991307823564,4.999999148817185,4.999993227802442,-4.999950844995637,4.999968551883374,-4.9999707699092895,4.9999984440101,-4.999980563720323
99.0,159.0,129.88482666015625,4.99999580975029,-4.999999334901473,4.999997404719453,4.999905995010423,4.999968594029831,-4.99999663670364,4.999985177744512,-4.999945995698431,4.999997278971863,-4.999958799358462
99.0,159.0,129.884765625,4.9999684394865245,-4.99982655250083,4.999937584636461,4.999961079522741,4.999982668205606,-4.999940202160018,4.999988673610505,-4.999964680660208,4.999993285444001,-4.999995608776294
99.0,159.0,129.88514709472656,4.999986376764375,-4.999952211798869,4.999887414205646,4.9999684774261866,4.999891878304389,-4.99999860273153,4.999969071486191,-4.999968245694081,4.999960247204849,-4.999982177305338
99.0,159.0,129.8848114013672,4.999959088720242,-4.999722990946221,4.999973126046756,4.999994758945935,4.999999881513647,-4.9999995876974594,4.999995525288444,-4.999974780795602,4.999983917860453,-4.999963228501565
99.0,159.0,129.88479614257812,4.999945481058629,-4.999728011415405,4.999993887235385,4.99999977884272,4.999997141825454,-4.999955447481691,4.999977221709569,-4.999940255403034,4.999996831548852,-4.999996557049915
99.0,159.0,129.88491821289062,4.999938374804836,-4.999998212331351,4.999983553543317,4.999931983962312,4.999921256041386,-4.999951699254744,4.999958662724929,-4.999953799731339,4.999984255060253,-4.999999976882174
99.0,159.0,129.88458251953125,4.999807176555158,-4.999804168405476,4.999999977611711,4.999917977900349,4.999991147628981,-4.999998265747702,4.999995112842273,-4.999981598975269,4.999988272040031,-4.999999780104467
99.0,159.0,129.88491821289062,4.999963319414538,-4.999999396449782,4.999928500814924,4.99999996773518,4.999892847489039,-4.999983748596039,4.999926933575502,-4.999966209294825,4.999983945963622,-4.999996699665156
99.0,159.0,129.88502502441406,4.999945079881175,-4.999999535000841,4.999992989259486,4.9998849827922704,4.999924035035733,-4.9999552642393965,4.9999540652403045,-4.9999411246902685,4.999990511786327,-4.999999998683627
99.0,159.0,129.88482666015625,4.999984200828796,-4.999738260666245,4.999926301092231,4.99996581652902,4.999889245695897,-4.999999852808458,4.999997691932075,-4.999993953435188,4.999979543753289,-4.99999349384758
99.0,159.0,129.88507080078125,4.999942884808928,-4.999992478605216,4.9997699952035575,4.999999454879065,4.999995927946969,-4.999952261012994,4.999966005515898,-4.999999977369019,4.9999983127829335,-4.999943583102497
99.0,159.0,129.88502502441406,4.999988172779926,-4.999770361797907,4.999991247490415,4.999937669196722,4.999968019595405,-4.99999643394218,4.999993409467494,-4.999935931877136,4.999998105505885,-4.999965175271515
99.0,159.0,129.88494873046875,4.999542759758711,-4.99996002060572,4.999910183812883,4.999984884315687,4.999997623809594,-4.999894000640685,4.999992343499392,-4.999998328470669,4.999999846168151,-4.999988172801515
99.0,159.0,129.8842315673828,4.999997520796604,-4.999835143175165,4.999999954702763,4.999951103469015,4.999989243411213,-4.999998659921148,4.99999430298576,-4.999999992996736,4.999994041458432,-4.999989615580402
99.0,159.0,129.8845672607422,4.999997771318016,-4.999822286291194,4.99999998901268,4.999895407260838,4.999965045687393,-4.999999573467488,4.999996407817777,-4.999987838196082,4.999981655095423,-4.999991435386306
99.0,159.0,129.88522338867188,4.999935036134707,-4.999780853925345,4.999815603551918,4.999941377529595,4.999899458642389,-4.99998808235165,4.999979339281089,-4.999997199209298,4.999988849660903,-4.999977755609455
99.0,159.0,129.88438415527344,4.999817339321789,-4.99999609217537,4.999977172154153,4.999969338509093,4.9999732470224,-4.99999882772323,4.999951273684869,-4.999988393754771,4.999996614739636,-4.999999796136742
99.0,159.0,129.88475036621094,4.9999897892692005,-4.999982672629808,4.999959215293761,4.999813447864545,4.999995506185396,-4.999991675651623,4.999969378090555,-4.999984033276192,4.9999711330477,-4.99999470985553
99.0,159.0,129.8846435546875,4.999785071020423,-4.99999642047195,4.999942262965375,4.999985732383449,4.999991111193624,-4.9999435509881405,4.999935569386824,-4.999999235167975,4.999998783308535,-4.999993657736314
99.0,159.0,129.8843994140625,4.999871264595214,-4.999999881000732,4.999956478432214,4.9999927853953885,4.999996754490001,-4.999999949586703,4.9999698305330496,-4.999989125793103,4.999972337462667,-4.999994597057259
99.0,159.0,129.88510131835938,4.999952000746243,-4.999836104959607,4.9999697956473685,4.999948106396234,4.999975691411287,-4.999977035604651,4.999932295442765,-4.999952820899686,4.9999845517953805,-4.999989208763013
99.0,159.0,129.8846435546875,4.999816483080807,-4.999992959183557,4.999963818760136,4.999996861245688,4.999986523672621,-4.999942840549198,4.999936842464223,-4.9999953790071245,4.99999803074309,-4.999989345497066
99.0,159.0,129.88482666015625,4.999953426647604,-4.999998112585066,4.999997523176262,4.999825171307693,4.999999006125309,-4.99999223658336,4.999956847408607,-4.999982877895633,4.999962658742748,-4.999992110315788
99.0,159.0,129.88499450683594,4.9999814388820285,-4.999930620373363,4.999852317477807,4.999877515107023,4.999932901478962,-4.999936334439216,4.999990070507877,-4.999971503374483,4.999994224370083,-4.99999977154123
99.0,160.0,129.88470458984375,4.999964381935159,-4.999857962107852,4.999946059833119,4.999970803477585,4.999900230918243,-4.999969315348022,4.999993472221161,-4.999996285099523,4.99999728481543,-4.999983023760455
99.0,160.0,129.8845977783203,4.9998658666285785,-4.999944748318542,4.999995253669403,4.999998810831272,4.99999838220239,-4.999951338604532,4.999985430549824,-4.999973970747591,4.999988683997177,-4.999981009966543
99.0,160.0,129.88502502441406,4.999999242639293,-4.9998335760296815,4.999992088131146,4.999872365065711,4.999948099552563,-4.999989813754968,4.99998640853663,-4.999974633142552,4.999968337490393,-4.999982526562466
99.0,160.0,129.884765625,4.99964271155183,-4.99987160550714,4.999978533287117,4.999999997350505,4.999980409703871,-4.99990511864541,4.999993782900782,-4.999995957508466,4.999999916143313,-4.99999466763742
99.0,160.0,129.88450622558594,4.999757741544794,-4.999837471504604,4.999999973759981,4.999951146268309,4.999990716999047,-4.999998817812698,4.999988131028432,-4.999985651604806,4.999989505526935,-4.999999718935388
99.0,160.0,129.88473510742188,4.999892886199612,-4.999998930948415,4.999993124902091,4.999998740643023,4.999993102403972,-4.999946017186723,4.999933675970604,-4.9999709261230505,4.999986104714127,-4.999988532494529
99.0,160.0,129.88479614257812,4.999964410887184,-4.999991267290479,4.999911546010759,4.99990732134594,4.999894049379751,-4.999984808759041,4.99999667893348,-4.999972762871396,4.999976460130409,-4.999999788345656
99.0,160.0,129.88470458984375,4.999919766004462,-4.999690422944644,4.999883397070615,4.999945063487859,4.999983274447373,-4.999998393911728,4.999999464062895,-4.999993379660682,4.999984694691264,-4.999999829380073
99.0,160.0,129.88446044921875,4.999850984471593,-4.999995804215663,4.999975007947164,4.999999885561777,4.99999393590393,-4.999942256567417,4.999958235790979,-4.999996462740509,4.999997835079743,-4.9999891634642255
99.0,160.0,129.884521484375,4.999953111706118,-4.9999306460966215,4.9999143658522165,4.999932372012783,4.999989975160352,-4.999967309143766,4.99996849076447,-4.999991004148395,4.99999279707089,-4.999999795886429
99.0,160.0,129.88504028320312,4.999839204244653,-4.999999065728675,4.999919245024389,4.999999969774499,4.999980488369041,-4.999983221629204,4.999996690666503,-4.999995515964772,4.999945987278675,-4.999953358025841
99.0,160.0,129.88487243652344,4.999807593342092,-4.999998504548716,4.999947220624906,4.999985656212214,4.999992585916164,-4.9999398034216815,4.999912956172975,-4.999976039459394,4.999990618410369,-4.99999907460289
99.0,160.0,129.8848419189453,4.999993080701496,-4.999857032215787,4.9999523597881375,4.9998835225217775,4.999901291306392,-4.999998052922452,4.999996065724133,-4.999997184739073,4.999987861545099,-4.99997908031966
99.0,160.0,129.88465881347656,4.99988738522868,-4.999883502158743,4.999998291679388,4.9999621182293765,4.999999048846639,-4.999992729066324,4.999970074309733,-4.999986145446393,4.99997449407055,-4.999982635913902
99.0,160.0,129.88494873046875,4.999797867731779,-4.999999116488355,4.999942281328389,4.99991338666038,4.999999473898839,-4.999977337458038,4.999993529014996,-4.999992580120489,4.999974735769185,-4.999959568465847
99.0,160.0,129.88438415527344,4.999959353443257,-4.999999972369196,4.99992489757684,4.99992755124785,4.999970719727825,-4.999999003407528,4.999999888316975,-4.999966565153803,4.999989008179602,-4.999999843762478
99.0,160.0,129.88491821289062,4.999992603455851,-4.999958381278045,4.999991961117891,4.999982623154788,4.999987388017914,-4.999924994909202,4.999941075797597,-4.999969407054673,4.99999389590076,-4.999969950091721
99.0,160.0,129.88487243652344,4.99999900628713,-4.999970706704008,4.999945870484564,4.999874339967095,4.999942715745982,-4.999989312257904,4.999959293029713,-4.999974925566667,4.999974010582516,-4.999997297348122
99.0,160.0,129.8848419189453,4.999773815292356,-4.9999989258881685,4.999981655109445,4.999939448415244,4.999966696179076,-4.999938817074804,4.99992971130776,-4.999999624712188,4.999985004306806,-4.9999999957921375
99.0,160.0,129.88467407226562,4.999806456704325,-4.999997252294876,4.999856801605517,4.999998708748701,4.999989113900484,-4.999968413273759,4.99994129427461,-4.99999910940747,4.999995264044699,-4.999992770072876
99.0,160.0,129.884765625,4.99997758032406,-4.9999868450386735,4.999911069676732,4.9999915597801445,4.999990155228305,-4.999976686202514,4.999966710139217,-4.999966555229915,4.999965328426242,-4.999987550746897
99.0,160.0,129.88453674316406,4.9998225908550085,-4.999997088146586,4.999874256199906,4.999990511811523,4.999980181814872,-4.999996051641304,4.999949146423632,-4.999993688700868,4.99999417976025,-4.99999583927309
99.0,160.0,129.8849334716797,4.999872675295933,-4.99999957262029,4.999910415688653,4.999999999537035,4.999903586481652,-4.999955382136895,4.999947257321772,-4.999969979700346,4.999992133787456,-4.999995654720536
99.0,160.0,129.8848419189453,4.999857579659979,-4.9999720014122015,4.999842789303594,4.999938668969944,4.999989910404987,-4.999952185820073,4.999941986408895,-4.999990562353762,4.999993408364023,-4.999999836750391
99.0,160.0,129.88487243652344,4.999992290507291,-4.999929123357715,4.999784095113574,4.999883833709248,4.999946704826551,-4.99992003624836,4.99999547122302,-4.999998411420666,4.999999714599657,-4.999999915451131
99.0,160.0,129.8848114013672,4.999914400344457,-4.999985393958558,4.999943779464897,4.999900596118547,4.999993227802442,-4.999952658006364,4.999971219397175,-4.999978587727804,4.999977535131146,-4.9999914858056655
99.0,160.0,129.88482666015625,4.99999580975029,-4.999999334901473,4.999997404719453,4.999905995010423,4.999968594029831,-4.99999663670364,4.999985177744512,-4.999945995698431,4.999997278971863,-4.999958799358462
99.0,160.0,129.88475036621094,4.999886676624699,-4.999707022669156,4.999988217028927,4.999979694697992,4.999999975960078,-4.999999719642051,4.9999997848780655,-4.999989169833394,4.999985777982777,-4.999968514172292
99.0,160.0,129.88514709472656,4.999986376764375,-4.999952211798869,4.999887414205646,4.9999684774261866,4.999891878304389,-4.99999860273153,4.999969071486191,-4.999968245694081,4.999960247204849,-4.999982177305338
99.0,160.0,129.8848114013672,4.999959088720242,-4.999722990946221,4.999973126046756,4.999994758945935,4.999999881513647,-4.9999995876974594,4.999995525288444,-4.999974780795602,4.999983917860453,-4.999963228501565
99.0,160.0,129.88479614257812,4.999945481058629,-4.999728011415405,4.999993887235385,4.99999977884272,4.999997141825454,-4.999955447481691,4.999977221709569,-4.999940255403034,4.999996831548852,-4.999996557049915
99.0,160.0,129.8846435546875,4.999943838972497,-4.999998212331351,4.999801049917739,4.999976480098487,4.999945502935839,-4.999951699254744,4.999977620163044,-4.999991857844096,4.999999870966692,-4.99999682677063
99.0,160.0,129.88458251953125,4.999807176555158,-4.999804168405476,4.999999977611711,4.999917977900349,4.999991147628981,-4.999998265747702,4.999995112842273,-4.999981598975269,4.999988272040031,-4.999999780104467
99.0,160.0,129.88491821289062,4.999963319414538,-4.999999396449782,4.999928500814924,4.99999996773518,4.999892847489039,-4.999983748596039,4.999926933575502,-4.999966209294825,4.999983945963622,-4.999996699665156
99.0,160.0,129.88502502441406,4.999945079881175,-4.999999535000841,4.999992989259486,4.9998849827922704,4.999924035035733,-4.9999552642393965,4.9999540652403045,-4.9999411246902685,4.999990511786327,-4.999999998683627
99.0,160.0,129.88482666015625,4.999984200828796,-4.999738260666245,4.999926301092231,4.99996581652902,4.999889245695897,-4.999999852808458,4.999997691932075,-4.999993953435188,4.999979543753289,-4.99999349384758
99.0,160.0,129.8848419189453,4.999941009792806,-4.99974108154313,4.999999990451292,4.999874587697298,4.999962026941916,-4.9999990075804845,4.999966005515898,-4.999986101101934,4.999990239127557,-4.999993996325371
99.0,160.0,129.8847198486328,4.999835314040869,-4.999992677598417,4.999981877525725,4.999996090333219,4.999823210991375,-4.999999807056271,4.999948604128047,-4.999990655398153,4.999999941949668,-4.999998496498737
99.0,160.0,129.8848419189453,4.999983363549618,-4.9999870796747565,4.9999479417942805,4.999984884315687,4.9999619285616514,-4.99996270750761,4.999945397426118,-4.999939359592664,4.999987590680068,-4.999996650219695
99.0,160.0,129.8842315673828,4.999997520796604,-4.999835143175165,4.999999954702763,4.999951103469015,4.999989243411213,-4.999998659921148,4.99999430298576,-4.999999992996736,4.999994041458432,-4.999989615580402
99.0,160.0,129.8845672607422,4.999997771318016,-4.999822286291194,4.99999998901268,4.999895407260838,4.999965045687393,-4.999999573467488,4.999996407817777,-4.999987838196082,4.999981655095423,-4.999991435386306
99.0,160.0,129.88426208496094,4.999935036134707,-4.999961169379149,4.999969253127803,4.999986729568965,4.999999517123671,-4.999998054534816,4.999994333610396,-4.999994600354237,4.999988849660903,-4.999977755609455
99.0,160.0,129.88438415527344,4.999817339321789,-4.99999609217537,4.999977172154153,4.999969338509093,4.9999732470224,-4.99999882772323,4.999951273684869,-4.999988393754771,4.999996614739636,-4.999999796136742
99.0,160.0,129.88475036621094,4.9999897892692005,-4.999982672629808,4.999959215293761,4.999813447864545,4.999995506185396,-4.999991675651623,4.999969378090555,-4.999984033276192,4.9999711330477,-4.99999470985553
99.0,160.0,129.8846435546875,4.999785071020423,-4.99999642047195,4.999942262965375,4.999985732383449,4.999991111193624,-4.9999435509881405,4.999935569386824,-4.999999235167975,4.999998783308535,-4.999993657736314
99.0,160.0,129.8843994140625,4.999871264595214,-4.999999881000732,4.999956478432214,4.9999927853953885,4.999996754490001,-4.999999949586703,4.9999698305330496,-4.999989125793103,4.999972337462667,-4.999994597057259
99.0,160.0,129.88504028320312,4.999996411602974,-4.999971136849104,4.999998798679461,4.99978757124659,4.9999476618583945,-4.999986138197918,4.999967069596711,-4.999978681692567,4.99995770793154,-4.999996967469578
99.0,160.0,129.8846435546875,4.999816483080807,-4.999992959183557,4.999963818760136,4.999996861245688,4.999986523672621,-4.999942840549198,4.999936842464223,-4.9999953790071245,4.99999803074309,-4.999989345497066
99.0,160.0,129.88482666015625,4.999953426647604,-4.999998112585066,4.999997523176262,4.999825171307693,4.999999006125309,-4.99999223658336,4.999956847408607,-4.999982877895633,4.999962658742748,-4.999992110315788
99.0,160.0,129.88436889648438,4.999997594494164,-4.999753428154548,4.999988357896704,4.999982665270997,4.999995457861197,-4.999999670256988,4.99998341808699,-4.999999993616118,4.999994224370083,-4.999984220620095
99.0,161.0,129.88470458984375,4.999964381935159,-4.999857962107852,4.999946059833119,4.999970803477585,4.999900230918243,-4.999969315348022,4.999993472221161,-4.999996285099523,4.99999728481543,-4.999983023760455
99.0,161.0,129.88453674316406,4.999715063603331,-4.9999976835772415,4.999995253669403,4.999963734232923,4.999988337465519,-4.999919808769683,4.999985430549824,-4.999994519536797,4.9999983753055055,-4.99999734253598
99.0,161.0,129.88479614257812,4.9999887590157455,-4.999898757346147,4.999951373849575,4.999933217624594,4.999947900203361,-4.999989485647992,4.9999767633497045,-4.999947815629179,4.999985365870716,-4.999998101665584
99.0,161.0,129.884765625,4.99964271155183,-4.99987160550714,4.999978533287117,4.999999997350505,4.999980409703871,-4.99990511864541,4.999993782900782,-4.999995957508466,4.999999916143313,-4.99999466763742
99.0,161.0,129.88450622558594,4.999757741544794,-4.999837471504604,4.999999973759981,4.999951146268309,4.999990716999047,-4.999998817812698,4.999988131028432,-4.999985651604806,4.999989505526935,-4.999999718935388
99.0,161.0,129.88473510742188,4.999892886199612,-4.999998930948415,4.999993124902091,4.999998740643023,4.999993102403972,-4.999946017186723,4.999933675970604,-4.9999709261230505,4.999986104714127,-4.999988532494529
99.0,161.0,129.88479614257812,4.999964410887184,-4.999991267290479,4.999911546010759,4.99990732134594,4.999894049379751,-4.999984808759041,4.99999667893348,-4.999972762871396,4.999976460130409,-4.999999788345656
99.0,161.0,129.88470458984375,4.999919766004462,-4.999690422944644,4.999883397070615,4.999945063487859,4.999983274447373,-4.999998393911728,4.999999464062895,-4.999993379660682,4.999984694691264,-4.999999829380073
99.0,161.0,129.88446044921875,4.999850984471593,-4.999995804215663,4.999975007947164,4.999999885561777,4.99999393590393,-4.999942256567417,4.999958235790979,-4.999996462740509,4.999997835079743,-4.9999891634642255
99.0,161.0,129.884521484375,4.999953111706118,-4.9999306460966215,4.9999143658522165,4.999932372012783,4.999989975160352,-4.999967309143766,4.99996849076447,-4.999991004148395,4.99999279707089,-4.999999795886429
99.0,161.0,129.88504028320312,4.999839204244653,-4.999999065728675,4.999919245024389,4.999999969774499,4.999980488369041,-4.999983221629204,4.999996690666503,-4.999995515964772,4.999945987278675,-4.999953358025841
99.0,161.0,129.88487243652344,4.999807593342092,-4.999998504548716,4.999947220624906,4.999985656212214,4.999992585916164,-4.9999398034216815,4.999912956172975,-4.999976039459394,4.999990618410369,-4.99999907460289
99.0,161.0,129.8848419189453,4.999993080701496,-4.999857032215787,4.9999523597881375,4.9998835225217775,4.999901291306392,-4.999998052922452,4.999996065724133,-4.999997184739073,4.999987861545099,-4.99997908031966
99.0,161.0,129.88465881347656,4.99988738522868,-4.999883502158743,4.999998291679388,4.9999621182293765,4.999999048846639,-4.999992729066324,4.999970074309733,-4.999986145446393,4.99997449407055,-4.999982635913902
99.0,161.0,129.88455200195312,4.999936921318227,-4.999991465204575,4.999971813156603,4.9999408993835415,4.999997862359985,-4.999964476721065,4.999953795887889,-4.999987387041251,4.999987696760533,-4.999991199153343
99.0,161.0,129.88438415527344,4.999959353443257,-4.999999972369196,4.99992489757684,4.99992755124785,4.999970719727825,-4.999999003407528,4.999999888316975,-4.999966565153803,4.999989008179602,-4.999999843762478
99.0,161.0,129.88491821289062,4.999992603455851,-4.999958381278045,4.999991961117891,4.999982623154788,4.999987388017914,-4.999924994909202,4.999941075797597,-4.999969407054673,4.99999389590076,-4.999969950091721
99.0,161.0,129.88487243652344,4.99999900628713,-4.999970706704008,4.999945870484564,4.999874339967095,4.999942715745982,-4.999989312257904,4.999959293029713,-4.999974925566667,4.999974010582516,-4.999997297348122
99.0,161.0,129.8848419189453,4.999773815292356,-4.9999989258881685,4.999981655109445,4.999939448415244,4.999966696179076,-4.999938817074804,4.99992971130776,-4.999999624712188,4.999985004306806,-4.9999999957921375
99.0,161.0,129.88467407226562,4.999806456704325,-4.999997252294876,4.999856801605517,4.999998708748701,4.999989113900484,-4.999968413273759,4.99994129427461,-4.99999910940747,4.999995264044699,-4.999992770072876
99.0,161.0,129.884765625,4.99997758032406,-4.9999868450386735,4.999911069676732,4.9999915597801445,4.999990155228305,-4.999976686202514,4.999966710139217,-4.999966555229915,4.999965328426242,-4.999987550746897
99.0,161.0,129.88453674316406,4.9998225908550085,-4.999997088146586,4.999874256199906,4.999990511811523,4.999980181814872,-4.999996051641304,4.999949146423632,-4.999993688700868,4.99999417976025,-4.99999583927309
99.0,161.0,129.8848419189453,4.999994397935937,-4.99980066814865,4.999908165931359,4.999958684045492,4.999903586481652,-4.9999999640301125,4.999968585175095,-4.999995592264942,4.9999789773359,-4.999995654720536
99.0,161.0,129.8848419189453,4.999857579659979,-4.9999720014122015,4.999842789303594,4.999938668969944,4.999989910404987,-4.999952185820073,4.999941986408895,-4.999990562353762,4.999993408364023,-4.999999836750391
99.0,161.0,129.8845672607422,4.999975667673333,-4.999776281421076,4.9999724268720485,4.999953527105985,4.999946704826551,-4.999998743597755,4.99999547122302,-4.9999973881751005,4.999998996339462,-4.999978294249211
99.0,161.0,129.8848114013672,4.999914400344457,-4.999985393958558,4.999943779464897,4.999900596118547,4.999993227802442,-4.999952658006364,4.999971219397175,-4.999978587727804,4.999977535131146,-4.9999914858056655
99.0,161.0,129.88482666015625,4.99999580975029,-4.999999334901473,4.999997404719453,4.999905995010423,4.999968594029831,-4.99999663670364,4.999985177744512,-4.999945995698431,4.999997278971863,-4.999958799358462
99.0,161.0,129.88475036621094,4.999886676624699,-4.999707022669156,4.999988217028927,4.999979694697992,4.999999975960078,-4.999999719642051,4.9999997848780655,-4.999989169833394,4.999985777982777,-4.999968514172292
99.0,161.0,129.88485717773438,4.999748360265604,-4.99999310529224,4.999999921181995,4.999998886537047,4.999997752903076,-4.999936892632666,4.999904510469188,-4.999987469814774,4.999993404464928,-4.999990469413196
99.0,161.0,129.8848114013672,4.999959088720242,-4.999722990946221,4.999973126046756,4.999994758945935,4.999999881513647,-4.9999995876974594,4.999995525288444,-4.999974780795602,4.999983917860453,-4.999963228501565
99.0,161.0,129.8845672607422,4.999850402070952,-4.999999954340801,4.999939796544092,4.999996573002676,4.999951933829606,-4.999999966729558,4.999957849495348,-4.999984821779375,4.999979636790823,-4.999996681514694
99.0,161.0,129.8846435546875,4.999943838972497,-4.999998212331351,4.999801049917739,4.999976480098487,4.999945502935839,-4.999951699254744,4.999977620163044,-4.999991857844096,4.999999870966692,-4.99999682677063
99.0,161.0,129.88458251953125,4.999807176555158,-4.999804168405476,4.999999977611711,4.999917977900349,4.999991147628981,-4.999998265747702,4.999995112842273,-4.999981598975269,4.999988272040031,-4.999999780104467
99.0,161.0,129.88424682617188,4.999944666067019,-4.99998492341353,4.999953751135362,4.999967255359362,4.999987522926332,-4.999999680815403,4.999998715655433,-4.999977483895224,4.999995202944849,-4.999988827394378
99.0,161.0,129.88458251953125,4.999838847056905,-4.999863759851396,4.999987600073402,4.999999991089994,4.999998773208295,-4.999960696662342,4.999983299722143,-4.999999840032702,4.999995998669935,-4.99997245260516
99.0,161.0,129.88482666015625,4.999984200828796,-4.999738260666245,4.999926301092231,4.99996581652902,4.999889245695897,-4.999999852808458,4.999997691932075,-4.999993953435188,4.999979543753289,-4.99999349384758
99.0,161.0,129.88438415527344,4.9999994212380585,-4.99982962672001,4.999999990451292,4.99997991173773,4.999970704629384,-4.999983895383273,4.999988577994516,-4.999978233845251,4.999996535429787,-4.999991885532356
99.0,161.0,129.8847198486328,4.999835314040869,-4.999992677598417,4.999981877525725,4.999996090333219,4.999823210991375,-4.999999807056271,4.999948604128047,-4.999990655398153,4.999999941949668,-4.999998496498737
99.0,161.0,129.8848419189453,4.999983363549618,-4.9999870796747565,4.9999479417942805,4.999984884315687,4.9999619285616514,-4.99996270750761,4.999945397426118,-4.999939359592664,4.999987590680068,-4.999996650219695
99.0,161.0,129.8842315673828,4.999997520796604,-4.999835143175165,4.999999954702763,4.999951103469015,4.999989243411213,-4.999998659921148,4.99999430298576,-4.999999992996736,4.999994041458432,-4.999989615580402
99.0,161.0,129.8845672607422,4.999997771318016,-4.999822286291194,4.99999998901268,4.999895407260838,4.999965045687393,-4.999999573467488,4.999996407817777,-4.999987838196082,4.999981655095423,-4.999991435386306
99.0,161.0,129.8842010498047,4.999977649896145,-4.9998366263243055,4.999954762619552,4.999997662910662,4.999995488521139,-4.999999923366765,4.999990157977162,-4.999995959621744,4.999995841048952,-4.999992879220102
99.0,161.0,129.88438415527344,4.999817339321789,-4.99999609217537,4.999977172154153,4.999969338509093,4.9999732470224,-4.99999882772323,4.999951273684869,-4.999988393754771,4.999996614739636,-4.999999796136742
99.0,161.0,129.884521484375,4.99996208212043,-4.99986006890637,4.999916255104582,4.999961080421386,4.999940353670054,-4.999991675651623,4.999968462367552,-4.999992856637912,4.999999440790373,-4.99999997059876
99.0,161.0,129.884521484375,4.999790762254256,-4.999894776717765,4.999999589508418,4.999882672807467,4.999990695638383,-4.999998571571216,4.999981517577869,-4.999984017829426,4.999998783308535,-4.999999881590529
99.0,161.0,129.8843994140625,4.999871264595214,-4.999999881000732,4.999956478432214,4.9999927853953885,4.999996754490001,-4.999999949586703,4.9999698305330496,-4.999989125793103,4.999972337462667,-4.999994597057259
99.0,161.0,129.88487243652344,4.99988273081699,-4.999971136849104,4.999969443537728,4.999959822609392,4.999999194461919,-4.999982264921492,4.999969282396094,-4.999991636019003,4.999967725935127,-4.999962530094592
99.0,161.0,129.8846435546875,4.999816483080807,-4.999992959183557,4.999963818760136,4.999996861245688,4.999986523672621,-4.999942840549198,4.999936842464223,-4.9999953790071245,4.99999803074309,-4.999989345497066
99.0,161.0,129.88473510742188,4.999800088626396,-4.999994669659317,4.999971577560639,4.999825171307693,4.999999006125309,-4.99999223658336,4.999940577021491,-4.999987851888079,4.99999671257131,-4.999999887153162
99.0,161.0,129.88436889648438,4.999997594494164,-4.999753428154548,4.999988357896704,4.999982665270997,4.999995457861197,-4.999999670256988,4.99998341808699,-4.999999993616118,4.999994224370083,-4.999984220620095
99.0,162.0,129.88470458984375,4.999964381935159,-4.999857962107852,4.999946059833119,4.999970803477585,4.999900230918243,-4.999969315348022,4.999993472221161,-4.999996285099523,4.99999728481543,-4.999983023760455
99.0,162.0,129.88453674316406,4.999715063603331,-4.9999976835772415,4.999995253669403,4.999963734232923,4.999988337465519,-4.999919808769683,4.999985430549824,-4.999994519536797,4.9999983753055055,-4.99999734253598
99.0,162.0,129.8847198486328,4.999874468684848,-4.999971790742475,4.999951373849575,4.999961772868429,4.999995181509766,-4.999989485647992,4.999933608841502,-4.999947815629179,4.999996215415805,-4.999999376155767
99.0,162.0,129.88470458984375,4.999623802000169,-4.999999778247747,4.999996829226858,4.999985201901982,4.99999157299973,-4.999896572915329,4.999974205267079,-4.99999760093997,4.9999989203041055,-4.99999466763742
99.0,162.0,129.88450622558594,4.999757741544794,-4.999837471504604,4.999999973759981,4.999951146268309,4.999990716999047,-4.999998817812698,4.999988131028432,-4.999985651604806,4.999989505526935,-4.999999718935388
99.0,162.0,129.88458251953125,4.999956109248049,-4.999976441025772,4.999975525878396,4.999978782970025,4.999972772298597,-4.999999631133409,4.999929096308756,-4.999975837513709,4.999994375037264,-4.999986099914613
99.0,162.0,129.88479614257812,4.999964410887184,-4.999991267290479,4.999911546010759,4.99990732134594,4.999894049379751,-4.999984808759041,4.99999667893348,-4.999972762871396,4.999976460130409,-4.999999788345656
99.0,162.0,129.88450622558594,4.999893311249435,-4.999992978267015,4.999883397070615,4.9999993558543085,4.999968502260959,-4.999999699172522,4.999993395020873,-4.999974392710714,4.999988622804815,-4.999987270208511
99.0,162.0,129.88446044921875,4.999850984471593,-4.999995804215663,4.999975007947164,4.999999885561777,4.99999393590393,-4.999942256567417,4.999958235790979,-4.999996462740509,4.999997835079743,-4.9999891634642255
99.0,162.0,129.884521484375,4.999953111706118,-4.9999306460966215,4.9999143658522165,4.999932372012783,4.999989975160352,-4.999967309143766,4.99996849076447,-4.999991004148395,4.99999279707089,-4.999999795886429
99.0,162.0,129.88485717773438,4.999964212355934,-4.999758965625152,4.999970374364251,4.999965320117185,4.999997289284957,-4.999999501002415,4.999986790128448,-4.999988335764346,4.999978240216353,-4.999962826342834
99.0,162.0,129.88470458984375,4.999697779335792,-4.999847426015352,4.999979364798804,4.999994489970325,4.999975506986158,-4.999908084072821,4.999994797080929,-4.999997785237947,4.999999965091945,-4.99999815747067
99.0,162.0,129.88461303710938,4.999959194752989,-4.999919768930827,4.9999523597881375,4.999954625073549,4.999987780634612,-4.999998052922452,4.999996065724133,-4.999966134792505,4.999996583373015,-4.99996997251179
99.0,162.0,129.88465881347656,4.99988738522868,-4.999883502158743,4.999998291679388,4.9999621182293765,4.999999048846639,-4.999992729066324,4.999970074309733,-4.999986145446393,4.99997449407055,-4.999982635913902
99.0,162.0,129.88455200195312,4.999936921318227,-4.999991465204575,4.999971813156603,4.9999408993835415,4.999997862359985,-4.999964476721065,4.999953795887889,-4.999987387041251,4.999987696760533,-4.999991199153343
99.0,162.0,129.88438415527344,4.999959353443257,-4.999999972369196,4.99992489757684,4.99992755124785,4.999970719727825,-4.999999003407528,4.999999888316975,-4.999966565153803,4.999989008179602,-4.999999843762478
99.0,162.0,129.88465881347656,4.999999718208869,-4.999909801196328,4.999979296194333,4.999941444337535,4.999987388017914,-4.9999644550396685,4.999969950128795,-4.999992955962435,4.999995798889598,-4.999969950091721
99.0,162.0,129.8843994140625,4.999947207969289,-4.99987724957774,4.99986847455726,4.999982401178498,4.999979034293933,-4.99999763428801,4.999988600232534,-4.99999995060154,4.999994589712827,-4.99999271487654
99.0,162.0,129.88479614257812,4.999744541279737,-4.9999989258881685,4.999965691568763,4.99986731502627,4.999999870419111,-4.999992309670642,4.999942265551635,-4.999988517706735,4.999998774014987,-4.999988426546155
99.0,162.0,129.88467407226562,4.999806456704325,-4.999997252294876,4.999856801605517,4.999998708748701,4.999989113900484,-4.999968413273759,4.99994129427461,-4.99999910940747,4.999995264044699,-4.999992770072876
99.0,162.0,129.884765625,4.99997758032406,-4.9999868450386735,4.999911069676732,4.9999915597801445,4.999990155228305,-4.999976686202514,4.999966710139217,-4.999966555229915,4.999965328426242,-4.999987550746897
99.0,162.0,129.88453674316406,4.9998225908550085,-4.999997088146586,4.999874256199906,4.999990511811523,4.999980181814872,-4.999996051641304,4.999949146423632,-4.999993688700868,4.99999417976025,-4.99999583927309
99.0,162.0,129.88455200195312,4.999860082607165,-4.999999923928035,4.999944587775581,4.999991220473236,4.999990629722163,-4.999991021530132,4.99994660190409,-4.999986895280315,4.999973353499245,-4.999999159161972
99.0,162.0,129.88442993164062,4.999901038529737,-4.999918955962598,4.999928360279876,4.999960501974501,4.999998448046763,-4.999990918866391,4.999970661125807,-4.999999996964932,4.999993405765888,-4.999990057850662
99.0,162.0,129.8845672607422,4.999975667673333,-4.999776281421076,4.9999724268720485,4.999953527105985,4.999946704826551,-4.999998743597755,4.99999547122302,-4.9999973881751005,4.999998996339462,-4.999978294249211
99.0,162.0,129.8848114013672,4.999914400344457,-4.999985393958558,4.999943779464897,4.999900596118547,4.999993227802442,-4.999952658006364,4.999971219397175,-4.999978587727804,4.999977535131146,-4.9999914858056655
99.0,162.0,129.88482666015625,4.99999580975029,-4.999999334901473,4.999997404719453,4.999905995010423,4.999968594029831,-4.99999663670364,4.999985177744512,-4.999945995698431,4.999997278971863,-4.999958799358462
99.0,162.0,129.88475036621094,4.999886676624699,-4.999707022669156,4.999988217028927,4.999979694697992,4.999999975960078,-4.999999719642051,4.9999997848780655,-4.999989169833394,4.999985777982777,-4.999968514172292
99.0,162.0,129.8846435546875,4.999975056854796,-4.999986090883712,4.999925447382038,4.9999801553342,4.999961775284566,-4.99996912251366,4.999921625304683,-4.999987469814774,4.999989513761127,-4.999999881782514
99.0,162.0,129.8848114013672,4.999959088720242,-4.999722990946221,4.999973126046756,4.999994758945935,4.999999881513647,-4.9999995876974594,4.999995525288444,-4.999974780795602,4.999983917860453,-4.999963228501565
99.0,162.0,129.88436889648438,4.999850402070952,-4.999889834789269,4.999989298846908,4.999985228578918,4.999992485056339,-4.999971004691966,4.999964773338258,-4.999999999590492,4.999998587983199,-4.999997188101425
99.0,162.0,129.8846435546875,4.999943838972497,-4.999998212331351,4.999801049917739,4.999976480098487,4.999945502935839,-4.999951699254744,4.999977620163044,-4.999991857844096,4.999999870966692,-4.99999682677063
99.0,162.0,129.88458251953125,4.999807176555158,-4.999804168405476,4.999999977611711,4.999917977900349,4.999991147628981,-4.999998265747702,4.999995112842273,-4.999981598975269,4.999988272040031,-4.999999780104467
99.0,162.0,129.88424682617188,4.999944666067019,-4.99998492341353,4.999953751135362,4.999967255359362,4.999987522926332,-4.999999680815403,4.999998715655433,-4.999977483895224,4.999995202944849,-4.999988827394378
99.0,162.0,129.88458251953125,4.999838847056905,-4.999863759851396,4.999987600073402,4.999999991089994,4.999998773208295,-4.999960696662342,4.999983299722143,-4.999999840032702,4.999995998669935,-4.99997245260516
99.0,162.0,129.88482666015625,4.999984200828796,-4.999738260666245,4.999926301092231,4.99996581652902,4.999889245695897,-4.999999852808458,4.999997691932075,-4.999993953435188,4.999979543753289,-4.99999349384758
99.0,162.0,129.88438415527344,4.9999994212380585,-4.99982962672001,4.999999990451292,4.99997991173773,4.999970704629384,-4.999983895383273,4.999988577994516,-4.999978233845251,4.999996535429787,-4.999991885532356
99.0,162.0,129.884521484375,4.999980051979929,-4.999834749156797,4.999958139213589,4.999996090333219,4.999940600816814,-4.999996081332725,4.999983487508674,-4.99998427001667,4.999984354761393,-4.999996612895485
99.0,162.0,129.8848419189453,4.999983363549618,-4.9999870796747565,4.9999479417942805,4.999984884315687,4.9999619285616514,-4.99996270750761,4.999945397426118,-4.999939359592664,4.999987590680068,-4.999996650219695
99.0,162.0,129.8842315673828,4.999997520796604,-4.999835143175165,4.999999954702763,4.999951103469015,4.999989243411213,-4.999998659921148,4.99999430298576,-4.999999992996736,4.999994041458432,-4.999989615580402
99.0,162.0,129.8845672607422,4.999997771318016,-4.999822286291194,4.99999998901268,4.999895407260838,4.999965045687393,-4.999999573467488,4.999996407817777,-4.999987838196082,4.999981655095423,-4.999991435386306
99.0,162.0,129.8842010498047,4.999977649896145,-4.9998366263243055,4.999954762619552,4.999997662910662,4.999995488521139,-4.999999923366765,4.999990157977162,-4.999995959621744,4.999995841048952,-4.999992879220102
99.0,162.0,129.88438415527344,4.999817339321789,-4.99999609217537,4.999977172154153,4.999969338509093,4.9999732470224,-4.99999882772323,4.999951273684869,-4.999988393754771,4.999996614739636,-4.999999796136742
99.0,162.0,129.884521484375,4.99996208212043,-4.99986006890637,4.999916255104582,4.999961080421386,4.999940353670054,-4.999991675651623,4.999968462367552,-4.999992856637912,4.999999440790373,-4.99999997059876
99.0,162.0,129.8843994140625,4.9999353847488415,-4.999999976667277,4.999905792585576,4.999919867350137,4.999990695638383,-4.999999761343591,4.999981517577869,-4.999970603574079,4.999998783308535,-4.999999996235013
99.0,162.0,129.8843994140625,4.999871264595214,-4.999999881000732,4.999956478432214,4.9999927853953885,4.999996754490001,-4.999999949586703,4.9999698305330496,-4.999989125793103,4.999972337462667,-4.999994597057259
99.0,162.0,129.884765625,4.999728742553062,-4.999891129332376,4.999999863459105,4.999916942350152,4.999916941270158,-4.999998973395588,4.999955875483405,-4.999996062951601,4.999999764685646,-4.999999207958659
99.0,162.0,129.8843536376953,4.999991243158885,-4.999804614542958,4.999926156765341,4.999999436290249,4.999990973038661,-4.999987459646968,4.999992533636369,-4.999997535751902,4.999993883298743,-4.999989345497066
99.0,162.0,129.88465881347656,4.999999738160985,-4.999963605886711,4.999999996924064,4.999998691571195,4.999972761414655,-4.99994719588201,4.999959383861867,-4.999966247542247,4.999997006311264,-4.99997694588818
99.0,162.0,129.88436889648438,4.999997594494164,-4.999753428154548,4.999988357896704,4.999982665270997,4.999995457861197,-4.999999670256988,4.99998341808699,-4.999999993616118,4.999994224370083,-4.999984220620095
99.0,163.0,129.88467407226562,4.999842469548096,-4.999924011157831,4.99997413354058,4.999971920122127,4.999994810136714,-4.999998658990794,4.999930385812044,-4.999958521560523,4.99999728481543,-4.999999905990805
99.0,163.0,129.88453674316406,4.999715063603331,-4.9999976835772415,4.999995253669403,4.999963734232923,4.999988337465519,-4.999919808769683,4.999985430549824,-4.999994519536797,4.9999983753055055,-4.99999734253598
99.0,163.0,129.8847198486328,4.999874468684848,-4.999971790742475,4.999951373849575,4.999961772868429,4.999995181509766,-4.999989485647992,4.999933608841502,-4.999947815629179,4.999996215415805,-4.999999376155767
99.0,163.0,129.88470458984375,4.999623802000169,-4.999999778247747,4.999996829226858,4.999985201901982,4.99999157299973,-4.999896572915329,4.999974205267079,-4.99999760093997,4.9999989203041055,-4.99999466763742
99.0,163.0,129.88450622558594,4.999757741544794,-4.999837471504604,4.999999973759981,4.999951146268309,4.999990716999047,-4.999998817812698,4.999988131028432,-4.999985651604806,4.999989505526935,-4.999999718935388
99.0,163.0,129.88458251953125,4.999956109248049,-4.999976441025772,4.999975525878396,4.999978782970025,4.999972772298597,-4.999999631133409,4.999929096308756,-4.999975837513709,4.999994375037264,-4.999986099914613
99.0,163.0,129.88479614257812,4.999964410887184,-4.999991267290479,4.999911546010759,4.99990732134594,4.999894049379751,-4.999984808759041,4.99999667893348,-4.999972762871396,4.999976460130409,-4.999999788345656
99.0,163.0,129.88450622558594,4.999893311249435,-4.999992978267015,4.999883397070615,4.9999993558543085,4.999968502260959,-4.999999699172522,4.999993395020873,-4.999974392710714,4.999988622804815,-4.999987270208511
99.0,163.0,129.8843536376953,4.999958972981904,-4.999794119329405,4.999945462282268,4.999991225214359,4.99999393590393,-4.999983614538022,4.999994003424712,-4.999996462740509,4.999999664988027,-4.9999891634642255
99.0,163.0,129.884521484375,4.999953111706118,-4.9999306460966215,4.9999143658522165,4.999932372012783,4.999989975160352,-4.999967309143766,4.99996849076447,-4.999991004148395,4.99999279707089,-4.999999795886429
99.0,163.0,129.88485717773438,4.999964212355934,-4.999758965625152,4.999970374364251,4.999965320117185,4.999997289284957,-4.999999501002415,4.999986790128448,-4.999988335764346,4.999978240216353,-4.999962826342834
99.0,163.0,129.8843994140625,4.999999428722397,-4.999793936357847,4.999986626545187,4.999966189907671,4.999975506986158,-4.999999831833295,4.999998031682575,-4.9999832777105535,4.9999920255769394,-4.999989113576003
99.0,163.0,129.88461303710938,4.999959194752989,-4.999919768930827,4.9999523597881375,4.999954625073549,4.999987780634612,-4.999998052922452,4.999996065724133,-4.999966134792505,4.999996583373015,-4.99996997251179
99.0,163.0,129.88433837890625,4.999988386332149,-4.999729387867733,4.999929567177976,4.999999676581756,4.999997588726295,-4.9999953714403285,4.999999978891728,-4.999998820221388,4.999998604300541,-4.99998745999727
99.0,163.0,129.88455200195312,4.999936921318227,-4.999991465204575,4.999971813156603,4.9999408993835415,4.999997862359985,-4.999964476721065,4.999953795887889,-4.999987387041251,4.999987696760533,-4.999991199153343
99.0,163.0,129.88438415527344,4.999959353443257,-4.999999972369196,4.99992489757684,4.99992755124785,4.999970719727825,-4.999999003407528,4.999999888316975,-4.999966565153803,4.999989008179602,-4.999999843762478
99.0,163.0,129.88465881347656,4.999999718208869,-4.999909801196328,4.999979296194333,4.999941444337535,4.999987388017914,-4.9999644550396685,4.999969950128795,-4.999992955962435,4.999995798889598,-4.999969950091721
99.0,163.0,129.8843994140625,4.999947207969289,-4.99987724957774,4.99986847455726,4.999982401178498,4.999979034293933,-4.99999763428801,4.999988600232534,-4.99999995060154,4.999994589712827,-4.99999271487654
99.0,163.0,129.88449096679688,4.999933056774346,-4.999833780988965,4.999975459212734,4.999990524168297,4.999999870419111,-4.999982985886232,4.999974191334131,-4.999988517706735,4.999992281826515,-4.999986002499334
99.0,163.0,129.88467407226562,4.999806456704325,-4.999997252294876,4.999856801605517,4.999998708748701,4.999989113900484,-4.999968413273759,4.99994129427461,-4.99999910940747,4.999995264044699,-4.999992770072876
99.0,163.0,129.884765625,4.99997758032406,-4.9999868450386735,4.999911069676732,4.9999915597801445,4.999990155228305,-4.999976686202514,4.999966710139217,-4.999966555229915,4.999965328426242,-4.999987550746897
99.0,163.0,129.88453674316406,4.9998225908550085,-4.999997088146586,4.999874256199906,4.999990511811523,4.999980181814872,-4.999996051641304,4.999949146423632,-4.999993688700868,4.99999417976025,-4.99999583927309
99.0,163.0,129.88455200195312,4.999860082607165,-4.999999923928035,4.999944587775581,4.999991220473236,4.999990629722163,-4.999991021530132,4.99994660190409,-4.999986895280315,4.999973353499245,-4.999999159161972
99.0,163.0,129.88442993164062,4.999901038529737,-4.999918955962598,4.999928360279876,4.999960501974501,4.999998448046763,-4.999990918866391,4.999970661125807,-4.999999996964932,4.999993405765888,-4.999990057850662
99.0,163.0,129.8845672607422,4.999975667673333,-4.999776281421076,4.9999724268720485,4.999953527105985,4.999946704826551,-4.999998743597755,4.99999547122302,-4.9999973881751005,4.999998996339462,-4.999978294249211
99.0,163.0,129.8844757080078,4.999914400344457,-4.99997715686646,4.999977990471283,4.999916455573052,4.999993227802442,-4.999983458350467,4.999959297519697,-4.999987463523268,4.999986718154782,-4.999999780640964
99.0,163.0,129.88470458984375,4.999673495985707,-4.9998514149968045,4.999999973993695,4.999933371665491,4.999992031905276,-4.999998578887672,4.999987951838058,-4.99997775700489,4.999984143377219,-4.999999971207231
99.0,163.0,129.88475036621094,4.999886676624699,-4.999707022669156,4.999988217028927,4.999979694697992,4.999999975960078,-4.999999719642051,4.9999997848780655,-4.999989169833394,4.999985777982777,-4.999968514172292
99.0,163.0,129.8843994140625,4.999994107024666,-4.999837587136877,4.999933421890237,4.9999993602591575,4.999996804672126,-4.9999884260603205,4.999990498673911,-4.99999049528909,4.999980903789649,-4.999992240896361
99.0,163.0,129.88479614257812,4.999884587385903,-4.999865190460326,4.999897848366169,4.999960556437076,4.999935366963337,-4.999992380007695,4.999959680509759,-4.999974780795602,4.999999894179092,-4.999999978494225
99.0,163.0,129.88436889648438,4.999850402070952,-4.999889834789269,4.999989298846908,4.999985228578918,4.999992485056339,-4.999971004691966,4.999964773338258,-4.999999999590492,4.999998587983199,-4.999997188101425
99.0,163.0,129.8846435546875,4.999943838972497,-4.999998212331351,4.999801049917739,4.999976480098487,4.999945502935839,-4.999951699254744,4.999977620163044,-4.999991857844096,4.999999870966692,-4.99999682677063
99.0,163.0,129.88458251953125,4.999807176555158,-4.999804168405476,4.999999977611711,4.999917977900349,4.999991147628981,-4.999998265747702,4.999995112842273,-4.999981598975269,4.999988272040031,-4.999999780104467
99.0,163.0,129.88424682617188,4.999944666067019,-4.99998492341353,4.999953751135362,4.999967255359362,4.999987522926332,-4.999999680815403,4.999998715655433,-4.999977483895224,4.999995202944849,-4.999988827394378
99.0,163.0,129.88427734375,4.999808146536253,-4.999962554121447,4.999997817209856,4.999999991089994,4.999998773208295,-4.999999969828402,4.999965951477327,-4.999988183536066,4.999997704351717,-4.999991007019188
99.0,163.0,129.88449096679688,4.999899569782437,-4.999738260666245,4.999999992787009,4.99996581652902,4.999992077198069,-4.99999888890582,4.999996011518702,-4.999980812147486,4.999987581667052,-4.999998067816562
99.0,163.0,129.88438415527344,4.9999994212380585,-4.99982962672001,4.999999990451292,4.99997991173773,4.999970704629384,-4.999983895383273,4.999988577994516,-4.999978233845251,4.999996535429787,-4.999991885532356
99.0,163.0,129.88446044921875,4.999953808101817,-4.999796522385957,4.99988561565287,4.999990586083588,4.999974457583901,-4.999998328805771,4.999990559937931,-4.999998517550576,4.999989955468801,-4.999996612895485
99.0,163.0,129.88458251953125,4.999999919325067,-4.999901452646724,4.999987506106271,4.999919776907571,4.9999666551398345,-4.999971292844847,4.99998146019905,-4.999993243763933,4.999985819871827,-4.999986157650724
99.0,163.0,129.8842315673828,4.999997520796604,-4.999835143175165,4.999999954702763,4.999951103469015,4.999989243411213,-4.999998659921148,4.99999430298576,-4.999999992996736,4.999994041458432,-4.999989615580402
99.0,163.0,129.8845672607422,4.999997771318016,-4.999822286291194,4.99999998901268,4.999895407260838,4.999965045687393,-4.999999573467488,4.999996407817777,-4.999987838196082,4.999981655095423,-4.999991435386306
99.0,163.0,129.8842010498047,4.999977649896145,-4.9998366263243055,4.999954762619552,4.999997662910662,4.999995488521139,-4.999999923366765,4.999990157977162,-4.999995959621744,4.999995841048952,-4.999992879220102
99.0,163.0,129.88438415527344,4.999817339321789,-4.99999609217537,4.999977172154153,4.999969338509093,4.9999732470224,-4.99999882772323,4.999951273684869,-4.999988393754771,4.999996614739636,-4.999999796136742
99.0,163.0,129.884521484375,4.99996208212043,-4.99986006890637,4.999916255104582,4.999961080421386,4.999940353670054,-4.999991675651623,4.999968462367552,-4.999992856637912,4.999999440790373,-4.99999997059876
99.0,163.0,129.8843994140625,4.9999353847488415,-4.999999976667277,4.999905792585576,4.999919867350137,4.999990695638383,-4.999999761343591,4.999981517577869,-4.999970603574079,4.999998783308535,-4.999999996235013
99.0,163.0,129.8843994140625,4.999871264595214,-4.999999881000732,4.999956478432214,4.9999927853953885,4.999996754490001,-4.999999949586703,4.9999698305330496,-4.999989125793103,4.999972337462667,-4.999994597057259
99.0,163.0,129.884765625,4.999728742553062,-4.999891129332376,4.999999863459105,4.999916942350152,4.999916941270158,-4.999998973395588,4.999955875483405,-4.999996062951601,4.999999764685646,-4.999999207958659
99.0,163.0,129.8843536376953,4.999991243158885,-4.999804614542958,4.999926156765341,4.999999436290249,4.999990973038661,-4.999987459646968,4.999992533636369,-4.999997535751902,4.999993883298743,-4.999989345497066
99.0,163.0,129.88430786132812,4.999813882828303,-4.9999975132718815,4.999999996924064,4.999993599280511,4.999998845496928,-4.999999735833004,4.999964273067572,-4.999986002329524,4.999992060837489,-4.999990267670899
99.0,163.0,129.88436889648438,4.999997594494164,-4.999753428154548,4.999988357896704,4.999982665270997,4.999995457861197,-4.999999670256988,4.99998341808699,-4.999999993616118,4.999994224370083,-4.999984220620095
99.0,164.0,129.8843994140625,4.999872948963397,-4.999998352452402,4.9998658239115485,4.999999843418332,4.999979065008348,-4.999999975747288,4.999997594989167,-4.999960838224999,4.999994004555409,-4.999999905990805
99.0,164.0,129.88453674316406,4.999715063603331,-4.9999976835772415,4.999995253669403,4.999963734232923,4.999988337465519,-4.999919808769683,4.999985430549824,-4.999994519536797,4.9999983753055055,-4.99999734253598
99.0,164.0,129.8847198486328,4.999874468684848,-4.999971790742475,4.999951373849575,4.999961772868429,4.999995181509766,-4.999989485647992,4.999933608841502,-4.999947815629179,4.999996215415805,-4.999999376155767
99.0,164.0,129.88470458984375,4.999623802000169,-4.999999778247747,4.999996829226858,4.999985201901982,4.99999157299973,-4.999896572915329,4.999974205267079,-4.99999760093997,4.9999989203041055,-4.99999466763742
99.0,164.0,129.8843231201172,4.99996227425025,-4.999837471504604,4.999999973759981,4.999967690254605,4.999976631776931,-4.999999846230843,4.999999838512558,-4.999974954868327,4.999999205700473,-4.999991837724037
99.0,164.0,129.884521484375,4.999999458774758,-4.999750028080985,4.999975525878396,4.9999754958947245,4.999986388708461,-4.999975538740127,4.999978976151145,-4.999985296343262,4.999998364940637,-4.999991251677767
99.0,164.0,129.88462829589844,4.999873705322328,-4.999879412339123,4.999911546010759,4.999989764741294,4.99999119148512,-4.999969577639917,4.99996550302042,-4.999999999817791,4.999998638520643,-4.999982265204071
99.0,164.0,129.88449096679688,4.999917569904319,-4.999865827269548,4.999934423626254,4.9999684470094135,4.999999502286936,-4.99997700735076,4.999977410952502,-4.999999997406758,4.99999439238767,-4.999987270208511
99.0,164.0,129.8843536376953,4.999958972981904,-4.999794119329405,4.999945462282268,4.999991225214359,4.99999393590393,-4.999983614538022,4.999994003424712,-4.999996462740509,4.999999664988027,-4.9999891634642255
99.0,164.0,129.884521484375,4.999953111706118,-4.9999306460966215,4.9999143658522165,4.999932372012783,4.999989975160352,-4.999967309143766,4.99996849076447,-4.999991004148395,4.99999279707089,-4.999999795886429
99.0,164.0,129.88424682617188,4.999935259488135,-4.999999992712247,4.9999057754306175,4.999965320117185,4.999997289284957,-4.999999304570421,4.99998046516186,-4.999976680974406,4.999999506879397,-4.9999990863320605
99.0,164.0,129.8843994140625,4.999999428722397,-4.999793936357847,4.999986626545187,4.999966189907671,4.999975506986158,-4.999999831833295,4.999998031682575,-4.9999832777105535,4.9999920255769394,-4.999989113576003
99.0,164.0,129.88441467285156,4.99991314277788,-4.99999902520239,4.999884709503293,4.999985415208014,4.999987780634612,-4.999980288449009,4.999985339662526,-4.999991607074994,4.999985596196391,-4.999993430861588
99.0,164.0,129.88433837890625,4.999988386332149,-4.999729387867733,4.999929567177976,4.999999676581756,4.999997588726295,-4.9999953714403285,4.999999978891728,-4.999998820221388,4.999998604300541,-4.99998745999727
99.0,164.0,129.88450622558594,4.999857453320844,-4.99981507186509,4.999979650935584,4.999991021435699,4.999999913542741,-4.999983469096669,4.999957222914306,-4.999999326897866,4.999996629912572,-4.999991199153343
99.0,164.0,129.88424682617188,4.999959353443257,-4.999999972369196,4.999901934954536,4.999944849074952,4.999980570581001,-4.999999720502827,4.999984893922774,-4.999999998310294,4.999989008179602,-4.999998829823573
99.0,164.0,129.88465881347656,4.999999718208869,-4.999909801196328,4.999979296194333,4.999941444337535,4.999987388017914,-4.9999644550396685,4.999969950128795,-4.999992955962435,4.999995798889598,-4.999969950091721
99.0,164.0,129.8843994140625,4.999947207969289,-4.99987724957774,4.99986847455726,4.999982401178498,4.999979034293933,-4.99999763428801,4.999988600232534,-4.99999995060154,4.999994589712827,-4.99999271487654
99.0,164.0,129.8844451904297,4.999927409823149,-4.999900332471327,4.9999985495325925,4.999906033787415,4.9999655090115125,-4.999982985886232,4.999997740904976,-4.999997055892175,4.999998330774957,-4.999986002499334
99.0,164.0,129.88467407226562,4.999806456704325,-4.999997252294876,4.999856801605517,4.999998708748701,4.999989113900484,-4.999968413273759,4.99994129427461,-4.99999910940747,4.999995264044699,-4.999992770072876
99.0,164.0,129.88429260253906,4.9999337957028,-4.999939507159969,4.999960270694525,4.999998443001177,4.9999968978141744,-4.99999993325435,4.999966710139217,-4.9999922911480414,4.999982177286272,-4.9999955960166185
99.0,164.0,129.88453674316406,4.9998225908550085,-4.999997088146586,4.999874256199906,4.999990511811523,4.999980181814872,-4.999996051641304,4.999949146423632,-4.999993688700868,4.99999417976025,-4.99999583927309
99.0,164.0,129.88433837890625,4.999860082607165,-4.999941007005742,4.999998878830541,4.999996030683699,4.999990629722163,-4.999999976661097,4.999962380551857,-4.999988921568837,4.999999838802358,-4.999984810881493
99.0,164.0,129.88442993164062,4.999901038529737,-4.999918955962598,4.999928360279876,4.999960501974501,4.999998448046763,-4.999990918866391,4.999970661125807,-4.999999996964932,4.999993405765888,-4.999990057850662
99.0,164.0,129.8845672607422,4.999975667673333,-4.999776281421076,4.9999724268720485,4.999953527105985,4.999946704826551,-4.999998743597755,4.99999547122302,-4.9999973881751005,4.999998996339462,-4.999978294249211
99.0,164.0,129.8844757080078,4.999914400344457,-4.99997715686646,4.999977990471283,4.999916455573052,4.999993227802442,-4.999983458350467,4.999959297519697,-4.999987463523268,4.999986718154782,-4.999999780640964
99.0,164.0,129.88470458984375,4.999673495985707,-4.9998514149968045,4.999999973993695,4.999933371665491,4.999992031905276,-4.999998578887672,4.999987951838058,-4.99997775700489,4.999984143377219,-4.999999971207231
99.0,164.0,129.88475036621094,4.999886676624699,-4.999707022669156,4.999988217028927,4.999979694697992,4.999999975960078,-4.999999719642051,4.9999997848780655,-4.999989169833394,4.999985777982777,-4.999968514172292
99.0,164.0,129.8843994140625,4.999994107024666,-4.999837587136877,4.999933421890237,4.9999993602591575,4.999996804672126,-4.9999884260603205,4.999990498673911,-4.99999049528909,4.999980903789649,-4.999992240896361
99.0,164.0,129.88461303710938,4.999853710802622,-4.999763483992616,4.999999982792263,4.999937407042678,4.999990325941662,-4.999997019344667,4.999995761173248,-4.999976848137349,4.999982021051912,-4.999999807049299
99.0,164.0,129.88436889648438,4.999850402070952,-4.999889834789269,4.999989298846908,4.999985228578918,4.999992485056339,-4.999971004691966,4.999964773338258,-4.999999999590492,4.999998587983199,-4.999997188101425
99.0,164.0,129.88453674316406,4.999759471878186,-4.9999932471779855,4.999960040864886,4.999976480098487,4.999991093229632,-4.999918050036937,4.999987414236337,-4.999998508308779,4.999998666140195,-4.999992038626333
99.0,164.0,129.88458251953125,4.999807176555158,-4.999804168405476,4.999999977611711,4.999917977900349,4.999991147628981,-4.999998265747702,4.999995112842273,-4.999981598975269,4.999988272040031,-4.999999780104467
99.0,164.0,129.88424682617188,4.999944666067019,-4.99998492341353,4.999953751135362,4.999967255359362,4.999987522926332,-4.999999680815403,4.999998715655433,-4.999977483895224,4.999995202944849,-4.999988827394378
99.0,164.0,129.88427734375,4.999808146536253,-4.999962554121447,4.999997817209856,4.999999991089994,4.999998773208295,-4.999999969828402,4.999965951477327,-4.999988183536066,4.999997704351717,-4.999991007019188
99.0,164.0,129.88441467285156,4.999935854933698,-4.999992501795751,4.999999992787009,4.999923519210747,4.999981236404752,-4.999997805590745,4.999973608361005,-4.999974660083378,4.999987581667052,-4.999994821694507
99.0,164.0,129.88438415527344,4.9999994212380585,-4.99982962672001,4.999999990451292,4.99997991173773,4.999970704629384,-4.999983895383273,4.999988577994516,-4.999978233845251,4.999996535429787,-4.999991885532356
99.0,164.0,129.88446044921875,4.999953808101817,-4.999796522385957,4.99988561565287,4.999990586083588,4.999974457583901,-4.999998328805771,4.999990559937931,-4.999998517550576,4.999989955468801,-4.999996612895485
99.0,164.0,129.884521484375,4.999929830985109,-4.999901452646724,4.999987506106271,4.999919776907571,4.999947256906255,-4.999999830715456,4.999997210164187,-4.9999890263728926,4.9999958455236175,-4.999982655408959
99.0,164.0,129.8842315673828,4.999997520796604,-4.999835143175165,4.999999954702763,4.999951103469015,4.999989243411213,-4.999998659921148,4.99999430298576,-4.999999992996736,4.999994041458432,-4.999989615580402
99.0,164.0,129.8845672607422,4.999997771318016,-4.999822286291194,4.99999998901268,4.999895407260838,4.999965045687393,-4.999999573467488,4.999996407817777,-4.999987838196082,4.999981655095423,-4.999991435386306
99.0,164.0,129.8842010498047,4.999977649896145,-4.9998366263243055,4.999954762619552,4.999997662910662,4.999995488521139,-4.999999923366765,4.999990157977162,-4.999995959621744,4.999995841048952,-4.999992879220102
99.0,164.0,129.88438415527344,4.999817339321789,-4.99999609217537,4.999977172154153,4.999969338509093,4.9999732470224,-4.99999882772323,4.999951273684869,-4.999988393754771,4.999996614739636,-4.999999796136742
99.0,164.0,129.884521484375,4.99996208212043,-4.99986006890637,4.999916255104582,4.999961080421386,4.999940353670054,-4.999991675651623,4.999968462367552,-4.999992856637912,4.999999440790373,-4.99999997059876
99.0,164.0,129.8843994140625,4.9999353847488415,-4.999999976667277,4.999905792585576,4.999919867350137,4.999990695638383,-4.999999761343591,4.999981517577869,-4.999970603574079,4.999998783308535,-4.999999996235013
99.0,164.0,129.8843994140625,4.999871264595214,-4.999999881000732,4.999956478432214,4.9999927853953885,4.999996754490001,-4.999999949586703,4.9999698305330496,-4.999989125793103,4.999972337462667,-4.999994597057259
99.0,164.0,129.8845672607422,4.999896517617599,-4.999857854356615,4.99994412809466,4.999956054026162,4.9999911046440815,-4.999999934696668,4.999983070550162,-4.9999788070550775,4.999999000537039,-4.99998435914833
99.0,164.0,129.8843536376953,4.999991243158885,-4.999804614542958,4.999926156765341,4.999999436290249,4.999990973038661,-4.999987459646968,4.999992533636369,-4.999997535751902,4.999993883298743,-4.999989345497066
99.0,164.0,129.88430786132812,4.999813882828303,-4.9999975132718815,4.999999996924064,4.999993599280511,4.999998845496928,-4.999999735833004,4.999964273067572,-4.999986002329524,4.999992060837489,-4.999990267670899
99.0,164.0,129.88436889648438,4.999997594494164,-4.999753428154548,4.999988357896704,4.999982665270997,4.999995457861197,-4.999999670256988,4.99998341808699,-4.999999993616118,4.999994224370083,-4.999984220620095
99.0,165.0,129.8843994140625,4.999872948963397,-4.999998352452402,4.9998658239115485,4.999999843418332,4.999979065008348,-4.999999975747288,4.999997594989167,-4.999960838224999,4.999994004555409,-4.999999905990805
99.0,165.0,129.88436889648438,4.9999543212278,-4.999864745888856,4.999912887899504,4.999964765228016,4.999993423691343,-4.999991035674806,4.999988959558559,-4.999999972798632,4.9999923679837615,-4.999992495044745
99.0,165.0,129.8844757080078,4.999763960265714,-4.999928277848476,4.999998872410751,4.999965063765008,4.999997084827543,-4.999999995672405,4.999965647975735,-4.999990604133846,4.99999570710748,-4.999988758167548
99.0,165.0,129.88458251953125,4.999764100874202,-4.999814024727932,4.999964768776828,4.999974221006195,4.999995252453933,-4.999997131733985,4.999990384862786,-4.999986367627949,4.999989309507474,-4.999993811153632
99.0,165.0,129.8843231201172,4.99996227425025,-4.999837471504604,4.999999973759981,4.999967690254605,4.999976631776931,-4.999999846230843,4.999999838512558,-4.999974954868327,4.999999205700473,-4.999991837724037
99.0,165.0,129.884521484375,4.999999458774758,-4.999750028080985,4.999975525878396,4.9999754958947245,4.999986388708461,-4.999975538740127,4.999978976151145,-4.999985296343262,4.999998364940637,-4.999991251677767
99.0,165.0,129.88450622558594,4.9999647886554985,-4.999993924294444,4.999999993876604,4.99991994841605,4.999972313301136,-4.999997991663127,4.999955538085271,-4.999969602806374,4.999986555966773,-4.999998700449712
99.0,165.0,129.88436889648438,4.999962009710644,-4.999995715652691,4.999934423626254,4.999969445162109,4.999971350839841,-4.999999055936365,4.999956840882593,-4.999985396822283,4.9999899526857785,-4.999999177748826
99.0,165.0,129.8843231201172,4.999962679341543,-4.999987452172678,4.999886676094289,4.999990131834128,4.999981039477868,-4.999999755263291,4.999998901525931,-4.999969024505278,4.999999387293743,-4.9999891634642255
99.0,165.0,129.88433837890625,4.99988337840778,-4.999960977637626,4.999934168211514,4.999953014466305,4.99998903500463,-4.999991006853319,4.999978871338591,-4.999987477591036,4.999995896431084,-4.999999795886429
99.0,165.0,129.88424682617188,4.999935259488135,-4.999999992712247,4.9999057754306175,4.999965320117185,4.999997289284957,-4.999999304570421,4.99998046516186,-4.999976680974406,4.999999506879397,-4.9999990863320605
99.0,165.0,129.88418579101562,4.999888932899291,-4.9999999727993645,4.999986626545187,4.999966189907671,4.99998132658984,-4.999991493025326,4.999971013773719,-4.999999999407406,4.999991360521831,-4.99999931505927
99.0,165.0,129.88441467285156,4.99991314277788,-4.99999902520239,4.999884709503293,4.999985415208014,4.999987780634612,-4.999980288449009,4.999985339662526,-4.999991607074994,4.999985596196391,-4.999993430861588
99.0,165.0,129.88433837890625,4.999988386332149,-4.999729387867733,4.999929567177976,4.999999676581756,4.999997588726295,-4.9999953714403285,4.999999978891728,-4.999998820221388,4.999998604300541,-4.99998745999727
99.0,165.0,129.88450622558594,4.999857453320844,-4.99981507186509,4.999979650935584,4.999991021435699,4.999999913542741,-4.999983469096669,4.999957222914306,-4.999999326897866,4.999996629912572,-4.999991199153343
99.0,165.0,129.88424682617188,4.999959353443257,-4.999999972369196,4.999901934954536,4.999944849074952,4.999980570581001,-4.999999720502827,4.999984893922774,-4.999999998310294,4.999989008179602,-4.999998829823573
99.0,165.0,129.8842315673828,4.999961501263384,-4.999944111451143,4.999979296194333,4.999944502851431,4.999953156661145,-4.999999994496389,4.999986170558982,-4.999999999484836,4.999990620866886,-4.999999127045069
99.0,165.0,129.8843994140625,4.999947207969289,-4.99987724957774,4.99986847455726,4.999982401178498,4.999979034293933,-4.99999763428801,4.999988600232534,-4.99999995060154,4.999994589712827,-4.99999271487654
99.0,165.0,129.8844451904297,4.999927409823149,-4.999900332471327,4.9999985495325925,4.999906033787415,4.9999655090115125,-4.999982985886232,4.999997740904976,-4.999997055892175,4.999998330774957,-4.999986002499334
99.0,165.0,129.8844757080078,4.999825681592128,-4.999997252294876,4.999856801605517,4.999998708748701,4.999987844183442,-4.999976632069508,4.99996888182902,-4.999993493893559,4.99999926049792,-4.9999954813504335
99.0,165.0,129.88429260253906,4.9999337957028,-4.999939507159969,4.999960270694525,4.999998443001177,4.9999968978141744,-4.99999993325435,4.999966710139217,-4.9999922911480414,4.999982177286272,-4.9999955960166185
99.0,165.0,129.88453674316406,4.9998225908550085,-4.999997088146586,4.999874256199906,4.999990511811523,4.999980181814872,-4.999996051641304,4.999949146423632,-4.999993688700868,4.99999417976025,-4.99999583927309
99.0,165.0,129.88433837890625,4.999860082607165,-4.999941007005742,4.999998878830541,4.999996030683699,4.999990629722163,-4.999999976661097,4.999962380551857,-4.999988921568837,4.999999838802358,-4.999984810881493
99.0,165.0,129.88433837890625,4.9999806101828455,-4.999738945262147,4.9999649447094345,4.999998169226098,4.999995627221278,-4.9999937725184544,4.999995666006413,-4.999999782551822,4.999993391044056,-4.9999875538511285
99.0,165.0,129.8845672607422,4.999975667673333,-4.999776281421076,4.9999724268720485,4.999953527105985,4.999946704826551,-4.999998743597755,4.99999547122302,-4.9999973881751005,4.999998996339462,-4.999978294249211
99.0,165.0,129.8844757080078,4.999914400344457,-4.99997715686646,4.999977990471283,4.999916455573052,4.999993227802442,-4.999983458350467,4.999959297519697,-4.999987463523268,4.999986718154782,-4.999999780640964
99.0,165.0,129.88446044921875,4.999845967445434,-4.999894485094682,4.999999973993695,4.999994034175755,4.999987954347528,-4.999998578887672,4.99997305632793,-4.999989300697598,4.99998832018626,-4.999985281292871
99.0,165.0,129.8844451904297,4.999851435298679,-4.999764998993049,4.999988217028927,4.999999936116604,4.999999975960078,-4.999992975592087,4.999998947396919,-4.99999091218015,4.999989556451907,-4.999989433157467
99.0,165.0,129.8843994140625,4.999994107024666,-4.999837587136877,4.999933421890237,4.9999993602591575,4.999996804672126,-4.9999884260603205,4.999990498673911,-4.99999049528909,4.999980903789649,-4.999992240896361
99.0,165.0,129.88441467285156,4.999988860449997,-4.999760441494338,4.999999982792263,4.999997805011322,4.999991016011666,-4.999974112882622,4.9999993297292615,-4.999999208960093,4.999999876018733,-4.999974248189604
99.0,165.0,129.88436889648438,4.999850402070952,-4.999889834789269,4.999989298846908,4.999985228578918,4.999992485056339,-4.999971004691966,4.999964773338258,-4.999999999590492,4.999998587983199,-4.999997188101425
99.0,165.0,129.8844451904297,4.999968165323118,-4.9999932471779855,4.99995288366026,4.9999973709650805,4.999991093229632,-4.999918050036937,4.999980606666558,-4.999972655234413,4.999998032953713,-4.999995711005233
99.0,165.0,129.88458251953125,4.999807176555158,-4.999804168405476,4.999999977611711,4.999917977900349,4.999991147628981,-4.999998265747702,4.999995112842273,-4.999981598975269,4.999988272040031,-4.999999780104467
99.0,165.0,129.88424682617188,4.999944666067019,-4.99998492341353,4.999953751135362,4.999967255359362,4.999987522926332,-4.999999680815403,4.999998715655433,-4.999977483895224,4.999995202944849,-4.999988827394378
99.0,165.0,129.88427734375,4.999808146536253,-4.999962554121447,4.999997817209856,4.999999991089994,4.999998773208295,-4.999999969828402,4.999965951477327,-4.999988183536066,4.999997704351717,-4.999991007019188
99.0,165.0,129.88441467285156,4.999935854933698,-4.999992501795751,4.999999992787009,4.999923519210747,4.999981236404752,-4.999997805590745,4.999973608361005,-4.999974660083378,4.999987581667052,-4.999994821694507
99.0,165.0,129.88438415527344,4.9999994212380585,-4.99982962672001,4.999999990451292,4.99997991173773,4.999970704629384,-4.999983895383273,4.999988577994516,-4.999978233845251,4.999996535429787,-4.999991885532356
99.0,165.0,129.88446044921875,4.999953808101817,-4.999796522385957,4.99988561565287,4.999990586083588,4.999974457583901,-4.999998328805771,4.999990559937931,-4.999998517550576,4.999989955468801,-4.999996612895485
99.0,165.0,129.884521484375,4.999929830985109,-4.999901452646724,4.999987506106271,4.999919776907571,4.999947256906255,-4.999999830715456,4.999997210164187,-4.9999890263728926,4.9999958455236175,-4.999982655408959
99.0,165.0,129.8842315673828,4.999997520796604,-4.999835143175165,4.999999954702763,4.999951103469015,4.999989243411213,-4.999998659921148,4.99999430298576,-4.999999992996736,4.999994041458432,-4.999989615580402
99.0,165.0,129.8840789794922,4.999880051533244,-4.999998383712721,4.999997803165106,4.99999999209583,4.999998231943071,-4.999999980077007,4.999996407817777,-4.999987838196082,4.999998486515685,-4.99998591128474
99.0,165.0,129.8842010498047,4.999977649896145,-4.9998366263243055,4.999954762619552,4.999997662910662,4.999995488521139,-4.999999923366765,4.999990157977162,-4.999995959621744,4.999995841048952,-4.999992879220102
99.0,165.0,129.88438415527344,4.999817339321789,-4.99999609217537,4.999977172154153,4.999969338509093,4.9999732470224,-4.99999882772323,4.999951273684869,-4.999988393754771,4.999996614739636,-4.999999796136742
99.0,165.0,129.884521484375,4.99996208212043,-4.99986006890637,4.999916255104582,4.999961080421386,4.999940353670054,-4.999991675651623,4.999968462367552,-4.999992856637912,4.999999440790373,-4.99999997059876
99.0,165.0,129.8843994140625,4.9999353847488415,-4.999999976667277,4.999905792585576,4.999919867350137,4.999990695638383,-4.999999761343591,4.999981517577869,-4.999970603574079,4.999998783308535,-4.999999996235013
99.0,165.0,129.8843994140625,4.999871264595214,-4.999999881000732,4.999956478432214,4.9999927853953885,4.999996754490001,-4.999999949586703,4.9999698305330496,-4.999989125793103,4.999972337462667,-4.999994597057259
99.0,165.0,129.88426208496094,4.999942809112571,-4.9998835066011145,4.999999964882367,4.999966875509305,4.999988878871893,-4.999999336450377,4.999988573248173,-4.99999408606139,4.999999000537039,-4.99998435914833
99.0,165.0,129.8843536376953,4.999991243158885,-4.999804614542958,4.999926156765341,4.999999436290249,4.999990973038661,-4.999987459646968,4.999992533636369,-4.999997535751902,4.999993883298743,-4.999989345497066
99.0,165.0,129.88430786132812,4.999813882828303,-4.9999975132718815,4.999999996924064,4.999993599280511,4.999998845496928,-4.999999735833004,4.999964273067572,-4.999986002329524,4.999992060837489,-4.999990267670899
99.0,165.0,129.88436889648438,4.999997594494164,-4.999753428154548,4.999988357896704,4.999982665270997,4.999995457861197,-4.999999670256988,4.99998341808699,-4.999999993616118,4.999994224370083,-4.999984220620095
99.0,166.0,129.8843994140625,4.999872948963397,-4.999998352452402,4.9998658239115485,4.999999843418332,4.999979065008348,-4.999999975747288,4.999997594989167,-4.999960838224999,4.999994004555409,-4.999999905990805
99.0,166.0,129.88436889648438,4.9999543212278,-4.999864745888856,4.999912887899504,4.999964765228016,4.999993423691343,-4.999991035674806,4.999988959558559,-4.999999972798632,4.9999923679837615,-4.999992495044745
99.0,166.0,129.8844757080078,4.999763960265714,-4.999928277848476,4.999998872410751,4.999965063765008,4.999997084827543,-4.999999995672405,4.999965647975735,-4.999990604133846,4.99999570710748,-4.999988758167548
99.0,166.0,129.88458251953125,4.999764100874202,-4.999814024727932,4.999964768776828,4.999974221006195,4.999995252453933,-4.999997131733985,4.999990384862786,-4.999986367627949,4.999989309507474,-4.999993811153632
99.0,166.0,129.8843231201172,4.99996227425025,-4.999837471504604,4.999999973759981,4.999967690254605,4.999976631776931,-4.999999846230843,4.999999838512558,-4.999974954868327,4.999999205700473,-4.999991837724037
99.0,166.0,129.8844451904297,4.99998592122915,-4.999912249122958,4.999999998533767,4.9999588461963125,4.999974709742514,-4.999998072674714,4.999959858284917,-4.999982280830206,4.999985084836982,-4.999995141942257
99.0,166.0,129.88441467285156,4.9998596217466185,-4.99992048764717,4.999969796356003,4.9999960576656886,4.999996435686089,-4.999965845923249,4.999962287063703,-4.999996553147486,4.999989541708292,-4.999998700449712
99.0,166.0,129.88436889648438,4.999962009710644,-4.999995715652691,4.999934423626254,4.999969445162109,4.999971350839841,-4.999999055936365,4.999956840882593,-4.999985396822283,4.9999899526857785,-4.999999177748826
99.0,166.0,129.8843231201172,4.999962679341543,-4.999987452172678,4.999886676094289,4.999990131834128,4.999981039477868,-4.999999755263291,4.999998901525931,-4.999969024505278,4.999999387293743,-4.9999891634642255
99.0,166.0,129.88433837890625,4.99988337840778,-4.999960977637626,4.999934168211514,4.999953014466305,4.99998903500463,-4.999991006853319,4.999978871338591,-4.999987477591036,4.999995896431084,-4.999999795886429
99.0,166.0,129.88424682617188,4.999935259488135,-4.999999992712247,4.9999057754306175,4.999965320117185,4.999997289284957,-4.999999304570421,4.99998046516186,-4.999976680974406,4.999999506879397,-4.9999990863320605
99.0,166.0,129.88418579101562,4.999888932899291,-4.9999999727993645,4.999986626545187,4.999966189907671,4.99998132658984,-4.999991493025326,4.999971013773719,-4.999999999407406,4.999991360521831,-4.99999931505927
99.0,166.0,129.88441467285156,4.99991314277788,-4.99999902520239,4.999884709503293,4.999985415208014,4.999987780634612,-4.999980288449009,4.999985339662526,-4.999991607074994,4.999985596196391,-4.999993430861588
99.0,166.0,129.8842315673828,4.999767671745348,-4.999999485433489,4.999980196157388,4.9999882000932665,4.999999876637687,-4.999999988607284,4.999991935384539,-4.999981417530011,4.999993203260056,-4.999995692766754
99.0,166.0,129.88450622558594,4.999857453320844,-4.99981507186509,4.999979650935584,4.999991021435699,4.999999913542741,-4.999983469096669,4.999957222914306,-4.999999326897866,4.999996629912572,-4.999991199153343
99.0,166.0,129.88424682617188,4.999959353443257,-4.999999972369196,4.999901934954536,4.999944849074952,4.999980570581001,-4.999999720502827,4.999984893922774,-4.999999998310294,4.999989008179602,-4.999998829823573
99.0,166.0,129.8842315673828,4.999961501263384,-4.999944111451143,4.999979296194333,4.999944502851431,4.999953156661145,-4.999999994496389,4.999986170558982,-4.999999999484836,4.999990620866886,-4.999999127045069
99.0,166.0,129.8843536376953,4.999934344974172,-4.999703267781611,4.999952564763117,4.999999006441065,4.99999735697256,-4.99999763428801,4.999990865834377,-4.99999995060154,4.999999775388311,-4.99999271487654
99.0,166.0,129.88433837890625,4.999996266869217,-4.999803872968387,4.9999487528069455,4.999976156569426,4.999987850483698,-4.999986827924159,4.999994606140668,-4.999999552439398,4.999998330774957,-4.999987713677216
99.0,166.0,129.88438415527344,4.999899467770548,-4.999998196617916,4.999907626971505,4.9999778485935735,4.999993818804597,-4.999990619463773,4.999958686697794,-4.999985662815732,4.999992950012165,-4.999999859142269
99.0,166.0,129.88429260253906,4.9999337957028,-4.999939507159969,4.999960270694525,4.999998443001177,4.9999968978141744,-4.99999993325435,4.999966710139217,-4.9999922911480414,4.999982177286272,-4.9999955960166185
99.0,166.0,129.88453674316406,4.9998225908550085,-4.999997088146586,4.999874256199906,4.999990511811523,4.999980181814872,-4.999996051641304,4.999949146423632,-4.999993688700868,4.99999417976025,-4.99999583927309
99.0,166.0,129.88433837890625,4.999860082607165,-4.999941007005742,4.999998878830541,4.999996030683699,4.999990629722163,-4.999999976661097,4.999962380551857,-4.999988921568837,4.999999838802358,-4.999984810881493
99.0,166.0,129.88433837890625,4.9999806101828455,-4.999738945262147,4.9999649447094345,4.999998169226098,4.999995627221278,-4.9999937725184544,4.999995666006413,-4.999999782551822,4.999993391044056,-4.9999875538511285
99.0,166.0,129.8845672607422,4.999975667673333,-4.999776281421076,4.9999724268720485,4.999953527105985,4.999946704826551,-4.999998743597755,4.99999547122302,-4.9999973881751005,4.999998996339462,-4.999978294249211
99.0,166.0,129.88446044921875,4.999998506336478,-4.999900472161207,4.999812373189134,4.999979451753712,4.999974239171785,-4.999997523589107,4.999990124655082,-4.99999000206976,4.999994363958519,-4.999994891167907
99.0,166.0,129.88446044921875,4.999845967445434,-4.999894485094682,4.999999973993695,4.999994034175755,4.999987954347528,-4.999998578887672,4.99997305632793,-4.999989300697598,4.99998832018626,-4.999985281292871
99.0,166.0,129.88421630859375,4.999997799109628,-4.999851340307933,4.999988217028927,4.999991688693475,4.9999985286891855,-4.999999826882976,4.999976094246784,-4.999997534615686,4.999999841789766,-4.999983873733892
99.0,166.0,129.88438415527344,4.9999679173273055,-4.999859643872561,4.999933421890237,4.999997255538012,4.999998983951931,-4.999999668476532,4.99998452534497,-4.99999645244995,4.999980903789649,-4.999989139932248
99.0,166.0,129.88441467285156,4.999988860449997,-4.999760441494338,4.999999982792263,4.999997805011322,4.999991016011666,-4.999974112882622,4.9999993297292615,-4.999999208960093,4.999999876018733,-4.999974248189604
99.0,166.0,129.88436889648438,4.999850402070952,-4.999889834789269,4.999989298846908,4.999985228578918,4.999992485056339,-4.999971004691966,4.999964773338258,-4.999999999590492,4.999998587983199,-4.999997188101425
99.0,166.0,129.8843994140625,4.9998018942699485,-4.9999992734679095,4.999999999742322,4.9999973709650805,4.999985245158105,-4.999999897716905,4.9999675981807,-4.999981256740682,4.999995005864896,-4.999983288927636
99.0,166.0,129.88458251953125,4.999807176555158,-4.999804168405476,4.999999977611711,4.999917977900349,4.999991147628981,-4.999998265747702,4.999995112842273,-4.999981598975269,4.999988272040031,-4.999999780104467
99.0,166.0,129.88424682617188,4.999944666067019,-4.99998492341353,4.999953751135362,4.999967255359362,4.999987522926332,-4.999999680815403,4.999998715655433,-4.999977483895224,4.999995202944849,-4.999988827394378
99.0,166.0,129.88427734375,4.999808146536253,-4.999962554121447,4.999997817209856,4.999999991089994,4.999998773208295,-4.999999969828402,4.999965951477327,-4.999988183536066,4.999997704351717,-4.999991007019188
99.0,166.0,129.8843536376953,4.999928262254603,-4.999992888961833,4.999998062190393,4.999934282556639,4.999994619680586,-4.999992592846631,4.999984064299015,-4.999971240356087,4.999991267165826,-4.99999236027659
99.0,166.0,129.8843536376953,4.999975503276826,-4.99981589314586,4.999963095559526,4.999966163169477,4.9999949274226445,-4.999999107775117,4.999997546140593,-4.999994072757003,4.999999504268004,-4.999980949141068
99.0,166.0,129.88433837890625,4.9999539182611485,-4.999977264242415,4.999905194734118,4.999960442895859,4.999985258024923,-4.999998328805771,4.999968891164666,-4.999999999722522,4.999982495350314,-4.999999940986162
99.0,166.0,129.88446044921875,4.999930411692958,-4.99990301204601,4.99998664485911,4.999992581831347,4.999996849713113,-4.999993691536544,4.99996729985665,-4.999996222974057,4.999972276834334,-4.999989316810389
99.0,166.0,129.8842315673828,4.999997520796604,-4.999835143175165,4.999999954702763,4.999951103469015,4.999989243411213,-4.999998659921148,4.99999430298576,-4.999999992996736,4.999994041458432,-4.999989615580402
99.0,166.0,129.8840789794922,4.999880051533244,-4.999998383712721,4.999997803165106,4.99999999209583,4.999998231943071,-4.999999980077007,4.999996407817777,-4.999987838196082,4.999998486515685,-4.99998591128474
99.0,166.0,129.8842010498047,4.999977649896145,-4.9998366263243055,4.999954762619552,4.999997662910662,4.999995488521139,-4.999999923366765,4.999990157977162,-4.999995959621744,4.999995841048952,-4.999992879220102
99.0,166.0,129.8843231201172,4.999999052281407,-4.99980954998096,4.9999999784229,4.999942717959389,4.999991485822481,-4.99999917843199,4.999989745211071,-4.99999999575769,4.999994211994102,-4.999987053141917
99.0,166.0,129.88430786132812,4.999993641455663,-4.99986006890637,4.999918401586951,4.999960087559317,4.999995660179388,-4.999993664859701,4.999997334016684,-4.999990623554443,4.999992863297145,-4.999995146527889
99.0,166.0,129.8843994140625,4.9999353847488415,-4.999999976667277,4.999905792585576,4.999919867350137,4.999990695638383,-4.999999761343591,4.999981517577869,-4.999970603574079,4.999998783308535,-4.999999996235013
99.0,166.0,129.8843994140625,4.999871264595214,-4.999999881000732,4.999956478432214,4.9999927853953885,4.999996754490001,-4.999999949586703,4.9999698305330496,-4.999989125793103,4.999972337462667,-4.999994597057259
99.0,166.0,129.88426208496094,4.999942809112571,-4.9998835066011145,4.999999964882367,4.999966875509305,4.999988878871893,-4.999999336450377,4.999988573248173,-4.99999408606139,4.999999000537039,-4.99998435914833
99.0,166.0,129.8843536376953,4.999991243158885,-4.999804614542958,4.999926156765341,4.999999436290249,4.999990973038661,-4.999987459646968,4.999992533636369,-4.999997535751902,4.999993883298743,-4.999989345497066
99.0,166.0,129.88430786132812,4.999813882828303,-4.9999975132718815,4.999999996924064,4.999993599280511,4.999998845496928,-4.999999735833004,4.999964273067572,-4.999986002329524,4.999992060837489,-4.999990267670899
99.0,166.0,129.88436889648438,4.999997594494164,-4.999753428154548,4.999988357896704,4.999982665270997,4.999995457861197,-4.999999670256988,4.99998341808699,-4.999999993616118,4.999994224370083,-4.999984220620095
99.0,167.0,129.8843536376953,4.999872948963397,-4.999998352452402,4.999951505214336,4.999988904602983,4.999972199236428,-4.999999406927249,4.99995360679144,-4.999990060345832,4.9999934087313616,-4.999997961923151
99.0,167.0,129.88436889648438,4.9999543212278,-4.999864745888856,4.999912887899504,4.999964765228016,4.999993423691343,-4.999991035674806,4.999988959558559,-4.999999972798632,4.9999923679837615,-4.999992495044745
99.0,167.0,129.8844757080078,4.999763960265714,-4.999928277848476,4.999998872410751,4.999965063765008,4.999997084827543,-4.999999995672405,4.999965647975735,-4.999990604133846,4.99999570710748,-4.999988758167548
99.0,167.0,129.88453674316406,4.999764100874202,-4.999910149060792,4.99991233722489,4.999963451983216,4.999994100818772,-4.999991110395587,4.999990384862786,-4.999999990208651,4.999990618687265,-4.999990955266501
99.0,167.0,129.8843231201172,4.99996227425025,-4.999837471504604,4.999999973759981,4.999967690254605,4.999976631776931,-4.999999846230843,4.999999838512558,-4.999974954868327,4.999999205700473,-4.999991837724037
99.0,167.0,129.88442993164062,4.999760186468047,-4.999999636656876,4.999946152894756,4.999984434555,4.999974709742514,-4.999999904555547,4.999996307158924,-4.9999679499717775,4.999994976382451,-4.999995141942257
99.0,167.0,129.88441467285156,4.9998596217466185,-4.99992048764717,4.999969796356003,4.9999960576656886,4.999996435686089,-4.999965845923249,4.999962287063703,-4.999996553147486,4.999989541708292,-4.999998700449712
99.0,167.0,129.8843536376953,4.999942872652479,-4.9999892905046535,4.9998925635655285,4.999952191845099,4.999984992805647,-4.999998047564835,4.999975955191466,-4.999997039292965,4.999985135299275,-4.999998305246648
99.0,167.0,129.88429260253906,4.999962679341543,-4.99994301429113,4.999999999758571,4.999999532131159,4.999981039477868,-4.999996251151423,4.999977632377647,-4.999981243278737,4.999999942181621,-4.999979565956927
99.0,167.0,129.88433837890625,4.99988337840778,-4.999960977637626,4.999934168211514,4.999953014466305,4.99998903500463,-4.999991006853319,4.999978871338591,-4.999987477591036,4.999995896431084,-4.999999795886429
99.0,167.0,129.88424682617188,4.999935259488135,-4.999999992712247,4.9999057754306175,4.999965320117185,4.999997289284957,-4.999999304570421,4.99998046516186,-4.999976680974406,4.999999506879397,-4.9999990863320605
99.0,167.0,129.88409423828125,4.99988710911411,-4.999999419024231,4.999997255583528,4.99999999770837,4.999999569630388,-4.999999996049446,4.999991069929741,-4.999987648631702,4.999998720887232,-4.999985676079051
99.0,167.0,129.88441467285156,4.99991314277788,-4.99999902520239,4.999884709503293,4.999985415208014,4.999987780634612,-4.999980288449009,4.999985339662526,-4.999991607074994,4.999985596196391,-4.999993430861588
99.0,167.0,129.8842315673828,4.999767671745348,-4.999999485433489,4.999980196157388,4.9999882000932665,4.999999876637687,-4.999999988607284,4.999991935384539,-4.999981417530011,4.999993203260056,-4.999995692766754
99.0,167.0,129.88450622558594,4.999857453320844,-4.99981507186509,4.999979650935584,4.999991021435699,4.999999913542741,-4.999983469096669,4.999957222914306,-4.999999326897866,4.999996629912572,-4.999991199153343
99.0,167.0,129.88424682617188,4.999959353443257,-4.999999972369196,4.999901934954536,4.999944849074952,4.999980570581001,-4.999999720502827,4.999984893922774,-4.999999998310294,4.999989008179602,-4.999998829823573
99.0,167.0,129.88421630859375,4.999943800223977,-4.99991367905273,4.999991132756119,4.999944502851431,4.999996470342211,-4.9999999263348816,4.999985916625244,-4.999993371784711,4.999997422891784,-4.999991651633776
99.0,167.0,129.8843536376953,4.999934344974172,-4.999703267781611,4.999952564763117,4.999999006441065,4.99999735697256,-4.99999763428801,4.999990865834377,-4.99999995060154,4.999999775388311,-4.99999271487654
99.0,167.0,129.88433837890625,4.999996266869217,-4.999803872968387,4.9999487528069455,4.999976156569426,4.999987850483698,-4.999986827924159,4.999994606140668,-4.999999552439398,4.999998330774957,-4.999987713677216
99.0,167.0,129.88430786132812,4.99990869296683,-4.999999999403968,4.999888542483836,4.9999778485935735,4.99999178640353,-4.999999231536634,4.999991775866185,-4.999966655614175,4.999997187456938,-4.999999964691287
99.0,167.0,129.88417053222656,4.999982858872308,-4.999884804312854,4.999973214106673,4.99999400442408,4.999985379681074,-4.999999405816563,4.999971314049325,-4.999990063658346,4.999998821127028,-4.999999975620696
99.0,167.0,129.8844757080078,4.999967623407865,-4.999901022989926,4.999828902423058,4.999990511811523,4.999981928948626,-4.999993756712319,4.999998639970557,-4.999968977730609,4.9999934432723325,-4.99999991891295
99.0,167.0,129.88433837890625,4.999860082607165,-4.999941007005742,4.999998878830541,4.999996030683699,4.999990629722163,-4.999999976661097,4.999962380551857,-4.999988921568837,4.999999838802358,-4.999984810881493
99.0,167.0,129.88417053222656,4.99996113887883,-4.999999972583845,4.999909648644817,4.999951838618488,4.999982882672878,-4.9999999993257935,4.99998566918365,-4.999999782551822,4.9999909550558925,-4.999999770630135
99.0,167.0,129.88426208496094,4.999998989651053,-4.999809558003445,4.999999969845421,4.999965444342912,4.999994782645769,-4.999998950045406,4.999989219003067,-4.999999996467677,4.999994573779533,-4.999986598190441
99.0,167.0,129.88446044921875,4.999998506336478,-4.999900472161207,4.999812373189134,4.999979451753712,4.999974239171785,-4.999997523589107,4.999990124655082,-4.99999000206976,4.999994363958519,-4.999994891167907
99.0,167.0,129.88446044921875,4.999845967445434,-4.999894485094682,4.999999973993695,4.999994034175755,4.999987954347528,-4.999998578887672,4.99997305632793,-4.999989300697598,4.99998832018626,-4.999985281292871
99.0,167.0,129.88421630859375,4.999997799109628,-4.999851340307933,4.999988217028927,4.999991688693475,4.9999985286891855,-4.999999826882976,4.999976094246784,-4.999997534615686,4.999999841789766,-4.999983873733892
99.0,167.0,129.88438415527344,4.9999679173273055,-4.999859643872561,4.999933421890237,4.999997255538012,4.999998983951931,-4.999999668476532,4.99998452534497,-4.99999645244995,4.999980903789649,-4.999989139932248
99.0,167.0,129.88441467285156,4.999988860449997,-4.999760441494338,4.999999982792263,4.999997805011322,4.999991016011666,-4.999974112882622,4.9999993297292615,-4.999999208960093,4.999999876018733,-4.999974248189604
99.0,167.0,129.88436889648438,4.999850402070952,-4.999889834789269,4.999989298846908,4.999985228578918,4.999992485056339,-4.999971004691966,4.999964773338258,-4.999999999590492,4.999998587983199,-4.999997188101425
99.0,167.0,129.8843994140625,4.9998018942699485,-4.9999992734679095,4.999999999742322,4.9999973709650805,4.999985245158105,-4.999999897716905,4.9999675981807,-4.999981256740682,4.999995005864896,-4.999983288927636
99.0,167.0,129.884521484375,4.999974467173479,-4.99994041412239,4.999942870423891,4.999917977900349,4.999989373426988,-4.999998575210911,4.9999991233538505,-4.999970291641873,4.999988435830785,-4.999985902232875
99.0,167.0,129.88424682617188,4.999944666067019,-4.99998492341353,4.999953751135362,4.999967255359362,4.999987522926332,-4.999999680815403,4.999998715655433,-4.999977483895224,4.999995202944849,-4.999988827394378
99.0,167.0,129.88427734375,4.999808146536253,-4.999962554121447,4.999997817209856,4.999999991089994,4.999998773208295,-4.999999969828402,4.999965951477327,-4.999988183536066,4.999997704351717,-4.999991007019188
99.0,167.0,129.8843536376953,4.999928262254603,-4.999992888961833,4.999998062190393,4.999934282556639,4.999994619680586,-4.999992592846631,4.999984064299015,-4.999971240356087,4.999991267165826,-4.99999236027659
99.0,167.0,129.8843536376953,4.999975503276826,-4.99981589314586,4.999963095559526,4.999966163169477,4.9999949274226445,-4.999999107775117,4.999997546140593,-4.999994072757003,4.999999504268004,-4.999980949141068
99.0,167.0,129.88433837890625,4.9999539182611485,-4.999977264242415,4.999905194734118,4.999960442895859,4.999985258024923,-4.999998328805771,4.999968891164666,-4.999999999722522,4.999982495350314,-4.999999940986162
99.0,167.0,129.88441467285156,4.99997797860648,-4.999878522413784,4.999905883910033,4.9999782554853525,4.999993164057305,-4.999998866252242,4.999985615857694,-4.999997720047544,4.99998106282167,-4.99999131241702
99.0,167.0,129.8842315673828,4.999997520796604,-4.999835143175165,4.999999954702763,4.999951103469015,4.999989243411213,-4.999998659921148,4.99999430298576,-4.999999992996736,4.999994041458432,-4.999989615580402
99.0,167.0,129.8840789794922,4.999880051533244,-4.999998383712721,4.999997803165106,4.99999999209583,4.999998231943071,-4.999999980077007,4.999996407817777,-4.999987838196082,4.999998486515685,-4.99998591128474
99.0,167.0,129.8842010498047,4.999977649896145,-4.9998366263243055,4.999954762619552,4.999997662910662,4.999995488521139,-4.999999923366765,4.999990157977162,-4.999995959621744,4.999995841048952,-4.999992879220102
99.0,167.0,129.88427734375,4.9999378098277925,-4.999948973536821,4.9999935063744125,4.999988363246045,4.999998575524803,-4.999999920303487,4.999964742695124,-4.999993329636287,4.999989068871728,-4.999986499513988
99.0,167.0,129.88430786132812,4.999993641455663,-4.99986006890637,4.999918401586951,4.999960087559317,4.999995660179388,-4.999993664859701,4.999997334016684,-4.999990623554443,4.999992863297145,-4.999995146527889
99.0,167.0,129.8843994140625,4.9999353847488415,-4.999999976667277,4.999905792585576,4.999919867350137,4.999990695638383,-4.999999761343591,4.999981517577869,-4.999970603574079,4.999998783308535,-4.999999996235013
99.0,167.0,129.8843994140625,4.999871264595214,-4.999999881000732,4.999956478432214,4.9999927853953885,4.999996754490001,-4.999999949586703,4.9999698305330496,-4.999989125793103,4.999972337462667,-4.999994597057259
99.0,167.0,129.88426208496094,4.999942809112571,-4.9998835066011145,4.999999964882367,4.999966875509305,4.999988878871893,-4.999999336450377,4.999988573248173,-4.99999408606139,4.999999000537039,-4.99998435914833
99.0,167.0,129.8843536376953,4.999991243158885,-4.999804614542958,4.999926156765341,4.999999436290249,4.999990973038661,-4.999987459646968,4.999992533636369,-4.999997535751902,4.999993883298743,-4.999989345497066
99.0,167.0,129.88430786132812,4.999813882828303,-4.9999975132718815,4.999999996924064,4.999993599280511,4.999998845496928,-4.999999735833004,4.999964273067572,-4.999986002329524,4.999992060837489,-4.999990267670899
99.0,167.0,129.8843536376953,4.999853474046562,-4.999994667244895,4.999979373193922,4.999975976714905,4.999993020432947,-4.99999997371959,4.999983549118886,-4.999970708840287,4.999994224370083,-4.99999010439122
99.0,168.0,129.88421630859375,4.999994861945795,-4.999958041707764,4.999894418086312,4.999945651697439,4.9999800969985255,-4.999999859154117,4.999998829379504,-4.999999701547423,4.999992157849933,-4.999995919208768
99.0,168.0,129.88436889648438,4.9999543212278,-4.999864745888856,4.999912887899504,4.999964765228016,4.999993423691343,-4.999991035674806,4.999988959558559,-4.999999972798632,4.9999923679837615,-4.999992495044745
99.0,168.0,129.88438415527344,4.999916999743046,-4.999952959312571,4.999944029075296,4.999965063765008,4.999999606978856,-4.999999958197096,4.999965647975735,-4.999982107791868,4.999997238322116,-4.999991943830108
99.0,168.0,129.88449096679688,4.9998277911853615,-4.999999998782744,4.999909283610934,4.99991696518473,4.999997944116689,-4.9999998027248695,4.999991828245475,-4.999966280509911,4.999995974375048,-4.999997854808042
99.0,168.0,129.88426208496094,4.999976410035087,-4.999924754855991,4.9999005788016495,4.999984866857058,4.999988667734204,-4.999980227097145,4.999999838512558,-4.999995811486286,4.99999934835994,-4.999988069199905
99.0,168.0,129.88427734375,4.999979364828304,-4.99978436954773,4.999943970837585,4.999999947410465,4.999994673379391,-4.999999904555547,4.999984241498924,-4.999997983928536,4.999994976382451,-4.999995141942257
99.0,168.0,129.88438415527344,4.999888221836301,-4.999976399427768,4.999946458837647,4.9999960576656886,4.999988115186797,-4.999965845923249,4.999990848254395,-4.999971446471044,4.99999614216688,-4.999994868498984
99.0,168.0,129.88424682617188,4.999906076116227,-4.999999635351708,4.999997819249313,4.999999998529347,4.99999364979567,-4.9999999470716965,4.999992045032224,-4.99998297493512,4.999985135299275,-4.999982941459095
99.0,168.0,129.88429260253906,4.999962679341543,-4.99994301429113,4.999999999758571,4.999999532131159,4.999981039477868,-4.999996251151423,4.999977632377647,-4.999981243278737,4.999999942181621,-4.999979565956927
99.0,168.0,129.88433837890625,4.99988337840778,-4.999960977637626,4.999934168211514,4.999953014466305,4.99998903500463,-4.999991006853319,4.999978871338591,-4.999987477591036,4.999995896431084,-4.999999795886429
99.0,168.0,129.88424682617188,4.999935259488135,-4.999999992712247,4.9999057754306175,4.999965320117185,4.999997289284957,-4.999999304570421,4.99998046516186,-4.999976680974406,4.999999506879397,-4.9999990863320605
99.0,168.0,129.88409423828125,4.99988710911411,-4.999999419024231,4.999997255583528,4.99999999770837,4.999999569630388,-4.999999996049446,4.999991069929741,-4.999987648631702,4.999998720887232,-4.999985676079051
99.0,168.0,129.88441467285156,4.99991314277788,-4.99999902520239,4.999884709503293,4.999985415208014,4.999987780634612,-4.999980288449009,4.999985339662526,-4.999991607074994,4.999985596196391,-4.999993430861588
99.0,168.0,129.8842315673828,4.999767671745348,-4.999999485433489,4.999980196157388,4.9999882000932665,4.999999876637687,-4.999999988607284,4.999991935384539,-4.999981417530011,4.999993203260056,-4.999995692766754
99.0,168.0,129.8844451904297,4.999857453320844,-4.999810792385778,4.999882233429872,4.999991021435699,4.999999913542741,-4.999994258421032,4.9999997265129625,-4.999989821051826,4.999997247178209,-4.999995876681048
99.0,168.0,129.88424682617188,4.999959353443257,-4.999999972369196,4.999901934954536,4.999944849074952,4.999980570581001,-4.999999720502827,4.999984893922774,-4.999999998310294,4.999989008179602,-4.999998829823573
99.0,168.0,129.88421630859375,4.999943800223977,-4.99991367905273,4.999991132756119,4.999944502851431,4.999996470342211,-4.9999999263348816,4.999985916625244,-4.999993371784711,4.999997422891784,-4.999991651633776
99.0,168.0,129.8843536376953,4.999934344974172,-4.999703267781611,4.999952564763117,4.999999006441065,4.99999735697256,-4.99999763428801,4.999990865834377,-4.99999995060154,4.999999775388311,-4.99999271487654
99.0,168.0,129.88430786132812,4.999996266869217,-4.999902498644989,4.999966094015024,4.999960147035277,4.99998349998946,-4.999999358490767,4.999999064016577,-4.999989139906389,4.999992470234366,-4.999984092018549
99.0,168.0,129.88430786132812,4.99990869296683,-4.999999999403968,4.999888542483836,4.9999778485935735,4.99999178640353,-4.999999231536634,4.999991775866185,-4.999966655614175,4.999997187456938,-4.999999964691287
99.0,168.0,129.88417053222656,4.999982858872308,-4.999884804312854,4.999973214106673,4.99999400442408,4.999985379681074,-4.999999405816563,4.999971314049325,-4.999990063658346,4.999998821127028,-4.999999975620696
99.0,168.0,129.8844757080078,4.999967623407865,-4.999901022989926,4.999828902423058,4.999990511811523,4.999981928948626,-4.999993756712319,4.999998639970557,-4.999968977730609,4.9999934432723325,-4.99999991891295
99.0,168.0,129.88433837890625,4.999860082607165,-4.999941007005742,4.999998878830541,4.999996030683699,4.999990629722163,-4.999999976661097,4.999962380551857,-4.999988921568837,4.999999838802358,-4.999984810881493
99.0,168.0,129.88417053222656,4.99996113887883,-4.999999972583845,4.999909648644817,4.999951838618488,4.999982882672878,-4.9999999993257935,4.99998566918365,-4.999999782551822,4.9999909550558925,-4.999999770630135
99.0,168.0,129.88426208496094,4.999998989651053,-4.999809558003445,4.999999969845421,4.999965444342912,4.999994782645769,-4.999998950045406,4.999989219003067,-4.999999996467677,4.999994573779533,-4.999986598190441
99.0,168.0,129.8844451904297,4.999817453856004,-4.999943334501207,4.999962729765757,4.999989864400119,4.999993658140161,-4.999965872631301,4.999971690275583,-4.999985242749487,4.999994363958519,-4.999999585059784
99.0,168.0,129.88446044921875,4.999845967445434,-4.999894485094682,4.999999973993695,4.999994034175755,4.999987954347528,-4.999998578887672,4.99997305632793,-4.999989300697598,4.99998832018626,-4.999985281292871
99.0,168.0,129.88421630859375,4.999997799109628,-4.999851340307933,4.999988217028927,4.999991688693475,4.9999985286891855,-4.999999826882976,4.999976094246784,-4.999997534615686,4.999999841789766,-4.999983873733892
99.0,168.0,129.88438415527344,4.9999679173273055,-4.999859643872561,4.999933421890237,4.999997255538012,4.999998983951931,-4.999999668476532,4.99998452534497,-4.99999645244995,4.999980903789649,-4.999989139932248
99.0,168.0,129.88441467285156,4.999988860449997,-4.999760441494338,4.999999982792263,4.999997805011322,4.999991016011666,-4.999974112882622,4.9999993297292615,-4.999999208960093,4.999999876018733,-4.999974248189604
99.0,168.0,129.88436889648438,4.999850402070952,-4.999889834789269,4.999989298846908,4.999985228578918,4.999992485056339,-4.999971004691966,4.999964773338258,-4.999999999590492,4.999998587983199,-4.999997188101425
99.0,168.0,129.88426208496094,4.999911032668372,-4.999947142802738,4.9999600208400174,4.999972944503325,4.999980958241293,-4.999999999385598,4.99999681094114,-4.999989257275051,4.9999960279358735,-4.999988626216608
99.0,168.0,129.8842010498047,4.999975963609977,-4.999999980687692,4.999913900803915,4.999959220376944,4.999989373426988,-4.999999999698029,4.999987656467221,-4.999993701854617,4.999990904322136,-4.999994132221792
99.0,168.0,129.88424682617188,4.999944666067019,-4.99998492341353,4.999953751135362,4.999967255359362,4.999987522926332,-4.999999680815403,4.999998715655433,-4.999977483895224,4.999995202944849,-4.999988827394378
99.0,168.0,129.88427734375,4.999808146536253,-4.999962554121447,4.999997817209856,4.999999991089994,4.999998773208295,-4.999999969828402,4.999965951477327,-4.999988183536066,4.999997704351717,-4.999991007019188
99.0,168.0,129.88401794433594,4.99983637250356,-4.999999281332454,4.999998785326406,4.99999999754539,4.9999986691068985,-4.99999998249809,4.999992381105722,-4.999996516690997,4.999998661862912,-4.99999236027659
99.0,168.0,129.88424682617188,4.99988558632589,-4.9999513059899625,4.999982332082068,4.99998560777434,4.999999715257537,-4.999996485192623,4.999967813618104,-4.999994072757003,4.999999504268004,-4.999988494439392
99.0,168.0,129.88433837890625,4.9999539182611485,-4.999977264242415,4.999905194734118,4.999960442895859,4.999985258024923,-4.999998328805771,4.999968891164666,-4.999999999722522,4.999982495350314,-4.999999940986162
99.0,168.0,129.88441467285156,4.99997797860648,-4.999878522413784,4.999905883910033,4.9999782554853525,4.999993164057305,-4.999998866252242,4.999985615857694,-4.999997720047544,4.99998106282167,-4.99999131241702
99.0,168.0,129.8842315673828,4.999997520796604,-4.999835143175165,4.999999954702763,4.999951103469015,4.999989243411213,-4.999998659921148,4.99999430298576,-4.999999992996736,4.999994041458432,-4.999989615580402
99.0,168.0,129.8840789794922,4.999880051533244,-4.999998383712721,4.999997803165106,4.99999999209583,4.999998231943071,-4.999999980077007,4.999996407817777,-4.999987838196082,4.999998486515685,-4.99998591128474
99.0,168.0,129.8842010498047,4.999977649896145,-4.9998366263243055,4.999954762619552,4.999997662910662,4.999995488521139,-4.999999923366765,4.999990157977162,-4.999995959621744,4.999995841048952,-4.999992879220102
99.0,168.0,129.88427734375,4.9999378098277925,-4.999948973536821,4.9999935063744125,4.999988363246045,4.999998575524803,-4.999999920303487,4.999964742695124,-4.999993329636287,4.999989068871728,-4.999986499513988
99.0,168.0,129.88430786132812,4.999993641455663,-4.99986006890637,4.999918401586951,4.999960087559317,4.999995660179388,-4.999993664859701,4.999997334016684,-4.999990623554443,4.999992863297145,-4.999995146527889
99.0,168.0,129.8843994140625,4.9999353847488415,-4.999999976667277,4.999905792585576,4.999919867350137,4.999990695638383,-4.999999761343591,4.999981517577869,-4.999970603574079,4.999998783308535,-4.999999996235013
99.0,168.0,129.8843994140625,4.999871264595214,-4.999999881000732,4.999956478432214,4.9999927853953885,4.999996754490001,-4.999999949586703,4.9999698305330496,-4.999989125793103,4.999972337462667,-4.999994597057259
99.0,168.0,129.88426208496094,4.999942809112571,-4.9998835066011145,4.999999964882367,4.999966875509305,4.999988878871893,-4.999999336450377,4.999988573248173,-4.99999408606139,4.999999000537039,-4.99998435914833
99.0,168.0,129.8843536376953,4.999991243158885,-4.999804614542958,4.999926156765341,4.999999436290249,4.999990973038661,-4.999987459646968,4.999992533636369,-4.999997535751902,4.999993883298743,-4.999989345497066
99.0,168.0,129.88430786132812,4.999813882828303,-4.9999975132718815,4.999999996924064,4.999993599280511,4.999998845496928,-4.999999735833004,4.999964273067572,-4.999986002329524,4.999992060837489,-4.999990267670899
99.0,168.0,129.88429260253906,4.999979643954873,-4.999918068451776,4.999988231985501,4.999993891407991,4.999991657105236,-4.999998477435985,4.9999703009340735,-4.999988158021216,4.999999994772765,-4.999980357617135
99.0,169.0,129.88421630859375,4.999994861945795,-4.999958041707764,4.999894418086312,4.999945651697439,4.9999800969985255,-4.999999859154117,4.999998829379504,-4.999999701547423,4.999992157849933,-4.999995919208768
99.0,169.0,129.88436889648438,4.9999543212278,-4.999864745888856,4.999912887899504,4.999964765228016,4.999993423691343,-4.999991035674806,4.999988959558559,-4.999999972798632,4.9999923679837615,-4.999992495044745
99.0,169.0,129.88409423828125,4.999898757014417,-4.9999999918933575,4.999964900274014,4.999978489599673,4.9999987722716215,-4.999995511145558,4.999999315323108,-4.999986926642801,4.999996749701595,-4.999993168581518
99.0,169.0,129.8843231201172,4.9998277911853615,-4.999947331993893,4.999971424915831,4.999962318030389,4.999979550505948,-4.999999433379827,4.999992207169113,-4.999984833382964,4.999992468740662,-4.999997854808042
99.0,169.0,129.88426208496094,4.999976410035087,-4.999924754855991,4.9999005788016495,4.999984866857058,4.999988667734204,-4.999980227097145,4.999999838512558,-4.999995811486286,4.99999934835994,-4.999988069199905
99.0,169.0,129.88427734375,4.999979364828304,-4.99978436954773,4.999943970837585,4.999999947410465,4.999994673379391,-4.999999904555547,4.999984241498924,-4.999997983928536,4.999994976382451,-4.999995141942257
99.0,169.0,129.88418579101562,4.999970357460219,-4.9998627848220965,4.999967086988557,4.999997305250332,4.999995091763815,-4.999999938258693,4.999990848254395,-4.99999262425535,4.999989782942329,-4.999995488202611
99.0,169.0,129.88421630859375,4.999981195923165,-4.999913283351887,4.999924181704655,4.999966662895977,4.99999364979567,-4.999999516691753,4.999974944821888,-4.999999441174124,4.999993354126019,-4.999999999519629
99.0,169.0,129.88429260253906,4.999962679341543,-4.99994301429113,4.999999999758571,4.999999532131159,4.999981039477868,-4.999996251151423,4.999977632377647,-4.999981243278737,4.999999942181621,-4.999979565956927
99.0,169.0,129.88433837890625,4.99988337840778,-4.999960977637626,4.999934168211514,4.999953014466305,4.99998903500463,-4.999991006853319,4.999978871338591,-4.999987477591036,4.999995896431084,-4.999999795886429
99.0,169.0,129.88424682617188,4.999935259488135,-4.999999992712247,4.9999057754306175,4.999965320117185,4.999997289284957,-4.999999304570421,4.99998046516186,-4.999976680974406,4.999999506879397,-4.9999990863320605
99.0,169.0,129.88409423828125,4.99988710911411,-4.999999419024231,4.999997255583528,4.99999999770837,4.999999569630388,-4.999999996049446,4.999991069929741,-4.999987648631702,4.999998720887232,-4.999985676079051
99.0,169.0,129.8843994140625,4.999870701128231,-4.99999902520239,4.999999044860021,4.999999677283598,4.999987780634612,-4.999990154746248,4.9999627254312085,-4.999992422482556,4.999999917423165,-4.99997197551982
99.0,169.0,129.8842315673828,4.999767671745348,-4.999999485433489,4.999980196157388,4.9999882000932665,4.999999876637687,-4.999999988607284,4.999991935384539,-4.999981417530011,4.999993203260056,-4.999995692766754
99.0,169.0,129.88404846191406,4.999895366466957,-4.999999988229276,4.999942330362901,4.999953209622177,4.999982725250362,-4.999999999757964,4.9999997265129625,-4.999999814672346,4.999999834092524,-4.999999924224134
99.0,169.0,129.88414001464844,4.999980022401377,-4.9999944914409085,4.999913896248251,4.999945641043719,4.9999898356891705,-4.999999999719426,4.999995414927343,-4.999996094536513,4.999996244497526,-4.999993671149522
99.0,169.0,129.88421630859375,4.999943800223977,-4.99991367905273,4.999991132756119,4.999944502851431,4.999996470342211,-4.9999999263348816,4.999985916625244,-4.999993371784711,4.999997422891784,-4.999991651633776
99.0,169.0,129.88427734375,4.999981310423057,-4.999877290511542,4.999926826929498,4.999967229799921,4.999988034718192,-4.99999763428801,4.999994813888783,-4.999984988391931,4.999999775388311,-4.999994927635959
99.0,169.0,129.88430786132812,4.999996266869217,-4.999902498644989,4.999966094015024,4.999960147035277,4.99998349998946,-4.999999358490767,4.999999064016577,-4.999989139906389,4.999992470234366,-4.999984092018549
99.0,169.0,129.88430786132812,4.99990869296683,-4.999999999403968,4.999888542483836,4.9999778485935735,4.99999178640353,-4.999999231536634,4.999991775866185,-4.999966655614175,4.999997187456938,-4.999999964691287
99.0,169.0,129.88417053222656,4.999982858872308,-4.999884804312854,4.999973214106673,4.99999400442408,4.999985379681074,-4.999999405816563,4.999971314049325,-4.999990063658346,4.999998821127028,-4.999999975620696
99.0,169.0,129.8843231201172,4.999967623407865,-4.999871123516354,4.999992097180917,4.999989661139638,4.999996523841295,-4.999971108934372,4.999956990287987,-4.999999999744791,4.999998048504789,-4.999992693493512
99.0,169.0,129.88429260253906,4.999965261941702,-4.999880534163838,4.999911551059258,4.99995504628138,4.999987356516735,-4.9999911006202,4.999991813793386,-4.9999924562371465,4.999997786536817,-4.999999903754491
99.0,169.0,129.88417053222656,4.99996113887883,-4.999999972583845,4.999909648644817,4.999951838618488,4.999982882672878,-4.9999999993257935,4.99998566918365,-4.999999782551822,4.9999909550558925,-4.999999770630135
99.0,169.0,129.88426208496094,4.999998989651053,-4.999809558003445,4.999999969845421,4.999965444342912,4.999994782645769,-4.999998950045406,4.999989219003067,-4.999999996467677,4.999994573779533,-4.999986598190441
99.0,169.0,129.8844451904297,4.999817453856004,-4.999943334501207,4.999962729765757,4.999989864400119,4.999993658140161,-4.999965872631301,4.999971690275583,-4.999985242749487,4.999994363958519,-4.999999585059784
99.0,169.0,129.88424682617188,4.999910599746851,-4.999911520622338,4.999978711650396,4.99996156824936,4.9999854319492325,-4.999999999674193,4.999990411426046,-4.999997201219795,4.999997137909341,-4.999990038336307
99.0,169.0,129.88421630859375,4.999997799109628,-4.999851340307933,4.999988217028927,4.999991688693475,4.9999985286891855,-4.999999826882976,4.999976094246784,-4.999997534615686,4.999999841789766,-4.999983873733892
99.0,169.0,129.8843536376953,4.999951854761035,-4.999949428639295,4.999965895026265,4.9999994057597394,4.999987479527529,-4.9999814372301685,4.999972766748649,-4.999977195364382,4.999999354410313,-4.999989139932248
99.0,169.0,129.88429260253906,4.999912428601318,-4.999821491443651,4.999973050004862,4.999999345521892,4.999991016011666,-4.999999932926251,4.9999993297292615,-4.9999927042274,4.999990326962113,-4.999991485266585
99.0,169.0,129.88433837890625,4.999976119072093,-4.999889834789269,4.999910629722127,4.999945438361896,4.999993447466914,-4.999999591768029,4.999987210020349,-4.99998072821062,4.999999877375692,-4.999999190595126
99.0,169.0,129.88426208496094,4.999911032668372,-4.999947142802738,4.9999600208400174,4.999972944503325,4.999980958241293,-4.999999999385598,4.99999681094114,-4.999989257275051,4.9999960279358735,-4.999988626216608
99.0,169.0,129.8842010498047,4.999975963609977,-4.999999980687692,4.999913900803915,4.999959220376944,4.999989373426988,-4.999999999698029,4.999987656467221,-4.999993701854617,4.999990904322136,-4.999994132221792
99.0,169.0,129.88424682617188,4.999944666067019,-4.99998492341353,4.999953751135362,4.999967255359362,4.999987522926332,-4.999999680815403,4.999998715655433,-4.999977483895224,4.999995202944849,-4.999988827394378
99.0,169.0,129.88427734375,4.999808146536253,-4.999962554121447,4.999997817209856,4.999999991089994,4.999998773208295,-4.999999969828402,4.999965951477327,-4.999988183536066,4.999997704351717,-4.999991007019188
99.0,169.0,129.88401794433594,4.99983637250356,-4.999999281332454,4.999998785326406,4.99999999754539,4.9999986691068985,-4.99999998249809,4.999992381105722,-4.999996516690997,4.999998661862912,-4.99999236027659
99.0,169.0,129.88424682617188,4.99988558632589,-4.9999513059899625,4.999982332082068,4.99998560777434,4.999999715257537,-4.999996485192623,4.999967813618104,-4.999994072757003,4.999999504268004,-4.999988494439392
99.0,169.0,129.88426208496094,4.999949904275349,-4.999999993195058,4.999911676313339,4.999951633414705,4.999985258024923,-4.999999790774783,4.999979307466632,-4.999996998463891,4.999988381415704,-4.999997936330085
99.0,169.0,129.88441467285156,4.99997797860648,-4.999878522413784,4.999905883910033,4.9999782554853525,4.999993164057305,-4.999998866252242,4.999985615857694,-4.999997720047544,4.99998106282167,-4.99999131241702
99.0,169.0,129.8842315673828,4.999997520796604,-4.999835143175165,4.999999954702763,4.999951103469015,4.999989243411213,-4.999998659921148,4.99999430298576,-4.999999992996736,4.999994041458432,-4.999989615580402
99.0,169.0,129.8840789794922,4.999880051533244,-4.999998383712721,4.999997803165106,4.99999999209583,4.999998231943071,-4.999999980077007,4.999996407817777,-4.999987838196082,4.999998486515685,-4.99998591128474
99.0,169.0,129.8842010498047,4.999977649896145,-4.9998366263243055,4.999954762619552,4.999997662910662,4.999995488521139,-4.999999923366765,4.999990157977162,-4.999995959621744,4.999995841048952,-4.999992879220102
99.0,169.0,129.88427734375,4.9999378098277925,-4.999948973536821,4.9999935063744125,4.999988363246045,4.999998575524803,-4.999999920303487,4.999964742695124,-4.999993329636287,4.999989068871728,-4.999986499513988
99.0,169.0,129.8841552734375,4.999881992058973,-4.999999994074658,4.999961691685446,4.999960087559317,4.999997733238583,-4.999999990141031,4.999995186522539,-4.999987223123341,4.999999602925687,-4.999992550092341
99.0,169.0,129.88429260253906,4.999885218014629,-4.999972262169438,4.99991753025617,4.999993666543222,4.999996340487938,-4.999980415768264,4.999982443038055,-4.999994242697854,4.999999143661501,-4.99999115702608
99.0,169.0,129.8843994140625,4.999871264595214,-4.999999881000732,4.999956478432214,4.9999927853953885,4.999996754490001,-4.999999949586703,4.9999698305330496,-4.999989125793103,4.999972337462667,-4.999994597057259
99.0,169.0,129.88426208496094,4.999942809112571,-4.9998835066011145,4.999999964882367,4.999966875509305,4.999988878871893,-4.999999336450377,4.999988573248173,-4.99999408606139,4.999999000537039,-4.99998435914833
99.0,169.0,129.8843536376953,4.999991243158885,-4.999804614542958,4.999926156765341,4.999999436290249,4.999990973038661,-4.999987459646968,4.999992533636369,-4.999997535751902,4.999993883298743,-4.999989345497066
99.0,169.0,129.88430786132812,4.999813882828303,-4.9999975132718815,4.999999996924064,4.999993599280511,4.999998845496928,-4.999999735833004,4.999964273067572,-4.999986002329524,4.999992060837489,-4.999990267670899
99.0,169.0,129.88429260253906,4.999979643954873,-4.999918068451776,4.999988231985501,4.999993891407991,4.999991657105236,-4.999998477435985,4.9999703009340735,-4.999988158021216,4.999999994772765,-4.999980357617135
99.0,170.0,129.88421630859375,4.999994861945795,-4.999958041707764,4.999894418086312,4.999945651697439,4.9999800969985255,-4.999999859154117,4.999998829379504,-4.999999701547423,4.999992157849933,-4.999995919208768
99.0,170.0,129.88436889648438,4.9999543212278,-4.999864745888856,4.999912887899504,4.999964765228016,4.999993423691343,-4.999991035674806,4.999988959558559,-4.999999972798632,4.9999923679837615,-4.999992495044745
99.0,170.0,129.88409423828125,4.999898757014417,-4.9999999918933575,4.999964900274014,4.999978489599673,4.9999987722716215,-4.999995511145558,4.999999315323108,-4.999986926642801,4.999996749701595,-4.999993168581518
99.0,170.0,129.88409423828125,4.999922419114255,-4.999960471665256,4.9999751737873375,4.999974191916296,4.999990967869666,-4.999999986951227,4.9999944446926925,-4.9999937637155725,4.99999275833922,-4.999996677397075
99.0,170.0,129.88426208496094,4.999976410035087,-4.999924754855991,4.9999005788016495,4.999984866857058,4.999988667734204,-4.999980227097145,4.999999838512558,-4.999995811486286,4.99999934835994,-4.999988069199905
99.0,170.0,129.88427734375,4.999979364828304,-4.99978436954773,4.999943970837585,4.999999947410465,4.999994673379391,-4.999999904555547,4.999984241498924,-4.999997983928536,4.999994976382451,-4.999995141942257
99.0,170.0,129.8841552734375,4.999970357460219,-4.999989129827539,4.999967086988557,4.999974109095909,4.9999823299522586,-4.999999999865073,4.999999935861448,-4.99998519656222,4.99999735066924,-4.999985142248926
99.0,170.0,129.8842010498047,4.999981195923165,-4.999944903859037,4.999925207302153,4.999960766495157,4.999982764208959,-4.999999279606382,4.999993168701328,-4.999984893268527,4.999999068924376,-4.999998565428654
99.0,170.0,129.88421630859375,4.9999800257319045,-4.999933140340556,4.999924421997691,4.999946595885087,4.999985208405787,-4.99999916457822,4.999997394347554,-4.999999898673252,4.999996378751982,-4.999991591801472
99.0,170.0,129.88433837890625,4.99988337840778,-4.999960977637626,4.999934168211514,4.999953014466305,4.99998903500463,-4.999991006853319,4.999978871338591,-4.999987477591036,4.999995896431084,-4.999999795886429
99.0,170.0,129.88424682617188,4.999935259488135,-4.999999992712247,4.9999057754306175,4.999965320117185,4.999997289284957,-4.999999304570421,4.99998046516186,-4.999976680974406,4.999999506879397,-4.9999990863320605
99.0,170.0,129.88409423828125,4.99988710911411,-4.999999419024231,4.999997255583528,4.99999999770837,4.999999569630388,-4.999999996049446,4.999991069929741,-4.999987648631702,4.999998720887232,-4.999985676079051
99.0,170.0,129.88438415527344,4.999983431464641,-4.999805725409008,4.999906069044753,4.999972536554576,4.999991048166521,-4.999999474665884,4.999971097879081,-4.999999883305758,4.999994240687217,-4.99999972410738
99.0,170.0,129.8842315673828,4.999767671745348,-4.999999485433489,4.999980196157388,4.9999882000932665,4.999999876637687,-4.999999988607284,4.999991935384539,-4.999981417530011,4.999993203260056,-4.999995692766754
99.0,170.0,129.88404846191406,4.999895366466957,-4.999999988229276,4.999942330362901,4.999953209622177,4.999982725250362,-4.999999999757964,4.9999997265129625,-4.999999814672346,4.999999834092524,-4.999999924224134
99.0,170.0,129.88412475585938,4.999967526155686,-4.9999944914409085,4.999999956004198,4.9999494407453,4.999989266829022,-4.999998706631403,4.99998862720993,-4.999997890507037,4.999988654999413,-4.99999092847045
99.0,170.0,129.88421630859375,4.999943800223977,-4.99991367905273,4.999991132756119,4.999944502851431,4.999996470342211,-4.9999999263348816,4.999985916625244,-4.999993371784711,4.999997422891784,-4.999991651633776
99.0,170.0,129.88426208496094,4.999998989651053,-4.999809558003445,4.999999969845421,4.999965444342912,4.999994782645769,-4.999999585873432,4.999989219003067,-4.999999996467677,4.999994573779533,-4.999986598190441
99.0,170.0,129.88430786132812,4.999996266869217,-4.999902498644989,4.999966094015024,4.999960147035277,4.99998349998946,-4.999999358490767,4.999999064016577,-4.999989139906389,4.999992470234366,-4.999984092018549
99.0,170.0,129.8842315673828,4.999802969833505,-4.999999517502648,4.999952931184517,4.999990747416575,4.999999899405213,-4.999999231536634,4.999991775866185,-4.999982537507175,4.999991311368395,-4.999996799695813
99.0,170.0,129.88417053222656,4.999982858872308,-4.999884804312854,4.999973214106673,4.99999400442408,4.999985379681074,-4.999999405816563,4.999971314049325,-4.999990063658346,4.999998821127028,-4.999999975620696
99.0,170.0,129.88409423828125,4.999922668633667,-4.999976061633847,4.999999936250376,4.999989661139638,4.999999502817154,-4.999999659629591,4.999997534355495,-4.999987779511751,4.999996707664931,-4.99998364418571
99.0,170.0,129.88429260253906,4.999965261941702,-4.999880534163838,4.999911551059258,4.99995504628138,4.999987356516735,-4.9999911006202,4.999991813793386,-4.9999924562371465,4.999997786536817,-4.999999903754491
99.0,170.0,129.88417053222656,4.99996113887883,-4.999999972583845,4.999909648644817,4.999951838618488,4.999982882672878,-4.9999999993257935,4.99998566918365,-4.999999782551822,4.9999909550558925,-4.999999770630135
99.0,170.0,129.88418579101562,4.999989733720256,-4.999888963462638,4.999974839159552,4.999991127554452,4.999993827206838,-4.999999266730417,4.999968310652139,-4.999999996467677,4.999999434245469,-4.999990562449019
99.0,170.0,129.88418579101562,4.999921587578768,-4.9999177324844,4.9999975765405775,4.999989864400119,4.999999597438946,-4.99999999917309,4.999990260985229,-4.99999137225565,4.999998047683239,-4.999982133343458
99.0,170.0,129.88424682617188,4.999910599746851,-4.999911520622338,4.999978711650396,4.99996156824936,4.9999854319492325,-4.999999999674193,4.999990411426046,-4.999997201219795,4.999997137909341,-4.999990038336307
99.0,170.0,129.88421630859375,4.999997799109628,-4.999851340307933,4.999988217028927,4.999991688693475,4.9999985286891855,-4.999999826882976,4.999976094246784,-4.999997534615686,4.999999841789766,-4.999983873733892
99.0,170.0,129.8840789794922,4.99976197424694,-4.999999740635244,4.999998783909152,4.999997031120067,4.999999548636549,-4.999999998191579,4.999985701450685,-4.999998896216391,4.999994721190846,-4.999997711133576
99.0,170.0,129.88429260253906,4.999912428601318,-4.999821491443651,4.999973050004862,4.999999345521892,4.999991016011666,-4.999999932926251,4.9999993297292615,-4.9999927042274,4.999990326962113,-4.999991485266585
99.0,170.0,129.88406372070312,4.999917174435568,-4.99999999976738,4.999959033825581,4.999991997549016,4.999998841164573,-4.999995081638362,4.999990179166058,-4.999983962622714,4.999997246819459,-4.999999190595126
99.0,170.0,129.8841552734375,4.999911032668372,-4.999999998697224,4.999905162494276,4.999929084440041,4.999980958241293,-4.999999999945768,4.999999878371567,-4.999999984110248,4.999997958954904,-4.9999999979890735
99.0,170.0,129.8842010498047,4.999975963609977,-4.999999980687692,4.999913900803915,4.999959220376944,4.999989373426988,-4.999999999698029,4.999987656467221,-4.999993701854617,4.999990904322136,-4.999994132221792
99.0,170.0,129.88424682617188,4.999944666067019,-4.99998492341353,4.999953751135362,4.999967255359362,4.999987522926332,-4.999999680815403,4.999998715655433,-4.999977483895224,4.999995202944849,-4.999988827394378
99.0,170.0,129.88427734375,4.999808146536253,-4.999962554121447,4.999997817209856,4.999999991089994,4.999998773208295,-4.999999969828402,4.999965951477327,-4.999988183536066,4.999997704351717,-4.999991007019188
99.0,170.0,129.88401794433594,4.99983637250356,-4.999999281332454,4.999998785326406,4.99999999754539,4.9999986691068985,-4.99999998249809,4.999992381105722,-4.999996516690997,4.999998661862912,-4.99999236027659
99.0,170.0,129.88412475585938,4.999972428686814,-4.999942374157572,4.999959344166703,4.999942127361415,4.99998594012866,-4.999999999774873,4.999980359428905,-4.999999851548173,4.999999504268004,-4.999999035125403
99.0,170.0,129.88426208496094,4.999949904275349,-4.999999993195058,4.999911676313339,4.999951633414705,4.999985258024923,-4.999999790774783,4.999979307466632,-4.999996998463891,4.999988381415704,-4.999997936330085
99.0,170.0,129.8842315673828,4.999952622181081,-4.999930852790559,4.999989209366597,4.999994798057541,4.99999726413467,-4.999998866252242,4.999951315972224,-4.99999254363056,4.99999890867608,-4.999992284782297
99.0,170.0,129.8842315673828,4.999997520796604,-4.999835143175165,4.999999954702763,4.999951103469015,4.999989243411213,-4.999998659921148,4.99999430298576,-4.999999992996736,4.999994041458432,-4.999989615580402
99.0,170.0,129.8840789794922,4.999880051533244,-4.999998383712721,4.999997803165106,4.99999999209583,4.999998231943071,-4.999999980077007,4.999996407817777,-4.999987838196082,4.999998486515685,-4.99998591128474
99.0,170.0,129.8842010498047,4.999977649896145,-4.9998366263243055,4.999954762619552,4.999997662910662,4.999995488521139,-4.999999923366765,4.999990157977162,-4.999995959621744,4.999995841048952,-4.999992879220102
99.0,170.0,129.88426208496094,4.9998072751707525,-4.999881972953503,4.999987415017303,4.9999995580402405,4.999994372301857,-4.999999985635234,4.999999763096253,-4.999984552968633,4.999996397181306,-4.999993675441452
99.0,170.0,129.8841552734375,4.999881992058973,-4.999999994074658,4.999961691685446,4.999960087559317,4.999997733238583,-4.999999990141031,4.999995186522539,-4.999987223123341,4.999999602925687,-4.999992550092341
99.0,170.0,129.88429260253906,4.999885218014629,-4.999972262169438,4.99991753025617,4.999993666543222,4.999996340487938,-4.999980415768264,4.999982443038055,-4.999994242697854,4.999999143661501,-4.99999115702608
99.0,170.0,129.88421630859375,4.999932718739841,-4.999909188170572,4.999936246618203,4.999968799352095,4.999996754490001,-4.999991304428985,4.9999966142537815,-4.999996720769362,4.999995861816908,-4.999994621565231
99.0,170.0,129.88426208496094,4.999942809112571,-4.9998835066011145,4.999999964882367,4.999966875509305,4.999988878871893,-4.999999336450377,4.999988573248173,-4.99999408606139,4.999999000537039,-4.99998435914833
99.0,170.0,129.8843536376953,4.999991243158885,-4.999804614542958,4.999926156765341,4.999999436290249,4.999990973038661,-4.999987459646968,4.999992533636369,-4.999997535751902,4.999993883298743,-4.999989345497066
99.0,170.0,129.88427734375,4.999997332249444,-4.999884199260535,4.999889004170765,4.999941657402378,4.999985471025813,-4.999999909275472,4.99999941827322,-4.999999993015543,4.999992120033234,-4.999998581575391
99.0,170.0,129.88418579101562,4.999967305434533,-4.999819627750933,4.999972503045544,4.999993739968695,4.999998588113891,-4.999999948930342,4.9999941528337,-4.999990810915761,4.999999994772765,-4.999992345854457
99.0,171.0,129.88421630859375,4.999994861945795,-4.999958041707764,4.999894418086312,4.999945651697439,4.9999800969985255,-4.999999859154117,4.999998829379504,-4.999999701547423,4.999992157849933,-4.999995919208768
99.0,171.0,129.88436889648438,4.9999543212278,-4.999864745888856,4.999912887899504,4.999964765228016,4.999993423691343,-4.999991035674806,4.999988959558559,-4.999999972798632,4.9999923679837615,-4.999992495044745
99.0,171.0,129.88409423828125,4.999898757014417,-4.9999999918933575,4.999964900274014,4.999978489599673,4.9999987722716215,-4.999995511145558,4.999999315323108,-4.999986926642801,4.999996749701595,-4.999993168581518
99.0,171.0,129.88406372070312,4.999912149382482,-4.999999999807169,4.999990878641667,4.999992889393043,4.999999508843728,-4.999999259238665,4.999990639216915,-4.9999794919939085,4.99999766974347,-4.999993701905366
99.0,171.0,129.88426208496094,4.999976410035087,-4.999924754855991,4.9999005788016495,4.999984866857058,4.999988667734204,-4.999980227097145,4.999999838512558,-4.999995811486286,4.99999934835994,-4.999988069199905
99.0,171.0,129.8841094970703,4.999788604378049,-4.999999999522266,4.999969824790519,4.999966926421232,4.999991281464726,-4.999999904555547,4.999999109854568,-4.999998076803088,4.999996901260364,-4.999998487893185
99.0,171.0,129.8841552734375,4.999970357460219,-4.999989129827539,4.999967086988557,4.999974109095909,4.9999823299522586,-4.999999999865073,4.999999935861448,-4.99998519656222,4.99999735066924,-4.999985142248926
99.0,171.0,129.8841094970703,4.999949972814587,-4.999944903859037,4.999999980120182,4.999972190180028,4.9999951857973945,-4.999999998654838,4.999993168701328,-4.999993658692722,4.999996185866386,-4.999987077335875
99.0,171.0,129.88421630859375,4.9999800257319045,-4.999933140340556,4.999924421997691,4.999946595885087,4.999985208405787,-4.99999916457822,4.999997394347554,-4.999999898673252,4.999996378751982,-4.999991591801472
99.0,171.0,129.88433837890625,4.99988337840778,-4.999960977637626,4.999934168211514,4.999953014466305,4.99998903500463,-4.999991006853319,4.999978871338591,-4.999987477591036,4.999995896431084,-4.999999795886429
99.0,171.0,129.88424682617188,4.999935259488135,-4.999999992712247,4.9999057754306175,4.999965320117185,4.999997289284957,-4.999999304570421,4.99998046516186,-4.999976680974406,4.999999506879397,-4.9999990863320605
99.0,171.0,129.88409423828125,4.99988710911411,-4.999999419024231,4.999997255583528,4.99999999770837,4.999999569630388,-4.999999996049446,4.999991069929741,-4.999987648631702,4.999998720887232,-4.999985676079051
99.0,171.0,129.88417053222656,4.999983431464641,-4.999990817812423,4.999967644943236,4.999973985483383,4.999991077446989,-4.999999937722079,4.999970287178497,-4.999990054498905,4.999995862752208,-4.9999925270135215
99.0,171.0,129.8840789794922,4.9999986714439,-4.9998721197245,4.999980196157388,4.99996736066534,4.999999876637687,-4.9999994368030585,4.999991935384539,-4.999999999955228,4.999993203260056,-4.9999982579188655
99.0,171.0,129.88404846191406,4.999895366466957,-4.999999988229276,4.999942330362901,4.999953209622177,4.999982725250362,-4.999999999757964,4.9999997265129625,-4.999999814672346,4.999999834092524,-4.999999924224134
99.0,171.0,129.88412475585938,4.999967526155686,-4.9999944914409085,4.999999956004198,4.9999494407453,4.999989266829022,-4.999998706631403,4.99998862720993,-4.999997890507037,4.999988654999413,-4.99999092847045
99.0,171.0,129.88421630859375,4.999943800223977,-4.99991367905273,4.999991132756119,4.999944502851431,4.999996470342211,-4.9999999263348816,4.999985916625244,-4.999993371784711,4.999997422891784,-4.999991651633776
99.0,171.0,129.8841094970703,4.999865263466488,-4.999991635681521,4.999999492866474,4.999991963955889,4.999999967762075,-4.999999585873432,4.9999894578003525,-4.99998810327324,4.999996977615716,-4.999988952261715
99.0,171.0,129.88430786132812,4.999996266869217,-4.999902498644989,4.999966094015024,4.999960147035277,4.99998349998946,-4.999999358490767,4.999999064016577,-4.999989139906389,4.999992470234366,-4.999984092018549
99.0,171.0,129.8842315673828,4.999802969833505,-4.999999517502648,4.999952931184517,4.999990747416575,4.999999899405213,-4.999999231536634,4.999991775866185,-4.999982537507175,4.999991311368395,-4.999996799695813
99.0,171.0,129.88417053222656,4.999982858872308,-4.999884804312854,4.999973214106673,4.99999400442408,4.999985379681074,-4.999999405816563,4.999971314049325,-4.999990063658346,4.999998821127028,-4.999999975620696
99.0,171.0,129.88409423828125,4.999922668633667,-4.999976061633847,4.999999936250376,4.999989661139638,4.999999502817154,-4.999999659629591,4.999997534355495,-4.999987779511751,4.999996707664931,-4.99998364418571
99.0,171.0,129.88424682617188,4.999901669124505,-4.999890418510017,4.999995453724659,4.999952461127391,4.999999137817564,-4.999999996594919,4.999991813793386,-4.9999924562371465,4.9999999129214885,-4.999988711197545
99.0,171.0,129.8841552734375,4.999892992684577,-4.999863737757385,4.999982539174923,4.99999894803987,4.999999245103698,-4.999999948189036,4.99999179784602,-4.999991658414059,4.999998786413517,-4.999996182253091
99.0,171.0,129.88418579101562,4.999989733720256,-4.999888963462638,4.999974839159552,4.999991127554452,4.999993827206838,-4.999999266730417,4.999968310652139,-4.999999996467677,4.999999434245469,-4.999990562449019
99.0,171.0,129.88418579101562,4.999921587578768,-4.9999177324844,4.9999975765405775,4.999989864400119,4.999999597438946,-4.99999999917309,4.999990260985229,-4.99999137225565,4.999998047683239,-4.999982133343458
99.0,171.0,129.88424682617188,4.999910599746851,-4.999911520622338,4.999978711650396,4.99996156824936,4.9999854319492325,-4.999999999674193,4.999990411426046,-4.999997201219795,4.999997137909341,-4.999990038336307
99.0,171.0,129.88421630859375,4.999997799109628,-4.999851340307933,4.999988217028927,4.999991688693475,4.9999985286891855,-4.999999826882976,4.999976094246784,-4.999997534615686,4.999999841789766,-4.999983873733892
99.0,171.0,129.8840789794922,4.99976197424694,-4.999999740635244,4.999998783909152,4.999997031120067,4.999999548636549,-4.999999998191579,4.999985701450685,-4.999998896216391,4.999994721190846,-4.999997711133576
99.0,171.0,129.88426208496094,4.999998814628476,-4.999956796476839,4.999993861979673,4.999969678442541,4.999980986707222,-4.999999932926251,4.999999724876181,-4.999985510068926,4.9999922523005775,-4.999976711265767
99.0,171.0,129.88406372070312,4.999917174435568,-4.99999999976738,4.999959033825581,4.999991997549016,4.999998841164573,-4.999995081638362,4.999990179166058,-4.999983962622714,4.999997246819459,-4.999999190595126
99.0,171.0,129.8841552734375,4.999911032668372,-4.999999998697224,4.999905162494276,4.999929084440041,4.999980958241293,-4.999999999945768,4.999999878371567,-4.999999984110248,4.999997958954904,-4.9999999979890735
99.0,171.0,129.88414001464844,4.999935797648262,-4.999999980687692,4.999984277553884,4.999981384033315,4.999992661530385,-4.999999999698029,4.999984788450163,-4.999992903146881,4.999995594302732,-4.99998470787591
99.0,171.0,129.88421630859375,4.999997959213138,-4.999850521525623,4.999953751135362,4.999937135619247,4.999988342736689,-4.999999559990663,4.999997037757812,-4.999999999744269,4.999992905645267,-4.9999992538276095
99.0,171.0,129.88418579101562,4.999996388542671,-4.999960534658614,4.999876996745402,4.999975500767416,4.999990420510372,-4.999994061296325,4.999989636661319,-4.999995426699873,4.999997704351717,-4.999996625396159
99.0,171.0,129.88401794433594,4.99983637250356,-4.999999281332454,4.999998785326406,4.99999999754539,4.9999986691068985,-4.99999998249809,4.999992381105722,-4.999996516690997,4.999998661862912,-4.99999236027659
99.0,171.0,129.88412475585938,4.999972428686814,-4.999942374157572,4.999959344166703,4.999942127361415,4.99998594012866,-4.999999999774873,4.999980359428905,-4.999999851548173,4.999999504268004,-4.999999035125403
99.0,171.0,129.884033203125,4.999949904275349,-4.99999979400104,4.999976750871905,4.999980663254751,4.999993923495568,-4.999999853685079,4.999987963242395,-4.999993546395969,4.999993470487412,-4.99999662132117
99.0,171.0,129.88418579101562,4.999947817194826,-4.999986727092382,4.999988136192762,4.9999765508593,4.99998891244649,-4.999999576847669,4.999997322041962,-4.999977540476183,4.999997799723975,-4.999984246565198
99.0,171.0,129.88421630859375,4.999889658417284,-4.999945150510631,4.999948320736683,4.999982369398706,4.9999957896646094,-4.999999999266731,4.999986529942236,-4.999983309698996,4.999999710392258,-4.999997073667464
99.0,171.0,129.8840789794922,4.999880051533244,-4.999998383712721,4.999997803165106,4.99999999209583,4.999998231943071,-4.999999980077007,4.999996407817777,-4.999987838196082,4.999998486515685,-4.99998591128474
99.0,171.0,129.88414001464844,4.9999950470616525,-4.999887064638928,4.999996363174112,4.999997662910662,4.999995072504143,-4.999999631789074,4.999999114708478,-4.999993422860445,4.99999526951596,-4.999981540435625
99.0,171.0,129.8841552734375,4.99998625592097,-4.999897334016035,4.999924590352932,4.9999995580402405,4.999987792759832,-4.99999989126044,4.999994493678333,-4.999997830584583,4.999993999449442,-4.999994399214435
99.0,171.0,129.8841552734375,4.999881992058973,-4.999999994074658,4.999961691685446,4.999960087559317,4.999997733238583,-4.999999990141031,4.999995186522539,-4.999987223123341,4.999999602925687,-4.999992550092341
99.0,171.0,129.88429260253906,4.999885218014629,-4.999972262169438,4.99991753025617,4.999993666543222,4.999996340487938,-4.999980415768264,4.999982443038055,-4.999994242697854,4.999999143661501,-4.99999115702608
99.0,171.0,129.88421630859375,4.999932718739841,-4.999909188170572,4.999936246618203,4.999968799352095,4.999996754490001,-4.999991304428985,4.9999966142537815,-4.999996720769362,4.999995861816908,-4.999994621565231
99.0,171.0,129.88412475585938,4.999991861582856,-4.999870885664319,4.999968340999761,4.999990795133471,4.999983466381653,-4.999999658298591,4.999988573248173,-4.999996274199454,4.999999062287477,-4.999995873578218
99.0,171.0,129.8840789794922,4.999777498715368,-4.999999600239838,4.999999603167874,4.999999998988834,4.9999985207338415,-4.999999986574358,4.999994668781455,-4.999991668481195,4.999997984225871,-4.999993379052014
99.0,171.0,129.88414001464844,4.999932268796765,-4.999871882264757,4.999969105478792,4.999999788757541,4.999985471025813,-4.99999193305861,4.99999424440995,-4.999995807698085,4.999997030238317,-4.999998581575391
99.0,171.0,129.88414001464844,4.999967305434533,-4.999861092906242,4.999993885047859,4.99998753172237,4.999997011846573,-4.999999958601739,4.999988636510505,-4.999992659114784,4.999998368502964,-4.999992457514617
99.0,172.0,129.88421630859375,4.999994861945795,-4.999958041707764,4.999894418086312,4.999945651697439,4.9999800969985255,-4.999999859154117,4.999998829379504,-4.999999701547423,4.999992157849933,-4.999995919208768
99.0,172.0,129.88424682617188,4.999888895118845,-4.999943904035206,4.999957031407138,4.999964765228016,4.999990627908686,-4.999999999568633,4.999991126301328,-4.9999854471227705,4.999996937141366,-4.999996720573768
99.0,172.0,129.88409423828125,4.999898757014417,-4.9999999918933575,4.999964900274014,4.999978489599673,4.9999987722716215,-4.999995511145558,4.999999315323108,-4.999986926642801,4.999996749701595,-4.999993168581518
99.0,172.0,129.88406372070312,4.999912149382482,-4.999999999807169,4.999990878641667,4.999992889393043,4.999999508843728,-4.999999259238665,4.999990639216915,-4.9999794919939085,4.99999766974347,-4.999993701905366
99.0,172.0,129.88404846191406,4.9999490441822285,-4.999900086932118,4.9999876201584215,4.999993021831886,4.999999323976077,-4.999997903210372,4.999999838512558,-4.999996427983893,4.999999997236144,-4.999988412015377
99.0,172.0,129.8841094970703,4.999788604378049,-4.999999999522266,4.999969824790519,4.999966926421232,4.999991281464726,-4.999999904555547,4.999999109854568,-4.999998076803088,4.999996901260364,-4.999998487893185
99.0,172.0,129.8841094970703,4.999972333294084,-4.999945871500788,4.9999999879403125,4.999976025519973,4.999994371878556,-4.999999098993505,4.999995090463645,-4.999999980918548,4.9999900999906295,-4.999985142248926
99.0,172.0,129.8841094970703,4.999949972814587,-4.999944903859037,4.999999980120182,4.999972190180028,4.9999951857973945,-4.999999998654838,4.999993168701328,-4.999993658692722,4.999996185866386,-4.999987077335875
99.0,172.0,129.88421630859375,4.9999800257319045,-4.999933140340556,4.999924421997691,4.999946595885087,4.999985208405787,-4.99999916457822,4.999997394347554,-4.999999898673252,4.999996378751982,-4.999991591801472
99.0,172.0,129.88418579101562,4.999960378898262,-4.999986252660454,4.999924273447522,4.999976807311251,4.999997168197316,-4.999985719933901,4.999997686116793,-4.999987477591036,4.999998960936923,-4.99998989152777
99.0,172.0,129.8841552734375,4.999803167388,-4.999939204563603,4.999999968404374,4.999994476050797,4.999999711467224,-4.999999999450025,4.999983249272481,-4.999998065329383,4.999999506879397,-4.999992633277363
99.0,172.0,129.88409423828125,4.99988710911411,-4.999999419024231,4.999997255583528,4.99999999770837,4.999999569630388,-4.999999996049446,4.999991069929741,-4.999987648631702,4.999998720887232,-4.999985676079051
99.0,172.0,129.88417053222656,4.999983431464641,-4.999990817812423,4.999967644943236,4.999973985483383,4.999991077446989,-4.999999937722079,4.999970287178497,-4.999990054498905,4.999995862752208,-4.9999925270135215
99.0,172.0,129.8840789794922,4.9999986714439,-4.9998721197245,4.999980196157388,4.99996736066534,4.999999876637687,-4.9999994368030585,4.999991935384539,-4.999999999955228,4.999993203260056,-4.9999982579188655
99.0,172.0,129.88404846191406,4.999895366466957,-4.999999988229276,4.999942330362901,4.999953209622177,4.999982725250362,-4.999999999757964,4.9999997265129625,-4.999999814672346,4.999999834092524,-4.999999924224134
99.0,172.0,129.88412475585938,4.999967526155686,-4.9999944914409085,4.999999956004198,4.9999494407453,4.999989266829022,-4.999998706631403,4.99998862720993,-4.999997890507037,4.999988654999413,-4.99999092847045
99.0,172.0,129.88409423828125,4.999943800223977,-4.999939205242425,4.999976737473883,4.99999988078325,4.999984964445499,-4.999991949002596,4.999996549395829,-4.999993897589096,4.999996880289402,-4.999993446091215
99.0,172.0,129.8841094970703,4.999865263466488,-4.999991635681521,4.999999492866474,4.999991963955889,4.999999967762075,-4.999999585873432,4.9999894578003525,-4.99998810327324,4.999996977615716,-4.999988952261715
99.0,172.0,129.88430786132812,4.999996266869217,-4.999902498644989,4.999966094015024,4.999960147035277,4.99998349998946,-4.999999358490767,4.999999064016577,-4.999989139906389,4.999992470234366,-4.999984092018549
99.0,172.0,129.8842315673828,4.999802969833505,-4.999999517502648,4.999952931184517,4.999990747416575,4.999999899405213,-4.999999231536634,4.999991775866185,-4.999982537507175,4.999991311368395,-4.999996799695813
99.0,172.0,129.88417053222656,4.999982858872308,-4.999884804312854,4.999973214106673,4.99999400442408,4.999985379681074,-4.999999405816563,4.999971314049325,-4.999990063658346,4.999998821127028,-4.999999975620696
99.0,172.0,129.88409423828125,4.999922668633667,-4.999976061633847,4.999999936250376,4.999989661139638,4.999999502817154,-4.999999659629591,4.999997534355495,-4.999987779511751,4.999996707664931,-4.99998364418571
99.0,172.0,129.88404846191406,4.999871023888965,-4.999999597764836,4.999980848390713,4.999998002690576,4.99999453922001,-4.999999923534053,4.999991813793386,-4.999996276837266,4.999992709160649,-4.999993767681147
99.0,172.0,129.8840789794922,4.999892992684577,-4.999981292657539,4.999998344769585,4.999999063187234,4.999999245103698,-4.999999948189036,4.999997350786902,-4.99997014670217,4.999997495581143,-4.999996182253091
99.0,172.0,129.8841552734375,4.999891981312765,-4.999999996448195,4.999949900657322,4.9999554045144965,4.999998609626667,-4.999999999857324,4.999990085596919,-4.999987030730134,4.999998780921576,-4.9999968281904685
99.0,172.0,129.8841552734375,4.999921587578768,-4.999863634996773,4.9999975765405775,4.99999935041098,4.999999597438946,-4.999999922753801,4.999986224539933,-4.9999893932105,4.999997071027041,-4.999995248967084
99.0,172.0,129.88424682617188,4.999910599746851,-4.999911520622338,4.999978711650396,4.99996156824936,4.9999854319492325,-4.999999999674193,4.999990411426046,-4.999997201219795,4.999997137909341,-4.999990038336307
99.0,172.0,129.88421630859375,4.999997799109628,-4.999851340307933,4.999988217028927,4.999991688693475,4.9999985286891855,-4.999999826882976,4.999976094246784,-4.999997534615686,4.999999841789766,-4.999983873733892
99.0,172.0,129.8840789794922,4.99976197424694,-4.999999740635244,4.999998783909152,4.999997031120067,4.999999548636549,-4.999999998191579,4.999985701450685,-4.999998896216391,4.999994721190846,-4.999997711133576
99.0,172.0,129.88426208496094,4.999998814628476,-4.999956796476839,4.999993861979673,4.999969678442541,4.999980986707222,-4.999999932926251,4.999999724876181,-4.999985510068926,4.9999922523005775,-4.999976711265767
99.0,172.0,129.88406372070312,4.999917174435568,-4.99999999976738,4.999959033825581,4.999991997549016,4.999998841164573,-4.999995081638362,4.999990179166058,-4.999983962622714,4.999997246819459,-4.999999190595126
99.0,172.0,129.8841552734375,4.999911032668372,-4.999999998697224,4.999905162494276,4.999929084440041,4.999980958241293,-4.999999999945768,4.999999878371567,-4.999999984110248,4.999997958954904,-4.9999999979890735
99.0,172.0,129.88414001464844,4.999935797648262,-4.999999980687692,4.999984277553884,4.999981384033315,4.999992661530385,-4.999999999698029,4.999984788450163,-4.999992903146881,4.999995594302732,-4.99998470787591
99.0,172.0,129.88421630859375,4.999997959213138,-4.999850521525623,4.999953751135362,4.999937135619247,4.999988342736689,-4.999999559990663,4.999997037757812,-4.999999999744269,4.999992905645267,-4.9999992538276095
99.0,172.0,129.88418579101562,4.999996388542671,-4.999960534658614,4.999876996745402,4.999975500767416,4.999990420510372,-4.999994061296325,4.999989636661319,-4.999995426699873,4.999997704351717,-4.999996625396159
99.0,172.0,129.88401794433594,4.99983637250356,-4.999999281332454,4.999998785326406,4.99999999754539,4.9999986691068985,-4.99999998249809,4.999992381105722,-4.999996516690997,4.999998661862912,-4.99999236027659
99.0,172.0,129.88412475585938,4.999972428686814,-4.999942374157572,4.999959344166703,4.999942127361415,4.99998594012866,-4.999999999774873,4.999980359428905,-4.999999851548173,4.999999504268004,-4.999999035125403
99.0,172.0,129.8839874267578,4.999926497291567,-4.999969489459352,4.99998692090543,4.999993784377188,4.999999630006022,-4.999995217750781,4.999987963242395,-4.99999366790906,4.999995659073496,-4.9999998634656615
99.0,172.0,129.88417053222656,4.99995582844825,-4.999941294942376,4.999953133613841,4.999950660060379,4.999980420932171,-4.9999999998013145,4.999982606829306,-4.9999999300015805,4.999997799723975,-4.999998228476668
99.0,172.0,129.8841094970703,4.999808684116958,-4.999999642633133,4.999994246645141,4.999999998022856,4.999999844702342,-4.999999997901036,4.999986529942236,-4.999987317434433,4.999999289136823,-4.999993746994047
99.0,172.0,129.8840789794922,4.999880051533244,-4.999998383712721,4.999997803165106,4.99999999209583,4.999998231943071,-4.999999980077007,4.999996407817777,-4.999987838196082,4.999998486515685,-4.99998591128474
99.0,172.0,129.88414001464844,4.9999950470616525,-4.999887064638928,4.999996363174112,4.999997662910662,4.999995072504143,-4.999999631789074,4.999999114708478,-4.999993422860445,4.99999526951596,-4.999981540435625
99.0,172.0,129.8841552734375,4.99998625592097,-4.999897334016035,4.999924590352932,4.9999995580402405,4.999987792759832,-4.99999989126044,4.999994493678333,-4.999997830584583,4.999993999449442,-4.999994399214435
99.0,172.0,129.8840789794922,4.999808172563665,-4.999999975998557,4.999993483498344,4.999978262222868,4.999990961559124,-4.999999998558925,4.999995186522539,-4.999999413374857,4.99999898255291,-4.999992550092341
99.0,172.0,129.88429260253906,4.999885218014629,-4.999972262169438,4.99991753025617,4.999993666543222,4.999996340487938,-4.999980415768264,4.999982443038055,-4.999994242697854,4.999999143661501,-4.99999115702608
99.0,172.0,129.88421630859375,4.999932718739841,-4.999909188170572,4.999936246618203,4.999968799352095,4.999996754490001,-4.999991304428985,4.9999966142537815,-4.999996720769362,4.999995861816908,-4.999994621565231
99.0,172.0,129.88412475585938,4.999991861582856,-4.999870885664319,4.999968340999761,4.999990795133471,4.999983466381653,-4.999999658298591,4.999988573248173,-4.999996274199454,4.999999062287477,-4.999995873578218
99.0,172.0,129.8840789794922,4.999777498715368,-4.999999600239838,4.999999603167874,4.999999998988834,4.9999985207338415,-4.999999986574358,4.999994668781455,-4.999991668481195,4.999997984225871,-4.999993379052014
99.0,172.0,129.88414001464844,4.999932268796765,-4.999871882264757,4.999969105478792,4.999999788757541,4.999985471025813,-4.99999193305861,4.99999424440995,-4.999995807698085,4.999997030238317,-4.999998581575391
99.0,172.0,129.88414001464844,4.999967305434533,-4.999861092906242,4.999993885047859,4.99998753172237,4.999997011846573,-4.999999958601739,4.999988636510505,-4.999992659114784,4.999998368502964,-4.999992457514617
99.0,173.0,129.88406372070312,4.999964397233843,-4.999941569218058,4.9999657037704655,4.999962839603992,4.999999877416243,-4.999997213074968,4.999997274790841,-4.999997133719237,4.999992393859372,-4.999998613452316
99.0,173.0,129.88424682617188,4.999888895118845,-4.999943904035206,4.999957031407138,4.999964765228016,4.999990627908686,-4.999999999568633,4.999991126301328,-4.9999854471227705,4.999996937141366,-4.999996720573768
99.0,173.0,129.88409423828125,4.999898757014417,-4.9999999918933575,4.999964900274014,4.999978489599673,4.9999987722716215,-4.999995511145558,4.999999315323108,-4.999986926642801,4.999996749701595,-4.999993168581518
99.0,173.0,129.88406372070312,4.999912149382482,-4.999999999807169,4.999990878641667,4.999992889393043,4.999999508843728,-4.999999259238665,4.999990639216915,-4.9999794919939085,4.99999766974347,-4.999993701905366
99.0,173.0,129.88404846191406,4.9999490441822285,-4.999900086932118,4.9999876201584215,4.999993021831886,4.999999323976077,-4.999997903210372,4.999999838512558,-4.999996427983893,4.999999997236144,-4.999988412015377
99.0,173.0,129.8841094970703,4.999788604378049,-4.999999999522266,4.999969824790519,4.999966926421232,4.999991281464726,-4.999999904555547,4.999999109854568,-4.999998076803088,4.999996901260364,-4.999998487893185
99.0,173.0,129.8841094970703,4.999972333294084,-4.999945871500788,4.9999999879403125,4.999976025519973,4.999994371878556,-4.999999098993505,4.999995090463645,-4.999999980918548,4.9999900999906295,-4.999985142248926
99.0,173.0,129.8841094970703,4.999949972814587,-4.999944903859037,4.999999980120182,4.999972190180028,4.9999951857973945,-4.999999998654838,4.999993168701328,-4.999993658692722,4.999996185866386,-4.999987077335875
99.0,173.0,129.88417053222656,4.999931429499622,-4.999996541754914,4.999999957598549,4.9999714454664,4.9999989697383365,-4.99999860686914,4.999987979697926,-4.999991929489201,4.999990929906913,-4.999984790958921
99.0,173.0,129.88406372070312,4.999955482988158,-4.999975269646539,4.999993442733068,4.999966166730539,4.999992814729941,-4.999999999731305,4.999994328710848,-4.999994446055867,4.999996850023445,-4.99998989152777
99.0,173.0,129.88414001464844,4.999986901466425,-4.999939204563603,4.999972314105289,4.999994000977578,4.999985235285688,-4.999999402567887,4.999972183567486,-4.999988148515789,4.999999072271935,-4.999996241737059
99.0,173.0,129.8840789794922,4.999994525383194,-4.999941035871911,4.999967200325578,4.999964849285201,4.999993265516903,-4.9999952263891725,4.999981952403987,-4.999995335337648,4.999996080276041,-4.999999893638271
99.0,173.0,129.88417053222656,4.999983431464641,-4.999990817812423,4.999967644943236,4.999973985483383,4.999991077446989,-4.999999937722079,4.999970287178497,-4.999990054498905,4.999995862752208,-4.9999925270135215
99.0,173.0,129.8840789794922,4.9999986714439,-4.9998721197245,4.999980196157388,4.99996736066534,4.999999876637687,-4.9999994368030585,4.999991935384539,-4.999999999955228,4.999993203260056,-4.9999982579188655
99.0,173.0,129.88404846191406,4.999895366466957,-4.999999988229276,4.999942330362901,4.999953209622177,4.999982725250362,-4.999999999757964,4.9999997265129625,-4.999999814672346,4.999999834092524,-4.999999924224134
99.0,173.0,129.8841094970703,4.999967693388738,-4.999962535690679,4.999962563873963,4.9999494407453,4.99999456730052,-4.999998706631403,4.999996204486197,-4.999985756566079,4.999994674713429,-4.99999990563088
99.0,173.0,129.88409423828125,4.999943800223977,-4.999939205242425,4.999976737473883,4.99999988078325,4.999984964445499,-4.999991949002596,4.999996549395829,-4.999993897589096,4.999996880289402,-4.999993446091215
99.0,173.0,129.8841094970703,4.999865263466488,-4.999991635681521,4.999999492866474,4.999991963955889,4.999999967762075,-4.999999585873432,4.9999894578003525,-4.99998810327324,4.999996977615716,-4.999988952261715
99.0,173.0,129.8842315673828,4.99992071394256,-4.999855828878856,4.999960661980973,4.999999983615542,4.999993637804728,-4.999987585372446,4.999997871979383,-4.999989139906389,4.999996061284784,-4.999996778119673
99.0,173.0,129.8842315673828,4.999802969833505,-4.999999517502648,4.999952931184517,4.999990747416575,4.999999899405213,-4.999999231536634,4.999991775866185,-4.999982537507175,4.999991311368395,-4.999996799695813
99.0,173.0,129.8841552734375,4.999798408419279,-4.999999978428946,4.9999991463063305,4.99997087741612,4.999996414307576,-4.999999718906382,4.999998445130276,-4.999999810459089,4.999994501404486,-4.999987184427695
99.0,173.0,129.88409423828125,4.999922668633667,-4.999976061633847,4.999999936250376,4.999989661139638,4.999999502817154,-4.999999659629591,4.999997534355495,-4.999987779511751,4.999996707664931,-4.99998364418571
99.0,173.0,129.88404846191406,4.999871023888965,-4.999999597764836,4.999980848390713,4.999998002690576,4.99999453922001,-4.999999923534053,4.999991813793386,-4.999996276837266,4.999992709160649,-4.999993767681147
99.0,173.0,129.8840789794922,4.999892992684577,-4.999981292657539,4.999998344769585,4.999999063187234,4.999999245103698,-4.999999948189036,4.999997350786902,-4.99997014670217,4.999997495581143,-4.999996182253091
99.0,173.0,129.88412475585938,4.9999933129824825,-4.999948692246798,4.999999970276666,4.999975757218224,4.99999717336468,-4.999999660006491,4.999997708688331,-4.999990950140895,4.999995156029713,-4.999980309356625
99.0,173.0,129.8841552734375,4.999921587578768,-4.999863634996773,4.9999975765405775,4.99999935041098,4.999999597438946,-4.999999922753801,4.999986224539933,-4.9999893932105,4.999997071027041,-4.999995248967084
99.0,173.0,129.88417053222656,4.999887010336863,-4.999999828327435,4.999973736973599,4.999998133391259,4.999999663599382,-4.999999612092751,4.999995333226593,-4.999979884720599,4.999994623131731,-4.999987759288276
99.0,173.0,129.88414001464844,4.999940361024326,-4.999991270419904,4.999922631282823,4.999971355100183,4.999984762405637,-4.999999954479625,4.999996039102419,-4.99999789062943,4.999990323054266,-4.999997007148606
99.0,173.0,129.8840789794922,4.99976197424694,-4.999999740635244,4.999998783909152,4.999997031120067,4.999999548636549,-4.999999998191579,4.999985701450685,-4.999998896216391,4.999994721190846,-4.999997711133576
99.0,173.0,129.88418579101562,4.999898541769856,-4.999956796476839,4.999982173271047,4.999998043168938,4.999997597887914,-4.999999994323084,4.999984949144329,-4.999965183492348,4.999997614544773,-4.999999874635389
99.0,173.0,129.88406372070312,4.999917174435568,-4.99999999976738,4.999959033825581,4.999991997549016,4.999998841164573,-4.999995081638362,4.999990179166058,-4.999983962622714,4.999997246819459,-4.999999190595126
99.0,173.0,129.88404846191406,4.999911032668372,-4.999943524451689,4.999978169465811,4.9999964295302135,4.999999915283601,-4.999995374762322,4.999999840827823,-4.99998459967148,4.999995933829394,-4.9999999979890735
99.0,173.0,129.88401794433594,4.99991954720053,-4.999999980687692,4.999984277553884,4.999998582559118,4.999999655627192,-4.999997894580435,4.999996165808938,-4.999994778993218,4.999999411121339,-4.999984630041604
99.0,173.0,129.8839874267578,4.999937776527412,-4.999990646558767,4.999944760998522,4.99996361010436,4.999986867022649,-4.99999997457302,4.999999758716016,-4.999999999744269,4.99999909060664,-4.999999927566191
99.0,173.0,129.884033203125,4.999996388542671,-4.999992921608101,4.99999968232088,4.999992068588547,4.999999975716512,-4.999999740858351,4.999985600566495,-4.999983858141414,4.999998107064968,-4.999986534971043
99.0,173.0,129.88401794433594,4.99983637250356,-4.999999281332454,4.999998785326406,4.99999999754539,4.9999986691068985,-4.99999998249809,4.999992381105722,-4.999996516690997,4.999998661862912,-4.99999236027659
99.0,173.0,129.8841094970703,4.999974259473856,-4.999997483417325,4.999959344166703,4.999934751178859,4.999993293338571,-4.999999737404709,4.999988511268792,-4.999994707230065,4.999997452737086,-4.999993892577788
99.0,173.0,129.8839874267578,4.999926497291567,-4.999969489459352,4.99998692090543,4.999993784377188,4.999999630006022,-4.999995217750781,4.999987963242395,-4.99999366790906,4.999995659073496,-4.9999998634656615
99.0,173.0,129.8841552734375,4.9999013719881145,-4.999863638767565,4.999976602945086,4.999985263205411,4.999994629298935,-4.999999922783768,4.999993693571333,-4.999992848973233,4.999997799723975,-4.999998718405629
99.0,173.0,129.8841094970703,4.999808684116958,-4.999999642633133,4.999994246645141,4.999999998022856,4.999999844702342,-4.999999997901036,4.999986529942236,-4.999987317434433,4.999999289136823,-4.999993746994047
99.0,173.0,129.8840789794922,4.999880051533244,-4.999998383712721,4.999997803165106,4.99999999209583,4.999998231943071,-4.999999980077007,4.999996407817777,-4.999987838196082,4.999998486515685,-4.99998591128474
99.0,173.0,129.88414001464844,4.9999950470616525,-4.999887064638928,4.999996363174112,4.999997662910662,4.999995072504143,-4.999999631789074,4.999999114708478,-4.999993422860445,4.99999526951596,-4.999981540435625
99.0,173.0,129.8841552734375,4.99998625592097,-4.999897334016035,4.999924590352932,4.9999995580402405,4.999987792759832,-4.99999989126044,4.999994493678333,-4.999997830584583,4.999993999449442,-4.999994399214435
99.0,173.0,129.8840789794922,4.999808172563665,-4.999999975998557,4.999993483498344,4.999978262222868,4.999990961559124,-4.999999998558925,4.999995186522539,-4.999999413374857,4.99999898255291,-4.999992550092341
99.0,173.0,129.88412475585938,4.999915467170661,-4.999969330924052,4.999971359659444,4.999957408557805,4.99998058775739,-4.9999999992964606,4.999984636939912,-4.999999973258023,4.999998822429747,-4.999996143235955
99.0,173.0,129.88421630859375,4.999932718739841,-4.999909188170572,4.999936246618203,4.999968799352095,4.999996754490001,-4.999991304428985,4.9999966142537815,-4.999996720769362,4.999995861816908,-4.999994621565231
99.0,173.0,129.88409423828125,4.9998226272972754,-4.999992157972349,4.999962669325912,4.999964902859222,4.999991347445131,-4.999999879063861,4.999997808078112,-4.999996274199454,4.999999062287477,-4.999999259837679
99.0,173.0,129.8840789794922,4.999777498715368,-4.999999600239838,4.999999603167874,4.999999998988834,4.9999985207338415,-4.999999986574358,4.999994668781455,-4.999991668481195,4.999997984225871,-4.999993379052014
99.0,173.0,129.8841094970703,4.999841660468987,-4.999981108410097,4.999997221470219,4.999999278679479,4.999999850256953,-4.99999193305861,4.999984190507615,-4.999988957027366,4.999997959858397,-4.999995565170864
99.0,173.0,129.88414001464844,4.999967305434533,-4.999861092906242,4.999993885047859,4.99998753172237,4.999997011846573,-4.999999958601739,4.999988636510505,-4.999992659114784,4.999998368502964,-4.999992457514617
99.0,174.0,129.88397216796875,4.999994874897016,-4.999952613144314,4.9999981525265005,4.999989304563121,4.999999877416243,-4.999997261293742,4.999993894232304,-4.9999847943525255,4.999994248295703,-4.999998613452316
99.0,174.0,129.88417053222656,4.99985029706279,-4.999996080535686,4.999954096160028,4.999961649749725,4.999994618180591,-4.999996503387271,4.999999429519683,-4.999987674245919,4.999996575284665,-4.999996419995052
99.0,174.0,129.88409423828125,4.999898757014417,-4.9999999918933575,4.999964900274014,4.999978489599673,4.9999987722716215,-4.999995511145558,4.999999315323108,-4.999986926642801,4.999996749701595,-4.999993168581518
99.0,174.0,129.88406372070312,4.999912149382482,-4.999999999807169,4.999990878641667,4.999992889393043,4.999999508843728,-4.999999259238665,4.999990639216915,-4.9999794919939085,4.99999766974347,-4.999993701905366
99.0,174.0,129.88404846191406,4.9999490441822285,-4.999900086932118,4.9999876201584215,4.999993021831886,4.999999323976077,-4.999997903210372,4.999999838512558,-4.999996427983893,4.999999997236144,-4.999988412015377
99.0,174.0,129.8841094970703,4.999788604378049,-4.999999999522266,4.999969824790519,4.999966926421232,4.999991281464726,-4.999999904555547,4.999999109854568,-4.999998076803088,4.999996901260364,-4.999998487893185
99.0,174.0,129.884033203125,4.999908355738375,-4.999993274380853,4.9999999879403125,4.999980100447082,4.999999995293874,-4.99999527144798,4.999987300753893,-4.999991581963129,4.999996752281968,-4.999996202526382
99.0,174.0,129.88400268554688,4.999949972814587,-4.999999820380035,4.999988028585765,4.999998019702856,4.999995758243134,-4.9999996842865535,4.999993268826309,-4.999993658692722,4.999995739557388,-4.999987450043687
99.0,174.0,129.88417053222656,4.999931429499622,-4.999996541754914,4.999999957598549,4.9999714454664,4.9999989697383365,-4.99999860686914,4.999987979697926,-4.999991929489201,4.999990929906913,-4.999984790958921
99.0,174.0,129.88406372070312,4.999955482988158,-4.999975269646539,4.999993442733068,4.999966166730539,4.999992814729941,-4.999999999731305,4.999994328710848,-4.999994446055867,4.999996850023445,-4.99998989152777
99.0,174.0,129.88414001464844,4.999986901466425,-4.999939204563603,4.999972314105289,4.999994000977578,4.999985235285688,-4.999999402567887,4.999972183567486,-4.999988148515789,4.999999072271935,-4.999996241737059
99.0,174.0,129.8840789794922,4.999994525383194,-4.999941035871911,4.999967200325578,4.999964849285201,4.999993265516903,-4.9999952263891725,4.999981952403987,-4.999995335337648,4.999996080276041,-4.999999893638271
99.0,174.0,129.8841094970703,4.999983431464641,-4.999999964134584,4.9999398096112255,4.999993232820432,4.999999928247211,-4.999999038255591,4.9999928581288176,-4.9999756505211135,4.999990530001067,-4.999997140672013
99.0,174.0,129.8840789794922,4.9999986714439,-4.9998721197245,4.999980196157388,4.99996736066534,4.999999876637687,-4.9999994368030585,4.999991935384539,-4.999999999955228,4.999993203260056,-4.9999982579188655
99.0,174.0,129.88404846191406,4.999895366466957,-4.999999988229276,4.999942330362901,4.999953209622177,4.999982725250362,-4.999999999757964,4.9999997265129625,-4.999999814672346,4.999999834092524,-4.999999924224134
99.0,174.0,129.8841094970703,4.999967693388738,-4.999962535690679,4.999962563873963,4.9999494407453,4.99999456730052,-4.999998706631403,4.999996204486197,-4.999985756566079,4.999994674713429,-4.99999990563088
99.0,174.0,129.88406372070312,4.999960799004064,-4.999998827312325,4.999951837422133,4.999960306442817,4.999995656034168,-4.999995144294341,4.999986768187158,-4.999991373877448,4.999998661622136,-4.999999671722447
99.0,174.0,129.8841094970703,4.999865263466488,-4.999991635681521,4.999999492866474,4.999991963955889,4.999999967762075,-4.999999585873432,4.9999894578003525,-4.99998810327324,4.999996977615716,-4.999988952261715
99.0,174.0,129.88414001464844,4.999777875442344,-4.999980223960444,4.999961621669113,4.999974783289803,4.999990752121784,-4.999995820770172,4.999994639305264,-4.999999672218084,4.999999335446507,-4.999999706196645
99.0,174.0,129.8842010498047,4.999944303533136,-4.9999778098391205,4.999996327140271,4.999990747416575,4.999999164501428,-4.999998007907068,4.999986527013741,-4.999982537507175,4.9999898166334455,-4.999985499827769
99.0,174.0,129.8841094970703,4.999940500961856,-4.9999969943311,4.999999062601231,4.999999506715205,4.99999941995403,-4.999999857226326,4.999993304284484,-4.99996565128626,4.99999764925164,-4.999990090535798
99.0,174.0,129.88409423828125,4.999922668633667,-4.999976061633847,4.999999936250376,4.999989661139638,4.999999502817154,-4.999999659629591,4.999997534355495,-4.999987779511751,4.999996707664931,-4.99998364418571
99.0,174.0,129.88404846191406,4.999871023888965,-4.999999597764836,4.999980848390713,4.999998002690576,4.99999453922001,-4.999999923534053,4.999991813793386,-4.999996276837266,4.999992709160649,-4.999993767681147
99.0,174.0,129.8840789794922,4.999892992684577,-4.999981292657539,4.999998344769585,4.999999063187234,4.999999245103698,-4.999999948189036,4.999997350786902,-4.99997014670217,4.999997495581143,-4.999996182253091
99.0,174.0,129.8839874267578,4.9999933129824825,-4.999983354096306,4.999972348624449,4.999976635622,4.9999931849199015,-4.999999817101305,4.999998646535756,-4.999990950140895,4.999997899135786,-4.999991785875951
99.0,174.0,129.8841552734375,4.999921587578768,-4.999863634996773,4.9999975765405775,4.99999935041098,4.999999597438946,-4.999999922753801,4.999986224539933,-4.9999893932105,4.999997071027041,-4.999995248967084
99.0,174.0,129.8840789794922,4.999912767669263,-4.999917717827279,4.999973736973599,4.999998562677911,4.999996994202951,-4.999995107185226,4.999999910243968,-4.999983646679922,4.999997538589257,-4.99999999930628
99.0,174.0,129.88412475585938,4.999953289539537,-4.999999999954904,4.999996925263869,4.999982553237048,4.999998137884267,-4.999999692464009,4.999989573147169,-4.9999826672286165,4.99999728084363,-4.999983857589141
99.0,174.0,129.8840789794922,4.99976197424694,-4.999999740635244,4.999998783909152,4.999997031120067,4.999999548636549,-4.999999998191579,4.999985701450685,-4.999998896216391,4.999994721190846,-4.999997711133576
99.0,174.0,129.88418579101562,4.999898541769856,-4.999956796476839,4.999982173271047,4.999998043168938,4.999997597887914,-4.999999994323084,4.999984949144329,-4.999965183492348,4.999997614544773,-4.999999874635389
99.0,174.0,129.88404846191406,4.999917174435568,-4.999999772076644,4.999979767085824,4.999984945673439,4.99999571111643,-4.99999995108302,4.999993234144178,-4.999986907727783,4.999997246819459,-4.999994135373852
99.0,174.0,129.88404846191406,4.999911032668372,-4.999943524451689,4.999978169465811,4.9999964295302135,4.999999915283601,-4.999995374762322,4.999999840827823,-4.99998459967148,4.999995933829394,-4.9999999979890735
99.0,174.0,129.88401794433594,4.99991954720053,-4.999999980687692,4.999984277553884,4.999998582559118,4.999999655627192,-4.999997894580435,4.999996165808938,-4.999994778993218,4.999999411121339,-4.999984630041604
99.0,174.0,129.8839874267578,4.999937776527412,-4.999990646558767,4.999944760998522,4.99996361010436,4.999986867022649,-4.99999997457302,4.999999758716016,-4.999999999744269,4.99999909060664,-4.999999927566191
99.0,174.0,129.884033203125,4.999996388542671,-4.999992921608101,4.99999968232088,4.999992068588547,4.999999975716512,-4.999999740858351,4.999985600566495,-4.999983858141414,4.999998107064968,-4.999986534971043
99.0,174.0,129.88401794433594,4.99983637250356,-4.999999281332454,4.999998785326406,4.99999999754539,4.9999986691068985,-4.99999998249809,4.999992381105722,-4.999996516690997,4.999998661862912,-4.99999236027659
99.0,174.0,129.8841094970703,4.999974259473856,-4.999997483417325,4.999959344166703,4.999934751178859,4.999993293338571,-4.999999737404709,4.999988511268792,-4.999994707230065,4.999997452737086,-4.999993892577788
99.0,174.0,129.8839874267578,4.999926497291567,-4.999969489459352,4.99998692090543,4.999993784377188,4.999999630006022,-4.999995217750781,4.999987963242395,-4.99999366790906,4.999995659073496,-4.9999998634656615
99.0,174.0,129.8841552734375,4.9999013719881145,-4.999863638767565,4.999976602945086,4.999985263205411,4.999994629298935,-4.999999922783768,4.999993693571333,-4.999992848973233,4.999997799723975,-4.999998718405629
99.0,174.0,129.8841094970703,4.999808684116958,-4.999999642633133,4.999994246645141,4.999999998022856,4.999999844702342,-4.999999997901036,4.999986529942236,-4.999987317434433,4.999999289136823,-4.999993746994047
99.0,174.0,129.8840789794922,4.999880051533244,-4.999998383712721,4.999997803165106,4.99999999209583,4.999998231943071,-4.999999980077007,4.999996407817777,-4.999987838196082,4.999998486515685,-4.99998591128474
99.0,174.0,129.88414001464844,4.9999950470616525,-4.999887064638928,4.999996363174112,4.999997662910662,4.999995072504143,-4.999999631789074,4.999999114708478,-4.999993422860445,4.99999526951596,-4.999981540435625
99.0,174.0,129.88414001464844,4.999963236265896,-4.999979385904918,4.999976433355264,4.999951104308574,4.99999103595737,-4.999999494190954,4.9999947314462005,-4.999984412734394,4.999993999449442,-4.999995544668607
99.0,174.0,129.8840789794922,4.999808172563665,-4.999999975998557,4.999993483498344,4.999978262222868,4.999990961559124,-4.999999998558925,4.999995186522539,-4.999999413374857,4.99999898255291,-4.999992550092341
99.0,174.0,129.8839874267578,4.999933204978413,-4.999941213937607,4.999982646296662,4.999973593576851,4.999999894403608,-4.999999448751234,4.999993807682148,-4.999999999997751,4.999998822429747,-4.999998209299852
99.0,174.0,129.88418579101562,4.999816928716601,-4.999994303304361,4.999999803104091,4.999992627125302,4.99999995372182,-4.999999766784695,4.999987262453947,-4.999993363408834,4.999995861816908,-4.999985883286849
99.0,174.0,129.88409423828125,4.9998226272972754,-4.999992157972349,4.999962669325912,4.999964902859222,4.999991347445131,-4.999999879063861,4.999997808078112,-4.999996274199454,4.999999062287477,-4.999999259837679
99.0,174.0,129.8840789794922,4.999777498715368,-4.999999600239838,4.999999603167874,4.999999998988834,4.9999985207338415,-4.999999986574358,4.999994668781455,-4.999991668481195,4.999997984225871,-4.999993379052014
99.0,174.0,129.8841094970703,4.999841660468987,-4.999981108410097,4.999997221470219,4.999999278679479,4.999999850256953,-4.99999193305861,4.999984190507615,-4.999988957027366,4.999997959858397,-4.999995565170864
99.0,174.0,129.8841094970703,4.999793776284599,-4.999994314634515,4.9999960714444365,4.999999843613919,4.999999862010562,-4.999992075436803,4.999992871967175,-4.999992659114784,4.999998294571174,-4.999992457514617
99.0,175.0,129.88392639160156,4.999994874897016,-4.999952613144314,4.9999981525265005,4.999979808731329,4.999999877416243,-4.999999911870044,4.999998428180277,-4.999996403780575,4.999992609895558,-4.9999968579672185
99.0,175.0,129.88417053222656,4.99985029706279,-4.999996080535686,4.999954096160028,4.999961649749725,4.999994618180591,-4.999996503387271,4.999999429519683,-4.999987674245919,4.999996575284665,-4.999996419995052
99.0,175.0,129.88409423828125,4.999898757014417,-4.9999999918933575,4.999964900274014,4.999978489599673,4.9999987722716215,-4.999995511145558,4.999999315323108,-4.999986926642801,4.999996749701595,-4.999993168581518
99.0,175.0,129.88406372070312,4.999912149382482,-4.999999999807169,4.999990878641667,4.999992889393043,4.999999508843728,-4.999999259238665,4.999990639216915,-4.9999794919939085,4.99999766974347,-4.999993701905366
99.0,175.0,129.8839874267578,4.999931293603509,-4.999984665515502,4.999989763610946,4.999988424809782,4.9999999619260524,-4.999997667401713,4.999994672279424,-4.999996427983893,4.99999580495658,-4.999991927130504
99.0,175.0,129.8841094970703,4.999788604378049,-4.999999999522266,4.999969824790519,4.999966926421232,4.999991281464726,-4.999999904555547,4.999999109854568,-4.999998076803088,4.999996901260364,-4.999998487893185
99.0,175.0,129.884033203125,4.999908355738375,-4.999993274380853,4.9999999879403125,4.999980100447082,4.999999995293874,-4.99999527144798,4.999987300753893,-4.999991581963129,4.999996752281968,-4.999996202526382
99.0,175.0,129.88400268554688,4.999949972814587,-4.999999820380035,4.999988028585765,4.999998019702856,4.999995758243134,-4.9999996842865535,4.999993268826309,-4.999993658692722,4.999995739557388,-4.999987450043687
99.0,175.0,129.88414001464844,4.999906215119091,-4.999988606354587,4.999945760968014,4.999959927619096,4.999987727912023,-4.999999867926864,4.999987979697926,-4.999991929489201,4.999997778257251,-4.999999913567246
99.0,175.0,129.88406372070312,4.999955482988158,-4.999975269646539,4.999993442733068,4.999966166730539,4.999992814729941,-4.999999999731305,4.999994328710848,-4.999994446055867,4.999996850023445,-4.99998989152777
99.0,175.0,129.8840789794922,4.999957129262233,-4.999991214006531,4.999988002740796,4.999998616076778,4.999995512004775,-4.999999886267939,4.99999838562711,-4.999988148515789,4.99999571724887,-4.999981170873351
99.0,175.0,129.8840789794922,4.999994525383194,-4.999941035871911,4.999967200325578,4.999964849285201,4.999993265516903,-4.9999952263891725,4.999981952403987,-4.999995335337648,4.999996080276041,-4.999999893638271
99.0,175.0,129.88406372070312,4.999970905800169,-4.999891173143903,4.999965158569885,4.9999890459036855,4.999996964543845,-4.999994948168496,4.999999917710484,-4.999986964974381,4.999999018895677,-4.9999999997877
99.0,175.0,129.8840789794922,4.9999986714439,-4.9998721197245,4.999980196157388,4.99996736066534,4.999999876637687,-4.9999994368030585,4.999991935384539,-4.999999999955228,4.999993203260056,-4.9999982579188655
99.0,175.0,129.88404846191406,4.999895366466957,-4.999999988229276,4.999942330362901,4.999953209622177,4.999982725250362,-4.999999999757964,4.9999997265129625,-4.999999814672346,4.999999834092524,-4.999999924224134
99.0,175.0,129.88409423828125,4.999972143398431,-4.999881565280585,4.999966497817538,4.999951184536217,4.999995592241573,-4.999999583321952,4.999999395058016,-4.999999999957364,4.999994674713429,-4.9999997192800265
99.0,175.0,129.884033203125,4.999923742204781,-4.9999817648261,4.9999842138317785,4.999960306442817,4.999999766822426,-4.9999950600284055,4.9999874333001255,-4.999993274227487,4.999998661622136,-4.999999671722447
99.0,175.0,129.8841094970703,4.999865263466488,-4.999991635681521,4.999999492866474,4.999991963955889,4.999999967762075,-4.999999585873432,4.9999894578003525,-4.99998810327324,4.999996977615716,-4.999988952261715
99.0,175.0,129.8840789794922,4.999903405256173,-4.99996410247757,4.999961621669113,4.999984551216218,4.999998740986772,-4.9999929952257975,4.999994639305264,-4.999989515547215,4.99999716774413,-4.9999998377136015
99.0,175.0,129.8841552734375,4.999957131065606,-4.999985752882848,4.9999918727848165,4.999959467301194,4.99999015967208,-4.999999528182576,4.999986527013741,-4.999988757479288,4.99999508710445,-4.999990537617052
99.0,175.0,129.88406372070312,4.9999530995835695,-4.99998830861305,4.999999062601231,4.999999506715205,4.99999768307672,-4.999998673276515,4.99999066855265,-4.999990575213287,4.999992009696111,-4.999986958875053
99.0,175.0,129.88406372070312,4.9999952983046025,-4.999920916793007,4.999962915402527,4.999960562597067,4.999999502817154,-4.999999606889671,4.999997962085784,-4.999994477278165,4.999995676139994,-4.999995869567485
99.0,175.0,129.88397216796875,4.999947354876365,-4.999999989543822,4.999941027934563,4.999998002690576,4.999986998892664,-4.999999630097834,4.999997452860151,-4.999989853981872,4.999999177687804,-4.999999929176937
99.0,175.0,129.8840789794922,4.999892992684577,-4.999981292657539,4.999998344769585,4.999999063187234,4.999999245103698,-4.999999948189036,4.999997350786902,-4.99997014670217,4.999997495581143,-4.999996182253091
99.0,175.0,129.8839874267578,4.9999933129824825,-4.999983354096306,4.999972348624449,4.999976635622,4.9999931849199015,-4.999999817101305,4.999998646535756,-4.999990950140895,4.999997899135786,-4.999991785875951
99.0,175.0,129.8841552734375,4.999921587578768,-4.999863634996773,4.9999975765405775,4.99999935041098,4.999999597438946,-4.999999922753801,4.999986224539933,-4.9999893932105,4.999997071027041,-4.999995248967084
99.0,175.0,129.8840789794922,4.999912767669263,-4.999917717827279,4.999973736973599,4.999998562677911,4.999996994202951,-4.999995107185226,4.999999910243968,-4.999983646679922,4.999997538589257,-4.99999999930628
99.0,175.0,129.88412475585938,4.999953289539537,-4.999999999954904,4.999996925263869,4.999982553237048,4.999998137884267,-4.999999692464009,4.999989573147169,-4.9999826672286165,4.99999728084363,-4.999983857589141
99.0,175.0,129.88406372070312,4.999827419391833,-4.999999999882646,4.999999282375465,4.9999998363246005,4.999999845164139,-4.999995549861589,4.999989709477402,-4.999983615184103,4.999999817304336,-4.999997711133576
99.0,175.0,129.8841552734375,4.999830766081891,-4.999956796476839,4.999960903464194,4.999964825171765,4.999992018083491,-4.999995923495083,4.999996909670973,-4.999996769516248,4.999999217460129,-4.999998799068981
99.0,175.0,129.88404846191406,4.999917174435568,-4.999999772076644,4.999979767085824,4.999984945673439,4.99999571111643,-4.99999995108302,4.999993234144178,-4.999986907727783,4.999997246819459,-4.999994135373852
99.0,175.0,129.88404846191406,4.999911032668372,-4.999943524451689,4.999978169465811,4.9999964295302135,4.999999915283601,-4.999995374762322,4.999999840827823,-4.99998459967148,4.999995933829394,-4.9999999979890735
99.0,175.0,129.88401794433594,4.99991954720053,-4.999999980687692,4.999984277553884,4.999998582559118,4.999999655627192,-4.999997894580435,4.999996165808938,-4.999994778993218,4.999999411121339,-4.999984630041604
99.0,175.0,129.8839874267578,4.999937776527412,-4.999990646558767,4.999944760998522,4.99996361010436,4.999986867022649,-4.99999997457302,4.999999758716016,-4.999999999744269,4.99999909060664,-4.999999927566191
99.0,175.0,129.884033203125,4.999996388542671,-4.999992921608101,4.99999968232088,4.999992068588547,4.999999975716512,-4.999999740858351,4.999985600566495,-4.999983858141414,4.999998107064968,-4.999986534971043
99.0,175.0,129.8839569091797,4.999861160546713,-4.999990116091346,4.999998785326406,4.999973917865777,4.999999356051056,-4.999999480661513,4.999998029802908,-4.999999999997905,4.999999279029162,-4.9999972743423164
99.0,175.0,129.8841094970703,4.999974259473856,-4.999997483417325,4.999959344166703,4.999934751178859,4.999993293338571,-4.999999737404709,4.999988511268792,-4.999994707230065,4.999997452737086,-4.999993892577788
99.0,175.0,129.8839874267578,4.999926497291567,-4.999969489459352,4.99998692090543,4.999993784377188,4.999999630006022,-4.999995217750781,4.999987963242395,-4.99999366790906,4.999995659073496,-4.9999998634656615
99.0,175.0,129.8840789794922,4.9998746958135145,-4.999999870478741,4.999976602945086,4.99998667808598,4.999999116303416,-4.999997678256358,4.999987561253246,-4.999987223638899,4.99999667339255,-4.999998718405629
99.0,175.0,129.8841094970703,4.999808684116958,-4.999999642633133,4.999994246645141,4.999999998022856,4.999999844702342,-4.999999997901036,4.999986529942236,-4.999987317434433,4.999999289136823,-4.999993746994047
99.0,175.0,129.8840789794922,4.999880051533244,-4.999998383712721,4.999997803165106,4.99999999209583,4.999998231943071,-4.999999980077007,4.999996407817777,-4.999987838196082,4.999998486515685,-4.99998591128474
99.0,175.0,129.8841094970703,4.999934090074,-4.999992749241721,4.999999629760221,4.9999777648821295,4.999999521625962,-4.999999709591337,4.999999114708478,-4.999987738460448,4.999993295283585,-4.999985118983867
99.0,175.0,129.88412475585938,4.999871663016142,-4.999999991246238,4.999976433355264,4.999999615706876,4.999999881068698,-4.999998036958628,4.999999879822662,-4.999990574645795,4.999999745834115,-4.999981267513228
99.0,175.0,129.88401794433594,4.999931837467774,-4.999998821449511,4.999924539971649,4.999978262222868,4.999987949717215,-4.999995297941319,4.999995186522539,-4.999999413374857,4.999999938246583,-4.9999998461973965
99.0,175.0,129.8839874267578,4.999933204978413,-4.999941213937607,4.999982646296662,4.999973593576851,4.999999894403608,-4.999999448751234,4.999993807682148,-4.999999999997751,4.999998822429747,-4.999998209299852
99.0,175.0,129.88418579101562,4.999816928716601,-4.999994303304361,4.999999803104091,4.999992627125302,4.99999995372182,-4.999999766784695,4.999987262453947,-4.999993363408834,4.999995861816908,-4.999985883286849
99.0,175.0,129.88409423828125,4.9998226272972754,-4.999992157972349,4.999962669325912,4.999964902859222,4.999991347445131,-4.999999879063861,4.999997808078112,-4.999996274199454,4.999999062287477,-4.999999259837679
99.0,175.0,129.8840789794922,4.999777498715368,-4.999999600239838,4.999999603167874,4.999999998988834,4.9999985207338415,-4.999999986574358,4.999994668781455,-4.999991668481195,4.999997984225871,-4.999993379052014
99.0,175.0,129.8841094970703,4.999841660468987,-4.999981108410097,4.999997221470219,4.999999278679479,4.999999850256953,-4.99999193305861,4.999984190507615,-4.999988957027366,4.999997959858397,-4.999995565170864
99.0,175.0,129.88401794433594,4.999848935155286,-4.999999693250649,4.9999994416335705,4.9999999985085255,4.999999485125829,-4.999997629981596,4.9999895159412535,-4.999996926158911,4.999997591537673,-4.999992932806606
99.0,176.0,129.88392639160156,4.999994874897016,-4.999952613144314,4.9999981525265005,4.999979808731329,4.999999877416243,-4.999999911870044,4.999998428180277,-4.999996403780575,4.999992609895558,-4.9999968579672185
99.0,176.0,129.8841094970703,4.999941962963519,-4.99992454211347,4.999962741710149,4.999971598318303,4.999999664586243,-4.999997527024798,4.999993259470246,-4.999992415639992,4.9999989371503695,-4.999997237113602
99.0,176.0,129.88409423828125,4.999898757014417,-4.9999999918933575,4.999964900274014,4.999978489599673,4.9999987722716215,-4.999995511145558,4.999999315323108,-4.999986926642801,4.999996749701595,-4.999993168581518
99.0,176.0,129.88406372070312,4.999912149382482,-4.999999999807169,4.999990878641667,4.999992889393043,4.999999508843728,-4.999999259238665,4.999990639216915,-4.9999794919939085,4.99999766974347,-4.999993701905366
99.0,176.0,129.8839874267578,4.999931293603509,-4.999984665515502,4.999989763610946,4.999988424809782,4.9999999619260524,-4.999997667401713,4.999994672279424,-4.999996427983893,4.99999580495658,-4.999991927130504
99.0,176.0,129.8839874267578,4.999923529959981,-4.999969484253811,4.999958972240776,4.999999387279768,4.999994060510221,-4.999995186567694,4.999991903098886,-4.999997261285687,4.999996607495582,-4.999999938157156
99.0,176.0,129.884033203125,4.999908355738375,-4.999993274380853,4.9999999879403125,4.999980100447082,4.999999995293874,-4.99999527144798,4.999987300753893,-4.999991581963129,4.999996752281968,-4.999996202526382
99.0,176.0,129.88400268554688,4.999949972814587,-4.999999820380035,4.999988028585765,4.999998019702856,4.999995758243134,-4.9999996842865535,4.999993268826309,-4.999993658692722,4.999995739557388,-4.999987450043687
99.0,176.0,129.8841094970703,4.999936187576125,-4.999983641310925,4.999999597899167,4.999958626823979,4.999999577223579,-4.999998292315322,4.999994748454072,-4.999986986077582,4.999992920533984,-4.999992639824288
99.0,176.0,129.88406372070312,4.999955482988158,-4.999975269646539,4.999993442733068,4.999966166730539,4.999992814729941,-4.999999999731305,4.999994328710848,-4.999994446055867,4.999996850023445,-4.99998989152777
99.0,176.0,129.88397216796875,4.99993025781397,-4.99999991588333,4.9999879286176565,4.9999987682272895,4.999995041749145,-4.9999997941813845,4.999996971990063,-4.999992811228903,4.99999680076187,-4.999991197926269
99.0,176.0,129.88406372070312,4.999965650785317,-4.999997615442385,4.99997577799448,4.999992881888981,4.999997358115168,-4.999997481278358,4.999983870559886,-4.999988089758395,4.999999126620367,-4.999990565131766
99.0,176.0,129.88406372070312,4.999970905800169,-4.999891173143903,4.999965158569885,4.9999890459036855,4.999996964543845,-4.999994948168496,4.999999917710484,-4.999986964974381,4.999999018895677,-4.9999999997877
99.0,176.0,129.88406372070312,4.9999986714439,-4.999999983035536,4.9999965658735945,4.999999491815904,4.999999836412422,-4.999997832261787,4.9999916291146445,-4.99999063753708,4.999993203260056,-4.9999806658982
99.0,176.0,129.88400268554688,4.999931425386844,-4.999989678577361,4.999958968063526,4.999988422855379,4.999998909249104,-4.999993379690192,4.9999997265129625,-4.999999814672346,4.999994939723762,-4.999994463143191
99.0,176.0,129.8840789794922,4.999993297721587,-4.999895850094516,4.999938366684353,4.999971319362249,4.999990775503321,-4.999994961360487,4.999999973851806,-4.99999937691202,4.999994674713429,-4.999999999880038
99.0,176.0,129.884033203125,4.999923742204781,-4.9999817648261,4.9999842138317785,4.999960306442817,4.999999766822426,-4.9999950600284055,4.9999874333001255,-4.999993274227487,4.999998661622136,-4.999999671722447
99.0,176.0,129.8841094970703,4.999865263466488,-4.999991635681521,4.999999492866474,4.999991963955889,4.999999967762075,-4.999999585873432,4.9999894578003525,-4.99998810327324,4.999996977615716,-4.999988952261715
99.0,176.0,129.8840789794922,4.999903405256173,-4.99996410247757,4.999961621669113,4.999984551216218,4.999998740986772,-4.9999929952257975,4.999994639305264,-4.999989515547215,4.99999716774413,-4.9999998377136015
99.0,176.0,129.88401794433594,4.9999201545986365,-4.999967637661036,4.999984365392743,4.999992138232938,4.999999979103578,-4.999997391911678,4.9999944117650745,-4.999999204954835,4.999996791159731,-4.999990537617052
99.0,176.0,129.88406372070312,4.9999530995835695,-4.99998830861305,4.999999062601231,4.999999506715205,4.99999768307672,-4.999998673276515,4.99999066855265,-4.999990575213287,4.999992009696111,-4.999986958875053
99.0,176.0,129.88406372070312,4.9999952983046025,-4.999920916793007,4.999962915402527,4.999960562597067,4.999999502817154,-4.999999606889671,4.999997962085784,-4.999994477278165,4.999995676139994,-4.999995869567485
99.0,176.0,129.88397216796875,4.999947354876365,-4.999999989543822,4.999941027934563,4.999998002690576,4.999986998892664,-4.999999630097834,4.999997452860151,-4.999989853981872,4.999999177687804,-4.999999929176937
99.0,176.0,129.8840789794922,4.999892992684577,-4.999981292657539,4.999998344769585,4.999999063187234,4.999999245103698,-4.999999948189036,4.999997350786902,-4.99997014670217,4.999997495581143,-4.999996182253091
99.0,176.0,129.8839874267578,4.9999933129824825,-4.999983354096306,4.999972348624449,4.999976635622,4.9999931849199015,-4.999999817101305,4.999998646535756,-4.999990950140895,4.999997899135786,-4.999991785875951
99.0,176.0,129.88404846191406,4.999937625026647,-4.999972238116399,4.99999173262553,4.999949463823644,4.999999770375765,-4.999997304345687,4.999983442137153,-4.99999979171791,4.999995753804326,-4.99999880078803
99.0,176.0,129.88394165039062,4.999985713413205,-4.999917717827279,4.999997128973007,4.9999992737672025,4.99999479537443,-4.999999886560092,4.999997994135147,-4.999989786463278,4.999996379174431,-4.99999999930628
99.0,176.0,129.88412475585938,4.999953289539537,-4.999999999954904,4.999996925263869,4.999982553237048,4.999998137884267,-4.999999692464009,4.999989573147169,-4.9999826672286165,4.99999728084363,-4.999983857589141
99.0,176.0,129.8839569091797,4.999967227016992,-4.9999999999572,4.999998140140308,4.999991471868565,4.999998847356322,-4.999999613296245,4.9999951406524445,-4.99998057171424,4.999995039356797,-4.999997711133576
99.0,176.0,129.8841094970703,4.999882770661289,-4.999976935090571,4.999985927385664,4.999999094251651,4.999998952504027,-4.999994945143582,4.9999955323234175,-4.999973392698195,4.999999036104278,-4.99999699061895
99.0,176.0,129.88404846191406,4.999917174435568,-4.999999772076644,4.999979767085824,4.999984945673439,4.99999571111643,-4.99999995108302,4.999993234144178,-4.999986907727783,4.999997246819459,-4.999994135373852
99.0,176.0,129.8839874267578,4.999911032668372,-4.999987634802331,4.999999491416585,4.9999864749933485,4.999996498107246,-4.999995920107909,4.999991554224369,-4.999992013202649,4.999999407444324,-4.999995805944778
99.0,176.0,129.8839111328125,4.999907994274318,-4.999999980687692,4.999979646029017,4.999998582559118,4.999995563280552,-4.999999980972799,4.9999995463211215,-4.999999700645205,4.999993087506812,-4.999998443590609
99.0,176.0,129.8839874267578,4.999937776527412,-4.999990646558767,4.999944760998522,4.99996361010436,4.999986867022649,-4.99999997457302,4.999999758716016,-4.999999999744269,4.99999909060664,-4.999999927566191
99.0,176.0,129.884033203125,4.999996388542671,-4.999992921608101,4.99999968232088,4.999992068588547,4.999999975716512,-4.999999740858351,4.999985600566495,-4.999983858141414,4.999998107064968,-4.999986534971043
99.0,176.0,129.8839569091797,4.999861160546713,-4.999990116091346,4.999998785326406,4.999973917865777,4.999999356051056,-4.999999480661513,4.999998029802908,-4.999999999997905,4.999999279029162,-4.9999972743423164
99.0,176.0,129.8841094970703,4.999974259473856,-4.999997483417325,4.999959344166703,4.999934751178859,4.999993293338571,-4.999999737404709,4.999988511268792,-4.999994707230065,4.999997452737086,-4.999993892577788
99.0,176.0,129.8839874267578,4.999926497291567,-4.999969489459352,4.99998692090543,4.999993784377188,4.999999630006022,-4.999995217750781,4.999987963242395,-4.99999366790906,4.999995659073496,-4.9999998634656615
99.0,176.0,129.88406372070312,4.999928995242373,-4.9999377927198925,4.999987817223515,4.999998435317149,4.999999116303416,-4.999994735859069,4.999998558032059,-4.999986433414232,4.999993315267719,-4.9999964097396745
99.0,176.0,129.8840789794922,4.999917877645806,-4.999939902714621,4.999983705548466,4.999955939357587,4.9999989498763,-4.999995726470699,4.999991664006576,-4.999996294335167,4.999998084790627,-4.999998761249472
99.0,176.0,129.884033203125,4.999880051533244,-4.999999056932445,4.9999997400611935,4.999990466281986,4.999996120495929,-4.9999953877234855,4.999986425782266,-4.999993237655303,4.9999978266165135,-4.999994890260656
99.0,176.0,129.8841094970703,4.999934090074,-4.999992749241721,4.999999629760221,4.9999777648821295,4.999999521625962,-4.999999709591337,4.999999114708478,-4.999987738460448,4.999993295283585,-4.999985118983867
99.0,176.0,129.8839569091797,4.999869189176122,-4.99999990065147,4.999983223356619,4.99999217095573,4.999999881068698,-4.999999927322489,4.999998985538761,-4.999992528987091,4.999999342781814,-4.999997503736484
99.0,176.0,129.88401794433594,4.999931837467774,-4.999998821449511,4.999924539971649,4.999978262222868,4.999987949717215,-4.999995297941319,4.999995186522539,-4.999999413374857,4.999999938246583,-4.9999998461973965
99.0,176.0,129.8839874267578,4.999933204978413,-4.999941213937607,4.999982646296662,4.999973593576851,4.999999894403608,-4.999999448751234,4.999993807682148,-4.999999999997751,4.999998822429747,-4.999998209299852
99.0,176.0,129.88417053222656,4.99993792994243,-4.9999974238847855,4.999977131671964,4.999929088876561,4.999999352043947,-4.999999766784695,4.999983565465339,-4.999993392058578,4.999996200589459,-4.999993287192133
99.0,176.0,129.88409423828125,4.9998226272972754,-4.999992157972349,4.999962669325912,4.999964902859222,4.999991347445131,-4.999999879063861,4.999997808078112,-4.999996274199454,4.999999062287477,-4.999999259837679
99.0,176.0,129.8840789794922,4.999777498715368,-4.999999600239838,4.999999603167874,4.999999998988834,4.9999985207338415,-4.999999986574358,4.999994668781455,-4.999991668481195,4.999997984225871,-4.999993379052014
99.0,176.0,129.8841094970703,4.999841660468987,-4.999981108410097,4.999997221470219,4.999999278679479,4.999999850256953,-4.99999193305861,4.999984190507615,-4.999988957027366,4.999997959858397,-4.999995565170864
99.0,176.0,129.88401794433594,4.999848935155286,-4.999999693250649,4.9999994416335705,4.9999999985085255,4.999999485125829,-4.999997629981596,4.9999895159412535,-4.999996926158911,4.999997591537673,-4.999992932806606
99.0,177.0,129.88392639160156,4.999994874897016,-4.999952613144314,4.9999981525265005,4.999979808731329,4.999999877416243,-4.999999911870044,4.999998428180277,-4.999996403780575,4.999992609895558,-4.9999968579672185
99.0,177.0,129.8841094970703,4.999941962963519,-4.99992454211347,4.999962741710149,4.999971598318303,4.999999664586243,-4.999997527024798,4.999993259470246,-4.999992415639992,4.9999989371503695,-4.999997237113602
99.0,177.0,129.8840789794922,4.99999885651987,-4.999894795097152,4.9999404225218775,4.99999256734203,4.9999987722716215,-4.999994466054672,4.999999987730006,-4.999994446451552,4.999992289951976,-4.999998824125139
99.0,177.0,129.88397216796875,4.999945041111797,-4.999999999807169,4.999993600098893,4.999987098772234,4.999997044853597,-4.999999729132888,4.999999763791399,-4.999988353093335,4.999993319523536,-4.999993701905366
99.0,177.0,129.8839874267578,4.999931293603509,-4.999984665515502,4.999989763610946,4.999988424809782,4.9999999619260524,-4.999997667401713,4.999994672279424,-4.999996427983893,4.99999580495658,-4.999991927130504
99.0,177.0,129.8839874267578,4.999923529959981,-4.999969484253811,4.999958972240776,4.999999387279768,4.999994060510221,-4.999995186567694,4.999991903098886,-4.999997261285687,4.999996607495582,-4.999999938157156
99.0,177.0,129.884033203125,4.999908355738375,-4.999993274380853,4.9999999879403125,4.999980100447082,4.999999995293874,-4.99999527144798,4.999987300753893,-4.999991581963129,4.999996752281968,-4.999996202526382
99.0,177.0,129.88400268554688,4.999949972814587,-4.999999820380035,4.999988028585765,4.999998019702856,4.999995758243134,-4.9999996842865535,4.999993268826309,-4.999993658692722,4.999995739557388,-4.999987450043687
99.0,177.0,129.8841094970703,4.999936187576125,-4.999983641310925,4.999999597899167,4.999958626823979,4.999999577223579,-4.999998292315322,4.999994748454072,-4.999986986077582,4.999992920533984,-4.999992639824288
99.0,177.0,129.88406372070312,4.999955482988158,-4.999975269646539,4.999993442733068,4.999966166730539,4.999992814729941,-4.999999999731305,4.999994328710848,-4.999994446055867,4.999996850023445,-4.99998989152777
99.0,177.0,129.88397216796875,4.99993025781397,-4.99999991588333,4.9999879286176565,4.9999987682272895,4.999995041749145,-4.9999997941813845,4.999996971990063,-4.999992811228903,4.99999680076187,-4.999991197926269
99.0,177.0,129.88406372070312,4.999965650785317,-4.999997615442385,4.99997577799448,4.999992881888981,4.999997358115168,-4.999997481278358,4.999983870559886,-4.999988089758395,4.999999126620367,-4.999990565131766
99.0,177.0,129.88394165039062,4.999977956907142,-4.999913041129211,4.999971046840333,4.999989802200858,4.999996964543845,-4.999999988850414,4.9999983733464255,-4.999998452721104,4.999997284055937,-4.99999999933731
99.0,177.0,129.88406372070312,4.9999986714439,-4.999999983035536,4.9999965658735945,4.999999491815904,4.999999836412422,-4.999997832261787,4.9999916291146445,-4.99999063753708,4.999993203260056,-4.9999806658982
99.0,177.0,129.88400268554688,4.999931425386844,-4.999989678577361,4.999958968063526,4.999988422855379,4.999998909249104,-4.999993379690192,4.9999997265129625,-4.999999814672346,4.999994939723762,-4.999994463143191
99.0,177.0,129.8840789794922,4.999993297721587,-4.999895850094516,4.999938366684353,4.999971319362249,4.999990775503321,-4.999994961360487,4.999999973851806,-4.99999937691202,4.999994674713429,-4.999999999880038
99.0,177.0,129.884033203125,4.999923742204781,-4.9999817648261,4.9999842138317785,4.999960306442817,4.999999766822426,-4.9999950600284055,4.9999874333001255,-4.999993274227487,4.999998661622136,-4.999999671722447
99.0,177.0,129.88406372070312,4.99993553787098,-4.999999960766267,4.999999492866474,4.99998795702847,4.999997772307015,-4.999999894792144,4.999998693851995,-4.999988049816283,4.999995144655872,-4.999983788339624
99.0,177.0,129.88400268554688,4.999914805104801,-4.999996359658408,4.999946091623627,4.999976951768524,4.999984978717321,-4.999999979237488,4.999998498220188,-4.999995238279195,4.999999748987922,-4.999999892214641
99.0,177.0,129.88401794433594,4.9999201545986365,-4.999967637661036,4.999984365392743,4.999992138232938,4.999999979103578,-4.999997391911678,4.9999944117650745,-4.999999204954835,4.999996791159731,-4.999990537617052
99.0,177.0,129.88406372070312,4.9999530995835695,-4.99998830861305,4.999999062601231,4.999999506715205,4.99999768307672,-4.999998673276515,4.99999066855265,-4.999990575213287,4.999992009696111,-4.999986958875053
99.0,177.0,129.88406372070312,4.9999952983046025,-4.999920916793007,4.999962915402527,4.999960562597067,4.999999502817154,-4.999999606889671,4.999997962085784,-4.999994477278165,4.999995676139994,-4.999995869567485
99.0,177.0,129.88397216796875,4.999947354876365,-4.999999989543822,4.999941027934563,4.999998002690576,4.999986998892664,-4.999999630097834,4.999997452860151,-4.999989853981872,4.999999177687804,-4.999999929176937
99.0,177.0,129.884033203125,4.999972823553509,-4.999949497129599,4.999942272556549,4.999999290058254,4.999989807442022,-4.999997164650152,4.999998507676336,-4.999985199369336,4.999999155991904,-4.9999999795938335
99.0,177.0,129.88392639160156,4.999854720357883,-4.999983354096306,4.999982645479268,4.999999234640849,4.999998898478497,-4.999998796097945,4.999997139936324,-4.999999979339004,4.999997899135786,-4.999999964230027
99.0,177.0,129.88404846191406,4.999937625026647,-4.999972238116399,4.99999173262553,4.999949463823644,4.999999770375765,-4.999997304345687,4.999983442137153,-4.99999979171791,4.999995753804326,-4.99999880078803
99.0,177.0,129.88394165039062,4.999985713413205,-4.999917717827279,4.999997128973007,4.9999992737672025,4.99999479537443,-4.999999886560092,4.999997994135147,-4.999989786463278,4.999996379174431,-4.99999999930628
99.0,177.0,129.88406372070312,4.999944584480285,-4.999956588609996,4.999956782657801,4.999978764366846,4.999998979386884,-4.999993013935856,4.999997217474349,-4.999989266459706,4.999996274453584,-4.99999933487555
99.0,177.0,129.8839569091797,4.999967227016992,-4.9999999999572,4.999998140140308,4.999991471868565,4.999998847356322,-4.999999613296245,4.9999951406524445,-4.99998057171424,4.999995039356797,-4.999997711133576
99.0,177.0,129.8841094970703,4.999882770661289,-4.999976935090571,4.999985927385664,4.999999094251651,4.999998952504027,-4.999994945143582,4.9999955323234175,-4.999973392698195,4.999999036104278,-4.99999699061895
99.0,177.0,129.88400268554688,4.999850728958358,-4.999999767817332,4.999999365853088,4.999984945673439,4.999999378985253,-4.99999646403996,4.999993234144178,-4.999993960795237,4.999998526768875,-4.999997499859304
99.0,177.0,129.88394165039062,4.999983472448431,-4.999991677101768,4.999988875131699,4.999983344983043,4.999995685394408,-4.999999892227565,4.9999991443118645,-4.999986300787734,4.999995154052956,-4.999996753118868
99.0,177.0,129.8839111328125,4.999907994274318,-4.999999980687692,4.999979646029017,4.999998582559118,4.999995563280552,-4.999999980972799,4.9999995463211215,-4.999999700645205,4.999993087506812,-4.999998443590609
99.0,177.0,129.8839874267578,4.999937776527412,-4.999990646558767,4.999944760998522,4.99996361010436,4.999986867022649,-4.99999997457302,4.999999758716016,-4.999999999744269,4.99999909060664,-4.999999927566191
99.0,177.0,129.8839874267578,4.999931324717212,-4.999926000725618,4.999982142440548,4.999992068588547,4.999999976455578,-4.999999740858351,4.999989303308314,-4.999999999999706,4.99999825158556,-4.999998640149335
99.0,177.0,129.8839569091797,4.999861160546713,-4.999990116091346,4.999998785326406,4.999973917865777,4.999999356051056,-4.999999480661513,4.999998029802908,-4.999999999997905,4.999999279029162,-4.9999972743423164
99.0,177.0,129.88409423828125,4.999954909325154,-4.999934944540397,4.999963439230927,4.999950738418569,4.999995806046334,-4.999999623132352,4.999999546472209,-4.999997856604284,4.999996623411668,-4.999995580629523
99.0,177.0,129.8839874267578,4.999926497291567,-4.999969489459352,4.99998692090543,4.999993784377188,4.999999630006022,-4.999995217750781,4.999987963242395,-4.99999366790906,4.999995659073496,-4.9999998634656615
99.0,177.0,129.884033203125,4.999996125776204,-4.999942464572015,4.999987817223515,4.999973293241437,4.999999681623016,-4.999999990939262,4.999998691521182,-4.999986433414232,4.999993315267719,-4.999995688101035
99.0,177.0,129.8840789794922,4.999917877645806,-4.999939902714621,4.999983705548466,4.999955939357587,4.9999989498763,-4.999995726470699,4.999991664006576,-4.999996294335167,4.999998084790627,-4.999998761249472
99.0,177.0,129.88394165039062,4.99997578448419,-4.999962304672814,4.9999997400611935,4.999999883415009,4.999996120495929,-4.999999772770931,4.999986425782266,-4.999994682694137,4.999997281502811,-4.999994890204894
99.0,177.0,129.8841094970703,4.999934090074,-4.999992749241721,4.999999629760221,4.9999777648821295,4.999999521625962,-4.999999709591337,4.999999114708478,-4.999987738460448,4.999993295283585,-4.999985118983867
99.0,177.0,129.8839569091797,4.999869189176122,-4.99999990065147,4.999983223356619,4.99999217095573,4.999999881068698,-4.999999927322489,4.999998985538761,-4.999992528987091,4.999999342781814,-4.999997503736484
99.0,177.0,129.88401794433594,4.999931837467774,-4.999998821449511,4.999924539971649,4.999978262222868,4.999987949717215,-4.999995297941319,4.999995186522539,-4.999999413374857,4.999999938246583,-4.9999998461973965
99.0,177.0,129.8839874267578,4.999933204978413,-4.999941213937607,4.999982646296662,4.999973593576851,4.999999894403608,-4.999999448751234,4.999993807682148,-4.999999999997751,4.999998822429747,-4.999998209299852
99.0,177.0,129.88397216796875,4.999930466674487,-4.999973757913852,4.999999510071371,4.999971962105334,4.999996997159317,-4.999999766784695,4.999983617631392,-4.999998445740204,4.999998909495689,-4.999998622048034
99.0,177.0,129.8840789794922,4.999925419041624,-4.999970988307293,4.999973121772084,4.999917093505121,4.99999649883884,-4.999998256917148,4.999997808078112,-4.999999886711883,4.999999062287477,-4.999999318973438
99.0,177.0,129.8840789794922,4.999777498715368,-4.999999600239838,4.999999603167874,4.999999998988834,4.9999985207338415,-4.999999986574358,4.999994668781455,-4.999991668481195,4.999997984225871,-4.999993379052014
99.0,177.0,129.8840789794922,4.999884011397577,-4.99998697138568,4.999998710096587,4.999999278679479,4.999997936005613,-4.9999999598945495,4.999993848883057,-4.999972936596379,4.999999546379067,-4.999995880355643
99.0,177.0,129.8839874267578,4.999838233460984,-4.999999959821263,4.999983498155709,4.999998982938924,4.999998109023541,-4.999998857671833,4.999995568694772,-4.999996926158911,4.999998787514887,-4.999996330310011
99.0,178.0,129.88392639160156,4.999994874897016,-4.999952613144314,4.9999981525265005,4.999979808731329,4.999999877416243,-4.999999911870044,4.999998428180277,-4.999996403780575,4.999992609895558,-4.9999968579672185
99.0,178.0,129.8841094970703,4.999941962963519,-4.99992454211347,4.999962741710149,4.999971598318303,4.999999664586243,-4.999997527024798,4.999993259470246,-4.999992415639992,4.9999989371503695,-4.999997237113602
99.0,178.0,129.8840789794922,4.99999885651987,-4.999894795097152,4.9999404225218775,4.99999256734203,4.9999987722716215,-4.999994466054672,4.999999987730006,-4.999994446451552,4.999992289951976,-4.999998824125139
99.0,178.0,129.88397216796875,4.999945041111797,-4.999999999807169,4.999993600098893,4.999987098772234,4.999997044853597,-4.999999729132888,4.999999763791399,-4.999988353093335,4.999993319523536,-4.999993701905366
99.0,178.0,129.8839874267578,4.999931293603509,-4.999984665515502,4.999989763610946,4.999988424809782,4.9999999619260524,-4.999997667401713,4.999994672279424,-4.999996427983893,4.99999580495658,-4.999991927130504
99.0,178.0,129.8839874267578,4.999923529959981,-4.999969484253811,4.999958972240776,4.999999387279768,4.999994060510221,-4.999995186567694,4.999991903098886,-4.999997261285687,4.999996607495582,-4.999999938157156
99.0,178.0,129.884033203125,4.999908355738375,-4.999993274380853,4.9999999879403125,4.999980100447082,4.999999995293874,-4.99999527144798,4.999987300753893,-4.999991581963129,4.999996752281968,-4.999996202526382
99.0,178.0,129.88400268554688,4.999949972814587,-4.999999820380035,4.999988028585765,4.999998019702856,4.999995758243134,-4.9999996842865535,4.999993268826309,-4.999993658692722,4.999995739557388,-4.999987450043687
99.0,178.0,129.8840789794922,4.999924344806227,-4.999896541358173,4.999982446234549,4.999980907155907,4.999999988794944,-4.999999955123041,4.999987542050333,-4.999998440479861,4.999997324857581,-4.999998097675373
99.0,178.0,129.88406372070312,4.999955482988158,-4.999975269646539,4.999993442733068,4.999966166730539,4.999992814729941,-4.999999999731305,4.999994328710848,-4.999994446055867,4.999996850023445,-4.99998989152777
99.0,178.0,129.88397216796875,4.99993025781397,-4.99999991588333,4.9999879286176565,4.9999987682272895,4.999995041749145,-4.9999997941813845,4.999996971990063,-4.999992811228903,4.99999680076187,-4.999991197926269
99.0,178.0,129.8839874267578,4.999994699970843,-4.999999999964781,4.999977423644349,4.999993590351695,4.999994276139183,-4.999997481278358,4.999998562487325,-4.999988089758395,4.999995574957436,-4.999990565131766
99.0,178.0,129.88394165039062,4.999977956907142,-4.999913041129211,4.999971046840333,4.999989802200858,4.999996964543845,-4.999999988850414,4.9999983733464255,-4.999998452721104,4.999997284055937,-4.99999999933731
99.0,178.0,129.88406372070312,4.9999986714439,-4.999999983035536,4.9999965658735945,4.999999491815904,4.999999836412422,-4.999997832261787,4.9999916291146445,-4.99999063753708,4.999993203260056,-4.9999806658982
99.0,178.0,129.88400268554688,4.999931425386844,-4.999989678577361,4.999958968063526,4.999988422855379,4.999998909249104,-4.999993379690192,4.9999997265129625,-4.999999814672346,4.999994939723762,-4.999994463143191
99.0,178.0,129.88400268554688,4.999850961001162,-4.999987988758588,4.999994861926604,4.999999643906687,4.99999897099281,-4.999998705902128,4.999995746573347,-4.999996385081321,4.999994674713429,-4.999995599410067
99.0,178.0,129.8839569091797,4.99999242865575,-4.9999817648261,4.999997445117826,4.999986288016004,4.999991213187612,-4.999999969730969,4.9999874333001255,-4.999987407013794,4.999996408606288,-4.999999676261639
99.0,178.0,129.88406372070312,4.99993553787098,-4.999999960766267,4.999999492866474,4.99998795702847,4.999997772307015,-4.999999894792144,4.999998693851995,-4.999988049816283,4.999995144655872,-4.999983788339624
99.0,178.0,129.88400268554688,4.999914805104801,-4.999996359658408,4.999946091623627,4.999976951768524,4.999984978717321,-4.999999979237488,4.999998498220188,-4.999995238279195,4.999999748987922,-4.999999892214641
99.0,178.0,129.88400268554688,4.999924917176196,-4.999997471835076,4.99996730178453,4.999999121159786,4.999997018742628,-4.999997733169669,4.99999667398993,-4.999994586389105,4.999999497645124,-4.999990537617052
99.0,178.0,129.88397216796875,4.999998688692804,-4.999913821634422,4.999966091742979,4.999999506715205,4.999995129215521,-4.999999998977384,4.999998930600904,-4.999991603116019,4.999995221567833,-4.9999997387255855
99.0,178.0,129.884033203125,4.999956846081379,-4.999940061002517,4.999978173053842,4.999960562597067,4.999999502817154,-4.999998302504816,4.999994219380332,-4.99999999999782,4.999996951718504,-4.999996232687282
99.0,178.0,129.88397216796875,4.999947354876365,-4.999999989543822,4.999941027934563,4.999998002690576,4.999986998892664,-4.999999630097834,4.999997452860151,-4.999989853981872,4.999999177687804,-4.999999929176937
99.0,178.0,129.88392639160156,4.999972823553509,-4.999981416900266,4.9999690993639945,4.999999290058254,4.999993905073046,-4.999997836465086,4.999999117600472,-4.999996110469128,4.999993167803976,-4.99999767641599
99.0,178.0,129.88392639160156,4.999854720357883,-4.999983354096306,4.999982645479268,4.999999234640849,4.999998898478497,-4.999998796097945,4.999997139936324,-4.999999979339004,4.999997899135786,-4.999999964230027
99.0,178.0,129.88404846191406,4.999937625026647,-4.999972238116399,4.99999173262553,4.999949463823644,4.999999770375765,-4.999997304345687,4.999983442137153,-4.99999979171791,4.999995753804326,-4.99999880078803
99.0,178.0,129.88394165039062,4.999985713413205,-4.999917717827279,4.999997128973007,4.9999992737672025,4.99999479537443,-4.999999886560092,4.999997994135147,-4.999989786463278,4.999996379174431,-4.99999999930628
99.0,178.0,129.88406372070312,4.999944584480285,-4.999956588609996,4.999956782657801,4.999978764366846,4.999998979386884,-4.999993013935856,4.999997217474349,-4.999989266459706,4.999996274453584,-4.99999933487555
99.0,178.0,129.8839569091797,4.999967227016992,-4.9999999999572,4.999998140140308,4.999991471868565,4.999998847356322,-4.999999613296245,4.9999951406524445,-4.99998057171424,4.999995039356797,-4.999997711133576
99.0,178.0,129.88401794433594,4.999975688936746,-4.999976935090571,4.999968316864087,4.999995760618745,4.999996646244679,-4.999994945143582,4.999997192694505,-4.999990184132076,4.999996401984451,-4.999991388193534
99.0,178.0,129.88400268554688,4.999850728958358,-4.999999767817332,4.999999365853088,4.999984945673439,4.999999378985253,-4.99999646403996,4.999993234144178,-4.999993960795237,4.999998526768875,-4.999997499859304
99.0,178.0,129.88394165039062,4.999983472448431,-4.999991677101768,4.999988875131699,4.999983344983043,4.999995685394408,-4.999999892227565,4.9999991443118645,-4.999986300787734,4.999995154052956,-4.999996753118868
99.0,178.0,129.8839111328125,4.999907994274318,-4.999999980687692,4.999979646029017,4.999998582559118,4.999995563280552,-4.999999980972799,4.9999995463211215,-4.999999700645205,4.999993087506812,-4.999998443590609
99.0,178.0,129.8839874267578,4.999937776527412,-4.999990646558767,4.999944760998522,4.99996361010436,4.999986867022649,-4.99999997457302,4.999999758716016,-4.999999999744269,4.99999909060664,-4.999999927566191
99.0,178.0,129.8839874267578,4.999931324717212,-4.999926000725618,4.999982142440548,4.999992068588547,4.999999976455578,-4.999999740858351,4.999989303308314,-4.999999999999706,4.99999825158556,-4.999998640149335
99.0,178.0,129.8839569091797,4.999861160546713,-4.999990116091346,4.999998785326406,4.999973917865777,4.999999356051056,-4.999999480661513,4.999998029802908,-4.999999999997905,4.999999279029162,-4.9999972743423164
99.0,178.0,129.88409423828125,4.999954909325154,-4.999934944540397,4.999963439230927,4.999950738418569,4.999995806046334,-4.999999623132352,4.999999546472209,-4.999997856604284,4.999996623411668,-4.999995580629523
99.0,178.0,129.8839874267578,4.999926497291567,-4.999969489459352,4.99998692090543,4.999993784377188,4.999999630006022,-4.999995217750781,4.999987963242395,-4.99999366790906,4.999995659073496,-4.9999998634656615
99.0,178.0,129.884033203125,4.999996125776204,-4.999942464572015,4.999987817223515,4.999973293241437,4.999999681623016,-4.999999990939262,4.999998691521182,-4.999986433414232,4.999993315267719,-4.999995688101035
99.0,178.0,129.884033203125,4.999996339616243,-4.999991414532202,4.999983705548466,4.999982177200567,4.9999989498763,-4.999995726470699,4.999999442752193,-4.999984379036394,4.999993425553765,-4.999991211347611
99.0,178.0,129.88394165039062,4.99997578448419,-4.999962304672814,4.9999997400611935,4.999999883415009,4.999996120495929,-4.999999772770931,4.999986425782266,-4.999994682694137,4.999997281502811,-4.999994890204894
99.0,178.0,129.88406372070312,4.999975907547909,-4.999986538116519,4.999980496734735,4.9999918971216015,4.999999521625962,-4.999998699234014,4.999990424893364,-4.999991929859339,4.999992212799166,-4.999988153114131
99.0,178.0,129.8839569091797,4.999869189176122,-4.99999990065147,4.999983223356619,4.99999217095573,4.999999881068698,-4.999999927322489,4.999998985538761,-4.999992528987091,4.999999342781814,-4.999997503736484
99.0,178.0,129.88401794433594,4.999931837467774,-4.999998821449511,4.999924539971649,4.999978262222868,4.999987949717215,-4.999995297941319,4.999995186522539,-4.999999413374857,4.999999938246583,-4.9999998461973965
99.0,178.0,129.8839874267578,4.999933204978413,-4.999941213937607,4.999982646296662,4.999973593576851,4.999999894403608,-4.999999448751234,4.999993807682148,-4.999999999997751,4.999998822429747,-4.999998209299852
99.0,178.0,129.88392639160156,4.999930466674487,-4.999958165647467,4.999999510071371,4.9999878795378265,4.999980481281099,-4.9999988077448885,4.999998568868943,-4.999998445740204,4.999998909495689,-4.999999923310027
99.0,178.0,129.8839569091797,4.999927901932541,-4.999972804260926,4.999964382363746,4.999995780492382,4.99999649883884,-4.999998256917148,4.999999598219048,-4.999999716256354,4.999992500565087,-4.999999878157014
99.0,178.0,129.88404846191406,4.999946993029182,-4.999968175488596,4.999946645733209,4.999949715623627,4.9999896690606604,-4.999999986420416,4.999999762951785,-4.999997576921421,4.999999479512669,-4.999998577044414
99.0,178.0,129.88397216796875,4.999934305723057,-4.999966383529692,4.999998710096587,4.9999546215807245,4.999987973618815,-4.999995267364218,4.999998325345489,-4.999999897571604,4.999999971610808,-4.999999959440292
99.0,178.0,129.8839874267578,4.999838233460984,-4.999999959821263,4.999983498155709,4.999998982938924,4.999998109023541,-4.999998857671833,4.999995568694772,-4.999996926158911,4.999998787514887,-4.999996330310011
99.0,179.0,129.88392639160156,4.999994874897016,-4.999952613144314,4.9999981525265005,4.999979808731329,4.999999877416243,-4.999999911870044,4.999998428180277,-4.999996403780575,4.999992609895558,-4.9999968579672185
99.0,179.0,129.88397216796875,4.999898074953549,-4.999983116130408,4.999989000729153,4.9999763331097,4.999989110352342,-4.9999985117326,4.999999543514805,-4.9999974412461645,4.999997677373694,-4.999998600325049
99.0,179.0,129.88400268554688,4.999924851284527,-4.999994965304146,4.99998269955824,4.999999122136988,4.999997545081102,-4.99999987702543,4.999994146873161,-4.999992893044879,4.9999999302615326,-4.999989269610708
99.0,179.0,129.88397216796875,4.999945041111797,-4.999999999807169,4.999993600098893,4.999987098772234,4.999997044853597,-4.999999729132888,4.999999763791399,-4.999988353093335,4.999993319523536,-4.999993701905366
99.0,179.0,129.8839874267578,4.999931293603509,-4.999984665515502,4.999989763610946,4.999988424809782,4.9999999619260524,-4.999997667401713,4.999994672279424,-4.999996427983893,4.99999580495658,-4.999991927130504
99.0,179.0,129.88392639160156,4.999995378787582,-4.999999999983898,4.999986222454671,4.999997497764925,4.999992348159358,-4.999997497234649,4.999991903098886,-4.99998543110561,4.999995089916061,-4.999999938157156
99.0,179.0,129.8839874267578,4.999981719172647,-4.999969411723314,4.999988620492715,4.999982010258192,4.999999944733069,-4.999999940411206,4.9999990386680935,-4.999991581963129,4.999989167843561,-4.999996100042377
99.0,179.0,129.88400268554688,4.999949972814587,-4.999999820380035,4.999988028585765,4.999998019702856,4.999995758243134,-4.9999996842865535,4.999993268826309,-4.999993658692722,4.999995739557388,-4.999987450043687
99.0,179.0,129.88397216796875,4.99999242865575,-4.9999817648261,4.999982446234549,4.999986288016004,4.999991213187612,-4.999999969730969,4.9999874333001255,-4.999987407013794,4.999996408606288,-4.999999676261639
99.0,179.0,129.88404846191406,4.999955482988158,-4.999975269646539,4.999937531084188,4.999985664576632,4.999999780134592,-4.999994596957859,4.999994328710848,-4.999993486612,4.999992287824068,-4.999999817222975
99.0,179.0,129.88397216796875,4.99993025781397,-4.99999991588333,4.9999879286176565,4.9999987682272895,4.999995041749145,-4.9999997941813845,4.999996971990063,-4.999992811228903,4.99999680076187,-4.999991197926269
99.0,179.0,129.8839874267578,4.999994699970843,-4.999999999964781,4.999977423644349,4.999993590351695,4.999994276139183,-4.999997481278358,4.999998562487325,-4.999988089758395,4.999995574957436,-4.999990565131766
99.0,179.0,129.88394165039062,4.999977956907142,-4.999913041129211,4.999971046840333,4.999989802200858,4.999996964543845,-4.999999988850414,4.9999983733464255,-4.999998452721104,4.999997284055937,-4.99999999933731
99.0,179.0,129.88406372070312,4.9999986714439,-4.999999983035536,4.9999965658735945,4.999999491815904,4.999999836412422,-4.999997832261787,4.9999916291146445,-4.99999063753708,4.999993203260056,-4.9999806658982
99.0,179.0,129.8839874267578,4.9999573087054765,-4.999986401330439,4.999933396101928,4.999996601657209,4.999987466671808,-4.999998768070009,4.999997478809114,-4.999989861787446,4.999998884216941,-4.999999953765832
99.0,179.0,129.8839569091797,4.999944699975623,-4.999999416172899,4.99997092344448,4.999999643906687,4.999993322620293,-4.999998705902128,4.9999852647261545,-4.999994718709971,4.999995931433354,-4.999999660726573
99.0,179.0,129.8839569091797,4.99999242865575,-4.9999817648261,4.999997445117826,4.999986288016004,4.999991213187612,-4.999999969730969,4.9999874333001255,-4.999987407013794,4.999996408606288,-4.999999676261639
99.0,179.0,129.8839569091797,4.999934959953306,-4.999999306716218,4.999989657407042,4.999985037830072,4.999980221663476,-4.999997605104022,4.999998853045032,-4.999997597387762,4.999998507387192,-4.999995206222771
99.0,179.0,129.88400268554688,4.999914805104801,-4.999996359658408,4.999946091623627,4.999976951768524,4.999984978717321,-4.999999979237488,4.999998498220188,-4.999995238279195,4.999999748987922,-4.999999892214641
99.0,179.0,129.88400268554688,4.999924917176196,-4.999997471835076,4.99996730178453,4.999999121159786,4.999997018742628,-4.999997733169669,4.99999667398993,-4.999994586389105,4.999999497645124,-4.999990537617052
99.0,179.0,129.8839111328125,4.999998688692804,-4.9999924279553145,4.999998236454879,4.99999788681426,4.999996095314694,-4.999999998977384,4.999990276550197,-4.999990862227666,4.999994236988605,-4.999995437872231
99.0,179.0,129.884033203125,4.999956846081379,-4.999940061002517,4.999978173053842,4.999960562597067,4.999999502817154,-4.999998302504816,4.999994219380332,-4.99999999999782,4.999996951718504,-4.999996232687282
99.0,179.0,129.88397216796875,4.999947354876365,-4.999999989543822,4.999941027934563,4.999998002690576,4.999986998892664,-4.999999630097834,4.999997452860151,-4.999989853981872,4.999999177687804,-4.999999929176937
99.0,179.0,129.88392639160156,4.999972823553509,-4.999981416900266,4.9999690993639945,4.999999290058254,4.999993905073046,-4.999997836465086,4.999999117600472,-4.999996110469128,4.999993167803976,-4.99999767641599
99.0,179.0,129.88392639160156,4.999854720357883,-4.999983354096306,4.999982645479268,4.999999234640849,4.999998898478497,-4.999998796097945,4.999997139936324,-4.999999979339004,4.999997899135786,-4.999999964230027
99.0,179.0,129.88394165039062,4.99999342598243,-4.999945217768233,4.999968271187295,4.999999371255376,4.999991624734733,-4.999998039414376,4.999999099766592,-4.99999979171791,4.99999171787661,-4.999999038897972
99.0,179.0,129.88394165039062,4.999985713413205,-4.999917717827279,4.999997128973007,4.9999992737672025,4.99999479537443,-4.999999886560092,4.999997994135147,-4.999989786463278,4.999996379174431,-4.99999999930628
99.0,179.0,129.88404846191406,4.999930209123161,-4.999931747706825,4.999979672778967,4.999960888637933,4.999999672402819,-4.9999977100673885,4.999993016187933,-4.999999999998075,4.999999357532991,-4.999996993006992
99.0,179.0,129.8839569091797,4.999967227016992,-4.9999999999572,4.999998140140308,4.999991471868565,4.999998847356322,-4.999999613296245,4.9999951406524445,-4.99998057171424,4.999995039356797,-4.999997711133576
99.0,179.0,129.88401794433594,4.999975688936746,-4.999976935090571,4.999968316864087,4.999995760618745,4.999996646244679,-4.999994945143582,4.999997192694505,-4.999990184132076,4.999996401984451,-4.999991388193534
99.0,179.0,129.88400268554688,4.999850728958358,-4.999999767817332,4.999999365853088,4.999984945673439,4.999999378985253,-4.99999646403996,4.999993234144178,-4.999993960795237,4.999998526768875,-4.999997499859304
99.0,179.0,129.88394165039062,4.999983472448431,-4.999991677101768,4.999988875131699,4.999983344983043,4.999995685394408,-4.999999892227565,4.9999991443118645,-4.999986300787734,4.999995154052956,-4.999996753118868
99.0,179.0,129.8839111328125,4.999907994274318,-4.999999980687692,4.999979646029017,4.999998582559118,4.999995563280552,-4.999999980972799,4.9999995463211215,-4.999999700645205,4.999993087506812,-4.999998443590609
99.0,179.0,129.8839874267578,4.999937776527412,-4.999990646558767,4.999944760998522,4.99996361010436,4.999986867022649,-4.99999997457302,4.999999758716016,-4.999999999744269,4.99999909060664,-4.999999927566191
99.0,179.0,129.8839874267578,4.999931324717212,-4.999926000725618,4.999982142440548,4.999992068588547,4.999999976455578,-4.999999740858351,4.999989303308314,-4.999999999999706,4.99999825158556,-4.999998640149335
99.0,179.0,129.8839569091797,4.999861160546713,-4.999990116091346,4.999998785326406,4.999973917865777,4.999999356051056,-4.999999480661513,4.999998029802908,-4.999999999997905,4.999999279029162,-4.9999972743423164
99.0,179.0,129.88401794433594,4.999900037932504,-4.999974018669123,4.999972343149791,4.999950738418569,4.999997930001875,-4.999999353993557,4.999999946146346,-4.999998687555347,4.999996623411668,-4.999999934155128
99.0,179.0,129.8839874267578,4.999926497291567,-4.999969489459352,4.99998692090543,4.999993784377188,4.999999630006022,-4.999995217750781,4.999987963242395,-4.99999366790906,4.999995659073496,-4.9999998634656615
99.0,179.0,129.884033203125,4.999996125776204,-4.999942464572015,4.999987817223515,4.999973293241437,4.999999681623016,-4.999999990939262,4.999998691521182,-4.999986433414232,4.999993315267719,-4.999995688101035
99.0,179.0,129.884033203125,4.999996339616243,-4.999991414532202,4.999983705548466,4.999982177200567,4.9999989498763,-4.999995726470699,4.999999442752193,-4.999984379036394,4.999993425553765,-4.999991211347611
99.0,179.0,129.88394165039062,4.99997578448419,-4.999962304672814,4.9999997400611935,4.999999883415009,4.999996120495929,-4.999999772770931,4.999986425782266,-4.999994682694137,4.999997281502811,-4.999994890204894
99.0,179.0,129.88406372070312,4.999975907547909,-4.999986538116519,4.999980496734735,4.9999918971216015,4.999999521625962,-4.999998699234014,4.999990424893364,-4.999991929859339,4.999992212799166,-4.999988153114131
99.0,179.0,129.88381958007812,4.999952776942326,-4.99999990065147,4.9999984812908345,4.999999924806297,4.99998556107683,-4.999999927322489,4.999997557193522,-4.999996819815182,4.999999121145393,-4.999999999550347
99.0,179.0,129.88401794433594,4.999931837467774,-4.999998821449511,4.999924539971649,4.999978262222868,4.999987949717215,-4.999995297941319,4.999995186522539,-4.999999413374857,4.999999938246583,-4.9999998461973965
99.0,179.0,129.8839874267578,4.999933204978413,-4.999941213937607,4.999982646296662,4.999973593576851,4.999999894403608,-4.999999448751234,4.999993807682148,-4.999999999997751,4.999998822429747,-4.999998209299852
99.0,179.0,129.88392639160156,4.999930466674487,-4.999958165647467,4.999999510071371,4.9999878795378265,4.999980481281099,-4.9999988077448885,4.999998568868943,-4.999998445740204,4.999998909495689,-4.999999923310027
99.0,179.0,129.8839569091797,4.999927901932541,-4.999972804260926,4.999964382363746,4.999995780492382,4.99999649883884,-4.999998256917148,4.999999598219048,-4.999999716256354,4.999992500565087,-4.999999878157014
99.0,179.0,129.8839569091797,4.99991987952937,-4.99998232267526,4.999999994444996,4.999999632338226,4.999999998311608,-4.999995454307011,4.999986714191001,-4.999991880021539,4.999997082604102,-4.999998411880275
99.0,179.0,129.88397216796875,4.999934305723057,-4.999966383529692,4.999998710096587,4.9999546215807245,4.999987973618815,-4.999995267364218,4.999998325345489,-4.999999897571604,4.999999971610808,-4.999999959440292
99.0,179.0,129.8839874267578,4.999838233460984,-4.999999959821263,4.999983498155709,4.999998982938924,4.999998109023541,-4.999998857671833,4.999995568694772,-4.999996926158911,4.999998787514887,-4.999996330310011
99.0,180.0,129.88392639160156,4.999994874897016,-4.999952613144314,4.9999981525265005,4.999979808731329,4.999999877416243,-4.999999911870044,4.999998428180277,-4.999996403780575,4.999992609895558,-4.9999968579672185
99.0,180.0,129.88397216796875,4.999898074953549,-4.999983116130408,4.999989000729153,4.9999763331097,4.999989110352342,-4.9999985117326,4.999999543514805,-4.9999974412461645,4.999997677373694,-4.999998600325049
99.0,180.0,129.88400268554688,4.999924851284527,-4.999994965304146,4.99998269955824,4.999999122136988,4.999997545081102,-4.99999987702543,4.999994146873161,-4.999992893044879,4.9999999302615326,-4.999989269610708
99.0,180.0,129.88397216796875,4.999945041111797,-4.999999999807169,4.999993600098893,4.999987098772234,4.999997044853597,-4.999999729132888,4.999999763791399,-4.999988353093335,4.999993319523536,-4.999993701905366
99.0,180.0,129.88397216796875,4.999938897009799,-4.999953666921522,4.999948887919176,4.99997157449644,4.9999999619260524,-4.999999971739284,4.999999183627658,-4.999999999933585,4.9999997031673775,-4.999999986624136
99.0,180.0,129.88392639160156,4.999995378787582,-4.999999999983898,4.999986222454671,4.999997497764925,4.999992348159358,-4.999997497234649,4.999991903098886,-4.99998543110561,4.999995089916061,-4.999999938157156
99.0,180.0,129.8839874267578,4.999981719172647,-4.999969411723314,4.999988620492715,4.999982010258192,4.999999944733069,-4.999999940411206,4.9999990386680935,-4.999991581963129,4.999989167843561,-4.999996100042377
99.0,180.0,129.88400268554688,4.999949972814587,-4.999999820380035,4.999988028585765,4.999998019702856,4.999995758243134,-4.9999996842865535,4.999993268826309,-4.999993658692722,4.999995739557388,-4.999987450043687
99.0,180.0,129.88397216796875,4.99999242865575,-4.9999817648261,4.999982446234549,4.999986288016004,4.999991213187612,-4.999999969730969,4.9999874333001255,-4.999987407013794,4.999996408606288,-4.999999676261639
99.0,180.0,129.88394165039062,4.999933527261687,-4.999999635211362,4.999990048656995,4.999986802549826,4.999978851077659,-4.999999050764774,4.999999815498015,-4.999998857505863,4.999992287824068,-4.999998350333999
99.0,180.0,129.8839569091797,4.99996039189471,-4.999933992225612,4.9999742240565785,4.999991171967283,4.999991572518212,-4.999999520341097,4.999999755794713,-4.99999717334531,4.99999671152791,-4.99999999937391
99.0,180.0,129.8839569091797,4.999994699970843,-4.999896820740381,4.99999924083262,4.9999937220666535,4.999994276139183,-4.99999986159662,4.999999494222233,-4.999990546253924,4.999995574957436,-4.999999999485941
99.0,180.0,129.8839111328125,4.999977956907142,-4.999999831419867,4.999971046840333,4.999994209070537,4.999996232334988,-4.99999825891404,4.999999537372937,-4.999993930167869,4.999999333491706,-4.999992388350975
99.0,180.0,129.88381958007812,4.9999986714439,-4.999982957368733,4.999988142337189,4.999999420808971,4.9999993297555685,-4.999997832261787,4.999990725274422,-4.999997198726691,4.999998415281283,-4.99999987000764
99.0,180.0,129.8839874267578,4.9999573087054765,-4.999986401330439,4.999933396101928,4.999996601657209,4.999987466671808,-4.999998768070009,4.999997478809114,-4.999989861787446,4.999998884216941,-4.999999953765832
99.0,180.0,129.8839569091797,4.999944699975623,-4.999999416172899,4.99997092344448,4.999999643906687,4.999993322620293,-4.999998705902128,4.9999852647261545,-4.999994718709971,4.999995931433354,-4.999999660726573
99.0,180.0,129.8839569091797,4.99999242865575,-4.9999817648261,4.999997445117826,4.999986288016004,4.999991213187612,-4.999999969730969,4.9999874333001255,-4.999987407013794,4.999996408606288,-4.999999676261639
99.0,180.0,129.8839569091797,4.999934959953306,-4.999999306716218,4.999989657407042,4.999985037830072,4.999980221663476,-4.999997605104022,4.999998853045032,-4.999997597387762,4.999998507387192,-4.999995206222771
99.0,180.0,129.88400268554688,4.999914805104801,-4.999996359658408,4.999946091623627,4.999976951768524,4.999984978717321,-4.999999979237488,4.999998498220188,-4.999995238279195,4.999999748987922,-4.999999892214641
99.0,180.0,129.88400268554688,4.999924917176196,-4.999997471835076,4.99996730178453,4.999999121159786,4.999997018742628,-4.999997733169669,4.99999667398993,-4.999994586389105,4.999999497645124,-4.999990537617052
99.0,180.0,129.8839111328125,4.999998688692804,-4.9999924279553145,4.999998236454879,4.99999788681426,4.999996095314694,-4.999999998977384,4.999990276550197,-4.999990862227666,4.999994236988605,-4.999995437872231
99.0,180.0,129.88400268554688,4.9999299258992735,-4.999999999925812,4.999978173053842,4.9999802941769484,4.999999537233677,-4.999997084331772,4.99999793107925,-4.999990203167696,4.999996951718504,-4.999993610863713
99.0,180.0,129.8839569091797,4.999921835860182,-4.999965817869518,4.999999876497692,4.99999157134144,4.99999999106764,-4.999998813147999,4.999988603926894,-4.999999724451764,4.999999177687804,-4.999994089667068
99.0,180.0,129.88392639160156,4.999972823553509,-4.999981416900266,4.9999690993639945,4.999999290058254,4.999993905073046,-4.999997836465086,4.999999117600472,-4.999996110469128,4.999993167803976,-4.99999767641599
99.0,180.0,129.88392639160156,4.999854720357883,-4.999983354096306,4.999982645479268,4.999999234640849,4.999998898478497,-4.999998796097945,4.999997139936324,-4.999999979339004,4.999997899135786,-4.999999964230027
99.0,180.0,129.88389587402344,4.999905728392744,-4.999999995942619,4.999983637318747,4.999999371255376,4.999994610483063,-4.999999985069833,4.999999585513326,-4.99999995765428,4.999993205971038,-4.999999038897972
99.0,180.0,129.88394165039062,4.999985713413205,-4.999917717827279,4.999997128973007,4.9999992737672025,4.99999479537443,-4.999999886560092,4.999997994135147,-4.999989786463278,4.999996379174431,-4.99999999930628
99.0,180.0,129.88397216796875,4.999930209123161,-4.99997328897117,4.9999740143471945,4.999979145035516,4.999994534782862,-4.999999975810251,4.999993016187933,-4.999999999998075,4.999996365073317,-4.999998819256552
99.0,180.0,129.8839569091797,4.999967227016992,-4.9999999999572,4.999998140140308,4.999991471868565,4.999998847356322,-4.999999613296245,4.9999951406524445,-4.99998057171424,4.999995039356797,-4.999997711133576
99.0,180.0,129.88397216796875,4.999889928818356,-4.999996055441375,4.999968682905401,4.999995760618745,4.999997850003348,-4.999999569374694,4.999995812832436,-4.999999208941512,4.999996072177391,-4.999996166661676
99.0,180.0,129.88397216796875,4.999931852033118,-4.999975666010745,4.999999365853088,4.999995923256094,4.999999378985253,-4.999995232410663,4.999982160558411,-4.999991580434392,4.999999279454859,-4.999999976160606
99.0,180.0,129.88394165039062,4.999983472448431,-4.999991677101768,4.999988875131699,4.999983344983043,4.999995685394408,-4.999999892227565,4.9999991443118645,-4.999986300787734,4.999995154052956,-4.999996753118868
99.0,180.0,129.8839111328125,4.999907994274318,-4.999999980687692,4.999979646029017,4.999998582559118,4.999995563280552,-4.999999980972799,4.9999995463211215,-4.999999700645205,4.999993087506812,-4.999998443590609
99.0,180.0,129.8839874267578,4.999937776527412,-4.999990646558767,4.999944760998522,4.99996361010436,4.999986867022649,-4.99999997457302,4.999999758716016,-4.999999999744269,4.99999909060664,-4.999999927566191
99.0,180.0,129.8839874267578,4.999931324717212,-4.999926000725618,4.999982142440548,4.999992068588547,4.999999976455578,-4.999999740858351,4.999989303308314,-4.999999999999706,4.99999825158556,-4.999998640149335
99.0,180.0,129.8839569091797,4.999861160546713,-4.999990116091346,4.999998785326406,4.999973917865777,4.999999356051056,-4.999999480661513,4.999998029802908,-4.999999999997905,4.999999279029162,-4.9999972743423164
99.0,180.0,129.88401794433594,4.999900037932504,-4.999974018669123,4.999972343149791,4.999950738418569,4.999997930001875,-4.999999353993557,4.999999946146346,-4.999998687555347,4.999996623411668,-4.999999934155128
99.0,180.0,129.8839569091797,4.999973989467337,-4.9999857011519335,4.999975529526559,4.9999993845927655,4.999994348341106,-4.99999888936063,4.999995210781698,-4.99999923971947,4.999993056657122,-4.999992403691285
99.0,180.0,129.88400268554688,4.999896046187244,-4.9999724661012666,4.99996092813047,4.999988553499466,4.999986691464367,-4.999998143338265,4.999999790669044,-4.999999880107828,4.999995152628655,-4.999999974593647
99.0,180.0,129.884033203125,4.999996339616243,-4.999991414532202,4.999983705548466,4.999982177200567,4.9999989498763,-4.999995726470699,4.999999442752193,-4.999984379036394,4.999993425553765,-4.999991211347611
99.0,180.0,129.88394165039062,4.99997578448419,-4.999962304672814,4.9999997400611935,4.999999883415009,4.999996120495929,-4.999999772770931,4.999986425782266,-4.999994682694137,4.999997281502811,-4.999994890204894
99.0,180.0,129.88401794433594,4.999929796653101,-4.999996410730033,4.999999923680463,4.999999963171418,4.99999533880629,-4.999999808753697,4.9999877020356855,-4.999993145774555,4.999996996493759,-4.999988153114131
99.0,180.0,129.88381958007812,4.999952776942326,-4.99999990065147,4.9999984812908345,4.999999924806297,4.99998556107683,-4.999999927322489,4.999997557193522,-4.999996819815182,4.999999121145393,-4.999999999550347
99.0,180.0,129.88401794433594,4.999931837467774,-4.999998821449511,4.999924539971649,4.999978262222868,4.999987949717215,-4.999995297941319,4.999995186522539,-4.999999413374857,4.999999938246583,-4.9999998461973965
99.0,180.0,129.88397216796875,4.999924025048321,-4.999961614639931,4.999982646296662,4.999979137560047,4.999999894403608,-4.999998159024539,4.999998830720747,-4.999999680671296,4.999993668976852,-4.999998209299852
99.0,180.0,129.88392639160156,4.999930466674487,-4.999958165647467,4.999999510071371,4.9999878795378265,4.999980481281099,-4.9999988077448885,4.999998568868943,-4.999998445740204,4.999998909495689,-4.999999923310027
99.0,180.0,129.88388061523438,4.999974748264943,-4.999989283233743,4.999999996710364,4.999999954382564,4.99999209993204,-4.999999910241582,4.999997197169561,-4.999992610924613,4.999994159763853,-4.999998085788441
99.0,180.0,129.8839569091797,4.99991987952937,-4.99998232267526,4.999999994444996,4.999999632338226,4.999999998311608,-4.999995454307011,4.999986714191001,-4.999991880021539,4.999997082604102,-4.999998411880275
99.0,180.0,129.8839569091797,4.999965532137809,-4.999963971251386,4.999999537110857,4.999987823285895,4.999979804582402,-4.999999348208631,4.9999970723373615,-4.999994902593141,4.999999925058562,-4.999994576000368
99.0,180.0,129.8839874267578,4.999838233460984,-4.999999959821263,4.999983498155709,4.999998982938924,4.999998109023541,-4.999998857671833,4.999995568694772,-4.999996926158911,4.999998787514887,-4.999996330310011
99.0,181.0,129.88392639160156,4.999994874897016,-4.999952613144314,4.9999981525265005,4.999979808731329,4.999999877416243,-4.999999911870044,4.999998428180277,-4.999996403780575,4.999992609895558,-4.9999968579672185
99.0,181.0,129.88397216796875,4.999898074953549,-4.999983116130408,4.999989000729153,4.9999763331097,4.999989110352342,-4.9999985117326,4.999999543514805,-4.9999974412461645,4.999997677373694,-4.999998600325049
99.0,181.0,129.88400268554688,4.999924851284527,-4.999994965304146,4.99998269955824,4.999999122136988,4.999997545081102,-4.99999987702543,4.999994146873161,-4.999992893044879,4.9999999302615326,-4.999989269610708
99.0,181.0,129.88397216796875,4.999945041111797,-4.999999999807169,4.999993600098893,4.999987098772234,4.999997044853597,-4.999999729132888,4.999999763791399,-4.999988353093335,4.999993319523536,-4.999993701905366
99.0,181.0,129.88397216796875,4.999938897009799,-4.999953666921522,4.999948887919176,4.99997157449644,4.9999999619260524,-4.999999971739284,4.999999183627658,-4.999999999933585,4.9999997031673775,-4.999999986624136
99.0,181.0,129.8839111328125,4.999943856165556,-4.999999999983898,4.999986222454671,4.999969009602118,4.999999987326422,-4.999999991684389,4.999998014549323,-4.999995354896981,4.9999977807373055,-4.999998865308008
99.0,181.0,129.8838348388672,4.999981719172647,-4.999959750478446,4.999987707449636,4.999990129155085,4.999999765563537,-4.999999940411206,4.999999719613308,-4.999999993223194,4.999996334304871,-4.999999991819183
99.0,181.0,129.88400268554688,4.999949972814587,-4.999999820380035,4.999988028585765,4.999998019702856,4.999995758243134,-4.9999996842865535,4.999993268826309,-4.999993658692722,4.999995739557388,-4.999987450043687
99.0,181.0,129.8839569091797,4.999953617451553,-4.999999964027178,4.999994810597309,4.999997023369332,4.999983533733828,-4.999998192935284,4.999999704826475,-4.999995822717663,4.9999924092666,-4.999994580726391
99.0,181.0,129.88388061523438,4.999956182357567,-4.999998090136828,4.99998170408814,4.9999891094110005,4.999980268795214,-4.999999050764774,4.999997033143055,-4.999998857505863,4.999999293118264,-4.999999999985523
99.0,181.0,129.8839111328125,4.999996615933329,-4.999997366411959,4.999999766586161,4.9999990043583065,4.999991572518212,-4.99999864661862,4.9999842182853245,-4.999986961902787,4.99999671152791,-4.99999999937391
99.0,181.0,129.8839569091797,4.999994699970843,-4.999896820740381,4.99999924083262,4.9999937220666535,4.999994276139183,-4.99999986159662,4.999999494222233,-4.999990546253924,4.999995574957436,-4.999999999485941
99.0,181.0,129.8839111328125,4.999977956907142,-4.999999831419867,4.999971046840333,4.999994209070537,4.999996232334988,-4.99999825891404,4.999999537372937,-4.999993930167869,4.999999333491706,-4.999992388350975
99.0,181.0,129.88381958007812,4.9999986714439,-4.999982957368733,4.999988142337189,4.999999420808971,4.9999993297555685,-4.999997832261787,4.999990725274422,-4.999997198726691,4.999998415281283,-4.99999987000764
99.0,181.0,129.8839874267578,4.9999573087054765,-4.999986401330439,4.999933396101928,4.999996601657209,4.999987466671808,-4.999998768070009,4.999997478809114,-4.999989861787446,4.999998884216941,-4.999999953765832
99.0,181.0,129.88389587402344,4.999987197639944,-4.999999970340916,4.999985664621405,4.999980765110635,4.999993263260322,-4.9999976191571,4.999998925328625,-4.999990149995832,4.999997118533757,-4.999999660726573
99.0,181.0,129.8839569091797,4.99999242865575,-4.9999817648261,4.999997445117826,4.999986288016004,4.999991213187612,-4.999999969730969,4.9999874333001255,-4.999987407013794,4.999996408606288,-4.999999676261639
99.0,181.0,129.8839569091797,4.999934959953306,-4.999999306716218,4.999989657407042,4.999985037830072,4.999980221663476,-4.999997605104022,4.999998853045032,-4.999997597387762,4.999998507387192,-4.999995206222771
99.0,181.0,129.88385009765625,4.999914805104801,-4.999997863441744,4.99999235281142,4.999999814221696,4.999997589987357,-4.999997777970581,4.999995718932759,-4.999998118574838,4.999999449294097,-4.999999892214641
99.0,181.0,129.88388061523438,4.999944970041735,-4.999999996638677,4.999981239217401,4.999999853190275,4.999993772450168,-4.999999748656336,4.99999667398993,-4.999999976727267,4.999999497645124,-4.999994678358688
99.0,181.0,129.8839111328125,4.999998688692804,-4.9999924279553145,4.999998236454879,4.99999788681426,4.999996095314694,-4.999999998977384,4.999990276550197,-4.999990862227666,4.999994236988605,-4.999995437872231
99.0,181.0,129.8839874267578,4.999995558674277,-4.999987096390708,4.999982841903076,4.999992087415132,4.999993654251153,-4.999999984354177,4.999988854925162,-4.99998913462073,4.999995322797446,-4.999993610863713
99.0,181.0,129.88388061523438,4.999959433488403,-4.999999821860128,4.999964069805395,4.9999999509639785,4.999995491548466,-4.999998384833996,4.999999428637798,-4.999999603943804,4.999999177687804,-4.999994759193597
99.0,181.0,129.88392639160156,4.999972823553509,-4.999981416900266,4.9999690993639945,4.999999290058254,4.999993905073046,-4.999997836465086,4.999999117600472,-4.999996110469128,4.999993167803976,-4.99999767641599
99.0,181.0,129.88392639160156,4.999854720357883,-4.999983354096306,4.999982645479268,4.999999234640849,4.999998898478497,-4.999998796097945,4.999997139936324,-4.999999979339004,4.999997899135786,-4.999999964230027
99.0,181.0,129.88389587402344,4.999905728392744,-4.999999995942619,4.999983637318747,4.999999371255376,4.999994610483063,-4.999999985069833,4.999999585513326,-4.99999995765428,4.999993205971038,-4.999999038897972
99.0,181.0,129.88394165039062,4.999985713413205,-4.999917717827279,4.999997128973007,4.9999992737672025,4.99999479537443,-4.999999886560092,4.999997994135147,-4.999989786463278,4.999996379174431,-4.99999999930628
99.0,181.0,129.88397216796875,4.999930209123161,-4.99997328897117,4.9999740143471945,4.999979145035516,4.999994534782862,-4.999999975810251,4.999993016187933,-4.999999999998075,4.999996365073317,-4.999998819256552
99.0,181.0,129.8839569091797,4.999967227016992,-4.9999999999572,4.999998140140308,4.999991471868565,4.999998847356322,-4.999999613296245,4.9999951406524445,-4.99998057171424,4.999995039356797,-4.999997711133576
99.0,181.0,129.8839111328125,4.999974948194335,-4.999996055441375,4.999967006760658,4.999986524633284,4.999991623778201,-4.999997576928324,4.999999940901707,-4.999999077006387,4.9999959046263935,-4.999996749480927
99.0,181.0,129.8839111328125,4.999969389899485,-4.999975666010745,4.999968670062217,4.999990137260867,4.999993288328743,-4.999999956312948,4.999990883256334,-4.999998087198469,4.9999999619236775,-4.999999940826383
99.0,181.0,129.88394165039062,4.999983472448431,-4.999991677101768,4.999988875131699,4.999983344983043,4.999995685394408,-4.999999892227565,4.9999991443118645,-4.999986300787734,4.999995154052956,-4.999996753118868
99.0,181.0,129.88388061523438,4.999997044682336,-4.99999999999494,4.999980298498707,4.999998547660338,4.999990231747105,-4.999999980972799,4.999994235548593,-4.999999700645205,4.999993370850852,-4.999996618345466
99.0,181.0,129.8839874267578,4.999937776527412,-4.999990646558767,4.999944760998522,4.99996361010436,4.999986867022649,-4.99999997457302,4.999999758716016,-4.999999999744269,4.99999909060664,-4.999999927566191
99.0,181.0,129.8839874267578,4.999931324717212,-4.999926000725618,4.999982142440548,4.999992068588547,4.999999976455578,-4.999999740858351,4.999989303308314,-4.999999999999706,4.99999825158556,-4.999998640149335
99.0,181.0,129.8839569091797,4.999861160546713,-4.999990116091346,4.999998785326406,4.999973917865777,4.999999356051056,-4.999999480661513,4.999998029802908,-4.999999999997905,4.999999279029162,-4.9999972743423164
99.0,181.0,129.88401794433594,4.999900037932504,-4.999974018669123,4.999972343149791,4.999950738418569,4.999997930001875,-4.999999353993557,4.999999946146346,-4.999998687555347,4.999996623411668,-4.999999934155128
99.0,181.0,129.8839111328125,4.999963051506697,-4.999971521153831,4.999999634454071,4.9999993845927655,4.999979387969347,-4.999997568457087,4.999998012324419,-4.999991161293972,4.999998271917061,-4.999999979100496
99.0,181.0,129.8839569091797,4.999965655090009,-4.999933118717954,4.999999880008463,4.999995575563721,4.999999997955805,-4.999999500561746,4.999987829237066,-4.999999880107828,4.999998528588172,-4.999994789157683
99.0,181.0,129.884033203125,4.999996339616243,-4.999991414532202,4.999983705548466,4.999982177200567,4.9999989498763,-4.999995726470699,4.999999442752193,-4.999984379036394,4.999993425553765,-4.999991211347611
99.0,181.0,129.88392639160156,4.999910592731809,-4.9999944361328055,4.999990558596871,4.999976952851318,4.999993533683331,-4.999997924236377,4.999998860572398,-4.999999888820303,4.999997281502811,-4.999997384779896
99.0,181.0,129.88401794433594,4.999929796653101,-4.999996410730033,4.999999923680463,4.999999963171418,4.99999533880629,-4.999999808753697,4.9999877020356855,-4.999993145774555,4.999996996493759,-4.999988153114131
99.0,181.0,129.88381958007812,4.999952776942326,-4.99999990065147,4.9999984812908345,4.999999924806297,4.99998556107683,-4.999999927322489,4.999997557193522,-4.999996819815182,4.999999121145393,-4.999999999550347
99.0,181.0,129.88389587402344,4.99988388025393,-4.999999999660774,4.999983807012165,4.999999749277749,4.999995643657245,-4.9999997175395166,4.999995351308092,-4.999999965844135,4.999999938246583,-4.999998795731321
99.0,181.0,129.88397216796875,4.999924025048321,-4.999961614639931,4.999982646296662,4.999979137560047,4.999999894403608,-4.999998159024539,4.999998830720747,-4.999999680671296,4.999993668976852,-4.999998209299852
99.0,181.0,129.88392639160156,4.999930466674487,-4.999958165647467,4.999999510071371,4.9999878795378265,4.999980481281099,-4.9999988077448885,4.999998568868943,-4.999998445740204,4.999998909495689,-4.999999923310027
99.0,181.0,129.88388061523438,4.999974748264943,-4.999989283233743,4.999999996710364,4.999999954382564,4.99999209993204,-4.999999910241582,4.999997197169561,-4.999992610924613,4.999994159763853,-4.999998085788441
99.0,181.0,129.8839569091797,4.99991987952937,-4.99998232267526,4.999999994444996,4.999999632338226,4.999999998311608,-4.999995454307011,4.999986714191001,-4.999991880021539,4.999997082604102,-4.999998411880275
99.0,181.0,129.8839569091797,4.999965532137809,-4.999963971251386,4.999999537110857,4.999987823285895,4.999979804582402,-4.999999348208631,4.9999970723373615,-4.999994902593141,4.999999925058562,-4.999994576000368
99.0,181.0,129.88394165039062,4.999932231431921,-4.999999959821263,4.999999517223713,4.999996208150993,4.99999825478072,-4.999995742851139,4.999983153752343,-4.999988266036963,4.999999831008225,-4.999999990977898
99.0,182.0,129.88392639160156,4.999994874897016,-4.999952613144314,4.9999981525265005,4.999979808731329,4.999999877416243,-4.999999911870044,4.999998428180277,-4.999996403780575,4.999992609895558,-4.9999968579672185
99.0,182.0,129.88397216796875,4.999898074953549,-4.999983116130408,4.999989000729153,4.9999763331097,4.999989110352342,-4.9999985117326,4.999999543514805,-4.9999974412461645,4.999997677373694,-4.999998600325049
99.0,182.0,129.8839569091797,4.9999706389962215,-4.999994965304146,4.9999804139931925,4.999997352727353,4.999975659511501,-4.999997855259664,4.999996955917874,-4.999997447711412,4.999995553298037,-4.999994878224346
99.0,182.0,129.88385009765625,4.999968647786115,-4.999999999807169,4.999974402238019,4.999999391589151,4.999994054385797,-4.999999960447842,4.999990417659595,-4.999997905432192,4.999999592244015,-4.999999944773153
99.0,182.0,129.88397216796875,4.999938897009799,-4.999953666921522,4.999948887919176,4.99997157449644,4.9999999619260524,-4.999999971739284,4.999999183627658,-4.999999999933585,4.9999997031673775,-4.999999986624136
99.0,182.0,129.8839111328125,4.999943856165556,-4.999999999983898,4.999986222454671,4.999969009602118,4.999999987326422,-4.999999991684389,4.999998014549323,-4.999995354896981,4.9999977807373055,-4.999998865308008
99.0,182.0,129.8838348388672,4.999981719172647,-4.999959750478446,4.999987707449636,4.999990129155085,4.999999765563537,-4.999999940411206,4.999999719613308,-4.999999993223194,4.999996334304871,-4.999999991819183
99.0,182.0,129.88392639160156,4.999957207358076,-4.999999820380035,4.999988028585765,4.999998863953974,4.999989360159563,-4.999998102117496,4.999991897806232,-4.999993658692722,4.999994022060879,-4.999999219255573
99.0,182.0,129.88389587402344,4.999956356474144,-4.999980723633762,4.999994810597309,4.999997023369332,4.999980181207057,-4.999997842641542,4.999998167843082,-4.9999980662109,4.999998482381923,-4.999998520489299
99.0,182.0,129.88388061523438,4.999956182357567,-4.999998090136828,4.99998170408814,4.9999891094110005,4.999980268795214,-4.999999050764774,4.999997033143055,-4.999998857505863,4.999999293118264,-4.999999999985523
99.0,182.0,129.8839111328125,4.999996615933329,-4.999997366411959,4.999999766586161,4.9999990043583065,4.999991572518212,-4.99999864661862,4.9999842182853245,-4.999986961902787,4.99999671152791,-4.99999999937391
99.0,182.0,129.88377380371094,4.999999938508449,-4.999985689628065,4.999992103684171,4.99999950505392,4.999995343452317,-4.999998833804844,4.999999494222233,-4.99999566422413,4.999999335102574,-4.999999911878309
99.0,182.0,129.8839111328125,4.999977956907142,-4.999999831419867,4.999971046840333,4.999994209070537,4.999996232334988,-4.99999825891404,4.999999537372937,-4.999993930167869,4.999999333491706,-4.999992388350975
99.0,182.0,129.88381958007812,4.9999986714439,-4.999982957368733,4.999988142337189,4.999999420808971,4.9999993297555685,-4.999997832261787,4.999990725274422,-4.999997198726691,4.999998415281283,-4.99999987000764
99.0,182.0,129.8838653564453,4.999959020902282,-4.999979889864312,4.999977687643564,4.999996406083151,4.999993876988221,-4.999999916923961,4.9999966813833465,-4.999999994384594,4.999999986719642,-4.999997383905084
99.0,182.0,129.88389587402344,4.999987197639944,-4.999999970340916,4.999985664621405,4.999980765110635,4.999993263260322,-4.9999976191571,4.999998925328625,-4.999990149995832,4.999997118533757,-4.999999660726573
99.0,182.0,129.8839569091797,4.99999242865575,-4.9999817648261,4.999997445117826,4.999986288016004,4.999991213187612,-4.999999969730969,4.9999874333001255,-4.999987407013794,4.999996408606288,-4.999999676261639
99.0,182.0,129.8839569091797,4.999934959953306,-4.999999306716218,4.999989657407042,4.999985037830072,4.999980221663476,-4.999997605104022,4.999998853045032,-4.999997597387762,4.999998507387192,-4.999995206222771
99.0,182.0,129.88385009765625,4.999914805104801,-4.999997863441744,4.99999235281142,4.999999814221696,4.999997589987357,-4.999997777970581,4.999995718932759,-4.999998118574838,4.999999449294097,-4.999999892214641
99.0,182.0,129.88388061523438,4.999944970041735,-4.999999996638677,4.999981239217401,4.999999853190275,4.999993772450168,-4.999999748656336,4.99999667398993,-4.999999976727267,4.999999497645124,-4.999994678358688
99.0,182.0,129.8839111328125,4.999998688692804,-4.9999924279553145,4.999998236454879,4.99999788681426,4.999996095314694,-4.999999998977384,4.999990276550197,-4.999990862227666,4.999994236988605,-4.999995437872231
99.0,182.0,129.8839874267578,4.999995558674277,-4.999987096390708,4.999982841903076,4.999992087415132,4.999993654251153,-4.999999984354177,4.999988854925162,-4.99998913462073,4.999995322797446,-4.999993610863713
99.0,182.0,129.88388061523438,4.999959433488403,-4.999999821860128,4.999964069805395,4.9999999509639785,4.999995491548466,-4.999998384833996,4.999999428637798,-4.999999603943804,4.999999177687804,-4.999994759193597
99.0,182.0,129.88392639160156,4.999972823553509,-4.999981416900266,4.9999690993639945,4.999999290058254,4.999993905073046,-4.999997836465086,4.999999117600472,-4.999996110469128,4.999993167803976,-4.99999767641599
99.0,182.0,129.88392639160156,4.999854720357883,-4.999983354096306,4.999982645479268,4.999999234640849,4.999998898478497,-4.999998796097945,4.999997139936324,-4.999999979339004,4.999997899135786,-4.999999964230027
99.0,182.0,129.88389587402344,4.999905728392744,-4.999999995942619,4.999983637318747,4.999999371255376,4.999994610483063,-4.999999985069833,4.999999585513326,-4.99999995765428,4.999993205971038,-4.999999038897972
99.0,182.0,129.88381958007812,4.999981497929831,-4.999996298229247,4.999999142942424,4.9999997344396405,4.999991845085092,-4.999997671037466,4.999997994135147,-4.999989786463278,4.999999776413191,-4.99999999979109
99.0,182.0,129.88394165039062,4.999953600759485,-4.99997328897117,4.9999740143471945,4.999960778841304,4.999994311107567,-4.999999984814988,4.999999912265142,-4.999999999998075,4.999996365073317,-4.999999937758913
99.0,182.0,129.88394165039062,4.999983571714052,-4.999997761753738,4.999961689290822,4.999984257355893,4.999999225834856,-4.999998119169662,4.999999942116021,-4.999993004530152,4.999995039356797,-4.999995164385348
99.0,182.0,129.8839111328125,4.999974948194335,-4.999996055441375,4.999967006760658,4.999986524633284,4.999991623778201,-4.999997576928324,4.999999940901707,-4.999999077006387,4.9999959046263935,-4.999996749480927
99.0,182.0,129.8839111328125,4.999969389899485,-4.999975666010745,4.999968670062217,4.999990137260867,4.999993288328743,-4.999999956312948,4.999990883256334,-4.999998087198469,4.9999999619236775,-4.999999940826383
99.0,182.0,129.88394165039062,4.999983472448431,-4.999991677101768,4.999988875131699,4.999983344983043,4.999995685394408,-4.999999892227565,4.9999991443118645,-4.999986300787734,4.999995154052956,-4.999996753118868
99.0,182.0,129.88388061523438,4.999997044682336,-4.99999999999494,4.999980298498707,4.999998547660338,4.999990231747105,-4.999999980972799,4.999994235548593,-4.999999700645205,4.999993370850852,-4.999996618345466
99.0,182.0,129.8839874267578,4.999937776527412,-4.999990646558767,4.999944760998522,4.99996361010436,4.999986867022649,-4.99999997457302,4.999999758716016,-4.999999999744269,4.99999909060664,-4.999999927566191
99.0,182.0,129.8839874267578,4.999931324717212,-4.999926000725618,4.999982142440548,4.999992068588547,4.999999976455578,-4.999999740858351,4.999989303308314,-4.999999999999706,4.99999825158556,-4.999998640149335
99.0,182.0,129.8839569091797,4.999861160546713,-4.999990116091346,4.999998785326406,4.999973917865777,4.999999356051056,-4.999999480661513,4.999998029802908,-4.999999999997905,4.999999279029162,-4.9999972743423164
99.0,182.0,129.88392639160156,4.999974979502793,-4.999997849588867,4.999954461958388,4.999999984262262,4.999991309774355,-4.999997177455963,4.999999730815892,-4.999998687555347,4.999998239632348,-4.999993701280056
99.0,182.0,129.8839111328125,4.999963051506697,-4.999971521153831,4.999999634454071,4.9999993845927655,4.999979387969347,-4.999997568457087,4.999998012324419,-4.999991161293972,4.999998271917061,-4.999999979100496
99.0,182.0,129.8839569091797,4.999965655090009,-4.999933118717954,4.999999880008463,4.999995575563721,4.999999997955805,-4.999999500561746,4.999987829237066,-4.999999880107828,4.999998528588172,-4.999994789157683
99.0,182.0,129.88401794433594,4.999895855716753,-4.999999064818556,4.9999749004443785,4.999996199907753,4.999986650664493,-4.999999756619596,4.999996321188324,-4.999984379036394,4.999999669301603,-4.999998800235134
99.0,182.0,129.88392639160156,4.999910592731809,-4.9999944361328055,4.999990558596871,4.999976952851318,4.999993533683331,-4.999997924236377,4.999998860572398,-4.999999888820303,4.999997281502811,-4.999997384779896
99.0,182.0,129.88394165039062,4.999938313617409,-4.9999867732547045,4.999960919668187,4.999999594291377,4.999995160348558,-4.999997873879211,4.999999136825063,-4.999999783833961,4.999992690907568,-4.999998152970756
99.0,182.0,129.88381958007812,4.999952776942326,-4.99999990065147,4.9999984812908345,4.999999924806297,4.99998556107683,-4.999999927322489,4.999997557193522,-4.999996819815182,4.999999121145393,-4.999999999550347
99.0,182.0,129.88389587402344,4.99988388025393,-4.999999999660774,4.999983807012165,4.999999749277749,4.999995643657245,-4.9999997175395166,4.999995351308092,-4.999999965844135,4.999999938246583,-4.999998795731321
99.0,182.0,129.88392639160156,4.999924025048321,-4.999994134976671,4.999983531056248,4.999999496622575,4.99999662917352,-4.999998744539771,4.999991776864029,-4.999998350335994,4.999998966606969,-4.999995611803484
99.0,182.0,129.88392639160156,4.999930466674487,-4.999958165647467,4.999999510071371,4.9999878795378265,4.999980481281099,-4.9999988077448885,4.999998568868943,-4.999998445740204,4.999998909495689,-4.999999923310027
99.0,182.0,129.88388061523438,4.999974748264943,-4.999989283233743,4.999999996710364,4.999999954382564,4.99999209993204,-4.999999910241582,4.999997197169561,-4.999992610924613,4.999994159763853,-4.999998085788441
99.0,182.0,129.8839569091797,4.99991987952937,-4.99998232267526,4.999999994444996,4.999999632338226,4.999999998311608,-4.999995454307011,4.999986714191001,-4.999991880021539,4.999997082604102,-4.999998411880275
99.0,182.0,129.8839111328125,4.999965532137809,-4.99996389709802,4.999986102194489,4.999988839218881,4.999979804582402,-4.9999988038759735,4.999999610121689,-4.999999997234644,4.999997316545272,-4.9999999939929
99.0,182.0,129.88394165039062,4.999932231431921,-4.999999959821263,4.999999517223713,4.999996208150993,4.99999825478072,-4.999995742851139,4.999983153752343,-4.999988266036963,4.999999831008225,-4.999999990977898
99.0,183.0,129.88392639160156,4.999994874897016,-4.999952613144314,4.9999981525265005,4.999979808731329,4.999999877416243,-4.999999911870044,4.999998428180277,-4.999996403780575,4.999992609895558,-4.9999968579672185
99.0,183.0,129.88397216796875,4.999898074953549,-4.999983116130408,4.999989000729153,4.9999763331097,4.999989110352342,-4.9999985117326,4.999999543514805,-4.9999974412461645,4.999997677373694,-4.999998600325049
99.0,183.0,129.8839569091797,4.9999706389962215,-4.999994965304146,4.9999804139931925,4.999997352727353,4.999975659511501,-4.999997855259664,4.999996955917874,-4.999997447711412,4.999995553298037,-4.999994878224346
99.0,183.0,129.88385009765625,4.999968647786115,-4.999999999807169,4.999974402238019,4.999999391589151,4.999994054385797,-4.999999960447842,4.999990417659595,-4.999997905432192,4.999999592244015,-4.999999944773153
99.0,183.0,129.88397216796875,4.999938897009799,-4.999953666921522,4.999948887919176,4.99997157449644,4.9999999619260524,-4.999999971739284,4.999999183627658,-4.999999999933585,4.9999997031673775,-4.999999986624136
99.0,183.0,129.8839111328125,4.999943856165556,-4.999999999983898,4.999986222454671,4.999969009602118,4.999999987326422,-4.999999991684389,4.999998014549323,-4.999995354896981,4.9999977807373055,-4.999998865308008
99.0,183.0,129.8838348388672,4.999981719172647,-4.999959750478446,4.999987707449636,4.999990129155085,4.999999765563537,-4.999999940411206,4.999999719613308,-4.999999993223194,4.999996334304871,-4.999999991819183
99.0,183.0,129.88392639160156,4.999957207358076,-4.999999820380035,4.999988028585765,4.999998863953974,4.999989360159563,-4.999998102117496,4.999991897806232,-4.999993658692722,4.999994022060879,-4.999999219255573
99.0,183.0,129.88389587402344,4.999956356474144,-4.999980723633762,4.999994810597309,4.999997023369332,4.999980181207057,-4.999997842641542,4.999998167843082,-4.9999980662109,4.999998482381923,-4.999998520489299
99.0,183.0,129.88388061523438,4.999956182357567,-4.999998090136828,4.99998170408814,4.9999891094110005,4.999980268795214,-4.999999050764774,4.999997033143055,-4.999998857505863,4.999999293118264,-4.999999999985523
99.0,183.0,129.8839111328125,4.999996615933329,-4.999997366411959,4.999999766586161,4.9999990043583065,4.999991572518212,-4.99999864661862,4.9999842182853245,-4.999986961902787,4.99999671152791,-4.99999999937391
99.0,183.0,129.88377380371094,4.999999938508449,-4.999985689628065,4.999992103684171,4.99999950505392,4.999995343452317,-4.999998833804844,4.999999494222233,-4.99999566422413,4.999999335102574,-4.999999911878309
99.0,183.0,129.8839111328125,4.999977956907142,-4.999999831419867,4.999971046840333,4.999994209070537,4.999996232334988,-4.99999825891404,4.999999537372937,-4.999993930167869,4.999999333491706,-4.999992388350975
99.0,183.0,129.88381958007812,4.9999986714439,-4.999982957368733,4.999988142337189,4.999999420808971,4.9999993297555685,-4.999997832261787,4.999990725274422,-4.999997198726691,4.999998415281283,-4.99999987000764
99.0,183.0,129.8838653564453,4.999959020902282,-4.999979889864312,4.999977687643564,4.999996406083151,4.999993876988221,-4.999999916923961,4.9999966813833465,-4.999999994384594,4.999999986719642,-4.999997383905084
99.0,183.0,129.88389587402344,4.999987197639944,-4.999999970340916,4.999985664621405,4.999980765110635,4.999993263260322,-4.9999976191571,4.999998925328625,-4.999990149995832,4.999997118533757,-4.999999660726573
99.0,183.0,129.8839569091797,4.99999242865575,-4.9999817648261,4.999997445117826,4.999986288016004,4.999991213187612,-4.999999969730969,4.9999874333001255,-4.999987407013794,4.999996408606288,-4.999999676261639
99.0,183.0,129.8839111328125,4.999991384292728,-4.999975467646959,4.999971418491178,4.999985037830072,4.999993503967279,-4.999999474394869,4.999987675925383,-4.999997597387762,4.999999971680638,-4.99999989371519
99.0,183.0,129.88385009765625,4.999914805104801,-4.999997863441744,4.99999235281142,4.999999814221696,4.999997589987357,-4.999997777970581,4.999995718932759,-4.999998118574838,4.999999449294097,-4.999999892214641
99.0,183.0,129.88388061523438,4.999944970041735,-4.999999996638677,4.999981239217401,4.999999853190275,4.999993772450168,-4.999999748656336,4.99999667398993,-4.999999976727267,4.999999497645124,-4.999994678358688
99.0,183.0,129.8839111328125,4.999998688692804,-4.9999924279553145,4.999998236454879,4.99999788681426,4.999996095314694,-4.999999998977384,4.999990276550197,-4.999990862227666,4.999994236988605,-4.999995437872231
99.0,183.0,129.8839874267578,4.999995558674277,-4.999987096390708,4.999982841903076,4.999992087415132,4.999993654251153,-4.999999984354177,4.999988854925162,-4.99998913462073,4.999995322797446,-4.999993610863713
99.0,183.0,129.88388061523438,4.999959433488403,-4.999999821860128,4.999964069805395,4.9999999509639785,4.999995491548466,-4.999998384833996,4.999999428637798,-4.999999603943804,4.999999177687804,-4.999994759193597
99.0,183.0,129.88392639160156,4.999972823553509,-4.999981416900266,4.9999690993639945,4.999999290058254,4.999993905073046,-4.999997836465086,4.999999117600472,-4.999996110469128,4.999993167803976,-4.99999767641599
99.0,183.0,129.8838348388672,4.999994317927181,-4.999998900773407,4.999955488271573,4.999999234640849,4.999994539912866,-4.99999996132685,4.999998811841435,-4.999999855094524,4.999997196418301,-4.999997531476878
99.0,183.0,129.88385009765625,4.999992641053884,-4.999995283288387,4.999985360633646,4.999993796898723,4.99999965605198,-4.999999985069833,4.999999809869129,-4.999990836770083,4.999995161604764,-4.999999038897972
99.0,183.0,129.88381958007812,4.999981497929831,-4.999996298229247,4.999999142942424,4.9999997344396405,4.999991845085092,-4.999997671037466,4.999997994135147,-4.999989786463278,4.999999776413191,-4.99999999979109
99.0,183.0,129.8839111328125,4.999917447186136,-4.999997703643737,4.999978308517816,4.999999507135831,4.999996573247167,-4.999998758810351,4.9999924225805445,-4.999999579927102,4.999999302761251,-4.9999971787294655
99.0,183.0,129.88394165039062,4.999983571714052,-4.999997761753738,4.999961689290822,4.999984257355893,4.999999225834856,-4.999998119169662,4.999999942116021,-4.999993004530152,4.999995039356797,-4.999995164385348
99.0,183.0,129.8838348388672,4.9999833863739465,-4.9999998574833,4.999980411314949,4.99999539992668,4.999997061756784,-4.999998166802941,4.999999925946533,-4.999999077006387,4.999999883259391,-4.999994949134347
99.0,183.0,129.8839111328125,4.999969389899485,-4.999975666010745,4.999968670062217,4.999990137260867,4.999993288328743,-4.999999956312948,4.999990883256334,-4.999998087198469,4.9999999619236775,-4.999999940826383
99.0,183.0,129.88385009765625,4.999965951915441,-4.999998270500509,4.999999773433735,4.999990976924058,4.999996026859202,-4.999998878415498,4.999997030958955,-4.999987925408576,4.999999936135535,-4.999999999860604
99.0,183.0,129.88388061523438,4.999997044682336,-4.99999999999494,4.999980298498707,4.999998547660338,4.999990231747105,-4.999999980972799,4.999994235548593,-4.999999700645205,4.999993370850852,-4.999996618345466
99.0,183.0,129.8839874267578,4.999937776527412,-4.999990646558767,4.999944760998522,4.99996361010436,4.999986867022649,-4.99999997457302,4.999999758716016,-4.999999999744269,4.99999909060664,-4.999999927566191
99.0,183.0,129.8839111328125,4.999909213506868,-4.999960996738223,4.999982142440548,4.999983490836197,4.999999976455578,-4.999998333638583,4.999998886378315,-4.999999999999706,4.999999787243059,-4.999999990667122
99.0,183.0,129.88392639160156,4.999979160688572,-4.999990823945587,4.999991533866616,4.999984478621739,4.99999188436608,-4.999999621106896,4.999999143704708,-4.999989337025852,4.999995586687754,-4.999997545666657
99.0,183.0,129.88385009765625,4.999974979502793,-4.999997316745745,4.999999907402779,4.999999924551419,4.999991309774355,-4.99999861443767,4.999999730815892,-4.999987694361887,4.999997381731953,-4.999999999942322
99.0,183.0,129.8839111328125,4.999963051506697,-4.999971521153831,4.999999634454071,4.9999993845927655,4.999979387969347,-4.999997568457087,4.999998012324419,-4.999991161293972,4.999998271917061,-4.999999979100496
99.0,183.0,129.88392639160156,4.999995476670773,-4.99995212580345,4.999998315922459,4.999976263482953,4.9999966864816034,-4.999999500561746,4.999998784157642,-4.999998258980711,4.9999924218038885,-4.999997457842413
99.0,183.0,129.8839111328125,4.999976914952743,-4.999991678605841,4.999977820504282,4.999997557165851,4.999984536091528,-4.99999957898426,4.999999587616864,-4.999999818968892,4.9999942562778585,-4.99999587890316
99.0,183.0,129.8839111328125,4.99998708202102,-4.999995687163354,4.999995982502272,4.999980750170787,4.999993658339164,-4.999997924236377,4.99999765850546,-4.999987111680465,4.999995078599509,-4.999999883362391
99.0,183.0,129.88380432128906,4.999968352212637,-4.999982771945943,4.9999910369015925,4.999999998862375,4.999999451313544,-4.999999396496179,4.999999136825063,-4.999999764394211,4.999999435061789,-4.9999978874167645
99.0,183.0,129.88381958007812,4.999952776942326,-4.99999990065147,4.9999984812908345,4.999999924806297,4.99998556107683,-4.999999927322489,4.999997557193522,-4.999996819815182,4.999999121145393,-4.999999999550347
99.0,183.0,129.88389587402344,4.99988388025393,-4.999999999660774,4.999983807012165,4.999999749277749,4.999995643657245,-4.9999997175395166,4.999995351308092,-4.999999965844135,4.999999938246583,-4.999998795731321
99.0,183.0,129.88385009765625,4.999974199715393,-4.9999768795344295,4.999989785348243,4.999998681231652,4.99999662917352,-4.999997603822695,4.999996531513935,-4.999994706154268,4.999997877460561,-4.9999992453790085
99.0,183.0,129.88392639160156,4.999930466674487,-4.999958165647467,4.999999510071371,4.9999878795378265,4.999980481281099,-4.9999988077448885,4.999998568868943,-4.999998445740204,4.999998909495689,-4.999999923310027
99.0,183.0,129.88388061523438,4.999974748264943,-4.999989283233743,4.999999996710364,4.999999954382564,4.99999209993204,-4.999999910241582,4.999997197169561,-4.999992610924613,4.999994159763853,-4.999998085788441
99.0,183.0,129.8839569091797,4.99991987952937,-4.99998232267526,4.999999994444996,4.999999632338226,4.999999998311608,-4.999995454307011,4.999986714191001,-4.999991880021539,4.999997082604102,-4.999998411880275
99.0,183.0,129.8839111328125,4.999965532137809,-4.99996389709802,4.999986102194489,4.999988839218881,4.999979804582402,-4.9999988038759735,4.999999610121689,-4.999999997234644,4.999997316545272,-4.9999999939929
99.0,183.0,129.88394165039062,4.999932231431921,-4.999999959821263,4.999999517223713,4.999996208150993,4.99999825478072,-4.999995742851139,4.999983153752343,-4.999988266036963,4.999999831008225,-4.999999990977898
99.0,184.0,129.88392639160156,4.999994874897016,-4.999952613144314,4.9999981525265005,4.999979808731329,4.999999877416243,-4.999999911870044,4.999998428180277,-4.999996403780575,4.999992609895558,-4.9999968579672185
99.0,184.0,129.88380432128906,4.999975674024233,-4.999983616318371,4.9999787551458805,4.999999697376949,4.999999953201128,-4.999999273531803,4.999999723674783,-4.99999999440379,4.999998999868948,-4.99999873746515
99.0,184.0,129.8839569091797,4.9999706389962215,-4.999994965304146,4.9999804139931925,4.999997352727353,4.999975659511501,-4.999997855259664,4.999996955917874,-4.999997447711412,4.999995553298037,-4.999994878224346
99.0,184.0,129.88385009765625,4.999968647786115,-4.999999999807169,4.999974402238019,4.999999391589151,4.999994054385797,-4.999999960447842,4.999990417659595,-4.999997905432192,4.999999592244015,-4.999999944773153
99.0,184.0,129.88397216796875,4.999938897009799,-4.999953666921522,4.999948887919176,4.99997157449644,4.9999999619260524,-4.999999971739284,4.999999183627658,-4.999999999933585,4.9999997031673775,-4.999999986624136
99.0,184.0,129.8839111328125,4.999943856165556,-4.999999999983898,4.999986222454671,4.999969009602118,4.999999987326422,-4.999999991684389,4.999998014549323,-4.999995354896981,4.9999977807373055,-4.999998865308008
99.0,184.0,129.8838348388672,4.999981719172647,-4.999959750478446,4.999987707449636,4.999990129155085,4.999999765563537,-4.999999940411206,4.999999719613308,-4.999999993223194,4.999996334304871,-4.999999991819183
99.0,184.0,129.88392639160156,4.999957207358076,-4.999999820380035,4.999988028585765,4.999998863953974,4.999989360159563,-4.999998102117496,4.999991897806232,-4.999993658692722,4.999994022060879,-4.999999219255573
99.0,184.0,129.88389587402344,4.999956356474144,-4.999980723633762,4.999994810597309,4.999997023369332,4.999980181207057,-4.999997842641542,4.999998167843082,-4.9999980662109,4.999998482381923,-4.999998520489299
99.0,184.0,129.88388061523438,4.999956182357567,-4.999998090136828,4.99998170408814,4.9999891094110005,4.999980268795214,-4.999999050764774,4.999997033143055,-4.999998857505863,4.999999293118264,-4.999999999985523
99.0,184.0,129.8839111328125,4.999996615933329,-4.999997366411959,4.999999766586161,4.9999990043583065,4.999991572518212,-4.99999864661862,4.9999842182853245,-4.999986961902787,4.99999671152791,-4.99999999937391
99.0,184.0,129.88377380371094,4.999999938508449,-4.999985689628065,4.999992103684171,4.99999950505392,4.999995343452317,-4.999998833804844,4.999999494222233,-4.99999566422413,4.999999335102574,-4.999999911878309
99.0,184.0,129.8838348388672,4.999999985289643,-4.999972653406442,4.999971046840333,4.999994702411643,4.99999930369154,-4.999999968491713,4.999999605733646,-4.999996684905218,4.999997614048414,-4.999999907892356
99.0,184.0,129.88381958007812,4.9999986714439,-4.999982957368733,4.999988142337189,4.999999420808971,4.9999993297555685,-4.999997832261787,4.999990725274422,-4.999997198726691,4.999998415281283,-4.99999987000764
99.0,184.0,129.8838653564453,4.999959020902282,-4.999979889864312,4.999977687643564,4.999996406083151,4.999993876988221,-4.999999916923961,4.9999966813833465,-4.999999994384594,4.999999986719642,-4.999997383905084
99.0,184.0,129.88389587402344,4.999987197639944,-4.999999970340916,4.999985664621405,4.999980765110635,4.999993263260322,-4.9999976191571,4.999998925328625,-4.999990149995832,4.999997118533757,-4.999999660726573
99.0,184.0,129.88388061523438,4.999949559682305,-4.9999817648261,4.9999878115510485,4.999989987231093,4.999984422761722,-4.999998888712011,4.999998153308223,-4.9999999982230525,4.999999937228905,-4.999999393720664
99.0,184.0,129.8839111328125,4.999991384292728,-4.999975467646959,4.999971418491178,4.999985037830072,4.999993503967279,-4.999999474394869,4.999987675925383,-4.999997597387762,4.999999971680638,-4.99999989371519
99.0,184.0,129.88385009765625,4.999914805104801,-4.999997863441744,4.99999235281142,4.999999814221696,4.999997589987357,-4.999997777970581,4.999995718932759,-4.999998118574838,4.999999449294097,-4.999999892214641
99.0,184.0,129.88388061523438,4.999944970041735,-4.999999996638677,4.999981239217401,4.999999853190275,4.999993772450168,-4.999999748656336,4.99999667398993,-4.999999976727267,4.999999497645124,-4.999994678358688
99.0,184.0,129.8839111328125,4.999998688692804,-4.9999924279553145,4.999998236454879,4.99999788681426,4.999996095314694,-4.999999998977384,4.999990276550197,-4.999990862227666,4.999994236988605,-4.999995437872231
99.0,184.0,129.8839569091797,4.999957903980716,-4.999987861371537,4.999971291697136,4.999997720892632,4.999993766306089,-4.999999953523854,4.999997372227773,-4.99998913462073,4.999995322797446,-4.999998474370461
99.0,184.0,129.88388061523438,4.999959433488403,-4.999999821860128,4.999964069805395,4.9999999509639785,4.999995491548466,-4.999998384833996,4.999999428637798,-4.999999603943804,4.999999177687804,-4.999994759193597
99.0,184.0,129.88392639160156,4.999972823553509,-4.999981416900266,4.9999690993639945,4.999999290058254,4.999993905073046,-4.999997836465086,4.999999117600472,-4.999996110469128,4.999993167803976,-4.99999767641599
99.0,184.0,129.8838348388672,4.999994317927181,-4.999998900773407,4.999955488271573,4.999999234640849,4.999994539912866,-4.99999996132685,4.999998811841435,-4.999999855094524,4.999997196418301,-4.999997531476878
99.0,184.0,129.8838348388672,4.999995341974715,-4.999999999997998,4.999988687100055,4.9999992189601805,4.999992877887913,-4.999999985069833,4.999994497573827,-4.999998681799864,4.999993284864416,-4.999999038897972
99.0,184.0,129.88381958007812,4.999981497929831,-4.999996298229247,4.999999142942424,4.9999997344396405,4.999991845085092,-4.999997671037466,4.999997994135147,-4.999989786463278,4.999999776413191,-4.99999999979109
99.0,184.0,129.88388061523438,4.999996403580513,-4.999996973801922,4.999989935854678,4.999997506851215,4.999995279933373,-4.999999796405489,4.999999952877456,-4.999991702655295,4.999992308781854,-4.9999970079363605
99.0,184.0,129.8838348388672,4.999983571714052,-4.999992875639051,4.999974708741172,4.999984257355893,4.999998251246591,-4.999998457569749,4.999999942116021,-4.999999625969176,4.999999423995784,-4.999998403501732
99.0,184.0,129.8838348388672,4.9999833863739465,-4.9999998574833,4.999980411314949,4.99999539992668,4.999997061756784,-4.999998166802941,4.999999925946533,-4.999999077006387,4.999999883259391,-4.999994949134347
99.0,184.0,129.88385009765625,4.99998621656875,-4.999975666010745,4.999984851318714,4.999997441008123,4.999995425646698,-4.999999956312948,4.999999958126439,-4.999999460638924,4.9999999619236775,-4.999993311449485
99.0,184.0,129.88385009765625,4.999965951915441,-4.999998270500509,4.999999773433735,4.999990976924058,4.999996026859202,-4.999998878415498,4.999997030958955,-4.999987925408576,4.999999936135535,-4.999999999860604
99.0,184.0,129.88388061523438,4.999997044682336,-4.99999999999494,4.999980298498707,4.999998547660338,4.999990231747105,-4.999999980972799,4.999994235548593,-4.999999700645205,4.999993370850852,-4.999996618345466
99.0,184.0,129.8839111328125,4.999889134963736,-4.999998962475507,4.9999982398804885,4.999999930223999,4.99999710446029,-4.99999997457302,4.99998732475092,-4.999995749328243,4.999999799241439,-4.9999999646733775
99.0,184.0,129.8839111328125,4.999909213506868,-4.999960996738223,4.999982142440548,4.999983490836197,4.999999976455578,-4.999998333638583,4.999998886378315,-4.999999999999706,4.999999787243059,-4.999999990667122
99.0,184.0,129.88392639160156,4.999979160688572,-4.999990823945587,4.999991533866616,4.999984478621739,4.99999188436608,-4.999999621106896,4.999999143704708,-4.999989337025852,4.999995586687754,-4.999997545666657
99.0,184.0,129.88385009765625,4.999974979502793,-4.999997316745745,4.999999907402779,4.999999924551419,4.999991309774355,-4.99999861443767,4.999999730815892,-4.999987694361887,4.999997381731953,-4.999999999942322
99.0,184.0,129.8839111328125,4.999963051506697,-4.999971521153831,4.999999634454071,4.9999993845927655,4.999979387969347,-4.999997568457087,4.999998012324419,-4.999991161293972,4.999998271917061,-4.999999979100496
99.0,184.0,129.88392639160156,4.999995476670773,-4.99995212580345,4.999998315922459,4.999976263482953,4.9999966864816034,-4.999999500561746,4.999998784157642,-4.999998258980711,4.9999924218038885,-4.999997457842413
99.0,184.0,129.8838348388672,4.999979476175716,-4.999999839942131,4.999972115532259,4.999999884631236,4.999994547177629,-4.9999991422765,4.999998663216763,-4.999999855127585,4.9999972384561415,-4.999997533498371
99.0,184.0,129.88389587402344,4.999999737515026,-4.999995687163354,4.999998720908849,4.999981806149222,4.99999680069462,-4.999999405842594,4.999998844504743,-4.999992107544333,4.999992454397229,-4.999997460817124
99.0,184.0,129.88380432128906,4.999968352212637,-4.999982771945943,4.9999910369015925,4.999999998862375,4.999999451313544,-4.999999396496179,4.999999136825063,-4.999999764394211,4.999999435061789,-4.9999978874167645
99.0,184.0,129.88381958007812,4.999952776942326,-4.99999990065147,4.9999984812908345,4.999999924806297,4.99998556107683,-4.999999927322489,4.999997557193522,-4.999996819815182,4.999999121145393,-4.999999999550347
99.0,184.0,129.88389587402344,4.99988388025393,-4.999999999660774,4.999983807012165,4.999999749277749,4.999995643657245,-4.9999997175395166,4.999995351308092,-4.999999965844135,4.999999938246583,-4.999998795731321
99.0,184.0,129.88385009765625,4.999974199715393,-4.9999768795344295,4.999989785348243,4.999998681231652,4.99999662917352,-4.999997603822695,4.999996531513935,-4.999994706154268,4.999997877460561,-4.9999992453790085
99.0,184.0,129.88388061523438,4.999960461243688,-4.999992617338515,4.999958257680909,4.999999951120253,4.999999370167144,-4.9999988077448885,4.999999591586143,-4.999999758972677,4.999999299824066,-4.999994694510463
99.0,184.0,129.88385009765625,4.999987912310951,-4.999968473030787,4.999992789564168,4.9999896189191855,4.9999997272006,-4.999999758501216,4.999999444982343,-4.999999860779116,4.999996404772772,-4.9999973560933215
99.0,184.0,129.88389587402344,4.999999589338596,-4.99998232267526,4.999987109860417,4.999999632338226,4.999999787257311,-4.999995454307011,4.999985157490014,-4.999991679363486,4.999997164836582,-4.999999746483447
99.0,184.0,129.8839111328125,4.999965532137809,-4.99996389709802,4.999986102194489,4.999988839218881,4.999979804582402,-4.9999988038759735,4.999999610121689,-4.999999997234644,4.999997316545272,-4.9999999939929
99.0,184.0,129.88394165039062,4.999932231431921,-4.999999959821263,4.999999517223713,4.999996208150993,4.99999825478072,-4.999995742851139,4.999983153752343,-4.999988266036963,4.999999831008225,-4.999999990977898
99.0,185.0,129.88392639160156,4.999994874897016,-4.999952613144314,4.9999981525265005,4.999979808731329,4.999999877416243,-4.999999911870044,4.999998428180277,-4.999996403780575,4.999992609895558,-4.9999968579672185
99.0,185.0,129.88380432128906,4.999975674024233,-4.999983616318371,4.9999787551458805,4.999999697376949,4.999999953201128,-4.999999273531803,4.999999723674783,-4.99999999440379,4.999998999868948,-4.99999873746515
99.0,185.0,129.8839111328125,4.9999528159491655,-4.999975298524795,4.999989525647924,4.9999918087658735,4.999981066028364,-4.999998505886288,4.999999851350711,-4.999995161245051,4.999997298772721,-4.999999998314979
99.0,185.0,129.88385009765625,4.999968647786115,-4.999999999807169,4.999974402238019,4.999999391589151,4.999994054385797,-4.999999960447842,4.999990417659595,-4.999997905432192,4.999999592244015,-4.999999944773153
99.0,185.0,129.88394165039062,4.999938897009799,-4.999949202386103,4.999999902875503,4.999989845891342,4.999989774464638,-4.999999320767305,4.999998929982446,-4.999995694383841,4.999995820351369,-4.99999999735856
99.0,185.0,129.88389587402344,4.999973160442302,-4.999997783905921,4.999958822401633,4.999998035921029,4.99998496563861,-4.999999991684389,4.999999287274342,-4.999999887896363,4.999997229968621,-4.999996856717708
99.0,185.0,129.8838348388672,4.999981719172647,-4.999959750478446,4.999987707449636,4.999990129155085,4.999999765563537,-4.999999940411206,4.999999719613308,-4.999999993223194,4.999996334304871,-4.999999991819183
99.0,185.0,129.88392639160156,4.999957207358076,-4.999999820380035,4.999988028585765,4.999998863953974,4.999989360159563,-4.999998102117496,4.999991897806232,-4.999993658692722,4.999994022060879,-4.999999219255573
99.0,185.0,129.88389587402344,4.999956356474144,-4.999980723633762,4.999994810597309,4.999997023369332,4.999980181207057,-4.999997842641542,4.999998167843082,-4.9999980662109,4.999998482381923,-4.999998520489299
99.0,185.0,129.88388061523438,4.999956182357567,-4.999998090136828,4.99998170408814,4.9999891094110005,4.999980268795214,-4.999999050764774,4.999997033143055,-4.999998857505863,4.999999293118264,-4.999999999985523
99.0,185.0,129.8839111328125,4.999996615933329,-4.999997366411959,4.999999766586161,4.9999990043583065,4.999991572518212,-4.99999864661862,4.9999842182853245,-4.999986961902787,4.99999671152791,-4.99999999937391
99.0,185.0,129.88377380371094,4.999999938508449,-4.999985689628065,4.999992103684171,4.99999950505392,4.999995343452317,-4.999998833804844,4.999999494222233,-4.99999566422413,4.999999335102574,-4.999999911878309
99.0,185.0,129.8838348388672,4.999999985289643,-4.999972653406442,4.999971046840333,4.999994702411643,4.99999930369154,-4.999999968491713,4.999999605733646,-4.999996684905218,4.999997614048414,-4.999999907892356
99.0,185.0,129.88381958007812,4.9999986714439,-4.999982957368733,4.999988142337189,4.999999420808971,4.9999993297555685,-4.999997832261787,4.999990725274422,-4.999997198726691,4.999998415281283,-4.99999987000764
99.0,185.0,129.8838653564453,4.999959020902282,-4.999979889864312,4.999977687643564,4.999996406083151,4.999993876988221,-4.999999916923961,4.9999966813833465,-4.999999994384594,4.999999986719642,-4.999997383905084
99.0,185.0,129.88389587402344,4.999987197639944,-4.999999970340916,4.999985664621405,4.999980765110635,4.999993263260322,-4.9999976191571,4.999998925328625,-4.999990149995832,4.999997118533757,-4.999999660726573
99.0,185.0,129.8838653564453,4.999954881386868,-4.999992127681075,4.999971361993037,4.9999986568969925,4.99999216537758,-4.999998976221638,4.999996751968839,-4.9999999982230525,4.999999997085904,-4.999998485347164
99.0,185.0,129.8839111328125,4.999991384292728,-4.999975467646959,4.999971418491178,4.999985037830072,4.999993503967279,-4.999999474394869,4.999987675925383,-4.999997597387762,4.999999971680638,-4.99999989371519
99.0,185.0,129.88381958007812,4.9999721885505375,-4.999997863441744,4.999977867931531,4.999998680443417,4.999998220592332,-4.999997791235075,4.999993927690997,-4.999999011770897,4.999999336992366,-4.999999916633725
99.0,185.0,129.88388061523438,4.999944970041735,-4.999999996638677,4.999981239217401,4.999999853190275,4.999993772450168,-4.999999748656336,4.99999667398993,-4.999999976727267,4.999999497645124,-4.999994678358688
99.0,185.0,129.8839111328125,4.999998688692804,-4.9999924279553145,4.999998236454879,4.99999788681426,4.999996095314694,-4.999999998977384,4.999990276550197,-4.999990862227666,4.999994236988605,-4.999995437872231
99.0,185.0,129.88389587402344,4.9999981872477015,-4.999999999998206,4.999970550454792,4.999996285347969,4.99999310773832,-4.999999757155434,4.999994333113913,-4.9999999521989,4.9999946216145705,-4.999994092941479
99.0,185.0,129.88385009765625,4.99992851070496,-4.999989078451988,4.999987975933216,4.999994023076522,4.999995491548466,-4.999998896438234,4.999997717814845,-4.999999998231066,4.999999989086337,-4.999999814763688
99.0,185.0,129.88392639160156,4.999972823553509,-4.999981416900266,4.9999690993639945,4.999999290058254,4.999993905073046,-4.999997836465086,4.999999117600472,-4.999996110469128,4.999993167803976,-4.99999767641599
99.0,185.0,129.8838348388672,4.999994317927181,-4.999998900773407,4.999955488271573,4.999999234640849,4.999994539912866,-4.99999996132685,4.999998811841435,-4.999999855094524,4.999997196418301,-4.999997531476878
99.0,185.0,129.88381958007812,4.999998923705301,-4.999984685478898,4.999973466705413,4.99998417944923,4.999998453841893,-4.999998220007482,4.999999985586275,-4.999999634807438,4.999999175107696,-4.999999955238431
99.0,185.0,129.88381958007812,4.999981497929831,-4.999996298229247,4.999999142942424,4.9999997344396405,4.999991845085092,-4.999997671037466,4.999997994135147,-4.999989786463278,4.999999776413191,-4.99999999979109
99.0,185.0,129.88388061523438,4.999996403580513,-4.999996973801922,4.999989935854678,4.999997506851215,4.999995279933373,-4.999999796405489,4.999999952877456,-4.999991702655295,4.999992308781854,-4.9999970079363605
99.0,185.0,129.8838348388672,4.999983571714052,-4.999992875639051,4.999974708741172,4.999984257355893,4.999998251246591,-4.999998457569749,4.999999942116021,-4.999999625969176,4.999999423995784,-4.999998403501732
99.0,185.0,129.8838348388672,4.9999833863739465,-4.9999998574833,4.999980411314949,4.99999539992668,4.999997061756784,-4.999998166802941,4.999999925946533,-4.999999077006387,4.999999883259391,-4.999994949134347
99.0,185.0,129.8838348388672,4.999957719781077,-4.999983527249436,4.999984851318714,4.999999856717854,4.999999953777838,-4.999998473413885,4.999999747462137,-4.9999999972728775,4.999999327733046,-4.999996597612963
99.0,185.0,129.88385009765625,4.999965951915441,-4.999998270500509,4.999999773433735,4.999990976924058,4.999996026859202,-4.999998878415498,4.999997030958955,-4.999987925408576,4.999999936135535,-4.999999999860604
99.0,185.0,129.88385009765625,4.999976848820813,-4.999999944816157,4.999964899098098,4.999999794158111,4.999993816776106,-4.999999013759748,4.999999079471311,-4.999999938934511,4.999997307958713,-4.999996949027343
99.0,185.0,129.8839111328125,4.999889134963736,-4.999998962475507,4.9999982398804885,4.999999930223999,4.99999710446029,-4.99999997457302,4.99998732475092,-4.999995749328243,4.999999799241439,-4.9999999646733775
99.0,185.0,129.8839111328125,4.999909213506868,-4.999960996738223,4.999982142440548,4.999983490836197,4.999999976455578,-4.999998333638583,4.999998886378315,-4.999999999999706,4.999999787243059,-4.999999990667122
99.0,185.0,129.88392639160156,4.999979160688572,-4.999990823945587,4.999991533866616,4.999984478621739,4.99999188436608,-4.999999621106896,4.999999143704708,-4.999989337025852,4.999995586687754,-4.999997545666657
99.0,185.0,129.88385009765625,4.999974979502793,-4.999997316745745,4.999999907402779,4.999999924551419,4.999991309774355,-4.99999861443767,4.999999730815892,-4.999987694361887,4.999997381731953,-4.999999999942322
99.0,185.0,129.8838653564453,4.999997686910208,-4.999989365529643,4.9999791275833605,4.999994833431659,4.9999965813498655,-4.999998079728998,4.999998012324419,-4.999997370796102,4.999999097342623,-4.999994625716531
99.0,185.0,129.88392639160156,4.999995476670773,-4.99995212580345,4.999998315922459,4.999976263482953,4.9999966864816034,-4.999999500561746,4.999998784157642,-4.999998258980711,4.9999924218038885,-4.999997457842413
99.0,185.0,129.8838348388672,4.999979476175716,-4.999999839942131,4.999972115532259,4.999999884631236,4.999994547177629,-4.9999991422765,4.999998663216763,-4.999999855127585,4.9999972384561415,-4.999997533498371
99.0,185.0,129.8838348388672,4.999966334419796,-4.999999929302513,4.999998608040841,4.999999990991787,4.999986280266466,-4.9999999402919,4.999997745504402,-4.999992107544333,4.999999796771903,-4.999999999951856
99.0,185.0,129.88380432128906,4.999968352212637,-4.999982771945943,4.9999910369015925,4.999999998862375,4.999999451313544,-4.999999396496179,4.999999136825063,-4.999999764394211,4.999999435061789,-4.9999978874167645
99.0,185.0,129.88381958007812,4.999952776942326,-4.99999990065147,4.9999984812908345,4.999999924806297,4.99998556107683,-4.999999927322489,4.999997557193522,-4.999996819815182,4.999999121145393,-4.999999999550347
99.0,185.0,129.88389587402344,4.99988388025393,-4.999999999660774,4.999983807012165,4.999999749277749,4.999995643657245,-4.9999997175395166,4.999995351308092,-4.999999965844135,4.999999938246583,-4.999998795731321
99.0,185.0,129.88380432128906,4.99999889710654,-4.999982770434895,4.99998975300421,4.99999999898436,4.99999662917352,-4.999998380928315,4.999999798165982,-4.999999769835776,4.99999921476106,-4.999995828730448
99.0,185.0,129.88388061523438,4.999960461243688,-4.999992617338515,4.999958257680909,4.999999951120253,4.999999370167144,-4.9999988077448885,4.999999591586143,-4.999999758972677,4.999999299824066,-4.999994694510463
99.0,185.0,129.88385009765625,4.999987912310951,-4.999968473030787,4.999992789564168,4.9999896189191855,4.9999997272006,-4.999999758501216,4.999999444982343,-4.999999860779116,4.999996404772772,-4.9999973560933215
99.0,185.0,129.88389587402344,4.999999589338596,-4.99998232267526,4.999987109860417,4.999999632338226,4.999999787257311,-4.999995454307011,4.999985157490014,-4.999991679363486,4.999997164836582,-4.999999746483447
99.0,185.0,129.8838348388672,4.999973034603778,-4.999986323349949,4.999986102194489,4.999999904113308,4.999993430632727,-4.999999737059998,4.999999610121689,-4.999999987218087,4.999999414300678,-4.999995199650861
99.0,185.0,129.8838348388672,4.999961554260267,-4.999998284249724,4.999983259358581,4.99998994475926,4.99999825478072,-4.999999054226768,4.999993555858966,-4.9999997368269495,4.999999821272355,-4.999999990977898
99.0,186.0,129.88389587402344,4.999999925162158,-4.999989703315981,4.999974524039487,4.999993719637446,4.999998298774006,-4.99999914241301,4.999998991695573,-4.99999832889211,4.9999953635269545,-4.999993129789166
99.0,186.0,129.88380432128906,4.999975674024233,-4.999983616318371,4.9999787551458805,4.999999697376949,4.999999953201128,-4.999999273531803,4.999999723674783,-4.99999999440379,4.999998999868948,-4.99999873746515
99.0,186.0,129.88389587402344,4.9999528159491655,-4.999994241817577,4.999999976587159,4.999993410436682,4.999989611990709,-4.9999985267883735,4.999999326229518,-4.999986511547165,4.999999020684903,-4.999999998314979
99.0,186.0,129.88385009765625,4.999968647786115,-4.999999999807169,4.999974402238019,4.999999391589151,4.999994054385797,-4.999999960447842,4.999990417659595,-4.999997905432192,4.999999592244015,-4.999999944773153
99.0,186.0,129.88380432128906,4.999981850209472,-4.999979033851719,4.999999902875503,4.999997870349088,4.999999868891989,-4.999999740931997,4.999999634637872,-4.999999977904361,4.999999375785713,-4.999995038828854
99.0,186.0,129.88389587402344,4.999973160442302,-4.999997783905921,4.999958822401633,4.999998035921029,4.99998496563861,-4.999999991684389,4.999999287274342,-4.999999887896363,4.999997229968621,-4.999996856717708
99.0,186.0,129.8838348388672,4.999981719172647,-4.999959750478446,4.999987707449636,4.999990129155085,4.999999765563537,-4.999999940411206,4.999999719613308,-4.999999993223194,4.999996334304871,-4.999999991819183
99.0,186.0,129.88392639160156,4.999957207358076,-4.999999820380035,4.999988028585765,4.999998863953974,4.999989360159563,-4.999998102117496,4.999991897806232,-4.999993658692722,4.999994022060879,-4.999999219255573
99.0,186.0,129.8838653564453,4.9999899904461245,-4.999980723633762,4.999993472941791,4.999999051383349,4.999992477883565,-4.999999955997991,4.999999253777303,-4.999993087914535,4.999994413823929,-4.9999982350789605
99.0,186.0,129.88388061523438,4.999956182357567,-4.999998090136828,4.99998170408814,4.9999891094110005,4.999980268795214,-4.999999050764774,4.999997033143055,-4.999998857505863,4.999999293118264,-4.999999999985523
99.0,186.0,129.8839111328125,4.999996615933329,-4.999997366411959,4.999999766586161,4.9999990043583065,4.999991572518212,-4.99999864661862,4.9999842182853245,-4.999986961902787,4.99999671152791,-4.99999999937391
99.0,186.0,129.88377380371094,4.999999938508449,-4.999985689628065,4.999992103684171,4.99999950505392,4.999995343452317,-4.999998833804844,4.999999494222233,-4.99999566422413,4.999999335102574,-4.999999911878309
99.0,186.0,129.8838348388672,4.999999985289643,-4.999972653406442,4.999971046840333,4.999994702411643,4.99999930369154,-4.999999968491713,4.999999605733646,-4.999996684905218,4.999997614048414,-4.999999907892356
99.0,186.0,129.88381958007812,4.9999986714439,-4.999982957368733,4.999988142337189,4.999999420808971,4.9999993297555685,-4.999997832261787,4.999990725274422,-4.999997198726691,4.999998415281283,-4.99999987000764
99.0,186.0,129.8838653564453,4.999959020902282,-4.999979889864312,4.999977687643564,4.999996406083151,4.999993876988221,-4.999999916923961,4.9999966813833465,-4.999999994384594,4.999999986719642,-4.999997383905084
99.0,186.0,129.88389587402344,4.999987197639944,-4.999999970340916,4.999985664621405,4.999980765110635,4.999993263260322,-4.9999976191571,4.999998925328625,-4.999990149995832,4.999997118533757,-4.999999660726573
99.0,186.0,129.8838653564453,4.999954881386868,-4.999992127681075,4.999971361993037,4.9999986568969925,4.99999216537758,-4.999998976221638,4.999996751968839,-4.9999999982230525,4.999999997085904,-4.999998485347164
99.0,186.0,129.8839111328125,4.999991384292728,-4.999975467646959,4.999971418491178,4.999985037830072,4.999993503967279,-4.999999474394869,4.999987675925383,-4.999997597387762,4.999999971680638,-4.99999989371519
99.0,186.0,129.88380432128906,4.999976132860466,-4.999998062708027,4.999971365056333,4.999989399952954,4.999998220592332,-4.99999844684914,4.999999956377329,-4.999999689188661,4.999999871241146,-4.999999916633725
99.0,186.0,129.8838653564453,4.999999551308401,-4.999985753757128,4.999969807967043,4.999982981901506,4.999995897414887,-4.999999202967661,4.99999999150701,-4.999999848909825,4.999996817418799,-4.999997043392308
99.0,186.0,129.8838653564453,4.999998688692804,-4.999999945917823,4.999943566970634,4.99999999755771,4.999991148024417,-4.99999903848815,4.99999927130189,-4.999999944640113,4.999999601220084,-4.9999972857821735
99.0,186.0,129.88389587402344,4.9999981872477015,-4.999999999998206,4.999970550454792,4.999996285347969,4.99999310773832,-4.999999757155434,4.999994333113913,-4.9999999521989,4.9999946216145705,-4.999994092941479
99.0,186.0,129.88385009765625,4.99992851070496,-4.999989078451988,4.999987975933216,4.999994023076522,4.999995491548466,-4.999998896438234,4.999997717814845,-4.999999998231066,4.999999989086337,-4.999999814763688
99.0,186.0,129.8838653564453,4.99995904991502,-4.999981416900266,4.999977626958195,4.999999728434752,4.999996412698324,-4.999999118867946,4.999993543542402,-4.999998612623759,4.999999274899879,-4.99999995623242
99.0,186.0,129.8838348388672,4.999994317927181,-4.999998900773407,4.999955488271573,4.999999234640849,4.999994539912866,-4.99999996132685,4.999998811841435,-4.999999855094524,4.999997196418301,-4.999997531476878
99.0,186.0,129.88381958007812,4.999998923705301,-4.999984685478898,4.999973466705413,4.99998417944923,4.999998453841893,-4.999998220007482,4.999999985586275,-4.999999634807438,4.999999175107696,-4.999999955238431
99.0,186.0,129.88381958007812,4.999981497929831,-4.999996298229247,4.999999142942424,4.9999997344396405,4.999991845085092,-4.999997671037466,4.999997994135147,-4.999989786463278,4.999999776413191,-4.99999999979109
99.0,186.0,129.8838348388672,4.999980722993761,-4.999998505049707,4.999989935854678,4.999997126227729,4.999994818996907,-4.999998376672371,4.999996469284893,-4.999997190184995,4.999999647449037,-4.9999970079363605
99.0,186.0,129.8838348388672,4.999983571714052,-4.999992875639051,4.999974708741172,4.999984257355893,4.999998251246591,-4.999998457569749,4.999999942116021,-4.999999625969176,4.999999423995784,-4.999998403501732
99.0,186.0,129.8838348388672,4.9999833863739465,-4.9999998574833,4.999980411314949,4.99999539992668,4.999997061756784,-4.999998166802941,4.999999925946533,-4.999999077006387,4.999999883259391,-4.999994949134347
99.0,186.0,129.88380432128906,4.999952439625316,-4.999983527249436,4.999993632536366,4.999999856717854,4.999999953777838,-4.999999414532085,4.999999747462137,-4.999999996036774,4.999999327733046,-4.9999986448758325
99.0,186.0,129.8838348388672,4.999985570343872,-4.999998270500509,4.999976359827185,4.999999787689783,4.999994855003146,-4.99999938653939,4.999999810582285,-4.999999993420031,4.999999014614433,-4.999994586046748
99.0,186.0,129.88385009765625,4.999976848820813,-4.999999944816157,4.999964899098098,4.999999794158111,4.999993816776106,-4.999999013759748,4.999999079471311,-4.999999938934511,4.999997307958713,-4.999996949027343
99.0,186.0,129.88388061523438,4.999958538750182,-4.99999990417331,4.9999991673285455,4.999990458673141,4.999982216106427,-4.99999997457302,4.999997158020443,-4.999991897611203,4.999998180477798,-4.999999999987288
99.0,186.0,129.88385009765625,4.9999990402231695,-4.999960996738223,4.999986541622013,4.999999725240222,4.999994755722712,-4.999997465557561,4.999998886378315,-4.99999581532299,4.999996170962399,-4.999999775500125
99.0,186.0,129.88392639160156,4.999979160688572,-4.999990823945587,4.999991533866616,4.999984478621739,4.99999188436608,-4.999999621106896,4.999999143704708,-4.999989337025852,4.999995586687754,-4.999997545666657
99.0,186.0,129.88385009765625,4.999974979502793,-4.999997316745745,4.999999907402779,4.999999924551419,4.999991309774355,-4.99999861443767,4.999999730815892,-4.999987694361887,4.999997381731953,-4.999999999942322
99.0,186.0,129.8838653564453,4.999997686910208,-4.999989365529643,4.9999791275833605,4.999994833431659,4.9999965813498655,-4.999998079728998,4.999998012324419,-4.999997370796102,4.999999097342623,-4.999994625716531
99.0,186.0,129.88388061523438,4.999983333305927,-4.9999730680538725,4.999990924341315,4.9999891864988095,4.99998252190292,-4.999997078317115,4.999998784157642,-4.999997895250985,4.999998321113209,-4.999999717627535
99.0,186.0,129.8838348388672,4.999979476175716,-4.999999839942131,4.999972115532259,4.999999884631236,4.999994547177629,-4.9999991422765,4.999998663216763,-4.999999855127585,4.9999972384561415,-4.999997533498371
99.0,186.0,129.8838348388672,4.999966334419796,-4.999999929302513,4.999998608040841,4.999999990991787,4.999986280266466,-4.9999999402919,4.999997745504402,-4.999992107544333,4.999999796771903,-4.999999999951856
99.0,186.0,129.88380432128906,4.999968352212637,-4.999982771945943,4.9999910369015925,4.999999998862375,4.999999451313544,-4.999999396496179,4.999999136825063,-4.999999764394211,4.999999435061789,-4.9999978874167645
99.0,186.0,129.88381958007812,4.999952776942326,-4.99999990065147,4.9999984812908345,4.999999924806297,4.99998556107683,-4.999999927322489,4.999997557193522,-4.999996819815182,4.999999121145393,-4.999999999550347
99.0,186.0,129.8837890625,4.999999748663647,-4.999976298500155,4.999995698613065,4.999995163414826,4.999999540237297,-4.99999934194638,4.9999999618569175,-4.999999951354913,4.999999392113462,-4.999995668569113
99.0,186.0,129.88380432128906,4.99999889710654,-4.999982770434895,4.99998975300421,4.99999999898436,4.99999662917352,-4.999998380928315,4.999999798165982,-4.999999769835776,4.99999921476106,-4.999995828730448
99.0,186.0,129.88385009765625,4.999981537553591,-4.999992617338515,4.999958257680909,4.999999998879708,4.9999977882281,-4.999999436387881,4.999998653902059,-4.999999764390204,4.999999439061572,-4.999997222708503
99.0,186.0,129.88385009765625,4.999987912310951,-4.999968473030787,4.999992789564168,4.9999896189191855,4.9999997272006,-4.999999758501216,4.999999444982343,-4.999999860779116,4.999996404772772,-4.9999973560933215
99.0,186.0,129.88389587402344,4.999999589338596,-4.99998232267526,4.999987109860417,4.999999632338226,4.999999787257311,-4.999995454307011,4.999985157490014,-4.999991679363486,4.999997164836582,-4.999999746483447
99.0,186.0,129.8838348388672,4.999973034603778,-4.999986323349949,4.999986102194489,4.999999904113308,4.999993430632727,-4.999999737059998,4.999999610121689,-4.999999987218087,4.999999414300678,-4.999995199650861
99.0,186.0,129.8838348388672,4.999961554260267,-4.999998284249724,4.999983259358581,4.99998994475926,4.99999825478072,-4.999999054226768,4.999993555858966,-4.9999997368269495,4.999999821272355,-4.999999990977898
99.0,187.0,129.88389587402344,4.999999925162158,-4.999989703315981,4.999974524039487,4.999993719637446,4.999998298774006,-4.99999914241301,4.999998991695573,-4.99999832889211,4.9999953635269545,-4.999993129789166
99.0,187.0,129.88380432128906,4.999975674024233,-4.999983616318371,4.9999787551458805,4.999999697376949,4.999999953201128,-4.999999273531803,4.999999723674783,-4.99999999440379,4.999998999868948,-4.99999873746515
99.0,187.0,129.88385009765625,4.999976678773612,-4.999994241817577,4.999991570652751,4.9999999999388285,4.9999999004045685,-4.9999985267883735,4.999999834886892,-4.999986511547165,4.999998941636442,-4.999998564196797
99.0,187.0,129.88381958007812,4.999987600238821,-4.999970911667578,4.999978596037881,4.999999866499774,4.99999997354694,-4.999999846479105,4.999999548352942,-4.999998492262069,4.999997871272583,-4.999998733094465
99.0,187.0,129.88380432128906,4.999981850209472,-4.999979033851719,4.999999902875503,4.999997870349088,4.999999868891989,-4.999999740931997,4.999999634637872,-4.999999977904361,4.999999375785713,-4.999995038828854
99.0,187.0,129.88389587402344,4.999973160442302,-4.999997783905921,4.999958822401633,4.999998035921029,4.99998496563861,-4.999999991684389,4.999999287274342,-4.999999887896363,4.999997229968621,-4.999996856717708
99.0,187.0,129.8838348388672,4.999981719172647,-4.999959750478446,4.999987707449636,4.999990129155085,4.999999765563537,-4.999999940411206,4.999999719613308,-4.999999993223194,4.999996334304871,-4.999999991819183
99.0,187.0,129.88389587402344,4.999997375015353,-4.999999998354836,4.999939958753553,4.999999952321147,4.999990782823656,-4.999998974229774,4.999991897806232,-4.9999999865435765,4.9999996359713705,-4.99999699354666
99.0,187.0,129.8838653564453,4.9999899904461245,-4.999980723633762,4.999993472941791,4.999999051383349,4.999992477883565,-4.999999955997991,4.999999253777303,-4.999993087914535,4.999994413823929,-4.9999982350789605
99.0,187.0,129.88388061523438,4.999956182357567,-4.999998090136828,4.99998170408814,4.9999891094110005,4.999980268795214,-4.999999050764774,4.999997033143055,-4.999998857505863,4.999999293118264,-4.999999999985523
99.0,187.0,129.88388061523438,4.999996615933329,-4.999999160379122,4.999977710636422,4.999980508153695,4.999996403697462,-4.999997158983975,4.999997124247886,-4.999994069603705,4.99999671152791,-4.999999656221878
99.0,187.0,129.88377380371094,4.999999938508449,-4.999985689628065,4.999992103684171,4.99999950505392,4.999995343452317,-4.999998833804844,4.999999494222233,-4.99999566422413,4.999999335102574,-4.999999911878309
99.0,187.0,129.8838348388672,4.999999985289643,-4.999972653406442,4.999971046840333,4.999994702411643,4.99999930369154,-4.999999968491713,4.999999605733646,-4.999996684905218,4.999997614048414,-4.999999907892356
99.0,187.0,129.88381958007812,4.9999986714439,-4.999982957368733,4.999988142337189,4.999999420808971,4.9999993297555685,-4.999997832261787,4.999990725274422,-4.999997198726691,4.999998415281283,-4.99999987000764
99.0,187.0,129.88381958007812,4.999998951855634,-4.999984775660739,4.999977687643564,4.999989518588621,4.999999750233046,-4.99999838789479,4.999999994250165,-4.999999983653948,4.999999035855781,-4.999997248269044
99.0,187.0,129.88380432128906,4.999957971370385,-4.999967791356751,4.999999463830898,4.999994769098391,4.999999987217853,-4.999999786902819,4.999999930217653,-4.999999956959076,4.999998876140076,-4.999998848408822
99.0,187.0,129.8838653564453,4.999954881386868,-4.999992127681075,4.999971361993037,4.9999986568969925,4.99999216537758,-4.999998976221638,4.999996751968839,-4.9999999982230525,4.999999997085904,-4.999998485347164
99.0,187.0,129.88389587402344,4.999976769158288,-4.999999961952478,4.999971418491178,4.999999848754391,4.999993940286113,-4.999997069940063,4.999991677287859,-4.999995802938798,4.999996194320273,-4.99999898798451
99.0,187.0,129.88380432128906,4.999976132860466,-4.999998062708027,4.999971365056333,4.999989399952954,4.999998220592332,-4.99999844684914,4.999999956377329,-4.999999689188661,4.999999871241146,-4.999999916633725
99.0,187.0,129.8838653564453,4.999999551308401,-4.999985753757128,4.999969807967043,4.999982981901506,4.999995897414887,-4.999999202967661,4.99999999150701,-4.999999848909825,4.999996817418799,-4.999997043392308
99.0,187.0,129.88385009765625,4.999988272511319,-4.999997410840283,4.999981450993123,4.999982310815327,4.999998080086582,-4.99999903848815,4.999999979407921,-4.99999435859006,4.999997666042071,-4.999999446793472
99.0,187.0,129.88388061523438,4.999983825572773,-4.999969863973417,4.999995431718229,4.999991480187465,4.999983896105771,-4.9999969545835095,4.999995140632644,-4.999997809216279,4.999997980082538,-4.999999778132363
99.0,187.0,129.88385009765625,4.99992851070496,-4.999989078451988,4.999987975933216,4.999994023076522,4.999995491548466,-4.999998896438234,4.999997717814845,-4.999999998231066,4.999999989086337,-4.999999814763688
99.0,187.0,129.8838653564453,4.99995904991502,-4.999981416900266,4.999977626958195,4.999999728434752,4.999996412698324,-4.999999118867946,4.999993543542402,-4.999998612623759,4.999999274899879,-4.99999995623242
99.0,187.0,129.8838348388672,4.999994317927181,-4.999998900773407,4.999955488271573,4.999999234640849,4.999994539912866,-4.99999996132685,4.999998811841435,-4.999999855094524,4.999997196418301,-4.999997531476878
99.0,187.0,129.88380432128906,4.999981352120029,-4.99999841113735,4.9999999712724845,4.999998926937745,4.999997395608674,-4.99999895906258,4.999999985586275,-4.999998576385261,4.999999740794167,-4.999993546887443
99.0,187.0,129.88381958007812,4.999981497929831,-4.999996298229247,4.999999142942424,4.9999997344396405,4.999991845085092,-4.999997671037466,4.999997994135147,-4.999989786463278,4.999999776413191,-4.99999999979109
99.0,187.0,129.8838348388672,4.999980722993761,-4.999998505049707,4.999989935854678,4.999997126227729,4.999994818996907,-4.999998376672371,4.999996469284893,-4.999997190184995,4.999999647449037,-4.9999970079363605
99.0,187.0,129.8838348388672,4.999983571714052,-4.999992875639051,4.999974708741172,4.999984257355893,4.999998251246591,-4.999998457569749,4.999999942116021,-4.999999625969176,4.999999423995784,-4.999998403501732
99.0,187.0,129.8838348388672,4.9999833863739465,-4.9999998574833,4.999980411314949,4.99999539992668,4.999997061756784,-4.999998166802941,4.999999925946533,-4.999999077006387,4.999999883259391,-4.999994949134347
99.0,187.0,129.88380432128906,4.999952439625316,-4.999983527249436,4.999993632536366,4.999999856717854,4.999999953777838,-4.999999414532085,4.999999747462137,-4.999999996036774,4.999999327733046,-4.9999986448758325
99.0,187.0,129.88381958007812,4.999984355284477,-4.999997627375327,4.999973228367896,4.999997940646974,4.999998078354494,-4.999998835250695,4.99999901725657,-4.999999993420031,4.999999727600908,-4.999996250243448
99.0,187.0,129.88385009765625,4.999976848820813,-4.999999944816157,4.999964899098098,4.999999794158111,4.999993816776106,-4.999999013759748,4.999999079471311,-4.999999938934511,4.999997307958713,-4.999996949027343
99.0,187.0,129.88385009765625,4.999989837011439,-4.999979015300086,4.999953575443601,4.999999650122189,4.999998909195478,-4.999999828065791,4.999998493795616,-4.99999856833962,4.999998304456083,-4.999999999987288
99.0,187.0,129.8838348388672,4.9999990402231695,-4.999986735837588,4.999999985999571,4.999994391907355,4.999996854828176,-4.999998229194269,4.999999251004878,-4.999986449796089,4.999999927432043,-4.999999998642428
99.0,187.0,129.8839111328125,4.999940141231422,-4.999991855972636,4.999991533866616,4.999998793415696,4.999992501679428,-4.99999818407907,4.9999999006169125,-4.999987717377969,4.999997639254737,-4.999999999977488
99.0,187.0,129.88385009765625,4.999974979502793,-4.999997316745745,4.999999907402779,4.999999924551419,4.999991309774355,-4.99999861443767,4.999999730815892,-4.999987694361887,4.999997381731953,-4.999999999942322
99.0,187.0,129.8838653564453,4.999997686910208,-4.999989365529643,4.9999791275833605,4.999994833431659,4.9999965813498655,-4.999998079728998,4.999998012324419,-4.999997370796102,4.999999097342623,-4.999994625716531
99.0,187.0,129.88388061523438,4.999983333305927,-4.9999730680538725,4.999990924341315,4.9999891864988095,4.99998252190292,-4.999997078317115,4.999998784157642,-4.999997895250985,4.999998321113209,-4.999999717627535
99.0,187.0,129.8838348388672,4.999979476175716,-4.999999839942131,4.999972115532259,4.999999884631236,4.999994547177629,-4.9999991422765,4.999998663216763,-4.999999855127585,4.9999972384561415,-4.999997533498371
99.0,187.0,129.8838348388672,4.999966334419796,-4.999999929302513,4.999998608040841,4.999999990991787,4.999986280266466,-4.9999999402919,4.999997745504402,-4.999992107544333,4.999999796771903,-4.999999999951856
99.0,187.0,129.8837890625,4.999999441230873,-4.9999907203576335,4.999994243080448,4.9999999999659055,4.999999451313544,-4.999998128713178,4.999999830761898,-4.999999764394211,4.999998268177096,-4.999995850585399
99.0,187.0,129.88381958007812,4.999952776942326,-4.99999990065147,4.9999984812908345,4.999999924806297,4.99998556107683,-4.999999927322489,4.999997557193522,-4.999996819815182,4.999999121145393,-4.999999999550347
99.0,187.0,129.8837890625,4.999999748663647,-4.999976298500155,4.999995698613065,4.999995163414826,4.999999540237297,-4.99999934194638,4.9999999618569175,-4.999999951354913,4.999999392113462,-4.999995668569113
99.0,187.0,129.88380432128906,4.99999889710654,-4.999982770434895,4.99998975300421,4.99999999898436,4.99999662917352,-4.999998380928315,4.999999798165982,-4.999999769835776,4.99999921476106,-4.999995828730448
99.0,187.0,129.88381958007812,4.999969129844013,-4.999980434369325,4.99999244808142,4.999999791930515,4.9999977882281,-4.999998689955319,4.999998127630478,-4.999998673704511,4.999997308240641,-4.999999887324481
99.0,187.0,129.8838348388672,4.999999776386841,-4.999990225098029,4.999977008597172,4.99999419242652,4.999998463162815,-4.999999758501216,4.999990829732019,-4.999997045302634,4.999998687035333,-4.999999908609285
99.0,187.0,129.88388061523438,4.999968146507525,-4.99999349646249,4.999999257880533,4.999991648086237,4.9999824783341325,-4.999999976859281,4.999998670489113,-4.99999113463077,4.999998024304566,-4.999999999997903
99.0,187.0,129.8838348388672,4.999973034603778,-4.999986323349949,4.999986102194489,4.999999904113308,4.999993430632727,-4.999999737059998,4.999999610121689,-4.999999987218087,4.999999414300678,-4.999995199650861
99.0,187.0,129.8838348388672,4.999961554260267,-4.999998284249724,4.999983259358581,4.99998994475926,4.99999825478072,-4.999999054226768,4.999993555858966,-4.9999997368269495,4.999999821272355,-4.999999990977898
99.0,188.0,129.88385009765625,4.999999925162158,-4.999993000699305,4.999974180295597,4.999991275605854,4.9999962320481295,-4.99999949945429,4.999989814908373,-4.9999970463997805,4.999999017711978,-4.999999996143028
99.0,188.0,129.88380432128906,4.999975674024233,-4.999983616318371,4.9999787551458805,4.999999697376949,4.999999953201128,-4.999999273531803,4.999999723674783,-4.99999999440379,4.999998999868948,-4.99999873746515
99.0,188.0,129.88385009765625,4.999976678773612,-4.999994241817577,4.999991570652751,4.9999999999388285,4.9999999004045685,-4.9999985267883735,4.999999834886892,-4.999986511547165,4.999998941636442,-4.999998564196797
99.0,188.0,129.88381958007812,4.999987600238821,-4.999970911667578,4.999978596037881,4.999999866499774,4.99999997354694,-4.999999846479105,4.999999548352942,-4.999998492262069,4.999997871272583,-4.999998733094465
99.0,188.0,129.88380432128906,4.999981850209472,-4.999979033851719,4.999999902875503,4.999997870349088,4.999999868891989,-4.999999740931997,4.999999634637872,-4.999999977904361,4.999999375785713,-4.999995038828854
99.0,188.0,129.88389587402344,4.999973160442302,-4.999997783905921,4.999958822401633,4.999998035921029,4.99998496563861,-4.999999991684389,4.999999287274342,-4.999999887896363,4.999997229968621,-4.999996856717708
99.0,188.0,129.8838348388672,4.999981719172647,-4.999959750478446,4.999987707449636,4.999990129155085,4.999999765563537,-4.999999940411206,4.999999719613308,-4.999999993223194,4.999996334304871,-4.999999991819183
99.0,188.0,129.88381958007812,4.999999804564677,-4.999999998354836,4.999986614629979,4.999989642827318,4.999999743170507,-4.999998974229774,4.999999969742013,-4.999999876694293,4.999997806279692,-4.999994282883423
99.0,188.0,129.88381958007812,4.999994229677925,-4.999992198365494,4.999966075558362,4.999999956529539,4.999995160644511,-4.999999989561986,4.999999296922107,-4.99999988558222,4.999999210711554,-4.9999982350789605
99.0,188.0,129.88388061523438,4.999956182357567,-4.999998090136828,4.99998170408814,4.9999891094110005,4.999980268795214,-4.999999050764774,4.999997033143055,-4.999998857505863,4.999999293118264,-4.999999999985523
99.0,188.0,129.88380432128906,4.999980198912756,-4.999986622420284,4.999982011674771,4.999997367638952,4.999999987135401,-4.999998410129942,4.999999722288571,-4.999996675344567,4.999999453905868,-4.999999619246884
99.0,188.0,129.88377380371094,4.999999938508449,-4.999985689628065,4.999992103684171,4.99999950505392,4.999995343452317,-4.999998833804844,4.999999494222233,-4.99999566422413,4.999999335102574,-4.999999911878309
99.0,188.0,129.8838348388672,4.999999985289643,-4.999972653406442,4.999971046840333,4.999994702411643,4.99999930369154,-4.999999968491713,4.999999605733646,-4.999996684905218,4.999997614048414,-4.999999907892356
99.0,188.0,129.88381958007812,4.9999986714439,-4.999982957368733,4.999988142337189,4.999999420808971,4.9999993297555685,-4.999997832261787,4.999990725274422,-4.999997198726691,4.999998415281283,-4.99999987000764
99.0,188.0,129.8837890625,4.999999520309958,-4.999999264432354,4.999996526057401,4.999998698862394,4.999998654462836,-4.9999977576153904,4.999999994416712,-4.999999053174829,4.999998454451676,-4.999994376437369
99.0,188.0,129.88380432128906,4.999957971370385,-4.999967791356751,4.999999463830898,4.999994769098391,4.999999987217853,-4.999999786902819,4.999999930217653,-4.999999956959076,4.999998876140076,-4.999998848408822
99.0,188.0,129.8838653564453,4.999954881386868,-4.999992127681075,4.999971361993037,4.9999986568969925,4.99999216537758,-4.999998976221638,4.999996751968839,-4.9999999982230525,4.999999997085904,-4.999998485347164
99.0,188.0,129.88389587402344,4.999976769158288,-4.999999961952478,4.999971418491178,4.999999848754391,4.999993940286113,-4.999997069940063,4.999991677287859,-4.999995802938798,4.999996194320273,-4.99999898798451
99.0,188.0,129.88380432128906,4.999976132860466,-4.999998062708027,4.999971365056333,4.999989399952954,4.999998220592332,-4.99999844684914,4.999999956377329,-4.999999689188661,4.999999871241146,-4.999999916633725
99.0,188.0,129.8838653564453,4.999999551308401,-4.999985753757128,4.999969807967043,4.999982981901506,4.999995897414887,-4.999999202967661,4.99999999150701,-4.999999848909825,4.999996817418799,-4.999997043392308
99.0,188.0,129.8838348388672,4.999999140742511,-4.999997410840283,4.999976158229378,4.999999927865662,4.99999991930611,-4.999996945752397,4.999996764057711,-4.999999907459236,4.999997413535244,-4.999995322746775
99.0,188.0,129.8838653564453,4.999962149621354,-4.999987856327671,4.999988815449722,4.999999999974518,4.99999999575684,-4.9999969545835095,4.999999848886795,-4.999991616333913,4.99999871729637,-4.999997886739169
99.0,188.0,129.88385009765625,4.99992851070496,-4.999989078451988,4.999987975933216,4.999994023076522,4.999995491548466,-4.999998896438234,4.999997717814845,-4.999999998231066,4.999999989086337,-4.999999814763688
99.0,188.0,129.88385009765625,4.999958425376185,-4.999999996052627,4.999999557310735,4.99999999104859,4.99998388889012,-4.999999194547094,4.999993543542402,-4.999997458602036,4.999999792889632,-4.999998547368339
99.0,188.0,129.88380432128906,4.99997343580956,-4.999999951277738,4.999984791917702,4.999999927964868,4.999994474090034,-4.999998988063504,4.999998811841435,-4.999999855094524,4.999998591360354,-4.999998520644418
99.0,188.0,129.88380432128906,4.999981352120029,-4.99999841113735,4.9999999712724845,4.999998926937745,4.999997395608674,-4.99999895906258,4.999999985586275,-4.999998576385261,4.999999740794167,-4.999993546887443
99.0,188.0,129.88381958007812,4.999981497929831,-4.999996298229247,4.999999142942424,4.9999997344396405,4.999991845085092,-4.999997671037466,4.999997994135147,-4.999989786463278,4.999999776413191,-4.99999999979109
99.0,188.0,129.88380432128906,4.999987641114025,-4.999981833497538,4.999989935854678,4.999998891186799,4.9999941525522935,-4.999998750777413,4.999998538598271,-4.999995735771864,4.999999344222751,-4.999999913159452
99.0,188.0,129.88375854492188,4.999987886046605,-4.999987937811154,4.999991049748696,4.999998827621644,4.999999880063356,-4.999999682075026,4.9999999970316615,-4.999999959085672,4.999999423995784,-4.999998403501732
99.0,188.0,129.88381958007812,4.99997287720139,-4.9999952310487705,4.999980411314949,4.999993960165622,4.999997061756784,-4.999999107606673,4.999996779849047,-4.999999999784143,4.999999997907029,-4.999998443675283
99.0,188.0,129.88380432128906,4.999952439625316,-4.999983527249436,4.999993632536366,4.999999856717854,4.999999953777838,-4.999999414532085,4.999999747462137,-4.999999996036774,4.999999327733046,-4.9999986448758325
99.0,188.0,129.88381958007812,4.999984355284477,-4.999997627375327,4.999973228367896,4.999997940646974,4.999998078354494,-4.999998835250695,4.99999901725657,-4.999999993420031,4.999999727600908,-4.999996250243448
99.0,188.0,129.88385009765625,4.999976848820813,-4.999999944816157,4.999964899098098,4.999999794158111,4.999993816776106,-4.999999013759748,4.999999079471311,-4.999999938934511,4.999997307958713,-4.999996949027343
99.0,188.0,129.88385009765625,4.999989837011439,-4.999979015300086,4.999953575443601,4.999999650122189,4.999998909195478,-4.999999828065791,4.999998493795616,-4.99999856833962,4.999998304456083,-4.999999999987288
99.0,188.0,129.8838348388672,4.9999990402231695,-4.999986735837588,4.999999985999571,4.999994391907355,4.999996854828176,-4.999998229194269,4.999999251004878,-4.999986449796089,4.999999927432043,-4.999999998642428
99.0,188.0,129.8838348388672,4.999943085923703,-4.999970302019023,4.999991533866616,4.999997241297635,4.99999999718448,-4.999999677416662,4.999999795127518,-4.999999998584542,4.999999294984862,-4.999998786981845
99.0,188.0,129.88385009765625,4.999974979502793,-4.999997316745745,4.999999907402779,4.999999924551419,4.999991309774355,-4.99999861443767,4.999999730815892,-4.999987694361887,4.999997381731953,-4.999999999942322
99.0,188.0,129.8838653564453,4.999997686910208,-4.999989365529643,4.9999791275833605,4.999994833431659,4.9999965813498655,-4.999998079728998,4.999998012324419,-4.999997370796102,4.999999097342623,-4.999994625716531
99.0,188.0,129.88385009765625,4.999978825858946,-4.99998321737844,4.999990924341315,4.999999934304909,4.999984147531075,-4.999997868304855,4.99999732294355,-4.999997895250985,4.999996436152649,-4.99999993069164
99.0,188.0,129.8838348388672,4.999979476175716,-4.999999839942131,4.999972115532259,4.999999884631236,4.999994547177629,-4.9999991422765,4.999998663216763,-4.999999855127585,4.9999972384561415,-4.999997533498371
99.0,188.0,129.88380432128906,4.999998792519389,-4.999979776421911,4.999996878035555,4.999996946953697,4.9999995270036,-4.999997902474748,4.999991281243437,-4.99999625700949,4.999999796771903,-4.999999997146856
99.0,188.0,129.8837890625,4.999999441230873,-4.9999907203576335,4.999994243080448,4.9999999999659055,4.999999451313544,-4.999998128713178,4.999999830761898,-4.999999764394211,4.999998268177096,-4.999995850585399
99.0,188.0,129.88381958007812,4.999952776942326,-4.99999990065147,4.9999984812908345,4.999999924806297,4.99998556107683,-4.999999927322489,4.999997557193522,-4.999996819815182,4.999999121145393,-4.999999999550347
99.0,188.0,129.8837890625,4.999999748663647,-4.999976298500155,4.999995698613065,4.999995163414826,4.999999540237297,-4.99999934194638,4.9999999618569175,-4.999999951354913,4.999999392113462,-4.999995668569113
99.0,188.0,129.8837890625,4.99999889710654,-4.999999855787183,4.999988310020617,4.999998014231331,4.999998827451388,-4.9999987132981545,4.999999014296202,-4.999999357157749,4.999999961180379,-4.999994501991015
99.0,188.0,129.88381958007812,4.999969129844013,-4.999980434369325,4.99999244808142,4.999999791930515,4.9999977882281,-4.999998689955319,4.999998127630478,-4.999998673704511,4.999997308240641,-4.999999887324481
99.0,188.0,129.8838348388672,4.999999776386841,-4.999990225098029,4.999977008597172,4.99999419242652,4.999998463162815,-4.999999758501216,4.999990829732019,-4.999997045302634,4.999998687035333,-4.999999908609285
99.0,188.0,129.88388061523438,4.999968146507525,-4.99999349646249,4.999999257880533,4.999991648086237,4.9999824783341325,-4.999999976859281,4.999998670489113,-4.99999113463077,4.999998024304566,-4.999999999997903
99.0,188.0,129.8838348388672,4.999973034603778,-4.999986323349949,4.999986102194489,4.999999904113308,4.999993430632727,-4.999999737059998,4.999999610121689,-4.999999987218087,4.999999414300678,-4.999995199650861
99.0,188.0,129.8838348388672,4.999961554260267,-4.999998284249724,4.999983259358581,4.99998994475926,4.99999825478072,-4.999999054226768,4.999993555858966,-4.9999997368269495,4.999999821272355,-4.999999990977898
99.0,189.0,129.88380432128906,4.999983196309285,-4.999999491592467,4.999999972253217,4.999999806056286,4.999998565008455,-4.99999847010026,4.99999988168476,-4.999998601904335,4.999999017711978,-4.9999935930422605
99.0,189.0,129.88380432128906,4.999975674024233,-4.999983616318371,4.9999787551458805,4.999999697376949,4.999999953201128,-4.999999273531803,4.999999723674783,-4.99999999440379,4.999998999868948,-4.99999873746515
99.0,189.0,129.88380432128906,4.9999552940405785,-4.999980272880721,4.999991570652751,4.999999630980044,4.999999960676847,-4.999998836653514,4.9999998461122,-4.999997885357729,4.999999389928556,-4.999999483275507
99.0,189.0,129.88381958007812,4.999987600238821,-4.999970911667578,4.999978596037881,4.999999866499774,4.99999997354694,-4.999999846479105,4.999999548352942,-4.999998492262069,4.999997871272583,-4.999998733094465
99.0,189.0,129.88380432128906,4.999981850209472,-4.999979033851719,4.999999902875503,4.999997870349088,4.999999868891989,-4.999999740931997,4.999999634637872,-4.999999977904361,4.999999375785713,-4.999995038828854
99.0,189.0,129.8838653564453,4.999941878248954,-4.999998843583219,4.999988376960977,4.999999253285379,4.999981693563336,-4.999999956515201,4.999996015734496,-4.999999887896363,4.999997229968621,-4.99999996012553
99.0,189.0,129.8838348388672,4.999981719172647,-4.999959750478446,4.999987707449636,4.999990129155085,4.999999765563537,-4.999999940411206,4.999999719613308,-4.999999993223194,4.999996334304871,-4.999999991819183
99.0,189.0,129.88381958007812,4.999999804564677,-4.999999998354836,4.999986614629979,4.999989642827318,4.999999743170507,-4.999998974229774,4.999999969742013,-4.999999876694293,4.999997806279692,-4.999994282883423
99.0,189.0,129.88381958007812,4.999994229677925,-4.999992198365494,4.999966075558362,4.999999956529539,4.999995160644511,-4.999999989561986,4.999999296922107,-4.99999988558222,4.999999210711554,-4.9999982350789605
99.0,189.0,129.88388061523438,4.999956182357567,-4.999998090136828,4.99998170408814,4.9999891094110005,4.999980268795214,-4.999999050764774,4.999997033143055,-4.999998857505863,4.999999293118264,-4.999999999985523
99.0,189.0,129.88380432128906,4.999980198912756,-4.999986622420284,4.999982011674771,4.999997367638952,4.999999987135401,-4.999998410129942,4.999999722288571,-4.999996675344567,4.999999453905868,-4.999999619246884
99.0,189.0,129.88377380371094,4.999999938508449,-4.999985689628065,4.999992103684171,4.99999950505392,4.999995343452317,-4.999998833804844,4.999999494222233,-4.99999566422413,4.999999335102574,-4.999999911878309
99.0,189.0,129.8838348388672,4.999999985289643,-4.999972653406442,4.999971046840333,4.999994702411643,4.99999930369154,-4.999999968491713,4.999999605733646,-4.999996684905218,4.999997614048414,-4.999999907892356
99.0,189.0,129.88381958007812,4.9999986714439,-4.999982957368733,4.999988142337189,4.999999420808971,4.9999993297555685,-4.999997832261787,4.999990725274422,-4.999997198726691,4.999998415281283,-4.99999987000764
99.0,189.0,129.8837890625,4.999999520309958,-4.999999264432354,4.999996526057401,4.999998698862394,4.999998654462836,-4.9999977576153904,4.999999994416712,-4.999999053174829,4.999998454451676,-4.999994376437369
99.0,189.0,129.8837890625,4.999986866746351,-4.999999903214285,4.999999463830898,4.999999463482822,4.999999987217853,-4.999998905919855,4.999999254201709,-4.999999979440648,4.999998876140076,-4.999994502640962
99.0,189.0,129.88380432128906,4.999999368325972,-4.999991776811685,4.999994657245479,4.999999596214957,4.99999960500285,-4.999998772725735,4.999999835247294,-4.999999977187925,4.999999997085904,-4.999992624133576
99.0,189.0,129.8837890625,4.999987394378361,-4.999994468857736,4.999994454648252,4.999999848754391,4.999993940286113,-4.999999991891461,4.99999999790414,-4.999996189548802,4.999999782027746,-4.999998459838443
99.0,189.0,129.88380432128906,4.999976132860466,-4.999998062708027,4.999971365056333,4.999989399952954,4.999998220592332,-4.99999844684914,4.999999956377329,-4.999999689188661,4.999999871241146,-4.999999916633725
99.0,189.0,129.88381958007812,4.999950064125744,-4.999999964372469,4.999985769534419,4.999999933978803,4.999995897414887,-4.9999995592557385,4.999997593229839,-4.999998738414701,4.999998924707213,-4.999999970424678
99.0,189.0,129.8838348388672,4.999999140742511,-4.999997410840283,4.999976158229378,4.999999927865662,4.99999991930611,-4.999996945752397,4.999996764057711,-4.999999907459236,4.999997413535244,-4.999995322746775
99.0,189.0,129.8837890625,4.999967044570493,-4.999996323075783,4.999991032205776,4.999997027197448,4.999999053081019,-4.9999969545835095,4.9999967826113725,-4.999999999968807,4.99999999806021,-4.999999123729995
99.0,189.0,129.88385009765625,4.99992851070496,-4.999989078451988,4.999987975933216,4.999994023076522,4.999995491548466,-4.999998896438234,4.999997717814845,-4.999999998231066,4.999999989086337,-4.999999814763688
99.0,189.0,129.88385009765625,4.999958425376185,-4.999999996052627,4.999999557310735,4.99999999104859,4.99998388889012,-4.999999194547094,4.999993543542402,-4.999997458602036,4.999999792889632,-4.999998547368339
99.0,189.0,129.88380432128906,4.99997343580956,-4.999999951277738,4.999984791917702,4.999999927964868,4.999994474090034,-4.999998988063504,4.999998811841435,-4.999999855094524,4.999998591360354,-4.999998520644418
99.0,189.0,129.88380432128906,4.999981352120029,-4.99999841113735,4.9999999712724845,4.999998926937745,4.999997395608674,-4.99999895906258,4.999999985586275,-4.999998576385261,4.999999740794167,-4.999993546887443
99.0,189.0,129.88381958007812,4.999981497929831,-4.999996298229247,4.999999142942424,4.9999997344396405,4.999991845085092,-4.999997671037466,4.999997994135147,-4.999989786463278,4.999999776413191,-4.99999999979109
99.0,189.0,129.88380432128906,4.999987641114025,-4.999981833497538,4.999989935854678,4.999998891186799,4.9999941525522935,-4.999998750777413,4.999998538598271,-4.999995735771864,4.999999344222751,-4.999999913159452
99.0,189.0,129.88375854492188,4.999987886046605,-4.999987937811154,4.999991049748696,4.999998827621644,4.999999880063356,-4.999999682075026,4.9999999970316615,-4.999999959085672,4.999999423995784,-4.999998403501732
99.0,189.0,129.88381958007812,4.99997287720139,-4.9999952310487705,4.999980411314949,4.999993960165622,4.999997061756784,-4.999999107606673,4.999996779849047,-4.999999999784143,4.999999997907029,-4.999998443675283
99.0,189.0,129.88380432128906,4.999952439625316,-4.999983527249436,4.999993632536366,4.999999856717854,4.999999953777838,-4.999999414532085,4.999999747462137,-4.999999996036774,4.999999327733046,-4.9999986448758325
99.0,189.0,129.88381958007812,4.999984355284477,-4.999997627375327,4.999973228367896,4.999997940646974,4.999998078354494,-4.999998835250695,4.99999901725657,-4.999999993420031,4.999999727600908,-4.999996250243448
99.0,189.0,129.8838348388672,4.999999903754612,-4.999986322587528,4.999970535683251,4.999999839316798,4.999995034281762,-4.999998547396608,4.999999504411536,-4.999997445173737,4.999998792062222,-4.999996949027343
99.0,189.0,129.88385009765625,4.999989837011439,-4.999979015300086,4.999953575443601,4.999999650122189,4.999998909195478,-4.999999828065791,4.999998493795616,-4.99999856833962,4.999998304456083,-4.999999999987288
99.0,189.0,129.8838348388672,4.9999990402231695,-4.999986735837588,4.999999985999571,4.999994391907355,4.999996854828176,-4.999998229194269,4.999999251004878,-4.999986449796089,4.999999927432043,-4.999999998642428
99.0,189.0,129.8838348388672,4.999943085923703,-4.999970302019023,4.999991533866616,4.999997241297635,4.99999999718448,-4.999999677416662,4.999999795127518,-4.999999998584542,4.999999294984862,-4.999998786981845
99.0,189.0,129.88385009765625,4.999974979502793,-4.999997316745745,4.999999907402779,4.999999924551419,4.999991309774355,-4.99999861443767,4.999999730815892,-4.999987694361887,4.999997381731953,-4.999999999942322
99.0,189.0,129.88380432128906,4.99999980472157,-4.999999999563739,4.999989891373289,4.999990256694439,4.999999772140504,-4.999999906822346,4.999999987623033,-4.999999805146559,4.999999097342623,-4.999993806959028
99.0,189.0,129.88381958007812,4.999977523795833,-4.999996895451819,4.999975288475724,4.999999828539839,4.999996725975315,-4.999997868304855,4.999997921971158,-4.999999198370796,4.999996185426123,-4.999999877335181
99.0,189.0,129.88380432128906,4.999997099460551,-4.999978292218576,4.999981495620869,4.999999890273522,4.999996622248544,-4.999998991039455,4.999998663216763,-4.999996373233395,4.999998964639964,-4.9999999306776095
99.0,189.0,129.8837890625,4.999998792519389,-4.999985976432855,4.999980945447257,4.999999780009847,4.999998659367753,-4.999999213760219,4.999999960626641,-4.999999922058981,4.999998296595611,-4.9999987759497175
99.0,189.0,129.8837890625,4.999999441230873,-4.9999907203576335,4.999994243080448,4.9999999999659055,4.999999451313544,-4.999998128713178,4.999999830761898,-4.999999764394211,4.999998268177096,-4.999995850585399
99.0,189.0,129.88381958007812,4.999952776942326,-4.99999990065147,4.9999984812908345,4.999999924806297,4.99998556107683,-4.999999927322489,4.999997557193522,-4.999996819815182,4.999999121145393,-4.999999999550347
99.0,189.0,129.8837890625,4.999999748663647,-4.999976298500155,4.999995698613065,4.999995163414826,4.999999540237297,-4.99999934194638,4.9999999618569175,-4.999999951354913,4.999999392113462,-4.999995668569113
99.0,189.0,129.8837890625,4.99999889710654,-4.999999855787183,4.999988310020617,4.999998014231331,4.999998827451388,-4.9999987132981545,4.999999014296202,-4.999999357157749,4.999999961180379,-4.999994501991015
99.0,189.0,129.88381958007812,4.999969129844013,-4.999980434369325,4.99999244808142,4.999999791930515,4.9999977882281,-4.999998689955319,4.999998127630478,-4.999998673704511,4.999997308240641,-4.999999887324481
99.0,189.0,129.8838348388672,4.999999776386841,-4.999990225098029,4.999977008597172,4.99999419242652,4.999998463162815,-4.999999758501216,4.999990829732019,-4.999997045302634,4.999998687035333,-4.999999908609285
99.0,189.0,129.88385009765625,4.999997720512942,-4.999988089353377,4.99999999108748,4.9999944952755335,4.999993593543975,-4.999998460958366,4.999999194228331,-4.999986446203238,4.99999998102859,-4.999998229735284
99.0,189.0,129.8838348388672,4.999973034603778,-4.999986323349949,4.999986102194489,4.999999904113308,4.999993430632727,-4.999999737059998,4.999999610121689,-4.999999987218087,4.999999414300678,-4.999995199650861
99.0,189.0,129.8838348388672,4.999961554260267,-4.999998284249724,4.999983259358581,4.99998994475926,4.99999825478072,-4.999999054226768,4.999993555858966,-4.9999997368269495,4.999999821272355,-4.999999990977898
99.0,190.0,129.88380432128906,4.999983196309285,-4.999999491592467,4.999999972253217,4.999999806056286,4.999998565008455,-4.99999847010026,4.99999988168476,-4.999998601904335,4.999999017711978,-4.9999935930422605
99.0,190.0,129.88380432128906,4.999975674024233,-4.999983616318371,4.9999787551458805,4.999999697376949,4.999999953201128,-4.999999273531803,4.999999723674783,-4.99999999440379,4.999998999868948,-4.99999873746515
99.0,190.0,129.88380432128906,4.9999552940405785,-4.999980272880721,4.999991570652751,4.999999630980044,4.999999960676847,-4.999998836653514,4.9999998461122,-4.999997885357729,4.999999389928556,-4.999999483275507
99.0,190.0,129.88377380371094,4.99999845435724,-4.999984956594151,4.999985248757297,4.999999866499774,4.999996596523207,-4.999999993652682,4.999999464104575,-4.999999373117825,4.999999985086723,-4.999998425206087
99.0,190.0,129.88380432128906,4.999981850209472,-4.999979033851719,4.999999902875503,4.999997870349088,4.999999868891989,-4.999999740931997,4.999999634637872,-4.999999977904361,4.999999375785713,-4.999995038828854
99.0,190.0,129.88380432128906,4.999994729534705,-4.999995299667587,4.999972840532343,4.999999253285379,4.999999045974224,-4.999998409428533,4.999999307860756,-4.999997729375718,4.9999996227420445,-4.999998002730854
99.0,190.0,129.8838348388672,4.999981719172647,-4.999959750478446,4.999987707449636,4.999990129155085,4.999999765563537,-4.999999940411206,4.999999719613308,-4.999999993223194,4.999996334304871,-4.999999991819183
99.0,190.0,129.88381958007812,4.999999804564677,-4.999999998354836,4.999986614629979,4.999989642827318,4.999999743170507,-4.999998974229774,4.999999969742013,-4.999999876694293,4.999997806279692,-4.999994282883423
99.0,190.0,129.88381958007812,4.999994229677925,-4.999992198365494,4.999966075558362,4.999999956529539,4.999995160644511,-4.999999989561986,4.999999296922107,-4.99999988558222,4.999999210711554,-4.9999982350789605
99.0,190.0,129.8838348388672,4.999989476376133,-4.999999954912298,4.999999870427178,4.9999891094110005,4.999999574726024,-4.999999162026576,4.999999268806182,-4.999999423038948,4.999998810916587,-4.999991317767821
99.0,190.0,129.88380432128906,4.999980198912756,-4.999986622420284,4.999982011674771,4.999997367638952,4.999999987135401,-4.999998410129942,4.999999722288571,-4.999996675344567,4.999999453905868,-4.999999619246884
99.0,190.0,129.88377380371094,4.999999938508449,-4.999985689628065,4.999992103684171,4.99999950505392,4.999995343452317,-4.999998833804844,4.999999494222233,-4.99999566422413,4.999999335102574,-4.999999911878309
99.0,190.0,129.8838348388672,4.999999985289643,-4.999972653406442,4.999971046840333,4.999994702411643,4.99999930369154,-4.999999968491713,4.999999605733646,-4.999996684905218,4.999997614048414,-4.999999907892356
99.0,190.0,129.88381958007812,4.9999986714439,-4.999982957368733,4.999988142337189,4.999999420808971,4.9999993297555685,-4.999997832261787,4.999990725274422,-4.999997198726691,4.999998415281283,-4.99999987000764
99.0,190.0,129.88377380371094,4.999972180228978,-4.999998428187425,4.99999673680487,4.999998998084845,4.999998654462836,-4.9999977576153904,4.999999994416712,-4.999999404216879,4.999999968384251,-4.999997677192257
99.0,190.0,129.8837890625,4.999986866746351,-4.999999903214285,4.999999463830898,4.999999463482822,4.999999987217853,-4.999998905919855,4.999999254201709,-4.999999979440648,4.999998876140076,-4.999994502640962
99.0,190.0,129.88380432128906,4.999999368325972,-4.999991776811685,4.999994657245479,4.999999596214957,4.99999960500285,-4.999998772725735,4.999999835247294,-4.999999977187925,4.999999997085904,-4.999992624133576
99.0,190.0,129.8837890625,4.999987394378361,-4.999994468857736,4.999994454648252,4.999999848754391,4.999993940286113,-4.999999991891461,4.99999999790414,-4.999996189548802,4.999999782027746,-4.999998459838443
99.0,190.0,129.88380432128906,4.999976132860466,-4.999998062708027,4.999971365056333,4.999989399952954,4.999998220592332,-4.99999844684914,4.999999956377329,-4.999999689188661,4.999999871241146,-4.999999916633725
99.0,190.0,129.88381958007812,4.999950064125744,-4.999999964372469,4.999985769534419,4.999999933978803,4.999995897414887,-4.9999995592557385,4.999997593229839,-4.999998738414701,4.999998924707213,-4.999999970424678
99.0,190.0,129.88381958007812,4.999999622462818,-4.999989956938896,4.999999464189756,4.999999999972417,4.999999701450157,-4.999997457674413,4.99999983541756,-4.999993667626972,4.9999983440587625,-4.999995870493795
99.0,190.0,129.8837890625,4.999967044570493,-4.999996323075783,4.999991032205776,4.999997027197448,4.999999053081019,-4.9999969545835095,4.9999967826113725,-4.999999999968807,4.99999999806021,-4.999999123729995
99.0,190.0,129.88381958007812,4.999978244146469,-4.999988638991315,4.999969466772363,4.99999837314336,4.999998274664208,-4.9999987006970645,4.999997717814845,-4.999999999013085,4.999998511324145,-4.999999420461966
99.0,190.0,129.88381958007812,4.999955590889141,-4.999998839189251,4.999976721734157,4.99999999104859,4.999999735963097,-4.999999194547094,4.999993543542402,-4.999999999998584,4.999999969964762,-4.999999082725644
99.0,190.0,129.88380432128906,4.99997343580956,-4.999999951277738,4.999984791917702,4.999999927964868,4.999994474090034,-4.999998988063504,4.999998811841435,-4.999999855094524,4.999998591360354,-4.999998520644418
99.0,190.0,129.88380432128906,4.999981352120029,-4.99999841113735,4.9999999712724845,4.999998926937745,4.999997395608674,-4.99999895906258,4.999999985586275,-4.999998576385261,4.999999740794167,-4.999993546887443
99.0,190.0,129.88381958007812,4.999981497929831,-4.999996298229247,4.999999142942424,4.9999997344396405,4.999991845085092,-4.999997671037466,4.999997994135147,-4.999989786463278,4.999999776413191,-4.99999999979109
99.0,190.0,129.88380432128906,4.999987641114025,-4.999981833497538,4.999989935854678,4.999998891186799,4.9999941525522935,-4.999998750777413,4.999998538598271,-4.999995735771864,4.999999344222751,-4.999999913159452
99.0,190.0,129.88375854492188,4.999987886046605,-4.999987937811154,4.999991049748696,4.999998827621644,4.999999880063356,-4.999999682075026,4.9999999970316615,-4.999999959085672,4.999999423995784,-4.999998403501732
99.0,190.0,129.88380432128906,4.999988066892579,-4.9999952310487705,4.999980411314949,4.999997465778546,4.999994508945248,-4.999999065101527,4.999999012378629,-4.999996032870446,4.9999990596892925,-4.999999950775736
99.0,190.0,129.88380432128906,4.999952439625316,-4.999983527249436,4.999993632536366,4.999999856717854,4.999999953777838,-4.999999414532085,4.999999747462137,-4.999999996036774,4.999999327733046,-4.9999986448758325
99.0,190.0,129.88381958007812,4.999984355284477,-4.999997627375327,4.999973228367896,4.999997940646974,4.999998078354494,-4.999998835250695,4.99999901725657,-4.999999993420031,4.999999727600908,-4.999996250243448
99.0,190.0,129.8838348388672,4.999999903754612,-4.999986322587528,4.999970535683251,4.999999839316798,4.999995034281762,-4.999998547396608,4.999999504411536,-4.999997445173737,4.999998792062222,-4.999996949027343
99.0,190.0,129.88380432128906,4.999955375101383,-4.99997800514574,4.999999118196251,4.999999769831196,4.999998909195478,-4.999998374305328,4.999999891899471,-4.9999971948184765,4.999999713962176,-4.999999484910019
99.0,190.0,129.8837890625,4.9999935500334445,-4.999999999704844,4.999999985999571,4.999990261413236,4.99999922514268,-4.999999936982425,4.999999989593292,-4.999999177334091,4.999999592325385,-4.999994562364577
99.0,190.0,129.8838348388672,4.999943085923703,-4.999970302019023,4.999991533866616,4.999997241297635,4.99999999718448,-4.999999677416662,4.999999795127518,-4.999999998584542,4.999999294984862,-4.999998786981845
99.0,190.0,129.88377380371094,4.999999065175867,-4.999981590815438,4.999978080860872,4.999999876964656,4.999999102520297,-4.999999043066678,4.99999993516521,-4.999999972243101,4.99999792182817,-4.999999904721287
99.0,190.0,129.88380432128906,4.99999980472157,-4.999999999563739,4.999989891373289,4.999990256694439,4.999999772140504,-4.999999906822346,4.999999987623033,-4.999999805146559,4.999999097342623,-4.999993806959028
99.0,190.0,129.88381958007812,4.999977523795833,-4.999996895451819,4.999975288475724,4.999999828539839,4.999996725975315,-4.999997868304855,4.999997921971158,-4.999999198370796,4.999996185426123,-4.999999877335181
99.0,190.0,129.8837890625,4.999997099460551,-4.999977725631473,4.999977940899488,4.999999890273522,4.999999977772392,-4.999999471980859,4.999999149212814,-4.999998426200287,4.999997459802421,-4.9999999306776095
99.0,190.0,129.8837890625,4.999998792519389,-4.999985976432855,4.999980945447257,4.999999780009847,4.999998659367753,-4.999999213760219,4.999999960626641,-4.999999922058981,4.999998296595611,-4.9999987759497175
99.0,190.0,129.8837890625,4.999999441230873,-4.9999907203576335,4.999994243080448,4.9999999999659055,4.999999451313544,-4.999998128713178,4.999999830761898,-4.999999764394211,4.999998268177096,-4.999995850585399
99.0,190.0,129.88381958007812,4.999952776942326,-4.99999990065147,4.9999984812908345,4.999999924806297,4.99998556107683,-4.999999927322489,4.999997557193522,-4.999996819815182,4.999999121145393,-4.999999999550347
99.0,190.0,129.8837890625,4.999999748663647,-4.999976298500155,4.999995698613065,4.999995163414826,4.999999540237297,-4.99999934194638,4.9999999618569175,-4.999999951354913,4.999999392113462,-4.999995668569113
99.0,190.0,129.8837890625,4.99999889710654,-4.999999855787183,4.999988310020617,4.999998014231331,4.999998827451388,-4.9999987132981545,4.999999014296202,-4.999999357157749,4.999999961180379,-4.999994501991015
99.0,190.0,129.88381958007812,4.999969129844013,-4.999980434369325,4.99999244808142,4.999999791930515,4.9999977882281,-4.999998689955319,4.999998127630478,-4.999998673704511,4.999997308240641,-4.999999887324481
99.0,190.0,129.8837432861328,4.999987849594154,-4.99998846603818,4.99999125683121,4.999998625746169,4.99999995690801,-4.999999684546205,4.99999999927436,-4.999999970749718,4.999999712346173,-4.999999908609285
99.0,190.0,129.88381958007812,4.999995981107258,-4.999987672955409,4.999999995517454,4.999999804191256,4.999997610817817,-4.999998483439751,4.999999194228331,-4.999986390250508,4.9999997432265175,-4.999999983862006
99.0,190.0,129.88380432128906,4.999973010031006,-4.999999963044444,4.999986102194489,4.999999987315476,4.99999411769708,-4.999998673739391,4.9999983380610775,-4.999999557995942,4.999999414300678,-4.999997937355369
99.0,190.0,129.88375854492188,4.9999999508015085,-4.999977482990422,4.999998117525949,4.999994598576103,4.99999825478072,-4.999999286601648,4.999999964796746,-4.999999878756929,4.999999745485898,-4.999999990977898
99.0,191.0,129.88380432128906,4.999983196309285,-4.999999491592467,4.999999972253217,4.999999806056286,4.999998565008455,-4.99999847010026,4.99999988168476,-4.999998601904335,4.999999017711978,-4.9999935930422605
99.0,191.0,129.88380432128906,4.999975674024233,-4.999983616318371,4.9999787551458805,4.999999697376949,4.999999953201128,-4.999999273531803,4.999999723674783,-4.99999999440379,4.999998999868948,-4.99999873746515
99.0,191.0,129.88380432128906,4.9999552940405785,-4.999980272880721,4.999991570652751,4.999999630980044,4.999999960676847,-4.999998836653514,4.9999998461122,-4.999997885357729,4.999999389928556,-4.999999483275507
99.0,191.0,129.88377380371094,4.99999845435724,-4.999984956594151,4.999985248757297,4.999999866499774,4.999996596523207,-4.999999993652682,4.999999464104575,-4.999999373117825,4.999999985086723,-4.999998425206087
99.0,191.0,129.88380432128906,4.999981850209472,-4.999979033851719,4.999999902875503,4.999997870349088,4.999999868891989,-4.999999740931997,4.999999634637872,-4.999999977904361,4.999999375785713,-4.999995038828854
99.0,191.0,129.88380432128906,4.999994729534705,-4.999995299667587,4.999972840532343,4.999999253285379,4.999999045974224,-4.999998409428533,4.999999307860756,-4.999997729375718,4.9999996227420445,-4.999998002730854
99.0,191.0,129.88381958007812,4.999996718495452,-4.999997292884545,4.999976602127875,4.999998820788994,4.999998849664511,-4.999998543982163,4.999999594940839,-4.999997680716093,4.9999999508831525,-4.999994832512336
99.0,191.0,129.88381958007812,4.999999804564677,-4.999999998354836,4.999986614629979,4.999989642827318,4.999999743170507,-4.999998974229774,4.999999969742013,-4.999999876694293,4.999997806279692,-4.999994282883423
99.0,191.0,129.88381958007812,4.999994229677925,-4.999992198365494,4.999966075558362,4.999999956529539,4.999995160644511,-4.999999989561986,4.999999296922107,-4.99999988558222,4.999999210711554,-4.9999982350789605
99.0,191.0,129.88380432128906,4.9999443171645215,-4.999987912866852,4.999996497122751,4.999999759763044,4.999999510625294,-4.999999585225626,4.999999772923568,-4.999999423038948,4.999999702500487,-4.999997516104264
99.0,191.0,129.88377380371094,4.999998495593903,-4.99998822574058,4.999995550713749,4.999999830615086,4.999995680492743,-4.999998585549417,4.999999265961817,-4.999996534871665,4.999999257979577,-4.999999923270936
99.0,191.0,129.88377380371094,4.999999938508449,-4.999985689628065,4.999992103684171,4.99999950505392,4.999995343452317,-4.999998833804844,4.999999494222233,-4.99999566422413,4.999999335102574,-4.999999911878309
99.0,191.0,129.8837432861328,4.999987521708397,-4.999984509082389,4.99999671892575,4.999999962717195,4.999999858290261,-4.999999256567207,4.999999730789698,-4.999999990140145,4.999999725331854,-4.999999907892356
99.0,191.0,129.88381958007812,4.9999986714439,-4.999982957368733,4.999988142337189,4.999999420808971,4.9999993297555685,-4.999997832261787,4.999990725274422,-4.999997198726691,4.999998415281283,-4.99999987000764
99.0,191.0,129.88377380371094,4.999972180228978,-4.999998428187425,4.99999673680487,4.999998998084845,4.999998654462836,-4.9999977576153904,4.999999994416712,-4.999999404216879,4.999999968384251,-4.999997677192257
99.0,191.0,129.8837890625,4.999986866746351,-4.999999903214285,4.999999463830898,4.999999463482822,4.999999987217853,-4.999998905919855,4.999999254201709,-4.999999979440648,4.999998876140076,-4.999994502640962
99.0,191.0,129.88380432128906,4.999999368325972,-4.999991776811685,4.999994657245479,4.999999596214957,4.99999960500285,-4.999998772725735,4.999999835247294,-4.999999977187925,4.999999997085904,-4.999992624133576
99.0,191.0,129.8837890625,4.999987394378361,-4.999994468857736,4.999994454648252,4.999999848754391,4.999993940286113,-4.999999991891461,4.99999999790414,-4.999996189548802,4.999999782027746,-4.999998459838443
99.0,191.0,129.88380432128906,4.999976132860466,-4.999998062708027,4.999971365056333,4.999989399952954,4.999998220592332,-4.99999844684914,4.999999956377329,-4.999999689188661,4.999999871241146,-4.999999916633725
99.0,191.0,129.88380432128906,4.999982570980954,-4.999995724178511,4.999984538376337,4.999999933978803,4.999995627010776,-4.99999823736942,4.999998736757077,-4.99999740071538,4.999997892992652,-4.999999970424678
99.0,191.0,129.88381958007812,4.999999622462818,-4.999989956938896,4.999999464189756,4.999999999972417,4.999999701450157,-4.999997457674413,4.99999983541756,-4.999993667626972,4.9999983440587625,-4.999995870493795
99.0,191.0,129.8837890625,4.999967044570493,-4.999996323075783,4.999991032205776,4.999997027197448,4.999999053081019,-4.9999969545835095,4.9999967826113725,-4.999999999968807,4.99999999806021,-4.999999123729995
99.0,191.0,129.88377380371094,4.999999309307503,-4.999999287299737,4.999969466772363,4.99999837314336,4.999997573387289,-4.999998346463206,4.999999975874631,-4.999999652199764,4.999999355672428,-4.999999982170667
99.0,191.0,129.88381958007812,4.999955590889141,-4.999998839189251,4.999976721734157,4.99999999104859,4.999999735963097,-4.999999194547094,4.999993543542402,-4.999999999998584,4.999999969964762,-4.999999082725644
99.0,191.0,129.88380432128906,4.99997343580956,-4.999999951277738,4.999984791917702,4.999999927964868,4.999994474090034,-4.999998988063504,4.999998811841435,-4.999999855094524,4.999998591360354,-4.999998520644418
99.0,191.0,129.88380432128906,4.999981352120029,-4.99999841113735,4.9999999712724845,4.999998926937745,4.999997395608674,-4.99999895906258,4.999999985586275,-4.999998576385261,4.999999740794167,-4.999993546887443
99.0,191.0,129.88381958007812,4.999981497929831,-4.999996298229247,4.999999142942424,4.9999997344396405,4.999991845085092,-4.999997671037466,4.999997994135147,-4.999989786463278,4.999999776413191,-4.99999999979109
99.0,191.0,129.88380432128906,4.999987641114025,-4.999981833497538,4.999989935854678,4.999998891186799,4.9999941525522935,-4.999998750777413,4.999998538598271,-4.999995735771864,4.999999344222751,-4.999999913159452
99.0,191.0,129.88375854492188,4.999987886046605,-4.999987937811154,4.999991049748696,4.999998827621644,4.999999880063356,-4.999999682075026,4.9999999970316615,-4.999999959085672,4.999999423995784,-4.999998403501732
99.0,191.0,129.88380432128906,4.999988066892579,-4.9999952310487705,4.999980411314949,4.999997465778546,4.999994508945248,-4.999999065101527,4.999999012378629,-4.999996032870446,4.9999990596892925,-4.999999950775736
99.0,191.0,129.88380432128906,4.999952439625316,-4.999983527249436,4.999993632536366,4.999999856717854,4.999999953777838,-4.999999414532085,4.999999747462137,-4.999999996036774,4.999999327733046,-4.9999986448758325
99.0,191.0,129.88380432128906,4.999991334733344,-4.999989888160382,4.999981481335968,4.999999930413679,4.999999817408009,-4.999998546485667,4.99999901725657,-4.999999973630073,4.99999823390892,-4.999996250243448
99.0,191.0,129.88381958007812,4.999993051930224,-4.999977858059346,4.999973468015108,4.999999401988717,4.999995034281762,-4.99999970585288,4.999999550614479,-4.999999336023801,4.999997300187054,-4.999999140497472
99.0,191.0,129.88380432128906,4.999955375101383,-4.99997800514574,4.999999118196251,4.999999769831196,4.999998909195478,-4.999998374305328,4.999999891899471,-4.9999971948184765,4.999999713962176,-4.999999484910019
99.0,191.0,129.8837890625,4.9999935500334445,-4.999999999704844,4.999999985999571,4.999990261413236,4.99999922514268,-4.999999936982425,4.999999989593292,-4.999999177334091,4.999999592325385,-4.999994562364577
99.0,191.0,129.88377380371094,4.999999489392599,-4.999998069571356,4.999981867756108,4.999999872942414,4.999996043425315,-4.9999996303271885,4.999999584611242,-4.999999337535719,4.999999294984862,-4.999997817271354
99.0,191.0,129.88377380371094,4.999999065175867,-4.999981590815438,4.999978080860872,4.999999876964656,4.999999102520297,-4.999999043066678,4.99999993516521,-4.999999972243101,4.99999792182817,-4.999999904721287
99.0,191.0,129.88380432128906,4.99999980472157,-4.999999999563739,4.999989891373289,4.999990256694439,4.999999772140504,-4.999999906822346,4.999999987623033,-4.999999805146559,4.999999097342623,-4.999993806959028
99.0,191.0,129.88381958007812,4.999977523795833,-4.999996895451819,4.999975288475724,4.999999828539839,4.999996725975315,-4.999997868304855,4.999997921971158,-4.999999198370796,4.999996185426123,-4.999999877335181
99.0,191.0,129.8837890625,4.999997099460551,-4.999977725631473,4.999977940899488,4.999999890273522,4.999999977772392,-4.999999471980859,4.999999149212814,-4.999998426200287,4.999997459802421,-4.9999999306776095
99.0,191.0,129.8837890625,4.999998792519389,-4.999985976432855,4.999980945447257,4.999999780009847,4.999998659367753,-4.999999213760219,4.999999960626641,-4.999999922058981,4.999998296595611,-4.9999987759497175
99.0,191.0,129.8837890625,4.999999441230873,-4.9999907203576335,4.999994243080448,4.9999999999659055,4.999999451313544,-4.999998128713178,4.999999830761898,-4.999999764394211,4.999998268177096,-4.999995850585399
99.0,191.0,129.88381958007812,4.999952776942326,-4.99999990065147,4.9999984812908345,4.999999924806297,4.99998556107683,-4.999999927322489,4.999997557193522,-4.999996819815182,4.999999121145393,-4.999999999550347
99.0,191.0,129.88377380371094,4.999978421937113,-4.999993922718101,4.999987019767648,4.999995163414826,4.9999991053539175,-4.999999298904308,4.999999283575376,-4.999999994893043,4.999999821528252,-4.999999653501464
99.0,191.0,129.8837890625,4.99999889710654,-4.999999855787183,4.999988310020617,4.999998014231331,4.999998827451388,-4.9999987132981545,4.999999014296202,-4.999999357157749,4.999999961180379,-4.999994501991015
99.0,191.0,129.88380432128906,4.999998201986736,-4.999981742225391,4.9999999122014485,4.999997807386025,4.999997560279724,-4.999999739507662,4.999998127630478,-4.9999988673375615,4.999999348372722,-4.999995253130255
99.0,191.0,129.8837432861328,4.999987849594154,-4.99998846603818,4.99999125683121,4.999998625746169,4.99999995690801,-4.999999684546205,4.99999999927436,-4.999999970749718,4.999999712346173,-4.999999908609285
99.0,191.0,129.88380432128906,4.999978751003072,-4.999982483338,4.999998563784258,4.999999928452704,4.999997520317171,-4.999998549246937,4.9999981818671415,-4.999999315849288,4.999996715376255,-4.999998002993738
99.0,191.0,129.88380432128906,4.999973010031006,-4.999999963044444,4.999986102194489,4.999999987315476,4.99999411769708,-4.999998673739391,4.9999983380610775,-4.999999557995942,4.999999414300678,-4.999997937355369
99.0,191.0,129.88375854492188,4.9999999508015085,-4.999977482990422,4.999998117525949,4.999994598576103,4.99999825478072,-4.999999286601648,4.999999964796746,-4.999999878756929,4.999999745485898,-4.999999990977898
99.0,192.0,129.88380432128906,4.999983196309285,-4.999999491592467,4.999999972253217,4.999999806056286,4.999998565008455,-4.99999847010026,4.99999988168476,-4.999998601904335,4.999999017711978,-4.9999935930422605
99.0,192.0,129.88380432128906,4.999975674024233,-4.999983616318371,4.9999787551458805,4.999999697376949,4.999999953201128,-4.999999273531803,4.999999723674783,-4.99999999440379,4.999998999868948,-4.99999873746515
99.0,192.0,129.8837890625,4.999994897217087,-4.999985594174198,4.999994424622368,4.999998849419261,4.999993437921748,-4.99999999646365,4.999999120876999,-4.999996322265416,4.999999947358118,-4.99999928988244
99.0,192.0,129.88377380371094,4.99999845435724,-4.999984956594151,4.999985248757297,4.999999866499774,4.999996596523207,-4.999999993652682,4.999999464104575,-4.999999373117825,4.999999985086723,-4.999998425206087
99.0,192.0,129.8837890625,4.999981850209472,-4.999999998130904,4.999988966290507,4.999997870349088,4.999999868891989,-4.999999088914093,4.999998415473266,-4.999998963991467,4.9999994996495545,-4.999996785506391
99.0,192.0,129.88380432128906,4.999994729534705,-4.999995299667587,4.999972840532343,4.999999253285379,4.999999045974224,-4.999998409428533,4.999999307860756,-4.999997729375718,4.9999996227420445,-4.999998002730854
99.0,192.0,129.88380432128906,4.999955633495439,-4.999984660579181,4.999993378858804,4.999999066397953,4.999998366205245,-4.999997940656821,4.999999899523465,-4.999997680716093,4.999999986338235,-4.999999550634783
99.0,192.0,129.88381958007812,4.999999804564677,-4.999999998354836,4.999986614629979,4.999989642827318,4.999999743170507,-4.999998974229774,4.999999969742013,-4.999999876694293,4.999997806279692,-4.999994282883423
99.0,192.0,129.8837890625,4.999961653369729,-4.999989670074555,4.999998242418895,4.999999374444145,4.9999975285511695,-4.999997078827686,4.999999091538767,-4.999999159568244,4.999998777401067,-4.999999775209613
99.0,192.0,129.88375854492188,4.999980898018521,-4.999999349018677,4.999996497122751,4.999998583637551,4.9999992505260415,-4.999999183605906,4.999999999922006,-4.99999999573577,4.999999900063376,-4.999997516104264
99.0,192.0,129.88377380371094,4.999998495593903,-4.99998822574058,4.999995550713749,4.999999830615086,4.999995680492743,-4.999998585549417,4.999999265961817,-4.999996534871665,4.999999257979577,-4.999999923270936
99.0,192.0,129.88377380371094,4.999999938508449,-4.999985689628065,4.999992103684171,4.99999950505392,4.999995343452317,-4.999998833804844,4.999999494222233,-4.99999566422413,4.999999335102574,-4.999999911878309
99.0,192.0,129.8837432861328,4.999987521708397,-4.999984509082389,4.99999671892575,4.999999962717195,4.999999858290261,-4.999999256567207,4.999999730789698,-4.999999990140145,4.999999725331854,-4.999999907892356
99.0,192.0,129.88381958007812,4.9999986714439,-4.999982957368733,4.999988142337189,4.999999420808971,4.9999993297555685,-4.999997832261787,4.999990725274422,-4.999997198726691,4.999998415281283,-4.99999987000764
99.0,192.0,129.88377380371094,4.999972180228978,-4.999998428187425,4.99999673680487,4.999998998084845,4.999998654462836,-4.9999977576153904,4.999999994416712,-4.999999404216879,4.999999968384251,-4.999997677192257
99.0,192.0,129.8837890625,4.999986866746351,-4.999999903214285,4.999999463830898,4.999999463482822,4.999999987217853,-4.999998905919855,4.999999254201709,-4.999999979440648,4.999998876140076,-4.999994502640962
99.0,192.0,129.88380432128906,4.999999368325972,-4.999991776811685,4.999994657245479,4.999999596214957,4.99999960500285,-4.999998772725735,4.999999835247294,-4.999999977187925,4.999999997085904,-4.999992624133576
99.0,192.0,129.8837890625,4.999987394378361,-4.999994468857736,4.999994454648252,4.999999848754391,4.999993940286113,-4.999999991891461,4.99999999790414,-4.999996189548802,4.999999782027746,-4.999998459838443
99.0,192.0,129.8837890625,4.999985193305204,-4.999982143524159,4.999986533483854,4.999999996674142,4.999999874967886,-4.999998687654384,4.999998897780413,-4.999999973946069,4.999999193435001,-4.999999062747914
99.0,192.0,129.88380432128906,4.999982570980954,-4.999995724178511,4.999984538376337,4.999999933978803,4.999995627010776,-4.99999823736942,4.999998736757077,-4.99999740071538,4.999997892992652,-4.999999970424678
99.0,192.0,129.88381958007812,4.999999622462818,-4.999989956938896,4.999999464189756,4.999999999972417,4.999999701450157,-4.999997457674413,4.99999983541756,-4.999993667626972,4.9999983440587625,-4.999995870493795
99.0,192.0,129.8837890625,4.999967044570493,-4.999996323075783,4.999991032205776,4.999997027197448,4.999999053081019,-4.9999969545835095,4.9999967826113725,-4.999999999968807,4.99999999806021,-4.999999123729995
99.0,192.0,129.88377380371094,4.999999309307503,-4.999999287299737,4.999969466772363,4.99999837314336,4.999997573387289,-4.999998346463206,4.999999975874631,-4.999999652199764,4.999999355672428,-4.999999982170667
99.0,192.0,129.8837890625,4.99999947425176,-4.9999975645538575,4.999998883885429,4.999997100717401,4.999998785296819,-4.999998946998252,4.999998969777747,-4.999999348908034,4.99999998753166,-4.999992652672868
99.0,192.0,129.88380432128906,4.99997343580956,-4.999999951277738,4.999984791917702,4.999999927964868,4.999994474090034,-4.999998988063504,4.999998811841435,-4.999999855094524,4.999998591360354,-4.999998520644418
99.0,192.0,129.88380432128906,4.999981352120029,-4.99999841113735,4.9999999712724845,4.999998926937745,4.999997395608674,-4.99999895906258,4.999999985586275,-4.999998576385261,4.999999740794167,-4.999993546887443
99.0,192.0,129.88377380371094,4.999982275832082,-4.999996298229247,4.999978952108842,4.999999935741331,4.999996026705308,-4.999999884633303,4.999999831241456,-4.999999345833782,4.999999520781348,-4.999999888388789
99.0,192.0,129.88380432128906,4.999987641114025,-4.999981833497538,4.999989935854678,4.999998891186799,4.9999941525522935,-4.999998750777413,4.999998538598271,-4.999995735771864,4.999999344222751,-4.999999913159452
99.0,192.0,129.88375854492188,4.999987886046605,-4.999987937811154,4.999991049748696,4.999998827621644,4.999999880063356,-4.999999682075026,4.9999999970316615,-4.999999959085672,4.999999423995784,-4.999998403501732
99.0,192.0,129.8837890625,4.999981280900208,-4.999999999960254,4.999999989255268,4.999990350061162,4.999999127541843,-4.999999543799039,4.999999998769806,-4.999999293912193,4.999999601075935,-4.9999959847045385
99.0,192.0,129.88380432128906,4.999952439625316,-4.999983527249436,4.999993632536366,4.999999856717854,4.999999953777838,-4.999999414532085,4.999999747462137,-4.999999996036774,4.999999327733046,-4.9999986448758325
99.0,192.0,129.88380432128906,4.999991334733344,-4.999989888160382,4.999981481335968,4.999999930413679,4.999999817408009,-4.999998546485667,4.99999901725657,-4.999999973630073,4.99999823390892,-4.999996250243448
99.0,192.0,129.88381958007812,4.999993051930224,-4.999977858059346,4.999973468015108,4.999999401988717,4.999995034281762,-4.99999970585288,4.999999550614479,-4.999999336023801,4.999997300187054,-4.999999140497472
99.0,192.0,129.8837432861328,4.999999955757793,-4.999973862104751,4.999999144420872,4.999994553561221,4.999998972720068,-4.999999288646996,4.999999988264345,-4.999999622524732,4.999999792300866,-4.999999997997711
99.0,192.0,129.8837890625,4.9999935500334445,-4.999999999704844,4.999999985999571,4.999990261413236,4.99999922514268,-4.999999936982425,4.999999989593292,-4.999999177334091,4.999999592325385,-4.999994562364577
99.0,192.0,129.88377380371094,4.999999489392599,-4.999998069571356,4.999981867756108,4.999999872942414,4.999996043425315,-4.9999996303271885,4.999999584611242,-4.999999337535719,4.999999294984862,-4.999997817271354
99.0,192.0,129.88377380371094,4.999999065175867,-4.999981590815438,4.999978080860872,4.999999876964656,4.999999102520297,-4.999999043066678,4.99999993516521,-4.999999972243101,4.99999792182817,-4.999999904721287
99.0,192.0,129.8837890625,4.999999727934632,-4.999993485781188,4.999997008756107,4.999995206295328,4.999999630720232,-4.999999906822346,4.999999826606475,-4.999999871263099,4.999998173325915,-4.999993901848466
99.0,192.0,129.8837890625,4.999979192612716,-4.9999877678215885,4.999975288475724,4.99999787010517,4.999998345778421,-4.999999960340281,4.9999999496250185,-4.999999198370796,4.99999959637889,-4.999999877335181
99.0,192.0,129.8837890625,4.999997099460551,-4.999977725631473,4.999977940899488,4.999999890273522,4.999999977772392,-4.999999471980859,4.999999149212814,-4.999998426200287,4.999997459802421,-4.9999999306776095
99.0,192.0,129.88377380371094,4.999999398661874,-4.999974059838298,4.999985404550349,4.9999994082881365,4.999997815808786,-4.999999484302958,4.99999999812303,-4.9999982409436345,4.999999501226483,-4.999999922633423
99.0,192.0,129.8837890625,4.999999441230873,-4.9999907203576335,4.999994243080448,4.9999999999659055,4.999999451313544,-4.999998128713178,4.999999830761898,-4.999999764394211,4.999998268177096,-4.999995850585399
99.0,192.0,129.88381958007812,4.999952776942326,-4.99999990065147,4.9999984812908345,4.999999924806297,4.99998556107683,-4.999999927322489,4.999997557193522,-4.999996819815182,4.999999121145393,-4.999999999550347
99.0,192.0,129.88377380371094,4.999978421937113,-4.999993922718101,4.999987019767648,4.999995163414826,4.9999991053539175,-4.999999298904308,4.999999283575376,-4.999999994893043,4.999999821528252,-4.999999653501464
99.0,192.0,129.8837890625,4.99999889710654,-4.999999855787183,4.999988310020617,4.999998014231331,4.999998827451388,-4.9999987132981545,4.999999014296202,-4.999999357157749,4.999999961180379,-4.999994501991015
99.0,192.0,129.88380432128906,4.999998201986736,-4.999981742225391,4.9999999122014485,4.999997807386025,4.999997560279724,-4.999999739507662,4.999998127630478,-4.9999988673375615,4.999999348372722,-4.999995253130255
99.0,192.0,129.8837432861328,4.999987849594154,-4.99998846603818,4.99999125683121,4.999998625746169,4.99999995690801,-4.999999684546205,4.99999999927436,-4.999999970749718,4.999999712346173,-4.999999908609285
99.0,192.0,129.88380432128906,4.999978751003072,-4.999982483338,4.999998563784258,4.999999928452704,4.999997520317171,-4.999998549246937,4.9999981818671415,-4.999999315849288,4.999996715376255,-4.999998002993738
99.0,192.0,129.8837890625,4.999973010031006,-4.999974555574076,4.999995889557625,4.999998981449981,4.999999973101763,-4.999998715265372,4.999999925363459,-4.999999460824997,4.999999527275909,-4.999997937355369
99.0,192.0,129.88375854492188,4.9999999508015085,-4.999977482990422,4.999998117525949,4.999994598576103,4.99999825478072,-4.999999286601648,4.999999964796746,-4.999999878756929,4.999999745485898,-4.999999990977898
99.0,193.0,129.88377380371094,4.9999740513231465,-4.999983045374217,4.999995604941589,4.999999975945377,4.9999999221243305,-4.999998970899069,4.999999711073054,-4.9999997811741785,4.99999961622686,-4.999998881081091
99.0,193.0,129.8837890625,4.9999994571941375,-4.999985502542965,4.999978616749583,4.99999998544988,4.999999970187612,-4.999998375792126,4.99999899179514,-4.99999999440379,4.999997859141479,-4.99999873746515
99.0,193.0,129.8837432861328,4.999994897217087,-4.99999754251637,4.9999952789812365,4.999999029484304,4.999998646102831,-4.999997884768447,4.999999120876999,-4.999999408365911,4.999999996482423,-4.99999928988244
99.0,193.0,129.88377380371094,4.99999845435724,-4.999984956594151,4.999985248757297,4.999999866499774,4.999996596523207,-4.999999993652682,4.999999464104575,-4.999999373117825,4.999999985086723,-4.999998425206087
99.0,193.0,129.8837890625,4.999981850209472,-4.999999998130904,4.999988966290507,4.999997870349088,4.999999868891989,-4.999999088914093,4.999998415473266,-4.999998963991467,4.9999994996495545,-4.999996785506391
99.0,193.0,129.88380432128906,4.999994729534705,-4.999995299667587,4.999972840532343,4.999999253285379,4.999999045974224,-4.999998409428533,4.999999307860756,-4.999997729375718,4.9999996227420445,-4.999998002730854
99.0,193.0,129.8837432861328,4.999998430283307,-4.9999997698622085,4.999999986944797,4.999990200458945,4.999999634207972,-4.999997940656821,4.999999999986261,-4.999998550738997,4.999999805501197,-4.999999550634783
99.0,193.0,129.88380432128906,4.999999762349036,-4.99999896719388,4.99998911776364,4.99999445961712,4.999999871009374,-4.999999083227609,4.99999993591256,-4.999999876694293,4.999997858618768,-4.999994680330756
99.0,193.0,129.8837890625,4.999961653369729,-4.999989670074555,4.999998242418895,4.999999374444145,4.9999975285511695,-4.999997078827686,4.999999091538767,-4.999999159568244,4.999998777401067,-4.999999775209613
99.0,193.0,129.88375854492188,4.999980898018521,-4.999999349018677,4.999996497122751,4.999998583637551,4.9999992505260415,-4.999999183605906,4.999999999922006,-4.99999999573577,4.999999900063376,-4.999997516104264
99.0,193.0,129.88377380371094,4.999998495593903,-4.99998822574058,4.999995550713749,4.999999830615086,4.999995680492743,-4.999998585549417,4.999999265961817,-4.999996534871665,4.999999257979577,-4.999999923270936
99.0,193.0,129.88375854492188,4.999989504895348,-4.999989988152829,4.999986904048164,4.9999998652753685,4.99999392486422,-4.999999995273519,4.999999361397007,-4.999999313850051,4.999999990861127,-4.999999911878309
99.0,193.0,129.8837432861328,4.999987521708397,-4.999984509082389,4.99999671892575,4.999999962717195,4.999999858290261,-4.999999256567207,4.999999730789698,-4.999999990140145,4.999999725331854,-4.999999907892356
99.0,193.0,129.88380432128906,4.999993456091214,-4.99999952760003,4.999965700983122,4.999996922515732,4.999998339769213,-4.999997549131493,4.999999276246746,-4.999997198726691,4.999999385077572,-4.999999996254531
99.0,193.0,129.88377380371094,4.999972180228978,-4.999998428187425,4.99999673680487,4.999998998084845,4.999998654462836,-4.9999977576153904,4.999999994416712,-4.999999404216879,4.999999968384251,-4.999997677192257
99.0,193.0,129.8837890625,4.999986866746351,-4.999999903214285,4.999999463830898,4.999999463482822,4.999999987217853,-4.999998905919855,4.999999254201709,-4.999999979440648,4.999998876140076,-4.999994502640962
99.0,193.0,129.8837890625,4.999999368325972,-4.999994087573059,4.999974786363766,4.999999974629865,4.999998360585352,-4.999999949415196,4.999999412106533,-4.999999966965866,4.9999983573347855,-4.999997826671004
99.0,193.0,129.8837890625,4.999987394378361,-4.999994468857736,4.999994454648252,4.999999848754391,4.999993940286113,-4.999999991891461,4.99999999790414,-4.999996189548802,4.999999782027746,-4.999998459838443
99.0,193.0,129.8837890625,4.999985193305204,-4.999982143524159,4.999986533483854,4.999999996674142,4.999999874967886,-4.999998687654384,4.999998897780413,-4.999999973946069,4.999999193435001,-4.999999062747914
99.0,193.0,129.88380432128906,4.999982570980954,-4.999995724178511,4.999984538376337,4.999999933978803,4.999995627010776,-4.99999823736942,4.999998736757077,-4.99999740071538,4.999997892992652,-4.999999970424678
99.0,193.0,129.8837890625,4.99998207162283,-4.999993776548006,4.99999300630727,4.999998644055512,4.999999701450157,-4.9999998422602445,4.999999991151608,-4.999999971558644,4.999999233076034,-4.9999956931867455
99.0,193.0,129.8837890625,4.999967044570493,-4.999996323075783,4.999991032205776,4.999997027197448,4.999999053081019,-4.9999969545835095,4.9999967826113725,-4.999999999968807,4.99999999806021,-4.999999123729995
99.0,193.0,129.88377380371094,4.999999309307503,-4.999999287299737,4.999969466772363,4.99999837314336,4.999997573387289,-4.999998346463206,4.999999975874631,-4.999999652199764,4.999999355672428,-4.999999982170667
99.0,193.0,129.8837890625,4.99999947425176,-4.9999975645538575,4.999998883885429,4.999997100717401,4.999998785296819,-4.999998946998252,4.999998969777747,-4.999999348908034,4.99999998753166,-4.999992652672868
99.0,193.0,129.88380432128906,4.99997343580956,-4.999999951277738,4.999984791917702,4.999999927964868,4.999994474090034,-4.999998988063504,4.999998811841435,-4.999999855094524,4.999998591360354,-4.999998520644418
99.0,193.0,129.88380432128906,4.999981352120029,-4.99999841113735,4.9999999712724845,4.999998926937745,4.999997395608674,-4.99999895906258,4.999999985586275,-4.999998576385261,4.999999740794167,-4.999993546887443
99.0,193.0,129.88377380371094,4.999982275832082,-4.999996298229247,4.999978952108842,4.999999935741331,4.999996026705308,-4.999999884633303,4.999999831241456,-4.999999345833782,4.999999520781348,-4.999999888388789
99.0,193.0,129.8837890625,4.99997599674489,-4.9999999999771685,4.999999996262611,4.999989830622097,4.999999772895541,-4.999998750777413,4.999999999063664,-4.9999995868961165,4.999999320530465,-4.999995973852361
99.0,193.0,129.88375854492188,4.999987886046605,-4.999987937811154,4.999991049748696,4.999998827621644,4.999999880063356,-4.999999682075026,4.9999999970316615,-4.999999959085672,4.999999423995784,-4.999998403501732
99.0,193.0,129.8837890625,4.999981280900208,-4.999999999960254,4.999999989255268,4.999990350061162,4.999999127541843,-4.999999543799039,4.999999998769806,-4.999999293912193,4.999999601075935,-4.9999959847045385
99.0,193.0,129.88380432128906,4.999952439625316,-4.999983527249436,4.999993632536366,4.999999856717854,4.999999953777838,-4.999999414532085,4.999999747462137,-4.999999996036774,4.999999327733046,-4.9999986448758325
99.0,193.0,129.88380432128906,4.999991334733344,-4.999989888160382,4.999981481335968,4.999999930413679,4.999999817408009,-4.999998546485667,4.99999901725657,-4.999999973630073,4.99999823390892,-4.999996250243448
99.0,193.0,129.88375854492188,4.999994175601616,-4.999988791381263,4.99999300126962,4.999994464634012,4.999999944216329,-4.999999828684937,4.999999994110002,-4.999999561548878,4.999999558477178,-4.999998431739442
99.0,193.0,129.8837432861328,4.999999955757793,-4.999973862104751,4.999999144420872,4.999994553561221,4.999998972720068,-4.999999288646996,4.999999988264345,-4.999999622524732,4.999999792300866,-4.999999997997711
99.0,193.0,129.8837890625,4.9999935500334445,-4.999999999704844,4.999999985999571,4.999990261413236,4.99999922514268,-4.999999936982425,4.999999989593292,-4.999999177334091,4.999999592325385,-4.999994562364577
99.0,193.0,129.88377380371094,4.999999489392599,-4.999998069571356,4.999981867756108,4.999999872942414,4.999996043425315,-4.9999996303271885,4.999999584611242,-4.999999337535719,4.999999294984862,-4.999997817271354
99.0,193.0,129.88377380371094,4.999999065175867,-4.999981590815438,4.999978080860872,4.999999876964656,4.999999102520297,-4.999999043066678,4.99999993516521,-4.999999972243101,4.99999792182817,-4.999999904721287
99.0,193.0,129.88375854492188,4.999995103216698,-4.9999822337178825,4.999999431307075,4.999994532801655,4.999995953976928,-4.999999548602297,4.99999999587735,-4.99999850419899,4.999999833124558,-4.999999262578127
99.0,193.0,129.8837890625,4.999979192612716,-4.9999877678215885,4.999975288475724,4.99999787010517,4.999998345778421,-4.999999960340281,4.9999999496250185,-4.999999198370796,4.99999959637889,-4.999999877335181
99.0,193.0,129.88375854492188,4.999997099460551,-4.999992186096646,4.999985004822385,4.999999890273522,4.999998446783089,-4.999997911727046,4.999998964673032,-4.999998550559699,4.999999976928362,-4.9999999306776095
99.0,193.0,129.8837432861328,4.999994902999957,-4.999978547969511,4.999998647300461,4.9999994082881365,4.999999568659484,-4.999998223092692,4.9999999748954,-4.999999907948478,4.99999996928735,-4.999998885379632
99.0,193.0,129.8837890625,4.999999441230873,-4.9999907203576335,4.999994243080448,4.9999999999659055,4.999999451313544,-4.999998128713178,4.999999830761898,-4.999999764394211,4.999998268177096,-4.999995850585399
99.0,193.0,129.88377380371094,4.999980356814312,-4.999988950600704,4.999980381196672,4.999997853126696,4.999998337439608,-4.999999979579824,4.99999999933633,-4.999999206467834,4.999999862327316,-4.999999980938435
99.0,193.0,129.88377380371094,4.999978421937113,-4.999993922718101,4.999987019767648,4.999995163414826,4.9999991053539175,-4.999999298904308,4.999999283575376,-4.999999994893043,4.999999821528252,-4.999999653501464
99.0,193.0,129.8837890625,4.99999889710654,-4.999999855787183,4.999988310020617,4.999998014231331,4.999998827451388,-4.9999987132981545,4.999999014296202,-4.999999357157749,4.999999961180379,-4.999994501991015
99.0,193.0,129.88375854492188,4.99998106317498,-4.999999704666365,4.999990362495026,4.999997807386025,4.9999997294628855,-4.999999197221667,4.999999999951991,-4.99999999953267,4.999998809437392,-4.999998331209541
99.0,193.0,129.8837432861328,4.999987849594154,-4.99998846603818,4.99999125683121,4.999998625746169,4.99999995690801,-4.999999684546205,4.99999999927436,-4.999999970749718,4.999999712346173,-4.999999908609285
99.0,193.0,129.8837890625,4.999978751003072,-4.9999937611566665,4.999988292958603,4.999995169650931,4.99999914555727,-4.999999638414111,4.999998480162859,-4.9999992488302585,4.999999884954135,-4.9999988457484426
99.0,193.0,129.8837890625,4.999973010031006,-4.999974555574076,4.999995889557625,4.999998981449981,4.999999973101763,-4.999998715265372,4.999999925363459,-4.999999460824997,4.999999527275909,-4.999997937355369
99.0,193.0,129.88375854492188,4.9999999508015085,-4.999977482990422,4.999998117525949,4.999994598576103,4.99999825478072,-4.999999286601648,4.999999964796746,-4.999999878756929,4.999999745485898,-4.999999990977898
99.0,194.0,129.8837432861328,4.999993741131132,-4.999994570761521,4.999994244213025,4.999997710616757,4.9999999221243305,-4.999998970899069,4.999998360982433,-4.999999033014705,4.99999999970647,-4.999999547151891
99.0,194.0,129.8837890625,4.9999994571941375,-4.999985502542965,4.999978616749583,4.99999998544988,4.999999970187612,-4.999998375792126,4.99999899179514,-4.99999999440379,4.999997859141479,-4.99999873746515
99.0,194.0,129.8837432861328,4.999994897217087,-4.99999754251637,4.9999952789812365,4.999999029484304,4.999998646102831,-4.999997884768447,4.999999120876999,-4.999999408365911,4.999999996482423,-4.99999928988244
99.0,194.0,129.88377380371094,4.99999845435724,-4.999984956594151,4.999985248757297,4.999999866499774,4.999996596523207,-4.999999993652682,4.999999464104575,-4.999999373117825,4.999999985086723,-4.999998425206087
99.0,194.0,129.8837890625,4.999981850209472,-4.999999998130904,4.999988966290507,4.999997870349088,4.999999868891989,-4.999999088914093,4.999998415473266,-4.999998963991467,4.9999994996495545,-4.999996785506391
99.0,194.0,129.88377380371094,4.999995436441087,-4.999992620218743,4.999986588414791,4.999997169233447,4.999993920083465,-4.999999998740955,4.99999948472094,-4.999997729375718,4.999999998806355,-4.999999805310114
99.0,194.0,129.8837432861328,4.999998430283307,-4.9999997698622085,4.999999986944797,4.999990200458945,4.999999634207972,-4.999997940656821,4.999999999986261,-4.999998550738997,4.999999805501197,-4.999999550634783
99.0,194.0,129.88380432128906,4.999999762349036,-4.99999896719388,4.99998911776364,4.99999445961712,4.999999871009374,-4.999999083227609,4.99999993591256,-4.999999876694293,4.999997858618768,-4.999994680330756
99.0,194.0,129.8837890625,4.999961653369729,-4.999989670074555,4.999998242418895,4.999999374444145,4.9999975285511695,-4.999997078827686,4.999999091538767,-4.999999159568244,4.999998777401067,-4.999999775209613
99.0,194.0,129.88375854492188,4.999980898018521,-4.999999349018677,4.999996497122751,4.999998583637551,4.9999992505260415,-4.999999183605906,4.999999999922006,-4.99999999573577,4.999999900063376,-4.999997516104264
99.0,194.0,129.88377380371094,4.999998495593903,-4.99998822574058,4.999995550713749,4.999999830615086,4.999995680492743,-4.999998585549417,4.999999265961817,-4.999996534871665,4.999999257979577,-4.999999923270936
99.0,194.0,129.88375854492188,4.999989504895348,-4.999989988152829,4.999986904048164,4.9999998652753685,4.99999392486422,-4.999999995273519,4.999999361397007,-4.999999313850051,4.999999990861127,-4.999999911878309
99.0,194.0,129.8837432861328,4.999987521708397,-4.999984509082389,4.99999671892575,4.999999962717195,4.999999858290261,-4.999999256567207,4.999999730789698,-4.999999990140145,4.999999725331854,-4.999999907892356
99.0,194.0,129.88380432128906,4.999993456091214,-4.99999952760003,4.999965700983122,4.999996922515732,4.999998339769213,-4.999997549131493,4.999999276246746,-4.999997198726691,4.999999385077572,-4.999999996254531
99.0,194.0,129.88377380371094,4.999972180228978,-4.999998428187425,4.99999673680487,4.999998998084845,4.999998654462836,-4.9999977576153904,4.999999994416712,-4.999999404216879,4.999999968384251,-4.999997677192257
99.0,194.0,129.88377380371094,4.99999398731526,-4.999985096685808,4.9999791343344615,4.999998354067227,4.9999987358649625,-4.999999987952502,4.999999917508923,-4.9999993865565,4.999999012223739,-4.999999067635006
99.0,194.0,129.8837890625,4.999999368325972,-4.999994087573059,4.999974786363766,4.999999974629865,4.999998360585352,-4.999999949415196,4.999999412106533,-4.999999966965866,4.9999983573347855,-4.999997826671004
99.0,194.0,129.8837890625,4.999987394378361,-4.999994468857736,4.999994454648252,4.999999848754391,4.999993940286113,-4.999999991891461,4.99999999790414,-4.999996189548802,4.999999782027746,-4.999998459838443
99.0,194.0,129.88377380371094,4.999985193305204,-4.99999999823373,4.999987417997151,4.999999996674142,4.999999874967886,-4.999999270142455,4.999998061006474,-4.99999727745306,4.999999143995668,-4.999999062747914
99.0,194.0,129.88377380371094,4.999986985614024,-4.999999112838565,4.999979352986678,4.999999487249639,4.999998856639727,-4.999998186272133,4.999999638660476,-4.999998948143019,4.9999997920641945,-4.999999970424678
99.0,194.0,129.8837890625,4.99998207162283,-4.999993776548006,4.99999300630727,4.999998644055512,4.999999701450157,-4.9999998422602445,4.999999991151608,-4.999999971558644,4.999999233076034,-4.9999956931867455
99.0,194.0,129.8837890625,4.999967044570493,-4.999996323075783,4.999991032205776,4.999997027197448,4.999999053081019,-4.9999969545835095,4.9999967826113725,-4.999999999968807,4.99999999806021,-4.999999123729995
99.0,194.0,129.88375854492188,4.999989299416706,-4.99998371546549,4.9999998617249375,4.9999938529498,4.999995947337126,-4.999999831942486,4.9999999971501845,-4.999998492371954,4.9999999368336,-4.999999848150194
99.0,194.0,129.88375854492188,4.999999821879261,-4.999992415375935,4.999984425884272,4.99999993991346,4.999998785296819,-4.999999359285544,4.999999569954614,-4.999999496139745,4.999999388489222,-4.999998596890582
99.0,194.0,129.88377380371094,4.999999983371257,-4.999971595111092,4.999984791917702,4.999997750016162,4.999999882130307,-4.9999978872460495,4.999999994215063,-4.999999968878308,4.999999990933565,-4.999998945710898
99.0,194.0,129.88380432128906,4.999981352120029,-4.99999841113735,4.9999999712724845,4.999998926937745,4.999997395608674,-4.99999895906258,4.999999985586275,-4.999998576385261,4.999999740794167,-4.999993546887443
99.0,194.0,129.88377380371094,4.999982275832082,-4.999996298229247,4.999978952108842,4.999999935741331,4.999996026705308,-4.999999884633303,4.999999831241456,-4.999999345833782,4.999999520781348,-4.999999888388789
99.0,194.0,129.88375854492188,4.999980719310617,-4.999999107549854,4.999996744641026,4.999994634845445,4.999999773762484,-4.999997248412511,4.999999998921687,-4.999999391393748,4.999999969660076,-4.999999694164412
99.0,194.0,129.88375854492188,4.999987886046605,-4.999987937811154,4.999991049748696,4.999998827621644,4.999999880063356,-4.999999682075026,4.9999999970316615,-4.999999959085672,4.999999423995784,-4.999998403501732
99.0,194.0,129.88375854492188,4.999999981013272,-4.999982191750825,4.999996523197591,4.999993469281545,4.999998876389345,-4.999999401808295,4.999999992561332,-4.999999731703978,4.999999388906131,-4.999999723061936
99.0,194.0,129.88380432128906,4.999952439625316,-4.999983527249436,4.999993632536366,4.999999856717854,4.999999953777838,-4.999999414532085,4.999999747462137,-4.999999996036774,4.999999327733046,-4.9999986448758325
99.0,194.0,129.8837890625,4.999992809559824,-4.999998371655874,4.999976376103072,4.999999977517781,4.999994495741007,-4.999998546485667,4.999999981759389,-4.99999901715512,4.9999992575096535,-4.999998970273735
99.0,194.0,129.88375854492188,4.999994175601616,-4.999988791381263,4.99999300126962,4.999994464634012,4.999999944216329,-4.999999828684937,4.999999994110002,-4.999999561548878,4.999999558477178,-4.999998431739442
99.0,194.0,129.8837432861328,4.999999955757793,-4.999973862104751,4.999999144420872,4.999994553561221,4.999998972720068,-4.999999288646996,4.999999988264345,-4.999999622524732,4.999999792300866,-4.999999997997711
99.0,194.0,129.8837890625,4.9999935500334445,-4.999999999704844,4.999999985999571,4.999990261413236,4.99999922514268,-4.999999936982425,4.999999989593292,-4.999999177334091,4.999999592325385,-4.999994562364577
99.0,194.0,129.88377380371094,4.999999489392599,-4.999998069571356,4.999981867756108,4.999999872942414,4.999996043425315,-4.9999996303271885,4.999999584611242,-4.999999337535719,4.999999294984862,-4.999997817271354
99.0,194.0,129.88377380371094,4.999999065175867,-4.999981590815438,4.999978080860872,4.999999876964656,4.999999102520297,-4.999999043066678,4.99999993516521,-4.999999972243101,4.99999792182817,-4.999999904721287
99.0,194.0,129.88375854492188,4.999995103216698,-4.9999822337178825,4.999999431307075,4.999994532801655,4.999995953976928,-4.999999548602297,4.99999999587735,-4.99999850419899,4.999999833124558,-4.999999262578127
99.0,194.0,129.88375854492188,4.999993663559248,-4.999982074418748,4.999998459991329,4.9999943303345615,4.9999985227328745,-4.999999675204987,4.9999996765166514,-4.999999986280148,4.999999984476678,-4.999999317005679
99.0,194.0,129.88375854492188,4.999997099460551,-4.999992186096646,4.999985004822385,4.999999890273522,4.999998446783089,-4.999997911727046,4.999998964673032,-4.999998550559699,4.999999976928362,-4.9999999306776095
99.0,194.0,129.8837432861328,4.999994902999957,-4.999978547969511,4.999998647300461,4.9999994082881365,4.999999568659484,-4.999998223092692,4.9999999748954,-4.999999907948478,4.99999996928735,-4.999998885379632
99.0,194.0,129.8837890625,4.999999441230873,-4.9999907203576335,4.999994243080448,4.9999999999659055,4.999999451313544,-4.999998128713178,4.999999830761898,-4.999999764394211,4.999998268177096,-4.999995850585399
99.0,194.0,129.88377380371094,4.999980356814312,-4.999988950600704,4.999980381196672,4.999997853126696,4.999998337439608,-4.999999979579824,4.99999999933633,-4.999999206467834,4.999999862327316,-4.999999980938435
99.0,194.0,129.88377380371094,4.999978421937113,-4.999993922718101,4.999987019767648,4.999995163414826,4.9999991053539175,-4.999999298904308,4.999999283575376,-4.999999994893043,4.999999821528252,-4.999999653501464
99.0,194.0,129.8837890625,4.99999889710654,-4.999999855787183,4.999988310020617,4.999998014231331,4.999998827451388,-4.9999987132981545,4.999999014296202,-4.999999357157749,4.999999961180379,-4.999994501991015
99.0,194.0,129.88375854492188,4.99998106317498,-4.999999704666365,4.999990362495026,4.999997807386025,4.9999997294628855,-4.999999197221667,4.999999999951991,-4.99999999953267,4.999998809437392,-4.999998331209541
99.0,194.0,129.8837432861328,4.999987849594154,-4.99998846603818,4.99999125683121,4.999998625746169,4.99999995690801,-4.999999684546205,4.99999999927436,-4.999999970749718,4.999999712346173,-4.999999908609285
99.0,194.0,129.88375854492188,4.99999647167026,-4.99999142455149,4.999990977265969,4.999999425333511,4.99999969310801,-4.99999729650299,4.99999955596067,-4.999998325120877,4.999999980240583,-4.9999988457484426
99.0,194.0,129.8837890625,4.999973010031006,-4.999974555574076,4.999995889557625,4.999998981449981,4.999999973101763,-4.999998715265372,4.999999925363459,-4.999999460824997,4.999999527275909,-4.999997937355369
99.0,194.0,129.88375854492188,4.9999999508015085,-4.999977482990422,4.999998117525949,4.999994598576103,4.99999825478072,-4.999999286601648,4.999999964796746,-4.999999878756929,4.999999745485898,-4.999999990977898
99.0,195.0,129.8837432861328,4.999993741131132,-4.999994570761521,4.999994244213025,4.999997710616757,4.9999999221243305,-4.999998970899069,4.999998360982433,-4.999999033014705,4.99999999970647,-4.999999547151891
99.0,195.0,129.8837890625,4.9999994571941375,-4.999985502542965,4.999978616749583,4.99999998544988,4.999999970187612,-4.999998375792126,4.99999899179514,-4.99999999440379,4.999997859141479,-4.99999873746515
99.0,195.0,129.8837432861328,4.999994897217087,-4.99999754251637,4.9999952789812365,4.999999029484304,4.999998646102831,-4.999997884768447,4.999999120876999,-4.999999408365911,4.999999996482423,-4.99999928988244
99.0,195.0,129.88375854492188,4.9999965894905465,-4.999998622064803,4.999983223085493,4.999998861171868,4.999998875276933,-4.999997928660216,4.9999995929471055,-4.999998197942295,4.999999982614376,-4.999999867539976
99.0,195.0,129.8837890625,4.999981850209472,-4.999999998130904,4.999988966290507,4.999997870349088,4.999999868891989,-4.999999088914093,4.999998415473266,-4.999998963991467,4.9999994996495545,-4.999996785506391
99.0,195.0,129.8837432861328,4.999991509330984,-4.999990571411255,4.999991630385245,4.999999975838369,4.9999972902511365,-4.999999998740955,4.999999242170387,-4.9999996241132445,4.999999998806355,-4.999999805310114
99.0,195.0,129.8837432861328,4.999998430283307,-4.9999997698622085,4.999999986944797,4.999990200458945,4.999999634207972,-4.999997940656821,4.999999999986261,-4.999998550738997,4.999999805501197,-4.999999550634783
99.0,195.0,129.88380432128906,4.999999762349036,-4.99999896719388,4.99998911776364,4.99999445961712,4.999999871009374,-4.999999083227609,4.99999993591256,-4.999999876694293,4.999997858618768,-4.999994680330756
99.0,195.0,129.88377380371094,4.999999964728127,-4.999973682796716,4.9999917098964906,4.999994990990006,4.999997667201308,-4.999999953558429,4.999999783361609,-4.999999589184152,4.999999455601172,-4.999999998864943
99.0,195.0,129.88375854492188,4.999980898018521,-4.999999349018677,4.999996497122751,4.999998583637551,4.9999992505260415,-4.999999183605906,4.999999999922006,-4.99999999573577,4.999999900063376,-4.999997516104264
99.0,195.0,129.88377380371094,4.999998495593903,-4.99998822574058,4.999995550713749,4.999999830615086,4.999995680492743,-4.999998585549417,4.999999265961817,-4.999996534871665,4.999999257979577,-4.999999923270936
99.0,195.0,129.88375854492188,4.999989504895348,-4.999989988152829,4.999986904048164,4.9999998652753685,4.99999392486422,-4.999999995273519,4.999999361397007,-4.999999313850051,4.999999990861127,-4.999999911878309
99.0,195.0,129.8837432861328,4.999987521708397,-4.999984509082389,4.99999671892575,4.999999962717195,4.999999858290261,-4.999999256567207,4.999999730789698,-4.999999990140145,4.999999725331854,-4.999999907892356
99.0,195.0,129.88375854492188,4.999993456091214,-4.999995413422933,4.999989441224315,4.999997359444178,4.99999767957722,-4.999999670491457,4.999999999855072,-4.999998911374378,4.999999877294869,-4.9999994508019885
99.0,195.0,129.88377380371094,4.999972180228978,-4.999998428187425,4.99999673680487,4.999998998084845,4.999998654462836,-4.9999977576153904,4.999999994416712,-4.999999404216879,4.999999968384251,-4.999997677192257
99.0,195.0,129.88377380371094,4.99999398731526,-4.999985096685808,4.9999791343344615,4.999998354067227,4.9999987358649625,-4.999999987952502,4.999999917508923,-4.9999993865565,4.999999012223739,-4.999999067635006
99.0,195.0,129.88377380371094,4.999973325260209,-4.999994087573059,4.9999933770920855,4.999998210678822,4.999999731113374,-4.999996602961277,4.999996777791475,-4.999999966965866,4.999999998805182,-4.99999989280963
99.0,195.0,129.8837432861328,4.999984224895858,-4.999999384906318,4.999998859257296,4.999994735776775,4.999999156782222,-4.999996349759222,4.99999999790414,-4.999999116033867,4.999999996875787,-4.999999890002369
99.0,195.0,129.88375854492188,4.999996441538531,-4.99999999823373,4.999993097810097,4.999999622267365,4.999999407305534,-4.999997830897121,4.999999038861351,-4.999999261015086,4.9999981618287865,-4.999999062747914
99.0,195.0,129.88377380371094,4.999986985614024,-4.999999112838565,4.999979352986678,4.999999487249639,4.999998856639727,-4.999998186272133,4.999999638660476,-4.999998948143019,4.9999997920641945,-4.999999970424678
99.0,195.0,129.8837890625,4.99998207162283,-4.999993776548006,4.99999300630727,4.999998644055512,4.999999701450157,-4.9999998422602445,4.999999991151608,-4.999999971558644,4.999999233076034,-4.9999956931867455
99.0,195.0,129.8837890625,4.999967044570493,-4.999996323075783,4.999991032205776,4.999997027197448,4.999999053081019,-4.9999969545835095,4.9999967826113725,-4.999999999968807,4.99999999806021,-4.999999123729995
99.0,195.0,129.8837432861328,4.999988683986047,-4.9999937805166885,4.999996082606867,4.999997390845893,4.999995947337126,-4.999999385372007,4.999999999998502,-4.999999995226222,4.999998890911605,-4.999999848150194
99.0,195.0,129.88375854492188,4.999999821879261,-4.999992415375935,4.999984425884272,4.99999993991346,4.999998785296819,-4.999999359285544,4.999999569954614,-4.999999496139745,4.999999388489222,-4.999998596890582
99.0,195.0,129.88377380371094,4.999999983371257,-4.999971595111092,4.999984791917702,4.999997750016162,4.999999882130307,-4.9999978872460495,4.999999994215063,-4.999999968878308,4.999999990933565,-4.999998945710898
99.0,195.0,129.8837890625,4.999990927676811,-4.999992920111524,4.999990365882461,4.99999999721948,4.999998744909625,-4.99999989280674,4.999997973728524,-4.999997489940464,4.9999992405069325,-4.999998290138619
99.0,195.0,129.88377380371094,4.999982275832082,-4.999996298229247,4.999978952108842,4.999999935741331,4.999996026705308,-4.999999884633303,4.999999831241456,-4.999999345833782,4.999999520781348,-4.999999888388789
99.0,195.0,129.88375854492188,4.999980719310617,-4.999999107549854,4.999996744641026,4.999994634845445,4.999999773762484,-4.999997248412511,4.999999998921687,-4.999999391393748,4.999999969660076,-4.999999694164412
99.0,195.0,129.88375854492188,4.999987886046605,-4.999987937811154,4.999991049748696,4.999998827621644,4.999999880063356,-4.999999682075026,4.9999999970316615,-4.999999959085672,4.999999423995784,-4.999998403501732
99.0,195.0,129.8837432861328,4.999983995005496,-4.999989468116723,4.999996523197591,4.999999571446211,4.999999931317672,-4.999999987293965,4.999999742979178,-4.999999995680302,4.999999596861265,-4.999999723061936
99.0,195.0,129.8837890625,4.999999307215151,-4.999974260612016,4.999986661084579,4.999995745411129,4.999999953777838,-4.999996590322183,4.999999747462137,-4.999999678795859,4.999999999280111,-4.999999238039574
99.0,195.0,129.88375854492188,4.999985480010486,-4.99999616541737,4.999995558138485,4.999993435077138,4.999999992693404,-4.99999943046943,4.999999997122339,-4.9999998747563,4.999998970652513,-4.999998384741169
99.0,195.0,129.8837432861328,4.9999982275838,-4.999995330012249,4.99999300126962,4.999999945864733,4.999995601076537,-4.9999996989006,4.999999925092992,-4.9999993339369455,4.99999881782891,-4.9999999520070775
99.0,195.0,129.8837432861328,4.999999955757793,-4.999973862104751,4.999999144420872,4.999994553561221,4.999998972720068,-4.999999288646996,4.999999988264345,-4.999999622524732,4.999999792300866,-4.999999997997711
99.0,195.0,129.88377380371094,4.999992589689532,-4.999983037125348,4.9999852778747975,4.99999997048814,4.999995156205014,-4.999999998517978,4.999999233998719,-4.999999528251135,4.999999983129971,-4.999999979777869
99.0,195.0,129.88377380371094,4.999999489392599,-4.999998069571356,4.999981867756108,4.999999872942414,4.999996043425315,-4.9999996303271885,4.999999584611242,-4.999999337535719,4.999999294984862,-4.999997817271354
99.0,195.0,129.88377380371094,4.999999065175867,-4.999981590815438,4.999978080860872,4.999999876964656,4.999999102520297,-4.999999043066678,4.99999993516521,-4.999999972243101,4.99999792182817,-4.999999904721287
99.0,195.0,129.88375854492188,4.999995103216698,-4.9999822337178825,4.999999431307075,4.999994532801655,4.999995953976928,-4.999999548602297,4.99999999587735,-4.99999850419899,4.999999833124558,-4.999999262578127
99.0,195.0,129.8837432861328,4.999999179058077,-4.999993631308753,4.999999997115577,4.999987010722522,4.999999933199378,-4.999997645615238,4.999999997314857,-4.999999986280148,4.9999996089403895,-4.999999763783011
99.0,195.0,129.88375854492188,4.999997099460551,-4.999992186096646,4.999985004822385,4.999999890273522,4.999998446783089,-4.999997911727046,4.999998964673032,-4.999998550559699,4.999999976928362,-4.9999999306776095
99.0,195.0,129.8837432861328,4.999994902999957,-4.999978547969511,4.999998647300461,4.9999994082881365,4.999999568659484,-4.999998223092692,4.9999999748954,-4.999999907948478,4.99999996928735,-4.999998885379632
99.0,195.0,129.88377380371094,4.999998270858668,-4.999986766163595,4.999991113132225,4.999999825898902,4.999998210302966,-4.999998128713178,4.99999962850308,-4.999996888373754,4.9999996109891605,-4.999999162442691
99.0,195.0,129.88377380371094,4.999980356814312,-4.999988950600704,4.999980381196672,4.999997853126696,4.999998337439608,-4.999999979579824,4.99999999933633,-4.999999206467834,4.999999862327316,-4.999999980938435
99.0,195.0,129.88377380371094,4.999978421937113,-4.999993922718101,4.999987019767648,4.999995163414826,4.9999991053539175,-4.999999298904308,4.999999283575376,-4.999999994893043,4.999999821528252,-4.999999653501464
99.0,195.0,129.8837890625,4.99999889710654,-4.999999855787183,4.999988310020617,4.999998014231331,4.999998827451388,-4.9999987132981545,4.999999014296202,-4.999999357157749,4.999999961180379,-4.999994501991015
99.0,195.0,129.88375854492188,4.99998106317498,-4.999999704666365,4.999990362495026,4.999997807386025,4.9999997294628855,-4.999999197221667,4.999999999951991,-4.99999999953267,4.999998809437392,-4.999998331209541
99.0,195.0,129.8837432861328,4.999987849594154,-4.99998846603818,4.99999125683121,4.999998625746169,4.99999995690801,-4.999999684546205,4.99999999927436,-4.999999970749718,4.999999712346173,-4.999999908609285
99.0,195.0,129.88375854492188,4.99999647167026,-4.99999142455149,4.999990977265969,4.999999425333511,4.99999969310801,-4.99999729650299,4.99999955596067,-4.999998325120877,4.999999980240583,-4.9999988457484426
99.0,195.0,129.8837890625,4.999973010031006,-4.999974555574076,4.999995889557625,4.999998981449981,4.999999973101763,-4.999998715265372,4.999999925363459,-4.999999460824997,4.999999527275909,-4.999997937355369
99.0,195.0,129.88375854492188,4.9999999508015085,-4.999977482990422,4.999998117525949,4.999994598576103,4.99999825478072,-4.999999286601648,4.999999964796746,-4.999999878756929,4.999999745485898,-4.999999990977898
99.0,196.0,129.8837432861328,4.999993741131132,-4.999994570761521,4.999994244213025,4.999997710616757,4.9999999221243305,-4.999998970899069,4.999998360982433,-4.999999033014705,4.99999999970647,-4.999999547151891
99.0,196.0,129.8837432861328,4.999980927783634,-4.999996073109704,4.999994151183067,4.999999093747018,4.999998707669764,-4.999999321634874,4.999999816943033,-4.99999999440379,4.999999969578377,-4.999999474384177
99.0,196.0,129.8837432861328,4.999994897217087,-4.99999754251637,4.9999952789812365,4.999999029484304,4.999998646102831,-4.999997884768447,4.999999120876999,-4.999999408365911,4.999999996482423,-4.99999928988244
99.0,196.0,129.88375854492188,4.9999965894905465,-4.999998622064803,4.999983223085493,4.999998861171868,4.999998875276933,-4.999997928660216,4.9999995929471055,-4.999998197942295,4.999999982614376,-4.999999867539976
99.0,196.0,129.88375854492188,4.999989130168849,-4.999997102481795,4.999983734337506,4.999997328705104,4.999996320475061,-4.999999666404738,4.999999999917928,-4.999999839321037,4.99999998096315,-4.9999997661405615
99.0,196.0,129.8837432861328,4.999991509330984,-4.999990571411255,4.999991630385245,4.999999975838369,4.9999972902511365,-4.999999998740955,4.999999242170387,-4.9999996241132445,4.999999998806355,-4.999999805310114
99.0,196.0,129.8837432861328,4.999998430283307,-4.9999997698622085,4.999999986944797,4.999990200458945,4.999999634207972,-4.999997940656821,4.999999999986261,-4.999998550738997,4.999999805501197,-4.999999550634783
99.0,196.0,129.8837890625,4.999967876790564,-4.999998830489215,4.999996867339478,4.999998357265936,4.999999322596767,-4.999997351781584,4.999999995461925,-4.999999745159739,4.999999922985375,-4.999996479305235
99.0,196.0,129.88377380371094,4.999999964728127,-4.999973682796716,4.9999917098964906,4.999994990990006,4.999997667201308,-4.999999953558429,4.999999783361609,-4.999999589184152,4.999999455601172,-4.999999998864943
99.0,196.0,129.88375854492188,4.999980898018521,-4.999999349018677,4.999996497122751,4.999998583637551,4.9999992505260415,-4.999999183605906,4.999999999922006,-4.99999999573577,4.999999900063376,-4.999997516104264
99.0,196.0,129.88375854492188,4.999971048163118,-4.999990610286332,4.999998107411873,4.999997922097951,4.99999953034931,-4.999996526611559,4.999999265961817,-4.99999992373821,4.99999999908835,-4.999999966766871
99.0,196.0,129.88375854492188,4.999989504895348,-4.999989988152829,4.999986904048164,4.9999998652753685,4.99999392486422,-4.999999995273519,4.999999361397007,-4.999999313850051,4.999999990861127,-4.999999911878309
99.0,196.0,129.8837432861328,4.999987521708397,-4.999984509082389,4.99999671892575,4.999999962717195,4.999999858290261,-4.999999256567207,4.999999730789698,-4.999999990140145,4.999999725331854,-4.999999907892356
99.0,196.0,129.88375854492188,4.999993456091214,-4.999995413422933,4.999989441224315,4.999997359444178,4.99999767957722,-4.999999670491457,4.999999999855072,-4.999998911374378,4.999999877294869,-4.9999994508019885
99.0,196.0,129.88377380371094,4.999972180228978,-4.999998428187425,4.99999673680487,4.999998998084845,4.999998654462836,-4.9999977576153904,4.999999994416712,-4.999999404216879,4.999999968384251,-4.999997677192257
99.0,196.0,129.88375854492188,4.99999398731526,-4.999990011276195,4.999993500933307,4.999996700708898,4.9999999666137285,-4.999999987952502,4.999998568344977,-4.999998967480762,4.9999999999347695,-4.999999633520475
99.0,196.0,129.88375854492188,4.9999883877978615,-4.999984908418211,4.99999160290116,4.999999976459867,4.99999700686854,-4.999999987965222,4.999999424216838,-4.999999956908454,4.999999607461791,-4.999999831918885
99.0,196.0,129.8837432861328,4.999984224895858,-4.999999384906318,4.999998859257296,4.999994735776775,4.999999156782222,-4.999996349759222,4.99999999790414,-4.999999116033867,4.999999996875787,-4.999999890002369
99.0,196.0,129.88375854492188,4.999996441538531,-4.99999999823373,4.999993097810097,4.999999622267365,4.999999407305534,-4.999997830897121,4.999999038861351,-4.999999261015086,4.9999981618287865,-4.999999062747914
99.0,196.0,129.88377380371094,4.999986985614024,-4.999999112838565,4.999979352986678,4.999999487249639,4.999998856639727,-4.999998186272133,4.999999638660476,-4.999998948143019,4.9999997920641945,-4.999999970424678
99.0,196.0,129.88377380371094,4.999984239290014,-4.999994300383754,4.999990678176234,4.99999795101305,4.999999950889265,-4.9999998422602445,4.999998326181164,-4.9999985130486575,4.999999233076034,-4.999998504958383
99.0,196.0,129.88372802734375,4.999998757639762,-4.9999908239574005,4.999999074842162,4.999997234985869,4.999999468989845,-4.999997489666261,4.999999975759371,-4.999999873232854,4.999999981307004,-4.999999123729995
99.0,196.0,129.8837432861328,4.999988683986047,-4.9999937805166885,4.999996082606867,4.999997390845893,4.999995947337126,-4.999999385372007,4.999999999998502,-4.999999995226222,4.999998890911605,-4.999999848150194
99.0,196.0,129.88375854492188,4.999999821879261,-4.999992415375935,4.999984425884272,4.99999993991346,4.999998785296819,-4.999999359285544,4.999999569954614,-4.999999496139745,4.999999388489222,-4.999998596890582
99.0,196.0,129.88375854492188,4.999985504616431,-4.999998139221102,4.999998908717502,4.999999894360642,4.999995569160511,-4.999998591868964,4.999997781126486,-4.999996678956668,4.999999990933565,-4.999999976702584
99.0,196.0,129.8837890625,4.999990927676811,-4.999992920111524,4.999990365882461,4.99999999721948,4.999998744909625,-4.99999989280674,4.999997973728524,-4.999997489940464,4.9999992405069325,-4.999998290138619
99.0,196.0,129.88377380371094,4.999982275832082,-4.999996298229247,4.999978952108842,4.999999935741331,4.999996026705308,-4.999999884633303,4.999999831241456,-4.999999345833782,4.999999520781348,-4.999999888388789
99.0,196.0,129.88375854492188,4.999980719310617,-4.999999107549854,4.999996744641026,4.999994634845445,4.999999773762484,-4.999997248412511,4.999999998921687,-4.999999391393748,4.999999969660076,-4.999999694164412
99.0,196.0,129.88375854492188,4.999987886046605,-4.999987937811154,4.999991049748696,4.999998827621644,4.999999880063356,-4.999999682075026,4.9999999970316615,-4.999999959085672,4.999999423995784,-4.999998403501732
99.0,196.0,129.8837432861328,4.999983995005496,-4.999989468116723,4.999996523197591,4.999999571446211,4.999999931317672,-4.999999987293965,4.999999742979178,-4.999999995680302,4.999999596861265,-4.999999723061936
99.0,196.0,129.8837890625,4.999999307215151,-4.999974260612016,4.999986661084579,4.999995745411129,4.999999953777838,-4.999996590322183,4.999999747462137,-4.999999678795859,4.999999999280111,-4.999999238039574
99.0,196.0,129.88375854492188,4.999985480010486,-4.99999616541737,4.999995558138485,4.999993435077138,4.999999992693404,-4.99999943046943,4.999999997122339,-4.9999998747563,4.999998970652513,-4.999998384741169
99.0,196.0,129.8837432861328,4.9999982275838,-4.999995330012249,4.99999300126962,4.999999945864733,4.999995601076537,-4.9999996989006,4.999999925092992,-4.9999993339369455,4.99999881782891,-4.9999999520070775
99.0,196.0,129.8837432861328,4.999999955757793,-4.999973862104751,4.999999144420872,4.999994553561221,4.999998972720068,-4.999999288646996,4.999999988264345,-4.999999622524732,4.999999792300866,-4.999999997997711
99.0,196.0,129.88377380371094,4.999992589689532,-4.999983037125348,4.9999852778747975,4.99999997048814,4.999995156205014,-4.999999998517978,4.999999233998719,-4.999999528251135,4.999999983129971,-4.999999979777869
99.0,196.0,129.88377380371094,4.999999489392599,-4.999998069571356,4.999981867756108,4.999999872942414,4.999996043425315,-4.9999996303271885,4.999999584611242,-4.999999337535719,4.999999294984862,-4.999997817271354
99.0,196.0,129.88377380371094,4.999999065175867,-4.999981590815438,4.999978080860872,4.999999876964656,4.999999102520297,-4.999999043066678,4.99999993516521,-4.999999972243101,4.99999792182817,-4.999999904721287
99.0,196.0,129.88375854492188,4.999995103216698,-4.9999822337178825,4.999999431307075,4.999994532801655,4.999995953976928,-4.999999548602297,4.99999999587735,-4.99999850419899,4.999999833124558,-4.999999262578127
99.0,196.0,129.8837432861328,4.999999179058077,-4.999993631308753,4.999999997115577,4.999987010722522,4.999999933199378,-4.999997645615238,4.999999997314857,-4.999999986280148,4.9999996089403895,-4.999999763783011
99.0,196.0,129.8837432861328,4.999980647443122,-4.999991750896365,4.999998516871036,4.999998068777956,4.999999850399549,-4.999999919645989,4.999999375169272,-4.9999999822898085,4.999999241622081,-4.9999999306776095
99.0,196.0,129.8837432861328,4.999994902999957,-4.999978547969511,4.999998647300461,4.9999994082881365,4.999999568659484,-4.999998223092692,4.9999999748954,-4.999999907948478,4.99999996928735,-4.999998885379632
99.0,196.0,129.88375854492188,4.999990598682516,-4.999986766163595,4.999997580822864,4.999997991170572,4.999996960973789,-4.999996483974807,4.999999961889467,-4.999998845624189,4.999999920463986,-4.999999984758365
99.0,196.0,129.88375854492188,4.999989116607295,-4.999993336220037,4.999996486478378,4.999995613538788,4.99999646911612,-4.999999570336734,4.999999999998951,-4.999999206467834,4.999997839630799,-4.999999937320065
99.0,196.0,129.88377380371094,4.999978421937113,-4.999993922718101,4.999987019767648,4.999995163414826,4.9999991053539175,-4.999999298904308,4.999999283575376,-4.999999994893043,4.999999821528252,-4.999999653501464
99.0,196.0,129.88377380371094,4.999988472848759,-4.999985151575819,4.999989304340955,4.999998857830624,4.999999984021808,-4.99999973002364,4.999999992646462,-4.999999946997109,4.999999090502113,-4.999997492042973
99.0,196.0,129.88375854492188,4.99998106317498,-4.999999704666365,4.999990362495026,4.999997807386025,4.9999997294628855,-4.999999197221667,4.999999999951991,-4.99999999953267,4.999998809437392,-4.999998331209541
99.0,196.0,129.8837432861328,4.999987849594154,-4.99998846603818,4.99999125683121,4.999998625746169,4.99999995690801,-4.999999684546205,4.99999999927436,-4.999999970749718,4.999999712346173,-4.999999908609285
99.0,196.0,129.88375854492188,4.99999647167026,-4.99999142455149,4.999990977265969,4.999999425333511,4.99999969310801,-4.99999729650299,4.99999955596067,-4.999998325120877,4.999999980240583,-4.9999988457484426
99.0,196.0,129.8837890625,4.999973010031006,-4.999974555574076,4.999995889557625,4.999998981449981,4.999999973101763,-4.999998715265372,4.999999925363459,-4.999999460824997,4.999999527275909,-4.999997937355369
99.0,196.0,129.88375854492188,4.9999999508015085,-4.999977482990422,4.999998117525949,4.999994598576103,4.99999825478072,-4.999999286601648,4.999999964796746,-4.999999878756929,4.999999745485898,-4.999999990977898
99.0,197.0,129.8837432861328,4.999993741131132,-4.999994570761521,4.999994244213025,4.999997710616757,4.9999999221243305,-4.999998970899069,4.999998360982433,-4.999999033014705,4.99999999970647,-4.999999547151891
99.0,197.0,129.8837432861328,4.999980927783634,-4.999996073109704,4.999994151183067,4.999999093747018,4.999998707669764,-4.999999321634874,4.999999816943033,-4.99999999440379,4.999999969578377,-4.999999474384177
99.0,197.0,129.8837432861328,4.999994897217087,-4.99999754251637,4.9999952789812365,4.999999029484304,4.999998646102831,-4.999997884768447,4.999999120876999,-4.999999408365911,4.999999996482423,-4.99999928988244
99.0,197.0,129.88375854492188,4.9999965894905465,-4.999998622064803,4.999983223085493,4.999998861171868,4.999998875276933,-4.999997928660216,4.9999995929471055,-4.999998197942295,4.999999982614376,-4.999999867539976
99.0,197.0,129.88375854492188,4.999989130168849,-4.999997102481795,4.999983734337506,4.999997328705104,4.999996320475061,-4.999999666404738,4.999999999917928,-4.999999839321037,4.99999998096315,-4.9999997661405615
99.0,197.0,129.8837432861328,4.999991509330984,-4.999990571411255,4.999991630385245,4.999999975838369,4.9999972902511365,-4.999999998740955,4.999999242170387,-4.9999996241132445,4.999999998806355,-4.999999805310114
99.0,197.0,129.8837432861328,4.999998430283307,-4.9999997698622085,4.999999986944797,4.999990200458945,4.999999634207972,-4.999997940656821,4.999999999986261,-4.999998550738997,4.999999805501197,-4.999999550634783
99.0,197.0,129.88375854492188,4.999986054947246,-4.999992718466728,4.999999660005729,4.9999986010109545,4.999998815275895,-4.999999240548243,4.999999701300638,-4.999999999488245,4.999999968029166,-4.999997561798804
99.0,197.0,129.88377380371094,4.999999964728127,-4.999973682796716,4.9999917098964906,4.999994990990006,4.999997667201308,-4.999999953558429,4.999999783361609,-4.999999589184152,4.999999455601172,-4.999999998864943
99.0,197.0,129.88375854492188,4.999980898018521,-4.999999349018677,4.999996497122751,4.999998583637551,4.9999992505260415,-4.999999183605906,4.999999999922006,-4.99999999573577,4.999999900063376,-4.999997516104264
99.0,197.0,129.8837432861328,4.9999954957626205,-4.999990610286332,4.999996754070951,4.999995198771126,4.99999953034931,-4.999999698751333,4.999998823950131,-4.999999341885626,4.9999999999034594,-4.999999966766871
99.0,197.0,129.88375854492188,4.999989504895348,-4.999989988152829,4.999986904048164,4.9999998652753685,4.99999392486422,-4.999999995273519,4.999999361397007,-4.999999313850051,4.999999990861127,-4.999999911878309
99.0,197.0,129.8837432861328,4.999987521708397,-4.999984509082389,4.99999671892575,4.999999962717195,4.999999858290261,-4.999999256567207,4.999999730789698,-4.999999990140145,4.999999725331854,-4.999999907892356
99.0,197.0,129.88375854492188,4.999993456091214,-4.999995413422933,4.999989441224315,4.999997359444178,4.99999767957722,-4.999999670491457,4.999999999855072,-4.999998911374378,4.999999877294869,-4.9999994508019885
99.0,197.0,129.8837432861328,4.999992489295257,-4.999999481782292,4.99999673680487,4.999997313718286,4.999995475887761,-4.999999516484561,4.999999999933963,-4.999999694232888,4.999999390474427,-4.999999839489044
99.0,197.0,129.88375854492188,4.99999398731526,-4.999990011276195,4.999993500933307,4.999996700708898,4.9999999666137285,-4.999999987952502,4.999998568344977,-4.999998967480762,4.9999999999347695,-4.999999633520475
99.0,197.0,129.88375854492188,4.9999883877978615,-4.999984908418211,4.99999160290116,4.999999976459867,4.99999700686854,-4.999999987965222,4.999999424216838,-4.999999956908454,4.999999607461791,-4.999999831918885
99.0,197.0,129.8837432861328,4.999984224895858,-4.999999384906318,4.999998859257296,4.999994735776775,4.999999156782222,-4.999996349759222,4.99999999790414,-4.999999116033867,4.999999996875787,-4.999999890002369
99.0,197.0,129.88375854492188,4.999996441538531,-4.99999999823373,4.999993097810097,4.999999622267365,4.999999407305534,-4.999997830897121,4.999999038861351,-4.999999261015086,4.9999981618287865,-4.999999062747914
99.0,197.0,129.88377380371094,4.999986985614024,-4.999999112838565,4.999979352986678,4.999999487249639,4.999998856639727,-4.999998186272133,4.999999638660476,-4.999998948143019,4.9999997920641945,-4.999999970424678
99.0,197.0,129.88377380371094,4.999984239290014,-4.999994300383754,4.999990678176234,4.99999795101305,4.999999950889265,-4.9999998422602445,4.999998326181164,-4.9999985130486575,4.999999233076034,-4.999998504958383
99.0,197.0,129.88372802734375,4.999998757639762,-4.9999908239574005,4.999999074842162,4.999997234985869,4.999999468989845,-4.999997489666261,4.999999975759371,-4.999999873232854,4.999999981307004,-4.999999123729995
99.0,197.0,129.88372802734375,4.9999996800155895,-4.999995501792909,4.999997429816906,4.999997390845893,4.999998392452298,-4.999999315821043,4.999999621610611,-4.999998667098746,4.999999820074336,-4.999999606207634
99.0,197.0,129.88375854492188,4.999999821879261,-4.999992415375935,4.999984425884272,4.99999993991346,4.999998785296819,-4.999999359285544,4.999999569954614,-4.999999496139745,4.999999388489222,-4.999998596890582
99.0,197.0,129.88375854492188,4.999985504616431,-4.999998139221102,4.999998908717502,4.999999894360642,4.999995569160511,-4.999998591868964,4.999997781126486,-4.999996678956668,4.999999990933565,-4.999999976702584
99.0,197.0,129.88375854492188,4.99999365023524,-4.99999373938933,4.999984650009209,4.999999485312468,4.99999640745127,-4.999999882959849,4.999999680554099,-4.999998965065487,4.999999992538123,-4.99999943808111
99.0,197.0,129.88377380371094,4.999982275832082,-4.999996298229247,4.999978952108842,4.999999935741331,4.999996026705308,-4.999999884633303,4.999999831241456,-4.999999345833782,4.999999520781348,-4.999999888388789
99.0,197.0,129.88375854492188,4.999980719310617,-4.999999107549854,4.999996744641026,4.999994634845445,4.999999773762484,-4.999997248412511,4.999999998921687,-4.999999391393748,4.999999969660076,-4.999999694164412
99.0,197.0,129.88375854492188,4.999987886046605,-4.999987937811154,4.999991049748696,4.999998827621644,4.999999880063356,-4.999999682075026,4.9999999970316615,-4.999999959085672,4.999999423995784,-4.999998403501732
99.0,197.0,129.8837432861328,4.999983995005496,-4.999989468116723,4.999996523197591,4.999999571446211,4.999999931317672,-4.999999987293965,4.999999742979178,-4.999999995680302,4.999999596861265,-4.999999723061936
99.0,197.0,129.88377380371094,4.99998654990861,-4.999991798136912,4.9999859139377,4.999999775630631,4.999995033264728,-4.999999570120706,4.999999085746352,-4.999999016201095,4.999999999265663,-4.999999982989729
99.0,197.0,129.88375854492188,4.999985480010486,-4.99999616541737,4.999995558138485,4.999993435077138,4.999999992693404,-4.99999943046943,4.999999997122339,-4.9999998747563,4.999998970652513,-4.999998384741169
99.0,197.0,129.88372802734375,4.99999548706537,-4.999986682161174,4.99999999608879,4.999998535056081,4.999999316603525,-4.999997610293136,4.999999986252303,-4.9999993339369455,4.999999971515908,-4.9999999520070775
99.0,197.0,129.8837432861328,4.999999955757793,-4.999973862104751,4.999999144420872,4.999994553561221,4.999998972720068,-4.999999288646996,4.999999988264345,-4.999999622524732,4.999999792300866,-4.999999997997711
99.0,197.0,129.88375854492188,4.999997972164422,-4.999991386731808,4.9999852778747975,4.99999512888752,4.999999322774867,-4.999999673134884,4.999999928465774,-4.999999802856704,4.999999906090171,-4.999999592276213
99.0,197.0,129.88377380371094,4.999999489392599,-4.999998069571356,4.999981867756108,4.999999872942414,4.999996043425315,-4.9999996303271885,4.999999584611242,-4.999999337535719,4.999999294984862,-4.999997817271354
99.0,197.0,129.88375854492188,4.999991461511376,-4.999998146536331,4.999991575177297,4.999999169603334,4.999997176705463,-4.999999487346314,4.999999967460966,-4.999999665725128,4.9999997063066814,-4.999998556269123
99.0,197.0,129.88375854492188,4.999995103216698,-4.9999822337178825,4.999999431307075,4.999994532801655,4.999995953976928,-4.999999548602297,4.99999999587735,-4.99999850419899,4.999999833124558,-4.999999262578127
99.0,197.0,129.8837432861328,4.999999179058077,-4.999993631308753,4.999999997115577,4.999987010722522,4.999999933199378,-4.999997645615238,4.999999997314857,-4.999999986280148,4.9999996089403895,-4.999999763783011
99.0,197.0,129.8837432861328,4.999980647443122,-4.999991750896365,4.999998516871036,4.999998068777956,4.999999850399549,-4.999999919645989,4.999999375169272,-4.9999999822898085,4.999999241622081,-4.9999999306776095
99.0,197.0,129.8837432861328,4.999994902999957,-4.999978547969511,4.999998647300461,4.9999994082881365,4.999999568659484,-4.999998223092692,4.9999999748954,-4.999999907948478,4.99999996928735,-4.999998885379632
99.0,197.0,129.88375854492188,4.999990598682516,-4.999986766163595,4.999997580822864,4.999997991170572,4.999996960973789,-4.999996483974807,4.999999961889467,-4.999998845624189,4.999999920463986,-4.999999984758365
99.0,197.0,129.88375854492188,4.999989116607295,-4.999993336220037,4.999996486478378,4.999995613538788,4.99999646911612,-4.999999570336734,4.999999999998951,-4.999999206467834,4.999997839630799,-4.999999937320065
99.0,197.0,129.88377380371094,4.999978421937113,-4.999993922718101,4.999987019767648,4.999995163414826,4.9999991053539175,-4.999999298904308,4.999999283575376,-4.999999994893043,4.999999821528252,-4.999999653501464
99.0,197.0,129.8837432861328,4.999988472848759,-4.999999393433682,4.99999789506994,4.999995012991304,4.99999930159761,-4.999996866496479,4.999999875851289,-4.9999991571297,4.999999874898039,-4.999999980848098
99.0,197.0,129.88375854492188,4.99998106317498,-4.999999704666365,4.999990362495026,4.999997807386025,4.9999997294628855,-4.999999197221667,4.999999999951991,-4.99999999953267,4.999998809437392,-4.999998331209541
99.0,197.0,129.8837432861328,4.999987849594154,-4.99998846603818,4.99999125683121,4.999998625746169,4.99999995690801,-4.999999684546205,4.99999999927436,-4.999999970749718,4.999999712346173,-4.999999908609285
99.0,197.0,129.88375854492188,4.99999647167026,-4.99999142455149,4.999990977265969,4.999999425333511,4.99999969310801,-4.99999729650299,4.99999955596067,-4.999998325120877,4.999999980240583,-4.9999988457484426
99.0,197.0,129.88377380371094,4.999963077139406,-4.999987174702113,4.999998945704825,4.999997525900994,4.999999948377748,-4.9999975221044455,4.999999157072899,-4.999999938072063,4.999999628592202,-4.999999998335688
99.0,197.0,129.88375854492188,4.9999999508015085,-4.999977482990422,4.999998117525949,4.999994598576103,4.99999825478072,-4.999999286601648,4.999999964796746,-4.999999878756929,4.999999745485898,-4.999999990977898
99.0,198.0,129.8837432861328,4.999993741131132,-4.999994570761521,4.999994244213025,4.999997710616757,4.9999999221243305,-4.999998970899069,4.999998360982433,-4.999999033014705,4.99999999970647,-4.999999547151891
99.0,198.0,129.8837432861328,4.999980927783634,-4.999996073109704,4.999994151183067,4.999999093747018,4.999998707669764,-4.999999321634874,4.999999816943033,-4.99999999440379,4.999999969578377,-4.999999474384177
99.0,198.0,129.8837432861328,4.999994897217087,-4.99999754251637,4.9999952789812365,4.999999029484304,4.999998646102831,-4.999997884768447,4.999999120876999,-4.999999408365911,4.999999996482423,-4.99999928988244
99.0,198.0,129.8837432861328,4.9999965894905465,-4.9999945768722815,4.9999995926054375,4.999994035434149,4.999999743057482,-4.999995212589138,4.999999999314974,-4.999999110085449,4.999999998391667,-4.999999921811513
99.0,198.0,129.88375854492188,4.999989130168849,-4.999997102481795,4.999983734337506,4.999997328705104,4.999996320475061,-4.999999666404738,4.999999999917928,-4.999999839321037,4.99999998096315,-4.9999997661405615
99.0,198.0,129.8837432861328,4.999991509330984,-4.999990571411255,4.999991630385245,4.999999975838369,4.9999972902511365,-4.999999998740955,4.999999242170387,-4.9999996241132445,4.999999998806355,-4.999999805310114
99.0,198.0,129.8837432861328,4.999998430283307,-4.9999997698622085,4.999999986944797,4.999990200458945,4.999999634207972,-4.999997940656821,4.999999999986261,-4.999998550738997,4.999999805501197,-4.999999550634783
99.0,198.0,129.8837432861328,4.9999996793782,-4.999995274122203,4.999994028767237,4.999999163889876,4.999998720283754,-4.999998746011727,4.999998301907372,-4.999999229176389,4.999999998588646,-4.999999216376179
99.0,198.0,129.88377380371094,4.999999964728127,-4.999973682796716,4.9999917098964906,4.999994990990006,4.999997667201308,-4.999999953558429,4.999999783361609,-4.999999589184152,4.999999455601172,-4.999999998864943
99.0,198.0,129.88375854492188,4.999980898018521,-4.999999349018677,4.999996497122751,4.999998583637551,4.9999992505260415,-4.999999183605906,4.999999999922006,-4.99999999573577,4.999999900063376,-4.999997516104264
99.0,198.0,129.8837432861328,4.9999954957626205,-4.999990610286332,4.999996754070951,4.999995198771126,4.99999953034931,-4.999999698751333,4.999998823950131,-4.999999341885626,4.9999999999034594,-4.999999966766871
99.0,198.0,129.88375854492188,4.999989504895348,-4.999989988152829,4.999986904048164,4.9999998652753685,4.99999392486422,-4.999999995273519,4.999999361397007,-4.999999313850051,4.999999990861127,-4.999999911878309
99.0,198.0,129.8837432861328,4.999987521708397,-4.999984509082389,4.99999671892575,4.999999962717195,4.999999858290261,-4.999999256567207,4.999999730789698,-4.999999990140145,4.999999725331854,-4.999999907892356
99.0,198.0,129.88375854492188,4.999993456091214,-4.999995413422933,4.999989441224315,4.999997359444178,4.99999767957722,-4.999999670491457,4.999999999855072,-4.999998911374378,4.999999877294869,-4.9999994508019885
99.0,198.0,129.8837432861328,4.999992489295257,-4.999999481782292,4.99999673680487,4.999997313718286,4.999995475887761,-4.999999516484561,4.999999999933963,-4.999999694232888,4.999999390474427,-4.999999839489044
99.0,198.0,129.88375854492188,4.99999398731526,-4.999990011276195,4.999993500933307,4.999996700708898,4.9999999666137285,-4.999999987952502,4.999998568344977,-4.999998967480762,4.9999999999347695,-4.999999633520475
99.0,198.0,129.88375854492188,4.9999883877978615,-4.999984908418211,4.99999160290116,4.999999976459867,4.99999700686854,-4.999999987965222,4.999999424216838,-4.999999956908454,4.999999607461791,-4.999999831918885
99.0,198.0,129.8837432861328,4.999984224895858,-4.999999384906318,4.999998859257296,4.999994735776775,4.999999156782222,-4.999996349759222,4.99999999790414,-4.999999116033867,4.999999996875787,-4.999999890002369
99.0,198.0,129.8837432861328,4.999995604878485,-4.999997632301938,4.999991827636331,4.999999700861492,4.999998186355446,-4.999997786822688,4.9999998219042485,-4.999999544503231,4.999999985051545,-4.999998843771694
99.0,198.0,129.88375854492188,4.999986985614024,-4.999975669747762,4.999999701075877,4.999999487249639,4.999999226184576,-4.999999338832371,4.999999992214776,-4.999999570111374,4.9999997313154685,-4.999999731903841
99.0,198.0,129.88377380371094,4.999984239290014,-4.999994300383754,4.999990678176234,4.99999795101305,4.999999950889265,-4.9999998422602445,4.999998326181164,-4.9999985130486575,4.999999233076034,-4.999998504958383
99.0,198.0,129.88372802734375,4.999998757639762,-4.9999908239574005,4.999999074842162,4.999997234985869,4.999999468989845,-4.999997489666261,4.999999975759371,-4.999999873232854,4.999999981307004,-4.999999123729995
99.0,198.0,129.88372802734375,4.9999996800155895,-4.999995501792909,4.999997429816906,4.999997390845893,4.999998392452298,-4.999999315821043,4.999999621610611,-4.999998667098746,4.999999820074336,-4.999999606207634
99.0,198.0,129.88375854492188,4.999999821879261,-4.999992415375935,4.999984425884272,4.99999993991346,4.999998785296819,-4.999999359285544,4.999999569954614,-4.999999496139745,4.999999388489222,-4.999998596890582
99.0,198.0,129.88375854492188,4.999985504616431,-4.999998139221102,4.999998908717502,4.999999894360642,4.999995569160511,-4.999998591868964,4.999997781126486,-4.999996678956668,4.999999990933565,-4.999999976702584
99.0,198.0,129.88375854492188,4.99999365023524,-4.99999373938933,4.999984650009209,4.999999485312468,4.99999640745127,-4.999999882959849,4.999999680554099,-4.999998965065487,4.999999992538123,-4.99999943808111
99.0,198.0,129.88377380371094,4.999982275832082,-4.999996298229247,4.999978952108842,4.999999935741331,4.999996026705308,-4.999999884633303,4.999999831241456,-4.999999345833782,4.999999520781348,-4.999999888388789
99.0,198.0,129.8837432861328,4.999999964118385,-4.9999784182325,4.999996833876613,4.999999788637789,4.999999773762484,-4.999999563655857,4.999999776944623,-4.999999219166228,4.999999851052872,-4.9999999121902095
99.0,198.0,129.88375854492188,4.999987886046605,-4.999987937811154,4.999991049748696,4.999998827621644,4.999999880063356,-4.999999682075026,4.9999999970316615,-4.999999959085672,4.999999423995784,-4.999998403501732
99.0,198.0,129.8837432861328,4.999983995005496,-4.999989468116723,4.999996523197591,4.999999571446211,4.999999931317672,-4.999999987293965,4.999999742979178,-4.999999995680302,4.999999596861265,-4.999999723061936
99.0,198.0,129.88375854492188,4.99998654990861,-4.9999982695841085,4.99998777857437,4.99999908663943,4.999999341025728,-4.999999782447359,4.999999998363771,-4.999999852569772,4.999999404406176,-4.999997686147345
99.0,198.0,129.88375854492188,4.999985480010486,-4.99999616541737,4.999995558138485,4.999993435077138,4.999999992693404,-4.99999943046943,4.999999997122339,-4.9999998747563,4.999998970652513,-4.999998384741169
99.0,198.0,129.88372802734375,4.99999548706537,-4.999986682161174,4.99999999608879,4.999998535056081,4.999999316603525,-4.999997610293136,4.999999986252303,-4.9999993339369455,4.999999971515908,-4.9999999520070775
99.0,198.0,129.8837432861328,4.999999955757793,-4.999973862104751,4.999999144420872,4.999994553561221,4.999998972720068,-4.999999288646996,4.999999988264345,-4.999999622524732,4.999999792300866,-4.999999997997711
99.0,198.0,129.88375854492188,4.999997972164422,-4.999991386731808,4.9999852778747975,4.99999512888752,4.999999322774867,-4.999999673134884,4.999999928465774,-4.999999802856704,4.999999906090171,-4.999999592276213
99.0,198.0,129.88377380371094,4.999999489392599,-4.999998069571356,4.999981867756108,4.999999872942414,4.999996043425315,-4.9999996303271885,4.999999584611242,-4.999999337535719,4.999999294984862,-4.999997817271354
99.0,198.0,129.88375854492188,4.999991461511376,-4.999998146536331,4.999991575177297,4.999999169603334,4.999997176705463,-4.999999487346314,4.999999967460966,-4.999999665725128,4.9999997063066814,-4.999998556269123
99.0,198.0,129.88375854492188,4.999995103216698,-4.9999822337178825,4.999999431307075,4.999994532801655,4.999995953976928,-4.999999548602297,4.99999999587735,-4.99999850419899,4.999999833124558,-4.999999262578127
99.0,198.0,129.8837432861328,4.999999179058077,-4.999993631308753,4.999999997115577,4.999987010722522,4.999999933199378,-4.999997645615238,4.999999997314857,-4.999999986280148,4.9999996089403895,-4.999999763783011
99.0,198.0,129.8837432861328,4.999980647443122,-4.999991750896365,4.999998516871036,4.999998068777956,4.999999850399549,-4.999999919645989,4.999999375169272,-4.9999999822898085,4.999999241622081,-4.9999999306776095
99.0,198.0,129.8837432861328,4.999994902999957,-4.999978547969511,4.999998647300461,4.9999994082881365,4.999999568659484,-4.999998223092692,4.9999999748954,-4.999999907948478,4.99999996928735,-4.999998885379632
99.0,198.0,129.88375854492188,4.999990598682516,-4.999986766163595,4.999997580822864,4.999997991170572,4.999996960973789,-4.999996483974807,4.999999961889467,-4.999998845624189,4.999999920463986,-4.999999984758365
99.0,198.0,129.8837432861328,4.999979223167252,-4.999992326447202,4.999996990214324,4.999998378725131,4.999999992172395,-4.999998472185019,4.999999999537297,-4.99999976501824,4.9999997441311255,-4.999999937320065
99.0,198.0,129.88377380371094,4.999978421937113,-4.999993922718101,4.999987019767648,4.999995163414826,4.9999991053539175,-4.999999298904308,4.999999283575376,-4.999999994893043,4.999999821528252,-4.999999653501464
99.0,198.0,129.8837432861328,4.999988472848759,-4.999999393433682,4.99999789506994,4.999995012991304,4.99999930159761,-4.999996866496479,4.999999875851289,-4.9999991571297,4.999999874898039,-4.999999980848098
99.0,198.0,129.8837432861328,4.999998653207205,-4.999999704666365,4.999987871421823,4.99999353997997,4.999997338701165,-4.999999961986497,4.999999995661984,-4.999999538448846,4.999999822799214,-4.999999449989331
99.0,198.0,129.8837432861328,4.999987849594154,-4.99998846603818,4.99999125683121,4.999998625746169,4.99999995690801,-4.999999684546205,4.99999999927436,-4.999999970749718,4.999999712346173,-4.999999908609285
99.0,198.0,129.8837432861328,4.9999921256024855,-4.999997413548547,4.999988659348899,4.999994995452982,4.999999123217606,-4.999999518143646,4.99999973119449,-4.999999853338825,4.999999985484315,-4.999999793584843
99.0,198.0,129.88375854492188,4.999998502238358,-4.999999857355586,4.999999096911713,4.999989822929109,4.999997446952079,-4.999997739076108,4.999999999996411,-4.999998406710537,4.999999628592202,-4.9999995050405
99.0,198.0,129.8837432861328,4.999983645233888,-4.999997257797379,4.99999881387389,4.999995056058175,4.9999997397355305,-4.999996918663538,4.999999907063828,-4.999999672437108,4.999999677059611,-4.999999992560927
99.0,199.0,129.8837432861328,4.999993741131132,-4.999994570761521,4.999994244213025,4.999997710616757,4.9999999221243305,-4.999998970899069,4.999998360982433,-4.999999033014705,4.99999999970647,-4.999999547151891
99.0,199.0,129.8837432861328,4.999980927783634,-4.999996073109704,4.999994151183067,4.999999093747018,4.999998707669764,-4.999999321634874,4.999999816943033,-4.99999999440379,4.999999969578377,-4.999999474384177
99.0,199.0,129.8837432861328,4.999994897217087,-4.99999754251637,4.9999952789812365,4.999999029484304,4.999998646102831,-4.999997884768447,4.999999120876999,-4.999999408365911,4.999999996482423,-4.99999928988244
99.0,199.0,129.8837432861328,4.9999965894905465,-4.9999945768722815,4.9999995926054375,4.999994035434149,4.999999743057482,-4.999995212589138,4.999999999314974,-4.999999110085449,4.999999998391667,-4.999999921811513
99.0,199.0,129.88375854492188,4.999989130168849,-4.999997102481795,4.999983734337506,4.999997328705104,4.999996320475061,-4.999999666404738,4.999999999917928,-4.999999839321037,4.99999998096315,-4.9999997661405615
99.0,199.0,129.8837432861328,4.999991509330984,-4.999990571411255,4.999991630385245,4.999999975838369,4.9999972902511365,-4.999999998740955,4.999999242170387,-4.9999996241132445,4.999999998806355,-4.999999805310114
99.0,199.0,129.8837432861328,4.999998430283307,-4.9999997698622085,4.999999986944797,4.999990200458945,4.999999634207972,-4.999997940656821,4.999999999986261,-4.999998550738997,4.999999805501197,-4.999999550634783
99.0,199.0,129.8837432861328,4.9999996793782,-4.999995274122203,4.999994028767237,4.999999163889876,4.999998720283754,-4.999998746011727,4.999998301907372,-4.999999229176389,4.999999998588646,-4.999999216376179
99.0,199.0,129.88375854492188,4.999998239859769,-4.999995570652614,4.999980112185848,4.999999130645579,4.999995322040106,-4.999999758382582,4.999999992896999,-4.999999589184152,4.999999996816379,-4.9999991981433
99.0,199.0,129.88372802734375,4.999988386859325,-4.999998575660436,4.999999327637995,4.999998583637551,4.999999814422344,-4.999996748979555,4.999999988507312,-4.999999961149898,4.999999900063376,-4.999999092957556
99.0,199.0,129.8837432861328,4.9999954957626205,-4.999990610286332,4.999996754070951,4.999995198771126,4.99999953034931,-4.999999698751333,4.999998823950131,-4.999999341885626,4.9999999999034594,-4.999999966766871
99.0,199.0,129.88375854492188,4.999989504895348,-4.999989988152829,4.999986904048164,4.9999998652753685,4.99999392486422,-4.999999995273519,4.999999361397007,-4.999999313850051,4.999999990861127,-4.999999911878309
99.0,199.0,129.8837432861328,4.999987521708397,-4.999984509082389,4.99999671892575,4.999999962717195,4.999999858290261,-4.999999256567207,4.999999730789698,-4.999999990140145,4.999999725331854,-4.999999907892356
99.0,199.0,129.8837432861328,4.9999988513490266,-4.999997920797768,4.999989441224315,4.999994279728514,4.999998775090763,-4.999999670491457,4.999999624292779,-4.999999137086384,4.999999999983485,-4.99999995851465
99.0,199.0,129.8837432861328,4.999992489295257,-4.999999481782292,4.99999673680487,4.999997313718286,4.999995475887761,-4.999999516484561,4.999999999933963,-4.999999694232888,4.999999390474427,-4.999999839489044
99.0,199.0,129.88375854492188,4.99999398731526,-4.999990011276195,4.999993500933307,4.999996700708898,4.9999999666137285,-4.999999987952502,4.999998568344977,-4.999998967480762,4.9999999999347695,-4.999999633520475
99.0,199.0,129.88375854492188,4.9999883877978615,-4.999984908418211,4.99999160290116,4.999999976459867,4.99999700686854,-4.999999987965222,4.999999424216838,-4.999999956908454,4.999999607461791,-4.999999831918885
99.0,199.0,129.88372802734375,4.999994774125023,-4.999999822259033,4.999998859257296,4.999999534438233,4.999998623858133,-4.999997376241732,4.99999999790414,-4.999999116033867,4.999999996368273,-4.999999246698147
99.0,199.0,129.8837432861328,4.999995604878485,-4.999997632301938,4.999991827636331,4.999999700861492,4.999998186355446,-4.999997786822688,4.9999998219042485,-4.999999544503231,4.999999985051545,-4.999998843771694
99.0,199.0,129.88375854492188,4.999986985614024,-4.999975669747762,4.999999701075877,4.999999487249639,4.999999226184576,-4.999999338832371,4.999999992214776,-4.999999570111374,4.9999997313154685,-4.999999731903841
99.0,199.0,129.8837432861328,4.999991304503423,-4.999999955680353,4.999998887458507,4.999994718383769,4.9999954937804585,-4.999999389446173,4.999999998857953,-4.999999646236179,4.999999233076034,-4.999999077554985
99.0,199.0,129.88372802734375,4.999998757639762,-4.9999908239574005,4.999999074842162,4.999997234985869,4.999999468989845,-4.999997489666261,4.999999975759371,-4.999999873232854,4.999999981307004,-4.999999123729995
99.0,199.0,129.88372802734375,4.9999996800155895,-4.999995501792909,4.999997429816906,4.999997390845893,4.999998392452298,-4.999999315821043,4.999999621610611,-4.999998667098746,4.999999820074336,-4.999999606207634
99.0,199.0,129.88375854492188,4.999999821879261,-4.999992415375935,4.999984425884272,4.99999993991346,4.999998785296819,-4.999999359285544,4.999999569954614,-4.999999496139745,4.999999388489222,-4.999998596890582
99.0,199.0,129.8837432861328,4.999998930262302,-4.999985017220896,4.99999379259994,4.999997182692836,4.999999757523172,-4.999999962098537,4.999999991781658,-4.999999968098967,4.9999999204549646,-4.999998617995115
99.0,199.0,129.88375854492188,4.99999365023524,-4.99999373938933,4.999984650009209,4.999999485312468,4.99999640745127,-4.999999882959849,4.999999680554099,-4.999998965065487,4.999999992538123,-4.99999943808111
99.0,199.0,129.88375854492188,4.999979779540816,-4.999993733202437,4.999998991108266,4.9999937948908535,4.999999615556458,-4.999994776583032,4.999999831241456,-4.999998870078102,4.999999997536262,-4.999999906836377
99.0,199.0,129.8837432861328,4.999999964118385,-4.9999784182325,4.999996833876613,4.999999788637789,4.999999773762484,-4.999999563655857,4.999999776944623,-4.999999219166228,4.999999851052872,-4.9999999121902095
99.0,199.0,129.8837432861328,4.999977185598699,-4.999993391701717,4.9999941891240365,4.999999533732931,4.999999889123969,-4.999999682075026,4.999999999541802,-4.999999886739963,4.99999982661973,-4.999999556102095
99.0,199.0,129.8837432861328,4.999983995005496,-4.999989468116723,4.999996523197591,4.999999571446211,4.999999931317672,-4.999999987293965,4.999999742979178,-4.999999995680302,4.999999596861265,-4.999999723061936
99.0,199.0,129.88372802734375,4.999996090512196,-4.9999982695841085,4.999999996092367,4.9999944759735815,4.99999962181578,-4.999996596533313,4.999999997250527,-4.999999425648667,4.999999822941017,-4.99999999734372
99.0,199.0,129.8837432861328,4.999999972269757,-4.99999616541737,4.999993424716389,4.999993435077138,4.99999679385332,-4.99999943046943,4.999999855834826,-4.999999014794351,4.999999431043976,-4.999999998913616
99.0,199.0,129.88372802734375,4.99999548706537,-4.999986682161174,4.99999999608879,4.999998535056081,4.999999316603525,-4.999997610293136,4.999999986252303,-4.9999993339369455,4.999999971515908,-4.9999999520070775
99.0,199.0,129.8837432861328,4.999999955757793,-4.999973862104751,4.999999144420872,4.999994553561221,4.999998972720068,-4.999999288646996,4.999999988264345,-4.999999622524732,4.999999792300866,-4.999999997997711
99.0,199.0,129.8837432861328,4.999990475858329,-4.99999440284987,4.999994071432802,4.999996607818988,4.999999852237878,-4.999999673134884,4.999999094295556,-4.999999802856704,4.99999993743206,-4.9999996405610885
99.0,199.0,129.88377380371094,4.999999489392599,-4.999998069571356,4.999981867756108,4.999999872942414,4.999996043425315,-4.9999996303271885,4.999999584611242,-4.999999337535719,4.999999294984862,-4.999997817271354
99.0,199.0,129.88375854492188,4.999991461511376,-4.999998146536331,4.999991575177297,4.999999169603334,4.999997176705463,-4.999999487346314,4.999999967460966,-4.999999665725128,4.9999997063066814,-4.999998556269123
99.0,199.0,129.88375854492188,4.999995103216698,-4.9999822337178825,4.999999431307075,4.999994532801655,4.999995953976928,-4.999999548602297,4.99999999587735,-4.99999850419899,4.999999833124558,-4.999999262578127
99.0,199.0,129.8837432861328,4.999999179058077,-4.999993631308753,4.999999997115577,4.999987010722522,4.999999933199378,-4.999997645615238,4.999999997314857,-4.999999986280148,4.9999996089403895,-4.999999763783011
99.0,199.0,129.8837432861328,4.999980647443122,-4.999991750896365,4.999998516871036,4.999998068777956,4.999999850399549,-4.999999919645989,4.999999375169272,-4.9999999822898085,4.999999241622081,-4.9999999306776095
99.0,199.0,129.8837432861328,4.999994902999957,-4.999978547969511,4.999998647300461,4.9999994082881365,4.999999568659484,-4.999998223092692,4.9999999748954,-4.999999907948478,4.99999996928735,-4.999998885379632
99.0,199.0,129.88372802734375,4.999991938586483,-4.999999927471349,4.9999979830966295,4.999998387763905,4.999996531650917,-4.999997865422196,4.999999957948987,-4.999999643549803,4.999999986044148,-4.999999465070925
99.0,199.0,129.8837432861328,4.999979223167252,-4.999992326447202,4.999996990214324,4.999998378725131,4.999999992172395,-4.999998472185019,4.999999999537297,-4.99999976501824,4.9999997441311255,-4.999999937320065
99.0,199.0,129.88377380371094,4.999978421937113,-4.999993922718101,4.999987019767648,4.999995163414826,4.9999991053539175,-4.999999298904308,4.999999283575376,-4.999999994893043,4.999999821528252,-4.999999653501464
99.0,199.0,129.8837432861328,4.999988472848759,-4.999999393433682,4.99999789506994,4.999995012991304,4.99999930159761,-4.999996866496479,4.999999875851289,-4.9999991571297,4.999999874898039,-4.999999980848098
99.0,199.0,129.8837432861328,4.999998653207205,-4.999999704666365,4.999987871421823,4.99999353997997,4.999997338701165,-4.999999961986497,4.999999995661984,-4.999999538448846,4.999999822799214,-4.999999449989331
99.0,199.0,129.8837432861328,4.999987849594154,-4.99998846603818,4.99999125683121,4.999998625746169,4.99999995690801,-4.999999684546205,4.99999999927436,-4.999999970749718,4.999999712346173,-4.999999908609285
99.0,199.0,129.8837432861328,4.9999921256024855,-4.999997413548547,4.999988659348899,4.999994995452982,4.999999123217606,-4.999999518143646,4.99999973119449,-4.999999853338825,4.999999985484315,-4.999999793584843
99.0,199.0,129.88372802734375,4.999983750747935,-4.999999055036507,4.999999096911713,4.999999881435008,4.999998326469374,-4.999999949444266,4.999999681123599,-4.999999992109967,4.999999483274461,-4.9999995050405
99.0,199.0,129.8837432861328,4.999983645233888,-4.999997257797379,4.99999881387389,4.999995056058175,4.9999997397355305,-4.999996918663538,4.999999907063828,-4.999999672437108,4.999999677059611,-4.999999992560927
99.0,200.0,129.8837432861328,4.999993741131132,-4.999994570761521,4.999994244213025,4.999997710616757,4.9999999221243305,-4.999998970899069,4.999998360982433,-4.999999033014705,4.99999999970647,-4.999999547151891
99.0,200.0,129.8837432861328,4.999980927783634,-4.999996073109704,4.999994151183067,4.999999093747018,4.999998707669764,-4.999999321634874,4.999999816943033,-4.99999999440379,4.999999969578377,-4.999999474384177
99.0,200.0,129.8837432861328,4.999994897217087,-4.99999754251637,4.9999952789812365,4.999999029484304,4.999998646102831,-4.999997884768447,4.999999120876999,-4.999999408365911,4.999999996482423,-4.99999928988244
99.0,200.0,129.8837432861328,4.9999965894905465,-4.9999945768722815,4.9999995926054375,4.999994035434149,4.999999743057482,-4.999995212589138,4.999999999314974,-4.999999110085449,4.999999998391667,-4.999999921811513
99.0,200.0,129.88375854492188,4.999989130168849,-4.999997102481795,4.999983734337506,4.999997328705104,4.999996320475061,-4.999999666404738,4.999999999917928,-4.999999839321037,4.99999998096315,-4.9999997661405615
99.0,200.0,129.8837432861328,4.999991509330984,-4.999990571411255,4.999991630385245,4.999999975838369,4.9999972902511365,-4.999999998740955,4.999999242170387,-4.9999996241132445,4.999999998806355,-4.999999805310114
99.0,200.0,129.8837432861328,4.999998430283307,-4.9999997698622085,4.999999986944797,4.999990200458945,4.999999634207972,-4.999997940656821,4.999999999986261,-4.999998550738997,4.999999805501197,-4.999999550634783
99.0,200.0,129.8837432861328,4.9999996793782,-4.999995274122203,4.999994028767237,4.999999163889876,4.999998720283754,-4.999998746011727,4.999998301907372,-4.999999229176389,4.999999998588646,-4.999999216376179
99.0,200.0,129.8837432861328,4.99999594124732,-4.999997814662554,4.999996513247058,4.999997345163864,4.999998683445681,-4.999997727353279,4.999998955916357,-4.999999331340035,4.999999997264599,-4.999999194203541
99.0,200.0,129.88372802734375,4.999988386859325,-4.999998575660436,4.999999327637995,4.999998583637551,4.999999814422344,-4.999996748979555,4.999999988507312,-4.999999961149898,4.999999900063376,-4.999999092957556
99.0,200.0,129.8837432861328,4.9999954957626205,-4.999990610286332,4.999996754070951,4.999995198771126,4.99999953034931,-4.999999698751333,4.999998823950131,-4.999999341885626,4.9999999999034594,-4.999999966766871
99.0,200.0,129.88375854492188,4.999989504895348,-4.999989988152829,4.999986904048164,4.9999998652753685,4.99999392486422,-4.999999995273519,4.999999361397007,-4.999999313850051,4.999999990861127,-4.999999911878309
99.0,200.0,129.8837432861328,4.999987521708397,-4.999984509082389,4.99999671892575,4.999999962717195,4.999999858290261,-4.999999256567207,4.999999730789698,-4.999999990140145,4.999999725331854,-4.999999907892356
99.0,200.0,129.8837432861328,4.9999988513490266,-4.999997920797768,4.999989441224315,4.999994279728514,4.999998775090763,-4.999999670491457,4.999999624292779,-4.999999137086384,4.999999999983485,-4.99999995851465
99.0,200.0,129.8837432861328,4.999992489295257,-4.999999481782292,4.99999673680487,4.999997313718286,4.999995475887761,-4.999999516484561,4.999999999933963,-4.999999694232888,4.999999390474427,-4.999999839489044
99.0,200.0,129.8837432861328,4.999978960241815,-4.999995363126009,4.999990927367447,4.999999406071535,4.999998694923288,-4.999999630370649,4.9999999987108605,-4.999999541102589,4.999999851060538,-4.9999997804232255
99.0,200.0,129.88375854492188,4.9999883877978615,-4.999984908418211,4.99999160290116,4.999999976459867,4.99999700686854,-4.999999987965222,4.999999424216838,-4.999999956908454,4.999999607461791,-4.999999831918885
99.0,200.0,129.88372802734375,4.999994774125023,-4.999999822259033,4.999998859257296,4.999999534438233,4.999998623858133,-4.999997376241732,4.99999999790414,-4.999999116033867,4.999999996368273,-4.999999246698147
99.0,200.0,129.8837432861328,4.999995604878485,-4.999997632301938,4.999991827636331,4.999999700861492,4.999998186355446,-4.999997786822688,4.9999998219042485,-4.999999544503231,4.999999985051545,-4.999998843771694
99.0,200.0,129.8837432861328,4.999981666227399,-4.999991218269107,4.99999991741618,4.999997491274057,4.999999226184576,-4.999999314700986,4.999999375167019,-4.999999921428946,4.999999200377779,-4.999999964735072
99.0,200.0,129.8837432861328,4.999991304503423,-4.999999955680353,4.999998887458507,4.999994718383769,4.9999954937804585,-4.999999389446173,4.999999998857953,-4.999999646236179,4.999999233076034,-4.999999077554985
99.0,200.0,129.88372802734375,4.999998757639762,-4.9999908239574005,4.999999074842162,4.999997234985869,4.999999468989845,-4.999997489666261,4.999999975759371,-4.999999873232854,4.999999981307004,-4.999999123729995
99.0,200.0,129.88372802734375,4.9999996800155895,-4.999995501792909,4.999997429816906,4.999997390845893,4.999998392452298,-4.999999315821043,4.999999621610611,-4.999998667098746,4.999999820074336,-4.999999606207634
99.0,200.0,129.88375854492188,4.999999821879261,-4.999992415375935,4.999984425884272,4.99999993991346,4.999998785296819,-4.999999359285544,4.999999569954614,-4.999999496139745,4.999999388489222,-4.999998596890582
99.0,200.0,129.8837432861328,4.999998930262302,-4.999985017220896,4.99999379259994,4.999997182692836,4.999999757523172,-4.999999962098537,4.999999991781658,-4.999999968098967,4.9999999204549646,-4.999998617995115
99.0,200.0,129.8837432861328,4.999989858182335,-4.999996037075107,4.9999999974800025,4.9999963589411,4.999999402141548,-4.999996958078558,4.999999952336517,-4.999998965065487,4.999999825402038,-4.999999984732559
99.0,200.0,129.8837432861328,4.999979779540816,-4.999999251174229,4.999998991108266,4.99999981381946,4.999998824342313,-4.999997520513047,4.999999831241456,-4.9999994429312045,4.999999794847176,-4.999999124845679
99.0,200.0,129.8837432861328,4.999999964118385,-4.9999784182325,4.999996833876613,4.999999788637789,4.999999773762484,-4.999999563655857,4.999999776944623,-4.999999219166228,4.999999851052872,-4.9999999121902095
99.0,200.0,129.8837432861328,4.999977185598699,-4.999993391701717,4.9999941891240365,4.999999533732931,4.999999889123969,-4.999999682075026,4.999999999541802,-4.999999886739963,4.99999982661973,-4.999999556102095
99.0,200.0,129.8837432861328,4.999983995005496,-4.999989468116723,4.999996523197591,4.999999571446211,4.999999931317672,-4.999999987293965,4.999999742979178,-4.999999995680302,4.999999596861265,-4.999999723061936
99.0,200.0,129.88372802734375,4.999996090512196,-4.9999982695841085,4.999999996092367,4.9999944759735815,4.99999962181578,-4.999996596533313,4.999999997250527,-4.999999425648667,4.999999822941017,-4.99999999734372
99.0,200.0,129.8837432861328,4.999999972269757,-4.99999616541737,4.999993424716389,4.999993435077138,4.99999679385332,-4.99999943046943,4.999999855834826,-4.999999014794351,4.999999431043976,-4.999999998913616
99.0,200.0,129.88372802734375,4.99999548706537,-4.999986682161174,4.99999999608879,4.999998535056081,4.999999316603525,-4.999997610293136,4.999999986252303,-4.9999993339369455,4.999999971515908,-4.9999999520070775
99.0,200.0,129.8837432861328,4.999999955757793,-4.999973862104751,4.999999144420872,4.999994553561221,4.999998972720068,-4.999999288646996,4.999999988264345,-4.999999622524732,4.999999792300866,-4.999999997997711
99.0,200.0,129.8837432861328,4.999990475858329,-4.99999440284987,4.999994071432802,4.999996607818988,4.999999852237878,-4.999999673134884,4.999999094295556,-4.999999802856704,4.99999993743206,-4.9999996405610885
99.0,200.0,129.88377380371094,4.999999489392599,-4.999998069571356,4.999981867756108,4.999999872942414,4.999996043425315,-4.9999996303271885,4.999999584611242,-4.999999337535719,4.999999294984862,-4.999997817271354
99.0,200.0,129.88375854492188,4.999991461511376,-4.999998146536331,4.999991575177297,4.999999169603334,4.999997176705463,-4.999999487346314,4.999999967460966,-4.999999665725128,4.9999997063066814,-4.999998556269123
99.0,200.0,129.8837432861328,4.999988359062408,-4.9999945294574175,4.9999990000301375,4.999996787223846,4.999999940171628,-4.999997111484486,4.999999929683956,-4.999999660365445,4.999999622468572,-4.999999999065377
99.0,200.0,129.8837432861328,4.999999179058077,-4.999993631308753,4.999999997115577,4.999987010722522,4.999999933199378,-4.999997645615238,4.999999997314857,-4.999999986280148,4.9999996089403895,-4.999999763783011
99.0,200.0,129.8837432861328,4.999980647443122,-4.999991750896365,4.999998516871036,4.999998068777956,4.999999850399549,-4.999999919645989,4.999999375169272,-4.9999999822898085,4.999999241622081,-4.9999999306776095
99.0,200.0,129.8837432861328,4.999994902999957,-4.999978547969511,4.999998647300461,4.9999994082881365,4.999999568659484,-4.999998223092692,4.9999999748954,-4.999999907948478,4.99999996928735,-4.999998885379632
99.0,200.0,129.88372802734375,4.999991938586483,-4.999999927471349,4.9999979830966295,4.999998387763905,4.999996531650917,-4.999997865422196,4.999999957948987,-4.999999643549803,4.999999986044148,-4.999999465070925
99.0,200.0,129.8837432861328,4.999979223167252,-4.999992326447202,4.999996990214324,4.999998378725131,4.999999992172395,-4.999998472185019,4.999999999537297,-4.99999976501824,4.9999997441311255,-4.999999937320065
99.0,200.0,129.88375854492188,4.999978421937113,-4.999973888303163,4.999998580577121,4.999999220550865,4.999998467545148,-4.999999006439451,4.999999987223284,-4.999999905172167,4.999999887734404,-4.999999846029393
99.0,200.0,129.8837432861328,4.999988472848759,-4.999999393433682,4.99999789506994,4.999995012991304,4.99999930159761,-4.999996866496479,4.999999875851289,-4.9999991571297,4.999999874898039,-4.999999980848098
99.0,200.0,129.8837432861328,4.999998653207205,-4.999999704666365,4.999987871421823,4.99999353997997,4.999997338701165,-4.999999961986497,4.999999995661984,-4.999999538448846,4.999999822799214,-4.999999449989331
99.0,200.0,129.8837432861328,4.999987849594154,-4.99998846603818,4.99999125683121,4.999998625746169,4.99999995690801,-4.999999684546205,4.99999999927436,-4.999999970749718,4.999999712346173,-4.999999908609285
99.0,200.0,129.8837432861328,4.9999921256024855,-4.999997413548547,4.999988659348899,4.999994995452982,4.999999123217606,-4.999999518143646,4.99999973119449,-4.999999853338825,4.999999985484315,-4.999999793584843
99.0,200.0,129.88372802734375,4.999983750747935,-4.999999055036507,4.999999096911713,4.999999881435008,4.999998326469374,-4.999999949444266,4.999999681123599,-4.999999992109967,4.999999483274461,-4.9999995050405
99.0,200.0,129.8837432861328,4.999983645233888,-4.999997257797379,4.99999881387389,4.999995056058175,4.9999997397355305,-4.999996918663538,4.999999907063828,-4.999999672437108,4.999999677059611,-4.999999992560927
99.0,201.0,129.8837432861328,4.999993741131132,-4.999994570761521,4.999994244213025,4.999997710616757,4.9999999221243305,-4.999998970899069,4.999998360982433,-4.999999033014705,4.99999999970647,-4.999999547151891
99.0,201.0,129.8837432861328,4.999980927783634,-4.999996073109704,4.999994151183067,4.999999093747018,4.999998707669764,-4.999999321634874,4.999999816943033,-4.99999999440379,4.999999969578377,-4.999999474384177
99.0,201.0,129.8837432861328,4.999994897217087,-4.99999754251637,4.9999952789812365,4.999999029484304,4.999998646102831,-4.999997884768447,4.999999120876999,-4.999999408365911,4.999999996482423,-4.99999928988244
99.0,201.0,129.8837432861328,4.9999965894905465,-4.9999945768722815,4.9999995926054375,4.999994035434149,4.999999743057482,-4.999995212589138,4.999999999314974,-4.999999110085449,4.999999998391667,-4.999999921811513
99.0,201.0,129.88375854492188,4.999989130168849,-4.999997102481795,4.999983734337506,4.999997328705104,4.999996320475061,-4.999999666404738,4.999999999917928,-4.999999839321037,4.99999998096315,-4.9999997661405615
99.0,201.0,129.8837432861328,4.999991509330984,-4.999990571411255,4.999991630385245,4.999999975838369,4.9999972902511365,-4.999999998740955,4.999999242170387,-4.9999996241132445,4.999999998806355,-4.999999805310114
99.0,201.0,129.8837432861328,4.999998430283307,-4.9999997698622085,4.999999986944797,4.999990200458945,4.999999634207972,-4.999997940656821,4.999999999986261,-4.999998550738997,4.999999805501197,-4.999999550634783
99.0,201.0,129.8837432861328,4.9999996793782,-4.999995274122203,4.999994028767237,4.999999163889876,4.999998720283754,-4.999998746011727,4.999998301907372,-4.999999229176389,4.999999998588646,-4.999999216376179
99.0,201.0,129.8837432861328,4.99999594124732,-4.999997814662554,4.999996513247058,4.999997345163864,4.999998683445681,-4.999997727353279,4.999998955916357,-4.999999331340035,4.999999997264599,-4.999999194203541
99.0,201.0,129.88372802734375,4.999988386859325,-4.999998575660436,4.999999327637995,4.999998583637551,4.999999814422344,-4.999996748979555,4.999999988507312,-4.999999961149898,4.999999900063376,-4.999999092957556
99.0,201.0,129.8837432861328,4.9999954957626205,-4.999990610286332,4.999996754070951,4.999995198771126,4.99999953034931,-4.999999698751333,4.999998823950131,-4.999999341885626,4.9999999999034594,-4.999999966766871
99.0,201.0,129.88375854492188,4.999989504895348,-4.999989988152829,4.999986904048164,4.9999998652753685,4.99999392486422,-4.999999995273519,4.999999361397007,-4.999999313850051,4.999999990861127,-4.999999911878309
99.0,201.0,129.8837432861328,4.999987521708397,-4.999984509082389,4.99999671892575,4.999999962717195,4.999999858290261,-4.999999256567207,4.999999730789698,-4.999999990140145,4.999999725331854,-4.999999907892356
99.0,201.0,129.8837432861328,4.9999988513490266,-4.999997920797768,4.999989441224315,4.999994279728514,4.999998775090763,-4.999999670491457,4.999999624292779,-4.999999137086384,4.999999999983485,-4.99999995851465
99.0,201.0,129.8837127685547,4.999989649457818,-4.999999481782292,4.99999993431342,4.9999967930951374,4.999999946758708,-4.99999980775238,4.999999996317017,-4.99999998537244,4.999999390474427,-4.999999839489044
99.0,201.0,129.8837432861328,4.999978960241815,-4.999995363126009,4.999990927367447,4.999999406071535,4.999998694923288,-4.999999630370649,4.9999999987108605,-4.999999541102589,4.999999851060538,-4.9999997804232255
99.0,201.0,129.8837432861328,4.999996406761424,-4.999999906214859,4.999998945647407,4.999999614655894,4.999998658801359,-4.999997025123824,4.999999631247578,-4.999998731112868,4.999999996401952,-4.999999199993548
99.0,201.0,129.88372802734375,4.999994774125023,-4.999999822259033,4.999998859257296,4.999999534438233,4.999998623858133,-4.999997376241732,4.99999999790414,-4.999999116033867,4.999999996368273,-4.999999246698147
99.0,201.0,129.8837432861328,4.999995604878485,-4.999997632301938,4.999991827636331,4.999999700861492,4.999998186355446,-4.999997786822688,4.9999998219042485,-4.999999544503231,4.999999985051545,-4.999998843771694
99.0,201.0,129.8837432861328,4.999981666227399,-4.999991218269107,4.99999991741618,4.999997491274057,4.999999226184576,-4.999999314700986,4.999999375167019,-4.999999921428946,4.999999200377779,-4.999999964735072
99.0,201.0,129.8837432861328,4.999991304503423,-4.999999955680353,4.999998887458507,4.999994718383769,4.9999954937804585,-4.999999389446173,4.999999998857953,-4.999999646236179,4.999999233076034,-4.999999077554985
99.0,201.0,129.88372802734375,4.999998757639762,-4.9999908239574005,4.999999074842162,4.999997234985869,4.999999468989845,-4.999997489666261,4.999999975759371,-4.999999873232854,4.999999981307004,-4.999999123729995
99.0,201.0,129.88372802734375,4.9999996800155895,-4.999995501792909,4.999997429816906,4.999997390845893,4.999998392452298,-4.999999315821043,4.999999621610611,-4.999998667098746,4.999999820074336,-4.999999606207634
99.0,201.0,129.8837432861328,4.999989039190001,-4.999995143991651,4.999999966683243,4.999996836287396,4.999999518746788,-4.999999359285544,4.999999569954614,-4.99999953759724,4.999999740037155,-4.999999695074438
99.0,201.0,129.8837432861328,4.999998930262302,-4.999985017220896,4.99999379259994,4.999997182692836,4.999999757523172,-4.999999962098537,4.999999991781658,-4.999999968098967,4.9999999204549646,-4.999998617995115
99.0,201.0,129.8837432861328,4.999989858182335,-4.999996037075107,4.9999999974800025,4.9999963589411,4.999999402141548,-4.999996958078558,4.999999952336517,-4.999998965065487,4.999999825402038,-4.999999984732559
99.0,201.0,129.8837432861328,4.999979779540816,-4.999999251174229,4.999998991108266,4.99999981381946,4.999998824342313,-4.999997520513047,4.999999831241456,-4.9999994429312045,4.999999794847176,-4.999999124845679
99.0,201.0,129.88372802734375,4.999979412690191,-4.999993177131219,4.999999216854173,4.999998772578843,4.999999987416873,-4.999999229403863,4.999999815707734,-4.999999899735195,4.999999851052872,-4.999999775762527
99.0,201.0,129.8837432861328,4.999977185598699,-4.999993391701717,4.9999941891240365,4.999999533732931,4.999999889123969,-4.999999682075026,4.999999999541802,-4.999999886739963,4.99999982661973,-4.999999556102095
99.0,201.0,129.8837432861328,4.999983995005496,-4.999989468116723,4.999996523197591,4.999999571446211,4.999999931317672,-4.999999987293965,4.999999742979178,-4.999999995680302,4.999999596861265,-4.999999723061936
99.0,201.0,129.88372802734375,4.999996090512196,-4.9999982695841085,4.999999996092367,4.9999944759735815,4.99999962181578,-4.999996596533313,4.999999997250527,-4.999999425648667,4.999999822941017,-4.99999999734372
99.0,201.0,129.8837432861328,4.999999972269757,-4.99999616541737,4.999993424716389,4.999993435077138,4.99999679385332,-4.99999943046943,4.999999855834826,-4.999999014794351,4.999999431043976,-4.999999998913616
99.0,201.0,129.88372802734375,4.99999548706537,-4.999986682161174,4.99999999608879,4.999998535056081,4.999999316603525,-4.999997610293136,4.999999986252303,-4.9999993339369455,4.999999971515908,-4.9999999520070775
99.0,201.0,129.8837432861328,4.999999955757793,-4.999973862104751,4.999999144420872,4.999994553561221,4.999998972720068,-4.999999288646996,4.999999988264345,-4.999999622524732,4.999999792300866,-4.999999997997711
99.0,201.0,129.8837432861328,4.999990475858329,-4.99999440284987,4.999994071432802,4.999996607818988,4.999999852237878,-4.999999673134884,4.999999094295556,-4.999999802856704,4.99999993743206,-4.9999996405610885
99.0,201.0,129.88377380371094,4.999999489392599,-4.999998069571356,4.999981867756108,4.999999872942414,4.999996043425315,-4.9999996303271885,4.999999584611242,-4.999999337535719,4.999999294984862,-4.999997817271354
99.0,201.0,129.8837432861328,4.999991805712316,-4.999998146536331,4.9999906837704895,4.999997871079864,4.999997271096049,-4.999999998764162,4.999998666697753,-4.999999341081819,4.999999999447596,-4.999999943879382
99.0,201.0,129.8837432861328,4.999988359062408,-4.9999945294574175,4.9999990000301375,4.999996787223846,4.999999940171628,-4.999997111484486,4.999999929683956,-4.999999660365445,4.999999622468572,-4.999999999065377
99.0,201.0,129.8837432861328,4.999999179058077,-4.999993631308753,4.999999997115577,4.999987010722522,4.999999933199378,-4.999997645615238,4.999999997314857,-4.999999986280148,4.9999996089403895,-4.999999763783011
99.0,201.0,129.8837432861328,4.999980647443122,-4.999991750896365,4.999998516871036,4.999998068777956,4.999999850399549,-4.999999919645989,4.999999375169272,-4.9999999822898085,4.999999241622081,-4.9999999306776095
99.0,201.0,129.8837432861328,4.999994902999957,-4.999978547969511,4.999998647300461,4.9999994082881365,4.999999568659484,-4.999998223092692,4.9999999748954,-4.999999907948478,4.99999996928735,-4.999998885379632
99.0,201.0,129.88372802734375,4.999991938586483,-4.999999927471349,4.9999979830966295,4.999998387763905,4.999996531650917,-4.999997865422196,4.999999957948987,-4.999999643549803,4.999999986044148,-4.999999465070925
99.0,201.0,129.8837432861328,4.999979223167252,-4.999992326447202,4.999996990214324,4.999998378725131,4.999999992172395,-4.999998472185019,4.999999999537297,-4.99999976501824,4.9999997441311255,-4.999999937320065
99.0,201.0,129.8837432861328,4.999982694316744,-4.999997186782624,4.999996505164847,4.999994679234339,4.999999201722335,-4.999999349579062,4.99999999055024,-4.9999995655903335,4.999999874087764,-4.999999604760349
99.0,201.0,129.8837432861328,4.999988472848759,-4.999999393433682,4.99999789506994,4.999995012991304,4.99999930159761,-4.999996866496479,4.999999875851289,-4.9999991571297,4.999999874898039,-4.999999980848098
99.0,201.0,129.88372802734375,4.999996937548109,-4.999995579450701,4.999998537742719,4.999996254522429,4.999999752833287,-4.999999961986497,4.999999575183561,-4.999998583656781,4.999999668122567,-4.999999719417817
99.0,201.0,129.8837432861328,4.999987849594154,-4.99998846603818,4.99999125683121,4.999998625746169,4.99999995690801,-4.999999684546205,4.99999999927436,-4.999999970749718,4.999999712346173,-4.999999908609285
99.0,201.0,129.8837432861328,4.9999921256024855,-4.999997413548547,4.999988659348899,4.999994995452982,4.999999123217606,-4.999999518143646,4.99999973119449,-4.999999853338825,4.999999985484315,-4.999999793584843
99.0,201.0,129.88372802734375,4.999983750747935,-4.999999055036507,4.999999096911713,4.999999881435008,4.999998326469374,-4.999999949444266,4.999999681123599,-4.999999992109967,4.999999483274461,-4.9999995050405
99.0,201.0,129.8837432861328,4.999983645233888,-4.999997257797379,4.99999881387389,4.999995056058175,4.9999997397355305,-4.999996918663538,4.999999907063828,-4.999999672437108,4.999999677059611,-4.999999992560927
99.0,202.0,129.8837432861328,4.999993741131132,-4.999994570761521,4.999994244213025,4.999997710616757,4.9999999221243305,-4.999998970899069,4.999998360982433,-4.999999033014705,4.99999999970647,-4.999999547151891
99.0,202.0,129.8837432861328,4.999980927783634,-4.999996073109704,4.999994151183067,4.999999093747018,4.999998707669764,-4.999999321634874,4.999999816943033,-4.99999999440379,4.999999969578377,-4.999999474384177
99.0,202.0,129.8837432861328,4.999994897217087,-4.99999754251637,4.9999952789812365,4.999999029484304,4.999998646102831,-4.999997884768447,4.999999120876999,-4.999999408365911,4.999999996482423,-4.99999928988244
99.0,202.0,129.8837432861328,4.9999965894905465,-4.9999945768722815,4.9999995926054375,4.999994035434149,4.999999743057482,-4.999995212589138,4.999999999314974,-4.999999110085449,4.999999998391667,-4.999999921811513
99.0,202.0,129.8837432861328,4.999980233428536,-4.999997102481795,4.999996223099576,4.999995626697276,4.999999877803053,-4.999999969223741,4.999999808439699,-4.999999936244806,4.9999992423195,-4.99999995976122
99.0,202.0,129.8837432861328,4.999991509330984,-4.999990571411255,4.999991630385245,4.999999975838369,4.9999972902511365,-4.999999998740955,4.999999242170387,-4.9999996241132445,4.999999998806355,-4.999999805310114
99.0,202.0,129.8837432861328,4.999998430283307,-4.9999997698622085,4.999999986944797,4.999990200458945,4.999999634207972,-4.999997940656821,4.999999999986261,-4.999998550738997,4.999999805501197,-4.999999550634783
99.0,202.0,129.8837432861328,4.9999996793782,-4.999995274122203,4.999994028767237,4.999999163889876,4.999998720283754,-4.999998746011727,4.999998301907372,-4.999999229176389,4.999999998588646,-4.999999216376179
99.0,202.0,129.8837432861328,4.99999594124732,-4.999997814662554,4.999996513247058,4.999997345163864,4.999998683445681,-4.999997727353279,4.999998955916357,-4.999999331340035,4.999999997264599,-4.999999194203541
99.0,202.0,129.88372802734375,4.999988386859325,-4.999998575660436,4.999999327637995,4.999998583637551,4.999999814422344,-4.999996748979555,4.999999988507312,-4.999999961149898,4.999999900063376,-4.999999092957556
99.0,202.0,129.8837432861328,4.9999954957626205,-4.999990610286332,4.999996754070951,4.999995198771126,4.99999953034931,-4.999999698751333,4.999998823950131,-4.999999341885626,4.9999999999034594,-4.999999966766871
99.0,202.0,129.8837432861328,4.999996226795093,-4.999997928234592,4.999983450926118,4.9999998652753685,4.999997929620254,-4.999999690528578,4.9999998226819375,-4.999999775797448,4.999999991176702,-4.999999939463035
99.0,202.0,129.88372802734375,4.999997285406208,-4.9999981622386205,4.99999671892575,4.999999962717195,4.999998221914966,-4.999999256567207,4.999998284382984,-4.999999068979866,4.999999997146426,-4.999999907892356
99.0,202.0,129.88372802734375,4.9999933357528725,-4.999997184574941,4.999999999401708,4.9999974158715,4.999999774659734,-4.999997187165217,4.999999955219906,-4.999999174956541,4.99999958359537,-4.999999999130033
99.0,202.0,129.8837127685547,4.999989649457818,-4.999999481782292,4.99999993431342,4.9999967930951374,4.999999946758708,-4.99999980775238,4.999999996317017,-4.99999998537244,4.999999390474427,-4.999999839489044
99.0,202.0,129.8837432861328,4.999978960241815,-4.999995363126009,4.999990927367447,4.999999406071535,4.999998694923288,-4.999999630370649,4.9999999987108605,-4.999999541102589,4.999999851060538,-4.9999997804232255
99.0,202.0,129.8837432861328,4.999996406761424,-4.999999906214859,4.999998945647407,4.999999614655894,4.999998658801359,-4.999997025123824,4.999999631247578,-4.999998731112868,4.999999996401952,-4.999999199993548
99.0,202.0,129.88372802734375,4.999994774125023,-4.999999822259033,4.999998859257296,4.999999534438233,4.999998623858133,-4.999997376241732,4.99999999790414,-4.999999116033867,4.999999996368273,-4.999999246698147
99.0,202.0,129.8837432861328,4.999995604878485,-4.999997632301938,4.999991827636331,4.999999700861492,4.999998186355446,-4.999997786822688,4.9999998219042485,-4.999999544503231,4.999999985051545,-4.999998843771694
99.0,202.0,129.88372802734375,4.999999715336943,-4.999992954984526,4.99999991741618,4.999995431264346,4.999998875975553,-4.9999992705526894,4.999998301939536,-4.999999509492129,4.999999891588333,-4.999999964735072
99.0,202.0,129.8837432861328,4.999991304503423,-4.999999955680353,4.999998887458507,4.999994718383769,4.9999954937804585,-4.999999389446173,4.999999998857953,-4.999999646236179,4.999999233076034,-4.999999077554985
99.0,202.0,129.88372802734375,4.999998757639762,-4.9999908239574005,4.999999074842162,4.999997234985869,4.999999468989845,-4.999997489666261,4.999999975759371,-4.999999873232854,4.999999981307004,-4.999999123729995
99.0,202.0,129.88372802734375,4.9999996800155895,-4.999995501792909,4.999997429816906,4.999997390845893,4.999998392452298,-4.999999315821043,4.999999621610611,-4.999998667098746,4.999999820074336,-4.999999606207634
99.0,202.0,129.8837432861328,4.999989039190001,-4.999995143991651,4.999999966683243,4.999996836287396,4.999999518746788,-4.999999359285544,4.999999569954614,-4.99999953759724,4.999999740037155,-4.999999695074438
99.0,202.0,129.8837432861328,4.999998930262302,-4.999985017220896,4.99999379259994,4.999997182692836,4.999999757523172,-4.999999962098537,4.999999991781658,-4.999999968098967,4.9999999204549646,-4.999998617995115
99.0,202.0,129.8837432861328,4.999989858182335,-4.999996037075107,4.9999999974800025,4.9999963589411,4.999999402141548,-4.999996958078558,4.999999952336517,-4.999998965065487,4.999999825402038,-4.999999984732559
99.0,202.0,129.8837432861328,4.999979779540816,-4.999999251174229,4.999998991108266,4.99999981381946,4.999998824342313,-4.999997520513047,4.999999831241456,-4.9999994429312045,4.999999794847176,-4.999999124845679
99.0,202.0,129.88372802734375,4.999979412690191,-4.999993177131219,4.999999216854173,4.999998772578843,4.999999987416873,-4.999999229403863,4.999999815707734,-4.999999899735195,4.999999851052872,-4.999999775762527
99.0,202.0,129.8837432861328,4.999977185598699,-4.999993391701717,4.9999941891240365,4.999999533732931,4.999999889123969,-4.999999682075026,4.999999999541802,-4.999999886739963,4.99999982661973,-4.999999556102095
99.0,202.0,129.8837432861328,4.999983995005496,-4.999989468116723,4.999996523197591,4.999999571446211,4.999999931317672,-4.999999987293965,4.999999742979178,-4.999999995680302,4.999999596861265,-4.999999723061936
99.0,202.0,129.88372802734375,4.999996090512196,-4.9999982695841085,4.999999996092367,4.9999944759735815,4.99999962181578,-4.999996596533313,4.999999997250527,-4.999999425648667,4.999999822941017,-4.99999999734372
99.0,202.0,129.8837432861328,4.999999972269757,-4.99999616541737,4.999993424716389,4.999993435077138,4.99999679385332,-4.99999943046943,4.999999855834826,-4.999999014794351,4.999999431043976,-4.999999998913616
99.0,202.0,129.88372802734375,4.99999548706537,-4.999986682161174,4.99999999608879,4.999998535056081,4.999999316603525,-4.999997610293136,4.999999986252303,-4.9999993339369455,4.999999971515908,-4.9999999520070775
99.0,202.0,129.88372802734375,4.999995132102582,-4.999995609068084,4.999999730563167,4.999996602726709,4.999999554367472,-4.999999288646996,4.999999919660581,-4.9999990487558845,4.999999958771372,-4.999999681854178
99.0,202.0,129.88372802734375,4.999998638110965,-4.999999589944638,4.999999989245715,4.999995217320585,4.999999976137614,-4.999999973560303,4.999999094295556,-4.999999506649536,4.999999299005442,-4.999999808986339
99.0,202.0,129.88372802734375,4.999999891349837,-4.999998069571356,4.99999340577661,4.999996553241809,4.999999329527874,-4.999998769698805,4.999999865188357,-4.999999944691812,4.999999986073376,-4.999999028156138
99.0,202.0,129.8837432861328,4.999991805712316,-4.999998146536331,4.9999906837704895,4.999997871079864,4.999997271096049,-4.999999998764162,4.999998666697753,-4.999999341081819,4.999999999447596,-4.999999943879382
99.0,202.0,129.8837432861328,4.999988359062408,-4.9999945294574175,4.9999990000301375,4.999996787223846,4.999999940171628,-4.999997111484486,4.999999929683956,-4.999999660365445,4.999999622468572,-4.999999999065377
99.0,202.0,129.8837432861328,4.999999179058077,-4.999993631308753,4.999999997115577,4.999987010722522,4.999999933199378,-4.999997645615238,4.999999997314857,-4.999999986280148,4.9999996089403895,-4.999999763783011
99.0,202.0,129.8837432861328,4.999980647443122,-4.999991750896365,4.999998516871036,4.999998068777956,4.999999850399549,-4.999999919645989,4.999999375169272,-4.9999999822898085,4.999999241622081,-4.9999999306776095
99.0,202.0,129.8837432861328,4.999994902999957,-4.999978547969511,4.999998647300461,4.9999994082881365,4.999999568659484,-4.999998223092692,4.9999999748954,-4.999999907948478,4.99999996928735,-4.999998885379632
99.0,202.0,129.88372802734375,4.999991938586483,-4.999999927471349,4.9999979830966295,4.999998387763905,4.999996531650917,-4.999997865422196,4.999999957948987,-4.999999643549803,4.999999986044148,-4.999999465070925
99.0,202.0,129.8837432861328,4.999979223167252,-4.999992326447202,4.999996990214324,4.999998378725131,4.999999992172395,-4.999998472185019,4.999999999537297,-4.99999976501824,4.9999997441311255,-4.999999937320065
99.0,202.0,129.8837432861328,4.999982694316744,-4.999997186782624,4.999996505164847,4.999994679234339,4.999999201722335,-4.999999349579062,4.99999999055024,-4.9999995655903335,4.999999874087764,-4.999999604760349
99.0,202.0,129.8837432861328,4.999988472848759,-4.999999393433682,4.99999789506994,4.999995012991304,4.99999930159761,-4.999996866496479,4.999999875851289,-4.9999991571297,4.999999874898039,-4.999999980848098
99.0,202.0,129.88372802734375,4.999996937548109,-4.999995579450701,4.999998537742719,4.999996254522429,4.999999752833287,-4.999999961986497,4.999999575183561,-4.999998583656781,4.999999668122567,-4.999999719417817
99.0,202.0,129.8837432861328,4.999987849594154,-4.99998846603818,4.99999125683121,4.999998625746169,4.99999995690801,-4.999999684546205,4.99999999927436,-4.999999970749718,4.999999712346173,-4.999999908609285
99.0,202.0,129.8837432861328,4.9999921256024855,-4.999997413548547,4.999988659348899,4.999994995452982,4.999999123217606,-4.999999518143646,4.99999973119449,-4.999999853338825,4.999999985484315,-4.999999793584843
99.0,202.0,129.88372802734375,4.999983750747935,-4.999999055036507,4.999999096911713,4.999999881435008,4.999998326469374,-4.999999949444266,4.999999681123599,-4.999999992109967,4.999999483274461,-4.9999995050405
99.0,202.0,129.8837432861328,4.999983645233888,-4.999997257797379,4.99999881387389,4.999995056058175,4.9999997397355305,-4.999996918663538,4.999999907063828,-4.999999672437108,4.999999677059611,-4.999999992560927
99.0,203.0,129.8837432861328,4.999993741131132,-4.999994570761521,4.999994244213025,4.999997710616757,4.9999999221243305,-4.999998970899069,4.999998360982433,-4.999999033014705,4.99999999970647,-4.999999547151891
99.0,203.0,129.8837432861328,4.999980927783634,-4.999996073109704,4.999994151183067,4.999999093747018,4.999998707669764,-4.999999321634874,4.999999816943033,-4.99999999440379,4.999999969578377,-4.999999474384177
99.0,203.0,129.8837432861328,4.999994897217087,-4.99999754251637,4.9999952789812365,4.999999029484304,4.999998646102831,-4.999997884768447,4.999999120876999,-4.999999408365911,4.999999996482423,-4.99999928988244
99.0,203.0,129.8837432861328,4.9999965894905465,-4.9999945768722815,4.9999995926054375,4.999994035434149,4.999999743057482,-4.999995212589138,4.999999999314974,-4.999999110085449,4.999999998391667,-4.999999921811513
99.0,203.0,129.8837432861328,4.999980233428536,-4.999997102481795,4.999996223099576,4.999995626697276,4.999999877803053,-4.999999969223741,4.999999808439699,-4.999999936244806,4.9999992423195,-4.99999995976122
99.0,203.0,129.8837432861328,4.999991509330984,-4.999990571411255,4.999991630385245,4.999999975838369,4.9999972902511365,-4.999999998740955,4.999999242170387,-4.9999996241132445,4.999999998806355,-4.999999805310114
99.0,203.0,129.8837432861328,4.999998430283307,-4.9999997698622085,4.999999986944797,4.999990200458945,4.999999634207972,-4.999997940656821,4.999999999986261,-4.999998550738997,4.999999805501197,-4.999999550634783
99.0,203.0,129.8837432861328,4.9999996793782,-4.999995274122203,4.999994028767237,4.999999163889876,4.999998720283754,-4.999998746011727,4.999998301907372,-4.999999229176389,4.999999998588646,-4.999999216376179
99.0,203.0,129.8837432861328,4.99999594124732,-4.999997814662554,4.999996513247058,4.999997345163864,4.999998683445681,-4.999997727353279,4.999998955916357,-4.999999331340035,4.999999997264599,-4.999999194203541
99.0,203.0,129.88372802734375,4.999988386859325,-4.999998575660436,4.999999327637995,4.999998583637551,4.999999814422344,-4.999996748979555,4.999999988507312,-4.999999961149898,4.999999900063376,-4.999999092957556
99.0,203.0,129.8837432861328,4.9999954957626205,-4.999990610286332,4.999996754070951,4.999995198771126,4.99999953034931,-4.999999698751333,4.999998823950131,-4.999999341885626,4.9999999999034594,-4.999999966766871
99.0,203.0,129.8837432861328,4.999996226795093,-4.999997928234592,4.999983450926118,4.9999998652753685,4.999997929620254,-4.999999690528578,4.9999998226819375,-4.999999775797448,4.999999991176702,-4.999999939463035
99.0,203.0,129.88372802734375,4.999997285406208,-4.9999981622386205,4.99999671892575,4.999999962717195,4.999998221914966,-4.999999256567207,4.999998284382984,-4.999999068979866,4.999999997146426,-4.999999907892356
99.0,203.0,129.88372802734375,4.9999933357528725,-4.999997184574941,4.999999999401708,4.9999974158715,4.999999774659734,-4.999997187165217,4.999999955219906,-4.999999174956541,4.99999958359537,-4.999999999130033
99.0,203.0,129.8837127685547,4.999989649457818,-4.999999481782292,4.99999993431342,4.9999967930951374,4.999999946758708,-4.99999980775238,4.999999996317017,-4.99999998537244,4.999999390474427,-4.999999839489044
99.0,203.0,129.8837432861328,4.999978960241815,-4.999995363126009,4.999990927367447,4.999999406071535,4.999998694923288,-4.999999630370649,4.9999999987108605,-4.999999541102589,4.999999851060538,-4.9999997804232255
99.0,203.0,129.88372802734375,4.999996406761424,-4.999999757417578,4.999999996848003,4.999993936739001,4.999999981984064,-4.999999978957234,4.999999903172161,-4.999999416439284,4.999999279096805,-4.999999910165094
99.0,203.0,129.88372802734375,4.999994774125023,-4.999999822259033,4.999998859257296,4.999999534438233,4.999998623858133,-4.999997376241732,4.99999999790414,-4.999999116033867,4.999999996368273,-4.999999246698147
99.0,203.0,129.88372802734375,4.999991938586483,-4.999999927471349,4.9999979830966295,4.999999700861492,4.999996531650917,-4.999997865422196,4.999999957948987,-4.999999643549803,4.999999986044148,-4.999999465070925
99.0,203.0,129.88372802734375,4.999999715336943,-4.999992954984526,4.99999991741618,4.999995431264346,4.999998875975553,-4.9999992705526894,4.999998301939536,-4.999999509492129,4.999999891588333,-4.999999964735072
99.0,203.0,129.8837432861328,4.999991304503423,-4.999999955680353,4.999998887458507,4.999994718383769,4.9999954937804585,-4.999999389446173,4.999999998857953,-4.999999646236179,4.999999233076034,-4.999999077554985
99.0,203.0,129.88372802734375,4.999998757639762,-4.9999908239574005,4.999999074842162,4.999997234985869,4.999999468989845,-4.999997489666261,4.999999975759371,-4.999999873232854,4.999999981307004,-4.999999123729995
99.0,203.0,129.88372802734375,4.9999996800155895,-4.999995501792909,4.999997429816906,4.999997390845893,4.999998392452298,-4.999999315821043,4.999999621610611,-4.999998667098746,4.999999820074336,-4.999999606207634
99.0,203.0,129.8837432861328,4.999989039190001,-4.999995143991651,4.999999966683243,4.999996836287396,4.999999518746788,-4.999999359285544,4.999999569954614,-4.99999953759724,4.999999740037155,-4.999999695074438
99.0,203.0,129.8837432861328,4.999998930262302,-4.999985017220896,4.99999379259994,4.999997182692836,4.999999757523172,-4.999999962098537,4.999999991781658,-4.999999968098967,4.9999999204549646,-4.999998617995115
99.0,203.0,129.8837432861328,4.999989858182335,-4.999996037075107,4.9999999974800025,4.9999963589411,4.999999402141548,-4.999996958078558,4.999999952336517,-4.999998965065487,4.999999825402038,-4.999999984732559
99.0,203.0,129.8837432861328,4.999979779540816,-4.999999251174229,4.999998991108266,4.99999981381946,4.999998824342313,-4.999997520513047,4.999999831241456,-4.9999994429312045,4.999999794847176,-4.999999124845679
99.0,203.0,129.88372802734375,4.999979412690191,-4.999993177131219,4.999999216854173,4.999998772578843,4.999999987416873,-4.999999229403863,4.999999815707734,-4.999999899735195,4.999999851052872,-4.999999775762527
99.0,203.0,129.8837432861328,4.999977185598699,-4.999993391701717,4.9999941891240365,4.999999533732931,4.999999889123969,-4.999999682075026,4.999999999541802,-4.999999886739963,4.99999982661973,-4.999999556102095
99.0,203.0,129.8837432861328,4.999983995005496,-4.999989468116723,4.999996523197591,4.999999571446211,4.999999931317672,-4.999999987293965,4.999999742979178,-4.999999995680302,4.999999596861265,-4.999999723061936
99.0,203.0,129.88372802734375,4.999996090512196,-4.9999982695841085,4.999999996092367,4.9999944759735815,4.99999962181578,-4.999996596533313,4.999999997250527,-4.999999425648667,4.999999822941017,-4.99999999734372
99.0,203.0,129.8837432861328,4.999999972269757,-4.99999616541737,4.999993424716389,4.999993435077138,4.99999679385332,-4.99999943046943,4.999999855834826,-4.999999014794351,4.999999431043976,-4.999999998913616
99.0,203.0,129.88372802734375,4.99999548706537,-4.999986682161174,4.99999999608879,4.999998535056081,4.999999316603525,-4.999997610293136,4.999999986252303,-4.9999993339369455,4.999999971515908,-4.9999999520070775
99.0,203.0,129.88372802734375,4.999995132102582,-4.999995609068084,4.999999730563167,4.999996602726709,4.999999554367472,-4.999999288646996,4.999999919660581,-4.9999990487558845,4.999999958771372,-4.999999681854178
99.0,203.0,129.88372802734375,4.999998638110965,-4.999999589944638,4.999999989245715,4.999995217320585,4.999999976137614,-4.999999973560303,4.999999094295556,-4.999999506649536,4.999999299005442,-4.999999808986339
99.0,203.0,129.88372802734375,4.999999891349837,-4.999998069571356,4.99999340577661,4.999996553241809,4.999999329527874,-4.999998769698805,4.999999865188357,-4.999999944691812,4.999999986073376,-4.999999028156138
99.0,203.0,129.8837432861328,4.999991805712316,-4.999998146536331,4.9999906837704895,4.999997871079864,4.999997271096049,-4.999999998764162,4.999998666697753,-4.999999341081819,4.999999999447596,-4.999999943879382
99.0,203.0,129.8837432861328,4.999988359062408,-4.9999945294574175,4.9999990000301375,4.999996787223846,4.999999940171628,-4.999997111484486,4.999999929683956,-4.999999660365445,4.999999622468572,-4.999999999065377
99.0,203.0,129.8837432861328,4.999999179058077,-4.999993631308753,4.999999997115577,4.999987010722522,4.999999933199378,-4.999997645615238,4.999999997314857,-4.999999986280148,4.9999996089403895,-4.999999763783011
99.0,203.0,129.8837432861328,4.999980647443122,-4.999991750896365,4.999998516871036,4.999998068777956,4.999999850399549,-4.999999919645989,4.999999375169272,-4.9999999822898085,4.999999241622081,-4.9999999306776095
99.0,203.0,129.8837432861328,4.999994902999957,-4.999978547969511,4.999998647300461,4.9999994082881365,4.999999568659484,-4.999998223092692,4.9999999748954,-4.999999907948478,4.99999996928735,-4.999998885379632
99.0,203.0,129.88372802734375,4.999991938586483,-4.999999927471349,4.9999979830966295,4.999998387763905,4.999996531650917,-4.999997865422196,4.999999957948987,-4.999999643549803,4.999999986044148,-4.999999465070925
99.0,203.0,129.8837432861328,4.999979223167252,-4.999992326447202,4.999996990214324,4.999998378725131,4.999999992172395,-4.999998472185019,4.999999999537297,-4.99999976501824,4.9999997441311255,-4.999999937320065
99.0,203.0,129.8837432861328,4.999982694316744,-4.999997186782624,4.999996505164847,4.999994679234339,4.999999201722335,-4.999999349579062,4.99999999055024,-4.9999995655903335,4.999999874087764,-4.999999604760349
99.0,203.0,129.8837432861328,4.999988472848759,-4.999999393433682,4.99999789506994,4.999995012991304,4.99999930159761,-4.999996866496479,4.999999875851289,-4.9999991571297,4.999999874898039,-4.999999980848098
99.0,203.0,129.88372802734375,4.999996937548109,-4.999995579450701,4.999998537742719,4.999996254522429,4.999999752833287,-4.999999961986497,4.999999575183561,-4.999998583656781,4.999999668122567,-4.999999719417817
99.0,203.0,129.8837432861328,4.999987849594154,-4.99998846603818,4.99999125683121,4.999998625746169,4.99999995690801,-4.999999684546205,4.99999999927436,-4.999999970749718,4.999999712346173,-4.999999908609285
99.0,203.0,129.8837432861328,4.9999921256024855,-4.999997413548547,4.999988659348899,4.999994995452982,4.999999123217606,-4.999999518143646,4.99999973119449,-4.999999853338825,4.999999985484315,-4.999999793584843
99.0,203.0,129.88372802734375,4.999983750747935,-4.999999055036507,4.999999096911713,4.999999881435008,4.999998326469374,-4.999999949444266,4.999999681123599,-4.999999992109967,4.999999483274461,-4.9999995050405
99.0,203.0,129.8837432861328,4.999983645233888,-4.999997257797379,4.99999881387389,4.999995056058175,4.9999997397355305,-4.999996918663538,4.999999907063828,-4.999999672437108,4.999999677059611,-4.999999992560927
99.0,204.0,129.8837432861328,4.999993741131132,-4.999994570761521,4.999994244213025,4.999997710616757,4.9999999221243305,-4.999998970899069,4.999998360982433,-4.999999033014705,4.99999999970647,-4.999999547151891
99.0,204.0,129.8837432861328,4.999980927783634,-4.999996073109704,4.999994151183067,4.999999093747018,4.999998707669764,-4.999999321634874,4.999999816943033,-4.99999999440379,4.999999969578377,-4.999999474384177
99.0,204.0,129.88372802734375,4.99999779540322,-4.99999754251637,4.99999958863175,4.999995716396278,4.999999964353668,-4.999999966940284,4.9999995888439965,-4.999998713311573,4.99999937022195,-4.999999684076315
99.0,204.0,129.8837432861328,4.9999965894905465,-4.9999945768722815,4.9999995926054375,4.999994035434149,4.999999743057482,-4.999995212589138,4.999999999314974,-4.999999110085449,4.999999998391667,-4.999999921811513
99.0,204.0,129.8837432861328,4.999980233428536,-4.999997102481795,4.999996223099576,4.999995626697276,4.999999877803053,-4.999999969223741,4.999999808439699,-4.999999936244806,4.9999992423195,-4.99999995976122
99.0,204.0,129.88372802734375,4.999996934656673,-4.999999202685336,4.999996853583106,4.999996065120513,4.9999992915549605,-4.999999792824376,4.999999148174361,-4.999998333865498,4.999999681720103,-4.99999992166922
99.0,204.0,129.8837432861328,4.999998430283307,-4.9999997698622085,4.999999986944797,4.999990200458945,4.999999634207972,-4.999997940656821,4.999999999986261,-4.999998550738997,4.999999805501197,-4.999999550634783
99.0,204.0,129.88372802734375,4.9999998058274615,-4.999993128772559,4.999999995735716,4.999996740041011,4.999998645210196,-4.999999796807257,4.99999796617285,-4.999999378312045,4.999999891529246,-4.99999999884497
99.0,204.0,129.8837432861328,4.99999594124732,-4.999997814662554,4.999996513247058,4.999997345163864,4.999998683445681,-4.999997727353279,4.999998955916357,-4.999999331340035,4.999999997264599,-4.999999194203541
99.0,204.0,129.88372802734375,4.999988386859325,-4.999998575660436,4.999999327637995,4.999998583637551,4.999999814422344,-4.999996748979555,4.999999988507312,-4.999999961149898,4.999999900063376,-4.999999092957556
99.0,204.0,129.8837432861328,4.9999954957626205,-4.999990610286332,4.999996754070951,4.999995198771126,4.99999953034931,-4.999999698751333,4.999998823950131,-4.999999341885626,4.9999999999034594,-4.999999966766871
99.0,204.0,129.8837432861328,4.999996226795093,-4.999997928234592,4.999983450926118,4.9999998652753685,4.999997929620254,-4.999999690528578,4.9999998226819375,-4.999999775797448,4.999999991176702,-4.999999939463035
99.0,204.0,129.88372802734375,4.999997285406208,-4.9999981622386205,4.99999671892575,4.999999962717195,4.999998221914966,-4.999999256567207,4.999998284382984,-4.999999068979866,4.999999997146426,-4.999999907892356
99.0,204.0,129.88372802734375,4.9999933357528725,-4.999997184574941,4.999999999401708,4.9999974158715,4.999999774659734,-4.999997187165217,4.999999955219906,-4.999999174956541,4.99999958359537,-4.999999999130033
99.0,204.0,129.8837127685547,4.999989649457818,-4.999999481782292,4.99999993431342,4.9999967930951374,4.999999946758708,-4.99999980775238,4.999999996317017,-4.99999998537244,4.999999390474427,-4.999999839489044
99.0,204.0,129.88372802734375,4.999978210413861,-4.999999350546233,4.999997829027349,4.999999953480997,4.999998426161793,-4.9999998106681005,4.99999968486995,-4.999999993435342,4.999999379220066,-4.999999947354492
99.0,204.0,129.88372802734375,4.999996406761424,-4.999999757417578,4.999999996848003,4.999993936739001,4.999999981984064,-4.999999978957234,4.999999903172161,-4.999999416439284,4.999999279096805,-4.999999910165094
99.0,204.0,129.88372802734375,4.999994774125023,-4.999999822259033,4.999998859257296,4.999999534438233,4.999998623858133,-4.999997376241732,4.99999999790414,-4.999999116033867,4.999999996368273,-4.999999246698147
99.0,204.0,129.88372802734375,4.999991938586483,-4.999999927471349,4.9999979830966295,4.999999700861492,4.999996531650917,-4.999997865422196,4.999999957948987,-4.999999643549803,4.999999986044148,-4.999999465070925
99.0,204.0,129.88372802734375,4.999999715336943,-4.999992954984526,4.99999991741618,4.999995431264346,4.999998875975553,-4.9999992705526894,4.999998301939536,-4.999999509492129,4.999999891588333,-4.999999964735072
99.0,204.0,129.8837432861328,4.999991304503423,-4.999999955680353,4.999998887458507,4.999994718383769,4.9999954937804585,-4.999999389446173,4.999999998857953,-4.999999646236179,4.999999233076034,-4.999999077554985
99.0,204.0,129.88372802734375,4.999998757639762,-4.9999908239574005,4.999999074842162,4.999997234985869,4.999999468989845,-4.999997489666261,4.999999975759371,-4.999999873232854,4.999999981307004,-4.999999123729995
99.0,204.0,129.88372802734375,4.9999996800155895,-4.999995501792909,4.999997429816906,4.999997390845893,4.999998392452298,-4.999999315821043,4.999999621610611,-4.999998667098746,4.999999820074336,-4.999999606207634
99.0,204.0,129.8837432861328,4.999989039190001,-4.999995143991651,4.999999966683243,4.999996836287396,4.999999518746788,-4.999999359285544,4.999999569954614,-4.99999953759724,4.999999740037155,-4.999999695074438
99.0,204.0,129.8837432861328,4.999998930262302,-4.999985017220896,4.99999379259994,4.999997182692836,4.999999757523172,-4.999999962098537,4.999999991781658,-4.999999968098967,4.9999999204549646,-4.999998617995115
99.0,204.0,129.8837432861328,4.999989858182335,-4.999996037075107,4.9999999974800025,4.9999963589411,4.999999402141548,-4.999996958078558,4.999999952336517,-4.999998965065487,4.999999825402038,-4.999999984732559
99.0,204.0,129.8837432861328,4.999979779540816,-4.999999251174229,4.999998991108266,4.99999981381946,4.999998824342313,-4.999997520513047,4.999999831241456,-4.9999994429312045,4.999999794847176,-4.999999124845679
99.0,204.0,129.88372802734375,4.999979412690191,-4.999993177131219,4.999999216854173,4.999998772578843,4.999999987416873,-4.999999229403863,4.999999815707734,-4.999999899735195,4.999999851052872,-4.999999775762527
99.0,204.0,129.8837432861328,4.999977185598699,-4.999993391701717,4.9999941891240365,4.999999533732931,4.999999889123969,-4.999999682075026,4.999999999541802,-4.999999886739963,4.99999982661973,-4.999999556102095
99.0,204.0,129.8837432861328,4.999983995005496,-4.999989468116723,4.999996523197591,4.999999571446211,4.999999931317672,-4.999999987293965,4.999999742979178,-4.999999995680302,4.999999596861265,-4.999999723061936
99.0,204.0,129.88372802734375,4.999996090512196,-4.9999982695841085,4.999999996092367,4.9999944759735815,4.99999962181578,-4.999996596533313,4.999999997250527,-4.999999425648667,4.999999822941017,-4.99999999734372
99.0,204.0,129.8837432861328,4.999999972269757,-4.99999616541737,4.999993424716389,4.999993435077138,4.99999679385332,-4.99999943046943,4.999999855834826,-4.999999014794351,4.999999431043976,-4.999999998913616
99.0,204.0,129.88372802734375,4.99999548706537,-4.999986682161174,4.99999999608879,4.999998535056081,4.999999316603525,-4.999997610293136,4.999999986252303,-4.9999993339369455,4.999999971515908,-4.9999999520070775
99.0,204.0,129.88372802734375,4.999995132102582,-4.999995609068084,4.999999730563167,4.999996602726709,4.999999554367472,-4.999999288646996,4.999999919660581,-4.9999990487558845,4.999999958771372,-4.999999681854178
99.0,204.0,129.88372802734375,4.999998638110965,-4.999999589944638,4.999999989245715,4.999995217320585,4.999999976137614,-4.999999973560303,4.999999094295556,-4.999999506649536,4.999999299005442,-4.999999808986339
99.0,204.0,129.88372802734375,4.999999891349837,-4.999998069571356,4.99999340577661,4.999996553241809,4.999999329527874,-4.999998769698805,4.999999865188357,-4.999999944691812,4.999999986073376,-4.999999028156138
99.0,204.0,129.8837432861328,4.999991805712316,-4.999998146536331,4.9999906837704895,4.999997871079864,4.999997271096049,-4.999999998764162,4.999998666697753,-4.999999341081819,4.999999999447596,-4.999999943879382
99.0,204.0,129.8837432861328,4.999988359062408,-4.9999945294574175,4.9999990000301375,4.999996787223846,4.999999940171628,-4.999997111484486,4.999999929683956,-4.999999660365445,4.999999622468572,-4.999999999065377
99.0,204.0,129.88372802734375,4.999999069254219,-4.9999942866963725,4.999999780870359,4.999996362609723,4.9999996006141805,-4.9999989471754365,4.999999997314857,-4.9999987117643485,4.9999996089403895,-4.999999513018304
99.0,204.0,129.8837432861328,4.999980647443122,-4.999991750896365,4.999998516871036,4.999998068777956,4.999999850399549,-4.999999919645989,4.999999375169272,-4.9999999822898085,4.999999241622081,-4.9999999306776095
99.0,204.0,129.8837432861328,4.999994902999957,-4.999978547969511,4.999998647300461,4.9999994082881365,4.999999568659484,-4.999998223092692,4.9999999748954,-4.999999907948478,4.99999996928735,-4.999998885379632
99.0,204.0,129.88372802734375,4.999991938586483,-4.999999927471349,4.9999979830966295,4.999998387763905,4.999996531650917,-4.999997865422196,4.999999957948987,-4.999999643549803,4.999999986044148,-4.999999465070925
99.0,204.0,129.8837432861328,4.999979223167252,-4.999992326447202,4.999996990214324,4.999998378725131,4.999999992172395,-4.999998472185019,4.999999999537297,-4.99999976501824,4.9999997441311255,-4.999999937320065
99.0,204.0,129.8837432861328,4.999982694316744,-4.999997186782624,4.999996505164847,4.999994679234339,4.999999201722335,-4.999999349579062,4.99999999055024,-4.9999995655903335,4.999999874087764,-4.999999604760349
99.0,204.0,129.8837432861328,4.999988472848759,-4.999999393433682,4.99999789506994,4.999995012991304,4.99999930159761,-4.999996866496479,4.999999875851289,-4.9999991571297,4.999999874898039,-4.999999980848098
99.0,204.0,129.88372802734375,4.999996937548109,-4.999995579450701,4.999998537742719,4.999996254522429,4.999999752833287,-4.999999961986497,4.999999575183561,-4.999998583656781,4.999999668122567,-4.999999719417817
99.0,204.0,129.8837432861328,4.999987849594154,-4.99998846603818,4.99999125683121,4.999998625746169,4.99999995690801,-4.999999684546205,4.99999999927436,-4.999999970749718,4.999999712346173,-4.999999908609285
99.0,204.0,129.8837432861328,4.9999921256024855,-4.999997413548547,4.999988659348899,4.999994995452982,4.999999123217606,-4.999999518143646,4.99999973119449,-4.999999853338825,4.999999985484315,-4.999999793584843
99.0,204.0,129.88372802734375,4.999983750747935,-4.999999055036507,4.999999096911713,4.999999881435008,4.999998326469374,-4.999999949444266,4.999999681123599,-4.999999992109967,4.999999483274461,-4.9999995050405
99.0,204.0,129.8837432861328,4.999983645233888,-4.999997257797379,4.99999881387389,4.999995056058175,4.9999997397355305,-4.999996918663538,4.999999907063828,-4.999999672437108,4.999999677059611,-4.999999992560927
99.0,205.0,129.88372802734375,4.9999978373794365,-4.999999187876645,4.9999962571728815,4.999995891018373,4.999999390787869,-4.999999882493334,4.999998360982433,-4.999998101315946,4.99999999970647,-4.999999940451039
99.0,205.0,129.8837432861328,4.999980927783634,-4.999996073109704,4.999994151183067,4.999999093747018,4.999998707669764,-4.999999321634874,4.999999816943033,-4.99999999440379,4.999999969578377,-4.999999474384177
99.0,205.0,129.88372802734375,4.99999779540322,-4.99999754251637,4.99999958863175,4.999995716396278,4.999999964353668,-4.999999966940284,4.9999995888439965,-4.999998713311573,4.99999937022195,-4.999999684076315
99.0,205.0,129.8837432861328,4.9999965894905465,-4.9999945768722815,4.9999995926054375,4.999994035434149,4.999999743057482,-4.999995212589138,4.999999999314974,-4.999999110085449,4.999999998391667,-4.999999921811513
99.0,205.0,129.8837432861328,4.999980233428536,-4.999997102481795,4.999996223099576,4.999995626697276,4.999999877803053,-4.999999969223741,4.999999808439699,-4.999999936244806,4.9999992423195,-4.99999995976122
99.0,205.0,129.88372802734375,4.999996934656673,-4.999999202685336,4.999996853583106,4.999996065120513,4.9999992915549605,-4.999999792824376,4.999999148174361,-4.999998333865498,4.999999681720103,-4.99999992166922
99.0,205.0,129.8837432861328,4.999998430283307,-4.9999997698622085,4.999999986944797,4.999990200458945,4.999999634207972,-4.999997940656821,4.999999999986261,-4.999998550738997,4.999999805501197,-4.999999550634783
99.0,205.0,129.88372802734375,4.9999998058274615,-4.999993128772559,4.999999995735716,4.999996740041011,4.999998645210196,-4.999999796807257,4.99999796617285,-4.999999378312045,4.999999891529246,-4.99999999884497
99.0,205.0,129.8837432861328,4.99999594124732,-4.999997814662554,4.999996513247058,4.999997345163864,4.999998683445681,-4.999997727353279,4.999998955916357,-4.999999331340035,4.999999997264599,-4.999999194203541
99.0,205.0,129.88372802734375,4.999988386859325,-4.999998575660436,4.999999327637995,4.999998583637551,4.999999814422344,-4.999996748979555,4.999999988507312,-4.999999961149898,4.999999900063376,-4.999999092957556
99.0,205.0,129.8837432861328,4.9999954957626205,-4.999990610286332,4.999996754070951,4.999995198771126,4.99999953034931,-4.999999698751333,4.999998823950131,-4.999999341885626,4.9999999999034594,-4.999999966766871
99.0,205.0,129.8837432861328,4.999996226795093,-4.999997928234592,4.999983450926118,4.9999998652753685,4.999997929620254,-4.999999690528578,4.9999998226819375,-4.999999775797448,4.999999991176702,-4.999999939463035
99.0,205.0,129.88372802734375,4.999997285406208,-4.9999981622386205,4.99999671892575,4.999999962717195,4.999998221914966,-4.999999256567207,4.999998284382984,-4.999999068979866,4.999999997146426,-4.999999907892356
99.0,205.0,129.88372802734375,4.9999933357528725,-4.999997184574941,4.999999999401708,4.9999974158715,4.999999774659734,-4.999997187165217,4.999999955219906,-4.999999174956541,4.99999958359537,-4.999999999130033
99.0,205.0,129.8837127685547,4.999989649457818,-4.999999481782292,4.99999993431342,4.9999967930951374,4.999999946758708,-4.99999980775238,4.999999996317017,-4.99999998537244,4.999999390474427,-4.999999839489044
99.0,205.0,129.88372802734375,4.999978210413861,-4.999999350546233,4.999997829027349,4.999999953480997,4.999998426161793,-4.9999998106681005,4.99999968486995,-4.999999993435342,4.999999379220066,-4.999999947354492
99.0,205.0,129.88372802734375,4.999996406761424,-4.999999757417578,4.999999996848003,4.999993936739001,4.999999981984064,-4.999999978957234,4.999999903172161,-4.999999416439284,4.999999279096805,-4.999999910165094
99.0,205.0,129.88372802734375,4.999994774125023,-4.999999822259033,4.999998859257296,4.999999534438233,4.999998623858133,-4.999997376241732,4.99999999790414,-4.999999116033867,4.999999996368273,-4.999999246698147
99.0,205.0,129.88372802734375,4.999991938586483,-4.999999927471349,4.9999979830966295,4.999999700861492,4.999996531650917,-4.999997865422196,4.999999957948987,-4.999999643549803,4.999999986044148,-4.999999465070925
99.0,205.0,129.88372802734375,4.999999715336943,-4.999992954984526,4.99999991741618,4.999995431264346,4.999998875975553,-4.9999992705526894,4.999998301939536,-4.999999509492129,4.999999891588333,-4.999999964735072
99.0,205.0,129.88372802734375,4.9999998609873,-4.99999066594079,4.999998529589303,4.99999628604763,4.999998679102216,-4.999999798042847,4.999997966039128,-4.999999420316922,4.999999834392467,-4.999999999239734
99.0,205.0,129.88372802734375,4.999998757639762,-4.9999908239574005,4.999999074842162,4.999997234985869,4.999999468989845,-4.999997489666261,4.999999975759371,-4.999999873232854,4.999999981307004,-4.999999123729995
99.0,205.0,129.88372802734375,4.9999996800155895,-4.999995501792909,4.999997429816906,4.999997390845893,4.999998392452298,-4.999999315821043,4.999999621610611,-4.999998667098746,4.999999820074336,-4.999999606207634
99.0,205.0,129.8837432861328,4.999989039190001,-4.999995143991651,4.999999966683243,4.999996836287396,4.999999518746788,-4.999999359285544,4.999999569954614,-4.99999953759724,4.999999740037155,-4.999999695074438
99.0,205.0,129.8837432861328,4.999998930262302,-4.999985017220896,4.99999379259994,4.999997182692836,4.999999757523172,-4.999999962098537,4.999999991781658,-4.999999968098967,4.9999999204549646,-4.999998617995115
99.0,205.0,129.8837432861328,4.999989858182335,-4.999996037075107,4.9999999974800025,4.9999963589411,4.999999402141548,-4.999996958078558,4.999999952336517,-4.999998965065487,4.999999825402038,-4.999999984732559
99.0,205.0,129.8837432861328,4.999979779540816,-4.999999251174229,4.999998991108266,4.99999981381946,4.999998824342313,-4.999997520513047,4.999999831241456,-4.9999994429312045,4.999999794847176,-4.999999124845679
99.0,205.0,129.88372802734375,4.999979412690191,-4.999993177131219,4.999999216854173,4.999998772578843,4.999999987416873,-4.999999229403863,4.999999815707734,-4.999999899735195,4.999999851052872,-4.999999775762527
99.0,205.0,129.8837432861328,4.999977185598699,-4.999993391701717,4.9999941891240365,4.999999533732931,4.999999889123969,-4.999999682075026,4.999999999541802,-4.999999886739963,4.99999982661973,-4.999999556102095
99.0,205.0,129.88372802734375,4.999983995005496,-4.999998898220345,4.999997460455939,4.999999571446211,4.999999027698371,-4.999999993195283,4.999999770139975,-4.999999954227387,4.999999241039478,-4.999999960142018
99.0,205.0,129.88372802734375,4.999996090512196,-4.9999982695841085,4.999999996092367,4.9999944759735815,4.99999962181578,-4.999996596533313,4.999999997250527,-4.999999425648667,4.999999822941017,-4.99999999734372
99.0,205.0,129.8837432861328,4.999999972269757,-4.99999616541737,4.999993424716389,4.999993435077138,4.99999679385332,-4.99999943046943,4.999999855834826,-4.999999014794351,4.999999431043976,-4.999999998913616
99.0,205.0,129.88372802734375,4.99999548706537,-4.999986682161174,4.99999999608879,4.999998535056081,4.999999316603525,-4.999997610293136,4.999999986252303,-4.9999993339369455,4.999999971515908,-4.9999999520070775
99.0,205.0,129.88372802734375,4.999995132102582,-4.999995609068084,4.999999730563167,4.999996602726709,4.999999554367472,-4.999999288646996,4.999999919660581,-4.9999990487558845,4.999999958771372,-4.999999681854178
99.0,205.0,129.88372802734375,4.999998638110965,-4.999999589944638,4.999999989245715,4.999995217320585,4.999999976137614,-4.999999973560303,4.999999094295556,-4.999999506649536,4.999999299005442,-4.999999808986339
99.0,205.0,129.88372802734375,4.999999891349837,-4.999998069571356,4.99999340577661,4.999996553241809,4.999999329527874,-4.999998769698805,4.999999865188357,-4.999999944691812,4.999999986073376,-4.999999028156138
99.0,205.0,129.8837432861328,4.999991805712316,-4.999998146536331,4.9999906837704895,4.999997871079864,4.999997271096049,-4.999999998764162,4.999998666697753,-4.999999341081819,4.999999999447596,-4.999999943879382
99.0,205.0,129.8837432861328,4.999988359062408,-4.9999945294574175,4.9999990000301375,4.999996787223846,4.999999940171628,-4.999997111484486,4.999999929683956,-4.999999660365445,4.999999622468572,-4.999999999065377
99.0,205.0,129.88372802734375,4.999999069254219,-4.9999942866963725,4.999999780870359,4.999996362609723,4.9999996006141805,-4.9999989471754365,4.999999997314857,-4.9999987117643485,4.9999996089403895,-4.999999513018304
99.0,205.0,129.8837432861328,4.999980647443122,-4.999991750896365,4.999998516871036,4.999998068777956,4.999999850399549,-4.999999919645989,4.999999375169272,-4.9999999822898085,4.999999241622081,-4.9999999306776095
99.0,205.0,129.8837432861328,4.999994902999957,-4.999978547969511,4.999998647300461,4.9999994082881365,4.999999568659484,-4.999998223092692,4.9999999748954,-4.999999907948478,4.99999996928735,-4.999998885379632
99.0,205.0,129.88372802734375,4.999991938586483,-4.999999927471349,4.9999979830966295,4.999998387763905,4.999996531650917,-4.999997865422196,4.999999957948987,-4.999999643549803,4.999999986044148,-4.999999465070925
99.0,205.0,129.8837432861328,4.999979223167252,-4.999992326447202,4.999996990214324,4.999998378725131,4.999999992172395,-4.999998472185019,4.999999999537297,-4.99999976501824,4.9999997441311255,-4.999999937320065
99.0,205.0,129.8837432861328,4.999982694316744,-4.999997186782624,4.999996505164847,4.999994679234339,4.999999201722335,-4.999999349579062,4.99999999055024,-4.9999995655903335,4.999999874087764,-4.999999604760349
99.0,205.0,129.8837432861328,4.999988472848759,-4.999999393433682,4.99999789506994,4.999995012991304,4.99999930159761,-4.999996866496479,4.999999875851289,-4.9999991571297,4.999999874898039,-4.999999980848098
99.0,205.0,129.88372802734375,4.999996937548109,-4.999995579450701,4.999998537742719,4.999996254522429,4.999999752833287,-4.999999961986497,4.999999575183561,-4.999998583656781,4.999999668122567,-4.999999719417817
99.0,205.0,129.88372802734375,4.9999987161369415,-4.999999818919961,4.999999990210919,4.999994846072916,4.999999984305483,-4.999999976335631,4.999999050606517,-4.999999432074011,4.999999001509963,-4.999999961688712
99.0,205.0,129.8837432861328,4.9999921256024855,-4.999997413548547,4.999988659348899,4.999994995452982,4.999999123217606,-4.999999518143646,4.99999973119449,-4.999999853338825,4.999999985484315,-4.999999793584843
99.0,205.0,129.88372802734375,4.999983750747935,-4.999999055036507,4.999999096911713,4.999999881435008,4.999998326469374,-4.999999949444266,4.999999681123599,-4.999999992109967,4.999999483274461,-4.9999995050405
99.0,205.0,129.8837432861328,4.999983645233888,-4.999997257797379,4.99999881387389,4.999995056058175,4.9999997397355305,-4.999996918663538,4.999999907063828,-4.999999672437108,4.999999677059611,-4.999999992560927
99.0,206.0,129.88372802734375,4.9999978373794365,-4.999999187876645,4.9999962571728815,4.999995891018373,4.999999390787869,-4.999999882493334,4.999998360982433,-4.999998101315946,4.99999999970647,-4.999999940451039
99.0,206.0,129.8837432861328,4.999980927783634,-4.999996073109704,4.999994151183067,4.999999093747018,4.999998707669764,-4.999999321634874,4.999999816943033,-4.99999999440379,4.999999969578377,-4.999999474384177
99.0,206.0,129.88372802734375,4.99999779540322,-4.99999754251637,4.99999958863175,4.999995716396278,4.999999964353668,-4.999999966940284,4.9999995888439965,-4.999998713311573,4.99999937022195,-4.999999684076315
99.0,206.0,129.8837432861328,4.9999965894905465,-4.9999945768722815,4.9999995926054375,4.999994035434149,4.999999743057482,-4.999995212589138,4.999999999314974,-4.999999110085449,4.999999998391667,-4.999999921811513
99.0,206.0,129.8837432861328,4.999980233428536,-4.999997102481795,4.999996223099576,4.999995626697276,4.999999877803053,-4.999999969223741,4.999999808439699,-4.999999936244806,4.9999992423195,-4.99999995976122
99.0,206.0,129.88372802734375,4.999996934656673,-4.999999202685336,4.999996853583106,4.999996065120513,4.9999992915549605,-4.999999792824376,4.999999148174361,-4.999998333865498,4.999999681720103,-4.99999992166922
99.0,206.0,129.8837432861328,4.999998430283307,-4.9999997698622085,4.999999986944797,4.999990200458945,4.999999634207972,-4.999997940656821,4.999999999986261,-4.999998550738997,4.999999805501197,-4.999999550634783
99.0,206.0,129.88372802734375,4.9999998058274615,-4.999993128772559,4.999999995735716,4.999996740041011,4.999998645210196,-4.999999796807257,4.99999796617285,-4.999999378312045,4.999999891529246,-4.99999999884497
99.0,206.0,129.8837127685547,4.999998585815827,-4.999999900389239,4.999998685349209,4.999997388164314,4.9999990640077545,-4.999999821334052,4.999999230654643,-4.999999569994776,4.999999463521204,-4.999999905553958
99.0,206.0,129.88372802734375,4.999988386859325,-4.999998575660436,4.999999327637995,4.999998583637551,4.999999814422344,-4.999996748979555,4.999999988507312,-4.999999961149898,4.999999900063376,-4.999999092957556
99.0,206.0,129.8837432861328,4.9999954957626205,-4.999990610286332,4.999996754070951,4.999995198771126,4.99999953034931,-4.999999698751333,4.999998823950131,-4.999999341885626,4.9999999999034594,-4.999999966766871
99.0,206.0,129.8837432861328,4.999996226795093,-4.999997928234592,4.999983450926118,4.9999998652753685,4.999997929620254,-4.999999690528578,4.9999998226819375,-4.999999775797448,4.999999991176702,-4.999999939463035
99.0,206.0,129.88372802734375,4.999997285406208,-4.9999981622386205,4.99999671892575,4.999999962717195,4.999998221914966,-4.999999256567207,4.999998284382984,-4.999999068979866,4.999999997146426,-4.999999907892356
99.0,206.0,129.88372802734375,4.9999933357528725,-4.999997184574941,4.999999999401708,4.9999974158715,4.999999774659734,-4.999997187165217,4.999999955219906,-4.999999174956541,4.99999958359537,-4.999999999130033
99.0,206.0,129.8837127685547,4.999989649457818,-4.999999481782292,4.99999993431342,4.9999967930951374,4.999999946758708,-4.99999980775238,4.999999996317017,-4.99999998537244,4.999999390474427,-4.999999839489044
99.0,206.0,129.88372802734375,4.999978210413861,-4.999999350546233,4.999997829027349,4.999999953480997,4.999998426161793,-4.9999998106681005,4.99999968486995,-4.999999993435342,4.999999379220066,-4.999999947354492
99.0,206.0,129.88372802734375,4.999996406761424,-4.999999757417578,4.999999996848003,4.999993936739001,4.999999981984064,-4.999999978957234,4.999999903172161,-4.999999416439284,4.999999279096805,-4.999999910165094
99.0,206.0,129.88372802734375,4.999994774125023,-4.999999822259033,4.999998859257296,4.999999534438233,4.999998623858133,-4.999997376241732,4.99999999790414,-4.999999116033867,4.999999996368273,-4.999999246698147
99.0,206.0,129.88372802734375,4.999991938586483,-4.999999927471349,4.9999979830966295,4.999999700861492,4.999996531650917,-4.999997865422196,4.999999957948987,-4.999999643549803,4.999999986044148,-4.999999465070925
99.0,206.0,129.88372802734375,4.999999715336943,-4.999992954984526,4.99999991741618,4.999995431264346,4.999998875975553,-4.9999992705526894,4.999998301939536,-4.999999509492129,4.999999891588333,-4.999999964735072
99.0,206.0,129.88372802734375,4.9999998609873,-4.99999066594079,4.999998529589303,4.99999628604763,4.999998679102216,-4.999999798042847,4.999997966039128,-4.999999420316922,4.999999834392467,-4.999999999239734
99.0,206.0,129.88372802734375,4.999998757639762,-4.9999908239574005,4.999999074842162,4.999997234985869,4.999999468989845,-4.999997489666261,4.999999975759371,-4.999999873232854,4.999999981307004,-4.999999123729995
99.0,206.0,129.88372802734375,4.9999996800155895,-4.999995501792909,4.999997429816906,4.999997390845893,4.999998392452298,-4.999999315821043,4.999999621610611,-4.999998667098746,4.999999820074336,-4.999999606207634
99.0,206.0,129.8837432861328,4.999989039190001,-4.999995143991651,4.999999966683243,4.999996836287396,4.999999518746788,-4.999999359285544,4.999999569954614,-4.99999953759724,4.999999740037155,-4.999999695074438
99.0,206.0,129.8837432861328,4.999998930262302,-4.999985017220896,4.99999379259994,4.999997182692836,4.999999757523172,-4.999999962098537,4.999999991781658,-4.999999968098967,4.9999999204549646,-4.999998617995115
99.0,206.0,129.8837432861328,4.999989858182335,-4.999996037075107,4.9999999974800025,4.9999963589411,4.999999402141548,-4.999996958078558,4.999999952336517,-4.999998965065487,4.999999825402038,-4.999999984732559
99.0,206.0,129.88372802734375,4.9999987874132135,-4.999998797524475,4.999999992869606,4.999995924599444,4.999999987551333,-4.999999981188872,4.999998840308704,-4.9999994429312045,4.999998934484658,-4.999999997669472
99.0,206.0,129.88372802734375,4.999979412690191,-4.999993177131219,4.999999216854173,4.999998772578843,4.999999987416873,-4.999999229403863,4.999999815707734,-4.999999899735195,4.999999851052872,-4.999999775762527
99.0,206.0,129.88372802734375,4.99999951176839,-4.999999808462246,4.9999999993764925,4.999991899406359,4.999999980180829,-4.999999682075026,4.999999309311379,-4.999999013220415,4.999999331737463,-4.999999736766512
99.0,206.0,129.88372802734375,4.999983995005496,-4.999998898220345,4.999997460455939,4.999999571446211,4.999999027698371,-4.999999993195283,4.999999770139975,-4.999999954227387,4.999999241039478,-4.999999960142018
99.0,206.0,129.88372802734375,4.999996090512196,-4.9999982695841085,4.999999996092367,4.9999944759735815,4.99999962181578,-4.999996596533313,4.999999997250527,-4.999999425648667,4.999999822941017,-4.99999999734372
99.0,206.0,129.8837432861328,4.999999972269757,-4.99999616541737,4.999993424716389,4.999993435077138,4.99999679385332,-4.99999943046943,4.999999855834826,-4.999999014794351,4.999999431043976,-4.999999998913616
99.0,206.0,129.88372802734375,4.99999548706537,-4.999986682161174,4.99999999608879,4.999998535056081,4.999999316603525,-4.999997610293136,4.999999986252303,-4.9999993339369455,4.999999971515908,-4.9999999520070775
99.0,206.0,129.88372802734375,4.999995132102582,-4.999995609068084,4.999999730563167,4.999996602726709,4.999999554367472,-4.999999288646996,4.999999919660581,-4.9999990487558845,4.999999958771372,-4.999999681854178
99.0,206.0,129.88372802734375,4.999998638110965,-4.999999589944638,4.999999989245715,4.999995217320585,4.999999976137614,-4.999999973560303,4.999999094295556,-4.999999506649536,4.999999299005442,-4.999999808986339
99.0,206.0,129.88372802734375,4.999999891349837,-4.999998069571356,4.99999340577661,4.999996553241809,4.999999329527874,-4.999998769698805,4.999999865188357,-4.999999944691812,4.999999986073376,-4.999999028156138
99.0,206.0,129.8837432861328,4.999991805712316,-4.999998146536331,4.9999906837704895,4.999997871079864,4.999997271096049,-4.999999998764162,4.999998666697753,-4.999999341081819,4.999999999447596,-4.999999943879382
99.0,206.0,129.8837432861328,4.999988359062408,-4.9999945294574175,4.9999990000301375,4.999996787223846,4.999999940171628,-4.999997111484486,4.999999929683956,-4.999999660365445,4.999999622468572,-4.999999999065377
99.0,206.0,129.8837127685547,4.999999069254219,-4.999999236368906,4.99999695645012,4.999999514967227,4.9999996006141805,-4.9999999948071165,4.999999997314857,-4.999999968490431,4.9999993366379645,-4.999999989134744
99.0,206.0,129.8837432861328,4.999980647443122,-4.999991750896365,4.999998516871036,4.999998068777956,4.999999850399549,-4.999999919645989,4.999999375169272,-4.9999999822898085,4.999999241622081,-4.9999999306776095
99.0,206.0,129.88372802734375,4.999997784141086,-4.999999815743987,4.999999995193333,4.999992466790042,4.999999905562087,-4.999998223092692,4.999999924187472,-4.999999541785347,4.999999398769629,-4.9999999092719385
99.0,206.0,129.88372802734375,4.999991938586483,-4.999999927471349,4.9999979830966295,4.999998387763905,4.999996531650917,-4.999997865422196,4.999999957948987,-4.999999643549803,4.999999986044148,-4.999999465070925
99.0,206.0,129.8837432861328,4.999979223167252,-4.999992326447202,4.999996990214324,4.999998378725131,4.999999992172395,-4.999998472185019,4.999999999537297,-4.99999976501824,4.9999997441311255,-4.999999937320065
99.0,206.0,129.8837432861328,4.999982694316744,-4.999997186782624,4.999996505164847,4.999994679234339,4.999999201722335,-4.999999349579062,4.99999999055024,-4.9999995655903335,4.999999874087764,-4.999999604760349
99.0,206.0,129.88372802734375,4.999998923467005,-4.999992720394012,4.999999899046374,4.999996176055153,4.999999411757727,-4.999996242211356,4.999999953598422,-4.999999517341143,4.9999998597948245,-4.999999980848098
99.0,206.0,129.88372802734375,4.999996937548109,-4.999995579450701,4.999998537742719,4.999996254522429,4.999999752833287,-4.999999961986497,4.999999575183561,-4.999998583656781,4.999999668122567,-4.999999719417817
99.0,206.0,129.88372802734375,4.9999987161369415,-4.999999818919961,4.999999990210919,4.999994846072916,4.999999984305483,-4.999999976335631,4.999999050606517,-4.999999432074011,4.999999001509963,-4.999999961688712
99.0,206.0,129.8837432861328,4.9999921256024855,-4.999997413548547,4.999988659348899,4.999994995452982,4.999999123217606,-4.999999518143646,4.99999973119449,-4.999999853338825,4.999999985484315,-4.999999793584843
99.0,206.0,129.88372802734375,4.999983750747935,-4.999999055036507,4.999999096911713,4.999999881435008,4.999998326469374,-4.999999949444266,4.999999681123599,-4.999999992109967,4.999999483274461,-4.9999995050405
99.0,206.0,129.8837432861328,4.999983645233888,-4.999997257797379,4.99999881387389,4.999995056058175,4.9999997397355305,-4.999996918663538,4.999999907063828,-4.999999672437108,4.999999677059611,-4.999999992560927
99.0,207.0,129.88372802734375,4.9999978373794365,-4.999999187876645,4.9999962571728815,4.999995891018373,4.999999390787869,-4.999999882493334,4.999998360982433,-4.999998101315946,4.99999999970647,-4.999999940451039
99.0,207.0,129.8837432861328,4.999980927783634,-4.999996073109704,4.999994151183067,4.999999093747018,4.999998707669764,-4.999999321634874,4.999999816943033,-4.99999999440379,4.999999969578377,-4.999999474384177
99.0,207.0,129.88372802734375,4.99999779540322,-4.99999754251637,4.99999958863175,4.999995716396278,4.999999964353668,-4.999999966940284,4.9999995888439965,-4.999998713311573,4.99999937022195,-4.999999684076315
99.0,207.0,129.8837432861328,4.9999965894905465,-4.9999945768722815,4.9999995926054375,4.999994035434149,4.999999743057482,-4.999995212589138,4.999999999314974,-4.999999110085449,4.999999998391667,-4.999999921811513
99.0,207.0,129.8837432861328,4.999980233428536,-4.999997102481795,4.999996223099576,4.999995626697276,4.999999877803053,-4.999999969223741,4.999999808439699,-4.999999936244806,4.9999992423195,-4.99999995976122
99.0,207.0,129.88372802734375,4.999996934656673,-4.999999202685336,4.999996853583106,4.999996065120513,4.9999992915549605,-4.999999792824376,4.999999148174361,-4.999998333865498,4.999999681720103,-4.99999992166922
99.0,207.0,129.8837432861328,4.999998430283307,-4.9999997698622085,4.999999986944797,4.999990200458945,4.999999634207972,-4.999997940656821,4.999999999986261,-4.999998550738997,4.999999805501197,-4.999999550634783
99.0,207.0,129.88372802734375,4.9999998058274615,-4.999993128772559,4.999999995735716,4.999996740041011,4.999998645210196,-4.999999796807257,4.99999796617285,-4.999999378312045,4.999999891529246,-4.99999999884497
99.0,207.0,129.8837127685547,4.999998585815827,-4.999999900389239,4.999998685349209,4.999997388164314,4.9999990640077545,-4.999999821334052,4.999999230654643,-4.999999569994776,4.999999463521204,-4.999999905553958
99.0,207.0,129.88372802734375,4.999988386859325,-4.999998575660436,4.999999327637995,4.999998583637551,4.999999814422344,-4.999996748979555,4.999999988507312,-4.999999961149898,4.999999900063376,-4.999999092957556
99.0,207.0,129.8837432861328,4.9999954957626205,-4.999990610286332,4.999996754070951,4.999995198771126,4.99999953034931,-4.999999698751333,4.999998823950131,-4.999999341885626,4.9999999999034594,-4.999999966766871
99.0,207.0,129.8837432861328,4.999996226795093,-4.999997928234592,4.999983450926118,4.9999998652753685,4.999997929620254,-4.999999690528578,4.9999998226819375,-4.999999775797448,4.999999991176702,-4.999999939463035
99.0,207.0,129.88372802734375,4.999997285406208,-4.9999981622386205,4.99999671892575,4.999999962717195,4.999998221914966,-4.999999256567207,4.999998284382984,-4.999999068979866,4.999999997146426,-4.999999907892356
99.0,207.0,129.88372802734375,4.9999933357528725,-4.999997184574941,4.999999999401708,4.9999974158715,4.999999774659734,-4.999997187165217,4.999999955219906,-4.999999174956541,4.99999958359537,-4.999999999130033
99.0,207.0,129.8837127685547,4.999989649457818,-4.999999481782292,4.99999993431342,4.9999967930951374,4.999999946758708,-4.99999980775238,4.999999996317017,-4.99999998537244,4.999999390474427,-4.999999839489044
99.0,207.0,129.88372802734375,4.999978210413861,-4.999999350546233,4.999997829027349,4.999999953480997,4.999998426161793,-4.9999998106681005,4.99999968486995,-4.999999993435342,4.999999379220066,-4.999999947354492
99.0,207.0,129.88372802734375,4.999996406761424,-4.999999757417578,4.999999996848003,4.999993936739001,4.999999981984064,-4.999999978957234,4.999999903172161,-4.999999416439284,4.999999279096805,-4.999999910165094
99.0,207.0,129.88372802734375,4.999994774125023,-4.999999822259033,4.999998859257296,4.999999534438233,4.999998623858133,-4.999997376241732,4.99999999790414,-4.999999116033867,4.999999996368273,-4.999999246698147
99.0,207.0,129.88372802734375,4.999991938586483,-4.999999927471349,4.9999979830966295,4.999999700861492,4.999996531650917,-4.999997865422196,4.999999957948987,-4.999999643549803,4.999999986044148,-4.999999465070925
99.0,207.0,129.88372802734375,4.999999715336943,-4.999992954984526,4.99999991741618,4.999995431264346,4.999998875975553,-4.9999992705526894,4.999998301939536,-4.999999509492129,4.999999891588333,-4.999999964735072
99.0,207.0,129.88372802734375,4.9999998609873,-4.99999066594079,4.999998529589303,4.99999628604763,4.999998679102216,-4.999999798042847,4.999997966039128,-4.999999420316922,4.999999834392467,-4.999999999239734
99.0,207.0,129.88372802734375,4.999998757639762,-4.9999908239574005,4.999999074842162,4.999997234985869,4.999999468989845,-4.999997489666261,4.999999975759371,-4.999999873232854,4.999999981307004,-4.999999123729995
99.0,207.0,129.88372802734375,4.9999996800155895,-4.999995501792909,4.999997429816906,4.999997390845893,4.999998392452298,-4.999999315821043,4.999999621610611,-4.999998667098746,4.999999820074336,-4.999999606207634
99.0,207.0,129.88372802734375,4.999999991658655,-4.9999983215786905,4.999999966683243,4.999993094770316,4.999999518746788,-4.9999993813134616,4.999999783577511,-4.9999988086468345,4.999999541993538,-4.999999695074438
99.0,207.0,129.8837432861328,4.999998930262302,-4.999985017220896,4.99999379259994,4.999997182692836,4.999999757523172,-4.999999962098537,4.999999991781658,-4.999999968098967,4.9999999204549646,-4.999998617995115
99.0,207.0,129.88372802734375,4.999998127333494,-4.999996884400519,4.999999790200206,4.999995024400801,4.999999674590121,-4.99999989844109,4.999999620784356,-4.999998719147538,4.999999825402038,-4.999999553956971
99.0,207.0,129.88372802734375,4.9999987874132135,-4.999998797524475,4.999999992869606,4.999995924599444,4.999999987551333,-4.999999981188872,4.999998840308704,-4.9999994429312045,4.999998934484658,-4.999999997669472
99.0,207.0,129.88372802734375,4.999979412690191,-4.999993177131219,4.999999216854173,4.999998772578843,4.999999987416873,-4.999999229403863,4.999999815707734,-4.999999899735195,4.999999851052872,-4.999999775762527
99.0,207.0,129.88372802734375,4.99999951176839,-4.999999808462246,4.9999999993764925,4.999991899406359,4.999999980180829,-4.999999682075026,4.999999309311379,-4.999999013220415,4.999999331737463,-4.999999736766512
99.0,207.0,129.88372802734375,4.999983995005496,-4.999998898220345,4.999997460455939,4.999999571446211,4.999999027698371,-4.999999993195283,4.999999770139975,-4.999999954227387,4.999999241039478,-4.999999960142018
99.0,207.0,129.88372802734375,4.999996090512196,-4.9999982695841085,4.999999996092367,4.9999944759735815,4.99999962181578,-4.999996596533313,4.999999997250527,-4.999999425648667,4.999999822941017,-4.99999999734372
99.0,207.0,129.88372802734375,4.999999593935166,-4.99999616541737,4.999993424716389,4.999999905768433,4.999998678094441,-4.999999999551555,4.999999931045873,-4.999999976216114,4.999999540428631,-4.999999959301245
99.0,207.0,129.88372802734375,4.99999548706537,-4.999986682161174,4.99999999608879,4.999998535056081,4.999999316603525,-4.999997610293136,4.999999986252303,-4.9999993339369455,4.999999971515908,-4.9999999520070775
99.0,207.0,129.88372802734375,4.999995132102582,-4.999995609068084,4.999999730563167,4.999996602726709,4.999999554367472,-4.999999288646996,4.999999919660581,-4.9999990487558845,4.999999958771372,-4.999999681854178
99.0,207.0,129.8837127685547,4.999998638110965,-4.99999991551967,4.99999682414086,4.99999999196101,4.999999976137614,-4.999998752784762,4.999999735236533,-4.999999998223117,4.999999904999811,-4.999999681055218
99.0,207.0,129.88372802734375,4.999999891349837,-4.999998069571356,4.99999340577661,4.999996553241809,4.999999329527874,-4.999998769698805,4.999999865188357,-4.999999944691812,4.999999986073376,-4.999999028156138
99.0,207.0,129.8837432861328,4.999991805712316,-4.999998146536331,4.9999906837704895,4.999997871079864,4.999997271096049,-4.999999998764162,4.999998666697753,-4.999999341081819,4.999999999447596,-4.999999943879382
99.0,207.0,129.8837127685547,4.99999113882883,-4.999999965174691,4.9999990000301375,4.99999931259196,4.999999936157908,-4.999999878605406,4.999999996349182,-4.999999994938526,4.9999991473229,-4.999999835384555
99.0,207.0,129.8837127685547,4.999999069254219,-4.999999236368906,4.99999695645012,4.999999514967227,4.9999996006141805,-4.9999999948071165,4.999999997314857,-4.999999968490431,4.9999993366379645,-4.999999989134744
99.0,207.0,129.8837432861328,4.999980647443122,-4.999991750896365,4.999998516871036,4.999998068777956,4.999999850399549,-4.999999919645989,4.999999375169272,-4.9999999822898085,4.999999241622081,-4.9999999306776095
99.0,207.0,129.88372802734375,4.999997784141086,-4.999999815743987,4.999999995193333,4.999992466790042,4.999999905562087,-4.999998223092692,4.999999924187472,-4.999999541785347,4.999999398769629,-4.9999999092719385
99.0,207.0,129.88372802734375,4.999991938586483,-4.999999927471349,4.9999979830966295,4.999998387763905,4.999996531650917,-4.999997865422196,4.999999957948987,-4.999999643549803,4.999999986044148,-4.999999465070925
99.0,207.0,129.8837432861328,4.999979223167252,-4.999992326447202,4.999996990214324,4.999998378725131,4.999999992172395,-4.999998472185019,4.999999999537297,-4.99999976501824,4.9999997441311255,-4.999999937320065
99.0,207.0,129.8837432861328,4.999982694316744,-4.999997186782624,4.999996505164847,4.999994679234339,4.999999201722335,-4.999999349579062,4.99999999055024,-4.9999995655903335,4.999999874087764,-4.999999604760349
99.0,207.0,129.88372802734375,4.999998923467005,-4.999992720394012,4.999999899046374,4.999996176055153,4.999999411757727,-4.999996242211356,4.999999953598422,-4.999999517341143,4.9999998597948245,-4.999999980848098
99.0,207.0,129.88372802734375,4.999996937548109,-4.999995579450701,4.999998537742719,4.999996254522429,4.999999752833287,-4.999999961986497,4.999999575183561,-4.999998583656781,4.999999668122567,-4.999999719417817
99.0,207.0,129.88372802734375,4.9999987161369415,-4.999999818919961,4.999999990210919,4.999994846072916,4.999999984305483,-4.999999976335631,4.999999050606517,-4.999999432074011,4.999999001509963,-4.999999961688712
99.0,207.0,129.88372802734375,4.999988844861623,-4.999999901339956,4.999996838190906,4.999994995452982,4.999999564921504,-4.999999987153889,4.999999983904724,-4.9999997833711145,4.999999138886788,-4.999999903067032
99.0,207.0,129.88372802734375,4.999983750747935,-4.999999055036507,4.999999096911713,4.999999881435008,4.999998326469374,-4.999999949444266,4.999999681123599,-4.999999992109967,4.999999483274461,-4.9999995050405
99.0,207.0,129.8837432861328,4.999983645233888,-4.999997257797379,4.99999881387389,4.999995056058175,4.9999997397355305,-4.999996918663538,4.999999907063828,-4.999999672437108,4.999999677059611,-4.999999992560927
99.0,208.0,129.88372802734375,4.9999978373794365,-4.999999187876645,4.9999962571728815,4.999995891018373,4.999999390787869,-4.999999882493334,4.999998360982433,-4.999998101315946,4.99999999970647,-4.999999940451039
99.0,208.0,129.88372802734375,4.999997571582172,-4.999999323358316,4.999995537492291,4.999997964405988,4.999999109685216,-4.999999806757792,4.999999352409791,-4.999998961454926,4.999999664928111,-4.999999474384177
99.0,208.0,129.8837127685547,4.99999779540322,-4.999999927471349,4.99999958863175,4.999999700861492,4.999996531650917,-4.999999966940284,4.999999957948987,-4.999999643549803,4.999999986044148,-4.999999465070925
99.0,208.0,129.8837432861328,4.9999965894905465,-4.9999945768722815,4.9999995926054375,4.999994035434149,4.999999743057482,-4.999995212589138,4.999999999314974,-4.999999110085449,4.999999998391667,-4.999999921811513
99.0,208.0,129.88372802734375,4.999999696073061,-4.9999925245635,4.999996764506792,4.999994291643363,4.99999948156618,-4.999999719921587,4.999998923957276,-4.999999936244806,4.999999999974537,-4.99999995976122
99.0,208.0,129.88372802734375,4.999996934656673,-4.999999202685336,4.999996853583106,4.999996065120513,4.9999992915549605,-4.999999792824376,4.999999148174361,-4.999998333865498,4.999999681720103,-4.99999992166922
99.0,208.0,129.88372802734375,4.999999775077656,-4.999994564021413,4.999999964856417,4.999995266302854,4.999998993334576,-4.999999280153877,4.999997934502108,-4.99999993912934,4.999999524769379,-4.999999997217436
99.0,208.0,129.88372802734375,4.9999998058274615,-4.999993128772559,4.999999995735716,4.999996740041011,4.999998645210196,-4.999999796807257,4.99999796617285,-4.999999378312045,4.999999891529246,-4.99999999884497
99.0,208.0,129.8837127685547,4.999998585815827,-4.999999900389239,4.999998685349209,4.999997388164314,4.9999990640077545,-4.999999821334052,4.999999230654643,-4.999999569994776,4.999999463521204,-4.999999905553958
99.0,208.0,129.88372802734375,4.999988386859325,-4.999998575660436,4.999999327637995,4.999998583637551,4.999999814422344,-4.999996748979555,4.999999988507312,-4.999999961149898,4.999999900063376,-4.999999092957556
99.0,208.0,129.8837432861328,4.9999954957626205,-4.999990610286332,4.999996754070951,4.999995198771126,4.99999953034931,-4.999999698751333,4.999998823950131,-4.999999341885626,4.9999999999034594,-4.999999966766871
99.0,208.0,129.88372802734375,4.99999921972648,-4.999996778787598,4.999999999758316,4.999992804250291,4.999999582389704,-4.999999690528578,4.999999333186716,-4.999999901763816,4.9999995036742,-4.999999947859814
99.0,208.0,129.88372802734375,4.999997285406208,-4.9999981622386205,4.99999671892575,4.999999962717195,4.999998221914966,-4.999999256567207,4.999998284382984,-4.999999068979866,4.999999997146426,-4.999999907892356
99.0,208.0,129.88372802734375,4.9999933357528725,-4.999997184574941,4.999999999401708,4.9999974158715,4.999999774659734,-4.999997187165217,4.999999955219906,-4.999999174956541,4.99999958359537,-4.999999999130033
99.0,208.0,129.8837127685547,4.999989649457818,-4.999999481782292,4.99999993431342,4.9999967930951374,4.999999946758708,-4.99999980775238,4.999999996317017,-4.99999998537244,4.999999390474427,-4.999999839489044
99.0,208.0,129.88372802734375,4.999978210413861,-4.999999350546233,4.999997829027349,4.999999953480997,4.999998426161793,-4.9999998106681005,4.99999968486995,-4.999999993435342,4.999999379220066,-4.999999947354492
99.0,208.0,129.88372802734375,4.999996406761424,-4.999999757417578,4.999999996848003,4.999993936739001,4.999999981984064,-4.999999978957234,4.999999903172161,-4.999999416439284,4.999999279096805,-4.999999910165094
99.0,208.0,129.88372802734375,4.999994774125023,-4.999999822259033,4.999998859257296,4.999999534438233,4.999998623858133,-4.999997376241732,4.99999999790414,-4.999999116033867,4.999999996368273,-4.999999246698147
99.0,208.0,129.88372802734375,4.999991938586483,-4.999999927471349,4.9999979830966295,4.999999700861492,4.999996531650917,-4.999997865422196,4.999999957948987,-4.999999643549803,4.999999986044148,-4.999999465070925
99.0,208.0,129.8837127685547,4.999999715336943,-4.99999965077725,4.999995623232615,4.999998300932021,4.999998684962921,-4.999999989418555,4.9999998153328935,-4.999999994710262,4.999999792750027,-4.999999425468666
99.0,208.0,129.88372802734375,4.9999998609873,-4.99999066594079,4.999998529589303,4.99999628604763,4.999998679102216,-4.999999798042847,4.999997966039128,-4.999999420316922,4.999999834392467,-4.999999999239734
99.0,208.0,129.88372802734375,4.999998757639762,-4.9999908239574005,4.999999074842162,4.999997234985869,4.999999468989845,-4.999997489666261,4.999999975759371,-4.999999873232854,4.999999981307004,-4.999999123729995
99.0,208.0,129.88372802734375,4.9999996800155895,-4.999995501792909,4.999997429816906,4.999997390845893,4.999998392452298,-4.999999315821043,4.999999621610611,-4.999998667098746,4.999999820074336,-4.999999606207634
99.0,208.0,129.88372802734375,4.999999991658655,-4.9999983215786905,4.999999966683243,4.999993094770316,4.999999518746788,-4.9999993813134616,4.999999783577511,-4.9999988086468345,4.999999541993538,-4.999999695074438
99.0,208.0,129.88372802734375,4.999995353157049,-4.99999983224235,4.999999998888614,4.999991893513117,4.999999986255273,-4.999999962098537,4.999999991781658,-4.999999968098967,4.999998985444932,-4.999999937420732
99.0,208.0,129.88372802734375,4.999998127333494,-4.999996884400519,4.999999790200206,4.999995024400801,4.999999674590121,-4.99999989844109,4.999999620784356,-4.999998719147538,4.999999825402038,-4.999999553956971
99.0,208.0,129.88372802734375,4.9999987874132135,-4.999998797524475,4.999999992869606,4.999995924599444,4.999999987551333,-4.999999981188872,4.999998840308704,-4.9999994429312045,4.999998934484658,-4.999999997669472
99.0,208.0,129.8837127685547,4.999999334897865,-4.999993177131219,4.999995938891902,4.999999743728615,4.999999845818906,-4.999999997041836,4.999999865981054,-4.999999995918842,4.999999290953733,-4.999999998838668
99.0,208.0,129.88372802734375,4.99999951176839,-4.999999808462246,4.9999999993764925,4.999991899406359,4.999999980180829,-4.999999682075026,4.999999309311379,-4.999999013220415,4.999999331737463,-4.999999736766512
99.0,208.0,129.88372802734375,4.999983995005496,-4.999998898220345,4.999997460455939,4.999999571446211,4.999999027698371,-4.999999993195283,4.999999770139975,-4.999999954227387,4.999999241039478,-4.999999960142018
99.0,208.0,129.88372802734375,4.999996090512196,-4.9999982695841085,4.999999996092367,4.9999944759735815,4.99999962181578,-4.999996596533313,4.999999997250527,-4.999999425648667,4.999999822941017,-4.99999999734372
99.0,208.0,129.88372802734375,4.999999593935166,-4.99999616541737,4.999993424716389,4.999999905768433,4.999998678094441,-4.999999999551555,4.999999931045873,-4.999999976216114,4.999999540428631,-4.999999959301245
99.0,208.0,129.88372802734375,4.99999548706537,-4.999986682161174,4.99999999608879,4.999998535056081,4.999999316603525,-4.999997610293136,4.999999986252303,-4.9999993339369455,4.999999971515908,-4.9999999520070775
99.0,208.0,129.88372802734375,4.999995132102582,-4.999995609068084,4.999999730563167,4.999996602726709,4.999999554367472,-4.999999288646996,4.999999919660581,-4.9999990487558845,4.999999958771372,-4.999999681854178
99.0,208.0,129.8837127685547,4.999998638110965,-4.99999991551967,4.99999682414086,4.99999999196101,4.999999976137614,-4.999998752784762,4.999999735236533,-4.999999998223117,4.999999904999811,-4.999999681055218
99.0,208.0,129.88372802734375,4.999999891349837,-4.999998069571356,4.99999340577661,4.999996553241809,4.999999329527874,-4.999998769698805,4.999999865188357,-4.999999944691812,4.999999986073376,-4.999999028156138
99.0,208.0,129.8837432861328,4.999991805712316,-4.999998146536331,4.9999906837704895,4.999997871079864,4.999997271096049,-4.999999998764162,4.999998666697753,-4.999999341081819,4.999999999447596,-4.999999943879382
99.0,208.0,129.8837127685547,4.99999113882883,-4.999999965174691,4.9999990000301375,4.99999931259196,4.999999936157908,-4.999999878605406,4.999999996349182,-4.999999994938526,4.9999991473229,-4.999999835384555
99.0,208.0,129.8837127685547,4.999999069254219,-4.999999236368906,4.99999695645012,4.999999514967227,4.9999996006141805,-4.9999999948071165,4.999999997314857,-4.999999968490431,4.9999993366379645,-4.999999989134744
99.0,208.0,129.88372802734375,4.999994110672155,-4.999991750896365,4.999997078698009,4.999998496040927,4.999998992150063,-4.99999999348554,4.999999834579453,-4.999999979441779,4.999999753891911,-4.999998840360812
99.0,208.0,129.88372802734375,4.999997784141086,-4.999999815743987,4.999999995193333,4.999992466790042,4.999999905562087,-4.999998223092692,4.999999924187472,-4.999999541785347,4.999999398769629,-4.9999999092719385
99.0,208.0,129.88372802734375,4.999991938586483,-4.999999927471349,4.9999979830966295,4.999998387763905,4.999996531650917,-4.999997865422196,4.999999957948987,-4.999999643549803,4.999999986044148,-4.999999465070925
99.0,208.0,129.8837432861328,4.999979223167252,-4.999992326447202,4.999996990214324,4.999998378725131,4.999999992172395,-4.999998472185019,4.999999999537297,-4.99999976501824,4.9999997441311255,-4.999999937320065
99.0,208.0,129.8837432861328,4.999982694316744,-4.999997186782624,4.999996505164847,4.999994679234339,4.999999201722335,-4.999999349579062,4.99999999055024,-4.9999995655903335,4.999999874087764,-4.999999604760349
99.0,208.0,129.88372802734375,4.999998923467005,-4.999992720394012,4.999999899046374,4.999996176055153,4.999999411757727,-4.999996242211356,4.999999953598422,-4.999999517341143,4.9999998597948245,-4.999999980848098
99.0,208.0,129.88372802734375,4.999996937548109,-4.999995579450701,4.999998537742719,4.999996254522429,4.999999752833287,-4.999999961986497,4.999999575183561,-4.999998583656781,4.999999668122567,-4.999999719417817
99.0,208.0,129.88372802734375,4.9999987161369415,-4.999999818919961,4.999999990210919,4.999994846072916,4.999999984305483,-4.999999976335631,4.999999050606517,-4.999999432074011,4.999999001509963,-4.999999961688712
99.0,208.0,129.88372802734375,4.999988844861623,-4.999999901339956,4.999996838190906,4.999994995452982,4.999999564921504,-4.999999987153889,4.999999983904724,-4.9999997833711145,4.999999138886788,-4.999999903067032
99.0,208.0,129.88372802734375,4.999983750747935,-4.999999055036507,4.999999096911713,4.999999881435008,4.999998326469374,-4.999999949444266,4.999999681123599,-4.999999992109967,4.999999483274461,-4.9999995050405
99.0,208.0,129.8837432861328,4.999983645233888,-4.999997257797379,4.99999881387389,4.999995056058175,4.9999997397355305,-4.999996918663538,4.999999907063828,-4.999999672437108,4.999999677059611,-4.999999992560927
99.0,209.0,129.88372802734375,4.9999978373794365,-4.999999187876645,4.9999962571728815,4.999995891018373,4.999999390787869,-4.999999882493334,4.999998360982433,-4.999998101315946,4.99999999970647,-4.999999940451039
99.0,209.0,129.88372802734375,4.999997571582172,-4.999999323358316,4.999995537492291,4.999997964405988,4.999999109685216,-4.999999806757792,4.999999352409791,-4.999998961454926,4.999999664928111,-4.999999474384177
99.0,209.0,129.8837127685547,4.99999779540322,-4.999999927471349,4.99999958863175,4.999999700861492,4.999996531650917,-4.999999966940284,4.999999957948987,-4.999999643549803,4.999999986044148,-4.999999465070925
99.0,209.0,129.88372802734375,4.999993694120149,-4.999999992714675,4.999999714368712,4.999999776374607,4.999999743057482,-4.999996120448674,4.999999999314974,-4.999999032569324,4.999999788214229,-4.999999921811513
99.0,209.0,129.8837127685547,4.999999410657363,-4.999999930807812,4.999998367686694,4.999999631567844,4.9999999069641845,-4.999998694507363,4.999998923957276,-4.999999993284398,4.999999999974537,-4.999999733233347
99.0,209.0,129.88372802734375,4.999996934656673,-4.999999202685336,4.999996853583106,4.999996065120513,4.9999992915549605,-4.999999792824376,4.999999148174361,-4.999998333865498,4.999999681720103,-4.99999992166922
99.0,209.0,129.88372802734375,4.999999775077656,-4.999994564021413,4.999999964856417,4.999995266302854,4.999998993334576,-4.999999280153877,4.999997934502108,-4.99999993912934,4.999999524769379,-4.999999997217436
99.0,209.0,129.88372802734375,4.9999998058274615,-4.999993128772559,4.999999995735716,4.999996740041011,4.999998645210196,-4.999999796807257,4.99999796617285,-4.999999378312045,4.999999891529246,-4.99999999884497
99.0,209.0,129.8837127685547,4.999998585815827,-4.999999900389239,4.999998685349209,4.999997388164314,4.9999990640077545,-4.999999821334052,4.999999230654643,-4.999999569994776,4.999999463521204,-4.999999905553958
99.0,209.0,129.88372802734375,4.999988386859325,-4.999998575660436,4.999999327637995,4.999998583637551,4.999999814422344,-4.999996748979555,4.999999988507312,-4.999999961149898,4.999999900063376,-4.999999092957556
99.0,209.0,129.8837432861328,4.9999954957626205,-4.999990610286332,4.999996754070951,4.999995198771126,4.99999953034931,-4.999999698751333,4.999998823950131,-4.999999341885626,4.9999999999034594,-4.999999966766871
99.0,209.0,129.88372802734375,4.99999921972648,-4.999996778787598,4.999999999758316,4.999992804250291,4.999999582389704,-4.999999690528578,4.999999333186716,-4.999999901763816,4.9999995036742,-4.999999947859814
99.0,209.0,129.88372802734375,4.999997285406208,-4.9999981622386205,4.99999671892575,4.999999962717195,4.999998221914966,-4.999999256567207,4.999998284382984,-4.999999068979866,4.999999997146426,-4.999999907892356
99.0,209.0,129.88372802734375,4.9999933357528725,-4.999997184574941,4.999999999401708,4.9999974158715,4.999999774659734,-4.999997187165217,4.999999955219906,-4.999999174956541,4.99999958359537,-4.999999999130033
99.0,209.0,129.8837127685547,4.999989649457818,-4.999999481782292,4.99999993431342,4.9999967930951374,4.999999946758708,-4.99999980775238,4.999999996317017,-4.99999998537244,4.999999390474427,-4.999999839489044
99.0,209.0,129.88372802734375,4.999978210413861,-4.999999350546233,4.999997829027349,4.999999953480997,4.999998426161793,-4.9999998106681005,4.99999968486995,-4.999999993435342,4.999999379220066,-4.999999947354492
99.0,209.0,129.88372802734375,4.999996406761424,-4.999999757417578,4.999999996848003,4.999993936739001,4.999999981984064,-4.999999978957234,4.999999903172161,-4.999999416439284,4.999999279096805,-4.999999910165094
99.0,209.0,129.88372802734375,4.999994774125023,-4.999999822259033,4.999998859257296,4.999999534438233,4.999998623858133,-4.999997376241732,4.99999999790414,-4.999999116033867,4.999999996368273,-4.999999246698147
99.0,209.0,129.88372802734375,4.999991938586483,-4.999999927471349,4.9999979830966295,4.999999700861492,4.999996531650917,-4.999997865422196,4.999999957948987,-4.999999643549803,4.999999986044148,-4.999999465070925
99.0,209.0,129.8837127685547,4.999999715336943,-4.99999965077725,4.999995623232615,4.999998300932021,4.999998684962921,-4.999999989418555,4.9999998153328935,-4.999999994710262,4.999999792750027,-4.999999425468666
99.0,209.0,129.88372802734375,4.9999998609873,-4.99999066594079,4.999998529589303,4.99999628604763,4.999998679102216,-4.999999798042847,4.999997966039128,-4.999999420316922,4.999999834392467,-4.999999999239734
99.0,209.0,129.8837127685547,4.999999788014327,-4.999999982629428,4.999999991803213,4.999995014335933,4.999999771944335,-4.999999990777506,4.999999975759371,-4.999999948701679,4.999999065420921,-4.999999937230957
99.0,209.0,129.88372802734375,4.9999996800155895,-4.999995501792909,4.999997429816906,4.999997390845893,4.999998392452298,-4.999999315821043,4.999999621610611,-4.999998667098746,4.999999820074336,-4.999999606207634
99.0,209.0,129.88372802734375,4.999999991658655,-4.9999983215786905,4.999999966683243,4.999993094770316,4.999999518746788,-4.9999993813134616,4.999999783577511,-4.9999988086468345,4.999999541993538,-4.999999695074438
99.0,209.0,129.88372802734375,4.999995353157049,-4.99999983224235,4.999999998888614,4.999991893513117,4.999999986255273,-4.999999962098537,4.999999991781658,-4.999999968098967,4.999998985444932,-4.999999937420732
99.0,209.0,129.88372802734375,4.999998127333494,-4.999996884400519,4.999999790200206,4.999995024400801,4.999999674590121,-4.99999989844109,4.999999620784356,-4.999998719147538,4.999999825402038,-4.999999553956971
99.0,209.0,129.88372802734375,4.9999987874132135,-4.999998797524475,4.999999992869606,4.999995924599444,4.999999987551333,-4.999999981188872,4.999998840308704,-4.9999994429312045,4.999998934484658,-4.999999997669472
99.0,209.0,129.8837127685547,4.999999334897865,-4.999993177131219,4.999995938891902,4.999999743728615,4.999999845818906,-4.999999997041836,4.999999865981054,-4.999999995918842,4.999999290953733,-4.999999998838668
99.0,209.0,129.88372802734375,4.99999951176839,-4.999999808462246,4.9999999993764925,4.999991899406359,4.999999980180829,-4.999999682075026,4.999999309311379,-4.999999013220415,4.999999331737463,-4.999999736766512
99.0,209.0,129.88372802734375,4.999983995005496,-4.999998898220345,4.999997460455939,4.999999571446211,4.999999027698371,-4.999999993195283,4.999999770139975,-4.999999954227387,4.999999241039478,-4.999999960142018
99.0,209.0,129.88372802734375,4.999996090512196,-4.9999982695841085,4.999999996092367,4.9999944759735815,4.99999962181578,-4.999996596533313,4.999999997250527,-4.999999425648667,4.999999822941017,-4.99999999734372
99.0,209.0,129.88372802734375,4.999999593935166,-4.99999616541737,4.999993424716389,4.999999905768433,4.999998678094441,-4.999999999551555,4.999999931045873,-4.999999976216114,4.999999540428631,-4.999999959301245
99.0,209.0,129.88372802734375,4.99999548706537,-4.999986682161174,4.99999999608879,4.999998535056081,4.999999316603525,-4.999997610293136,4.999999986252303,-4.9999993339369455,4.999999971515908,-4.9999999520070775
99.0,209.0,129.88372802734375,4.999995132102582,-4.999995609068084,4.999999730563167,4.999996602726709,4.999999554367472,-4.999999288646996,4.999999919660581,-4.9999990487558845,4.999999958771372,-4.999999681854178
99.0,209.0,129.8837127685547,4.999998638110965,-4.99999991551967,4.99999682414086,4.99999999196101,4.999999976137614,-4.999998752784762,4.999999735236533,-4.999999998223117,4.999999904999811,-4.999999681055218
99.0,209.0,129.88372802734375,4.999999891349837,-4.999998069571356,4.99999340577661,4.999996553241809,4.999999329527874,-4.999998769698805,4.999999865188357,-4.999999944691812,4.999999986073376,-4.999999028156138
99.0,209.0,129.8837432861328,4.999991805712316,-4.999998146536331,4.9999906837704895,4.999997871079864,4.999997271096049,-4.999999998764162,4.999998666697753,-4.999999341081819,4.999999999447596,-4.999999943879382
99.0,209.0,129.8837127685547,4.99999113882883,-4.999999965174691,4.9999990000301375,4.99999931259196,4.999999936157908,-4.999999878605406,4.999999996349182,-4.999999994938526,4.9999991473229,-4.999999835384555
99.0,209.0,129.8837127685547,4.999999069254219,-4.999999236368906,4.99999695645012,4.999999514967227,4.9999996006141805,-4.9999999948071165,4.999999997314857,-4.999999968490431,4.9999993366379645,-4.999999989134744
99.0,209.0,129.88372802734375,4.999994110672155,-4.999991750896365,4.999997078698009,4.999998496040927,4.999998992150063,-4.99999999348554,4.999999834579453,-4.999999979441779,4.999999753891911,-4.999998840360812
99.0,209.0,129.88372802734375,4.999997784141086,-4.999999815743987,4.999999995193333,4.999992466790042,4.999999905562087,-4.999998223092692,4.999999924187472,-4.999999541785347,4.999999398769629,-4.9999999092719385
99.0,209.0,129.88372802734375,4.999991938586483,-4.999999927471349,4.9999979830966295,4.999998387763905,4.999996531650917,-4.999997865422196,4.999999957948987,-4.999999643549803,4.999999986044148,-4.999999465070925
99.0,209.0,129.8837432861328,4.999979223167252,-4.999992326447202,4.999996990214324,4.999998378725131,4.999999992172395,-4.999998472185019,4.999999999537297,-4.99999976501824,4.9999997441311255,-4.999999937320065
99.0,209.0,129.8837432861328,4.999982694316744,-4.999997186782624,4.999996505164847,4.999994679234339,4.999999201722335,-4.999999349579062,4.99999999055024,-4.9999995655903335,4.999999874087764,-4.999999604760349
99.0,209.0,129.88372802734375,4.999998923467005,-4.999992720394012,4.999999899046374,4.999996176055153,4.999999411757727,-4.999996242211356,4.999999953598422,-4.999999517341143,4.9999998597948245,-4.999999980848098
99.0,209.0,129.88372802734375,4.999996937548109,-4.999995579450701,4.999998537742719,4.999996254522429,4.999999752833287,-4.999999961986497,4.999999575183561,-4.999998583656781,4.999999668122567,-4.999999719417817
99.0,209.0,129.88372802734375,4.9999987161369415,-4.999999818919961,4.999999990210919,4.999994846072916,4.999999984305483,-4.999999976335631,4.999999050606517,-4.999999432074011,4.999999001509963,-4.999999961688712
99.0,209.0,129.88372802734375,4.999988844861623,-4.999999901339956,4.999996838190906,4.999994995452982,4.999999564921504,-4.999999987153889,4.999999983904724,-4.9999997833711145,4.999999138886788,-4.999999903067032
99.0,209.0,129.88372802734375,4.999983750747935,-4.999999055036507,4.999999096911713,4.999999881435008,4.999998326469374,-4.999999949444266,4.999999681123599,-4.999999992109967,4.999999483274461,-4.9999995050405
99.0,209.0,129.88372802734375,4.999982818585355,-4.999998336447421,4.99999881387389,4.99999994947571,4.999998404391041,-4.999999971678153,4.999999599727022,-4.999999947360318,4.999999677059611,-4.999999434481767
99.0,210.0,129.88372802734375,4.9999978373794365,-4.999999187876645,4.9999962571728815,4.999995891018373,4.999999390787869,-4.999999882493334,4.999998360982433,-4.999998101315946,4.99999999970647,-4.999999940451039
99.0,210.0,129.88372802734375,4.999997571582172,-4.999999323358316,4.999995537492291,4.999997964405988,4.999999109685216,-4.999999806757792,4.999999352409791,-4.999998961454926,4.999999664928111,-4.999999474384177
99.0,210.0,129.8837127685547,4.99999779540322,-4.999999927471349,4.99999958863175,4.999999700861492,4.999996531650917,-4.999999966940284,4.999999957948987,-4.999999643549803,4.999999986044148,-4.999999465070925
99.0,210.0,129.88372802734375,4.999993694120149,-4.999999992714675,4.999999714368712,4.999999776374607,4.999999743057482,-4.999996120448674,4.999999999314974,-4.999999032569324,4.999999788214229,-4.999999921811513
99.0,210.0,129.8837127685547,4.999999410657363,-4.999999930807812,4.999998367686694,4.999999631567844,4.9999999069641845,-4.999998694507363,4.999998923957276,-4.999999993284398,4.999999999974537,-4.999999733233347
99.0,210.0,129.88372802734375,4.999996934656673,-4.999999202685336,4.999996853583106,4.999996065120513,4.9999992915549605,-4.999999792824376,4.999999148174361,-4.999998333865498,4.999999681720103,-4.99999992166922
99.0,210.0,129.88372802734375,4.999999775077656,-4.999994564021413,4.999999964856417,4.999995266302854,4.999998993334576,-4.999999280153877,4.999997934502108,-4.99999993912934,4.999999524769379,-4.999999997217436
99.0,210.0,129.88372802734375,4.9999998058274615,-4.999993128772559,4.999999995735716,4.999996740041011,4.999998645210196,-4.999999796807257,4.99999796617285,-4.999999378312045,4.999999891529246,-4.99999999884497
99.0,210.0,129.8837127685547,4.999998585815827,-4.999999900389239,4.999998685349209,4.999997388164314,4.9999990640077545,-4.999999821334052,4.999999230654643,-4.999999569994776,4.999999463521204,-4.999999905553958
99.0,210.0,129.88372802734375,4.999988386859325,-4.999998575660436,4.999999327637995,4.999998583637551,4.999999814422344,-4.999996748979555,4.999999988507312,-4.999999961149898,4.999999900063376,-4.999999092957556
99.0,210.0,129.88372802734375,4.99999939354715,-4.999998363455475,4.999997736438665,4.999996791768485,4.999998353022732,-4.999999930861729,4.999999047206292,-4.9999989229692,4.999999423526685,-4.999999983987223
99.0,210.0,129.88372802734375,4.99999921972648,-4.999996778787598,4.999999999758316,4.999992804250291,4.999999582389704,-4.999999690528578,4.999999333186716,-4.999999901763816,4.9999995036742,-4.999999947859814
99.0,210.0,129.88372802734375,4.999997285406208,-4.9999981622386205,4.99999671892575,4.999999962717195,4.999998221914966,-4.999999256567207,4.999998284382984,-4.999999068979866,4.999999997146426,-4.999999907892356
99.0,210.0,129.88372802734375,4.9999933357528725,-4.999997184574941,4.999999999401708,4.9999974158715,4.999999774659734,-4.999997187165217,4.999999955219906,-4.999999174956541,4.99999958359537,-4.999999999130033
99.0,210.0,129.8837127685547,4.999989649457818,-4.999999481782292,4.99999993431342,4.9999967930951374,4.999999946758708,-4.99999980775238,4.999999996317017,-4.99999998537244,4.999999390474427,-4.999999839489044
99.0,210.0,129.88372802734375,4.999978210413861,-4.999999350546233,4.999997829027349,4.999999953480997,4.999998426161793,-4.9999998106681005,4.99999968486995,-4.999999993435342,4.999999379220066,-4.999999947354492
99.0,210.0,129.88372802734375,4.999996406761424,-4.999999757417578,4.999999996848003,4.999993936739001,4.999999981984064,-4.999999978957234,4.999999903172161,-4.999999416439284,4.999999279096805,-4.999999910165094
99.0,210.0,129.88372802734375,4.999994774125023,-4.999999822259033,4.999998859257296,4.999999534438233,4.999998623858133,-4.999997376241732,4.99999999790414,-4.999999116033867,4.999999996368273,-4.999999246698147
99.0,210.0,129.88372802734375,4.999991938586483,-4.999999927471349,4.9999979830966295,4.999999700861492,4.999996531650917,-4.999997865422196,4.999999957948987,-4.999999643549803,4.999999986044148,-4.999999465070925
99.0,210.0,129.8837127685547,4.999999715336943,-4.99999965077725,4.999995623232615,4.999998300932021,4.999998684962921,-4.999999989418555,4.9999998153328935,-4.999999994710262,4.999999792750027,-4.999999425468666
99.0,210.0,129.88372802734375,4.9999998609873,-4.99999066594079,4.999998529589303,4.99999628604763,4.999998679102216,-4.999999798042847,4.999997966039128,-4.999999420316922,4.999999834392467,-4.999999999239734
99.0,210.0,129.8837127685547,4.999999788014327,-4.999999982629428,4.999999991803213,4.999995014335933,4.999999771944335,-4.999999990777506,4.999999975759371,-4.999999948701679,4.999999065420921,-4.999999937230957
99.0,210.0,129.88372802734375,4.9999996800155895,-4.999995501792909,4.999997429816906,4.999997390845893,4.999998392452298,-4.999999315821043,4.999999621610611,-4.999998667098746,4.999999820074336,-4.999999606207634
99.0,210.0,129.88372802734375,4.999999991658655,-4.9999983215786905,4.999999966683243,4.999993094770316,4.999999518746788,-4.9999993813134616,4.999999783577511,-4.9999988086468345,4.999999541993538,-4.999999695074438
99.0,210.0,129.88372802734375,4.999995353157049,-4.99999983224235,4.999999998888614,4.999991893513117,4.999999986255273,-4.999999962098537,4.999999991781658,-4.999999968098967,4.999998985444932,-4.999999937420732
99.0,210.0,129.88372802734375,4.999998127333494,-4.999996884400519,4.999999790200206,4.999995024400801,4.999999674590121,-4.99999989844109,4.999999620784356,-4.999998719147538,4.999999825402038,-4.999999553956971
99.0,210.0,129.88372802734375,4.9999987874132135,-4.999998797524475,4.999999992869606,4.999995924599444,4.999999987551333,-4.999999981188872,4.999998840308704,-4.9999994429312045,4.999998934484658,-4.999999997669472
99.0,210.0,129.8837127685547,4.999999334897865,-4.999993177131219,4.999995938891902,4.999999743728615,4.999999845818906,-4.999999997041836,4.999999865981054,-4.999999995918842,4.999999290953733,-4.999999998838668
99.0,210.0,129.88372802734375,4.99999951176839,-4.999999808462246,4.9999999993764925,4.999991899406359,4.999999980180829,-4.999999682075026,4.999999309311379,-4.999999013220415,4.999999331737463,-4.999999736766512
99.0,210.0,129.88372802734375,4.999983995005496,-4.999998898220345,4.999997460455939,4.999999571446211,4.999999027698371,-4.999999993195283,4.999999770139975,-4.999999954227387,4.999999241039478,-4.999999960142018
99.0,210.0,129.88372802734375,4.999996090512196,-4.9999982695841085,4.999999996092367,4.9999944759735815,4.99999962181578,-4.999996596533313,4.999999997250527,-4.999999425648667,4.999999822941017,-4.99999999734372
99.0,210.0,129.8837127685547,4.999996064520828,-4.9999999922621,4.999999995607764,4.999995976549756,4.999999834519267,-4.999999999329033,4.9999999863675,-4.999999976216114,4.999998907321769,-4.999999902146255
99.0,210.0,129.8837127685547,4.999999705409738,-4.999999932361455,4.999996875574367,4.9999999973190565,4.999999990478156,-4.999998853776132,4.999999749620872,-4.999999998754437,4.9999997324587415,-4.999999714787981
99.0,210.0,129.88372802734375,4.999995132102582,-4.999995609068084,4.999999730563167,4.999996602726709,4.999999554367472,-4.999999288646996,4.999999919660581,-4.9999990487558845,4.999999958771372,-4.999999681854178
99.0,210.0,129.8837127685547,4.999998638110965,-4.99999991551967,4.99999682414086,4.99999999196101,4.999999976137614,-4.999998752784762,4.999999735236533,-4.999999998223117,4.999999904999811,-4.999999681055218
99.0,210.0,129.88372802734375,4.999999891349837,-4.999998069571356,4.99999340577661,4.999996553241809,4.999999329527874,-4.999998769698805,4.999999865188357,-4.999999944691812,4.999999986073376,-4.999999028156138
99.0,210.0,129.8837432861328,4.999991805712316,-4.999998146536331,4.9999906837704895,4.999997871079864,4.999997271096049,-4.999999998764162,4.999998666697753,-4.999999341081819,4.999999999447596,-4.999999943879382
99.0,210.0,129.8837127685547,4.99999113882883,-4.999999965174691,4.9999990000301375,4.99999931259196,4.999999936157908,-4.999999878605406,4.999999996349182,-4.999999994938526,4.9999991473229,-4.999999835384555
99.0,210.0,129.8837127685547,4.999999069254219,-4.999999236368906,4.99999695645012,4.999999514967227,4.9999996006141805,-4.9999999948071165,4.999999997314857,-4.999999968490431,4.9999993366379645,-4.999999989134744
99.0,210.0,129.88372802734375,4.999994110672155,-4.999991750896365,4.999997078698009,4.999998496040927,4.999998992150063,-4.99999999348554,4.999999834579453,-4.999999979441779,4.999999753891911,-4.999998840360812
99.0,210.0,129.88372802734375,4.999997784141086,-4.999999815743987,4.999999995193333,4.999992466790042,4.999999905562087,-4.999998223092692,4.999999924187472,-4.999999541785347,4.999999398769629,-4.9999999092719385
99.0,210.0,129.88372802734375,4.999991938586483,-4.999999927471349,4.9999979830966295,4.999998387763905,4.999996531650917,-4.999997865422196,4.999999957948987,-4.999999643549803,4.999999986044148,-4.999999465070925
99.0,210.0,129.8837432861328,4.999979223167252,-4.999992326447202,4.999996990214324,4.999998378725131,4.999999992172395,-4.999998472185019,4.999999999537297,-4.99999976501824,4.9999997441311255,-4.999999937320065
99.0,210.0,129.88372802734375,4.999996907593699,-4.999995027255403,4.999999882046758,4.999994679234339,4.999999896931249,-4.999999639385692,4.999999904409751,-4.9999987627980165,4.999999874087764,-4.999999657691971
99.0,210.0,129.88372802734375,4.999998923467005,-4.999992720394012,4.999999899046374,4.999996176055153,4.999999411757727,-4.999996242211356,4.999999953598422,-4.999999517341143,4.9999998597948245,-4.999999980848098
99.0,210.0,129.88372802734375,4.999996937548109,-4.999995579450701,4.999998537742719,4.999996254522429,4.999999752833287,-4.999999961986497,4.999999575183561,-4.999998583656781,4.999999668122567,-4.999999719417817
99.0,210.0,129.88372802734375,4.9999987161369415,-4.999999818919961,4.999999990210919,4.999994846072916,4.999999984305483,-4.999999976335631,4.999999050606517,-4.999999432074011,4.999999001509963,-4.999999961688712
99.0,210.0,129.88372802734375,4.999988844861623,-4.999999901339956,4.999996838190906,4.999994995452982,4.999999564921504,-4.999999987153889,4.999999983904724,-4.9999997833711145,4.999999138886788,-4.999999903067032
99.0,210.0,129.88372802734375,4.999983750747935,-4.999999055036507,4.999999096911713,4.999999881435008,4.999998326469374,-4.999999949444266,4.999999681123599,-4.999999992109967,4.999999483274461,-4.9999995050405
99.0,210.0,129.88372802734375,4.999982818585355,-4.999998336447421,4.99999881387389,4.99999994947571,4.999998404391041,-4.999999971678153,4.999999599727022,-4.999999947360318,4.999999677059611,-4.999999434481767
99.0,211.0,129.88372802734375,4.9999978373794365,-4.999999187876645,4.9999962571728815,4.999995891018373,4.999999390787869,-4.999999882493334,4.999998360982433,-4.999998101315946,4.99999999970647,-4.999999940451039
99.0,211.0,129.88372802734375,4.999997571582172,-4.999999323358316,4.999995537492291,4.999997964405988,4.999999109685216,-4.999999806757792,4.999999352409791,-4.999998961454926,4.999999664928111,-4.999999474384177
99.0,211.0,129.8837127685547,4.99999779540322,-4.999999927471349,4.99999958863175,4.999999700861492,4.999996531650917,-4.999999966940284,4.999999957948987,-4.999999643549803,4.999999986044148,-4.999999465070925
99.0,211.0,129.88372802734375,4.999993694120149,-4.999999992714675,4.999999714368712,4.999999776374607,4.999999743057482,-4.999996120448674,4.999999999314974,-4.999999032569324,4.999999788214229,-4.999999921811513
99.0,211.0,129.8837127685547,4.999999410657363,-4.999999930807812,4.999998367686694,4.999999631567844,4.9999999069641845,-4.999998694507363,4.999998923957276,-4.999999993284398,4.999999999974537,-4.999999733233347
99.0,211.0,129.88372802734375,4.999996934656673,-4.999999202685336,4.999996853583106,4.999996065120513,4.9999992915549605,-4.999999792824376,4.999999148174361,-4.999998333865498,4.999999681720103,-4.99999992166922
99.0,211.0,129.88372802734375,4.999999775077656,-4.999994564021413,4.999999964856417,4.999995266302854,4.999998993334576,-4.999999280153877,4.999997934502108,-4.99999993912934,4.999999524769379,-4.999999997217436
99.0,211.0,129.88372802734375,4.9999998058274615,-4.999993128772559,4.999999995735716,4.999996740041011,4.999998645210196,-4.999999796807257,4.99999796617285,-4.999999378312045,4.999999891529246,-4.99999999884497
99.0,211.0,129.8837127685547,4.999998585815827,-4.999999900389239,4.999998685349209,4.999997388164314,4.9999990640077545,-4.999999821334052,4.999999230654643,-4.999999569994776,4.999999463521204,-4.999999905553958
99.0,211.0,129.88372802734375,4.999988386859325,-4.999998575660436,4.999999327637995,4.999998583637551,4.999999814422344,-4.999996748979555,4.999999988507312,-4.999999961149898,4.999999900063376,-4.999999092957556
99.0,211.0,129.88372802734375,4.99999939354715,-4.999998363455475,4.999997736438665,4.999996791768485,4.999998353022732,-4.999999930861729,4.999999047206292,-4.9999989229692,4.999999423526685,-4.999999983987223
99.0,211.0,129.88372802734375,4.99999921972648,-4.999996778787598,4.999999999758316,4.999992804250291,4.999999582389704,-4.999999690528578,4.999999333186716,-4.999999901763816,4.9999995036742,-4.999999947859814
99.0,211.0,129.88372802734375,4.999997285406208,-4.9999981622386205,4.99999671892575,4.999999962717195,4.999998221914966,-4.999999256567207,4.999998284382984,-4.999999068979866,4.999999997146426,-4.999999907892356
99.0,211.0,129.88372802734375,4.9999933357528725,-4.999997184574941,4.999999999401708,4.9999974158715,4.999999774659734,-4.999997187165217,4.999999955219906,-4.999999174956541,4.99999958359537,-4.999999999130033
99.0,211.0,129.8837127685547,4.999989649457818,-4.999999481782292,4.99999993431342,4.9999967930951374,4.999999946758708,-4.99999980775238,4.999999996317017,-4.99999998537244,4.999999390474427,-4.999999839489044
99.0,211.0,129.88372802734375,4.999978210413861,-4.999999350546233,4.999997829027349,4.999999953480997,4.999998426161793,-4.9999998106681005,4.99999968486995,-4.999999993435342,4.999999379220066,-4.999999947354492
99.0,211.0,129.88372802734375,4.999996406761424,-4.999999757417578,4.999999996848003,4.999993936739001,4.999999981984064,-4.999999978957234,4.999999903172161,-4.999999416439284,4.999999279096805,-4.999999910165094
99.0,211.0,129.88372802734375,4.999994774125023,-4.999999822259033,4.999998859257296,4.999999534438233,4.999998623858133,-4.999997376241732,4.99999999790414,-4.999999116033867,4.999999996368273,-4.999999246698147
99.0,211.0,129.88372802734375,4.999991938586483,-4.999999927471349,4.9999979830966295,4.999999700861492,4.999996531650917,-4.999997865422196,4.999999957948987,-4.999999643549803,4.999999986044148,-4.999999465070925
99.0,211.0,129.8837127685547,4.999999715336943,-4.99999965077725,4.999995623232615,4.999998300932021,4.999998684962921,-4.999999989418555,4.9999998153328935,-4.999999994710262,4.999999792750027,-4.999999425468666
99.0,211.0,129.88372802734375,4.9999998609873,-4.99999066594079,4.999998529589303,4.99999628604763,4.999998679102216,-4.999999798042847,4.999997966039128,-4.999999420316922,4.999999834392467,-4.999999999239734
99.0,211.0,129.8837127685547,4.999999788014327,-4.999999982629428,4.999999991803213,4.999995014335933,4.999999771944335,-4.999999990777506,4.999999975759371,-4.999999948701679,4.999999065420921,-4.999999937230957
99.0,211.0,129.88372802734375,4.9999996800155895,-4.999995501792909,4.999997429816906,4.999997390845893,4.999998392452298,-4.999999315821043,4.999999621610611,-4.999998667098746,4.999999820074336,-4.999999606207634
99.0,211.0,129.88372802734375,4.999999991658655,-4.9999983215786905,4.999999966683243,4.999993094770316,4.999999518746788,-4.9999993813134616,4.999999783577511,-4.9999988086468345,4.999999541993538,-4.999999695074438
99.0,211.0,129.88372802734375,4.999995353157049,-4.99999983224235,4.999999998888614,4.999991893513117,4.999999986255273,-4.999999962098537,4.999999991781658,-4.999999968098967,4.999998985444932,-4.999999937420732
99.0,211.0,129.88372802734375,4.999998127333494,-4.999996884400519,4.999999790200206,4.999995024400801,4.999999674590121,-4.99999989844109,4.999999620784356,-4.999998719147538,4.999999825402038,-4.999999553956971
99.0,211.0,129.88372802734375,4.9999987874132135,-4.999998797524475,4.999999992869606,4.999995924599444,4.999999987551333,-4.999999981188872,4.999998840308704,-4.9999994429312045,4.999998934484658,-4.999999997669472
99.0,211.0,129.8837127685547,4.999999334897865,-4.999993177131219,4.999995938891902,4.999999743728615,4.999999845818906,-4.999999997041836,4.999999865981054,-4.999999995918842,4.999999290953733,-4.999999998838668
99.0,211.0,129.88372802734375,4.99999951176839,-4.999999808462246,4.9999999993764925,4.999991899406359,4.999999980180829,-4.999999682075026,4.999999309311379,-4.999999013220415,4.999999331737463,-4.999999736766512
99.0,211.0,129.88372802734375,4.999983995005496,-4.999998898220345,4.999997460455939,4.999999571446211,4.999999027698371,-4.999999993195283,4.999999770139975,-4.999999954227387,4.999999241039478,-4.999999960142018
99.0,211.0,129.88372802734375,4.999996090512196,-4.9999982695841085,4.999999996092367,4.9999944759735815,4.99999962181578,-4.999996596533313,4.999999997250527,-4.999999425648667,4.999999822941017,-4.99999999734372
99.0,211.0,129.8837127685547,4.999996064520828,-4.9999999922621,4.999999995607764,4.999995976549756,4.999999834519267,-4.999999999329033,4.9999999863675,-4.999999976216114,4.999998907321769,-4.999999902146255
99.0,211.0,129.8837127685547,4.999999705409738,-4.999999932361455,4.999996875574367,4.9999999973190565,4.999999990478156,-4.999998853776132,4.999999749620872,-4.999999998754437,4.9999997324587415,-4.999999714787981
99.0,211.0,129.88372802734375,4.999995132102582,-4.999995609068084,4.999999730563167,4.999996602726709,4.999999554367472,-4.999999288646996,4.999999919660581,-4.9999990487558845,4.999999958771372,-4.999999681854178
99.0,211.0,129.8837127685547,4.999998638110965,-4.99999991551967,4.99999682414086,4.99999999196101,4.999999976137614,-4.999998752784762,4.999999735236533,-4.999999998223117,4.999999904999811,-4.999999681055218
99.0,211.0,129.88372802734375,4.999999891349837,-4.999998069571356,4.99999340577661,4.999996553241809,4.999999329527874,-4.999998769698805,4.999999865188357,-4.999999944691812,4.999999986073376,-4.999999028156138
99.0,211.0,129.88372802734375,4.999999567207206,-4.999997621580457,4.999995572876644,4.999999986834452,4.999998599646933,-4.999998265259944,4.999999821853126,-4.999999802498925,4.99999997081034,-4.999999441962808
99.0,211.0,129.8837127685547,4.99999113882883,-4.999999965174691,4.9999990000301375,4.99999931259196,4.999999936157908,-4.999999878605406,4.999999996349182,-4.999999994938526,4.9999991473229,-4.999999835384555
99.0,211.0,129.8837127685547,4.999999069254219,-4.999999236368906,4.99999695645012,4.999999514967227,4.9999996006141805,-4.9999999948071165,4.999999997314857,-4.999999968490431,4.9999993366379645,-4.999999989134744
99.0,211.0,129.88372802734375,4.999994110672155,-4.999991750896365,4.999997078698009,4.999998496040927,4.999998992150063,-4.99999999348554,4.999999834579453,-4.999999979441779,4.999999753891911,-4.999998840360812
99.0,211.0,129.88372802734375,4.999997784141086,-4.999999815743987,4.999999995193333,4.999992466790042,4.999999905562087,-4.999998223092692,4.999999924187472,-4.999999541785347,4.999999398769629,-4.9999999092719385
99.0,211.0,129.88372802734375,4.999991938586483,-4.999999927471349,4.9999979830966295,4.999998387763905,4.999996531650917,-4.999997865422196,4.999999957948987,-4.999999643549803,4.999999986044148,-4.999999465070925
99.0,211.0,129.8837432861328,4.999979223167252,-4.999992326447202,4.999996990214324,4.999998378725131,4.999999992172395,-4.999998472185019,4.999999999537297,-4.99999976501824,4.9999997441311255,-4.999999937320065
99.0,211.0,129.88372802734375,4.999996907593699,-4.999995027255403,4.999999882046758,4.999994679234339,4.999999896931249,-4.999999639385692,4.999999904409751,-4.9999987627980165,4.999999874087764,-4.999999657691971
99.0,211.0,129.88372802734375,4.999998923467005,-4.999992720394012,4.999999899046374,4.999996176055153,4.999999411757727,-4.999996242211356,4.999999953598422,-4.999999517341143,4.9999998597948245,-4.999999980848098
99.0,211.0,129.88372802734375,4.999996937548109,-4.999995579450701,4.999998537742719,4.999996254522429,4.999999752833287,-4.999999961986497,4.999999575183561,-4.999998583656781,4.999999668122567,-4.999999719417817
99.0,211.0,129.88372802734375,4.9999987161369415,-4.999999818919961,4.999999990210919,4.999994846072916,4.999999984305483,-4.999999976335631,4.999999050606517,-4.999999432074011,4.999999001509963,-4.999999961688712
99.0,211.0,129.88372802734375,4.999988844861623,-4.999999901339956,4.999996838190906,4.999994995452982,4.999999564921504,-4.999999987153889,4.999999983904724,-4.9999997833711145,4.999999138886788,-4.999999903067032
99.0,211.0,129.88372802734375,4.999983750747935,-4.999999055036507,4.999999096911713,4.999999881435008,4.999998326469374,-4.999999949444266,4.999999681123599,-4.999999992109967,4.999999483274461,-4.9999995050405
99.0,211.0,129.88372802734375,4.999982818585355,-4.999998336447421,4.99999881387389,4.99999994947571,4.999998404391041,-4.999999971678153,4.999999599727022,-4.999999947360318,4.999999677059611,-4.999999434481767
99.0,212.0,129.88372802734375,4.9999978373794365,-4.999999187876645,4.9999962571728815,4.999995891018373,4.999999390787869,-4.999999882493334,4.999998360982433,-4.999998101315946,4.99999999970647,-4.999999940451039
99.0,212.0,129.88372802734375,4.999997571582172,-4.999999323358316,4.999995537492291,4.999997964405988,4.999999109685216,-4.999999806757792,4.999999352409791,-4.999998961454926,4.999999664928111,-4.999999474384177
99.0,212.0,129.8837127685547,4.99999779540322,-4.999999927471349,4.99999958863175,4.999999700861492,4.999996531650917,-4.999999966940284,4.999999957948987,-4.999999643549803,4.999999986044148,-4.999999465070925
99.0,212.0,129.88372802734375,4.999993694120149,-4.999999992714675,4.999999714368712,4.999999776374607,4.999999743057482,-4.999996120448674,4.999999999314974,-4.999999032569324,4.999999788214229,-4.999999921811513
99.0,212.0,129.8837127685547,4.999999410657363,-4.999999930807812,4.999998367686694,4.999999631567844,4.9999999069641845,-4.999998694507363,4.999998923957276,-4.999999993284398,4.999999999974537,-4.999999733233347
99.0,212.0,129.88372802734375,4.999996934656673,-4.999999202685336,4.999996853583106,4.999996065120513,4.9999992915549605,-4.999999792824376,4.999999148174361,-4.999998333865498,4.999999681720103,-4.99999992166922
99.0,212.0,129.88372802734375,4.999999775077656,-4.999994564021413,4.999999964856417,4.999995266302854,4.999998993334576,-4.999999280153877,4.999997934502108,-4.99999993912934,4.999999524769379,-4.999999997217436
99.0,212.0,129.88372802734375,4.9999998058274615,-4.999993128772559,4.999999995735716,4.999996740041011,4.999998645210196,-4.999999796807257,4.99999796617285,-4.999999378312045,4.999999891529246,-4.99999999884497
99.0,212.0,129.8837127685547,4.999998585815827,-4.999999900389239,4.999998685349209,4.999997388164314,4.9999990640077545,-4.999999821334052,4.999999230654643,-4.999999569994776,4.999999463521204,-4.999999905553958
99.0,212.0,129.88372802734375,4.999988386859325,-4.999998575660436,4.999999327637995,4.999998583637551,4.999999814422344,-4.999996748979555,4.999999988507312,-4.999999961149898,4.999999900063376,-4.999999092957556
99.0,212.0,129.88372802734375,4.99999939354715,-4.999998363455475,4.999997736438665,4.999996791768485,4.999998353022732,-4.999999930861729,4.999999047206292,-4.9999989229692,4.999999423526685,-4.999999983987223
99.0,212.0,129.88372802734375,4.99999921972648,-4.999996778787598,4.999999999758316,4.999992804250291,4.999999582389704,-4.999999690528578,4.999999333186716,-4.999999901763816,4.9999995036742,-4.999999947859814
99.0,212.0,129.88372802734375,4.999997285406208,-4.9999981622386205,4.99999671892575,4.999999962717195,4.999998221914966,-4.999999256567207,4.999998284382984,-4.999999068979866,4.999999997146426,-4.999999907892356
99.0,212.0,129.88372802734375,4.9999933357528725,-4.999997184574941,4.999999999401708,4.9999974158715,4.999999774659734,-4.999997187165217,4.999999955219906,-4.999999174956541,4.99999958359537,-4.999999999130033
99.0,212.0,129.8837127685547,4.999989649457818,-4.999999481782292,4.99999993431342,4.9999967930951374,4.999999946758708,-4.99999980775238,4.999999996317017,-4.99999998537244,4.999999390474427,-4.999999839489044
99.0,212.0,129.88372802734375,4.999978210413861,-4.999999350546233,4.999997829027349,4.999999953480997,4.999998426161793,-4.9999998106681005,4.99999968486995,-4.999999993435342,4.999999379220066,-4.999999947354492
99.0,212.0,129.88372802734375,4.999996406761424,-4.999999757417578,4.999999996848003,4.999993936739001,4.999999981984064,-4.999999978957234,4.999999903172161,-4.999999416439284,4.999999279096805,-4.999999910165094
99.0,212.0,129.88372802734375,4.999994774125023,-4.999999822259033,4.999998859257296,4.999999534438233,4.999998623858133,-4.999997376241732,4.99999999790414,-4.999999116033867,4.999999996368273,-4.999999246698147
99.0,212.0,129.88372802734375,4.999991938586483,-4.999999927471349,4.9999979830966295,4.999999700861492,4.999996531650917,-4.999997865422196,4.999999957948987,-4.999999643549803,4.999999986044148,-4.999999465070925
99.0,212.0,129.8837127685547,4.999999715336943,-4.99999965077725,4.999995623232615,4.999998300932021,4.999998684962921,-4.999999989418555,4.9999998153328935,-4.999999994710262,4.999999792750027,-4.999999425468666
99.0,212.0,129.88372802734375,4.9999998609873,-4.99999066594079,4.999998529589303,4.99999628604763,4.999998679102216,-4.999999798042847,4.999997966039128,-4.999999420316922,4.999999834392467,-4.999999999239734
99.0,212.0,129.8837127685547,4.999999788014327,-4.999999982629428,4.999999991803213,4.999995014335933,4.999999771944335,-4.999999990777506,4.999999975759371,-4.999999948701679,4.999999065420921,-4.999999937230957
99.0,212.0,129.88372802734375,4.9999996800155895,-4.999995501792909,4.999997429816906,4.999997390845893,4.999998392452298,-4.999999315821043,4.999999621610611,-4.999998667098746,4.999999820074336,-4.999999606207634
99.0,212.0,129.8837127685547,4.999999991658655,-4.999999852399731,4.999997549458807,4.9999994765734455,4.999999950232271,-4.999998716382872,4.999998968465464,-4.9999988086468345,4.999999878857045,-4.9999999607841055
99.0,212.0,129.88372802734375,4.999995353157049,-4.99999983224235,4.999999998888614,4.999991893513117,4.999999986255273,-4.999999962098537,4.999999991781658,-4.999999968098967,4.999998985444932,-4.999999937420732
99.0,212.0,129.88372802734375,4.999998127333494,-4.999996884400519,4.999999790200206,4.999995024400801,4.999999674590121,-4.99999989844109,4.999999620784356,-4.999998719147538,4.999999825402038,-4.999999553956971
99.0,212.0,129.88372802734375,4.9999987874132135,-4.999998797524475,4.999999992869606,4.999995924599444,4.999999987551333,-4.999999981188872,4.999998840308704,-4.9999994429312045,4.999998934484658,-4.999999997669472
99.0,212.0,129.8837127685547,4.999999334897865,-4.999993177131219,4.999995938891902,4.999999743728615,4.999999845818906,-4.999999997041836,4.999999865981054,-4.999999995918842,4.999999290953733,-4.999999998838668
99.0,212.0,129.88372802734375,4.99999951176839,-4.999999808462246,4.9999999993764925,4.999991899406359,4.999999980180829,-4.999999682075026,4.999999309311379,-4.999999013220415,4.999999331737463,-4.999999736766512
99.0,212.0,129.88372802734375,4.999983995005496,-4.999998898220345,4.999997460455939,4.999999571446211,4.999999027698371,-4.999999993195283,4.999999770139975,-4.999999954227387,4.999999241039478,-4.999999960142018
99.0,212.0,129.88372802734375,4.999996090512196,-4.9999982695841085,4.999999996092367,4.9999944759735815,4.99999962181578,-4.999996596533313,4.999999997250527,-4.999999425648667,4.999999822941017,-4.99999999734372
99.0,212.0,129.8837127685547,4.999996064520828,-4.9999999922621,4.999999995607764,4.999995976549756,4.999999834519267,-4.999999999329033,4.9999999863675,-4.999999976216114,4.999998907321769,-4.999999902146255
99.0,212.0,129.8837127685547,4.999999705409738,-4.999999932361455,4.999996875574367,4.9999999973190565,4.999999990478156,-4.999998853776132,4.999999749620872,-4.999999998754437,4.9999997324587415,-4.999999714787981
99.0,212.0,129.88372802734375,4.999995132102582,-4.999995609068084,4.999999730563167,4.999996602726709,4.999999554367472,-4.999999288646996,4.999999919660581,-4.9999990487558845,4.999999958771372,-4.999999681854178
99.0,212.0,129.8837127685547,4.999998638110965,-4.99999991551967,4.99999682414086,4.99999999196101,4.999999976137614,-4.999998752784762,4.999999735236533,-4.999999998223117,4.999999904999811,-4.999999681055218
99.0,212.0,129.88372802734375,4.999999891349837,-4.999998069571356,4.99999340577661,4.999996553241809,4.999999329527874,-4.999998769698805,4.999999865188357,-4.999999944691812,4.999999986073376,-4.999999028156138
99.0,212.0,129.88372802734375,4.999999567207206,-4.999997621580457,4.999995572876644,4.999999986834452,4.999998599646933,-4.999998265259944,4.999999821853126,-4.999999802498925,4.99999997081034,-4.999999441962808
99.0,212.0,129.8837127685547,4.99999113882883,-4.999999965174691,4.9999990000301375,4.99999931259196,4.999999936157908,-4.999999878605406,4.999999996349182,-4.999999994938526,4.9999991473229,-4.999999835384555
99.0,212.0,129.8837127685547,4.999999069254219,-4.999999236368906,4.99999695645012,4.999999514967227,4.9999996006141805,-4.9999999948071165,4.999999997314857,-4.999999968490431,4.9999993366379645,-4.999999989134744
99.0,212.0,129.88372802734375,4.999994110672155,-4.999991750896365,4.999997078698009,4.999998496040927,4.999998992150063,-4.99999999348554,4.999999834579453,-4.999999979441779,4.999999753891911,-4.999998840360812
99.0,212.0,129.88372802734375,4.999997784141086,-4.999999815743987,4.999999995193333,4.999992466790042,4.999999905562087,-4.999998223092692,4.999999924187472,-4.999999541785347,4.999999398769629,-4.9999999092719385
99.0,212.0,129.88372802734375,4.999991938586483,-4.999999927471349,4.9999979830966295,4.999998387763905,4.999996531650917,-4.999997865422196,4.999999957948987,-4.999999643549803,4.999999986044148,-4.999999465070925
99.0,212.0,129.88372802734375,4.999999318003717,-4.99999961513929,4.999996774421032,4.999996575230451,4.999999569215385,-4.99999971403634,4.999999465498313,-4.999998977027452,4.999999739645585,-4.99999941405769
99.0,212.0,129.88372802734375,4.999996907593699,-4.999995027255403,4.999999882046758,4.999994679234339,4.999999896931249,-4.999999639385692,4.999999904409751,-4.9999987627980165,4.999999874087764,-4.999999657691971
99.0,212.0,129.88372802734375,4.999998923467005,-4.999992720394012,4.999999899046374,4.999996176055153,4.999999411757727,-4.999996242211356,4.999999953598422,-4.999999517341143,4.9999998597948245,-4.999999980848098
99.0,212.0,129.88372802734375,4.999996937548109,-4.999995579450701,4.999998537742719,4.999996254522429,4.999999752833287,-4.999999961986497,4.999999575183561,-4.999998583656781,4.999999668122567,-4.999999719417817
99.0,212.0,129.88372802734375,4.9999987161369415,-4.999999818919961,4.999999990210919,4.999994846072916,4.999999984305483,-4.999999976335631,4.999999050606517,-4.999999432074011,4.999999001509963,-4.999999961688712
99.0,212.0,129.88372802734375,4.999988844861623,-4.999999901339956,4.999996838190906,4.999994995452982,4.999999564921504,-4.999999987153889,4.999999983904724,-4.9999997833711145,4.999999138886788,-4.999999903067032
99.0,212.0,129.88372802734375,4.999983750747935,-4.999999055036507,4.999999096911713,4.999999881435008,4.999998326469374,-4.999999949444266,4.999999681123599,-4.999999992109967,4.999999483274461,-4.9999995050405
99.0,212.0,129.88372802734375,4.999982818585355,-4.999998336447421,4.99999881387389,4.99999994947571,4.999998404391041,-4.999999971678153,4.999999599727022,-4.999999947360318,4.999999677059611,-4.999999434481767
99.0,213.0,129.88372802734375,4.9999978373794365,-4.999999187876645,4.9999962571728815,4.999995891018373,4.999999390787869,-4.999999882493334,4.999998360982433,-4.999998101315946,4.99999999970647,-4.999999940451039
99.0,213.0,129.88372802734375,4.999997571582172,-4.999999323358316,4.999995537492291,4.999997964405988,4.999999109685216,-4.999999806757792,4.999999352409791,-4.999998961454926,4.999999664928111,-4.999999474384177
99.0,213.0,129.8837127685547,4.99999779540322,-4.999999927471349,4.99999958863175,4.999999700861492,4.999996531650917,-4.999999966940284,4.999999957948987,-4.999999643549803,4.999999986044148,-4.999999465070925
99.0,213.0,129.88372802734375,4.999993694120149,-4.999999992714675,4.999999714368712,4.999999776374607,4.999999743057482,-4.999996120448674,4.999999999314974,-4.999999032569324,4.999999788214229,-4.999999921811513
99.0,213.0,129.8837127685547,4.999999410657363,-4.999999930807812,4.999998367686694,4.999999631567844,4.9999999069641845,-4.999998694507363,4.999998923957276,-4.999999993284398,4.999999999974537,-4.999999733233347
99.0,213.0,129.88372802734375,4.999996934656673,-4.999999202685336,4.999996853583106,4.999996065120513,4.9999992915549605,-4.999999792824376,4.999999148174361,-4.999998333865498,4.999999681720103,-4.99999992166922
99.0,213.0,129.88372802734375,4.999999775077656,-4.999994564021413,4.999999964856417,4.999995266302854,4.999998993334576,-4.999999280153877,4.999997934502108,-4.99999993912934,4.999999524769379,-4.999999997217436
99.0,213.0,129.8837127685547,4.9999945460824895,-4.999999488872149,4.999999927288397,4.999999291349152,4.999999974614993,-4.9999991905678165,4.999999871982922,-4.9999999984419725,4.999999773530938,-4.999999728483137
99.0,213.0,129.8837127685547,4.999998585815827,-4.999999900389239,4.999998685349209,4.999997388164314,4.9999990640077545,-4.999999821334052,4.999999230654643,-4.999999569994776,4.999999463521204,-4.999999905553958
99.0,213.0,129.88372802734375,4.999988386859325,-4.999998575660436,4.999999327637995,4.999998583637551,4.999999814422344,-4.999996748979555,4.999999988507312,-4.999999961149898,4.999999900063376,-4.999999092957556
99.0,213.0,129.88372802734375,4.99999939354715,-4.999998363455475,4.999997736438665,4.999996791768485,4.999998353022732,-4.999999930861729,4.999999047206292,-4.9999989229692,4.999999423526685,-4.999999983987223
99.0,213.0,129.88372802734375,4.99999921972648,-4.999996778787598,4.999999999758316,4.999992804250291,4.999999582389704,-4.999999690528578,4.999999333186716,-4.999999901763816,4.9999995036742,-4.999999947859814
99.0,213.0,129.8837127685547,4.999994304892622,-4.999999989646977,4.999999070048753,4.999999962717195,4.999999924652068,-4.99999869936213,4.99999993909622,-4.999999068979866,4.999999778015517,-4.999999653358001
99.0,213.0,129.8837127685547,4.999990446611381,-4.999998503143827,4.999998895441994,4.999999344355467,4.999999783362554,-4.999999986788438,4.999999999074546,-4.999999847902087,4.999999394155188,-4.999999743979785
99.0,213.0,129.8837127685547,4.999989649457818,-4.999999481782292,4.99999993431342,4.9999967930951374,4.999999946758708,-4.99999980775238,4.999999996317017,-4.99999998537244,4.999999390474427,-4.999999839489044
99.0,213.0,129.88372802734375,4.999978210413861,-4.999999350546233,4.999997829027349,4.999999953480997,4.999998426161793,-4.9999998106681005,4.99999968486995,-4.999999993435342,4.999999379220066,-4.999999947354492
99.0,213.0,129.8837127685547,4.999998892844591,-4.999998536207987,4.9999992683596695,4.999994378419128,4.999999468222208,-4.999999978957234,4.999999987627247,-4.999999433282909,4.999999842370076,-4.999999998960016
99.0,213.0,129.88372802734375,4.999994774125023,-4.999999822259033,4.999998859257296,4.999999534438233,4.999998623858133,-4.999997376241732,4.99999999790414,-4.999999116033867,4.999999996368273,-4.999999246698147
99.0,213.0,129.88372802734375,4.999991938586483,-4.999999927471349,4.9999979830966295,4.999999700861492,4.999996531650917,-4.999997865422196,4.999999957948987,-4.999999643549803,4.999999986044148,-4.999999465070925
99.0,213.0,129.8837127685547,4.999999715336943,-4.99999965077725,4.999995623232615,4.999998300932021,4.999998684962921,-4.999999989418555,4.9999998153328935,-4.999999994710262,4.999999792750027,-4.999999425468666
99.0,213.0,129.88372802734375,4.9999998609873,-4.99999066594079,4.999998529589303,4.99999628604763,4.999998679102216,-4.999999798042847,4.999997966039128,-4.999999420316922,4.999999834392467,-4.999999999239734
99.0,213.0,129.8837127685547,4.999999788014327,-4.999999982629428,4.999999991803213,4.999995014335933,4.999999771944335,-4.999999990777506,4.999999975759371,-4.999999948701679,4.999999065420921,-4.999999937230957
99.0,213.0,129.88372802734375,4.9999996800155895,-4.999995501792909,4.999997429816906,4.999997390845893,4.999998392452298,-4.999999315821043,4.999999621610611,-4.999998667098746,4.999999820074336,-4.999999606207634
99.0,213.0,129.8837127685547,4.999999991658655,-4.999999852399731,4.999997549458807,4.9999994765734455,4.999999950232271,-4.999998716382872,4.999998968465464,-4.9999988086468345,4.999999878857045,-4.9999999607841055
99.0,213.0,129.88372802734375,4.999995353157049,-4.99999983224235,4.999999998888614,4.999991893513117,4.999999986255273,-4.999999962098537,4.999999991781658,-4.999999968098967,4.999998985444932,-4.999999937420732
99.0,213.0,129.88372802734375,4.999998127333494,-4.999996884400519,4.999999790200206,4.999995024400801,4.999999674590121,-4.99999989844109,4.999999620784356,-4.999998719147538,4.999999825402038,-4.999999553956971
99.0,213.0,129.88372802734375,4.9999987874132135,-4.999998797524475,4.999999992869606,4.999995924599444,4.999999987551333,-4.999999981188872,4.999998840308704,-4.9999994429312045,4.999998934484658,-4.999999997669472
99.0,213.0,129.8837127685547,4.999999334897865,-4.999993177131219,4.999995938891902,4.999999743728615,4.999999845818906,-4.999999997041836,4.999999865981054,-4.999999995918842,4.999999290953733,-4.999999998838668
99.0,213.0,129.88372802734375,4.99999951176839,-4.999999808462246,4.9999999993764925,4.999991899406359,4.999999980180829,-4.999999682075026,4.999999309311379,-4.999999013220415,4.999999331737463,-4.999999736766512
99.0,213.0,129.88372802734375,4.999983995005496,-4.999998898220345,4.999997460455939,4.999999571446211,4.999999027698371,-4.999999993195283,4.999999770139975,-4.999999954227387,4.999999241039478,-4.999999960142018
99.0,213.0,129.88372802734375,4.999996090512196,-4.9999982695841085,4.999999996092367,4.9999944759735815,4.99999962181578,-4.999996596533313,4.999999997250527,-4.999999425648667,4.999999822941017,-4.99999999734372
99.0,213.0,129.8837127685547,4.999996064520828,-4.9999999922621,4.999999995607764,4.999995976549756,4.999999834519267,-4.999999999329033,4.9999999863675,-4.999999976216114,4.999998907321769,-4.999999902146255
99.0,213.0,129.8837127685547,4.999999705409738,-4.999999932361455,4.999996875574367,4.9999999973190565,4.999999990478156,-4.999998853776132,4.999999749620872,-4.999999998754437,4.9999997324587415,-4.999999714787981
99.0,213.0,129.88372802734375,4.999995132102582,-4.999995609068084,4.999999730563167,4.999996602726709,4.999999554367472,-4.999999288646996,4.999999919660581,-4.9999990487558845,4.999999958771372,-4.999999681854178
99.0,213.0,129.8837127685547,4.999998638110965,-4.99999991551967,4.99999682414086,4.99999999196101,4.999999976137614,-4.999998752784762,4.999999735236533,-4.999999998223117,4.999999904999811,-4.999999681055218
99.0,213.0,129.88372802734375,4.999999891349837,-4.999998069571356,4.99999340577661,4.999996553241809,4.999999329527874,-4.999998769698805,4.999999865188357,-4.999999944691812,4.999999986073376,-4.999999028156138
99.0,213.0,129.88372802734375,4.999999567207206,-4.999997621580457,4.999995572876644,4.999999986834452,4.999998599646933,-4.999998265259944,4.999999821853126,-4.999999802498925,4.99999997081034,-4.999999441962808
99.0,213.0,129.8837127685547,4.99999113882883,-4.999999965174691,4.9999990000301375,4.99999931259196,4.999999936157908,-4.999999878605406,4.999999996349182,-4.999999994938526,4.9999991473229,-4.999999835384555
99.0,213.0,129.8837127685547,4.999999069254219,-4.999999236368906,4.99999695645012,4.999999514967227,4.9999996006141805,-4.9999999948071165,4.999999997314857,-4.999999968490431,4.9999993366379645,-4.999999989134744
99.0,213.0,129.88372802734375,4.999994110672155,-4.999991750896365,4.999997078698009,4.999998496040927,4.999998992150063,-4.99999999348554,4.999999834579453,-4.999999979441779,4.999999753891911,-4.999998840360812
99.0,213.0,129.88372802734375,4.999997784141086,-4.999999815743987,4.999999995193333,4.999992466790042,4.999999905562087,-4.999998223092692,4.999999924187472,-4.999999541785347,4.999999398769629,-4.9999999092719385
99.0,213.0,129.88372802734375,4.999991938586483,-4.999999927471349,4.9999979830966295,4.999998387763905,4.999996531650917,-4.999997865422196,4.999999957948987,-4.999999643549803,4.999999986044148,-4.999999465070925
99.0,213.0,129.88372802734375,4.999999318003717,-4.99999961513929,4.999996774421032,4.999996575230451,4.999999569215385,-4.99999971403634,4.999999465498313,-4.999998977027452,4.999999739645585,-4.99999941405769
99.0,213.0,129.88372802734375,4.999996907593699,-4.999995027255403,4.999999882046758,4.999994679234339,4.999999896931249,-4.999999639385692,4.999999904409751,-4.9999987627980165,4.999999874087764,-4.999999657691971
99.0,213.0,129.88372802734375,4.999998923467005,-4.999992720394012,4.999999899046374,4.999996176055153,4.999999411757727,-4.999996242211356,4.999999953598422,-4.999999517341143,4.9999998597948245,-4.999999980848098
99.0,213.0,129.88372802734375,4.999996937548109,-4.999995579450701,4.999998537742719,4.999996254522429,4.999999752833287,-4.999999961986497,4.999999575183561,-4.999998583656781,4.999999668122567,-4.999999719417817
99.0,213.0,129.8837127685547,4.999996066117733,-4.999995981310489,4.999999739312894,4.99999865587705,4.999999854212616,-4.999998774288395,4.999999984588138,-4.999999997475131,4.999999825147508,-4.999999961688712
99.0,213.0,129.88372802734375,4.999988844861623,-4.999999901339956,4.999996838190906,4.999994995452982,4.999999564921504,-4.999999987153889,4.999999983904724,-4.9999997833711145,4.999999138886788,-4.999999903067032
99.0,213.0,129.8837127685547,4.999999499487384,-4.999999580712922,4.999996074789276,4.999999675321238,4.99999950880523,-4.999999870832038,4.999999681123599,-4.999999991892221,4.999999372399474,-4.9999998364546805
99.0,213.0,129.88372802734375,4.999982818585355,-4.999998336447421,4.99999881387389,4.99999994947571,4.999998404391041,-4.999999971678153,4.999999599727022,-4.999999947360318,4.999999677059611,-4.999999434481767
99.0,214.0,129.88372802734375,4.9999978373794365,-4.999999187876645,4.9999962571728815,4.999995891018373,4.999999390787869,-4.999999882493334,4.999998360982433,-4.999998101315946,4.99999999970647,-4.999999940451039
99.0,214.0,129.8837127685547,4.999997561683145,-4.999999979783185,4.999999192056432,4.99999995372192,4.999996368611175,-4.999999972530881,4.999999997690353,-4.9999996255560655,4.999999780611256,-4.99999945744467
99.0,214.0,129.8837127685547,4.99999779540322,-4.999999927471349,4.99999958863175,4.999999700861492,4.999996531650917,-4.999999966940284,4.999999957948987,-4.999999643549803,4.999999986044148,-4.999999465070925
99.0,214.0,129.88372802734375,4.999993694120149,-4.999999992714675,4.999999714368712,4.999999776374607,4.999999743057482,-4.999996120448674,4.999999999314974,-4.999999032569324,4.999999788214229,-4.999999921811513
99.0,214.0,129.8837127685547,4.999999410657363,-4.999999930807812,4.999998367686694,4.999999631567844,4.9999999069641845,-4.999998694507363,4.999998923957276,-4.999999993284398,4.999999999974537,-4.999999733233347
99.0,214.0,129.88372802734375,4.999996934656673,-4.999999202685336,4.999996853583106,4.999996065120513,4.9999992915549605,-4.999999792824376,4.999999148174361,-4.999998333865498,4.999999681720103,-4.99999992166922
99.0,214.0,129.88372802734375,4.999999775077656,-4.999994564021413,4.999999964856417,4.999995266302854,4.999998993334576,-4.999999280153877,4.999997934502108,-4.99999993912934,4.999999524769379,-4.999999997217436
99.0,214.0,129.8837127685547,4.9999945460824895,-4.999999488872149,4.999999927288397,4.999999291349152,4.999999974614993,-4.9999991905678165,4.999999871982922,-4.9999999984419725,4.999999773530938,-4.999999728483137
99.0,214.0,129.8837127685547,4.999998585815827,-4.999999900389239,4.999998685349209,4.999997388164314,4.9999990640077545,-4.999999821334052,4.999999230654643,-4.999999569994776,4.999999463521204,-4.999999905553958
99.0,214.0,129.8837127685547,4.999999475305442,-4.999999915767101,4.999998695242665,4.9999979961550025,4.999999998256698,-4.999998652575608,4.99999986827638,-4.999999998877703,4.999999571015307,-4.999999579212955
99.0,214.0,129.88372802734375,4.99999939354715,-4.999998363455475,4.999997736438665,4.999996791768485,4.999998353022732,-4.999999930861729,4.999999047206292,-4.9999989229692,4.999999423526685,-4.999999983987223
99.0,214.0,129.88372802734375,4.99999921972648,-4.999996778787598,4.999999999758316,4.999992804250291,4.999999582389704,-4.999999690528578,4.999999333186716,-4.999999901763816,4.9999995036742,-4.999999947859814
99.0,214.0,129.8837127685547,4.999994304892622,-4.999999989646977,4.999999070048753,4.999999962717195,4.999999924652068,-4.99999869936213,4.99999993909622,-4.999999068979866,4.999999778015517,-4.999999653358001
99.0,214.0,129.8837127685547,4.999990446611381,-4.999998503143827,4.999998895441994,4.999999344355467,4.999999783362554,-4.999999986788438,4.999999999074546,-4.999999847902087,4.999999394155188,-4.999999743979785
99.0,214.0,129.8837127685547,4.999989649457818,-4.999999481782292,4.99999993431342,4.9999967930951374,4.999999946758708,-4.99999980775238,4.999999996317017,-4.99999998537244,4.999999390474427,-4.999999839489044
99.0,214.0,129.88372802734375,4.999978210413861,-4.999999350546233,4.999997829027349,4.999999953480997,4.999998426161793,-4.9999998106681005,4.99999968486995,-4.999999993435342,4.999999379220066,-4.999999947354492
99.0,214.0,129.8837127685547,4.999998892844591,-4.999998536207987,4.9999992683596695,4.999994378419128,4.999999468222208,-4.999999978957234,4.999999987627247,-4.999999433282909,4.999999842370076,-4.999999998960016
99.0,214.0,129.88372802734375,4.999994774125023,-4.999999822259033,4.999998859257296,4.999999534438233,4.999998623858133,-4.999997376241732,4.99999999790414,-4.999999116033867,4.999999996368273,-4.999999246698147
99.0,214.0,129.8837127685547,4.999994292695391,-4.999998845510167,4.999998941659017,4.99999997024748,4.999999958592442,-4.999999788239671,4.999999932765025,-4.999999354893098,4.999999779118762,-4.9999996355304965
99.0,214.0,129.8837127685547,4.999999715336943,-4.99999965077725,4.999995623232615,4.999998300932021,4.999998684962921,-4.999999989418555,4.9999998153328935,-4.999999994710262,4.999999792750027,-4.999999425468666
99.0,214.0,129.8837127685547,4.999999887249757,-4.999995295062325,4.999999435001985,4.999994433886448,4.999999528323592,-4.999999798042847,4.999999987802732,-4.999999466180903,4.999999931407436,-4.9999999997863
99.0,214.0,129.8837127685547,4.999999788014327,-4.999999982629428,4.999999991803213,4.999995014335933,4.999999771944335,-4.999999990777506,4.999999975759371,-4.999999948701679,4.999999065420921,-4.999999937230957
99.0,214.0,129.88372802734375,4.9999996800155895,-4.999995501792909,4.999997429816906,4.999997390845893,4.999998392452298,-4.999999315821043,4.999999621610611,-4.999998667098746,4.999999820074336,-4.999999606207634
99.0,214.0,129.8837127685547,4.999999991658655,-4.999999852399731,4.999997549458807,4.9999994765734455,4.999999950232271,-4.999998716382872,4.999998968465464,-4.9999988086468345,4.999999878857045,-4.9999999607841055
99.0,214.0,129.88372802734375,4.999995353157049,-4.99999983224235,4.999999998888614,4.999991893513117,4.999999986255273,-4.999999962098537,4.999999991781658,-4.999999968098967,4.999998985444932,-4.999999937420732
99.0,214.0,129.88372802734375,4.999998127333494,-4.999996884400519,4.999999790200206,4.999995024400801,4.999999674590121,-4.99999989844109,4.999999620784356,-4.999998719147538,4.999999825402038,-4.999999553956971
99.0,214.0,129.88372802734375,4.9999987874132135,-4.999998797524475,4.999999992869606,4.999995924599444,4.999999987551333,-4.999999981188872,4.999998840308704,-4.9999994429312045,4.999998934484658,-4.999999997669472
99.0,214.0,129.8837127685547,4.999999334897865,-4.999993177131219,4.999995938891902,4.999999743728615,4.999999845818906,-4.999999997041836,4.999999865981054,-4.999999995918842,4.999999290953733,-4.999999998838668
99.0,214.0,129.88372802734375,4.99999951176839,-4.999999808462246,4.9999999993764925,4.999991899406359,4.999999980180829,-4.999999682075026,4.999999309311379,-4.999999013220415,4.999999331737463,-4.999999736766512
99.0,214.0,129.88372802734375,4.999983995005496,-4.999998898220345,4.999997460455939,4.999999571446211,4.999999027698371,-4.999999993195283,4.999999770139975,-4.999999954227387,4.999999241039478,-4.999999960142018
99.0,214.0,129.8837127685547,4.9999993979602895,-4.99999771552354,4.999998644807963,4.999998328331262,4.999999107951256,-4.999998925529819,4.999999997250527,-4.999999327456552,4.99999999998223,-4.9999996789431735
99.0,214.0,129.8837127685547,4.999996064520828,-4.9999999922621,4.999999995607764,4.999995976549756,4.999999834519267,-4.999999999329033,4.9999999863675,-4.999999976216114,4.999998907321769,-4.999999902146255
99.0,214.0,129.8837127685547,4.999999705409738,-4.999999932361455,4.999996875574367,4.9999999973190565,4.999999990478156,-4.999998853776132,4.999999749620872,-4.999999998754437,4.9999997324587415,-4.999999714787981
99.0,214.0,129.88372802734375,4.999995132102582,-4.999995609068084,4.999999730563167,4.999996602726709,4.999999554367472,-4.999999288646996,4.999999919660581,-4.9999990487558845,4.999999958771372,-4.999999681854178
99.0,214.0,129.8837127685547,4.999998638110965,-4.99999991551967,4.99999682414086,4.99999999196101,4.999999976137614,-4.999998752784762,4.999999735236533,-4.999999998223117,4.999999904999811,-4.999999681055218
99.0,214.0,129.88372802734375,4.999999891349837,-4.999998069571356,4.99999340577661,4.999996553241809,4.999999329527874,-4.999998769698805,4.999999865188357,-4.999999944691812,4.999999986073376,-4.999999028156138
99.0,214.0,129.88372802734375,4.999999567207206,-4.999997621580457,4.999995572876644,4.999999986834452,4.999998599646933,-4.999998265259944,4.999999821853126,-4.999999802498925,4.99999997081034,-4.999999441962808
99.0,214.0,129.8837127685547,4.99999113882883,-4.999999965174691,4.9999990000301375,4.99999931259196,4.999999936157908,-4.999999878605406,4.999999996349182,-4.999999994938526,4.9999991473229,-4.999999835384555
99.0,214.0,129.8837127685547,4.999999069254219,-4.999999236368906,4.99999695645012,4.999999514967227,4.9999996006141805,-4.9999999948071165,4.999999997314857,-4.999999968490431,4.9999993366379645,-4.999999989134744
99.0,214.0,129.88372802734375,4.999994110672155,-4.999991750896365,4.999997078698009,4.999998496040927,4.999998992150063,-4.99999999348554,4.999999834579453,-4.999999979441779,4.999999753891911,-4.999998840360812
99.0,214.0,129.88372802734375,4.999997784141086,-4.999999815743987,4.999999995193333,4.999992466790042,4.999999905562087,-4.999998223092692,4.999999924187472,-4.999999541785347,4.999999398769629,-4.9999999092719385
99.0,214.0,129.88372802734375,4.999991938586483,-4.999999927471349,4.9999979830966295,4.999998387763905,4.999996531650917,-4.999997865422196,4.999999957948987,-4.999999643549803,4.999999986044148,-4.999999465070925
99.0,214.0,129.88372802734375,4.999999318003717,-4.99999961513929,4.999996774421032,4.999996575230451,4.999999569215385,-4.99999971403634,4.999999465498313,-4.999998977027452,4.999999739645585,-4.99999941405769
99.0,214.0,129.88372802734375,4.999996907593699,-4.999995027255403,4.999999882046758,4.999994679234339,4.999999896931249,-4.999999639385692,4.999999904409751,-4.9999987627980165,4.999999874087764,-4.999999657691971
99.0,214.0,129.88372802734375,4.999998923467005,-4.999992720394012,4.999999899046374,4.999996176055153,4.999999411757727,-4.999996242211356,4.999999953598422,-4.999999517341143,4.9999998597948245,-4.999999980848098
99.0,214.0,129.8837127685547,4.999991088273316,-4.99999997538677,4.999998184185238,4.999999575212375,4.999999899549586,-4.999999384821575,4.9999998036721305,-4.99999999798358,4.999999481441437,-4.999999833617973
99.0,214.0,129.8837127685547,4.999996066117733,-4.999995981310489,4.999999739312894,4.99999865587705,4.999999854212616,-4.999998774288395,4.999999984588138,-4.999999997475131,4.999999825147508,-4.999999961688712
99.0,214.0,129.88372802734375,4.999988844861623,-4.999999901339956,4.999996838190906,4.999994995452982,4.999999564921504,-4.999999987153889,4.999999983904724,-4.9999997833711145,4.999999138886788,-4.999999903067032
99.0,214.0,129.8837127685547,4.999999499487384,-4.999999580712922,4.999996074789276,4.999999675321238,4.99999950880523,-4.999999870832038,4.999999681123599,-4.999999991892221,4.999999372399474,-4.9999998364546805
99.0,214.0,129.88372802734375,4.999982818585355,-4.999998336447421,4.99999881387389,4.99999994947571,4.999998404391041,-4.999999971678153,4.999999599727022,-4.999999947360318,4.999999677059611,-4.999999434481767
99.0,215.0,129.88372802734375,4.9999978373794365,-4.999999187876645,4.9999962571728815,4.999995891018373,4.999999390787869,-4.999999882493334,4.999998360982433,-4.999998101315946,4.99999999970647,-4.999999940451039
99.0,215.0,129.8837127685547,4.999997561683145,-4.999999979783185,4.999999192056432,4.99999995372192,4.999996368611175,-4.999999972530881,4.999999997690353,-4.9999996255560655,4.999999780611256,-4.99999945744467
99.0,215.0,129.8837127685547,4.99999779540322,-4.999999927471349,4.99999958863175,4.999999700861492,4.999996531650917,-4.999999966940284,4.999999957948987,-4.999999643549803,4.999999986044148,-4.999999465070925
99.0,215.0,129.88372802734375,4.999993694120149,-4.999999992714675,4.999999714368712,4.999999776374607,4.999999743057482,-4.999996120448674,4.999999999314974,-4.999999032569324,4.999999788214229,-4.999999921811513
99.0,215.0,129.8837127685547,4.999999410657363,-4.999999930807812,4.999998367686694,4.999999631567844,4.9999999069641845,-4.999998694507363,4.999998923957276,-4.999999993284398,4.999999999974537,-4.999999733233347
99.0,215.0,129.88372802734375,4.999996934656673,-4.999999202685336,4.999996853583106,4.999996065120513,4.9999992915549605,-4.999999792824376,4.999999148174361,-4.999998333865498,4.999999681720103,-4.99999992166922
99.0,215.0,129.88372802734375,4.999999775077656,-4.999994564021413,4.999999964856417,4.999995266302854,4.999998993334576,-4.999999280153877,4.999997934502108,-4.99999993912934,4.999999524769379,-4.999999997217436
99.0,215.0,129.8837127685547,4.9999945460824895,-4.999999488872149,4.999999927288397,4.999999291349152,4.999999974614993,-4.9999991905678165,4.999999871982922,-4.9999999984419725,4.999999773530938,-4.999999728483137
99.0,215.0,129.8837127685547,4.999998585815827,-4.999999900389239,4.999998685349209,4.999997388164314,4.9999990640077545,-4.999999821334052,4.999999230654643,-4.999999569994776,4.999999463521204,-4.999999905553958
99.0,215.0,129.8837127685547,4.999999475305442,-4.999999915767101,4.999998695242665,4.9999979961550025,4.999999998256698,-4.999998652575608,4.99999986827638,-4.999999998877703,4.999999571015307,-4.999999579212955
99.0,215.0,129.88372802734375,4.99999939354715,-4.999998363455475,4.999997736438665,4.999996791768485,4.999998353022732,-4.999999930861729,4.999999047206292,-4.9999989229692,4.999999423526685,-4.999999983987223
99.0,215.0,129.88372802734375,4.99999921972648,-4.999996778787598,4.999999999758316,4.999992804250291,4.999999582389704,-4.999999690528578,4.999999333186716,-4.999999901763816,4.9999995036742,-4.999999947859814
99.0,215.0,129.8837127685547,4.999994304892622,-4.999999989646977,4.999999070048753,4.999999962717195,4.999999924652068,-4.99999869936213,4.99999993909622,-4.999999068979866,4.999999778015517,-4.999999653358001
99.0,215.0,129.8837127685547,4.999990446611381,-4.999998503143827,4.999998895441994,4.999999344355467,4.999999783362554,-4.999999986788438,4.999999999074546,-4.999999847902087,4.999999394155188,-4.999999743979785
99.0,215.0,129.8837127685547,4.999989649457818,-4.999999481782292,4.99999993431342,4.9999967930951374,4.999999946758708,-4.99999980775238,4.999999996317017,-4.99999998537244,4.999999390474427,-4.999999839489044
99.0,215.0,129.88372802734375,4.999978210413861,-4.999999350546233,4.999997829027349,4.999999953480997,4.999998426161793,-4.9999998106681005,4.99999968486995,-4.999999993435342,4.999999379220066,-4.999999947354492
99.0,215.0,129.8837127685547,4.999998892844591,-4.999998536207987,4.9999992683596695,4.999994378419128,4.999999468222208,-4.999999978957234,4.999999987627247,-4.999999433282909,4.999999842370076,-4.999999998960016
99.0,215.0,129.8837127685547,4.999994853612056,-4.999999971232728,4.99999902821954,4.999999203493007,4.999999998847765,-4.99999856697318,4.99999999790414,-4.999999999114323,4.999999345067483,-4.999999499477468
99.0,215.0,129.8837127685547,4.999994292695391,-4.999998845510167,4.999998941659017,4.99999997024748,4.999999958592442,-4.999999788239671,4.999999932765025,-4.999999354893098,4.999999779118762,-4.9999996355304965
99.0,215.0,129.8837127685547,4.999999715336943,-4.99999965077725,4.999995623232615,4.999998300932021,4.999998684962921,-4.999999989418555,4.9999998153328935,-4.999999994710262,4.999999792750027,-4.999999425468666
99.0,215.0,129.8837127685547,4.999999887249757,-4.999995295062325,4.999999435001985,4.999994433886448,4.999999528323592,-4.999999798042847,4.999999987802732,-4.999999466180903,4.999999931407436,-4.9999999997863
99.0,215.0,129.8837127685547,4.999999788014327,-4.999999982629428,4.999999991803213,4.999995014335933,4.999999771944335,-4.999999990777506,4.999999975759371,-4.999999948701679,4.999999065420921,-4.999999937230957
99.0,215.0,129.88372802734375,4.9999996800155895,-4.999995501792909,4.999997429816906,4.999997390845893,4.999998392452298,-4.999999315821043,4.999999621610611,-4.999998667098746,4.999999820074336,-4.999999606207634
99.0,215.0,129.8837127685547,4.999999991658655,-4.999999852399731,4.999997549458807,4.9999994765734455,4.999999950232271,-4.999998716382872,4.999998968465464,-4.9999988086468345,4.999999878857045,-4.9999999607841055
99.0,215.0,129.88372802734375,4.999995353157049,-4.99999983224235,4.999999998888614,4.999991893513117,4.999999986255273,-4.999999962098537,4.999999991781658,-4.999999968098967,4.999998985444932,-4.999999937420732
99.0,215.0,129.88372802734375,4.999998127333494,-4.999996884400519,4.999999790200206,4.999995024400801,4.999999674590121,-4.99999989844109,4.999999620784356,-4.999998719147538,4.999999825402038,-4.999999553956971
99.0,215.0,129.88372802734375,4.9999987874132135,-4.999998797524475,4.999999992869606,4.999995924599444,4.999999987551333,-4.999999981188872,4.999998840308704,-4.9999994429312045,4.999998934484658,-4.999999997669472
99.0,215.0,129.8837127685547,4.999999334897865,-4.999993177131219,4.999995938891902,4.999999743728615,4.999999845818906,-4.999999997041836,4.999999865981054,-4.999999995918842,4.999999290953733,-4.999999998838668
99.0,215.0,129.88372802734375,4.99999951176839,-4.999999808462246,4.9999999993764925,4.999991899406359,4.999999980180829,-4.999999682075026,4.999999309311379,-4.999999013220415,4.999999331737463,-4.999999736766512
99.0,215.0,129.88372802734375,4.999983995005496,-4.999998898220345,4.999997460455939,4.999999571446211,4.999999027698371,-4.999999993195283,4.999999770139975,-4.999999954227387,4.999999241039478,-4.999999960142018
99.0,215.0,129.8837127685547,4.9999993979602895,-4.99999771552354,4.999998644807963,4.999998328331262,4.999999107951256,-4.999998925529819,4.999999997250527,-4.999999327456552,4.99999999998223,-4.9999996789431735
99.0,215.0,129.8837127685547,4.999996064520828,-4.9999999922621,4.999999995607764,4.999995976549756,4.999999834519267,-4.999999999329033,4.9999999863675,-4.999999976216114,4.999998907321769,-4.999999902146255
99.0,215.0,129.8837127685547,4.999999705409738,-4.999999932361455,4.999996875574367,4.9999999973190565,4.999999990478156,-4.999998853776132,4.999999749620872,-4.999999998754437,4.9999997324587415,-4.999999714787981
99.0,215.0,129.88372802734375,4.999995132102582,-4.999995609068084,4.999999730563167,4.999996602726709,4.999999554367472,-4.999999288646996,4.999999919660581,-4.9999990487558845,4.999999958771372,-4.999999681854178
99.0,215.0,129.8837127685547,4.999998638110965,-4.99999991551967,4.99999682414086,4.99999999196101,4.999999976137614,-4.999998752784762,4.999999735236533,-4.999999998223117,4.999999904999811,-4.999999681055218
99.0,215.0,129.88372802734375,4.999999891349837,-4.999998069571356,4.99999340577661,4.999996553241809,4.999999329527874,-4.999998769698805,4.999999865188357,-4.999999944691812,4.999999986073376,-4.999999028156138
99.0,215.0,129.88372802734375,4.999999567207206,-4.999997621580457,4.999995572876644,4.999999986834452,4.999998599646933,-4.999998265259944,4.999999821853126,-4.999999802498925,4.99999997081034,-4.999999441962808
99.0,215.0,129.8837127685547,4.99999113882883,-4.999999965174691,4.9999990000301375,4.99999931259196,4.999999936157908,-4.999999878605406,4.999999996349182,-4.999999994938526,4.9999991473229,-4.999999835384555
99.0,215.0,129.8837127685547,4.999999069254219,-4.999999236368906,4.99999695645012,4.999999514967227,4.9999996006141805,-4.9999999948071165,4.999999997314857,-4.999999968490431,4.9999993366379645,-4.999999989134744
99.0,215.0,129.8837127685547,4.999999151093934,-4.999999747615091,4.999997078698009,4.999999799437435,4.999999573964583,-4.999999248703501,4.999999615751339,-4.999999993044359,4.999999679422513,-4.999999677562956
99.0,215.0,129.88372802734375,4.999997784141086,-4.999999815743987,4.999999995193333,4.999992466790042,4.999999905562087,-4.999998223092692,4.999999924187472,-4.999999541785347,4.999999398769629,-4.9999999092719385
99.0,215.0,129.88372802734375,4.999991938586483,-4.999999927471349,4.9999979830966295,4.999998387763905,4.999996531650917,-4.999997865422196,4.999999957948987,-4.999999643549803,4.999999986044148,-4.999999465070925
99.0,215.0,129.8837127685547,4.999999248586048,-4.999999706812362,4.999999451236711,4.999999721243961,4.999999542023714,-4.999998442287932,4.99999890228966,-4.999999922187954,4.999999992343019,-4.999999940136682
99.0,215.0,129.88372802734375,4.999996907593699,-4.999995027255403,4.999999882046758,4.999994679234339,4.999999896931249,-4.999999639385692,4.999999904409751,-4.9999987627980165,4.999999874087764,-4.999999657691971
99.0,215.0,129.88372802734375,4.999998923467005,-4.999992720394012,4.999999899046374,4.999996176055153,4.999999411757727,-4.999996242211356,4.999999953598422,-4.999999517341143,4.9999998597948245,-4.999999980848098
99.0,215.0,129.8837127685547,4.999991088273316,-4.99999997538677,4.999998184185238,4.999999575212375,4.999999899549586,-4.999999384821575,4.9999998036721305,-4.99999999798358,4.999999481441437,-4.999999833617973
99.0,215.0,129.8837127685547,4.999996066117733,-4.999995981310489,4.999999739312894,4.99999865587705,4.999999854212616,-4.999998774288395,4.999999984588138,-4.999999997475131,4.999999825147508,-4.999999961688712
99.0,215.0,129.88372802734375,4.999988844861623,-4.999999901339956,4.999996838190906,4.999994995452982,4.999999564921504,-4.999999987153889,4.999999983904724,-4.9999997833711145,4.999999138886788,-4.999999903067032
99.0,215.0,129.8837127685547,4.999999499487384,-4.999999580712922,4.999996074789276,4.999999675321238,4.99999950880523,-4.999999870832038,4.999999681123599,-4.999999991892221,4.999999372399474,-4.9999998364546805
99.0,215.0,129.88372802734375,4.999982818585355,-4.999998336447421,4.99999881387389,4.99999994947571,4.999998404391041,-4.999999971678153,4.999999599727022,-4.999999947360318,4.999999677059611,-4.999999434481767
99.0,216.0,129.88372802734375,4.9999978373794365,-4.999999187876645,4.9999962571728815,4.999995891018373,4.999999390787869,-4.999999882493334,4.999998360982433,-4.999998101315946,4.99999999970647,-4.999999940451039
99.0,216.0,129.8837127685547,4.999997561683145,-4.999999979783185,4.999999192056432,4.99999995372192,4.999996368611175,-4.999999972530881,4.999999997690353,-4.9999996255560655,4.999999780611256,-4.99999945744467
99.0,216.0,129.8837127685547,4.99999779540322,-4.999999927471349,4.99999958863175,4.999999700861492,4.999996531650917,-4.999999966940284,4.999999957948987,-4.999999643549803,4.999999986044148,-4.999999465070925
99.0,216.0,129.8837127685547,4.999998616214041,-4.999999999689165,4.9999981005528165,4.999999972576927,4.999999833277881,-4.999998703371469,4.999999938216376,-4.999999032569324,4.999999749256905,-4.99999977593548
99.0,216.0,129.8837127685547,4.999999410657363,-4.999999930807812,4.999998367686694,4.999999631567844,4.9999999069641845,-4.999998694507363,4.999998923957276,-4.999999993284398,4.999999999974537,-4.999999733233347
99.0,216.0,129.88372802734375,4.999996934656673,-4.999999202685336,4.999996853583106,4.999996065120513,4.9999992915549605,-4.999999792824376,4.999999148174361,-4.999998333865498,4.999999681720103,-4.99999992166922
99.0,216.0,129.88372802734375,4.999999775077656,-4.999994564021413,4.999999964856417,4.999995266302854,4.999998993334576,-4.999999280153877,4.999997934502108,-4.99999993912934,4.999999524769379,-4.999999997217436
99.0,216.0,129.8837127685547,4.9999945460824895,-4.999999488872149,4.999999927288397,4.999999291349152,4.999999974614993,-4.9999991905678165,4.999999871982922,-4.9999999984419725,4.999999773530938,-4.999999728483137
99.0,216.0,129.8837127685547,4.999998585815827,-4.999999900389239,4.999998685349209,4.999997388164314,4.9999990640077545,-4.999999821334052,4.999999230654643,-4.999999569994776,4.999999463521204,-4.999999905553958
99.0,216.0,129.8837127685547,4.999999475305442,-4.999999915767101,4.999998695242665,4.9999979961550025,4.999999998256698,-4.999998652575608,4.99999986827638,-4.999999998877703,4.999999571015307,-4.999999579212955
99.0,216.0,129.88372802734375,4.99999939354715,-4.999998363455475,4.999997736438665,4.999996791768485,4.999998353022732,-4.999999930861729,4.999999047206292,-4.9999989229692,4.999999423526685,-4.999999983987223
99.0,216.0,129.88372802734375,4.99999921972648,-4.999996778787598,4.999999999758316,4.999992804250291,4.999999582389704,-4.999999690528578,4.999999333186716,-4.999999901763816,4.9999995036742,-4.999999947859814
99.0,216.0,129.8837127685547,4.999994304892622,-4.999999989646977,4.999999070048753,4.999999962717195,4.999999924652068,-4.99999869936213,4.99999993909622,-4.999999068979866,4.999999778015517,-4.999999653358001
99.0,216.0,129.8837127685547,4.999990446611381,-4.999998503143827,4.999998895441994,4.999999344355467,4.999999783362554,-4.999999986788438,4.999999999074546,-4.999999847902087,4.999999394155188,-4.999999743979785
99.0,216.0,129.8837127685547,4.999989649457818,-4.999999481782292,4.99999993431342,4.9999967930951374,4.999999946758708,-4.99999980775238,4.999999996317017,-4.99999998537244,4.999999390474427,-4.999999839489044
99.0,216.0,129.88372802734375,4.999978210413861,-4.999999350546233,4.999997829027349,4.999999953480997,4.999998426161793,-4.9999998106681005,4.99999968486995,-4.999999993435342,4.999999379220066,-4.999999947354492
99.0,216.0,129.8837127685547,4.999998892844591,-4.999998536207987,4.9999992683596695,4.999994378419128,4.999999468222208,-4.999999978957234,4.999999987627247,-4.999999433282909,4.999999842370076,-4.999999998960016
99.0,216.0,129.8837127685547,4.999994853612056,-4.999999971232728,4.99999902821954,4.999999203493007,4.999999998847765,-4.99999856697318,4.99999999790414,-4.999999999114323,4.999999345067483,-4.999999499477468
99.0,216.0,129.8837127685547,4.999994292695391,-4.999998845510167,4.999998941659017,4.99999997024748,4.999999958592442,-4.999999788239671,4.999999932765025,-4.999999354893098,4.999999779118762,-4.9999996355304965
99.0,216.0,129.8837127685547,4.999999715336943,-4.99999965077725,4.999995623232615,4.999998300932021,4.999998684962921,-4.999999989418555,4.9999998153328935,-4.999999994710262,4.999999792750027,-4.999999425468666
99.0,216.0,129.8837127685547,4.999999887249757,-4.999995295062325,4.999999435001985,4.999994433886448,4.999999528323592,-4.999999798042847,4.999999987802732,-4.999999466180903,4.999999931407436,-4.9999999997863
99.0,216.0,129.8837127685547,4.999999788014327,-4.999999982629428,4.999999991803213,4.999995014335933,4.999999771944335,-4.999999990777506,4.999999975759371,-4.999999948701679,4.999999065420921,-4.999999937230957
99.0,216.0,129.88372802734375,4.9999996800155895,-4.999995501792909,4.999997429816906,4.999997390845893,4.999998392452298,-4.999999315821043,4.999999621610611,-4.999998667098746,4.999999820074336,-4.999999606207634
99.0,216.0,129.8837127685547,4.999999991658655,-4.999999852399731,4.999997549458807,4.9999994765734455,4.999999950232271,-4.999998716382872,4.999998968465464,-4.9999988086468345,4.999999878857045,-4.9999999607841055
99.0,216.0,129.88372802734375,4.999995353157049,-4.99999983224235,4.999999998888614,4.999991893513117,4.999999986255273,-4.999999962098537,4.999999991781658,-4.999999968098967,4.999998985444932,-4.999999937420732
99.0,216.0,129.88372802734375,4.999998127333494,-4.999996884400519,4.999999790200206,4.999995024400801,4.999999674590121,-4.99999989844109,4.999999620784356,-4.999998719147538,4.999999825402038,-4.999999553956971
99.0,216.0,129.88372802734375,4.9999987874132135,-4.999998797524475,4.999999992869606,4.999995924599444,4.999999987551333,-4.999999981188872,4.999998840308704,-4.9999994429312045,4.999998934484658,-4.999999997669472
99.0,216.0,129.8837127685547,4.999999334897865,-4.999993177131219,4.999995938891902,4.999999743728615,4.999999845818906,-4.999999997041836,4.999999865981054,-4.999999995918842,4.999999290953733,-4.999999998838668
99.0,216.0,129.88372802734375,4.99999951176839,-4.999999808462246,4.9999999993764925,4.999991899406359,4.999999980180829,-4.999999682075026,4.999999309311379,-4.999999013220415,4.999999331737463,-4.999999736766512
99.0,216.0,129.88372802734375,4.999983995005496,-4.999998898220345,4.999997460455939,4.999999571446211,4.999999027698371,-4.999999993195283,4.999999770139975,-4.999999954227387,4.999999241039478,-4.999999960142018
99.0,216.0,129.8837127685547,4.9999993979602895,-4.99999771552354,4.999998644807963,4.999998328331262,4.999999107951256,-4.999998925529819,4.999999997250527,-4.999999327456552,4.99999999998223,-4.9999996789431735
99.0,216.0,129.8837127685547,4.999996064520828,-4.9999999922621,4.999999995607764,4.999995976549756,4.999999834519267,-4.999999999329033,4.9999999863675,-4.999999976216114,4.999998907321769,-4.999999902146255
99.0,216.0,129.8837127685547,4.999999705409738,-4.999999932361455,4.999996875574367,4.9999999973190565,4.999999990478156,-4.999998853776132,4.999999749620872,-4.999999998754437,4.9999997324587415,-4.999999714787981
99.0,216.0,129.88372802734375,4.999995132102582,-4.999995609068084,4.999999730563167,4.999996602726709,4.999999554367472,-4.999999288646996,4.999999919660581,-4.9999990487558845,4.999999958771372,-4.999999681854178
99.0,216.0,129.8837127685547,4.999998638110965,-4.99999991551967,4.99999682414086,4.99999999196101,4.999999976137614,-4.999998752784762,4.999999735236533,-4.999999998223117,4.999999904999811,-4.999999681055218
99.0,216.0,129.88372802734375,4.999999891349837,-4.999998069571356,4.99999340577661,4.999996553241809,4.999999329527874,-4.999998769698805,4.999999865188357,-4.999999944691812,4.999999986073376,-4.999999028156138
99.0,216.0,129.88372802734375,4.999999567207206,-4.999997621580457,4.999995572876644,4.999999986834452,4.999998599646933,-4.999998265259944,4.999999821853126,-4.999999802498925,4.99999997081034,-4.999999441962808
99.0,216.0,129.8837127685547,4.99999113882883,-4.999999965174691,4.9999990000301375,4.99999931259196,4.999999936157908,-4.999999878605406,4.999999996349182,-4.999999994938526,4.9999991473229,-4.999999835384555
99.0,216.0,129.8837127685547,4.999999069254219,-4.999999236368906,4.99999695645012,4.999999514967227,4.9999996006141805,-4.9999999948071165,4.999999997314857,-4.999999968490431,4.9999993366379645,-4.999999989134744
99.0,216.0,129.8837127685547,4.999999151093934,-4.999999747615091,4.999997078698009,4.999999799437435,4.999999573964583,-4.999999248703501,4.999999615751339,-4.999999993044359,4.999999679422513,-4.999999677562956
99.0,216.0,129.8837127685547,4.99999993478079,-4.999999815743987,4.999999829767191,4.999993371614928,4.999999905562087,-4.999999780209263,4.999999144248481,-4.99999948355577,4.999999783754958,-4.999999999852859
99.0,216.0,129.88372802734375,4.999991938586483,-4.999999927471349,4.9999979830966295,4.999998387763905,4.999996531650917,-4.999997865422196,4.999999957948987,-4.999999643549803,4.999999986044148,-4.999999465070925
99.0,216.0,129.8837127685547,4.999999248586048,-4.999999706812362,4.999999451236711,4.999999721243961,4.999999542023714,-4.999998442287932,4.99999890228966,-4.999999922187954,4.999999992343019,-4.999999940136682
99.0,216.0,129.88372802734375,4.999996907593699,-4.999995027255403,4.999999882046758,4.999994679234339,4.999999896931249,-4.999999639385692,4.999999904409751,-4.9999987627980165,4.999999874087764,-4.999999657691971
99.0,216.0,129.88372802734375,4.999998923467005,-4.999992720394012,4.999999899046374,4.999996176055153,4.999999411757727,-4.999996242211356,4.999999953598422,-4.999999517341143,4.9999998597948245,-4.999999980848098
99.0,216.0,129.8837127685547,4.999991088273316,-4.99999997538677,4.999998184185238,4.999999575212375,4.999999899549586,-4.999999384821575,4.9999998036721305,-4.99999999798358,4.999999481441437,-4.999999833617973
99.0,216.0,129.8837127685547,4.999996066117733,-4.999995981310489,4.999999739312894,4.99999865587705,4.999999854212616,-4.999998774288395,4.999999984588138,-4.999999997475131,4.999999825147508,-4.999999961688712
99.0,216.0,129.8837127685547,4.999999782108025,-4.999999966544069,4.999996652480769,4.999999838365124,4.999999564921504,-4.999999987153889,4.999999411735999,-4.999999999853391,4.999999138886788,-4.999999864163771
99.0,216.0,129.8837127685547,4.999999499487384,-4.999999580712922,4.999996074789276,4.999999675321238,4.99999950880523,-4.999999870832038,4.999999681123599,-4.999999991892221,4.999999372399474,-4.9999998364546805
99.0,216.0,129.88372802734375,4.999982818585355,-4.999998336447421,4.99999881387389,4.99999994947571,4.999998404391041,-4.999999971678153,4.999999599727022,-4.999999947360318,4.999999677059611,-4.999999434481767
99.0,217.0,129.88372802734375,4.9999978373794365,-4.999999187876645,4.9999962571728815,4.999995891018373,4.999999390787869,-4.999999882493334,4.999998360982433,-4.999998101315946,4.99999999970647,-4.999999940451039
99.0,217.0,129.8837127685547,4.999997561683145,-4.999999979783185,4.999999192056432,4.99999995372192,4.999996368611175,-4.999999972530881,4.999999997690353,-4.9999996255560655,4.999999780611256,-4.99999945744467
99.0,217.0,129.8837127685547,4.99999779540322,-4.999999927471349,4.99999958863175,4.999999700861492,4.999996531650917,-4.999999966940284,4.999999957948987,-4.999999643549803,4.999999986044148,-4.999999465070925
99.0,217.0,129.8837127685547,4.999998616214041,-4.999999999689165,4.9999981005528165,4.999999972576927,4.999999833277881,-4.999998703371469,4.999999938216376,-4.999999032569324,4.999999749256905,-4.99999977593548
99.0,217.0,129.8837127685547,4.999999410657363,-4.999999930807812,4.999998367686694,4.999999631567844,4.9999999069641845,-4.999998694507363,4.999998923957276,-4.999999993284398,4.999999999974537,-4.999999733233347
99.0,217.0,129.88372802734375,4.999996934656673,-4.999999202685336,4.999996853583106,4.999996065120513,4.9999992915549605,-4.999999792824376,4.999999148174361,-4.999998333865498,4.999999681720103,-4.99999992166922
99.0,217.0,129.8837127685547,4.999999775077656,-4.999999999060982,4.999999964856417,4.999996168535799,4.999999601614386,-4.9999999999809805,4.999999890937838,-4.999999972941238,4.999998706756037,-4.999999956132028
99.0,217.0,129.8837127685547,4.9999945460824895,-4.999999488872149,4.999999927288397,4.999999291349152,4.999999974614993,-4.9999991905678165,4.999999871982922,-4.9999999984419725,4.999999773530938,-4.999999728483137
99.0,217.0,129.8837127685547,4.999998585815827,-4.999999900389239,4.999998685349209,4.999997388164314,4.9999990640077545,-4.999999821334052,4.999999230654643,-4.999999569994776,4.999999463521204,-4.999999905553958
99.0,217.0,129.8837127685547,4.999999475305442,-4.999999915767101,4.999998695242665,4.9999979961550025,4.999999998256698,-4.999998652575608,4.99999986827638,-4.999999998877703,4.999999571015307,-4.999999579212955
99.0,217.0,129.88372802734375,4.99999939354715,-4.999998363455475,4.999997736438665,4.999996791768485,4.999998353022732,-4.999999930861729,4.999999047206292,-4.9999989229692,4.999999423526685,-4.999999983987223
99.0,217.0,129.88372802734375,4.99999921972648,-4.999996778787598,4.999999999758316,4.999992804250291,4.999999582389704,-4.999999690528578,4.999999333186716,-4.999999901763816,4.9999995036742,-4.999999947859814
99.0,217.0,129.8837127685547,4.999994304892622,-4.999999989646977,4.999999070048753,4.999999962717195,4.999999924652068,-4.99999869936213,4.99999993909622,-4.999999068979866,4.999999778015517,-4.999999653358001
99.0,217.0,129.8837127685547,4.999990446611381,-4.999998503143827,4.999998895441994,4.999999344355467,4.999999783362554,-4.999999986788438,4.999999999074546,-4.999999847902087,4.999999394155188,-4.999999743979785
99.0,217.0,129.8837127685547,4.999989649457818,-4.999999481782292,4.99999993431342,4.9999967930951374,4.999999946758708,-4.99999980775238,4.999999996317017,-4.99999998537244,4.999999390474427,-4.999999839489044
99.0,217.0,129.88372802734375,4.999978210413861,-4.999999350546233,4.999997829027349,4.999999953480997,4.999998426161793,-4.9999998106681005,4.99999968486995,-4.999999993435342,4.999999379220066,-4.999999947354492
99.0,217.0,129.8837127685547,4.999998892844591,-4.999998536207987,4.9999992683596695,4.999994378419128,4.999999468222208,-4.999999978957234,4.999999987627247,-4.999999433282909,4.999999842370076,-4.999999998960016
99.0,217.0,129.8837127685547,4.999994853612056,-4.999999971232728,4.99999902821954,4.999999203493007,4.999999998847765,-4.99999856697318,4.99999999790414,-4.999999999114323,4.999999345067483,-4.999999499477468
99.0,217.0,129.8837127685547,4.999994292695391,-4.999998845510167,4.999998941659017,4.99999997024748,4.999999958592442,-4.999999788239671,4.999999932765025,-4.999999354893098,4.999999779118762,-4.9999996355304965
99.0,217.0,129.8837127685547,4.999999715336943,-4.99999965077725,4.999995623232615,4.999998300932021,4.999998684962921,-4.999999989418555,4.9999998153328935,-4.999999994710262,4.999999792750027,-4.999999425468666
99.0,217.0,129.8837127685547,4.999999887249757,-4.999995295062325,4.999999435001985,4.999994433886448,4.999999528323592,-4.999999798042847,4.999999987802732,-4.999999466180903,4.999999931407436,-4.9999999997863
99.0,217.0,129.8837127685547,4.999999788014327,-4.999999982629428,4.999999991803213,4.999995014335933,4.999999771944335,-4.999999990777506,4.999999975759371,-4.999999948701679,4.999999065420921,-4.999999937230957
99.0,217.0,129.88372802734375,4.9999996800155895,-4.999995501792909,4.999997429816906,4.999997390845893,4.999998392452298,-4.999999315821043,4.999999621610611,-4.999998667098746,4.999999820074336,-4.999999606207634
99.0,217.0,129.8837127685547,4.999999991658655,-4.999999852399731,4.999997549458807,4.9999994765734455,4.999999950232271,-4.999998716382872,4.999998968465464,-4.9999988086468345,4.999999878857045,-4.9999999607841055
99.0,217.0,129.88372802734375,4.999995353157049,-4.99999983224235,4.999999998888614,4.999991893513117,4.999999986255273,-4.999999962098537,4.999999991781658,-4.999999968098967,4.999998985444932,-4.999999937420732
99.0,217.0,129.88372802734375,4.999998127333494,-4.999996884400519,4.999999790200206,4.999995024400801,4.999999674590121,-4.99999989844109,4.999999620784356,-4.999998719147538,4.999999825402038,-4.999999553956971
99.0,217.0,129.88372802734375,4.9999987874132135,-4.999998797524475,4.999999992869606,4.999995924599444,4.999999987551333,-4.999999981188872,4.999998840308704,-4.9999994429312045,4.999998934484658,-4.999999997669472
99.0,217.0,129.8837127685547,4.999999334897865,-4.999993177131219,4.999995938891902,4.999999743728615,4.999999845818906,-4.999999997041836,4.999999865981054,-4.999999995918842,4.999999290953733,-4.999999998838668
99.0,217.0,129.88372802734375,4.99999951176839,-4.999999808462246,4.9999999993764925,4.999991899406359,4.999999980180829,-4.999999682075026,4.999999309311379,-4.999999013220415,4.999999331737463,-4.999999736766512
99.0,217.0,129.8837127685547,4.9999997949570645,-4.999999960086038,4.999997308682025,4.999999018656059,4.999999027698371,-4.999998274729886,4.999999770139975,-4.999999998826946,4.999999828356362,-4.999999530717212
99.0,217.0,129.8837127685547,4.9999993979602895,-4.99999771552354,4.999998644807963,4.999998328331262,4.999999107951256,-4.999998925529819,4.999999997250527,-4.999999327456552,4.99999999998223,-4.9999996789431735
99.0,217.0,129.8837127685547,4.999996064520828,-4.9999999922621,4.999999995607764,4.999995976549756,4.999999834519267,-4.999999999329033,4.9999999863675,-4.999999976216114,4.999998907321769,-4.999999902146255
99.0,217.0,129.8837127685547,4.999999705409738,-4.999999932361455,4.999996875574367,4.9999999973190565,4.999999990478156,-4.999998853776132,4.999999749620872,-4.999999998754437,4.9999997324587415,-4.999999714787981
99.0,217.0,129.8837127685547,4.99999939344147,-4.999999981375739,4.9999968345378445,4.999999921074352,4.999999554367472,-4.999999373408759,4.999999857241042,-4.9999999999303935,4.999999301751899,-4.999999760137899
99.0,217.0,129.8837127685547,4.999998638110965,-4.99999991551967,4.99999682414086,4.99999999196101,4.999999976137614,-4.999998752784762,4.999999735236533,-4.999999998223117,4.999999904999811,-4.999999681055218
99.0,217.0,129.8837127685547,4.999999802626299,-4.999998069571356,4.999999556263097,4.999993604634852,4.999999782475753,-4.999999979553449,4.999999990922191,-4.999999228659716,4.999999945993382,-4.999999999918766
99.0,217.0,129.88372802734375,4.999999567207206,-4.999997621580457,4.999995572876644,4.999999986834452,4.999998599646933,-4.999998265259944,4.999999821853126,-4.999999802498925,4.99999997081034,-4.999999441962808
99.0,217.0,129.8837127685547,4.99999113882883,-4.999999965174691,4.9999990000301375,4.99999931259196,4.999999936157908,-4.999999878605406,4.999999996349182,-4.999999994938526,4.9999991473229,-4.999999835384555
99.0,217.0,129.8837127685547,4.999999069254219,-4.999999236368906,4.99999695645012,4.999999514967227,4.9999996006141805,-4.9999999948071165,4.999999997314857,-4.999999968490431,4.9999993366379645,-4.999999989134744
99.0,217.0,129.8837127685547,4.999999151093934,-4.999999747615091,4.999997078698009,4.999999799437435,4.999999573964583,-4.999999248703501,4.999999615751339,-4.999999993044359,4.999999679422513,-4.999999677562956
99.0,217.0,129.8837127685547,4.99999993478079,-4.999999815743987,4.999999829767191,4.999993371614928,4.999999905562087,-4.999999780209263,4.999999144248481,-4.99999948355577,4.999999783754958,-4.999999999852859
99.0,217.0,129.88372802734375,4.999991938586483,-4.999999927471349,4.9999979830966295,4.999998387763905,4.999996531650917,-4.999997865422196,4.999999957948987,-4.999999643549803,4.999999986044148,-4.999999465070925
99.0,217.0,129.8837127685547,4.999999248586048,-4.999999706812362,4.999999451236711,4.999999721243961,4.999999542023714,-4.999998442287932,4.99999890228966,-4.999999922187954,4.999999992343019,-4.999999940136682
99.0,217.0,129.88372802734375,4.999996907593699,-4.999995027255403,4.999999882046758,4.999994679234339,4.999999896931249,-4.999999639385692,4.999999904409751,-4.9999987627980165,4.999999874087764,-4.999999657691971
99.0,217.0,129.88372802734375,4.999998923467005,-4.999992720394012,4.999999899046374,4.999996176055153,4.999999411757727,-4.999996242211356,4.999999953598422,-4.999999517341143,4.9999998597948245,-4.999999980848098
99.0,217.0,129.8837127685547,4.999991088273316,-4.99999997538677,4.999998184185238,4.999999575212375,4.999999899549586,-4.999999384821575,4.9999998036721305,-4.99999999798358,4.999999481441437,-4.999999833617973
99.0,217.0,129.8837127685547,4.999996066117733,-4.999995981310489,4.999999739312894,4.99999865587705,4.999999854212616,-4.999998774288395,4.999999984588138,-4.999999997475131,4.999999825147508,-4.999999961688712
99.0,217.0,129.8837127685547,4.999999782108025,-4.999999966544069,4.999996652480769,4.999999838365124,4.999999564921504,-4.999999987153889,4.999999411735999,-4.999999999853391,4.999999138886788,-4.999999864163771
99.0,217.0,129.8837127685547,4.999999499487384,-4.999999580712922,4.999996074789276,4.999999675321238,4.99999950880523,-4.999999870832038,4.999999681123599,-4.999999991892221,4.999999372399474,-4.9999998364546805
99.0,217.0,129.8837127685547,4.999988604049286,-4.999999591729018,4.999999466754481,4.999999860323841,4.999999000701996,-4.999999971678153,4.999998904162835,-4.999999947360318,4.999999995753315,-4.999999995586588
99.0,218.0,129.88372802734375,4.9999978373794365,-4.999999187876645,4.9999962571728815,4.999995891018373,4.999999390787869,-4.999999882493334,4.999998360982433,-4.999998101315946,4.99999999970647,-4.999999940451039
99.0,218.0,129.8837127685547,4.999997561683145,-4.999999979783185,4.999999192056432,4.99999995372192,4.999996368611175,-4.999999972530881,4.999999997690353,-4.9999996255560655,4.999999780611256,-4.99999945744467
99.0,218.0,129.8837127685547,4.99999779540322,-4.999999927471349,4.99999958863175,4.999999700861492,4.999996531650917,-4.999999966940284,4.999999957948987,-4.999999643549803,4.999999986044148,-4.999999465070925
99.0,218.0,129.8837127685547,4.999998616214041,-4.999999999689165,4.9999981005528165,4.999999972576927,4.999999833277881,-4.999998703371469,4.999999938216376,-4.999999032569324,4.999999749256905,-4.99999977593548
99.0,218.0,129.8837127685547,4.999999410657363,-4.999999930807812,4.999998367686694,4.999999631567844,4.9999999069641845,-4.999998694507363,4.999998923957276,-4.999999993284398,4.999999999974537,-4.999999733233347
99.0,218.0,129.88372802734375,4.999996934656673,-4.999999202685336,4.999996853583106,4.999996065120513,4.9999992915549605,-4.999999792824376,4.999999148174361,-4.999998333865498,4.999999681720103,-4.99999992166922
99.0,218.0,129.8837127685547,4.999999775077656,-4.999999999060982,4.999999964856417,4.999996168535799,4.999999601614386,-4.9999999999809805,4.999999890937838,-4.999999972941238,4.999998706756037,-4.999999956132028
99.0,218.0,129.8837127685547,4.9999945460824895,-4.999999488872149,4.999999927288397,4.999999291349152,4.999999974614993,-4.9999991905678165,4.999999871982922,-4.9999999984419725,4.999999773530938,-4.999999728483137
99.0,218.0,129.8837127685547,4.999998585815827,-4.999999900389239,4.999998685349209,4.999997388164314,4.9999990640077545,-4.999999821334052,4.999999230654643,-4.999999569994776,4.999999463521204,-4.999999905553958
99.0,218.0,129.8837127685547,4.999999475305442,-4.999999915767101,4.999998695242665,4.9999979961550025,4.999999998256698,-4.999998652575608,4.99999986827638,-4.999999998877703,4.999999571015307,-4.999999579212955
99.0,218.0,129.88372802734375,4.99999939354715,-4.999998363455475,4.999997736438665,4.999996791768485,4.999998353022732,-4.999999930861729,4.999999047206292,-4.9999989229692,4.999999423526685,-4.999999983987223
99.0,218.0,129.88372802734375,4.99999921972648,-4.999996778787598,4.999999999758316,4.999992804250291,4.999999582389704,-4.999999690528578,4.999999333186716,-4.999999901763816,4.9999995036742,-4.999999947859814
99.0,218.0,129.8837127685547,4.999994304892622,-4.999999989646977,4.999999070048753,4.999999962717195,4.999999924652068,-4.99999869936213,4.99999993909622,-4.999999068979866,4.999999778015517,-4.999999653358001
99.0,218.0,129.8837127685547,4.999990446611381,-4.999998503143827,4.999998895441994,4.999999344355467,4.999999783362554,-4.999999986788438,4.999999999074546,-4.999999847902087,4.999999394155188,-4.999999743979785
99.0,218.0,129.8837127685547,4.999989649457818,-4.999999481782292,4.99999993431342,4.9999967930951374,4.999999946758708,-4.99999980775238,4.999999996317017,-4.99999998537244,4.999999390474427,-4.999999839489044
99.0,218.0,129.88372802734375,4.999978210413861,-4.999999350546233,4.999997829027349,4.999999953480997,4.999998426161793,-4.9999998106681005,4.99999968486995,-4.999999993435342,4.999999379220066,-4.999999947354492
99.0,218.0,129.8837127685547,4.999998892844591,-4.999998536207987,4.9999992683596695,4.999994378419128,4.999999468222208,-4.999999978957234,4.999999987627247,-4.999999433282909,4.999999842370076,-4.999999998960016
99.0,218.0,129.8837127685547,4.999994853612056,-4.999999971232728,4.99999902821954,4.999999203493007,4.999999998847765,-4.99999856697318,4.99999999790414,-4.999999999114323,4.999999345067483,-4.999999499477468
99.0,218.0,129.8837127685547,4.999994292695391,-4.999998845510167,4.999998941659017,4.99999997024748,4.999999958592442,-4.999999788239671,4.999999932765025,-4.999999354893098,4.999999779118762,-4.9999996355304965
99.0,218.0,129.8837127685547,4.999999715336943,-4.99999965077725,4.999995623232615,4.999998300932021,4.999998684962921,-4.999999989418555,4.9999998153328935,-4.999999994710262,4.999999792750027,-4.999999425468666
99.0,218.0,129.8837127685547,4.999999887249757,-4.999995295062325,4.999999435001985,4.999994433886448,4.999999528323592,-4.999999798042847,4.999999987802732,-4.999999466180903,4.999999931407436,-4.9999999997863
99.0,218.0,129.8837127685547,4.999999788014327,-4.999999982629428,4.999999991803213,4.999995014335933,4.999999771944335,-4.999999990777506,4.999999975759371,-4.999999948701679,4.999999065420921,-4.999999937230957
99.0,218.0,129.88372802734375,4.9999996800155895,-4.999995501792909,4.999997429816906,4.999997390845893,4.999998392452298,-4.999999315821043,4.999999621610611,-4.999998667098746,4.999999820074336,-4.999999606207634
99.0,218.0,129.8837127685547,4.999999991658655,-4.999999852399731,4.999997549458807,4.9999994765734455,4.999999950232271,-4.999998716382872,4.999998968465464,-4.9999988086468345,4.999999878857045,-4.9999999607841055
99.0,218.0,129.88372802734375,4.999995353157049,-4.99999983224235,4.999999998888614,4.999991893513117,4.999999986255273,-4.999999962098537,4.999999991781658,-4.999999968098967,4.999998985444932,-4.999999937420732
99.0,218.0,129.88372802734375,4.999998127333494,-4.999996884400519,4.999999790200206,4.999995024400801,4.999999674590121,-4.99999989844109,4.999999620784356,-4.999998719147538,4.999999825402038,-4.999999553956971
99.0,218.0,129.88372802734375,4.9999987874132135,-4.999998797524475,4.999999992869606,4.999995924599444,4.999999987551333,-4.999999981188872,4.999998840308704,-4.9999994429312045,4.999998934484658,-4.999999997669472
99.0,218.0,129.8837127685547,4.999999334897865,-4.999993177131219,4.999995938891902,4.999999743728615,4.999999845818906,-4.999999997041836,4.999999865981054,-4.999999995918842,4.999999290953733,-4.999999998838668
99.0,218.0,129.8837127685547,4.9999999996943085,-4.99999798641462,4.999997190084521,4.999999647266373,4.999999482049898,-4.999999477066366,4.999999309311379,-4.9999999991107975,4.999999541791912,-4.999999991243521
99.0,218.0,129.8837127685547,4.9999997949570645,-4.999999960086038,4.999997308682025,4.999999018656059,4.999999027698371,-4.999998274729886,4.999999770139975,-4.999999998826946,4.999999828356362,-4.999999530717212
99.0,218.0,129.8837127685547,4.9999993979602895,-4.99999771552354,4.999998644807963,4.999998328331262,4.999999107951256,-4.999998925529819,4.999999997250527,-4.999999327456552,4.99999999998223,-4.9999996789431735
99.0,218.0,129.8837127685547,4.999996064520828,-4.9999999922621,4.999999995607764,4.999995976549756,4.999999834519267,-4.999999999329033,4.9999999863675,-4.999999976216114,4.999998907321769,-4.999999902146255
99.0,218.0,129.8837127685547,4.999999705409738,-4.999999932361455,4.999996875574367,4.9999999973190565,4.999999990478156,-4.999998853776132,4.999999749620872,-4.999999998754437,4.9999997324587415,-4.999999714787981
99.0,218.0,129.8837127685547,4.99999939344147,-4.999999981375739,4.9999968345378445,4.999999921074352,4.999999554367472,-4.999999373408759,4.999999857241042,-4.9999999999303935,4.999999301751899,-4.999999760137899
99.0,218.0,129.8837127685547,4.999998638110965,-4.99999991551967,4.99999682414086,4.99999999196101,4.999999976137614,-4.999998752784762,4.999999735236533,-4.999999998223117,4.999999904999811,-4.999999681055218
99.0,218.0,129.8837127685547,4.999999802626299,-4.999998069571356,4.999999556263097,4.999993604634852,4.999999782475753,-4.999999979553449,4.999999990922191,-4.999999228659716,4.999999945993382,-4.999999999918766
99.0,218.0,129.88372802734375,4.999999567207206,-4.999997621580457,4.999995572876644,4.999999986834452,4.999998599646933,-4.999998265259944,4.999999821853126,-4.999999802498925,4.99999997081034,-4.999999441962808
99.0,218.0,129.8837127685547,4.99999113882883,-4.999999965174691,4.9999990000301375,4.99999931259196,4.999999936157908,-4.999999878605406,4.999999996349182,-4.999999994938526,4.9999991473229,-4.999999835384555
99.0,218.0,129.8837127685547,4.999999069254219,-4.999999236368906,4.99999695645012,4.999999514967227,4.9999996006141805,-4.9999999948071165,4.999999997314857,-4.999999968490431,4.9999993366379645,-4.999999989134744
99.0,218.0,129.8837127685547,4.999999151093934,-4.999999747615091,4.999997078698009,4.999999799437435,4.999999573964583,-4.999999248703501,4.999999615751339,-4.999999993044359,4.999999679422513,-4.999999677562956
99.0,218.0,129.8837127685547,4.99999993478079,-4.999999815743987,4.999999829767191,4.999993371614928,4.999999905562087,-4.999999780209263,4.999999144248481,-4.99999948355577,4.999999783754958,-4.999999999852859
99.0,218.0,129.88372802734375,4.999991938586483,-4.999999927471349,4.9999979830966295,4.999998387763905,4.999996531650917,-4.999997865422196,4.999999957948987,-4.999999643549803,4.999999986044148,-4.999999465070925
99.0,218.0,129.8837127685547,4.999999248586048,-4.999999706812362,4.999999451236711,4.999999721243961,4.999999542023714,-4.999998442287932,4.99999890228966,-4.999999922187954,4.999999992343019,-4.999999940136682
99.0,218.0,129.8837127685547,4.999996907593699,-4.999999586517389,4.999998973633055,4.999998852752903,4.99999999469678,-4.999999803980837,4.999999469767564,-4.999999998188258,4.999999874087764,-4.999999837881337
99.0,218.0,129.88372802734375,4.999998923467005,-4.999992720394012,4.999999899046374,4.999996176055153,4.999999411757727,-4.999996242211356,4.999999953598422,-4.999999517341143,4.9999998597948245,-4.999999980848098
99.0,218.0,129.8837127685547,4.999991088273316,-4.99999997538677,4.999998184185238,4.999999575212375,4.999999899549586,-4.999999384821575,4.9999998036721305,-4.99999999798358,4.999999481441437,-4.999999833617973
99.0,218.0,129.8837127685547,4.999996066117733,-4.999995981310489,4.999999739312894,4.99999865587705,4.999999854212616,-4.999998774288395,4.999999984588138,-4.999999997475131,4.999999825147508,-4.999999961688712
99.0,218.0,129.8837127685547,4.999999782108025,-4.999999966544069,4.999996652480769,4.999999838365124,4.999999564921504,-4.999999987153889,4.999999411735999,-4.999999999853391,4.999999138886788,-4.999999864163771
99.0,218.0,129.8837127685547,4.999999499487384,-4.999999580712922,4.999996074789276,4.999999675321238,4.99999950880523,-4.999999870832038,4.999999681123599,-4.999999991892221,4.999999372399474,-4.9999998364546805
99.0,218.0,129.8837127685547,4.999988604049286,-4.999999591729018,4.999999466754481,4.999999860323841,4.999999000701996,-4.999999971678153,4.999998904162835,-4.999999947360318,4.999999995753315,-4.999999995586588
99.0,219.0,129.88372802734375,4.9999978373794365,-4.999999187876645,4.9999962571728815,4.999995891018373,4.999999390787869,-4.999999882493334,4.999998360982433,-4.999998101315946,4.99999999970647,-4.999999940451039
99.0,219.0,129.8837127685547,4.999997561683145,-4.999999979783185,4.999999192056432,4.99999995372192,4.999996368611175,-4.999999972530881,4.999999997690353,-4.9999996255560655,4.999999780611256,-4.99999945744467
99.0,219.0,129.8837127685547,4.99999779540322,-4.999999927471349,4.99999958863175,4.999999700861492,4.999996531650917,-4.999999966940284,4.999999957948987,-4.999999643549803,4.999999986044148,-4.999999465070925
99.0,219.0,129.8837127685547,4.999998616214041,-4.999999999689165,4.9999981005528165,4.999999972576927,4.999999833277881,-4.999998703371469,4.999999938216376,-4.999999032569324,4.999999749256905,-4.99999977593548
99.0,219.0,129.8837127685547,4.999999410657363,-4.999999930807812,4.999998367686694,4.999999631567844,4.9999999069641845,-4.999998694507363,4.999998923957276,-4.999999993284398,4.999999999974537,-4.999999733233347
99.0,219.0,129.8837127685547,4.999996934656673,-4.999999301598228,4.999999197424808,4.9999999211105495,4.999998260300799,-4.999999975246541,4.999999148174361,-4.99999994743579,4.99999968537608,-4.999999998374151
99.0,219.0,129.8837127685547,4.999999775077656,-4.999999999060982,4.999999964856417,4.999996168535799,4.999999601614386,-4.9999999999809805,4.999999890937838,-4.999999972941238,4.999998706756037,-4.999999956132028
99.0,219.0,129.8837127685547,4.9999945460824895,-4.999999488872149,4.999999927288397,4.999999291349152,4.999999974614993,-4.9999991905678165,4.999999871982922,-4.9999999984419725,4.999999773530938,-4.999999728483137
99.0,219.0,129.8837127685547,4.999998585815827,-4.999999900389239,4.999998685349209,4.999997388164314,4.9999990640077545,-4.999999821334052,4.999999230654643,-4.999999569994776,4.999999463521204,-4.999999905553958
99.0,219.0,129.8837127685547,4.999999475305442,-4.999999915767101,4.999998695242665,4.9999979961550025,4.999999998256698,-4.999998652575608,4.99999986827638,-4.999999998877703,4.999999571015307,-4.999999579212955
99.0,219.0,129.88372802734375,4.99999939354715,-4.999998363455475,4.999997736438665,4.999996791768485,4.999998353022732,-4.999999930861729,4.999999047206292,-4.9999989229692,4.999999423526685,-4.999999983987223
99.0,219.0,129.88372802734375,4.99999921972648,-4.999996778787598,4.999999999758316,4.999992804250291,4.999999582389704,-4.999999690528578,4.999999333186716,-4.999999901763816,4.9999995036742,-4.999999947859814
99.0,219.0,129.8837127685547,4.999994304892622,-4.999999989646977,4.999999070048753,4.999999962717195,4.999999924652068,-4.99999869936213,4.99999993909622,-4.999999068979866,4.999999778015517,-4.999999653358001
99.0,219.0,129.8837127685547,4.999990446611381,-4.999998503143827,4.999998895441994,4.999999344355467,4.999999783362554,-4.999999986788438,4.999999999074546,-4.999999847902087,4.999999394155188,-4.999999743979785
99.0,219.0,129.8837127685547,4.999989649457818,-4.999999481782292,4.99999993431342,4.9999967930951374,4.999999946758708,-4.99999980775238,4.999999996317017,-4.99999998537244,4.999999390474427,-4.999999839489044
99.0,219.0,129.88372802734375,4.999978210413861,-4.999999350546233,4.999997829027349,4.999999953480997,4.999998426161793,-4.9999998106681005,4.99999968486995,-4.999999993435342,4.999999379220066,-4.999999947354492
99.0,219.0,129.8837127685547,4.999998892844591,-4.999998536207987,4.9999992683596695,4.999994378419128,4.999999468222208,-4.999999978957234,4.999999987627247,-4.999999433282909,4.999999842370076,-4.999999998960016
99.0,219.0,129.8837127685547,4.999994853612056,-4.999999971232728,4.99999902821954,4.999999203493007,4.999999998847765,-4.99999856697318,4.99999999790414,-4.999999999114323,4.999999345067483,-4.999999499477468
99.0,219.0,129.8837127685547,4.999994292695391,-4.999998845510167,4.999998941659017,4.99999997024748,4.999999958592442,-4.999999788239671,4.999999932765025,-4.999999354893098,4.999999779118762,-4.9999996355304965
99.0,219.0,129.8837127685547,4.999999715336943,-4.99999965077725,4.999995623232615,4.999998300932021,4.999998684962921,-4.999999989418555,4.9999998153328935,-4.999999994710262,4.999999792750027,-4.999999425468666
99.0,219.0,129.8837127685547,4.999999887249757,-4.999995295062325,4.999999435001985,4.999994433886448,4.999999528323592,-4.999999798042847,4.999999987802732,-4.999999466180903,4.999999931407436,-4.9999999997863
99.0,219.0,129.8837127685547,4.999999788014327,-4.999999982629428,4.999999991803213,4.999995014335933,4.999999771944335,-4.999999990777506,4.999999975759371,-4.999999948701679,4.999999065420921,-4.999999937230957
99.0,219.0,129.88372802734375,4.9999996800155895,-4.999995501792909,4.999997429816906,4.999997390845893,4.999998392452298,-4.999999315821043,4.999999621610611,-4.999998667098746,4.999999820074336,-4.999999606207634
99.0,219.0,129.8837127685547,4.999999991658655,-4.999999852399731,4.999997549458807,4.9999994765734455,4.999999950232271,-4.999998716382872,4.999998968465464,-4.9999988086468345,4.999999878857045,-4.9999999607841055
99.0,219.0,129.88372802734375,4.999995353157049,-4.99999983224235,4.999999998888614,4.999991893513117,4.999999986255273,-4.999999962098537,4.999999991781658,-4.999999968098967,4.999998985444932,-4.999999937420732
99.0,219.0,129.88372802734375,4.999998127333494,-4.999996884400519,4.999999790200206,4.999995024400801,4.999999674590121,-4.99999989844109,4.999999620784356,-4.999998719147538,4.999999825402038,-4.999999553956971
99.0,219.0,129.88372802734375,4.9999987874132135,-4.999998797524475,4.999999992869606,4.999995924599444,4.999999987551333,-4.999999981188872,4.999998840308704,-4.9999994429312045,4.999998934484658,-4.999999997669472
99.0,219.0,129.8837127685547,4.999999334897865,-4.999993177131219,4.999995938891902,4.999999743728615,4.999999845818906,-4.999999997041836,4.999999865981054,-4.999999995918842,4.999999290953733,-4.999999998838668
99.0,219.0,129.8837127685547,4.9999999996943085,-4.99999798641462,4.999997190084521,4.999999647266373,4.999999482049898,-4.999999477066366,4.999999309311379,-4.9999999991107975,4.999999541791912,-4.999999991243521
99.0,219.0,129.8837127685547,4.9999997949570645,-4.999999960086038,4.999997308682025,4.999999018656059,4.999999027698371,-4.999998274729886,4.999999770139975,-4.999999998826946,4.999999828356362,-4.999999530717212
99.0,219.0,129.8837127685547,4.9999993979602895,-4.99999771552354,4.999998644807963,4.999998328331262,4.999999107951256,-4.999998925529819,4.999999997250527,-4.999999327456552,4.99999999998223,-4.9999996789431735
99.0,219.0,129.8837127685547,4.999996064520828,-4.9999999922621,4.999999995607764,4.999995976549756,4.999999834519267,-4.999999999329033,4.9999999863675,-4.999999976216114,4.999998907321769,-4.999999902146255
99.0,219.0,129.8837127685547,4.999999705409738,-4.999999932361455,4.999996875574367,4.9999999973190565,4.999999990478156,-4.999998853776132,4.999999749620872,-4.999999998754437,4.9999997324587415,-4.999999714787981
99.0,219.0,129.8837127685547,4.99999939344147,-4.999999981375739,4.9999968345378445,4.999999921074352,4.999999554367472,-4.999999373408759,4.999999857241042,-4.9999999999303935,4.999999301751899,-4.999999760137899
99.0,219.0,129.8837127685547,4.999998638110965,-4.99999991551967,4.99999682414086,4.99999999196101,4.999999976137614,-4.999998752784762,4.999999735236533,-4.999999998223117,4.999999904999811,-4.999999681055218
99.0,219.0,129.8837127685547,4.999999802626299,-4.999998069571356,4.999999556263097,4.999993604634852,4.999999782475753,-4.999999979553449,4.999999990922191,-4.999999228659716,4.999999945993382,-4.999999999918766
99.0,219.0,129.88372802734375,4.999999567207206,-4.999997621580457,4.999995572876644,4.999999986834452,4.999998599646933,-4.999998265259944,4.999999821853126,-4.999999802498925,4.99999997081034,-4.999999441962808
99.0,219.0,129.8837127685547,4.99999113882883,-4.999999965174691,4.9999990000301375,4.99999931259196,4.999999936157908,-4.999999878605406,4.999999996349182,-4.999999994938526,4.9999991473229,-4.999999835384555
99.0,219.0,129.8837127685547,4.999999069254219,-4.999999236368906,4.99999695645012,4.999999514967227,4.9999996006141805,-4.9999999948071165,4.999999997314857,-4.999999968490431,4.9999993366379645,-4.999999989134744
99.0,219.0,129.8837127685547,4.999999151093934,-4.999999747615091,4.999997078698009,4.999999799437435,4.999999573964583,-4.999999248703501,4.999999615751339,-4.999999993044359,4.999999679422513,-4.999999677562956
99.0,219.0,129.8837127685547,4.99999993478079,-4.999999815743987,4.999999829767191,4.999993371614928,4.999999905562087,-4.999999780209263,4.999999144248481,-4.99999948355577,4.999999783754958,-4.999999999852859
99.0,219.0,129.88372802734375,4.999991938586483,-4.999999927471349,4.9999979830966295,4.999998387763905,4.999996531650917,-4.999997865422196,4.999999957948987,-4.999999643549803,4.999999986044148,-4.999999465070925
99.0,219.0,129.8837127685547,4.999999248586048,-4.999999706812362,4.999999451236711,4.999999721243961,4.999999542023714,-4.999998442287932,4.99999890228966,-4.999999922187954,4.999999992343019,-4.999999940136682
99.0,219.0,129.8837127685547,4.999996907593699,-4.999999586517389,4.999998973633055,4.999998852752903,4.99999999469678,-4.999999803980837,4.999999469767564,-4.999999998188258,4.999999874087764,-4.999999837881337
99.0,219.0,129.8837127685547,4.999999028322488,-4.999999990616584,4.999997770283925,4.999999964374124,4.999997948920001,-4.999999976015771,4.999999411923747,-4.999999828386208,4.999999360873434,-4.999999598318734
99.0,219.0,129.8837127685547,4.999991088273316,-4.99999997538677,4.999998184185238,4.999999575212375,4.999999899549586,-4.999999384821575,4.9999998036721305,-4.99999999798358,4.999999481441437,-4.999999833617973
99.0,219.0,129.8837127685547,4.999996066117733,-4.999995981310489,4.999999739312894,4.99999865587705,4.999999854212616,-4.999998774288395,4.999999984588138,-4.999999997475131,4.999999825147508,-4.999999961688712
99.0,219.0,129.8837127685547,4.999999782108025,-4.999999966544069,4.999996652480769,4.999999838365124,4.999999564921504,-4.999999987153889,4.999999411735999,-4.999999999853391,4.999999138886788,-4.999999864163771
99.0,219.0,129.8837127685547,4.999999499487384,-4.999999580712922,4.999996074789276,4.999999675321238,4.99999950880523,-4.999999870832038,4.999999681123599,-4.999999991892221,4.999999372399474,-4.9999998364546805
99.0,219.0,129.8837127685547,4.999988604049286,-4.999999591729018,4.999999466754481,4.999999860323841,4.999999000701996,-4.999999971678153,4.999998904162835,-4.999999947360318,4.999999995753315,-4.999999995586588
99.0,220.0,129.88372802734375,4.9999978373794365,-4.999999187876645,4.9999962571728815,4.999995891018373,4.999999390787869,-4.999999882493334,4.999998360982433,-4.999998101315946,4.99999999970647,-4.999999940451039
99.0,220.0,129.8837127685547,4.999997561683145,-4.999999979783185,4.999999192056432,4.99999995372192,4.999996368611175,-4.999999972530881,4.999999997690353,-4.9999996255560655,4.999999780611256,-4.99999945744467
99.0,220.0,129.8837127685547,4.99999779540322,-4.999999927471349,4.99999958863175,4.999999700861492,4.999996531650917,-4.999999966940284,4.999999957948987,-4.999999643549803,4.999999986044148,-4.999999465070925
99.0,220.0,129.8837127685547,4.999998616214041,-4.999999999689165,4.9999981005528165,4.999999972576927,4.999999833277881,-4.999998703371469,4.999999938216376,-4.999999032569324,4.999999749256905,-4.99999977593548
99.0,220.0,129.8837127685547,4.999999410657363,-4.999999930807812,4.999998367686694,4.999999631567844,4.9999999069641845,-4.999998694507363,4.999998923957276,-4.999999993284398,4.999999999974537,-4.999999733233347
99.0,220.0,129.8837127685547,4.999996934656673,-4.999999301598228,4.999999197424808,4.9999999211105495,4.999998260300799,-4.999999975246541,4.999999148174361,-4.99999994743579,4.99999968537608,-4.999999998374151
99.0,220.0,129.8837127685547,4.999999775077656,-4.999999999060982,4.999999964856417,4.999996168535799,4.999999601614386,-4.9999999999809805,4.999999890937838,-4.999999972941238,4.999998706756037,-4.999999956132028
99.0,220.0,129.8837127685547,4.9999945460824895,-4.999999488872149,4.999999927288397,4.999999291349152,4.999999974614993,-4.9999991905678165,4.999999871982922,-4.9999999984419725,4.999999773530938,-4.999999728483137
99.0,220.0,129.8837127685547,4.999998585815827,-4.999999900389239,4.999998685349209,4.999997388164314,4.9999990640077545,-4.999999821334052,4.999999230654643,-4.999999569994776,4.999999463521204,-4.999999905553958
99.0,220.0,129.8837127685547,4.999999475305442,-4.999999915767101,4.999998695242665,4.9999979961550025,4.999999998256698,-4.999998652575608,4.99999986827638,-4.999999998877703,4.999999571015307,-4.999999579212955
99.0,220.0,129.88372802734375,4.99999939354715,-4.999998363455475,4.999997736438665,4.999996791768485,4.999998353022732,-4.999999930861729,4.999999047206292,-4.9999989229692,4.999999423526685,-4.999999983987223
99.0,220.0,129.88372802734375,4.99999921972648,-4.999996778787598,4.999999999758316,4.999992804250291,4.999999582389704,-4.999999690528578,4.999999333186716,-4.999999901763816,4.9999995036742,-4.999999947859814
99.0,220.0,129.8837127685547,4.999994304892622,-4.999999989646977,4.999999070048753,4.999999962717195,4.999999924652068,-4.99999869936213,4.99999993909622,-4.999999068979866,4.999999778015517,-4.999999653358001
99.0,220.0,129.8837127685547,4.999990446611381,-4.999998503143827,4.999998895441994,4.999999344355467,4.999999783362554,-4.999999986788438,4.999999999074546,-4.999999847902087,4.999999394155188,-4.999999743979785
99.0,220.0,129.8837127685547,4.999989649457818,-4.999999481782292,4.99999993431342,4.9999967930951374,4.999999946758708,-4.99999980775238,4.999999996317017,-4.99999998537244,4.999999390474427,-4.999999839489044
99.0,220.0,129.8837127685547,4.999998101183509,-4.999996236718998,4.999998825945104,4.9999989964909375,4.999999783544061,-4.999998530690221,4.999999997953637,-4.999999514538807,4.999999813010492,-4.999999985414883
99.0,220.0,129.8837127685547,4.999998892844591,-4.999998536207987,4.9999992683596695,4.999994378419128,4.999999468222208,-4.999999978957234,4.999999987627247,-4.999999433282909,4.999999842370076,-4.999999998960016
99.0,220.0,129.8837127685547,4.999994853612056,-4.999999971232728,4.99999902821954,4.999999203493007,4.999999998847765,-4.99999856697318,4.99999999790414,-4.999999999114323,4.999999345067483,-4.999999499477468
99.0,220.0,129.8837127685547,4.999994292695391,-4.999998845510167,4.999998941659017,4.99999997024748,4.999999958592442,-4.999999788239671,4.999999932765025,-4.999999354893098,4.999999779118762,-4.9999996355304965
99.0,220.0,129.8837127685547,4.999999715336943,-4.99999965077725,4.999995623232615,4.999998300932021,4.999998684962921,-4.999999989418555,4.9999998153328935,-4.999999994710262,4.999999792750027,-4.999999425468666
99.0,220.0,129.8837127685547,4.999999887249757,-4.999995295062325,4.999999435001985,4.999994433886448,4.999999528323592,-4.999999798042847,4.999999987802732,-4.999999466180903,4.999999931407436,-4.9999999997863
99.0,220.0,129.8837127685547,4.999999788014327,-4.999999982629428,4.999999991803213,4.999995014335933,4.999999771944335,-4.999999990777506,4.999999975759371,-4.999999948701679,4.999999065420921,-4.999999937230957
99.0,220.0,129.88372802734375,4.9999996800155895,-4.999995501792909,4.999997429816906,4.999997390845893,4.999998392452298,-4.999999315821043,4.999999621610611,-4.999998667098746,4.999999820074336,-4.999999606207634
99.0,220.0,129.8837127685547,4.999999991658655,-4.999999852399731,4.999997549458807,4.9999994765734455,4.999999950232271,-4.999998716382872,4.999998968465464,-4.9999988086468345,4.999999878857045,-4.9999999607841055
99.0,220.0,129.88372802734375,4.999995353157049,-4.99999983224235,4.999999998888614,4.999991893513117,4.999999986255273,-4.999999962098537,4.999999991781658,-4.999999968098967,4.999998985444932,-4.999999937420732
99.0,220.0,129.88372802734375,4.999998127333494,-4.999996884400519,4.999999790200206,4.999995024400801,4.999999674590121,-4.99999989844109,4.999999620784356,-4.999998719147538,4.999999825402038,-4.999999553956971
99.0,220.0,129.88372802734375,4.9999987874132135,-4.999998797524475,4.999999992869606,4.999995924599444,4.999999987551333,-4.999999981188872,4.999998840308704,-4.9999994429312045,4.999998934484658,-4.999999997669472
99.0,220.0,129.8837127685547,4.999999334897865,-4.999993177131219,4.999995938891902,4.999999743728615,4.999999845818906,-4.999999997041836,4.999999865981054,-4.999999995918842,4.999999290953733,-4.999999998838668
99.0,220.0,129.8837127685547,4.9999999996943085,-4.99999798641462,4.999997190084521,4.999999647266373,4.999999482049898,-4.999999477066366,4.999999309311379,-4.9999999991107975,4.999999541791912,-4.999999991243521
99.0,220.0,129.8837127685547,4.9999997949570645,-4.999999960086038,4.999997308682025,4.999999018656059,4.999999027698371,-4.999998274729886,4.999999770139975,-4.999999998826946,4.999999828356362,-4.999999530717212
99.0,220.0,129.8837127685547,4.9999993979602895,-4.99999771552354,4.999998644807963,4.999998328331262,4.999999107951256,-4.999998925529819,4.999999997250527,-4.999999327456552,4.99999999998223,-4.9999996789431735
99.0,220.0,129.8837127685547,4.999996064520828,-4.9999999922621,4.999999995607764,4.999995976549756,4.999999834519267,-4.999999999329033,4.9999999863675,-4.999999976216114,4.999998907321769,-4.999999902146255
99.0,220.0,129.8837127685547,4.999999705409738,-4.999999932361455,4.999996875574367,4.9999999973190565,4.999999990478156,-4.999998853776132,4.999999749620872,-4.999999998754437,4.9999997324587415,-4.999999714787981
99.0,220.0,129.8837127685547,4.99999939344147,-4.999999981375739,4.9999968345378445,4.999999921074352,4.999999554367472,-4.999999373408759,4.999999857241042,-4.9999999999303935,4.999999301751899,-4.999999760137899
99.0,220.0,129.8837127685547,4.999998638110965,-4.99999991551967,4.99999682414086,4.99999999196101,4.999999976137614,-4.999998752784762,4.999999735236533,-4.999999998223117,4.999999904999811,-4.999999681055218
99.0,220.0,129.8837127685547,4.999999802626299,-4.999998069571356,4.999999556263097,4.999993604634852,4.999999782475753,-4.999999979553449,4.999999990922191,-4.999999228659716,4.999999945993382,-4.999999999918766
99.0,220.0,129.88372802734375,4.999999567207206,-4.999997621580457,4.999995572876644,4.999999986834452,4.999998599646933,-4.999998265259944,4.999999821853126,-4.999999802498925,4.99999997081034,-4.999999441962808
99.0,220.0,129.8837127685547,4.99999113882883,-4.999999965174691,4.9999990000301375,4.99999931259196,4.999999936157908,-4.999999878605406,4.999999996349182,-4.999999994938526,4.9999991473229,-4.999999835384555
99.0,220.0,129.8837127685547,4.999999069254219,-4.999999236368906,4.99999695645012,4.999999514967227,4.9999996006141805,-4.9999999948071165,4.999999997314857,-4.999999968490431,4.9999993366379645,-4.999999989134744
99.0,220.0,129.8837127685547,4.999999151093934,-4.999999747615091,4.999997078698009,4.999999799437435,4.999999573964583,-4.999999248703501,4.999999615751339,-4.999999993044359,4.999999679422513,-4.999999677562956
99.0,220.0,129.8837127685547,4.99999993478079,-4.999999815743987,4.999999829767191,4.999993371614928,4.999999905562087,-4.999999780209263,4.999999144248481,-4.99999948355577,4.999999783754958,-4.999999999852859
99.0,220.0,129.88372802734375,4.999991938586483,-4.999999927471349,4.9999979830966295,4.999998387763905,4.999996531650917,-4.999997865422196,4.999999957948987,-4.999999643549803,4.999999986044148,-4.999999465070925
99.0,220.0,129.8837127685547,4.999999248586048,-4.999999706812362,4.999999451236711,4.999999721243961,4.999999542023714,-4.999998442287932,4.99999890228966,-4.999999922187954,4.999999992343019,-4.999999940136682
99.0,220.0,129.8837127685547,4.999996907593699,-4.999999586517389,4.999998973633055,4.999998852752903,4.99999999469678,-4.999999803980837,4.999999469767564,-4.999999998188258,4.999999874087764,-4.999999837881337
99.0,220.0,129.8837127685547,4.999999028322488,-4.999999990616584,4.999997770283925,4.999999964374124,4.999997948920001,-4.999999976015771,4.999999411923747,-4.999999828386208,4.999999360873434,-4.999999598318734
99.0,220.0,129.8837127685547,4.999991088273316,-4.99999997538677,4.999998184185238,4.999999575212375,4.999999899549586,-4.999999384821575,4.9999998036721305,-4.99999999798358,4.999999481441437,-4.999999833617973
99.0,220.0,129.8837127685547,4.999996066117733,-4.999995981310489,4.999999739312894,4.99999865587705,4.999999854212616,-4.999998774288395,4.999999984588138,-4.999999997475131,4.999999825147508,-4.999999961688712
99.0,220.0,129.8837127685547,4.999999782108025,-4.999999966544069,4.999996652480769,4.999999838365124,4.999999564921504,-4.999999987153889,4.999999411735999,-4.999999999853391,4.999999138886788,-4.999999864163771
99.0,220.0,129.8837127685547,4.999999499487384,-4.999999580712922,4.999996074789276,4.999999675321238,4.99999950880523,-4.999999870832038,4.999999681123599,-4.999999991892221,4.999999372399474,-4.9999998364546805
99.0,220.0,129.8837127685547,4.999988604049286,-4.999999591729018,4.999999466754481,4.999999860323841,4.999999000701996,-4.999999971678153,4.999998904162835,-4.999999947360318,4.999999995753315,-4.999999995586588
99.0,221.0,129.88372802734375,4.9999978373794365,-4.999999187876645,4.9999962571728815,4.999995891018373,4.999999390787869,-4.999999882493334,4.999998360982433,-4.999998101315946,4.99999999970647,-4.999999940451039
99.0,221.0,129.8837127685547,4.999997561683145,-4.999999979783185,4.999999192056432,4.99999995372192,4.999996368611175,-4.999999972530881,4.999999997690353,-4.9999996255560655,4.999999780611256,-4.99999945744467
99.0,221.0,129.8837127685547,4.99999779540322,-4.999999927471349,4.99999958863175,4.999999700861492,4.999996531650917,-4.999999966940284,4.999999957948987,-4.999999643549803,4.999999986044148,-4.999999465070925
99.0,221.0,129.8837127685547,4.999998616214041,-4.999999999689165,4.9999981005528165,4.999999972576927,4.999999833277881,-4.999998703371469,4.999999938216376,-4.999999032569324,4.999999749256905,-4.99999977593548
99.0,221.0,129.8837127685547,4.999999410657363,-4.999999930807812,4.999998367686694,4.999999631567844,4.9999999069641845,-4.999998694507363,4.999998923957276,-4.999999993284398,4.999999999974537,-4.999999733233347
99.0,221.0,129.8837127685547,4.999996934656673,-4.999999301598228,4.999999197424808,4.9999999211105495,4.999998260300799,-4.999999975246541,4.999999148174361,-4.99999994743579,4.99999968537608,-4.999999998374151
99.0,221.0,129.8837127685547,4.999999775077656,-4.999999999060982,4.999999964856417,4.999996168535799,4.999999601614386,-4.9999999999809805,4.999999890937838,-4.999999972941238,4.999998706756037,-4.999999956132028
99.0,221.0,129.8837127685547,4.9999945460824895,-4.999999488872149,4.999999927288397,4.999999291349152,4.999999974614993,-4.9999991905678165,4.999999871982922,-4.9999999984419725,4.999999773530938,-4.999999728483137
99.0,221.0,129.8837127685547,4.999998585815827,-4.999999900389239,4.999998685349209,4.999997388164314,4.9999990640077545,-4.999999821334052,4.999999230654643,-4.999999569994776,4.999999463521204,-4.999999905553958
99.0,221.0,129.8837127685547,4.999999475305442,-4.999999915767101,4.999998695242665,4.9999979961550025,4.999999998256698,-4.999998652575608,4.99999986827638,-4.999999998877703,4.999999571015307,-4.999999579212955
99.0,221.0,129.88372802734375,4.99999939354715,-4.999998363455475,4.999997736438665,4.999996791768485,4.999998353022732,-4.999999930861729,4.999999047206292,-4.9999989229692,4.999999423526685,-4.999999983987223
99.0,221.0,129.88372802734375,4.99999921972648,-4.999996778787598,4.999999999758316,4.999992804250291,4.999999582389704,-4.999999690528578,4.999999333186716,-4.999999901763816,4.9999995036742,-4.999999947859814
99.0,221.0,129.8837127685547,4.999994304892622,-4.999999989646977,4.999999070048753,4.999999962717195,4.999999924652068,-4.99999869936213,4.99999993909622,-4.999999068979866,4.999999778015517,-4.999999653358001
99.0,221.0,129.8837127685547,4.999990446611381,-4.999998503143827,4.999998895441994,4.999999344355467,4.999999783362554,-4.999999986788438,4.999999999074546,-4.999999847902087,4.999999394155188,-4.999999743979785
99.0,221.0,129.8837127685547,4.999989649457818,-4.999999481782292,4.99999993431342,4.9999967930951374,4.999999946758708,-4.99999980775238,4.999999996317017,-4.99999998537244,4.999999390474427,-4.999999839489044
99.0,221.0,129.8837127685547,4.999998101183509,-4.999996236718998,4.999998825945104,4.9999989964909375,4.999999783544061,-4.999998530690221,4.999999997953637,-4.999999514538807,4.999999813010492,-4.999999985414883
99.0,221.0,129.8837127685547,4.999998892844591,-4.999998536207987,4.9999992683596695,4.999994378419128,4.999999468222208,-4.999999978957234,4.999999987627247,-4.999999433282909,4.999999842370076,-4.999999998960016
99.0,221.0,129.8837127685547,4.999994853612056,-4.999999971232728,4.99999902821954,4.999999203493007,4.999999998847765,-4.99999856697318,4.99999999790414,-4.999999999114323,4.999999345067483,-4.999999499477468
99.0,221.0,129.8837127685547,4.999994292695391,-4.999998845510167,4.999998941659017,4.99999997024748,4.999999958592442,-4.999999788239671,4.999999932765025,-4.999999354893098,4.999999779118762,-4.9999996355304965
99.0,221.0,129.8837127685547,4.999999715336943,-4.99999965077725,4.999995623232615,4.999998300932021,4.999998684962921,-4.999999989418555,4.9999998153328935,-4.999999994710262,4.999999792750027,-4.999999425468666
99.0,221.0,129.8837127685547,4.999999887249757,-4.999995295062325,4.999999435001985,4.999994433886448,4.999999528323592,-4.999999798042847,4.999999987802732,-4.999999466180903,4.999999931407436,-4.9999999997863
99.0,221.0,129.8837127685547,4.999999788014327,-4.999999982629428,4.999999991803213,4.999995014335933,4.999999771944335,-4.999999990777506,4.999999975759371,-4.999999948701679,4.999999065420921,-4.999999937230957
99.0,221.0,129.88372802734375,4.9999996800155895,-4.999995501792909,4.999997429816906,4.999997390845893,4.999998392452298,-4.999999315821043,4.999999621610611,-4.999998667098746,4.999999820074336,-4.999999606207634
99.0,221.0,129.8837127685547,4.999999991658655,-4.999999852399731,4.999997549458807,4.9999994765734455,4.999999950232271,-4.999998716382872,4.999998968465464,-4.9999988086468345,4.999999878857045,-4.9999999607841055
99.0,221.0,129.88372802734375,4.999995353157049,-4.99999983224235,4.999999998888614,4.999991893513117,4.999999986255273,-4.999999962098537,4.999999991781658,-4.999999968098967,4.999998985444932,-4.999999937420732
99.0,221.0,129.88372802734375,4.999998127333494,-4.999996884400519,4.999999790200206,4.999995024400801,4.999999674590121,-4.99999989844109,4.999999620784356,-4.999998719147538,4.999999825402038,-4.999999553956971
99.0,221.0,129.8837127685547,4.999999416961559,-4.999999983584205,4.999999176680758,4.999999979640223,4.999996252158734,-4.999999972856855,4.999999949975523,-4.9999994429312045,4.99999968032839,-4.999999484437556
99.0,221.0,129.8837127685547,4.999999334897865,-4.999993177131219,4.999995938891902,4.999999743728615,4.999999845818906,-4.999999997041836,4.999999865981054,-4.999999995918842,4.999999290953733,-4.999999998838668
99.0,221.0,129.8837127685547,4.9999999996943085,-4.99999798641462,4.999997190084521,4.999999647266373,4.999999482049898,-4.999999477066366,4.999999309311379,-4.9999999991107975,4.999999541791912,-4.999999991243521
99.0,221.0,129.8837127685547,4.9999997949570645,-4.999999960086038,4.999997308682025,4.999999018656059,4.999999027698371,-4.999998274729886,4.999999770139975,-4.999999998826946,4.999999828356362,-4.999999530717212
99.0,221.0,129.8837127685547,4.9999993979602895,-4.99999771552354,4.999998644807963,4.999998328331262,4.999999107951256,-4.999998925529819,4.999999997250527,-4.999999327456552,4.99999999998223,-4.9999996789431735
99.0,221.0,129.8837127685547,4.999996064520828,-4.9999999922621,4.999999995607764,4.999995976549756,4.999999834519267,-4.999999999329033,4.9999999863675,-4.999999976216114,4.999998907321769,-4.999999902146255
99.0,221.0,129.8837127685547,4.999999705409738,-4.999999932361455,4.999996875574367,4.9999999973190565,4.999999990478156,-4.999998853776132,4.999999749620872,-4.999999998754437,4.9999997324587415,-4.999999714787981
99.0,221.0,129.8837127685547,4.99999939344147,-4.999999981375739,4.9999968345378445,4.999999921074352,4.999999554367472,-4.999999373408759,4.999999857241042,-4.9999999999303935,4.999999301751899,-4.999999760137899
99.0,221.0,129.8837127685547,4.999998638110965,-4.99999991551967,4.99999682414086,4.99999999196101,4.999999976137614,-4.999998752784762,4.999999735236533,-4.999999998223117,4.999999904999811,-4.999999681055218
99.0,221.0,129.8837127685547,4.999999802626299,-4.999998069571356,4.999999556263097,4.999993604634852,4.999999782475753,-4.999999979553449,4.999999990922191,-4.999999228659716,4.999999945993382,-4.999999999918766
99.0,221.0,129.88369750976562,4.999999749665182,-4.99999996553812,4.999999998129521,4.999999986834452,4.9999999847226615,-4.999999424088628,4.99999998628288,-4.999999948152202,4.99999997081034,-4.999999862543062
99.0,221.0,129.8837127685547,4.99999113882883,-4.999999965174691,4.9999990000301375,4.99999931259196,4.999999936157908,-4.999999878605406,4.999999996349182,-4.999999994938526,4.9999991473229,-4.999999835384555
99.0,221.0,129.8837127685547,4.999999069254219,-4.999999236368906,4.99999695645012,4.999999514967227,4.9999996006141805,-4.9999999948071165,4.999999997314857,-4.999999968490431,4.9999993366379645,-4.999999989134744
99.0,221.0,129.8837127685547,4.999999151093934,-4.999999747615091,4.999997078698009,4.999999799437435,4.999999573964583,-4.999999248703501,4.999999615751339,-4.999999993044359,4.999999679422513,-4.999999677562956
99.0,221.0,129.8837127685547,4.99999993478079,-4.999999815743987,4.999999829767191,4.999993371614928,4.999999905562087,-4.999999780209263,4.999999144248481,-4.99999948355577,4.999999783754958,-4.999999999852859
99.0,221.0,129.8837127685547,4.999998024870367,-4.999998849847666,4.999998824072994,4.999998980878784,4.999999975796443,-4.999998364993886,4.999999306103844,-4.999999643549803,4.9999999011832,-4.999999946006701
99.0,221.0,129.8837127685547,4.999999248586048,-4.999999706812362,4.999999451236711,4.999999721243961,4.999999542023714,-4.999998442287932,4.99999890228966,-4.999999922187954,4.999999992343019,-4.999999940136682
99.0,221.0,129.8837127685547,4.999996907593699,-4.999999586517389,4.999998973633055,4.999998852752903,4.99999999469678,-4.999999803980837,4.999999469767564,-4.999999998188258,4.999999874087764,-4.999999837881337
99.0,221.0,129.8837127685547,4.999999028322488,-4.999999990616584,4.999997770283925,4.999999964374124,4.999997948920001,-4.999999976015771,4.999999411923747,-4.999999828386208,4.999999360873434,-4.999999598318734
99.0,221.0,129.8837127685547,4.999991088273316,-4.99999997538677,4.999998184185238,4.999999575212375,4.999999899549586,-4.999999384821575,4.9999998036721305,-4.99999999798358,4.999999481441437,-4.999999833617973
99.0,221.0,129.8837127685547,4.999996066117733,-4.999995981310489,4.999999739312894,4.99999865587705,4.999999854212616,-4.999998774288395,4.999999984588138,-4.999999997475131,4.999999825147508,-4.999999961688712
99.0,221.0,129.8837127685547,4.999999782108025,-4.999999966544069,4.999996652480769,4.999999838365124,4.999999564921504,-4.999999987153889,4.999999411735999,-4.999999999853391,4.999999138886788,-4.999999864163771
99.0,221.0,129.8837127685547,4.999999499487384,-4.999999580712922,4.999996074789276,4.999999675321238,4.99999950880523,-4.999999870832038,4.999999681123599,-4.999999991892221,4.999999372399474,-4.9999998364546805
99.0,221.0,129.8837127685547,4.999988604049286,-4.999999591729018,4.999999466754481,4.999999860323841,4.999999000701996,-4.999999971678153,4.999998904162835,-4.999999947360318,4.999999995753315,-4.999999995586588
99.0,222.0,129.8837127685547,4.999999831785784,-4.999999187876645,4.9999985654548045,4.999998785140219,4.999999932235369,-4.999998058670537,4.99999986467962,-4.999999999270015,4.999999990866595,-4.999999591346945
99.0,222.0,129.8837127685547,4.999997561683145,-4.999999979783185,4.999999192056432,4.99999995372192,4.999996368611175,-4.999999972530881,4.999999997690353,-4.9999996255560655,4.999999780611256,-4.99999945744467
99.0,222.0,129.8837127685547,4.99999779540322,-4.999999927471349,4.99999958863175,4.999999700861492,4.999996531650917,-4.999999966940284,4.999999957948987,-4.999999643549803,4.999999986044148,-4.999999465070925
99.0,222.0,129.8837127685547,4.999998616214041,-4.999999999689165,4.9999981005528165,4.999999972576927,4.999999833277881,-4.999998703371469,4.999999938216376,-4.999999032569324,4.999999749256905,-4.99999977593548
99.0,222.0,129.8837127685547,4.999999410657363,-4.999999930807812,4.999998367686694,4.999999631567844,4.9999999069641845,-4.999998694507363,4.999998923957276,-4.999999993284398,4.999999999974537,-4.999999733233347
99.0,222.0,129.8837127685547,4.999996934656673,-4.999999301598228,4.999999197424808,4.9999999211105495,4.999998260300799,-4.999999975246541,4.999999148174361,-4.99999994743579,4.99999968537608,-4.999999998374151
99.0,222.0,129.8837127685547,4.999999775077656,-4.999999999060982,4.999999964856417,4.999996168535799,4.999999601614386,-4.9999999999809805,4.999999890937838,-4.999999972941238,4.999998706756037,-4.999999956132028
99.0,222.0,129.8837127685547,4.9999945460824895,-4.999999488872149,4.999999927288397,4.999999291349152,4.999999974614993,-4.9999991905678165,4.999999871982922,-4.9999999984419725,4.999999773530938,-4.999999728483137
99.0,222.0,129.8837127685547,4.999998585815827,-4.999999900389239,4.999998685349209,4.999997388164314,4.9999990640077545,-4.999999821334052,4.999999230654643,-4.999999569994776,4.999999463521204,-4.999999905553958
99.0,222.0,129.8837127685547,4.999999475305442,-4.999999915767101,4.999998695242665,4.9999979961550025,4.999999998256698,-4.999998652575608,4.99999986827638,-4.999999998877703,4.999999571015307,-4.999999579212955
99.0,222.0,129.88372802734375,4.99999939354715,-4.999998363455475,4.999997736438665,4.999996791768485,4.999998353022732,-4.999999930861729,4.999999047206292,-4.9999989229692,4.999999423526685,-4.999999983987223
99.0,222.0,129.88372802734375,4.99999921972648,-4.999996778787598,4.999999999758316,4.999992804250291,4.999999582389704,-4.999999690528578,4.999999333186716,-4.999999901763816,4.9999995036742,-4.999999947859814
99.0,222.0,129.8837127685547,4.999994304892622,-4.999999989646977,4.999999070048753,4.999999962717195,4.999999924652068,-4.99999869936213,4.99999993909622,-4.999999068979866,4.999999778015517,-4.999999653358001
99.0,222.0,129.8837127685547,4.999990446611381,-4.999998503143827,4.999998895441994,4.999999344355467,4.999999783362554,-4.999999986788438,4.999999999074546,-4.999999847902087,4.999999394155188,-4.999999743979785
99.0,222.0,129.8837127685547,4.999989649457818,-4.999999481782292,4.99999993431342,4.9999967930951374,4.999999946758708,-4.99999980775238,4.999999996317017,-4.99999998537244,4.999999390474427,-4.999999839489044
99.0,222.0,129.8837127685547,4.999998101183509,-4.999996236718998,4.999998825945104,4.9999989964909375,4.999999783544061,-4.999998530690221,4.999999997953637,-4.999999514538807,4.999999813010492,-4.999999985414883
99.0,222.0,129.8837127685547,4.999998892844591,-4.999998536207987,4.9999992683596695,4.999994378419128,4.999999468222208,-4.999999978957234,4.999999987627247,-4.999999433282909,4.999999842370076,-4.999999998960016
99.0,222.0,129.8837127685547,4.999994853612056,-4.999999971232728,4.99999902821954,4.999999203493007,4.999999998847765,-4.99999856697318,4.99999999790414,-4.999999999114323,4.999999345067483,-4.999999499477468
99.0,222.0,129.8837127685547,4.999994292695391,-4.999998845510167,4.999998941659017,4.99999997024748,4.999999958592442,-4.999999788239671,4.999999932765025,-4.999999354893098,4.999999779118762,-4.9999996355304965
99.0,222.0,129.8837127685547,4.999999715336943,-4.99999965077725,4.999995623232615,4.999998300932021,4.999998684962921,-4.999999989418555,4.9999998153328935,-4.999999994710262,4.999999792750027,-4.999999425468666
99.0,222.0,129.8837127685547,4.999999887249757,-4.999995295062325,4.999999435001985,4.999994433886448,4.999999528323592,-4.999999798042847,4.999999987802732,-4.999999466180903,4.999999931407436,-4.9999999997863
99.0,222.0,129.8837127685547,4.999999788014327,-4.999999982629428,4.999999991803213,4.999995014335933,4.999999771944335,-4.999999990777506,4.999999975759371,-4.999999948701679,4.999999065420921,-4.999999937230957
99.0,222.0,129.88372802734375,4.9999996800155895,-4.999995501792909,4.999997429816906,4.999997390845893,4.999998392452298,-4.999999315821043,4.999999621610611,-4.999998667098746,4.999999820074336,-4.999999606207634
99.0,222.0,129.8837127685547,4.999999991658655,-4.999999852399731,4.999997549458807,4.9999994765734455,4.999999950232271,-4.999998716382872,4.999998968465464,-4.9999988086468345,4.999999878857045,-4.9999999607841055
99.0,222.0,129.8837127685547,4.999998997692642,-4.999999722226606,4.999998100078956,4.999998878332375,4.999999986255273,-4.99999858141436,4.999999844021529,-4.999999992556514,4.999999895486772,-4.999999535087548
99.0,222.0,129.8837127685547,4.999995962356127,-4.999997778677022,4.999999611876204,4.999998612711648,4.999999674590121,-4.999999711134512,4.999999984511651,-4.999998719147538,4.999999841164487,-4.999999850196725
99.0,222.0,129.8837127685547,4.999999416961559,-4.999999983584205,4.999999176680758,4.999999979640223,4.999996252158734,-4.999999972856855,4.999999949975523,-4.9999994429312045,4.99999968032839,-4.999999484437556
99.0,222.0,129.8837127685547,4.999999334897865,-4.999993177131219,4.999995938891902,4.999999743728615,4.999999845818906,-4.999999997041836,4.999999865981054,-4.999999995918842,4.999999290953733,-4.999999998838668
99.0,222.0,129.8837127685547,4.9999999996943085,-4.99999798641462,4.999997190084521,4.999999647266373,4.999999482049898,-4.999999477066366,4.999999309311379,-4.9999999991107975,4.999999541791912,-4.999999991243521
99.0,222.0,129.8837127685547,4.9999997949570645,-4.999999960086038,4.999997308682025,4.999999018656059,4.999999027698371,-4.999998274729886,4.999999770139975,-4.999999998826946,4.999999828356362,-4.999999530717212
99.0,222.0,129.8837127685547,4.9999993979602895,-4.99999771552354,4.999998644807963,4.999998328331262,4.999999107951256,-4.999998925529819,4.999999997250527,-4.999999327456552,4.99999999998223,-4.9999996789431735
99.0,222.0,129.8837127685547,4.999996064520828,-4.9999999922621,4.999999995607764,4.999995976549756,4.999999834519267,-4.999999999329033,4.9999999863675,-4.999999976216114,4.999998907321769,-4.999999902146255
99.0,222.0,129.8837127685547,4.999999705409738,-4.999999932361455,4.999996875574367,4.9999999973190565,4.999999990478156,-4.999998853776132,4.999999749620872,-4.999999998754437,4.9999997324587415,-4.999999714787981
99.0,222.0,129.8837127685547,4.99999939344147,-4.999999981375739,4.9999968345378445,4.999999921074352,4.999999554367472,-4.999999373408759,4.999999857241042,-4.9999999999303935,4.999999301751899,-4.999999760137899
99.0,222.0,129.8837127685547,4.999998638110965,-4.99999991551967,4.99999682414086,4.99999999196101,4.999999976137614,-4.999998752784762,4.999999735236533,-4.999999998223117,4.999999904999811,-4.999999681055218
99.0,222.0,129.8837127685547,4.999999802626299,-4.999998069571356,4.999999556263097,4.999993604634852,4.999999782475753,-4.999999979553449,4.999999990922191,-4.999999228659716,4.999999945993382,-4.999999999918766
99.0,222.0,129.88369750976562,4.999999749665182,-4.99999996553812,4.999999998129521,4.999999986834452,4.9999999847226615,-4.999999424088628,4.99999998628288,-4.999999948152202,4.99999997081034,-4.999999862543062
99.0,222.0,129.8837127685547,4.99999113882883,-4.999999965174691,4.9999990000301375,4.99999931259196,4.999999936157908,-4.999999878605406,4.999999996349182,-4.999999994938526,4.9999991473229,-4.999999835384555
99.0,222.0,129.8837127685547,4.999999069254219,-4.999999236368906,4.99999695645012,4.999999514967227,4.9999996006141805,-4.9999999948071165,4.999999997314857,-4.999999968490431,4.9999993366379645,-4.999999989134744
99.0,222.0,129.8837127685547,4.999999151093934,-4.999999747615091,4.999997078698009,4.999999799437435,4.999999573964583,-4.999999248703501,4.999999615751339,-4.999999993044359,4.999999679422513,-4.999999677562956
99.0,222.0,129.8837127685547,4.99999993478079,-4.999999815743987,4.999999829767191,4.999993371614928,4.999999905562087,-4.999999780209263,4.999999144248481,-4.99999948355577,4.999999783754958,-4.999999999852859
99.0,222.0,129.8837127685547,4.999998024870367,-4.999998849847666,4.999998824072994,4.999998980878784,4.999999975796443,-4.999998364993886,4.999999306103844,-4.999999643549803,4.9999999011832,-4.999999946006701
99.0,222.0,129.8837127685547,4.999999248586048,-4.999999706812362,4.999999451236711,4.999999721243961,4.999999542023714,-4.999998442287932,4.99999890228966,-4.999999922187954,4.999999992343019,-4.999999940136682
99.0,222.0,129.8837127685547,4.999996907593699,-4.999999586517389,4.999998973633055,4.999998852752903,4.99999999469678,-4.999999803980837,4.999999469767564,-4.999999998188258,4.999999874087764,-4.999999837881337
99.0,222.0,129.8837127685547,4.999999028322488,-4.999999990616584,4.999997770283925,4.999999964374124,4.999997948920001,-4.999999976015771,4.999999411923747,-4.999999828386208,4.999999360873434,-4.999999598318734
99.0,222.0,129.8837127685547,4.999991088273316,-4.99999997538677,4.999998184185238,4.999999575212375,4.999999899549586,-4.999999384821575,4.9999998036721305,-4.99999999798358,4.999999481441437,-4.999999833617973
99.0,222.0,129.8837127685547,4.999996066117733,-4.999995981310489,4.999999739312894,4.99999865587705,4.999999854212616,-4.999998774288395,4.999999984588138,-4.999999997475131,4.999999825147508,-4.999999961688712
99.0,222.0,129.8837127685547,4.999999782108025,-4.999999966544069,4.999996652480769,4.999999838365124,4.999999564921504,-4.999999987153889,4.999999411735999,-4.999999999853391,4.999999138886788,-4.999999864163771
99.0,222.0,129.8837127685547,4.999999499487384,-4.999999580712922,4.999996074789276,4.999999675321238,4.99999950880523,-4.999999870832038,4.999999681123599,-4.999999991892221,4.999999372399474,-4.9999998364546805
99.0,222.0,129.8837127685547,4.999988604049286,-4.999999591729018,4.999999466754481,4.999999860323841,4.999999000701996,-4.999999971678153,4.999998904162835,-4.999999947360318,4.999999995753315,-4.999999995586588
99.0,223.0,129.8837127685547,4.999999831785784,-4.999999187876645,4.9999985654548045,4.999998785140219,4.999999932235369,-4.999998058670537,4.99999986467962,-4.999999999270015,4.999999990866595,-4.999999591346945
99.0,223.0,129.8837127685547,4.999997561683145,-4.999999979783185,4.999999192056432,4.99999995372192,4.999996368611175,-4.999999972530881,4.999999997690353,-4.9999996255560655,4.999999780611256,-4.99999945744467
99.0,223.0,129.8837127685547,4.99999779540322,-4.999999927471349,4.99999958863175,4.999999700861492,4.999996531650917,-4.999999966940284,4.999999957948987,-4.999999643549803,4.999999986044148,-4.999999465070925
99.0,223.0,129.8837127685547,4.999998616214041,-4.999999999689165,4.9999981005528165,4.999999972576927,4.999999833277881,-4.999998703371469,4.999999938216376,-4.999999032569324,4.999999749256905,-4.99999977593548
99.0,223.0,129.8837127685547,4.999999410657363,-4.999999930807812,4.999998367686694,4.999999631567844,4.9999999069641845,-4.999998694507363,4.999998923957276,-4.999999993284398,4.999999999974537,-4.999999733233347
99.0,223.0,129.8837127685547,4.999996934656673,-4.999999301598228,4.999999197424808,4.9999999211105495,4.999998260300799,-4.999999975246541,4.999999148174361,-4.99999994743579,4.99999968537608,-4.999999998374151
99.0,223.0,129.8837127685547,4.999999775077656,-4.999999999060982,4.999999964856417,4.999996168535799,4.999999601614386,-4.9999999999809805,4.999999890937838,-4.999999972941238,4.999998706756037,-4.999999956132028
99.0,223.0,129.8837127685547,4.9999945460824895,-4.999999488872149,4.999999927288397,4.999999291349152,4.999999974614993,-4.9999991905678165,4.999999871982922,-4.9999999984419725,4.999999773530938,-4.999999728483137
99.0,223.0,129.8837127685547,4.999998585815827,-4.999999900389239,4.999998685349209,4.999997388164314,4.9999990640077545,-4.999999821334052,4.999999230654643,-4.999999569994776,4.999999463521204,-4.999999905553958
99.0,223.0,129.8837127685547,4.999999475305442,-4.999999915767101,4.999998695242665,4.9999979961550025,4.999999998256698,-4.999998652575608,4.99999986827638,-4.999999998877703,4.999999571015307,-4.999999579212955
99.0,223.0,129.88372802734375,4.99999939354715,-4.999998363455475,4.999997736438665,4.999996791768485,4.999998353022732,-4.999999930861729,4.999999047206292,-4.9999989229692,4.999999423526685,-4.999999983987223
99.0,223.0,129.8837127685547,4.999995995259317,-4.999999923614847,4.999997505057657,4.999999993677881,4.999999997327427,-4.999999318733402,4.999999738888183,-4.9999999978090965,4.999999796331982,-4.999999749623314
99.0,223.0,129.8837127685547,4.999994304892622,-4.999999989646977,4.999999070048753,4.999999962717195,4.999999924652068,-4.99999869936213,4.99999993909622,-4.999999068979866,4.999999778015517,-4.999999653358001
99.0,223.0,129.8837127685547,4.999990446611381,-4.999998503143827,4.999998895441994,4.999999344355467,4.999999783362554,-4.999999986788438,4.999999999074546,-4.999999847902087,4.999999394155188,-4.999999743979785
99.0,223.0,129.8837127685547,4.999989649457818,-4.999999481782292,4.99999993431342,4.9999967930951374,4.999999946758708,-4.99999980775238,4.999999996317017,-4.99999998537244,4.999999390474427,-4.999999839489044
99.0,223.0,129.8837127685547,4.999998101183509,-4.999996236718998,4.999998825945104,4.9999989964909375,4.999999783544061,-4.999998530690221,4.999999997953637,-4.999999514538807,4.999999813010492,-4.999999985414883
99.0,223.0,129.8837127685547,4.999998892844591,-4.999998536207987,4.9999992683596695,4.999994378419128,4.999999468222208,-4.999999978957234,4.999999987627247,-4.999999433282909,4.999999842370076,-4.999999998960016
99.0,223.0,129.8837127685547,4.999994853612056,-4.999999971232728,4.99999902821954,4.999999203493007,4.999999998847765,-4.99999856697318,4.99999999790414,-4.999999999114323,4.999999345067483,-4.999999499477468
99.0,223.0,129.8837127685547,4.999994292695391,-4.999998845510167,4.999998941659017,4.99999997024748,4.999999958592442,-4.999999788239671,4.999999932765025,-4.999999354893098,4.999999779118762,-4.9999996355304965
99.0,223.0,129.8837127685547,4.999999715336943,-4.99999965077725,4.999995623232615,4.999998300932021,4.999998684962921,-4.999999989418555,4.9999998153328935,-4.999999994710262,4.999999792750027,-4.999999425468666
99.0,223.0,129.8837127685547,4.999999887249757,-4.999995295062325,4.999999435001985,4.999994433886448,4.999999528323592,-4.999999798042847,4.999999987802732,-4.999999466180903,4.999999931407436,-4.9999999997863
99.0,223.0,129.8837127685547,4.999999788014327,-4.999999982629428,4.999999991803213,4.999995014335933,4.999999771944335,-4.999999990777506,4.999999975759371,-4.999999948701679,4.999999065420921,-4.999999937230957
99.0,223.0,129.88372802734375,4.9999996800155895,-4.999995501792909,4.999997429816906,4.999997390845893,4.999998392452298,-4.999999315821043,4.999999621610611,-4.999998667098746,4.999999820074336,-4.999999606207634
99.0,223.0,129.8837127685547,4.999999991658655,-4.999999852399731,4.999997549458807,4.9999994765734455,4.999999950232271,-4.999998716382872,4.999998968465464,-4.9999988086468345,4.999999878857045,-4.9999999607841055
99.0,223.0,129.8837127685547,4.999998997692642,-4.999999722226606,4.999998100078956,4.999998878332375,4.999999986255273,-4.99999858141436,4.999999844021529,-4.999999992556514,4.999999895486772,-4.999999535087548
99.0,223.0,129.8837127685547,4.999995962356127,-4.999997778677022,4.999999611876204,4.999998612711648,4.999999674590121,-4.999999711134512,4.999999984511651,-4.999998719147538,4.999999841164487,-4.999999850196725
99.0,223.0,129.8837127685547,4.999999416961559,-4.999999983584205,4.999999176680758,4.999999979640223,4.999996252158734,-4.999999972856855,4.999999949975523,-4.9999994429312045,4.99999968032839,-4.999999484437556
99.0,223.0,129.8837127685547,4.999999334897865,-4.999993177131219,4.999995938891902,4.999999743728615,4.999999845818906,-4.999999997041836,4.999999865981054,-4.999999995918842,4.999999290953733,-4.999999998838668
99.0,223.0,129.8837127685547,4.9999999996943085,-4.99999798641462,4.999997190084521,4.999999647266373,4.999999482049898,-4.999999477066366,4.999999309311379,-4.9999999991107975,4.999999541791912,-4.999999991243521
99.0,223.0,129.8837127685547,4.9999997949570645,-4.999999960086038,4.999997308682025,4.999999018656059,4.999999027698371,-4.999998274729886,4.999999770139975,-4.999999998826946,4.999999828356362,-4.999999530717212
99.0,223.0,129.8837127685547,4.9999993979602895,-4.99999771552354,4.999998644807963,4.999998328331262,4.999999107951256,-4.999998925529819,4.999999997250527,-4.999999327456552,4.99999999998223,-4.9999996789431735
99.0,223.0,129.8837127685547,4.999996064520828,-4.9999999922621,4.999999995607764,4.999995976549756,4.999999834519267,-4.999999999329033,4.9999999863675,-4.999999976216114,4.999998907321769,-4.999999902146255
99.0,223.0,129.8837127685547,4.999999705409738,-4.999999932361455,4.999996875574367,4.9999999973190565,4.999999990478156,-4.999998853776132,4.999999749620872,-4.999999998754437,4.9999997324587415,-4.999999714787981
99.0,223.0,129.8837127685547,4.99999939344147,-4.999999981375739,4.9999968345378445,4.999999921074352,4.999999554367472,-4.999999373408759,4.999999857241042,-4.9999999999303935,4.999999301751899,-4.999999760137899
99.0,223.0,129.8837127685547,4.999998638110965,-4.99999991551967,4.99999682414086,4.99999999196101,4.999999976137614,-4.999998752784762,4.999999735236533,-4.999999998223117,4.999999904999811,-4.999999681055218
99.0,223.0,129.8837127685547,4.999999802626299,-4.999998069571356,4.999999556263097,4.999993604634852,4.999999782475753,-4.999999979553449,4.999999990922191,-4.999999228659716,4.999999945993382,-4.999999999918766
99.0,223.0,129.88369750976562,4.999999749665182,-4.99999996553812,4.999999998129521,4.999999986834452,4.9999999847226615,-4.999999424088628,4.99999998628288,-4.999999948152202,4.99999997081034,-4.999999862543062
99.0,223.0,129.8837127685547,4.99999113882883,-4.999999965174691,4.9999990000301375,4.99999931259196,4.999999936157908,-4.999999878605406,4.999999996349182,-4.999999994938526,4.9999991473229,-4.999999835384555
99.0,223.0,129.8837127685547,4.999999069254219,-4.999999236368906,4.99999695645012,4.999999514967227,4.9999996006141805,-4.9999999948071165,4.999999997314857,-4.999999968490431,4.9999993366379645,-4.999999989134744
99.0,223.0,129.88369750976562,4.999999707353453,-4.99999999068575,4.99999999888026,4.999999572208655,4.999999987071203,-4.999999514843929,4.99999998784261,-4.999999829391609,4.999999978103313,-4.999999862609295
99.0,223.0,129.8837127685547,4.99999993478079,-4.999999815743987,4.999999829767191,4.999993371614928,4.999999905562087,-4.999999780209263,4.999999144248481,-4.99999948355577,4.999999783754958,-4.999999999852859
99.0,223.0,129.8837127685547,4.999998024870367,-4.999998849847666,4.999998824072994,4.999998980878784,4.999999975796443,-4.999998364993886,4.999999306103844,-4.999999643549803,4.9999999011832,-4.999999946006701
99.0,223.0,129.8837127685547,4.999999248586048,-4.999999706812362,4.999999451236711,4.999999721243961,4.999999542023714,-4.999998442287932,4.99999890228966,-4.999999922187954,4.999999992343019,-4.999999940136682
99.0,223.0,129.8837127685547,4.999996907593699,-4.999999586517389,4.999998973633055,4.999998852752903,4.99999999469678,-4.999999803980837,4.999999469767564,-4.999999998188258,4.999999874087764,-4.999999837881337
99.0,223.0,129.8837127685547,4.999999028322488,-4.999999990616584,4.999997770283925,4.999999964374124,4.999997948920001,-4.999999976015771,4.999999411923747,-4.999999828386208,4.999999360873434,-4.999999598318734
99.0,223.0,129.8837127685547,4.999991088273316,-4.99999997538677,4.999998184185238,4.999999575212375,4.999999899549586,-4.999999384821575,4.9999998036721305,-4.99999999798358,4.999999481441437,-4.999999833617973
99.0,223.0,129.8837127685547,4.999996066117733,-4.999995981310489,4.999999739312894,4.99999865587705,4.999999854212616,-4.999998774288395,4.999999984588138,-4.999999997475131,4.999999825147508,-4.999999961688712
99.0,223.0,129.8837127685547,4.999999782108025,-4.999999966544069,4.999996652480769,4.999999838365124,4.999999564921504,-4.999999987153889,4.999999411735999,-4.999999999853391,4.999999138886788,-4.999999864163771
99.0,223.0,129.8837127685547,4.999999499487384,-4.999999580712922,4.999996074789276,4.999999675321238,4.99999950880523,-4.999999870832038,4.999999681123599,-4.999999991892221,4.999999372399474,-4.9999998364546805
99.0,223.0,129.8837127685547,4.999988604049286,-4.999999591729018,4.999999466754481,4.999999860323841,4.999999000701996,-4.999999971678153,4.999998904162835,-4.999999947360318,4.999999995753315,-4.999999995586588
99.0,224.0,129.8837127685547,4.999999831785784,-4.999999187876645,4.9999985654548045,4.999998785140219,4.999999932235369,-4.999998058670537,4.99999986467962,-4.999999999270015,4.999999990866595,-4.999999591346945
99.0,224.0,129.8837127685547,4.999997561683145,-4.999999979783185,4.999999192056432,4.99999995372192,4.999996368611175,-4.999999972530881,4.999999997690353,-4.9999996255560655,4.999999780611256,-4.99999945744467
99.0,224.0,129.8837127685547,4.99999779540322,-4.999999927471349,4.99999958863175,4.999999700861492,4.999996531650917,-4.999999966940284,4.999999957948987,-4.999999643549803,4.999999986044148,-4.999999465070925
99.0,224.0,129.8837127685547,4.999998616214041,-4.999999999689165,4.9999981005528165,4.999999972576927,4.999999833277881,-4.999998703371469,4.999999938216376,-4.999999032569324,4.999999749256905,-4.99999977593548
99.0,224.0,129.8837127685547,4.999999410657363,-4.999999930807812,4.999998367686694,4.999999631567844,4.9999999069641845,-4.999998694507363,4.999998923957276,-4.999999993284398,4.999999999974537,-4.999999733233347
99.0,224.0,129.8837127685547,4.999996934656673,-4.999999301598228,4.999999197424808,4.9999999211105495,4.999998260300799,-4.999999975246541,4.999999148174361,-4.99999994743579,4.99999968537608,-4.999999998374151
99.0,224.0,129.8837127685547,4.999999775077656,-4.999999999060982,4.999999964856417,4.999996168535799,4.999999601614386,-4.9999999999809805,4.999999890937838,-4.999999972941238,4.999998706756037,-4.999999956132028
99.0,224.0,129.8837127685547,4.9999945460824895,-4.999999488872149,4.999999927288397,4.999999291349152,4.999999974614993,-4.9999991905678165,4.999999871982922,-4.9999999984419725,4.999999773530938,-4.999999728483137
99.0,224.0,129.8837127685547,4.999998585815827,-4.999999900389239,4.999998685349209,4.999997388164314,4.9999990640077545,-4.999999821334052,4.999999230654643,-4.999999569994776,4.999999463521204,-4.999999905553958
99.0,224.0,129.8837127685547,4.999999475305442,-4.999999915767101,4.999998695242665,4.9999979961550025,4.999999998256698,-4.999998652575608,4.99999986827638,-4.999999998877703,4.999999571015307,-4.999999579212955
99.0,224.0,129.88372802734375,4.99999939354715,-4.999998363455475,4.999997736438665,4.999996791768485,4.999998353022732,-4.999999930861729,4.999999047206292,-4.9999989229692,4.999999423526685,-4.999999983987223
99.0,224.0,129.8837127685547,4.999995995259317,-4.999999923614847,4.999997505057657,4.999999993677881,4.999999997327427,-4.999999318733402,4.999999738888183,-4.9999999978090965,4.999999796331982,-4.999999749623314
99.0,224.0,129.8837127685547,4.999994304892622,-4.999999989646977,4.999999070048753,4.999999962717195,4.999999924652068,-4.99999869936213,4.99999993909622,-4.999999068979866,4.999999778015517,-4.999999653358001
99.0,224.0,129.8837127685547,4.999990446611381,-4.999998503143827,4.999998895441994,4.999999344355467,4.999999783362554,-4.999999986788438,4.999999999074546,-4.999999847902087,4.999999394155188,-4.999999743979785
99.0,224.0,129.8837127685547,4.999989649457818,-4.999999481782292,4.99999993431342,4.9999967930951374,4.999999946758708,-4.99999980775238,4.999999996317017,-4.99999998537244,4.999999390474427,-4.999999839489044
99.0,224.0,129.8837127685547,4.999998101183509,-4.999996236718998,4.999998825945104,4.9999989964909375,4.999999783544061,-4.999998530690221,4.999999997953637,-4.999999514538807,4.999999813010492,-4.999999985414883
99.0,224.0,129.8837127685547,4.999998892844591,-4.999998536207987,4.9999992683596695,4.999994378419128,4.999999468222208,-4.999999978957234,4.999999987627247,-4.999999433282909,4.999999842370076,-4.999999998960016
99.0,224.0,129.8837127685547,4.999994853612056,-4.999999971232728,4.99999902821954,4.999999203493007,4.999999998847765,-4.99999856697318,4.99999999790414,-4.999999999114323,4.999999345067483,-4.999999499477468
99.0,224.0,129.8837127685547,4.999994292695391,-4.999998845510167,4.999998941659017,4.99999997024748,4.999999958592442,-4.999999788239671,4.999999932765025,-4.999999354893098,4.999999779118762,-4.9999996355304965
99.0,224.0,129.8837127685547,4.999999715336943,-4.99999965077725,4.999995623232615,4.999998300932021,4.999998684962921,-4.999999989418555,4.9999998153328935,-4.999999994710262,4.999999792750027,-4.999999425468666
99.0,224.0,129.8837127685547,4.999999887249757,-4.999995295062325,4.999999435001985,4.999994433886448,4.999999528323592,-4.999999798042847,4.999999987802732,-4.999999466180903,4.999999931407436,-4.9999999997863
99.0,224.0,129.88369750976562,4.999997848523721,-4.999999984595642,4.999999999909912,4.99999967851701,4.999999771944335,-4.999999712500664,4.999999992428423,-4.999999855416005,4.999999988648389,-4.999999984603841
99.0,224.0,129.88372802734375,4.9999996800155895,-4.999995501792909,4.999997429816906,4.999997390845893,4.999998392452298,-4.999999315821043,4.999999621610611,-4.999998667098746,4.999999820074336,-4.999999606207634
99.0,224.0,129.8837127685547,4.999999991658655,-4.999999852399731,4.999997549458807,4.9999994765734455,4.999999950232271,-4.999998716382872,4.999998968465464,-4.9999988086468345,4.999999878857045,-4.9999999607841055
99.0,224.0,129.8837127685547,4.999998997692642,-4.999999722226606,4.999998100078956,4.999998878332375,4.999999986255273,-4.99999858141436,4.999999844021529,-4.999999992556514,4.999999895486772,-4.999999535087548
99.0,224.0,129.8837127685547,4.999995962356127,-4.999997778677022,4.999999611876204,4.999998612711648,4.999999674590121,-4.999999711134512,4.999999984511651,-4.999998719147538,4.999999841164487,-4.999999850196725
99.0,224.0,129.8837127685547,4.999999416961559,-4.999999983584205,4.999999176680758,4.999999979640223,4.999996252158734,-4.999999972856855,4.999999949975523,-4.9999994429312045,4.99999968032839,-4.999999484437556
99.0,224.0,129.8837127685547,4.999999334897865,-4.999993177131219,4.999995938891902,4.999999743728615,4.999999845818906,-4.999999997041836,4.999999865981054,-4.999999995918842,4.999999290953733,-4.999999998838668
99.0,224.0,129.8837127685547,4.9999999996943085,-4.99999798641462,4.999997190084521,4.999999647266373,4.999999482049898,-4.999999477066366,4.999999309311379,-4.9999999991107975,4.999999541791912,-4.999999991243521
99.0,224.0,129.8837127685547,4.9999997949570645,-4.999999960086038,4.999997308682025,4.999999018656059,4.999999027698371,-4.999998274729886,4.999999770139975,-4.999999998826946,4.999999828356362,-4.999999530717212
99.0,224.0,129.8837127685547,4.9999993979602895,-4.99999771552354,4.999998644807963,4.999998328331262,4.999999107951256,-4.999998925529819,4.999999997250527,-4.999999327456552,4.99999999998223,-4.9999996789431735
99.0,224.0,129.8837127685547,4.999996064520828,-4.9999999922621,4.999999995607764,4.999995976549756,4.999999834519267,-4.999999999329033,4.9999999863675,-4.999999976216114,4.999998907321769,-4.999999902146255
99.0,224.0,129.8837127685547,4.999999705409738,-4.999999932361455,4.999996875574367,4.9999999973190565,4.999999990478156,-4.999998853776132,4.999999749620872,-4.999999998754437,4.9999997324587415,-4.999999714787981
99.0,224.0,129.8837127685547,4.99999939344147,-4.999999981375739,4.9999968345378445,4.999999921074352,4.999999554367472,-4.999999373408759,4.999999857241042,-4.9999999999303935,4.999999301751899,-4.999999760137899
99.0,224.0,129.8837127685547,4.999998638110965,-4.99999991551967,4.99999682414086,4.99999999196101,4.999999976137614,-4.999998752784762,4.999999735236533,-4.999999998223117,4.999999904999811,-4.999999681055218
99.0,224.0,129.8837127685547,4.999999802626299,-4.999998069571356,4.999999556263097,4.999993604634852,4.999999782475753,-4.999999979553449,4.999999990922191,-4.999999228659716,4.999999945993382,-4.999999999918766
99.0,224.0,129.88369750976562,4.999999749665182,-4.99999996553812,4.999999998129521,4.999999986834452,4.9999999847226615,-4.999999424088628,4.99999998628288,-4.999999948152202,4.99999997081034,-4.999999862543062
99.0,224.0,129.8837127685547,4.99999113882883,-4.999999965174691,4.9999990000301375,4.99999931259196,4.999999936157908,-4.999999878605406,4.999999996349182,-4.999999994938526,4.9999991473229,-4.999999835384555
99.0,224.0,129.8837127685547,4.999999069254219,-4.999999236368906,4.99999695645012,4.999999514967227,4.9999996006141805,-4.9999999948071165,4.999999997314857,-4.999999968490431,4.9999993366379645,-4.999999989134744
99.0,224.0,129.88369750976562,4.999999707353453,-4.99999999068575,4.99999999888026,4.999999572208655,4.999999987071203,-4.999999514843929,4.99999998784261,-4.999999829391609,4.999999978103313,-4.999999862609295
99.0,224.0,129.8837127685547,4.99999993478079,-4.999999815743987,4.999999829767191,4.999993371614928,4.999999905562087,-4.999999780209263,4.999999144248481,-4.99999948355577,4.999999783754958,-4.999999999852859
99.0,224.0,129.8837127685547,4.999998024870367,-4.999998849847666,4.999998824072994,4.999998980878784,4.999999975796443,-4.999998364993886,4.999999306103844,-4.999999643549803,4.9999999011832,-4.999999946006701
99.0,224.0,129.8837127685547,4.999999248586048,-4.999999706812362,4.999999451236711,4.999999721243961,4.999999542023714,-4.999998442287932,4.99999890228966,-4.999999922187954,4.999999992343019,-4.999999940136682
99.0,224.0,129.8837127685547,4.999996907593699,-4.999999586517389,4.999998973633055,4.999998852752903,4.99999999469678,-4.999999803980837,4.999999469767564,-4.999999998188258,4.999999874087764,-4.999999837881337
99.0,224.0,129.8837127685547,4.999999028322488,-4.999999990616584,4.999997770283925,4.999999964374124,4.999997948920001,-4.999999976015771,4.999999411923747,-4.999999828386208,4.999999360873434,-4.999999598318734
99.0,224.0,129.8837127685547,4.999991088273316,-4.99999997538677,4.999998184185238,4.999999575212375,4.999999899549586,-4.999999384821575,4.9999998036721305,-4.99999999798358,4.999999481441437,-4.999999833617973
99.0,224.0,129.8837127685547,4.999996066117733,-4.999995981310489,4.999999739312894,4.99999865587705,4.999999854212616,-4.999998774288395,4.999999984588138,-4.999999997475131,4.999999825147508,-4.999999961688712
99.0,224.0,129.8837127685547,4.999999782108025,-4.999999966544069,4.999996652480769,4.999999838365124,4.999999564921504,-4.999999987153889,4.999999411735999,-4.999999999853391,4.999999138886788,-4.999999864163771
99.0,224.0,129.8837127685547,4.999999499487384,-4.999999580712922,4.999996074789276,4.999999675321238,4.99999950880523,-4.999999870832038,4.999999681123599,-4.999999991892221,4.999999372399474,-4.9999998364546805
99.0,224.0,129.8837127685547,4.999988604049286,-4.999999591729018,4.999999466754481,4.999999860323841,4.999999000701996,-4.999999971678153,4.999998904162835,-4.999999947360318,4.999999995753315,-4.999999995586588
99.0,225.0,129.8837127685547,4.999999831785784,-4.999999187876645,4.9999985654548045,4.999998785140219,4.999999932235369,-4.999998058670537,4.99999986467962,-4.999999999270015,4.999999990866595,-4.999999591346945
99.0,225.0,129.8837127685547,4.999997561683145,-4.999999979783185,4.999999192056432,4.99999995372192,4.999996368611175,-4.999999972530881,4.999999997690353,-4.9999996255560655,4.999999780611256,-4.99999945744467
99.0,225.0,129.8837127685547,4.99999779540322,-4.999999927471349,4.99999958863175,4.999999700861492,4.999996531650917,-4.999999966940284,4.999999957948987,-4.999999643549803,4.999999986044148,-4.999999465070925
99.0,225.0,129.8837127685547,4.999998616214041,-4.999999999689165,4.9999981005528165,4.999999972576927,4.999999833277881,-4.999998703371469,4.999999938216376,-4.999999032569324,4.999999749256905,-4.99999977593548
99.0,225.0,129.8837127685547,4.999999410657363,-4.999999930807812,4.999998367686694,4.999999631567844,4.9999999069641845,-4.999998694507363,4.999998923957276,-4.999999993284398,4.999999999974537,-4.999999733233347
99.0,225.0,129.8837127685547,4.999996934656673,-4.999999301598228,4.999999197424808,4.9999999211105495,4.999998260300799,-4.999999975246541,4.999999148174361,-4.99999994743579,4.99999968537608,-4.999999998374151
99.0,225.0,129.8837127685547,4.999999775077656,-4.999999999060982,4.999999964856417,4.999996168535799,4.999999601614386,-4.9999999999809805,4.999999890937838,-4.999999972941238,4.999998706756037,-4.999999956132028
99.0,225.0,129.8837127685547,4.9999945460824895,-4.999999488872149,4.999999927288397,4.999999291349152,4.999999974614993,-4.9999991905678165,4.999999871982922,-4.9999999984419725,4.999999773530938,-4.999999728483137
99.0,225.0,129.8837127685547,4.999998585815827,-4.999999900389239,4.999998685349209,4.999997388164314,4.9999990640077545,-4.999999821334052,4.999999230654643,-4.999999569994776,4.999999463521204,-4.999999905553958
99.0,225.0,129.8837127685547,4.999999475305442,-4.999999915767101,4.999998695242665,4.9999979961550025,4.999999998256698,-4.999998652575608,4.99999986827638,-4.999999998877703,4.999999571015307,-4.999999579212955
99.0,225.0,129.88372802734375,4.99999939354715,-4.999998363455475,4.999997736438665,4.999996791768485,4.999998353022732,-4.999999930861729,4.999999047206292,-4.9999989229692,4.999999423526685,-4.999999983987223
99.0,225.0,129.8837127685547,4.999995995259317,-4.999999923614847,4.999997505057657,4.999999993677881,4.999999997327427,-4.999999318733402,4.999999738888183,-4.9999999978090965,4.999999796331982,-4.999999749623314
99.0,225.0,129.8837127685547,4.999994304892622,-4.999999989646977,4.999999070048753,4.999999962717195,4.999999924652068,-4.99999869936213,4.99999993909622,-4.999999068979866,4.999999778015517,-4.999999653358001
99.0,225.0,129.8837127685547,4.999990446611381,-4.999998503143827,4.999998895441994,4.999999344355467,4.999999783362554,-4.999999986788438,4.999999999074546,-4.999999847902087,4.999999394155188,-4.999999743979785
99.0,225.0,129.8837127685547,4.999989649457818,-4.999999481782292,4.99999993431342,4.9999967930951374,4.999999946758708,-4.99999980775238,4.999999996317017,-4.99999998537244,4.999999390474427,-4.999999839489044
99.0,225.0,129.8837127685547,4.999998101183509,-4.999996236718998,4.999998825945104,4.9999989964909375,4.999999783544061,-4.999998530690221,4.999999997953637,-4.999999514538807,4.999999813010492,-4.999999985414883
99.0,225.0,129.8837127685547,4.999998892844591,-4.999998536207987,4.9999992683596695,4.999994378419128,4.999999468222208,-4.999999978957234,4.999999987627247,-4.999999433282909,4.999999842370076,-4.999999998960016
99.0,225.0,129.8837127685547,4.999994853612056,-4.999999971232728,4.99999902821954,4.999999203493007,4.999999998847765,-4.99999856697318,4.99999999790414,-4.999999999114323,4.999999345067483,-4.999999499477468
99.0,225.0,129.8837127685547,4.999994292695391,-4.999998845510167,4.999998941659017,4.99999997024748,4.999999958592442,-4.999999788239671,4.999999932765025,-4.999999354893098,4.999999779118762,-4.9999996355304965
99.0,225.0,129.8837127685547,4.999999715336943,-4.99999965077725,4.999995623232615,4.999998300932021,4.999998684962921,-4.999999989418555,4.9999998153328935,-4.999999994710262,4.999999792750027,-4.999999425468666
99.0,225.0,129.8837127685547,4.999999887249757,-4.999995295062325,4.999999435001985,4.999994433886448,4.999999528323592,-4.999999798042847,4.999999987802732,-4.999999466180903,4.999999931407436,-4.9999999997863
99.0,225.0,129.88369750976562,4.999997848523721,-4.999999984595642,4.999999999909912,4.99999967851701,4.999999771944335,-4.999999712500664,4.999999992428423,-4.999999855416005,4.999999988648389,-4.999999984603841
99.0,225.0,129.8837127685547,4.999994104445818,-4.99999969836027,4.999999934181264,4.999999439976996,4.999999980718933,-4.999998606837532,4.9999999939154005,-4.999999518780524,4.999999961959654,-4.999999698223537
99.0,225.0,129.8837127685547,4.999999991658655,-4.999999852399731,4.999997549458807,4.9999994765734455,4.999999950232271,-4.999998716382872,4.999998968465464,-4.9999988086468345,4.999999878857045,-4.9999999607841055
99.0,225.0,129.8837127685547,4.999998997692642,-4.999999722226606,4.999998100078956,4.999998878332375,4.999999986255273,-4.99999858141436,4.999999844021529,-4.999999992556514,4.999999895486772,-4.999999535087548
99.0,225.0,129.8837127685547,4.999995962356127,-4.999997778677022,4.999999611876204,4.999998612711648,4.999999674590121,-4.999999711134512,4.999999984511651,-4.999998719147538,4.999999841164487,-4.999999850196725
99.0,225.0,129.8837127685547,4.999999416961559,-4.999999983584205,4.999999176680758,4.999999979640223,4.999996252158734,-4.999999972856855,4.999999949975523,-4.9999994429312045,4.99999968032839,-4.999999484437556
99.0,225.0,129.8837127685547,4.999999334897865,-4.999993177131219,4.999995938891902,4.999999743728615,4.999999845818906,-4.999999997041836,4.999999865981054,-4.999999995918842,4.999999290953733,-4.999999998838668
99.0,225.0,129.8837127685547,4.9999999996943085,-4.99999798641462,4.999997190084521,4.999999647266373,4.999999482049898,-4.999999477066366,4.999999309311379,-4.9999999991107975,4.999999541791912,-4.999999991243521
99.0,225.0,129.8837127685547,4.9999997949570645,-4.999999960086038,4.999997308682025,4.999999018656059,4.999999027698371,-4.999998274729886,4.999999770139975,-4.999999998826946,4.999999828356362,-4.999999530717212
99.0,225.0,129.8837127685547,4.9999993979602895,-4.99999771552354,4.999998644807963,4.999998328331262,4.999999107951256,-4.999998925529819,4.999999997250527,-4.999999327456552,4.99999999998223,-4.9999996789431735
99.0,225.0,129.8837127685547,4.999996064520828,-4.9999999922621,4.999999995607764,4.999995976549756,4.999999834519267,-4.999999999329033,4.9999999863675,-4.999999976216114,4.999998907321769,-4.999999902146255
99.0,225.0,129.88369750976562,4.999998496912111,-4.999999989891806,4.999999909341342,4.999999344437173,4.999999434147933,-4.999999909920462,4.999999992076868,-4.999999998754437,4.999999997221336,-4.999999831367987
99.0,225.0,129.8837127685547,4.99999939344147,-4.999999981375739,4.9999968345378445,4.999999921074352,4.999999554367472,-4.999999373408759,4.999999857241042,-4.9999999999303935,4.999999301751899,-4.999999760137899
99.0,225.0,129.8837127685547,4.999998638110965,-4.99999991551967,4.99999682414086,4.99999999196101,4.999999976137614,-4.999998752784762,4.999999735236533,-4.999999998223117,4.999999904999811,-4.999999681055218
99.0,225.0,129.8837127685547,4.999999802626299,-4.999998069571356,4.999999556263097,4.999993604634852,4.999999782475753,-4.999999979553449,4.999999990922191,-4.999999228659716,4.999999945993382,-4.999999999918766
99.0,225.0,129.88369750976562,4.999999749665182,-4.99999996553812,4.999999998129521,4.999999986834452,4.9999999847226615,-4.999999424088628,4.99999998628288,-4.999999948152202,4.99999997081034,-4.999999862543062
99.0,225.0,129.8837127685547,4.99999113882883,-4.999999965174691,4.9999990000301375,4.99999931259196,4.999999936157908,-4.999999878605406,4.999999996349182,-4.999999994938526,4.9999991473229,-4.999999835384555
99.0,225.0,129.8837127685547,4.999999069254219,-4.999999236368906,4.99999695645012,4.999999514967227,4.9999996006141805,-4.9999999948071165,4.999999997314857,-4.999999968490431,4.9999993366379645,-4.999999989134744
99.0,225.0,129.88369750976562,4.999999707353453,-4.99999999068575,4.99999999888026,4.999999572208655,4.999999987071203,-4.999999514843929,4.99999998784261,-4.999999829391609,4.999999978103313,-4.999999862609295
99.0,225.0,129.8837127685547,4.99999993478079,-4.999999815743987,4.999999829767191,4.999993371614928,4.999999905562087,-4.999999780209263,4.999999144248481,-4.99999948355577,4.999999783754958,-4.999999999852859
99.0,225.0,129.88369750976562,4.999996143607362,-4.999999953553816,4.999998824072994,4.999999963998286,4.999999998480842,-4.999999728901685,4.99999999707503,-4.999999915862702,4.999999785396371,-4.9999998143112885
99.0,225.0,129.8837127685547,4.999999248586048,-4.999999706812362,4.999999451236711,4.999999721243961,4.999999542023714,-4.999998442287932,4.99999890228966,-4.999999922187954,4.999999992343019,-4.999999940136682
99.0,225.0,129.8837127685547,4.999996907593699,-4.999999586517389,4.999998973633055,4.999998852752903,4.99999999469678,-4.999999803980837,4.999999469767564,-4.999999998188258,4.999999874087764,-4.999999837881337
99.0,225.0,129.8837127685547,4.999999028322488,-4.999999990616584,4.999997770283925,4.999999964374124,4.999997948920001,-4.999999976015771,4.999999411923747,-4.999999828386208,4.999999360873434,-4.999999598318734
99.0,225.0,129.8837127685547,4.999991088273316,-4.99999997538677,4.999998184185238,4.999999575212375,4.999999899549586,-4.999999384821575,4.9999998036721305,-4.99999999798358,4.999999481441437,-4.999999833617973
99.0,225.0,129.8837127685547,4.999996066117733,-4.999995981310489,4.999999739312894,4.99999865587705,4.999999854212616,-4.999998774288395,4.999999984588138,-4.999999997475131,4.999999825147508,-4.999999961688712
99.0,225.0,129.8837127685547,4.999999782108025,-4.999999966544069,4.999996652480769,4.999999838365124,4.999999564921504,-4.999999987153889,4.999999411735999,-4.999999999853391,4.999999138886788,-4.999999864163771
99.0,225.0,129.8837127685547,4.999999499487384,-4.999999580712922,4.999996074789276,4.999999675321238,4.99999950880523,-4.999999870832038,4.999999681123599,-4.999999991892221,4.999999372399474,-4.9999998364546805
99.0,225.0,129.8837127685547,4.999988604049286,-4.999999591729018,4.999999466754481,4.999999860323841,4.999999000701996,-4.999999971678153,4.999998904162835,-4.999999947360318,4.999999995753315,-4.999999995586588
99.0,226.0,129.8837127685547,4.999999831785784,-4.999999187876645,4.9999985654548045,4.999998785140219,4.999999932235369,-4.999998058670537,4.99999986467962,-4.999999999270015,4.999999990866595,-4.999999591346945
99.0,226.0,129.8837127685547,4.999997561683145,-4.999999979783185,4.999999192056432,4.99999995372192,4.999996368611175,-4.999999972530881,4.999999997690353,-4.9999996255560655,4.999999780611256,-4.99999945744467
99.0,226.0,129.88369750976562,4.999998675152282,-4.999999625946577,4.999999844447411,4.999999738929781,4.999999401137268,-4.999999966940284,4.999999990278488,-4.999999998950593,4.999999997990818,-4.999999837434982
99.0,226.0,129.8837127685547,4.999998616214041,-4.999999999689165,4.9999981005528165,4.999999972576927,4.999999833277881,-4.999998703371469,4.999999938216376,-4.999999032569324,4.999999749256905,-4.99999977593548
99.0,226.0,129.8837127685547,4.999999410657363,-4.999999930807812,4.999998367686694,4.999999631567844,4.9999999069641845,-4.999998694507363,4.999998923957276,-4.999999993284398,4.999999999974537,-4.999999733233347
99.0,226.0,129.8837127685547,4.999996934656673,-4.999999301598228,4.999999197424808,4.9999999211105495,4.999998260300799,-4.999999975246541,4.999999148174361,-4.99999994743579,4.99999968537608,-4.999999998374151
99.0,226.0,129.88369750976562,4.999995284099716,-4.999999993854802,4.999999176089284,4.999999887744916,4.999999984064953,-4.999999317150085,4.999999996228367,-4.9999998637642,4.999999826946553,-4.999999779491851
99.0,226.0,129.8837127685547,4.9999945460824895,-4.999999488872149,4.999999927288397,4.999999291349152,4.999999974614993,-4.9999991905678165,4.999999871982922,-4.9999999984419725,4.999999773530938,-4.999999728483137
99.0,226.0,129.8837127685547,4.999998585815827,-4.999999900389239,4.999998685349209,4.999997388164314,4.9999990640077545,-4.999999821334052,4.999999230654643,-4.999999569994776,4.999999463521204,-4.999999905553958
99.0,226.0,129.8837127685547,4.999999475305442,-4.999999915767101,4.999998695242665,4.9999979961550025,4.999999998256698,-4.999998652575608,4.99999986827638,-4.999999998877703,4.999999571015307,-4.999999579212955
99.0,226.0,129.8837127685547,4.999993049771505,-4.999998648080991,4.99999900609634,4.999999436086756,4.999999974025618,-4.999999866245476,4.999999739028286,-4.99999935402203,4.999999952489902,-4.999999674402215
99.0,226.0,129.8837127685547,4.999995995259317,-4.999999923614847,4.999997505057657,4.999999993677881,4.999999997327427,-4.999999318733402,4.999999738888183,-4.9999999978090965,4.999999796331982,-4.999999749623314
99.0,226.0,129.8837127685547,4.999994304892622,-4.999999989646977,4.999999070048753,4.999999962717195,4.999999924652068,-4.99999869936213,4.99999993909622,-4.999999068979866,4.999999778015517,-4.999999653358001
99.0,226.0,129.8837127685547,4.999990446611381,-4.999998503143827,4.999998895441994,4.999999344355467,4.999999783362554,-4.999999986788438,4.999999999074546,-4.999999847902087,4.999999394155188,-4.999999743979785
99.0,226.0,129.8837127685547,4.999989649457818,-4.999999481782292,4.99999993431342,4.9999967930951374,4.999999946758708,-4.99999980775238,4.999999996317017,-4.99999998537244,4.999999390474427,-4.999999839489044
99.0,226.0,129.8837127685547,4.999998101183509,-4.999996236718998,4.999998825945104,4.9999989964909375,4.999999783544061,-4.999998530690221,4.999999997953637,-4.999999514538807,4.999999813010492,-4.999999985414883
99.0,226.0,129.8837127685547,4.999998892844591,-4.999998536207987,4.9999992683596695,4.999994378419128,4.999999468222208,-4.999999978957234,4.999999987627247,-4.999999433282909,4.999999842370076,-4.999999998960016
99.0,226.0,129.8837127685547,4.999994853612056,-4.999999971232728,4.99999902821954,4.999999203493007,4.999999998847765,-4.99999856697318,4.99999999790414,-4.999999999114323,4.999999345067483,-4.999999499477468
99.0,226.0,129.8837127685547,4.999994292695391,-4.999998845510167,4.999998941659017,4.99999997024748,4.999999958592442,-4.999999788239671,4.999999932765025,-4.999999354893098,4.999999779118762,-4.9999996355304965
99.0,226.0,129.8837127685547,4.999999715336943,-4.99999965077725,4.999995623232615,4.999998300932021,4.999998684962921,-4.999999989418555,4.9999998153328935,-4.999999994710262,4.999999792750027,-4.999999425468666
99.0,226.0,129.8837127685547,4.999999887249757,-4.999995295062325,4.999999435001985,4.999994433886448,4.999999528323592,-4.999999798042847,4.999999987802732,-4.999999466180903,4.999999931407436,-4.9999999997863
99.0,226.0,129.88369750976562,4.999997848523721,-4.999999984595642,4.999999999909912,4.99999967851701,4.999999771944335,-4.999999712500664,4.999999992428423,-4.999999855416005,4.999999988648389,-4.999999984603841
99.0,226.0,129.8837127685547,4.999994104445818,-4.99999969836027,4.999999934181264,4.999999439976996,4.999999980718933,-4.999998606837532,4.9999999939154005,-4.999999518780524,4.999999961959654,-4.999999698223537
99.0,226.0,129.8837127685547,4.999999991658655,-4.999999852399731,4.999997549458807,4.9999994765734455,4.999999950232271,-4.999998716382872,4.999998968465464,-4.9999988086468345,4.999999878857045,-4.9999999607841055
99.0,226.0,129.8837127685547,4.999998997692642,-4.999999722226606,4.999998100078956,4.999998878332375,4.999999986255273,-4.99999858141436,4.999999844021529,-4.999999992556514,4.999999895486772,-4.999999535087548
99.0,226.0,129.8837127685547,4.999995962356127,-4.999997778677022,4.999999611876204,4.999998612711648,4.999999674590121,-4.999999711134512,4.999999984511651,-4.999998719147538,4.999999841164487,-4.999999850196725
99.0,226.0,129.8837127685547,4.999999416961559,-4.999999983584205,4.999999176680758,4.999999979640223,4.999996252158734,-4.999999972856855,4.999999949975523,-4.9999994429312045,4.99999968032839,-4.999999484437556
99.0,226.0,129.8837127685547,4.999999334897865,-4.999993177131219,4.999995938891902,4.999999743728615,4.999999845818906,-4.999999997041836,4.999999865981054,-4.999999995918842,4.999999290953733,-4.999999998838668
99.0,226.0,129.8837127685547,4.9999999996943085,-4.99999798641462,4.999997190084521,4.999999647266373,4.999999482049898,-4.999999477066366,4.999999309311379,-4.9999999991107975,4.999999541791912,-4.999999991243521
99.0,226.0,129.8837127685547,4.9999997949570645,-4.999999960086038,4.999997308682025,4.999999018656059,4.999999027698371,-4.999998274729886,4.999999770139975,-4.999999998826946,4.999999828356362,-4.999999530717212
99.0,226.0,129.8837127685547,4.9999993979602895,-4.99999771552354,4.999998644807963,4.999998328331262,4.999999107951256,-4.999998925529819,4.999999997250527,-4.999999327456552,4.99999999998223,-4.9999996789431735
99.0,226.0,129.8837127685547,4.999996064520828,-4.9999999922621,4.999999995607764,4.999995976549756,4.999999834519267,-4.999999999329033,4.9999999863675,-4.999999976216114,4.999998907321769,-4.999999902146255
99.0,226.0,129.88369750976562,4.999998496912111,-4.999999989891806,4.999999909341342,4.999999344437173,4.999999434147933,-4.999999909920462,4.999999992076868,-4.999999998754437,4.999999997221336,-4.999999831367987
99.0,226.0,129.8837127685547,4.99999939344147,-4.999999981375739,4.9999968345378445,4.999999921074352,4.999999554367472,-4.999999373408759,4.999999857241042,-4.9999999999303935,4.999999301751899,-4.999999760137899
99.0,226.0,129.8837127685547,4.999998638110965,-4.99999991551967,4.99999682414086,4.99999999196101,4.999999976137614,-4.999998752784762,4.999999735236533,-4.999999998223117,4.999999904999811,-4.999999681055218
99.0,226.0,129.8837127685547,4.999999802626299,-4.999998069571356,4.999999556263097,4.999993604634852,4.999999782475753,-4.999999979553449,4.999999990922191,-4.999999228659716,4.999999945993382,-4.999999999918766
99.0,226.0,129.88369750976562,4.999999749665182,-4.99999996553812,4.999999998129521,4.999999986834452,4.9999999847226615,-4.999999424088628,4.99999998628288,-4.999999948152202,4.99999997081034,-4.999999862543062
99.0,226.0,129.8837127685547,4.99999113882883,-4.999999965174691,4.9999990000301375,4.99999931259196,4.999999936157908,-4.999999878605406,4.999999996349182,-4.999999994938526,4.9999991473229,-4.999999835384555
99.0,226.0,129.8837127685547,4.999999069254219,-4.999999236368906,4.99999695645012,4.999999514967227,4.9999996006141805,-4.9999999948071165,4.999999997314857,-4.999999968490431,4.9999993366379645,-4.999999989134744
99.0,226.0,129.88369750976562,4.999999707353453,-4.99999999068575,4.99999999888026,4.999999572208655,4.999999987071203,-4.999999514843929,4.99999998784261,-4.999999829391609,4.999999978103313,-4.999999862609295
99.0,226.0,129.8837127685547,4.99999993478079,-4.999999815743987,4.999999829767191,4.999993371614928,4.999999905562087,-4.999999780209263,4.999999144248481,-4.99999948355577,4.999999783754958,-4.999999999852859
99.0,226.0,129.88369750976562,4.999996143607362,-4.999999953553816,4.999998824072994,4.999999963998286,4.999999998480842,-4.999999728901685,4.99999999707503,-4.999999915862702,4.999999785396371,-4.9999998143112885
99.0,226.0,129.8837127685547,4.999999248586048,-4.999999706812362,4.999999451236711,4.999999721243961,4.999999542023714,-4.999998442287932,4.99999890228966,-4.999999922187954,4.999999992343019,-4.999999940136682
99.0,226.0,129.8837127685547,4.999996907593699,-4.999999586517389,4.999998973633055,4.999998852752903,4.99999999469678,-4.999999803980837,4.999999469767564,-4.999999998188258,4.999999874087764,-4.999999837881337
99.0,226.0,129.8837127685547,4.999999028322488,-4.999999990616584,4.999997770283925,4.999999964374124,4.999997948920001,-4.999999976015771,4.999999411923747,-4.999999828386208,4.999999360873434,-4.999999598318734
99.0,226.0,129.8837127685547,4.999991088273316,-4.99999997538677,4.999998184185238,4.999999575212375,4.999999899549586,-4.999999384821575,4.9999998036721305,-4.99999999798358,4.999999481441437,-4.999999833617973
99.0,226.0,129.8837127685547,4.999996066117733,-4.999995981310489,4.999999739312894,4.99999865587705,4.999999854212616,-4.999998774288395,4.999999984588138,-4.999999997475131,4.999999825147508,-4.999999961688712
99.0,226.0,129.8837127685547,4.999999782108025,-4.999999966544069,4.999996652480769,4.999999838365124,4.999999564921504,-4.999999987153889,4.999999411735999,-4.999999999853391,4.999999138886788,-4.999999864163771
99.0,226.0,129.8837127685547,4.999999499487384,-4.999999580712922,4.999996074789276,4.999999675321238,4.99999950880523,-4.999999870832038,4.999999681123599,-4.999999991892221,4.999999372399474,-4.9999998364546805
99.0,226.0,129.8837127685547,4.999988604049286,-4.999999591729018,4.999999466754481,4.999999860323841,4.999999000701996,-4.999999971678153,4.999998904162835,-4.999999947360318,4.999999995753315,-4.999999995586588
99.0,227.0,129.8837127685547,4.999999831785784,-4.999999187876645,4.9999985654548045,4.999998785140219,4.999999932235369,-4.999998058670537,4.99999986467962,-4.999999999270015,4.999999990866595,-4.999999591346945
99.0,227.0,129.8837127685547,4.999997561683145,-4.999999979783185,4.999999192056432,4.99999995372192,4.999996368611175,-4.999999972530881,4.999999997690353,-4.9999996255560655,4.999999780611256,-4.99999945744467
99.0,227.0,129.88369750976562,4.999998675152282,-4.999999625946577,4.999999844447411,4.999999738929781,4.999999401137268,-4.999999966940284,4.999999990278488,-4.999999998950593,4.999999997990818,-4.999999837434982
99.0,227.0,129.8837127685547,4.999998616214041,-4.999999999689165,4.9999981005528165,4.999999972576927,4.999999833277881,-4.999998703371469,4.999999938216376,-4.999999032569324,4.999999749256905,-4.99999977593548
99.0,227.0,129.8837127685547,4.999999410657363,-4.999999930807812,4.999998367686694,4.999999631567844,4.9999999069641845,-4.999998694507363,4.999998923957276,-4.999999993284398,4.999999999974537,-4.999999733233347
99.0,227.0,129.8837127685547,4.999996934656673,-4.999999301598228,4.999999197424808,4.9999999211105495,4.999998260300799,-4.999999975246541,4.999999148174361,-4.99999994743579,4.99999968537608,-4.999999998374151
99.0,227.0,129.88369750976562,4.999995284099716,-4.999999993854802,4.999999176089284,4.999999887744916,4.999999984064953,-4.999999317150085,4.999999996228367,-4.9999998637642,4.999999826946553,-4.999999779491851
99.0,227.0,129.8837127685547,4.9999945460824895,-4.999999488872149,4.999999927288397,4.999999291349152,4.999999974614993,-4.9999991905678165,4.999999871982922,-4.9999999984419725,4.999999773530938,-4.999999728483137
99.0,227.0,129.8837127685547,4.999998585815827,-4.999999900389239,4.999998685349209,4.999997388164314,4.9999990640077545,-4.999999821334052,4.999999230654643,-4.999999569994776,4.999999463521204,-4.999999905553958
99.0,227.0,129.8837127685547,4.999999475305442,-4.999999915767101,4.999998695242665,4.9999979961550025,4.999999998256698,-4.999998652575608,4.99999986827638,-4.999999998877703,4.999999571015307,-4.999999579212955
99.0,227.0,129.8837127685547,4.999993049771505,-4.999998648080991,4.99999900609634,4.999999436086756,4.999999974025618,-4.999999866245476,4.999999739028286,-4.99999935402203,4.999999952489902,-4.999999674402215
99.0,227.0,129.8837127685547,4.999995995259317,-4.999999923614847,4.999997505057657,4.999999993677881,4.999999997327427,-4.999999318733402,4.999999738888183,-4.9999999978090965,4.999999796331982,-4.999999749623314
99.0,227.0,129.88369750976562,4.999998606453361,-4.999999967097521,4.999999321861807,4.999999962717195,4.999999947661522,-4.999999789263498,4.99999999208419,-4.999999906501496,4.999999778015517,-4.999999847692139
99.0,227.0,129.8837127685547,4.999990446611381,-4.999998503143827,4.999998895441994,4.999999344355467,4.999999783362554,-4.999999986788438,4.999999999074546,-4.999999847902087,4.999999394155188,-4.999999743979785
99.0,227.0,129.8837127685547,4.999989649457818,-4.999999481782292,4.99999993431342,4.9999967930951374,4.999999946758708,-4.99999980775238,4.999999996317017,-4.99999998537244,4.999999390474427,-4.999999839489044
99.0,227.0,129.8837127685547,4.999998101183509,-4.999996236718998,4.999998825945104,4.9999989964909375,4.999999783544061,-4.999998530690221,4.999999997953637,-4.999999514538807,4.999999813010492,-4.999999985414883
99.0,227.0,129.8837127685547,4.999998892844591,-4.999998536207987,4.9999992683596695,4.999994378419128,4.999999468222208,-4.999999978957234,4.999999987627247,-4.999999433282909,4.999999842370076,-4.999999998960016
99.0,227.0,129.8837127685547,4.999994853612056,-4.999999971232728,4.99999902821954,4.999999203493007,4.999999998847765,-4.99999856697318,4.99999999790414,-4.999999999114323,4.999999345067483,-4.999999499477468
99.0,227.0,129.8837127685547,4.999994292695391,-4.999998845510167,4.999998941659017,4.99999997024748,4.999999958592442,-4.999999788239671,4.999999932765025,-4.999999354893098,4.999999779118762,-4.9999996355304965
99.0,227.0,129.88369750976562,4.999999715336943,-4.999999966281545,4.999999382106655,4.999999339237378,4.999999996543513,-4.999999155092524,4.999999984429609,-4.999999948370068,4.999999869552524,-4.999999787907971
99.0,227.0,129.8837127685547,4.999999887249757,-4.999995295062325,4.999999435001985,4.999994433886448,4.999999528323592,-4.999999798042847,4.999999987802732,-4.999999466180903,4.999999931407436,-4.9999999997863
99.0,227.0,129.88369750976562,4.999997848523721,-4.999999984595642,4.999999999909912,4.99999967851701,4.999999771944335,-4.999999712500664,4.999999992428423,-4.999999855416005,4.999999988648389,-4.999999984603841
99.0,227.0,129.8837127685547,4.999994104445818,-4.99999969836027,4.999999934181264,4.999999439976996,4.999999980718933,-4.999998606837532,4.9999999939154005,-4.999999518780524,4.999999961959654,-4.999999698223537
99.0,227.0,129.8837127685547,4.999999991658655,-4.999999852399731,4.999997549458807,4.9999994765734455,4.999999950232271,-4.999998716382872,4.999998968465464,-4.9999988086468345,4.999999878857045,-4.9999999607841055
99.0,227.0,129.8837127685547,4.999998997692642,-4.999999722226606,4.999998100078956,4.999998878332375,4.999999986255273,-4.99999858141436,4.999999844021529,-4.999999992556514,4.999999895486772,-4.999999535087548
99.0,227.0,129.8837127685547,4.999995962356127,-4.999997778677022,4.999999611876204,4.999998612711648,4.999999674590121,-4.999999711134512,4.999999984511651,-4.999998719147538,4.999999841164487,-4.999999850196725
99.0,227.0,129.8837127685547,4.999999416961559,-4.999999983584205,4.999999176680758,4.999999979640223,4.999996252158734,-4.999999972856855,4.999999949975523,-4.9999994429312045,4.99999968032839,-4.999999484437556
99.0,227.0,129.8837127685547,4.999999334897865,-4.999993177131219,4.999995938891902,4.999999743728615,4.999999845818906,-4.999999997041836,4.999999865981054,-4.999999995918842,4.999999290953733,-4.999999998838668
99.0,227.0,129.88369750976562,4.999999741173489,-4.999999993582172,4.999999999451509,4.999999892613308,4.999999997414791,-4.999999237409626,4.999999987170426,-4.9999999152004815,4.9999999808456685,-4.999999794400818
99.0,227.0,129.8837127685547,4.9999997949570645,-4.999999960086038,4.999997308682025,4.999999018656059,4.999999027698371,-4.999998274729886,4.999999770139975,-4.999999998826946,4.999999828356362,-4.999999530717212
99.0,227.0,129.8837127685547,4.9999993979602895,-4.99999771552354,4.999998644807963,4.999998328331262,4.999999107951256,-4.999998925529819,4.999999997250527,-4.999999327456552,4.99999999998223,-4.9999996789431735
99.0,227.0,129.8837127685547,4.999996064520828,-4.9999999922621,4.999999995607764,4.999995976549756,4.999999834519267,-4.999999999329033,4.9999999863675,-4.999999976216114,4.999998907321769,-4.999999902146255
99.0,227.0,129.88369750976562,4.999998496912111,-4.999999989891806,4.999999909341342,4.999999344437173,4.999999434147933,-4.999999909920462,4.999999992076868,-4.999999998754437,4.999999997221336,-4.999999831367987
99.0,227.0,129.8837127685547,4.99999939344147,-4.999999981375739,4.9999968345378445,4.999999921074352,4.999999554367472,-4.999999373408759,4.999999857241042,-4.9999999999303935,4.999999301751899,-4.999999760137899
99.0,227.0,129.8837127685547,4.999998638110965,-4.99999991551967,4.99999682414086,4.99999999196101,4.999999976137614,-4.999998752784762,4.999999735236533,-4.999999998223117,4.999999904999811,-4.999999681055218
99.0,227.0,129.8837127685547,4.999999802626299,-4.999998069571356,4.999999556263097,4.999993604634852,4.999999782475753,-4.999999979553449,4.999999990922191,-4.999999228659716,4.999999945993382,-4.999999999918766
99.0,227.0,129.88369750976562,4.999999749665182,-4.99999996553812,4.999999998129521,4.999999986834452,4.9999999847226615,-4.999999424088628,4.99999998628288,-4.999999948152202,4.99999997081034,-4.999999862543062
99.0,227.0,129.8837127685547,4.99999113882883,-4.999999965174691,4.9999990000301375,4.99999931259196,4.999999936157908,-4.999999878605406,4.999999996349182,-4.999999994938526,4.9999991473229,-4.999999835384555
99.0,227.0,129.8837127685547,4.999999069254219,-4.999999236368906,4.99999695645012,4.999999514967227,4.9999996006141805,-4.9999999948071165,4.999999997314857,-4.999999968490431,4.9999993366379645,-4.999999989134744
99.0,227.0,129.88369750976562,4.999999707353453,-4.99999999068575,4.99999999888026,4.999999572208655,4.999999987071203,-4.999999514843929,4.99999998784261,-4.999999829391609,4.999999978103313,-4.999999862609295
99.0,227.0,129.8837127685547,4.99999993478079,-4.999999815743987,4.999999829767191,4.999993371614928,4.999999905562087,-4.999999780209263,4.999999144248481,-4.99999948355577,4.999999783754958,-4.999999999852859
99.0,227.0,129.88369750976562,4.999996143607362,-4.999999953553816,4.999998824072994,4.999999963998286,4.999999998480842,-4.999999728901685,4.99999999707503,-4.999999915862702,4.999999785396371,-4.9999998143112885
99.0,227.0,129.8837127685547,4.999999248586048,-4.999999706812362,4.999999451236711,4.999999721243961,4.999999542023714,-4.999998442287932,4.99999890228966,-4.999999922187954,4.999999992343019,-4.999999940136682
99.0,227.0,129.8837127685547,4.999996907593699,-4.999999586517389,4.999998973633055,4.999998852752903,4.99999999469678,-4.999999803980837,4.999999469767564,-4.999999998188258,4.999999874087764,-4.999999837881337
99.0,227.0,129.8837127685547,4.999999028322488,-4.999999990616584,4.999997770283925,4.999999964374124,4.999997948920001,-4.999999976015771,4.999999411923747,-4.999999828386208,4.999999360873434,-4.999999598318734
99.0,227.0,129.8837127685547,4.999991088273316,-4.99999997538677,4.999998184185238,4.999999575212375,4.999999899549586,-4.999999384821575,4.9999998036721305,-4.99999999798358,4.999999481441437,-4.999999833617973
99.0,227.0,129.8837127685547,4.999996066117733,-4.999995981310489,4.999999739312894,4.99999865587705,4.999999854212616,-4.999998774288395,4.999999984588138,-4.999999997475131,4.999999825147508,-4.999999961688712
99.0,227.0,129.8837127685547,4.999999782108025,-4.999999966544069,4.999996652480769,4.999999838365124,4.999999564921504,-4.999999987153889,4.999999411735999,-4.999999999853391,4.999999138886788,-4.999999864163771
99.0,227.0,129.8837127685547,4.999999499487384,-4.999999580712922,4.999996074789276,4.999999675321238,4.99999950880523,-4.999999870832038,4.999999681123599,-4.999999991892221,4.999999372399474,-4.9999998364546805
99.0,227.0,129.8837127685547,4.999988604049286,-4.999999591729018,4.999999466754481,4.999999860323841,4.999999000701996,-4.999999971678153,4.999998904162835,-4.999999947360318,4.999999995753315,-4.999999995586588
99.0,228.0,129.8837127685547,4.999999831785784,-4.999999187876645,4.9999985654548045,4.999998785140219,4.999999932235369,-4.999998058670537,4.99999986467962,-4.999999999270015,4.999999990866595,-4.999999591346945
99.0,228.0,129.8837127685547,4.999997561683145,-4.999999979783185,4.999999192056432,4.99999995372192,4.999996368611175,-4.999999972530881,4.999999997690353,-4.9999996255560655,4.999999780611256,-4.99999945744467
99.0,228.0,129.88369750976562,4.999998675152282,-4.999999625946577,4.999999844447411,4.999999738929781,4.999999401137268,-4.999999966940284,4.999999990278488,-4.999999998950593,4.999999997990818,-4.999999837434982
99.0,228.0,129.8837127685547,4.999998616214041,-4.999999999689165,4.9999981005528165,4.999999972576927,4.999999833277881,-4.999998703371469,4.999999938216376,-4.999999032569324,4.999999749256905,-4.99999977593548
99.0,228.0,129.8837127685547,4.999999410657363,-4.999999930807812,4.999998367686694,4.999999631567844,4.9999999069641845,-4.999998694507363,4.999998923957276,-4.999999993284398,4.999999999974537,-4.999999733233347
99.0,228.0,129.8837127685547,4.999996934656673,-4.999999301598228,4.999999197424808,4.9999999211105495,4.999998260300799,-4.999999975246541,4.999999148174361,-4.99999994743579,4.99999968537608,-4.999999998374151
99.0,228.0,129.88369750976562,4.999995284099716,-4.999999993854802,4.999999176089284,4.999999887744916,4.999999984064953,-4.999999317150085,4.999999996228367,-4.9999998637642,4.999999826946553,-4.999999779491851
99.0,228.0,129.8837127685547,4.9999945460824895,-4.999999488872149,4.999999927288397,4.999999291349152,4.999999974614993,-4.9999991905678165,4.999999871982922,-4.9999999984419725,4.999999773530938,-4.999999728483137
99.0,228.0,129.8837127685547,4.999998585815827,-4.999999900389239,4.999998685349209,4.999997388164314,4.9999990640077545,-4.999999821334052,4.999999230654643,-4.999999569994776,4.999999463521204,-4.999999905553958
99.0,228.0,129.8837127685547,4.999999475305442,-4.999999915767101,4.999998695242665,4.9999979961550025,4.999999998256698,-4.999998652575608,4.99999986827638,-4.999999998877703,4.999999571015307,-4.999999579212955
99.0,228.0,129.8837127685547,4.999993049771505,-4.999998648080991,4.99999900609634,4.999999436086756,4.999999974025618,-4.999999866245476,4.999999739028286,-4.99999935402203,4.999999952489902,-4.999999674402215
99.0,228.0,129.8837127685547,4.999995995259317,-4.999999923614847,4.999997505057657,4.999999993677881,4.999999997327427,-4.999999318733402,4.999999738888183,-4.9999999978090965,4.999999796331982,-4.999999749623314
99.0,228.0,129.88369750976562,4.999998606453361,-4.999999967097521,4.999999321861807,4.999999962717195,4.999999947661522,-4.999999789263498,4.99999999208419,-4.999999906501496,4.999999778015517,-4.999999847692139
99.0,228.0,129.8837127685547,4.999990446611381,-4.999998503143827,4.999998895441994,4.999999344355467,4.999999783362554,-4.999999986788438,4.999999999074546,-4.999999847902087,4.999999394155188,-4.999999743979785
99.0,228.0,129.8837127685547,4.999989649457818,-4.999999481782292,4.99999993431342,4.9999967930951374,4.999999946758708,-4.99999980775238,4.999999996317017,-4.99999998537244,4.999999390474427,-4.999999839489044
99.0,228.0,129.8837127685547,4.999998101183509,-4.999996236718998,4.999998825945104,4.9999989964909375,4.999999783544061,-4.999998530690221,4.999999997953637,-4.999999514538807,4.999999813010492,-4.999999985414883
99.0,228.0,129.8837127685547,4.999998892844591,-4.999998536207987,4.9999992683596695,4.999994378419128,4.999999468222208,-4.999999978957234,4.999999987627247,-4.999999433282909,4.999999842370076,-4.999999998960016
99.0,228.0,129.8837127685547,4.999994853612056,-4.999999971232728,4.99999902821954,4.999999203493007,4.999999998847765,-4.99999856697318,4.99999999790414,-4.999999999114323,4.999999345067483,-4.999999499477468
99.0,228.0,129.8837127685547,4.999994292695391,-4.999998845510167,4.999998941659017,4.99999997024748,4.999999958592442,-4.999999788239671,4.999999932765025,-4.999999354893098,4.999999779118762,-4.9999996355304965
99.0,228.0,129.88369750976562,4.999999715336943,-4.999999966281545,4.999999382106655,4.999999339237378,4.999999996543513,-4.999999155092524,4.999999984429609,-4.999999948370068,4.999999869552524,-4.999999787907971
99.0,228.0,129.8837127685547,4.999999887249757,-4.999995295062325,4.999999435001985,4.999994433886448,4.999999528323592,-4.999999798042847,4.999999987802732,-4.999999466180903,4.999999931407436,-4.9999999997863
99.0,228.0,129.88369750976562,4.999997848523721,-4.999999984595642,4.999999999909912,4.99999967851701,4.999999771944335,-4.999999712500664,4.999999992428423,-4.999999855416005,4.999999988648389,-4.999999984603841
99.0,228.0,129.8837127685547,4.999994104445818,-4.99999969836027,4.999999934181264,4.999999439976996,4.999999980718933,-4.999998606837532,4.9999999939154005,-4.999999518780524,4.999999961959654,-4.999999698223537
99.0,228.0,129.8837127685547,4.999999991658655,-4.999999852399731,4.999997549458807,4.9999994765734455,4.999999950232271,-4.999998716382872,4.999998968465464,-4.9999988086468345,4.999999878857045,-4.9999999607841055
99.0,228.0,129.8837127685547,4.999998997692642,-4.999999722226606,4.999998100078956,4.999998878332375,4.999999986255273,-4.99999858141436,4.999999844021529,-4.999999992556514,4.999999895486772,-4.999999535087548
99.0,228.0,129.8837127685547,4.999995962356127,-4.999997778677022,4.999999611876204,4.999998612711648,4.999999674590121,-4.999999711134512,4.999999984511651,-4.999998719147538,4.999999841164487,-4.999999850196725
99.0,228.0,129.8837127685547,4.999999416961559,-4.999999983584205,4.999999176680758,4.999999979640223,4.999996252158734,-4.999999972856855,4.999999949975523,-4.9999994429312045,4.99999968032839,-4.999999484437556
99.0,228.0,129.8837127685547,4.999999334897865,-4.999993177131219,4.999995938891902,4.999999743728615,4.999999845818906,-4.999999997041836,4.999999865981054,-4.999999995918842,4.999999290953733,-4.999999998838668
99.0,228.0,129.88369750976562,4.999999741173489,-4.999999993582172,4.999999999451509,4.999999892613308,4.999999997414791,-4.999999237409626,4.999999987170426,-4.9999999152004815,4.9999999808456685,-4.999999794400818
99.0,228.0,129.8837127685547,4.9999997949570645,-4.999999960086038,4.999997308682025,4.999999018656059,4.999999027698371,-4.999998274729886,4.999999770139975,-4.999999998826946,4.999999828356362,-4.999999530717212
99.0,228.0,129.8837127685547,4.9999993979602895,-4.99999771552354,4.999998644807963,4.999998328331262,4.999999107951256,-4.999998925529819,4.999999997250527,-4.999999327456552,4.99999999998223,-4.9999996789431735
99.0,228.0,129.8837127685547,4.999996064520828,-4.9999999922621,4.999999995607764,4.999995976549756,4.999999834519267,-4.999999999329033,4.9999999863675,-4.999999976216114,4.999998907321769,-4.999999902146255
99.0,228.0,129.88369750976562,4.999998496912111,-4.999999989891806,4.999999909341342,4.999999344437173,4.999999434147933,-4.999999909920462,4.999999992076868,-4.999999998754437,4.999999997221336,-4.999999831367987
99.0,228.0,129.8837127685547,4.99999939344147,-4.999999981375739,4.9999968345378445,4.999999921074352,4.999999554367472,-4.999999373408759,4.999999857241042,-4.9999999999303935,4.999999301751899,-4.999999760137899
99.0,228.0,129.8837127685547,4.999998638110965,-4.99999991551967,4.99999682414086,4.99999999196101,4.999999976137614,-4.999998752784762,4.999999735236533,-4.999999998223117,4.999999904999811,-4.999999681055218
99.0,228.0,129.8837127685547,4.999999802626299,-4.999998069571356,4.999999556263097,4.999993604634852,4.999999782475753,-4.999999979553449,4.999999990922191,-4.999999228659716,4.999999945993382,-4.999999999918766
99.0,228.0,129.88369750976562,4.999999749665182,-4.99999996553812,4.999999998129521,4.999999986834452,4.9999999847226615,-4.999999424088628,4.99999998628288,-4.999999948152202,4.99999997081034,-4.999999862543062
99.0,228.0,129.8837127685547,4.99999113882883,-4.999999965174691,4.9999990000301375,4.99999931259196,4.999999936157908,-4.999999878605406,4.999999996349182,-4.999999994938526,4.9999991473229,-4.999999835384555
99.0,228.0,129.8837127685547,4.999999069254219,-4.999999236368906,4.99999695645012,4.999999514967227,4.9999996006141805,-4.9999999948071165,4.999999997314857,-4.999999968490431,4.9999993366379645,-4.999999989134744
99.0,228.0,129.88369750976562,4.999999707353453,-4.99999999068575,4.99999999888026,4.999999572208655,4.999999987071203,-4.999999514843929,4.99999998784261,-4.999999829391609,4.999999978103313,-4.999999862609295
99.0,228.0,129.8837127685547,4.99999993478079,-4.999999815743987,4.999999829767191,4.999993371614928,4.999999905562087,-4.999999780209263,4.999999144248481,-4.99999948355577,4.999999783754958,-4.999999999852859
99.0,228.0,129.88369750976562,4.999996143607362,-4.999999953553816,4.999998824072994,4.999999963998286,4.999999998480842,-4.999999728901685,4.99999999707503,-4.999999915862702,4.999999785396371,-4.9999998143112885
99.0,228.0,129.8837127685547,4.999999248586048,-4.999999706812362,4.999999451236711,4.999999721243961,4.999999542023714,-4.999998442287932,4.99999890228966,-4.999999922187954,4.999999992343019,-4.999999940136682
99.0,228.0,129.8837127685547,4.999996907593699,-4.999999586517389,4.999998973633055,4.999998852752903,4.99999999469678,-4.999999803980837,4.999999469767564,-4.999999998188258,4.999999874087764,-4.999999837881337
99.0,228.0,129.8837127685547,4.999999028322488,-4.999999990616584,4.999997770283925,4.999999964374124,4.999997948920001,-4.999999976015771,4.999999411923747,-4.999999828386208,4.999999360873434,-4.999999598318734
99.0,228.0,129.8837127685547,4.999991088273316,-4.99999997538677,4.999998184185238,4.999999575212375,4.999999899549586,-4.999999384821575,4.9999998036721305,-4.99999999798358,4.999999481441437,-4.999999833617973
99.0,228.0,129.8837127685547,4.999996066117733,-4.999995981310489,4.999999739312894,4.99999865587705,4.999999854212616,-4.999998774288395,4.999999984588138,-4.999999997475131,4.999999825147508,-4.999999961688712
99.0,228.0,129.8837127685547,4.999999782108025,-4.999999966544069,4.999996652480769,4.999999838365124,4.999999564921504,-4.999999987153889,4.999999411735999,-4.999999999853391,4.999999138886788,-4.999999864163771
99.0,228.0,129.8837127685547,4.999999499487384,-4.999999580712922,4.999996074789276,4.999999675321238,4.99999950880523,-4.999999870832038,4.999999681123599,-4.999999991892221,4.999999372399474,-4.9999998364546805
99.0,228.0,129.8837127685547,4.999988604049286,-4.999999591729018,4.999999466754481,4.999999860323841,4.999999000701996,-4.999999971678153,4.999998904162835,-4.999999947360318,4.999999995753315,-4.999999995586588
99.0,229.0,129.8837127685547,4.999999831785784,-4.999999187876645,4.9999985654548045,4.999998785140219,4.999999932235369,-4.999998058670537,4.99999986467962,-4.999999999270015,4.999999990866595,-4.999999591346945
99.0,229.0,129.8837127685547,4.999997561683145,-4.999999979783185,4.999999192056432,4.99999995372192,4.999996368611175,-4.999999972530881,4.999999997690353,-4.9999996255560655,4.999999780611256,-4.99999945744467
99.0,229.0,129.88369750976562,4.999998675152282,-4.999999625946577,4.999999844447411,4.999999738929781,4.999999401137268,-4.999999966940284,4.999999990278488,-4.999999998950593,4.999999997990818,-4.999999837434982
99.0,229.0,129.8837127685547,4.999998616214041,-4.999999999689165,4.9999981005528165,4.999999972576927,4.999999833277881,-4.999998703371469,4.999999938216376,-4.999999032569324,4.999999749256905,-4.99999977593548
99.0,229.0,129.8837127685547,4.999999410657363,-4.999999930807812,4.999998367686694,4.999999631567844,4.9999999069641845,-4.999998694507363,4.999998923957276,-4.999999993284398,4.999999999974537,-4.999999733233347
99.0,229.0,129.8837127685547,4.999996934656673,-4.999999301598228,4.999999197424808,4.9999999211105495,4.999998260300799,-4.999999975246541,4.999999148174361,-4.99999994743579,4.99999968537608,-4.999999998374151
99.0,229.0,129.88369750976562,4.999995284099716,-4.999999993854802,4.999999176089284,4.999999887744916,4.999999984064953,-4.999999317150085,4.999999996228367,-4.9999998637642,4.999999826946553,-4.999999779491851
99.0,229.0,129.8837127685547,4.9999945460824895,-4.999999488872149,4.999999927288397,4.999999291349152,4.999999974614993,-4.9999991905678165,4.999999871982922,-4.9999999984419725,4.999999773530938,-4.999999728483137
99.0,229.0,129.8837127685547,4.999998585815827,-4.999999900389239,4.999998685349209,4.999997388164314,4.9999990640077545,-4.999999821334052,4.999999230654643,-4.999999569994776,4.999999463521204,-4.999999905553958
99.0,229.0,129.8837127685547,4.999999475305442,-4.999999915767101,4.999998695242665,4.9999979961550025,4.999999998256698,-4.999998652575608,4.99999986827638,-4.999999998877703,4.999999571015307,-4.999999579212955
99.0,229.0,129.8837127685547,4.999993049771505,-4.999998648080991,4.99999900609634,4.999999436086756,4.999999974025618,-4.999999866245476,4.999999739028286,-4.99999935402203,4.999999952489902,-4.999999674402215
99.0,229.0,129.8837127685547,4.999995995259317,-4.999999923614847,4.999997505057657,4.999999993677881,4.999999997327427,-4.999999318733402,4.999999738888183,-4.9999999978090965,4.999999796331982,-4.999999749623314
99.0,229.0,129.88369750976562,4.999998606453361,-4.999999967097521,4.999999321861807,4.999999962717195,4.999999947661522,-4.999999789263498,4.99999999208419,-4.999999906501496,4.999999778015517,-4.999999847692139
99.0,229.0,129.8837127685547,4.999990446611381,-4.999998503143827,4.999998895441994,4.999999344355467,4.999999783362554,-4.999999986788438,4.999999999074546,-4.999999847902087,4.999999394155188,-4.999999743979785
99.0,229.0,129.8837127685547,4.999989649457818,-4.999999481782292,4.99999993431342,4.9999967930951374,4.999999946758708,-4.99999980775238,4.999999996317017,-4.99999998537244,4.999999390474427,-4.999999839489044
99.0,229.0,129.8837127685547,4.999998101183509,-4.999996236718998,4.999998825945104,4.9999989964909375,4.999999783544061,-4.999998530690221,4.999999997953637,-4.999999514538807,4.999999813010492,-4.999999985414883
99.0,229.0,129.8837127685547,4.999998892844591,-4.999998536207987,4.9999992683596695,4.999994378419128,4.999999468222208,-4.999999978957234,4.999999987627247,-4.999999433282909,4.999999842370076,-4.999999998960016
99.0,229.0,129.8837127685547,4.999994853612056,-4.999999971232728,4.99999902821954,4.999999203493007,4.999999998847765,-4.99999856697318,4.99999999790414,-4.999999999114323,4.999999345067483,-4.999999499477468
99.0,229.0,129.8837127685547,4.999994292695391,-4.999998845510167,4.999998941659017,4.99999997024748,4.999999958592442,-4.999999788239671,4.999999932765025,-4.999999354893098,4.999999779118762,-4.9999996355304965
99.0,229.0,129.88369750976562,4.999999715336943,-4.999999966281545,4.999999382106655,4.999999339237378,4.999999996543513,-4.999999155092524,4.999999984429609,-4.999999948370068,4.999999869552524,-4.999999787907971
99.0,229.0,129.8837127685547,4.999999887249757,-4.999995295062325,4.999999435001985,4.999994433886448,4.999999528323592,-4.999999798042847,4.999999987802732,-4.999999466180903,4.999999931407436,-4.9999999997863
99.0,229.0,129.88369750976562,4.999997848523721,-4.999999984595642,4.999999999909912,4.99999967851701,4.999999771944335,-4.999999712500664,4.999999992428423,-4.999999855416005,4.999999988648389,-4.999999984603841
99.0,229.0,129.8837127685547,4.999994104445818,-4.99999969836027,4.999999934181264,4.999999439976996,4.999999980718933,-4.999998606837532,4.9999999939154005,-4.999999518780524,4.999999961959654,-4.999999698223537
99.0,229.0,129.8837127685547,4.999999991658655,-4.999999852399731,4.999997549458807,4.9999994765734455,4.999999950232271,-4.999998716382872,4.999998968465464,-4.9999988086468345,4.999999878857045,-4.9999999607841055
99.0,229.0,129.8837127685547,4.999998997692642,-4.999999722226606,4.999998100078956,4.999998878332375,4.999999986255273,-4.99999858141436,4.999999844021529,-4.999999992556514,4.999999895486772,-4.999999535087548
99.0,229.0,129.8837127685547,4.999995962356127,-4.999997778677022,4.999999611876204,4.999998612711648,4.999999674590121,-4.999999711134512,4.999999984511651,-4.999998719147538,4.999999841164487,-4.999999850196725
99.0,229.0,129.8837127685547,4.999999416961559,-4.999999983584205,4.999999176680758,4.999999979640223,4.999996252158734,-4.999999972856855,4.999999949975523,-4.9999994429312045,4.99999968032839,-4.999999484437556
99.0,229.0,129.8837127685547,4.999999334897865,-4.999993177131219,4.999995938891902,4.999999743728615,4.999999845818906,-4.999999997041836,4.999999865981054,-4.999999995918842,4.999999290953733,-4.999999998838668
99.0,229.0,129.88369750976562,4.999999741173489,-4.999999993582172,4.999999999451509,4.999999892613308,4.999999997414791,-4.999999237409626,4.999999987170426,-4.9999999152004815,4.9999999808456685,-4.999999794400818
99.0,229.0,129.8837127685547,4.9999997949570645,-4.999999960086038,4.999997308682025,4.999999018656059,4.999999027698371,-4.999998274729886,4.999999770139975,-4.999999998826946,4.999999828356362,-4.999999530717212
99.0,229.0,129.8837127685547,4.9999993979602895,-4.99999771552354,4.999998644807963,4.999998328331262,4.999999107951256,-4.999998925529819,4.999999997250527,-4.999999327456552,4.99999999998223,-4.9999996789431735
99.0,229.0,129.8837127685547,4.999996064520828,-4.9999999922621,4.999999995607764,4.999995976549756,4.999999834519267,-4.999999999329033,4.9999999863675,-4.999999976216114,4.999998907321769,-4.999999902146255
99.0,229.0,129.88369750976562,4.999998496912111,-4.999999989891806,4.999999909341342,4.999999344437173,4.999999434147933,-4.999999909920462,4.999999992076868,-4.999999998754437,4.999999997221336,-4.999999831367987
99.0,229.0,129.8837127685547,4.99999939344147,-4.999999981375739,4.9999968345378445,4.999999921074352,4.999999554367472,-4.999999373408759,4.999999857241042,-4.9999999999303935,4.999999301751899,-4.999999760137899
99.0,229.0,129.8837127685547,4.999998638110965,-4.99999991551967,4.99999682414086,4.99999999196101,4.999999976137614,-4.999998752784762,4.999999735236533,-4.999999998223117,4.999999904999811,-4.999999681055218
99.0,229.0,129.8837127685547,4.999999802626299,-4.999998069571356,4.999999556263097,4.999993604634852,4.999999782475753,-4.999999979553449,4.999999990922191,-4.999999228659716,4.999999945993382,-4.999999999918766
99.0,229.0,129.88369750976562,4.999999749665182,-4.99999996553812,4.999999998129521,4.999999986834452,4.9999999847226615,-4.999999424088628,4.99999998628288,-4.999999948152202,4.99999997081034,-4.999999862543062
99.0,229.0,129.8837127685547,4.99999113882883,-4.999999965174691,4.9999990000301375,4.99999931259196,4.999999936157908,-4.999999878605406,4.999999996349182,-4.999999994938526,4.9999991473229,-4.999999835384555
99.0,229.0,129.88369750976562,4.99999913198806,-4.999999236368906,4.999998539167445,4.999999994468097,4.999999623536006,-4.999999991689277,4.999999990784682,-4.999999999393535,4.9999999524299525,-4.999999802885343
99.0,229.0,129.88369750976562,4.999999707353453,-4.99999999068575,4.99999999888026,4.999999572208655,4.999999987071203,-4.999999514843929,4.99999998784261,-4.999999829391609,4.999999978103313,-4.999999862609295
99.0,229.0,129.8837127685547,4.99999993478079,-4.999999815743987,4.999999829767191,4.999993371614928,4.999999905562087,-4.999999780209263,4.999999144248481,-4.99999948355577,4.999999783754958,-4.999999999852859
99.0,229.0,129.88369750976562,4.999996143607362,-4.999999953553816,4.999998824072994,4.999999963998286,4.999999998480842,-4.999999728901685,4.99999999707503,-4.999999915862702,4.999999785396371,-4.9999998143112885
99.0,229.0,129.8837127685547,4.999999248586048,-4.999999706812362,4.999999451236711,4.999999721243961,4.999999542023714,-4.999998442287932,4.99999890228966,-4.999999922187954,4.999999992343019,-4.999999940136682
99.0,229.0,129.8837127685547,4.999996907593699,-4.999999586517389,4.999998973633055,4.999998852752903,4.99999999469678,-4.999999803980837,4.999999469767564,-4.999999998188258,4.999999874087764,-4.999999837881337
99.0,229.0,129.8837127685547,4.999999028322488,-4.999999990616584,4.999997770283925,4.999999964374124,4.999997948920001,-4.999999976015771,4.999999411923747,-4.999999828386208,4.999999360873434,-4.999999598318734
99.0,229.0,129.8837127685547,4.999991088273316,-4.99999997538677,4.999998184185238,4.999999575212375,4.999999899549586,-4.999999384821575,4.9999998036721305,-4.99999999798358,4.999999481441437,-4.999999833617973
99.0,229.0,129.8837127685547,4.999996066117733,-4.999995981310489,4.999999739312894,4.99999865587705,4.999999854212616,-4.999998774288395,4.999999984588138,-4.999999997475131,4.999999825147508,-4.999999961688712
99.0,229.0,129.8837127685547,4.999999782108025,-4.999999966544069,4.999996652480769,4.999999838365124,4.999999564921504,-4.999999987153889,4.999999411735999,-4.999999999853391,4.999999138886788,-4.999999864163771
99.0,229.0,129.8837127685547,4.999999499487384,-4.999999580712922,4.999996074789276,4.999999675321238,4.99999950880523,-4.999999870832038,4.999999681123599,-4.999999991892221,4.999999372399474,-4.9999998364546805
99.0,229.0,129.8837127685547,4.999988604049286,-4.999999591729018,4.999999466754481,4.999999860323841,4.999999000701996,-4.999999971678153,4.999998904162835,-4.999999947360318,4.999999995753315,-4.999999995586588
99.0,230.0,129.8837127685547,4.999999831785784,-4.999999187876645,4.9999985654548045,4.999998785140219,4.999999932235369,-4.999998058670537,4.99999986467962,-4.999999999270015,4.999999990866595,-4.999999591346945
99.0,230.0,129.8837127685547,4.999997561683145,-4.999999979783185,4.999999192056432,4.99999995372192,4.999996368611175,-4.999999972530881,4.999999997690353,-4.9999996255560655,4.999999780611256,-4.99999945744467
99.0,230.0,129.88369750976562,4.999998675152282,-4.999999625946577,4.999999844447411,4.999999738929781,4.999999401137268,-4.999999966940284,4.999999990278488,-4.999999998950593,4.999999997990818,-4.999999837434982
99.0,230.0,129.8837127685547,4.999998616214041,-4.999999999689165,4.9999981005528165,4.999999972576927,4.999999833277881,-4.999998703371469,4.999999938216376,-4.999999032569324,4.999999749256905,-4.99999977593548
99.0,230.0,129.8837127685547,4.999999410657363,-4.999999930807812,4.999998367686694,4.999999631567844,4.9999999069641845,-4.999998694507363,4.999998923957276,-4.999999993284398,4.999999999974537,-4.999999733233347
99.0,230.0,129.8837127685547,4.999996934656673,-4.999999301598228,4.999999197424808,4.9999999211105495,4.999998260300799,-4.999999975246541,4.999999148174361,-4.99999994743579,4.99999968537608,-4.999999998374151
99.0,230.0,129.88369750976562,4.999995284099716,-4.999999993854802,4.999999176089284,4.999999887744916,4.999999984064953,-4.999999317150085,4.999999996228367,-4.9999998637642,4.999999826946553,-4.999999779491851
99.0,230.0,129.8837127685547,4.9999945460824895,-4.999999488872149,4.999999927288397,4.999999291349152,4.999999974614993,-4.9999991905678165,4.999999871982922,-4.9999999984419725,4.999999773530938,-4.999999728483137
99.0,230.0,129.8837127685547,4.999998585815827,-4.999999900389239,4.999998685349209,4.999997388164314,4.9999990640077545,-4.999999821334052,4.999999230654643,-4.999999569994776,4.999999463521204,-4.999999905553958
99.0,230.0,129.8837127685547,4.999999475305442,-4.999999915767101,4.999998695242665,4.9999979961550025,4.999999998256698,-4.999998652575608,4.99999986827638,-4.999999998877703,4.999999571015307,-4.999999579212955
99.0,230.0,129.8837127685547,4.999993049771505,-4.999998648080991,4.99999900609634,4.999999436086756,4.999999974025618,-4.999999866245476,4.999999739028286,-4.99999935402203,4.999999952489902,-4.999999674402215
99.0,230.0,129.8837127685547,4.999995995259317,-4.999999923614847,4.999997505057657,4.999999993677881,4.999999997327427,-4.999999318733402,4.999999738888183,-4.9999999978090965,4.999999796331982,-4.999999749623314
99.0,230.0,129.88369750976562,4.999998606453361,-4.999999967097521,4.999999321861807,4.999999962717195,4.999999947661522,-4.999999789263498,4.99999999208419,-4.999999906501496,4.999999778015517,-4.999999847692139
99.0,230.0,129.8837127685547,4.999990446611381,-4.999998503143827,4.999998895441994,4.999999344355467,4.999999783362554,-4.999999986788438,4.999999999074546,-4.999999847902087,4.999999394155188,-4.999999743979785
99.0,230.0,129.8837127685547,4.999989649457818,-4.999999481782292,4.99999993431342,4.9999967930951374,4.999999946758708,-4.99999980775238,4.999999996317017,-4.99999998537244,4.999999390474427,-4.999999839489044
99.0,230.0,129.8837127685547,4.999998101183509,-4.999996236718998,4.999998825945104,4.9999989964909375,4.999999783544061,-4.999998530690221,4.999999997953637,-4.999999514538807,4.999999813010492,-4.999999985414883
99.0,230.0,129.88369750976562,4.9999999314070624,-4.999999977164306,4.99999969515634,4.999999991326789,4.999999940856364,-4.999998869351892,4.999999987627247,-4.999999945700272,4.999999971660626,-4.999999810219067
99.0,230.0,129.8837127685547,4.999994853612056,-4.999999971232728,4.99999902821954,4.999999203493007,4.999999998847765,-4.99999856697318,4.99999999790414,-4.999999999114323,4.999999345067483,-4.999999499477468
99.0,230.0,129.8837127685547,4.999994292695391,-4.999998845510167,4.999998941659017,4.99999997024748,4.999999958592442,-4.999999788239671,4.999999932765025,-4.999999354893098,4.999999779118762,-4.9999996355304965
99.0,230.0,129.88369750976562,4.999999715336943,-4.999999966281545,4.999999382106655,4.999999339237378,4.999999996543513,-4.999999155092524,4.999999984429609,-4.999999948370068,4.999999869552524,-4.999999787907971
99.0,230.0,129.8837127685547,4.999999887249757,-4.999995295062325,4.999999435001985,4.999994433886448,4.999999528323592,-4.999999798042847,4.999999987802732,-4.999999466180903,4.999999931407436,-4.9999999997863
99.0,230.0,129.88369750976562,4.999997848523721,-4.999999984595642,4.999999999909912,4.99999967851701,4.999999771944335,-4.999999712500664,4.999999992428423,-4.999999855416005,4.999999988648389,-4.999999984603841
99.0,230.0,129.8837127685547,4.999994104445818,-4.99999969836027,4.999999934181264,4.999999439976996,4.999999980718933,-4.999998606837532,4.9999999939154005,-4.999999518780524,4.999999961959654,-4.999999698223537
99.0,230.0,129.8837127685547,4.999999991658655,-4.999999852399731,4.999997549458807,4.9999994765734455,4.999999950232271,-4.999998716382872,4.999998968465464,-4.9999988086468345,4.999999878857045,-4.9999999607841055
99.0,230.0,129.8837127685547,4.999998997692642,-4.999999722226606,4.999998100078956,4.999998878332375,4.999999986255273,-4.99999858141436,4.999999844021529,-4.999999992556514,4.999999895486772,-4.999999535087548
99.0,230.0,129.8837127685547,4.999995962356127,-4.999997778677022,4.999999611876204,4.999998612711648,4.999999674590121,-4.999999711134512,4.999999984511651,-4.999998719147538,4.999999841164487,-4.999999850196725
99.0,230.0,129.8837127685547,4.999999416961559,-4.999999983584205,4.999999176680758,4.999999979640223,4.999996252158734,-4.999999972856855,4.999999949975523,-4.9999994429312045,4.99999968032839,-4.999999484437556
99.0,230.0,129.8837127685547,4.999999334897865,-4.999993177131219,4.999995938891902,4.999999743728615,4.999999845818906,-4.999999997041836,4.999999865981054,-4.999999995918842,4.999999290953733,-4.999999998838668
99.0,230.0,129.88369750976562,4.999999741173489,-4.999999993582172,4.999999999451509,4.999999892613308,4.999999997414791,-4.999999237409626,4.999999987170426,-4.9999999152004815,4.9999999808456685,-4.999999794400818
99.0,230.0,129.8837127685547,4.9999997949570645,-4.999999960086038,4.999997308682025,4.999999018656059,4.999999027698371,-4.999998274729886,4.999999770139975,-4.999999998826946,4.999999828356362,-4.999999530717212
99.0,230.0,129.8837127685547,4.9999993979602895,-4.99999771552354,4.999998644807963,4.999998328331262,4.999999107951256,-4.999998925529819,4.999999997250527,-4.999999327456552,4.99999999998223,-4.9999996789431735
99.0,230.0,129.88369750976562,4.999999449943063,-4.999999303802615,4.99999999952307,4.99999808374537,4.999999732397546,-4.999999900600439,4.999999995394439,-4.999999632403084,4.999999983514357,-4.999999837905348
99.0,230.0,129.88369750976562,4.999998496912111,-4.999999989891806,4.999999909341342,4.999999344437173,4.999999434147933,-4.999999909920462,4.999999992076868,-4.999999998754437,4.999999997221336,-4.999999831367987
99.0,230.0,129.8837127685547,4.99999939344147,-4.999999981375739,4.9999968345378445,4.999999921074352,4.999999554367472,-4.999999373408759,4.999999857241042,-4.9999999999303935,4.999999301751899,-4.999999760137899
99.0,230.0,129.8837127685547,4.999998638110965,-4.99999991551967,4.99999682414086,4.99999999196101,4.999999976137614,-4.999998752784762,4.999999735236533,-4.999999998223117,4.999999904999811,-4.999999681055218
99.0,230.0,129.8837127685547,4.999999802626299,-4.999998069571356,4.999999556263097,4.999993604634852,4.999999782475753,-4.999999979553449,4.999999990922191,-4.999999228659716,4.999999945993382,-4.999999999918766
99.0,230.0,129.88369750976562,4.999999749665182,-4.99999996553812,4.999999998129521,4.999999986834452,4.9999999847226615,-4.999999424088628,4.99999998628288,-4.999999948152202,4.99999997081034,-4.999999862543062
99.0,230.0,129.8837127685547,4.99999113882883,-4.999999965174691,4.9999990000301375,4.99999931259196,4.999999936157908,-4.999999878605406,4.999999996349182,-4.999999994938526,4.9999991473229,-4.999999835384555
99.0,230.0,129.88369750976562,4.99999913198806,-4.999999236368906,4.999998539167445,4.999999994468097,4.999999623536006,-4.999999991689277,4.999999990784682,-4.999999999393535,4.9999999524299525,-4.999999802885343
99.0,230.0,129.88369750976562,4.999999707353453,-4.99999999068575,4.99999999888026,4.999999572208655,4.999999987071203,-4.999999514843929,4.99999998784261,-4.999999829391609,4.999999978103313,-4.999999862609295
99.0,230.0,129.88369750976562,4.99999818940679,-4.999999985169978,4.999999089173883,4.999999964357452,4.999999974671473,-4.999999821271656,4.999999981755144,-4.9999999031447455,4.999999730325605,-4.99999981956244
99.0,230.0,129.88369750976562,4.999996143607362,-4.999999953553816,4.999998824072994,4.999999963998286,4.999999998480842,-4.999999728901685,4.99999999707503,-4.999999915862702,4.999999785396371,-4.9999998143112885
99.0,230.0,129.8837127685547,4.999999248586048,-4.999999706812362,4.999999451236711,4.999999721243961,4.999999542023714,-4.999998442287932,4.99999890228966,-4.999999922187954,4.999999992343019,-4.999999940136682
99.0,230.0,129.8837127685547,4.999996907593699,-4.999999586517389,4.999998973633055,4.999998852752903,4.99999999469678,-4.999999803980837,4.999999469767564,-4.999999998188258,4.999999874087764,-4.999999837881337
99.0,230.0,129.8837127685547,4.999999028322488,-4.999999990616584,4.999997770283925,4.999999964374124,4.999997948920001,-4.999999976015771,4.999999411923747,-4.999999828386208,4.999999360873434,-4.999999598318734
99.0,230.0,129.8837127685547,4.999991088273316,-4.99999997538677,4.999998184185238,4.999999575212375,4.999999899549586,-4.999999384821575,4.9999998036721305,-4.99999999798358,4.999999481441437,-4.999999833617973
99.0,230.0,129.8837127685547,4.999996066117733,-4.999995981310489,4.999999739312894,4.99999865587705,4.999999854212616,-4.999998774288395,4.999999984588138,-4.999999997475131,4.999999825147508,-4.999999961688712
99.0,230.0,129.8837127685547,4.999999782108025,-4.999999966544069,4.999996652480769,4.999999838365124,4.999999564921504,-4.999999987153889,4.999999411735999,-4.999999999853391,4.999999138886788,-4.999999864163771
99.0,230.0,129.8837127685547,4.999999499487384,-4.999999580712922,4.999996074789276,4.999999675321238,4.99999950880523,-4.999999870832038,4.999999681123599,-4.999999991892221,4.999999372399474,-4.9999998364546805
99.0,230.0,129.8837127685547,4.999988604049286,-4.999999591729018,4.999999466754481,4.999999860323841,4.999999000701996,-4.999999971678153,4.999998904162835,-4.999999947360318,4.999999995753315,-4.999999995586588
99.0,231.0,129.8837127685547,4.999999831785784,-4.999999187876645,4.9999985654548045,4.999998785140219,4.999999932235369,-4.999998058670537,4.99999986467962,-4.999999999270015,4.999999990866595,-4.999999591346945
99.0,231.0,129.8837127685547,4.999997561683145,-4.999999979783185,4.999999192056432,4.99999995372192,4.999996368611175,-4.999999972530881,4.999999997690353,-4.9999996255560655,4.999999780611256,-4.99999945744467
99.0,231.0,129.88369750976562,4.999998675152282,-4.999999625946577,4.999999844447411,4.999999738929781,4.999999401137268,-4.999999966940284,4.999999990278488,-4.999999998950593,4.999999997990818,-4.999999837434982
99.0,231.0,129.88369750976562,4.999998616214041,-4.999999991523842,4.999999366109704,4.999999970762889,4.999999771127303,-4.999999910841129,4.999999994452367,-4.999999833078548,4.9999996812358765,-4.99999997513447
99.0,231.0,129.8837127685547,4.999999410657363,-4.999999930807812,4.999998367686694,4.999999631567844,4.9999999069641845,-4.999998694507363,4.999998923957276,-4.999999993284398,4.999999999974537,-4.999999733233347
99.0,231.0,129.8837127685547,4.999996934656673,-4.999999301598228,4.999999197424808,4.9999999211105495,4.999998260300799,-4.999999975246541,4.999999148174361,-4.99999994743579,4.99999968537608,-4.999999998374151
99.0,231.0,129.88369750976562,4.999995284099716,-4.999999993854802,4.999999176089284,4.999999887744916,4.999999984064953,-4.999999317150085,4.999999996228367,-4.9999998637642,4.999999826946553,-4.999999779491851
99.0,231.0,129.8837127685547,4.9999945460824895,-4.999999488872149,4.999999927288397,4.999999291349152,4.999999974614993,-4.9999991905678165,4.999999871982922,-4.9999999984419725,4.999999773530938,-4.999999728483137
99.0,231.0,129.88369750976562,4.999995840834285,-4.999999816936498,4.999999502284775,4.999999780348846,4.999999984336632,-4.9999993143547865,4.999999992522435,-4.9999998901283496,4.999999935636334,-4.999999969487007
99.0,231.0,129.8837127685547,4.999999475305442,-4.999999915767101,4.999998695242665,4.9999979961550025,4.999999998256698,-4.999998652575608,4.99999986827638,-4.999999998877703,4.999999571015307,-4.999999579212955
99.0,231.0,129.8837127685547,4.999993049771505,-4.999998648080991,4.99999900609634,4.999999436086756,4.999999974025618,-4.999999866245476,4.999999739028286,-4.99999935402203,4.999999952489902,-4.999999674402215
99.0,231.0,129.8837127685547,4.999995995259317,-4.999999923614847,4.999997505057657,4.999999993677881,4.999999997327427,-4.999999318733402,4.999999738888183,-4.9999999978090965,4.999999796331982,-4.999999749623314
99.0,231.0,129.88369750976562,4.999998606453361,-4.999999967097521,4.999999321861807,4.999999962717195,4.999999947661522,-4.999999789263498,4.99999999208419,-4.999999906501496,4.999999778015517,-4.999999847692139
99.0,231.0,129.8837127685547,4.999990446611381,-4.999998503143827,4.999998895441994,4.999999344355467,4.999999783362554,-4.999999986788438,4.999999999074546,-4.999999847902087,4.999999394155188,-4.999999743979785
99.0,231.0,129.8837127685547,4.999989649457818,-4.999999481782292,4.99999993431342,4.9999967930951374,4.999999946758708,-4.99999980775238,4.999999996317017,-4.99999998537244,4.999999390474427,-4.999999839489044
99.0,231.0,129.8837127685547,4.999998101183509,-4.999996236718998,4.999998825945104,4.9999989964909375,4.999999783544061,-4.999998530690221,4.999999997953637,-4.999999514538807,4.999999813010492,-4.999999985414883
99.0,231.0,129.88369750976562,4.9999999314070624,-4.999999977164306,4.99999969515634,4.999999991326789,4.999999940856364,-4.999998869351892,4.999999987627247,-4.999999945700272,4.999999971660626,-4.999999810219067
99.0,231.0,129.8837127685547,4.999994853612056,-4.999999971232728,4.99999902821954,4.999999203493007,4.999999998847765,-4.99999856697318,4.99999999790414,-4.999999999114323,4.999999345067483,-4.999999499477468
99.0,231.0,129.8837127685547,4.999994292695391,-4.999998845510167,4.999998941659017,4.99999997024748,4.999999958592442,-4.999999788239671,4.999999932765025,-4.999999354893098,4.999999779118762,-4.9999996355304965
99.0,231.0,129.88369750976562,4.999999715336943,-4.999999966281545,4.999999382106655,4.999999339237378,4.999999996543513,-4.999999155092524,4.999999984429609,-4.999999948370068,4.999999869552524,-4.999999787907971
99.0,231.0,129.8837127685547,4.999999887249757,-4.999995295062325,4.999999435001985,4.999994433886448,4.999999528323592,-4.999999798042847,4.999999987802732,-4.999999466180903,4.999999931407436,-4.9999999997863
99.0,231.0,129.88369750976562,4.999997848523721,-4.999999984595642,4.999999999909912,4.99999967851701,4.999999771944335,-4.999999712500664,4.999999992428423,-4.999999855416005,4.999999988648389,-4.999999984603841
99.0,231.0,129.8837127685547,4.999994104445818,-4.99999969836027,4.999999934181264,4.999999439976996,4.999999980718933,-4.999998606837532,4.9999999939154005,-4.999999518780524,4.999999961959654,-4.999999698223537
99.0,231.0,129.8837127685547,4.999999991658655,-4.999999852399731,4.999997549458807,4.9999994765734455,4.999999950232271,-4.999998716382872,4.999998968465464,-4.9999988086468345,4.999999878857045,-4.9999999607841055
99.0,231.0,129.8837127685547,4.999998997692642,-4.999999722226606,4.999998100078956,4.999998878332375,4.999999986255273,-4.99999858141436,4.999999844021529,-4.999999992556514,4.999999895486772,-4.999999535087548
99.0,231.0,129.8837127685547,4.999995962356127,-4.999997778677022,4.999999611876204,4.999998612711648,4.999999674590121,-4.999999711134512,4.999999984511651,-4.999998719147538,4.999999841164487,-4.999999850196725
99.0,231.0,129.8837127685547,4.999999416961559,-4.999999983584205,4.999999176680758,4.999999979640223,4.999996252158734,-4.999999972856855,4.999999949975523,-4.9999994429312045,4.99999968032839,-4.999999484437556
99.0,231.0,129.8837127685547,4.999999334897865,-4.999993177131219,4.999995938891902,4.999999743728615,4.999999845818906,-4.999999997041836,4.999999865981054,-4.999999995918842,4.999999290953733,-4.999999998838668
99.0,231.0,129.88369750976562,4.999999741173489,-4.999999993582172,4.999999999451509,4.999999892613308,4.999999997414791,-4.999999237409626,4.999999987170426,-4.9999999152004815,4.9999999808456685,-4.999999794400818
99.0,231.0,129.8837127685547,4.9999997949570645,-4.999999960086038,4.999997308682025,4.999999018656059,4.999999027698371,-4.999998274729886,4.999999770139975,-4.999999998826946,4.999999828356362,-4.999999530717212
99.0,231.0,129.8837127685547,4.9999993979602895,-4.99999771552354,4.999998644807963,4.999998328331262,4.999999107951256,-4.999998925529819,4.999999997250527,-4.999999327456552,4.99999999998223,-4.9999996789431735
99.0,231.0,129.88369750976562,4.999999449943063,-4.999999303802615,4.99999999952307,4.99999808374537,4.999999732397546,-4.999999900600439,4.999999995394439,-4.999999632403084,4.999999983514357,-4.999999837905348
99.0,231.0,129.88369750976562,4.999998496912111,-4.999999989891806,4.999999909341342,4.999999344437173,4.999999434147933,-4.999999909920462,4.999999992076868,-4.999999998754437,4.999999997221336,-4.999999831367987
99.0,231.0,129.8837127685547,4.99999939344147,-4.999999981375739,4.9999968345378445,4.999999921074352,4.999999554367472,-4.999999373408759,4.999999857241042,-4.9999999999303935,4.999999301751899,-4.999999760137899
99.0,231.0,129.8837127685547,4.999998638110965,-4.99999991551967,4.99999682414086,4.99999999196101,4.999999976137614,-4.999998752784762,4.999999735236533,-4.999999998223117,4.999999904999811,-4.999999681055218
99.0,231.0,129.8837127685547,4.999999802626299,-4.999998069571356,4.999999556263097,4.999993604634852,4.999999782475753,-4.999999979553449,4.999999990922191,-4.999999228659716,4.999999945993382,-4.999999999918766
99.0,231.0,129.88369750976562,4.999999749665182,-4.99999996553812,4.999999998129521,4.999999986834452,4.9999999847226615,-4.999999424088628,4.99999998628288,-4.999999948152202,4.99999997081034,-4.999999862543062
99.0,231.0,129.8837127685547,4.99999113882883,-4.999999965174691,4.9999990000301375,4.99999931259196,4.999999936157908,-4.999999878605406,4.999999996349182,-4.999999994938526,4.9999991473229,-4.999999835384555
99.0,231.0,129.88369750976562,4.99999913198806,-4.999999236368906,4.999998539167445,4.999999994468097,4.999999623536006,-4.999999991689277,4.999999990784682,-4.999999999393535,4.9999999524299525,-4.999999802885343
99.0,231.0,129.88369750976562,4.999999707353453,-4.99999999068575,4.99999999888026,4.999999572208655,4.999999987071203,-4.999999514843929,4.99999998784261,-4.999999829391609,4.999999978103313,-4.999999862609295
99.0,231.0,129.88369750976562,4.99999818940679,-4.999999985169978,4.999999089173883,4.999999964357452,4.999999974671473,-4.999999821271656,4.999999981755144,-4.9999999031447455,4.999999730325605,-4.99999981956244
99.0,231.0,129.88369750976562,4.999996143607362,-4.999999953553816,4.999998824072994,4.999999963998286,4.999999998480842,-4.999999728901685,4.99999999707503,-4.999999915862702,4.999999785396371,-4.9999998143112885
99.0,231.0,129.8837127685547,4.999999248586048,-4.999999706812362,4.999999451236711,4.999999721243961,4.999999542023714,-4.999998442287932,4.99999890228966,-4.999999922187954,4.999999992343019,-4.999999940136682
99.0,231.0,129.8837127685547,4.999996907593699,-4.999999586517389,4.999998973633055,4.999998852752903,4.99999999469678,-4.999999803980837,4.999999469767564,-4.999999998188258,4.999999874087764,-4.999999837881337
99.0,231.0,129.8837127685547,4.999999028322488,-4.999999990616584,4.999997770283925,4.999999964374124,4.999997948920001,-4.999999976015771,4.999999411923747,-4.999999828386208,4.999999360873434,-4.999999598318734
99.0,231.0,129.8837127685547,4.999991088273316,-4.99999997538677,4.999998184185238,4.999999575212375,4.999999899549586,-4.999999384821575,4.9999998036721305,-4.99999999798358,4.999999481441437,-4.999999833617973
99.0,231.0,129.88369750976562,4.999998420522251,-4.999999998042998,4.999999914079867,4.999999601719067,4.99999956633628,-4.99999972375463,4.999999830678156,-4.999999856231142,4.999999825147508,-4.999999993947171
99.0,231.0,129.8837127685547,4.999999782108025,-4.999999966544069,4.999996652480769,4.999999838365124,4.999999564921504,-4.999999987153889,4.999999411735999,-4.999999999853391,4.999999138886788,-4.999999864163771
99.0,231.0,129.8837127685547,4.999999499487384,-4.999999580712922,4.999996074789276,4.999999675321238,4.99999950880523,-4.999999870832038,4.999999681123599,-4.999999991892221,4.999999372399474,-4.9999998364546805
99.0,231.0,129.8837127685547,4.999988604049286,-4.999999591729018,4.999999466754481,4.999999860323841,4.999999000701996,-4.999999971678153,4.999998904162835,-4.999999947360318,4.999999995753315,-4.999999995586588
99.0,232.0,129.8837127685547,4.999999831785784,-4.999999187876645,4.9999985654548045,4.999998785140219,4.999999932235369,-4.999998058670537,4.99999986467962,-4.999999999270015,4.999999990866595,-4.999999591346945
99.0,232.0,129.8837127685547,4.999997561683145,-4.999999979783185,4.999999192056432,4.99999995372192,4.999996368611175,-4.999999972530881,4.999999997690353,-4.9999996255560655,4.999999780611256,-4.99999945744467
99.0,232.0,129.88369750976562,4.999998675152282,-4.999999625946577,4.999999844447411,4.999999738929781,4.999999401137268,-4.999999966940284,4.999999990278488,-4.999999998950593,4.999999997990818,-4.999999837434982
99.0,232.0,129.88369750976562,4.999998616214041,-4.999999991523842,4.999999366109704,4.999999970762889,4.999999771127303,-4.999999910841129,4.999999994452367,-4.999999833078548,4.9999996812358765,-4.99999997513447
99.0,232.0,129.8837127685547,4.999999410657363,-4.999999930807812,4.999998367686694,4.999999631567844,4.9999999069641845,-4.999998694507363,4.999998923957276,-4.999999993284398,4.999999999974537,-4.999999733233347
99.0,232.0,129.8837127685547,4.999996934656673,-4.999999301598228,4.999999197424808,4.9999999211105495,4.999998260300799,-4.999999975246541,4.999999148174361,-4.99999994743579,4.99999968537608,-4.999999998374151
99.0,232.0,129.88369750976562,4.999995284099716,-4.999999993854802,4.999999176089284,4.999999887744916,4.999999984064953,-4.999999317150085,4.999999996228367,-4.9999998637642,4.999999826946553,-4.999999779491851
99.0,232.0,129.8837127685547,4.9999945460824895,-4.999999488872149,4.999999927288397,4.999999291349152,4.999999974614993,-4.9999991905678165,4.999999871982922,-4.9999999984419725,4.999999773530938,-4.999999728483137
99.0,232.0,129.88369750976562,4.999995840834285,-4.999999816936498,4.999999502284775,4.999999780348846,4.999999984336632,-4.9999993143547865,4.999999992522435,-4.9999998901283496,4.999999935636334,-4.999999969487007
99.0,232.0,129.8837127685547,4.999999475305442,-4.999999915767101,4.999998695242665,4.9999979961550025,4.999999998256698,-4.999998652575608,4.99999986827638,-4.999999998877703,4.999999571015307,-4.999999579212955
99.0,232.0,129.8837127685547,4.999993049771505,-4.999998648080991,4.99999900609634,4.999999436086756,4.999999974025618,-4.999999866245476,4.999999739028286,-4.99999935402203,4.999999952489902,-4.999999674402215
99.0,232.0,129.8837127685547,4.999995995259317,-4.999999923614847,4.999997505057657,4.999999993677881,4.999999997327427,-4.999999318733402,4.999999738888183,-4.9999999978090965,4.999999796331982,-4.999999749623314
99.0,232.0,129.88369750976562,4.999998606453361,-4.999999967097521,4.999999321861807,4.999999962717195,4.999999947661522,-4.999999789263498,4.99999999208419,-4.999999906501496,4.999999778015517,-4.999999847692139
99.0,232.0,129.8837127685547,4.999990446611381,-4.999998503143827,4.999998895441994,4.999999344355467,4.999999783362554,-4.999999986788438,4.999999999074546,-4.999999847902087,4.999999394155188,-4.999999743979785
99.0,232.0,129.88369750976562,4.999999680862515,-4.99999997561649,4.999999202349345,4.99999999429044,4.999999927730237,-4.999999920520677,4.999999988940113,-4.999999994608891,4.999999782866002,-4.999999903689904
99.0,232.0,129.8837127685547,4.999998101183509,-4.999996236718998,4.999998825945104,4.9999989964909375,4.999999783544061,-4.999998530690221,4.999999997953637,-4.999999514538807,4.999999813010492,-4.999999985414883
99.0,232.0,129.88369750976562,4.9999999314070624,-4.999999977164306,4.99999969515634,4.999999991326789,4.999999940856364,-4.999998869351892,4.999999987627247,-4.999999945700272,4.999999971660626,-4.999999810219067
99.0,232.0,129.8837127685547,4.999994853612056,-4.999999971232728,4.99999902821954,4.999999203493007,4.999999998847765,-4.99999856697318,4.99999999790414,-4.999999999114323,4.999999345067483,-4.999999499477468
99.0,232.0,129.88369750976562,4.999994036822713,-4.999999982175494,4.999999763997581,4.999999791426465,4.999999979222971,-4.999999826978064,4.999999954970688,-4.999999902171339,4.999999878648276,-4.999999856302477
99.0,232.0,129.88369750976562,4.999999715336943,-4.999999966281545,4.999999382106655,4.999999339237378,4.999999996543513,-4.999999155092524,4.999999984429609,-4.999999948370068,4.999999869552524,-4.999999787907971
99.0,232.0,129.88369750976562,4.999999887249757,-4.999999998812916,4.999999435001985,4.999999729158584,4.999999771087743,-4.999999963759121,4.999999998608711,-4.999999830162187,4.999999995460857,-4.999999986039774
99.0,232.0,129.88369750976562,4.999997848523721,-4.999999984595642,4.999999999909912,4.99999967851701,4.999999771944335,-4.999999712500664,4.999999992428423,-4.999999855416005,4.999999988648389,-4.999999984603841
99.0,232.0,129.8837127685547,4.999994104445818,-4.99999969836027,4.999999934181264,4.999999439976996,4.999999980718933,-4.999998606837532,4.9999999939154005,-4.999999518780524,4.999999961959654,-4.999999698223537
99.0,232.0,129.8837127685547,4.999999991658655,-4.999999852399731,4.999997549458807,4.9999994765734455,4.999999950232271,-4.999998716382872,4.999998968465464,-4.9999988086468345,4.999999878857045,-4.9999999607841055
99.0,232.0,129.8837127685547,4.999998997692642,-4.999999722226606,4.999998100078956,4.999998878332375,4.999999986255273,-4.99999858141436,4.999999844021529,-4.999999992556514,4.999999895486772,-4.999999535087548
99.0,232.0,129.8837127685547,4.999995962356127,-4.999997778677022,4.999999611876204,4.999998612711648,4.999999674590121,-4.999999711134512,4.999999984511651,-4.999998719147538,4.999999841164487,-4.999999850196725
99.0,232.0,129.8837127685547,4.999999416961559,-4.999999983584205,4.999999176680758,4.999999979640223,4.999996252158734,-4.999999972856855,4.999999949975523,-4.9999994429312045,4.99999968032839,-4.999999484437556
99.0,232.0,129.8837127685547,4.999999334897865,-4.999993177131219,4.999995938891902,4.999999743728615,4.999999845818906,-4.999999997041836,4.999999865981054,-4.999999995918842,4.999999290953733,-4.999999998838668
99.0,232.0,129.88369750976562,4.999999741173489,-4.999999993582172,4.999999999451509,4.999999892613308,4.999999997414791,-4.999999237409626,4.999999987170426,-4.9999999152004815,4.9999999808456685,-4.999999794400818
99.0,232.0,129.88369750976562,4.999999345207459,-4.999999993722049,4.9999998700453006,4.999999989117844,4.999999027698371,-4.9999999701882585,4.999999998324208,-4.999999646864791,4.999999830820786,-4.999999787047818
99.0,232.0,129.8837127685547,4.9999993979602895,-4.99999771552354,4.999998644807963,4.999998328331262,4.999999107951256,-4.999998925529819,4.999999997250527,-4.999999327456552,4.99999999998223,-4.9999996789431735
99.0,232.0,129.88369750976562,4.999999449943063,-4.999999303802615,4.99999999952307,4.99999808374537,4.999999732397546,-4.999999900600439,4.999999995394439,-4.999999632403084,4.999999983514357,-4.999999837905348
99.0,232.0,129.88369750976562,4.999998496912111,-4.999999989891806,4.999999909341342,4.999999344437173,4.999999434147933,-4.999999909920462,4.999999992076868,-4.999999998754437,4.999999997221336,-4.999999831367987
99.0,232.0,129.8837127685547,4.99999939344147,-4.999999981375739,4.9999968345378445,4.999999921074352,4.999999554367472,-4.999999373408759,4.999999857241042,-4.9999999999303935,4.999999301751899,-4.999999760137899
99.0,232.0,129.8837127685547,4.999998638110965,-4.99999991551967,4.99999682414086,4.99999999196101,4.999999976137614,-4.999998752784762,4.999999735236533,-4.999999998223117,4.999999904999811,-4.999999681055218
99.0,232.0,129.8837127685547,4.999999802626299,-4.999998069571356,4.999999556263097,4.999993604634852,4.999999782475753,-4.999999979553449,4.999999990922191,-4.999999228659716,4.999999945993382,-4.999999999918766
99.0,232.0,129.88369750976562,4.999999749665182,-4.99999996553812,4.999999998129521,4.999999986834452,4.9999999847226615,-4.999999424088628,4.99999998628288,-4.999999948152202,4.99999997081034,-4.999999862543062
99.0,232.0,129.8837127685547,4.99999113882883,-4.999999965174691,4.9999990000301375,4.99999931259196,4.999999936157908,-4.999999878605406,4.999999996349182,-4.999999994938526,4.9999991473229,-4.999999835384555
99.0,232.0,129.88369750976562,4.99999913198806,-4.999999236368906,4.999998539167445,4.999999994468097,4.999999623536006,-4.999999991689277,4.999999990784682,-4.999999999393535,4.9999999524299525,-4.999999802885343
99.0,232.0,129.88369750976562,4.999999707353453,-4.99999999068575,4.99999999888026,4.999999572208655,4.999999987071203,-4.999999514843929,4.99999998784261,-4.999999829391609,4.999999978103313,-4.999999862609295
99.0,232.0,129.88369750976562,4.99999818940679,-4.999999985169978,4.999999089173883,4.999999964357452,4.999999974671473,-4.999999821271656,4.999999981755144,-4.9999999031447455,4.999999730325605,-4.99999981956244
99.0,232.0,129.88369750976562,4.999996143607362,-4.999999953553816,4.999998824072994,4.999999963998286,4.999999998480842,-4.999999728901685,4.99999999707503,-4.999999915862702,4.999999785396371,-4.9999998143112885
99.0,232.0,129.88369750976562,4.99999747882021,-4.999999561244506,4.999997951442406,4.999999997257871,4.999999756577654,-4.9999999058399,4.9999999916249775,-4.999999999632848,4.99999985337096,-4.999999791088314
99.0,232.0,129.8837127685547,4.999996907593699,-4.999999586517389,4.999998973633055,4.999998852752903,4.99999999469678,-4.999999803980837,4.999999469767564,-4.999999998188258,4.999999874087764,-4.999999837881337
99.0,232.0,129.8837127685547,4.999999028322488,-4.999999990616584,4.999997770283925,4.999999964374124,4.999997948920001,-4.999999976015771,4.999999411923747,-4.999999828386208,4.999999360873434,-4.999999598318734
99.0,232.0,129.8837127685547,4.999991088273316,-4.99999997538677,4.999998184185238,4.999999575212375,4.999999899549586,-4.999999384821575,4.9999998036721305,-4.99999999798358,4.999999481441437,-4.999999833617973
99.0,232.0,129.88369750976562,4.999998420522251,-4.999999998042998,4.999999914079867,4.999999601719067,4.99999956633628,-4.99999972375463,4.999999830678156,-4.999999856231142,4.999999825147508,-4.999999993947171
99.0,232.0,129.8837127685547,4.999999782108025,-4.999999966544069,4.999996652480769,4.999999838365124,4.999999564921504,-4.999999987153889,4.999999411735999,-4.999999999853391,4.999999138886788,-4.999999864163771
99.0,232.0,129.8837127685547,4.999999499487384,-4.999999580712922,4.999996074789276,4.999999675321238,4.99999950880523,-4.999999870832038,4.999999681123599,-4.999999991892221,4.999999372399474,-4.9999998364546805
99.0,232.0,129.8837127685547,4.999988604049286,-4.999999591729018,4.999999466754481,4.999999860323841,4.999999000701996,-4.999999971678153,4.999998904162835,-4.999999947360318,4.999999995753315,-4.999999995586588
99.0,233.0,129.88369750976562,4.999998393049736,-4.9999999639205885,4.999999183393896,4.999999959514477,4.999999970001494,-4.999999744478762,4.999999985735578,-4.999999941534595,4.999999802560382,-4.999999769906124
99.0,233.0,129.8837127685547,4.999997561683145,-4.999999979783185,4.999999192056432,4.99999995372192,4.999996368611175,-4.999999972530881,4.999999997690353,-4.9999996255560655,4.999999780611256,-4.99999945744467
99.0,233.0,129.88369750976562,4.999998675152282,-4.999999625946577,4.999999844447411,4.999999738929781,4.999999401137268,-4.999999966940284,4.999999990278488,-4.999999998950593,4.999999997990818,-4.999999837434982
99.0,233.0,129.88369750976562,4.999998616214041,-4.999999991523842,4.999999366109704,4.999999970762889,4.999999771127303,-4.999999910841129,4.999999994452367,-4.999999833078548,4.9999996812358765,-4.99999997513447
99.0,233.0,129.88369750976562,4.999999325360284,-4.999999999795323,4.999999966222046,4.999999806679261,4.999999988963234,-4.999999477304353,4.999999997872225,-4.999999788228831,4.999999933757616,-4.999999938925822
99.0,233.0,129.8837127685547,4.999996934656673,-4.999999301598228,4.999999197424808,4.9999999211105495,4.999998260300799,-4.999999975246541,4.999999148174361,-4.99999994743579,4.99999968537608,-4.999999998374151
99.0,233.0,129.88369750976562,4.999995284099716,-4.999999993854802,4.999999176089284,4.999999887744916,4.999999984064953,-4.999999317150085,4.999999996228367,-4.9999998637642,4.999999826946553,-4.999999779491851
99.0,233.0,129.8837127685547,4.9999945460824895,-4.999999488872149,4.999999927288397,4.999999291349152,4.999999974614993,-4.9999991905678165,4.999999871982922,-4.9999999984419725,4.999999773530938,-4.999999728483137
99.0,233.0,129.88369750976562,4.999995840834285,-4.999999816936498,4.999999502284775,4.999999780348846,4.999999984336632,-4.9999993143547865,4.999999992522435,-4.9999998901283496,4.999999935636334,-4.999999969487007
99.0,233.0,129.8837127685547,4.999999475305442,-4.999999915767101,4.999998695242665,4.9999979961550025,4.999999998256698,-4.999998652575608,4.99999986827638,-4.999999998877703,4.999999571015307,-4.999999579212955
99.0,233.0,129.8837127685547,4.999993049771505,-4.999998648080991,4.99999900609634,4.999999436086756,4.999999974025618,-4.999999866245476,4.999999739028286,-4.99999935402203,4.999999952489902,-4.999999674402215
99.0,233.0,129.88369750976562,4.999996817192532,-4.9999999961486825,4.999999886712574,4.999999993677881,4.999999951972019,-4.99999999214729,4.999999993168378,-4.999999754364145,4.999999768412532,-4.9999999571282
99.0,233.0,129.88369750976562,4.999998606453361,-4.999999967097521,4.999999321861807,4.999999962717195,4.999999947661522,-4.999999789263498,4.99999999208419,-4.999999906501496,4.999999778015517,-4.999999847692139
99.0,233.0,129.8837127685547,4.999990446611381,-4.999998503143827,4.999998895441994,4.999999344355467,4.999999783362554,-4.999999986788438,4.999999999074546,-4.999999847902087,4.999999394155188,-4.999999743979785
99.0,233.0,129.88369750976562,4.999999680862515,-4.99999997561649,4.999999202349345,4.99999999429044,4.999999927730237,-4.999999920520677,4.999999988940113,-4.999999994608891,4.999999782866002,-4.999999903689904
99.0,233.0,129.88369750976562,4.999999183012706,-4.999999974235221,4.999999463986834,4.999999327473602,4.999999783544061,-4.99999915025275,4.999999987185736,-4.999999867604896,4.999999818737461,-4.999999985414883
99.0,233.0,129.88369750976562,4.9999999314070624,-4.999999977164306,4.99999969515634,4.999999991326789,4.999999940856364,-4.999998869351892,4.999999987627247,-4.999999945700272,4.999999971660626,-4.999999810219067
99.0,233.0,129.8837127685547,4.999994853612056,-4.999999971232728,4.99999902821954,4.999999203493007,4.999999998847765,-4.99999856697318,4.99999999790414,-4.999999999114323,4.999999345067483,-4.999999499477468
99.0,233.0,129.88369750976562,4.999994036822713,-4.999999982175494,4.999999763997581,4.999999791426465,4.999999979222971,-4.999999826978064,4.999999954970688,-4.999999902171339,4.999999878648276,-4.999999856302477
99.0,233.0,129.88369750976562,4.999999715336943,-4.999999966281545,4.999999382106655,4.999999339237378,4.999999996543513,-4.999999155092524,4.999999984429609,-4.999999948370068,4.999999869552524,-4.999999787907971
99.0,233.0,129.88369750976562,4.999999887249757,-4.999999998812916,4.999999435001985,4.999999729158584,4.999999771087743,-4.999999963759121,4.999999998608711,-4.999999830162187,4.999999995460857,-4.999999986039774
99.0,233.0,129.88369750976562,4.999997848523721,-4.999999984595642,4.999999999909912,4.99999967851701,4.999999771944335,-4.999999712500664,4.999999992428423,-4.999999855416005,4.999999988648389,-4.999999984603841
99.0,233.0,129.88369750976562,4.999999311338192,-4.99999968556676,4.999999999516432,4.999999920861966,4.999999834066658,-4.999999875062828,4.999999987501207,-4.999999934149787,4.99999999438496,-4.999999715451437
99.0,233.0,129.8837127685547,4.999999991658655,-4.999999852399731,4.999997549458807,4.9999994765734455,4.999999950232271,-4.999998716382872,4.999998968465464,-4.9999988086468345,4.999999878857045,-4.9999999607841055
99.0,233.0,129.8837127685547,4.999998997692642,-4.999999722226606,4.999998100078956,4.999998878332375,4.999999986255273,-4.99999858141436,4.999999844021529,-4.999999992556514,4.999999895486772,-4.999999535087548
99.0,233.0,129.88369750976562,4.999997794613169,-4.999999994968411,4.999999700250042,4.999999807635453,4.999999872574834,-4.999999711134512,4.9999999916002125,-4.999999831741189,4.999999772149894,-4.999999971336751
99.0,233.0,129.8837127685547,4.999999416961559,-4.999999983584205,4.999999176680758,4.999999979640223,4.999996252158734,-4.999999972856855,4.999999949975523,-4.9999994429312045,4.99999968032839,-4.999999484437556
99.0,233.0,129.8837127685547,4.999999334897865,-4.999993177131219,4.999995938891902,4.999999743728615,4.999999845818906,-4.999999997041836,4.999999865981054,-4.999999995918842,4.999999290953733,-4.999999998838668
99.0,233.0,129.88369750976562,4.999999741173489,-4.999999993582172,4.999999999451509,4.999999892613308,4.999999997414791,-4.999999237409626,4.999999987170426,-4.9999999152004815,4.9999999808456685,-4.999999794400818
99.0,233.0,129.88369750976562,4.999999345207459,-4.999999993722049,4.9999998700453006,4.999999989117844,4.999999027698371,-4.9999999701882585,4.999999998324208,-4.999999646864791,4.999999830820786,-4.999999787047818
99.0,233.0,129.8837127685547,4.9999993979602895,-4.99999771552354,4.999998644807963,4.999998328331262,4.999999107951256,-4.999998925529819,4.999999997250527,-4.999999327456552,4.99999999998223,-4.9999996789431735
99.0,233.0,129.88369750976562,4.999999449943063,-4.999999303802615,4.99999999952307,4.99999808374537,4.999999732397546,-4.999999900600439,4.999999995394439,-4.999999632403084,4.999999983514357,-4.999999837905348
99.0,233.0,129.88369750976562,4.999998496912111,-4.999999989891806,4.999999909341342,4.999999344437173,4.999999434147933,-4.999999909920462,4.999999992076868,-4.999999998754437,4.999999997221336,-4.999999831367987
99.0,233.0,129.8837127685547,4.99999939344147,-4.999999981375739,4.9999968345378445,4.999999921074352,4.999999554367472,-4.999999373408759,4.999999857241042,-4.9999999999303935,4.999999301751899,-4.999999760137899
99.0,233.0,129.8837127685547,4.999998638110965,-4.99999991551967,4.99999682414086,4.99999999196101,4.999999976137614,-4.999998752784762,4.999999735236533,-4.999999998223117,4.999999904999811,-4.999999681055218
99.0,233.0,129.8837127685547,4.999999802626299,-4.999998069571356,4.999999556263097,4.999993604634852,4.999999782475753,-4.999999979553449,4.999999990922191,-4.999999228659716,4.999999945993382,-4.999999999918766
99.0,233.0,129.88369750976562,4.999999749665182,-4.99999996553812,4.999999998129521,4.999999986834452,4.9999999847226615,-4.999999424088628,4.99999998628288,-4.999999948152202,4.99999997081034,-4.999999862543062
99.0,233.0,129.88369750976562,4.999999961330736,-4.999999986262006,4.9999990000301375,4.999999991826343,4.999999989788966,-4.999998795645917,4.999999996349182,-4.999999904308723,4.999999980174233,-4.99999979061049
99.0,233.0,129.88369750976562,4.99999913198806,-4.999999236368906,4.999998539167445,4.999999994468097,4.999999623536006,-4.999999991689277,4.999999990784682,-4.999999999393535,4.9999999524299525,-4.999999802885343
99.0,233.0,129.88369750976562,4.999999707353453,-4.99999999068575,4.99999999888026,4.999999572208655,4.999999987071203,-4.999999514843929,4.99999998784261,-4.999999829391609,4.999999978103313,-4.999999862609295
99.0,233.0,129.88369750976562,4.99999818940679,-4.999999985169978,4.999999089173883,4.999999964357452,4.999999974671473,-4.999999821271656,4.999999981755144,-4.9999999031447455,4.999999730325605,-4.99999981956244
99.0,233.0,129.88369750976562,4.999996143607362,-4.999999953553816,4.999998824072994,4.999999963998286,4.999999998480842,-4.999999728901685,4.99999999707503,-4.999999915862702,4.999999785396371,-4.9999998143112885
99.0,233.0,129.88369750976562,4.99999747882021,-4.999999561244506,4.999997951442406,4.999999997257871,4.999999756577654,-4.9999999058399,4.9999999916249775,-4.999999999632848,4.99999985337096,-4.999999791088314
99.0,233.0,129.8837127685547,4.999996907593699,-4.999999586517389,4.999998973633055,4.999998852752903,4.99999999469678,-4.999999803980837,4.999999469767564,-4.999999998188258,4.999999874087764,-4.999999837881337
99.0,233.0,129.8837127685547,4.999999028322488,-4.999999990616584,4.999997770283925,4.999999964374124,4.999997948920001,-4.999999976015771,4.999999411923747,-4.999999828386208,4.999999360873434,-4.999999598318734
99.0,233.0,129.8837127685547,4.999991088273316,-4.99999997538677,4.999998184185238,4.999999575212375,4.999999899549586,-4.999999384821575,4.9999998036721305,-4.99999999798358,4.999999481441437,-4.999999833617973
99.0,233.0,129.88369750976562,4.999998420522251,-4.999999998042998,4.999999914079867,4.999999601719067,4.99999956633628,-4.99999972375463,4.999999830678156,-4.999999856231142,4.999999825147508,-4.999999993947171
99.0,233.0,129.8837127685547,4.999999782108025,-4.999999966544069,4.999996652480769,4.999999838365124,4.999999564921504,-4.999999987153889,4.999999411735999,-4.999999999853391,4.999999138886788,-4.999999864163771
99.0,233.0,129.8837127685547,4.999999499487384,-4.999999580712922,4.999996074789276,4.999999675321238,4.99999950880523,-4.999999870832038,4.999999681123599,-4.999999991892221,4.999999372399474,-4.9999998364546805
99.0,233.0,129.88369750976562,4.999996699700624,-4.999999015401074,4.999999318968296,4.999999824358751,4.9999996573614105,-4.999999992908959,4.999999994666214,-4.999999999504531,4.999999995753315,-4.999999800510238
99.0,234.0,129.88369750976562,4.999998393049736,-4.9999999639205885,4.999999183393896,4.999999959514477,4.999999970001494,-4.999999744478762,4.999999985735578,-4.999999941534595,4.999999802560382,-4.999999769906124
99.0,234.0,129.8837127685547,4.999997561683145,-4.999999979783185,4.999999192056432,4.99999995372192,4.999996368611175,-4.999999972530881,4.999999997690353,-4.9999996255560655,4.999999780611256,-4.99999945744467
99.0,234.0,129.88369750976562,4.999998675152282,-4.999999625946577,4.999999844447411,4.999999738929781,4.999999401137268,-4.999999966940284,4.999999990278488,-4.999999998950593,4.999999997990818,-4.999999837434982
99.0,234.0,129.88369750976562,4.999998616214041,-4.999999991523842,4.999999366109704,4.999999970762889,4.999999771127303,-4.999999910841129,4.999999994452367,-4.999999833078548,4.9999996812358765,-4.99999997513447
99.0,234.0,129.88369750976562,4.999999325360284,-4.999999999795323,4.999999966222046,4.999999806679261,4.999999988963234,-4.999999477304353,4.999999997872225,-4.999999788228831,4.999999933757616,-4.999999938925822
99.0,234.0,129.88369750976562,4.999999043189739,-4.999999989710178,4.999999744927569,4.9999999542146,4.999999990192108,-4.999999519371047,4.999999998849224,-4.9999998180231575,4.999999975233592,-4.999999786528934
99.0,234.0,129.88369750976562,4.999995284099716,-4.999999993854802,4.999999176089284,4.999999887744916,4.999999984064953,-4.999999317150085,4.999999996228367,-4.9999998637642,4.999999826946553,-4.999999779491851
99.0,234.0,129.88369750976562,4.999999650356557,-4.999999999825788,4.999999466478899,4.999999842161449,4.999999995023709,-4.9999989375958975,4.999999998979735,-4.999999773308298,4.999999926652253,-4.999999976505348
99.0,234.0,129.88369750976562,4.999995840834285,-4.999999816936498,4.999999502284775,4.999999780348846,4.999999984336632,-4.9999993143547865,4.999999992522435,-4.9999998901283496,4.999999935636334,-4.999999969487007
99.0,234.0,129.88369750976562,4.99999995878383,-4.999999975442021,4.999999528086171,4.999999993221739,4.9999998901326,-4.999998969205199,4.999999989053324,-4.999999946368952,4.999999926203617,-4.999999812117926
99.0,234.0,129.8837127685547,4.999993049771505,-4.999998648080991,4.99999900609634,4.999999436086756,4.999999974025618,-4.999999866245476,4.999999739028286,-4.99999935402203,4.999999952489902,-4.999999674402215
99.0,234.0,129.88369750976562,4.999996817192532,-4.9999999961486825,4.999999886712574,4.999999993677881,4.999999951972019,-4.99999999214729,4.999999993168378,-4.999999754364145,4.999999768412532,-4.9999999571282
99.0,234.0,129.88369750976562,4.999998606453361,-4.999999967097521,4.999999321861807,4.999999962717195,4.999999947661522,-4.999999789263498,4.99999999208419,-4.999999906501496,4.999999778015517,-4.999999847692139
99.0,234.0,129.8837127685547,4.999990446611381,-4.999998503143827,4.999998895441994,4.999999344355467,4.999999783362554,-4.999999986788438,4.999999999074546,-4.999999847902087,4.999999394155188,-4.999999743979785
99.0,234.0,129.88369750976562,4.999999680862515,-4.99999997561649,4.999999202349345,4.99999999429044,4.999999927730237,-4.999999920520677,4.999999988940113,-4.999999994608891,4.999999782866002,-4.999999903689904
99.0,234.0,129.88369750976562,4.999999183012706,-4.999999974235221,4.999999463986834,4.999999327473602,4.999999783544061,-4.99999915025275,4.999999987185736,-4.999999867604896,4.999999818737461,-4.999999985414883
99.0,234.0,129.88369750976562,4.9999999314070624,-4.999999977164306,4.99999969515634,4.999999991326789,4.999999940856364,-4.999998869351892,4.999999987627247,-4.999999945700272,4.999999971660626,-4.999999810219067
99.0,234.0,129.8837127685547,4.999994853612056,-4.999999971232728,4.99999902821954,4.999999203493007,4.999999998847765,-4.99999856697318,4.99999999790414,-4.999999999114323,4.999999345067483,-4.999999499477468
99.0,234.0,129.88369750976562,4.999994036822713,-4.999999982175494,4.999999763997581,4.999999791426465,4.999999979222971,-4.999999826978064,4.999999954970688,-4.999999902171339,4.999999878648276,-4.999999856302477
99.0,234.0,129.88369750976562,4.999999715336943,-4.999999966281545,4.999999382106655,4.999999339237378,4.999999996543513,-4.999999155092524,4.999999984429609,-4.999999948370068,4.999999869552524,-4.999999787907971
99.0,234.0,129.88369750976562,4.999999887249757,-4.999999998812916,4.999999435001985,4.999999729158584,4.999999771087743,-4.999999963759121,4.999999998608711,-4.999999830162187,4.999999995460857,-4.999999986039774
99.0,234.0,129.88369750976562,4.999997848523721,-4.999999984595642,4.999999999909912,4.99999967851701,4.999999771944335,-4.999999712500664,4.999999992428423,-4.999999855416005,4.999999988648389,-4.999999984603841
99.0,234.0,129.88369750976562,4.999999311338192,-4.99999968556676,4.999999999516432,4.999999920861966,4.999999834066658,-4.999999875062828,4.999999987501207,-4.999999934149787,4.99999999438496,-4.999999715451437
99.0,234.0,129.8837127685547,4.999999991658655,-4.999999852399731,4.999997549458807,4.9999994765734455,4.999999950232271,-4.999998716382872,4.999998968465464,-4.9999988086468345,4.999999878857045,-4.9999999607841055
99.0,234.0,129.88369750976562,4.999998997692642,-4.99999960768909,4.99999923965388,4.999999354472283,4.999999809071095,-4.99999928648632,4.999999981284434,-4.999999990135484,4.999999895486772,-4.9999997821949975
99.0,234.0,129.88369750976562,4.999997794613169,-4.999999994968411,4.999999700250042,4.999999807635453,4.999999872574834,-4.999999711134512,4.9999999916002125,-4.999999831741189,4.999999772149894,-4.999999971336751
99.0,234.0,129.8837127685547,4.999999416961559,-4.999999983584205,4.999999176680758,4.999999979640223,4.999996252158734,-4.999999972856855,4.999999949975523,-4.9999994429312045,4.99999968032839,-4.999999484437556
99.0,234.0,129.8837127685547,4.999999334897865,-4.999993177131219,4.999995938891902,4.999999743728615,4.999999845818906,-4.999999997041836,4.999999865981054,-4.999999995918842,4.999999290953733,-4.999999998838668
99.0,234.0,129.88369750976562,4.999999741173489,-4.999999993582172,4.999999999451509,4.999999892613308,4.999999997414791,-4.999999237409626,4.999999987170426,-4.9999999152004815,4.9999999808456685,-4.999999794400818
99.0,234.0,129.88369750976562,4.999999345207459,-4.999999993722049,4.9999998700453006,4.999999989117844,4.999999027698371,-4.9999999701882585,4.999999998324208,-4.999999646864791,4.999999830820786,-4.999999787047818
99.0,234.0,129.8837127685547,4.9999993979602895,-4.99999771552354,4.999998644807963,4.999998328331262,4.999999107951256,-4.999998925529819,4.999999997250527,-4.999999327456552,4.99999999998223,-4.9999996789431735
99.0,234.0,129.88369750976562,4.999999449943063,-4.999999303802615,4.99999999952307,4.99999808374537,4.999999732397546,-4.999999900600439,4.999999995394439,-4.999999632403084,4.999999983514357,-4.999999837905348
99.0,234.0,129.88369750976562,4.999998496912111,-4.999999989891806,4.999999909341342,4.999999344437173,4.999999434147933,-4.999999909920462,4.999999992076868,-4.999999998754437,4.999999997221336,-4.999999831367987
99.0,234.0,129.8837127685547,4.99999939344147,-4.999999981375739,4.9999968345378445,4.999999921074352,4.999999554367472,-4.999999373408759,4.999999857241042,-4.9999999999303935,4.999999301751899,-4.999999760137899
99.0,234.0,129.8837127685547,4.999998638110965,-4.99999991551967,4.99999682414086,4.99999999196101,4.999999976137614,-4.999998752784762,4.999999735236533,-4.999999998223117,4.999999904999811,-4.999999681055218
99.0,234.0,129.8837127685547,4.999999802626299,-4.999998069571356,4.999999556263097,4.999993604634852,4.999999782475753,-4.999999979553449,4.999999990922191,-4.999999228659716,4.999999945993382,-4.999999999918766
99.0,234.0,129.88369750976562,4.999999749665182,-4.99999996553812,4.999999998129521,4.999999986834452,4.9999999847226615,-4.999999424088628,4.99999998628288,-4.999999948152202,4.99999997081034,-4.999999862543062
99.0,234.0,129.88369750976562,4.999999961330736,-4.999999986262006,4.9999990000301375,4.999999991826343,4.999999989788966,-4.999998795645917,4.999999996349182,-4.999999904308723,4.999999980174233,-4.99999979061049
99.0,234.0,129.88369750976562,4.99999913198806,-4.999999236368906,4.999998539167445,4.999999994468097,4.999999623536006,-4.999999991689277,4.999999990784682,-4.999999999393535,4.9999999524299525,-4.999999802885343
99.0,234.0,129.88369750976562,4.999999707353453,-4.99999999068575,4.99999999888026,4.999999572208655,4.999999987071203,-4.999999514843929,4.99999998784261,-4.999999829391609,4.999999978103313,-4.999999862609295
99.0,234.0,129.88369750976562,4.99999818940679,-4.999999985169978,4.999999089173883,4.999999964357452,4.999999974671473,-4.999999821271656,4.999999981755144,-4.9999999031447455,4.999999730325605,-4.99999981956244
99.0,234.0,129.88369750976562,4.999996143607362,-4.999999953553816,4.999998824072994,4.999999963998286,4.999999998480842,-4.999999728901685,4.99999999707503,-4.999999915862702,4.999999785396371,-4.9999998143112885
99.0,234.0,129.88369750976562,4.99999747882021,-4.999999561244506,4.999997951442406,4.999999997257871,4.999999756577654,-4.9999999058399,4.9999999916249775,-4.999999999632848,4.99999985337096,-4.999999791088314
99.0,234.0,129.8837127685547,4.999996907593699,-4.999999586517389,4.999998973633055,4.999998852752903,4.99999999469678,-4.999999803980837,4.999999469767564,-4.999999998188258,4.999999874087764,-4.999999837881337
99.0,234.0,129.88369750976562,4.999997723464944,-4.999999914316026,4.999998346539417,4.999999997561368,4.999999906517921,-4.999999996434336,4.999999992304069,-4.999999999784648,4.999999851110273,-4.999999944636614
99.0,234.0,129.8837127685547,4.999991088273316,-4.99999997538677,4.999998184185238,4.999999575212375,4.999999899549586,-4.999999384821575,4.9999998036721305,-4.99999999798358,4.999999481441437,-4.999999833617973
99.0,234.0,129.88369750976562,4.999998420522251,-4.999999998042998,4.999999914079867,4.999999601719067,4.99999956633628,-4.99999972375463,4.999999830678156,-4.999999856231142,4.999999825147508,-4.999999993947171
99.0,234.0,129.8837127685547,4.999999782108025,-4.999999966544069,4.999996652480769,4.999999838365124,4.999999564921504,-4.999999987153889,4.999999411735999,-4.999999999853391,4.999999138886788,-4.999999864163771
99.0,234.0,129.88369750976562,4.999999499487384,-4.9999999793994485,4.999999999002201,4.999999997605267,4.99999950880523,-4.999998865370355,4.999999980559231,-4.999999997051294,4.999999998987393,-4.999999895662702
99.0,234.0,129.88369750976562,4.999996699700624,-4.999999015401074,4.999999318968296,4.999999824358751,4.9999996573614105,-4.999999992908959,4.999999994666214,-4.999999999504531,4.999999995753315,-4.999999800510238
99.0,235.0,129.88369750976562,4.999998393049736,-4.9999999639205885,4.999999183393896,4.999999959514477,4.999999970001494,-4.999999744478762,4.999999985735578,-4.999999941534595,4.999999802560382,-4.999999769906124
99.0,235.0,129.88369750976562,4.999999951906325,-4.999998898814851,4.999999972812911,4.99999889734371,4.999999336994564,-4.999999972530881,4.999999999740183,-4.999999494778904,4.999999998780333,-4.999999984983752
99.0,235.0,129.88369750976562,4.999998675152282,-4.999999625946577,4.999999844447411,4.999999738929781,4.999999401137268,-4.999999966940284,4.999999990278488,-4.999999998950593,4.999999997990818,-4.999999837434982
99.0,235.0,129.88369750976562,4.999998616214041,-4.999999991523842,4.999999366109704,4.999999970762889,4.999999771127303,-4.999999910841129,4.999999994452367,-4.999999833078548,4.9999996812358765,-4.99999997513447
99.0,235.0,129.88369750976562,4.999999325360284,-4.999999999795323,4.999999966222046,4.999999806679261,4.999999988963234,-4.999999477304353,4.999999997872225,-4.999999788228831,4.999999933757616,-4.999999938925822
99.0,235.0,129.88369750976562,4.999999043189739,-4.999999989710178,4.999999744927569,4.9999999542146,4.999999990192108,-4.999999519371047,4.999999998849224,-4.9999998180231575,4.999999975233592,-4.999999786528934
99.0,235.0,129.88369750976562,4.999995284099716,-4.999999993854802,4.999999176089284,4.999999887744916,4.999999984064953,-4.999999317150085,4.999999996228367,-4.9999998637642,4.999999826946553,-4.999999779491851
99.0,235.0,129.88369750976562,4.999999650356557,-4.999999999825788,4.999999466478899,4.999999842161449,4.999999995023709,-4.9999989375958975,4.999999998979735,-4.999999773308298,4.999999926652253,-4.999999976505348
99.0,235.0,129.88369750976562,4.999995840834285,-4.999999816936498,4.999999502284775,4.999999780348846,4.999999984336632,-4.9999993143547865,4.999999992522435,-4.9999998901283496,4.999999935636334,-4.999999969487007
99.0,235.0,129.88369750976562,4.99999995878383,-4.999999975442021,4.999999528086171,4.999999993221739,4.9999998901326,-4.999998969205199,4.999999989053324,-4.999999946368952,4.999999926203617,-4.999999812117926
99.0,235.0,129.8837127685547,4.999993049771505,-4.999998648080991,4.99999900609634,4.999999436086756,4.999999974025618,-4.999999866245476,4.999999739028286,-4.99999935402203,4.999999952489902,-4.999999674402215
99.0,235.0,129.88369750976562,4.999996817192532,-4.9999999961486825,4.999999886712574,4.999999993677881,4.999999951972019,-4.99999999214729,4.999999993168378,-4.999999754364145,4.999999768412532,-4.9999999571282
99.0,235.0,129.88369750976562,4.999998606453361,-4.999999967097521,4.999999321861807,4.999999962717195,4.999999947661522,-4.999999789263498,4.99999999208419,-4.999999906501496,4.999999778015517,-4.999999847692139
99.0,235.0,129.88369750976562,4.99999794567742,-4.999999745982114,4.9999981791936365,4.999999999930876,4.999999822470288,-4.999999697272686,4.999999994796385,-4.999999977415241,4.999999891457886,-4.999999805100348
99.0,235.0,129.88369750976562,4.999999680862515,-4.99999997561649,4.999999202349345,4.99999999429044,4.999999927730237,-4.999999920520677,4.999999988940113,-4.999999994608891,4.999999782866002,-4.999999903689904
99.0,235.0,129.88369750976562,4.999999183012706,-4.999999974235221,4.999999463986834,4.999999327473602,4.999999783544061,-4.99999915025275,4.999999987185736,-4.999999867604896,4.999999818737461,-4.999999985414883
99.0,235.0,129.88369750976562,4.9999999314070624,-4.999999977164306,4.99999969515634,4.999999991326789,4.999999940856364,-4.999998869351892,4.999999987627247,-4.999999945700272,4.999999971660626,-4.999999810219067
99.0,235.0,129.8837127685547,4.999994853612056,-4.999999971232728,4.99999902821954,4.999999203493007,4.999999998847765,-4.99999856697318,4.99999999790414,-4.999999999114323,4.999999345067483,-4.999999499477468
99.0,235.0,129.88369750976562,4.999994036822713,-4.999999982175494,4.999999763997581,4.999999791426465,4.999999979222971,-4.999999826978064,4.999999954970688,-4.999999902171339,4.999999878648276,-4.999999856302477
99.0,235.0,129.88369750976562,4.999999715336943,-4.999999966281545,4.999999382106655,4.999999339237378,4.999999996543513,-4.999999155092524,4.999999984429609,-4.999999948370068,4.999999869552524,-4.999999787907971
99.0,235.0,129.88369750976562,4.999999887249757,-4.999999998812916,4.999999435001985,4.999999729158584,4.999999771087743,-4.999999963759121,4.999999998608711,-4.999999830162187,4.999999995460857,-4.999999986039774
99.0,235.0,129.88369750976562,4.999997848523721,-4.999999984595642,4.999999999909912,4.99999967851701,4.999999771944335,-4.999999712500664,4.999999992428423,-4.999999855416005,4.999999988648389,-4.999999984603841
99.0,235.0,129.88369750976562,4.999999311338192,-4.99999968556676,4.999999999516432,4.999999920861966,4.999999834066658,-4.999999875062828,4.999999987501207,-4.999999934149787,4.99999999438496,-4.999999715451437
99.0,235.0,129.8837127685547,4.999999991658655,-4.999999852399731,4.999997549458807,4.9999994765734455,4.999999950232271,-4.999998716382872,4.999998968465464,-4.9999988086468345,4.999999878857045,-4.9999999607841055
99.0,235.0,129.88369750976562,4.999998997692642,-4.99999960768909,4.99999923965388,4.999999354472283,4.999999809071095,-4.99999928648632,4.999999981284434,-4.999999990135484,4.999999895486772,-4.9999997821949975
99.0,235.0,129.88369750976562,4.999997794613169,-4.999999994968411,4.999999700250042,4.999999807635453,4.999999872574834,-4.999999711134512,4.9999999916002125,-4.999999831741189,4.999999772149894,-4.999999971336751
99.0,235.0,129.88369750976562,4.999999416961559,-4.9999998192065975,4.9999998301616175,4.99999977527742,4.999999992096949,-4.999999163404482,4.999999997241344,-4.999999847567556,4.999999974221716,-4.999999952970255
99.0,235.0,129.88369750976562,4.999999981170396,-4.9999997823737,4.999998498843815,4.999999843951444,4.999999897326526,-4.999998894442202,4.999999998208035,-4.999999895942649,4.9999999691314665,-4.9999998934854055
99.0,235.0,129.88369750976562,4.999999741173489,-4.999999993582172,4.999999999451509,4.999999892613308,4.999999997414791,-4.999999237409626,4.999999987170426,-4.9999999152004815,4.9999999808456685,-4.999999794400818
99.0,235.0,129.88369750976562,4.999999345207459,-4.999999993722049,4.9999998700453006,4.999999989117844,4.999999027698371,-4.9999999701882585,4.999999998324208,-4.999999646864791,4.999999830820786,-4.999999787047818
99.0,235.0,129.8837127685547,4.9999993979602895,-4.99999771552354,4.999998644807963,4.999998328331262,4.999999107951256,-4.999998925529819,4.999999997250527,-4.999999327456552,4.99999999998223,-4.9999996789431735
99.0,235.0,129.88369750976562,4.999999449943063,-4.999999303802615,4.99999999952307,4.99999808374537,4.999999732397546,-4.999999900600439,4.999999995394439,-4.999999632403084,4.999999983514357,-4.999999837905348
99.0,235.0,129.88369750976562,4.999998496912111,-4.999999989891806,4.999999909341342,4.999999344437173,4.999999434147933,-4.999999909920462,4.999999992076868,-4.999999998754437,4.999999997221336,-4.999999831367987
99.0,235.0,129.8837127685547,4.99999939344147,-4.999999981375739,4.9999968345378445,4.999999921074352,4.999999554367472,-4.999999373408759,4.999999857241042,-4.9999999999303935,4.999999301751899,-4.999999760137899
99.0,235.0,129.8837127685547,4.999998638110965,-4.99999991551967,4.99999682414086,4.99999999196101,4.999999976137614,-4.999998752784762,4.999999735236533,-4.999999998223117,4.999999904999811,-4.999999681055218
99.0,235.0,129.8837127685547,4.999999802626299,-4.999998069571356,4.999999556263097,4.999993604634852,4.999999782475753,-4.999999979553449,4.999999990922191,-4.999999228659716,4.999999945993382,-4.999999999918766
99.0,235.0,129.88369750976562,4.999999749665182,-4.99999996553812,4.999999998129521,4.999999986834452,4.9999999847226615,-4.999999424088628,4.99999998628288,-4.999999948152202,4.99999997081034,-4.999999862543062
99.0,235.0,129.88369750976562,4.999999961330736,-4.999999986262006,4.9999990000301375,4.999999991826343,4.999999989788966,-4.999998795645917,4.999999996349182,-4.999999904308723,4.999999980174233,-4.99999979061049
99.0,235.0,129.88369750976562,4.99999913198806,-4.999999236368906,4.999998539167445,4.999999994468097,4.999999623536006,-4.999999991689277,4.999999990784682,-4.999999999393535,4.9999999524299525,-4.999999802885343
99.0,235.0,129.88369750976562,4.999999707353453,-4.99999999068575,4.99999999888026,4.999999572208655,4.999999987071203,-4.999999514843929,4.99999998784261,-4.999999829391609,4.999999978103313,-4.999999862609295
99.0,235.0,129.88369750976562,4.99999818940679,-4.999999985169978,4.999999089173883,4.999999964357452,4.999999974671473,-4.999999821271656,4.999999981755144,-4.9999999031447455,4.999999730325605,-4.99999981956244
99.0,235.0,129.88369750976562,4.999996143607362,-4.999999953553816,4.999998824072994,4.999999963998286,4.999999998480842,-4.999999728901685,4.99999999707503,-4.999999915862702,4.999999785396371,-4.9999998143112885
99.0,235.0,129.88369750976562,4.99999747882021,-4.999999561244506,4.999997951442406,4.999999997257871,4.999999756577654,-4.9999999058399,4.9999999916249775,-4.999999999632848,4.99999985337096,-4.999999791088314
99.0,235.0,129.88369750976562,4.999999438487697,-4.999999796627321,4.999999776709867,4.999999687578283,4.999999902695179,-4.999999504039164,4.999999991377257,-4.999999881208799,4.999999989253658,-4.999999787880507
99.0,235.0,129.88369750976562,4.999997723464944,-4.999999914316026,4.999998346539417,4.999999997561368,4.999999906517921,-4.999999996434336,4.999999992304069,-4.999999999784648,4.999999851110273,-4.999999944636614
99.0,235.0,129.8837127685547,4.999991088273316,-4.99999997538677,4.999998184185238,4.999999575212375,4.999999899549586,-4.999999384821575,4.9999998036721305,-4.99999999798358,4.999999481441437,-4.999999833617973
99.0,235.0,129.88369750976562,4.999998420522251,-4.999999998042998,4.999999914079867,4.999999601719067,4.99999956633628,-4.99999972375463,4.999999830678156,-4.999999856231142,4.999999825147508,-4.999999993947171
99.0,235.0,129.8837127685547,4.999999782108025,-4.999999966544069,4.999996652480769,4.999999838365124,4.999999564921504,-4.999999987153889,4.999999411735999,-4.999999999853391,4.999999138886788,-4.999999864163771
99.0,235.0,129.88369750976562,4.999999499487384,-4.9999999793994485,4.999999999002201,4.999999997605267,4.99999950880523,-4.999998865370355,4.999999980559231,-4.999999997051294,4.999999998987393,-4.999999895662702
99.0,235.0,129.88369750976562,4.999996699700624,-4.999999015401074,4.999999318968296,4.999999824358751,4.9999996573614105,-4.999999992908959,4.999999994666214,-4.999999999504531,4.999999995753315,-4.999999800510238
99.0,236.0,129.88369750976562,4.999998393049736,-4.9999999639205885,4.999999183393896,4.999999959514477,4.999999970001494,-4.999999744478762,4.999999985735578,-4.999999941534595,4.999999802560382,-4.999999769906124
99.0,236.0,129.88369750976562,4.999999951906325,-4.999998898814851,4.999999972812911,4.99999889734371,4.999999336994564,-4.999999972530881,4.999999999740183,-4.999999494778904,4.999999998780333,-4.999999984983752
99.0,236.0,129.88369750976562,4.999998675152282,-4.999999625946577,4.999999844447411,4.999999738929781,4.999999401137268,-4.999999966940284,4.999999990278488,-4.999999998950593,4.999999997990818,-4.999999837434982
99.0,236.0,129.88369750976562,4.999998616214041,-4.999999991523842,4.999999366109704,4.999999970762889,4.999999771127303,-4.999999910841129,4.999999994452367,-4.999999833078548,4.9999996812358765,-4.99999997513447
99.0,236.0,129.88369750976562,4.999999325360284,-4.999999999795323,4.999999966222046,4.999999806679261,4.999999988963234,-4.999999477304353,4.999999997872225,-4.999999788228831,4.999999933757616,-4.999999938925822
99.0,236.0,129.88369750976562,4.999999043189739,-4.999999989710178,4.999999744927569,4.9999999542146,4.999999990192108,-4.999999519371047,4.999999998849224,-4.9999998180231575,4.999999975233592,-4.999999786528934
99.0,236.0,129.88369750976562,4.999995284099716,-4.999999993854802,4.999999176089284,4.999999887744916,4.999999984064953,-4.999999317150085,4.999999996228367,-4.9999998637642,4.999999826946553,-4.999999779491851
99.0,236.0,129.88369750976562,4.999999650356557,-4.999999999825788,4.999999466478899,4.999999842161449,4.999999995023709,-4.9999989375958975,4.999999998979735,-4.999999773308298,4.999999926652253,-4.999999976505348
99.0,236.0,129.88369750976562,4.999995840834285,-4.999999816936498,4.999999502284775,4.999999780348846,4.999999984336632,-4.9999993143547865,4.999999992522435,-4.9999998901283496,4.999999935636334,-4.999999969487007
99.0,236.0,129.88369750976562,4.99999995878383,-4.999999975442021,4.999999528086171,4.999999993221739,4.9999998901326,-4.999998969205199,4.999999989053324,-4.999999946368952,4.999999926203617,-4.999999812117926
99.0,236.0,129.8837127685547,4.999993049771505,-4.999998648080991,4.99999900609634,4.999999436086756,4.999999974025618,-4.999999866245476,4.999999739028286,-4.99999935402203,4.999999952489902,-4.999999674402215
99.0,236.0,129.88369750976562,4.999996817192532,-4.9999999961486825,4.999999886712574,4.999999993677881,4.999999951972019,-4.99999999214729,4.999999993168378,-4.999999754364145,4.999999768412532,-4.9999999571282
99.0,236.0,129.88369750976562,4.999998606453361,-4.999999967097521,4.999999321861807,4.999999962717195,4.999999947661522,-4.999999789263498,4.99999999208419,-4.999999906501496,4.999999778015517,-4.999999847692139
99.0,236.0,129.88369750976562,4.99999794567742,-4.999999745982114,4.9999981791936365,4.999999999930876,4.999999822470288,-4.999999697272686,4.999999994796385,-4.999999977415241,4.999999891457886,-4.999999805100348
99.0,236.0,129.88369750976562,4.999999680862515,-4.99999997561649,4.999999202349345,4.99999999429044,4.999999927730237,-4.999999920520677,4.999999988940113,-4.999999994608891,4.999999782866002,-4.999999903689904
99.0,236.0,129.88369750976562,4.999999183012706,-4.999999974235221,4.999999463986834,4.999999327473602,4.999999783544061,-4.99999915025275,4.999999987185736,-4.999999867604896,4.999999818737461,-4.999999985414883
99.0,236.0,129.88369750976562,4.9999999314070624,-4.999999977164306,4.99999969515634,4.999999991326789,4.999999940856364,-4.999998869351892,4.999999987627247,-4.999999945700272,4.999999971660626,-4.999999810219067
99.0,236.0,129.8837127685547,4.999994853612056,-4.999999971232728,4.99999902821954,4.999999203493007,4.999999998847765,-4.99999856697318,4.99999999790414,-4.999999999114323,4.999999345067483,-4.999999499477468
99.0,236.0,129.88369750976562,4.999994036822713,-4.999999982175494,4.999999763997581,4.999999791426465,4.999999979222971,-4.999999826978064,4.999999954970688,-4.999999902171339,4.999999878648276,-4.999999856302477
99.0,236.0,129.88369750976562,4.999999715336943,-4.999999966281545,4.999999382106655,4.999999339237378,4.999999996543513,-4.999999155092524,4.999999984429609,-4.999999948370068,4.999999869552524,-4.999999787907971
99.0,236.0,129.88369750976562,4.999999887249757,-4.999999998812916,4.999999435001985,4.999999729158584,4.999999771087743,-4.999999963759121,4.999999998608711,-4.999999830162187,4.999999995460857,-4.999999986039774
99.0,236.0,129.88369750976562,4.999997848523721,-4.999999984595642,4.999999999909912,4.99999967851701,4.999999771944335,-4.999999712500664,4.999999992428423,-4.999999855416005,4.999999988648389,-4.999999984603841
99.0,236.0,129.88369750976562,4.999999311338192,-4.99999968556676,4.999999999516432,4.999999920861966,4.999999834066658,-4.999999875062828,4.999999987501207,-4.999999934149787,4.99999999438496,-4.999999715451437
99.0,236.0,129.8837127685547,4.999999991658655,-4.999999852399731,4.999997549458807,4.9999994765734455,4.999999950232271,-4.999998716382872,4.999998968465464,-4.9999988086468345,4.999999878857045,-4.9999999607841055
99.0,236.0,129.88369750976562,4.999998997692642,-4.99999960768909,4.99999923965388,4.999999354472283,4.999999809071095,-4.99999928648632,4.999999981284434,-4.999999990135484,4.999999895486772,-4.9999997821949975
99.0,236.0,129.88369750976562,4.999997794613169,-4.999999994968411,4.999999700250042,4.999999807635453,4.999999872574834,-4.999999711134512,4.9999999916002125,-4.999999831741189,4.999999772149894,-4.999999971336751
99.0,236.0,129.88369750976562,4.999999416961559,-4.9999998192065975,4.9999998301616175,4.99999977527742,4.999999992096949,-4.999999163404482,4.999999997241344,-4.999999847567556,4.999999974221716,-4.999999952970255
99.0,236.0,129.88369750976562,4.999999981170396,-4.9999997823737,4.999998498843815,4.999999843951444,4.999999897326526,-4.999998894442202,4.999999998208035,-4.999999895942649,4.9999999691314665,-4.9999998934854055
99.0,236.0,129.88369750976562,4.999999741173489,-4.999999993582172,4.999999999451509,4.999999892613308,4.999999997414791,-4.999999237409626,4.999999987170426,-4.9999999152004815,4.9999999808456685,-4.999999794400818
99.0,236.0,129.88369750976562,4.999999345207459,-4.999999993722049,4.9999998700453006,4.999999989117844,4.999999027698371,-4.9999999701882585,4.999999998324208,-4.999999646864791,4.999999830820786,-4.999999787047818
99.0,236.0,129.8837127685547,4.9999993979602895,-4.99999771552354,4.999998644807963,4.999998328331262,4.999999107951256,-4.999998925529819,4.999999997250527,-4.999999327456552,4.99999999998223,-4.9999996789431735
99.0,236.0,129.88369750976562,4.999999449943063,-4.999999303802615,4.99999999952307,4.99999808374537,4.999999732397546,-4.999999900600439,4.999999995394439,-4.999999632403084,4.999999983514357,-4.999999837905348
99.0,236.0,129.88369750976562,4.999998496912111,-4.999999989891806,4.999999909341342,4.999999344437173,4.999999434147933,-4.999999909920462,4.999999992076868,-4.999999998754437,4.999999997221336,-4.999999831367987
99.0,236.0,129.88369750976562,4.999999010610915,-4.999999621339404,4.999999548326307,4.999999631160248,4.999999809506734,-4.999999327644871,4.999999982654843,-4.9999999999303935,4.999999951133344,-4.999999785441421
99.0,236.0,129.8837127685547,4.999998638110965,-4.99999991551967,4.99999682414086,4.99999999196101,4.999999976137614,-4.999998752784762,4.999999735236533,-4.999999998223117,4.999999904999811,-4.999999681055218
99.0,236.0,129.88369750976562,4.999999802626299,-4.99999962849201,4.999999556263097,4.999999608950152,4.999999772831954,-4.999999963725715,4.999999990420739,-4.999999999110986,4.999999999947836,-4.99999993693096
99.0,236.0,129.88369750976562,4.999999749665182,-4.99999996553812,4.999999998129521,4.999999986834452,4.9999999847226615,-4.999999424088628,4.99999998628288,-4.999999948152202,4.99999997081034,-4.999999862543062
99.0,236.0,129.88369750976562,4.999999961330736,-4.999999986262006,4.9999990000301375,4.999999991826343,4.999999989788966,-4.999998795645917,4.999999996349182,-4.999999904308723,4.999999980174233,-4.99999979061049
99.0,236.0,129.88369750976562,4.99999913198806,-4.999999236368906,4.999998539167445,4.999999994468097,4.999999623536006,-4.999999991689277,4.999999990784682,-4.999999999393535,4.9999999524299525,-4.999999802885343
99.0,236.0,129.88369750976562,4.999999707353453,-4.99999999068575,4.99999999888026,4.999999572208655,4.999999987071203,-4.999999514843929,4.99999998784261,-4.999999829391609,4.999999978103313,-4.999999862609295
99.0,236.0,129.88369750976562,4.99999818940679,-4.999999985169978,4.999999089173883,4.999999964357452,4.999999974671473,-4.999999821271656,4.999999981755144,-4.9999999031447455,4.999999730325605,-4.99999981956244
99.0,236.0,129.88369750976562,4.999996143607362,-4.999999953553816,4.999998824072994,4.999999963998286,4.999999998480842,-4.999999728901685,4.99999999707503,-4.999999915862702,4.999999785396371,-4.9999998143112885
99.0,236.0,129.88369750976562,4.99999747882021,-4.999999561244506,4.999997951442406,4.999999997257871,4.999999756577654,-4.9999999058399,4.9999999916249775,-4.999999999632848,4.99999985337096,-4.999999791088314
99.0,236.0,129.88369750976562,4.999999438487697,-4.999999796627321,4.999999776709867,4.999999687578283,4.999999902695179,-4.999999504039164,4.999999991377257,-4.999999881208799,4.999999989253658,-4.999999787880507
99.0,236.0,129.88369750976562,4.999997723464944,-4.999999914316026,4.999998346539417,4.999999997561368,4.999999906517921,-4.999999996434336,4.999999992304069,-4.999999999784648,4.999999851110273,-4.999999944636614
99.0,236.0,129.88369750976562,4.999999082999102,-4.999999998575135,4.999999923411387,4.999999616023865,4.999999562933701,-4.999999263798827,4.999999828449685,-4.99999987583053,4.999999921970063,-4.999999975210635
99.0,236.0,129.88369750976562,4.999998420522251,-4.999999998042998,4.999999914079867,4.999999601719067,4.99999956633628,-4.99999972375463,4.999999830678156,-4.999999856231142,4.999999825147508,-4.999999993947171
99.0,236.0,129.8837127685547,4.999999782108025,-4.999999966544069,4.999996652480769,4.999999838365124,4.999999564921504,-4.999999987153889,4.999999411735999,-4.999999999853391,4.999999138886788,-4.999999864163771
99.0,236.0,129.88369750976562,4.999999499487384,-4.9999999793994485,4.999999999002201,4.999999997605267,4.99999950880523,-4.999998865370355,4.999999980559231,-4.999999997051294,4.999999998987393,-4.999999895662702
99.0,236.0,129.88369750976562,4.999996699700624,-4.999999015401074,4.999999318968296,4.999999824358751,4.9999996573614105,-4.999999992908959,4.999999994666214,-4.999999999504531,4.999999995753315,-4.999999800510238
99.0,237.0,129.88369750976562,4.999998393049736,-4.9999999639205885,4.999999183393896,4.999999959514477,4.999999970001494,-4.999999744478762,4.999999985735578,-4.999999941534595,4.999999802560382,-4.999999769906124
99.0,237.0,129.88369750976562,4.999999951906325,-4.999998898814851,4.999999972812911,4.99999889734371,4.999999336994564,-4.999999972530881,4.999999999740183,-4.999999494778904,4.999999998780333,-4.999999984983752
99.0,237.0,129.88369750976562,4.999998675152282,-4.999999625946577,4.999999844447411,4.999999738929781,4.999999401137268,-4.999999966940284,4.999999990278488,-4.999999998950593,4.999999997990818,-4.999999837434982
99.0,237.0,129.88369750976562,4.999998616214041,-4.999999991523842,4.999999366109704,4.999999970762889,4.999999771127303,-4.999999910841129,4.999999994452367,-4.999999833078548,4.9999996812358765,-4.99999997513447
99.0,237.0,129.88369750976562,4.999999325360284,-4.999999999795323,4.999999966222046,4.999999806679261,4.999999988963234,-4.999999477304353,4.999999997872225,-4.999999788228831,4.999999933757616,-4.999999938925822
99.0,237.0,129.88369750976562,4.999999043189739,-4.999999989710178,4.999999744927569,4.9999999542146,4.999999990192108,-4.999999519371047,4.999999998849224,-4.9999998180231575,4.999999975233592,-4.999999786528934
99.0,237.0,129.88369750976562,4.999995284099716,-4.999999993854802,4.999999176089284,4.999999887744916,4.999999984064953,-4.999999317150085,4.999999996228367,-4.9999998637642,4.999999826946553,-4.999999779491851
99.0,237.0,129.88369750976562,4.999999650356557,-4.999999999825788,4.999999466478899,4.999999842161449,4.999999995023709,-4.9999989375958975,4.999999998979735,-4.999999773308298,4.999999926652253,-4.999999976505348
99.0,237.0,129.88369750976562,4.999995840834285,-4.999999816936498,4.999999502284775,4.999999780348846,4.999999984336632,-4.9999993143547865,4.999999992522435,-4.9999998901283496,4.999999935636334,-4.999999969487007
99.0,237.0,129.88369750976562,4.99999995878383,-4.999999975442021,4.999999528086171,4.999999993221739,4.9999998901326,-4.999998969205199,4.999999989053324,-4.999999946368952,4.999999926203617,-4.999999812117926
99.0,237.0,129.8837127685547,4.999993049771505,-4.999998648080991,4.99999900609634,4.999999436086756,4.999999974025618,-4.999999866245476,4.999999739028286,-4.99999935402203,4.999999952489902,-4.999999674402215
99.0,237.0,129.88369750976562,4.999996817192532,-4.9999999961486825,4.999999886712574,4.999999993677881,4.999999951972019,-4.99999999214729,4.999999993168378,-4.999999754364145,4.999999768412532,-4.9999999571282
99.0,237.0,129.88369750976562,4.999998606453361,-4.999999967097521,4.999999321861807,4.999999962717195,4.999999947661522,-4.999999789263498,4.99999999208419,-4.999999906501496,4.999999778015517,-4.999999847692139
99.0,237.0,129.88369750976562,4.99999794567742,-4.999999745982114,4.9999981791936365,4.999999999930876,4.999999822470288,-4.999999697272686,4.999999994796385,-4.999999977415241,4.999999891457886,-4.999999805100348
99.0,237.0,129.88369750976562,4.999999680862515,-4.99999997561649,4.999999202349345,4.99999999429044,4.999999927730237,-4.999999920520677,4.999999988940113,-4.999999994608891,4.999999782866002,-4.999999903689904
99.0,237.0,129.88369750976562,4.999999183012706,-4.999999974235221,4.999999463986834,4.999999327473602,4.999999783544061,-4.99999915025275,4.999999987185736,-4.999999867604896,4.999999818737461,-4.999999985414883
99.0,237.0,129.88369750976562,4.9999999314070624,-4.999999977164306,4.99999969515634,4.999999991326789,4.999999940856364,-4.999998869351892,4.999999987627247,-4.999999945700272,4.999999971660626,-4.999999810219067
99.0,237.0,129.88369750976562,4.999996823954189,-4.999999916628447,4.99999902821954,4.999999998910966,4.999999996940279,-4.999999999803713,4.999999991662074,-4.999999960427447,4.9999998946986,-4.999999935633479
99.0,237.0,129.88369750976562,4.999994036822713,-4.999999982175494,4.999999763997581,4.999999791426465,4.999999979222971,-4.999999826978064,4.999999954970688,-4.999999902171339,4.999999878648276,-4.999999856302477
99.0,237.0,129.88369750976562,4.999999715336943,-4.999999966281545,4.999999382106655,4.999999339237378,4.999999996543513,-4.999999155092524,4.999999984429609,-4.999999948370068,4.999999869552524,-4.999999787907971
99.0,237.0,129.88369750976562,4.999999887249757,-4.999999998812916,4.999999435001985,4.999999729158584,4.999999771087743,-4.999999963759121,4.999999998608711,-4.999999830162187,4.999999995460857,-4.999999986039774
99.0,237.0,129.88369750976562,4.999997848523721,-4.999999984595642,4.999999999909912,4.99999967851701,4.999999771944335,-4.999999712500664,4.999999992428423,-4.999999855416005,4.999999988648389,-4.999999984603841
99.0,237.0,129.88369750976562,4.999999311338192,-4.99999968556676,4.999999999516432,4.999999920861966,4.999999834066658,-4.999999875062828,4.999999987501207,-4.999999934149787,4.99999999438496,-4.999999715451437
99.0,237.0,129.8837127685547,4.999999991658655,-4.999999852399731,4.999997549458807,4.9999994765734455,4.999999950232271,-4.999998716382872,4.999998968465464,-4.9999988086468345,4.999999878857045,-4.9999999607841055
99.0,237.0,129.88369750976562,4.999998997692642,-4.99999960768909,4.99999923965388,4.999999354472283,4.999999809071095,-4.99999928648632,4.999999981284434,-4.999999990135484,4.999999895486772,-4.9999997821949975
99.0,237.0,129.88369750976562,4.999997794613169,-4.999999994968411,4.999999700250042,4.999999807635453,4.999999872574834,-4.999999711134512,4.9999999916002125,-4.999999831741189,4.999999772149894,-4.999999971336751
99.0,237.0,129.88369750976562,4.999999416961559,-4.9999998192065975,4.9999998301616175,4.99999977527742,4.999999992096949,-4.999999163404482,4.999999997241344,-4.999999847567556,4.999999974221716,-4.999999952970255
99.0,237.0,129.88369750976562,4.999999981170396,-4.9999997823737,4.999998498843815,4.999999843951444,4.999999897326526,-4.999998894442202,4.999999998208035,-4.999999895942649,4.9999999691314665,-4.9999998934854055
99.0,237.0,129.88369750976562,4.999999741173489,-4.999999993582172,4.999999999451509,4.999999892613308,4.999999997414791,-4.999999237409626,4.999999987170426,-4.9999999152004815,4.9999999808456685,-4.999999794400818
99.0,237.0,129.88369750976562,4.999999345207459,-4.999999993722049,4.9999998700453006,4.999999989117844,4.999999027698371,-4.9999999701882585,4.999999998324208,-4.999999646864791,4.999999830820786,-4.999999787047818
99.0,237.0,129.88369750976562,4.9999986757860615,-4.999999999218806,4.999999878323842,4.999999327811468,4.999999362974338,-4.999999281227645,4.999999830737515,-4.999999908132855,4.99999992338825,-4.999999994948498
99.0,237.0,129.88369750976562,4.999999449943063,-4.999999303802615,4.99999999952307,4.99999808374537,4.999999732397546,-4.999999900600439,4.999999995394439,-4.999999632403084,4.999999983514357,-4.999999837905348
99.0,237.0,129.88369750976562,4.999998496912111,-4.999999989891806,4.999999909341342,4.999999344437173,4.999999434147933,-4.999999909920462,4.999999992076868,-4.999999998754437,4.999999997221336,-4.999999831367987
99.0,237.0,129.88369750976562,4.999999010610915,-4.999999621339404,4.999999548326307,4.999999631160248,4.999999809506734,-4.999999327644871,4.999999982654843,-4.9999999999303935,4.999999951133344,-4.999999785441421
99.0,237.0,129.8837127685547,4.999998638110965,-4.99999991551967,4.99999682414086,4.99999999196101,4.999999976137614,-4.999998752784762,4.999999735236533,-4.999999998223117,4.999999904999811,-4.999999681055218
99.0,237.0,129.88369750976562,4.999999802626299,-4.99999962849201,4.999999556263097,4.999999608950152,4.999999772831954,-4.999999963725715,4.999999990420739,-4.999999999110986,4.999999999947836,-4.99999993693096
99.0,237.0,129.88369750976562,4.999999749665182,-4.99999996553812,4.999999998129521,4.999999986834452,4.9999999847226615,-4.999999424088628,4.99999998628288,-4.999999948152202,4.99999997081034,-4.999999862543062
99.0,237.0,129.88369750976562,4.999999961330736,-4.999999986262006,4.9999990000301375,4.999999991826343,4.999999989788966,-4.999998795645917,4.999999996349182,-4.999999904308723,4.999999980174233,-4.99999979061049
99.0,237.0,129.88369750976562,4.99999913198806,-4.999999236368906,4.999998539167445,4.999999994468097,4.999999623536006,-4.999999991689277,4.999999990784682,-4.999999999393535,4.9999999524299525,-4.999999802885343
99.0,237.0,129.88369750976562,4.999999707353453,-4.99999999068575,4.99999999888026,4.999999572208655,4.999999987071203,-4.999999514843929,4.99999998784261,-4.999999829391609,4.999999978103313,-4.999999862609295
99.0,237.0,129.88369750976562,4.99999818940679,-4.999999985169978,4.999999089173883,4.999999964357452,4.999999974671473,-4.999999821271656,4.999999981755144,-4.9999999031447455,4.999999730325605,-4.99999981956244
99.0,237.0,129.88369750976562,4.999996143607362,-4.999999953553816,4.999998824072994,4.999999963998286,4.999999998480842,-4.999999728901685,4.99999999707503,-4.999999915862702,4.999999785396371,-4.9999998143112885
99.0,237.0,129.88369750976562,4.99999747882021,-4.999999561244506,4.999997951442406,4.999999997257871,4.999999756577654,-4.9999999058399,4.9999999916249775,-4.999999999632848,4.99999985337096,-4.999999791088314
99.0,237.0,129.88369750976562,4.999999438487697,-4.999999796627321,4.999999776709867,4.999999687578283,4.999999902695179,-4.999999504039164,4.999999991377257,-4.999999881208799,4.999999989253658,-4.999999787880507
99.0,237.0,129.88369750976562,4.999997723464944,-4.999999914316026,4.999998346539417,4.999999997561368,4.999999906517921,-4.999999996434336,4.999999992304069,-4.999999999784648,4.999999851110273,-4.999999944636614
99.0,237.0,129.88369750976562,4.999999082999102,-4.999999998575135,4.999999923411387,4.999999616023865,4.999999562933701,-4.999999263798827,4.999999828449685,-4.99999987583053,4.999999921970063,-4.999999975210635
99.0,237.0,129.88369750976562,4.999998420522251,-4.999999998042998,4.999999914079867,4.999999601719067,4.99999956633628,-4.99999972375463,4.999999830678156,-4.999999856231142,4.999999825147508,-4.999999993947171
99.0,237.0,129.88369750976562,4.9999936208055455,-4.999999990353143,4.999999536573551,4.999999928995921,4.99999999588025,-4.999999969590231,4.999999955324155,-4.999999914817687,4.999999773029205,-4.999999886208292
99.0,237.0,129.88369750976562,4.999999499487384,-4.9999999793994485,4.999999999002201,4.999999997605267,4.99999950880523,-4.999998865370355,4.999999980559231,-4.999999997051294,4.999999998987393,-4.999999895662702
99.0,237.0,129.88369750976562,4.999996699700624,-4.999999015401074,4.999999318968296,4.999999824358751,4.9999996573614105,-4.999999992908959,4.999999994666214,-4.999999999504531,4.999999995753315,-4.999999800510238
99.0,238.0,129.88369750976562,4.999998393049736,-4.9999999639205885,4.999999183393896,4.999999959514477,4.999999970001494,-4.999999744478762,4.999999985735578,-4.999999941534595,4.999999802560382,-4.999999769906124
99.0,238.0,129.88369750976562,4.999999951906325,-4.999998898814851,4.999999972812911,4.99999889734371,4.999999336994564,-4.999999972530881,4.999999999740183,-4.999999494778904,4.999999998780333,-4.999999984983752
99.0,238.0,129.88369750976562,4.999998675152282,-4.999999625946577,4.999999844447411,4.999999738929781,4.999999401137268,-4.999999966940284,4.999999990278488,-4.999999998950593,4.999999997990818,-4.999999837434982
99.0,238.0,129.88369750976562,4.999998616214041,-4.999999991523842,4.999999366109704,4.999999970762889,4.999999771127303,-4.999999910841129,4.999999994452367,-4.999999833078548,4.9999996812358765,-4.99999997513447
99.0,238.0,129.88369750976562,4.999999325360284,-4.999999999795323,4.999999966222046,4.999999806679261,4.999999988963234,-4.999999477304353,4.999999997872225,-4.999999788228831,4.999999933757616,-4.999999938925822
99.0,238.0,129.88369750976562,4.999999043189739,-4.999999989710178,4.999999744927569,4.9999999542146,4.999999990192108,-4.999999519371047,4.999999998849224,-4.9999998180231575,4.999999975233592,-4.999999786528934
99.0,238.0,129.88369750976562,4.999995284099716,-4.999999993854802,4.999999176089284,4.999999887744916,4.999999984064953,-4.999999317150085,4.999999996228367,-4.9999998637642,4.999999826946553,-4.999999779491851
99.0,238.0,129.88369750976562,4.999999650356557,-4.999999999825788,4.999999466478899,4.999999842161449,4.999999995023709,-4.9999989375958975,4.999999998979735,-4.999999773308298,4.999999926652253,-4.999999976505348
99.0,238.0,129.88369750976562,4.999995840834285,-4.999999816936498,4.999999502284775,4.999999780348846,4.999999984336632,-4.9999993143547865,4.999999992522435,-4.9999998901283496,4.999999935636334,-4.999999969487007
99.0,238.0,129.88369750976562,4.99999995878383,-4.999999975442021,4.999999528086171,4.999999993221739,4.9999998901326,-4.999998969205199,4.999999989053324,-4.999999946368952,4.999999926203617,-4.999999812117926
99.0,238.0,129.8837127685547,4.999993049771505,-4.999998648080991,4.99999900609634,4.999999436086756,4.999999974025618,-4.999999866245476,4.999999739028286,-4.99999935402203,4.999999952489902,-4.999999674402215
99.0,238.0,129.88369750976562,4.999996817192532,-4.9999999961486825,4.999999886712574,4.999999993677881,4.999999951972019,-4.99999999214729,4.999999993168378,-4.999999754364145,4.999999768412532,-4.9999999571282
99.0,238.0,129.88369750976562,4.999998606453361,-4.999999967097521,4.999999321861807,4.999999962717195,4.999999947661522,-4.999999789263498,4.99999999208419,-4.999999906501496,4.999999778015517,-4.999999847692139
99.0,238.0,129.88369750976562,4.99999794567742,-4.999999745982114,4.9999981791936365,4.999999999930876,4.999999822470288,-4.999999697272686,4.999999994796385,-4.999999977415241,4.999999891457886,-4.999999805100348
99.0,238.0,129.88369750976562,4.999999680862515,-4.99999997561649,4.999999202349345,4.99999999429044,4.999999927730237,-4.999999920520677,4.999999988940113,-4.999999994608891,4.999999782866002,-4.999999903689904
99.0,238.0,129.88369750976562,4.999999183012706,-4.999999974235221,4.999999463986834,4.999999327473602,4.999999783544061,-4.99999915025275,4.999999987185736,-4.999999867604896,4.999999818737461,-4.999999985414883
99.0,238.0,129.88369750976562,4.9999999314070624,-4.999999977164306,4.99999969515634,4.999999991326789,4.999999940856364,-4.999998869351892,4.999999987627247,-4.999999945700272,4.999999971660626,-4.999999810219067
99.0,238.0,129.88369750976562,4.999996823954189,-4.999999916628447,4.99999902821954,4.999999998910966,4.999999996940279,-4.999999999803713,4.999999991662074,-4.999999960427447,4.9999998946986,-4.999999935633479
99.0,238.0,129.88369750976562,4.999994036822713,-4.999999982175494,4.999999763997581,4.999999791426465,4.999999979222971,-4.999999826978064,4.999999954970688,-4.999999902171339,4.999999878648276,-4.999999856302477
99.0,238.0,129.88369750976562,4.999999715336943,-4.999999966281545,4.999999382106655,4.999999339237378,4.999999996543513,-4.999999155092524,4.999999984429609,-4.999999948370068,4.999999869552524,-4.999999787907971
99.0,238.0,129.88369750976562,4.999999887249757,-4.999999998812916,4.999999435001985,4.999999729158584,4.999999771087743,-4.999999963759121,4.999999998608711,-4.999999830162187,4.999999995460857,-4.999999986039774
99.0,238.0,129.88369750976562,4.999997848523721,-4.999999984595642,4.999999999909912,4.99999967851701,4.999999771944335,-4.999999712500664,4.999999992428423,-4.999999855416005,4.999999988648389,-4.999999984603841
99.0,238.0,129.88369750976562,4.999999311338192,-4.99999968556676,4.999999999516432,4.999999920861966,4.999999834066658,-4.999999875062828,4.999999987501207,-4.999999934149787,4.99999999438496,-4.999999715451437
99.0,238.0,129.88369750976562,4.999999332606898,-4.99999987921171,4.999997672003195,4.999999999130307,4.999999987068961,-4.999999391400978,4.999999881618264,-4.999999962461375,4.999999960683903,-4.9999998330569415
99.0,238.0,129.88369750976562,4.999998997692642,-4.99999960768909,4.99999923965388,4.999999354472283,4.999999809071095,-4.99999928648632,4.999999981284434,-4.999999990135484,4.999999895486772,-4.9999997821949975
99.0,238.0,129.88369750976562,4.999997794613169,-4.999999994968411,4.999999700250042,4.999999807635453,4.999999872574834,-4.999999711134512,4.9999999916002125,-4.999999831741189,4.999999772149894,-4.999999971336751
99.0,238.0,129.88369750976562,4.999999416961559,-4.9999998192065975,4.9999998301616175,4.99999977527742,4.999999992096949,-4.999999163404482,4.999999997241344,-4.999999847567556,4.999999974221716,-4.999999952970255
99.0,238.0,129.88369750976562,4.999999981170396,-4.9999997823737,4.999998498843815,4.999999843951444,4.999999897326526,-4.999998894442202,4.999999998208035,-4.999999895942649,4.9999999691314665,-4.9999998934854055
99.0,238.0,129.88369750976562,4.999999741173489,-4.999999993582172,4.999999999451509,4.999999892613308,4.999999997414791,-4.999999237409626,4.999999987170426,-4.9999999152004815,4.9999999808456685,-4.999999794400818
99.0,238.0,129.88369750976562,4.999999345207459,-4.999999993722049,4.9999998700453006,4.999999989117844,4.999999027698371,-4.9999999701882585,4.999999998324208,-4.999999646864791,4.999999830820786,-4.999999787047818
99.0,238.0,129.88369750976562,4.9999986757860615,-4.999999999218806,4.999999878323842,4.999999327811468,4.999999362974338,-4.999999281227645,4.999999830737515,-4.999999908132855,4.99999992338825,-4.999999994948498
99.0,238.0,129.88369750976562,4.999999449943063,-4.999999303802615,4.99999999952307,4.99999808374537,4.999999732397546,-4.999999900600439,4.999999995394439,-4.999999632403084,4.999999983514357,-4.999999837905348
99.0,238.0,129.88369750976562,4.999998496912111,-4.999999989891806,4.999999909341342,4.999999344437173,4.999999434147933,-4.999999909920462,4.999999992076868,-4.999999998754437,4.999999997221336,-4.999999831367987
99.0,238.0,129.88369750976562,4.999999010610915,-4.999999621339404,4.999999548326307,4.999999631160248,4.999999809506734,-4.999999327644871,4.999999982654843,-4.9999999999303935,4.999999951133344,-4.999999785441421
99.0,238.0,129.8837127685547,4.999998638110965,-4.99999991551967,4.99999682414086,4.99999999196101,4.999999976137614,-4.999998752784762,4.999999735236533,-4.999999998223117,4.999999904999811,-4.999999681055218
99.0,238.0,129.88369750976562,4.999999802626299,-4.99999962849201,4.999999556263097,4.999999608950152,4.999999772831954,-4.999999963725715,4.999999990420739,-4.999999999110986,4.999999999947836,-4.99999993693096
99.0,238.0,129.88369750976562,4.999999749665182,-4.99999996553812,4.999999998129521,4.999999986834452,4.9999999847226615,-4.999999424088628,4.99999998628288,-4.999999948152202,4.99999997081034,-4.999999862543062
99.0,238.0,129.88369750976562,4.999999961330736,-4.999999986262006,4.9999990000301375,4.999999991826343,4.999999989788966,-4.999998795645917,4.999999996349182,-4.999999904308723,4.999999980174233,-4.99999979061049
99.0,238.0,129.88369750976562,4.99999913198806,-4.999999236368906,4.999998539167445,4.999999994468097,4.999999623536006,-4.999999991689277,4.999999990784682,-4.999999999393535,4.9999999524299525,-4.999999802885343
99.0,238.0,129.88369750976562,4.999999707353453,-4.99999999068575,4.99999999888026,4.999999572208655,4.999999987071203,-4.999999514843929,4.99999998784261,-4.999999829391609,4.999999978103313,-4.999999862609295
99.0,238.0,129.88369750976562,4.99999818940679,-4.999999985169978,4.999999089173883,4.999999964357452,4.999999974671473,-4.999999821271656,4.999999981755144,-4.9999999031447455,4.999999730325605,-4.99999981956244
99.0,238.0,129.88369750976562,4.999996143607362,-4.999999953553816,4.999998824072994,4.999999963998286,4.999999998480842,-4.999999728901685,4.99999999707503,-4.999999915862702,4.999999785396371,-4.9999998143112885
99.0,238.0,129.88369750976562,4.99999747882021,-4.999999561244506,4.999997951442406,4.999999997257871,4.999999756577654,-4.9999999058399,4.9999999916249775,-4.999999999632848,4.99999985337096,-4.999999791088314
99.0,238.0,129.88369750976562,4.999999438487697,-4.999999796627321,4.999999776709867,4.999999687578283,4.999999902695179,-4.999999504039164,4.999999991377257,-4.999999881208799,4.999999989253658,-4.999999787880507
99.0,238.0,129.88369750976562,4.999997723464944,-4.999999914316026,4.999998346539417,4.999999997561368,4.999999906517921,-4.999999996434336,4.999999992304069,-4.999999999784648,4.999999851110273,-4.999999944636614
99.0,238.0,129.88369750976562,4.999999082999102,-4.999999998575135,4.999999923411387,4.999999616023865,4.999999562933701,-4.999999263798827,4.999999828449685,-4.99999987583053,4.999999921970063,-4.999999975210635
99.0,238.0,129.88369750976562,4.999998420522251,-4.999999998042998,4.999999914079867,4.999999601719067,4.99999956633628,-4.99999972375463,4.999999830678156,-4.999999856231142,4.999999825147508,-4.999999993947171
99.0,238.0,129.88369750976562,4.9999936208055455,-4.999999990353143,4.999999536573551,4.999999928995921,4.99999999588025,-4.999999969590231,4.999999955324155,-4.999999914817687,4.999999773029205,-4.999999886208292
99.0,238.0,129.88369750976562,4.999999499487384,-4.9999999793994485,4.999999999002201,4.999999997605267,4.99999950880523,-4.999998865370355,4.999999980559231,-4.999999997051294,4.999999998987393,-4.999999895662702
99.0,238.0,129.88369750976562,4.999996699700624,-4.999999015401074,4.999999318968296,4.999999824358751,4.9999996573614105,-4.999999992908959,4.999999994666214,-4.999999999504531,4.999999995753315,-4.999999800510238
99.0,239.0,129.88369750976562,4.999998393049736,-4.9999999639205885,4.999999183393896,4.999999959514477,4.999999970001494,-4.999999744478762,4.999999985735578,-4.999999941534595,4.999999802560382,-4.999999769906124
99.0,239.0,129.88369750976562,4.999999951906325,-4.999998898814851,4.999999972812911,4.99999889734371,4.999999336994564,-4.999999972530881,4.999999999740183,-4.999999494778904,4.999999998780333,-4.999999984983752
99.0,239.0,129.88369750976562,4.999998675152282,-4.999999625946577,4.999999844447411,4.999999738929781,4.999999401137268,-4.999999966940284,4.999999990278488,-4.999999998950593,4.999999997990818,-4.999999837434982
99.0,239.0,129.88369750976562,4.999998616214041,-4.999999991523842,4.999999366109704,4.999999970762889,4.999999771127303,-4.999999910841129,4.999999994452367,-4.999999833078548,4.9999996812358765,-4.99999997513447
99.0,239.0,129.88369750976562,4.999999325360284,-4.999999999795323,4.999999966222046,4.999999806679261,4.999999988963234,-4.999999477304353,4.999999997872225,-4.999999788228831,4.999999933757616,-4.999999938925822
99.0,239.0,129.88369750976562,4.999999043189739,-4.999999989710178,4.999999744927569,4.9999999542146,4.999999990192108,-4.999999519371047,4.999999998849224,-4.9999998180231575,4.999999975233592,-4.999999786528934
99.0,239.0,129.88369750976562,4.999995284099716,-4.999999993854802,4.999999176089284,4.999999887744916,4.999999984064953,-4.999999317150085,4.999999996228367,-4.9999998637642,4.999999826946553,-4.999999779491851
99.0,239.0,129.88369750976562,4.999999650356557,-4.999999999825788,4.999999466478899,4.999999842161449,4.999999995023709,-4.9999989375958975,4.999999998979735,-4.999999773308298,4.999999926652253,-4.999999976505348
99.0,239.0,129.88369750976562,4.999995840834285,-4.999999816936498,4.999999502284775,4.999999780348846,4.999999984336632,-4.9999993143547865,4.999999992522435,-4.9999998901283496,4.999999935636334,-4.999999969487007
99.0,239.0,129.88369750976562,4.99999995878383,-4.999999975442021,4.999999528086171,4.999999993221739,4.9999998901326,-4.999998969205199,4.999999989053324,-4.999999946368952,4.999999926203617,-4.999999812117926
99.0,239.0,129.88369750976562,4.999999806049937,-4.999999251199697,4.999998947196251,4.9999999610175125,4.999999637242654,-4.99999973815471,4.999999991502106,-4.999999986226478,4.999999970591272,-4.99999981513269
99.0,239.0,129.88369750976562,4.999996817192532,-4.9999999961486825,4.999999886712574,4.999999993677881,4.999999951972019,-4.99999999214729,4.999999993168378,-4.999999754364145,4.999999768412532,-4.9999999571282
99.0,239.0,129.88369750976562,4.999998606453361,-4.999999967097521,4.999999321861807,4.999999962717195,4.999999947661522,-4.999999789263498,4.99999999208419,-4.999999906501496,4.999999778015517,-4.999999847692139
99.0,239.0,129.88369750976562,4.99999794567742,-4.999999745982114,4.9999981791936365,4.999999999930876,4.999999822470288,-4.999999697272686,4.999999994796385,-4.999999977415241,4.999999891457886,-4.999999805100348
99.0,239.0,129.88369750976562,4.999999680862515,-4.99999997561649,4.999999202349345,4.99999999429044,4.999999927730237,-4.999999920520677,4.999999988940113,-4.999999994608891,4.999999782866002,-4.999999903689904
99.0,239.0,129.88369750976562,4.999999183012706,-4.999999974235221,4.999999463986834,4.999999327473602,4.999999783544061,-4.99999915025275,4.999999987185736,-4.999999867604896,4.999999818737461,-4.999999985414883
99.0,239.0,129.88369750976562,4.9999999314070624,-4.999999977164306,4.99999969515634,4.999999991326789,4.999999940856364,-4.999998869351892,4.999999987627247,-4.999999945700272,4.999999971660626,-4.999999810219067
99.0,239.0,129.88369750976562,4.999996823954189,-4.999999916628447,4.99999902821954,4.999999998910966,4.999999996940279,-4.999999999803713,4.999999991662074,-4.999999960427447,4.9999998946986,-4.999999935633479
99.0,239.0,129.88369750976562,4.999994036822713,-4.999999982175494,4.999999763997581,4.999999791426465,4.999999979222971,-4.999999826978064,4.999999954970688,-4.999999902171339,4.999999878648276,-4.999999856302477
99.0,239.0,129.88369750976562,4.999999715336943,-4.999999966281545,4.999999382106655,4.999999339237378,4.999999996543513,-4.999999155092524,4.999999984429609,-4.999999948370068,4.999999869552524,-4.999999787907971
99.0,239.0,129.88369750976562,4.999999887249757,-4.999999998812916,4.999999435001985,4.999999729158584,4.999999771087743,-4.999999963759121,4.999999998608711,-4.999999830162187,4.999999995460857,-4.999999986039774
99.0,239.0,129.88369750976562,4.999997848523721,-4.999999984595642,4.999999999909912,4.99999967851701,4.999999771944335,-4.999999712500664,4.999999992428423,-4.999999855416005,4.999999988648389,-4.999999984603841
99.0,239.0,129.88369750976562,4.999999311338192,-4.99999968556676,4.999999999516432,4.999999920861966,4.999999834066658,-4.999999875062828,4.999999987501207,-4.999999934149787,4.99999999438496,-4.999999715451437
99.0,239.0,129.88369750976562,4.999999332606898,-4.99999987921171,4.999997672003195,4.999999999130307,4.999999987068961,-4.999999391400978,4.999999881618264,-4.999999962461375,4.999999960683903,-4.9999998330569415
99.0,239.0,129.88369750976562,4.999998997692642,-4.99999960768909,4.99999923965388,4.999999354472283,4.999999809071095,-4.99999928648632,4.999999981284434,-4.999999990135484,4.999999895486772,-4.9999997821949975
99.0,239.0,129.88369750976562,4.999997794613169,-4.999999994968411,4.999999700250042,4.999999807635453,4.999999872574834,-4.999999711134512,4.9999999916002125,-4.999999831741189,4.999999772149894,-4.999999971336751
99.0,239.0,129.88369750976562,4.999999416961559,-4.9999998192065975,4.9999998301616175,4.99999977527742,4.999999992096949,-4.999999163404482,4.999999997241344,-4.999999847567556,4.999999974221716,-4.999999952970255
99.0,239.0,129.88369750976562,4.999999981170396,-4.9999997823737,4.999998498843815,4.999999843951444,4.999999897326526,-4.999998894442202,4.999999998208035,-4.999999895942649,4.9999999691314665,-4.9999998934854055
99.0,239.0,129.88369750976562,4.999999741173489,-4.999999993582172,4.999999999451509,4.999999892613308,4.999999997414791,-4.999999237409626,4.999999987170426,-4.9999999152004815,4.9999999808456685,-4.999999794400818
99.0,239.0,129.88369750976562,4.999999345207459,-4.999999993722049,4.9999998700453006,4.999999989117844,4.999999027698371,-4.9999999701882585,4.999999998324208,-4.999999646864791,4.999999830820786,-4.999999787047818
99.0,239.0,129.88369750976562,4.9999986757860615,-4.999999999218806,4.999999878323842,4.999999327811468,4.999999362974338,-4.999999281227645,4.999999830737515,-4.999999908132855,4.99999992338825,-4.999999994948498
99.0,239.0,129.88369750976562,4.999999449943063,-4.999999303802615,4.99999999952307,4.99999808374537,4.999999732397546,-4.999999900600439,4.999999995394439,-4.999999632403084,4.999999983514357,-4.999999837905348
99.0,239.0,129.88369750976562,4.999998496912111,-4.999999989891806,4.999999909341342,4.999999344437173,4.999999434147933,-4.999999909920462,4.999999992076868,-4.999999998754437,4.999999997221336,-4.999999831367987
99.0,239.0,129.88369750976562,4.999999010610915,-4.999999621339404,4.999999548326307,4.999999631160248,4.999999809506734,-4.999999327644871,4.999999982654843,-4.9999999999303935,4.999999951133344,-4.999999785441421
99.0,239.0,129.8837127685547,4.999998638110965,-4.99999991551967,4.99999682414086,4.99999999196101,4.999999976137614,-4.999998752784762,4.999999735236533,-4.999999998223117,4.999999904999811,-4.999999681055218
99.0,239.0,129.88369750976562,4.999999802626299,-4.99999962849201,4.999999556263097,4.999999608950152,4.999999772831954,-4.999999963725715,4.999999990420739,-4.999999999110986,4.999999999947836,-4.99999993693096
99.0,239.0,129.88369750976562,4.999999749665182,-4.99999996553812,4.999999998129521,4.999999986834452,4.9999999847226615,-4.999999424088628,4.99999998628288,-4.999999948152202,4.99999997081034,-4.999999862543062
99.0,239.0,129.88369750976562,4.999999961330736,-4.999999986262006,4.9999990000301375,4.999999991826343,4.999999989788966,-4.999998795645917,4.999999996349182,-4.999999904308723,4.999999980174233,-4.99999979061049
99.0,239.0,129.88369750976562,4.99999913198806,-4.999999236368906,4.999998539167445,4.999999994468097,4.999999623536006,-4.999999991689277,4.999999990784682,-4.999999999393535,4.9999999524299525,-4.999999802885343
99.0,239.0,129.88369750976562,4.999999707353453,-4.99999999068575,4.99999999888026,4.999999572208655,4.999999987071203,-4.999999514843929,4.99999998784261,-4.999999829391609,4.999999978103313,-4.999999862609295
99.0,239.0,129.88369750976562,4.99999818940679,-4.999999985169978,4.999999089173883,4.999999964357452,4.999999974671473,-4.999999821271656,4.999999981755144,-4.9999999031447455,4.999999730325605,-4.99999981956244
99.0,239.0,129.88369750976562,4.999996143607362,-4.999999953553816,4.999998824072994,4.999999963998286,4.999999998480842,-4.999999728901685,4.99999999707503,-4.999999915862702,4.999999785396371,-4.9999998143112885
99.0,239.0,129.88369750976562,4.99999747882021,-4.999999561244506,4.999997951442406,4.999999997257871,4.999999756577654,-4.9999999058399,4.9999999916249775,-4.999999999632848,4.99999985337096,-4.999999791088314
99.0,239.0,129.88369750976562,4.999999438487697,-4.999999796627321,4.999999776709867,4.999999687578283,4.999999902695179,-4.999999504039164,4.999999991377257,-4.999999881208799,4.999999989253658,-4.999999787880507
99.0,239.0,129.88369750976562,4.999997723464944,-4.999999914316026,4.999998346539417,4.999999997561368,4.999999906517921,-4.999999996434336,4.999999992304069,-4.999999999784648,4.999999851110273,-4.999999944636614
99.0,239.0,129.88369750976562,4.999999082999102,-4.999999998575135,4.999999923411387,4.999999616023865,4.999999562933701,-4.999999263798827,4.999999828449685,-4.99999987583053,4.999999921970063,-4.999999975210635
99.0,239.0,129.88369750976562,4.999998420522251,-4.999999998042998,4.999999914079867,4.999999601719067,4.99999956633628,-4.99999972375463,4.999999830678156,-4.999999856231142,4.999999825147508,-4.999999993947171
99.0,239.0,129.88369750976562,4.9999936208055455,-4.999999990353143,4.999999536573551,4.999999928995921,4.99999999588025,-4.999999969590231,4.999999955324155,-4.999999914817687,4.999999773029205,-4.999999886208292
99.0,239.0,129.88369750976562,4.999999499487384,-4.9999999793994485,4.999999999002201,4.999999997605267,4.99999950880523,-4.999998865370355,4.999999980559231,-4.999999997051294,4.999999998987393,-4.999999895662702
99.0,239.0,129.88369750976562,4.999996699700624,-4.999999015401074,4.999999318968296,4.999999824358751,4.9999996573614105,-4.999999992908959,4.999999994666214,-4.999999999504531,4.999999995753315,-4.999999800510238
99.0,240.0,129.88369750976562,4.999998393049736,-4.9999999639205885,4.999999183393896,4.999999959514477,4.999999970001494,-4.999999744478762,4.999999985735578,-4.999999941534595,4.999999802560382,-4.999999769906124
99.0,240.0,129.88369750976562,4.999999951906325,-4.999998898814851,4.999999972812911,4.99999889734371,4.999999336994564,-4.999999972530881,4.999999999740183,-4.999999494778904,4.999999998780333,-4.999999984983752
99.0,240.0,129.88369750976562,4.999998675152282,-4.999999625946577,4.999999844447411,4.999999738929781,4.999999401137268,-4.999999966940284,4.999999990278488,-4.999999998950593,4.999999997990818,-4.999999837434982
99.0,240.0,129.88369750976562,4.999998616214041,-4.999999991523842,4.999999366109704,4.999999970762889,4.999999771127303,-4.999999910841129,4.999999994452367,-4.999999833078548,4.9999996812358765,-4.99999997513447
99.0,240.0,129.88369750976562,4.999999325360284,-4.999999999795323,4.999999966222046,4.999999806679261,4.999999988963234,-4.999999477304353,4.999999997872225,-4.999999788228831,4.999999933757616,-4.999999938925822
99.0,240.0,129.88369750976562,4.999999043189739,-4.999999989710178,4.999999744927569,4.9999999542146,4.999999990192108,-4.999999519371047,4.999999998849224,-4.9999998180231575,4.999999975233592,-4.999999786528934
99.0,240.0,129.88369750976562,4.999995284099716,-4.999999993854802,4.999999176089284,4.999999887744916,4.999999984064953,-4.999999317150085,4.999999996228367,-4.9999998637642,4.999999826946553,-4.999999779491851
99.0,240.0,129.88369750976562,4.999999650356557,-4.999999999825788,4.999999466478899,4.999999842161449,4.999999995023709,-4.9999989375958975,4.999999998979735,-4.999999773308298,4.999999926652253,-4.999999976505348
99.0,240.0,129.88369750976562,4.999995840834285,-4.999999816936498,4.999999502284775,4.999999780348846,4.999999984336632,-4.9999993143547865,4.999999992522435,-4.9999998901283496,4.999999935636334,-4.999999969487007
99.0,240.0,129.88369750976562,4.99999995878383,-4.999999975442021,4.999999528086171,4.999999993221739,4.9999998901326,-4.999998969205199,4.999999989053324,-4.999999946368952,4.999999926203617,-4.999999812117926
99.0,240.0,129.88369750976562,4.999999806049937,-4.999999251199697,4.999998947196251,4.9999999610175125,4.999999637242654,-4.99999973815471,4.999999991502106,-4.999999986226478,4.999999970591272,-4.99999981513269
99.0,240.0,129.88369750976562,4.999996817192532,-4.9999999961486825,4.999999886712574,4.999999993677881,4.999999951972019,-4.99999999214729,4.999999993168378,-4.999999754364145,4.999999768412532,-4.9999999571282
99.0,240.0,129.88369750976562,4.999998606453361,-4.999999967097521,4.999999321861807,4.999999962717195,4.999999947661522,-4.999999789263498,4.99999999208419,-4.999999906501496,4.999999778015517,-4.999999847692139
99.0,240.0,129.88369750976562,4.99999794567742,-4.999999745982114,4.9999981791936365,4.999999999930876,4.999999822470288,-4.999999697272686,4.999999994796385,-4.999999977415241,4.999999891457886,-4.999999805100348
99.0,240.0,129.88369750976562,4.999999680862515,-4.99999997561649,4.999999202349345,4.99999999429044,4.999999927730237,-4.999999920520677,4.999999988940113,-4.999999994608891,4.999999782866002,-4.999999903689904
99.0,240.0,129.88369750976562,4.999999183012706,-4.999999974235221,4.999999463986834,4.999999327473602,4.999999783544061,-4.99999915025275,4.999999987185736,-4.999999867604896,4.999999818737461,-4.999999985414883
99.0,240.0,129.88369750976562,4.9999999314070624,-4.999999977164306,4.99999969515634,4.999999991326789,4.999999940856364,-4.999998869351892,4.999999987627247,-4.999999945700272,4.999999971660626,-4.999999810219067
99.0,240.0,129.88369750976562,4.999996823954189,-4.999999916628447,4.99999902821954,4.999999998910966,4.999999996940279,-4.999999999803713,4.999999991662074,-4.999999960427447,4.9999998946986,-4.999999935633479
99.0,240.0,129.88369750976562,4.999994036822713,-4.999999982175494,4.999999763997581,4.999999791426465,4.999999979222971,-4.999999826978064,4.999999954970688,-4.999999902171339,4.999999878648276,-4.999999856302477
99.0,240.0,129.88369750976562,4.999999715336943,-4.999999966281545,4.999999382106655,4.999999339237378,4.999999996543513,-4.999999155092524,4.999999984429609,-4.999999948370068,4.999999869552524,-4.999999787907971
99.0,240.0,129.88369750976562,4.999999887249757,-4.999999998812916,4.999999435001985,4.999999729158584,4.999999771087743,-4.999999963759121,4.999999998608711,-4.999999830162187,4.999999995460857,-4.999999986039774
99.0,240.0,129.88369750976562,4.999997848523721,-4.999999984595642,4.999999999909912,4.99999967851701,4.999999771944335,-4.999999712500664,4.999999992428423,-4.999999855416005,4.999999988648389,-4.999999984603841
99.0,240.0,129.88369750976562,4.999999311338192,-4.99999968556676,4.999999999516432,4.999999920861966,4.999999834066658,-4.999999875062828,4.999999987501207,-4.999999934149787,4.99999999438496,-4.999999715451437
99.0,240.0,129.88369750976562,4.999999332606898,-4.99999987921171,4.999997672003195,4.999999999130307,4.999999987068961,-4.999999391400978,4.999999881618264,-4.999999962461375,4.999999960683903,-4.9999998330569415
99.0,240.0,129.88369750976562,4.999998997692642,-4.99999960768909,4.99999923965388,4.999999354472283,4.999999809071095,-4.99999928648632,4.999999981284434,-4.999999990135484,4.999999895486772,-4.9999997821949975
99.0,240.0,129.88369750976562,4.999997794613169,-4.999999994968411,4.999999700250042,4.999999807635453,4.999999872574834,-4.999999711134512,4.9999999916002125,-4.999999831741189,4.999999772149894,-4.999999971336751
99.0,240.0,129.88369750976562,4.999999416961559,-4.9999998192065975,4.9999998301616175,4.99999977527742,4.999999992096949,-4.999999163404482,4.999999997241344,-4.999999847567556,4.999999974221716,-4.999999952970255
99.0,240.0,129.88369750976562,4.999999981170396,-4.9999997823737,4.999998498843815,4.999999843951444,4.999999897326526,-4.999998894442202,4.999999998208035,-4.999999895942649,4.9999999691314665,-4.9999998934854055
99.0,240.0,129.88369750976562,4.999999741173489,-4.999999993582172,4.999999999451509,4.999999892613308,4.999999997414791,-4.999999237409626,4.999999987170426,-4.9999999152004815,4.9999999808456685,-4.999999794400818
99.0,240.0,129.88369750976562,4.999999345207459,-4.999999993722049,4.9999998700453006,4.999999989117844,4.999999027698371,-4.9999999701882585,4.999999998324208,-4.999999646864791,4.999999830820786,-4.999999787047818
99.0,240.0,129.88369750976562,4.9999986757860615,-4.999999999218806,4.999999878323842,4.999999327811468,4.999999362974338,-4.999999281227645,4.999999830737515,-4.999999908132855,4.99999992338825,-4.999999994948498
99.0,240.0,129.88369750976562,4.999999449943063,-4.999999303802615,4.99999999952307,4.99999808374537,4.999999732397546,-4.999999900600439,4.999999995394439,-4.999999632403084,4.999999983514357,-4.999999837905348
99.0,240.0,129.88369750976562,4.999998496912111,-4.999999989891806,4.999999909341342,4.999999344437173,4.999999434147933,-4.999999909920462,4.999999992076868,-4.999999998754437,4.999999997221336,-4.999999831367987
99.0,240.0,129.88369750976562,4.999999010610915,-4.999999621339404,4.999999548326307,4.999999631160248,4.999999809506734,-4.999999327644871,4.999999982654843,-4.9999999999303935,4.999999951133344,-4.999999785441421
99.0,240.0,129.8837127685547,4.999998638110965,-4.99999991551967,4.99999682414086,4.99999999196101,4.999999976137614,-4.999998752784762,4.999999735236533,-4.999999998223117,4.999999904999811,-4.999999681055218
99.0,240.0,129.88369750976562,4.999999802626299,-4.99999962849201,4.999999556263097,4.999999608950152,4.999999772831954,-4.999999963725715,4.999999990420739,-4.999999999110986,4.999999999947836,-4.99999993693096
99.0,240.0,129.88369750976562,4.999999749665182,-4.99999996553812,4.999999998129521,4.999999986834452,4.9999999847226615,-4.999999424088628,4.99999998628288,-4.999999948152202,4.99999997081034,-4.999999862543062
99.0,240.0,129.88369750976562,4.999999961330736,-4.999999986262006,4.9999990000301375,4.999999991826343,4.999999989788966,-4.999998795645917,4.999999996349182,-4.999999904308723,4.999999980174233,-4.99999979061049
99.0,240.0,129.88369750976562,4.99999913198806,-4.999999236368906,4.999998539167445,4.999999994468097,4.999999623536006,-4.999999991689277,4.999999990784682,-4.999999999393535,4.9999999524299525,-4.999999802885343
99.0,240.0,129.88369750976562,4.999999707353453,-4.99999999068575,4.99999999888026,4.999999572208655,4.999999987071203,-4.999999514843929,4.99999998784261,-4.999999829391609,4.999999978103313,-4.999999862609295
99.0,240.0,129.88369750976562,4.99999818940679,-4.999999985169978,4.999999089173883,4.999999964357452,4.999999974671473,-4.999999821271656,4.999999981755144,-4.9999999031447455,4.999999730325605,-4.99999981956244
99.0,240.0,129.88369750976562,4.999996143607362,-4.999999953553816,4.999998824072994,4.999999963998286,4.999999998480842,-4.999999728901685,4.99999999707503,-4.999999915862702,4.999999785396371,-4.9999998143112885
99.0,240.0,129.88369750976562,4.99999747882021,-4.999999561244506,4.999997951442406,4.999999997257871,4.999999756577654,-4.9999999058399,4.9999999916249775,-4.999999999632848,4.99999985337096,-4.999999791088314
99.0,240.0,129.88369750976562,4.999999438487697,-4.999999796627321,4.999999776709867,4.999999687578283,4.999999902695179,-4.999999504039164,4.999999991377257,-4.999999881208799,4.999999989253658,-4.999999787880507
99.0,240.0,129.88369750976562,4.999997723464944,-4.999999914316026,4.999998346539417,4.999999997561368,4.999999906517921,-4.999999996434336,4.999999992304069,-4.999999999784648,4.999999851110273,-4.999999944636614
99.0,240.0,129.88369750976562,4.999999082999102,-4.999999998575135,4.999999923411387,4.999999616023865,4.999999562933701,-4.999999263798827,4.999999828449685,-4.99999987583053,4.999999921970063,-4.999999975210635
99.0,240.0,129.88369750976562,4.999998420522251,-4.999999998042998,4.999999914079867,4.999999601719067,4.99999956633628,-4.99999972375463,4.999999830678156,-4.999999856231142,4.999999825147508,-4.999999993947171
99.0,240.0,129.88369750976562,4.9999936208055455,-4.999999990353143,4.999999536573551,4.999999928995921,4.99999999588025,-4.999999969590231,4.999999955324155,-4.999999914817687,4.999999773029205,-4.999999886208292
99.0,240.0,129.88369750976562,4.999999499487384,-4.9999999793994485,4.999999999002201,4.999999997605267,4.99999950880523,-4.999998865370355,4.999999980559231,-4.999999997051294,4.999999998987393,-4.999999895662702
99.0,240.0,129.88369750976562,4.999996699700624,-4.999999015401074,4.999999318968296,4.999999824358751,4.9999996573614105,-4.999999992908959,4.999999994666214,-4.999999999504531,4.999999995753315,-4.999999800510238
99.0,241.0,129.88369750976562,4.999998393049736,-4.9999999639205885,4.999999183393896,4.999999959514477,4.999999970001494,-4.999999744478762,4.999999985735578,-4.999999941534595,4.999999802560382,-4.999999769906124
99.0,241.0,129.88369750976562,4.999999951906325,-4.999998898814851,4.999999972812911,4.99999889734371,4.999999336994564,-4.999999972530881,4.999999999740183,-4.999999494778904,4.999999998780333,-4.999999984983752
99.0,241.0,129.88369750976562,4.999998675152282,-4.999999625946577,4.999999844447411,4.999999738929781,4.999999401137268,-4.999999966940284,4.999999990278488,-4.999999998950593,4.999999997990818,-4.999999837434982
99.0,241.0,129.88369750976562,4.999998616214041,-4.999999991523842,4.999999366109704,4.999999970762889,4.999999771127303,-4.999999910841129,4.999999994452367,-4.999999833078548,4.9999996812358765,-4.99999997513447
99.0,241.0,129.88369750976562,4.999999325360284,-4.999999999795323,4.999999966222046,4.999999806679261,4.999999988963234,-4.999999477304353,4.999999997872225,-4.999999788228831,4.999999933757616,-4.999999938925822
99.0,241.0,129.88369750976562,4.999999043189739,-4.999999989710178,4.999999744927569,4.9999999542146,4.999999990192108,-4.999999519371047,4.999999998849224,-4.9999998180231575,4.999999975233592,-4.999999786528934
99.0,241.0,129.88369750976562,4.999995284099716,-4.999999993854802,4.999999176089284,4.999999887744916,4.999999984064953,-4.999999317150085,4.999999996228367,-4.9999998637642,4.999999826946553,-4.999999779491851
99.0,241.0,129.88369750976562,4.999999650356557,-4.999999999825788,4.999999466478899,4.999999842161449,4.999999995023709,-4.9999989375958975,4.999999998979735,-4.999999773308298,4.999999926652253,-4.999999976505348
99.0,241.0,129.88369750976562,4.999995840834285,-4.999999816936498,4.999999502284775,4.999999780348846,4.999999984336632,-4.9999993143547865,4.999999992522435,-4.9999998901283496,4.999999935636334,-4.999999969487007
99.0,241.0,129.88369750976562,4.99999995878383,-4.999999975442021,4.999999528086171,4.999999993221739,4.9999998901326,-4.999998969205199,4.999999989053324,-4.999999946368952,4.999999926203617,-4.999999812117926
99.0,241.0,129.88369750976562,4.999999806049937,-4.999999251199697,4.999998947196251,4.9999999610175125,4.999999637242654,-4.99999973815471,4.999999991502106,-4.999999986226478,4.999999970591272,-4.99999981513269
99.0,241.0,129.88369750976562,4.999996817192532,-4.9999999961486825,4.999999886712574,4.999999993677881,4.999999951972019,-4.99999999214729,4.999999993168378,-4.999999754364145,4.999999768412532,-4.9999999571282
99.0,241.0,129.88369750976562,4.999998606453361,-4.999999967097521,4.999999321861807,4.999999962717195,4.999999947661522,-4.999999789263498,4.99999999208419,-4.999999906501496,4.999999778015517,-4.999999847692139
99.0,241.0,129.88369750976562,4.99999794567742,-4.999999745982114,4.9999981791936365,4.999999999930876,4.999999822470288,-4.999999697272686,4.999999994796385,-4.999999977415241,4.999999891457886,-4.999999805100348
99.0,241.0,129.88369750976562,4.999999680862515,-4.99999997561649,4.999999202349345,4.99999999429044,4.999999927730237,-4.999999920520677,4.999999988940113,-4.999999994608891,4.999999782866002,-4.999999903689904
99.0,241.0,129.88369750976562,4.999999183012706,-4.999999974235221,4.999999463986834,4.999999327473602,4.999999783544061,-4.99999915025275,4.999999987185736,-4.999999867604896,4.999999818737461,-4.999999985414883
99.0,241.0,129.88369750976562,4.9999999314070624,-4.999999977164306,4.99999969515634,4.999999991326789,4.999999940856364,-4.999998869351892,4.999999987627247,-4.999999945700272,4.999999971660626,-4.999999810219067
99.0,241.0,129.88369750976562,4.999996823954189,-4.999999916628447,4.99999902821954,4.999999998910966,4.999999996940279,-4.999999999803713,4.999999991662074,-4.999999960427447,4.9999998946986,-4.999999935633479
99.0,241.0,129.88369750976562,4.999994036822713,-4.999999982175494,4.999999763997581,4.999999791426465,4.999999979222971,-4.999999826978064,4.999999954970688,-4.999999902171339,4.999999878648276,-4.999999856302477
99.0,241.0,129.88369750976562,4.999999715336943,-4.999999966281545,4.999999382106655,4.999999339237378,4.999999996543513,-4.999999155092524,4.999999984429609,-4.999999948370068,4.999999869552524,-4.999999787907971
99.0,241.0,129.88369750976562,4.999999887249757,-4.999999998812916,4.999999435001985,4.999999729158584,4.999999771087743,-4.999999963759121,4.999999998608711,-4.999999830162187,4.999999995460857,-4.999999986039774
99.0,241.0,129.88369750976562,4.999997848523721,-4.999999984595642,4.999999999909912,4.99999967851701,4.999999771944335,-4.999999712500664,4.999999992428423,-4.999999855416005,4.999999988648389,-4.999999984603841
99.0,241.0,129.88369750976562,4.999999311338192,-4.99999968556676,4.999999999516432,4.999999920861966,4.999999834066658,-4.999999875062828,4.999999987501207,-4.999999934149787,4.99999999438496,-4.999999715451437
99.0,241.0,129.88369750976562,4.999999332606898,-4.99999987921171,4.999997672003195,4.999999999130307,4.999999987068961,-4.999999391400978,4.999999881618264,-4.999999962461375,4.999999960683903,-4.9999998330569415
99.0,241.0,129.88369750976562,4.999998997692642,-4.99999960768909,4.99999923965388,4.999999354472283,4.999999809071095,-4.99999928648632,4.999999981284434,-4.999999990135484,4.999999895486772,-4.9999997821949975
99.0,241.0,129.88369750976562,4.999997794613169,-4.999999994968411,4.999999700250042,4.999999807635453,4.999999872574834,-4.999999711134512,4.9999999916002125,-4.999999831741189,4.999999772149894,-4.999999971336751
99.0,241.0,129.88369750976562,4.999999416961559,-4.9999998192065975,4.9999998301616175,4.99999977527742,4.999999992096949,-4.999999163404482,4.999999997241344,-4.999999847567556,4.999999974221716,-4.999999952970255
99.0,241.0,129.88369750976562,4.999999981170396,-4.9999997823737,4.999998498843815,4.999999843951444,4.999999897326526,-4.999998894442202,4.999999998208035,-4.999999895942649,4.9999999691314665,-4.9999998934854055
99.0,241.0,129.88369750976562,4.999999741173489,-4.999999993582172,4.999999999451509,4.999999892613308,4.999999997414791,-4.999999237409626,4.999999987170426,-4.9999999152004815,4.9999999808456685,-4.999999794400818
99.0,241.0,129.88369750976562,4.999999345207459,-4.999999993722049,4.9999998700453006,4.999999989117844,4.999999027698371,-4.9999999701882585,4.999999998324208,-4.999999646864791,4.999999830820786,-4.999999787047818
99.0,241.0,129.88369750976562,4.9999986757860615,-4.999999999218806,4.999999878323842,4.999999327811468,4.999999362974338,-4.999999281227645,4.999999830737515,-4.999999908132855,4.99999992338825,-4.999999994948498
99.0,241.0,129.88369750976562,4.999999449943063,-4.999999303802615,4.99999999952307,4.99999808374537,4.999999732397546,-4.999999900600439,4.999999995394439,-4.999999632403084,4.999999983514357,-4.999999837905348
99.0,241.0,129.88369750976562,4.999998496912111,-4.999999989891806,4.999999909341342,4.999999344437173,4.999999434147933,-4.999999909920462,4.999999992076868,-4.999999998754437,4.999999997221336,-4.999999831367987
99.0,241.0,129.88369750976562,4.999999010610915,-4.999999621339404,4.999999548326307,4.999999631160248,4.999999809506734,-4.999999327644871,4.999999982654843,-4.9999999999303935,4.999999951133344,-4.999999785441421
99.0,241.0,129.88369750976562,4.99999853932028,-4.99999999573994,4.999999823329526,4.999999616104926,4.999999985074468,-4.99999924243606,4.999999978140074,-4.999999998223117,4.99999984008117,-4.99999979377997
99.0,241.0,129.88369750976562,4.999999802626299,-4.99999962849201,4.999999556263097,4.999999608950152,4.999999772831954,-4.999999963725715,4.999999990420739,-4.999999999110986,4.999999999947836,-4.99999993693096
99.0,241.0,129.88369750976562,4.999999749665182,-4.99999996553812,4.999999998129521,4.999999986834452,4.9999999847226615,-4.999999424088628,4.99999998628288,-4.999999948152202,4.99999997081034,-4.999999862543062
99.0,241.0,129.88369750976562,4.999999961330736,-4.999999986262006,4.9999990000301375,4.999999991826343,4.999999989788966,-4.999998795645917,4.999999996349182,-4.999999904308723,4.999999980174233,-4.99999979061049
99.0,241.0,129.88369750976562,4.99999913198806,-4.999999236368906,4.999998539167445,4.999999994468097,4.999999623536006,-4.999999991689277,4.999999990784682,-4.999999999393535,4.9999999524299525,-4.999999802885343
99.0,241.0,129.88369750976562,4.999999707353453,-4.99999999068575,4.99999999888026,4.999999572208655,4.999999987071203,-4.999999514843929,4.99999998784261,-4.999999829391609,4.999999978103313,-4.999999862609295
99.0,241.0,129.88369750976562,4.99999818940679,-4.999999985169978,4.999999089173883,4.999999964357452,4.999999974671473,-4.999999821271656,4.999999981755144,-4.9999999031447455,4.999999730325605,-4.99999981956244
99.0,241.0,129.88369750976562,4.999996143607362,-4.999999953553816,4.999998824072994,4.999999963998286,4.999999998480842,-4.999999728901685,4.99999999707503,-4.999999915862702,4.999999785396371,-4.9999998143112885
99.0,241.0,129.88369750976562,4.99999747882021,-4.999999561244506,4.999997951442406,4.999999997257871,4.999999756577654,-4.9999999058399,4.9999999916249775,-4.999999999632848,4.99999985337096,-4.999999791088314
99.0,241.0,129.88369750976562,4.999999438487697,-4.999999796627321,4.999999776709867,4.999999687578283,4.999999902695179,-4.999999504039164,4.999999991377257,-4.999999881208799,4.999999989253658,-4.999999787880507
99.0,241.0,129.88369750976562,4.999997723464944,-4.999999914316026,4.999998346539417,4.999999997561368,4.999999906517921,-4.999999996434336,4.999999992304069,-4.999999999784648,4.999999851110273,-4.999999944636614
99.0,241.0,129.88369750976562,4.999999082999102,-4.999999998575135,4.999999923411387,4.999999616023865,4.999999562933701,-4.999999263798827,4.999999828449685,-4.99999987583053,4.999999921970063,-4.999999975210635
99.0,241.0,129.88369750976562,4.999998420522251,-4.999999998042998,4.999999914079867,4.999999601719067,4.99999956633628,-4.99999972375463,4.999999830678156,-4.999999856231142,4.999999825147508,-4.999999993947171
99.0,241.0,129.88369750976562,4.9999936208055455,-4.999999990353143,4.999999536573551,4.999999928995921,4.99999999588025,-4.999999969590231,4.999999955324155,-4.999999914817687,4.999999773029205,-4.999999886208292
99.0,241.0,129.88369750976562,4.999999499487384,-4.9999999793994485,4.999999999002201,4.999999997605267,4.99999950880523,-4.999998865370355,4.999999980559231,-4.999999997051294,4.999999998987393,-4.999999895662702
99.0,241.0,129.88369750976562,4.999996699700624,-4.999999015401074,4.999999318968296,4.999999824358751,4.9999996573614105,-4.999999992908959,4.999999994666214,-4.999999999504531,4.999999995753315,-4.999999800510238
99.0,242.0,129.88369750976562,4.999998393049736,-4.9999999639205885,4.999999183393896,4.999999959514477,4.999999970001494,-4.999999744478762,4.999999985735578,-4.999999941534595,4.999999802560382,-4.999999769906124
99.0,242.0,129.88369750976562,4.999999951906325,-4.999998898814851,4.999999972812911,4.99999889734371,4.999999336994564,-4.999999972530881,4.999999999740183,-4.999999494778904,4.999999998780333,-4.999999984983752
99.0,242.0,129.88369750976562,4.999998675152282,-4.999999625946577,4.999999844447411,4.999999738929781,4.999999401137268,-4.999999966940284,4.999999990278488,-4.999999998950593,4.999999997990818,-4.999999837434982
99.0,242.0,129.88369750976562,4.999998616214041,-4.999999991523842,4.999999366109704,4.999999970762889,4.999999771127303,-4.999999910841129,4.999999994452367,-4.999999833078548,4.9999996812358765,-4.99999997513447
99.0,242.0,129.88369750976562,4.999999325360284,-4.999999999795323,4.999999966222046,4.999999806679261,4.999999988963234,-4.999999477304353,4.999999997872225,-4.999999788228831,4.999999933757616,-4.999999938925822
99.0,242.0,129.88369750976562,4.999999043189739,-4.999999989710178,4.999999744927569,4.9999999542146,4.999999990192108,-4.999999519371047,4.999999998849224,-4.9999998180231575,4.999999975233592,-4.999999786528934
99.0,242.0,129.88369750976562,4.999995284099716,-4.999999993854802,4.999999176089284,4.999999887744916,4.999999984064953,-4.999999317150085,4.999999996228367,-4.9999998637642,4.999999826946553,-4.999999779491851
99.0,242.0,129.88369750976562,4.999999650356557,-4.999999999825788,4.999999466478899,4.999999842161449,4.999999995023709,-4.9999989375958975,4.999999998979735,-4.999999773308298,4.999999926652253,-4.999999976505348
99.0,242.0,129.88369750976562,4.999995840834285,-4.999999816936498,4.999999502284775,4.999999780348846,4.999999984336632,-4.9999993143547865,4.999999992522435,-4.9999998901283496,4.999999935636334,-4.999999969487007
99.0,242.0,129.88369750976562,4.99999995878383,-4.999999975442021,4.999999528086171,4.999999993221739,4.9999998901326,-4.999998969205199,4.999999989053324,-4.999999946368952,4.999999926203617,-4.999999812117926
99.0,242.0,129.88369750976562,4.999999806049937,-4.999999251199697,4.999998947196251,4.9999999610175125,4.999999637242654,-4.99999973815471,4.999999991502106,-4.999999986226478,4.999999970591272,-4.99999981513269
99.0,242.0,129.88369750976562,4.999996817192532,-4.9999999961486825,4.999999886712574,4.999999993677881,4.999999951972019,-4.99999999214729,4.999999993168378,-4.999999754364145,4.999999768412532,-4.9999999571282
99.0,242.0,129.88369750976562,4.999998606453361,-4.999999967097521,4.999999321861807,4.999999962717195,4.999999947661522,-4.999999789263498,4.99999999208419,-4.999999906501496,4.999999778015517,-4.999999847692139
99.0,242.0,129.88369750976562,4.99999794567742,-4.999999745982114,4.9999981791936365,4.999999999930876,4.999999822470288,-4.999999697272686,4.999999994796385,-4.999999977415241,4.999999891457886,-4.999999805100348
99.0,242.0,129.88369750976562,4.999999680862515,-4.99999997561649,4.999999202349345,4.99999999429044,4.999999927730237,-4.999999920520677,4.999999988940113,-4.999999994608891,4.999999782866002,-4.999999903689904
99.0,242.0,129.88369750976562,4.999999183012706,-4.999999974235221,4.999999463986834,4.999999327473602,4.999999783544061,-4.99999915025275,4.999999987185736,-4.999999867604896,4.999999818737461,-4.999999985414883
99.0,242.0,129.88369750976562,4.9999999314070624,-4.999999977164306,4.99999969515634,4.999999991326789,4.999999940856364,-4.999998869351892,4.999999987627247,-4.999999945700272,4.999999971660626,-4.999999810219067
99.0,242.0,129.88369750976562,4.999996823954189,-4.999999916628447,4.99999902821954,4.999999998910966,4.999999996940279,-4.999999999803713,4.999999991662074,-4.999999960427447,4.9999998946986,-4.999999935633479
99.0,242.0,129.88369750976562,4.999994036822713,-4.999999982175494,4.999999763997581,4.999999791426465,4.999999979222971,-4.999999826978064,4.999999954970688,-4.999999902171339,4.999999878648276,-4.999999856302477
99.0,242.0,129.88369750976562,4.999999715336943,-4.999999966281545,4.999999382106655,4.999999339237378,4.999999996543513,-4.999999155092524,4.999999984429609,-4.999999948370068,4.999999869552524,-4.999999787907971
99.0,242.0,129.88369750976562,4.999999887249757,-4.999999998812916,4.999999435001985,4.999999729158584,4.999999771087743,-4.999999963759121,4.999999998608711,-4.999999830162187,4.999999995460857,-4.999999986039774
99.0,242.0,129.88369750976562,4.999997848523721,-4.999999984595642,4.999999999909912,4.99999967851701,4.999999771944335,-4.999999712500664,4.999999992428423,-4.999999855416005,4.999999988648389,-4.999999984603841
99.0,242.0,129.88369750976562,4.999999311338192,-4.99999968556676,4.999999999516432,4.999999920861966,4.999999834066658,-4.999999875062828,4.999999987501207,-4.999999934149787,4.99999999438496,-4.999999715451437
99.0,242.0,129.88369750976562,4.999999332606898,-4.99999987921171,4.999997672003195,4.999999999130307,4.999999987068961,-4.999999391400978,4.999999881618264,-4.999999962461375,4.999999960683903,-4.9999998330569415
99.0,242.0,129.88369750976562,4.999998997692642,-4.99999960768909,4.99999923965388,4.999999354472283,4.999999809071095,-4.99999928648632,4.999999981284434,-4.999999990135484,4.999999895486772,-4.9999997821949975
99.0,242.0,129.88369750976562,4.999997794613169,-4.999999994968411,4.999999700250042,4.999999807635453,4.999999872574834,-4.999999711134512,4.9999999916002125,-4.999999831741189,4.999999772149894,-4.999999971336751
99.0,242.0,129.88369750976562,4.999999416961559,-4.9999998192065975,4.9999998301616175,4.99999977527742,4.999999992096949,-4.999999163404482,4.999999997241344,-4.999999847567556,4.999999974221716,-4.999999952970255
99.0,242.0,129.88369750976562,4.999999981170396,-4.9999997823737,4.999998498843815,4.999999843951444,4.999999897326526,-4.999998894442202,4.999999998208035,-4.999999895942649,4.9999999691314665,-4.9999998934854055
99.0,242.0,129.88369750976562,4.999999741173489,-4.999999993582172,4.999999999451509,4.999999892613308,4.999999997414791,-4.999999237409626,4.999999987170426,-4.9999999152004815,4.9999999808456685,-4.999999794400818
99.0,242.0,129.88369750976562,4.999999345207459,-4.999999993722049,4.9999998700453006,4.999999989117844,4.999999027698371,-4.9999999701882585,4.999999998324208,-4.999999646864791,4.999999830820786,-4.999999787047818
99.0,242.0,129.88369750976562,4.9999986757860615,-4.999999999218806,4.999999878323842,4.999999327811468,4.999999362974338,-4.999999281227645,4.999999830737515,-4.999999908132855,4.99999992338825,-4.999999994948498
99.0,242.0,129.88369750976562,4.999999449943063,-4.999999303802615,4.99999999952307,4.99999808374537,4.999999732397546,-4.999999900600439,4.999999995394439,-4.999999632403084,4.999999983514357,-4.999999837905348
99.0,242.0,129.88369750976562,4.999998496912111,-4.999999989891806,4.999999909341342,4.999999344437173,4.999999434147933,-4.999999909920462,4.999999992076868,-4.999999998754437,4.999999997221336,-4.999999831367987
99.0,242.0,129.88369750976562,4.999999010610915,-4.999999621339404,4.999999548326307,4.999999631160248,4.999999809506734,-4.999999327644871,4.999999982654843,-4.9999999999303935,4.999999951133344,-4.999999785441421
99.0,242.0,129.88369750976562,4.99999853932028,-4.99999999573994,4.999999823329526,4.999999616104926,4.999999985074468,-4.99999924243606,4.999999978140074,-4.999999998223117,4.99999984008117,-4.99999979377997
99.0,242.0,129.88369750976562,4.999999802626299,-4.99999962849201,4.999999556263097,4.999999608950152,4.999999772831954,-4.999999963725715,4.999999990420739,-4.999999999110986,4.999999999947836,-4.99999993693096
99.0,242.0,129.88369750976562,4.999999749665182,-4.99999996553812,4.999999998129521,4.999999986834452,4.9999999847226615,-4.999999424088628,4.99999998628288,-4.999999948152202,4.99999997081034,-4.999999862543062
99.0,242.0,129.88369750976562,4.999999961330736,-4.999999986262006,4.9999990000301375,4.999999991826343,4.999999989788966,-4.999998795645917,4.999999996349182,-4.999999904308723,4.999999980174233,-4.99999979061049
99.0,242.0,129.88369750976562,4.99999913198806,-4.999999236368906,4.999998539167445,4.999999994468097,4.999999623536006,-4.999999991689277,4.999999990784682,-4.999999999393535,4.9999999524299525,-4.999999802885343
99.0,242.0,129.88369750976562,4.999999707353453,-4.99999999068575,4.99999999888026,4.999999572208655,4.999999987071203,-4.999999514843929,4.99999998784261,-4.999999829391609,4.999999978103313,-4.999999862609295
99.0,242.0,129.88369750976562,4.99999818940679,-4.999999985169978,4.999999089173883,4.999999964357452,4.999999974671473,-4.999999821271656,4.999999981755144,-4.9999999031447455,4.999999730325605,-4.99999981956244
99.0,242.0,129.88369750976562,4.999996143607362,-4.999999953553816,4.999998824072994,4.999999963998286,4.999999998480842,-4.999999728901685,4.99999999707503,-4.999999915862702,4.999999785396371,-4.9999998143112885
99.0,242.0,129.88369750976562,4.99999747882021,-4.999999561244506,4.999997951442406,4.999999997257871,4.999999756577654,-4.9999999058399,4.9999999916249775,-4.999999999632848,4.99999985337096,-4.999999791088314
99.0,242.0,129.88369750976562,4.999999438487697,-4.999999796627321,4.999999776709867,4.999999687578283,4.999999902695179,-4.999999504039164,4.999999991377257,-4.999999881208799,4.999999989253658,-4.999999787880507
99.0,242.0,129.88369750976562,4.999997723464944,-4.999999914316026,4.999998346539417,4.999999997561368,4.999999906517921,-4.999999996434336,4.999999992304069,-4.999999999784648,4.999999851110273,-4.999999944636614
99.0,242.0,129.88369750976562,4.999999082999102,-4.999999998575135,4.999999923411387,4.999999616023865,4.999999562933701,-4.999999263798827,4.999999828449685,-4.99999987583053,4.999999921970063,-4.999999975210635
99.0,242.0,129.88369750976562,4.999998420522251,-4.999999998042998,4.999999914079867,4.999999601719067,4.99999956633628,-4.99999972375463,4.999999830678156,-4.999999856231142,4.999999825147508,-4.999999993947171
99.0,242.0,129.88369750976562,4.9999936208055455,-4.999999990353143,4.999999536573551,4.999999928995921,4.99999999588025,-4.999999969590231,4.999999955324155,-4.999999914817687,4.999999773029205,-4.999999886208292
99.0,242.0,129.88369750976562,4.999999499487384,-4.9999999793994485,4.999999999002201,4.999999997605267,4.99999950880523,-4.999998865370355,4.999999980559231,-4.999999997051294,4.999999998987393,-4.999999895662702
99.0,242.0,129.88369750976562,4.999996699700624,-4.999999015401074,4.999999318968296,4.999999824358751,4.9999996573614105,-4.999999992908959,4.999999994666214,-4.999999999504531,4.999999995753315,-4.999999800510238
99.0,243.0,129.88369750976562,4.999998393049736,-4.9999999639205885,4.999999183393896,4.999999959514477,4.999999970001494,-4.999999744478762,4.999999985735578,-4.999999941534595,4.999999802560382,-4.999999769906124
99.0,243.0,129.88369750976562,4.999999951906325,-4.999998898814851,4.999999972812911,4.99999889734371,4.999999336994564,-4.999999972530881,4.999999999740183,-4.999999494778904,4.999999998780333,-4.999999984983752
99.0,243.0,129.88369750976562,4.999998675152282,-4.999999625946577,4.999999844447411,4.999999738929781,4.999999401137268,-4.999999966940284,4.999999990278488,-4.999999998950593,4.999999997990818,-4.999999837434982
99.0,243.0,129.88369750976562,4.999998616214041,-4.999999991523842,4.999999366109704,4.999999970762889,4.999999771127303,-4.999999910841129,4.999999994452367,-4.999999833078548,4.9999996812358765,-4.99999997513447
99.0,243.0,129.88369750976562,4.999999325360284,-4.999999999795323,4.999999966222046,4.999999806679261,4.999999988963234,-4.999999477304353,4.999999997872225,-4.999999788228831,4.999999933757616,-4.999999938925822
99.0,243.0,129.88369750976562,4.999999043189739,-4.999999989710178,4.999999744927569,4.9999999542146,4.999999990192108,-4.999999519371047,4.999999998849224,-4.9999998180231575,4.999999975233592,-4.999999786528934
99.0,243.0,129.88369750976562,4.999995284099716,-4.999999993854802,4.999999176089284,4.999999887744916,4.999999984064953,-4.999999317150085,4.999999996228367,-4.9999998637642,4.999999826946553,-4.999999779491851
99.0,243.0,129.88369750976562,4.999999650356557,-4.999999999825788,4.999999466478899,4.999999842161449,4.999999995023709,-4.9999989375958975,4.999999998979735,-4.999999773308298,4.999999926652253,-4.999999976505348
99.0,243.0,129.88369750976562,4.999995840834285,-4.999999816936498,4.999999502284775,4.999999780348846,4.999999984336632,-4.9999993143547865,4.999999992522435,-4.9999998901283496,4.999999935636334,-4.999999969487007
99.0,243.0,129.88369750976562,4.99999995878383,-4.999999975442021,4.999999528086171,4.999999993221739,4.9999998901326,-4.999998969205199,4.999999989053324,-4.999999946368952,4.999999926203617,-4.999999812117926
99.0,243.0,129.88369750976562,4.999999806049937,-4.999999251199697,4.999998947196251,4.9999999610175125,4.999999637242654,-4.99999973815471,4.999999991502106,-4.999999986226478,4.999999970591272,-4.99999981513269
99.0,243.0,129.88369750976562,4.999996817192532,-4.9999999961486825,4.999999886712574,4.999999993677881,4.999999951972019,-4.99999999214729,4.999999993168378,-4.999999754364145,4.999999768412532,-4.9999999571282
99.0,243.0,129.88369750976562,4.999998606453361,-4.999999967097521,4.999999321861807,4.999999962717195,4.999999947661522,-4.999999789263498,4.99999999208419,-4.999999906501496,4.999999778015517,-4.999999847692139
99.0,243.0,129.88369750976562,4.99999794567742,-4.999999745982114,4.9999981791936365,4.999999999930876,4.999999822470288,-4.999999697272686,4.999999994796385,-4.999999977415241,4.999999891457886,-4.999999805100348
99.0,243.0,129.88369750976562,4.999999680862515,-4.99999997561649,4.999999202349345,4.99999999429044,4.999999927730237,-4.999999920520677,4.999999988940113,-4.999999994608891,4.999999782866002,-4.999999903689904
99.0,243.0,129.88369750976562,4.999999183012706,-4.999999974235221,4.999999463986834,4.999999327473602,4.999999783544061,-4.99999915025275,4.999999987185736,-4.999999867604896,4.999999818737461,-4.999999985414883
99.0,243.0,129.88369750976562,4.9999999314070624,-4.999999977164306,4.99999969515634,4.999999991326789,4.999999940856364,-4.999998869351892,4.999999987627247,-4.999999945700272,4.999999971660626,-4.999999810219067
99.0,243.0,129.88369750976562,4.999996823954189,-4.999999916628447,4.99999902821954,4.999999998910966,4.999999996940279,-4.999999999803713,4.999999991662074,-4.999999960427447,4.9999998946986,-4.999999935633479
99.0,243.0,129.88369750976562,4.999994036822713,-4.999999982175494,4.999999763997581,4.999999791426465,4.999999979222971,-4.999999826978064,4.999999954970688,-4.999999902171339,4.999999878648276,-4.999999856302477
99.0,243.0,129.88369750976562,4.999999715336943,-4.999999966281545,4.999999382106655,4.999999339237378,4.999999996543513,-4.999999155092524,4.999999984429609,-4.999999948370068,4.999999869552524,-4.999999787907971
99.0,243.0,129.88369750976562,4.999999887249757,-4.999999998812916,4.999999435001985,4.999999729158584,4.999999771087743,-4.999999963759121,4.999999998608711,-4.999999830162187,4.999999995460857,-4.999999986039774
99.0,243.0,129.88369750976562,4.999997848523721,-4.999999984595642,4.999999999909912,4.99999967851701,4.999999771944335,-4.999999712500664,4.999999992428423,-4.999999855416005,4.999999988648389,-4.999999984603841
99.0,243.0,129.88369750976562,4.999999311338192,-4.99999968556676,4.999999999516432,4.999999920861966,4.999999834066658,-4.999999875062828,4.999999987501207,-4.999999934149787,4.99999999438496,-4.999999715451437
99.0,243.0,129.88369750976562,4.999999332606898,-4.99999987921171,4.999997672003195,4.999999999130307,4.999999987068961,-4.999999391400978,4.999999881618264,-4.999999962461375,4.999999960683903,-4.9999998330569415
99.0,243.0,129.88369750976562,4.999998997692642,-4.99999960768909,4.99999923965388,4.999999354472283,4.999999809071095,-4.99999928648632,4.999999981284434,-4.999999990135484,4.999999895486772,-4.9999997821949975
99.0,243.0,129.88369750976562,4.999997794613169,-4.999999994968411,4.999999700250042,4.999999807635453,4.999999872574834,-4.999999711134512,4.9999999916002125,-4.999999831741189,4.999999772149894,-4.999999971336751
99.0,243.0,129.88369750976562,4.999999416961559,-4.9999998192065975,4.9999998301616175,4.99999977527742,4.999999992096949,-4.999999163404482,4.999999997241344,-4.999999847567556,4.999999974221716,-4.999999952970255
99.0,243.0,129.88369750976562,4.999999981170396,-4.9999997823737,4.999998498843815,4.999999843951444,4.999999897326526,-4.999998894442202,4.999999998208035,-4.999999895942649,4.9999999691314665,-4.9999998934854055
99.0,243.0,129.88369750976562,4.999999741173489,-4.999999993582172,4.999999999451509,4.999999892613308,4.999999997414791,-4.999999237409626,4.999999987170426,-4.9999999152004815,4.9999999808456685,-4.999999794400818
99.0,243.0,129.88369750976562,4.999999345207459,-4.999999993722049,4.9999998700453006,4.999999989117844,4.999999027698371,-4.9999999701882585,4.999999998324208,-4.999999646864791,4.999999830820786,-4.999999787047818
99.0,243.0,129.88369750976562,4.9999986757860615,-4.999999999218806,4.999999878323842,4.999999327811468,4.999999362974338,-4.999999281227645,4.999999830737515,-4.999999908132855,4.99999992338825,-4.999999994948498
99.0,243.0,129.88369750976562,4.999999449943063,-4.999999303802615,4.99999999952307,4.99999808374537,4.999999732397546,-4.999999900600439,4.999999995394439,-4.999999632403084,4.999999983514357,-4.999999837905348
99.0,243.0,129.88369750976562,4.999998496912111,-4.999999989891806,4.999999909341342,4.999999344437173,4.999999434147933,-4.999999909920462,4.999999992076868,-4.999999998754437,4.999999997221336,-4.999999831367987
99.0,243.0,129.88369750976562,4.999999010610915,-4.999999621339404,4.999999548326307,4.999999631160248,4.999999809506734,-4.999999327644871,4.999999982654843,-4.9999999999303935,4.999999951133344,-4.999999785441421
99.0,243.0,129.88369750976562,4.99999853932028,-4.99999999573994,4.999999823329526,4.999999616104926,4.999999985074468,-4.99999924243606,4.999999978140074,-4.999999998223117,4.99999984008117,-4.99999979377997
99.0,243.0,129.88369750976562,4.999999802626299,-4.99999962849201,4.999999556263097,4.999999608950152,4.999999772831954,-4.999999963725715,4.999999990420739,-4.999999999110986,4.999999999947836,-4.99999993693096
99.0,243.0,129.88369750976562,4.999999749665182,-4.99999996553812,4.999999998129521,4.999999986834452,4.9999999847226615,-4.999999424088628,4.99999998628288,-4.999999948152202,4.99999997081034,-4.999999862543062
99.0,243.0,129.88369750976562,4.999999961330736,-4.999999986262006,4.9999990000301375,4.999999991826343,4.999999989788966,-4.999998795645917,4.999999996349182,-4.999999904308723,4.999999980174233,-4.99999979061049
99.0,243.0,129.88369750976562,4.99999913198806,-4.999999236368906,4.999998539167445,4.999999994468097,4.999999623536006,-4.999999991689277,4.999999990784682,-4.999999999393535,4.9999999524299525,-4.999999802885343
99.0,243.0,129.88369750976562,4.999999707353453,-4.99999999068575,4.99999999888026,4.999999572208655,4.999999987071203,-4.999999514843929,4.99999998784261,-4.999999829391609,4.999999978103313,-4.999999862609295
99.0,243.0,129.88369750976562,4.99999818940679,-4.999999985169978,4.999999089173883,4.999999964357452,4.999999974671473,-4.999999821271656,4.999999981755144,-4.9999999031447455,4.999999730325605,-4.99999981956244
99.0,243.0,129.88369750976562,4.999996143607362,-4.999999953553816,4.999998824072994,4.999999963998286,4.999999998480842,-4.999999728901685,4.99999999707503,-4.999999915862702,4.999999785396371,-4.9999998143112885
99.0,243.0,129.88369750976562,4.99999747882021,-4.999999561244506,4.999997951442406,4.999999997257871,4.999999756577654,-4.9999999058399,4.9999999916249775,-4.999999999632848,4.99999985337096,-4.999999791088314
99.0,243.0,129.88369750976562,4.999999438487697,-4.999999796627321,4.999999776709867,4.999999687578283,4.999999902695179,-4.999999504039164,4.999999991377257,-4.999999881208799,4.999999989253658,-4.999999787880507
99.0,243.0,129.88369750976562,4.999997723464944,-4.999999914316026,4.999998346539417,4.999999997561368,4.999999906517921,-4.999999996434336,4.999999992304069,-4.999999999784648,4.999999851110273,-4.999999944636614
99.0,243.0,129.88369750976562,4.999999082999102,-4.999999998575135,4.999999923411387,4.999999616023865,4.999999562933701,-4.999999263798827,4.999999828449685,-4.99999987583053,4.999999921970063,-4.999999975210635
99.0,243.0,129.88369750976562,4.999998420522251,-4.999999998042998,4.999999914079867,4.999999601719067,4.99999956633628,-4.99999972375463,4.999999830678156,-4.999999856231142,4.999999825147508,-4.999999993947171
99.0,243.0,129.88369750976562,4.9999936208055455,-4.999999990353143,4.999999536573551,4.999999928995921,4.99999999588025,-4.999999969590231,4.999999955324155,-4.999999914817687,4.999999773029205,-4.999999886208292
99.0,243.0,129.88369750976562,4.999999499487384,-4.9999999793994485,4.999999999002201,4.999999997605267,4.99999950880523,-4.999998865370355,4.999999980559231,-4.999999997051294,4.999999998987393,-4.999999895662702
99.0,243.0,129.88369750976562,4.999996699700624,-4.999999015401074,4.999999318968296,4.999999824358751,4.9999996573614105,-4.999999992908959,4.999999994666214,-4.999999999504531,4.999999995753315,-4.999999800510238
99.0,244.0,129.88369750976562,4.999998393049736,-4.9999999639205885,4.999999183393896,4.999999959514477,4.999999970001494,-4.999999744478762,4.999999985735578,-4.999999941534595,4.999999802560382,-4.999999769906124
99.0,244.0,129.88369750976562,4.999999951906325,-4.999998898814851,4.999999972812911,4.99999889734371,4.999999336994564,-4.999999972530881,4.999999999740183,-4.999999494778904,4.999999998780333,-4.999999984983752
99.0,244.0,129.88369750976562,4.999998675152282,-4.999999625946577,4.999999844447411,4.999999738929781,4.999999401137268,-4.999999966940284,4.999999990278488,-4.999999998950593,4.999999997990818,-4.999999837434982
99.0,244.0,129.88369750976562,4.999998616214041,-4.999999991523842,4.999999366109704,4.999999970762889,4.999999771127303,-4.999999910841129,4.999999994452367,-4.999999833078548,4.9999996812358765,-4.99999997513447
99.0,244.0,129.88369750976562,4.999999325360284,-4.999999999795323,4.999999966222046,4.999999806679261,4.999999988963234,-4.999999477304353,4.999999997872225,-4.999999788228831,4.999999933757616,-4.999999938925822
99.0,244.0,129.88369750976562,4.999999043189739,-4.999999989710178,4.999999744927569,4.9999999542146,4.999999990192108,-4.999999519371047,4.999999998849224,-4.9999998180231575,4.999999975233592,-4.999999786528934
99.0,244.0,129.88369750976562,4.999995284099716,-4.999999993854802,4.999999176089284,4.999999887744916,4.999999984064953,-4.999999317150085,4.999999996228367,-4.9999998637642,4.999999826946553,-4.999999779491851
99.0,244.0,129.88369750976562,4.999999650356557,-4.999999999825788,4.999999466478899,4.999999842161449,4.999999995023709,-4.9999989375958975,4.999999998979735,-4.999999773308298,4.999999926652253,-4.999999976505348
99.0,244.0,129.88369750976562,4.999995840834285,-4.999999816936498,4.999999502284775,4.999999780348846,4.999999984336632,-4.9999993143547865,4.999999992522435,-4.9999998901283496,4.999999935636334,-4.999999969487007
99.0,244.0,129.88369750976562,4.99999995878383,-4.999999975442021,4.999999528086171,4.999999993221739,4.9999998901326,-4.999998969205199,4.999999989053324,-4.999999946368952,4.999999926203617,-4.999999812117926
99.0,244.0,129.88369750976562,4.999999806049937,-4.999999251199697,4.999998947196251,4.9999999610175125,4.999999637242654,-4.99999973815471,4.999999991502106,-4.999999986226478,4.999999970591272,-4.99999981513269
99.0,244.0,129.88369750976562,4.999996817192532,-4.9999999961486825,4.999999886712574,4.999999993677881,4.999999951972019,-4.99999999214729,4.999999993168378,-4.999999754364145,4.999999768412532,-4.9999999571282
99.0,244.0,129.88369750976562,4.999998606453361,-4.999999967097521,4.999999321861807,4.999999962717195,4.999999947661522,-4.999999789263498,4.99999999208419,-4.999999906501496,4.999999778015517,-4.999999847692139
99.0,244.0,129.88369750976562,4.99999794567742,-4.999999745982114,4.9999981791936365,4.999999999930876,4.999999822470288,-4.999999697272686,4.999999994796385,-4.999999977415241,4.999999891457886,-4.999999805100348
99.0,244.0,129.88369750976562,4.999999680862515,-4.99999997561649,4.999999202349345,4.99999999429044,4.999999927730237,-4.999999920520677,4.999999988940113,-4.999999994608891,4.999999782866002,-4.999999903689904
99.0,244.0,129.88369750976562,4.999999183012706,-4.999999974235221,4.999999463986834,4.999999327473602,4.999999783544061,-4.99999915025275,4.999999987185736,-4.999999867604896,4.999999818737461,-4.999999985414883
99.0,244.0,129.88369750976562,4.9999999314070624,-4.999999977164306,4.99999969515634,4.999999991326789,4.999999940856364,-4.999998869351892,4.999999987627247,-4.999999945700272,4.999999971660626,-4.999999810219067
99.0,244.0,129.88369750976562,4.999996823954189,-4.999999916628447,4.99999902821954,4.999999998910966,4.999999996940279,-4.999999999803713,4.999999991662074,-4.999999960427447,4.9999998946986,-4.999999935633479
99.0,244.0,129.88369750976562,4.999994036822713,-4.999999982175494,4.999999763997581,4.999999791426465,4.999999979222971,-4.999999826978064,4.999999954970688,-4.999999902171339,4.999999878648276,-4.999999856302477
99.0,244.0,129.88369750976562,4.999999715336943,-4.999999966281545,4.999999382106655,4.999999339237378,4.999999996543513,-4.999999155092524,4.999999984429609,-4.999999948370068,4.999999869552524,-4.999999787907971
99.0,244.0,129.88369750976562,4.999999887249757,-4.999999998812916,4.999999435001985,4.999999729158584,4.999999771087743,-4.999999963759121,4.999999998608711,-4.999999830162187,4.999999995460857,-4.999999986039774
99.0,244.0,129.88369750976562,4.999997848523721,-4.999999984595642,4.999999999909912,4.99999967851701,4.999999771944335,-4.999999712500664,4.999999992428423,-4.999999855416005,4.999999988648389,-4.999999984603841
99.0,244.0,129.88369750976562,4.999999311338192,-4.99999968556676,4.999999999516432,4.999999920861966,4.999999834066658,-4.999999875062828,4.999999987501207,-4.999999934149787,4.99999999438496,-4.999999715451437
99.0,244.0,129.88369750976562,4.999999332606898,-4.99999987921171,4.999997672003195,4.999999999130307,4.999999987068961,-4.999999391400978,4.999999881618264,-4.999999962461375,4.999999960683903,-4.9999998330569415
99.0,244.0,129.88369750976562,4.999998997692642,-4.99999960768909,4.99999923965388,4.999999354472283,4.999999809071095,-4.99999928648632,4.999999981284434,-4.999999990135484,4.999999895486772,-4.9999997821949975
99.0,244.0,129.88369750976562,4.999997794613169,-4.999999994968411,4.999999700250042,4.999999807635453,4.999999872574834,-4.999999711134512,4.9999999916002125,-4.999999831741189,4.999999772149894,-4.999999971336751
99.0,244.0,129.88369750976562,4.999999416961559,-4.9999998192065975,4.9999998301616175,4.99999977527742,4.999999992096949,-4.999999163404482,4.999999997241344,-4.999999847567556,4.999999974221716,-4.999999952970255
99.0,244.0,129.88369750976562,4.999999981170396,-4.9999997823737,4.999998498843815,4.999999843951444,4.999999897326526,-4.999998894442202,4.999999998208035,-4.999999895942649,4.9999999691314665,-4.9999998934854055
99.0,244.0,129.88369750976562,4.999999741173489,-4.999999993582172,4.999999999451509,4.999999892613308,4.999999997414791,-4.999999237409626,4.999999987170426,-4.9999999152004815,4.9999999808456685,-4.999999794400818
99.0,244.0,129.88369750976562,4.999999345207459,-4.999999993722049,4.9999998700453006,4.999999989117844,4.999999027698371,-4.9999999701882585,4.999999998324208,-4.999999646864791,4.999999830820786,-4.999999787047818
99.0,244.0,129.88369750976562,4.9999986757860615,-4.999999999218806,4.999999878323842,4.999999327811468,4.999999362974338,-4.999999281227645,4.999999830737515,-4.999999908132855,4.99999992338825,-4.999999994948498
99.0,244.0,129.88369750976562,4.999999449943063,-4.999999303802615,4.99999999952307,4.99999808374537,4.999999732397546,-4.999999900600439,4.999999995394439,-4.999999632403084,4.999999983514357,-4.999999837905348
99.0,244.0,129.88369750976562,4.999998496912111,-4.999999989891806,4.999999909341342,4.999999344437173,4.999999434147933,-4.999999909920462,4.999999992076868,-4.999999998754437,4.999999997221336,-4.999999831367987
99.0,244.0,129.88369750976562,4.999999010610915,-4.999999621339404,4.999999548326307,4.999999631160248,4.999999809506734,-4.999999327644871,4.999999982654843,-4.9999999999303935,4.999999951133344,-4.999999785441421
99.0,244.0,129.88369750976562,4.99999853932028,-4.99999999573994,4.999999823329526,4.999999616104926,4.999999985074468,-4.99999924243606,4.999999978140074,-4.999999998223117,4.99999984008117,-4.99999979377997
99.0,244.0,129.88369750976562,4.999999802626299,-4.99999962849201,4.999999556263097,4.999999608950152,4.999999772831954,-4.999999963725715,4.999999990420739,-4.999999999110986,4.999999999947836,-4.99999993693096
99.0,244.0,129.88369750976562,4.999999749665182,-4.99999996553812,4.999999998129521,4.999999986834452,4.9999999847226615,-4.999999424088628,4.99999998628288,-4.999999948152202,4.99999997081034,-4.999999862543062
99.0,244.0,129.88369750976562,4.999999961330736,-4.999999986262006,4.9999990000301375,4.999999991826343,4.999999989788966,-4.999998795645917,4.999999996349182,-4.999999904308723,4.999999980174233,-4.99999979061049
99.0,244.0,129.88369750976562,4.99999913198806,-4.999999236368906,4.999998539167445,4.999999994468097,4.999999623536006,-4.999999991689277,4.999999990784682,-4.999999999393535,4.9999999524299525,-4.999999802885343
99.0,244.0,129.88369750976562,4.999999707353453,-4.99999999068575,4.99999999888026,4.999999572208655,4.999999987071203,-4.999999514843929,4.99999998784261,-4.999999829391609,4.999999978103313,-4.999999862609295
99.0,244.0,129.88369750976562,4.99999818940679,-4.999999985169978,4.999999089173883,4.999999964357452,4.999999974671473,-4.999999821271656,4.999999981755144,-4.9999999031447455,4.999999730325605,-4.99999981956244
99.0,244.0,129.88369750976562,4.999996143607362,-4.999999953553816,4.999998824072994,4.999999963998286,4.999999998480842,-4.999999728901685,4.99999999707503,-4.999999915862702,4.999999785396371,-4.9999998143112885
99.0,244.0,129.88369750976562,4.99999747882021,-4.999999561244506,4.999997951442406,4.999999997257871,4.999999756577654,-4.9999999058399,4.9999999916249775,-4.999999999632848,4.99999985337096,-4.999999791088314
99.0,244.0,129.88369750976562,4.999999438487697,-4.999999796627321,4.999999776709867,4.999999687578283,4.999999902695179,-4.999999504039164,4.999999991377257,-4.999999881208799,4.999999989253658,-4.999999787880507
99.0,244.0,129.88369750976562,4.999997723464944,-4.999999914316026,4.999998346539417,4.999999997561368,4.999999906517921,-4.999999996434336,4.999999992304069,-4.999999999784648,4.999999851110273,-4.999999944636614
99.0,244.0,129.88369750976562,4.999999082999102,-4.999999998575135,4.999999923411387,4.999999616023865,4.999999562933701,-4.999999263798827,4.999999828449685,-4.99999987583053,4.999999921970063,-4.999999975210635
99.0,244.0,129.88369750976562,4.999998420522251,-4.999999998042998,4.999999914079867,4.999999601719067,4.99999956633628,-4.99999972375463,4.999999830678156,-4.999999856231142,4.999999825147508,-4.999999993947171
99.0,244.0,129.88369750976562,4.9999936208055455,-4.999999990353143,4.999999536573551,4.999999928995921,4.99999999588025,-4.999999969590231,4.999999955324155,-4.999999914817687,4.999999773029205,-4.999999886208292
99.0,244.0,129.88369750976562,4.999999499487384,-4.9999999793994485,4.999999999002201,4.999999997605267,4.99999950880523,-4.999998865370355,4.999999980559231,-4.999999997051294,4.999999998987393,-4.999999895662702
99.0,244.0,129.88369750976562,4.999996699700624,-4.999999015401074,4.999999318968296,4.999999824358751,4.9999996573614105,-4.999999992908959,4.999999994666214,-4.999999999504531,4.999999995753315,-4.999999800510238
99.0,245.0,129.88369750976562,4.999998393049736,-4.9999999639205885,4.999999183393896,4.999999959514477,4.999999970001494,-4.999999744478762,4.999999985735578,-4.999999941534595,4.999999802560382,-4.999999769906124
99.0,245.0,129.88369750976562,4.999999951906325,-4.999998898814851,4.999999972812911,4.99999889734371,4.999999336994564,-4.999999972530881,4.999999999740183,-4.999999494778904,4.999999998780333,-4.999999984983752
99.0,245.0,129.88369750976562,4.999998675152282,-4.999999625946577,4.999999844447411,4.999999738929781,4.999999401137268,-4.999999966940284,4.999999990278488,-4.999999998950593,4.999999997990818,-4.999999837434982
99.0,245.0,129.88369750976562,4.999998616214041,-4.999999991523842,4.999999366109704,4.999999970762889,4.999999771127303,-4.999999910841129,4.999999994452367,-4.999999833078548,4.9999996812358765,-4.99999997513447
99.0,245.0,129.88369750976562,4.999999325360284,-4.999999999795323,4.999999966222046,4.999999806679261,4.999999988963234,-4.999999477304353,4.999999997872225,-4.999999788228831,4.999999933757616,-4.999999938925822
99.0,245.0,129.88369750976562,4.999999043189739,-4.999999989710178,4.999999744927569,4.9999999542146,4.999999990192108,-4.999999519371047,4.999999998849224,-4.9999998180231575,4.999999975233592,-4.999999786528934
99.0,245.0,129.88369750976562,4.999995284099716,-4.999999993854802,4.999999176089284,4.999999887744916,4.999999984064953,-4.999999317150085,4.999999996228367,-4.9999998637642,4.999999826946553,-4.999999779491851
99.0,245.0,129.88369750976562,4.999999650356557,-4.999999999825788,4.999999466478899,4.999999842161449,4.999999995023709,-4.9999989375958975,4.999999998979735,-4.999999773308298,4.999999926652253,-4.999999976505348
99.0,245.0,129.88369750976562,4.999995840834285,-4.999999816936498,4.999999502284775,4.999999780348846,4.999999984336632,-4.9999993143547865,4.999999992522435,-4.9999998901283496,4.999999935636334,-4.999999969487007
99.0,245.0,129.88369750976562,4.99999995878383,-4.999999975442021,4.999999528086171,4.999999993221739,4.9999998901326,-4.999998969205199,4.999999989053324,-4.999999946368952,4.999999926203617,-4.999999812117926
99.0,245.0,129.88369750976562,4.999999806049937,-4.999999251199697,4.999998947196251,4.9999999610175125,4.999999637242654,-4.99999973815471,4.999999991502106,-4.999999986226478,4.999999970591272,-4.99999981513269
99.0,245.0,129.88369750976562,4.999996817192532,-4.9999999961486825,4.999999886712574,4.999999993677881,4.999999951972019,-4.99999999214729,4.999999993168378,-4.999999754364145,4.999999768412532,-4.9999999571282
99.0,245.0,129.88369750976562,4.999998606453361,-4.999999967097521,4.999999321861807,4.999999962717195,4.999999947661522,-4.999999789263498,4.99999999208419,-4.999999906501496,4.999999778015517,-4.999999847692139
99.0,245.0,129.88369750976562,4.99999794567742,-4.999999745982114,4.9999981791936365,4.999999999930876,4.999999822470288,-4.999999697272686,4.999999994796385,-4.999999977415241,4.999999891457886,-4.999999805100348
99.0,245.0,129.88369750976562,4.999999680862515,-4.99999997561649,4.999999202349345,4.99999999429044,4.999999927730237,-4.999999920520677,4.999999988940113,-4.999999994608891,4.999999782866002,-4.999999903689904
99.0,245.0,129.88369750976562,4.999999183012706,-4.999999974235221,4.999999463986834,4.999999327473602,4.999999783544061,-4.99999915025275,4.999999987185736,-4.999999867604896,4.999999818737461,-4.999999985414883
99.0,245.0,129.88369750976562,4.9999999314070624,-4.999999977164306,4.99999969515634,4.999999991326789,4.999999940856364,-4.999998869351892,4.999999987627247,-4.999999945700272,4.999999971660626,-4.999999810219067
99.0,245.0,129.88369750976562,4.999996823954189,-4.999999916628447,4.99999902821954,4.999999998910966,4.999999996940279,-4.999999999803713,4.999999991662074,-4.999999960427447,4.9999998946986,-4.999999935633479
99.0,245.0,129.88369750976562,4.999994036822713,-4.999999982175494,4.999999763997581,4.999999791426465,4.999999979222971,-4.999999826978064,4.999999954970688,-4.999999902171339,4.999999878648276,-4.999999856302477
99.0,245.0,129.88369750976562,4.999999715336943,-4.999999966281545,4.999999382106655,4.999999339237378,4.999999996543513,-4.999999155092524,4.999999984429609,-4.999999948370068,4.999999869552524,-4.999999787907971
99.0,245.0,129.88369750976562,4.999999887249757,-4.999999998812916,4.999999435001985,4.999999729158584,4.999999771087743,-4.999999963759121,4.999999998608711,-4.999999830162187,4.999999995460857,-4.999999986039774
99.0,245.0,129.88369750976562,4.999997848523721,-4.999999984595642,4.999999999909912,4.99999967851701,4.999999771944335,-4.999999712500664,4.999999992428423,-4.999999855416005,4.999999988648389,-4.999999984603841
99.0,245.0,129.88369750976562,4.999999311338192,-4.99999968556676,4.999999999516432,4.999999920861966,4.999999834066658,-4.999999875062828,4.999999987501207,-4.999999934149787,4.99999999438496,-4.999999715451437
99.0,245.0,129.88369750976562,4.999999332606898,-4.99999987921171,4.999997672003195,4.999999999130307,4.999999987068961,-4.999999391400978,4.999999881618264,-4.999999962461375,4.999999960683903,-4.9999998330569415
99.0,245.0,129.88369750976562,4.999998997692642,-4.99999960768909,4.99999923965388,4.999999354472283,4.999999809071095,-4.99999928648632,4.999999981284434,-4.999999990135484,4.999999895486772,-4.9999997821949975
99.0,245.0,129.88369750976562,4.999997794613169,-4.999999994968411,4.999999700250042,4.999999807635453,4.999999872574834,-4.999999711134512,4.9999999916002125,-4.999999831741189,4.999999772149894,-4.999999971336751
99.0,245.0,129.88369750976562,4.999999416961559,-4.9999998192065975,4.9999998301616175,4.99999977527742,4.999999992096949,-4.999999163404482,4.999999997241344,-4.999999847567556,4.999999974221716,-4.999999952970255
99.0,245.0,129.88369750976562,4.999999981170396,-4.9999997823737,4.999998498843815,4.999999843951444,4.999999897326526,-4.999998894442202,4.999999998208035,-4.999999895942649,4.9999999691314665,-4.9999998934854055
99.0,245.0,129.88369750976562,4.999999741173489,-4.999999993582172,4.999999999451509,4.999999892613308,4.999999997414791,-4.999999237409626,4.999999987170426,-4.9999999152004815,4.9999999808456685,-4.999999794400818
99.0,245.0,129.88369750976562,4.999999345207459,-4.999999993722049,4.9999998700453006,4.999999989117844,4.999999027698371,-4.9999999701882585,4.999999998324208,-4.999999646864791,4.999999830820786,-4.999999787047818
99.0,245.0,129.88369750976562,4.9999986757860615,-4.999999999218806,4.999999878323842,4.999999327811468,4.999999362974338,-4.999999281227645,4.999999830737515,-4.999999908132855,4.99999992338825,-4.999999994948498
99.0,245.0,129.88369750976562,4.999999449943063,-4.999999303802615,4.99999999952307,4.99999808374537,4.999999732397546,-4.999999900600439,4.999999995394439,-4.999999632403084,4.999999983514357,-4.999999837905348
99.0,245.0,129.88369750976562,4.999998496912111,-4.999999989891806,4.999999909341342,4.999999344437173,4.999999434147933,-4.999999909920462,4.999999992076868,-4.999999998754437,4.999999997221336,-4.999999831367987
99.0,245.0,129.88369750976562,4.999999010610915,-4.999999621339404,4.999999548326307,4.999999631160248,4.999999809506734,-4.999999327644871,4.999999982654843,-4.9999999999303935,4.999999951133344,-4.999999785441421
99.0,245.0,129.88369750976562,4.99999853932028,-4.99999999573994,4.999999823329526,4.999999616104926,4.999999985074468,-4.99999924243606,4.999999978140074,-4.999999998223117,4.99999984008117,-4.99999979377997
99.0,245.0,129.88369750976562,4.999999802626299,-4.99999962849201,4.999999556263097,4.999999608950152,4.999999772831954,-4.999999963725715,4.999999990420739,-4.999999999110986,4.999999999947836,-4.99999993693096
99.0,245.0,129.88369750976562,4.999999749665182,-4.99999996553812,4.999999998129521,4.999999986834452,4.9999999847226615,-4.999999424088628,4.99999998628288,-4.999999948152202,4.99999997081034,-4.999999862543062
99.0,245.0,129.88369750976562,4.999999961330736,-4.999999986262006,4.9999990000301375,4.999999991826343,4.999999989788966,-4.999998795645917,4.999999996349182,-4.999999904308723,4.999999980174233,-4.99999979061049
99.0,245.0,129.88369750976562,4.99999913198806,-4.999999236368906,4.999998539167445,4.999999994468097,4.999999623536006,-4.999999991689277,4.999999990784682,-4.999999999393535,4.9999999524299525,-4.999999802885343
99.0,245.0,129.88369750976562,4.999999707353453,-4.99999999068575,4.99999999888026,4.999999572208655,4.999999987071203,-4.999999514843929,4.99999998784261,-4.999999829391609,4.999999978103313,-4.999999862609295
99.0,245.0,129.88369750976562,4.99999818940679,-4.999999985169978,4.999999089173883,4.999999964357452,4.999999974671473,-4.999999821271656,4.999999981755144,-4.9999999031447455,4.999999730325605,-4.99999981956244
99.0,245.0,129.88369750976562,4.999996143607362,-4.999999953553816,4.999998824072994,4.999999963998286,4.999999998480842,-4.999999728901685,4.99999999707503,-4.999999915862702,4.999999785396371,-4.9999998143112885
99.0,245.0,129.88369750976562,4.99999747882021,-4.999999561244506,4.999997951442406,4.999999997257871,4.999999756577654,-4.9999999058399,4.9999999916249775,-4.999999999632848,4.99999985337096,-4.999999791088314
99.0,245.0,129.88369750976562,4.999999438487697,-4.999999796627321,4.999999776709867,4.999999687578283,4.999999902695179,-4.999999504039164,4.999999991377257,-4.999999881208799,4.999999989253658,-4.999999787880507
99.0,245.0,129.88369750976562,4.999997723464944,-4.999999914316026,4.999998346539417,4.999999997561368,4.999999906517921,-4.999999996434336,4.999999992304069,-4.999999999784648,4.999999851110273,-4.999999944636614
99.0,245.0,129.88369750976562,4.999999082999102,-4.999999998575135,4.999999923411387,4.999999616023865,4.999999562933701,-4.999999263798827,4.999999828449685,-4.99999987583053,4.999999921970063,-4.999999975210635
99.0,245.0,129.88369750976562,4.999998420522251,-4.999999998042998,4.999999914079867,4.999999601719067,4.99999956633628,-4.99999972375463,4.999999830678156,-4.999999856231142,4.999999825147508,-4.999999993947171
99.0,245.0,129.88369750976562,4.9999936208055455,-4.999999990353143,4.999999536573551,4.999999928995921,4.99999999588025,-4.999999969590231,4.999999955324155,-4.999999914817687,4.999999773029205,-4.999999886208292
99.0,245.0,129.88369750976562,4.999999499487384,-4.9999999793994485,4.999999999002201,4.999999997605267,4.99999950880523,-4.999998865370355,4.999999980559231,-4.999999997051294,4.999999998987393,-4.999999895662702
99.0,245.0,129.88369750976562,4.999996699700624,-4.999999015401074,4.999999318968296,4.999999824358751,4.9999996573614105,-4.999999992908959,4.999999994666214,-4.999999999504531,4.999999995753315,-4.999999800510238
99.0,246.0,129.88369750976562,4.999998393049736,-4.9999999639205885,4.999999183393896,4.999999959514477,4.999999970001494,-4.999999744478762,4.999999985735578,-4.999999941534595,4.999999802560382,-4.999999769906124
99.0,246.0,129.88369750976562,4.999999951906325,-4.999998898814851,4.999999972812911,4.99999889734371,4.999999336994564,-4.999999972530881,4.999999999740183,-4.999999494778904,4.999999998780333,-4.999999984983752
99.0,246.0,129.88369750976562,4.999998675152282,-4.999999625946577,4.999999844447411,4.999999738929781,4.999999401137268,-4.999999966940284,4.999999990278488,-4.999999998950593,4.999999997990818,-4.999999837434982
99.0,246.0,129.88369750976562,4.999998616214041,-4.999999991523842,4.999999366109704,4.999999970762889,4.999999771127303,-4.999999910841129,4.999999994452367,-4.999999833078548,4.9999996812358765,-4.99999997513447
99.0,246.0,129.88369750976562,4.999999325360284,-4.999999999795323,4.999999966222046,4.999999806679261,4.999999988963234,-4.999999477304353,4.999999997872225,-4.999999788228831,4.999999933757616,-4.999999938925822
99.0,246.0,129.88369750976562,4.999999043189739,-4.999999989710178,4.999999744927569,4.9999999542146,4.999999990192108,-4.999999519371047,4.999999998849224,-4.9999998180231575,4.999999975233592,-4.999999786528934
99.0,246.0,129.88369750976562,4.999995284099716,-4.999999993854802,4.999999176089284,4.999999887744916,4.999999984064953,-4.999999317150085,4.999999996228367,-4.9999998637642,4.999999826946553,-4.999999779491851
99.0,246.0,129.88369750976562,4.999999650356557,-4.999999999825788,4.999999466478899,4.999999842161449,4.999999995023709,-4.9999989375958975,4.999999998979735,-4.999999773308298,4.999999926652253,-4.999999976505348
99.0,246.0,129.88369750976562,4.999995840834285,-4.999999816936498,4.999999502284775,4.999999780348846,4.999999984336632,-4.9999993143547865,4.999999992522435,-4.9999998901283496,4.999999935636334,-4.999999969487007
99.0,246.0,129.88369750976562,4.99999995878383,-4.999999975442021,4.999999528086171,4.999999993221739,4.9999998901326,-4.999998969205199,4.999999989053324,-4.999999946368952,4.999999926203617,-4.999999812117926
99.0,246.0,129.88369750976562,4.999999806049937,-4.999999251199697,4.999998947196251,4.9999999610175125,4.999999637242654,-4.99999973815471,4.999999991502106,-4.999999986226478,4.999999970591272,-4.99999981513269
99.0,246.0,129.88369750976562,4.999996817192532,-4.9999999961486825,4.999999886712574,4.999999993677881,4.999999951972019,-4.99999999214729,4.999999993168378,-4.999999754364145,4.999999768412532,-4.9999999571282
99.0,246.0,129.88369750976562,4.999998606453361,-4.999999967097521,4.999999321861807,4.999999962717195,4.999999947661522,-4.999999789263498,4.99999999208419,-4.999999906501496,4.999999778015517,-4.999999847692139
99.0,246.0,129.88369750976562,4.99999794567742,-4.999999745982114,4.9999981791936365,4.999999999930876,4.999999822470288,-4.999999697272686,4.999999994796385,-4.999999977415241,4.999999891457886,-4.999999805100348
99.0,246.0,129.88369750976562,4.999999680862515,-4.99999997561649,4.999999202349345,4.99999999429044,4.999999927730237,-4.999999920520677,4.999999988940113,-4.999999994608891,4.999999782866002,-4.999999903689904
99.0,246.0,129.88369750976562,4.999999183012706,-4.999999974235221,4.999999463986834,4.999999327473602,4.999999783544061,-4.99999915025275,4.999999987185736,-4.999999867604896,4.999999818737461,-4.999999985414883
99.0,246.0,129.88369750976562,4.9999999314070624,-4.999999977164306,4.99999969515634,4.999999991326789,4.999999940856364,-4.999998869351892,4.999999987627247,-4.999999945700272,4.999999971660626,-4.999999810219067
99.0,246.0,129.88369750976562,4.999996823954189,-4.999999916628447,4.99999902821954,4.999999998910966,4.999999996940279,-4.999999999803713,4.999999991662074,-4.999999960427447,4.9999998946986,-4.999999935633479
99.0,246.0,129.88369750976562,4.999994036822713,-4.999999982175494,4.999999763997581,4.999999791426465,4.999999979222971,-4.999999826978064,4.999999954970688,-4.999999902171339,4.999999878648276,-4.999999856302477
99.0,246.0,129.88369750976562,4.999999715336943,-4.999999966281545,4.999999382106655,4.999999339237378,4.999999996543513,-4.999999155092524,4.999999984429609,-4.999999948370068,4.999999869552524,-4.999999787907971
99.0,246.0,129.88369750976562,4.999999887249757,-4.999999998812916,4.999999435001985,4.999999729158584,4.999999771087743,-4.999999963759121,4.999999998608711,-4.999999830162187,4.999999995460857,-4.999999986039774
99.0,246.0,129.88369750976562,4.999997848523721,-4.999999984595642,4.999999999909912,4.99999967851701,4.999999771944335,-4.999999712500664,4.999999992428423,-4.999999855416005,4.999999988648389,-4.999999984603841
99.0,246.0,129.88369750976562,4.999999311338192,-4.99999968556676,4.999999999516432,4.999999920861966,4.999999834066658,-4.999999875062828,4.999999987501207,-4.999999934149787,4.99999999438496,-4.999999715451437
99.0,246.0,129.88369750976562,4.999999332606898,-4.99999987921171,4.999997672003195,4.999999999130307,4.999999987068961,-4.999999391400978,4.999999881618264,-4.999999962461375,4.999999960683903,-4.9999998330569415
99.0,246.0,129.88369750976562,4.999998997692642,-4.99999960768909,4.99999923965388,4.999999354472283,4.999999809071095,-4.99999928648632,4.999999981284434,-4.999999990135484,4.999999895486772,-4.9999997821949975
99.0,246.0,129.88369750976562,4.999997794613169,-4.999999994968411,4.999999700250042,4.999999807635453,4.999999872574834,-4.999999711134512,4.9999999916002125,-4.999999831741189,4.999999772149894,-4.999999971336751
99.0,246.0,129.88369750976562,4.999999416961559,-4.9999998192065975,4.9999998301616175,4.99999977527742,4.999999992096949,-4.999999163404482,4.999999997241344,-4.999999847567556,4.999999974221716,-4.999999952970255
99.0,246.0,129.88369750976562,4.999999981170396,-4.9999997823737,4.999998498843815,4.999999843951444,4.999999897326526,-4.999998894442202,4.999999998208035,-4.999999895942649,4.9999999691314665,-4.9999998934854055
99.0,246.0,129.88369750976562,4.999999741173489,-4.999999993582172,4.999999999451509,4.999999892613308,4.999999997414791,-4.999999237409626,4.999999987170426,-4.9999999152004815,4.9999999808456685,-4.999999794400818
99.0,246.0,129.88369750976562,4.999999345207459,-4.999999993722049,4.9999998700453006,4.999999989117844,4.999999027698371,-4.9999999701882585,4.999999998324208,-4.999999646864791,4.999999830820786,-4.999999787047818
99.0,246.0,129.88369750976562,4.9999986757860615,-4.999999999218806,4.999999878323842,4.999999327811468,4.999999362974338,-4.999999281227645,4.999999830737515,-4.999999908132855,4.99999992338825,-4.999999994948498
99.0,246.0,129.88369750976562,4.999999449943063,-4.999999303802615,4.99999999952307,4.99999808374537,4.999999732397546,-4.999999900600439,4.999999995394439,-4.999999632403084,4.999999983514357,-4.999999837905348
99.0,246.0,129.88369750976562,4.999998496912111,-4.999999989891806,4.999999909341342,4.999999344437173,4.999999434147933,-4.999999909920462,4.999999992076868,-4.999999998754437,4.999999997221336,-4.999999831367987
99.0,246.0,129.88369750976562,4.999999010610915,-4.999999621339404,4.999999548326307,4.999999631160248,4.999999809506734,-4.999999327644871,4.999999982654843,-4.9999999999303935,4.999999951133344,-4.999999785441421
99.0,246.0,129.88369750976562,4.99999853932028,-4.99999999573994,4.999999823329526,4.999999616104926,4.999999985074468,-4.99999924243606,4.999999978140074,-4.999999998223117,4.99999984008117,-4.99999979377997
99.0,246.0,129.88369750976562,4.999999802626299,-4.99999962849201,4.999999556263097,4.999999608950152,4.999999772831954,-4.999999963725715,4.999999990420739,-4.999999999110986,4.999999999947836,-4.99999993693096
99.0,246.0,129.88369750976562,4.999999749665182,-4.99999996553812,4.999999998129521,4.999999986834452,4.9999999847226615,-4.999999424088628,4.99999998628288,-4.999999948152202,4.99999997081034,-4.999999862543062
99.0,246.0,129.88369750976562,4.999999961330736,-4.999999986262006,4.9999990000301375,4.999999991826343,4.999999989788966,-4.999998795645917,4.999999996349182,-4.999999904308723,4.999999980174233,-4.99999979061049
99.0,246.0,129.88369750976562,4.99999913198806,-4.999999236368906,4.999998539167445,4.999999994468097,4.999999623536006,-4.999999991689277,4.999999990784682,-4.999999999393535,4.9999999524299525,-4.999999802885343
99.0,246.0,129.88369750976562,4.999999707353453,-4.99999999068575,4.99999999888026,4.999999572208655,4.999999987071203,-4.999999514843929,4.99999998784261,-4.999999829391609,4.999999978103313,-4.999999862609295
99.0,246.0,129.88369750976562,4.99999818940679,-4.999999985169978,4.999999089173883,4.999999964357452,4.999999974671473,-4.999999821271656,4.999999981755144,-4.9999999031447455,4.999999730325605,-4.99999981956244
99.0,246.0,129.88369750976562,4.999996143607362,-4.999999953553816,4.999998824072994,4.999999963998286,4.999999998480842,-4.999999728901685,4.99999999707503,-4.999999915862702,4.999999785396371,-4.9999998143112885
99.0,246.0,129.88369750976562,4.99999747882021,-4.999999561244506,4.999997951442406,4.999999997257871,4.999999756577654,-4.9999999058399,4.9999999916249775,-4.999999999632848,4.99999985337096,-4.999999791088314
99.0,246.0,129.88369750976562,4.999999438487697,-4.999999796627321,4.999999776709867,4.999999687578283,4.999999902695179,-4.999999504039164,4.999999991377257,-4.999999881208799,4.999999989253658,-4.999999787880507
99.0,246.0,129.88369750976562,4.999997723464944,-4.999999914316026,4.999998346539417,4.999999997561368,4.999999906517921,-4.999999996434336,4.999999992304069,-4.999999999784648,4.999999851110273,-4.999999944636614
99.0,246.0,129.88369750976562,4.999999082999102,-4.999999998575135,4.999999923411387,4.999999616023865,4.999999562933701,-4.999999263798827,4.999999828449685,-4.99999987583053,4.999999921970063,-4.999999975210635
99.0,246.0,129.88369750976562,4.999998420522251,-4.999999998042998,4.999999914079867,4.999999601719067,4.99999956633628,-4.99999972375463,4.999999830678156,-4.999999856231142,4.999999825147508,-4.999999993947171
99.0,246.0,129.88369750976562,4.9999936208055455,-4.999999990353143,4.999999536573551,4.999999928995921,4.99999999588025,-4.999999969590231,4.999999955324155,-4.999999914817687,4.999999773029205,-4.999999886208292
99.0,246.0,129.88369750976562,4.999999499487384,-4.9999999793994485,4.999999999002201,4.999999997605267,4.99999950880523,-4.999998865370355,4.999999980559231,-4.999999997051294,4.999999998987393,-4.999999895662702
99.0,246.0,129.88369750976562,4.999996699700624,-4.999999015401074,4.999999318968296,4.999999824358751,4.9999996573614105,-4.999999992908959,4.999999994666214,-4.999999999504531,4.999999995753315,-4.999999800510238
99.0,247.0,129.88369750976562,4.999998393049736,-4.9999999639205885,4.999999183393896,4.999999959514477,4.999999970001494,-4.999999744478762,4.999999985735578,-4.999999941534595,4.999999802560382,-4.999999769906124
99.0,247.0,129.88369750976562,4.999999951906325,-4.999998898814851,4.999999972812911,4.99999889734371,4.999999336994564,-4.999999972530881,4.999999999740183,-4.999999494778904,4.999999998780333,-4.999999984983752
99.0,247.0,129.88369750976562,4.999998675152282,-4.999999625946577,4.999999844447411,4.999999738929781,4.999999401137268,-4.999999966940284,4.999999990278488,-4.999999998950593,4.999999997990818,-4.999999837434982
99.0,247.0,129.88369750976562,4.999998616214041,-4.999999991523842,4.999999366109704,4.999999970762889,4.999999771127303,-4.999999910841129,4.999999994452367,-4.999999833078548,4.9999996812358765,-4.99999997513447
99.0,247.0,129.88369750976562,4.999999325360284,-4.999999999795323,4.999999966222046,4.999999806679261,4.999999988963234,-4.999999477304353,4.999999997872225,-4.999999788228831,4.999999933757616,-4.999999938925822
99.0,247.0,129.88369750976562,4.999999043189739,-4.999999989710178,4.999999744927569,4.9999999542146,4.999999990192108,-4.999999519371047,4.999999998849224,-4.9999998180231575,4.999999975233592,-4.999999786528934
99.0,247.0,129.88369750976562,4.999995284099716,-4.999999993854802,4.999999176089284,4.999999887744916,4.999999984064953,-4.999999317150085,4.999999996228367,-4.9999998637642,4.999999826946553,-4.999999779491851
99.0,247.0,129.88369750976562,4.999999650356557,-4.999999999825788,4.999999466478899,4.999999842161449,4.999999995023709,-4.9999989375958975,4.999999998979735,-4.999999773308298,4.999999926652253,-4.999999976505348
99.0,247.0,129.88369750976562,4.999995840834285,-4.999999816936498,4.999999502284775,4.999999780348846,4.999999984336632,-4.9999993143547865,4.999999992522435,-4.9999998901283496,4.999999935636334,-4.999999969487007
99.0,247.0,129.88369750976562,4.99999995878383,-4.999999975442021,4.999999528086171,4.999999993221739,4.9999998901326,-4.999998969205199,4.999999989053324,-4.999999946368952,4.999999926203617,-4.999999812117926
99.0,247.0,129.88369750976562,4.999999806049937,-4.999999251199697,4.999998947196251,4.9999999610175125,4.999999637242654,-4.99999973815471,4.999999991502106,-4.999999986226478,4.999999970591272,-4.99999981513269
99.0,247.0,129.88369750976562,4.999996817192532,-4.9999999961486825,4.999999886712574,4.999999993677881,4.999999951972019,-4.99999999214729,4.999999993168378,-4.999999754364145,4.999999768412532,-4.9999999571282
99.0,247.0,129.88369750976562,4.999998606453361,-4.999999967097521,4.999999321861807,4.999999962717195,4.999999947661522,-4.999999789263498,4.99999999208419,-4.999999906501496,4.999999778015517,-4.999999847692139
99.0,247.0,129.88369750976562,4.99999794567742,-4.999999745982114,4.9999981791936365,4.999999999930876,4.999999822470288,-4.999999697272686,4.999999994796385,-4.999999977415241,4.999999891457886,-4.999999805100348
99.0,247.0,129.88369750976562,4.999999680862515,-4.99999997561649,4.999999202349345,4.99999999429044,4.999999927730237,-4.999999920520677,4.999999988940113,-4.999999994608891,4.999999782866002,-4.999999903689904
99.0,247.0,129.88369750976562,4.999999183012706,-4.999999974235221,4.999999463986834,4.999999327473602,4.999999783544061,-4.99999915025275,4.999999987185736,-4.999999867604896,4.999999818737461,-4.999999985414883
99.0,247.0,129.88369750976562,4.9999999314070624,-4.999999977164306,4.99999969515634,4.999999991326789,4.999999940856364,-4.999998869351892,4.999999987627247,-4.999999945700272,4.999999971660626,-4.999999810219067
99.0,247.0,129.88369750976562,4.999996823954189,-4.999999916628447,4.99999902821954,4.999999998910966,4.999999996940279,-4.999999999803713,4.999999991662074,-4.999999960427447,4.9999998946986,-4.999999935633479
99.0,247.0,129.88369750976562,4.999994036822713,-4.999999982175494,4.999999763997581,4.999999791426465,4.999999979222971,-4.999999826978064,4.999999954970688,-4.999999902171339,4.999999878648276,-4.999999856302477
99.0,247.0,129.88369750976562,4.999999715336943,-4.999999966281545,4.999999382106655,4.999999339237378,4.999999996543513,-4.999999155092524,4.999999984429609,-4.999999948370068,4.999999869552524,-4.999999787907971
99.0,247.0,129.88369750976562,4.999999887249757,-4.999999998812916,4.999999435001985,4.999999729158584,4.999999771087743,-4.999999963759121,4.999999998608711,-4.999999830162187,4.999999995460857,-4.999999986039774
99.0,247.0,129.88369750976562,4.999997848523721,-4.999999984595642,4.999999999909912,4.99999967851701,4.999999771944335,-4.999999712500664,4.999999992428423,-4.999999855416005,4.999999988648389,-4.999999984603841
99.0,247.0,129.88369750976562,4.999999311338192,-4.99999968556676,4.999999999516432,4.999999920861966,4.999999834066658,-4.999999875062828,4.999999987501207,-4.999999934149787,4.99999999438496,-4.999999715451437
99.0,247.0,129.88369750976562,4.999999332606898,-4.99999987921171,4.999997672003195,4.999999999130307,4.999999987068961,-4.999999391400978,4.999999881618264,-4.999999962461375,4.999999960683903,-4.9999998330569415
99.0,247.0,129.88369750976562,4.999998997692642,-4.99999960768909,4.99999923965388,4.999999354472283,4.999999809071095,-4.99999928648632,4.999999981284434,-4.999999990135484,4.999999895486772,-4.9999997821949975
99.0,247.0,129.88369750976562,4.999997794613169,-4.999999994968411,4.999999700250042,4.999999807635453,4.999999872574834,-4.999999711134512,4.9999999916002125,-4.999999831741189,4.999999772149894,-4.999999971336751
99.0,247.0,129.88369750976562,4.999999416961559,-4.9999998192065975,4.9999998301616175,4.99999977527742,4.999999992096949,-4.999999163404482,4.999999997241344,-4.999999847567556,4.999999974221716,-4.999999952970255
99.0,247.0,129.88369750976562,4.999999981170396,-4.9999997823737,4.999998498843815,4.999999843951444,4.999999897326526,-4.999998894442202,4.999999998208035,-4.999999895942649,4.9999999691314665,-4.9999998934854055
99.0,247.0,129.88369750976562,4.999999741173489,-4.999999993582172,4.999999999451509,4.999999892613308,4.999999997414791,-4.999999237409626,4.999999987170426,-4.9999999152004815,4.9999999808456685,-4.999999794400818
99.0,247.0,129.88369750976562,4.999999345207459,-4.999999993722049,4.9999998700453006,4.999999989117844,4.999999027698371,-4.9999999701882585,4.999999998324208,-4.999999646864791,4.999999830820786,-4.999999787047818
99.0,247.0,129.88369750976562,4.9999986757860615,-4.999999999218806,4.999999878323842,4.999999327811468,4.999999362974338,-4.999999281227645,4.999999830737515,-4.999999908132855,4.99999992338825,-4.999999994948498
99.0,247.0,129.88369750976562,4.999999449943063,-4.999999303802615,4.99999999952307,4.99999808374537,4.999999732397546,-4.999999900600439,4.999999995394439,-4.999999632403084,4.999999983514357,-4.999999837905348
99.0,247.0,129.88369750976562,4.999998496912111,-4.999999989891806,4.999999909341342,4.999999344437173,4.999999434147933,-4.999999909920462,4.999999992076868,-4.999999998754437,4.999999997221336,-4.999999831367987
99.0,247.0,129.88369750976562,4.999999010610915,-4.999999621339404,4.999999548326307,4.999999631160248,4.999999809506734,-4.999999327644871,4.999999982654843,-4.9999999999303935,4.999999951133344,-4.999999785441421
99.0,247.0,129.88369750976562,4.99999853932028,-4.99999999573994,4.999999823329526,4.999999616104926,4.999999985074468,-4.99999924243606,4.999999978140074,-4.999999998223117,4.99999984008117,-4.99999979377997
99.0,247.0,129.88369750976562,4.999999802626299,-4.99999962849201,4.999999556263097,4.999999608950152,4.999999772831954,-4.999999963725715,4.999999990420739,-4.999999999110986,4.999999999947836,-4.99999993693096
99.0,247.0,129.88369750976562,4.999999749665182,-4.99999996553812,4.999999998129521,4.999999986834452,4.9999999847226615,-4.999999424088628,4.99999998628288,-4.999999948152202,4.99999997081034,-4.999999862543062
99.0,247.0,129.88369750976562,4.999999961330736,-4.999999986262006,4.9999990000301375,4.999999991826343,4.999999989788966,-4.999998795645917,4.999999996349182,-4.999999904308723,4.999999980174233,-4.99999979061049
99.0,247.0,129.88369750976562,4.99999913198806,-4.999999236368906,4.999998539167445,4.999999994468097,4.999999623536006,-4.999999991689277,4.999999990784682,-4.999999999393535,4.9999999524299525,-4.999999802885343
99.0,247.0,129.88369750976562,4.999999707353453,-4.99999999068575,4.99999999888026,4.999999572208655,4.999999987071203,-4.999999514843929,4.99999998784261,-4.999999829391609,4.999999978103313,-4.999999862609295
99.0,247.0,129.88369750976562,4.99999818940679,-4.999999985169978,4.999999089173883,4.999999964357452,4.999999974671473,-4.999999821271656,4.999999981755144,-4.9999999031447455,4.999999730325605,-4.99999981956244
99.0,247.0,129.88369750976562,4.999996143607362,-4.999999953553816,4.999998824072994,4.999999963998286,4.999999998480842,-4.999999728901685,4.99999999707503,-4.999999915862702,4.999999785396371,-4.9999998143112885
99.0,247.0,129.88369750976562,4.99999747882021,-4.999999561244506,4.999997951442406,4.999999997257871,4.999999756577654,-4.9999999058399,4.9999999916249775,-4.999999999632848,4.99999985337096,-4.999999791088314
99.0,247.0,129.88369750976562,4.999999438487697,-4.999999796627321,4.999999776709867,4.999999687578283,4.999999902695179,-4.999999504039164,4.999999991377257,-4.999999881208799,4.999999989253658,-4.999999787880507
99.0,247.0,129.88369750976562,4.999997723464944,-4.999999914316026,4.999998346539417,4.999999997561368,4.999999906517921,-4.999999996434336,4.999999992304069,-4.999999999784648,4.999999851110273,-4.999999944636614
99.0,247.0,129.88369750976562,4.999999082999102,-4.999999998575135,4.999999923411387,4.999999616023865,4.999999562933701,-4.999999263798827,4.999999828449685,-4.99999987583053,4.999999921970063,-4.999999975210635
99.0,247.0,129.88369750976562,4.999998420522251,-4.999999998042998,4.999999914079867,4.999999601719067,4.99999956633628,-4.99999972375463,4.999999830678156,-4.999999856231142,4.999999825147508,-4.999999993947171
99.0,247.0,129.88369750976562,4.9999936208055455,-4.999999990353143,4.999999536573551,4.999999928995921,4.99999999588025,-4.999999969590231,4.999999955324155,-4.999999914817687,4.999999773029205,-4.999999886208292
99.0,247.0,129.88369750976562,4.999999499487384,-4.9999999793994485,4.999999999002201,4.999999997605267,4.99999950880523,-4.999998865370355,4.999999980559231,-4.999999997051294,4.999999998987393,-4.999999895662702
99.0,247.0,129.88369750976562,4.999996699700624,-4.999999015401074,4.999999318968296,4.999999824358751,4.9999996573614105,-4.999999992908959,4.999999994666214,-4.999999999504531,4.999999995753315,-4.999999800510238
99.0,248.0,129.88369750976562,4.999998393049736,-4.9999999639205885,4.999999183393896,4.999999959514477,4.999999970001494,-4.999999744478762,4.999999985735578,-4.999999941534595,4.999999802560382,-4.999999769906124
99.0,248.0,129.88369750976562,4.999999951906325,-4.999998898814851,4.999999972812911,4.99999889734371,4.999999336994564,-4.999999972530881,4.999999999740183,-4.999999494778904,4.999999998780333,-4.999999984983752
99.0,248.0,129.88369750976562,4.999998675152282,-4.999999625946577,4.999999844447411,4.999999738929781,4.999999401137268,-4.999999966940284,4.999999990278488,-4.999999998950593,4.999999997990818,-4.999999837434982
99.0,248.0,129.88369750976562,4.999998616214041,-4.999999991523842,4.999999366109704,4.999999970762889,4.999999771127303,-4.999999910841129,4.999999994452367,-4.999999833078548,4.9999996812358765,-4.99999997513447
99.0,248.0,129.88369750976562,4.999999325360284,-4.999999999795323,4.999999966222046,4.999999806679261,4.999999988963234,-4.999999477304353,4.999999997872225,-4.999999788228831,4.999999933757616,-4.999999938925822
99.0,248.0,129.88369750976562,4.999999043189739,-4.999999989710178,4.999999744927569,4.9999999542146,4.999999990192108,-4.999999519371047,4.999999998849224,-4.9999998180231575,4.999999975233592,-4.999999786528934
99.0,248.0,129.88369750976562,4.999995284099716,-4.999999993854802,4.999999176089284,4.999999887744916,4.999999984064953,-4.999999317150085,4.999999996228367,-4.9999998637642,4.999999826946553,-4.999999779491851
99.0,248.0,129.88369750976562,4.999999650356557,-4.999999999825788,4.999999466478899,4.999999842161449,4.999999995023709,-4.9999989375958975,4.999999998979735,-4.999999773308298,4.999999926652253,-4.999999976505348
99.0,248.0,129.88369750976562,4.999995840834285,-4.999999816936498,4.999999502284775,4.999999780348846,4.999999984336632,-4.9999993143547865,4.999999992522435,-4.9999998901283496,4.999999935636334,-4.999999969487007
99.0,248.0,129.88369750976562,4.99999995878383,-4.999999975442021,4.999999528086171,4.999999993221739,4.9999998901326,-4.999998969205199,4.999999989053324,-4.999999946368952,4.999999926203617,-4.999999812117926
99.0,248.0,129.88369750976562,4.999999806049937,-4.999999251199697,4.999998947196251,4.9999999610175125,4.999999637242654,-4.99999973815471,4.999999991502106,-4.999999986226478,4.999999970591272,-4.99999981513269
99.0,248.0,129.88369750976562,4.999996817192532,-4.9999999961486825,4.999999886712574,4.999999993677881,4.999999951972019,-4.99999999214729,4.999999993168378,-4.999999754364145,4.999999768412532,-4.9999999571282
99.0,248.0,129.88369750976562,4.999998606453361,-4.999999967097521,4.999999321861807,4.999999962717195,4.999999947661522,-4.999999789263498,4.99999999208419,-4.999999906501496,4.999999778015517,-4.999999847692139
99.0,248.0,129.88369750976562,4.99999794567742,-4.999999745982114,4.9999981791936365,4.999999999930876,4.999999822470288,-4.999999697272686,4.999999994796385,-4.999999977415241,4.999999891457886,-4.999999805100348
99.0,248.0,129.88369750976562,4.999999680862515,-4.99999997561649,4.999999202349345,4.99999999429044,4.999999927730237,-4.999999920520677,4.999999988940113,-4.999999994608891,4.999999782866002,-4.999999903689904
99.0,248.0,129.88369750976562,4.999999183012706,-4.999999974235221,4.999999463986834,4.999999327473602,4.999999783544061,-4.99999915025275,4.999999987185736,-4.999999867604896,4.999999818737461,-4.999999985414883
99.0,248.0,129.88369750976562,4.9999999314070624,-4.999999977164306,4.99999969515634,4.999999991326789,4.999999940856364,-4.999998869351892,4.999999987627247,-4.999999945700272,4.999999971660626,-4.999999810219067
99.0,248.0,129.88369750976562,4.999996823954189,-4.999999916628447,4.99999902821954,4.999999998910966,4.999999996940279,-4.999999999803713,4.999999991662074,-4.999999960427447,4.9999998946986,-4.999999935633479
99.0,248.0,129.88369750976562,4.999994036822713,-4.999999982175494,4.999999763997581,4.999999791426465,4.999999979222971,-4.999999826978064,4.999999954970688,-4.999999902171339,4.999999878648276,-4.999999856302477
99.0,248.0,129.88369750976562,4.999999715336943,-4.999999966281545,4.999999382106655,4.999999339237378,4.999999996543513,-4.999999155092524,4.999999984429609,-4.999999948370068,4.999999869552524,-4.999999787907971
99.0,248.0,129.88369750976562,4.999999887249757,-4.999999998812916,4.999999435001985,4.999999729158584,4.999999771087743,-4.999999963759121,4.999999998608711,-4.999999830162187,4.999999995460857,-4.999999986039774
99.0,248.0,129.88369750976562,4.999997848523721,-4.999999984595642,4.999999999909912,4.99999967851701,4.999999771944335,-4.999999712500664,4.999999992428423,-4.999999855416005,4.999999988648389,-4.999999984603841
99.0,248.0,129.88369750976562,4.999999311338192,-4.99999968556676,4.999999999516432,4.999999920861966,4.999999834066658,-4.999999875062828,4.999999987501207,-4.999999934149787,4.99999999438496,-4.999999715451437
99.0,248.0,129.88369750976562,4.999999332606898,-4.99999987921171,4.999997672003195,4.999999999130307,4.999999987068961,-4.999999391400978,4.999999881618264,-4.999999962461375,4.999999960683903,-4.9999998330569415
99.0,248.0,129.88369750976562,4.999998997692642,-4.99999960768909,4.99999923965388,4.999999354472283,4.999999809071095,-4.99999928648632,4.999999981284434,-4.999999990135484,4.999999895486772,-4.9999997821949975
99.0,248.0,129.88369750976562,4.999997794613169,-4.999999994968411,4.999999700250042,4.999999807635453,4.999999872574834,-4.999999711134512,4.9999999916002125,-4.999999831741189,4.999999772149894,-4.999999971336751
99.0,248.0,129.88369750976562,4.999999416961559,-4.9999998192065975,4.9999998301616175,4.99999977527742,4.999999992096949,-4.999999163404482,4.999999997241344,-4.999999847567556,4.999999974221716,-4.999999952970255
99.0,248.0,129.88369750976562,4.999999981170396,-4.9999997823737,4.999998498843815,4.999999843951444,4.999999897326526,-4.999998894442202,4.999999998208035,-4.999999895942649,4.9999999691314665,-4.9999998934854055
99.0,248.0,129.88369750976562,4.999999741173489,-4.999999993582172,4.999999999451509,4.999999892613308,4.999999997414791,-4.999999237409626,4.999999987170426,-4.9999999152004815,4.9999999808456685,-4.999999794400818
99.0,248.0,129.88369750976562,4.999999345207459,-4.999999993722049,4.9999998700453006,4.999999989117844,4.999999027698371,-4.9999999701882585,4.999999998324208,-4.999999646864791,4.999999830820786,-4.999999787047818
99.0,248.0,129.88369750976562,4.9999986757860615,-4.999999999218806,4.999999878323842,4.999999327811468,4.999999362974338,-4.999999281227645,4.999999830737515,-4.999999908132855,4.99999992338825,-4.999999994948498
99.0,248.0,129.88369750976562,4.999999449943063,-4.999999303802615,4.99999999952307,4.99999808374537,4.999999732397546,-4.999999900600439,4.999999995394439,-4.999999632403084,4.999999983514357,-4.999999837905348
99.0,248.0,129.88369750976562,4.999998496912111,-4.999999989891806,4.999999909341342,4.999999344437173,4.999999434147933,-4.999999909920462,4.999999992076868,-4.999999998754437,4.999999997221336,-4.999999831367987
99.0,248.0,129.88369750976562,4.999999010610915,-4.999999621339404,4.999999548326307,4.999999631160248,4.999999809506734,-4.999999327644871,4.999999982654843,-4.9999999999303935,4.999999951133344,-4.999999785441421
99.0,248.0,129.88369750976562,4.99999853932028,-4.99999999573994,4.999999823329526,4.999999616104926,4.999999985074468,-4.99999924243606,4.999999978140074,-4.999999998223117,4.99999984008117,-4.99999979377997
99.0,248.0,129.88369750976562,4.999999802626299,-4.99999962849201,4.999999556263097,4.999999608950152,4.999999772831954,-4.999999963725715,4.999999990420739,-4.999999999110986,4.999999999947836,-4.99999993693096
99.0,248.0,129.88369750976562,4.999999749665182,-4.99999996553812,4.999999998129521,4.999999986834452,4.9999999847226615,-4.999999424088628,4.99999998628288,-4.999999948152202,4.99999997081034,-4.999999862543062
99.0,248.0,129.88369750976562,4.999999961330736,-4.999999986262006,4.9999990000301375,4.999999991826343,4.999999989788966,-4.999998795645917,4.999999996349182,-4.999999904308723,4.999999980174233,-4.99999979061049
99.0,248.0,129.88369750976562,4.99999913198806,-4.999999236368906,4.999998539167445,4.999999994468097,4.999999623536006,-4.999999991689277,4.999999990784682,-4.999999999393535,4.9999999524299525,-4.999999802885343
99.0,248.0,129.88369750976562,4.999999707353453,-4.99999999068575,4.99999999888026,4.999999572208655,4.999999987071203,-4.999999514843929,4.99999998784261,-4.999999829391609,4.999999978103313,-4.999999862609295
99.0,248.0,129.88369750976562,4.99999818940679,-4.999999985169978,4.999999089173883,4.999999964357452,4.999999974671473,-4.999999821271656,4.999999981755144,-4.9999999031447455,4.999999730325605,-4.99999981956244
99.0,248.0,129.88369750976562,4.999996143607362,-4.999999953553816,4.999998824072994,4.999999963998286,4.999999998480842,-4.999999728901685,4.99999999707503,-4.999999915862702,4.999999785396371,-4.9999998143112885
99.0,248.0,129.88369750976562,4.99999747882021,-4.999999561244506,4.999997951442406,4.999999997257871,4.999999756577654,-4.9999999058399,4.9999999916249775,-4.999999999632848,4.99999985337096,-4.999999791088314
99.0,248.0,129.88369750976562,4.999999438487697,-4.999999796627321,4.999999776709867,4.999999687578283,4.999999902695179,-4.999999504039164,4.999999991377257,-4.999999881208799,4.999999989253658,-4.999999787880507
99.0,248.0,129.88369750976562,4.999997723464944,-4.999999914316026,4.999998346539417,4.999999997561368,4.999999906517921,-4.999999996434336,4.999999992304069,-4.999999999784648,4.999999851110273,-4.999999944636614
99.0,248.0,129.88369750976562,4.999999082999102,-4.999999998575135,4.999999923411387,4.999999616023865,4.999999562933701,-4.999999263798827,4.999999828449685,-4.99999987583053,4.999999921970063,-4.999999975210635
99.0,248.0,129.88369750976562,4.999998420522251,-4.999999998042998,4.999999914079867,4.999999601719067,4.99999956633628,-4.99999972375463,4.999999830678156,-4.999999856231142,4.999999825147508,-4.999999993947171
99.0,248.0,129.88369750976562,4.9999936208055455,-4.999999990353143,4.999999536573551,4.999999928995921,4.99999999588025,-4.999999969590231,4.999999955324155,-4.999999914817687,4.999999773029205,-4.999999886208292
99.0,248.0,129.88369750976562,4.999999499487384,-4.9999999793994485,4.999999999002201,4.999999997605267,4.99999950880523,-4.999998865370355,4.999999980559231,-4.999999997051294,4.999999998987393,-4.999999895662702
99.0,248.0,129.88369750976562,4.999996699700624,-4.999999015401074,4.999999318968296,4.999999824358751,4.9999996573614105,-4.999999992908959,4.999999994666214,-4.999999999504531,4.999999995753315,-4.999999800510238
99.0,249.0,129.88369750976562,4.999998393049736,-4.9999999639205885,4.999999183393896,4.999999959514477,4.999999970001494,-4.999999744478762,4.999999985735578,-4.999999941534595,4.999999802560382,-4.999999769906124
99.0,249.0,129.88369750976562,4.999999951906325,-4.999998898814851,4.999999972812911,4.99999889734371,4.999999336994564,-4.999999972530881,4.999999999740183,-4.999999494778904,4.999999998780333,-4.999999984983752
99.0,249.0,129.88369750976562,4.999998675152282,-4.999999625946577,4.999999844447411,4.999999738929781,4.999999401137268,-4.999999966940284,4.999999990278488,-4.999999998950593,4.999999997990818,-4.999999837434982
99.0,249.0,129.88369750976562,4.999998616214041,-4.999999991523842,4.999999366109704,4.999999970762889,4.999999771127303,-4.999999910841129,4.999999994452367,-4.999999833078548,4.9999996812358765,-4.99999997513447
99.0,249.0,129.88369750976562,4.999999325360284,-4.999999999795323,4.999999966222046,4.999999806679261,4.999999988963234,-4.999999477304353,4.999999997872225,-4.999999788228831,4.999999933757616,-4.999999938925822
99.0,249.0,129.88369750976562,4.999999043189739,-4.999999989710178,4.999999744927569,4.9999999542146,4.999999990192108,-4.999999519371047,4.999999998849224,-4.9999998180231575,4.999999975233592,-4.999999786528934
99.0,249.0,129.88369750976562,4.999995284099716,-4.999999993854802,4.999999176089284,4.999999887744916,4.999999984064953,-4.999999317150085,4.999999996228367,-4.9999998637642,4.999999826946553,-4.999999779491851
99.0,249.0,129.88369750976562,4.999999650356557,-4.999999999825788,4.999999466478899,4.999999842161449,4.999999995023709,-4.9999989375958975,4.999999998979735,-4.999999773308298,4.999999926652253,-4.999999976505348
99.0,249.0,129.88369750976562,4.999995840834285,-4.999999816936498,4.999999502284775,4.999999780348846,4.999999984336632,-4.9999993143547865,4.999999992522435,-4.9999998901283496,4.999999935636334,-4.999999969487007
99.0,249.0,129.88369750976562,4.99999995878383,-4.999999975442021,4.999999528086171,4.999999993221739,4.9999998901326,-4.999998969205199,4.999999989053324,-4.999999946368952,4.999999926203617,-4.999999812117926
99.0,249.0,129.88369750976562,4.999999806049937,-4.999999251199697,4.999998947196251,4.9999999610175125,4.999999637242654,-4.99999973815471,4.999999991502106,-4.999999986226478,4.999999970591272,-4.99999981513269
99.0,249.0,129.88369750976562,4.999996817192532,-4.9999999961486825,4.999999886712574,4.999999993677881,4.999999951972019,-4.99999999214729,4.999999993168378,-4.999999754364145,4.999999768412532,-4.9999999571282
99.0,249.0,129.88369750976562,4.999998606453361,-4.999999967097521,4.999999321861807,4.999999962717195,4.999999947661522,-4.999999789263498,4.99999999208419,-4.999999906501496,4.999999778015517,-4.999999847692139
99.0,249.0,129.88369750976562,4.99999794567742,-4.999999745982114,4.9999981791936365,4.999999999930876,4.999999822470288,-4.999999697272686,4.999999994796385,-4.999999977415241,4.999999891457886,-4.999999805100348
99.0,249.0,129.88369750976562,4.999999680862515,-4.99999997561649,4.999999202349345,4.99999999429044,4.999999927730237,-4.999999920520677,4.999999988940113,-4.999999994608891,4.999999782866002,-4.999999903689904
99.0,249.0,129.88369750976562,4.999999183012706,-4.999999974235221,4.999999463986834,4.999999327473602,4.999999783544061,-4.99999915025275,4.999999987185736,-4.999999867604896,4.999999818737461,-4.999999985414883
99.0,249.0,129.88369750976562,4.9999999314070624,-4.999999977164306,4.99999969515634,4.999999991326789,4.999999940856364,-4.999998869351892,4.999999987627247,-4.999999945700272,4.999999971660626,-4.999999810219067
99.0,249.0,129.88369750976562,4.999996823954189,-4.999999916628447,4.99999902821954,4.999999998910966,4.999999996940279,-4.999999999803713,4.999999991662074,-4.999999960427447,4.9999998946986,-4.999999935633479
99.0,249.0,129.88369750976562,4.999994036822713,-4.999999982175494,4.999999763997581,4.999999791426465,4.999999979222971,-4.999999826978064,4.999999954970688,-4.999999902171339,4.999999878648276,-4.999999856302477
99.0,249.0,129.88369750976562,4.999999715336943,-4.999999966281545,4.999999382106655,4.999999339237378,4.999999996543513,-4.999999155092524,4.999999984429609,-4.999999948370068,4.999999869552524,-4.999999787907971
99.0,249.0,129.88369750976562,4.999999887249757,-4.999999998812916,4.999999435001985,4.999999729158584,4.999999771087743,-4.999999963759121,4.999999998608711,-4.999999830162187,4.999999995460857,-4.999999986039774
99.0,249.0,129.88369750976562,4.999997848523721,-4.999999984595642,4.999999999909912,4.99999967851701,4.999999771944335,-4.999999712500664,4.999999992428423,-4.999999855416005,4.999999988648389,-4.999999984603841
99.0,249.0,129.88369750976562,4.999999311338192,-4.99999968556676,4.999999999516432,4.999999920861966,4.999999834066658,-4.999999875062828,4.999999987501207,-4.999999934149787,4.99999999438496,-4.999999715451437
99.0,249.0,129.88369750976562,4.999999332606898,-4.99999987921171,4.999997672003195,4.999999999130307,4.999999987068961,-4.999999391400978,4.999999881618264,-4.999999962461375,4.999999960683903,-4.9999998330569415
99.0,249.0,129.88369750976562,4.999998997692642,-4.99999960768909,4.99999923965388,4.999999354472283,4.999999809071095,-4.99999928648632,4.999999981284434,-4.999999990135484,4.999999895486772,-4.9999997821949975
99.0,249.0,129.88369750976562,4.999997794613169,-4.999999994968411,4.999999700250042,4.999999807635453,4.999999872574834,-4.999999711134512,4.9999999916002125,-4.999999831741189,4.999999772149894,-4.999999971336751
99.0,249.0,129.88369750976562,4.999999416961559,-4.9999998192065975,4.9999998301616175,4.99999977527742,4.999999992096949,-4.999999163404482,4.999999997241344,-4.999999847567556,4.999999974221716,-4.999999952970255
99.0,249.0,129.88369750976562,4.999999981170396,-4.9999997823737,4.999998498843815,4.999999843951444,4.999999897326526,-4.999998894442202,4.999999998208035,-4.999999895942649,4.9999999691314665,-4.9999998934854055
99.0,249.0,129.88369750976562,4.999999741173489,-4.999999993582172,4.999999999451509,4.999999892613308,4.999999997414791,-4.999999237409626,4.999999987170426,-4.9999999152004815,4.9999999808456685,-4.999999794400818
99.0,249.0,129.88369750976562,4.999999345207459,-4.999999993722049,4.9999998700453006,4.999999989117844,4.999999027698371,-4.9999999701882585,4.999999998324208,-4.999999646864791,4.999999830820786,-4.999999787047818
99.0,249.0,129.88369750976562,4.9999986757860615,-4.999999999218806,4.999999878323842,4.999999327811468,4.999999362974338,-4.999999281227645,4.999999830737515,-4.999999908132855,4.99999992338825,-4.999999994948498
99.0,249.0,129.88369750976562,4.999999449943063,-4.999999303802615,4.99999999952307,4.99999808374537,4.999999732397546,-4.999999900600439,4.999999995394439,-4.999999632403084,4.999999983514357,-4.999999837905348
99.0,249.0,129.88369750976562,4.999998496912111,-4.999999989891806,4.999999909341342,4.999999344437173,4.999999434147933,-4.999999909920462,4.999999992076868,-4.999999998754437,4.999999997221336,-4.999999831367987
99.0,249.0,129.88369750976562,4.999999010610915,-4.999999621339404,4.999999548326307,4.999999631160248,4.999999809506734,-4.999999327644871,4.999999982654843,-4.9999999999303935,4.999999951133344,-4.999999785441421
99.0,249.0,129.88369750976562,4.99999853932028,-4.99999999573994,4.999999823329526,4.999999616104926,4.999999985074468,-4.99999924243606,4.999999978140074,-4.999999998223117,4.99999984008117,-4.99999979377997
99.0,249.0,129.88369750976562,4.999999802626299,-4.99999962849201,4.999999556263097,4.999999608950152,4.999999772831954,-4.999999963725715,4.999999990420739,-4.999999999110986,4.999999999947836,-4.99999993693096
99.0,249.0,129.88369750976562,4.999999749665182,-4.99999996553812,4.999999998129521,4.999999986834452,4.9999999847226615,-4.999999424088628,4.99999998628288,-4.999999948152202,4.99999997081034,-4.999999862543062
99.0,249.0,129.88369750976562,4.999999961330736,-4.999999986262006,4.9999990000301375,4.999999991826343,4.999999989788966,-4.999998795645917,4.999999996349182,-4.999999904308723,4.999999980174233,-4.99999979061049
99.0,249.0,129.88369750976562,4.99999913198806,-4.999999236368906,4.999998539167445,4.999999994468097,4.999999623536006,-4.999999991689277,4.999999990784682,-4.999999999393535,4.9999999524299525,-4.999999802885343
99.0,249.0,129.88369750976562,4.999999707353453,-4.99999999068575,4.99999999888026,4.999999572208655,4.999999987071203,-4.999999514843929,4.99999998784261,-4.999999829391609,4.999999978103313,-4.999999862609295
99.0,249.0,129.88369750976562,4.99999818940679,-4.999999985169978,4.999999089173883,4.999999964357452,4.999999974671473,-4.999999821271656,4.999999981755144,-4.9999999031447455,4.999999730325605,-4.99999981956244
99.0,249.0,129.88369750976562,4.999996143607362,-4.999999953553816,4.999998824072994,4.999999963998286,4.999999998480842,-4.999999728901685,4.99999999707503,-4.999999915862702,4.999999785396371,-4.9999998143112885
99.0,249.0,129.88369750976562,4.99999747882021,-4.999999561244506,4.999997951442406,4.999999997257871,4.999999756577654,-4.9999999058399,4.9999999916249775,-4.999999999632848,4.99999985337096,-4.999999791088314
99.0,249.0,129.88369750976562,4.999999438487697,-4.999999796627321,4.999999776709867,4.999999687578283,4.999999902695179,-4.999999504039164,4.999999991377257,-4.999999881208799,4.999999989253658,-4.999999787880507
99.0,249.0,129.88369750976562,4.999997723464944,-4.999999914316026,4.999998346539417,4.999999997561368,4.999999906517921,-4.999999996434336,4.999999992304069,-4.999999999784648,4.999999851110273,-4.999999944636614
99.0,249.0,129.88369750976562,4.999999082999102,-4.999999998575135,4.999999923411387,4.999999616023865,4.999999562933701,-4.999999263798827,4.999999828449685,-4.99999987583053,4.999999921970063,-4.999999975210635
99.0,249.0,129.88369750976562,4.999998420522251,-4.999999998042998,4.999999914079867,4.999999601719067,4.99999956633628,-4.99999972375463,4.999999830678156,-4.999999856231142,4.999999825147508,-4.999999993947171
99.0,249.0,129.88369750976562,4.9999936208055455,-4.999999990353143,4.999999536573551,4.999999928995921,4.99999999588025,-4.999999969590231,4.999999955324155,-4.999999914817687,4.999999773029205,-4.999999886208292
99.0,249.0,129.88369750976562,4.999999499487384,-4.9999999793994485,4.999999999002201,4.999999997605267,4.99999950880523,-4.999998865370355,4.999999980559231,-4.999999997051294,4.999999998987393,-4.999999895662702
99.0,249.0,129.88369750976562,4.999996699700624,-4.999999015401074,4.999999318968296,4.999999824358751,4.9999996573614105,-4.999999992908959,4.999999994666214,-4.999999999504531,4.999999995753315,-4.999999800510238
99.0,250.0,129.88369750976562,4.999998393049736,-4.9999999639205885,4.999999183393896,4.999999959514477,4.999999970001494,-4.999999744478762,4.999999985735578,-4.999999941534595,4.999999802560382,-4.999999769906124
99.0,250.0,129.88369750976562,4.999999951906325,-4.999998898814851,4.999999972812911,4.99999889734371,4.999999336994564,-4.999999972530881,4.999999999740183,-4.999999494778904,4.999999998780333,-4.999999984983752
99.0,250.0,129.88369750976562,4.999998675152282,-4.999999625946577,4.999999844447411,4.999999738929781,4.999999401137268,-4.999999966940284,4.999999990278488,-4.999999998950593,4.999999997990818,-4.999999837434982
99.0,250.0,129.88369750976562,4.999998616214041,-4.999999991523842,4.999999366109704,4.999999970762889,4.999999771127303,-4.999999910841129,4.999999994452367,-4.999999833078548,4.9999996812358765,-4.99999997513447
99.0,250.0,129.88369750976562,4.999999325360284,-4.999999999795323,4.999999966222046,4.999999806679261,4.999999988963234,-4.999999477304353,4.999999997872225,-4.999999788228831,4.999999933757616,-4.999999938925822
99.0,250.0,129.88369750976562,4.999999043189739,-4.999999989710178,4.999999744927569,4.9999999542146,4.999999990192108,-4.999999519371047,4.999999998849224,-4.9999998180231575,4.999999975233592,-4.999999786528934
99.0,250.0,129.88369750976562,4.999995284099716,-4.999999993854802,4.999999176089284,4.999999887744916,4.999999984064953,-4.999999317150085,4.999999996228367,-4.9999998637642,4.999999826946553,-4.999999779491851
99.0,250.0,129.88369750976562,4.999999650356557,-4.999999999825788,4.999999466478899,4.999999842161449,4.999999995023709,-4.9999989375958975,4.999999998979735,-4.999999773308298,4.999999926652253,-4.999999976505348
99.0,250.0,129.88369750976562,4.999995840834285,-4.999999816936498,4.999999502284775,4.999999780348846,4.999999984336632,-4.9999993143547865,4.999999992522435,-4.9999998901283496,4.999999935636334,-4.999999969487007
99.0,250.0,129.88369750976562,4.99999995878383,-4.999999975442021,4.999999528086171,4.999999993221739,4.9999998901326,-4.999998969205199,4.999999989053324,-4.999999946368952,4.999999926203617,-4.999999812117926
99.0,250.0,129.88369750976562,4.999999806049937,-4.999999251199697,4.999998947196251,4.9999999610175125,4.999999637242654,-4.99999973815471,4.999999991502106,-4.999999986226478,4.999999970591272,-4.99999981513269
99.0,250.0,129.88369750976562,4.999996817192532,-4.9999999961486825,4.999999886712574,4.999999993677881,4.999999951972019,-4.99999999214729,4.999999993168378,-4.999999754364145,4.999999768412532,-4.9999999571282
99.0,250.0,129.88369750976562,4.999998606453361,-4.999999967097521,4.999999321861807,4.999999962717195,4.999999947661522,-4.999999789263498,4.99999999208419,-4.999999906501496,4.999999778015517,-4.999999847692139
99.0,250.0,129.88369750976562,4.99999794567742,-4.999999745982114,4.9999981791936365,4.999999999930876,4.999999822470288,-4.999999697272686,4.999999994796385,-4.999999977415241,4.999999891457886,-4.999999805100348
99.0,250.0,129.88369750976562,4.999999680862515,-4.99999997561649,4.999999202349345,4.99999999429044,4.999999927730237,-4.999999920520677,4.999999988940113,-4.999999994608891,4.999999782866002,-4.999999903689904
99.0,250.0,129.88369750976562,4.999999183012706,-4.999999974235221,4.999999463986834,4.999999327473602,4.999999783544061,-4.99999915025275,4.999999987185736,-4.999999867604896,4.999999818737461,-4.999999985414883
99.0,250.0,129.88369750976562,4.9999999314070624,-4.999999977164306,4.99999969515634,4.999999991326789,4.999999940856364,-4.999998869351892,4.999999987627247,-4.999999945700272,4.999999971660626,-4.999999810219067
99.0,250.0,129.88369750976562,4.999996823954189,-4.999999916628447,4.99999902821954,4.999999998910966,4.999999996940279,-4.999999999803713,4.999999991662074,-4.999999960427447,4.9999998946986,-4.999999935633479
99.0,250.0,129.88369750976562,4.999994036822713,-4.999999982175494,4.999999763997581,4.999999791426465,4.999999979222971,-4.999999826978064,4.999999954970688,-4.999999902171339,4.999999878648276,-4.999999856302477
99.0,250.0,129.88369750976562,4.999999715336943,-4.999999966281545,4.999999382106655,4.999999339237378,4.999999996543513,-4.999999155092524,4.999999984429609,-4.999999948370068,4.999999869552524,-4.999999787907971
99.0,250.0,129.88369750976562,4.999999887249757,-4.999999998812916,4.999999435001985,4.999999729158584,4.999999771087743,-4.999999963759121,4.999999998608711,-4.999999830162187,4.999999995460857,-4.999999986039774
99.0,250.0,129.88369750976562,4.999997848523721,-4.999999984595642,4.999999999909912,4.99999967851701,4.999999771944335,-4.999999712500664,4.999999992428423,-4.999999855416005,4.999999988648389,-4.999999984603841
99.0,250.0,129.88369750976562,4.999999311338192,-4.99999968556676,4.999999999516432,4.999999920861966,4.999999834066658,-4.999999875062828,4.999999987501207,-4.999999934149787,4.99999999438496,-4.999999715451437
99.0,250.0,129.88369750976562,4.999999332606898,-4.99999987921171,4.999997672003195,4.999999999130307,4.999999987068961,-4.999999391400978,4.999999881618264,-4.999999962461375,4.999999960683903,-4.9999998330569415
99.0,250.0,129.88369750976562,4.999998997692642,-4.99999960768909,4.99999923965388,4.999999354472283,4.999999809071095,-4.99999928648632,4.999999981284434,-4.999999990135484,4.999999895486772,-4.9999997821949975
99.0,250.0,129.88369750976562,4.999997794613169,-4.999999994968411,4.999999700250042,4.999999807635453,4.999999872574834,-4.999999711134512,4.9999999916002125,-4.999999831741189,4.999999772149894,-4.999999971336751
99.0,250.0,129.88369750976562,4.999999416961559,-4.9999998192065975,4.9999998301616175,4.99999977527742,4.999999992096949,-4.999999163404482,4.999999997241344,-4.999999847567556,4.999999974221716,-4.999999952970255
99.0,250.0,129.88369750976562,4.999999981170396,-4.9999997823737,4.999998498843815,4.999999843951444,4.999999897326526,-4.999998894442202,4.999999998208035,-4.999999895942649,4.9999999691314665,-4.9999998934854055
99.0,250.0,129.88369750976562,4.999999741173489,-4.999999993582172,4.999999999451509,4.999999892613308,4.999999997414791,-4.999999237409626,4.999999987170426,-4.9999999152004815,4.9999999808456685,-4.999999794400818
99.0,250.0,129.88369750976562,4.999999345207459,-4.999999993722049,4.9999998700453006,4.999999989117844,4.999999027698371,-4.9999999701882585,4.999999998324208,-4.999999646864791,4.999999830820786,-4.999999787047818
99.0,250.0,129.88369750976562,4.9999986757860615,-4.999999999218806,4.999999878323842,4.999999327811468,4.999999362974338,-4.999999281227645,4.999999830737515,-4.999999908132855,4.99999992338825,-4.999999994948498
99.0,250.0,129.88369750976562,4.999999449943063,-4.999999303802615,4.99999999952307,4.99999808374537,4.999999732397546,-4.999999900600439,4.999999995394439,-4.999999632403084,4.999999983514357,-4.999999837905348
99.0,250.0,129.88369750976562,4.999998496912111,-4.999999989891806,4.999999909341342,4.999999344437173,4.999999434147933,-4.999999909920462,4.999999992076868,-4.999999998754437,4.999999997221336,-4.999999831367987
99.0,250.0,129.88369750976562,4.999999010610915,-4.999999621339404,4.999999548326307,4.999999631160248,4.999999809506734,-4.999999327644871,4.999999982654843,-4.9999999999303935,4.999999951133344,-4.999999785441421
99.0,250.0,129.88369750976562,4.99999853932028,-4.99999999573994,4.999999823329526,4.999999616104926,4.999999985074468,-4.99999924243606,4.999999978140074,-4.999999998223117,4.99999984008117,-4.99999979377997
99.0,250.0,129.88369750976562,4.999999802626299,-4.99999962849201,4.999999556263097,4.999999608950152,4.999999772831954,-4.999999963725715,4.999999990420739,-4.999999999110986,4.999999999947836,-4.99999993693096
99.0,250.0,129.88369750976562,4.999999749665182,-4.99999996553812,4.999999998129521,4.999999986834452,4.9999999847226615,-4.999999424088628,4.99999998628288,-4.999999948152202,4.99999997081034,-4.999999862543062
99.0,250.0,129.88369750976562,4.999999961330736,-4.999999986262006,4.9999990000301375,4.999999991826343,4.999999989788966,-4.999998795645917,4.999999996349182,-4.999999904308723,4.999999980174233,-4.99999979061049
99.0,250.0,129.88369750976562,4.99999913198806,-4.999999236368906,4.999998539167445,4.999999994468097,4.999999623536006,-4.999999991689277,4.999999990784682,-4.999999999393535,4.9999999524299525,-4.999999802885343
99.0,250.0,129.88369750976562,4.999999707353453,-4.99999999068575,4.99999999888026,4.999999572208655,4.999999987071203,-4.999999514843929,4.99999998784261,-4.999999829391609,4.999999978103313,-4.999999862609295
99.0,250.0,129.88369750976562,4.99999818940679,-4.999999985169978,4.999999089173883,4.999999964357452,4.999999974671473,-4.999999821271656,4.999999981755144,-4.9999999031447455,4.999999730325605,-4.99999981956244
99.0,250.0,129.88369750976562,4.999996143607362,-4.999999953553816,4.999998824072994,4.999999963998286,4.999999998480842,-4.999999728901685,4.99999999707503,-4.999999915862702,4.999999785396371,-4.9999998143112885
99.0,250.0,129.88369750976562,4.99999747882021,-4.999999561244506,4.999997951442406,4.999999997257871,4.999999756577654,-4.9999999058399,4.9999999916249775,-4.999999999632848,4.99999985337096,-4.999999791088314
99.0,250.0,129.88369750976562,4.999999438487697,-4.999999796627321,4.999999776709867,4.999999687578283,4.999999902695179,-4.999999504039164,4.999999991377257,-4.999999881208799,4.999999989253658,-4.999999787880507
99.0,250.0,129.88369750976562,4.999997723464944,-4.999999914316026,4.999998346539417,4.999999997561368,4.999999906517921,-4.999999996434336,4.999999992304069,-4.999999999784648,4.999999851110273,-4.999999944636614
99.0,250.0,129.88369750976562,4.999999082999102,-4.999999998575135,4.999999923411387,4.999999616023865,4.999999562933701,-4.999999263798827,4.999999828449685,-4.99999987583053,4.999999921970063,-4.999999975210635
99.0,250.0,129.88369750976562,4.999998420522251,-4.999999998042998,4.999999914079867,4.999999601719067,4.99999956633628,-4.99999972375463,4.999999830678156,-4.999999856231142,4.999999825147508,-4.999999993947171
99.0,250.0,129.88369750976562,4.9999936208055455,-4.999999990353143,4.999999536573551,4.999999928995921,4.99999999588025,-4.999999969590231,4.999999955324155,-4.999999914817687,4.999999773029205,-4.999999886208292
99.0,250.0,129.88369750976562,4.999999499487384,-4.9999999793994485,4.999999999002201,4.999999997605267,4.99999950880523,-4.999998865370355,4.999999980559231,-4.999999997051294,4.999999998987393,-4.999999895662702
99.0,250.0,129.88369750976562,4.999996699700624,-4.999999015401074,4.999999318968296,4.999999824358751,4.9999996573614105,-4.999999992908959,4.999999994666214,-4.999999999504531,4.999999995753315,-4.999999800510238
99.0,251.0,129.88369750976562,4.999998393049736,-4.9999999639205885,4.999999183393896,4.999999959514477,4.999999970001494,-4.999999744478762,4.999999985735578,-4.999999941534595,4.999999802560382,-4.999999769906124
99.0,251.0,129.88369750976562,4.999999951906325,-4.999998898814851,4.999999972812911,4.99999889734371,4.999999336994564,-4.999999972530881,4.999999999740183,-4.999999494778904,4.999999998780333,-4.999999984983752
99.0,251.0,129.88369750976562,4.999998675152282,-4.999999625946577,4.999999844447411,4.999999738929781,4.999999401137268,-4.999999966940284,4.999999990278488,-4.999999998950593,4.999999997990818,-4.999999837434982
99.0,251.0,129.88369750976562,4.999998616214041,-4.999999991523842,4.999999366109704,4.999999970762889,4.999999771127303,-4.999999910841129,4.999999994452367,-4.999999833078548,4.9999996812358765,-4.99999997513447
99.0,251.0,129.88369750976562,4.999999325360284,-4.999999999795323,4.999999966222046,4.999999806679261,4.999999988963234,-4.999999477304353,4.999999997872225,-4.999999788228831,4.999999933757616,-4.999999938925822
99.0,251.0,129.88369750976562,4.999999043189739,-4.999999989710178,4.999999744927569,4.9999999542146,4.999999990192108,-4.999999519371047,4.999999998849224,-4.9999998180231575,4.999999975233592,-4.999999786528934
99.0,251.0,129.88369750976562,4.999995284099716,-4.999999993854802,4.999999176089284,4.999999887744916,4.999999984064953,-4.999999317150085,4.999999996228367,-4.9999998637642,4.999999826946553,-4.999999779491851
99.0,251.0,129.88369750976562,4.999999650356557,-4.999999999825788,4.999999466478899,4.999999842161449,4.999999995023709,-4.9999989375958975,4.999999998979735,-4.999999773308298,4.999999926652253,-4.999999976505348
99.0,251.0,129.88369750976562,4.999995840834285,-4.999999816936498,4.999999502284775,4.999999780348846,4.999999984336632,-4.9999993143547865,4.999999992522435,-4.9999998901283496,4.999999935636334,-4.999999969487007
99.0,251.0,129.88369750976562,4.99999995878383,-4.999999975442021,4.999999528086171,4.999999993221739,4.9999998901326,-4.999998969205199,4.999999989053324,-4.999999946368952,4.999999926203617,-4.999999812117926
99.0,251.0,129.88369750976562,4.999999806049937,-4.999999251199697,4.999998947196251,4.9999999610175125,4.999999637242654,-4.99999973815471,4.999999991502106,-4.999999986226478,4.999999970591272,-4.99999981513269
99.0,251.0,129.88369750976562,4.999996817192532,-4.9999999961486825,4.999999886712574,4.999999993677881,4.999999951972019,-4.99999999214729,4.999999993168378,-4.999999754364145,4.999999768412532,-4.9999999571282
99.0,251.0,129.88369750976562,4.999998606453361,-4.999999967097521,4.999999321861807,4.999999962717195,4.999999947661522,-4.999999789263498,4.99999999208419,-4.999999906501496,4.999999778015517,-4.999999847692139
99.0,251.0,129.88369750976562,4.99999794567742,-4.999999745982114,4.9999981791936365,4.999999999930876,4.999999822470288,-4.999999697272686,4.999999994796385,-4.999999977415241,4.999999891457886,-4.999999805100348
99.0,251.0,129.88369750976562,4.999999680862515,-4.99999997561649,4.999999202349345,4.99999999429044,4.999999927730237,-4.999999920520677,4.999999988940113,-4.999999994608891,4.999999782866002,-4.999999903689904
99.0,251.0,129.88369750976562,4.999999183012706,-4.999999974235221,4.999999463986834,4.999999327473602,4.999999783544061,-4.99999915025275,4.999999987185736,-4.999999867604896,4.999999818737461,-4.999999985414883
99.0,251.0,129.88369750976562,4.9999999314070624,-4.999999977164306,4.99999969515634,4.999999991326789,4.999999940856364,-4.999998869351892,4.999999987627247,-4.999999945700272,4.999999971660626,-4.999999810219067
99.0,251.0,129.88369750976562,4.999996823954189,-4.999999916628447,4.99999902821954,4.999999998910966,4.999999996940279,-4.999999999803713,4.999999991662074,-4.999999960427447,4.9999998946986,-4.999999935633479
99.0,251.0,129.88369750976562,4.999994036822713,-4.999999982175494,4.999999763997581,4.999999791426465,4.999999979222971,-4.999999826978064,4.999999954970688,-4.999999902171339,4.999999878648276,-4.999999856302477
99.0,251.0,129.88369750976562,4.999999715336943,-4.999999966281545,4.999999382106655,4.999999339237378,4.999999996543513,-4.999999155092524,4.999999984429609,-4.999999948370068,4.999999869552524,-4.999999787907971
99.0,251.0,129.88369750976562,4.999999887249757,-4.999999998812916,4.999999435001985,4.999999729158584,4.999999771087743,-4.999999963759121,4.999999998608711,-4.999999830162187,4.999999995460857,-4.999999986039774
99.0,251.0,129.88369750976562,4.999997848523721,-4.999999984595642,4.999999999909912,4.99999967851701,4.999999771944335,-4.999999712500664,4.999999992428423,-4.999999855416005,4.999999988648389,-4.999999984603841
99.0,251.0,129.88369750976562,4.999999311338192,-4.99999968556676,4.999999999516432,4.999999920861966,4.999999834066658,-4.999999875062828,4.999999987501207,-4.999999934149787,4.99999999438496,-4.999999715451437
99.0,251.0,129.88369750976562,4.999999332606898,-4.99999987921171,4.999997672003195,4.999999999130307,4.999999987068961,-4.999999391400978,4.999999881618264,-4.999999962461375,4.999999960683903,-4.9999998330569415
99.0,251.0,129.88369750976562,4.999998997692642,-4.99999960768909,4.99999923965388,4.999999354472283,4.999999809071095,-4.99999928648632,4.999999981284434,-4.999999990135484,4.999999895486772,-4.9999997821949975
99.0,251.0,129.88369750976562,4.999997794613169,-4.999999994968411,4.999999700250042,4.999999807635453,4.999999872574834,-4.999999711134512,4.9999999916002125,-4.999999831741189,4.999999772149894,-4.999999971336751
99.0,251.0,129.88369750976562,4.999999416961559,-4.9999998192065975,4.9999998301616175,4.99999977527742,4.999999992096949,-4.999999163404482,4.999999997241344,-4.999999847567556,4.999999974221716,-4.999999952970255
99.0,251.0,129.88369750976562,4.999999981170396,-4.9999997823737,4.999998498843815,4.999999843951444,4.999999897326526,-4.999998894442202,4.999999998208035,-4.999999895942649,4.9999999691314665,-4.9999998934854055
99.0,251.0,129.88369750976562,4.999999741173489,-4.999999993582172,4.999999999451509,4.999999892613308,4.999999997414791,-4.999999237409626,4.999999987170426,-4.9999999152004815,4.9999999808456685,-4.999999794400818
99.0,251.0,129.88369750976562,4.999999345207459,-4.999999993722049,4.9999998700453006,4.999999989117844,4.999999027698371,-4.9999999701882585,4.999999998324208,-4.999999646864791,4.999999830820786,-4.999999787047818
99.0,251.0,129.88369750976562,4.9999986757860615,-4.999999999218806,4.999999878323842,4.999999327811468,4.999999362974338,-4.999999281227645,4.999999830737515,-4.999999908132855,4.99999992338825,-4.999999994948498
99.0,251.0,129.88369750976562,4.999999449943063,-4.999999303802615,4.99999999952307,4.99999808374537,4.999999732397546,-4.999999900600439,4.999999995394439,-4.999999632403084,4.999999983514357,-4.999999837905348
99.0,251.0,129.88369750976562,4.999998496912111,-4.999999989891806,4.999999909341342,4.999999344437173,4.999999434147933,-4.999999909920462,4.999999992076868,-4.999999998754437,4.999999997221336,-4.999999831367987
99.0,251.0,129.88369750976562,4.999999010610915,-4.999999621339404,4.999999548326307,4.999999631160248,4.999999809506734,-4.999999327644871,4.999999982654843,-4.9999999999303935,4.999999951133344,-4.999999785441421
99.0,251.0,129.88369750976562,4.99999853932028,-4.99999999573994,4.999999823329526,4.999999616104926,4.999999985074468,-4.99999924243606,4.999999978140074,-4.999999998223117,4.99999984008117,-4.99999979377997
99.0,251.0,129.88369750976562,4.999999802626299,-4.99999962849201,4.999999556263097,4.999999608950152,4.999999772831954,-4.999999963725715,4.999999990420739,-4.999999999110986,4.999999999947836,-4.99999993693096
99.0,251.0,129.88369750976562,4.999999749665182,-4.99999996553812,4.999999998129521,4.999999986834452,4.9999999847226615,-4.999999424088628,4.99999998628288,-4.999999948152202,4.99999997081034,-4.999999862543062
99.0,251.0,129.88369750976562,4.999999961330736,-4.999999986262006,4.9999990000301375,4.999999991826343,4.999999989788966,-4.999998795645917,4.999999996349182,-4.999999904308723,4.999999980174233,-4.99999979061049
99.0,251.0,129.88369750976562,4.99999913198806,-4.999999236368906,4.999998539167445,4.999999994468097,4.999999623536006,-4.999999991689277,4.999999990784682,-4.999999999393535,4.9999999524299525,-4.999999802885343
99.0,251.0,129.88369750976562,4.999999707353453,-4.99999999068575,4.99999999888026,4.999999572208655,4.999999987071203,-4.999999514843929,4.99999998784261,-4.999999829391609,4.999999978103313,-4.999999862609295
99.0,251.0,129.88369750976562,4.99999818940679,-4.999999985169978,4.999999089173883,4.999999964357452,4.999999974671473,-4.999999821271656,4.999999981755144,-4.9999999031447455,4.999999730325605,-4.99999981956244
99.0,251.0,129.88369750976562,4.999996143607362,-4.999999953553816,4.999998824072994,4.999999963998286,4.999999998480842,-4.999999728901685,4.99999999707503,-4.999999915862702,4.999999785396371,-4.9999998143112885
99.0,251.0,129.88369750976562,4.99999747882021,-4.999999561244506,4.999997951442406,4.999999997257871,4.999999756577654,-4.9999999058399,4.9999999916249775,-4.999999999632848,4.99999985337096,-4.999999791088314
99.0,251.0,129.88369750976562,4.999999438487697,-4.999999796627321,4.999999776709867,4.999999687578283,4.999999902695179,-4.999999504039164,4.999999991377257,-4.999999881208799,4.999999989253658,-4.999999787880507
99.0,251.0,129.88369750976562,4.999997723464944,-4.999999914316026,4.999998346539417,4.999999997561368,4.999999906517921,-4.999999996434336,4.999999992304069,-4.999999999784648,4.999999851110273,-4.999999944636614
99.0,251.0,129.88369750976562,4.999999082999102,-4.999999998575135,4.999999923411387,4.999999616023865,4.999999562933701,-4.999999263798827,4.999999828449685,-4.99999987583053,4.999999921970063,-4.999999975210635
99.0,251.0,129.88369750976562,4.999998420522251,-4.999999998042998,4.999999914079867,4.999999601719067,4.99999956633628,-4.99999972375463,4.999999830678156,-4.999999856231142,4.999999825147508,-4.999999993947171
99.0,251.0,129.88369750976562,4.9999936208055455,-4.999999990353143,4.999999536573551,4.999999928995921,4.99999999588025,-4.999999969590231,4.999999955324155,-4.999999914817687,4.999999773029205,-4.999999886208292
99.0,251.0,129.88369750976562,4.999999499487384,-4.9999999793994485,4.999999999002201,4.999999997605267,4.99999950880523,-4.999998865370355,4.999999980559231,-4.999999997051294,4.999999998987393,-4.999999895662702
99.0,251.0,129.88369750976562,4.999996699700624,-4.999999015401074,4.999999318968296,4.999999824358751,4.9999996573614105,-4.999999992908959,4.999999994666214,-4.999999999504531,4.999999995753315,-4.999999800510238
99.0,252.0,129.88369750976562,4.999998393049736,-4.9999999639205885,4.999999183393896,4.999999959514477,4.999999970001494,-4.999999744478762,4.999999985735578,-4.999999941534595,4.999999802560382,-4.999999769906124
99.0,252.0,129.88369750976562,4.999999951906325,-4.999998898814851,4.999999972812911,4.99999889734371,4.999999336994564,-4.999999972530881,4.999999999740183,-4.999999494778904,4.999999998780333,-4.999999984983752
99.0,252.0,129.88369750976562,4.999998675152282,-4.999999625946577,4.999999844447411,4.999999738929781,4.999999401137268,-4.999999966940284,4.999999990278488,-4.999999998950593,4.999999997990818,-4.999999837434982
99.0,252.0,129.88369750976562,4.999998616214041,-4.999999991523842,4.999999366109704,4.999999970762889,4.999999771127303,-4.999999910841129,4.999999994452367,-4.999999833078548,4.9999996812358765,-4.99999997513447
99.0,252.0,129.88369750976562,4.999999325360284,-4.999999999795323,4.999999966222046,4.999999806679261,4.999999988963234,-4.999999477304353,4.999999997872225,-4.999999788228831,4.999999933757616,-4.999999938925822
99.0,252.0,129.88369750976562,4.999999043189739,-4.999999989710178,4.999999744927569,4.9999999542146,4.999999990192108,-4.999999519371047,4.999999998849224,-4.9999998180231575,4.999999975233592,-4.999999786528934
99.0,252.0,129.88369750976562,4.999995284099716,-4.999999993854802,4.999999176089284,4.999999887744916,4.999999984064953,-4.999999317150085,4.999999996228367,-4.9999998637642,4.999999826946553,-4.999999779491851
99.0,252.0,129.88369750976562,4.999999650356557,-4.999999999825788,4.999999466478899,4.999999842161449,4.999999995023709,-4.9999989375958975,4.999999998979735,-4.999999773308298,4.999999926652253,-4.999999976505348
99.0,252.0,129.88369750976562,4.999995840834285,-4.999999816936498,4.999999502284775,4.999999780348846,4.999999984336632,-4.9999993143547865,4.999999992522435,-4.9999998901283496,4.999999935636334,-4.999999969487007
99.0,252.0,129.88369750976562,4.99999995878383,-4.999999975442021,4.999999528086171,4.999999993221739,4.9999998901326,-4.999998969205199,4.999999989053324,-4.999999946368952,4.999999926203617,-4.999999812117926
99.0,252.0,129.88369750976562,4.999999806049937,-4.999999251199697,4.999998947196251,4.9999999610175125,4.999999637242654,-4.99999973815471,4.999999991502106,-4.999999986226478,4.999999970591272,-4.99999981513269
99.0,252.0,129.88369750976562,4.999996817192532,-4.9999999961486825,4.999999886712574,4.999999993677881,4.999999951972019,-4.99999999214729,4.999999993168378,-4.999999754364145,4.999999768412532,-4.9999999571282
99.0,252.0,129.88369750976562,4.999998606453361,-4.999999967097521,4.999999321861807,4.999999962717195,4.999999947661522,-4.999999789263498,4.99999999208419,-4.999999906501496,4.999999778015517,-4.999999847692139
99.0,252.0,129.88369750976562,4.99999794567742,-4.999999745982114,4.9999981791936365,4.999999999930876,4.999999822470288,-4.999999697272686,4.999999994796385,-4.999999977415241,4.999999891457886,-4.999999805100348
99.0,252.0,129.88369750976562,4.999999680862515,-4.99999997561649,4.999999202349345,4.99999999429044,4.999999927730237,-4.999999920520677,4.999999988940113,-4.999999994608891,4.999999782866002,-4.999999903689904
99.0,252.0,129.88369750976562,4.999999183012706,-4.999999974235221,4.999999463986834,4.999999327473602,4.999999783544061,-4.99999915025275,4.999999987185736,-4.999999867604896,4.999999818737461,-4.999999985414883
99.0,252.0,129.88369750976562,4.9999999314070624,-4.999999977164306,4.99999969515634,4.999999991326789,4.999999940856364,-4.999998869351892,4.999999987627247,-4.999999945700272,4.999999971660626,-4.999999810219067
99.0,252.0,129.88369750976562,4.999996823954189,-4.999999916628447,4.99999902821954,4.999999998910966,4.999999996940279,-4.999999999803713,4.999999991662074,-4.999999960427447,4.9999998946986,-4.999999935633479
99.0,252.0,129.88369750976562,4.999994036822713,-4.999999982175494,4.999999763997581,4.999999791426465,4.999999979222971,-4.999999826978064,4.999999954970688,-4.999999902171339,4.999999878648276,-4.999999856302477
99.0,252.0,129.88369750976562,4.999999715336943,-4.999999966281545,4.999999382106655,4.999999339237378,4.999999996543513,-4.999999155092524,4.999999984429609,-4.999999948370068,4.999999869552524,-4.999999787907971
99.0,252.0,129.88369750976562,4.999999887249757,-4.999999998812916,4.999999435001985,4.999999729158584,4.999999771087743,-4.999999963759121,4.999999998608711,-4.999999830162187,4.999999995460857,-4.999999986039774
99.0,252.0,129.88369750976562,4.999997848523721,-4.999999984595642,4.999999999909912,4.99999967851701,4.999999771944335,-4.999999712500664,4.999999992428423,-4.999999855416005,4.999999988648389,-4.999999984603841
99.0,252.0,129.88369750976562,4.999999311338192,-4.99999968556676,4.999999999516432,4.999999920861966,4.999999834066658,-4.999999875062828,4.999999987501207,-4.999999934149787,4.99999999438496,-4.999999715451437
99.0,252.0,129.88369750976562,4.999999332606898,-4.99999987921171,4.999997672003195,4.999999999130307,4.999999987068961,-4.999999391400978,4.999999881618264,-4.999999962461375,4.999999960683903,-4.9999998330569415
99.0,252.0,129.88369750976562,4.999998997692642,-4.99999960768909,4.99999923965388,4.999999354472283,4.999999809071095,-4.99999928648632,4.999999981284434,-4.999999990135484,4.999999895486772,-4.9999997821949975
99.0,252.0,129.88369750976562,4.999997794613169,-4.999999994968411,4.999999700250042,4.999999807635453,4.999999872574834,-4.999999711134512,4.9999999916002125,-4.999999831741189,4.999999772149894,-4.999999971336751
99.0,252.0,129.88369750976562,4.999999416961559,-4.9999998192065975,4.9999998301616175,4.99999977527742,4.999999992096949,-4.999999163404482,4.999999997241344,-4.999999847567556,4.999999974221716,-4.999999952970255
99.0,252.0,129.88369750976562,4.999999981170396,-4.9999997823737,4.999998498843815,4.999999843951444,4.999999897326526,-4.999998894442202,4.999999998208035,-4.999999895942649,4.9999999691314665,-4.9999998934854055
99.0,252.0,129.88369750976562,4.999999741173489,-4.999999993582172,4.999999999451509,4.999999892613308,4.999999997414791,-4.999999237409626,4.999999987170426,-4.9999999152004815,4.9999999808456685,-4.999999794400818
99.0,252.0,129.88369750976562,4.999999345207459,-4.999999993722049,4.9999998700453006,4.999999989117844,4.999999027698371,-4.9999999701882585,4.999999998324208,-4.999999646864791,4.999999830820786,-4.999999787047818
99.0,252.0,129.88369750976562,4.9999986757860615,-4.999999999218806,4.999999878323842,4.999999327811468,4.999999362974338,-4.999999281227645,4.999999830737515,-4.999999908132855,4.99999992338825,-4.999999994948498
99.0,252.0,129.88369750976562,4.999999449943063,-4.999999303802615,4.99999999952307,4.99999808374537,4.999999732397546,-4.999999900600439,4.999999995394439,-4.999999632403084,4.999999983514357,-4.999999837905348
99.0,252.0,129.88369750976562,4.999998496912111,-4.999999989891806,4.999999909341342,4.999999344437173,4.999999434147933,-4.999999909920462,4.999999992076868,-4.999999998754437,4.999999997221336,-4.999999831367987
99.0,252.0,129.88369750976562,4.999999010610915,-4.999999621339404,4.999999548326307,4.999999631160248,4.999999809506734,-4.999999327644871,4.999999982654843,-4.9999999999303935,4.999999951133344,-4.999999785441421
99.0,252.0,129.88369750976562,4.99999853932028,-4.99999999573994,4.999999823329526,4.999999616104926,4.999999985074468,-4.99999924243606,4.999999978140074,-4.999999998223117,4.99999984008117,-4.99999979377997
99.0,252.0,129.88369750976562,4.999999802626299,-4.99999962849201,4.999999556263097,4.999999608950152,4.999999772831954,-4.999999963725715,4.999999990420739,-4.999999999110986,4.999999999947836,-4.99999993693096
99.0,252.0,129.88369750976562,4.999999749665182,-4.99999996553812,4.999999998129521,4.999999986834452,4.9999999847226615,-4.999999424088628,4.99999998628288,-4.999999948152202,4.99999997081034,-4.999999862543062
99.0,252.0,129.88369750976562,4.999999961330736,-4.999999986262006,4.9999990000301375,4.999999991826343,4.999999989788966,-4.999998795645917,4.999999996349182,-4.999999904308723,4.999999980174233,-4.99999979061049
99.0,252.0,129.88369750976562,4.99999913198806,-4.999999236368906,4.999998539167445,4.999999994468097,4.999999623536006,-4.999999991689277,4.999999990784682,-4.999999999393535,4.9999999524299525,-4.999999802885343
99.0,252.0,129.88369750976562,4.999999707353453,-4.99999999068575,4.99999999888026,4.999999572208655,4.999999987071203,-4.999999514843929,4.99999998784261,-4.999999829391609,4.999999978103313,-4.999999862609295
99.0,252.0,129.88369750976562,4.99999818940679,-4.999999985169978,4.999999089173883,4.999999964357452,4.999999974671473,-4.999999821271656,4.999999981755144,-4.9999999031447455,4.999999730325605,-4.99999981956244
99.0,252.0,129.88369750976562,4.999996143607362,-4.999999953553816,4.999998824072994,4.999999963998286,4.999999998480842,-4.999999728901685,4.99999999707503,-4.999999915862702,4.999999785396371,-4.9999998143112885
99.0,252.0,129.88369750976562,4.99999747882021,-4.999999561244506,4.999997951442406,4.999999997257871,4.999999756577654,-4.9999999058399,4.9999999916249775,-4.999999999632848,4.99999985337096,-4.999999791088314
99.0,252.0,129.88369750976562,4.999999438487697,-4.999999796627321,4.999999776709867,4.999999687578283,4.999999902695179,-4.999999504039164,4.999999991377257,-4.999999881208799,4.999999989253658,-4.999999787880507
99.0,252.0,129.88369750976562,4.999997723464944,-4.999999914316026,4.999998346539417,4.999999997561368,4.999999906517921,-4.999999996434336,4.999999992304069,-4.999999999784648,4.999999851110273,-4.999999944636614
99.0,252.0,129.88369750976562,4.999999082999102,-4.999999998575135,4.999999923411387,4.999999616023865,4.999999562933701,-4.999999263798827,4.999999828449685,-4.99999987583053,4.999999921970063,-4.999999975210635
99.0,252.0,129.88369750976562,4.999998420522251,-4.999999998042998,4.999999914079867,4.999999601719067,4.99999956633628,-4.99999972375463,4.999999830678156,-4.999999856231142,4.999999825147508,-4.999999993947171
99.0,252.0,129.88369750976562,4.9999936208055455,-4.999999990353143,4.999999536573551,4.999999928995921,4.99999999588025,-4.999999969590231,4.999999955324155,-4.999999914817687,4.999999773029205,-4.999999886208292
99.0,252.0,129.88369750976562,4.999999499487384,-4.9999999793994485,4.999999999002201,4.999999997605267,4.99999950880523,-4.999998865370355,4.999999980559231,-4.999999997051294,4.999999998987393,-4.999999895662702
99.0,252.0,129.88369750976562,4.999996699700624,-4.999999015401074,4.999999318968296,4.999999824358751,4.9999996573614105,-4.999999992908959,4.999999994666214,-4.999999999504531,4.999999995753315,-4.999999800510238
99.0,253.0,129.88369750976562,4.999998393049736,-4.9999999639205885,4.999999183393896,4.999999959514477,4.999999970001494,-4.999999744478762,4.999999985735578,-4.999999941534595,4.999999802560382,-4.999999769906124
99.0,253.0,129.88369750976562,4.999999951906325,-4.999998898814851,4.999999972812911,4.99999889734371,4.999999336994564,-4.999999972530881,4.999999999740183,-4.999999494778904,4.999999998780333,-4.999999984983752
99.0,253.0,129.88369750976562,4.999998675152282,-4.999999625946577,4.999999844447411,4.999999738929781,4.999999401137268,-4.999999966940284,4.999999990278488,-4.999999998950593,4.999999997990818,-4.999999837434982
99.0,253.0,129.88369750976562,4.999998616214041,-4.999999991523842,4.999999366109704,4.999999970762889,4.999999771127303,-4.999999910841129,4.999999994452367,-4.999999833078548,4.9999996812358765,-4.99999997513447
99.0,253.0,129.88369750976562,4.999999325360284,-4.999999999795323,4.999999966222046,4.999999806679261,4.999999988963234,-4.999999477304353,4.999999997872225,-4.999999788228831,4.999999933757616,-4.999999938925822
99.0,253.0,129.88369750976562,4.999999043189739,-4.999999989710178,4.999999744927569,4.9999999542146,4.999999990192108,-4.999999519371047,4.999999998849224,-4.9999998180231575,4.999999975233592,-4.999999786528934
99.0,253.0,129.88369750976562,4.999995284099716,-4.999999993854802,4.999999176089284,4.999999887744916,4.999999984064953,-4.999999317150085,4.999999996228367,-4.9999998637642,4.999999826946553,-4.999999779491851
99.0,253.0,129.88369750976562,4.999999650356557,-4.999999999825788,4.999999466478899,4.999999842161449,4.999999995023709,-4.9999989375958975,4.999999998979735,-4.999999773308298,4.999999926652253,-4.999999976505348
99.0,253.0,129.88369750976562,4.999995840834285,-4.999999816936498,4.999999502284775,4.999999780348846,4.999999984336632,-4.9999993143547865,4.999999992522435,-4.9999998901283496,4.999999935636334,-4.999999969487007
99.0,253.0,129.88369750976562,4.99999995878383,-4.999999975442021,4.999999528086171,4.999999993221739,4.9999998901326,-4.999998969205199,4.999999989053324,-4.999999946368952,4.999999926203617,-4.999999812117926
99.0,253.0,129.88369750976562,4.999999806049937,-4.999999251199697,4.999998947196251,4.9999999610175125,4.999999637242654,-4.99999973815471,4.999999991502106,-4.999999986226478,4.999999970591272,-4.99999981513269
99.0,253.0,129.88369750976562,4.999996817192532,-4.9999999961486825,4.999999886712574,4.999999993677881,4.999999951972019,-4.99999999214729,4.999999993168378,-4.999999754364145,4.999999768412532,-4.9999999571282
99.0,253.0,129.88369750976562,4.999998606453361,-4.999999967097521,4.999999321861807,4.999999962717195,4.999999947661522,-4.999999789263498,4.99999999208419,-4.999999906501496,4.999999778015517,-4.999999847692139
99.0,253.0,129.88369750976562,4.99999794567742,-4.999999745982114,4.9999981791936365,4.999999999930876,4.999999822470288,-4.999999697272686,4.999999994796385,-4.999999977415241,4.999999891457886,-4.999999805100348
99.0,253.0,129.88369750976562,4.999999680862515,-4.99999997561649,4.999999202349345,4.99999999429044,4.999999927730237,-4.999999920520677,4.999999988940113,-4.999999994608891,4.999999782866002,-4.999999903689904
99.0,253.0,129.88369750976562,4.999999183012706,-4.999999974235221,4.999999463986834,4.999999327473602,4.999999783544061,-4.99999915025275,4.999999987185736,-4.999999867604896,4.999999818737461,-4.999999985414883
99.0,253.0,129.88369750976562,4.9999999314070624,-4.999999977164306,4.99999969515634,4.999999991326789,4.999999940856364,-4.999998869351892,4.999999987627247,-4.999999945700272,4.999999971660626,-4.999999810219067
99.0,253.0,129.88369750976562,4.999996823954189,-4.999999916628447,4.99999902821954,4.999999998910966,4.999999996940279,-4.999999999803713,4.999999991662074,-4.999999960427447,4.9999998946986,-4.999999935633479
99.0,253.0,129.88369750976562,4.999994036822713,-4.999999982175494,4.999999763997581,4.999999791426465,4.999999979222971,-4.999999826978064,4.999999954970688,-4.999999902171339,4.999999878648276,-4.999999856302477
99.0,253.0,129.88369750976562,4.999999715336943,-4.999999966281545,4.999999382106655,4.999999339237378,4.999999996543513,-4.999999155092524,4.999999984429609,-4.999999948370068,4.999999869552524,-4.999999787907971
99.0,253.0,129.88369750976562,4.999999887249757,-4.999999998812916,4.999999435001985,4.999999729158584,4.999999771087743,-4.999999963759121,4.999999998608711,-4.999999830162187,4.999999995460857,-4.999999986039774
99.0,253.0,129.88369750976562,4.999997848523721,-4.999999984595642,4.999999999909912,4.99999967851701,4.999999771944335,-4.999999712500664,4.999999992428423,-4.999999855416005,4.999999988648389,-4.999999984603841
99.0,253.0,129.88369750976562,4.999999311338192,-4.99999968556676,4.999999999516432,4.999999920861966,4.999999834066658,-4.999999875062828,4.999999987501207,-4.999999934149787,4.99999999438496,-4.999999715451437
99.0,253.0,129.88369750976562,4.999999332606898,-4.99999987921171,4.999997672003195,4.999999999130307,4.999999987068961,-4.999999391400978,4.999999881618264,-4.999999962461375,4.999999960683903,-4.9999998330569415
99.0,253.0,129.88369750976562,4.999998997692642,-4.99999960768909,4.99999923965388,4.999999354472283,4.999999809071095,-4.99999928648632,4.999999981284434,-4.999999990135484,4.999999895486772,-4.9999997821949975
99.0,253.0,129.88369750976562,4.999997794613169,-4.999999994968411,4.999999700250042,4.999999807635453,4.999999872574834,-4.999999711134512,4.9999999916002125,-4.999999831741189,4.999999772149894,-4.999999971336751
99.0,253.0,129.88369750976562,4.999999416961559,-4.9999998192065975,4.9999998301616175,4.99999977527742,4.999999992096949,-4.999999163404482,4.999999997241344,-4.999999847567556,4.999999974221716,-4.999999952970255
99.0,253.0,129.88369750976562,4.999999981170396,-4.9999997823737,4.999998498843815,4.999999843951444,4.999999897326526,-4.999998894442202,4.999999998208035,-4.999999895942649,4.9999999691314665,-4.9999998934854055
99.0,253.0,129.88369750976562,4.999999741173489,-4.999999993582172,4.999999999451509,4.999999892613308,4.999999997414791,-4.999999237409626,4.999999987170426,-4.9999999152004815,4.9999999808456685,-4.999999794400818
99.0,253.0,129.88369750976562,4.999999345207459,-4.999999993722049,4.9999998700453006,4.999999989117844,4.999999027698371,-4.9999999701882585,4.999999998324208,-4.999999646864791,4.999999830820786,-4.999999787047818
99.0,253.0,129.88369750976562,4.9999986757860615,-4.999999999218806,4.999999878323842,4.999999327811468,4.999999362974338,-4.999999281227645,4.999999830737515,-4.999999908132855,4.99999992338825,-4.999999994948498
99.0,253.0,129.88369750976562,4.999999449943063,-4.999999303802615,4.99999999952307,4.99999808374537,4.999999732397546,-4.999999900600439,4.999999995394439,-4.999999632403084,4.999999983514357,-4.999999837905348
99.0,253.0,129.88369750976562,4.999998496912111,-4.999999989891806,4.999999909341342,4.999999344437173,4.999999434147933,-4.999999909920462,4.999999992076868,-4.999999998754437,4.999999997221336,-4.999999831367987
99.0,253.0,129.88369750976562,4.999999010610915,-4.999999621339404,4.999999548326307,4.999999631160248,4.999999809506734,-4.999999327644871,4.999999982654843,-4.9999999999303935,4.999999951133344,-4.999999785441421
99.0,253.0,129.88369750976562,4.99999853932028,-4.99999999573994,4.999999823329526,4.999999616104926,4.999999985074468,-4.99999924243606,4.999999978140074,-4.999999998223117,4.99999984008117,-4.99999979377997
99.0,253.0,129.88369750976562,4.999999802626299,-4.99999962849201,4.999999556263097,4.999999608950152,4.999999772831954,-4.999999963725715,4.999999990420739,-4.999999999110986,4.999999999947836,-4.99999993693096
99.0,253.0,129.88369750976562,4.999999749665182,-4.99999996553812,4.999999998129521,4.999999986834452,4.9999999847226615,-4.999999424088628,4.99999998628288,-4.999999948152202,4.99999997081034,-4.999999862543062
99.0,253.0,129.88369750976562,4.999999961330736,-4.999999986262006,4.9999990000301375,4.999999991826343,4.999999989788966,-4.999998795645917,4.999999996349182,-4.999999904308723,4.999999980174233,-4.99999979061049
99.0,253.0,129.88369750976562,4.99999913198806,-4.999999236368906,4.999998539167445,4.999999994468097,4.999999623536006,-4.999999991689277,4.999999990784682,-4.999999999393535,4.9999999524299525,-4.999999802885343
99.0,253.0,129.88369750976562,4.999999707353453,-4.99999999068575,4.99999999888026,4.999999572208655,4.999999987071203,-4.999999514843929,4.99999998784261,-4.999999829391609,4.999999978103313,-4.999999862609295
99.0,253.0,129.88369750976562,4.99999818940679,-4.999999985169978,4.999999089173883,4.999999964357452,4.999999974671473,-4.999999821271656,4.999999981755144,-4.9999999031447455,4.999999730325605,-4.99999981956244
99.0,253.0,129.88369750976562,4.999996143607362,-4.999999953553816,4.999998824072994,4.999999963998286,4.999999998480842,-4.999999728901685,4.99999999707503,-4.999999915862702,4.999999785396371,-4.9999998143112885
99.0,253.0,129.88369750976562,4.99999747882021,-4.999999561244506,4.999997951442406,4.999999997257871,4.999999756577654,-4.9999999058399,4.9999999916249775,-4.999999999632848,4.99999985337096,-4.999999791088314
99.0,253.0,129.88369750976562,4.999999438487697,-4.999999796627321,4.999999776709867,4.999999687578283,4.999999902695179,-4.999999504039164,4.999999991377257,-4.999999881208799,4.999999989253658,-4.999999787880507
99.0,253.0,129.88369750976562,4.999997723464944,-4.999999914316026,4.999998346539417,4.999999997561368,4.999999906517921,-4.999999996434336,4.999999992304069,-4.999999999784648,4.999999851110273,-4.999999944636614
99.0,253.0,129.88369750976562,4.999999082999102,-4.999999998575135,4.999999923411387,4.999999616023865,4.999999562933701,-4.999999263798827,4.999999828449685,-4.99999987583053,4.999999921970063,-4.999999975210635
99.0,253.0,129.88369750976562,4.999998420522251,-4.999999998042998,4.999999914079867,4.999999601719067,4.99999956633628,-4.99999972375463,4.999999830678156,-4.999999856231142,4.999999825147508,-4.999999993947171
99.0,253.0,129.88369750976562,4.9999936208055455,-4.999999990353143,4.999999536573551,4.999999928995921,4.99999999588025,-4.999999969590231,4.999999955324155,-4.999999914817687,4.999999773029205,-4.999999886208292
99.0,253.0,129.88369750976562,4.999999499487384,-4.9999999793994485,4.999999999002201,4.999999997605267,4.99999950880523,-4.999998865370355,4.999999980559231,-4.999999997051294,4.999999998987393,-4.999999895662702
99.0,253.0,129.88369750976562,4.999996699700624,-4.999999015401074,4.999999318968296,4.999999824358751,4.9999996573614105,-4.999999992908959,4.999999994666214,-4.999999999504531,4.999999995753315,-4.999999800510238
99.0,254.0,129.88369750976562,4.999998393049736,-4.9999999639205885,4.999999183393896,4.999999959514477,4.999999970001494,-4.999999744478762,4.999999985735578,-4.999999941534595,4.999999802560382,-4.999999769906124
99.0,254.0,129.88369750976562,4.999999951906325,-4.999998898814851,4.999999972812911,4.99999889734371,4.999999336994564,-4.999999972530881,4.999999999740183,-4.999999494778904,4.999999998780333,-4.999999984983752
99.0,254.0,129.88369750976562,4.999998675152282,-4.999999625946577,4.999999844447411,4.999999738929781,4.999999401137268,-4.999999966940284,4.999999990278488,-4.999999998950593,4.999999997990818,-4.999999837434982
99.0,254.0,129.88369750976562,4.999998616214041,-4.999999991523842,4.999999366109704,4.999999970762889,4.999999771127303,-4.999999910841129,4.999999994452367,-4.999999833078548,4.9999996812358765,-4.99999997513447
99.0,254.0,129.88369750976562,4.999999325360284,-4.999999999795323,4.999999966222046,4.999999806679261,4.999999988963234,-4.999999477304353,4.999999997872225,-4.999999788228831,4.999999933757616,-4.999999938925822
99.0,254.0,129.88369750976562,4.999999043189739,-4.999999989710178,4.999999744927569,4.9999999542146,4.999999990192108,-4.999999519371047,4.999999998849224,-4.9999998180231575,4.999999975233592,-4.999999786528934
99.0,254.0,129.88369750976562,4.999995284099716,-4.999999993854802,4.999999176089284,4.999999887744916,4.999999984064953,-4.999999317150085,4.999999996228367,-4.9999998637642,4.999999826946553,-4.999999779491851
99.0,254.0,129.88369750976562,4.999999650356557,-4.999999999825788,4.999999466478899,4.999999842161449,4.999999995023709,-4.9999989375958975,4.999999998979735,-4.999999773308298,4.999999926652253,-4.999999976505348
99.0,254.0,129.88369750976562,4.999995840834285,-4.999999816936498,4.999999502284775,4.999999780348846,4.999999984336632,-4.9999993143547865,4.999999992522435,-4.9999998901283496,4.999999935636334,-4.999999969487007
99.0,254.0,129.88369750976562,4.99999995878383,-4.999999975442021,4.999999528086171,4.999999993221739,4.9999998901326,-4.999998969205199,4.999999989053324,-4.999999946368952,4.999999926203617,-4.999999812117926
99.0,254.0,129.88369750976562,4.999999806049937,-4.999999251199697,4.999998947196251,4.9999999610175125,4.999999637242654,-4.99999973815471,4.999999991502106,-4.999999986226478,4.999999970591272,-4.99999981513269
99.0,254.0,129.88369750976562,4.999996817192532,-4.9999999961486825,4.999999886712574,4.999999993677881,4.999999951972019,-4.99999999214729,4.999999993168378,-4.999999754364145,4.999999768412532,-4.9999999571282
99.0,254.0,129.88369750976562,4.999998606453361,-4.999999967097521,4.999999321861807,4.999999962717195,4.999999947661522,-4.999999789263498,4.99999999208419,-4.999999906501496,4.999999778015517,-4.999999847692139
99.0,254.0,129.88369750976562,4.99999794567742,-4.999999745982114,4.9999981791936365,4.999999999930876,4.999999822470288,-4.999999697272686,4.999999994796385,-4.999999977415241,4.999999891457886,-4.999999805100348
99.0,254.0,129.88369750976562,4.999999680862515,-4.99999997561649,4.999999202349345,4.99999999429044,4.999999927730237,-4.999999920520677,4.999999988940113,-4.999999994608891,4.999999782866002,-4.999999903689904
99.0,254.0,129.88369750976562,4.999999183012706,-4.999999974235221,4.999999463986834,4.999999327473602,4.999999783544061,-4.99999915025275,4.999999987185736,-4.999999867604896,4.999999818737461,-4.999999985414883
99.0,254.0,129.88369750976562,4.9999999314070624,-4.999999977164306,4.99999969515634,4.999999991326789,4.999999940856364,-4.999998869351892,4.999999987627247,-4.999999945700272,4.999999971660626,-4.999999810219067
99.0,254.0,129.88369750976562,4.999996823954189,-4.999999916628447,4.99999902821954,4.999999998910966,4.999999996940279,-4.999999999803713,4.999999991662074,-4.999999960427447,4.9999998946986,-4.999999935633479
99.0,254.0,129.88369750976562,4.999994036822713,-4.999999982175494,4.999999763997581,4.999999791426465,4.999999979222971,-4.999999826978064,4.999999954970688,-4.999999902171339,4.999999878648276,-4.999999856302477
99.0,254.0,129.88369750976562,4.999999715336943,-4.999999966281545,4.999999382106655,4.999999339237378,4.999999996543513,-4.999999155092524,4.999999984429609,-4.999999948370068,4.999999869552524,-4.999999787907971
99.0,254.0,129.88369750976562,4.999999887249757,-4.999999998812916,4.999999435001985,4.999999729158584,4.999999771087743,-4.999999963759121,4.999999998608711,-4.999999830162187,4.999999995460857,-4.999999986039774
99.0,254.0,129.88369750976562,4.999997848523721,-4.999999984595642,4.999999999909912,4.99999967851701,4.999999771944335,-4.999999712500664,4.999999992428423,-4.999999855416005,4.999999988648389,-4.999999984603841
99.0,254.0,129.88369750976562,4.999999311338192,-4.99999968556676,4.999999999516432,4.999999920861966,4.999999834066658,-4.999999875062828,4.999999987501207,-4.999999934149787,4.99999999438496,-4.999999715451437
99.0,254.0,129.88369750976562,4.999999332606898,-4.99999987921171,4.999997672003195,4.999999999130307,4.999999987068961,-4.999999391400978,4.999999881618264,-4.999999962461375,4.999999960683903,-4.9999998330569415
99.0,254.0,129.88369750976562,4.999998997692642,-4.99999960768909,4.99999923965388,4.999999354472283,4.999999809071095,-4.99999928648632,4.999999981284434,-4.999999990135484,4.999999895486772,-4.9999997821949975
99.0,254.0,129.88369750976562,4.999997794613169,-4.999999994968411,4.999999700250042,4.999999807635453,4.999999872574834,-4.999999711134512,4.9999999916002125,-4.999999831741189,4.999999772149894,-4.999999971336751
99.0,254.0,129.88369750976562,4.999999416961559,-4.9999998192065975,4.9999998301616175,4.99999977527742,4.999999992096949,-4.999999163404482,4.999999997241344,-4.999999847567556,4.999999974221716,-4.999999952970255
99.0,254.0,129.88369750976562,4.999999981170396,-4.9999997823737,4.999998498843815,4.999999843951444,4.999999897326526,-4.999998894442202,4.999999998208035,-4.999999895942649,4.9999999691314665,-4.9999998934854055
99.0,254.0,129.88369750976562,4.999999741173489,-4.999999993582172,4.999999999451509,4.999999892613308,4.999999997414791,-4.999999237409626,4.999999987170426,-4.9999999152004815,4.9999999808456685,-4.999999794400818
99.0,254.0,129.88369750976562,4.999999345207459,-4.999999993722049,4.9999998700453006,4.999999989117844,4.999999027698371,-4.9999999701882585,4.999999998324208,-4.999999646864791,4.999999830820786,-4.999999787047818
99.0,254.0,129.88369750976562,4.9999986757860615,-4.999999999218806,4.999999878323842,4.999999327811468,4.999999362974338,-4.999999281227645,4.999999830737515,-4.999999908132855,4.99999992338825,-4.999999994948498
99.0,254.0,129.88369750976562,4.999999449943063,-4.999999303802615,4.99999999952307,4.99999808374537,4.999999732397546,-4.999999900600439,4.999999995394439,-4.999999632403084,4.999999983514357,-4.999999837905348
99.0,254.0,129.88369750976562,4.999998496912111,-4.999999989891806,4.999999909341342,4.999999344437173,4.999999434147933,-4.999999909920462,4.999999992076868,-4.999999998754437,4.999999997221336,-4.999999831367987
99.0,254.0,129.88369750976562,4.999999010610915,-4.999999621339404,4.999999548326307,4.999999631160248,4.999999809506734,-4.999999327644871,4.999999982654843,-4.9999999999303935,4.999999951133344,-4.999999785441421
99.0,254.0,129.88369750976562,4.99999853932028,-4.99999999573994,4.999999823329526,4.999999616104926,4.999999985074468,-4.99999924243606,4.999999978140074,-4.999999998223117,4.99999984008117,-4.99999979377997
99.0,254.0,129.88369750976562,4.999999802626299,-4.99999962849201,4.999999556263097,4.999999608950152,4.999999772831954,-4.999999963725715,4.999999990420739,-4.999999999110986,4.999999999947836,-4.99999993693096
99.0,254.0,129.88369750976562,4.999999749665182,-4.99999996553812,4.999999998129521,4.999999986834452,4.9999999847226615,-4.999999424088628,4.99999998628288,-4.999999948152202,4.99999997081034,-4.999999862543062
99.0,254.0,129.88369750976562,4.999999961330736,-4.999999986262006,4.9999990000301375,4.999999991826343,4.999999989788966,-4.999998795645917,4.999999996349182,-4.999999904308723,4.999999980174233,-4.99999979061049
99.0,254.0,129.88369750976562,4.99999913198806,-4.999999236368906,4.999998539167445,4.999999994468097,4.999999623536006,-4.999999991689277,4.999999990784682,-4.999999999393535,4.9999999524299525,-4.999999802885343
99.0,254.0,129.88369750976562,4.999999707353453,-4.99999999068575,4.99999999888026,4.999999572208655,4.999999987071203,-4.999999514843929,4.99999998784261,-4.999999829391609,4.999999978103313,-4.999999862609295
99.0,254.0,129.88369750976562,4.99999818940679,-4.999999985169978,4.999999089173883,4.999999964357452,4.999999974671473,-4.999999821271656,4.999999981755144,-4.9999999031447455,4.999999730325605,-4.99999981956244
99.0,254.0,129.88369750976562,4.999996143607362,-4.999999953553816,4.999998824072994,4.999999963998286,4.999999998480842,-4.999999728901685,4.99999999707503,-4.999999915862702,4.999999785396371,-4.9999998143112885
99.0,254.0,129.88369750976562,4.99999747882021,-4.999999561244506,4.999997951442406,4.999999997257871,4.999999756577654,-4.9999999058399,4.9999999916249775,-4.999999999632848,4.99999985337096,-4.999999791088314
99.0,254.0,129.88369750976562,4.999999438487697,-4.999999796627321,4.999999776709867,4.999999687578283,4.999999902695179,-4.999999504039164,4.999999991377257,-4.999999881208799,4.999999989253658,-4.999999787880507
99.0,254.0,129.88369750976562,4.999997723464944,-4.999999914316026,4.999998346539417,4.999999997561368,4.999999906517921,-4.999999996434336,4.999999992304069,-4.999999999784648,4.999999851110273,-4.999999944636614
99.0,254.0,129.88369750976562,4.999999082999102,-4.999999998575135,4.999999923411387,4.999999616023865,4.999999562933701,-4.999999263798827,4.999999828449685,-4.99999987583053,4.999999921970063,-4.999999975210635
99.0,254.0,129.88369750976562,4.999998420522251,-4.999999998042998,4.999999914079867,4.999999601719067,4.99999956633628,-4.99999972375463,4.999999830678156,-4.999999856231142,4.999999825147508,-4.999999993947171
99.0,254.0,129.88369750976562,4.9999936208055455,-4.999999990353143,4.999999536573551,4.999999928995921,4.99999999588025,-4.999999969590231,4.999999955324155,-4.999999914817687,4.999999773029205,-4.999999886208292
99.0,254.0,129.88369750976562,4.999999499487384,-4.9999999793994485,4.999999999002201,4.999999997605267,4.99999950880523,-4.999998865370355,4.999999980559231,-4.999999997051294,4.999999998987393,-4.999999895662702
99.0,254.0,129.88369750976562,4.999996699700624,-4.999999015401074,4.999999318968296,4.999999824358751,4.9999996573614105,-4.999999992908959,4.999999994666214,-4.999999999504531,4.999999995753315,-4.999999800510238
99.0,255.0,129.88369750976562,4.999998393049736,-4.9999999639205885,4.999999183393896,4.999999959514477,4.999999970001494,-4.999999744478762,4.999999985735578,-4.999999941534595,4.999999802560382,-4.999999769906124
99.0,255.0,129.88369750976562,4.999999951906325,-4.999998898814851,4.999999972812911,4.99999889734371,4.999999336994564,-4.999999972530881,4.999999999740183,-4.999999494778904,4.999999998780333,-4.999999984983752
99.0,255.0,129.88369750976562,4.999998675152282,-4.999999625946577,4.999999844447411,4.999999738929781,4.999999401137268,-4.999999966940284,4.999999990278488,-4.999999998950593,4.999999997990818,-4.999999837434982
99.0,255.0,129.88369750976562,4.999998616214041,-4.999999991523842,4.999999366109704,4.999999970762889,4.999999771127303,-4.999999910841129,4.999999994452367,-4.999999833078548,4.9999996812358765,-4.99999997513447
99.0,255.0,129.88369750976562,4.999999325360284,-4.999999999795323,4.999999966222046,4.999999806679261,4.999999988963234,-4.999999477304353,4.999999997872225,-4.999999788228831,4.999999933757616,-4.999999938925822
99.0,255.0,129.88369750976562,4.999999043189739,-4.999999989710178,4.999999744927569,4.9999999542146,4.999999990192108,-4.999999519371047,4.999999998849224,-4.9999998180231575,4.999999975233592,-4.999999786528934
99.0,255.0,129.88369750976562,4.999995284099716,-4.999999993854802,4.999999176089284,4.999999887744916,4.999999984064953,-4.999999317150085,4.999999996228367,-4.9999998637642,4.999999826946553,-4.999999779491851
99.0,255.0,129.88369750976562,4.999999650356557,-4.999999999825788,4.999999466478899,4.999999842161449,4.999999995023709,-4.9999989375958975,4.999999998979735,-4.999999773308298,4.999999926652253,-4.999999976505348
99.0,255.0,129.88369750976562,4.999995840834285,-4.999999816936498,4.999999502284775,4.999999780348846,4.999999984336632,-4.9999993143547865,4.999999992522435,-4.9999998901283496,4.999999935636334,-4.999999969487007
99.0,255.0,129.88369750976562,4.99999995878383,-4.999999975442021,4.999999528086171,4.999999993221739,4.9999998901326,-4.999998969205199,4.999999989053324,-4.999999946368952,4.999999926203617,-4.999999812117926
99.0,255.0,129.88369750976562,4.999999806049937,-4.999999251199697,4.999998947196251,4.9999999610175125,4.999999637242654,-4.99999973815471,4.999999991502106,-4.999999986226478,4.999999970591272,-4.99999981513269
99.0,255.0,129.88369750976562,4.999996817192532,-4.9999999961486825,4.999999886712574,4.999999993677881,4.999999951972019,-4.99999999214729,4.999999993168378,-4.999999754364145,4.999999768412532,-4.9999999571282
99.0,255.0,129.88369750976562,4.999998606453361,-4.999999967097521,4.999999321861807,4.999999962717195,4.999999947661522,-4.999999789263498,4.99999999208419,-4.999999906501496,4.999999778015517,-4.999999847692139
99.0,255.0,129.88369750976562,4.99999794567742,-4.999999745982114,4.9999981791936365,4.999999999930876,4.999999822470288,-4.999999697272686,4.999999994796385,-4.999999977415241,4.999999891457886,-4.999999805100348
99.0,255.0,129.88369750976562,4.999999680862515,-4.99999997561649,4.999999202349345,4.99999999429044,4.999999927730237,-4.999999920520677,4.999999988940113,-4.999999994608891,4.999999782866002,-4.999999903689904
99.0,255.0,129.88369750976562,4.999999183012706,-4.999999974235221,4.999999463986834,4.999999327473602,4.999999783544061,-4.99999915025275,4.999999987185736,-4.999999867604896,4.999999818737461,-4.999999985414883
99.0,255.0,129.88369750976562,4.9999999314070624,-4.999999977164306,4.99999969515634,4.999999991326789,4.999999940856364,-4.999998869351892,4.999999987627247,-4.999999945700272,4.999999971660626,-4.999999810219067
99.0,255.0,129.88369750976562,4.999996823954189,-4.999999916628447,4.99999902821954,4.999999998910966,4.999999996940279,-4.999999999803713,4.999999991662074,-4.999999960427447,4.9999998946986,-4.999999935633479
99.0,255.0,129.88369750976562,4.999994036822713,-4.999999982175494,4.999999763997581,4.999999791426465,4.999999979222971,-4.999999826978064,4.999999954970688,-4.999999902171339,4.999999878648276,-4.999999856302477
99.0,255.0,129.88369750976562,4.999999715336943,-4.999999966281545,4.999999382106655,4.999999339237378,4.999999996543513,-4.999999155092524,4.999999984429609,-4.999999948370068,4.999999869552524,-4.999999787907971
99.0,255.0,129.88369750976562,4.999999887249757,-4.999999998812916,4.999999435001985,4.999999729158584,4.999999771087743,-4.999999963759121,4.999999998608711,-4.999999830162187,4.999999995460857,-4.999999986039774
99.0,255.0,129.88369750976562,4.999997848523721,-4.999999984595642,4.999999999909912,4.99999967851701,4.999999771944335,-4.999999712500664,4.999999992428423,-4.999999855416005,4.999999988648389,-4.999999984603841
99.0,255.0,129.88369750976562,4.999999311338192,-4.99999968556676,4.999999999516432,4.999999920861966,4.999999834066658,-4.999999875062828,4.999999987501207,-4.999999934149787,4.99999999438496,-4.999999715451437
99.0,255.0,129.88369750976562,4.999999332606898,-4.99999987921171,4.999997672003195,4.999999999130307,4.999999987068961,-4.999999391400978,4.999999881618264,-4.999999962461375,4.999999960683903,-4.9999998330569415
99.0,255.0,129.88369750976562,4.999998997692642,-4.99999960768909,4.99999923965388,4.999999354472283,4.999999809071095,-4.99999928648632,4.999999981284434,-4.999999990135484,4.999999895486772,-4.9999997821949975
99.0,255.0,129.88369750976562,4.999997794613169,-4.999999994968411,4.999999700250042,4.999999807635453,4.999999872574834,-4.999999711134512,4.9999999916002125,-4.999999831741189,4.999999772149894,-4.999999971336751
99.0,255.0,129.88369750976562,4.999999416961559,-4.9999998192065975,4.9999998301616175,4.99999977527742,4.999999992096949,-4.999999163404482,4.999999997241344,-4.999999847567556,4.999999974221716,-4.999999952970255
99.0,255.0,129.88369750976562,4.999999981170396,-4.9999997823737,4.999998498843815,4.999999843951444,4.999999897326526,-4.999998894442202,4.999999998208035,-4.999999895942649,4.9999999691314665,-4.9999998934854055
99.0,255.0,129.88369750976562,4.999999741173489,-4.999999993582172,4.999999999451509,4.999999892613308,4.999999997414791,-4.999999237409626,4.999999987170426,-4.9999999152004815,4.9999999808456685,-4.999999794400818
99.0,255.0,129.88369750976562,4.999999345207459,-4.999999993722049,4.9999998700453006,4.999999989117844,4.999999027698371,-4.9999999701882585,4.999999998324208,-4.999999646864791,4.999999830820786,-4.999999787047818
99.0,255.0,129.88369750976562,4.9999986757860615,-4.999999999218806,4.999999878323842,4.999999327811468,4.999999362974338,-4.999999281227645,4.999999830737515,-4.999999908132855,4.99999992338825,-4.999999994948498
99.0,255.0,129.88369750976562,4.999999449943063,-4.999999303802615,4.99999999952307,4.99999808374537,4.999999732397546,-4.999999900600439,4.999999995394439,-4.999999632403084,4.999999983514357,-4.999999837905348
99.0,255.0,129.88369750976562,4.999998496912111,-4.999999989891806,4.999999909341342,4.999999344437173,4.999999434147933,-4.999999909920462,4.999999992076868,-4.999999998754437,4.999999997221336,-4.999999831367987
99.0,255.0,129.88369750976562,4.999999010610915,-4.999999621339404,4.999999548326307,4.999999631160248,4.999999809506734,-4.999999327644871,4.999999982654843,-4.9999999999303935,4.999999951133344,-4.999999785441421
99.0,255.0,129.88369750976562,4.99999853932028,-4.99999999573994,4.999999823329526,4.999999616104926,4.999999985074468,-4.99999924243606,4.999999978140074,-4.999999998223117,4.99999984008117,-4.99999979377997
99.0,255.0,129.88369750976562,4.999999802626299,-4.99999962849201,4.999999556263097,4.999999608950152,4.999999772831954,-4.999999963725715,4.999999990420739,-4.999999999110986,4.999999999947836,-4.99999993693096
99.0,255.0,129.88369750976562,4.999999749665182,-4.99999996553812,4.999999998129521,4.999999986834452,4.9999999847226615,-4.999999424088628,4.99999998628288,-4.999999948152202,4.99999997081034,-4.999999862543062
99.0,255.0,129.88369750976562,4.999999961330736,-4.999999986262006,4.9999990000301375,4.999999991826343,4.999999989788966,-4.999998795645917,4.999999996349182,-4.999999904308723,4.999999980174233,-4.99999979061049
99.0,255.0,129.88369750976562,4.99999913198806,-4.999999236368906,4.999998539167445,4.999999994468097,4.999999623536006,-4.999999991689277,4.999999990784682,-4.999999999393535,4.9999999524299525,-4.999999802885343
99.0,255.0,129.88369750976562,4.999999707353453,-4.99999999068575,4.99999999888026,4.999999572208655,4.999999987071203,-4.999999514843929,4.99999998784261,-4.999999829391609,4.999999978103313,-4.999999862609295
99.0,255.0,129.88369750976562,4.99999818940679,-4.999999985169978,4.999999089173883,4.999999964357452,4.999999974671473,-4.999999821271656,4.999999981755144,-4.9999999031447455,4.999999730325605,-4.99999981956244
99.0,255.0,129.88369750976562,4.999996143607362,-4.999999953553816,4.999998824072994,4.999999963998286,4.999999998480842,-4.999999728901685,4.99999999707503,-4.999999915862702,4.999999785396371,-4.9999998143112885
99.0,255.0,129.88369750976562,4.99999747882021,-4.999999561244506,4.999997951442406,4.999999997257871,4.999999756577654,-4.9999999058399,4.9999999916249775,-4.999999999632848,4.99999985337096,-4.999999791088314
99.0,255.0,129.88369750976562,4.999999438487697,-4.999999796627321,4.999999776709867,4.999999687578283,4.999999902695179,-4.999999504039164,4.999999991377257,-4.999999881208799,4.999999989253658,-4.999999787880507
99.0,255.0,129.88369750976562,4.999997723464944,-4.999999914316026,4.999998346539417,4.999999997561368,4.999999906517921,-4.999999996434336,4.999999992304069,-4.999999999784648,4.999999851110273,-4.999999944636614
99.0,255.0,129.88369750976562,4.999999082999102,-4.999999998575135,4.999999923411387,4.999999616023865,4.999999562933701,-4.999999263798827,4.999999828449685,-4.99999987583053,4.999999921970063,-4.999999975210635
99.0,255.0,129.88369750976562,4.999998420522251,-4.999999998042998,4.999999914079867,4.999999601719067,4.99999956633628,-4.99999972375463,4.999999830678156,-4.999999856231142,4.999999825147508,-4.999999993947171
99.0,255.0,129.88369750976562,4.9999936208055455,-4.999999990353143,4.999999536573551,4.999999928995921,4.99999999588025,-4.999999969590231,4.999999955324155,-4.999999914817687,4.999999773029205,-4.999999886208292
99.0,255.0,129.88369750976562,4.999999499487384,-4.9999999793994485,4.999999999002201,4.999999997605267,4.99999950880523,-4.999998865370355,4.999999980559231,-4.999999997051294,4.999999998987393,-4.999999895662702
99.0,255.0,129.88369750976562,4.999996699700624,-4.999999015401074,4.999999318968296,4.999999824358751,4.9999996573614105,-4.999999992908959,4.999999994666214,-4.999999999504531,4.999999995753315,-4.999999800510238
99.0,256.0,129.88369750976562,4.999998393049736,-4.9999999639205885,4.999999183393896,4.999999959514477,4.999999970001494,-4.999999744478762,4.999999985735578,-4.999999941534595,4.999999802560382,-4.999999769906124
99.0,256.0,129.88369750976562,4.999999951906325,-4.999998898814851,4.999999972812911,4.99999889734371,4.999999336994564,-4.999999972530881,4.999999999740183,-4.999999494778904,4.999999998780333,-4.999999984983752
99.0,256.0,129.88369750976562,4.999998675152282,-4.999999625946577,4.999999844447411,4.999999738929781,4.999999401137268,-4.999999966940284,4.999999990278488,-4.999999998950593,4.999999997990818,-4.999999837434982
99.0,256.0,129.88369750976562,4.999998616214041,-4.999999991523842,4.999999366109704,4.999999970762889,4.999999771127303,-4.999999910841129,4.999999994452367,-4.999999833078548,4.9999996812358765,-4.99999997513447
99.0,256.0,129.88369750976562,4.999999325360284,-4.999999999795323,4.999999966222046,4.999999806679261,4.999999988963234,-4.999999477304353,4.999999997872225,-4.999999788228831,4.999999933757616,-4.999999938925822
99.0,256.0,129.88369750976562,4.999999043189739,-4.999999989710178,4.999999744927569,4.9999999542146,4.999999990192108,-4.999999519371047,4.999999998849224,-4.9999998180231575,4.999999975233592,-4.999999786528934
99.0,256.0,129.88369750976562,4.999995284099716,-4.999999993854802,4.999999176089284,4.999999887744916,4.999999984064953,-4.999999317150085,4.999999996228367,-4.9999998637642,4.999999826946553,-4.999999779491851
99.0,256.0,129.88369750976562,4.999999650356557,-4.999999999825788,4.999999466478899,4.999999842161449,4.999999995023709,-4.9999989375958975,4.999999998979735,-4.999999773308298,4.999999926652253,-4.999999976505348
99.0,256.0,129.88369750976562,4.999995840834285,-4.999999816936498,4.999999502284775,4.999999780348846,4.999999984336632,-4.9999993143547865,4.999999992522435,-4.9999998901283496,4.999999935636334,-4.999999969487007
99.0,256.0,129.88369750976562,4.99999995878383,-4.999999975442021,4.999999528086171,4.999999993221739,4.9999998901326,-4.999998969205199,4.999999989053324,-4.999999946368952,4.999999926203617,-4.999999812117926
99.0,256.0,129.88369750976562,4.999999806049937,-4.999999251199697,4.999998947196251,4.9999999610175125,4.999999637242654,-4.99999973815471,4.999999991502106,-4.999999986226478,4.999999970591272,-4.99999981513269
99.0,256.0,129.88369750976562,4.999996817192532,-4.9999999961486825,4.999999886712574,4.999999993677881,4.999999951972019,-4.99999999214729,4.999999993168378,-4.999999754364145,4.999999768412532,-4.9999999571282
99.0,256.0,129.88369750976562,4.999998606453361,-4.999999967097521,4.999999321861807,4.999999962717195,4.999999947661522,-4.999999789263498,4.99999999208419,-4.999999906501496,4.999999778015517,-4.999999847692139
99.0,256.0,129.88369750976562,4.99999794567742,-4.999999745982114,4.9999981791936365,4.999999999930876,4.999999822470288,-4.999999697272686,4.999999994796385,-4.999999977415241,4.999999891457886,-4.999999805100348
99.0,256.0,129.88369750976562,4.999999680862515,-4.99999997561649,4.999999202349345,4.99999999429044,4.999999927730237,-4.999999920520677,4.999999988940113,-4.999999994608891,4.999999782866002,-4.999999903689904
99.0,256.0,129.88369750976562,4.999999183012706,-4.999999974235221,4.999999463986834,4.999999327473602,4.999999783544061,-4.99999915025275,4.999999987185736,-4.999999867604896,4.999999818737461,-4.999999985414883
99.0,256.0,129.88369750976562,4.9999999314070624,-4.999999977164306,4.99999969515634,4.999999991326789,4.999999940856364,-4.999998869351892,4.999999987627247,-4.999999945700272,4.999999971660626,-4.999999810219067
99.0,256.0,129.88369750976562,4.999996823954189,-4.999999916628447,4.99999902821954,4.999999998910966,4.999999996940279,-4.999999999803713,4.999999991662074,-4.999999960427447,4.9999998946986,-4.999999935633479
99.0,256.0,129.88369750976562,4.999994036822713,-4.999999982175494,4.999999763997581,4.999999791426465,4.999999979222971,-4.999999826978064,4.999999954970688,-4.999999902171339,4.999999878648276,-4.999999856302477
99.0,256.0,129.88369750976562,4.999999715336943,-4.999999966281545,4.999999382106655,4.999999339237378,4.999999996543513,-4.999999155092524,4.999999984429609,-4.999999948370068,4.999999869552524,-4.999999787907971
99.0,256.0,129.88369750976562,4.999999887249757,-4.999999998812916,4.999999435001985,4.999999729158584,4.999999771087743,-4.999999963759121,4.999999998608711,-4.999999830162187,4.999999995460857,-4.999999986039774
99.0,256.0,129.88369750976562,4.999997848523721,-4.999999984595642,4.999999999909912,4.99999967851701,4.999999771944335,-4.999999712500664,4.999999992428423,-4.999999855416005,4.999999988648389,-4.999999984603841
99.0,256.0,129.88369750976562,4.999999311338192,-4.99999968556676,4.999999999516432,4.999999920861966,4.999999834066658,-4.999999875062828,4.999999987501207,-4.999999934149787,4.99999999438496,-4.999999715451437
99.0,256.0,129.88369750976562,4.999999332606898,-4.99999987921171,4.999997672003195,4.999999999130307,4.999999987068961,-4.999999391400978,4.999999881618264,-4.999999962461375,4.999999960683903,-4.9999998330569415
99.0,256.0,129.88369750976562,4.999998997692642,-4.99999960768909,4.99999923965388,4.999999354472283,4.999999809071095,-4.99999928648632,4.999999981284434,-4.999999990135484,4.999999895486772,-4.9999997821949975
99.0,256.0,129.88369750976562,4.999997794613169,-4.999999994968411,4.999999700250042,4.999999807635453,4.999999872574834,-4.999999711134512,4.9999999916002125,-4.999999831741189,4.999999772149894,-4.999999971336751
99.0,256.0,129.88369750976562,4.999999416961559,-4.9999998192065975,4.9999998301616175,4.99999977527742,4.999999992096949,-4.999999163404482,4.999999997241344,-4.999999847567556,4.999999974221716,-4.999999952970255
99.0,256.0,129.88369750976562,4.999999981170396,-4.9999997823737,4.999998498843815,4.999999843951444,4.999999897326526,-4.999998894442202,4.999999998208035,-4.999999895942649,4.9999999691314665,-4.9999998934854055
99.0,256.0,129.88369750976562,4.999999741173489,-4.999999993582172,4.999999999451509,4.999999892613308,4.999999997414791,-4.999999237409626,4.999999987170426,-4.9999999152004815,4.9999999808456685,-4.999999794400818
99.0,256.0,129.88369750976562,4.999999345207459,-4.999999993722049,4.9999998700453006,4.999999989117844,4.999999027698371,-4.9999999701882585,4.999999998324208,-4.999999646864791,4.999999830820786,-4.999999787047818
99.0,256.0,129.88369750976562,4.9999986757860615,-4.999999999218806,4.999999878323842,4.999999327811468,4.999999362974338,-4.999999281227645,4.999999830737515,-4.999999908132855,4.99999992338825,-4.999999994948498
99.0,256.0,129.88369750976562,4.999999449943063,-4.999999303802615,4.99999999952307,4.99999808374537,4.999999732397546,-4.999999900600439,4.999999995394439,-4.999999632403084,4.999999983514357,-4.999999837905348
99.0,256.0,129.88369750976562,4.999998496912111,-4.999999989891806,4.999999909341342,4.999999344437173,4.999999434147933,-4.999999909920462,4.999999992076868,-4.999999998754437,4.999999997221336,-4.999999831367987
99.0,256.0,129.88369750976562,4.999999010610915,-4.999999621339404,4.999999548326307,4.999999631160248,4.999999809506734,-4.999999327644871,4.999999982654843,-4.9999999999303935,4.999999951133344,-4.999999785441421
99.0,256.0,129.88369750976562,4.99999853932028,-4.99999999573994,4.999999823329526,4.999999616104926,4.999999985074468,-4.99999924243606,4.999999978140074,-4.999999998223117,4.99999984008117,-4.99999979377997
99.0,256.0,129.88369750976562,4.999999802626299,-4.99999962849201,4.999999556263097,4.999999608950152,4.999999772831954,-4.999999963725715,4.999999990420739,-4.999999999110986,4.999999999947836,-4.99999993693096
99.0,256.0,129.88369750976562,4.999999749665182,-4.99999996553812,4.999999998129521,4.999999986834452,4.9999999847226615,-4.999999424088628,4.99999998628288,-4.999999948152202,4.99999997081034,-4.999999862543062
99.0,256.0,129.88369750976562,4.999999961330736,-4.999999986262006,4.9999990000301375,4.999999991826343,4.999999989788966,-4.999998795645917,4.999999996349182,-4.999999904308723,4.999999980174233,-4.99999979061049
99.0,256.0,129.88369750976562,4.99999913198806,-4.999999236368906,4.999998539167445,4.999999994468097,4.999999623536006,-4.999999991689277,4.999999990784682,-4.999999999393535,4.9999999524299525,-4.999999802885343
99.0,256.0,129.88369750976562,4.999999707353453,-4.99999999068575,4.99999999888026,4.999999572208655,4.999999987071203,-4.999999514843929,4.99999998784261,-4.999999829391609,4.999999978103313,-4.999999862609295
99.0,256.0,129.88369750976562,4.99999818940679,-4.999999985169978,4.999999089173883,4.999999964357452,4.999999974671473,-4.999999821271656,4.999999981755144,-4.9999999031447455,4.999999730325605,-4.99999981956244
99.0,256.0,129.88369750976562,4.999996143607362,-4.999999953553816,4.999998824072994,4.999999963998286,4.999999998480842,-4.999999728901685,4.99999999707503,-4.999999915862702,4.999999785396371,-4.9999998143112885
99.0,256.0,129.88369750976562,4.99999747882021,-4.999999561244506,4.999997951442406,4.999999997257871,4.999999756577654,-4.9999999058399,4.9999999916249775,-4.999999999632848,4.99999985337096,-4.999999791088314
99.0,256.0,129.88369750976562,4.999999438487697,-4.999999796627321,4.999999776709867,4.999999687578283,4.999999902695179,-4.999999504039164,4.999999991377257,-4.999999881208799,4.999999989253658,-4.999999787880507
99.0,256.0,129.88369750976562,4.999997723464944,-4.999999914316026,4.999998346539417,4.999999997561368,4.999999906517921,-4.999999996434336,4.999999992304069,-4.999999999784648,4.999999851110273,-4.999999944636614
99.0,256.0,129.88369750976562,4.999999082999102,-4.999999998575135,4.999999923411387,4.999999616023865,4.999999562933701,-4.999999263798827,4.999999828449685,-4.99999987583053,4.999999921970063,-4.999999975210635
99.0,256.0,129.88369750976562,4.999998420522251,-4.999999998042998,4.999999914079867,4.999999601719067,4.99999956633628,-4.99999972375463,4.999999830678156,-4.999999856231142,4.999999825147508,-4.999999993947171
99.0,256.0,129.88369750976562,4.9999936208055455,-4.999999990353143,4.999999536573551,4.999999928995921,4.99999999588025,-4.999999969590231,4.999999955324155,-4.999999914817687,4.999999773029205,-4.999999886208292
99.0,256.0,129.88369750976562,4.999999499487384,-4.9999999793994485,4.999999999002201,4.999999997605267,4.99999950880523,-4.999998865370355,4.999999980559231,-4.999999997051294,4.999999998987393,-4.999999895662702
99.0,256.0,129.88369750976562,4.999996699700624,-4.999999015401074,4.999999318968296,4.999999824358751,4.9999996573614105,-4.999999992908959,4.999999994666214,-4.999999999504531,4.999999995753315,-4.999999800510238
99.0,257.0,129.88369750976562,4.999998393049736,-4.9999999639205885,4.999999183393896,4.999999959514477,4.999999970001494,-4.999999744478762,4.999999985735578,-4.999999941534595,4.999999802560382,-4.999999769906124
99.0,257.0,129.88369750976562,4.999999951906325,-4.999998898814851,4.999999972812911,4.99999889734371,4.999999336994564,-4.999999972530881,4.999999999740183,-4.999999494778904,4.999999998780333,-4.999999984983752
99.0,257.0,129.88369750976562,4.999998675152282,-4.999999625946577,4.999999844447411,4.999999738929781,4.999999401137268,-4.999999966940284,4.999999990278488,-4.999999998950593,4.999999997990818,-4.999999837434982
99.0,257.0,129.88369750976562,4.999998616214041,-4.999999991523842,4.999999366109704,4.999999970762889,4.999999771127303,-4.999999910841129,4.999999994452367,-4.999999833078548,4.9999996812358765,-4.99999997513447
99.0,257.0,129.88369750976562,4.999999325360284,-4.999999999795323,4.999999966222046,4.999999806679261,4.999999988963234,-4.999999477304353,4.999999997872225,-4.999999788228831,4.999999933757616,-4.999999938925822
99.0,257.0,129.88369750976562,4.999999043189739,-4.999999989710178,4.999999744927569,4.9999999542146,4.999999990192108,-4.999999519371047,4.999999998849224,-4.9999998180231575,4.999999975233592,-4.999999786528934
99.0,257.0,129.88369750976562,4.999995284099716,-4.999999993854802,4.999999176089284,4.999999887744916,4.999999984064953,-4.999999317150085,4.999999996228367,-4.9999998637642,4.999999826946553,-4.999999779491851
99.0,257.0,129.88369750976562,4.999999650356557,-4.999999999825788,4.999999466478899,4.999999842161449,4.999999995023709,-4.9999989375958975,4.999999998979735,-4.999999773308298,4.999999926652253,-4.999999976505348
99.0,257.0,129.88369750976562,4.999995840834285,-4.999999816936498,4.999999502284775,4.999999780348846,4.999999984336632,-4.9999993143547865,4.999999992522435,-4.9999998901283496,4.999999935636334,-4.999999969487007
99.0,257.0,129.88369750976562,4.99999995878383,-4.999999975442021,4.999999528086171,4.999999993221739,4.9999998901326,-4.999998969205199,4.999999989053324,-4.999999946368952,4.999999926203617,-4.999999812117926
99.0,257.0,129.88369750976562,4.999999806049937,-4.999999251199697,4.999998947196251,4.9999999610175125,4.999999637242654,-4.99999973815471,4.999999991502106,-4.999999986226478,4.999999970591272,-4.99999981513269
99.0,257.0,129.88369750976562,4.999996817192532,-4.9999999961486825,4.999999886712574,4.999999993677881,4.999999951972019,-4.99999999214729,4.999999993168378,-4.999999754364145,4.999999768412532,-4.9999999571282
99.0,257.0,129.88369750976562,4.999998606453361,-4.999999967097521,4.999999321861807,4.999999962717195,4.999999947661522,-4.999999789263498,4.99999999208419,-4.999999906501496,4.999999778015517,-4.999999847692139
99.0,257.0,129.88369750976562,4.99999794567742,-4.999999745982114,4.9999981791936365,4.999999999930876,4.999999822470288,-4.999999697272686,4.999999994796385,-4.999999977415241,4.999999891457886,-4.999999805100348
99.0,257.0,129.88369750976562,4.999999680862515,-4.99999997561649,4.999999202349345,4.99999999429044,4.999999927730237,-4.999999920520677,4.999999988940113,-4.999999994608891,4.999999782866002,-4.999999903689904
99.0,257.0,129.88369750976562,4.999999183012706,-4.999999974235221,4.999999463986834,4.999999327473602,4.999999783544061,-4.99999915025275,4.999999987185736,-4.999999867604896,4.999999818737461,-4.999999985414883
99.0,257.0,129.88369750976562,4.9999999314070624,-4.999999977164306,4.99999969515634,4.999999991326789,4.999999940856364,-4.999998869351892,4.999999987627247,-4.999999945700272,4.999999971660626,-4.999999810219067
99.0,257.0,129.88369750976562,4.999996823954189,-4.999999916628447,4.99999902821954,4.999999998910966,4.999999996940279,-4.999999999803713,4.999999991662074,-4.999999960427447,4.9999998946986,-4.999999935633479
99.0,257.0,129.88369750976562,4.999994036822713,-4.999999982175494,4.999999763997581,4.999999791426465,4.999999979222971,-4.999999826978064,4.999999954970688,-4.999999902171339,4.999999878648276,-4.999999856302477
99.0,257.0,129.88369750976562,4.999999715336943,-4.999999966281545,4.999999382106655,4.999999339237378,4.999999996543513,-4.999999155092524,4.999999984429609,-4.999999948370068,4.999999869552524,-4.999999787907971
99.0,257.0,129.88369750976562,4.999999887249757,-4.999999998812916,4.999999435001985,4.999999729158584,4.999999771087743,-4.999999963759121,4.999999998608711,-4.999999830162187,4.999999995460857,-4.999999986039774
99.0,257.0,129.88369750976562,4.999997848523721,-4.999999984595642,4.999999999909912,4.99999967851701,4.999999771944335,-4.999999712500664,4.999999992428423,-4.999999855416005,4.999999988648389,-4.999999984603841
99.0,257.0,129.88369750976562,4.999999311338192,-4.99999968556676,4.999999999516432,4.999999920861966,4.999999834066658,-4.999999875062828,4.999999987501207,-4.999999934149787,4.99999999438496,-4.999999715451437
99.0,257.0,129.88369750976562,4.999999332606898,-4.99999987921171,4.999997672003195,4.999999999130307,4.999999987068961,-4.999999391400978,4.999999881618264,-4.999999962461375,4.999999960683903,-4.9999998330569415
99.0,257.0,129.88369750976562,4.999998997692642,-4.99999960768909,4.99999923965388,4.999999354472283,4.999999809071095,-4.99999928648632,4.999999981284434,-4.999999990135484,4.999999895486772,-4.9999997821949975
99.0,257.0,129.88369750976562,4.999997794613169,-4.999999994968411,4.999999700250042,4.999999807635453,4.999999872574834,-4.999999711134512,4.9999999916002125,-4.999999831741189,4.999999772149894,-4.999999971336751
99.0,257.0,129.88369750976562,4.999999416961559,-4.9999998192065975,4.9999998301616175,4.99999977527742,4.999999992096949,-4.999999163404482,4.999999997241344,-4.999999847567556,4.999999974221716,-4.999999952970255
99.0,257.0,129.88369750976562,4.999999981170396,-4.9999997823737,4.999998498843815,4.999999843951444,4.999999897326526,-4.999998894442202,4.999999998208035,-4.999999895942649,4.9999999691314665,-4.9999998934854055
99.0,257.0,129.88369750976562,4.999999741173489,-4.999999993582172,4.999999999451509,4.999999892613308,4.999999997414791,-4.999999237409626,4.999999987170426,-4.9999999152004815,4.9999999808456685,-4.999999794400818
99.0,257.0,129.88369750976562,4.999999345207459,-4.999999993722049,4.9999998700453006,4.999999989117844,4.999999027698371,-4.9999999701882585,4.999999998324208,-4.999999646864791,4.999999830820786,-4.999999787047818
99.0,257.0,129.88369750976562,4.9999986757860615,-4.999999999218806,4.999999878323842,4.999999327811468,4.999999362974338,-4.999999281227645,4.999999830737515,-4.999999908132855,4.99999992338825,-4.999999994948498
99.0,257.0,129.88369750976562,4.999999449943063,-4.999999303802615,4.99999999952307,4.99999808374537,4.999999732397546,-4.999999900600439,4.999999995394439,-4.999999632403084,4.999999983514357,-4.999999837905348
99.0,257.0,129.88369750976562,4.999998496912111,-4.999999989891806,4.999999909341342,4.999999344437173,4.999999434147933,-4.999999909920462,4.999999992076868,-4.999999998754437,4.999999997221336,-4.999999831367987
99.0,257.0,129.88369750976562,4.999999010610915,-4.999999621339404,4.999999548326307,4.999999631160248,4.999999809506734,-4.999999327644871,4.999999982654843,-4.9999999999303935,4.999999951133344,-4.999999785441421
99.0,257.0,129.88369750976562,4.99999853932028,-4.99999999573994,4.999999823329526,4.999999616104926,4.999999985074468,-4.99999924243606,4.999999978140074,-4.999999998223117,4.99999984008117,-4.99999979377997
99.0,257.0,129.88369750976562,4.999999802626299,-4.99999962849201,4.999999556263097,4.999999608950152,4.999999772831954,-4.999999963725715,4.999999990420739,-4.999999999110986,4.999999999947836,-4.99999993693096
99.0,257.0,129.88369750976562,4.999999749665182,-4.99999996553812,4.999999998129521,4.999999986834452,4.9999999847226615,-4.999999424088628,4.99999998628288,-4.999999948152202,4.99999997081034,-4.999999862543062
99.0,257.0,129.88369750976562,4.999999961330736,-4.999999986262006,4.9999990000301375,4.999999991826343,4.999999989788966,-4.999998795645917,4.999999996349182,-4.999999904308723,4.999999980174233,-4.99999979061049
99.0,257.0,129.88369750976562,4.99999913198806,-4.999999236368906,4.999998539167445,4.999999994468097,4.999999623536006,-4.999999991689277,4.999999990784682,-4.999999999393535,4.9999999524299525,-4.999999802885343
99.0,257.0,129.88369750976562,4.999999707353453,-4.99999999068575,4.99999999888026,4.999999572208655,4.999999987071203,-4.999999514843929,4.99999998784261,-4.999999829391609,4.999999978103313,-4.999999862609295
99.0,257.0,129.88369750976562,4.99999818940679,-4.999999985169978,4.999999089173883,4.999999964357452,4.999999974671473,-4.999999821271656,4.999999981755144,-4.9999999031447455,4.999999730325605,-4.99999981956244
99.0,257.0,129.88369750976562,4.999996143607362,-4.999999953553816,4.999998824072994,4.999999963998286,4.999999998480842,-4.999999728901685,4.99999999707503,-4.999999915862702,4.999999785396371,-4.9999998143112885
99.0,257.0,129.88369750976562,4.99999747882021,-4.999999561244506,4.999997951442406,4.999999997257871,4.999999756577654,-4.9999999058399,4.9999999916249775,-4.999999999632848,4.99999985337096,-4.999999791088314
99.0,257.0,129.88369750976562,4.999999438487697,-4.999999796627321,4.999999776709867,4.999999687578283,4.999999902695179,-4.999999504039164,4.999999991377257,-4.999999881208799,4.999999989253658,-4.999999787880507
99.0,257.0,129.88369750976562,4.999997723464944,-4.999999914316026,4.999998346539417,4.999999997561368,4.999999906517921,-4.999999996434336,4.999999992304069,-4.999999999784648,4.999999851110273,-4.999999944636614
99.0,257.0,129.88369750976562,4.999999082999102,-4.999999998575135,4.999999923411387,4.999999616023865,4.999999562933701,-4.999999263798827,4.999999828449685,-4.99999987583053,4.999999921970063,-4.999999975210635
99.0,257.0,129.88369750976562,4.999998420522251,-4.999999998042998,4.999999914079867,4.999999601719067,4.99999956633628,-4.99999972375463,4.999999830678156,-4.999999856231142,4.999999825147508,-4.999999993947171
99.0,257.0,129.88369750976562,4.9999936208055455,-4.999999990353143,4.999999536573551,4.999999928995921,4.99999999588025,-4.999999969590231,4.999999955324155,-4.999999914817687,4.999999773029205,-4.999999886208292
99.0,257.0,129.88369750976562,4.999999499487384,-4.9999999793994485,4.999999999002201,4.999999997605267,4.99999950880523,-4.999998865370355,4.999999980559231,-4.999999997051294,4.999999998987393,-4.999999895662702
99.0,257.0,129.88369750976562,4.999996699700624,-4.999999015401074,4.999999318968296,4.999999824358751,4.9999996573614105,-4.999999992908959,4.999999994666214,-4.999999999504531,4.999999995753315,-4.999999800510238
99.0,258.0,129.88369750976562,4.999998393049736,-4.9999999639205885,4.999999183393896,4.999999959514477,4.999999970001494,-4.999999744478762,4.999999985735578,-4.999999941534595,4.999999802560382,-4.999999769906124
99.0,258.0,129.88369750976562,4.999999951906325,-4.999998898814851,4.999999972812911,4.99999889734371,4.999999336994564,-4.999999972530881,4.999999999740183,-4.999999494778904,4.999999998780333,-4.999999984983752
99.0,258.0,129.88369750976562,4.999998675152282,-4.999999625946577,4.999999844447411,4.999999738929781,4.999999401137268,-4.999999966940284,4.999999990278488,-4.999999998950593,4.999999997990818,-4.999999837434982
99.0,258.0,129.88369750976562,4.999998616214041,-4.999999991523842,4.999999366109704,4.999999970762889,4.999999771127303,-4.999999910841129,4.999999994452367,-4.999999833078548,4.9999996812358765,-4.99999997513447
99.0,258.0,129.88369750976562,4.999999325360284,-4.999999999795323,4.999999966222046,4.999999806679261,4.999999988963234,-4.999999477304353,4.999999997872225,-4.999999788228831,4.999999933757616,-4.999999938925822
99.0,258.0,129.88369750976562,4.999999043189739,-4.999999989710178,4.999999744927569,4.9999999542146,4.999999990192108,-4.999999519371047,4.999999998849224,-4.9999998180231575,4.999999975233592,-4.999999786528934
99.0,258.0,129.88369750976562,4.999995284099716,-4.999999993854802,4.999999176089284,4.999999887744916,4.999999984064953,-4.999999317150085,4.999999996228367,-4.9999998637642,4.999999826946553,-4.999999779491851
99.0,258.0,129.88369750976562,4.999999650356557,-4.999999999825788,4.999999466478899,4.999999842161449,4.999999995023709,-4.9999989375958975,4.999999998979735,-4.999999773308298,4.999999926652253,-4.999999976505348
99.0,258.0,129.88369750976562,4.999995840834285,-4.999999816936498,4.999999502284775,4.999999780348846,4.999999984336632,-4.9999993143547865,4.999999992522435,-4.9999998901283496,4.999999935636334,-4.999999969487007
99.0,258.0,129.88369750976562,4.99999995878383,-4.999999975442021,4.999999528086171,4.999999993221739,4.9999998901326,-4.999998969205199,4.999999989053324,-4.999999946368952,4.999999926203617,-4.999999812117926
99.0,258.0,129.88369750976562,4.999999806049937,-4.999999251199697,4.999998947196251,4.9999999610175125,4.999999637242654,-4.99999973815471,4.999999991502106,-4.999999986226478,4.999999970591272,-4.99999981513269
99.0,258.0,129.88369750976562,4.999996817192532,-4.9999999961486825,4.999999886712574,4.999999993677881,4.999999951972019,-4.99999999214729,4.999999993168378,-4.999999754364145,4.999999768412532,-4.9999999571282
99.0,258.0,129.88369750976562,4.999998606453361,-4.999999967097521,4.999999321861807,4.999999962717195,4.999999947661522,-4.999999789263498,4.99999999208419,-4.999999906501496,4.999999778015517,-4.999999847692139
99.0,258.0,129.88369750976562,4.99999794567742,-4.999999745982114,4.9999981791936365,4.999999999930876,4.999999822470288,-4.999999697272686,4.999999994796385,-4.999999977415241,4.999999891457886,-4.999999805100348
99.0,258.0,129.88369750976562,4.999999680862515,-4.99999997561649,4.999999202349345,4.99999999429044,4.999999927730237,-4.999999920520677,4.999999988940113,-4.999999994608891,4.999999782866002,-4.999999903689904
99.0,258.0,129.88369750976562,4.999999183012706,-4.999999974235221,4.999999463986834,4.999999327473602,4.999999783544061,-4.99999915025275,4.999999987185736,-4.999999867604896,4.999999818737461,-4.999999985414883
99.0,258.0,129.88369750976562,4.9999999314070624,-4.999999977164306,4.99999969515634,4.999999991326789,4.999999940856364,-4.999998869351892,4.999999987627247,-4.999999945700272,4.999999971660626,-4.999999810219067
99.0,258.0,129.88369750976562,4.999996823954189,-4.999999916628447,4.99999902821954,4.999999998910966,4.999999996940279,-4.999999999803713,4.999999991662074,-4.999999960427447,4.9999998946986,-4.999999935633479
99.0,258.0,129.88369750976562,4.999994036822713,-4.999999982175494,4.999999763997581,4.999999791426465,4.999999979222971,-4.999999826978064,4.999999954970688,-4.999999902171339,4.999999878648276,-4.999999856302477
99.0,258.0,129.88369750976562,4.999999715336943,-4.999999966281545,4.999999382106655,4.999999339237378,4.999999996543513,-4.999999155092524,4.999999984429609,-4.999999948370068,4.999999869552524,-4.999999787907971
99.0,258.0,129.88369750976562,4.999999887249757,-4.999999998812916,4.999999435001985,4.999999729158584,4.999999771087743,-4.999999963759121,4.999999998608711,-4.999999830162187,4.999999995460857,-4.999999986039774
99.0,258.0,129.88369750976562,4.999997848523721,-4.999999984595642,4.999999999909912,4.99999967851701,4.999999771944335,-4.999999712500664,4.999999992428423,-4.999999855416005,4.999999988648389,-4.999999984603841
99.0,258.0,129.88369750976562,4.999999311338192,-4.99999968556676,4.999999999516432,4.999999920861966,4.999999834066658,-4.999999875062828,4.999999987501207,-4.999999934149787,4.99999999438496,-4.999999715451437
99.0,258.0,129.88369750976562,4.999999332606898,-4.99999987921171,4.999997672003195,4.999999999130307,4.999999987068961,-4.999999391400978,4.999999881618264,-4.999999962461375,4.999999960683903,-4.9999998330569415
99.0,258.0,129.88369750976562,4.999998997692642,-4.99999960768909,4.99999923965388,4.999999354472283,4.999999809071095,-4.99999928648632,4.999999981284434,-4.999999990135484,4.999999895486772,-4.9999997821949975
99.0,258.0,129.88369750976562,4.999997794613169,-4.999999994968411,4.999999700250042,4.999999807635453,4.999999872574834,-4.999999711134512,4.9999999916002125,-4.999999831741189,4.999999772149894,-4.999999971336751
99.0,258.0,129.88369750976562,4.999999416961559,-4.9999998192065975,4.9999998301616175,4.99999977527742,4.999999992096949,-4.999999163404482,4.999999997241344,-4.999999847567556,4.999999974221716,-4.999999952970255
99.0,258.0,129.88369750976562,4.999999981170396,-4.9999997823737,4.999998498843815,4.999999843951444,4.999999897326526,-4.999998894442202,4.999999998208035,-4.999999895942649,4.9999999691314665,-4.9999998934854055
99.0,258.0,129.88369750976562,4.999999741173489,-4.999999993582172,4.999999999451509,4.999999892613308,4.999999997414791,-4.999999237409626,4.999999987170426,-4.9999999152004815,4.9999999808456685,-4.999999794400818
99.0,258.0,129.88369750976562,4.999999345207459,-4.999999993722049,4.9999998700453006,4.999999989117844,4.999999027698371,-4.9999999701882585,4.999999998324208,-4.999999646864791,4.999999830820786,-4.999999787047818
99.0,258.0,129.88369750976562,4.9999986757860615,-4.999999999218806,4.999999878323842,4.999999327811468,4.999999362974338,-4.999999281227645,4.999999830737515,-4.999999908132855,4.99999992338825,-4.999999994948498
99.0,258.0,129.88369750976562,4.999999449943063,-4.999999303802615,4.99999999952307,4.99999808374537,4.999999732397546,-4.999999900600439,4.999999995394439,-4.999999632403084,4.999999983514357,-4.999999837905348
99.0,258.0,129.88369750976562,4.999998496912111,-4.999999989891806,4.999999909341342,4.999999344437173,4.999999434147933,-4.999999909920462,4.999999992076868,-4.999999998754437,4.999999997221336,-4.999999831367987
99.0,258.0,129.88369750976562,4.999999010610915,-4.999999621339404,4.999999548326307,4.999999631160248,4.999999809506734,-4.999999327644871,4.999999982654843,-4.9999999999303935,4.999999951133344,-4.999999785441421
99.0,258.0,129.88369750976562,4.99999853932028,-4.99999999573994,4.999999823329526,4.999999616104926,4.999999985074468,-4.99999924243606,4.999999978140074,-4.999999998223117,4.99999984008117,-4.99999979377997
99.0,258.0,129.88369750976562,4.999999802626299,-4.99999962849201,4.999999556263097,4.999999608950152,4.999999772831954,-4.999999963725715,4.999999990420739,-4.999999999110986,4.999999999947836,-4.99999993693096
99.0,258.0,129.88369750976562,4.999999749665182,-4.99999996553812,4.999999998129521,4.999999986834452,4.9999999847226615,-4.999999424088628,4.99999998628288,-4.999999948152202,4.99999997081034,-4.999999862543062
99.0,258.0,129.88369750976562,4.999999961330736,-4.999999986262006,4.9999990000301375,4.999999991826343,4.999999989788966,-4.999998795645917,4.999999996349182,-4.999999904308723,4.999999980174233,-4.99999979061049
99.0,258.0,129.88369750976562,4.99999913198806,-4.999999236368906,4.999998539167445,4.999999994468097,4.999999623536006,-4.999999991689277,4.999999990784682,-4.999999999393535,4.9999999524299525,-4.999999802885343
99.0,258.0,129.88369750976562,4.999999707353453,-4.99999999068575,4.99999999888026,4.999999572208655,4.999999987071203,-4.999999514843929,4.99999998784261,-4.999999829391609,4.999999978103313,-4.999999862609295
99.0,258.0,129.88369750976562,4.99999818940679,-4.999999985169978,4.999999089173883,4.999999964357452,4.999999974671473,-4.999999821271656,4.999999981755144,-4.9999999031447455,4.999999730325605,-4.99999981956244
99.0,258.0,129.88369750976562,4.999996143607362,-4.999999953553816,4.999998824072994,4.999999963998286,4.999999998480842,-4.999999728901685,4.99999999707503,-4.999999915862702,4.999999785396371,-4.9999998143112885
99.0,258.0,129.88369750976562,4.99999747882021,-4.999999561244506,4.999997951442406,4.999999997257871,4.999999756577654,-4.9999999058399,4.9999999916249775,-4.999999999632848,4.99999985337096,-4.999999791088314
99.0,258.0,129.88369750976562,4.999999438487697,-4.999999796627321,4.999999776709867,4.999999687578283,4.999999902695179,-4.999999504039164,4.999999991377257,-4.999999881208799,4.999999989253658,-4.999999787880507
99.0,258.0,129.88369750976562,4.999997723464944,-4.999999914316026,4.999998346539417,4.999999997561368,4.999999906517921,-4.999999996434336,4.999999992304069,-4.999999999784648,4.999999851110273,-4.999999944636614
99.0,258.0,129.88369750976562,4.999999082999102,-4.999999998575135,4.999999923411387,4.999999616023865,4.999999562933701,-4.999999263798827,4.999999828449685,-4.99999987583053,4.999999921970063,-4.999999975210635
99.0,258.0,129.88369750976562,4.999998420522251,-4.999999998042998,4.999999914079867,4.999999601719067,4.99999956633628,-4.99999972375463,4.999999830678156,-4.999999856231142,4.999999825147508,-4.999999993947171
99.0,258.0,129.88369750976562,4.9999936208055455,-4.999999990353143,4.999999536573551,4.999999928995921,4.99999999588025,-4.999999969590231,4.999999955324155,-4.999999914817687,4.999999773029205,-4.999999886208292
99.0,258.0,129.88369750976562,4.999999499487384,-4.9999999793994485,4.999999999002201,4.999999997605267,4.99999950880523,-4.999998865370355,4.999999980559231,-4.999999997051294,4.999999998987393,-4.999999895662702
99.0,258.0,129.88369750976562,4.999996699700624,-4.999999015401074,4.999999318968296,4.999999824358751,4.9999996573614105,-4.999999992908959,4.999999994666214,-4.999999999504531,4.999999995753315,-4.999999800510238
99.0,259.0,129.88369750976562,4.999998393049736,-4.9999999639205885,4.999999183393896,4.999999959514477,4.999999970001494,-4.999999744478762,4.999999985735578,-4.999999941534595,4.999999802560382,-4.999999769906124
99.0,259.0,129.88369750976562,4.999999951906325,-4.999998898814851,4.999999972812911,4.99999889734371,4.999999336994564,-4.999999972530881,4.999999999740183,-4.999999494778904,4.999999998780333,-4.999999984983752
99.0,259.0,129.88369750976562,4.999998675152282,-4.999999625946577,4.999999844447411,4.999999738929781,4.999999401137268,-4.999999966940284,4.999999990278488,-4.999999998950593,4.999999997990818,-4.999999837434982
99.0,259.0,129.88369750976562,4.999998616214041,-4.999999991523842,4.999999366109704,4.999999970762889,4.999999771127303,-4.999999910841129,4.999999994452367,-4.999999833078548,4.9999996812358765,-4.99999997513447
99.0,259.0,129.88369750976562,4.999999325360284,-4.999999999795323,4.999999966222046,4.999999806679261,4.999999988963234,-4.999999477304353,4.999999997872225,-4.999999788228831,4.999999933757616,-4.999999938925822
99.0,259.0,129.88369750976562,4.999999043189739,-4.999999989710178,4.999999744927569,4.9999999542146,4.999999990192108,-4.999999519371047,4.999999998849224,-4.9999998180231575,4.999999975233592,-4.999999786528934
99.0,259.0,129.88369750976562,4.999995284099716,-4.999999993854802,4.999999176089284,4.999999887744916,4.999999984064953,-4.999999317150085,4.999999996228367,-4.9999998637642,4.999999826946553,-4.999999779491851
99.0,259.0,129.88369750976562,4.999999650356557,-4.999999999825788,4.999999466478899,4.999999842161449,4.999999995023709,-4.9999989375958975,4.999999998979735,-4.999999773308298,4.999999926652253,-4.999999976505348
99.0,259.0,129.88369750976562,4.999995840834285,-4.999999816936498,4.999999502284775,4.999999780348846,4.999999984336632,-4.9999993143547865,4.999999992522435,-4.9999998901283496,4.999999935636334,-4.999999969487007
99.0,259.0,129.88369750976562,4.99999995878383,-4.999999975442021,4.999999528086171,4.999999993221739,4.9999998901326,-4.999998969205199,4.999999989053324,-4.999999946368952,4.999999926203617,-4.999999812117926
99.0,259.0,129.88369750976562,4.999999806049937,-4.999999251199697,4.999998947196251,4.9999999610175125,4.999999637242654,-4.99999973815471,4.999999991502106,-4.999999986226478,4.999999970591272,-4.99999981513269
99.0,259.0,129.88369750976562,4.999996817192532,-4.9999999961486825,4.999999886712574,4.999999993677881,4.999999951972019,-4.99999999214729,4.999999993168378,-4.999999754364145,4.999999768412532,-4.9999999571282
99.0,259.0,129.88369750976562,4.999998606453361,-4.999999967097521,4.999999321861807,4.999999962717195,4.999999947661522,-4.999999789263498,4.99999999208419,-4.999999906501496,4.999999778015517,-4.999999847692139
99.0,259.0,129.88369750976562,4.99999794567742,-4.999999745982114,4.9999981791936365,4.999999999930876,4.999999822470288,-4.999999697272686,4.999999994796385,-4.999999977415241,4.999999891457886,-4.999999805100348
99.0,259.0,129.88369750976562,4.999999680862515,-4.99999997561649,4.999999202349345,4.99999999429044,4.999999927730237,-4.999999920520677,4.999999988940113,-4.999999994608891,4.999999782866002,-4.999999903689904
99.0,259.0,129.88369750976562,4.999999183012706,-4.999999974235221,4.999999463986834,4.999999327473602,4.999999783544061,-4.99999915025275,4.999999987185736,-4.999999867604896,4.999999818737461,-4.999999985414883
99.0,259.0,129.88369750976562,4.9999999314070624,-4.999999977164306,4.99999969515634,4.999999991326789,4.999999940856364,-4.999998869351892,4.999999987627247,-4.999999945700272,4.999999971660626,-4.999999810219067
99.0,259.0,129.88369750976562,4.999996823954189,-4.999999916628447,4.99999902821954,4.999999998910966,4.999999996940279,-4.999999999803713,4.999999991662074,-4.999999960427447,4.9999998946986,-4.999999935633479
99.0,259.0,129.88369750976562,4.999994036822713,-4.999999982175494,4.999999763997581,4.999999791426465,4.999999979222971,-4.999999826978064,4.999999954970688,-4.999999902171339,4.999999878648276,-4.999999856302477
99.0,259.0,129.88369750976562,4.999999715336943,-4.999999966281545,4.999999382106655,4.999999339237378,4.999999996543513,-4.999999155092524,4.999999984429609,-4.999999948370068,4.999999869552524,-4.999999787907971
99.0,259.0,129.88369750976562,4.999999887249757,-4.999999998812916,4.999999435001985,4.999999729158584,4.999999771087743,-4.999999963759121,4.999999998608711,-4.999999830162187,4.999999995460857,-4.999999986039774
99.0,259.0,129.88369750976562,4.999997848523721,-4.999999984595642,4.999999999909912,4.99999967851701,4.999999771944335,-4.999999712500664,4.999999992428423,-4.999999855416005,4.999999988648389,-4.999999984603841
99.0,259.0,129.88369750976562,4.999999311338192,-4.99999968556676,4.999999999516432,4.999999920861966,4.999999834066658,-4.999999875062828,4.999999987501207,-4.999999934149787,4.99999999438496,-4.999999715451437
99.0,259.0,129.88369750976562,4.999999332606898,-4.99999987921171,4.999997672003195,4.999999999130307,4.999999987068961,-4.999999391400978,4.999999881618264,-4.999999962461375,4.999999960683903,-4.9999998330569415
99.0,259.0,129.88369750976562,4.999998997692642,-4.99999960768909,4.99999923965388,4.999999354472283,4.999999809071095,-4.99999928648632,4.999999981284434,-4.999999990135484,4.999999895486772,-4.9999997821949975
99.0,259.0,129.88369750976562,4.999997794613169,-4.999999994968411,4.999999700250042,4.999999807635453,4.999999872574834,-4.999999711134512,4.9999999916002125,-4.999999831741189,4.999999772149894,-4.999999971336751
99.0,259.0,129.88369750976562,4.999999416961559,-4.9999998192065975,4.9999998301616175,4.99999977527742,4.999999992096949,-4.999999163404482,4.999999997241344,-4.999999847567556,4.999999974221716,-4.999999952970255
99.0,259.0,129.88369750976562,4.999999981170396,-4.9999997823737,4.999998498843815,4.999999843951444,4.999999897326526,-4.999998894442202,4.999999998208035,-4.999999895942649,4.9999999691314665,-4.9999998934854055
99.0,259.0,129.88369750976562,4.999999741173489,-4.999999993582172,4.999999999451509,4.999999892613308,4.999999997414791,-4.999999237409626,4.999999987170426,-4.9999999152004815,4.9999999808456685,-4.999999794400818
99.0,259.0,129.88369750976562,4.999999345207459,-4.999999993722049,4.9999998700453006,4.999999989117844,4.999999027698371,-4.9999999701882585,4.999999998324208,-4.999999646864791,4.999999830820786,-4.999999787047818
99.0,259.0,129.88369750976562,4.9999986757860615,-4.999999999218806,4.999999878323842,4.999999327811468,4.999999362974338,-4.999999281227645,4.999999830737515,-4.999999908132855,4.99999992338825,-4.999999994948498
99.0,259.0,129.88369750976562,4.999999449943063,-4.999999303802615,4.99999999952307,4.99999808374537,4.999999732397546,-4.999999900600439,4.999999995394439,-4.999999632403084,4.999999983514357,-4.999999837905348
99.0,259.0,129.88369750976562,4.999998496912111,-4.999999989891806,4.999999909341342,4.999999344437173,4.999999434147933,-4.999999909920462,4.999999992076868,-4.999999998754437,4.999999997221336,-4.999999831367987
99.0,259.0,129.88369750976562,4.999999010610915,-4.999999621339404,4.999999548326307,4.999999631160248,4.999999809506734,-4.999999327644871,4.999999982654843,-4.9999999999303935,4.999999951133344,-4.999999785441421
99.0,259.0,129.88369750976562,4.99999853932028,-4.99999999573994,4.999999823329526,4.999999616104926,4.999999985074468,-4.99999924243606,4.999999978140074,-4.999999998223117,4.99999984008117,-4.99999979377997
99.0,259.0,129.88369750976562,4.999999802626299,-4.99999962849201,4.999999556263097,4.999999608950152,4.999999772831954,-4.999999963725715,4.999999990420739,-4.999999999110986,4.999999999947836,-4.99999993693096
99.0,259.0,129.88369750976562,4.999999749665182,-4.99999996553812,4.999999998129521,4.999999986834452,4.9999999847226615,-4.999999424088628,4.99999998628288,-4.999999948152202,4.99999997081034,-4.999999862543062
99.0,259.0,129.88369750976562,4.999999961330736,-4.999999986262006,4.9999990000301375,4.999999991826343,4.999999989788966,-4.999998795645917,4.999999996349182,-4.999999904308723,4.999999980174233,-4.99999979061049
99.0,259.0,129.88369750976562,4.99999913198806,-4.999999236368906,4.999998539167445,4.999999994468097,4.999999623536006,-4.999999991689277,4.999999990784682,-4.999999999393535,4.9999999524299525,-4.999999802885343
99.0,259.0,129.88369750976562,4.999999707353453,-4.99999999068575,4.99999999888026,4.999999572208655,4.999999987071203,-4.999999514843929,4.99999998784261,-4.999999829391609,4.999999978103313,-4.999999862609295
99.0,259.0,129.88369750976562,4.99999818940679,-4.999999985169978,4.999999089173883,4.999999964357452,4.999999974671473,-4.999999821271656,4.999999981755144,-4.9999999031447455,4.999999730325605,-4.99999981956244
99.0,259.0,129.88369750976562,4.999996143607362,-4.999999953553816,4.999998824072994,4.999999963998286,4.999999998480842,-4.999999728901685,4.99999999707503,-4.999999915862702,4.999999785396371,-4.9999998143112885
99.0,259.0,129.88369750976562,4.99999747882021,-4.999999561244506,4.999997951442406,4.999999997257871,4.999999756577654,-4.9999999058399,4.9999999916249775,-4.999999999632848,4.99999985337096,-4.999999791088314
99.0,259.0,129.88369750976562,4.999999438487697,-4.999999796627321,4.999999776709867,4.999999687578283,4.999999902695179,-4.999999504039164,4.999999991377257,-4.999999881208799,4.999999989253658,-4.999999787880507
99.0,259.0,129.88369750976562,4.999997723464944,-4.999999914316026,4.999998346539417,4.999999997561368,4.999999906517921,-4.999999996434336,4.999999992304069,-4.999999999784648,4.999999851110273,-4.999999944636614
99.0,259.0,129.88369750976562,4.999999082999102,-4.999999998575135,4.999999923411387,4.999999616023865,4.999999562933701,-4.999999263798827,4.999999828449685,-4.99999987583053,4.999999921970063,-4.999999975210635
99.0,259.0,129.88369750976562,4.999998420522251,-4.999999998042998,4.999999914079867,4.999999601719067,4.99999956633628,-4.99999972375463,4.999999830678156,-4.999999856231142,4.999999825147508,-4.999999993947171
99.0,259.0,129.88369750976562,4.9999936208055455,-4.999999990353143,4.999999536573551,4.999999928995921,4.99999999588025,-4.999999969590231,4.999999955324155,-4.999999914817687,4.999999773029205,-4.999999886208292
99.0,259.0,129.88369750976562,4.999999499487384,-4.9999999793994485,4.999999999002201,4.999999997605267,4.99999950880523,-4.999998865370355,4.999999980559231,-4.999999997051294,4.999999998987393,-4.999999895662702
99.0,259.0,129.88369750976562,4.999996699700624,-4.999999015401074,4.999999318968296,4.999999824358751,4.9999996573614105,-4.999999992908959,4.999999994666214,-4.999999999504531,4.999999995753315,-4.999999800510238
99.0,260.0,129.88369750976562,4.999998393049736,-4.9999999639205885,4.999999183393896,4.999999959514477,4.999999970001494,-4.999999744478762,4.999999985735578,-4.999999941534595,4.999999802560382,-4.999999769906124
99.0,260.0,129.88369750976562,4.999999951906325,-4.999998898814851,4.999999972812911,4.99999889734371,4.999999336994564,-4.999999972530881,4.999999999740183,-4.999999494778904,4.999999998780333,-4.999999984983752
99.0,260.0,129.88369750976562,4.999998675152282,-4.999999625946577,4.999999844447411,4.999999738929781,4.999999401137268,-4.999999966940284,4.999999990278488,-4.999999998950593,4.999999997990818,-4.999999837434982
99.0,260.0,129.88369750976562,4.999998616214041,-4.999999991523842,4.999999366109704,4.999999970762889,4.999999771127303,-4.999999910841129,4.999999994452367,-4.999999833078548,4.9999996812358765,-4.99999997513447
99.0,260.0,129.88369750976562,4.999999325360284,-4.999999999795323,4.999999966222046,4.999999806679261,4.999999988963234,-4.999999477304353,4.999999997872225,-4.999999788228831,4.999999933757616,-4.999999938925822
99.0,260.0,129.88369750976562,4.999999043189739,-4.999999989710178,4.999999744927569,4.9999999542146,4.999999990192108,-4.999999519371047,4.999999998849224,-4.9999998180231575,4.999999975233592,-4.999999786528934
99.0,260.0,129.88369750976562,4.999995284099716,-4.999999993854802,4.999999176089284,4.999999887744916,4.999999984064953,-4.999999317150085,4.999999996228367,-4.9999998637642,4.999999826946553,-4.999999779491851
99.0,260.0,129.88369750976562,4.999999650356557,-4.999999999825788,4.999999466478899,4.999999842161449,4.999999995023709,-4.9999989375958975,4.999999998979735,-4.999999773308298,4.999999926652253,-4.999999976505348
99.0,260.0,129.88369750976562,4.999995840834285,-4.999999816936498,4.999999502284775,4.999999780348846,4.999999984336632,-4.9999993143547865,4.999999992522435,-4.9999998901283496,4.999999935636334,-4.999999969487007
99.0,260.0,129.88369750976562,4.99999995878383,-4.999999975442021,4.999999528086171,4.999999993221739,4.9999998901326,-4.999998969205199,4.999999989053324,-4.999999946368952,4.999999926203617,-4.999999812117926
99.0,260.0,129.88369750976562,4.999999806049937,-4.999999251199697,4.999998947196251,4.9999999610175125,4.999999637242654,-4.99999973815471,4.999999991502106,-4.999999986226478,4.999999970591272,-4.99999981513269
99.0,260.0,129.88369750976562,4.999996817192532,-4.9999999961486825,4.999999886712574,4.999999993677881,4.999999951972019,-4.99999999214729,4.999999993168378,-4.999999754364145,4.999999768412532,-4.9999999571282
99.0,260.0,129.88369750976562,4.999998606453361,-4.999999967097521,4.999999321861807,4.999999962717195,4.999999947661522,-4.999999789263498,4.99999999208419,-4.999999906501496,4.999999778015517,-4.999999847692139
99.0,260.0,129.88369750976562,4.99999794567742,-4.999999745982114,4.9999981791936365,4.999999999930876,4.999999822470288,-4.999999697272686,4.999999994796385,-4.999999977415241,4.999999891457886,-4.999999805100348
99.0,260.0,129.88369750976562,4.999999680862515,-4.99999997561649,4.999999202349345,4.99999999429044,4.999999927730237,-4.999999920520677,4.999999988940113,-4.999999994608891,4.999999782866002,-4.999999903689904
99.0,260.0,129.88369750976562,4.999999183012706,-4.999999974235221,4.999999463986834,4.999999327473602,4.999999783544061,-4.99999915025275,4.999999987185736,-4.999999867604896,4.999999818737461,-4.999999985414883
99.0,260.0,129.88369750976562,4.9999999314070624,-4.999999977164306,4.99999969515634,4.999999991326789,4.999999940856364,-4.999998869351892,4.999999987627247,-4.999999945700272,4.999999971660626,-4.999999810219067
99.0,260.0,129.88369750976562,4.999996823954189,-4.999999916628447,4.99999902821954,4.999999998910966,4.999999996940279,-4.999999999803713,4.999999991662074,-4.999999960427447,4.9999998946986,-4.999999935633479
99.0,260.0,129.88369750976562,4.999994036822713,-4.999999982175494,4.999999763997581,4.999999791426465,4.999999979222971,-4.999999826978064,4.999999954970688,-4.999999902171339,4.999999878648276,-4.999999856302477
99.0,260.0,129.88369750976562,4.999999715336943,-4.999999966281545,4.999999382106655,4.999999339237378,4.999999996543513,-4.999999155092524,4.999999984429609,-4.999999948370068,4.999999869552524,-4.999999787907971
99.0,260.0,129.88369750976562,4.999999887249757,-4.999999998812916,4.999999435001985,4.999999729158584,4.999999771087743,-4.999999963759121,4.999999998608711,-4.999999830162187,4.999999995460857,-4.999999986039774
99.0,260.0,129.88369750976562,4.999997848523721,-4.999999984595642,4.999999999909912,4.99999967851701,4.999999771944335,-4.999999712500664,4.999999992428423,-4.999999855416005,4.999999988648389,-4.999999984603841
99.0,260.0,129.88369750976562,4.999999311338192,-4.99999968556676,4.999999999516432,4.999999920861966,4.999999834066658,-4.999999875062828,4.999999987501207,-4.999999934149787,4.99999999438496,-4.999999715451437
99.0,260.0,129.88369750976562,4.999999332606898,-4.99999987921171,4.999997672003195,4.999999999130307,4.999999987068961,-4.999999391400978,4.999999881618264,-4.999999962461375,4.999999960683903,-4.9999998330569415
99.0,260.0,129.88369750976562,4.999998997692642,-4.99999960768909,4.99999923965388,4.999999354472283,4.999999809071095,-4.99999928648632,4.999999981284434,-4.999999990135484,4.999999895486772,-4.9999997821949975
99.0,260.0,129.88369750976562,4.999997794613169,-4.999999994968411,4.999999700250042,4.999999807635453,4.999999872574834,-4.999999711134512,4.9999999916002125,-4.999999831741189,4.999999772149894,-4.999999971336751
99.0,260.0,129.88369750976562,4.999999416961559,-4.9999998192065975,4.9999998301616175,4.99999977527742,4.999999992096949,-4.999999163404482,4.999999997241344,-4.999999847567556,4.999999974221716,-4.999999952970255
99.0,260.0,129.88369750976562,4.999999981170396,-4.9999997823737,4.999998498843815,4.999999843951444,4.999999897326526,-4.999998894442202,4.999999998208035,-4.999999895942649,4.9999999691314665,-4.9999998934854055
99.0,260.0,129.88369750976562,4.999999741173489,-4.999999993582172,4.999999999451509,4.999999892613308,4.999999997414791,-4.999999237409626,4.999999987170426,-4.9999999152004815,4.9999999808456685,-4.999999794400818
99.0,260.0,129.88369750976562,4.999999345207459,-4.999999993722049,4.9999998700453006,4.999999989117844,4.999999027698371,-4.9999999701882585,4.999999998324208,-4.999999646864791,4.999999830820786,-4.999999787047818
99.0,260.0,129.88369750976562,4.9999986757860615,-4.999999999218806,4.999999878323842,4.999999327811468,4.999999362974338,-4.999999281227645,4.999999830737515,-4.999999908132855,4.99999992338825,-4.999999994948498
99.0,260.0,129.88369750976562,4.999999449943063,-4.999999303802615,4.99999999952307,4.99999808374537,4.999999732397546,-4.999999900600439,4.999999995394439,-4.999999632403084,4.999999983514357,-4.999999837905348
99.0,260.0,129.88369750976562,4.999998496912111,-4.999999989891806,4.999999909341342,4.999999344437173,4.999999434147933,-4.999999909920462,4.999999992076868,-4.999999998754437,4.999999997221336,-4.999999831367987
99.0,260.0,129.88369750976562,4.999999010610915,-4.999999621339404,4.999999548326307,4.999999631160248,4.999999809506734,-4.999999327644871,4.999999982654843,-4.9999999999303935,4.999999951133344,-4.999999785441421
99.0,260.0,129.88369750976562,4.99999853932028,-4.99999999573994,4.999999823329526,4.999999616104926,4.999999985074468,-4.99999924243606,4.999999978140074,-4.999999998223117,4.99999984008117,-4.99999979377997
99.0,260.0,129.88369750976562,4.999999802626299,-4.99999962849201,4.999999556263097,4.999999608950152,4.999999772831954,-4.999999963725715,4.999999990420739,-4.999999999110986,4.999999999947836,-4.99999993693096
99.0,260.0,129.88369750976562,4.999999749665182,-4.99999996553812,4.999999998129521,4.999999986834452,4.9999999847226615,-4.999999424088628,4.99999998628288,-4.999999948152202,4.99999997081034,-4.999999862543062
99.0,260.0,129.88369750976562,4.999999961330736,-4.999999986262006,4.9999990000301375,4.999999991826343,4.999999989788966,-4.999998795645917,4.999999996349182,-4.999999904308723,4.999999980174233,-4.99999979061049
99.0,260.0,129.88369750976562,4.99999913198806,-4.999999236368906,4.999998539167445,4.999999994468097,4.999999623536006,-4.999999991689277,4.999999990784682,-4.999999999393535,4.9999999524299525,-4.999999802885343
99.0,260.0,129.88369750976562,4.999999707353453,-4.99999999068575,4.99999999888026,4.999999572208655,4.999999987071203,-4.999999514843929,4.99999998784261,-4.999999829391609,4.999999978103313,-4.999999862609295
99.0,260.0,129.88369750976562,4.99999818940679,-4.999999985169978,4.999999089173883,4.999999964357452,4.999999974671473,-4.999999821271656,4.999999981755144,-4.9999999031447455,4.999999730325605,-4.99999981956244
99.0,260.0,129.88369750976562,4.999996143607362,-4.999999953553816,4.999998824072994,4.999999963998286,4.999999998480842,-4.999999728901685,4.99999999707503,-4.999999915862702,4.999999785396371,-4.9999998143112885
99.0,260.0,129.88369750976562,4.99999747882021,-4.999999561244506,4.999997951442406,4.999999997257871,4.999999756577654,-4.9999999058399,4.9999999916249775,-4.999999999632848,4.99999985337096,-4.999999791088314
99.0,260.0,129.88369750976562,4.999999438487697,-4.999999796627321,4.999999776709867,4.999999687578283,4.999999902695179,-4.999999504039164,4.999999991377257,-4.999999881208799,4.999999989253658,-4.999999787880507
99.0,260.0,129.88369750976562,4.999997723464944,-4.999999914316026,4.999998346539417,4.999999997561368,4.999999906517921,-4.999999996434336,4.999999992304069,-4.999999999784648,4.999999851110273,-4.999999944636614
99.0,260.0,129.88369750976562,4.999999082999102,-4.999999998575135,4.999999923411387,4.999999616023865,4.999999562933701,-4.999999263798827,4.999999828449685,-4.99999987583053,4.999999921970063,-4.999999975210635
99.0,260.0,129.88369750976562,4.999998420522251,-4.999999998042998,4.999999914079867,4.999999601719067,4.99999956633628,-4.99999972375463,4.999999830678156,-4.999999856231142,4.999999825147508,-4.999999993947171
99.0,260.0,129.88369750976562,4.9999936208055455,-4.999999990353143,4.999999536573551,4.999999928995921,4.99999999588025,-4.999999969590231,4.999999955324155,-4.999999914817687,4.999999773029205,-4.999999886208292
99.0,260.0,129.88369750976562,4.999999499487384,-4.9999999793994485,4.999999999002201,4.999999997605267,4.99999950880523,-4.999998865370355,4.999999980559231,-4.999999997051294,4.999999998987393,-4.999999895662702
99.0,260.0,129.88369750976562,4.999996699700624,-4.999999015401074,4.999999318968296,4.999999824358751,4.9999996573614105,-4.999999992908959,4.999999994666214,-4.999999999504531,4.999999995753315,-4.999999800510238
99.0,261.0,129.88369750976562,4.999998393049736,-4.9999999639205885,4.999999183393896,4.999999959514477,4.999999970001494,-4.999999744478762,4.999999985735578,-4.999999941534595,4.999999802560382,-4.999999769906124
99.0,261.0,129.88369750976562,4.999999951906325,-4.999998898814851,4.999999972812911,4.99999889734371,4.999999336994564,-4.999999972530881,4.999999999740183,-4.999999494778904,4.999999998780333,-4.999999984983752
99.0,261.0,129.88369750976562,4.999998675152282,-4.999999625946577,4.999999844447411,4.999999738929781,4.999999401137268,-4.999999966940284,4.999999990278488,-4.999999998950593,4.999999997990818,-4.999999837434982
99.0,261.0,129.88369750976562,4.999998616214041,-4.999999991523842,4.999999366109704,4.999999970762889,4.999999771127303,-4.999999910841129,4.999999994452367,-4.999999833078548,4.9999996812358765,-4.99999997513447
99.0,261.0,129.88369750976562,4.999999325360284,-4.999999999795323,4.999999966222046,4.999999806679261,4.999999988963234,-4.999999477304353,4.999999997872225,-4.999999788228831,4.999999933757616,-4.999999938925822
99.0,261.0,129.88369750976562,4.999999043189739,-4.999999989710178,4.999999744927569,4.9999999542146,4.999999990192108,-4.999999519371047,4.999999998849224,-4.9999998180231575,4.999999975233592,-4.999999786528934
99.0,261.0,129.88369750976562,4.999995284099716,-4.999999993854802,4.999999176089284,4.999999887744916,4.999999984064953,-4.999999317150085,4.999999996228367,-4.9999998637642,4.999999826946553,-4.999999779491851
99.0,261.0,129.88369750976562,4.999999650356557,-4.999999999825788,4.999999466478899,4.999999842161449,4.999999995023709,-4.9999989375958975,4.999999998979735,-4.999999773308298,4.999999926652253,-4.999999976505348
99.0,261.0,129.88369750976562,4.999995840834285,-4.999999816936498,4.999999502284775,4.999999780348846,4.999999984336632,-4.9999993143547865,4.999999992522435,-4.9999998901283496,4.999999935636334,-4.999999969487007
99.0,261.0,129.88369750976562,4.99999995878383,-4.999999975442021,4.999999528086171,4.999999993221739,4.9999998901326,-4.999998969205199,4.999999989053324,-4.999999946368952,4.999999926203617,-4.999999812117926
99.0,261.0,129.88369750976562,4.999999806049937,-4.999999251199697,4.999998947196251,4.9999999610175125,4.999999637242654,-4.99999973815471,4.999999991502106,-4.999999986226478,4.999999970591272,-4.99999981513269
99.0,261.0,129.88369750976562,4.999996817192532,-4.9999999961486825,4.999999886712574,4.999999993677881,4.999999951972019,-4.99999999214729,4.999999993168378,-4.999999754364145,4.999999768412532,-4.9999999571282
99.0,261.0,129.88369750976562,4.999998606453361,-4.999999967097521,4.999999321861807,4.999999962717195,4.999999947661522,-4.999999789263498,4.99999999208419,-4.999999906501496,4.999999778015517,-4.999999847692139
99.0,261.0,129.88369750976562,4.99999794567742,-4.999999745982114,4.9999981791936365,4.999999999930876,4.999999822470288,-4.999999697272686,4.999999994796385,-4.999999977415241,4.999999891457886,-4.999999805100348
99.0,261.0,129.88369750976562,4.999999680862515,-4.99999997561649,4.999999202349345,4.99999999429044,4.999999927730237,-4.999999920520677,4.999999988940113,-4.999999994608891,4.999999782866002,-4.999999903689904
99.0,261.0,129.88369750976562,4.999999183012706,-4.999999974235221,4.999999463986834,4.999999327473602,4.999999783544061,-4.99999915025275,4.999999987185736,-4.999999867604896,4.999999818737461,-4.999999985414883
99.0,261.0,129.88369750976562,4.9999999314070624,-4.999999977164306,4.99999969515634,4.999999991326789,4.999999940856364,-4.999998869351892,4.999999987627247,-4.999999945700272,4.999999971660626,-4.999999810219067
99.0,261.0,129.88369750976562,4.999996823954189,-4.999999916628447,4.99999902821954,4.999999998910966,4.999999996940279,-4.999999999803713,4.999999991662074,-4.999999960427447,4.9999998946986,-4.999999935633479
99.0,261.0,129.88369750976562,4.999994036822713,-4.999999982175494,4.999999763997581,4.999999791426465,4.999999979222971,-4.999999826978064,4.999999954970688,-4.999999902171339,4.999999878648276,-4.999999856302477
99.0,261.0,129.88369750976562,4.999999715336943,-4.999999966281545,4.999999382106655,4.999999339237378,4.999999996543513,-4.999999155092524,4.999999984429609,-4.999999948370068,4.999999869552524,-4.999999787907971
99.0,261.0,129.88369750976562,4.999999887249757,-4.999999998812916,4.999999435001985,4.999999729158584,4.999999771087743,-4.999999963759121,4.999999998608711,-4.999999830162187,4.999999995460857,-4.999999986039774
99.0,261.0,129.88369750976562,4.999997848523721,-4.999999984595642,4.999999999909912,4.99999967851701,4.999999771944335,-4.999999712500664,4.999999992428423,-4.999999855416005,4.999999988648389,-4.999999984603841
99.0,261.0,129.88369750976562,4.999999311338192,-4.99999968556676,4.999999999516432,4.999999920861966,4.999999834066658,-4.999999875062828,4.999999987501207,-4.999999934149787,4.99999999438496,-4.999999715451437
99.0,261.0,129.88369750976562,4.999999332606898,-4.99999987921171,4.999997672003195,4.999999999130307,4.999999987068961,-4.999999391400978,4.999999881618264,-4.999999962461375,4.999999960683903,-4.9999998330569415
99.0,261.0,129.88369750976562,4.999998997692642,-4.99999960768909,4.99999923965388,4.999999354472283,4.999999809071095,-4.99999928648632,4.999999981284434,-4.999999990135484,4.999999895486772,-4.9999997821949975
99.0,261.0,129.88369750976562,4.999997794613169,-4.999999994968411,4.999999700250042,4.999999807635453,4.999999872574834,-4.999999711134512,4.9999999916002125,-4.999999831741189,4.999999772149894,-4.999999971336751
99.0,261.0,129.88369750976562,4.999999416961559,-4.9999998192065975,4.9999998301616175,4.99999977527742,4.999999992096949,-4.999999163404482,4.999999997241344,-4.999999847567556,4.999999974221716,-4.999999952970255
99.0,261.0,129.88369750976562,4.999999981170396,-4.9999997823737,4.999998498843815,4.999999843951444,4.999999897326526,-4.999998894442202,4.999999998208035,-4.999999895942649,4.9999999691314665,-4.9999998934854055
99.0,261.0,129.88369750976562,4.999999741173489,-4.999999993582172,4.999999999451509,4.999999892613308,4.999999997414791,-4.999999237409626,4.999999987170426,-4.9999999152004815,4.9999999808456685,-4.999999794400818
99.0,261.0,129.88369750976562,4.999999345207459,-4.999999993722049,4.9999998700453006,4.999999989117844,4.999999027698371,-4.9999999701882585,4.999999998324208,-4.999999646864791,4.999999830820786,-4.999999787047818
99.0,261.0,129.88369750976562,4.9999986757860615,-4.999999999218806,4.999999878323842,4.999999327811468,4.999999362974338,-4.999999281227645,4.999999830737515,-4.999999908132855,4.99999992338825,-4.999999994948498
99.0,261.0,129.88369750976562,4.999999449943063,-4.999999303802615,4.99999999952307,4.99999808374537,4.999999732397546,-4.999999900600439,4.999999995394439,-4.999999632403084,4.999999983514357,-4.999999837905348
99.0,261.0,129.88369750976562,4.999998496912111,-4.999999989891806,4.999999909341342,4.999999344437173,4.999999434147933,-4.999999909920462,4.999999992076868,-4.999999998754437,4.999999997221336,-4.999999831367987
99.0,261.0,129.88369750976562,4.999999010610915,-4.999999621339404,4.999999548326307,4.999999631160248,4.999999809506734,-4.999999327644871,4.999999982654843,-4.9999999999303935,4.999999951133344,-4.999999785441421
99.0,261.0,129.88369750976562,4.99999853932028,-4.99999999573994,4.999999823329526,4.999999616104926,4.999999985074468,-4.99999924243606,4.999999978140074,-4.999999998223117,4.99999984008117,-4.99999979377997
99.0,261.0,129.88369750976562,4.999999802626299,-4.99999962849201,4.999999556263097,4.999999608950152,4.999999772831954,-4.999999963725715,4.999999990420739,-4.999999999110986,4.999999999947836,-4.99999993693096
99.0,261.0,129.88369750976562,4.999999749665182,-4.99999996553812,4.999999998129521,4.999999986834452,4.9999999847226615,-4.999999424088628,4.99999998628288,-4.999999948152202,4.99999997081034,-4.999999862543062
99.0,261.0,129.88369750976562,4.999999961330736,-4.999999986262006,4.9999990000301375,4.999999991826343,4.999999989788966,-4.999998795645917,4.999999996349182,-4.999999904308723,4.999999980174233,-4.99999979061049
99.0,261.0,129.88369750976562,4.99999913198806,-4.999999236368906,4.999998539167445,4.999999994468097,4.999999623536006,-4.999999991689277,4.999999990784682,-4.999999999393535,4.9999999524299525,-4.999999802885343
99.0,261.0,129.88369750976562,4.999999707353453,-4.99999999068575,4.99999999888026,4.999999572208655,4.999999987071203,-4.999999514843929,4.99999998784261,-4.999999829391609,4.999999978103313,-4.999999862609295
99.0,261.0,129.88369750976562,4.99999818940679,-4.999999985169978,4.999999089173883,4.999999964357452,4.999999974671473,-4.999999821271656,4.999999981755144,-4.9999999031447455,4.999999730325605,-4.99999981956244
99.0,261.0,129.88369750976562,4.999996143607362,-4.999999953553816,4.999998824072994,4.999999963998286,4.999999998480842,-4.999999728901685,4.99999999707503,-4.999999915862702,4.999999785396371,-4.9999998143112885
99.0,261.0,129.88369750976562,4.99999747882021,-4.999999561244506,4.999997951442406,4.999999997257871,4.999999756577654,-4.9999999058399,4.9999999916249775,-4.999999999632848,4.99999985337096,-4.999999791088314
99.0,261.0,129.88369750976562,4.999999438487697,-4.999999796627321,4.999999776709867,4.999999687578283,4.999999902695179,-4.999999504039164,4.999999991377257,-4.999999881208799,4.999999989253658,-4.999999787880507
99.0,261.0,129.88369750976562,4.999997723464944,-4.999999914316026,4.999998346539417,4.999999997561368,4.999999906517921,-4.999999996434336,4.999999992304069,-4.999999999784648,4.999999851110273,-4.999999944636614
99.0,261.0,129.88369750976562,4.999999082999102,-4.999999998575135,4.999999923411387,4.999999616023865,4.999999562933701,-4.999999263798827,4.999999828449685,-4.99999987583053,4.999999921970063,-4.999999975210635
99.0,261.0,129.88369750976562,4.999998420522251,-4.999999998042998,4.999999914079867,4.999999601719067,4.99999956633628,-4.99999972375463,4.999999830678156,-4.999999856231142,4.999999825147508,-4.999999993947171
99.0,261.0,129.88369750976562,4.9999936208055455,-4.999999990353143,4.999999536573551,4.999999928995921,4.99999999588025,-4.999999969590231,4.999999955324155,-4.999999914817687,4.999999773029205,-4.999999886208292
99.0,261.0,129.88369750976562,4.999999499487384,-4.9999999793994485,4.999999999002201,4.999999997605267,4.99999950880523,-4.999998865370355,4.999999980559231,-4.999999997051294,4.999999998987393,-4.999999895662702
99.0,261.0,129.88369750976562,4.999996699700624,-4.999999015401074,4.999999318968296,4.999999824358751,4.9999996573614105,-4.999999992908959,4.999999994666214,-4.999999999504531,4.999999995753315,-4.999999800510238
99.0,262.0,129.88369750976562,4.999998393049736,-4.9999999639205885,4.999999183393896,4.999999959514477,4.999999970001494,-4.999999744478762,4.999999985735578,-4.999999941534595,4.999999802560382,-4.999999769906124
99.0,262.0,129.88369750976562,4.999999951906325,-4.999998898814851,4.999999972812911,4.99999889734371,4.999999336994564,-4.999999972530881,4.999999999740183,-4.999999494778904,4.999999998780333,-4.999999984983752
99.0,262.0,129.88369750976562,4.999998675152282,-4.999999625946577,4.999999844447411,4.999999738929781,4.999999401137268,-4.999999966940284,4.999999990278488,-4.999999998950593,4.999999997990818,-4.999999837434982
99.0,262.0,129.88369750976562,4.999998616214041,-4.999999991523842,4.999999366109704,4.999999970762889,4.999999771127303,-4.999999910841129,4.999999994452367,-4.999999833078548,4.9999996812358765,-4.99999997513447
99.0,262.0,129.88369750976562,4.999999325360284,-4.999999999795323,4.999999966222046,4.999999806679261,4.999999988963234,-4.999999477304353,4.999999997872225,-4.999999788228831,4.999999933757616,-4.999999938925822
99.0,262.0,129.88369750976562,4.999999043189739,-4.999999989710178,4.999999744927569,4.9999999542146,4.999999990192108,-4.999999519371047,4.999999998849224,-4.9999998180231575,4.999999975233592,-4.999999786528934
99.0,262.0,129.88369750976562,4.999995284099716,-4.999999993854802,4.999999176089284,4.999999887744916,4.999999984064953,-4.999999317150085,4.999999996228367,-4.9999998637642,4.999999826946553,-4.999999779491851
99.0,262.0,129.88369750976562,4.999999650356557,-4.999999999825788,4.999999466478899,4.999999842161449,4.999999995023709,-4.9999989375958975,4.999999998979735,-4.999999773308298,4.999999926652253,-4.999999976505348
99.0,262.0,129.88369750976562,4.999995840834285,-4.999999816936498,4.999999502284775,4.999999780348846,4.999999984336632,-4.9999993143547865,4.999999992522435,-4.9999998901283496,4.999999935636334,-4.999999969487007
99.0,262.0,129.88369750976562,4.99999995878383,-4.999999975442021,4.999999528086171,4.999999993221739,4.9999998901326,-4.999998969205199,4.999999989053324,-4.999999946368952,4.999999926203617,-4.999999812117926
99.0,262.0,129.88369750976562,4.999999806049937,-4.999999251199697,4.999998947196251,4.9999999610175125,4.999999637242654,-4.99999973815471,4.999999991502106,-4.999999986226478,4.999999970591272,-4.99999981513269
99.0,262.0,129.88369750976562,4.999996817192532,-4.9999999961486825,4.999999886712574,4.999999993677881,4.999999951972019,-4.99999999214729,4.999999993168378,-4.999999754364145,4.999999768412532,-4.9999999571282
99.0,262.0,129.88369750976562,4.999998606453361,-4.999999967097521,4.999999321861807,4.999999962717195,4.999999947661522,-4.999999789263498,4.99999999208419,-4.999999906501496,4.999999778015517,-4.999999847692139
99.0,262.0,129.88369750976562,4.99999794567742,-4.999999745982114,4.9999981791936365,4.999999999930876,4.999999822470288,-4.999999697272686,4.999999994796385,-4.999999977415241,4.999999891457886,-4.999999805100348
99.0,262.0,129.88369750976562,4.999999680862515,-4.99999997561649,4.999999202349345,4.99999999429044,4.999999927730237,-4.999999920520677,4.999999988940113,-4.999999994608891,4.999999782866002,-4.999999903689904
99.0,262.0,129.88369750976562,4.999999183012706,-4.999999974235221,4.999999463986834,4.999999327473602,4.999999783544061,-4.99999915025275,4.999999987185736,-4.999999867604896,4.999999818737461,-4.999999985414883
99.0,262.0,129.88369750976562,4.9999999314070624,-4.999999977164306,4.99999969515634,4.999999991326789,4.999999940856364,-4.999998869351892,4.999999987627247,-4.999999945700272,4.999999971660626,-4.999999810219067
99.0,262.0,129.88369750976562,4.999996823954189,-4.999999916628447,4.99999902821954,4.999999998910966,4.999999996940279,-4.999999999803713,4.999999991662074,-4.999999960427447,4.9999998946986,-4.999999935633479
99.0,262.0,129.88369750976562,4.999994036822713,-4.999999982175494,4.999999763997581,4.999999791426465,4.999999979222971,-4.999999826978064,4.999999954970688,-4.999999902171339,4.999999878648276,-4.999999856302477
99.0,262.0,129.88369750976562,4.999999715336943,-4.999999966281545,4.999999382106655,4.999999339237378,4.999999996543513,-4.999999155092524,4.999999984429609,-4.999999948370068,4.999999869552524,-4.999999787907971
99.0,262.0,129.88369750976562,4.999999887249757,-4.999999998812916,4.999999435001985,4.999999729158584,4.999999771087743,-4.999999963759121,4.999999998608711,-4.999999830162187,4.999999995460857,-4.999999986039774
99.0,262.0,129.88369750976562,4.999997848523721,-4.999999984595642,4.999999999909912,4.99999967851701,4.999999771944335,-4.999999712500664,4.999999992428423,-4.999999855416005,4.999999988648389,-4.999999984603841
99.0,262.0,129.88369750976562,4.999999311338192,-4.99999968556676,4.999999999516432,4.999999920861966,4.999999834066658,-4.999999875062828,4.999999987501207,-4.999999934149787,4.99999999438496,-4.999999715451437
99.0,262.0,129.88369750976562,4.999999332606898,-4.99999987921171,4.999997672003195,4.999999999130307,4.999999987068961,-4.999999391400978,4.999999881618264,-4.999999962461375,4.999999960683903,-4.9999998330569415
99.0,262.0,129.88369750976562,4.999998997692642,-4.99999960768909,4.99999923965388,4.999999354472283,4.999999809071095,-4.99999928648632,4.999999981284434,-4.999999990135484,4.999999895486772,-4.9999997821949975
99.0,262.0,129.88369750976562,4.999997794613169,-4.999999994968411,4.999999700250042,4.999999807635453,4.999999872574834,-4.999999711134512,4.9999999916002125,-4.999999831741189,4.999999772149894,-4.999999971336751
99.0,262.0,129.88369750976562,4.999999416961559,-4.9999998192065975,4.9999998301616175,4.99999977527742,4.999999992096949,-4.999999163404482,4.999999997241344,-4.999999847567556,4.999999974221716,-4.999999952970255
99.0,262.0,129.88369750976562,4.999999981170396,-4.9999997823737,4.999998498843815,4.999999843951444,4.999999897326526,-4.999998894442202,4.999999998208035,-4.999999895942649,4.9999999691314665,-4.9999998934854055
99.0,262.0,129.88369750976562,4.999999741173489,-4.999999993582172,4.999999999451509,4.999999892613308,4.999999997414791,-4.999999237409626,4.999999987170426,-4.9999999152004815,4.9999999808456685,-4.999999794400818
99.0,262.0,129.88369750976562,4.999999345207459,-4.999999993722049,4.9999998700453006,4.999999989117844,4.999999027698371,-4.9999999701882585,4.999999998324208,-4.999999646864791,4.999999830820786,-4.999999787047818
99.0,262.0,129.88369750976562,4.9999986757860615,-4.999999999218806,4.999999878323842,4.999999327811468,4.999999362974338,-4.999999281227645,4.999999830737515,-4.999999908132855,4.99999992338825,-4.999999994948498
99.0,262.0,129.88369750976562,4.999999449943063,-4.999999303802615,4.99999999952307,4.99999808374537,4.999999732397546,-4.999999900600439,4.999999995394439,-4.999999632403084,4.999999983514357,-4.999999837905348
99.0,262.0,129.88369750976562,4.999998496912111,-4.999999989891806,4.999999909341342,4.999999344437173,4.999999434147933,-4.999999909920462,4.999999992076868,-4.999999998754437,4.999999997221336,-4.999999831367987
99.0,262.0,129.88369750976562,4.999999010610915,-4.999999621339404,4.999999548326307,4.999999631160248,4.999999809506734,-4.999999327644871,4.999999982654843,-4.9999999999303935,4.999999951133344,-4.999999785441421
99.0,262.0,129.88369750976562,4.99999853932028,-4.99999999573994,4.999999823329526,4.999999616104926,4.999999985074468,-4.99999924243606,4.999999978140074,-4.999999998223117,4.99999984008117,-4.99999979377997
99.0,262.0,129.88369750976562,4.999999802626299,-4.99999962849201,4.999999556263097,4.999999608950152,4.999999772831954,-4.999999963725715,4.999999990420739,-4.999999999110986,4.999999999947836,-4.99999993693096
99.0,262.0,129.88369750976562,4.999999749665182,-4.99999996553812,4.999999998129521,4.999999986834452,4.9999999847226615,-4.999999424088628,4.99999998628288,-4.999999948152202,4.99999997081034,-4.999999862543062
99.0,262.0,129.88369750976562,4.999999961330736,-4.999999986262006,4.9999990000301375,4.999999991826343,4.999999989788966,-4.999998795645917,4.999999996349182,-4.999999904308723,4.999999980174233,-4.99999979061049
99.0,262.0,129.88369750976562,4.99999913198806,-4.999999236368906,4.999998539167445,4.999999994468097,4.999999623536006,-4.999999991689277,4.999999990784682,-4.999999999393535,4.9999999524299525,-4.999999802885343
99.0,262.0,129.88369750976562,4.999999707353453,-4.99999999068575,4.99999999888026,4.999999572208655,4.999999987071203,-4.999999514843929,4.99999998784261,-4.999999829391609,4.999999978103313,-4.999999862609295
99.0,262.0,129.88369750976562,4.99999818940679,-4.999999985169978,4.999999089173883,4.999999964357452,4.999999974671473,-4.999999821271656,4.999999981755144,-4.9999999031447455,4.999999730325605,-4.99999981956244
99.0,262.0,129.88369750976562,4.999996143607362,-4.999999953553816,4.999998824072994,4.999999963998286,4.999999998480842,-4.999999728901685,4.99999999707503,-4.999999915862702,4.999999785396371,-4.9999998143112885
99.0,262.0,129.88369750976562,4.99999747882021,-4.999999561244506,4.999997951442406,4.999999997257871,4.999999756577654,-4.9999999058399,4.9999999916249775,-4.999999999632848,4.99999985337096,-4.999999791088314
99.0,262.0,129.88369750976562,4.999999438487697,-4.999999796627321,4.999999776709867,4.999999687578283,4.999999902695179,-4.999999504039164,4.999999991377257,-4.999999881208799,4.999999989253658,-4.999999787880507
99.0,262.0,129.88369750976562,4.999997723464944,-4.999999914316026,4.999998346539417,4.999999997561368,4.999999906517921,-4.999999996434336,4.999999992304069,-4.999999999784648,4.999999851110273,-4.999999944636614
99.0,262.0,129.88369750976562,4.999999082999102,-4.999999998575135,4.999999923411387,4.999999616023865,4.999999562933701,-4.999999263798827,4.999999828449685,-4.99999987583053,4.999999921970063,-4.999999975210635
99.0,262.0,129.88369750976562,4.999998420522251,-4.999999998042998,4.999999914079867,4.999999601719067,4.99999956633628,-4.99999972375463,4.999999830678156,-4.999999856231142,4.999999825147508,-4.999999993947171
99.0,262.0,129.88369750976562,4.9999936208055455,-4.999999990353143,4.999999536573551,4.999999928995921,4.99999999588025,-4.999999969590231,4.999999955324155,-4.999999914817687,4.999999773029205,-4.999999886208292
99.0,262.0,129.88369750976562,4.999999499487384,-4.9999999793994485,4.999999999002201,4.999999997605267,4.99999950880523,-4.999998865370355,4.999999980559231,-4.999999997051294,4.999999998987393,-4.999999895662702
99.0,262.0,129.88369750976562,4.999996699700624,-4.999999015401074,4.999999318968296,4.999999824358751,4.9999996573614105,-4.999999992908959,4.999999994666214,-4.999999999504531,4.999999995753315,-4.999999800510238
99.0,263.0,129.88369750976562,4.999998393049736,-4.9999999639205885,4.999999183393896,4.999999959514477,4.999999970001494,-4.999999744478762,4.999999985735578,-4.999999941534595,4.999999802560382,-4.999999769906124
99.0,263.0,129.88369750976562,4.999999951906325,-4.999998898814851,4.999999972812911,4.99999889734371,4.999999336994564,-4.999999972530881,4.999999999740183,-4.999999494778904,4.999999998780333,-4.999999984983752
99.0,263.0,129.88369750976562,4.999998675152282,-4.999999625946577,4.999999844447411,4.999999738929781,4.999999401137268,-4.999999966940284,4.999999990278488,-4.999999998950593,4.999999997990818,-4.999999837434982
99.0,263.0,129.88369750976562,4.999998616214041,-4.999999991523842,4.999999366109704,4.999999970762889,4.999999771127303,-4.999999910841129,4.999999994452367,-4.999999833078548,4.9999996812358765,-4.99999997513447
99.0,263.0,129.88369750976562,4.999999325360284,-4.999999999795323,4.999999966222046,4.999999806679261,4.999999988963234,-4.999999477304353,4.999999997872225,-4.999999788228831,4.999999933757616,-4.999999938925822
99.0,263.0,129.88369750976562,4.999999043189739,-4.999999989710178,4.999999744927569,4.9999999542146,4.999999990192108,-4.999999519371047,4.999999998849224,-4.9999998180231575,4.999999975233592,-4.999999786528934
99.0,263.0,129.88369750976562,4.999995284099716,-4.999999993854802,4.999999176089284,4.999999887744916,4.999999984064953,-4.999999317150085,4.999999996228367,-4.9999998637642,4.999999826946553,-4.999999779491851
99.0,263.0,129.88369750976562,4.999999650356557,-4.999999999825788,4.999999466478899,4.999999842161449,4.999999995023709,-4.9999989375958975,4.999999998979735,-4.999999773308298,4.999999926652253,-4.999999976505348
99.0,263.0,129.88369750976562,4.999995840834285,-4.999999816936498,4.999999502284775,4.999999780348846,4.999999984336632,-4.9999993143547865,4.999999992522435,-4.9999998901283496,4.999999935636334,-4.999999969487007
99.0,263.0,129.88369750976562,4.99999995878383,-4.999999975442021,4.999999528086171,4.999999993221739,4.9999998901326,-4.999998969205199,4.999999989053324,-4.999999946368952,4.999999926203617,-4.999999812117926
99.0,263.0,129.88369750976562,4.999999806049937,-4.999999251199697,4.999998947196251,4.9999999610175125,4.999999637242654,-4.99999973815471,4.999999991502106,-4.999999986226478,4.999999970591272,-4.99999981513269
99.0,263.0,129.88369750976562,4.999996817192532,-4.9999999961486825,4.999999886712574,4.999999993677881,4.999999951972019,-4.99999999214729,4.999999993168378,-4.999999754364145,4.999999768412532,-4.9999999571282
99.0,263.0,129.88369750976562,4.999998606453361,-4.999999967097521,4.999999321861807,4.999999962717195,4.999999947661522,-4.999999789263498,4.99999999208419,-4.999999906501496,4.999999778015517,-4.999999847692139
99.0,263.0,129.88369750976562,4.99999794567742,-4.999999745982114,4.9999981791936365,4.999999999930876,4.999999822470288,-4.999999697272686,4.999999994796385,-4.999999977415241,4.999999891457886,-4.999999805100348
99.0,263.0,129.88369750976562,4.999999680862515,-4.99999997561649,4.999999202349345,4.99999999429044,4.999999927730237,-4.999999920520677,4.999999988940113,-4.999999994608891,4.999999782866002,-4.999999903689904
99.0,263.0,129.88369750976562,4.999999183012706,-4.999999974235221,4.999999463986834,4.999999327473602,4.999999783544061,-4.99999915025275,4.999999987185736,-4.999999867604896,4.999999818737461,-4.999999985414883
99.0,263.0,129.88369750976562,4.9999999314070624,-4.999999977164306,4.99999969515634,4.999999991326789,4.999999940856364,-4.999998869351892,4.999999987627247,-4.999999945700272,4.999999971660626,-4.999999810219067
99.0,263.0,129.88369750976562,4.999996823954189,-4.999999916628447,4.99999902821954,4.999999998910966,4.999999996940279,-4.999999999803713,4.999999991662074,-4.999999960427447,4.9999998946986,-4.999999935633479
99.0,263.0,129.88369750976562,4.999994036822713,-4.999999982175494,4.999999763997581,4.999999791426465,4.999999979222971,-4.999999826978064,4.999999954970688,-4.999999902171339,4.999999878648276,-4.999999856302477
99.0,263.0,129.88369750976562,4.999999715336943,-4.999999966281545,4.999999382106655,4.999999339237378,4.999999996543513,-4.999999155092524,4.999999984429609,-4.999999948370068,4.999999869552524,-4.999999787907971
99.0,263.0,129.88369750976562,4.999999887249757,-4.999999998812916,4.999999435001985,4.999999729158584,4.999999771087743,-4.999999963759121,4.999999998608711,-4.999999830162187,4.999999995460857,-4.999999986039774
99.0,263.0,129.88369750976562,4.999997848523721,-4.999999984595642,4.999999999909912,4.99999967851701,4.999999771944335,-4.999999712500664,4.999999992428423,-4.999999855416005,4.999999988648389,-4.999999984603841
99.0,263.0,129.88369750976562,4.999999311338192,-4.99999968556676,4.999999999516432,4.999999920861966,4.999999834066658,-4.999999875062828,4.999999987501207,-4.999999934149787,4.99999999438496,-4.999999715451437
99.0,263.0,129.88369750976562,4.999999332606898,-4.99999987921171,4.999997672003195,4.999999999130307,4.999999987068961,-4.999999391400978,4.999999881618264,-4.999999962461375,4.999999960683903,-4.9999998330569415
99.0,263.0,129.88369750976562,4.999998997692642,-4.99999960768909,4.99999923965388,4.999999354472283,4.999999809071095,-4.99999928648632,4.999999981284434,-4.999999990135484,4.999999895486772,-4.9999997821949975
99.0,263.0,129.88369750976562,4.999997794613169,-4.999999994968411,4.999999700250042,4.999999807635453,4.999999872574834,-4.999999711134512,4.9999999916002125,-4.999999831741189,4.999999772149894,-4.999999971336751
99.0,263.0,129.88369750976562,4.999999416961559,-4.9999998192065975,4.9999998301616175,4.99999977527742,4.999999992096949,-4.999999163404482,4.999999997241344,-4.999999847567556,4.999999974221716,-4.999999952970255
99.0,263.0,129.88369750976562,4.999999981170396,-4.9999997823737,4.999998498843815,4.999999843951444,4.999999897326526,-4.999998894442202,4.999999998208035,-4.999999895942649,4.9999999691314665,-4.9999998934854055
99.0,263.0,129.88369750976562,4.999999741173489,-4.999999993582172,4.999999999451509,4.999999892613308,4.999999997414791,-4.999999237409626,4.999999987170426,-4.9999999152004815,4.9999999808456685,-4.999999794400818
99.0,263.0,129.88369750976562,4.999999345207459,-4.999999993722049,4.9999998700453006,4.999999989117844,4.999999027698371,-4.9999999701882585,4.999999998324208,-4.999999646864791,4.999999830820786,-4.999999787047818
99.0,263.0,129.88369750976562,4.9999986757860615,-4.999999999218806,4.999999878323842,4.999999327811468,4.999999362974338,-4.999999281227645,4.999999830737515,-4.999999908132855,4.99999992338825,-4.999999994948498
99.0,263.0,129.88369750976562,4.999999449943063,-4.999999303802615,4.99999999952307,4.99999808374537,4.999999732397546,-4.999999900600439,4.999999995394439,-4.999999632403084,4.999999983514357,-4.999999837905348
99.0,263.0,129.88369750976562,4.999998496912111,-4.999999989891806,4.999999909341342,4.999999344437173,4.999999434147933,-4.999999909920462,4.999999992076868,-4.999999998754437,4.999999997221336,-4.999999831367987
99.0,263.0,129.88369750976562,4.999999010610915,-4.999999621339404,4.999999548326307,4.999999631160248,4.999999809506734,-4.999999327644871,4.999999982654843,-4.9999999999303935,4.999999951133344,-4.999999785441421
99.0,263.0,129.88369750976562,4.99999853932028,-4.99999999573994,4.999999823329526,4.999999616104926,4.999999985074468,-4.99999924243606,4.999999978140074,-4.999999998223117,4.99999984008117,-4.99999979377997
99.0,263.0,129.88369750976562,4.999999802626299,-4.99999962849201,4.999999556263097,4.999999608950152,4.999999772831954,-4.999999963725715,4.999999990420739,-4.999999999110986,4.999999999947836,-4.99999993693096
99.0,263.0,129.88369750976562,4.999999749665182,-4.99999996553812,4.999999998129521,4.999999986834452,4.9999999847226615,-4.999999424088628,4.99999998628288,-4.999999948152202,4.99999997081034,-4.999999862543062
99.0,263.0,129.88369750976562,4.999999961330736,-4.999999986262006,4.9999990000301375,4.999999991826343,4.999999989788966,-4.999998795645917,4.999999996349182,-4.999999904308723,4.999999980174233,-4.99999979061049
99.0,263.0,129.88369750976562,4.99999913198806,-4.999999236368906,4.999998539167445,4.999999994468097,4.999999623536006,-4.999999991689277,4.999999990784682,-4.999999999393535,4.9999999524299525,-4.999999802885343
99.0,263.0,129.88369750976562,4.999999707353453,-4.99999999068575,4.99999999888026,4.999999572208655,4.999999987071203,-4.999999514843929,4.99999998784261,-4.999999829391609,4.999999978103313,-4.999999862609295
99.0,263.0,129.88369750976562,4.99999818940679,-4.999999985169978,4.999999089173883,4.999999964357452,4.999999974671473,-4.999999821271656,4.999999981755144,-4.9999999031447455,4.999999730325605,-4.99999981956244
99.0,263.0,129.88369750976562,4.999996143607362,-4.999999953553816,4.999998824072994,4.999999963998286,4.999999998480842,-4.999999728901685,4.99999999707503,-4.999999915862702,4.999999785396371,-4.9999998143112885
99.0,263.0,129.88369750976562,4.99999747882021,-4.999999561244506,4.999997951442406,4.999999997257871,4.999999756577654,-4.9999999058399,4.9999999916249775,-4.999999999632848,4.99999985337096,-4.999999791088314
99.0,263.0,129.88369750976562,4.999999438487697,-4.999999796627321,4.999999776709867,4.999999687578283,4.999999902695179,-4.999999504039164,4.999999991377257,-4.999999881208799,4.999999989253658,-4.999999787880507
99.0,263.0,129.88369750976562,4.999997723464944,-4.999999914316026,4.999998346539417,4.999999997561368,4.999999906517921,-4.999999996434336,4.999999992304069,-4.999999999784648,4.999999851110273,-4.999999944636614
99.0,263.0,129.88369750976562,4.999999082999102,-4.999999998575135,4.999999923411387,4.999999616023865,4.999999562933701,-4.999999263798827,4.999999828449685,-4.99999987583053,4.999999921970063,-4.999999975210635
99.0,263.0,129.88369750976562,4.999998420522251,-4.999999998042998,4.999999914079867,4.999999601719067,4.99999956633628,-4.99999972375463,4.999999830678156,-4.999999856231142,4.999999825147508,-4.999999993947171
99.0,263.0,129.88369750976562,4.9999936208055455,-4.999999990353143,4.999999536573551,4.999999928995921,4.99999999588025,-4.999999969590231,4.999999955324155,-4.999999914817687,4.999999773029205,-4.999999886208292
99.0,263.0,129.88369750976562,4.999999499487384,-4.9999999793994485,4.999999999002201,4.999999997605267,4.99999950880523,-4.999998865370355,4.999999980559231,-4.999999997051294,4.999999998987393,-4.999999895662702
99.0,263.0,129.88369750976562,4.999996699700624,-4.999999015401074,4.999999318968296,4.999999824358751,4.9999996573614105,-4.999999992908959,4.999999994666214,-4.999999999504531,4.999999995753315,-4.999999800510238
99.0,264.0,129.88369750976562,4.999998393049736,-4.9999999639205885,4.999999183393896,4.999999959514477,4.999999970001494,-4.999999744478762,4.999999985735578,-4.999999941534595,4.999999802560382,-4.999999769906124
99.0,264.0,129.88369750976562,4.999999951906325,-4.999998898814851,4.999999972812911,4.99999889734371,4.999999336994564,-4.999999972530881,4.999999999740183,-4.999999494778904,4.999999998780333,-4.999999984983752
99.0,264.0,129.88369750976562,4.999998675152282,-4.999999625946577,4.999999844447411,4.999999738929781,4.999999401137268,-4.999999966940284,4.999999990278488,-4.999999998950593,4.999999997990818,-4.999999837434982
99.0,264.0,129.88369750976562,4.999998616214041,-4.999999991523842,4.999999366109704,4.999999970762889,4.999999771127303,-4.999999910841129,4.999999994452367,-4.999999833078548,4.9999996812358765,-4.99999997513447
99.0,264.0,129.88369750976562,4.999999325360284,-4.999999999795323,4.999999966222046,4.999999806679261,4.999999988963234,-4.999999477304353,4.999999997872225,-4.999999788228831,4.999999933757616,-4.999999938925822
99.0,264.0,129.88369750976562,4.999999043189739,-4.999999989710178,4.999999744927569,4.9999999542146,4.999999990192108,-4.999999519371047,4.999999998849224,-4.9999998180231575,4.999999975233592,-4.999999786528934
99.0,264.0,129.88369750976562,4.999995284099716,-4.999999993854802,4.999999176089284,4.999999887744916,4.999999984064953,-4.999999317150085,4.999999996228367,-4.9999998637642,4.999999826946553,-4.999999779491851
99.0,264.0,129.88369750976562,4.999999650356557,-4.999999999825788,4.999999466478899,4.999999842161449,4.999999995023709,-4.9999989375958975,4.999999998979735,-4.999999773308298,4.999999926652253,-4.999999976505348
99.0,264.0,129.88369750976562,4.999995840834285,-4.999999816936498,4.999999502284775,4.999999780348846,4.999999984336632,-4.9999993143547865,4.999999992522435,-4.9999998901283496,4.999999935636334,-4.999999969487007
99.0,264.0,129.88369750976562,4.99999995878383,-4.999999975442021,4.999999528086171,4.999999993221739,4.9999998901326,-4.999998969205199,4.999999989053324,-4.999999946368952,4.999999926203617,-4.999999812117926
99.0,264.0,129.88369750976562,4.999999806049937,-4.999999251199697,4.999998947196251,4.9999999610175125,4.999999637242654,-4.99999973815471,4.999999991502106,-4.999999986226478,4.999999970591272,-4.99999981513269
99.0,264.0,129.88369750976562,4.999996817192532,-4.9999999961486825,4.999999886712574,4.999999993677881,4.999999951972019,-4.99999999214729,4.999999993168378,-4.999999754364145,4.999999768412532,-4.9999999571282
99.0,264.0,129.88369750976562,4.999998606453361,-4.999999967097521,4.999999321861807,4.999999962717195,4.999999947661522,-4.999999789263498,4.99999999208419,-4.999999906501496,4.999999778015517,-4.999999847692139
99.0,264.0,129.88369750976562,4.99999794567742,-4.999999745982114,4.9999981791936365,4.999999999930876,4.999999822470288,-4.999999697272686,4.999999994796385,-4.999999977415241,4.999999891457886,-4.999999805100348
99.0,264.0,129.88369750976562,4.999999680862515,-4.99999997561649,4.999999202349345,4.99999999429044,4.999999927730237,-4.999999920520677,4.999999988940113,-4.999999994608891,4.999999782866002,-4.999999903689904
99.0,264.0,129.88369750976562,4.999999183012706,-4.999999974235221,4.999999463986834,4.999999327473602,4.999999783544061,-4.99999915025275,4.999999987185736,-4.999999867604896,4.999999818737461,-4.999999985414883
99.0,264.0,129.88369750976562,4.9999999314070624,-4.999999977164306,4.99999969515634,4.999999991326789,4.999999940856364,-4.999998869351892,4.999999987627247,-4.999999945700272,4.999999971660626,-4.999999810219067
99.0,264.0,129.88369750976562,4.999996823954189,-4.999999916628447,4.99999902821954,4.999999998910966,4.999999996940279,-4.999999999803713,4.999999991662074,-4.999999960427447,4.9999998946986,-4.999999935633479
99.0,264.0,129.88369750976562,4.999994036822713,-4.999999982175494,4.999999763997581,4.999999791426465,4.999999979222971,-4.999999826978064,4.999999954970688,-4.999999902171339,4.999999878648276,-4.999999856302477
99.0,264.0,129.88369750976562,4.999999715336943,-4.999999966281545,4.999999382106655,4.999999339237378,4.999999996543513,-4.999999155092524,4.999999984429609,-4.999999948370068,4.999999869552524,-4.999999787907971
99.0,264.0,129.88369750976562,4.999999887249757,-4.999999998812916,4.999999435001985,4.999999729158584,4.999999771087743,-4.999999963759121,4.999999998608711,-4.999999830162187,4.999999995460857,-4.999999986039774
99.0,264.0,129.88369750976562,4.999997848523721,-4.999999984595642,4.999999999909912,4.99999967851701,4.999999771944335,-4.999999712500664,4.999999992428423,-4.999999855416005,4.999999988648389,-4.999999984603841
99.0,264.0,129.88369750976562,4.999999311338192,-4.99999968556676,4.999999999516432,4.999999920861966,4.999999834066658,-4.999999875062828,4.999999987501207,-4.999999934149787,4.99999999438496,-4.999999715451437
99.0,264.0,129.88369750976562,4.999999332606898,-4.99999987921171,4.999997672003195,4.999999999130307,4.999999987068961,-4.999999391400978,4.999999881618264,-4.999999962461375,4.999999960683903,-4.9999998330569415
99.0,264.0,129.88369750976562,4.999998997692642,-4.99999960768909,4.99999923965388,4.999999354472283,4.999999809071095,-4.99999928648632,4.999999981284434,-4.999999990135484,4.999999895486772,-4.9999997821949975
99.0,264.0,129.88369750976562,4.999997794613169,-4.999999994968411,4.999999700250042,4.999999807635453,4.999999872574834,-4.999999711134512,4.9999999916002125,-4.999999831741189,4.999999772149894,-4.999999971336751
99.0,264.0,129.88369750976562,4.999999416961559,-4.9999998192065975,4.9999998301616175,4.99999977527742,4.999999992096949,-4.999999163404482,4.999999997241344,-4.999999847567556,4.999999974221716,-4.999999952970255
99.0,264.0,129.88369750976562,4.999999981170396,-4.9999997823737,4.999998498843815,4.999999843951444,4.999999897326526,-4.999998894442202,4.999999998208035,-4.999999895942649,4.9999999691314665,-4.9999998934854055
99.0,264.0,129.88369750976562,4.999999741173489,-4.999999993582172,4.999999999451509,4.999999892613308,4.999999997414791,-4.999999237409626,4.999999987170426,-4.9999999152004815,4.9999999808456685,-4.999999794400818
99.0,264.0,129.88369750976562,4.999999345207459,-4.999999993722049,4.9999998700453006,4.999999989117844,4.999999027698371,-4.9999999701882585,4.999999998324208,-4.999999646864791,4.999999830820786,-4.999999787047818
99.0,264.0,129.88369750976562,4.9999986757860615,-4.999999999218806,4.999999878323842,4.999999327811468,4.999999362974338,-4.999999281227645,4.999999830737515,-4.999999908132855,4.99999992338825,-4.999999994948498
99.0,264.0,129.88369750976562,4.999999449943063,-4.999999303802615,4.99999999952307,4.99999808374537,4.999999732397546,-4.999999900600439,4.999999995394439,-4.999999632403084,4.999999983514357,-4.999999837905348
99.0,264.0,129.88369750976562,4.999998496912111,-4.999999989891806,4.999999909341342,4.999999344437173,4.999999434147933,-4.999999909920462,4.999999992076868,-4.999999998754437,4.999999997221336,-4.999999831367987
99.0,264.0,129.88369750976562,4.999999010610915,-4.999999621339404,4.999999548326307,4.999999631160248,4.999999809506734,-4.999999327644871,4.999999982654843,-4.9999999999303935,4.999999951133344,-4.999999785441421
99.0,264.0,129.88369750976562,4.99999853932028,-4.99999999573994,4.999999823329526,4.999999616104926,4.999999985074468,-4.99999924243606,4.999999978140074,-4.999999998223117,4.99999984008117,-4.99999979377997
99.0,264.0,129.88369750976562,4.999999802626299,-4.99999962849201,4.999999556263097,4.999999608950152,4.999999772831954,-4.999999963725715,4.999999990420739,-4.999999999110986,4.999999999947836,-4.99999993693096
99.0,264.0,129.88369750976562,4.999999749665182,-4.99999996553812,4.999999998129521,4.999999986834452,4.9999999847226615,-4.999999424088628,4.99999998628288,-4.999999948152202,4.99999997081034,-4.999999862543062
99.0,264.0,129.88369750976562,4.999999961330736,-4.999999986262006,4.9999990000301375,4.999999991826343,4.999999989788966,-4.999998795645917,4.999999996349182,-4.999999904308723,4.999999980174233,-4.99999979061049
99.0,264.0,129.88369750976562,4.99999913198806,-4.999999236368906,4.999998539167445,4.999999994468097,4.999999623536006,-4.999999991689277,4.999999990784682,-4.999999999393535,4.9999999524299525,-4.999999802885343
99.0,264.0,129.88369750976562,4.999999707353453,-4.99999999068575,4.99999999888026,4.999999572208655,4.999999987071203,-4.999999514843929,4.99999998784261,-4.999999829391609,4.999999978103313,-4.999999862609295
99.0,264.0,129.88369750976562,4.99999818940679,-4.999999985169978,4.999999089173883,4.999999964357452,4.999999974671473,-4.999999821271656,4.999999981755144,-4.9999999031447455,4.999999730325605,-4.99999981956244
99.0,264.0,129.88369750976562,4.999996143607362,-4.999999953553816,4.999998824072994,4.999999963998286,4.999999998480842,-4.999999728901685,4.99999999707503,-4.999999915862702,4.999999785396371,-4.9999998143112885
99.0,264.0,129.88369750976562,4.99999747882021,-4.999999561244506,4.999997951442406,4.999999997257871,4.999999756577654,-4.9999999058399,4.9999999916249775,-4.999999999632848,4.99999985337096,-4.999999791088314
99.0,264.0,129.88369750976562,4.999999438487697,-4.999999796627321,4.999999776709867,4.999999687578283,4.999999902695179,-4.999999504039164,4.999999991377257,-4.999999881208799,4.999999989253658,-4.999999787880507
99.0,264.0,129.88369750976562,4.999997723464944,-4.999999914316026,4.999998346539417,4.999999997561368,4.999999906517921,-4.999999996434336,4.999999992304069,-4.999999999784648,4.999999851110273,-4.999999944636614
99.0,264.0,129.88369750976562,4.999999082999102,-4.999999998575135,4.999999923411387,4.999999616023865,4.999999562933701,-4.999999263798827,4.999999828449685,-4.99999987583053,4.999999921970063,-4.999999975210635
99.0,264.0,129.88369750976562,4.999998420522251,-4.999999998042998,4.999999914079867,4.999999601719067,4.99999956633628,-4.99999972375463,4.999999830678156,-4.999999856231142,4.999999825147508,-4.999999993947171
99.0,264.0,129.88369750976562,4.9999936208055455,-4.999999990353143,4.999999536573551,4.999999928995921,4.99999999588025,-4.999999969590231,4.999999955324155,-4.999999914817687,4.999999773029205,-4.999999886208292
99.0,264.0,129.88369750976562,4.999999499487384,-4.9999999793994485,4.999999999002201,4.999999997605267,4.99999950880523,-4.999998865370355,4.999999980559231,-4.999999997051294,4.999999998987393,-4.999999895662702
99.0,264.0,129.88369750976562,4.999996699700624,-4.999999015401074,4.999999318968296,4.999999824358751,4.9999996573614105,-4.999999992908959,4.999999994666214,-4.999999999504531,4.999999995753315,-4.999999800510238
99.0,265.0,129.88369750976562,4.999998393049736,-4.9999999639205885,4.999999183393896,4.999999959514477,4.999999970001494,-4.999999744478762,4.999999985735578,-4.999999941534595,4.999999802560382,-4.999999769906124
99.0,265.0,129.88369750976562,4.999999951906325,-4.999998898814851,4.999999972812911,4.99999889734371,4.999999336994564,-4.999999972530881,4.999999999740183,-4.999999494778904,4.999999998780333,-4.999999984983752
99.0,265.0,129.88369750976562,4.999998675152282,-4.999999625946577,4.999999844447411,4.999999738929781,4.999999401137268,-4.999999966940284,4.999999990278488,-4.999999998950593,4.999999997990818,-4.999999837434982
99.0,265.0,129.88369750976562,4.999998616214041,-4.999999991523842,4.999999366109704,4.999999970762889,4.999999771127303,-4.999999910841129,4.999999994452367,-4.999999833078548,4.9999996812358765,-4.99999997513447
99.0,265.0,129.88369750976562,4.999999325360284,-4.999999999795323,4.999999966222046,4.999999806679261,4.999999988963234,-4.999999477304353,4.999999997872225,-4.999999788228831,4.999999933757616,-4.999999938925822
99.0,265.0,129.88369750976562,4.999999043189739,-4.999999989710178,4.999999744927569,4.9999999542146,4.999999990192108,-4.999999519371047,4.999999998849224,-4.9999998180231575,4.999999975233592,-4.999999786528934
99.0,265.0,129.88369750976562,4.999995284099716,-4.999999993854802,4.999999176089284,4.999999887744916,4.999999984064953,-4.999999317150085,4.999999996228367,-4.9999998637642,4.999999826946553,-4.999999779491851
99.0,265.0,129.88369750976562,4.999999650356557,-4.999999999825788,4.999999466478899,4.999999842161449,4.999999995023709,-4.9999989375958975,4.999999998979735,-4.999999773308298,4.999999926652253,-4.999999976505348
99.0,265.0,129.88369750976562,4.999995840834285,-4.999999816936498,4.999999502284775,4.999999780348846,4.999999984336632,-4.9999993143547865,4.999999992522435,-4.9999998901283496,4.999999935636334,-4.999999969487007
99.0,265.0,129.88369750976562,4.99999995878383,-4.999999975442021,4.999999528086171,4.999999993221739,4.9999998901326,-4.999998969205199,4.999999989053324,-4.999999946368952,4.999999926203617,-4.999999812117926
99.0,265.0,129.88369750976562,4.999999806049937,-4.999999251199697,4.999998947196251,4.9999999610175125,4.999999637242654,-4.99999973815471,4.999999991502106,-4.999999986226478,4.999999970591272,-4.99999981513269
99.0,265.0,129.88369750976562,4.999996817192532,-4.9999999961486825,4.999999886712574,4.999999993677881,4.999999951972019,-4.99999999214729,4.999999993168378,-4.999999754364145,4.999999768412532,-4.9999999571282
99.0,265.0,129.88369750976562,4.999998606453361,-4.999999967097521,4.999999321861807,4.999999962717195,4.999999947661522,-4.999999789263498,4.99999999208419,-4.999999906501496,4.999999778015517,-4.999999847692139
99.0,265.0,129.88369750976562,4.99999794567742,-4.999999745982114,4.9999981791936365,4.999999999930876,4.999999822470288,-4.999999697272686,4.999999994796385,-4.999999977415241,4.999999891457886,-4.999999805100348
99.0,265.0,129.88369750976562,4.999999680862515,-4.99999997561649,4.999999202349345,4.99999999429044,4.999999927730237,-4.999999920520677,4.999999988940113,-4.999999994608891,4.999999782866002,-4.999999903689904
99.0,265.0,129.88369750976562,4.999999183012706,-4.999999974235221,4.999999463986834,4.999999327473602,4.999999783544061,-4.99999915025275,4.999999987185736,-4.999999867604896,4.999999818737461,-4.999999985414883
99.0,265.0,129.88369750976562,4.9999999314070624,-4.999999977164306,4.99999969515634,4.999999991326789,4.999999940856364,-4.999998869351892,4.999999987627247,-4.999999945700272,4.999999971660626,-4.999999810219067
99.0,265.0,129.88369750976562,4.999996823954189,-4.999999916628447,4.99999902821954,4.999999998910966,4.999999996940279,-4.999999999803713,4.999999991662074,-4.999999960427447,4.9999998946986,-4.999999935633479
99.0,265.0,129.88369750976562,4.999994036822713,-4.999999982175494,4.999999763997581,4.999999791426465,4.999999979222971,-4.999999826978064,4.999999954970688,-4.999999902171339,4.999999878648276,-4.999999856302477
99.0,265.0,129.88369750976562,4.999999715336943,-4.999999966281545,4.999999382106655,4.999999339237378,4.999999996543513,-4.999999155092524,4.999999984429609,-4.999999948370068,4.999999869552524,-4.999999787907971
99.0,265.0,129.88369750976562,4.999999887249757,-4.999999998812916,4.999999435001985,4.999999729158584,4.999999771087743,-4.999999963759121,4.999999998608711,-4.999999830162187,4.999999995460857,-4.999999986039774
99.0,265.0,129.88369750976562,4.999997848523721,-4.999999984595642,4.999999999909912,4.99999967851701,4.999999771944335,-4.999999712500664,4.999999992428423,-4.999999855416005,4.999999988648389,-4.999999984603841
99.0,265.0,129.88369750976562,4.999999311338192,-4.99999968556676,4.999999999516432,4.999999920861966,4.999999834066658,-4.999999875062828,4.999999987501207,-4.999999934149787,4.99999999438496,-4.999999715451437
99.0,265.0,129.88369750976562,4.999999332606898,-4.99999987921171,4.999997672003195,4.999999999130307,4.999999987068961,-4.999999391400978,4.999999881618264,-4.999999962461375,4.999999960683903,-4.9999998330569415
99.0,265.0,129.88369750976562,4.999998997692642,-4.99999960768909,4.99999923965388,4.999999354472283,4.999999809071095,-4.99999928648632,4.999999981284434,-4.999999990135484,4.999999895486772,-4.9999997821949975
99.0,265.0,129.88369750976562,4.999997794613169,-4.999999994968411,4.999999700250042,4.999999807635453,4.999999872574834,-4.999999711134512,4.9999999916002125,-4.999999831741189,4.999999772149894,-4.999999971336751
99.0,265.0,129.88369750976562,4.999999416961559,-4.9999998192065975,4.9999998301616175,4.99999977527742,4.999999992096949,-4.999999163404482,4.999999997241344,-4.999999847567556,4.999999974221716,-4.999999952970255
99.0,265.0,129.88369750976562,4.999999981170396,-4.9999997823737,4.999998498843815,4.999999843951444,4.999999897326526,-4.999998894442202,4.999999998208035,-4.999999895942649,4.9999999691314665,-4.9999998934854055
99.0,265.0,129.88369750976562,4.999999741173489,-4.999999993582172,4.999999999451509,4.999999892613308,4.999999997414791,-4.999999237409626,4.999999987170426,-4.9999999152004815,4.9999999808456685,-4.999999794400818
99.0,265.0,129.88369750976562,4.999999345207459,-4.999999993722049,4.9999998700453006,4.999999989117844,4.999999027698371,-4.9999999701882585,4.999999998324208,-4.999999646864791,4.999999830820786,-4.999999787047818
99.0,265.0,129.88369750976562,4.9999986757860615,-4.999999999218806,4.999999878323842,4.999999327811468,4.999999362974338,-4.999999281227645,4.999999830737515,-4.999999908132855,4.99999992338825,-4.999999994948498
99.0,265.0,129.88369750976562,4.999999449943063,-4.999999303802615,4.99999999952307,4.99999808374537,4.999999732397546,-4.999999900600439,4.999999995394439,-4.999999632403084,4.999999983514357,-4.999999837905348
99.0,265.0,129.88369750976562,4.999998496912111,-4.999999989891806,4.999999909341342,4.999999344437173,4.999999434147933,-4.999999909920462,4.999999992076868,-4.999999998754437,4.999999997221336,-4.999999831367987
99.0,265.0,129.88369750976562,4.999999010610915,-4.999999621339404,4.999999548326307,4.999999631160248,4.999999809506734,-4.999999327644871,4.999999982654843,-4.9999999999303935,4.999999951133344,-4.999999785441421
99.0,265.0,129.88369750976562,4.99999853932028,-4.99999999573994,4.999999823329526,4.999999616104926,4.999999985074468,-4.99999924243606,4.999999978140074,-4.999999998223117,4.99999984008117,-4.99999979377997
99.0,265.0,129.88369750976562,4.999999802626299,-4.99999962849201,4.999999556263097,4.999999608950152,4.999999772831954,-4.999999963725715,4.999999990420739,-4.999999999110986,4.999999999947836,-4.99999993693096
99.0,265.0,129.88369750976562,4.999999749665182,-4.99999996553812,4.999999998129521,4.999999986834452,4.9999999847226615,-4.999999424088628,4.99999998628288,-4.999999948152202,4.99999997081034,-4.999999862543062
99.0,265.0,129.88369750976562,4.999999961330736,-4.999999986262006,4.9999990000301375,4.999999991826343,4.999999989788966,-4.999998795645917,4.999999996349182,-4.999999904308723,4.999999980174233,-4.99999979061049
99.0,265.0,129.88369750976562,4.99999913198806,-4.999999236368906,4.999998539167445,4.999999994468097,4.999999623536006,-4.999999991689277,4.999999990784682,-4.999999999393535,4.9999999524299525,-4.999999802885343
99.0,265.0,129.88369750976562,4.999999707353453,-4.99999999068575,4.99999999888026,4.999999572208655,4.999999987071203,-4.999999514843929,4.99999998784261,-4.999999829391609,4.999999978103313,-4.999999862609295
99.0,265.0,129.88369750976562,4.99999818940679,-4.999999985169978,4.999999089173883,4.999999964357452,4.999999974671473,-4.999999821271656,4.999999981755144,-4.9999999031447455,4.999999730325605,-4.99999981956244
99.0,265.0,129.88369750976562,4.999996143607362,-4.999999953553816,4.999998824072994,4.999999963998286,4.999999998480842,-4.999999728901685,4.99999999707503,-4.999999915862702,4.999999785396371,-4.9999998143112885
99.0,265.0,129.88369750976562,4.99999747882021,-4.999999561244506,4.999997951442406,4.999999997257871,4.999999756577654,-4.9999999058399,4.9999999916249775,-4.999999999632848,4.99999985337096,-4.999999791088314
99.0,265.0,129.88369750976562,4.999999438487697,-4.999999796627321,4.999999776709867,4.999999687578283,4.999999902695179,-4.999999504039164,4.999999991377257,-4.999999881208799,4.999999989253658,-4.999999787880507
99.0,265.0,129.88369750976562,4.999997723464944,-4.999999914316026,4.999998346539417,4.999999997561368,4.999999906517921,-4.999999996434336,4.999999992304069,-4.999999999784648,4.999999851110273,-4.999999944636614
99.0,265.0,129.88369750976562,4.999999082999102,-4.999999998575135,4.999999923411387,4.999999616023865,4.999999562933701,-4.999999263798827,4.999999828449685,-4.99999987583053,4.999999921970063,-4.999999975210635
99.0,265.0,129.88369750976562,4.999998420522251,-4.999999998042998,4.999999914079867,4.999999601719067,4.99999956633628,-4.99999972375463,4.999999830678156,-4.999999856231142,4.999999825147508,-4.999999993947171
99.0,265.0,129.88369750976562,4.9999936208055455,-4.999999990353143,4.999999536573551,4.999999928995921,4.99999999588025,-4.999999969590231,4.999999955324155,-4.999999914817687,4.999999773029205,-4.999999886208292
99.0,265.0,129.88369750976562,4.999999499487384,-4.9999999793994485,4.999999999002201,4.999999997605267,4.99999950880523,-4.999998865370355,4.999999980559231,-4.999999997051294,4.999999998987393,-4.999999895662702
99.0,265.0,129.88369750976562,4.999996699700624,-4.999999015401074,4.999999318968296,4.999999824358751,4.9999996573614105,-4.999999992908959,4.999999994666214,-4.999999999504531,4.999999995753315,-4.999999800510238
99.0,266.0,129.88369750976562,4.999998393049736,-4.9999999639205885,4.999999183393896,4.999999959514477,4.999999970001494,-4.999999744478762,4.999999985735578,-4.999999941534595,4.999999802560382,-4.999999769906124
99.0,266.0,129.88369750976562,4.999999951906325,-4.999998898814851,4.999999972812911,4.99999889734371,4.999999336994564,-4.999999972530881,4.999999999740183,-4.999999494778904,4.999999998780333,-4.999999984983752
99.0,266.0,129.88369750976562,4.999998675152282,-4.999999625946577,4.999999844447411,4.999999738929781,4.999999401137268,-4.999999966940284,4.999999990278488,-4.999999998950593,4.999999997990818,-4.999999837434982
99.0,266.0,129.88369750976562,4.999998616214041,-4.999999991523842,4.999999366109704,4.999999970762889,4.999999771127303,-4.999999910841129,4.999999994452367,-4.999999833078548,4.9999996812358765,-4.99999997513447
99.0,266.0,129.88369750976562,4.999999325360284,-4.999999999795323,4.999999966222046,4.999999806679261,4.999999988963234,-4.999999477304353,4.999999997872225,-4.999999788228831,4.999999933757616,-4.999999938925822
99.0,266.0,129.88369750976562,4.999999043189739,-4.999999989710178,4.999999744927569,4.9999999542146,4.999999990192108,-4.999999519371047,4.999999998849224,-4.9999998180231575,4.999999975233592,-4.999999786528934
99.0,266.0,129.88369750976562,4.999995284099716,-4.999999993854802,4.999999176089284,4.999999887744916,4.999999984064953,-4.999999317150085,4.999999996228367,-4.9999998637642,4.999999826946553,-4.999999779491851
99.0,266.0,129.88369750976562,4.999999650356557,-4.999999999825788,4.999999466478899,4.999999842161449,4.999999995023709,-4.9999989375958975,4.999999998979735,-4.999999773308298,4.999999926652253,-4.999999976505348
99.0,266.0,129.88369750976562,4.999995840834285,-4.999999816936498,4.999999502284775,4.999999780348846,4.999999984336632,-4.9999993143547865,4.999999992522435,-4.9999998901283496,4.999999935636334,-4.999999969487007
99.0,266.0,129.88369750976562,4.99999995878383,-4.999999975442021,4.999999528086171,4.999999993221739,4.9999998901326,-4.999998969205199,4.999999989053324,-4.999999946368952,4.999999926203617,-4.999999812117926
99.0,266.0,129.88369750976562,4.999999806049937,-4.999999251199697,4.999998947196251,4.9999999610175125,4.999999637242654,-4.99999973815471,4.999999991502106,-4.999999986226478,4.999999970591272,-4.99999981513269
99.0,266.0,129.88369750976562,4.999996817192532,-4.9999999961486825,4.999999886712574,4.999999993677881,4.999999951972019,-4.99999999214729,4.999999993168378,-4.999999754364145,4.999999768412532,-4.9999999571282
99.0,266.0,129.88369750976562,4.999998606453361,-4.999999967097521,4.999999321861807,4.999999962717195,4.999999947661522,-4.999999789263498,4.99999999208419,-4.999999906501496,4.999999778015517,-4.999999847692139
99.0,266.0,129.88369750976562,4.99999794567742,-4.999999745982114,4.9999981791936365,4.999999999930876,4.999999822470288,-4.999999697272686,4.999999994796385,-4.999999977415241,4.999999891457886,-4.999999805100348
99.0,266.0,129.88369750976562,4.999999680862515,-4.99999997561649,4.999999202349345,4.99999999429044,4.999999927730237,-4.999999920520677,4.999999988940113,-4.999999994608891,4.999999782866002,-4.999999903689904
99.0,266.0,129.88369750976562,4.999999183012706,-4.999999974235221,4.999999463986834,4.999999327473602,4.999999783544061,-4.99999915025275,4.999999987185736,-4.999999867604896,4.999999818737461,-4.999999985414883
99.0,266.0,129.88369750976562,4.9999999314070624,-4.999999977164306,4.99999969515634,4.999999991326789,4.999999940856364,-4.999998869351892,4.999999987627247,-4.999999945700272,4.999999971660626,-4.999999810219067
99.0,266.0,129.88369750976562,4.999996823954189,-4.999999916628447,4.99999902821954,4.999999998910966,4.999999996940279,-4.999999999803713,4.999999991662074,-4.999999960427447,4.9999998946986,-4.999999935633479
99.0,266.0,129.88369750976562,4.999994036822713,-4.999999982175494,4.999999763997581,4.999999791426465,4.999999979222971,-4.999999826978064,4.999999954970688,-4.999999902171339,4.999999878648276,-4.999999856302477
99.0,266.0,129.88369750976562,4.999999715336943,-4.999999966281545,4.999999382106655,4.999999339237378,4.999999996543513,-4.999999155092524,4.999999984429609,-4.999999948370068,4.999999869552524,-4.999999787907971
99.0,266.0,129.88369750976562,4.999999887249757,-4.999999998812916,4.999999435001985,4.999999729158584,4.999999771087743,-4.999999963759121,4.999999998608711,-4.999999830162187,4.999999995460857,-4.999999986039774
99.0,266.0,129.88369750976562,4.999997848523721,-4.999999984595642,4.999999999909912,4.99999967851701,4.999999771944335,-4.999999712500664,4.999999992428423,-4.999999855416005,4.999999988648389,-4.999999984603841
99.0,266.0,129.88369750976562,4.999999311338192,-4.99999968556676,4.999999999516432,4.999999920861966,4.999999834066658,-4.999999875062828,4.999999987501207,-4.999999934149787,4.99999999438496,-4.999999715451437
99.0,266.0,129.88369750976562,4.999999332606898,-4.99999987921171,4.999997672003195,4.999999999130307,4.999999987068961,-4.999999391400978,4.999999881618264,-4.999999962461375,4.999999960683903,-4.9999998330569415
99.0,266.0,129.88369750976562,4.999998997692642,-4.99999960768909,4.99999923965388,4.999999354472283,4.999999809071095,-4.99999928648632,4.999999981284434,-4.999999990135484,4.999999895486772,-4.9999997821949975
99.0,266.0,129.88369750976562,4.999997794613169,-4.999999994968411,4.999999700250042,4.999999807635453,4.999999872574834,-4.999999711134512,4.9999999916002125,-4.999999831741189,4.999999772149894,-4.999999971336751
99.0,266.0,129.88369750976562,4.999999416961559,-4.9999998192065975,4.9999998301616175,4.99999977527742,4.999999992096949,-4.999999163404482,4.999999997241344,-4.999999847567556,4.999999974221716,-4.999999952970255
99.0,266.0,129.88369750976562,4.999999981170396,-4.9999997823737,4.999998498843815,4.999999843951444,4.999999897326526,-4.999998894442202,4.999999998208035,-4.999999895942649,4.9999999691314665,-4.9999998934854055
99.0,266.0,129.88369750976562,4.999999741173489,-4.999999993582172,4.999999999451509,4.999999892613308,4.999999997414791,-4.999999237409626,4.999999987170426,-4.9999999152004815,4.9999999808456685,-4.999999794400818
99.0,266.0,129.88369750976562,4.999999345207459,-4.999999993722049,4.9999998700453006,4.999999989117844,4.999999027698371,-4.9999999701882585,4.999999998324208,-4.999999646864791,4.999999830820786,-4.999999787047818
99.0,266.0,129.88369750976562,4.9999986757860615,-4.999999999218806,4.999999878323842,4.999999327811468,4.999999362974338,-4.999999281227645,4.999999830737515,-4.999999908132855,4.99999992338825,-4.999999994948498
99.0,266.0,129.88369750976562,4.999999449943063,-4.999999303802615,4.99999999952307,4.99999808374537,4.999999732397546,-4.999999900600439,4.999999995394439,-4.999999632403084,4.999999983514357,-4.999999837905348
99.0,266.0,129.88369750976562,4.999998496912111,-4.999999989891806,4.999999909341342,4.999999344437173,4.999999434147933,-4.999999909920462,4.999999992076868,-4.999999998754437,4.999999997221336,-4.999999831367987
99.0,266.0,129.88369750976562,4.999999010610915,-4.999999621339404,4.999999548326307,4.999999631160248,4.999999809506734,-4.999999327644871,4.999999982654843,-4.9999999999303935,4.999999951133344,-4.999999785441421
99.0,266.0,129.88369750976562,4.99999853932028,-4.99999999573994,4.999999823329526,4.999999616104926,4.999999985074468,-4.99999924243606,4.999999978140074,-4.999999998223117,4.99999984008117,-4.99999979377997
99.0,266.0,129.88369750976562,4.999999802626299,-4.99999962849201,4.999999556263097,4.999999608950152,4.999999772831954,-4.999999963725715,4.999999990420739,-4.999999999110986,4.999999999947836,-4.99999993693096
99.0,266.0,129.88369750976562,4.999999749665182,-4.99999996553812,4.999999998129521,4.999999986834452,4.9999999847226615,-4.999999424088628,4.99999998628288,-4.999999948152202,4.99999997081034,-4.999999862543062
99.0,266.0,129.88369750976562,4.999999961330736,-4.999999986262006,4.9999990000301375,4.999999991826343,4.999999989788966,-4.999998795645917,4.999999996349182,-4.999999904308723,4.999999980174233,-4.99999979061049
99.0,266.0,129.88369750976562,4.99999913198806,-4.999999236368906,4.999998539167445,4.999999994468097,4.999999623536006,-4.999999991689277,4.999999990784682,-4.999999999393535,4.9999999524299525,-4.999999802885343
99.0,266.0,129.88369750976562,4.999999707353453,-4.99999999068575,4.99999999888026,4.999999572208655,4.999999987071203,-4.999999514843929,4.99999998784261,-4.999999829391609,4.999999978103313,-4.999999862609295
99.0,266.0,129.88369750976562,4.99999818940679,-4.999999985169978,4.999999089173883,4.999999964357452,4.999999974671473,-4.999999821271656,4.999999981755144,-4.9999999031447455,4.999999730325605,-4.99999981956244
99.0,266.0,129.88369750976562,4.999996143607362,-4.999999953553816,4.999998824072994,4.999999963998286,4.999999998480842,-4.999999728901685,4.99999999707503,-4.999999915862702,4.999999785396371,-4.9999998143112885
99.0,266.0,129.88369750976562,4.99999747882021,-4.999999561244506,4.999997951442406,4.999999997257871,4.999999756577654,-4.9999999058399,4.9999999916249775,-4.999999999632848,4.99999985337096,-4.999999791088314
99.0,266.0,129.88369750976562,4.999999438487697,-4.999999796627321,4.999999776709867,4.999999687578283,4.999999902695179,-4.999999504039164,4.999999991377257,-4.999999881208799,4.999999989253658,-4.999999787880507
99.0,266.0,129.88369750976562,4.999997723464944,-4.999999914316026,4.999998346539417,4.999999997561368,4.999999906517921,-4.999999996434336,4.999999992304069,-4.999999999784648,4.999999851110273,-4.999999944636614
99.0,266.0,129.88369750976562,4.999999082999102,-4.999999998575135,4.999999923411387,4.999999616023865,4.999999562933701,-4.999999263798827,4.999999828449685,-4.99999987583053,4.999999921970063,-4.999999975210635
99.0,266.0,129.88369750976562,4.999998420522251,-4.999999998042998,4.999999914079867,4.999999601719067,4.99999956633628,-4.99999972375463,4.999999830678156,-4.999999856231142,4.999999825147508,-4.999999993947171
99.0,266.0,129.88369750976562,4.9999936208055455,-4.999999990353143,4.999999536573551,4.999999928995921,4.99999999588025,-4.999999969590231,4.999999955324155,-4.999999914817687,4.999999773029205,-4.999999886208292
99.0,266.0,129.88369750976562,4.999999499487384,-4.9999999793994485,4.999999999002201,4.999999997605267,4.99999950880523,-4.999998865370355,4.999999980559231,-4.999999997051294,4.999999998987393,-4.999999895662702
99.0,266.0,129.88369750976562,4.999996699700624,-4.999999015401074,4.999999318968296,4.999999824358751,4.9999996573614105,-4.999999992908959,4.999999994666214,-4.999999999504531,4.999999995753315,-4.999999800510238
99.0,267.0,129.88369750976562,4.999998393049736,-4.9999999639205885,4.999999183393896,4.999999959514477,4.999999970001494,-4.999999744478762,4.999999985735578,-4.999999941534595,4.999999802560382,-4.999999769906124
99.0,267.0,129.88369750976562,4.999999951906325,-4.999998898814851,4.999999972812911,4.99999889734371,4.999999336994564,-4.999999972530881,4.999999999740183,-4.999999494778904,4.999999998780333,-4.999999984983752
99.0,267.0,129.88369750976562,4.999998675152282,-4.999999625946577,4.999999844447411,4.999999738929781,4.999999401137268,-4.999999966940284,4.999999990278488,-4.999999998950593,4.999999997990818,-4.999999837434982
99.0,267.0,129.88369750976562,4.999998616214041,-4.999999991523842,4.999999366109704,4.999999970762889,4.999999771127303,-4.999999910841129,4.999999994452367,-4.999999833078548,4.9999996812358765,-4.99999997513447
99.0,267.0,129.88369750976562,4.999999325360284,-4.999999999795323,4.999999966222046,4.999999806679261,4.999999988963234,-4.999999477304353,4.999999997872225,-4.999999788228831,4.999999933757616,-4.999999938925822
99.0,267.0,129.88369750976562,4.999999043189739,-4.999999989710178,4.999999744927569,4.9999999542146,4.999999990192108,-4.999999519371047,4.999999998849224,-4.9999998180231575,4.999999975233592,-4.999999786528934
99.0,267.0,129.88369750976562,4.999995284099716,-4.999999993854802,4.999999176089284,4.999999887744916,4.999999984064953,-4.999999317150085,4.999999996228367,-4.9999998637642,4.999999826946553,-4.999999779491851
99.0,267.0,129.88369750976562,4.999999650356557,-4.999999999825788,4.999999466478899,4.999999842161449,4.999999995023709,-4.9999989375958975,4.999999998979735,-4.999999773308298,4.999999926652253,-4.999999976505348
99.0,267.0,129.88369750976562,4.999995840834285,-4.999999816936498,4.999999502284775,4.999999780348846,4.999999984336632,-4.9999993143547865,4.999999992522435,-4.9999998901283496,4.999999935636334,-4.999999969487007
99.0,267.0,129.88369750976562,4.99999995878383,-4.999999975442021,4.999999528086171,4.999999993221739,4.9999998901326,-4.999998969205199,4.999999989053324,-4.999999946368952,4.999999926203617,-4.999999812117926
99.0,267.0,129.88369750976562,4.999999806049937,-4.999999251199697,4.999998947196251,4.9999999610175125,4.999999637242654,-4.99999973815471,4.999999991502106,-4.999999986226478,4.999999970591272,-4.99999981513269
99.0,267.0,129.88369750976562,4.999996817192532,-4.9999999961486825,4.999999886712574,4.999999993677881,4.999999951972019,-4.99999999214729,4.999999993168378,-4.999999754364145,4.999999768412532,-4.9999999571282
99.0,267.0,129.88369750976562,4.999998606453361,-4.999999967097521,4.999999321861807,4.999999962717195,4.999999947661522,-4.999999789263498,4.99999999208419,-4.999999906501496,4.999999778015517,-4.999999847692139
99.0,267.0,129.88369750976562,4.99999794567742,-4.999999745982114,4.9999981791936365,4.999999999930876,4.999999822470288,-4.999999697272686,4.999999994796385,-4.999999977415241,4.999999891457886,-4.999999805100348
99.0,267.0,129.88369750976562,4.999999680862515,-4.99999997561649,4.999999202349345,4.99999999429044,4.999999927730237,-4.999999920520677,4.999999988940113,-4.999999994608891,4.999999782866002,-4.999999903689904
99.0,267.0,129.88369750976562,4.999999183012706,-4.999999974235221,4.999999463986834,4.999999327473602,4.999999783544061,-4.99999915025275,4.999999987185736,-4.999999867604896,4.999999818737461,-4.999999985414883
99.0,267.0,129.88369750976562,4.9999999314070624,-4.999999977164306,4.99999969515634,4.999999991326789,4.999999940856364,-4.999998869351892,4.999999987627247,-4.999999945700272,4.999999971660626,-4.999999810219067
99.0,267.0,129.88369750976562,4.999996823954189,-4.999999916628447,4.99999902821954,4.999999998910966,4.999999996940279,-4.999999999803713,4.999999991662074,-4.999999960427447,4.9999998946986,-4.999999935633479
99.0,267.0,129.88369750976562,4.999994036822713,-4.999999982175494,4.999999763997581,4.999999791426465,4.999999979222971,-4.999999826978064,4.999999954970688,-4.999999902171339,4.999999878648276,-4.999999856302477
99.0,267.0,129.88369750976562,4.999999715336943,-4.999999966281545,4.999999382106655,4.999999339237378,4.999999996543513,-4.999999155092524,4.999999984429609,-4.999999948370068,4.999999869552524,-4.999999787907971
99.0,267.0,129.88369750976562,4.999999887249757,-4.999999998812916,4.999999435001985,4.999999729158584,4.999999771087743,-4.999999963759121,4.999999998608711,-4.999999830162187,4.999999995460857,-4.999999986039774
99.0,267.0,129.88369750976562,4.999997848523721,-4.999999984595642,4.999999999909912,4.99999967851701,4.999999771944335,-4.999999712500664,4.999999992428423,-4.999999855416005,4.999999988648389,-4.999999984603841
99.0,267.0,129.88369750976562,4.999999311338192,-4.99999968556676,4.999999999516432,4.999999920861966,4.999999834066658,-4.999999875062828,4.999999987501207,-4.999999934149787,4.99999999438496,-4.999999715451437
99.0,267.0,129.88369750976562,4.999999332606898,-4.99999987921171,4.999997672003195,4.999999999130307,4.999999987068961,-4.999999391400978,4.999999881618264,-4.999999962461375,4.999999960683903,-4.9999998330569415
99.0,267.0,129.88369750976562,4.999998997692642,-4.99999960768909,4.99999923965388,4.999999354472283,4.999999809071095,-4.99999928648632,4.999999981284434,-4.999999990135484,4.999999895486772,-4.9999997821949975
99.0,267.0,129.88369750976562,4.999997794613169,-4.999999994968411,4.999999700250042,4.999999807635453,4.999999872574834,-4.999999711134512,4.9999999916002125,-4.999999831741189,4.999999772149894,-4.999999971336751
99.0,267.0,129.88369750976562,4.999999416961559,-4.9999998192065975,4.9999998301616175,4.99999977527742,4.999999992096949,-4.999999163404482,4.999999997241344,-4.999999847567556,4.999999974221716,-4.999999952970255
99.0,267.0,129.88369750976562,4.999999981170396,-4.9999997823737,4.999998498843815,4.999999843951444,4.999999897326526,-4.999998894442202,4.999999998208035,-4.999999895942649,4.9999999691314665,-4.9999998934854055
99.0,267.0,129.88369750976562,4.999999741173489,-4.999999993582172,4.999999999451509,4.999999892613308,4.999999997414791,-4.999999237409626,4.999999987170426,-4.9999999152004815,4.9999999808456685,-4.999999794400818
99.0,267.0,129.88369750976562,4.999999345207459,-4.999999993722049,4.9999998700453006,4.999999989117844,4.999999027698371,-4.9999999701882585,4.999999998324208,-4.999999646864791,4.999999830820786,-4.999999787047818
99.0,267.0,129.88369750976562,4.9999986757860615,-4.999999999218806,4.999999878323842,4.999999327811468,4.999999362974338,-4.999999281227645,4.999999830737515,-4.999999908132855,4.99999992338825,-4.999999994948498
99.0,267.0,129.88369750976562,4.999999449943063,-4.999999303802615,4.99999999952307,4.99999808374537,4.999999732397546,-4.999999900600439,4.999999995394439,-4.999999632403084,4.999999983514357,-4.999999837905348
99.0,267.0,129.88369750976562,4.999998496912111,-4.999999989891806,4.999999909341342,4.999999344437173,4.999999434147933,-4.999999909920462,4.999999992076868,-4.999999998754437,4.999999997221336,-4.999999831367987
99.0,267.0,129.88369750976562,4.999999010610915,-4.999999621339404,4.999999548326307,4.999999631160248,4.999999809506734,-4.999999327644871,4.999999982654843,-4.9999999999303935,4.999999951133344,-4.999999785441421
99.0,267.0,129.88369750976562,4.99999853932028,-4.99999999573994,4.999999823329526,4.999999616104926,4.999999985074468,-4.99999924243606,4.999999978140074,-4.999999998223117,4.99999984008117,-4.99999979377997
99.0,267.0,129.88369750976562,4.999999802626299,-4.99999962849201,4.999999556263097,4.999999608950152,4.999999772831954,-4.999999963725715,4.999999990420739,-4.999999999110986,4.999999999947836,-4.99999993693096
99.0,267.0,129.88369750976562,4.999999749665182,-4.99999996553812,4.999999998129521,4.999999986834452,4.9999999847226615,-4.999999424088628,4.99999998628288,-4.999999948152202,4.99999997081034,-4.999999862543062
99.0,267.0,129.88369750976562,4.999999961330736,-4.999999986262006,4.9999990000301375,4.999999991826343,4.999999989788966,-4.999998795645917,4.999999996349182,-4.999999904308723,4.999999980174233,-4.99999979061049
99.0,267.0,129.88369750976562,4.99999913198806,-4.999999236368906,4.999998539167445,4.999999994468097,4.999999623536006,-4.999999991689277,4.999999990784682,-4.999999999393535,4.9999999524299525,-4.999999802885343
99.0,267.0,129.88369750976562,4.999999707353453,-4.99999999068575,4.99999999888026,4.999999572208655,4.999999987071203,-4.999999514843929,4.99999998784261,-4.999999829391609,4.999999978103313,-4.999999862609295
99.0,267.0,129.88369750976562,4.99999818940679,-4.999999985169978,4.999999089173883,4.999999964357452,4.999999974671473,-4.999999821271656,4.999999981755144,-4.9999999031447455,4.999999730325605,-4.99999981956244
99.0,267.0,129.88369750976562,4.999996143607362,-4.999999953553816,4.999998824072994,4.999999963998286,4.999999998480842,-4.999999728901685,4.99999999707503,-4.999999915862702,4.999999785396371,-4.9999998143112885
99.0,267.0,129.88369750976562,4.99999747882021,-4.999999561244506,4.999997951442406,4.999999997257871,4.999999756577654,-4.9999999058399,4.9999999916249775,-4.999999999632848,4.99999985337096,-4.999999791088314
99.0,267.0,129.88369750976562,4.999999438487697,-4.999999796627321,4.999999776709867,4.999999687578283,4.999999902695179,-4.999999504039164,4.999999991377257,-4.999999881208799,4.999999989253658,-4.999999787880507
99.0,267.0,129.88369750976562,4.999997723464944,-4.999999914316026,4.999998346539417,4.999999997561368,4.999999906517921,-4.999999996434336,4.999999992304069,-4.999999999784648,4.999999851110273,-4.999999944636614
99.0,267.0,129.88369750976562,4.999999082999102,-4.999999998575135,4.999999923411387,4.999999616023865,4.999999562933701,-4.999999263798827,4.999999828449685,-4.99999987583053,4.999999921970063,-4.999999975210635
99.0,267.0,129.88369750976562,4.999998420522251,-4.999999998042998,4.999999914079867,4.999999601719067,4.99999956633628,-4.99999972375463,4.999999830678156,-4.999999856231142,4.999999825147508,-4.999999993947171
99.0,267.0,129.88369750976562,4.9999936208055455,-4.999999990353143,4.999999536573551,4.999999928995921,4.99999999588025,-4.999999969590231,4.999999955324155,-4.999999914817687,4.999999773029205,-4.999999886208292
99.0,267.0,129.88369750976562,4.999999499487384,-4.9999999793994485,4.999999999002201,4.999999997605267,4.99999950880523,-4.999998865370355,4.999999980559231,-4.999999997051294,4.999999998987393,-4.999999895662702
99.0,267.0,129.88369750976562,4.999996699700624,-4.999999015401074,4.999999318968296,4.999999824358751,4.9999996573614105,-4.999999992908959,4.999999994666214,-4.999999999504531,4.999999995753315,-4.999999800510238
99.0,268.0,129.88369750976562,4.999998393049736,-4.9999999639205885,4.999999183393896,4.999999959514477,4.999999970001494,-4.999999744478762,4.999999985735578,-4.999999941534595,4.999999802560382,-4.999999769906124
99.0,268.0,129.88369750976562,4.999999951906325,-4.999998898814851,4.999999972812911,4.99999889734371,4.999999336994564,-4.999999972530881,4.999999999740183,-4.999999494778904,4.999999998780333,-4.999999984983752
99.0,268.0,129.88369750976562,4.999998675152282,-4.999999625946577,4.999999844447411,4.999999738929781,4.999999401137268,-4.999999966940284,4.999999990278488,-4.999999998950593,4.999999997990818,-4.999999837434982
99.0,268.0,129.88369750976562,4.999998616214041,-4.999999991523842,4.999999366109704,4.999999970762889,4.999999771127303,-4.999999910841129,4.999999994452367,-4.999999833078548,4.9999996812358765,-4.99999997513447
99.0,268.0,129.88369750976562,4.999999325360284,-4.999999999795323,4.999999966222046,4.999999806679261,4.999999988963234,-4.999999477304353,4.999999997872225,-4.999999788228831,4.999999933757616,-4.999999938925822
99.0,268.0,129.88369750976562,4.999999043189739,-4.999999989710178,4.999999744927569,4.9999999542146,4.999999990192108,-4.999999519371047,4.999999998849224,-4.9999998180231575,4.999999975233592,-4.999999786528934
99.0,268.0,129.88369750976562,4.999995284099716,-4.999999993854802,4.999999176089284,4.999999887744916,4.999999984064953,-4.999999317150085,4.999999996228367,-4.9999998637642,4.999999826946553,-4.999999779491851
99.0,268.0,129.88369750976562,4.999999650356557,-4.999999999825788,4.999999466478899,4.999999842161449,4.999999995023709,-4.9999989375958975,4.999999998979735,-4.999999773308298,4.999999926652253,-4.999999976505348
99.0,268.0,129.88369750976562,4.999995840834285,-4.999999816936498,4.999999502284775,4.999999780348846,4.999999984336632,-4.9999993143547865,4.999999992522435,-4.9999998901283496,4.999999935636334,-4.999999969487007
99.0,268.0,129.88369750976562,4.99999995878383,-4.999999975442021,4.999999528086171,4.999999993221739,4.9999998901326,-4.999998969205199,4.999999989053324,-4.999999946368952,4.999999926203617,-4.999999812117926
99.0,268.0,129.88369750976562,4.999999806049937,-4.999999251199697,4.999998947196251,4.9999999610175125,4.999999637242654,-4.99999973815471,4.999999991502106,-4.999999986226478,4.999999970591272,-4.99999981513269
99.0,268.0,129.88369750976562,4.999996817192532,-4.9999999961486825,4.999999886712574,4.999999993677881,4.999999951972019,-4.99999999214729,4.999999993168378,-4.999999754364145,4.999999768412532,-4.9999999571282
99.0,268.0,129.88369750976562,4.999998606453361,-4.999999967097521,4.999999321861807,4.999999962717195,4.999999947661522,-4.999999789263498,4.99999999208419,-4.999999906501496,4.999999778015517,-4.999999847692139
99.0,268.0,129.88369750976562,4.99999794567742,-4.999999745982114,4.9999981791936365,4.999999999930876,4.999999822470288,-4.999999697272686,4.999999994796385,-4.999999977415241,4.999999891457886,-4.999999805100348
99.0,268.0,129.88369750976562,4.999999680862515,-4.99999997561649,4.999999202349345,4.99999999429044,4.999999927730237,-4.999999920520677,4.999999988940113,-4.999999994608891,4.999999782866002,-4.999999903689904
99.0,268.0,129.88369750976562,4.999999183012706,-4.999999974235221,4.999999463986834,4.999999327473602,4.999999783544061,-4.99999915025275,4.999999987185736,-4.999999867604896,4.999999818737461,-4.999999985414883
99.0,268.0,129.88369750976562,4.9999999314070624,-4.999999977164306,4.99999969515634,4.999999991326789,4.999999940856364,-4.999998869351892,4.999999987627247,-4.999999945700272,4.999999971660626,-4.999999810219067
99.0,268.0,129.88369750976562,4.999996823954189,-4.999999916628447,4.99999902821954,4.999999998910966,4.999999996940279,-4.999999999803713,4.999999991662074,-4.999999960427447,4.9999998946986,-4.999999935633479
99.0,268.0,129.88369750976562,4.999994036822713,-4.999999982175494,4.999999763997581,4.999999791426465,4.999999979222971,-4.999999826978064,4.999999954970688,-4.999999902171339,4.999999878648276,-4.999999856302477
99.0,268.0,129.88369750976562,4.999999715336943,-4.999999966281545,4.999999382106655,4.999999339237378,4.999999996543513,-4.999999155092524,4.999999984429609,-4.999999948370068,4.999999869552524,-4.999999787907971
99.0,268.0,129.88369750976562,4.999999887249757,-4.999999998812916,4.999999435001985,4.999999729158584,4.999999771087743,-4.999999963759121,4.999999998608711,-4.999999830162187,4.999999995460857,-4.999999986039774
99.0,268.0,129.88369750976562,4.999997848523721,-4.999999984595642,4.999999999909912,4.99999967851701,4.999999771944335,-4.999999712500664,4.999999992428423,-4.999999855416005,4.999999988648389,-4.999999984603841
99.0,268.0,129.88369750976562,4.999999311338192,-4.99999968556676,4.999999999516432,4.999999920861966,4.999999834066658,-4.999999875062828,4.999999987501207,-4.999999934149787,4.99999999438496,-4.999999715451437
99.0,268.0,129.88369750976562,4.999999332606898,-4.99999987921171,4.999997672003195,4.999999999130307,4.999999987068961,-4.999999391400978,4.999999881618264,-4.999999962461375,4.999999960683903,-4.9999998330569415
99.0,268.0,129.88369750976562,4.999998997692642,-4.99999960768909,4.99999923965388,4.999999354472283,4.999999809071095,-4.99999928648632,4.999999981284434,-4.999999990135484,4.999999895486772,-4.9999997821949975
99.0,268.0,129.88369750976562,4.999997794613169,-4.999999994968411,4.999999700250042,4.999999807635453,4.999999872574834,-4.999999711134512,4.9999999916002125,-4.999999831741189,4.999999772149894,-4.999999971336751
99.0,268.0,129.88369750976562,4.999999416961559,-4.9999998192065975,4.9999998301616175,4.99999977527742,4.999999992096949,-4.999999163404482,4.999999997241344,-4.999999847567556,4.999999974221716,-4.999999952970255
99.0,268.0,129.88369750976562,4.999999981170396,-4.9999997823737,4.999998498843815,4.999999843951444,4.999999897326526,-4.999998894442202,4.999999998208035,-4.999999895942649,4.9999999691314665,-4.9999998934854055
99.0,268.0,129.88369750976562,4.999999741173489,-4.999999993582172,4.999999999451509,4.999999892613308,4.999999997414791,-4.999999237409626,4.999999987170426,-4.9999999152004815,4.9999999808456685,-4.999999794400818
99.0,268.0,129.88369750976562,4.999999345207459,-4.999999993722049,4.9999998700453006,4.999999989117844,4.999999027698371,-4.9999999701882585,4.999999998324208,-4.999999646864791,4.999999830820786,-4.999999787047818
99.0,268.0,129.88369750976562,4.9999986757860615,-4.999999999218806,4.999999878323842,4.999999327811468,4.999999362974338,-4.999999281227645,4.999999830737515,-4.999999908132855,4.99999992338825,-4.999999994948498
99.0,268.0,129.88369750976562,4.999999449943063,-4.999999303802615,4.99999999952307,4.99999808374537,4.999999732397546,-4.999999900600439,4.999999995394439,-4.999999632403084,4.999999983514357,-4.999999837905348
99.0,268.0,129.88369750976562,4.999998496912111,-4.999999989891806,4.999999909341342,4.999999344437173,4.999999434147933,-4.999999909920462,4.999999992076868,-4.999999998754437,4.999999997221336,-4.999999831367987
99.0,268.0,129.88369750976562,4.999999010610915,-4.999999621339404,4.999999548326307,4.999999631160248,4.999999809506734,-4.999999327644871,4.999999982654843,-4.9999999999303935,4.999999951133344,-4.999999785441421
99.0,268.0,129.88369750976562,4.99999853932028,-4.99999999573994,4.999999823329526,4.999999616104926,4.999999985074468,-4.99999924243606,4.999999978140074,-4.999999998223117,4.99999984008117,-4.99999979377997
99.0,268.0,129.88369750976562,4.999999802626299,-4.99999962849201,4.999999556263097,4.999999608950152,4.999999772831954,-4.999999963725715,4.999999990420739,-4.999999999110986,4.999999999947836,-4.99999993693096
99.0,268.0,129.88369750976562,4.999999749665182,-4.99999996553812,4.999999998129521,4.999999986834452,4.9999999847226615,-4.999999424088628,4.99999998628288,-4.999999948152202,4.99999997081034,-4.999999862543062
99.0,268.0,129.88369750976562,4.999999961330736,-4.999999986262006,4.9999990000301375,4.999999991826343,4.999999989788966,-4.999998795645917,4.999999996349182,-4.999999904308723,4.999999980174233,-4.99999979061049
99.0,268.0,129.88369750976562,4.99999913198806,-4.999999236368906,4.999998539167445,4.999999994468097,4.999999623536006,-4.999999991689277,4.999999990784682,-4.999999999393535,4.9999999524299525,-4.999999802885343
99.0,268.0,129.88369750976562,4.999999707353453,-4.99999999068575,4.99999999888026,4.999999572208655,4.999999987071203,-4.999999514843929,4.99999998784261,-4.999999829391609,4.999999978103313,-4.999999862609295
99.0,268.0,129.88369750976562,4.99999818940679,-4.999999985169978,4.999999089173883,4.999999964357452,4.999999974671473,-4.999999821271656,4.999999981755144,-4.9999999031447455,4.999999730325605,-4.99999981956244
99.0,268.0,129.88369750976562,4.999996143607362,-4.999999953553816,4.999998824072994,4.999999963998286,4.999999998480842,-4.999999728901685,4.99999999707503,-4.999999915862702,4.999999785396371,-4.9999998143112885
99.0,268.0,129.88369750976562,4.99999747882021,-4.999999561244506,4.999997951442406,4.999999997257871,4.999999756577654,-4.9999999058399,4.9999999916249775,-4.999999999632848,4.99999985337096,-4.999999791088314
99.0,268.0,129.88369750976562,4.999999438487697,-4.999999796627321,4.999999776709867,4.999999687578283,4.999999902695179,-4.999999504039164,4.999999991377257,-4.999999881208799,4.999999989253658,-4.999999787880507
99.0,268.0,129.88369750976562,4.999997723464944,-4.999999914316026,4.999998346539417,4.999999997561368,4.999999906517921,-4.999999996434336,4.999999992304069,-4.999999999784648,4.999999851110273,-4.999999944636614
99.0,268.0,129.88369750976562,4.999999082999102,-4.999999998575135,4.999999923411387,4.999999616023865,4.999999562933701,-4.999999263798827,4.999999828449685,-4.99999987583053,4.999999921970063,-4.999999975210635
99.0,268.0,129.88369750976562,4.999998420522251,-4.999999998042998,4.999999914079867,4.999999601719067,4.99999956633628,-4.99999972375463,4.999999830678156,-4.999999856231142,4.999999825147508,-4.999999993947171
99.0,268.0,129.88369750976562,4.9999936208055455,-4.999999990353143,4.999999536573551,4.999999928995921,4.99999999588025,-4.999999969590231,4.999999955324155,-4.999999914817687,4.999999773029205,-4.999999886208292
99.0,268.0,129.88369750976562,4.999999499487384,-4.9999999793994485,4.999999999002201,4.999999997605267,4.99999950880523,-4.999998865370355,4.999999980559231,-4.999999997051294,4.999999998987393,-4.999999895662702
99.0,268.0,129.88369750976562,4.999996699700624,-4.999999015401074,4.999999318968296,4.999999824358751,4.9999996573614105,-4.999999992908959,4.999999994666214,-4.999999999504531,4.999999995753315,-4.999999800510238
99.0,269.0,129.88369750976562,4.999998393049736,-4.9999999639205885,4.999999183393896,4.999999959514477,4.999999970001494,-4.999999744478762,4.999999985735578,-4.999999941534595,4.999999802560382,-4.999999769906124
99.0,269.0,129.88369750976562,4.999999951906325,-4.999998898814851,4.999999972812911,4.99999889734371,4.999999336994564,-4.999999972530881,4.999999999740183,-4.999999494778904,4.999999998780333,-4.999999984983752
99.0,269.0,129.88369750976562,4.999998675152282,-4.999999625946577,4.999999844447411,4.999999738929781,4.999999401137268,-4.999999966940284,4.999999990278488,-4.999999998950593,4.999999997990818,-4.999999837434982
99.0,269.0,129.88369750976562,4.999998616214041,-4.999999991523842,4.999999366109704,4.999999970762889,4.999999771127303,-4.999999910841129,4.999999994452367,-4.999999833078548,4.9999996812358765,-4.99999997513447
99.0,269.0,129.88369750976562,4.999999325360284,-4.999999999795323,4.999999966222046,4.999999806679261,4.999999988963234,-4.999999477304353,4.999999997872225,-4.999999788228831,4.999999933757616,-4.999999938925822
99.0,269.0,129.88369750976562,4.999999043189739,-4.999999989710178,4.999999744927569,4.9999999542146,4.999999990192108,-4.999999519371047,4.999999998849224,-4.9999998180231575,4.999999975233592,-4.999999786528934
99.0,269.0,129.88369750976562,4.999995284099716,-4.999999993854802,4.999999176089284,4.999999887744916,4.999999984064953,-4.999999317150085,4.999999996228367,-4.9999998637642,4.999999826946553,-4.999999779491851
99.0,269.0,129.88369750976562,4.999999650356557,-4.999999999825788,4.999999466478899,4.999999842161449,4.999999995023709,-4.9999989375958975,4.999999998979735,-4.999999773308298,4.999999926652253,-4.999999976505348
99.0,269.0,129.88369750976562,4.999995840834285,-4.999999816936498,4.999999502284775,4.999999780348846,4.999999984336632,-4.9999993143547865,4.999999992522435,-4.9999998901283496,4.999999935636334,-4.999999969487007
99.0,269.0,129.88369750976562,4.99999995878383,-4.999999975442021,4.999999528086171,4.999999993221739,4.9999998901326,-4.999998969205199,4.999999989053324,-4.999999946368952,4.999999926203617,-4.999999812117926
99.0,269.0,129.88369750976562,4.999999806049937,-4.999999251199697,4.999998947196251,4.9999999610175125,4.999999637242654,-4.99999973815471,4.999999991502106,-4.999999986226478,4.999999970591272,-4.99999981513269
99.0,269.0,129.88369750976562,4.999996817192532,-4.9999999961486825,4.999999886712574,4.999999993677881,4.999999951972019,-4.99999999214729,4.999999993168378,-4.999999754364145,4.999999768412532,-4.9999999571282
99.0,269.0,129.88369750976562,4.999998606453361,-4.999999967097521,4.999999321861807,4.999999962717195,4.999999947661522,-4.999999789263498,4.99999999208419,-4.999999906501496,4.999999778015517,-4.999999847692139
99.0,269.0,129.88369750976562,4.99999794567742,-4.999999745982114,4.9999981791936365,4.999999999930876,4.999999822470288,-4.999999697272686,4.999999994796385,-4.999999977415241,4.999999891457886,-4.999999805100348
99.0,269.0,129.88369750976562,4.999999680862515,-4.99999997561649,4.999999202349345,4.99999999429044,4.999999927730237,-4.999999920520677,4.999999988940113,-4.999999994608891,4.999999782866002,-4.999999903689904
99.0,269.0,129.88369750976562,4.999999183012706,-4.999999974235221,4.999999463986834,4.999999327473602,4.999999783544061,-4.99999915025275,4.999999987185736,-4.999999867604896,4.999999818737461,-4.999999985414883
99.0,269.0,129.88369750976562,4.9999999314070624,-4.999999977164306,4.99999969515634,4.999999991326789,4.999999940856364,-4.999998869351892,4.999999987627247,-4.999999945700272,4.999999971660626,-4.999999810219067
99.0,269.0,129.88369750976562,4.999996823954189,-4.999999916628447,4.99999902821954,4.999999998910966,4.999999996940279,-4.999999999803713,4.999999991662074,-4.999999960427447,4.9999998946986,-4.999999935633479
99.0,269.0,129.88369750976562,4.999994036822713,-4.999999982175494,4.999999763997581,4.999999791426465,4.999999979222971,-4.999999826978064,4.999999954970688,-4.999999902171339,4.999999878648276,-4.999999856302477
99.0,269.0,129.88369750976562,4.999999715336943,-4.999999966281545,4.999999382106655,4.999999339237378,4.999999996543513,-4.999999155092524,4.999999984429609,-4.999999948370068,4.999999869552524,-4.999999787907971
99.0,269.0,129.88369750976562,4.999999887249757,-4.999999998812916,4.999999435001985,4.999999729158584,4.999999771087743,-4.999999963759121,4.999999998608711,-4.999999830162187,4.999999995460857,-4.999999986039774
99.0,269.0,129.88369750976562,4.999997848523721,-4.999999984595642,4.999999999909912,4.99999967851701,4.999999771944335,-4.999999712500664,4.999999992428423,-4.999999855416005,4.999999988648389,-4.999999984603841
99.0,269.0,129.88369750976562,4.999999311338192,-4.99999968556676,4.999999999516432,4.999999920861966,4.999999834066658,-4.999999875062828,4.999999987501207,-4.999999934149787,4.99999999438496,-4.999999715451437
99.0,269.0,129.88369750976562,4.999999332606898,-4.99999987921171,4.999997672003195,4.999999999130307,4.999999987068961,-4.999999391400978,4.999999881618264,-4.999999962461375,4.999999960683903,-4.9999998330569415
99.0,269.0,129.88369750976562,4.999998997692642,-4.99999960768909,4.99999923965388,4.999999354472283,4.999999809071095,-4.99999928648632,4.999999981284434,-4.999999990135484,4.999999895486772,-4.9999997821949975
99.0,269.0,129.88369750976562,4.999997794613169,-4.999999994968411,4.999999700250042,4.999999807635453,4.999999872574834,-4.999999711134512,4.9999999916002125,-4.999999831741189,4.999999772149894,-4.999999971336751
99.0,269.0,129.88369750976562,4.999999416961559,-4.9999998192065975,4.9999998301616175,4.99999977527742,4.999999992096949,-4.999999163404482,4.999999997241344,-4.999999847567556,4.999999974221716,-4.999999952970255
99.0,269.0,129.88369750976562,4.999999981170396,-4.9999997823737,4.999998498843815,4.999999843951444,4.999999897326526,-4.999998894442202,4.999999998208035,-4.999999895942649,4.9999999691314665,-4.9999998934854055
99.0,269.0,129.88369750976562,4.999999741173489,-4.999999993582172,4.999999999451509,4.999999892613308,4.999999997414791,-4.999999237409626,4.999999987170426,-4.9999999152004815,4.9999999808456685,-4.999999794400818
99.0,269.0,129.88369750976562,4.999999345207459,-4.999999993722049,4.9999998700453006,4.999999989117844,4.999999027698371,-4.9999999701882585,4.999999998324208,-4.999999646864791,4.999999830820786,-4.999999787047818
99.0,269.0,129.88369750976562,4.9999986757860615,-4.999999999218806,4.999999878323842,4.999999327811468,4.999999362974338,-4.999999281227645,4.999999830737515,-4.999999908132855,4.99999992338825,-4.999999994948498
99.0,269.0,129.88369750976562,4.999999449943063,-4.999999303802615,4.99999999952307,4.99999808374537,4.999999732397546,-4.999999900600439,4.999999995394439,-4.999999632403084,4.999999983514357,-4.999999837905348
99.0,269.0,129.88369750976562,4.999998496912111,-4.999999989891806,4.999999909341342,4.999999344437173,4.999999434147933,-4.999999909920462,4.999999992076868,-4.999999998754437,4.999999997221336,-4.999999831367987
99.0,269.0,129.88369750976562,4.999999010610915,-4.999999621339404,4.999999548326307,4.999999631160248,4.999999809506734,-4.999999327644871,4.999999982654843,-4.9999999999303935,4.999999951133344,-4.999999785441421
99.0,269.0,129.88369750976562,4.99999853932028,-4.99999999573994,4.999999823329526,4.999999616104926,4.999999985074468,-4.99999924243606,4.999999978140074,-4.999999998223117,4.99999984008117,-4.99999979377997
99.0,269.0,129.88369750976562,4.999999802626299,-4.99999962849201,4.999999556263097,4.999999608950152,4.999999772831954,-4.999999963725715,4.999999990420739,-4.999999999110986,4.999999999947836,-4.99999993693096
99.0,269.0,129.88369750976562,4.999999749665182,-4.99999996553812,4.999999998129521,4.999999986834452,4.9999999847226615,-4.999999424088628,4.99999998628288,-4.999999948152202,4.99999997081034,-4.999999862543062
99.0,269.0,129.88369750976562,4.999999961330736,-4.999999986262006,4.9999990000301375,4.999999991826343,4.999999989788966,-4.999998795645917,4.999999996349182,-4.999999904308723,4.999999980174233,-4.99999979061049
99.0,269.0,129.88369750976562,4.99999913198806,-4.999999236368906,4.999998539167445,4.999999994468097,4.999999623536006,-4.999999991689277,4.999999990784682,-4.999999999393535,4.9999999524299525,-4.999999802885343
99.0,269.0,129.88369750976562,4.999999707353453,-4.99999999068575,4.99999999888026,4.999999572208655,4.999999987071203,-4.999999514843929,4.99999998784261,-4.999999829391609,4.999999978103313,-4.999999862609295
99.0,269.0,129.88369750976562,4.99999818940679,-4.999999985169978,4.999999089173883,4.999999964357452,4.999999974671473,-4.999999821271656,4.999999981755144,-4.9999999031447455,4.999999730325605,-4.99999981956244
99.0,269.0,129.88369750976562,4.999996143607362,-4.999999953553816,4.999998824072994,4.999999963998286,4.999999998480842,-4.999999728901685,4.99999999707503,-4.999999915862702,4.999999785396371,-4.9999998143112885
99.0,269.0,129.88369750976562,4.99999747882021,-4.999999561244506,4.999997951442406,4.999999997257871,4.999999756577654,-4.9999999058399,4.9999999916249775,-4.999999999632848,4.99999985337096,-4.999999791088314
99.0,269.0,129.88369750976562,4.999999438487697,-4.999999796627321,4.999999776709867,4.999999687578283,4.999999902695179,-4.999999504039164,4.999999991377257,-4.999999881208799,4.999999989253658,-4.999999787880507
99.0,269.0,129.88369750976562,4.999997723464944,-4.999999914316026,4.999998346539417,4.999999997561368,4.999999906517921,-4.999999996434336,4.999999992304069,-4.999999999784648,4.999999851110273,-4.999999944636614
99.0,269.0,129.88369750976562,4.999999082999102,-4.999999998575135,4.999999923411387,4.999999616023865,4.999999562933701,-4.999999263798827,4.999999828449685,-4.99999987583053,4.999999921970063,-4.999999975210635
99.0,269.0,129.88369750976562,4.999998420522251,-4.999999998042998,4.999999914079867,4.999999601719067,4.99999956633628,-4.99999972375463,4.999999830678156,-4.999999856231142,4.999999825147508,-4.999999993947171
99.0,269.0,129.88369750976562,4.9999936208055455,-4.999999990353143,4.999999536573551,4.999999928995921,4.99999999588025,-4.999999969590231,4.999999955324155,-4.999999914817687,4.999999773029205,-4.999999886208292
99.0,269.0,129.88369750976562,4.999999499487384,-4.9999999793994485,4.999999999002201,4.999999997605267,4.99999950880523,-4.999998865370355,4.999999980559231,-4.999999997051294,4.999999998987393,-4.999999895662702
99.0,269.0,129.88369750976562,4.999996699700624,-4.999999015401074,4.999999318968296,4.999999824358751,4.9999996573614105,-4.999999992908959,4.999999994666214,-4.999999999504531,4.999999995753315,-4.999999800510238
99.0,270.0,129.88369750976562,4.999998393049736,-4.9999999639205885,4.999999183393896,4.999999959514477,4.999999970001494,-4.999999744478762,4.999999985735578,-4.999999941534595,4.999999802560382,-4.999999769906124
99.0,270.0,129.88369750976562,4.999999951906325,-4.999998898814851,4.999999972812911,4.99999889734371,4.999999336994564,-4.999999972530881,4.999999999740183,-4.999999494778904,4.999999998780333,-4.999999984983752
99.0,270.0,129.88369750976562,4.999998675152282,-4.999999625946577,4.999999844447411,4.999999738929781,4.999999401137268,-4.999999966940284,4.999999990278488,-4.999999998950593,4.999999997990818,-4.999999837434982
99.0,270.0,129.88369750976562,4.999998616214041,-4.999999991523842,4.999999366109704,4.999999970762889,4.999999771127303,-4.999999910841129,4.999999994452367,-4.999999833078548,4.9999996812358765,-4.99999997513447
99.0,270.0,129.88369750976562,4.999999325360284,-4.999999999795323,4.999999966222046,4.999999806679261,4.999999988963234,-4.999999477304353,4.999999997872225,-4.999999788228831,4.999999933757616,-4.999999938925822
99.0,270.0,129.88369750976562,4.999999043189739,-4.999999989710178,4.999999744927569,4.9999999542146,4.999999990192108,-4.999999519371047,4.999999998849224,-4.9999998180231575,4.999999975233592,-4.999999786528934
99.0,270.0,129.88369750976562,4.999995284099716,-4.999999993854802,4.999999176089284,4.999999887744916,4.999999984064953,-4.999999317150085,4.999999996228367,-4.9999998637642,4.999999826946553,-4.999999779491851
99.0,270.0,129.88369750976562,4.999999650356557,-4.999999999825788,4.999999466478899,4.999999842161449,4.999999995023709,-4.9999989375958975,4.999999998979735,-4.999999773308298,4.999999926652253,-4.999999976505348
99.0,270.0,129.88369750976562,4.999995840834285,-4.999999816936498,4.999999502284775,4.999999780348846,4.999999984336632,-4.9999993143547865,4.999999992522435,-4.9999998901283496,4.999999935636334,-4.999999969487007
99.0,270.0,129.88369750976562,4.99999995878383,-4.999999975442021,4.999999528086171,4.999999993221739,4.9999998901326,-4.999998969205199,4.999999989053324,-4.999999946368952,4.999999926203617,-4.999999812117926
99.0,270.0,129.88369750976562,4.999999806049937,-4.999999251199697,4.999998947196251,4.9999999610175125,4.999999637242654,-4.99999973815471,4.999999991502106,-4.999999986226478,4.999999970591272,-4.99999981513269
99.0,270.0,129.88369750976562,4.999996817192532,-4.9999999961486825,4.999999886712574,4.999999993677881,4.999999951972019,-4.99999999214729,4.999999993168378,-4.999999754364145,4.999999768412532,-4.9999999571282
99.0,270.0,129.88369750976562,4.999998606453361,-4.999999967097521,4.999999321861807,4.999999962717195,4.999999947661522,-4.999999789263498,4.99999999208419,-4.999999906501496,4.999999778015517,-4.999999847692139
99.0,270.0,129.88369750976562,4.99999794567742,-4.999999745982114,4.9999981791936365,4.999999999930876,4.999999822470288,-4.999999697272686,4.999999994796385,-4.999999977415241,4.999999891457886,-4.999999805100348
99.0,270.0,129.88369750976562,4.999999680862515,-4.99999997561649,4.999999202349345,4.99999999429044,4.999999927730237,-4.999999920520677,4.999999988940113,-4.999999994608891,4.999999782866002,-4.999999903689904
99.0,270.0,129.88369750976562,4.999999183012706,-4.999999974235221,4.999999463986834,4.999999327473602,4.999999783544061,-4.99999915025275,4.999999987185736,-4.999999867604896,4.999999818737461,-4.999999985414883
99.0,270.0,129.88369750976562,4.9999999314070624,-4.999999977164306,4.99999969515634,4.999999991326789,4.999999940856364,-4.999998869351892,4.999999987627247,-4.999999945700272,4.999999971660626,-4.999999810219067
99.0,270.0,129.88369750976562,4.999996823954189,-4.999999916628447,4.99999902821954,4.999999998910966,4.999999996940279,-4.999999999803713,4.999999991662074,-4.999999960427447,4.9999998946986,-4.999999935633479
99.0,270.0,129.88369750976562,4.999994036822713,-4.999999982175494,4.999999763997581,4.999999791426465,4.999999979222971,-4.999999826978064,4.999999954970688,-4.999999902171339,4.999999878648276,-4.999999856302477
99.0,270.0,129.88369750976562,4.999999715336943,-4.999999966281545,4.999999382106655,4.999999339237378,4.999999996543513,-4.999999155092524,4.999999984429609,-4.999999948370068,4.999999869552524,-4.999999787907971
99.0,270.0,129.88369750976562,4.999999887249757,-4.999999998812916,4.999999435001985,4.999999729158584,4.999999771087743,-4.999999963759121,4.999999998608711,-4.999999830162187,4.999999995460857,-4.999999986039774
99.0,270.0,129.88369750976562,4.999997848523721,-4.999999984595642,4.999999999909912,4.99999967851701,4.999999771944335,-4.999999712500664,4.999999992428423,-4.999999855416005,4.999999988648389,-4.999999984603841
99.0,270.0,129.88369750976562,4.999999311338192,-4.99999968556676,4.999999999516432,4.999999920861966,4.999999834066658,-4.999999875062828,4.999999987501207,-4.999999934149787,4.99999999438496,-4.999999715451437
99.0,270.0,129.88369750976562,4.999999332606898,-4.99999987921171,4.999997672003195,4.999999999130307,4.999999987068961,-4.999999391400978,4.999999881618264,-4.999999962461375,4.999999960683903,-4.9999998330569415
99.0,270.0,129.88369750976562,4.999998997692642,-4.99999960768909,4.99999923965388,4.999999354472283,4.999999809071095,-4.99999928648632,4.999999981284434,-4.999999990135484,4.999999895486772,-4.9999997821949975
99.0,270.0,129.88369750976562,4.999997794613169,-4.999999994968411,4.999999700250042,4.999999807635453,4.999999872574834,-4.999999711134512,4.9999999916002125,-4.999999831741189,4.999999772149894,-4.999999971336751
99.0,270.0,129.88369750976562,4.999999416961559,-4.9999998192065975,4.9999998301616175,4.99999977527742,4.999999992096949,-4.999999163404482,4.999999997241344,-4.999999847567556,4.999999974221716,-4.999999952970255
99.0,270.0,129.88369750976562,4.999999981170396,-4.9999997823737,4.999998498843815,4.999999843951444,4.999999897326526,-4.999998894442202,4.999999998208035,-4.999999895942649,4.9999999691314665,-4.9999998934854055
99.0,270.0,129.88369750976562,4.999999741173489,-4.999999993582172,4.999999999451509,4.999999892613308,4.999999997414791,-4.999999237409626,4.999999987170426,-4.9999999152004815,4.9999999808456685,-4.999999794400818
99.0,270.0,129.88369750976562,4.999999345207459,-4.999999993722049,4.9999998700453006,4.999999989117844,4.999999027698371,-4.9999999701882585,4.999999998324208,-4.999999646864791,4.999999830820786,-4.999999787047818
99.0,270.0,129.88369750976562,4.9999986757860615,-4.999999999218806,4.999999878323842,4.999999327811468,4.999999362974338,-4.999999281227645,4.999999830737515,-4.999999908132855,4.99999992338825,-4.999999994948498
99.0,270.0,129.88369750976562,4.999999449943063,-4.999999303802615,4.99999999952307,4.99999808374537,4.999999732397546,-4.999999900600439,4.999999995394439,-4.999999632403084,4.999999983514357,-4.999999837905348
99.0,270.0,129.88369750976562,4.999998496912111,-4.999999989891806,4.999999909341342,4.999999344437173,4.999999434147933,-4.999999909920462,4.999999992076868,-4.999999998754437,4.999999997221336,-4.999999831367987
99.0,270.0,129.88369750976562,4.999999010610915,-4.999999621339404,4.999999548326307,4.999999631160248,4.999999809506734,-4.999999327644871,4.999999982654843,-4.9999999999303935,4.999999951133344,-4.999999785441421
99.0,270.0,129.88369750976562,4.99999853932028,-4.99999999573994,4.999999823329526,4.999999616104926,4.999999985074468,-4.99999924243606,4.999999978140074,-4.999999998223117,4.99999984008117,-4.99999979377997
99.0,270.0,129.88369750976562,4.999999802626299,-4.99999962849201,4.999999556263097,4.999999608950152,4.999999772831954,-4.999999963725715,4.999999990420739,-4.999999999110986,4.999999999947836,-4.99999993693096
99.0,270.0,129.88369750976562,4.999999749665182,-4.99999996553812,4.999999998129521,4.999999986834452,4.9999999847226615,-4.999999424088628,4.99999998628288,-4.999999948152202,4.99999997081034,-4.999999862543062
99.0,270.0,129.88369750976562,4.999999961330736,-4.999999986262006,4.9999990000301375,4.999999991826343,4.999999989788966,-4.999998795645917,4.999999996349182,-4.999999904308723,4.999999980174233,-4.99999979061049
99.0,270.0,129.88369750976562,4.99999913198806,-4.999999236368906,4.999998539167445,4.999999994468097,4.999999623536006,-4.999999991689277,4.999999990784682,-4.999999999393535,4.9999999524299525,-4.999999802885343
99.0,270.0,129.88369750976562,4.999999707353453,-4.99999999068575,4.99999999888026,4.999999572208655,4.999999987071203,-4.999999514843929,4.99999998784261,-4.999999829391609,4.999999978103313,-4.999999862609295
99.0,270.0,129.88369750976562,4.99999818940679,-4.999999985169978,4.999999089173883,4.999999964357452,4.999999974671473,-4.999999821271656,4.999999981755144,-4.9999999031447455,4.999999730325605,-4.99999981956244
99.0,270.0,129.88369750976562,4.999996143607362,-4.999999953553816,4.999998824072994,4.999999963998286,4.999999998480842,-4.999999728901685,4.99999999707503,-4.999999915862702,4.999999785396371,-4.9999998143112885
99.0,270.0,129.88369750976562,4.99999747882021,-4.999999561244506,4.999997951442406,4.999999997257871,4.999999756577654,-4.9999999058399,4.9999999916249775,-4.999999999632848,4.99999985337096,-4.999999791088314
99.0,270.0,129.88369750976562,4.999999438487697,-4.999999796627321,4.999999776709867,4.999999687578283,4.999999902695179,-4.999999504039164,4.999999991377257,-4.999999881208799,4.999999989253658,-4.999999787880507
99.0,270.0,129.88369750976562,4.999997723464944,-4.999999914316026,4.999998346539417,4.999999997561368,4.999999906517921,-4.999999996434336,4.999999992304069,-4.999999999784648,4.999999851110273,-4.999999944636614
99.0,270.0,129.88369750976562,4.999999082999102,-4.999999998575135,4.999999923411387,4.999999616023865,4.999999562933701,-4.999999263798827,4.999999828449685,-4.99999987583053,4.999999921970063,-4.999999975210635
99.0,270.0,129.88369750976562,4.999998420522251,-4.999999998042998,4.999999914079867,4.999999601719067,4.99999956633628,-4.99999972375463,4.999999830678156,-4.999999856231142,4.999999825147508,-4.999999993947171
99.0,270.0,129.88369750976562,4.9999936208055455,-4.999999990353143,4.999999536573551,4.999999928995921,4.99999999588025,-4.999999969590231,4.999999955324155,-4.999999914817687,4.999999773029205,-4.999999886208292
99.0,270.0,129.88369750976562,4.999999499487384,-4.9999999793994485,4.999999999002201,4.999999997605267,4.99999950880523,-4.999998865370355,4.999999980559231,-4.999999997051294,4.999999998987393,-4.999999895662702
99.0,270.0,129.88369750976562,4.999996699700624,-4.999999015401074,4.999999318968296,4.999999824358751,4.9999996573614105,-4.999999992908959,4.999999994666214,-4.999999999504531,4.999999995753315,-4.999999800510238
99.0,271.0,129.88369750976562,4.999998393049736,-4.9999999639205885,4.999999183393896,4.999999959514477,4.999999970001494,-4.999999744478762,4.999999985735578,-4.999999941534595,4.999999802560382,-4.999999769906124
99.0,271.0,129.88369750976562,4.999999951906325,-4.999998898814851,4.999999972812911,4.99999889734371,4.999999336994564,-4.999999972530881,4.999999999740183,-4.999999494778904,4.999999998780333,-4.999999984983752
99.0,271.0,129.88369750976562,4.999998675152282,-4.999999625946577,4.999999844447411,4.999999738929781,4.999999401137268,-4.999999966940284,4.999999990278488,-4.999999998950593,4.999999997990818,-4.999999837434982
99.0,271.0,129.88369750976562,4.999998616214041,-4.999999991523842,4.999999366109704,4.999999970762889,4.999999771127303,-4.999999910841129,4.999999994452367,-4.999999833078548,4.9999996812358765,-4.99999997513447
99.0,271.0,129.88369750976562,4.999999325360284,-4.999999999795323,4.999999966222046,4.999999806679261,4.999999988963234,-4.999999477304353,4.999999997872225,-4.999999788228831,4.999999933757616,-4.999999938925822
99.0,271.0,129.88369750976562,4.999999043189739,-4.999999989710178,4.999999744927569,4.9999999542146,4.999999990192108,-4.999999519371047,4.999999998849224,-4.9999998180231575,4.999999975233592,-4.999999786528934
99.0,271.0,129.88369750976562,4.999995284099716,-4.999999993854802,4.999999176089284,4.999999887744916,4.999999984064953,-4.999999317150085,4.999999996228367,-4.9999998637642,4.999999826946553,-4.999999779491851
99.0,271.0,129.88369750976562,4.999999650356557,-4.999999999825788,4.999999466478899,4.999999842161449,4.999999995023709,-4.9999989375958975,4.999999998979735,-4.999999773308298,4.999999926652253,-4.999999976505348
99.0,271.0,129.88369750976562,4.999995840834285,-4.999999816936498,4.999999502284775,4.999999780348846,4.999999984336632,-4.9999993143547865,4.999999992522435,-4.9999998901283496,4.999999935636334,-4.999999969487007
99.0,271.0,129.88369750976562,4.99999995878383,-4.999999975442021,4.999999528086171,4.999999993221739,4.9999998901326,-4.999998969205199,4.999999989053324,-4.999999946368952,4.999999926203617,-4.999999812117926
99.0,271.0,129.88369750976562,4.999999806049937,-4.999999251199697,4.999998947196251,4.9999999610175125,4.999999637242654,-4.99999973815471,4.999999991502106,-4.999999986226478,4.999999970591272,-4.99999981513269
99.0,271.0,129.88369750976562,4.999996817192532,-4.9999999961486825,4.999999886712574,4.999999993677881,4.999999951972019,-4.99999999214729,4.999999993168378,-4.999999754364145,4.999999768412532,-4.9999999571282
99.0,271.0,129.88369750976562,4.999998606453361,-4.999999967097521,4.999999321861807,4.999999962717195,4.999999947661522,-4.999999789263498,4.99999999208419,-4.999999906501496,4.999999778015517,-4.999999847692139
99.0,271.0,129.88369750976562,4.99999794567742,-4.999999745982114,4.9999981791936365,4.999999999930876,4.999999822470288,-4.999999697272686,4.999999994796385,-4.999999977415241,4.999999891457886,-4.999999805100348
99.0,271.0,129.88369750976562,4.999999680862515,-4.99999997561649,4.999999202349345,4.99999999429044,4.999999927730237,-4.999999920520677,4.999999988940113,-4.999999994608891,4.999999782866002,-4.999999903689904
99.0,271.0,129.88369750976562,4.999999183012706,-4.999999974235221,4.999999463986834,4.999999327473602,4.999999783544061,-4.99999915025275,4.999999987185736,-4.999999867604896,4.999999818737461,-4.999999985414883
99.0,271.0,129.88369750976562,4.9999999314070624,-4.999999977164306,4.99999969515634,4.999999991326789,4.999999940856364,-4.999998869351892,4.999999987627247,-4.999999945700272,4.999999971660626,-4.999999810219067
99.0,271.0,129.88369750976562,4.999996823954189,-4.999999916628447,4.99999902821954,4.999999998910966,4.999999996940279,-4.999999999803713,4.999999991662074,-4.999999960427447,4.9999998946986,-4.999999935633479
99.0,271.0,129.88369750976562,4.999994036822713,-4.999999982175494,4.999999763997581,4.999999791426465,4.999999979222971,-4.999999826978064,4.999999954970688,-4.999999902171339,4.999999878648276,-4.999999856302477
99.0,271.0,129.88369750976562,4.999999715336943,-4.999999966281545,4.999999382106655,4.999999339237378,4.999999996543513,-4.999999155092524,4.999999984429609,-4.999999948370068,4.999999869552524,-4.999999787907971
99.0,271.0,129.88369750976562,4.999999887249757,-4.999999998812916,4.999999435001985,4.999999729158584,4.999999771087743,-4.999999963759121,4.999999998608711,-4.999999830162187,4.999999995460857,-4.999999986039774
99.0,271.0,129.88369750976562,4.999997848523721,-4.999999984595642,4.999999999909912,4.99999967851701,4.999999771944335,-4.999999712500664,4.999999992428423,-4.999999855416005,4.999999988648389,-4.999999984603841
99.0,271.0,129.88369750976562,4.999999311338192,-4.99999968556676,4.999999999516432,4.999999920861966,4.999999834066658,-4.999999875062828,4.999999987501207,-4.999999934149787,4.99999999438496,-4.999999715451437
99.0,271.0,129.88369750976562,4.999999332606898,-4.99999987921171,4.999997672003195,4.999999999130307,4.999999987068961,-4.999999391400978,4.999999881618264,-4.999999962461375,4.999999960683903,-4.9999998330569415
99.0,271.0,129.88369750976562,4.999998997692642,-4.99999960768909,4.99999923965388,4.999999354472283,4.999999809071095,-4.99999928648632,4.999999981284434,-4.999999990135484,4.999999895486772,-4.9999997821949975
99.0,271.0,129.88369750976562,4.999997794613169,-4.999999994968411,4.999999700250042,4.999999807635453,4.999999872574834,-4.999999711134512,4.9999999916002125,-4.999999831741189,4.999999772149894,-4.999999971336751
99.0,271.0,129.88369750976562,4.999999416961559,-4.9999998192065975,4.9999998301616175,4.99999977527742,4.999999992096949,-4.999999163404482,4.999999997241344,-4.999999847567556,4.999999974221716,-4.999999952970255
99.0,271.0,129.88369750976562,4.999999981170396,-4.9999997823737,4.999998498843815,4.999999843951444,4.999999897326526,-4.999998894442202,4.999999998208035,-4.999999895942649,4.9999999691314665,-4.9999998934854055
99.0,271.0,129.88369750976562,4.999999741173489,-4.999999993582172,4.999999999451509,4.999999892613308,4.999999997414791,-4.999999237409626,4.999999987170426,-4.9999999152004815,4.9999999808456685,-4.999999794400818
99.0,271.0,129.88369750976562,4.999999345207459,-4.999999993722049,4.9999998700453006,4.999999989117844,4.999999027698371,-4.9999999701882585,4.999999998324208,-4.999999646864791,4.999999830820786,-4.999999787047818
99.0,271.0,129.88369750976562,4.9999986757860615,-4.999999999218806,4.999999878323842,4.999999327811468,4.999999362974338,-4.999999281227645,4.999999830737515,-4.999999908132855,4.99999992338825,-4.999999994948498
99.0,271.0,129.88369750976562,4.999999449943063,-4.999999303802615,4.99999999952307,4.99999808374537,4.999999732397546,-4.999999900600439,4.999999995394439,-4.999999632403084,4.999999983514357,-4.999999837905348
99.0,271.0,129.88369750976562,4.999998496912111,-4.999999989891806,4.999999909341342,4.999999344437173,4.999999434147933,-4.999999909920462,4.999999992076868,-4.999999998754437,4.999999997221336,-4.999999831367987
99.0,271.0,129.88369750976562,4.999999010610915,-4.999999621339404,4.999999548326307,4.999999631160248,4.999999809506734,-4.999999327644871,4.999999982654843,-4.9999999999303935,4.999999951133344,-4.999999785441421
99.0,271.0,129.88369750976562,4.99999853932028,-4.99999999573994,4.999999823329526,4.999999616104926,4.999999985074468,-4.99999924243606,4.999999978140074,-4.999999998223117,4.99999984008117,-4.99999979377997
99.0,271.0,129.88369750976562,4.999999802626299,-4.99999962849201,4.999999556263097,4.999999608950152,4.999999772831954,-4.999999963725715,4.999999990420739,-4.999999999110986,4.999999999947836,-4.99999993693096
99.0,271.0,129.88369750976562,4.999999749665182,-4.99999996553812,4.999999998129521,4.999999986834452,4.9999999847226615,-4.999999424088628,4.99999998628288,-4.999999948152202,4.99999997081034,-4.999999862543062
99.0,271.0,129.88369750976562,4.999999961330736,-4.999999986262006,4.9999990000301375,4.999999991826343,4.999999989788966,-4.999998795645917,4.999999996349182,-4.999999904308723,4.999999980174233,-4.99999979061049
99.0,271.0,129.88369750976562,4.99999913198806,-4.999999236368906,4.999998539167445,4.999999994468097,4.999999623536006,-4.999999991689277,4.999999990784682,-4.999999999393535,4.9999999524299525,-4.999999802885343
99.0,271.0,129.88369750976562,4.999999707353453,-4.99999999068575,4.99999999888026,4.999999572208655,4.999999987071203,-4.999999514843929,4.99999998784261,-4.999999829391609,4.999999978103313,-4.999999862609295
99.0,271.0,129.88369750976562,4.99999818940679,-4.999999985169978,4.999999089173883,4.999999964357452,4.999999974671473,-4.999999821271656,4.999999981755144,-4.9999999031447455,4.999999730325605,-4.99999981956244
99.0,271.0,129.88369750976562,4.999996143607362,-4.999999953553816,4.999998824072994,4.999999963998286,4.999999998480842,-4.999999728901685,4.99999999707503,-4.999999915862702,4.999999785396371,-4.9999998143112885
99.0,271.0,129.88369750976562,4.99999747882021,-4.999999561244506,4.999997951442406,4.999999997257871,4.999999756577654,-4.9999999058399,4.9999999916249775,-4.999999999632848,4.99999985337096,-4.999999791088314
99.0,271.0,129.88369750976562,4.999999438487697,-4.999999796627321,4.999999776709867,4.999999687578283,4.999999902695179,-4.999999504039164,4.999999991377257,-4.999999881208799,4.999999989253658,-4.999999787880507
99.0,271.0,129.88369750976562,4.999997723464944,-4.999999914316026,4.999998346539417,4.999999997561368,4.999999906517921,-4.999999996434336,4.999999992304069,-4.999999999784648,4.999999851110273,-4.999999944636614
99.0,271.0,129.88369750976562,4.999999082999102,-4.999999998575135,4.999999923411387,4.999999616023865,4.999999562933701,-4.999999263798827,4.999999828449685,-4.99999987583053,4.999999921970063,-4.999999975210635
99.0,271.0,129.88369750976562,4.999998420522251,-4.999999998042998,4.999999914079867,4.999999601719067,4.99999956633628,-4.99999972375463,4.999999830678156,-4.999999856231142,4.999999825147508,-4.999999993947171
99.0,271.0,129.88369750976562,4.9999936208055455,-4.999999990353143,4.999999536573551,4.999999928995921,4.99999999588025,-4.999999969590231,4.999999955324155,-4.999999914817687,4.999999773029205,-4.999999886208292
99.0,271.0,129.88369750976562,4.999999499487384,-4.9999999793994485,4.999999999002201,4.999999997605267,4.99999950880523,-4.999998865370355,4.999999980559231,-4.999999997051294,4.999999998987393,-4.999999895662702
99.0,271.0,129.88369750976562,4.999996699700624,-4.999999015401074,4.999999318968296,4.999999824358751,4.9999996573614105,-4.999999992908959,4.999999994666214,-4.999999999504531,4.999999995753315,-4.999999800510238
99.0,272.0,129.88369750976562,4.999998393049736,-4.9999999639205885,4.999999183393896,4.999999959514477,4.999999970001494,-4.999999744478762,4.999999985735578,-4.999999941534595,4.999999802560382,-4.999999769906124
99.0,272.0,129.88369750976562,4.999999951906325,-4.999998898814851,4.999999972812911,4.99999889734371,4.999999336994564,-4.999999972530881,4.999999999740183,-4.999999494778904,4.999999998780333,-4.999999984983752
99.0,272.0,129.88369750976562,4.999998675152282,-4.999999625946577,4.999999844447411,4.999999738929781,4.999999401137268,-4.999999966940284,4.999999990278488,-4.999999998950593,4.999999997990818,-4.999999837434982
99.0,272.0,129.88369750976562,4.999998616214041,-4.999999991523842,4.999999366109704,4.999999970762889,4.999999771127303,-4.999999910841129,4.999999994452367,-4.999999833078548,4.9999996812358765,-4.99999997513447
99.0,272.0,129.88369750976562,4.999999325360284,-4.999999999795323,4.999999966222046,4.999999806679261,4.999999988963234,-4.999999477304353,4.999999997872225,-4.999999788228831,4.999999933757616,-4.999999938925822
99.0,272.0,129.88369750976562,4.999999043189739,-4.999999989710178,4.999999744927569,4.9999999542146,4.999999990192108,-4.999999519371047,4.999999998849224,-4.9999998180231575,4.999999975233592,-4.999999786528934
99.0,272.0,129.88369750976562,4.999995284099716,-4.999999993854802,4.999999176089284,4.999999887744916,4.999999984064953,-4.999999317150085,4.999999996228367,-4.9999998637642,4.999999826946553,-4.999999779491851
99.0,272.0,129.88369750976562,4.999999650356557,-4.999999999825788,4.999999466478899,4.999999842161449,4.999999995023709,-4.9999989375958975,4.999999998979735,-4.999999773308298,4.999999926652253,-4.999999976505348
99.0,272.0,129.88369750976562,4.999995840834285,-4.999999816936498,4.999999502284775,4.999999780348846,4.999999984336632,-4.9999993143547865,4.999999992522435,-4.9999998901283496,4.999999935636334,-4.999999969487007
99.0,272.0,129.88369750976562,4.99999995878383,-4.999999975442021,4.999999528086171,4.999999993221739,4.9999998901326,-4.999998969205199,4.999999989053324,-4.999999946368952,4.999999926203617,-4.999999812117926
99.0,272.0,129.88369750976562,4.999999806049937,-4.999999251199697,4.999998947196251,4.9999999610175125,4.999999637242654,-4.99999973815471,4.999999991502106,-4.999999986226478,4.999999970591272,-4.99999981513269
99.0,272.0,129.88369750976562,4.999996817192532,-4.9999999961486825,4.999999886712574,4.999999993677881,4.999999951972019,-4.99999999214729,4.999999993168378,-4.999999754364145,4.999999768412532,-4.9999999571282
99.0,272.0,129.88369750976562,4.999998606453361,-4.999999967097521,4.999999321861807,4.999999962717195,4.999999947661522,-4.999999789263498,4.99999999208419,-4.999999906501496,4.999999778015517,-4.999999847692139
99.0,272.0,129.88369750976562,4.99999794567742,-4.999999745982114,4.9999981791936365,4.999999999930876,4.999999822470288,-4.999999697272686,4.999999994796385,-4.999999977415241,4.999999891457886,-4.999999805100348
99.0,272.0,129.88369750976562,4.999999680862515,-4.99999997561649,4.999999202349345,4.99999999429044,4.999999927730237,-4.999999920520677,4.999999988940113,-4.999999994608891,4.999999782866002,-4.999999903689904
99.0,272.0,129.88369750976562,4.999999183012706,-4.999999974235221,4.999999463986834,4.999999327473602,4.999999783544061,-4.99999915025275,4.999999987185736,-4.999999867604896,4.999999818737461,-4.999999985414883
99.0,272.0,129.88369750976562,4.9999999314070624,-4.999999977164306,4.99999969515634,4.999999991326789,4.999999940856364,-4.999998869351892,4.999999987627247,-4.999999945700272,4.999999971660626,-4.999999810219067
99.0,272.0,129.88369750976562,4.999996823954189,-4.999999916628447,4.99999902821954,4.999999998910966,4.999999996940279,-4.999999999803713,4.999999991662074,-4.999999960427447,4.9999998946986,-4.999999935633479
99.0,272.0,129.88369750976562,4.999994036822713,-4.999999982175494,4.999999763997581,4.999999791426465,4.999999979222971,-4.999999826978064,4.999999954970688,-4.999999902171339,4.999999878648276,-4.999999856302477
99.0,272.0,129.88369750976562,4.999999715336943,-4.999999966281545,4.999999382106655,4.999999339237378,4.999999996543513,-4.999999155092524,4.999999984429609,-4.999999948370068,4.999999869552524,-4.999999787907971
99.0,272.0,129.88369750976562,4.999999887249757,-4.999999998812916,4.999999435001985,4.999999729158584,4.999999771087743,-4.999999963759121,4.999999998608711,-4.999999830162187,4.999999995460857,-4.999999986039774
99.0,272.0,129.88369750976562,4.999997848523721,-4.999999984595642,4.999999999909912,4.99999967851701,4.999999771944335,-4.999999712500664,4.999999992428423,-4.999999855416005,4.999999988648389,-4.999999984603841
99.0,272.0,129.88369750976562,4.999999311338192,-4.99999968556676,4.999999999516432,4.999999920861966,4.999999834066658,-4.999999875062828,4.999999987501207,-4.999999934149787,4.99999999438496,-4.999999715451437
99.0,272.0,129.88369750976562,4.999999332606898,-4.99999987921171,4.999997672003195,4.999999999130307,4.999999987068961,-4.999999391400978,4.999999881618264,-4.999999962461375,4.999999960683903,-4.9999998330569415
99.0,272.0,129.88369750976562,4.999998997692642,-4.99999960768909,4.99999923965388,4.999999354472283,4.999999809071095,-4.99999928648632,4.999999981284434,-4.999999990135484,4.999999895486772,-4.9999997821949975
99.0,272.0,129.88369750976562,4.999997794613169,-4.999999994968411,4.999999700250042,4.999999807635453,4.999999872574834,-4.999999711134512,4.9999999916002125,-4.999999831741189,4.999999772149894,-4.999999971336751
99.0,272.0,129.88369750976562,4.999999416961559,-4.9999998192065975,4.9999998301616175,4.99999977527742,4.999999992096949,-4.999999163404482,4.999999997241344,-4.999999847567556,4.999999974221716,-4.999999952970255
99.0,272.0,129.88369750976562,4.999999981170396,-4.9999997823737,4.999998498843815,4.999999843951444,4.999999897326526,-4.999998894442202,4.999999998208035,-4.999999895942649,4.9999999691314665,-4.9999998934854055
99.0,272.0,129.88369750976562,4.999999741173489,-4.999999993582172,4.999999999451509,4.999999892613308,4.999999997414791,-4.999999237409626,4.999999987170426,-4.9999999152004815,4.9999999808456685,-4.999999794400818
99.0,272.0,129.88369750976562,4.999999345207459,-4.999999993722049,4.9999998700453006,4.999999989117844,4.999999027698371,-4.9999999701882585,4.999999998324208,-4.999999646864791,4.999999830820786,-4.999999787047818
99.0,272.0,129.88369750976562,4.9999986757860615,-4.999999999218806,4.999999878323842,4.999999327811468,4.999999362974338,-4.999999281227645,4.999999830737515,-4.999999908132855,4.99999992338825,-4.999999994948498
99.0,272.0,129.88369750976562,4.999999449943063,-4.999999303802615,4.99999999952307,4.99999808374537,4.999999732397546,-4.999999900600439,4.999999995394439,-4.999999632403084,4.999999983514357,-4.999999837905348
99.0,272.0,129.88369750976562,4.999998496912111,-4.999999989891806,4.999999909341342,4.999999344437173,4.999999434147933,-4.999999909920462,4.999999992076868,-4.999999998754437,4.999999997221336,-4.999999831367987
99.0,272.0,129.88369750976562,4.999999010610915,-4.999999621339404,4.999999548326307,4.999999631160248,4.999999809506734,-4.999999327644871,4.999999982654843,-4.9999999999303935,4.999999951133344,-4.999999785441421
99.0,272.0,129.88369750976562,4.99999853932028,-4.99999999573994,4.999999823329526,4.999999616104926,4.999999985074468,-4.99999924243606,4.999999978140074,-4.999999998223117,4.99999984008117,-4.99999979377997
99.0,272.0,129.88369750976562,4.999999802626299,-4.99999962849201,4.999999556263097,4.999999608950152,4.999999772831954,-4.999999963725715,4.999999990420739,-4.999999999110986,4.999999999947836,-4.99999993693096
99.0,272.0,129.88369750976562,4.999999749665182,-4.99999996553812,4.999999998129521,4.999999986834452,4.9999999847226615,-4.999999424088628,4.99999998628288,-4.999999948152202,4.99999997081034,-4.999999862543062
99.0,272.0,129.88369750976562,4.999999961330736,-4.999999986262006,4.9999990000301375,4.999999991826343,4.999999989788966,-4.999998795645917,4.999999996349182,-4.999999904308723,4.999999980174233,-4.99999979061049
99.0,272.0,129.88369750976562,4.99999913198806,-4.999999236368906,4.999998539167445,4.999999994468097,4.999999623536006,-4.999999991689277,4.999999990784682,-4.999999999393535,4.9999999524299525,-4.999999802885343
99.0,272.0,129.88369750976562,4.999999707353453,-4.99999999068575,4.99999999888026,4.999999572208655,4.999999987071203,-4.999999514843929,4.99999998784261,-4.999999829391609,4.999999978103313,-4.999999862609295
99.0,272.0,129.88369750976562,4.99999818940679,-4.999999985169978,4.999999089173883,4.999999964357452,4.999999974671473,-4.999999821271656,4.999999981755144,-4.9999999031447455,4.999999730325605,-4.99999981956244
99.0,272.0,129.88369750976562,4.999996143607362,-4.999999953553816,4.999998824072994,4.999999963998286,4.999999998480842,-4.999999728901685,4.99999999707503,-4.999999915862702,4.999999785396371,-4.9999998143112885
99.0,272.0,129.88369750976562,4.99999747882021,-4.999999561244506,4.999997951442406,4.999999997257871,4.999999756577654,-4.9999999058399,4.9999999916249775,-4.999999999632848,4.99999985337096,-4.999999791088314
99.0,272.0,129.88369750976562,4.999999438487697,-4.999999796627321,4.999999776709867,4.999999687578283,4.999999902695179,-4.999999504039164,4.999999991377257,-4.999999881208799,4.999999989253658,-4.999999787880507
99.0,272.0,129.88369750976562,4.999997723464944,-4.999999914316026,4.999998346539417,4.999999997561368,4.999999906517921,-4.999999996434336,4.999999992304069,-4.999999999784648,4.999999851110273,-4.999999944636614
99.0,272.0,129.88369750976562,4.999999082999102,-4.999999998575135,4.999999923411387,4.999999616023865,4.999999562933701,-4.999999263798827,4.999999828449685,-4.99999987583053,4.999999921970063,-4.999999975210635
99.0,272.0,129.88369750976562,4.999998420522251,-4.999999998042998,4.999999914079867,4.999999601719067,4.99999956633628,-4.99999972375463,4.999999830678156,-4.999999856231142,4.999999825147508,-4.999999993947171
99.0,272.0,129.88369750976562,4.9999936208055455,-4.999999990353143,4.999999536573551,4.999999928995921,4.99999999588025,-4.999999969590231,4.999999955324155,-4.999999914817687,4.999999773029205,-4.999999886208292
99.0,272.0,129.88369750976562,4.999999499487384,-4.9999999793994485,4.999999999002201,4.999999997605267,4.99999950880523,-4.999998865370355,4.999999980559231,-4.999999997051294,4.999999998987393,-4.999999895662702
99.0,272.0,129.88369750976562,4.999996699700624,-4.999999015401074,4.999999318968296,4.999999824358751,4.9999996573614105,-4.999999992908959,4.999999994666214,-4.999999999504531,4.999999995753315,-4.999999800510238
99.0,273.0,129.88369750976562,4.999998393049736,-4.9999999639205885,4.999999183393896,4.999999959514477,4.999999970001494,-4.999999744478762,4.999999985735578,-4.999999941534595,4.999999802560382,-4.999999769906124
99.0,273.0,129.88369750976562,4.999999951906325,-4.999998898814851,4.999999972812911,4.99999889734371,4.999999336994564,-4.999999972530881,4.999999999740183,-4.999999494778904,4.999999998780333,-4.999999984983752
99.0,273.0,129.88369750976562,4.999998675152282,-4.999999625946577,4.999999844447411,4.999999738929781,4.999999401137268,-4.999999966940284,4.999999990278488,-4.999999998950593,4.999999997990818,-4.999999837434982
99.0,273.0,129.88369750976562,4.999998616214041,-4.999999991523842,4.999999366109704,4.999999970762889,4.999999771127303,-4.999999910841129,4.999999994452367,-4.999999833078548,4.9999996812358765,-4.99999997513447
99.0,273.0,129.88369750976562,4.999999325360284,-4.999999999795323,4.999999966222046,4.999999806679261,4.999999988963234,-4.999999477304353,4.999999997872225,-4.999999788228831,4.999999933757616,-4.999999938925822
99.0,273.0,129.88369750976562,4.999999043189739,-4.999999989710178,4.999999744927569,4.9999999542146,4.999999990192108,-4.999999519371047,4.999999998849224,-4.9999998180231575,4.999999975233592,-4.999999786528934
99.0,273.0,129.88369750976562,4.999995284099716,-4.999999993854802,4.999999176089284,4.999999887744916,4.999999984064953,-4.999999317150085,4.999999996228367,-4.9999998637642,4.999999826946553,-4.999999779491851
99.0,273.0,129.88369750976562,4.999999650356557,-4.999999999825788,4.999999466478899,4.999999842161449,4.999999995023709,-4.9999989375958975,4.999999998979735,-4.999999773308298,4.999999926652253,-4.999999976505348
99.0,273.0,129.88369750976562,4.999995840834285,-4.999999816936498,4.999999502284775,4.999999780348846,4.999999984336632,-4.9999993143547865,4.999999992522435,-4.9999998901283496,4.999999935636334,-4.999999969487007
99.0,273.0,129.88369750976562,4.99999995878383,-4.999999975442021,4.999999528086171,4.999999993221739,4.9999998901326,-4.999998969205199,4.999999989053324,-4.999999946368952,4.999999926203617,-4.999999812117926
99.0,273.0,129.88369750976562,4.999999806049937,-4.999999251199697,4.999998947196251,4.9999999610175125,4.999999637242654,-4.99999973815471,4.999999991502106,-4.999999986226478,4.999999970591272,-4.99999981513269
99.0,273.0,129.88369750976562,4.999996817192532,-4.9999999961486825,4.999999886712574,4.999999993677881,4.999999951972019,-4.99999999214729,4.999999993168378,-4.999999754364145,4.999999768412532,-4.9999999571282
99.0,273.0,129.88369750976562,4.999998606453361,-4.999999967097521,4.999999321861807,4.999999962717195,4.999999947661522,-4.999999789263498,4.99999999208419,-4.999999906501496,4.999999778015517,-4.999999847692139
99.0,273.0,129.88369750976562,4.99999794567742,-4.999999745982114,4.9999981791936365,4.999999999930876,4.999999822470288,-4.999999697272686,4.999999994796385,-4.999999977415241,4.999999891457886,-4.999999805100348
99.0,273.0,129.88369750976562,4.999999680862515,-4.99999997561649,4.999999202349345,4.99999999429044,4.999999927730237,-4.999999920520677,4.999999988940113,-4.999999994608891,4.999999782866002,-4.999999903689904
99.0,273.0,129.88369750976562,4.999999183012706,-4.999999974235221,4.999999463986834,4.999999327473602,4.999999783544061,-4.99999915025275,4.999999987185736,-4.999999867604896,4.999999818737461,-4.999999985414883
99.0,273.0,129.88369750976562,4.9999999314070624,-4.999999977164306,4.99999969515634,4.999999991326789,4.999999940856364,-4.999998869351892,4.999999987627247,-4.999999945700272,4.999999971660626,-4.999999810219067
99.0,273.0,129.88369750976562,4.999996823954189,-4.999999916628447,4.99999902821954,4.999999998910966,4.999999996940279,-4.999999999803713,4.999999991662074,-4.999999960427447,4.9999998946986,-4.999999935633479
99.0,273.0,129.88369750976562,4.999994036822713,-4.999999982175494,4.999999763997581,4.999999791426465,4.999999979222971,-4.999999826978064,4.999999954970688,-4.999999902171339,4.999999878648276,-4.999999856302477
99.0,273.0,129.88369750976562,4.999999715336943,-4.999999966281545,4.999999382106655,4.999999339237378,4.999999996543513,-4.999999155092524,4.999999984429609,-4.999999948370068,4.999999869552524,-4.999999787907971
99.0,273.0,129.88369750976562,4.999999887249757,-4.999999998812916,4.999999435001985,4.999999729158584,4.999999771087743,-4.999999963759121,4.999999998608711,-4.999999830162187,4.999999995460857,-4.999999986039774
99.0,273.0,129.88369750976562,4.999997848523721,-4.999999984595642,4.999999999909912,4.99999967851701,4.999999771944335,-4.999999712500664,4.999999992428423,-4.999999855416005,4.999999988648389,-4.999999984603841
99.0,273.0,129.88369750976562,4.999999311338192,-4.99999968556676,4.999999999516432,4.999999920861966,4.999999834066658,-4.999999875062828,4.999999987501207,-4.999999934149787,4.99999999438496,-4.999999715451437
99.0,273.0,129.88369750976562,4.999999332606898,-4.99999987921171,4.999997672003195,4.999999999130307,4.999999987068961,-4.999999391400978,4.999999881618264,-4.999999962461375,4.999999960683903,-4.9999998330569415
99.0,273.0,129.88369750976562,4.999998997692642,-4.99999960768909,4.99999923965388,4.999999354472283,4.999999809071095,-4.99999928648632,4.999999981284434,-4.999999990135484,4.999999895486772,-4.9999997821949975
99.0,273.0,129.88369750976562,4.999997794613169,-4.999999994968411,4.999999700250042,4.999999807635453,4.999999872574834,-4.999999711134512,4.9999999916002125,-4.999999831741189,4.999999772149894,-4.999999971336751
99.0,273.0,129.88369750976562,4.999999416961559,-4.9999998192065975,4.9999998301616175,4.99999977527742,4.999999992096949,-4.999999163404482,4.999999997241344,-4.999999847567556,4.999999974221716,-4.999999952970255
99.0,273.0,129.88369750976562,4.999999981170396,-4.9999997823737,4.999998498843815,4.999999843951444,4.999999897326526,-4.999998894442202,4.999999998208035,-4.999999895942649,4.9999999691314665,-4.9999998934854055
99.0,273.0,129.88369750976562,4.999999741173489,-4.999999993582172,4.999999999451509,4.999999892613308,4.999999997414791,-4.999999237409626,4.999999987170426,-4.9999999152004815,4.9999999808456685,-4.999999794400818
99.0,273.0,129.88369750976562,4.999999345207459,-4.999999993722049,4.9999998700453006,4.999999989117844,4.999999027698371,-4.9999999701882585,4.999999998324208,-4.999999646864791,4.999999830820786,-4.999999787047818
99.0,273.0,129.88369750976562,4.9999986757860615,-4.999999999218806,4.999999878323842,4.999999327811468,4.999999362974338,-4.999999281227645,4.999999830737515,-4.999999908132855,4.99999992338825,-4.999999994948498
99.0,273.0,129.88369750976562,4.999999449943063,-4.999999303802615,4.99999999952307,4.99999808374537,4.999999732397546,-4.999999900600439,4.999999995394439,-4.999999632403084,4.999999983514357,-4.999999837905348
99.0,273.0,129.88369750976562,4.999998496912111,-4.999999989891806,4.999999909341342,4.999999344437173,4.999999434147933,-4.999999909920462,4.999999992076868,-4.999999998754437,4.999999997221336,-4.999999831367987
99.0,273.0,129.88369750976562,4.999999010610915,-4.999999621339404,4.999999548326307,4.999999631160248,4.999999809506734,-4.999999327644871,4.999999982654843,-4.9999999999303935,4.999999951133344,-4.999999785441421
99.0,273.0,129.88369750976562,4.99999853932028,-4.99999999573994,4.999999823329526,4.999999616104926,4.999999985074468,-4.99999924243606,4.999999978140074,-4.999999998223117,4.99999984008117,-4.99999979377997
99.0,273.0,129.88369750976562,4.999999802626299,-4.99999962849201,4.999999556263097,4.999999608950152,4.999999772831954,-4.999999963725715,4.999999990420739,-4.999999999110986,4.999999999947836,-4.99999993693096
99.0,273.0,129.88369750976562,4.999999749665182,-4.99999996553812,4.999999998129521,4.999999986834452,4.9999999847226615,-4.999999424088628,4.99999998628288,-4.999999948152202,4.99999997081034,-4.999999862543062
99.0,273.0,129.88369750976562,4.999999961330736,-4.999999986262006,4.9999990000301375,4.999999991826343,4.999999989788966,-4.999998795645917,4.999999996349182,-4.999999904308723,4.999999980174233,-4.99999979061049
99.0,273.0,129.88369750976562,4.99999913198806,-4.999999236368906,4.999998539167445,4.999999994468097,4.999999623536006,-4.999999991689277,4.999999990784682,-4.999999999393535,4.9999999524299525,-4.999999802885343
99.0,273.0,129.88369750976562,4.999999707353453,-4.99999999068575,4.99999999888026,4.999999572208655,4.999999987071203,-4.999999514843929,4.99999998784261,-4.999999829391609,4.999999978103313,-4.999999862609295
99.0,273.0,129.88369750976562,4.99999818940679,-4.999999985169978,4.999999089173883,4.999999964357452,4.999999974671473,-4.999999821271656,4.999999981755144,-4.9999999031447455,4.999999730325605,-4.99999981956244
99.0,273.0,129.88369750976562,4.999996143607362,-4.999999953553816,4.999998824072994,4.999999963998286,4.999999998480842,-4.999999728901685,4.99999999707503,-4.999999915862702,4.999999785396371,-4.9999998143112885
99.0,273.0,129.88369750976562,4.99999747882021,-4.999999561244506,4.999997951442406,4.999999997257871,4.999999756577654,-4.9999999058399,4.9999999916249775,-4.999999999632848,4.99999985337096,-4.999999791088314
99.0,273.0,129.88369750976562,4.999999438487697,-4.999999796627321,4.999999776709867,4.999999687578283,4.999999902695179,-4.999999504039164,4.999999991377257,-4.999999881208799,4.999999989253658,-4.999999787880507
99.0,273.0,129.88369750976562,4.999997723464944,-4.999999914316026,4.999998346539417,4.999999997561368,4.999999906517921,-4.999999996434336,4.999999992304069,-4.999999999784648,4.999999851110273,-4.999999944636614
99.0,273.0,129.88369750976562,4.999999082999102,-4.999999998575135,4.999999923411387,4.999999616023865,4.999999562933701,-4.999999263798827,4.999999828449685,-4.99999987583053,4.999999921970063,-4.999999975210635
99.0,273.0,129.88369750976562,4.999998420522251,-4.999999998042998,4.999999914079867,4.999999601719067,4.99999956633628,-4.99999972375463,4.999999830678156,-4.999999856231142,4.999999825147508,-4.999999993947171
99.0,273.0,129.88369750976562,4.9999936208055455,-4.999999990353143,4.999999536573551,4.999999928995921,4.99999999588025,-4.999999969590231,4.999999955324155,-4.999999914817687,4.999999773029205,-4.999999886208292
99.0,273.0,129.88369750976562,4.999999499487384,-4.9999999793994485,4.999999999002201,4.999999997605267,4.99999950880523,-4.999998865370355,4.999999980559231,-4.999999997051294,4.999999998987393,-4.999999895662702
99.0,273.0,129.88369750976562,4.999996699700624,-4.999999015401074,4.999999318968296,4.999999824358751,4.9999996573614105,-4.999999992908959,4.999999994666214,-4.999999999504531,4.999999995753315,-4.999999800510238
99.0,274.0,129.88369750976562,4.999998393049736,-4.9999999639205885,4.999999183393896,4.999999959514477,4.999999970001494,-4.999999744478762,4.999999985735578,-4.999999941534595,4.999999802560382,-4.999999769906124
99.0,274.0,129.88369750976562,4.999999951906325,-4.999998898814851,4.999999972812911,4.99999889734371,4.999999336994564,-4.999999972530881,4.999999999740183,-4.999999494778904,4.999999998780333,-4.999999984983752
99.0,274.0,129.88369750976562,4.999998675152282,-4.999999625946577,4.999999844447411,4.999999738929781,4.999999401137268,-4.999999966940284,4.999999990278488,-4.999999998950593,4.999999997990818,-4.999999837434982
99.0,274.0,129.88369750976562,4.999998616214041,-4.999999991523842,4.999999366109704,4.999999970762889,4.999999771127303,-4.999999910841129,4.999999994452367,-4.999999833078548,4.9999996812358765,-4.99999997513447
99.0,274.0,129.88369750976562,4.999999325360284,-4.999999999795323,4.999999966222046,4.999999806679261,4.999999988963234,-4.999999477304353,4.999999997872225,-4.999999788228831,4.999999933757616,-4.999999938925822
99.0,274.0,129.88369750976562,4.999999043189739,-4.999999989710178,4.999999744927569,4.9999999542146,4.999999990192108,-4.999999519371047,4.999999998849224,-4.9999998180231575,4.999999975233592,-4.999999786528934
99.0,274.0,129.88369750976562,4.999995284099716,-4.999999993854802,4.999999176089284,4.999999887744916,4.999999984064953,-4.999999317150085,4.999999996228367,-4.9999998637642,4.999999826946553,-4.999999779491851
99.0,274.0,129.88369750976562,4.999999650356557,-4.999999999825788,4.999999466478899,4.999999842161449,4.999999995023709,-4.9999989375958975,4.999999998979735,-4.999999773308298,4.999999926652253,-4.999999976505348
99.0,274.0,129.88369750976562,4.999995840834285,-4.999999816936498,4.999999502284775,4.999999780348846,4.999999984336632,-4.9999993143547865,4.999999992522435,-4.9999998901283496,4.999999935636334,-4.999999969487007
99.0,274.0,129.88369750976562,4.99999995878383,-4.999999975442021,4.999999528086171,4.999999993221739,4.9999998901326,-4.999998969205199,4.999999989053324,-4.999999946368952,4.999999926203617,-4.999999812117926
99.0,274.0,129.88369750976562,4.999999806049937,-4.999999251199697,4.999998947196251,4.9999999610175125,4.999999637242654,-4.99999973815471,4.999999991502106,-4.999999986226478,4.999999970591272,-4.99999981513269
99.0,274.0,129.88369750976562,4.999996817192532,-4.9999999961486825,4.999999886712574,4.999999993677881,4.999999951972019,-4.99999999214729,4.999999993168378,-4.999999754364145,4.999999768412532,-4.9999999571282
99.0,274.0,129.88369750976562,4.999998606453361,-4.999999967097521,4.999999321861807,4.999999962717195,4.999999947661522,-4.999999789263498,4.99999999208419,-4.999999906501496,4.999999778015517,-4.999999847692139
99.0,274.0,129.88369750976562,4.99999794567742,-4.999999745982114,4.9999981791936365,4.999999999930876,4.999999822470288,-4.999999697272686,4.999999994796385,-4.999999977415241,4.999999891457886,-4.999999805100348
99.0,274.0,129.88369750976562,4.999999680862515,-4.99999997561649,4.999999202349345,4.99999999429044,4.999999927730237,-4.999999920520677,4.999999988940113,-4.999999994608891,4.999999782866002,-4.999999903689904
99.0,274.0,129.88369750976562,4.999999183012706,-4.999999974235221,4.999999463986834,4.999999327473602,4.999999783544061,-4.99999915025275,4.999999987185736,-4.999999867604896,4.999999818737461,-4.999999985414883
99.0,274.0,129.88369750976562,4.9999999314070624,-4.999999977164306,4.99999969515634,4.999999991326789,4.999999940856364,-4.999998869351892,4.999999987627247,-4.999999945700272,4.999999971660626,-4.999999810219067
99.0,274.0,129.88369750976562,4.999996823954189,-4.999999916628447,4.99999902821954,4.999999998910966,4.999999996940279,-4.999999999803713,4.999999991662074,-4.999999960427447,4.9999998946986,-4.999999935633479
99.0,274.0,129.88369750976562,4.999994036822713,-4.999999982175494,4.999999763997581,4.999999791426465,4.999999979222971,-4.999999826978064,4.999999954970688,-4.999999902171339,4.999999878648276,-4.999999856302477
99.0,274.0,129.88369750976562,4.999999715336943,-4.999999966281545,4.999999382106655,4.999999339237378,4.999999996543513,-4.999999155092524,4.999999984429609,-4.999999948370068,4.999999869552524,-4.999999787907971
99.0,274.0,129.88369750976562,4.999999887249757,-4.999999998812916,4.999999435001985,4.999999729158584,4.999999771087743,-4.999999963759121,4.999999998608711,-4.999999830162187,4.999999995460857,-4.999999986039774
99.0,274.0,129.88369750976562,4.999997848523721,-4.999999984595642,4.999999999909912,4.99999967851701,4.999999771944335,-4.999999712500664,4.999999992428423,-4.999999855416005,4.999999988648389,-4.999999984603841
99.0,274.0,129.88369750976562,4.999999311338192,-4.99999968556676,4.999999999516432,4.999999920861966,4.999999834066658,-4.999999875062828,4.999999987501207,-4.999999934149787,4.99999999438496,-4.999999715451437
99.0,274.0,129.88369750976562,4.999999332606898,-4.99999987921171,4.999997672003195,4.999999999130307,4.999999987068961,-4.999999391400978,4.999999881618264,-4.999999962461375,4.999999960683903,-4.9999998330569415
99.0,274.0,129.88369750976562,4.999998997692642,-4.99999960768909,4.99999923965388,4.999999354472283,4.999999809071095,-4.99999928648632,4.999999981284434,-4.999999990135484,4.999999895486772,-4.9999997821949975
99.0,274.0,129.88369750976562,4.999997794613169,-4.999999994968411,4.999999700250042,4.999999807635453,4.999999872574834,-4.999999711134512,4.9999999916002125,-4.999999831741189,4.999999772149894,-4.999999971336751
99.0,274.0,129.88369750976562,4.999999416961559,-4.9999998192065975,4.9999998301616175,4.99999977527742,4.999999992096949,-4.999999163404482,4.999999997241344,-4.999999847567556,4.999999974221716,-4.999999952970255
99.0,274.0,129.88369750976562,4.999999981170396,-4.9999997823737,4.999998498843815,4.999999843951444,4.999999897326526,-4.999998894442202,4.999999998208035,-4.999999895942649,4.9999999691314665,-4.9999998934854055
99.0,274.0,129.88369750976562,4.999999741173489,-4.999999993582172,4.999999999451509,4.999999892613308,4.999999997414791,-4.999999237409626,4.999999987170426,-4.9999999152004815,4.9999999808456685,-4.999999794400818
99.0,274.0,129.88369750976562,4.999999345207459,-4.999999993722049,4.9999998700453006,4.999999989117844,4.999999027698371,-4.9999999701882585,4.999999998324208,-4.999999646864791,4.999999830820786,-4.999999787047818
99.0,274.0,129.88369750976562,4.9999986757860615,-4.999999999218806,4.999999878323842,4.999999327811468,4.999999362974338,-4.999999281227645,4.999999830737515,-4.999999908132855,4.99999992338825,-4.999999994948498
99.0,274.0,129.88369750976562,4.999999449943063,-4.999999303802615,4.99999999952307,4.99999808374537,4.999999732397546,-4.999999900600439,4.999999995394439,-4.999999632403084,4.999999983514357,-4.999999837905348
99.0,274.0,129.88369750976562,4.999998496912111,-4.999999989891806,4.999999909341342,4.999999344437173,4.999999434147933,-4.999999909920462,4.999999992076868,-4.999999998754437,4.999999997221336,-4.999999831367987
99.0,274.0,129.88369750976562,4.999999010610915,-4.999999621339404,4.999999548326307,4.999999631160248,4.999999809506734,-4.999999327644871,4.999999982654843,-4.9999999999303935,4.999999951133344,-4.999999785441421
99.0,274.0,129.88369750976562,4.99999853932028,-4.99999999573994,4.999999823329526,4.999999616104926,4.999999985074468,-4.99999924243606,4.999999978140074,-4.999999998223117,4.99999984008117,-4.99999979377997
99.0,274.0,129.88369750976562,4.999999802626299,-4.99999962849201,4.999999556263097,4.999999608950152,4.999999772831954,-4.999999963725715,4.999999990420739,-4.999999999110986,4.999999999947836,-4.99999993693096
99.0,274.0,129.88369750976562,4.999999749665182,-4.99999996553812,4.999999998129521,4.999999986834452,4.9999999847226615,-4.999999424088628,4.99999998628288,-4.999999948152202,4.99999997081034,-4.999999862543062
99.0,274.0,129.88369750976562,4.999999961330736,-4.999999986262006,4.9999990000301375,4.999999991826343,4.999999989788966,-4.999998795645917,4.999999996349182,-4.999999904308723,4.999999980174233,-4.99999979061049
99.0,274.0,129.88369750976562,4.99999913198806,-4.999999236368906,4.999998539167445,4.999999994468097,4.999999623536006,-4.999999991689277,4.999999990784682,-4.999999999393535,4.9999999524299525,-4.999999802885343
99.0,274.0,129.88369750976562,4.999999707353453,-4.99999999068575,4.99999999888026,4.999999572208655,4.999999987071203,-4.999999514843929,4.99999998784261,-4.999999829391609,4.999999978103313,-4.999999862609295
99.0,274.0,129.88369750976562,4.99999818940679,-4.999999985169978,4.999999089173883,4.999999964357452,4.999999974671473,-4.999999821271656,4.999999981755144,-4.9999999031447455,4.999999730325605,-4.99999981956244
99.0,274.0,129.88369750976562,4.999996143607362,-4.999999953553816,4.999998824072994,4.999999963998286,4.999999998480842,-4.999999728901685,4.99999999707503,-4.999999915862702,4.999999785396371,-4.9999998143112885
99.0,274.0,129.88369750976562,4.99999747882021,-4.999999561244506,4.999997951442406,4.999999997257871,4.999999756577654,-4.9999999058399,4.9999999916249775,-4.999999999632848,4.99999985337096,-4.999999791088314
99.0,274.0,129.88369750976562,4.999999438487697,-4.999999796627321,4.999999776709867,4.999999687578283,4.999999902695179,-4.999999504039164,4.999999991377257,-4.999999881208799,4.999999989253658,-4.999999787880507
99.0,274.0,129.88369750976562,4.999997723464944,-4.999999914316026,4.999998346539417,4.999999997561368,4.999999906517921,-4.999999996434336,4.999999992304069,-4.999999999784648,4.999999851110273,-4.999999944636614
99.0,274.0,129.88369750976562,4.999999082999102,-4.999999998575135,4.999999923411387,4.999999616023865,4.999999562933701,-4.999999263798827,4.999999828449685,-4.99999987583053,4.999999921970063,-4.999999975210635
99.0,274.0,129.88369750976562,4.999998420522251,-4.999999998042998,4.999999914079867,4.999999601719067,4.99999956633628,-4.99999972375463,4.999999830678156,-4.999999856231142,4.999999825147508,-4.999999993947171
99.0,274.0,129.88369750976562,4.9999936208055455,-4.999999990353143,4.999999536573551,4.999999928995921,4.99999999588025,-4.999999969590231,4.999999955324155,-4.999999914817687,4.999999773029205,-4.999999886208292
99.0,274.0,129.88369750976562,4.999999499487384,-4.9999999793994485,4.999999999002201,4.999999997605267,4.99999950880523,-4.999998865370355,4.999999980559231,-4.999999997051294,4.999999998987393,-4.999999895662702
99.0,274.0,129.88369750976562,4.999996699700624,-4.999999015401074,4.999999318968296,4.999999824358751,4.9999996573614105,-4.999999992908959,4.999999994666214,-4.999999999504531,4.999999995753315,-4.999999800510238
99.0,275.0,129.88369750976562,4.999998393049736,-4.9999999639205885,4.999999183393896,4.999999959514477,4.999999970001494,-4.999999744478762,4.999999985735578,-4.999999941534595,4.999999802560382,-4.999999769906124
99.0,275.0,129.88369750976562,4.999999951906325,-4.999998898814851,4.999999972812911,4.99999889734371,4.999999336994564,-4.999999972530881,4.999999999740183,-4.999999494778904,4.999999998780333,-4.999999984983752
99.0,275.0,129.88369750976562,4.999998675152282,-4.999999625946577,4.999999844447411,4.999999738929781,4.999999401137268,-4.999999966940284,4.999999990278488,-4.999999998950593,4.999999997990818,-4.999999837434982
99.0,275.0,129.88369750976562,4.999998616214041,-4.999999991523842,4.999999366109704,4.999999970762889,4.999999771127303,-4.999999910841129,4.999999994452367,-4.999999833078548,4.9999996812358765,-4.99999997513447
99.0,275.0,129.88369750976562,4.999999325360284,-4.999999999795323,4.999999966222046,4.999999806679261,4.999999988963234,-4.999999477304353,4.999999997872225,-4.999999788228831,4.999999933757616,-4.999999938925822
99.0,275.0,129.88369750976562,4.999999043189739,-4.999999989710178,4.999999744927569,4.9999999542146,4.999999990192108,-4.999999519371047,4.999999998849224,-4.9999998180231575,4.999999975233592,-4.999999786528934
99.0,275.0,129.88369750976562,4.999995284099716,-4.999999993854802,4.999999176089284,4.999999887744916,4.999999984064953,-4.999999317150085,4.999999996228367,-4.9999998637642,4.999999826946553,-4.999999779491851
99.0,275.0,129.88369750976562,4.999999650356557,-4.999999999825788,4.999999466478899,4.999999842161449,4.999999995023709,-4.9999989375958975,4.999999998979735,-4.999999773308298,4.999999926652253,-4.999999976505348
99.0,275.0,129.88369750976562,4.999995840834285,-4.999999816936498,4.999999502284775,4.999999780348846,4.999999984336632,-4.9999993143547865,4.999999992522435,-4.9999998901283496,4.999999935636334,-4.999999969487007
99.0,275.0,129.88369750976562,4.99999995878383,-4.999999975442021,4.999999528086171,4.999999993221739,4.9999998901326,-4.999998969205199,4.999999989053324,-4.999999946368952,4.999999926203617,-4.999999812117926
99.0,275.0,129.88369750976562,4.999999806049937,-4.999999251199697,4.999998947196251,4.9999999610175125,4.999999637242654,-4.99999973815471,4.999999991502106,-4.999999986226478,4.999999970591272,-4.99999981513269
99.0,275.0,129.88369750976562,4.999996817192532,-4.9999999961486825,4.999999886712574,4.999999993677881,4.999999951972019,-4.99999999214729,4.999999993168378,-4.999999754364145,4.999999768412532,-4.9999999571282
99.0,275.0,129.88369750976562,4.999998606453361,-4.999999967097521,4.999999321861807,4.999999962717195,4.999999947661522,-4.999999789263498,4.99999999208419,-4.999999906501496,4.999999778015517,-4.999999847692139
99.0,275.0,129.88369750976562,4.99999794567742,-4.999999745982114,4.9999981791936365,4.999999999930876,4.999999822470288,-4.999999697272686,4.999999994796385,-4.999999977415241,4.999999891457886,-4.999999805100348
99.0,275.0,129.88369750976562,4.999999680862515,-4.99999997561649,4.999999202349345,4.99999999429044,4.999999927730237,-4.999999920520677,4.999999988940113,-4.999999994608891,4.999999782866002,-4.999999903689904
99.0,275.0,129.88369750976562,4.999999183012706,-4.999999974235221,4.999999463986834,4.999999327473602,4.999999783544061,-4.99999915025275,4.999999987185736,-4.999999867604896,4.999999818737461,-4.999999985414883
99.0,275.0,129.88369750976562,4.9999999314070624,-4.999999977164306,4.99999969515634,4.999999991326789,4.999999940856364,-4.999998869351892,4.999999987627247,-4.999999945700272,4.999999971660626,-4.999999810219067
99.0,275.0,129.88369750976562,4.999996823954189,-4.999999916628447,4.99999902821954,4.999999998910966,4.999999996940279,-4.999999999803713,4.999999991662074,-4.999999960427447,4.9999998946986,-4.999999935633479
99.0,275.0,129.88369750976562,4.999994036822713,-4.999999982175494,4.999999763997581,4.999999791426465,4.999999979222971,-4.999999826978064,4.999999954970688,-4.999999902171339,4.999999878648276,-4.999999856302477
99.0,275.0,129.88369750976562,4.999999715336943,-4.999999966281545,4.999999382106655,4.999999339237378,4.999999996543513,-4.999999155092524,4.999999984429609,-4.999999948370068,4.999999869552524,-4.999999787907971
99.0,275.0,129.88369750976562,4.999999887249757,-4.999999998812916,4.999999435001985,4.999999729158584,4.999999771087743,-4.999999963759121,4.999999998608711,-4.999999830162187,4.999999995460857,-4.999999986039774
99.0,275.0,129.88369750976562,4.999997848523721,-4.999999984595642,4.999999999909912,4.99999967851701,4.999999771944335,-4.999999712500664,4.999999992428423,-4.999999855416005,4.999999988648389,-4.999999984603841
99.0,275.0,129.88369750976562,4.999999311338192,-4.99999968556676,4.999999999516432,4.999999920861966,4.999999834066658,-4.999999875062828,4.999999987501207,-4.999999934149787,4.99999999438496,-4.999999715451437
99.0,275.0,129.88369750976562,4.999999332606898,-4.99999987921171,4.999997672003195,4.999999999130307,4.999999987068961,-4.999999391400978,4.999999881618264,-4.999999962461375,4.999999960683903,-4.9999998330569415
99.0,275.0,129.88369750976562,4.999998997692642,-4.99999960768909,4.99999923965388,4.999999354472283,4.999999809071095,-4.99999928648632,4.999999981284434,-4.999999990135484,4.999999895486772,-4.9999997821949975
99.0,275.0,129.88369750976562,4.999997794613169,-4.999999994968411,4.999999700250042,4.999999807635453,4.999999872574834,-4.999999711134512,4.9999999916002125,-4.999999831741189,4.999999772149894,-4.999999971336751
99.0,275.0,129.88369750976562,4.999999416961559,-4.9999998192065975,4.9999998301616175,4.99999977527742,4.999999992096949,-4.999999163404482,4.999999997241344,-4.999999847567556,4.999999974221716,-4.999999952970255
99.0,275.0,129.88369750976562,4.999999981170396,-4.9999997823737,4.999998498843815,4.999999843951444,4.999999897326526,-4.999998894442202,4.999999998208035,-4.999999895942649,4.9999999691314665,-4.9999998934854055
99.0,275.0,129.88369750976562,4.999999741173489,-4.999999993582172,4.999999999451509,4.999999892613308,4.999999997414791,-4.999999237409626,4.999999987170426,-4.9999999152004815,4.9999999808456685,-4.999999794400818
99.0,275.0,129.88369750976562,4.999999345207459,-4.999999993722049,4.9999998700453006,4.999999989117844,4.999999027698371,-4.9999999701882585,4.999999998324208,-4.999999646864791,4.999999830820786,-4.999999787047818
99.0,275.0,129.88369750976562,4.9999986757860615,-4.999999999218806,4.999999878323842,4.999999327811468,4.999999362974338,-4.999999281227645,4.999999830737515,-4.999999908132855,4.99999992338825,-4.999999994948498
99.0,275.0,129.88369750976562,4.999999449943063,-4.999999303802615,4.99999999952307,4.99999808374537,4.999999732397546,-4.999999900600439,4.999999995394439,-4.999999632403084,4.999999983514357,-4.999999837905348
99.0,275.0,129.88369750976562,4.999998496912111,-4.999999989891806,4.999999909341342,4.999999344437173,4.999999434147933,-4.999999909920462,4.999999992076868,-4.999999998754437,4.999999997221336,-4.999999831367987
99.0,275.0,129.88369750976562,4.999999010610915,-4.999999621339404,4.999999548326307,4.999999631160248,4.999999809506734,-4.999999327644871,4.999999982654843,-4.9999999999303935,4.999999951133344,-4.999999785441421
99.0,275.0,129.88369750976562,4.99999853932028,-4.99999999573994,4.999999823329526,4.999999616104926,4.999999985074468,-4.99999924243606,4.999999978140074,-4.999999998223117,4.99999984008117,-4.99999979377997
99.0,275.0,129.88369750976562,4.999999802626299,-4.99999962849201,4.999999556263097,4.999999608950152,4.999999772831954,-4.999999963725715,4.999999990420739,-4.999999999110986,4.999999999947836,-4.99999993693096
99.0,275.0,129.88369750976562,4.999999749665182,-4.99999996553812,4.999999998129521,4.999999986834452,4.9999999847226615,-4.999999424088628,4.99999998628288,-4.999999948152202,4.99999997081034,-4.999999862543062
99.0,275.0,129.88369750976562,4.999999961330736,-4.999999986262006,4.9999990000301375,4.999999991826343,4.999999989788966,-4.999998795645917,4.999999996349182,-4.999999904308723,4.999999980174233,-4.99999979061049
99.0,275.0,129.88369750976562,4.99999913198806,-4.999999236368906,4.999998539167445,4.999999994468097,4.999999623536006,-4.999999991689277,4.999999990784682,-4.999999999393535,4.9999999524299525,-4.999999802885343
99.0,275.0,129.88369750976562,4.999999707353453,-4.99999999068575,4.99999999888026,4.999999572208655,4.999999987071203,-4.999999514843929,4.99999998784261,-4.999999829391609,4.999999978103313,-4.999999862609295
99.0,275.0,129.88369750976562,4.99999818940679,-4.999999985169978,4.999999089173883,4.999999964357452,4.999999974671473,-4.999999821271656,4.999999981755144,-4.9999999031447455,4.999999730325605,-4.99999981956244
99.0,275.0,129.88369750976562,4.999996143607362,-4.999999953553816,4.999998824072994,4.999999963998286,4.999999998480842,-4.999999728901685,4.99999999707503,-4.999999915862702,4.999999785396371,-4.9999998143112885
99.0,275.0,129.88369750976562,4.99999747882021,-4.999999561244506,4.999997951442406,4.999999997257871,4.999999756577654,-4.9999999058399,4.9999999916249775,-4.999999999632848,4.99999985337096,-4.999999791088314
99.0,275.0,129.88369750976562,4.999999438487697,-4.999999796627321,4.999999776709867,4.999999687578283,4.999999902695179,-4.999999504039164,4.999999991377257,-4.999999881208799,4.999999989253658,-4.999999787880507
99.0,275.0,129.88369750976562,4.999997723464944,-4.999999914316026,4.999998346539417,4.999999997561368,4.999999906517921,-4.999999996434336,4.999999992304069,-4.999999999784648,4.999999851110273,-4.999999944636614
99.0,275.0,129.88369750976562,4.999999082999102,-4.999999998575135,4.999999923411387,4.999999616023865,4.999999562933701,-4.999999263798827,4.999999828449685,-4.99999987583053,4.999999921970063,-4.999999975210635
99.0,275.0,129.88369750976562,4.999998420522251,-4.999999998042998,4.999999914079867,4.999999601719067,4.99999956633628,-4.99999972375463,4.999999830678156,-4.999999856231142,4.999999825147508,-4.999999993947171
99.0,275.0,129.88369750976562,4.9999936208055455,-4.999999990353143,4.999999536573551,4.999999928995921,4.99999999588025,-4.999999969590231,4.999999955324155,-4.999999914817687,4.999999773029205,-4.999999886208292
99.0,275.0,129.88369750976562,4.999999499487384,-4.9999999793994485,4.999999999002201,4.999999997605267,4.99999950880523,-4.999998865370355,4.999999980559231,-4.999999997051294,4.999999998987393,-4.999999895662702
99.0,275.0,129.88369750976562,4.999996699700624,-4.999999015401074,4.999999318968296,4.999999824358751,4.9999996573614105,-4.999999992908959,4.999999994666214,-4.999999999504531,4.999999995753315,-4.999999800510238
99.0,276.0,129.88369750976562,4.999998393049736,-4.9999999639205885,4.999999183393896,4.999999959514477,4.999999970001494,-4.999999744478762,4.999999985735578,-4.999999941534595,4.999999802560382,-4.999999769906124
99.0,276.0,129.88369750976562,4.999999951906325,-4.999998898814851,4.999999972812911,4.99999889734371,4.999999336994564,-4.999999972530881,4.999999999740183,-4.999999494778904,4.999999998780333,-4.999999984983752
99.0,276.0,129.88369750976562,4.999998675152282,-4.999999625946577,4.999999844447411,4.999999738929781,4.999999401137268,-4.999999966940284,4.999999990278488,-4.999999998950593,4.999999997990818,-4.999999837434982
99.0,276.0,129.88369750976562,4.999998616214041,-4.999999991523842,4.999999366109704,4.999999970762889,4.999999771127303,-4.999999910841129,4.999999994452367,-4.999999833078548,4.9999996812358765,-4.99999997513447
99.0,276.0,129.88369750976562,4.999999325360284,-4.999999999795323,4.999999966222046,4.999999806679261,4.999999988963234,-4.999999477304353,4.999999997872225,-4.999999788228831,4.999999933757616,-4.999999938925822
99.0,276.0,129.88369750976562,4.999999043189739,-4.999999989710178,4.999999744927569,4.9999999542146,4.999999990192108,-4.999999519371047,4.999999998849224,-4.9999998180231575,4.999999975233592,-4.999999786528934
99.0,276.0,129.88369750976562,4.999995284099716,-4.999999993854802,4.999999176089284,4.999999887744916,4.999999984064953,-4.999999317150085,4.999999996228367,-4.9999998637642,4.999999826946553,-4.999999779491851
99.0,276.0,129.88369750976562,4.999999650356557,-4.999999999825788,4.999999466478899,4.999999842161449,4.999999995023709,-4.9999989375958975,4.999999998979735,-4.999999773308298,4.999999926652253,-4.999999976505348
99.0,276.0,129.88369750976562,4.999995840834285,-4.999999816936498,4.999999502284775,4.999999780348846,4.999999984336632,-4.9999993143547865,4.999999992522435,-4.9999998901283496,4.999999935636334,-4.999999969487007
99.0,276.0,129.88369750976562,4.99999995878383,-4.999999975442021,4.999999528086171,4.999999993221739,4.9999998901326,-4.999998969205199,4.999999989053324,-4.999999946368952,4.999999926203617,-4.999999812117926
99.0,276.0,129.88369750976562,4.999999806049937,-4.999999251199697,4.999998947196251,4.9999999610175125,4.999999637242654,-4.99999973815471,4.999999991502106,-4.999999986226478,4.999999970591272,-4.99999981513269
99.0,276.0,129.88369750976562,4.999996817192532,-4.9999999961486825,4.999999886712574,4.999999993677881,4.999999951972019,-4.99999999214729,4.999999993168378,-4.999999754364145,4.999999768412532,-4.9999999571282
99.0,276.0,129.88369750976562,4.999998606453361,-4.999999967097521,4.999999321861807,4.999999962717195,4.999999947661522,-4.999999789263498,4.99999999208419,-4.999999906501496,4.999999778015517,-4.999999847692139
99.0,276.0,129.88369750976562,4.99999794567742,-4.999999745982114,4.9999981791936365,4.999999999930876,4.999999822470288,-4.999999697272686,4.999999994796385,-4.999999977415241,4.999999891457886,-4.999999805100348
99.0,276.0,129.88369750976562,4.999999680862515,-4.99999997561649,4.999999202349345,4.99999999429044,4.999999927730237,-4.999999920520677,4.999999988940113,-4.999999994608891,4.999999782866002,-4.999999903689904
99.0,276.0,129.88369750976562,4.999999183012706,-4.999999974235221,4.999999463986834,4.999999327473602,4.999999783544061,-4.99999915025275,4.999999987185736,-4.999999867604896,4.999999818737461,-4.999999985414883
99.0,276.0,129.88369750976562,4.9999999314070624,-4.999999977164306,4.99999969515634,4.999999991326789,4.999999940856364,-4.999998869351892,4.999999987627247,-4.999999945700272,4.999999971660626,-4.999999810219067
99.0,276.0,129.88369750976562,4.999996823954189,-4.999999916628447,4.99999902821954,4.999999998910966,4.999999996940279,-4.999999999803713,4.999999991662074,-4.999999960427447,4.9999998946986,-4.999999935633479
99.0,276.0,129.88369750976562,4.999994036822713,-4.999999982175494,4.999999763997581,4.999999791426465,4.999999979222971,-4.999999826978064,4.999999954970688,-4.999999902171339,4.999999878648276,-4.999999856302477
99.0,276.0,129.88369750976562,4.999999715336943,-4.999999966281545,4.999999382106655,4.999999339237378,4.999999996543513,-4.999999155092524,4.999999984429609,-4.999999948370068,4.999999869552524,-4.999999787907971
99.0,276.0,129.88369750976562,4.999999887249757,-4.999999998812916,4.999999435001985,4.999999729158584,4.999999771087743,-4.999999963759121,4.999999998608711,-4.999999830162187,4.999999995460857,-4.999999986039774
99.0,276.0,129.88369750976562,4.999997848523721,-4.999999984595642,4.999999999909912,4.99999967851701,4.999999771944335,-4.999999712500664,4.999999992428423,-4.999999855416005,4.999999988648389,-4.999999984603841
99.0,276.0,129.88369750976562,4.999999311338192,-4.99999968556676,4.999999999516432,4.999999920861966,4.999999834066658,-4.999999875062828,4.999999987501207,-4.999999934149787,4.99999999438496,-4.999999715451437
99.0,276.0,129.88369750976562,4.999999332606898,-4.99999987921171,4.999997672003195,4.999999999130307,4.999999987068961,-4.999999391400978,4.999999881618264,-4.999999962461375,4.999999960683903,-4.9999998330569415
99.0,276.0,129.88369750976562,4.999998997692642,-4.99999960768909,4.99999923965388,4.999999354472283,4.999999809071095,-4.99999928648632,4.999999981284434,-4.999999990135484,4.999999895486772,-4.9999997821949975
99.0,276.0,129.88369750976562,4.999997794613169,-4.999999994968411,4.999999700250042,4.999999807635453,4.999999872574834,-4.999999711134512,4.9999999916002125,-4.999999831741189,4.999999772149894,-4.999999971336751
99.0,276.0,129.88369750976562,4.999999416961559,-4.9999998192065975,4.9999998301616175,4.99999977527742,4.999999992096949,-4.999999163404482,4.999999997241344,-4.999999847567556,4.999999974221716,-4.999999952970255
99.0,276.0,129.88369750976562,4.999999981170396,-4.9999997823737,4.999998498843815,4.999999843951444,4.999999897326526,-4.999998894442202,4.999999998208035,-4.999999895942649,4.9999999691314665,-4.9999998934854055
99.0,276.0,129.88369750976562,4.999999741173489,-4.999999993582172,4.999999999451509,4.999999892613308,4.999999997414791,-4.999999237409626,4.999999987170426,-4.9999999152004815,4.9999999808456685,-4.999999794400818
99.0,276.0,129.88369750976562,4.999999345207459,-4.999999993722049,4.9999998700453006,4.999999989117844,4.999999027698371,-4.9999999701882585,4.999999998324208,-4.999999646864791,4.999999830820786,-4.999999787047818
99.0,276.0,129.88369750976562,4.9999986757860615,-4.999999999218806,4.999999878323842,4.999999327811468,4.999999362974338,-4.999999281227645,4.999999830737515,-4.999999908132855,4.99999992338825,-4.999999994948498
99.0,276.0,129.88369750976562,4.999999449943063,-4.999999303802615,4.99999999952307,4.99999808374537,4.999999732397546,-4.999999900600439,4.999999995394439,-4.999999632403084,4.999999983514357,-4.999999837905348
99.0,276.0,129.88369750976562,4.999998496912111,-4.999999989891806,4.999999909341342,4.999999344437173,4.999999434147933,-4.999999909920462,4.999999992076868,-4.999999998754437,4.999999997221336,-4.999999831367987
99.0,276.0,129.88369750976562,4.999999010610915,-4.999999621339404,4.999999548326307,4.999999631160248,4.999999809506734,-4.999999327644871,4.999999982654843,-4.9999999999303935,4.999999951133344,-4.999999785441421
99.0,276.0,129.88369750976562,4.99999853932028,-4.99999999573994,4.999999823329526,4.999999616104926,4.999999985074468,-4.99999924243606,4.999999978140074,-4.999999998223117,4.99999984008117,-4.99999979377997
99.0,276.0,129.88369750976562,4.999999802626299,-4.99999962849201,4.999999556263097,4.999999608950152,4.999999772831954,-4.999999963725715,4.999999990420739,-4.999999999110986,4.999999999947836,-4.99999993693096
99.0,276.0,129.88369750976562,4.999999749665182,-4.99999996553812,4.999999998129521,4.999999986834452,4.9999999847226615,-4.999999424088628,4.99999998628288,-4.999999948152202,4.99999997081034,-4.999999862543062
99.0,276.0,129.88369750976562,4.999999961330736,-4.999999986262006,4.9999990000301375,4.999999991826343,4.999999989788966,-4.999998795645917,4.999999996349182,-4.999999904308723,4.999999980174233,-4.99999979061049
99.0,276.0,129.88369750976562,4.99999913198806,-4.999999236368906,4.999998539167445,4.999999994468097,4.999999623536006,-4.999999991689277,4.999999990784682,-4.999999999393535,4.9999999524299525,-4.999999802885343
99.0,276.0,129.88369750976562,4.999999707353453,-4.99999999068575,4.99999999888026,4.999999572208655,4.999999987071203,-4.999999514843929,4.99999998784261,-4.999999829391609,4.999999978103313,-4.999999862609295
99.0,276.0,129.88369750976562,4.99999818940679,-4.999999985169978,4.999999089173883,4.999999964357452,4.999999974671473,-4.999999821271656,4.999999981755144,-4.9999999031447455,4.999999730325605,-4.99999981956244
99.0,276.0,129.88369750976562,4.999996143607362,-4.999999953553816,4.999998824072994,4.999999963998286,4.999999998480842,-4.999999728901685,4.99999999707503,-4.999999915862702,4.999999785396371,-4.9999998143112885
99.0,276.0,129.88369750976562,4.99999747882021,-4.999999561244506,4.999997951442406,4.999999997257871,4.999999756577654,-4.9999999058399,4.9999999916249775,-4.999999999632848,4.99999985337096,-4.999999791088314
99.0,276.0,129.88369750976562,4.999999438487697,-4.999999796627321,4.999999776709867,4.999999687578283,4.999999902695179,-4.999999504039164,4.999999991377257,-4.999999881208799,4.999999989253658,-4.999999787880507
99.0,276.0,129.88369750976562,4.999997723464944,-4.999999914316026,4.999998346539417,4.999999997561368,4.999999906517921,-4.999999996434336,4.999999992304069,-4.999999999784648,4.999999851110273,-4.999999944636614
99.0,276.0,129.88369750976562,4.999999082999102,-4.999999998575135,4.999999923411387,4.999999616023865,4.999999562933701,-4.999999263798827,4.999999828449685,-4.99999987583053,4.999999921970063,-4.999999975210635
99.0,276.0,129.88369750976562,4.999998420522251,-4.999999998042998,4.999999914079867,4.999999601719067,4.99999956633628,-4.99999972375463,4.999999830678156,-4.999999856231142,4.999999825147508,-4.999999993947171
99.0,276.0,129.88369750976562,4.9999936208055455,-4.999999990353143,4.999999536573551,4.999999928995921,4.99999999588025,-4.999999969590231,4.999999955324155,-4.999999914817687,4.999999773029205,-4.999999886208292
99.0,276.0,129.88369750976562,4.999999499487384,-4.9999999793994485,4.999999999002201,4.999999997605267,4.99999950880523,-4.999998865370355,4.999999980559231,-4.999999997051294,4.999999998987393,-4.999999895662702
99.0,276.0,129.88369750976562,4.999996699700624,-4.999999015401074,4.999999318968296,4.999999824358751,4.9999996573614105,-4.999999992908959,4.999999994666214,-4.999999999504531,4.999999995753315,-4.999999800510238
99.0,277.0,129.88369750976562,4.999998393049736,-4.9999999639205885,4.999999183393896,4.999999959514477,4.999999970001494,-4.999999744478762,4.999999985735578,-4.999999941534595,4.999999802560382,-4.999999769906124
99.0,277.0,129.88369750976562,4.999999951906325,-4.999998898814851,4.999999972812911,4.99999889734371,4.999999336994564,-4.999999972530881,4.999999999740183,-4.999999494778904,4.999999998780333,-4.999999984983752
99.0,277.0,129.88369750976562,4.999998675152282,-4.999999625946577,4.999999844447411,4.999999738929781,4.999999401137268,-4.999999966940284,4.999999990278488,-4.999999998950593,4.999999997990818,-4.999999837434982
99.0,277.0,129.88369750976562,4.999998616214041,-4.999999991523842,4.999999366109704,4.999999970762889,4.999999771127303,-4.999999910841129,4.999999994452367,-4.999999833078548,4.9999996812358765,-4.99999997513447
99.0,277.0,129.88369750976562,4.999999325360284,-4.999999999795323,4.999999966222046,4.999999806679261,4.999999988963234,-4.999999477304353,4.999999997872225,-4.999999788228831,4.999999933757616,-4.999999938925822
99.0,277.0,129.88369750976562,4.999999043189739,-4.999999989710178,4.999999744927569,4.9999999542146,4.999999990192108,-4.999999519371047,4.999999998849224,-4.9999998180231575,4.999999975233592,-4.999999786528934
99.0,277.0,129.88369750976562,4.999995284099716,-4.999999993854802,4.999999176089284,4.999999887744916,4.999999984064953,-4.999999317150085,4.999999996228367,-4.9999998637642,4.999999826946553,-4.999999779491851
99.0,277.0,129.88369750976562,4.999999650356557,-4.999999999825788,4.999999466478899,4.999999842161449,4.999999995023709,-4.9999989375958975,4.999999998979735,-4.999999773308298,4.999999926652253,-4.999999976505348
99.0,277.0,129.88369750976562,4.999995840834285,-4.999999816936498,4.999999502284775,4.999999780348846,4.999999984336632,-4.9999993143547865,4.999999992522435,-4.9999998901283496,4.999999935636334,-4.999999969487007
99.0,277.0,129.88369750976562,4.99999995878383,-4.999999975442021,4.999999528086171,4.999999993221739,4.9999998901326,-4.999998969205199,4.999999989053324,-4.999999946368952,4.999999926203617,-4.999999812117926
99.0,277.0,129.88369750976562,4.999999806049937,-4.999999251199697,4.999998947196251,4.9999999610175125,4.999999637242654,-4.99999973815471,4.999999991502106,-4.999999986226478,4.999999970591272,-4.99999981513269
99.0,277.0,129.88369750976562,4.999996817192532,-4.9999999961486825,4.999999886712574,4.999999993677881,4.999999951972019,-4.99999999214729,4.999999993168378,-4.999999754364145,4.999999768412532,-4.9999999571282
99.0,277.0,129.88369750976562,4.999998606453361,-4.999999967097521,4.999999321861807,4.999999962717195,4.999999947661522,-4.999999789263498,4.99999999208419,-4.999999906501496,4.999999778015517,-4.999999847692139
99.0,277.0,129.88369750976562,4.99999794567742,-4.999999745982114,4.9999981791936365,4.999999999930876,4.999999822470288,-4.999999697272686,4.999999994796385,-4.999999977415241,4.999999891457886,-4.999999805100348
99.0,277.0,129.88369750976562,4.999999680862515,-4.99999997561649,4.999999202349345,4.99999999429044,4.999999927730237,-4.999999920520677,4.999999988940113,-4.999999994608891,4.999999782866002,-4.999999903689904
99.0,277.0,129.88369750976562,4.999999183012706,-4.999999974235221,4.999999463986834,4.999999327473602,4.999999783544061,-4.99999915025275,4.999999987185736,-4.999999867604896,4.999999818737461,-4.999999985414883
99.0,277.0,129.88369750976562,4.9999999314070624,-4.999999977164306,4.99999969515634,4.999999991326789,4.999999940856364,-4.999998869351892,4.999999987627247,-4.999999945700272,4.999999971660626,-4.999999810219067
99.0,277.0,129.88369750976562,4.999996823954189,-4.999999916628447,4.99999902821954,4.999999998910966,4.999999996940279,-4.999999999803713,4.999999991662074,-4.999999960427447,4.9999998946986,-4.999999935633479
99.0,277.0,129.88369750976562,4.999994036822713,-4.999999982175494,4.999999763997581,4.999999791426465,4.999999979222971,-4.999999826978064,4.999999954970688,-4.999999902171339,4.999999878648276,-4.999999856302477
99.0,277.0,129.88369750976562,4.999999715336943,-4.999999966281545,4.999999382106655,4.999999339237378,4.999999996543513,-4.999999155092524,4.999999984429609,-4.999999948370068,4.999999869552524,-4.999999787907971
99.0,277.0,129.88369750976562,4.999999887249757,-4.999999998812916,4.999999435001985,4.999999729158584,4.999999771087743,-4.999999963759121,4.999999998608711,-4.999999830162187,4.999999995460857,-4.999999986039774
99.0,277.0,129.88369750976562,4.999997848523721,-4.999999984595642,4.999999999909912,4.99999967851701,4.999999771944335,-4.999999712500664,4.999999992428423,-4.999999855416005,4.999999988648389,-4.999999984603841
99.0,277.0,129.88369750976562,4.999999311338192,-4.99999968556676,4.999999999516432,4.999999920861966,4.999999834066658,-4.999999875062828,4.999999987501207,-4.999999934149787,4.99999999438496,-4.999999715451437
99.0,277.0,129.88369750976562,4.999999332606898,-4.99999987921171,4.999997672003195,4.999999999130307,4.999999987068961,-4.999999391400978,4.999999881618264,-4.999999962461375,4.999999960683903,-4.9999998330569415
99.0,277.0,129.88369750976562,4.999998997692642,-4.99999960768909,4.99999923965388,4.999999354472283,4.999999809071095,-4.99999928648632,4.999999981284434,-4.999999990135484,4.999999895486772,-4.9999997821949975
99.0,277.0,129.88369750976562,4.999997794613169,-4.999999994968411,4.999999700250042,4.999999807635453,4.999999872574834,-4.999999711134512,4.9999999916002125,-4.999999831741189,4.999999772149894,-4.999999971336751
99.0,277.0,129.88369750976562,4.999999416961559,-4.9999998192065975,4.9999998301616175,4.99999977527742,4.999999992096949,-4.999999163404482,4.999999997241344,-4.999999847567556,4.999999974221716,-4.999999952970255
99.0,277.0,129.88369750976562,4.999999981170396,-4.9999997823737,4.999998498843815,4.999999843951444,4.999999897326526,-4.999998894442202,4.999999998208035,-4.999999895942649,4.9999999691314665,-4.9999998934854055
99.0,277.0,129.88369750976562,4.999999741173489,-4.999999993582172,4.999999999451509,4.999999892613308,4.999999997414791,-4.999999237409626,4.999999987170426,-4.9999999152004815,4.9999999808456685,-4.999999794400818
99.0,277.0,129.88369750976562,4.999999345207459,-4.999999993722049,4.9999998700453006,4.999999989117844,4.999999027698371,-4.9999999701882585,4.999999998324208,-4.999999646864791,4.999999830820786,-4.999999787047818
99.0,277.0,129.88369750976562,4.9999986757860615,-4.999999999218806,4.999999878323842,4.999999327811468,4.999999362974338,-4.999999281227645,4.999999830737515,-4.999999908132855,4.99999992338825,-4.999999994948498
99.0,277.0,129.88369750976562,4.999999449943063,-4.999999303802615,4.99999999952307,4.99999808374537,4.999999732397546,-4.999999900600439,4.999999995394439,-4.999999632403084,4.999999983514357,-4.999999837905348
99.0,277.0,129.88369750976562,4.999998496912111,-4.999999989891806,4.999999909341342,4.999999344437173,4.999999434147933,-4.999999909920462,4.999999992076868,-4.999999998754437,4.999999997221336,-4.999999831367987
99.0,277.0,129.88369750976562,4.999999010610915,-4.999999621339404,4.999999548326307,4.999999631160248,4.999999809506734,-4.999999327644871,4.999999982654843,-4.9999999999303935,4.999999951133344,-4.999999785441421
99.0,277.0,129.88369750976562,4.99999853932028,-4.99999999573994,4.999999823329526,4.999999616104926,4.999999985074468,-4.99999924243606,4.999999978140074,-4.999999998223117,4.99999984008117,-4.99999979377997
99.0,277.0,129.88369750976562,4.999999802626299,-4.99999962849201,4.999999556263097,4.999999608950152,4.999999772831954,-4.999999963725715,4.999999990420739,-4.999999999110986,4.999999999947836,-4.99999993693096
99.0,277.0,129.88369750976562,4.999999749665182,-4.99999996553812,4.999999998129521,4.999999986834452,4.9999999847226615,-4.999999424088628,4.99999998628288,-4.999999948152202,4.99999997081034,-4.999999862543062
99.0,277.0,129.88369750976562,4.999999961330736,-4.999999986262006,4.9999990000301375,4.999999991826343,4.999999989788966,-4.999998795645917,4.999999996349182,-4.999999904308723,4.999999980174233,-4.99999979061049
99.0,277.0,129.88369750976562,4.99999913198806,-4.999999236368906,4.999998539167445,4.999999994468097,4.999999623536006,-4.999999991689277,4.999999990784682,-4.999999999393535,4.9999999524299525,-4.999999802885343
99.0,277.0,129.88369750976562,4.999999707353453,-4.99999999068575,4.99999999888026,4.999999572208655,4.999999987071203,-4.999999514843929,4.99999998784261,-4.999999829391609,4.999999978103313,-4.999999862609295
99.0,277.0,129.88369750976562,4.99999818940679,-4.999999985169978,4.999999089173883,4.999999964357452,4.999999974671473,-4.999999821271656,4.999999981755144,-4.9999999031447455,4.999999730325605,-4.99999981956244
99.0,277.0,129.88369750976562,4.999996143607362,-4.999999953553816,4.999998824072994,4.999999963998286,4.999999998480842,-4.999999728901685,4.99999999707503,-4.999999915862702,4.999999785396371,-4.9999998143112885
99.0,277.0,129.88369750976562,4.99999747882021,-4.999999561244506,4.999997951442406,4.999999997257871,4.999999756577654,-4.9999999058399,4.9999999916249775,-4.999999999632848,4.99999985337096,-4.999999791088314
99.0,277.0,129.88369750976562,4.999999438487697,-4.999999796627321,4.999999776709867,4.999999687578283,4.999999902695179,-4.999999504039164,4.999999991377257,-4.999999881208799,4.999999989253658,-4.999999787880507
99.0,277.0,129.88369750976562,4.999997723464944,-4.999999914316026,4.999998346539417,4.999999997561368,4.999999906517921,-4.999999996434336,4.999999992304069,-4.999999999784648,4.999999851110273,-4.999999944636614
99.0,277.0,129.88369750976562,4.999999082999102,-4.999999998575135,4.999999923411387,4.999999616023865,4.999999562933701,-4.999999263798827,4.999999828449685,-4.99999987583053,4.999999921970063,-4.999999975210635
99.0,277.0,129.88369750976562,4.999998420522251,-4.999999998042998,4.999999914079867,4.999999601719067,4.99999956633628,-4.99999972375463,4.999999830678156,-4.999999856231142,4.999999825147508,-4.999999993947171
99.0,277.0,129.88369750976562,4.9999936208055455,-4.999999990353143,4.999999536573551,4.999999928995921,4.99999999588025,-4.999999969590231,4.999999955324155,-4.999999914817687,4.999999773029205,-4.999999886208292
99.0,277.0,129.88369750976562,4.999999499487384,-4.9999999793994485,4.999999999002201,4.999999997605267,4.99999950880523,-4.999998865370355,4.999999980559231,-4.999999997051294,4.999999998987393,-4.999999895662702
99.0,277.0,129.88369750976562,4.999996699700624,-4.999999015401074,4.999999318968296,4.999999824358751,4.9999996573614105,-4.999999992908959,4.999999994666214,-4.999999999504531,4.999999995753315,-4.999999800510238
99.0,278.0,129.88369750976562,4.999998393049736,-4.9999999639205885,4.999999183393896,4.999999959514477,4.999999970001494,-4.999999744478762,4.999999985735578,-4.999999941534595,4.999999802560382,-4.999999769906124
99.0,278.0,129.88369750976562,4.999999951906325,-4.999998898814851,4.999999972812911,4.99999889734371,4.999999336994564,-4.999999972530881,4.999999999740183,-4.999999494778904,4.999999998780333,-4.999999984983752
99.0,278.0,129.88369750976562,4.999998675152282,-4.999999625946577,4.999999844447411,4.999999738929781,4.999999401137268,-4.999999966940284,4.999999990278488,-4.999999998950593,4.999999997990818,-4.999999837434982
99.0,278.0,129.88369750976562,4.999998616214041,-4.999999991523842,4.999999366109704,4.999999970762889,4.999999771127303,-4.999999910841129,4.999999994452367,-4.999999833078548,4.9999996812358765,-4.99999997513447
99.0,278.0,129.88369750976562,4.999999325360284,-4.999999999795323,4.999999966222046,4.999999806679261,4.999999988963234,-4.999999477304353,4.999999997872225,-4.999999788228831,4.999999933757616,-4.999999938925822
99.0,278.0,129.88369750976562,4.999999043189739,-4.999999989710178,4.999999744927569,4.9999999542146,4.999999990192108,-4.999999519371047,4.999999998849224,-4.9999998180231575,4.999999975233592,-4.999999786528934
99.0,278.0,129.88369750976562,4.999995284099716,-4.999999993854802,4.999999176089284,4.999999887744916,4.999999984064953,-4.999999317150085,4.999999996228367,-4.9999998637642,4.999999826946553,-4.999999779491851
99.0,278.0,129.88369750976562,4.999999650356557,-4.999999999825788,4.999999466478899,4.999999842161449,4.999999995023709,-4.9999989375958975,4.999999998979735,-4.999999773308298,4.999999926652253,-4.999999976505348
99.0,278.0,129.88369750976562,4.999995840834285,-4.999999816936498,4.999999502284775,4.999999780348846,4.999999984336632,-4.9999993143547865,4.999999992522435,-4.9999998901283496,4.999999935636334,-4.999999969487007
99.0,278.0,129.88369750976562,4.99999995878383,-4.999999975442021,4.999999528086171,4.999999993221739,4.9999998901326,-4.999998969205199,4.999999989053324,-4.999999946368952,4.999999926203617,-4.999999812117926
99.0,278.0,129.88369750976562,4.999999806049937,-4.999999251199697,4.999998947196251,4.9999999610175125,4.999999637242654,-4.99999973815471,4.999999991502106,-4.999999986226478,4.999999970591272,-4.99999981513269
99.0,278.0,129.88369750976562,4.999996817192532,-4.9999999961486825,4.999999886712574,4.999999993677881,4.999999951972019,-4.99999999214729,4.999999993168378,-4.999999754364145,4.999999768412532,-4.9999999571282
99.0,278.0,129.88369750976562,4.999998606453361,-4.999999967097521,4.999999321861807,4.999999962717195,4.999999947661522,-4.999999789263498,4.99999999208419,-4.999999906501496,4.999999778015517,-4.999999847692139
99.0,278.0,129.88369750976562,4.99999794567742,-4.999999745982114,4.9999981791936365,4.999999999930876,4.999999822470288,-4.999999697272686,4.999999994796385,-4.999999977415241,4.999999891457886,-4.999999805100348
99.0,278.0,129.88369750976562,4.999999680862515,-4.99999997561649,4.999999202349345,4.99999999429044,4.999999927730237,-4.999999920520677,4.999999988940113,-4.999999994608891,4.999999782866002,-4.999999903689904
99.0,278.0,129.88369750976562,4.999999183012706,-4.999999974235221,4.999999463986834,4.999999327473602,4.999999783544061,-4.99999915025275,4.999999987185736,-4.999999867604896,4.999999818737461,-4.999999985414883
99.0,278.0,129.88369750976562,4.9999999314070624,-4.999999977164306,4.99999969515634,4.999999991326789,4.999999940856364,-4.999998869351892,4.999999987627247,-4.999999945700272,4.999999971660626,-4.999999810219067
99.0,278.0,129.88369750976562,4.999996823954189,-4.999999916628447,4.99999902821954,4.999999998910966,4.999999996940279,-4.999999999803713,4.999999991662074,-4.999999960427447,4.9999998946986,-4.999999935633479
99.0,278.0,129.88369750976562,4.999994036822713,-4.999999982175494,4.999999763997581,4.999999791426465,4.999999979222971,-4.999999826978064,4.999999954970688,-4.999999902171339,4.999999878648276,-4.999999856302477
99.0,278.0,129.88369750976562,4.999999715336943,-4.999999966281545,4.999999382106655,4.999999339237378,4.999999996543513,-4.999999155092524,4.999999984429609,-4.999999948370068,4.999999869552524,-4.999999787907971
99.0,278.0,129.88369750976562,4.999999887249757,-4.999999998812916,4.999999435001985,4.999999729158584,4.999999771087743,-4.999999963759121,4.999999998608711,-4.999999830162187,4.999999995460857,-4.999999986039774
99.0,278.0,129.88369750976562,4.999997848523721,-4.999999984595642,4.999999999909912,4.99999967851701,4.999999771944335,-4.999999712500664,4.999999992428423,-4.999999855416005,4.999999988648389,-4.999999984603841
99.0,278.0,129.88369750976562,4.999999311338192,-4.99999968556676,4.999999999516432,4.999999920861966,4.999999834066658,-4.999999875062828,4.999999987501207,-4.999999934149787,4.99999999438496,-4.999999715451437
99.0,278.0,129.88369750976562,4.999999332606898,-4.99999987921171,4.999997672003195,4.999999999130307,4.999999987068961,-4.999999391400978,4.999999881618264,-4.999999962461375,4.999999960683903,-4.9999998330569415
99.0,278.0,129.88369750976562,4.999998997692642,-4.99999960768909,4.99999923965388,4.999999354472283,4.999999809071095,-4.99999928648632,4.999999981284434,-4.999999990135484,4.999999895486772,-4.9999997821949975
99.0,278.0,129.88369750976562,4.999997794613169,-4.999999994968411,4.999999700250042,4.999999807635453,4.999999872574834,-4.999999711134512,4.9999999916002125,-4.999999831741189,4.999999772149894,-4.999999971336751
99.0,278.0,129.88369750976562,4.999999416961559,-4.9999998192065975,4.9999998301616175,4.99999977527742,4.999999992096949,-4.999999163404482,4.999999997241344,-4.999999847567556,4.999999974221716,-4.999999952970255
99.0,278.0,129.88369750976562,4.999999981170396,-4.9999997823737,4.999998498843815,4.999999843951444,4.999999897326526,-4.999998894442202,4.999999998208035,-4.999999895942649,4.9999999691314665,-4.9999998934854055
99.0,278.0,129.88369750976562,4.999999741173489,-4.999999993582172,4.999999999451509,4.999999892613308,4.999999997414791,-4.999999237409626,4.999999987170426,-4.9999999152004815,4.9999999808456685,-4.999999794400818
99.0,278.0,129.88369750976562,4.999999345207459,-4.999999993722049,4.9999998700453006,4.999999989117844,4.999999027698371,-4.9999999701882585,4.999999998324208,-4.999999646864791,4.999999830820786,-4.999999787047818
99.0,278.0,129.88369750976562,4.9999986757860615,-4.999999999218806,4.999999878323842,4.999999327811468,4.999999362974338,-4.999999281227645,4.999999830737515,-4.999999908132855,4.99999992338825,-4.999999994948498
99.0,278.0,129.88369750976562,4.999999449943063,-4.999999303802615,4.99999999952307,4.99999808374537,4.999999732397546,-4.999999900600439,4.999999995394439,-4.999999632403084,4.999999983514357,-4.999999837905348
99.0,278.0,129.88369750976562,4.999998496912111,-4.999999989891806,4.999999909341342,4.999999344437173,4.999999434147933,-4.999999909920462,4.999999992076868,-4.999999998754437,4.999999997221336,-4.999999831367987
99.0,278.0,129.88369750976562,4.999999010610915,-4.999999621339404,4.999999548326307,4.999999631160248,4.999999809506734,-4.999999327644871,4.999999982654843,-4.9999999999303935,4.999999951133344,-4.999999785441421
99.0,278.0,129.88369750976562,4.99999853932028,-4.99999999573994,4.999999823329526,4.999999616104926,4.999999985074468,-4.99999924243606,4.999999978140074,-4.999999998223117,4.99999984008117,-4.99999979377997
99.0,278.0,129.88369750976562,4.999999802626299,-4.99999962849201,4.999999556263097,4.999999608950152,4.999999772831954,-4.999999963725715,4.999999990420739,-4.999999999110986,4.999999999947836,-4.99999993693096
99.0,278.0,129.88369750976562,4.999999749665182,-4.99999996553812,4.999999998129521,4.999999986834452,4.9999999847226615,-4.999999424088628,4.99999998628288,-4.999999948152202,4.99999997081034,-4.999999862543062
99.0,278.0,129.88369750976562,4.999999961330736,-4.999999986262006,4.9999990000301375,4.999999991826343,4.999999989788966,-4.999998795645917,4.999999996349182,-4.999999904308723,4.999999980174233,-4.99999979061049
99.0,278.0,129.88369750976562,4.99999913198806,-4.999999236368906,4.999998539167445,4.999999994468097,4.999999623536006,-4.999999991689277,4.999999990784682,-4.999999999393535,4.9999999524299525,-4.999999802885343
99.0,278.0,129.88369750976562,4.999999707353453,-4.99999999068575,4.99999999888026,4.999999572208655,4.999999987071203,-4.999999514843929,4.99999998784261,-4.999999829391609,4.999999978103313,-4.999999862609295
99.0,278.0,129.88369750976562,4.99999818940679,-4.999999985169978,4.999999089173883,4.999999964357452,4.999999974671473,-4.999999821271656,4.999999981755144,-4.9999999031447455,4.999999730325605,-4.99999981956244
99.0,278.0,129.88369750976562,4.999996143607362,-4.999999953553816,4.999998824072994,4.999999963998286,4.999999998480842,-4.999999728901685,4.99999999707503,-4.999999915862702,4.999999785396371,-4.9999998143112885
99.0,278.0,129.88369750976562,4.99999747882021,-4.999999561244506,4.999997951442406,4.999999997257871,4.999999756577654,-4.9999999058399,4.9999999916249775,-4.999999999632848,4.99999985337096,-4.999999791088314
99.0,278.0,129.88369750976562,4.999999438487697,-4.999999796627321,4.999999776709867,4.999999687578283,4.999999902695179,-4.999999504039164,4.999999991377257,-4.999999881208799,4.999999989253658,-4.999999787880507
99.0,278.0,129.88369750976562,4.999997723464944,-4.999999914316026,4.999998346539417,4.999999997561368,4.999999906517921,-4.999999996434336,4.999999992304069,-4.999999999784648,4.999999851110273,-4.999999944636614
99.0,278.0,129.88369750976562,4.999999082999102,-4.999999998575135,4.999999923411387,4.999999616023865,4.999999562933701,-4.999999263798827,4.999999828449685,-4.99999987583053,4.999999921970063,-4.999999975210635
99.0,278.0,129.88369750976562,4.999998420522251,-4.999999998042998,4.999999914079867,4.999999601719067,4.99999956633628,-4.99999972375463,4.999999830678156,-4.999999856231142,4.999999825147508,-4.999999993947171
99.0,278.0,129.88369750976562,4.9999936208055455,-4.999999990353143,4.999999536573551,4.999999928995921,4.99999999588025,-4.999999969590231,4.999999955324155,-4.999999914817687,4.999999773029205,-4.999999886208292
99.0,278.0,129.88369750976562,4.999999499487384,-4.9999999793994485,4.999999999002201,4.999999997605267,4.99999950880523,-4.999998865370355,4.999999980559231,-4.999999997051294,4.999999998987393,-4.999999895662702
99.0,278.0,129.88369750976562,4.999996699700624,-4.999999015401074,4.999999318968296,4.999999824358751,4.9999996573614105,-4.999999992908959,4.999999994666214,-4.999999999504531,4.999999995753315,-4.999999800510238
99.0,279.0,129.88369750976562,4.999998393049736,-4.9999999639205885,4.999999183393896,4.999999959514477,4.999999970001494,-4.999999744478762,4.999999985735578,-4.999999941534595,4.999999802560382,-4.999999769906124
99.0,279.0,129.88369750976562,4.999999951906325,-4.999998898814851,4.999999972812911,4.99999889734371,4.999999336994564,-4.999999972530881,4.999999999740183,-4.999999494778904,4.999999998780333,-4.999999984983752
99.0,279.0,129.88369750976562,4.999998675152282,-4.999999625946577,4.999999844447411,4.999999738929781,4.999999401137268,-4.999999966940284,4.999999990278488,-4.999999998950593,4.999999997990818,-4.999999837434982
99.0,279.0,129.88369750976562,4.999998616214041,-4.999999991523842,4.999999366109704,4.999999970762889,4.999999771127303,-4.999999910841129,4.999999994452367,-4.999999833078548,4.9999996812358765,-4.99999997513447
99.0,279.0,129.88369750976562,4.999999325360284,-4.999999999795323,4.999999966222046,4.999999806679261,4.999999988963234,-4.999999477304353,4.999999997872225,-4.999999788228831,4.999999933757616,-4.999999938925822
99.0,279.0,129.88369750976562,4.999999043189739,-4.999999989710178,4.999999744927569,4.9999999542146,4.999999990192108,-4.999999519371047,4.999999998849224,-4.9999998180231575,4.999999975233592,-4.999999786528934
99.0,279.0,129.88369750976562,4.999995284099716,-4.999999993854802,4.999999176089284,4.999999887744916,4.999999984064953,-4.999999317150085,4.999999996228367,-4.9999998637642,4.999999826946553,-4.999999779491851
99.0,279.0,129.88369750976562,4.999999650356557,-4.999999999825788,4.999999466478899,4.999999842161449,4.999999995023709,-4.9999989375958975,4.999999998979735,-4.999999773308298,4.999999926652253,-4.999999976505348
99.0,279.0,129.88369750976562,4.999995840834285,-4.999999816936498,4.999999502284775,4.999999780348846,4.999999984336632,-4.9999993143547865,4.999999992522435,-4.9999998901283496,4.999999935636334,-4.999999969487007
99.0,279.0,129.88369750976562,4.99999995878383,-4.999999975442021,4.999999528086171,4.999999993221739,4.9999998901326,-4.999998969205199,4.999999989053324,-4.999999946368952,4.999999926203617,-4.999999812117926
99.0,279.0,129.88369750976562,4.999999806049937,-4.999999251199697,4.999998947196251,4.9999999610175125,4.999999637242654,-4.99999973815471,4.999999991502106,-4.999999986226478,4.999999970591272,-4.99999981513269
99.0,279.0,129.88369750976562,4.999996817192532,-4.9999999961486825,4.999999886712574,4.999999993677881,4.999999951972019,-4.99999999214729,4.999999993168378,-4.999999754364145,4.999999768412532,-4.9999999571282
99.0,279.0,129.88369750976562,4.999998606453361,-4.999999967097521,4.999999321861807,4.999999962717195,4.999999947661522,-4.999999789263498,4.99999999208419,-4.999999906501496,4.999999778015517,-4.999999847692139
99.0,279.0,129.88369750976562,4.99999794567742,-4.999999745982114,4.9999981791936365,4.999999999930876,4.999999822470288,-4.999999697272686,4.999999994796385,-4.999999977415241,4.999999891457886,-4.999999805100348
99.0,279.0,129.88369750976562,4.999999680862515,-4.99999997561649,4.999999202349345,4.99999999429044,4.999999927730237,-4.999999920520677,4.999999988940113,-4.999999994608891,4.999999782866002,-4.999999903689904
99.0,279.0,129.88369750976562,4.999999183012706,-4.999999974235221,4.999999463986834,4.999999327473602,4.999999783544061,-4.99999915025275,4.999999987185736,-4.999999867604896,4.999999818737461,-4.999999985414883
99.0,279.0,129.88369750976562,4.9999999314070624,-4.999999977164306,4.99999969515634,4.999999991326789,4.999999940856364,-4.999998869351892,4.999999987627247,-4.999999945700272,4.999999971660626,-4.999999810219067
99.0,279.0,129.88369750976562,4.999996823954189,-4.999999916628447,4.99999902821954,4.999999998910966,4.999999996940279,-4.999999999803713,4.999999991662074,-4.999999960427447,4.9999998946986,-4.999999935633479
99.0,279.0,129.88369750976562,4.999994036822713,-4.999999982175494,4.999999763997581,4.999999791426465,4.999999979222971,-4.999999826978064,4.999999954970688,-4.999999902171339,4.999999878648276,-4.999999856302477
99.0,279.0,129.88369750976562,4.999999715336943,-4.999999966281545,4.999999382106655,4.999999339237378,4.999999996543513,-4.999999155092524,4.999999984429609,-4.999999948370068,4.999999869552524,-4.999999787907971
99.0,279.0,129.88369750976562,4.999999887249757,-4.999999998812916,4.999999435001985,4.999999729158584,4.999999771087743,-4.999999963759121,4.999999998608711,-4.999999830162187,4.999999995460857,-4.999999986039774
99.0,279.0,129.88369750976562,4.999997848523721,-4.999999984595642,4.999999999909912,4.99999967851701,4.999999771944335,-4.999999712500664,4.999999992428423,-4.999999855416005,4.999999988648389,-4.999999984603841
99.0,279.0,129.88369750976562,4.999999311338192,-4.99999968556676,4.999999999516432,4.999999920861966,4.999999834066658,-4.999999875062828,4.999999987501207,-4.999999934149787,4.99999999438496,-4.999999715451437
99.0,279.0,129.88369750976562,4.999999332606898,-4.99999987921171,4.999997672003195,4.999999999130307,4.999999987068961,-4.999999391400978,4.999999881618264,-4.999999962461375,4.999999960683903,-4.9999998330569415
99.0,279.0,129.88369750976562,4.999998997692642,-4.99999960768909,4.99999923965388,4.999999354472283,4.999999809071095,-4.99999928648632,4.999999981284434,-4.999999990135484,4.999999895486772,-4.9999997821949975
99.0,279.0,129.88369750976562,4.999997794613169,-4.999999994968411,4.999999700250042,4.999999807635453,4.999999872574834,-4.999999711134512,4.9999999916002125,-4.999999831741189,4.999999772149894,-4.999999971336751
99.0,279.0,129.88369750976562,4.999999416961559,-4.9999998192065975,4.9999998301616175,4.99999977527742,4.999999992096949,-4.999999163404482,4.999999997241344,-4.999999847567556,4.999999974221716,-4.999999952970255
99.0,279.0,129.88369750976562,4.999999981170396,-4.9999997823737,4.999998498843815,4.999999843951444,4.999999897326526,-4.999998894442202,4.999999998208035,-4.999999895942649,4.9999999691314665,-4.9999998934854055
99.0,279.0,129.88369750976562,4.999999741173489,-4.999999993582172,4.999999999451509,4.999999892613308,4.999999997414791,-4.999999237409626,4.999999987170426,-4.9999999152004815,4.9999999808456685,-4.999999794400818
99.0,279.0,129.88369750976562,4.999999345207459,-4.999999993722049,4.9999998700453006,4.999999989117844,4.999999027698371,-4.9999999701882585,4.999999998324208,-4.999999646864791,4.999999830820786,-4.999999787047818
99.0,279.0,129.88369750976562,4.9999986757860615,-4.999999999218806,4.999999878323842,4.999999327811468,4.999999362974338,-4.999999281227645,4.999999830737515,-4.999999908132855,4.99999992338825,-4.999999994948498
99.0,279.0,129.88369750976562,4.999999449943063,-4.999999303802615,4.99999999952307,4.99999808374537,4.999999732397546,-4.999999900600439,4.999999995394439,-4.999999632403084,4.999999983514357,-4.999999837905348
99.0,279.0,129.88369750976562,4.999998496912111,-4.999999989891806,4.999999909341342,4.999999344437173,4.999999434147933,-4.999999909920462,4.999999992076868,-4.999999998754437,4.999999997221336,-4.999999831367987
99.0,279.0,129.88369750976562,4.999999010610915,-4.999999621339404,4.999999548326307,4.999999631160248,4.999999809506734,-4.999999327644871,4.999999982654843,-4.9999999999303935,4.999999951133344,-4.999999785441421
99.0,279.0,129.88369750976562,4.99999853932028,-4.99999999573994,4.999999823329526,4.999999616104926,4.999999985074468,-4.99999924243606,4.999999978140074,-4.999999998223117,4.99999984008117,-4.99999979377997
99.0,279.0,129.88369750976562,4.999999802626299,-4.99999962849201,4.999999556263097,4.999999608950152,4.999999772831954,-4.999999963725715,4.999999990420739,-4.999999999110986,4.999999999947836,-4.99999993693096
99.0,279.0,129.88369750976562,4.999999749665182,-4.99999996553812,4.999999998129521,4.999999986834452,4.9999999847226615,-4.999999424088628,4.99999998628288,-4.999999948152202,4.99999997081034,-4.999999862543062
99.0,279.0,129.88369750976562,4.999999961330736,-4.999999986262006,4.9999990000301375,4.999999991826343,4.999999989788966,-4.999998795645917,4.999999996349182,-4.999999904308723,4.999999980174233,-4.99999979061049
99.0,279.0,129.88369750976562,4.99999913198806,-4.999999236368906,4.999998539167445,4.999999994468097,4.999999623536006,-4.999999991689277,4.999999990784682,-4.999999999393535,4.9999999524299525,-4.999999802885343
99.0,279.0,129.88369750976562,4.999999707353453,-4.99999999068575,4.99999999888026,4.999999572208655,4.999999987071203,-4.999999514843929,4.99999998784261,-4.999999829391609,4.999999978103313,-4.999999862609295
99.0,279.0,129.88369750976562,4.99999818940679,-4.999999985169978,4.999999089173883,4.999999964357452,4.999999974671473,-4.999999821271656,4.999999981755144,-4.9999999031447455,4.999999730325605,-4.99999981956244
99.0,279.0,129.88369750976562,4.999996143607362,-4.999999953553816,4.999998824072994,4.999999963998286,4.999999998480842,-4.999999728901685,4.99999999707503,-4.999999915862702,4.999999785396371,-4.9999998143112885
99.0,279.0,129.88369750976562,4.99999747882021,-4.999999561244506,4.999997951442406,4.999999997257871,4.999999756577654,-4.9999999058399,4.9999999916249775,-4.999999999632848,4.99999985337096,-4.999999791088314
99.0,279.0,129.88369750976562,4.999999438487697,-4.999999796627321,4.999999776709867,4.999999687578283,4.999999902695179,-4.999999504039164,4.999999991377257,-4.999999881208799,4.999999989253658,-4.999999787880507
99.0,279.0,129.88369750976562,4.999997723464944,-4.999999914316026,4.999998346539417,4.999999997561368,4.999999906517921,-4.999999996434336,4.999999992304069,-4.999999999784648,4.999999851110273,-4.999999944636614
99.0,279.0,129.88369750976562,4.999999082999102,-4.999999998575135,4.999999923411387,4.999999616023865,4.999999562933701,-4.999999263798827,4.999999828449685,-4.99999987583053,4.999999921970063,-4.999999975210635
99.0,279.0,129.88369750976562,4.999998420522251,-4.999999998042998,4.999999914079867,4.999999601719067,4.99999956633628,-4.99999972375463,4.999999830678156,-4.999999856231142,4.999999825147508,-4.999999993947171
99.0,279.0,129.88369750976562,4.9999936208055455,-4.999999990353143,4.999999536573551,4.999999928995921,4.99999999588025,-4.999999969590231,4.999999955324155,-4.999999914817687,4.999999773029205,-4.999999886208292
99.0,279.0,129.88369750976562,4.999999499487384,-4.9999999793994485,4.999999999002201,4.999999997605267,4.99999950880523,-4.999998865370355,4.999999980559231,-4.999999997051294,4.999999998987393,-4.999999895662702
99.0,279.0,129.88369750976562,4.999996699700624,-4.999999015401074,4.999999318968296,4.999999824358751,4.9999996573614105,-4.999999992908959,4.999999994666214,-4.999999999504531,4.999999995753315,-4.999999800510238
99.0,280.0,129.88369750976562,4.999998393049736,-4.9999999639205885,4.999999183393896,4.999999959514477,4.999999970001494,-4.999999744478762,4.999999985735578,-4.999999941534595,4.999999802560382,-4.999999769906124
99.0,280.0,129.88369750976562,4.999999951906325,-4.999998898814851,4.999999972812911,4.99999889734371,4.999999336994564,-4.999999972530881,4.999999999740183,-4.999999494778904,4.999999998780333,-4.999999984983752
99.0,280.0,129.88369750976562,4.999998675152282,-4.999999625946577,4.999999844447411,4.999999738929781,4.999999401137268,-4.999999966940284,4.999999990278488,-4.999999998950593,4.999999997990818,-4.999999837434982
99.0,280.0,129.88369750976562,4.999998616214041,-4.999999991523842,4.999999366109704,4.999999970762889,4.999999771127303,-4.999999910841129,4.999999994452367,-4.999999833078548,4.9999996812358765,-4.99999997513447
99.0,280.0,129.88369750976562,4.999999325360284,-4.999999999795323,4.999999966222046,4.999999806679261,4.999999988963234,-4.999999477304353,4.999999997872225,-4.999999788228831,4.999999933757616,-4.999999938925822
99.0,280.0,129.88369750976562,4.999999043189739,-4.999999989710178,4.999999744927569,4.9999999542146,4.999999990192108,-4.999999519371047,4.999999998849224,-4.9999998180231575,4.999999975233592,-4.999999786528934
99.0,280.0,129.88369750976562,4.999995284099716,-4.999999993854802,4.999999176089284,4.999999887744916,4.999999984064953,-4.999999317150085,4.999999996228367,-4.9999998637642,4.999999826946553,-4.999999779491851
99.0,280.0,129.88369750976562,4.999999650356557,-4.999999999825788,4.999999466478899,4.999999842161449,4.999999995023709,-4.9999989375958975,4.999999998979735,-4.999999773308298,4.999999926652253,-4.999999976505348
99.0,280.0,129.88369750976562,4.999995840834285,-4.999999816936498,4.999999502284775,4.999999780348846,4.999999984336632,-4.9999993143547865,4.999999992522435,-4.9999998901283496,4.999999935636334,-4.999999969487007
99.0,280.0,129.88369750976562,4.99999995878383,-4.999999975442021,4.999999528086171,4.999999993221739,4.9999998901326,-4.999998969205199,4.999999989053324,-4.999999946368952,4.999999926203617,-4.999999812117926
99.0,280.0,129.88369750976562,4.999999806049937,-4.999999251199697,4.999998947196251,4.9999999610175125,4.999999637242654,-4.99999973815471,4.999999991502106,-4.999999986226478,4.999999970591272,-4.99999981513269
99.0,280.0,129.88369750976562,4.999996817192532,-4.9999999961486825,4.999999886712574,4.999999993677881,4.999999951972019,-4.99999999214729,4.999999993168378,-4.999999754364145,4.999999768412532,-4.9999999571282
99.0,280.0,129.88369750976562,4.999998606453361,-4.999999967097521,4.999999321861807,4.999999962717195,4.999999947661522,-4.999999789263498,4.99999999208419,-4.999999906501496,4.999999778015517,-4.999999847692139
99.0,280.0,129.88369750976562,4.99999794567742,-4.999999745982114,4.9999981791936365,4.999999999930876,4.999999822470288,-4.999999697272686,4.999999994796385,-4.999999977415241,4.999999891457886,-4.999999805100348
99.0,280.0,129.88369750976562,4.999999680862515,-4.99999997561649,4.999999202349345,4.99999999429044,4.999999927730237,-4.999999920520677,4.999999988940113,-4.999999994608891,4.999999782866002,-4.999999903689904
99.0,280.0,129.88369750976562,4.999999183012706,-4.999999974235221,4.999999463986834,4.999999327473602,4.999999783544061,-4.99999915025275,4.999999987185736,-4.999999867604896,4.999999818737461,-4.999999985414883
99.0,280.0,129.88369750976562,4.9999999314070624,-4.999999977164306,4.99999969515634,4.999999991326789,4.999999940856364,-4.999998869351892,4.999999987627247,-4.999999945700272,4.999999971660626,-4.999999810219067
99.0,280.0,129.88369750976562,4.999996823954189,-4.999999916628447,4.99999902821954,4.999999998910966,4.999999996940279,-4.999999999803713,4.999999991662074,-4.999999960427447,4.9999998946986,-4.999999935633479
99.0,280.0,129.88369750976562,4.999994036822713,-4.999999982175494,4.999999763997581,4.999999791426465,4.999999979222971,-4.999999826978064,4.999999954970688,-4.999999902171339,4.999999878648276,-4.999999856302477
99.0,280.0,129.88369750976562,4.999999715336943,-4.999999966281545,4.999999382106655,4.999999339237378,4.999999996543513,-4.999999155092524,4.999999984429609,-4.999999948370068,4.999999869552524,-4.999999787907971
99.0,280.0,129.88369750976562,4.999999887249757,-4.999999998812916,4.999999435001985,4.999999729158584,4.999999771087743,-4.999999963759121,4.999999998608711,-4.999999830162187,4.999999995460857,-4.999999986039774
99.0,280.0,129.88369750976562,4.999997848523721,-4.999999984595642,4.999999999909912,4.99999967851701,4.999999771944335,-4.999999712500664,4.999999992428423,-4.999999855416005,4.999999988648389,-4.999999984603841
99.0,280.0,129.88369750976562,4.999999311338192,-4.99999968556676,4.999999999516432,4.999999920861966,4.999999834066658,-4.999999875062828,4.999999987501207,-4.999999934149787,4.99999999438496,-4.999999715451437
99.0,280.0,129.88369750976562,4.999999332606898,-4.99999987921171,4.999997672003195,4.999999999130307,4.999999987068961,-4.999999391400978,4.999999881618264,-4.999999962461375,4.999999960683903,-4.9999998330569415
99.0,280.0,129.88369750976562,4.999998997692642,-4.99999960768909,4.99999923965388,4.999999354472283,4.999999809071095,-4.99999928648632,4.999999981284434,-4.999999990135484,4.999999895486772,-4.9999997821949975
99.0,280.0,129.88369750976562,4.999997794613169,-4.999999994968411,4.999999700250042,4.999999807635453,4.999999872574834,-4.999999711134512,4.9999999916002125,-4.999999831741189,4.999999772149894,-4.999999971336751
99.0,280.0,129.88369750976562,4.999999416961559,-4.9999998192065975,4.9999998301616175,4.99999977527742,4.999999992096949,-4.999999163404482,4.999999997241344,-4.999999847567556,4.999999974221716,-4.999999952970255
99.0,280.0,129.88369750976562,4.999999981170396,-4.9999997823737,4.999998498843815,4.999999843951444,4.999999897326526,-4.999998894442202,4.999999998208035,-4.999999895942649,4.9999999691314665,-4.9999998934854055
99.0,280.0,129.88369750976562,4.999999741173489,-4.999999993582172,4.999999999451509,4.999999892613308,4.999999997414791,-4.999999237409626,4.999999987170426,-4.9999999152004815,4.9999999808456685,-4.999999794400818
99.0,280.0,129.88369750976562,4.999999345207459,-4.999999993722049,4.9999998700453006,4.999999989117844,4.999999027698371,-4.9999999701882585,4.999999998324208,-4.999999646864791,4.999999830820786,-4.999999787047818
99.0,280.0,129.88369750976562,4.9999986757860615,-4.999999999218806,4.999999878323842,4.999999327811468,4.999999362974338,-4.999999281227645,4.999999830737515,-4.999999908132855,4.99999992338825,-4.999999994948498
99.0,280.0,129.88369750976562,4.999999449943063,-4.999999303802615,4.99999999952307,4.99999808374537,4.999999732397546,-4.999999900600439,4.999999995394439,-4.999999632403084,4.999999983514357,-4.999999837905348
99.0,280.0,129.88369750976562,4.999998496912111,-4.999999989891806,4.999999909341342,4.999999344437173,4.999999434147933,-4.999999909920462,4.999999992076868,-4.999999998754437,4.999999997221336,-4.999999831367987
99.0,280.0,129.88369750976562,4.999999010610915,-4.999999621339404,4.999999548326307,4.999999631160248,4.999999809506734,-4.999999327644871,4.999999982654843,-4.9999999999303935,4.999999951133344,-4.999999785441421
99.0,280.0,129.88369750976562,4.99999853932028,-4.99999999573994,4.999999823329526,4.999999616104926,4.999999985074468,-4.99999924243606,4.999999978140074,-4.999999998223117,4.99999984008117,-4.99999979377997
99.0,280.0,129.88369750976562,4.999999802626299,-4.99999962849201,4.999999556263097,4.999999608950152,4.999999772831954,-4.999999963725715,4.999999990420739,-4.999999999110986,4.999999999947836,-4.99999993693096
99.0,280.0,129.88369750976562,4.999999749665182,-4.99999996553812,4.999999998129521,4.999999986834452,4.9999999847226615,-4.999999424088628,4.99999998628288,-4.999999948152202,4.99999997081034,-4.999999862543062
99.0,280.0,129.88369750976562,4.999999961330736,-4.999999986262006,4.9999990000301375,4.999999991826343,4.999999989788966,-4.999998795645917,4.999999996349182,-4.999999904308723,4.999999980174233,-4.99999979061049
99.0,280.0,129.88369750976562,4.99999913198806,-4.999999236368906,4.999998539167445,4.999999994468097,4.999999623536006,-4.999999991689277,4.999999990784682,-4.999999999393535,4.9999999524299525,-4.999999802885343
99.0,280.0,129.88369750976562,4.999999707353453,-4.99999999068575,4.99999999888026,4.999999572208655,4.999999987071203,-4.999999514843929,4.99999998784261,-4.999999829391609,4.999999978103313,-4.999999862609295
99.0,280.0,129.88369750976562,4.99999818940679,-4.999999985169978,4.999999089173883,4.999999964357452,4.999999974671473,-4.999999821271656,4.999999981755144,-4.9999999031447455,4.999999730325605,-4.99999981956244
99.0,280.0,129.88369750976562,4.999996143607362,-4.999999953553816,4.999998824072994,4.999999963998286,4.999999998480842,-4.999999728901685,4.99999999707503,-4.999999915862702,4.999999785396371,-4.9999998143112885
99.0,280.0,129.88369750976562,4.99999747882021,-4.999999561244506,4.999997951442406,4.999999997257871,4.999999756577654,-4.9999999058399,4.9999999916249775,-4.999999999632848,4.99999985337096,-4.999999791088314
99.0,280.0,129.88369750976562,4.999999438487697,-4.999999796627321,4.999999776709867,4.999999687578283,4.999999902695179,-4.999999504039164,4.999999991377257,-4.999999881208799,4.999999989253658,-4.999999787880507
99.0,280.0,129.88369750976562,4.999997723464944,-4.999999914316026,4.999998346539417,4.999999997561368,4.999999906517921,-4.999999996434336,4.999999992304069,-4.999999999784648,4.999999851110273,-4.999999944636614
99.0,280.0,129.88369750976562,4.999999082999102,-4.999999998575135,4.999999923411387,4.999999616023865,4.999999562933701,-4.999999263798827,4.999999828449685,-4.99999987583053,4.999999921970063,-4.999999975210635
99.0,280.0,129.88369750976562,4.999998420522251,-4.999999998042998,4.999999914079867,4.999999601719067,4.99999956633628,-4.99999972375463,4.999999830678156,-4.999999856231142,4.999999825147508,-4.999999993947171
99.0,280.0,129.88369750976562,4.9999936208055455,-4.999999990353143,4.999999536573551,4.999999928995921,4.99999999588025,-4.999999969590231,4.999999955324155,-4.999999914817687,4.999999773029205,-4.999999886208292
99.0,280.0,129.88369750976562,4.999999499487384,-4.9999999793994485,4.999999999002201,4.999999997605267,4.99999950880523,-4.999998865370355,4.999999980559231,-4.999999997051294,4.999999998987393,-4.999999895662702
99.0,280.0,129.88369750976562,4.999996699700624,-4.999999015401074,4.999999318968296,4.999999824358751,4.9999996573614105,-4.999999992908959,4.999999994666214,-4.999999999504531,4.999999995753315,-4.999999800510238
99.0,281.0,129.88369750976562,4.999998393049736,-4.9999999639205885,4.999999183393896,4.999999959514477,4.999999970001494,-4.999999744478762,4.999999985735578,-4.999999941534595,4.999999802560382,-4.999999769906124
99.0,281.0,129.88369750976562,4.999999951906325,-4.999998898814851,4.999999972812911,4.99999889734371,4.999999336994564,-4.999999972530881,4.999999999740183,-4.999999494778904,4.999999998780333,-4.999999984983752
99.0,281.0,129.88369750976562,4.999998675152282,-4.999999625946577,4.999999844447411,4.999999738929781,4.999999401137268,-4.999999966940284,4.999999990278488,-4.999999998950593,4.999999997990818,-4.999999837434982
99.0,281.0,129.88369750976562,4.999998616214041,-4.999999991523842,4.999999366109704,4.999999970762889,4.999999771127303,-4.999999910841129,4.999999994452367,-4.999999833078548,4.9999996812358765,-4.99999997513447
99.0,281.0,129.88369750976562,4.999999325360284,-4.999999999795323,4.999999966222046,4.999999806679261,4.999999988963234,-4.999999477304353,4.999999997872225,-4.999999788228831,4.999999933757616,-4.999999938925822
99.0,281.0,129.88369750976562,4.999999043189739,-4.999999989710178,4.999999744927569,4.9999999542146,4.999999990192108,-4.999999519371047,4.999999998849224,-4.9999998180231575,4.999999975233592,-4.999999786528934
99.0,281.0,129.88369750976562,4.999995284099716,-4.999999993854802,4.999999176089284,4.999999887744916,4.999999984064953,-4.999999317150085,4.999999996228367,-4.9999998637642,4.999999826946553,-4.999999779491851
99.0,281.0,129.88369750976562,4.999999650356557,-4.999999999825788,4.999999466478899,4.999999842161449,4.999999995023709,-4.9999989375958975,4.999999998979735,-4.999999773308298,4.999999926652253,-4.999999976505348
99.0,281.0,129.88369750976562,4.999995840834285,-4.999999816936498,4.999999502284775,4.999999780348846,4.999999984336632,-4.9999993143547865,4.999999992522435,-4.9999998901283496,4.999999935636334,-4.999999969487007
99.0,281.0,129.88369750976562,4.99999995878383,-4.999999975442021,4.999999528086171,4.999999993221739,4.9999998901326,-4.999998969205199,4.999999989053324,-4.999999946368952,4.999999926203617,-4.999999812117926
99.0,281.0,129.88369750976562,4.999999806049937,-4.999999251199697,4.999998947196251,4.9999999610175125,4.999999637242654,-4.99999973815471,4.999999991502106,-4.999999986226478,4.999999970591272,-4.99999981513269
99.0,281.0,129.88369750976562,4.999996817192532,-4.9999999961486825,4.999999886712574,4.999999993677881,4.999999951972019,-4.99999999214729,4.999999993168378,-4.999999754364145,4.999999768412532,-4.9999999571282
99.0,281.0,129.88369750976562,4.999998606453361,-4.999999967097521,4.999999321861807,4.999999962717195,4.999999947661522,-4.999999789263498,4.99999999208419,-4.999999906501496,4.999999778015517,-4.999999847692139
99.0,281.0,129.88369750976562,4.99999794567742,-4.999999745982114,4.9999981791936365,4.999999999930876,4.999999822470288,-4.999999697272686,4.999999994796385,-4.999999977415241,4.999999891457886,-4.999999805100348
99.0,281.0,129.88369750976562,4.999999680862515,-4.99999997561649,4.999999202349345,4.99999999429044,4.999999927730237,-4.999999920520677,4.999999988940113,-4.999999994608891,4.999999782866002,-4.999999903689904
99.0,281.0,129.88369750976562,4.999999183012706,-4.999999974235221,4.999999463986834,4.999999327473602,4.999999783544061,-4.99999915025275,4.999999987185736,-4.999999867604896,4.999999818737461,-4.999999985414883
99.0,281.0,129.88369750976562,4.9999999314070624,-4.999999977164306,4.99999969515634,4.999999991326789,4.999999940856364,-4.999998869351892,4.999999987627247,-4.999999945700272,4.999999971660626,-4.999999810219067
99.0,281.0,129.88369750976562,4.999996823954189,-4.999999916628447,4.99999902821954,4.999999998910966,4.999999996940279,-4.999999999803713,4.999999991662074,-4.999999960427447,4.9999998946986,-4.999999935633479
99.0,281.0,129.88369750976562,4.999994036822713,-4.999999982175494,4.999999763997581,4.999999791426465,4.999999979222971,-4.999999826978064,4.999999954970688,-4.999999902171339,4.999999878648276,-4.999999856302477
99.0,281.0,129.88369750976562,4.999999715336943,-4.999999966281545,4.999999382106655,4.999999339237378,4.999999996543513,-4.999999155092524,4.999999984429609,-4.999999948370068,4.999999869552524,-4.999999787907971
99.0,281.0,129.88369750976562,4.999999887249757,-4.999999998812916,4.999999435001985,4.999999729158584,4.999999771087743,-4.999999963759121,4.999999998608711,-4.999999830162187,4.999999995460857,-4.999999986039774
99.0,281.0,129.88369750976562,4.999997848523721,-4.999999984595642,4.999999999909912,4.99999967851701,4.999999771944335,-4.999999712500664,4.999999992428423,-4.999999855416005,4.999999988648389,-4.999999984603841
99.0,281.0,129.88369750976562,4.999999311338192,-4.99999968556676,4.999999999516432,4.999999920861966,4.999999834066658,-4.999999875062828,4.999999987501207,-4.999999934149787,4.99999999438496,-4.999999715451437
99.0,281.0,129.88369750976562,4.999999332606898,-4.99999987921171,4.999997672003195,4.999999999130307,4.999999987068961,-4.999999391400978,4.999999881618264,-4.999999962461375,4.999999960683903,-4.9999998330569415
99.0,281.0,129.88369750976562,4.999998997692642,-4.99999960768909,4.99999923965388,4.999999354472283,4.999999809071095,-4.99999928648632,4.999999981284434,-4.999999990135484,4.999999895486772,-4.9999997821949975
99.0,281.0,129.88369750976562,4.999997794613169,-4.999999994968411,4.999999700250042,4.999999807635453,4.999999872574834,-4.999999711134512,4.9999999916002125,-4.999999831741189,4.999999772149894,-4.999999971336751
99.0,281.0,129.88369750976562,4.999999416961559,-4.9999998192065975,4.9999998301616175,4.99999977527742,4.999999992096949,-4.999999163404482,4.999999997241344,-4.999999847567556,4.999999974221716,-4.999999952970255
99.0,281.0,129.88369750976562,4.999999981170396,-4.9999997823737,4.999998498843815,4.999999843951444,4.999999897326526,-4.999998894442202,4.999999998208035,-4.999999895942649,4.9999999691314665,-4.9999998934854055
99.0,281.0,129.88369750976562,4.999999741173489,-4.999999993582172,4.999999999451509,4.999999892613308,4.999999997414791,-4.999999237409626,4.999999987170426,-4.9999999152004815,4.9999999808456685,-4.999999794400818
99.0,281.0,129.88369750976562,4.999999345207459,-4.999999993722049,4.9999998700453006,4.999999989117844,4.999999027698371,-4.9999999701882585,4.999999998324208,-4.999999646864791,4.999999830820786,-4.999999787047818
99.0,281.0,129.88369750976562,4.9999986757860615,-4.999999999218806,4.999999878323842,4.999999327811468,4.999999362974338,-4.999999281227645,4.999999830737515,-4.999999908132855,4.99999992338825,-4.999999994948498
99.0,281.0,129.88369750976562,4.999999449943063,-4.999999303802615,4.99999999952307,4.99999808374537,4.999999732397546,-4.999999900600439,4.999999995394439,-4.999999632403084,4.999999983514357,-4.999999837905348
99.0,281.0,129.88369750976562,4.999998496912111,-4.999999989891806,4.999999909341342,4.999999344437173,4.999999434147933,-4.999999909920462,4.999999992076868,-4.999999998754437,4.999999997221336,-4.999999831367987
99.0,281.0,129.88369750976562,4.999999010610915,-4.999999621339404,4.999999548326307,4.999999631160248,4.999999809506734,-4.999999327644871,4.999999982654843,-4.9999999999303935,4.999999951133344,-4.999999785441421
99.0,281.0,129.88369750976562,4.99999853932028,-4.99999999573994,4.999999823329526,4.999999616104926,4.999999985074468,-4.99999924243606,4.999999978140074,-4.999999998223117,4.99999984008117,-4.99999979377997
99.0,281.0,129.88369750976562,4.999999802626299,-4.99999962849201,4.999999556263097,4.999999608950152,4.999999772831954,-4.999999963725715,4.999999990420739,-4.999999999110986,4.999999999947836,-4.99999993693096
99.0,281.0,129.88369750976562,4.999999749665182,-4.99999996553812,4.999999998129521,4.999999986834452,4.9999999847226615,-4.999999424088628,4.99999998628288,-4.999999948152202,4.99999997081034,-4.999999862543062
99.0,281.0,129.88369750976562,4.999999961330736,-4.999999986262006,4.9999990000301375,4.999999991826343,4.999999989788966,-4.999998795645917,4.999999996349182,-4.999999904308723,4.999999980174233,-4.99999979061049
99.0,281.0,129.88369750976562,4.99999913198806,-4.999999236368906,4.999998539167445,4.999999994468097,4.999999623536006,-4.999999991689277,4.999999990784682,-4.999999999393535,4.9999999524299525,-4.999999802885343
99.0,281.0,129.88369750976562,4.999999707353453,-4.99999999068575,4.99999999888026,4.999999572208655,4.999999987071203,-4.999999514843929,4.99999998784261,-4.999999829391609,4.999999978103313,-4.999999862609295
99.0,281.0,129.88369750976562,4.99999818940679,-4.999999985169978,4.999999089173883,4.999999964357452,4.999999974671473,-4.999999821271656,4.999999981755144,-4.9999999031447455,4.999999730325605,-4.99999981956244
99.0,281.0,129.88369750976562,4.999996143607362,-4.999999953553816,4.999998824072994,4.999999963998286,4.999999998480842,-4.999999728901685,4.99999999707503,-4.999999915862702,4.999999785396371,-4.9999998143112885
99.0,281.0,129.88369750976562,4.99999747882021,-4.999999561244506,4.999997951442406,4.999999997257871,4.999999756577654,-4.9999999058399,4.9999999916249775,-4.999999999632848,4.99999985337096,-4.999999791088314
99.0,281.0,129.88369750976562,4.999999438487697,-4.999999796627321,4.999999776709867,4.999999687578283,4.999999902695179,-4.999999504039164,4.999999991377257,-4.999999881208799,4.999999989253658,-4.999999787880507
99.0,281.0,129.88369750976562,4.999997723464944,-4.999999914316026,4.999998346539417,4.999999997561368,4.999999906517921,-4.999999996434336,4.999999992304069,-4.999999999784648,4.999999851110273,-4.999999944636614
99.0,281.0,129.88369750976562,4.999999082999102,-4.999999998575135,4.999999923411387,4.999999616023865,4.999999562933701,-4.999999263798827,4.999999828449685,-4.99999987583053,4.999999921970063,-4.999999975210635
99.0,281.0,129.88369750976562,4.999998420522251,-4.999999998042998,4.999999914079867,4.999999601719067,4.99999956633628,-4.99999972375463,4.999999830678156,-4.999999856231142,4.999999825147508,-4.999999993947171
99.0,281.0,129.88369750976562,4.9999936208055455,-4.999999990353143,4.999999536573551,4.999999928995921,4.99999999588025,-4.999999969590231,4.999999955324155,-4.999999914817687,4.999999773029205,-4.999999886208292
99.0,281.0,129.88369750976562,4.999999499487384,-4.9999999793994485,4.999999999002201,4.999999997605267,4.99999950880523,-4.999998865370355,4.999999980559231,-4.999999997051294,4.999999998987393,-4.999999895662702
99.0,281.0,129.88369750976562,4.999996699700624,-4.999999015401074,4.999999318968296,4.999999824358751,4.9999996573614105,-4.999999992908959,4.999999994666214,-4.999999999504531,4.999999995753315,-4.999999800510238
99.0,282.0,129.88369750976562,4.999998393049736,-4.9999999639205885,4.999999183393896,4.999999959514477,4.999999970001494,-4.999999744478762,4.999999985735578,-4.999999941534595,4.999999802560382,-4.999999769906124
99.0,282.0,129.88369750976562,4.999999951906325,-4.999998898814851,4.999999972812911,4.99999889734371,4.999999336994564,-4.999999972530881,4.999999999740183,-4.999999494778904,4.999999998780333,-4.999999984983752
99.0,282.0,129.88369750976562,4.999998675152282,-4.999999625946577,4.999999844447411,4.999999738929781,4.999999401137268,-4.999999966940284,4.999999990278488,-4.999999998950593,4.999999997990818,-4.999999837434982
99.0,282.0,129.88369750976562,4.999998616214041,-4.999999991523842,4.999999366109704,4.999999970762889,4.999999771127303,-4.999999910841129,4.999999994452367,-4.999999833078548,4.9999996812358765,-4.99999997513447
99.0,282.0,129.88369750976562,4.999999325360284,-4.999999999795323,4.999999966222046,4.999999806679261,4.999999988963234,-4.999999477304353,4.999999997872225,-4.999999788228831,4.999999933757616,-4.999999938925822
99.0,282.0,129.88369750976562,4.999999043189739,-4.999999989710178,4.999999744927569,4.9999999542146,4.999999990192108,-4.999999519371047,4.999999998849224,-4.9999998180231575,4.999999975233592,-4.999999786528934
99.0,282.0,129.88369750976562,4.999995284099716,-4.999999993854802,4.999999176089284,4.999999887744916,4.999999984064953,-4.999999317150085,4.999999996228367,-4.9999998637642,4.999999826946553,-4.999999779491851
99.0,282.0,129.88369750976562,4.999999650356557,-4.999999999825788,4.999999466478899,4.999999842161449,4.999999995023709,-4.9999989375958975,4.999999998979735,-4.999999773308298,4.999999926652253,-4.999999976505348
99.0,282.0,129.88369750976562,4.999995840834285,-4.999999816936498,4.999999502284775,4.999999780348846,4.999999984336632,-4.9999993143547865,4.999999992522435,-4.9999998901283496,4.999999935636334,-4.999999969487007
99.0,282.0,129.88369750976562,4.99999995878383,-4.999999975442021,4.999999528086171,4.999999993221739,4.9999998901326,-4.999998969205199,4.999999989053324,-4.999999946368952,4.999999926203617,-4.999999812117926
99.0,282.0,129.88369750976562,4.999999806049937,-4.999999251199697,4.999998947196251,4.9999999610175125,4.999999637242654,-4.99999973815471,4.999999991502106,-4.999999986226478,4.999999970591272,-4.99999981513269
99.0,282.0,129.88369750976562,4.999996817192532,-4.9999999961486825,4.999999886712574,4.999999993677881,4.999999951972019,-4.99999999214729,4.999999993168378,-4.999999754364145,4.999999768412532,-4.9999999571282
99.0,282.0,129.88369750976562,4.999998606453361,-4.999999967097521,4.999999321861807,4.999999962717195,4.999999947661522,-4.999999789263498,4.99999999208419,-4.999999906501496,4.999999778015517,-4.999999847692139
99.0,282.0,129.88369750976562,4.99999794567742,-4.999999745982114,4.9999981791936365,4.999999999930876,4.999999822470288,-4.999999697272686,4.999999994796385,-4.999999977415241,4.999999891457886,-4.999999805100348
99.0,282.0,129.88369750976562,4.999999680862515,-4.99999997561649,4.999999202349345,4.99999999429044,4.999999927730237,-4.999999920520677,4.999999988940113,-4.999999994608891,4.999999782866002,-4.999999903689904
99.0,282.0,129.88369750976562,4.999999183012706,-4.999999974235221,4.999999463986834,4.999999327473602,4.999999783544061,-4.99999915025275,4.999999987185736,-4.999999867604896,4.999999818737461,-4.999999985414883
99.0,282.0,129.88369750976562,4.9999999314070624,-4.999999977164306,4.99999969515634,4.999999991326789,4.999999940856364,-4.999998869351892,4.999999987627247,-4.999999945700272,4.999999971660626,-4.999999810219067
99.0,282.0,129.88369750976562,4.999996823954189,-4.999999916628447,4.99999902821954,4.999999998910966,4.999999996940279,-4.999999999803713,4.999999991662074,-4.999999960427447,4.9999998946986,-4.999999935633479
99.0,282.0,129.88369750976562,4.999994036822713,-4.999999982175494,4.999999763997581,4.999999791426465,4.999999979222971,-4.999999826978064,4.999999954970688,-4.999999902171339,4.999999878648276,-4.999999856302477
99.0,282.0,129.88369750976562,4.999999715336943,-4.999999966281545,4.999999382106655,4.999999339237378,4.999999996543513,-4.999999155092524,4.999999984429609,-4.999999948370068,4.999999869552524,-4.999999787907971
99.0,282.0,129.88369750976562,4.999999887249757,-4.999999998812916,4.999999435001985,4.999999729158584,4.999999771087743,-4.999999963759121,4.999999998608711,-4.999999830162187,4.999999995460857,-4.999999986039774
99.0,282.0,129.88369750976562,4.999997848523721,-4.999999984595642,4.999999999909912,4.99999967851701,4.999999771944335,-4.999999712500664,4.999999992428423,-4.999999855416005,4.999999988648389,-4.999999984603841
99.0,282.0,129.88369750976562,4.999999311338192,-4.99999968556676,4.999999999516432,4.999999920861966,4.999999834066658,-4.999999875062828,4.999999987501207,-4.999999934149787,4.99999999438496,-4.999999715451437
99.0,282.0,129.88369750976562,4.999999332606898,-4.99999987921171,4.999997672003195,4.999999999130307,4.999999987068961,-4.999999391400978,4.999999881618264,-4.999999962461375,4.999999960683903,-4.9999998330569415
99.0,282.0,129.88369750976562,4.999998997692642,-4.99999960768909,4.99999923965388,4.999999354472283,4.999999809071095,-4.99999928648632,4.999999981284434,-4.999999990135484,4.999999895486772,-4.9999997821949975
99.0,282.0,129.88369750976562,4.999997794613169,-4.999999994968411,4.999999700250042,4.999999807635453,4.999999872574834,-4.999999711134512,4.9999999916002125,-4.999999831741189,4.999999772149894,-4.999999971336751
99.0,282.0,129.88369750976562,4.999999416961559,-4.9999998192065975,4.9999998301616175,4.99999977527742,4.999999992096949,-4.999999163404482,4.999999997241344,-4.999999847567556,4.999999974221716,-4.999999952970255
99.0,282.0,129.88369750976562,4.999999981170396,-4.9999997823737,4.999998498843815,4.999999843951444,4.999999897326526,-4.999998894442202,4.999999998208035,-4.999999895942649,4.9999999691314665,-4.9999998934854055
99.0,282.0,129.88369750976562,4.999999741173489,-4.999999993582172,4.999999999451509,4.999999892613308,4.999999997414791,-4.999999237409626,4.999999987170426,-4.9999999152004815,4.9999999808456685,-4.999999794400818
99.0,282.0,129.88369750976562,4.999999345207459,-4.999999993722049,4.9999998700453006,4.999999989117844,4.999999027698371,-4.9999999701882585,4.999999998324208,-4.999999646864791,4.999999830820786,-4.999999787047818
99.0,282.0,129.88369750976562,4.9999986757860615,-4.999999999218806,4.999999878323842,4.999999327811468,4.999999362974338,-4.999999281227645,4.999999830737515,-4.999999908132855,4.99999992338825,-4.999999994948498
99.0,282.0,129.88369750976562,4.999999449943063,-4.999999303802615,4.99999999952307,4.99999808374537,4.999999732397546,-4.999999900600439,4.999999995394439,-4.999999632403084,4.999999983514357,-4.999999837905348
99.0,282.0,129.88369750976562,4.999998496912111,-4.999999989891806,4.999999909341342,4.999999344437173,4.999999434147933,-4.999999909920462,4.999999992076868,-4.999999998754437,4.999999997221336,-4.999999831367987
99.0,282.0,129.88369750976562,4.999999010610915,-4.999999621339404,4.999999548326307,4.999999631160248,4.999999809506734,-4.999999327644871,4.999999982654843,-4.9999999999303935,4.999999951133344,-4.999999785441421
99.0,282.0,129.88369750976562,4.99999853932028,-4.99999999573994,4.999999823329526,4.999999616104926,4.999999985074468,-4.99999924243606,4.999999978140074,-4.999999998223117,4.99999984008117,-4.99999979377997
99.0,282.0,129.88369750976562,4.999999802626299,-4.99999962849201,4.999999556263097,4.999999608950152,4.999999772831954,-4.999999963725715,4.999999990420739,-4.999999999110986,4.999999999947836,-4.99999993693096
99.0,282.0,129.88369750976562,4.999999749665182,-4.99999996553812,4.999999998129521,4.999999986834452,4.9999999847226615,-4.999999424088628,4.99999998628288,-4.999999948152202,4.99999997081034,-4.999999862543062
99.0,282.0,129.88369750976562,4.999999961330736,-4.999999986262006,4.9999990000301375,4.999999991826343,4.999999989788966,-4.999998795645917,4.999999996349182,-4.999999904308723,4.999999980174233,-4.99999979061049
99.0,282.0,129.88369750976562,4.99999913198806,-4.999999236368906,4.999998539167445,4.999999994468097,4.999999623536006,-4.999999991689277,4.999999990784682,-4.999999999393535,4.9999999524299525,-4.999999802885343
99.0,282.0,129.88369750976562,4.999999707353453,-4.99999999068575,4.99999999888026,4.999999572208655,4.999999987071203,-4.999999514843929,4.99999998784261,-4.999999829391609,4.999999978103313,-4.999999862609295
99.0,282.0,129.88369750976562,4.99999818940679,-4.999999985169978,4.999999089173883,4.999999964357452,4.999999974671473,-4.999999821271656,4.999999981755144,-4.9999999031447455,4.999999730325605,-4.99999981956244
99.0,282.0,129.88369750976562,4.999996143607362,-4.999999953553816,4.999998824072994,4.999999963998286,4.999999998480842,-4.999999728901685,4.99999999707503,-4.999999915862702,4.999999785396371,-4.9999998143112885
99.0,282.0,129.88369750976562,4.99999747882021,-4.999999561244506,4.999997951442406,4.999999997257871,4.999999756577654,-4.9999999058399,4.9999999916249775,-4.999999999632848,4.99999985337096,-4.999999791088314
99.0,282.0,129.88369750976562,4.999999438487697,-4.999999796627321,4.999999776709867,4.999999687578283,4.999999902695179,-4.999999504039164,4.999999991377257,-4.999999881208799,4.999999989253658,-4.999999787880507
99.0,282.0,129.88369750976562,4.999997723464944,-4.999999914316026,4.999998346539417,4.999999997561368,4.999999906517921,-4.999999996434336,4.999999992304069,-4.999999999784648,4.999999851110273,-4.999999944636614
99.0,282.0,129.88369750976562,4.999999082999102,-4.999999998575135,4.999999923411387,4.999999616023865,4.999999562933701,-4.999999263798827,4.999999828449685,-4.99999987583053,4.999999921970063,-4.999999975210635
99.0,282.0,129.88369750976562,4.999998420522251,-4.999999998042998,4.999999914079867,4.999999601719067,4.99999956633628,-4.99999972375463,4.999999830678156,-4.999999856231142,4.999999825147508,-4.999999993947171
99.0,282.0,129.88369750976562,4.9999936208055455,-4.999999990353143,4.999999536573551,4.999999928995921,4.99999999588025,-4.999999969590231,4.999999955324155,-4.999999914817687,4.999999773029205,-4.999999886208292
99.0,282.0,129.88369750976562,4.999999499487384,-4.9999999793994485,4.999999999002201,4.999999997605267,4.99999950880523,-4.999998865370355,4.999999980559231,-4.999999997051294,4.999999998987393,-4.999999895662702
99.0,282.0,129.88369750976562,4.999996699700624,-4.999999015401074,4.999999318968296,4.999999824358751,4.9999996573614105,-4.999999992908959,4.999999994666214,-4.999999999504531,4.999999995753315,-4.999999800510238
99.0,283.0,129.88369750976562,4.999998393049736,-4.9999999639205885,4.999999183393896,4.999999959514477,4.999999970001494,-4.999999744478762,4.999999985735578,-4.999999941534595,4.999999802560382,-4.999999769906124
99.0,283.0,129.88369750976562,4.999999951906325,-4.999998898814851,4.999999972812911,4.99999889734371,4.999999336994564,-4.999999972530881,4.999999999740183,-4.999999494778904,4.999999998780333,-4.999999984983752
99.0,283.0,129.88369750976562,4.999998675152282,-4.999999625946577,4.999999844447411,4.999999738929781,4.999999401137268,-4.999999966940284,4.999999990278488,-4.999999998950593,4.999999997990818,-4.999999837434982
99.0,283.0,129.88369750976562,4.999998616214041,-4.999999991523842,4.999999366109704,4.999999970762889,4.999999771127303,-4.999999910841129,4.999999994452367,-4.999999833078548,4.9999996812358765,-4.99999997513447
99.0,283.0,129.88369750976562,4.999999325360284,-4.999999999795323,4.999999966222046,4.999999806679261,4.999999988963234,-4.999999477304353,4.999999997872225,-4.999999788228831,4.999999933757616,-4.999999938925822
99.0,283.0,129.88369750976562,4.999999043189739,-4.999999989710178,4.999999744927569,4.9999999542146,4.999999990192108,-4.999999519371047,4.999999998849224,-4.9999998180231575,4.999999975233592,-4.999999786528934
99.0,283.0,129.88369750976562,4.999995284099716,-4.999999993854802,4.999999176089284,4.999999887744916,4.999999984064953,-4.999999317150085,4.999999996228367,-4.9999998637642,4.999999826946553,-4.999999779491851
99.0,283.0,129.88369750976562,4.999999650356557,-4.999999999825788,4.999999466478899,4.999999842161449,4.999999995023709,-4.9999989375958975,4.999999998979735,-4.999999773308298,4.999999926652253,-4.999999976505348
99.0,283.0,129.88369750976562,4.999995840834285,-4.999999816936498,4.999999502284775,4.999999780348846,4.999999984336632,-4.9999993143547865,4.999999992522435,-4.9999998901283496,4.999999935636334,-4.999999969487007
99.0,283.0,129.88369750976562,4.99999995878383,-4.999999975442021,4.999999528086171,4.999999993221739,4.9999998901326,-4.999998969205199,4.999999989053324,-4.999999946368952,4.999999926203617,-4.999999812117926
99.0,283.0,129.88369750976562,4.999999806049937,-4.999999251199697,4.999998947196251,4.9999999610175125,4.999999637242654,-4.99999973815471,4.999999991502106,-4.999999986226478,4.999999970591272,-4.99999981513269
99.0,283.0,129.88369750976562,4.999996817192532,-4.9999999961486825,4.999999886712574,4.999999993677881,4.999999951972019,-4.99999999214729,4.999999993168378,-4.999999754364145,4.999999768412532,-4.9999999571282
99.0,283.0,129.88369750976562,4.999998606453361,-4.999999967097521,4.999999321861807,4.999999962717195,4.999999947661522,-4.999999789263498,4.99999999208419,-4.999999906501496,4.999999778015517,-4.999999847692139
99.0,283.0,129.88369750976562,4.99999794567742,-4.999999745982114,4.9999981791936365,4.999999999930876,4.999999822470288,-4.999999697272686,4.999999994796385,-4.999999977415241,4.999999891457886,-4.999999805100348
99.0,283.0,129.88369750976562,4.999999680862515,-4.99999997561649,4.999999202349345,4.99999999429044,4.999999927730237,-4.999999920520677,4.999999988940113,-4.999999994608891,4.999999782866002,-4.999999903689904
99.0,283.0,129.88369750976562,4.999999183012706,-4.999999974235221,4.999999463986834,4.999999327473602,4.999999783544061,-4.99999915025275,4.999999987185736,-4.999999867604896,4.999999818737461,-4.999999985414883
99.0,283.0,129.88369750976562,4.9999999314070624,-4.999999977164306,4.99999969515634,4.999999991326789,4.999999940856364,-4.999998869351892,4.999999987627247,-4.999999945700272,4.999999971660626,-4.999999810219067
99.0,283.0,129.88369750976562,4.999996823954189,-4.999999916628447,4.99999902821954,4.999999998910966,4.999999996940279,-4.999999999803713,4.999999991662074,-4.999999960427447,4.9999998946986,-4.999999935633479
99.0,283.0,129.88369750976562,4.999994036822713,-4.999999982175494,4.999999763997581,4.999999791426465,4.999999979222971,-4.999999826978064,4.999999954970688,-4.999999902171339,4.999999878648276,-4.999999856302477
99.0,283.0,129.88369750976562,4.999999715336943,-4.999999966281545,4.999999382106655,4.999999339237378,4.999999996543513,-4.999999155092524,4.999999984429609,-4.999999948370068,4.999999869552524,-4.999999787907971
99.0,283.0,129.88369750976562,4.999999887249757,-4.999999998812916,4.999999435001985,4.999999729158584,4.999999771087743,-4.999999963759121,4.999999998608711,-4.999999830162187,4.999999995460857,-4.999999986039774
99.0,283.0,129.88369750976562,4.999997848523721,-4.999999984595642,4.999999999909912,4.99999967851701,4.999999771944335,-4.999999712500664,4.999999992428423,-4.999999855416005,4.999999988648389,-4.999999984603841
99.0,283.0,129.88369750976562,4.999999311338192,-4.99999968556676,4.999999999516432,4.999999920861966,4.999999834066658,-4.999999875062828,4.999999987501207,-4.999999934149787,4.99999999438496,-4.999999715451437
99.0,283.0,129.88369750976562,4.999999332606898,-4.99999987921171,4.999997672003195,4.999999999130307,4.999999987068961,-4.999999391400978,4.999999881618264,-4.999999962461375,4.999999960683903,-4.9999998330569415
99.0,283.0,129.88369750976562,4.999998997692642,-4.99999960768909,4.99999923965388,4.999999354472283,4.999999809071095,-4.99999928648632,4.999999981284434,-4.999999990135484,4.999999895486772,-4.9999997821949975
99.0,283.0,129.88369750976562,4.999997794613169,-4.999999994968411,4.999999700250042,4.999999807635453,4.999999872574834,-4.999999711134512,4.9999999916002125,-4.999999831741189,4.999999772149894,-4.999999971336751
99.0,283.0,129.88369750976562,4.999999416961559,-4.9999998192065975,4.9999998301616175,4.99999977527742,4.999999992096949,-4.999999163404482,4.999999997241344,-4.999999847567556,4.999999974221716,-4.999999952970255
99.0,283.0,129.88369750976562,4.999999981170396,-4.9999997823737,4.999998498843815,4.999999843951444,4.999999897326526,-4.999998894442202,4.999999998208035,-4.999999895942649,4.9999999691314665,-4.9999998934854055
99.0,283.0,129.88369750976562,4.999999741173489,-4.999999993582172,4.999999999451509,4.999999892613308,4.999999997414791,-4.999999237409626,4.999999987170426,-4.9999999152004815,4.9999999808456685,-4.999999794400818
99.0,283.0,129.88369750976562,4.999999345207459,-4.999999993722049,4.9999998700453006,4.999999989117844,4.999999027698371,-4.9999999701882585,4.999999998324208,-4.999999646864791,4.999999830820786,-4.999999787047818
99.0,283.0,129.88369750976562,4.9999986757860615,-4.999999999218806,4.999999878323842,4.999999327811468,4.999999362974338,-4.999999281227645,4.999999830737515,-4.999999908132855,4.99999992338825,-4.999999994948498
99.0,283.0,129.88369750976562,4.999999449943063,-4.999999303802615,4.99999999952307,4.99999808374537,4.999999732397546,-4.999999900600439,4.999999995394439,-4.999999632403084,4.999999983514357,-4.999999837905348
99.0,283.0,129.88369750976562,4.999998496912111,-4.999999989891806,4.999999909341342,4.999999344437173,4.999999434147933,-4.999999909920462,4.999999992076868,-4.999999998754437,4.999999997221336,-4.999999831367987
99.0,283.0,129.88369750976562,4.999999010610915,-4.999999621339404,4.999999548326307,4.999999631160248,4.999999809506734,-4.999999327644871,4.999999982654843,-4.9999999999303935,4.999999951133344,-4.999999785441421
99.0,283.0,129.88369750976562,4.99999853932028,-4.99999999573994,4.999999823329526,4.999999616104926,4.999999985074468,-4.99999924243606,4.999999978140074,-4.999999998223117,4.99999984008117,-4.99999979377997
99.0,283.0,129.88369750976562,4.999999802626299,-4.99999962849201,4.999999556263097,4.999999608950152,4.999999772831954,-4.999999963725715,4.999999990420739,-4.999999999110986,4.999999999947836,-4.99999993693096
99.0,283.0,129.88369750976562,4.999999749665182,-4.99999996553812,4.999999998129521,4.999999986834452,4.9999999847226615,-4.999999424088628,4.99999998628288,-4.999999948152202,4.99999997081034,-4.999999862543062
99.0,283.0,129.88369750976562,4.999999961330736,-4.999999986262006,4.9999990000301375,4.999999991826343,4.999999989788966,-4.999998795645917,4.999999996349182,-4.999999904308723,4.999999980174233,-4.99999979061049
99.0,283.0,129.88369750976562,4.99999913198806,-4.999999236368906,4.999998539167445,4.999999994468097,4.999999623536006,-4.999999991689277,4.999999990784682,-4.999999999393535,4.9999999524299525,-4.999999802885343
99.0,283.0,129.88369750976562,4.999999707353453,-4.99999999068575,4.99999999888026,4.999999572208655,4.999999987071203,-4.999999514843929,4.99999998784261,-4.999999829391609,4.999999978103313,-4.999999862609295
99.0,283.0,129.88369750976562,4.99999818940679,-4.999999985169978,4.999999089173883,4.999999964357452,4.999999974671473,-4.999999821271656,4.999999981755144,-4.9999999031447455,4.999999730325605,-4.99999981956244
99.0,283.0,129.88369750976562,4.999996143607362,-4.999999953553816,4.999998824072994,4.999999963998286,4.999999998480842,-4.999999728901685,4.99999999707503,-4.999999915862702,4.999999785396371,-4.9999998143112885
99.0,283.0,129.88369750976562,4.99999747882021,-4.999999561244506,4.999997951442406,4.999999997257871,4.999999756577654,-4.9999999058399,4.9999999916249775,-4.999999999632848,4.99999985337096,-4.999999791088314
99.0,283.0,129.88369750976562,4.999999438487697,-4.999999796627321,4.999999776709867,4.999999687578283,4.999999902695179,-4.999999504039164,4.999999991377257,-4.999999881208799,4.999999989253658,-4.999999787880507
99.0,283.0,129.88369750976562,4.999997723464944,-4.999999914316026,4.999998346539417,4.999999997561368,4.999999906517921,-4.999999996434336,4.999999992304069,-4.999999999784648,4.999999851110273,-4.999999944636614
99.0,283.0,129.88369750976562,4.999999082999102,-4.999999998575135,4.999999923411387,4.999999616023865,4.999999562933701,-4.999999263798827,4.999999828449685,-4.99999987583053,4.999999921970063,-4.999999975210635
99.0,283.0,129.88369750976562,4.999998420522251,-4.999999998042998,4.999999914079867,4.999999601719067,4.99999956633628,-4.99999972375463,4.999999830678156,-4.999999856231142,4.999999825147508,-4.999999993947171
99.0,283.0,129.88369750976562,4.9999936208055455,-4.999999990353143,4.999999536573551,4.999999928995921,4.99999999588025,-4.999999969590231,4.999999955324155,-4.999999914817687,4.999999773029205,-4.999999886208292
99.0,283.0,129.88369750976562,4.999999499487384,-4.9999999793994485,4.999999999002201,4.999999997605267,4.99999950880523,-4.999998865370355,4.999999980559231,-4.999999997051294,4.999999998987393,-4.999999895662702
99.0,283.0,129.88369750976562,4.999996699700624,-4.999999015401074,4.999999318968296,4.999999824358751,4.9999996573614105,-4.999999992908959,4.999999994666214,-4.999999999504531,4.999999995753315,-4.999999800510238
99.0,284.0,129.88369750976562,4.999998393049736,-4.9999999639205885,4.999999183393896,4.999999959514477,4.999999970001494,-4.999999744478762,4.999999985735578,-4.999999941534595,4.999999802560382,-4.999999769906124
99.0,284.0,129.88369750976562,4.999999951906325,-4.999998898814851,4.999999972812911,4.99999889734371,4.999999336994564,-4.999999972530881,4.999999999740183,-4.999999494778904,4.999999998780333,-4.999999984983752
99.0,284.0,129.88369750976562,4.999998675152282,-4.999999625946577,4.999999844447411,4.999999738929781,4.999999401137268,-4.999999966940284,4.999999990278488,-4.999999998950593,4.999999997990818,-4.999999837434982
99.0,284.0,129.88369750976562,4.999998616214041,-4.999999991523842,4.999999366109704,4.999999970762889,4.999999771127303,-4.999999910841129,4.999999994452367,-4.999999833078548,4.9999996812358765,-4.99999997513447
99.0,284.0,129.88369750976562,4.999999325360284,-4.999999999795323,4.999999966222046,4.999999806679261,4.999999988963234,-4.999999477304353,4.999999997872225,-4.999999788228831,4.999999933757616,-4.999999938925822
99.0,284.0,129.88369750976562,4.999999043189739,-4.999999989710178,4.999999744927569,4.9999999542146,4.999999990192108,-4.999999519371047,4.999999998849224,-4.9999998180231575,4.999999975233592,-4.999999786528934
99.0,284.0,129.88369750976562,4.999995284099716,-4.999999993854802,4.999999176089284,4.999999887744916,4.999999984064953,-4.999999317150085,4.999999996228367,-4.9999998637642,4.999999826946553,-4.999999779491851
99.0,284.0,129.88369750976562,4.999999650356557,-4.999999999825788,4.999999466478899,4.999999842161449,4.999999995023709,-4.9999989375958975,4.999999998979735,-4.999999773308298,4.999999926652253,-4.999999976505348
99.0,284.0,129.88369750976562,4.999995840834285,-4.999999816936498,4.999999502284775,4.999999780348846,4.999999984336632,-4.9999993143547865,4.999999992522435,-4.9999998901283496,4.999999935636334,-4.999999969487007
99.0,284.0,129.88369750976562,4.99999995878383,-4.999999975442021,4.999999528086171,4.999999993221739,4.9999998901326,-4.999998969205199,4.999999989053324,-4.999999946368952,4.999999926203617,-4.999999812117926
99.0,284.0,129.88369750976562,4.999999806049937,-4.999999251199697,4.999998947196251,4.9999999610175125,4.999999637242654,-4.99999973815471,4.999999991502106,-4.999999986226478,4.999999970591272,-4.99999981513269
99.0,284.0,129.88369750976562,4.999996817192532,-4.9999999961486825,4.999999886712574,4.999999993677881,4.999999951972019,-4.99999999214729,4.999999993168378,-4.999999754364145,4.999999768412532,-4.9999999571282
99.0,284.0,129.88369750976562,4.999998606453361,-4.999999967097521,4.999999321861807,4.999999962717195,4.999999947661522,-4.999999789263498,4.99999999208419,-4.999999906501496,4.999999778015517,-4.999999847692139
99.0,284.0,129.88369750976562,4.99999794567742,-4.999999745982114,4.9999981791936365,4.999999999930876,4.999999822470288,-4.999999697272686,4.999999994796385,-4.999999977415241,4.999999891457886,-4.999999805100348
99.0,284.0,129.88369750976562,4.999999680862515,-4.99999997561649,4.999999202349345,4.99999999429044,4.999999927730237,-4.999999920520677,4.999999988940113,-4.999999994608891,4.999999782866002,-4.999999903689904
99.0,284.0,129.88369750976562,4.999999183012706,-4.999999974235221,4.999999463986834,4.999999327473602,4.999999783544061,-4.99999915025275,4.999999987185736,-4.999999867604896,4.999999818737461,-4.999999985414883
99.0,284.0,129.88369750976562,4.9999999314070624,-4.999999977164306,4.99999969515634,4.999999991326789,4.999999940856364,-4.999998869351892,4.999999987627247,-4.999999945700272,4.999999971660626,-4.999999810219067
99.0,284.0,129.88369750976562,4.999996823954189,-4.999999916628447,4.99999902821954,4.999999998910966,4.999999996940279,-4.999999999803713,4.999999991662074,-4.999999960427447,4.9999998946986,-4.999999935633479
99.0,284.0,129.88369750976562,4.999994036822713,-4.999999982175494,4.999999763997581,4.999999791426465,4.999999979222971,-4.999999826978064,4.999999954970688,-4.999999902171339,4.999999878648276,-4.999999856302477
99.0,284.0,129.88369750976562,4.999999715336943,-4.999999966281545,4.999999382106655,4.999999339237378,4.999999996543513,-4.999999155092524,4.999999984429609,-4.999999948370068,4.999999869552524,-4.999999787907971
99.0,284.0,129.88369750976562,4.999999887249757,-4.999999998812916,4.999999435001985,4.999999729158584,4.999999771087743,-4.999999963759121,4.999999998608711,-4.999999830162187,4.999999995460857,-4.999999986039774
99.0,284.0,129.88369750976562,4.999997848523721,-4.999999984595642,4.999999999909912,4.99999967851701,4.999999771944335,-4.999999712500664,4.999999992428423,-4.999999855416005,4.999999988648389,-4.999999984603841
99.0,284.0,129.88369750976562,4.999999311338192,-4.99999968556676,4.999999999516432,4.999999920861966,4.999999834066658,-4.999999875062828,4.999999987501207,-4.999999934149787,4.99999999438496,-4.999999715451437
99.0,284.0,129.88369750976562,4.999999332606898,-4.99999987921171,4.999997672003195,4.999999999130307,4.999999987068961,-4.999999391400978,4.999999881618264,-4.999999962461375,4.999999960683903,-4.9999998330569415
99.0,284.0,129.88369750976562,4.999998997692642,-4.99999960768909,4.99999923965388,4.999999354472283,4.999999809071095,-4.99999928648632,4.999999981284434,-4.999999990135484,4.999999895486772,-4.9999997821949975
99.0,284.0,129.88369750976562,4.999997794613169,-4.999999994968411,4.999999700250042,4.999999807635453,4.999999872574834,-4.999999711134512,4.9999999916002125,-4.999999831741189,4.999999772149894,-4.999999971336751
99.0,284.0,129.88369750976562,4.999999416961559,-4.9999998192065975,4.9999998301616175,4.99999977527742,4.999999992096949,-4.999999163404482,4.999999997241344,-4.999999847567556,4.999999974221716,-4.999999952970255
99.0,284.0,129.88369750976562,4.999999981170396,-4.9999997823737,4.999998498843815,4.999999843951444,4.999999897326526,-4.999998894442202,4.999999998208035,-4.999999895942649,4.9999999691314665,-4.9999998934854055
99.0,284.0,129.88369750976562,4.999999741173489,-4.999999993582172,4.999999999451509,4.999999892613308,4.999999997414791,-4.999999237409626,4.999999987170426,-4.9999999152004815,4.9999999808456685,-4.999999794400818
99.0,284.0,129.88369750976562,4.999999345207459,-4.999999993722049,4.9999998700453006,4.999999989117844,4.999999027698371,-4.9999999701882585,4.999999998324208,-4.999999646864791,4.999999830820786,-4.999999787047818
99.0,284.0,129.88369750976562,4.9999986757860615,-4.999999999218806,4.999999878323842,4.999999327811468,4.999999362974338,-4.999999281227645,4.999999830737515,-4.999999908132855,4.99999992338825,-4.999999994948498
99.0,284.0,129.88369750976562,4.999999449943063,-4.999999303802615,4.99999999952307,4.99999808374537,4.999999732397546,-4.999999900600439,4.999999995394439,-4.999999632403084,4.999999983514357,-4.999999837905348
99.0,284.0,129.88369750976562,4.999998496912111,-4.999999989891806,4.999999909341342,4.999999344437173,4.999999434147933,-4.999999909920462,4.999999992076868,-4.999999998754437,4.999999997221336,-4.999999831367987
99.0,284.0,129.88369750976562,4.999999010610915,-4.999999621339404,4.999999548326307,4.999999631160248,4.999999809506734,-4.999999327644871,4.999999982654843,-4.9999999999303935,4.999999951133344,-4.999999785441421
99.0,284.0,129.88369750976562,4.99999853932028,-4.99999999573994,4.999999823329526,4.999999616104926,4.999999985074468,-4.99999924243606,4.999999978140074,-4.999999998223117,4.99999984008117,-4.99999979377997
99.0,284.0,129.88369750976562,4.999999802626299,-4.99999962849201,4.999999556263097,4.999999608950152,4.999999772831954,-4.999999963725715,4.999999990420739,-4.999999999110986,4.999999999947836,-4.99999993693096
99.0,284.0,129.88369750976562,4.999999749665182,-4.99999996553812,4.999999998129521,4.999999986834452,4.9999999847226615,-4.999999424088628,4.99999998628288,-4.999999948152202,4.99999997081034,-4.999999862543062
99.0,284.0,129.88369750976562,4.999999961330736,-4.999999986262006,4.9999990000301375,4.999999991826343,4.999999989788966,-4.999998795645917,4.999999996349182,-4.999999904308723,4.999999980174233,-4.99999979061049
99.0,284.0,129.88369750976562,4.99999913198806,-4.999999236368906,4.999998539167445,4.999999994468097,4.999999623536006,-4.999999991689277,4.999999990784682,-4.999999999393535,4.9999999524299525,-4.999999802885343
99.0,284.0,129.88369750976562,4.999999707353453,-4.99999999068575,4.99999999888026,4.999999572208655,4.999999987071203,-4.999999514843929,4.99999998784261,-4.999999829391609,4.999999978103313,-4.999999862609295
99.0,284.0,129.88369750976562,4.99999818940679,-4.999999985169978,4.999999089173883,4.999999964357452,4.999999974671473,-4.999999821271656,4.999999981755144,-4.9999999031447455,4.999999730325605,-4.99999981956244
99.0,284.0,129.88369750976562,4.999996143607362,-4.999999953553816,4.999998824072994,4.999999963998286,4.999999998480842,-4.999999728901685,4.99999999707503,-4.999999915862702,4.999999785396371,-4.9999998143112885
99.0,284.0,129.88369750976562,4.99999747882021,-4.999999561244506,4.999997951442406,4.999999997257871,4.999999756577654,-4.9999999058399,4.9999999916249775,-4.999999999632848,4.99999985337096,-4.999999791088314
99.0,284.0,129.88369750976562,4.999999438487697,-4.999999796627321,4.999999776709867,4.999999687578283,4.999999902695179,-4.999999504039164,4.999999991377257,-4.999999881208799,4.999999989253658,-4.999999787880507
99.0,284.0,129.88369750976562,4.999997723464944,-4.999999914316026,4.999998346539417,4.999999997561368,4.999999906517921,-4.999999996434336,4.999999992304069,-4.999999999784648,4.999999851110273,-4.999999944636614
99.0,284.0,129.88369750976562,4.999999082999102,-4.999999998575135,4.999999923411387,4.999999616023865,4.999999562933701,-4.999999263798827,4.999999828449685,-4.99999987583053,4.999999921970063,-4.999999975210635
99.0,284.0,129.88369750976562,4.999998420522251,-4.999999998042998,4.999999914079867,4.999999601719067,4.99999956633628,-4.99999972375463,4.999999830678156,-4.999999856231142,4.999999825147508,-4.999999993947171
99.0,284.0,129.88369750976562,4.9999936208055455,-4.999999990353143,4.999999536573551,4.999999928995921,4.99999999588025,-4.999999969590231,4.999999955324155,-4.999999914817687,4.999999773029205,-4.999999886208292
99.0,284.0,129.88369750976562,4.999999499487384,-4.9999999793994485,4.999999999002201,4.999999997605267,4.99999950880523,-4.999998865370355,4.999999980559231,-4.999999997051294,4.999999998987393,-4.999999895662702
99.0,284.0,129.88369750976562,4.999996699700624,-4.999999015401074,4.999999318968296,4.999999824358751,4.9999996573614105,-4.999999992908959,4.999999994666214,-4.999999999504531,4.999999995753315,-4.999999800510238
99.0,285.0,129.88369750976562,4.999998393049736,-4.9999999639205885,4.999999183393896,4.999999959514477,4.999999970001494,-4.999999744478762,4.999999985735578,-4.999999941534595,4.999999802560382,-4.999999769906124
99.0,285.0,129.88369750976562,4.999999951906325,-4.999998898814851,4.999999972812911,4.99999889734371,4.999999336994564,-4.999999972530881,4.999999999740183,-4.999999494778904,4.999999998780333,-4.999999984983752
99.0,285.0,129.88369750976562,4.999998675152282,-4.999999625946577,4.999999844447411,4.999999738929781,4.999999401137268,-4.999999966940284,4.999999990278488,-4.999999998950593,4.999999997990818,-4.999999837434982
99.0,285.0,129.88369750976562,4.999998616214041,-4.999999991523842,4.999999366109704,4.999999970762889,4.999999771127303,-4.999999910841129,4.999999994452367,-4.999999833078548,4.9999996812358765,-4.99999997513447
99.0,285.0,129.88369750976562,4.999999325360284,-4.999999999795323,4.999999966222046,4.999999806679261,4.999999988963234,-4.999999477304353,4.999999997872225,-4.999999788228831,4.999999933757616,-4.999999938925822
99.0,285.0,129.88369750976562,4.999999043189739,-4.999999989710178,4.999999744927569,4.9999999542146,4.999999990192108,-4.999999519371047,4.999999998849224,-4.9999998180231575,4.999999975233592,-4.999999786528934
99.0,285.0,129.88369750976562,4.999995284099716,-4.999999993854802,4.999999176089284,4.999999887744916,4.999999984064953,-4.999999317150085,4.999999996228367,-4.9999998637642,4.999999826946553,-4.999999779491851
99.0,285.0,129.88369750976562,4.999999650356557,-4.999999999825788,4.999999466478899,4.999999842161449,4.999999995023709,-4.9999989375958975,4.999999998979735,-4.999999773308298,4.999999926652253,-4.999999976505348
99.0,285.0,129.88369750976562,4.999995840834285,-4.999999816936498,4.999999502284775,4.999999780348846,4.999999984336632,-4.9999993143547865,4.999999992522435,-4.9999998901283496,4.999999935636334,-4.999999969487007
99.0,285.0,129.88369750976562,4.99999995878383,-4.999999975442021,4.999999528086171,4.999999993221739,4.9999998901326,-4.999998969205199,4.999999989053324,-4.999999946368952,4.999999926203617,-4.999999812117926
99.0,285.0,129.88369750976562,4.999999806049937,-4.999999251199697,4.999998947196251,4.9999999610175125,4.999999637242654,-4.99999973815471,4.999999991502106,-4.999999986226478,4.999999970591272,-4.99999981513269
99.0,285.0,129.88369750976562,4.999996817192532,-4.9999999961486825,4.999999886712574,4.999999993677881,4.999999951972019,-4.99999999214729,4.999999993168378,-4.999999754364145,4.999999768412532,-4.9999999571282
99.0,285.0,129.88369750976562,4.999998606453361,-4.999999967097521,4.999999321861807,4.999999962717195,4.999999947661522,-4.999999789263498,4.99999999208419,-4.999999906501496,4.999999778015517,-4.999999847692139
99.0,285.0,129.88369750976562,4.99999794567742,-4.999999745982114,4.9999981791936365,4.999999999930876,4.999999822470288,-4.999999697272686,4.999999994796385,-4.999999977415241,4.999999891457886,-4.999999805100348
99.0,285.0,129.88369750976562,4.999999680862515,-4.99999997561649,4.999999202349345,4.99999999429044,4.999999927730237,-4.999999920520677,4.999999988940113,-4.999999994608891,4.999999782866002,-4.999999903689904
99.0,285.0,129.88369750976562,4.999999183012706,-4.999999974235221,4.999999463986834,4.999999327473602,4.999999783544061,-4.99999915025275,4.999999987185736,-4.999999867604896,4.999999818737461,-4.999999985414883
99.0,285.0,129.88369750976562,4.9999999314070624,-4.999999977164306,4.99999969515634,4.999999991326789,4.999999940856364,-4.999998869351892,4.999999987627247,-4.999999945700272,4.999999971660626,-4.999999810219067
99.0,285.0,129.88369750976562,4.999996823954189,-4.999999916628447,4.99999902821954,4.999999998910966,4.999999996940279,-4.999999999803713,4.999999991662074,-4.999999960427447,4.9999998946986,-4.999999935633479
99.0,285.0,129.88369750976562,4.999994036822713,-4.999999982175494,4.999999763997581,4.999999791426465,4.999999979222971,-4.999999826978064,4.999999954970688,-4.999999902171339,4.999999878648276,-4.999999856302477
99.0,285.0,129.88369750976562,4.999999715336943,-4.999999966281545,4.999999382106655,4.999999339237378,4.999999996543513,-4.999999155092524,4.999999984429609,-4.999999948370068,4.999999869552524,-4.999999787907971
99.0,285.0,129.88369750976562,4.999999887249757,-4.999999998812916,4.999999435001985,4.999999729158584,4.999999771087743,-4.999999963759121,4.999999998608711,-4.999999830162187,4.999999995460857,-4.999999986039774
99.0,285.0,129.88369750976562,4.999997848523721,-4.999999984595642,4.999999999909912,4.99999967851701,4.999999771944335,-4.999999712500664,4.999999992428423,-4.999999855416005,4.999999988648389,-4.999999984603841
99.0,285.0,129.88369750976562,4.999999311338192,-4.99999968556676,4.999999999516432,4.999999920861966,4.999999834066658,-4.999999875062828,4.999999987501207,-4.999999934149787,4.99999999438496,-4.999999715451437
99.0,285.0,129.88369750976562,4.999999332606898,-4.99999987921171,4.999997672003195,4.999999999130307,4.999999987068961,-4.999999391400978,4.999999881618264,-4.999999962461375,4.999999960683903,-4.9999998330569415
99.0,285.0,129.88369750976562,4.999998997692642,-4.99999960768909,4.99999923965388,4.999999354472283,4.999999809071095,-4.99999928648632,4.999999981284434,-4.999999990135484,4.999999895486772,-4.9999997821949975
99.0,285.0,129.88369750976562,4.999997794613169,-4.999999994968411,4.999999700250042,4.999999807635453,4.999999872574834,-4.999999711134512,4.9999999916002125,-4.999999831741189,4.999999772149894,-4.999999971336751
99.0,285.0,129.88369750976562,4.999999416961559,-4.9999998192065975,4.9999998301616175,4.99999977527742,4.999999992096949,-4.999999163404482,4.999999997241344,-4.999999847567556,4.999999974221716,-4.999999952970255
99.0,285.0,129.88369750976562,4.999999981170396,-4.9999997823737,4.999998498843815,4.999999843951444,4.999999897326526,-4.999998894442202,4.999999998208035,-4.999999895942649,4.9999999691314665,-4.9999998934854055
99.0,285.0,129.88369750976562,4.999999741173489,-4.999999993582172,4.999999999451509,4.999999892613308,4.999999997414791,-4.999999237409626,4.999999987170426,-4.9999999152004815,4.9999999808456685,-4.999999794400818
99.0,285.0,129.88369750976562,4.999999345207459,-4.999999993722049,4.9999998700453006,4.999999989117844,4.999999027698371,-4.9999999701882585,4.999999998324208,-4.999999646864791,4.999999830820786,-4.999999787047818
99.0,285.0,129.88369750976562,4.9999986757860615,-4.999999999218806,4.999999878323842,4.999999327811468,4.999999362974338,-4.999999281227645,4.999999830737515,-4.999999908132855,4.99999992338825,-4.999999994948498
99.0,285.0,129.88369750976562,4.999999449943063,-4.999999303802615,4.99999999952307,4.99999808374537,4.999999732397546,-4.999999900600439,4.999999995394439,-4.999999632403084,4.999999983514357,-4.999999837905348
99.0,285.0,129.88369750976562,4.999998496912111,-4.999999989891806,4.999999909341342,4.999999344437173,4.999999434147933,-4.999999909920462,4.999999992076868,-4.999999998754437,4.999999997221336,-4.999999831367987
99.0,285.0,129.88369750976562,4.999999010610915,-4.999999621339404,4.999999548326307,4.999999631160248,4.999999809506734,-4.999999327644871,4.999999982654843,-4.9999999999303935,4.999999951133344,-4.999999785441421
99.0,285.0,129.88369750976562,4.99999853932028,-4.99999999573994,4.999999823329526,4.999999616104926,4.999999985074468,-4.99999924243606,4.999999978140074,-4.999999998223117,4.99999984008117,-4.99999979377997
99.0,285.0,129.88369750976562,4.999999802626299,-4.99999962849201,4.999999556263097,4.999999608950152,4.999999772831954,-4.999999963725715,4.999999990420739,-4.999999999110986,4.999999999947836,-4.99999993693096
99.0,285.0,129.88369750976562,4.999999749665182,-4.99999996553812,4.999999998129521,4.999999986834452,4.9999999847226615,-4.999999424088628,4.99999998628288,-4.999999948152202,4.99999997081034,-4.999999862543062
99.0,285.0,129.88369750976562,4.999999961330736,-4.999999986262006,4.9999990000301375,4.999999991826343,4.999999989788966,-4.999998795645917,4.999999996349182,-4.999999904308723,4.999999980174233,-4.99999979061049
99.0,285.0,129.88369750976562,4.99999913198806,-4.999999236368906,4.999998539167445,4.999999994468097,4.999999623536006,-4.999999991689277,4.999999990784682,-4.999999999393535,4.9999999524299525,-4.999999802885343
99.0,285.0,129.88369750976562,4.999999707353453,-4.99999999068575,4.99999999888026,4.999999572208655,4.999999987071203,-4.999999514843929,4.99999998784261,-4.999999829391609,4.999999978103313,-4.999999862609295
99.0,285.0,129.88369750976562,4.99999818940679,-4.999999985169978,4.999999089173883,4.999999964357452,4.999999974671473,-4.999999821271656,4.999999981755144,-4.9999999031447455,4.999999730325605,-4.99999981956244
99.0,285.0,129.88369750976562,4.999996143607362,-4.999999953553816,4.999998824072994,4.999999963998286,4.999999998480842,-4.999999728901685,4.99999999707503,-4.999999915862702,4.999999785396371,-4.9999998143112885
99.0,285.0,129.88369750976562,4.99999747882021,-4.999999561244506,4.999997951442406,4.999999997257871,4.999999756577654,-4.9999999058399,4.9999999916249775,-4.999999999632848,4.99999985337096,-4.999999791088314
99.0,285.0,129.88369750976562,4.999999438487697,-4.999999796627321,4.999999776709867,4.999999687578283,4.999999902695179,-4.999999504039164,4.999999991377257,-4.999999881208799,4.999999989253658,-4.999999787880507
99.0,285.0,129.88369750976562,4.999997723464944,-4.999999914316026,4.999998346539417,4.999999997561368,4.999999906517921,-4.999999996434336,4.999999992304069,-4.999999999784648,4.999999851110273,-4.999999944636614
99.0,285.0,129.88369750976562,4.999999082999102,-4.999999998575135,4.999999923411387,4.999999616023865,4.999999562933701,-4.999999263798827,4.999999828449685,-4.99999987583053,4.999999921970063,-4.999999975210635
99.0,285.0,129.88369750976562,4.999998420522251,-4.999999998042998,4.999999914079867,4.999999601719067,4.99999956633628,-4.99999972375463,4.999999830678156,-4.999999856231142,4.999999825147508,-4.999999993947171
99.0,285.0,129.88369750976562,4.9999936208055455,-4.999999990353143,4.999999536573551,4.999999928995921,4.99999999588025,-4.999999969590231,4.999999955324155,-4.999999914817687,4.999999773029205,-4.999999886208292
99.0,285.0,129.88369750976562,4.999999499487384,-4.9999999793994485,4.999999999002201,4.999999997605267,4.99999950880523,-4.999998865370355,4.999999980559231,-4.999999997051294,4.999999998987393,-4.999999895662702
99.0,285.0,129.88369750976562,4.999996699700624,-4.999999015401074,4.999999318968296,4.999999824358751,4.9999996573614105,-4.999999992908959,4.999999994666214,-4.999999999504531,4.999999995753315,-4.999999800510238
99.0,286.0,129.88369750976562,4.999998393049736,-4.9999999639205885,4.999999183393896,4.999999959514477,4.999999970001494,-4.999999744478762,4.999999985735578,-4.999999941534595,4.999999802560382,-4.999999769906124
99.0,286.0,129.88369750976562,4.999999951906325,-4.999998898814851,4.999999972812911,4.99999889734371,4.999999336994564,-4.999999972530881,4.999999999740183,-4.999999494778904,4.999999998780333,-4.999999984983752
99.0,286.0,129.88369750976562,4.999998675152282,-4.999999625946577,4.999999844447411,4.999999738929781,4.999999401137268,-4.999999966940284,4.999999990278488,-4.999999998950593,4.999999997990818,-4.999999837434982
99.0,286.0,129.88369750976562,4.999998616214041,-4.999999991523842,4.999999366109704,4.999999970762889,4.999999771127303,-4.999999910841129,4.999999994452367,-4.999999833078548,4.9999996812358765,-4.99999997513447
99.0,286.0,129.88369750976562,4.999999325360284,-4.999999999795323,4.999999966222046,4.999999806679261,4.999999988963234,-4.999999477304353,4.999999997872225,-4.999999788228831,4.999999933757616,-4.999999938925822
99.0,286.0,129.88369750976562,4.999999043189739,-4.999999989710178,4.999999744927569,4.9999999542146,4.999999990192108,-4.999999519371047,4.999999998849224,-4.9999998180231575,4.999999975233592,-4.999999786528934
99.0,286.0,129.88369750976562,4.999995284099716,-4.999999993854802,4.999999176089284,4.999999887744916,4.999999984064953,-4.999999317150085,4.999999996228367,-4.9999998637642,4.999999826946553,-4.999999779491851
99.0,286.0,129.88369750976562,4.999999650356557,-4.999999999825788,4.999999466478899,4.999999842161449,4.999999995023709,-4.9999989375958975,4.999999998979735,-4.999999773308298,4.999999926652253,-4.999999976505348
99.0,286.0,129.88369750976562,4.999995840834285,-4.999999816936498,4.999999502284775,4.999999780348846,4.999999984336632,-4.9999993143547865,4.999999992522435,-4.9999998901283496,4.999999935636334,-4.999999969487007
99.0,286.0,129.88369750976562,4.99999995878383,-4.999999975442021,4.999999528086171,4.999999993221739,4.9999998901326,-4.999998969205199,4.999999989053324,-4.999999946368952,4.999999926203617,-4.999999812117926
99.0,286.0,129.88369750976562,4.999999806049937,-4.999999251199697,4.999998947196251,4.9999999610175125,4.999999637242654,-4.99999973815471,4.999999991502106,-4.999999986226478,4.999999970591272,-4.99999981513269
99.0,286.0,129.88369750976562,4.999996817192532,-4.9999999961486825,4.999999886712574,4.999999993677881,4.999999951972019,-4.99999999214729,4.999999993168378,-4.999999754364145,4.999999768412532,-4.9999999571282
99.0,286.0,129.88369750976562,4.999998606453361,-4.999999967097521,4.999999321861807,4.999999962717195,4.999999947661522,-4.999999789263498,4.99999999208419,-4.999999906501496,4.999999778015517,-4.999999847692139
99.0,286.0,129.88369750976562,4.99999794567742,-4.999999745982114,4.9999981791936365,4.999999999930876,4.999999822470288,-4.999999697272686,4.999999994796385,-4.999999977415241,4.999999891457886,-4.999999805100348
99.0,286.0,129.88369750976562,4.999999680862515,-4.99999997561649,4.999999202349345,4.99999999429044,4.999999927730237,-4.999999920520677,4.999999988940113,-4.999999994608891,4.999999782866002,-4.999999903689904
99.0,286.0,129.88369750976562,4.999999183012706,-4.999999974235221,4.999999463986834,4.999999327473602,4.999999783544061,-4.99999915025275,4.999999987185736,-4.999999867604896,4.999999818737461,-4.999999985414883
99.0,286.0,129.88369750976562,4.9999999314070624,-4.999999977164306,4.99999969515634,4.999999991326789,4.999999940856364,-4.999998869351892,4.999999987627247,-4.999999945700272,4.999999971660626,-4.999999810219067
99.0,286.0,129.88369750976562,4.999996823954189,-4.999999916628447,4.99999902821954,4.999999998910966,4.999999996940279,-4.999999999803713,4.999999991662074,-4.999999960427447,4.9999998946986,-4.999999935633479
99.0,286.0,129.88369750976562,4.999994036822713,-4.999999982175494,4.999999763997581,4.999999791426465,4.999999979222971,-4.999999826978064,4.999999954970688,-4.999999902171339,4.999999878648276,-4.999999856302477
99.0,286.0,129.88369750976562,4.999999715336943,-4.999999966281545,4.999999382106655,4.999999339237378,4.999999996543513,-4.999999155092524,4.999999984429609,-4.999999948370068,4.999999869552524,-4.999999787907971
99.0,286.0,129.88369750976562,4.999999887249757,-4.999999998812916,4.999999435001985,4.999999729158584,4.999999771087743,-4.999999963759121,4.999999998608711,-4.999999830162187,4.999999995460857,-4.999999986039774
99.0,286.0,129.88369750976562,4.999997848523721,-4.999999984595642,4.999999999909912,4.99999967851701,4.999999771944335,-4.999999712500664,4.999999992428423,-4.999999855416005,4.999999988648389,-4.999999984603841
99.0,286.0,129.88369750976562,4.999999311338192,-4.99999968556676,4.999999999516432,4.999999920861966,4.999999834066658,-4.999999875062828,4.999999987501207,-4.999999934149787,4.99999999438496,-4.999999715451437
99.0,286.0,129.88369750976562,4.999999332606898,-4.99999987921171,4.999997672003195,4.999999999130307,4.999999987068961,-4.999999391400978,4.999999881618264,-4.999999962461375,4.999999960683903,-4.9999998330569415
99.0,286.0,129.88369750976562,4.999998997692642,-4.99999960768909,4.99999923965388,4.999999354472283,4.999999809071095,-4.99999928648632,4.999999981284434,-4.999999990135484,4.999999895486772,-4.9999997821949975
99.0,286.0,129.88369750976562,4.999997794613169,-4.999999994968411,4.999999700250042,4.999999807635453,4.999999872574834,-4.999999711134512,4.9999999916002125,-4.999999831741189,4.999999772149894,-4.999999971336751
99.0,286.0,129.88369750976562,4.999999416961559,-4.9999998192065975,4.9999998301616175,4.99999977527742,4.999999992096949,-4.999999163404482,4.999999997241344,-4.999999847567556,4.999999974221716,-4.999999952970255
99.0,286.0,129.88369750976562,4.999999981170396,-4.9999997823737,4.999998498843815,4.999999843951444,4.999999897326526,-4.999998894442202,4.999999998208035,-4.999999895942649,4.9999999691314665,-4.9999998934854055
99.0,286.0,129.88369750976562,4.999999741173489,-4.999999993582172,4.999999999451509,4.999999892613308,4.999999997414791,-4.999999237409626,4.999999987170426,-4.9999999152004815,4.9999999808456685,-4.999999794400818
99.0,286.0,129.88369750976562,4.999999345207459,-4.999999993722049,4.9999998700453006,4.999999989117844,4.999999027698371,-4.9999999701882585,4.999999998324208,-4.999999646864791,4.999999830820786,-4.999999787047818
99.0,286.0,129.88369750976562,4.9999986757860615,-4.999999999218806,4.999999878323842,4.999999327811468,4.999999362974338,-4.999999281227645,4.999999830737515,-4.999999908132855,4.99999992338825,-4.999999994948498
99.0,286.0,129.88369750976562,4.999999449943063,-4.999999303802615,4.99999999952307,4.99999808374537,4.999999732397546,-4.999999900600439,4.999999995394439,-4.999999632403084,4.999999983514357,-4.999999837905348
99.0,286.0,129.88369750976562,4.999998496912111,-4.999999989891806,4.999999909341342,4.999999344437173,4.999999434147933,-4.999999909920462,4.999999992076868,-4.999999998754437,4.999999997221336,-4.999999831367987
99.0,286.0,129.88369750976562,4.999999010610915,-4.999999621339404,4.999999548326307,4.999999631160248,4.999999809506734,-4.999999327644871,4.999999982654843,-4.9999999999303935,4.999999951133344,-4.999999785441421
99.0,286.0,129.88369750976562,4.99999853932028,-4.99999999573994,4.999999823329526,4.999999616104926,4.999999985074468,-4.99999924243606,4.999999978140074,-4.999999998223117,4.99999984008117,-4.99999979377997
99.0,286.0,129.88369750976562,4.999999802626299,-4.99999962849201,4.999999556263097,4.999999608950152,4.999999772831954,-4.999999963725715,4.999999990420739,-4.999999999110986,4.999999999947836,-4.99999993693096
99.0,286.0,129.88369750976562,4.999999749665182,-4.99999996553812,4.999999998129521,4.999999986834452,4.9999999847226615,-4.999999424088628,4.99999998628288,-4.999999948152202,4.99999997081034,-4.999999862543062
99.0,286.0,129.88369750976562,4.999999961330736,-4.999999986262006,4.9999990000301375,4.999999991826343,4.999999989788966,-4.999998795645917,4.999999996349182,-4.999999904308723,4.999999980174233,-4.99999979061049
99.0,286.0,129.88369750976562,4.99999913198806,-4.999999236368906,4.999998539167445,4.999999994468097,4.999999623536006,-4.999999991689277,4.999999990784682,-4.999999999393535,4.9999999524299525,-4.999999802885343
99.0,286.0,129.88369750976562,4.999999707353453,-4.99999999068575,4.99999999888026,4.999999572208655,4.999999987071203,-4.999999514843929,4.99999998784261,-4.999999829391609,4.999999978103313,-4.999999862609295
99.0,286.0,129.88369750976562,4.99999818940679,-4.999999985169978,4.999999089173883,4.999999964357452,4.999999974671473,-4.999999821271656,4.999999981755144,-4.9999999031447455,4.999999730325605,-4.99999981956244
99.0,286.0,129.88369750976562,4.999996143607362,-4.999999953553816,4.999998824072994,4.999999963998286,4.999999998480842,-4.999999728901685,4.99999999707503,-4.999999915862702,4.999999785396371,-4.9999998143112885
99.0,286.0,129.88369750976562,4.99999747882021,-4.999999561244506,4.999997951442406,4.999999997257871,4.999999756577654,-4.9999999058399,4.9999999916249775,-4.999999999632848,4.99999985337096,-4.999999791088314
99.0,286.0,129.88369750976562,4.999999438487697,-4.999999796627321,4.999999776709867,4.999999687578283,4.999999902695179,-4.999999504039164,4.999999991377257,-4.999999881208799,4.999999989253658,-4.999999787880507
99.0,286.0,129.88369750976562,4.999997723464944,-4.999999914316026,4.999998346539417,4.999999997561368,4.999999906517921,-4.999999996434336,4.999999992304069,-4.999999999784648,4.999999851110273,-4.999999944636614
99.0,286.0,129.88369750976562,4.999999082999102,-4.999999998575135,4.999999923411387,4.999999616023865,4.999999562933701,-4.999999263798827,4.999999828449685,-4.99999987583053,4.999999921970063,-4.999999975210635
99.0,286.0,129.88369750976562,4.999998420522251,-4.999999998042998,4.999999914079867,4.999999601719067,4.99999956633628,-4.99999972375463,4.999999830678156,-4.999999856231142,4.999999825147508,-4.999999993947171
99.0,286.0,129.88369750976562,4.9999936208055455,-4.999999990353143,4.999999536573551,4.999999928995921,4.99999999588025,-4.999999969590231,4.999999955324155,-4.999999914817687,4.999999773029205,-4.999999886208292
99.0,286.0,129.88369750976562,4.999999499487384,-4.9999999793994485,4.999999999002201,4.999999997605267,4.99999950880523,-4.999998865370355,4.999999980559231,-4.999999997051294,4.999999998987393,-4.999999895662702
99.0,286.0,129.88369750976562,4.999996699700624,-4.999999015401074,4.999999318968296,4.999999824358751,4.9999996573614105,-4.999999992908959,4.999999994666214,-4.999999999504531,4.999999995753315,-4.999999800510238
99.0,287.0,129.88369750976562,4.999998393049736,-4.9999999639205885,4.999999183393896,4.999999959514477,4.999999970001494,-4.999999744478762,4.999999985735578,-4.999999941534595,4.999999802560382,-4.999999769906124
99.0,287.0,129.88369750976562,4.999999951906325,-4.999998898814851,4.999999972812911,4.99999889734371,4.999999336994564,-4.999999972530881,4.999999999740183,-4.999999494778904,4.999999998780333,-4.999999984983752
99.0,287.0,129.88369750976562,4.999998675152282,-4.999999625946577,4.999999844447411,4.999999738929781,4.999999401137268,-4.999999966940284,4.999999990278488,-4.999999998950593,4.999999997990818,-4.999999837434982
99.0,287.0,129.88369750976562,4.999998616214041,-4.999999991523842,4.999999366109704,4.999999970762889,4.999999771127303,-4.999999910841129,4.999999994452367,-4.999999833078548,4.9999996812358765,-4.99999997513447
99.0,287.0,129.88369750976562,4.999999325360284,-4.999999999795323,4.999999966222046,4.999999806679261,4.999999988963234,-4.999999477304353,4.999999997872225,-4.999999788228831,4.999999933757616,-4.999999938925822
99.0,287.0,129.88369750976562,4.999999043189739,-4.999999989710178,4.999999744927569,4.9999999542146,4.999999990192108,-4.999999519371047,4.999999998849224,-4.9999998180231575,4.999999975233592,-4.999999786528934
99.0,287.0,129.88369750976562,4.999995284099716,-4.999999993854802,4.999999176089284,4.999999887744916,4.999999984064953,-4.999999317150085,4.999999996228367,-4.9999998637642,4.999999826946553,-4.999999779491851
99.0,287.0,129.88369750976562,4.999999650356557,-4.999999999825788,4.999999466478899,4.999999842161449,4.999999995023709,-4.9999989375958975,4.999999998979735,-4.999999773308298,4.999999926652253,-4.999999976505348
99.0,287.0,129.88369750976562,4.999995840834285,-4.999999816936498,4.999999502284775,4.999999780348846,4.999999984336632,-4.9999993143547865,4.999999992522435,-4.9999998901283496,4.999999935636334,-4.999999969487007
99.0,287.0,129.88369750976562,4.99999995878383,-4.999999975442021,4.999999528086171,4.999999993221739,4.9999998901326,-4.999998969205199,4.999999989053324,-4.999999946368952,4.999999926203617,-4.999999812117926
99.0,287.0,129.88369750976562,4.999999806049937,-4.999999251199697,4.999998947196251,4.9999999610175125,4.999999637242654,-4.99999973815471,4.999999991502106,-4.999999986226478,4.999999970591272,-4.99999981513269
99.0,287.0,129.88369750976562,4.999996817192532,-4.9999999961486825,4.999999886712574,4.999999993677881,4.999999951972019,-4.99999999214729,4.999999993168378,-4.999999754364145,4.999999768412532,-4.9999999571282
99.0,287.0,129.88369750976562,4.999998606453361,-4.999999967097521,4.999999321861807,4.999999962717195,4.999999947661522,-4.999999789263498,4.99999999208419,-4.999999906501496,4.999999778015517,-4.999999847692139
99.0,287.0,129.88369750976562,4.99999794567742,-4.999999745982114,4.9999981791936365,4.999999999930876,4.999999822470288,-4.999999697272686,4.999999994796385,-4.999999977415241,4.999999891457886,-4.999999805100348
99.0,287.0,129.88369750976562,4.999999680862515,-4.99999997561649,4.999999202349345,4.99999999429044,4.999999927730237,-4.999999920520677,4.999999988940113,-4.999999994608891,4.999999782866002,-4.999999903689904
99.0,287.0,129.88369750976562,4.999999183012706,-4.999999974235221,4.999999463986834,4.999999327473602,4.999999783544061,-4.99999915025275,4.999999987185736,-4.999999867604896,4.999999818737461,-4.999999985414883
99.0,287.0,129.88369750976562,4.9999999314070624,-4.999999977164306,4.99999969515634,4.999999991326789,4.999999940856364,-4.999998869351892,4.999999987627247,-4.999999945700272,4.999999971660626,-4.999999810219067
99.0,287.0,129.88369750976562,4.999996823954189,-4.999999916628447,4.99999902821954,4.999999998910966,4.999999996940279,-4.999999999803713,4.999999991662074,-4.999999960427447,4.9999998946986,-4.999999935633479
99.0,287.0,129.88369750976562,4.999994036822713,-4.999999982175494,4.999999763997581,4.999999791426465,4.999999979222971,-4.999999826978064,4.999999954970688,-4.999999902171339,4.999999878648276,-4.999999856302477
99.0,287.0,129.88369750976562,4.999999715336943,-4.999999966281545,4.999999382106655,4.999999339237378,4.999999996543513,-4.999999155092524,4.999999984429609,-4.999999948370068,4.999999869552524,-4.999999787907971
99.0,287.0,129.88369750976562,4.999999887249757,-4.999999998812916,4.999999435001985,4.999999729158584,4.999999771087743,-4.999999963759121,4.999999998608711,-4.999999830162187,4.999999995460857,-4.999999986039774
99.0,287.0,129.88369750976562,4.999997848523721,-4.999999984595642,4.999999999909912,4.99999967851701,4.999999771944335,-4.999999712500664,4.999999992428423,-4.999999855416005,4.999999988648389,-4.999999984603841
99.0,287.0,129.88369750976562,4.999999311338192,-4.99999968556676,4.999999999516432,4.999999920861966,4.999999834066658,-4.999999875062828,4.999999987501207,-4.999999934149787,4.99999999438496,-4.999999715451437
99.0,287.0,129.88369750976562,4.999999332606898,-4.99999987921171,4.999997672003195,4.999999999130307,4.999999987068961,-4.999999391400978,4.999999881618264,-4.999999962461375,4.999999960683903,-4.9999998330569415
99.0,287.0,129.88369750976562,4.999998997692642,-4.99999960768909,4.99999923965388,4.999999354472283,4.999999809071095,-4.99999928648632,4.999999981284434,-4.999999990135484,4.999999895486772,-4.9999997821949975
99.0,287.0,129.88369750976562,4.999997794613169,-4.999999994968411,4.999999700250042,4.999999807635453,4.999999872574834,-4.999999711134512,4.9999999916002125,-4.999999831741189,4.999999772149894,-4.999999971336751
99.0,287.0,129.88369750976562,4.999999416961559,-4.9999998192065975,4.9999998301616175,4.99999977527742,4.999999992096949,-4.999999163404482,4.999999997241344,-4.999999847567556,4.999999974221716,-4.999999952970255
99.0,287.0,129.88369750976562,4.999999981170396,-4.9999997823737,4.999998498843815,4.999999843951444,4.999999897326526,-4.999998894442202,4.999999998208035,-4.999999895942649,4.9999999691314665,-4.9999998934854055
99.0,287.0,129.88369750976562,4.999999741173489,-4.999999993582172,4.999999999451509,4.999999892613308,4.999999997414791,-4.999999237409626,4.999999987170426,-4.9999999152004815,4.9999999808456685,-4.999999794400818
99.0,287.0,129.88369750976562,4.999999345207459,-4.999999993722049,4.9999998700453006,4.999999989117844,4.999999027698371,-4.9999999701882585,4.999999998324208,-4.999999646864791,4.999999830820786,-4.999999787047818
99.0,287.0,129.88369750976562,4.9999986757860615,-4.999999999218806,4.999999878323842,4.999999327811468,4.999999362974338,-4.999999281227645,4.999999830737515,-4.999999908132855,4.99999992338825,-4.999999994948498
99.0,287.0,129.88369750976562,4.999999449943063,-4.999999303802615,4.99999999952307,4.99999808374537,4.999999732397546,-4.999999900600439,4.999999995394439,-4.999999632403084,4.999999983514357,-4.999999837905348
99.0,287.0,129.88369750976562,4.999998496912111,-4.999999989891806,4.999999909341342,4.999999344437173,4.999999434147933,-4.999999909920462,4.999999992076868,-4.999999998754437,4.999999997221336,-4.999999831367987
99.0,287.0,129.88369750976562,4.999999010610915,-4.999999621339404,4.999999548326307,4.999999631160248,4.999999809506734,-4.999999327644871,4.999999982654843,-4.9999999999303935,4.999999951133344,-4.999999785441421
99.0,287.0,129.88369750976562,4.99999853932028,-4.99999999573994,4.999999823329526,4.999999616104926,4.999999985074468,-4.99999924243606,4.999999978140074,-4.999999998223117,4.99999984008117,-4.99999979377997
99.0,287.0,129.88369750976562,4.999999802626299,-4.99999962849201,4.999999556263097,4.999999608950152,4.999999772831954,-4.999999963725715,4.999999990420739,-4.999999999110986,4.999999999947836,-4.99999993693096
99.0,287.0,129.88369750976562,4.999999749665182,-4.99999996553812,4.999999998129521,4.999999986834452,4.9999999847226615,-4.999999424088628,4.99999998628288,-4.999999948152202,4.99999997081034,-4.999999862543062
99.0,287.0,129.88369750976562,4.999999961330736,-4.999999986262006,4.9999990000301375,4.999999991826343,4.999999989788966,-4.999998795645917,4.999999996349182,-4.999999904308723,4.999999980174233,-4.99999979061049
99.0,287.0,129.88369750976562,4.99999913198806,-4.999999236368906,4.999998539167445,4.999999994468097,4.999999623536006,-4.999999991689277,4.999999990784682,-4.999999999393535,4.9999999524299525,-4.999999802885343
99.0,287.0,129.88369750976562,4.999999707353453,-4.99999999068575,4.99999999888026,4.999999572208655,4.999999987071203,-4.999999514843929,4.99999998784261,-4.999999829391609,4.999999978103313,-4.999999862609295
99.0,287.0,129.88369750976562,4.99999818940679,-4.999999985169978,4.999999089173883,4.999999964357452,4.999999974671473,-4.999999821271656,4.999999981755144,-4.9999999031447455,4.999999730325605,-4.99999981956244
99.0,287.0,129.88369750976562,4.999996143607362,-4.999999953553816,4.999998824072994,4.999999963998286,4.999999998480842,-4.999999728901685,4.99999999707503,-4.999999915862702,4.999999785396371,-4.9999998143112885
99.0,287.0,129.88369750976562,4.99999747882021,-4.999999561244506,4.999997951442406,4.999999997257871,4.999999756577654,-4.9999999058399,4.9999999916249775,-4.999999999632848,4.99999985337096,-4.999999791088314
99.0,287.0,129.88369750976562,4.999999438487697,-4.999999796627321,4.999999776709867,4.999999687578283,4.999999902695179,-4.999999504039164,4.999999991377257,-4.999999881208799,4.999999989253658,-4.999999787880507
99.0,287.0,129.88369750976562,4.999997723464944,-4.999999914316026,4.999998346539417,4.999999997561368,4.999999906517921,-4.999999996434336,4.999999992304069,-4.999999999784648,4.999999851110273,-4.999999944636614
99.0,287.0,129.88369750976562,4.999999082999102,-4.999999998575135,4.999999923411387,4.999999616023865,4.999999562933701,-4.999999263798827,4.999999828449685,-4.99999987583053,4.999999921970063,-4.999999975210635
99.0,287.0,129.88369750976562,4.999998420522251,-4.999999998042998,4.999999914079867,4.999999601719067,4.99999956633628,-4.99999972375463,4.999999830678156,-4.999999856231142,4.999999825147508,-4.999999993947171
99.0,287.0,129.88369750976562,4.9999936208055455,-4.999999990353143,4.999999536573551,4.999999928995921,4.99999999588025,-4.999999969590231,4.999999955324155,-4.999999914817687,4.999999773029205,-4.999999886208292
99.0,287.0,129.88369750976562,4.999999499487384,-4.9999999793994485,4.999999999002201,4.999999997605267,4.99999950880523,-4.999998865370355,4.999999980559231,-4.999999997051294,4.999999998987393,-4.999999895662702
99.0,287.0,129.88369750976562,4.999996699700624,-4.999999015401074,4.999999318968296,4.999999824358751,4.9999996573614105,-4.999999992908959,4.999999994666214,-4.999999999504531,4.999999995753315,-4.999999800510238
99.0,288.0,129.88369750976562,4.999998393049736,-4.9999999639205885,4.999999183393896,4.999999959514477,4.999999970001494,-4.999999744478762,4.999999985735578,-4.999999941534595,4.999999802560382,-4.999999769906124
99.0,288.0,129.88369750976562,4.999999951906325,-4.999998898814851,4.999999972812911,4.99999889734371,4.999999336994564,-4.999999972530881,4.999999999740183,-4.999999494778904,4.999999998780333,-4.999999984983752
99.0,288.0,129.88369750976562,4.999998675152282,-4.999999625946577,4.999999844447411,4.999999738929781,4.999999401137268,-4.999999966940284,4.999999990278488,-4.999999998950593,4.999999997990818,-4.999999837434982
99.0,288.0,129.88369750976562,4.999998616214041,-4.999999991523842,4.999999366109704,4.999999970762889,4.999999771127303,-4.999999910841129,4.999999994452367,-4.999999833078548,4.9999996812358765,-4.99999997513447
99.0,288.0,129.88369750976562,4.999999325360284,-4.999999999795323,4.999999966222046,4.999999806679261,4.999999988963234,-4.999999477304353,4.999999997872225,-4.999999788228831,4.999999933757616,-4.999999938925822
99.0,288.0,129.88369750976562,4.999999043189739,-4.999999989710178,4.999999744927569,4.9999999542146,4.999999990192108,-4.999999519371047,4.999999998849224,-4.9999998180231575,4.999999975233592,-4.999999786528934
99.0,288.0,129.88369750976562,4.999995284099716,-4.999999993854802,4.999999176089284,4.999999887744916,4.999999984064953,-4.999999317150085,4.999999996228367,-4.9999998637642,4.999999826946553,-4.999999779491851
99.0,288.0,129.88369750976562,4.999999650356557,-4.999999999825788,4.999999466478899,4.999999842161449,4.999999995023709,-4.9999989375958975,4.999999998979735,-4.999999773308298,4.999999926652253,-4.999999976505348
99.0,288.0,129.88369750976562,4.999995840834285,-4.999999816936498,4.999999502284775,4.999999780348846,4.999999984336632,-4.9999993143547865,4.999999992522435,-4.9999998901283496,4.999999935636334,-4.999999969487007
99.0,288.0,129.88369750976562,4.99999995878383,-4.999999975442021,4.999999528086171,4.999999993221739,4.9999998901326,-4.999998969205199,4.999999989053324,-4.999999946368952,4.999999926203617,-4.999999812117926
99.0,288.0,129.88369750976562,4.999999806049937,-4.999999251199697,4.999998947196251,4.9999999610175125,4.999999637242654,-4.99999973815471,4.999999991502106,-4.999999986226478,4.999999970591272,-4.99999981513269
99.0,288.0,129.88369750976562,4.999996817192532,-4.9999999961486825,4.999999886712574,4.999999993677881,4.999999951972019,-4.99999999214729,4.999999993168378,-4.999999754364145,4.999999768412532,-4.9999999571282
99.0,288.0,129.88369750976562,4.999998606453361,-4.999999967097521,4.999999321861807,4.999999962717195,4.999999947661522,-4.999999789263498,4.99999999208419,-4.999999906501496,4.999999778015517,-4.999999847692139
99.0,288.0,129.88369750976562,4.99999794567742,-4.999999745982114,4.9999981791936365,4.999999999930876,4.999999822470288,-4.999999697272686,4.999999994796385,-4.999999977415241,4.999999891457886,-4.999999805100348
99.0,288.0,129.88369750976562,4.999999680862515,-4.99999997561649,4.999999202349345,4.99999999429044,4.999999927730237,-4.999999920520677,4.999999988940113,-4.999999994608891,4.999999782866002,-4.999999903689904
99.0,288.0,129.88369750976562,4.999999183012706,-4.999999974235221,4.999999463986834,4.999999327473602,4.999999783544061,-4.99999915025275,4.999999987185736,-4.999999867604896,4.999999818737461,-4.999999985414883
99.0,288.0,129.88369750976562,4.9999999314070624,-4.999999977164306,4.99999969515634,4.999999991326789,4.999999940856364,-4.999998869351892,4.999999987627247,-4.999999945700272,4.999999971660626,-4.999999810219067
99.0,288.0,129.88369750976562,4.999996823954189,-4.999999916628447,4.99999902821954,4.999999998910966,4.999999996940279,-4.999999999803713,4.999999991662074,-4.999999960427447,4.9999998946986,-4.999999935633479
99.0,288.0,129.88369750976562,4.999994036822713,-4.999999982175494,4.999999763997581,4.999999791426465,4.999999979222971,-4.999999826978064,4.999999954970688,-4.999999902171339,4.999999878648276,-4.999999856302477
99.0,288.0,129.88369750976562,4.999999715336943,-4.999999966281545,4.999999382106655,4.999999339237378,4.999999996543513,-4.999999155092524,4.999999984429609,-4.999999948370068,4.999999869552524,-4.999999787907971
99.0,288.0,129.88369750976562,4.999999887249757,-4.999999998812916,4.999999435001985,4.999999729158584,4.999999771087743,-4.999999963759121,4.999999998608711,-4.999999830162187,4.999999995460857,-4.999999986039774
99.0,288.0,129.88369750976562,4.999997848523721,-4.999999984595642,4.999999999909912,4.99999967851701,4.999999771944335,-4.999999712500664,4.999999992428423,-4.999999855416005,4.999999988648389,-4.999999984603841
99.0,288.0,129.88369750976562,4.999999311338192,-4.99999968556676,4.999999999516432,4.999999920861966,4.999999834066658,-4.999999875062828,4.999999987501207,-4.999999934149787,4.99999999438496,-4.999999715451437
99.0,288.0,129.88369750976562,4.999999332606898,-4.99999987921171,4.999997672003195,4.999999999130307,4.999999987068961,-4.999999391400978,4.999999881618264,-4.999999962461375,4.999999960683903,-4.9999998330569415
99.0,288.0,129.88369750976562,4.999998997692642,-4.99999960768909,4.99999923965388,4.999999354472283,4.999999809071095,-4.99999928648632,4.999999981284434,-4.999999990135484,4.999999895486772,-4.9999997821949975
99.0,288.0,129.88369750976562,4.999997794613169,-4.999999994968411,4.999999700250042,4.999999807635453,4.999999872574834,-4.999999711134512,4.9999999916002125,-4.999999831741189,4.999999772149894,-4.999999971336751
99.0,288.0,129.88369750976562,4.999999416961559,-4.9999998192065975,4.9999998301616175,4.99999977527742,4.999999992096949,-4.999999163404482,4.999999997241344,-4.999999847567556,4.999999974221716,-4.999999952970255
99.0,288.0,129.88369750976562,4.999999981170396,-4.9999997823737,4.999998498843815,4.999999843951444,4.999999897326526,-4.999998894442202,4.999999998208035,-4.999999895942649,4.9999999691314665,-4.9999998934854055
99.0,288.0,129.88369750976562,4.999999741173489,-4.999999993582172,4.999999999451509,4.999999892613308,4.999999997414791,-4.999999237409626,4.999999987170426,-4.9999999152004815,4.9999999808456685,-4.999999794400818
99.0,288.0,129.88369750976562,4.999999345207459,-4.999999993722049,4.9999998700453006,4.999999989117844,4.999999027698371,-4.9999999701882585,4.999999998324208,-4.999999646864791,4.999999830820786,-4.999999787047818
99.0,288.0,129.88369750976562,4.9999986757860615,-4.999999999218806,4.999999878323842,4.999999327811468,4.999999362974338,-4.999999281227645,4.999999830737515,-4.999999908132855,4.99999992338825,-4.999999994948498
99.0,288.0,129.88369750976562,4.999999449943063,-4.999999303802615,4.99999999952307,4.99999808374537,4.999999732397546,-4.999999900600439,4.999999995394439,-4.999999632403084,4.999999983514357,-4.999999837905348
99.0,288.0,129.88369750976562,4.999998496912111,-4.999999989891806,4.999999909341342,4.999999344437173,4.999999434147933,-4.999999909920462,4.999999992076868,-4.999999998754437,4.999999997221336,-4.999999831367987
99.0,288.0,129.88369750976562,4.999999010610915,-4.999999621339404,4.999999548326307,4.999999631160248,4.999999809506734,-4.999999327644871,4.999999982654843,-4.9999999999303935,4.999999951133344,-4.999999785441421
99.0,288.0,129.88369750976562,4.99999853932028,-4.99999999573994,4.999999823329526,4.999999616104926,4.999999985074468,-4.99999924243606,4.999999978140074,-4.999999998223117,4.99999984008117,-4.99999979377997
99.0,288.0,129.88369750976562,4.999999802626299,-4.99999962849201,4.999999556263097,4.999999608950152,4.999999772831954,-4.999999963725715,4.999999990420739,-4.999999999110986,4.999999999947836,-4.99999993693096
99.0,288.0,129.88369750976562,4.999999749665182,-4.99999996553812,4.999999998129521,4.999999986834452,4.9999999847226615,-4.999999424088628,4.99999998628288,-4.999999948152202,4.99999997081034,-4.999999862543062
99.0,288.0,129.88369750976562,4.999999961330736,-4.999999986262006,4.9999990000301375,4.999999991826343,4.999999989788966,-4.999998795645917,4.999999996349182,-4.999999904308723,4.999999980174233,-4.99999979061049
99.0,288.0,129.88369750976562,4.99999913198806,-4.999999236368906,4.999998539167445,4.999999994468097,4.999999623536006,-4.999999991689277,4.999999990784682,-4.999999999393535,4.9999999524299525,-4.999999802885343
99.0,288.0,129.88369750976562,4.999999707353453,-4.99999999068575,4.99999999888026,4.999999572208655,4.999999987071203,-4.999999514843929,4.99999998784261,-4.999999829391609,4.999999978103313,-4.999999862609295
99.0,288.0,129.88369750976562,4.99999818940679,-4.999999985169978,4.999999089173883,4.999999964357452,4.999999974671473,-4.999999821271656,4.999999981755144,-4.9999999031447455,4.999999730325605,-4.99999981956244
99.0,288.0,129.88369750976562,4.999996143607362,-4.999999953553816,4.999998824072994,4.999999963998286,4.999999998480842,-4.999999728901685,4.99999999707503,-4.999999915862702,4.999999785396371,-4.9999998143112885
99.0,288.0,129.88369750976562,4.99999747882021,-4.999999561244506,4.999997951442406,4.999999997257871,4.999999756577654,-4.9999999058399,4.9999999916249775,-4.999999999632848,4.99999985337096,-4.999999791088314
99.0,288.0,129.88369750976562,4.999999438487697,-4.999999796627321,4.999999776709867,4.999999687578283,4.999999902695179,-4.999999504039164,4.999999991377257,-4.999999881208799,4.999999989253658,-4.999999787880507
99.0,288.0,129.88369750976562,4.999997723464944,-4.999999914316026,4.999998346539417,4.999999997561368,4.999999906517921,-4.999999996434336,4.999999992304069,-4.999999999784648,4.999999851110273,-4.999999944636614
99.0,288.0,129.88369750976562,4.999999082999102,-4.999999998575135,4.999999923411387,4.999999616023865,4.999999562933701,-4.999999263798827,4.999999828449685,-4.99999987583053,4.999999921970063,-4.999999975210635
99.0,288.0,129.88369750976562,4.999998420522251,-4.999999998042998,4.999999914079867,4.999999601719067,4.99999956633628,-4.99999972375463,4.999999830678156,-4.999999856231142,4.999999825147508,-4.999999993947171
99.0,288.0,129.88369750976562,4.9999936208055455,-4.999999990353143,4.999999536573551,4.999999928995921,4.99999999588025,-4.999999969590231,4.999999955324155,-4.999999914817687,4.999999773029205,-4.999999886208292
99.0,288.0,129.88369750976562,4.999999499487384,-4.9999999793994485,4.999999999002201,4.999999997605267,4.99999950880523,-4.999998865370355,4.999999980559231,-4.999999997051294,4.999999998987393,-4.999999895662702
99.0,288.0,129.88369750976562,4.999996699700624,-4.999999015401074,4.999999318968296,4.999999824358751,4.9999996573614105,-4.999999992908959,4.999999994666214,-4.999999999504531,4.999999995753315,-4.999999800510238
99.0,289.0,129.88369750976562,4.999998393049736,-4.9999999639205885,4.999999183393896,4.999999959514477,4.999999970001494,-4.999999744478762,4.999999985735578,-4.999999941534595,4.999999802560382,-4.999999769906124
99.0,289.0,129.88369750976562,4.999999951906325,-4.999998898814851,4.999999972812911,4.99999889734371,4.999999336994564,-4.999999972530881,4.999999999740183,-4.999999494778904,4.999999998780333,-4.999999984983752
99.0,289.0,129.88369750976562,4.999998675152282,-4.999999625946577,4.999999844447411,4.999999738929781,4.999999401137268,-4.999999966940284,4.999999990278488,-4.999999998950593,4.999999997990818,-4.999999837434982
99.0,289.0,129.88369750976562,4.999998616214041,-4.999999991523842,4.999999366109704,4.999999970762889,4.999999771127303,-4.999999910841129,4.999999994452367,-4.999999833078548,4.9999996812358765,-4.99999997513447
99.0,289.0,129.88369750976562,4.999999325360284,-4.999999999795323,4.999999966222046,4.999999806679261,4.999999988963234,-4.999999477304353,4.999999997872225,-4.999999788228831,4.999999933757616,-4.999999938925822
99.0,289.0,129.88369750976562,4.999999043189739,-4.999999989710178,4.999999744927569,4.9999999542146,4.999999990192108,-4.999999519371047,4.999999998849224,-4.9999998180231575,4.999999975233592,-4.999999786528934
99.0,289.0,129.88369750976562,4.999995284099716,-4.999999993854802,4.999999176089284,4.999999887744916,4.999999984064953,-4.999999317150085,4.999999996228367,-4.9999998637642,4.999999826946553,-4.999999779491851
99.0,289.0,129.88369750976562,4.999999650356557,-4.999999999825788,4.999999466478899,4.999999842161449,4.999999995023709,-4.9999989375958975,4.999999998979735,-4.999999773308298,4.999999926652253,-4.999999976505348
99.0,289.0,129.88369750976562,4.999995840834285,-4.999999816936498,4.999999502284775,4.999999780348846,4.999999984336632,-4.9999993143547865,4.999999992522435,-4.9999998901283496,4.999999935636334,-4.999999969487007
99.0,289.0,129.88369750976562,4.99999995878383,-4.999999975442021,4.999999528086171,4.999999993221739,4.9999998901326,-4.999998969205199,4.999999989053324,-4.999999946368952,4.999999926203617,-4.999999812117926
99.0,289.0,129.88369750976562,4.999999806049937,-4.999999251199697,4.999998947196251,4.9999999610175125,4.999999637242654,-4.99999973815471,4.999999991502106,-4.999999986226478,4.999999970591272,-4.99999981513269
99.0,289.0,129.88369750976562,4.999996817192532,-4.9999999961486825,4.999999886712574,4.999999993677881,4.999999951972019,-4.99999999214729,4.999999993168378,-4.999999754364145,4.999999768412532,-4.9999999571282
99.0,289.0,129.88369750976562,4.999998606453361,-4.999999967097521,4.999999321861807,4.999999962717195,4.999999947661522,-4.999999789263498,4.99999999208419,-4.999999906501496,4.999999778015517,-4.999999847692139
99.0,289.0,129.88369750976562,4.99999794567742,-4.999999745982114,4.9999981791936365,4.999999999930876,4.999999822470288,-4.999999697272686,4.999999994796385,-4.999999977415241,4.999999891457886,-4.999999805100348
99.0,289.0,129.88369750976562,4.999999680862515,-4.99999997561649,4.999999202349345,4.99999999429044,4.999999927730237,-4.999999920520677,4.999999988940113,-4.999999994608891,4.999999782866002,-4.999999903689904
99.0,289.0,129.88369750976562,4.999999183012706,-4.999999974235221,4.999999463986834,4.999999327473602,4.999999783544061,-4.99999915025275,4.999999987185736,-4.999999867604896,4.999999818737461,-4.999999985414883
99.0,289.0,129.88369750976562,4.9999999314070624,-4.999999977164306,4.99999969515634,4.999999991326789,4.999999940856364,-4.999998869351892,4.999999987627247,-4.999999945700272,4.999999971660626,-4.999999810219067
99.0,289.0,129.88369750976562,4.999996823954189,-4.999999916628447,4.99999902821954,4.999999998910966,4.999999996940279,-4.999999999803713,4.999999991662074,-4.999999960427447,4.9999998946986,-4.999999935633479
99.0,289.0,129.88369750976562,4.999994036822713,-4.999999982175494,4.999999763997581,4.999999791426465,4.999999979222971,-4.999999826978064,4.999999954970688,-4.999999902171339,4.999999878648276,-4.999999856302477
99.0,289.0,129.88369750976562,4.999999715336943,-4.999999966281545,4.999999382106655,4.999999339237378,4.999999996543513,-4.999999155092524,4.999999984429609,-4.999999948370068,4.999999869552524,-4.999999787907971
99.0,289.0,129.88369750976562,4.999999887249757,-4.999999998812916,4.999999435001985,4.999999729158584,4.999999771087743,-4.999999963759121,4.999999998608711,-4.999999830162187,4.999999995460857,-4.999999986039774
99.0,289.0,129.88369750976562,4.999997848523721,-4.999999984595642,4.999999999909912,4.99999967851701,4.999999771944335,-4.999999712500664,4.999999992428423,-4.999999855416005,4.999999988648389,-4.999999984603841
99.0,289.0,129.88369750976562,4.999999311338192,-4.99999968556676,4.999999999516432,4.999999920861966,4.999999834066658,-4.999999875062828,4.999999987501207,-4.999999934149787,4.99999999438496,-4.999999715451437
99.0,289.0,129.88369750976562,4.999999332606898,-4.99999987921171,4.999997672003195,4.999999999130307,4.999999987068961,-4.999999391400978,4.999999881618264,-4.999999962461375,4.999999960683903,-4.9999998330569415
99.0,289.0,129.88369750976562,4.999998997692642,-4.99999960768909,4.99999923965388,4.999999354472283,4.999999809071095,-4.99999928648632,4.999999981284434,-4.999999990135484,4.999999895486772,-4.9999997821949975
99.0,289.0,129.88369750976562,4.999997794613169,-4.999999994968411,4.999999700250042,4.999999807635453,4.999999872574834,-4.999999711134512,4.9999999916002125,-4.999999831741189,4.999999772149894,-4.999999971336751
99.0,289.0,129.88369750976562,4.999999416961559,-4.9999998192065975,4.9999998301616175,4.99999977527742,4.999999992096949,-4.999999163404482,4.999999997241344,-4.999999847567556,4.999999974221716,-4.999999952970255
99.0,289.0,129.88369750976562,4.999999981170396,-4.9999997823737,4.999998498843815,4.999999843951444,4.999999897326526,-4.999998894442202,4.999999998208035,-4.999999895942649,4.9999999691314665,-4.9999998934854055
99.0,289.0,129.88369750976562,4.999999741173489,-4.999999993582172,4.999999999451509,4.999999892613308,4.999999997414791,-4.999999237409626,4.999999987170426,-4.9999999152004815,4.9999999808456685,-4.999999794400818
99.0,289.0,129.88369750976562,4.999999345207459,-4.999999993722049,4.9999998700453006,4.999999989117844,4.999999027698371,-4.9999999701882585,4.999999998324208,-4.999999646864791,4.999999830820786,-4.999999787047818
99.0,289.0,129.88369750976562,4.9999986757860615,-4.999999999218806,4.999999878323842,4.999999327811468,4.999999362974338,-4.999999281227645,4.999999830737515,-4.999999908132855,4.99999992338825,-4.999999994948498
99.0,289.0,129.88369750976562,4.999999449943063,-4.999999303802615,4.99999999952307,4.99999808374537,4.999999732397546,-4.999999900600439,4.999999995394439,-4.999999632403084,4.999999983514357,-4.999999837905348
99.0,289.0,129.88369750976562,4.999998496912111,-4.999999989891806,4.999999909341342,4.999999344437173,4.999999434147933,-4.999999909920462,4.999999992076868,-4.999999998754437,4.999999997221336,-4.999999831367987
99.0,289.0,129.88369750976562,4.999999010610915,-4.999999621339404,4.999999548326307,4.999999631160248,4.999999809506734,-4.999999327644871,4.999999982654843,-4.9999999999303935,4.999999951133344,-4.999999785441421
99.0,289.0,129.88369750976562,4.99999853932028,-4.99999999573994,4.999999823329526,4.999999616104926,4.999999985074468,-4.99999924243606,4.999999978140074,-4.999999998223117,4.99999984008117,-4.99999979377997
99.0,289.0,129.88369750976562,4.999999802626299,-4.99999962849201,4.999999556263097,4.999999608950152,4.999999772831954,-4.999999963725715,4.999999990420739,-4.999999999110986,4.999999999947836,-4.99999993693096
99.0,289.0,129.88369750976562,4.999999749665182,-4.99999996553812,4.999999998129521,4.999999986834452,4.9999999847226615,-4.999999424088628,4.99999998628288,-4.999999948152202,4.99999997081034,-4.999999862543062
99.0,289.0,129.88369750976562,4.999999961330736,-4.999999986262006,4.9999990000301375,4.999999991826343,4.999999989788966,-4.999998795645917,4.999999996349182,-4.999999904308723,4.999999980174233,-4.99999979061049
99.0,289.0,129.88369750976562,4.99999913198806,-4.999999236368906,4.999998539167445,4.999999994468097,4.999999623536006,-4.999999991689277,4.999999990784682,-4.999999999393535,4.9999999524299525,-4.999999802885343
99.0,289.0,129.88369750976562,4.999999707353453,-4.99999999068575,4.99999999888026,4.999999572208655,4.999999987071203,-4.999999514843929,4.99999998784261,-4.999999829391609,4.999999978103313,-4.999999862609295
99.0,289.0,129.88369750976562,4.99999818940679,-4.999999985169978,4.999999089173883,4.999999964357452,4.999999974671473,-4.999999821271656,4.999999981755144,-4.9999999031447455,4.999999730325605,-4.99999981956244
99.0,289.0,129.88369750976562,4.999996143607362,-4.999999953553816,4.999998824072994,4.999999963998286,4.999999998480842,-4.999999728901685,4.99999999707503,-4.999999915862702,4.999999785396371,-4.9999998143112885
99.0,289.0,129.88369750976562,4.99999747882021,-4.999999561244506,4.999997951442406,4.999999997257871,4.999999756577654,-4.9999999058399,4.9999999916249775,-4.999999999632848,4.99999985337096,-4.999999791088314
99.0,289.0,129.88369750976562,4.999999438487697,-4.999999796627321,4.999999776709867,4.999999687578283,4.999999902695179,-4.999999504039164,4.999999991377257,-4.999999881208799,4.999999989253658,-4.999999787880507
99.0,289.0,129.88369750976562,4.999997723464944,-4.999999914316026,4.999998346539417,4.999999997561368,4.999999906517921,-4.999999996434336,4.999999992304069,-4.999999999784648,4.999999851110273,-4.999999944636614
99.0,289.0,129.88369750976562,4.999999082999102,-4.999999998575135,4.999999923411387,4.999999616023865,4.999999562933701,-4.999999263798827,4.999999828449685,-4.99999987583053,4.999999921970063,-4.999999975210635
99.0,289.0,129.88369750976562,4.999998420522251,-4.999999998042998,4.999999914079867,4.999999601719067,4.99999956633628,-4.99999972375463,4.999999830678156,-4.999999856231142,4.999999825147508,-4.999999993947171
99.0,289.0,129.88369750976562,4.9999936208055455,-4.999999990353143,4.999999536573551,4.999999928995921,4.99999999588025,-4.999999969590231,4.999999955324155,-4.999999914817687,4.999999773029205,-4.999999886208292
99.0,289.0,129.88369750976562,4.999999499487384,-4.9999999793994485,4.999999999002201,4.999999997605267,4.99999950880523,-4.999998865370355,4.999999980559231,-4.999999997051294,4.999999998987393,-4.999999895662702
99.0,289.0,129.88369750976562,4.999996699700624,-4.999999015401074,4.999999318968296,4.999999824358751,4.9999996573614105,-4.999999992908959,4.999999994666214,-4.999999999504531,4.999999995753315,-4.999999800510238
99.0,290.0,129.88369750976562,4.999998393049736,-4.9999999639205885,4.999999183393896,4.999999959514477,4.999999970001494,-4.999999744478762,4.999999985735578,-4.999999941534595,4.999999802560382,-4.999999769906124
99.0,290.0,129.88369750976562,4.999999951906325,-4.999998898814851,4.999999972812911,4.99999889734371,4.999999336994564,-4.999999972530881,4.999999999740183,-4.999999494778904,4.999999998780333,-4.999999984983752
99.0,290.0,129.88369750976562,4.999998675152282,-4.999999625946577,4.999999844447411,4.999999738929781,4.999999401137268,-4.999999966940284,4.999999990278488,-4.999999998950593,4.999999997990818,-4.999999837434982
99.0,290.0,129.88369750976562,4.999998616214041,-4.999999991523842,4.999999366109704,4.999999970762889,4.999999771127303,-4.999999910841129,4.999999994452367,-4.999999833078548,4.9999996812358765,-4.99999997513447
99.0,290.0,129.88369750976562,4.999999325360284,-4.999999999795323,4.999999966222046,4.999999806679261,4.999999988963234,-4.999999477304353,4.999999997872225,-4.999999788228831,4.999999933757616,-4.999999938925822
99.0,290.0,129.88369750976562,4.999999043189739,-4.999999989710178,4.999999744927569,4.9999999542146,4.999999990192108,-4.999999519371047,4.999999998849224,-4.9999998180231575,4.999999975233592,-4.999999786528934
99.0,290.0,129.88369750976562,4.999995284099716,-4.999999993854802,4.999999176089284,4.999999887744916,4.999999984064953,-4.999999317150085,4.999999996228367,-4.9999998637642,4.999999826946553,-4.999999779491851
99.0,290.0,129.88369750976562,4.999999650356557,-4.999999999825788,4.999999466478899,4.999999842161449,4.999999995023709,-4.9999989375958975,4.999999998979735,-4.999999773308298,4.999999926652253,-4.999999976505348
99.0,290.0,129.88369750976562,4.999995840834285,-4.999999816936498,4.999999502284775,4.999999780348846,4.999999984336632,-4.9999993143547865,4.999999992522435,-4.9999998901283496,4.999999935636334,-4.999999969487007
99.0,290.0,129.88369750976562,4.99999995878383,-4.999999975442021,4.999999528086171,4.999999993221739,4.9999998901326,-4.999998969205199,4.999999989053324,-4.999999946368952,4.999999926203617,-4.999999812117926
99.0,290.0,129.88369750976562,4.999999806049937,-4.999999251199697,4.999998947196251,4.9999999610175125,4.999999637242654,-4.99999973815471,4.999999991502106,-4.999999986226478,4.999999970591272,-4.99999981513269
99.0,290.0,129.88369750976562,4.999996817192532,-4.9999999961486825,4.999999886712574,4.999999993677881,4.999999951972019,-4.99999999214729,4.999999993168378,-4.999999754364145,4.999999768412532,-4.9999999571282
99.0,290.0,129.88369750976562,4.999998606453361,-4.999999967097521,4.999999321861807,4.999999962717195,4.999999947661522,-4.999999789263498,4.99999999208419,-4.999999906501496,4.999999778015517,-4.999999847692139
99.0,290.0,129.88369750976562,4.99999794567742,-4.999999745982114,4.9999981791936365,4.999999999930876,4.999999822470288,-4.999999697272686,4.999999994796385,-4.999999977415241,4.999999891457886,-4.999999805100348
99.0,290.0,129.88369750976562,4.999999680862515,-4.99999997561649,4.999999202349345,4.99999999429044,4.999999927730237,-4.999999920520677,4.999999988940113,-4.999999994608891,4.999999782866002,-4.999999903689904
99.0,290.0,129.88369750976562,4.999999183012706,-4.999999974235221,4.999999463986834,4.999999327473602,4.999999783544061,-4.99999915025275,4.999999987185736,-4.999999867604896,4.999999818737461,-4.999999985414883
99.0,290.0,129.88369750976562,4.9999999314070624,-4.999999977164306,4.99999969515634,4.999999991326789,4.999999940856364,-4.999998869351892,4.999999987627247,-4.999999945700272,4.999999971660626,-4.999999810219067
99.0,290.0,129.88369750976562,4.999996823954189,-4.999999916628447,4.99999902821954,4.999999998910966,4.999999996940279,-4.999999999803713,4.999999991662074,-4.999999960427447,4.9999998946986,-4.999999935633479
99.0,290.0,129.88369750976562,4.999994036822713,-4.999999982175494,4.999999763997581,4.999999791426465,4.999999979222971,-4.999999826978064,4.999999954970688,-4.999999902171339,4.999999878648276,-4.999999856302477
99.0,290.0,129.88369750976562,4.999999715336943,-4.999999966281545,4.999999382106655,4.999999339237378,4.999999996543513,-4.999999155092524,4.999999984429609,-4.999999948370068,4.999999869552524,-4.999999787907971
99.0,290.0,129.88369750976562,4.999999887249757,-4.999999998812916,4.999999435001985,4.999999729158584,4.999999771087743,-4.999999963759121,4.999999998608711,-4.999999830162187,4.999999995460857,-4.999999986039774
99.0,290.0,129.88369750976562,4.999997848523721,-4.999999984595642,4.999999999909912,4.99999967851701,4.999999771944335,-4.999999712500664,4.999999992428423,-4.999999855416005,4.999999988648389,-4.999999984603841
99.0,290.0,129.88369750976562,4.999999311338192,-4.99999968556676,4.999999999516432,4.999999920861966,4.999999834066658,-4.999999875062828,4.999999987501207,-4.999999934149787,4.99999999438496,-4.999999715451437
99.0,290.0,129.88369750976562,4.999999332606898,-4.99999987921171,4.999997672003195,4.999999999130307,4.999999987068961,-4.999999391400978,4.999999881618264,-4.999999962461375,4.999999960683903,-4.9999998330569415
99.0,290.0,129.88369750976562,4.999998997692642,-4.99999960768909,4.99999923965388,4.999999354472283,4.999999809071095,-4.99999928648632,4.999999981284434,-4.999999990135484,4.999999895486772,-4.9999997821949975
99.0,290.0,129.88369750976562,4.999997794613169,-4.999999994968411,4.999999700250042,4.999999807635453,4.999999872574834,-4.999999711134512,4.9999999916002125,-4.999999831741189,4.999999772149894,-4.999999971336751
99.0,290.0,129.88369750976562,4.999999416961559,-4.9999998192065975,4.9999998301616175,4.99999977527742,4.999999992096949,-4.999999163404482,4.999999997241344,-4.999999847567556,4.999999974221716,-4.999999952970255
99.0,290.0,129.88369750976562,4.999999981170396,-4.9999997823737,4.999998498843815,4.999999843951444,4.999999897326526,-4.999998894442202,4.999999998208035,-4.999999895942649,4.9999999691314665,-4.9999998934854055
99.0,290.0,129.88369750976562,4.999999741173489,-4.999999993582172,4.999999999451509,4.999999892613308,4.999999997414791,-4.999999237409626,4.999999987170426,-4.9999999152004815,4.9999999808456685,-4.999999794400818
99.0,290.0,129.88369750976562,4.999999345207459,-4.999999993722049,4.9999998700453006,4.999999989117844,4.999999027698371,-4.9999999701882585,4.999999998324208,-4.999999646864791,4.999999830820786,-4.999999787047818
99.0,290.0,129.88369750976562,4.9999986757860615,-4.999999999218806,4.999999878323842,4.999999327811468,4.999999362974338,-4.999999281227645,4.999999830737515,-4.999999908132855,4.99999992338825,-4.999999994948498
99.0,290.0,129.88369750976562,4.999999449943063,-4.999999303802615,4.99999999952307,4.99999808374537,4.999999732397546,-4.999999900600439,4.999999995394439,-4.999999632403084,4.999999983514357,-4.999999837905348
99.0,290.0,129.88369750976562,4.999998496912111,-4.999999989891806,4.999999909341342,4.999999344437173,4.999999434147933,-4.999999909920462,4.999999992076868,-4.999999998754437,4.999999997221336,-4.999999831367987
99.0,290.0,129.88369750976562,4.999999010610915,-4.999999621339404,4.999999548326307,4.999999631160248,4.999999809506734,-4.999999327644871,4.999999982654843,-4.9999999999303935,4.999999951133344,-4.999999785441421
99.0,290.0,129.88369750976562,4.99999853932028,-4.99999999573994,4.999999823329526,4.999999616104926,4.999999985074468,-4.99999924243606,4.999999978140074,-4.999999998223117,4.99999984008117,-4.99999979377997
99.0,290.0,129.88369750976562,4.999999802626299,-4.99999962849201,4.999999556263097,4.999999608950152,4.999999772831954,-4.999999963725715,4.999999990420739,-4.999999999110986,4.999999999947836,-4.99999993693096
99.0,290.0,129.88369750976562,4.999999749665182,-4.99999996553812,4.999999998129521,4.999999986834452,4.9999999847226615,-4.999999424088628,4.99999998628288,-4.999999948152202,4.99999997081034,-4.999999862543062
99.0,290.0,129.88369750976562,4.999999961330736,-4.999999986262006,4.9999990000301375,4.999999991826343,4.999999989788966,-4.999998795645917,4.999999996349182,-4.999999904308723,4.999999980174233,-4.99999979061049
99.0,290.0,129.88369750976562,4.99999913198806,-4.999999236368906,4.999998539167445,4.999999994468097,4.999999623536006,-4.999999991689277,4.999999990784682,-4.999999999393535,4.9999999524299525,-4.999999802885343
99.0,290.0,129.88369750976562,4.999999707353453,-4.99999999068575,4.99999999888026,4.999999572208655,4.999999987071203,-4.999999514843929,4.99999998784261,-4.999999829391609,4.999999978103313,-4.999999862609295
99.0,290.0,129.88369750976562,4.99999818940679,-4.999999985169978,4.999999089173883,4.999999964357452,4.999999974671473,-4.999999821271656,4.999999981755144,-4.9999999031447455,4.999999730325605,-4.99999981956244
99.0,290.0,129.88369750976562,4.999996143607362,-4.999999953553816,4.999998824072994,4.999999963998286,4.999999998480842,-4.999999728901685,4.99999999707503,-4.999999915862702,4.999999785396371,-4.9999998143112885
99.0,290.0,129.88369750976562,4.99999747882021,-4.999999561244506,4.999997951442406,4.999999997257871,4.999999756577654,-4.9999999058399,4.9999999916249775,-4.999999999632848,4.99999985337096,-4.999999791088314
99.0,290.0,129.88369750976562,4.999999438487697,-4.999999796627321,4.999999776709867,4.999999687578283,4.999999902695179,-4.999999504039164,4.999999991377257,-4.999999881208799,4.999999989253658,-4.999999787880507
99.0,290.0,129.88369750976562,4.999997723464944,-4.999999914316026,4.999998346539417,4.999999997561368,4.999999906517921,-4.999999996434336,4.999999992304069,-4.999999999784648,4.999999851110273,-4.999999944636614
99.0,290.0,129.88369750976562,4.999999082999102,-4.999999998575135,4.999999923411387,4.999999616023865,4.999999562933701,-4.999999263798827,4.999999828449685,-4.99999987583053,4.999999921970063,-4.999999975210635
99.0,290.0,129.88369750976562,4.999998420522251,-4.999999998042998,4.999999914079867,4.999999601719067,4.99999956633628,-4.99999972375463,4.999999830678156,-4.999999856231142,4.999999825147508,-4.999999993947171
99.0,290.0,129.88369750976562,4.9999936208055455,-4.999999990353143,4.999999536573551,4.999999928995921,4.99999999588025,-4.999999969590231,4.999999955324155,-4.999999914817687,4.999999773029205,-4.999999886208292
99.0,290.0,129.88369750976562,4.999999499487384,-4.9999999793994485,4.999999999002201,4.999999997605267,4.99999950880523,-4.999998865370355,4.999999980559231,-4.999999997051294,4.999999998987393,-4.999999895662702
99.0,290.0,129.88369750976562,4.999996699700624,-4.999999015401074,4.999999318968296,4.999999824358751,4.9999996573614105,-4.999999992908959,4.999999994666214,-4.999999999504531,4.999999995753315,-4.999999800510238
99.0,291.0,129.88369750976562,4.999998393049736,-4.9999999639205885,4.999999183393896,4.999999959514477,4.999999970001494,-4.999999744478762,4.999999985735578,-4.999999941534595,4.999999802560382,-4.999999769906124
99.0,291.0,129.88369750976562,4.999999951906325,-4.999998898814851,4.999999972812911,4.99999889734371,4.999999336994564,-4.999999972530881,4.999999999740183,-4.999999494778904,4.999999998780333,-4.999999984983752
99.0,291.0,129.88369750976562,4.999998675152282,-4.999999625946577,4.999999844447411,4.999999738929781,4.999999401137268,-4.999999966940284,4.999999990278488,-4.999999998950593,4.999999997990818,-4.999999837434982
99.0,291.0,129.88369750976562,4.999998616214041,-4.999999991523842,4.999999366109704,4.999999970762889,4.999999771127303,-4.999999910841129,4.999999994452367,-4.999999833078548,4.9999996812358765,-4.99999997513447
99.0,291.0,129.88369750976562,4.999999325360284,-4.999999999795323,4.999999966222046,4.999999806679261,4.999999988963234,-4.999999477304353,4.999999997872225,-4.999999788228831,4.999999933757616,-4.999999938925822
99.0,291.0,129.88369750976562,4.999999043189739,-4.999999989710178,4.999999744927569,4.9999999542146,4.999999990192108,-4.999999519371047,4.999999998849224,-4.9999998180231575,4.999999975233592,-4.999999786528934
99.0,291.0,129.88369750976562,4.999995284099716,-4.999999993854802,4.999999176089284,4.999999887744916,4.999999984064953,-4.999999317150085,4.999999996228367,-4.9999998637642,4.999999826946553,-4.999999779491851
99.0,291.0,129.88369750976562,4.999999650356557,-4.999999999825788,4.999999466478899,4.999999842161449,4.999999995023709,-4.9999989375958975,4.999999998979735,-4.999999773308298,4.999999926652253,-4.999999976505348
99.0,291.0,129.88369750976562,4.999995840834285,-4.999999816936498,4.999999502284775,4.999999780348846,4.999999984336632,-4.9999993143547865,4.999999992522435,-4.9999998901283496,4.999999935636334,-4.999999969487007
99.0,291.0,129.88369750976562,4.99999995878383,-4.999999975442021,4.999999528086171,4.999999993221739,4.9999998901326,-4.999998969205199,4.999999989053324,-4.999999946368952,4.999999926203617,-4.999999812117926
99.0,291.0,129.88369750976562,4.999999806049937,-4.999999251199697,4.999998947196251,4.9999999610175125,4.999999637242654,-4.99999973815471,4.999999991502106,-4.999999986226478,4.999999970591272,-4.99999981513269
99.0,291.0,129.88369750976562,4.999996817192532,-4.9999999961486825,4.999999886712574,4.999999993677881,4.999999951972019,-4.99999999214729,4.999999993168378,-4.999999754364145,4.999999768412532,-4.9999999571282
99.0,291.0,129.88369750976562,4.999998606453361,-4.999999967097521,4.999999321861807,4.999999962717195,4.999999947661522,-4.999999789263498,4.99999999208419,-4.999999906501496,4.999999778015517,-4.999999847692139
99.0,291.0,129.88369750976562,4.99999794567742,-4.999999745982114,4.9999981791936365,4.999999999930876,4.999999822470288,-4.999999697272686,4.999999994796385,-4.999999977415241,4.999999891457886,-4.999999805100348
99.0,291.0,129.88369750976562,4.999999680862515,-4.99999997561649,4.999999202349345,4.99999999429044,4.999999927730237,-4.999999920520677,4.999999988940113,-4.999999994608891,4.999999782866002,-4.999999903689904
99.0,291.0,129.88369750976562,4.999999183012706,-4.999999974235221,4.999999463986834,4.999999327473602,4.999999783544061,-4.99999915025275,4.999999987185736,-4.999999867604896,4.999999818737461,-4.999999985414883
99.0,291.0,129.88369750976562,4.9999999314070624,-4.999999977164306,4.99999969515634,4.999999991326789,4.999999940856364,-4.999998869351892,4.999999987627247,-4.999999945700272,4.999999971660626,-4.999999810219067
99.0,291.0,129.88369750976562,4.999996823954189,-4.999999916628447,4.99999902821954,4.999999998910966,4.999999996940279,-4.999999999803713,4.999999991662074,-4.999999960427447,4.9999998946986,-4.999999935633479
99.0,291.0,129.88369750976562,4.999994036822713,-4.999999982175494,4.999999763997581,4.999999791426465,4.999999979222971,-4.999999826978064,4.999999954970688,-4.999999902171339,4.999999878648276,-4.999999856302477
99.0,291.0,129.88369750976562,4.999999715336943,-4.999999966281545,4.999999382106655,4.999999339237378,4.999999996543513,-4.999999155092524,4.999999984429609,-4.999999948370068,4.999999869552524,-4.999999787907971
99.0,291.0,129.88369750976562,4.999999887249757,-4.999999998812916,4.999999435001985,4.999999729158584,4.999999771087743,-4.999999963759121,4.999999998608711,-4.999999830162187,4.999999995460857,-4.999999986039774
99.0,291.0,129.88369750976562,4.999997848523721,-4.999999984595642,4.999999999909912,4.99999967851701,4.999999771944335,-4.999999712500664,4.999999992428423,-4.999999855416005,4.999999988648389,-4.999999984603841
99.0,291.0,129.88369750976562,4.999999311338192,-4.99999968556676,4.999999999516432,4.999999920861966,4.999999834066658,-4.999999875062828,4.999999987501207,-4.999999934149787,4.99999999438496,-4.999999715451437
99.0,291.0,129.88369750976562,4.999999332606898,-4.99999987921171,4.999997672003195,4.999999999130307,4.999999987068961,-4.999999391400978,4.999999881618264,-4.999999962461375,4.999999960683903,-4.9999998330569415
99.0,291.0,129.88369750976562,4.999998997692642,-4.99999960768909,4.99999923965388,4.999999354472283,4.999999809071095,-4.99999928648632,4.999999981284434,-4.999999990135484,4.999999895486772,-4.9999997821949975
99.0,291.0,129.88369750976562,4.999997794613169,-4.999999994968411,4.999999700250042,4.999999807635453,4.999999872574834,-4.999999711134512,4.9999999916002125,-4.999999831741189,4.999999772149894,-4.999999971336751
99.0,291.0,129.88369750976562,4.999999416961559,-4.9999998192065975,4.9999998301616175,4.99999977527742,4.999999992096949,-4.999999163404482,4.999999997241344,-4.999999847567556,4.999999974221716,-4.999999952970255
99.0,291.0,129.88369750976562,4.999999981170396,-4.9999997823737,4.999998498843815,4.999999843951444,4.999999897326526,-4.999998894442202,4.999999998208035,-4.999999895942649,4.9999999691314665,-4.9999998934854055
99.0,291.0,129.88369750976562,4.999999741173489,-4.999999993582172,4.999999999451509,4.999999892613308,4.999999997414791,-4.999999237409626,4.999999987170426,-4.9999999152004815,4.9999999808456685,-4.999999794400818
99.0,291.0,129.88369750976562,4.999999345207459,-4.999999993722049,4.9999998700453006,4.999999989117844,4.999999027698371,-4.9999999701882585,4.999999998324208,-4.999999646864791,4.999999830820786,-4.999999787047818
99.0,291.0,129.88369750976562,4.9999986757860615,-4.999999999218806,4.999999878323842,4.999999327811468,4.999999362974338,-4.999999281227645,4.999999830737515,-4.999999908132855,4.99999992338825,-4.999999994948498
99.0,291.0,129.88369750976562,4.999999449943063,-4.999999303802615,4.99999999952307,4.99999808374537,4.999999732397546,-4.999999900600439,4.999999995394439,-4.999999632403084,4.999999983514357,-4.999999837905348
99.0,291.0,129.88369750976562,4.999998496912111,-4.999999989891806,4.999999909341342,4.999999344437173,4.999999434147933,-4.999999909920462,4.999999992076868,-4.999999998754437,4.999999997221336,-4.999999831367987
99.0,291.0,129.88369750976562,4.999999010610915,-4.999999621339404,4.999999548326307,4.999999631160248,4.999999809506734,-4.999999327644871,4.999999982654843,-4.9999999999303935,4.999999951133344,-4.999999785441421
99.0,291.0,129.88369750976562,4.99999853932028,-4.99999999573994,4.999999823329526,4.999999616104926,4.999999985074468,-4.99999924243606,4.999999978140074,-4.999999998223117,4.99999984008117,-4.99999979377997
99.0,291.0,129.88369750976562,4.999999802626299,-4.99999962849201,4.999999556263097,4.999999608950152,4.999999772831954,-4.999999963725715,4.999999990420739,-4.999999999110986,4.999999999947836,-4.99999993693096
99.0,291.0,129.88369750976562,4.999999749665182,-4.99999996553812,4.999999998129521,4.999999986834452,4.9999999847226615,-4.999999424088628,4.99999998628288,-4.999999948152202,4.99999997081034,-4.999999862543062
99.0,291.0,129.88369750976562,4.999999961330736,-4.999999986262006,4.9999990000301375,4.999999991826343,4.999999989788966,-4.999998795645917,4.999999996349182,-4.999999904308723,4.999999980174233,-4.99999979061049
99.0,291.0,129.88369750976562,4.99999913198806,-4.999999236368906,4.999998539167445,4.999999994468097,4.999999623536006,-4.999999991689277,4.999999990784682,-4.999999999393535,4.9999999524299525,-4.999999802885343
99.0,291.0,129.88369750976562,4.999999707353453,-4.99999999068575,4.99999999888026,4.999999572208655,4.999999987071203,-4.999999514843929,4.99999998784261,-4.999999829391609,4.999999978103313,-4.999999862609295
99.0,291.0,129.88369750976562,4.99999818940679,-4.999999985169978,4.999999089173883,4.999999964357452,4.999999974671473,-4.999999821271656,4.999999981755144,-4.9999999031447455,4.999999730325605,-4.99999981956244
99.0,291.0,129.88369750976562,4.999996143607362,-4.999999953553816,4.999998824072994,4.999999963998286,4.999999998480842,-4.999999728901685,4.99999999707503,-4.999999915862702,4.999999785396371,-4.9999998143112885
99.0,291.0,129.88369750976562,4.99999747882021,-4.999999561244506,4.999997951442406,4.999999997257871,4.999999756577654,-4.9999999058399,4.9999999916249775,-4.999999999632848,4.99999985337096,-4.999999791088314
99.0,291.0,129.88369750976562,4.999999438487697,-4.999999796627321,4.999999776709867,4.999999687578283,4.999999902695179,-4.999999504039164,4.999999991377257,-4.999999881208799,4.999999989253658,-4.999999787880507
99.0,291.0,129.88369750976562,4.999997723464944,-4.999999914316026,4.999998346539417,4.999999997561368,4.999999906517921,-4.999999996434336,4.999999992304069,-4.999999999784648,4.999999851110273,-4.999999944636614
99.0,291.0,129.88369750976562,4.999999082999102,-4.999999998575135,4.999999923411387,4.999999616023865,4.999999562933701,-4.999999263798827,4.999999828449685,-4.99999987583053,4.999999921970063,-4.999999975210635
99.0,291.0,129.88369750976562,4.999998420522251,-4.999999998042998,4.999999914079867,4.999999601719067,4.99999956633628,-4.99999972375463,4.999999830678156,-4.999999856231142,4.999999825147508,-4.999999993947171
99.0,291.0,129.88369750976562,4.9999936208055455,-4.999999990353143,4.999999536573551,4.999999928995921,4.99999999588025,-4.999999969590231,4.999999955324155,-4.999999914817687,4.999999773029205,-4.999999886208292
99.0,291.0,129.88369750976562,4.999999499487384,-4.9999999793994485,4.999999999002201,4.999999997605267,4.99999950880523,-4.999998865370355,4.999999980559231,-4.999999997051294,4.999999998987393,-4.999999895662702
99.0,291.0,129.88369750976562,4.999996699700624,-4.999999015401074,4.999999318968296,4.999999824358751,4.9999996573614105,-4.999999992908959,4.999999994666214,-4.999999999504531,4.999999995753315,-4.999999800510238
99.0,292.0,129.88369750976562,4.999998393049736,-4.9999999639205885,4.999999183393896,4.999999959514477,4.999999970001494,-4.999999744478762,4.999999985735578,-4.999999941534595,4.999999802560382,-4.999999769906124
99.0,292.0,129.88369750976562,4.999999951906325,-4.999998898814851,4.999999972812911,4.99999889734371,4.999999336994564,-4.999999972530881,4.999999999740183,-4.999999494778904,4.999999998780333,-4.999999984983752
99.0,292.0,129.88369750976562,4.999998675152282,-4.999999625946577,4.999999844447411,4.999999738929781,4.999999401137268,-4.999999966940284,4.999999990278488,-4.999999998950593,4.999999997990818,-4.999999837434982
99.0,292.0,129.88369750976562,4.999998616214041,-4.999999991523842,4.999999366109704,4.999999970762889,4.999999771127303,-4.999999910841129,4.999999994452367,-4.999999833078548,4.9999996812358765,-4.99999997513447
99.0,292.0,129.88369750976562,4.999999325360284,-4.999999999795323,4.999999966222046,4.999999806679261,4.999999988963234,-4.999999477304353,4.999999997872225,-4.999999788228831,4.999999933757616,-4.999999938925822
99.0,292.0,129.88369750976562,4.999999043189739,-4.999999989710178,4.999999744927569,4.9999999542146,4.999999990192108,-4.999999519371047,4.999999998849224,-4.9999998180231575,4.999999975233592,-4.999999786528934
99.0,292.0,129.88369750976562,4.999995284099716,-4.999999993854802,4.999999176089284,4.999999887744916,4.999999984064953,-4.999999317150085,4.999999996228367,-4.9999998637642,4.999999826946553,-4.999999779491851
99.0,292.0,129.88369750976562,4.999999650356557,-4.999999999825788,4.999999466478899,4.999999842161449,4.999999995023709,-4.9999989375958975,4.999999998979735,-4.999999773308298,4.999999926652253,-4.999999976505348
99.0,292.0,129.88369750976562,4.999995840834285,-4.999999816936498,4.999999502284775,4.999999780348846,4.999999984336632,-4.9999993143547865,4.999999992522435,-4.9999998901283496,4.999999935636334,-4.999999969487007
99.0,292.0,129.88369750976562,4.99999995878383,-4.999999975442021,4.999999528086171,4.999999993221739,4.9999998901326,-4.999998969205199,4.999999989053324,-4.999999946368952,4.999999926203617,-4.999999812117926
99.0,292.0,129.88369750976562,4.999999806049937,-4.999999251199697,4.999998947196251,4.9999999610175125,4.999999637242654,-4.99999973815471,4.999999991502106,-4.999999986226478,4.999999970591272,-4.99999981513269
99.0,292.0,129.88369750976562,4.999996817192532,-4.9999999961486825,4.999999886712574,4.999999993677881,4.999999951972019,-4.99999999214729,4.999999993168378,-4.999999754364145,4.999999768412532,-4.9999999571282
99.0,292.0,129.88369750976562,4.999998606453361,-4.999999967097521,4.999999321861807,4.999999962717195,4.999999947661522,-4.999999789263498,4.99999999208419,-4.999999906501496,4.999999778015517,-4.999999847692139
99.0,292.0,129.88369750976562,4.99999794567742,-4.999999745982114,4.9999981791936365,4.999999999930876,4.999999822470288,-4.999999697272686,4.999999994796385,-4.999999977415241,4.999999891457886,-4.999999805100348
99.0,292.0,129.88369750976562,4.999999680862515,-4.99999997561649,4.999999202349345,4.99999999429044,4.999999927730237,-4.999999920520677,4.999999988940113,-4.999999994608891,4.999999782866002,-4.999999903689904
99.0,292.0,129.88369750976562,4.999999183012706,-4.999999974235221,4.999999463986834,4.999999327473602,4.999999783544061,-4.99999915025275,4.999999987185736,-4.999999867604896,4.999999818737461,-4.999999985414883
99.0,292.0,129.88369750976562,4.9999999314070624,-4.999999977164306,4.99999969515634,4.999999991326789,4.999999940856364,-4.999998869351892,4.999999987627247,-4.999999945700272,4.999999971660626,-4.999999810219067
99.0,292.0,129.88369750976562,4.999996823954189,-4.999999916628447,4.99999902821954,4.999999998910966,4.999999996940279,-4.999999999803713,4.999999991662074,-4.999999960427447,4.9999998946986,-4.999999935633479
99.0,292.0,129.88369750976562,4.999994036822713,-4.999999982175494,4.999999763997581,4.999999791426465,4.999999979222971,-4.999999826978064,4.999999954970688,-4.999999902171339,4.999999878648276,-4.999999856302477
99.0,292.0,129.88369750976562,4.999999715336943,-4.999999966281545,4.999999382106655,4.999999339237378,4.999999996543513,-4.999999155092524,4.999999984429609,-4.999999948370068,4.999999869552524,-4.999999787907971
99.0,292.0,129.88369750976562,4.999999887249757,-4.999999998812916,4.999999435001985,4.999999729158584,4.999999771087743,-4.999999963759121,4.999999998608711,-4.999999830162187,4.999999995460857,-4.999999986039774
99.0,292.0,129.88369750976562,4.999997848523721,-4.999999984595642,4.999999999909912,4.99999967851701,4.999999771944335,-4.999999712500664,4.999999992428423,-4.999999855416005,4.999999988648389,-4.999999984603841
99.0,292.0,129.88369750976562,4.999999311338192,-4.99999968556676,4.999999999516432,4.999999920861966,4.999999834066658,-4.999999875062828,4.999999987501207,-4.999999934149787,4.99999999438496,-4.999999715451437
99.0,292.0,129.88369750976562,4.999999332606898,-4.99999987921171,4.999997672003195,4.999999999130307,4.999999987068961,-4.999999391400978,4.999999881618264,-4.999999962461375,4.999999960683903,-4.9999998330569415
99.0,292.0,129.88369750976562,4.999998997692642,-4.99999960768909,4.99999923965388,4.999999354472283,4.999999809071095,-4.99999928648632,4.999999981284434,-4.999999990135484,4.999999895486772,-4.9999997821949975
99.0,292.0,129.88369750976562,4.999997794613169,-4.999999994968411,4.999999700250042,4.999999807635453,4.999999872574834,-4.999999711134512,4.9999999916002125,-4.999999831741189,4.999999772149894,-4.999999971336751
99.0,292.0,129.88369750976562,4.999999416961559,-4.9999998192065975,4.9999998301616175,4.99999977527742,4.999999992096949,-4.999999163404482,4.999999997241344,-4.999999847567556,4.999999974221716,-4.999999952970255
99.0,292.0,129.88369750976562,4.999999981170396,-4.9999997823737,4.999998498843815,4.999999843951444,4.999999897326526,-4.999998894442202,4.999999998208035,-4.999999895942649,4.9999999691314665,-4.9999998934854055
99.0,292.0,129.88369750976562,4.999999741173489,-4.999999993582172,4.999999999451509,4.999999892613308,4.999999997414791,-4.999999237409626,4.999999987170426,-4.9999999152004815,4.9999999808456685,-4.999999794400818
99.0,292.0,129.88369750976562,4.999999345207459,-4.999999993722049,4.9999998700453006,4.999999989117844,4.999999027698371,-4.9999999701882585,4.999999998324208,-4.999999646864791,4.999999830820786,-4.999999787047818
99.0,292.0,129.88369750976562,4.9999986757860615,-4.999999999218806,4.999999878323842,4.999999327811468,4.999999362974338,-4.999999281227645,4.999999830737515,-4.999999908132855,4.99999992338825,-4.999999994948498
99.0,292.0,129.88369750976562,4.999999449943063,-4.999999303802615,4.99999999952307,4.99999808374537,4.999999732397546,-4.999999900600439,4.999999995394439,-4.999999632403084,4.999999983514357,-4.999999837905348
99.0,292.0,129.88369750976562,4.999998496912111,-4.999999989891806,4.999999909341342,4.999999344437173,4.999999434147933,-4.999999909920462,4.999999992076868,-4.999999998754437,4.999999997221336,-4.999999831367987
99.0,292.0,129.88369750976562,4.999999010610915,-4.999999621339404,4.999999548326307,4.999999631160248,4.999999809506734,-4.999999327644871,4.999999982654843,-4.9999999999303935,4.999999951133344,-4.999999785441421
99.0,292.0,129.88369750976562,4.99999853932028,-4.99999999573994,4.999999823329526,4.999999616104926,4.999999985074468,-4.99999924243606,4.999999978140074,-4.999999998223117,4.99999984008117,-4.99999979377997
99.0,292.0,129.88369750976562,4.999999802626299,-4.99999962849201,4.999999556263097,4.999999608950152,4.999999772831954,-4.999999963725715,4.999999990420739,-4.999999999110986,4.999999999947836,-4.99999993693096
99.0,292.0,129.88369750976562,4.999999749665182,-4.99999996553812,4.999999998129521,4.999999986834452,4.9999999847226615,-4.999999424088628,4.99999998628288,-4.999999948152202,4.99999997081034,-4.999999862543062
99.0,292.0,129.88369750976562,4.999999961330736,-4.999999986262006,4.9999990000301375,4.999999991826343,4.999999989788966,-4.999998795645917,4.999999996349182,-4.999999904308723,4.999999980174233,-4.99999979061049
99.0,292.0,129.88369750976562,4.99999913198806,-4.999999236368906,4.999998539167445,4.999999994468097,4.999999623536006,-4.999999991689277,4.999999990784682,-4.999999999393535,4.9999999524299525,-4.999999802885343
99.0,292.0,129.88369750976562,4.999999707353453,-4.99999999068575,4.99999999888026,4.999999572208655,4.999999987071203,-4.999999514843929,4.99999998784261,-4.999999829391609,4.999999978103313,-4.999999862609295
99.0,292.0,129.88369750976562,4.99999818940679,-4.999999985169978,4.999999089173883,4.999999964357452,4.999999974671473,-4.999999821271656,4.999999981755144,-4.9999999031447455,4.999999730325605,-4.99999981956244
99.0,292.0,129.88369750976562,4.999996143607362,-4.999999953553816,4.999998824072994,4.999999963998286,4.999999998480842,-4.999999728901685,4.99999999707503,-4.999999915862702,4.999999785396371,-4.9999998143112885
99.0,292.0,129.88369750976562,4.99999747882021,-4.999999561244506,4.999997951442406,4.999999997257871,4.999999756577654,-4.9999999058399,4.9999999916249775,-4.999999999632848,4.99999985337096,-4.999999791088314
99.0,292.0,129.88369750976562,4.999999438487697,-4.999999796627321,4.999999776709867,4.999999687578283,4.999999902695179,-4.999999504039164,4.999999991377257,-4.999999881208799,4.999999989253658,-4.999999787880507
99.0,292.0,129.88369750976562,4.999997723464944,-4.999999914316026,4.999998346539417,4.999999997561368,4.999999906517921,-4.999999996434336,4.999999992304069,-4.999999999784648,4.999999851110273,-4.999999944636614
99.0,292.0,129.88369750976562,4.999999082999102,-4.999999998575135,4.999999923411387,4.999999616023865,4.999999562933701,-4.999999263798827,4.999999828449685,-4.99999987583053,4.999999921970063,-4.999999975210635
99.0,292.0,129.88369750976562,4.999998420522251,-4.999999998042998,4.999999914079867,4.999999601719067,4.99999956633628,-4.99999972375463,4.999999830678156,-4.999999856231142,4.999999825147508,-4.999999993947171
99.0,292.0,129.88369750976562,4.9999936208055455,-4.999999990353143,4.999999536573551,4.999999928995921,4.99999999588025,-4.999999969590231,4.999999955324155,-4.999999914817687,4.999999773029205,-4.999999886208292
99.0,292.0,129.88369750976562,4.999999499487384,-4.9999999793994485,4.999999999002201,4.999999997605267,4.99999950880523,-4.999998865370355,4.999999980559231,-4.999999997051294,4.999999998987393,-4.999999895662702
99.0,292.0,129.88369750976562,4.999996699700624,-4.999999015401074,4.999999318968296,4.999999824358751,4.9999996573614105,-4.999999992908959,4.999999994666214,-4.999999999504531,4.999999995753315,-4.999999800510238
99.0,293.0,129.88369750976562,4.999998393049736,-4.9999999639205885,4.999999183393896,4.999999959514477,4.999999970001494,-4.999999744478762,4.999999985735578,-4.999999941534595,4.999999802560382,-4.999999769906124
99.0,293.0,129.88369750976562,4.999999951906325,-4.999998898814851,4.999999972812911,4.99999889734371,4.999999336994564,-4.999999972530881,4.999999999740183,-4.999999494778904,4.999999998780333,-4.999999984983752
99.0,293.0,129.88369750976562,4.999998675152282,-4.999999625946577,4.999999844447411,4.999999738929781,4.999999401137268,-4.999999966940284,4.999999990278488,-4.999999998950593,4.999999997990818,-4.999999837434982
99.0,293.0,129.88369750976562,4.999998616214041,-4.999999991523842,4.999999366109704,4.999999970762889,4.999999771127303,-4.999999910841129,4.999999994452367,-4.999999833078548,4.9999996812358765,-4.99999997513447
99.0,293.0,129.88369750976562,4.999999325360284,-4.999999999795323,4.999999966222046,4.999999806679261,4.999999988963234,-4.999999477304353,4.999999997872225,-4.999999788228831,4.999999933757616,-4.999999938925822
99.0,293.0,129.88369750976562,4.999999043189739,-4.999999989710178,4.999999744927569,4.9999999542146,4.999999990192108,-4.999999519371047,4.999999998849224,-4.9999998180231575,4.999999975233592,-4.999999786528934
99.0,293.0,129.88369750976562,4.999995284099716,-4.999999993854802,4.999999176089284,4.999999887744916,4.999999984064953,-4.999999317150085,4.999999996228367,-4.9999998637642,4.999999826946553,-4.999999779491851
99.0,293.0,129.88369750976562,4.999999650356557,-4.999999999825788,4.999999466478899,4.999999842161449,4.999999995023709,-4.9999989375958975,4.999999998979735,-4.999999773308298,4.999999926652253,-4.999999976505348
99.0,293.0,129.88369750976562,4.999995840834285,-4.999999816936498,4.999999502284775,4.999999780348846,4.999999984336632,-4.9999993143547865,4.999999992522435,-4.9999998901283496,4.999999935636334,-4.999999969487007
99.0,293.0,129.88369750976562,4.99999995878383,-4.999999975442021,4.999999528086171,4.999999993221739,4.9999998901326,-4.999998969205199,4.999999989053324,-4.999999946368952,4.999999926203617,-4.999999812117926
99.0,293.0,129.88369750976562,4.999999806049937,-4.999999251199697,4.999998947196251,4.9999999610175125,4.999999637242654,-4.99999973815471,4.999999991502106,-4.999999986226478,4.999999970591272,-4.99999981513269
99.0,293.0,129.88369750976562,4.999996817192532,-4.9999999961486825,4.999999886712574,4.999999993677881,4.999999951972019,-4.99999999214729,4.999999993168378,-4.999999754364145,4.999999768412532,-4.9999999571282
99.0,293.0,129.88369750976562,4.999998606453361,-4.999999967097521,4.999999321861807,4.999999962717195,4.999999947661522,-4.999999789263498,4.99999999208419,-4.999999906501496,4.999999778015517,-4.999999847692139
99.0,293.0,129.88369750976562,4.99999794567742,-4.999999745982114,4.9999981791936365,4.999999999930876,4.999999822470288,-4.999999697272686,4.999999994796385,-4.999999977415241,4.999999891457886,-4.999999805100348
99.0,293.0,129.88369750976562,4.999999680862515,-4.99999997561649,4.999999202349345,4.99999999429044,4.999999927730237,-4.999999920520677,4.999999988940113,-4.999999994608891,4.999999782866002,-4.999999903689904
99.0,293.0,129.88369750976562,4.999999183012706,-4.999999974235221,4.999999463986834,4.999999327473602,4.999999783544061,-4.99999915025275,4.999999987185736,-4.999999867604896,4.999999818737461,-4.999999985414883
99.0,293.0,129.88369750976562,4.9999999314070624,-4.999999977164306,4.99999969515634,4.999999991326789,4.999999940856364,-4.999998869351892,4.999999987627247,-4.999999945700272,4.999999971660626,-4.999999810219067
99.0,293.0,129.88369750976562,4.999996823954189,-4.999999916628447,4.99999902821954,4.999999998910966,4.999999996940279,-4.999999999803713,4.999999991662074,-4.999999960427447,4.9999998946986,-4.999999935633479
99.0,293.0,129.88369750976562,4.999994036822713,-4.999999982175494,4.999999763997581,4.999999791426465,4.999999979222971,-4.999999826978064,4.999999954970688,-4.999999902171339,4.999999878648276,-4.999999856302477
99.0,293.0,129.88369750976562,4.999999715336943,-4.999999966281545,4.999999382106655,4.999999339237378,4.999999996543513,-4.999999155092524,4.999999984429609,-4.999999948370068,4.999999869552524,-4.999999787907971
99.0,293.0,129.88369750976562,4.999999887249757,-4.999999998812916,4.999999435001985,4.999999729158584,4.999999771087743,-4.999999963759121,4.999999998608711,-4.999999830162187,4.999999995460857,-4.999999986039774
99.0,293.0,129.88369750976562,4.999997848523721,-4.999999984595642,4.999999999909912,4.99999967851701,4.999999771944335,-4.999999712500664,4.999999992428423,-4.999999855416005,4.999999988648389,-4.999999984603841
99.0,293.0,129.88369750976562,4.999999311338192,-4.99999968556676,4.999999999516432,4.999999920861966,4.999999834066658,-4.999999875062828,4.999999987501207,-4.999999934149787,4.99999999438496,-4.999999715451437
99.0,293.0,129.88369750976562,4.999999332606898,-4.99999987921171,4.999997672003195,4.999999999130307,4.999999987068961,-4.999999391400978,4.999999881618264,-4.999999962461375,4.999999960683903,-4.9999998330569415
99.0,293.0,129.88369750976562,4.999998997692642,-4.99999960768909,4.99999923965388,4.999999354472283,4.999999809071095,-4.99999928648632,4.999999981284434,-4.999999990135484,4.999999895486772,-4.9999997821949975
99.0,293.0,129.88369750976562,4.999997794613169,-4.999999994968411,4.999999700250042,4.999999807635453,4.999999872574834,-4.999999711134512,4.9999999916002125,-4.999999831741189,4.999999772149894,-4.999999971336751
99.0,293.0,129.88369750976562,4.999999416961559,-4.9999998192065975,4.9999998301616175,4.99999977527742,4.999999992096949,-4.999999163404482,4.999999997241344,-4.999999847567556,4.999999974221716,-4.999999952970255
99.0,293.0,129.88369750976562,4.999999981170396,-4.9999997823737,4.999998498843815,4.999999843951444,4.999999897326526,-4.999998894442202,4.999999998208035,-4.999999895942649,4.9999999691314665,-4.9999998934854055
99.0,293.0,129.88369750976562,4.999999741173489,-4.999999993582172,4.999999999451509,4.999999892613308,4.999999997414791,-4.999999237409626,4.999999987170426,-4.9999999152004815,4.9999999808456685,-4.999999794400818
99.0,293.0,129.88369750976562,4.999999345207459,-4.999999993722049,4.9999998700453006,4.999999989117844,4.999999027698371,-4.9999999701882585,4.999999998324208,-4.999999646864791,4.999999830820786,-4.999999787047818
99.0,293.0,129.88369750976562,4.9999986757860615,-4.999999999218806,4.999999878323842,4.999999327811468,4.999999362974338,-4.999999281227645,4.999999830737515,-4.999999908132855,4.99999992338825,-4.999999994948498
99.0,293.0,129.88369750976562,4.999999449943063,-4.999999303802615,4.99999999952307,4.99999808374537,4.999999732397546,-4.999999900600439,4.999999995394439,-4.999999632403084,4.999999983514357,-4.999999837905348
99.0,293.0,129.88369750976562,4.999998496912111,-4.999999989891806,4.999999909341342,4.999999344437173,4.999999434147933,-4.999999909920462,4.999999992076868,-4.999999998754437,4.999999997221336,-4.999999831367987
99.0,293.0,129.88369750976562,4.999999010610915,-4.999999621339404,4.999999548326307,4.999999631160248,4.999999809506734,-4.999999327644871,4.999999982654843,-4.9999999999303935,4.999999951133344,-4.999999785441421
99.0,293.0,129.88369750976562,4.99999853932028,-4.99999999573994,4.999999823329526,4.999999616104926,4.999999985074468,-4.99999924243606,4.999999978140074,-4.999999998223117,4.99999984008117,-4.99999979377997
99.0,293.0,129.88369750976562,4.999999802626299,-4.99999962849201,4.999999556263097,4.999999608950152,4.999999772831954,-4.999999963725715,4.999999990420739,-4.999999999110986,4.999999999947836,-4.99999993693096
99.0,293.0,129.88369750976562,4.999999749665182,-4.99999996553812,4.999999998129521,4.999999986834452,4.9999999847226615,-4.999999424088628,4.99999998628288,-4.999999948152202,4.99999997081034,-4.999999862543062
99.0,293.0,129.88369750976562,4.999999961330736,-4.999999986262006,4.9999990000301375,4.999999991826343,4.999999989788966,-4.999998795645917,4.999999996349182,-4.999999904308723,4.999999980174233,-4.99999979061049
99.0,293.0,129.88369750976562,4.99999913198806,-4.999999236368906,4.999998539167445,4.999999994468097,4.999999623536006,-4.999999991689277,4.999999990784682,-4.999999999393535,4.9999999524299525,-4.999999802885343
99.0,293.0,129.88369750976562,4.999999707353453,-4.99999999068575,4.99999999888026,4.999999572208655,4.999999987071203,-4.999999514843929,4.99999998784261,-4.999999829391609,4.999999978103313,-4.999999862609295
99.0,293.0,129.88369750976562,4.99999818940679,-4.999999985169978,4.999999089173883,4.999999964357452,4.999999974671473,-4.999999821271656,4.999999981755144,-4.9999999031447455,4.999999730325605,-4.99999981956244
99.0,293.0,129.88369750976562,4.999996143607362,-4.999999953553816,4.999998824072994,4.999999963998286,4.999999998480842,-4.999999728901685,4.99999999707503,-4.999999915862702,4.999999785396371,-4.9999998143112885
99.0,293.0,129.88369750976562,4.99999747882021,-4.999999561244506,4.999997951442406,4.999999997257871,4.999999756577654,-4.9999999058399,4.9999999916249775,-4.999999999632848,4.99999985337096,-4.999999791088314
99.0,293.0,129.88369750976562,4.999999438487697,-4.999999796627321,4.999999776709867,4.999999687578283,4.999999902695179,-4.999999504039164,4.999999991377257,-4.999999881208799,4.999999989253658,-4.999999787880507
99.0,293.0,129.88369750976562,4.999997723464944,-4.999999914316026,4.999998346539417,4.999999997561368,4.999999906517921,-4.999999996434336,4.999999992304069,-4.999999999784648,4.999999851110273,-4.999999944636614
99.0,293.0,129.88369750976562,4.999999082999102,-4.999999998575135,4.999999923411387,4.999999616023865,4.999999562933701,-4.999999263798827,4.999999828449685,-4.99999987583053,4.999999921970063,-4.999999975210635
99.0,293.0,129.88369750976562,4.999998420522251,-4.999999998042998,4.999999914079867,4.999999601719067,4.99999956633628,-4.99999972375463,4.999999830678156,-4.999999856231142,4.999999825147508,-4.999999993947171
99.0,293.0,129.88369750976562,4.9999936208055455,-4.999999990353143,4.999999536573551,4.999999928995921,4.99999999588025,-4.999999969590231,4.999999955324155,-4.999999914817687,4.999999773029205,-4.999999886208292
99.0,293.0,129.88369750976562,4.999999499487384,-4.9999999793994485,4.999999999002201,4.999999997605267,4.99999950880523,-4.999998865370355,4.999999980559231,-4.999999997051294,4.999999998987393,-4.999999895662702
99.0,293.0,129.88369750976562,4.999996699700624,-4.999999015401074,4.999999318968296,4.999999824358751,4.9999996573614105,-4.999999992908959,4.999999994666214,-4.999999999504531,4.999999995753315,-4.999999800510238
99.0,294.0,129.88369750976562,4.999998393049736,-4.9999999639205885,4.999999183393896,4.999999959514477,4.999999970001494,-4.999999744478762,4.999999985735578,-4.999999941534595,4.999999802560382,-4.999999769906124
99.0,294.0,129.88369750976562,4.999999951906325,-4.999998898814851,4.999999972812911,4.99999889734371,4.999999336994564,-4.999999972530881,4.999999999740183,-4.999999494778904,4.999999998780333,-4.999999984983752
99.0,294.0,129.88369750976562,4.999998675152282,-4.999999625946577,4.999999844447411,4.999999738929781,4.999999401137268,-4.999999966940284,4.999999990278488,-4.999999998950593,4.999999997990818,-4.999999837434982
99.0,294.0,129.88369750976562,4.999998616214041,-4.999999991523842,4.999999366109704,4.999999970762889,4.999999771127303,-4.999999910841129,4.999999994452367,-4.999999833078548,4.9999996812358765,-4.99999997513447
99.0,294.0,129.88369750976562,4.999999325360284,-4.999999999795323,4.999999966222046,4.999999806679261,4.999999988963234,-4.999999477304353,4.999999997872225,-4.999999788228831,4.999999933757616,-4.999999938925822
99.0,294.0,129.88369750976562,4.999999043189739,-4.999999989710178,4.999999744927569,4.9999999542146,4.999999990192108,-4.999999519371047,4.999999998849224,-4.9999998180231575,4.999999975233592,-4.999999786528934
99.0,294.0,129.88369750976562,4.999995284099716,-4.999999993854802,4.999999176089284,4.999999887744916,4.999999984064953,-4.999999317150085,4.999999996228367,-4.9999998637642,4.999999826946553,-4.999999779491851
99.0,294.0,129.88369750976562,4.999999650356557,-4.999999999825788,4.999999466478899,4.999999842161449,4.999999995023709,-4.9999989375958975,4.999999998979735,-4.999999773308298,4.999999926652253,-4.999999976505348
99.0,294.0,129.88369750976562,4.999995840834285,-4.999999816936498,4.999999502284775,4.999999780348846,4.999999984336632,-4.9999993143547865,4.999999992522435,-4.9999998901283496,4.999999935636334,-4.999999969487007
99.0,294.0,129.88369750976562,4.99999995878383,-4.999999975442021,4.999999528086171,4.999999993221739,4.9999998901326,-4.999998969205199,4.999999989053324,-4.999999946368952,4.999999926203617,-4.999999812117926
99.0,294.0,129.88369750976562,4.999999806049937,-4.999999251199697,4.999998947196251,4.9999999610175125,4.999999637242654,-4.99999973815471,4.999999991502106,-4.999999986226478,4.999999970591272,-4.99999981513269
99.0,294.0,129.88369750976562,4.999996817192532,-4.9999999961486825,4.999999886712574,4.999999993677881,4.999999951972019,-4.99999999214729,4.999999993168378,-4.999999754364145,4.999999768412532,-4.9999999571282
99.0,294.0,129.88369750976562,4.999998606453361,-4.999999967097521,4.999999321861807,4.999999962717195,4.999999947661522,-4.999999789263498,4.99999999208419,-4.999999906501496,4.999999778015517,-4.999999847692139
99.0,294.0,129.88369750976562,4.99999794567742,-4.999999745982114,4.9999981791936365,4.999999999930876,4.999999822470288,-4.999999697272686,4.999999994796385,-4.999999977415241,4.999999891457886,-4.999999805100348
99.0,294.0,129.88369750976562,4.999999680862515,-4.99999997561649,4.999999202349345,4.99999999429044,4.999999927730237,-4.999999920520677,4.999999988940113,-4.999999994608891,4.999999782866002,-4.999999903689904
99.0,294.0,129.88369750976562,4.999999183012706,-4.999999974235221,4.999999463986834,4.999999327473602,4.999999783544061,-4.99999915025275,4.999999987185736,-4.999999867604896,4.999999818737461,-4.999999985414883
99.0,294.0,129.88369750976562,4.9999999314070624,-4.999999977164306,4.99999969515634,4.999999991326789,4.999999940856364,-4.999998869351892,4.999999987627247,-4.999999945700272,4.999999971660626,-4.999999810219067
99.0,294.0,129.88369750976562,4.999996823954189,-4.999999916628447,4.99999902821954,4.999999998910966,4.999999996940279,-4.999999999803713,4.999999991662074,-4.999999960427447,4.9999998946986,-4.999999935633479
99.0,294.0,129.88369750976562,4.999994036822713,-4.999999982175494,4.999999763997581,4.999999791426465,4.999999979222971,-4.999999826978064,4.999999954970688,-4.999999902171339,4.999999878648276,-4.999999856302477
99.0,294.0,129.88369750976562,4.999999715336943,-4.999999966281545,4.999999382106655,4.999999339237378,4.999999996543513,-4.999999155092524,4.999999984429609,-4.999999948370068,4.999999869552524,-4.999999787907971
99.0,294.0,129.88369750976562,4.999999887249757,-4.999999998812916,4.999999435001985,4.999999729158584,4.999999771087743,-4.999999963759121,4.999999998608711,-4.999999830162187,4.999999995460857,-4.999999986039774
99.0,294.0,129.88369750976562,4.999997848523721,-4.999999984595642,4.999999999909912,4.99999967851701,4.999999771944335,-4.999999712500664,4.999999992428423,-4.999999855416005,4.999999988648389,-4.999999984603841
99.0,294.0,129.88369750976562,4.999999311338192,-4.99999968556676,4.999999999516432,4.999999920861966,4.999999834066658,-4.999999875062828,4.999999987501207,-4.999999934149787,4.99999999438496,-4.999999715451437
99.0,294.0,129.88369750976562,4.999999332606898,-4.99999987921171,4.999997672003195,4.999999999130307,4.999999987068961,-4.999999391400978,4.999999881618264,-4.999999962461375,4.999999960683903,-4.9999998330569415
99.0,294.0,129.88369750976562,4.999998997692642,-4.99999960768909,4.99999923965388,4.999999354472283,4.999999809071095,-4.99999928648632,4.999999981284434,-4.999999990135484,4.999999895486772,-4.9999997821949975
99.0,294.0,129.88369750976562,4.999997794613169,-4.999999994968411,4.999999700250042,4.999999807635453,4.999999872574834,-4.999999711134512,4.9999999916002125,-4.999999831741189,4.999999772149894,-4.999999971336751
99.0,294.0,129.88369750976562,4.999999416961559,-4.9999998192065975,4.9999998301616175,4.99999977527742,4.999999992096949,-4.999999163404482,4.999999997241344,-4.999999847567556,4.999999974221716,-4.999999952970255
99.0,294.0,129.88369750976562,4.999999981170396,-4.9999997823737,4.999998498843815,4.999999843951444,4.999999897326526,-4.999998894442202,4.999999998208035,-4.999999895942649,4.9999999691314665,-4.9999998934854055
99.0,294.0,129.88369750976562,4.999999741173489,-4.999999993582172,4.999999999451509,4.999999892613308,4.999999997414791,-4.999999237409626,4.999999987170426,-4.9999999152004815,4.9999999808456685,-4.999999794400818
99.0,294.0,129.88369750976562,4.999999345207459,-4.999999993722049,4.9999998700453006,4.999999989117844,4.999999027698371,-4.9999999701882585,4.999999998324208,-4.999999646864791,4.999999830820786,-4.999999787047818
99.0,294.0,129.88369750976562,4.9999986757860615,-4.999999999218806,4.999999878323842,4.999999327811468,4.999999362974338,-4.999999281227645,4.999999830737515,-4.999999908132855,4.99999992338825,-4.999999994948498
99.0,294.0,129.88369750976562,4.999999449943063,-4.999999303802615,4.99999999952307,4.99999808374537,4.999999732397546,-4.999999900600439,4.999999995394439,-4.999999632403084,4.999999983514357,-4.999999837905348
99.0,294.0,129.88369750976562,4.999998496912111,-4.999999989891806,4.999999909341342,4.999999344437173,4.999999434147933,-4.999999909920462,4.999999992076868,-4.999999998754437,4.999999997221336,-4.999999831367987
99.0,294.0,129.88369750976562,4.999999010610915,-4.999999621339404,4.999999548326307,4.999999631160248,4.999999809506734,-4.999999327644871,4.999999982654843,-4.9999999999303935,4.999999951133344,-4.999999785441421
99.0,294.0,129.88369750976562,4.99999853932028,-4.99999999573994,4.999999823329526,4.999999616104926,4.999999985074468,-4.99999924243606,4.999999978140074,-4.999999998223117,4.99999984008117,-4.99999979377997
99.0,294.0,129.88369750976562,4.999999802626299,-4.99999962849201,4.999999556263097,4.999999608950152,4.999999772831954,-4.999999963725715,4.999999990420739,-4.999999999110986,4.999999999947836,-4.99999993693096
99.0,294.0,129.88369750976562,4.999999749665182,-4.99999996553812,4.999999998129521,4.999999986834452,4.9999999847226615,-4.999999424088628,4.99999998628288,-4.999999948152202,4.99999997081034,-4.999999862543062
99.0,294.0,129.88369750976562,4.999999961330736,-4.999999986262006,4.9999990000301375,4.999999991826343,4.999999989788966,-4.999998795645917,4.999999996349182,-4.999999904308723,4.999999980174233,-4.99999979061049
99.0,294.0,129.88369750976562,4.99999913198806,-4.999999236368906,4.999998539167445,4.999999994468097,4.999999623536006,-4.999999991689277,4.999999990784682,-4.999999999393535,4.9999999524299525,-4.999999802885343
99.0,294.0,129.88369750976562,4.999999707353453,-4.99999999068575,4.99999999888026,4.999999572208655,4.999999987071203,-4.999999514843929,4.99999998784261,-4.999999829391609,4.999999978103313,-4.999999862609295
99.0,294.0,129.88369750976562,4.99999818940679,-4.999999985169978,4.999999089173883,4.999999964357452,4.999999974671473,-4.999999821271656,4.999999981755144,-4.9999999031447455,4.999999730325605,-4.99999981956244
99.0,294.0,129.88369750976562,4.999996143607362,-4.999999953553816,4.999998824072994,4.999999963998286,4.999999998480842,-4.999999728901685,4.99999999707503,-4.999999915862702,4.999999785396371,-4.9999998143112885
99.0,294.0,129.88369750976562,4.99999747882021,-4.999999561244506,4.999997951442406,4.999999997257871,4.999999756577654,-4.9999999058399,4.9999999916249775,-4.999999999632848,4.99999985337096,-4.999999791088314
99.0,294.0,129.88369750976562,4.999999438487697,-4.999999796627321,4.999999776709867,4.999999687578283,4.999999902695179,-4.999999504039164,4.999999991377257,-4.999999881208799,4.999999989253658,-4.999999787880507
99.0,294.0,129.88369750976562,4.999997723464944,-4.999999914316026,4.999998346539417,4.999999997561368,4.999999906517921,-4.999999996434336,4.999999992304069,-4.999999999784648,4.999999851110273,-4.999999944636614
99.0,294.0,129.88369750976562,4.999999082999102,-4.999999998575135,4.999999923411387,4.999999616023865,4.999999562933701,-4.999999263798827,4.999999828449685,-4.99999987583053,4.999999921970063,-4.999999975210635
99.0,294.0,129.88369750976562,4.999998420522251,-4.999999998042998,4.999999914079867,4.999999601719067,4.99999956633628,-4.99999972375463,4.999999830678156,-4.999999856231142,4.999999825147508,-4.999999993947171
99.0,294.0,129.88369750976562,4.9999936208055455,-4.999999990353143,4.999999536573551,4.999999928995921,4.99999999588025,-4.999999969590231,4.999999955324155,-4.999999914817687,4.999999773029205,-4.999999886208292
99.0,294.0,129.88369750976562,4.999999499487384,-4.9999999793994485,4.999999999002201,4.999999997605267,4.99999950880523,-4.999998865370355,4.999999980559231,-4.999999997051294,4.999999998987393,-4.999999895662702
99.0,294.0,129.88369750976562,4.999996699700624,-4.999999015401074,4.999999318968296,4.999999824358751,4.9999996573614105,-4.999999992908959,4.999999994666214,-4.999999999504531,4.999999995753315,-4.999999800510238
99.0,295.0,129.88369750976562,4.999998393049736,-4.9999999639205885,4.999999183393896,4.999999959514477,4.999999970001494,-4.999999744478762,4.999999985735578,-4.999999941534595,4.999999802560382,-4.999999769906124
99.0,295.0,129.88369750976562,4.999999951906325,-4.999998898814851,4.999999972812911,4.99999889734371,4.999999336994564,-4.999999972530881,4.999999999740183,-4.999999494778904,4.999999998780333,-4.999999984983752
99.0,295.0,129.88369750976562,4.999998675152282,-4.999999625946577,4.999999844447411,4.999999738929781,4.999999401137268,-4.999999966940284,4.999999990278488,-4.999999998950593,4.999999997990818,-4.999999837434982
99.0,295.0,129.88369750976562,4.999998616214041,-4.999999991523842,4.999999366109704,4.999999970762889,4.999999771127303,-4.999999910841129,4.999999994452367,-4.999999833078548,4.9999996812358765,-4.99999997513447
99.0,295.0,129.88369750976562,4.999999325360284,-4.999999999795323,4.999999966222046,4.999999806679261,4.999999988963234,-4.999999477304353,4.999999997872225,-4.999999788228831,4.999999933757616,-4.999999938925822
99.0,295.0,129.88369750976562,4.999999043189739,-4.999999989710178,4.999999744927569,4.9999999542146,4.999999990192108,-4.999999519371047,4.999999998849224,-4.9999998180231575,4.999999975233592,-4.999999786528934
99.0,295.0,129.88369750976562,4.999995284099716,-4.999999993854802,4.999999176089284,4.999999887744916,4.999999984064953,-4.999999317150085,4.999999996228367,-4.9999998637642,4.999999826946553,-4.999999779491851
99.0,295.0,129.88369750976562,4.999999650356557,-4.999999999825788,4.999999466478899,4.999999842161449,4.999999995023709,-4.9999989375958975,4.999999998979735,-4.999999773308298,4.999999926652253,-4.999999976505348
99.0,295.0,129.88369750976562,4.999995840834285,-4.999999816936498,4.999999502284775,4.999999780348846,4.999999984336632,-4.9999993143547865,4.999999992522435,-4.9999998901283496,4.999999935636334,-4.999999969487007
99.0,295.0,129.88369750976562,4.99999995878383,-4.999999975442021,4.999999528086171,4.999999993221739,4.9999998901326,-4.999998969205199,4.999999989053324,-4.999999946368952,4.999999926203617,-4.999999812117926
99.0,295.0,129.88369750976562,4.999999806049937,-4.999999251199697,4.999998947196251,4.9999999610175125,4.999999637242654,-4.99999973815471,4.999999991502106,-4.999999986226478,4.999999970591272,-4.99999981513269
99.0,295.0,129.88369750976562,4.999996817192532,-4.9999999961486825,4.999999886712574,4.999999993677881,4.999999951972019,-4.99999999214729,4.999999993168378,-4.999999754364145,4.999999768412532,-4.9999999571282
99.0,295.0,129.88369750976562,4.999998606453361,-4.999999967097521,4.999999321861807,4.999999962717195,4.999999947661522,-4.999999789263498,4.99999999208419,-4.999999906501496,4.999999778015517,-4.999999847692139
99.0,295.0,129.88369750976562,4.99999794567742,-4.999999745982114,4.9999981791936365,4.999999999930876,4.999999822470288,-4.999999697272686,4.999999994796385,-4.999999977415241,4.999999891457886,-4.999999805100348
99.0,295.0,129.88369750976562,4.999999680862515,-4.99999997561649,4.999999202349345,4.99999999429044,4.999999927730237,-4.999999920520677,4.999999988940113,-4.999999994608891,4.999999782866002,-4.999999903689904
99.0,295.0,129.88369750976562,4.999999183012706,-4.999999974235221,4.999999463986834,4.999999327473602,4.999999783544061,-4.99999915025275,4.999999987185736,-4.999999867604896,4.999999818737461,-4.999999985414883
99.0,295.0,129.88369750976562,4.9999999314070624,-4.999999977164306,4.99999969515634,4.999999991326789,4.999999940856364,-4.999998869351892,4.999999987627247,-4.999999945700272,4.999999971660626,-4.999999810219067
99.0,295.0,129.88369750976562,4.999996823954189,-4.999999916628447,4.99999902821954,4.999999998910966,4.999999996940279,-4.999999999803713,4.999999991662074,-4.999999960427447,4.9999998946986,-4.999999935633479
99.0,295.0,129.88369750976562,4.999994036822713,-4.999999982175494,4.999999763997581,4.999999791426465,4.999999979222971,-4.999999826978064,4.999999954970688,-4.999999902171339,4.999999878648276,-4.999999856302477
99.0,295.0,129.88369750976562,4.999999715336943,-4.999999966281545,4.999999382106655,4.999999339237378,4.999999996543513,-4.999999155092524,4.999999984429609,-4.999999948370068,4.999999869552524,-4.999999787907971
99.0,295.0,129.88369750976562,4.999999887249757,-4.999999998812916,4.999999435001985,4.999999729158584,4.999999771087743,-4.999999963759121,4.999999998608711,-4.999999830162187,4.999999995460857,-4.999999986039774
99.0,295.0,129.88369750976562,4.999997848523721,-4.999999984595642,4.999999999909912,4.99999967851701,4.999999771944335,-4.999999712500664,4.999999992428423,-4.999999855416005,4.999999988648389,-4.999999984603841
99.0,295.0,129.88369750976562,4.999999311338192,-4.99999968556676,4.999999999516432,4.999999920861966,4.999999834066658,-4.999999875062828,4.999999987501207,-4.999999934149787,4.99999999438496,-4.999999715451437
99.0,295.0,129.88369750976562,4.999999332606898,-4.99999987921171,4.999997672003195,4.999999999130307,4.999999987068961,-4.999999391400978,4.999999881618264,-4.999999962461375,4.999999960683903,-4.9999998330569415
99.0,295.0,129.88369750976562,4.999998997692642,-4.99999960768909,4.99999923965388,4.999999354472283,4.999999809071095,-4.99999928648632,4.999999981284434,-4.999999990135484,4.999999895486772,-4.9999997821949975
99.0,295.0,129.88369750976562,4.999997794613169,-4.999999994968411,4.999999700250042,4.999999807635453,4.999999872574834,-4.999999711134512,4.9999999916002125,-4.999999831741189,4.999999772149894,-4.999999971336751
99.0,295.0,129.88369750976562,4.999999416961559,-4.9999998192065975,4.9999998301616175,4.99999977527742,4.999999992096949,-4.999999163404482,4.999999997241344,-4.999999847567556,4.999999974221716,-4.999999952970255
99.0,295.0,129.88369750976562,4.999999981170396,-4.9999997823737,4.999998498843815,4.999999843951444,4.999999897326526,-4.999998894442202,4.999999998208035,-4.999999895942649,4.9999999691314665,-4.9999998934854055
99.0,295.0,129.88369750976562,4.999999741173489,-4.999999993582172,4.999999999451509,4.999999892613308,4.999999997414791,-4.999999237409626,4.999999987170426,-4.9999999152004815,4.9999999808456685,-4.999999794400818
99.0,295.0,129.88369750976562,4.999999345207459,-4.999999993722049,4.9999998700453006,4.999999989117844,4.999999027698371,-4.9999999701882585,4.999999998324208,-4.999999646864791,4.999999830820786,-4.999999787047818
99.0,295.0,129.88369750976562,4.9999986757860615,-4.999999999218806,4.999999878323842,4.999999327811468,4.999999362974338,-4.999999281227645,4.999999830737515,-4.999999908132855,4.99999992338825,-4.999999994948498
99.0,295.0,129.88369750976562,4.999999449943063,-4.999999303802615,4.99999999952307,4.99999808374537,4.999999732397546,-4.999999900600439,4.999999995394439,-4.999999632403084,4.999999983514357,-4.999999837905348
99.0,295.0,129.88369750976562,4.999998496912111,-4.999999989891806,4.999999909341342,4.999999344437173,4.999999434147933,-4.999999909920462,4.999999992076868,-4.999999998754437,4.999999997221336,-4.999999831367987
99.0,295.0,129.88369750976562,4.999999010610915,-4.999999621339404,4.999999548326307,4.999999631160248,4.999999809506734,-4.999999327644871,4.999999982654843,-4.9999999999303935,4.999999951133344,-4.999999785441421
99.0,295.0,129.88369750976562,4.99999853932028,-4.99999999573994,4.999999823329526,4.999999616104926,4.999999985074468,-4.99999924243606,4.999999978140074,-4.999999998223117,4.99999984008117,-4.99999979377997
99.0,295.0,129.88369750976562,4.999999802626299,-4.99999962849201,4.999999556263097,4.999999608950152,4.999999772831954,-4.999999963725715,4.999999990420739,-4.999999999110986,4.999999999947836,-4.99999993693096
99.0,295.0,129.88369750976562,4.999999749665182,-4.99999996553812,4.999999998129521,4.999999986834452,4.9999999847226615,-4.999999424088628,4.99999998628288,-4.999999948152202,4.99999997081034,-4.999999862543062
99.0,295.0,129.88369750976562,4.999999961330736,-4.999999986262006,4.9999990000301375,4.999999991826343,4.999999989788966,-4.999998795645917,4.999999996349182,-4.999999904308723,4.999999980174233,-4.99999979061049
99.0,295.0,129.88369750976562,4.99999913198806,-4.999999236368906,4.999998539167445,4.999999994468097,4.999999623536006,-4.999999991689277,4.999999990784682,-4.999999999393535,4.9999999524299525,-4.999999802885343
99.0,295.0,129.88369750976562,4.999999707353453,-4.99999999068575,4.99999999888026,4.999999572208655,4.999999987071203,-4.999999514843929,4.99999998784261,-4.999999829391609,4.999999978103313,-4.999999862609295
99.0,295.0,129.88369750976562,4.99999818940679,-4.999999985169978,4.999999089173883,4.999999964357452,4.999999974671473,-4.999999821271656,4.999999981755144,-4.9999999031447455,4.999999730325605,-4.99999981956244
99.0,295.0,129.88369750976562,4.999996143607362,-4.999999953553816,4.999998824072994,4.999999963998286,4.999999998480842,-4.999999728901685,4.99999999707503,-4.999999915862702,4.999999785396371,-4.9999998143112885
99.0,295.0,129.88369750976562,4.99999747882021,-4.999999561244506,4.999997951442406,4.999999997257871,4.999999756577654,-4.9999999058399,4.9999999916249775,-4.999999999632848,4.99999985337096,-4.999999791088314
99.0,295.0,129.88369750976562,4.999999438487697,-4.999999796627321,4.999999776709867,4.999999687578283,4.999999902695179,-4.999999504039164,4.999999991377257,-4.999999881208799,4.999999989253658,-4.999999787880507
99.0,295.0,129.88369750976562,4.999997723464944,-4.999999914316026,4.999998346539417,4.999999997561368,4.999999906517921,-4.999999996434336,4.999999992304069,-4.999999999784648,4.999999851110273,-4.999999944636614
99.0,295.0,129.88369750976562,4.999999082999102,-4.999999998575135,4.999999923411387,4.999999616023865,4.999999562933701,-4.999999263798827,4.999999828449685,-4.99999987583053,4.999999921970063,-4.999999975210635
99.0,295.0,129.88369750976562,4.999998420522251,-4.999999998042998,4.999999914079867,4.999999601719067,4.99999956633628,-4.99999972375463,4.999999830678156,-4.999999856231142,4.999999825147508,-4.999999993947171
99.0,295.0,129.88369750976562,4.9999936208055455,-4.999999990353143,4.999999536573551,4.999999928995921,4.99999999588025,-4.999999969590231,4.999999955324155,-4.999999914817687,4.999999773029205,-4.999999886208292
99.0,295.0,129.88369750976562,4.999999499487384,-4.9999999793994485,4.999999999002201,4.999999997605267,4.99999950880523,-4.999998865370355,4.999999980559231,-4.999999997051294,4.999999998987393,-4.999999895662702
99.0,295.0,129.88369750976562,4.999996699700624,-4.999999015401074,4.999999318968296,4.999999824358751,4.9999996573614105,-4.999999992908959,4.999999994666214,-4.999999999504531,4.999999995753315,-4.999999800510238
99.0,296.0,129.88369750976562,4.999998393049736,-4.9999999639205885,4.999999183393896,4.999999959514477,4.999999970001494,-4.999999744478762,4.999999985735578,-4.999999941534595,4.999999802560382,-4.999999769906124
99.0,296.0,129.88369750976562,4.999999951906325,-4.999998898814851,4.999999972812911,4.99999889734371,4.999999336994564,-4.999999972530881,4.999999999740183,-4.999999494778904,4.999999998780333,-4.999999984983752
99.0,296.0,129.88369750976562,4.999998675152282,-4.999999625946577,4.999999844447411,4.999999738929781,4.999999401137268,-4.999999966940284,4.999999990278488,-4.999999998950593,4.999999997990818,-4.999999837434982
99.0,296.0,129.88369750976562,4.999998616214041,-4.999999991523842,4.999999366109704,4.999999970762889,4.999999771127303,-4.999999910841129,4.999999994452367,-4.999999833078548,4.9999996812358765,-4.99999997513447
99.0,296.0,129.88369750976562,4.999999325360284,-4.999999999795323,4.999999966222046,4.999999806679261,4.999999988963234,-4.999999477304353,4.999999997872225,-4.999999788228831,4.999999933757616,-4.999999938925822
99.0,296.0,129.88369750976562,4.999999043189739,-4.999999989710178,4.999999744927569,4.9999999542146,4.999999990192108,-4.999999519371047,4.999999998849224,-4.9999998180231575,4.999999975233592,-4.999999786528934
99.0,296.0,129.88369750976562,4.999995284099716,-4.999999993854802,4.999999176089284,4.999999887744916,4.999999984064953,-4.999999317150085,4.999999996228367,-4.9999998637642,4.999999826946553,-4.999999779491851
99.0,296.0,129.88369750976562,4.999999650356557,-4.999999999825788,4.999999466478899,4.999999842161449,4.999999995023709,-4.9999989375958975,4.999999998979735,-4.999999773308298,4.999999926652253,-4.999999976505348
99.0,296.0,129.88369750976562,4.999995840834285,-4.999999816936498,4.999999502284775,4.999999780348846,4.999999984336632,-4.9999993143547865,4.999999992522435,-4.9999998901283496,4.999999935636334,-4.999999969487007
99.0,296.0,129.88369750976562,4.99999995878383,-4.999999975442021,4.999999528086171,4.999999993221739,4.9999998901326,-4.999998969205199,4.999999989053324,-4.999999946368952,4.999999926203617,-4.999999812117926
99.0,296.0,129.88369750976562,4.999999806049937,-4.999999251199697,4.999998947196251,4.9999999610175125,4.999999637242654,-4.99999973815471,4.999999991502106,-4.999999986226478,4.999999970591272,-4.99999981513269
99.0,296.0,129.88369750976562,4.999996817192532,-4.9999999961486825,4.999999886712574,4.999999993677881,4.999999951972019,-4.99999999214729,4.999999993168378,-4.999999754364145,4.999999768412532,-4.9999999571282
99.0,296.0,129.88369750976562,4.999998606453361,-4.999999967097521,4.999999321861807,4.999999962717195,4.999999947661522,-4.999999789263498,4.99999999208419,-4.999999906501496,4.999999778015517,-4.999999847692139
99.0,296.0,129.88369750976562,4.99999794567742,-4.999999745982114,4.9999981791936365,4.999999999930876,4.999999822470288,-4.999999697272686,4.999999994796385,-4.999999977415241,4.999999891457886,-4.999999805100348
99.0,296.0,129.88369750976562,4.999999680862515,-4.99999997561649,4.999999202349345,4.99999999429044,4.999999927730237,-4.999999920520677,4.999999988940113,-4.999999994608891,4.999999782866002,-4.999999903689904
99.0,296.0,129.88369750976562,4.999999183012706,-4.999999974235221,4.999999463986834,4.999999327473602,4.999999783544061,-4.99999915025275,4.999999987185736,-4.999999867604896,4.999999818737461,-4.999999985414883
99.0,296.0,129.88369750976562,4.9999999314070624,-4.999999977164306,4.99999969515634,4.999999991326789,4.999999940856364,-4.999998869351892,4.999999987627247,-4.999999945700272,4.999999971660626,-4.999999810219067
99.0,296.0,129.88369750976562,4.999996823954189,-4.999999916628447,4.99999902821954,4.999999998910966,4.999999996940279,-4.999999999803713,4.999999991662074,-4.999999960427447,4.9999998946986,-4.999999935633479
99.0,296.0,129.88369750976562,4.999994036822713,-4.999999982175494,4.999999763997581,4.999999791426465,4.999999979222971,-4.999999826978064,4.999999954970688,-4.999999902171339,4.999999878648276,-4.999999856302477
99.0,296.0,129.88369750976562,4.999999715336943,-4.999999966281545,4.999999382106655,4.999999339237378,4.999999996543513,-4.999999155092524,4.999999984429609,-4.999999948370068,4.999999869552524,-4.999999787907971
99.0,296.0,129.88369750976562,4.999999887249757,-4.999999998812916,4.999999435001985,4.999999729158584,4.999999771087743,-4.999999963759121,4.999999998608711,-4.999999830162187,4.999999995460857,-4.999999986039774
99.0,296.0,129.88369750976562,4.999997848523721,-4.999999984595642,4.999999999909912,4.99999967851701,4.999999771944335,-4.999999712500664,4.999999992428423,-4.999999855416005,4.999999988648389,-4.999999984603841
99.0,296.0,129.88369750976562,4.999999311338192,-4.99999968556676,4.999999999516432,4.999999920861966,4.999999834066658,-4.999999875062828,4.999999987501207,-4.999999934149787,4.99999999438496,-4.999999715451437
99.0,296.0,129.88369750976562,4.999999332606898,-4.99999987921171,4.999997672003195,4.999999999130307,4.999999987068961,-4.999999391400978,4.999999881618264,-4.999999962461375,4.999999960683903,-4.9999998330569415
99.0,296.0,129.88369750976562,4.999998997692642,-4.99999960768909,4.99999923965388,4.999999354472283,4.999999809071095,-4.99999928648632,4.999999981284434,-4.999999990135484,4.999999895486772,-4.9999997821949975
99.0,296.0,129.88369750976562,4.999997794613169,-4.999999994968411,4.999999700250042,4.999999807635453,4.999999872574834,-4.999999711134512,4.9999999916002125,-4.999999831741189,4.999999772149894,-4.999999971336751
99.0,296.0,129.88369750976562,4.999999416961559,-4.9999998192065975,4.9999998301616175,4.99999977527742,4.999999992096949,-4.999999163404482,4.999999997241344,-4.999999847567556,4.999999974221716,-4.999999952970255
99.0,296.0,129.88369750976562,4.999999981170396,-4.9999997823737,4.999998498843815,4.999999843951444,4.999999897326526,-4.999998894442202,4.999999998208035,-4.999999895942649,4.9999999691314665,-4.9999998934854055
99.0,296.0,129.88369750976562,4.999999741173489,-4.999999993582172,4.999999999451509,4.999999892613308,4.999999997414791,-4.999999237409626,4.999999987170426,-4.9999999152004815,4.9999999808456685,-4.999999794400818
99.0,296.0,129.88369750976562,4.999999345207459,-4.999999993722049,4.9999998700453006,4.999999989117844,4.999999027698371,-4.9999999701882585,4.999999998324208,-4.999999646864791,4.999999830820786,-4.999999787047818
99.0,296.0,129.88369750976562,4.9999986757860615,-4.999999999218806,4.999999878323842,4.999999327811468,4.999999362974338,-4.999999281227645,4.999999830737515,-4.999999908132855,4.99999992338825,-4.999999994948498
99.0,296.0,129.88369750976562,4.999999449943063,-4.999999303802615,4.99999999952307,4.99999808374537,4.999999732397546,-4.999999900600439,4.999999995394439,-4.999999632403084,4.999999983514357,-4.999999837905348
99.0,296.0,129.88369750976562,4.999998496912111,-4.999999989891806,4.999999909341342,4.999999344437173,4.999999434147933,-4.999999909920462,4.999999992076868,-4.999999998754437,4.999999997221336,-4.999999831367987
99.0,296.0,129.88369750976562,4.999999010610915,-4.999999621339404,4.999999548326307,4.999999631160248,4.999999809506734,-4.999999327644871,4.999999982654843,-4.9999999999303935,4.999999951133344,-4.999999785441421
99.0,296.0,129.88369750976562,4.99999853932028,-4.99999999573994,4.999999823329526,4.999999616104926,4.999999985074468,-4.99999924243606,4.999999978140074,-4.999999998223117,4.99999984008117,-4.99999979377997
99.0,296.0,129.88369750976562,4.999999802626299,-4.99999962849201,4.999999556263097,4.999999608950152,4.999999772831954,-4.999999963725715,4.999999990420739,-4.999999999110986,4.999999999947836,-4.99999993693096
99.0,296.0,129.88369750976562,4.999999749665182,-4.99999996553812,4.999999998129521,4.999999986834452,4.9999999847226615,-4.999999424088628,4.99999998628288,-4.999999948152202,4.99999997081034,-4.999999862543062
99.0,296.0,129.88369750976562,4.999999961330736,-4.999999986262006,4.9999990000301375,4.999999991826343,4.999999989788966,-4.999998795645917,4.999999996349182,-4.999999904308723,4.999999980174233,-4.99999979061049
99.0,296.0,129.88369750976562,4.99999913198806,-4.999999236368906,4.999998539167445,4.999999994468097,4.999999623536006,-4.999999991689277,4.999999990784682,-4.999999999393535,4.9999999524299525,-4.999999802885343
99.0,296.0,129.88369750976562,4.999999707353453,-4.99999999068575,4.99999999888026,4.999999572208655,4.999999987071203,-4.999999514843929,4.99999998784261,-4.999999829391609,4.999999978103313,-4.999999862609295
99.0,296.0,129.88369750976562,4.99999818940679,-4.999999985169978,4.999999089173883,4.999999964357452,4.999999974671473,-4.999999821271656,4.999999981755144,-4.9999999031447455,4.999999730325605,-4.99999981956244
99.0,296.0,129.88369750976562,4.999996143607362,-4.999999953553816,4.999998824072994,4.999999963998286,4.999999998480842,-4.999999728901685,4.99999999707503,-4.999999915862702,4.999999785396371,-4.9999998143112885
99.0,296.0,129.88369750976562,4.99999747882021,-4.999999561244506,4.999997951442406,4.999999997257871,4.999999756577654,-4.9999999058399,4.9999999916249775,-4.999999999632848,4.99999985337096,-4.999999791088314
99.0,296.0,129.88369750976562,4.999999438487697,-4.999999796627321,4.999999776709867,4.999999687578283,4.999999902695179,-4.999999504039164,4.999999991377257,-4.999999881208799,4.999999989253658,-4.999999787880507
99.0,296.0,129.88369750976562,4.999997723464944,-4.999999914316026,4.999998346539417,4.999999997561368,4.999999906517921,-4.999999996434336,4.999999992304069,-4.999999999784648,4.999999851110273,-4.999999944636614
99.0,296.0,129.88369750976562,4.999999082999102,-4.999999998575135,4.999999923411387,4.999999616023865,4.999999562933701,-4.999999263798827,4.999999828449685,-4.99999987583053,4.999999921970063,-4.999999975210635
99.0,296.0,129.88369750976562,4.999998420522251,-4.999999998042998,4.999999914079867,4.999999601719067,4.99999956633628,-4.99999972375463,4.999999830678156,-4.999999856231142,4.999999825147508,-4.999999993947171
99.0,296.0,129.88369750976562,4.9999936208055455,-4.999999990353143,4.999999536573551,4.999999928995921,4.99999999588025,-4.999999969590231,4.999999955324155,-4.999999914817687,4.999999773029205,-4.999999886208292
99.0,296.0,129.88369750976562,4.999999499487384,-4.9999999793994485,4.999999999002201,4.999999997605267,4.99999950880523,-4.999998865370355,4.999999980559231,-4.999999997051294,4.999999998987393,-4.999999895662702
99.0,296.0,129.88369750976562,4.999996699700624,-4.999999015401074,4.999999318968296,4.999999824358751,4.9999996573614105,-4.999999992908959,4.999999994666214,-4.999999999504531,4.999999995753315,-4.999999800510238
99.0,297.0,129.88369750976562,4.999998393049736,-4.9999999639205885,4.999999183393896,4.999999959514477,4.999999970001494,-4.999999744478762,4.999999985735578,-4.999999941534595,4.999999802560382,-4.999999769906124
99.0,297.0,129.88369750976562,4.999999951906325,-4.999998898814851,4.999999972812911,4.99999889734371,4.999999336994564,-4.999999972530881,4.999999999740183,-4.999999494778904,4.999999998780333,-4.999999984983752
99.0,297.0,129.88369750976562,4.999998675152282,-4.999999625946577,4.999999844447411,4.999999738929781,4.999999401137268,-4.999999966940284,4.999999990278488,-4.999999998950593,4.999999997990818,-4.999999837434982
99.0,297.0,129.88369750976562,4.999998616214041,-4.999999991523842,4.999999366109704,4.999999970762889,4.999999771127303,-4.999999910841129,4.999999994452367,-4.999999833078548,4.9999996812358765,-4.99999997513447
99.0,297.0,129.88369750976562,4.999999325360284,-4.999999999795323,4.999999966222046,4.999999806679261,4.999999988963234,-4.999999477304353,4.999999997872225,-4.999999788228831,4.999999933757616,-4.999999938925822
99.0,297.0,129.88369750976562,4.999999043189739,-4.999999989710178,4.999999744927569,4.9999999542146,4.999999990192108,-4.999999519371047,4.999999998849224,-4.9999998180231575,4.999999975233592,-4.999999786528934
99.0,297.0,129.88369750976562,4.999995284099716,-4.999999993854802,4.999999176089284,4.999999887744916,4.999999984064953,-4.999999317150085,4.999999996228367,-4.9999998637642,4.999999826946553,-4.999999779491851
99.0,297.0,129.88369750976562,4.999999650356557,-4.999999999825788,4.999999466478899,4.999999842161449,4.999999995023709,-4.9999989375958975,4.999999998979735,-4.999999773308298,4.999999926652253,-4.999999976505348
99.0,297.0,129.88369750976562,4.999995840834285,-4.999999816936498,4.999999502284775,4.999999780348846,4.999999984336632,-4.9999993143547865,4.999999992522435,-4.9999998901283496,4.999999935636334,-4.999999969487007
99.0,297.0,129.88369750976562,4.99999995878383,-4.999999975442021,4.999999528086171,4.999999993221739,4.9999998901326,-4.999998969205199,4.999999989053324,-4.999999946368952,4.999999926203617,-4.999999812117926
99.0,297.0,129.88369750976562,4.999999806049937,-4.999999251199697,4.999998947196251,4.9999999610175125,4.999999637242654,-4.99999973815471,4.999999991502106,-4.999999986226478,4.999999970591272,-4.99999981513269
99.0,297.0,129.88369750976562,4.999996817192532,-4.9999999961486825,4.999999886712574,4.999999993677881,4.999999951972019,-4.99999999214729,4.999999993168378,-4.999999754364145,4.999999768412532,-4.9999999571282
99.0,297.0,129.88369750976562,4.999998606453361,-4.999999967097521,4.999999321861807,4.999999962717195,4.999999947661522,-4.999999789263498,4.99999999208419,-4.999999906501496,4.999999778015517,-4.999999847692139
99.0,297.0,129.88369750976562,4.99999794567742,-4.999999745982114,4.9999981791936365,4.999999999930876,4.999999822470288,-4.999999697272686,4.999999994796385,-4.999999977415241,4.999999891457886,-4.999999805100348
99.0,297.0,129.88369750976562,4.999999680862515,-4.99999997561649,4.999999202349345,4.99999999429044,4.999999927730237,-4.999999920520677,4.999999988940113,-4.999999994608891,4.999999782866002,-4.999999903689904
99.0,297.0,129.88369750976562,4.999999183012706,-4.999999974235221,4.999999463986834,4.999999327473602,4.999999783544061,-4.99999915025275,4.999999987185736,-4.999999867604896,4.999999818737461,-4.999999985414883
99.0,297.0,129.88369750976562,4.9999999314070624,-4.999999977164306,4.99999969515634,4.999999991326789,4.999999940856364,-4.999998869351892,4.999999987627247,-4.999999945700272,4.999999971660626,-4.999999810219067
99.0,297.0,129.88369750976562,4.999996823954189,-4.999999916628447,4.99999902821954,4.999999998910966,4.999999996940279,-4.999999999803713,4.999999991662074,-4.999999960427447,4.9999998946986,-4.999999935633479
99.0,297.0,129.88369750976562,4.999994036822713,-4.999999982175494,4.999999763997581,4.999999791426465,4.999999979222971,-4.999999826978064,4.999999954970688,-4.999999902171339,4.999999878648276,-4.999999856302477
99.0,297.0,129.88369750976562,4.999999715336943,-4.999999966281545,4.999999382106655,4.999999339237378,4.999999996543513,-4.999999155092524,4.999999984429609,-4.999999948370068,4.999999869552524,-4.999999787907971
99.0,297.0,129.88369750976562,4.999999887249757,-4.999999998812916,4.999999435001985,4.999999729158584,4.999999771087743,-4.999999963759121,4.999999998608711,-4.999999830162187,4.999999995460857,-4.999999986039774
99.0,297.0,129.88369750976562,4.999997848523721,-4.999999984595642,4.999999999909912,4.99999967851701,4.999999771944335,-4.999999712500664,4.999999992428423,-4.999999855416005,4.999999988648389,-4.999999984603841
99.0,297.0,129.88369750976562,4.999999311338192,-4.99999968556676,4.999999999516432,4.999999920861966,4.999999834066658,-4.999999875062828,4.999999987501207,-4.999999934149787,4.99999999438496,-4.999999715451437
99.0,297.0,129.88369750976562,4.999999332606898,-4.99999987921171,4.999997672003195,4.999999999130307,4.999999987068961,-4.999999391400978,4.999999881618264,-4.999999962461375,4.999999960683903,-4.9999998330569415
99.0,297.0,129.88369750976562,4.999998997692642,-4.99999960768909,4.99999923965388,4.999999354472283,4.999999809071095,-4.99999928648632,4.999999981284434,-4.999999990135484,4.999999895486772,-4.9999997821949975
99.0,297.0,129.88369750976562,4.999997794613169,-4.999999994968411,4.999999700250042,4.999999807635453,4.999999872574834,-4.999999711134512,4.9999999916002125,-4.999999831741189,4.999999772149894,-4.999999971336751
99.0,297.0,129.88369750976562,4.999999416961559,-4.9999998192065975,4.9999998301616175,4.99999977527742,4.999999992096949,-4.999999163404482,4.999999997241344,-4.999999847567556,4.999999974221716,-4.999999952970255
99.0,297.0,129.88369750976562,4.999999981170396,-4.9999997823737,4.999998498843815,4.999999843951444,4.999999897326526,-4.999998894442202,4.999999998208035,-4.999999895942649,4.9999999691314665,-4.9999998934854055
99.0,297.0,129.88369750976562,4.999999741173489,-4.999999993582172,4.999999999451509,4.999999892613308,4.999999997414791,-4.999999237409626,4.999999987170426,-4.9999999152004815,4.9999999808456685,-4.999999794400818
99.0,297.0,129.88369750976562,4.999999345207459,-4.999999993722049,4.9999998700453006,4.999999989117844,4.999999027698371,-4.9999999701882585,4.999999998324208,-4.999999646864791,4.999999830820786,-4.999999787047818
99.0,297.0,129.88369750976562,4.9999986757860615,-4.999999999218806,4.999999878323842,4.999999327811468,4.999999362974338,-4.999999281227645,4.999999830737515,-4.999999908132855,4.99999992338825,-4.999999994948498
99.0,297.0,129.88369750976562,4.999999449943063,-4.999999303802615,4.99999999952307,4.99999808374537,4.999999732397546,-4.999999900600439,4.999999995394439,-4.999999632403084,4.999999983514357,-4.999999837905348
99.0,297.0,129.88369750976562,4.999998496912111,-4.999999989891806,4.999999909341342,4.999999344437173,4.999999434147933,-4.999999909920462,4.999999992076868,-4.999999998754437,4.999999997221336,-4.999999831367987
99.0,297.0,129.88369750976562,4.999999010610915,-4.999999621339404,4.999999548326307,4.999999631160248,4.999999809506734,-4.999999327644871,4.999999982654843,-4.9999999999303935,4.999999951133344,-4.999999785441421
99.0,297.0,129.88369750976562,4.99999853932028,-4.99999999573994,4.999999823329526,4.999999616104926,4.999999985074468,-4.99999924243606,4.999999978140074,-4.999999998223117,4.99999984008117,-4.99999979377997
99.0,297.0,129.88369750976562,4.999999802626299,-4.99999962849201,4.999999556263097,4.999999608950152,4.999999772831954,-4.999999963725715,4.999999990420739,-4.999999999110986,4.999999999947836,-4.99999993693096
99.0,297.0,129.88369750976562,4.999999749665182,-4.99999996553812,4.999999998129521,4.999999986834452,4.9999999847226615,-4.999999424088628,4.99999998628288,-4.999999948152202,4.99999997081034,-4.999999862543062
99.0,297.0,129.88369750976562,4.999999961330736,-4.999999986262006,4.9999990000301375,4.999999991826343,4.999999989788966,-4.999998795645917,4.999999996349182,-4.999999904308723,4.999999980174233,-4.99999979061049
99.0,297.0,129.88369750976562,4.99999913198806,-4.999999236368906,4.999998539167445,4.999999994468097,4.999999623536006,-4.999999991689277,4.999999990784682,-4.999999999393535,4.9999999524299525,-4.999999802885343
99.0,297.0,129.88369750976562,4.999999707353453,-4.99999999068575,4.99999999888026,4.999999572208655,4.999999987071203,-4.999999514843929,4.99999998784261,-4.999999829391609,4.999999978103313,-4.999999862609295
99.0,297.0,129.88369750976562,4.99999818940679,-4.999999985169978,4.999999089173883,4.999999964357452,4.999999974671473,-4.999999821271656,4.999999981755144,-4.9999999031447455,4.999999730325605,-4.99999981956244
99.0,297.0,129.88369750976562,4.999996143607362,-4.999999953553816,4.999998824072994,4.999999963998286,4.999999998480842,-4.999999728901685,4.99999999707503,-4.999999915862702,4.999999785396371,-4.9999998143112885
99.0,297.0,129.88369750976562,4.99999747882021,-4.999999561244506,4.999997951442406,4.999999997257871,4.999999756577654,-4.9999999058399,4.9999999916249775,-4.999999999632848,4.99999985337096,-4.999999791088314
99.0,297.0,129.88369750976562,4.999999438487697,-4.999999796627321,4.999999776709867,4.999999687578283,4.999999902695179,-4.999999504039164,4.999999991377257,-4.999999881208799,4.999999989253658,-4.999999787880507
99.0,297.0,129.88369750976562,4.999997723464944,-4.999999914316026,4.999998346539417,4.999999997561368,4.999999906517921,-4.999999996434336,4.999999992304069,-4.999999999784648,4.999999851110273,-4.999999944636614
99.0,297.0,129.88369750976562,4.999999082999102,-4.999999998575135,4.999999923411387,4.999999616023865,4.999999562933701,-4.999999263798827,4.999999828449685,-4.99999987583053,4.999999921970063,-4.999999975210635
99.0,297.0,129.88369750976562,4.999998420522251,-4.999999998042998,4.999999914079867,4.999999601719067,4.99999956633628,-4.99999972375463,4.999999830678156,-4.999999856231142,4.999999825147508,-4.999999993947171
99.0,297.0,129.88369750976562,4.9999936208055455,-4.999999990353143,4.999999536573551,4.999999928995921,4.99999999588025,-4.999999969590231,4.999999955324155,-4.999999914817687,4.999999773029205,-4.999999886208292
99.0,297.0,129.88369750976562,4.999999499487384,-4.9999999793994485,4.999999999002201,4.999999997605267,4.99999950880523,-4.999998865370355,4.999999980559231,-4.999999997051294,4.999999998987393,-4.999999895662702
99.0,297.0,129.88369750976562,4.999996699700624,-4.999999015401074,4.999999318968296,4.999999824358751,4.9999996573614105,-4.999999992908959,4.999999994666214,-4.999999999504531,4.999999995753315,-4.999999800510238
99.0,298.0,129.88369750976562,4.999998393049736,-4.9999999639205885,4.999999183393896,4.999999959514477,4.999999970001494,-4.999999744478762,4.999999985735578,-4.999999941534595,4.999999802560382,-4.999999769906124
99.0,298.0,129.88369750976562,4.999999951906325,-4.999998898814851,4.999999972812911,4.99999889734371,4.999999336994564,-4.999999972530881,4.999999999740183,-4.999999494778904,4.999999998780333,-4.999999984983752
99.0,298.0,129.88369750976562,4.999998675152282,-4.999999625946577,4.999999844447411,4.999999738929781,4.999999401137268,-4.999999966940284,4.999999990278488,-4.999999998950593,4.999999997990818,-4.999999837434982
99.0,298.0,129.88369750976562,4.999998616214041,-4.999999991523842,4.999999366109704,4.999999970762889,4.999999771127303,-4.999999910841129,4.999999994452367,-4.999999833078548,4.9999996812358765,-4.99999997513447
99.0,298.0,129.88369750976562,4.999999325360284,-4.999999999795323,4.999999966222046,4.999999806679261,4.999999988963234,-4.999999477304353,4.999999997872225,-4.999999788228831,4.999999933757616,-4.999999938925822
99.0,298.0,129.88369750976562,4.999999043189739,-4.999999989710178,4.999999744927569,4.9999999542146,4.999999990192108,-4.999999519371047,4.999999998849224,-4.9999998180231575,4.999999975233592,-4.999999786528934
99.0,298.0,129.88369750976562,4.999995284099716,-4.999999993854802,4.999999176089284,4.999999887744916,4.999999984064953,-4.999999317150085,4.999999996228367,-4.9999998637642,4.999999826946553,-4.999999779491851
99.0,298.0,129.88369750976562,4.999999650356557,-4.999999999825788,4.999999466478899,4.999999842161449,4.999999995023709,-4.9999989375958975,4.999999998979735,-4.999999773308298,4.999999926652253,-4.999999976505348
99.0,298.0,129.88369750976562,4.999995840834285,-4.999999816936498,4.999999502284775,4.999999780348846,4.999999984336632,-4.9999993143547865,4.999999992522435,-4.9999998901283496,4.999999935636334,-4.999999969487007
99.0,298.0,129.88369750976562,4.99999995878383,-4.999999975442021,4.999999528086171,4.999999993221739,4.9999998901326,-4.999998969205199,4.999999989053324,-4.999999946368952,4.999999926203617,-4.999999812117926
99.0,298.0,129.88369750976562,4.999999806049937,-4.999999251199697,4.999998947196251,4.9999999610175125,4.999999637242654,-4.99999973815471,4.999999991502106,-4.999999986226478,4.999999970591272,-4.99999981513269
99.0,298.0,129.88369750976562,4.999996817192532,-4.9999999961486825,4.999999886712574,4.999999993677881,4.999999951972019,-4.99999999214729,4.999999993168378,-4.999999754364145,4.999999768412532,-4.9999999571282
99.0,298.0,129.88369750976562,4.999998606453361,-4.999999967097521,4.999999321861807,4.999999962717195,4.999999947661522,-4.999999789263498,4.99999999208419,-4.999999906501496,4.999999778015517,-4.999999847692139
99.0,298.0,129.88369750976562,4.99999794567742,-4.999999745982114,4.9999981791936365,4.999999999930876,4.999999822470288,-4.999999697272686,4.999999994796385,-4.999999977415241,4.999999891457886,-4.999999805100348
99.0,298.0,129.88369750976562,4.999999680862515,-4.99999997561649,4.999999202349345,4.99999999429044,4.999999927730237,-4.999999920520677,4.999999988940113,-4.999999994608891,4.999999782866002,-4.999999903689904
99.0,298.0,129.88369750976562,4.999999183012706,-4.999999974235221,4.999999463986834,4.999999327473602,4.999999783544061,-4.99999915025275,4.999999987185736,-4.999999867604896,4.999999818737461,-4.999999985414883
99.0,298.0,129.88369750976562,4.9999999314070624,-4.999999977164306,4.99999969515634,4.999999991326789,4.999999940856364,-4.999998869351892,4.999999987627247,-4.999999945700272,4.999999971660626,-4.999999810219067
99.0,298.0,129.88369750976562,4.999996823954189,-4.999999916628447,4.99999902821954,4.999999998910966,4.999999996940279,-4.999999999803713,4.999999991662074,-4.999999960427447,4.9999998946986,-4.999999935633479
99.0,298.0,129.88369750976562,4.999994036822713,-4.999999982175494,4.999999763997581,4.999999791426465,4.999999979222971,-4.999999826978064,4.999999954970688,-4.999999902171339,4.999999878648276,-4.999999856302477
99.0,298.0,129.88369750976562,4.999999715336943,-4.999999966281545,4.999999382106655,4.999999339237378,4.999999996543513,-4.999999155092524,4.999999984429609,-4.999999948370068,4.999999869552524,-4.999999787907971
99.0,298.0,129.88369750976562,4.999999887249757,-4.999999998812916,4.999999435001985,4.999999729158584,4.999999771087743,-4.999999963759121,4.999999998608711,-4.999999830162187,4.999999995460857,-4.999999986039774
99.0,298.0,129.88369750976562,4.999997848523721,-4.999999984595642,4.999999999909912,4.99999967851701,4.999999771944335,-4.999999712500664,4.999999992428423,-4.999999855416005,4.999999988648389,-4.999999984603841
99.0,298.0,129.88369750976562,4.999999311338192,-4.99999968556676,4.999999999516432,4.999999920861966,4.999999834066658,-4.999999875062828,4.999999987501207,-4.999999934149787,4.99999999438496,-4.999999715451437
99.0,298.0,129.88369750976562,4.999999332606898,-4.99999987921171,4.999997672003195,4.999999999130307,4.999999987068961,-4.999999391400978,4.999999881618264,-4.999999962461375,4.999999960683903,-4.9999998330569415
99.0,298.0,129.88369750976562,4.999998997692642,-4.99999960768909,4.99999923965388,4.999999354472283,4.999999809071095,-4.99999928648632,4.999999981284434,-4.999999990135484,4.999999895486772,-4.9999997821949975
99.0,298.0,129.88369750976562,4.999997794613169,-4.999999994968411,4.999999700250042,4.999999807635453,4.999999872574834,-4.999999711134512,4.9999999916002125,-4.999999831741189,4.999999772149894,-4.999999971336751
99.0,298.0,129.88369750976562,4.999999416961559,-4.9999998192065975,4.9999998301616175,4.99999977527742,4.999999992096949,-4.999999163404482,4.999999997241344,-4.999999847567556,4.999999974221716,-4.999999952970255
99.0,298.0,129.88369750976562,4.999999981170396,-4.9999997823737,4.999998498843815,4.999999843951444,4.999999897326526,-4.999998894442202,4.999999998208035,-4.999999895942649,4.9999999691314665,-4.9999998934854055
99.0,298.0,129.88369750976562,4.999999741173489,-4.999999993582172,4.999999999451509,4.999999892613308,4.999999997414791,-4.999999237409626,4.999999987170426,-4.9999999152004815,4.9999999808456685,-4.999999794400818
99.0,298.0,129.88369750976562,4.999999345207459,-4.999999993722049,4.9999998700453006,4.999999989117844,4.999999027698371,-4.9999999701882585,4.999999998324208,-4.999999646864791,4.999999830820786,-4.999999787047818
99.0,298.0,129.88369750976562,4.9999986757860615,-4.999999999218806,4.999999878323842,4.999999327811468,4.999999362974338,-4.999999281227645,4.999999830737515,-4.999999908132855,4.99999992338825,-4.999999994948498
99.0,298.0,129.88369750976562,4.999999449943063,-4.999999303802615,4.99999999952307,4.99999808374537,4.999999732397546,-4.999999900600439,4.999999995394439,-4.999999632403084,4.999999983514357,-4.999999837905348
99.0,298.0,129.88369750976562,4.999998496912111,-4.999999989891806,4.999999909341342,4.999999344437173,4.999999434147933,-4.999999909920462,4.999999992076868,-4.999999998754437,4.999999997221336,-4.999999831367987
99.0,298.0,129.88369750976562,4.999999010610915,-4.999999621339404,4.999999548326307,4.999999631160248,4.999999809506734,-4.999999327644871,4.999999982654843,-4.9999999999303935,4.999999951133344,-4.999999785441421
99.0,298.0,129.88369750976562,4.99999853932028,-4.99999999573994,4.999999823329526,4.999999616104926,4.999999985074468,-4.99999924243606,4.999999978140074,-4.999999998223117,4.99999984008117,-4.99999979377997
99.0,298.0,129.88369750976562,4.999999802626299,-4.99999962849201,4.999999556263097,4.999999608950152,4.999999772831954,-4.999999963725715,4.999999990420739,-4.999999999110986,4.999999999947836,-4.99999993693096
99.0,298.0,129.88369750976562,4.999999749665182,-4.99999996553812,4.999999998129521,4.999999986834452,4.9999999847226615,-4.999999424088628,4.99999998628288,-4.999999948152202,4.99999997081034,-4.999999862543062
99.0,298.0,129.88369750976562,4.999999961330736,-4.999999986262006,4.9999990000301375,4.999999991826343,4.999999989788966,-4.999998795645917,4.999999996349182,-4.999999904308723,4.999999980174233,-4.99999979061049
99.0,298.0,129.88369750976562,4.99999913198806,-4.999999236368906,4.999998539167445,4.999999994468097,4.999999623536006,-4.999999991689277,4.999999990784682,-4.999999999393535,4.9999999524299525,-4.999999802885343
99.0,298.0,129.88369750976562,4.999999707353453,-4.99999999068575,4.99999999888026,4.999999572208655,4.999999987071203,-4.999999514843929,4.99999998784261,-4.999999829391609,4.999999978103313,-4.999999862609295
99.0,298.0,129.88369750976562,4.99999818940679,-4.999999985169978,4.999999089173883,4.999999964357452,4.999999974671473,-4.999999821271656,4.999999981755144,-4.9999999031447455,4.999999730325605,-4.99999981956244
99.0,298.0,129.88369750976562,4.999996143607362,-4.999999953553816,4.999998824072994,4.999999963998286,4.999999998480842,-4.999999728901685,4.99999999707503,-4.999999915862702,4.999999785396371,-4.9999998143112885
99.0,298.0,129.88369750976562,4.99999747882021,-4.999999561244506,4.999997951442406,4.999999997257871,4.999999756577654,-4.9999999058399,4.9999999916249775,-4.999999999632848,4.99999985337096,-4.999999791088314
99.0,298.0,129.88369750976562,4.999999438487697,-4.999999796627321,4.999999776709867,4.999999687578283,4.999999902695179,-4.999999504039164,4.999999991377257,-4.999999881208799,4.999999989253658,-4.999999787880507
99.0,298.0,129.88369750976562,4.999997723464944,-4.999999914316026,4.999998346539417,4.999999997561368,4.999999906517921,-4.999999996434336,4.999999992304069,-4.999999999784648,4.999999851110273,-4.999999944636614
99.0,298.0,129.88369750976562,4.999999082999102,-4.999999998575135,4.999999923411387,4.999999616023865,4.999999562933701,-4.999999263798827,4.999999828449685,-4.99999987583053,4.999999921970063,-4.999999975210635
99.0,298.0,129.88369750976562,4.999998420522251,-4.999999998042998,4.999999914079867,4.999999601719067,4.99999956633628,-4.99999972375463,4.999999830678156,-4.999999856231142,4.999999825147508,-4.999999993947171
99.0,298.0,129.88369750976562,4.9999936208055455,-4.999999990353143,4.999999536573551,4.999999928995921,4.99999999588025,-4.999999969590231,4.999999955324155,-4.999999914817687,4.999999773029205,-4.999999886208292
99.0,298.0,129.88369750976562,4.999999499487384,-4.9999999793994485,4.999999999002201,4.999999997605267,4.99999950880523,-4.999998865370355,4.999999980559231,-4.999999997051294,4.999999998987393,-4.999999895662702
99.0,298.0,129.88369750976562,4.999996699700624,-4.999999015401074,4.999999318968296,4.999999824358751,4.9999996573614105,-4.999999992908959,4.999999994666214,-4.999999999504531,4.999999995753315,-4.999999800510238
99.0,299.0,129.88369750976562,4.999998393049736,-4.9999999639205885,4.999999183393896,4.999999959514477,4.999999970001494,-4.999999744478762,4.999999985735578,-4.999999941534595,4.999999802560382,-4.999999769906124
99.0,299.0,129.88369750976562,4.999999951906325,-4.999998898814851,4.999999972812911,4.99999889734371,4.999999336994564,-4.999999972530881,4.999999999740183,-4.999999494778904,4.999999998780333,-4.999999984983752
99.0,299.0,129.88369750976562,4.999998675152282,-4.999999625946577,4.999999844447411,4.999999738929781,4.999999401137268,-4.999999966940284,4.999999990278488,-4.999999998950593,4.999999997990818,-4.999999837434982
99.0,299.0,129.88369750976562,4.999998616214041,-4.999999991523842,4.999999366109704,4.999999970762889,4.999999771127303,-4.999999910841129,4.999999994452367,-4.999999833078548,4.9999996812358765,-4.99999997513447
99.0,299.0,129.88369750976562,4.999999325360284,-4.999999999795323,4.999999966222046,4.999999806679261,4.999999988963234,-4.999999477304353,4.999999997872225,-4.999999788228831,4.999999933757616,-4.999999938925822
99.0,299.0,129.88369750976562,4.999999043189739,-4.999999989710178,4.999999744927569,4.9999999542146,4.999999990192108,-4.999999519371047,4.999999998849224,-4.9999998180231575,4.999999975233592,-4.999999786528934
99.0,299.0,129.88369750976562,4.999995284099716,-4.999999993854802,4.999999176089284,4.999999887744916,4.999999984064953,-4.999999317150085,4.999999996228367,-4.9999998637642,4.999999826946553,-4.999999779491851
99.0,299.0,129.88369750976562,4.999999650356557,-4.999999999825788,4.999999466478899,4.999999842161449,4.999999995023709,-4.9999989375958975,4.999999998979735,-4.999999773308298,4.999999926652253,-4.999999976505348
99.0,299.0,129.88369750976562,4.999995840834285,-4.999999816936498,4.999999502284775,4.999999780348846,4.999999984336632,-4.9999993143547865,4.999999992522435,-4.9999998901283496,4.999999935636334,-4.999999969487007
99.0,299.0,129.88369750976562,4.99999995878383,-4.999999975442021,4.999999528086171,4.999999993221739,4.9999998901326,-4.999998969205199,4.999999989053324,-4.999999946368952,4.999999926203617,-4.999999812117926
99.0,299.0,129.88369750976562,4.999999806049937,-4.999999251199697,4.999998947196251,4.9999999610175125,4.999999637242654,-4.99999973815471,4.999999991502106,-4.999999986226478,4.999999970591272,-4.99999981513269
99.0,299.0,129.88369750976562,4.999996817192532,-4.9999999961486825,4.999999886712574,4.999999993677881,4.999999951972019,-4.99999999214729,4.999999993168378,-4.999999754364145,4.999999768412532,-4.9999999571282
99.0,299.0,129.88369750976562,4.999998606453361,-4.999999967097521,4.999999321861807,4.999999962717195,4.999999947661522,-4.999999789263498,4.99999999208419,-4.999999906501496,4.999999778015517,-4.999999847692139
99.0,299.0,129.88369750976562,4.99999794567742,-4.999999745982114,4.9999981791936365,4.999999999930876,4.999999822470288,-4.999999697272686,4.999999994796385,-4.999999977415241,4.999999891457886,-4.999999805100348
99.0,299.0,129.88369750976562,4.999999680862515,-4.99999997561649,4.999999202349345,4.99999999429044,4.999999927730237,-4.999999920520677,4.999999988940113,-4.999999994608891,4.999999782866002,-4.999999903689904
99.0,299.0,129.88369750976562,4.999999183012706,-4.999999974235221,4.999999463986834,4.999999327473602,4.999999783544061,-4.99999915025275,4.999999987185736,-4.999999867604896,4.999999818737461,-4.999999985414883
99.0,299.0,129.88369750976562,4.9999999314070624,-4.999999977164306,4.99999969515634,4.999999991326789,4.999999940856364,-4.999998869351892,4.999999987627247,-4.999999945700272,4.999999971660626,-4.999999810219067
99.0,299.0,129.88369750976562,4.999996823954189,-4.999999916628447,4.99999902821954,4.999999998910966,4.999999996940279,-4.999999999803713,4.999999991662074,-4.999999960427447,4.9999998946986,-4.999999935633479
99.0,299.0,129.88369750976562,4.999994036822713,-4.999999982175494,4.999999763997581,4.999999791426465,4.999999979222971,-4.999999826978064,4.999999954970688,-4.999999902171339,4.999999878648276,-4.999999856302477
99.0,299.0,129.88369750976562,4.999999715336943,-4.999999966281545,4.999999382106655,4.999999339237378,4.999999996543513,-4.999999155092524,4.999999984429609,-4.999999948370068,4.999999869552524,-4.999999787907971
99.0,299.0,129.88369750976562,4.999999887249757,-4.999999998812916,4.999999435001985,4.999999729158584,4.999999771087743,-4.999999963759121,4.999999998608711,-4.999999830162187,4.999999995460857,-4.999999986039774
99.0,299.0,129.88369750976562,4.999997848523721,-4.999999984595642,4.999999999909912,4.99999967851701,4.999999771944335,-4.999999712500664,4.999999992428423,-4.999999855416005,4.999999988648389,-4.999999984603841
99.0,299.0,129.88369750976562,4.999999311338192,-4.99999968556676,4.999999999516432,4.999999920861966,4.999999834066658,-4.999999875062828,4.999999987501207,-4.999999934149787,4.99999999438496,-4.999999715451437
99.0,299.0,129.88369750976562,4.999999332606898,-4.99999987921171,4.999997672003195,4.999999999130307,4.999999987068961,-4.999999391400978,4.999999881618264,-4.999999962461375,4.999999960683903,-4.9999998330569415
99.0,299.0,129.88369750976562,4.999998997692642,-4.99999960768909,4.99999923965388,4.999999354472283,4.999999809071095,-4.99999928648632,4.999999981284434,-4.999999990135484,4.999999895486772,-4.9999997821949975
99.0,299.0,129.88369750976562,4.999997794613169,-4.999999994968411,4.999999700250042,4.999999807635453,4.999999872574834,-4.999999711134512,4.9999999916002125,-4.999999831741189,4.999999772149894,-4.999999971336751
99.0,299.0,129.88369750976562,4.999999416961559,-4.9999998192065975,4.9999998301616175,4.99999977527742,4.999999992096949,-4.999999163404482,4.999999997241344,-4.999999847567556,4.999999974221716,-4.999999952970255
99.0,299.0,129.88369750976562,4.999999981170396,-4.9999997823737,4.999998498843815,4.999999843951444,4.999999897326526,-4.999998894442202,4.999999998208035,-4.999999895942649,4.9999999691314665,-4.9999998934854055
99.0,299.0,129.88369750976562,4.999999741173489,-4.999999993582172,4.999999999451509,4.999999892613308,4.999999997414791,-4.999999237409626,4.999999987170426,-4.9999999152004815,4.9999999808456685,-4.999999794400818
99.0,299.0,129.88369750976562,4.999999345207459,-4.999999993722049,4.9999998700453006,4.999999989117844,4.999999027698371,-4.9999999701882585,4.999999998324208,-4.999999646864791,4.999999830820786,-4.999999787047818
99.0,299.0,129.88369750976562,4.9999986757860615,-4.999999999218806,4.999999878323842,4.999999327811468,4.999999362974338,-4.999999281227645,4.999999830737515,-4.999999908132855,4.99999992338825,-4.999999994948498
99.0,299.0,129.88369750976562,4.999999449943063,-4.999999303802615,4.99999999952307,4.99999808374537,4.999999732397546,-4.999999900600439,4.999999995394439,-4.999999632403084,4.999999983514357,-4.999999837905348
99.0,299.0,129.88369750976562,4.999998496912111,-4.999999989891806,4.999999909341342,4.999999344437173,4.999999434147933,-4.999999909920462,4.999999992076868,-4.999999998754437,4.999999997221336,-4.999999831367987
99.0,299.0,129.88369750976562,4.999999010610915,-4.999999621339404,4.999999548326307,4.999999631160248,4.999999809506734,-4.999999327644871,4.999999982654843,-4.9999999999303935,4.999999951133344,-4.999999785441421
99.0,299.0,129.88369750976562,4.99999853932028,-4.99999999573994,4.999999823329526,4.999999616104926,4.999999985074468,-4.99999924243606,4.999999978140074,-4.999999998223117,4.99999984008117,-4.99999979377997
99.0,299.0,129.88369750976562,4.999999802626299,-4.99999962849201,4.999999556263097,4.999999608950152,4.999999772831954,-4.999999963725715,4.999999990420739,-4.999999999110986,4.999999999947836,-4.99999993693096
99.0,299.0,129.88369750976562,4.999999749665182,-4.99999996553812,4.999999998129521,4.999999986834452,4.9999999847226615,-4.999999424088628,4.99999998628288,-4.999999948152202,4.99999997081034,-4.999999862543062
99.0,299.0,129.88369750976562,4.999999961330736,-4.999999986262006,4.9999990000301375,4.999999991826343,4.999999989788966,-4.999998795645917,4.999999996349182,-4.999999904308723,4.999999980174233,-4.99999979061049
99.0,299.0,129.88369750976562,4.99999913198806,-4.999999236368906,4.999998539167445,4.999999994468097,4.999999623536006,-4.999999991689277,4.999999990784682,-4.999999999393535,4.9999999524299525,-4.999999802885343
99.0,299.0,129.88369750976562,4.999999707353453,-4.99999999068575,4.99999999888026,4.999999572208655,4.999999987071203,-4.999999514843929,4.99999998784261,-4.999999829391609,4.999999978103313,-4.999999862609295
99.0,299.0,129.88369750976562,4.99999818940679,-4.999999985169978,4.999999089173883,4.999999964357452,4.999999974671473,-4.999999821271656,4.999999981755144,-4.9999999031447455,4.999999730325605,-4.99999981956244
99.0,299.0,129.88369750976562,4.999996143607362,-4.999999953553816,4.999998824072994,4.999999963998286,4.999999998480842,-4.999999728901685,4.99999999707503,-4.999999915862702,4.999999785396371,-4.9999998143112885
99.0,299.0,129.88369750976562,4.99999747882021,-4.999999561244506,4.999997951442406,4.999999997257871,4.999999756577654,-4.9999999058399,4.9999999916249775,-4.999999999632848,4.99999985337096,-4.999999791088314
99.0,299.0,129.88369750976562,4.999999438487697,-4.999999796627321,4.999999776709867,4.999999687578283,4.999999902695179,-4.999999504039164,4.999999991377257,-4.999999881208799,4.999999989253658,-4.999999787880507
99.0,299.0,129.88369750976562,4.999997723464944,-4.999999914316026,4.999998346539417,4.999999997561368,4.999999906517921,-4.999999996434336,4.999999992304069,-4.999999999784648,4.999999851110273,-4.999999944636614
99.0,299.0,129.88369750976562,4.999999082999102,-4.999999998575135,4.999999923411387,4.999999616023865,4.999999562933701,-4.999999263798827,4.999999828449685,-4.99999987583053,4.999999921970063,-4.999999975210635
99.0,299.0,129.88369750976562,4.999998420522251,-4.999999998042998,4.999999914079867,4.999999601719067,4.99999956633628,-4.99999972375463,4.999999830678156,-4.999999856231142,4.999999825147508,-4.999999993947171
99.0,299.0,129.88369750976562,4.9999936208055455,-4.999999990353143,4.999999536573551,4.999999928995921,4.99999999588025,-4.999999969590231,4.999999955324155,-4.999999914817687,4.999999773029205,-4.999999886208292
99.0,299.0,129.88369750976562,4.999999499487384,-4.9999999793994485,4.999999999002201,4.999999997605267,4.99999950880523,-4.999998865370355,4.999999980559231,-4.999999997051294,4.999999998987393,-4.999999895662702
99.0,299.0,129.88369750976562,4.999996699700624,-4.999999015401074,4.999999318968296,4.999999824358751,4.9999996573614105,-4.999999992908959,4.999999994666214,-4.999999999504531,4.999999995753315,-4.999999800510238
99.0,300.0,129.88369750976562,4.999998393049736,-4.9999999639205885,4.999999183393896,4.999999959514477,4.999999970001494,-4.999999744478762,4.999999985735578,-4.999999941534595,4.999999802560382,-4.999999769906124
99.0,300.0,129.88369750976562,4.999999951906325,-4.999998898814851,4.999999972812911,4.99999889734371,4.999999336994564,-4.999999972530881,4.999999999740183,-4.999999494778904,4.999999998780333,-4.999999984983752
99.0,300.0,129.88369750976562,4.999998675152282,-4.999999625946577,4.999999844447411,4.999999738929781,4.999999401137268,-4.999999966940284,4.999999990278488,-4.999999998950593,4.999999997990818,-4.999999837434982
99.0,300.0,129.88369750976562,4.999998616214041,-4.999999991523842,4.999999366109704,4.999999970762889,4.999999771127303,-4.999999910841129,4.999999994452367,-4.999999833078548,4.9999996812358765,-4.99999997513447
99.0,300.0,129.88369750976562,4.999999325360284,-4.999999999795323,4.999999966222046,4.999999806679261,4.999999988963234,-4.999999477304353,4.999999997872225,-4.999999788228831,4.999999933757616,-4.999999938925822
99.0,300.0,129.88369750976562,4.999999043189739,-4.999999989710178,4.999999744927569,4.9999999542146,4.999999990192108,-4.999999519371047,4.999999998849224,-4.9999998180231575,4.999999975233592,-4.999999786528934
99.0,300.0,129.88369750976562,4.999995284099716,-4.999999993854802,4.999999176089284,4.999999887744916,4.999999984064953,-4.999999317150085,4.999999996228367,-4.9999998637642,4.999999826946553,-4.999999779491851
99.0,300.0,129.88369750976562,4.999999650356557,-4.999999999825788,4.999999466478899,4.999999842161449,4.999999995023709,-4.9999989375958975,4.999999998979735,-4.999999773308298,4.999999926652253,-4.999999976505348
99.0,300.0,129.88369750976562,4.999995840834285,-4.999999816936498,4.999999502284775,4.999999780348846,4.999999984336632,-4.9999993143547865,4.999999992522435,-4.9999998901283496,4.999999935636334,-4.999999969487007
99.0,300.0,129.88369750976562,4.99999995878383,-4.999999975442021,4.999999528086171,4.999999993221739,4.9999998901326,-4.999998969205199,4.999999989053324,-4.999999946368952,4.999999926203617,-4.999999812117926
99.0,300.0,129.88369750976562,4.999999806049937,-4.999999251199697,4.999998947196251,4.9999999610175125,4.999999637242654,-4.99999973815471,4.999999991502106,-4.999999986226478,4.999999970591272,-4.99999981513269
99.0,300.0,129.88369750976562,4.999996817192532,-4.9999999961486825,4.999999886712574,4.999999993677881,4.999999951972019,-4.99999999214729,4.999999993168378,-4.999999754364145,4.999999768412532,-4.9999999571282
99.0,300.0,129.88369750976562,4.999998606453361,-4.999999967097521,4.999999321861807,4.999999962717195,4.999999947661522,-4.999999789263498,4.99999999208419,-4.999999906501496,4.999999778015517,-4.999999847692139
99.0,300.0,129.88369750976562,4.99999794567742,-4.999999745982114,4.9999981791936365,4.999999999930876,4.999999822470288,-4.999999697272686,4.999999994796385,-4.999999977415241,4.999999891457886,-4.999999805100348
99.0,300.0,129.88369750976562,4.999999680862515,-4.99999997561649,4.999999202349345,4.99999999429044,4.999999927730237,-4.999999920520677,4.999999988940113,-4.999999994608891,4.999999782866002,-4.999999903689904
99.0,300.0,129.88369750976562,4.999999183012706,-4.999999974235221,4.999999463986834,4.999999327473602,4.999999783544061,-4.99999915025275,4.999999987185736,-4.999999867604896,4.999999818737461,-4.999999985414883
99.0,300.0,129.88369750976562,4.9999999314070624,-4.999999977164306,4.99999969515634,4.999999991326789,4.999999940856364,-4.999998869351892,4.999999987627247,-4.999999945700272,4.999999971660626,-4.999999810219067
99.0,300.0,129.88369750976562,4.999996823954189,-4.999999916628447,4.99999902821954,4.999999998910966,4.999999996940279,-4.999999999803713,4.999999991662074,-4.999999960427447,4.9999998946986,-4.999999935633479
99.0,300.0,129.88369750976562,4.999994036822713,-4.999999982175494,4.999999763997581,4.999999791426465,4.999999979222971,-4.999999826978064,4.999999954970688,-4.999999902171339,4.999999878648276,-4.999999856302477
99.0,300.0,129.88369750976562,4.999999715336943,-4.999999966281545,4.999999382106655,4.999999339237378,4.999999996543513,-4.999999155092524,4.999999984429609,-4.999999948370068,4.999999869552524,-4.999999787907971
99.0,300.0,129.88369750976562,4.999999887249757,-4.999999998812916,4.999999435001985,4.999999729158584,4.999999771087743,-4.999999963759121,4.999999998608711,-4.999999830162187,4.999999995460857,-4.999999986039774
99.0,300.0,129.88369750976562,4.999997848523721,-4.999999984595642,4.999999999909912,4.99999967851701,4.999999771944335,-4.999999712500664,4.999999992428423,-4.999999855416005,4.999999988648389,-4.999999984603841
99.0,300.0,129.88369750976562,4.999999311338192,-4.99999968556676,4.999999999516432,4.999999920861966,4.999999834066658,-4.999999875062828,4.999999987501207,-4.999999934149787,4.99999999438496,-4.999999715451437
99.0,300.0,129.88369750976562,4.999999332606898,-4.99999987921171,4.999997672003195,4.999999999130307,4.999999987068961,-4.999999391400978,4.999999881618264,-4.999999962461375,4.999999960683903,-4.9999998330569415
99.0,300.0,129.88369750976562,4.999998997692642,-4.99999960768909,4.99999923965388,4.999999354472283,4.999999809071095,-4.99999928648632,4.999999981284434,-4.999999990135484,4.999999895486772,-4.9999997821949975
99.0,300.0,129.88369750976562,4.999997794613169,-4.999999994968411,4.999999700250042,4.999999807635453,4.999999872574834,-4.999999711134512,4.9999999916002125,-4.999999831741189,4.999999772149894,-4.999999971336751
99.0,300.0,129.88369750976562,4.999999416961559,-4.9999998192065975,4.9999998301616175,4.99999977527742,4.999999992096949,-4.999999163404482,4.999999997241344,-4.999999847567556,4.999999974221716,-4.999999952970255
99.0,300.0,129.88369750976562,4.999999981170396,-4.9999997823737,4.999998498843815,4.999999843951444,4.999999897326526,-4.999998894442202,4.999999998208035,-4.999999895942649,4.9999999691314665,-4.9999998934854055
99.0,300.0,129.88369750976562,4.999999741173489,-4.999999993582172,4.999999999451509,4.999999892613308,4.999999997414791,-4.999999237409626,4.999999987170426,-4.9999999152004815,4.9999999808456685,-4.999999794400818
99.0,300.0,129.88369750976562,4.999999345207459,-4.999999993722049,4.9999998700453006,4.999999989117844,4.999999027698371,-4.9999999701882585,4.999999998324208,-4.999999646864791,4.999999830820786,-4.999999787047818
99.0,300.0,129.88369750976562,4.9999986757860615,-4.999999999218806,4.999999878323842,4.999999327811468,4.999999362974338,-4.999999281227645,4.999999830737515,-4.999999908132855,4.99999992338825,-4.999999994948498
99.0,300.0,129.88369750976562,4.999999449943063,-4.999999303802615,4.99999999952307,4.99999808374537,4.999999732397546,-4.999999900600439,4.999999995394439,-4.999999632403084,4.999999983514357,-4.999999837905348
99.0,300.0,129.88369750976562,4.999998496912111,-4.999999989891806,4.999999909341342,4.999999344437173,4.999999434147933,-4.999999909920462,4.999999992076868,-4.999999998754437,4.999999997221336,-4.999999831367987
99.0,300.0,129.88369750976562,4.999999010610915,-4.999999621339404,4.999999548326307,4.999999631160248,4.999999809506734,-4.999999327644871,4.999999982654843,-4.9999999999303935,4.999999951133344,-4.999999785441421
99.0,300.0,129.88369750976562,4.99999853932028,-4.99999999573994,4.999999823329526,4.999999616104926,4.999999985074468,-4.99999924243606,4.999999978140074,-4.999999998223117,4.99999984008117,-4.99999979377997
99.0,300.0,129.88369750976562,4.999999802626299,-4.99999962849201,4.999999556263097,4.999999608950152,4.999999772831954,-4.999999963725715,4.999999990420739,-4.999999999110986,4.999999999947836,-4.99999993693096
99.0,300.0,129.88369750976562,4.999999749665182,-4.99999996553812,4.999999998129521,4.999999986834452,4.9999999847226615,-4.999999424088628,4.99999998628288,-4.999999948152202,4.99999997081034,-4.999999862543062
99.0,300.0,129.88369750976562,4.999999961330736,-4.999999986262006,4.9999990000301375,4.999999991826343,4.999999989788966,-4.999998795645917,4.999999996349182,-4.999999904308723,4.999999980174233,-4.99999979061049
99.0,300.0,129.88369750976562,4.99999913198806,-4.999999236368906,4.999998539167445,4.999999994468097,4.999999623536006,-4.999999991689277,4.999999990784682,-4.999999999393535,4.9999999524299525,-4.999999802885343
99.0,300.0,129.88369750976562,4.999999707353453,-4.99999999068575,4.99999999888026,4.999999572208655,4.999999987071203,-4.999999514843929,4.99999998784261,-4.999999829391609,4.999999978103313,-4.999999862609295
99.0,300.0,129.88369750976562,4.99999818940679,-4.999999985169978,4.999999089173883,4.999999964357452,4.999999974671473,-4.999999821271656,4.999999981755144,-4.9999999031447455,4.999999730325605,-4.99999981956244
99.0,300.0,129.88369750976562,4.999996143607362,-4.999999953553816,4.999998824072994,4.999999963998286,4.999999998480842,-4.999999728901685,4.99999999707503,-4.999999915862702,4.999999785396371,-4.9999998143112885
99.0,300.0,129.88369750976562,4.99999747882021,-4.999999561244506,4.999997951442406,4.999999997257871,4.999999756577654,-4.9999999058399,4.9999999916249775,-4.999999999632848,4.99999985337096,-4.999999791088314
99.0,300.0,129.88369750976562,4.999999438487697,-4.999999796627321,4.999999776709867,4.999999687578283,4.999999902695179,-4.999999504039164,4.999999991377257,-4.999999881208799,4.999999989253658,-4.999999787880507
99.0,300.0,129.88369750976562,4.999997723464944,-4.999999914316026,4.999998346539417,4.999999997561368,4.999999906517921,-4.999999996434336,4.999999992304069,-4.999999999784648,4.999999851110273,-4.999999944636614
99.0,300.0,129.88369750976562,4.999999082999102,-4.999999998575135,4.999999923411387,4.999999616023865,4.999999562933701,-4.999999263798827,4.999999828449685,-4.99999987583053,4.999999921970063,-4.999999975210635
99.0,300.0,129.88369750976562,4.999998420522251,-4.999999998042998,4.999999914079867,4.999999601719067,4.99999956633628,-4.99999972375463,4.999999830678156,-4.999999856231142,4.999999825147508,-4.999999993947171
99.0,300.0,129.88369750976562,4.9999936208055455,-4.999999990353143,4.999999536573551,4.999999928995921,4.99999999588025,-4.999999969590231,4.999999955324155,-4.999999914817687,4.999999773029205,-4.999999886208292
99.0,300.0,129.88369750976562,4.999999499487384,-4.9999999793994485,4.999999999002201,4.999999997605267,4.99999950880523,-4.999998865370355,4.999999980559231,-4.999999997051294,4.999999998987393,-4.999999895662702
99.0,300.0,129.88369750976562,4.999996699700624,-4.999999015401074,4.999999318968296,4.999999824358751,4.9999996573614105,-4.999999992908959,4.999999994666214,-4.999999999504531,4.999999995753315,-4.999999800510238
