Run,Gen,F,1,2,3,4,5,6,7,8,9,10
33.0,0.0,1009.6132202148438,-2.6347813354547265,3.9234227071960586,-1.0776309816804233,-4.074128147989507,-0.0657980112251248,0.117146698568332,1.1441699259320115,2.955019687198667,-4.371484933617554,1.902325107979168
33.0,0.0,1009.369140625,0.2690854259848541,3.192312468070851,-2.9023853436431013,-1.9535514204778133,1.790297694724111,-0.9786022809012832,0.1097771994570848,-0.6705172754217177,-4.8486222304214985,1.438651328767274
33.0,0.0,1005.874755859375,-0.30554061761186,-0.8181987545619753,0.314537608672194,1.408483093839454,-3.2105679908554485,-3.712938483186293,-4.924163141967767,-0.2534613236706571,2.14496828005138,-2.684815687267287
33.0,0.0,1004.0665283203124,-4.200284571259774,-1.708358916344157,2.5708849815149435,-1.9340790115268505,4.287482814080398,2.616444537482429,3.730264057064991,4.289392600102852,-3.744001524102449,-1.6841741763875406
33.0,0.0,1006.5830688476562,2.9214186789492995,3.268862199222454,3.398970179296608,2.4397094662125145,-3.322234140020315,3.034638315467779,-4.853653096763505,-4.741670816284539,-3.9912372513813112,-4.062257744547361
33.0,0.0,1008.5574951171876,0.8770793277284135,3.739875868675817,-0.4209152236771682,-2.519154436909663,3.793032898303462,-1.9012273863551927,2.920308109333959,2.524224870297223,-0.8952261636452015,-4.777813652413987
33.0,0.0,1002.9118041992188,0.1032652009509593,-3.798140508204837,-0.6447464137000072,3.7246849172260177,-4.741895233103561,-0.9831802991405416,-4.4478613009615735,0.7484421967475132,-4.282512406932889,2.2387370316424384
33.0,0.0,1003.8892211914062,-1.470508668205582,2.9066930064025387,4.18808022092561,-1.4118057332560543,4.882888549385941,-0.6623591590671731,-0.2500987044520801,0.5711690144625914,0.2137208343553869,4.395421529096167
33.0,0.0,1006.1624755859376,4.345930759291834,-1.149857242633238,3.177095569217901,2.724549994585136,1.6664152884567525,3.405649726149642,-3.69668394081094,-0.2646043376192004,2.7123514144324474,-4.3324059398065895
33.0,0.0,1050.1181640625,4.709326426637615,-2.289630060571782,-3.625864516487879,-4.790576003467777,1.095242597197181,-4.306315987164593,-0.2709824889256147,0.7270347550525713,-3.695993375629821,2.586192801102536
33.0,0.0,1003.75537109375,-4.332221419946693,3.2549273642898093,-3.8286178412948657,1.5711709718966371,-1.6984638172782485,2.1914531575994936,4.156523440190204,0.4247117002418061,-4.2150285838617085,-3.8139676541556655
33.0,0.0,1007.5215454101562,0.4953463409035317,-1.291591703262016,-2.652802351601124,-2.064878616114667,0.6330630746678212,0.2302794759125532,4.578612297665796,0.1063172052129113,1.084941550497299,0.5975542337543498
33.0,0.0,1002.498291015625,-1.5702206600669086,-3.846994929300406,1.5979993861932629,3.1742334598327773,3.9799433280725545,-4.398618391545751,2.755085530012142,1.7529158119289343,0.885480004319338,2.048523516593136
33.0,0.0,1009.6240234375,0.8709014885296913,3.04234085265297,-3.424799022522542,4.706290933212657,-2.4604469936994064,-4.723598954212688,-1.952819723160105,3.5304259912839075,0.2291198707770068,1.4443830460486362
33.0,0.0,1016.8933715820312,1.8924488839075304,-0.664641583521421,-1.4350707612257727,-1.670096472863749,-3.607381575240302,0.380517634444935,-4.21432116630892,-3.308268346603538,0.2476774293160577,-0.5342339862823948
33.0,0.0,1010.8316040039062,1.7421743605388906,3.1759045579740057,4.413460842490572,0.8571654637765036,-4.989615393611904,-0.2576163455240916,-3.583766317993761,1.845959920455284,-3.2010782003256653,-0.9743774465278268
33.0,0.0,1004.1921997070312,-3.504957478143256,-0.3510067153381442,1.5675960649595488,3.101997345683128,4.57577717741534,0.3354205828702969,4.363648171054081,-2.270404173327256,-1.0785422582243678,-2.094827075194514
33.0,0.0,1010.2892456054688,-0.8151791981406618,2.861106975261041,3.937798952746615,2.7384961121490594,1.408102865089191,-4.175680003428135,0.8740380399070293,-3.249472895643798,1.7212532878018338,-3.752836549737202
33.0,0.0,1017.2332153320312,3.914633478769721,2.51039002930879,2.002432327259989,0.438409423077049,0.3376208351184235,0.7326053606423404,-3.9730930939684974,1.4806517026529082,0.5835613501898553,1.5458898330445496
33.0,0.0,1006.2632446289062,0.2476946478019517,3.323716789682381,1.6419680641999044,0.7772401977021106,4.053014246758533,-3.390924962874231,4.769426932493508,4.214020611693256,4.584822731215278,-1.5946547786625498
33.0,0.0,1003.1589965820312,-2.9835281747314046,-4.91788429759014,0.0858888432654172,3.570624488288521,2.247866937516612,0.7931498910968395,4.081794367545561,-3.3948800029949746,-0.5624630239217847,2.158909825024661
33.0,0.0,1048.09765625,4.801888551957784,1.8735768224882872,3.0892558410960707,-4.374936447954688,-0.8378898117993732,4.085672039442587,-3.4543960645059624,0.4868764596589585,-2.561911235405291,2.617559064790963
33.0,0.0,1006.4918212890624,-3.904516782157427,0.9369767326536528,-1.1678138202127086,-1.9774557332011309,-4.204281138418953,0.2711329575286001,-2.541829523879694,1.4360958637559662,-2.1468597818750625,-4.37524029336859
33.0,0.0,1002.6180419921876,-4.050007052191154,0.0907964636100642,3.234185921190079,2.204592070464169,1.625091054156849,-0.3638519656372887,1.387581836720897,0.3573799364811014,-4.33615353122418,4.7972908813708734
33.0,0.0,1004.745361328125,-4.842738289395655,-2.5242620901120008,1.8335359636720303,-1.2966461831917906,-3.386383211553791,2.672120770795728,-3.1279764199645976,4.723031739980854,-2.2849422736191807,-0.393144847392854
33.0,0.0,1006.2263793945312,2.133533243953436,0.703266458533669,-0.0234562680348897,-2.0043990084376286,1.4168524487587506,-2.649068940836602,1.7007576053682874,1.0819744072157178,-1.1937054748089726,-3.625560781374405
33.0,0.0,1004.0146484375,-3.87279802019592,-2.106419079456767,0.1768449347925527,-3.401537458631163,-4.262054626308748,4.501777368175745,4.501854760177007,-1.0883702897985073,-2.840339483435873,0.303683776324906
33.0,0.0,1010.0604858398438,1.5221823505541838,3.420869086940169,-1.3897517772272994,1.2385350351814015,3.365129261003686,-0.8220544078504588,0.9818984413074316,4.737854281292723,3.08290641583398,-4.402524115083106
33.0,0.0,1006.1283569335938,0.1201698775992907,-1.743992633321375,4.353192815487542,-2.3034129723306,-3.3925820197391543,1.849608601234884,1.6650426016657436,0.7771384083839319,0.5748410436856801,-3.2322639445006884
33.0,0.0,1012.8057250976562,0.099155099922271,-2.8829337570634506,2.072475949296953,-3.942004100146808,-4.379889075457494,-1.9515783157796749,-3.181780457387812,1.959142349670408,0.6914472515566743,-2.7727584599672106
33.0,0.0,1008.8651733398438,-0.7238055559943,0.9664014513018504,-1.297006343344167,-2.375592548269589,2.7247826703325977,2.415159785115085,-4.010006082678133,3.816954516517857,-2.1811154999998337,2.5039319383546585
33.0,0.0,1023.1673583984376,-3.1132092524807806,-2.3626269931547608,-3.155033160533063,-2.398767666592133,1.3376999108878538,-4.377700474328382,0.6061523646919076,-2.332105595599045,3.4602785904874533,4.443522836783659
33.0,0.0,1006.0087890625,-0.1168866469385214,-0.458518904105345,-2.635871423197541,0.0082418527131427,2.2176061522501644,0.4074371545882735,1.112454425111734,3.473926338324686,1.3098747770963597,0.0384305909391802
33.0,0.0,1009.3248291015624,-1.8742427618852464,1.8669252267021008,4.162067326276773,-2.660809898389096,-3.43710401658617,-0.4266139557074329,0.9886149096668362,4.25719099677824,0.2240298978866093,4.984329217415434
33.0,0.0,1004.7034912109376,3.671446856041303,-4.985012539828071,3.8297017108170586,4.99815899684123,-0.5102160335677564,2.095231347367138,-1.56945047372783,-4.049666484555879,4.741370919394226,-4.10984090611755
33.0,0.0,1012.765625,4.899096695250183,-2.094262760497073,-3.4534835615604687,0.486708856483423,4.240291454411068,-2.773986504070185,-3.780769518927052,4.81051112326783,-1.6108245691032916,-4.452033592361508
33.0,0.0,1007.40380859375,-4.573865215561633,3.444602323695399,0.9910884828706514,-4.558344571529518,1.956505265613572,1.5218662147468844,2.8906124872549013,-1.529591509585524,-2.736169980635668,-2.882340857717252
33.0,0.0,1002.0368041992188,-3.2983687832674216,-0.2985453878651292,-3.418583126493972,3.806468964436064,3.4560422563923083,-3.927944280392124,4.225119301566933,4.523907686776532,-3.3262279641311965,0.4294024056112118
33.0,0.0,1003.710693359375,-1.0497510119123763,-2.280640568402903,3.3021751200829748,-0.4007428631401035,-0.2404155822656246,-4.670361192674799,-2.0550932243471265,3.686323911533973,-4.637337342938413,0.0462105966095016
33.0,0.0,1008.6621704101562,-0.0032037247714171,-2.0036139914673354,-0.1453557823365638,-2.7226439046952864,-2.926123376457763,4.921400455924978,2.546826466533908,-1.3687092412445754,-1.1566237336935543,-4.848828211077394
33.0,0.0,1001.9261474609376,-4.2787684520527645,-3.6353330001726416,1.4351805688395594,3.936176182685184,2.7208030078390424,0.4745293982405982,-0.10325451104746,-2.570499338788826,-1.2516650998711496,-4.18955262800737
33.0,0.0,1018.8444213867188,-2.049327989642844,0.0011952715687923,0.0124410938500139,-4.618296877486126,-3.710350824823928,0.8513959049948925,-1.4144470707566037,-2.573659787340885,3.349706673387553,-3.341905502784284
33.0,0.0,1009.2612915039062,-4.1083718758365615,-3.228893291468496,0.9702977365489414,-3.860428914084992,-1.8854794145914813,4.25940231914397,4.158396487924232,-4.554885546811766,0.25803088647642,4.440610235596035
33.0,0.0,1012.7560424804688,0.0098832222277165,4.248421276194399,0.7839186526563378,-0.6466193483034308,-0.7253068670203326,0.0674298774251047,0.8965525755330885,-3.293924277753746,1.7368546069436783,0.5643341477563544
33.0,0.0,1021.6654052734376,2.669497376795872,1.45988054476231,-4.401073223870632,-4.341433367496236,2.356804664907205,-4.064002637992523,-1.5186688003379656,-4.503579754983806,-4.7097693985107885,2.3861811518259834
33.0,0.0,1003.677734375,1.001462391947757,-4.74046503033269,0.0420611097901009,3.0280104191100765,3.616357653177913,2.867312904807907,3.3777309584546344,-4.570974050443778,-3.377384049339296,-3.203421082149649
33.0,0.0,1045.1690673828125,4.711622592214329,0.1915632964622107,2.305205922060381,-1.4000466049349325,-4.194512007622087,-4.909949246871874,3.8306013704893633,4.705677416870465,1.815735221432452,4.698766071421874
33.0,0.0,1006.8685913085938,-0.2193172728119172,1.0113141974970965,4.911325402739845,-0.3010529138289044,-4.641837334829646,3.026955896759256,-0.2920040093017997,2.4778628230425745,1.058881130811697,2.2546727065438006
33.0,0.0,1012.260498046875,1.0017512175768033,-0.7367107510969193,-0.50905015043773,-0.4160777276081076,-0.252797891227221,-4.9068281643708245,-2.3809693941630194,-3.854647170184165,-3.620441150036303,-3.649476490374216
33.0,0.0,1024.3673095703125,3.4919331649298737,1.422540846444342,-2.8048307843225704,-1.290351242273864,-3.308962062990397,2.688317845478325,3.729048894748932,-0.6860427255592292,-3.815521095542087,-3.350081355629978
33.0,1.0,1001.9261474609376,-4.2787684520527645,-3.6353330001726416,1.4351805688395594,3.936176182685184,2.7208030078390424,0.4745293982405982,-0.10325451104746,-2.570499338788826,-1.2516650998711496,-4.18955262800737
33.0,1.0,1002.0368041992188,-3.2983687832674216,-0.2985453878651292,-3.418583126493972,3.806468964436064,3.4560422563923083,-3.927944280392124,4.225119301566933,4.523907686776532,-3.3262279641311965,0.4294024056112118
33.0,1.0,1002.0368041992188,-3.2983687832674216,-0.2985453878651292,-3.418583126493972,3.806468964436064,3.4560422563923083,-3.927944280392124,4.225119301566933,4.523907686776532,-3.3262279641311965,0.4294024056112118
33.0,1.0,1002.1626586914062,-4.332221419946693,3.2549273642898093,-3.820386002349194,3.76115773418387,-1.5277604014056088,2.1914531575994936,4.222654690633425,0.4247117002418061,-4.2150285838617085,0.2726304802047763
33.0,1.0,1002.1731567382812,-1.7005743635343291,-4.337615151601735,-0.0234562680348897,-2.0043990084376286,1.4322665144244993,-2.575224164356773,1.7007576053682874,1.7540190876894488,-1.1260046739339806,2.580318838652192
33.0,1.0,1002.3742065429688,-1.0053383664223794,-2.280640568402903,0.2260490043388006,3.4463096507995874,2.2468614311728867,0.994664437900512,4.252810773091774,-3.556597407860263,-0.6172602447761004,0.0462105966095016
33.0,1.0,1002.4600219726562,-4.200284571259774,-1.708358916344157,2.1088661758563085,-1.9340790115268505,4.287482814080398,2.616164695413245,-2.929505881221264,4.216568666947723,0.3419153061763558,-2.771604781881861
33.0,1.0,1002.4671020507812,0.3271611165407,-4.693099546254993,1.645260203490972,0.7772401977021106,2.1843552067311496,-3.390924962874231,4.769426932493508,3.5500367242953645,-0.0648223741601592,2.281442849078388
33.0,1.0,1002.498291015625,-1.5702206600669086,-3.846994929300406,1.5979993861932629,3.1742334598327773,3.9799433280725545,-4.398618391545751,2.755085530012142,1.7529158119289343,0.885480004319338,2.048523516593136
33.0,1.0,1002.6180419921876,-4.050007052191154,0.0907964636100642,3.234185921190079,2.204592070464169,1.625091054156849,-0.3638519656372887,1.387581836720897,0.3573799364811014,-4.33615353122418,4.7972908813708734
33.0,1.0,1002.8573608398438,0.1009412249984524,-3.798140508204837,1.378509275145637,3.937433978931548,2.0101544957412667,0.5574568910793416,-4.4478613009615735,0.7484421967475132,-4.282512406932889,2.2387370316424384
33.0,1.0,1002.9118041992188,0.1032652009509593,-3.798140508204837,-0.6447464137000072,3.7246849172260177,-4.741895233103561,-0.9831802991405416,-4.4478613009615735,0.7484421967475132,-4.282512406932889,2.2387370316424384
33.0,1.0,1003.1519165039062,-1.602012803084731,-3.846994929300406,0.928808553577554,4.664163013425156,3.704433008328421,-4.398618391545751,2.755085530012142,1.7529158119289343,0.885480004319338,2.048523516593136
33.0,1.0,1003.1589965820312,-2.9835281747314046,-4.91788429759014,0.0858888432654172,3.570624488288521,2.247866937516612,0.7931498910968395,4.081794367545561,-3.3948800029949746,-0.5624630239217847,2.158909825024661
33.0,1.0,1003.1619873046876,3.671446856041303,-4.835481838021556,3.2372517733291444,4.998958644504814,-0.5225329431290364,-0.5107621919348999,-1.5751577172289897,-4.049666484555879,-4.26172501464795,-4.10984090611755
33.0,1.0,1003.37109375,-3.027940818768504,-4.91788429759014,3.1620145082100475,-0.276437954057571,-0.2394100762240012,-4.807811628893065,-2.232015105142347,3.701654957752456,-4.577955661844477,2.158909825024661
33.0,1.0,1003.4070434570312,-4.050007052191154,0.0336237702676327,3.675881992110826,2.204592070464169,1.63740796371243,2.242141571872001,1.3932890803277995,0.3573799364811014,4.978845194076319,4.7972908813708734
33.0,1.0,1003.4712524414062,-3.504957478143256,-0.3499888139304907,1.5247398862000232,3.101997345683128,4.182932552571057,0.3354205828702969,4.363648171054081,-2.270404173327256,-1.0319845554633025,-2.105260224656858
33.0,1.0,1003.677734375,1.001462391947757,-4.74046503033269,0.0420611097901009,3.0280104191100765,3.616357653177913,2.867312904807907,3.3777309584546344,-4.570974050443778,-3.377384049339296,-3.203421082149649
33.0,1.0,1003.6947631835938,1.0522389255104572,-4.74046503033269,0.0420611097901009,3.0280104191100765,3.599135558069669,2.867312904807907,3.3777309584546344,-4.570974050443778,-3.377384049339296,-3.203421082149649
33.0,1.0,1003.710693359375,-1.0497510119123763,-2.280640568402903,3.3021751200829748,-0.4007428631401035,-0.2404155822656246,-4.670361192674799,-2.0550932243471265,3.686323911533973,-4.637337342938413,0.0462105966095016
33.0,1.0,1003.75537109375,-4.332221419946693,3.2549273642898093,-3.8286178412948657,1.5711709718966371,-1.6984638172782485,2.1914531575994936,4.156523440190204,0.4247117002418061,-4.2150285838617085,-3.8139676541556655
33.0,1.0,1003.75537109375,-4.332221419946693,3.2549273642898093,-3.8286178412948657,1.5711709718966371,-1.6984638172782485,2.1914531575994936,4.156523440190204,0.4247117002418061,-4.2150285838617085,-3.8139676541556655
33.0,1.0,1003.8677978515624,0.2266633934641162,-1.1834019703775716,-4.188969310726459,1.8614869155268736,1.793493383972813,-1.197725766249912,0.1097771994570848,-0.6705172754217177,-4.8486222304214985,1.438651328767274
33.0,1.0,1003.8892211914062,-1.470508668205582,2.9066930064025387,4.18808022092561,-1.4118057332560543,4.882888549385941,-0.6623591590671731,-0.2500987044520801,0.5711690144625914,0.2137208343553869,4.395421529096167
33.0,1.0,1003.9000244140624,-3.2983687832674216,-0.2985453878651292,-3.426814965439642,1.616481902419569,3.285297826125486,-3.927944280392124,4.158988051123712,4.523907686776532,-3.3262279641311965,-3.6571452961045448
33.0,1.0,1003.9766845703124,0.1069323351723485,-2.5744939988405364,1.9963178992808623,3.4659207088096133,-3.571871244906472,2.672120770795728,-3.149168893467367,4.723031739980854,-2.2533760048888096,2.341085830438412
33.0,1.0,1004.0146484375,-3.87279802019592,-2.106419079456767,0.1768449347925527,-3.401537458631163,-4.262054626308748,4.501777368175745,4.501854760177007,-1.0883702897985073,-2.840339483435873,0.303683776324906
33.0,1.0,1004.0218505859376,-4.275722062111754,-3.6353330001726416,-0.4726900731249317,3.723427120979654,-3.9959856785678,-1.8431558987613028,-0.10325451104746,-2.570499338788826,-1.2516650998711496,-4.192582915279735
33.0,1.0,1004.0665283203124,-4.200284571259774,-1.708358916344157,2.5708849815149435,-1.9340790115268505,4.287482814080398,2.616444537482429,3.730264057064991,4.289392600102852,-3.744001524102449,-1.6841741763875406
33.0,1.0,1004.090087890625,-1.4869878906173368,-0.458518904105345,-2.635871423197541,-1.386123983876871,2.263189389690195,0.4074371545882735,-0.2181229345545956,0.750106922149196,0.1528569452027238,0.0384305909391802
33.0,1.0,1004.10400390625,0.2413076580567319,-4.74046503033269,0.0420611097901009,3.0280104191100765,4.074729508664048,-3.5196215494113203,3.3777309584546344,-4.570974050443778,-3.377384049339296,-3.203421082149649
33.0,1.0,1004.179443359375,-0.16493253517265,-1.6861081267978912,3.398970179296608,2.4397094662125145,-3.306060742586825,3.111850621797937,-4.756833635036986,-4.008478017025693,-3.9912372513813112,-4.858063570284807
33.0,1.0,1004.1921997070312,-3.504957478143256,-0.3510067153381442,1.5675960649595488,3.101997345683128,4.57577717741534,0.3354205828702969,4.363648171054081,-2.270404173327256,-1.0785422582243678,-2.094827075194514
33.0,1.0,1004.3687744140624,-0.5799471548011703,-0.9693355248755198,0.1685713350945706,1.137581621823436,-4.210045831136052,4.501777368175745,-4.970602796598612,-0.2445349280312095,-2.840339483435873,0.303683776324906
33.0,1.0,1004.4172973632812,-0.30554061761186,-0.8192166559696288,0.3573937874317178,1.408483093839454,-2.839506373331124,-3.712938483186293,-4.924163141967767,-0.2534613236706571,2.0984105733826404,-2.674382537804944
33.0,1.0,1004.502685546875,-0.1004074245267584,2.9066930064025387,4.18808022092561,-0.0174398966660339,4.712423414774873,-0.6623591590671731,1.0804786552142482,3.2949880265622857,1.3707386662490215,4.517790937671228
33.0,1.0,1004.7034912109376,3.671446856041303,-4.985012539828071,3.8297017108170586,4.99815899684123,-0.5102160335677564,2.095231347367138,-1.56945047372783,-4.049666484555879,4.741370919394226,-4.10984090611755
33.0,1.0,1004.7164306640624,-1.3868304159336473,2.9066930064025387,4.18808022092561,-1.4486838905237749,4.8272795906346975,-0.6564522193749717,2.975085195163105,0.5711690144625914,0.1583268021278937,4.395421529096167
33.0,1.0,1004.745361328125,-4.842738289395655,-2.5242620901120008,1.8335359636720303,-1.2966461831917906,-3.386383211553791,2.672120770795728,-3.1279764199645976,4.723031739980854,-2.2849422736191807,-0.393144847392854
33.0,1.0,1005.2405395507812,-4.35277581203659,-3.6353330001726416,-3.9947603758630814,3.936176182685184,2.7208030078390424,0.5481153907864187,-0.10325451104746,-2.570499338788826,-1.2516650998711496,-3.648616639367274
33.0,1.0,1005.5596313476562,-4.814584807558348,-3.747908598688726,-0.8075283501904174,-1.037980414835562,-4.556319007756984,-0.9831802991405416,-4.386458526725731,0.7484421967475132,-4.3140659152555685,-0.4954936496400242
33.0,1.0,1005.7008666992188,-4.043190671008283,-1.6312090620607398,-1.1678138202127086,-2.272135695376324,-4.204281138418953,0.2711329575286001,-2.768425336577791,1.4360958637559662,-2.1468597818750625,-4.343764034814609
33.0,1.0,1005.8272094726562,0.2634358336065294,-1.1482496038716177,-3.4253906266670247,2.7717218121760308,0.6330630746678212,3.2113515232786742,-3.6652828722391946,-0.2897022871972889,2.706737458082111,-4.421554535369543
33.0,1.0,1005.874755859375,-0.30554061761186,-0.8181987545619753,0.314537608672194,1.408483093839454,-3.2105679908554485,-3.712938483186293,-4.924163141967767,-0.2534613236706571,2.14496828005138,-2.684815687267287
33.0,1.0,1005.878662109375,2.263886866379,1.199430239827961,1.5979993861932629,3.1742334598327773,3.9799433280725545,-4.472419885793322,2.755085530012142,1.0808711314552035,0.8177792034447295,-3.4910290932857486
33.0,1.0,1006.0087890625,-0.1168866469385214,-0.458518904105345,-2.635871423197541,0.0082418527131427,2.2176061522501644,0.4074371545882735,1.112454425111734,3.473926338324686,1.3098747770963597,0.0384305909391802
33.0,1.0,1006.0087890625,-0.1168866469385214,-0.458518904105345,-2.635871423197541,0.0082418527131427,2.2176061522501644,0.4074371545882735,1.112454425111734,3.473926338324686,1.3098747770963597,0.0384305909391802
33.0,1.0,1006.1283569335938,0.1201698775992907,-1.743992633321375,4.353192815487542,-2.3034129723306,-3.3925820197391543,1.849608601234884,1.6650426016657436,0.7771384083839319,0.5748410436856801,-3.2322639445006884
33.0,1.0,1006.1624755859376,4.345930759291834,-1.149857242633238,3.177095569217901,2.724549994585136,1.6664152884567525,3.405649726149642,-3.69668394081094,-0.2646043376192004,2.7123514144324474,-4.3324059398065895
33.0,2.0,1001.7932739257812,-4.332221419946693,3.2549273642898093,-3.820386002349194,2.472703274921882,-1.5277604014056088,2.1914531575994936,4.222654690633425,0.4247117002418061,-4.2150285838617085,0.2726304802047763
33.0,2.0,1001.821044921875,-1.692435649182138,-4.330441043779124,-0.0234562680348897,-2.0043990084376286,2.7704887335417565,-2.607943135174,1.7007576053682874,1.7540190876894488,-1.1260046739339806,2.580318838652192
33.0,2.0,1001.9261474609376,-4.2787684520527645,-3.6353330001726416,1.4351805688395594,3.936176182685184,2.7208030078390424,0.4745293982405982,-0.10325451104746,-2.570499338788826,-1.2516650998711496,-4.18955262800737
33.0,2.0,1001.9595336914062,-4.258910777434223,3.2334291661580528,-3.8286178412948657,1.5711709718966371,-1.6984638172782485,2.2299407110664644,3.7956887876517857,0.4247117002418061,-4.2150285838617085,0.2015391030687723
33.0,2.0,1002.0368041992188,-3.2983687832674216,-0.2985453878651292,-3.418583126493972,3.806468964436064,3.4560422563923083,-3.927944280392124,4.225119301566933,4.523907686776532,-3.3262279641311965,0.4294024056112118
33.0,2.0,1002.0368041992188,-3.2983687832674216,-0.2985453878651292,-3.418583126493972,3.806468964436064,3.4560422563923083,-3.927944280392124,4.225119301566933,4.523907686776532,-3.3262279641311965,0.4294024056112118
33.0,2.0,1002.1626586914062,-4.332221419946693,3.2549273642898093,-3.820386002349194,3.76115773418387,-1.5277604014056088,2.1914531575994936,4.222654690633425,0.4247117002418061,-4.2150285838617085,0.2726304802047763
33.0,2.0,1002.1626586914062,-4.332221419946693,3.2549273642898093,-3.820386002349194,3.76115773418387,-1.5277604014056088,2.1914531575994936,4.222654690633425,0.4247117002418061,-4.2150285838617085,0.2726304802047763
33.0,2.0,1002.1729125976562,-1.5902916458005243,-3.8861024161102513,1.839634411571524,-1.0346051534821217,-3.386383211553791,2.672120770795728,2.6398838044175914,1.8274523539081429,0.9603136655758704,-0.3940763120088832
33.0,2.0,1002.1731567382812,-1.7005743635343291,-4.337615151601735,-0.0234562680348897,-2.0043990084376286,1.4322665144244993,-2.575224164356773,1.7007576053682874,1.7540190876894488,-1.1260046739339806,2.580318838652192
33.0,2.0,1002.24169921875,-2.9835281747314046,-4.91788429759014,0.0858888432654172,3.5586724397501097,2.247866937516612,0.0224466327707231,4.081794367545561,-3.3948800029949746,-4.061760103911464,2.158909825024661
33.0,2.0,1002.3565063476562,0.0506156625367507,-2.5744939988405364,1.9963178992808623,3.4659207088096133,-0.3396589888577994,2.672120770795728,-2.0373530677391942,4.723031739980854,-4.644187179486197,2.341085830438412
33.0,2.0,1002.3687133789062,-1.602012803084731,-1.7643206115690828,0.928808553577554,4.701665871888467,4.232484127435324,2.417792107959035,2.755384302681607,4.217042845873615,0.846209196096182,2.5585639761125787
33.0,2.0,1002.3742065429688,-1.0053383664223794,-2.280640568402903,0.2260490043388006,3.4463096507995874,2.2468614311728867,0.994664437900512,4.252810773091774,-3.556597407860263,-0.6172602447761004,0.0462105966095016
33.0,2.0,1002.3992919921876,-0.1168866469385214,-0.4470505088302817,0.2146917044156455,3.441143413610375,2.217727586081476,0.988177694778662,4.231889948644868,3.423777059326149,1.3098747770963597,0.0400721297197285
33.0,2.0,1002.4600219726562,-4.200284571259774,-1.708358916344157,2.1088661758563085,-1.9340790115268505,4.287482814080398,2.616164695413245,-2.929505881221264,4.216568666947723,0.3419153061763558,-2.771604781881861
33.0,2.0,1002.4671020507812,0.3271611165407,-4.693099546254993,1.645260203490972,0.7772401977021106,2.1843552067311496,-3.390924962874231,4.769426932493508,3.5500367242953645,-0.0648223741601592,2.281442849078388
33.0,2.0,1002.498291015625,-1.5702206600669086,-3.846994929300406,1.5979993861932629,3.1742334598327773,3.9799433280725545,-4.398618391545751,2.755085530012142,1.7529158119289343,0.885480004319338,2.048523516593136
33.0,2.0,1002.5172119140624,-3.2983687832674216,0.1066005292120508,-3.734849491349074,3.806468964436064,3.41875530176943,-3.825439881354584,1.2535315044020374,4.523907686776532,-3.2886779345789376,0.4294024056112118
33.0,2.0,1002.5220336914062,0.1032652009509593,-3.798140508204837,3.2720681139162773,3.7246849172260177,-4.813718145158383,-0.9831802991405416,-4.699657497676733,0.7484421967475132,-4.565997113295959,2.158238164888968
33.0,2.0,1002.531494140625,-4.0788600515809685,0.0907964636100642,3.234185921190079,2.204592070464169,1.6305771343778288,-0.389462931270557,1.2813531193515015,0.3563055747977922,-4.338421800832208,4.7972908813708734
33.0,2.0,1002.5570678710938,-1.6965118534075465,-3.846994929300406,0.8711372621203748,4.650811378019648,3.704433008328421,-2.446277779443154,1.741254546966514,1.7539990375024015,0.885480004319338,2.1134713214026006
33.0,2.0,1002.6180419921876,-4.050007052191154,0.0907964636100642,3.234185921190079,2.204592070464169,1.625091054156849,-0.3638519656372887,1.387581836720897,0.3573799364811014,-4.33615353122418,4.7972908813708734
33.0,2.0,1002.7868041992188,-3.2983687832674216,-0.2985453878651292,-3.418583126493972,3.806468964436064,3.4560422563923083,-1.824528219513167,4.225119301566933,4.257477782794304,-3.3262279641311965,0.4294024056112118
33.0,2.0,1002.8573608398438,0.1009412249984524,-3.798140508204837,1.378509275145637,3.937433978931548,2.0101544957412667,0.5574568910793416,-4.4478613009615735,0.7484421967475132,-4.282512406932889,2.2387370316424384
33.0,2.0,1002.8945922851562,0.1300311237309395,-3.798140508204837,1.378509275145637,3.937433978931548,2.004668415520287,0.5830678567126099,-4.4478613009615735,0.7495165584308224,-4.2802441373248605,2.2387370316424384
33.0,2.0,1002.9118041992188,0.1032652009509593,-3.798140508204837,-0.6447464137000072,3.7246849172260177,-4.741895233103561,-0.9831802991405416,-4.4478613009615735,0.7484421967475132,-4.282512406932889,2.2387370316424384
33.0,2.0,1002.9629516601562,-4.814584807558348,-3.747908598688726,-0.8075283501904174,-1.037980414835562,2.239913455125339,-0.9831802991405416,4.7528733965216015,0.7484421967475132,-0.0381065457706615,-0.4954936496400242
33.0,2.0,1002.9837036132812,0.1032652009509593,-3.972330577459591,2.676005370215295,3.7246849172260177,-4.176692273678468,-0.9831802991405416,3.709510678065988,0.7484421967475132,-4.282512406932889,-1.4453275144160576
33.0,2.0,1003.056884765625,0.0901010156382801,-3.7137434611079376,0.2260490043388006,3.421786167027572,2.00297020078992,0.963698334153989,4.252810773091774,-3.556597407860263,-0.6172602447761004,0.0462105966095016
33.0,2.0,1003.07568359375,-4.050007052191154,-0.3143494534671158,3.234185921190079,2.47067026569663,1.6623780050521615,-0.3638519656372887,4.358830044037953,0.3573799364811014,-4.3737034283712655,4.7972908813708734
33.0,2.0,1003.1124877929688,-3.027940818768504,-4.91788429759014,-1.5922176845938545,-0.276437954057571,-0.1307335050114173,-4.807811628893065,-2.232015105142347,3.701654957752456,-4.294470955479638,2.239408691778132
33.0,2.0,1003.1519165039062,-1.602012803084731,-3.846994929300406,0.928808553577554,4.664163013425156,3.704433008328421,-4.398618391545751,2.755085530012142,1.7529158119289343,0.885480004319338,2.048523516593136
33.0,2.0,1003.1589965820312,-2.9835281747314046,-4.91788429759014,0.0858888432654172,3.570624488288521,2.247866937516612,0.7931498910968395,4.081794367545561,-3.3948800029949746,-0.5624630239217847,2.158909825024661
33.0,2.0,1003.1619873046876,3.671446856041303,-4.835481838021556,3.2372517733291444,4.998958644504814,-0.5225329431290364,-0.5107621919348999,-1.5751577172289897,-4.049666484555879,-4.26172501464795,-4.10984090611755
33.0,2.0,1003.2366333007812,-1.606075313211513,-4.337615151601735,0.0342150234222892,-2.130707790926594,1.4322665144244993,-4.527411769191027,2.7145885884138705,1.752935862115982,-1.1260046739339806,2.515371033842728
33.0,2.0,1003.2369995117188,-1.15726630148424,-4.781775037366892,0.0420611097901009,3.0280104191100765,3.599135558069669,2.867312904807907,-2.114698373701048,-4.941981686309806,-3.377384049339296,-3.203421082149649
33.0,2.0,1003.2998046875,-1.5702206600669086,-3.839292021461045,1.5979993861932629,3.1742334598327773,3.9799433280725545,-4.398618391545751,2.898857060571654,1.7529158119289343,0.885480004319338,3.003734147251059
33.0,2.0,1003.3121337890624,-0.16493253517265,-0.5067568424821811,3.398970179296608,3.030775822909207,4.178223422298625,3.111850621797937,4.275549061653985,-2.4353783063889374,-1.0344455281454097,-2.147511681674837
33.0,2.0,1003.3699951171876,-4.810355845012783,-2.485154594764714,1.5919009382937692,2.9121880608975736,3.9799433280725545,-4.398618391545751,-3.0185424720853784,4.645593757177839,-2.3597759158849305,2.049454981096761
33.0,2.0,1003.37109375,-3.027940818768504,-4.91788429759014,3.1620145082100475,-0.276437954057571,-0.2394100762240012,-4.807811628893065,-2.232015105142347,3.701654957752456,-4.577955661844477,2.158909825024661
33.0,2.0,1003.4070434570312,-4.050007052191154,0.0336237702676327,3.675881992110826,2.204592070464169,1.63740796371243,2.242141571872001,1.3932890803277995,0.3573799364811014,4.978845194076319,4.7972908813708734
33.0,2.0,1003.4690551757812,-4.265415620602039,-3.747908598688726,1.4613132869177616,3.937379819260624,-4.046066447528238,-0.9831802991405416,-0.2487919372594551,0.9416693304780804,-1.4199877137350647,-3.806353238062604
33.0,2.0,1003.4712524414062,-3.504957478143256,-0.3499888139304907,1.5247398862000232,3.101997345683128,4.182932552571057,0.3354205828702969,4.363648171054081,-2.270404173327256,-1.0319845554633025,-2.105260224656858
33.0,2.0,1003.4712524414062,-3.504957478143256,-0.3499888139304907,1.5247398862000232,3.101997345683128,4.182932552571057,0.3354205828702969,4.363648171054081,-2.270404173327256,-1.0319845554633025,-2.105260224656858
33.0,2.0,1003.6409301757812,-4.332221419946693,3.2549273642898093,-3.8286178412948657,1.583122999519163,-1.6984638172782485,2.1914531575994936,4.156523440190204,0.4247117002418061,-0.6582245156755324,-3.8139676541556655
33.0,2.0,1003.6680908203124,-4.050007052191154,0.0336237702676327,3.659633558804523,2.204592070464169,1.63740796371243,2.3070356164361656,1.3932890803277995,0.3397202054703699,4.978845194076319,4.93516887183374
33.0,2.0,1003.677734375,1.001462391947757,-4.74046503033269,0.0420611097901009,3.0280104191100765,3.616357653177913,2.867312904807907,3.3777309584546344,-4.570974050443778,-3.377384049339296,-3.203421082149649
33.0,2.0,1003.6947631835938,1.0522389255104572,-4.74046503033269,0.0420611097901009,3.0280104191100765,3.599135558069669,2.867312904807907,3.3777309584546344,-4.570974050443778,-3.377384049339296,-3.203421082149649
33.0,2.0,1003.710693359375,-1.0497510119123763,-2.280640568402903,3.3021751200829748,-0.4007428631401035,-0.2404155822656246,-4.670361192674799,-2.0550932243471265,3.686323911533973,-4.637337342938413,0.0462105966095016
33.0,3.0,1001.681640625,-1.5929780418690855,-4.3089608823325305,0.0342150234222892,2.933395068665395,1.891173377033005,-4.398018828008967,3.063785243992032,1.6783189086195995,-1.1260046739339806,2.515371033842728
33.0,3.0,1001.7540283203124,-1.5702206600669086,-4.140138315915559,2.035615533956616,3.190288528541477,1.9635925886177177,-4.398618391545751,2.911435578879912,1.7529158119289343,0.1394111971297618,2.282021168579792
33.0,3.0,1001.7932739257812,-4.332221419946693,3.2549273642898093,-3.820386002349194,2.472703274921882,-1.5277604014056088,2.1914531575994936,4.222654690633425,0.4247117002418061,-4.2150285838617085,0.2726304802047763
33.0,3.0,1001.821044921875,-1.692435649182138,-4.330441043779124,-0.0234562680348897,-2.0043990084376286,2.7704887335417565,-2.607943135174,1.7007576053682874,1.7540190876894488,-1.1260046739339806,2.580318838652192
33.0,3.0,1001.8525390625,-1.5902916458005243,-3.884798290013336,1.826981504241051,0.806934335702571,-3.386383211553791,2.5272263862879663,2.6398838044175914,3.3922330171662374,0.9509061232720744,-0.3940763120088832
33.0,3.0,1001.9089965820312,-4.290741972044963,-2.64125362047044,-3.8207851145608713,2.46135040478484,-1.457926008160159,2.672120770795728,-2.0373530677391942,4.723031739980854,-4.644187179486197,0.2729857361705157
33.0,3.0,1001.9261474609376,-4.2787684520527645,-3.6353330001726416,1.4351805688395594,3.936176182685184,2.7208030078390424,0.4745293982405982,-0.10325451104746,-2.570499338788826,-1.2516650998711496,-4.18955262800737
33.0,3.0,1001.94091796875,-1.5935144472847895,-3.8861024161102513,0.0906244381285055,-1.040507770724783,2.810029589218562,2.7995123420110266,2.6398838044175914,1.7623125031786804,0.7749900459062345,-0.3869804153216538
33.0,3.0,1001.9595336914062,-4.258910777434223,3.2334291661580528,-3.8286178412948657,1.5711709718966371,-1.6984638172782485,2.2299407110664644,3.7956887876517857,0.4247117002418061,-4.2150285838617085,0.2015391030687723
33.0,3.0,1002.0368041992188,-3.2983687832674216,-0.2985453878651292,-3.418583126493972,3.806468964436064,3.4560422563923083,-3.927944280392124,4.225119301566933,4.523907686776532,-3.3262279641311965,0.4294024056112118
33.0,3.0,1002.0368041992188,-3.2983687832674216,-0.2985453878651292,-3.418583126493972,3.806468964436064,3.4560422563923083,-3.927944280392124,4.225119301566933,4.523907686776532,-3.3262279641311965,0.4294024056112118
33.0,3.0,1002.0433959960938,-1.602012803084731,-1.6755122172833226,0.8471794413778353,4.701665871888467,-3.449211452711487,-0.7631590547501632,2.755384302681607,4.217042845873615,1.0862673388204844,2.5585639761125787
33.0,3.0,1002.1029663085938,-4.2787684520527645,-0.3259278689374869,1.878807828333852,3.9396879622462975,2.7208030078390424,0.4745293982405982,-0.10325451104746,4.482029295300983,-1.2302745020424066,-4.18955262800737
33.0,3.0,1002.1394653320312,-3.2983687832674216,-0.2985453878651292,-3.418583126493972,3.457688749575717,3.576641548063485,-3.927944280392124,4.1044070499311935,3.3948339210621428,-3.3262279641311965,0.4294024056112118
33.0,3.0,1002.1441040039062,-1.6965118534075465,-3.846994929300406,0.8711372621203748,4.651779013562546,3.704433008328421,-2.652211346077908,1.7013696015519382,1.723395182323928,0.849642250960778,2.1179323177047884
33.0,3.0,1002.1626586914062,-4.332221419946693,3.2549273642898093,-3.820386002349194,3.76115773418387,-1.5277604014056088,2.1914531575994936,4.222654690633425,0.4247117002418061,-4.2150285838617085,0.2726304802047763
33.0,3.0,1002.1626586914062,-4.332221419946693,3.2549273642898093,-3.820386002349194,3.76115773418387,-1.5277604014056088,2.1914531575994936,4.222654690633425,0.4247117002418061,-4.2150285838617085,0.2726304802047763
33.0,3.0,1002.1729125976562,-1.5902916458005243,-3.8861024161102513,1.839634411571524,-1.0346051534821217,-3.386383211553791,2.672120770795728,2.6398838044175914,1.8274523539081429,0.9603136655758704,-0.3940763120088832
33.0,3.0,1002.1731567382812,-1.7005743635343291,-4.337615151601735,-0.0234562680348897,-2.0043990084376286,1.4322665144244993,-2.575224164356773,1.7007576053682874,1.7540190876894488,-1.1260046739339806,2.580318838652192
33.0,3.0,1002.1884155273438,-4.33322819573799,0.0203287621824626,-4.040077922988671,2.204592070464169,-1.5191894246020203,-0.389462931270557,1.2813531193515015,0.3563055747977922,-4.338421800832208,4.7972908813708734
33.0,3.0,1002.2100219726562,-1.602012803084731,-1.7643206115690828,0.928808553577554,4.488959996352089,4.232484127435324,2.623726142669509,2.79526924809601,4.2476172531098255,0.3290685251940248,2.554102979810392
33.0,3.0,1002.24169921875,-2.9835281747314046,-4.91788429759014,0.0858888432654172,3.5586724397501097,2.247866937516612,0.0224466327707231,4.081794367545561,-3.3948800029949746,-4.061760103911464,2.158909825024661
33.0,3.0,1002.2527465820312,-2.9835281747314046,-4.91788429759014,0.0126376496277782,3.5586724397501097,2.391362754200589,0.0549211355958163,3.8014588712079833,0.295081831977448,-4.061760103911464,0.242845839950298
33.0,3.0,1002.3565063476562,0.0506156625367507,-2.5744939988405364,1.9963178992808623,3.4659207088096133,-0.3396589888577994,2.672120770795728,-2.0373530677391942,4.723031739980854,-4.644187179486197,2.341085830438412
33.0,3.0,1002.3687133789062,-1.602012803084731,-1.7643206115690828,0.928808553577554,4.701665871888467,4.232484127435324,2.417792107959035,2.755384302681607,4.217042845873615,0.846209196096182,2.5585639761125787
33.0,3.0,1002.3742065429688,-1.0053383664223794,-2.280640568402903,0.2260490043388006,3.4463096507995874,2.2468614311728867,0.994664437900512,4.252810773091774,-3.556597407860263,-0.6172602447761004,0.0462105966095016
33.0,3.0,1002.3817138671876,-1.0053383664223794,-2.280640568402903,0.2260490043388006,3.280693887780089,2.2468614311728867,0.994664437900512,4.252810773091774,-3.556597407860263,-0.6172602447761004,0.0462105966095016
33.0,3.0,1002.3992919921876,-0.1168866469385214,-0.4470505088302817,0.2146917044156455,3.441143413610375,2.217727586081476,0.988177694778662,4.231889948644868,3.423777059326149,1.3098747770963597,0.0400721297197285
33.0,3.0,1002.4600219726562,-4.200284571259774,-1.708358916344157,2.1088661758563085,-1.9340790115268505,4.287482814080398,2.616164695413245,-2.929505881221264,4.216568666947723,0.3419153061763558,-2.771604781881861
33.0,3.0,1002.4671020507812,0.3271611165407,-4.693099546254993,1.645260203490972,0.7772401977021106,2.1843552067311496,-3.390924962874231,4.769426932493508,3.5500367242953645,-0.0648223741601592,2.281442849078388
33.0,3.0,1002.498291015625,-1.5702206600669086,-3.846994929300406,1.5979993861932629,3.1742334598327773,3.9799433280725545,-4.398618391545751,2.755085530012142,1.7529158119289343,0.885480004319338,2.048523516593136
33.0,3.0,1002.5172119140624,-3.2983687832674216,0.1066005292120508,-3.734849491349074,3.806468964436064,3.41875530176943,-3.825439881354584,1.2535315044020374,4.523907686776532,-3.2886779345789376,0.4294024056112118
33.0,3.0,1002.5220336914062,0.1032652009509593,-3.798140508204837,3.2720681139162773,3.7246849172260177,-4.813718145158383,-0.9831802991405416,-4.699657497676733,0.7484421967475132,-4.565997113295959,2.158238164888968
33.0,3.0,1002.531494140625,-4.0788600515809685,0.0907964636100642,3.234185921190079,2.204592070464169,1.6305771343778288,-0.389462931270557,1.2813531193515015,0.3563055747977922,-4.338421800832208,4.7972908813708734
33.0,3.0,1002.5570678710938,-1.6965118534075465,-3.846994929300406,0.8711372621203748,4.650811378019648,3.704433008328421,-2.446277779443154,1.741254546966514,1.7539990375024015,0.885480004319338,2.1134713214026006
33.0,3.0,1002.588134765625,-0.1645446421207558,-3.685051573285628,0.2260490043388006,3.421786167027572,2.00297020078992,0.963698334153989,4.253983108752095,-3.556597407860263,-1.0435719857426986,-2.1060294558409445
33.0,3.0,1002.6056518554688,-1.518108219919216,-4.835481838021556,-0.0981518518738555,4.998958644504814,-0.5755821512195695,-0.5107621919348999,-1.5790620761929284,-4.049666484555879,-4.26172501464795,3.116951915198141
33.0,3.0,1002.6089477539062,-3.0357463685489217,-3.840710506613256,1.6287053995575942,3.569008444154389,3.886810426907363,0.0224466327707231,4.081794367545561,1.55828185441995,-4.061760103911464,2.055529962759989
33.0,3.0,1002.6116333007812,-4.258910777434223,3.2334291661580528,-3.8286178412948657,1.5711709718966371,-1.841959874955256,2.1974662081782506,4.076024283989363,-3.265246925177813,-4.2150285838617085,2.1176030881330377
33.0,3.0,1002.6163330078124,-3.2983687832674216,-0.4395076234876374,-3.418583126493972,3.760312213662433,-1.6561487827186157,-3.927944280392124,3.430930163987254,4.523907686776532,-4.23162871546841,0.4294024056112118
33.0,3.0,1002.6180419921876,-4.050007052191154,0.0907964636100642,3.234185921190079,2.204592070464169,1.625091054156849,-0.3638519656372887,1.387581836720897,0.3573799364811014,-4.33615353122418,4.7972908813708734
33.0,3.0,1002.619384765625,-1.7223658118670722,-3.846582420181614,2.676005370215295,3.7246849172260177,-4.176692273678468,-4.143107254790373,3.709510678065988,0.7484421967475132,-4.282512406932889,-1.4453275144160576
33.0,3.0,1002.632568359375,-0.3613000066015075,-0.4470505088302817,0.2146917044156455,3.805194676060592,2.0971282928387165,0.988177694778662,4.231889948644868,4.552847845752378,1.483705818034793,0.0400721297197285
33.0,3.0,1002.7510375976562,-0.3255420286398331,-4.69440203079343,1.657913110821445,-1.0642992914825031,2.1843552067311496,-3.2459412326068784,4.789082141130306,1.922893577213616,-0.0554148318563632,2.281442849078388
33.0,3.0,1002.753662109375,-4.652281224227925,-2.485154594764714,1.5919009382937692,3.785754875183053,3.9799433280725545,0.4104792657317997,-3.0185424720853784,4.645593757177839,-2.3597759158849305,2.049454981096761
33.0,3.0,1002.7647094726562,-4.265415620602039,-3.664901229961232,-3.9429583021248114,3.764795124996541,-4.046066447528238,-1.0858201974469854,-0.3066023165983089,0.4330733956938136,-1.4199877137350647,-3.806353238062604
33.0,3.0,1002.7868041992188,-3.2983687832674216,-0.2985453878651292,-3.418583126493972,3.806468964436064,3.4560422563923083,-1.824528219513167,4.225119301566933,4.257477782794304,-3.3262279641311965,0.4294024056112118
33.0,3.0,1002.7906494140624,0.1291191594116872,-3.972743086578383,0.8711372621203748,4.650811378019648,3.704433008328421,-0.982170292926998,1.741254546966514,2.0467663695086933,0.885480004319338,2.1134713214026006
33.0,3.0,1002.8180541992188,0.1032652009509593,-3.886948033384238,3.353697129682487,3.7246849172260177,2.920209364167067,2.1977708460840324,-4.699657497676733,0.7484421967475132,-4.756158283989297,2.158238164888968
33.0,3.0,1002.8573608398438,0.1009412249984524,-3.798140508204837,1.378509275145637,3.937433978931548,2.0101544957412667,0.5574568910793416,-4.4478613009615735,0.7484421967475132,-4.282512406932889,2.2387370316424384
33.0,4.0,1001.681640625,-1.5929780418690855,-4.3089608823325305,0.0342150234222892,2.933395068665395,1.891173377033005,-4.398018828008967,3.063785243992032,1.6783189086195995,-1.1260046739339806,2.515371033842728
33.0,4.0,1001.7540283203124,-1.5702206600669086,-4.140138315915559,2.035615533956616,3.190288528541477,1.9635925886177177,-4.398618391545751,2.911435578879912,1.7529158119289343,0.1394111971297618,2.282021168579792
33.0,4.0,1001.7932739257812,-4.332221419946693,3.2549273642898093,-3.820386002349194,2.472703274921882,-1.5277604014056088,2.1914531575994936,4.222654690633425,0.4247117002418061,-4.2150285838617085,0.2726304802047763
33.0,4.0,1001.8058471679688,-4.332221419946693,0.1018295015216774,-3.820386002349194,2.2034474029215287,-1.5277604014056088,-0.3463249647831068,1.3261610010480798,0.4247117002418061,-4.348797807197817,0.2269287227538021
33.0,4.0,1001.821044921875,-1.692435649182138,-4.330441043779124,-0.0234562680348897,-2.0043990084376286,2.7704887335417565,-2.607943135174,1.7007576053682874,1.7540190876894488,-1.1260046739339806,2.580318838652192
33.0,4.0,1001.8291625976562,-1.5929780418690855,-4.3089608823325305,0.0342150234222892,2.933395068665395,1.891173377033005,-4.398018828008967,3.0805657612418886,1.7237913915376375,-1.6679364595305894,2.515371033842728
33.0,4.0,1001.8525390625,-1.5902916458005243,-3.884798290013336,1.826981504241051,0.806934335702571,-3.386383211553791,2.5272263862879663,2.6398838044175914,3.3922330171662374,0.9509061232720744,-0.3940763120088832
33.0,4.0,1001.8646240234376,-4.2787684520527645,-4.119185489576272,1.881725500043604,3.9396879622462975,2.43224898805926,2.9108377103972893,-0.4141201103915737,1.7698340009795157,-1.4138803985137642,-4.18955262800737
33.0,4.0,1001.9089965820312,-4.290741972044963,-2.64125362047044,-3.8207851145608713,2.46135040478484,-1.457926008160159,2.672120770795728,-2.0373530677391942,4.723031739980854,-4.644187179486197,0.2729857361705157
33.0,4.0,1001.9261474609376,-4.2787684520527645,-3.6353330001726416,1.4351805688395594,3.936176182685184,2.7208030078390424,0.4745293982405982,-0.10325451104746,-2.570499338788826,-1.2516650998711496,-4.18955262800737
33.0,4.0,1001.94091796875,-1.5935144472847895,-3.8861024161102513,0.0906244381285055,-1.040507770724783,2.810029589218562,2.7995123420110266,2.6398838044175914,1.7623125031786804,0.7749900459062345,-0.3869804153216538
33.0,4.0,1001.9595336914062,-4.258910777434223,3.2334291661580528,-3.8286178412948657,1.5711709718966371,-1.6984638172782485,2.2299407110664644,3.7956887876517857,0.4247117002418061,-4.2150285838617085,0.2015391030687723
33.0,4.0,1001.9703979492188,0.0938811974882807,-3.8861024161102513,0.0906244381285055,3.2417512668770234,2.706103606714434,2.7995123420110266,2.4599559093691123,1.7623125031786804,2.076487001319457,-0.5141788979456907
33.0,4.0,1002.0368041992188,-3.2983687832674216,-0.2985453878651292,-3.418583126493972,3.806468964436064,3.4560422563923083,-3.927944280392124,4.225119301566933,4.523907686776532,-3.3262279641311965,0.4294024056112118
33.0,4.0,1002.0368041992188,-3.2983687832674216,-0.2985453878651292,-3.418583126493972,3.806468964436064,3.4560422563923083,-3.927944280392124,4.225119301566933,4.523907686776532,-3.3262279641311965,0.4294024056112118
33.0,4.0,1002.0433959960938,-1.602012803084731,-1.6755122172833226,0.8471794413778353,4.701665871888467,-3.449211452711487,-0.7631590547501632,2.755384302681607,4.217042845873615,1.0862673388204844,2.5585639761125787
33.0,4.0,1002.0758056640624,-4.332235037618093,3.142692804589792,-3.820386002349194,3.786074146976525,-1.5277604014056088,2.1914531575994936,4.389822024430366,0.4247117002418061,-4.2150285838617085,0.2726304802047763
33.0,4.0,1002.1029663085938,-4.2787684520527645,-0.3259278689374869,1.878807828333852,3.9396879622462975,2.7208030078390424,0.4745293982405982,-0.10325451104746,4.482029295300983,-1.2302745020424066,-4.18955262800737
33.0,4.0,1002.1044921875,-1.6603502363936953,-3.8574395303599065,0.8710980203002335,3.5586724397501097,2.2336220007758425,0.0549211355958163,3.80236235358456,1.6732345855128663,1.0418822635383918,0.242845839950298
33.0,4.0,1002.1392822265624,-2.5775581298175414,-2.60047995450653,-3.8207851145608713,3.2120304059685365,-0.8839246113988037,2.7269910155370667,-2.0373530677391942,1.7476961990931057,-4.971338312657791,2.2936138299803743
33.0,4.0,1002.1394653320312,-3.2983687832674216,-0.2985453878651292,-3.418583126493972,3.457688749575717,3.576641548063485,-3.927944280392124,4.1044070499311935,3.3948339210621428,-3.3262279641311965,0.4294024056112118
33.0,4.0,1002.1441040039062,-1.6965118534075465,-3.846994929300406,0.8711372621203748,4.651779013562546,3.704433008328421,-2.652211346077908,1.7013696015519382,1.723395182323928,0.849642250960778,2.1179323177047884
33.0,4.0,1002.1587524414062,-3.0196897917341547,-4.905725034894818,-0.5146294948694771,4.650811378019648,3.704433008328421,-2.446277779443154,1.7403509208266987,0.3758462839669498,-4.216100510786529,2.1134713214026006
33.0,4.0,1002.1624145507812,-1.5255424628618408,-1.794246014917439,0.928808553577554,4.488959996352089,4.265903482266383,2.623726142669509,2.79526924809601,4.2476172531098255,0.3290685251940248,2.554102979810392
33.0,4.0,1002.1626586914062,-4.332221419946693,3.2549273642898093,-3.820386002349194,3.76115773418387,-1.5277604014056088,2.1914531575994936,4.222654690633425,0.4247117002418061,-4.2150285838617085,0.2726304802047763
33.0,4.0,1002.1626586914062,-4.332221419946693,3.2549273642898093,-3.820386002349194,3.76115773418387,-1.5277604014056088,2.1914531575994936,4.222654690633425,0.4247117002418061,-4.2150285838617085,0.2726304802047763
33.0,4.0,1002.1729125976562,-1.5902916458005243,-3.8861024161102513,1.839634411571524,-1.0346051534821217,-3.386383211553791,2.672120770795728,2.6398838044175914,1.8274523539081429,0.9603136655758704,-0.3940763120088832
33.0,4.0,1002.1731567382812,-1.7005743635343291,-4.337615151601735,-0.0234562680348897,-2.0043990084376286,1.4322665144244993,-2.575224164356773,1.7007576053682874,1.7540190876894488,-1.1260046739339806,2.580318838652192
33.0,4.0,1002.1884155273438,-4.33322819573799,0.0203287621824626,-4.040077922988671,2.204592070464169,-1.5191894246020203,-0.389462931270557,1.2813531193515015,0.3563055747977922,-4.338421800832208,4.7972908813708734
33.0,4.0,1002.2100219726562,-1.602012803084731,-1.7643206115690828,0.928808553577554,4.488959996352089,4.232484127435324,2.623726142669509,2.79526924809601,4.2476172531098255,0.3290685251940248,2.554102979810392
33.0,4.0,1002.24169921875,-2.9835281747314046,-4.91788429759014,0.0858888432654172,3.5586724397501097,2.247866937516612,0.0224466327707231,4.081794367545561,-3.3948800029949746,-4.061760103911464,2.158909825024661
33.0,4.0,1002.2527465820312,-2.9835281747314046,-4.91788429759014,0.0126376496277782,3.5586724397501097,2.391362754200589,0.0549211355958163,3.8014588712079833,0.295081831977448,-4.061760103911464,0.242845839950298
33.0,4.0,1002.3154907226562,-3.263204428483914,-4.119746398313443,0.0128289319892913,3.457688749575717,3.576641548063485,-2.5065704552047143,1.678783411982887,3.4148386632855305,-3.414099608574196,0.4294024056112118
33.0,4.0,1002.3270874023438,0.1291191594116872,-3.972743086578383,0.8711372621203748,4.650811378019648,2.8264427395056697,-0.982170292926998,1.741254546966514,2.0708694800941894,0.885480004319338,2.056795897390884
33.0,4.0,1002.3565063476562,0.0506156625367507,-2.5744939988405364,1.9963178992808623,3.4659207088096133,-0.3396589888577994,2.672120770795728,-2.0373530677391942,4.723031739980854,-4.644187179486197,2.341085830438412
33.0,4.0,1002.3687133789062,-1.602012803084731,-1.7643206115690828,0.928808553577554,4.701665871888467,4.232484127435324,2.417792107959035,2.755384302681607,4.217042845873615,0.846209196096182,2.5585639761125787
33.0,4.0,1002.373046875,-4.259983794961098,-4.180911538626627,2.035615533956616,2.4396085273577626,1.885846974731117,-4.4398278376190845,2.911435578879912,4.090764618452486,0.7925819714310505,0.2613930747347182
33.0,4.0,1002.3742065429688,-1.0053383664223794,-2.280640568402903,0.2260490043388006,3.4463096507995874,2.2468614311728867,0.994664437900512,4.252810773091774,-3.556597407860263,-0.6172602447761004,0.0462105966095016
33.0,4.0,1002.3817138671876,-1.0053383664223794,-2.280640568402903,0.2260490043388006,3.280693887780089,2.2468614311728867,0.994664437900512,4.252810773091774,-3.556597407860263,-0.6172602447761004,0.0462105966095016
33.0,4.0,1002.3992919921876,-0.1168866469385214,-0.4470505088302817,0.2146917044156455,3.441143413610375,2.217727586081476,0.988177694778662,4.231889948644868,3.423777059326149,1.3098747770963597,0.0400721297197285
33.0,4.0,1002.40576171875,-2.9835281747314046,-4.91788429759014,0.0126376496277782,3.5586724397501097,-3.0889639897343115,2.49845859043075,3.8014588712079833,3.472538013604579,-4.061760103911464,0.242845839950298
33.0,4.0,1002.4166259765624,-1.5702206600669086,-4.140138315915559,2.0191645614790734,3.303012899359058,-3.4649074584640296,-4.398618391545751,2.911435578879912,1.664408107900308,0.1394111971297618,2.282021168579792
33.0,4.0,1002.4600219726562,-4.200284571259774,-1.708358916344157,2.1088661758563085,-1.9340790115268505,4.287482814080398,2.616164695413245,-2.929505881221264,4.216568666947723,0.3419153061763558,-2.771604781881861
33.0,4.0,1002.4617309570312,-3.228680268127526,-0.2985453878651292,-2.743380678055039,4.702406910473241,3.111557504072384,2.7215831272080155,2.7861174310225327,4.204296760406881,-3.3262279641311965,0.4294024056112118
33.0,4.0,1002.4671020507812,0.3271611165407,-4.693099546254993,1.645260203490972,0.7772401977021106,2.1843552067311496,-3.390924962874231,4.769426932493508,3.5500367242953645,-0.0648223741601592,2.281442849078388
33.0,4.0,1002.4680786132812,-4.332221419946693,2.819059103725984,-0.0087170872407078,3.76115773418387,2.749121317019866,1.111556319923014,4.21049791889874,0.4247117002418061,-4.2150285838617085,0.9088936175122208
33.0,4.0,1002.487548828125,-1.6049422380212084,-3.6337894437219216,1.2687863653625433,4.016028264482881,2.7208030078390424,0.4745293982405982,-0.10325451104746,1.6523007297685464,-1.2516650998711496,-4.18955262800737
33.0,4.0,1002.498291015625,-1.5702206600669086,-3.846994929300406,1.5979993861932629,3.1742334598327773,3.9799433280725545,-4.398618391545751,2.755085530012142,1.7529158119289343,0.885480004319338,2.048523516593136
33.0,4.0,1002.5172119140624,-3.2983687832674216,0.1066005292120508,-3.734849491349074,3.806468964436064,3.41875530176943,-3.825439881354584,1.2535315044020374,4.523907686776532,-3.2886779345789376,0.4294024056112118
33.0,4.0,1002.5220336914062,0.1032652009509593,-3.798140508204837,3.2720681139162773,3.7246849172260177,-4.813718145158383,-0.9831802991405416,-4.699657497676733,0.7484421967475132,-4.565997113295959,2.158238164888968
33.0,5.0,1001.418212890625,-2.5775581298175414,-2.60047995450653,0.0622626483229691,3.2120304059685365,-0.6607997758195645,2.769197452622415,2.79735419125519,1.7476961990931057,-4.856826975897207,2.2936138299803743
33.0,5.0,1001.681640625,-1.5929780418690855,-4.3089608823325305,0.0342150234222892,2.933395068665395,1.891173377033005,-4.398018828008967,3.063785243992032,1.6783189086195995,-1.1260046739339806,2.515371033842728
33.0,5.0,1001.7540283203124,-1.5702206600669086,-4.140138315915559,2.035615533956616,3.190288528541477,1.9635925886177177,-4.398618391545751,2.911435578879912,1.7529158119289343,0.1394111971297618,2.282021168579792
33.0,5.0,1001.7932739257812,-4.332221419946693,3.2549273642898093,-3.820386002349194,2.472703274921882,-1.5277604014056088,2.1914531575994936,4.222654690633425,0.4247117002418061,-4.2150285838617085,0.2726304802047763
33.0,5.0,1001.7932739257812,-4.332221419946693,3.2549273642898093,-3.820386002349194,2.472703274921882,-1.5277604014056088,2.1914531575994936,4.222654690633425,0.4247117002418061,-4.2390626889267535,0.2726304802047763
33.0,5.0,1001.8058471679688,-4.332221419946693,0.1018295015216774,-3.820386002349194,2.2034474029215287,-1.5277604014056088,-0.3463249647831068,1.3261610010480798,0.4247117002418061,-4.348797807197817,0.2269287227538021
33.0,5.0,1001.8076171875,-1.5902916458005243,-3.934869580596944,1.826981504241051,4.104836229395575,-3.386383211553791,2.5272263862879663,4.077908351007562,3.3922330171662374,0.8647827511201069,-0.3940763120088832
33.0,5.0,1001.821044921875,-1.692435649182138,-4.330441043779124,-0.0234562680348897,-2.0043990084376286,2.7704887335417565,-2.607943135174,1.7007576053682874,1.7540190876894488,-1.1260046739339806,2.580318838652192
33.0,5.0,1001.8291625976562,-1.5929780418690855,-4.3089608823325305,0.0342150234222892,2.933395068665395,1.891173377033005,-4.398018828008967,3.0805657612418886,1.7237913915376375,-1.6679364595305894,2.515371033842728
33.0,5.0,1001.8525390625,-1.5902916458005243,-3.884798290013336,1.826981504241051,0.806934335702571,-3.386383211553791,2.5272263862879663,2.6398838044175914,3.3922330171662374,0.9509061232720744,-0.3940763120088832
33.0,5.0,1001.8646240234376,-4.2787684520527645,-4.119185489576272,1.881725500043604,3.9396879622462975,2.43224898805926,2.9108377103972893,-0.4141201103915737,1.7698340009795157,-1.4138803985137642,-4.18955262800737
33.0,5.0,1001.8646240234376,-4.2787684520527645,-4.119185489576272,1.881725500043604,3.9396879622462975,2.43224898805926,2.9108377103972893,-0.4141201103915737,1.7698340009795157,-1.4138803985137642,-4.18955262800737
33.0,5.0,1001.9089965820312,-4.290741972044963,-2.64125362047044,-3.8207851145608713,2.46135040478484,-1.457926008160159,2.672120770795728,-2.0373530677391942,4.723031739980854,-4.644187179486197,0.2729857361705157
33.0,5.0,1001.9108276367188,-2.9835281747314046,-4.866405962393325,0.0858888432654172,0.2605061740955552,2.247866937516612,-0.1400244909129631,2.6437697770015123,-3.3948800029949746,-3.975169242301879,2.158909825024661
33.0,5.0,1001.9161987304688,0.1624902702522135,-4.140138315915559,0.8086509170231395,3.190288528541477,3.0656878423063283,-4.398618391545751,2.911435578879912,1.7529158119289343,0.8994857914044447,2.0624274392214703
33.0,5.0,1001.9261474609376,-4.2787684520527645,-3.6353330001726416,1.4351805688395594,3.936176182685184,2.7208030078390424,0.4745293982405982,-0.10325451104746,-2.570499338788826,-1.2516650998711496,-4.18955262800737
33.0,5.0,1001.9266357421876,-1.6238297481253496,0.1018295015216774,0.6360630047743889,4.706319357613163,-1.5540768678297168,-0.3532466586858681,2.7527514744291177,4.232694700978311,-4.348797807197817,-0.396997098034457
33.0,5.0,1001.9282836914062,-1.6603502363936953,-3.798858105751857,0.8710980203002335,3.5586724397501097,2.2336220007758425,0.006901234680233,3.780502571808409,2.004316779442366,1.0418822635383918,2.325195193886569
33.0,5.0,1001.94091796875,-1.5935144472847895,-3.8861024161102513,0.0906244381285055,-1.040507770724783,2.810029589218562,2.7995123420110266,2.6398838044175914,1.7623125031786804,0.7749900459062345,-0.3869804153216538
33.0,5.0,1001.9595336914062,-4.258910777434223,3.2334291661580528,-3.8286178412948657,1.5711709718966371,-1.6984638172782485,2.2299407110664644,3.7956887876517857,0.4247117002418061,-4.2150285838617085,0.2015391030687723
33.0,5.0,1001.9703979492188,0.0938811974882807,-3.8861024161102513,0.0906244381285055,3.2417512668770234,2.706103606714434,2.7995123420110266,2.4599559093691123,1.7623125031786804,2.076487001319457,-0.5141788979456907
33.0,5.0,1001.98193359375,-1.5935144472847895,-3.8861024161102513,0.0906244381285055,-1.040507770724783,2.810029589218562,2.7995123420110266,2.642227598183559,1.738156426309974,0.7749900459062345,-0.4979847602919472
33.0,5.0,1002.0368041992188,-3.2983687832674216,-0.2985453878651292,-3.418583126493972,3.806468964436064,3.4560422563923083,-3.927944280392124,4.225119301566933,4.523907686776532,-3.3262279641311965,0.4294024056112118
33.0,5.0,1002.0368041992188,-3.2983687832674216,-0.2985453878651292,-3.418583126493972,3.806468964436064,3.4560422563923083,-3.927944280392124,4.225119301566933,4.523907686776532,-3.3262279641311965,0.4294024056112118
33.0,5.0,1002.0433959960938,-1.602012803084731,-1.6755122172833226,0.8471794413778353,4.701665871888467,-3.449211452711487,-0.7631590547501632,2.755384302681607,4.217042845873615,1.0862673388204844,2.5585639761125787
33.0,5.0,1002.0758056640624,-4.332235037618093,3.142692804589792,-3.820386002349194,3.786074146976525,-1.5277604014056088,2.1914531575994936,4.389822024430366,0.4247117002418061,-4.2150285838617085,0.2726304802047763
33.0,5.0,1002.0860595703124,-4.200284571259774,-1.914302357734404,-3.4717255765667945,-1.9340790115268505,4.287482814080398,2.616164695413245,-2.929505881221264,4.226287456716861,0.069033489056794,-3.121421481482661
33.0,5.0,1002.0889282226562,-3.0196897917341547,-4.905725034894818,-0.5146294948694771,4.650811378019648,3.704433008328421,-2.446277779443154,1.883212568115684,0.3758462839669498,-4.216100510786529,2.1134713214026006
33.0,5.0,1002.0984497070312,-4.112798222328748,-4.330441043779124,-0.0234562680348897,2.2056421716127983,2.59509413989883,-2.7523213207402737,1.7007576053682874,1.7540190876894488,-4.690457546463578,2.490428942356866
33.0,5.0,1002.101318359375,-1.6603502363936953,-3.8574395303599065,0.8710980203002335,3.579689247114353,2.2336220007758425,0.0549211355958163,3.80236235358456,1.6732345855128663,1.0418822635383918,0.242845839950298
33.0,5.0,1002.1016235351562,-1.5929780418690855,-4.912218912851266,0.0342150234222892,2.933395068665395,4.481870319561064,-2.454328433793145,2.267449756201142,1.6783189086195995,-4.185183058808231,2.104264526261918
33.0,5.0,1002.1029663085938,-4.2787684520527645,-0.3259278689374869,1.878807828333852,3.9396879622462975,2.7208030078390424,0.4745293982405982,-0.10325451104746,4.482029295300983,-1.2302745020424066,-4.18955262800737
33.0,5.0,1002.1044921875,-1.6603502363936953,-3.8574395303599065,0.8710980203002335,3.5586724397501097,2.2336220007758425,0.0549211355958163,3.80236235358456,1.6732345855128663,1.0418822635383918,0.242845839950298
33.0,5.0,1002.1392822265624,-2.5775581298175414,-2.60047995450653,-3.8207851145608713,3.2120304059685365,-0.8839246113988037,2.7269910155370667,-2.0373530677391942,1.7476961990931057,-4.971338312657791,2.2936138299803743
33.0,5.0,1002.1394653320312,-3.2983687832674216,-0.2985453878651292,-3.418583126493972,3.457688749575717,3.576641548063485,-3.927944280392124,4.1044070499311935,3.3948339210621428,-3.3262279641311965,0.4294024056112118
33.0,5.0,1002.1441040039062,-1.6965118534075465,-3.846994929300406,0.8711372621203748,4.651779013562546,3.704433008328421,-2.652211346077908,1.7013696015519382,1.723395182323928,0.849642250960778,2.1179323177047884
33.0,5.0,1002.1587524414062,-3.0196897917341547,-4.905725034894818,-0.5146294948694771,4.650811378019648,3.704433008328421,-2.446277779443154,1.7403509208266987,0.3758462839669498,-4.216100510786529,2.1134713214026006
33.0,5.0,1002.15966796875,-4.2787684520527645,-3.6353330001726416,1.4351805688395594,3.936176182685184,2.7208030078390424,0.4745293982405982,-0.10325451104746,-2.570499338788826,-1.2516650998711496,-4.293805384213873
33.0,5.0,1002.1624145507812,-1.5255424628618408,-1.794246014917439,0.928808553577554,4.488959996352089,4.265903482266383,2.623726142669509,2.79526924809601,4.2476172531098255,0.3290685251940248,2.554102979810392
33.0,5.0,1002.1626586914062,-4.332221419946693,3.2549273642898093,-3.820386002349194,3.76115773418387,-1.5277604014056088,2.1914531575994936,4.222654690633425,0.4247117002418061,-4.2150285838617085,0.2726304802047763
33.0,5.0,1002.1626586914062,-4.332221419946693,3.2549273642898093,-3.820386002349194,3.76115773418387,-1.5277604014056088,2.1914531575994936,4.222654690633425,0.4247117002418061,-4.2150285838617085,0.2726304802047763
33.0,5.0,1002.1626586914062,-4.332221419946693,3.2549273642898093,-3.820386002349194,3.76115773418387,-1.5277604014056088,2.1914531575994936,4.222654690633425,0.4247117002418061,-4.2150285838617085,0.2726304802047763
33.0,5.0,1002.1729125976562,-1.5902916458005243,-3.8861024161102513,1.839634411571524,-1.0346051534821217,-3.386383211553791,2.672120770795728,2.6398838044175914,1.8274523539081429,0.9603136655758704,-0.3940763120088832
33.0,5.0,1002.1731567382812,-1.7005743635343291,-4.337615151601735,-0.0234562680348897,-2.0043990084376286,1.4322665144244993,-2.575224164356773,1.7007576053682874,1.7540190876894488,-1.1260046739339806,2.580318838652192
33.0,5.0,1002.1884155273438,-4.33322819573799,0.0203287621824626,-4.040077922988671,2.204592070464169,-1.5191894246020203,-0.389462931270557,1.2813531193515015,0.3563055747977922,-4.338421800832208,4.7972908813708734
33.0,5.0,1002.2100219726562,-1.602012803084731,-1.7643206115690828,0.928808553577554,4.488959996352089,4.232484127435324,2.623726142669509,2.79526924809601,4.2476172531098255,0.3290685251940248,2.554102979810392
33.0,5.0,1002.2229614257812,-4.258910777434223,3.2334291661580528,-3.8286178412948657,1.5711709718966371,-1.6984638172782485,2.9508551396982767,3.7956887876517857,0.4247117002418061,-4.2150285838617085,0.2015391030687723
33.0,5.0,1002.24169921875,-2.9835281747314046,-4.91788429759014,0.0858888432654172,3.5586724397501097,2.247866937516612,0.0224466327707231,4.081794367545561,-3.3948800029949746,-4.061760103911464,2.158909825024661
33.0,5.0,1002.2527465820312,-2.9835281747314046,-4.91788429759014,0.0126376496277782,3.5586724397501097,2.391362754200589,0.0549211355958163,3.8014588712079833,0.295081831977448,-4.061760103911464,0.242845839950298
33.0,5.0,1002.2655639648438,-1.5702206600669086,-4.198719740523528,2.035615533956616,3.190288528541477,1.9635925886177177,-4.349105522782391,2.933295360644786,1.6703063515871883,0.1394111971297618,0.1996718145534792
33.0,6.0,1001.285400390625,-2.5775581298175414,-2.5643961765345784,-3.8207851145608713,3.2120304059685365,-0.4468800710811593,2.7266229630805907,2.587096168346466,1.828638753417292,0.8020787326241843,2.21090844229086
33.0,6.0,1001.418212890625,-2.5775581298175414,-2.60047995450653,0.0622626483229691,3.2120304059685365,-0.6607997758195645,2.769197452622415,2.79735419125519,1.7476961990931057,-4.856826975897207,2.2936138299803743
33.0,6.0,1001.46044921875,-4.332221419946693,0.1018295015216774,-3.820386002349194,2.2034474029215287,-1.5277604014056088,-0.3463249647831068,1.3261610010480798,0.8059110031079482,-4.348797807197817,0.2269287227538021
33.0,6.0,1001.4765014648438,-4.260198245556658,-4.119185489576272,1.8872074974181527,2.8995835660572125,2.43224898805926,2.9108377103972893,-0.332309671373509,1.7698340009795157,-1.4138803985137642,2.465078388087288
33.0,6.0,1001.5394287109376,-4.2787684520527645,-4.055386394074609,1.881725500043604,3.259027468949788,-0.7122725737461679,2.769605163140916,-0.4171339639432332,1.7698340009795157,-1.4138803985137642,-4.373031465851754
33.0,6.0,1001.5593872070312,-1.5929297145752628,-4.319599059946267,1.826981504241051,0.8675522820589996,-3.386383211553791,2.5272263862879663,2.6398838044175914,1.6992960607260814,-1.1113400268966278,-0.3940763120088832
33.0,6.0,1001.5967407226562,-1.6363977092208786,-4.140138315915559,2.035615533956616,3.190288528541477,1.9635925886177177,-4.398618391545751,2.911435578879912,1.7529158119289343,0.1063653627924975,2.229338957362613
33.0,6.0,1001.626953125,-4.277932561751001,-4.10625637962386,-3.620719268764229,2.436609484051603,2.43224898805926,2.9108377103972893,-0.4141201103915737,1.16061649549078,-3.321414040557408,-4.18955262800737
33.0,6.0,1001.681640625,-1.5929780418690855,-4.3089608823325305,0.0342150234222892,2.933395068665395,1.891173377033005,-4.398018828008967,3.063785243992032,1.6783189086195995,-1.1260046739339806,2.515371033842728
33.0,6.0,1001.7117919921876,-4.271107619411305,-4.0146566392759855,0.928808553577554,3.92248311413477,4.265903482266383,2.6082827480069324,-0.3668043327051509,4.2476172531098255,-1.3764784990103769,2.554102979810392
33.0,6.0,1001.7523803710938,-4.332221419946693,3.2549273642898093,-3.820386002349194,2.497431115317569,-1.533679518233413,2.2298213083283307,4.222654690633425,0.4247117002418061,-4.2150285838617085,0.2726304802047763
33.0,6.0,1001.7540283203124,-1.5702206600669086,-4.140138315915559,2.035615533956616,3.190288528541477,1.9635925886177177,-4.398618391545751,2.911435578879912,1.7529158119289343,0.1394111971297618,2.282021168579792
33.0,6.0,1001.7753295898438,-3.2983687832674216,-0.2985453878651292,-3.418583126493972,3.436295037037099,3.576641548063485,-3.927944280392124,4.0961656632831,3.9043626659618593,-3.3262279641311965,2.55045554485661
33.0,6.0,1001.7932739257812,-4.332221419946693,3.2549273642898093,-3.820386002349194,2.472703274921882,-1.5277604014056088,2.1914531575994936,4.222654690633425,0.4247117002418061,-4.2150285838617085,0.2726304802047763
33.0,6.0,1001.7932739257812,-4.332221419946693,3.2549273642898093,-3.820386002349194,2.472703274921882,-1.5277604014056088,2.1914531575994936,4.222654690633425,0.4247117002418061,-4.2390626889267535,0.2726304802047763
33.0,6.0,1001.8058471679688,-4.332221419946693,0.1018295015216774,-3.820386002349194,2.2034474029215287,-1.5277604014056088,-0.3463249647831068,1.3261610010480798,0.4247117002418061,-4.348797807197817,0.2269287227538021
33.0,6.0,1001.8076171875,-1.5902916458005243,-3.934869580596944,1.826981504241051,4.104836229395575,-3.386383211553791,2.5272263862879663,4.077908351007562,3.3922330171662374,0.8647827511201069,-0.3940763120088832
33.0,6.0,1001.821044921875,-1.692435649182138,-4.330441043779124,-0.0234562680348897,-2.0043990084376286,2.7704887335417565,-2.607943135174,1.7007576053682874,1.7540190876894488,-1.1260046739339806,2.580318838652192
33.0,6.0,1001.8291625976562,-1.5929780418690855,-4.3089608823325305,0.0342150234222892,2.933395068665395,1.891173377033005,-4.398018828008967,3.0805657612418886,1.7237913915376375,-1.6679364595305894,2.515371033842728
33.0,6.0,1001.8440551757812,0.2286673194073682,-4.140138315915559,0.8086509170231395,3.190288528541477,3.0656878423063283,-4.398618391545751,2.911435578879912,1.7529158119289343,0.9325316257417088,2.0624274392214703
33.0,6.0,1001.8525390625,-1.5902916458005243,-3.884798290013336,1.826981504241051,0.806934335702571,-3.386383211553791,2.5272263862879663,2.6398838044175914,3.3922330171662374,0.9509061232720744,-0.3940763120088832
33.0,6.0,1001.8563842773438,-4.258910777434223,3.2334291661580528,-3.8286178412948657,1.546443131500946,-1.692544700450444,2.191572560337628,3.7956887876517857,0.4247117002418061,-4.2150285838617085,0.2015391030687723
33.0,6.0,1001.8646240234376,-4.2787684520527645,-4.119185489576272,1.881725500043604,3.9396879622462975,2.43224898805926,2.9108377103972893,-0.4141201103915737,1.7698340009795157,-1.4138803985137642,-4.18955262800737
33.0,6.0,1001.8646240234376,-4.2787684520527645,-4.119185489576272,1.881725500043604,3.9396879622462975,2.43224898805926,2.9108377103972893,-0.4141201103915737,1.7698340009795157,-1.4138803985137642,-4.18955262800737
33.0,6.0,1001.8900756835938,-4.258256594294557,-2.64125362047044,-3.8207851145608713,2.46135040478484,-1.457926008160159,2.672120770795728,3.7646519247925374,4.519328855830653,-4.663725240965506,0.0033168011321084
33.0,6.0,1001.9089965820312,-4.290741972044963,-2.64125362047044,-3.8207851145608713,2.46135040478484,-1.457926008160159,2.672120770795728,-2.0373530677391942,4.723031739980854,-4.644187179486197,0.2729857361705157
33.0,6.0,1001.9108276367188,-2.9835281747314046,-4.866405962393325,0.0858888432654172,0.2605061740955552,2.247866937516612,-0.1400244909129631,2.6437697770015123,-3.3948800029949746,-3.975169242301879,2.158909825024661
33.0,6.0,1001.9161987304688,0.1624902702522135,-4.140138315915559,0.8086509170231395,3.190288528541477,3.0656878423063283,-4.398618391545751,2.911435578879912,1.7529158119289343,0.8994857914044447,2.0624274392214703
33.0,6.0,1001.9163208007812,-1.6603502363936953,-3.798858105751857,0.8710980203002335,3.5586724397501097,2.2336220007758425,0.006901234680233,3.780502571808409,2.0164142544055537,0.9131213284750476,2.3205633301830475
33.0,6.0,1001.9261474609376,-4.2787684520527645,-3.6353330001726416,1.4351805688395594,3.936176182685184,2.7208030078390424,0.4745293982405982,-0.10325451104746,-2.570499338788826,-1.2516650998711496,-4.18955262800737
33.0,6.0,1001.9266357421876,-1.6238297481253496,0.1018295015216774,0.6360630047743889,4.706319357613163,-1.5540768678297168,-0.3532466586858681,2.7527514744291177,4.232694700978311,-4.348797807197817,-0.396997098034457
33.0,6.0,1001.9282836914062,-1.6603502363936953,-3.798858105751857,0.8710980203002335,3.5586724397501097,2.2336220007758425,0.006901234680233,3.780502571808409,2.004316779442366,1.0418822635383918,2.325195193886569
33.0,6.0,1001.9282836914062,-1.6603502363936953,-3.798858105751857,0.8710980203002335,3.5586724397501097,2.2336220007758425,0.006901234680233,3.780502571808409,2.004316779442366,1.0418822635383918,2.325195193886569
33.0,6.0,1001.94091796875,-1.5935144472847895,-3.8861024161102513,0.0906244381285055,-1.040507770724783,2.810029589218562,2.7995123420110266,2.6398838044175914,1.7623125031786804,0.7749900459062345,-0.3869804153216538
33.0,6.0,1001.9595336914062,-4.258910777434223,3.2334291661580528,-3.8286178412948657,1.5711709718966371,-1.6984638172782485,2.2299407110664644,3.7956887876517857,0.4247117002418061,-4.2150285838617085,0.2015391030687723
33.0,6.0,1001.9703979492188,0.0938811974882807,-3.8861024161102513,0.0906244381285055,3.2417512668770234,2.706103606714434,2.7995123420110266,2.4599559093691123,1.7623125031786804,2.076487001319457,-0.5141788979456907
33.0,6.0,1001.98193359375,-1.5935144472847895,-3.8861024161102513,0.0906244381285055,-1.040507770724783,2.810029589218562,2.7995123420110266,2.642227598183559,1.738156426309974,0.7749900459062345,-0.4979847602919472
33.0,6.0,1001.9855346679688,-3.0106731285090125,-4.957548342624553,0.0861950818364191,0.1867000772679063,2.706103606714434,2.7995123420110266,2.45977406785289,1.7623125031786804,-3.9546195328832026,-0.4779079500246551
33.0,6.0,1001.9871826171876,-4.332221419946693,-0.3236278979530247,-3.820386002349194,2.2034474029215287,-1.5277604014056088,-0.3463249647831068,1.3261610010480798,0.2942169975542152,-4.348797807197817,0.2656952455957382
33.0,6.0,1002.017578125,-1.7005743635343291,-4.337615151601735,-0.0234562680348897,-1.9328723445507296,1.4322665144244993,-2.6335026273821853,1.7007576053682874,1.7540190876894488,-1.1260046739339806,2.580318838652192
33.0,6.0,1002.0368041992188,-3.2983687832674216,-0.2985453878651292,-3.418583126493972,3.806468964436064,3.4560422563923083,-3.927944280392124,4.225119301566933,4.523907686776532,-3.3262279641311965,0.4294024056112118
33.0,6.0,1002.0368041992188,-3.2983687832674216,-0.2985453878651292,-3.418583126493972,3.806468964436064,3.4560422563923083,-3.927944280392124,4.225119301566933,4.523907686776532,-3.3262279641311965,0.4294024056112118
33.0,6.0,1002.0433959960938,-1.602012803084731,-1.6755122172833226,0.8471794413778353,4.701665871888467,-3.449211452711487,-0.7631590547501632,2.755384302681607,4.217042845873615,1.0862673388204844,2.5585639761125787
33.0,6.0,1002.0758056640624,-4.332235037618093,3.142692804589792,-3.820386002349194,3.786074146976525,-1.5277604014056088,2.1914531575994936,4.389822024430366,0.4247117002418061,-4.2150285838617085,0.2726304802047763
33.0,6.0,1002.0860595703124,-4.200284571259774,-1.914302357734404,-3.4717255765667945,-1.9340790115268505,4.287482814080398,2.616164695413245,-2.929505881221264,4.226287456716861,0.069033489056794,-3.121421481482661
33.0,6.0,1002.0888061523438,-1.531899641181337,-3.857708748956736,-0.5146294948694771,4.650811378019648,2.8122770075828014,-2.178932827566161,2.5712987808742334,0.4205578422210921,-4.334598415410092,-0.4521824040875619
33.0,6.0,1002.0889282226562,-3.0196897917341547,-4.905725034894818,-0.5146294948694771,4.650811378019648,3.704433008328421,-2.446277779443154,1.883212568115684,0.3758462839669498,-4.216100510786529,2.1134713214026006
33.0,6.0,1002.0984497070312,-4.112798222328748,-4.330441043779124,-0.0234562680348897,2.2056421716127983,2.59509413989883,-2.7523213207402737,1.7007576053682874,1.7540190876894488,-4.690457546463578,2.490428942356866
33.0,6.0,1002.101318359375,-1.6603502363936953,-3.8574395303599065,0.8710980203002335,3.579689247114353,2.2336220007758425,0.0549211355958163,3.80236235358456,1.6732345855128663,1.0418822635383918,0.242845839950298
33.0,6.0,1002.1016235351562,-1.5929780418690855,-4.912218912851266,0.0342150234222892,2.933395068665395,4.481870319561064,-2.454328433793145,2.267449756201142,1.6783189086195995,-4.185183058808231,2.104264526261918
33.0,7.0,1001.0654296875,-4.332221419946693,-4.045963836991028,-3.820386002349194,2.937923737582677,-0.8023074563610864,-0.3463249647831068,1.2544397903056943,0.4247117002418061,-2.577535464159956,2.08250921980054
33.0,7.0,1001.285400390625,-2.5775581298175414,-2.5643961765345784,-3.8207851145608713,3.2120304059685365,-0.4468800710811593,2.7266229630805907,2.587096168346466,1.828638753417292,0.8020787326241843,2.21090844229086
33.0,7.0,1001.2915649414062,-4.332221419946693,0.0622477587836858,-3.559117881787382,2.2034474029215287,-1.5277604014056088,2.5688251796749806,1.3261610010480798,3.4175939013059287,-4.348797807197817,0.2499742798927439
33.0,7.0,1001.30712890625,-1.6426729148431418,-4.140138315915559,2.033337976107509,3.190288528541477,2.4725984573668915,-4.398618391545751,2.911435578879912,1.769629826083149,0.1063653627924975,2.229338957362613
33.0,7.0,1001.3521118164062,-1.595285157838234,-4.309900341293644,0.0361426733538662,-2.0043990084376286,2.774293262082856,-2.607943135174,3.092180982993903,1.7540190876894488,-1.1260046739339806,2.580318838652192
33.0,7.0,1001.418212890625,-2.5775581298175414,-2.60047995450653,0.0622626483229691,3.2120304059685365,-0.6607997758195645,2.769197452622415,2.79735419125519,1.7476961990931057,-4.856826975897207,2.2936138299803743
33.0,7.0,1001.46044921875,-4.332221419946693,0.1018295015216774,-3.820386002349194,2.2034474029215287,-1.5277604014056088,-0.3463249647831068,1.3261610010480798,0.8059110031079482,-4.348797807197817,0.2269287227538021
33.0,7.0,1001.4765014648438,-4.260198245556658,-4.119185489576272,1.8872074974181527,2.8995835660572125,2.43224898805926,2.9108377103972893,-0.332309671373509,1.7698340009795157,-1.4138803985137642,2.465078388087288
33.0,7.0,1001.4951782226562,-4.253891173568059,-4.119185489576272,1.88948505526726,2.8995835660572125,1.9232431193100867,2.584348055986625,-0.332309671373509,1.7005275785327725,-1.4138803985137642,2.465078388087288
33.0,7.0,1001.5022583007812,-2.5740776982437827,-2.60047995450653,0.0622626483229691,3.1979009044962217,-0.6607997758195645,2.769197452622415,2.7963207502594525,0.3918644205071286,-4.906501519112615,-0.4087565119272373
33.0,7.0,1001.5394287109376,-4.2787684520527645,-4.055386394074609,1.881725500043604,3.259027468949788,-0.7122725737461679,2.769605163140916,-0.4171339639432332,1.7698340009795157,-1.4138803985137642,-4.373031465851754
33.0,7.0,1001.5593872070312,-1.5929297145752628,-4.319599059946267,1.826981504241051,0.8675522820589996,-3.386383211553791,2.5272263862879663,2.6398838044175914,1.6992960607260814,-1.1113400268966278,-0.3940763120088832
33.0,7.0,1001.5967407226562,-1.6363977092208786,-4.140138315915559,2.035615533956616,3.190288528541477,1.9635925886177177,-4.398618391545751,2.911435578879912,1.7529158119289343,0.1063653627924975,2.229338957362613
33.0,7.0,1001.6119995117188,-4.260198245556658,0.028848128304264,1.8872074974181527,2.165107231396061,2.3557353108584,3.046794129165711,-0.2605884606311633,1.4936913314716005,-1.4138803985137642,0.1440636286402286
33.0,7.0,1001.6262817382812,-1.590422975955007,-3.798858105751857,0.5165768501373613,3.5586724397501097,2.2336220007758425,0.5391217705936517,3.780502571808409,2.0353751423173803,0.9131213284750476,2.3205633301830475
33.0,7.0,1001.626953125,-4.277932561751001,-4.10625637962386,-3.620719268764229,2.436609484051603,2.43224898805926,2.9108377103972893,-0.4141201103915737,1.16061649549078,-3.321414040557408,-4.18955262800737
33.0,7.0,1001.6588134765624,-2.5775581298175414,-2.839363576910025,-3.82078969328319,3.2120304059685365,-0.4468800710811593,2.163499967884336,2.587096168346466,0.5562346604292376,0.7901416664698964,2.21090844229086
33.0,7.0,1001.681640625,-1.5929780418690855,-4.3089608823325305,0.0342150234222892,2.933395068665395,1.891173377033005,-4.398018828008967,3.063785243992032,1.6783189086195995,-1.1260046739339806,2.515371033842728
33.0,7.0,1001.705078125,-1.5929297145752628,-4.335486777406581,1.826981504241051,0.8068321754221207,-3.386383211553791,2.3582275606423195,2.6398838044175914,1.6992960607260814,-1.1031642134877373,-0.3940763120088832
33.0,7.0,1001.7117919921876,-4.271107619411305,-4.0146566392759855,0.928808553577554,3.92248311413477,4.265903482266383,2.6082827480069324,-0.3668043327051509,4.2476172531098255,-1.3764784990103769,2.554102979810392
33.0,7.0,1001.725830078125,-2.5775581298175414,-2.60047995450653,0.0622626483229691,3.2120304059685365,-0.6607997758195645,2.7991340793944426,2.4626623852014218,1.8877117115120363,-4.856826975897207,2.300642417944301
33.0,7.0,1001.7265014648438,-4.258910777434223,-4.329838468644168,0.7319361202089412,1.546443131500946,-1.4851673523645994,2.0241656813824607,2.920262865398175,1.7532700089696356,-4.2150285838617085,0.2015391030687723
33.0,7.0,1001.7523803710938,-4.332221419946693,3.2549273642898093,-3.820386002349194,2.497431115317569,-1.533679518233413,2.2298213083283307,4.222654690633425,0.4247117002418061,-4.2150285838617085,0.2726304802047763
33.0,7.0,1001.7540283203124,-1.5702206600669086,-4.140138315915559,2.035615533956616,3.190288528541477,1.9635925886177177,-4.398618391545751,2.911435578879912,1.7529158119289343,0.1394111971297618,2.282021168579792
33.0,7.0,1001.7753295898438,-3.2983687832674216,-0.2985453878651292,-3.418583126493972,3.436295037037099,3.576641548063485,-3.927944280392124,4.0961656632831,3.9043626659618593,-3.3262279641311965,2.55045554485661
33.0,7.0,1001.7860717773438,-4.329194950118655,3.142692804589792,-3.8245918208874334,2.456833577050971,-1.5797013316899045,2.1632290747721634,-0.4783527824570663,0.4247117002418061,-4.2150285838617085,0.2726304802047763
33.0,7.0,1001.7932739257812,-4.332221419946693,3.2549273642898093,-3.820386002349194,2.472703274921882,-1.5277604014056088,2.1914531575994936,4.222654690633425,0.4247117002418061,-4.2150285838617085,0.2726304802047763
33.0,7.0,1001.7932739257812,-4.332221419946693,3.2549273642898093,-3.820386002349194,2.472703274921882,-1.5277604014056088,2.1914531575994936,4.222654690633425,0.4247117002418061,-4.2390626889267535,0.2726304802047763
33.0,7.0,1001.8058471679688,-4.332221419946693,0.1018295015216774,-3.820386002349194,2.2034474029215287,-1.5277604014056088,-0.3463249647831068,1.3261610010480798,0.4247117002418061,-4.348797807197817,0.2269287227538021
33.0,7.0,1001.8076171875,-1.5902916458005243,-3.934869580596944,1.826981504241051,4.104836229395575,-3.386383211553791,2.5272263862879663,4.077908351007562,3.3922330171662374,0.8647827511201069,-0.3940763120088832
33.0,7.0,1001.8167114257812,-1.166865825054629,-4.319599059946267,1.8383655826386165,0.8350404692796753,2.430076683655032,2.8107666775331754,2.6422810474283542,1.6992960607260814,-1.1113400268966278,-0.3938512474332878
33.0,7.0,1001.821044921875,-1.692435649182138,-4.330441043779124,-0.0234562680348897,-2.0043990084376286,2.7704887335417565,-2.607943135174,1.7007576053682874,1.7540190876894488,-1.1260046739339806,2.580318838652192
33.0,7.0,1001.8291625976562,-1.5929780418690855,-4.3089608823325305,0.0342150234222892,2.933395068665395,1.891173377033005,-4.398018828008967,3.0805657612418886,1.7237913915376375,-1.6679364595305894,2.515371033842728
33.0,7.0,1001.8440551757812,0.2286673194073682,-4.140138315915559,0.8086509170231395,3.190288528541477,3.0656878423063283,-4.398618391545751,2.911435578879912,1.7529158119289343,0.9325316257417088,2.0624274392214703
33.0,7.0,1001.8525390625,-1.5902916458005243,-3.884798290013336,1.826981504241051,0.806934335702571,-3.386383211553791,2.5272263862879663,2.6398838044175914,3.3922330171662374,0.9509061232720744,-0.3940763120088832
33.0,7.0,1001.8563842773438,-4.258910777434223,3.2334291661580528,-3.8286178412948657,1.546443131500946,-1.692544700450444,2.191572560337628,3.7956887876517857,0.4247117002418061,-4.2150285838617085,0.2015391030687723
33.0,7.0,1001.8646240234376,-4.2787684520527645,-4.119185489576272,1.881725500043604,3.9396879622462975,2.43224898805926,2.9108377103972893,-0.4141201103915737,1.7698340009795157,-1.4138803985137642,-4.18955262800737
33.0,7.0,1001.8646240234376,-4.2787684520527645,-4.119185489576272,1.881725500043604,3.9396879622462975,2.43224898805926,2.9108377103972893,-0.4141201103915737,1.7698340009795157,-1.4138803985137642,-4.18955262800737
33.0,7.0,1001.8900756835938,-4.258256594294557,-2.64125362047044,-3.8207851145608713,2.46135040478484,-1.457926008160159,2.672120770795728,3.7646519247925374,4.519328855830653,-4.663725240965506,0.0033168011321084
33.0,7.0,1001.8960571289062,-1.5902916458005243,-3.884798290013336,1.826981504241051,2.1998809156493966,-3.386383211553791,2.5272263862879663,2.6485474928237647,3.3181631515818526,0.9509061232720744,-0.3940763120088832
33.0,7.0,1001.9089965820312,-4.290741972044963,-2.64125362047044,-3.8207851145608713,2.46135040478484,-1.457926008160159,2.672120770795728,-2.0373530677391942,4.723031739980854,-4.644187179486197,0.2729857361705157
33.0,7.0,1001.9108276367188,-2.9835281747314046,-4.866405962393325,0.0858888432654172,0.2605061740955552,2.247866937516612,-0.1400244909129631,2.6437697770015123,-3.3948800029949746,-3.975169242301879,2.158909825024661
33.0,7.0,1001.9161987304688,0.1624902702522135,-4.140138315915559,0.8086509170231395,3.190288528541477,3.0656878423063283,-4.398618391545751,2.911435578879912,1.7529158119289343,0.8994857914044447,2.0624274392214703
33.0,7.0,1001.9163208007812,-1.6603502363936953,-3.798858105751857,0.8710980203002335,3.5586724397501097,2.2336220007758425,0.006901234680233,3.780502571808409,2.0164142544055537,0.9131213284750476,2.3205633301830475
33.0,7.0,1001.9261474609376,-4.2787684520527645,-3.6353330001726416,1.4351805688395594,3.936176182685184,2.7208030078390424,0.4745293982405982,-0.10325451104746,-2.570499338788826,-1.2516650998711496,-4.18955262800737
33.0,7.0,1001.9266357421876,-1.6238297481253496,0.1018295015216774,0.6360630047743889,4.706319357613163,-1.5540768678297168,-0.3532466586858681,2.7527514744291177,4.232694700978311,-4.348797807197817,-0.396997098034457
33.0,7.0,1001.9282836914062,-1.6603502363936953,-3.798858105751857,0.8710980203002335,3.5586724397501097,2.2336220007758425,0.006901234680233,3.780502571808409,2.004316779442366,1.0418822635383918,2.325195193886569
33.0,7.0,1001.9282836914062,-1.6603502363936953,-3.798858105751857,0.8710980203002335,3.5586724397501097,2.2336220007758425,0.006901234680233,3.780502571808409,2.004316779442366,1.0418822635383918,2.325195193886569
33.0,7.0,1001.93408203125,-4.332221419946693,3.2549273642898093,-3.820386002349194,3.058546656216892,-1.5277604014056088,2.1914531575994936,1.772550778374892,0.4247117002418061,-4.2390626889267535,0.2726304802047763
33.0,7.0,1001.9345703125,-1.692435649182138,-4.330441043779124,-0.0234562680348897,-2.06744165430607,2.7704887335417565,-2.607943135174,4.1508444165059775,1.7540190876894488,-1.1260046739339806,2.580318838652192
33.0,8.0,1000.9603271484376,-2.5775581298175414,-2.5299679073511365,-3.8207851145608713,3.207997014016095,-0.3544866065901322,2.609363188885771,2.587096168346466,2.0910790394240646,0.6911289058267447,2.58169545261241
33.0,8.0,1001.0654296875,-4.332221419946693,-4.045963836991028,-3.820386002349194,2.937923737582677,-0.8023074563610864,-0.3463249647831068,1.2544397903056943,0.4247117002418061,-2.577535464159956,2.08250921980054
33.0,8.0,1001.285400390625,-2.5775581298175414,-2.5643961765345784,-3.8207851145608713,3.2120304059685365,-0.4468800710811593,2.7266229630805907,2.587096168346466,1.828638753417292,0.8020787326241843,2.21090844229086
33.0,8.0,1001.2915649414062,-4.332221419946693,0.0622477587836858,-3.559117881787382,2.2034474029215287,-1.5277604014056088,2.5688251796749806,1.3261610010480798,3.4175939013059287,-4.348797807197817,0.2499742798927439
33.0,8.0,1001.2915649414062,-4.332221419946693,0.0622477587836858,-3.559117881787382,2.2034474029215287,-1.5277604014056088,2.5688251796749806,1.3261610010480798,3.4175939013059287,-4.348797807197817,0.2499742798927439
33.0,8.0,1001.30712890625,-1.6426729148431418,-4.140138315915559,2.033337976107509,3.190288528541477,2.4725984573668915,-4.398618391545751,2.911435578879912,1.769629826083149,0.1063653627924975,2.229338957362613
33.0,8.0,1001.3075561523438,-1.595285157838234,-4.117050866415685,0.0361426733538662,-2.0043990084376286,2.774293262082856,-2.607943135174,3.553637706572313,1.7540190876894488,-1.1260046739339806,2.738196428864807
33.0,8.0,1001.3406372070312,-1.6426729148431418,-4.140138315915559,2.3944460415724715,3.190288528541477,2.4725984573668915,-4.382597006646146,2.911435578879912,1.769629826083149,0.1063653627924975,2.229338957362613
33.0,8.0,1001.3521118164062,-1.595285157838234,-4.309900341293644,0.0361426733538662,-2.0043990084376286,2.774293262082856,-2.607943135174,3.092180982993903,1.7540190876894488,-1.1260046739339806,2.580318838652192
33.0,8.0,1001.3643798828124,-1.5929297145752628,-3.5120020066200324,1.826981504241051,0.8599921314487388,-3.444039466772251,2.5272263862879663,1.2839173707719325,1.6992960607260814,-0.9206998558790064,-0.4007602288432391
33.0,8.0,1001.4014892578124,-2.5740776982437827,-2.588211775290155,0.0622626483229691,3.185518191563442,-0.6607997758195645,2.425555506980297,2.81114254412016,1.4765222257154558,-1.347679898107067,-0.4087565119272373
33.0,8.0,1001.418212890625,-2.5775581298175414,-2.60047995450653,0.0622626483229691,3.2120304059685365,-0.6607997758195645,2.769197452622415,2.79735419125519,1.7476961990931057,-4.856826975897207,2.2936138299803743
33.0,8.0,1001.4487915039062,-3.84088649216345,-4.312034964454231,1.88948505526726,2.8995835660572125,1.9232431193100867,2.584348055986625,-0.332309671373509,1.7005275785327725,-1.4138803985137642,2.4624645215629286
33.0,8.0,1001.4523315429688,-3.5425428572123208,-4.309579163989082,0.0361426733538662,-1.7307655396090245,0.8293037911231653,0.3609275736254376,3.0946114882529137,1.7524463484681103,-1.1260050576911331,2.580318838652192
33.0,8.0,1001.46044921875,-4.332221419946693,0.1018295015216774,-3.820386002349194,2.2034474029215287,-1.5277604014056088,-0.3463249647831068,1.3261610010480798,0.8059110031079482,-4.348797807197817,0.2269287227538021
33.0,8.0,1001.4765014648438,-4.260198245556658,-4.119185489576272,1.8872074974181527,2.8995835660572125,2.43224898805926,2.9108377103972893,-0.332309671373509,1.7698340009795157,-1.4138803985137642,2.465078388087288
33.0,8.0,1001.4951782226562,-4.253891173568059,-4.119185489576272,1.88948505526726,2.8995835660572125,1.9232431193100867,2.584348055986625,-0.332309671373509,1.7005275785327725,-1.4138803985137642,2.465078388087288
33.0,8.0,1001.5022583007812,-2.5740776982437827,-2.60047995450653,0.0622626483229691,3.1979009044962217,-0.6607997758195645,2.769197452622415,2.7963207502594525,0.3918644205071286,-4.906501519112615,-0.4087565119272373
33.0,8.0,1001.5338745117188,-2.5740776982437827,-2.60047995450653,0.0622626483229691,3.211455086091803,-0.6607997758195645,2.769197452622415,2.7963207502594525,0.3918644205071286,-4.855622604987822,-0.4087565119272373
33.0,8.0,1001.5394287109376,-4.2787684520527645,-4.055386394074609,1.881725500043604,3.259027468949788,-0.7122725737461679,2.769605163140916,-0.4171339639432332,1.7698340009795157,-1.4138803985137642,-4.373031465851754
33.0,8.0,1001.5593872070312,-1.5929297145752628,-4.319599059946267,1.826981504241051,0.8675522820589996,-3.386383211553791,2.5272263862879663,2.6398838044175914,1.6992960607260814,-1.1113400268966278,-0.3940763120088832
33.0,8.0,1001.5673828125,-4.2787684520527645,-4.055386394074609,0.732013540268496,3.927551270698835,-0.6957619169791546,2.738050856765357,2.524644837295446,1.8760893061414945,-1.4138803985137642,2.234404085506465
33.0,8.0,1001.5967407226562,-1.6363977092208786,-4.140138315915559,2.035615533956616,3.190288528541477,1.9635925886177177,-4.398618391545751,2.911435578879912,1.7529158119289343,0.1063653627924975,2.229338957362613
33.0,8.0,1001.6119995117188,-4.260198245556658,0.028848128304264,1.8872074974181527,2.165107231396061,2.3557353108584,3.046794129165711,-0.2605884606311633,1.4936913314716005,-1.4138803985137642,0.1440636286402286
33.0,8.0,1001.6262817382812,-1.590422975955007,-3.798858105751857,0.5165768501373613,3.5586724397501097,2.2336220007758425,0.5391217705936517,3.780502571808409,2.0353751423173803,0.9131213284750476,2.3205633301830475
33.0,8.0,1001.626953125,-4.277932561751001,-4.10625637962386,-3.620719268764229,2.436609484051603,2.43224898805926,2.9108377103972893,-0.4141201103915737,1.16061649549078,-3.321414040557408,-4.18955262800737
33.0,8.0,1001.6312866210938,-4.277932561751001,-4.10625637962386,-3.620719268764229,2.438470753736293,2.43224898805926,2.9108377103972893,-0.4141201103915737,1.16061649549078,-3.321414040557408,-4.18955262800737
33.0,8.0,1001.6470336914062,-4.265667053371252,-2.524853889055104,-3.8245918208874334,2.456833577050971,-1.5797013316899045,2.171623005179762,-0.4783527824570663,0.4073539620478787,-4.581389893993841,0.2726304802047763
33.0,8.0,1001.6588134765624,-2.5775581298175414,-2.839363576910025,-3.82078969328319,3.2120304059685365,-0.4468800710811593,2.163499967884336,2.587096168346466,0.5562346604292376,0.7901416664698964,2.21090844229086
33.0,8.0,1001.6646118164062,-1.5929297145752628,-4.319599059946267,2.061128024179978,0.8675522820589996,-3.386383211553791,2.5196701577018725,2.6398838044175914,1.6992960607260814,-1.1113400268966278,-0.3940763120088832
33.0,8.0,1001.6776733398438,-4.921272701684066,-4.049084825762046,0.928808553577554,3.926516506084016,4.172584077469482,2.725542522201752,-0.3668043327051509,3.985164079614601,-1.3764784990103769,1.6083210535131405
33.0,8.0,1001.681640625,-1.5929780418690855,-4.3089608823325305,0.0342150234222892,2.933395068665395,1.891173377033005,-4.398018828008967,3.063785243992032,1.6783189086195995,-1.1260046739339806,2.515371033842728
33.0,8.0,1001.705078125,-1.5929297145752628,-4.335486777406581,1.826981504241051,0.8068321754221207,-3.386383211553791,2.3582275606423195,2.6398838044175914,1.6992960607260814,-1.1031642134877373,-0.3940763120088832
33.0,8.0,1001.7117919921876,-4.271107619411305,-4.0146566392759855,0.928808553577554,3.92248311413477,4.265903482266383,2.6082827480069324,-0.3668043327051509,4.2476172531098255,-1.3764784990103769,2.554102979810392
33.0,8.0,1001.7207641601562,-1.5982615853847604,0.1018295015216774,0.5252674581012586,4.706319357613163,-1.5540768678297168,-0.3532466586858681,2.738333869297242,4.232694700978311,-4.348797807197817,0.2087085516936527
33.0,8.0,1001.725830078125,-2.5775581298175414,-2.60047995450653,0.0622626483229691,3.2120304059685365,-0.6607997758195645,2.7991340793944426,2.4626623852014218,1.8877117115120363,-4.856826975897207,2.300642417944301
33.0,8.0,1001.7265014648438,-4.258910777434223,-4.329838468644168,0.7319361202089412,1.546443131500946,-1.4851673523645994,2.0241656813824607,2.920262865398175,1.7532700089696356,-4.2150285838617085,0.2015391030687723
33.0,8.0,1001.7374877929688,-3.5025586214180544,-2.839363576910025,-4.189998520718279,3.2120304059685365,-0.4468800710811593,2.163499967884336,2.587096168346466,0.5562346604292376,0.7901416664698964,2.21090844229086
33.0,8.0,1001.7523803710938,-4.332221419946693,3.2549273642898093,-3.820386002349194,2.497431115317569,-1.533679518233413,2.2298213083283307,4.222654690633425,0.4247117002418061,-4.2150285838617085,0.2726304802047763
33.0,8.0,1001.7540283203124,-1.5702206600669086,-4.140138315915559,2.035615533956616,3.190288528541477,1.9635925886177177,-4.398618391545751,2.911435578879912,1.7529158119289343,0.1394111971297618,2.282021168579792
33.0,8.0,1001.7753295898438,-3.2983687832674216,-0.2985453878651292,-3.418583126493972,3.436295037037099,3.576641548063485,-3.927944280392124,4.0961656632831,3.9043626659618593,-3.3262279641311965,2.55045554485661
33.0,8.0,1001.7860717773438,-4.329194950118655,3.142692804589792,-3.8245918208874334,2.456833577050971,-1.5797013316899045,2.1632290747721634,-0.4783527824570663,0.4247117002418061,-4.2150285838617085,0.2726304802047763
33.0,8.0,1001.7932739257812,-4.332221419946693,3.2549273642898093,-3.820386002349194,2.472703274921882,-1.5277604014056088,2.1914531575994936,4.222654690633425,0.4247117002418061,-4.2150285838617085,0.2726304802047763
33.0,8.0,1001.7932739257812,-4.332221419946693,3.2549273642898093,-3.820386002349194,2.472703274921882,-1.5277604014056088,2.1914531575994936,4.222654690633425,0.4247117002418061,-4.2390626889267535,0.2726304802047763
33.0,8.0,1001.8058471679688,-4.332221419946693,0.1018295015216774,-3.820386002349194,2.2034474029215287,-1.5277604014056088,-0.3463249647831068,1.3261610010480798,0.4247117002418061,-4.348797807197817,0.2269287227538021
33.0,8.0,1001.8076171875,-1.5902916458005243,-3.934869580596944,1.826981504241051,4.104836229395575,-3.386383211553791,2.5272263862879663,4.077908351007562,3.3922330171662374,0.8647827511201069,-0.3940763120088832
33.0,8.0,1001.8167114257812,-1.166865825054629,-4.319599059946267,1.8383655826386165,0.8350404692796753,2.430076683655032,2.8107666775331754,2.6422810474283542,1.6992960607260814,-1.1113400268966278,-0.3938512474332878
33.0,8.0,1001.821044921875,-1.692435649182138,-4.330441043779124,-0.0234562680348897,-2.0043990084376286,2.7704887335417565,-2.607943135174,1.7007576053682874,1.7540190876894488,-1.1260046739339806,2.580318838652192
33.0,8.0,1001.8291625976562,-1.5929780418690855,-4.3089608823325305,0.0342150234222892,2.933395068665395,1.891173377033005,-4.398018828008967,3.0805657612418886,1.7237913915376375,-1.6679364595305894,2.515371033842728
33.0,8.0,1001.8440551757812,0.2286673194073682,-4.140138315915559,0.8086509170231395,3.190288528541477,3.0656878423063283,-4.398618391545751,2.911435578879912,1.7529158119289343,0.9325316257417088,2.0624274392214703
33.0,9.0,1000.8226318359376,-4.260198245556658,-3.9295698337876575,1.8872074974181527,3.18630186161181,2.4728299099749043,2.901906161057597,-0.332309671373509,1.7698340009795157,0.1050669250234616,2.497725805203481
33.0,9.0,1000.9603271484376,-2.5775581298175414,-2.5299679073511365,-3.8207851145608713,3.207997014016095,-0.3544866065901322,2.609363188885771,2.587096168346466,2.0910790394240646,0.6911289058267447,2.58169545261241
33.0,9.0,1001.0654296875,-4.332221419946693,-4.045963836991028,-3.820386002349194,2.937923737582677,-0.8023074563610864,-0.3463249647831068,1.2544397903056943,0.4247117002418061,-2.577535464159956,2.08250921980054
33.0,9.0,1001.0801391601562,-4.265667053371252,-2.524853889055104,-3.8245918208874334,2.4775684259640887,-1.5797013316899045,2.7767669251171863,-0.4783527824570663,0.3911596051014038,-4.584813236300874,0.10451687605567
33.0,9.0,1001.124755859375,-4.995482297995541,-3.740795888514023,-3.862767492783487,2.4651310617396205,1.9232431193100867,2.24298953830286,-0.332309671373509,1.7005275785327725,-1.4138803985137642,0.1978825132312498
33.0,9.0,1001.144287109375,-4.265667053371252,-0.1675578269686608,-3.8245918208874334,2.27241051352195,-1.5797013316899045,2.6387139428105293,-0.4783527824570663,0.4073539620478787,-4.581389893993841,0.2278993534659845
33.0,9.0,1001.1531982421876,-3.5489736463594967,-4.402603254239198,0.0361426733538662,-1.86908021600046,-0.4125765775967567,0.3609275736254376,3.0946114882529137,1.7524463484681103,-1.1260050576911331,2.580318838652192
33.0,9.0,1001.2389526367188,-1.6426729148431418,-4.494816039492282,2.033337976107509,3.190288528541477,2.4725984573668915,-4.54021785494245,2.911435578879912,1.769629826083149,0.1063653627924975,2.229338957362613
33.0,9.0,1001.2494506835938,-4.278469157076473,-4.3018941226352965,1.88948505526726,2.412262972833547,1.9232431193100867,2.598661797882453,-0.332309671373509,1.1714115000839227,-1.4138803985137642,-4.133459352229529
33.0,9.0,1001.2586669921876,-4.332221419946693,0.0622477587836858,-3.559117881787382,2.2034474029215287,-1.5277604014056088,2.5688251796749806,1.3261610010480798,3.4175939013059287,-4.348797807197817,1.1881193028478263
33.0,9.0,1001.285400390625,-2.5775581298175414,-2.5643961765345784,-3.8207851145608713,3.2120304059685365,-0.4468800710811593,2.7266229630805907,2.587096168346466,1.828638753417292,0.8020787326241843,2.21090844229086
33.0,9.0,1001.2894287109376,-2.5775581298175414,-2.517206707379963,-3.980820669525419,3.2120304059685365,-0.3579744988781869,2.5698458906833053,2.587096168346466,2.1185854213423685,0.7901416664698964,2.5791678094262056
33.0,9.0,1001.2915649414062,-4.332221419946693,0.0622477587836858,-3.559117881787382,2.2034474029215287,-1.5277604014056088,2.5688251796749806,1.3261610010480798,3.4175939013059287,-4.348797807197817,0.2499742798927439
33.0,9.0,1001.2915649414062,-4.332221419946693,0.0622477587836858,-3.559117881787382,2.2034474029215287,-1.5277604014056088,2.5688251796749806,1.3261610010480798,3.4175939013059287,-4.348797807197817,0.2499742798927439
33.0,9.0,1001.30712890625,-1.6426729148431418,-4.140138315915559,2.033337976107509,3.190288528541477,2.4725984573668915,-4.398618391545751,2.911435578879912,1.769629826083149,0.1063653627924975,2.229338957362613
33.0,9.0,1001.3075561523438,-1.595285157838234,-4.117050866415685,0.0361426733538662,-2.0043990084376286,2.774293262082856,-2.607943135174,3.553637706572313,1.7540190876894488,-1.1260046739339806,2.738196428864807
33.0,9.0,1001.3406372070312,-1.6426729148431418,-4.140138315915559,2.3944460415724715,3.190288528541477,2.4725984573668915,-4.382597006646146,2.911435578879912,1.769629826083149,0.1063653627924975,2.229338957362613
33.0,9.0,1001.3406372070312,-1.6426729148431418,-4.140138315915559,2.3944460415724715,3.190288528541477,2.4725984573668915,-4.382597006646146,2.911435578879912,1.769629826083149,0.1063653627924975,2.229338957362613
33.0,9.0,1001.3521118164062,-1.595285157838234,-4.309900341293644,0.0361426733538662,-2.0043990084376286,2.774293262082856,-2.607943135174,3.092180982993903,1.7540190876894488,-1.1260046739339806,2.580318838652192
33.0,9.0,1001.3550415039062,-2.6043462404833777,-4.055386394074609,0.0366519476074075,3.185462186619258,0.630922971872607,2.769605163140916,-0.3599414304721819,1.4744974294239896,-1.3499630341204747,-4.470508593630166
33.0,9.0,1001.3643798828124,-1.5929297145752628,-3.5120020066200324,1.826981504241051,0.8599921314487388,-3.444039466772251,2.5272263862879663,1.2839173707719325,1.6992960607260814,-0.9206998558790064,-0.4007602288432391
33.0,9.0,1001.3721313476562,-1.6499340723918898,-4.117050866415685,0.0361426733538662,-2.0043990084376286,2.774293262082856,-2.607943135174,3.4907791805489907,1.7540190876894488,-1.0467832132126005,2.738196428864807
33.0,9.0,1001.4014892578124,-2.5740776982437827,-2.588211775290155,0.0622626483229691,3.185518191563442,-0.6607997758195645,2.425555506980297,2.81114254412016,1.4765222257154558,-1.347679898107067,-0.4087565119272373
33.0,9.0,1001.4126586914062,-4.277501379025008,0.0622477587836858,-3.559117881787382,2.2034474029215287,-1.5277604014056088,2.5688251796749806,1.3890194730181995,3.4175939013059287,-4.427256085585728,0.2499742798927439
33.0,9.0,1001.418212890625,-2.5775581298175414,-2.60047995450653,0.0622626483229691,3.2120304059685365,-0.6607997758195645,2.769197452622415,2.79735419125519,1.7476961990931057,-4.856826975897207,2.2936138299803743
33.0,9.0,1001.4487915039062,-3.84088649216345,-4.312034964454231,1.88948505526726,2.8995835660572125,1.9232431193100867,2.584348055986625,-0.332309671373509,1.7005275785327725,-1.4138803985137642,2.4624645215629286
33.0,9.0,1001.4523315429688,-3.5425428572123208,-4.309579163989082,0.0361426733538662,-1.7307655396090245,0.8293037911231653,0.3609275736254376,3.0946114882529137,1.7524463484681103,-1.1260050576911331,2.580318838652192
33.0,9.0,1001.46044921875,-4.332221419946693,0.1018295015216774,-3.820386002349194,2.2034474029215287,-1.5277604014056088,-0.3463249647831068,1.3261610010480798,0.8059110031079482,-4.348797807197817,0.2269287227538021
33.0,9.0,1001.4765014648438,-4.260198245556658,-4.119185489576272,1.8872074974181527,2.8995835660572125,2.43224898805926,2.9108377103972893,-0.332309671373509,1.7698340009795157,-1.4138803985137642,2.465078388087288
33.0,9.0,1001.4951782226562,-4.253891173568059,-4.119185489576272,1.88948505526726,2.8995835660572125,1.9232431193100867,2.584348055986625,-0.332309671373509,1.7005275785327725,-1.4138803985137642,2.465078388087288
33.0,9.0,1001.5022583007812,-2.5740776982437827,-2.60047995450653,0.0622626483229691,3.1979009044962217,-0.6607997758195645,2.769197452622415,2.7963207502594525,0.3918644205071286,-4.906501519112615,-0.4087565119272373
33.0,9.0,1001.513916015625,-2.5775581298175414,-2.5643961765345784,-3.798731067191716,3.2120304059685365,-0.6577173171538536,2.7266229630805907,2.587096168346466,1.827894723587888,-4.784396915124253,2.21090844229086
33.0,9.0,1001.531494140625,-1.5929297145752628,-4.285950764390092,1.826981504241051,0.8674613395938565,-3.382812689715092,2.5272263862879663,2.6398838044175914,1.6992960607260814,-0.9229106878410878,-0.3940763120088832
33.0,9.0,1001.5338745117188,-2.5740776982437827,-2.60047995450653,0.0622626483229691,3.211455086091803,-0.6607997758195645,2.769197452622415,2.7963207502594525,0.3918644205071286,-4.855622604987822,-0.4087565119272373
33.0,9.0,1001.5394287109376,-4.2787684520527645,-4.055386394074609,1.881725500043604,3.259027468949788,-0.7122725737461679,2.769605163140916,-0.4171339639432332,1.7698340009795157,-1.4138803985137642,-4.373031465851754
33.0,9.0,1001.5593872070312,-1.5929297145752628,-4.319599059946267,1.826981504241051,0.8675522820589996,-3.386383211553791,2.5272263862879663,2.6398838044175914,1.6992960607260814,-1.1113400268966278,-0.3940763120088832
33.0,9.0,1001.5673828125,-4.2787684520527645,-4.055386394074609,0.732013540268496,3.927551270698835,-0.6957619169791546,2.738050856765357,2.524644837295446,1.8760893061414945,-1.4138803985137642,2.234404085506465
33.0,9.0,1001.5732421875,-1.5929297145752628,-2.9115676334314795,1.826981504241051,0.8600830739138817,-3.44760998861095,2.5272263862879663,1.2839173707719325,1.6992960607260814,-1.1091291949345463,-0.4007602288432391
33.0,9.0,1001.5865478515624,-1.6363977092208786,-4.140138315915559,2.035615533956616,3.190288528541477,1.9635925886177177,-4.531509154341988,2.911435578879912,1.7529158119289343,0.0662928071537127,2.229338957362613
33.0,9.0,1001.5867919921876,-1.5929780418690855,-4.311673447242828,0.9331357571455426,2.9620271149612942,1.891173377033005,-4.472276503531637,3.063785243992032,1.6783189086195995,-1.1258931039714164,2.515430823602114
33.0,9.0,1001.5967407226562,-1.6363977092208786,-4.140138315915559,2.035615533956616,3.190288528541477,1.9635925886177177,-4.398618391545751,2.911435578879912,1.7529158119289343,0.1063653627924975,2.229338957362613
33.0,9.0,1001.6119995117188,-4.260198245556658,0.028848128304264,1.8872074974181527,2.165107231396061,2.3557353108584,3.046794129165711,-0.2605884606311633,1.4936913314716005,-1.4138803985137642,0.1440636286402286
33.0,9.0,1001.6262817382812,-1.590422975955007,-3.798858105751857,0.5165768501373613,3.5586724397501097,2.2336220007758425,0.5391217705936517,3.780502571808409,2.0353751423173803,0.9131213284750476,2.3205633301830475
33.0,9.0,1001.626953125,-4.277932561751001,-4.10625637962386,-3.620719268764229,2.436609484051603,2.43224898805926,2.9108377103972893,-0.4141201103915737,1.16061649549078,-3.321414040557408,-4.18955262800737
33.0,9.0,1001.6312866210938,-4.277932561751001,-4.10625637962386,-3.620719268764229,2.438470753736293,2.43224898805926,2.9108377103972893,-0.4141201103915737,1.16061649549078,-3.321414040557408,-4.18955262800737
33.0,9.0,1001.6470336914062,-4.265667053371252,-2.524853889055104,-3.8245918208874334,2.456833577050971,-1.5797013316899045,2.171623005179762,-0.4783527824570663,0.4073539620478787,-4.581389893993841,0.2726304802047763
33.0,9.0,1001.6588134765624,-2.5775581298175414,-2.839363576910025,-3.82078969328319,3.2120304059685365,-0.4468800710811593,2.163499967884336,2.587096168346466,0.5562346604292376,0.7901416664698964,2.21090844229086
33.0,9.0,1001.6646118164062,-1.5929297145752628,-4.319599059946267,2.061128024179978,0.8675522820589996,-3.386383211553791,2.5196701577018725,2.6398838044175914,1.6992960607260814,-1.1113400268966278,-0.3940763120088832
33.0,9.0,1001.6776733398438,-4.921272701684066,-4.049084825762046,0.928808553577554,3.926516506084016,4.172584077469482,2.725542522201752,-0.3668043327051509,3.985164079614601,-1.3764784990103769,1.6083210535131405
33.0,9.0,1001.681640625,-1.5929780418690855,-4.3089608823325305,0.0342150234222892,2.933395068665395,1.891173377033005,-4.398018828008967,3.063785243992032,1.6783189086195995,-1.1260046739339806,2.515371033842728
33.0,10.0,1000.8209838867188,-4.995482297995541,-3.740795888514023,-3.862767492783487,2.4651310617396205,1.9232431193100867,2.24298953830286,-0.332309671373509,1.7005275785327725,-1.0534486664179414,0.1978825132312498
33.0,10.0,1000.8226318359376,-4.260198245556658,-3.9295698337876575,1.8872074974181527,3.18630186161181,2.4728299099749043,2.901906161057597,-0.332309671373509,1.7698340009795157,0.1050669250234616,2.497725805203481
33.0,10.0,1000.9208374023438,-4.265667053371252,-2.4992000395991694,-3.8245918208874334,2.472133698225785,-1.5797013316899045,2.7767669251171863,-0.4783527824570663,0.3528997017234694,-0.8661646969239993,1.0675811796531018
33.0,10.0,1000.9603271484376,-2.5775581298175414,-2.5299679073511365,-3.8207851145608713,3.207997014016095,-0.3544866065901322,2.609363188885771,2.587096168346466,2.0910790394240646,0.6911289058267447,2.58169545261241
33.0,10.0,1000.993408203125,-4.37661278735657,-4.384139103089792,0.0361426733538662,-1.7173295485214577,-0.4119262594140598,0.4321350328504778,3.0946114882529137,1.738384555869645,-1.1260050576911331,1.6838900609447462
33.0,10.0,1001.0654296875,-4.332221419946693,-4.045963836991028,-3.820386002349194,2.937923737582677,-0.8023074563610864,-0.3463249647831068,1.2544397903056943,0.4247117002418061,-2.577535464159956,2.08250921980054
33.0,10.0,1001.0801391601562,-4.265667053371252,-2.524853889055104,-3.8245918208874334,2.4775684259640887,-1.5797013316899045,2.7767669251171863,-0.4783527824570663,0.3911596051014038,-4.584813236300874,0.10451687605567
33.0,10.0,1001.124755859375,-4.995482297995541,-3.740795888514023,-3.862767492783487,2.4651310617396205,1.9232431193100867,2.24298953830286,-0.332309671373509,1.7005275785327725,-1.4138803985137642,0.1978825132312498
33.0,10.0,1001.144287109375,-4.265667053371252,-0.1675578269686608,-3.8245918208874334,2.27241051352195,-1.5797013316899045,2.6387139428105293,-0.4783527824570663,0.4073539620478787,-4.581389893993841,0.2278993534659845
33.0,10.0,1001.144287109375,-4.265667053371252,-0.1675578269686608,-3.8245918208874334,2.27241051352195,-1.5797013316899045,2.6387139428105293,-0.4783527824570663,0.4073539620478787,-4.581389893993841,0.2278993534659845
33.0,10.0,1001.152587890625,-4.332221419946693,0.0622477587836858,-3.882118135807469,2.2034474029215287,-1.3201994854250838,2.5688251796749806,1.3261610010480798,1.76781432246498,-4.4255915324706905,0.1872681819853869
33.0,10.0,1001.1531982421876,-3.5489736463594967,-4.402603254239198,0.0361426733538662,-1.86908021600046,-0.4125765775967567,0.3609275736254376,3.0946114882529137,1.7524463484681103,-1.1260050576911331,2.580318838652192
33.0,10.0,1001.160400390625,-4.302051874683103,-2.5643961765345784,-3.8207851145608713,2.1721272531366105,-1.52183412891253,2.7266229630805907,1.2778241093053406,1.8652695375747297,-4.318417412380724,0.2245407680567073
33.0,10.0,1001.226806640625,-1.5929297145752628,-3.5120020066200324,1.826981504241051,0.8654268591833819,-3.444039466772251,2.5272263862879663,1.2839173707719325,1.7375559641039888,-4.634521645651251,-0.4007602288432391
33.0,10.0,1001.2363891601562,-3.84088649216345,-4.276283170659994,1.7898908350851277,2.8995835660572125,1.9232431193100867,2.594695796464859,-0.332309671373509,0.3859304482151282,-1.4138803985137642,-0.4329547895445074
33.0,10.0,1001.2389526367188,-1.6426729148431418,-4.494816039492282,2.033337976107509,3.190288528541477,2.4725984573668915,-4.54021785494245,2.911435578879912,1.769629826083149,0.1063653627924975,2.229338957362613
33.0,10.0,1001.2401123046876,-3.549187642351036,-4.402603254239198,0.0361426733538662,-1.7313182502010858,0.8599459661498782,0.3609275736254376,3.0946114882529137,1.7524463484681103,-1.2738449272633128,2.580318838652192
33.0,10.0,1001.2439575195312,-4.332221419946693,-0.1753218492559075,-3.868865642990112,2.2034474029215287,-1.5287716234291375,2.5688251796749806,1.3261610010480798,3.381298697529715,-4.348797807197817,1.1881193028478263
33.0,10.0,1001.2494506835938,-4.278469157076473,-4.3018941226352965,1.88948505526726,2.412262972833547,1.9232431193100867,2.598661797882453,-0.332309671373509,1.1714115000839227,-1.4138803985137642,-4.133459352229529
33.0,10.0,1001.2586669921876,-4.332221419946693,0.0622477587836858,-3.559117881787382,2.2034474029215287,-1.5277604014056088,2.5688251796749806,1.3261610010480798,3.4175939013059287,-4.348797807197817,1.1881193028478263
33.0,10.0,1001.285400390625,-2.5775581298175414,-2.5643961765345784,-3.8207851145608713,3.2120304059685365,-0.4468800710811593,2.7266229630805907,2.587096168346466,1.828638753417292,0.8020787326241843,2.21090844229086
33.0,10.0,1001.2894287109376,-2.5775581298175414,-2.517206707379963,-3.980820669525419,3.2120304059685365,-0.3579744988781869,2.5698458906833053,2.587096168346466,2.1185854213423685,0.7901416664698964,2.5791678094262056
33.0,10.0,1001.2915649414062,-4.332221419946693,0.0622477587836858,-3.559117881787382,2.2034474029215287,-1.5277604014056088,2.5688251796749806,1.3261610010480798,3.4175939013059287,-4.348797807197817,0.2499742798927439
33.0,10.0,1001.2915649414062,-4.332221419946693,0.0622477587836858,-3.559117881787382,2.2034474029215287,-1.5277604014056088,2.5688251796749806,1.3261610010480798,3.4175939013059287,-4.348797807197817,0.2499742798927439
33.0,10.0,1001.2916870117188,-3.542328861220782,-4.309579163989082,0.0361426733538662,-1.8685275054083987,-0.4432187526234699,0.3609275736254376,3.0946114882529137,1.7524463484681103,-1.1260050576911331,2.580318838652192
33.0,10.0,1001.30712890625,-1.6426729148431418,-4.140138315915559,2.033337976107509,3.190288528541477,2.4725984573668915,-4.398618391545751,2.911435578879912,1.769629826083149,0.1063653627924975,2.229338957362613
33.0,10.0,1001.3075561523438,-1.595285157838234,-4.117050866415685,0.0361426733538662,-2.0043990084376286,2.774293262082856,-2.607943135174,3.553637706572313,1.7540190876894488,-1.1260046739339806,2.738196428864807
33.0,10.0,1001.3193359375,-4.278469157076473,-4.3018941226352965,1.88948505526726,2.412262972833547,1.9232431193100867,2.598661797882453,-0.4806453623266842,1.1714115000839227,-1.4138803985137642,-4.203769541084621
33.0,10.0,1001.3321533203124,-2.5775581298175414,-2.5356596414460144,-3.980820669525419,3.2120304059685365,-0.3586248170608837,2.4986384311916083,2.587096168346466,2.132647213940834,0.7901416664698964,2.5803696459054435
33.0,10.0,1001.3406372070312,-1.6426729148431418,-4.140138315915559,2.3944460415724715,3.190288528541477,2.4725984573668915,-4.382597006646146,2.911435578879912,1.769629826083149,0.1063653627924975,2.229338957362613
33.0,10.0,1001.3406372070312,-1.6426729148431418,-4.140138315915559,2.3944460415724715,3.190288528541477,2.4725984573668915,-4.382597006646146,2.911435578879912,1.769629826083149,0.1063653627924975,2.229338957362613
33.0,10.0,1001.3521118164062,-1.595285157838234,-4.309900341293644,0.0361426733538662,-2.0043990084376286,2.774293262082856,-2.607943135174,3.092180982993903,1.7540190876894488,-1.1260046739339806,2.580318838652192
33.0,10.0,1001.3550415039062,-2.6043462404833777,-4.055386394074609,0.0366519476074075,3.185462186619258,0.630922971872607,2.769605163140916,-0.3599414304721819,1.4744974294239896,-1.3499630341204747,-4.470508593630166
33.0,10.0,1001.3643798828124,-1.5929297145752628,-3.5120020066200324,1.826981504241051,0.8599921314487388,-3.444039466772251,2.5272263862879663,1.2839173707719325,1.6992960607260814,-0.9206998558790064,-0.4007602288432391
33.0,10.0,1001.3721313476562,-1.6499340723918898,-4.117050866415685,0.0361426733538662,-2.0043990084376286,2.774293262082856,-2.607943135174,3.4907791805489907,1.7540190876894488,-1.0467832132126005,2.738196428864807
33.0,10.0,1001.4014892578124,-2.5740776982437827,-2.588211775290155,0.0622626483229691,3.185518191563442,-0.6607997758195645,2.425555506980297,2.81114254412016,1.4765222257154558,-1.347679898107067,-0.4087565119272373
33.0,10.0,1001.4014892578124,-3.531513601407821,-4.045963836991028,-3.820386002349194,2.937923737582677,-0.7620548330514472,-0.3463249647831068,1.2544397903056943,0.4247117002418061,-2.562299995648353,2.08250921980054
33.0,10.0,1001.4126586914062,-4.277501379025008,0.0622477587836858,-3.559117881787382,2.2034474029215287,-1.5277604014056088,2.5688251796749806,1.3890194730181995,3.4175939013059287,-4.427256085585728,0.2499742798927439
33.0,10.0,1001.418212890625,-2.5775581298175414,-2.60047995450653,0.0622626483229691,3.2120304059685365,-0.6607997758195645,2.769197452622415,2.79735419125519,1.7476961990931057,-4.856826975897207,2.2936138299803743
33.0,10.0,1001.4323120117188,-4.343250672221131,-4.309579163989082,0.0361426733538662,-1.7307655396090245,0.7890511678135257,0.3609275736254376,3.0946114882529137,1.7524463484681103,-1.1412405262013232,2.580318838652192
33.0,10.0,1001.4487915039062,-3.84088649216345,-4.312034964454231,1.88948505526726,2.8995835660572125,1.9232431193100867,2.584348055986625,-0.332309671373509,1.7005275785327725,-1.4138803985137642,2.4624645215629286
33.0,10.0,1001.4523315429688,-3.5425428572123208,-4.309579163989082,0.0361426733538662,-1.7307655396090245,0.8293037911231653,0.3609275736254376,3.0946114882529137,1.7524463484681103,-1.1260050576911331,2.580318838652192
33.0,10.0,1001.4598999023438,-4.036485374681565,0.0700117810709325,-3.825825427935877,2.27241051352195,-1.5786901096663752,2.6387139428105293,-0.4783527824570663,0.4436486989628201,-4.581389893993841,0.2278993534659845
33.0,10.0,1001.46044921875,-4.332221419946693,0.1018295015216774,-3.820386002349194,2.2034474029215287,-1.5277604014056088,-0.3463249647831068,1.3261610010480798,0.8059110031079482,-4.348797807197817,0.2269287227538021
33.0,10.0,1001.4631958007812,-1.6501901097994869,-4.494816039492282,1.738454421990964,3.190288528541477,2.473762657397803,-4.568756364107076,2.9628446625916696,1.769629826083149,-0.5339683180352706,2.229338957362613
33.0,10.0,1001.4711303710938,-4.260198245556658,-4.143788236525021,-3.899502641683422,2.9108813991799587,-0.4095180466486807,2.567697496846007,-0.4364982397855481,1.7694953585672848,-1.4138803985137642,2.465078388087288
33.0,10.0,1001.4765014648438,-4.260198245556658,-4.119185489576272,1.8872074974181527,2.8995835660572125,2.43224898805926,2.9108377103972893,-0.332309671373509,1.7698340009795157,-1.4138803985137642,2.465078388087288
33.0,10.0,1001.4951782226562,-4.253891173568059,-4.119185489576272,1.88948505526726,2.8995835660572125,1.9232431193100867,2.584348055986625,-0.332309671373509,1.7005275785327725,-1.4138803985137642,2.465078388087288
33.0,10.0,1001.5022583007812,-2.5740776982437827,-2.60047995450653,0.0622626483229691,3.1979009044962217,-0.6607997758195645,2.769197452622415,2.7963207502594525,0.3918644205071286,-4.906501519112615,-0.4087565119272373
33.0,10.0,1001.5137939453124,-2.612031014525622,-2.5643961765345784,-0.0228273537198513,3.2120304059685365,-0.4468800710811593,2.7266229630805907,2.587096168346466,1.828638753417292,0.8020787326241843,2.21090844229086
33.0,11.0,1000.8209838867188,-4.995482297995541,-3.740795888514023,-3.862767492783487,2.4651310617396205,1.9232431193100867,2.24298953830286,-0.332309671373509,1.7005275785327725,-1.0534486664179414,0.1978825132312498
33.0,11.0,1000.8209838867188,-4.995482297995541,-3.740795888514023,-3.862767492783487,2.4651310617396205,1.9232431193100867,2.24298953830286,-0.332309671373509,1.7005275785327725,-1.0534486664179414,0.1978825132312498
33.0,11.0,1000.8226318359376,-4.260198245556658,-3.9295698337876575,1.8872074974181527,3.18630186161181,2.4728299099749043,2.901906161057597,-0.332309671373509,1.7698340009795157,0.1050669250234616,2.497725805203481
33.0,11.0,1000.8226318359376,-4.260198245556658,-3.9295698337876575,1.8872074974181527,3.18630186161181,2.4728299099749043,2.901906161057597,-0.332309671373509,1.7698340009795157,0.1050669250234616,2.497725805203481
33.0,11.0,1000.9208374023438,-4.265667053371252,-2.4992000395991694,-3.8245918208874334,2.472133698225785,-1.5797013316899045,2.7767669251171863,-0.4783527824570663,0.3528997017234694,-0.8661646969239993,1.0675811796531018
33.0,11.0,1000.9224853515624,-4.262280935441392,-3.9295698337876575,1.6078606271243443,3.12692624805029,2.4728299099749043,2.584128996167547,-0.332309671373509,1.7698340009795157,0.1050669250234616,2.497725805203481
33.0,11.0,1000.9603271484376,-2.5775581298175414,-2.5299679073511365,-3.8207851145608713,3.207997014016095,-0.3544866065901322,2.609363188885771,2.587096168346466,2.0910790394240646,0.6911289058267447,2.58169545261241
33.0,11.0,1000.993408203125,-4.37661278735657,-4.384139103089792,0.0361426733538662,-1.7173295485214577,-0.4119262594140598,0.4321350328504778,3.0946114882529137,1.738384555869645,-1.1260050576911331,1.6838900609447462
33.0,11.0,1001.0590209960938,-4.37661278735657,-3.5387543653995746,0.0361426733538662,-1.7173295485214577,-0.4119262594140598,0.5749031364193853,2.615164154811196,1.738384555869645,-1.1260050576911331,1.6838900609447462
33.0,11.0,1001.0654296875,-4.332221419946693,-4.045963836991028,-3.820386002349194,2.937923737582677,-0.8023074563610864,-0.3463249647831068,1.2544397903056943,0.4247117002418061,-2.577535464159956,2.08250921980054
33.0,11.0,1001.0801391601562,-4.265667053371252,-2.524853889055104,-3.8245918208874334,2.4775684259640887,-1.5797013316899045,2.7767669251171863,-0.4783527824570663,0.3911596051014038,-4.584813236300874,0.10451687605567
33.0,11.0,1001.1115112304688,-4.302051874683103,-2.5372419211701414,-3.820795784465322,2.1867000426532823,-1.5225801189948087,2.7266229630805907,1.2778241093053406,1.8363245380055588,-4.318417412380724,0.2245407680567073
33.0,11.0,1001.124755859375,-4.995482297995541,-3.740795888514023,-3.862767492783487,2.4651310617396205,1.9232431193100867,2.24298953830286,-0.332309671373509,1.7005275785327725,-1.4138803985137642,0.1978825132312498
33.0,11.0,1001.144287109375,-4.265667053371252,-0.1675578269686608,-3.8245918208874334,2.27241051352195,-1.5797013316899045,2.6387139428105293,-0.4783527824570663,0.4073539620478787,-4.581389893993841,0.2278993534659845
33.0,11.0,1001.144287109375,-4.265667053371252,-0.1675578269686608,-3.8245918208874334,2.27241051352195,-1.5797013316899045,2.6387139428105293,-0.4783527824570663,0.4073539620478787,-4.581389893993841,0.2278993534659845
33.0,11.0,1001.144287109375,-4.265667053371252,-0.1675578269686608,-3.8245918208874334,2.27241051352195,-1.5797013316899045,2.6387139428105293,-0.4783527824570663,0.4073539620478787,-4.581389893993841,0.2278993534659845
33.0,11.0,1001.1495971679688,-3.84088649216345,-4.276283170659994,-3.872737217943672,2.465350673126465,1.9232431193100867,2.5971064724859816,-0.332309671373509,0.3859304482151282,-1.4138803985137642,1.160254597083739
33.0,11.0,1001.152587890625,-4.332221419946693,0.0622477587836858,-3.882118135807469,2.2034474029215287,-1.3201994854250838,2.5688251796749806,1.3261610010480798,1.76781432246498,-4.4255915324706905,0.1872681819853869
33.0,11.0,1001.1531982421876,-3.5489736463594967,-4.402603254239198,0.0361426733538662,-1.86908021600046,-0.4125765775967567,0.3609275736254376,3.0946114882529137,1.7524463484681103,-1.1260050576911331,2.580318838652192
33.0,11.0,1001.160400390625,-4.302051874683103,-2.5643961765345784,-3.8207851145608713,2.1721272531366105,-1.52183412891253,2.7266229630805907,1.2778241093053406,1.8652695375747297,-4.318417412380724,0.2245407680567073
33.0,11.0,1001.201904296875,-2.5775581298175414,-2.5643961765345784,-3.8207851145608713,3.194037711147101,-0.4468800710811593,2.7266229630805907,2.587096168346466,1.828638753417292,0.7583535140801061,2.1830298099513565
33.0,11.0,1001.226806640625,-1.5929297145752628,-3.5120020066200324,1.826981504241051,0.8654268591833819,-3.444039466772251,2.5272263862879663,1.2839173707719325,1.7375559641039888,-4.634521645651251,-0.4007602288432391
33.0,11.0,1001.2363891601562,-3.84088649216345,-4.276283170659994,1.7898908350851277,2.8995835660572125,1.9232431193100867,2.594695796464859,-0.332309671373509,0.3859304482151282,-1.4138803985137642,-0.4329547895445074
33.0,11.0,1001.2389526367188,-1.6426729148431418,-4.494816039492282,2.033337976107509,3.190288528541477,2.4725984573668915,-4.54021785494245,2.911435578879912,1.769629826083149,0.1063653627924975,2.229338957362613
33.0,11.0,1001.2401123046876,-3.549187642351036,-4.402603254239198,0.0361426733538662,-1.7313182502010858,0.8599459661498782,0.3609275736254376,3.0946114882529137,1.7524463484681103,-1.2738449272633128,2.580318838652192
33.0,11.0,1001.2439575195312,-4.332221419946693,-0.1753218492559075,-3.868865642990112,2.2034474029215287,-1.5287716234291375,2.5688251796749806,1.3261610010480798,3.381298697529715,-4.348797807197817,1.1881193028478263
33.0,11.0,1001.2494506835938,-4.278469157076473,-4.3018941226352965,1.88948505526726,2.412262972833547,1.9232431193100867,2.598661797882453,-0.332309671373509,1.1714115000839227,-1.4138803985137642,-4.133459352229529
33.0,11.0,1001.2510375976562,-4.995482297995541,-3.740795888514023,-3.862955996139229,2.465221617727148,-1.6061141972623685,2.24298953830286,-0.3455353585769591,1.7005275785327725,-0.849940241708704,0.1978825132312498
33.0,11.0,1001.2586669921876,-4.332221419946693,0.0622477587836858,-3.559117881787382,2.2034474029215287,-1.5277604014056088,2.5688251796749806,1.3261610010480798,3.4175939013059287,-4.348797807197817,1.1881193028478263
33.0,11.0,1001.2659912109376,-2.5600276284643124,-3.339899304369289,0.1753490834140893,-1.9620172337169903,0.8599459661498782,0.3609275736254376,3.0946114882529137,1.7524463484681103,0.7702551628906709,2.5817544739770595
33.0,11.0,1001.281494140625,-4.332221419946693,0.0622477587836858,-3.559117881787382,2.2214400977425064,-1.5277604014056088,2.5688251796749806,1.3261610010480798,3.4175939013059287,-4.302911619128161,0.2778529122191888
33.0,11.0,1001.285400390625,-2.5775581298175414,-2.5643961765345784,-3.8207851145608713,3.2120304059685365,-0.4468800710811593,2.7266229630805907,2.587096168346466,1.828638753417292,0.8020787326241843,2.21090844229086
33.0,11.0,1001.285400390625,-2.5775581298175414,-2.5643961765345784,-3.8207851145608713,3.2120304059685365,-0.4468800710811593,2.7266229630805907,2.587096168346466,1.828638753417292,0.8020787326241843,2.21090844229086
33.0,11.0,1001.2894287109376,-2.5775581298175414,-2.517206707379963,-3.980820669525419,3.2120304059685365,-0.3579744988781869,2.5698458906833053,2.587096168346466,2.1185854213423685,0.7901416664698964,2.5791678094262056
33.0,11.0,1001.2915649414062,-4.332221419946693,0.0622477587836858,-3.559117881787382,2.2034474029215287,-1.5277604014056088,2.5688251796749806,1.3261610010480798,3.4175939013059287,-4.348797807197817,0.2499742798927439
33.0,11.0,1001.2915649414062,-4.332221419946693,0.0622477587836858,-3.559117881787382,2.2034474029215287,-1.5277604014056088,2.5688251796749806,1.3261610010480798,3.4175939013059287,-4.348797807197817,0.2499742798927439
33.0,11.0,1001.2916870117188,-3.542328861220782,-4.309579163989082,0.0361426733538662,-1.8685275054083987,-0.4432187526234699,0.3609275736254376,3.0946114882529137,1.7524463484681103,-1.1260050576911331,2.580318838652192
33.0,11.0,1001.30712890625,-1.6426729148431418,-4.140138315915559,2.033337976107509,3.190288528541477,2.4725984573668915,-4.398618391545751,2.911435578879912,1.769629826083149,0.1063653627924975,2.229338957362613
33.0,11.0,1001.3075561523438,-1.595285157838234,-4.117050866415685,0.0361426733538662,-2.0043990084376286,2.774293262082856,-2.607943135174,3.553637706572313,1.7540190876894488,-1.1260046739339806,2.738196428864807
33.0,11.0,1001.3193359375,-4.278469157076473,-4.3018941226352965,1.88948505526726,2.412262972833547,1.9232431193100867,2.598661797882453,-0.4806453623266842,1.1714115000839227,-1.4138803985137642,-4.203769541084621
33.0,11.0,1001.3321533203124,-2.5775581298175414,-2.5356596414460144,-3.980820669525419,3.2120304059685365,-0.3586248170608837,2.4986384311916083,2.587096168346466,2.132647213940834,0.7901416664698964,2.5803696459054435
33.0,11.0,1001.3406372070312,-1.6426729148431418,-4.140138315915559,2.3944460415724715,3.190288528541477,2.4725984573668915,-4.382597006646146,2.911435578879912,1.769629826083149,0.1063653627924975,2.229338957362613
33.0,11.0,1001.3406372070312,-1.6426729148431418,-4.140138315915559,2.3944460415724715,3.190288528541477,2.4725984573668915,-4.382597006646146,2.911435578879912,1.769629826083149,0.1063653627924975,2.229338957362613
33.0,11.0,1001.3521118164062,-1.595285157838234,-4.309900341293644,0.0361426733538662,-2.0043990084376286,2.774293262082856,-2.607943135174,3.092180982993903,1.7540190876894488,-1.1260046739339806,2.580318838652192
33.0,11.0,1001.3550415039062,-2.6043462404833777,-4.055386394074609,0.0366519476074075,3.185462186619258,0.630922971872607,2.769605163140916,-0.3599414304721819,1.4744974294239896,-1.3499630341204747,-4.470508593630166
33.0,11.0,1001.3643798828124,-1.5929297145752628,-3.5120020066200324,1.826981504241051,0.8599921314487388,-3.444039466772251,2.5272263862879663,1.2839173707719325,1.6992960607260814,-0.9206998558790064,-0.4007602288432391
33.0,11.0,1001.3712768554688,-4.330138730061957,0.0622477587836858,-3.6023400244291124,2.2628230164828027,-1.3201994854250838,2.88660234456503,1.3261610010480798,1.76781432246498,-4.4255915324706905,0.1872681819853869
33.0,11.0,1001.3721313476562,-1.6499340723918898,-4.117050866415685,0.0361426733538662,-2.0043990084376286,2.774293262082856,-2.607943135174,3.4907791805489907,1.7540190876894488,-1.0467832132126005,2.738196428864807
33.0,11.0,1001.4014892578124,-2.5740776982437827,-2.588211775290155,0.0622626483229691,3.185518191563442,-0.6607997758195645,2.425555506980297,2.81114254412016,1.4765222257154558,-1.347679898107067,-0.4087565119272373
33.0,11.0,1001.4014892578124,-3.531513601407821,-4.045963836991028,-3.820386002349194,2.937923737582677,-0.7620548330514472,-0.3463249647831068,1.2544397903056943,0.4247117002418061,-2.562299995648353,2.08250921980054
33.0,12.0,1000.7360229492188,-4.995482297995541,-3.740795888514023,-3.862767492783487,2.4651310617396205,1.9232431193100867,2.241942402040716,-0.332309671373509,1.835056020516145,-1.1646390012648673,0.1978825132312498
33.0,12.0,1000.8209838867188,-4.995482297995541,-3.740795888514023,-3.862767492783487,2.4651310617396205,1.9232431193100867,2.24298953830286,-0.332309671373509,1.7005275785327725,-1.0534486664179414,0.1978825132312498
33.0,12.0,1000.8209838867188,-4.995482297995541,-3.740795888514023,-3.862767492783487,2.4651310617396205,1.9232431193100867,2.24298953830286,-0.332309671373509,1.7005275785327725,-1.0534486664179414,0.1978825132312498
33.0,12.0,1000.8226318359376,-4.260198245556658,-3.9295698337876575,1.8872074974181527,3.18630186161181,2.4728299099749043,2.901906161057597,-0.332309671373509,1.7698340009795157,0.1050669250234616,2.497725805203481
33.0,12.0,1000.8226318359376,-4.260198245556658,-3.9295698337876575,1.8872074974181527,3.18630186161181,2.4728299099749043,2.901906161057597,-0.332309671373509,1.7698340009795157,0.1050669250234616,2.497725805203481
33.0,12.0,1000.9208374023438,-4.265667053371252,-2.4992000395991694,-3.8245918208874334,2.472133698225785,-1.5797013316899045,2.7767669251171863,-0.4783527824570663,0.3528997017234694,-0.8661646969239993,1.0675811796531018
33.0,12.0,1000.9224853515624,-4.262280935441392,-3.9295698337876575,1.6078606271243443,3.12692624805029,2.4728299099749043,2.584128996167547,-0.332309671373509,1.7698340009795157,0.1050669250234616,2.497725805203481
33.0,12.0,1000.9603271484376,-2.5775581298175414,-2.5299679073511365,-3.8207851145608713,3.207997014016095,-0.3544866065901322,2.609363188885771,2.587096168346466,2.0910790394240646,0.6911289058267447,2.58169545261241
33.0,12.0,1000.9913940429688,-4.37661278735657,-4.384139103089792,0.0361426733538662,-1.7196478190140458,-0.4119262594140598,0.4321350328504778,3.0946114882529137,1.738384555869645,-1.1260050576911331,1.6838900609447462
33.0,12.0,1000.993408203125,-4.37661278735657,-4.384139103089792,0.0361426733538662,-1.7173295485214577,-0.4119262594140598,0.4321350328504778,3.0946114882529137,1.738384555869645,-1.1260050576911331,1.6838900609447462
33.0,12.0,1001.0074462890624,-4.265667053371252,-0.1675578269686608,-3.8245918208874334,2.235838868071247,-0.7821304110837881,2.6387139428105293,-0.4783527824570663,0.9894493642654668,-2.4902278544143286,0.2278993534659845
33.0,12.0,1001.0501098632812,-4.368154410670079,-2.5643961765345784,-3.8207851145608713,2.1721272531366105,-1.4825561176158608,2.7266229630805907,1.285983674794936,1.8652695375747297,-4.318417412380724,0.4137349874898837
33.0,12.0,1001.0590209960938,-4.37661278735657,-3.5387543653995746,0.0361426733538662,-1.7173295485214577,-0.4119262594140598,0.5749031364193853,2.615164154811196,1.738384555869645,-1.1260050576911331,1.6838900609447462
33.0,12.0,1001.0590209960938,-4.37661278735657,-3.5387543653995746,0.0361426733538662,-1.7173295485214577,-0.4119262594140598,0.5749031364193853,2.615164154811196,1.738384555869645,-1.1260050576911331,1.6838900609447462
33.0,12.0,1001.059326171875,-4.223568149643138,-3.736155805209437,1.88948505526726,2.412932884009117,1.9232431193100867,2.239635438682488,-0.4809944876751248,1.6978752420792582,-1.4138803985137642,0.1792687743615086
33.0,12.0,1001.0654296875,-4.332221419946693,-4.045963836991028,-3.820386002349194,2.937923737582677,-0.8023074563610864,-0.3463249647831068,1.2544397903056943,0.4247117002418061,-2.577535464159956,2.08250921980054
33.0,12.0,1001.0801391601562,-4.265667053371252,-2.524853889055104,-3.8245918208874334,2.4775684259640887,-1.5797013316899045,2.7767669251171863,-0.4783527824570663,0.3911596051014038,-4.584813236300874,0.10451687605567
33.0,12.0,1001.0843505859376,-3.84088649216345,-4.276283170659994,-3.872737217943672,2.4548474202849464,1.9232431193100867,2.729737413563887,-0.332309671373509,0.3859304482151282,-1.3672001145326491,1.179091454541875
33.0,12.0,1001.1115112304688,-4.302051874683103,-2.5372419211701414,-3.820795784465322,2.1867000426532823,-1.5225801189948087,2.7266229630805907,1.2778241093053406,1.8363245380055588,-4.318417412380724,0.2245407680567073
33.0,12.0,1001.1143188476562,-4.274509603865623,-3.740795888514023,-3.863414291623513,2.46958249915638,1.9232431193100867,2.24298953830286,-0.3335722438378692,1.7005275785327725,-1.1069917126075794,0.2269495824300615
33.0,12.0,1001.1176147460938,-4.335899673256238,-2.5046527916548924,-3.8245918208874334,2.4775684259640887,-0.8517500622962849,2.7767669251171863,-0.5154561608732364,0.3907997055652,-4.55262306210407,0.0991883996917925
33.0,12.0,1001.124755859375,-4.995482297995541,-3.740795888514023,-3.862767492783487,2.4651310617396205,1.9232431193100867,2.24298953830286,-0.332309671373509,1.7005275785327725,-1.4138803985137642,0.1978825132312498
33.0,12.0,1001.1439819335938,-4.302051874683103,-2.5643961765345784,-3.8207851145608713,2.182630505978129,-1.52183412891253,2.593992022002685,0.8261645680257586,1.8652695375747297,-4.364867924302499,0.2057039105985715
33.0,12.0,1001.144287109375,-4.265667053371252,-0.1675578269686608,-3.8245918208874334,2.27241051352195,-1.5797013316899045,2.6387139428105293,-0.4783527824570663,0.4073539620478787,-4.581389893993841,0.2278993534659845
33.0,12.0,1001.144287109375,-4.265667053371252,-0.1675578269686608,-3.8245918208874334,2.27241051352195,-1.5797013316899045,2.6387139428105293,-0.4783527824570663,0.4073539620478787,-4.581389893993841,0.2278993534659845
33.0,12.0,1001.144287109375,-4.265667053371252,-0.1675578269686608,-3.8245918208874334,2.27241051352195,-1.5797013316899045,2.6387139428105293,-0.4783527824570663,0.4073539620478787,-4.581389893993841,0.2278993534659845
33.0,12.0,1001.1495971679688,-3.84088649216345,-4.276283170659994,-3.872737217943672,2.465350673126465,1.9232431193100867,2.5971064724859816,-0.332309671373509,0.3859304482151282,-1.4138803985137642,1.160254597083739
33.0,12.0,1001.152587890625,-4.332221419946693,0.0622477587836858,-3.882118135807469,2.2034474029215287,-1.3201994854250838,2.5688251796749806,1.3261610010480798,1.76781432246498,-4.4255915324706905,0.1872681819853869
33.0,12.0,1001.1531982421876,-3.5489736463594967,-4.402603254239198,0.0361426733538662,-1.86908021600046,-0.4125765775967567,0.3609275736254376,3.0946114882529137,1.7524463484681103,-1.1260050576911331,2.580318838652192
33.0,12.0,1001.156005859375,-4.265667053371252,-2.5518849051244605,0.0896188770427579,2.4698499836769545,0.8794157163080376,2.679460211639319,-0.4783527824570663,1.7492727800173764,-0.8661646969239993,1.0675811796531018
33.0,12.0,1001.160400390625,-4.302051874683103,-2.5643961765345784,-3.8207851145608713,2.1721272531366105,-1.52183412891253,2.7266229630805907,1.2778241093053406,1.8652695375747297,-4.318417412380724,0.2245407680567073
33.0,12.0,1001.18603515625,-4.260198245556658,-3.9295698337876575,1.8872074974181527,3.18630186161181,2.4728299099749043,3.739351278721945,-0.332309671373509,1.7698340009795157,0.1050669250234616,2.497725805203481
33.0,12.0,1001.201904296875,-2.5775581298175414,-2.5643961765345784,-3.8207851145608713,3.194037711147101,-0.4468800710811593,2.7266229630805907,2.587096168346466,1.828638753417292,0.7583535140801061,2.1830298099513565
33.0,12.0,1001.226806640625,-1.5929297145752628,-3.5120020066200324,1.826981504241051,0.8654268591833819,-3.444039466772251,2.5272263862879663,1.2839173707719325,1.7375559641039888,-4.634521645651251,-0.4007602288432391
33.0,12.0,1001.2363891601562,-3.84088649216345,-4.276283170659994,1.7898908350851277,2.8995835660572125,1.9232431193100867,2.594695796464859,-0.332309671373509,0.3859304482151282,-1.4138803985137642,-0.4329547895445074
33.0,12.0,1001.2389526367188,-1.6426729148431418,-4.494816039492282,2.033337976107509,3.190288528541477,2.4725984573668915,-4.54021785494245,2.911435578879912,1.769629826083149,0.1063653627924975,2.229338957362613
33.0,12.0,1001.2401123046876,-3.549187642351036,-4.402603254239198,0.0361426733538662,-1.7313182502010858,0.8599459661498782,0.3609275736254376,3.0946114882529137,1.7524463484681103,-1.2738449272633128,2.580318838652192
33.0,12.0,1001.2439575195312,-4.332221419946693,-0.1753218492559075,-3.868865642990112,2.2034474029215287,-1.5287716234291375,2.5688251796749806,1.3261610010480798,3.381298697529715,-4.348797807197817,1.1881193028478263
33.0,12.0,1001.2494506835938,-4.278469157076473,-4.3018941226352965,1.88948505526726,2.412262972833547,1.9232431193100867,2.598661797882453,-0.332309671373509,1.1714115000839227,-1.4138803985137642,-4.133459352229529
33.0,12.0,1001.2510375976562,-4.995482297995541,-3.740795888514023,-3.862955996139229,2.465221617727148,-1.6061141972623685,2.24298953830286,-0.3455353585769591,1.7005275785327725,-0.849940241708704,0.1978825132312498
33.0,12.0,1001.2586669921876,-4.332221419946693,0.0622477587836858,-3.559117881787382,2.2034474029215287,-1.5277604014056088,2.5688251796749806,1.3261610010480798,3.4175939013059287,-4.348797807197817,1.1881193028478263
33.0,12.0,1001.2659912109376,-2.5600276284643124,-3.339899304369289,0.1753490834140893,-1.9620172337169903,0.8599459661498782,0.3609275736254376,3.0946114882529137,1.7524463484681103,0.7702551628906709,2.5817544739770595
33.0,12.0,1001.281494140625,-4.332221419946693,0.0622477587836858,-3.559117881787382,2.2214400977425064,-1.5277604014056088,2.5688251796749806,1.3261610010480798,3.4175939013059287,-4.302911619128161,0.2778529122191888
33.0,12.0,1001.2830810546876,-4.342441410530037,0.1189555184713953,-3.872609744827094,2.465350673126465,-1.2687617641671007,2.5971064724859816,-0.332309671373509,-1.02806308424641,-4.46581746532797,0.2307800076635803
33.0,12.0,1001.2850341796876,-4.265667053371252,-0.1675578269686608,-4.00385631552831,2.27241051352195,-1.5797013316899045,2.6324197399599982,-0.346139152258117,2.110902488158093,-4.581389893993841,0.1953823798836389
33.0,12.0,1001.285400390625,-2.5775581298175414,-2.5643961765345784,-3.8207851145608713,3.2120304059685365,-0.4468800710811593,2.7266229630805907,2.587096168346466,1.828638753417292,0.8020787326241843,2.21090844229086
33.0,12.0,1001.285400390625,-2.5775581298175414,-2.5643961765345784,-3.8207851145608713,3.2120304059685365,-0.4468800710811593,2.7266229630805907,2.587096168346466,1.828638753417292,0.8020787326241843,2.21090844229086
33.0,12.0,1001.2894287109376,-2.5775581298175414,-2.517206707379963,-3.980820669525419,3.2120304059685365,-0.3579744988781869,2.5698458906833053,2.587096168346466,2.1185854213423685,0.7901416664698964,2.5791678094262056
33.0,12.0,1001.2915649414062,-4.332221419946693,0.0622477587836858,-3.559117881787382,2.2034474029215287,-1.5277604014056088,2.5688251796749806,1.3261610010480798,3.4175939013059287,-4.348797807197817,0.2499742798927439
33.0,12.0,1001.2915649414062,-4.332221419946693,0.0622477587836858,-3.559117881787382,2.2034474029215287,-1.5277604014056088,2.5688251796749806,1.3261610010480798,3.4175939013059287,-4.348797807197817,0.2499742798927439
33.0,13.0,1000.7360229492188,-4.995482297995541,-3.740795888514023,-3.862767492783487,2.4651310617396205,1.9232431193100867,2.241942402040716,-0.332309671373509,1.835056020516145,-1.1646390012648673,0.1978825132312498
33.0,13.0,1000.8187255859376,-4.262280935441392,-3.9295698337876575,1.6078606271243443,3.12692624805029,2.4728299099749043,2.755454727600119,0.019051486086445,1.7698340009795157,0.1050669250234616,2.497725805203481
33.0,13.0,1000.8209838867188,-4.995482297995541,-3.740795888514023,-3.862767492783487,2.4651310617396205,1.9232431193100867,2.24298953830286,-0.332309671373509,1.7005275785327725,-1.0534486664179414,0.1978825132312498
33.0,13.0,1000.8209838867188,-4.995482297995541,-3.740795888514023,-3.862767492783487,2.4651310617396205,1.9232431193100867,2.24298953830286,-0.332309671373509,1.7005275785327725,-1.0534486664179414,0.1978825132312498
33.0,13.0,1000.8209838867188,-4.995482297995541,-3.740795888514023,-3.862767492783487,2.4651310617396205,1.9232431193100867,2.24298953830286,-0.332309671373509,1.7005275785327725,-1.0534486664179414,0.1978825132312498
33.0,13.0,1000.8209838867188,-4.995482297995541,-3.740795888514023,-3.862767492783487,2.4651310617396205,1.9232431193100867,2.24298953830286,-0.332309671373509,1.7005275785327725,-1.0534486664179414,0.1978825132312498
33.0,13.0,1000.8226318359376,-4.260198245556658,-3.9295698337876575,1.8872074974181527,3.18630186161181,2.4728299099749043,2.901906161057597,-0.332309671373509,1.7698340009795157,0.1050669250234616,2.497725805203481
33.0,13.0,1000.8226318359376,-4.260198245556658,-3.9295698337876575,1.8872074974181527,3.18630186161181,2.4728299099749043,2.901906161057597,-0.332309671373509,1.7698340009795157,0.1050669250234616,2.497725805203481
33.0,13.0,1000.8226318359376,-4.260198245556658,-3.9295698337876575,1.8872074974181527,3.18630186161181,2.4728299099749043,2.901906161057597,-0.332309671373509,1.7698340009795157,0.1050669250234616,2.497725805203481
33.0,13.0,1000.8406982421876,-4.533069393991087,-3.740795888514023,1.7588576227516004,3.162368862974086,2.4817887011631754,2.9048344799187245,-0.3335722438378692,1.7005275785327725,0.0620792259588851,2.53085173626768
33.0,13.0,1000.8554077148438,-4.93457043472972,-3.717911742228431,-3.876471906589992,2.197076983979921,1.8916851228330345,2.20874167307822,-0.332309671373509,1.835056020516145,-1.1646390012648673,0.1978825132312498
33.0,13.0,1000.89599609375,-4.358597613460789,-3.9295698337876575,1.6078606271243443,3.12692624805029,2.640969834530728,2.642954002715316,-0.3308302268335401,1.7698340009795157,0.1050669250234616,2.514682964527535
33.0,13.0,1000.9027709960938,-4.265667053371252,-2.4992000395991694,-3.8245918208874334,2.472133698225785,-1.5797013316899045,2.7767669251171863,-0.4783527824570663,0.3381812074006362,-2.482533760127562,0.9338122926242218
33.0,13.0,1000.904296875,-4.378127617205955,-4.370119515518357,0.0361426733538662,-1.7173295485214577,-0.4119262594140598,0.4102192354556027,-0.5384168925571549,1.738384555869645,-1.123555241143807,1.6838900609447462
33.0,13.0,1000.9208374023438,-4.265667053371252,-2.4992000395991694,-3.8245918208874334,2.472133698225785,-1.5797013316899045,2.7767669251171863,-0.4783527824570663,0.3528997017234694,-0.8661646969239993,1.0675811796531018
33.0,13.0,1000.9224853515624,-4.262280935441392,-3.9295698337876575,1.6078606271243443,3.12692624805029,2.4728299099749043,2.584128996167547,-0.332309671373509,1.7698340009795157,0.1050669250234616,2.497725805203481
33.0,13.0,1000.9603271484376,-2.5775581298175414,-2.5299679073511365,-3.8207851145608713,3.207997014016095,-0.3544866065901322,2.609363188885771,2.587096168346466,2.0910790394240646,0.6911289058267447,2.58169545261241
33.0,13.0,1000.9913940429688,-4.37661278735657,-4.384139103089792,0.0361426733538662,-1.7196478190140458,-0.4119262594140598,0.4321350328504778,3.0946114882529137,1.738384555869645,-1.1260050576911331,1.6838900609447462
33.0,13.0,1000.993408203125,-4.37661278735657,-4.384139103089792,0.0361426733538662,-1.7173295485214577,-0.4119262594140598,0.4321350328504778,3.0946114882529137,1.738384555869645,-1.1260050576911331,1.6838900609447462
33.0,13.0,1001.0074462890624,-4.265667053371252,-0.1675578269686608,-3.8245918208874334,2.235838868071247,-0.7821304110837881,2.6387139428105293,-0.4783527824570663,0.9894493642654668,-2.4902278544143286,0.2278993534659845
33.0,13.0,1001.0223388671876,-4.970956950292737,-4.169917681176225,-3.862767492783487,2.229872458812275,-0.7711815826252828,2.24298953830286,-0.4702628225488911,0.9818681798931322,-2.494904649648712,0.1977027095115019
33.0,13.0,1001.0430297851562,-3.969054189794323,-2.514120905486892,-3.864000545836368,2.4775684259640887,-1.046345288128553,2.25989318845197,-0.5150889258414646,1.8349450532961595,-4.55262306210407,0.1954926157030125
33.0,13.0,1001.0501098632812,-4.368154410670079,-2.5643961765345784,-3.8207851145608713,2.1721272531366105,-1.4825561176158608,2.7266229630805907,1.285983674794936,1.8652695375747297,-4.318417412380724,0.4137349874898837
33.0,13.0,1001.0590209960938,-4.37661278735657,-3.5387543653995746,0.0361426733538662,-1.7173295485214577,-0.4119262594140598,0.5749031364193853,2.615164154811196,1.738384555869645,-1.1260050576911331,1.6838900609447462
33.0,13.0,1001.0590209960938,-4.37661278735657,-3.5387543653995746,0.0361426733538662,-1.7173295485214577,-0.4119262594140598,0.5749031364193853,2.615164154811196,1.738384555869645,-1.1260050576911331,1.6838900609447462
33.0,13.0,1001.059326171875,-4.223568149643138,-3.736155805209437,1.88948505526726,2.412932884009117,1.9232431193100867,2.239635438682488,-0.4809944876751248,1.6978752420792582,-1.4138803985137642,0.1792687743615086
33.0,13.0,1001.0626831054688,-4.337879468547214,-4.1546615652188965,-3.6287751342383983,2.2049986992609423,1.9232431193100867,2.239635438682488,-0.4809944876751248,3.47866047581396,-1.4138803985137642,0.1792687743615086
33.0,13.0,1001.0654296875,-4.332221419946693,-4.045963836991028,-3.820386002349194,2.937923737582677,-0.8023074563610864,-0.3463249647831068,1.2544397903056943,0.4247117002418061,-2.577535464159956,2.08250921980054
33.0,13.0,1001.0801391601562,-4.265667053371252,-2.524853889055104,-3.8245918208874334,2.4775684259640887,-1.5797013316899045,2.7767669251171863,-0.4783527824570663,0.3911596051014038,-4.584813236300874,0.10451687605567
33.0,13.0,1001.0843505859376,-3.84088649216345,-4.276283170659994,-3.872737217943672,2.4548474202849464,1.9232431193100867,2.729737413563887,-0.332309671373509,0.3859304482151282,-1.3672001145326491,1.179091454541875
33.0,13.0,1001.1097412109376,-4.334394002423435,-3.4495724124849705,0.0361426733538662,-1.7173295485214577,-0.4468570632225409,0.6006112880156425,2.585513232715742,0.8354058873396304,-1.1260050576911331,1.6761499294555486
33.0,13.0,1001.1115112304688,-4.302051874683103,-2.5372419211701414,-3.820795784465322,2.1867000426532823,-1.5225801189948087,2.7266229630805907,1.2778241093053406,1.8363245380055588,-4.318417412380724,0.2245407680567073
33.0,13.0,1001.1124877929688,-4.37661278735657,-3.5387543653995746,0.0361426733538662,-1.7173295485214577,-0.4139272328791061,0.5236379243599218,2.615164154811196,3.4072094705480973,-1.1260050576911331,0.2665913408321448
33.0,13.0,1001.1143188476562,-4.274509603865623,-3.740795888514023,-3.863414291623513,2.46958249915638,1.9232431193100867,2.24298953830286,-0.3335722438378692,1.7005275785327725,-1.1069917126075794,0.2269495824300615
33.0,13.0,1001.1176147460938,-4.335899673256238,-2.5046527916548924,-3.8245918208874334,2.4775684259640887,-0.8517500622962849,2.7767669251171863,-0.5154561608732364,0.3907997055652,-4.55262306210407,0.0991883996917925
33.0,13.0,1001.124755859375,-4.995482297995541,-3.740795888514023,-3.862767492783487,2.4651310617396205,1.9232431193100867,2.24298953830286,-0.332309671373509,1.7005275785327725,-1.4138803985137642,0.1978825132312498
33.0,13.0,1001.1439819335938,-4.302051874683103,-2.5643961765345784,-3.8207851145608713,2.182630505978129,-1.52183412891253,2.593992022002685,0.8261645680257586,1.8652695375747297,-4.364867924302499,0.2057039105985715
33.0,13.0,1001.1439819335938,-4.302051874683103,-2.5643961765345784,-3.8207851145608713,2.182630505978129,-1.52183412891253,2.593992022002685,0.8261645680257586,1.8652695375747297,-4.364867924302499,0.2057039105985715
33.0,13.0,1001.144287109375,-4.265667053371252,-0.1675578269686608,-3.8245918208874334,2.27241051352195,-1.5797013316899045,2.6387139428105293,-0.4783527824570663,0.4073539620478787,-4.581389893993841,0.2278993534659845
33.0,13.0,1001.144287109375,-4.265667053371252,-0.1675578269686608,-3.8245918208874334,2.27241051352195,-1.5797013316899045,2.6387139428105293,-0.4783527824570663,0.4073539620478787,-4.581389893993841,0.2278993534659845
33.0,13.0,1001.144287109375,-4.265667053371252,-0.1675578269686608,-3.8245918208874334,2.27241051352195,-1.5797013316899045,2.6387139428105293,-0.4783527824570663,0.4073539620478787,-4.581389893993841,0.2278993534659845
33.0,13.0,1001.1495971679688,-3.84088649216345,-4.276283170659994,-3.872737217943672,2.465350673126465,1.9232431193100867,2.5971064724859816,-0.332309671373509,0.3859304482151282,-1.4138803985137642,1.160254597083739
33.0,13.0,1001.152587890625,-4.332221419946693,0.0622477587836858,-3.882118135807469,2.2034474029215287,-1.3201994854250838,2.5688251796749806,1.3261610010480798,1.76781432246498,-4.4255915324706905,0.1872681819853869
33.0,13.0,1001.1531982421876,-3.5489736463594967,-4.402603254239198,0.0361426733538662,-1.86908021600046,-0.4125765775967567,0.3609275736254376,3.0946114882529137,1.7524463484681103,-1.1260050576911331,2.580318838652192
33.0,13.0,1001.1539306640624,-4.3029078388287605,-2.564450259170904,-3.876791971256946,2.182630505978129,-1.4225086350339904,2.593992022002685,-0.4647848869878112,1.7469641053791545,-4.2997445388717015,0.19581572095292
33.0,13.0,1001.156005859375,-4.265667053371252,-2.5518849051244605,0.0896188770427579,2.4698499836769545,0.8794157163080376,2.679460211639319,-0.4783527824570663,1.7492727800173764,-0.8661646969239993,1.0675811796531018
33.0,13.0,1001.160400390625,-4.302051874683103,-2.5643961765345784,-3.8207851145608713,2.1721272531366105,-1.52183412891253,2.7266229630805907,1.2778241093053406,1.8652695375747297,-4.318417412380724,0.2245407680567073
33.0,13.0,1001.18603515625,-4.260198245556658,-3.9295698337876575,1.8872074974181527,3.18630186161181,2.4728299099749043,3.739351278721945,-0.332309671373509,1.7698340009795157,0.1050669250234616,2.497725805203481
33.0,13.0,1001.1981811523438,-4.264811089225594,-2.551830822488136,0.1456965337691143,2.4698499836769545,0.7800902224401111,2.679460211639319,0.8125966725565031,1.867578212212952,-0.9309167278937072,1.0774693692987531
33.0,13.0,1001.1984252929688,-4.995482297995541,-3.731327774319483,-3.8233587678345535,2.4651310617396205,2.1178383395798472,2.759863274968076,-0.3326769064052808,0.2563822308015085,-1.4138803985137642,0.1015782972200297
33.0,14.0,1000.7360229492188,-4.995482297995541,-3.740795888514023,-3.862767492783487,2.4651310617396205,1.9232431193100867,2.241942402040716,-0.332309671373509,1.835056020516145,-1.1646390012648673,0.1978825132312498
33.0,14.0,1000.7360229492188,-4.995482297995541,-3.740795888514023,-3.862767492783487,2.4651310617396205,1.9232431193100867,2.241942402040716,-0.332309671373509,1.835056020516145,-1.1646390012648673,0.1978825132312498
33.0,14.0,1000.7503051757812,-4.995966668983133,-4.19664621476446,-3.585486249327719,2.4651310617396205,1.913056232540704,2.24298953830286,-0.3330275896949864,0.9564313482724528,-2.5003708508810774,0.1978825132312498
33.0,14.0,1000.77685546875,-4.9897454406114825,-4.676897400596013,-0.0086819304707776,2.474086510903833,1.9232431193100867,2.262707590605984,-0.332309671373509,1.7373385259994518,-1.0534486664179414,0.1978825132312498
33.0,14.0,1000.8156127929688,-4.213139586753838,-3.966261214912513,1.6639193106531764,3.12692624805029,2.4728299099749043,2.584084556988933,-0.332309671373509,1.7698340009795157,0.1050669250234616,2.581170349975236
33.0,14.0,1000.8187255859376,-4.262280935441392,-3.9295698337876575,1.6078606271243443,3.12692624805029,2.4728299099749043,2.755454727600119,0.019051486086445,1.7698340009795157,0.1050669250234616,2.497725805203481
33.0,14.0,1000.8209838867188,-4.995482297995541,-3.740795888514023,-3.862767492783487,2.4651310617396205,1.9232431193100867,2.24298953830286,-0.332309671373509,1.7005275785327725,-1.0534486664179414,0.1978825132312498
33.0,14.0,1000.8209838867188,-4.995482297995541,-3.740795888514023,-3.862767492783487,2.4651310617396205,1.9232431193100867,2.24298953830286,-0.332309671373509,1.7005275785327725,-1.0534486664179414,0.1978825132312498
33.0,14.0,1000.8209838867188,-4.995482297995541,-3.740795888514023,-3.862767492783487,2.4651310617396205,1.9232431193100867,2.24298953830286,-0.332309671373509,1.7005275785327725,-1.0534486664179414,0.1978825132312498
33.0,14.0,1000.8209838867188,-4.995482297995541,-3.740795888514023,-3.862767492783487,2.4651310617396205,1.9232431193100867,2.24298953830286,-0.332309671373509,1.7005275785327725,-1.0534486664179414,0.1978825132312498
33.0,14.0,1000.8226318359376,-4.260198245556658,-3.9295698337876575,1.8872074974181527,3.18630186161181,2.4728299099749043,2.901906161057597,-0.332309671373509,1.7698340009795157,0.1050669250234616,2.497725805203481
33.0,14.0,1000.8226318359376,-4.260198245556658,-3.9295698337876575,1.8872074974181527,3.18630186161181,2.4728299099749043,2.901906161057597,-0.332309671373509,1.7698340009795157,0.1050669250234616,2.497725805203481
33.0,14.0,1000.8226318359376,-4.260198245556658,-3.9295698337876575,1.8872074974181527,3.18630186161181,2.4728299099749043,2.901906161057597,-0.332309671373509,1.7698340009795157,0.1050669250234616,2.497725805203481
33.0,14.0,1000.8226318359376,-4.260198245556658,-3.9295698337876575,1.8872074974181527,3.18630186161181,2.4728299099749043,2.901906161057597,-0.332309671373509,1.7698340009795157,0.1050669250234616,2.497725805203481
33.0,14.0,1000.83447265625,-4.2640301550442015,-3.9280473042356094,1.7588576227516004,3.162368862974086,2.4817887011631754,2.9049260627804085,-0.3335722438378692,1.7005275785327725,0.0620792259588851,2.499091723944449
33.0,14.0,1000.8406982421876,-4.533069393991087,-3.740795888514023,1.7588576227516004,3.162368862974086,2.4817887011631754,2.9048344799187245,-0.3335722438378692,1.7005275785327725,0.0620792259588851,2.53085173626768
33.0,14.0,1000.8554077148438,-4.93457043472972,-3.717911742228431,-3.876471906589992,2.197076983979921,1.8916851228330345,2.20874167307822,-0.332309671373509,1.835056020516145,-1.1646390012648673,0.1978825132312498
33.0,14.0,1000.89599609375,-4.358597613460789,-3.9295698337876575,1.6078606271243443,3.12692624805029,2.640969834530728,2.642954002715316,-0.3308302268335401,1.7698340009795157,0.1050669250234616,2.514682964527535
33.0,14.0,1000.9027709960938,-4.265667053371252,-2.4992000395991694,-3.8245918208874334,2.472133698225785,-1.5797013316899045,2.7767669251171863,-0.4783527824570663,0.3381812074006362,-2.482533760127562,0.9338122926242218
33.0,14.0,1000.904296875,-4.378127617205955,-4.370119515518357,0.0361426733538662,-1.7173295485214577,-0.4119262594140598,0.4102192354556027,-0.5384168925571549,1.738384555869645,-1.123555241143807,1.6838900609447462
33.0,14.0,1000.9208374023438,-4.265667053371252,-2.4992000395991694,-3.8245918208874334,2.472133698225785,-1.5797013316899045,2.7767669251171863,-0.4783527824570663,0.3528997017234694,-0.8661646969239993,1.0675811796531018
33.0,14.0,1000.9224853515624,-4.262280935441392,-3.9295698337876575,1.6078606271243443,3.12692624805029,2.4728299099749043,2.584128996167547,-0.332309671373509,1.7698340009795157,0.1050669250234616,2.497725805203481
33.0,14.0,1000.9241333007812,-4.264811089225594,-2.554538020913776,0.1456965337691143,2.469985038463045,-1.77921063331612,2.679460211639319,-0.5158805403370745,0.3472600856129163,-0.9309167278937072,0.9342532793819552
33.0,14.0,1000.9407958984376,-4.265667053371252,-3.758549463613013,-3.8245918208874334,2.472133698225785,-1.5797013316899045,2.7767669251171863,-0.477873168567542,0.3715435378658166,-0.8661646969239993,-0.2100120009719766
33.0,14.0,1000.9486694335938,-4.37661278735657,-4.384139103089792,0.0361426733538662,-1.4954945019413055,-0.5269274832933837,0.4321350328504778,3.0946114882529137,1.738384555869645,-1.1260050576911331,1.689657233536892
33.0,14.0,1000.9525146484376,-4.970465360771793,-3.835956347635437,-3.862767492783487,2.116218987741247,-0.7609946960788119,2.24298953830286,-0.4695449042274137,1.725964410153452,-1.0479824651844756,0.1977027095115019
33.0,14.0,1000.9592895507812,-4.995482297995541,-3.740795888514023,-3.862767492783487,2.4457219372961725,1.9263737050693897,2.2760554832488475,-0.332309671373509,1.7014769315718317,-1.0534486664179414,-0.242128889710665
33.0,14.0,1000.9603271484376,-2.5775581298175414,-2.5299679073511365,-3.8207851145608713,3.207997014016095,-0.3544866065901322,2.609363188885771,2.587096168346466,2.0910790394240646,0.6911289058267447,2.58169545261241
33.0,14.0,1000.96484375,-4.774531240141766,-3.717911742228431,-3.8298489182455047,2.197076983979921,1.8916851228330345,2.20874167307822,-0.332309671373509,1.835056020516145,-1.1646390012648673,0.227286308996434
33.0,14.0,1000.9664916992188,-4.364043129999307,-4.276283170659994,-3.872737217943672,2.203085001300891,1.9232431193100867,2.7225164054976867,-0.4757305516639682,0.3859304482151282,-1.5475365592301156,1.094654184023647
33.0,14.0,1000.9725341796876,-4.52923748450335,-3.742318418066071,1.8872074974181527,3.18630186161181,2.4728299099749043,2.901814578195913,-0.332309671373509,1.3345293117767465,0.1050669250234616,2.5294858175267128
33.0,14.0,1000.9765014648438,-4.260198245556658,-3.9295698337876575,1.8872074974181527,3.205710986055244,2.469699324215601,2.868840216111608,-0.6174491962669464,1.7688846479404563,0.1050669250234616,2.243586786473084
33.0,14.0,1000.9791259765624,-2.5775581298175414,-2.5299679073511365,-3.8207851145608713,2.986150943418275,-0.3536521704757793,2.609363188885771,2.587096168346466,2.0910790394240646,0.6911289058267447,2.5759282800202628
33.0,14.0,1000.9913940429688,-4.37661278735657,-4.384139103089792,0.0361426733538662,-1.7196478190140458,-0.4119262594140598,0.4321350328504778,3.0946114882529137,1.738384555869645,-1.1260050576911331,1.6838900609447462
33.0,14.0,1000.993408203125,-4.37661278735657,-4.384139103089792,0.0361426733538662,-1.7173295485214577,-0.4119262594140598,0.4321350328504778,3.0946114882529137,1.738384555869645,-1.1260050576911331,1.6838900609447462
33.0,14.0,1001.0074462890624,-4.265667053371252,-0.1675578269686608,-3.8245918208874334,2.235838868071247,-0.7821304110837881,2.6387139428105293,-0.4783527824570663,0.9894493642654668,-2.4902278544143286,0.2278993534659845
33.0,14.0,1001.0223388671876,-4.970956950292737,-4.169917681176225,-3.862767492783487,2.229872458812275,-0.7711815826252828,2.24298953830286,-0.4702628225488911,0.9818681798931322,-2.494904649648712,0.1977027095115019
33.0,14.0,1001.0430297851562,-3.969054189794323,-2.514120905486892,-3.864000545836368,2.4775684259640887,-1.046345288128553,2.25989318845197,-0.5150889258414646,1.8349450532961595,-4.55262306210407,0.1954926157030125
33.0,14.0,1001.0501098632812,-4.368154410670079,-2.5643961765345784,-3.8207851145608713,2.1721272531366105,-1.4825561176158608,2.7266229630805907,1.285983674794936,1.8652695375747297,-4.318417412380724,0.4137349874898837
33.0,14.0,1001.0590209960938,-4.37661278735657,-3.5387543653995746,0.0361426733538662,-1.7173295485214577,-0.4119262594140598,0.5749031364193853,2.615164154811196,1.738384555869645,-1.1260050576911331,1.6838900609447462
33.0,14.0,1001.0590209960938,-4.37661278735657,-3.5387543653995746,0.0361426733538662,-1.7173295485214577,-0.4119262594140598,0.5749031364193853,2.615164154811196,1.738384555869645,-1.1260050576911331,1.6838900609447462
33.0,14.0,1001.059326171875,-4.223568149643138,-3.736155805209437,1.88948505526726,2.412932884009117,1.9232431193100867,2.239635438682488,-0.4809944876751248,1.6978752420792582,-1.4138803985137642,0.1792687743615086
33.0,14.0,1001.0626831054688,-4.337879468547214,-4.1546615652188965,-3.6287751342383983,2.2049986992609423,1.9232431193100867,2.239635438682488,-0.4809944876751248,3.47866047581396,-1.4138803985137642,0.1792687743615086
33.0,14.0,1001.0654296875,-4.332221419946693,-4.045963836991028,-3.820386002349194,2.937923737582677,-0.8023074563610864,-0.3463249647831068,1.2544397903056943,0.4247117002418061,-2.577535464159956,2.08250921980054
33.0,14.0,1001.0661010742188,-4.223568149643138,-3.890374664375304,1.88948505526726,2.181573952215883,1.9232431193100867,2.239281945371215,-0.4657918706285686,1.6978752420792582,-1.4138803985137642,0.1733139235504125
33.0,14.0,1001.0799560546876,-4.261371739329223,-3.740795888514023,-3.8634245307192585,2.4651310617396205,1.9232431193100867,2.24298953830286,-0.332309671373509,1.7005275785327725,-1.0513923686418982,0.1971331481967055
33.0,14.0,1001.0801391601562,-4.265667053371252,-2.524853889055104,-3.8245918208874334,2.4775684259640887,-1.5797013316899045,2.7767669251171863,-0.4783527824570663,0.3911596051014038,-4.584813236300874,0.10451687605567
33.0,14.0,1001.0843505859376,-3.84088649216345,-4.276283170659994,-3.872737217943672,2.4548474202849464,1.9232431193100867,2.729737413563887,-0.332309671373509,0.3859304482151282,-1.3672001145326491,1.179091454541875
33.0,14.0,1001.0936279296876,-4.991987944316968,-4.158758990140965,-3.864224581244891,2.208351598439476,1.9232431193100867,2.7580748733347464,-0.332309671373509,1.7005275785327725,-1.8614817201550853,0.3834612759532512
33.0,14.0,1001.1097412109376,-4.334394002423435,-3.4495724124849705,0.0361426733538662,-1.7173295485214577,-0.4468570632225409,0.6006112880156425,2.585513232715742,0.8354058873396304,-1.1260050576911331,1.6761499294555486
33.0,15.0,1000.721923828125,-4.260198245556658,-3.930392414613447,1.957817243685239,3.1334306067218325,2.4728299099749043,2.9372984099926045,-0.332309671373509,1.7698340009795157,0.2624860336666558,2.5104853167095733
33.0,15.0,1000.7276000976562,-4.262328937871372,-3.9295698337876575,1.6076935863826776,3.18630186161181,2.4728299099749043,2.891204409994811,-0.332309671373509,1.7698340009795157,0.1050669250234616,2.497725805203481
33.0,15.0,1000.7360229492188,-4.995482297995541,-3.740795888514023,-3.862767492783487,2.4651310617396205,1.9232431193100867,2.241942402040716,-0.332309671373509,1.835056020516145,-1.1646390012648673,0.1978825132312498
33.0,15.0,1000.7360229492188,-4.995482297995541,-3.740795888514023,-3.862767492783487,2.4651310617396205,1.9232431193100867,2.241942402040716,-0.332309671373509,1.835056020516145,-1.1646390012648673,0.1978825132312498
33.0,15.0,1000.7411499023438,-3.956490042091888,-3.740795888514023,-3.862767492783487,2.466645945951784,-0.939895627414177,2.260389030256579,-0.332309671373509,1.834942748115844,-1.1646390012648673,0.1957398431644126
33.0,15.0,1000.7433471679688,-3.6411426250218417,-2.4992000395991694,-3.8245918208874334,2.472133698225785,-1.5797013316899045,2.7767669251171863,-0.4783527824570663,0.3528997017234694,-0.8661646969239993,1.0675811796531018
33.0,15.0,1000.7503051757812,-4.995966668983133,-4.19664621476446,-3.585486249327719,2.4651310617396205,1.913056232540704,2.24298953830286,-0.3330275896949864,0.9564313482724528,-2.5003708508810774,0.1978825132312498
33.0,15.0,1000.7664794921876,-4.957843042649061,-3.7569238532590594,-3.862767492783487,2.418095081159528,1.9232431193100867,2.2433875855138186,-0.3352074854389006,1.7005275785327725,-1.0536229464546432,0.1978825132312498
33.0,15.0,1000.7765502929688,-4.989249298261741,-4.676897400596013,-0.0131225005612393,2.5018050716726754,1.9232431193100867,2.2492773650241578,-0.3500741258106756,1.7373312170035933,-1.0534486664179414,0.1978825132312498
33.0,15.0,1000.77685546875,-4.9897454406114825,-4.676897400596013,-0.0086819304707776,2.474086510903833,1.9232431193100867,2.262707590605984,-0.332309671373509,1.7373385259994518,-1.0534486664179414,0.1978825132312498
33.0,15.0,1000.7858276367188,-4.260150243126679,-3.9295698337876575,1.88737453815982,3.12692624805029,2.4728299099749043,2.594830747230333,-0.332309671373509,1.7698340009795157,0.1050669250234616,2.497725805203481
33.0,15.0,1000.7865600585938,-4.258719939192138,-3.966261214912513,1.6639193106531764,3.12692624805029,2.4728299099749043,2.756339126854224,0.0354867163545626,1.7698340009795157,0.1050669250234616,2.581170349975236
33.0,15.0,1000.8156127929688,-4.213139586753838,-3.966261214912513,1.6639193106531764,3.12692624805029,2.4728299099749043,2.584084556988933,-0.332309671373509,1.7698340009795157,0.1050669250234616,2.581170349975236
33.0,15.0,1000.8187255859376,-4.262280935441392,-3.9295698337876575,1.6078606271243443,3.12692624805029,2.4728299099749043,2.755454727600119,0.019051486086445,1.7698340009795157,0.1050669250234616,2.497725805203481
33.0,15.0,1000.8209838867188,-4.995482297995541,-3.740795888514023,-3.862767492783487,2.4651310617396205,1.9232431193100867,2.24298953830286,-0.332309671373509,1.7005275785327725,-1.0534486664179414,0.1978825132312498
33.0,15.0,1000.8209838867188,-4.995482297995541,-3.740795888514023,-3.862767492783487,2.4651310617396205,1.9232431193100867,2.24298953830286,-0.332309671373509,1.7005275785327725,-1.0534486664179414,0.1978825132312498
33.0,15.0,1000.8209838867188,-4.995482297995541,-3.740795888514023,-3.862767492783487,2.4651310617396205,1.9232431193100867,2.24298953830286,-0.332309671373509,1.7005275785327725,-1.0534486664179414,0.1978825132312498
33.0,15.0,1000.8209838867188,-4.995482297995541,-3.740795888514023,-3.862767492783487,2.4651310617396205,1.9232431193100867,2.24298953830286,-0.332309671373509,1.7005275785327725,-1.0534486664179414,0.1978825132312498
33.0,15.0,1000.8209838867188,-4.995482297995541,-3.740795888514023,-3.862767492783487,2.4651310617396205,1.9232431193100867,2.24298953830286,-0.332309671373509,1.7005275785327725,-1.0534486664179414,0.1978825132312498
33.0,15.0,1000.8212890625,-4.760639627283116,-3.740629371625286,-4.043412175141489,2.197076983979921,1.8916851228330345,2.21514187380742,-0.332309671373509,1.835056020516145,-1.181136457998619,0.227286308996434
33.0,15.0,1000.8226318359376,-4.260198245556658,-3.9295698337876575,1.8872074974181527,3.18630186161181,2.4728299099749043,2.901906161057597,-0.332309671373509,1.7698340009795157,0.1050669250234616,2.497725805203481
33.0,15.0,1000.8226318359376,-4.260198245556658,-3.9295698337876575,1.8872074974181527,3.18630186161181,2.4728299099749043,2.901906161057597,-0.332309671373509,1.7698340009795157,0.1050669250234616,2.497725805203481
33.0,15.0,1000.8226318359376,-4.260198245556658,-3.9295698337876575,1.8872074974181527,3.18630186161181,2.4728299099749043,2.901906161057597,-0.332309671373509,1.7698340009795157,0.1050669250234616,2.497725805203481
33.0,15.0,1000.8226318359376,-4.260198245556658,-3.9295698337876575,1.8872074974181527,3.18630186161181,2.4728299099749043,2.901906161057597,-0.332309671373509,1.7698340009795157,0.1050669250234616,2.497725805203481
33.0,15.0,1000.822998046875,-4.265667053371252,-2.4992000395991694,-3.8245918208874334,2.18558212000856,-1.5797013316899045,2.7767669251171863,-0.4783527824570663,0.3532037151291498,-2.482533760127562,0.9338122926242218
33.0,15.0,1000.83154296875,-4.995482297995541,-3.740795888514023,-3.863515874780365,2.4651310617396205,1.9232431193100867,2.24298953830286,-0.332309671373509,1.7005275785327725,-1.0534486664179414,0.1024092054746114
33.0,15.0,1000.83447265625,-4.2640301550442015,-3.9280473042356094,1.7588576227516004,3.162368862974086,2.4817887011631754,2.9049260627804085,-0.3335722438378692,1.7005275785327725,0.0620792259588851,2.499091723944449
33.0,15.0,1000.8406982421876,-4.533069393991087,-3.740795888514023,1.7588576227516004,3.162368862974086,2.4817887011631754,2.9048344799187245,-0.3335722438378692,1.7005275785327725,0.0620792259588851,2.53085173626768
33.0,15.0,1000.8462524414062,-4.992154571552114,-4.19664621476446,-3.371571925278775,2.4168893531633087,1.913056232540704,2.2349597513122754,-0.3330275896949864,1.7279283934106455,-2.5003708508810774,0.1978825132312498
33.0,15.0,1000.8554077148438,-4.93457043472972,-3.717911742228431,-3.876471906589992,2.197076983979921,1.8916851228330345,2.20874167307822,-0.332309671373509,1.835056020516145,-1.1646390012648673,0.1978825132312498
33.0,15.0,1000.89599609375,-4.358597613460789,-3.9295698337876575,1.6078606271243443,3.12692624805029,2.640969834530728,2.642954002715316,-0.3308302268335401,1.7698340009795157,0.1050669250234616,2.514682964527535
33.0,15.0,1000.9027709960938,-4.265667053371252,-2.4992000395991694,-3.8245918208874334,2.472133698225785,-1.5797013316899045,2.7767669251171863,-0.4783527824570663,0.3381812074006362,-2.482533760127562,0.9338122926242218
33.0,15.0,1000.904296875,-4.378127617205955,-4.370119515518357,0.0361426733538662,-1.7173295485214577,-0.4119262594140598,0.4102192354556027,-0.5384168925571549,1.738384555869645,-1.123555241143807,1.6838900609447462
33.0,15.0,1000.9129638671876,-4.216700583003092,-3.9295698337876575,1.6078606271243443,3.12692624805029,2.4728299099749043,2.5832001577348285,-0.3487449016416265,1.7698340009795157,0.1050669250234616,2.497725805203481
33.0,15.0,1000.9208374023438,-4.265667053371252,-2.4992000395991694,-3.8245918208874334,2.472133698225785,-1.5797013316899045,2.7767669251171863,-0.4783527824570663,0.3528997017234694,-0.8661646969239993,1.0675811796531018
33.0,15.0,1000.9224853515624,-4.262280935441392,-3.9295698337876575,1.6078606271243443,3.12692624805029,2.4728299099749043,2.584128996167547,-0.332309671373509,1.7698340009795157,0.1050669250234616,2.497725805203481
33.0,15.0,1000.9241333007812,-4.264811089225594,-2.554538020913776,0.1456965337691143,2.469985038463045,-1.77921063331612,2.679460211639319,-0.5158805403370745,0.3472600856129163,-0.9309167278937072,0.9342532793819552
33.0,15.0,1000.9375610351562,-4.260198245556658,-4.050110524156472,1.8872074974181527,3.205710986055244,2.469699324215601,2.868840216111608,-0.6174491962669464,1.7688846479404563,0.1050669250234616,2.243586786473084
33.0,15.0,1000.9407958984376,-4.265667053371252,-3.758549463613013,-3.8245918208874334,2.472133698225785,-1.5797013316899045,2.7767669251171863,-0.477873168567542,0.3715435378658166,-0.8661646969239993,-0.2100120009719766
33.0,15.0,1000.94287109375,-4.994833095246378,-4.937198801446108,-3.80904745021524,2.474086510903833,1.9232431193100867,2.262707590605984,-0.4772956339738522,1.702349769885214,-1.5048468445417953,0.1978825132312498
33.0,15.0,1000.9486694335938,-4.37661278735657,-4.384139103089792,0.0361426733538662,-1.4954945019413055,-0.5269274832933837,0.4321350328504778,3.0946114882529137,1.738384555869645,-1.1260050576911331,1.689657233536892
33.0,15.0,1000.9525146484376,-4.970465360771793,-3.835956347635437,-3.862767492783487,2.116218987741247,-0.7609946960788119,2.24298953830286,-0.4695449042274137,1.725964410153452,-1.0479824651844756,0.1977027095115019
33.0,15.0,1000.9592895507812,-4.995482297995541,-3.740795888514023,-3.862767492783487,2.4457219372961725,1.9263737050693897,2.2760554832488475,-0.332309671373509,1.7014769315718317,-1.0534486664179414,-0.242128889710665
33.0,15.0,1000.9603271484376,-2.5775581298175414,-2.5299679073511365,-3.8207851145608713,3.207997014016095,-0.3544866065901322,2.609363188885771,2.587096168346466,2.0910790394240646,0.6911289058267447,2.58169545261241
33.0,15.0,1000.96484375,-4.774531240141766,-3.717911742228431,-3.8298489182455047,2.197076983979921,1.8916851228330345,2.20874167307822,-0.332309671373509,1.835056020516145,-1.1646390012648673,0.227286308996434
33.0,15.0,1000.9664916992188,-4.364043129999307,-4.276283170659994,-3.872737217943672,2.203085001300891,1.9232431193100867,2.7225164054976867,-0.4757305516639682,0.3859304482151282,-1.5475365592301156,1.094654184023647
33.0,15.0,1000.9725341796876,-4.52923748450335,-3.742318418066071,1.8872074974181527,3.18630186161181,2.4728299099749043,2.901814578195913,-0.332309671373509,1.3345293117767465,0.1050669250234616,2.5294858175267128
33.0,15.0,1000.976318359375,-4.995482297995541,-3.740795888514023,-3.862767492783487,2.4651310617396205,-0.4103555167704157,2.2590531047775992,-0.332309671373509,1.7391512191619918,-1.0562469972217814,1.6999650226049214
33.0,15.0,1000.9765014648438,-4.260198245556658,-3.9295698337876575,1.8872074974181527,3.205710986055244,2.469699324215601,2.868840216111608,-0.6174491962669464,1.7688846479404563,0.1050669250234616,2.243586786473084
33.0,15.0,1000.9791259765624,-2.5775581298175414,-2.5299679073511365,-3.8207851145608713,2.986150943418275,-0.3536521704757793,2.609363188885771,2.587096168346466,2.0910790394240646,0.6911289058267447,2.5759282800202628
33.0,16.0,1000.721923828125,-4.260198245556658,-3.930392414613447,1.957817243685239,3.1334306067218325,2.4728299099749043,2.9372984099926045,-0.332309671373509,1.7698340009795157,0.2624860336666558,2.5104853167095733
33.0,16.0,1000.7254638671876,-4.324488724008179,-3.9295698337876575,1.6076935863826776,3.18630186161181,2.456274658500328,2.89268874097703,-0.332309671373509,1.836520314721372,0.1050669250234616,2.406331918300122
33.0,16.0,1000.7276000976562,-4.262328937871372,-3.9295698337876575,1.6076935863826776,3.18630186161181,2.4728299099749043,2.891204409994811,-0.332309671373509,1.7698340009795157,0.1050669250234616,2.497725805203481
33.0,16.0,1000.7335205078124,-4.262328937871372,-3.9295698337876575,1.6076935863826776,3.1870867540468706,2.4697255642654348,2.891204409994811,-0.332309671373509,1.768840148251876,0.1050669250234616,2.491219815199917
33.0,16.0,1000.7360229492188,-4.995482297995541,-3.740795888514023,-3.862767492783487,2.4651310617396205,1.9232431193100867,2.241942402040716,-0.332309671373509,1.835056020516145,-1.1646390012648673,0.1978825132312498
33.0,16.0,1000.7360229492188,-4.995482297995541,-3.740795888514023,-3.862767492783487,2.4651310617396205,1.9232431193100867,2.241942402040716,-0.332309671373509,1.835056020516145,-1.1646390012648673,0.1978825132312498
33.0,16.0,1000.7360229492188,-4.995482297995541,-3.740795888514023,-3.862767492783487,2.4651310617396205,1.9232431193100867,2.241942402040716,-0.332309671373509,1.835056020516145,-1.1646390012648673,0.1978825132312498
33.0,16.0,1000.7411499023438,-3.956490042091888,-3.740795888514023,-3.862767492783487,2.466645945951784,-0.939895627414177,2.260389030256579,-0.332309671373509,1.834942748115844,-1.1646390012648673,0.1957398431644126
33.0,16.0,1000.7433471679688,-3.6411426250218417,-2.4992000395991694,-3.8245918208874334,2.472133698225785,-1.5797013316899045,2.7767669251171863,-0.4783527824570663,0.3528997017234694,-0.8661646969239993,1.0675811796531018
33.0,16.0,1000.7503051757812,-4.995966668983133,-4.19664621476446,-3.585486249327719,2.4651310617396205,1.913056232540704,2.24298953830286,-0.3330275896949864,0.9564313482724528,-2.5003708508810774,0.1978825132312498
33.0,16.0,1000.7578735351562,-4.923415778606381,-3.740795888514023,-3.862767492783487,2.4651310617396205,1.9397983707846629,2.2404580710584963,-0.332309671373509,1.768369706774289,-1.1646390012648673,0.2892763998260657
33.0,16.0,1000.7664794921876,-4.957843042649061,-3.7569238532590594,-3.862767492783487,2.418095081159528,1.9232431193100867,2.2433875855138186,-0.3352074854389006,1.7005275785327725,-1.0536229464546432,0.1978825132312498
33.0,16.0,1000.7664794921876,-4.957843042649061,-3.7569238532590594,-3.862767492783487,2.418095081159528,1.9232431193100867,2.2433875855138186,-0.3352074854389006,1.7005275785327725,-1.0536229464546432,0.1978825132312498
33.0,16.0,1000.7715454101562,-4.995482297995541,-3.740795888514023,-3.147549921089227,2.4651310617396205,1.9232431193100867,2.24298953830286,-0.332309671373509,1.7005275785327725,-1.0534486664179414,0.1978825132312498
33.0,16.0,1000.7765502929688,-4.989249298261741,-4.676897400596013,-0.0131225005612393,2.5018050716726754,1.9232431193100867,2.2492773650241578,-0.3500741258106756,1.7373312170035933,-1.0534486664179414,0.1978825132312498
33.0,16.0,1000.77685546875,-4.9897454406114825,-4.676897400596013,-0.0086819304707776,2.474086510903833,1.9232431193100867,2.262707590605984,-0.332309671373509,1.7373385259994518,-1.0534486664179414,0.1978825132312498
33.0,16.0,1000.780517578125,-3.956490042091888,-3.7615414965204255,-3.862767492783487,2.4738130249001284,1.7261045372946842,2.262648876923452,-0.332309671373509,1.834942748115844,-1.1646390012648673,0.1978774218271291
33.0,16.0,1000.7858276367188,-4.260150243126679,-3.9295698337876575,1.88737453815982,3.12692624805029,2.4728299099749043,2.594830747230333,-0.332309671373509,1.7698340009795157,0.1050669250234616,2.497725805203481
33.0,16.0,1000.7865600585938,-4.258719939192138,-3.966261214912513,1.6639193106531764,3.12692624805029,2.4728299099749043,2.756339126854224,0.0354867163545626,1.7698340009795157,0.1050669250234616,2.581170349975236
33.0,16.0,1000.8156127929688,-4.213139586753838,-3.966261214912513,1.6639193106531764,3.12692624805029,2.4728299099749043,2.584084556988933,-0.332309671373509,1.7698340009795157,0.1050669250234616,2.581170349975236
33.0,16.0,1000.8187255859376,-4.262280935441392,-3.9295698337876575,1.6078606271243443,3.12692624805029,2.4728299099749043,2.755454727600119,0.019051486086445,1.7698340009795157,0.1050669250234616,2.497725805203481
33.0,16.0,1000.819091796875,-3.6411426250218417,-3.730675665529938,-4.5807184230308895,2.19660868558773,-1.3995395150310226,2.7767669251171863,-0.4783527824570663,0.422290008990324,-1.1690410534379645,0.1807175458966912
33.0,16.0,1000.8209838867188,-4.995482297995541,-3.740795888514023,-3.862767492783487,2.4651310617396205,1.9232431193100867,2.24298953830286,-0.332309671373509,1.7005275785327725,-1.0534486664179414,0.1978825132312498
33.0,16.0,1000.8209838867188,-4.995482297995541,-3.740795888514023,-3.862767492783487,2.4651310617396205,1.9232431193100867,2.24298953830286,-0.332309671373509,1.7005275785327725,-1.0534486664179414,0.1978825132312498
33.0,16.0,1000.8209838867188,-4.995482297995541,-3.740795888514023,-3.862767492783487,2.4651310617396205,1.9232431193100867,2.24298953830286,-0.332309671373509,1.7005275785327725,-1.0534486664179414,0.1978825132312498
33.0,16.0,1000.8209838867188,-4.995482297995541,-3.740795888514023,-3.862767492783487,2.4651310617396205,1.9232431193100867,2.24298953830286,-0.332309671373509,1.7005275785327725,-1.0534486664179414,0.1978825132312498
33.0,16.0,1000.8209838867188,-4.995482297995541,-3.740795888514023,-3.862767492783487,2.4651310617396205,1.9232431193100867,2.24298953830286,-0.332309671373509,1.7005275785327725,-1.0534486664179414,0.1978825132312498
33.0,16.0,1000.8212890625,-4.760639627283116,-3.740629371625286,-4.043412175141489,2.197076983979921,1.8916851228330345,2.21514187380742,-0.332309671373509,1.835056020516145,-1.181136457998619,0.227286308996434
33.0,16.0,1000.8226318359376,-4.260198245556658,-3.9295698337876575,1.8872074974181527,3.18630186161181,2.4728299099749043,2.901906161057597,-0.332309671373509,1.7698340009795157,0.1050669250234616,2.497725805203481
33.0,16.0,1000.8226318359376,-4.260198245556658,-3.9295698337876575,1.8872074974181527,3.18630186161181,2.4728299099749043,2.901906161057597,-0.332309671373509,1.7698340009795157,0.1050669250234616,2.497725805203481
33.0,16.0,1000.8226318359376,-4.260198245556658,-3.9295698337876575,1.8872074974181527,3.18630186161181,2.4728299099749043,2.901906161057597,-0.332309671373509,1.7698340009795157,0.1050669250234616,2.497725805203481
33.0,16.0,1000.8226318359376,-4.260198245556658,-3.9295698337876575,1.8872074974181527,3.18630186161181,2.4728299099749043,2.901906161057597,-0.332309671373509,1.7698340009795157,0.1050669250234616,2.497725805203481
33.0,16.0,1000.822998046875,-4.265667053371252,-2.4992000395991694,-3.8245918208874334,2.18558212000856,-1.5797013316899045,2.7767669251171863,-0.4783527824570663,0.3532037151291498,-2.482533760127562,0.9338122926242218
33.0,16.0,1000.8284301757812,-4.260198245556658,-3.9247840039307,1.8800870164714016,3.18630186161181,2.4728299099749043,2.901906161057597,-0.332309671373509,1.7698340009795157,0.1050669250234616,2.582350906546897
33.0,16.0,1000.83154296875,-4.995482297995541,-3.740795888514023,-3.863515874780365,2.4651310617396205,1.9232431193100867,2.24298953830286,-0.332309671373509,1.7005275785327725,-1.0534486664179414,0.1024092054746114
33.0,16.0,1000.83447265625,-4.2640301550442015,-3.9280473042356094,1.7588576227516004,3.162368862974086,2.4817887011631754,2.9049260627804085,-0.3335722438378692,1.7005275785327725,0.0620792259588851,2.499091723944449
33.0,16.0,1000.8406982421876,-4.533069393991087,-3.740795888514023,1.7588576227516004,3.162368862974086,2.4817887011631754,2.9048344799187245,-0.3335722438378692,1.7005275785327725,0.0620792259588851,2.53085173626768
33.0,16.0,1000.8462524414062,-4.992154571552114,-4.19664621476446,-3.371571925278775,2.4168893531633087,1.913056232540704,2.2349597513122754,-0.3330275896949864,1.7279283934106455,-2.5003708508810774,0.1978825132312498
33.0,16.0,1000.8554077148438,-4.93457043472972,-3.717911742228431,-3.876471906589992,2.197076983979921,1.8916851228330345,2.20874167307822,-0.332309671373509,1.835056020516145,-1.1646390012648673,0.1978825132312498
33.0,16.0,1000.8834838867188,-4.260198245556658,-3.728777785612605,1.8872074974181527,3.2049260936201835,2.472803669925071,2.868840216111608,-0.6174491962669464,1.7698785006680955,0.1050669250234616,2.2500927764766474
33.0,16.0,1000.89599609375,-4.358597613460789,-3.9295698337876575,1.6078606271243443,3.12692624805029,2.640969834530728,2.642954002715316,-0.3308302268335401,1.7698340009795157,0.1050669250234616,2.514682964527535
33.0,16.0,1000.9027709960938,-4.265667053371252,-2.4992000395991694,-3.8245918208874334,2.472133698225785,-1.5797013316899045,2.7767669251171863,-0.4783527824570663,0.3381812074006362,-2.482533760127562,0.9338122926242218
33.0,16.0,1000.904296875,-4.378127617205955,-4.370119515518357,0.0361426733538662,-1.7173295485214577,-0.4119262594140598,0.4102192354556027,-0.5384168925571549,1.738384555869645,-1.123555241143807,1.6838900609447462
33.0,16.0,1000.9129638671876,-4.216700583003092,-3.9295698337876575,1.6078606271243443,3.12692624805029,2.4728299099749043,2.5832001577348285,-0.3487449016416265,1.7698340009795157,0.1050669250234616,2.497725805203481
33.0,16.0,1000.9129638671876,-4.260198245556658,-3.9295698337876575,1.8835024074386248,3.18744269497545,2.4728299099749043,2.627499905859991,-0.332309671373509,1.7698340009795157,0.2613725397492934,2.497725805203481
33.0,16.0,1000.9208374023438,-4.265667053371252,-2.4992000395991694,-3.8245918208874334,2.472133698225785,-1.5797013316899045,2.7767669251171863,-0.4783527824570663,0.3528997017234694,-0.8661646969239993,1.0675811796531018
33.0,16.0,1000.9224853515624,-4.262280935441392,-3.9295698337876575,1.6078606271243443,3.12692624805029,2.4728299099749043,2.584128996167547,-0.332309671373509,1.7698340009795157,0.1050669250234616,2.497725805203481
33.0,16.0,1000.9241333007812,-4.264811089225594,-2.554538020913776,0.1456965337691143,2.469985038463045,-1.77921063331612,2.679460211639319,-0.5158805403370745,0.3472600856129163,-0.9309167278937072,0.9342532793819552
33.0,16.0,1000.9243774414062,-4.213139586753838,-3.9710470447694703,1.671039791599927,3.12692624805029,2.4728299099749043,2.584084556988933,-0.332309671373509,1.7698340009795157,0.1050669250234616,2.4965452486318203
33.0,16.0,1000.9375610351562,-4.260198245556658,-4.050110524156472,1.8872074974181527,3.205710986055244,2.469699324215601,2.868840216111608,-0.6174491962669464,1.7688846479404563,0.1050669250234616,2.243586786473084
33.0,17.0,1000.6918334960938,-4.324488724008179,-3.9295698337876575,1.7067971037924496,3.18630186161181,2.456274658500328,2.89268874097703,-0.332309671373509,1.836520314721372,0.1050669250234616,2.406331918300122
33.0,17.0,1000.704833984375,-4.262328937871372,-3.737655224969665,1.7133867186089664,3.18630186161181,2.4728299099749043,2.891403641184726,-0.332309671373509,1.7698340009795157,0.0887422090336044,2.497725805203481
33.0,17.0,1000.71435546875,-4.995482297995541,-3.740795888514023,-3.862767492783487,2.4651310617396205,1.9232431193100867,2.24298953830286,-0.332309671373509,1.7005275785327725,-1.1735769873476936,0.3848994162264338
33.0,17.0,1000.721923828125,-4.260198245556658,-3.930392414613447,1.957817243685239,3.1334306067218325,2.4728299099749043,2.9372984099926045,-0.332309671373509,1.7698340009795157,0.2624860336666558,2.5104853167095733
33.0,17.0,1000.7234497070312,-4.329501672751833,-3.9295904560116326,1.6076935863826776,3.193850043165488,2.456274658500328,2.8896864724465767,-0.332309671373509,1.836309383182377,0.1050669250234616,2.406331918300122
33.0,17.0,1000.7254638671876,-4.324488724008179,-3.9295698337876575,1.6076935863826776,3.18630186161181,2.456274658500328,2.89268874097703,-0.332309671373509,1.836520314721372,0.1050669250234616,2.406331918300122
33.0,17.0,1000.7276000976562,-4.262328937871372,-3.9295698337876575,1.6076935863826776,3.18630186161181,2.4728299099749043,2.891204409994811,-0.332309671373509,1.7698340009795157,0.1050669250234616,2.497725805203481
33.0,17.0,1000.7276000976562,-4.262328937871372,-3.9295698337876575,1.6076935863826776,3.18630186161181,2.4728299099749043,2.891204409994811,-0.332309671373509,1.7698340009795157,0.1050669250234616,2.497725805203481
33.0,17.0,1000.7310180664062,-4.255185296813004,-3.930371792389472,1.957817243685239,3.1258824251681543,2.4728299099749043,2.940300678523057,-0.332309671373509,1.7700449325185104,0.2624860336666558,2.5104853167095733
33.0,17.0,1000.7335205078124,-4.262328937871372,-3.9295698337876575,1.6076935863826776,3.1870867540468706,2.4697255642654348,2.891204409994811,-0.332309671373509,1.768840148251876,0.1050669250234616,2.491219815199917
33.0,17.0,1000.7360229492188,-4.995482297995541,-3.740795888514023,-3.862767492783487,2.4651310617396205,1.9232431193100867,2.241942402040716,-0.332309671373509,1.835056020516145,-1.1646390012648673,0.1978825132312498
33.0,17.0,1000.7360229492188,-4.995482297995541,-3.740795888514023,-3.862767492783487,2.4651310617396205,1.9232431193100867,2.241942402040716,-0.332309671373509,1.835056020516145,-1.1646390012648673,0.1978825132312498
33.0,17.0,1000.7360229492188,-4.995482297995541,-3.740795888514023,-3.862767492783487,2.4651310617396205,1.9232431193100867,2.241942402040716,-0.332309671373509,1.835056020516145,-1.1646390012648673,0.1978825132312498
33.0,17.0,1000.7360229492188,-4.995482297995541,-3.740795888514023,-3.862767492783487,2.4651310617396205,1.9232431193100867,2.241942402040716,-0.332309671373509,1.835056020516145,-1.1646390012648673,0.1978825132312498
33.0,17.0,1000.7411499023438,-3.956490042091888,-3.740795888514023,-3.862767492783487,2.466645945951784,-0.939895627414177,2.260389030256579,-0.332309671373509,1.834942748115844,-1.1646390012648673,0.1957398431644126
33.0,17.0,1000.7433471679688,-3.6411426250218417,-2.4992000395991694,-3.8245918208874334,2.472133698225785,-1.5797013316899045,2.7767669251171863,-0.4783527824570663,0.3528997017234694,-0.8661646969239993,1.0675811796531018
33.0,17.0,1000.7503051757812,-4.995966668983133,-4.19664621476446,-3.585486249327719,2.4651310617396205,1.913056232540704,2.24298953830286,-0.3330275896949864,0.9564313482724528,-2.5003708508810774,0.1978825132312498
33.0,17.0,1000.7578735351562,-4.923415778606381,-3.740795888514023,-3.862767492783487,2.4651310617396205,1.9397983707846629,2.2404580710584963,-0.332309671373509,1.768369706774289,-1.1646390012648673,0.2892763998260657
33.0,17.0,1000.75927734375,-4.260198245556658,-3.924795903317382,1.957817243685239,3.1869667444273126,2.4728299099749043,2.925246180708568,-0.332309671373509,1.7698340009795157,0.2608810047206035,2.5829248660434816
33.0,17.0,1000.7652587890624,-4.86111812641066,-3.740795888514023,-3.862767492783487,2.4651310617396205,1.9232431193100867,2.24298953830286,-0.332309671373509,1.7005275785327725,-1.1650081864663948,0.1978825132312498
33.0,17.0,1000.7664794921876,-4.957843042649061,-3.7569238532590594,-3.862767492783487,2.418095081159528,1.9232431193100867,2.2433875855138186,-0.3352074854389006,1.7005275785327725,-1.0536229464546432,0.1978825132312498
33.0,17.0,1000.7664794921876,-4.957843042649061,-3.7569238532590594,-3.862767492783487,2.418095081159528,1.9232431193100867,2.2433875855138186,-0.3352074854389006,1.7005275785327725,-1.0536229464546432,0.1978825132312498
33.0,17.0,1000.7706909179688,-4.957843042649061,-3.7569238532590594,-3.862767492783487,2.465945469267166,1.9006128397338773,2.2433875855138186,-0.3320835155467635,1.7005275785327725,-1.058912948141715,0.1978230035247509
33.0,17.0,1000.7715454101562,-4.995482297995541,-3.740795888514023,-3.147549921089227,2.4651310617396205,1.9232431193100867,2.24298953830286,-0.332309671373509,1.7005275785327725,-1.0534486664179414,0.1978825132312498
33.0,17.0,1000.7765502929688,-4.989249298261741,-4.676897400596013,-0.0131225005612393,2.5018050716726754,1.9232431193100867,2.2492773650241578,-0.3500741258106756,1.7373312170035933,-1.0534486664179414,0.1978825132312498
33.0,17.0,1000.77685546875,-4.9897454406114825,-4.676897400596013,-0.0086819304707776,2.474086510903833,1.9232431193100867,2.262707590605984,-0.332309671373509,1.7373385259994518,-1.0534486664179414,0.1978825132312498
33.0,17.0,1000.780517578125,-3.956490042091888,-3.7615414965204255,-3.862767492783487,2.4738130249001284,1.7261045372946842,2.262648876923452,-0.332309671373509,1.834942748115844,-1.1646390012648673,0.1978774218271291
33.0,17.0,1000.7858276367188,-4.260150243126679,-3.9295698337876575,1.88737453815982,3.12692624805029,2.4728299099749043,2.594830747230333,-0.332309671373509,1.7698340009795157,0.1050669250234616,2.497725805203481
33.0,17.0,1000.7865600585938,-4.258719939192138,-3.966261214912513,1.6639193106531764,3.12692624805029,2.4728299099749043,2.756339126854224,0.0354867163545626,1.7698340009795157,0.1050669250234616,2.581170349975236
33.0,17.0,1000.787109375,-4.923415778606381,-3.718283402199845,-3.862767492783487,0.932862477780747,1.913487081030192,2.2404580710584963,-0.332309671373509,1.7881819172265294,-1.1658382642721623,-0.6572065765834505
33.0,17.0,1000.7908325195312,-4.978448677075981,-4.6890473134010096,-0.0086819304707776,2.474086510903833,1.9037460381102207,2.262707590605984,-0.332309671373509,1.7373385259994518,-1.075401017512816,0.4218975335333218
33.0,17.0,1000.7913818359376,-3.956490042091888,-3.740795888514023,-3.862767492783487,2.4187955578441453,-0.9172653482883776,2.260389030256579,-0.3354336412656461,1.834942748115844,-1.1593489995777957,0.1957993528709115
33.0,17.0,1000.7969360351562,-4.260198245556658,-3.728777785612605,1.8872074974181527,3.2762246098072705,2.472803669925071,2.868840216111608,-0.6174491962669464,1.7698785006680955,0.1050669250234616,2.2500927764766474
33.0,17.0,1000.811767578125,-4.670051138627331,-3.7569238532590594,-3.862767492783487,2.418095081159528,1.9232431193100867,2.2433875855138186,-0.3352074854389006,1.74881107924348,-1.0536229464546432,0.1978825132312498
33.0,17.0,1000.8156127929688,-4.213139586753838,-3.966261214912513,1.6639193106531764,3.12692624805029,2.4728299099749043,2.584084556988933,-0.332309671373509,1.7698340009795157,0.1050669250234616,2.581170349975236
33.0,17.0,1000.8187255859376,-4.262280935441392,-3.9295698337876575,1.6078606271243443,3.12692624805029,2.4728299099749043,2.755454727600119,0.019051486086445,1.7698340009795157,0.1050669250234616,2.497725805203481
33.0,17.0,1000.819091796875,-3.6411426250218417,-3.730675665529938,-4.5807184230308895,2.19660868558773,-1.3995395150310226,2.7767669251171863,-0.4783527824570663,0.422290008990324,-1.1690410534379645,0.1807175458966912
33.0,17.0,1000.8209838867188,-4.995482297995541,-3.740795888514023,-3.862767492783487,2.4651310617396205,1.9232431193100867,2.24298953830286,-0.332309671373509,1.7005275785327725,-1.0534486664179414,0.1978825132312498
33.0,17.0,1000.8209838867188,-4.995482297995541,-3.740795888514023,-3.862767492783487,2.4651310617396205,1.9232431193100867,2.24298953830286,-0.332309671373509,1.7005275785327725,-1.0534486664179414,0.1978825132312498
33.0,17.0,1000.8209838867188,-4.995482297995541,-3.740795888514023,-3.862767492783487,2.4651310617396205,1.9232431193100867,2.24298953830286,-0.332309671373509,1.7005275785327725,-1.0534486664179414,0.1978825132312498
33.0,17.0,1000.8209838867188,-4.995482297995541,-3.740795888514023,-3.862767492783487,2.4651310617396205,1.9232431193100867,2.24298953830286,-0.332309671373509,1.7005275785327725,-1.0534486664179414,0.1978825132312498
33.0,17.0,1000.8209838867188,-4.995482297995541,-3.740795888514023,-3.862767492783487,2.4651310617396205,1.9232431193100867,2.24298953830286,-0.332309671373509,1.7005275785327725,-1.0534486664179414,0.1978825132312498
33.0,17.0,1000.8209838867188,-4.995482297995541,-3.740795888514023,-3.862767492783487,2.4651310617396205,1.9232431193100867,2.24298953830286,-0.332309671373509,1.7005275785327725,-1.0534486664179414,0.1978825132312498
33.0,17.0,1000.8212890625,-4.760639627283116,-3.740629371625286,-4.043412175141489,2.197076983979921,1.8916851228330345,2.21514187380742,-0.332309671373509,1.835056020516145,-1.181136457998619,0.227286308996434
33.0,17.0,1000.8226318359376,-4.260198245556658,-3.9295698337876575,1.8872074974181527,3.18630186161181,2.4728299099749043,2.901906161057597,-0.332309671373509,1.7698340009795157,0.1050669250234616,2.497725805203481
33.0,17.0,1000.8226318359376,-4.260198245556658,-3.9295698337876575,1.8872074974181527,3.18630186161181,2.4728299099749043,2.901906161057597,-0.332309671373509,1.7698340009795157,0.1050669250234616,2.497725805203481
33.0,17.0,1000.8226318359376,-4.260198245556658,-3.9295698337876575,1.8872074974181527,3.18630186161181,2.4728299099749043,2.901906161057597,-0.332309671373509,1.7698340009795157,0.1050669250234616,2.497725805203481
33.0,17.0,1000.8226318359376,-4.260198245556658,-3.9295698337876575,1.8872074974181527,3.18630186161181,2.4728299099749043,2.901906161057597,-0.332309671373509,1.7698340009795157,0.1050669250234616,2.497725805203481
33.0,17.0,1000.822998046875,-4.265667053371252,-2.4992000395991694,-3.8245918208874334,2.18558212000856,-1.5797013316899045,2.7767669251171863,-0.4783527824570663,0.3532037151291498,-2.482533760127562,0.9338122926242218
33.0,17.0,1000.825439453125,-4.995482297995541,-3.740795888514023,-3.862767492783487,2.4651310617396205,1.9232431193100867,2.241942402040716,-0.332309671373509,1.835056020516145,-1.053079481216414,0.1978825132312498
33.0,18.0,1000.6918334960938,-4.324488724008179,-3.9295698337876575,1.7067971037924496,3.18630186161181,2.456274658500328,2.89268874097703,-0.332309671373509,1.836520314721372,0.1050669250234616,2.406331918300122
33.0,18.0,1000.7019653320312,-4.255185296813004,-3.930371792389472,1.95375017848918,3.1807986081827355,2.4728299099749043,2.940300678523057,-0.332309671373509,1.7700449325185104,0.2624860336666558,2.5104853167095733
33.0,18.0,1000.703125,-4.2443857995735526,-3.721144422134373,1.556398980786711,3.18630186161181,2.463885833383177,2.919424395529964,-0.332309671373509,1.7698340009795157,0.0944865932165519,2.497725805203481
33.0,18.0,1000.7044677734376,-4.324488724008179,-3.9295698337876575,1.7067971037924496,3.18630186161181,2.456274658500328,2.892488173701786,-0.3323356912105237,1.836520314721372,0.2626863919742455,2.406331918300122
33.0,18.0,1000.704833984375,-4.262328937871372,-3.737655224969665,1.7133867186089664,3.18630186161181,2.4728299099749043,2.891403641184726,-0.332309671373509,1.7698340009795157,0.0887422090336044,2.497725805203481
33.0,18.0,1000.7103271484376,-4.262328937871372,-3.737655224969665,1.715360503371841,3.186351992411945,2.4701034780496154,2.8912060228661893,-0.332309671373509,1.7697065409287207,0.0892131950455145,2.491215062314917
33.0,18.0,1000.71435546875,-4.995482297995541,-3.740795888514023,-3.862767492783487,2.4651310617396205,1.9232431193100867,2.24298953830286,-0.332309671373509,1.7005275785327725,-1.1735769873476936,0.3848994162264338
33.0,18.0,1000.7207641601562,-3.6411426250218417,-3.76088159839739,-4.5807184230308895,2.3786690418147804,-1.3995395150310226,2.7767669251171863,-0.4783527824570663,0.422290008990324,-1.1690410534379645,0.1807175458966912
33.0,18.0,1000.721923828125,-4.260198245556658,-3.930392414613447,1.957817243685239,3.1334306067218325,2.4728299099749043,2.9372984099926045,-0.332309671373509,1.7698340009795157,0.2624860336666558,2.5104853167095733
33.0,18.0,1000.7234497070312,-4.329501672751833,-3.9295904560116326,1.6076935863826776,3.193850043165488,2.456274658500328,2.8896864724465767,-0.332309671373509,1.836309383182377,0.1050669250234616,2.406331918300122
33.0,18.0,1000.7234497070312,-4.329501672751833,-3.9295904560116326,1.6076935863826776,3.193850043165488,2.456274658500328,2.8896864724465767,-0.332309671373509,1.836309383182377,0.1050669250234616,2.406331918300122
33.0,18.0,1000.723876953125,-4.262328937871372,-3.9295698337876575,1.6057198016198024,3.1870366232467355,2.472451996190724,2.8914020283133475,-0.332309671373509,1.7689676083026709,0.1045959390115514,2.497730558088481
33.0,18.0,1000.7254638671876,-4.324488724008179,-3.9295698337876575,1.6076935863826776,3.18630186161181,2.456274658500328,2.89268874097703,-0.332309671373509,1.836520314721372,0.1050669250234616,2.406331918300122
33.0,18.0,1000.7276000976562,-4.262328937871372,-3.9295698337876575,1.6076935863826776,3.18630186161181,2.4728299099749043,2.891204409994811,-0.332309671373509,1.7698340009795157,0.1050669250234616,2.497725805203481
33.0,18.0,1000.7276000976562,-4.262328937871372,-3.9295698337876575,1.6076935863826776,3.18630186161181,2.4728299099749043,2.891204409994811,-0.332309671373509,1.7698340009795157,0.1050669250234616,2.497725805203481
33.0,18.0,1000.7310180664062,-4.255185296813004,-3.930371792389472,1.957817243685239,3.1258824251681543,2.4728299099749043,2.940300678523057,-0.332309671373509,1.7700449325185104,0.2624860336666558,2.5104853167095733
33.0,18.0,1000.731201171875,-4.260198245556658,-3.930392414613447,1.766932577230672,3.2854368947229275,2.4728299099749043,2.981795409967821,-0.332309671373509,1.7698340009795157,0.2624860336666558,2.5104853167095733
33.0,18.0,1000.7335205078124,-4.262328937871372,-3.9295698337876575,1.6076935863826776,3.1870867540468706,2.4697255642654348,2.891204409994811,-0.332309671373509,1.768840148251876,0.1050669250234616,2.491219815199917
33.0,18.0,1000.735107421875,-4.329501672751833,-3.928626512315692,1.6076935863826776,3.268402558895032,2.455754380988365,2.837913759236612,-0.332309671373509,1.6968170562313574,0.1050669250234616,2.406331918300122
33.0,18.0,1000.7360229492188,-4.995482297995541,-3.740795888514023,-3.862767492783487,2.4651310617396205,1.9232431193100867,2.241942402040716,-0.332309671373509,1.835056020516145,-1.1646390012648673,0.1978825132312498
33.0,18.0,1000.7360229492188,-4.995482297995541,-3.740795888514023,-3.862767492783487,2.4651310617396205,1.9232431193100867,2.241942402040716,-0.332309671373509,1.835056020516145,-1.1646390012648673,0.1978825132312498
33.0,18.0,1000.7360229492188,-4.995482297995541,-3.740795888514023,-3.862767492783487,2.4651310617396205,1.9232431193100867,2.241942402040716,-0.332309671373509,1.835056020516145,-1.1646390012648673,0.1978825132312498
33.0,18.0,1000.7360229492188,-4.995482297995541,-3.740795888514023,-3.862767492783487,2.4651310617396205,1.9232431193100867,2.241942402040716,-0.332309671373509,1.835056020516145,-1.1646390012648673,0.1978825132312498
33.0,18.0,1000.7360229492188,-4.995482297995541,-3.740795888514023,-3.862767492783487,2.4651310617396205,1.9232431193100867,2.241942402040716,-0.332309671373509,1.835056020516145,-1.1646390012648673,0.1978825132312498
33.0,18.0,1000.7371826171876,-3.835755375178972,-2.4992000395991694,-3.8245918208874334,2.472133698225785,-0.3295089282873709,2.7767669251171863,-0.4783527824570663,0.3528997017234694,-0.8661646969239993,1.0675811796531018
33.0,18.0,1000.7411499023438,-3.956490042091888,-3.740795888514023,-3.862767492783487,2.466645945951784,-0.939895627414177,2.260389030256579,-0.332309671373509,1.834942748115844,-1.1646390012648673,0.1957398431644126
33.0,18.0,1000.742431640625,-4.260150243126679,-3.9295698337876575,1.88737453815982,3.12692624805029,2.524772294008516,2.594830747230333,-0.332309671373509,1.7698340009795157,0.0248762533426706,2.488580957359475
33.0,18.0,1000.7433471679688,-3.6411426250218417,-2.4992000395991694,-3.8245918208874334,2.472133698225785,-1.5797013316899045,2.7767669251171863,-0.4783527824570663,0.3528997017234694,-0.8661646969239993,1.0675811796531018
33.0,18.0,1000.7493896484376,-4.957843042649061,-3.7569238532590594,-3.862767492783487,2.418095081159528,1.9232431193100867,2.2435881527890627,-0.3351814656018859,1.7005275785327725,-1.2112424134054165,0.1978825132312498
33.0,18.0,1000.7501831054688,-4.995482297995541,-3.679738898938578,-3.862767492783487,2.4651310617396205,1.9342090359763653,2.241942402040716,-0.332309671373509,1.7707590903064407,-1.1416469879645663,0.1978825132312498
33.0,18.0,1000.7503051757812,-4.995966668983133,-4.19664621476446,-3.585486249327719,2.4651310617396205,1.913056232540704,2.24298953830286,-0.3330275896949864,0.9564313482724528,-2.5003708508810774,0.1978825132312498
33.0,18.0,1000.7578735351562,-4.923415778606381,-3.740795888514023,-3.862767492783487,2.4651310617396205,1.9397983707846629,2.2404580710584963,-0.332309671373509,1.768369706774289,-1.1646390012648673,0.2892763998260657
33.0,18.0,1000.75927734375,-4.260198245556658,-3.924795903317382,1.957817243685239,3.1869667444273126,2.4728299099749043,2.925246180708568,-0.332309671373509,1.7698340009795157,0.2608810047206035,2.5829248660434816
33.0,18.0,1000.7642211914062,-4.995482297995541,-3.740795888514023,-3.862767492783487,0.825711231934917,1.9232431193100867,2.241942402040716,-0.4014266050126629,1.7872655793730643,-1.1646390012648673,0.1978825132312498
33.0,18.0,1000.7652587890624,-4.86111812641066,-3.740795888514023,-3.862767492783487,2.4651310617396205,1.9232431193100867,2.24298953830286,-0.332309671373509,1.7005275785327725,-1.1650081864663948,0.1978825132312498
33.0,18.0,1000.7652587890624,-4.86111812641066,-3.740795888514023,-3.862767492783487,2.4651310617396205,1.9232431193100867,2.24298953830286,-0.332309671373509,1.7005275785327725,-1.1650081864663948,0.1978825132312498
33.0,18.0,1000.7664794921876,-4.957843042649061,-3.7569238532590594,-3.862767492783487,2.418095081159528,1.9232431193100867,2.2433875855138186,-0.3352074854389006,1.7005275785327725,-1.0536229464546432,0.1978825132312498
33.0,18.0,1000.7664794921876,-4.957843042649061,-3.7569238532590594,-3.862767492783487,2.418095081159528,1.9232431193100867,2.2433875855138186,-0.3352074854389006,1.7005275785327725,-1.0536229464546432,0.1978825132312498
33.0,18.0,1000.7706909179688,-4.957843042649061,-3.7569238532590594,-3.862767492783487,2.465945469267166,1.9006128397338773,2.2433875855138186,-0.3320835155467635,1.7005275785327725,-1.058912948141715,0.1978230035247509
33.0,18.0,1000.7706909179688,-4.957843042649061,-3.7569238532590594,-3.862767492783487,2.465945469267166,1.9006128397338773,2.2433875855138186,-0.3320835155467635,1.7005275785327725,-1.058912948141715,0.1978230035247509
33.0,18.0,1000.7715454101562,-4.995482297995541,-3.740795888514023,-3.147549921089227,2.4651310617396205,1.9232431193100867,2.24298953830286,-0.332309671373509,1.7005275785327725,-1.0534486664179414,0.1978825132312498
33.0,18.0,1000.7765502929688,-4.989249298261741,-4.676897400596013,-0.0131225005612393,2.5018050716726754,1.9232431193100867,2.2492773650241578,-0.3500741258106756,1.7373312170035933,-1.0534486664179414,0.1978825132312498
33.0,18.0,1000.7765502929688,-4.989249298261741,-4.676897400596013,-0.0131225005612393,2.5018050716726754,1.9232431193100867,2.2492773650241578,-0.3500741258106756,1.7373312170035933,-1.0534486664179414,0.1978825132312498
33.0,18.0,1000.77685546875,-4.9897454406114825,-4.676897400596013,-0.0086819304707776,2.474086510903833,1.9232431193100867,2.262707590605984,-0.332309671373509,1.7373385259994518,-1.0534486664179414,0.1978825132312498
33.0,18.0,1000.780517578125,-3.956490042091888,-3.7615414965204255,-3.862767492783487,2.4738130249001284,1.7261045372946842,2.262648876923452,-0.332309671373509,1.834942748115844,-1.1646390012648673,0.1978774218271291
33.0,18.0,1000.7858276367188,-4.260150243126679,-3.9295698337876575,1.88737453815982,3.12692624805029,2.4728299099749043,2.594830747230333,-0.332309671373509,1.7698340009795157,0.1050669250234616,2.497725805203481
33.0,18.0,1000.7865600585938,-4.258719939192138,-3.966261214912513,1.6639193106531764,3.12692624805029,2.4728299099749043,2.756339126854224,0.0354867163545626,1.7698340009795157,0.1050669250234616,2.581170349975236
33.0,18.0,1000.787109375,-4.923415778606381,-3.718283402199845,-3.862767492783487,0.932862477780747,1.913487081030192,2.2404580710584963,-0.332309671373509,1.7881819172265294,-1.1658382642721623,-0.6572065765834505
33.0,18.0,1000.7908325195312,-4.978448677075981,-4.6890473134010096,-0.0086819304707776,2.474086510903833,1.9037460381102207,2.262707590605984,-0.332309671373509,1.7373385259994518,-1.075401017512816,0.4218975335333218
33.0,18.0,1000.7913818359376,-3.956490042091888,-3.740795888514023,-3.862767492783487,2.4187955578441453,-0.9172653482883776,2.260389030256579,-0.3354336412656461,1.834942748115844,-1.1593489995777957,0.1957993528709115
33.0,19.0,1000.6626586914062,-4.261055852774428,-3.725823098964641,1.7133867186089664,3.18630186161181,2.472773447909776,2.891403641184726,-0.332309671373509,1.836498881179488,0.0887422090336044,2.50319332976776
33.0,19.0,1000.6644287109376,-4.375354424930393,-3.737655224969665,1.7133867186089664,3.3512170739527773,2.47262867825968,2.891403641184726,-0.332309671373509,1.7698687458317837,0.1053633703473378,2.4974185351417817
33.0,19.0,1000.6915283203124,-4.324488724008179,-3.9295698337876575,1.7067971037924496,3.18630186161181,2.456274658500328,2.892498734321601,-0.3323360964887749,1.836520314721372,0.106257170945958,2.406331918300122
33.0,19.0,1000.6918334960938,-4.324488724008179,-3.9295698337876575,1.7067971037924496,3.18630186161181,2.456274658500328,2.89268874097703,-0.332309671373509,1.836520314721372,0.1050669250234616,2.406331918300122
33.0,19.0,1000.692138671875,-4.262328937871372,-3.9295698337876575,1.6076935863826776,3.1863357354034467,2.470369774385077,2.8927198644332464,-0.332309671373509,1.8349877618631385,0.1050669250234616,2.494777855249672
33.0,19.0,1000.697021484375,-4.990988710381954,-3.740795888514023,-3.862767492783487,2.4651310617396205,1.9231766843120448,2.2405405812039167,-0.332309671373509,1.7654174003770589,-1.1646390012648673,0.2892763998260657
33.0,19.0,1000.6987915039062,-4.929665326023038,-3.741822863820213,-3.862767492783487,2.4184395911161243,1.9232431193100867,2.243280951578805,-0.3352074854389006,1.7005275785327725,-1.1652542366552363,0.1957875101875865
33.0,19.0,1000.7019653320312,-4.255185296813004,-3.930371792389472,1.95375017848918,3.1807986081827355,2.4728299099749043,2.940300678523057,-0.332309671373509,1.7700449325185104,0.2624860336666558,2.5104853167095733
33.0,19.0,1000.7019653320312,-4.255185296813004,-3.930371792389472,1.95375017848918,3.1807986081827355,2.4728299099749043,2.940300678523057,-0.332309671373509,1.7700449325185104,0.2624860336666558,2.5104853167095733
33.0,19.0,1000.702392578125,-4.324488724008179,-3.9295698337876575,1.7067971037924496,3.18630186161181,2.456274658500328,2.892678180357215,-0.3323092660952578,1.836520314721372,0.2614961460517491,2.406331918300122
33.0,19.0,1000.703125,-4.2443857995735526,-3.721144422134373,1.556398980786711,3.18630186161181,2.463885833383177,2.919424395529964,-0.332309671373509,1.7698340009795157,0.0944865932165519,2.497725805203481
33.0,19.0,1000.7044677734376,-4.324488724008179,-3.9295698337876575,1.7067971037924496,3.18630186161181,2.456274658500328,2.892488173701786,-0.3323356912105237,1.836520314721372,0.2626863919742455,2.406331918300122
33.0,19.0,1000.704833984375,-4.262328937871372,-3.737655224969665,1.7133867186089664,3.18630186161181,2.4728299099749043,2.891403641184726,-0.332309671373509,1.7698340009795157,0.0887422090336044,2.497725805203481
33.0,19.0,1000.7091064453124,-4.262328937871372,-3.7356990416877935,1.6010298733051196,3.186351992411945,2.4701034780496154,2.891397810515344,-0.332309671373509,1.7697065409287207,0.0892131950455145,2.497473803547504
33.0,19.0,1000.7103271484376,-4.262328937871372,-3.737655224969665,1.715360503371841,3.186351992411945,2.4701034780496154,2.8912060228661893,-0.332309671373509,1.7697065409287207,0.0892131950455145,2.491215062314917
33.0,19.0,1000.711669921875,-4.995482297995541,-3.740795888514023,-3.862767492783487,0.825711231934917,1.9232431193100867,2.241942402040716,-0.3295563991349717,1.7872354664650285,-1.1646407039625928,0.373022303981469
33.0,19.0,1000.7117919921876,-4.262328937871372,-3.931526017069528,1.7200504316865242,3.1870366232467355,2.472451996190724,2.891210240664193,-0.332309671373509,1.7689676083026709,0.1045959390115514,2.4914718168558943
33.0,19.0,1000.71435546875,-4.995482297995541,-3.740795888514023,-3.862767492783487,2.4651310617396205,1.9232431193100867,2.24298953830286,-0.332309671373509,1.7005275785327725,-1.1735769873476936,0.3848994162264338
33.0,19.0,1000.71435546875,-4.995482297995541,-3.740795888514023,-3.862767492783487,2.4651310617396205,1.9232431193100867,2.24298953830286,-0.332309671373509,1.7005275785327725,-1.1735769873476936,0.3848994162264338
33.0,19.0,1000.7207641601562,-3.6411426250218417,-3.76088159839739,-4.5807184230308895,2.3786690418147804,-1.3995395150310226,2.7767669251171863,-0.4783527824570663,0.422290008990324,-1.1690410534379645,0.1807175458966912
33.0,19.0,1000.721923828125,-4.260198245556658,-3.930392414613447,1.957817243685239,3.1334306067218325,2.4728299099749043,2.9372984099926045,-0.332309671373509,1.7698340009795157,0.2624860336666558,2.5104853167095733
33.0,19.0,1000.7234497070312,-4.329501672751833,-3.9295904560116326,1.6076935863826776,3.193850043165488,2.456274658500328,2.8896864724465767,-0.332309671373509,1.836309383182377,0.1050669250234616,2.406331918300122
33.0,19.0,1000.7234497070312,-4.329501672751833,-3.9295904560116326,1.6076935863826776,3.193850043165488,2.456274658500328,2.8896864724465767,-0.332309671373509,1.836309383182377,0.1050669250234616,2.406331918300122
33.0,19.0,1000.723876953125,-4.262328937871372,-3.9295698337876575,1.6057198016198024,3.1870366232467355,2.472451996190724,2.8914020283133475,-0.332309671373509,1.7689676083026709,0.1045959390115514,2.497730558088481
33.0,19.0,1000.7254638671876,-4.324488724008179,-3.9295698337876575,1.6076935863826776,3.18630186161181,2.456274658500328,2.89268874097703,-0.332309671373509,1.836520314721372,0.1050669250234616,2.406331918300122
33.0,19.0,1000.7276000976562,-4.262328937871372,-3.9295698337876575,1.6076935863826776,3.18630186161181,2.4728299099749043,2.891204409994811,-0.332309671373509,1.7698340009795157,0.1050669250234616,2.497725805203481
33.0,19.0,1000.7276000976562,-4.262328937871372,-3.9295698337876575,1.6076935863826776,3.18630186161181,2.4728299099749043,2.891204409994811,-0.332309671373509,1.7698340009795157,0.1050669250234616,2.497725805203481
33.0,19.0,1000.7293090820312,-4.261352312446308,-3.9295698337876575,1.6076935863826776,3.18630186161181,2.4728299099749043,2.890391518924349,-0.332309671373509,1.7698340009795157,0.1050669250234616,2.497725805203481
33.0,19.0,1000.7310180664062,-4.255185296813004,-3.930371792389472,1.957817243685239,3.1258824251681543,2.4728299099749043,2.940300678523057,-0.332309671373509,1.7700449325185104,0.2624860336666558,2.5104853167095733
33.0,19.0,1000.731201171875,-4.260198245556658,-3.930392414613447,1.766932577230672,3.2854368947229275,2.4728299099749043,2.981795409967821,-0.332309671373509,1.7698340009795157,0.2624860336666558,2.5104853167095733
33.0,19.0,1000.7335205078124,-4.262328937871372,-3.9295698337876575,1.6076935863826776,3.1870867540468706,2.4697255642654348,2.891204409994811,-0.332309671373509,1.768840148251876,0.1050669250234616,2.491219815199917
33.0,19.0,1000.735107421875,-4.329501672751833,-3.928626512315692,1.6076935863826776,3.268402558895032,2.455754380988365,2.837913759236612,-0.332309671373509,1.6968170562313574,0.1050669250234616,2.406331918300122
33.0,19.0,1000.7360229492188,-4.995482297995541,-3.740795888514023,-3.862767492783487,2.4651310617396205,1.9232431193100867,2.241942402040716,-0.332309671373509,1.835056020516145,-1.1646390012648673,0.1978825132312498
33.0,19.0,1000.7360229492188,-4.995482297995541,-3.740795888514023,-3.862767492783487,2.4651310617396205,1.9232431193100867,2.241942402040716,-0.332309671373509,1.835056020516145,-1.1646390012648673,0.1978825132312498
33.0,19.0,1000.7360229492188,-4.995482297995541,-3.740795888514023,-3.862767492783487,2.4651310617396205,1.9232431193100867,2.241942402040716,-0.332309671373509,1.835056020516145,-1.1646390012648673,0.1978825132312498
33.0,19.0,1000.7360229492188,-4.995482297995541,-3.740795888514023,-3.862767492783487,2.4651310617396205,1.9232431193100867,2.241942402040716,-0.332309671373509,1.835056020516145,-1.1646390012648673,0.1978825132312498
33.0,19.0,1000.7360229492188,-4.995482297995541,-3.740795888514023,-3.862767492783487,2.4651310617396205,1.9232431193100867,2.241942402040716,-0.332309671373509,1.835056020516145,-1.1646390012648673,0.1978825132312498
33.0,19.0,1000.7371826171876,-3.835755375178972,-2.4992000395991694,-3.8245918208874334,2.472133698225785,-0.3295089282873709,2.7767669251171863,-0.4783527824570663,0.3528997017234694,-0.8661646969239993,1.0675811796531018
33.0,19.0,1000.7411499023438,-3.956490042091888,-3.740795888514023,-3.862767492783487,2.466645945951784,-0.939895627414177,2.260389030256579,-0.332309671373509,1.834942748115844,-1.1646390012648673,0.1957398431644126
33.0,19.0,1000.742431640625,-4.260150243126679,-3.9295698337876575,1.88737453815982,3.12692624805029,2.524772294008516,2.594830747230333,-0.332309671373509,1.7698340009795157,0.0248762533426706,2.488580957359475
33.0,19.0,1000.7427978515624,-4.995482297995541,-3.740795888514023,-3.862767492783487,2.4651310617396205,1.9232431193100867,2.241942402040716,-0.332309671373509,1.835056020516145,-1.1371234525377811,0.1978825132312498
33.0,19.0,1000.7433471679688,-3.6411426250218417,-2.4992000395991694,-3.8245918208874334,2.472133698225785,-1.5797013316899045,2.7767669251171863,-0.4783527824570663,0.3528997017234694,-0.8661646969239993,1.0675811796531018
33.0,19.0,1000.7493896484376,-4.957843042649061,-3.7569238532590594,-3.862767492783487,2.418095081159528,1.9232431193100867,2.2435881527890627,-0.3351814656018859,1.7005275785327725,-1.2112424134054165,0.1978825132312498
33.0,19.0,1000.7501831054688,-4.995482297995541,-3.679738898938578,-3.862767492783487,2.4651310617396205,1.9342090359763653,2.241942402040716,-0.332309671373509,1.7707590903064407,-1.1416469879645663,0.1978825132312498
33.0,19.0,1000.7503051757812,-4.995966668983133,-4.19664621476446,-3.585486249327719,2.4651310617396205,1.913056232540704,2.24298953830286,-0.3330275896949864,0.9564313482724528,-2.5003708508810774,0.1978825132312498
33.0,19.0,1000.7503051757812,-4.995966668983133,-4.19664621476446,-3.585486249327719,2.4651310617396205,1.913056232540704,2.24298953830286,-0.3330275896949864,0.9564313482724528,-2.5003708508810774,0.1978825132312498
33.0,19.0,1000.7578735351562,-4.923415778606381,-3.740795888514023,-3.862767492783487,2.4651310617396205,1.9397983707846629,2.2404580710584963,-0.332309671373509,1.768369706774289,-1.1646390012648673,0.2892763998260657
33.0,19.0,1000.758544921875,-4.869927441887191,-2.353327659359107,-3.8245918208874334,2.472133698225785,-1.6451224325020788,2.754986931452984,-0.4783527824570663,1.760080009960706,-1.1865409739192754,0.1746831922181944
33.0,19.0,1000.75927734375,-4.260198245556658,-3.924795903317382,1.957817243685239,3.1869667444273126,2.4728299099749043,2.925246180708568,-0.332309671373509,1.7698340009795157,0.2608810047206035,2.5829248660434816
33.0,19.0,1000.7642211914062,-4.995482297995541,-3.740795888514023,-3.862767492783487,0.825711231934917,1.9232431193100867,2.241942402040716,-0.4014266050126629,1.7872655793730643,-1.1646390012648673,0.1978825132312498
33.0,20.0,1000.6473999023438,-4.375354424930393,-3.933506152150205,1.7133867186089664,3.3512170739527773,2.47262867825968,2.891403641184726,-0.332309671373509,1.7698687458317837,0.1053633703473378,2.491587048380353
33.0,20.0,1000.649658203125,-4.255334998356802,-3.725823098964641,1.7133867186089664,3.180727906670969,2.472765174890108,2.940808197371948,-0.332309671373509,1.8389856208441429,0.0887422090336044,2.50319332976776
33.0,20.0,1000.6626586914062,-4.261055852774428,-3.725823098964641,1.7133867186089664,3.18630186161181,2.472773447909776,2.891403641184726,-0.332309671373509,1.836498881179488,0.0887422090336044,2.50319332976776
33.0,20.0,1000.6644287109376,-4.375354424930393,-3.737655224969665,1.7133867186089664,3.3512170739527773,2.47262867825968,2.891403641184726,-0.332309671373509,1.7698687458317837,0.1053633703473378,2.4974185351417817
33.0,20.0,1000.6764526367188,-4.324488724008179,-3.4371417387736627,1.7067971037924496,3.18630186161181,2.472375828998102,2.892498734321601,-0.3323363572582022,1.7674868773676156,0.106257170945958,2.5023657948712748
33.0,20.0,1000.6915283203124,-4.324488724008179,-3.9295698337876575,1.7067971037924496,3.18630186161181,2.456274658500328,2.892498734321601,-0.3323360964887749,1.836520314721372,0.106257170945958,2.406331918300122
33.0,20.0,1000.6918334960938,-4.324488724008179,-3.9295698337876575,1.7067971037924496,3.18630186161181,2.456274658500328,2.89268874097703,-0.332309671373509,1.836520314721372,0.1050669250234616,2.406331918300122
33.0,20.0,1000.692138671875,-4.262328937871372,-3.9295698337876575,1.6076935863826776,3.1863357354034467,2.470369774385077,2.8927198644332464,-0.332309671373509,1.8349877618631385,0.1050669250234616,2.494777855249672
33.0,20.0,1000.6928100585938,-4.262328937871372,-3.730313249736764,1.7157022047245536,3.186351602946846,2.4701034780496154,2.8912060228661893,-0.332309671373509,1.7697065409287207,0.1045747869292276,2.494801866757329
33.0,20.0,1000.697021484375,-4.990988710381954,-3.740795888514023,-3.862767492783487,2.4651310617396205,1.9231766843120448,2.2405405812039167,-0.332309671373509,1.7654174003770589,-1.1646390012648673,0.2892763998260657
33.0,20.0,1000.6987915039062,-4.929665326023038,-3.741822863820213,-3.862767492783487,2.4184395911161243,1.9232431193100867,2.243280951578805,-0.3352074854389006,1.7005275785327725,-1.1652542366552363,0.1957875101875865
33.0,20.0,1000.7019653320312,-4.255185296813004,-3.930371792389472,1.95375017848918,3.1807986081827355,2.4728299099749043,2.940300678523057,-0.332309671373509,1.7700449325185104,0.2624860336666558,2.5104853167095733
33.0,20.0,1000.7019653320312,-4.255185296813004,-3.930371792389472,1.95375017848918,3.1807986081827355,2.4728299099749043,2.940300678523057,-0.332309671373509,1.7700449325185104,0.2624860336666558,2.5104853167095733
33.0,20.0,1000.702392578125,-4.324488724008179,-3.9295698337876575,1.7067971037924496,3.18630186161181,2.456274658500328,2.892678180357215,-0.3323092660952578,1.836520314721372,0.2614961460517491,2.406331918300122
33.0,20.0,1000.702392578125,-4.324488724008179,-3.9295698337876575,1.7067971037924496,3.18630186161181,2.456274658500328,2.892678180357215,-0.3323092660952578,1.836520314721372,0.2614961460517491,2.406331918300122
33.0,20.0,1000.703125,-4.2443857995735526,-3.721144422134373,1.556398980786711,3.18630186161181,2.463885833383177,2.919424395529964,-0.332309671373509,1.7698340009795157,0.0944865932165519,2.497725805203481
33.0,20.0,1000.7044677734376,-4.324488724008179,-3.9295698337876575,1.7067971037924496,3.18630186161181,2.456274658500328,2.892488173701786,-0.3323356912105237,1.836520314721372,0.2626863919742455,2.406331918300122
33.0,20.0,1000.704833984375,-4.262328937871372,-3.737655224969665,1.7133867186089664,3.18630186161181,2.4728299099749043,2.891403641184726,-0.332309671373509,1.7698340009795157,0.0887422090336044,2.497725805203481
33.0,20.0,1000.704833984375,-4.262328937871372,-3.737655224969665,1.7133867186089664,3.18630186161181,2.4728299099749043,2.891403641184726,-0.332309671373509,1.7698340009795157,0.0887422090336044,2.497725805203481
33.0,20.0,1000.7050170898438,-4.262328937871372,-3.936911809020559,1.6073518850299653,3.186336124868546,2.470369774385077,2.8927198644332464,-0.332309671373509,1.8349877618631385,0.0897053331397484,2.4911910508072603
33.0,20.0,1000.7091064453124,-4.262328937871372,-3.7356990416877935,1.6010298733051196,3.186351992411945,2.4701034780496154,2.891397810515344,-0.332309671373509,1.7697065409287207,0.0892131950455145,2.497473803547504
33.0,20.0,1000.7103271484376,-4.262328937871372,-3.737655224969665,1.715360503371841,3.186351992411945,2.4701034780496154,2.8912060228661893,-0.332309671373509,1.7697065409287207,0.0892131950455145,2.491215062314917
33.0,20.0,1000.711669921875,-4.995482297995541,-3.740795888514023,-3.862767492783487,0.825711231934917,1.9232431193100867,2.241942402040716,-0.3295563991349717,1.7872354664650285,-1.1646407039625928,0.373022303981469
33.0,20.0,1000.7117919921876,-4.262328937871372,-3.931526017069528,1.7200504316865242,3.1870366232467355,2.472451996190724,2.891210240664193,-0.332309671373509,1.7689676083026709,0.1045959390115514,2.4914718168558943
33.0,20.0,1000.71435546875,-4.995482297995541,-3.740795888514023,-3.862767492783487,2.4651310617396205,1.9232431193100867,2.24298953830286,-0.332309671373509,1.7005275785327725,-1.1735769873476936,0.3848994162264338
33.0,20.0,1000.71435546875,-4.995482297995541,-3.740795888514023,-3.862767492783487,2.4651310617396205,1.9232431193100867,2.24298953830286,-0.332309671373509,1.7005275785327725,-1.1735769873476936,0.3848994162264338
33.0,20.0,1000.71923828125,-4.990988710381954,-3.740795888514023,-3.909145538303623,2.4651310617396205,1.922788811112764,2.27564275844243,-0.332309671373509,1.7652962126099252,-1.1646390012648673,0.2892763998260657
33.0,20.0,1000.7207641601562,-3.6411426250218417,-3.76088159839739,-4.5807184230308895,2.3786690418147804,-1.3995395150310226,2.7767669251171863,-0.4783527824570663,0.422290008990324,-1.1690410534379645,0.1807175458966912
33.0,20.0,1000.721923828125,-4.260198245556658,-3.930392414613447,1.957817243685239,3.1334306067218325,2.4728299099749043,2.9372984099926045,-0.332309671373509,1.7698340009795157,0.2624860336666558,2.5104853167095733
33.0,20.0,1000.721923828125,-4.260198245556658,-3.930392414613447,1.957817243685239,3.1334306067218325,2.4728299099749043,2.9372984099926045,-0.332309671373509,1.7698340009795157,0.2624860336666558,2.5104853167095733
33.0,20.0,1000.7234497070312,-4.329501672751833,-3.9295904560116326,1.6076935863826776,3.193850043165488,2.456274658500328,2.8896864724465767,-0.332309671373509,1.836309383182377,0.1050669250234616,2.406331918300122
33.0,20.0,1000.7234497070312,-4.329501672751833,-3.9295904560116326,1.6076935863826776,3.193850043165488,2.456274658500328,2.8896864724465767,-0.332309671373509,1.836309383182377,0.1050669250234616,2.406331918300122
33.0,20.0,1000.723876953125,-4.262328937871372,-3.9295698337876575,1.6057198016198024,3.1870366232467355,2.472451996190724,2.8914020283133475,-0.332309671373509,1.7689676083026709,0.1045959390115514,2.497730558088481
33.0,20.0,1000.7254638671876,-4.324488724008179,-3.9295698337876575,1.6076935863826776,3.18630186161181,2.456274658500328,2.89268874097703,-0.332309671373509,1.836520314721372,0.1050669250234616,2.406331918300122
33.0,20.0,1000.7276000976562,-4.262328937871372,-3.9295698337876575,1.6076935863826776,3.18630186161181,2.4728299099749043,2.891204409994811,-0.332309671373509,1.7698340009795157,0.1050669250234616,2.497725805203481
33.0,20.0,1000.7276000976562,-4.262328937871372,-3.9295698337876575,1.6076935863826776,3.18630186161181,2.4728299099749043,2.891204409994811,-0.332309671373509,1.7698340009795157,0.1050669250234616,2.497725805203481
33.0,20.0,1000.7276000976562,-4.262328937871372,-3.9295698337876575,1.6076935863826776,3.18630186161181,2.4728299099749043,2.891204409994811,-0.332309671373509,1.7698340009795157,0.1050669250234616,2.497725805203481
33.0,20.0,1000.7279663085938,-4.262328937871372,-3.9295698337876575,1.6057198016198024,3.1870366232467355,2.4563508256929496,2.8914020283133475,-0.3323094106040816,1.8380010456564264,0.1045959390115514,2.401696681517328
33.0,20.0,1000.7293090820312,-4.261352312446308,-3.9295698337876575,1.6076935863826776,3.18630186161181,2.4728299099749043,2.890391518924349,-0.332309671373509,1.7698340009795157,0.1050669250234616,2.497725805203481
33.0,20.0,1000.7298583984376,-4.260724071503106,-3.9321811464802807,1.6076935863826776,3.18630186161181,2.4728289599119906,2.891204409994811,-0.332309671373509,1.7698340009795157,0.1050834700729539,2.497725805203481
33.0,20.0,1000.7305297851562,-4.324488724008179,-3.7683800187739833,1.7173807363321796,3.18630186161181,2.3474036339750084,2.89268874097703,-0.3435480804558465,1.879067794490376,0.1050669250234616,2.376040584342758
33.0,20.0,1000.7310180664062,-4.255185296813004,-3.930371792389472,1.957817243685239,3.1258824251681543,2.4728299099749043,2.940300678523057,-0.332309671373509,1.7700449325185104,0.2624860336666558,2.5104853167095733
33.0,20.0,1000.731201171875,-4.260198245556658,-3.930392414613447,1.766932577230672,3.2854368947229275,2.4728299099749043,2.981795409967821,-0.332309671373509,1.7698340009795157,0.2624860336666558,2.5104853167095733
33.0,20.0,1000.7317504882812,-4.262328937871372,-3.9295698337876575,1.6076935863826776,3.1863357354034467,2.470369774385077,2.8927198644332464,-0.332309671373509,1.7706800387344346,0.1050669250234616,2.4948169381753167
33.0,20.0,1000.7335205078124,-4.262328937871372,-3.9295698337876575,1.6076935863826776,3.1870867540468706,2.4697255642654348,2.891204409994811,-0.332309671373509,1.768840148251876,0.1050669250234616,2.491219815199917
33.0,20.0,1000.7335205078124,-4.329501672751833,-3.9295904560116326,1.6076935863826776,3.181049693987668,2.456149391906284,2.886437692609727,-0.332309671373509,1.8380395039319863,0.1050669250234616,2.406331918300122
33.0,20.0,1000.735107421875,-4.329501672751833,-3.928626512315692,1.6076935863826776,3.268402558895032,2.455754380988365,2.837913759236612,-0.332309671373509,1.6968170562313574,0.1050669250234616,2.406331918300122
33.0,20.0,1000.7360229492188,-4.995482297995541,-3.740795888514023,-3.862767492783487,2.4651310617396205,1.9232431193100867,2.241942402040716,-0.332309671373509,1.835056020516145,-1.1646390012648673,0.1978825132312498
33.0,20.0,1000.7360229492188,-4.995482297995541,-3.740795888514023,-3.862767492783487,2.4651310617396205,1.9232431193100867,2.241942402040716,-0.332309671373509,1.835056020516145,-1.1646390012648673,0.1978825132312498
33.0,20.0,1000.7360229492188,-4.995482297995541,-3.740795888514023,-3.862767492783487,2.4651310617396205,1.9232431193100867,2.241942402040716,-0.332309671373509,1.835056020516145,-1.1646390012648673,0.1978825132312498
33.0,21.0,1000.6235961914062,-4.995482297995541,-3.740795888514023,-3.862767492783487,0.825711231934917,1.9232431193100867,2.241942402040716,0.5591285430877211,1.7872354664650285,-1.1646407039625928,0.373022303981469
33.0,21.0,1000.640380859375,-4.262328937871372,-3.9295698337876575,1.6057198016198024,3.1870366232467355,2.472451996190724,3.079921310733704,-0.332309671373509,1.7689676083026709,0.1045959390115514,2.497730558088481
33.0,21.0,1000.643798828125,-4.375354424930393,-3.931481569204655,1.7118268756573098,3.3512170739527773,2.47262867825968,2.891403641184726,-0.332309671373509,1.7698340703191415,0.1045137976867045,2.497362164481562
33.0,21.0,1000.6473999023438,-4.375354424930393,-3.933506152150205,1.7133867186089664,3.3512170739527773,2.47262867825968,2.891403641184726,-0.332309671373509,1.7698687458317837,0.1053633703473378,2.491587048380353
33.0,21.0,1000.649658203125,-4.255334998356802,-3.725823098964641,1.7133867186089664,3.180727906670969,2.472765174890108,2.940808197371948,-0.332309671373509,1.8389856208441429,0.0887422090336044,2.50319332976776
33.0,21.0,1000.6626586914062,-4.261055852774428,-3.725823098964641,1.7133867186089664,3.18630186161181,2.472773447909776,2.891403641184726,-0.332309671373509,1.836498881179488,0.0887422090336044,2.50319332976776
33.0,21.0,1000.6640625,-4.262462677726044,-3.725823098964641,1.7133867186089664,3.180727906670969,2.472765174890108,2.885831571107921,-0.332309671373509,1.8389856208441429,0.088735835144365,2.50319332976776
33.0,21.0,1000.6644287109376,-4.375354424930393,-3.737655224969665,1.7133867186089664,3.3512170739527773,2.47262867825968,2.891403641184726,-0.332309671373509,1.7698687458317837,0.1053633703473378,2.4974185351417817
33.0,21.0,1000.6677856445312,-4.243206856972846,-3.734668342499581,1.6076935863826776,3.211590792947824,2.469999911675979,2.905146697231852,-0.332309671373509,1.7698340009795157,0.1050669250234616,2.4762432522686098
33.0,21.0,1000.6764526367188,-4.324488724008179,-3.4371417387736627,1.7067971037924496,3.18630186161181,2.472375828998102,2.892498734321601,-0.3323363572582022,1.7674868773676156,0.106257170945958,2.5023657948712748
33.0,21.0,1000.6771850585938,-4.262107913851839,-3.737655224969665,1.7133867186089664,3.18630186161181,2.4728299099749043,2.9403517684374934,-0.332309671373509,1.7698340009795157,0.2575313533441606,2.497725805203481
33.0,21.0,1000.6781005859376,-4.993499811979549,-3.935697379802099,-3.862767492783487,2.439842130403588,1.7761035846596438,2.229047251065818,-0.332309671373509,1.7005275785327725,-1.1735769873476936,0.4063819690436987
33.0,21.0,1000.6788330078124,-4.255201258502131,-3.936911809020559,1.6073518850299653,3.186336124868546,2.470369774385077,2.947696490697274,-0.332309671373509,1.8349877618631385,0.0897117070289878,2.4911910508072603
33.0,21.0,1000.6808471679688,-4.37208973077209,-3.9296276795973646,1.7067971037924496,3.349422404418409,2.574891837424907,2.8926071482637723,-0.3323356912105237,1.836520314721372,0.1088026707236982,2.499202728091137
33.0,21.0,1000.68115234375,-4.262328937871372,-3.453679929432369,1.6076935863826776,3.18630186161181,2.47283881706559,2.891204409994811,-0.3323371617155125,1.7698340009795157,0.1050669250234616,2.497949713934036
33.0,21.0,1000.6874389648438,-4.326598965881448,-3.9295698337876575,1.7067971037924496,3.1870013715492576,2.472428168699814,2.891192787031381,-0.332309671373509,1.836520314721372,0.1050869993066861,2.4032304215394427
33.0,21.0,1000.6883544921876,-4.260198245556658,-3.7365660703784567,1.959377086636896,3.1334306067218325,2.4728299099749043,2.9372984099926045,-0.332309671373509,1.7698686764921576,0.263335606327289,2.510541687369793
33.0,21.0,1000.6901245117188,-4.375354424930393,-3.737655224969665,1.7133867186089664,3.35079370501512,2.472468148395629,2.891403641184726,-0.332309671373509,1.845021987274424,0.1050594610614147,2.404669925057227
33.0,21.0,1000.6915283203124,-4.324488724008179,-3.9295698337876575,1.7067971037924496,3.18630186161181,2.456274658500328,2.892498734321601,-0.3323360964887749,1.836520314721372,0.106257170945958,2.406331918300122
33.0,21.0,1000.6918334960938,-4.324488724008179,-3.9295698337876575,1.7067971037924496,3.18630186161181,2.456274658500328,2.89268874097703,-0.332309671373509,1.836520314721372,0.1050669250234616,2.406331918300122
33.0,21.0,1000.692138671875,-4.262328937871372,-3.9295698337876575,1.6076935863826776,3.1863357354034467,2.470369774385077,2.8927198644332464,-0.332309671373509,1.8349877618631385,0.1050669250234616,2.494777855249672
33.0,21.0,1000.6928100585938,-4.262328937871372,-3.730313249736764,1.7157022047245536,3.186351602946846,2.4701034780496154,2.8912060228661893,-0.332309671373509,1.7697065409287207,0.1045747869292276,2.494801866757329
33.0,21.0,1000.693603515625,-4.324488724008179,-3.913031643128935,1.7067971037924496,3.18630186161181,2.4723669219074167,2.892498734321601,-0.3323088669161988,1.7674868773676156,0.106257170945958,2.5021418861407194
33.0,21.0,1000.697021484375,-4.990988710381954,-3.740795888514023,-3.862767492783487,2.4651310617396205,1.9231766843120448,2.2405405812039167,-0.332309671373509,1.7654174003770589,-1.1646390012648673,0.2892763998260657
33.0,21.0,1000.6987915039062,-4.929665326023038,-3.741822863820213,-3.862767492783487,2.4184395911161243,1.9232431193100867,2.243280951578805,-0.3352074854389006,1.7005275785327725,-1.1652542366552363,0.1957875101875865
33.0,21.0,1000.7008056640624,-4.329772191273655,-3.725586390254875,1.7094346042851398,3.180756950253841,2.472765174890108,2.8546472113322854,-0.332309671373509,1.8389856208441429,0.0887422090336044,2.5009066284317045
33.0,21.0,1000.7019653320312,-4.255185296813004,-3.930371792389472,1.95375017848918,3.1807986081827355,2.4728299099749043,2.940300678523057,-0.332309671373509,1.7700449325185104,0.2624860336666558,2.5104853167095733
33.0,21.0,1000.7019653320312,-4.255185296813004,-3.930371792389472,1.95375017848918,3.1807986081827355,2.4728299099749043,2.940300678523057,-0.332309671373509,1.7700449325185104,0.2624860336666558,2.5104853167095733
33.0,21.0,1000.702392578125,-4.324488724008179,-3.9295698337876575,1.7067971037924496,3.18630186161181,2.456274658500328,2.892678180357215,-0.3323092660952578,1.836520314721372,0.2614961460517491,2.406331918300122
33.0,21.0,1000.702392578125,-4.324488724008179,-3.9295698337876575,1.7067971037924496,3.18630186161181,2.456274658500328,2.892678180357215,-0.3323092660952578,1.836520314721372,0.2614961460517491,2.406331918300122
33.0,21.0,1000.702392578125,-4.324488724008179,-3.9295698337876575,1.7067971037924496,3.18630186161181,2.456274658500328,2.892678180357215,-0.3323092660952578,1.836520314721372,0.2614961460517491,2.406331918300122
33.0,21.0,1000.703125,-4.2443857995735526,-3.721144422134373,1.556398980786711,3.18630186161181,2.463885833383177,2.919424395529964,-0.332309671373509,1.7698340009795157,0.0944865932165519,2.497725805203481
33.0,21.0,1000.7044677734376,-4.324488724008179,-3.9295698337876575,1.7067971037924496,3.18630186161181,2.456274658500328,2.892488173701786,-0.3323356912105237,1.836520314721372,0.2626863919742455,2.406331918300122
33.0,21.0,1000.704833984375,-4.262328937871372,-3.737655224969665,1.7133867186089664,3.18630186161181,2.4728299099749043,2.891403641184726,-0.332309671373509,1.7698340009795157,0.0887422090336044,2.497725805203481
33.0,21.0,1000.704833984375,-4.262328937871372,-3.737655224969665,1.7133867186089664,3.18630186161181,2.4728299099749043,2.891403641184726,-0.332309671373509,1.7698340009795157,0.0887422090336044,2.497725805203481
33.0,21.0,1000.7050170898438,-4.262328937871372,-3.936911809020559,1.6073518850299653,3.186336124868546,2.470369774385077,2.8927198644332464,-0.332309671373509,1.8349877618631385,0.0897053331397484,2.4911910508072603
33.0,21.0,1000.7091064453124,-4.262328937871372,-3.7356990416877935,1.6010298733051196,3.186351992411945,2.4701034780496154,2.891397810515344,-0.332309671373509,1.7697065409287207,0.0892131950455145,2.497473803547504
33.0,21.0,1000.7103271484376,-4.262328937871372,-3.737655224969665,1.715360503371841,3.186351992411945,2.4701034780496154,2.8912060228661893,-0.332309671373509,1.7697065409287207,0.0892131950455145,2.491215062314917
33.0,21.0,1000.7114868164062,-4.260218695998102,-3.931526017069528,1.7200504316865242,3.186337113309288,2.456298485991238,3.036340821555217,-0.332309671373509,1.7689676083026709,0.3190084499907098,2.55532687692452
33.0,21.0,1000.711669921875,-4.995482297995541,-3.740795888514023,-3.862767492783487,0.825711231934917,1.9232431193100867,2.241942402040716,-0.3295563991349717,1.7872354664650285,-1.1646407039625928,0.373022303981469
33.0,21.0,1000.7117919921876,-4.262328937871372,-3.931526017069528,1.7200504316865242,3.1870366232467355,2.472451996190724,2.891210240664193,-0.332309671373509,1.7689676083026709,0.1045959390115514,2.4914718168558943
33.0,21.0,1000.7117919921876,-4.262328937871372,-3.931526017069528,1.7200504316865242,3.1870366232467355,2.472451996190724,2.891210240664193,-0.332309671373509,1.7689676083026709,0.1045959390115514,2.4914718168558943
33.0,21.0,1000.712890625,-4.261958464601971,-3.933506152150205,1.713382766671152,3.1860331886810846,2.47262867825968,2.8914189469018523,-0.332309671373509,1.7696876299639053,0.1053633703473378,2.491587048380353
33.0,21.0,1000.71337890625,-4.245313557508549,-3.710097019757376,1.7067971037924496,3.18630186161181,2.4564702213093943,2.9174169100128484,-0.3323092660952578,1.7658026644307916,0.2665009556176146,2.4949753784873714
33.0,21.0,1000.71435546875,-4.995482297995541,-3.740795888514023,-3.862767492783487,2.4651310617396205,1.9232431193100867,2.24298953830286,-0.332309671373509,1.7005275785327725,-1.1735769873476936,0.3848994162264338
33.0,21.0,1000.71435546875,-4.995482297995541,-3.740795888514023,-3.862767492783487,2.4651310617396205,1.9232431193100867,2.24298953830286,-0.332309671373509,1.7005275785327725,-1.1735769873476936,0.3848994162264338
33.0,21.0,1000.7173461914062,-4.2546125778899135,-3.930392414613447,1.6128344673639974,3.1338863064524665,2.472747862507024,2.9370070576494887,-0.332309671373509,1.7698340009795157,0.2624860336666558,2.5104853167095733
33.0,21.0,1000.71923828125,-4.990988710381954,-3.740795888514023,-3.909145538303623,2.4651310617396205,1.922788811112764,2.27564275844243,-0.332309671373509,1.7652962126099252,-1.1646390012648673,0.2892763998260657
33.0,21.0,1000.7207641601562,-3.6411426250218417,-3.76088159839739,-4.5807184230308895,2.3786690418147804,-1.3995395150310226,2.7767669251171863,-0.4783527824570663,0.422290008990324,-1.1690410534379645,0.1807175458966912
33.0,21.0,1000.721923828125,-4.260198245556658,-3.930392414613447,1.957817243685239,3.1334306067218325,2.4728299099749043,2.9372984099926045,-0.332309671373509,1.7698340009795157,0.2624860336666558,2.5104853167095733
33.0,22.0,1000.6234741210938,-4.32439576944384,-3.9295698337876575,1.7067971037924496,3.18630186161181,2.456274658500328,2.892488173701786,-0.3323109840144982,1.8302118485052423,0.2612476155560526,2.5001584936358743
33.0,22.0,1000.6235961914062,-4.995482297995541,-3.740795888514023,-3.862767492783487,0.825711231934917,1.9232431193100867,2.241942402040716,0.5591285430877211,1.7872354664650285,-1.1646407039625928,0.373022303981469
33.0,22.0,1000.640380859375,-4.262328937871372,-3.9295698337876575,1.6057198016198024,3.1870366232467355,2.472451996190724,3.079921310733704,-0.332309671373509,1.7689676083026709,0.1045959390115514,2.497730558088481
33.0,22.0,1000.643798828125,-4.375354424930393,-3.931481569204655,1.7118268756573098,3.3512170739527773,2.47262867825968,2.891403641184726,-0.332309671373509,1.7698340703191415,0.1045137976867045,2.497362164481562
33.0,22.0,1000.6441650390624,-4.3240072889878025,-3.725823098964641,1.7133867186089664,3.18630186161181,2.456946180232303,2.892516155530243,-0.3323359860480647,1.836498811658276,0.1063278618418159,2.50319332976776
33.0,22.0,1000.6455078125,-4.324488724008179,-3.913031643128935,1.7067847564316556,3.18630186161181,2.4723669219074167,3.0007022397143475,-0.3323088669161988,1.844266937301008,0.1050603023122064,2.3907845451591747
33.0,22.0,1000.6473999023438,-4.375354424930393,-3.933506152150205,1.7133867186089664,3.3512170739527773,2.47262867825968,2.891403641184726,-0.332309671373509,1.7698687458317837,0.1053633703473378,2.491587048380353
33.0,22.0,1000.6474609375,-4.375354424930393,-3.933506152150205,1.7133867186089664,3.3512170739527773,2.472368399157244,2.891403641184726,-0.3323365624313554,1.7673850604168977,0.1053633703473378,2.4919090279224467
33.0,22.0,1000.649658203125,-4.255334998356802,-3.725823098964641,1.7133867186089664,3.180727906670969,2.472765174890108,2.940808197371948,-0.332309671373509,1.8389856208441429,0.0887422090336044,2.50319332976776
33.0,22.0,1000.6626586914062,-4.261055852774428,-3.725823098964641,1.7133867186089664,3.18630186161181,2.472773447909776,2.891403641184726,-0.332309671373509,1.836498881179488,0.0887422090336044,2.50319332976776
33.0,22.0,1000.6640625,-4.262462677726044,-3.725823098964641,1.7133867186089664,3.180727906670969,2.472765174890108,2.885831571107921,-0.332309671373509,1.8389856208441429,0.088735835144365,2.50319332976776
33.0,22.0,1000.6644287109376,-4.375354424930393,-3.737655224969665,1.7133867186089664,3.3512170739527773,2.47262867825968,2.891403641184726,-0.332309671373509,1.7698687458317837,0.1053633703473378,2.4974185351417817
33.0,22.0,1000.6674194335938,-4.243206856972846,-3.734746223376911,1.6089012519903405,3.211590792947824,2.469999911675979,2.905146697231852,-0.332309671373509,1.769717483153031,0.1050669250234616,2.4762432522686098
33.0,22.0,1000.6677856445312,-4.243206856972846,-3.734668342499581,1.6076935863826776,3.211590792947824,2.469999911675979,2.905146697231852,-0.332309671373509,1.7698340009795157,0.1050669250234616,2.4762432522686098
33.0,22.0,1000.6759643554688,-4.262328303622989,-3.737655224969665,1.7133867186089664,3.187028531129277,2.4728299099749043,2.9403517684374934,-0.332309671373509,1.7698340009795157,0.2532998164209275,2.4977306370742323
33.0,22.0,1000.6764526367188,-4.324488724008179,-3.4371417387736627,1.7067971037924496,3.18630186161181,2.472375828998102,2.892498734321601,-0.3323363572582022,1.7674868773676156,0.106257170945958,2.5023657948712748
33.0,22.0,1000.6766357421876,-4.375354424930393,-3.92951888859768,1.607732219083511,3.350805547584341,2.4724491547906973,2.891403641184726,-0.332309671373509,1.7698687458317837,0.1053633703473378,2.491587048380353
33.0,22.0,1000.6771850585938,-4.262107913851839,-3.737655224969665,1.7133867186089664,3.18630186161181,2.4728299099749043,2.9403517684374934,-0.332309671373509,1.7698340009795157,0.2575313533441606,2.497725805203481
33.0,22.0,1000.6781005859376,-4.993499811979549,-3.935697379802099,-3.862767492783487,2.439842130403588,1.7761035846596438,2.229047251065818,-0.332309671373509,1.7005275785327725,-1.1735769873476936,0.4063819690436987
33.0,22.0,1000.6788330078124,-4.255201258502131,-3.936911809020559,1.6073518850299653,3.186336124868546,2.470369774385077,2.947696490697274,-0.332309671373509,1.8349877618631385,0.0897117070289878,2.4911910508072603
33.0,22.0,1000.6808471679688,-4.37208973077209,-3.9296276795973646,1.7067971037924496,3.349422404418409,2.574891837424907,2.8926071482637723,-0.3323356912105237,1.836520314721372,0.1088026707236982,2.499202728091137
33.0,22.0,1000.68115234375,-4.262328937871372,-3.453679929432369,1.6076935863826776,3.18630186161181,2.47283881706559,2.891204409994811,-0.3323371617155125,1.7698340009795157,0.1050669250234616,2.497949713934036
33.0,22.0,1000.6839599609376,-4.928368406103255,-3.916416797368687,-3.9907916928854057,2.439842130403588,1.7677557865243338,2.237446219096364,-0.332309671373509,1.7005275785327725,-1.2224489135077456,0.4063819690436987
33.0,22.0,1000.6874389648438,-4.326598965881448,-3.9295698337876575,1.7067971037924496,3.1870013715492576,2.472428168699814,2.891192787031381,-0.332309671373509,1.836520314721372,0.1050869993066861,2.4032304215394427
33.0,22.0,1000.687744140625,-4.711869693928026,-3.730235368859434,1.7144945391168906,3.186351602946846,2.4701034780496154,2.8912060228661893,-0.332309671373509,1.7698230587552055,0.1045747869292276,2.494801866757329
33.0,22.0,1000.6883544921876,-4.260198245556658,-3.7365660703784567,1.959377086636896,3.1334306067218325,2.4728299099749043,2.9372984099926045,-0.332309671373509,1.7698686764921576,0.263335606327289,2.510541687369793
33.0,22.0,1000.6886596679688,-4.260335719666392,-3.7365660703784567,1.959377086636896,3.1334306067218325,2.4728299099749043,2.9372984099926045,-0.332309671373509,1.7698686764921576,0.2637459784875138,2.510541687369793
33.0,22.0,1000.6901245117188,-4.375354424930393,-3.737655224969665,1.7133867186089664,3.35079370501512,2.472468148395629,2.891403641184726,-0.332309671373509,1.845021987274424,0.1050594610614147,2.404669925057227
33.0,22.0,1000.690185546875,-4.32514584991038,-3.9312086756287785,1.7067971037924496,3.1870013715492576,2.472428168699814,2.891417750000972,-0.332309671373509,1.8355706402210656,0.104514513590413,2.400142268519029
33.0,22.0,1000.6915283203124,-4.324488724008179,-3.9295698337876575,1.7067971037924496,3.18630186161181,2.456274658500328,2.892498734321601,-0.3323360964887749,1.836520314721372,0.106257170945958,2.406331918300122
33.0,22.0,1000.6918334960938,-4.324488724008179,-3.9295698337876575,1.7067971037924496,3.18630186161181,2.456274658500328,2.89268874097703,-0.332309671373509,1.836520314721372,0.1050669250234616,2.406331918300122
33.0,22.0,1000.692138671875,-4.262328937871372,-3.9295698337876575,1.6076935863826776,3.1863357354034467,2.470369774385077,2.8927198644332464,-0.332309671373509,1.8349877618631385,0.1050669250234616,2.494777855249672
33.0,22.0,1000.6928100585938,-4.262328937871372,-3.730313249736764,1.7157022047245536,3.186351602946846,2.4701034780496154,2.8912060228661893,-0.332309671373509,1.7697065409287207,0.1045747869292276,2.494801866757329
33.0,22.0,1000.693603515625,-4.324488724008179,-3.913031643128935,1.7067971037924496,3.18630186161181,2.4723669219074167,2.892498734321601,-0.3323088669161988,1.7674868773676156,0.106257170945958,2.5021418861407194
33.0,22.0,1000.697021484375,-4.990988710381954,-3.740795888514023,-3.862767492783487,2.4651310617396205,1.9231766843120448,2.2405405812039167,-0.332309671373509,1.7654174003770589,-1.1646390012648673,0.2892763998260657
33.0,22.0,1000.697265625,-4.990988710381954,-3.7407875409341886,-3.862767492783487,2.4651310617396205,1.9232432555468848,2.240527224304613,-0.3351957592440833,1.7582707420318262,-1.1646390012648673,0.2892763998260657
33.0,22.0,1000.697509765625,-4.929665326023038,-3.741831211400048,-3.862767492783487,2.4184395911161243,1.9231765480752463,2.243294308478109,-0.3323213975683263,1.7076742368780051,-1.1652542366552363,0.1957875101875865
33.0,22.0,1000.6985473632812,-4.133384077308737,-3.9295698337876575,1.6057198016198024,3.1863099537292685,2.472451996190724,3.079921310733704,-0.332309671373509,1.7689676083026709,0.1088274759347845,2.4977257262177304
33.0,22.0,1000.6987915039062,-4.929665326023038,-3.741822863820213,-3.862767492783487,2.4184395911161243,1.9232431193100867,2.243280951578805,-0.3352074854389006,1.7005275785327725,-1.1652542366552363,0.1957875101875865
33.0,22.0,1000.7008056640624,-4.329772191273655,-3.725586390254875,1.7094346042851398,3.180756950253841,2.472765174890108,2.8546472113322854,-0.332309671373509,1.8389856208441429,0.0887422090336044,2.5009066284317045
33.0,22.0,1000.7019653320312,-4.255185296813004,-3.930371792389472,1.95375017848918,3.1807986081827355,2.4728299099749043,2.940300678523057,-0.332309671373509,1.7700449325185104,0.2624860336666558,2.5104853167095733
33.0,22.0,1000.7019653320312,-4.255185296813004,-3.930371792389472,1.95375017848918,3.1807986081827355,2.4728299099749043,2.940300678523057,-0.332309671373509,1.7700449325185104,0.2624860336666558,2.5104853167095733
33.0,22.0,1000.702392578125,-4.324488724008179,-3.9295698337876575,1.7067971037924496,3.18630186161181,2.456274658500328,2.892678180357215,-0.3323092660952578,1.836520314721372,0.2614961460517491,2.406331918300122
33.0,22.0,1000.702392578125,-4.324488724008179,-3.9295698337876575,1.7067971037924496,3.18630186161181,2.456274658500328,2.892678180357215,-0.3323092660952578,1.836520314721372,0.2614961460517491,2.406331918300122
33.0,22.0,1000.702392578125,-4.324488724008179,-3.9295698337876575,1.7067971037924496,3.18630186161181,2.456274658500328,2.892678180357215,-0.3323092660952578,1.836520314721372,0.2614961460517491,2.406331918300122
33.0,22.0,1000.703125,-4.2443857995735526,-3.721144422134373,1.556398980786711,3.18630186161181,2.463885833383177,2.919424395529964,-0.332309671373509,1.7698340009795157,0.0944865932165519,2.497725805203481
33.0,22.0,1000.7044677734376,-4.324488724008179,-3.9295698337876575,1.7067971037924496,3.18630186161181,2.456274658500328,2.892488173701786,-0.3323356912105237,1.836520314721372,0.2626863919742455,2.406331918300122
33.0,22.0,1000.704833984375,-4.262328937871372,-3.737655224969665,1.7133867186089664,3.18630186161181,2.4728299099749043,2.891403641184726,-0.332309671373509,1.7698340009795157,0.0887422090336044,2.497725805203481
33.0,22.0,1000.704833984375,-4.262328937871372,-3.737655224969665,1.7133867186089664,3.18630186161181,2.4728299099749043,2.891403641184726,-0.332309671373509,1.7698340009795157,0.0887422090336044,2.497725805203481
33.0,22.0,1000.704833984375,-4.570865879978474,-3.9295698337876575,1.7067971037924496,3.18630186161181,2.472101926177801,2.8913862199760847,-0.3323097818142192,1.836520384242584,0.0886715181377465,2.406331918300122
33.0,23.0,1000.6171875,-4.32514584991038,-3.764815288619536,1.6670956185099366,3.1870013715492576,2.472428168699814,2.891417750000972,-0.3322972212530069,1.8355706402210656,0.1146648986862247,2.4138442306973213
33.0,23.0,1000.6234741210938,-4.32439576944384,-3.9295698337876575,1.7067971037924496,3.18630186161181,2.456274658500328,2.892488173701786,-0.3323109840144982,1.8302118485052423,0.2612476155560526,2.5001584936358743
33.0,23.0,1000.6235961914062,-4.995482297995541,-3.740795888514023,-3.862767492783487,0.825711231934917,1.9232431193100867,2.241942402040716,0.5591285430877211,1.7872354664650285,-1.1646407039625928,0.373022303981469
33.0,23.0,1000.6277465820312,-4.324382102113296,-3.933506152150205,1.7133867186089664,3.3360408189267847,2.472368399157244,2.891403641184726,-0.3323094315761534,1.7674812475221355,0.1053633703473378,2.4919090279224467
33.0,23.0,1000.6351928710938,-4.327970611099635,-3.936911809020559,1.6073518850299653,3.186335334168562,2.4709301456035395,3.186909412674877,-0.3323082943152451,1.8349104585359752,0.0897117070289878,2.6456401866068724
33.0,23.0,1000.640380859375,-4.262328937871372,-3.9295698337876575,1.6057198016198024,3.1870366232467355,2.472451996190724,3.079921310733704,-0.332309671373509,1.7689676083026709,0.1045959390115514,2.497730558088481
33.0,23.0,1000.643798828125,-4.375354424930393,-3.931481569204655,1.7118268756573098,3.3512170739527773,2.47262867825968,2.891403641184726,-0.332309671373509,1.7698340703191415,0.1045137976867045,2.497362164481562
33.0,23.0,1000.643798828125,-4.375354424930393,-3.931481569204655,1.7118268756573098,3.3512170739527773,2.47262867825968,2.891403641184726,-0.332309671373509,1.7698340703191415,0.1045137976867045,2.497362164481562
33.0,23.0,1000.643798828125,-4.262328937871372,-3.731339707892297,1.7129661930676063,3.1870366232467355,2.472783002303656,3.083278968576811,-0.332309671373509,1.7689676083026709,0.1062588674037856,2.503248086464151
33.0,23.0,1000.6441650390624,-4.3240072889878025,-3.725823098964641,1.7133867186089664,3.18630186161181,2.456946180232303,2.892516155530243,-0.3323359860480647,1.836498811658276,0.1063278618418159,2.50319332976776
33.0,23.0,1000.6455078125,-4.324488724008179,-3.913031643128935,1.7067847564316556,3.18630186161181,2.4723669219074167,3.0007022397143475,-0.3323088669161988,1.844266937301008,0.1050603023122064,2.3907845451591747
33.0,23.0,1000.647216796875,-4.995482297995541,-3.740883150943039,-2.994884962819264,0.8807152765063795,1.9232431193100867,2.197025178223794,-0.3337530145726463,1.770795970846452,-1.2072801902042969,0.4795526277813488
33.0,23.0,1000.6473999023438,-4.375354424930393,-3.933506152150205,1.7133867186089664,3.3512170739527773,2.47262867825968,2.891403641184726,-0.332309671373509,1.7698687458317837,0.1053633703473378,2.491587048380353
33.0,23.0,1000.6473999023438,-4.375354424930393,-3.933506152150205,1.7133867186089664,3.3512170739527773,2.4726291291302305,2.891403641184726,-0.332309671373509,1.7698687458317837,0.1053633703473378,2.491587048380353
33.0,23.0,1000.6474609375,-4.375354424930393,-3.933506152150205,1.7133867186089664,3.3512170739527773,2.472368399157244,2.891403641184726,-0.3323365624313554,1.7673850604168977,0.1053633703473378,2.4919090279224467
33.0,23.0,1000.649658203125,-4.255334998356802,-3.725823098964641,1.7133867186089664,3.180727906670969,2.472765174890108,2.940808197371948,-0.332309671373509,1.8389856208441429,0.0887422090336044,2.50319332976776
33.0,23.0,1000.6497802734376,-4.262328937871372,-3.9295698337876575,1.6057198016198024,3.1870366232467355,2.472451996190724,3.079921310733704,-0.332309671373509,1.967172018759516,0.1045959390115514,2.497730558088481
33.0,23.0,1000.6593627929688,-4.251237936390298,-3.725823098964641,1.7133867186089664,3.1863026523117943,2.4563858090138413,2.892516155530243,-0.3323373631063285,1.836576114985439,0.1063278618418159,2.5030392815150457
33.0,23.0,1000.6626586914062,-4.261055852774428,-3.725823098964641,1.7133867186089664,3.18630186161181,2.472773447909776,2.891403641184726,-0.332309671373509,1.836498881179488,0.0887422090336044,2.50319332976776
33.0,23.0,1000.6626586914062,-4.261055852774428,-3.725823098964641,1.7133867186089664,3.18630186161181,2.472773447909776,2.891403641184726,-0.332309671373509,1.836498881179488,0.0887422090336044,2.50319332976776
33.0,23.0,1000.6638793945312,-4.262113992142574,-3.726399123057552,1.7133867186089664,3.1807743626833123,2.472765174890108,2.885831571107921,-0.332309671373509,1.8389856208441429,0.088735835144365,2.503211517833832
33.0,23.0,1000.6640625,-4.262462677726044,-3.725823098964641,1.7133867186089664,3.180727906670969,2.472765174890108,2.885831571107921,-0.332309671373509,1.8389856208441429,0.088735835144365,2.50319332976776
33.0,23.0,1000.6644287109376,-4.375354424930393,-3.737655224969665,1.7133867186089664,3.3512170739527773,2.47262867825968,2.891403641184726,-0.332309671373509,1.7698687458317837,0.1053633703473378,2.4974185351417817
33.0,23.0,1000.6674194335938,-4.243206856972846,-3.734746223376911,1.6089012519903405,3.211590792947824,2.469999911675979,2.905146697231852,-0.332309671373509,1.769717483153031,0.1050669250234616,2.4762432522686098
33.0,23.0,1000.6677856445312,-4.243206856972846,-3.734668342499581,1.6076935863826776,3.211590792947824,2.469999911675979,2.905146697231852,-0.332309671373509,1.7698340009795157,0.1050669250234616,2.4762432522686098
33.0,23.0,1000.6759643554688,-4.262328303622989,-3.737655224969665,1.7133867186089664,3.187028531129277,2.4728299099749043,2.9403517684374934,-0.332309671373509,1.7698340009795157,0.2532998164209275,2.4977306370742323
33.0,23.0,1000.6764526367188,-4.324488724008179,-3.4371417387736627,1.7067971037924496,3.18630186161181,2.472375828998102,2.892498734321601,-0.3323363572582022,1.7674868773676156,0.106257170945958,2.5023657948712748
33.0,23.0,1000.6764526367188,-4.324488724008179,-3.4371417387736627,1.7067971037924496,3.18630186161181,2.472375828998102,2.892498734321601,-0.3323363572582022,1.7674868773676156,0.106257170945958,2.5023657948712748
33.0,23.0,1000.6766357421876,-4.375354424930393,-3.92951888859768,1.607732219083511,3.350805547584341,2.4724491547906973,2.891403641184726,-0.332309671373509,1.7698687458317837,0.1053633703473378,2.491587048380353
33.0,23.0,1000.6766357421876,-4.375354424930393,-3.92951888859768,1.607732219083511,3.350805547584341,2.472448703920146,2.891403641184726,-0.332309671373509,1.7698687458317837,0.1053633703473378,2.491587048380353
33.0,23.0,1000.6771850585938,-4.262107913851839,-3.737655224969665,1.7133867186089664,3.18630186161181,2.4728299099749043,2.9403517684374934,-0.332309671373509,1.7698340009795157,0.2575313533441606,2.497725805203481
33.0,23.0,1000.6781005859376,-4.993499811979549,-3.935697379802099,-3.862767492783487,2.439842130403588,1.7761035846596438,2.229047251065818,-0.332309671373509,1.7005275785327725,-1.1735769873476936,0.4063819690436987
33.0,23.0,1000.6781005859376,-4.993499811979549,-3.935697379802099,-3.862767492783487,2.439842130403588,1.7761035846596438,2.229047251065818,-0.332309671373509,1.7005275785327725,-1.1735769873476936,0.4063819690436987
33.0,23.0,1000.6788330078124,-4.255201258502131,-3.936911809020559,1.6073518850299653,3.186336124868546,2.470369774385077,2.947696490697274,-0.332309671373509,1.8349877618631385,0.0897117070289878,2.4911910508072603
33.0,23.0,1000.6808471679688,-4.37208973077209,-3.9296276795973646,1.7067971037924496,3.349422404418409,2.574891837424907,2.8926071482637723,-0.3323356912105237,1.836520314721372,0.1088026707236982,2.499202728091137
33.0,23.0,1000.68115234375,-4.262328937871372,-3.453679929432369,1.6076935863826776,3.18630186161181,2.47283881706559,2.891204409994811,-0.3323371617155125,1.7698340009795157,0.1050669250234616,2.497949713934036
33.0,23.0,1000.683349609375,-4.333056743803225,-3.9295698337876575,1.684302612225936,3.18630186161181,2.4806486779590875,2.921125633735565,-0.3323360964887749,1.8377412391957315,0.1388062092800543,2.406331918300122
33.0,23.0,1000.6838989257812,-4.255334998356802,-3.924053224860002,1.6061403271611627,3.180727906670969,2.472434168777176,2.937450539528841,-0.332309671373509,1.8389856208441429,0.0870792806413701,2.497675801392089
33.0,23.0,1000.6839599609376,-4.928368406103255,-3.916416797368687,-3.9907916928854057,2.439842130403588,1.7677557865243338,2.237446219096364,-0.332309671373509,1.7005275785327725,-1.2224489135077456,0.4063819690436987
33.0,23.0,1000.6874389648438,-4.326598965881448,-3.9295698337876575,1.7067971037924496,3.1870013715492576,2.472428168699814,2.891192787031381,-0.332309671373509,1.836520314721372,0.1050869993066861,2.4032304215394427
33.0,23.0,1000.687744140625,-4.711869693928026,-3.730235368859434,1.7144945391168906,3.186351602946846,2.4701034780496154,2.8912060228661893,-0.332309671373509,1.7698230587552055,0.1045747869292276,2.494801866757329
33.0,23.0,1000.6883544921876,-4.260198245556658,-3.7365660703784567,1.959377086636896,3.1334306067218325,2.4728299099749043,2.9372984099926045,-0.332309671373509,1.7698686764921576,0.263335606327289,2.510541687369793
33.0,23.0,1000.6886596679688,-4.260335719666392,-3.7365660703784567,1.959377086636896,3.1334306067218325,2.4728299099749043,2.9372984099926045,-0.332309671373509,1.7698686764921576,0.2637459784875138,2.510541687369793
33.0,23.0,1000.6896362304688,-4.262328937871372,-3.9295698337876575,1.6076935863826776,3.1863357354034467,2.472628110537382,2.8927198644332464,-0.3323371733796151,1.8349877618631385,0.1050669250234616,2.494777855249672
33.0,23.0,1000.6900634765624,-4.718880635537414,-3.730235368859434,1.7144637144951482,3.186351602946846,2.4701034780496154,2.8912060228661893,-0.332309671373509,1.7698230587552055,0.1045747869292276,2.497828510205278
33.0,23.0,1000.6901245117188,-4.375354424930393,-3.737655224969665,1.7133867186089664,3.35079370501512,2.472468148395629,2.891403641184726,-0.332309671373509,1.845021987274424,0.1050594610614147,2.404669925057227
33.0,23.0,1000.690185546875,-4.32514584991038,-3.9312086756287785,1.7067971037924496,3.1870013715492576,2.472428168699814,2.891417750000972,-0.332309671373509,1.8355706402210656,0.104514513590413,2.400142268519029
33.0,23.0,1000.6914672851562,-4.169322695906241,-3.9295698337876575,1.7067971037924496,3.1870013715492576,2.472428168699814,2.892736716838456,-0.332309671373509,1.836520314721372,0.1050670232066989,2.4029250815523056
33.0,23.0,1000.6915283203124,-4.324488724008179,-3.9295698337876575,1.7067971037924496,3.18630186161181,2.456274658500328,2.892498734321601,-0.3323360964887749,1.836520314721372,0.106257170945958,2.406331918300122
33.0,23.0,1000.6918334960938,-4.324488724008179,-3.9295698337876575,1.7067971037924496,3.18630186161181,2.456274658500328,2.89268874097703,-0.332309671373509,1.836520314721372,0.1050669250234616,2.406331918300122
33.0,24.0,1000.6117553710938,-4.377498928100073,-3.9295698337876575,1.7067971037924496,3.1933130944466224,2.4726134646262685,2.892464787261779,-0.3323109615059008,1.8302118485052423,0.2612476155560526,2.5001584936358743
33.0,24.0,1000.6165161132812,-4.375354424930393,-3.931123264230105,1.7118268756573098,3.3498369294551127,2.47262867825968,2.891403641184726,-0.332309671373509,1.833687576299194,0.1050552032213321,2.497362164481562
33.0,24.0,1000.6171875,-4.32514584991038,-3.764815288619536,1.6670956185099366,3.1870013715492576,2.472428168699814,2.891417750000972,-0.3322972212530069,1.8355706402210656,0.1146648986862247,2.4138442306973213
33.0,24.0,1000.6234741210938,-4.32439576944384,-3.9295698337876575,1.7067971037924496,3.18630186161181,2.456274658500328,2.892488173701786,-0.3323109840144982,1.8302118485052423,0.2612476155560526,2.5001584936358743
33.0,24.0,1000.6235961914062,-4.995482297995541,-3.740795888514023,-3.862767492783487,0.825711231934917,1.9232431193100867,2.241942402040716,0.5591285430877211,1.7872354664650285,-1.1646407039625928,0.373022303981469
33.0,24.0,1000.6277465820312,-4.324382102113296,-3.933506152150205,1.7133867186089664,3.3360408189267847,2.472368399157244,2.891403641184726,-0.3323094315761534,1.7674812475221355,0.1053633703473378,2.4919090279224467
33.0,24.0,1000.6351928710938,-4.327970611099635,-3.936911809020559,1.6073518850299653,3.186335334168562,2.4709301456035395,3.186909412674877,-0.3323082943152451,1.8349104585359752,0.0897117070289878,2.6456401866068724
33.0,24.0,1000.63818359375,-4.37629998519405,-3.924840650212884,1.711842189358151,3.3512170739527773,2.4727660332176127,2.891403641184726,-0.332309671373509,1.7698340703191415,0.1045421570442849,2.497362164481562
33.0,24.0,1000.640380859375,-4.262328937871372,-3.9295698337876575,1.6057198016198024,3.1870366232467355,2.472451996190724,3.079921310733704,-0.332309671373509,1.7689676083026709,0.1045959390115514,2.497730558088481
33.0,24.0,1000.643798828125,-4.375354424930393,-3.931481569204655,1.7118268756573098,3.3512170739527773,2.47262867825968,2.891403641184726,-0.332309671373509,1.7698340703191415,0.1045137976867045,2.497362164481562
33.0,24.0,1000.643798828125,-4.375354424930393,-3.931481569204655,1.7118268756573098,3.3512170739527773,2.47262867825968,2.891403641184726,-0.332309671373509,1.7698340703191415,0.1045137976867045,2.497362164481562
33.0,24.0,1000.643798828125,-4.262328937871372,-3.731339707892297,1.7129661930676063,3.1870366232467355,2.472783002303656,3.083278968576811,-0.332309671373509,1.7689676083026709,0.1062588674037856,2.503248086464151
33.0,24.0,1000.643798828125,-4.262328937871372,-3.731339707892297,1.7129661930676063,3.1870366232467355,2.472783002303656,3.083278968576811,-0.332309671373509,1.7689676083026709,0.1062588674037856,2.503248086464151
33.0,24.0,1000.6441650390624,-4.3240072889878025,-3.725823098964641,1.7133867186089664,3.18630186161181,2.456946180232303,2.892516155530243,-0.3323359860480647,1.836498811658276,0.1063278618418159,2.50319332976776
33.0,24.0,1000.6448364257812,-4.375354424930393,-3.931481569204655,1.7133437714037,3.3512170739527773,2.4727636643504187,2.8920689628748555,-0.332309671373509,1.7698340703191415,0.1045137976867045,2.497362164481562
33.0,24.0,1000.6455078125,-4.324488724008179,-3.913031643128935,1.7067847564316556,3.18630186161181,2.4723669219074167,3.0007022397143475,-0.3323088669161988,1.844266937301008,0.1050603023122064,2.3907845451591747
33.0,24.0,1000.6455688476562,-4.261583212633273,-3.725823098964641,1.7133867186089664,3.180727906670969,2.472765174890108,2.9379054557930258,-0.332309671373509,1.8389856208441429,0.0887420428504288,2.50319332976776
33.0,24.0,1000.6461791992188,-4.251333402458847,-3.936911809020559,1.6073518850299653,3.186335334168562,2.4712118499462035,3.186909412674877,-0.3323082943152451,1.8349104585359752,0.1068360939851538,2.644874377142238
33.0,24.0,1000.6471557617188,-4.375354424930393,-3.933506152150205,1.7133867186089664,3.3512170739527773,2.472368399157244,2.891403641184726,-0.332308664514011,1.7698771127189288,0.1053633703473378,2.491906694599056
33.0,24.0,1000.647216796875,-4.995482297995541,-3.740883150943039,-2.994884962819264,0.8807152765063795,1.9232431193100867,2.197025178223794,-0.3337530145726463,1.770795970846452,-1.2072801902042969,0.4795526277813488
33.0,24.0,1000.647216796875,-4.995482297995541,-3.740883150943039,-2.994884962819264,0.8807152765063795,1.9232431193100867,2.197025178223794,-0.3337530145726463,1.770795970846452,-1.2072801902042969,0.4795526277813488
33.0,24.0,1000.6473999023438,-4.375354424930393,-3.933506152150205,1.7133867186089664,3.3512170739527773,2.47262867825968,2.891403641184726,-0.332309671373509,1.7698687458317837,0.1053633703473378,2.491587048380353
33.0,24.0,1000.6473999023438,-4.375354424930393,-3.933506152150205,1.7133867186089664,3.3512170739527773,2.4726291291302305,2.891403641184726,-0.332309671373509,1.7698687458317837,0.1053633703473378,2.491587048380353
33.0,24.0,1000.6474609375,-4.375354424930393,-3.933506152150205,1.7133867186089664,3.3512170739527773,2.472368399157244,2.891403641184726,-0.3323365624313554,1.7673850604168977,0.1053633703473378,2.4919090279224467
33.0,24.0,1000.647705078125,-4.375354424930393,-3.933506152150205,1.7133867186089664,3.3512170739527773,2.47262867825968,2.891403641184726,-0.3323375692908534,1.7673766935297526,0.1053633703473378,2.491589381703744
33.0,24.0,1000.649658203125,-4.255334998356802,-3.725823098964641,1.7133867186089664,3.180727906670969,2.472765174890108,2.940808197371948,-0.332309671373509,1.8389856208441429,0.0887422090336044,2.50319332976776
33.0,24.0,1000.6497802734376,-4.262328937871372,-3.9295698337876575,1.6057198016198024,3.1870366232467355,2.472451996190724,3.079921310733704,-0.332309671373509,1.967172018759516,0.1045959390115514,2.497730558088481
33.0,24.0,1000.650634765625,-4.262113992142574,-3.726399123057552,1.7118698228625766,3.1807743626833123,2.4726301887993687,2.956312445719198,-0.332309671373509,1.8389856208441429,0.2197865038880047,2.503211517833832
33.0,24.0,1000.6542358398438,-4.327970611099635,-3.937270113995109,1.6073518850299653,3.1877154786662265,2.4709301456035395,3.186909412674877,-0.3323082943152451,1.7710569525559228,0.0891703014943602,2.6456401866068724
33.0,24.0,1000.6588134765624,-4.26011029251077,-3.732464017956412,1.7133714049081257,3.18630186161181,2.4726360929518423,2.891403641184726,-0.332309671373509,1.836498881179488,0.088713849676024,2.50319332976776
33.0,24.0,1000.658935546875,-4.327875145031086,-3.725823098964641,1.7133867186089664,3.1863026523117943,2.4561041046711773,2.892516155530243,-0.3323373631063285,1.836576114985439,0.0892034748856499,2.50380509097968
33.0,24.0,1000.6593627929688,-4.251237936390298,-3.725823098964641,1.7133867186089664,3.1863026523117943,2.4563858090138413,2.892516155530243,-0.3323373631063285,1.836576114985439,0.1063278618418159,2.5030392815150457
33.0,24.0,1000.6626586914062,-4.261055852774428,-3.725823098964641,1.7133867186089664,3.18630186161181,2.472773447909776,2.891403641184726,-0.332309671373509,1.836498881179488,0.0887422090336044,2.50319332976776
33.0,24.0,1000.6626586914062,-4.261055852774428,-3.725823098964641,1.7133867186089664,3.18630186161181,2.472773447909776,2.891403641184726,-0.332309671373509,1.836498881179488,0.0887422090336044,2.50319332976776
33.0,24.0,1000.6626586914062,-4.261055852774428,-3.725823098964641,1.7133867186089664,3.18630186161181,2.472773447909776,2.891403641184726,-0.332309671373509,1.836498881179488,0.0887422090336044,2.50319332976776
33.0,24.0,1000.6638793945312,-4.262113992142574,-3.726399123057552,1.7133867186089664,3.1807743626833123,2.472765174890108,2.885831571107921,-0.332309671373509,1.8389856208441429,0.088735835144365,2.503211517833832
33.0,24.0,1000.6640625,-4.262462677726044,-3.725823098964641,1.7133867186089664,3.180727906670969,2.472765174890108,2.885831571107921,-0.332309671373509,1.8389856208441429,0.088735835144365,2.50319332976776
33.0,24.0,1000.6644287109376,-4.375354424930393,-3.737655224969665,1.7133867186089664,3.3512170739527773,2.47262867825968,2.891403641184726,-0.332309671373509,1.7698687458317837,0.1053633703473378,2.4974185351417817
33.0,24.0,1000.66455078125,-4.256214463449574,-3.725823098964641,1.7133867186089664,3.180727906670969,2.472765174890108,2.8887343126868434,-0.332309671373509,1.8389856208441429,0.0887360013275406,2.50319332976776
33.0,24.0,1000.6674194335938,-4.243206856972846,-3.734746223376911,1.6089012519903405,3.211590792947824,2.469999911675979,2.905146697231852,-0.332309671373509,1.769717483153031,0.1050669250234616,2.4762432522686098
33.0,24.0,1000.6677856445312,-4.243206856972846,-3.734668342499581,1.6076935863826776,3.211590792947824,2.469999911675979,2.905146697231852,-0.332309671373509,1.7698340009795157,0.1050669250234616,2.4762432522686098
33.0,24.0,1000.6759643554688,-4.262328303622989,-3.737655224969665,1.7133867186089664,3.187028531129277,2.4728299099749043,2.9403517684374934,-0.332309671373509,1.7698340009795157,0.2532998164209275,2.4977306370742323
33.0,24.0,1000.6764526367188,-4.324488724008179,-3.4371417387736627,1.7067971037924496,3.18630186161181,2.472375828998102,2.892498734321601,-0.3323363572582022,1.7674868773676156,0.106257170945958,2.5023657948712748
33.0,24.0,1000.6764526367188,-4.324488724008179,-3.4371417387736627,1.7067971037924496,3.18630186161181,2.472375828998102,2.892498734321601,-0.3323363572582022,1.7674868773676156,0.106257170945958,2.5023657948712748
33.0,24.0,1000.6766357421876,-4.375354424930393,-3.92951888859768,1.607732219083511,3.350805547584341,2.4724491547906973,2.891403641184726,-0.332309671373509,1.7698687458317837,0.1053633703473378,2.491587048380353
33.0,24.0,1000.6766357421876,-4.375354424930393,-3.92951888859768,1.607732219083511,3.350805547584341,2.472448703920146,2.891403641184726,-0.332309671373509,1.7698687458317837,0.1053633703473378,2.491587048380353
33.0,24.0,1000.6771850585938,-4.262107913851839,-3.737655224969665,1.7133867186089664,3.18630186161181,2.4728299099749043,2.9403517684374934,-0.332309671373509,1.7698340009795157,0.2575313533441606,2.497725805203481
33.0,24.0,1000.677734375,-4.262107913851839,-3.734609170972818,1.7133867186089664,3.18630186161181,2.472817327161075,2.9403517684374934,-0.332309671373509,1.7698340009795157,0.2575313533441606,2.497725805203481
33.0,24.0,1000.6781005859376,-4.993499811979549,-3.935697379802099,-3.862767492783487,2.439842130403588,1.7761035846596438,2.229047251065818,-0.332309671373509,1.7005275785327725,-1.1735769873476936,0.4063819690436987
33.0,24.0,1000.6781005859376,-4.993499811979549,-3.935697379802099,-3.862767492783487,2.439842130403588,1.7761035846596438,2.229047251065818,-0.332309671373509,1.7005275785327725,-1.1735769873476936,0.4063819690436987
33.0,25.0,1000.6117553710938,-4.377498928100073,-3.9295698337876575,1.7067971037924496,3.1933130944466224,2.4726134646262685,2.892464787261779,-0.3323109615059008,1.8302118485052423,0.2612476155560526,2.5001584936358743
33.0,25.0,1000.6165161132812,-4.375354424930393,-3.931123264230105,1.7118268756573098,3.3498369294551127,2.47262867825968,2.891403641184726,-0.332309671373509,1.833687576299194,0.1050552032213321,2.497362164481562
33.0,25.0,1000.6171875,-4.32514584991038,-3.764815288619536,1.6670956185099366,3.1870013715492576,2.472428168699814,2.891417750000972,-0.3322972212530069,1.8355706402210656,0.1146648986862247,2.4138442306973213
33.0,25.0,1000.6234741210938,-4.32439576944384,-3.9295698337876575,1.7067971037924496,3.18630186161181,2.456274658500328,2.892488173701786,-0.3323109840144982,1.8302118485052423,0.2612476155560526,2.5001584936358743
33.0,25.0,1000.6235961914062,-4.995482297995541,-3.740795888514023,-3.862767492783487,0.825711231934917,1.9232431193100867,2.241942402040716,0.5591285430877211,1.7872354664650285,-1.1646407039625928,0.373022303981469
33.0,25.0,1000.6265258789062,-4.324382102113296,-3.9312815100706167,1.7132802313626216,3.3360408189267847,2.472623358568418,2.891403641184726,-0.3323094346935367,1.7674812475221355,0.1050471295580947,2.4919090279224467
33.0,25.0,1000.6277465820312,-4.324382102113296,-3.933506152150205,1.7133867186089664,3.3360408189267847,2.472368399157244,2.891403641184726,-0.3323094315761534,1.7674812475221355,0.1053633703473378,2.4919090279224467
33.0,25.0,1000.634765625,-4.261087288814517,-3.725823098964641,1.7133867186089664,3.1863026523117943,2.472276361455553,3.0810202035419003,-0.3323101701108462,1.836576114985439,0.1058398387212805,2.5037938897047374
33.0,25.0,1000.6348876953124,-4.324382102113296,-3.933506152150205,1.7133867186089664,3.324621259143517,2.472368399157244,2.891403641184726,-0.3323094315761534,1.7674812475221355,0.1053633703473378,2.4919090279224467
33.0,25.0,1000.6351928710938,-4.327970611099635,-3.936911809020559,1.6073518850299653,3.186335334168562,2.4709301456035395,3.186909412674877,-0.3323082943152451,1.8349104585359752,0.0897117070289878,2.6456401866068724
33.0,25.0,1000.63818359375,-4.37629998519405,-3.924840650212884,1.711842189358151,3.3512170739527773,2.4727660332176127,2.891403641184726,-0.332309671373509,1.7698340703191415,0.1045421570442849,2.497362164481562
33.0,25.0,1000.640380859375,-4.262328937871372,-3.9295698337876575,1.6057198016198024,3.1870366232467355,2.472451996190724,3.079921310733704,-0.332309671373509,1.7689676083026709,0.1045959390115514,2.497730558088481
33.0,25.0,1000.6431274414062,-4.3240072889878025,-3.725823098964641,1.7133867186089664,3.18630186161181,2.4726295708705504,2.891095666516998,-0.3323097292475824,1.836498811658276,0.1077732838627875,2.50319332976776
33.0,25.0,1000.643798828125,-4.375354424930393,-3.931481569204655,1.7118268756573098,3.3512170739527773,2.47262867825968,2.891403641184726,-0.332309671373509,1.7698340703191415,0.1045137976867045,2.497362164481562
33.0,25.0,1000.643798828125,-4.375354424930393,-3.931481569204655,1.7118268756573098,3.3512170739527773,2.47262867825968,2.891403641184726,-0.332309671373509,1.7698340703191415,0.1045137976867045,2.497362164481562
33.0,25.0,1000.643798828125,-4.262328937871372,-3.731339707892297,1.7129661930676063,3.1870366232467355,2.472783002303656,3.083278968576811,-0.332309671373509,1.7689676083026709,0.1062588674037856,2.503248086464151
33.0,25.0,1000.643798828125,-4.262328937871372,-3.731339707892297,1.7129661930676063,3.1870366232467355,2.472783002303656,3.083278968576811,-0.332309671373509,1.7689676083026709,0.1062588674037856,2.503248086464151
33.0,25.0,1000.6441650390624,-4.3240072889878025,-3.725823098964641,1.7133867186089664,3.18630186161181,2.456946180232303,2.892516155530243,-0.3323359860480647,1.836498811658276,0.1063278618418159,2.50319332976776
33.0,25.0,1000.6441650390624,-4.264183246436023,-3.726399123057552,1.7133867186089664,3.1807743626833123,2.472765174890108,2.95187934533021,-0.332309671373509,1.8389856208441429,0.2151909273203497,2.503211517833832
33.0,25.0,1000.6447143554688,-4.377498928100073,-3.9295698337876575,1.7067971037924496,3.1933130944466224,2.4726134646262685,2.892464787261779,-0.3323109615059008,1.801137307906722,0.2612476155560526,2.5001584936358743
33.0,25.0,1000.6448364257812,-4.375354424930393,-3.931481569204655,1.7133437714037,3.3512170739527773,2.4727636643504187,2.8920689628748555,-0.332309671373509,1.7698340703191415,0.1045137976867045,2.497362164481562
33.0,25.0,1000.6455078125,-4.324488724008179,-3.913031643128935,1.7067847564316556,3.18630186161181,2.4723669219074167,3.0007022397143475,-0.3323088669161988,1.844266937301008,0.1050603023122064,2.3907845451591747
33.0,25.0,1000.6455078125,-4.324488724008179,-3.913031643128935,1.7067847564316556,3.18630186161181,2.4723669219074167,3.0007022397143475,-0.3323088669161988,1.844266937301008,0.1050603023122064,2.3907845451591747
33.0,25.0,1000.6455078125,-4.324488724008179,-3.913031643128935,1.7067847564316556,3.18630186161181,2.4723669219074167,3.0007022397143475,-0.3323088669161988,1.844266937301008,0.1050603023122064,2.3907845451591747
33.0,25.0,1000.6455688476562,-4.261583212633273,-3.725823098964641,1.7133867186089664,3.180727906670969,2.472765174890108,2.9379054557930258,-0.332309671373509,1.8389856208441429,0.0887420428504288,2.50319332976776
33.0,25.0,1000.6455688476562,-4.261583212633273,-3.725823098964641,1.7133867186089664,3.180727906670969,2.472765174890108,2.9379054557930258,-0.332309671373509,1.8389856208441429,0.0887420428504288,2.50319332976776
33.0,25.0,1000.6461791992188,-4.251333402458847,-3.936911809020559,1.6073518850299653,3.186335334168562,2.4712118499462035,3.186909412674877,-0.3323082943152451,1.8349104585359752,0.1068360939851538,2.644874377142238
33.0,25.0,1000.6471557617188,-4.375354424930393,-3.933506152150205,1.7133867186089664,3.3512170739527773,2.472368399157244,2.891403641184726,-0.332308664514011,1.7698771127189288,0.1053633703473378,2.491906694599056
33.0,25.0,1000.6471557617188,-4.375354424930393,-3.933506152150205,1.7133867186089664,3.3512170739527773,2.4723774066328645,2.891403641184726,-0.332309671373509,1.7698687458317837,0.1053633703473378,2.491587048380353
33.0,25.0,1000.647216796875,-4.995482297995541,-3.740883150943039,-2.994884962819264,0.8807152765063795,1.9232431193100867,2.197025178223794,-0.3337530145726463,1.770795970846452,-1.2072801902042969,0.4795526277813488
33.0,25.0,1000.647216796875,-4.995482297995541,-3.740883150943039,-2.994884962819264,0.8807152765063795,1.9232431193100867,2.197025178223794,-0.3337530145726463,1.770795970846452,-1.2072801902042969,0.4795526277813488
33.0,25.0,1000.6473999023438,-4.375354424930393,-3.933506152150205,1.7133867186089664,3.3512170739527773,2.47262867825968,2.891403641184726,-0.332309671373509,1.7698687458317837,0.1053633703473378,2.491587048380353
33.0,25.0,1000.6473999023438,-4.375354424930393,-3.933506152150205,1.7133867186089664,3.3512170739527773,2.4726291291302305,2.891403641184726,-0.332309671373509,1.7698687458317837,0.1053633703473378,2.491587048380353
33.0,25.0,1000.6474609375,-4.375354424930393,-3.933506152150205,1.7133867186089664,3.3512170739527773,2.472368399157244,2.891403641184726,-0.3323365624313554,1.7673850604168977,0.1053633703473378,2.4919090279224467
33.0,25.0,1000.647705078125,-4.375354424930393,-3.933506152150205,1.7133867186089664,3.3512170739527773,2.47262867825968,2.891403641184726,-0.3323375692908534,1.7673766935297526,0.1053633703473378,2.491589381703744
33.0,25.0,1000.647705078125,-4.375354424930393,-3.933506152150205,1.7133867186089664,3.3512170739527773,2.472620121654609,2.891403641184726,-0.3323365624313554,1.7673850604168977,0.1053633703473378,2.4919090279224467
33.0,25.0,1000.6493530273438,-4.255334998356802,-3.725823098964641,1.7133867186089664,3.186420978072508,2.472765174890108,2.940796190024631,-0.332309671373509,1.8391546436098432,0.0887422090336044,2.50319332976776
33.0,25.0,1000.649658203125,-4.255334998356802,-3.725823098964641,1.7133867186089664,3.180727906670969,2.472765174890108,2.940808197371948,-0.332309671373509,1.8389856208441429,0.0887422090336044,2.50319332976776
33.0,25.0,1000.6497802734376,-4.262328937871372,-3.9295698337876575,1.6057198016198024,3.1870366232467355,2.472451996190724,3.079921310733704,-0.332309671373509,1.967172018759516,0.1045959390115514,2.497730558088481
33.0,25.0,1000.650634765625,-4.262113992142574,-3.726399123057552,1.7118698228625766,3.1807743626833123,2.4726301887993687,2.956312445719198,-0.332309671373509,1.8389856208441429,0.2197865038880047,2.503211517833832
33.0,25.0,1000.65087890625,-4.3240072889878025,-3.725823098964641,1.7133867186089664,3.180608790210272,2.456946180232303,2.8925281628775603,-0.3323359860480647,1.836329788892576,0.1063278618418159,2.50319332976776
33.0,25.0,1000.6531372070312,-4.437687064798206,-3.9295698337876575,1.7067971037924496,3.18630186161181,2.621262757873054,2.902359977942537,-0.3323109840144982,1.8302118485052423,0.1013963805692404,2.497851141638194
33.0,25.0,1000.6542358398438,-4.327970611099635,-3.937270113995109,1.6073518850299653,3.1877154786662265,2.4709301456035395,3.186909412674877,-0.3323082943152451,1.7710569525559228,0.0891703014943602,2.6456401866068724
33.0,25.0,1000.65673828125,-4.32514584991038,-3.764815288619536,1.6670956185099366,3.257706885493445,2.472770803067414,2.891420259648538,-0.3322973603119251,1.8355706402210656,0.1146648986862247,2.4138442306973213
33.0,25.0,1000.6588134765624,-4.26011029251077,-3.732464017956412,1.7133714049081257,3.18630186161181,2.4726360929518423,2.891403641184726,-0.332309671373509,1.836498881179488,0.088713849676024,2.50319332976776
33.0,25.0,1000.658935546875,-4.327875145031086,-3.725823098964641,1.7133867186089664,3.1863026523117943,2.4561041046711773,2.892516155530243,-0.3323373631063285,1.836576114985439,0.0892034748856499,2.50380509097968
33.0,25.0,1000.6593627929688,-4.251237936390298,-3.725823098964641,1.7133867186089664,3.1863026523117943,2.4563858090138413,2.892516155530243,-0.3323373631063285,1.836576114985439,0.1063278618418159,2.5030392815150457
33.0,25.0,1000.6593627929688,-4.322486062943884,-3.725823098964641,1.7133867186089664,3.180044865143325,2.472765174890108,2.885831571107921,-0.332309671373509,1.8350580391782685,0.0887614224965624,2.50319332976776
33.0,25.0,1000.6626586914062,-4.261055852774428,-3.725823098964641,1.7133867186089664,3.18630186161181,2.472773447909776,2.891403641184726,-0.332309671373509,1.836498881179488,0.0887422090336044,2.50319332976776
33.0,25.0,1000.6626586914062,-4.261055852774428,-3.725823098964641,1.7133867186089664,3.18630186161181,2.472773447909776,2.891403641184726,-0.332309671373509,1.836498881179488,0.0887422090336044,2.50319332976776
33.0,26.0,1000.6090087890624,-4.3240072889878025,-3.7252416345722574,1.7134228441145372,3.18630186161181,2.4726295708705504,3.0057067500915915,-0.3323097292475824,1.836498811658276,0.1076466961471106,2.50430564361616
33.0,26.0,1000.6117553710938,-4.377498928100073,-3.9295698337876575,1.7067971037924496,3.1933130944466224,2.4726134646262685,2.892464787261779,-0.3323109615059008,1.8302118485052423,0.2612476155560526,2.5001584936358743
33.0,26.0,1000.6138305664062,-4.323636118140591,-3.931287404089217,1.711620083030867,3.351075700745499,2.472623358568418,2.891403641184726,-0.3323094371473913,1.7674812475221355,0.1050471295580947,2.491895429528162
33.0,26.0,1000.6165161132812,-4.375354424930393,-3.931123264230105,1.7118268756573098,3.3498369294551127,2.47262867825968,2.891403641184726,-0.332309671373509,1.833687576299194,0.1050552032213321,2.497362164481562
33.0,26.0,1000.6171875,-4.32514584991038,-3.764815288619536,1.6670956185099366,3.1870013715492576,2.472428168699814,2.891417750000972,-0.3322972212530069,1.8355706402210656,0.1146648986862247,2.4138442306973213
33.0,26.0,1000.6171875,-4.32514584991038,-3.764815288619536,1.6670956185099366,3.1870013715492576,2.4724266849639265,2.891417750000972,-0.3323091570013751,1.8355706402210656,0.1150411235068092,2.4138442306973213
33.0,26.0,1000.6180419921876,-4.263377681541934,-3.7953442600796974,1.7133867186089664,3.1807743626833123,2.472765174890108,2.95187934533021,-0.3323086979061314,1.838261960846773,0.2151909273203497,2.49133320864775
33.0,26.0,1000.6194458007812,-4.324394388146446,-3.93363106879222,1.7067971037924496,3.18630186161181,2.4659579943017755,2.8925005786807256,-0.3323109507618531,1.8302118485052423,0.2612476155560526,2.500366494333737
33.0,26.0,1000.61962890625,-4.375328172909435,-3.9295698337876575,1.7067971037924496,3.1933130944466224,2.4726134646262685,2.892464787261779,-0.3323109615059008,1.8302118485052423,0.2507915267630546,2.5001584936358743
33.0,26.0,1000.6234741210938,-4.32439576944384,-3.9295698337876575,1.7067971037924496,3.18630186161181,2.456274658500328,2.892488173701786,-0.3323109840144982,1.8302118485052423,0.2612476155560526,2.5001584936358743
33.0,26.0,1000.6235961914062,-4.995482297995541,-3.740795888514023,-3.862767492783487,0.825711231934917,1.9232431193100867,2.241942402040716,0.5591285430877211,1.7872354664650285,-1.1646407039625928,0.373022303981469
33.0,26.0,1000.6265258789062,-4.324382102113296,-3.9312815100706167,1.7132802313626216,3.3360408189267847,2.472623358568418,2.891403641184726,-0.3323094346935367,1.7674812475221355,0.1050471295580947,2.4919090279224467
33.0,26.0,1000.6277465820312,-4.324382102113296,-3.933506152150205,1.7133867186089664,3.3360408189267847,2.472368399157244,2.891403641184726,-0.3323094315761534,1.7674812475221355,0.1053633703473378,2.4919090279224467
33.0,26.0,1000.6279907226562,-4.374225220433772,-3.931492224518994,1.6052589134482913,3.186371688961763,2.472459045748024,3.079921310733704,-0.332309671373509,1.7689676083026709,0.1045959390115514,2.497730558088481
33.0,26.0,1000.629150390625,-4.3251856248253695,-3.765464406760631,1.6682449944457665,3.186302106434693,2.4573211486566926,2.8914879406708645,-0.3323359860480647,1.836498811658276,0.106556409363048,2.416527244218162
33.0,26.0,1000.634765625,-4.261087288814517,-3.725823098964641,1.7133867186089664,3.1863026523117943,2.472276361455553,3.0810202035419003,-0.3323101701108462,1.836576114985439,0.1058398387212805,2.5037938897047374
33.0,26.0,1000.6348876953124,-4.324382102113296,-3.933506152150205,1.7133867186089664,3.324621259143517,2.472368399157244,2.891403641184726,-0.3323094315761534,1.7674812475221355,0.1053633703473378,2.4919090279224467
33.0,26.0,1000.6351928710938,-4.327970611099635,-3.936911809020559,1.6073518850299653,3.186335334168562,2.4709301456035395,3.186909412674877,-0.3323082943152451,1.8349104585359752,0.0897117070289878,2.6456401866068724
33.0,26.0,1000.6380004882812,-4.37629998519405,-3.924840650212884,1.711842189358151,3.3512170739527773,2.4726286610782693,2.891403641184726,-0.332309671373509,1.7698340703191415,0.104543059937901,2.497362164481562
33.0,26.0,1000.63818359375,-4.37629998519405,-3.924840650212884,1.711842189358151,3.3512170739527773,2.4727660332176127,2.891403641184726,-0.332309671373509,1.7698340703191415,0.1045421570442849,2.497362164481562
33.0,26.0,1000.640380859375,-4.262328937871372,-3.9295698337876575,1.6057198016198024,3.1870366232467355,2.472451996190724,3.079921310733704,-0.332309671373509,1.7689676083026709,0.1045959390115514,2.497730558088481
33.0,26.0,1000.642822265625,-4.324488724008179,-3.913031643128935,1.7067847564316556,3.18630186161181,2.4723669219074167,3.0007022397143475,-0.3323088669161988,1.844266937301008,0.0932786175995869,2.3907845451591747
33.0,26.0,1000.6428833007812,-4.376159989824481,-3.933506152150205,1.7133867186089664,3.3512170739527773,2.472368399157244,2.891403641184726,-0.3323096379813885,1.770600772716299,0.1053633703473378,2.503785003785137
33.0,26.0,1000.6431274414062,-4.3240072889878025,-3.725823098964641,1.7133867186089664,3.18630186161181,2.4726295708705504,2.891095666516998,-0.3323097292475824,1.836498811658276,0.1077732838627875,2.50319332976776
33.0,26.0,1000.643798828125,-4.375354424930393,-3.931481569204655,1.7118268756573098,3.3512170739527773,2.47262867825968,2.891403641184726,-0.332309671373509,1.7698340703191415,0.1045137976867045,2.497362164481562
33.0,26.0,1000.643798828125,-4.375354424930393,-3.931481569204655,1.7118268756573098,3.3512170739527773,2.47262867825968,2.891403641184726,-0.332309671373509,1.7698340703191415,0.1045137976867045,2.497362164481562
33.0,26.0,1000.643798828125,-4.262328937871372,-3.731339707892297,1.7129661930676063,3.1870366232467355,2.472783002303656,3.083278968576811,-0.332309671373509,1.7689676083026709,0.1062588674037856,2.503248086464151
33.0,26.0,1000.643798828125,-4.262328937871372,-3.731339707892297,1.7129661930676063,3.1870366232467355,2.472783002303656,3.083278968576811,-0.332309671373509,1.7689676083026709,0.1062588674037856,2.503248086464151
33.0,26.0,1000.6441650390624,-4.3240072889878025,-3.725823098964641,1.7133867186089664,3.18630186161181,2.456946180232303,2.892516155530243,-0.3323359860480647,1.836498811658276,0.1063278618418159,2.50319332976776
33.0,26.0,1000.6441650390624,-4.264183246436023,-3.726399123057552,1.7133867186089664,3.1807743626833123,2.472765174890108,2.95187934533021,-0.332309671373509,1.8389856208441429,0.2151909273203497,2.503211517833832
33.0,26.0,1000.6447143554688,-4.377498928100073,-3.9295698337876575,1.7067971037924496,3.1933130944466224,2.4726134646262685,2.892464787261779,-0.3323109615059008,1.801137307906722,0.2612476155560526,2.5001584936358743
33.0,26.0,1000.6448364257812,-4.375354424930393,-3.931481569204655,1.7133437714037,3.3512170739527773,2.4727636643504187,2.8920689628748555,-0.332309671373509,1.7698340703191415,0.1045137976867045,2.497362164481562
33.0,26.0,1000.6455078125,-4.324488724008179,-3.913031643128935,1.7067847564316556,3.18630186161181,2.4723669219074167,3.0007022397143475,-0.3323088669161988,1.844266937301008,0.1050603023122064,2.3907845451591747
33.0,26.0,1000.6455078125,-4.324488724008179,-3.913031643128935,1.7067847564316556,3.18630186161181,2.4723669219074167,3.0007022397143475,-0.3323088669161988,1.844266937301008,0.1050603023122064,2.3907845451591747
33.0,26.0,1000.6455078125,-4.324488724008179,-3.913031643128935,1.7067847564316556,3.18630186161181,2.4723669219074167,3.0007022397143475,-0.3323088669161988,1.844266937301008,0.1050603023122064,2.3907845451591747
33.0,26.0,1000.6455688476562,-4.261583212633273,-3.725823098964641,1.7133867186089664,3.180727906670969,2.472765174890108,2.9379054557930258,-0.332309671373509,1.8389856208441429,0.0887420428504288,2.50319332976776
33.0,26.0,1000.6455688476562,-4.261583212633273,-3.725823098964641,1.7133867186089664,3.180727906670969,2.472765174890108,2.9379054557930258,-0.332309671373509,1.8389856208441429,0.0887420428504288,2.50319332976776
33.0,26.0,1000.6461791992188,-4.251333402458847,-3.936911809020559,1.6073518850299653,3.186335334168562,2.4712118499462035,3.186909412674877,-0.3323082943152451,1.8349104585359752,0.1068360939851538,2.644874377142238
33.0,26.0,1000.6471557617188,-4.375354424930393,-3.933506152150205,1.7133867186089664,3.3512170739527773,2.472368399157244,2.891403641184726,-0.332308664514011,1.7698771127189288,0.1053633703473378,2.491906694599056
33.0,26.0,1000.6471557617188,-4.375354424930393,-3.933506152150205,1.7133867186089664,3.3512170739527773,2.4723774066328645,2.891403641184726,-0.332309671373509,1.7698687458317837,0.1053633703473378,2.491587048380353
33.0,26.0,1000.647216796875,-4.995482297995541,-3.740883150943039,-2.994884962819264,0.8807152765063795,1.9232431193100867,2.197025178223794,-0.3337530145726463,1.770795970846452,-1.2072801902042969,0.4795526277813488
33.0,26.0,1000.647216796875,-4.995482297995541,-3.740883150943039,-2.994884962819264,0.8807152765063795,1.9232431193100867,2.197025178223794,-0.3337530145726463,1.770795970846452,-1.2072801902042969,0.4795526277813488
33.0,26.0,1000.6473999023438,-4.375354424930393,-3.933506152150205,1.7133867186089664,3.3512170739527773,2.47262867825968,2.891403641184726,-0.332309671373509,1.7698687458317837,0.1053633703473378,2.491587048380353
33.0,26.0,1000.6473999023438,-4.375354424930393,-3.933506152150205,1.7133867186089664,3.3512170739527773,2.4726291291302305,2.891403641184726,-0.332309671373509,1.7698687458317837,0.1053633703473378,2.491587048380353
33.0,26.0,1000.6474609375,-4.375354424930393,-3.933506152150205,1.7133867186089664,3.3512170739527773,2.472368399157244,2.891403641184726,-0.3323365624313554,1.7673850604168977,0.1053633703473378,2.4919090279224467
33.0,26.0,1000.647705078125,-4.375354424930393,-3.933506152150205,1.7133867186089664,3.3512170739527773,2.47262867825968,2.891403641184726,-0.3323375692908534,1.7673766935297526,0.1053633703473378,2.491589381703744
33.0,26.0,1000.647705078125,-4.375354424930393,-3.933506152150205,1.7133867186089664,3.3512170739527773,2.472620121654609,2.891403641184726,-0.3323365624313554,1.7673850604168977,0.1053633703473378,2.4919090279224467
33.0,26.0,1000.6485595703124,-4.377525180121032,-3.931481569204655,1.7118268756573098,3.3512170739527773,2.47262867825968,2.891403641184726,-0.332309671373509,1.7698340703191415,0.1149698864797025,2.497362164481562
33.0,26.0,1000.6493530273438,-4.255334998356802,-3.725823098964641,1.7133867186089664,3.186420978072508,2.472765174890108,2.940796190024631,-0.332309671373509,1.8391546436098432,0.0887422090336044,2.50319332976776
33.0,26.0,1000.6493530273438,-4.255334998356802,-3.725823098964641,1.7133867186089664,3.186420978072508,2.472765174890108,2.940796190024631,-0.332309671373509,1.8391546436098432,0.0887422090336044,2.50319332976776
33.0,27.0,1000.5924682617188,-4.263708425710467,-3.728387830186593,1.7133867728295282,3.18630186161181,2.472621155612228,3.0057067500915915,-0.3323086547702544,1.8382312344262768,0.1076466961471106,2.5048560082002056
33.0,27.0,1000.5993041992188,-4.45637325318962,-3.93363106879222,1.7067971037924496,3.18630186161181,2.4659579943017755,2.8925005786807256,-0.3323109507618531,1.8302118485052423,0.2612476155560526,2.500366494333737
33.0,27.0,1000.6076049804688,-4.375354424930393,-3.9296243140206655,1.7118268756573098,3.351807852912708,2.456180667512724,2.891403641184726,-0.332309671373509,1.833687576299194,0.103191992829754,2.497362164481562
33.0,27.0,1000.6090087890624,-4.3240072889878025,-3.7252416345722574,1.7134228441145372,3.18630186161181,2.4726295708705504,3.0057067500915915,-0.3323097292475824,1.836498811658276,0.1076466961471106,2.50430564361616
33.0,27.0,1000.6099853515624,-4.3240072889878025,-3.7252416345722574,1.7134228441145372,3.18630186161181,2.4726295708705504,3.0040935227611647,-0.3323097292475824,1.836498811658276,0.1076449874578771,2.50430564361616
33.0,27.0,1000.6117553710938,-4.377498928100073,-3.9295698337876575,1.7067971037924496,3.1933130944466224,2.4726134646262685,2.892464787261779,-0.3323109615059008,1.8302118485052423,0.2612476155560526,2.5001584936358743
33.0,27.0,1000.6117553710938,-4.377498928100073,-3.9295698337876575,1.7067971037924496,3.1933130944466224,2.4726233914567617,2.892464787261779,-0.3323109615059008,1.8302118485052423,0.2612476155560526,2.5001584936358743
33.0,27.0,1000.6138305664062,-4.323636118140591,-3.931287404089217,1.711620083030867,3.351075700745499,2.472623358568418,2.891403641184726,-0.3323094371473913,1.7674812475221355,0.1050471295580947,2.491895429528162
33.0,27.0,1000.6138305664062,-4.323636118140591,-3.931287404089217,1.711620083030867,3.351075700745499,2.4726134317379254,2.891403641184726,-0.3323094371473913,1.7674812475221355,0.1050471295580947,2.491895429528162
33.0,27.0,1000.6165161132812,-4.375354424930393,-3.931123264230105,1.7118268756573098,3.3498369294551127,2.47262867825968,2.891403641184726,-0.332309671373509,1.833687576299194,0.1050552032213321,2.497362164481562
33.0,27.0,1000.6171875,-4.32514584991038,-3.764815288619536,1.6670956185099366,3.1870013715492576,2.472428168699814,2.891417750000972,-0.3322972212530069,1.8355706402210656,0.1146648986862247,2.4138442306973213
33.0,27.0,1000.6171875,-4.32514584991038,-3.764815288619536,1.6670956185099366,3.1870013715492576,2.4724266849639265,2.891417750000972,-0.3323091570013751,1.8355706402210656,0.1150411235068092,2.4138442306973213
33.0,27.0,1000.6180419921876,-4.263377681541934,-3.7953442600796974,1.7133867186089664,3.1807743626833123,2.472765174890108,2.95187934533021,-0.3323086979061314,1.838261960846773,0.2151909273203497,2.49133320864775
33.0,27.0,1000.6194458007812,-4.324394388146446,-3.93363106879222,1.7067971037924496,3.18630186161181,2.4659579943017755,2.8925005786807256,-0.3323109507618531,1.8302118485052423,0.2612476155560526,2.500366494333737
33.0,27.0,1000.61962890625,-4.375328172909435,-3.9295698337876575,1.7067971037924496,3.1933130944466224,2.4726134646262685,2.892464787261779,-0.3323109615059008,1.8302118485052423,0.2507915267630546,2.5001584936358743
33.0,27.0,1000.6233520507812,-4.262328937871372,-3.929551946106484,1.7133456208069386,3.1870366232467355,2.47263142312744,3.079921310733704,-0.3323094341380213,1.7675015077456202,0.1045813462184057,2.497730558088481
33.0,27.0,1000.6234741210938,-4.32439576944384,-3.9295698337876575,1.7067971037924496,3.18630186161181,2.456274658500328,2.892488173701786,-0.3323109840144982,1.8302118485052423,0.2612476155560526,2.5001584936358743
33.0,27.0,1000.6235961914062,-4.995482297995541,-3.740795888514023,-3.862767492783487,0.825711231934917,1.9232431193100867,2.241942402040716,0.5591285430877211,1.7872354664650285,-1.1646407039625928,0.373022303981469
33.0,27.0,1000.62548828125,-4.324382102113296,-3.933506152150205,1.7133867186089664,3.3360408189267847,2.472368296707575,3.001547842952547,-0.3323088524885183,1.8439396772809176,0.1053633703473378,2.4919090279224467
33.0,27.0,1000.6265258789062,-4.324382102113296,-3.9312815100706167,1.7132802313626216,3.3360408189267847,2.472623358568418,2.891403641184726,-0.3323094346935367,1.7674812475221355,0.1050471295580947,2.4919090279224467
33.0,27.0,1000.6277465820312,-4.324382102113296,-3.933506152150205,1.7133867186089664,3.3360408189267847,2.472368399157244,2.891403641184726,-0.3323094315761534,1.7674812475221355,0.1053633703473378,2.4919090279224467
33.0,27.0,1000.6279907226562,-4.374225220433772,-3.931492224518994,1.6052589134482913,3.186371688961763,2.472459045748024,3.079921310733704,-0.332309671373509,1.7689676083026709,0.1045959390115514,2.497730558088481
33.0,27.0,1000.6279907226562,-4.374225220433772,-3.931492224518994,1.6052589134482913,3.186371688961763,2.472459045748024,3.079921310733704,-0.332309671373509,1.7689676083026709,0.1045959390115514,2.497730558088481
33.0,27.0,1000.629150390625,-4.3251856248253695,-3.765464406760631,1.6682449944457665,3.186302106434693,2.4573211486566926,2.8914879406708645,-0.3323359860480647,1.836498811658276,0.106556409363048,2.416527244218162
33.0,27.0,1000.634765625,-4.261087288814517,-3.725823098964641,1.7133867186089664,3.1863026523117943,2.472276361455553,3.0810202035419003,-0.3323101701108462,1.836576114985439,0.1058398387212805,2.5037938897047374
33.0,27.0,1000.6348876953124,-4.324382102113296,-3.933506152150205,1.7133867186089664,3.324621259143517,2.472368399157244,2.891403641184726,-0.3323094315761534,1.7674812475221355,0.1053633703473378,2.4919090279224467
33.0,27.0,1000.6351928710938,-4.327970611099635,-3.936911809020559,1.6073518850299653,3.186335334168562,2.4709301456035395,3.186909412674877,-0.3323082943152451,1.8349104585359752,0.0897117070289878,2.6456401866068724
33.0,27.0,1000.6380004882812,-4.37629998519405,-3.924840650212884,1.711842189358151,3.3512170739527773,2.4726286610782693,2.891403641184726,-0.332309671373509,1.7698340703191415,0.104543059937901,2.497362164481562
33.0,27.0,1000.63818359375,-4.37629998519405,-3.924840650212884,1.711842189358151,3.3512170739527773,2.4727660332176127,2.891403641184726,-0.332309671373509,1.7698340703191415,0.1045421570442849,2.497362164481562
33.0,27.0,1000.640380859375,-4.262328937871372,-3.9295698337876575,1.6057198016198024,3.1870366232467355,2.472451996190724,3.079921310733704,-0.332309671373509,1.7689676083026709,0.1045959390115514,2.497730558088481
33.0,27.0,1000.640869140625,-4.268011307971425,-3.732886492125303,1.66431445422166,3.1870052491227323,2.472451996190724,3.079921310733704,-0.332309671373509,1.85210636738006,0.1064886592883472,2.497730558088481
33.0,27.0,1000.642822265625,-4.324488724008179,-3.913031643128935,1.7067847564316556,3.18630186161181,2.4723669219074167,3.0007022397143475,-0.3323088669161988,1.844266937301008,0.0932786175995869,2.3907845451591747
33.0,27.0,1000.6428833007812,-4.376159989824481,-3.933506152150205,1.7133867186089664,3.3512170739527773,2.472368399157244,2.891403641184726,-0.3323096379813885,1.770600772716299,0.1053633703473378,2.503785003785137
33.0,27.0,1000.6431274414062,-4.3240072889878025,-3.725823098964641,1.7133867186089664,3.18630186161181,2.4726295708705504,2.891095666516998,-0.3323097292475824,1.836498811658276,0.1077732838627875,2.50319332976776
33.0,27.0,1000.643798828125,-4.375354424930393,-3.931481569204655,1.7118268756573098,3.3512170739527773,2.47262867825968,2.891403641184726,-0.332309671373509,1.7698340703191415,0.1045137976867045,2.497362164481562
33.0,27.0,1000.643798828125,-4.375354424930393,-3.931481569204655,1.7118268756573098,3.3512170739527773,2.47262867825968,2.891403641184726,-0.332309671373509,1.7698340703191415,0.1045137976867045,2.497362164481562
33.0,27.0,1000.643798828125,-4.262328937871372,-3.731339707892297,1.7129661930676063,3.1870366232467355,2.472783002303656,3.083278968576811,-0.332309671373509,1.7689676083026709,0.1062588674037856,2.503248086464151
33.0,27.0,1000.643798828125,-4.262328937871372,-3.731339707892297,1.7129661930676063,3.1870366232467355,2.472783002303656,3.083278968576811,-0.332309671373509,1.7689676083026709,0.1062588674037856,2.503248086464151
33.0,27.0,1000.6441650390624,-4.3240072889878025,-3.725823098964641,1.7133867186089664,3.18630186161181,2.456946180232303,2.892516155530243,-0.3323359860480647,1.836498811658276,0.1063278618418159,2.50319332976776
33.0,27.0,1000.6441650390624,-4.264183246436023,-3.726399123057552,1.7133867186089664,3.1807743626833123,2.472765174890108,2.95187934533021,-0.332309671373509,1.8389856208441429,0.2151909273203497,2.503211517833832
33.0,27.0,1000.6446533203124,-4.375354424930393,-3.931481569204655,1.7133437714037,3.3512170739527773,2.472632398772748,2.8920689628748555,-0.332309671373509,1.7698340703191415,0.1045137976867045,2.497362164481562
33.0,27.0,1000.6447143554688,-4.377498928100073,-3.9295698337876575,1.7067971037924496,3.1933130944466224,2.4726134646262685,2.892464787261779,-0.3323109615059008,1.801137307906722,0.2612476155560526,2.5001584936358743
33.0,27.0,1000.6448364257812,-4.375354424930393,-3.931481569204655,1.7133437714037,3.3512170739527773,2.4727636643504187,2.8920689628748555,-0.332309671373509,1.7698340703191415,0.1045137976867045,2.497362164481562
33.0,27.0,1000.6455078125,-4.324488724008179,-3.913031643128935,1.7067847564316556,3.18630186161181,2.4723669219074167,3.0007022397143475,-0.3323088669161988,1.844266937301008,0.1050603023122064,2.3907845451591747
33.0,27.0,1000.6455078125,-4.324488724008179,-3.913031643128935,1.7067847564316556,3.18630186161181,2.4723669219074167,3.0007022397143475,-0.3323088669161988,1.844266937301008,0.1050603023122064,2.3907845451591747
33.0,27.0,1000.6455078125,-4.324488724008179,-3.913031643128935,1.7067847564316556,3.18630186161181,2.4723669219074167,3.0007022397143475,-0.3323088669161988,1.844266937301008,0.1050603023122064,2.3907845451591747
33.0,27.0,1000.6455688476562,-4.261583212633273,-3.725823098964641,1.7133867186089664,3.180727906670969,2.472765174890108,2.9379054557930258,-0.332309671373509,1.8389856208441429,0.0887420428504288,2.50319332976776
33.0,27.0,1000.6455688476562,-4.261583212633273,-3.725823098964641,1.7133867186089664,3.180727906670969,2.472765174890108,2.9379054557930258,-0.332309671373509,1.8389856208441429,0.0887420428504288,2.50319332976776
33.0,27.0,1000.6461791992188,-4.251333402458847,-3.936911809020559,1.6073518850299653,3.186335334168562,2.4712118499462035,3.186909412674877,-0.3323082943152451,1.8349104585359752,0.1068360939851538,2.644874377142238
33.0,27.0,1000.6466064453124,-4.3240072889878025,-3.725823098964641,1.7133867186089664,3.18630186161181,2.457108727244364,2.892516155530243,-0.3323359860480647,1.830259366157715,0.1008293026086741,2.50319332976776
33.0,28.0,1000.5795288085938,-4.325913667856226,-3.7953442600796974,1.7133867186089664,3.1807743626833123,2.4727526578858745,2.9500704508992053,-0.3323088794611015,1.838261960846773,0.2151909273203497,2.49133320864775
33.0,28.0,1000.5924682617188,-4.263708425710467,-3.728387830186593,1.7133867728295282,3.18630186161181,2.472621155612228,3.0057067500915915,-0.3323086547702544,1.8382312344262768,0.1076466961471106,2.5048560082002056
33.0,28.0,1000.5993041992188,-4.45637325318962,-3.93363106879222,1.7067971037924496,3.18630186161181,2.4659579943017755,2.8925005786807256,-0.3323109507618531,1.8302118485052423,0.2612476155560526,2.500366494333737
33.0,28.0,1000.6076049804688,-4.375354424930393,-3.9296243140206655,1.7118268756573098,3.351807852912708,2.456180667512724,2.891403641184726,-0.332309671373509,1.833687576299194,0.103191992829754,2.497362164481562
33.0,28.0,1000.6076049804688,-4.3753285159572215,-3.9296243140206655,1.7118268756573098,3.35324643210859,2.456180667512724,2.892450909148703,-0.332309671373509,1.833687576299194,0.103191992829754,2.497362164481562
33.0,28.0,1000.6090087890624,-4.3240072889878025,-3.7252416345722574,1.7134228441145372,3.18630186161181,2.4726295708705504,3.0057067500915915,-0.3323097292475824,1.836498811658276,0.1076466961471106,2.50430564361616
33.0,28.0,1000.6099853515624,-4.3240072889878025,-3.7252416345722574,1.7134228441145372,3.18630186161181,2.4726295708705504,3.0040935227611647,-0.3323097292475824,1.836498811658276,0.1076449874578771,2.50430564361616
33.0,28.0,1000.6099853515624,-4.3240072889878025,-3.7252416345722574,1.7134228441145372,3.18630186161181,2.4726295708705504,3.0040935227611647,-0.3323097292475824,1.836498811658276,0.1076449874578771,2.50430564361616
33.0,28.0,1000.6117553710938,-4.377498928100073,-3.9295698337876575,1.7067971037924496,3.1933130944466224,2.4726134646262685,2.892464787261779,-0.3323109615059008,1.8302118485052423,0.2612476155560526,2.5001584936358743
33.0,28.0,1000.6117553710938,-4.377498928100073,-3.9295698337876575,1.7067971037924496,3.1933130944466224,2.4726233914567617,2.892464787261779,-0.3323109615059008,1.8302118485052423,0.2612476155560526,2.5001584936358743
33.0,28.0,1000.6121215820312,-4.377524837073246,-3.9295698337876575,1.7067971037924496,3.19187451525074,2.4726233914567617,2.8914175192978018,-0.3323109615059008,1.8302118485052423,0.2612476155560526,2.5001584936358743
33.0,28.0,1000.6138305664062,-4.323636118140591,-3.931287404089217,1.711620083030867,3.351075700745499,2.472623358568418,2.891403641184726,-0.3323094371473913,1.7674812475221355,0.1050471295580947,2.491895429528162
33.0,28.0,1000.6138305664062,-4.323636118140591,-3.931287404089217,1.711620083030867,3.351075700745499,2.4726134317379254,2.891403641184726,-0.3323094371473913,1.7674812475221355,0.1050471295580947,2.491895429528162
33.0,28.0,1000.6165161132812,-4.375354424930393,-3.931123264230105,1.7118268756573098,3.3498369294551127,2.47262867825968,2.891403641184726,-0.332309671373509,1.833687576299194,0.1050552032213321,2.497362164481562
33.0,28.0,1000.6171875,-4.32514584991038,-3.764815288619536,1.6670956185099366,3.1870013715492576,2.472428168699814,2.891417750000972,-0.3322972212530069,1.8355706402210656,0.1146648986862247,2.4138442306973213
33.0,28.0,1000.6171875,-4.32514584991038,-3.764815288619536,1.6670956185099366,3.1870013715492576,2.4724266849639265,2.891417750000972,-0.3323091570013751,1.8355706402210656,0.1150411235068092,2.4138442306973213
33.0,28.0,1000.6180419921876,-4.263377681541934,-3.7953442600796974,1.7133867186089664,3.1807743626833123,2.472765174890108,2.95187934533021,-0.3323086979061314,1.838261960846773,0.2151909273203497,2.49133320864775
33.0,28.0,1000.6194458007812,-4.324394388146446,-3.93363106879222,1.7067971037924496,3.18630186161181,2.4659579943017755,2.8925005786807256,-0.3323109507618531,1.8302118485052423,0.2612476155560526,2.500366494333737
33.0,28.0,1000.61962890625,-4.375328172909435,-3.9295698337876575,1.7067971037924496,3.1933130944466224,2.4726134646262685,2.892464787261779,-0.3323109615059008,1.8302118485052423,0.2507915267630546,2.5001584936358743
33.0,28.0,1000.6200561523438,-4.374276821632809,-3.9248765237872334,1.6079933538588689,3.1934769150683406,2.47245527315974,3.072998881650234,-0.332309671373509,1.7699021437078353,0.1045959390115514,2.497730558088481
33.0,28.0,1000.6233520507812,-4.262328937871372,-3.929551946106484,1.7133456208069386,3.1870366232467355,2.47263142312744,3.079921310733704,-0.3323094341380213,1.7675015077456202,0.1045813462184057,2.497730558088481
33.0,28.0,1000.6233520507812,-4.261952737693886,-3.913031643128935,1.7067847564316556,3.18630186161181,2.4723794389116502,3.002511134145352,-0.3323086853612287,1.844266937301008,0.1050603023122064,2.3907845451591747
33.0,28.0,1000.6234741210938,-4.32439576944384,-3.9295698337876575,1.7067971037924496,3.18630186161181,2.456274658500328,2.892488173701786,-0.3323109840144982,1.8302118485052423,0.2612476155560526,2.5001584936358743
33.0,28.0,1000.6234741210938,-4.32439576944384,-3.9295698337876575,1.7067971037924496,3.18630186161181,2.456274658500328,2.892488173701786,-0.3323109840144982,1.8302118485052423,0.2612476155560526,2.5001584936358743
33.0,28.0,1000.6235961914062,-4.995482297995541,-3.740795888514023,-3.862767492783487,0.825711231934917,1.9232431193100867,2.241942402040716,0.5591285430877211,1.7872354664650285,-1.1646407039625928,0.373022303981469
33.0,28.0,1000.62548828125,-4.324382102113296,-3.933506152150205,1.7133867186089664,3.3360408189267847,2.472368296707575,3.001547842952547,-0.3323088524885183,1.8439396772809176,0.1053633703473378,2.4919090279224467
33.0,28.0,1000.6265258789062,-4.324382102113296,-3.9312815100706167,1.7132802313626216,3.3360408189267847,2.472623358568418,2.891403641184726,-0.3323094346935367,1.7674812475221355,0.1050471295580947,2.4919090279224467
33.0,28.0,1000.6277465820312,-4.324382102113296,-3.933506152150205,1.7133867186089664,3.3360408189267847,2.472368399157244,2.891403641184726,-0.3323094315761534,1.7674812475221355,0.1053633703473378,2.4919090279224467
33.0,28.0,1000.6279907226562,-4.374225220433772,-3.931492224518994,1.6052589134482913,3.186371688961763,2.472459045748024,3.079921310733704,-0.332309671373509,1.7689676083026709,0.1045959390115514,2.497730558088481
33.0,28.0,1000.6279907226562,-4.374225220433772,-3.931492224518994,1.6052589134482913,3.186371688961763,2.472459045748024,3.079921310733704,-0.332309671373509,1.7689676083026709,0.1045959390115514,2.497730558088481
33.0,28.0,1000.629150390625,-4.3251856248253695,-3.765464406760631,1.6682449944457665,3.186302106434693,2.4573211486566926,2.8914879406708645,-0.3323359860480647,1.836498811658276,0.106556409363048,2.416527244218162
33.0,28.0,1000.629150390625,-4.3251856248253695,-3.765464406760631,1.6682449944457665,3.186302106434693,2.4573211486566926,2.8914879406708645,-0.3323359860480647,1.836498811658276,0.106556409363048,2.416527244218162
33.0,28.0,1000.629150390625,-4.3240072889878025,-3.934295886385065,1.7134228441145372,3.3372627313801706,2.472601192007371,3.0040935227611647,-0.3323097292475824,1.836498811658276,0.1076222482709056,2.50430564361616
33.0,28.0,1000.6295166015624,-4.323692151687726,-3.765464406760631,1.7089647249931603,3.186302106434693,2.4573211486566926,2.8914879406708645,-0.3323078195641148,1.836189489646148,0.106556409363048,2.416527244218162
33.0,28.0,1000.6298217773438,-4.320379501149084,-3.9312815100706167,1.7132832969060467,3.1896602532973706,2.472623358568418,2.8909405670327706,-0.2672544649386126,1.837254009705188,0.1075487909775421,2.491457233753063
33.0,28.0,1000.634765625,-4.261087288814517,-3.725823098964641,1.7133867186089664,3.1863026523117943,2.472276361455553,3.0810202035419003,-0.3323101701108462,1.836576114985439,0.1058398387212805,2.5037938897047374
33.0,28.0,1000.6348876953124,-4.324382102113296,-3.933506152150205,1.7133867186089664,3.324621259143517,2.472368399157244,2.891403641184726,-0.3323094315761534,1.7674812475221355,0.1053633703473378,2.4919090279224467
33.0,28.0,1000.6351928710938,-4.327970611099635,-3.936911809020559,1.6073518850299653,3.186335334168562,2.4709301456035395,3.186909412674877,-0.3323082943152451,1.8349104585359752,0.0897117070289878,2.6456401866068724
33.0,28.0,1000.6371459960938,-4.324685986084803,-3.931123264230105,1.7133937482635166,3.3498369294551127,2.47262867825968,2.891403641184726,-0.3323096675480397,1.840018847634449,0.1053692256452744,2.497362164481562
33.0,28.0,1000.6380004882812,-4.37629998519405,-3.924840650212884,1.711842189358151,3.3512170739527773,2.4726286610782693,2.891403641184726,-0.332309671373509,1.7698340703191415,0.104543059937901,2.497362164481562
33.0,28.0,1000.63818359375,-4.37629998519405,-3.924840650212884,1.711842189358151,3.3512170739527773,2.4727660332176127,2.891403641184726,-0.332309671373509,1.7698340703191415,0.1045421570442849,2.497362164481562
33.0,28.0,1000.63818359375,-4.37629998519405,-3.924840650212884,1.711842189358151,3.3512170739527773,2.4727660332176127,2.891403641184726,-0.332309671373509,1.7698340703191415,0.1045421570442849,2.497362164481562
33.0,28.0,1000.6396484375,-4.263708425710467,-3.728387830186593,1.7133867728295282,3.1863002537488168,2.472621155612228,3.0057067500915915,-0.3977039630074349,1.8389966893800085,0.1076466961471106,2.5048560082002056
33.0,28.0,1000.6400756835938,-4.267959638431937,-3.7313725709352026,1.710386260995626,3.1870041724642992,2.4727824740203745,3.083278968576811,-0.332309671373509,1.7689676083026709,0.1064763986285804,2.503248086464151
33.0,28.0,1000.640380859375,-4.262328937871372,-3.9295698337876575,1.6057198016198024,3.1870366232467355,2.472451996190724,3.079921310733704,-0.332309671373509,1.7689676083026709,0.1045959390115514,2.497730558088481
33.0,28.0,1000.640869140625,-4.268011307971425,-3.732886492125303,1.66431445422166,3.1870052491227323,2.472451996190724,3.079921310733704,-0.332309671373509,1.85210636738006,0.1064886592883472,2.497730558088481
33.0,28.0,1000.642822265625,-4.324488724008179,-3.913031643128935,1.7067847564316556,3.18630186161181,2.4723669219074167,3.0007022397143475,-0.3323088669161988,1.844266937301008,0.0932786175995869,2.3907845451591747
33.0,28.0,1000.6428833007812,-4.376159989824481,-3.933506152150205,1.7133867186089664,3.3512170739527773,2.472368399157244,2.891403641184726,-0.3323096379813885,1.770600772716299,0.1053633703473378,2.503785003785137
33.0,28.0,1000.6431274414062,-4.3240072889878025,-3.725823098964641,1.7133867186089664,3.18630186161181,2.4726295708705504,2.891095666516998,-0.3323097292475824,1.836498811658276,0.1077732838627875,2.50319332976776
33.0,28.0,1000.643798828125,-4.375354424930393,-3.931481569204655,1.7118268756573098,3.3512170739527773,2.47262867825968,2.891403641184726,-0.332309671373509,1.7698340703191415,0.1045137976867045,2.497362164481562
33.0,29.0,1000.5795288085938,-4.325913667856226,-3.7953442600796974,1.7133867186089664,3.1807743626833123,2.4727526578858745,2.9500704508992053,-0.3323088794611015,1.838261960846773,0.2151909273203497,2.49133320864775
33.0,29.0,1000.5795288085938,-4.325913667856226,-3.7953442600796974,1.713417294595706,3.1807743626833123,2.4727526578858745,2.9500704508992053,-0.3323088794611015,1.838261960846773,0.214604203499189,2.49133320864775
33.0,29.0,1000.5924682617188,-4.263708425710467,-3.728387830186593,1.7133867728295282,3.18630186161181,2.472621155612228,3.0057067500915915,-0.3323086547702544,1.8382312344262768,0.1076466961471106,2.5048560082002056
33.0,29.0,1000.5993041992188,-4.45637325318962,-3.93363106879222,1.7067971037924496,3.18630186161181,2.4659579943017755,2.8925005786807256,-0.3323109507618531,1.8302118485052423,0.2612476155560526,2.500366494333737
33.0,29.0,1000.5993041992188,-4.45637325318962,-3.93363106879222,1.7067971037924496,3.18630186161181,2.4659579943017755,2.8925005786807256,-0.3323109507618531,1.8302118485052423,0.2612476155560526,2.500366494333737
33.0,29.0,1000.6076049804688,-4.375354424930393,-3.9296243140206655,1.7118268756573098,3.351807852912708,2.456180667512724,2.891403641184726,-0.332309671373509,1.833687576299194,0.103191992829754,2.497362164481562
33.0,29.0,1000.6076049804688,-4.3753285159572215,-3.9296243140206655,1.7118268756573098,3.35324643210859,2.456180667512724,2.892450909148703,-0.332309671373509,1.833687576299194,0.103191992829754,2.497362164481562
33.0,29.0,1000.6076049804688,-4.375328664283932,-3.9296243140206655,1.7118268756573098,3.3531504604064675,2.456180667512724,2.892491184431232,-0.332309671373509,1.833687576299194,0.103191992829754,2.497362164481562
33.0,29.0,1000.6090087890624,-4.3240072889878025,-3.7252416345722574,1.7134228441145372,3.18630186161181,2.4726295708705504,3.0057067500915915,-0.3323097292475824,1.836498811658276,0.1076466961471106,2.50430564361616
33.0,29.0,1000.6099853515624,-4.3240072889878025,-3.7252416345722574,1.7134228441145372,3.18630186161181,2.4726295708705504,3.0040935227611647,-0.3323097292475824,1.836498811658276,0.1076449874578771,2.50430564361616
33.0,29.0,1000.6099853515624,-4.3240072889878025,-3.7252416345722574,1.7134228441145372,3.18630186161181,2.4726295708705504,3.0040935227611647,-0.3323097292475824,1.836498811658276,0.1076449874578771,2.50430564361616
33.0,29.0,1000.6117553710938,-4.377498928100073,-3.9295698337876575,1.7067971037924496,3.1933130944466224,2.4726134646262685,2.892464787261779,-0.3323109615059008,1.8302118485052423,0.2612476155560526,2.5001584936358743
33.0,29.0,1000.6117553710938,-4.377498928100073,-3.9295698337876575,1.7067971037924496,3.1933130944466224,2.4726233914567617,2.892464787261779,-0.3323109615059008,1.8302118485052423,0.2612476155560526,2.5001584936358743
33.0,29.0,1000.6121215820312,-4.377524837073246,-3.9295698337876575,1.7067971037924496,3.19187451525074,2.4726233914567617,2.8914175192978018,-0.3323109615059008,1.8302118485052423,0.2612476155560526,2.5001584936358743
33.0,29.0,1000.6138305664062,-4.323636118140591,-3.931287404089217,1.711620083030867,3.351075700745499,2.472623358568418,2.891403641184726,-0.3323094371473913,1.7674812475221355,0.1050471295580947,2.491895429528162
33.0,29.0,1000.6138305664062,-4.323636118140591,-3.931287404089217,1.711620083030867,3.351075700745499,2.4726134317379254,2.891403641184726,-0.3323094371473913,1.7674812475221355,0.1050471295580947,2.491895429528162
33.0,29.0,1000.6148681640624,-4.356255557773106,-3.937392883472855,1.604414070567925,3.1806914222007765,2.472459045748024,3.079921310733704,-0.3323096662078543,1.768706229594989,0.109569516487714,2.497730558088481
33.0,29.0,1000.6165161132812,-4.375354424930393,-3.931123264230105,1.7118268756573098,3.3498369294551127,2.47262867825968,2.891403641184726,-0.332309671373509,1.833687576299194,0.1050552032213321,2.497362164481562
33.0,29.0,1000.6171875,-4.32514584991038,-3.764815288619536,1.6670956185099366,3.1870013715492576,2.472428168699814,2.891417750000972,-0.3322972212530069,1.8355706402210656,0.1146648986862247,2.4138442306973213
33.0,29.0,1000.6171875,-4.32514584991038,-3.764815288619536,1.6670956185099366,3.1870013715492576,2.4724266849639265,2.891417750000972,-0.3323091570013751,1.8355706402210656,0.1150411235068092,2.4138442306973213
33.0,29.0,1000.6180419921876,-4.263377681541934,-3.7953442600796974,1.7133867186089664,3.1807743626833123,2.472765174890108,2.95187934533021,-0.3323086979061314,1.838261960846773,0.2151909273203497,2.49133320864775
33.0,29.0,1000.6194458007812,-4.324394388146446,-3.93363106879222,1.7067971037924496,3.18630186161181,2.4659579943017755,2.8925005786807256,-0.3323109507618531,1.8302118485052423,0.2612476155560526,2.500366494333737
33.0,29.0,1000.61962890625,-4.375328172909435,-3.9295698337876575,1.7067971037924496,3.1933130944466224,2.4726134646262685,2.892464787261779,-0.3323109615059008,1.8302118485052423,0.2507915267630546,2.5001584936358743
33.0,29.0,1000.6200561523438,-4.374276821632809,-3.9248765237872334,1.6079933538588689,3.1934769150683406,2.47245527315974,3.072998881650234,-0.332309671373509,1.7699021437078353,0.1045959390115514,2.497730558088481
33.0,29.0,1000.6233520507812,-4.262328937871372,-3.929551946106484,1.7133456208069386,3.1870366232467355,2.47263142312744,3.079921310733704,-0.3323094341380213,1.7675015077456202,0.1045813462184057,2.497730558088481
33.0,29.0,1000.6233520507812,-4.261952737693886,-3.913031643128935,1.7067847564316556,3.18630186161181,2.4723794389116502,3.002511134145352,-0.3323086853612287,1.844266937301008,0.1050603023122064,2.3907845451591747
33.0,29.0,1000.6234741210938,-4.32439576944384,-3.9295698337876575,1.7067971037924496,3.18630186161181,2.456274658500328,2.892488173701786,-0.3323109840144982,1.8302118485052423,0.2612476155560526,2.5001584936358743
33.0,29.0,1000.6234741210938,-4.32439576944384,-3.9295698337876575,1.7067971037924496,3.18630186161181,2.456274658500328,2.892488173701786,-0.3323109840144982,1.8302118485052423,0.2612476155560526,2.5001584936358743
33.0,29.0,1000.6235961914062,-4.995482297995541,-3.740795888514023,-3.862767492783487,0.825711231934917,1.9232431193100867,2.241942402040716,0.5591285430877211,1.7872354664650285,-1.1646407039625928,0.373022303981469
33.0,29.0,1000.6248779296876,-4.3251856248253695,-3.765464406760631,1.6682449944457665,3.1863021133430123,2.4573211486566926,2.89251891313144,-0.3323097199131336,1.836498811658276,0.2599952494148201,2.498389266037508
33.0,29.0,1000.62548828125,-4.324382102113296,-3.933506152150205,1.7133867186089664,3.3360408189267847,2.472368296707575,3.001547842952547,-0.3323088524885183,1.8439396772809176,0.1053633703473378,2.4919090279224467
33.0,29.0,1000.6265258789062,-4.324382102113296,-3.9312815100706167,1.7132802313626216,3.3360408189267847,2.472623358568418,2.891403641184726,-0.3323094346935367,1.7674812475221355,0.1050471295580947,2.4919090279224467
33.0,29.0,1000.6277465820312,-4.324382102113296,-3.933506152150205,1.7133867186089664,3.3360408189267847,2.472368399157244,2.891403641184726,-0.3323094315761534,1.7674812475221355,0.1053633703473378,2.4919090279224467
33.0,29.0,1000.6279907226562,-4.374225220433772,-3.931492224518994,1.6052589134482913,3.186371688961763,2.472459045748024,3.079921310733704,-0.332309671373509,1.7689676083026709,0.1045959390115514,2.497730558088481
33.0,29.0,1000.6279907226562,-4.374225220433772,-3.931492224518994,1.6052589134482913,3.186371688961763,2.472459045748024,3.079921310733704,-0.332309671373509,1.7689676083026709,0.1045959390115514,2.497730558088481
33.0,29.0,1000.629150390625,-4.3251856248253695,-3.765464406760631,1.6682449944457665,3.186302106434693,2.4573211486566926,2.8914879406708645,-0.3323359860480647,1.836498811658276,0.106556409363048,2.416527244218162
33.0,29.0,1000.629150390625,-4.3251856248253695,-3.765464406760631,1.6682449944457665,3.186302106434693,2.4573211486566926,2.8914879406708645,-0.3323359860480647,1.836498811658276,0.106556409363048,2.416527244218162
33.0,29.0,1000.629150390625,-4.3240072889878025,-3.934295886385065,1.7134228441145372,3.3372627313801706,2.472601192007371,3.0040935227611647,-0.3323097292475824,1.836498811658276,0.1076222482709056,2.50430564361616
33.0,29.0,1000.6295166015624,-4.323692151687726,-3.765464406760631,1.7089647249931603,3.186302106434693,2.4573211486566926,2.8914879406708645,-0.3323078195641148,1.836189489646148,0.106556409363048,2.416527244218162
33.0,29.0,1000.6298217773438,-4.320379501149084,-3.9312815100706167,1.7132832969060467,3.1896602532973706,2.472623358568418,2.8909405670327706,-0.2672544649386126,1.837254009705188,0.1075487909775421,2.491457233753063
33.0,29.0,1000.634765625,-4.261087288814517,-3.725823098964641,1.7133867186089664,3.1863026523117943,2.472276361455553,3.0810202035419003,-0.3323101701108462,1.836576114985439,0.1058398387212805,2.5037938897047374
33.0,29.0,1000.6348266601562,-4.325957662158462,-3.9496071642779342,1.7134228441145372,3.349065610948456,2.4718772402594182,2.8905985387184603,-0.3323097292475824,1.8363940148698727,0.1076466961471106,2.497440596709196
33.0,29.0,1000.6348876953124,-4.324382102113296,-3.933506152150205,1.7133867186089664,3.324621259143517,2.472368399157244,2.891403641184726,-0.3323094315761534,1.7674812475221355,0.1053633703473378,2.4919090279224467
33.0,29.0,1000.6351928710938,-4.327970611099635,-3.936911809020559,1.6073518850299653,3.186335334168562,2.4709301456035395,3.186909412674877,-0.3323082943152451,1.8349104585359752,0.0897117070289878,2.6456401866068724
33.0,29.0,1000.6371459960938,-4.324685986084803,-3.931123264230105,1.7133937482635166,3.3498369294551127,2.47262867825968,2.891403641184726,-0.3323096675480397,1.840018847634449,0.1053692256452744,2.497362164481562
33.0,29.0,1000.6380004882812,-4.37629998519405,-3.924840650212884,1.711842189358151,3.3512170739527773,2.4726286610782693,2.891403641184726,-0.332309671373509,1.7698340703191415,0.104543059937901,2.497362164481562
33.0,29.0,1000.63818359375,-4.37629998519405,-3.924840650212884,1.711842189358151,3.3512170739527773,2.4727660332176127,2.891403641184726,-0.332309671373509,1.7698340703191415,0.1045421570442849,2.497362164481562
33.0,29.0,1000.63818359375,-4.37629998519405,-3.924840650212884,1.711842189358151,3.3512170739527773,2.4727660332176127,2.891403641184726,-0.332309671373509,1.7698340703191415,0.1045421570442849,2.497362164481562
33.0,29.0,1000.6394653320312,-4.379496755282498,-3.933506152150205,1.7133867186089664,3.197616110350173,2.472368296707575,3.001547842952547,-0.3323110239095777,1.8439396772809176,0.1053633703473378,2.4919090279224467
33.0,29.0,1000.6396484375,-4.263708425710467,-3.728387830186593,1.7133867728295282,3.1863002537488168,2.472621155612228,3.0057067500915915,-0.3977039630074349,1.8389966893800085,0.1076466961471106,2.5048560082002056
33.0,30.0,1000.5789794921876,-4.323617388193376,-3.7953442600796974,1.7133867186089664,3.1807743626833123,2.472765174890108,2.950036392742941,-0.3323088688375095,1.838261960846773,0.2145970153705707,2.49133320864775
33.0,30.0,1000.5795288085938,-4.325913667856226,-3.7953442600796974,1.7133867186089664,3.1807743626833123,2.4727526578858745,2.9500704508992053,-0.3323088794611015,1.838261960846773,0.2151909273203497,2.49133320864775
33.0,30.0,1000.5795288085938,-4.325913667856226,-3.7953442600796974,1.713417294595706,3.1807743626833123,2.4727526578858745,2.9500704508992053,-0.3323088794611015,1.838261960846773,0.214604203499189,2.49133320864775
33.0,30.0,1000.5897827148438,-4.377524837073246,-3.796410807689943,1.713332755341376,3.19187451525074,2.4726233914567617,2.8914175192978018,-0.3323088508543322,1.8378997571046924,0.2612476155560526,2.5001584936358743
33.0,30.0,1000.5924682617188,-4.263708425710467,-3.728387830186593,1.7133867728295282,3.18630186161181,2.472621155612228,3.0057067500915915,-0.3323086547702544,1.8382312344262768,0.1076466961471106,2.5048560082002056
33.0,30.0,1000.5924682617188,-4.263708425710467,-3.728387830186593,1.7133867728295282,3.18630186161181,2.472621220332105,3.0057067500915915,-0.3323097194862853,1.8382312344262768,0.1076466961471106,2.5048565095907587
33.0,30.0,1000.5993041992188,-4.45637325318962,-3.93363106879222,1.7067971037924496,3.18630186161181,2.4659579943017755,2.8925005786807256,-0.3323109507618531,1.8302118485052423,0.2612476155560526,2.500366494333737
33.0,30.0,1000.5993041992188,-4.45637325318962,-3.93363106879222,1.7067971037924496,3.18630186161181,2.4659579943017755,2.8925005786807256,-0.3323109507618531,1.8302118485052423,0.2612476155560526,2.500366494333737
33.0,30.0,1000.6029663085938,-4.45637325318962,-3.930045850047185,1.7067971037924496,3.18630186161181,2.472811142778283,2.8925007893693087,-0.332310950328097,1.8302118485052423,0.2612476155560526,2.500351226983014
33.0,30.0,1000.6076049804688,-4.375354424930393,-3.9296243140206655,1.7118268756573098,3.351807852912708,2.456180667512724,2.891403641184726,-0.332309671373509,1.833687576299194,0.103191992829754,2.497362164481562
33.0,30.0,1000.6076049804688,-4.3753285159572215,-3.9296243140206655,1.7118268756573098,3.35324643210859,2.456180667512724,2.892450909148703,-0.332309671373509,1.833687576299194,0.103191992829754,2.497362164481562
33.0,30.0,1000.6076049804688,-4.375328664283932,-3.9296243140206655,1.7118268756573098,3.3531504604064675,2.456180667512724,2.892491184431232,-0.332309671373509,1.833687576299194,0.103191992829754,2.497362164481562
33.0,30.0,1000.6090087890624,-4.3240072889878025,-3.7252416345722574,1.7134228441145372,3.18630186161181,2.4726295708705504,3.0057067500915915,-0.3323097292475824,1.836498811658276,0.1076466961471106,2.50430564361616
33.0,30.0,1000.6099853515624,-4.3240072889878025,-3.7252416345722574,1.7134228441145372,3.18630186161181,2.4726295708705504,3.0040935227611647,-0.3323097292475824,1.836498811658276,0.1076449874578771,2.50430564361616
33.0,30.0,1000.6099853515624,-4.3240072889878025,-3.7252416345722574,1.7134228441145372,3.18630186161181,2.4726295708705504,3.0040935227611647,-0.3323097292475824,1.836498811658276,0.1076449874578771,2.50430564361616
33.0,30.0,1000.6117553710938,-4.377498928100073,-3.9295698337876575,1.7067971037924496,3.1933130944466224,2.4726134646262685,2.892464787261779,-0.3323109615059008,1.8302118485052423,0.2612476155560526,2.5001584936358743
33.0,30.0,1000.6117553710938,-4.377498928100073,-3.9295698337876575,1.7067971037924496,3.1933130944466224,2.4726233914567617,2.892464787261779,-0.3323109615059008,1.8302118485052423,0.2612476155560526,2.5001584936358743
33.0,30.0,1000.6117553710938,-4.377499047055302,-3.9295698337876575,1.7067971037924496,3.1933130944466224,2.4726134646262685,2.892447258814245,-0.3323109615059008,1.8302118485052423,0.2612476155560526,2.5001584936358743
33.0,30.0,1000.6121215820312,-4.377524837073246,-3.9295698337876575,1.7067971037924496,3.19187451525074,2.4726233914567617,2.8914175192978018,-0.3323109615059008,1.8302118485052423,0.2612476155560526,2.5001584936358743
33.0,30.0,1000.6138305664062,-4.323636118140591,-3.931287404089217,1.711620083030867,3.351075700745499,2.472623358568418,2.891403641184726,-0.3323094371473913,1.7674812475221355,0.1050471295580947,2.491895429528162
33.0,30.0,1000.6138305664062,-4.323636118140591,-3.931287404089217,1.711620083030867,3.351075700745499,2.4726134317379254,2.891403641184726,-0.3323094371473913,1.7674812475221355,0.1050471295580947,2.491895429528162
33.0,30.0,1000.6138305664062,-4.323636118140591,-3.931287404089217,1.711620083030867,3.351075700745499,2.472623358568418,2.891403641184726,-0.3323094371473913,1.7674812475221355,0.1050471295580947,2.491895429528162
33.0,30.0,1000.614501953125,-4.45637325318962,-3.7196273292277775,1.7067971037924496,3.18630186161181,2.472803924027851,2.8925005786807256,-0.3323109316333361,1.8301027424482472,0.2612476155560526,2.500366494333737
33.0,30.0,1000.6148681640624,-4.356255557773106,-3.937392883472855,1.604414070567925,3.1806914222007765,2.472459045748024,3.079921310733704,-0.3323096662078543,1.768706229594989,0.109569516487714,2.497730558088481
33.0,30.0,1000.6151123046876,-4.3240072889878025,-3.7252416345722574,1.7134228441145372,3.18630186161181,2.4726295708705504,3.0040935227611647,-0.3323097292475824,1.9183924642316563,0.1076449874578771,2.50430564361616
33.0,30.0,1000.6162109375,-4.265673961204784,-3.7953442600796974,1.713417294595706,3.1807743626833123,2.4727526578858745,2.951913403486474,-0.3323087085297234,1.838261960846773,0.215198115448968,2.49133320864775
33.0,30.0,1000.6165161132812,-4.375354424930393,-3.931123264230105,1.7118268756573098,3.3498369294551127,2.47262867825968,2.891403641184726,-0.332309671373509,1.833687576299194,0.1050552032213321,2.497362164481562
33.0,30.0,1000.6171875,-4.32514584991038,-3.764815288619536,1.6670956185099366,3.1870013715492576,2.472428168699814,2.891417750000972,-0.3322972212530069,1.8355706402210656,0.1146648986862247,2.4138442306973213
33.0,30.0,1000.6171875,-4.32514584991038,-3.764815288619536,1.6670956185099366,3.1870013715492576,2.4724266849639265,2.891417750000972,-0.3323091570013751,1.8355706402210656,0.1150411235068092,2.4138442306973213
33.0,30.0,1000.6180419921876,-4.263377681541934,-3.7953442600796974,1.7133867186089664,3.1807743626833123,2.472765174890108,2.95187934533021,-0.3323086979061314,1.838261960846773,0.2151909273203497,2.49133320864775
33.0,30.0,1000.6194458007812,-4.324394388146446,-3.93363106879222,1.7067971037924496,3.18630186161181,2.4659579943017755,2.8925005786807256,-0.3323109507618531,1.8302118485052423,0.2612476155560526,2.500366494333737
33.0,30.0,1000.61962890625,-4.375328172909435,-3.9295698337876575,1.7067971037924496,3.1933130944466224,2.4726134646262685,2.892464787261779,-0.3323109615059008,1.8302118485052423,0.2507915267630546,2.5001584936358743
33.0,30.0,1000.61962890625,-4.375387215696041,-3.9295698337876575,1.7067971037924496,3.1933130944466224,2.4726134646262685,2.892464787261779,-0.3323109615059008,1.8302118485052423,0.2507915267630546,2.5001584936358743
33.0,30.0,1000.6200561523438,-4.374276821632809,-3.9248765237872334,1.6079933538588689,3.1934769150683406,2.47245527315974,3.072998881650234,-0.332309671373509,1.7699021437078353,0.1045959390115514,2.497730558088481
33.0,30.0,1000.6233520507812,-4.262328937871372,-3.929551946106484,1.7133456208069386,3.1870366232467355,2.47263142312744,3.079921310733704,-0.3323094341380213,1.7675015077456202,0.1045813462184057,2.497730558088481
33.0,30.0,1000.6233520507812,-4.261952737693886,-3.913031643128935,1.7067847564316556,3.18630186161181,2.4723794389116502,3.002511134145352,-0.3323086853612287,1.844266937301008,0.1050603023122064,2.3907845451591747
33.0,30.0,1000.6234741210938,-4.32439576944384,-3.9295698337876575,1.7067971037924496,3.18630186161181,2.456274658500328,2.892488173701786,-0.3323109840144982,1.8302118485052423,0.2612476155560526,2.5001584936358743
33.0,30.0,1000.6234741210938,-4.32439576944384,-3.9295698337876575,1.7067971037924496,3.18630186161181,2.456274658500328,2.892488173701786,-0.3323109840144982,1.8302118485052423,0.2612476155560526,2.5001584936358743
33.0,30.0,1000.6235961914062,-4.995482297995541,-3.740795888514023,-3.862767492783487,0.825711231934917,1.9232431193100867,2.241942402040716,0.5591285430877211,1.7872354664650285,-1.1646407039625928,0.373022303981469
33.0,30.0,1000.6248779296876,-4.3251856248253695,-3.765464406760631,1.6682449944457665,3.1863021133430123,2.4573211486566926,2.89251891313144,-0.3323097199131336,1.836498811658276,0.2599952494148201,2.498389266037508
33.0,30.0,1000.62548828125,-4.324382102113296,-3.933506152150205,1.7133867186089664,3.3360408189267847,2.472368296707575,3.001547842952547,-0.3323088524885183,1.8439396772809176,0.1053633703473378,2.4919090279224467
33.0,30.0,1000.6265258789062,-4.324382102113296,-3.9312815100706167,1.7132802313626216,3.3360408189267847,2.472623358568418,2.891403641184726,-0.3323094346935367,1.7674812475221355,0.1050471295580947,2.4919090279224467
33.0,30.0,1000.6271362304688,-4.374225220433772,-3.931508280134144,1.6052589134482913,3.186371688961763,2.472459045748024,3.079921310733704,-0.332309671373509,1.7695068589219805,0.1045959390115514,2.497730558088481
33.0,30.0,1000.6272583007812,-4.461459101052778,-3.931123264230105,1.706847359877682,3.3498369294551127,2.47262867825968,2.892574269127571,-0.3323096841556519,1.833687576299194,0.1050552032213321,2.500291861257575
33.0,30.0,1000.6277465820312,-4.324382102113296,-3.933506152150205,1.7133867186089664,3.3360408189267847,2.472368399157244,2.891403641184726,-0.3323094315761534,1.7674812475221355,0.1053633703473378,2.4919090279224467
33.0,30.0,1000.6279907226562,-4.374225220433772,-3.931492224518994,1.6052589134482913,3.186371688961763,2.472459045748024,3.079921310733704,-0.332309671373509,1.7689676083026709,0.1045959390115514,2.497730558088481
33.0,30.0,1000.6279907226562,-4.374225220433772,-3.931492224518994,1.6052589134482913,3.186371688961763,2.472459045748024,3.079921310733704,-0.332309671373509,1.7689676083026709,0.1045959390115514,2.497730558088481
33.0,30.0,1000.629150390625,-4.3251856248253695,-3.765464406760631,1.6682449944457665,3.186302106434693,2.4573211486566926,2.8914879406708645,-0.3323359860480647,1.836498811658276,0.106556409363048,2.416527244218162
33.0,30.0,1000.629150390625,-4.3251856248253695,-3.765464406760631,1.6682449944457665,3.186302106434693,2.4573211486566926,2.8914879406708645,-0.3323359860480647,1.836498811658276,0.106556409363048,2.416527244218162
33.0,30.0,1000.629150390625,-4.3240072889878025,-3.934295886385065,1.7134228441145372,3.3372627313801706,2.472601192007371,3.0040935227611647,-0.3323097292475824,1.836498811658276,0.1076222482709056,2.50430564361616
33.0,31.0,1000.5789794921876,-4.323617388193376,-3.7953442600796974,1.7133867186089664,3.1807743626833123,2.472765174890108,2.950036392742941,-0.3323088688375095,1.838261960846773,0.2145970153705707,2.49133320864775
33.0,31.0,1000.5795288085938,-4.325913667856226,-3.7953442600796974,1.7133867186089664,3.1807743626833123,2.4727526578858745,2.9500704508992053,-0.3323088794611015,1.838261960846773,0.2151909273203497,2.49133320864775
33.0,31.0,1000.5795288085938,-4.325913667856226,-3.7953442600796974,1.713417294595706,3.1807743626833123,2.4727526578858745,2.9500704508992053,-0.3323088794611015,1.838261960846773,0.214604203499189,2.49133320864775
33.0,31.0,1000.5897827148438,-4.377524837073246,-3.796410807689943,1.713332755341376,3.19187451525074,2.4726233914567617,2.8914175192978018,-0.3323088508543322,1.8378997571046924,0.2612476155560526,2.5001584936358743
33.0,31.0,1000.5902099609376,-4.3251856248253695,-3.796976865362899,1.6682449944457665,3.1863021133430123,2.4573211486566926,2.892391908562406,-0.3323097199131336,1.836498811658276,0.214398176440942,2.498389266037508
33.0,31.0,1000.5924682617188,-4.263708425710467,-3.728387830186593,1.7133867728295282,3.18630186161181,2.472621155612228,3.0057067500915915,-0.3323086547702544,1.8382312344262768,0.1076466961471106,2.5048560082002056
33.0,31.0,1000.5924682617188,-4.263708425710467,-3.728387830186593,1.7133867728295282,3.18630186161181,2.472621220332105,3.0057067500915915,-0.3323097194862853,1.8382312344262768,0.1076466961471106,2.5048565095907587
33.0,31.0,1000.5938720703124,-4.263685193409184,-3.7953442600796974,1.7133867186089664,3.1862535190725314,2.4727737647925307,3.005123972248168,-0.3323086979061314,1.8382616482689915,0.2151909273203497,2.504799316523127
33.0,31.0,1000.59814453125,-4.377498928100073,-3.797285296245836,1.7067971037924496,3.1933130944466224,2.4726134646262685,2.892464787261779,-0.3323109615059008,1.8302118485052423,0.2618348035203423,2.5001584936358743
33.0,31.0,1000.5993041992188,-4.45637325318962,-3.93363106879222,1.7067971037924496,3.18630186161181,2.4659579943017755,2.8925005786807256,-0.3323109507618531,1.8302118485052423,0.2612476155560526,2.500366494333737
33.0,31.0,1000.5993041992188,-4.45637325318962,-3.93363106879222,1.7067971037924496,3.18630186161181,2.4659579943017755,2.8925005786807256,-0.3323109507618531,1.8302118485052423,0.2612476155560526,2.500366494333737
33.0,31.0,1000.6028442382812,-4.45637325318962,-3.930045850047185,1.7067971037924496,3.18630186161181,2.472561407049497,2.8925005630594622,-0.332310950328097,1.8302118485052423,0.2612476155560526,2.500366995350565
33.0,31.0,1000.6029663085938,-4.45637325318962,-3.930045850047185,1.7067971037924496,3.18630186161181,2.472811142778283,2.8925007893693087,-0.332310950328097,1.8302118485052423,0.2612476155560526,2.500351226983014
33.0,31.0,1000.6055908203124,-4.371924860175314,-3.929615121869897,1.7117478641036434,3.3492081443915143,2.456180667512724,2.892450909148703,-0.332309671373509,1.833808317537553,0.103191992829754,2.500267994378877
33.0,31.0,1000.6060791015624,-4.3780966229947165,-3.928666971694346,1.6668012626494788,3.1933130944466224,2.4726134646262685,2.892464787261779,-0.3323110633367853,1.8302118485052423,0.2507915267630546,2.5001584936358743
33.0,31.0,1000.60693359375,-4.324116568772449,-3.7252416345722574,1.7134228441145372,3.18630186161181,2.472635848261463,3.0040935227611647,-0.3323097322548742,1.8365267203569973,0.1115981875884837,2.491110394599449
33.0,31.0,1000.6076049804688,-4.375354424930393,-3.9296243140206655,1.7118268756573098,3.351807852912708,2.456180667512724,2.891403641184726,-0.332309671373509,1.833687576299194,0.103191992829754,2.497362164481562
33.0,31.0,1000.6076049804688,-4.3753285159572215,-3.9296243140206655,1.7118268756573098,3.35324643210859,2.456180667512724,2.892450909148703,-0.332309671373509,1.833687576299194,0.103191992829754,2.497362164481562
33.0,31.0,1000.6076049804688,-4.375328664283932,-3.9296243140206655,1.7118268756573098,3.3531504604064675,2.456180667512724,2.892491184431232,-0.332309671373509,1.833687576299194,0.103191992829754,2.497362164481562
33.0,31.0,1000.6090087890624,-4.3240072889878025,-3.7252416345722574,1.7134228441145372,3.18630186161181,2.4726295708705504,3.0057067500915915,-0.3323097292475824,1.836498811658276,0.1076466961471106,2.50430564361616
33.0,31.0,1000.6095581054688,-4.368605854792891,-3.9296243140206655,1.7117873230445388,3.3531504604064675,2.466072566664148,2.892491184431232,-0.332309671373509,1.8303208004581144,0.103191992829754,2.497362164481562
33.0,31.0,1000.6099853515624,-4.3240072889878025,-3.7252416345722574,1.7134228441145372,3.18630186161181,2.4726295708705504,3.0040935227611647,-0.3323097292475824,1.836498811658276,0.1076449874578771,2.50430564361616
33.0,31.0,1000.6099853515624,-4.3240072889878025,-3.7252416345722574,1.7134228441145372,3.18630186161181,2.4726295708705504,3.0040935227611647,-0.3323097292475824,1.836498811658276,0.1076449874578771,2.50430564361616
33.0,31.0,1000.6117553710938,-4.377498928100073,-3.9295698337876575,1.7067971037924496,3.1933130944466224,2.4726134646262685,2.892464787261779,-0.3323109615059008,1.8302118485052423,0.2612476155560526,2.5001584936358743
33.0,31.0,1000.6117553710938,-4.377498928100073,-3.9295698337876575,1.7067971037924496,3.1933130944466224,2.4726233914567617,2.892464787261779,-0.3323109615059008,1.8302118485052423,0.2612476155560526,2.5001584936358743
33.0,31.0,1000.6117553710938,-4.377499047055302,-3.9295698337876575,1.7067971037924496,3.1933130944466224,2.4726134646262685,2.892447258814245,-0.3323109615059008,1.8302118485052423,0.2612476155560526,2.5001584936358743
33.0,31.0,1000.6121215820312,-4.377524837073246,-3.9295698337876575,1.7067971037924496,3.19187451525074,2.4726233914567617,2.8914175192978018,-0.3323109615059008,1.8302118485052423,0.2612476155560526,2.5001584936358743
33.0,31.0,1000.6138305664062,-4.323636118140591,-3.931287404089217,1.711620083030867,3.351075700745499,2.472623358568418,2.891403641184726,-0.3323094371473913,1.7674812475221355,0.1050471295580947,2.491895429528162
33.0,31.0,1000.6138305664062,-4.323636118140591,-3.931287404089217,1.711620083030867,3.351075700745499,2.4726134317379254,2.891403641184726,-0.3323094371473913,1.7674812475221355,0.1050471295580947,2.491895429528162
33.0,31.0,1000.6138305664062,-4.323636118140591,-3.931287404089217,1.711620083030867,3.351075700745499,2.472623358568418,2.891403641184726,-0.3323094371473913,1.7674812475221355,0.1050471295580947,2.491895429528162
33.0,31.0,1000.6138305664062,-4.323636118140591,-3.931287404089217,1.711620083030867,3.351075700745499,2.4726134317379254,2.891403641184726,-0.3323094371473913,1.7674812475221355,0.1050471295580947,2.491895429528162
33.0,31.0,1000.614501953125,-4.45637325318962,-3.7196273292277775,1.7067971037924496,3.18630186161181,2.472803924027851,2.8925005786807256,-0.3323109316333361,1.8301027424482472,0.2612476155560526,2.500366494333737
33.0,31.0,1000.6148681640624,-4.356255557773106,-3.937392883472855,1.604414070567925,3.1806914222007765,2.472459045748024,3.079921310733704,-0.3323096662078543,1.768706229594989,0.109569516487714,2.497730558088481
33.0,31.0,1000.6151123046876,-4.3240072889878025,-3.7252416345722574,1.7134228441145372,3.18630186161181,2.4726295708705504,3.0040935227611647,-0.3323097292475824,1.9183924642316563,0.1076449874578771,2.50430564361616
33.0,31.0,1000.6162109375,-4.265673961204784,-3.7953442600796974,1.713417294595706,3.1807743626833123,2.4727526578858745,2.951913403486474,-0.3323087085297234,1.838261960846773,0.215198115448968,2.49133320864775
33.0,31.0,1000.6162109375,-4.265673961204784,-3.7953442600796974,1.713417294595706,3.1807743626833123,2.4727526578858745,2.951913403486474,-0.3323087085297234,1.838261960846773,0.215198115448968,2.49133320864775
33.0,31.0,1000.6165161132812,-4.375354424930393,-3.931123264230105,1.7118268756573098,3.3498369294551127,2.47262867825968,2.891403641184726,-0.332309671373509,1.833687576299194,0.1050552032213321,2.497362164481562
33.0,31.0,1000.6171875,-4.32514584991038,-3.764815288619536,1.6670956185099366,3.1870013715492576,2.472428168699814,2.891417750000972,-0.3322972212530069,1.8355706402210656,0.1146648986862247,2.4138442306973213
33.0,31.0,1000.6171875,-4.32514584991038,-3.764815288619536,1.6670956185099366,3.1870013715492576,2.4724266849639265,2.891417750000972,-0.3323091570013751,1.8355706402210656,0.1150411235068092,2.4138442306973213
33.0,31.0,1000.6180419921876,-4.263377681541934,-3.7953442600796974,1.7133867186089664,3.1807743626833123,2.472765174890108,2.95187934533021,-0.3323086979061314,1.838261960846773,0.2151909273203497,2.49133320864775
33.0,31.0,1000.6194458007812,-4.324394388146446,-3.93363106879222,1.7067971037924496,3.18630186161181,2.4659579943017755,2.8925005786807256,-0.3323109507618531,1.8302118485052423,0.2612476155560526,2.500366494333737
33.0,31.0,1000.61962890625,-4.375328172909435,-3.9295698337876575,1.7067971037924496,3.1933130944466224,2.4726134646262685,2.892464787261779,-0.3323109615059008,1.8302118485052423,0.2507915267630546,2.5001584936358743
33.0,31.0,1000.61962890625,-4.375387215696041,-3.9295698337876575,1.7067971037924496,3.1933130944466224,2.4726134646262685,2.892464787261779,-0.3323109615059008,1.8302118485052423,0.2507915267630546,2.5001584936358743
33.0,31.0,1000.6200561523438,-4.374276821632809,-3.9248765237872334,1.6079933538588689,3.1934769150683406,2.47245527315974,3.072998881650234,-0.332309671373509,1.7699021437078353,0.1045959390115514,2.497730558088481
33.0,31.0,1000.6233520507812,-4.262328937871372,-3.929551946106484,1.7133456208069386,3.1870366232467355,2.47263142312744,3.079921310733704,-0.3323094341380213,1.7675015077456202,0.1045813462184057,2.497730558088481
33.0,31.0,1000.6233520507812,-4.261952737693886,-3.913031643128935,1.7067847564316556,3.18630186161181,2.4723794389116502,3.002511134145352,-0.3323086853612287,1.844266937301008,0.1050603023122064,2.3907845451591747
33.0,31.0,1000.6234741210938,-4.32439576944384,-3.9295698337876575,1.7067971037924496,3.18630186161181,2.456274658500328,2.892488173701786,-0.3323109840144982,1.8302118485052423,0.2612476155560526,2.5001584936358743
33.0,31.0,1000.6234741210938,-4.32439576944384,-3.9295698337876575,1.7067971037924496,3.18630186161181,2.456274658500328,2.892488173701786,-0.3323109840144982,1.8302118485052423,0.2612476155560526,2.5001584936358743
33.0,31.0,1000.6235961914062,-4.995482297995541,-3.740795888514023,-3.862767492783487,0.825711231934917,1.9232431193100867,2.241942402040716,0.5591285430877211,1.7872354664650285,-1.1646407039625928,0.373022303981469
33.0,31.0,1000.6238403320312,-4.261922387996277,-3.7953442600796974,1.7138142689059082,3.186276690068378,2.472754906216813,2.951913403486474,-0.3323086852820767,1.838261960846773,0.2116939432028433,2.4909744771551643
33.0,32.0,1000.5789794921876,-4.323617388193376,-3.7953442600796974,1.7133867186089664,3.1807743626833123,2.472765174890108,2.950036392742941,-0.3323088688375095,1.838261960846773,0.2145970153705707,2.49133320864775
33.0,32.0,1000.5792846679688,-4.324116568772449,-3.839203158793208,1.7134228441145372,3.186241203034178,2.472635848261463,3.0040935227611647,-0.3323097322548742,1.8303532298321112,0.1115981875884837,2.5000925864723005
33.0,32.0,1000.5795288085938,-4.325913667856226,-3.7953442600796974,1.7133867186089664,3.1807743626833123,2.4727526578858745,2.9500704508992053,-0.3323088794611015,1.838261960846773,0.2151909273203497,2.49133320864775
33.0,32.0,1000.5795288085938,-4.325913667856226,-3.7953442600796974,1.713417294595706,3.1807743626833123,2.4727526578858745,2.9500704508992053,-0.3323088794611015,1.838261960846773,0.214604203499189,2.49133320864775
33.0,32.0,1000.5795288085938,-4.325913667856226,-3.7953442600796974,1.7133862752781963,3.1807743626833123,2.4727526578858745,2.9500704508992053,-0.3323088794611015,1.838261960846773,0.214604203499189,2.49133320864775
33.0,32.0,1000.5795288085938,-4.325913667856226,-3.7953442600796974,1.713417737926476,3.1807743626833123,2.4727526578858745,2.9500704508992053,-0.3323088794611015,1.838261960846773,0.2151909273203497,2.49133320864775
33.0,32.0,1000.5897827148438,-4.377524837073246,-3.796410807689943,1.713332755341376,3.19187451525074,2.4726233914567617,2.8914175192978018,-0.3323088508543322,1.8378997571046924,0.2612476155560526,2.5001584936358743
33.0,32.0,1000.5902099609376,-4.3251856248253695,-3.796976865362899,1.6682449944457665,3.1863021133430123,2.4573211486566926,2.892391908562406,-0.3323097199131336,1.836498811658276,0.214398176440942,2.498389266037508
33.0,32.0,1000.5924682617188,-4.263708425710467,-3.728387830186593,1.7133867728295282,3.18630186161181,2.472621155612228,3.0057067500915915,-0.3323086547702544,1.8382312344262768,0.1076466961471106,2.5048560082002056
33.0,32.0,1000.5924682617188,-4.263708425710467,-3.728387830186593,1.7133867728295282,3.18630186161181,2.472621220332105,3.0057067500915915,-0.3323097194862853,1.8382312344262768,0.1076466961471106,2.5048565095907587
33.0,32.0,1000.5938720703124,-4.263685193409184,-3.7953442600796974,1.7133867186089664,3.1862535190725314,2.4727737647925307,3.005123972248168,-0.3323086979061314,1.8382616482689915,0.2151909273203497,2.504799316523127
33.0,32.0,1000.5947265625,-4.322845901881025,-3.7939725514170815,1.7134228441145372,3.18630186161181,2.472631714424631,2.933318107500154,-0.3323098499538692,1.836491374765072,0.2329275649559153,2.50430564361616
33.0,32.0,1000.59814453125,-4.377498928100073,-3.797285296245836,1.7067971037924496,3.1933130944466224,2.4726134646262685,2.892464787261779,-0.3323109615059008,1.8302118485052423,0.2618348035203423,2.5001584936358743
33.0,32.0,1000.5993041992188,-4.45637325318962,-3.93363106879222,1.7067971037924496,3.18630186161181,2.4659579943017755,2.8925005786807256,-0.3323109507618531,1.8302118485052423,0.2612476155560526,2.500366494333737
33.0,32.0,1000.5993041992188,-4.45637325318962,-3.93363106879222,1.7067971037924496,3.18630186161181,2.4659579943017755,2.8925005786807256,-0.3323109507618531,1.8302118485052423,0.2612476155560526,2.500366494333737
33.0,32.0,1000.601318359375,-4.460634599164507,-3.930045850047185,1.7067971037924496,3.193226821213244,2.4728052473724844,2.8925007893693087,-0.3323109505056509,1.8302118485052423,0.2612476155560526,2.500351226983014
33.0,32.0,1000.6024169921876,-4.45637325318962,-3.93363106879222,1.7067971037924496,3.18630186161181,2.4659579943017755,2.8925005786807256,-0.3323109507618531,1.8499058599595857,0.2582179546591158,2.5004636363355823
33.0,32.0,1000.6028442382812,-4.45637325318962,-3.930045850047185,1.7067971037924496,3.18630186161181,2.472561407049497,2.8925005630594622,-0.332310950328097,1.8302118485052423,0.2612476155560526,2.500366995350565
33.0,32.0,1000.6029663085938,-4.45637325318962,-3.930045850047185,1.7067971037924496,3.18630186161181,2.472811142778283,2.8925007893693087,-0.332310950328097,1.8302118485052423,0.2612476155560526,2.500351226983014
33.0,32.0,1000.6032104492188,-4.3780966229947165,-3.930773912420214,1.666372531082018,3.1933130944466224,2.4726134646262685,2.892464787261779,-0.3323110633367853,1.8302118485052423,0.2507915267630546,2.500635819188991
33.0,32.0,1000.6047973632812,-4.3240072889878025,-3.7273060539546816,1.7134228441145372,3.18630186161181,2.472740146164036,3.0040935227611647,-0.3323097292475824,1.8302979315655936,0.1076449874578771,2.4973720944156708
33.0,32.0,1000.6055908203124,-4.371924860175314,-3.929615121869897,1.7117478641036434,3.3492081443915143,2.456180667512724,2.892450909148703,-0.332309671373509,1.833808317537553,0.103191992829754,2.500267994378877
33.0,32.0,1000.6057739257812,-4.377498928100073,-3.797285296245836,1.6669254157614046,3.1933130944466224,2.472645772871044,2.892386965004315,-0.3323109510871887,1.830084519016856,0.2618348035203423,2.498392578918811
33.0,32.0,1000.6060791015624,-4.3780966229947165,-3.928666971694346,1.6668012626494788,3.1933130944466224,2.4726134646262685,2.892464787261779,-0.3323110633367853,1.8302118485052423,0.2507915267630546,2.5001584936358743
33.0,32.0,1000.60693359375,-4.324116568772449,-3.7252416345722574,1.7134228441145372,3.18630186161181,2.472635848261463,3.0040935227611647,-0.3323097322548742,1.8365267203569973,0.1115981875884837,2.491110394599449
33.0,32.0,1000.6076049804688,-4.375354424930393,-3.9296243140206655,1.7118268756573098,3.351807852912708,2.456180667512724,2.891403641184726,-0.332309671373509,1.833687576299194,0.103191992829754,2.497362164481562
33.0,32.0,1000.6076049804688,-4.3753285159572215,-3.9296243140206655,1.7118268756573098,3.35324643210859,2.456180667512724,2.892450909148703,-0.332309671373509,1.833687576299194,0.103191992829754,2.497362164481562
33.0,32.0,1000.6076049804688,-4.375328664283932,-3.9296243140206655,1.7118268756573098,3.3531504604064675,2.456180667512724,2.892491184431232,-0.332309671373509,1.833687576299194,0.103191992829754,2.497362164481562
33.0,32.0,1000.6077880859376,-4.368605854792891,-3.9275598946382426,1.7117873230445388,3.3531504604064675,2.4659619913706625,2.892491184431232,-0.332309671373509,1.836521680550797,0.103191992829754,2.5042957136820507
33.0,32.0,1000.6090087890624,-4.3240072889878025,-3.7252416345722574,1.7134228441145372,3.18630186161181,2.4726295708705504,3.0057067500915915,-0.3323097292475824,1.836498811658276,0.1076466961471106,2.50430564361616
33.0,32.0,1000.6095581054688,-4.368605854792891,-3.9296243140206655,1.7117873230445388,3.3531504604064675,2.466072566664148,2.892491184431232,-0.332309671373509,1.8303208004581144,0.103191992829754,2.497362164481562
33.0,32.0,1000.6099853515624,-4.3240072889878025,-3.7252416345722574,1.7134228441145372,3.18630186161181,2.4726295708705504,3.0040935227611647,-0.3323097292475824,1.836498811658276,0.1076449874578771,2.50430564361616
33.0,32.0,1000.6099853515624,-4.3240072889878025,-3.7252416345722574,1.7134228441145372,3.18630186161181,2.4726295708705504,3.0040935227611647,-0.3323097292475824,1.836498811658276,0.1076449874578771,2.50430564361616
33.0,32.0,1000.6107788085938,-4.256751346155053,-3.7234351765299634,1.7134982387163966,3.18630186161181,2.472621220332105,2.9946484500364394,-0.3323097652267374,1.8382312344262768,0.1076466961471106,2.5050246485680328
33.0,32.0,1000.6117553710938,-4.377498928100073,-3.9295698337876575,1.7067971037924496,3.1933130944466224,2.4726134646262685,2.892464787261779,-0.3323109615059008,1.8302118485052423,0.2612476155560526,2.5001584936358743
33.0,32.0,1000.6117553710938,-4.377498928100073,-3.9295698337876575,1.7067971037924496,3.1933130944466224,2.4726233914567617,2.892464787261779,-0.3323109615059008,1.8302118485052423,0.2612476155560526,2.5001584936358743
33.0,32.0,1000.6117553710938,-4.377499047055302,-3.9295698337876575,1.7067971037924496,3.1933130944466224,2.4726134646262685,2.892447258814245,-0.3323109615059008,1.8302118485052423,0.2612476155560526,2.5001584936358743
33.0,32.0,1000.6119384765624,-4.377499047055302,-3.9295698337876575,1.7067971037924496,3.1933737530242547,2.4726134646262685,2.892447258814245,-0.3323109615059008,1.8363853390301288,0.2612476155560526,2.491176301763023
33.0,32.0,1000.6119995117188,-4.3780966229947165,-3.928704386711842,1.7064217460120406,3.1933130944466224,2.4726134646262685,2.892464787261779,-0.3323109591251718,1.8302118485052423,0.2611803632833708,2.5001584936358743
33.0,32.0,1000.6121215820312,-4.377524837073246,-3.9295698337876575,1.7067971037924496,3.19187451525074,2.4726233914567617,2.8914175192978018,-0.3323109615059008,1.8302118485052423,0.2612476155560526,2.5001584936358743
33.0,32.0,1000.6138305664062,-4.323636118140591,-3.931287404089217,1.711620083030867,3.351075700745499,2.472623358568418,2.891403641184726,-0.3323094371473913,1.7674812475221355,0.1050471295580947,2.491895429528162
33.0,32.0,1000.6138305664062,-4.323636118140591,-3.931287404089217,1.711620083030867,3.351075700745499,2.4726134317379254,2.891403641184726,-0.3323094371473913,1.7674812475221355,0.1050471295580947,2.491895429528162
33.0,32.0,1000.6138305664062,-4.323636118140591,-3.931287404089217,1.711620083030867,3.351075700745499,2.472623358568418,2.891403641184726,-0.3323094371473913,1.7674812475221355,0.1050471295580947,2.491895429528162
33.0,32.0,1000.6138305664062,-4.323636118140591,-3.931287404089217,1.711620083030867,3.351075700745499,2.4726134317379254,2.891403641184726,-0.3323094371473913,1.7674812475221355,0.1050471295580947,2.491895429528162
33.0,32.0,1000.614501953125,-4.45637325318962,-3.7196273292277775,1.7067971037924496,3.18630186161181,2.472803924027851,2.8925005786807256,-0.3323109316333361,1.8301027424482472,0.2612476155560526,2.500366494333737
33.0,32.0,1000.6148681640624,-4.356255557773106,-3.937392883472855,1.604414070567925,3.1806914222007765,2.472459045748024,3.079921310733704,-0.3323096662078543,1.768706229594989,0.109569516487714,2.497730558088481
33.0,32.0,1000.6148681640624,-4.356255557773106,-3.937392883472855,1.604414070567925,3.1806914222007765,2.472459045748024,3.079921310733704,-0.3323096662078543,1.768706229594989,0.109569516487714,2.497730558088481
33.0,32.0,1000.6151123046876,-4.3240072889878025,-3.7252416345722574,1.7134228441145372,3.18630186161181,2.4726295708705504,3.0040935227611647,-0.3323097292475824,1.9183924642316563,0.1076449874578771,2.50430564361616
33.0,32.0,1000.6162109375,-4.265673961204784,-3.7953442600796974,1.713417294595706,3.1807743626833123,2.4727526578858745,2.951913403486474,-0.3323087085297234,1.838261960846773,0.215198115448968,2.49133320864775
33.0,32.0,1000.6162109375,-4.265673961204784,-3.7953442600796974,1.713417294595706,3.1807743626833123,2.4727526578858745,2.951913403486474,-0.3323087085297234,1.838261960846773,0.215198115448968,2.49133320864775
33.0,33.0,1000.5789794921876,-4.323617388193376,-3.7953442600796974,1.7133867186089664,3.1807743626833123,2.472765174890108,2.950036392742941,-0.3323088688375095,1.838261960846773,0.2145970153705707,2.49133320864775
33.0,33.0,1000.5792236328124,-4.324116568772449,-3.839203158793208,1.7134228441145372,3.186303196506702,2.472635848261463,3.0040935227611647,-0.3323097331447904,1.8303584347916704,0.1115981875884837,2.5000925864723005
33.0,33.0,1000.5792846679688,-4.324116568772449,-3.839203158793208,1.7134228441145372,3.186241203034178,2.472635848261463,3.0040935227611647,-0.3323097322548742,1.8303532298321112,0.1115981875884837,2.5000925864723005
33.0,33.0,1000.5795288085938,-4.325913667856226,-3.7953442600796974,1.7133867186089664,3.1807743626833123,2.4727526578858745,2.9500704508992053,-0.3323088794611015,1.838261960846773,0.2151909273203497,2.49133320864775
33.0,33.0,1000.5795288085938,-4.325913667856226,-3.7953442600796974,1.713417294595706,3.1807743626833123,2.4727526578858745,2.9500704508992053,-0.3323088794611015,1.838261960846773,0.214604203499189,2.49133320864775
33.0,33.0,1000.5795288085938,-4.325913667856226,-3.7953442600796974,1.7133862752781963,3.1807743626833123,2.4727526578858745,2.9500704508992053,-0.3323088794611015,1.838261960846773,0.214604203499189,2.49133320864775
33.0,33.0,1000.5795288085938,-4.325913667856226,-3.7953442600796974,1.713417737926476,3.1807743626833123,2.4727526578858745,2.9500704508992053,-0.3323088794611015,1.838261960846773,0.2151909273203497,2.49133320864775
33.0,33.0,1000.5795288085938,-4.325913667856226,-3.7953442600796974,1.7134174243723983,3.180810599182073,2.4727526578858745,2.9500704508992053,-0.3323096494572713,1.838261960846773,0.2151909273203497,2.49133320864775
33.0,33.0,1000.5897827148438,-4.377524837073246,-3.796410807689943,1.713332755341376,3.19187451525074,2.4726233914567617,2.8914175192978018,-0.3323088508543322,1.8378997571046924,0.2612476155560526,2.5001584936358743
33.0,33.0,1000.5902099609376,-4.3251856248253695,-3.796976865362899,1.6682449944457665,3.1863021133430123,2.4573211486566926,2.892391908562406,-0.3323097199131336,1.836498811658276,0.214398176440942,2.498389266037508
33.0,33.0,1000.5924682617188,-4.263708425710467,-3.728387830186593,1.7133867728295282,3.18630186161181,2.472621155612228,3.0057067500915915,-0.3323086547702544,1.8382312344262768,0.1076466961471106,2.5048560082002056
33.0,33.0,1000.5924682617188,-4.263708425710467,-3.728387830186593,1.7133867728295282,3.18630186161181,2.472621220332105,3.0057067500915915,-0.3323097194862853,1.8382312344262768,0.1076466961471106,2.5048565095907587
33.0,33.0,1000.5924682617188,-4.263708425710467,-3.728387830186593,1.7133867728295282,3.18630186161181,2.472621220332105,3.0057067500915915,-0.3323097194862853,1.8382312344262768,0.1076466961471106,2.504856507655772
33.0,33.0,1000.5938720703124,-4.263685193409184,-3.7953442600796974,1.7133867186089664,3.1862535190725314,2.4727737647925307,3.005123972248168,-0.3323086979061314,1.8382616482689915,0.2151909273203497,2.504799316523127
33.0,33.0,1000.5947265625,-4.322845901881025,-3.7939725514170815,1.7134228441145372,3.18630186161181,2.472631714424631,2.933318107500154,-0.3323098499538692,1.836491374765072,0.2329275649559153,2.50430564361616
33.0,33.0,1000.59814453125,-4.377498928100073,-3.797285296245836,1.7067971037924496,3.1933130944466224,2.4726134646262685,2.892464787261779,-0.3323109615059008,1.8302118485052423,0.2618348035203423,2.5001584936358743
33.0,33.0,1000.598388671875,-4.266193084543327,-3.7252416345722574,1.7134228441145372,3.1862536063810603,2.4726295708705504,3.004107174156867,-0.3323097332708438,1.836498811658276,0.1076449874578771,2.50430564361616
33.0,33.0,1000.5987548828124,-4.45637325318962,-3.933388857972353,1.7067971037924496,3.18630186161181,2.4659654272089835,2.8925005630594622,-0.3323109508102272,1.8318169715443944,0.2612476155560526,2.500366995350565
33.0,33.0,1000.5993041992188,-4.45637325318962,-3.93363106879222,1.7067971037924496,3.18630186161181,2.4659579943017755,2.8925005786807256,-0.3323109507618531,1.8302118485052423,0.2612476155560526,2.500366494333737
33.0,33.0,1000.5993041992188,-4.45637325318962,-3.93363106879222,1.7067971037924496,3.18630186161181,2.4659579943017755,2.8925005786807256,-0.3323109507618531,1.8302118485052423,0.2612476155560526,2.500366494333737
33.0,33.0,1000.599365234375,-4.45637325318962,-3.93363106879222,1.7067971037924496,3.1862514225860794,2.4659579943017755,2.8925005786807256,-0.3323109400500145,1.8301240471549645,0.2612476155560526,2.500366494333737
33.0,33.0,1000.599609375,-4.45637325318962,-3.936855079807215,1.7068754965574229,3.186234636264615,2.4659579943017755,2.8914640699329173,-0.3323109507618531,1.8302118485052423,0.2612476155560526,2.500366494333737
33.0,33.0,1000.601318359375,-4.460634599164507,-3.930045850047185,1.7067971037924496,3.193226821213244,2.4728052473724844,2.8925007893693087,-0.3323109505056509,1.8302118485052423,0.2612476155560526,2.500351226983014
33.0,33.0,1000.601318359375,-4.460634599164507,-3.930045850047185,1.7067971037924496,3.193226821213244,2.4728052473724844,2.8925007893693087,-0.3323109505358898,1.8302118485052423,0.2612476155560526,2.5003462274756667
33.0,33.0,1000.6021118164062,-4.378086262082235,-3.9295698337876575,1.667608146236768,3.1933130944466224,2.4726134646262685,2.892464787261779,-0.3323110733984005,1.8302118485052423,0.2612476155560526,2.5001584936358743
33.0,33.0,1000.6024169921876,-4.45637325318962,-3.93363106879222,1.7067971037924496,3.18630186161181,2.4659579943017755,2.8925005786807256,-0.3323109507618531,1.8499058599595857,0.2582179546591158,2.5004636363355823
33.0,33.0,1000.6028442382812,-4.45637325318962,-3.930045850047185,1.7067971037924496,3.18630186161181,2.472561407049497,2.8925005630594622,-0.332310950328097,1.8302118485052423,0.2612476155560526,2.500366995350565
33.0,33.0,1000.6029663085938,-4.45637325318962,-3.930045850047185,1.7067971037924496,3.18630186161181,2.472811142778283,2.8925007893693087,-0.332310950328097,1.8302118485052423,0.2612476155560526,2.500351226983014
33.0,33.0,1000.6032104492188,-4.3780966229947165,-3.930773912420214,1.666372531082018,3.1933130944466224,2.4726134646262685,2.892464787261779,-0.3323110633367853,1.8302118485052423,0.2507915267630546,2.500635819188991
33.0,33.0,1000.6047973632812,-4.3240072889878025,-3.7273060539546816,1.7134228441145372,3.18630186161181,2.472740146164036,3.0040935227611647,-0.3323097292475824,1.8302979315655936,0.1076449874578771,2.4973720944156708
33.0,33.0,1000.6047973632812,-4.3240072889878025,-3.7273060539546816,1.7134228441145372,3.18630186161181,2.472740146164036,3.0040935227611647,-0.3323097292475824,1.8302979315655936,0.1076449874578771,2.4973720944156708
33.0,33.0,1000.6055908203124,-4.371924860175314,-3.929615121869897,1.7117478641036434,3.3492081443915143,2.456180667512724,2.892450909148703,-0.332309671373509,1.833808317537553,0.103191992829754,2.500267994378877
33.0,33.0,1000.6057739257812,-4.377498928100073,-3.797285296245836,1.6669254157614046,3.1933130944466224,2.472645772871044,2.892386965004315,-0.3323109510871887,1.830084519016856,0.2618348035203423,2.498392578918811
33.0,33.0,1000.6060791015624,-4.3780966229947165,-3.928666971694346,1.6668012626494788,3.1933130944466224,2.4726134646262685,2.892464787261779,-0.3323110633367853,1.8302118485052423,0.2507915267630546,2.5001584936358743
33.0,33.0,1000.60693359375,-4.324116568772449,-3.7252416345722574,1.7134228441145372,3.18630186161181,2.472635848261463,3.0040935227611647,-0.3323097322548742,1.8365267203569973,0.1115981875884837,2.491110394599449
33.0,33.0,1000.6076049804688,-4.375354424930393,-3.9296243140206655,1.7118268756573098,3.351807852912708,2.456180667512724,2.891403641184726,-0.332309671373509,1.833687576299194,0.103191992829754,2.497362164481562
33.0,33.0,1000.6076049804688,-4.3753285159572215,-3.9296243140206655,1.7118268756573098,3.35324643210859,2.456180667512724,2.892450909148703,-0.332309671373509,1.833687576299194,0.103191992829754,2.497362164481562
33.0,33.0,1000.6076049804688,-4.375328664283932,-3.9296243140206655,1.7118268756573098,3.3531504604064675,2.456180667512724,2.892491184431232,-0.332309671373509,1.833687576299194,0.103191992829754,2.497362164481562
33.0,33.0,1000.6077270507812,-4.374418275729624,-3.9296243140206655,1.7118268756573098,3.3531504604064675,2.456180667512724,2.892491184431232,-0.332309671373509,1.833687576299194,0.103191992829754,2.497362164481562
33.0,33.0,1000.6077880859376,-4.368605854792891,-3.9275598946382426,1.7117873230445388,3.3531504604064675,2.4659619913706625,2.892491184431232,-0.332309671373509,1.836521680550797,0.103191992829754,2.5042957136820507
33.0,33.0,1000.6090087890624,-4.3240072889878025,-3.7252416345722574,1.7134228441145372,3.18630186161181,2.4726295708705504,3.0057067500915915,-0.3323097292475824,1.836498811658276,0.1076466961471106,2.50430564361616
33.0,33.0,1000.6095581054688,-4.368605854792891,-3.9296243140206655,1.7117873230445388,3.3531504604064675,2.466072566664148,2.892491184431232,-0.332309671373509,1.8303208004581144,0.103191992829754,2.497362164481562
33.0,33.0,1000.6099853515624,-4.3240072889878025,-3.7252416345722574,1.7134228441145372,3.18630186161181,2.4726295708705504,3.0040935227611647,-0.3323097292475824,1.836498811658276,0.1076449874578771,2.50430564361616
33.0,33.0,1000.6099853515624,-4.3240072889878025,-3.7252416345722574,1.7134228441145372,3.18630186161181,2.4726295708705504,3.0040935227611647,-0.3323097292475824,1.836498811658276,0.1076449874578771,2.50430564361616
33.0,33.0,1000.6107788085938,-4.256751346155053,-3.7234351765299634,1.7134982387163966,3.18630186161181,2.472621220332105,2.9946484500364394,-0.3323097652267374,1.8382312344262768,0.1076466961471106,2.5050246485680328
33.0,33.0,1000.6112060546876,-4.325913667856226,-3.7953442600796974,1.7062871951320069,3.181409214238766,2.4727526578858745,2.891605464971787,-0.3323109606635757,1.838261960846773,0.2151909273203497,2.4906434009223224
33.0,33.0,1000.6117553710938,-4.377498928100073,-3.9295698337876575,1.7067971037924496,3.1933130944466224,2.4726134646262685,2.892464787261779,-0.3323109615059008,1.8302118485052423,0.2612476155560526,2.5001584936358743
33.0,33.0,1000.6117553710938,-4.377498928100073,-3.9295698337876575,1.7067971037924496,3.1933130944466224,2.4726233914567617,2.892464787261779,-0.3323109615059008,1.8302118485052423,0.2612476155560526,2.5001584936358743
33.0,33.0,1000.6117553710938,-4.377499047055302,-3.9295698337876575,1.7067971037924496,3.1933130944466224,2.4726134646262685,2.892447258814245,-0.3323109615059008,1.8302118485052423,0.2612476155560526,2.5001584936358743
33.0,33.0,1000.6117553710938,-4.377498928100073,-3.9295698337876575,1.7067971037924496,3.1933130944466224,2.4726134646262685,2.892464787261779,-0.3323109614756619,1.8302118485052423,0.2612476155560526,2.500163493143221
33.0,34.0,1000.5782470703124,-4.374796533113274,-3.7953442600796974,1.706578945531048,3.1807743626833123,2.47262486016346,2.9500704508992053,-0.3323088794611015,1.8303013964344128,0.214604203499189,2.49133320864775
33.0,34.0,1000.5789794921876,-4.323617388193376,-3.7953442600796974,1.7133867186089664,3.1807743626833123,2.472765174890108,2.950036392742941,-0.3323088688375095,1.838261960846773,0.2145970153705707,2.49133320864775
33.0,34.0,1000.5792236328124,-4.324116568772449,-3.839203158793208,1.7134228441145372,3.186303196506702,2.472635848261463,3.0040935227611647,-0.3323097331447904,1.8303584347916704,0.1115981875884837,2.5000925864723005
33.0,34.0,1000.5792846679688,-4.324116568772449,-3.839203158793208,1.7134228441145372,3.186241203034178,2.472635848261463,3.0040935227611647,-0.3323097322548742,1.8303532298321112,0.1115981875884837,2.5000925864723005
33.0,34.0,1000.5795288085938,-4.325913667856226,-3.7953442600796974,1.7133867186089664,3.1807743626833123,2.4727526578858745,2.9500704508992053,-0.3323088794611015,1.838261960846773,0.2151909273203497,2.49133320864775
33.0,34.0,1000.5795288085938,-4.325913667856226,-3.7953442600796974,1.713417294595706,3.1807743626833123,2.4727526578858745,2.9500704508992053,-0.3323088794611015,1.838261960846773,0.214604203499189,2.49133320864775
33.0,34.0,1000.5795288085938,-4.325913667856226,-3.7953442600796974,1.7133862752781963,3.1807743626833123,2.4727526578858745,2.9500704508992053,-0.3323088794611015,1.838261960846773,0.214604203499189,2.49133320864775
33.0,34.0,1000.5795288085938,-4.325913667856226,-3.7953442600796974,1.713417737926476,3.1807743626833123,2.4727526578858745,2.9500704508992053,-0.3323088794611015,1.838261960846773,0.2151909273203497,2.49133320864775
33.0,34.0,1000.5795288085938,-4.325913667856226,-3.7953442600796974,1.7134174243723983,3.180810599182073,2.4727526578858745,2.9500704508992053,-0.3323096494572713,1.838261960846773,0.2151909273203497,2.49133320864775
33.0,34.0,1000.5795288085938,-4.325913667856226,-3.7953442600796974,1.7133867186089664,3.1807743626833123,2.4727526578858745,2.9500704508992053,-0.3323098291250994,1.838261960846773,0.2151909273203497,2.49133320864775
33.0,34.0,1000.5795288085938,-4.325913667856226,-3.7953442600796974,1.7134177253353764,3.1807743626833123,2.4727526578858745,2.9500704508992053,-0.3323088794611015,1.838261960846773,0.2151550016501856,2.49133320864775
33.0,34.0,1000.5803833007812,-4.324132516760334,-3.792172994269865,1.713422792522577,3.180810599182073,2.4727526578858745,2.9500704508992053,-0.3323096409600259,1.838261960846773,0.2151909273203497,2.49133320864775
33.0,34.0,1000.5877075195312,-4.263708425710467,-3.728387830186593,1.7133867728295282,3.181012446321192,2.472621220332105,3.0057067500915915,-0.3323097112166195,1.8382312344262768,0.1079634116370175,2.504856507655772
33.0,34.0,1000.5878295898438,-4.3251856248253695,-3.796976865362899,1.7134836872436476,3.1863021133430123,2.4725733016553324,3.0031478181036744,-0.3323097199131336,1.836498811658276,0.214398176440942,2.498389266037508
33.0,34.0,1000.588134765625,-4.377524837073246,-3.796410807689943,1.7069755094131085,3.1862154857912546,2.4657377115905788,2.8914222266568266,-0.3323109636649022,1.8378997571046924,0.2612476155560526,2.5001584936358743
33.0,34.0,1000.5897827148438,-4.377524837073246,-3.796410807689943,1.713332755341376,3.19187451525074,2.4726233914567617,2.8914175192978018,-0.3323088508543322,1.8378997571046924,0.2612476155560526,2.5001584936358743
33.0,34.0,1000.5902099609376,-4.3251856248253695,-3.796976865362899,1.6682449944457665,3.1863021133430123,2.4573211486566926,2.892391908562406,-0.3323097199131336,1.836498811658276,0.214398176440942,2.498389266037508
33.0,34.0,1000.5924682617188,-4.263708425710467,-3.728387830186593,1.7133867728295282,3.18630186161181,2.472621155612228,3.0057067500915915,-0.3323086547702544,1.8382312344262768,0.1076466961471106,2.5048560082002056
33.0,34.0,1000.5924682617188,-4.263708425710467,-3.728387830186593,1.7133867728295282,3.18630186161181,2.472621220332105,3.0057067500915915,-0.3323097194862853,1.8382312344262768,0.1076466961471106,2.5048565095907587
33.0,34.0,1000.5924682617188,-4.263708425710467,-3.728387830186593,1.7133867728295282,3.18630186161181,2.472621220332105,3.0057067500915915,-0.3323097194862853,1.8382312344262768,0.1076466961471106,2.504856507655772
33.0,34.0,1000.5938720703124,-4.263685193409184,-3.7953442600796974,1.7133867186089664,3.1862535190725314,2.4727737647925307,3.005123972248168,-0.3323086979061314,1.8382616482689915,0.2151909273203497,2.504799316523127
33.0,34.0,1000.5947265625,-4.322845901881025,-3.7939725514170815,1.7134228441145372,3.18630186161181,2.472631714424631,2.933318107500154,-0.3323098499538692,1.836491374765072,0.2329275649559153,2.50430564361616
33.0,34.0,1000.5947265625,-4.322845901881025,-3.7939725514170815,1.7134228441145372,3.18630186161181,2.472631714424631,2.933318107500154,-0.3323089002898714,1.836491374765072,0.2329275649559153,2.50430564361616
33.0,34.0,1000.595947265625,-4.323617388193376,-3.7953442600796974,1.7767948728160317,3.1807743626833123,2.472767525501396,2.957939720402176,-0.332308911635823,1.838298739044243,0.2145970153705707,2.5013123328204165
33.0,34.0,1000.5969848632812,-4.263708425710467,-3.728387830186593,1.7133017323955446,3.18630186161181,2.472352720962597,2.995730794694252,-0.3323097176944475,1.8382312344262768,0.1076466961471106,2.5047998310851574
33.0,34.0,1000.59814453125,-4.377498928100073,-3.797285296245836,1.7067971037924496,3.1933130944466224,2.4726134646262685,2.892464787261779,-0.3323109615059008,1.8302118485052423,0.2618348035203423,2.5001584936358743
33.0,34.0,1000.598388671875,-4.266193084543327,-3.7252416345722574,1.7134228441145372,3.1862536063810603,2.4726295708705504,3.004107174156867,-0.3323097332708438,1.836498811658276,0.1076449874578771,2.50430564361616
33.0,34.0,1000.5987548828124,-4.45637325318962,-3.933388857972353,1.7067971037924496,3.18630186161181,2.4659654272089835,2.8925005630594622,-0.3323109508102272,1.8318169715443944,0.2612476155560526,2.500366995350565
33.0,34.0,1000.5993041992188,-4.45637325318962,-3.93363106879222,1.7067971037924496,3.18630186161181,2.4659579943017755,2.8925005786807256,-0.3323109507618531,1.8302118485052423,0.2612476155560526,2.500366494333737
33.0,34.0,1000.5993041992188,-4.45637325318962,-3.93363106879222,1.7067971037924496,3.18630186161181,2.4659579943017755,2.8925005786807256,-0.3323109507618531,1.8302118485052423,0.2612476155560526,2.500366494333737
33.0,34.0,1000.599365234375,-4.45637325318962,-3.93363106879222,1.7067971037924496,3.1862514225860794,2.4659579943017755,2.8925005786807256,-0.3323109400500145,1.8301240471549645,0.2612476155560526,2.500366494333737
33.0,34.0,1000.5995483398438,-4.45637325318962,-3.93363106879222,1.7068821442264333,3.18630186161181,2.466226493671284,2.902476534078065,-0.3323109525536908,1.8302118485052423,0.2612476155560526,2.500423172839338
33.0,34.0,1000.599609375,-4.45637325318962,-3.936855079807215,1.7068754965574229,3.186234636264615,2.4659579943017755,2.8914640699329173,-0.3323109507618531,1.8302118485052423,0.2612476155560526,2.500366494333737
33.0,34.0,1000.601318359375,-4.460634599164507,-3.930045850047185,1.7067971037924496,3.193226821213244,2.4728052473724844,2.8925007893693087,-0.3323109505056509,1.8302118485052423,0.2612476155560526,2.500351226983014
33.0,34.0,1000.601318359375,-4.460634599164507,-3.930045850047185,1.7067971037924496,3.193226821213244,2.4728052473724844,2.8925007893693087,-0.3323109505358898,1.8302118485052423,0.2612476155560526,2.5003462274756667
33.0,34.0,1000.6013793945312,-4.45637325318962,-3.933388857972353,1.7131543497207171,3.191960891071296,2.4728511070751664,2.892495855700437,-0.3323088379996572,1.8318169715443944,0.2612476155560526,2.500366995350565
33.0,34.0,1000.6021118164062,-4.378086262082235,-3.9295698337876575,1.667608146236768,3.1933130944466224,2.4726134646262685,2.892464787261779,-0.3323110733984005,1.8302118485052423,0.2612476155560526,2.5001584936358743
33.0,34.0,1000.6024169921876,-4.45637325318962,-3.93363106879222,1.7067971037924496,3.18630186161181,2.4659579943017755,2.8925005786807256,-0.3323109507618531,1.8499058599595857,0.2582179546591158,2.5004636363355823
33.0,34.0,1000.6028442382812,-4.45637325318962,-3.930045850047185,1.7067971037924496,3.18630186161181,2.472561407049497,2.8925005630594622,-0.332310950328097,1.8302118485052423,0.2612476155560526,2.500366995350565
33.0,34.0,1000.6029663085938,-4.45637325318962,-3.930045850047185,1.7067971037924496,3.18630186161181,2.472811142778283,2.8925007893693087,-0.332310950328097,1.8302118485052423,0.2612476155560526,2.500351226983014
33.0,34.0,1000.6032104492188,-4.3780966229947165,-3.930773912420214,1.666372531082018,3.1933130944466224,2.4726134646262685,2.892464787261779,-0.3323110633367853,1.8302118485052423,0.2507915267630546,2.500635819188991
33.0,34.0,1000.6047973632812,-4.3240072889878025,-3.7273060539546816,1.7134228441145372,3.18630186161181,2.472740146164036,3.0040935227611647,-0.3323097292475824,1.8302979315655936,0.1076449874578771,2.4973720944156708
33.0,34.0,1000.6047973632812,-4.3240072889878025,-3.7273060539546816,1.7134228441145372,3.18630186161181,2.472740146164036,3.0040935227611647,-0.3323097292475824,1.8302979315655936,0.1076449874578771,2.4973720944156708
33.0,34.0,1000.6055908203124,-4.371924860175314,-3.929615121869897,1.7117478641036434,3.3492081443915143,2.456180667512724,2.892450909148703,-0.332309671373509,1.833808317537553,0.103191992829754,2.500267994378877
33.0,34.0,1000.6057739257812,-4.377498928100073,-3.797285296245836,1.6669254157614046,3.1933130944466224,2.472645772871044,2.892386965004315,-0.3323109510871887,1.830084519016856,0.2618348035203423,2.498392578918811
33.0,34.0,1000.6060791015624,-4.3780966229947165,-3.928666971694346,1.6668012626494788,3.1933130944466224,2.4726134646262685,2.892464787261779,-0.3323110633367853,1.8302118485052423,0.2507915267630546,2.5001584936358743
33.0,34.0,1000.60693359375,-4.324116568772449,-3.7252416345722574,1.7134228441145372,3.18630186161181,2.472635848261463,3.0040935227611647,-0.3323097322548742,1.8365267203569973,0.1115981875884837,2.491110394599449
33.0,34.0,1000.6071166992188,-4.375354424930393,-3.92915282767126,1.7118268756573098,3.3513195213322864,2.456180667512724,2.891403641184726,-0.3323096705468804,1.8337706929561668,0.1116668775619332,2.4999473422109624
33.0,34.0,1000.6076049804688,-4.375354424930393,-3.9296243140206655,1.7118268756573098,3.351807852912708,2.456180667512724,2.891403641184726,-0.332309671373509,1.833687576299194,0.103191992829754,2.497362164481562
33.0,34.0,1000.6076049804688,-4.3753285159572215,-3.9296243140206655,1.7118268756573098,3.35324643210859,2.456180667512724,2.892450909148703,-0.332309671373509,1.833687576299194,0.103191992829754,2.497362164481562
33.0,35.0,1000.5770263671876,-4.323553128430645,-3.7953442600796974,1.7133468480003335,3.1958195164913312,2.4727526578858745,2.9500704508992053,-0.3323088794611015,1.838261960846773,0.2151550016501856,2.4913405002367544
33.0,35.0,1000.5778198242188,-4.324116568772449,-3.839203158793208,1.7134228441145372,3.186241203034178,2.472635848261463,3.00410772106873,-0.3323097332977182,1.836702029815121,0.1077495415709334,2.5000925864723005
33.0,35.0,1000.5782470703124,-4.374796533113274,-3.7953442600796974,1.706578945531048,3.1807743626833123,2.47262486016346,2.9500704508992053,-0.3323088794611015,1.8303013964344128,0.214604203499189,2.49133320864775
33.0,35.0,1000.5787963867188,-4.374796533113274,-3.7953442600796974,1.707030597300661,3.1807743626833123,2.4727744733660173,2.957635953225468,-0.332308879261685,1.8304844181285416,0.2146040677226807,2.491718365262665
33.0,35.0,1000.5789794921876,-4.323617388193376,-3.7953442600796974,1.7133867186089664,3.1807743626833123,2.472765174890108,2.950036392742941,-0.3323088688375095,1.838261960846773,0.2145970153705707,2.49133320864775
33.0,35.0,1000.5792236328124,-4.324116568772449,-3.839203158793208,1.7134228441145372,3.186303196506702,2.472635848261463,3.0040935227611647,-0.3323097331447904,1.8303584347916704,0.1115981875884837,2.5000925864723005
33.0,35.0,1000.5792846679688,-4.324116568772449,-3.839203158793208,1.7134228441145372,3.186241203034178,2.472635848261463,3.0040935227611647,-0.3323097322548742,1.8303532298321112,0.1115981875884837,2.5000925864723005
33.0,35.0,1000.5792846679688,-4.324116568772449,-3.839203158793208,1.7134228441145372,3.186241203034178,2.472635848261463,3.0040935227611647,-0.3323097322548742,1.8303532298321112,0.1115981875884837,2.5000925864723005
33.0,35.0,1000.5795288085938,-4.325913667856226,-3.7953442600796974,1.7133867186089664,3.1807743626833123,2.4727526578858745,2.9500704508992053,-0.3323088794611015,1.838261960846773,0.2151909273203497,2.49133320864775
33.0,35.0,1000.5795288085938,-4.325913667856226,-3.7953442600796974,1.713417294595706,3.1807743626833123,2.4727526578858745,2.9500704508992053,-0.3323088794611015,1.838261960846773,0.214604203499189,2.49133320864775
33.0,35.0,1000.5795288085938,-4.325913667856226,-3.7953442600796974,1.7133862752781963,3.1807743626833123,2.4727526578858745,2.9500704508992053,-0.3323088794611015,1.838261960846773,0.214604203499189,2.49133320864775
33.0,35.0,1000.5795288085938,-4.325913667856226,-3.7953442600796974,1.713417737926476,3.1807743626833123,2.4727526578858745,2.9500704508992053,-0.3323088794611015,1.838261960846773,0.2151909273203497,2.49133320864775
33.0,35.0,1000.5795288085938,-4.325913667856226,-3.7953442600796974,1.7134174243723983,3.180810599182073,2.4727526578858745,2.9500704508992053,-0.3323096494572713,1.838261960846773,0.2151909273203497,2.49133320864775
33.0,35.0,1000.5795288085938,-4.325913667856226,-3.7953442600796974,1.7133867186089664,3.1807743626833123,2.4727526578858745,2.9500704508992053,-0.3323098291250994,1.838261960846773,0.2151909273203497,2.49133320864775
33.0,35.0,1000.5795288085938,-4.325913667856226,-3.7953442600796974,1.7134177253353764,3.1807743626833123,2.4727526578858745,2.9500704508992053,-0.3323088794611015,1.838261960846773,0.2151550016501856,2.49133320864775
33.0,35.0,1000.5795288085938,-4.325774226698666,-3.7953442600796974,1.7133866623804277,3.1807743626833123,2.4727526578858745,2.9500704508992053,-0.3323088792684469,1.838261960846773,0.2145967544632745,2.49133320864775
33.0,35.0,1000.5803833007812,-4.324132516760334,-3.792172994269865,1.713422792522577,3.180810599182073,2.4727526578858745,2.9500704508992053,-0.3323096409600259,1.838261960846773,0.2151909273203497,2.49133320864775
33.0,35.0,1000.5823364257812,-4.325890763819947,-3.7953442600796974,1.7134174243723983,3.180810599182073,2.4727526578858745,2.949581904534049,-0.3323096494572713,1.836422739452512,0.2151909273203497,2.49133320864775
33.0,35.0,1000.583251953125,-4.415835327786391,-3.8044951838391294,1.6682449944457665,3.1863021133430123,2.4573211486566926,2.892880454927563,-0.3323097199131336,1.8383380330525376,0.214398176440942,2.498389266037508
33.0,35.0,1000.5877075195312,-4.263708425710467,-3.728387830186593,1.7133867728295282,3.181012446321192,2.472621220332105,3.0057067500915915,-0.3323097112166195,1.8382312344262768,0.1079634116370175,2.504856507655772
33.0,35.0,1000.5878295898438,-4.3251856248253695,-3.796976865362899,1.7134836872436476,3.1863021133430123,2.4725733016553324,3.0031478181036744,-0.3323097199131336,1.836498811658276,0.214398176440942,2.498389266037508
33.0,35.0,1000.588134765625,-4.377524837073246,-3.796410807689943,1.7069755094131085,3.1862154857912546,2.4657377115905788,2.8914222266568266,-0.3323109636649022,1.8378997571046924,0.2612476155560526,2.5001584936358743
33.0,35.0,1000.5884399414062,-4.377524837073246,-3.795379193192816,1.7069755094131085,3.1807776333705937,2.4657377115905788,2.8914222266568266,-0.3323096770524786,1.838246308039428,0.2612476155560526,2.4914098452507187
33.0,35.0,1000.5894775390624,-4.323986329694373,-3.7953442600796974,1.7133867186089664,3.186127509787984,2.4727526578858745,2.949511934495559,-0.3323088794611015,1.8312211114563253,0.2151909273203497,2.491332157053033
33.0,35.0,1000.5897827148438,-4.377524837073246,-3.796410807689943,1.713332755341376,3.19187451525074,2.4726233914567617,2.8914175192978018,-0.3323088508543322,1.8378997571046924,0.2612476155560526,2.5001584936358743
33.0,35.0,1000.5902099609376,-4.3251856248253695,-3.796976865362899,1.6682449944457665,3.1863021133430123,2.4573211486566926,2.892391908562406,-0.3323097199131336,1.836498811658276,0.214398176440942,2.498389266037508
33.0,35.0,1000.5904541015624,-4.324116568772449,-3.839203158793208,1.7134228441145372,3.1863026224857984,2.472635848261463,3.0040935227611647,-0.3323097331447904,1.838489288615769,0.2161825892564569,2.5000925864723005
33.0,35.0,1000.5924682617188,-4.263708425710467,-3.728387830186593,1.7133867728295282,3.18630186161181,2.472621155612228,3.0057067500915915,-0.3323086547702544,1.8382312344262768,0.1076466961471106,2.5048560082002056
33.0,35.0,1000.5924682617188,-4.263708425710467,-3.728387830186593,1.7133867728295282,3.18630186161181,2.472621220332105,3.0057067500915915,-0.3323097194862853,1.8382312344262768,0.1076466961471106,2.5048565095907587
33.0,35.0,1000.5924682617188,-4.263708425710467,-3.728387830186593,1.7133867728295282,3.18630186161181,2.472621220332105,3.0057067500915915,-0.3323097194862853,1.8382312344262768,0.1076466961471106,2.504856507655772
33.0,35.0,1000.5938720703124,-4.263685193409184,-3.7953442600796974,1.7133867186089664,3.1862535190725314,2.4727737647925307,3.005123972248168,-0.3323086979061314,1.8382616482689915,0.2151909273203497,2.504799316523127
33.0,35.0,1000.5947265625,-4.322845901881025,-3.7939725514170815,1.7134228441145372,3.18630186161181,2.472631714424631,2.933318107500154,-0.3323098499538692,1.836491374765072,0.2329275649559153,2.50430564361616
33.0,35.0,1000.5947265625,-4.322845901881025,-3.7939725514170815,1.7134228441145372,3.18630186161181,2.472631714424631,2.933318107500154,-0.3323089002898714,1.836491374765072,0.2329275649559153,2.50430564361616
33.0,35.0,1000.595947265625,-4.323617388193376,-3.7953442600796974,1.7767948728160317,3.1807743626833123,2.472767525501396,2.957939720402176,-0.332308911635823,1.838298739044243,0.2145970153705707,2.5013123328204165
33.0,35.0,1000.5968017578124,-4.2637090218951865,-3.725828319996261,1.7133867728295282,3.1862523548691364,2.472770484473254,3.005116569579444,-0.3323097194862853,1.8382312344262768,0.1076466961471106,2.504856507655772
33.0,35.0,1000.5969848632812,-4.263708425710467,-3.728387830186593,1.7133017323955446,3.18630186161181,2.472352720962597,2.995730794694252,-0.3323097176944475,1.8382312344262768,0.1076466961471106,2.5047998310851574
33.0,35.0,1000.597412109375,-4.320257529293792,-3.7957657562349567,1.7134923977138077,3.186303196506702,2.472635848261463,3.0040935227611647,-0.3323097331447904,1.8303584347916704,0.1115981875884837,2.5000925864723005
33.0,35.0,1000.5979614257812,-4.324366628108172,-3.7953442600796974,1.7770114725559305,3.1863889267049545,2.472620697434733,2.957939720402176,-0.3323097257698529,1.838298739044243,0.2145970153705707,2.504889199025748
33.0,35.0,1000.59814453125,-4.377498928100073,-3.797285296245836,1.7067971037924496,3.1933130944466224,2.4726134646262685,2.892464787261779,-0.3323109615059008,1.8302118485052423,0.2618348035203423,2.5001584936358743
33.0,35.0,1000.598388671875,-4.266193084543327,-3.7252416345722574,1.7134228441145372,3.1862536063810603,2.4726295708705504,3.004107174156867,-0.3323097332708438,1.836498811658276,0.1076449874578771,2.50430564361616
33.0,35.0,1000.5987548828124,-4.45637325318962,-3.933388857972353,1.7067971037924496,3.18630186161181,2.4659654272089835,2.8925005630594622,-0.3323109508102272,1.8318169715443944,0.2612476155560526,2.500366995350565
33.0,35.0,1000.5993041992188,-4.45637325318962,-3.93363106879222,1.7067971037924496,3.18630186161181,2.4659579943017755,2.8925005786807256,-0.3323109507618531,1.8302118485052423,0.2612476155560526,2.500366494333737
33.0,35.0,1000.5993041992188,-4.45637325318962,-3.93363106879222,1.7067971037924496,3.18630186161181,2.4659579943017755,2.8925005786807256,-0.3323109507618531,1.8302118485052423,0.2612476155560526,2.500366494333737
33.0,35.0,1000.599365234375,-4.45637325318962,-3.93363106879222,1.7067971037924496,3.1862514225860794,2.4659579943017755,2.8925005786807256,-0.3323109400500145,1.8301240471549645,0.2612476155560526,2.500366494333737
33.0,35.0,1000.5995483398438,-4.45637325318962,-3.93363106879222,1.7068821442264333,3.18630186161181,2.466226493671284,2.902476534078065,-0.3323109525536908,1.8302118485052423,0.2612476155560526,2.500423172839338
33.0,35.0,1000.5995483398438,-4.45637325318962,-3.93363106879222,1.7068821442264333,3.18630186161181,2.466226493671284,2.902476534078065,-0.3323109525536908,1.8302118485052423,0.2612476155560526,2.500423172839338
33.0,35.0,1000.599609375,-4.45637325318962,-3.936855079807215,1.7068754965574229,3.186234636264615,2.4659579943017755,2.8914640699329173,-0.3323109507618531,1.8302118485052423,0.2612476155560526,2.500366494333737
33.0,35.0,1000.601318359375,-4.460634599164507,-3.930045850047185,1.7067971037924496,3.193226821213244,2.4728052473724844,2.8925007893693087,-0.3323109505056509,1.8302118485052423,0.2612476155560526,2.500351226983014
33.0,35.0,1000.601318359375,-4.460634599164507,-3.930045850047185,1.7067971037924496,3.193226821213244,2.4728052473724844,2.8925007893693087,-0.3323109505358898,1.8302118485052423,0.2612476155560526,2.5003462274756667
33.0,35.0,1000.6013793945312,-4.45637325318962,-3.933388857972353,1.7131543497207171,3.191960891071296,2.4728511070751664,2.892495855700437,-0.3323088379996572,1.8318169715443944,0.2612476155560526,2.500366995350565
33.0,36.0,1000.5770263671876,-4.323553128430645,-3.7953442600796974,1.7133468480003335,3.1958195164913312,2.4727526578858745,2.9500704508992053,-0.3323088794611015,1.838261960846773,0.2151550016501856,2.4913405002367544
33.0,36.0,1000.5770263671876,-4.323456950794645,-3.7953442600796974,1.7134098452567803,3.196509680372139,2.4727526578858745,2.9500704508992053,-0.3323088794611015,1.838261960846773,0.2152016211137179,2.491340361026096
33.0,36.0,1000.5778198242188,-4.324116568772449,-3.839203158793208,1.7134228441145372,3.186241203034178,2.472635848261463,3.00410772106873,-0.3323097332977182,1.836702029815121,0.1077495415709334,2.5000925864723005
33.0,36.0,1000.5782470703124,-4.374796533113274,-3.7953442600796974,1.706578945531048,3.1807743626833123,2.47262486016346,2.9500704508992053,-0.3323088794611015,1.8303013964344128,0.214604203499189,2.49133320864775
33.0,36.0,1000.5787963867188,-4.374796533113274,-3.7953442600796974,1.707030597300661,3.1807743626833123,2.4727744733660173,2.957635953225468,-0.332308879261685,1.8304844181285416,0.2146040677226807,2.491718365262665
33.0,36.0,1000.5789794921876,-4.323617388193376,-3.7953442600796974,1.7133867186089664,3.1807743626833123,2.472765174890108,2.950036392742941,-0.3323088688375095,1.838261960846773,0.2145970153705707,2.49133320864775
33.0,36.0,1000.5789794921876,-4.323617388193376,-3.7953442600796974,1.7133905896649475,3.180675752841492,2.472765213500243,2.950036061432814,-0.3323088688375095,1.838261960846773,0.2145970153705707,2.4913335290164733
33.0,36.0,1000.5792236328124,-4.324116568772449,-3.839203158793208,1.7134228441145372,3.186303196506702,2.472635848261463,3.0040935227611647,-0.3323097331447904,1.8303584347916704,0.1115981875884837,2.5000925864723005
33.0,36.0,1000.5792846679688,-4.324116568772449,-3.839203158793208,1.7134228441145372,3.186241203034178,2.472635848261463,3.0040935227611647,-0.3323097322548742,1.8303532298321112,0.1115981875884837,2.5000925864723005
33.0,36.0,1000.5792846679688,-4.324116568772449,-3.839203158793208,1.7134228441145372,3.186241203034178,2.472635848261463,3.0040935227611647,-0.3323097322548742,1.8303532298321112,0.1115981875884837,2.5000925864723005
33.0,36.0,1000.5795288085938,-4.325913667856226,-3.7953442600796974,1.7133867186089664,3.1807743626833123,2.4727526578858745,2.9500704508992053,-0.3323088794611015,1.838261960846773,0.2151909273203497,2.49133320864775
33.0,36.0,1000.5795288085938,-4.325913667856226,-3.7953442600796974,1.713417294595706,3.1807743626833123,2.4727526578858745,2.9500704508992053,-0.3323088794611015,1.838261960846773,0.214604203499189,2.49133320864775
33.0,36.0,1000.5795288085938,-4.325913667856226,-3.7953442600796974,1.7133862752781963,3.1807743626833123,2.4727526578858745,2.9500704508992053,-0.3323088794611015,1.838261960846773,0.214604203499189,2.49133320864775
33.0,36.0,1000.5795288085938,-4.325913667856226,-3.7953442600796974,1.713417737926476,3.1807743626833123,2.4727526578858745,2.9500704508992053,-0.3323088794611015,1.838261960846773,0.2151909273203497,2.49133320864775
33.0,36.0,1000.5795288085938,-4.325913667856226,-3.7953442600796974,1.7134174243723983,3.180810599182073,2.4727526578858745,2.9500704508992053,-0.3323096494572713,1.838261960846773,0.2151909273203497,2.49133320864775
33.0,36.0,1000.5795288085938,-4.325913667856226,-3.7953442600796974,1.7133867186089664,3.1807743626833123,2.4727526578858745,2.9500704508992053,-0.3323098291250994,1.838261960846773,0.2151909273203497,2.49133320864775
33.0,36.0,1000.5795288085938,-4.325913667856226,-3.7953442600796974,1.7134177253353764,3.1807743626833123,2.4727526578858745,2.9500704508992053,-0.3323088794611015,1.838261960846773,0.2151550016501856,2.49133320864775
33.0,36.0,1000.5795288085938,-4.325774226698666,-3.7953442600796974,1.7133866623804277,3.1807743626833123,2.4727526578858745,2.9500704508992053,-0.3323088792684469,1.838261960846773,0.2145967544632745,2.49133320864775
33.0,36.0,1000.5795288085938,-4.325049364722986,-3.839851200974232,1.7133882824952096,3.186237597570054,2.4726210882891984,3.0041648728670465,-0.3323097322629333,1.830771580983411,0.1115981875884837,2.5005027677855414
33.0,36.0,1000.5795288085938,-4.325913667856226,-3.7953442600796974,1.7134177253353764,3.1807743626833123,2.4727526578858745,2.9500704508992053,-0.33230886483737,1.838261960846773,0.2151555814799543,2.49133320864775
33.0,36.0,1000.5795288085938,-4.325913667856226,-3.7953442600796974,1.7133862752781963,3.1807743626833123,2.4727526578858745,2.9500704508992053,-0.3323088794611015,1.838261960846773,0.214604203499189,2.49133320864775
33.0,36.0,1000.5796508789062,-4.323906694778807,-3.835731660933628,1.7134228441145372,3.18624163260083,2.472635848261463,3.00410772106873,-0.3323097332977182,1.8303804470855969,0.1077495415709334,2.5000925864723005
33.0,36.0,1000.5797119140624,-4.326009845492226,-3.7953442600796974,1.713354297339259,3.180084198802505,2.4727526578858745,2.9500704508992053,-0.3323088794611015,1.838261960846773,0.2145575840356567,2.4913333478584088
33.0,36.0,1000.5803833007812,-4.324132516760334,-3.792172994269865,1.713422792522577,3.180810599182073,2.4727526578858745,2.9500704508992053,-0.3323096409600259,1.838261960846773,0.2151909273203497,2.49133320864775
33.0,36.0,1000.5809326171876,-4.415835327786391,-3.8044951838391294,1.6682449944457665,3.1807869189250444,2.4573211486566926,2.8914298564561736,-0.3323097213976581,1.8383380330525376,0.2174911942410274,2.498389266037508
33.0,36.0,1000.5812377929688,-4.325948098731856,-3.7953442600796974,1.7134176833839465,3.180796398411772,2.472612057149008,2.9518325799540297,-0.3323097356372086,1.838261960846773,0.2151909273203497,2.49133320864775
33.0,36.0,1000.5823364257812,-4.325890763819947,-3.7953442600796974,1.7134174243723983,3.180810599182073,2.4727526578858745,2.949581904534049,-0.3323096494572713,1.836422739452512,0.2151909273203497,2.49133320864775
33.0,36.0,1000.5831298828124,-4.323617388193376,-3.7953442600796974,1.772873185124604,3.1807743626833123,2.472767525501396,3.004666992602973,-0.3323089117874093,1.8381224248562524,0.211974826398946,2.5013123328204165
33.0,36.0,1000.583251953125,-4.415835327786391,-3.8044951838391294,1.6682449944457665,3.1863021133430123,2.4573211486566926,2.892880454927563,-0.3323097199131336,1.8383380330525376,0.214398176440942,2.498389266037508
33.0,36.0,1000.5836181640624,-4.374796533113274,-3.7922958602275902,1.707030597300661,3.1807743626833123,2.472774337251474,2.958181296881596,-0.3323088801441599,1.8304844181285416,0.2151902283457997,2.491718365262665
33.0,36.0,1000.5853881835938,-4.263708293649283,-3.728387830186593,1.7133867728295282,3.180763755496369,2.472621542731721,3.005137586018198,-0.3323097101531233,1.8382312344262768,0.111446305936847,2.504856507655772
33.0,36.0,1000.5877075195312,-4.263708425710467,-3.728387830186593,1.7133867728295282,3.181012446321192,2.472621220332105,3.0057067500915915,-0.3323097112166195,1.8382312344262768,0.1079634116370175,2.504856507655772
33.0,36.0,1000.5878295898438,-4.3251856248253695,-3.796976865362899,1.7134836872436476,3.1863021133430123,2.4725733016553324,3.0031478181036744,-0.3323097199131336,1.836498811658276,0.214398176440942,2.498389266037508
33.0,36.0,1000.588134765625,-4.377524837073246,-3.796410807689943,1.7069755094131085,3.1862154857912546,2.4657377115905788,2.8914222266568266,-0.3323109636649022,1.8378997571046924,0.2612476155560526,2.5001584936358743
33.0,36.0,1000.5884399414062,-4.377524837073246,-3.795379193192816,1.7069755094131085,3.1807776333705937,2.4657377115905788,2.8914222266568266,-0.3323096770524786,1.838246308039428,0.2612476155560526,2.4914098452507187
33.0,36.0,1000.589111328125,-4.374021836188373,-3.796410807689943,1.7071969955461157,3.1862154857912546,2.4659074632626483,2.8914222266568266,-0.3323109423183968,1.8378997571046924,0.2612476155560526,2.5001584936358743
33.0,36.0,1000.5894775390624,-4.323986329694373,-3.7953442600796974,1.7133867186089664,3.186127509787984,2.4727526578858745,2.949511934495559,-0.3323088794611015,1.8312211114563253,0.2151909273203497,2.491332157053033
33.0,36.0,1000.5897827148438,-4.377524837073246,-3.796410807689943,1.713332755341376,3.19187451525074,2.4726233914567617,2.8914175192978018,-0.3323088508543322,1.8378997571046924,0.2612476155560526,2.5001584936358743
33.0,36.0,1000.5899658203124,-4.263685325470367,-3.7953442600796974,1.7133867186089664,3.1865022098973546,2.472773442392915,3.005693136321562,-0.3323086989696276,1.8382616482689915,0.2117080330205203,2.504799316523127
33.0,36.0,1000.5899658203124,-4.324363754456688,-3.838644859059965,1.7134228441145372,3.1863035109477806,2.472635848261463,2.9583128162911527,-0.3323097331447904,1.838489288615769,0.2145895695260772,2.500411057606606
33.0,36.0,1000.5902099609376,-4.3251856248253695,-3.796976865362899,1.6682449944457665,3.1863021133430123,2.4573211486566926,2.892391908562406,-0.3323097199131336,1.836498811658276,0.214398176440942,2.498389266037508
33.0,36.0,1000.5904541015624,-4.324116568772449,-3.839203158793208,1.7134228441145372,3.1863026224857984,2.472635848261463,3.0040935227611647,-0.3323097331447904,1.838489288615769,0.2161825892564569,2.5000925864723005
33.0,36.0,1000.5924682617188,-4.263708425710467,-3.728387830186593,1.7133867728295282,3.18630186161181,2.472621155612228,3.0057067500915915,-0.3323086547702544,1.8382312344262768,0.1076466961471106,2.5048560082002056
33.0,36.0,1000.5924682617188,-4.263708425710467,-3.728387830186593,1.7133867728295282,3.18630186161181,2.472621220332105,3.0057067500915915,-0.3323097194862853,1.8382312344262768,0.1076466961471106,2.5048565095907587
33.0,36.0,1000.5924682617188,-4.263708425710467,-3.728387830186593,1.7133867728295282,3.18630186161181,2.472621220332105,3.0057067500915915,-0.3323097194862853,1.8382312344262768,0.1076466961471106,2.504856507655772
33.0,36.0,1000.5928955078124,-4.325540249402283,-3.7953442600796974,1.706578945531048,3.1807745970213235,2.47262486016346,2.9500704508992053,-0.3323088794611015,1.8303013964344128,0.214604203499189,2.49133320864775
33.0,36.0,1000.5938720703124,-4.263685193409184,-3.7953442600796974,1.7133867186089664,3.1862535190725314,2.4727737647925307,3.005123972248168,-0.3323086979061314,1.8382616482689915,0.2151909273203497,2.504799316523127
33.0,36.0,1000.5947265625,-4.322845901881025,-3.7939725514170815,1.7134228441145372,3.18630186161181,2.472631714424631,2.933318107500154,-0.3323098499538692,1.836491374765072,0.2329275649559153,2.50430564361616
33.0,36.0,1000.5947265625,-4.322845901881025,-3.7939725514170815,1.7134228441145372,3.18630186161181,2.472631714424631,2.933318107500154,-0.3323089002898714,1.836491374765072,0.2329275649559153,2.50430564361616
33.0,36.0,1000.5952758789062,-4.3251856248253695,-3.796976865362899,1.6682449944457665,3.181324954885965,2.4573211486566926,2.893322139816432,-0.3323097217241205,1.836498811658276,0.214398176440942,2.498389266037508
33.0,37.0,1000.5764770507812,-4.332719496243713,-3.8356186258898033,1.7133867728295282,3.18630186161181,2.472621220332105,3.0057067500915915,-0.3323097194862853,1.8382312344262768,0.1077376322826338,2.504856507655772
33.0,37.0,1000.5769653320312,-4.374796533113274,-3.7953442600796974,1.7009154224535783,3.1807743626833123,2.472626108685201,2.9500704508992053,-0.3323088794611015,1.8303013964344128,0.214604203499189,2.491904961224137
33.0,37.0,1000.5770263671876,-4.323553128430645,-3.7953442600796974,1.7133468480003335,3.1958195164913312,2.4727526578858745,2.9500704508992053,-0.3323088794611015,1.838261960846773,0.2151550016501856,2.4913405002367544
33.0,37.0,1000.5770263671876,-4.323456950794645,-3.7953442600796974,1.7134098452567803,3.196509680372139,2.4727526578858745,2.9500704508992053,-0.3323088794611015,1.838261960846773,0.2152016211137179,2.491340361026096
33.0,37.0,1000.5770263671876,-4.323553128430645,-3.7953442600796974,1.713426303241122,3.195943576952516,2.4727526578858745,2.9500704508992053,-0.3323088794611015,1.838261960846773,0.2151892683634382,2.4913405002367544
33.0,37.0,1000.5778198242188,-4.324116568772449,-3.839203158793208,1.7134228441145372,3.186241203034178,2.472635848261463,3.00410772106873,-0.3323097332977182,1.836702029815121,0.1077495415709334,2.5000925864723005
33.0,37.0,1000.5782470703124,-4.374796533113274,-3.7953442600796974,1.706578945531048,3.1807743626833123,2.47262486016346,2.9500704508992053,-0.3323088794611015,1.8303013964344128,0.214604203499189,2.49133320864775
33.0,37.0,1000.5783081054688,-4.325221590667164,-3.7953442600796974,1.7134441981796291,3.1863576853141105,2.472765174890108,2.950036392742941,-0.3323088373673606,1.838261960846773,0.2145970153705707,2.49133320864775
33.0,37.0,1000.5787963867188,-4.374796533113274,-3.7953442600796974,1.707030597300661,3.1807743626833123,2.4727744733660173,2.957635953225468,-0.332308879261685,1.8304844181285416,0.2146040677226807,2.491718365262665
33.0,37.0,1000.5789794921876,-4.323617388193376,-3.7953442600796974,1.7133867186089664,3.1807743626833123,2.472765174890108,2.950036392742941,-0.3323088688375095,1.838261960846773,0.2145970153705707,2.49133320864775
33.0,37.0,1000.5789794921876,-4.323617388193376,-3.7953442600796974,1.7133905896649475,3.180675752841492,2.472765213500243,2.950036061432814,-0.3323088688375095,1.838261960846773,0.2145970153705707,2.4913335290164733
33.0,37.0,1000.5791015625,-4.325913667856226,-3.7953442600796974,1.7133862740200492,3.180668420873757,2.4727526578858745,2.9485194969755653,-0.3323088794611015,1.809197163048156,0.214604203499189,2.491000824784777
33.0,37.0,1000.5792236328124,-4.324116568772449,-3.839203158793208,1.7134228441145372,3.186303196506702,2.472635848261463,3.0040935227611647,-0.3323097331447904,1.8303584347916704,0.1115981875884837,2.5000925864723005
33.0,37.0,1000.5792236328124,-4.324116568772449,-3.839203158793208,1.7134228441145372,3.186303196506702,2.472635848261463,3.0040935227611647,-0.3323097331447904,1.8303584347916704,0.1115981875884837,2.5000925864723005
33.0,37.0,1000.5792846679688,-4.324116568772449,-3.839203158793208,1.7134228441145372,3.186241203034178,2.472635848261463,3.0040935227611647,-0.3323097322548742,1.8303532298321112,0.1115981875884837,2.5000925864723005
33.0,37.0,1000.5792846679688,-4.324116568772449,-3.839203158793208,1.7134228441145372,3.186241203034178,2.472635848261463,3.0040935227611647,-0.3323097322548742,1.8303532298321112,0.1115981875884837,2.5000925864723005
33.0,37.0,1000.5795288085938,-4.325913667856226,-3.7953442600796974,1.7133867186089664,3.1807743626833123,2.4727526578858745,2.9500704508992053,-0.3323088794611015,1.838261960846773,0.2151909273203497,2.49133320864775
33.0,37.0,1000.5795288085938,-4.325913667856226,-3.7953442600796974,1.713417294595706,3.1807743626833123,2.4727526578858745,2.9500704508992053,-0.3323088794611015,1.838261960846773,0.214604203499189,2.49133320864775
33.0,37.0,1000.5795288085938,-4.325913667856226,-3.7953442600796974,1.7133862752781963,3.1807743626833123,2.4727526578858745,2.9500704508992053,-0.3323088794611015,1.838261960846773,0.214604203499189,2.49133320864775
33.0,37.0,1000.5795288085938,-4.325913667856226,-3.7953442600796974,1.713417737926476,3.1807743626833123,2.4727526578858745,2.9500704508992053,-0.3323088794611015,1.838261960846773,0.2151909273203497,2.49133320864775
33.0,37.0,1000.5795288085938,-4.325913667856226,-3.7953442600796974,1.7134174243723983,3.180810599182073,2.4727526578858745,2.9500704508992053,-0.3323096494572713,1.838261960846773,0.2151909273203497,2.49133320864775
33.0,37.0,1000.5795288085938,-4.325913667856226,-3.7953442600796974,1.7133867186089664,3.1807743626833123,2.4727526578858745,2.9500704508992053,-0.3323098291250994,1.838261960846773,0.2151909273203497,2.49133320864775
33.0,37.0,1000.5795288085938,-4.325913667856226,-3.7953442600796974,1.7134177253353764,3.1807743626833123,2.4727526578858745,2.9500704508992053,-0.3323088794611015,1.838261960846773,0.2151550016501856,2.49133320864775
33.0,37.0,1000.5795288085938,-4.325774226698666,-3.7953442600796974,1.7133866623804277,3.1807743626833123,2.4727526578858745,2.9500704508992053,-0.3323088792684469,1.838261960846773,0.2145967544632745,2.49133320864775
33.0,37.0,1000.5795288085938,-4.325049364722986,-3.839851200974232,1.7133882824952096,3.186237597570054,2.4726210882891984,3.0041648728670465,-0.3323097322629333,1.830771580983411,0.1115981875884837,2.5005027677855414
33.0,37.0,1000.5795288085938,-4.325913667856226,-3.7953442600796974,1.7134177253353764,3.1807743626833123,2.4727526578858745,2.9500704508992053,-0.33230886483737,1.838261960846773,0.2151555814799543,2.49133320864775
33.0,37.0,1000.5795288085938,-4.325913667856226,-3.7953442600796974,1.7133862752781963,3.1807743626833123,2.4727526578858745,2.9500704508992053,-0.3323088794611015,1.838261960846773,0.214604203499189,2.49133320864775
33.0,37.0,1000.5795288085938,-4.325913667856226,-3.7953442600796974,1.7133862752781963,3.1807743626833123,2.4727526578858745,2.9500704508992053,-0.3323088794611015,1.838261960846773,0.214604203499189,2.49133320864775
33.0,37.0,1000.5795288085938,-4.325913667856226,-3.7953442600796974,1.7134174243723983,3.180810599182073,2.4727526578858745,2.9500704508992053,-0.3323096913631601,1.838261960846773,0.2151909273203497,2.49133320864775
33.0,37.0,1000.5795288085938,-4.325913667856226,-3.7953442600796974,1.7133862752781963,3.1807743626833123,2.4727526578858745,2.9500704508992053,-0.3323088794611015,1.838261960846773,0.214604203499189,2.49133320864775
33.0,37.0,1000.5795288085938,-4.325913667856226,-3.7953442600796974,1.7134172841432802,3.1807743626833123,2.4727526578858745,2.9500704508992053,-0.3323088441079517,1.838261960846773,0.2151909273203497,2.49133320864775
33.0,37.0,1000.5795288085938,-4.325913667856226,-3.7953442600796974,1.7133862752781963,3.1807743626833123,2.4727526578858745,2.9500704508992053,-0.3323088794611015,1.838261960846773,0.214604203499189,2.49133320864775
33.0,37.0,1000.57958984375,-4.3714325241968925,-3.7953442600796974,1.7067724062582017,3.1807743626833123,2.4727526578858745,2.9502669275422964,-0.332308879453211,1.838261960846773,0.2151550016501856,2.49133320864775
33.0,37.0,1000.5796508789062,-4.323906694778807,-3.835731660933628,1.7134228441145372,3.18624163260083,2.472635848261463,3.00410772106873,-0.3323097332977182,1.8303804470855969,0.1077495415709334,2.5000925864723005
33.0,37.0,1000.5797119140624,-4.326009845492226,-3.7953442600796974,1.713354297339259,3.180084198802505,2.4727526578858745,2.9500704508992053,-0.3323088794611015,1.838261960846773,0.2145575840356567,2.4913333478584088
33.0,37.0,1000.5803833007812,-4.324132516760334,-3.792172994269865,1.713422792522577,3.180810599182073,2.4727526578858745,2.9500704508992053,-0.3323096409600259,1.838261960846773,0.2151909273203497,2.49133320864775
33.0,37.0,1000.58056640625,-4.374796533113274,-3.7953442600796974,1.713421125930868,3.1807743626833123,2.47262486016346,2.9500704508992053,-0.3323088794611015,1.8378138953496268,0.214604203499189,2.49133320864775
33.0,37.0,1000.5809326171876,-4.415835327786391,-3.8044951838391294,1.6682449944457665,3.1807869189250444,2.4573211486566926,2.8914298564561736,-0.3323097213976581,1.8383380330525376,0.2174911942410274,2.498389266037508
33.0,37.0,1000.5812377929688,-4.325948098731856,-3.7953442600796974,1.7134176833839465,3.180796398411772,2.472612057149008,2.9518325799540297,-0.3323097356372086,1.838261960846773,0.2151909273203497,2.49133320864775
33.0,37.0,1000.5823364257812,-4.325890763819947,-3.7953442600796974,1.7134174243723983,3.180810599182073,2.4727526578858745,2.949581904534049,-0.3323096494572713,1.836422739452512,0.2151909273203497,2.49133320864775
33.0,37.0,1000.5831298828124,-4.323617388193376,-3.7953442600796974,1.772873185124604,3.1807743626833123,2.472767525501396,3.004666992602973,-0.3323089117874093,1.8381224248562524,0.211974826398946,2.5013123328204165
33.0,37.0,1000.583251953125,-4.415835327786391,-3.8044951838391294,1.6682449944457665,3.1863021133430123,2.4573211486566926,2.892880454927563,-0.3323097199131336,1.8383380330525376,0.214398176440942,2.498389266037508
33.0,37.0,1000.5836181640624,-4.374796533113274,-3.7922958602275902,1.707030597300661,3.1807743626833123,2.472774337251474,2.958181296881596,-0.3323088801441599,1.8304844181285416,0.2151902283457997,2.491718365262665
33.0,37.0,1000.5853881835938,-4.263708293649283,-3.728387830186593,1.7133867728295282,3.180763755496369,2.472621542731721,3.005137586018198,-0.3323097101531233,1.8382312344262768,0.111446305936847,2.504856507655772
33.0,37.0,1000.5877075195312,-4.263708425710467,-3.728387830186593,1.7133867728295282,3.181012446321192,2.472621220332105,3.0057067500915915,-0.3323097112166195,1.8382312344262768,0.1079634116370175,2.504856507655772
33.0,37.0,1000.5878295898438,-4.3251856248253695,-3.796976865362899,1.7134836872436476,3.1863021133430123,2.4725733016553324,3.0031478181036744,-0.3323097199131336,1.836498811658276,0.214398176440942,2.498389266037508
33.0,37.0,1000.588134765625,-4.377524837073246,-3.796410807689943,1.7069755094131085,3.1862154857912546,2.4657377115905788,2.8914222266568266,-0.3323109636649022,1.8378997571046924,0.2612476155560526,2.5001584936358743
33.0,37.0,1000.5884399414062,-4.377524837073246,-3.795379193192816,1.7069755094131085,3.1807776333705937,2.4657377115905788,2.8914222266568266,-0.3323096770524786,1.838246308039428,0.2612476155560526,2.4914098452507187
33.0,37.0,1000.589111328125,-4.374021836188373,-3.796410807689943,1.7071969955461157,3.1862154857912546,2.4659074632626483,2.8914222266568266,-0.3323109423183968,1.8378997571046924,0.2612476155560526,2.5001584936358743
33.0,37.0,1000.5892944335938,-4.32500497566513,-3.793728425655563,1.7134180207330287,3.1809208015890973,2.4727530642671467,3.003652015835757,-0.3323088794611015,1.838261960846773,0.2151909273203497,2.4978327661313218
33.0,38.0,1000.5764770507812,-4.332719496243713,-3.8356186258898033,1.7133867728295282,3.18630186161181,2.472621220332105,3.0057067500915915,-0.3323097194862853,1.8382312344262768,0.1077376322826338,2.504856507655772
33.0,38.0,1000.5769653320312,-4.374796533113274,-3.7953442600796974,1.7009154224535783,3.1807743626833123,2.472626108685201,2.9500704508992053,-0.3323088794611015,1.8303013964344128,0.214604203499189,2.491904961224137
33.0,38.0,1000.5769653320312,-4.374796533113274,-3.7953442600796974,1.7009154224535783,3.1807743626833123,2.472626108685201,2.9500704508992053,-0.3323088794611015,1.8303013964344128,0.214604203499189,2.491904961224137
33.0,38.0,1000.5770263671876,-4.323553128430645,-3.7953442600796974,1.7133468480003335,3.1958195164913312,2.4727526578858745,2.9500704508992053,-0.3323088794611015,1.838261960846773,0.2151550016501856,2.4913405002367544
33.0,38.0,1000.5770263671876,-4.323456950794645,-3.7953442600796974,1.7134098452567803,3.196509680372139,2.4727526578858745,2.9500704508992053,-0.3323088794611015,1.838261960846773,0.2152016211137179,2.491340361026096
33.0,38.0,1000.5770263671876,-4.323553128430645,-3.7953442600796974,1.713426303241122,3.195943576952516,2.4727526578858745,2.9500704508992053,-0.3323088794611015,1.838261960846773,0.2151892683634382,2.4913405002367544
33.0,38.0,1000.5772705078124,-4.325913667856226,-3.795156599776268,1.7133867792849085,3.1807743626833123,2.472763389179258,3.004953909982412,-0.3323097158422913,1.838261960846773,0.2151909273203497,2.5041993341554574
33.0,38.0,1000.5778198242188,-4.324116568772449,-3.839203158793208,1.7134228441145372,3.186241203034178,2.472635848261463,3.00410772106873,-0.3323097332977182,1.836702029815121,0.1077495415709334,2.5000925864723005
33.0,38.0,1000.5782470703124,-4.374796533113274,-3.7953442600796974,1.706578945531048,3.1807743626833123,2.47262486016346,2.9500704508992053,-0.3323088794611015,1.8303013964344128,0.214604203499189,2.49133320864775
33.0,38.0,1000.5782470703124,-4.374796533113274,-3.7953442600796974,1.706578945531048,3.1807743626833123,2.47262486016346,2.9500704508992053,-0.3323088798495872,1.8303013964344128,0.2146042038146278,2.49133320864775
33.0,38.0,1000.5783081054688,-4.325221590667164,-3.7953442600796974,1.7134441981796291,3.1863576853141105,2.472765174890108,2.950036392742941,-0.3323088373673606,1.838261960846773,0.2145970153705707,2.49133320864775
33.0,38.0,1000.578369140625,-4.37524090200665,-3.7953442600796974,1.706578945531048,3.1807743626833123,2.472624816013841,2.9500704508992053,-0.3323088794611015,1.8303013964344128,0.214604203499189,2.49133320864775
33.0,38.0,1000.57861328125,-4.325913667856226,-3.7953442600796974,1.7133862752781963,3.18631722576572,2.4727526578858745,2.9500704508992053,-0.3323088794611015,1.838261960846773,0.214604203499189,2.49133320864775
33.0,38.0,1000.5787963867188,-4.374796533113274,-3.7953442600796974,1.707030597300661,3.1807743626833123,2.4727744733660173,2.957635953225468,-0.332308879261685,1.8304844181285416,0.2146040677226807,2.491718365262665
33.0,38.0,1000.5789794921876,-4.323617388193376,-3.7953442600796974,1.7133867186089664,3.1807743626833123,2.472765174890108,2.950036392742941,-0.3323088688375095,1.838261960846773,0.2145970153705707,2.49133320864775
33.0,38.0,1000.5789794921876,-4.323617388193376,-3.7953442600796974,1.7133905896649475,3.180675752841492,2.472765213500243,2.950036061432814,-0.3323088688375095,1.838261960846773,0.2145970153705707,2.4913335290164733
33.0,38.0,1000.5791015625,-4.325913667856226,-3.7953442600796974,1.7133862740200492,3.180668420873757,2.4727526578858745,2.9485194969755653,-0.3323088794611015,1.809197163048156,0.214604203499189,2.491000824784777
33.0,38.0,1000.5791015625,-4.325913667856226,-3.7953442600796974,1.7133862740200492,3.180668420873757,2.4727526578858745,2.9485194969755653,-0.3323088794611015,1.809197163048156,0.214604203499189,2.491000824784777
33.0,38.0,1000.5792236328124,-4.324116568772449,-3.839203158793208,1.7134228441145372,3.186303196506702,2.472635848261463,3.0040935227611647,-0.3323097331447904,1.8303584347916704,0.1115981875884837,2.5000925864723005
33.0,38.0,1000.5792236328124,-4.324116568772449,-3.839203158793208,1.7134228441145372,3.186303196506702,2.472635848261463,3.0040935227611647,-0.3323097331447904,1.8303584347916704,0.1115981875884837,2.5000925864723005
33.0,38.0,1000.5792236328124,-4.324116568772449,-3.839203158793208,1.7134228441145372,3.186302960531634,2.472635848261463,3.0040935227611647,-0.3323097331447904,1.83035876810631,0.1115981875884837,2.5000925864723005
33.0,38.0,1000.5792846679688,-4.324116568772449,-3.839203158793208,1.7134228441145372,3.186241203034178,2.472635848261463,3.0040935227611647,-0.3323097322548742,1.8303532298321112,0.1115981875884837,2.5000925864723005
33.0,38.0,1000.5792846679688,-4.324116568772449,-3.839203158793208,1.7134228441145372,3.186241203034178,2.472635848261463,3.0040935227611647,-0.3323097322548742,1.8303532298321112,0.1115981875884837,2.5000925864723005
33.0,38.0,1000.5792846679688,-4.324116568772449,-3.839203158793208,1.7134228441145372,3.1862414390092457,2.472635848261463,3.0040935227611647,-0.3323097322548742,1.830352896517472,0.1115981875884837,2.5000925864723005
33.0,38.0,1000.579345703125,-4.325221590667164,-3.7953442600796974,1.7134441981796291,3.1808148222317034,2.472765174890108,2.950036392742941,-0.3323088373673606,1.838261960846773,0.2145970153705707,2.49133320864775
33.0,38.0,1000.579345703125,-4.325221590667164,-3.7953442600796974,1.7134441981796291,3.1807706730915664,2.4727650396059846,2.9500360089063404,-0.3323088373673606,1.838261960846773,0.215196090077604,2.49133320864775
33.0,38.0,1000.579345703125,-4.325128795660301,-3.7953442600796974,1.7134740333174792,3.1807743626833123,2.4727526578858745,2.9500704508992053,-0.3323088794533217,1.838261960846773,0.214604203499189,2.49133320864775
33.0,38.0,1000.5795288085938,-4.325913667856226,-3.7953442600796974,1.7133867186089664,3.1807743626833123,2.4727526578858745,2.9500704508992053,-0.3323088794611015,1.838261960846773,0.2151909273203497,2.49133320864775
33.0,38.0,1000.5795288085938,-4.325913667856226,-3.7953442600796974,1.713417294595706,3.1807743626833123,2.4727526578858745,2.9500704508992053,-0.3323088794611015,1.838261960846773,0.214604203499189,2.49133320864775
33.0,38.0,1000.5795288085938,-4.325913667856226,-3.7953442600796974,1.7133862752781963,3.1807743626833123,2.4727526578858745,2.9500704508992053,-0.3323088794611015,1.838261960846773,0.214604203499189,2.49133320864775
33.0,38.0,1000.5795288085938,-4.325913667856226,-3.7953442600796974,1.713417737926476,3.1807743626833123,2.4727526578858745,2.9500704508992053,-0.3323088794611015,1.838261960846773,0.2151909273203497,2.49133320864775
33.0,38.0,1000.5795288085938,-4.325913667856226,-3.7953442600796974,1.7134174243723983,3.180810599182073,2.4727526578858745,2.9500704508992053,-0.3323096494572713,1.838261960846773,0.2151909273203497,2.49133320864775
33.0,38.0,1000.5795288085938,-4.325913667856226,-3.7953442600796974,1.7133867186089664,3.1807743626833123,2.4727526578858745,2.9500704508992053,-0.3323098291250994,1.838261960846773,0.2151909273203497,2.49133320864775
33.0,38.0,1000.5795288085938,-4.325913667856226,-3.7953442600796974,1.7134177253353764,3.1807743626833123,2.4727526578858745,2.9500704508992053,-0.3323088794611015,1.838261960846773,0.2151550016501856,2.49133320864775
33.0,38.0,1000.5795288085938,-4.325774226698666,-3.7953442600796974,1.7133866623804277,3.1807743626833123,2.4727526578858745,2.9500704508992053,-0.3323088792684469,1.838261960846773,0.2145967544632745,2.49133320864775
33.0,38.0,1000.5795288085938,-4.325049364722986,-3.839851200974232,1.7133882824952096,3.186237597570054,2.4726210882891984,3.0041648728670465,-0.3323097322629333,1.830771580983411,0.1115981875884837,2.5005027677855414
33.0,38.0,1000.5795288085938,-4.325913667856226,-3.7953442600796974,1.7134177253353764,3.1807743626833123,2.4727526578858745,2.9500704508992053,-0.33230886483737,1.838261960846773,0.2151555814799543,2.49133320864775
33.0,38.0,1000.5795288085938,-4.325913667856226,-3.7953442600796974,1.7133862752781963,3.1807743626833123,2.4727526578858745,2.9500704508992053,-0.3323088794611015,1.838261960846773,0.214604203499189,2.49133320864775
33.0,38.0,1000.5795288085938,-4.325913667856226,-3.7953442600796974,1.7133862752781963,3.1807743626833123,2.4727526578858745,2.9500704508992053,-0.3323088794611015,1.838261960846773,0.214604203499189,2.49133320864775
33.0,38.0,1000.5795288085938,-4.325913667856226,-3.7953442600796974,1.7134174243723983,3.180810599182073,2.4727526578858745,2.9500704508992053,-0.3323096913631601,1.838261960846773,0.2151909273203497,2.49133320864775
33.0,38.0,1000.5795288085938,-4.325913667856226,-3.7953442600796974,1.7133862752781963,3.1807743626833123,2.4727526578858745,2.9500704508992053,-0.3323088794611015,1.838261960846773,0.214604203499189,2.49133320864775
33.0,38.0,1000.5795288085938,-4.325913667856226,-3.7953442600796974,1.7134172841432802,3.1807743626833123,2.4727526578858745,2.9500704508992053,-0.3323088441079517,1.838261960846773,0.2151909273203497,2.49133320864775
33.0,38.0,1000.5795288085938,-4.325913667856226,-3.7953442600796974,1.7133862752781963,3.1807743626833123,2.4727526578858745,2.9500704508992053,-0.3323088794611015,1.838261960846773,0.214604203499189,2.49133320864775
33.0,38.0,1000.5795288085938,-4.372217396392817,-3.7953442600796974,1.7066846482189186,3.1807743626833123,2.4727526578858745,2.9502669275422964,-0.3323088794609907,1.838261960846773,0.2151550016501856,2.49133320864775
33.0,38.0,1000.5795288085938,-4.325918962729849,-3.7953442600796974,1.713354297339259,3.1808407658654296,2.4727526578858745,2.9500704508992053,-0.3323088794611015,1.838261960846773,0.2145575840356567,2.4913333478584088
33.0,38.0,1000.5795288085938,-4.325913667856226,-3.7953442600796974,1.7134173436412723,3.1807743626833123,2.4727526578858745,2.9500704508992053,-0.3323088655754964,1.838261960846773,0.2151555814799543,2.49133320864775
33.0,38.0,1000.5795288085938,-4.325877554083331,-3.7953442600796974,1.7134169664469217,3.1807743626833123,2.472765350275758,2.9500704508992053,-0.3323088794611015,1.838261960846773,0.214604203499189,2.49133320864775
33.0,38.0,1000.5795288085938,-4.325913667856226,-3.7953442600796974,1.7133862752781963,3.1807743626833123,2.4727526578858745,2.9500704508992053,-0.3323088794611015,1.838261960846773,0.214604203499189,2.49133320864775
33.0,38.0,1000.57958984375,-4.3714325241968925,-3.7953442600796974,1.7067724062582017,3.1807743626833123,2.4727526578858745,2.9502669275422964,-0.332308879453211,1.838261960846773,0.2151550016501856,2.49133320864775
33.0,38.0,1000.57958984375,-4.372322738742778,-3.7953442600796974,1.7067724062582017,3.1807743626833123,2.4727526578858745,2.9502669275422964,-0.332308879453211,1.838261960846773,0.2151897818158893,2.49133320864775
33.0,39.0,1000.5764770507812,-4.332719496243713,-3.8356186258898033,1.7133867728295282,3.18630186161181,2.472621220332105,3.0057067500915915,-0.3323097194862853,1.8382312344262768,0.1077376322826338,2.504856507655772
33.0,39.0,1000.5769653320312,-4.374796533113274,-3.7953442600796974,1.7009154224535783,3.1807743626833123,2.472626108685201,2.9500704508992053,-0.3323088794611015,1.8303013964344128,0.214604203499189,2.491904961224137
33.0,39.0,1000.5769653320312,-4.374796533113274,-3.7953442600796974,1.7009154224535783,3.1807743626833123,2.472626108685201,2.9500704508992053,-0.3323088794611015,1.8303013964344128,0.214604203499189,2.491904961224137
33.0,39.0,1000.5770263671876,-4.323553128430645,-3.7953442600796974,1.7133468480003335,3.1958195164913312,2.4727526578858745,2.9500704508992053,-0.3323088794611015,1.838261960846773,0.2151550016501856,2.4913405002367544
33.0,39.0,1000.5770263671876,-4.323456950794645,-3.7953442600796974,1.7134098452567803,3.196509680372139,2.4727526578858745,2.9500704508992053,-0.3323088794611015,1.838261960846773,0.2152016211137179,2.491340361026096
33.0,39.0,1000.5770263671876,-4.323553128430645,-3.7953442600796974,1.713426303241122,3.195943576952516,2.4727526578858745,2.9500704508992053,-0.3323088794611015,1.838261960846773,0.2151892683634382,2.4913405002367544
33.0,39.0,1000.5772094726562,-4.332430318173192,-3.791555127622572,1.7133867728295282,3.18630186161181,2.472621220332105,3.0057067500915915,-0.3323097194862853,1.8382312344262768,0.2135516731184575,2.5038589048560755
33.0,39.0,1000.5772705078124,-4.325913667856226,-3.795156599776268,1.7133867792849085,3.1807743626833123,2.472763389179258,3.004953909982412,-0.3323097158422913,1.838261960846773,0.2151909273203497,2.5041993341554574
33.0,39.0,1000.5778198242188,-4.324116568772449,-3.839203158793208,1.7134228441145372,3.186241203034178,2.472635848261463,3.00410772106873,-0.3323097332977182,1.836702029815121,0.1077495415709334,2.5000925864723005
33.0,39.0,1000.5778198242188,-4.324116568772449,-3.839203158793208,1.7134228441145372,3.186241203034178,2.472635848261463,3.00410772106873,-0.3323097332977182,1.836702029815121,0.1077495415709334,2.5000925864723005
33.0,39.0,1000.5782470703124,-4.374796533113274,-3.7953442600796974,1.706578945531048,3.1807743626833123,2.47262486016346,2.9500704508992053,-0.3323088794611015,1.8303013964344128,0.214604203499189,2.49133320864775
33.0,39.0,1000.5782470703124,-4.374796533113274,-3.7953442600796974,1.706578945531048,3.1807743626833123,2.47262486016346,2.9500704508992053,-0.3323088798495872,1.8303013964344128,0.2146042038146278,2.49133320864775
33.0,39.0,1000.5782470703124,-4.374796533113274,-3.7953442600796974,1.706560297604429,3.1807743626833123,2.47262486016346,2.9500704508992053,-0.3323088798495872,1.8303013964344128,0.2146042038146278,2.49133320864775
33.0,39.0,1000.5783081054688,-4.325221590667164,-3.7953442600796974,1.7134441981796291,3.1863576853141105,2.472765174890108,2.950036392742941,-0.3323088373673606,1.838261960846773,0.2145970153705707,2.49133320864775
33.0,39.0,1000.578369140625,-4.37524090200665,-3.7953442600796974,1.706578945531048,3.1807743626833123,2.472624816013841,2.9500704508992053,-0.3323088794611015,1.8303013964344128,0.214604203499189,2.49133320864775
33.0,39.0,1000.578369140625,-4.321174100970738,-3.7953442600796974,1.7131794644875988,3.1807743626833123,2.4727581896944337,2.9500704508992053,-0.3323088794611015,1.8385924100797184,0.214604203499189,2.49187354875601
33.0,39.0,1000.5785522460938,-4.325794242355023,-3.7953442600796974,1.71334616295207,3.186450427549479,2.4727526578858745,2.9500704508992053,-0.3323088794611015,1.838261960846773,0.214604203499189,2.4913405834497246
33.0,39.0,1000.5785522460938,-4.37524090200665,-3.7953442600796974,1.7066959264462378,3.1807743626833123,2.4726209995447235,2.9500704508992053,-0.3323088794611015,1.83019634396365,0.2145970649983131,2.49133320864775
33.0,39.0,1000.57861328125,-4.325913667856226,-3.7953442600796974,1.7133862752781963,3.18631722576572,2.4727526578858745,2.9500704508992053,-0.3323088794611015,1.838261960846773,0.214604203499189,2.49133320864775
33.0,39.0,1000.5787963867188,-4.374796533113274,-3.7953442600796974,1.707030597300661,3.1807743626833123,2.4727744733660173,2.957635953225468,-0.332308879261685,1.8304844181285416,0.2146040677226807,2.491718365262665
33.0,39.0,1000.5789184570312,-4.374796533113274,-3.7953442600796974,1.7068671524150745,3.180665284334479,2.4727744733660173,2.9587671816804053,-0.3323088865644306,1.8304844181285416,0.2146040677226807,2.491718365262665
33.0,39.0,1000.5789184570312,-4.324116568772449,-3.839203158793208,1.7135862890001237,3.186350517358079,2.472635848261463,3.002962294306227,-0.3323097249521287,1.830352896517472,0.1115981875884837,2.5000925864723005
33.0,39.0,1000.5789794921876,-4.323617388193376,-3.7953442600796974,1.7133867186089664,3.1807743626833123,2.472765174890108,2.950036392742941,-0.3323088688375095,1.838261960846773,0.2145970153705707,2.49133320864775
33.0,39.0,1000.5789794921876,-4.323617388193376,-3.7953442600796974,1.7133905896649475,3.180675752841492,2.472765213500243,2.950036061432814,-0.3323088688375095,1.838261960846773,0.2145970153705707,2.4913335290164733
33.0,39.0,1000.5789794921876,-4.323587655025708,-3.7953442600796974,1.713417157494602,3.1807743626833123,2.4727526578858745,2.9500706901652545,-0.3323088440734942,1.838261960846773,0.2151798962993355,2.49133320864775
33.0,39.0,1000.5791015625,-4.325913667856226,-3.7953442600796974,1.7133862740200492,3.180668420873757,2.4727526578858745,2.9485194969755653,-0.3323088794611015,1.809197163048156,0.214604203499189,2.491000824784777
33.0,39.0,1000.5791015625,-4.325913667856226,-3.7953442600796974,1.7133862740200492,3.180668420873757,2.4727526578858745,2.9485194969755653,-0.3323088794611015,1.809197163048156,0.214604203499189,2.491000824784777
33.0,39.0,1000.5791015625,-4.325913667856226,-3.7953442600796974,1.7133862740200492,3.180668420873757,2.4727526578858745,2.9485194969755653,-0.3323088794611015,1.809197163048156,0.214604203499189,2.491000824784777
33.0,39.0,1000.5792236328124,-4.324116568772449,-3.839203158793208,1.7134228441145372,3.186303196506702,2.472635848261463,3.0040935227611647,-0.3323097331447904,1.8303584347916704,0.1115981875884837,2.5000925864723005
33.0,39.0,1000.5792236328124,-4.324116568772449,-3.839203158793208,1.7134228441145372,3.186303196506702,2.472635848261463,3.0040935227611647,-0.3323097331447904,1.8303584347916704,0.1115981875884837,2.5000925864723005
33.0,39.0,1000.5792236328124,-4.324116568772449,-3.839203158793208,1.7134228441145372,3.186302960531634,2.472635848261463,3.0040935227611647,-0.3323097331447904,1.83035876810631,0.1115981875884837,2.5000925864723005
33.0,39.0,1000.5792846679688,-4.324116568772449,-3.839203158793208,1.7134228441145372,3.186241203034178,2.472635848261463,3.0040935227611647,-0.3323097322548742,1.8303532298321112,0.1115981875884837,2.5000925864723005
33.0,39.0,1000.5792846679688,-4.324116568772449,-3.839203158793208,1.7134228441145372,3.186241203034178,2.472635848261463,3.0040935227611647,-0.3323097322548742,1.8303532298321112,0.1115981875884837,2.5000925864723005
33.0,39.0,1000.5792846679688,-4.324116568772449,-3.839203158793208,1.7134228441145372,3.1862414390092457,2.472635848261463,3.0040935227611647,-0.3323097322548742,1.830352896517472,0.1115981875884837,2.5000925864723005
33.0,39.0,1000.579345703125,-4.325221590667164,-3.7953442600796974,1.7134441981796291,3.1808148222317034,2.472765174890108,2.950036392742941,-0.3323088373673606,1.838261960846773,0.2145970153705707,2.49133320864775
33.0,39.0,1000.579345703125,-4.325221590667164,-3.7953442600796974,1.7134441981796291,3.1807706730915664,2.4727650396059846,2.9500360089063404,-0.3323088373673606,1.838261960846773,0.215196090077604,2.49133320864775
33.0,39.0,1000.579345703125,-4.325128795660301,-3.7953442600796974,1.7134740333174792,3.1807743626833123,2.4727526578858745,2.9500704508992053,-0.3323088794533217,1.838261960846773,0.214604203499189,2.49133320864775
33.0,39.0,1000.579345703125,-4.325128795660301,-3.7953442600796974,1.7134740333174792,3.1807743626833123,2.4727526578858745,2.9500704508992053,-0.3323088794533217,1.838261960846773,0.214604203499189,2.49133320864775
33.0,39.0,1000.579345703125,-4.325226073959712,-3.7953442600796974,1.7134441981796291,3.1807706730915664,2.472765071738055,2.9500360089063404,-0.3323088374039948,1.838261960846773,0.215196090077604,2.49133320864775
33.0,39.0,1000.5794677734376,-4.326014592694147,-3.7953442600796974,1.713410047481882,3.181650963800448,2.4727526578858745,2.9500704508992053,-0.3323088794611015,1.838261960846773,0.2152016211137179,2.491340361026096
33.0,39.0,1000.5795288085938,-4.325913667856226,-3.7953442600796974,1.7133867186089664,3.1807743626833123,2.4727526578858745,2.9500704508992053,-0.3323088794611015,1.838261960846773,0.2151909273203497,2.49133320864775
33.0,39.0,1000.5795288085938,-4.325913667856226,-3.7953442600796974,1.713417294595706,3.1807743626833123,2.4727526578858745,2.9500704508992053,-0.3323088794611015,1.838261960846773,0.214604203499189,2.49133320864775
33.0,39.0,1000.5795288085938,-4.325913667856226,-3.7953442600796974,1.7133862752781963,3.1807743626833123,2.4727526578858745,2.9500704508992053,-0.3323088794611015,1.838261960846773,0.214604203499189,2.49133320864775
33.0,39.0,1000.5795288085938,-4.325913667856226,-3.7953442600796974,1.713417737926476,3.1807743626833123,2.4727526578858745,2.9500704508992053,-0.3323088794611015,1.838261960846773,0.2151909273203497,2.49133320864775
33.0,39.0,1000.5795288085938,-4.325913667856226,-3.7953442600796974,1.7134174243723983,3.180810599182073,2.4727526578858745,2.9500704508992053,-0.3323096494572713,1.838261960846773,0.2151909273203497,2.49133320864775
33.0,39.0,1000.5795288085938,-4.325913667856226,-3.7953442600796974,1.7133867186089664,3.1807743626833123,2.4727526578858745,2.9500704508992053,-0.3323098291250994,1.838261960846773,0.2151909273203497,2.49133320864775
33.0,39.0,1000.5795288085938,-4.325913667856226,-3.7953442600796974,1.7134177253353764,3.1807743626833123,2.4727526578858745,2.9500704508992053,-0.3323088794611015,1.838261960846773,0.2151550016501856,2.49133320864775
33.0,39.0,1000.5795288085938,-4.325774226698666,-3.7953442600796974,1.7133866623804277,3.1807743626833123,2.4727526578858745,2.9500704508992053,-0.3323088792684469,1.838261960846773,0.2145967544632745,2.49133320864775
33.0,39.0,1000.5795288085938,-4.325049364722986,-3.839851200974232,1.7133882824952096,3.186237597570054,2.4726210882891984,3.0041648728670465,-0.3323097322629333,1.830771580983411,0.1115981875884837,2.5005027677855414
33.0,39.0,1000.5795288085938,-4.325913667856226,-3.7953442600796974,1.7134177253353764,3.1807743626833123,2.4727526578858745,2.9500704508992053,-0.33230886483737,1.838261960846773,0.2151555814799543,2.49133320864775
33.0,40.0,1000.5715942382812,-4.325913667856226,-3.7953468808179633,1.7133867792849085,3.1807743626833123,2.472626196176791,3.004953909982412,-0.3323097158422913,1.830490597440012,0.2145641073850264,2.5041993341554574
33.0,40.0,1000.5761108398438,-4.323587655025708,-3.791700841744137,1.7134177550362633,3.1807743626833123,2.4727526578858745,3.006623657381444,-0.3323088068063676,1.838261960846773,0.2151798962993355,2.505499223526644
33.0,40.0,1000.5764770507812,-4.332719496243713,-3.8356186258898033,1.7133867728295282,3.18630186161181,2.472621220332105,3.0057067500915915,-0.3323097194862853,1.8382312344262768,0.1077376322826338,2.504856507655772
33.0,40.0,1000.5767211914062,-4.332772855458381,-3.791739841672164,1.7133477059592377,3.18630186161181,2.472760378415323,3.0057067500915915,-0.3323088820513504,1.8382312344262768,0.2135516731184575,2.5038589048560755
33.0,40.0,1000.5769653320312,-4.374796533113274,-3.7953442600796974,1.7009154224535783,3.1807743626833123,2.472626108685201,2.9500704508992053,-0.3323088794611015,1.8303013964344128,0.214604203499189,2.491904961224137
33.0,40.0,1000.5769653320312,-4.374796533113274,-3.7953442600796974,1.7009154224535783,3.1807743626833123,2.472626108685201,2.9500704508992053,-0.3323088794611015,1.8303013964344128,0.214604203499189,2.491904961224137
33.0,40.0,1000.5770263671876,-4.323553128430645,-3.7953442600796974,1.7133468480003335,3.1958195164913312,2.4727526578858745,2.9500704508992053,-0.3323088794611015,1.838261960846773,0.2151550016501856,2.4913405002367544
33.0,40.0,1000.5770263671876,-4.323456950794645,-3.7953442600796974,1.7134098452567803,3.196509680372139,2.4727526578858745,2.9500704508992053,-0.3323088794611015,1.838261960846773,0.2152016211137179,2.491340361026096
33.0,40.0,1000.5770263671876,-4.323553128430645,-3.7953442600796974,1.713426303241122,3.195943576952516,2.4727526578858745,2.9500704508992053,-0.3323088794611015,1.838261960846773,0.2151892683634382,2.4913405002367544
33.0,40.0,1000.5770263671876,-4.323553128430645,-3.7953442600796974,1.7133468480003335,3.1958195164913312,2.4727526578858745,2.9500704508992053,-0.3323088794611015,1.838261960846773,0.2151550016501856,2.4913405002367544
33.0,40.0,1000.5772094726562,-4.332430318173192,-3.791555127622572,1.7133867728295282,3.18630186161181,2.472621220332105,3.0057067500915915,-0.3323097194862853,1.8382312344262768,0.2135516731184575,2.5038589048560755
33.0,40.0,1000.5772705078124,-4.325913667856226,-3.795156599776268,1.7133867792849085,3.1807743626833123,2.472763389179258,3.004953909982412,-0.3323097158422913,1.838261960846773,0.2151909273203497,2.5041993341554574
33.0,40.0,1000.5778198242188,-4.324116568772449,-3.839203158793208,1.7134228441145372,3.186241203034178,2.472635848261463,3.00410772106873,-0.3323097332977182,1.836702029815121,0.1077495415709334,2.5000925864723005
33.0,40.0,1000.5778198242188,-4.324116568772449,-3.839203158793208,1.7134228441145372,3.186241203034178,2.472635848261463,3.00410772106873,-0.3323097332977182,1.836702029815121,0.1077495415709334,2.5000925864723005
33.0,40.0,1000.578125,-4.374789458594616,-3.7953442600796974,1.7067863330407862,3.1807743626833123,2.472621059689638,2.9500704508992053,-0.3323088794611015,1.8303013964344128,0.2146040039234867,2.491890123549819
33.0,40.0,1000.5782470703124,-4.374796533113274,-3.7953442600796974,1.706578945531048,3.1807743626833123,2.47262486016346,2.9500704508992053,-0.3323088794611015,1.8303013964344128,0.214604203499189,2.49133320864775
33.0,40.0,1000.5782470703124,-4.374796533113274,-3.7953442600796974,1.706578945531048,3.1807743626833123,2.47262486016346,2.9500704508992053,-0.3323088798495872,1.8303013964344128,0.2146042038146278,2.49133320864775
33.0,40.0,1000.5782470703124,-4.374796533113274,-3.7953442600796974,1.706560297604429,3.1807743626833123,2.47262486016346,2.9500704508992053,-0.3323088798495872,1.8303013964344128,0.2146042038146278,2.49133320864775
33.0,40.0,1000.5783081054688,-4.325221590667164,-3.7953442600796974,1.7134441981796291,3.1863576853141105,2.472765174890108,2.950036392742941,-0.3323088373673606,1.838261960846773,0.2145970153705707,2.49133320864775
33.0,40.0,1000.5783081054688,-4.325255518027522,-3.7953442600796974,1.7134440001785536,3.1864229502822257,2.472765193191563,2.950036392742941,-0.3323088273745705,1.838261960846773,0.2146117171375444,2.49133320864775
33.0,40.0,1000.578369140625,-4.37524090200665,-3.7953442600796974,1.706578945531048,3.1807743626833123,2.472624816013841,2.9500704508992053,-0.3323088794611015,1.8303013964344128,0.214604203499189,2.49133320864775
33.0,40.0,1000.578369140625,-4.321174100970738,-3.7953442600796974,1.7131794644875988,3.1807743626833123,2.4727581896944337,2.9500704508992053,-0.3323088794611015,1.8385924100797184,0.214604203499189,2.49187354875601
33.0,40.0,1000.578369140625,-4.375253048242947,-3.7953442600796974,1.706578945531048,3.1807743626833123,2.472624816013841,2.9500704508992053,-0.3323088798522952,1.8303013964344128,0.214604203499189,2.49133320864775
33.0,40.0,1000.5784301757812,-4.374796533113274,-3.7953442600796974,1.706578945531048,3.1807743626833123,2.472624983213794,2.9500704508992053,-0.3323088798468969,1.8301950875269013,0.2146045912629759,2.49133320864775
33.0,40.0,1000.5785522460938,-4.325794242355023,-3.7953442600796974,1.71334616295207,3.186450427549479,2.4727526578858745,2.9500704508992053,-0.3323088794611015,1.838261960846773,0.214604203499189,2.4913405834497246
33.0,40.0,1000.5785522460938,-4.37524090200665,-3.7953442600796974,1.7066959264462378,3.1807743626833123,2.4726209995447235,2.9500704508992053,-0.3323088794611015,1.83019634396365,0.2145970649983131,2.49133320864775
33.0,40.0,1000.57861328125,-4.325913667856226,-3.7953442600796974,1.7133862752781963,3.18631722576572,2.4727526578858745,2.9500704508992053,-0.3323088794611015,1.838261960846773,0.214604203499189,2.49133320864775
33.0,40.0,1000.5787963867188,-4.374796533113274,-3.7953442600796974,1.707030597300661,3.1807743626833123,2.4727744733660173,2.957635953225468,-0.332308879261685,1.8304844181285416,0.2146040677226807,2.491718365262665
33.0,40.0,1000.5789184570312,-4.374796533113274,-3.7953442600796974,1.7068671524150745,3.180665284334479,2.4727744733660173,2.9587671816804053,-0.3323088865644306,1.8304844181285416,0.2146040677226807,2.491718365262665
33.0,40.0,1000.5789184570312,-4.324116568772449,-3.839203158793208,1.7135862890001237,3.186350517358079,2.472635848261463,3.002962294306227,-0.3323097249521287,1.830352896517472,0.1115981875884837,2.5000925864723005
33.0,40.0,1000.5789794921876,-4.323617388193376,-3.7953442600796974,1.7133867186089664,3.1807743626833123,2.472765174890108,2.950036392742941,-0.3323088688375095,1.838261960846773,0.2145970153705707,2.49133320864775
33.0,40.0,1000.5789794921876,-4.323617388193376,-3.7953442600796974,1.7133905896649475,3.180675752841492,2.472765213500243,2.950036061432814,-0.3323088688375095,1.838261960846773,0.2145970153705707,2.4913335290164733
33.0,40.0,1000.5789794921876,-4.323587655025708,-3.7953442600796974,1.713417157494602,3.1807743626833123,2.4727526578858745,2.9500706901652545,-0.3323088440734942,1.838261960846773,0.2151798962993355,2.49133320864775
33.0,40.0,1000.5789794921876,-4.323456950794645,-3.7953442600796974,1.7134098452567803,3.1806144662849216,2.4727526578858745,2.9500704508992053,-0.3323088761895125,1.838261960846773,0.2152016211137179,2.491333143693427
33.0,40.0,1000.5791015625,-4.325913667856226,-3.7953442600796974,1.7133862740200492,3.180668420873757,2.4727526578858745,2.9485194969755653,-0.3323088794611015,1.809197163048156,0.214604203499189,2.491000824784777
33.0,40.0,1000.5791015625,-4.325913667856226,-3.7953442600796974,1.7133862740200492,3.180668420873757,2.4727526578858745,2.9485194969755653,-0.3323088794611015,1.809197163048156,0.214604203499189,2.491000824784777
33.0,40.0,1000.5791015625,-4.325913667856226,-3.7953442600796974,1.7133862740200492,3.180668420873757,2.4727526578858745,2.9485194969755653,-0.3323088794611015,1.809197163048156,0.214604203499189,2.491000824784777
33.0,40.0,1000.5791015625,-4.325913667856226,-3.7953442600796974,1.7133862740200492,3.180668420873757,2.4727526578858745,2.948525128654579,-0.3323088794611015,1.809197163048156,0.214604203499189,2.491000824784777
33.0,40.0,1000.5792236328124,-4.324116568772449,-3.839203158793208,1.7134228441145372,3.186303196506702,2.472635848261463,3.0040935227611647,-0.3323097331447904,1.8303584347916704,0.1115981875884837,2.5000925864723005
33.0,40.0,1000.5792236328124,-4.324116568772449,-3.839203158793208,1.7134228441145372,3.186303196506702,2.472635848261463,3.0040935227611647,-0.3323097331447904,1.8303584347916704,0.1115981875884837,2.5000925864723005
33.0,40.0,1000.5792236328124,-4.324116568772449,-3.839203158793208,1.7134228441145372,3.186302960531634,2.472635848261463,3.0040935227611647,-0.3323097331447904,1.83035876810631,0.1115981875884837,2.5000925864723005
33.0,40.0,1000.5792236328124,-4.324116568772449,-3.839203158793208,1.7134228441145372,3.186302960531634,2.472635848261463,3.0040935227611647,-0.3323097331447904,1.83035876810631,0.1115981875884837,2.5000925864723005
33.0,40.0,1000.5792846679688,-4.324116568772449,-3.839203158793208,1.7134228441145372,3.186241203034178,2.472635848261463,3.0040935227611647,-0.3323097322548742,1.8303532298321112,0.1115981875884837,2.5000925864723005
33.0,40.0,1000.5792846679688,-4.324116568772449,-3.839203158793208,1.7134228441145372,3.186241203034178,2.472635848261463,3.0040935227611647,-0.3323097322548742,1.8303532298321112,0.1115981875884837,2.5000925864723005
33.0,40.0,1000.5792846679688,-4.324116568772449,-3.839203158793208,1.7134228441145372,3.1862414390092457,2.472635848261463,3.0040935227611647,-0.3323097322548742,1.830352896517472,0.1115981875884837,2.5000925864723005
33.0,40.0,1000.579345703125,-4.325221590667164,-3.7953442600796974,1.7134441981796291,3.1808148222317034,2.472765174890108,2.950036392742941,-0.3323088373673606,1.838261960846773,0.2145970153705707,2.49133320864775
33.0,40.0,1000.579345703125,-4.325221590667164,-3.7953442600796974,1.7134441981796291,3.1807706730915664,2.4727650396059846,2.9500360089063404,-0.3323088373673606,1.838261960846773,0.215196090077604,2.49133320864775
33.0,40.0,1000.579345703125,-4.325128795660301,-3.7953442600796974,1.7134740333174792,3.1807743626833123,2.4727526578858745,2.9500704508992053,-0.3323088794533217,1.838261960846773,0.214604203499189,2.49133320864775
33.0,40.0,1000.579345703125,-4.325128795660301,-3.7953442600796974,1.7134740333174792,3.1807743626833123,2.4727526578858745,2.9500704508992053,-0.3323088794533217,1.838261960846773,0.214604203499189,2.49133320864775
33.0,40.0,1000.579345703125,-4.325226073959712,-3.7953442600796974,1.7134441981796291,3.1807706730915664,2.472765071738055,2.9500360089063404,-0.3323088374039948,1.838261960846773,0.215196090077604,2.49133320864775
33.0,41.0,1000.5686645507812,-4.326196150296075,-3.7953442600796974,1.706578945531048,3.1807743626833123,2.472626217485161,3.006695495040693,-0.3323088908176667,1.8303013964344128,0.2146045501358867,2.5042241500547484
33.0,41.0,1000.5715942382812,-4.325913667856226,-3.7953468808179633,1.7133867792849085,3.1807743626833123,2.472626196176791,3.004953909982412,-0.3323097158422913,1.830490597440012,0.2145641073850264,2.5041993341554574
33.0,41.0,1000.5760498046876,-4.325883400502938,-3.791700841744137,1.7133869268308148,3.1807743626833123,2.4727526578858745,3.004831680665015,-0.3323096387016309,1.838261960846773,0.2151798962993355,2.5042420480252554
33.0,41.0,1000.5761108398438,-4.323587655025708,-3.791700841744137,1.7134177550362633,3.1807743626833123,2.4727526578858745,3.006623657381444,-0.3323088068063676,1.838261960846773,0.2151798962993355,2.505499223526644
33.0,41.0,1000.5764770507812,-4.332719496243713,-3.8356186258898033,1.7133867728295282,3.18630186161181,2.472621220332105,3.0057067500915915,-0.3323097194862853,1.8382312344262768,0.1077376322826338,2.504856507655772
33.0,41.0,1000.5765380859376,-4.3331095514577145,-3.8356186258898033,1.7133869053047404,3.186249535966943,2.4726212537265937,3.0040980249773424,-0.3323097194862853,1.8382312344262768,0.1077377173412672,2.504856507655772
33.0,41.0,1000.5767211914062,-4.332772855458381,-3.791739841672164,1.7133477059592377,3.18630186161181,2.472760378415323,3.0057067500915915,-0.3323088820513504,1.8382312344262768,0.2135516731184575,2.5038589048560755
33.0,41.0,1000.5769653320312,-4.374796533113274,-3.7953442600796974,1.7009154224535783,3.1807743626833123,2.472626108685201,2.9500704508992053,-0.3323088794611015,1.8303013964344128,0.214604203499189,2.491904961224137
33.0,41.0,1000.5769653320312,-4.374796533113274,-3.7953442600796974,1.7009154224535783,3.1807743626833123,2.472626108685201,2.9500704508992053,-0.3323088794611015,1.8303013964344128,0.214604203499189,2.491904961224137
33.0,41.0,1000.5769653320312,-4.374796533113274,-3.7953442600796974,1.7009154224535783,3.1807743626833123,2.472626108685201,2.9500704508992053,-0.3323088794611015,1.8303013964344128,0.214604203499189,2.491904961224137
33.0,41.0,1000.5770263671876,-4.323553128430645,-3.7953442600796974,1.7133468480003335,3.1958195164913312,2.4727526578858745,2.9500704508992053,-0.3323088794611015,1.838261960846773,0.2151550016501856,2.4913405002367544
33.0,41.0,1000.5770263671876,-4.323456950794645,-3.7953442600796974,1.7134098452567803,3.196509680372139,2.4727526578858745,2.9500704508992053,-0.3323088794611015,1.838261960846773,0.2152016211137179,2.491340361026096
33.0,41.0,1000.5770263671876,-4.323553128430645,-3.7953442600796974,1.713426303241122,3.195943576952516,2.4727526578858745,2.9500704508992053,-0.3323088794611015,1.838261960846773,0.2151892683634382,2.4913405002367544
33.0,41.0,1000.5770263671876,-4.323553128430645,-3.7953442600796974,1.7133468480003335,3.1958195164913312,2.4727526578858745,2.9500704508992053,-0.3323088794611015,1.838261960846773,0.2151550016501856,2.4913405002367544
33.0,41.0,1000.5772094726562,-4.332430318173192,-3.791555127622572,1.7133867728295282,3.18630186161181,2.472621220332105,3.0057067500915915,-0.3323097194862853,1.8382312344262768,0.2135516731184575,2.5038589048560755
33.0,41.0,1000.5772705078124,-4.325913667856226,-3.795156599776268,1.7133867792849085,3.1807743626833123,2.472763389179258,3.004953909982412,-0.3323097158422913,1.838261960846773,0.2151909273203497,2.5041993341554574
33.0,41.0,1000.5778198242188,-4.324116568772449,-3.839203158793208,1.7134228441145372,3.186241203034178,2.472635848261463,3.00410772106873,-0.3323097332977182,1.836702029815121,0.1077495415709334,2.5000925864723005
33.0,41.0,1000.5778198242188,-4.324116568772449,-3.839203158793208,1.7134228441145372,3.186241203034178,2.472635848261463,3.00410772106873,-0.3323097332977182,1.836702029815121,0.1077495415709334,2.5000925864723005
33.0,41.0,1000.5778198242188,-4.324116568772449,-3.839203158793208,1.7134228441145372,3.186241203034178,2.472635848261463,3.00410772106873,-0.3323097332977182,1.836702029815121,0.1077495415709334,2.5000925864723005
33.0,41.0,1000.578125,-4.374789458594616,-3.7953442600796974,1.7067863330407862,3.1807743626833123,2.472621059689638,2.9500704508992053,-0.3323088794611015,1.8303013964344128,0.2146040039234867,2.491890123549819
33.0,41.0,1000.578125,-4.374789458594616,-3.7953442600796974,1.7067908715254223,3.1807743626833123,2.4726254410145074,2.9500704508992053,-0.3323088794611015,1.8303030398524591,0.2146046256727836,2.491895949396376
33.0,41.0,1000.5782470703124,-4.374796533113274,-3.7953442600796974,1.706578945531048,3.1807743626833123,2.47262486016346,2.9500704508992053,-0.3323088794611015,1.8303013964344128,0.214604203499189,2.49133320864775
33.0,41.0,1000.5782470703124,-4.374796533113274,-3.7953442600796974,1.706578945531048,3.1807743626833123,2.47262486016346,2.9500704508992053,-0.3323088798495872,1.8303013964344128,0.2146042038146278,2.49133320864775
33.0,41.0,1000.5782470703124,-4.374796533113274,-3.7953442600796974,1.706560297604429,3.1807743626833123,2.47262486016346,2.9500704508992053,-0.3323088798495872,1.8303013964344128,0.2146042038146278,2.49133320864775
33.0,41.0,1000.5782470703124,-4.374789388257143,-3.7953442600796974,1.706578945531048,3.1807743626833123,2.472624857176652,2.9500704508992053,-0.3323088794611015,1.8303013964344128,0.214604203499189,2.49133320864775
33.0,41.0,1000.5783081054688,-4.325221590667164,-3.7953442600796974,1.7134441981796291,3.1863576853141105,2.472765174890108,2.950036392742941,-0.3323088373673606,1.838261960846773,0.2145970153705707,2.49133320864775
33.0,41.0,1000.5783081054688,-4.325255518027522,-3.7953442600796974,1.7134440001785536,3.1864229502822257,2.472765193191563,2.950036392742941,-0.3323088273745705,1.838261960846773,0.2146117171375444,2.49133320864775
33.0,41.0,1000.5783081054688,-4.374796533113274,-3.7953442600796974,1.706705877571704,3.1807743626833123,2.47262486016346,2.9500704508992053,-0.3323088798495872,1.8303013964344128,0.2146042038146278,2.49133320864775
33.0,41.0,1000.578369140625,-4.37524090200665,-3.7953442600796974,1.706578945531048,3.1807743626833123,2.472624816013841,2.9500704508992053,-0.3323088794611015,1.8303013964344128,0.214604203499189,2.49133320864775
33.0,41.0,1000.578369140625,-4.321174100970738,-3.7953442600796974,1.7131794644875988,3.1807743626833123,2.4727581896944337,2.9500704508992053,-0.3323088794611015,1.8385924100797184,0.214604203499189,2.49187354875601
33.0,41.0,1000.578369140625,-4.375253048242947,-3.7953442600796974,1.706578945531048,3.1807743626833123,2.472624816013841,2.9500704508992053,-0.3323088798522952,1.8303013964344128,0.214604203499189,2.49133320864775
33.0,41.0,1000.578369140625,-4.375253048242947,-3.7953442600796974,1.706578945531048,3.1807743626833123,2.472624816013841,2.9500704508992053,-0.3323088798522952,1.8303013964344128,0.214604203499189,2.49133320864775
33.0,41.0,1000.5784301757812,-4.374796533113274,-3.7953442600796974,1.706578945531048,3.1807743626833123,2.472624983213794,2.9500704508992053,-0.3323088798468969,1.8301950875269013,0.2146045912629759,2.49133320864775
33.0,41.0,1000.5785522460938,-4.325794242355023,-3.7953442600796974,1.71334616295207,3.186450427549479,2.4727526578858745,2.9500704508992053,-0.3323088794611015,1.838261960846773,0.214604203499189,2.4913405834497246
33.0,41.0,1000.5785522460938,-4.37524090200665,-3.7953442600796974,1.7066959264462378,3.1807743626833123,2.4726209995447235,2.9500704508992053,-0.3323088794611015,1.83019634396365,0.2145970649983131,2.49133320864775
33.0,41.0,1000.5785522460938,-4.325832146221426,-3.7953442600796974,1.71334616295207,3.186450427549479,2.472752522513288,2.9500704508992053,-0.3323088794611015,1.838261960846773,0.214604203499189,2.4913405834497246
33.0,41.0,1000.57861328125,-4.325913667856226,-3.7953442600796974,1.7133862752781963,3.18631722576572,2.4727526578858745,2.9500704508992053,-0.3323088794611015,1.838261960846773,0.214604203499189,2.49133320864775
33.0,41.0,1000.5786743164062,-4.376364195107037,-3.7953442600796974,1.7065047976495675,3.180617961051669,2.472622985475385,2.9500704508992053,-0.3323088798495872,1.8303013964344128,0.2146042038146278,2.49133308695098
33.0,41.0,1000.5787963867188,-4.374796533113274,-3.7953442600796974,1.707030597300661,3.1807743626833123,2.4727744733660173,2.957635953225468,-0.332308879261685,1.8304844181285416,0.2146040677226807,2.491718365262665
33.0,41.0,1000.578857421875,-4.324116568772449,-3.839203158793208,1.7134199200574205,3.1862399417764933,2.472635848261463,3.00294408914923,-0.3323097246046936,1.830352896517472,0.1115981875884837,2.5000925864723005
33.0,41.0,1000.5789184570312,-4.374796533113274,-3.7953442600796974,1.7068671524150745,3.180665284334479,2.4727744733660173,2.9587671816804053,-0.3323088865644306,1.8304844181285416,0.2146040677226807,2.491718365262665
33.0,41.0,1000.5789184570312,-4.324116568772449,-3.839203158793208,1.7135862890001237,3.186350517358079,2.472635848261463,3.002962294306227,-0.3323097249521287,1.830352896517472,0.1115981875884837,2.5000925864723005
33.0,41.0,1000.5789794921876,-4.323617388193376,-3.7953442600796974,1.7133867186089664,3.1807743626833123,2.472765174890108,2.950036392742941,-0.3323088688375095,1.838261960846773,0.2145970153705707,2.49133320864775
33.0,41.0,1000.5789794921876,-4.323617388193376,-3.7953442600796974,1.7133905896649475,3.180675752841492,2.472765213500243,2.950036061432814,-0.3323088688375095,1.838261960846773,0.2145970153705707,2.4913335290164733
33.0,41.0,1000.5789794921876,-4.323587655025708,-3.7953442600796974,1.713417157494602,3.1807743626833123,2.4727526578858745,2.9500706901652545,-0.3323088440734942,1.838261960846773,0.2151798962993355,2.49133320864775
33.0,41.0,1000.5789794921876,-4.323456950794645,-3.7953442600796974,1.7134098452567803,3.1806144662849216,2.4727526578858745,2.9500704508992053,-0.3323088761895125,1.838261960846773,0.2152016211137179,2.491333143693427
33.0,41.0,1000.5791015625,-4.325913667856226,-3.7953442600796974,1.7133862740200492,3.180668420873757,2.4727526578858745,2.9485194969755653,-0.3323088794611015,1.809197163048156,0.214604203499189,2.491000824784777
33.0,41.0,1000.5791015625,-4.325913667856226,-3.7953442600796974,1.7133862740200492,3.180668420873757,2.4727526578858745,2.9485194969755653,-0.3323088794611015,1.809197163048156,0.214604203499189,2.491000824784777
33.0,41.0,1000.5791015625,-4.325913667856226,-3.7953442600796974,1.7133862740200492,3.180668420873757,2.4727526578858745,2.9485194969755653,-0.3323088794611015,1.809197163048156,0.214604203499189,2.491000824784777
33.0,41.0,1000.5791015625,-4.325913667856226,-3.7953442600796974,1.7133862740200492,3.180668420873757,2.4727526578858745,2.948525128654579,-0.3323088794611015,1.809197163048156,0.214604203499189,2.491000824784777
33.0,42.0,1000.56591796875,-4.374789458594616,-3.7953442600796974,1.7067863330407862,3.1807743626833123,2.472752921021147,2.9500704508992053,-0.3323088794611015,1.8382887699313208,0.2151679023063298,2.50498389001002
33.0,42.0,1000.5686645507812,-4.326196150296075,-3.7953442600796974,1.706578945531048,3.1807743626833123,2.472626217485161,3.006695495040693,-0.3323088908176667,1.8303013964344128,0.2146045501358867,2.5042241500547484
33.0,42.0,1000.570068359375,-4.374928789754352,-3.8373647586792674,1.701579941749937,3.186350517358079,2.4726271956491948,3.002962294306227,-0.3323097249521287,1.830352896517472,0.1121850573246278,2.500134169820429
33.0,42.0,1000.5712890625,-4.376435087209109,-3.791700841744137,1.7133869268308148,3.1807743626833123,2.4726304801524925,2.948995058599112,-0.3323096387016309,1.838261960846773,0.2146442743905152,2.5042420480252554
33.0,42.0,1000.5715942382812,-4.325913667856226,-3.7953468808179633,1.7133867792849085,3.1807743626833123,2.472626196176791,3.004953909982412,-0.3323097158422913,1.830490597440012,0.2145641073850264,2.5041993341554574
33.0,42.0,1000.5747680664062,-4.325883400502938,-3.791700841744137,1.7133872949720617,3.1807743626833123,2.4727526578858745,3.004859077985298,-0.3323088595772249,1.838259840604213,0.2135456409858181,2.5042420480252554
33.0,42.0,1000.5760498046876,-4.325883400502938,-3.791700841744137,1.7133869268308148,3.1807743626833123,2.4727526578858745,3.004831680665015,-0.3323096387016309,1.838261960846773,0.2151798962993355,2.5042420480252554
33.0,42.0,1000.5761108398438,-4.323587655025708,-3.791700841744137,1.7134177550362633,3.1807743626833123,2.4727526578858745,3.006623657381444,-0.3323088068063676,1.838261960846773,0.2151798962993355,2.505499223526644
33.0,42.0,1000.5764770507812,-4.332719496243713,-3.8356186258898033,1.7133867728295282,3.18630186161181,2.472621220332105,3.0057067500915915,-0.3323097194862853,1.8382312344262768,0.1077376322826338,2.504856507655772
33.0,42.0,1000.5765380859376,-4.3331095514577145,-3.8356186258898033,1.7133869053047404,3.186249535966943,2.4726212537265937,3.0040980249773424,-0.3323097194862853,1.8382312344262768,0.1077377173412672,2.504856507655772
33.0,42.0,1000.5767211914062,-4.332772855458381,-3.791739841672164,1.7133477059592377,3.18630186161181,2.472760378415323,3.0057067500915915,-0.3323088820513504,1.8382312344262768,0.2135516731184575,2.5038589048560755
33.0,42.0,1000.5769653320312,-4.374796533113274,-3.7953442600796974,1.7009154224535783,3.1807743626833123,2.472626108685201,2.9500704508992053,-0.3323088794611015,1.8303013964344128,0.214604203499189,2.491904961224137
33.0,42.0,1000.5769653320312,-4.374796533113274,-3.7953442600796974,1.7009154224535783,3.1807743626833123,2.472626108685201,2.9500704508992053,-0.3323088794611015,1.8303013964344128,0.214604203499189,2.491904961224137
33.0,42.0,1000.5769653320312,-4.374796533113274,-3.7953442600796974,1.7009154224535783,3.1807743626833123,2.472626108685201,2.9500704508992053,-0.3323088794611015,1.8303013964344128,0.214604203499189,2.491904961224137
33.0,42.0,1000.5769653320312,-4.374796533113274,-3.7953442600796974,1.7009154224535783,3.1807743626833123,2.472626108685201,2.9500704508992053,-0.3323088794611015,1.8303013964344128,0.214604203499189,2.491904961224137
33.0,42.0,1000.5770263671876,-4.323553128430645,-3.7953442600796974,1.7133468480003335,3.1958195164913312,2.4727526578858745,2.9500704508992053,-0.3323088794611015,1.838261960846773,0.2151550016501856,2.4913405002367544
33.0,42.0,1000.5770263671876,-4.323456950794645,-3.7953442600796974,1.7134098452567803,3.196509680372139,2.4727526578858745,2.9500704508992053,-0.3323088794611015,1.838261960846773,0.2152016211137179,2.491340361026096
33.0,42.0,1000.5770263671876,-4.323553128430645,-3.7953442600796974,1.713426303241122,3.195943576952516,2.4727526578858745,2.9500704508992053,-0.3323088794611015,1.838261960846773,0.2151892683634382,2.4913405002367544
33.0,42.0,1000.5770263671876,-4.323553128430645,-3.7953442600796974,1.7133468480003335,3.1958195164913312,2.4727526578858745,2.9500704508992053,-0.3323088794611015,1.838261960846773,0.2151550016501856,2.4913405002367544
33.0,42.0,1000.5772094726562,-4.332430318173192,-3.791555127622572,1.7133867728295282,3.18630186161181,2.472621220332105,3.0057067500915915,-0.3323097194862853,1.8382312344262768,0.2135516731184575,2.5038589048560755
33.0,42.0,1000.5772705078124,-4.325913667856226,-3.795156599776268,1.7133867792849085,3.1807743626833123,2.472763389179258,3.004953909982412,-0.3323097158422913,1.838261960846773,0.2151909273203497,2.5041993341554574
33.0,42.0,1000.5774536132812,-4.3260245472268535,-3.7953442600796974,1.7133859222394658,3.195943576952516,2.4727526578858745,2.9500704508992053,-0.3323088794611015,1.838261960846773,0.2146509874577105,2.4913405002367544
33.0,42.0,1000.5778198242188,-4.324116568772449,-3.839203158793208,1.7134228441145372,3.186241203034178,2.472635848261463,3.00410772106873,-0.3323097332977182,1.836702029815121,0.1077495415709334,2.5000925864723005
33.0,42.0,1000.5778198242188,-4.324116568772449,-3.839203158793208,1.7134228441145372,3.186241203034178,2.472635848261463,3.00410772106873,-0.3323097332977182,1.836702029815121,0.1077495415709334,2.5000925864723005
33.0,42.0,1000.5778198242188,-4.324116568772449,-3.839203158793208,1.7134228441145372,3.186241203034178,2.472635848261463,3.00410772106873,-0.3323097332977182,1.836702029815121,0.1077495415709334,2.5000925864723005
33.0,42.0,1000.5779418945312,-4.323442249060018,-3.7953442600796974,1.7134266562798528,3.18631722576572,2.4727526578858745,2.9500704508992053,-0.3323088794611015,1.838261960846773,0.2151424844049167,2.49133320864775
33.0,42.0,1000.5779418945312,-4.413423513960998,-3.7953442600796974,1.7065776555654273,3.1807673513443,2.472624857176652,2.9500704508992053,-0.3323088794664405,1.8303013964344128,0.2146042038100483,2.491333086437664
33.0,42.0,1000.5780029296876,-4.323660059207953,-3.7953442600796974,1.7133468325793575,3.186450427549479,2.4727526578858745,2.9500704508992053,-0.3323088794611015,1.838261960846773,0.2151817665502074,2.4913405834497246
33.0,42.0,1000.578125,-4.374789458594616,-3.7953442600796974,1.7067863330407862,3.1807743626833123,2.472621059689638,2.9500704508992053,-0.3323088794611015,1.8303013964344128,0.2146040039234867,2.491890123549819
33.0,42.0,1000.578125,-4.374789458594616,-3.7953442600796974,1.7067908715254223,3.1807743626833123,2.4726254410145074,2.9500704508992053,-0.3323088794611015,1.8303030398524591,0.2146046256727836,2.491895949396376
33.0,42.0,1000.578125,-4.374818112039395,-3.7953442600796974,1.706794779787012,3.180776561718845,2.4726230647369083,2.9500704508992053,-0.3323088794620218,1.8303013964344128,0.2146041948504859,2.491890123549819
33.0,42.0,1000.5782470703124,-4.374796533113274,-3.7953442600796974,1.706578945531048,3.1807743626833123,2.47262486016346,2.9500704508992053,-0.3323088794611015,1.8303013964344128,0.214604203499189,2.49133320864775
33.0,42.0,1000.5782470703124,-4.374796533113274,-3.7953442600796974,1.706578945531048,3.1807743626833123,2.47262486016346,2.9500704508992053,-0.3323088798495872,1.8303013964344128,0.2146042038146278,2.49133320864775
33.0,42.0,1000.5782470703124,-4.374796533113274,-3.7953442600796974,1.706560297604429,3.1807743626833123,2.47262486016346,2.9500704508992053,-0.3323088798495872,1.8303013964344128,0.2146042038146278,2.49133320864775
33.0,42.0,1000.5782470703124,-4.374789388257143,-3.7953442600796974,1.706578945531048,3.1807743626833123,2.472624857176652,2.9500704508992053,-0.3323088794611015,1.8303013964344128,0.214604203499189,2.49133320864775
33.0,42.0,1000.5782470703124,-4.332772855458381,-3.791739841672164,1.7133473378179909,3.18630186161181,2.472760378415323,3.005679352771308,-0.3323096611757564,1.838233354668837,0.2151859284319749,2.5038589048560755
33.0,42.0,1000.5783081054688,-4.325221590667164,-3.7953442600796974,1.7134441981796291,3.1863576853141105,2.472765174890108,2.950036392742941,-0.3323088373673606,1.838261960846773,0.2145970153705707,2.49133320864775
33.0,42.0,1000.5783081054688,-4.325255518027522,-3.7953442600796974,1.7134440001785536,3.1864229502822257,2.472765193191563,2.950036392742941,-0.3323088273745705,1.838261960846773,0.2146117171375444,2.49133320864775
33.0,42.0,1000.5783081054688,-4.374796533113274,-3.7953442600796974,1.706705877571704,3.1807743626833123,2.47262486016346,2.9500704508992053,-0.3323088798495872,1.8303013964344128,0.2146042038146278,2.49133320864775
33.0,42.0,1000.578369140625,-4.37524090200665,-3.7953442600796974,1.706578945531048,3.1807743626833123,2.472624816013841,2.9500704508992053,-0.3323088794611015,1.8303013964344128,0.214604203499189,2.49133320864775
33.0,42.0,1000.578369140625,-4.321174100970738,-3.7953442600796974,1.7131794644875988,3.1807743626833123,2.4727581896944337,2.9500704508992053,-0.3323088794611015,1.8385924100797184,0.214604203499189,2.49187354875601
33.0,42.0,1000.578369140625,-4.375253048242947,-3.7953442600796974,1.706578945531048,3.1807743626833123,2.472624816013841,2.9500704508992053,-0.3323088798522952,1.8303013964344128,0.214604203499189,2.49133320864775
33.0,42.0,1000.578369140625,-4.375253048242947,-3.7953442600796974,1.706578945531048,3.1807743626833123,2.472624816013841,2.9500704508992053,-0.3323088798522952,1.8303013964344128,0.214604203499189,2.49133320864775
33.0,42.0,1000.5784301757812,-4.374796533113274,-3.7953442600796974,1.706578945531048,3.1807743626833123,2.472624983213794,2.9500704508992053,-0.3323088798468969,1.8301950875269013,0.2146045912629759,2.49133320864775
33.0,42.0,1000.5784912109376,-4.32398431213137,-3.7971826601936383,1.7129217697037649,3.1769097513080338,2.4726347612974697,2.9500704508992053,-0.3573267887632501,1.8303013964344128,0.2140173337630448,2.491863377876009
33.0,42.0,1000.5785522460938,-4.325794242355023,-3.7953442600796974,1.71334616295207,3.186450427549479,2.4727526578858745,2.9500704508992053,-0.3323088794611015,1.838261960846773,0.214604203499189,2.4913405834497246
33.0,42.0,1000.5785522460938,-4.37524090200665,-3.7953442600796974,1.7066959264462378,3.1807743626833123,2.4726209995447235,2.9500704508992053,-0.3323088794611015,1.83019634396365,0.2145970649983131,2.49133320864775
33.0,42.0,1000.5785522460938,-4.325832146221426,-3.7953442600796974,1.71334616295207,3.186450427549479,2.472752522513288,2.9500704508992053,-0.3323088794611015,1.838261960846773,0.214604203499189,2.4913405834497246
33.0,42.0,1000.57861328125,-4.325913667856226,-3.7953442600796974,1.7133862752781963,3.18631722576572,2.4727526578858745,2.9500704508992053,-0.3323088794611015,1.838261960846773,0.214604203499189,2.49133320864775
33.0,42.0,1000.5786743164062,-4.376364195107037,-3.7953442600796974,1.7065047976495675,3.180617961051669,2.472622985475385,2.9500704508992053,-0.3323088798495872,1.8303013964344128,0.2146042038146278,2.49133308695098
33.0,43.0,1000.56591796875,-4.374789458594616,-3.7953442600796974,1.7067863330407862,3.1807743626833123,2.472752921021147,2.9500704508992053,-0.3323088794611015,1.8382887699313208,0.2151679023063298,2.50498389001002
33.0,43.0,1000.5686645507812,-4.326196150296075,-3.7953442600796974,1.706578945531048,3.1807743626833123,2.472626217485161,3.006695495040693,-0.3323088908176667,1.8303013964344128,0.2146045501358867,2.5042241500547484
33.0,43.0,1000.570068359375,-4.374928789754352,-3.8373647586792674,1.701579941749937,3.186350517358079,2.4726271956491948,3.002962294306227,-0.3323097249521287,1.830352896517472,0.1121850573246278,2.500134169820429
33.0,43.0,1000.5712890625,-4.376435087209109,-3.791700841744137,1.7133869268308148,3.1807743626833123,2.4726304801524925,2.948995058599112,-0.3323096387016309,1.838261960846773,0.2146442743905152,2.5042420480252554
33.0,43.0,1000.5713500976562,-4.3795837292517215,-3.791913449949445,1.7133477059592377,3.1798911497479336,2.472760378415323,2.950813069036641,-0.3323088820513504,1.8382312344262768,0.2146409803460522,2.5038589048560755
33.0,43.0,1000.5715942382812,-4.325913667856226,-3.7953468808179633,1.7133867792849085,3.1807743626833123,2.472626196176791,3.004953909982412,-0.3323097158422913,1.830490597440012,0.2145641073850264,2.5041993341554574
33.0,43.0,1000.5717163085938,-4.326196150296075,-3.7953442600796974,1.7131423555653105,3.180708019057434,2.472626217485161,3.006695495040693,-0.332308881772282,1.830271328289605,0.2135472586978735,2.5042241500547484
33.0,43.0,1000.5747680664062,-4.325883400502938,-3.791700841744137,1.7133872949720617,3.1807743626833123,2.4727526578858745,3.004859077985298,-0.3323088595772249,1.838259840604213,0.2135456409858181,2.5042420480252554
33.0,43.0,1000.5760498046876,-4.325883400502938,-3.791700841744137,1.7133869268308148,3.1807743626833123,2.4727526578858745,3.004831680665015,-0.3323096387016309,1.838261960846773,0.2151798962993355,2.5042420480252554
33.0,43.0,1000.5761108398438,-4.323587655025708,-3.791700841744137,1.7134177550362633,3.1807743626833123,2.4727526578858745,3.006623657381444,-0.3323088068063676,1.838261960846773,0.2151798962993355,2.505499223526644
33.0,43.0,1000.5764770507812,-4.332719496243713,-3.8356186258898033,1.7133867728295282,3.18630186161181,2.472621220332105,3.0057067500915915,-0.3323097194862853,1.8382312344262768,0.1077376322826338,2.504856507655772
33.0,43.0,1000.5765380859376,-4.3331095514577145,-3.8356186258898033,1.7133869053047404,3.186249535966943,2.4726212537265937,3.0040980249773424,-0.3323097194862853,1.8382312344262768,0.1077377173412672,2.504856507655772
33.0,43.0,1000.5767211914062,-4.332772855458381,-3.791739841672164,1.7133477059592377,3.18630186161181,2.472760378415323,3.0057067500915915,-0.3323088820513504,1.8382312344262768,0.2135516731184575,2.5038589048560755
33.0,43.0,1000.5769653320312,-4.374796533113274,-3.7953442600796974,1.7009154224535783,3.1807743626833123,2.472626108685201,2.9500704508992053,-0.3323088794611015,1.8303013964344128,0.214604203499189,2.491904961224137
33.0,43.0,1000.5769653320312,-4.374796533113274,-3.7953442600796974,1.7009154224535783,3.1807743626833123,2.472626108685201,2.9500704508992053,-0.3323088794611015,1.8303013964344128,0.214604203499189,2.491904961224137
33.0,43.0,1000.5769653320312,-4.374796533113274,-3.7953442600796974,1.7009154224535783,3.1807743626833123,2.472626108685201,2.9500704508992053,-0.3323088794611015,1.8303013964344128,0.214604203499189,2.491904961224137
33.0,43.0,1000.5769653320312,-4.374796533113274,-3.7953442600796974,1.7009154224535783,3.1807743626833123,2.472626108685201,2.9500704508992053,-0.3323088794611015,1.8303013964344128,0.214604203499189,2.491904961224137
33.0,43.0,1000.5769653320312,-4.374796533113274,-3.7953442600796974,1.7009154224535783,3.1807743626833123,2.472626108685201,2.9500704508992053,-0.3323088794611015,1.8303013964344128,0.214604203499189,2.491904961224137
33.0,43.0,1000.5769653320312,-4.374796533113274,-3.7953442600796974,1.7009154224535783,3.1807743626833123,2.472626108685201,2.9500704508992053,-0.3323088794611015,1.8303013964344128,0.214604203499189,2.491904961224137
33.0,43.0,1000.5769653320312,-4.374796286384615,-3.7953442600796974,1.7009154224535783,3.1807743626833123,2.472626108685201,2.9500704508992053,-0.3323088794611015,1.8303013964344128,0.214604203499189,2.491904961224137
33.0,43.0,1000.5769653320312,-4.374796533113274,-3.7953442600796974,1.7009154224535783,3.1807743626833123,2.472626108685201,2.9500704508992053,-0.3323088794611015,1.8303013964344128,0.214604203499189,2.491904961224137
33.0,43.0,1000.5770263671876,-4.323553128430645,-3.7953442600796974,1.7133468480003335,3.1958195164913312,2.4727526578858745,2.9500704508992053,-0.3323088794611015,1.838261960846773,0.2151550016501856,2.4913405002367544
33.0,43.0,1000.5770263671876,-4.323456950794645,-3.7953442600796974,1.7134098452567803,3.196509680372139,2.4727526578858745,2.9500704508992053,-0.3323088794611015,1.838261960846773,0.2152016211137179,2.491340361026096
33.0,43.0,1000.5770263671876,-4.323553128430645,-3.7953442600796974,1.713426303241122,3.195943576952516,2.4727526578858745,2.9500704508992053,-0.3323088794611015,1.838261960846773,0.2151892683634382,2.4913405002367544
33.0,43.0,1000.5770263671876,-4.323553128430645,-3.7953442600796974,1.7133468480003335,3.1958195164913312,2.4727526578858745,2.9500704508992053,-0.3323088794611015,1.838261960846773,0.2151550016501856,2.4913405002367544
33.0,43.0,1000.5772094726562,-4.332430318173192,-3.791555127622572,1.7133867728295282,3.18630186161181,2.472621220332105,3.0057067500915915,-0.3323097194862853,1.8382312344262768,0.2135516731184575,2.5038589048560755
33.0,43.0,1000.5772705078124,-4.325913667856226,-3.795156599776268,1.7133867792849085,3.1807743626833123,2.472763389179258,3.004953909982412,-0.3323097158422913,1.838261960846773,0.2151909273203497,2.5041993341554574
33.0,43.0,1000.5774536132812,-4.3260245472268535,-3.7953442600796974,1.7133859222394658,3.195943576952516,2.4727526578858745,2.9500704508992053,-0.3323088794611015,1.838261960846773,0.2146509874577105,2.4913405002367544
33.0,43.0,1000.5775756835938,-4.324116568772449,-3.839203158793208,1.713346848042519,3.186241203034178,2.4726385732741427,3.00410772106873,-0.3323097332977182,1.836746661189631,0.1077495415709334,2.5001263503896096
33.0,43.0,1000.5777587890624,-4.374818112039395,-3.7953442600796974,1.706794779787012,3.179077447157189,2.4727535872398803,2.9500704508992053,-0.3323088794620124,1.8303013964344128,0.2146041948504859,2.491889344118502
33.0,43.0,1000.5778198242188,-4.324116568772449,-3.839203158793208,1.7134228441145372,3.186241203034178,2.472635848261463,3.00410772106873,-0.3323097332977182,1.836702029815121,0.1077495415709334,2.5000925864723005
33.0,43.0,1000.5778198242188,-4.324116568772449,-3.839203158793208,1.7134228441145372,3.186241203034178,2.472635848261463,3.00410772106873,-0.3323097332977182,1.836702029815121,0.1077495415709334,2.5000925864723005
33.0,43.0,1000.5778198242188,-4.324116568772449,-3.839203158793208,1.7134228441145372,3.186241203034178,2.472635848261463,3.00410772106873,-0.3323097332977182,1.836702029815121,0.1077495415709334,2.5000925864723005
33.0,43.0,1000.5779418945312,-4.323442249060018,-3.7953442600796974,1.7134266562798528,3.18631722576572,2.4727526578858745,2.9500704508992053,-0.3323088794611015,1.838261960846773,0.2151424844049167,2.49133320864775
33.0,43.0,1000.5779418945312,-4.413423513960998,-3.7953442600796974,1.7065776555654273,3.1807673513443,2.472624857176652,2.9500704508992053,-0.3323088794664405,1.8303013964344128,0.2146042038100483,2.491333086437664
33.0,43.0,1000.5780029296876,-4.323660059207953,-3.7953442600796974,1.7133468325793575,3.186450427549479,2.4727526578858745,2.9500704508992053,-0.3323088794611015,1.838261960846773,0.2151817665502074,2.4913405834497246
33.0,43.0,1000.5780029296876,-4.3236578995531,-3.7953442600796974,1.7133468325793575,3.186316508668939,2.4727526578858745,2.9500704508992053,-0.3323088794611015,1.838261960846773,0.2151317636681074,2.4913405834497246
33.0,43.0,1000.5780029296876,-4.323660059207953,-3.7953442600796974,1.7133468325793575,3.186450427549479,2.4727526578858745,2.9500704508992053,-0.3323088794611015,1.838261960846773,0.2151817665502074,2.4913405834497246
33.0,43.0,1000.578125,-4.374789458594616,-3.7953442600796974,1.7067863330407862,3.1807743626833123,2.472621059689638,2.9500704508992053,-0.3323088794611015,1.8303013964344128,0.2146040039234867,2.491890123549819
33.0,43.0,1000.578125,-4.374789458594616,-3.7953442600796974,1.7067908715254223,3.1807743626833123,2.4726254410145074,2.9500704508992053,-0.3323088794611015,1.8303030398524591,0.2146046256727836,2.491895949396376
33.0,43.0,1000.578125,-4.374818112039395,-3.7953442600796974,1.706794779787012,3.180776561718845,2.4726230647369083,2.9500704508992053,-0.3323088794620218,1.8303013964344128,0.2146041948504859,2.491890123549819
33.0,43.0,1000.5782470703124,-4.374796533113274,-3.7953442600796974,1.706578945531048,3.1807743626833123,2.47262486016346,2.9500704508992053,-0.3323088794611015,1.8303013964344128,0.214604203499189,2.49133320864775
33.0,43.0,1000.5782470703124,-4.374796533113274,-3.7953442600796974,1.706578945531048,3.1807743626833123,2.47262486016346,2.9500704508992053,-0.3323088798495872,1.8303013964344128,0.2146042038146278,2.49133320864775
33.0,43.0,1000.5782470703124,-4.374796533113274,-3.7953442600796974,1.706560297604429,3.1807743626833123,2.47262486016346,2.9500704508992053,-0.3323088798495872,1.8303013964344128,0.2146042038146278,2.49133320864775
33.0,43.0,1000.5782470703124,-4.374789388257143,-3.7953442600796974,1.706578945531048,3.1807743626833123,2.472624857176652,2.9500704508992053,-0.3323088794611015,1.8303013964344128,0.214604203499189,2.49133320864775
33.0,43.0,1000.5782470703124,-4.332772855458381,-3.791739841672164,1.7133473378179909,3.18630186161181,2.472760378415323,3.005679352771308,-0.3323096611757564,1.838233354668837,0.2151859284319749,2.5038589048560755
33.0,43.0,1000.5782470703124,-4.374796533113274,-3.7953442600796974,1.706578945531048,3.1807743626833123,2.47262486016346,2.9500704508992053,-0.3323088798495872,1.8303015191557448,0.2146041690837535,2.491360293360492
33.0,43.0,1000.5783081054688,-4.325221590667164,-3.7953442600796974,1.7134441981796291,3.1863576853141105,2.472765174890108,2.950036392742941,-0.3323088373673606,1.838261960846773,0.2145970153705707,2.49133320864775
33.0,43.0,1000.5783081054688,-4.325255518027522,-3.7953442600796974,1.7134440001785536,3.1864229502822257,2.472765193191563,2.950036392742941,-0.3323088273745705,1.838261960846773,0.2146117171375444,2.49133320864775
33.0,43.0,1000.5783081054688,-4.374796533113274,-3.7953442600796974,1.706705877571704,3.1807743626833123,2.47262486016346,2.9500704508992053,-0.3323088798495872,1.8303013964344128,0.2146042038146278,2.49133320864775
33.0,44.0,1000.56591796875,-4.374789458594616,-3.7953442600796974,1.7067863330407862,3.1807743626833123,2.472752921021147,2.9500704508992053,-0.3323088794611015,1.8382887699313208,0.2151679023063298,2.50498389001002
33.0,44.0,1000.5668334960938,-4.374027980290452,-3.7953468808179633,1.7137074271361237,3.1807743626833123,2.472626196176791,3.004953909982412,-0.3323096960157175,1.830490597440012,0.2145641073850264,2.5048468705696494
33.0,44.0,1000.5686645507812,-4.326196150296075,-3.7953442600796974,1.706578945531048,3.1807743626833123,2.472626217485161,3.006695495040693,-0.3323088908176667,1.8303013964344128,0.2146045501358867,2.5042241500547484
33.0,44.0,1000.570068359375,-4.374928789754352,-3.8373647586792674,1.701579941749937,3.186350517358079,2.4726271956491948,3.002962294306227,-0.3323097249521287,1.830352896517472,0.1121850573246278,2.500134169820429
33.0,44.0,1000.5712890625,-4.376435087209109,-3.791700841744137,1.7133869268308148,3.1807743626833123,2.4726304801524925,2.948995058599112,-0.3323096387016309,1.838261960846773,0.2146442743905152,2.5042420480252554
33.0,44.0,1000.5713500976562,-4.3795837292517215,-3.791913449949445,1.7133477059592377,3.1798911497479336,2.472760378415323,2.950813069036641,-0.3323088820513504,1.8382312344262768,0.2146409803460522,2.5038589048560755
33.0,44.0,1000.5715942382812,-4.325913667856226,-3.7953468808179633,1.7133867792849085,3.1807743626833123,2.472626196176791,3.004953909982412,-0.3323097158422913,1.830490597440012,0.2145641073850264,2.5041993341554574
33.0,44.0,1000.5717163085938,-4.326196150296075,-3.7953442600796974,1.7131423555653105,3.180708019057434,2.472626217485161,3.006695495040693,-0.332308881772282,1.830271328289605,0.2135472586978735,2.5042241500547484
33.0,44.0,1000.5726928710938,-4.375094083794669,-3.7945106641667024,1.7133317315896213,3.18654004482194,2.4726271956491948,3.0041918734533746,-0.3323088920305439,1.830352896517472,0.2100949428815778,2.500134169820429
33.0,44.0,1000.5729370117188,-4.334372901500826,-3.7917789120160976,1.7133076849009854,3.185969270126088,2.4727601141876865,3.009948501967021,-0.3323088794195351,1.837481311358434,0.2146041948504859,2.5040990431362324
33.0,44.0,1000.5747680664062,-4.325883400502938,-3.791700841744137,1.7133872949720617,3.1807743626833123,2.4727526578858745,3.004859077985298,-0.3323088595772249,1.838259840604213,0.2135456409858181,2.5042420480252554
33.0,44.0,1000.5750122070312,-4.374796533113274,-3.7953442600796974,1.7011335761369692,3.1807743626833123,2.4727632218815594,2.9500704508992053,-0.3323088794611015,1.8303013964344128,0.2146016368258785,2.505556223936146
33.0,44.0,1000.5753173828124,-4.374796286384615,-3.7953442600796974,1.7009154224535783,3.1807743626833123,2.472626108685201,2.9514327074312603,-0.3323097173365046,1.830306918730636,0.2146075291941405,2.5042373020910573
33.0,44.0,1000.5760498046876,-4.325883400502938,-3.791700841744137,1.7133869268308148,3.1807743626833123,2.4727526578858745,3.004831680665015,-0.3323096387016309,1.838261960846773,0.2151798962993355,2.5042420480252554
33.0,44.0,1000.5761108398438,-4.323587655025708,-3.791700841744137,1.7134177550362633,3.1807743626833123,2.4727526578858745,3.006623657381444,-0.3323088068063676,1.838261960846773,0.2151798962993355,2.505499223526644
33.0,44.0,1000.5764770507812,-4.332719496243713,-3.8356186258898033,1.7133867728295282,3.18630186161181,2.472621220332105,3.0057067500915915,-0.3323097194862853,1.8382312344262768,0.1077376322826338,2.504856507655772
33.0,44.0,1000.5765380859376,-4.3331095514577145,-3.8356186258898033,1.7133869053047404,3.186249535966943,2.4726212537265937,3.0040980249773424,-0.3323097194862853,1.8382312344262768,0.1077377173412672,2.504856507655772
33.0,44.0,1000.5767211914062,-4.332772855458381,-3.791739841672164,1.7133477059592377,3.18630186161181,2.472760378415323,3.0057067500915915,-0.3323088820513504,1.8382312344262768,0.2135516731184575,2.5038589048560755
33.0,44.0,1000.5769653320312,-4.374796533113274,-3.7953442600796974,1.7009154224535783,3.1807743626833123,2.472626108685201,2.9500704508992053,-0.3323088794611015,1.8303013964344128,0.214604203499189,2.491904961224137
33.0,44.0,1000.5769653320312,-4.374796533113274,-3.7953442600796974,1.7009154224535783,3.1807743626833123,2.472626108685201,2.9500704508992053,-0.3323088794611015,1.8303013964344128,0.214604203499189,2.491904961224137
33.0,44.0,1000.5769653320312,-4.374796533113274,-3.7953442600796974,1.7009154224535783,3.1807743626833123,2.472626108685201,2.9500704508992053,-0.3323088794611015,1.8303013964344128,0.214604203499189,2.491904961224137
33.0,44.0,1000.5769653320312,-4.374796533113274,-3.7953442600796974,1.7009154224535783,3.1807743626833123,2.472626108685201,2.9500704508992053,-0.3323088794611015,1.8303013964344128,0.214604203499189,2.491904961224137
33.0,44.0,1000.5769653320312,-4.374796533113274,-3.7953442600796974,1.7009154224535783,3.1807743626833123,2.472626108685201,2.9500704508992053,-0.3323088794611015,1.8303013964344128,0.214604203499189,2.491904961224137
33.0,44.0,1000.5769653320312,-4.374796533113274,-3.7953442600796974,1.7009154224535783,3.1807743626833123,2.472626108685201,2.9500704508992053,-0.3323088794611015,1.8303013964344128,0.214604203499189,2.491904961224137
33.0,44.0,1000.5769653320312,-4.374796286384615,-3.7953442600796974,1.7009154224535783,3.1807743626833123,2.472626108685201,2.9500704508992053,-0.3323088794611015,1.8303013964344128,0.214604203499189,2.491904961224137
33.0,44.0,1000.5769653320312,-4.374796533113274,-3.7953442600796974,1.7009154224535783,3.1807743626833123,2.472626108685201,2.9500704508992053,-0.3323088794611015,1.8303013964344128,0.214604203499189,2.491904961224137
33.0,44.0,1000.5769653320312,-4.37321806599695,-3.795305189735765,1.7068348008452645,3.1794100386429114,2.4727538514675174,2.945828699023776,-0.3323088820938277,1.831051319502256,0.2135516731184575,2.4916492058383453
33.0,44.0,1000.5769653320312,-4.374819493154002,-3.7953442600796974,1.7009154224535783,3.1807743626833123,2.472626108685201,2.9500704508992053,-0.3323088794620058,1.8303013964344128,0.2146041950849677,2.491888634149959
33.0,44.0,1000.5770263671876,-4.323553128430645,-3.7953442600796974,1.7133468480003335,3.1958195164913312,2.4727526578858745,2.9500704508992053,-0.3323088794611015,1.838261960846773,0.2151550016501856,2.4913405002367544
33.0,44.0,1000.5770263671876,-4.323456950794645,-3.7953442600796974,1.7134098452567803,3.196509680372139,2.4727526578858745,2.9500704508992053,-0.3323088794611015,1.838261960846773,0.2152016211137179,2.491340361026096
33.0,44.0,1000.5770263671876,-4.323553128430645,-3.7953442600796974,1.713426303241122,3.195943576952516,2.4727526578858745,2.9500704508992053,-0.3323088794611015,1.838261960846773,0.2151892683634382,2.4913405002367544
33.0,44.0,1000.5770263671876,-4.323553128430645,-3.7953442600796974,1.7133468480003335,3.1958195164913312,2.4727526578858745,2.9500704508992053,-0.3323088794611015,1.838261960846773,0.2151550016501856,2.4913405002367544
33.0,44.0,1000.5772094726562,-4.332430318173192,-3.791555127622572,1.7133867728295282,3.18630186161181,2.472621220332105,3.0057067500915915,-0.3323097194862853,1.8382312344262768,0.2135516731184575,2.5038589048560755
33.0,44.0,1000.5772705078124,-4.325913667856226,-3.795156599776268,1.7133867792849085,3.1807743626833123,2.472763389179258,3.004953909982412,-0.3323097158422913,1.838261960846773,0.2151909273203497,2.5041993341554574
33.0,44.0,1000.5774536132812,-4.3260245472268535,-3.7953442600796974,1.7133859222394658,3.195943576952516,2.4727526578858745,2.9500704508992053,-0.3323088794611015,1.838261960846773,0.2146509874577105,2.4913405002367544
33.0,44.0,1000.5774536132812,-4.313893023560304,-3.7953442600796974,1.7133468325793575,3.186450427549479,2.4727526578858745,2.9500704508992053,-0.3323088794611015,1.838261960846773,0.2151817665502074,2.4913405834497246
33.0,44.0,1000.5775756835938,-4.324116568772449,-3.839203158793208,1.713346848042519,3.186241203034178,2.4726385732741427,3.00410772106873,-0.3323097332977182,1.836746661189631,0.1077495415709334,2.5001263503896096
33.0,44.0,1000.5777587890624,-4.374818112039395,-3.7953442600796974,1.706794779787012,3.179077447157189,2.4727535872398803,2.9500704508992053,-0.3323088794620124,1.8303013964344128,0.2146041948504859,2.491889344118502
33.0,44.0,1000.5778198242188,-4.324116568772449,-3.839203158793208,1.7134228441145372,3.186241203034178,2.472635848261463,3.00410772106873,-0.3323097332977182,1.836702029815121,0.1077495415709334,2.5000925864723005
33.0,44.0,1000.5778198242188,-4.324116568772449,-3.839203158793208,1.7134228441145372,3.186241203034178,2.472635848261463,3.00410772106873,-0.3323097332977182,1.836702029815121,0.1077495415709334,2.5000925864723005
33.0,44.0,1000.5778198242188,-4.324116568772449,-3.839203158793208,1.7134228441145372,3.186241203034178,2.472635848261463,3.00410772106873,-0.3323097332977182,1.836702029815121,0.1077495415709334,2.5000925864723005
33.0,44.0,1000.5779418945312,-4.323442249060018,-3.7953442600796974,1.7134266562798528,3.18631722576572,2.4727526578858745,2.9500704508992053,-0.3323088794611015,1.838261960846773,0.2151424844049167,2.49133320864775
33.0,44.0,1000.5779418945312,-4.413423513960998,-3.7953442600796974,1.7065776555654273,3.1807673513443,2.472624857176652,2.9500704508992053,-0.3323088794664405,1.8303013964344128,0.2146042038100483,2.491333086437664
33.0,44.0,1000.5780029296876,-4.323660059207953,-3.7953442600796974,1.7133468325793575,3.186450427549479,2.4727526578858745,2.9500704508992053,-0.3323088794611015,1.838261960846773,0.2151817665502074,2.4913405834497246
33.0,44.0,1000.5780029296876,-4.3236578995531,-3.7953442600796974,1.7133468325793575,3.186316508668939,2.4727526578858745,2.9500704508992053,-0.3323088794611015,1.838261960846773,0.2151317636681074,2.4913405834497246
33.0,44.0,1000.5780029296876,-4.323660059207953,-3.7953442600796974,1.7133468325793575,3.186450427549479,2.4727526578858745,2.9500704508992053,-0.3323088794611015,1.838261960846773,0.2151817665502074,2.4913405834497246
33.0,44.0,1000.5780029296876,-4.3236578995531,-3.7953442600796974,1.7133468325793575,3.186316508668939,2.4727526578858745,2.9500704508992053,-0.3323088794611015,1.838261960846773,0.2151317636681074,2.4913405834497246
33.0,44.0,1000.578125,-4.374789458594616,-3.7953442600796974,1.7067863330407862,3.1807743626833123,2.472621059689638,2.9500704508992053,-0.3323088794611015,1.8303013964344128,0.2146040039234867,2.491890123549819
33.0,44.0,1000.578125,-4.374789458594616,-3.7953442600796974,1.7067908715254223,3.1807743626833123,2.4726254410145074,2.9500704508992053,-0.3323088794611015,1.8303030398524591,0.2146046256727836,2.491895949396376
33.0,44.0,1000.578125,-4.374818112039395,-3.7953442600796974,1.706794779787012,3.180776561718845,2.4726230647369083,2.9500704508992053,-0.3323088794620218,1.8303013964344128,0.2146041948504859,2.491890123549819
33.0,45.0,1000.56591796875,-4.374789458594616,-3.7953442600796974,1.7067863330407862,3.1807743626833123,2.472752921021147,2.9500704508992053,-0.3323088794611015,1.8382887699313208,0.2151679023063298,2.50498389001002
33.0,45.0,1000.5668334960938,-4.374027980290452,-3.7953468808179633,1.7137074271361237,3.1807743626833123,2.472626196176791,3.004953909982412,-0.3323096960157175,1.830490597440012,0.2145641073850264,2.5048468705696494
33.0,45.0,1000.5686645507812,-4.326196150296075,-3.7953442600796974,1.706578945531048,3.1807743626833123,2.472626217485161,3.006695495040693,-0.3323088908176667,1.8303013964344128,0.2146045501358867,2.5042241500547484
33.0,45.0,1000.569091796875,-4.326196150296075,-3.7953442600796974,1.7014288183563164,3.180708019057434,2.4726261098012823,3.006695495040693,-0.332308881772282,1.830271328289605,0.2135472586978735,2.50422413760534
33.0,45.0,1000.570068359375,-4.374928789754352,-3.8373647586792674,1.701579941749937,3.186350517358079,2.4726271956491948,3.002962294306227,-0.3323097249521287,1.830352896517472,0.1121850573246278,2.500134169820429
33.0,45.0,1000.5712890625,-4.376435087209109,-3.791700841744137,1.7133869268308148,3.1807743626833123,2.4726304801524925,2.948995058599112,-0.3323096387016309,1.838261960846773,0.2146442743905152,2.5042420480252554
33.0,45.0,1000.5713500976562,-4.3795837292517215,-3.791913449949445,1.7133477059592377,3.1798911497479336,2.472760378415323,2.950813069036641,-0.3323088820513504,1.8382312344262768,0.2146409803460522,2.5038589048560755
33.0,45.0,1000.5715942382812,-4.325913667856226,-3.7953468808179633,1.7133867792849085,3.1807743626833123,2.472626196176791,3.004953909982412,-0.3323097158422913,1.830490597440012,0.2145641073850264,2.5041993341554574
33.0,45.0,1000.5717163085938,-4.326196150296075,-3.7953442600796974,1.7131423555653105,3.180708019057434,2.472626217485161,3.006695495040693,-0.332308881772282,1.830271328289605,0.2135472586978735,2.5042241500547484
33.0,45.0,1000.572265625,-4.326449034412096,-3.7953442600796974,1.7138515142258466,3.1807743626833123,2.472626217485161,3.006695495040693,-0.3323096750814356,1.8304895400291232,0.2146045501358867,2.5042241500547484
33.0,45.0,1000.5723266601562,-4.374928789754352,-3.837496818822748,1.701579941749937,3.180559408314765,2.472626224102402,3.002962294306227,-0.3323097249855647,1.830332263594986,0.1121850573246278,2.500134169820429
33.0,45.0,1000.5726928710938,-4.375094083794669,-3.7945106641667024,1.7133317315896213,3.18654004482194,2.4726271956491948,3.0041918734533746,-0.3323088920305439,1.830352896517472,0.2100949428815778,2.500134169820429
33.0,45.0,1000.5729370117188,-4.334372901500826,-3.7917789120160976,1.7133076849009854,3.185969270126088,2.4727601141876865,3.009948501967021,-0.3323088794195351,1.837481311358434,0.2146041948504859,2.5040990431362324
33.0,45.0,1000.5736694335938,-4.375094083794669,-3.7945106641667024,1.693765626635697,3.18654004482194,2.4726271956491948,3.0041918734533746,-0.3323088920305439,1.830352896517472,0.2100949428815778,2.500134169820429
33.0,45.0,1000.5747680664062,-4.325883400502938,-3.791700841744137,1.7133872949720617,3.1807743626833123,2.4727526578858745,3.004859077985298,-0.3323088595772249,1.838259840604213,0.2135456409858181,2.5042420480252554
33.0,45.0,1000.574951171875,-4.374789458594616,-3.7953442600796974,1.7135369030288183,3.197170886416332,2.472752921021147,2.9500704508992053,-0.3323088794611015,1.83828904445588,0.2151689136079176,2.505241056762086
33.0,45.0,1000.5750122070312,-4.374796533113274,-3.7953442600796974,1.7011335761369692,3.1807743626833123,2.4727632218815594,2.9500704508992053,-0.3323088794611015,1.8303013964344128,0.2146016368258785,2.505556223936146
33.0,45.0,1000.5750122070312,-4.374796533113274,-3.7953442600796974,1.7011335761369692,3.1807743626833123,2.4727632218815594,2.9500704508992053,-0.3323088794611015,1.8303013964344128,0.2146016368258785,2.505556223936146
33.0,45.0,1000.5753173828124,-4.374796286384615,-3.7953442600796974,1.7009154224535783,3.1807743626833123,2.472626108685201,2.9514327074312603,-0.3323097173365046,1.830306918730636,0.2146075291941405,2.5042373020910573
33.0,45.0,1000.575439453125,-4.374794204154229,-3.7953442600796974,1.7009154224535783,3.1807743626833123,2.472627216899274,2.9500704508992053,-0.3323088837706477,1.8303013964344128,0.214604203499189,2.500196221899172
33.0,45.0,1000.5760498046876,-4.325883400502938,-3.791700841744137,1.7133869268308148,3.1807743626833123,2.4727526578858745,3.004831680665015,-0.3323096387016309,1.838261960846773,0.2151798962993355,2.5042420480252554
33.0,45.0,1000.5761108398438,-4.323587655025708,-3.791700841744137,1.7134177550362633,3.1807743626833123,2.4727526578858745,3.006623657381444,-0.3323088068063676,1.838261960846773,0.2151798962993355,2.505499223526644
33.0,45.0,1000.5762939453124,-4.374796286384615,-3.7953442600796974,1.7183658695469075,3.1807743626833123,2.4726262163690795,2.9514327074312603,-0.3323097173365046,1.830306918730636,0.2146075291941405,2.5042373145404664
33.0,45.0,1000.5763549804688,-4.325890539239518,-3.79178051691514,1.7133869268308148,3.1807743626833123,2.4727526578858745,3.004831680665015,-0.3323096387016309,1.8383022126461468,0.2152250463631629,2.5040997893190813
33.0,45.0,1000.5764770507812,-4.332719496243713,-3.8356186258898033,1.7133867728295282,3.18630186161181,2.472621220332105,3.0057067500915915,-0.3323097194862853,1.8382312344262768,0.1077376322826338,2.504856507655772
33.0,45.0,1000.5765380859376,-4.3331095514577145,-3.8356186258898033,1.7133869053047404,3.186249535966943,2.4726212537265937,3.0040980249773424,-0.3323097194862853,1.8382312344262768,0.1077377173412672,2.504856507655772
33.0,45.0,1000.5765380859376,-4.374796533113274,-3.7953442600796974,1.7009154224535783,3.1807743626833123,2.4726213218675706,2.9481245513672096,-0.3323097292171195,1.8304183818519189,0.214604203499189,2.4922006697347183
33.0,45.0,1000.5767211914062,-4.332772855458381,-3.791739841672164,1.7133477059592377,3.18630186161181,2.472760378415323,3.0057067500915915,-0.3323088820513504,1.8382312344262768,0.2135516731184575,2.5038589048560755
33.0,45.0,1000.5769653320312,-4.374796533113274,-3.7953442600796974,1.7009154224535783,3.1807743626833123,2.472626108685201,2.9500704508992053,-0.3323088794611015,1.8303013964344128,0.214604203499189,2.491904961224137
33.0,45.0,1000.5769653320312,-4.374796533113274,-3.7953442600796974,1.7009154224535783,3.1807743626833123,2.472626108685201,2.9500704508992053,-0.3323088794611015,1.8303013964344128,0.214604203499189,2.491904961224137
33.0,45.0,1000.5769653320312,-4.374796533113274,-3.7953442600796974,1.7009154224535783,3.1807743626833123,2.472626108685201,2.9500704508992053,-0.3323088794611015,1.8303013964344128,0.214604203499189,2.491904961224137
33.0,45.0,1000.5769653320312,-4.374796533113274,-3.7953442600796974,1.7009154224535783,3.1807743626833123,2.472626108685201,2.9500704508992053,-0.3323088794611015,1.8303013964344128,0.214604203499189,2.491904961224137
33.0,45.0,1000.5769653320312,-4.374796533113274,-3.7953442600796974,1.7009154224535783,3.1807743626833123,2.472626108685201,2.9500704508992053,-0.3323088794611015,1.8303013964344128,0.214604203499189,2.491904961224137
33.0,45.0,1000.5769653320312,-4.374796533113274,-3.7953442600796974,1.7009154224535783,3.1807743626833123,2.472626108685201,2.9500704508992053,-0.3323088794611015,1.8303013964344128,0.214604203499189,2.491904961224137
33.0,45.0,1000.5769653320312,-4.374796286384615,-3.7953442600796974,1.7009154224535783,3.1807743626833123,2.472626108685201,2.9500704508992053,-0.3323088794611015,1.8303013964344128,0.214604203499189,2.491904961224137
33.0,45.0,1000.5769653320312,-4.374796533113274,-3.7953442600796974,1.7009154224535783,3.1807743626833123,2.472626108685201,2.9500704508992053,-0.3323088794611015,1.8303013964344128,0.214604203499189,2.491904961224137
33.0,45.0,1000.5769653320312,-4.37321806599695,-3.795305189735765,1.7068348008452645,3.1794100386429114,2.4727538514675174,2.945828699023776,-0.3323088820938277,1.831051319502256,0.2135516731184575,2.4916492058383453
33.0,45.0,1000.5769653320312,-4.374819493154002,-3.7953442600796974,1.7009154224535783,3.1807743626833123,2.472626108685201,2.9500704508992053,-0.3323088794620058,1.8303013964344128,0.2146041950849677,2.491888634149959
33.0,45.0,1000.5769653320312,-4.374819763388406,-3.7953442600796974,1.7009154224535783,3.1807743626833123,2.472626108685201,2.9500704508992053,-0.3323097303548826,1.8303013964344128,0.2146041364487948,2.491888634149959
33.0,45.0,1000.5769653320312,-4.374796533113274,-3.7953442600796974,1.7009154224535783,3.1807743626833123,2.472626108685201,2.9500704508992053,-0.3323088794611015,1.8303013964344128,0.214604203499189,2.491904961224137
33.0,45.0,1000.5769653320312,-4.374796286384615,-3.7953442600796974,1.7009154224535783,3.1807743626833123,2.472626108685201,2.9500704508992053,-0.3323088794620192,1.8303013964344128,0.2146041951673379,2.491904961224137
33.0,45.0,1000.5769653320312,-4.374817809455089,-3.7953442600796974,1.7009154224535783,3.1807743626833123,2.47262280573755,2.9500704508992053,-0.3323088794611015,1.8303013964344128,0.214604203499189,2.491904855841927
33.0,45.0,1000.5770263671876,-4.323553128430645,-3.7953442600796974,1.7133468480003335,3.1958195164913312,2.4727526578858745,2.9500704508992053,-0.3323088794611015,1.838261960846773,0.2151550016501856,2.4913405002367544
33.0,45.0,1000.5770263671876,-4.323456950794645,-3.7953442600796974,1.7134098452567803,3.196509680372139,2.4727526578858745,2.9500704508992053,-0.3323088794611015,1.838261960846773,0.2152016211137179,2.491340361026096
33.0,45.0,1000.5770263671876,-4.323553128430645,-3.7953442600796974,1.713426303241122,3.195943576952516,2.4727526578858745,2.9500704508992053,-0.3323088794611015,1.838261960846773,0.2151892683634382,2.4913405002367544
33.0,45.0,1000.5770263671876,-4.323553128430645,-3.7953442600796974,1.7133468480003335,3.1958195164913312,2.4727526578858745,2.9500704508992053,-0.3323088794611015,1.838261960846773,0.2151550016501856,2.4913405002367544
33.0,45.0,1000.5770263671876,-4.323553128430645,-3.7953442600796974,1.7133468480003335,3.195739315394097,2.4727526578858745,2.9500704508992053,-0.332308883371796,1.838261960846773,0.2151550016501856,2.4913405002367544
33.0,45.0,1000.5770874023438,-4.332719496243713,-3.8356186258898033,1.7133867728295282,3.18630186161181,2.4726260071497355,3.007652649623587,-0.3323088697302674,1.838114249008771,0.1077376322826338,2.504560799145191
33.0,45.0,1000.5772094726562,-4.332430318173192,-3.791555127622572,1.7133867728295282,3.18630186161181,2.472621220332105,3.0057067500915915,-0.3323097194862853,1.8382312344262768,0.2135516731184575,2.5038589048560755
33.0,45.0,1000.5772705078124,-4.325913667856226,-3.795156599776268,1.7133867792849085,3.1807743626833123,2.472763389179258,3.004953909982412,-0.3323097158422913,1.838261960846773,0.2151909273203497,2.5041993341554574
33.0,46.0,1000.560302734375,-4.3795837292517215,-3.791913449949445,1.7133477059592377,3.1798911497479336,2.472750772557851,3.00393012102238,-0.3323097977994965,1.8307284940340696,0.2146434513598234,2.5038589048560755
33.0,46.0,1000.563720703125,-4.375711854411375,-3.7945106641667024,1.7133317315896213,3.180718273949756,2.4726271956491948,3.0041690767182208,-0.3323088920305439,1.830351350020007,0.2100839624715045,2.500187130008367
33.0,46.0,1000.5654907226562,-4.374784428109221,-3.7953442600796974,1.7135369030288183,3.179889487293487,2.472752921021147,2.9500704508992053,-0.3323088822172627,1.83828904445588,0.213416601172019,2.505241056762086
33.0,46.0,1000.5657958984376,-4.374796477262465,-3.7953442600796974,1.7067863330407862,3.1807743626833123,2.472625048366501,2.9500704508992053,-0.3323088794611015,1.838007506273709,0.2151679023063298,2.50498389001002
33.0,46.0,1000.56591796875,-4.374789458594616,-3.7953442600796974,1.7067863330407862,3.1807743626833123,2.472752921021147,2.9500704508992053,-0.3323088794611015,1.8382887699313208,0.2151679023063298,2.50498389001002
33.0,46.0,1000.5668334960938,-4.374027980290452,-3.7953468808179633,1.7137074271361237,3.1807743626833123,2.472626196176791,3.004953909982412,-0.3323096960157175,1.830490597440012,0.2145641073850264,2.5048468705696494
33.0,46.0,1000.5686645507812,-4.326196150296075,-3.7953442600796974,1.706578945531048,3.1807743626833123,2.472626217485161,3.006695495040693,-0.3323088908176667,1.8303013964344128,0.2146045501358867,2.5042241500547484
33.0,46.0,1000.569091796875,-4.326196150296075,-3.7953442600796974,1.7014288183563164,3.180708019057434,2.4726261098012823,3.006695495040693,-0.332308881772282,1.830271328289605,0.2135472586978735,2.50422413760534
33.0,46.0,1000.570068359375,-4.374928789754352,-3.8373647586792674,1.701579941749937,3.186350517358079,2.4726271956491948,3.002962294306227,-0.3323097249521287,1.830352896517472,0.1121850573246278,2.500134169820429
33.0,46.0,1000.5712890625,-4.376435087209109,-3.791700841744137,1.7133869268308148,3.1807743626833123,2.4726304801524925,2.948995058599112,-0.3323096387016309,1.838261960846773,0.2146442743905152,2.5042420480252554
33.0,46.0,1000.5713500976562,-4.3795837292517215,-3.791913449949445,1.7133477059592377,3.1798911497479336,2.472760378415323,2.950813069036641,-0.3323088820513504,1.8382312344262768,0.2146409803460522,2.5038589048560755
33.0,46.0,1000.5715942382812,-4.325913667856226,-3.7953468808179633,1.7133867792849085,3.1807743626833123,2.472626196176791,3.004953909982412,-0.3323097158422913,1.830490597440012,0.2145641073850264,2.5041993341554574
33.0,46.0,1000.5717163085938,-4.326196150296075,-3.7953442600796974,1.7131423555653105,3.180708019057434,2.472626217485161,3.006695495040693,-0.332308881772282,1.830271328289605,0.2135472586978735,2.5042241500547484
33.0,46.0,1000.572265625,-4.326449034412096,-3.7953442600796974,1.7138515142258466,3.1807743626833123,2.472626217485161,3.006695495040693,-0.3323096750814356,1.8304895400291232,0.2146045501358867,2.5042241500547484
33.0,46.0,1000.5723266601562,-4.374928789754352,-3.837496818822748,1.701579941749937,3.180559408314765,2.472626224102402,3.002962294306227,-0.3323097249855647,1.830332263594986,0.1121850573246278,2.500134169820429
33.0,46.0,1000.5726928710938,-4.375094083794669,-3.7945106641667024,1.7133317315896213,3.18654004482194,2.4726271956491948,3.0041918734533746,-0.3323088920305439,1.830352896517472,0.2100949428815778,2.500134169820429
33.0,46.0,1000.5729370117188,-4.334372901500826,-3.7917789120160976,1.7133076849009854,3.185969270126088,2.4727601141876865,3.009948501967021,-0.3323088794195351,1.837481311358434,0.2146041948504859,2.5040990431362324
33.0,46.0,1000.5734252929688,-4.374789458594616,-3.7953442600796974,1.6943559991163997,3.180567878764524,2.472626467039221,2.9500704508992053,-0.332308892351591,1.8306541015988191,0.2151679023063298,2.5002997135787344
33.0,46.0,1000.5736694335938,-4.375094083794669,-3.7945106641667024,1.693765626635697,3.18654004482194,2.4726271956491948,3.0041918734533746,-0.3323088920305439,1.830352896517472,0.2100949428815778,2.500134169820429
33.0,46.0,1000.5747680664062,-4.325883400502938,-3.791700841744137,1.7133872949720617,3.1807743626833123,2.4727526578858745,3.004859077985298,-0.3323088595772249,1.838259840604213,0.2135456409858181,2.5042420480252554
33.0,46.0,1000.574951171875,-4.374789458594616,-3.7953442600796974,1.7135369030288183,3.197170886416332,2.472752921021147,2.9500704508992053,-0.3323088794611015,1.83828904445588,0.2151689136079176,2.505241056762086
33.0,46.0,1000.5750122070312,-4.374796533113274,-3.7953442600796974,1.7011335761369692,3.1807743626833123,2.4727632218815594,2.9500704508992053,-0.3323088794611015,1.8303013964344128,0.2146016368258785,2.505556223936146
33.0,46.0,1000.5750122070312,-4.374796533113274,-3.7953442600796974,1.7011335761369692,3.1807743626833123,2.4727632218815594,2.9500704508992053,-0.3323088794611015,1.8303013964344128,0.2146016368258785,2.505556223936146
33.0,46.0,1000.5753173828124,-4.374796286384615,-3.7953442600796974,1.7009154224535783,3.1807743626833123,2.472626108685201,2.9514327074312603,-0.3323097173365046,1.830306918730636,0.2146075291941405,2.5042373020910573
33.0,46.0,1000.575439453125,-4.374794204154229,-3.7953442600796974,1.7009154224535783,3.1807743626833123,2.472627216899274,2.9500704508992053,-0.3323088837706477,1.8303013964344128,0.214604203499189,2.500196221899172
33.0,46.0,1000.5760498046876,-4.325883400502938,-3.791700841744137,1.7133869268308148,3.1807743626833123,2.4727526578858745,3.004831680665015,-0.3323096387016309,1.838261960846773,0.2151798962993355,2.5042420480252554
33.0,46.0,1000.5761108398438,-4.323587655025708,-3.791700841744137,1.7134177550362633,3.1807743626833123,2.4727526578858745,3.006623657381444,-0.3323088068063676,1.838261960846773,0.2151798962993355,2.505499223526644
33.0,46.0,1000.5762939453124,-4.374796286384615,-3.7953442600796974,1.7183658695469075,3.1807743626833123,2.4726262163690795,2.9514327074312603,-0.3323097173365046,1.830306918730636,0.2146075291941405,2.5042373145404664
33.0,46.0,1000.5763549804688,-4.325890539239518,-3.79178051691514,1.7133869268308148,3.1807743626833123,2.4727526578858745,3.004831680665015,-0.3323096387016309,1.8383022126461468,0.2152250463631629,2.5040997893190813
33.0,46.0,1000.5764770507812,-4.332719496243713,-3.8356186258898033,1.7133867728295282,3.18630186161181,2.472621220332105,3.0057067500915915,-0.3323097194862853,1.8382312344262768,0.1077376322826338,2.504856507655772
33.0,46.0,1000.5765380859376,-4.3331095514577145,-3.8356186258898033,1.7133869053047404,3.186249535966943,2.4726212537265937,3.0040980249773424,-0.3323097194862853,1.8382312344262768,0.1077377173412672,2.504856507655772
33.0,46.0,1000.5765380859376,-4.374796533113274,-3.7953442600796974,1.7009154224535783,3.1807743626833123,2.4726213218675706,2.9481245513672096,-0.3323097292171195,1.8304183818519189,0.214604203499189,2.4922006697347183
33.0,46.0,1000.5767211914062,-4.332772855458381,-3.791739841672164,1.7133477059592377,3.18630186161181,2.472760378415323,3.0057067500915915,-0.3323088820513504,1.8382312344262768,0.2135516731184575,2.5038589048560755
33.0,46.0,1000.5769653320312,-4.374796533113274,-3.7953442600796974,1.7009154224535783,3.1807743626833123,2.472626108685201,2.9500704508992053,-0.3323088794611015,1.8303013964344128,0.214604203499189,2.491904961224137
33.0,46.0,1000.5769653320312,-4.374796533113274,-3.7953442600796974,1.7009154224535783,3.1807743626833123,2.472626108685201,2.9500704508992053,-0.3323088794611015,1.8303013964344128,0.214604203499189,2.491904961224137
33.0,46.0,1000.5769653320312,-4.374796533113274,-3.7953442600796974,1.7009154224535783,3.1807743626833123,2.472626108685201,2.9500704508992053,-0.3323088794611015,1.8303013964344128,0.214604203499189,2.491904961224137
33.0,46.0,1000.5769653320312,-4.374796533113274,-3.7953442600796974,1.7009154224535783,3.1807743626833123,2.472626108685201,2.9500704508992053,-0.3323088794611015,1.8303013964344128,0.214604203499189,2.491904961224137
33.0,46.0,1000.5769653320312,-4.374796533113274,-3.7953442600796974,1.7009154224535783,3.1807743626833123,2.472626108685201,2.9500704508992053,-0.3323088794611015,1.8303013964344128,0.214604203499189,2.491904961224137
33.0,46.0,1000.5769653320312,-4.374796533113274,-3.7953442600796974,1.7009154224535783,3.1807743626833123,2.472626108685201,2.9500704508992053,-0.3323088794611015,1.8303013964344128,0.214604203499189,2.491904961224137
33.0,46.0,1000.5769653320312,-4.374796286384615,-3.7953442600796974,1.7009154224535783,3.1807743626833123,2.472626108685201,2.9500704508992053,-0.3323088794611015,1.8303013964344128,0.214604203499189,2.491904961224137
33.0,46.0,1000.5769653320312,-4.374796533113274,-3.7953442600796974,1.7009154224535783,3.1807743626833123,2.472626108685201,2.9500704508992053,-0.3323088794611015,1.8303013964344128,0.214604203499189,2.491904961224137
33.0,46.0,1000.5769653320312,-4.37321806599695,-3.795305189735765,1.7068348008452645,3.1794100386429114,2.4727538514675174,2.945828699023776,-0.3323088820938277,1.831051319502256,0.2135516731184575,2.4916492058383453
33.0,46.0,1000.5769653320312,-4.374819493154002,-3.7953442600796974,1.7009154224535783,3.1807743626833123,2.472626108685201,2.9500704508992053,-0.3323088794620058,1.8303013964344128,0.2146041950849677,2.491888634149959
33.0,46.0,1000.5769653320312,-4.374819763388406,-3.7953442600796974,1.7009154224535783,3.1807743626833123,2.472626108685201,2.9500704508992053,-0.3323097303548826,1.8303013964344128,0.2146041364487948,2.491888634149959
33.0,46.0,1000.5769653320312,-4.374796533113274,-3.7953442600796974,1.7009154224535783,3.1807743626833123,2.472626108685201,2.9500704508992053,-0.3323088794611015,1.8303013964344128,0.214604203499189,2.491904961224137
33.0,46.0,1000.5769653320312,-4.374796286384615,-3.7953442600796974,1.7009154224535783,3.1807743626833123,2.472626108685201,2.9500704508992053,-0.3323088794620192,1.8303013964344128,0.2146041951673379,2.491904961224137
33.0,46.0,1000.5769653320312,-4.374817809455089,-3.7953442600796974,1.7009154224535783,3.1807743626833123,2.47262280573755,2.9500704508992053,-0.3323088794611015,1.8303013964344128,0.214604203499189,2.491904855841927
33.0,46.0,1000.5770263671876,-4.323553128430645,-3.7953442600796974,1.7133468480003335,3.1958195164913312,2.4727526578858745,2.9500704508992053,-0.3323088794611015,1.838261960846773,0.2151550016501856,2.4913405002367544
33.0,46.0,1000.5770263671876,-4.323456950794645,-3.7953442600796974,1.7134098452567803,3.196509680372139,2.4727526578858745,2.9500704508992053,-0.3323088794611015,1.838261960846773,0.2152016211137179,2.491340361026096
33.0,46.0,1000.5770263671876,-4.323553128430645,-3.7953442600796974,1.713426303241122,3.195943576952516,2.4727526578858745,2.9500704508992053,-0.3323088794611015,1.838261960846773,0.2151892683634382,2.4913405002367544
33.0,47.0,1000.5596923828124,-4.381665078193214,-3.791857037160896,1.7133477059592377,3.180772938781532,2.472750772557851,3.00393012102238,-0.3323097936776846,1.8307284940340696,0.2146045491962216,2.5042028385179544
33.0,47.0,1000.560302734375,-4.3795837292517215,-3.791913449949445,1.7133477059592377,3.1798911497479336,2.472750772557851,3.00393012102238,-0.3323097977994965,1.8307284940340696,0.2146434513598234,2.5038589048560755
33.0,47.0,1000.563720703125,-4.375711854411375,-3.7945106641667024,1.7133317315896213,3.180718273949756,2.4726271956491948,3.0041690767182208,-0.3323088920305439,1.830351350020007,0.2100839624715045,2.500187130008367
33.0,47.0,1000.5654907226562,-4.374784428109221,-3.7953442600796974,1.7135369030288183,3.179889487293487,2.472752921021147,2.9500704508992053,-0.3323088822172627,1.83828904445588,0.213416601172019,2.505241056762086
33.0,47.0,1000.5657958984376,-4.374796477262465,-3.7953442600796974,1.7067863330407862,3.1807743626833123,2.472625048366501,2.9500704508992053,-0.3323088794611015,1.838007506273709,0.2151679023063298,2.50498389001002
33.0,47.0,1000.56591796875,-4.374789458594616,-3.7953442600796974,1.7067863330407862,3.1807743626833123,2.472752921021147,2.9500704508992053,-0.3323088794611015,1.8382887699313208,0.2151679023063298,2.50498389001002
33.0,47.0,1000.56591796875,-4.374789458594616,-3.7953442600796974,1.7067863330407862,3.1807743626833123,2.472752921021147,2.9500704508992053,-0.3323088794611015,1.8382887699313208,0.2151679023063298,2.50498389001002
33.0,47.0,1000.5668334960938,-4.374027980290452,-3.7953468808179633,1.7137074271361237,3.1807743626833123,2.472626196176791,3.004953909982412,-0.3323096960157175,1.830490597440012,0.2145641073850264,2.5048468705696494
33.0,47.0,1000.56689453125,-4.376710368747494,-3.7953442600796974,1.706532709052072,3.1807743626833123,2.4726249594347114,2.9500704508992053,-0.3323088794611015,1.838007506273709,0.2151679023063298,2.504235439833656
33.0,47.0,1000.5685424804688,-4.328046344152457,-3.7953442600796974,1.7067965158493918,3.1807777133785047,2.472625051351877,3.006695495040693,-0.3323088795609176,1.8303907350732176,0.2151563053835702,2.50422413760534
33.0,47.0,1000.5686645507812,-4.326196150296075,-3.7953442600796974,1.706578945531048,3.1807743626833123,2.472626217485161,3.006695495040693,-0.3323088908176667,1.8303013964344128,0.2146045501358867,2.5042241500547484
33.0,47.0,1000.5689697265624,-4.324282258811046,-3.7953442600796974,1.7068325695197624,3.1807743626833123,2.47262630641695,3.006695495040693,-0.3323088908176667,1.8303013964344128,0.2146045501358867,2.504972600231113
33.0,47.0,1000.569091796875,-4.326196150296075,-3.7953442600796974,1.7014288183563164,3.180708019057434,2.4726261098012823,3.006695495040693,-0.332308881772282,1.830271328289605,0.2135472586978735,2.50422413760534
33.0,47.0,1000.570068359375,-4.374928789754352,-3.8373647586792674,1.701579941749937,3.186350517358079,2.4726271956491948,3.002962294306227,-0.3323097249521287,1.830352896517472,0.1121850573246278,2.500134169820429
33.0,47.0,1000.5708618164062,-4.374794204154229,-3.7953442600796974,1.7132058675545292,3.180774452572165,2.472627216899274,3.005667072380265,-0.3323088837706477,1.8303013964344128,0.214604203499189,2.500196221899172
33.0,47.0,1000.5711059570312,-4.325913667856226,-3.795346806951102,1.7128336949751573,3.18078482628849,2.4726262067618165,3.004953909982412,-0.3323097158422913,1.8306554809129505,0.2145641073850264,2.5041993341554574
33.0,47.0,1000.5712280273438,-4.376435087209109,-3.7917188530418575,1.7133960982485237,3.1807743626833123,2.4726304801524925,2.948995058599112,-0.3323096387016309,1.838261960846773,0.2146442743905152,2.50423969446035
33.0,47.0,1000.5712890625,-4.376435087209109,-3.791700841744137,1.7133869268308148,3.1807743626833123,2.4726304801524925,2.948995058599112,-0.3323096387016309,1.838261960846773,0.2146442743905152,2.5042420480252554
33.0,47.0,1000.5713500976562,-4.3795837292517215,-3.791913449949445,1.7133477059592377,3.1798911497479336,2.472760378415323,2.950813069036641,-0.3323088820513504,1.8382312344262768,0.2146409803460522,2.5038589048560755
33.0,47.0,1000.5715942382812,-4.325913667856226,-3.7953468808179633,1.7133867792849085,3.1807743626833123,2.472626196176791,3.004953909982412,-0.3323097158422913,1.830490597440012,0.2145641073850264,2.5041993341554574
33.0,47.0,1000.5717163085938,-4.326196150296075,-3.7953442600796974,1.7131423555653105,3.180708019057434,2.472626217485161,3.006695495040693,-0.332308881772282,1.830271328289605,0.2135472586978735,2.5042241500547484
33.0,47.0,1000.572265625,-4.326449034412096,-3.7953442600796974,1.7138515142258466,3.1807743626833123,2.472626217485161,3.006695495040693,-0.3323096750814356,1.8304895400291232,0.2146045501358867,2.5042241500547484
33.0,47.0,1000.5723266601562,-4.374928789754352,-3.837496818822748,1.701579941749937,3.180559408314765,2.472626224102402,3.002962294306227,-0.3323097249855647,1.830332263594986,0.1121850573246278,2.500134169820429
33.0,47.0,1000.5726928710938,-4.375094083794669,-3.7945106641667024,1.7133317315896213,3.18654004482194,2.4726271956491948,3.0041918734533746,-0.3323088920305439,1.830352896517472,0.2100949428815778,2.500134169820429
33.0,47.0,1000.5729370117188,-4.334372901500826,-3.7917789120160976,1.7133076849009854,3.185969270126088,2.4727601141876865,3.009948501967021,-0.3323088794195351,1.837481311358434,0.2146041948504859,2.5040990431362324
33.0,47.0,1000.5729370117188,-4.3754337035639566,-3.837496818822748,1.701579941749937,3.180559408314765,2.4726213314084746,3.002962294306227,-0.3323097249903634,1.8299441037315785,0.1121850573246278,2.500134169820429
33.0,47.0,1000.5734252929688,-4.374789458594616,-3.7953442600796974,1.6943559991163997,3.180567878764524,2.472626467039221,2.9500704508992053,-0.332308892351591,1.8306541015988191,0.2151679023063298,2.5002997135787344
33.0,47.0,1000.5736694335938,-4.375094083794669,-3.7945106641667024,1.693765626635697,3.18654004482194,2.4726271956491948,3.0041918734533746,-0.3323088920305439,1.830352896517472,0.2100949428815778,2.500134169820429
33.0,47.0,1000.5747680664062,-4.325883400502938,-3.791700841744137,1.7133872949720617,3.1807743626833123,2.4727526578858745,3.004859077985298,-0.3323088595772249,1.838259840604213,0.2135456409858181,2.5042420480252554
33.0,47.0,1000.574951171875,-4.374789458594616,-3.7953442600796974,1.7135369030288183,3.197170886416332,2.472752921021147,2.9500704508992053,-0.3323088794611015,1.83828904445588,0.2151689136079176,2.505241056762086
33.0,47.0,1000.574951171875,-4.328643541390175,-3.79178051691514,1.7133869268308148,3.1807743626833123,2.4727526578858745,3.004089732067001,-0.3323088693850336,1.8383021292317767,0.2152250463631629,2.5040997893190813
33.0,47.0,1000.5750122070312,-4.374796533113274,-3.7953442600796974,1.7011335761369692,3.1807743626833123,2.4727632218815594,2.9500704508992053,-0.3323088794611015,1.8303013964344128,0.2146016368258785,2.505556223936146
33.0,47.0,1000.5750122070312,-4.374796533113274,-3.7953442600796974,1.7011335761369692,3.1807743626833123,2.4727632218815594,2.9500704508992053,-0.3323088794611015,1.8303013964344128,0.2146016368258785,2.505556223936146
33.0,47.0,1000.5753173828124,-4.374796286384615,-3.7953442600796974,1.7009154224535783,3.1807743626833123,2.472626108685201,2.9514327074312603,-0.3323097173365046,1.830306918730636,0.2146075291941405,2.5042373020910573
33.0,47.0,1000.575439453125,-4.374794204154229,-3.7953442600796974,1.7009154224535783,3.1807743626833123,2.472627216899274,2.9500704508992053,-0.3323088837706477,1.8303013964344128,0.214604203499189,2.500196221899172
33.0,47.0,1000.5755615234376,-4.33260463764811,-3.8356186258898033,1.7133869053047404,3.186249535966943,2.472626146420521,3.0040980249773424,-0.3323097194814866,1.838619394289685,0.1077377173412672,2.504856507655772
33.0,47.0,1000.5760498046876,-4.325883400502938,-3.791700841744137,1.7133869268308148,3.1807743626833123,2.4727526578858745,3.004831680665015,-0.3323096387016309,1.838261960846773,0.2151798962993355,2.5042420480252554
33.0,47.0,1000.5761108398438,-4.323587655025708,-3.791700841744137,1.7134177550362633,3.1807743626833123,2.4727526578858745,3.006623657381444,-0.3323088068063676,1.838261960846773,0.2151798962993355,2.505499223526644
33.0,47.0,1000.5762939453124,-4.374796286384615,-3.7953442600796974,1.7183658695469075,3.1807743626833123,2.4726262163690795,2.9514327074312603,-0.3323097173365046,1.830306918730636,0.2146075291941405,2.5042373145404664
33.0,47.0,1000.5763549804688,-4.325890539239518,-3.79178051691514,1.7133869268308148,3.1807743626833123,2.4727526578858745,3.004831680665015,-0.3323096387016309,1.8383022126461468,0.2152250463631629,2.5040997893190813
33.0,47.0,1000.5764770507812,-4.332719496243713,-3.8356186258898033,1.7133867728295282,3.18630186161181,2.472621220332105,3.0057067500915915,-0.3323097194862853,1.8382312344262768,0.1077376322826338,2.504856507655772
33.0,47.0,1000.5764770507812,-4.332719496243713,-3.8356186258898033,1.7133867728295282,3.18630186161181,2.472621220332105,3.0057067500915915,-0.3323097194862853,1.8382312344262768,0.1077376322826338,2.504856507655772
33.0,47.0,1000.5765380859376,-4.3331095514577145,-3.8356186258898033,1.7133869053047404,3.186249535966943,2.4726212537265937,3.0040980249773424,-0.3323097194862853,1.8382312344262768,0.1077377173412672,2.504856507655772
33.0,47.0,1000.5765380859376,-4.374796533113274,-3.7953442600796974,1.7009154224535783,3.1807743626833123,2.4726213218675706,2.9481245513672096,-0.3323097292171195,1.8304183818519189,0.214604203499189,2.4922006697347183
33.0,47.0,1000.5767211914062,-4.332772855458381,-3.791739841672164,1.7133477059592377,3.18630186161181,2.472760378415323,3.0057067500915915,-0.3323088820513504,1.8382312344262768,0.2135516731184575,2.5038589048560755
33.0,47.0,1000.5769653320312,-4.374796533113274,-3.7953442600796974,1.7009154224535783,3.1807743626833123,2.472626108685201,2.9500704508992053,-0.3323088794611015,1.8303013964344128,0.214604203499189,2.491904961224137
33.0,47.0,1000.5769653320312,-4.374796533113274,-3.7953442600796974,1.7009154224535783,3.1807743626833123,2.472626108685201,2.9500704508992053,-0.3323088794611015,1.8303013964344128,0.214604203499189,2.491904961224137
33.0,47.0,1000.5769653320312,-4.374796533113274,-3.7953442600796974,1.7009154224535783,3.1807743626833123,2.472626108685201,2.9500704508992053,-0.3323088794611015,1.8303013964344128,0.214604203499189,2.491904961224137
33.0,47.0,1000.5769653320312,-4.374796533113274,-3.7953442600796974,1.7009154224535783,3.1807743626833123,2.472626108685201,2.9500704508992053,-0.3323088794611015,1.8303013964344128,0.214604203499189,2.491904961224137
33.0,47.0,1000.5769653320312,-4.374796533113274,-3.7953442600796974,1.7009154224535783,3.1807743626833123,2.472626108685201,2.9500704508992053,-0.3323088794611015,1.8303013964344128,0.214604203499189,2.491904961224137
33.0,48.0,1000.5596923828124,-4.381665078193214,-3.791857037160896,1.7133477059592377,3.180772938781532,2.472750772557851,3.00393012102238,-0.3323097936776846,1.8307284940340696,0.2146045491962216,2.5042028385179544
33.0,48.0,1000.5596923828124,-4.381665078193214,-3.791857037160896,1.7133466606826762,3.180772938781532,2.4727583906434245,3.00393012102238,-0.3323089556139806,1.8307220979837464,0.2146045491962216,2.5041565294639336
33.0,48.0,1000.560302734375,-4.3795837292517215,-3.791913449949445,1.7133477059592377,3.1798911497479336,2.472750772557851,3.00393012102238,-0.3323097977994965,1.8307284940340696,0.2146434513598234,2.5038589048560755
33.0,48.0,1000.563720703125,-4.375711854411375,-3.7945106641667024,1.7133317315896213,3.180718273949756,2.4726271956491948,3.0041690767182208,-0.3323088920305439,1.830351350020007,0.2100839624715045,2.500187130008367
33.0,48.0,1000.5638427734376,-4.381665078193214,-3.795311343748701,1.7133477059592377,3.180772854762202,2.472621746048604,3.003739530340014,-0.3323097936874976,1.8307284940340696,0.2146045491962216,2.5041195106953924
33.0,48.0,1000.5654907226562,-4.374784428109221,-3.7953442600796974,1.7135369030288183,3.179889487293487,2.472752921021147,2.9500704508992053,-0.3323088822172627,1.83828904445588,0.213416601172019,2.505241056762086
33.0,48.0,1000.5657958984376,-4.374796477262465,-3.7953442600796974,1.7067863330407862,3.1807743626833123,2.472625048366501,2.9500704508992053,-0.3323088794611015,1.838007506273709,0.2151679023063298,2.50498389001002
33.0,48.0,1000.56591796875,-4.374789458594616,-3.7953442600796974,1.7067863330407862,3.1807743626833123,2.472752921021147,2.9500704508992053,-0.3323088794611015,1.8382887699313208,0.2151679023063298,2.50498389001002
33.0,48.0,1000.56591796875,-4.374789458594616,-3.7953442600796974,1.7067863330407862,3.1807743626833123,2.472752921021147,2.9500704508992053,-0.3323088794611015,1.8382887699313208,0.2151679023063298,2.50498389001002
33.0,48.0,1000.5668334960938,-4.374027980290452,-3.7953468808179633,1.7137074271361237,3.1807743626833123,2.472626196176791,3.004953909982412,-0.3323096960157175,1.830490597440012,0.2145641073850264,2.5048468705696494
33.0,48.0,1000.56689453125,-4.376710368747494,-3.7953442600796974,1.706532709052072,3.1807743626833123,2.4726249594347114,2.9500704508992053,-0.3323088794611015,1.838007506273709,0.2151679023063298,2.504235439833656
33.0,48.0,1000.5670776367188,-4.374794978381551,-3.7953442600796974,1.7138515142258466,3.1807743626833123,2.472626217485161,3.006695495040693,-0.3323096735277369,1.830490613752504,0.2146045501358867,2.504228866050256
33.0,48.0,1000.5681762695312,-4.377036530952177,-3.7953442600796974,1.706578945531048,3.179760571595479,2.4727682780275693,3.006668086423815,-0.3323088821286081,1.8303013964344128,0.2146045501358867,2.5042241500547484
33.0,48.0,1000.5685424804688,-4.328046344152457,-3.7953442600796974,1.7067965158493918,3.1807777133785047,2.472625051351877,3.006695495040693,-0.3323088795609176,1.8303907350732176,0.2151563053835702,2.50422413760534
33.0,48.0,1000.5686645507812,-4.326196150296075,-3.7953442600796974,1.706578945531048,3.1807743626833123,2.472626217485161,3.006695495040693,-0.3323088908176667,1.8303013964344128,0.2146045501358867,2.5042241500547484
33.0,48.0,1000.5689697265624,-4.324282258811046,-3.7953442600796974,1.7068325695197624,3.1807743626833123,2.47262630641695,3.006695495040693,-0.3323088908176667,1.8303013964344128,0.2146045501358867,2.504972600231113
33.0,48.0,1000.569091796875,-4.326196150296075,-3.7953442600796974,1.7014288183563164,3.180708019057434,2.4726261098012823,3.006695495040693,-0.332308881772282,1.830271328289605,0.2135472586978735,2.50422413760534
33.0,48.0,1000.570068359375,-4.374928789754352,-3.8373647586792674,1.701579941749937,3.186350517358079,2.4726271956491948,3.002962294306227,-0.3323097249521287,1.830352896517472,0.1121850573246278,2.500134169820429
33.0,48.0,1000.5708618164062,-4.374794204154229,-3.7953442600796974,1.7132058675545292,3.180774452572165,2.472627216899274,3.005667072380265,-0.3323088837706477,1.8303013964344128,0.214604203499189,2.500196221899172
33.0,48.0,1000.571044921875,-4.326196150296075,-3.7953442600796974,1.7131423555653105,3.180698391135254,2.4726262068947924,3.0050051187875018,-0.3323097020531845,1.830271328289605,0.213549819589172,2.5042241500547484
33.0,48.0,1000.5711059570312,-4.325913667856226,-3.795346806951102,1.7128336949751573,3.18078482628849,2.4726262067618165,3.004953909982412,-0.3323097158422913,1.8306554809129505,0.2145641073850264,2.5041993341554574
33.0,48.0,1000.5712280273438,-4.376435087209109,-3.7917188530418575,1.7133960982485237,3.1807743626833123,2.4726304801524925,2.948995058599112,-0.3323096387016309,1.838261960846773,0.2146442743905152,2.50423969446035
33.0,48.0,1000.5712890625,-4.376435087209109,-3.791700841744137,1.7133869268308148,3.1807743626833123,2.4726304801524925,2.948995058599112,-0.3323096387016309,1.838261960846773,0.2146442743905152,2.5042420480252554
33.0,48.0,1000.5713500976562,-4.3795837292517215,-3.791913449949445,1.7133477059592377,3.1798911497479336,2.472760378415323,2.950813069036641,-0.3323088820513504,1.8382312344262768,0.2146409803460522,2.5038589048560755
33.0,48.0,1000.5715942382812,-4.325913667856226,-3.7953468808179633,1.7133867792849085,3.1807743626833123,2.472626196176791,3.004953909982412,-0.3323097158422913,1.830490597440012,0.2145641073850264,2.5041993341554574
33.0,48.0,1000.5717163085938,-4.326196150296075,-3.7953442600796974,1.7131423555653105,3.180708019057434,2.472626217485161,3.006695495040693,-0.332308881772282,1.830271328289605,0.2135472586978735,2.5042241500547484
33.0,48.0,1000.5722045898438,-4.325913667856226,-3.795346806951102,1.7128336949751573,3.18079445421067,2.4726262173521847,3.006644286235604,-0.3323088955613887,1.8306554809129505,0.2145615464937279,2.5041993341554574
33.0,48.0,1000.572265625,-4.326449034412096,-3.7953442600796974,1.7138515142258466,3.1807743626833123,2.472626217485161,3.006695495040693,-0.3323096750814356,1.8304895400291232,0.2146045501358867,2.5042241500547484
33.0,48.0,1000.5723266601562,-4.374928789754352,-3.837496818822748,1.701579941749937,3.180559408314765,2.472626224102402,3.002962294306227,-0.3323097249855647,1.830332263594986,0.1121850573246278,2.500134169820429
33.0,48.0,1000.5725708007812,-4.375711854411375,-3.7945106641667024,1.693700360455476,3.180718273949756,2.4726271956491948,3.004189427331103,-0.3323088920305439,1.830351350020007,0.2100951747065822,2.500187130008367
33.0,48.0,1000.5726928710938,-4.375094083794669,-3.7945106641667024,1.7133317315896213,3.18654004482194,2.4726271956491948,3.0041918734533746,-0.3323088920305439,1.830352896517472,0.2100949428815778,2.500134169820429
33.0,48.0,1000.57275390625,-4.375094083794669,-3.7945106641667024,1.7133969977698422,3.18654004482194,2.4726271956491948,3.004171522840492,-0.3323088920305439,1.830352896517472,0.2100837306465,2.500134169820429
33.0,48.0,1000.5729370117188,-4.334372901500826,-3.7917789120160976,1.7133076849009854,3.185969270126088,2.4727601141876865,3.009948501967021,-0.3323088794195351,1.837481311358434,0.2146041948504859,2.5040990431362324
33.0,48.0,1000.5729370117188,-4.3754337035639566,-3.837496818822748,1.701579941749937,3.180559408314765,2.4726213314084746,3.002962294306227,-0.3323097249903634,1.8299441037315785,0.1121850573246278,2.500134169820429
33.0,48.0,1000.5734252929688,-4.374789458594616,-3.7953442600796974,1.6943559991163997,3.180567878764524,2.472626467039221,2.9500704508992053,-0.332308892351591,1.8306541015988191,0.2151679023063298,2.5002997135787344
33.0,48.0,1000.5736694335938,-4.375094083794669,-3.7945106641667024,1.693765626635697,3.18654004482194,2.4726271956491948,3.0041918734533746,-0.3323088920305439,1.830352896517472,0.2100949428815778,2.500134169820429
33.0,48.0,1000.5747680664062,-4.325883400502938,-3.791700841744137,1.7133872949720617,3.1807743626833123,2.4727526578858745,3.004859077985298,-0.3323088595772249,1.838259840604213,0.2135456409858181,2.5042420480252554
33.0,48.0,1000.574951171875,-4.374789458594616,-3.7953442600796974,1.7135369030288183,3.197170886416332,2.472752921021147,2.9500704508992053,-0.3323088794611015,1.83828904445588,0.2151689136079176,2.505241056762086
33.0,48.0,1000.574951171875,-4.328643541390175,-3.79178051691514,1.7133869268308148,3.1807743626833123,2.4727526578858745,3.004089732067001,-0.3323088693850336,1.8383021292317767,0.2152250463631629,2.5040997893190813
33.0,48.0,1000.5750122070312,-4.374796533113274,-3.7953442600796974,1.7011335761369692,3.1807743626833123,2.4727632218815594,2.9500704508992053,-0.3323088794611015,1.8303013964344128,0.2146016368258785,2.505556223936146
33.0,48.0,1000.5750122070312,-4.374796533113274,-3.7953442600796974,1.7011335761369692,3.1807743626833123,2.4727632218815594,2.9500704508992053,-0.3323088794611015,1.8303013964344128,0.2146016368258785,2.505556223936146
33.0,48.0,1000.5751953125,-4.325878903939676,-3.791845841993193,1.7133869268308148,3.1807743626833123,2.4727414771668585,3.0067268123547706,-0.3323096387417481,1.8381994134081483,0.2151863141698604,2.5042436053462653
33.0,48.0,1000.5753173828124,-4.374796286384615,-3.7953442600796974,1.7009154224535783,3.1807743626833123,2.472626108685201,2.9514327074312603,-0.3323097173365046,1.830306918730636,0.2146075291941405,2.5042373020910573
33.0,48.0,1000.5753173828124,-4.374796286384615,-3.7953442600796974,1.7009154224535783,3.1807743626833123,2.472626108685201,2.9514327074312603,-0.3323097173365046,1.830306918730636,0.2146075291941405,2.5042373020910573
33.0,48.0,1000.575439453125,-4.374794204154229,-3.7953442600796974,1.7009154224535783,3.1807743626833123,2.472627216899274,2.9500704508992053,-0.3323088837706477,1.8303013964344128,0.214604203499189,2.500196221899172
33.0,48.0,1000.5755615234376,-4.33260463764811,-3.8356186258898033,1.7133869053047404,3.186249535966943,2.472626146420521,3.0040980249773424,-0.3323097194814866,1.838619394289685,0.1077377173412672,2.504856507655772
33.0,48.0,1000.5757446289062,-4.325913667856226,-3.7953468808179633,1.7133867792849085,3.1807743643866813,2.472626196176791,3.004953909982412,-0.3323097158422913,1.83049336661131,0.2146006271664264,2.500064757791417
33.0,48.0,1000.5760498046876,-4.325883400502938,-3.791700841744137,1.7133869268308148,3.1807743626833123,2.4727526578858745,3.004831680665015,-0.3323096387016309,1.838261960846773,0.2151798962993355,2.5042420480252554
33.0,48.0,1000.5760498046876,-4.325883400502938,-3.791700841744137,1.7133869268308148,3.1807743626833123,2.4727526578858745,3.004831680665015,-0.3323096387016309,1.838261960846773,0.2151798962993355,2.5042420480252554
33.0,48.0,1000.5761108398438,-4.323587655025708,-3.791700841744137,1.7134177550362633,3.1807743626833123,2.4727526578858745,3.006623657381444,-0.3323088068063676,1.838261960846773,0.2151798962993355,2.505499223526644
33.0,49.0,1000.5596923828124,-4.381665078193214,-3.791857037160896,1.7133477059592377,3.180772938781532,2.472750772557851,3.00393012102238,-0.3323097936776846,1.8307284940340696,0.2146045491962216,2.5042028385179544
33.0,49.0,1000.5596923828124,-4.381665078193214,-3.791857037160896,1.7133466606826762,3.180772938781532,2.4727583906434245,3.00393012102238,-0.3323089556139806,1.8307220979837464,0.2146045491962216,2.5041565294639336
33.0,49.0,1000.560302734375,-4.3795837292517215,-3.791913449949445,1.7133477059592377,3.1798911497479336,2.472750772557851,3.00393012102238,-0.3323097977994965,1.8307284940340696,0.2146434513598234,2.5038589048560755
33.0,49.0,1000.5628051757812,-4.3764947966391965,-3.791857037160896,1.713432611301125,3.1807729477412297,2.472625461035389,3.00393012102238,-0.33230895411125,1.8307284940340696,0.2151311088869173,2.5042028385179544
33.0,49.0,1000.563720703125,-4.375711854411375,-3.7945106641667024,1.7133317315896213,3.180718273949756,2.4726271956491948,3.0041690767182208,-0.3323088920305439,1.830351350020007,0.2100839624715045,2.500187130008367
33.0,49.0,1000.5638427734376,-4.381665078193214,-3.795311343748701,1.7133477059592377,3.180772854762202,2.472621746048604,3.003739530340014,-0.3323097936874976,1.8307284940340696,0.2146045491962216,2.5041195106953924
33.0,49.0,1000.5648803710938,-4.378802226394903,-3.795346806951102,1.7128336949751573,3.1807731253771365,2.472614423789464,3.003916812334921,-0.3323088955613887,1.8306585803351128,0.2145615464937279,2.504158511098509
33.0,49.0,1000.5654907226562,-4.374784428109221,-3.7953442600796974,1.7135369030288183,3.179889487293487,2.472752921021147,2.9500704508992053,-0.3323088822172627,1.83828904445588,0.213416601172019,2.505241056762086
33.0,49.0,1000.5657958984376,-4.374796477262465,-3.7953442600796974,1.7067863330407862,3.1807743626833123,2.472625048366501,2.9500704508992053,-0.3323088794611015,1.838007506273709,0.2151679023063298,2.50498389001002
33.0,49.0,1000.56591796875,-4.374789458594616,-3.7953442600796974,1.7067863330407862,3.1807743626833123,2.472752921021147,2.9500704508992053,-0.3323088794611015,1.8382887699313208,0.2151679023063298,2.50498389001002
33.0,49.0,1000.56591796875,-4.374789458594616,-3.7953442600796974,1.7067863330407862,3.1807743626833123,2.472752921021147,2.9500704508992053,-0.3323088794611015,1.8382887699313208,0.2151679023063298,2.50498389001002
33.0,49.0,1000.5660400390624,-4.374784285114042,-3.7953442600796974,1.7135369030288183,3.1807686691600607,2.472752921021147,2.9500704508992053,-0.3323088794877304,1.83828904445588,0.2151697911074298,2.505228929680529
33.0,49.0,1000.5662231445312,-4.374784428109221,-3.7953442600796974,1.7135369030288183,3.1799357624118985,2.472752921021147,2.9500704508992053,-0.3323088822172627,1.83828904445588,0.2134944145722312,2.504190769848225
33.0,49.0,1000.5662231445312,-4.376710368747494,-3.7953442600796974,1.706532709052072,3.1807280875649004,2.4726249594347114,2.9500704508992053,-0.3323088794611015,1.838007506273709,0.2150900889061176,2.5052857267475166
33.0,49.0,1000.5663452148438,-4.374027980290452,-3.7953467495870687,1.7137074271361237,3.180707687924828,2.47262619650306,3.0049768092085896,-0.3323098336543775,1.830265358631284,0.2145641073850264,2.5048468705696494
33.0,49.0,1000.5667724609376,-4.374794204154229,-3.7953442600796974,1.7133506854747975,3.180731169563176,2.472749111874874,3.005667072380265,-0.3323088837706477,1.8303013964344128,0.214604203499189,2.5038886024891416
33.0,49.0,1000.5668334960938,-4.374027980290452,-3.7953468808179633,1.7137074271361237,3.1807743626833123,2.472626196176791,3.004953909982412,-0.3323096960157175,1.830490597440012,0.2145641073850264,2.5048468705696494
33.0,49.0,1000.56689453125,-4.376710368747494,-3.7953442600796974,1.706532709052072,3.1807743626833123,2.4726249594347114,2.9500704508992053,-0.3323088794611015,1.838007506273709,0.2151679023063298,2.504235439833656
33.0,49.0,1000.5670776367188,-4.374794978381551,-3.7953442600796974,1.7138515142258466,3.1807743626833123,2.472626217485161,3.006695495040693,-0.3323096735277369,1.830490613752504,0.2146045501358867,2.504228866050256
33.0,49.0,1000.5681762695312,-4.377036530952177,-3.7953442600796974,1.706578945531048,3.179760571595479,2.4727682780275693,3.006668086423815,-0.3323088821286081,1.8303013964344128,0.2146045501358867,2.5042241500547484
33.0,49.0,1000.5684204101562,-4.381880650301511,-3.7953442600796974,1.7064478037101851,3.1807743537236144,2.472750270957174,2.9500704508992053,-0.3323097190275361,1.838007506273709,0.2146413426156341,2.504235439833656
33.0,49.0,1000.5685424804688,-4.328046344152457,-3.7953442600796974,1.7067965158493918,3.1807777133785047,2.472625051351877,3.006695495040693,-0.3323088795609176,1.8303907350732176,0.2151563053835702,2.50422413760534
33.0,49.0,1000.5686645507812,-4.326196150296075,-3.7953442600796974,1.706578945531048,3.1807743626833123,2.472626217485161,3.006695495040693,-0.3323088908176667,1.8303013964344128,0.2146045501358867,2.5042241500547484
33.0,49.0,1000.5689697265624,-4.324282258811046,-3.7953442600796974,1.7068325695197624,3.1807743626833123,2.47262630641695,3.006695495040693,-0.3323088908176667,1.8303013964344128,0.2146045501358867,2.504972600231113
33.0,49.0,1000.569091796875,-4.326196150296075,-3.7953442600796974,1.7014288183563164,3.180708019057434,2.4726261098012823,3.006695495040693,-0.332308881772282,1.830271328289605,0.2135472586978735,2.50422413760534
33.0,49.0,1000.570068359375,-4.374928789754352,-3.8373647586792674,1.701579941749937,3.186350517358079,2.4726271956491948,3.002962294306227,-0.3323097249521287,1.830352896517472,0.1121850573246278,2.500134169820429
33.0,49.0,1000.5708618164062,-4.374794204154229,-3.7953442600796974,1.7132058675545292,3.180774452572165,2.472627216899274,3.005667072380265,-0.3323088837706477,1.8303013964344128,0.214604203499189,2.500196221899172
33.0,49.0,1000.571044921875,-4.326196150296075,-3.7953442600796974,1.7131423555653105,3.180698391135254,2.4726262068947924,3.0050051187875018,-0.3323097020531845,1.830271328289605,0.213549819589172,2.5042241500547484
33.0,49.0,1000.5711059570312,-4.325913667856226,-3.795346806951102,1.7128336949751573,3.18078482628849,2.4726262067618165,3.004953909982412,-0.3323097158422913,1.8306554809129505,0.2145641073850264,2.5041993341554574
33.0,49.0,1000.5712280273438,-4.376435087209109,-3.7917188530418575,1.7133960982485237,3.1807743626833123,2.4726304801524925,2.948995058599112,-0.3323096387016309,1.838261960846773,0.2146442743905152,2.50423969446035
33.0,49.0,1000.5712890625,-4.376435087209109,-3.791700841744137,1.7133869268308148,3.1807743626833123,2.4726304801524925,2.948995058599112,-0.3323096387016309,1.838261960846773,0.2146442743905152,2.5042420480252554
33.0,49.0,1000.5713500976562,-4.3795837292517215,-3.791913449949445,1.7133477059592377,3.1798911497479336,2.472760378415323,2.950813069036641,-0.3323088820513504,1.8382312344262768,0.2146409803460522,2.5038589048560755
33.0,49.0,1000.5713500976562,-4.3795837292517215,-3.791913449949445,1.7133477059592377,3.1798911497479336,2.472760378415323,2.950813069036641,-0.3323088820513504,1.8382312344262768,0.2146409803460522,2.5038589048560755
33.0,49.0,1000.5715942382812,-4.325913667856226,-3.7953468808179633,1.7133867792849085,3.1807743626833123,2.472626196176791,3.004953909982412,-0.3323097158422913,1.830490597440012,0.2145641073850264,2.5041993341554574
33.0,49.0,1000.5717163085938,-4.326196150296075,-3.7953442600796974,1.7131423555653105,3.180708019057434,2.472626217485161,3.006695495040693,-0.332308881772282,1.830271328289605,0.2135472586978735,2.5042241500547484
33.0,49.0,1000.5718994140624,-4.326196150296075,-3.795344391310593,1.7131423555653105,3.180774693815918,2.472626217158892,3.0066725958145155,-0.332308744133622,1.830496567098333,0.2135472586978735,2.5042241500547484
33.0,49.0,1000.5722045898438,-4.325913667856226,-3.795346806951102,1.7128336949751573,3.18079445421067,2.4726262173521847,3.006644286235604,-0.3323088955613887,1.8306554809129505,0.2145615464937279,2.5041993341554574
33.0,49.0,1000.572265625,-4.326449034412096,-3.7953442600796974,1.7138515142258466,3.1807743626833123,2.472626217485161,3.006695495040693,-0.3323096750814356,1.8304895400291232,0.2146045501358867,2.5042241500547484
33.0,49.0,1000.5723266601562,-4.374928789754352,-3.837496818822748,1.701579941749937,3.180559408314765,2.472626224102402,3.002962294306227,-0.3323097249855647,1.830332263594986,0.1121850573246278,2.500134169820429
33.0,49.0,1000.5725708007812,-4.375711854411375,-3.7945106641667024,1.693700360455476,3.180718273949756,2.4726271956491948,3.004189427331103,-0.3323088920305439,1.830351350020007,0.2100951747065822,2.500187130008367
33.0,49.0,1000.5726928710938,-4.375094083794669,-3.7945106641667024,1.7133317315896213,3.18654004482194,2.4726271956491948,3.0041918734533746,-0.3323088920305439,1.830352896517472,0.2100949428815778,2.500134169820429
33.0,49.0,1000.57275390625,-4.375094083794669,-3.7945106641667024,1.7133969977698422,3.18654004482194,2.4726271956491948,3.004171522840492,-0.3323088920305439,1.830352896517472,0.2100837306465,2.500134169820429
33.0,49.0,1000.5728149414062,-4.375094083794669,-3.7945982017121658,1.7133969977698422,3.18654004482194,2.4726256680512444,3.004183334643196,-0.3323088887255862,1.830352896517472,0.2101075533275621,2.5000001509085137
33.0,49.0,1000.5729370117188,-4.334372901500826,-3.7917789120160976,1.7133076849009854,3.185969270126088,2.4727601141876865,3.009948501967021,-0.3323088794195351,1.837481311358434,0.2146041948504859,2.5040990431362324
33.0,49.0,1000.5729370117188,-4.3754337035639566,-3.837496818822748,1.701579941749937,3.180559408314765,2.4726213314084746,3.002962294306227,-0.3323097249903634,1.8299441037315785,0.1121850573246278,2.500134169820429
33.0,49.0,1000.5733642578124,-4.376253678420377,-3.7953442600796974,1.7010117488921936,3.1807743626833123,2.472626204480831,3.006926929663758,-0.332309716721307,1.830306918730636,0.2145492621315431,2.5042373020910573
33.0,49.0,1000.5734252929688,-4.374789458594616,-3.7953442600796974,1.6943559991163997,3.180567878764524,2.472626467039221,2.9500704508992053,-0.332308892351591,1.8306541015988191,0.2151679023063298,2.5002997135787344
33.0,49.0,1000.5736694335938,-4.375094083794669,-3.7945106641667024,1.693765626635697,3.18654004482194,2.4726271956491948,3.0041918734533746,-0.3323088920305439,1.830352896517472,0.2100949428815778,2.500134169820429
33.0,49.0,1000.5747680664062,-4.325883400502938,-3.791700841744137,1.7133872949720617,3.1807743626833123,2.4727526578858745,3.004859077985298,-0.3323088595772249,1.838259840604213,0.2135456409858181,2.5042420480252554
33.0,49.0,1000.5747680664062,-4.374789507349746,-3.7953442600796974,1.700992685305482,3.1807743626833123,2.472626296034296,2.9500704508992053,-0.3323088796179487,1.830247806081149,0.2151679023063298,2.50498389001002
33.0,50.0,1000.5596923828124,-4.381665078193214,-3.791857037160896,1.7133477059592377,3.180772938781532,2.472750772557851,3.00393012102238,-0.3323097936776846,1.8307284940340696,0.2146045491962216,2.5042028385179544
33.0,50.0,1000.5596923828124,-4.381665078193214,-3.791857037160896,1.7133466606826762,3.180772938781532,2.4727583906434245,3.00393012102238,-0.3323089556139806,1.8307220979837464,0.2146045491962216,2.5041565294639336
33.0,50.0,1000.5596923828124,-4.381665078193214,-3.791857037160896,1.7133477059592377,3.180772938781532,2.472750772557851,3.00393012102238,-0.3323097936776846,1.8307284940340696,0.2146045491962216,2.5042028385179544
33.0,50.0,1000.560302734375,-4.3795837292517215,-3.791913449949445,1.7133477059592377,3.1798911497479336,2.472750772557851,3.00393012102238,-0.3323097977994965,1.8307284940340696,0.2146434513598234,2.5038589048560755
33.0,50.0,1000.5628051757812,-4.3764947966391965,-3.791857037160896,1.713432611301125,3.1807729477412297,2.472625461035389,3.00393012102238,-0.33230895411125,1.8307284940340696,0.2151311088869173,2.5042028385179544
33.0,50.0,1000.563720703125,-4.375711854411375,-3.7945106641667024,1.7133317315896213,3.180718273949756,2.4726271956491948,3.0041690767182208,-0.3323088920305439,1.830351350020007,0.2100839624715045,2.500187130008367
33.0,50.0,1000.5638427734376,-4.381665078193214,-3.795311343748701,1.7133477059592377,3.180772854762202,2.472621746048604,3.003739530340014,-0.3323097936874976,1.8307284940340696,0.2146045491962216,2.5041195106953924
33.0,50.0,1000.564208984375,-4.381735647111697,-3.795377770236644,1.706479937964171,3.18654004482194,2.4726271956491948,3.0041918734533746,-0.3323088920305439,1.8303330765606087,0.2103767178679067,2.500218318071449
33.0,50.0,1000.5648193359376,-4.37480797913361,-3.7944956353443633,1.7135320481825889,3.180718273949756,2.472759719361343,3.0041690767182208,-0.3323088920305439,1.830351350020007,0.2100839624715045,2.500187130008367
33.0,50.0,1000.5648803710938,-4.378802226394903,-3.795346806951102,1.7128336949751573,3.1807731253771365,2.472614423789464,3.003916812334921,-0.3323088955613887,1.8306585803351128,0.2145615464937279,2.504158511098509
33.0,50.0,1000.5648803710938,-4.378802226394903,-3.795346806951102,1.7128336949751573,3.1807731253771365,2.472614423789464,3.003916812334921,-0.3323088955613887,1.8306585803351128,0.2145615464937279,2.504158511098509
33.0,50.0,1000.56494140625,-4.378802226394903,-3.795346806951102,1.7127967006918277,3.1807731253771365,2.472614307851085,3.003916812334921,-0.332309669598674,1.8306585803351128,0.2145615507547091,2.504169685316178
33.0,50.0,1000.5654907226562,-4.374784428109221,-3.7953442600796974,1.7135369030288183,3.179889487293487,2.472752921021147,2.9500704508992053,-0.3323088822172627,1.83828904445588,0.213416601172019,2.505241056762086
33.0,50.0,1000.5657348632812,-4.374027980290452,-3.7953468808179633,1.7137074271361237,3.1807743626833123,2.4726249625487005,3.004953909982412,-0.3323096953934288,1.82989818642462,0.2145448599062823,2.504853224204341
33.0,50.0,1000.5657958984376,-4.374796477262465,-3.7953442600796974,1.7067863330407862,3.1807743626833123,2.472625048366501,2.9500704508992053,-0.3323088794611015,1.838007506273709,0.2151679023063298,2.50498389001002
33.0,50.0,1000.5657958984376,-4.375578635482271,-3.7953442600796974,1.7131423555653105,3.180708019057434,2.472626217485161,3.0066680270603507,-0.33230890805647,1.830271328289605,0.2135472586978735,2.508825921944584
33.0,50.0,1000.56591796875,-4.374789458594616,-3.7953442600796974,1.7067863330407862,3.1807743626833123,2.472752921021147,2.9500704508992053,-0.3323088794611015,1.8382887699313208,0.2151679023063298,2.50498389001002
33.0,50.0,1000.56591796875,-4.374789458594616,-3.7953442600796974,1.7067863330407862,3.1807743626833123,2.472752921021147,2.9500704508992053,-0.3323088794611015,1.8382887699313208,0.2151679023063298,2.50498389001002
33.0,50.0,1000.5660400390624,-4.374784285114042,-3.7953442600796974,1.7135369030288183,3.1807686691600607,2.472752921021147,2.9500704508992053,-0.3323088794877304,1.83828904445588,0.2151697911074298,2.505228929680529
33.0,50.0,1000.5662231445312,-4.374784428109221,-3.7953442600796974,1.7135369030288183,3.1799357624118985,2.472752921021147,2.9500704508992053,-0.3323088822172627,1.83828904445588,0.2134944145722312,2.504190769848225
33.0,50.0,1000.5662231445312,-4.376710368747494,-3.7953442600796974,1.706532709052072,3.1807280875649004,2.4726249594347114,2.9500704508992053,-0.3323088794611015,1.838007506273709,0.2150900889061176,2.5052857267475166
33.0,50.0,1000.5662841796876,-4.376710368747494,-3.7953442600796974,1.706532709052072,3.1807280875649004,2.4726249594347114,2.9500704508992053,-0.3323088794611015,1.838007506273709,0.2151701661719548,2.5052834917862543
33.0,50.0,1000.5663452148438,-4.374027980290452,-3.7953467495870687,1.7137074271361237,3.180707687924828,2.47262619650306,3.0049768092085896,-0.3323098336543775,1.830265358631284,0.2145641073850264,2.5048468705696494
33.0,50.0,1000.5667114257812,-4.376710368747494,-3.7953442600796974,1.706532709052072,3.1807743626833123,2.4726249594347114,2.9498725475708043,-0.3323088794611015,1.838007506273709,0.214497313845226,2.504114421492845
33.0,50.0,1000.5667724609376,-4.374794204154229,-3.7953442600796974,1.7133506854747975,3.180731169563176,2.472749111874874,3.005667072380265,-0.3323088837706477,1.8303013964344128,0.214604203499189,2.5038886024891416
33.0,50.0,1000.5668334960938,-4.374027980290452,-3.7953468808179633,1.7137074271361237,3.1807743626833123,2.472626196176791,3.004953909982412,-0.3323096960157175,1.830490597440012,0.2145641073850264,2.5048468705696494
33.0,50.0,1000.5668334960938,-4.374027980290452,-3.7953468808179633,1.7137444214194528,3.1807743626833123,2.4726263121151693,3.004953909982412,-0.3323089219784323,1.830490597440012,0.2145641031240452,2.5048356963519804
33.0,50.0,1000.56689453125,-4.376710368747494,-3.7953442600796974,1.706532709052072,3.1807743626833123,2.4726249594347114,2.9500704508992053,-0.3323088794611015,1.838007506273709,0.2151679023063298,2.504235439833656
33.0,50.0,1000.5670166015624,-4.381803179790976,-3.7953442600796974,1.7068325695197624,3.18077300881216,2.47262630641695,3.006919858402685,-0.3323088908176667,1.8303013964344128,0.2146045501358867,2.50488408175274
33.0,50.0,1000.5670776367188,-4.374794978381551,-3.7953442600796974,1.7138515142258466,3.1807743626833123,2.472626217485161,3.006695495040693,-0.3323096735277369,1.830490613752504,0.2146045501358867,2.504228866050256
33.0,50.0,1000.5677490234376,-4.381591732044386,-3.7953442600796974,1.7135369030288183,3.180786889976717,2.472752840919387,2.9500704508992053,-0.3323088822172627,1.8380549802464263,0.213416601172019,2.505241056762086
33.0,50.0,1000.5681762695312,-4.377036530952177,-3.7953442600796974,1.706578945531048,3.179760571595479,2.4727682780275693,3.006668086423815,-0.3323088821286081,1.8303013964344128,0.2146045501358867,2.5042241500547484
33.0,50.0,1000.5684204101562,-4.381880650301511,-3.7953442600796974,1.7064478037101851,3.1807743537236144,2.472750270957174,2.9500704508992053,-0.3323097190275361,1.838007506273709,0.2146413426156341,2.504235439833656
33.0,50.0,1000.5685424804688,-4.328046344152457,-3.7953442600796974,1.7067965158493918,3.1807777133785047,2.472625051351877,3.006695495040693,-0.3323088795609176,1.8303907350732176,0.2151563053835702,2.50422413760534
33.0,50.0,1000.5686645507812,-4.326196150296075,-3.7953442600796974,1.706578945531048,3.1807743626833123,2.472626217485161,3.006695495040693,-0.3323088908176667,1.8303013964344128,0.2146045501358867,2.5042241500547484
33.0,50.0,1000.5689697265624,-4.324282258811046,-3.7953442600796974,1.7068325695197624,3.1807743626833123,2.47262630641695,3.006695495040693,-0.3323088908176667,1.8303013964344128,0.2146045501358867,2.504972600231113
33.0,50.0,1000.569091796875,-4.326196150296075,-3.7953442600796974,1.7014288183563164,3.180708019057434,2.4726261098012823,3.006695495040693,-0.332308881772282,1.830271328289605,0.2135472586978735,2.50422413760534
33.0,50.0,1000.5697021484376,-4.374185800039186,-3.7953442600796974,1.706578945531048,3.1807743626833123,2.472623596863752,3.006695495040693,-0.3323088909544122,1.830552719108444,0.2146045419747138,2.504215343013194
33.0,50.0,1000.5698852539062,-4.374837653075724,-3.7945106641667024,1.7133317315896213,3.180772564702925,2.4726194241969845,3.0041690767182208,-0.3323088915988289,1.8302528758292425,0.214960789637479,2.500187130008367
33.0,50.0,1000.570068359375,-4.374928789754352,-3.8373647586792674,1.701579941749937,3.186350517358079,2.4726271956491948,3.002962294306227,-0.3323097249521287,1.830352896517472,0.1121850573246278,2.500134169820429
33.0,50.0,1000.57080078125,-4.373913861054632,-3.7953442600796974,1.7014288183563164,3.1807014916169374,2.4726261098012823,3.003855474479914,-0.332308881772282,1.8302785963139503,0.213577741011062,2.504202189311698
33.0,50.0,1000.5708618164062,-4.374794204154229,-3.7953442600796974,1.7132058675545292,3.180774452572165,2.472627216899274,3.005667072380265,-0.3323088837706477,1.8303013964344128,0.214604203499189,2.500196221899172
33.0,50.0,1000.571044921875,-4.326196150296075,-3.7953442600796974,1.7131423555653105,3.180698391135254,2.4726262068947924,3.0050051187875018,-0.3323097020531845,1.830271328289605,0.213549819589172,2.5042241500547484
33.0,50.0,1000.5711059570312,-4.325913667856226,-3.795346806951102,1.7128336949751573,3.18078482628849,2.4726262067618165,3.004953909982412,-0.3323097158422913,1.8306554809129505,0.2145641073850264,2.5041993341554574
33.0,50.0,1000.5712280273438,-4.376435087209109,-3.7917188530418575,1.7133960982485237,3.1807743626833123,2.4726304801524925,2.948995058599112,-0.3323096387016309,1.838261960846773,0.2146442743905152,2.50423969446035
33.0,50.0,1000.5712890625,-4.376435087209109,-3.791700841744137,1.7133869268308148,3.1807743626833123,2.4726304801524925,2.948995058599112,-0.3323096387016309,1.838261960846773,0.2146442743905152,2.5042420480252554
33.0,50.0,1000.5713500976562,-4.3795837292517215,-3.791913449949445,1.7133477059592377,3.1798911497479336,2.472760378415323,2.950813069036641,-0.3323088820513504,1.8382312344262768,0.2146409803460522,2.5038589048560755
33.0,50.0,1000.5713500976562,-4.3795837292517215,-3.791913449949445,1.7133477059592377,3.1798911497479336,2.472760378415323,2.950813069036641,-0.3323088820513504,1.8382312344262768,0.2146409803460522,2.5038589048560755
33.0,50.0,1000.5715942382812,-4.325913667856226,-3.7953468808179633,1.7133867792849085,3.1807743626833123,2.472626196176791,3.004953909982412,-0.3323097158422913,1.830490597440012,0.2145641073850264,2.5041993341554574
33.0,50.0,1000.5717163085938,-4.326196150296075,-3.7953442600796974,1.7131423555653105,3.180708019057434,2.472626217485161,3.006695495040693,-0.332308881772282,1.830271328289605,0.2135472586978735,2.5042241500547484
33.0,51.0,1000.5595092773438,-4.381897076712429,-3.791857037160896,1.7133466606826762,3.180772938781532,2.472630087203766,3.003910620849778,-0.3323089556139806,1.8305047423335687,0.2146045491962216,2.5041565294639336
33.0,51.0,1000.5596923828124,-4.381665078193214,-3.791857037160896,1.7133477059592377,3.180772938781532,2.472750772557851,3.00393012102238,-0.3323097936776846,1.8307284940340696,0.2146045491962216,2.5042028385179544
33.0,51.0,1000.5596923828124,-4.381665078193214,-3.791857037160896,1.7133466606826762,3.180772938781532,2.4727583906434245,3.00393012102238,-0.3323089556139806,1.8307220979837464,0.2146045491962216,2.5041565294639336
33.0,51.0,1000.5596923828124,-4.381665078193214,-3.791857037160896,1.7133477059592377,3.180772938781532,2.472750772557851,3.00393012102238,-0.3323097936776846,1.8307284940340696,0.2146045491962216,2.5042028385179544
33.0,51.0,1000.5601806640624,-4.379427945270834,-3.7918609240236014,1.7134390061065077,3.1798911497479336,2.472750772557851,3.00393012102238,-0.3323097977994965,1.8307284940340696,0.2146434513598234,2.5041829264276574
33.0,51.0,1000.560302734375,-4.3795837292517215,-3.791913449949445,1.7133477059592377,3.1798911497479336,2.472750772557851,3.00393012102238,-0.3323097977994965,1.8307284940340696,0.2146434513598234,2.5038589048560755
33.0,51.0,1000.5628051757812,-4.3764947966391965,-3.791857037160896,1.713432611301125,3.1807729477412297,2.472625461035389,3.00393012102238,-0.33230895411125,1.8307284940340696,0.2151311088869173,2.5042028385179544
33.0,51.0,1000.5628662109376,-4.376650580620083,-3.791909563086738,1.713341311153855,3.1807729477412297,2.472625461035389,3.00393012102238,-0.33230895411125,1.8307284940340696,0.2151311088869173,2.503878816946373
33.0,51.0,1000.5635375976562,-4.374939304578078,-3.791857037160896,1.7137487010754324,3.180772938781532,2.472751096084469,3.00393012102238,-0.3323089259918531,1.8307284940340696,0.2146045491962216,2.504833819550832
33.0,51.0,1000.563720703125,-4.375711854411375,-3.7945106641667024,1.7133317315896213,3.180718273949756,2.4726271956491948,3.0041690767182208,-0.3323088920305439,1.830351350020007,0.2100839624715045,2.500187130008367
33.0,51.0,1000.563720703125,-4.380753753905587,-3.7953468808179633,1.7133434263032583,3.1807743626833123,2.472625988588552,3.004953909982412,-0.3323097896642638,1.830490597440012,0.2145641031240452,2.504204715319104
33.0,51.0,1000.563720703125,-4.375711854411375,-3.7945106641667024,1.7133317315896213,3.180718273949756,2.4726271956491948,3.0041690767182208,-0.3323088920305439,1.830351350020007,0.2100839624715045,2.500187130008367
33.0,51.0,1000.5638427734376,-4.381665078193214,-3.795311343748701,1.7133477059592377,3.180772854762202,2.472621746048604,3.003739530340014,-0.3323097936874976,1.8307284940340696,0.2146045491962216,2.5041195106953924
33.0,51.0,1000.5639038085938,-4.374729783338434,-3.791857037160896,1.7133466606826762,3.180718541382297,2.472759729687943,3.00393012102238,-0.3323089508307107,1.8307220979837464,0.2146045491962216,2.5041565294639336
33.0,51.0,1000.5640869140624,-4.381665078193214,-3.795469010870944,1.7133477059592377,3.1807729016761885,2.472750772557851,3.00393012102238,-0.3323097996680806,1.8307284940340696,0.2146045491962216,2.5042043695575416
33.0,51.0,1000.5640869140624,-4.381735647111697,-3.795378059133452,1.7062437761632865,3.18654004482194,2.4726271956491948,3.0041878544724625,-0.3323089031938636,1.8303330765606087,0.2103767178679067,2.5041458128003944
33.0,51.0,1000.564208984375,-4.381735647111697,-3.795377770236644,1.706479937964171,3.18654004482194,2.4726271956491948,3.0041918734533746,-0.3323088920305439,1.8303330765606087,0.2103767178679067,2.500218318071449
33.0,51.0,1000.5643920898438,-4.375710685510093,-3.79531565941844,1.7133506854747975,3.180731169563176,2.4726269775540963,3.005667072380265,-0.3323088837706477,1.8303013964344128,0.2100503552214526,2.500231970671058
33.0,51.0,1000.5648193359376,-4.37480797913361,-3.7944956353443633,1.7135320481825889,3.180718273949756,2.472759719361343,3.0041690767182208,-0.3323088920305439,1.830351350020007,0.2100839624715045,2.500187130008367
33.0,51.0,1000.5648803710938,-4.378802226394903,-3.795346806951102,1.7128336949751573,3.1807731253771365,2.472614423789464,3.003916812334921,-0.3323088955613887,1.8306585803351128,0.2145615464937279,2.504158511098509
33.0,51.0,1000.5648803710938,-4.378802226394903,-3.795346806951102,1.7128336949751573,3.1807731253771365,2.472614423789464,3.003916812334921,-0.3323088955613887,1.8306585803351128,0.2145615464937279,2.504158511098509
33.0,51.0,1000.56494140625,-4.378802226394903,-3.795346806951102,1.7127967006918277,3.1807731253771365,2.472614307851085,3.003916812334921,-0.332309669598674,1.8306585803351128,0.2145615507547091,2.504169685316178
33.0,51.0,1000.5654907226562,-4.374784428109221,-3.7953442600796974,1.7135369030288183,3.179889487293487,2.472752921021147,2.9500704508992053,-0.3323088822172627,1.83828904445588,0.213416601172019,2.505241056762086
33.0,51.0,1000.5657348632812,-4.374027980290452,-3.7953468808179633,1.7137074271361237,3.1807743626833123,2.4726249625487005,3.004953909982412,-0.3323096953934288,1.82989818642462,0.2145448599062823,2.504853224204341
33.0,51.0,1000.5657348632812,-4.374344012466587,-3.7953442600796974,1.7135369030288183,3.180764358865089,2.472752924192523,2.9500704508992053,-0.3323088822172627,1.8380549802464263,0.213416601172019,2.505241056762086
33.0,51.0,1000.5657958984376,-4.374796477262465,-3.7953442600796974,1.7067863330407862,3.1807743626833123,2.472625048366501,2.9500704508992053,-0.3323088794611015,1.838007506273709,0.2151679023063298,2.50498389001002
33.0,51.0,1000.5657958984376,-4.375578635482271,-3.7953442600796974,1.7131423555653105,3.180708019057434,2.472626217485161,3.0066680270603507,-0.33230890805647,1.830271328289605,0.2135472586978735,2.508825921944584
33.0,51.0,1000.56591796875,-4.374789458594616,-3.7953442600796974,1.7067863330407862,3.1807743626833123,2.472752921021147,2.9500704508992053,-0.3323088794611015,1.8382887699313208,0.2151679023063298,2.50498389001002
33.0,51.0,1000.56591796875,-4.374789458594616,-3.7953442600796974,1.7067863330407862,3.1807743626833123,2.472752921021147,2.9500704508992053,-0.3323088794611015,1.8382887699313208,0.2151679023063298,2.50498389001002
33.0,51.0,1000.56591796875,-4.374789458594616,-3.7953442600796974,1.7065301961841148,3.1807246444536057,2.472752921021147,2.9500704508992053,-0.3323088794611015,1.8382887699313208,0.2150907575171396,2.5049858794896007
33.0,51.0,1000.56591796875,-4.374789458594616,-3.7953442600796974,1.7067863330407862,3.1807743626833123,2.472752921021147,2.9500704508992053,-0.3323088794611015,1.8382887699313208,0.2151679023063298,2.50498389001002
33.0,51.0,1000.5660400390624,-4.374784285114042,-3.7953442600796974,1.7135369030288183,3.1807686691600607,2.472752921021147,2.9500704508992053,-0.3323088794877304,1.83828904445588,0.2151697911074298,2.505228929680529
33.0,51.0,1000.5662231445312,-4.374784428109221,-3.7953442600796974,1.7135369030288183,3.1799357624118985,2.472752921021147,2.9500704508992053,-0.3323088822172627,1.83828904445588,0.2134944145722312,2.504190769848225
33.0,51.0,1000.5662231445312,-4.376710368747494,-3.7953442600796974,1.706532709052072,3.1807280875649004,2.4726249594347114,2.9500704508992053,-0.3323088794611015,1.838007506273709,0.2150900889061176,2.5052857267475166
33.0,51.0,1000.5662841796876,-4.376710368747494,-3.7953442600796974,1.706532709052072,3.1807280875649004,2.4726249594347114,2.9500704508992053,-0.3323088794611015,1.838007506273709,0.2151701661719548,2.5052834917862543
33.0,51.0,1000.5663452148438,-4.374027980290452,-3.7953467495870687,1.7137074271361237,3.180707687924828,2.47262619650306,3.0049768092085896,-0.3323098336543775,1.830265358631284,0.2145641073850264,2.5048468705696494
33.0,51.0,1000.5667114257812,-4.376710368747494,-3.7953442600796974,1.706532709052072,3.1807743626833123,2.4726249594347114,2.9498725475708043,-0.3323088794611015,1.838007506273709,0.214497313845226,2.504114421492845
33.0,51.0,1000.5667724609376,-4.374794204154229,-3.7953442600796974,1.7133506854747975,3.180731169563176,2.472749111874874,3.005667072380265,-0.3323088837706477,1.8303013964344128,0.214604203499189,2.5038886024891416
33.0,51.0,1000.5668334960938,-4.374027980290452,-3.7953468808179633,1.7137074271361237,3.1807743626833123,2.472626196176791,3.004953909982412,-0.3323096960157175,1.830490597440012,0.2145641073850264,2.5048468705696494
33.0,51.0,1000.5668334960938,-4.374027980290452,-3.7953468808179633,1.7137444214194528,3.1807743626833123,2.4726263121151693,3.004953909982412,-0.3323089219784323,1.830490597440012,0.2145641031240452,2.5048356963519804
33.0,51.0,1000.56689453125,-4.376710368747494,-3.7953442600796974,1.706532709052072,3.1807743626833123,2.4726249594347114,2.9500704508992053,-0.3323088794611015,1.838007506273709,0.2151679023063298,2.504235439833656
33.0,51.0,1000.5670166015624,-4.381803179790976,-3.7953442600796974,1.7068325695197624,3.18077300881216,2.47262630641695,3.006919858402685,-0.3323088908176667,1.8303013964344128,0.2146045501358867,2.50488408175274
33.0,51.0,1000.5670776367188,-4.374794978381551,-3.7953442600796974,1.7138515142258466,3.1807743626833123,2.472626217485161,3.006695495040693,-0.3323096735277369,1.830490613752504,0.2146045501358867,2.504228866050256
33.0,51.0,1000.5674438476562,-4.373795981771236,-3.7953468808179633,1.7137444214194528,3.1807743626833123,2.4727546155548272,3.0049734101550136,-0.3323089219784323,1.8307079530901884,0.2145641031240452,2.5048356963519804
33.0,51.0,1000.567626953125,-4.3737281020095296,-3.7953468736933207,1.7128307908933624,3.1807749761534936,2.4726262067618165,3.004953909982412,-0.3323097156132661,1.8304867483382048,0.2145641073850264,2.5041993341554574
33.0,51.0,1000.5677490234376,-4.381591732044386,-3.7953442600796974,1.7135369030288183,3.180786889976717,2.472752840919387,2.9500704508992053,-0.3323088822172627,1.8380549802464263,0.213416601172019,2.505241056762086
33.0,51.0,1000.5681762695312,-4.377036530952177,-3.7953442600796974,1.706578945531048,3.179760571595479,2.4727682780275693,3.006668086423815,-0.3323088821286081,1.8303013964344128,0.2146045501358867,2.5042241500547484
33.0,51.0,1000.5684204101562,-4.381880650301511,-3.7953442600796974,1.7064478037101851,3.1807743537236144,2.472750270957174,2.9500704508992053,-0.3323097190275361,1.838007506273709,0.2146413426156341,2.504235439833656
33.0,51.0,1000.5685424804688,-4.328046344152457,-3.7953442600796974,1.7067965158493918,3.1807777133785047,2.472625051351877,3.006695495040693,-0.3323088795609176,1.8303907350732176,0.2151563053835702,2.50422413760534
33.0,51.0,1000.5686645507812,-4.326196150296075,-3.7953442600796974,1.706578945531048,3.1807743626833123,2.472626217485161,3.006695495040693,-0.3323088908176667,1.8303013964344128,0.2146045501358867,2.5042241500547484
33.0,52.0,1000.5576171875,-4.381472909630912,-3.791887715689892,1.7133470382615823,3.180718273949756,2.4726236554590004,3.0041690767182208,-0.3323088523073134,1.830351350020007,0.2100839624715045,2.500187130008367
33.0,52.0,1000.5595092773438,-4.381897076712429,-3.791857037160896,1.7133466606826762,3.180772938781532,2.472630087203766,3.003910620849778,-0.3323089556139806,1.8305047423335687,0.2146045491962216,2.5041565294639336
33.0,52.0,1000.5596923828124,-4.381665078193214,-3.791857037160896,1.7133477059592377,3.180772938781532,2.472750772557851,3.00393012102238,-0.3323097936776846,1.8307284940340696,0.2146045491962216,2.5042028385179544
33.0,52.0,1000.5596923828124,-4.381665078193214,-3.791857037160896,1.7133466606826762,3.180772938781532,2.4727583906434245,3.00393012102238,-0.3323089556139806,1.8307220979837464,0.2146045491962216,2.5041565294639336
33.0,52.0,1000.5596923828124,-4.381665078193214,-3.791857037160896,1.7133477059592377,3.180772938781532,2.472750772557851,3.00393012102238,-0.3323097936776846,1.8307284940340696,0.2146045491962216,2.5042028385179544
33.0,52.0,1000.5596923828124,-4.381897076712429,-3.791857037160896,1.7133466606826762,3.180772938781532,2.472757954451436,3.004173236088373,-0.3323089556139806,1.830507102966889,0.2146045491962216,2.5041565294639336
33.0,52.0,1000.5601806640624,-4.379427945270834,-3.7918609240236014,1.7134390061065077,3.1798911497479336,2.472750772557851,3.00393012102238,-0.3323097977994965,1.8307284940340696,0.2146434513598234,2.5041829264276574
33.0,52.0,1000.560302734375,-4.3795837292517215,-3.791913449949445,1.7133477059592377,3.1798911497479336,2.472750772557851,3.00393012102238,-0.3323097977994965,1.8307284940340696,0.2146434513598234,2.5038589048560755
33.0,52.0,1000.5604858398438,-4.379427945270834,-3.7918609240236014,1.7134390061065077,3.1807616478777483,2.472625094915883,3.00393012102238,-0.3323097977994965,1.830486219028548,0.214603666317269,2.504229319446598
33.0,52.0,1000.5609741210938,-4.379681152290454,-3.79531565941844,1.7133476868636497,3.180733596592096,2.4726269775540963,3.005660946391961,-0.3323089377231566,1.8303013964344128,0.2100503552214526,2.500231970671058
33.0,52.0,1000.5618286132812,-4.381665078193214,-3.791857037160896,1.7132444383891607,3.180773009113178,2.472750772557851,3.0068020286407817,-0.3323097936776846,1.8303127371373136,0.2146045491956196,2.5042028385179544
33.0,52.0,1000.5619506835938,-4.381428225235774,-3.795335429678322,1.7133477059592377,3.180772938781532,2.472750772557851,3.003908457738876,-0.3323097936776846,1.829886238034618,0.2145444502922312,2.5042028385179544
33.0,52.0,1000.5628051757812,-4.3764947966391965,-3.791857037160896,1.713432611301125,3.1807729477412297,2.472625461035389,3.00393012102238,-0.33230895411125,1.8307284940340696,0.2151311088869173,2.5042028385179544
33.0,52.0,1000.5628662109376,-4.376650580620083,-3.791909563086738,1.713341311153855,3.1807729477412297,2.472625461035389,3.00393012102238,-0.33230895411125,1.8307284940340696,0.2151311088869173,2.503878816946373
33.0,52.0,1000.5628662109376,-4.376658327152474,-3.7918565797887953,1.713341311153855,3.1807729477412297,2.472625461035389,3.00393012102238,-0.33230895411125,1.8307284940340696,0.2151311088869173,2.503878816946373
33.0,52.0,1000.5635375976562,-4.374939304578078,-3.791857037160896,1.7137487010754324,3.180772938781532,2.472751096084469,3.00393012102238,-0.3323089259918531,1.8307284940340696,0.2146045491962216,2.504833819550832
33.0,52.0,1000.563720703125,-4.375711854411375,-3.7945106641667024,1.7133317315896213,3.180718273949756,2.4726271956491948,3.0041690767182208,-0.3323088920305439,1.830351350020007,0.2100839624715045,2.500187130008367
33.0,52.0,1000.563720703125,-4.380753753905587,-3.7953468808179633,1.7133434263032583,3.1807743626833123,2.472625988588552,3.004953909982412,-0.3323097896642638,1.830490597440012,0.2145641031240452,2.504204715319104
33.0,52.0,1000.563720703125,-4.375711854411375,-3.7945106641667024,1.7133317315896213,3.180718273949756,2.4726271956491948,3.0041690767182208,-0.3323088920305439,1.830351350020007,0.2100839624715045,2.500187130008367
33.0,52.0,1000.5638427734376,-4.381665078193214,-3.795311343748701,1.7133477059592377,3.180772854762202,2.472621746048604,3.003739530340014,-0.3323097936874976,1.8307284940340696,0.2146045491962216,2.5041195106953924
33.0,52.0,1000.5638427734376,-4.381719834080589,-3.795311343748701,1.713349793820974,3.180772854762202,2.4726262710216966,3.003739530340014,-0.3323097936874976,1.8307284940340696,0.2146045491962216,2.504119111430679
33.0,52.0,1000.5639038085938,-4.374729783338434,-3.791857037160896,1.7133466606826762,3.180718541382297,2.472759729687943,3.00393012102238,-0.3323089508307107,1.8307220979837464,0.2146045491962216,2.5041565294639336
33.0,52.0,1000.56396484375,-4.381940025748867,-3.7953772422480943,1.7062437761632865,3.18654004482194,2.4726179366895886,3.0041878544724625,-0.3323089031938636,1.830299657554374,0.2103514335487997,2.50389633860902
33.0,52.0,1000.5640869140624,-4.381665078193214,-3.795469010870944,1.7133477059592377,3.1807729016761885,2.472750772557851,3.00393012102238,-0.3323097996680806,1.8307284940340696,0.2146045491962216,2.5042043695575416
33.0,52.0,1000.5640869140624,-4.381735647111697,-3.795378059133452,1.7062437761632865,3.18654004482194,2.4726271956491948,3.0041878544724625,-0.3323089031938636,1.8303330765606087,0.2103767178679067,2.5041458128003944
33.0,52.0,1000.564208984375,-4.381735647111697,-3.795377770236644,1.706479937964171,3.18654004482194,2.4726271956491948,3.0041918734533746,-0.3323088920305439,1.8303330765606087,0.2103767178679067,2.500218318071449
33.0,52.0,1000.5643920898438,-4.375710685510093,-3.79531565941844,1.7133506854747975,3.180731169563176,2.4726269775540963,3.005667072380265,-0.3323088837706477,1.8303013964344128,0.2100503552214526,2.500231970671058
33.0,52.0,1000.564697265625,-4.374264833247891,-3.791868488300538,1.7137074271361237,3.1807743626833123,2.4726249625487005,3.004975573265916,-0.3323096953934288,1.830740442424072,0.2146049588102726,2.504853224204341
33.0,52.0,1000.5648193359376,-4.37480797913361,-3.7944956353443633,1.7135320481825889,3.180718273949756,2.472759719361343,3.0041690767182208,-0.3323088920305439,1.830351350020007,0.2100839624715045,2.500187130008367
33.0,52.0,1000.5648193359376,-4.381665078193214,-3.795311343748701,1.7113066462390565,3.180772944277795,2.472621746048604,3.003933364677469,-0.3323097936874976,1.8307286181074744,0.2146045491962216,2.5041195106953924
33.0,52.0,1000.5648803710938,-4.378802226394903,-3.795346806951102,1.7128336949751573,3.1807731253771365,2.472614423789464,3.003916812334921,-0.3323088955613887,1.8306585803351128,0.2145615464937279,2.504158511098509
33.0,52.0,1000.5648803710938,-4.378802226394903,-3.795346806951102,1.7128336949751573,3.1807731253771365,2.472614423789464,3.003916812334921,-0.3323088955613887,1.8306585803351128,0.2145615464937279,2.504158511098509
33.0,52.0,1000.56494140625,-4.378802226394903,-3.795346806951102,1.7127967006918277,3.1807731253771365,2.472614307851085,3.003916812334921,-0.332309669598674,1.8306585803351128,0.2145615507547091,2.504169685316178
33.0,52.0,1000.5653686523438,-4.375904022973677,-3.794479985637707,1.7133323992872764,3.180772938781532,2.4727543127480454,3.00393012102238,-0.3323098334009152,1.8307284940340696,0.2146045491962216,2.5042028385179544
33.0,52.0,1000.5654907226562,-4.374784428109221,-3.7953442600796974,1.7135369030288183,3.179889487293487,2.472752921021147,2.9500704508992053,-0.3323088822172627,1.83828904445588,0.213416601172019,2.505241056762086
33.0,52.0,1000.5657348632812,-4.374027980290452,-3.7953468808179633,1.7137074271361237,3.1807743626833123,2.4726249625487005,3.004953909982412,-0.3323096953934288,1.82989818642462,0.2145448599062823,2.504853224204341
33.0,52.0,1000.5657348632812,-4.374344012466587,-3.7953442600796974,1.7135369030288183,3.180764358865089,2.472752924192523,2.9500704508992053,-0.3323088822172627,1.8380549802464263,0.213416601172019,2.505241056762086
33.0,52.0,1000.5657958984376,-4.374796477262465,-3.7953442600796974,1.7067863330407862,3.1807743626833123,2.472625048366501,2.9500704508992053,-0.3323088794611015,1.838007506273709,0.2151679023063298,2.50498389001002
33.0,52.0,1000.5657958984376,-4.375578635482271,-3.7953442600796974,1.7131423555653105,3.180708019057434,2.472626217485161,3.0066680270603507,-0.33230890805647,1.830271328289605,0.2135472586978735,2.508825921944584
33.0,52.0,1000.56591796875,-4.374789458594616,-3.7953442600796974,1.7067863330407862,3.1807743626833123,2.472752921021147,2.9500704508992053,-0.3323088794611015,1.8382887699313208,0.2151679023063298,2.50498389001002
33.0,52.0,1000.56591796875,-4.374789458594616,-3.7953442600796974,1.7067863330407862,3.1807743626833123,2.472752921021147,2.9500704508992053,-0.3323088794611015,1.8382887699313208,0.2151679023063298,2.50498389001002
33.0,52.0,1000.56591796875,-4.374789458594616,-3.7953442600796974,1.7065301961841148,3.1807246444536057,2.472752921021147,2.9500704508992053,-0.3323088794611015,1.8382887699313208,0.2150907575171396,2.5049858794896007
33.0,52.0,1000.56591796875,-4.374789458594616,-3.7953442600796974,1.7067863330407862,3.1807743626833123,2.472752921021147,2.9500704508992053,-0.3323088794611015,1.8382887699313208,0.2151679023063298,2.50498389001002
33.0,52.0,1000.5660400390624,-4.374784285114042,-3.7953442600796974,1.7135369030288183,3.1807686691600607,2.472752921021147,2.9500704508992053,-0.3323088794877304,1.83828904445588,0.2151697911074298,2.505228929680529
33.0,52.0,1000.5660400390624,-4.374784285114042,-3.7953442600796974,1.7135369030288183,3.1807744553663544,2.472752921021147,2.9500704508992053,-0.3323088794874704,1.83828904445588,0.2151697911074298,2.505228929680529
33.0,52.0,1000.5662231445312,-4.374784428109221,-3.7953442600796974,1.7135369030288183,3.1799357624118985,2.472752921021147,2.9500704508992053,-0.3323088822172627,1.83828904445588,0.2134944145722312,2.504190769848225
33.0,52.0,1000.5662231445312,-4.376710368747494,-3.7953442600796974,1.706532709052072,3.1807280875649004,2.4726249594347114,2.9500704508992053,-0.3323088794611015,1.838007506273709,0.2150900889061176,2.5052857267475166
33.0,52.0,1000.5662841796876,-4.376710368747494,-3.7953442600796974,1.706532709052072,3.1807280875649004,2.4726249594347114,2.9500704508992053,-0.3323088794611015,1.838007506273709,0.2151701661719548,2.5052834917862543
33.0,52.0,1000.5663452148438,-4.374027980290452,-3.7953467495870687,1.7137074271361237,3.180707687924828,2.47262619650306,3.0049768092085896,-0.3323098336543775,1.830265358631284,0.2145641073850264,2.5048468705696494
33.0,52.0,1000.5664672851562,-4.374789458594616,-3.795474636817408,1.707101298050286,3.1807743626833123,2.472752921021147,2.9500704508992053,-0.3323088794611015,1.838536644365008,0.2151679023063298,2.504194901569892
33.0,53.0,1000.5576171875,-4.381472909630912,-3.791887715689892,1.7133470382615823,3.180718273949756,2.4726236554590004,3.0041690767182208,-0.3323088523073134,1.830351350020007,0.2100839624715045,2.500187130008367
33.0,53.0,1000.5576171875,-4.381472909630912,-3.7918877399557216,1.7133470382615823,3.1807180685066694,2.4727487382595768,3.0041495785755585,-0.3323088523073134,1.830351350020007,0.2100839624715045,2.500187130008367
33.0,53.0,1000.5592651367188,-4.381775102542536,-3.795311343748701,1.7113066462390565,3.180772944277795,2.472621746048604,3.0039911050218056,-0.3323097989447486,1.8302785540545103,0.2098040830902798,2.5003985560808606
33.0,53.0,1000.5595092773438,-4.381897076712429,-3.791857037160896,1.7133466606826762,3.180772938781532,2.472630087203766,3.003910620849778,-0.3323089556139806,1.8305047423335687,0.2146045491962216,2.5041565294639336
33.0,53.0,1000.5595092773438,-4.381897076712429,-3.791857037160896,1.7133466606826762,3.1807709625967875,2.472630087203766,3.003910620849778,-0.3323089490588242,1.8305047423335687,0.2146045491962216,2.504190159621833
33.0,53.0,1000.5595092773438,-4.381897076712429,-3.791857037160896,1.7133466606826762,3.180772938781532,2.472630087203766,3.003910620849778,-0.332308936172155,1.8305047423335687,0.2146045491962216,2.5041565294639336
33.0,53.0,1000.5596923828124,-4.381665078193214,-3.791857037160896,1.7133477059592377,3.180772938781532,2.472750772557851,3.00393012102238,-0.3323097936776846,1.8307284940340696,0.2146045491962216,2.5042028385179544
33.0,53.0,1000.5596923828124,-4.381665078193214,-3.791857037160896,1.7133466606826762,3.180772938781532,2.4727583906434245,3.00393012102238,-0.3323089556139806,1.8307220979837464,0.2146045491962216,2.5041565294639336
33.0,53.0,1000.5596923828124,-4.381665078193214,-3.791857037160896,1.7133477059592377,3.180772938781532,2.472750772557851,3.00393012102238,-0.3323097936776846,1.8307284940340696,0.2146045491962216,2.5042028385179544
33.0,53.0,1000.5596923828124,-4.381897076712429,-3.791857037160896,1.7133466606826762,3.180772938781532,2.472757954451436,3.004173236088373,-0.3323089556139806,1.830507102966889,0.2146045491962216,2.5041565294639336
33.0,53.0,1000.5596923828124,-4.381665078193214,-3.791857037160896,1.7133477059592377,3.180772938781532,2.472750772557851,3.00393012102238,-0.3323097936776846,1.8307284940340696,0.2146045491962216,2.5042028385179544
33.0,53.0,1000.5596923828124,-4.381665078193214,-3.791857037160896,1.7133477059592377,3.180772938781532,2.472750772557851,3.00393012102238,-0.3323097936776846,1.8307284940340696,0.2146045491962216,2.5042028385179544
33.0,53.0,1000.5597534179688,-4.381665078193214,-3.791857037160896,1.7133466606826762,3.180772938781532,2.472755458706376,3.003933426349378,-0.3323089556139806,1.83072860195856,0.2146045491962216,2.504161307997042
33.0,53.0,1000.5601806640624,-4.379427945270834,-3.7918609240236014,1.7134390061065077,3.1798911497479336,2.472750772557851,3.00393012102238,-0.3323097977994965,1.8307284940340696,0.2146434513598234,2.5041829264276574
33.0,53.0,1000.560302734375,-4.3795837292517215,-3.791913449949445,1.7133477059592377,3.1798911497479336,2.472750772557851,3.00393012102238,-0.3323097977994965,1.8307284940340696,0.2146434513598234,2.5038589048560755
33.0,53.0,1000.560302734375,-4.3795837292517215,-3.791913449949445,1.7133477059592377,3.1798937745192988,2.472627210061948,3.00393012102238,-0.3323097978390651,1.8307284940340696,0.2146434513598234,2.5038418879437496
33.0,53.0,1000.5604858398438,-4.379427945270834,-3.7918609240236014,1.7134390061065077,3.1807616478777483,2.472625094915883,3.00393012102238,-0.3323097977994965,1.830486219028548,0.214603666317269,2.504229319446598
33.0,53.0,1000.5604858398438,-4.379427945270834,-3.7918609538231705,1.713432425909279,3.1807607523241272,2.472625094915883,3.00393012102238,-0.3323097977994965,1.830486219028548,0.2146293588273379,2.504229319446598
33.0,53.0,1000.5604858398438,-4.379427945270834,-3.79218549370175,1.7134390061065077,3.1807616478777483,2.4727511263901643,3.0039298157366594,-0.3323097977172409,1.8298773611942527,0.214603666317269,2.504202971372148
33.0,53.0,1000.560791015625,-4.379317856703868,-3.79531565941844,1.7133506854747975,3.180731169563176,2.472626775757008,3.0037467723812017,-0.3323088926739777,1.8303013964344128,0.2100503552214526,2.500231970671058
33.0,53.0,1000.5609741210938,-4.379681152290454,-3.79531565941844,1.7133476868636497,3.180733596592096,2.4726269775540963,3.005660946391961,-0.3323089377231566,1.8303013964344128,0.2100503552214526,2.500231970671058
33.0,53.0,1000.5618286132812,-4.381665078193214,-3.791857037160896,1.7132444383891607,3.180773009113178,2.472750772557851,3.0068020286407817,-0.3323097936776846,1.8303127371373136,0.2146045491956196,2.5042028385179544
33.0,53.0,1000.5619506835938,-4.381428225235774,-3.795335429678322,1.7133477059592377,3.180772938781532,2.472750772557851,3.003908457738876,-0.3323097936776846,1.829886238034618,0.2145444502922312,2.5042028385179544
33.0,53.0,1000.5624389648438,-4.376513533848399,-3.791857037160896,1.7137073485562035,3.1807729477412297,2.472625457440103,3.00393012102238,-0.3323096792971949,1.8307404836371768,0.2146098046171628,2.5042028385179544
33.0,53.0,1000.5628051757812,-4.3764947966391965,-3.791857037160896,1.713432611301125,3.1807729477412297,2.472625461035389,3.00393012102238,-0.33230895411125,1.8307284940340696,0.2151311088869173,2.5042028385179544
33.0,53.0,1000.5628051757812,-4.37883904792425,-3.79194783620718,1.7128336949751573,3.1807731253771365,2.472614423789464,3.0066007019586327,-0.3323088955613887,1.8306585803351128,0.2145563313203493,2.5042056414144573
33.0,53.0,1000.5628051757812,-4.381628256663867,-3.7952560079048174,1.7132444383891607,3.180773009113178,2.472750772557851,3.004118139017069,-0.3323097936776846,1.8303127371373136,0.2146097643689981,2.5041557082020063
33.0,53.0,1000.5628662109376,-4.376650580620083,-3.791909563086738,1.713341311153855,3.1807729477412297,2.472625461035389,3.00393012102238,-0.33230895411125,1.8307284940340696,0.2151311088869173,2.503878816946373
33.0,53.0,1000.5628662109376,-4.376658327152474,-3.7918565797887953,1.713341311153855,3.1807729477412297,2.472625461035389,3.00393012102238,-0.33230895411125,1.8307284940340696,0.2151311088869173,2.503878816946373
33.0,53.0,1000.5628662109376,-4.376658327152474,-3.7918565797887953,1.713341311153855,3.1807729477412297,2.472625461035389,3.00393012102238,-0.33230895411125,1.8307284940340696,0.2151311088869173,2.503878816946373
33.0,53.0,1000.563232421875,-4.3758207740770585,-3.7918609240236014,1.7134390061065077,3.1798911497479336,2.4727509743549394,3.005850421021444,-0.3323097888961665,1.8307284940340696,0.2146434513598234,2.5041829264276574
33.0,53.0,1000.5634765625,-4.375214618887,-3.791857037160896,1.7133466606826762,3.180772938781532,2.472758462732535,3.00393012102238,-0.332308955686337,1.8307220979837464,0.2146045491962216,2.5041565294639336
33.0,53.0,1000.5635375976562,-4.374939304578078,-3.791857037160896,1.7137487010754324,3.180772938781532,2.472751096084469,3.00393012102238,-0.3323089259918531,1.8307284940340696,0.2146045491962216,2.504833819550832
33.0,53.0,1000.5635375976562,-4.374939304578078,-3.791857037160896,1.7137487010754324,3.180772938781532,2.472751096084469,3.00393012102238,-0.3323089259918531,1.8307284940340696,0.2146045491962216,2.504833819550832
33.0,53.0,1000.5635986328124,-4.374939304578078,-3.7918570128950666,1.7137487010754324,3.1807731442246183,2.4726260132838926,3.003949619165042,-0.3323089259918531,1.8307284940340696,0.2146045491962216,2.504833819550832
33.0,53.0,1000.563720703125,-4.375711854411375,-3.7945106641667024,1.7133317315896213,3.180718273949756,2.4726271956491948,3.0041690767182208,-0.3323088920305439,1.830351350020007,0.2100839624715045,2.500187130008367
33.0,53.0,1000.563720703125,-4.380753753905587,-3.7953468808179633,1.7133434263032583,3.1807743626833123,2.472625988588552,3.004953909982412,-0.3323097896642638,1.830490597440012,0.2145641031240452,2.504204715319104
33.0,53.0,1000.563720703125,-4.375711854411375,-3.7945106641667024,1.7133317315896213,3.180718273949756,2.4726271956491948,3.0041690767182208,-0.3323088920305439,1.830351350020007,0.2100839624715045,2.500187130008367
33.0,53.0,1000.5638427734376,-4.381665078193214,-3.795311343748701,1.7133477059592377,3.180772854762202,2.472621746048604,3.003739530340014,-0.3323097936874976,1.8307284940340696,0.2146045491962216,2.5041195106953924
33.0,53.0,1000.5638427734376,-4.381719834080589,-3.795311343748701,1.713349793820974,3.180772854762202,2.4726262710216966,3.003739530340014,-0.3323097936874976,1.8307284940340696,0.2146045491962216,2.504119111430679
33.0,53.0,1000.5638427734376,-4.381665078193214,-3.795311343748701,1.7133477059592377,3.1807702299908374,2.4727453085445066,3.003739530340014,-0.3323097936479289,1.8307284940340696,0.2146045491962216,2.5041365276077188
33.0,53.0,1000.5639038085938,-4.374729783338434,-3.791857037160896,1.7133466606826762,3.180718541382297,2.472759729687943,3.00393012102238,-0.3323089508307107,1.8307220979837464,0.2146045491962216,2.5041565294639336
33.0,53.0,1000.56396484375,-4.381940025748867,-3.7953772422480943,1.7062437761632865,3.18654004482194,2.4726179366895886,3.0041878544724625,-0.3323089031938636,1.830299657554374,0.2103514335487997,2.50389633860902
33.0,53.0,1000.5640869140624,-4.381665078193214,-3.795469010870944,1.7133477059592377,3.1807729016761885,2.472750772557851,3.00393012102238,-0.3323097996680806,1.8307284940340696,0.2146045491962216,2.5042043695575416
33.0,53.0,1000.5640869140624,-4.381735647111697,-3.795378059133452,1.7062437761632865,3.18654004482194,2.4726271956491948,3.0041878544724625,-0.3323089031938636,1.8303330765606087,0.2103767178679067,2.5041458128003944
33.0,53.0,1000.564208984375,-4.381735647111697,-3.795377770236644,1.706479937964171,3.18654004482194,2.4726271956491948,3.0041918734533746,-0.3323088920305439,1.8303330765606087,0.2103767178679067,2.500218318071449
33.0,53.0,1000.5643920898438,-4.375710685510093,-3.79531565941844,1.7133506854747975,3.180731169563176,2.4726269775540963,3.005667072380265,-0.3323088837706477,1.8303013964344128,0.2100503552214526,2.500231970671058
33.0,53.0,1000.564697265625,-4.374264833247891,-3.791868488300538,1.7137074271361237,3.1807743626833123,2.4726249625487005,3.004975573265916,-0.3323096953934288,1.830740442424072,0.2146049588102726,2.504853224204341
33.0,53.0,1000.5648193359376,-4.37480797913361,-3.7944956353443633,1.7135320481825889,3.180718273949756,2.472759719361343,3.0041690767182208,-0.3323088920305439,1.830351350020007,0.2100839624715045,2.500187130008367
33.0,53.0,1000.5648193359376,-4.381665078193214,-3.795311343748701,1.7113066462390565,3.180772944277795,2.472621746048604,3.003933364677469,-0.3323097936874976,1.8307286181074744,0.2146045491962216,2.5041195106953924
33.0,54.0,1000.5576171875,-4.381472909630912,-3.791887715689892,1.7133470382615823,3.180718273949756,2.4726236554590004,3.0041690767182208,-0.3323088523073134,1.830351350020007,0.2100839624715045,2.500187130008367
33.0,54.0,1000.5576171875,-4.381472909630912,-3.7918877399557216,1.7133470382615823,3.1807180685066694,2.4727487382595768,3.0041495785755585,-0.3323088523073134,1.830351350020007,0.2100839624715045,2.500187130008367
33.0,54.0,1000.5576171875,-4.381472909630912,-3.7918877399557216,1.7133470382615823,3.1807180685066694,2.4727487382595768,3.0041495785755585,-0.3323088523073134,1.830351350020007,0.2100839624715045,2.500187130008367
33.0,54.0,1000.55908203125,-4.381822858559695,-3.795311343748701,1.7113069687876854,3.179885589795867,2.472621722721116,3.0039892240847528,-0.3323097989462015,1.8302718540026923,0.2098040830902798,2.5002671931750804
33.0,54.0,1000.5592651367188,-4.381775102542536,-3.795311343748701,1.7113066462390565,3.180772944277795,2.472621746048604,3.0039911050218056,-0.3323097989447486,1.8302785540545103,0.2098040830902798,2.5003985560808606
33.0,54.0,1000.5593872070312,-4.381672056796969,-3.79531565941844,1.713244690149814,3.180731169563176,2.472623524356047,3.0037467723812017,-0.3323088926739777,1.8303013964344128,0.2100586983260114,2.500231970671058
33.0,54.0,1000.5595092773438,-4.381897076712429,-3.791857037160896,1.7133466606826762,3.180772938781532,2.472630087203766,3.003910620849778,-0.3323089556139806,1.8305047423335687,0.2146045491962216,2.5041565294639336
33.0,54.0,1000.5595092773438,-4.381897076712429,-3.791857037160896,1.7133466606826762,3.1807709625967875,2.472630087203766,3.003910620849778,-0.3323089490588242,1.8305047423335687,0.2146045491962216,2.504190159621833
33.0,54.0,1000.5595092773438,-4.381897076712429,-3.791857037160896,1.7133466606826762,3.180772938781532,2.472630087203766,3.003910620849778,-0.332308936172155,1.8305047423335687,0.2146045491962216,2.5041565294639336
33.0,54.0,1000.5595092773438,-4.381897076712429,-3.791857037160896,1.7137023149135462,3.1807729395074915,2.472630325795514,3.003910620849778,-0.332308936172155,1.8307268306262936,0.2146100934092156,2.5041565294639336
33.0,54.0,1000.5596923828124,-4.381665078193214,-3.791857037160896,1.7133477059592377,3.180772938781532,2.472750772557851,3.00393012102238,-0.3323097936776846,1.8307284940340696,0.2146045491962216,2.5042028385179544
33.0,54.0,1000.5596923828124,-4.381665078193214,-3.791857037160896,1.7133466606826762,3.180772938781532,2.4727583906434245,3.00393012102238,-0.3323089556139806,1.8307220979837464,0.2146045491962216,2.5041565294639336
33.0,54.0,1000.5596923828124,-4.381665078193214,-3.791857037160896,1.7133477059592377,3.180772938781532,2.472750772557851,3.00393012102238,-0.3323097936776846,1.8307284940340696,0.2146045491962216,2.5042028385179544
33.0,54.0,1000.5596923828124,-4.381897076712429,-3.791857037160896,1.7133466606826762,3.180772938781532,2.472757954451436,3.004173236088373,-0.3323089556139806,1.830507102966889,0.2146045491962216,2.5041565294639336
33.0,54.0,1000.5596923828124,-4.381665078193214,-3.791857037160896,1.7133477059592377,3.180772938781532,2.472750772557851,3.00393012102238,-0.3323097936776846,1.8307284940340696,0.2146045491962216,2.5042028385179544
33.0,54.0,1000.5596923828124,-4.381665078193214,-3.791857037160896,1.7133477059592377,3.180772938781532,2.472750772557851,3.00393012102238,-0.3323097936776846,1.8307284940340696,0.2146045491962216,2.5042028385179544
33.0,54.0,1000.5596923828124,-4.381665078193214,-3.791857037160896,1.7133410578890174,3.180772938781532,2.4727583906434245,3.00393012102238,-0.3323089556139806,1.830722202631181,0.2145896576096978,2.5041565294639336
33.0,54.0,1000.5596923828124,-4.381665078193214,-3.791857037160896,1.7133466606826762,3.180772938781532,2.4727583906434245,3.00393012102238,-0.3323089556139806,1.8307220979837464,0.2146045491962216,2.5041565294639336
33.0,54.0,1000.5596923828124,-4.381715252690055,-3.791857037160896,1.71335828805482,3.180772938781532,2.472749994646986,3.00393012102238,-0.3323097936776846,1.8307284940340696,0.2146243968187001,2.5042028385179544
33.0,54.0,1000.5596923828124,-4.381665078193214,-3.791857037160896,1.7133477059592377,3.180772938781532,2.472750772557851,3.00393012102238,-0.3323097936776846,1.8307284940340696,0.2146045491962216,2.5042028385179544
33.0,54.0,1000.5596923828124,-4.381665078193214,-3.791857037160896,1.7133477059592377,3.180772938781532,2.472750772557851,3.003930380319612,-0.3323097936776846,1.8307284940340696,0.2146045491962216,2.5042028385179544
33.0,54.0,1000.5596923828124,-4.381665078193214,-3.791857037160896,1.7133477059592377,3.180772938781532,2.472750772557851,3.00393012102238,-0.3323097936776846,1.8307284940340696,0.2146045491962216,2.5042028385179544
33.0,54.0,1000.5596923828124,-4.381431854751908,-3.791798123994364,1.7133477059592377,3.180772938781532,2.472750772557851,3.003908457738876,-0.3323097936776846,1.8307121731477407,0.2145444502922312,2.5042028385179544
33.0,54.0,1000.5597534179688,-4.381665078193214,-3.791857037160896,1.7133466606826762,3.180772938781532,2.472755458706376,3.003933426349378,-0.3323089556139806,1.83072860195856,0.2146045491962216,2.504161307997042
33.0,54.0,1000.5599365234376,-4.381865861591195,-3.7953546380555694,1.7133476868636497,3.180733596592096,2.4726269775540963,3.005660946391961,-0.3323089377231566,1.8303013964344128,0.2100503552214526,2.500231970671058
33.0,54.0,1000.5601806640624,-4.379427945270834,-3.7918609240236014,1.7134390061065077,3.1798911497479336,2.472750772557851,3.00393012102238,-0.3323097977994965,1.8307284940340696,0.2146434513598234,2.5041829264276574
33.0,54.0,1000.5601806640624,-4.379213641110899,-3.791857037160896,1.7134449711955877,3.179881667533988,2.472751096084469,3.00393012102238,-0.3323089389035624,1.8307284940340696,0.2146440902127501,2.504833819550832
33.0,54.0,1000.5602416992188,-4.3795837292517215,-3.791913449949445,1.7133477059592377,3.179825952756621,2.4727505007984707,3.00393012102238,-0.3323098145357435,1.830722100331568,0.2146052029737999,2.5038589048560755
33.0,54.0,1000.560302734375,-4.3795837292517215,-3.791913449949445,1.7133477059592377,3.1798911497479336,2.472750772557851,3.00393012102238,-0.3323097977994965,1.8307284940340696,0.2146434513598234,2.5038589048560755
33.0,54.0,1000.560302734375,-4.3795837292517215,-3.791913449949445,1.7133477059592377,3.1798937745192988,2.472627210061948,3.00393012102238,-0.3323097978390651,1.8307284940340696,0.2146434513598234,2.5038418879437496
33.0,54.0,1000.5604858398438,-4.379427945270834,-3.7918609240236014,1.7134390061065077,3.1807616478777483,2.472625094915883,3.00393012102238,-0.3323097977994965,1.830486219028548,0.214603666317269,2.504229319446598
33.0,54.0,1000.5604858398438,-4.379427945270834,-3.7918609538231705,1.713432425909279,3.1807607523241272,2.472625094915883,3.00393012102238,-0.3323097977994965,1.830486219028548,0.2146293588273379,2.504229319446598
33.0,54.0,1000.5604858398438,-4.379427945270834,-3.79218549370175,1.7134390061065077,3.1807616478777483,2.4727511263901643,3.0039298157366594,-0.3323097977172409,1.8298773611942527,0.214603666317269,2.504202971372148
33.0,54.0,1000.5604858398438,-4.379712367411687,-3.791818058523766,1.7133466606826762,3.180772938781532,2.472757954451436,3.004173236088373,-0.3323089556139806,1.830507102966889,0.2146045491962216,2.5041565294639336
33.0,54.0,1000.5607299804688,-4.379535973234563,-3.791913449949445,1.7133473834106083,3.180778504229861,2.4727507958853385,3.003932001959433,-0.3323097977980436,1.830735194085888,0.2146434513598234,2.503990267761856
33.0,54.0,1000.560791015625,-4.379317856703868,-3.79531565941844,1.7133506854747975,3.180731169563176,2.472626775757008,3.0037467723812017,-0.3323088926739777,1.8303013964344128,0.2100503552214526,2.500231970671058
33.0,54.0,1000.5609741210938,-4.379681152290454,-3.79531565941844,1.7133476868636497,3.180733596592096,2.4726269775540963,3.005660946391961,-0.3323089377231566,1.8303013964344128,0.2100503552214526,2.500231970671058
33.0,54.0,1000.5615234375,-4.381665078193214,-3.791857037160896,1.713363468389426,3.180772938781532,2.472750772557851,3.006723239992279,-0.3323097936776846,1.8307192001464647,0.2146045491962161,2.5042028385179544
33.0,54.0,1000.5618286132812,-4.381665078193214,-3.791857037160896,1.7132444383891607,3.180773009113178,2.472750772557851,3.0068020286407817,-0.3323097936776846,1.8303127371373136,0.2146045491956196,2.5042028385179544
33.0,54.0,1000.5619506835938,-4.381428225235774,-3.795335429678322,1.7133477059592377,3.180772938781532,2.472750772557851,3.003908457738876,-0.3323097936776846,1.829886238034618,0.2145444502922312,2.5042028385179544
33.0,54.0,1000.5620727539062,-4.376658327152474,-3.791869202403363,1.7133411822915288,3.1807729477412297,2.4726269089613124,3.00393012102238,-0.3323089541060577,1.8307284940340696,0.2098547668625541,2.500249874625176
33.0,54.0,1000.5624389648438,-4.376513533848399,-3.791857037160896,1.7137073485562035,3.1807729477412297,2.472625457440103,3.00393012102238,-0.3323096792971949,1.8307404836371768,0.2146098046171628,2.5042028385179544
33.0,54.0,1000.5626831054688,-4.379310878100114,-3.791857037160896,1.713350433714144,3.180773009113178,2.472754023958812,3.0068020286407817,-0.3323097936776846,1.8303127371373136,0.2145962060910609,2.5042028385179544
33.0,54.0,1000.5628051757812,-4.3764947966391965,-3.791857037160896,1.713432611301125,3.1807729477412297,2.472625461035389,3.00393012102238,-0.33230895411125,1.8307284940340696,0.2151311088869173,2.5042028385179544
33.0,54.0,1000.5628051757812,-4.37883904792425,-3.79194783620718,1.7128336949751573,3.1807731253771365,2.472614423789464,3.0066007019586327,-0.3323088955613887,1.8306585803351128,0.2145563313203493,2.5042056414144573
33.0,54.0,1000.5628051757812,-4.381628256663867,-3.7952560079048174,1.7132444383891607,3.180773009113178,2.472750772557851,3.004118139017069,-0.3323097936776846,1.8303127371373136,0.2146097643689981,2.5041557082020063
33.0,54.0,1000.5628051757812,-4.378818170237517,-3.79194783620718,1.7128336949751573,3.1807731261917214,2.4727600517486485,3.0066007019586327,-0.3323088974809546,1.8307275029841268,0.2145563313203493,2.504210601228441
33.0,54.0,1000.5628662109376,-4.376650580620083,-3.791909563086738,1.713341311153855,3.1807729477412297,2.472625461035389,3.00393012102238,-0.33230895411125,1.8307284940340696,0.2151311088869173,2.503878816946373
33.0,54.0,1000.5628662109376,-4.376658327152474,-3.7918565797887953,1.713341311153855,3.1807729477412297,2.472625461035389,3.00393012102238,-0.33230895411125,1.8307284940340696,0.2151311088869173,2.503878816946373
33.0,54.0,1000.5628662109376,-4.376658327152474,-3.7918565797887953,1.713341311153855,3.1807729477412297,2.472625461035389,3.00393012102238,-0.33230895411125,1.8307284940340696,0.2151311088869173,2.503878816946373
33.0,55.0,1000.556884765625,-4.381819337840787,-3.791887715689892,1.7133470382615823,3.179861528627661,2.4726236554590004,3.0039971327515187,-0.3323098233321653,1.8302718261222213,0.2100839624715045,2.500187130008367
33.0,55.0,1000.5571899414062,-4.381905100908243,-3.791857037160896,1.7133466606826762,3.180772938781532,2.472630087203766,3.003895978710347,-0.332308936172155,1.8305047423335687,0.2096287293373245,2.5002972612568777
33.0,55.0,1000.5576171875,-4.381472909630912,-3.791887715689892,1.7133470382615823,3.180718273949756,2.4726236554590004,3.0041690767182208,-0.3323088523073134,1.830351350020007,0.2100839624715045,2.500187130008367
33.0,55.0,1000.5576171875,-4.381472909630912,-3.7918877399557216,1.7133470382615823,3.1807180685066694,2.4727487382595768,3.0041495785755585,-0.3323088523073134,1.830351350020007,0.2100839624715045,2.500187130008367
33.0,55.0,1000.5576171875,-4.381472909630912,-3.7918877399557216,1.7133470382615823,3.1807180685066694,2.4727487382595768,3.0041495785755585,-0.3323088523073134,1.830351350020007,0.2100839624715045,2.500187130008367
33.0,55.0,1000.5576171875,-4.381472909630912,-3.791887740863099,1.7133470382615823,3.180718071805839,2.4726236554590004,3.004170290520027,-0.3323088523073134,1.830351350020007,0.2100839624715045,2.500187130008367
33.0,55.0,1000.55908203125,-4.381822858559695,-3.795311343748701,1.7113069687876854,3.179885589795867,2.472621722721116,3.0039892240847528,-0.3323097989462015,1.8302718540026923,0.2098040830902798,2.5002671931750804
33.0,55.0,1000.5592651367188,-4.381775102542536,-3.795311343748701,1.7113066462390565,3.180772944277795,2.472621746048604,3.0039911050218056,-0.3323097989447486,1.8302785540545103,0.2098040830902798,2.5003985560808606
33.0,55.0,1000.5593872070312,-4.381672056796969,-3.79531565941844,1.713244690149814,3.180731169563176,2.472623524356047,3.0037467723812017,-0.3323088926739777,1.8303013964344128,0.2100586983260114,2.500231970671058
33.0,55.0,1000.5593872070312,-4.37966369774217,-3.79187014888674,1.713347671089469,3.180733596592096,2.4727403738447493,3.005653566637088,-0.3323088503353187,1.8303013964344128,0.2100843943534061,2.500231970671058
33.0,55.0,1000.5594482421876,-4.381672266337946,-3.795311234363044,1.7131742516890676,3.180731169563176,2.472623476441103,3.0039929786814854,-0.3323088926739777,1.8303013964344128,0.2100586983260114,2.500231970671058
33.0,55.0,1000.5595092773438,-4.381897076712429,-3.791857037160896,1.7133466606826762,3.180772938781532,2.472630087203766,3.003910620849778,-0.3323089556139806,1.8305047423335687,0.2146045491962216,2.5041565294639336
33.0,55.0,1000.5595092773438,-4.381897076712429,-3.791857037160896,1.7133466606826762,3.1807709625967875,2.472630087203766,3.003910620849778,-0.3323089490588242,1.8305047423335687,0.2146045491962216,2.504190159621833
33.0,55.0,1000.5595092773438,-4.381897076712429,-3.791857037160896,1.7133466606826762,3.180772938781532,2.472630087203766,3.003910620849778,-0.332308936172155,1.8305047423335687,0.2146045491962216,2.5041565294639336
33.0,55.0,1000.5595092773438,-4.381897076712429,-3.791857037160896,1.7137023149135462,3.1807729395074915,2.472630325795514,3.003910620849778,-0.332308936172155,1.8307268306262936,0.2146100934092156,2.5041565294639336
33.0,55.0,1000.5595092773438,-4.381893584984079,-3.791857037160896,1.7133466606826762,3.1807709625967875,2.472631445715039,3.003909977967857,-0.3323089490588242,1.8304905563788785,0.2146045491962216,2.504190159621833
33.0,55.0,1000.5595092773438,-4.381897076712429,-3.791857037160896,1.7133466606826762,3.180772938781532,2.4726229501545784,3.003910620849778,-0.3323089556139806,1.8305047423335687,0.2146045491962216,2.5041565294639336
33.0,55.0,1000.5595092773438,-4.3818985549250336,-3.791857037160896,1.7133466535977178,3.180772938781532,2.4727504866844083,3.003930232994592,-0.3323096562698512,1.8305073849497624,0.2146045491962216,2.504155391489135
33.0,55.0,1000.5595703125,-4.381665078193214,-3.791857037160896,1.7133477059592377,3.180772938781532,2.472750772557851,3.003910681769136,-0.3323097936776846,1.8305189360304328,0.2146045491962216,2.5042028385179544
33.0,55.0,1000.5595703125,-4.381777712516057,-3.791883723756568,1.7137023149135462,3.1807729395074915,2.4726220468018543,3.003910620849778,-0.332308936172155,1.8307268306262936,0.2146100934092156,2.5041565294639336
33.0,55.0,1000.5596313476562,-4.381665078193214,-3.791857037160896,1.7132443831065556,3.180773009113178,2.472750772557851,3.004000547439593,-0.3323098357857929,1.8303163002718084,0.2146045491956226,2.504159092238208
33.0,55.0,1000.5596313476562,-4.381897076712429,-3.791857037160896,1.7133466606826762,3.1807709625967875,2.472630087203766,3.0039300601030225,-0.3323089490588242,1.8307143003372064,0.2146045491962216,2.504190159621833
33.0,55.0,1000.5596923828124,-4.381665078193214,-3.791857037160896,1.7133477059592377,3.180772938781532,2.472750772557851,3.00393012102238,-0.3323097936776846,1.8307284940340696,0.2146045491962216,2.5042028385179544
33.0,55.0,1000.5596923828124,-4.381665078193214,-3.791857037160896,1.7133466606826762,3.180772938781532,2.4727583906434245,3.00393012102238,-0.3323089556139806,1.8307220979837464,0.2146045491962216,2.5041565294639336
33.0,55.0,1000.5596923828124,-4.381665078193214,-3.791857037160896,1.7133477059592377,3.180772938781532,2.472750772557851,3.00393012102238,-0.3323097936776846,1.8307284940340696,0.2146045491962216,2.5042028385179544
33.0,55.0,1000.5596923828124,-4.381897076712429,-3.791857037160896,1.7133466606826762,3.180772938781532,2.472757954451436,3.004173236088373,-0.3323089556139806,1.830507102966889,0.2146045491962216,2.5041565294639336
33.0,55.0,1000.5596923828124,-4.381665078193214,-3.791857037160896,1.7133477059592377,3.180772938781532,2.472750772557851,3.00393012102238,-0.3323097936776846,1.8307284940340696,0.2146045491962216,2.5042028385179544
33.0,55.0,1000.5596923828124,-4.381665078193214,-3.791857037160896,1.7133477059592377,3.180772938781532,2.472750772557851,3.00393012102238,-0.3323097936776846,1.8307284940340696,0.2146045491962216,2.5042028385179544
33.0,55.0,1000.5596923828124,-4.381665078193214,-3.791857037160896,1.7133410578890174,3.180772938781532,2.4727583906434245,3.00393012102238,-0.3323089556139806,1.830722202631181,0.2145896576096978,2.5041565294639336
33.0,55.0,1000.5596923828124,-4.381665078193214,-3.791857037160896,1.7133466606826762,3.180772938781532,2.4727583906434245,3.00393012102238,-0.3323089556139806,1.8307220979837464,0.2146045491962216,2.5041565294639336
33.0,55.0,1000.5596923828124,-4.381715252690055,-3.791857037160896,1.71335828805482,3.180772938781532,2.472749994646986,3.00393012102238,-0.3323097936776846,1.8307284940340696,0.2146243968187001,2.5042028385179544
33.0,55.0,1000.5596923828124,-4.381665078193214,-3.791857037160896,1.7133477059592377,3.180772938781532,2.472750772557851,3.00393012102238,-0.3323097936776846,1.8307284940340696,0.2146045491962216,2.5042028385179544
33.0,55.0,1000.5596923828124,-4.381665078193214,-3.791857037160896,1.7133477059592377,3.180772938781532,2.472750772557851,3.003930380319612,-0.3323097936776846,1.8307284940340696,0.2146045491962216,2.5042028385179544
33.0,55.0,1000.5596923828124,-4.381665078193214,-3.791857037160896,1.7133477059592377,3.180772938781532,2.472750772557851,3.00393012102238,-0.3323097936776846,1.8307284940340696,0.2146045491962216,2.5042028385179544
33.0,55.0,1000.5596923828124,-4.381431854751908,-3.791798123994364,1.7133477059592377,3.180772938781532,2.472750772557851,3.003908457738876,-0.3323097936776846,1.8307121731477407,0.2145444502922312,2.5042028385179544
33.0,55.0,1000.5596923828124,-4.381665078193214,-3.791857037160896,1.7133477059592377,3.180772938781532,2.472750772557851,3.00393012102238,-0.3323097936776846,1.8307284940340696,0.2146045491962216,2.5042028385179544
33.0,55.0,1000.5596923828124,-4.381665078193214,-3.791857037160896,1.7133466606826762,3.180772938781532,2.472765527692612,3.00393012102238,-0.3323089556139806,1.8307220979837464,0.2146045491962216,2.5041565294639336
33.0,55.0,1000.5597534179688,-4.381665078193214,-3.791857037160896,1.7133466606826762,3.180772938781532,2.472755458706376,3.003933426349378,-0.3323089556139806,1.83072860195856,0.2146045491962216,2.504161307997042
33.0,55.0,1000.5597534179688,-4.381668569921564,-3.791857037160896,1.7133477059592377,3.180772938781532,2.4727494140465778,3.0039307639043007,-0.3323097936776846,1.8307426799887607,0.2146045491962216,2.5042028385179544
33.0,55.0,1000.5597534179688,-4.381665078193214,-3.791857037160896,1.7133410578890174,3.180772938781532,2.4727583906434245,3.00393012102238,-0.3323089396154201,1.8307282187514489,0.2146428075370786,2.5041565294639336
33.0,55.0,1000.559814453125,-4.381652417861513,-3.791979532530728,1.7132288024048812,3.180773006058946,2.472623367682291,3.003910620849778,-0.332308936172155,1.8307268306262936,0.2146100934092156,2.504155645963443
33.0,55.0,1000.5598754882812,-4.381663599980609,-3.791857037160896,1.713347713044196,3.180772938781532,2.4727582403248785,3.004173124116162,-0.3323090930218139,1.830728212051196,0.2146045491962216,2.5042039764927533
33.0,55.0,1000.5599365234376,-4.381865861591195,-3.7953546380555694,1.7133476868636497,3.180733596592096,2.4726269775540963,3.005660946391961,-0.3323089377231566,1.8303013964344128,0.2100503552214526,2.500231970671058
33.0,55.0,1000.5599365234376,-4.381865861591195,-3.7953546380555694,1.7133476868636497,3.180733596592096,2.4726269775540963,3.005660946391961,-0.3323089377231566,1.8303013964344128,0.2100503552214526,2.500231970671058
33.0,55.0,1000.5601806640624,-4.379427945270834,-3.7918609240236014,1.7134390061065077,3.1798911497479336,2.472750772557851,3.00393012102238,-0.3323097977994965,1.8307284940340696,0.2146434513598234,2.5041829264276574
33.0,55.0,1000.5601806640624,-4.379213641110899,-3.791857037160896,1.7134449711955877,3.179881667533988,2.472751096084469,3.00393012102238,-0.3323089389035624,1.8307284940340696,0.2146440902127501,2.504833819550832
33.0,55.0,1000.5601806640624,-4.379213641110899,-3.791857037160896,1.7134449711955877,3.179881667533988,2.472751096084469,3.00393012102238,-0.3323098085483735,1.8307284940340696,0.2146044412254911,2.504833819550832
33.0,55.0,1000.5602416992188,-4.3795837292517215,-3.791913449949445,1.7133477059592377,3.179825952756621,2.4727505007984707,3.00393012102238,-0.3323098145357435,1.830722100331568,0.2146052029737999,2.5038589048560755
33.0,55.0,1000.5602416992188,-4.379213641110899,-3.791857037160896,1.7133386583719357,3.179920868185646,2.472751096084469,3.00393012102238,-0.3323089389035624,1.8307284940340696,0.2146440902127501,2.504833819550832
33.0,55.0,1000.560302734375,-4.3795837292517215,-3.791913449949445,1.7133477059592377,3.1798911497479336,2.472750772557851,3.00393012102238,-0.3323097977994965,1.8307284940340696,0.2146434513598234,2.5038589048560755
33.0,56.0,1000.5567016601562,-4.38181940135786,-3.791784581565517,1.7134419238061829,3.179885589795867,2.472621722721116,3.0039892240847528,-0.3323097985721673,1.83027185357664,0.2098040830902798,2.500266320013535
33.0,56.0,1000.556884765625,-4.381819337840787,-3.791887715689892,1.7133470382615823,3.179861528627661,2.4726236554590004,3.0039971327515187,-0.3323098233321653,1.8302718261222213,0.2100839624715045,2.500187130008367
33.0,56.0,1000.5571899414062,-4.381905100908243,-3.791857037160896,1.7133466606826762,3.180772938781532,2.472630087203766,3.003895978710347,-0.332308936172155,1.8305047423335687,0.2096287293373245,2.5002972612568777
33.0,56.0,1000.5573120117188,-4.3819050884358965,-3.791887759122088,1.7133470237104464,3.1807180685066694,2.472746266600641,3.0039046359750783,-0.3323088523073134,1.830351350020007,0.2100839624715045,2.500187130008367
33.0,56.0,1000.5574951171876,-4.381472909630912,-3.7918877399557216,1.7133470382615823,3.1807180685066694,2.4726278788117297,3.0039087682400427,-0.3323088523073134,1.830356427471305,0.2100839624715045,2.500187130008367
33.0,56.0,1000.5574951171876,-4.38147292210326,-3.79185701799453,1.7133466752338122,3.180772938781532,2.4726325588627023,3.004140921310827,-0.332308936172155,1.8305047423335687,0.2096287293373245,2.5002972612568777
33.0,56.0,1000.5576171875,-4.381472909630912,-3.791887715689892,1.7133470382615823,3.180718273949756,2.4726236554590004,3.0041690767182208,-0.3323088523073134,1.830351350020007,0.2100839624715045,2.500187130008367
33.0,56.0,1000.5576171875,-4.381472909630912,-3.7918877399557216,1.7133470382615823,3.1807180685066694,2.4727487382595768,3.0041495785755585,-0.3323088523073134,1.830351350020007,0.2100839624715045,2.500187130008367
33.0,56.0,1000.5576171875,-4.381472909630912,-3.7918877399557216,1.7133470382615823,3.1807180685066694,2.4727487382595768,3.0041495785755585,-0.3323088523073134,1.830351350020007,0.2100839624715045,2.500187130008367
33.0,56.0,1000.5576171875,-4.381472909630912,-3.791887740863099,1.7133470382615823,3.180718071805839,2.4726236554590004,3.004170290520027,-0.3323088523073134,1.830351350020007,0.2100839624715045,2.500187130008367
33.0,56.0,1000.5576171875,-4.381472909630912,-3.7918877399557216,1.7133470382615823,3.1807180685066694,2.4727487382595768,3.0041495785755585,-0.3323088523073134,1.830351350020007,0.2100839624715045,2.500187130008367
33.0,56.0,1000.55810546875,-4.381822858559695,-3.795311343748701,1.7132513283575632,3.179885589795867,2.472621722721116,3.003986390249234,-0.3323090231298962,1.8302718540026923,0.2098040830902798,2.5040905732624235
33.0,56.0,1000.5585327148438,-4.3818985549250336,-3.795242564060732,1.7133466535977178,3.180772938781532,2.472623006494462,3.0039923821918584,-0.3323096562698512,1.8302780293142336,0.2098160827612815,2.504155391489135
33.0,56.0,1000.55908203125,-4.381822858559695,-3.795311343748701,1.7113069687876854,3.179885589795867,2.472621722721116,3.0039892240847528,-0.3323097989462015,1.8302718540026923,0.2098040830902798,2.5002671931750804
33.0,56.0,1000.5592651367188,-4.381775102542536,-3.795311343748701,1.7113066462390565,3.180772944277795,2.472621746048604,3.0039911050218056,-0.3323097989447486,1.8302785540545103,0.2098040830902798,2.5003985560808606
33.0,56.0,1000.5593872070312,-4.381672056796969,-3.79531565941844,1.713244690149814,3.180731169563176,2.472623524356047,3.0037467723812017,-0.3323088926739777,1.8303013964344128,0.2100586983260114,2.500231970671058
33.0,56.0,1000.5593872070312,-4.37966369774217,-3.79187014888674,1.713347671089469,3.180733596592096,2.4727403738447493,3.005653566637088,-0.3323088503353187,1.8303013964344128,0.2100843943534061,2.500231970671058
33.0,56.0,1000.5594482421876,-4.381672266337946,-3.795311234363044,1.7131742516890676,3.180731169563176,2.472623476441103,3.0039929786814854,-0.3323088926739777,1.8303013964344128,0.2100586983260114,2.500231970671058
33.0,56.0,1000.5594482421876,-4.381671787679381,-3.795229631410941,1.7131742516890676,3.180731169563176,2.472619695869456,3.0039929786814854,-0.3323088926739777,1.8303017389951783,0.2101403637030783,2.500216814619363
33.0,56.0,1000.5595092773438,-4.381897076712429,-3.791857037160896,1.7133466606826762,3.180772938781532,2.472630087203766,3.003910620849778,-0.3323089556139806,1.8305047423335687,0.2146045491962216,2.5041565294639336
33.0,56.0,1000.5595092773438,-4.381897076712429,-3.791857037160896,1.7133466606826762,3.1807709625967875,2.472630087203766,3.003910620849778,-0.3323089490588242,1.8305047423335687,0.2146045491962216,2.504190159621833
33.0,56.0,1000.5595092773438,-4.381897076712429,-3.791857037160896,1.7133466606826762,3.180772938781532,2.472630087203766,3.003910620849778,-0.332308936172155,1.8305047423335687,0.2146045491962216,2.5041565294639336
33.0,56.0,1000.5595092773438,-4.381897076712429,-3.791857037160896,1.7137023149135462,3.1807729395074915,2.472630325795514,3.003910620849778,-0.332308936172155,1.8307268306262936,0.2146100934092156,2.5041565294639336
33.0,56.0,1000.5595092773438,-4.381893584984079,-3.791857037160896,1.7133466606826762,3.1807709625967875,2.472631445715039,3.003909977967857,-0.3323089490588242,1.8304905563788785,0.2146045491962216,2.504190159621833
33.0,56.0,1000.5595092773438,-4.381897076712429,-3.791857037160896,1.7133466606826762,3.180772938781532,2.4726229501545784,3.003910620849778,-0.3323089556139806,1.8305047423335687,0.2146045491962216,2.5041565294639336
33.0,56.0,1000.5595092773438,-4.3818985549250336,-3.791857037160896,1.7133466535977178,3.180772938781532,2.4727504866844083,3.003930232994592,-0.3323096562698512,1.8305073849497624,0.2146045491962216,2.504155391489135
33.0,56.0,1000.5595092773438,-4.381898594930713,-3.791857037160896,1.7133466535977178,3.1807729387594823,2.4726330064548607,3.003911124847282,-0.3323096562698512,1.8305073849497624,0.2146045491962216,2.504155391489135
33.0,56.0,1000.5595092773438,-4.381894032490444,-3.791857037160896,1.7133477059592377,3.180772938781532,2.472750772557851,3.00391934720394,-0.3323097936776846,1.8305076560787867,0.2146045491962216,2.5041541884820475
33.0,56.0,1000.5595092773438,-4.381890296883673,-3.791857037160896,1.7133466606826762,3.180772938781532,2.4726229501545784,3.0039071257388485,-0.3323089556139806,1.8305047423335687,0.2146045491962216,2.5041565294639336
33.0,56.0,1000.5595092773438,-4.381905133216919,-3.791857037160896,1.7133466606826762,3.1807709931767345,2.472630087203766,3.003931338784843,-0.3323089490588242,1.8305096700775407,0.2146045491962216,2.504190159621833
33.0,56.0,1000.5595092773438,-4.381897076712429,-3.791857037160896,1.7133466606826762,3.180772938781532,2.472630087203766,3.003910620849778,-0.3323089556139806,1.8305035627933244,0.2146045491962216,2.5041576855563545
33.0,56.0,1000.5595092773438,-4.381897076712429,-3.791857037160896,1.7133466606826762,3.180772938781532,2.4726229501545784,3.003910620849778,-0.3323089556139806,1.8305047423335687,0.2146045491962216,2.5041565294639336
33.0,56.0,1000.5595092773438,-4.381897076712429,-3.791856712939453,1.7133470455439388,3.180772938781532,2.472630087203766,3.003910620849778,-0.3323088507261845,1.8304927724396565,0.2146045491962216,2.5041565294639336
33.0,56.0,1000.5595092773438,-4.381897076712429,-3.791857037160896,1.7133466606826762,3.1807709625967875,2.472630087203766,3.003910620849778,-0.3323089490588242,1.8305047423335687,0.2146045491962216,2.504190159621833
33.0,56.0,1000.5595703125,-4.381665078193214,-3.791857037160896,1.7133477059592377,3.180772938781532,2.472750772557851,3.003910681769136,-0.3323097936776846,1.8305189360304328,0.2146045491962216,2.5042028385179544
33.0,56.0,1000.5595703125,-4.381777712516057,-3.791883723756568,1.7137023149135462,3.1807729395074915,2.4726220468018543,3.003910620849778,-0.332308936172155,1.8307268306262936,0.2146100934092156,2.5041565294639336
33.0,56.0,1000.5595703125,-4.3819112476645365,-3.791857037160896,1.7133445071853706,3.18077300915867,2.472750772557851,3.004000547439593,-0.3323098357857929,1.8305074356972688,0.2146045491962211,2.504159092238208
33.0,56.0,1000.5595703125,-4.381659893333478,-3.79181000188252,1.7133477059592377,3.18077294428429,2.4727489220929515,3.003910681769136,-0.3323097936776846,1.8305189360304328,0.2146325409514877,2.5042028385179544
33.0,56.0,1000.5596313476562,-4.381665078193214,-3.791857037160896,1.7132443831065556,3.180773009113178,2.472750772557851,3.004000547439593,-0.3323098357857929,1.8303163002718084,0.2146045491956226,2.504159092238208
33.0,56.0,1000.5596313476562,-4.381897076712429,-3.791857037160896,1.7133466606826762,3.1807709625967875,2.472630087203766,3.0039300601030225,-0.3323089490588242,1.8307143003372064,0.2146045491962216,2.504190159621833
33.0,56.0,1000.5596313476562,-4.381822795042623,-3.7954144778730754,1.7112120832430853,3.179861528627661,2.4726236554590004,3.0039971327515187,-0.3323098237061996,1.830271826548274,0.2100839624715045,2.5001880031699124
33.0,56.0,1000.5596313476562,-4.381665556851778,-3.791938640112999,1.7132443831065556,3.180773009113178,2.4727545531294988,3.004000547439593,-0.3323098357857929,1.8303159577110424,0.2145228838185556,2.5041742482899023
33.0,56.0,1000.5596923828124,-4.381665078193214,-3.791857037160896,1.7133477059592377,3.180772938781532,2.472750772557851,3.00393012102238,-0.3323097936776846,1.8307284940340696,0.2146045491962216,2.5042028385179544
33.0,56.0,1000.5596923828124,-4.381665078193214,-3.791857037160896,1.7133466606826762,3.180772938781532,2.4727583906434245,3.00393012102238,-0.3323089556139806,1.8307220979837464,0.2146045491962216,2.5041565294639336
33.0,56.0,1000.5596923828124,-4.381665078193214,-3.791857037160896,1.7133477059592377,3.180772938781532,2.472750772557851,3.00393012102238,-0.3323097936776846,1.8307284940340696,0.2146045491962216,2.5042028385179544
33.0,56.0,1000.5596923828124,-4.381897076712429,-3.791857037160896,1.7133466606826762,3.180772938781532,2.472757954451436,3.004173236088373,-0.3323089556139806,1.830507102966889,0.2146045491962216,2.5041565294639336
33.0,56.0,1000.5596923828124,-4.381665078193214,-3.791857037160896,1.7133477059592377,3.180772938781532,2.472750772557851,3.00393012102238,-0.3323097936776846,1.8307284940340696,0.2146045491962216,2.5042028385179544
33.0,56.0,1000.5596923828124,-4.381665078193214,-3.791857037160896,1.7133477059592377,3.180772938781532,2.472750772557851,3.00393012102238,-0.3323097936776846,1.8307284940340696,0.2146045491962216,2.5042028385179544
33.0,56.0,1000.5596923828124,-4.381665078193214,-3.791857037160896,1.7133410578890174,3.180772938781532,2.4727583906434245,3.00393012102238,-0.3323089556139806,1.830722202631181,0.2145896576096978,2.5041565294639336
33.0,56.0,1000.5596923828124,-4.381665078193214,-3.791857037160896,1.7133466606826762,3.180772938781532,2.4727583906434245,3.00393012102238,-0.3323089556139806,1.8307220979837464,0.2146045491962216,2.5041565294639336
33.0,57.0,1000.5567016601562,-4.38181940135786,-3.791784581565517,1.7134419238061829,3.179885589795867,2.472621722721116,3.0039892240847528,-0.3323097985721673,1.83027185357664,0.2098040830902798,2.500266320013535
33.0,57.0,1000.5568237304688,-4.381819337840787,-3.7918887498293135,1.7133470382615823,3.1798526537146925,2.472622921622184,3.0039971327515187,-0.3323097915499456,1.8302718261222213,0.2100435597262938,2.500187130008367
33.0,57.0,1000.5568237304688,-4.38181940135786,-3.7917752254317088,1.7133452172789605,3.179885589795867,2.472611476475276,3.0041533432506906,-0.3323097985721673,1.83027185357664,0.2098004022067666,2.500266320013535
33.0,57.0,1000.556884765625,-4.381819337840787,-3.791887715689892,1.7133470382615823,3.179861528627661,2.4726236554590004,3.0039971327515187,-0.3323098233321653,1.8302718261222213,0.2100839624715045,2.500187130008367
33.0,57.0,1000.5571899414062,-4.381905100908243,-3.791857037160896,1.7133466606826762,3.180772938781532,2.472630087203766,3.003895978710347,-0.332308936172155,1.8305047423335687,0.2096287293373245,2.5002972612568777
33.0,57.0,1000.5573120117188,-4.3819050884358965,-3.791887759122088,1.7133470237104464,3.1807180685066694,2.472746266600641,3.0039046359750783,-0.3323088523073134,1.830351350020007,0.2100839624715045,2.500187130008367
33.0,57.0,1000.5574340820312,-4.381853618562835,-3.791887531692416,1.7133466645277835,3.1807709625967875,2.472630087203766,3.00393105847155,-0.3323089451530793,1.8303633491709617,0.2101410447026475,2.5000343542845243
33.0,57.0,1000.5574340820312,-4.38147292210326,-3.79185701799453,1.7133466752338122,3.180772938781532,2.472630107498917,3.003901187080208,-0.332308936172155,1.8305047423335687,0.2096287293373245,2.5002972612568777
33.0,57.0,1000.5574340820312,-4.381898594930713,-3.791857037160896,1.7133466535977178,3.1807729387594823,2.4727517422386085,3.003911124847282,-0.3323096562698512,1.8305073849497624,0.2102773823162725,2.5003638402035047
33.0,57.0,1000.5574951171876,-4.381472909630912,-3.7918877399557216,1.7133470382615823,3.1807180685066694,2.4726278788117297,3.0039087682400427,-0.3323088523073134,1.830356427471305,0.2100839624715045,2.500187130008367
33.0,57.0,1000.5574951171876,-4.38147292210326,-3.79185701799453,1.7133466752338122,3.180772938781532,2.4726325588627023,3.004140921310827,-0.332308936172155,1.8305047423335687,0.2096287293373245,2.5002972612568777
33.0,57.0,1000.5576171875,-4.381472909630912,-3.791887715689892,1.7133470382615823,3.180718273949756,2.4726236554590004,3.0041690767182208,-0.3323088523073134,1.830351350020007,0.2100839624715045,2.500187130008367
33.0,57.0,1000.5576171875,-4.381472909630912,-3.7918877399557216,1.7133470382615823,3.1807180685066694,2.4727487382595768,3.0041495785755585,-0.3323088523073134,1.830351350020007,0.2100839624715045,2.500187130008367
33.0,57.0,1000.5576171875,-4.381472909630912,-3.7918877399557216,1.7133470382615823,3.1807180685066694,2.4727487382595768,3.0041495785755585,-0.3323088523073134,1.830351350020007,0.2100839624715045,2.500187130008367
33.0,57.0,1000.5576171875,-4.381472909630912,-3.791887740863099,1.7133470382615823,3.180718071805839,2.4726236554590004,3.004170290520027,-0.3323088523073134,1.830351350020007,0.2100839624715045,2.500187130008367
33.0,57.0,1000.5576171875,-4.381472909630912,-3.7918877399557216,1.7133470382615823,3.1807180685066694,2.4727487382595768,3.0041495785755585,-0.3323088523073134,1.830351350020007,0.2100839624715045,2.500187130008367
33.0,57.0,1000.5576171875,-4.381472909630912,-3.791887740637937,1.7133470382615823,3.180718273949756,2.472618626753831,3.0041690767182208,-0.3323088523073134,1.830351350020007,0.2100839624715045,2.500187130008367
33.0,57.0,1000.55810546875,-4.381822858559695,-3.795311343748701,1.7132513283575632,3.179885589795867,2.472621722721116,3.003986390249234,-0.3323090231298962,1.8302718540026923,0.2098040830902798,2.5040905732624235
33.0,57.0,1000.55810546875,-4.381822858559695,-3.795311343748701,1.7132513283575632,3.179885589795867,2.472621722721116,3.003989169582064,-0.332309037198608,1.8302718540026923,0.2098040830902798,2.5040905732624235
33.0,57.0,1000.558349609375,-4.381819337840787,-3.791887990388673,1.7133470382615823,3.1798070354408097,2.4726131188162976,3.003920546746055,-0.3323098233321653,1.830489280451036,0.2100839624715045,2.503960876113057
33.0,57.0,1000.5584716796876,-4.381665078193214,-3.791857037160896,1.7133477059592377,3.180772938781532,2.472750772557851,2.9957992420979807,-0.3323097936776846,1.8307284940340696,0.2146045491962216,2.5042028385179544
33.0,57.0,1000.5585327148438,-4.3818985549250336,-3.795242564060732,1.7133466535977178,3.180772938781532,2.472623006494462,3.0039923821918584,-0.3323096562698512,1.8302780293142336,0.2098160827612815,2.504155391489135
33.0,57.0,1000.5585327148438,-4.381822858559695,-3.795226781273015,1.7132515867131628,3.1807196142105405,2.472621744809965,3.0039865210300216,-0.3323090198331953,1.8303021810679871,0.2098040830902798,2.5040905732624235
33.0,57.0,1000.55908203125,-4.381822858559695,-3.795311343748701,1.7113069687876854,3.179885589795867,2.472621722721116,3.0039892240847528,-0.3323097989462015,1.8302718540026923,0.2098040830902798,2.5002671931750804
33.0,57.0,1000.55908203125,-4.381822858559695,-3.795311343748701,1.7113069687876854,3.179885589795867,2.472621722721116,3.003986444751923,-0.3323097848774897,1.8302718540026923,0.2098040830902798,2.5002671931750804
33.0,57.0,1000.5592651367188,-4.381775102542536,-3.795311343748701,1.7113066462390565,3.180772944277795,2.472621746048604,3.0039911050218056,-0.3323097989447486,1.8302785540545103,0.2098040830902798,2.5003985560808606
33.0,57.0,1000.5593872070312,-4.381672056796969,-3.79531565941844,1.713244690149814,3.180731169563176,2.472623524356047,3.0037467723812017,-0.3323088926739777,1.8303013964344128,0.2100586983260114,2.500231970671058
33.0,57.0,1000.5593872070312,-4.37966369774217,-3.79187014888674,1.713347671089469,3.180733596592096,2.4727403738447493,3.005653566637088,-0.3323088503353187,1.8303013964344128,0.2100843943534061,2.500231970671058
33.0,57.0,1000.5594482421876,-4.381672266337946,-3.795311234363044,1.7131742516890676,3.180731169563176,2.472623476441103,3.0039929786814854,-0.3323088926739777,1.8303013964344128,0.2100586983260114,2.500231970671058
33.0,57.0,1000.5594482421876,-4.381671787679381,-3.795229631410941,1.7131742516890676,3.180731169563176,2.472619695869456,3.0039929786814854,-0.3323088926739777,1.8303017389951783,0.2101403637030783,2.500216814619363
33.0,57.0,1000.5595092773438,-4.381897076712429,-3.791857037160896,1.7133466606826762,3.180772938781532,2.472630087203766,3.003910620849778,-0.3323089556139806,1.8305047423335687,0.2146045491962216,2.5041565294639336
33.0,57.0,1000.5595092773438,-4.381897076712429,-3.791857037160896,1.7133466606826762,3.1807709625967875,2.472630087203766,3.003910620849778,-0.3323089490588242,1.8305047423335687,0.2146045491962216,2.504190159621833
33.0,57.0,1000.5595092773438,-4.381897076712429,-3.791857037160896,1.7133466606826762,3.180772938781532,2.472630087203766,3.003910620849778,-0.332308936172155,1.8305047423335687,0.2146045491962216,2.5041565294639336
33.0,57.0,1000.5595092773438,-4.381897076712429,-3.791857037160896,1.7137023149135462,3.1807729395074915,2.472630325795514,3.003910620849778,-0.332308936172155,1.8307268306262936,0.2146100934092156,2.5041565294639336
33.0,57.0,1000.5595092773438,-4.381893584984079,-3.791857037160896,1.7133466606826762,3.1807709625967875,2.472631445715039,3.003909977967857,-0.3323089490588242,1.8304905563788785,0.2146045491962216,2.504190159621833
33.0,57.0,1000.5595092773438,-4.381897076712429,-3.791857037160896,1.7133466606826762,3.180772938781532,2.4726229501545784,3.003910620849778,-0.3323089556139806,1.8305047423335687,0.2146045491962216,2.5041565294639336
33.0,57.0,1000.5595092773438,-4.3818985549250336,-3.791857037160896,1.7133466535977178,3.180772938781532,2.4727504866844083,3.003930232994592,-0.3323096562698512,1.8305073849497624,0.2146045491962216,2.504155391489135
33.0,57.0,1000.5595092773438,-4.381898594930713,-3.791857037160896,1.7133466535977178,3.1807729387594823,2.4726330064548607,3.003911124847282,-0.3323096562698512,1.8305073849497624,0.2146045491962216,2.504155391489135
33.0,57.0,1000.5595092773438,-4.381894032490444,-3.791857037160896,1.7133477059592377,3.180772938781532,2.472750772557851,3.00391934720394,-0.3323097936776846,1.8305076560787867,0.2146045491962216,2.5041541884820475
33.0,57.0,1000.5595092773438,-4.381890296883673,-3.791857037160896,1.7133466606826762,3.180772938781532,2.4726229501545784,3.0039071257388485,-0.3323089556139806,1.8305047423335687,0.2146045491962216,2.5041565294639336
33.0,57.0,1000.5595092773438,-4.381905133216919,-3.791857037160896,1.7133466606826762,3.1807709931767345,2.472630087203766,3.003931338784843,-0.3323089490588242,1.8305096700775407,0.2146045491962216,2.504190159621833
33.0,57.0,1000.5595092773438,-4.381897076712429,-3.791857037160896,1.7133466606826762,3.180772938781532,2.472630087203766,3.003910620849778,-0.3323089556139806,1.8305035627933244,0.2146045491962216,2.5041576855563545
33.0,57.0,1000.5595092773438,-4.381897076712429,-3.791857037160896,1.7133466606826762,3.180772938781532,2.4726229501545784,3.003910620849778,-0.3323089556139806,1.8305047423335687,0.2146045491962216,2.5041565294639336
33.0,57.0,1000.5595092773438,-4.381897076712429,-3.791856712939453,1.7133470455439388,3.180772938781532,2.472630087203766,3.003910620849778,-0.3323088507261845,1.8304927724396565,0.2146045491962216,2.5041565294639336
33.0,57.0,1000.5595092773438,-4.381897076712429,-3.791857037160896,1.7133466606826762,3.1807709625967875,2.472630087203766,3.003910620849778,-0.3323089490588242,1.8305047423335687,0.2146045491962216,2.504190159621833
33.0,57.0,1000.5595092773438,-4.381672056796969,-3.79531565941844,1.7131065013292566,3.180731169563176,2.472623524356047,3.004020252346599,-0.3323088926739777,1.830300874240025,0.2100597947567714,2.5001904175409924
33.0,57.0,1000.5595092773438,-4.381897076712429,-3.791857037160896,1.7133466606826762,3.1807709625967875,2.472630087203766,3.003910620849778,-0.3323089490588242,1.8305047423335687,0.2146045491962216,2.504190159621833
33.0,57.0,1000.5595703125,-4.381665078193214,-3.791857037160896,1.7133477059592377,3.180772938781532,2.472750772557851,3.003910681769136,-0.3323097936776846,1.8305189360304328,0.2146045491962216,2.5042028385179544
33.0,57.0,1000.5595703125,-4.381777712516057,-3.791883723756568,1.7137023149135462,3.1807729395074915,2.4726220468018543,3.003910620849778,-0.332308936172155,1.8307268306262936,0.2146100934092156,2.5041565294639336
33.0,57.0,1000.5595703125,-4.3819112476645365,-3.791857037160896,1.7133445071853706,3.18077300915867,2.472750772557851,3.004000547439593,-0.3323098357857929,1.8305074356972688,0.2146045491962211,2.504159092238208
33.0,58.0,1000.5567016601562,-4.38181940135786,-3.791784581565517,1.7134419238061829,3.179885589795867,2.472621722721116,3.0039892240847528,-0.3323097985721673,1.83027185357664,0.2098040830902798,2.500266320013535
33.0,58.0,1000.5567016601562,-4.38181940135786,-3.7917783572603647,1.7134419238061829,3.179888280696873,2.4726228990197168,3.0039892240847528,-0.3323097985721673,1.8302718589293043,0.2098040830902798,2.500266320013535
33.0,58.0,1000.5568237304688,-4.381819337840787,-3.7918887498293135,1.7133470382615823,3.1798526537146925,2.472622921622184,3.0039971327515187,-0.3323097915499456,1.8302718261222213,0.2100435597262938,2.500187130008367
33.0,58.0,1000.5568237304688,-4.38181940135786,-3.7917752254317088,1.7133452172789605,3.179885589795867,2.472611476475276,3.0041533432506906,-0.3323097985721673,1.83027185357664,0.2098004022067666,2.500266320013535
33.0,58.0,1000.5568237304688,-4.381819337840787,-3.791894974134467,1.7133470382615823,3.1798499628136865,2.4726217453235826,3.0039971327515187,-0.3323097915499456,1.8302718207695576,0.2100435597262938,2.500187130008367
33.0,58.0,1000.556884765625,-4.381819337840787,-3.791887715689892,1.7133470382615823,3.179861528627661,2.4726236554590004,3.0039971327515187,-0.3323098233321653,1.8302718261222213,0.2100839624715045,2.500187130008367
33.0,58.0,1000.556884765625,-4.381819337840787,-3.79188798227838,1.7133470382615823,3.1798070354408097,2.472613091716388,3.0039121435389977,-0.3323098233321653,1.830489280451036,0.2100839624715045,2.5001862859905204
33.0,58.0,1000.556884765625,-4.381819337840787,-3.791887715689892,1.7133470382615823,3.179861528627661,2.4726236554590004,3.0039971327515187,-0.3323098233321653,1.8302718261222213,0.2100839624715045,2.500187130008367
33.0,58.0,1000.5571899414062,-4.381905100908243,-3.791857037160896,1.7133466606826762,3.180772938781532,2.472630087203766,3.003895978710347,-0.332308936172155,1.8305047423335687,0.2096287293373245,2.5002972612568777
33.0,58.0,1000.5573120117188,-4.3819050884358965,-3.791887759122088,1.7133470237104464,3.1807180685066694,2.472746266600641,3.0039046359750783,-0.3323088523073134,1.830351350020007,0.2100839624715045,2.500187130008367
33.0,58.0,1000.557373046875,-4.381898594930713,-3.791857037160896,1.7133466535977178,3.1807729387594823,2.4727488005591933,3.003903237583464,-0.3323096562698512,1.8303504692089687,0.2102773823162725,2.5003638402035047
33.0,58.0,1000.5574340820312,-4.381853618562835,-3.791887531692416,1.7133466645277835,3.1807709625967875,2.472630087203766,3.00393105847155,-0.3323089451530793,1.8303633491709617,0.2101410447026475,2.5000343542845243
33.0,58.0,1000.5574340820312,-4.38147292210326,-3.79185701799453,1.7133466752338122,3.180772938781532,2.472630107498917,3.003901187080208,-0.332308936172155,1.8305047423335687,0.2096287293373245,2.5002972612568777
33.0,58.0,1000.5574340820312,-4.381898594930713,-3.791857037160896,1.7133466535977178,3.1807729387594823,2.4727517422386085,3.003911124847282,-0.3323096562698512,1.8305073849497624,0.2102773823162725,2.5003638402035047
33.0,58.0,1000.5574340820312,-4.38147292210326,-3.791857037280382,1.7133466607202965,3.180772938781532,2.4726300864551902,3.003901187080208,-0.332308936172155,1.8305047423335687,0.2095907327825406,2.500161194716319
33.0,58.0,1000.5574340820312,-4.38147292210326,-3.79185701799453,1.7133466752338122,3.180772938781532,2.472629921863403,3.003912684766239,-0.332308936172155,1.8305047423335687,0.2096287293373245,2.5002972612568777
33.0,58.0,1000.5574951171876,-4.381472909630912,-3.7918877399557216,1.7133470382615823,3.1807180685066694,2.4726278788117297,3.0039087682400427,-0.3323088523073134,1.830356427471305,0.2100839624715045,2.500187130008367
33.0,58.0,1000.5574951171876,-4.38147292210326,-3.79185701799453,1.7133466752338122,3.180772938781532,2.4726325588627023,3.004140921310827,-0.332308936172155,1.8305047423335687,0.2096287293373245,2.5002972612568777
33.0,58.0,1000.5575561523438,-4.38181940135786,-3.7917752254317088,1.711280132295937,3.179885589795867,2.4726215575565496,3.004162138323343,-0.3323097851235105,1.83027185357664,0.2098002881075076,2.500266318427284
33.0,58.0,1000.5575561523438,-4.381481013690699,-3.791888959567501,1.7133470382615823,3.1807180685066694,2.4727487382595768,3.0038936651047465,-0.3323088523073134,1.8305126236403195,0.2100839624715045,2.5001887818813286
33.0,58.0,1000.5576171875,-4.381472909630912,-3.791887715689892,1.7133470382615823,3.180718273949756,2.4726236554590004,3.0041690767182208,-0.3323088523073134,1.830351350020007,0.2100839624715045,2.500187130008367
33.0,58.0,1000.5576171875,-4.381472909630912,-3.7918877399557216,1.7133470382615823,3.1807180685066694,2.4727487382595768,3.0041495785755585,-0.3323088523073134,1.830351350020007,0.2100839624715045,2.500187130008367
33.0,58.0,1000.5576171875,-4.381472909630912,-3.7918877399557216,1.7133470382615823,3.1807180685066694,2.4727487382595768,3.0041495785755585,-0.3323088523073134,1.830351350020007,0.2100839624715045,2.500187130008367
33.0,58.0,1000.5576171875,-4.381472909630912,-3.791887740863099,1.7133470382615823,3.180718071805839,2.4726236554590004,3.004170290520027,-0.3323088523073134,1.830351350020007,0.2100839624715045,2.500187130008367
33.0,58.0,1000.5576171875,-4.381472909630912,-3.7918877399557216,1.7133470382615823,3.1807180685066694,2.4727487382595768,3.0041495785755585,-0.3323088523073134,1.830351350020007,0.2100839624715045,2.500187130008367
33.0,58.0,1000.5576171875,-4.381472909630912,-3.791887740637937,1.7133470382615823,3.180718273949756,2.472618626753831,3.0041690767182208,-0.3323088523073134,1.830351350020007,0.2100839624715045,2.500187130008367
33.0,58.0,1000.5576782226562,-4.381472909630912,-3.791908257112254,1.7133470382615823,3.180771883985358,2.472622822182152,3.00417347356071,-0.3323088230742043,1.8303554909961823,0.2100839624715045,2.500187130008367
33.0,58.0,1000.55810546875,-4.381822858559695,-3.795311343748701,1.7132513283575632,3.179885589795867,2.472621722721116,3.003986390249234,-0.3323090231298962,1.8302718540026923,0.2098040830902798,2.5040905732624235
33.0,58.0,1000.55810546875,-4.381822858559695,-3.795311343748701,1.7132513283575632,3.179885589795867,2.472621722721116,3.003989169582064,-0.332309037198608,1.8302718540026923,0.2098040830902798,2.5040905732624235
33.0,58.0,1000.55810546875,-4.381822858559695,-3.795311343748701,1.7132513283575632,3.179885589795867,2.472621722721116,3.003986400947118,-0.3323090714561562,1.830271853581093,0.2098040830902798,2.5040905732624235
33.0,58.0,1000.558349609375,-4.381819337840787,-3.791887990388673,1.7133470382615823,3.1798070354408097,2.4726131188162976,3.003920546746055,-0.3323098233321653,1.830489280451036,0.2100839624715045,2.503960876113057
33.0,58.0,1000.5584716796876,-4.381665078193214,-3.791857037160896,1.7133477059592377,3.180772938781532,2.472750772557851,2.9957992420979807,-0.3323097936776846,1.8307284940340696,0.2146045491962216,2.5042028385179544
33.0,58.0,1000.5585327148438,-4.3818985549250336,-3.795242564060732,1.7133466535977178,3.180772938781532,2.472623006494462,3.0039923821918584,-0.3323096562698512,1.8302780293142336,0.2098160827612815,2.504155391489135
33.0,58.0,1000.5585327148438,-4.381822858559695,-3.795226781273015,1.7132515867131628,3.1807196142105405,2.472621744809965,3.0039865210300216,-0.3323090198331953,1.8303021810679871,0.2098040830902798,2.5040905732624235
33.0,58.0,1000.5586547851562,-4.381819276093751,-3.795162416873084,1.713371407302432,3.179885589795867,2.472621722721116,3.0039892240847528,-0.3323097989462015,1.8302718540026923,0.2098040830902798,2.5002671979544053
33.0,58.0,1000.558837890625,-4.381822858559695,-3.795311343748701,1.713372053770709,3.179885589795867,2.472611641639843,3.003977649679271,-0.3323097983261465,1.8302718540026923,0.2098041971895388,2.500267194761332
33.0,58.0,1000.55908203125,-4.381822858559695,-3.795311343748701,1.7113069687876854,3.179885589795867,2.472621722721116,3.0039892240847528,-0.3323097989462015,1.8302718540026923,0.2098040830902798,2.5002671931750804
33.0,58.0,1000.55908203125,-4.381822858559695,-3.795311343748701,1.7113069687876854,3.179885589795867,2.472621722721116,3.003986444751923,-0.3323097848774897,1.8302718540026923,0.2098040830902798,2.5002671931750804
33.0,58.0,1000.5592041015624,-4.381893564139836,-3.791857037160896,1.7133476817542137,3.180772938781532,2.472750772557851,3.00391934720394,-0.3323097810954286,1.8305076560787867,0.2101337368124517,2.5041541884820475
33.0,58.0,1000.5592651367188,-4.381775102542536,-3.795311343748701,1.7113066462390565,3.180772944277795,2.472621746048604,3.0039911050218056,-0.3323097989447486,1.8302785540545103,0.2098040830902798,2.5003985560808606
33.0,58.0,1000.5592651367188,-4.381889619248657,-3.791887759122088,1.7133470237104464,3.1807180685066694,2.472746266600641,3.0039046359750783,-0.3323088523073134,1.8305074300894464,0.2142175970014984,2.504083449695353
33.0,58.0,1000.5593872070312,-4.381672056796969,-3.79531565941844,1.713244690149814,3.180731169563176,2.472623524356047,3.0037467723812017,-0.3323088926739777,1.8303013964344128,0.2100586983260114,2.500231970671058
33.0,58.0,1000.5593872070312,-4.37966369774217,-3.79187014888674,1.713347671089469,3.180733596592096,2.4727403738447493,3.005653566637088,-0.3323088503353187,1.8303013964344128,0.2100843943534061,2.500231970671058
33.0,58.0,1000.5593872070312,-4.37966369774217,-3.791700799257205,1.713347671089469,3.180733596592096,2.4727403738447493,3.005653566637088,-0.3323090177800726,1.8303013917566864,0.2100843943534061,2.500055026120405
33.0,58.0,1000.5594482421876,-4.381672266337946,-3.795311234363044,1.7131742516890676,3.180731169563176,2.472623476441103,3.0039929786814854,-0.3323088926739777,1.8303013964344128,0.2100586983260114,2.500231970671058
33.0,58.0,1000.5594482421876,-4.381671787679381,-3.795229631410941,1.7131742516890676,3.180731169563176,2.472619695869456,3.0039929786814854,-0.3323088926739777,1.8303017389951783,0.2101403637030783,2.500216814619363
33.0,58.0,1000.5595092773438,-4.381897076712429,-3.791857037160896,1.7133466606826762,3.180772938781532,2.472630087203766,3.003910620849778,-0.3323089556139806,1.8305047423335687,0.2146045491962216,2.5041565294639336
33.0,58.0,1000.5595092773438,-4.381897076712429,-3.791857037160896,1.7133466606826762,3.1807709625967875,2.472630087203766,3.003910620849778,-0.3323089490588242,1.8305047423335687,0.2146045491962216,2.504190159621833
33.0,58.0,1000.5595092773438,-4.381897076712429,-3.791857037160896,1.7133466606826762,3.180772938781532,2.472630087203766,3.003910620849778,-0.332308936172155,1.8305047423335687,0.2146045491962216,2.5041565294639336
33.0,58.0,1000.5595092773438,-4.381897076712429,-3.791857037160896,1.7137023149135462,3.1807729395074915,2.472630325795514,3.003910620849778,-0.332308936172155,1.8307268306262936,0.2146100934092156,2.5041565294639336
33.0,59.0,1000.5567016601562,-4.38181940135786,-3.791784581565517,1.7134419238061829,3.179885589795867,2.472621722721116,3.0039892240847528,-0.3323097985721673,1.83027185357664,0.2098040830902798,2.500266320013535
33.0,59.0,1000.5567016601562,-4.38181940135786,-3.7917783572603647,1.7134419238061829,3.179888280696873,2.4726228990197168,3.0039892240847528,-0.3323097985721673,1.8302718589293043,0.2098040830902798,2.500266320013535
33.0,59.0,1000.5567016601562,-4.38181940135786,-3.791778330632264,1.7134419238061829,3.179888280696873,2.4726228990197168,3.0039892240847528,-0.3323097985721673,1.8302718589293043,0.2098040830902798,2.500266320013535
33.0,59.0,1000.5567016601562,-4.38181940135786,-3.7917846081936175,1.7134419238061829,3.179885589795867,2.472621722721116,3.0039892240847528,-0.3323097985721673,1.83027185357664,0.2098040830902798,2.500266320013535
33.0,59.0,1000.5567626953124,-4.3818075638743474,-3.79179237876638,1.7133476101608789,3.179885589795867,2.472621722721116,3.0039892240847528,-0.3323097985721673,1.830270270440899,0.2097922818736574,2.500265958689807
33.0,59.0,1000.5568237304688,-4.381819337840787,-3.7918887498293135,1.7133470382615823,3.1798526537146925,2.472622921622184,3.0039971327515187,-0.3323097915499456,1.8302718261222213,0.2100435597262938,2.500187130008367
33.0,59.0,1000.5568237304688,-4.38181940135786,-3.7917752254317088,1.7133452172789605,3.179885589795867,2.472611476475276,3.0041533432506906,-0.3323097985721673,1.83027185357664,0.2098004022067666,2.500266320013535
33.0,59.0,1000.5568237304688,-4.381819337840787,-3.791894974134467,1.7133470382615823,3.1798499628136865,2.4726217453235826,3.0039971327515187,-0.3323097915499456,1.8302718207695576,0.2100435597262938,2.500187130008367
33.0,59.0,1000.5568237304688,-4.381819337840787,-3.791888006964588,1.7133470382615823,3.17984839430746,2.4726217453235826,3.003992923489787,-0.3323097915499456,1.8302718207695576,0.2100435597262938,2.500187119976414
33.0,59.0,1000.5568237304688,-4.381853447794578,-3.7918879952386666,1.7133470382615823,3.1798070354408097,2.47261371432555,3.0039121435389977,-0.3323098233321653,1.830358369128528,0.2100839624715045,2.5001862859905204
33.0,59.0,1000.5568237304688,-4.381819337840787,-3.791888002085088,1.7133470382615823,3.1798452957106536,2.4727469802154727,3.004005780399976,-0.3323097915499456,1.8303516652924792,0.2100435597262938,2.500187130008367
33.0,59.0,1000.556884765625,-4.381819337840787,-3.791887715689892,1.7133470382615823,3.179861528627661,2.4726236554590004,3.0039971327515187,-0.3323098233321653,1.8302718261222213,0.2100839624715045,2.500187130008367
33.0,59.0,1000.556884765625,-4.381819337840787,-3.79188798227838,1.7133470382615823,3.1798070354408097,2.472613091716388,3.0039121435389977,-0.3323098233321653,1.830489280451036,0.2100839624715045,2.5001862859905204
33.0,59.0,1000.556884765625,-4.381819337840787,-3.791887715689892,1.7133470382615823,3.179861528627661,2.4726236554590004,3.0039971327515187,-0.3323098233321653,1.8302718261222213,0.2100839624715045,2.500187130008367
33.0,59.0,1000.556884765625,-4.381819337840787,-3.7918887498293135,1.7133470382615823,3.179864092964862,2.472622921622184,3.0039971327515187,-0.3323088696153506,1.8302718261222213,0.2100843839618705,2.500187130008367
33.0,59.0,1000.556884765625,-4.381819337840787,-3.791887715689892,1.7133470382615823,3.179861528627661,2.4726236554590004,3.0039971327515187,-0.3323098233321653,1.8302718261222213,0.2100839624715045,2.500187130008367
33.0,59.0,1000.556884765625,-4.381819337840787,-3.791894949448259,1.7133470382615823,3.179808603947037,2.472613091716388,3.0039163528007293,-0.3323098233321653,1.830489280451036,0.2100839624715045,2.500186296022473
33.0,59.0,1000.556884765625,-4.381827473367215,-3.791887715689892,1.7133470382615823,3.179861528627661,2.4726236554590004,3.0039999850079515,-0.3323098233321653,1.8302718261222213,0.2100839624715045,2.500187130008367
33.0,59.0,1000.5571899414062,-4.381905100908243,-3.791857037160896,1.7133466606826762,3.180772938781532,2.472630087203766,3.003895978710347,-0.332308936172155,1.8305047423335687,0.2096287293373245,2.5002972612568777
33.0,59.0,1000.5573120117188,-4.3819050884358965,-3.791887759122088,1.7133470237104464,3.1807180685066694,2.472746266600641,3.0039046359750783,-0.3323088523073134,1.830351350020007,0.2100839624715045,2.500187130008367
33.0,59.0,1000.5573120117188,-4.381897076712429,-3.791857037160896,1.7133467894681775,3.180772938781532,2.4726233289978574,3.0039097274128856,-0.332309799522126,1.8305047423335687,0.2098774324352117,2.5001040968110075
33.0,59.0,1000.557373046875,-4.381898594930713,-3.791857037160896,1.7133466535977178,3.1807729387594823,2.4727488005591933,3.003903237583464,-0.3323096562698512,1.8303504692089687,0.2102773823162725,2.5003638402035047
33.0,59.0,1000.557373046875,-4.381853618562835,-3.791908581664653,1.7133466645277835,3.180771911239,2.4726302234492405,3.00393105847155,-0.3323089451530793,1.8303627041870003,0.210083961040026,2.5001872677726977
33.0,59.0,1000.5574340820312,-4.381853618562835,-3.791887531692416,1.7133466645277835,3.1807709625967875,2.472630087203766,3.00393105847155,-0.3323089451530793,1.8303633491709617,0.2101410447026475,2.5000343542845243
33.0,59.0,1000.5574340820312,-4.38147292210326,-3.79185701799453,1.7133466752338122,3.180772938781532,2.472630107498917,3.003901187080208,-0.332308936172155,1.8305047423335687,0.2096287293373245,2.5002972612568777
33.0,59.0,1000.5574340820312,-4.381898594930713,-3.791857037160896,1.7133466535977178,3.1807729387594823,2.4727517422386085,3.003911124847282,-0.3323096562698512,1.8305073849497624,0.2102773823162725,2.5003638402035047
33.0,59.0,1000.5574340820312,-4.38147292210326,-3.791857037280382,1.7133466607202965,3.180772938781532,2.4726300864551902,3.003901187080208,-0.332308936172155,1.8305047423335687,0.2095907327825406,2.500161194716319
33.0,59.0,1000.5574340820312,-4.38147292210326,-3.79185701799453,1.7133466752338122,3.180772938781532,2.472629921863403,3.003912684766239,-0.332308936172155,1.8305047423335687,0.2096287293373245,2.5002972612568777
33.0,59.0,1000.5574340820312,-4.381898594930713,-3.791857037160896,1.7133466535977178,3.1807729387594823,2.4727517422386085,3.003911124847282,-0.3323096562698512,1.8305073849497624,0.2102773823162725,2.5003638402035047
33.0,59.0,1000.5574951171876,-4.381472909630912,-3.7918877399557216,1.7133470382615823,3.1807180685066694,2.4726278788117297,3.0039087682400427,-0.3323088523073134,1.830356427471305,0.2100839624715045,2.500187130008367
33.0,59.0,1000.5574951171876,-4.38147292210326,-3.79185701799453,1.7133466752338122,3.180772938781532,2.4726325588627023,3.004140921310827,-0.332308936172155,1.8305047423335687,0.2096287293373245,2.5002972612568777
33.0,59.0,1000.5575561523438,-4.38181940135786,-3.7917752254317088,1.711280132295937,3.179885589795867,2.4726215575565496,3.004162138323343,-0.3323097851235105,1.83027185357664,0.2098002881075076,2.500266318427284
33.0,59.0,1000.5575561523438,-4.381481013690699,-3.791888959567501,1.7133470382615823,3.1807180685066694,2.4727487382595768,3.0038936651047465,-0.3323088523073134,1.8305126236403195,0.2100839624715045,2.5001887818813286
33.0,59.0,1000.5575561523438,-4.381481013690699,-3.791888959567501,1.7133470382615823,3.1807180685066694,2.4727487382595768,3.0038936651047465,-0.3323088523073134,1.8305126236403195,0.2100839624715045,2.5001887818813286
33.0,59.0,1000.5575561523438,-4.381484747114425,-3.7918799427548593,1.7134413519068863,3.1807180685066694,2.4727487382595768,3.0041495785755585,-0.3323088523073134,1.830352933155748,0.2100957636881269,2.500187491332096
33.0,59.0,1000.5576171875,-4.381472909630912,-3.791887715689892,1.7133470382615823,3.180718273949756,2.4726236554590004,3.0041690767182208,-0.3323088523073134,1.830351350020007,0.2100839624715045,2.500187130008367
33.0,59.0,1000.5576171875,-4.381472909630912,-3.7918877399557216,1.7133470382615823,3.1807180685066694,2.4727487382595768,3.0041495785755585,-0.3323088523073134,1.830351350020007,0.2100839624715045,2.500187130008367
33.0,59.0,1000.5576171875,-4.381472909630912,-3.7918877399557216,1.7133470382615823,3.1807180685066694,2.4727487382595768,3.0041495785755585,-0.3323088523073134,1.830351350020007,0.2100839624715045,2.500187130008367
33.0,59.0,1000.5576171875,-4.381472909630912,-3.791887740863099,1.7133470382615823,3.180718071805839,2.4726236554590004,3.004170290520027,-0.3323088523073134,1.830351350020007,0.2100839624715045,2.500187130008367
33.0,59.0,1000.5576171875,-4.381472909630912,-3.7918877399557216,1.7133470382615823,3.1807180685066694,2.4727487382595768,3.0041495785755585,-0.3323088523073134,1.830351350020007,0.2100839624715045,2.500187130008367
33.0,59.0,1000.5576171875,-4.381472909630912,-3.791887740637937,1.7133470382615823,3.180718273949756,2.472618626753831,3.0041690767182208,-0.3323088523073134,1.830351350020007,0.2100839624715045,2.500187130008367
33.0,59.0,1000.5576171875,-4.381472909630912,-3.7918947120051008,1.7133470382615823,3.1807227356097023,2.472623503367687,3.0041409309271017,-0.3323088523073134,1.8302715054970853,0.2100839624715045,2.500187130008367
33.0,59.0,1000.5576171875,-4.381472909630912,-3.791886848944095,1.7133470382615823,3.180718071805839,2.4726236554590004,3.004170290520027,-0.3323088215036874,1.830351350020007,0.2100839624715045,2.500187130008367
33.0,59.0,1000.5576782226562,-4.381472909630912,-3.791908257112254,1.7133470382615823,3.180771883985358,2.472622822182152,3.00417347356071,-0.3323088230742043,1.8303554909961823,0.2100839624715045,2.500187130008367
33.0,59.0,1000.5576782226562,-4.3814729218059645,-3.79185701799453,1.713346665945957,3.1807720607368406,2.4726325588627023,3.0041496552210467,-0.332308936172155,1.8305047423335687,0.2101006967532036,2.5002972612568777
33.0,59.0,1000.5576782226562,-4.381472909630912,-3.7918872071400167,1.7133470382615823,3.180770935343145,2.472622685936677,3.00417347356071,-0.3323088230742043,1.830356135980144,0.2101410461341261,2.500034216520194
33.0,59.0,1000.55810546875,-4.381822858559695,-3.795311343748701,1.7132513283575632,3.179885589795867,2.472621722721116,3.003986390249234,-0.3323090231298962,1.8302718540026923,0.2098040830902798,2.5040905732624235
33.0,59.0,1000.55810546875,-4.381822858559695,-3.795311343748701,1.7132513283575632,3.179885589795867,2.472621722721116,3.003989169582064,-0.332309037198608,1.8302718540026923,0.2098040830902798,2.5040905732624235
33.0,59.0,1000.55810546875,-4.381822858559695,-3.795311343748701,1.7132513283575632,3.179885589795867,2.472621722721116,3.003986400947118,-0.3323090714561562,1.830271853581093,0.2098040830902798,2.5040905732624235
33.0,59.0,1000.558349609375,-4.381819337840787,-3.791887990388673,1.7133470382615823,3.1798070354408097,2.4726131188162976,3.003920546746055,-0.3323098233321653,1.830489280451036,0.2100839624715045,2.503960876113057
33.0,60.0,1000.556640625,-4.38181940135786,-3.791778330632264,1.7134419238061829,3.17980328694178,2.4726228990197168,3.0039144072125445,-0.3323098242434407,1.830269828573444,0.2098040830902798,2.5001840595817204
33.0,60.0,1000.5567016601562,-4.38181940135786,-3.791784581565517,1.7134419238061829,3.179885589795867,2.472621722721116,3.0039892240847528,-0.3323097985721673,1.83027185357664,0.2098040830902798,2.500266320013535
33.0,60.0,1000.5567016601562,-4.38181940135786,-3.7917783572603647,1.7134419238061829,3.179888280696873,2.4726228990197168,3.0039892240847528,-0.3323097985721673,1.8302718589293043,0.2098040830902798,2.500266320013535
33.0,60.0,1000.5567016601562,-4.38181940135786,-3.791778330632264,1.7134419238061829,3.179888280696873,2.4726228990197168,3.0039892240847528,-0.3323097985721673,1.8302718589293043,0.2098040830902798,2.500266320013535
33.0,60.0,1000.5567016601562,-4.38181940135786,-3.7917846081936175,1.7134419238061829,3.179885589795867,2.472621722721116,3.0039892240847528,-0.3323097985721673,1.83027185357664,0.2098040830902798,2.500266320013535
33.0,60.0,1000.5567016601562,-4.3818194049197565,-3.791887715689892,1.7133470382615823,3.179861528627661,2.4726229368689894,3.0039971327515187,-0.3323098233321653,1.8302718261222213,0.2098007353995168,2.500187130008367
33.0,60.0,1000.5567016601562,-4.381854264851451,-3.791912217994976,1.7134419238061829,3.179885589795867,2.4726214658253465,3.0039892240847528,-0.3323097985721673,1.83027185357664,0.209788122379522,2.5001947394642774
33.0,60.0,1000.5567016601562,-4.38181940135786,-3.7917784332779374,1.7134419238061829,3.179888280696873,2.4726229062944345,3.0039892240847528,-0.3323097985721673,1.8302718588271472,0.2098040830902798,2.500266320013535
33.0,60.0,1000.5567626953124,-4.3818075638743474,-3.79179237876638,1.7133476101608789,3.179885589795867,2.472621722721116,3.0039892240847528,-0.3323097985721673,1.830270270440899,0.2097922818736574,2.500265958689807
33.0,60.0,1000.5567626953124,-4.3818539608866365,-3.791888054932324,1.7133470382615823,3.1797897943723124,2.47261371432555,3.0039121435389977,-0.3323098233321653,1.830362597585377,0.2100839624715045,2.500195261757568
33.0,60.0,1000.5568237304688,-4.381819337840787,-3.7918887498293135,1.7133470382615823,3.1798526537146925,2.472622921622184,3.0039971327515187,-0.3323097915499456,1.8302718261222213,0.2100435597262938,2.500187130008367
33.0,60.0,1000.5568237304688,-4.38181940135786,-3.7917752254317088,1.7133452172789605,3.179885589795867,2.472611476475276,3.0041533432506906,-0.3323097985721673,1.83027185357664,0.2098004022067666,2.500266320013535
33.0,60.0,1000.5568237304688,-4.381819337840787,-3.791894974134467,1.7133470382615823,3.1798499628136865,2.4726217453235826,3.0039971327515187,-0.3323097915499456,1.8302718207695576,0.2100435597262938,2.500187130008367
33.0,60.0,1000.5568237304688,-4.381819337840787,-3.791888006964588,1.7133470382615823,3.17984839430746,2.4726217453235826,3.003992923489787,-0.3323097915499456,1.8302718207695576,0.2100435597262938,2.500187119976414
33.0,60.0,1000.5568237304688,-4.381853447794578,-3.7918879952386666,1.7133470382615823,3.1798070354408097,2.47261371432555,3.0039121435389977,-0.3323098233321653,1.830358369128528,0.2100839624715045,2.5001862859905204
33.0,60.0,1000.5568237304688,-4.381819337840787,-3.791888002085088,1.7133470382615823,3.1798452957106536,2.4727469802154727,3.004005780399976,-0.3323097915499456,1.8303516652924792,0.2100435597262938,2.500187130008367
33.0,60.0,1000.5568237304688,-4.381819337840787,-3.79188798227838,1.7133470382615823,3.17987049423573,2.472613091716388,3.0039034125139734,-0.3323098255058635,1.8303497062410623,0.210076373108414,2.5001802825335715
33.0,60.0,1000.5568237304688,-4.381819337840787,-3.791888002085088,1.7133470382615823,3.1798452957106536,2.4727469802154727,3.004005780399976,-0.3323097915499456,1.8303516652924792,0.2100435597262938,2.500187130008367
33.0,60.0,1000.5568237304688,-4.381826324077832,-3.7918880319861454,1.7133470382615823,3.17984839430746,2.4726217453235826,3.0039952842713467,-0.3323097915499456,1.8302719668048368,0.2100399875369845,2.500187120356509
33.0,60.0,1000.5568237304688,-4.381819337840787,-3.7918887498293135,1.7133470382615823,3.1798526537146925,2.472622921622184,3.0039971327515187,-0.3323097915499456,1.8302718261222213,0.2100435597262938,2.500187130008367
33.0,60.0,1000.556884765625,-4.381819337840787,-3.791887715689892,1.7133470382615823,3.179861528627661,2.4726236554590004,3.0039971327515187,-0.3323098233321653,1.8302718261222213,0.2100839624715045,2.500187130008367
33.0,60.0,1000.556884765625,-4.381819337840787,-3.79188798227838,1.7133470382615823,3.1798070354408097,2.472613091716388,3.0039121435389977,-0.3323098233321653,1.830489280451036,0.2100839624715045,2.5001862859905204
33.0,60.0,1000.556884765625,-4.381819337840787,-3.791887715689892,1.7133470382615823,3.179861528627661,2.4726236554590004,3.0039971327515187,-0.3323098233321653,1.8302718261222213,0.2100839624715045,2.500187130008367
33.0,60.0,1000.556884765625,-4.381819337840787,-3.7918887498293135,1.7133470382615823,3.179864092964862,2.472622921622184,3.0039971327515187,-0.3323088696153506,1.8302718261222213,0.2100843839618705,2.500187130008367
33.0,60.0,1000.556884765625,-4.381819337840787,-3.791887715689892,1.7133470382615823,3.179861528627661,2.4726236554590004,3.0039971327515187,-0.3323098233321653,1.8302718261222213,0.2100839624715045,2.500187130008367
33.0,60.0,1000.556884765625,-4.381819337840787,-3.791894949448259,1.7133470382615823,3.179808603947037,2.472613091716388,3.0039163528007293,-0.3323098233321653,1.830489280451036,0.2100839624715045,2.500186296022473
33.0,60.0,1000.556884765625,-4.381827473367215,-3.791887715689892,1.7133470382615823,3.179861528627661,2.4726236554590004,3.0039999850079515,-0.3323098233321653,1.8302718261222213,0.2100839624715045,2.500187130008367
33.0,60.0,1000.556884765625,-4.381819337840787,-3.7918889530436735,1.7133470382615823,3.179864092964862,2.4726265299607024,3.0039971327515187,-0.3323088519647549,1.830272837183084,0.2100843839618705,2.500187130008367
33.0,60.0,1000.556884765625,-4.381819337840787,-3.791888742935583,1.7133470382615823,3.1798614679038866,2.472622924459816,3.0039971327515187,-0.3323098233321653,1.8302718261222213,0.2100843655086684,2.500187130008367
33.0,60.0,1000.556884765625,-4.381819337840787,-3.791887996293581,1.7133470382615823,3.179861528627661,2.4726222976802164,3.003997048291195,-0.3323098235903515,1.8302718261222213,0.2100839624715045,2.500187130008367
33.0,60.0,1000.5571899414062,-4.381905100908243,-3.791857037160896,1.7133466606826762,3.180772938781532,2.472630087203766,3.003895978710347,-0.332308936172155,1.8305047423335687,0.2096287293373245,2.5002972612568777
33.0,60.0,1000.5572509765624,-4.381814120828863,-3.791861357583452,1.7133418644501492,3.180772938781532,2.4726300864551902,3.0039028238605945,-0.3323097555640621,1.8305047423335687,0.2095966902289222,2.500161194716319
33.0,60.0,1000.5573120117188,-4.3819050884358965,-3.791887759122088,1.7133470237104464,3.1807180685066694,2.472746266600641,3.0039046359750783,-0.3323088523073134,1.830351350020007,0.2100839624715045,2.500187130008367
33.0,60.0,1000.5573120117188,-4.381897076712429,-3.791857037160896,1.7133467894681775,3.180772938781532,2.4726233289978574,3.0039097274128856,-0.332309799522126,1.8305047423335687,0.2098774324352117,2.5001040968110075
33.0,60.0,1000.5573120117188,-4.381853785259776,-3.791887531692416,1.7133466645277835,3.1807709625967875,2.4726304068747,3.003989759103566,-0.3323089451530793,1.8303682725839208,0.2097958130047799,2.500025171794692
33.0,60.0,1000.557373046875,-4.381898594930713,-3.791857037160896,1.7133466535977178,3.1807729387594823,2.4727488005591933,3.003903237583464,-0.3323096562698512,1.8303504692089687,0.2102773823162725,2.5003638402035047
33.0,60.0,1000.557373046875,-4.381853618562835,-3.791908581664653,1.7133466645277835,3.180771911239,2.4726302234492405,3.00393105847155,-0.3323089451530793,1.8303627041870003,0.210083961040026,2.5001872677726977
33.0,60.0,1000.557373046875,-4.3818187550692445,-3.7917809718632953,1.7133466645277835,3.180771911239,2.4726304803450105,3.00393105847155,-0.3323089451530793,1.8303627041870003,0.2100999217507837,2.500258848321955
33.0,60.0,1000.5574340820312,-4.381853618562835,-3.791887531692416,1.7133466645277835,3.1807709625967875,2.472630087203766,3.00393105847155,-0.3323089451530793,1.8303633491709617,0.2101410447026475,2.5000343542845243
33.0,60.0,1000.5574340820312,-4.38147292210326,-3.79185701799453,1.7133466752338122,3.180772938781532,2.472630107498917,3.003901187080208,-0.332308936172155,1.8305047423335687,0.2096287293373245,2.5002972612568777
33.0,60.0,1000.5574340820312,-4.381898594930713,-3.791857037160896,1.7133466535977178,3.1807729387594823,2.4727517422386085,3.003911124847282,-0.3323096562698512,1.8305073849497624,0.2102773823162725,2.5003638402035047
33.0,60.0,1000.5574340820312,-4.38147292210326,-3.791857037280382,1.7133466607202965,3.180772938781532,2.4726300864551902,3.003901187080208,-0.332308936172155,1.8305047423335687,0.2095907327825406,2.500161194716319
33.0,60.0,1000.5574340820312,-4.38147292210326,-3.79185701799453,1.7133466752338122,3.180772938781532,2.472629921863403,3.003912684766239,-0.332308936172155,1.8305047423335687,0.2096287293373245,2.5002972612568777
33.0,60.0,1000.5574340820312,-4.381898594930713,-3.791857037160896,1.7133466535977178,3.1807729387594823,2.4727517422386085,3.003911124847282,-0.3323096562698512,1.8305073849497624,0.2102773823162725,2.5003638402035047
33.0,60.0,1000.5574340820312,-4.381819337840787,-3.791887715689892,1.7133470221284717,3.180752990498023,2.4726236554590004,3.003993201630446,-0.3323089203393228,1.8305130898070647,0.2100941497653917,2.500187130008367
33.0,60.0,1000.5574340820312,-4.381898594930713,-3.791857037160896,1.7133466535977178,3.1807729387594823,2.4727517422386085,3.003911124847282,-0.3323096562698512,1.8305073849497624,0.2102773823162725,2.5003638402035047
33.0,60.0,1000.5574340820312,-4.381817914631319,-3.7918878838698,1.7133470382615823,3.1807499349885195,2.472630510146705,3.0039971327515187,-0.332308990375089,1.8303642746692588,0.2101484813062478,2.500187130008367
33.0,60.0,1000.5574951171876,-4.381472909630912,-3.7918877399557216,1.7133470382615823,3.1807180685066694,2.4726278788117297,3.0039087682400427,-0.3323088523073134,1.830356427471305,0.2100839624715045,2.500187130008367
33.0,60.0,1000.5574951171876,-4.38147292210326,-3.79185701799453,1.7133466752338122,3.180772938781532,2.4726325588627023,3.004140921310827,-0.332308936172155,1.8305047423335687,0.2096287293373245,2.5002972612568777
33.0,60.0,1000.5574951171876,-4.381820879052624,-3.791892492132812,1.711280132295937,3.179885589795867,2.4726215210064657,3.004162138323343,-0.3323097780781382,1.8302824032852656,0.2098002881075076,2.5000636106145127
33.0,61.0,1000.556640625,-4.38181940135786,-3.791778330632264,1.7134419238061829,3.17980328694178,2.4726228990197168,3.0039144072125445,-0.3323098242434407,1.830269828573444,0.2098040830902798,2.5001840595817204
33.0,61.0,1000.556640625,-4.381814120828863,-3.791889306630688,1.7133415193417625,3.1798142378369483,2.472622226478584,3.0039028238605945,-0.3323097924635406,1.8305047423335687,0.2095966902289222,2.500161194716319
33.0,61.0,1000.5567016601562,-4.38181940135786,-3.791784581565517,1.7134419238061829,3.179885589795867,2.472621722721116,3.0039892240847528,-0.3323097985721673,1.83027185357664,0.2098040830902798,2.500266320013535
33.0,61.0,1000.5567016601562,-4.38181940135786,-3.7917783572603647,1.7134419238061829,3.179888280696873,2.4726228990197168,3.0039892240847528,-0.3323097985721673,1.8302718589293043,0.2098040830902798,2.500266320013535
33.0,61.0,1000.5567016601562,-4.38181940135786,-3.791778330632264,1.7134419238061829,3.179888280696873,2.4726228990197168,3.0039892240847528,-0.3323097985721673,1.8302718589293043,0.2098040830902798,2.500266320013535
33.0,61.0,1000.5567016601562,-4.38181940135786,-3.7917846081936175,1.7134419238061829,3.179885589795867,2.472621722721116,3.0039892240847528,-0.3323097985721673,1.83027185357664,0.2098040830902798,2.500266320013535
33.0,61.0,1000.5567016601562,-4.3818194049197565,-3.791887715689892,1.7133470382615823,3.179861528627661,2.4726229368689894,3.0039971327515187,-0.3323098233321653,1.8302718261222213,0.2098007353995168,2.500187130008367
33.0,61.0,1000.5567016601562,-4.381854264851451,-3.791912217994976,1.7134419238061829,3.179885589795867,2.4726214658253465,3.0039892240847528,-0.3323097985721673,1.83027185357664,0.209788122379522,2.5001947394642774
33.0,61.0,1000.5567016601562,-4.38181940135786,-3.7917784332779374,1.7134419238061829,3.179888280696873,2.4726229062944345,3.0039892240847528,-0.3323097985721673,1.8302718588271472,0.2098040830902798,2.500266320013535
33.0,61.0,1000.5567016601562,-4.38181940464872,-3.7917846081936175,1.7134419238061829,3.179885589795867,2.472621722721116,3.003989712831982,-0.3323097985721673,1.83027185357664,0.2098175919326786,2.500266320013535
33.0,61.0,1000.5567016601562,-4.38181940135786,-3.7917784332779374,1.7134419238061829,3.17989214252606,2.4726229063061007,3.003989142368156,-0.3323097985721673,1.830271860988448,0.2098040830902798,2.500266320013535
33.0,61.0,1000.5567016601562,-4.38181940135786,-3.791778330632264,1.7134419238061829,3.179888280696873,2.4726228990197168,3.0039892240847528,-0.3323097985721673,1.8302718589293043,0.2098040830902798,2.500266320013535
33.0,61.0,1000.5567016601562,-4.381853786349335,-3.791912217994976,1.7134400166982118,3.1799183074722857,2.4726214658253465,3.003989775186441,-0.3323097985721673,1.8302718706374848,0.2097882411266993,2.5001947394642774
33.0,61.0,1000.5567016601562,-4.381819708353258,-3.791912217994976,1.7134419238061829,3.179885589795867,2.4726214658253465,3.004005171511715,-0.3323097985721673,1.83027185357664,0.209788122379522,2.5001947394642774
33.0,61.0,1000.5567626953124,-4.3818075638743474,-3.79179237876638,1.7133476101608789,3.179885589795867,2.472621722721116,3.0039892240847528,-0.3323097985721673,1.830270270440899,0.2097922818736574,2.500265958689807
33.0,61.0,1000.5567626953124,-4.3818539608866365,-3.791888054932324,1.7133470382615823,3.1797897943723124,2.47261371432555,3.0039121435389977,-0.3323098233321653,1.830362597585377,0.2100839624715045,2.500195261757568
33.0,61.0,1000.5567626953124,-4.3818531800513,-3.791888056905002,1.7133470382615823,3.1797897943723124,2.47261371432555,3.0039121435389977,-0.3323098233321653,1.830349682740645,0.2100839624715045,2.500181061470313
33.0,61.0,1000.5567626953124,-4.381819338058967,-3.791887732068786,1.7133477971635358,3.179884827881972,2.4726228918976165,3.003997529238174,-0.3323097918298172,1.8302718530708453,0.2098068347946629,2.500265440708505
33.0,61.0,1000.5567626953124,-4.38181985266406,-3.79179237876638,1.7133470708796936,3.179885589795867,2.4726215038653008,3.0039892240847528,-0.3323097985721673,1.830270424537164,0.2097922818736574,2.500186985663781
33.0,61.0,1000.5568237304688,-4.381819337840787,-3.7918887498293135,1.7133470382615823,3.1798526537146925,2.472622921622184,3.0039971327515187,-0.3323097915499456,1.8302718261222213,0.2100435597262938,2.500187130008367
33.0,61.0,1000.5568237304688,-4.38181940135786,-3.7917752254317088,1.7133452172789605,3.179885589795867,2.472611476475276,3.0041533432506906,-0.3323097985721673,1.83027185357664,0.2098004022067666,2.500266320013535
33.0,61.0,1000.5568237304688,-4.381819337840787,-3.791894974134467,1.7133470382615823,3.1798499628136865,2.4726217453235826,3.0039971327515187,-0.3323097915499456,1.8302718207695576,0.2100435597262938,2.500187130008367
33.0,61.0,1000.5568237304688,-4.381819337840787,-3.791888006964588,1.7133470382615823,3.17984839430746,2.4726217453235826,3.003992923489787,-0.3323097915499456,1.8302718207695576,0.2100435597262938,2.500187119976414
33.0,61.0,1000.5568237304688,-4.381853447794578,-3.7918879952386666,1.7133470382615823,3.1798070354408097,2.47261371432555,3.0039121435389977,-0.3323098233321653,1.830358369128528,0.2100839624715045,2.5001862859905204
33.0,61.0,1000.5568237304688,-4.381819337840787,-3.791888002085088,1.7133470382615823,3.1798452957106536,2.4727469802154727,3.004005780399976,-0.3323097915499456,1.8303516652924792,0.2100435597262938,2.500187130008367
33.0,61.0,1000.5568237304688,-4.381819337840787,-3.79188798227838,1.7133470382615823,3.17987049423573,2.472613091716388,3.0039034125139734,-0.3323098255058635,1.8303497062410623,0.210076373108414,2.5001802825335715
33.0,61.0,1000.5568237304688,-4.381819337840787,-3.791888002085088,1.7133470382615823,3.1798452957106536,2.4727469802154727,3.004005780399976,-0.3323097915499456,1.8303516652924792,0.2100435597262938,2.500187130008367
33.0,61.0,1000.5568237304688,-4.381826324077832,-3.7918880319861454,1.7133470382615823,3.17984839430746,2.4726217453235826,3.0039952842713467,-0.3323097915499456,1.8302719668048368,0.2100399875369845,2.500187120356509
33.0,61.0,1000.5568237304688,-4.381819337840787,-3.7918887498293135,1.7133470382615823,3.1798526537146925,2.472622921622184,3.0039971327515187,-0.3323097915499456,1.8302718261222213,0.2100435597262938,2.500187130008367
33.0,61.0,1000.5568237304688,-4.381819337840787,-3.791888742935583,1.7134444498886217,3.1798020057033964,2.472622924459816,3.0039971327515187,-0.3323098233321653,1.830269731303676,0.2101014284933135,2.5001840036017864
33.0,61.0,1000.5568237304688,-4.38185235145674,-3.791887978517148,1.7133470382615823,3.1798070354408097,2.472613091716388,3.0039121435389977,-0.3323098233321653,1.830489280451036,0.2100839624715045,2.5001952769406994
33.0,61.0,1000.5568237304688,-4.381819337840787,-3.791855225110817,1.7133470382615823,3.179861528627661,2.472630266852,3.003997048291195,-0.3323098235903515,1.8302718261222213,0.2100839624715045,2.500187130008367
33.0,61.0,1000.5568237304688,-4.381819337840787,-3.791894974134467,1.7133470382615823,3.1798499628136865,2.4726217453235826,3.0039971327515187,-0.3323097915499456,1.8302718207695576,0.2100435597262938,2.500187130008367
33.0,61.0,1000.5568237304688,-4.381819525996626,-3.791888032164669,1.7133470382615823,3.17984839430746,2.4726217453235826,3.003992923489787,-0.3323097915499456,1.8302718207695576,0.2100435117979291,2.500187119976414
33.0,61.0,1000.556884765625,-4.381819337840787,-3.791887715689892,1.7133470382615823,3.179861528627661,2.4726236554590004,3.0039971327515187,-0.3323098233321653,1.8302718261222213,0.2100839624715045,2.500187130008367
33.0,61.0,1000.556884765625,-4.381819337840787,-3.79188798227838,1.7133470382615823,3.1798070354408097,2.472613091716388,3.0039121435389977,-0.3323098233321653,1.830489280451036,0.2100839624715045,2.5001862859905204
33.0,61.0,1000.556884765625,-4.381819337840787,-3.791887715689892,1.7133470382615823,3.179861528627661,2.4726236554590004,3.0039971327515187,-0.3323098233321653,1.8302718261222213,0.2100839624715045,2.500187130008367
33.0,61.0,1000.556884765625,-4.381819337840787,-3.7918887498293135,1.7133470382615823,3.179864092964862,2.472622921622184,3.0039971327515187,-0.3323088696153506,1.8302718261222213,0.2100843839618705,2.500187130008367
33.0,61.0,1000.556884765625,-4.381819337840787,-3.791887715689892,1.7133470382615823,3.179861528627661,2.4726236554590004,3.0039971327515187,-0.3323098233321653,1.8302718261222213,0.2100839624715045,2.500187130008367
33.0,61.0,1000.556884765625,-4.381819337840787,-3.791894949448259,1.7133470382615823,3.179808603947037,2.472613091716388,3.0039163528007293,-0.3323098233321653,1.830489280451036,0.2100839624715045,2.500186296022473
33.0,61.0,1000.556884765625,-4.381827473367215,-3.791887715689892,1.7133470382615823,3.179861528627661,2.4726236554590004,3.0039999850079515,-0.3323098233321653,1.8302718261222213,0.2100839624715045,2.500187130008367
33.0,61.0,1000.556884765625,-4.381819337840787,-3.7918889530436735,1.7133470382615823,3.179864092964862,2.4726265299607024,3.0039971327515187,-0.3323088519647549,1.830272837183084,0.2100843839618705,2.500187130008367
33.0,61.0,1000.556884765625,-4.381819337840787,-3.791888742935583,1.7133470382615823,3.1798614679038866,2.472622924459816,3.0039971327515187,-0.3323098233321653,1.8302718261222213,0.2100843655086684,2.500187130008367
33.0,61.0,1000.556884765625,-4.381819337840787,-3.791887996293581,1.7133470382615823,3.179861528627661,2.4726222976802164,3.003997048291195,-0.3323098235903515,1.8302718261222213,0.2100839624715045,2.500187130008367
33.0,61.0,1000.556884765625,-4.381819337840787,-3.791888742935583,1.7133470382615823,3.1798614679038866,2.472622924459816,3.0039971327515187,-0.3323098233321653,1.8302718261222213,0.2100843655086684,2.500187130008367
33.0,61.0,1000.5571899414062,-4.381905100908243,-3.791857037160896,1.7133466606826762,3.180772938781532,2.472630087203766,3.003895978710347,-0.332308936172155,1.8305047423335687,0.2096287293373245,2.5002972612568777
33.0,61.0,1000.5572509765624,-4.381814120828863,-3.791861357583452,1.7133418644501492,3.180772938781532,2.4726300864551902,3.0039028238605945,-0.3323097555640621,1.8305047423335687,0.2095966902289222,2.500161194716319
33.0,61.0,1000.5572509765624,-4.381854263761891,-3.791887531692416,1.7133485716357548,3.180738244920369,2.4726304068747,3.0039892080018777,-0.3323089451530793,1.830368255523076,0.2097956942576026,2.500025171794692
33.0,61.0,1000.5573120117188,-4.3819050884358965,-3.791887759122088,1.7133470237104464,3.1807180685066694,2.472746266600641,3.0039046359750783,-0.3323088523073134,1.830351350020007,0.2100839624715045,2.500187130008367
33.0,61.0,1000.5573120117188,-4.381897076712429,-3.791857037160896,1.7133467894681775,3.180772938781532,2.4726233289978574,3.0039097274128856,-0.332309799522126,1.8305047423335687,0.2098774324352117,2.5001040968110075
33.0,62.0,1000.5550537109376,-4.38181940135786,-3.7918852769912177,1.7133452172789605,3.179885589795867,2.472621789210623,3.0039974152187248,-0.3392424168100743,1.8302718184491515,0.2100573064455622,2.5002640547246995
33.0,62.0,1000.556640625,-4.38181940135786,-3.791778330632264,1.7134419238061829,3.17980328694178,2.4726228990197168,3.0039144072125445,-0.3323098242434407,1.830269828573444,0.2098040830902798,2.5001840595817204
33.0,62.0,1000.556640625,-4.381814120828863,-3.791889306630688,1.7133415193417625,3.1798142378369483,2.472622226478584,3.0039028238605945,-0.3323097924635406,1.8305047423335687,0.2095966902289222,2.500161194716319
33.0,62.0,1000.556640625,-4.38181940135786,-3.791784902704416,1.7134419238061829,3.1798052224054687,2.472621722721116,3.0039892240847528,-0.3323097985721673,1.83027185357664,0.2098040830902798,2.500184355220211
33.0,62.0,1000.556640625,-4.381819400772345,-3.791778330632264,1.7134419238061829,3.179870780061612,2.4726228990197168,3.003904196214776,-0.3323097985721673,1.8302718589293043,0.2097993223354578,2.500180952520912
33.0,62.0,1000.556640625,-4.38181940135786,-3.791778330632264,1.7134419238061829,3.17980328694178,2.4726228990197168,3.0039144072125445,-0.3323098242434407,1.830269828573444,0.2098040830902798,2.5001840595817204
33.0,62.0,1000.5567016601562,-4.38181940135786,-3.791784581565517,1.7134419238061829,3.179885589795867,2.472621722721116,3.0039892240847528,-0.3323097985721673,1.83027185357664,0.2098040830902798,2.500266320013535
33.0,62.0,1000.5567016601562,-4.38181940135786,-3.7917783572603647,1.7134419238061829,3.179888280696873,2.4726228990197168,3.0039892240847528,-0.3323097985721673,1.8302718589293043,0.2098040830902798,2.500266320013535
33.0,62.0,1000.5567016601562,-4.38181940135786,-3.791778330632264,1.7134419238061829,3.179888280696873,2.4726228990197168,3.0039892240847528,-0.3323097985721673,1.8302718589293043,0.2098040830902798,2.500266320013535
33.0,62.0,1000.5567016601562,-4.38181940135786,-3.7917846081936175,1.7134419238061829,3.179885589795867,2.472621722721116,3.0039892240847528,-0.3323097985721673,1.83027185357664,0.2098040830902798,2.500266320013535
33.0,62.0,1000.5567016601562,-4.3818194049197565,-3.791887715689892,1.7133470382615823,3.179861528627661,2.4726229368689894,3.0039971327515187,-0.3323098233321653,1.8302718261222213,0.2098007353995168,2.500187130008367
33.0,62.0,1000.5567016601562,-4.381854264851451,-3.791912217994976,1.7134419238061829,3.179885589795867,2.4726214658253465,3.0039892240847528,-0.3323097985721673,1.83027185357664,0.209788122379522,2.5001947394642774
33.0,62.0,1000.5567016601562,-4.38181940135786,-3.7917784332779374,1.7134419238061829,3.179888280696873,2.4726229062944345,3.0039892240847528,-0.3323097985721673,1.8302718588271472,0.2098040830902798,2.500266320013535
33.0,62.0,1000.5567016601562,-4.38181940464872,-3.7917846081936175,1.7134419238061829,3.179885589795867,2.472621722721116,3.003989712831982,-0.3323097985721673,1.83027185357664,0.2098175919326786,2.500266320013535
33.0,62.0,1000.5567016601562,-4.38181940135786,-3.7917784332779374,1.7134419238061829,3.17989214252606,2.4726229063061007,3.003989142368156,-0.3323097985721673,1.830271860988448,0.2098040830902798,2.500266320013535
33.0,62.0,1000.5567016601562,-4.38181940135786,-3.791778330632264,1.7134419238061829,3.179888280696873,2.4726228990197168,3.0039892240847528,-0.3323097985721673,1.8302718589293043,0.2098040830902798,2.500266320013535
33.0,62.0,1000.5567016601562,-4.381853786349335,-3.791912217994976,1.7134400166982118,3.1799183074722857,2.4726214658253465,3.003989775186441,-0.3323097985721673,1.8302718706374848,0.2097882411266993,2.5001947394642774
33.0,62.0,1000.5567016601562,-4.381819708353258,-3.791912217994976,1.7134419238061829,3.179885589795867,2.4726214658253465,3.004005171511715,-0.3323097985721673,1.83027185357664,0.209788122379522,2.5001947394642774
33.0,62.0,1000.5567016601562,-4.381819337840787,-3.7918921064521895,1.7133470382615823,3.179869018756936,2.472613091716388,3.0039034125139734,-0.3323098255058635,1.830269249265963,0.2098040701309385,2.5001802825335715
33.0,62.0,1000.5567016601562,-4.381856481410366,-3.791914410764467,1.7134400460185677,3.1798922446972067,2.4726214658253465,3.003989184044836,-0.3323097985721673,1.8302718706374848,0.2097882411266993,2.500194846302981
33.0,62.0,1000.5567016601562,-4.381819335612462,-3.791771788876585,1.713443505156672,3.179884827881972,2.4726228918976165,3.003997529238174,-0.3323097918298172,1.8302718587658056,0.2098068347946629,2.500265440708505
33.0,62.0,1000.5567016601562,-4.381854264851451,-3.791780343111506,1.7134419238061829,3.179885589795867,2.4726214658253465,3.0039892240847528,-0.3323097985721673,1.83027185357664,0.209788122379522,2.5001947394642774
33.0,62.0,1000.5567016601562,-4.381819711191833,-3.791912217994976,1.7134419238061829,3.179885589795867,2.4726214658253465,3.0039892438611075,-0.3323097985721673,1.830271859088809,0.209802997917482,2.5001947394642774
33.0,62.0,1000.5567016601562,-4.3818194049197565,-3.791887715689892,1.7133470382615823,3.179861528627661,2.4726229368689894,3.0039971327515187,-0.3323098233321653,1.8302718261222213,0.2098007353995168,2.500187130008367
33.0,62.0,1000.5567016601562,-4.38181940135786,-3.791778330632264,1.7134419238061829,3.179888280696873,2.4726228990197168,3.0039892240847528,-0.3323097985721673,1.830271858940379,0.2098040830902798,2.500195892904429
33.0,62.0,1000.5567016601562,-4.38181940135786,-3.791784581565517,1.7134416892150182,3.179885589795867,2.472621722721116,3.0039892240847528,-0.3323097985721673,1.830270251039665,0.2098040830902798,2.50026596477373
33.0,62.0,1000.5567016601562,-4.381819708353258,-3.791912217994976,1.7134419238061829,3.1798851518076185,2.472622920874615,3.004004825988213,-0.3323097985721673,1.830271807304123,0.2097894288761733,2.5001947394642774
33.0,62.0,1000.5567626953124,-4.3818075638743474,-3.79179237876638,1.7133476101608789,3.179885589795867,2.472621722721116,3.0039892240847528,-0.3323097985721673,1.830270270440899,0.2097922818736574,2.500265958689807
33.0,62.0,1000.5567626953124,-4.3818539608866365,-3.791888054932324,1.7133470382615823,3.1797897943723124,2.47261371432555,3.0039121435389977,-0.3323098233321653,1.830362597585377,0.2100839624715045,2.500195261757568
33.0,62.0,1000.5567626953124,-4.3818531800513,-3.791888056905002,1.7133470382615823,3.1797897943723124,2.47261371432555,3.0039121435389977,-0.3323098233321653,1.830349682740645,0.2100839624715045,2.500181061470313
33.0,62.0,1000.5567626953124,-4.381819338058967,-3.791887732068786,1.7133477971635358,3.179884827881972,2.4726228918976165,3.003997529238174,-0.3323097918298172,1.8302718530708453,0.2098068347946629,2.500265440708505
33.0,62.0,1000.5567626953124,-4.38181985266406,-3.79179237876638,1.7133470708796936,3.179885589795867,2.4726215038653008,3.0039892240847528,-0.3323097985721673,1.830270424537164,0.2097922818736574,2.500186985663781
33.0,62.0,1000.5567626953124,-4.3818075638743474,-3.79179237876638,1.7133478447520434,3.179885589795867,2.472621722721116,3.0039892240847528,-0.3323097985721673,1.8302718729778744,0.2097922818736574,2.500266313929612
33.0,62.0,1000.5567626953124,-4.381854000687931,-3.7918889530436735,1.7133470382615823,3.179789296440648,2.4726140246043857,3.0039093060365896,-0.3323088519647549,1.830272837183084,0.2100839757600459,2.500187130008367
33.0,62.0,1000.5567626953124,-4.381813681594485,-3.791887715689892,1.7133473993714898,3.179861528627661,2.4726229368689894,3.003997186459204,-0.3323098233321653,1.8302718261222213,0.2098007353995168,2.5001902480316542
33.0,62.0,1000.5567626953124,-4.3818531800513,-3.791888056905002,1.7133470382615823,3.1797897943723124,2.47261371432555,3.0039121435389977,-0.3323098233321653,1.830349682740645,0.2100839624715045,2.500181061470313
33.0,62.0,1000.5567626953124,-4.381816706296829,-3.7917762405084456,1.7134418944858272,3.179918205301139,2.4726229063061007,3.0039897335097616,-0.3323097985721673,1.830271860988448,0.2098040830902798,2.5002662131748314
33.0,62.0,1000.5568237304688,-4.381819337840787,-3.7918887498293135,1.7133470382615823,3.1798526537146925,2.472622921622184,3.0039971327515187,-0.3323097915499456,1.8302718261222213,0.2100435597262938,2.500187130008367
33.0,62.0,1000.5568237304688,-4.38181940135786,-3.7917752254317088,1.7133452172789605,3.179885589795867,2.472611476475276,3.0041533432506906,-0.3323097985721673,1.83027185357664,0.2098004022067666,2.500266320013535
33.0,62.0,1000.5568237304688,-4.381819337840787,-3.791894974134467,1.7133470382615823,3.1798499628136865,2.4726217453235826,3.0039971327515187,-0.3323097915499456,1.8302718207695576,0.2100435597262938,2.500187130008367
33.0,62.0,1000.5568237304688,-4.381819337840787,-3.791888006964588,1.7133470382615823,3.17984839430746,2.4726217453235826,3.003992923489787,-0.3323097915499456,1.8302718207695576,0.2100435597262938,2.500187119976414
33.0,62.0,1000.5568237304688,-4.381853447794578,-3.7918879952386666,1.7133470382615823,3.1798070354408097,2.47261371432555,3.0039121435389977,-0.3323098233321653,1.830358369128528,0.2100839624715045,2.5001862859905204
33.0,62.0,1000.5568237304688,-4.381819337840787,-3.791888002085088,1.7133470382615823,3.1798452957106536,2.4727469802154727,3.004005780399976,-0.3323097915499456,1.8303516652924792,0.2100435597262938,2.500187130008367
33.0,62.0,1000.5568237304688,-4.381819337840787,-3.79188798227838,1.7133470382615823,3.17987049423573,2.472613091716388,3.0039034125139734,-0.3323098255058635,1.8303497062410623,0.210076373108414,2.5001802825335715
33.0,62.0,1000.5568237304688,-4.381819337840787,-3.791888002085088,1.7133470382615823,3.1798452957106536,2.4727469802154727,3.004005780399976,-0.3323097915499456,1.8303516652924792,0.2100435597262938,2.500187130008367
33.0,62.0,1000.5568237304688,-4.381826324077832,-3.7918880319861454,1.7133470382615823,3.17984839430746,2.4726217453235826,3.0039952842713467,-0.3323097915499456,1.8302719668048368,0.2100399875369845,2.500187120356509
33.0,62.0,1000.5568237304688,-4.381819337840787,-3.7918887498293135,1.7133470382615823,3.1798526537146925,2.472622921622184,3.0039971327515187,-0.3323097915499456,1.8302718261222213,0.2100435597262938,2.500187130008367
33.0,62.0,1000.5568237304688,-4.381819337840787,-3.791888742935583,1.7134444498886217,3.1798020057033964,2.472622924459816,3.0039971327515187,-0.3323098233321653,1.830269731303676,0.2101014284933135,2.5001840036017864
33.0,62.0,1000.5568237304688,-4.38185235145674,-3.791887978517148,1.7133470382615823,3.1798070354408097,2.472613091716388,3.0039121435389977,-0.3323098233321653,1.830489280451036,0.2100839624715045,2.5001952769406994
33.0,62.0,1000.5568237304688,-4.381819337840787,-3.791855225110817,1.7133470382615823,3.179861528627661,2.472630266852,3.003997048291195,-0.3323098235903515,1.8302718261222213,0.2100839624715045,2.500187130008367
33.0,63.0,1000.5550537109376,-4.38181940135786,-3.7918852769912177,1.7133452172789605,3.179885589795867,2.472621789210623,3.0039974152187248,-0.3392424168100743,1.8302718184491515,0.2100573064455622,2.5002640547246995
33.0,63.0,1000.5550537109376,-4.38181940135786,-3.7918852769912177,1.7133452172789605,3.179885589795867,2.4726217846193133,3.0039974152187248,-0.3392424168100743,1.8302718536763567,0.2100764405489061,2.5002640547246995
33.0,63.0,1000.556640625,-4.38181940135786,-3.791778330632264,1.7134419238061829,3.17980328694178,2.4726228990197168,3.0039144072125445,-0.3323098242434407,1.830269828573444,0.2098040830902798,2.5001840595817204
33.0,63.0,1000.556640625,-4.381814120828863,-3.791889306630688,1.7133415193417625,3.1798142378369483,2.472622226478584,3.0039028238605945,-0.3323097924635406,1.8305047423335687,0.2095966902289222,2.500161194716319
33.0,63.0,1000.556640625,-4.38181940135786,-3.791784902704416,1.7134419238061829,3.1798052224054687,2.472621722721116,3.0039892240847528,-0.3323097985721673,1.83027185357664,0.2098040830902798,2.500184355220211
33.0,63.0,1000.556640625,-4.381819400772345,-3.791778330632264,1.7134419238061829,3.179870780061612,2.4726228990197168,3.003904196214776,-0.3323097985721673,1.8302718589293043,0.2097993223354578,2.500180952520912
33.0,63.0,1000.556640625,-4.38181940135786,-3.791778330632264,1.7134419238061829,3.17980328694178,2.4726228990197168,3.0039144072125445,-0.3323098242434407,1.830269828573444,0.2098040830902798,2.5001840595817204
33.0,63.0,1000.556640625,-4.38181940135786,-3.791778330632264,1.7134419238061829,3.17980328694178,2.4726228990197168,3.0039144072125445,-0.3323098242434407,1.830269828573444,0.2098040830902798,2.5001840595817204
33.0,63.0,1000.556640625,-4.381819400760793,-3.791778330632264,1.7134419238061829,3.179870780061612,2.4726228990197168,3.003904196214776,-0.3323097985721673,1.8302718589293043,0.2098038435210859,2.500181185883959
33.0,63.0,1000.556640625,-4.38181940135786,-3.791778627601584,1.7134419238061829,3.1798052224054687,2.472621722721116,3.0039892240847528,-0.3323097985721673,1.83027185357664,0.2098040830902798,2.500196041323285
33.0,63.0,1000.556640625,-4.38181940135786,-3.791778330632264,1.7134419238061829,3.17980328694178,2.4726228990197168,3.0039144072125445,-0.3323098242434407,1.830269828573444,0.2098040830902798,2.5001840595817204
33.0,63.0,1000.5567016601562,-4.38181940135786,-3.791784581565517,1.7134419238061829,3.179885589795867,2.472621722721116,3.0039892240847528,-0.3323097985721673,1.83027185357664,0.2098040830902798,2.500266320013535
33.0,63.0,1000.5567016601562,-4.38181940135786,-3.7917783572603647,1.7134419238061829,3.179888280696873,2.4726228990197168,3.0039892240847528,-0.3323097985721673,1.8302718589293043,0.2098040830902798,2.500266320013535
33.0,63.0,1000.5567016601562,-4.38181940135786,-3.791778330632264,1.7134419238061829,3.179888280696873,2.4726228990197168,3.0039892240847528,-0.3323097985721673,1.8302718589293043,0.2098040830902798,2.500266320013535
33.0,63.0,1000.5567016601562,-4.38181940135786,-3.7917846081936175,1.7134419238061829,3.179885589795867,2.472621722721116,3.0039892240847528,-0.3323097985721673,1.83027185357664,0.2098040830902798,2.500266320013535
33.0,63.0,1000.5567016601562,-4.3818194049197565,-3.791887715689892,1.7133470382615823,3.179861528627661,2.4726229368689894,3.0039971327515187,-0.3323098233321653,1.8302718261222213,0.2098007353995168,2.500187130008367
33.0,63.0,1000.5567016601562,-4.381854264851451,-3.791912217994976,1.7134419238061829,3.179885589795867,2.4726214658253465,3.0039892240847528,-0.3323097985721673,1.83027185357664,0.209788122379522,2.5001947394642774
33.0,63.0,1000.5567016601562,-4.38181940135786,-3.7917784332779374,1.7134419238061829,3.179888280696873,2.4726229062944345,3.0039892240847528,-0.3323097985721673,1.8302718588271472,0.2098040830902798,2.500266320013535
33.0,63.0,1000.5567016601562,-4.38181940464872,-3.7917846081936175,1.7134419238061829,3.179885589795867,2.472621722721116,3.003989712831982,-0.3323097985721673,1.83027185357664,0.2098175919326786,2.500266320013535
33.0,63.0,1000.5567016601562,-4.38181940135786,-3.7917784332779374,1.7134419238061829,3.17989214252606,2.4726229063061007,3.003989142368156,-0.3323097985721673,1.830271860988448,0.2098040830902798,2.500266320013535
33.0,63.0,1000.5567016601562,-4.38181940135786,-3.791778330632264,1.7134419238061829,3.179888280696873,2.4726228990197168,3.0039892240847528,-0.3323097985721673,1.8302718589293043,0.2098040830902798,2.500266320013535
33.0,63.0,1000.5567016601562,-4.381853786349335,-3.791912217994976,1.7134400166982118,3.1799183074722857,2.4726214658253465,3.003989775186441,-0.3323097985721673,1.8302718706374848,0.2097882411266993,2.5001947394642774
33.0,63.0,1000.5567016601562,-4.381819708353258,-3.791912217994976,1.7134419238061829,3.179885589795867,2.4726214658253465,3.004005171511715,-0.3323097985721673,1.83027185357664,0.209788122379522,2.5001947394642774
33.0,63.0,1000.5567016601562,-4.381819337840787,-3.7918921064521895,1.7133470382615823,3.179869018756936,2.472613091716388,3.0039034125139734,-0.3323098255058635,1.830269249265963,0.2098040701309385,2.5001802825335715
33.0,63.0,1000.5567016601562,-4.381856481410366,-3.791914410764467,1.7134400460185677,3.1798922446972067,2.4726214658253465,3.003989184044836,-0.3323097985721673,1.8302718706374848,0.2097882411266993,2.500194846302981
33.0,63.0,1000.5567016601562,-4.381819335612462,-3.791771788876585,1.713443505156672,3.179884827881972,2.4726228918976165,3.003997529238174,-0.3323097918298172,1.8302718587658056,0.2098068347946629,2.500265440708505
33.0,63.0,1000.5567016601562,-4.381854264851451,-3.791780343111506,1.7134419238061829,3.179885589795867,2.4726214658253465,3.0039892240847528,-0.3323097985721673,1.83027185357664,0.209788122379522,2.5001947394642774
33.0,63.0,1000.5567016601562,-4.381819711191833,-3.791912217994976,1.7134419238061829,3.179885589795867,2.4726214658253465,3.0039892438611075,-0.3323097985721673,1.830271859088809,0.209802997917482,2.5001947394642774
33.0,63.0,1000.5567016601562,-4.3818194049197565,-3.791887715689892,1.7133470382615823,3.179861528627661,2.4726229368689894,3.0039971327515187,-0.3323098233321653,1.8302718261222213,0.2098007353995168,2.500187130008367
33.0,63.0,1000.5567016601562,-4.38181940135786,-3.791778330632264,1.7134419238061829,3.179888280696873,2.4726228990197168,3.0039892240847528,-0.3323097985721673,1.830271858940379,0.2098040830902798,2.500195892904429
33.0,63.0,1000.5567016601562,-4.38181940135786,-3.791784581565517,1.7134416892150182,3.179885589795867,2.472621722721116,3.0039892240847528,-0.3323097985721673,1.830270251039665,0.2098040830902798,2.50026596477373
33.0,63.0,1000.5567016601562,-4.381819708353258,-3.791912217994976,1.7134419238061829,3.1798851518076185,2.472622920874615,3.004004825988213,-0.3323097985721673,1.830271807304123,0.2097894288761733,2.5001947394642774
33.0,63.0,1000.5567016601562,-4.38181940135786,-3.7917783572603647,1.7134419238061829,3.179888280696873,2.4726228990197168,3.0039892240847528,-0.3323097985721673,1.8302718589293043,0.2098040830902798,2.500266320013535
33.0,63.0,1000.5567016601562,-4.381856481410366,-3.791914410764467,1.7134400460185677,3.1798922446972067,2.4726214658253465,3.003989184044836,-0.3323097985721673,1.8302718706374848,0.2097882411266993,2.500194846302981
33.0,63.0,1000.5567016601562,-4.38181940135786,-3.791778366100951,1.7134419238061829,3.1798883200248675,2.472621654352842,3.0039892240847528,-0.3323097985721673,1.83027185357664,0.2098040830902798,2.500266320013535
33.0,63.0,1000.5567016601562,-4.381819706884902,-3.791912217994976,1.7134419215107717,3.1798851518076185,2.472622920874615,3.00400533696056,-0.3323097985721673,1.8302703213536964,0.209803667404464,2.5001947394642774
33.0,63.0,1000.5567016601562,-4.381818361466363,-3.7917784332779374,1.7134419238061829,3.1798856490056164,2.4726229062944345,3.0039892240847528,-0.3323097985721673,1.8302718588309912,0.2097882360048752,2.500266320013535
33.0,63.0,1000.5567016601562,-4.38181939712578,-3.791912217994976,1.7134414891841945,3.179885570293098,2.472622869259157,3.004004825988213,-0.3323097985721673,1.830271807304123,0.2097894288761733,2.5001947394642774
33.0,63.0,1000.5567016601562,-4.38181940135786,-3.79178454609683,1.7134419238061829,3.179885550467872,2.472622967387991,3.0039892240847528,-0.3323097985721673,1.8302718589293043,0.2098040830902798,2.500266320013535
33.0,63.0,1000.5567626953124,-4.3818075638743474,-3.79179237876638,1.7133476101608789,3.179885589795867,2.472621722721116,3.0039892240847528,-0.3323097985721673,1.830270270440899,0.2097922818736574,2.500265958689807
33.0,63.0,1000.5567626953124,-4.3818539608866365,-3.791888054932324,1.7133470382615823,3.1797897943723124,2.47261371432555,3.0039121435389977,-0.3323098233321653,1.830362597585377,0.2100839624715045,2.500195261757568
33.0,63.0,1000.5567626953124,-4.3818531800513,-3.791888056905002,1.7133470382615823,3.1797897943723124,2.47261371432555,3.0039121435389977,-0.3323098233321653,1.830349682740645,0.2100839624715045,2.500181061470313
33.0,63.0,1000.5567626953124,-4.381819338058967,-3.791887732068786,1.7133477971635358,3.179884827881972,2.4726228918976165,3.003997529238174,-0.3323097918298172,1.8302718530708453,0.2098068347946629,2.500265440708505
33.0,63.0,1000.5567626953124,-4.38181985266406,-3.79179237876638,1.7133470708796936,3.179885589795867,2.4726215038653008,3.0039892240847528,-0.3323097985721673,1.830270424537164,0.2097922818736574,2.500186985663781
33.0,63.0,1000.5567626953124,-4.3818075638743474,-3.79179237876638,1.7133478447520434,3.179885589795867,2.472621722721116,3.0039892240847528,-0.3323097985721673,1.8302718729778744,0.2097922818736574,2.500266313929612
33.0,63.0,1000.5567626953124,-4.381854000687931,-3.7918889530436735,1.7133470382615823,3.179789296440648,2.4726140246043857,3.0039093060365896,-0.3323088519647549,1.830272837183084,0.2100839757600459,2.500187130008367
33.0,63.0,1000.5567626953124,-4.381813681594485,-3.791887715689892,1.7133473993714898,3.179861528627661,2.4726229368689894,3.003997186459204,-0.3323098233321653,1.8302718261222213,0.2098007353995168,2.5001902480316542
33.0,63.0,1000.5567626953124,-4.3818531800513,-3.791888056905002,1.7133470382615823,3.1797897943723124,2.47261371432555,3.0039121435389977,-0.3323098233321653,1.830349682740645,0.2100839624715045,2.500181061470313
33.0,63.0,1000.5567626953124,-4.381816706296829,-3.7917762405084456,1.7134418944858272,3.179918205301139,2.4726229063061007,3.0039897335097616,-0.3323097985721673,1.830271860988448,0.2098040830902798,2.5002662131748314
33.0,63.0,1000.5567626953124,-4.381819404867021,-3.79188850973681,1.7133412480856978,3.179862707865119,2.47262289786918,3.0039971327515187,-0.3323098233321653,1.8302718261222213,0.209800759522831,2.500187130008367
33.0,64.0,1000.5550537109376,-4.38181940135786,-3.7918852769912177,1.7133452172789605,3.179885589795867,2.472621789210623,3.0039974152187248,-0.3392424168100743,1.8302718184491515,0.2100573064455622,2.5002640547246995
33.0,64.0,1000.5550537109376,-4.38181940135786,-3.7918852769912177,1.7133452172789605,3.179885589795867,2.4726217846193133,3.0039974152187248,-0.3392424168100743,1.8302718536763567,0.2100764405489061,2.5002640547246995
33.0,64.0,1000.556640625,-4.38181940135786,-3.791778330632264,1.7134419238061829,3.17980328694178,2.4726228990197168,3.0039144072125445,-0.3323098242434407,1.830269828573444,0.2098040830902798,2.5001840595817204
33.0,64.0,1000.556640625,-4.381814120828863,-3.791889306630688,1.7133415193417625,3.1798142378369483,2.472622226478584,3.0039028238605945,-0.3323097924635406,1.8305047423335687,0.2095966902289222,2.500161194716319
33.0,64.0,1000.556640625,-4.38181940135786,-3.791784902704416,1.7134419238061829,3.1798052224054687,2.472621722721116,3.0039892240847528,-0.3323097985721673,1.83027185357664,0.2098040830902798,2.500184355220211
33.0,64.0,1000.556640625,-4.381819400772345,-3.791778330632264,1.7134419238061829,3.179870780061612,2.4726228990197168,3.003904196214776,-0.3323097985721673,1.8302718589293043,0.2097993223354578,2.500180952520912
33.0,64.0,1000.556640625,-4.38181940135786,-3.791778330632264,1.7134419238061829,3.17980328694178,2.4726228990197168,3.0039144072125445,-0.3323098242434407,1.830269828573444,0.2098040830902798,2.5001840595817204
33.0,64.0,1000.556640625,-4.38181940135786,-3.791778330632264,1.7134419238061829,3.17980328694178,2.4726228990197168,3.0039144072125445,-0.3323098242434407,1.830269828573444,0.2098040830902798,2.5001840595817204
33.0,64.0,1000.556640625,-4.381819400760793,-3.791778330632264,1.7134419238061829,3.179870780061612,2.4726228990197168,3.003904196214776,-0.3323097985721673,1.8302718589293043,0.2098038435210859,2.500181185883959
33.0,64.0,1000.556640625,-4.38181940135786,-3.791778627601584,1.7134419238061829,3.1798052224054687,2.472621722721116,3.0039892240847528,-0.3323097985721673,1.83027185357664,0.2098040830902798,2.500196041323285
33.0,64.0,1000.556640625,-4.38181940135786,-3.791778330632264,1.7134419238061829,3.17980328694178,2.4726228990197168,3.0039144072125445,-0.3323098242434407,1.830269828573444,0.2098040830902798,2.5001840595817204
33.0,64.0,1000.556640625,-4.38181940135786,-3.791778330632264,1.7134419238061829,3.17980328694178,2.4726228990197168,3.0039144072125445,-0.3323098242434407,1.830269828573444,0.2098040830902798,2.5001840595817204
33.0,64.0,1000.556640625,-4.38181940135786,-3.7917785957996735,1.7134419238061829,3.1798052224054687,2.472621722721116,3.0039892240847528,-0.3323097985721673,1.83027185357664,0.2098040830902798,2.500196041323285
33.0,64.0,1000.556640625,-4.38181940135786,-3.791778330632264,1.7134419238061829,3.17980328694178,2.4726228990197168,3.0039144072125445,-0.3323098242434407,1.830269828573444,0.2098040830902798,2.5001840595817204
33.0,64.0,1000.556640625,-4.38181940135786,-3.791778330632264,1.7134419238061829,3.17980328694178,2.4726228990197168,3.0039144072125445,-0.3323098242434407,1.830269828573444,0.2098040830902798,2.5001840595817204
33.0,64.0,1000.5567016601562,-4.38181940135786,-3.791784581565517,1.7134419238061829,3.179885589795867,2.472621722721116,3.0039892240847528,-0.3323097985721673,1.83027185357664,0.2098040830902798,2.500266320013535
33.0,64.0,1000.5567016601562,-4.38181940135786,-3.7917783572603647,1.7134419238061829,3.179888280696873,2.4726228990197168,3.0039892240847528,-0.3323097985721673,1.8302718589293043,0.2098040830902798,2.500266320013535
33.0,64.0,1000.5567016601562,-4.38181940135786,-3.791778330632264,1.7134419238061829,3.179888280696873,2.4726228990197168,3.0039892240847528,-0.3323097985721673,1.8302718589293043,0.2098040830902798,2.500266320013535
33.0,64.0,1000.5567016601562,-4.38181940135786,-3.7917846081936175,1.7134419238061829,3.179885589795867,2.472621722721116,3.0039892240847528,-0.3323097985721673,1.83027185357664,0.2098040830902798,2.500266320013535
33.0,64.0,1000.5567016601562,-4.3818194049197565,-3.791887715689892,1.7133470382615823,3.179861528627661,2.4726229368689894,3.0039971327515187,-0.3323098233321653,1.8302718261222213,0.2098007353995168,2.500187130008367
33.0,64.0,1000.5567016601562,-4.381854264851451,-3.791912217994976,1.7134419238061829,3.179885589795867,2.4726214658253465,3.0039892240847528,-0.3323097985721673,1.83027185357664,0.209788122379522,2.5001947394642774
33.0,64.0,1000.5567016601562,-4.38181940135786,-3.7917784332779374,1.7134419238061829,3.179888280696873,2.4726229062944345,3.0039892240847528,-0.3323097985721673,1.8302718588271472,0.2098040830902798,2.500266320013535
33.0,64.0,1000.5567016601562,-4.38181940464872,-3.7917846081936175,1.7134419238061829,3.179885589795867,2.472621722721116,3.003989712831982,-0.3323097985721673,1.83027185357664,0.2098175919326786,2.500266320013535
33.0,64.0,1000.5567016601562,-4.38181940135786,-3.7917784332779374,1.7134419238061829,3.17989214252606,2.4726229063061007,3.003989142368156,-0.3323097985721673,1.830271860988448,0.2098040830902798,2.500266320013535
33.0,64.0,1000.5567016601562,-4.38181940135786,-3.791778330632264,1.7134419238061829,3.179888280696873,2.4726228990197168,3.0039892240847528,-0.3323097985721673,1.8302718589293043,0.2098040830902798,2.500266320013535
33.0,64.0,1000.5567016601562,-4.381853786349335,-3.791912217994976,1.7134400166982118,3.1799183074722857,2.4726214658253465,3.003989775186441,-0.3323097985721673,1.8302718706374848,0.2097882411266993,2.5001947394642774
33.0,64.0,1000.5567016601562,-4.381819708353258,-3.791912217994976,1.7134419238061829,3.179885589795867,2.4726214658253465,3.004005171511715,-0.3323097985721673,1.83027185357664,0.209788122379522,2.5001947394642774
33.0,64.0,1000.5567016601562,-4.381819337840787,-3.7918921064521895,1.7133470382615823,3.179869018756936,2.472613091716388,3.0039034125139734,-0.3323098255058635,1.830269249265963,0.2098040701309385,2.5001802825335715
33.0,64.0,1000.5567016601562,-4.381856481410366,-3.791914410764467,1.7134400460185677,3.1798922446972067,2.4726214658253465,3.003989184044836,-0.3323097985721673,1.8302718706374848,0.2097882411266993,2.500194846302981
33.0,64.0,1000.5567016601562,-4.381819335612462,-3.791771788876585,1.713443505156672,3.179884827881972,2.4726228918976165,3.003997529238174,-0.3323097918298172,1.8302718587658056,0.2098068347946629,2.500265440708505
33.0,64.0,1000.5567016601562,-4.381854264851451,-3.791780343111506,1.7134419238061829,3.179885589795867,2.4726214658253465,3.0039892240847528,-0.3323097985721673,1.83027185357664,0.209788122379522,2.5001947394642774
33.0,64.0,1000.5567016601562,-4.381819711191833,-3.791912217994976,1.7134419238061829,3.179885589795867,2.4726214658253465,3.0039892438611075,-0.3323097985721673,1.830271859088809,0.209802997917482,2.5001947394642774
33.0,64.0,1000.5567016601562,-4.3818194049197565,-3.791887715689892,1.7133470382615823,3.179861528627661,2.4726229368689894,3.0039971327515187,-0.3323098233321653,1.8302718261222213,0.2098007353995168,2.500187130008367
33.0,64.0,1000.5567016601562,-4.38181940135786,-3.791778330632264,1.7134419238061829,3.179888280696873,2.4726228990197168,3.0039892240847528,-0.3323097985721673,1.830271858940379,0.2098040830902798,2.500195892904429
33.0,64.0,1000.5567016601562,-4.38181940135786,-3.791784581565517,1.7134416892150182,3.179885589795867,2.472621722721116,3.0039892240847528,-0.3323097985721673,1.830270251039665,0.2098040830902798,2.50026596477373
33.0,64.0,1000.5567016601562,-4.381819708353258,-3.791912217994976,1.7134419238061829,3.1798851518076185,2.472622920874615,3.004004825988213,-0.3323097985721673,1.830271807304123,0.2097894288761733,2.5001947394642774
33.0,64.0,1000.5567016601562,-4.38181940135786,-3.7917783572603647,1.7134419238061829,3.179888280696873,2.4726228990197168,3.0039892240847528,-0.3323097985721673,1.8302718589293043,0.2098040830902798,2.500266320013535
33.0,64.0,1000.5567016601562,-4.381856481410366,-3.791914410764467,1.7134400460185677,3.1798922446972067,2.4726214658253465,3.003989184044836,-0.3323097985721673,1.8302718706374848,0.2097882411266993,2.500194846302981
33.0,64.0,1000.5567016601562,-4.38181940135786,-3.791778366100951,1.7134419238061829,3.1798883200248675,2.472621654352842,3.0039892240847528,-0.3323097985721673,1.83027185357664,0.2098040830902798,2.500266320013535
33.0,64.0,1000.5567016601562,-4.381819706884902,-3.791912217994976,1.7134419215107717,3.1798851518076185,2.472622920874615,3.00400533696056,-0.3323097985721673,1.8302703213536964,0.209803667404464,2.5001947394642774
33.0,64.0,1000.5567016601562,-4.381818361466363,-3.7917784332779374,1.7134419238061829,3.1798856490056164,2.4726229062944345,3.0039892240847528,-0.3323097985721673,1.8302718588309912,0.2097882360048752,2.500266320013535
33.0,64.0,1000.5567016601562,-4.38181939712578,-3.791912217994976,1.7134414891841945,3.179885570293098,2.472622869259157,3.004004825988213,-0.3323097985721673,1.830271807304123,0.2097894288761733,2.5001947394642774
33.0,64.0,1000.5567016601562,-4.38181940135786,-3.79178454609683,1.7134419238061829,3.179885550467872,2.472622967387991,3.0039892240847528,-0.3323097985721673,1.8302718589293043,0.2098040830902798,2.500266320013535
33.0,64.0,1000.5567016601562,-4.381819335612462,-3.791918294234288,1.713443505156672,3.1798922577430364,2.4726228918976165,3.003997529238174,-0.3323097918298172,1.8302718704751009,0.2098072646021924,2.500264764715354
33.0,64.0,1000.5567016601562,-4.381856481410366,-3.791914410764467,1.7134400460185677,3.1798922446972067,2.472621391733433,3.003989276715532,-0.3323098229296341,1.8302718706374848,0.2097875639885329,2.500194846302981
33.0,64.0,1000.5567016601562,-4.38181940135786,-3.791784581565517,1.7134419238061829,3.179885589795867,2.472621722721116,3.0039892240847528,-0.3323097985721673,1.83027185357664,0.2098040830902798,2.500266320013535
33.0,64.0,1000.5567016601562,-4.381819405283714,-3.791912217994976,1.7134414933600222,3.179885570293098,2.472621513511391,3.003988920419378,-0.3323097985721673,1.8302718606928483,0.2097894288761733,2.5001947394642774
33.0,64.0,1000.5567016601562,-4.38181940135786,-3.791778330632264,1.7134419238061829,3.179888280696873,2.4726228990197168,3.003904309346316,-0.3323097985721673,1.8302718589293043,0.209803842452376,2.500180365684158
33.0,64.0,1000.5567016601562,-4.38181940135786,-3.791778330632264,1.713441871838831,3.179915461455209,2.4726214768142296,3.003988588994152,-0.3323098242434407,1.830269828573444,0.2098044592731526,2.500194752615316
33.0,64.0,1000.5567016601562,-4.381814120828863,-3.791889306630688,1.713340749390814,3.1798142378369483,2.472622226478584,3.0039026726012343,-0.3323097981718039,1.8305047423335687,0.2098008754579082,2.500181552946221
33.0,65.0,1000.5546875,-4.38181940135786,-3.791778627601584,1.7134419238061829,3.1798052224054687,2.472621723255481,3.003989213511831,-0.3393118396180737,1.830271817663044,0.209799146504672,2.500195661863125
33.0,65.0,1000.5549926757812,-4.38181940135786,-3.791778721641262,1.7133452172789605,3.1798045113757065,2.4726217846877434,3.0039974152187248,-0.3396447365653333,1.8302718536763567,0.2100764405489061,2.5002640547246995
33.0,65.0,1000.5550537109376,-4.38181940135786,-3.7918852769912177,1.7133452172789605,3.179885589795867,2.472621789210623,3.0039974152187248,-0.3392424168100743,1.8302718184491515,0.2100573064455622,2.5002640547246995
33.0,65.0,1000.5550537109376,-4.38181940135786,-3.7918852769912177,1.7133452172789605,3.179885589795867,2.4726217846193133,3.0039974152187248,-0.3392424168100743,1.8302718536763567,0.2100764405489061,2.5002640547246995
33.0,65.0,1000.5550537109376,-4.38181940135786,-3.7918852769912177,1.7133452172789605,3.179885589795867,2.4726217846193133,3.0039974152187248,-0.3392424168100743,1.8302718536763567,0.2100764405489061,2.5002640547246995
33.0,65.0,1000.5565795898438,-4.381819496917717,-3.791784902704416,1.7134371663813943,3.1798052224054687,2.4726217191519915,3.003986394983294,-0.3323097985721673,1.83027185357664,0.2095959113671822,2.500184355220211
33.0,65.0,1000.556640625,-4.38181940135786,-3.791778330632264,1.7134419238061829,3.17980328694178,2.4726228990197168,3.0039144072125445,-0.3323098242434407,1.830269828573444,0.2098040830902798,2.5001840595817204
33.0,65.0,1000.556640625,-4.381814120828863,-3.791889306630688,1.7133415193417625,3.1798142378369483,2.472622226478584,3.0039028238605945,-0.3323097924635406,1.8305047423335687,0.2095966902289222,2.500161194716319
33.0,65.0,1000.556640625,-4.38181940135786,-3.791784902704416,1.7134419238061829,3.1798052224054687,2.472621722721116,3.0039892240847528,-0.3323097985721673,1.83027185357664,0.2098040830902798,2.500184355220211
33.0,65.0,1000.556640625,-4.381819400772345,-3.791778330632264,1.7134419238061829,3.179870780061612,2.4726228990197168,3.003904196214776,-0.3323097985721673,1.8302718589293043,0.2097993223354578,2.500180952520912
33.0,65.0,1000.556640625,-4.38181940135786,-3.791778330632264,1.7134419238061829,3.17980328694178,2.4726228990197168,3.0039144072125445,-0.3323098242434407,1.830269828573444,0.2098040830902798,2.5001840595817204
33.0,65.0,1000.556640625,-4.38181940135786,-3.791778330632264,1.7134419238061829,3.17980328694178,2.4726228990197168,3.0039144072125445,-0.3323098242434407,1.830269828573444,0.2098040830902798,2.5001840595817204
33.0,65.0,1000.556640625,-4.381819400760793,-3.791778330632264,1.7134419238061829,3.179870780061612,2.4726228990197168,3.003904196214776,-0.3323097985721673,1.8302718589293043,0.2098038435210859,2.500181185883959
33.0,65.0,1000.556640625,-4.38181940135786,-3.791778627601584,1.7134419238061829,3.1798052224054687,2.472621722721116,3.0039892240847528,-0.3323097985721673,1.83027185357664,0.2098040830902798,2.500196041323285
33.0,65.0,1000.556640625,-4.38181940135786,-3.791778330632264,1.7134419238061829,3.17980328694178,2.4726228990197168,3.0039144072125445,-0.3323098242434407,1.830269828573444,0.2098040830902798,2.5001840595817204
33.0,65.0,1000.556640625,-4.38181940135786,-3.791778330632264,1.7134419238061829,3.17980328694178,2.4726228990197168,3.0039144072125445,-0.3323098242434407,1.830269828573444,0.2098040830902798,2.5001840595817204
33.0,65.0,1000.556640625,-4.38181940135786,-3.7917785957996735,1.7134419238061829,3.1798052224054687,2.472621722721116,3.0039892240847528,-0.3323097985721673,1.83027185357664,0.2098040830902798,2.500196041323285
33.0,65.0,1000.556640625,-4.38181940135786,-3.791778330632264,1.7134419238061829,3.17980328694178,2.4726228990197168,3.0039144072125445,-0.3323098242434407,1.830269828573444,0.2098040830902798,2.5001840595817204
33.0,65.0,1000.556640625,-4.38181940135786,-3.791778330632264,1.7134419238061829,3.17980328694178,2.4726228990197168,3.0039144072125445,-0.3323098242434407,1.830269828573444,0.2098040830902798,2.5001840595817204
33.0,65.0,1000.556640625,-4.38181940135786,-3.791778330632264,1.7134419238061829,3.1797947620832887,2.4726228990197168,3.0039144072125445,-0.3323098240241939,1.8302698172074048,0.2098040830902798,2.5001840595817204
33.0,65.0,1000.556640625,-4.381819338977749,-3.791778330632264,1.7134403099852704,3.17980328694178,2.4726228990197168,3.0039144072125445,-0.3323098242434407,1.830269218101244,0.2098040830902798,2.5001839197146807
33.0,65.0,1000.556640625,-4.38181940135786,-3.791778330632264,1.7134419238061829,3.17980328694178,2.4726228990197168,3.0039144072125445,-0.3323098242434407,1.830269828573444,0.2098040830902798,2.5001840595817204
33.0,65.0,1000.556640625,-4.38181940135786,-3.791778330632264,1.7134419238061829,3.17980328694178,2.4726228990197168,3.0039144072125445,-0.3323098242434407,1.830269828573444,0.2098040830902798,2.5001840595817204
33.0,65.0,1000.556640625,-4.38181940135786,-3.7917783572083534,1.7134419238061829,3.1798030697636626,2.4726228990197168,3.0039144197484235,-0.3323098265500257,1.8302698420912624,0.2098040830902798,2.500184508799208
33.0,65.0,1000.556640625,-4.381819400760793,-3.791778433866032,1.7134419238061829,3.179870780061612,2.4726228990197168,3.003904196214776,-0.3323097985721673,1.8302718590766007,0.2098038416705281,2.500181185883959
33.0,65.0,1000.556640625,-4.3818188390256285,-3.791778330632264,1.7134419123935558,3.17980328694178,2.472622913652932,3.003991720276954,-0.3323097991303854,1.830269828573444,0.2098039232991075,2.5001840595817204
33.0,65.0,1000.556640625,-4.38181940135786,-3.791778330632264,1.7134419238061829,3.17980328694178,2.4726228990197168,3.0039144072125445,-0.3323098242434407,1.830269828573444,0.2098040830902798,2.5001840595817204
33.0,65.0,1000.556640625,-4.38181940135786,-3.791778627601584,1.7134419238061829,3.1798052224054687,2.472621722721116,3.0039892240847528,-0.3323097985721673,1.83027185357664,0.2098040830902798,2.500196041323285
33.0,65.0,1000.5567016601562,-4.38181940135786,-3.791784581565517,1.7134419238061829,3.179885589795867,2.472621722721116,3.0039892240847528,-0.3323097985721673,1.83027185357664,0.2098040830902798,2.500266320013535
33.0,65.0,1000.5567016601562,-4.38181940135786,-3.7917783572603647,1.7134419238061829,3.179888280696873,2.4726228990197168,3.0039892240847528,-0.3323097985721673,1.8302718589293043,0.2098040830902798,2.500266320013535
33.0,65.0,1000.5567016601562,-4.38181940135786,-3.791778330632264,1.7134419238061829,3.179888280696873,2.4726228990197168,3.0039892240847528,-0.3323097985721673,1.8302718589293043,0.2098040830902798,2.500266320013535
33.0,65.0,1000.5567016601562,-4.38181940135786,-3.7917846081936175,1.7134419238061829,3.179885589795867,2.472621722721116,3.0039892240847528,-0.3323097985721673,1.83027185357664,0.2098040830902798,2.500266320013535
33.0,65.0,1000.5567016601562,-4.3818194049197565,-3.791887715689892,1.7133470382615823,3.179861528627661,2.4726229368689894,3.0039971327515187,-0.3323098233321653,1.8302718261222213,0.2098007353995168,2.500187130008367
33.0,65.0,1000.5567016601562,-4.381854264851451,-3.791912217994976,1.7134419238061829,3.179885589795867,2.4726214658253465,3.0039892240847528,-0.3323097985721673,1.83027185357664,0.209788122379522,2.5001947394642774
33.0,65.0,1000.5567016601562,-4.38181940135786,-3.7917784332779374,1.7134419238061829,3.179888280696873,2.4726229062944345,3.0039892240847528,-0.3323097985721673,1.8302718588271472,0.2098040830902798,2.500266320013535
33.0,65.0,1000.5567016601562,-4.38181940464872,-3.7917846081936175,1.7134419238061829,3.179885589795867,2.472621722721116,3.003989712831982,-0.3323097985721673,1.83027185357664,0.2098175919326786,2.500266320013535
33.0,65.0,1000.5567016601562,-4.38181940135786,-3.7917784332779374,1.7134419238061829,3.17989214252606,2.4726229063061007,3.003989142368156,-0.3323097985721673,1.830271860988448,0.2098040830902798,2.500266320013535
33.0,65.0,1000.5567016601562,-4.38181940135786,-3.791778330632264,1.7134419238061829,3.179888280696873,2.4726228990197168,3.0039892240847528,-0.3323097985721673,1.8302718589293043,0.2098040830902798,2.500266320013535
33.0,65.0,1000.5567016601562,-4.381853786349335,-3.791912217994976,1.7134400166982118,3.1799183074722857,2.4726214658253465,3.003989775186441,-0.3323097985721673,1.8302718706374848,0.2097882411266993,2.5001947394642774
33.0,65.0,1000.5567016601562,-4.381819708353258,-3.791912217994976,1.7134419238061829,3.179885589795867,2.4726214658253465,3.004005171511715,-0.3323097985721673,1.83027185357664,0.209788122379522,2.5001947394642774
33.0,65.0,1000.5567016601562,-4.381819337840787,-3.7918921064521895,1.7133470382615823,3.179869018756936,2.472613091716388,3.0039034125139734,-0.3323098255058635,1.830269249265963,0.2098040701309385,2.5001802825335715
33.0,65.0,1000.5567016601562,-4.381856481410366,-3.791914410764467,1.7134400460185677,3.1798922446972067,2.4726214658253465,3.003989184044836,-0.3323097985721673,1.8302718706374848,0.2097882411266993,2.500194846302981
33.0,65.0,1000.5567016601562,-4.381819335612462,-3.791771788876585,1.713443505156672,3.179884827881972,2.4726228918976165,3.003997529238174,-0.3323097918298172,1.8302718587658056,0.2098068347946629,2.500265440708505
33.0,65.0,1000.5567016601562,-4.381854264851451,-3.791780343111506,1.7134419238061829,3.179885589795867,2.4726214658253465,3.0039892240847528,-0.3323097985721673,1.83027185357664,0.209788122379522,2.5001947394642774
33.0,65.0,1000.5567016601562,-4.381819711191833,-3.791912217994976,1.7134419238061829,3.179885589795867,2.4726214658253465,3.0039892438611075,-0.3323097985721673,1.830271859088809,0.209802997917482,2.5001947394642774
33.0,65.0,1000.5567016601562,-4.3818194049197565,-3.791887715689892,1.7133470382615823,3.179861528627661,2.4726229368689894,3.0039971327515187,-0.3323098233321653,1.8302718261222213,0.2098007353995168,2.500187130008367
33.0,65.0,1000.5567016601562,-4.38181940135786,-3.791778330632264,1.7134419238061829,3.179888280696873,2.4726228990197168,3.0039892240847528,-0.3323097985721673,1.830271858940379,0.2098040830902798,2.500195892904429
33.0,65.0,1000.5567016601562,-4.38181940135786,-3.791784581565517,1.7134416892150182,3.179885589795867,2.472621722721116,3.0039892240847528,-0.3323097985721673,1.830270251039665,0.2098040830902798,2.50026596477373
33.0,65.0,1000.5567016601562,-4.381819708353258,-3.791912217994976,1.7134419238061829,3.1798851518076185,2.472622920874615,3.004004825988213,-0.3323097985721673,1.830271807304123,0.2097894288761733,2.5001947394642774
33.0,65.0,1000.5567016601562,-4.38181940135786,-3.7917783572603647,1.7134419238061829,3.179888280696873,2.4726228990197168,3.0039892240847528,-0.3323097985721673,1.8302718589293043,0.2098040830902798,2.500266320013535
33.0,66.0,1000.5546875,-4.38181940135786,-3.791778627601584,1.7134419238061829,3.1798052224054687,2.472621723255481,3.003989213511831,-0.3393118396180737,1.830271817663044,0.209799146504672,2.500195661863125
33.0,66.0,1000.5546875,-4.38181940135786,-3.791778627601584,1.7134419238061829,3.1798052224054687,2.472621723255481,3.003989213511831,-0.3393118396180737,1.8302718183847533,0.209799146504672,2.500195661863125
33.0,66.0,1000.5546875,-4.38181940135786,-3.7918852769912177,1.7133452172789605,3.179885589795867,2.4726217194203817,3.003989438544547,-0.3392424168100743,1.8302718184491515,0.2097917493187052,2.500264106009989
33.0,66.0,1000.5546875,-4.38181940135786,-3.7918852769912177,1.7133434757077812,3.1798075837340387,2.4726217238664288,3.0039889024259048,-0.3392424168100743,1.8302718536793248,0.2098030312165331,2.5002583669291565
33.0,66.0,1000.5546875,-4.38181940076474,-3.791778635153447,1.7134419238061829,3.17980404970328,2.4726228990197168,3.003988646673388,-0.3395337406399784,1.8302718166332308,0.2097991644911946,2.500180952520912
33.0,66.0,1000.5548095703124,-4.38181940135786,-3.7918852769912177,1.7133452172789605,3.179884274222679,2.472621789210623,3.0039974152187248,-0.3392424168100743,1.8302719691718043,0.2098030604079895,2.5001853075008964
33.0,66.0,1000.5549926757812,-4.38181940135786,-3.791778721641262,1.7133452172789605,3.1798045113757065,2.4726217846877434,3.0039974152187248,-0.3396447365653333,1.8302718536763567,0.2100764405489061,2.5002640547246995
33.0,66.0,1000.5550537109376,-4.38181940135786,-3.7918852769912177,1.7133452172789605,3.179885589795867,2.472621789210623,3.0039974152187248,-0.3392424168100743,1.8302718184491515,0.2100573064455622,2.5002640547246995
33.0,66.0,1000.5550537109376,-4.38181940135786,-3.7918852769912177,1.7133452172789605,3.179885589795867,2.4726217846193133,3.0039974152187248,-0.3392424168100743,1.8302718536763567,0.2100764405489061,2.5002640547246995
33.0,66.0,1000.5550537109376,-4.38181940135786,-3.7918852769912177,1.7133452172789605,3.179885589795867,2.4726217846193133,3.0039974152187248,-0.3392424168100743,1.8302718536763567,0.2100764405489061,2.5002640547246995
33.0,66.0,1000.55517578125,-4.38181940135786,-3.7918852769912177,1.7133458768909229,3.179885589795867,2.4726217846193133,3.003915636532504,-0.3391818195039253,1.8302718536763567,0.2100764405489061,2.500181660800102
33.0,66.0,1000.5552368164062,-4.381819477365161,-3.7918790340174255,1.7133452172789605,3.1798045113757065,2.4726217846877434,3.0038968685369496,-0.3396447365653333,1.830272752098813,0.2100764405489061,2.500154364834337
33.0,66.0,1000.5565795898438,-4.381819496917717,-3.791784902704416,1.7134371663813943,3.1798052224054687,2.4726217191519915,3.003986394983294,-0.3323097985721673,1.83027185357664,0.2095959113671822,2.500184355220211
33.0,66.0,1000.5565795898438,-4.38185413425732,-3.79191732303618,1.7134370880776784,3.1798052224054687,2.472621467488695,3.003986394983294,-0.3323097985721673,1.83027185357664,0.2095959113671822,2.500184355220211
33.0,66.0,1000.556640625,-4.38181940135786,-3.791778330632264,1.7134419238061829,3.17980328694178,2.4726228990197168,3.0039144072125445,-0.3323098242434407,1.830269828573444,0.2098040830902798,2.5001840595817204
33.0,66.0,1000.556640625,-4.381814120828863,-3.791889306630688,1.7133415193417625,3.1798142378369483,2.472622226478584,3.0039028238605945,-0.3323097924635406,1.8305047423335687,0.2095966902289222,2.500161194716319
33.0,66.0,1000.556640625,-4.38181940135786,-3.791784902704416,1.7134419238061829,3.1798052224054687,2.472621722721116,3.0039892240847528,-0.3323097985721673,1.83027185357664,0.2098040830902798,2.500184355220211
33.0,66.0,1000.556640625,-4.381819400772345,-3.791778330632264,1.7134419238061829,3.179870780061612,2.4726228990197168,3.003904196214776,-0.3323097985721673,1.8302718589293043,0.2097993223354578,2.500180952520912
33.0,66.0,1000.556640625,-4.38181940135786,-3.791778330632264,1.7134419238061829,3.17980328694178,2.4726228990197168,3.0039144072125445,-0.3323098242434407,1.830269828573444,0.2098040830902798,2.5001840595817204
33.0,66.0,1000.556640625,-4.38181940135786,-3.791778330632264,1.7134419238061829,3.17980328694178,2.4726228990197168,3.0039144072125445,-0.3323098242434407,1.830269828573444,0.2098040830902798,2.5001840595817204
33.0,66.0,1000.556640625,-4.381819400760793,-3.791778330632264,1.7134419238061829,3.179870780061612,2.4726228990197168,3.003904196214776,-0.3323097985721673,1.8302718589293043,0.2098038435210859,2.500181185883959
33.0,66.0,1000.556640625,-4.38181940135786,-3.791778627601584,1.7134419238061829,3.1798052224054687,2.472621722721116,3.0039892240847528,-0.3323097985721673,1.83027185357664,0.2098040830902798,2.500196041323285
33.0,66.0,1000.556640625,-4.38181940135786,-3.791778330632264,1.7134419238061829,3.17980328694178,2.4726228990197168,3.0039144072125445,-0.3323098242434407,1.830269828573444,0.2098040830902798,2.5001840595817204
33.0,66.0,1000.556640625,-4.38181940135786,-3.791778330632264,1.7134419238061829,3.17980328694178,2.4726228990197168,3.0039144072125445,-0.3323098242434407,1.830269828573444,0.2098040830902798,2.5001840595817204
33.0,66.0,1000.556640625,-4.38181940135786,-3.7917785957996735,1.7134419238061829,3.1798052224054687,2.472621722721116,3.0039892240847528,-0.3323097985721673,1.83027185357664,0.2098040830902798,2.500196041323285
33.0,66.0,1000.556640625,-4.38181940135786,-3.791778330632264,1.7134419238061829,3.17980328694178,2.4726228990197168,3.0039144072125445,-0.3323098242434407,1.830269828573444,0.2098040830902798,2.5001840595817204
33.0,66.0,1000.556640625,-4.38181940135786,-3.791778330632264,1.7134419238061829,3.17980328694178,2.4726228990197168,3.0039144072125445,-0.3323098242434407,1.830269828573444,0.2098040830902798,2.5001840595817204
33.0,66.0,1000.556640625,-4.38181940135786,-3.791778330632264,1.7134419238061829,3.1797947620832887,2.4726228990197168,3.0039144072125445,-0.3323098240241939,1.8302698172074048,0.2098040830902798,2.5001840595817204
33.0,66.0,1000.556640625,-4.381819338977749,-3.791778330632264,1.7134403099852704,3.17980328694178,2.4726228990197168,3.0039144072125445,-0.3323098242434407,1.830269218101244,0.2098040830902798,2.5001839197146807
33.0,66.0,1000.556640625,-4.38181940135786,-3.791778330632264,1.7134419238061829,3.17980328694178,2.4726228990197168,3.0039144072125445,-0.3323098242434407,1.830269828573444,0.2098040830902798,2.5001840595817204
33.0,66.0,1000.556640625,-4.38181940135786,-3.791778330632264,1.7134419238061829,3.17980328694178,2.4726228990197168,3.0039144072125445,-0.3323098242434407,1.830269828573444,0.2098040830902798,2.5001840595817204
33.0,66.0,1000.556640625,-4.38181940135786,-3.7917783572083534,1.7134419238061829,3.1798030697636626,2.4726228990197168,3.0039144197484235,-0.3323098265500257,1.8302698420912624,0.2098040830902798,2.500184508799208
33.0,66.0,1000.556640625,-4.381819400760793,-3.791778433866032,1.7134419238061829,3.179870780061612,2.4726228990197168,3.003904196214776,-0.3323097985721673,1.8302718590766007,0.2098038416705281,2.500181185883959
33.0,66.0,1000.556640625,-4.3818188390256285,-3.791778330632264,1.7134419123935558,3.17980328694178,2.472622913652932,3.003991720276954,-0.3323097991303854,1.830269828573444,0.2098039232991075,2.5001840595817204
33.0,66.0,1000.556640625,-4.38181940135786,-3.791778330632264,1.7134419238061829,3.17980328694178,2.4726228990197168,3.0039144072125445,-0.3323098242434407,1.830269828573444,0.2098040830902798,2.5001840595817204
33.0,66.0,1000.556640625,-4.38181940135786,-3.791778627601584,1.7134419238061829,3.1798052224054687,2.472621722721116,3.0039892240847528,-0.3323097985721673,1.83027185357664,0.2098040830902798,2.500196041323285
33.0,66.0,1000.556640625,-4.38181940135786,-3.791778330632264,1.7134419238061829,3.17980328694178,2.4726228990197168,3.0039144072125445,-0.3323098242434407,1.830269828573444,0.2098040830902798,2.5001840595817204
33.0,66.0,1000.556640625,-4.381819399660691,-3.791778330632264,1.7134403099852704,3.17980328694178,2.4726228990197168,3.0039039827585947,-0.3323098252580267,1.830269218101244,0.2098040830902798,2.5001839197146807
33.0,66.0,1000.556640625,-4.38181940135786,-3.791785055545838,1.7134419238061829,3.179804073536359,2.472621722721116,3.003913429277065,-0.3323098253123526,1.83027185357664,0.2098040830902798,2.500181658083336
33.0,66.0,1000.556640625,-4.38181940135786,-3.791778351605935,1.7134419238061829,3.17980351457708,2.4726228157644474,3.0039892240847528,-0.3323097985721673,1.830271858936924,0.2098040830902798,2.500257362836851
33.0,66.0,1000.556640625,-4.38181949062384,-3.791768051005849,1.7134418721164086,3.179870780061612,2.4726228990197168,3.003904196214776,-0.3323097984000903,1.8305062305665485,0.2095945524310583,2.500181185883959
33.0,66.0,1000.556640625,-4.381819400784649,-3.7917785957996735,1.7134419238061829,3.179803674040475,2.472621725827418,3.0039892240847528,-0.3323097985721673,1.8302718535699496,0.2098040830902798,2.500196041323285
33.0,66.0,1000.556640625,-4.381819404580021,-3.791778330632264,1.7134419238061829,3.17980328694178,2.47262291551662,3.0039159680926737,-0.3323098237097993,1.830269828573444,0.2098040826201949,2.5001840595817204
33.0,66.0,1000.556640625,-4.38181938943695,-3.791778330632264,1.7134419233973577,3.17980328694178,2.4726228990197168,3.0039144072125445,-0.3323098242434407,1.830269828573444,0.2098039138532861,2.5001840595817204
33.0,66.0,1000.556640625,-4.38181940135786,-3.791778330632264,1.7134412641942205,3.1797947620832887,2.4726228990197168,3.0039961858987656,-0.3323704213303429,1.8302698172074048,0.2098040830902798,2.5002664535063177
33.0,66.0,1000.556640625,-4.38181940135786,-3.791778627601584,1.7134419238061829,3.1798052224054687,2.472621722721116,3.0039892240847528,-0.3323097985721673,1.83027185357664,0.2098040830902798,2.500196041323285
33.0,66.0,1000.5567016601562,-4.38181940135786,-3.791784581565517,1.7134419238061829,3.179885589795867,2.472621722721116,3.0039892240847528,-0.3323097985721673,1.83027185357664,0.2098040830902798,2.500266320013535
33.0,66.0,1000.5567016601562,-4.38181940135786,-3.7917783572603647,1.7134419238061829,3.179888280696873,2.4726228990197168,3.0039892240847528,-0.3323097985721673,1.8302718589293043,0.2098040830902798,2.500266320013535
33.0,66.0,1000.5567016601562,-4.38181940135786,-3.791778330632264,1.7134419238061829,3.179888280696873,2.4726228990197168,3.0039892240847528,-0.3323097985721673,1.8302718589293043,0.2098040830902798,2.500266320013535
33.0,66.0,1000.5567016601562,-4.38181940135786,-3.7917846081936175,1.7134419238061829,3.179885589795867,2.472621722721116,3.0039892240847528,-0.3323097985721673,1.83027185357664,0.2098040830902798,2.500266320013535
33.0,67.0,1000.5546875,-4.38181940135786,-3.791778627601584,1.7134419238061829,3.1798052224054687,2.472621723255481,3.003989213511831,-0.3393118396180737,1.830271817663044,0.209799146504672,2.500195661863125
33.0,67.0,1000.5546875,-4.38181940135786,-3.791778627601584,1.7134419238061829,3.1798052224054687,2.472621723255481,3.003989213511831,-0.3393118396180737,1.8302718183847533,0.209799146504672,2.500195661863125
33.0,67.0,1000.5546875,-4.38181940135786,-3.7918852769912177,1.7133452172789605,3.179885589795867,2.4726217194203817,3.003989438544547,-0.3392424168100743,1.8302718184491515,0.2097917493187052,2.500264106009989
33.0,67.0,1000.5546875,-4.38181940135786,-3.7918852769912177,1.7133434757077812,3.1798075837340387,2.4726217238664288,3.0039889024259048,-0.3392424168100743,1.8302718536793248,0.2098030312165331,2.5002583669291565
33.0,67.0,1000.5546875,-4.38181940076474,-3.791778635153447,1.7134419238061829,3.17980404970328,2.4726228990197168,3.003988646673388,-0.3395337406399784,1.8302718166332308,0.2097991644911946,2.500180952520912
33.0,67.0,1000.5546875,-4.38181940135786,-3.791778330632264,1.7134419238061829,3.1797947620832887,2.4726228710285443,3.0039144072125445,-0.3392850114081545,1.8302694981096748,0.2098040830902798,2.50018380113737
33.0,67.0,1000.5547485351562,-4.38181940076474,-3.791778635153447,1.7134419238061829,3.17980404970328,2.4726228990197168,3.003911814764519,-0.3398534306625902,1.8302697769140552,0.2097991644911946,2.500180952520912
33.0,67.0,1000.5547485351562,-4.381819401351796,-3.7918816771208848,1.7133455713682733,3.179803674040475,2.472621726194029,3.0039892240847528,-0.3392683283135648,1.8302718535699496,0.2098040830902798,2.500194256195317
33.0,67.0,1000.5548095703124,-4.38181940135786,-3.7918852769912177,1.7133452172789605,3.179884274222679,2.472621789210623,3.0039974152187248,-0.3392424168100743,1.8302719691718043,0.2098030604079895,2.5001853075008964
33.0,67.0,1000.5549926757812,-4.38181940135786,-3.791778721641262,1.7133452172789605,3.1798045113757065,2.4726217846877434,3.0039974152187248,-0.3396447365653333,1.8302718536763567,0.2100764405489061,2.5002640547246995
33.0,67.0,1000.5550537109376,-4.38181940135786,-3.7918852769912177,1.7133452172789605,3.179885589795867,2.472621789210623,3.0039974152187248,-0.3392424168100743,1.8302718184491515,0.2100573064455622,2.5002640547246995
33.0,67.0,1000.5550537109376,-4.38181940135786,-3.7918852769912177,1.7133452172789605,3.179885589795867,2.4726217846193133,3.0039974152187248,-0.3392424168100743,1.8302718536763567,0.2100764405489061,2.5002640547246995
33.0,67.0,1000.5550537109376,-4.38181940135786,-3.7918852769912177,1.7133452172789605,3.179885589795867,2.4726217846193133,3.0039974152187248,-0.3392424168100743,1.8302718536763567,0.2100764405489061,2.5002640547246995
33.0,67.0,1000.55517578125,-4.38181940135786,-3.7918852769912177,1.7133458768909229,3.179885589795867,2.4726217846193133,3.003915636532504,-0.3391818195039253,1.8302718536763567,0.2100764405489061,2.500181660800102
33.0,67.0,1000.5552368164062,-4.381819477365161,-3.7918790340174255,1.7133452172789605,3.1798045113757065,2.4726217846877434,3.0038968685369496,-0.3396447365653333,1.830272752098813,0.2100764405489061,2.500154364834337
33.0,67.0,1000.5552368164062,-4.381819477365161,-3.7918790340174255,1.7133452172789605,3.1798045113757065,2.4726217846877434,3.0038968685369496,-0.3396447365653333,1.830272752098813,0.2100764405489061,2.500154364834337
33.0,67.0,1000.556396484375,-4.38181940135786,-3.791778627601584,1.7134419238061829,3.1798052224054687,2.4726230374823936,3.003989213511831,-0.3327055344960993,1.830269787801068,0.209799146504672,2.500195661863125
33.0,67.0,1000.5565185546876,-4.38181940135786,-3.791780950606967,1.7134469538323116,3.179885015963189,2.472621722848579,3.0039894383379906,-0.3326071168156705,1.830271853528697,0.2097917493187052,2.500264106009989
33.0,67.0,1000.5565795898438,-4.381819496917717,-3.791784902704416,1.7134371663813943,3.1798052224054687,2.4726217191519915,3.003986394983294,-0.3323097985721673,1.83027185357664,0.2095959113671822,2.500184355220211
33.0,67.0,1000.5565795898438,-4.38185413425732,-3.79191732303618,1.7134370880776784,3.1798052224054687,2.472621467488695,3.003986394983294,-0.3323097985721673,1.83027185357664,0.2095959113671822,2.500184355220211
33.0,67.0,1000.5565795898438,-4.38181940135786,-3.791778330632264,1.7134412678025306,3.17980328694178,2.4726228990197168,3.003913206775274,-0.3323707680458123,1.830269828573444,0.2098040830902798,2.5001806359779093
33.0,67.0,1000.556640625,-4.38181940135786,-3.791778330632264,1.7134419238061829,3.17980328694178,2.4726228990197168,3.0039144072125445,-0.3323098242434407,1.830269828573444,0.2098040830902798,2.5001840595817204
33.0,67.0,1000.556640625,-4.381814120828863,-3.791889306630688,1.7133415193417625,3.1798142378369483,2.472622226478584,3.0039028238605945,-0.3323097924635406,1.8305047423335687,0.2095966902289222,2.500161194716319
33.0,67.0,1000.556640625,-4.38181940135786,-3.791784902704416,1.7134419238061829,3.1798052224054687,2.472621722721116,3.0039892240847528,-0.3323097985721673,1.83027185357664,0.2098040830902798,2.500184355220211
33.0,67.0,1000.556640625,-4.381819400772345,-3.791778330632264,1.7134419238061829,3.179870780061612,2.4726228990197168,3.003904196214776,-0.3323097985721673,1.8302718589293043,0.2097993223354578,2.500180952520912
33.0,67.0,1000.556640625,-4.38181940135786,-3.791778330632264,1.7134419238061829,3.17980328694178,2.4726228990197168,3.0039144072125445,-0.3323098242434407,1.830269828573444,0.2098040830902798,2.5001840595817204
33.0,67.0,1000.556640625,-4.38181940135786,-3.791778330632264,1.7134419238061829,3.17980328694178,2.4726228990197168,3.0039144072125445,-0.3323098242434407,1.830269828573444,0.2098040830902798,2.5001840595817204
33.0,67.0,1000.556640625,-4.381819400760793,-3.791778330632264,1.7134419238061829,3.179870780061612,2.4726228990197168,3.003904196214776,-0.3323097985721673,1.8302718589293043,0.2098038435210859,2.500181185883959
33.0,67.0,1000.556640625,-4.38181940135786,-3.791778627601584,1.7134419238061829,3.1798052224054687,2.472621722721116,3.0039892240847528,-0.3323097985721673,1.83027185357664,0.2098040830902798,2.500196041323285
33.0,67.0,1000.556640625,-4.38181940135786,-3.791778330632264,1.7134419238061829,3.17980328694178,2.4726228990197168,3.0039144072125445,-0.3323098242434407,1.830269828573444,0.2098040830902798,2.5001840595817204
33.0,67.0,1000.556640625,-4.38181940135786,-3.791778330632264,1.7134419238061829,3.17980328694178,2.4726228990197168,3.0039144072125445,-0.3323098242434407,1.830269828573444,0.2098040830902798,2.5001840595817204
33.0,67.0,1000.556640625,-4.38181940135786,-3.7917785957996735,1.7134419238061829,3.1798052224054687,2.472621722721116,3.0039892240847528,-0.3323097985721673,1.83027185357664,0.2098040830902798,2.500196041323285
33.0,67.0,1000.556640625,-4.38181940135786,-3.791778330632264,1.7134419238061829,3.17980328694178,2.4726228990197168,3.0039144072125445,-0.3323098242434407,1.830269828573444,0.2098040830902798,2.5001840595817204
33.0,67.0,1000.556640625,-4.38181940135786,-3.791778330632264,1.7134419238061829,3.17980328694178,2.4726228990197168,3.0039144072125445,-0.3323098242434407,1.830269828573444,0.2098040830902798,2.5001840595817204
33.0,67.0,1000.556640625,-4.38181940135786,-3.791778330632264,1.7134419238061829,3.1797947620832887,2.4726228990197168,3.0039144072125445,-0.3323098240241939,1.8302698172074048,0.2098040830902798,2.5001840595817204
33.0,67.0,1000.556640625,-4.381819338977749,-3.791778330632264,1.7134403099852704,3.17980328694178,2.4726228990197168,3.0039144072125445,-0.3323098242434407,1.830269218101244,0.2098040830902798,2.5001839197146807
33.0,67.0,1000.556640625,-4.38181940135786,-3.791778330632264,1.7134419238061829,3.17980328694178,2.4726228990197168,3.0039144072125445,-0.3323098242434407,1.830269828573444,0.2098040830902798,2.5001840595817204
33.0,67.0,1000.556640625,-4.38181940135786,-3.791778330632264,1.7134419238061829,3.17980328694178,2.4726228990197168,3.0039144072125445,-0.3323098242434407,1.830269828573444,0.2098040830902798,2.5001840595817204
33.0,67.0,1000.556640625,-4.38181940135786,-3.7917783572083534,1.7134419238061829,3.1798030697636626,2.4726228990197168,3.0039144197484235,-0.3323098265500257,1.8302698420912624,0.2098040830902798,2.500184508799208
33.0,67.0,1000.556640625,-4.381819400760793,-3.791778433866032,1.7134419238061829,3.179870780061612,2.4726228990197168,3.003904196214776,-0.3323097985721673,1.8302718590766007,0.2098038416705281,2.500181185883959
33.0,67.0,1000.556640625,-4.3818188390256285,-3.791778330632264,1.7134419123935558,3.17980328694178,2.472622913652932,3.003991720276954,-0.3323097991303854,1.830269828573444,0.2098039232991075,2.5001840595817204
33.0,67.0,1000.556640625,-4.38181940135786,-3.791778330632264,1.7134419238061829,3.17980328694178,2.4726228990197168,3.0039144072125445,-0.3323098242434407,1.830269828573444,0.2098040830902798,2.5001840595817204
33.0,67.0,1000.556640625,-4.38181940135786,-3.791778627601584,1.7134419238061829,3.1798052224054687,2.472621722721116,3.0039892240847528,-0.3323097985721673,1.83027185357664,0.2098040830902798,2.500196041323285
33.0,67.0,1000.556640625,-4.38181940135786,-3.791778330632264,1.7134419238061829,3.17980328694178,2.4726228990197168,3.0039144072125445,-0.3323098242434407,1.830269828573444,0.2098040830902798,2.5001840595817204
33.0,67.0,1000.556640625,-4.381819399660691,-3.791778330632264,1.7134403099852704,3.17980328694178,2.4726228990197168,3.0039039827585947,-0.3323098252580267,1.830269218101244,0.2098040830902798,2.5001839197146807
33.0,67.0,1000.556640625,-4.38181940135786,-3.791785055545838,1.7134419238061829,3.179804073536359,2.472621722721116,3.003913429277065,-0.3323098253123526,1.83027185357664,0.2098040830902798,2.500181658083336
33.0,67.0,1000.556640625,-4.38181940135786,-3.791778351605935,1.7134419238061829,3.17980351457708,2.4726228157644474,3.0039892240847528,-0.3323097985721673,1.830271858936924,0.2098040830902798,2.500257362836851
33.0,67.0,1000.556640625,-4.38181949062384,-3.791768051005849,1.7134418721164086,3.179870780061612,2.4726228990197168,3.003904196214776,-0.3323097984000903,1.8305062305665485,0.2095945524310583,2.500181185883959
33.0,67.0,1000.556640625,-4.381819400784649,-3.7917785957996735,1.7134419238061829,3.179803674040475,2.472621725827418,3.0039892240847528,-0.3323097985721673,1.8302718535699496,0.2098040830902798,2.500196041323285
33.0,67.0,1000.556640625,-4.381819404580021,-3.791778330632264,1.7134419238061829,3.17980328694178,2.47262291551662,3.0039159680926737,-0.3323098237097993,1.830269828573444,0.2098040826201949,2.5001840595817204
33.0,68.0,1000.5546875,-4.38181940135786,-3.791778627601584,1.7134419238061829,3.1798052224054687,2.472621723255481,3.003989213511831,-0.3393118396180737,1.830271817663044,0.209799146504672,2.500195661863125
33.0,68.0,1000.5546875,-4.38181940135786,-3.791778627601584,1.7134419238061829,3.1798052224054687,2.472621723255481,3.003989213511831,-0.3393118396180737,1.8302718183847533,0.209799146504672,2.500195661863125
33.0,68.0,1000.5546875,-4.38181940135786,-3.7918852769912177,1.7133452172789605,3.179885589795867,2.4726217194203817,3.003989438544547,-0.3392424168100743,1.8302718184491515,0.2097917493187052,2.500264106009989
33.0,68.0,1000.5546875,-4.38181940135786,-3.7918852769912177,1.7133434757077812,3.1798075837340387,2.4726217238664288,3.0039889024259048,-0.3392424168100743,1.8302718536793248,0.2098030312165331,2.5002583669291565
33.0,68.0,1000.5546875,-4.38181940076474,-3.791778635153447,1.7134419238061829,3.17980404970328,2.4726228990197168,3.003988646673388,-0.3395337406399784,1.8302718166332308,0.2097991644911946,2.500180952520912
33.0,68.0,1000.5546875,-4.38181940135786,-3.791778330632264,1.7134419238061829,3.1797947620832887,2.4726228710285443,3.0039144072125445,-0.3392850114081545,1.8302694981096748,0.2098040830902798,2.50018380113737
33.0,68.0,1000.5546875,-4.38181940135786,-3.7918852769912177,1.7133452172789605,3.179885589795867,2.472621828048612,3.0039974152187248,-0.3389031878430034,1.8302698635132475,0.2097675473776447,2.5001985562725224
33.0,68.0,1000.5546875,-4.38181940135786,-3.7917851274829326,1.7134419238061829,3.179804050334305,2.472621741452772,3.003913429277065,-0.3394708745371787,1.8302718159746136,0.2097994500359093,2.500181658083336
33.0,68.0,1000.5546875,-4.38181940135786,-3.791778330632264,1.7134412678025306,3.179795420890694,2.4726228706428803,3.003913206775274,-0.3389696286334012,1.830269828573444,0.2098040830902798,2.5001806359779093
33.0,68.0,1000.5546875,-4.38181940135786,-3.7918852769912177,1.7133434757077812,3.1798075837340387,2.4726217890445543,3.0039889024259048,-0.3392424168100743,1.8302719760045127,0.2098030312165331,2.5002583669291565
33.0,68.0,1000.5547485351562,-4.38181940076474,-3.791778635153447,1.7134419238061829,3.17980404970328,2.4726228990197168,3.003911814764519,-0.3398534306625902,1.8302697769140552,0.2097991644911946,2.500180952520912
33.0,68.0,1000.5547485351562,-4.381819401351796,-3.7918816771208848,1.7133455713682733,3.179803674040475,2.472621726194029,3.0039892240847528,-0.3392683283135648,1.8302718535699496,0.2098040830902798,2.500194256195317
33.0,68.0,1000.5547485351562,-4.381819401362819,-3.791778635153447,1.7134419238061829,3.179803682435607,2.4726218191641096,3.003911814764519,-0.3398415282711934,1.8302697185575152,0.209799119412396,2.500180952520912
33.0,68.0,1000.5547485351562,-4.38181940471268,-3.7918852769912177,1.713343855708906,3.179885589795867,2.4726217846193133,3.003915626239314,-0.3387755218971511,1.8302718536763567,0.2097973341737098,2.500181660800102
33.0,68.0,1000.5548095703124,-4.38181940135786,-3.7918852769912177,1.7133452172789605,3.179884274222679,2.472621789210623,3.0039974152187248,-0.3392424168100743,1.8302719691718043,0.2098030604079895,2.5001853075008964
33.0,68.0,1000.5548095703124,-4.38181940135786,-3.791896445668249,1.7133436293424498,3.179884274222679,2.472621789210623,3.003912821203273,-0.3392424168100743,1.8302719691718043,0.2098030604079895,2.5001853075008964
33.0,68.0,1000.5548095703124,-4.38181940135786,-3.7918852769912177,1.7133452172789605,3.179884274222679,2.472621724032497,3.0039974152187248,-0.3392424168100743,1.8302718468466168,0.2098030604079895,2.5001853075008964
33.0,68.0,1000.5549926757812,-4.38181940135786,-3.791778721641262,1.7133452172789605,3.1798045113757065,2.4726217846877434,3.0039974152187248,-0.3396447365653333,1.8302718536763567,0.2100764405489061,2.5002640547246995
33.0,68.0,1000.5549926757812,-4.38181940135786,-3.791778721641262,1.7133452172789605,3.1798045113757065,2.4726217846877434,3.0039974152187248,-0.3396447365653333,1.8302718536763567,0.2100764405489061,2.5002640547246995
33.0,68.0,1000.5550537109376,-4.38181940135786,-3.7918852769912177,1.7133452172789605,3.179885589795867,2.472621789210623,3.0039974152187248,-0.3392424168100743,1.8302718184491515,0.2100573064455622,2.5002640547246995
33.0,68.0,1000.5550537109376,-4.38181940135786,-3.7918852769912177,1.7133452172789605,3.179885589795867,2.4726217846193133,3.0039974152187248,-0.3392424168100743,1.8302718536763567,0.2100764405489061,2.5002640547246995
33.0,68.0,1000.5550537109376,-4.38181940135786,-3.7918852769912177,1.7133452172789605,3.179885589795867,2.4726217846193133,3.0039974152187248,-0.3392424168100743,1.8302718536763567,0.2100764405489061,2.5002640547246995
33.0,68.0,1000.55517578125,-4.38181940135786,-3.7918852769912177,1.7133458768909229,3.179885589795867,2.4726217846193133,3.003915636532504,-0.3391818195039253,1.8302718536763567,0.2100764405489061,2.500181660800102
33.0,68.0,1000.55517578125,-4.38181940135786,-3.7918852769912177,1.713437805120592,3.179807255286416,2.472621723371785,3.003989184780077,-0.3393118167695302,1.8302718536763567,0.210080596393243,2.500196386254597
33.0,68.0,1000.5552368164062,-4.381819477365161,-3.7918790340174255,1.7133452172789605,3.1798045113757065,2.4726217846877434,3.0038968685369496,-0.3396447365653333,1.830272752098813,0.2100764405489061,2.500154364834337
33.0,68.0,1000.5552368164062,-4.381819477365161,-3.7918790340174255,1.7133452172789605,3.1798045113757065,2.4726217846877434,3.0038968685369496,-0.3396447365653333,1.830272752098813,0.2100764405489061,2.500154364834337
33.0,68.0,1000.5552368164062,-4.381819550503386,-3.791881683880213,1.713341413599092,3.1798142378369483,2.472622226478584,3.003991509359419,-0.3389394778614258,1.8305047423335687,0.2097956727010816,2.500159697308559
33.0,68.0,1000.556396484375,-4.38181940135786,-3.791778627601584,1.7134419238061829,3.1798052224054687,2.4726230374823936,3.003989213511831,-0.3327055344960993,1.830269787801068,0.209799146504672,2.500195661863125
33.0,68.0,1000.556396484375,-4.381813971677272,-3.79188929987136,1.7133456771109432,3.179803674040475,2.472621726194029,3.003900538585928,-0.3326386429156795,1.8302718535699496,0.2096051006181204,2.500195753603077
33.0,68.0,1000.556396484375,-4.38181940135786,-3.791778330632264,1.7134419238061829,3.1798026281343748,2.472622899405381,3.0039144072125445,-0.3326861508205656,1.8302694981096748,0.2098040830902798,2.50018380113737
33.0,68.0,1000.5565185546876,-4.38181940135786,-3.791780950606967,1.7134469538323116,3.179885015963189,2.472621722848579,3.0039894383379906,-0.3326071168156705,1.830271853528697,0.2097917493187052,2.500264106009989
33.0,68.0,1000.5565185546876,-4.381819401225201,-3.791778330632264,1.7134439449882,3.17980328694178,2.47262291551662,3.003915978385864,-0.3327161213165734,1.830269828573444,0.2100831889953912,2.5001840595817204
33.0,68.0,1000.5565795898438,-4.381819496917717,-3.791784902704416,1.7134371663813943,3.1798052224054687,2.4726217191519915,3.003986394983294,-0.3323097985721673,1.83027185357664,0.2095959113671822,2.500184355220211
33.0,68.0,1000.5565795898438,-4.38185413425732,-3.79191732303618,1.7134370880776784,3.1798052224054687,2.472621467488695,3.003986394983294,-0.3323097985721673,1.83027185357664,0.2095959113671822,2.500184355220211
33.0,68.0,1000.5565795898438,-4.38181940135786,-3.791778330632264,1.7134412678025306,3.17980328694178,2.4726228990197168,3.003913206775274,-0.3323707680458123,1.830269828573444,0.2098040830902798,2.5001806359779093
33.0,68.0,1000.5565795898438,-4.381818072925869,-3.791919374997879,1.7134370880776784,3.1798052224054687,2.472621467488695,3.003914228102329,-0.3323097985721673,1.83027185357664,0.2095959113671822,2.5001843503210863
33.0,68.0,1000.556640625,-4.38181940135786,-3.791778330632264,1.7134419238061829,3.17980328694178,2.4726228990197168,3.0039144072125445,-0.3323098242434407,1.830269828573444,0.2098040830902798,2.5001840595817204
33.0,68.0,1000.556640625,-4.381814120828863,-3.791889306630688,1.7133415193417625,3.1798142378369483,2.472622226478584,3.0039028238605945,-0.3323097924635406,1.8305047423335687,0.2095966902289222,2.500161194716319
33.0,68.0,1000.556640625,-4.38181940135786,-3.791784902704416,1.7134419238061829,3.1798052224054687,2.472621722721116,3.0039892240847528,-0.3323097985721673,1.83027185357664,0.2098040830902798,2.500184355220211
33.0,68.0,1000.556640625,-4.381819400772345,-3.791778330632264,1.7134419238061829,3.179870780061612,2.4726228990197168,3.003904196214776,-0.3323097985721673,1.8302718589293043,0.2097993223354578,2.500180952520912
33.0,68.0,1000.556640625,-4.38181940135786,-3.791778330632264,1.7134419238061829,3.17980328694178,2.4726228990197168,3.0039144072125445,-0.3323098242434407,1.830269828573444,0.2098040830902798,2.5001840595817204
33.0,68.0,1000.556640625,-4.38181940135786,-3.791778330632264,1.7134419238061829,3.17980328694178,2.4726228990197168,3.0039144072125445,-0.3323098242434407,1.830269828573444,0.2098040830902798,2.5001840595817204
33.0,68.0,1000.556640625,-4.381819400760793,-3.791778330632264,1.7134419238061829,3.179870780061612,2.4726228990197168,3.003904196214776,-0.3323097985721673,1.8302718589293043,0.2098038435210859,2.500181185883959
33.0,68.0,1000.556640625,-4.38181940135786,-3.791778627601584,1.7134419238061829,3.1798052224054687,2.472621722721116,3.0039892240847528,-0.3323097985721673,1.83027185357664,0.2098040830902798,2.500196041323285
33.0,68.0,1000.556640625,-4.38181940135786,-3.791778330632264,1.7134419238061829,3.17980328694178,2.4726228990197168,3.0039144072125445,-0.3323098242434407,1.830269828573444,0.2098040830902798,2.5001840595817204
33.0,68.0,1000.556640625,-4.38181940135786,-3.791778330632264,1.7134419238061829,3.17980328694178,2.4726228990197168,3.0039144072125445,-0.3323098242434407,1.830269828573444,0.2098040830902798,2.5001840595817204
33.0,68.0,1000.556640625,-4.38181940135786,-3.7917785957996735,1.7134419238061829,3.1798052224054687,2.472621722721116,3.0039892240847528,-0.3323097985721673,1.83027185357664,0.2098040830902798,2.500196041323285
33.0,68.0,1000.556640625,-4.38181940135786,-3.791778330632264,1.7134419238061829,3.17980328694178,2.4726228990197168,3.0039144072125445,-0.3323098242434407,1.830269828573444,0.2098040830902798,2.5001840595817204
33.0,68.0,1000.556640625,-4.38181940135786,-3.791778330632264,1.7134419238061829,3.17980328694178,2.4726228990197168,3.0039144072125445,-0.3323098242434407,1.830269828573444,0.2098040830902798,2.5001840595817204
33.0,68.0,1000.556640625,-4.38181940135786,-3.791778330632264,1.7134419238061829,3.1797947620832887,2.4726228990197168,3.0039144072125445,-0.3323098240241939,1.8302698172074048,0.2098040830902798,2.5001840595817204
33.0,69.0,1000.5546875,-4.38181940135786,-3.791778627601584,1.7134419238061829,3.1798052224054687,2.472621723255481,3.003989213511831,-0.3393118396180737,1.830271817663044,0.209799146504672,2.500195661863125
33.0,69.0,1000.5546875,-4.38181940135786,-3.791778627601584,1.7134419238061829,3.1798052224054687,2.472621723255481,3.003989213511831,-0.3393118396180737,1.8302718183847533,0.209799146504672,2.500195661863125
33.0,69.0,1000.5546875,-4.38181940135786,-3.7918852769912177,1.7133452172789605,3.179885589795867,2.4726217194203817,3.003989438544547,-0.3392424168100743,1.8302718184491515,0.2097917493187052,2.500264106009989
33.0,69.0,1000.5546875,-4.38181940135786,-3.7918852769912177,1.7133434757077812,3.1798075837340387,2.4726217238664288,3.0039889024259048,-0.3392424168100743,1.8302718536793248,0.2098030312165331,2.5002583669291565
33.0,69.0,1000.5546875,-4.38181940076474,-3.791778635153447,1.7134419238061829,3.17980404970328,2.4726228990197168,3.003988646673388,-0.3395337406399784,1.8302718166332308,0.2097991644911946,2.500180952520912
33.0,69.0,1000.5546875,-4.38181940135786,-3.791778330632264,1.7134419238061829,3.1797947620832887,2.4726228710285443,3.0039144072125445,-0.3392850114081545,1.8302694981096748,0.2098040830902798,2.50018380113737
33.0,69.0,1000.5546875,-4.38181940135786,-3.7918852769912177,1.7133452172789605,3.179885589795867,2.472621828048612,3.0039974152187248,-0.3389031878430034,1.8302698635132475,0.2097675473776447,2.5001985562725224
33.0,69.0,1000.5546875,-4.38181940135786,-3.7917851274829326,1.7134419238061829,3.179804050334305,2.472621741452772,3.003913429277065,-0.3394708745371787,1.8302718159746136,0.2097994500359093,2.500181658083336
33.0,69.0,1000.5546875,-4.38181940135786,-3.791778330632264,1.7134412678025306,3.179795420890694,2.4726228706428803,3.003913206775274,-0.3389696286334012,1.830269828573444,0.2098040830902798,2.5001806359779093
33.0,69.0,1000.5546875,-4.38181940135786,-3.7918852769912177,1.7133434757077812,3.1798075837340387,2.4726217890445543,3.0039889024259048,-0.3392424168100743,1.8302719760045127,0.2098030312165331,2.5002583669291565
33.0,69.0,1000.5546875,-4.38181419614103,-3.7918852769912177,1.7133452154369473,3.1798842709829342,2.472621719269956,3.003989438544547,-0.3392424168100743,1.830271857056332,0.2097917493187052,2.500264106009989
33.0,69.0,1000.5546875,-4.38181940135786,-3.791778330632264,1.7134419238061829,3.179794828963831,2.4726228710285443,3.0039911917601687,-0.3392968869707157,1.8302719069736952,0.2098040830902798,2.500180856795457
33.0,69.0,1000.5546875,-4.38181940076474,-3.79177862738002,1.7134419238061829,3.17980404970328,2.472621697234953,3.003988646673388,-0.3392992065923109,1.830271818386254,0.2097991654216662,2.5001802916932565
33.0,69.0,1000.5546875,-4.38181940135786,-3.791778627601584,1.7134419238061829,3.1798052224054687,2.472621723255481,3.003989213511831,-0.3393118396180737,1.830271817663044,0.209799146504672,2.500195661863125
33.0,69.0,1000.5546875,-4.38181940135786,-3.791778627601584,1.7133420511340716,3.179807131377153,2.4726217652706137,3.003989213511831,-0.3392447183039964,1.830269787801068,0.209799146504672,2.500195217694034
33.0,69.0,1000.5546875,-4.381819404828991,-3.7918852769912177,1.713343855708906,3.179885589795867,2.47262178911286,3.003915626239314,-0.3392769780192204,1.830271853496924,0.2098030366819888,2.5002632294203195
33.0,69.0,1000.5547485351562,-4.38181940076474,-3.791778635153447,1.7134419238061829,3.17980404970328,2.4726228990197168,3.003911814764519,-0.3398534306625902,1.8302697769140552,0.2097991644911946,2.500180952520912
33.0,69.0,1000.5547485351562,-4.381819401351796,-3.7918816771208848,1.7133455713682733,3.179803674040475,2.472621726194029,3.0039892240847528,-0.3392683283135648,1.8302718535699496,0.2098040830902798,2.500194256195317
33.0,69.0,1000.5547485351562,-4.381819401362819,-3.791778635153447,1.7134419238061829,3.179803682435607,2.4726218191641096,3.003911814764519,-0.3398415282711934,1.8302697185575152,0.209799119412396,2.500180952520912
33.0,69.0,1000.5547485351562,-4.38181940471268,-3.7918852769912177,1.713343855708906,3.179885589795867,2.4726217846193133,3.003915626239314,-0.3387755218971511,1.8302718536763567,0.2097973341737098,2.500181660800102
33.0,69.0,1000.5547485351562,-4.381819401362819,-3.791778720758116,1.7134419238061829,3.179803682435607,2.4726218191641096,3.003917967756111,-0.3398415282711934,1.830269933346533,0.2097893087022253,2.500180952520912
33.0,69.0,1000.5547485351562,-4.381819401241548,-3.7918852769912177,1.7133434757077812,3.1798075837340387,2.472621784551008,3.0039889024259048,-0.3387409606880051,1.8302719761839457,0.2097973287082541,2.5001767983089387
33.0,69.0,1000.5547485351562,-4.38181940076474,-3.791778635153447,1.7134419238061829,3.17980404970328,2.4726228990197168,3.003911814764519,-0.3398534306625902,1.8302697769140552,0.2097991644911946,2.500180952520912
33.0,69.0,1000.5548095703124,-4.38181940135786,-3.7918852769912177,1.7133452172789605,3.179884274222679,2.472621789210623,3.0039974152187248,-0.3392424168100743,1.8302719691718043,0.2098030604079895,2.5001853075008964
33.0,69.0,1000.5548095703124,-4.38181940135786,-3.791896445668249,1.7133436293424498,3.179884274222679,2.472621789210623,3.003912821203273,-0.3392424168100743,1.8302719691718043,0.2098030604079895,2.5001853075008964
33.0,69.0,1000.5548095703124,-4.38181940135786,-3.7918852769912177,1.7133452172789605,3.179884274222679,2.472621724032497,3.0039974152187248,-0.3392424168100743,1.8302718468466168,0.2098030604079895,2.5001853075008964
33.0,69.0,1000.5549926757812,-4.38181940135786,-3.791778721641262,1.7133452172789605,3.1798045113757065,2.4726217846877434,3.0039974152187248,-0.3396447365653333,1.8302718536763567,0.2100764405489061,2.5002640547246995
33.0,69.0,1000.5549926757812,-4.38181940135786,-3.791778721641262,1.7133452172789605,3.1798045113757065,2.4726217846877434,3.0039974152187248,-0.3396447365653333,1.8302718536763567,0.2100764405489061,2.5002640547246995
33.0,69.0,1000.5550537109376,-4.38181940135786,-3.7918852769912177,1.7133452172789605,3.179885589795867,2.472621789210623,3.0039974152187248,-0.3392424168100743,1.8302718184491515,0.2100573064455622,2.5002640547246995
33.0,69.0,1000.5550537109376,-4.38181940135786,-3.7918852769912177,1.7133452172789605,3.179885589795867,2.4726217846193133,3.0039974152187248,-0.3392424168100743,1.8302718536763567,0.2100764405489061,2.5002640547246995
33.0,69.0,1000.5550537109376,-4.38181940135786,-3.7918852769912177,1.7133452172789605,3.179885589795867,2.4726217846193133,3.0039974152187248,-0.3392424168100743,1.8302718536763567,0.2100764405489061,2.5002640547246995
33.0,69.0,1000.5550537109376,-4.38181940135786,-3.791783727127065,1.713440305114167,3.179882283882108,2.472622802648304,3.0039894358489017,-0.3392850114081545,1.8302694981096748,0.2100683497074161,2.50018380113737
33.0,69.0,1000.55517578125,-4.38181940135786,-3.7918852769912177,1.7133458768909229,3.179885589795867,2.4726217846193133,3.003915636532504,-0.3391818195039253,1.8302718536763567,0.2100764405489061,2.500181660800102
33.0,69.0,1000.55517578125,-4.38181940135786,-3.7918852769912177,1.713437805120592,3.179807255286416,2.472621723371785,3.003989184780077,-0.3393118167695302,1.8302718536763567,0.210080596393243,2.500196386254597
33.0,69.0,1000.5552368164062,-4.381819477365161,-3.7918790340174255,1.7133452172789605,3.1798045113757065,2.4726217846877434,3.0038968685369496,-0.3396447365653333,1.830272752098813,0.2100764405489061,2.500154364834337
33.0,69.0,1000.5552368164062,-4.381819477365161,-3.7918790340174255,1.7133452172789605,3.1798045113757065,2.4726217846877434,3.0038968685369496,-0.3396447365653333,1.830272752098813,0.2100764405489061,2.500154364834337
33.0,69.0,1000.5552368164062,-4.381819550503386,-3.791881683880213,1.713341413599092,3.1798142378369483,2.472622226478584,3.003991509359419,-0.3389394778614258,1.8305047423335687,0.2097956727010816,2.500159697308559
33.0,69.0,1000.5558471679688,-4.38181940135786,-3.7918852769912177,1.7133458768909229,3.179805514176107,2.4726217846193133,3.003919437418196,-0.3391818195039253,1.8302718536763567,0.209802054019116,2.4992715896502222
33.0,69.0,1000.556396484375,-4.38181940135786,-3.791778627601584,1.7134419238061829,3.1798052224054687,2.4726230374823936,3.003989213511831,-0.3327055344960993,1.830269787801068,0.209799146504672,2.500195661863125
33.0,69.0,1000.556396484375,-4.381813971677272,-3.79188929987136,1.7133456771109432,3.179803674040475,2.472621726194029,3.003900538585928,-0.3326386429156795,1.8302718535699496,0.2096051006181204,2.500195753603077
33.0,69.0,1000.556396484375,-4.38181940135786,-3.791778330632264,1.7134419238061829,3.1798026281343748,2.472622899405381,3.0039144072125445,-0.3326861508205656,1.8302694981096748,0.2098040830902798,2.50018380113737
33.0,69.0,1000.556396484375,-4.381813957652631,-3.791890193096702,1.7133456771109432,3.179803674040475,2.472621722867228,3.0039010597390137,-0.3326386429156795,1.8302718535699496,0.2096049000226649,2.5001957504192425
33.0,69.0,1000.5565185546876,-4.38181940135786,-3.791780950606967,1.7134469538323116,3.179885015963189,2.472621722848579,3.0039894383379906,-0.3326071168156705,1.830271853528697,0.2097917493187052,2.500264106009989
33.0,69.0,1000.5565185546876,-4.381819401225201,-3.791778330632264,1.7134439449882,3.17980328694178,2.47262291551662,3.003915978385864,-0.3327161213165734,1.830269828573444,0.2100831889953912,2.5001840595817204
33.0,69.0,1000.5565795898438,-4.381819496917717,-3.791784902704416,1.7134371663813943,3.1798052224054687,2.4726217191519915,3.003986394983294,-0.3323097985721673,1.83027185357664,0.2095959113671822,2.500184355220211
33.0,69.0,1000.5565795898438,-4.38185413425732,-3.79191732303618,1.7134370880776784,3.1798052224054687,2.472621467488695,3.003986394983294,-0.3323097985721673,1.83027185357664,0.2095959113671822,2.500184355220211
33.0,69.0,1000.5565795898438,-4.38181940135786,-3.791778330632264,1.7134412678025306,3.17980328694178,2.4726228990197168,3.003913206775274,-0.3323707680458123,1.830269828573444,0.2098040830902798,2.5001806359779093
33.0,69.0,1000.5565795898438,-4.381818072925869,-3.791919374997879,1.7134370880776784,3.1798052224054687,2.472621467488695,3.003914228102329,-0.3323097985721673,1.83027185357664,0.2095959113671822,2.5001843503210863
33.0,69.0,1000.5565795898438,-4.38185413425732,-3.791915789626601,1.7133343168670094,3.179804577560968,2.4726214658379666,3.003986394983294,-0.3323097985721673,1.830271853575502,0.2095959113671822,2.500184355220211
33.0,69.0,1000.5565795898438,-4.381819496917717,-3.791784902704416,1.7134371663813943,3.1798068678839617,2.4726217193188424,3.003986394983294,-0.3323097985721673,1.83027185357664,0.2095959113671822,2.500184514383112
33.0,70.0,1000.5546264648438,-4.38181940135786,-3.791778721681743,1.7133446458750106,3.1798045113757065,2.4726217846877434,3.0039974152187248,-0.3396494509982768,1.8302718536763567,0.2098034691608709,2.5002640547246995
33.0,70.0,1000.5546264648438,-4.38181940135786,-3.79177862749924,1.7134419238061829,3.178491336929356,2.472621723255481,3.003989213511831,-0.3393118396180737,1.8302718165813343,0.2097991641668405,2.500195661863125
33.0,70.0,1000.5546264648438,-4.381819404828991,-3.7917783465398,1.7134453426464211,3.179883941976491,2.4726228252537217,3.003915626239314,-0.3392769780192204,1.8302719062969333,0.2098030366819888,2.500262846839776
33.0,70.0,1000.5546875,-4.38181940135786,-3.791778627601584,1.7134419238061829,3.1798052224054687,2.472621723255481,3.003989213511831,-0.3393118396180737,1.830271817663044,0.209799146504672,2.500195661863125
33.0,70.0,1000.5546875,-4.38181940135786,-3.791778627601584,1.7134419238061829,3.1798052224054687,2.472621723255481,3.003989213511831,-0.3393118396180737,1.8302718183847533,0.209799146504672,2.500195661863125
33.0,70.0,1000.5546875,-4.38181940135786,-3.7918852769912177,1.7133452172789605,3.179885589795867,2.4726217194203817,3.003989438544547,-0.3392424168100743,1.8302718184491515,0.2097917493187052,2.500264106009989
33.0,70.0,1000.5546875,-4.38181940135786,-3.7918852769912177,1.7133434757077812,3.1798075837340387,2.4726217238664288,3.0039889024259048,-0.3392424168100743,1.8302718536793248,0.2098030312165331,2.5002583669291565
33.0,70.0,1000.5546875,-4.38181940076474,-3.791778635153447,1.7134419238061829,3.17980404970328,2.4726228990197168,3.003988646673388,-0.3395337406399784,1.8302718166332308,0.2097991644911946,2.500180952520912
33.0,70.0,1000.5546875,-4.38181940135786,-3.791778330632264,1.7134419238061829,3.1797947620832887,2.4726228710285443,3.0039144072125445,-0.3392850114081545,1.8302694981096748,0.2098040830902798,2.50018380113737
33.0,70.0,1000.5546875,-4.38181940135786,-3.7918852769912177,1.7133452172789605,3.179885589795867,2.472621828048612,3.0039974152187248,-0.3389031878430034,1.8302698635132475,0.2097675473776447,2.5001985562725224
33.0,70.0,1000.5546875,-4.38181940135786,-3.7917851274829326,1.7134419238061829,3.179804050334305,2.472621741452772,3.003913429277065,-0.3394708745371787,1.8302718159746136,0.2097994500359093,2.500181658083336
33.0,70.0,1000.5546875,-4.38181940135786,-3.791778330632264,1.7134412678025306,3.179795420890694,2.4726228706428803,3.003913206775274,-0.3389696286334012,1.830269828573444,0.2098040830902798,2.5001806359779093
33.0,70.0,1000.5546875,-4.38181940135786,-3.7918852769912177,1.7133434757077812,3.1798075837340387,2.4726217890445543,3.0039889024259048,-0.3392424168100743,1.8302719760045127,0.2098030312165331,2.5002583669291565
33.0,70.0,1000.5546875,-4.38181419614103,-3.7918852769912177,1.7133452154369473,3.1798842709829342,2.472621719269956,3.003989438544547,-0.3392424168100743,1.830271857056332,0.2097917493187052,2.500264106009989
33.0,70.0,1000.5546875,-4.38181940135786,-3.791778330632264,1.7134419238061829,3.179794828963831,2.4726228710285443,3.0039911917601687,-0.3392968869707157,1.8302719069736952,0.2098040830902798,2.500180856795457
33.0,70.0,1000.5546875,-4.38181940076474,-3.79177862738002,1.7134419238061829,3.17980404970328,2.472621697234953,3.003988646673388,-0.3392992065923109,1.830271818386254,0.2097991654216662,2.5001802916932565
33.0,70.0,1000.5546875,-4.38181940135786,-3.791778627601584,1.7134419238061829,3.1798052224054687,2.472621723255481,3.003989213511831,-0.3393118396180737,1.830271817663044,0.209799146504672,2.500195661863125
33.0,70.0,1000.5546875,-4.38181940135786,-3.791778627601584,1.7133420511340716,3.179807131377153,2.4726217652706137,3.003989213511831,-0.3392447183039964,1.830269787801068,0.209799146504672,2.500195217694034
33.0,70.0,1000.5546875,-4.381819404828991,-3.7918852769912177,1.713343855708906,3.179885589795867,2.47262178911286,3.003915626239314,-0.3392769780192204,1.830271853496924,0.2098030366819888,2.5002632294203195
33.0,70.0,1000.5546875,-4.38181940135786,-3.791778627601584,1.7134419238061829,3.1798052224054687,2.4726230374823936,3.003989213511831,-0.3392784059720972,1.8302699049134328,0.209799146504672,2.500195661863125
33.0,70.0,1000.5546875,-4.38181940076474,-3.791778635255792,1.7134419238061829,3.17980404970328,2.4726228990197168,3.003988646673388,-0.3395337406399784,1.8302718177149404,0.2097991468290261,2.500180952520912
33.0,70.0,1000.5546875,-4.381819401348509,-3.791880978348057,1.7133434757077812,3.1798075837340387,2.4726217890445543,3.003988906142791,-0.3392424168100743,1.8302719768846385,0.2098030567455811,2.5002583669291565
33.0,70.0,1000.5546875,-4.38181940135786,-3.791785907136492,1.7133348671490611,3.179804006553863,2.472621741452772,3.003913429277065,-0.3394708745371787,1.830269766623965,0.2097994668243116,2.5001953911634764
33.0,70.0,1000.5546875,-4.38181940135786,-3.7918854436820384,1.7133452865853815,3.179885589795867,2.4726217194203817,3.003912729923942,-0.3392424168100743,1.8302719649892227,0.2097917493187052,2.500263159941565
33.0,70.0,1000.5546875,-4.38181940135786,-3.7918852769912177,1.7133434757077812,3.1798075837340387,2.4726217890445543,3.0039889024259048,-0.3392424168100743,1.8302719760045127,0.2098030312165331,2.5002583669291565
33.0,70.0,1000.5546875,-4.38181940135786,-3.791778627601584,1.7134419238061829,3.1798052224054687,2.472621817027948,3.003989213511831,-0.3393118396180737,1.830271817663044,0.2097990154452883,2.500180828640033
33.0,70.0,1000.5546875,-4.38181940135786,-3.791778628502512,1.7134419238061829,3.179805183553905,2.472621723255481,3.003989213511831,-0.3393367874802298,1.8302718892508745,0.2097993092496283,2.500195094194955
33.0,70.0,1000.5546875,-4.38181940135786,-3.7918852769912177,1.7133452172789605,3.179885589795867,2.472621828048612,3.00398545038722,-0.3389031878430034,1.8302698732403304,0.2097675473776447,2.5001985562725224
33.0,70.0,1000.5546875,-4.38181940135786,-3.791777847948025,1.713449107791193,3.1798071751575945,2.4726217652706137,3.003989213511831,-0.3392447183039964,1.8302718371517164,0.2097991297162697,2.500181484613893
33.0,70.0,1000.5547485351562,-4.38181940076474,-3.791778635153447,1.7134419238061829,3.17980404970328,2.4726228990197168,3.003911814764519,-0.3398534306625902,1.8302697769140552,0.2097991644911946,2.500180952520912
33.0,70.0,1000.5547485351562,-4.381819401351796,-3.7918816771208848,1.7133455713682733,3.179803674040475,2.472621726194029,3.0039892240847528,-0.3392683283135648,1.8302718535699496,0.2098040830902798,2.500194256195317
33.0,70.0,1000.5547485351562,-4.381819401362819,-3.791778635153447,1.7134419238061829,3.179803682435607,2.4726218191641096,3.003911814764519,-0.3398415282711934,1.8302697185575152,0.209799119412396,2.500180952520912
33.0,70.0,1000.5547485351562,-4.38181940471268,-3.7918852769912177,1.713343855708906,3.179885589795867,2.4726217846193133,3.003915626239314,-0.3387755218971511,1.8302718536763567,0.2097973341737098,2.500181660800102
33.0,70.0,1000.5547485351562,-4.381819401362819,-3.791778720758116,1.7134419238061829,3.179803682435607,2.4726218191641096,3.003917967756111,-0.3398415282711934,1.830269933346533,0.2097893087022253,2.500180952520912
33.0,70.0,1000.5547485351562,-4.381819401241548,-3.7918852769912177,1.7133434757077812,3.1798075837340387,2.472621784551008,3.0039889024259048,-0.3387409606880051,1.8302719761839457,0.2097973287082541,2.5001767983089387
33.0,70.0,1000.5547485351562,-4.38181940076474,-3.791778635153447,1.7134419238061829,3.17980404970328,2.4726228990197168,3.003911814764519,-0.3398534306625902,1.8302697769140552,0.2097991644911946,2.500180952520912
33.0,70.0,1000.5547485351562,-4.381819401362819,-3.791778719857189,1.7134419238061829,3.1798037212871706,2.4726218191641096,3.003917967756111,-0.3398165804090374,1.8302698624804128,0.209789145957269,2.500181520189082
33.0,70.0,1000.5547485351562,-4.38181940136281,-3.791778635805021,1.7134419238061829,3.179803682435607,2.4726218191641096,3.0039122385586707,-0.3398415282711934,1.830269710494836,0.2097991164839502,2.500180952520912
33.0,70.0,1000.5547485351562,-4.38181940135786,-3.791778721641262,1.7133452172789605,3.1798045113757065,2.472621726271768,3.0039892909977204,-0.3396570418863123,1.830271853566447,0.2098040829987555,2.500190210211604
33.0,70.0,1000.5547485351562,-4.38181940076474,-3.791778635153447,1.7134434825852425,3.17980300016696,2.4726228990197168,3.003911814764519,-0.3398534306625902,1.8302697769140552,0.2097995226712658,2.500180952520912
33.0,70.0,1000.5547485351562,-4.3818194007740905,-3.791782933796607,1.7134419238061829,3.17980404970328,2.4726228990197168,3.003988642956501,-0.3395337406399784,1.8302718157531053,0.2097991389621465,2.500180952520912
33.0,70.0,1000.5548095703124,-4.38181940135786,-3.7918852769912177,1.7133452172789605,3.179884274222679,2.472621789210623,3.0039974152187248,-0.3392424168100743,1.8302719691718043,0.2098030604079895,2.5001853075008964
33.0,70.0,1000.5548095703124,-4.38181940135786,-3.791896445668249,1.7133436293424498,3.179884274222679,2.472621789210623,3.003912821203273,-0.3392424168100743,1.8302719691718043,0.2098030604079895,2.5001853075008964
33.0,70.0,1000.5548095703124,-4.38181940135786,-3.7918852769912177,1.7133452172789605,3.179884274222679,2.472621724032497,3.0039974152187248,-0.3392424168100743,1.8302718468466168,0.2098030604079895,2.5001853075008964
33.0,70.0,1000.5548095703124,-4.38181940135786,-3.7918852769912177,1.7133458768909229,3.179805514176107,2.472621764801161,3.003919437418196,-0.3392470759856338,1.830271901583983,0.2098020406568103,2.500186235524692
33.0,70.0,1000.5548095703124,-4.38181940135786,-3.7918852610836833,1.7133404368686675,3.179796476783207,2.4726218348876827,3.0039911917601687,-0.3392968869707157,1.830271854173685,0.2098040830902798,2.5001812393760017
33.0,70.0,1000.5548095703124,-4.38181940135786,-3.7918852769912177,1.7133452172789605,3.179884274222679,2.472621789210623,3.0039974152187248,-0.3392424168100743,1.8302719691718043,0.2098030604079895,2.5001853075008964
33.0,70.0,1000.5548095703124,-4.381819401244709,-3.791902213538152,1.713439206184627,3.17980404970328,2.472621783421847,3.003988646673388,-0.3392992065923109,1.830271818386254,0.2097991654216662,2.5001769398541365
33.0,70.0,1000.5549926757812,-4.38181940135786,-3.791778721641262,1.7133452172789605,3.1798045113757065,2.4726217846877434,3.0039974152187248,-0.3396447365653333,1.8302718536763567,0.2100764405489061,2.5002640547246995
33.0,70.0,1000.5549926757812,-4.38181940135786,-3.791778721641262,1.7133452172789605,3.1798045113757065,2.4726217846877434,3.0039974152187248,-0.3396447365653333,1.8302718536763567,0.2100764405489061,2.5002640547246995
33.0,71.0,1000.5546264648438,-4.38181940135786,-3.791778721681743,1.7133446458750106,3.1798045113757065,2.4726217846877434,3.0039974152187248,-0.3396494509982768,1.8302718536763567,0.2098034691608709,2.5002640547246995
33.0,71.0,1000.5546264648438,-4.38181940135786,-3.79177862749924,1.7134419238061829,3.178491336929356,2.472621723255481,3.003989213511831,-0.3393118396180737,1.8302718165813343,0.2097991641668405,2.500195661863125
33.0,71.0,1000.5546264648438,-4.381819404828991,-3.7917783465398,1.7134453426464211,3.179883941976491,2.4726228252537217,3.003915626239314,-0.3392769780192204,1.8302719062969333,0.2098030366819888,2.500262846839776
33.0,71.0,1000.5546264648438,-4.38181940135786,-3.791778627601584,1.7133420511340716,3.179807131377153,2.472621763516028,3.0039890733354406,-0.3392447183039964,1.830269787801068,0.2097673882427342,2.500195217694034
33.0,71.0,1000.5546264648438,-4.38181940135786,-3.791778989237996,1.7134361216338516,3.179847232411571,2.472621828048612,3.0039890501756443,-0.3389076230223916,1.8302698732403304,0.2097675473776447,2.500198936445796
33.0,71.0,1000.5546264648438,-4.381819404828991,-3.7917783465398,1.7134453426464211,3.179883941976491,2.4726228252537217,3.003915626239314,-0.3392769780192204,1.8302719062969333,0.2098030366819888,2.500262846839776
33.0,71.0,1000.5546264648438,-4.38181940135786,-3.791778721681743,1.7133446458750106,3.1798045113757065,2.4726217846877434,3.0039974152187248,-0.3396494509982768,1.8302718536763567,0.2098034691608709,2.5002640547246995
33.0,71.0,1000.5546264648438,-4.38181940135786,-3.79177659047102,1.7133434757077812,3.179807765182997,2.4726217890445543,3.0039889024259048,-0.3392424168100743,1.8302719760045127,0.2098040040181008,2.5002583669291565
33.0,71.0,1000.5546875,-4.38181940135786,-3.791778627601584,1.7134419238061829,3.1798052224054687,2.472621723255481,3.003989213511831,-0.3393118396180737,1.830271817663044,0.209799146504672,2.500195661863125
33.0,71.0,1000.5546875,-4.38181940135786,-3.791778627601584,1.7134419238061829,3.1798052224054687,2.472621723255481,3.003989213511831,-0.3393118396180737,1.8302718183847533,0.209799146504672,2.500195661863125
33.0,71.0,1000.5546875,-4.38181940135786,-3.7918852769912177,1.7133452172789605,3.179885589795867,2.4726217194203817,3.003989438544547,-0.3392424168100743,1.8302718184491515,0.2097917493187052,2.500264106009989
33.0,71.0,1000.5546875,-4.38181940135786,-3.7918852769912177,1.7133434757077812,3.1798075837340387,2.4726217238664288,3.0039889024259048,-0.3392424168100743,1.8302718536793248,0.2098030312165331,2.5002583669291565
33.0,71.0,1000.5546875,-4.38181940076474,-3.791778635153447,1.7134419238061829,3.17980404970328,2.4726228990197168,3.003988646673388,-0.3395337406399784,1.8302718166332308,0.2097991644911946,2.500180952520912
33.0,71.0,1000.5546875,-4.38181940135786,-3.791778330632264,1.7134419238061829,3.1797947620832887,2.4726228710285443,3.0039144072125445,-0.3392850114081545,1.8302694981096748,0.2098040830902798,2.50018380113737
33.0,71.0,1000.5546875,-4.38181940135786,-3.7918852769912177,1.7133452172789605,3.179885589795867,2.472621828048612,3.0039974152187248,-0.3389031878430034,1.8302698635132475,0.2097675473776447,2.5001985562725224
33.0,71.0,1000.5546875,-4.38181940135786,-3.7917851274829326,1.7134419238061829,3.179804050334305,2.472621741452772,3.003913429277065,-0.3394708745371787,1.8302718159746136,0.2097994500359093,2.500181658083336
33.0,71.0,1000.5546875,-4.38181940135786,-3.791778330632264,1.7134412678025306,3.179795420890694,2.4726228706428803,3.003913206775274,-0.3389696286334012,1.830269828573444,0.2098040830902798,2.5001806359779093
33.0,71.0,1000.5546875,-4.38181940135786,-3.7918852769912177,1.7133434757077812,3.1798075837340387,2.4726217890445543,3.0039889024259048,-0.3392424168100743,1.8302719760045127,0.2098030312165331,2.5002583669291565
33.0,71.0,1000.5546875,-4.38181419614103,-3.7918852769912177,1.7133452154369473,3.1798842709829342,2.472621719269956,3.003989438544547,-0.3392424168100743,1.830271857056332,0.2097917493187052,2.500264106009989
33.0,71.0,1000.5546875,-4.38181940135786,-3.791778330632264,1.7134419238061829,3.179794828963831,2.4726228710285443,3.0039911917601687,-0.3392968869707157,1.8302719069736952,0.2098040830902798,2.500180856795457
33.0,71.0,1000.5546875,-4.38181940076474,-3.79177862738002,1.7134419238061829,3.17980404970328,2.472621697234953,3.003988646673388,-0.3392992065923109,1.830271818386254,0.2097991654216662,2.5001802916932565
33.0,71.0,1000.5546875,-4.38181940135786,-3.791778627601584,1.7134419238061829,3.1798052224054687,2.472621723255481,3.003989213511831,-0.3393118396180737,1.830271817663044,0.209799146504672,2.500195661863125
33.0,71.0,1000.5546875,-4.38181940135786,-3.791778627601584,1.7133420511340716,3.179807131377153,2.4726217652706137,3.003989213511831,-0.3392447183039964,1.830269787801068,0.209799146504672,2.500195217694034
33.0,71.0,1000.5546875,-4.381819404828991,-3.7918852769912177,1.713343855708906,3.179885589795867,2.47262178911286,3.003915626239314,-0.3392769780192204,1.830271853496924,0.2098030366819888,2.5002632294203195
33.0,71.0,1000.5546875,-4.38181940135786,-3.791778627601584,1.7134419238061829,3.1798052224054687,2.4726230374823936,3.003989213511831,-0.3392784059720972,1.8302699049134328,0.209799146504672,2.500195661863125
33.0,71.0,1000.5546875,-4.38181940076474,-3.791778635255792,1.7134419238061829,3.17980404970328,2.4726228990197168,3.003988646673388,-0.3395337406399784,1.8302718177149404,0.2097991468290261,2.500180952520912
33.0,71.0,1000.5546875,-4.381819401348509,-3.791880978348057,1.7133434757077812,3.1798075837340387,2.4726217890445543,3.003988906142791,-0.3392424168100743,1.8302719768846385,0.2098030567455811,2.5002583669291565
33.0,71.0,1000.5546875,-4.38181940135786,-3.791785907136492,1.7133348671490611,3.179804006553863,2.472621741452772,3.003913429277065,-0.3394708745371787,1.830269766623965,0.2097994668243116,2.5001953911634764
33.0,71.0,1000.5546875,-4.38181940135786,-3.7918854436820384,1.7133452865853815,3.179885589795867,2.4726217194203817,3.003912729923942,-0.3392424168100743,1.8302719649892227,0.2097917493187052,2.500263159941565
33.0,71.0,1000.5546875,-4.38181940135786,-3.7918852769912177,1.7133434757077812,3.1798075837340387,2.4726217890445543,3.0039889024259048,-0.3392424168100743,1.8302719760045127,0.2098030312165331,2.5002583669291565
33.0,71.0,1000.5546875,-4.38181940135786,-3.791778627601584,1.7134419238061829,3.1798052224054687,2.472621817027948,3.003989213511831,-0.3393118396180737,1.830271817663044,0.2097990154452883,2.500180828640033
33.0,71.0,1000.5546875,-4.38181940135786,-3.791778628502512,1.7134419238061829,3.179805183553905,2.472621723255481,3.003989213511831,-0.3393367874802298,1.8302718892508745,0.2097993092496283,2.500195094194955
33.0,71.0,1000.5546875,-4.38181940135786,-3.7918852769912177,1.7133452172789605,3.179885589795867,2.472621828048612,3.00398545038722,-0.3389031878430034,1.8302698732403304,0.2097675473776447,2.5001985562725224
33.0,71.0,1000.5546875,-4.38181940135786,-3.791777847948025,1.713449107791193,3.1798071751575945,2.4726217652706137,3.003989213511831,-0.3392447183039964,1.8302718371517164,0.2097991297162697,2.500181484613893
33.0,71.0,1000.5546875,-4.38181940135786,-3.791785907136492,1.7133348671490611,3.179803927414813,2.472621741452772,3.003913429277065,-0.3394708745371787,1.830269766623965,0.2097994628188296,2.5001953911634764
33.0,71.0,1000.5546875,-4.38181940135786,-3.791778627601584,1.7134419238061829,3.1798052224054687,2.4726230374823936,3.003989213511831,-0.3393118258421821,1.8302714983730908,0.209799146504672,2.5001954447566024
33.0,71.0,1000.5546875,-4.381819404828991,-3.7918852769912177,1.713343855708906,3.1790555767384925,2.47262178911286,3.003915626239314,-0.3392769780192204,1.830271853496924,0.2098030366819888,2.5002632294203195
33.0,71.0,1000.5546875,-4.38181940135786,-3.791778627601584,1.7134419238061829,3.1798052224054687,2.472621817027948,3.003989213511831,-0.3393118396180737,1.830271817663044,0.2097990154452883,2.500180828640033
33.0,71.0,1000.5546875,-4.38181940135786,-3.7918852769912177,1.7133434757077812,3.1798075837340387,2.4726217238664288,3.0039889024259048,-0.3392424168100743,1.8302718536793248,0.2098030312165331,2.5002583669291565
33.0,71.0,1000.5546875,-4.38181940135786,-3.791896224807033,1.7133452172789605,3.1798842826800846,2.4726217259504377,3.003989438544547,-0.3392424168100743,1.830271821579741,0.2097918827998365,2.500264106009989
33.0,71.0,1000.5546875,-4.38181940135786,-3.7918852769912177,1.7133434757077812,3.1798075837340387,2.4726217890445543,3.0039889024259048,-0.3392424168100743,1.8302719760045127,0.2098030312165331,2.5002583669291565
33.0,71.0,1000.5546875,-4.38181940135786,-3.791778627601584,1.7134419238061829,3.1798052224054687,2.472621817027948,3.003989213511831,-0.3392784197479888,1.8302702242033864,0.2097990154452883,2.500181045746555
33.0,71.0,1000.5546875,-4.38181940135786,-3.791887868340536,1.7133434757077812,3.179807733065145,2.4726217238664288,3.003909348687553,-0.3392424168100743,1.8302718648807168,0.2098030312165331,2.5002583669291565
33.0,71.0,1000.5546875,-4.38181940076474,-3.791778635153447,1.7134419238061829,3.17980404970328,2.4726228990197168,3.0039911159760693,-0.3395337406399784,1.8302718490166088,0.2097991644911946,2.500180952520912
33.0,71.0,1000.5546875,-4.38181940135786,-3.791785907136492,1.7133460475269928,3.179804006553863,2.4726217416430534,3.003913429277065,-0.3392279873623642,1.830269766623965,0.2097994668243116,2.5001953911634764
33.0,71.0,1000.5546875,-4.38181940135786,-3.791778627601584,1.7134419238061829,3.1798052224054687,2.472621723255481,3.003989213511831,-0.3393118396180737,1.830271817663044,0.209799146504672,2.500195661863125
33.0,71.0,1000.5547485351562,-4.38181940076474,-3.791778635153447,1.7134419238061829,3.17980404970328,2.4726228990197168,3.003911814764519,-0.3398534306625902,1.8302697769140552,0.2097991644911946,2.500180952520912
33.0,71.0,1000.5547485351562,-4.381819401351796,-3.7918816771208848,1.7133455713682733,3.179803674040475,2.472621726194029,3.0039892240847528,-0.3392683283135648,1.8302718535699496,0.2098040830902798,2.500194256195317
33.0,71.0,1000.5547485351562,-4.381819401362819,-3.791778635153447,1.7134419238061829,3.179803682435607,2.4726218191641096,3.003911814764519,-0.3398415282711934,1.8302697185575152,0.209799119412396,2.500180952520912
33.0,71.0,1000.5547485351562,-4.38181940471268,-3.7918852769912177,1.713343855708906,3.179885589795867,2.4726217846193133,3.003915626239314,-0.3387755218971511,1.8302718536763567,0.2097973341737098,2.500181660800102
33.0,72.0,1000.5546264648438,-4.38181940135786,-3.791778721681743,1.7133446458750106,3.1798045113757065,2.4726217846877434,3.0039974152187248,-0.3396494509982768,1.8302718536763567,0.2098034691608709,2.5002640547246995
33.0,72.0,1000.5546264648438,-4.38181940135786,-3.79177862749924,1.7134419238061829,3.178491336929356,2.472621723255481,3.003989213511831,-0.3393118396180737,1.8302718165813343,0.2097991641668405,2.500195661863125
33.0,72.0,1000.5546264648438,-4.381819404828991,-3.7917783465398,1.7134453426464211,3.179883941976491,2.4726228252537217,3.003915626239314,-0.3392769780192204,1.8302719062969333,0.2098030366819888,2.500262846839776
33.0,72.0,1000.5546264648438,-4.38181940135786,-3.791778627601584,1.7133420511340716,3.179807131377153,2.472621763516028,3.0039890733354406,-0.3392447183039964,1.830269787801068,0.2097673882427342,2.500195217694034
33.0,72.0,1000.5546264648438,-4.38181940135786,-3.791778989237996,1.7134361216338516,3.179847232411571,2.472621828048612,3.0039890501756443,-0.3389076230223916,1.8302698732403304,0.2097675473776447,2.500198936445796
33.0,72.0,1000.5546264648438,-4.381819404828991,-3.7917783465398,1.7134453426464211,3.179883941976491,2.4726228252537217,3.003915626239314,-0.3392769780192204,1.8302719062969333,0.2098030366819888,2.500262846839776
33.0,72.0,1000.5546264648438,-4.38181940135786,-3.791778721681743,1.7133446458750106,3.1798045113757065,2.4726217846877434,3.0039974152187248,-0.3396494509982768,1.8302718536763567,0.2098034691608709,2.5002640547246995
33.0,72.0,1000.5546264648438,-4.38181940135786,-3.79177659047102,1.7133434757077812,3.179807765182997,2.4726217890445543,3.0039889024259048,-0.3392424168100743,1.8302719760045127,0.2098040040181008,2.5002583669291565
33.0,72.0,1000.5546264648438,-4.381819404828991,-3.7917783465398,1.7133438897765452,3.179883941976491,2.4726217383469,3.003915626239314,-0.3392769780192204,1.8302719062969333,0.2098030366819888,2.500262865509727
33.0,72.0,1000.5546264648438,-4.38181940135786,-3.791778721681743,1.7133446458750106,3.179804522484233,2.4726217846877434,3.0039974152187248,-0.3396494509982768,1.8302714955644883,0.2097991623499903,2.5002640547246995
33.0,72.0,1000.5546264648438,-4.38181940135786,-3.791785808024263,1.7133452865853815,3.1798856787977914,2.4726217194203817,3.003912729923942,-0.339245397086725,1.8302698811436144,0.2097917493187052,2.500261004309139
33.0,72.0,1000.5546264648438,-4.38181940135786,-3.791778721681743,1.713443521809557,3.179883642241021,2.4726217846877434,3.003998201071625,-0.3392595173301259,1.8302719063758783,0.2098034691608709,2.5002640547246995
33.0,72.0,1000.5546875,-4.38181940135786,-3.791778627601584,1.7134419238061829,3.1798052224054687,2.472621723255481,3.003989213511831,-0.3393118396180737,1.830271817663044,0.209799146504672,2.500195661863125
33.0,72.0,1000.5546875,-4.38181940135786,-3.791778627601584,1.7134419238061829,3.1798052224054687,2.472621723255481,3.003989213511831,-0.3393118396180737,1.8302718183847533,0.209799146504672,2.500195661863125
33.0,72.0,1000.5546875,-4.38181940135786,-3.7918852769912177,1.7133452172789605,3.179885589795867,2.4726217194203817,3.003989438544547,-0.3392424168100743,1.8302718184491515,0.2097917493187052,2.500264106009989
33.0,72.0,1000.5546875,-4.38181940135786,-3.7918852769912177,1.7133434757077812,3.1798075837340387,2.4726217238664288,3.0039889024259048,-0.3392424168100743,1.8302718536793248,0.2098030312165331,2.5002583669291565
33.0,72.0,1000.5546875,-4.38181940076474,-3.791778635153447,1.7134419238061829,3.17980404970328,2.4726228990197168,3.003988646673388,-0.3395337406399784,1.8302718166332308,0.2097991644911946,2.500180952520912
33.0,72.0,1000.5546875,-4.38181940135786,-3.791778330632264,1.7134419238061829,3.1797947620832887,2.4726228710285443,3.0039144072125445,-0.3392850114081545,1.8302694981096748,0.2098040830902798,2.50018380113737
33.0,72.0,1000.5546875,-4.38181940135786,-3.7918852769912177,1.7133452172789605,3.179885589795867,2.472621828048612,3.0039974152187248,-0.3389031878430034,1.8302698635132475,0.2097675473776447,2.5001985562725224
33.0,72.0,1000.5546875,-4.38181940135786,-3.7917851274829326,1.7134419238061829,3.179804050334305,2.472621741452772,3.003913429277065,-0.3394708745371787,1.8302718159746136,0.2097994500359093,2.500181658083336
33.0,72.0,1000.5546875,-4.38181940135786,-3.791778330632264,1.7134412678025306,3.179795420890694,2.4726228706428803,3.003913206775274,-0.3389696286334012,1.830269828573444,0.2098040830902798,2.5001806359779093
33.0,72.0,1000.5546875,-4.38181940135786,-3.7918852769912177,1.7133434757077812,3.1798075837340387,2.4726217890445543,3.0039889024259048,-0.3392424168100743,1.8302719760045127,0.2098030312165331,2.5002583669291565
33.0,72.0,1000.5546875,-4.38181419614103,-3.7918852769912177,1.7133452154369473,3.1798842709829342,2.472621719269956,3.003989438544547,-0.3392424168100743,1.830271857056332,0.2097917493187052,2.500264106009989
33.0,72.0,1000.5546875,-4.38181940135786,-3.791778330632264,1.7134419238061829,3.179794828963831,2.4726228710285443,3.0039911917601687,-0.3392968869707157,1.8302719069736952,0.2098040830902798,2.500180856795457
33.0,72.0,1000.5546875,-4.38181940076474,-3.79177862738002,1.7134419238061829,3.17980404970328,2.472621697234953,3.003988646673388,-0.3392992065923109,1.830271818386254,0.2097991654216662,2.5001802916932565
33.0,72.0,1000.5546875,-4.38181940135786,-3.791778627601584,1.7134419238061829,3.1798052224054687,2.472621723255481,3.003989213511831,-0.3393118396180737,1.830271817663044,0.209799146504672,2.500195661863125
33.0,72.0,1000.5546875,-4.38181940135786,-3.791778627601584,1.7133420511340716,3.179807131377153,2.4726217652706137,3.003989213511831,-0.3392447183039964,1.830269787801068,0.209799146504672,2.500195217694034
33.0,72.0,1000.5546875,-4.381819404828991,-3.7918852769912177,1.713343855708906,3.179885589795867,2.47262178911286,3.003915626239314,-0.3392769780192204,1.830271853496924,0.2098030366819888,2.5002632294203195
33.0,72.0,1000.5546875,-4.38181940135786,-3.791778627601584,1.7134419238061829,3.1798052224054687,2.4726230374823936,3.003989213511831,-0.3392784059720972,1.8302699049134328,0.209799146504672,2.500195661863125
33.0,72.0,1000.5546875,-4.38181940076474,-3.791778635255792,1.7134419238061829,3.17980404970328,2.4726228990197168,3.003988646673388,-0.3395337406399784,1.8302718177149404,0.2097991468290261,2.500180952520912
33.0,72.0,1000.5546875,-4.381819401348509,-3.791880978348057,1.7133434757077812,3.1798075837340387,2.4726217890445543,3.003988906142791,-0.3392424168100743,1.8302719768846385,0.2098030567455811,2.5002583669291565
33.0,72.0,1000.5546875,-4.38181940135786,-3.791785907136492,1.7133348671490611,3.179804006553863,2.472621741452772,3.003913429277065,-0.3394708745371787,1.830269766623965,0.2097994668243116,2.5001953911634764
33.0,72.0,1000.5546875,-4.38181940135786,-3.7918854436820384,1.7133452865853815,3.179885589795867,2.4726217194203817,3.003912729923942,-0.3392424168100743,1.8302719649892227,0.2097917493187052,2.500263159941565
33.0,72.0,1000.5546875,-4.38181940135786,-3.7918852769912177,1.7133434757077812,3.1798075837340387,2.4726217890445543,3.0039889024259048,-0.3392424168100743,1.8302719760045127,0.2098030312165331,2.5002583669291565
33.0,72.0,1000.5546875,-4.38181940135786,-3.791778627601584,1.7134419238061829,3.1798052224054687,2.472621817027948,3.003989213511831,-0.3393118396180737,1.830271817663044,0.2097990154452883,2.500180828640033
33.0,72.0,1000.5546875,-4.38181940135786,-3.791778628502512,1.7134419238061829,3.179805183553905,2.472621723255481,3.003989213511831,-0.3393367874802298,1.8302718892508745,0.2097993092496283,2.500195094194955
33.0,72.0,1000.5546875,-4.38181940135786,-3.7918852769912177,1.7133452172789605,3.179885589795867,2.472621828048612,3.00398545038722,-0.3389031878430034,1.8302698732403304,0.2097675473776447,2.5001985562725224
33.0,72.0,1000.5546875,-4.38181940135786,-3.791777847948025,1.713449107791193,3.1798071751575945,2.4726217652706137,3.003989213511831,-0.3392447183039964,1.8302718371517164,0.2097991297162697,2.500181484613893
33.0,72.0,1000.5546875,-4.38181940135786,-3.791785907136492,1.7133348671490611,3.179803927414813,2.472621741452772,3.003913429277065,-0.3394708745371787,1.830269766623965,0.2097994628188296,2.5001953911634764
33.0,72.0,1000.5546875,-4.38181940135786,-3.791778627601584,1.7134419238061829,3.1798052224054687,2.4726230374823936,3.003989213511831,-0.3393118258421821,1.8302714983730908,0.209799146504672,2.5001954447566024
33.0,72.0,1000.5546875,-4.381819404828991,-3.7918852769912177,1.713343855708906,3.1790555767384925,2.47262178911286,3.003915626239314,-0.3392769780192204,1.830271853496924,0.2098030366819888,2.5002632294203195
33.0,72.0,1000.5546875,-4.38181940135786,-3.791778627601584,1.7134419238061829,3.1798052224054687,2.472621817027948,3.003989213511831,-0.3393118396180737,1.830271817663044,0.2097990154452883,2.500180828640033
33.0,72.0,1000.5546875,-4.38181940135786,-3.7918852769912177,1.7133434757077812,3.1798075837340387,2.4726217238664288,3.0039889024259048,-0.3392424168100743,1.8302718536793248,0.2098030312165331,2.5002583669291565
33.0,72.0,1000.5546875,-4.38181940135786,-3.791896224807033,1.7133452172789605,3.1798842826800846,2.4726217259504377,3.003989438544547,-0.3392424168100743,1.830271821579741,0.2097918827998365,2.500264106009989
33.0,72.0,1000.5546875,-4.38181940135786,-3.7918852769912177,1.7133434757077812,3.1798075837340387,2.4726217890445543,3.0039889024259048,-0.3392424168100743,1.8302719760045127,0.2098030312165331,2.5002583669291565
33.0,72.0,1000.5546875,-4.38181940135786,-3.791778627601584,1.7134419238061829,3.1798052224054687,2.472621817027948,3.003989213511831,-0.3392784197479888,1.8302702242033864,0.2097990154452883,2.500181045746555
33.0,72.0,1000.5546875,-4.38181940135786,-3.791887868340536,1.7133434757077812,3.179807733065145,2.4726217238664288,3.003909348687553,-0.3392424168100743,1.8302718648807168,0.2098030312165331,2.5002583669291565
33.0,72.0,1000.5546875,-4.38181940076474,-3.791778635153447,1.7134419238061829,3.17980404970328,2.4726228990197168,3.0039911159760693,-0.3395337406399784,1.8302718490166088,0.2097991644911946,2.500180952520912
33.0,72.0,1000.5546875,-4.38181940135786,-3.791785907136492,1.7133460475269928,3.179804006553863,2.4726217416430534,3.003913429277065,-0.3392279873623642,1.830269766623965,0.2097994668243116,2.5001953911634764
33.0,72.0,1000.5546875,-4.38181940135786,-3.791778627601584,1.7134419238061829,3.1798052224054687,2.472621723255481,3.003989213511831,-0.3393118396180737,1.830271817663044,0.209799146504672,2.500195661863125
33.0,73.0,1000.5546264648438,-4.38181940135786,-3.791778721681743,1.7133446458750106,3.1798045113757065,2.4726217846877434,3.0039974152187248,-0.3396494509982768,1.8302718536763567,0.2098034691608709,2.5002640547246995
33.0,73.0,1000.5546264648438,-4.38181940135786,-3.79177862749924,1.7134419238061829,3.178491336929356,2.472621723255481,3.003989213511831,-0.3393118396180737,1.8302718165813343,0.2097991641668405,2.500195661863125
33.0,73.0,1000.5546264648438,-4.381819404828991,-3.7917783465398,1.7134453426464211,3.179883941976491,2.4726228252537217,3.003915626239314,-0.3392769780192204,1.8302719062969333,0.2098030366819888,2.500262846839776
33.0,73.0,1000.5546264648438,-4.38181940135786,-3.791778627601584,1.7133420511340716,3.179807131377153,2.472621763516028,3.0039890733354406,-0.3392447183039964,1.830269787801068,0.2097673882427342,2.500195217694034
33.0,73.0,1000.5546264648438,-4.38181940135786,-3.791778989237996,1.7134361216338516,3.179847232411571,2.472621828048612,3.0039890501756443,-0.3389076230223916,1.8302698732403304,0.2097675473776447,2.500198936445796
33.0,73.0,1000.5546264648438,-4.381819404828991,-3.7917783465398,1.7134453426464211,3.179883941976491,2.4726228252537217,3.003915626239314,-0.3392769780192204,1.8302719062969333,0.2098030366819888,2.500262846839776
33.0,73.0,1000.5546264648438,-4.38181940135786,-3.791778721681743,1.7133446458750106,3.1798045113757065,2.4726217846877434,3.0039974152187248,-0.3396494509982768,1.8302718536763567,0.2098034691608709,2.5002640547246995
33.0,73.0,1000.5546264648438,-4.38181940135786,-3.79177659047102,1.7133434757077812,3.179807765182997,2.4726217890445543,3.0039889024259048,-0.3392424168100743,1.8302719760045127,0.2098040040181008,2.5002583669291565
33.0,73.0,1000.5546264648438,-4.381819404828991,-3.7917783465398,1.7133438897765452,3.179883941976491,2.4726217383469,3.003915626239314,-0.3392769780192204,1.8302719062969333,0.2098030366819888,2.500262865509727
33.0,73.0,1000.5546264648438,-4.38181940135786,-3.791778721681743,1.7133446458750106,3.179804522484233,2.4726217846877434,3.0039974152187248,-0.3396494509982768,1.8302714955644883,0.2097991623499903,2.5002640547246995
33.0,73.0,1000.5546264648438,-4.38181940135786,-3.791785808024263,1.7133452865853815,3.1798856787977914,2.4726217194203817,3.003912729923942,-0.339245397086725,1.8302698811436144,0.2097917493187052,2.500261004309139
33.0,73.0,1000.5546264648438,-4.38181940135786,-3.791778721681743,1.713443521809557,3.179883642241021,2.4726217846877434,3.003998201071625,-0.3392595173301259,1.8302719063758783,0.2098034691608709,2.5002640547246995
33.0,73.0,1000.5546264648438,-4.381819404832715,-3.7917786330964094,1.7134419238061829,3.178456579619029,2.472621723255481,3.003916803599433,-0.3393105593217571,1.8302718165813343,0.2097990408828615,2.500195661863125
33.0,73.0,1000.5546264648438,-4.38181940076474,-3.791778635153447,1.7134419238061829,3.17980404970328,2.4726229291829416,3.003988646673388,-0.3395276699053763,1.8302718549258417,0.2098033409827318,2.5002606901049456
33.0,73.0,1000.5546264648438,-4.38181940135786,-3.791778629993929,1.7134419177770763,3.1798759665487006,2.472621784806748,3.003998201071625,-0.3392595173301259,1.8302719063758783,0.2098034691608709,2.5002624730360385
33.0,73.0,1000.5546264648438,-4.381819404828991,-3.7917783465398,1.7134491455343146,3.179883941976491,2.472622867134811,3.003915626239314,-0.3392769780192204,1.8302719062969333,0.2098030366819888,2.500262846839776
33.0,73.0,1000.5546264648438,-4.38181940135786,-3.791778721681743,1.7133446458750106,3.17980449978467,2.4726217846877434,3.0039972811969005,-0.3396494509982768,1.8302718536763567,0.2098034691608709,2.5002640547246995
33.0,73.0,1000.5546264648438,-4.381819401354136,-3.791778340942627,1.7133438897765452,3.1799186992868176,2.4726217383469,3.0039880361517115,-0.3392782583155371,1.8302719062969333,0.2098031599659678,2.500262865509727
33.0,73.0,1000.5546875,-4.38181940135786,-3.791778627601584,1.7134419238061829,3.1798052224054687,2.472621723255481,3.003989213511831,-0.3393118396180737,1.830271817663044,0.209799146504672,2.500195661863125
33.0,73.0,1000.5546875,-4.38181940135786,-3.791778627601584,1.7134419238061829,3.1798052224054687,2.472621723255481,3.003989213511831,-0.3393118396180737,1.8302718183847533,0.209799146504672,2.500195661863125
33.0,73.0,1000.5546875,-4.38181940135786,-3.7918852769912177,1.7133452172789605,3.179885589795867,2.4726217194203817,3.003989438544547,-0.3392424168100743,1.8302718184491515,0.2097917493187052,2.500264106009989
33.0,73.0,1000.5546875,-4.38181940135786,-3.7918852769912177,1.7133434757077812,3.1798075837340387,2.4726217238664288,3.0039889024259048,-0.3392424168100743,1.8302718536793248,0.2098030312165331,2.5002583669291565
33.0,73.0,1000.5546875,-4.38181940076474,-3.791778635153447,1.7134419238061829,3.17980404970328,2.4726228990197168,3.003988646673388,-0.3395337406399784,1.8302718166332308,0.2097991644911946,2.500180952520912
33.0,73.0,1000.5546875,-4.38181940135786,-3.791778330632264,1.7134419238061829,3.1797947620832887,2.4726228710285443,3.0039144072125445,-0.3392850114081545,1.8302694981096748,0.2098040830902798,2.50018380113737
33.0,73.0,1000.5546875,-4.38181940135786,-3.7918852769912177,1.7133452172789605,3.179885589795867,2.472621828048612,3.0039974152187248,-0.3389031878430034,1.8302698635132475,0.2097675473776447,2.5001985562725224
33.0,73.0,1000.5546875,-4.38181940135786,-3.7917851274829326,1.7134419238061829,3.179804050334305,2.472621741452772,3.003913429277065,-0.3394708745371787,1.8302718159746136,0.2097994500359093,2.500181658083336
33.0,73.0,1000.5546875,-4.38181940135786,-3.791778330632264,1.7134412678025306,3.179795420890694,2.4726228706428803,3.003913206775274,-0.3389696286334012,1.830269828573444,0.2098040830902798,2.5001806359779093
33.0,73.0,1000.5546875,-4.38181940135786,-3.7918852769912177,1.7133434757077812,3.1798075837340387,2.4726217890445543,3.0039889024259048,-0.3392424168100743,1.8302719760045127,0.2098030312165331,2.5002583669291565
33.0,73.0,1000.5546875,-4.38181419614103,-3.7918852769912177,1.7133452154369473,3.1798842709829342,2.472621719269956,3.003989438544547,-0.3392424168100743,1.830271857056332,0.2097917493187052,2.500264106009989
33.0,73.0,1000.5546875,-4.38181940135786,-3.791778330632264,1.7134419238061829,3.179794828963831,2.4726228710285443,3.0039911917601687,-0.3392968869707157,1.8302719069736952,0.2098040830902798,2.500180856795457
33.0,73.0,1000.5546875,-4.38181940076474,-3.79177862738002,1.7134419238061829,3.17980404970328,2.472621697234953,3.003988646673388,-0.3392992065923109,1.830271818386254,0.2097991654216662,2.5001802916932565
33.0,73.0,1000.5546875,-4.38181940135786,-3.791778627601584,1.7134419238061829,3.1798052224054687,2.472621723255481,3.003989213511831,-0.3393118396180737,1.830271817663044,0.209799146504672,2.500195661863125
33.0,73.0,1000.5546875,-4.38181940135786,-3.791778627601584,1.7133420511340716,3.179807131377153,2.4726217652706137,3.003989213511831,-0.3392447183039964,1.830269787801068,0.209799146504672,2.500195217694034
33.0,73.0,1000.5546875,-4.381819404828991,-3.7918852769912177,1.713343855708906,3.179885589795867,2.47262178911286,3.003915626239314,-0.3392769780192204,1.830271853496924,0.2098030366819888,2.5002632294203195
33.0,73.0,1000.5546875,-4.38181940135786,-3.791778627601584,1.7134419238061829,3.1798052224054687,2.4726230374823936,3.003989213511831,-0.3392784059720972,1.8302699049134328,0.209799146504672,2.500195661863125
33.0,73.0,1000.5546875,-4.38181940076474,-3.791778635255792,1.7134419238061829,3.17980404970328,2.4726228990197168,3.003988646673388,-0.3395337406399784,1.8302718177149404,0.2097991468290261,2.500180952520912
33.0,73.0,1000.5546875,-4.381819401348509,-3.791880978348057,1.7133434757077812,3.1798075837340387,2.4726217890445543,3.003988906142791,-0.3392424168100743,1.8302719768846385,0.2098030567455811,2.5002583669291565
33.0,73.0,1000.5546875,-4.38181940135786,-3.791785907136492,1.7133348671490611,3.179804006553863,2.472621741452772,3.003913429277065,-0.3394708745371787,1.830269766623965,0.2097994668243116,2.5001953911634764
33.0,73.0,1000.5546875,-4.38181940135786,-3.7918854436820384,1.7133452865853815,3.179885589795867,2.4726217194203817,3.003912729923942,-0.3392424168100743,1.8302719649892227,0.2097917493187052,2.500263159941565
33.0,73.0,1000.5546875,-4.38181940135786,-3.7918852769912177,1.7133434757077812,3.1798075837340387,2.4726217890445543,3.0039889024259048,-0.3392424168100743,1.8302719760045127,0.2098030312165331,2.5002583669291565
33.0,73.0,1000.5546875,-4.38181940135786,-3.791778627601584,1.7134419238061829,3.1798052224054687,2.472621817027948,3.003989213511831,-0.3393118396180737,1.830271817663044,0.2097990154452883,2.500180828640033
33.0,73.0,1000.5546875,-4.38181940135786,-3.791778628502512,1.7134419238061829,3.179805183553905,2.472621723255481,3.003989213511831,-0.3393367874802298,1.8302718892508745,0.2097993092496283,2.500195094194955
33.0,73.0,1000.5546875,-4.38181940135786,-3.7918852769912177,1.7133452172789605,3.179885589795867,2.472621828048612,3.00398545038722,-0.3389031878430034,1.8302698732403304,0.2097675473776447,2.5001985562725224
33.0,73.0,1000.5546875,-4.38181940135786,-3.791777847948025,1.713449107791193,3.1798071751575945,2.4726217652706137,3.003989213511831,-0.3392447183039964,1.8302718371517164,0.2097991297162697,2.500181484613893
33.0,73.0,1000.5546875,-4.38181940135786,-3.791785907136492,1.7133348671490611,3.179803927414813,2.472621741452772,3.003913429277065,-0.3394708745371787,1.830269766623965,0.2097994628188296,2.5001953911634764
33.0,73.0,1000.5546875,-4.38181940135786,-3.791778627601584,1.7134419238061829,3.1798052224054687,2.4726230374823936,3.003989213511831,-0.3393118258421821,1.8302714983730908,0.209799146504672,2.5001954447566024
33.0,73.0,1000.5546875,-4.381819404828991,-3.7918852769912177,1.713343855708906,3.1790555767384925,2.47262178911286,3.003915626239314,-0.3392769780192204,1.830271853496924,0.2098030366819888,2.5002632294203195
33.0,73.0,1000.5546875,-4.38181940135786,-3.791778627601584,1.7134419238061829,3.1798052224054687,2.472621817027948,3.003989213511831,-0.3393118396180737,1.830271817663044,0.2097990154452883,2.500180828640033
33.0,73.0,1000.5546875,-4.38181940135786,-3.7918852769912177,1.7133434757077812,3.1798075837340387,2.4726217238664288,3.0039889024259048,-0.3392424168100743,1.8302718536793248,0.2098030312165331,2.5002583669291565
33.0,73.0,1000.5546875,-4.38181940135786,-3.791896224807033,1.7133452172789605,3.1798842826800846,2.4726217259504377,3.003989438544547,-0.3392424168100743,1.830271821579741,0.2097918827998365,2.500264106009989
33.0,74.0,1000.5546264648438,-4.38181940135786,-3.791778721681743,1.7133446458750106,3.1798045113757065,2.4726217846877434,3.0039974152187248,-0.3396494509982768,1.8302718536763567,0.2098034691608709,2.5002640547246995
33.0,74.0,1000.5546264648438,-4.38181940135786,-3.79177862749924,1.7134419238061829,3.178491336929356,2.472621723255481,3.003989213511831,-0.3393118396180737,1.8302718165813343,0.2097991641668405,2.500195661863125
33.0,74.0,1000.5546264648438,-4.381819404828991,-3.7917783465398,1.7134453426464211,3.179883941976491,2.4726228252537217,3.003915626239314,-0.3392769780192204,1.8302719062969333,0.2098030366819888,2.500262846839776
33.0,74.0,1000.5546264648438,-4.38181940135786,-3.791778627601584,1.7133420511340716,3.179807131377153,2.472621763516028,3.0039890733354406,-0.3392447183039964,1.830269787801068,0.2097673882427342,2.500195217694034
33.0,74.0,1000.5546264648438,-4.38181940135786,-3.791778989237996,1.7134361216338516,3.179847232411571,2.472621828048612,3.0039890501756443,-0.3389076230223916,1.8302698732403304,0.2097675473776447,2.500198936445796
33.0,74.0,1000.5546264648438,-4.381819404828991,-3.7917783465398,1.7134453426464211,3.179883941976491,2.4726228252537217,3.003915626239314,-0.3392769780192204,1.8302719062969333,0.2098030366819888,2.500262846839776
33.0,74.0,1000.5546264648438,-4.38181940135786,-3.791778721681743,1.7133446458750106,3.1798045113757065,2.4726217846877434,3.0039974152187248,-0.3396494509982768,1.8302718536763567,0.2098034691608709,2.5002640547246995
33.0,74.0,1000.5546264648438,-4.38181940135786,-3.79177659047102,1.7133434757077812,3.179807765182997,2.4726217890445543,3.0039889024259048,-0.3392424168100743,1.8302719760045127,0.2098040040181008,2.5002583669291565
33.0,74.0,1000.5546264648438,-4.381819404828991,-3.7917783465398,1.7133438897765452,3.179883941976491,2.4726217383469,3.003915626239314,-0.3392769780192204,1.8302719062969333,0.2098030366819888,2.500262865509727
33.0,74.0,1000.5546264648438,-4.38181940135786,-3.791778721681743,1.7133446458750106,3.179804522484233,2.4726217846877434,3.0039974152187248,-0.3396494509982768,1.8302714955644883,0.2097991623499903,2.5002640547246995
33.0,74.0,1000.5546264648438,-4.38181940135786,-3.791785808024263,1.7133452865853815,3.1798856787977914,2.4726217194203817,3.003912729923942,-0.339245397086725,1.8302698811436144,0.2097917493187052,2.500261004309139
33.0,74.0,1000.5546264648438,-4.38181940135786,-3.791778721681743,1.713443521809557,3.179883642241021,2.4726217846877434,3.003998201071625,-0.3392595173301259,1.8302719063758783,0.2098034691608709,2.5002640547246995
33.0,74.0,1000.5546264648438,-4.381819404832715,-3.7917786330964094,1.7134419238061829,3.178456579619029,2.472621723255481,3.003916803599433,-0.3393105593217571,1.8302718165813343,0.2097990408828615,2.500195661863125
33.0,74.0,1000.5546264648438,-4.38181940076474,-3.791778635153447,1.7134419238061829,3.17980404970328,2.4726229291829416,3.003988646673388,-0.3395276699053763,1.8302718549258417,0.2098033409827318,2.5002606901049456
33.0,74.0,1000.5546264648438,-4.38181940135786,-3.791778629993929,1.7134419177770763,3.1798759665487006,2.472621784806748,3.003998201071625,-0.3392595173301259,1.8302719063758783,0.2098034691608709,2.5002624730360385
33.0,74.0,1000.5546264648438,-4.381819404828991,-3.7917783465398,1.7134491455343146,3.179883941976491,2.472622867134811,3.003915626239314,-0.3392769780192204,1.8302719062969333,0.2098030366819888,2.500262846839776
33.0,74.0,1000.5546264648438,-4.38181940135786,-3.791778721681743,1.7133446458750106,3.17980449978467,2.4726217846877434,3.0039972811969005,-0.3396494509982768,1.8302718536763567,0.2098034691608709,2.5002640547246995
33.0,74.0,1000.5546264648438,-4.381819401354136,-3.791778340942627,1.7133438897765452,3.1799186992868176,2.4726217383469,3.0039880361517115,-0.3392782583155371,1.8302719062969333,0.2098031599659678,2.500262865509727
33.0,74.0,1000.5546264648438,-4.38181940135786,-3.791778989237996,1.7134361216338516,3.179847232411571,2.472621828048612,3.0039890501756443,-0.3389076230223916,1.8302698732403304,0.2097675473776447,2.500198936445796
33.0,74.0,1000.5546264648438,-4.381819404954793,-3.7917783465398,1.7133438897765452,3.179883941976491,2.47262172415238,3.003915626239314,-0.3392769780192204,1.8302718525725936,0.2098030366819888,2.500262865509727
33.0,74.0,1000.5546264648438,-4.381819404832715,-3.791778632372688,1.7134419238061829,3.1784841687743444,2.47262176730776,3.003916803599433,-0.3393104602658677,1.830271817347348,0.2097990092934332,2.5002006764787192
33.0,74.0,1000.5546264648438,-4.38181940135786,-3.791778721681743,1.7133435612241494,3.179883642241021,2.4726217846877434,3.0039980820092813,-0.3392428600072255,1.8302719007576205,0.2098034003486224,2.5002640547246995
33.0,74.0,1000.5546264648438,-4.381819401354136,-3.791778340942627,1.7133438897765452,3.1799236074039974,2.472621788131019,3.0039973601429533,-0.3392782583155371,1.8302719062969333,0.2098031599659678,2.5002640096539253
33.0,74.0,1000.5546264648438,-4.381819404828991,-3.791778347263522,1.7134491455343146,3.1798563528211754,2.472622823082532,3.003915626239314,-0.3392770770751098,1.8302719055309205,0.2098030682714172,2.500257832224181
33.0,74.0,1000.5546264648438,-4.38181940135786,-3.791778627601584,1.7133415481137964,3.179807131377153,2.472621763516028,3.0039890733354406,-0.3392423769873485,1.830269788386992,0.2097673882427342,2.5001953010761446
33.0,74.0,1000.5546264648438,-4.381819400711886,-3.791778331390353,1.7134452621380225,3.179883941976491,2.4726229257627126,3.003915626239314,-0.3392875943732436,1.830271904556868,0.2098033436984772,2.50026291362249
33.0,74.0,1000.5546264648438,-4.38181940135786,-3.79177862749924,1.7134419238061829,3.178491336929356,2.472621723255481,3.003989213511831,-0.3392793472693522,1.83027163611854,0.2097991641668405,2.500195661863125
33.0,74.0,1000.5546264648438,-4.381819404828991,-3.7917783465398,1.7133438897765452,3.179883941976491,2.4726217383469,3.003915626239314,-0.3392769780192204,1.8302719062969333,0.209803110718576,2.5002628410641785
33.0,74.0,1000.5546264648438,-4.38181940135786,-3.791785808024263,1.7133452865853815,3.1798856787977914,2.472621815265672,3.0039892681582323,-0.339245397086725,1.8302698811436144,0.2097993079588196,2.500261004309139
33.0,74.0,1000.5546875,-4.38181940135786,-3.791778627601584,1.7134419238061829,3.1798052224054687,2.472621723255481,3.003989213511831,-0.3393118396180737,1.830271817663044,0.209799146504672,2.500195661863125
33.0,74.0,1000.5546875,-4.38181940135786,-3.791778627601584,1.7134419238061829,3.1798052224054687,2.472621723255481,3.003989213511831,-0.3393118396180737,1.8302718183847533,0.209799146504672,2.500195661863125
33.0,74.0,1000.5546875,-4.38181940135786,-3.7918852769912177,1.7133452172789605,3.179885589795867,2.4726217194203817,3.003989438544547,-0.3392424168100743,1.8302718184491515,0.2097917493187052,2.500264106009989
33.0,74.0,1000.5546875,-4.38181940135786,-3.7918852769912177,1.7133434757077812,3.1798075837340387,2.4726217238664288,3.0039889024259048,-0.3392424168100743,1.8302718536793248,0.2098030312165331,2.5002583669291565
33.0,74.0,1000.5546875,-4.38181940076474,-3.791778635153447,1.7134419238061829,3.17980404970328,2.4726228990197168,3.003988646673388,-0.3395337406399784,1.8302718166332308,0.2097991644911946,2.500180952520912
33.0,74.0,1000.5546875,-4.38181940135786,-3.791778330632264,1.7134419238061829,3.1797947620832887,2.4726228710285443,3.0039144072125445,-0.3392850114081545,1.8302694981096748,0.2098040830902798,2.50018380113737
33.0,74.0,1000.5546875,-4.38181940135786,-3.7918852769912177,1.7133452172789605,3.179885589795867,2.472621828048612,3.0039974152187248,-0.3389031878430034,1.8302698635132475,0.2097675473776447,2.5001985562725224
33.0,74.0,1000.5546875,-4.38181940135786,-3.7917851274829326,1.7134419238061829,3.179804050334305,2.472621741452772,3.003913429277065,-0.3394708745371787,1.8302718159746136,0.2097994500359093,2.500181658083336
33.0,74.0,1000.5546875,-4.38181940135786,-3.791778330632264,1.7134412678025306,3.179795420890694,2.4726228706428803,3.003913206775274,-0.3389696286334012,1.830269828573444,0.2098040830902798,2.5001806359779093
33.0,74.0,1000.5546875,-4.38181940135786,-3.7918852769912177,1.7133434757077812,3.1798075837340387,2.4726217890445543,3.0039889024259048,-0.3392424168100743,1.8302719760045127,0.2098030312165331,2.5002583669291565
33.0,74.0,1000.5546875,-4.38181419614103,-3.7918852769912177,1.7133452154369473,3.1798842709829342,2.472621719269956,3.003989438544547,-0.3392424168100743,1.830271857056332,0.2097917493187052,2.500264106009989
33.0,74.0,1000.5546875,-4.38181940135786,-3.791778330632264,1.7134419238061829,3.179794828963831,2.4726228710285443,3.0039911917601687,-0.3392968869707157,1.8302719069736952,0.2098040830902798,2.500180856795457
33.0,74.0,1000.5546875,-4.38181940076474,-3.79177862738002,1.7134419238061829,3.17980404970328,2.472621697234953,3.003988646673388,-0.3392992065923109,1.830271818386254,0.2097991654216662,2.5001802916932565
33.0,74.0,1000.5546875,-4.38181940135786,-3.791778627601584,1.7134419238061829,3.1798052224054687,2.472621723255481,3.003989213511831,-0.3393118396180737,1.830271817663044,0.209799146504672,2.500195661863125
33.0,74.0,1000.5546875,-4.38181940135786,-3.791778627601584,1.7133420511340716,3.179807131377153,2.4726217652706137,3.003989213511831,-0.3392447183039964,1.830269787801068,0.209799146504672,2.500195217694034
33.0,74.0,1000.5546875,-4.381819404828991,-3.7918852769912177,1.713343855708906,3.179885589795867,2.47262178911286,3.003915626239314,-0.3392769780192204,1.830271853496924,0.2098030366819888,2.5002632294203195
33.0,74.0,1000.5546875,-4.38181940135786,-3.791778627601584,1.7134419238061829,3.1798052224054687,2.4726230374823936,3.003989213511831,-0.3392784059720972,1.8302699049134328,0.209799146504672,2.500195661863125
33.0,74.0,1000.5546875,-4.38181940076474,-3.791778635255792,1.7134419238061829,3.17980404970328,2.4726228990197168,3.003988646673388,-0.3395337406399784,1.8302718177149404,0.2097991468290261,2.500180952520912
33.0,74.0,1000.5546875,-4.381819401348509,-3.791880978348057,1.7133434757077812,3.1798075837340387,2.4726217890445543,3.003988906142791,-0.3392424168100743,1.8302719768846385,0.2098030567455811,2.5002583669291565
33.0,74.0,1000.5546875,-4.38181940135786,-3.791785907136492,1.7133348671490611,3.179804006553863,2.472621741452772,3.003913429277065,-0.3394708745371787,1.830269766623965,0.2097994668243116,2.5001953911634764
33.0,74.0,1000.5546875,-4.38181940135786,-3.7918854436820384,1.7133452865853815,3.179885589795867,2.4726217194203817,3.003912729923942,-0.3392424168100743,1.8302719649892227,0.2097917493187052,2.500263159941565
33.0,75.0,1000.5546264648438,-4.38181940135786,-3.791778721681743,1.7133446458750106,3.1798045113757065,2.4726217846877434,3.0039974152187248,-0.3396494509982768,1.8302718536763567,0.2098034691608709,2.5002640547246995
33.0,75.0,1000.5546264648438,-4.38181940135786,-3.79177862749924,1.7134419238061829,3.178491336929356,2.472621723255481,3.003989213511831,-0.3393118396180737,1.8302718165813343,0.2097991641668405,2.500195661863125
33.0,75.0,1000.5546264648438,-4.381819404828991,-3.7917783465398,1.7134453426464211,3.179883941976491,2.4726228252537217,3.003915626239314,-0.3392769780192204,1.8302719062969333,0.2098030366819888,2.500262846839776
33.0,75.0,1000.5546264648438,-4.38181940135786,-3.791778627601584,1.7133420511340716,3.179807131377153,2.472621763516028,3.0039890733354406,-0.3392447183039964,1.830269787801068,0.2097673882427342,2.500195217694034
33.0,75.0,1000.5546264648438,-4.38181940135786,-3.791778989237996,1.7134361216338516,3.179847232411571,2.472621828048612,3.0039890501756443,-0.3389076230223916,1.8302698732403304,0.2097675473776447,2.500198936445796
33.0,75.0,1000.5546264648438,-4.381819404828991,-3.7917783465398,1.7134453426464211,3.179883941976491,2.4726228252537217,3.003915626239314,-0.3392769780192204,1.8302719062969333,0.2098030366819888,2.500262846839776
33.0,75.0,1000.5546264648438,-4.38181940135786,-3.791778721681743,1.7133446458750106,3.1798045113757065,2.4726217846877434,3.0039974152187248,-0.3396494509982768,1.8302718536763567,0.2098034691608709,2.5002640547246995
33.0,75.0,1000.5546264648438,-4.38181940135786,-3.79177659047102,1.7133434757077812,3.179807765182997,2.4726217890445543,3.0039889024259048,-0.3392424168100743,1.8302719760045127,0.2098040040181008,2.5002583669291565
33.0,75.0,1000.5546264648438,-4.381819404828991,-3.7917783465398,1.7133438897765452,3.179883941976491,2.4726217383469,3.003915626239314,-0.3392769780192204,1.8302719062969333,0.2098030366819888,2.500262865509727
33.0,75.0,1000.5546264648438,-4.38181940135786,-3.791778721681743,1.7133446458750106,3.179804522484233,2.4726217846877434,3.0039974152187248,-0.3396494509982768,1.8302714955644883,0.2097991623499903,2.5002640547246995
33.0,75.0,1000.5546264648438,-4.38181940135786,-3.791785808024263,1.7133452865853815,3.1798856787977914,2.4726217194203817,3.003912729923942,-0.339245397086725,1.8302698811436144,0.2097917493187052,2.500261004309139
33.0,75.0,1000.5546264648438,-4.38181940135786,-3.791778721681743,1.713443521809557,3.179883642241021,2.4726217846877434,3.003998201071625,-0.3392595173301259,1.8302719063758783,0.2098034691608709,2.5002640547246995
33.0,75.0,1000.5546264648438,-4.381819404832715,-3.7917786330964094,1.7134419238061829,3.178456579619029,2.472621723255481,3.003916803599433,-0.3393105593217571,1.8302718165813343,0.2097990408828615,2.500195661863125
33.0,75.0,1000.5546264648438,-4.38181940076474,-3.791778635153447,1.7134419238061829,3.17980404970328,2.4726229291829416,3.003988646673388,-0.3395276699053763,1.8302718549258417,0.2098033409827318,2.5002606901049456
33.0,75.0,1000.5546264648438,-4.38181940135786,-3.791778629993929,1.7134419177770763,3.1798759665487006,2.472621784806748,3.003998201071625,-0.3392595173301259,1.8302719063758783,0.2098034691608709,2.5002624730360385
33.0,75.0,1000.5546264648438,-4.381819404828991,-3.7917783465398,1.7134491455343146,3.179883941976491,2.472622867134811,3.003915626239314,-0.3392769780192204,1.8302719062969333,0.2098030366819888,2.500262846839776
33.0,75.0,1000.5546264648438,-4.38181940135786,-3.791778721681743,1.7133446458750106,3.17980449978467,2.4726217846877434,3.0039972811969005,-0.3396494509982768,1.8302718536763567,0.2098034691608709,2.5002640547246995
33.0,75.0,1000.5546264648438,-4.381819401354136,-3.791778340942627,1.7133438897765452,3.1799186992868176,2.4726217383469,3.0039880361517115,-0.3392782583155371,1.8302719062969333,0.2098031599659678,2.500262865509727
33.0,75.0,1000.5546264648438,-4.38181940135786,-3.791778989237996,1.7134361216338516,3.179847232411571,2.472621828048612,3.0039890501756443,-0.3389076230223916,1.8302698732403304,0.2097675473776447,2.500198936445796
33.0,75.0,1000.5546264648438,-4.381819404954793,-3.7917783465398,1.7133438897765452,3.179883941976491,2.47262172415238,3.003915626239314,-0.3392769780192204,1.8302718525725936,0.2098030366819888,2.500262865509727
33.0,75.0,1000.5546264648438,-4.381819404832715,-3.791778632372688,1.7134419238061829,3.1784841687743444,2.47262176730776,3.003916803599433,-0.3393104602658677,1.830271817347348,0.2097990092934332,2.5002006764787192
33.0,75.0,1000.5546264648438,-4.38181940135786,-3.791778721681743,1.7133435612241494,3.179883642241021,2.4726217846877434,3.0039980820092813,-0.3392428600072255,1.8302719007576205,0.2098034003486224,2.5002640547246995
33.0,75.0,1000.5546264648438,-4.381819401354136,-3.791778340942627,1.7133438897765452,3.1799236074039974,2.472621788131019,3.0039973601429533,-0.3392782583155371,1.8302719062969333,0.2098031599659678,2.5002640096539253
33.0,75.0,1000.5546264648438,-4.381819404828991,-3.791778347263522,1.7134491455343146,3.1798563528211754,2.472622823082532,3.003915626239314,-0.3392770770751098,1.8302719055309205,0.2098030682714172,2.500257832224181
33.0,75.0,1000.5546264648438,-4.38181940135786,-3.791778627601584,1.7133415481137964,3.179807131377153,2.472621763516028,3.0039890733354406,-0.3392423769873485,1.830269788386992,0.2097673882427342,2.5001953010761446
33.0,75.0,1000.5546264648438,-4.381819400711886,-3.791778331390353,1.7134452621380225,3.179883941976491,2.4726229257627126,3.003915626239314,-0.3392875943732436,1.830271904556868,0.2098033436984772,2.50026291362249
33.0,75.0,1000.5546264648438,-4.38181940135786,-3.79177862749924,1.7134419238061829,3.178491336929356,2.472621723255481,3.003989213511831,-0.3392793472693522,1.83027163611854,0.2097991641668405,2.500195661863125
33.0,75.0,1000.5546264648438,-4.381819404828991,-3.7917783465398,1.7133438897765452,3.179883941976491,2.4726217383469,3.003915626239314,-0.3392769780192204,1.8302719062969333,0.209803110718576,2.5002628410641785
33.0,75.0,1000.5546264648438,-4.38181940135786,-3.791785808024263,1.7133452865853815,3.1798856787977914,2.472621815265672,3.0039892681582323,-0.339245397086725,1.8302698811436144,0.2097993079588196,2.500261004309139
33.0,75.0,1000.5546264648438,-4.381819404822062,-3.791785436721632,1.713442101945706,3.179883941976491,2.472622867134811,3.003915626239314,-0.3394604137310649,1.8302718114415333,0.2097994721074103,2.500262846839776
33.0,75.0,1000.5546264648438,-4.38181940135786,-3.79177659047102,1.7133434757077812,3.179807765182997,2.4726217890445543,3.0039889024259048,-0.3392424168100743,1.8302719760045127,0.2098040040181008,2.5002583669291565
33.0,75.0,1000.5546264648438,-4.381819404832715,-3.7917786330964094,1.7133467910531437,3.178523452787856,2.472621723255481,3.003918058756413,-0.3393105593217571,1.8302718165813343,0.2097989495869676,2.500195661863125
33.0,75.0,1000.5546264648438,-4.381819404954793,-3.7917783465398,1.7133438897765452,3.179883941976491,2.47262172415238,3.003915626239314,-0.3392769780192204,1.8302718525725936,0.2098030366819888,2.500262865509727
33.0,75.0,1000.5546264648438,-4.381819404828991,-3.791778347317768,1.7134491455343146,3.179855396230928,2.472622823082532,3.003915626239314,-0.3392770768048412,1.8302719055309205,0.2098030682714172,2.5002578211727404
33.0,75.0,1000.5546264648438,-4.381819404828991,-3.7917783465398,1.7134453426464211,3.179883941976491,2.472622827884848,3.003915626239314,-0.3392769780192204,1.8302719062969333,0.2098030366819888,2.500262846839776
33.0,75.0,1000.5546264648438,-4.381819401602676,-3.791778721681743,1.7133435612241494,3.179883639671832,2.4726217846877434,3.0039980820092813,-0.3392444829118977,1.8302719007576205,0.2098034003486224,2.500262897281067
33.0,75.0,1000.5546264648438,-4.38181940135786,-3.791778624211504,1.7134465237742524,3.179807131377153,2.472621763516028,3.003997855697728,-0.3392447183039964,1.830269787801068,0.2097723100028881,2.500195217694034
33.0,75.0,1000.5546264648438,-4.38181940135786,-3.791778721681743,1.7134397786280502,3.1797376266158426,2.4726217846877434,3.0039960260399208,-0.3396494509982768,1.8302718536763567,0.2098035604567648,2.5002640547246995
33.0,75.0,1000.5546264648438,-4.381819401429436,-3.791778358747469,1.7134419238061829,3.17980404970328,2.472621726098806,3.003988037769496,-0.3395276699053763,1.8302719061264832,0.2098033409827318,2.5002606901049456
33.0,75.0,1000.5546264648438,-4.38181940135786,-3.791785808024263,1.7133452865853815,3.1798856787977914,2.4726217194203817,3.003912729923942,-0.339245397086725,1.8302698811436144,0.2097917493187052,2.500261004309139
33.0,75.0,1000.5546264648438,-4.38181940135786,-3.79177659047102,1.7133434757077812,3.179807765182997,2.4726217890445543,3.0039889024259048,-0.3392424168100743,1.8302719760045127,0.2098040040181008,2.5002583669291565
33.0,75.0,1000.5546264648438,-4.38181940135786,-3.791778278697415,1.713340226836438,3.179885264250662,2.472621815265672,3.003989428454908,-0.3392462575213531,1.8302698811436144,0.2097993079588196,2.500261004309139
33.0,75.0,1000.5546264648438,-4.38181940076474,-3.791778352886695,1.7134454351537265,3.17980404970328,2.472621697234953,3.003989588018232,-0.3392784207204146,1.83027190598117,0.2098028970586922,2.500261952151491
33.0,75.0,1000.5546264648438,-4.38181940135786,-3.791778627583039,1.7133446335813518,3.1798072354427864,2.472621763516028,3.003996650801695,-0.3392447183039964,1.830271868792269,0.2098048717251154,2.500263991533632
33.0,75.0,1000.5546875,-4.38181940135786,-3.791778627601584,1.7134419238061829,3.1798052224054687,2.472621723255481,3.003989213511831,-0.3393118396180737,1.830271817663044,0.209799146504672,2.500195661863125
33.0,75.0,1000.5546875,-4.38181940135786,-3.791778627601584,1.7134419238061829,3.1798052224054687,2.472621723255481,3.003989213511831,-0.3393118396180737,1.8302718183847533,0.209799146504672,2.500195661863125
33.0,75.0,1000.5546875,-4.38181940135786,-3.7918852769912177,1.7133452172789605,3.179885589795867,2.4726217194203817,3.003989438544547,-0.3392424168100743,1.8302718184491515,0.2097917493187052,2.500264106009989
33.0,75.0,1000.5546875,-4.38181940135786,-3.7918852769912177,1.7133434757077812,3.1798075837340387,2.4726217238664288,3.0039889024259048,-0.3392424168100743,1.8302718536793248,0.2098030312165331,2.5002583669291565
33.0,75.0,1000.5546875,-4.38181940076474,-3.791778635153447,1.7134419238061829,3.17980404970328,2.4726228990197168,3.003988646673388,-0.3395337406399784,1.8302718166332308,0.2097991644911946,2.500180952520912
33.0,75.0,1000.5546875,-4.38181940135786,-3.791778330632264,1.7134419238061829,3.1797947620832887,2.4726228710285443,3.0039144072125445,-0.3392850114081545,1.8302694981096748,0.2098040830902798,2.50018380113737
33.0,76.0,1000.5546264648438,-4.38181940135786,-3.791778721681743,1.7133446458750106,3.1798045113757065,2.4726217846877434,3.0039974152187248,-0.3396494509982768,1.8302718536763567,0.2098034691608709,2.5002640547246995
33.0,76.0,1000.5546264648438,-4.38181940135786,-3.79177862749924,1.7134419238061829,3.178491336929356,2.472621723255481,3.003989213511831,-0.3393118396180737,1.8302718165813343,0.2097991641668405,2.500195661863125
33.0,76.0,1000.5546264648438,-4.381819404828991,-3.7917783465398,1.7134453426464211,3.179883941976491,2.4726228252537217,3.003915626239314,-0.3392769780192204,1.8302719062969333,0.2098030366819888,2.500262846839776
33.0,76.0,1000.5546264648438,-4.38181940135786,-3.791778627601584,1.7133420511340716,3.179807131377153,2.472621763516028,3.0039890733354406,-0.3392447183039964,1.830269787801068,0.2097673882427342,2.500195217694034
33.0,76.0,1000.5546264648438,-4.38181940135786,-3.791778989237996,1.7134361216338516,3.179847232411571,2.472621828048612,3.0039890501756443,-0.3389076230223916,1.8302698732403304,0.2097675473776447,2.500198936445796
33.0,76.0,1000.5546264648438,-4.381819404828991,-3.7917783465398,1.7134453426464211,3.179883941976491,2.4726228252537217,3.003915626239314,-0.3392769780192204,1.8302719062969333,0.2098030366819888,2.500262846839776
33.0,76.0,1000.5546264648438,-4.38181940135786,-3.791778721681743,1.7133446458750106,3.1798045113757065,2.4726217846877434,3.0039974152187248,-0.3396494509982768,1.8302718536763567,0.2098034691608709,2.5002640547246995
33.0,76.0,1000.5546264648438,-4.38181940135786,-3.79177659047102,1.7133434757077812,3.179807765182997,2.4726217890445543,3.0039889024259048,-0.3392424168100743,1.8302719760045127,0.2098040040181008,2.5002583669291565
33.0,76.0,1000.5546264648438,-4.381819404828991,-3.7917783465398,1.7133438897765452,3.179883941976491,2.4726217383469,3.003915626239314,-0.3392769780192204,1.8302719062969333,0.2098030366819888,2.500262865509727
33.0,76.0,1000.5546264648438,-4.38181940135786,-3.791778721681743,1.7133446458750106,3.179804522484233,2.4726217846877434,3.0039974152187248,-0.3396494509982768,1.8302714955644883,0.2097991623499903,2.5002640547246995
33.0,76.0,1000.5546264648438,-4.38181940135786,-3.791785808024263,1.7133452865853815,3.1798856787977914,2.4726217194203817,3.003912729923942,-0.339245397086725,1.8302698811436144,0.2097917493187052,2.500261004309139
33.0,76.0,1000.5546264648438,-4.38181940135786,-3.791778721681743,1.713443521809557,3.179883642241021,2.4726217846877434,3.003998201071625,-0.3392595173301259,1.8302719063758783,0.2098034691608709,2.5002640547246995
33.0,76.0,1000.5546264648438,-4.381819404832715,-3.7917786330964094,1.7134419238061829,3.178456579619029,2.472621723255481,3.003916803599433,-0.3393105593217571,1.8302718165813343,0.2097990408828615,2.500195661863125
33.0,76.0,1000.5546264648438,-4.38181940076474,-3.791778635153447,1.7134419238061829,3.17980404970328,2.4726229291829416,3.003988646673388,-0.3395276699053763,1.8302718549258417,0.2098033409827318,2.5002606901049456
33.0,76.0,1000.5546264648438,-4.38181940135786,-3.791778629993929,1.7134419177770763,3.1798759665487006,2.472621784806748,3.003998201071625,-0.3392595173301259,1.8302719063758783,0.2098034691608709,2.5002624730360385
33.0,76.0,1000.5546264648438,-4.381819404828991,-3.7917783465398,1.7134491455343146,3.179883941976491,2.472622867134811,3.003915626239314,-0.3392769780192204,1.8302719062969333,0.2098030366819888,2.500262846839776
33.0,76.0,1000.5546264648438,-4.38181940135786,-3.791778721681743,1.7133446458750106,3.17980449978467,2.4726217846877434,3.0039972811969005,-0.3396494509982768,1.8302718536763567,0.2098034691608709,2.5002640547246995
33.0,76.0,1000.5546264648438,-4.381819401354136,-3.791778340942627,1.7133438897765452,3.1799186992868176,2.4726217383469,3.0039880361517115,-0.3392782583155371,1.8302719062969333,0.2098031599659678,2.500262865509727
33.0,76.0,1000.5546264648438,-4.38181940135786,-3.791778989237996,1.7134361216338516,3.179847232411571,2.472621828048612,3.0039890501756443,-0.3389076230223916,1.8302698732403304,0.2097675473776447,2.500198936445796
33.0,76.0,1000.5546264648438,-4.381819404954793,-3.7917783465398,1.7133438897765452,3.179883941976491,2.47262172415238,3.003915626239314,-0.3392769780192204,1.8302718525725936,0.2098030366819888,2.500262865509727
33.0,76.0,1000.5546264648438,-4.381819404832715,-3.791778632372688,1.7134419238061829,3.1784841687743444,2.47262176730776,3.003916803599433,-0.3393104602658677,1.830271817347348,0.2097990092934332,2.5002006764787192
33.0,76.0,1000.5546264648438,-4.38181940135786,-3.791778721681743,1.7133435612241494,3.179883642241021,2.4726217846877434,3.0039980820092813,-0.3392428600072255,1.8302719007576205,0.2098034003486224,2.5002640547246995
33.0,76.0,1000.5546264648438,-4.381819401354136,-3.791778340942627,1.7133438897765452,3.1799236074039974,2.472621788131019,3.0039973601429533,-0.3392782583155371,1.8302719062969333,0.2098031599659678,2.5002640096539253
33.0,76.0,1000.5546264648438,-4.381819404828991,-3.791778347263522,1.7134491455343146,3.1798563528211754,2.472622823082532,3.003915626239314,-0.3392770770751098,1.8302719055309205,0.2098030682714172,2.500257832224181
33.0,76.0,1000.5546264648438,-4.38181940135786,-3.791778627601584,1.7133415481137964,3.179807131377153,2.472621763516028,3.0039890733354406,-0.3392423769873485,1.830269788386992,0.2097673882427342,2.5001953010761446
33.0,76.0,1000.5546264648438,-4.381819400711886,-3.791778331390353,1.7134452621380225,3.179883941976491,2.4726229257627126,3.003915626239314,-0.3392875943732436,1.830271904556868,0.2098033436984772,2.50026291362249
33.0,76.0,1000.5546264648438,-4.38181940135786,-3.79177862749924,1.7134419238061829,3.178491336929356,2.472621723255481,3.003989213511831,-0.3392793472693522,1.83027163611854,0.2097991641668405,2.500195661863125
33.0,76.0,1000.5546264648438,-4.381819404828991,-3.7917783465398,1.7133438897765452,3.179883941976491,2.4726217383469,3.003915626239314,-0.3392769780192204,1.8302719062969333,0.209803110718576,2.5002628410641785
33.0,76.0,1000.5546264648438,-4.38181940135786,-3.791785808024263,1.7133452865853815,3.1798856787977914,2.472621815265672,3.0039892681582323,-0.339245397086725,1.8302698811436144,0.2097993079588196,2.500261004309139
33.0,76.0,1000.5546264648438,-4.381819404822062,-3.791785436721632,1.713442101945706,3.179883941976491,2.472622867134811,3.003915626239314,-0.3394604137310649,1.8302718114415333,0.2097994721074103,2.500262846839776
33.0,76.0,1000.5546264648438,-4.38181940135786,-3.79177659047102,1.7133434757077812,3.179807765182997,2.4726217890445543,3.0039889024259048,-0.3392424168100743,1.8302719760045127,0.2098040040181008,2.5002583669291565
33.0,76.0,1000.5546264648438,-4.381819404832715,-3.7917786330964094,1.7133467910531437,3.178523452787856,2.472621723255481,3.003918058756413,-0.3393105593217571,1.8302718165813343,0.2097989495869676,2.500195661863125
33.0,76.0,1000.5546264648438,-4.381819404954793,-3.7917783465398,1.7133438897765452,3.179883941976491,2.47262172415238,3.003915626239314,-0.3392769780192204,1.8302718525725936,0.2098030366819888,2.500262865509727
33.0,76.0,1000.5546264648438,-4.381819404828991,-3.791778347317768,1.7134491455343146,3.179855396230928,2.472622823082532,3.003915626239314,-0.3392770768048412,1.8302719055309205,0.2098030682714172,2.5002578211727404
33.0,76.0,1000.5546264648438,-4.381819404828991,-3.7917783465398,1.7134453426464211,3.179883941976491,2.472622827884848,3.003915626239314,-0.3392769780192204,1.8302719062969333,0.2098030366819888,2.500262846839776
33.0,76.0,1000.5546264648438,-4.381819401602676,-3.791778721681743,1.7133435612241494,3.179883639671832,2.4726217846877434,3.0039980820092813,-0.3392444829118977,1.8302719007576205,0.2098034003486224,2.500262897281067
33.0,76.0,1000.5546264648438,-4.38181940135786,-3.791778624211504,1.7134465237742524,3.179807131377153,2.472621763516028,3.003997855697728,-0.3392447183039964,1.830269787801068,0.2097723100028881,2.500195217694034
33.0,76.0,1000.5546264648438,-4.38181940135786,-3.791778721681743,1.7134397786280502,3.1797376266158426,2.4726217846877434,3.0039960260399208,-0.3396494509982768,1.8302718536763567,0.2098035604567648,2.5002640547246995
33.0,76.0,1000.5546264648438,-4.381819401429436,-3.791778358747469,1.7134419238061829,3.17980404970328,2.472621726098806,3.003988037769496,-0.3395276699053763,1.8302719061264832,0.2098033409827318,2.5002606901049456
33.0,76.0,1000.5546264648438,-4.38181940135786,-3.791785808024263,1.7133452865853815,3.1798856787977914,2.4726217194203817,3.003912729923942,-0.339245397086725,1.8302698811436144,0.2097917493187052,2.500261004309139
33.0,76.0,1000.5546264648438,-4.38181940135786,-3.79177659047102,1.7133434757077812,3.179807765182997,2.4726217890445543,3.0039889024259048,-0.3392424168100743,1.8302719760045127,0.2098040040181008,2.5002583669291565
33.0,76.0,1000.5546264648438,-4.38181940135786,-3.791778278697415,1.713340226836438,3.179885264250662,2.472621815265672,3.003989428454908,-0.3392462575213531,1.8302698811436144,0.2097993079588196,2.500261004309139
33.0,76.0,1000.5546264648438,-4.38181940076474,-3.791778352886695,1.7134454351537265,3.17980404970328,2.472621697234953,3.003989588018232,-0.3392784207204146,1.83027190598117,0.2098028970586922,2.500261952151491
33.0,76.0,1000.5546264648438,-4.38181940135786,-3.791778627583039,1.7133446335813518,3.1798072354427864,2.472621763516028,3.003996650801695,-0.3392447183039964,1.830271868792269,0.2098048717251154,2.500263991533632
33.0,76.0,1000.5546264648438,-4.38181940135786,-3.79177659047102,1.7134378205582037,3.179807765182997,2.4726217232140417,3.003988046518798,-0.3395382411008643,1.8302719760045127,0.2098040040181008,2.5002584776213883
33.0,76.0,1000.5546264648438,-4.38181940135786,-3.79177878714146,1.7133452660411914,3.1798856787977914,2.472621719232274,3.003912729923942,-0.3392446504435012,1.8302718576586168,0.2097917917965219,2.500262839069248
33.0,76.0,1000.5546264648438,-4.38181940135786,-3.79177862749924,1.7134419238061829,3.178492344214613,2.472621723255481,3.003989213511831,-0.3392795749670514,1.83027164258486,0.2097991641668405,2.500195661863125
33.0,76.0,1000.5546264648438,-4.381819400762766,-3.791778340942627,1.7133438897765452,3.1799287038289457,2.472621694607161,3.0039973601429533,-0.3392782646491763,1.8302719062969333,0.2098031514972768,2.5002640096539253
33.0,76.0,1000.5546264648438,-4.381819401366337,-3.791785808024263,1.713347100218906,3.179804315020813,2.4726216973959145,3.003912729923942,-0.33927901087107,1.8302698811436144,0.2097917493187052,2.500261004309139
33.0,76.0,1000.5546264648438,-4.38181940135786,-3.791778629993929,1.7134419177770763,3.1798012196586383,2.4726217846888243,3.003998201071625,-0.339632073102727,1.830271860329488,0.2098034691608709,2.500262469585588
33.0,77.0,1000.5545654296876,-4.38181940135786,-3.791778717614967,1.7133452660411914,3.1798834200527764,2.472621719232274,3.004000259190106,-0.3392341091442605,1.8302718574324064,0.2097917917965219,2.5002640742615
33.0,77.0,1000.5546264648438,-4.38181940135786,-3.791778721681743,1.7133446458750106,3.1798045113757065,2.4726217846877434,3.0039974152187248,-0.3396494509982768,1.8302718536763567,0.2098034691608709,2.5002640547246995
33.0,77.0,1000.5546264648438,-4.38181940135786,-3.79177862749924,1.7134419238061829,3.178491336929356,2.472621723255481,3.003989213511831,-0.3393118396180737,1.8302718165813343,0.2097991641668405,2.500195661863125
33.0,77.0,1000.5546264648438,-4.381819404828991,-3.7917783465398,1.7134453426464211,3.179883941976491,2.4726228252537217,3.003915626239314,-0.3392769780192204,1.8302719062969333,0.2098030366819888,2.500262846839776
33.0,77.0,1000.5546264648438,-4.38181940135786,-3.791778627601584,1.7133420511340716,3.179807131377153,2.472621763516028,3.0039890733354406,-0.3392447183039964,1.830269787801068,0.2097673882427342,2.500195217694034
33.0,77.0,1000.5546264648438,-4.38181940135786,-3.791778989237996,1.7134361216338516,3.179847232411571,2.472621828048612,3.0039890501756443,-0.3389076230223916,1.8302698732403304,0.2097675473776447,2.500198936445796
33.0,77.0,1000.5546264648438,-4.381819404828991,-3.7917783465398,1.7134453426464211,3.179883941976491,2.4726228252537217,3.003915626239314,-0.3392769780192204,1.8302719062969333,0.2098030366819888,2.500262846839776
33.0,77.0,1000.5546264648438,-4.38181940135786,-3.791778721681743,1.7133446458750106,3.1798045113757065,2.4726217846877434,3.0039974152187248,-0.3396494509982768,1.8302718536763567,0.2098034691608709,2.5002640547246995
33.0,77.0,1000.5546264648438,-4.38181940135786,-3.79177659047102,1.7133434757077812,3.179807765182997,2.4726217890445543,3.0039889024259048,-0.3392424168100743,1.8302719760045127,0.2098040040181008,2.5002583669291565
33.0,77.0,1000.5546264648438,-4.381819404828991,-3.7917783465398,1.7133438897765452,3.179883941976491,2.4726217383469,3.003915626239314,-0.3392769780192204,1.8302719062969333,0.2098030366819888,2.500262865509727
33.0,77.0,1000.5546264648438,-4.38181940135786,-3.791778721681743,1.7133446458750106,3.179804522484233,2.4726217846877434,3.0039974152187248,-0.3396494509982768,1.8302714955644883,0.2097991623499903,2.5002640547246995
33.0,77.0,1000.5546264648438,-4.38181940135786,-3.791785808024263,1.7133452865853815,3.1798856787977914,2.4726217194203817,3.003912729923942,-0.339245397086725,1.8302698811436144,0.2097917493187052,2.500261004309139
33.0,77.0,1000.5546264648438,-4.38181940135786,-3.791778721681743,1.713443521809557,3.179883642241021,2.4726217846877434,3.003998201071625,-0.3392595173301259,1.8302719063758783,0.2098034691608709,2.5002640547246995
33.0,77.0,1000.5546264648438,-4.381819404832715,-3.7917786330964094,1.7134419238061829,3.178456579619029,2.472621723255481,3.003916803599433,-0.3393105593217571,1.8302718165813343,0.2097990408828615,2.500195661863125
33.0,77.0,1000.5546264648438,-4.38181940076474,-3.791778635153447,1.7134419238061829,3.17980404970328,2.4726229291829416,3.003988646673388,-0.3395276699053763,1.8302718549258417,0.2098033409827318,2.5002606901049456
33.0,77.0,1000.5546264648438,-4.38181940135786,-3.791778629993929,1.7134419177770763,3.1798759665487006,2.472621784806748,3.003998201071625,-0.3392595173301259,1.8302719063758783,0.2098034691608709,2.5002624730360385
33.0,77.0,1000.5546264648438,-4.381819404828991,-3.7917783465398,1.7134491455343146,3.179883941976491,2.472622867134811,3.003915626239314,-0.3392769780192204,1.8302719062969333,0.2098030366819888,2.500262846839776
33.0,77.0,1000.5546264648438,-4.38181940135786,-3.791778721681743,1.7133446458750106,3.17980449978467,2.4726217846877434,3.0039972811969005,-0.3396494509982768,1.8302718536763567,0.2098034691608709,2.5002640547246995
33.0,77.0,1000.5546264648438,-4.381819401354136,-3.791778340942627,1.7133438897765452,3.1799186992868176,2.4726217383469,3.0039880361517115,-0.3392782583155371,1.8302719062969333,0.2098031599659678,2.500262865509727
33.0,77.0,1000.5546264648438,-4.38181940135786,-3.791778989237996,1.7134361216338516,3.179847232411571,2.472621828048612,3.0039890501756443,-0.3389076230223916,1.8302698732403304,0.2097675473776447,2.500198936445796
33.0,77.0,1000.5546264648438,-4.381819404954793,-3.7917783465398,1.7133438897765452,3.179883941976491,2.47262172415238,3.003915626239314,-0.3392769780192204,1.8302718525725936,0.2098030366819888,2.500262865509727
33.0,77.0,1000.5546264648438,-4.381819404832715,-3.791778632372688,1.7134419238061829,3.1784841687743444,2.47262176730776,3.003916803599433,-0.3393104602658677,1.830271817347348,0.2097990092934332,2.5002006764787192
33.0,77.0,1000.5546264648438,-4.38181940135786,-3.791778721681743,1.7133435612241494,3.179883642241021,2.4726217846877434,3.0039980820092813,-0.3392428600072255,1.8302719007576205,0.2098034003486224,2.5002640547246995
33.0,77.0,1000.5546264648438,-4.381819401354136,-3.791778340942627,1.7133438897765452,3.1799236074039974,2.472621788131019,3.0039973601429533,-0.3392782583155371,1.8302719062969333,0.2098031599659678,2.5002640096539253
33.0,77.0,1000.5546264648438,-4.381819404828991,-3.791778347263522,1.7134491455343146,3.1798563528211754,2.472622823082532,3.003915626239314,-0.3392770770751098,1.8302719055309205,0.2098030682714172,2.500257832224181
33.0,77.0,1000.5546264648438,-4.38181940135786,-3.791778627601584,1.7133415481137964,3.179807131377153,2.472621763516028,3.0039890733354406,-0.3392423769873485,1.830269788386992,0.2097673882427342,2.5001953010761446
33.0,77.0,1000.5546264648438,-4.381819400711886,-3.791778331390353,1.7134452621380225,3.179883941976491,2.4726229257627126,3.003915626239314,-0.3392875943732436,1.830271904556868,0.2098033436984772,2.50026291362249
33.0,77.0,1000.5546264648438,-4.38181940135786,-3.79177862749924,1.7134419238061829,3.178491336929356,2.472621723255481,3.003989213511831,-0.3392793472693522,1.83027163611854,0.2097991641668405,2.500195661863125
33.0,77.0,1000.5546264648438,-4.381819404828991,-3.7917783465398,1.7133438897765452,3.179883941976491,2.4726217383469,3.003915626239314,-0.3392769780192204,1.8302719062969333,0.209803110718576,2.5002628410641785
33.0,77.0,1000.5546264648438,-4.38181940135786,-3.791785808024263,1.7133452865853815,3.1798856787977914,2.472621815265672,3.0039892681582323,-0.339245397086725,1.8302698811436144,0.2097993079588196,2.500261004309139
33.0,77.0,1000.5546264648438,-4.381819404822062,-3.791785436721632,1.713442101945706,3.179883941976491,2.472622867134811,3.003915626239314,-0.3394604137310649,1.8302718114415333,0.2097994721074103,2.500262846839776
33.0,77.0,1000.5546264648438,-4.38181940135786,-3.79177659047102,1.7133434757077812,3.179807765182997,2.4726217890445543,3.0039889024259048,-0.3392424168100743,1.8302719760045127,0.2098040040181008,2.5002583669291565
33.0,77.0,1000.5546264648438,-4.381819404832715,-3.7917786330964094,1.7133467910531437,3.178523452787856,2.472621723255481,3.003918058756413,-0.3393105593217571,1.8302718165813343,0.2097989495869676,2.500195661863125
33.0,77.0,1000.5546264648438,-4.381819404954793,-3.7917783465398,1.7133438897765452,3.179883941976491,2.47262172415238,3.003915626239314,-0.3392769780192204,1.8302718525725936,0.2098030366819888,2.500262865509727
33.0,77.0,1000.5546264648438,-4.381819404828991,-3.791778347317768,1.7134491455343146,3.179855396230928,2.472622823082532,3.003915626239314,-0.3392770768048412,1.8302719055309205,0.2098030682714172,2.5002578211727404
33.0,77.0,1000.5546264648438,-4.381819404828991,-3.7917783465398,1.7134453426464211,3.179883941976491,2.472622827884848,3.003915626239314,-0.3392769780192204,1.8302719062969333,0.2098030366819888,2.500262846839776
33.0,77.0,1000.5546264648438,-4.381819401602676,-3.791778721681743,1.7133435612241494,3.179883639671832,2.4726217846877434,3.0039980820092813,-0.3392444829118977,1.8302719007576205,0.2098034003486224,2.500262897281067
33.0,77.0,1000.5546264648438,-4.38181940135786,-3.791778624211504,1.7134465237742524,3.179807131377153,2.472621763516028,3.003997855697728,-0.3392447183039964,1.830269787801068,0.2097723100028881,2.500195217694034
33.0,77.0,1000.5546264648438,-4.38181940135786,-3.791778721681743,1.7134397786280502,3.1797376266158426,2.4726217846877434,3.0039960260399208,-0.3396494509982768,1.8302718536763567,0.2098035604567648,2.5002640547246995
33.0,77.0,1000.5546264648438,-4.381819401429436,-3.791778358747469,1.7134419238061829,3.17980404970328,2.472621726098806,3.003988037769496,-0.3395276699053763,1.8302719061264832,0.2098033409827318,2.5002606901049456
33.0,77.0,1000.5546264648438,-4.38181940135786,-3.791785808024263,1.7133452865853815,3.1798856787977914,2.4726217194203817,3.003912729923942,-0.339245397086725,1.8302698811436144,0.2097917493187052,2.500261004309139
33.0,77.0,1000.5546264648438,-4.38181940135786,-3.79177659047102,1.7133434757077812,3.179807765182997,2.4726217890445543,3.0039889024259048,-0.3392424168100743,1.8302719760045127,0.2098040040181008,2.5002583669291565
33.0,77.0,1000.5546264648438,-4.38181940135786,-3.791778278697415,1.713340226836438,3.179885264250662,2.472621815265672,3.003989428454908,-0.3392462575213531,1.8302698811436144,0.2097993079588196,2.500261004309139
33.0,77.0,1000.5546264648438,-4.38181940076474,-3.791778352886695,1.7134454351537265,3.17980404970328,2.472621697234953,3.003989588018232,-0.3392784207204146,1.83027190598117,0.2098028970586922,2.500261952151491
33.0,77.0,1000.5546264648438,-4.38181940135786,-3.791778627583039,1.7133446335813518,3.1798072354427864,2.472621763516028,3.003996650801695,-0.3392447183039964,1.830271868792269,0.2098048717251154,2.500263991533632
33.0,77.0,1000.5546264648438,-4.38181940135786,-3.79177659047102,1.7134378205582037,3.179807765182997,2.4726217232140417,3.003988046518798,-0.3395382411008643,1.8302719760045127,0.2098040040181008,2.5002584776213883
33.0,77.0,1000.5546264648438,-4.38181940135786,-3.79177878714146,1.7133452660411914,3.1798856787977914,2.472621719232274,3.003912729923942,-0.3392446504435012,1.8302718576586168,0.2097917917965219,2.500262839069248
33.0,77.0,1000.5546264648438,-4.38181940135786,-3.79177862749924,1.7134419238061829,3.178492344214613,2.472621723255481,3.003989213511831,-0.3392795749670514,1.83027164258486,0.2097991641668405,2.500195661863125
33.0,77.0,1000.5546264648438,-4.381819400762766,-3.791778340942627,1.7133438897765452,3.1799287038289457,2.472621694607161,3.0039973601429533,-0.3392782646491763,1.8302719062969333,0.2098031514972768,2.5002640096539253
33.0,77.0,1000.5546264648438,-4.381819401366337,-3.791785808024263,1.713347100218906,3.179804315020813,2.4726216973959145,3.003912729923942,-0.33927901087107,1.8302698811436144,0.2097917493187052,2.500261004309139
33.0,78.0,1000.5545654296876,-4.38181940135786,-3.791778717614967,1.7133452660411914,3.1798834200527764,2.472621719232274,3.004000259190106,-0.3392341091442605,1.8302718574324064,0.2097917917965219,2.5002640742615
33.0,78.0,1000.5545654296876,-4.38181940135786,-3.791778721681743,1.713344760774416,3.1798021311732048,2.4726218173486942,3.0039965346302515,-0.3392578055523292,1.8302714565687408,0.2097991623499903,2.5002640547246995
33.0,78.0,1000.5545654296876,-4.38181940135786,-3.791778717614967,1.7133446565611556,3.1798834200527764,2.472621784531815,3.004000259190106,-0.3392416292133533,1.8302718574324064,0.2097917917965219,2.5002640742615
33.0,78.0,1000.5545654296876,-4.38181940135786,-3.79177862749924,1.7133437300525232,3.178492344214613,2.4726217190834974,3.003906383483674,-0.3392795749670514,1.8302718566036127,0.209791303311356,2.500263151737636
33.0,78.0,1000.5546264648438,-4.38181940135786,-3.791778721681743,1.7133446458750106,3.1798045113757065,2.4726217846877434,3.0039974152187248,-0.3396494509982768,1.8302718536763567,0.2098034691608709,2.5002640547246995
33.0,78.0,1000.5546264648438,-4.38181940135786,-3.79177862749924,1.7134419238061829,3.178491336929356,2.472621723255481,3.003989213511831,-0.3393118396180737,1.8302718165813343,0.2097991641668405,2.500195661863125
33.0,78.0,1000.5546264648438,-4.381819404828991,-3.7917783465398,1.7134453426464211,3.179883941976491,2.4726228252537217,3.003915626239314,-0.3392769780192204,1.8302719062969333,0.2098030366819888,2.500262846839776
33.0,78.0,1000.5546264648438,-4.38181940135786,-3.791778627601584,1.7133420511340716,3.179807131377153,2.472621763516028,3.0039890733354406,-0.3392447183039964,1.830269787801068,0.2097673882427342,2.500195217694034
33.0,78.0,1000.5546264648438,-4.38181940135786,-3.791778989237996,1.7134361216338516,3.179847232411571,2.472621828048612,3.0039890501756443,-0.3389076230223916,1.8302698732403304,0.2097675473776447,2.500198936445796
33.0,78.0,1000.5546264648438,-4.381819404828991,-3.7917783465398,1.7134453426464211,3.179883941976491,2.4726228252537217,3.003915626239314,-0.3392769780192204,1.8302719062969333,0.2098030366819888,2.500262846839776
33.0,78.0,1000.5546264648438,-4.38181940135786,-3.791778721681743,1.7133446458750106,3.1798045113757065,2.4726217846877434,3.0039974152187248,-0.3396494509982768,1.8302718536763567,0.2098034691608709,2.5002640547246995
33.0,78.0,1000.5546264648438,-4.38181940135786,-3.79177659047102,1.7133434757077812,3.179807765182997,2.4726217890445543,3.0039889024259048,-0.3392424168100743,1.8302719760045127,0.2098040040181008,2.5002583669291565
33.0,78.0,1000.5546264648438,-4.381819404828991,-3.7917783465398,1.7133438897765452,3.179883941976491,2.4726217383469,3.003915626239314,-0.3392769780192204,1.8302719062969333,0.2098030366819888,2.500262865509727
33.0,78.0,1000.5546264648438,-4.38181940135786,-3.791778721681743,1.7133446458750106,3.179804522484233,2.4726217846877434,3.0039974152187248,-0.3396494509982768,1.8302714955644883,0.2097991623499903,2.5002640547246995
33.0,78.0,1000.5546264648438,-4.38181940135786,-3.791785808024263,1.7133452865853815,3.1798856787977914,2.4726217194203817,3.003912729923942,-0.339245397086725,1.8302698811436144,0.2097917493187052,2.500261004309139
33.0,78.0,1000.5546264648438,-4.38181940135786,-3.791778721681743,1.713443521809557,3.179883642241021,2.4726217846877434,3.003998201071625,-0.3392595173301259,1.8302719063758783,0.2098034691608709,2.5002640547246995
33.0,78.0,1000.5546264648438,-4.381819404832715,-3.7917786330964094,1.7134419238061829,3.178456579619029,2.472621723255481,3.003916803599433,-0.3393105593217571,1.8302718165813343,0.2097990408828615,2.500195661863125
33.0,78.0,1000.5546264648438,-4.38181940076474,-3.791778635153447,1.7134419238061829,3.17980404970328,2.4726229291829416,3.003988646673388,-0.3395276699053763,1.8302718549258417,0.2098033409827318,2.5002606901049456
33.0,78.0,1000.5546264648438,-4.38181940135786,-3.791778629993929,1.7134419177770763,3.1798759665487006,2.472621784806748,3.003998201071625,-0.3392595173301259,1.8302719063758783,0.2098034691608709,2.5002624730360385
33.0,78.0,1000.5546264648438,-4.381819404828991,-3.7917783465398,1.7134491455343146,3.179883941976491,2.472622867134811,3.003915626239314,-0.3392769780192204,1.8302719062969333,0.2098030366819888,2.500262846839776
33.0,78.0,1000.5546264648438,-4.38181940135786,-3.791778721681743,1.7133446458750106,3.17980449978467,2.4726217846877434,3.0039972811969005,-0.3396494509982768,1.8302718536763567,0.2098034691608709,2.5002640547246995
33.0,78.0,1000.5546264648438,-4.381819401354136,-3.791778340942627,1.7133438897765452,3.1799186992868176,2.4726217383469,3.0039880361517115,-0.3392782583155371,1.8302719062969333,0.2098031599659678,2.500262865509727
33.0,78.0,1000.5546264648438,-4.38181940135786,-3.791778989237996,1.7134361216338516,3.179847232411571,2.472621828048612,3.0039890501756443,-0.3389076230223916,1.8302698732403304,0.2097675473776447,2.500198936445796
33.0,78.0,1000.5546264648438,-4.381819404954793,-3.7917783465398,1.7133438897765452,3.179883941976491,2.47262172415238,3.003915626239314,-0.3392769780192204,1.8302718525725936,0.2098030366819888,2.500262865509727
33.0,78.0,1000.5546264648438,-4.381819404832715,-3.791778632372688,1.7134419238061829,3.1784841687743444,2.47262176730776,3.003916803599433,-0.3393104602658677,1.830271817347348,0.2097990092934332,2.5002006764787192
33.0,78.0,1000.5546264648438,-4.38181940135786,-3.791778721681743,1.7133435612241494,3.179883642241021,2.4726217846877434,3.0039980820092813,-0.3392428600072255,1.8302719007576205,0.2098034003486224,2.5002640547246995
33.0,78.0,1000.5546264648438,-4.381819401354136,-3.791778340942627,1.7133438897765452,3.1799236074039974,2.472621788131019,3.0039973601429533,-0.3392782583155371,1.8302719062969333,0.2098031599659678,2.5002640096539253
33.0,78.0,1000.5546264648438,-4.381819404828991,-3.791778347263522,1.7134491455343146,3.1798563528211754,2.472622823082532,3.003915626239314,-0.3392770770751098,1.8302719055309205,0.2098030682714172,2.500257832224181
33.0,78.0,1000.5546264648438,-4.38181940135786,-3.791778627601584,1.7133415481137964,3.179807131377153,2.472621763516028,3.0039890733354406,-0.3392423769873485,1.830269788386992,0.2097673882427342,2.5001953010761446
33.0,78.0,1000.5546264648438,-4.381819400711886,-3.791778331390353,1.7134452621380225,3.179883941976491,2.4726229257627126,3.003915626239314,-0.3392875943732436,1.830271904556868,0.2098033436984772,2.50026291362249
33.0,78.0,1000.5546264648438,-4.38181940135786,-3.79177862749924,1.7134419238061829,3.178491336929356,2.472621723255481,3.003989213511831,-0.3392793472693522,1.83027163611854,0.2097991641668405,2.500195661863125
33.0,78.0,1000.5546264648438,-4.381819404828991,-3.7917783465398,1.7133438897765452,3.179883941976491,2.4726217383469,3.003915626239314,-0.3392769780192204,1.8302719062969333,0.209803110718576,2.5002628410641785
33.0,78.0,1000.5546264648438,-4.38181940135786,-3.791785808024263,1.7133452865853815,3.1798856787977914,2.472621815265672,3.0039892681582323,-0.339245397086725,1.8302698811436144,0.2097993079588196,2.500261004309139
33.0,78.0,1000.5546264648438,-4.381819404822062,-3.791785436721632,1.713442101945706,3.179883941976491,2.472622867134811,3.003915626239314,-0.3394604137310649,1.8302718114415333,0.2097994721074103,2.500262846839776
33.0,78.0,1000.5546264648438,-4.38181940135786,-3.79177659047102,1.7133434757077812,3.179807765182997,2.4726217890445543,3.0039889024259048,-0.3392424168100743,1.8302719760045127,0.2098040040181008,2.5002583669291565
33.0,78.0,1000.5546264648438,-4.381819404832715,-3.7917786330964094,1.7133467910531437,3.178523452787856,2.472621723255481,3.003918058756413,-0.3393105593217571,1.8302718165813343,0.2097989495869676,2.500195661863125
33.0,78.0,1000.5546264648438,-4.381819404954793,-3.7917783465398,1.7133438897765452,3.179883941976491,2.47262172415238,3.003915626239314,-0.3392769780192204,1.8302718525725936,0.2098030366819888,2.500262865509727
33.0,78.0,1000.5546264648438,-4.381819404828991,-3.791778347317768,1.7134491455343146,3.179855396230928,2.472622823082532,3.003915626239314,-0.3392770768048412,1.8302719055309205,0.2098030682714172,2.5002578211727404
33.0,78.0,1000.5546264648438,-4.381819404828991,-3.7917783465398,1.7134453426464211,3.179883941976491,2.472622827884848,3.003915626239314,-0.3392769780192204,1.8302719062969333,0.2098030366819888,2.500262846839776
33.0,78.0,1000.5546264648438,-4.381819401602676,-3.791778721681743,1.7133435612241494,3.179883639671832,2.4726217846877434,3.0039980820092813,-0.3392444829118977,1.8302719007576205,0.2098034003486224,2.500262897281067
33.0,78.0,1000.5546264648438,-4.38181940135786,-3.791778624211504,1.7134465237742524,3.179807131377153,2.472621763516028,3.003997855697728,-0.3392447183039964,1.830269787801068,0.2097723100028881,2.500195217694034
33.0,78.0,1000.5546264648438,-4.38181940135786,-3.791778721681743,1.7134397786280502,3.1797376266158426,2.4726217846877434,3.0039960260399208,-0.3396494509982768,1.8302718536763567,0.2098035604567648,2.5002640547246995
33.0,78.0,1000.5546264648438,-4.381819401429436,-3.791778358747469,1.7134419238061829,3.17980404970328,2.472621726098806,3.003988037769496,-0.3395276699053763,1.8302719061264832,0.2098033409827318,2.5002606901049456
33.0,78.0,1000.5546264648438,-4.38181940135786,-3.791785808024263,1.7133452865853815,3.1798856787977914,2.4726217194203817,3.003912729923942,-0.339245397086725,1.8302698811436144,0.2097917493187052,2.500261004309139
33.0,78.0,1000.5546264648438,-4.38181940135786,-3.79177659047102,1.7133434757077812,3.179807765182997,2.4726217890445543,3.0039889024259048,-0.3392424168100743,1.8302719760045127,0.2098040040181008,2.5002583669291565
33.0,78.0,1000.5546264648438,-4.38181940135786,-3.791778278697415,1.713340226836438,3.179885264250662,2.472621815265672,3.003989428454908,-0.3392462575213531,1.8302698811436144,0.2097993079588196,2.500261004309139
33.0,78.0,1000.5546264648438,-4.38181940076474,-3.791778352886695,1.7134454351537265,3.17980404970328,2.472621697234953,3.003989588018232,-0.3392784207204146,1.83027190598117,0.2098028970586922,2.500261952151491
33.0,78.0,1000.5546264648438,-4.38181940135786,-3.791778627583039,1.7133446335813518,3.1798072354427864,2.472621763516028,3.003996650801695,-0.3392447183039964,1.830271868792269,0.2098048717251154,2.500263991533632
33.0,78.0,1000.5546264648438,-4.38181940135786,-3.79177659047102,1.7134378205582037,3.179807765182997,2.4726217232140417,3.003988046518798,-0.3395382411008643,1.8302719760045127,0.2098040040181008,2.5002584776213883
33.0,78.0,1000.5546264648438,-4.38181940135786,-3.79177878714146,1.7133452660411914,3.1798856787977914,2.472621719232274,3.003912729923942,-0.3392446504435012,1.8302718576586168,0.2097917917965219,2.500262839069248
33.0,79.0,1000.5545654296876,-4.38181940135786,-3.791778717614967,1.7133452660411914,3.1798834200527764,2.472621719232274,3.004000259190106,-0.3392341091442605,1.8302718574324064,0.2097917917965219,2.5002640742615
33.0,79.0,1000.5545654296876,-4.38181940135786,-3.791778721681743,1.713344760774416,3.1798021311732048,2.4726218173486942,3.0039965346302515,-0.3392578055523292,1.8302714565687408,0.2097991623499903,2.5002640547246995
33.0,79.0,1000.5545654296876,-4.38181940135786,-3.791778717614967,1.7133446565611556,3.1798834200527764,2.472621784531815,3.004000259190106,-0.3392416292133533,1.8302718574324064,0.2097917917965219,2.5002640742615
33.0,79.0,1000.5545654296876,-4.38181940135786,-3.79177862749924,1.7133437300525232,3.178492344214613,2.4726217190834974,3.003906383483674,-0.3392795749670514,1.8302718566036127,0.209791303311356,2.500263151737636
33.0,79.0,1000.5545654296876,-4.38181940135786,-3.791778717614967,1.7133452660411914,3.1798834200527764,2.472621719232274,3.004000259190106,-0.3392341091442605,1.8302718574324064,0.2097917917965219,2.5002640742615
33.0,79.0,1000.5545654296876,-4.38181940135786,-3.791778721677572,1.713344652444897,3.1798022061355407,2.472621784531815,3.004000259190106,-0.3392416292133533,1.8302714548547527,0.2097917926435246,2.5002640541172862
33.0,79.0,1000.5545654296876,-4.38181940135786,-3.791778717614967,1.7133435679363591,3.1798016459295995,2.472621719232274,3.004000259190106,-0.3392424416413228,1.830271855747868,0.2097911725676894,2.5002584818055364
33.0,79.0,1000.5545654296876,-4.38181940135786,-3.79177862749924,1.7133437300525232,3.179836915076476,2.472621786136348,3.003906383483674,-0.3392415556393657,1.8302718574864647,0.2097917969483054,2.500263151737636
33.0,79.0,1000.5546264648438,-4.38181940135786,-3.791778721681743,1.7133446458750106,3.1798045113757065,2.4726217846877434,3.0039974152187248,-0.3396494509982768,1.8302718536763567,0.2098034691608709,2.5002640547246995
33.0,79.0,1000.5546264648438,-4.38181940135786,-3.79177862749924,1.7134419238061829,3.178491336929356,2.472621723255481,3.003989213511831,-0.3393118396180737,1.8302718165813343,0.2097991641668405,2.500195661863125
33.0,79.0,1000.5546264648438,-4.381819404828991,-3.7917783465398,1.7134453426464211,3.179883941976491,2.4726228252537217,3.003915626239314,-0.3392769780192204,1.8302719062969333,0.2098030366819888,2.500262846839776
33.0,79.0,1000.5546264648438,-4.38181940135786,-3.791778627601584,1.7133420511340716,3.179807131377153,2.472621763516028,3.0039890733354406,-0.3392447183039964,1.830269787801068,0.2097673882427342,2.500195217694034
33.0,79.0,1000.5546264648438,-4.38181940135786,-3.791778989237996,1.7134361216338516,3.179847232411571,2.472621828048612,3.0039890501756443,-0.3389076230223916,1.8302698732403304,0.2097675473776447,2.500198936445796
33.0,79.0,1000.5546264648438,-4.381819404828991,-3.7917783465398,1.7134453426464211,3.179883941976491,2.4726228252537217,3.003915626239314,-0.3392769780192204,1.8302719062969333,0.2098030366819888,2.500262846839776
33.0,79.0,1000.5546264648438,-4.38181940135786,-3.791778721681743,1.7133446458750106,3.1798045113757065,2.4726217846877434,3.0039974152187248,-0.3396494509982768,1.8302718536763567,0.2098034691608709,2.5002640547246995
33.0,79.0,1000.5546264648438,-4.38181940135786,-3.79177659047102,1.7133434757077812,3.179807765182997,2.4726217890445543,3.0039889024259048,-0.3392424168100743,1.8302719760045127,0.2098040040181008,2.5002583669291565
33.0,79.0,1000.5546264648438,-4.381819404828991,-3.7917783465398,1.7133438897765452,3.179883941976491,2.4726217383469,3.003915626239314,-0.3392769780192204,1.8302719062969333,0.2098030366819888,2.500262865509727
33.0,79.0,1000.5546264648438,-4.38181940135786,-3.791778721681743,1.7133446458750106,3.179804522484233,2.4726217846877434,3.0039974152187248,-0.3396494509982768,1.8302714955644883,0.2097991623499903,2.5002640547246995
33.0,79.0,1000.5546264648438,-4.38181940135786,-3.791785808024263,1.7133452865853815,3.1798856787977914,2.4726217194203817,3.003912729923942,-0.339245397086725,1.8302698811436144,0.2097917493187052,2.500261004309139
33.0,79.0,1000.5546264648438,-4.38181940135786,-3.791778721681743,1.713443521809557,3.179883642241021,2.4726217846877434,3.003998201071625,-0.3392595173301259,1.8302719063758783,0.2098034691608709,2.5002640547246995
33.0,79.0,1000.5546264648438,-4.381819404832715,-3.7917786330964094,1.7134419238061829,3.178456579619029,2.472621723255481,3.003916803599433,-0.3393105593217571,1.8302718165813343,0.2097990408828615,2.500195661863125
33.0,79.0,1000.5546264648438,-4.38181940076474,-3.791778635153447,1.7134419238061829,3.17980404970328,2.4726229291829416,3.003988646673388,-0.3395276699053763,1.8302718549258417,0.2098033409827318,2.5002606901049456
33.0,79.0,1000.5546264648438,-4.38181940135786,-3.791778629993929,1.7134419177770763,3.1798759665487006,2.472621784806748,3.003998201071625,-0.3392595173301259,1.8302719063758783,0.2098034691608709,2.5002624730360385
33.0,79.0,1000.5546264648438,-4.381819404828991,-3.7917783465398,1.7134491455343146,3.179883941976491,2.472622867134811,3.003915626239314,-0.3392769780192204,1.8302719062969333,0.2098030366819888,2.500262846839776
33.0,79.0,1000.5546264648438,-4.38181940135786,-3.791778721681743,1.7133446458750106,3.17980449978467,2.4726217846877434,3.0039972811969005,-0.3396494509982768,1.8302718536763567,0.2098034691608709,2.5002640547246995
33.0,79.0,1000.5546264648438,-4.381819401354136,-3.791778340942627,1.7133438897765452,3.1799186992868176,2.4726217383469,3.0039880361517115,-0.3392782583155371,1.8302719062969333,0.2098031599659678,2.500262865509727
33.0,79.0,1000.5546264648438,-4.38181940135786,-3.791778989237996,1.7134361216338516,3.179847232411571,2.472621828048612,3.0039890501756443,-0.3389076230223916,1.8302698732403304,0.2097675473776447,2.500198936445796
33.0,79.0,1000.5546264648438,-4.381819404954793,-3.7917783465398,1.7133438897765452,3.179883941976491,2.47262172415238,3.003915626239314,-0.3392769780192204,1.8302718525725936,0.2098030366819888,2.500262865509727
33.0,79.0,1000.5546264648438,-4.381819404832715,-3.791778632372688,1.7134419238061829,3.1784841687743444,2.47262176730776,3.003916803599433,-0.3393104602658677,1.830271817347348,0.2097990092934332,2.5002006764787192
33.0,79.0,1000.5546264648438,-4.38181940135786,-3.791778721681743,1.7133435612241494,3.179883642241021,2.4726217846877434,3.0039980820092813,-0.3392428600072255,1.8302719007576205,0.2098034003486224,2.5002640547246995
33.0,79.0,1000.5546264648438,-4.381819401354136,-3.791778340942627,1.7133438897765452,3.1799236074039974,2.472621788131019,3.0039973601429533,-0.3392782583155371,1.8302719062969333,0.2098031599659678,2.5002640096539253
33.0,79.0,1000.5546264648438,-4.381819404828991,-3.791778347263522,1.7134491455343146,3.1798563528211754,2.472622823082532,3.003915626239314,-0.3392770770751098,1.8302719055309205,0.2098030682714172,2.500257832224181
33.0,79.0,1000.5546264648438,-4.38181940135786,-3.791778627601584,1.7133415481137964,3.179807131377153,2.472621763516028,3.0039890733354406,-0.3392423769873485,1.830269788386992,0.2097673882427342,2.5001953010761446
33.0,79.0,1000.5546264648438,-4.381819400711886,-3.791778331390353,1.7134452621380225,3.179883941976491,2.4726229257627126,3.003915626239314,-0.3392875943732436,1.830271904556868,0.2098033436984772,2.50026291362249
33.0,79.0,1000.5546264648438,-4.38181940135786,-3.79177862749924,1.7134419238061829,3.178491336929356,2.472621723255481,3.003989213511831,-0.3392793472693522,1.83027163611854,0.2097991641668405,2.500195661863125
33.0,79.0,1000.5546264648438,-4.381819404828991,-3.7917783465398,1.7133438897765452,3.179883941976491,2.4726217383469,3.003915626239314,-0.3392769780192204,1.8302719062969333,0.209803110718576,2.5002628410641785
33.0,79.0,1000.5546264648438,-4.38181940135786,-3.791785808024263,1.7133452865853815,3.1798856787977914,2.472621815265672,3.0039892681582323,-0.339245397086725,1.8302698811436144,0.2097993079588196,2.500261004309139
33.0,79.0,1000.5546264648438,-4.381819404822062,-3.791785436721632,1.713442101945706,3.179883941976491,2.472622867134811,3.003915626239314,-0.3394604137310649,1.8302718114415333,0.2097994721074103,2.500262846839776
33.0,79.0,1000.5546264648438,-4.38181940135786,-3.79177659047102,1.7133434757077812,3.179807765182997,2.4726217890445543,3.0039889024259048,-0.3392424168100743,1.8302719760045127,0.2098040040181008,2.5002583669291565
33.0,79.0,1000.5546264648438,-4.381819404832715,-3.7917786330964094,1.7133467910531437,3.178523452787856,2.472621723255481,3.003918058756413,-0.3393105593217571,1.8302718165813343,0.2097989495869676,2.500195661863125
33.0,79.0,1000.5546264648438,-4.381819404954793,-3.7917783465398,1.7133438897765452,3.179883941976491,2.47262172415238,3.003915626239314,-0.3392769780192204,1.8302718525725936,0.2098030366819888,2.500262865509727
33.0,79.0,1000.5546264648438,-4.381819404828991,-3.791778347317768,1.7134491455343146,3.179855396230928,2.472622823082532,3.003915626239314,-0.3392770768048412,1.8302719055309205,0.2098030682714172,2.5002578211727404
33.0,79.0,1000.5546264648438,-4.381819404828991,-3.7917783465398,1.7134453426464211,3.179883941976491,2.472622827884848,3.003915626239314,-0.3392769780192204,1.8302719062969333,0.2098030366819888,2.500262846839776
33.0,79.0,1000.5546264648438,-4.381819401602676,-3.791778721681743,1.7133435612241494,3.179883639671832,2.4726217846877434,3.0039980820092813,-0.3392444829118977,1.8302719007576205,0.2098034003486224,2.500262897281067
33.0,79.0,1000.5546264648438,-4.38181940135786,-3.791778624211504,1.7134465237742524,3.179807131377153,2.472621763516028,3.003997855697728,-0.3392447183039964,1.830269787801068,0.2097723100028881,2.500195217694034
33.0,79.0,1000.5546264648438,-4.38181940135786,-3.791778721681743,1.7134397786280502,3.1797376266158426,2.4726217846877434,3.0039960260399208,-0.3396494509982768,1.8302718536763567,0.2098035604567648,2.5002640547246995
33.0,79.0,1000.5546264648438,-4.381819401429436,-3.791778358747469,1.7134419238061829,3.17980404970328,2.472621726098806,3.003988037769496,-0.3395276699053763,1.8302719061264832,0.2098033409827318,2.5002606901049456
33.0,79.0,1000.5546264648438,-4.38181940135786,-3.791785808024263,1.7133452865853815,3.1798856787977914,2.4726217194203817,3.003912729923942,-0.339245397086725,1.8302698811436144,0.2097917493187052,2.500261004309139
33.0,79.0,1000.5546264648438,-4.38181940135786,-3.79177659047102,1.7133434757077812,3.179807765182997,2.4726217890445543,3.0039889024259048,-0.3392424168100743,1.8302719760045127,0.2098040040181008,2.5002583669291565
33.0,79.0,1000.5546264648438,-4.38181940135786,-3.791778278697415,1.713340226836438,3.179885264250662,2.472621815265672,3.003989428454908,-0.3392462575213531,1.8302698811436144,0.2097993079588196,2.500261004309139
33.0,80.0,1000.5545654296876,-4.38181940135786,-3.791778717614967,1.7133452660411914,3.1798834200527764,2.472621719232274,3.004000259190106,-0.3392341091442605,1.8302718574324064,0.2097917917965219,2.5002640742615
33.0,80.0,1000.5545654296876,-4.38181940135786,-3.791778721681743,1.713344760774416,3.1798021311732048,2.4726218173486942,3.0039965346302515,-0.3392578055523292,1.8302714565687408,0.2097991623499903,2.5002640547246995
33.0,80.0,1000.5545654296876,-4.38181940135786,-3.791778717614967,1.7133446565611556,3.1798834200527764,2.472621784531815,3.004000259190106,-0.3392416292133533,1.8302718574324064,0.2097917917965219,2.5002640742615
33.0,80.0,1000.5545654296876,-4.38181940135786,-3.79177862749924,1.7133437300525232,3.178492344214613,2.4726217190834974,3.003906383483674,-0.3392795749670514,1.8302718566036127,0.209791303311356,2.500263151737636
33.0,80.0,1000.5545654296876,-4.38181940135786,-3.791778717614967,1.7133452660411914,3.1798834200527764,2.472621719232274,3.004000259190106,-0.3392341091442605,1.8302718574324064,0.2097917917965219,2.5002640742615
33.0,80.0,1000.5545654296876,-4.38181940135786,-3.791778721677572,1.713344652444897,3.1798022061355407,2.472621784531815,3.004000259190106,-0.3392416292133533,1.8302714548547527,0.2097917926435246,2.5002640541172862
33.0,80.0,1000.5545654296876,-4.38181940135786,-3.791778717614967,1.7133435679363591,3.1798016459295995,2.472621719232274,3.004000259190106,-0.3392424416413228,1.830271855747868,0.2097911725676894,2.5002584818055364
33.0,80.0,1000.5545654296876,-4.38181940135786,-3.79177862749924,1.7133437300525232,3.179836915076476,2.472621786136348,3.003906383483674,-0.3392415556393657,1.8302718574864647,0.2097917969483054,2.500263151737636
33.0,80.0,1000.5545654296876,-4.38181940135786,-3.791778717614967,1.7133452660411914,3.1798834200527764,2.472621719232274,3.004000259190106,-0.3392341091442605,1.8302718574324064,0.2097917917965219,2.5002640742615
33.0,80.0,1000.5545654296876,-4.38181940135786,-3.791778721677433,1.7133446522144715,3.179804444312972,2.4726217847031995,3.004000260477956,-0.3392387355743737,1.8302718488636864,0.2097917926435246,2.5002640547017405
33.0,80.0,1000.5545654296876,-4.38181940135786,-3.79177862749924,1.7133435698353736,3.178492344214613,2.4726217190834974,3.003906383483674,-0.3392795749670514,1.8302718566036127,0.2098032049299808,2.500263151737636
33.0,80.0,1000.5545654296876,-4.38181940135786,-3.791778717614967,1.7133446565611556,3.1798834200527764,2.472621784531815,3.004000259190106,-0.3392416292133533,1.8302718574324064,0.2097917917965219,2.5002640742615
33.0,80.0,1000.5546264648438,-4.38181940135786,-3.791778721681743,1.7133446458750106,3.1798045113757065,2.4726217846877434,3.0039974152187248,-0.3396494509982768,1.8302718536763567,0.2098034691608709,2.5002640547246995
33.0,80.0,1000.5546264648438,-4.38181940135786,-3.79177862749924,1.7134419238061829,3.178491336929356,2.472621723255481,3.003989213511831,-0.3393118396180737,1.8302718165813343,0.2097991641668405,2.500195661863125
33.0,80.0,1000.5546264648438,-4.381819404828991,-3.7917783465398,1.7134453426464211,3.179883941976491,2.4726228252537217,3.003915626239314,-0.3392769780192204,1.8302719062969333,0.2098030366819888,2.500262846839776
33.0,80.0,1000.5546264648438,-4.38181940135786,-3.791778627601584,1.7133420511340716,3.179807131377153,2.472621763516028,3.0039890733354406,-0.3392447183039964,1.830269787801068,0.2097673882427342,2.500195217694034
33.0,80.0,1000.5546264648438,-4.38181940135786,-3.791778989237996,1.7134361216338516,3.179847232411571,2.472621828048612,3.0039890501756443,-0.3389076230223916,1.8302698732403304,0.2097675473776447,2.500198936445796
33.0,80.0,1000.5546264648438,-4.381819404828991,-3.7917783465398,1.7134453426464211,3.179883941976491,2.4726228252537217,3.003915626239314,-0.3392769780192204,1.8302719062969333,0.2098030366819888,2.500262846839776
33.0,80.0,1000.5546264648438,-4.38181940135786,-3.791778721681743,1.7133446458750106,3.1798045113757065,2.4726217846877434,3.0039974152187248,-0.3396494509982768,1.8302718536763567,0.2098034691608709,2.5002640547246995
33.0,80.0,1000.5546264648438,-4.38181940135786,-3.79177659047102,1.7133434757077812,3.179807765182997,2.4726217890445543,3.0039889024259048,-0.3392424168100743,1.8302719760045127,0.2098040040181008,2.5002583669291565
33.0,80.0,1000.5546264648438,-4.381819404828991,-3.7917783465398,1.7133438897765452,3.179883941976491,2.4726217383469,3.003915626239314,-0.3392769780192204,1.8302719062969333,0.2098030366819888,2.500262865509727
33.0,80.0,1000.5546264648438,-4.38181940135786,-3.791778721681743,1.7133446458750106,3.179804522484233,2.4726217846877434,3.0039974152187248,-0.3396494509982768,1.8302714955644883,0.2097991623499903,2.5002640547246995
33.0,80.0,1000.5546264648438,-4.38181940135786,-3.791785808024263,1.7133452865853815,3.1798856787977914,2.4726217194203817,3.003912729923942,-0.339245397086725,1.8302698811436144,0.2097917493187052,2.500261004309139
33.0,80.0,1000.5546264648438,-4.38181940135786,-3.791778721681743,1.713443521809557,3.179883642241021,2.4726217846877434,3.003998201071625,-0.3392595173301259,1.8302719063758783,0.2098034691608709,2.5002640547246995
33.0,80.0,1000.5546264648438,-4.381819404832715,-3.7917786330964094,1.7134419238061829,3.178456579619029,2.472621723255481,3.003916803599433,-0.3393105593217571,1.8302718165813343,0.2097990408828615,2.500195661863125
33.0,80.0,1000.5546264648438,-4.38181940076474,-3.791778635153447,1.7134419238061829,3.17980404970328,2.4726229291829416,3.003988646673388,-0.3395276699053763,1.8302718549258417,0.2098033409827318,2.5002606901049456
33.0,80.0,1000.5546264648438,-4.38181940135786,-3.791778629993929,1.7134419177770763,3.1798759665487006,2.472621784806748,3.003998201071625,-0.3392595173301259,1.8302719063758783,0.2098034691608709,2.5002624730360385
33.0,80.0,1000.5546264648438,-4.381819404828991,-3.7917783465398,1.7134491455343146,3.179883941976491,2.472622867134811,3.003915626239314,-0.3392769780192204,1.8302719062969333,0.2098030366819888,2.500262846839776
33.0,80.0,1000.5546264648438,-4.38181940135786,-3.791778721681743,1.7133446458750106,3.17980449978467,2.4726217846877434,3.0039972811969005,-0.3396494509982768,1.8302718536763567,0.2098034691608709,2.5002640547246995
33.0,80.0,1000.5546264648438,-4.381819401354136,-3.791778340942627,1.7133438897765452,3.1799186992868176,2.4726217383469,3.0039880361517115,-0.3392782583155371,1.8302719062969333,0.2098031599659678,2.500262865509727
33.0,80.0,1000.5546264648438,-4.38181940135786,-3.791778989237996,1.7134361216338516,3.179847232411571,2.472621828048612,3.0039890501756443,-0.3389076230223916,1.8302698732403304,0.2097675473776447,2.500198936445796
33.0,80.0,1000.5546264648438,-4.381819404954793,-3.7917783465398,1.7133438897765452,3.179883941976491,2.47262172415238,3.003915626239314,-0.3392769780192204,1.8302718525725936,0.2098030366819888,2.500262865509727
33.0,80.0,1000.5546264648438,-4.381819404832715,-3.791778632372688,1.7134419238061829,3.1784841687743444,2.47262176730776,3.003916803599433,-0.3393104602658677,1.830271817347348,0.2097990092934332,2.5002006764787192
33.0,80.0,1000.5546264648438,-4.38181940135786,-3.791778721681743,1.7133435612241494,3.179883642241021,2.4726217846877434,3.0039980820092813,-0.3392428600072255,1.8302719007576205,0.2098034003486224,2.5002640547246995
33.0,80.0,1000.5546264648438,-4.381819401354136,-3.791778340942627,1.7133438897765452,3.1799236074039974,2.472621788131019,3.0039973601429533,-0.3392782583155371,1.8302719062969333,0.2098031599659678,2.5002640096539253
33.0,80.0,1000.5546264648438,-4.381819404828991,-3.791778347263522,1.7134491455343146,3.1798563528211754,2.472622823082532,3.003915626239314,-0.3392770770751098,1.8302719055309205,0.2098030682714172,2.500257832224181
33.0,80.0,1000.5546264648438,-4.38181940135786,-3.791778627601584,1.7133415481137964,3.179807131377153,2.472621763516028,3.0039890733354406,-0.3392423769873485,1.830269788386992,0.2097673882427342,2.5001953010761446
33.0,80.0,1000.5546264648438,-4.381819400711886,-3.791778331390353,1.7134452621380225,3.179883941976491,2.4726229257627126,3.003915626239314,-0.3392875943732436,1.830271904556868,0.2098033436984772,2.50026291362249
33.0,80.0,1000.5546264648438,-4.38181940135786,-3.79177862749924,1.7134419238061829,3.178491336929356,2.472621723255481,3.003989213511831,-0.3392793472693522,1.83027163611854,0.2097991641668405,2.500195661863125
33.0,80.0,1000.5546264648438,-4.381819404828991,-3.7917783465398,1.7133438897765452,3.179883941976491,2.4726217383469,3.003915626239314,-0.3392769780192204,1.8302719062969333,0.209803110718576,2.5002628410641785
33.0,80.0,1000.5546264648438,-4.38181940135786,-3.791785808024263,1.7133452865853815,3.1798856787977914,2.472621815265672,3.0039892681582323,-0.339245397086725,1.8302698811436144,0.2097993079588196,2.500261004309139
33.0,80.0,1000.5546264648438,-4.381819404822062,-3.791785436721632,1.713442101945706,3.179883941976491,2.472622867134811,3.003915626239314,-0.3394604137310649,1.8302718114415333,0.2097994721074103,2.500262846839776
33.0,80.0,1000.5546264648438,-4.38181940135786,-3.79177659047102,1.7133434757077812,3.179807765182997,2.4726217890445543,3.0039889024259048,-0.3392424168100743,1.8302719760045127,0.2098040040181008,2.5002583669291565
33.0,80.0,1000.5546264648438,-4.381819404832715,-3.7917786330964094,1.7133467910531437,3.178523452787856,2.472621723255481,3.003918058756413,-0.3393105593217571,1.8302718165813343,0.2097989495869676,2.500195661863125
33.0,80.0,1000.5546264648438,-4.381819404954793,-3.7917783465398,1.7133438897765452,3.179883941976491,2.47262172415238,3.003915626239314,-0.3392769780192204,1.8302718525725936,0.2098030366819888,2.500262865509727
33.0,80.0,1000.5546264648438,-4.381819404828991,-3.791778347317768,1.7134491455343146,3.179855396230928,2.472622823082532,3.003915626239314,-0.3392770768048412,1.8302719055309205,0.2098030682714172,2.5002578211727404
33.0,80.0,1000.5546264648438,-4.381819404828991,-3.7917783465398,1.7134453426464211,3.179883941976491,2.472622827884848,3.003915626239314,-0.3392769780192204,1.8302719062969333,0.2098030366819888,2.500262846839776
33.0,80.0,1000.5546264648438,-4.381819401602676,-3.791778721681743,1.7133435612241494,3.179883639671832,2.4726217846877434,3.0039980820092813,-0.3392444829118977,1.8302719007576205,0.2098034003486224,2.500262897281067
33.0,80.0,1000.5546264648438,-4.38181940135786,-3.791778624211504,1.7134465237742524,3.179807131377153,2.472621763516028,3.003997855697728,-0.3392447183039964,1.830269787801068,0.2097723100028881,2.500195217694034
33.0,80.0,1000.5546264648438,-4.38181940135786,-3.791778721681743,1.7134397786280502,3.1797376266158426,2.4726217846877434,3.0039960260399208,-0.3396494509982768,1.8302718536763567,0.2098035604567648,2.5002640547246995
33.0,81.0,1000.5545654296876,-4.38181940135786,-3.791778717614967,1.7133452660411914,3.1798834200527764,2.472621719232274,3.004000259190106,-0.3392341091442605,1.8302718574324064,0.2097917917965219,2.5002640742615
33.0,81.0,1000.5545654296876,-4.38181940135786,-3.791778721681743,1.713344760774416,3.1798021311732048,2.4726218173486942,3.0039965346302515,-0.3392578055523292,1.8302714565687408,0.2097991623499903,2.5002640547246995
33.0,81.0,1000.5545654296876,-4.38181940135786,-3.791778717614967,1.7133446565611556,3.1798834200527764,2.472621784531815,3.004000259190106,-0.3392416292133533,1.8302718574324064,0.2097917917965219,2.5002640742615
33.0,81.0,1000.5545654296876,-4.38181940135786,-3.79177862749924,1.7133437300525232,3.178492344214613,2.4726217190834974,3.003906383483674,-0.3392795749670514,1.8302718566036127,0.209791303311356,2.500263151737636
33.0,81.0,1000.5545654296876,-4.38181940135786,-3.791778717614967,1.7133452660411914,3.1798834200527764,2.472621719232274,3.004000259190106,-0.3392341091442605,1.8302718574324064,0.2097917917965219,2.5002640742615
33.0,81.0,1000.5545654296876,-4.38181940135786,-3.791778721677572,1.713344652444897,3.1798022061355407,2.472621784531815,3.004000259190106,-0.3392416292133533,1.8302714548547527,0.2097917926435246,2.5002640541172862
33.0,81.0,1000.5545654296876,-4.38181940135786,-3.791778717614967,1.7133435679363591,3.1798016459295995,2.472621719232274,3.004000259190106,-0.3392424416413228,1.830271855747868,0.2097911725676894,2.5002584818055364
33.0,81.0,1000.5545654296876,-4.38181940135786,-3.79177862749924,1.7133437300525232,3.179836915076476,2.472621786136348,3.003906383483674,-0.3392415556393657,1.8302718574864647,0.2097917969483054,2.500263151737636
33.0,81.0,1000.5545654296876,-4.38181940135786,-3.791778717614967,1.7133452660411914,3.1798834200527764,2.472621719232274,3.004000259190106,-0.3392341091442605,1.8302718574324064,0.2097917917965219,2.5002640742615
33.0,81.0,1000.5545654296876,-4.38181940135786,-3.791778721677433,1.7133446522144715,3.179804444312972,2.4726217847031995,3.004000260477956,-0.3392387355743737,1.8302718488636864,0.2097917926435246,2.5002640547017405
33.0,81.0,1000.5545654296876,-4.38181940135786,-3.79177862749924,1.7133435698353736,3.178492344214613,2.4726217190834974,3.003906383483674,-0.3392795749670514,1.8302718566036127,0.2098032049299808,2.500263151737636
33.0,81.0,1000.5545654296876,-4.38181940135786,-3.791778717614967,1.7133446565611556,3.1798834200527764,2.472621784531815,3.004000259190106,-0.3392416292133533,1.8302718574324064,0.2097917917965219,2.5002640742615
33.0,81.0,1000.5545654296876,-4.38181940135786,-3.791778717614967,1.7133436049373685,3.1798834200527764,2.472621719232274,3.004000259190106,-0.3392343016983517,1.8302718557878503,0.2097918059337947,2.5002640742615
33.0,81.0,1000.5545654296876,-4.381819401384643,-3.7917783465398,1.7134491455343146,3.178401157506467,2.472621666786125,3.0039059468290943,-0.3392769780192204,1.8302719062969333,0.2098030366819888,2.5002631650801668
33.0,81.0,1000.5545654296876,-4.38181940135786,-3.7917787221021166,1.7133452660411914,3.179801873298737,2.472621719232274,3.0039965122418546,-0.3392573633270949,1.830271456002135,0.2097915509626293,2.5002640742615
33.0,81.0,1000.5545654296876,-4.38181940135786,-3.791778717614967,1.713345229040182,3.1798016459295995,2.472621719232274,3.004000259190106,-0.3392422490872316,1.830271857392423,0.2097911584304166,2.5002584818055364
33.0,81.0,1000.5545654296876,-4.38181940135786,-3.791778721677433,1.7133446521999072,3.1798044447737386,2.4726217847031995,3.003997378683364,-0.3391762926442491,1.8302718487847944,0.2097917926435246,2.500264054701693
33.0,81.0,1000.5545654296876,-4.38181940135786,-3.791778722111451,1.7133451783658054,3.179883420891997,2.4726217842313343,3.004000235576249,-0.3392340350590061,1.8302718567106755,0.2097922821456871,2.5002640547246995
33.0,81.0,1000.5545654296876,-4.38181940135786,-3.791778717614967,1.7133446565611556,3.1798834200527764,2.472621784725886,3.0040002604847493,-0.3392387452673059,1.830271848633556,0.2097917926018591,2.5002640742615
33.0,81.0,1000.5546264648438,-4.38181940135786,-3.791778721681743,1.7133446458750106,3.1798045113757065,2.4726217846877434,3.0039974152187248,-0.3396494509982768,1.8302718536763567,0.2098034691608709,2.5002640547246995
33.0,81.0,1000.5546264648438,-4.38181940135786,-3.79177862749924,1.7134419238061829,3.178491336929356,2.472621723255481,3.003989213511831,-0.3393118396180737,1.8302718165813343,0.2097991641668405,2.500195661863125
33.0,81.0,1000.5546264648438,-4.381819404828991,-3.7917783465398,1.7134453426464211,3.179883941976491,2.4726228252537217,3.003915626239314,-0.3392769780192204,1.8302719062969333,0.2098030366819888,2.500262846839776
33.0,81.0,1000.5546264648438,-4.38181940135786,-3.791778627601584,1.7133420511340716,3.179807131377153,2.472621763516028,3.0039890733354406,-0.3392447183039964,1.830269787801068,0.2097673882427342,2.500195217694034
33.0,81.0,1000.5546264648438,-4.38181940135786,-3.791778989237996,1.7134361216338516,3.179847232411571,2.472621828048612,3.0039890501756443,-0.3389076230223916,1.8302698732403304,0.2097675473776447,2.500198936445796
33.0,81.0,1000.5546264648438,-4.381819404828991,-3.7917783465398,1.7134453426464211,3.179883941976491,2.4726228252537217,3.003915626239314,-0.3392769780192204,1.8302719062969333,0.2098030366819888,2.500262846839776
33.0,81.0,1000.5546264648438,-4.38181940135786,-3.791778721681743,1.7133446458750106,3.1798045113757065,2.4726217846877434,3.0039974152187248,-0.3396494509982768,1.8302718536763567,0.2098034691608709,2.5002640547246995
33.0,81.0,1000.5546264648438,-4.38181940135786,-3.79177659047102,1.7133434757077812,3.179807765182997,2.4726217890445543,3.0039889024259048,-0.3392424168100743,1.8302719760045127,0.2098040040181008,2.5002583669291565
33.0,81.0,1000.5546264648438,-4.381819404828991,-3.7917783465398,1.7133438897765452,3.179883941976491,2.4726217383469,3.003915626239314,-0.3392769780192204,1.8302719062969333,0.2098030366819888,2.500262865509727
33.0,81.0,1000.5546264648438,-4.38181940135786,-3.791778721681743,1.7133446458750106,3.179804522484233,2.4726217846877434,3.0039974152187248,-0.3396494509982768,1.8302714955644883,0.2097991623499903,2.5002640547246995
33.0,81.0,1000.5546264648438,-4.38181940135786,-3.791785808024263,1.7133452865853815,3.1798856787977914,2.4726217194203817,3.003912729923942,-0.339245397086725,1.8302698811436144,0.2097917493187052,2.500261004309139
33.0,81.0,1000.5546264648438,-4.38181940135786,-3.791778721681743,1.713443521809557,3.179883642241021,2.4726217846877434,3.003998201071625,-0.3392595173301259,1.8302719063758783,0.2098034691608709,2.5002640547246995
33.0,81.0,1000.5546264648438,-4.381819404832715,-3.7917786330964094,1.7134419238061829,3.178456579619029,2.472621723255481,3.003916803599433,-0.3393105593217571,1.8302718165813343,0.2097990408828615,2.500195661863125
33.0,81.0,1000.5546264648438,-4.38181940076474,-3.791778635153447,1.7134419238061829,3.17980404970328,2.4726229291829416,3.003988646673388,-0.3395276699053763,1.8302718549258417,0.2098033409827318,2.5002606901049456
33.0,81.0,1000.5546264648438,-4.38181940135786,-3.791778629993929,1.7134419177770763,3.1798759665487006,2.472621784806748,3.003998201071625,-0.3392595173301259,1.8302719063758783,0.2098034691608709,2.5002624730360385
33.0,81.0,1000.5546264648438,-4.381819404828991,-3.7917783465398,1.7134491455343146,3.179883941976491,2.472622867134811,3.003915626239314,-0.3392769780192204,1.8302719062969333,0.2098030366819888,2.500262846839776
33.0,81.0,1000.5546264648438,-4.38181940135786,-3.791778721681743,1.7133446458750106,3.17980449978467,2.4726217846877434,3.0039972811969005,-0.3396494509982768,1.8302718536763567,0.2098034691608709,2.5002640547246995
33.0,81.0,1000.5546264648438,-4.381819401354136,-3.791778340942627,1.7133438897765452,3.1799186992868176,2.4726217383469,3.0039880361517115,-0.3392782583155371,1.8302719062969333,0.2098031599659678,2.500262865509727
33.0,81.0,1000.5546264648438,-4.38181940135786,-3.791778989237996,1.7134361216338516,3.179847232411571,2.472621828048612,3.0039890501756443,-0.3389076230223916,1.8302698732403304,0.2097675473776447,2.500198936445796
33.0,81.0,1000.5546264648438,-4.381819404954793,-3.7917783465398,1.7133438897765452,3.179883941976491,2.47262172415238,3.003915626239314,-0.3392769780192204,1.8302718525725936,0.2098030366819888,2.500262865509727
33.0,81.0,1000.5546264648438,-4.381819404832715,-3.791778632372688,1.7134419238061829,3.1784841687743444,2.47262176730776,3.003916803599433,-0.3393104602658677,1.830271817347348,0.2097990092934332,2.5002006764787192
33.0,81.0,1000.5546264648438,-4.38181940135786,-3.791778721681743,1.7133435612241494,3.179883642241021,2.4726217846877434,3.0039980820092813,-0.3392428600072255,1.8302719007576205,0.2098034003486224,2.5002640547246995
33.0,81.0,1000.5546264648438,-4.381819401354136,-3.791778340942627,1.7133438897765452,3.1799236074039974,2.472621788131019,3.0039973601429533,-0.3392782583155371,1.8302719062969333,0.2098031599659678,2.5002640096539253
33.0,81.0,1000.5546264648438,-4.381819404828991,-3.791778347263522,1.7134491455343146,3.1798563528211754,2.472622823082532,3.003915626239314,-0.3392770770751098,1.8302719055309205,0.2098030682714172,2.500257832224181
33.0,81.0,1000.5546264648438,-4.38181940135786,-3.791778627601584,1.7133415481137964,3.179807131377153,2.472621763516028,3.0039890733354406,-0.3392423769873485,1.830269788386992,0.2097673882427342,2.5001953010761446
33.0,81.0,1000.5546264648438,-4.381819400711886,-3.791778331390353,1.7134452621380225,3.179883941976491,2.4726229257627126,3.003915626239314,-0.3392875943732436,1.830271904556868,0.2098033436984772,2.50026291362249
33.0,81.0,1000.5546264648438,-4.38181940135786,-3.79177862749924,1.7134419238061829,3.178491336929356,2.472621723255481,3.003989213511831,-0.3392793472693522,1.83027163611854,0.2097991641668405,2.500195661863125
33.0,81.0,1000.5546264648438,-4.381819404828991,-3.7917783465398,1.7133438897765452,3.179883941976491,2.4726217383469,3.003915626239314,-0.3392769780192204,1.8302719062969333,0.209803110718576,2.5002628410641785
33.0,81.0,1000.5546264648438,-4.38181940135786,-3.791785808024263,1.7133452865853815,3.1798856787977914,2.472621815265672,3.0039892681582323,-0.339245397086725,1.8302698811436144,0.2097993079588196,2.500261004309139
33.0,81.0,1000.5546264648438,-4.381819404822062,-3.791785436721632,1.713442101945706,3.179883941976491,2.472622867134811,3.003915626239314,-0.3394604137310649,1.8302718114415333,0.2097994721074103,2.500262846839776
33.0,81.0,1000.5546264648438,-4.38181940135786,-3.79177659047102,1.7133434757077812,3.179807765182997,2.4726217890445543,3.0039889024259048,-0.3392424168100743,1.8302719760045127,0.2098040040181008,2.5002583669291565
33.0,82.0,1000.5545654296876,-4.38181940135786,-3.791778717614967,1.7133452660411914,3.1798834200527764,2.472621719232274,3.004000259190106,-0.3392341091442605,1.8302718574324064,0.2097917917965219,2.5002640742615
33.0,82.0,1000.5545654296876,-4.38181940135786,-3.791778721681743,1.713344760774416,3.1798021311732048,2.4726218173486942,3.0039965346302515,-0.3392578055523292,1.8302714565687408,0.2097991623499903,2.5002640547246995
33.0,82.0,1000.5545654296876,-4.38181940135786,-3.791778717614967,1.7133446565611556,3.1798834200527764,2.472621784531815,3.004000259190106,-0.3392416292133533,1.8302718574324064,0.2097917917965219,2.5002640742615
33.0,82.0,1000.5545654296876,-4.38181940135786,-3.79177862749924,1.7133437300525232,3.178492344214613,2.4726217190834974,3.003906383483674,-0.3392795749670514,1.8302718566036127,0.209791303311356,2.500263151737636
33.0,82.0,1000.5545654296876,-4.38181940135786,-3.791778717614967,1.7133452660411914,3.1798834200527764,2.472621719232274,3.004000259190106,-0.3392341091442605,1.8302718574324064,0.2097917917965219,2.5002640742615
33.0,82.0,1000.5545654296876,-4.38181940135786,-3.791778721677572,1.713344652444897,3.1798022061355407,2.472621784531815,3.004000259190106,-0.3392416292133533,1.8302714548547527,0.2097917926435246,2.5002640541172862
33.0,82.0,1000.5545654296876,-4.38181940135786,-3.791778717614967,1.7133435679363591,3.1798016459295995,2.472621719232274,3.004000259190106,-0.3392424416413228,1.830271855747868,0.2097911725676894,2.5002584818055364
33.0,82.0,1000.5545654296876,-4.38181940135786,-3.79177862749924,1.7133437300525232,3.179836915076476,2.472621786136348,3.003906383483674,-0.3392415556393657,1.8302718574864647,0.2097917969483054,2.500263151737636
33.0,82.0,1000.5545654296876,-4.38181940135786,-3.791778717614967,1.7133452660411914,3.1798834200527764,2.472621719232274,3.004000259190106,-0.3392341091442605,1.8302718574324064,0.2097917917965219,2.5002640742615
33.0,82.0,1000.5545654296876,-4.38181940135786,-3.791778721677433,1.7133446522144715,3.179804444312972,2.4726217847031995,3.004000260477956,-0.3392387355743737,1.8302718488636864,0.2097917926435246,2.5002640547017405
33.0,82.0,1000.5545654296876,-4.38181940135786,-3.79177862749924,1.7133435698353736,3.178492344214613,2.4726217190834974,3.003906383483674,-0.3392795749670514,1.8302718566036127,0.2098032049299808,2.500263151737636
33.0,82.0,1000.5545654296876,-4.38181940135786,-3.791778717614967,1.7133446565611556,3.1798834200527764,2.472621784531815,3.004000259190106,-0.3392416292133533,1.8302718574324064,0.2097917917965219,2.5002640742615
33.0,82.0,1000.5545654296876,-4.38181940135786,-3.791778717614967,1.7133436049373685,3.1798834200527764,2.472621719232274,3.004000259190106,-0.3392343016983517,1.8302718557878503,0.2097918059337947,2.5002640742615
33.0,82.0,1000.5545654296876,-4.381819401384643,-3.7917783465398,1.7134491455343146,3.178401157506467,2.472621666786125,3.0039059468290943,-0.3392769780192204,1.8302719062969333,0.2098030366819888,2.5002631650801668
33.0,82.0,1000.5545654296876,-4.38181940135786,-3.7917787221021166,1.7133452660411914,3.179801873298737,2.472621719232274,3.0039965122418546,-0.3392573633270949,1.830271456002135,0.2097915509626293,2.5002640742615
33.0,82.0,1000.5545654296876,-4.38181940135786,-3.791778717614967,1.713345229040182,3.1798016459295995,2.472621719232274,3.004000259190106,-0.3392422490872316,1.830271857392423,0.2097911584304166,2.5002584818055364
33.0,82.0,1000.5545654296876,-4.38181940135786,-3.791778721677433,1.7133446521999072,3.1798044447737386,2.4726217847031995,3.003997378683364,-0.3391762926442491,1.8302718487847944,0.2097917926435246,2.500264054701693
33.0,82.0,1000.5545654296876,-4.38181940135786,-3.791778722111451,1.7133451783658054,3.179883420891997,2.4726217842313343,3.004000235576249,-0.3392340350590061,1.8302718567106755,0.2097922821456871,2.5002640547246995
33.0,82.0,1000.5545654296876,-4.38181940135786,-3.791778717614967,1.7133446565611556,3.1798834200527764,2.472621784725886,3.0040002604847493,-0.3392387452673059,1.830271848633556,0.2097917926018591,2.5002640742615
33.0,82.0,1000.5545654296876,-4.381819401384211,-3.7917783465398,1.7133369719162257,3.178401157506467,2.472621663648458,3.0039059468290943,-0.3392774955153623,1.830271850273791,0.2097919590510404,2.500263170206264
33.0,82.0,1000.5545654296876,-4.38181940135786,-3.791778721677433,1.7133446521999072,3.179806568384756,2.4726217847108107,3.003997378683364,-0.3391762926442491,1.8302718487847944,0.2097931668230735,2.500264054701693
33.0,82.0,1000.5545654296876,-4.38181940135786,-3.791778717360524,1.7133452670105025,3.179883420891997,2.4726217842313343,3.004000235576249,-0.3392340350590061,1.8302718567106755,0.2097922821456871,2.500264054580893
33.0,82.0,1000.5545654296876,-4.38181940135786,-3.791778721677572,1.7133401668706494,3.1798022061355407,2.4726216664501623,3.0039001840029145,-0.3392416292133533,1.8302714548547527,0.2097917926435246,2.500263144082824
33.0,82.0,1000.5545654296876,-4.38181940135786,-3.791778717614967,1.7133452660411914,3.1798834200527764,2.472621719232274,3.004000259190106,-0.3392341091442605,1.8302718574324064,0.2097917917965219,2.5002640742615
33.0,82.0,1000.5545654296876,-4.38181940135786,-3.791778717614967,1.713345229040182,3.1798778808577515,2.472621719232274,3.004000259190106,-0.3392422490872316,1.830271857433804,0.2097918000458286,2.500264281839149
33.0,82.0,1000.5545654296876,-4.38181940135786,-3.791778721681743,1.713440484903712,3.179802145552504,2.4726218173621684,3.0039965346302515,-0.3392578055523292,1.8302714565687408,0.2097682547362396,2.5002640547246995
33.0,82.0,1000.5545654296876,-4.38181940135786,-3.7917787221021166,1.7133452295009015,3.179801873298737,2.472621719232274,3.0039965122418546,-0.3392573633270949,1.830271456002135,0.2097915509626293,2.5002640742615
33.0,82.0,1000.5546264648438,-4.38181940135786,-3.791778721681743,1.7133446458750106,3.1798045113757065,2.4726217846877434,3.0039974152187248,-0.3396494509982768,1.8302718536763567,0.2098034691608709,2.5002640547246995
33.0,82.0,1000.5546264648438,-4.38181940135786,-3.79177862749924,1.7134419238061829,3.178491336929356,2.472621723255481,3.003989213511831,-0.3393118396180737,1.8302718165813343,0.2097991641668405,2.500195661863125
33.0,82.0,1000.5546264648438,-4.381819404828991,-3.7917783465398,1.7134453426464211,3.179883941976491,2.4726228252537217,3.003915626239314,-0.3392769780192204,1.8302719062969333,0.2098030366819888,2.500262846839776
33.0,82.0,1000.5546264648438,-4.38181940135786,-3.791778627601584,1.7133420511340716,3.179807131377153,2.472621763516028,3.0039890733354406,-0.3392447183039964,1.830269787801068,0.2097673882427342,2.500195217694034
33.0,82.0,1000.5546264648438,-4.38181940135786,-3.791778989237996,1.7134361216338516,3.179847232411571,2.472621828048612,3.0039890501756443,-0.3389076230223916,1.8302698732403304,0.2097675473776447,2.500198936445796
33.0,82.0,1000.5546264648438,-4.381819404828991,-3.7917783465398,1.7134453426464211,3.179883941976491,2.4726228252537217,3.003915626239314,-0.3392769780192204,1.8302719062969333,0.2098030366819888,2.500262846839776
33.0,82.0,1000.5546264648438,-4.38181940135786,-3.791778721681743,1.7133446458750106,3.1798045113757065,2.4726217846877434,3.0039974152187248,-0.3396494509982768,1.8302718536763567,0.2098034691608709,2.5002640547246995
33.0,82.0,1000.5546264648438,-4.38181940135786,-3.79177659047102,1.7133434757077812,3.179807765182997,2.4726217890445543,3.0039889024259048,-0.3392424168100743,1.8302719760045127,0.2098040040181008,2.5002583669291565
33.0,82.0,1000.5546264648438,-4.381819404828991,-3.7917783465398,1.7133438897765452,3.179883941976491,2.4726217383469,3.003915626239314,-0.3392769780192204,1.8302719062969333,0.2098030366819888,2.500262865509727
33.0,82.0,1000.5546264648438,-4.38181940135786,-3.791778721681743,1.7133446458750106,3.179804522484233,2.4726217846877434,3.0039974152187248,-0.3396494509982768,1.8302714955644883,0.2097991623499903,2.5002640547246995
33.0,82.0,1000.5546264648438,-4.38181940135786,-3.791785808024263,1.7133452865853815,3.1798856787977914,2.4726217194203817,3.003912729923942,-0.339245397086725,1.8302698811436144,0.2097917493187052,2.500261004309139
33.0,82.0,1000.5546264648438,-4.38181940135786,-3.791778721681743,1.713443521809557,3.179883642241021,2.4726217846877434,3.003998201071625,-0.3392595173301259,1.8302719063758783,0.2098034691608709,2.5002640547246995
33.0,82.0,1000.5546264648438,-4.381819404832715,-3.7917786330964094,1.7134419238061829,3.178456579619029,2.472621723255481,3.003916803599433,-0.3393105593217571,1.8302718165813343,0.2097990408828615,2.500195661863125
33.0,82.0,1000.5546264648438,-4.38181940076474,-3.791778635153447,1.7134419238061829,3.17980404970328,2.4726229291829416,3.003988646673388,-0.3395276699053763,1.8302718549258417,0.2098033409827318,2.5002606901049456
33.0,82.0,1000.5546264648438,-4.38181940135786,-3.791778629993929,1.7134419177770763,3.1798759665487006,2.472621784806748,3.003998201071625,-0.3392595173301259,1.8302719063758783,0.2098034691608709,2.5002624730360385
33.0,82.0,1000.5546264648438,-4.381819404828991,-3.7917783465398,1.7134491455343146,3.179883941976491,2.472622867134811,3.003915626239314,-0.3392769780192204,1.8302719062969333,0.2098030366819888,2.500262846839776
33.0,82.0,1000.5546264648438,-4.38181940135786,-3.791778721681743,1.7133446458750106,3.17980449978467,2.4726217846877434,3.0039972811969005,-0.3396494509982768,1.8302718536763567,0.2098034691608709,2.5002640547246995
33.0,82.0,1000.5546264648438,-4.381819401354136,-3.791778340942627,1.7133438897765452,3.1799186992868176,2.4726217383469,3.0039880361517115,-0.3392782583155371,1.8302719062969333,0.2098031599659678,2.500262865509727
33.0,82.0,1000.5546264648438,-4.38181940135786,-3.791778989237996,1.7134361216338516,3.179847232411571,2.472621828048612,3.0039890501756443,-0.3389076230223916,1.8302698732403304,0.2097675473776447,2.500198936445796
33.0,82.0,1000.5546264648438,-4.381819404954793,-3.7917783465398,1.7133438897765452,3.179883941976491,2.47262172415238,3.003915626239314,-0.3392769780192204,1.8302718525725936,0.2098030366819888,2.500262865509727
33.0,82.0,1000.5546264648438,-4.381819404832715,-3.791778632372688,1.7134419238061829,3.1784841687743444,2.47262176730776,3.003916803599433,-0.3393104602658677,1.830271817347348,0.2097990092934332,2.5002006764787192
33.0,82.0,1000.5546264648438,-4.38181940135786,-3.791778721681743,1.7133435612241494,3.179883642241021,2.4726217846877434,3.0039980820092813,-0.3392428600072255,1.8302719007576205,0.2098034003486224,2.5002640547246995
33.0,82.0,1000.5546264648438,-4.381819401354136,-3.791778340942627,1.7133438897765452,3.1799236074039974,2.472621788131019,3.0039973601429533,-0.3392782583155371,1.8302719062969333,0.2098031599659678,2.5002640096539253
33.0,83.0,1000.5542602539062,-4.38181940135786,-3.791410647088578,1.7133437300525232,3.179836915076476,2.472621786136348,3.003906383483674,-0.3392415556393657,1.830271450944961,0.20979179676168,2.500263143834757
33.0,83.0,1000.5545654296876,-4.38181940135786,-3.791778717614967,1.7133452660411914,3.1798834200527764,2.472621719232274,3.004000259190106,-0.3392341091442605,1.8302718574324064,0.2097917917965219,2.5002640742615
33.0,83.0,1000.5545654296876,-4.38181940135786,-3.791778721681743,1.713344760774416,3.1798021311732048,2.4726218173486942,3.0039965346302515,-0.3392578055523292,1.8302714565687408,0.2097991623499903,2.5002640547246995
33.0,83.0,1000.5545654296876,-4.38181940135786,-3.791778717614967,1.7133446565611556,3.1798834200527764,2.472621784531815,3.004000259190106,-0.3392416292133533,1.8302718574324064,0.2097917917965219,2.5002640742615
33.0,83.0,1000.5545654296876,-4.38181940135786,-3.79177862749924,1.7133437300525232,3.178492344214613,2.4726217190834974,3.003906383483674,-0.3392795749670514,1.8302718566036127,0.209791303311356,2.500263151737636
33.0,83.0,1000.5545654296876,-4.38181940135786,-3.791778717614967,1.7133452660411914,3.1798834200527764,2.472621719232274,3.004000259190106,-0.3392341091442605,1.8302718574324064,0.2097917917965219,2.5002640742615
33.0,83.0,1000.5545654296876,-4.38181940135786,-3.791778721677572,1.713344652444897,3.1798022061355407,2.472621784531815,3.004000259190106,-0.3392416292133533,1.8302714548547527,0.2097917926435246,2.5002640541172862
33.0,83.0,1000.5545654296876,-4.38181940135786,-3.791778717614967,1.7133435679363591,3.1798016459295995,2.472621719232274,3.004000259190106,-0.3392424416413228,1.830271855747868,0.2097911725676894,2.5002584818055364
33.0,83.0,1000.5545654296876,-4.38181940135786,-3.79177862749924,1.7133437300525232,3.179836915076476,2.472621786136348,3.003906383483674,-0.3392415556393657,1.8302718574864647,0.2097917969483054,2.500263151737636
33.0,83.0,1000.5545654296876,-4.38181940135786,-3.791778717614967,1.7133452660411914,3.1798834200527764,2.472621719232274,3.004000259190106,-0.3392341091442605,1.8302718574324064,0.2097917917965219,2.5002640742615
33.0,83.0,1000.5545654296876,-4.38181940135786,-3.791778721677433,1.7133446522144715,3.179804444312972,2.4726217847031995,3.004000260477956,-0.3392387355743737,1.8302718488636864,0.2097917926435246,2.5002640547017405
33.0,83.0,1000.5545654296876,-4.38181940135786,-3.79177862749924,1.7133435698353736,3.178492344214613,2.4726217190834974,3.003906383483674,-0.3392795749670514,1.8302718566036127,0.2098032049299808,2.500263151737636
33.0,83.0,1000.5545654296876,-4.38181940135786,-3.791778717614967,1.7133446565611556,3.1798834200527764,2.472621784531815,3.004000259190106,-0.3392416292133533,1.8302718574324064,0.2097917917965219,2.5002640742615
33.0,83.0,1000.5545654296876,-4.38181940135786,-3.791778717614967,1.7133436049373685,3.1798834200527764,2.472621719232274,3.004000259190106,-0.3392343016983517,1.8302718557878503,0.2097918059337947,2.5002640742615
33.0,83.0,1000.5545654296876,-4.381819401384643,-3.7917783465398,1.7134491455343146,3.178401157506467,2.472621666786125,3.0039059468290943,-0.3392769780192204,1.8302719062969333,0.2098030366819888,2.5002631650801668
33.0,83.0,1000.5545654296876,-4.38181940135786,-3.7917787221021166,1.7133452660411914,3.179801873298737,2.472621719232274,3.0039965122418546,-0.3392573633270949,1.830271456002135,0.2097915509626293,2.5002640742615
33.0,83.0,1000.5545654296876,-4.38181940135786,-3.791778717614967,1.713345229040182,3.1798016459295995,2.472621719232274,3.004000259190106,-0.3392422490872316,1.830271857392423,0.2097911584304166,2.5002584818055364
33.0,83.0,1000.5545654296876,-4.38181940135786,-3.791778721677433,1.7133446521999072,3.1798044447737386,2.4726217847031995,3.003997378683364,-0.3391762926442491,1.8302718487847944,0.2097917926435246,2.500264054701693
33.0,83.0,1000.5545654296876,-4.38181940135786,-3.791778722111451,1.7133451783658054,3.179883420891997,2.4726217842313343,3.004000235576249,-0.3392340350590061,1.8302718567106755,0.2097922821456871,2.5002640547246995
33.0,83.0,1000.5545654296876,-4.38181940135786,-3.791778717614967,1.7133446565611556,3.1798834200527764,2.472621784725886,3.0040002604847493,-0.3392387452673059,1.830271848633556,0.2097917926018591,2.5002640742615
33.0,83.0,1000.5545654296876,-4.381819401384211,-3.7917783465398,1.7133369719162257,3.178401157506467,2.472621663648458,3.0039059468290943,-0.3392774955153623,1.830271850273791,0.2097919590510404,2.500263170206264
33.0,83.0,1000.5545654296876,-4.38181940135786,-3.791778721677433,1.7133446521999072,3.179806568384756,2.4726217847108107,3.003997378683364,-0.3391762926442491,1.8302718487847944,0.2097931668230735,2.500264054701693
33.0,83.0,1000.5545654296876,-4.38181940135786,-3.791778717360524,1.7133452670105025,3.179883420891997,2.4726217842313343,3.004000235576249,-0.3392340350590061,1.8302718567106755,0.2097922821456871,2.500264054580893
33.0,83.0,1000.5545654296876,-4.38181940135786,-3.791778721677572,1.7133401668706494,3.1798022061355407,2.4726216664501623,3.0039001840029145,-0.3392416292133533,1.8302714548547527,0.2097917926435246,2.500263144082824
33.0,83.0,1000.5545654296876,-4.38181940135786,-3.791778717614967,1.7133452660411914,3.1798834200527764,2.472621719232274,3.004000259190106,-0.3392341091442605,1.8302718574324064,0.2097917917965219,2.5002640742615
33.0,83.0,1000.5545654296876,-4.38181940135786,-3.791778717614967,1.713345229040182,3.1798778808577515,2.472621719232274,3.004000259190106,-0.3392422490872316,1.830271857433804,0.2097918000458286,2.500264281839149
33.0,83.0,1000.5545654296876,-4.38181940135786,-3.791778721681743,1.713440484903712,3.179802145552504,2.4726218173621684,3.0039965346302515,-0.3392578055523292,1.8302714565687408,0.2097682547362396,2.5002640547246995
33.0,83.0,1000.5545654296876,-4.38181940135786,-3.7917787221021166,1.7133452295009015,3.179801873298737,2.472621719232274,3.0039965122418546,-0.3392573633270949,1.830271456002135,0.2097915509626293,2.5002640742615
33.0,83.0,1000.5545654296876,-4.38181940135786,-3.7917787221021166,1.7133452295009015,3.1798018694499355,2.4726218125881387,3.003996534180529,-0.3392573633270949,1.830271456002135,0.2097915509626293,2.5002640742615
33.0,83.0,1000.5545654296876,-4.38181940135786,-3.791778717614967,1.7133436028975917,3.1798834200527764,2.472621719232274,3.004000259190106,-0.3392343016983517,1.8302718557878503,0.2097917916765519,2.5002640742615
33.0,83.0,1000.5545654296876,-4.38181940135786,-3.791778717614967,1.713345229040182,3.17980150006479,2.472621717916688,3.004000259190106,-0.3392422490872316,1.8302714638848447,0.2097918000458286,2.500264054396601
33.0,83.0,1000.5545654296876,-4.38181940135786,-3.791778721681888,1.7133446521999072,3.1798044447737386,2.4726218169564365,3.00399746451537,-0.3392572090236568,1.830271468091065,0.2097894983778372,2.5002640547009376
33.0,83.0,1000.5545654296876,-4.38181940135786,-3.791778721681743,1.713344760774416,3.1798021350220065,2.472621723992829,3.0039965126915766,-0.3392578055523292,1.8302714565687408,0.2097991623499903,2.5002640547246995
33.0,83.0,1000.5545654296876,-4.38181940135786,-3.791778721677433,1.713344656554968,3.179886191366819,2.472621784696724,3.003997378683364,-0.3391775923619651,1.8302718588923617,0.2097917926807147,2.500264054701693
33.0,83.0,1000.5545654296876,-4.38181940135786,-3.791778717614967,1.7133452680809684,3.1798834200527764,2.472621719232274,3.004000259190106,-0.3392341091442605,1.8302718574324064,0.2097918060537647,2.5002640742615
33.0,83.0,1000.5545654296876,-4.38181940135786,-3.791778629792618,1.7133401668706494,3.1798022061355407,2.4726216664501623,3.0039001840029145,-0.3392416292133533,1.830271861396257,0.20979179283015,2.5002631519857026
33.0,83.0,1000.5545654296876,-4.38181940135786,-3.791778721552329,1.7133452670105025,3.179804251060529,2.4726217842313343,3.004000235576249,-0.3392340638313668,1.8302718567106755,0.2097986438074211,2.500264054578983
33.0,83.0,1000.5545654296876,-4.38181940135786,-3.791778717868613,1.7133435679363591,3.1798042911051736,2.472621719232274,3.004000259190106,-0.3392424416413228,1.830271855747868,0.2097911725676894,2.500264223828133
33.0,83.0,1000.5546264648438,-4.38181940135786,-3.791778721681743,1.7133446458750106,3.1798045113757065,2.4726217846877434,3.0039974152187248,-0.3396494509982768,1.8302718536763567,0.2098034691608709,2.5002640547246995
33.0,83.0,1000.5546264648438,-4.38181940135786,-3.79177862749924,1.7134419238061829,3.178491336929356,2.472621723255481,3.003989213511831,-0.3393118396180737,1.8302718165813343,0.2097991641668405,2.500195661863125
33.0,83.0,1000.5546264648438,-4.381819404828991,-3.7917783465398,1.7134453426464211,3.179883941976491,2.4726228252537217,3.003915626239314,-0.3392769780192204,1.8302719062969333,0.2098030366819888,2.500262846839776
33.0,83.0,1000.5546264648438,-4.38181940135786,-3.791778627601584,1.7133420511340716,3.179807131377153,2.472621763516028,3.0039890733354406,-0.3392447183039964,1.830269787801068,0.2097673882427342,2.500195217694034
33.0,83.0,1000.5546264648438,-4.38181940135786,-3.791778989237996,1.7134361216338516,3.179847232411571,2.472621828048612,3.0039890501756443,-0.3389076230223916,1.8302698732403304,0.2097675473776447,2.500198936445796
33.0,83.0,1000.5546264648438,-4.381819404828991,-3.7917783465398,1.7134453426464211,3.179883941976491,2.4726228252537217,3.003915626239314,-0.3392769780192204,1.8302719062969333,0.2098030366819888,2.500262846839776
33.0,83.0,1000.5546264648438,-4.38181940135786,-3.791778721681743,1.7133446458750106,3.1798045113757065,2.4726217846877434,3.0039974152187248,-0.3396494509982768,1.8302718536763567,0.2098034691608709,2.5002640547246995
33.0,83.0,1000.5546264648438,-4.38181940135786,-3.79177659047102,1.7133434757077812,3.179807765182997,2.4726217890445543,3.0039889024259048,-0.3392424168100743,1.8302719760045127,0.2098040040181008,2.5002583669291565
33.0,83.0,1000.5546264648438,-4.381819404828991,-3.7917783465398,1.7133438897765452,3.179883941976491,2.4726217383469,3.003915626239314,-0.3392769780192204,1.8302719062969333,0.2098030366819888,2.500262865509727
33.0,83.0,1000.5546264648438,-4.38181940135786,-3.791778721681743,1.7133446458750106,3.179804522484233,2.4726217846877434,3.0039974152187248,-0.3396494509982768,1.8302714955644883,0.2097991623499903,2.5002640547246995
33.0,83.0,1000.5546264648438,-4.38181940135786,-3.791785808024263,1.7133452865853815,3.1798856787977914,2.4726217194203817,3.003912729923942,-0.339245397086725,1.8302698811436144,0.2097917493187052,2.500261004309139
33.0,83.0,1000.5546264648438,-4.38181940135786,-3.791778721681743,1.713443521809557,3.179883642241021,2.4726217846877434,3.003998201071625,-0.3392595173301259,1.8302719063758783,0.2098034691608709,2.5002640547246995
33.0,84.0,1000.5542602539062,-4.38181940135786,-3.791410647088578,1.7133437300525232,3.179836915076476,2.472621786136348,3.003906383483674,-0.3392415556393657,1.830271450944961,0.20979179676168,2.500263143834757
33.0,84.0,1000.5542602539062,-4.38181940135786,-3.7914131595763294,1.713344756702286,3.179834656246138,2.4726218162105047,3.003995307003598,-0.3392578055523292,1.8302714565687408,0.2097991623499903,2.500263920950073
33.0,84.0,1000.5545654296876,-4.38181940135786,-3.791778717614967,1.7133452660411914,3.1798834200527764,2.472621719232274,3.004000259190106,-0.3392341091442605,1.8302718574324064,0.2097917917965219,2.5002640742615
33.0,84.0,1000.5545654296876,-4.38181940135786,-3.791778721681743,1.713344760774416,3.1798021311732048,2.4726218173486942,3.0039965346302515,-0.3392578055523292,1.8302714565687408,0.2097991623499903,2.5002640547246995
33.0,84.0,1000.5545654296876,-4.38181940135786,-3.791778717614967,1.7133446565611556,3.1798834200527764,2.472621784531815,3.004000259190106,-0.3392416292133533,1.8302718574324064,0.2097917917965219,2.5002640742615
33.0,84.0,1000.5545654296876,-4.38181940135786,-3.79177862749924,1.7133437300525232,3.178492344214613,2.4726217190834974,3.003906383483674,-0.3392795749670514,1.8302718566036127,0.209791303311356,2.500263151737636
33.0,84.0,1000.5545654296876,-4.38181940135786,-3.791778717614967,1.7133452660411914,3.1798834200527764,2.472621719232274,3.004000259190106,-0.3392341091442605,1.8302718574324064,0.2097917917965219,2.5002640742615
33.0,84.0,1000.5545654296876,-4.38181940135786,-3.791778721677572,1.713344652444897,3.1798022061355407,2.472621784531815,3.004000259190106,-0.3392416292133533,1.8302714548547527,0.2097917926435246,2.5002640541172862
33.0,84.0,1000.5545654296876,-4.38181940135786,-3.791778717614967,1.7133435679363591,3.1798016459295995,2.472621719232274,3.004000259190106,-0.3392424416413228,1.830271855747868,0.2097911725676894,2.5002584818055364
33.0,84.0,1000.5545654296876,-4.38181940135786,-3.79177862749924,1.7133437300525232,3.179836915076476,2.472621786136348,3.003906383483674,-0.3392415556393657,1.8302718574864647,0.2097917969483054,2.500263151737636
33.0,84.0,1000.5545654296876,-4.38181940135786,-3.791778717614967,1.7133452660411914,3.1798834200527764,2.472621719232274,3.004000259190106,-0.3392341091442605,1.8302718574324064,0.2097917917965219,2.5002640742615
33.0,84.0,1000.5545654296876,-4.38181940135786,-3.791778721677433,1.7133446522144715,3.179804444312972,2.4726217847031995,3.004000260477956,-0.3392387355743737,1.8302718488636864,0.2097917926435246,2.5002640547017405
33.0,84.0,1000.5545654296876,-4.38181940135786,-3.79177862749924,1.7133435698353736,3.178492344214613,2.4726217190834974,3.003906383483674,-0.3392795749670514,1.8302718566036127,0.2098032049299808,2.500263151737636
33.0,84.0,1000.5545654296876,-4.38181940135786,-3.791778717614967,1.7133446565611556,3.1798834200527764,2.472621784531815,3.004000259190106,-0.3392416292133533,1.8302718574324064,0.2097917917965219,2.5002640742615
33.0,84.0,1000.5545654296876,-4.38181940135786,-3.791778717614967,1.7133436049373685,3.1798834200527764,2.472621719232274,3.004000259190106,-0.3392343016983517,1.8302718557878503,0.2097918059337947,2.5002640742615
33.0,84.0,1000.5545654296876,-4.381819401384643,-3.7917783465398,1.7134491455343146,3.178401157506467,2.472621666786125,3.0039059468290943,-0.3392769780192204,1.8302719062969333,0.2098030366819888,2.5002631650801668
33.0,84.0,1000.5545654296876,-4.38181940135786,-3.7917787221021166,1.7133452660411914,3.179801873298737,2.472621719232274,3.0039965122418546,-0.3392573633270949,1.830271456002135,0.2097915509626293,2.5002640742615
33.0,84.0,1000.5545654296876,-4.38181940135786,-3.791778717614967,1.713345229040182,3.1798016459295995,2.472621719232274,3.004000259190106,-0.3392422490872316,1.830271857392423,0.2097911584304166,2.5002584818055364
33.0,84.0,1000.5545654296876,-4.38181940135786,-3.791778721677433,1.7133446521999072,3.1798044447737386,2.4726217847031995,3.003997378683364,-0.3391762926442491,1.8302718487847944,0.2097917926435246,2.500264054701693
33.0,84.0,1000.5545654296876,-4.38181940135786,-3.791778722111451,1.7133451783658054,3.179883420891997,2.4726217842313343,3.004000235576249,-0.3392340350590061,1.8302718567106755,0.2097922821456871,2.5002640547246995
33.0,84.0,1000.5545654296876,-4.38181940135786,-3.791778717614967,1.7133446565611556,3.1798834200527764,2.472621784725886,3.0040002604847493,-0.3392387452673059,1.830271848633556,0.2097917926018591,2.5002640742615
33.0,84.0,1000.5545654296876,-4.381819401384211,-3.7917783465398,1.7133369719162257,3.178401157506467,2.472621663648458,3.0039059468290943,-0.3392774955153623,1.830271850273791,0.2097919590510404,2.500263170206264
33.0,84.0,1000.5545654296876,-4.38181940135786,-3.791778721677433,1.7133446521999072,3.179806568384756,2.4726217847108107,3.003997378683364,-0.3391762926442491,1.8302718487847944,0.2097931668230735,2.500264054701693
33.0,84.0,1000.5545654296876,-4.38181940135786,-3.791778717360524,1.7133452670105025,3.179883420891997,2.4726217842313343,3.004000235576249,-0.3392340350590061,1.8302718567106755,0.2097922821456871,2.500264054580893
33.0,84.0,1000.5545654296876,-4.38181940135786,-3.791778721677572,1.7133401668706494,3.1798022061355407,2.4726216664501623,3.0039001840029145,-0.3392416292133533,1.8302714548547527,0.2097917926435246,2.500263144082824
33.0,84.0,1000.5545654296876,-4.38181940135786,-3.791778717614967,1.7133452660411914,3.1798834200527764,2.472621719232274,3.004000259190106,-0.3392341091442605,1.8302718574324064,0.2097917917965219,2.5002640742615
33.0,84.0,1000.5545654296876,-4.38181940135786,-3.791778717614967,1.713345229040182,3.1798778808577515,2.472621719232274,3.004000259190106,-0.3392422490872316,1.830271857433804,0.2097918000458286,2.500264281839149
33.0,84.0,1000.5545654296876,-4.38181940135786,-3.791778721681743,1.713440484903712,3.179802145552504,2.4726218173621684,3.0039965346302515,-0.3392578055523292,1.8302714565687408,0.2097682547362396,2.5002640547246995
33.0,84.0,1000.5545654296876,-4.38181940135786,-3.7917787221021166,1.7133452295009015,3.179801873298737,2.472621719232274,3.0039965122418546,-0.3392573633270949,1.830271456002135,0.2097915509626293,2.5002640742615
33.0,84.0,1000.5545654296876,-4.38181940135786,-3.7917787221021166,1.7133452295009015,3.1798018694499355,2.4726218125881387,3.003996534180529,-0.3392573633270949,1.830271456002135,0.2097915509626293,2.5002640742615
33.0,84.0,1000.5545654296876,-4.38181940135786,-3.791778717614967,1.7133436028975917,3.1798834200527764,2.472621719232274,3.004000259190106,-0.3392343016983517,1.8302718557878503,0.2097917916765519,2.5002640742615
33.0,84.0,1000.5545654296876,-4.38181940135786,-3.791778717614967,1.713345229040182,3.17980150006479,2.472621717916688,3.004000259190106,-0.3392422490872316,1.8302714638848447,0.2097918000458286,2.500264054396601
33.0,84.0,1000.5545654296876,-4.38181940135786,-3.791778721681888,1.7133446521999072,3.1798044447737386,2.4726218169564365,3.00399746451537,-0.3392572090236568,1.830271468091065,0.2097894983778372,2.5002640547009376
33.0,84.0,1000.5545654296876,-4.38181940135786,-3.791778721681743,1.713344760774416,3.1798021350220065,2.472621723992829,3.0039965126915766,-0.3392578055523292,1.8302714565687408,0.2097991623499903,2.5002640547246995
33.0,84.0,1000.5545654296876,-4.38181940135786,-3.791778721677433,1.713344656554968,3.179886191366819,2.472621784696724,3.003997378683364,-0.3391775923619651,1.8302718588923617,0.2097917926807147,2.500264054701693
33.0,84.0,1000.5545654296876,-4.38181940135786,-3.791778717614967,1.7133452680809684,3.1798834200527764,2.472621719232274,3.004000259190106,-0.3392341091442605,1.8302718574324064,0.2097918060537647,2.5002640742615
33.0,84.0,1000.5545654296876,-4.38181940135786,-3.791778629792618,1.7133401668706494,3.1798022061355407,2.4726216664501623,3.0039001840029145,-0.3392416292133533,1.830271861396257,0.20979179283015,2.5002631519857026
33.0,84.0,1000.5545654296876,-4.38181940135786,-3.791778721552329,1.7133452670105025,3.179804251060529,2.4726217842313343,3.004000235576249,-0.3392340638313668,1.8302718567106755,0.2097986438074211,2.500264054578983
33.0,84.0,1000.5545654296876,-4.38181940135786,-3.791778717868613,1.7133435679363591,3.1798042911051736,2.472621719232274,3.004000259190106,-0.3392424416413228,1.830271855747868,0.2097911725676894,2.500264223828133
33.0,84.0,1000.5545654296876,-4.38181940135786,-3.7917787176076017,1.7133452670105025,3.179883420891997,2.4726217134741053,3.004000235576249,-0.3392340350590061,1.8302718557535589,0.2097922821456871,2.500264054580893
33.0,84.0,1000.5545654296876,-4.38181940135786,-3.79177872154864,1.7133452670105025,3.179804251060529,2.472621784242065,3.004000235576249,-0.3392343378613049,1.8302718567106755,0.2097986438074211,2.500264054578983
33.0,84.0,1000.5545654296876,-4.38181940135786,-3.7917787202647135,1.713343563844967,3.178471217081286,2.472621717425179,3.00399746451537,-0.3392778500766937,1.830271468091065,0.2097896436960042,2.500263155774835
33.0,84.0,1000.5545654296876,-4.38181940135786,-3.791778717614967,1.7133369360332389,3.1798834200527764,2.4726217212991664,3.004000259190106,-0.3392342894904102,1.830271850411358,0.2097917848115959,2.5002640742615
33.0,84.0,1000.5545654296876,-4.38181940135786,-3.7917787220319576,1.7134440861572773,3.17980150466134,2.4726218192407505,3.0039965346302515,-0.3392575317604995,1.8302714564673628,0.2097672883085556,2.500264054394441
33.0,84.0,1000.5545654296876,-4.38181940135786,-3.791778717617425,1.7133452286141877,3.1798052203261875,2.472621724428355,3.004000235576249,-0.3392430902736479,1.8302718567007827,0.2097922821456871,2.500264054580893
33.0,84.0,1000.5545654296876,-4.38181940135786,-3.791778721677572,1.7133401819610856,3.179801875439157,2.4726216664501623,3.003900349556321,-0.3392416292133533,1.8302714548724384,0.2097917926435246,2.5002631462150755
33.0,84.0,1000.5545654296876,-4.38181940135786,-3.7917787175848736,1.7133435332433034,3.178458438648363,2.472621719091056,3.00390573129797,-0.3392422490872316,1.830271856549688,0.2097919142186904,2.500264281839149
33.0,84.0,1000.5545654296876,-4.38181940135786,-3.791778722088148,1.7133452660411914,3.179801873298737,2.472621719232274,3.0039965094166057,-0.3392573633270949,1.8302714191936988,0.2097915360517686,2.50026405566743
33.0,84.0,1000.5545654296876,-4.38181940135786,-3.791778717875703,1.7133435099391707,3.1798042911051736,2.472621718371523,3.004000259190106,-0.3392424412085851,1.8302718555969075,0.2097911802338755,2.500264223828133
33.0,84.0,1000.5545654296876,-4.38181940135786,-3.791778721677433,1.7133446521999072,3.1798045372306523,2.4726217847108107,3.003997378683364,-0.3391762926442491,1.8302718487361025,0.2097917317747215,2.50026405530636
33.0,85.0,1000.5542602539062,-4.38181940135786,-3.791410647088578,1.7133437300525232,3.179836915076476,2.472621786136348,3.003906383483674,-0.3392415556393657,1.830271450944961,0.20979179676168,2.500263143834757
33.0,85.0,1000.5542602539062,-4.38181940135786,-3.7914131595763294,1.713344756702286,3.179834656246138,2.4726218162105047,3.003995307003598,-0.3392578055523292,1.8302714565687408,0.2097991623499903,2.500263920950073
33.0,85.0,1000.5542602539062,-4.38181940135786,-3.7914178709014426,1.7133447612296704,3.1798819540494248,2.472621720053326,3.004000259190106,-0.3392341091442605,1.8302718294642144,0.2097990654518765,2.5002640742615
33.0,85.0,1000.5542602539062,-4.38181940135786,-3.791410065492028,1.713345282909266,3.1798374003950243,2.4726217842313343,3.0040010128887644,-0.3392340638313668,1.8302718567106755,0.2097986438074211,2.500264054578983
33.0,85.0,1000.5545654296876,-4.38181940135786,-3.791778717614967,1.7133452660411914,3.1798834200527764,2.472621719232274,3.004000259190106,-0.3392341091442605,1.8302718574324064,0.2097917917965219,2.5002640742615
33.0,85.0,1000.5545654296876,-4.38181940135786,-3.791778721681743,1.713344760774416,3.1798021311732048,2.4726218173486942,3.0039965346302515,-0.3392578055523292,1.8302714565687408,0.2097991623499903,2.5002640547246995
33.0,85.0,1000.5545654296876,-4.38181940135786,-3.791778717614967,1.7133446565611556,3.1798834200527764,2.472621784531815,3.004000259190106,-0.3392416292133533,1.8302718574324064,0.2097917917965219,2.5002640742615
33.0,85.0,1000.5545654296876,-4.38181940135786,-3.79177862749924,1.7133437300525232,3.178492344214613,2.4726217190834974,3.003906383483674,-0.3392795749670514,1.8302718566036127,0.209791303311356,2.500263151737636
33.0,85.0,1000.5545654296876,-4.38181940135786,-3.791778717614967,1.7133452660411914,3.1798834200527764,2.472621719232274,3.004000259190106,-0.3392341091442605,1.8302718574324064,0.2097917917965219,2.5002640742615
33.0,85.0,1000.5545654296876,-4.38181940135786,-3.791778721677572,1.713344652444897,3.1798022061355407,2.472621784531815,3.004000259190106,-0.3392416292133533,1.8302714548547527,0.2097917926435246,2.5002640541172862
33.0,85.0,1000.5545654296876,-4.38181940135786,-3.791778717614967,1.7133435679363591,3.1798016459295995,2.472621719232274,3.004000259190106,-0.3392424416413228,1.830271855747868,0.2097911725676894,2.5002584818055364
33.0,85.0,1000.5545654296876,-4.38181940135786,-3.79177862749924,1.7133437300525232,3.179836915076476,2.472621786136348,3.003906383483674,-0.3392415556393657,1.8302718574864647,0.2097917969483054,2.500263151737636
33.0,85.0,1000.5545654296876,-4.38181940135786,-3.791778717614967,1.7133452660411914,3.1798834200527764,2.472621719232274,3.004000259190106,-0.3392341091442605,1.8302718574324064,0.2097917917965219,2.5002640742615
33.0,85.0,1000.5545654296876,-4.38181940135786,-3.791778721677433,1.7133446522144715,3.179804444312972,2.4726217847031995,3.004000260477956,-0.3392387355743737,1.8302718488636864,0.2097917926435246,2.5002640547017405
33.0,85.0,1000.5545654296876,-4.38181940135786,-3.79177862749924,1.7133435698353736,3.178492344214613,2.4726217190834974,3.003906383483674,-0.3392795749670514,1.8302718566036127,0.2098032049299808,2.500263151737636
33.0,85.0,1000.5545654296876,-4.38181940135786,-3.791778717614967,1.7133446565611556,3.1798834200527764,2.472621784531815,3.004000259190106,-0.3392416292133533,1.8302718574324064,0.2097917917965219,2.5002640742615
33.0,85.0,1000.5545654296876,-4.38181940135786,-3.791778717614967,1.7133436049373685,3.1798834200527764,2.472621719232274,3.004000259190106,-0.3392343016983517,1.8302718557878503,0.2097918059337947,2.5002640742615
33.0,85.0,1000.5545654296876,-4.381819401384643,-3.7917783465398,1.7134491455343146,3.178401157506467,2.472621666786125,3.0039059468290943,-0.3392769780192204,1.8302719062969333,0.2098030366819888,2.5002631650801668
33.0,85.0,1000.5545654296876,-4.38181940135786,-3.7917787221021166,1.7133452660411914,3.179801873298737,2.472621719232274,3.0039965122418546,-0.3392573633270949,1.830271456002135,0.2097915509626293,2.5002640742615
33.0,85.0,1000.5545654296876,-4.38181940135786,-3.791778717614967,1.713345229040182,3.1798016459295995,2.472621719232274,3.004000259190106,-0.3392422490872316,1.830271857392423,0.2097911584304166,2.5002584818055364
33.0,85.0,1000.5545654296876,-4.38181940135786,-3.791778721677433,1.7133446521999072,3.1798044447737386,2.4726217847031995,3.003997378683364,-0.3391762926442491,1.8302718487847944,0.2097917926435246,2.500264054701693
33.0,85.0,1000.5545654296876,-4.38181940135786,-3.791778722111451,1.7133451783658054,3.179883420891997,2.4726217842313343,3.004000235576249,-0.3392340350590061,1.8302718567106755,0.2097922821456871,2.5002640547246995
33.0,85.0,1000.5545654296876,-4.38181940135786,-3.791778717614967,1.7133446565611556,3.1798834200527764,2.472621784725886,3.0040002604847493,-0.3392387452673059,1.830271848633556,0.2097917926018591,2.5002640742615
33.0,85.0,1000.5545654296876,-4.381819401384211,-3.7917783465398,1.7133369719162257,3.178401157506467,2.472621663648458,3.0039059468290943,-0.3392774955153623,1.830271850273791,0.2097919590510404,2.500263170206264
33.0,85.0,1000.5545654296876,-4.38181940135786,-3.791778721677433,1.7133446521999072,3.179806568384756,2.4726217847108107,3.003997378683364,-0.3391762926442491,1.8302718487847944,0.2097931668230735,2.500264054701693
33.0,85.0,1000.5545654296876,-4.38181940135786,-3.791778717360524,1.7133452670105025,3.179883420891997,2.4726217842313343,3.004000235576249,-0.3392340350590061,1.8302718567106755,0.2097922821456871,2.500264054580893
33.0,85.0,1000.5545654296876,-4.38181940135786,-3.791778721677572,1.7133401668706494,3.1798022061355407,2.4726216664501623,3.0039001840029145,-0.3392416292133533,1.8302714548547527,0.2097917926435246,2.500263144082824
33.0,85.0,1000.5545654296876,-4.38181940135786,-3.791778717614967,1.7133452660411914,3.1798834200527764,2.472621719232274,3.004000259190106,-0.3392341091442605,1.8302718574324064,0.2097917917965219,2.5002640742615
33.0,85.0,1000.5545654296876,-4.38181940135786,-3.791778717614967,1.713345229040182,3.1798778808577515,2.472621719232274,3.004000259190106,-0.3392422490872316,1.830271857433804,0.2097918000458286,2.500264281839149
33.0,85.0,1000.5545654296876,-4.38181940135786,-3.791778721681743,1.713440484903712,3.179802145552504,2.4726218173621684,3.0039965346302515,-0.3392578055523292,1.8302714565687408,0.2097682547362396,2.5002640547246995
33.0,85.0,1000.5545654296876,-4.38181940135786,-3.7917787221021166,1.7133452295009015,3.179801873298737,2.472621719232274,3.0039965122418546,-0.3392573633270949,1.830271456002135,0.2097915509626293,2.5002640742615
33.0,85.0,1000.5545654296876,-4.38181940135786,-3.7917787221021166,1.7133452295009015,3.1798018694499355,2.4726218125881387,3.003996534180529,-0.3392573633270949,1.830271456002135,0.2097915509626293,2.5002640742615
33.0,85.0,1000.5545654296876,-4.38181940135786,-3.791778717614967,1.7133436028975917,3.1798834200527764,2.472621719232274,3.004000259190106,-0.3392343016983517,1.8302718557878503,0.2097917916765519,2.5002640742615
33.0,85.0,1000.5545654296876,-4.38181940135786,-3.791778717614967,1.713345229040182,3.17980150006479,2.472621717916688,3.004000259190106,-0.3392422490872316,1.8302714638848447,0.2097918000458286,2.500264054396601
33.0,85.0,1000.5545654296876,-4.38181940135786,-3.791778721681888,1.7133446521999072,3.1798044447737386,2.4726218169564365,3.00399746451537,-0.3392572090236568,1.830271468091065,0.2097894983778372,2.5002640547009376
33.0,85.0,1000.5545654296876,-4.38181940135786,-3.791778721681743,1.713344760774416,3.1798021350220065,2.472621723992829,3.0039965126915766,-0.3392578055523292,1.8302714565687408,0.2097991623499903,2.5002640547246995
33.0,85.0,1000.5545654296876,-4.38181940135786,-3.791778721677433,1.713344656554968,3.179886191366819,2.472621784696724,3.003997378683364,-0.3391775923619651,1.8302718588923617,0.2097917926807147,2.500264054701693
33.0,85.0,1000.5545654296876,-4.38181940135786,-3.791778717614967,1.7133452680809684,3.1798834200527764,2.472621719232274,3.004000259190106,-0.3392341091442605,1.8302718574324064,0.2097918060537647,2.5002640742615
33.0,85.0,1000.5545654296876,-4.38181940135786,-3.791778629792618,1.7133401668706494,3.1798022061355407,2.4726216664501623,3.0039001840029145,-0.3392416292133533,1.830271861396257,0.20979179283015,2.5002631519857026
33.0,85.0,1000.5545654296876,-4.38181940135786,-3.791778721552329,1.7133452670105025,3.179804251060529,2.4726217842313343,3.004000235576249,-0.3392340638313668,1.8302718567106755,0.2097986438074211,2.500264054578983
33.0,85.0,1000.5545654296876,-4.38181940135786,-3.791778717868613,1.7133435679363591,3.1798042911051736,2.472621719232274,3.004000259190106,-0.3392424416413228,1.830271855747868,0.2097911725676894,2.500264223828133
33.0,85.0,1000.5545654296876,-4.38181940135786,-3.7917787176076017,1.7133452670105025,3.179883420891997,2.4726217134741053,3.004000235576249,-0.3392340350590061,1.8302718557535589,0.2097922821456871,2.500264054580893
33.0,85.0,1000.5545654296876,-4.38181940135786,-3.79177872154864,1.7133452670105025,3.179804251060529,2.472621784242065,3.004000235576249,-0.3392343378613049,1.8302718567106755,0.2097986438074211,2.500264054578983
33.0,85.0,1000.5545654296876,-4.38181940135786,-3.7917787202647135,1.713343563844967,3.178471217081286,2.472621717425179,3.00399746451537,-0.3392778500766937,1.830271468091065,0.2097896436960042,2.500263155774835
33.0,85.0,1000.5545654296876,-4.38181940135786,-3.791778717614967,1.7133369360332389,3.1798834200527764,2.4726217212991664,3.004000259190106,-0.3392342894904102,1.830271850411358,0.2097917848115959,2.5002640742615
33.0,85.0,1000.5545654296876,-4.38181940135786,-3.7917787220319576,1.7134440861572773,3.17980150466134,2.4726218192407505,3.0039965346302515,-0.3392575317604995,1.8302714564673628,0.2097672883085556,2.500264054394441
33.0,85.0,1000.5545654296876,-4.38181940135786,-3.791778717617425,1.7133452286141877,3.1798052203261875,2.472621724428355,3.004000235576249,-0.3392430902736479,1.8302718567007827,0.2097922821456871,2.500264054580893
33.0,85.0,1000.5545654296876,-4.38181940135786,-3.791778721677572,1.7133401819610856,3.179801875439157,2.4726216664501623,3.003900349556321,-0.3392416292133533,1.8302714548724384,0.2097917926435246,2.5002631462150755
33.0,85.0,1000.5545654296876,-4.38181940135786,-3.7917787175848736,1.7133435332433034,3.178458438648363,2.472621719091056,3.00390573129797,-0.3392422490872316,1.830271856549688,0.2097919142186904,2.500264281839149
33.0,85.0,1000.5545654296876,-4.38181940135786,-3.791778722088148,1.7133452660411914,3.179801873298737,2.472621719232274,3.0039965094166057,-0.3392573633270949,1.8302714191936988,0.2097915360517686,2.50026405566743
33.0,86.0,1000.5542602539062,-4.38181940135786,-3.791410647088578,1.7133437300525232,3.179836915076476,2.472621786136348,3.003906383483674,-0.3392415556393657,1.830271450944961,0.20979179676168,2.500263143834757
33.0,86.0,1000.5542602539062,-4.38181940135786,-3.7914131595763294,1.713344756702286,3.179834656246138,2.4726218162105047,3.003995307003598,-0.3392578055523292,1.8302714565687408,0.2097991623499903,2.500263920950073
33.0,86.0,1000.5542602539062,-4.38181940135786,-3.7914178709014426,1.7133447612296704,3.1798819540494248,2.472621720053326,3.004000259190106,-0.3392341091442605,1.8302718294642144,0.2097990654518765,2.5002640742615
33.0,86.0,1000.5542602539062,-4.38181940135786,-3.791410065492028,1.713345282909266,3.1798374003950243,2.4726217842313343,3.0040010128887644,-0.3392340638313668,1.8302718567106755,0.2097986438074211,2.500264054578983
33.0,86.0,1000.5542602539062,-4.38181940135786,-3.7914131536983766,1.7133447612296704,3.1798819540494248,2.472621720053326,3.004000271921328,-0.3392341091442605,1.8302718294642144,0.2097990654518765,2.5002640742615
33.0,86.0,1000.5542602539062,-4.38181940135786,-3.7914178709014426,1.713344650939414,3.1798817675102704,2.472621720053326,3.004000255728014,-0.3392341091442605,1.8302718294642144,0.2097990698988821,2.5002640742615
33.0,86.0,1000.5542602539062,-4.38181940135786,-3.791412896510258,1.713345282909266,3.1798374003950243,2.4726217842313343,3.0040016420876454,-0.339240702332621,1.8302718567106755,0.2097984722528477,2.5002632360729624
33.0,86.0,1000.5542602539062,-4.38181940135786,-3.791410647088578,1.7134408171121722,3.179803446952878,2.472621786136348,3.003906383483674,-0.3392415556393657,1.830271450792125,0.2097667491870257,2.5002630916363096
33.0,86.0,1000.5545654296876,-4.38181940135786,-3.791778717614967,1.7133452660411914,3.1798834200527764,2.472621719232274,3.004000259190106,-0.3392341091442605,1.8302718574324064,0.2097917917965219,2.5002640742615
33.0,86.0,1000.5545654296876,-4.38181940135786,-3.791778721681743,1.713344760774416,3.1798021311732048,2.4726218173486942,3.0039965346302515,-0.3392578055523292,1.8302714565687408,0.2097991623499903,2.5002640547246995
33.0,86.0,1000.5545654296876,-4.38181940135786,-3.791778717614967,1.7133446565611556,3.1798834200527764,2.472621784531815,3.004000259190106,-0.3392416292133533,1.8302718574324064,0.2097917917965219,2.5002640742615
33.0,86.0,1000.5545654296876,-4.38181940135786,-3.79177862749924,1.7133437300525232,3.178492344214613,2.4726217190834974,3.003906383483674,-0.3392795749670514,1.8302718566036127,0.209791303311356,2.500263151737636
33.0,86.0,1000.5545654296876,-4.38181940135786,-3.791778717614967,1.7133452660411914,3.1798834200527764,2.472621719232274,3.004000259190106,-0.3392341091442605,1.8302718574324064,0.2097917917965219,2.5002640742615
33.0,86.0,1000.5545654296876,-4.38181940135786,-3.791778721677572,1.713344652444897,3.1798022061355407,2.472621784531815,3.004000259190106,-0.3392416292133533,1.8302714548547527,0.2097917926435246,2.5002640541172862
33.0,86.0,1000.5545654296876,-4.38181940135786,-3.791778717614967,1.7133435679363591,3.1798016459295995,2.472621719232274,3.004000259190106,-0.3392424416413228,1.830271855747868,0.2097911725676894,2.5002584818055364
33.0,86.0,1000.5545654296876,-4.38181940135786,-3.79177862749924,1.7133437300525232,3.179836915076476,2.472621786136348,3.003906383483674,-0.3392415556393657,1.8302718574864647,0.2097917969483054,2.500263151737636
33.0,86.0,1000.5545654296876,-4.38181940135786,-3.791778717614967,1.7133452660411914,3.1798834200527764,2.472621719232274,3.004000259190106,-0.3392341091442605,1.8302718574324064,0.2097917917965219,2.5002640742615
33.0,86.0,1000.5545654296876,-4.38181940135786,-3.791778721677433,1.7133446522144715,3.179804444312972,2.4726217847031995,3.004000260477956,-0.3392387355743737,1.8302718488636864,0.2097917926435246,2.5002640547017405
33.0,86.0,1000.5545654296876,-4.38181940135786,-3.79177862749924,1.7133435698353736,3.178492344214613,2.4726217190834974,3.003906383483674,-0.3392795749670514,1.8302718566036127,0.2098032049299808,2.500263151737636
33.0,86.0,1000.5545654296876,-4.38181940135786,-3.791778717614967,1.7133446565611556,3.1798834200527764,2.472621784531815,3.004000259190106,-0.3392416292133533,1.8302718574324064,0.2097917917965219,2.5002640742615
33.0,86.0,1000.5545654296876,-4.38181940135786,-3.791778717614967,1.7133436049373685,3.1798834200527764,2.472621719232274,3.004000259190106,-0.3392343016983517,1.8302718557878503,0.2097918059337947,2.5002640742615
33.0,86.0,1000.5545654296876,-4.381819401384643,-3.7917783465398,1.7134491455343146,3.178401157506467,2.472621666786125,3.0039059468290943,-0.3392769780192204,1.8302719062969333,0.2098030366819888,2.5002631650801668
33.0,86.0,1000.5545654296876,-4.38181940135786,-3.7917787221021166,1.7133452660411914,3.179801873298737,2.472621719232274,3.0039965122418546,-0.3392573633270949,1.830271456002135,0.2097915509626293,2.5002640742615
33.0,86.0,1000.5545654296876,-4.38181940135786,-3.791778717614967,1.713345229040182,3.1798016459295995,2.472621719232274,3.004000259190106,-0.3392422490872316,1.830271857392423,0.2097911584304166,2.5002584818055364
33.0,86.0,1000.5545654296876,-4.38181940135786,-3.791778721677433,1.7133446521999072,3.1798044447737386,2.4726217847031995,3.003997378683364,-0.3391762926442491,1.8302718487847944,0.2097917926435246,2.500264054701693
33.0,86.0,1000.5545654296876,-4.38181940135786,-3.791778722111451,1.7133451783658054,3.179883420891997,2.4726217842313343,3.004000235576249,-0.3392340350590061,1.8302718567106755,0.2097922821456871,2.5002640547246995
33.0,86.0,1000.5545654296876,-4.38181940135786,-3.791778717614967,1.7133446565611556,3.1798834200527764,2.472621784725886,3.0040002604847493,-0.3392387452673059,1.830271848633556,0.2097917926018591,2.5002640742615
33.0,86.0,1000.5545654296876,-4.381819401384211,-3.7917783465398,1.7133369719162257,3.178401157506467,2.472621663648458,3.0039059468290943,-0.3392774955153623,1.830271850273791,0.2097919590510404,2.500263170206264
33.0,86.0,1000.5545654296876,-4.38181940135786,-3.791778721677433,1.7133446521999072,3.179806568384756,2.4726217847108107,3.003997378683364,-0.3391762926442491,1.8302718487847944,0.2097931668230735,2.500264054701693
33.0,86.0,1000.5545654296876,-4.38181940135786,-3.791778717360524,1.7133452670105025,3.179883420891997,2.4726217842313343,3.004000235576249,-0.3392340350590061,1.8302718567106755,0.2097922821456871,2.500264054580893
33.0,86.0,1000.5545654296876,-4.38181940135786,-3.791778721677572,1.7133401668706494,3.1798022061355407,2.4726216664501623,3.0039001840029145,-0.3392416292133533,1.8302714548547527,0.2097917926435246,2.500263144082824
33.0,86.0,1000.5545654296876,-4.38181940135786,-3.791778717614967,1.7133452660411914,3.1798834200527764,2.472621719232274,3.004000259190106,-0.3392341091442605,1.8302718574324064,0.2097917917965219,2.5002640742615
33.0,86.0,1000.5545654296876,-4.38181940135786,-3.791778717614967,1.713345229040182,3.1798778808577515,2.472621719232274,3.004000259190106,-0.3392422490872316,1.830271857433804,0.2097918000458286,2.500264281839149
33.0,86.0,1000.5545654296876,-4.38181940135786,-3.791778721681743,1.713440484903712,3.179802145552504,2.4726218173621684,3.0039965346302515,-0.3392578055523292,1.8302714565687408,0.2097682547362396,2.5002640547246995
33.0,86.0,1000.5545654296876,-4.38181940135786,-3.7917787221021166,1.7133452295009015,3.179801873298737,2.472621719232274,3.0039965122418546,-0.3392573633270949,1.830271456002135,0.2097915509626293,2.5002640742615
33.0,86.0,1000.5545654296876,-4.38181940135786,-3.7917787221021166,1.7133452295009015,3.1798018694499355,2.4726218125881387,3.003996534180529,-0.3392573633270949,1.830271456002135,0.2097915509626293,2.5002640742615
33.0,86.0,1000.5545654296876,-4.38181940135786,-3.791778717614967,1.7133436028975917,3.1798834200527764,2.472621719232274,3.004000259190106,-0.3392343016983517,1.8302718557878503,0.2097917916765519,2.5002640742615
33.0,86.0,1000.5545654296876,-4.38181940135786,-3.791778717614967,1.713345229040182,3.17980150006479,2.472621717916688,3.004000259190106,-0.3392422490872316,1.8302714638848447,0.2097918000458286,2.500264054396601
33.0,86.0,1000.5545654296876,-4.38181940135786,-3.791778721681888,1.7133446521999072,3.1798044447737386,2.4726218169564365,3.00399746451537,-0.3392572090236568,1.830271468091065,0.2097894983778372,2.5002640547009376
33.0,86.0,1000.5545654296876,-4.38181940135786,-3.791778721681743,1.713344760774416,3.1798021350220065,2.472621723992829,3.0039965126915766,-0.3392578055523292,1.8302714565687408,0.2097991623499903,2.5002640547246995
33.0,86.0,1000.5545654296876,-4.38181940135786,-3.791778721677433,1.713344656554968,3.179886191366819,2.472621784696724,3.003997378683364,-0.3391775923619651,1.8302718588923617,0.2097917926807147,2.500264054701693
33.0,86.0,1000.5545654296876,-4.38181940135786,-3.791778717614967,1.7133452680809684,3.1798834200527764,2.472621719232274,3.004000259190106,-0.3392341091442605,1.8302718574324064,0.2097918060537647,2.5002640742615
33.0,86.0,1000.5545654296876,-4.38181940135786,-3.791778629792618,1.7133401668706494,3.1798022061355407,2.4726216664501623,3.0039001840029145,-0.3392416292133533,1.830271861396257,0.20979179283015,2.5002631519857026
33.0,86.0,1000.5545654296876,-4.38181940135786,-3.791778721552329,1.7133452670105025,3.179804251060529,2.4726217842313343,3.004000235576249,-0.3392340638313668,1.8302718567106755,0.2097986438074211,2.500264054578983
33.0,86.0,1000.5545654296876,-4.38181940135786,-3.791778717868613,1.7133435679363591,3.1798042911051736,2.472621719232274,3.004000259190106,-0.3392424416413228,1.830271855747868,0.2097911725676894,2.500264223828133
33.0,86.0,1000.5545654296876,-4.38181940135786,-3.7917787176076017,1.7133452670105025,3.179883420891997,2.4726217134741053,3.004000235576249,-0.3392340350590061,1.8302718557535589,0.2097922821456871,2.500264054580893
33.0,86.0,1000.5545654296876,-4.38181940135786,-3.79177872154864,1.7133452670105025,3.179804251060529,2.472621784242065,3.004000235576249,-0.3392343378613049,1.8302718567106755,0.2097986438074211,2.500264054578983
33.0,86.0,1000.5545654296876,-4.38181940135786,-3.7917787202647135,1.713343563844967,3.178471217081286,2.472621717425179,3.00399746451537,-0.3392778500766937,1.830271468091065,0.2097896436960042,2.500263155774835
33.0,86.0,1000.5545654296876,-4.38181940135786,-3.791778717614967,1.7133369360332389,3.1798834200527764,2.4726217212991664,3.004000259190106,-0.3392342894904102,1.830271850411358,0.2097917848115959,2.5002640742615
33.0,86.0,1000.5545654296876,-4.38181940135786,-3.7917787220319576,1.7134440861572773,3.17980150466134,2.4726218192407505,3.0039965346302515,-0.3392575317604995,1.8302714564673628,0.2097672883085556,2.500264054394441
33.0,87.0,1000.5542602539062,-4.38181940135786,-3.791410647088578,1.7133437300525232,3.179836915076476,2.472621786136348,3.003906383483674,-0.3392415556393657,1.830271450944961,0.20979179676168,2.500263143834757
33.0,87.0,1000.5542602539062,-4.38181940135786,-3.7914131595763294,1.713344756702286,3.179834656246138,2.4726218162105047,3.003995307003598,-0.3392578055523292,1.8302714565687408,0.2097991623499903,2.500263920950073
33.0,87.0,1000.5542602539062,-4.38181940135786,-3.7914178709014426,1.7133447612296704,3.1798819540494248,2.472621720053326,3.004000259190106,-0.3392341091442605,1.8302718294642144,0.2097990654518765,2.5002640742615
33.0,87.0,1000.5542602539062,-4.38181940135786,-3.791410065492028,1.713345282909266,3.1798374003950243,2.4726217842313343,3.0040010128887644,-0.3392340638313668,1.8302718567106755,0.2097986438074211,2.500264054578983
33.0,87.0,1000.5542602539062,-4.38181940135786,-3.7914131536983766,1.7133447612296704,3.1798819540494248,2.472621720053326,3.004000271921328,-0.3392341091442605,1.8302718294642144,0.2097990654518765,2.5002640742615
33.0,87.0,1000.5542602539062,-4.38181940135786,-3.7914178709014426,1.713344650939414,3.1798817675102704,2.472621720053326,3.004000255728014,-0.3392341091442605,1.8302718294642144,0.2097990698988821,2.5002640742615
33.0,87.0,1000.5542602539062,-4.38181940135786,-3.791412896510258,1.713345282909266,3.1798374003950243,2.4726217842313343,3.0040016420876454,-0.339240702332621,1.8302718567106755,0.2097984722528477,2.5002632360729624
33.0,87.0,1000.5542602539062,-4.38181940135786,-3.791410647088578,1.7134408171121722,3.179803446952878,2.472621786136348,3.003906383483674,-0.3392415556393657,1.830271450792125,0.2097667491870257,2.5002630916363096
33.0,87.0,1000.5542602539062,-4.38181940135786,-3.791412896510258,1.7133452670709255,3.1798021403481007,2.472621818556161,3.0040016420876454,-0.3392403894079505,1.8302718503793505,0.2097984722528477,2.500264094993965
33.0,87.0,1000.5542602539062,-4.38181940135786,-3.791410647088578,1.7133437300525232,3.179836915076476,2.472621786136348,3.003906383483674,-0.3392415556393657,1.830271450944961,0.20979179676168,2.500264107828256
33.0,87.0,1000.5542602539062,-4.38181940135786,-3.791410647088578,1.713443379854418,3.1798377217878966,2.4726217860105204,3.003906383483674,-0.3392415556393657,1.8302718350428768,0.2097667491870257,2.5002630916363096
33.0,87.0,1000.5542602539062,-4.38181940135786,-3.791410647088578,1.7133438402144991,3.179804302775334,2.472621786136348,3.0040002641717227,-0.3392415637161292,1.8302718529820496,0.2097681798996036,2.5002630916363096
33.0,87.0,1000.5542602539062,-4.38181940135786,-3.791412896510258,1.7133452734463526,3.1798374003950243,2.4726217846914285,3.0040016420876454,-0.339240702332621,1.8302718564023848,0.2097984722528477,2.5002632360729624
33.0,87.0,1000.5542602539062,-4.38181940135786,-3.7913996490447657,1.713344650939414,3.1798817675102704,2.4726217200763774,3.004000255728014,-0.3392344049277027,1.8302718294642144,0.2097989404125504,2.500264147221157
33.0,87.0,1000.5542602539062,-4.38181940135786,-3.791403087438392,1.7133447600533094,3.179883414434586,2.472621720053326,3.004000259190106,-0.3392341091442605,1.8302718294642144,0.2097990654518765,2.5002640742615
33.0,87.0,1000.5545654296876,-4.38181940135786,-3.791778717614967,1.7133452660411914,3.1798834200527764,2.472621719232274,3.004000259190106,-0.3392341091442605,1.8302718574324064,0.2097917917965219,2.5002640742615
33.0,87.0,1000.5545654296876,-4.38181940135786,-3.791778721681743,1.713344760774416,3.1798021311732048,2.4726218173486942,3.0039965346302515,-0.3392578055523292,1.8302714565687408,0.2097991623499903,2.5002640547246995
33.0,87.0,1000.5545654296876,-4.38181940135786,-3.791778717614967,1.7133446565611556,3.1798834200527764,2.472621784531815,3.004000259190106,-0.3392416292133533,1.8302718574324064,0.2097917917965219,2.5002640742615
33.0,87.0,1000.5545654296876,-4.38181940135786,-3.79177862749924,1.7133437300525232,3.178492344214613,2.4726217190834974,3.003906383483674,-0.3392795749670514,1.8302718566036127,0.209791303311356,2.500263151737636
33.0,87.0,1000.5545654296876,-4.38181940135786,-3.791778717614967,1.7133452660411914,3.1798834200527764,2.472621719232274,3.004000259190106,-0.3392341091442605,1.8302718574324064,0.2097917917965219,2.5002640742615
33.0,87.0,1000.5545654296876,-4.38181940135786,-3.791778721677572,1.713344652444897,3.1798022061355407,2.472621784531815,3.004000259190106,-0.3392416292133533,1.8302714548547527,0.2097917926435246,2.5002640541172862
33.0,87.0,1000.5545654296876,-4.38181940135786,-3.791778717614967,1.7133435679363591,3.1798016459295995,2.472621719232274,3.004000259190106,-0.3392424416413228,1.830271855747868,0.2097911725676894,2.5002584818055364
33.0,87.0,1000.5545654296876,-4.38181940135786,-3.79177862749924,1.7133437300525232,3.179836915076476,2.472621786136348,3.003906383483674,-0.3392415556393657,1.8302718574864647,0.2097917969483054,2.500263151737636
33.0,87.0,1000.5545654296876,-4.38181940135786,-3.791778717614967,1.7133452660411914,3.1798834200527764,2.472621719232274,3.004000259190106,-0.3392341091442605,1.8302718574324064,0.2097917917965219,2.5002640742615
33.0,87.0,1000.5545654296876,-4.38181940135786,-3.791778721677433,1.7133446522144715,3.179804444312972,2.4726217847031995,3.004000260477956,-0.3392387355743737,1.8302718488636864,0.2097917926435246,2.5002640547017405
33.0,87.0,1000.5545654296876,-4.38181940135786,-3.79177862749924,1.7133435698353736,3.178492344214613,2.4726217190834974,3.003906383483674,-0.3392795749670514,1.8302718566036127,0.2098032049299808,2.500263151737636
33.0,87.0,1000.5545654296876,-4.38181940135786,-3.791778717614967,1.7133446565611556,3.1798834200527764,2.472621784531815,3.004000259190106,-0.3392416292133533,1.8302718574324064,0.2097917917965219,2.5002640742615
33.0,87.0,1000.5545654296876,-4.38181940135786,-3.791778717614967,1.7133436049373685,3.1798834200527764,2.472621719232274,3.004000259190106,-0.3392343016983517,1.8302718557878503,0.2097918059337947,2.5002640742615
33.0,87.0,1000.5545654296876,-4.381819401384643,-3.7917783465398,1.7134491455343146,3.178401157506467,2.472621666786125,3.0039059468290943,-0.3392769780192204,1.8302719062969333,0.2098030366819888,2.5002631650801668
33.0,87.0,1000.5545654296876,-4.38181940135786,-3.7917787221021166,1.7133452660411914,3.179801873298737,2.472621719232274,3.0039965122418546,-0.3392573633270949,1.830271456002135,0.2097915509626293,2.5002640742615
33.0,87.0,1000.5545654296876,-4.38181940135786,-3.791778717614967,1.713345229040182,3.1798016459295995,2.472621719232274,3.004000259190106,-0.3392422490872316,1.830271857392423,0.2097911584304166,2.5002584818055364
33.0,87.0,1000.5545654296876,-4.38181940135786,-3.791778721677433,1.7133446521999072,3.1798044447737386,2.4726217847031995,3.003997378683364,-0.3391762926442491,1.8302718487847944,0.2097917926435246,2.500264054701693
33.0,87.0,1000.5545654296876,-4.38181940135786,-3.791778722111451,1.7133451783658054,3.179883420891997,2.4726217842313343,3.004000235576249,-0.3392340350590061,1.8302718567106755,0.2097922821456871,2.5002640547246995
33.0,87.0,1000.5545654296876,-4.38181940135786,-3.791778717614967,1.7133446565611556,3.1798834200527764,2.472621784725886,3.0040002604847493,-0.3392387452673059,1.830271848633556,0.2097917926018591,2.5002640742615
33.0,87.0,1000.5545654296876,-4.381819401384211,-3.7917783465398,1.7133369719162257,3.178401157506467,2.472621663648458,3.0039059468290943,-0.3392774955153623,1.830271850273791,0.2097919590510404,2.500263170206264
33.0,87.0,1000.5545654296876,-4.38181940135786,-3.791778721677433,1.7133446521999072,3.179806568384756,2.4726217847108107,3.003997378683364,-0.3391762926442491,1.8302718487847944,0.2097931668230735,2.500264054701693
33.0,87.0,1000.5545654296876,-4.38181940135786,-3.791778717360524,1.7133452670105025,3.179883420891997,2.4726217842313343,3.004000235576249,-0.3392340350590061,1.8302718567106755,0.2097922821456871,2.500264054580893
33.0,87.0,1000.5545654296876,-4.38181940135786,-3.791778721677572,1.7133401668706494,3.1798022061355407,2.4726216664501623,3.0039001840029145,-0.3392416292133533,1.8302714548547527,0.2097917926435246,2.500263144082824
33.0,87.0,1000.5545654296876,-4.38181940135786,-3.791778717614967,1.7133452660411914,3.1798834200527764,2.472621719232274,3.004000259190106,-0.3392341091442605,1.8302718574324064,0.2097917917965219,2.5002640742615
33.0,87.0,1000.5545654296876,-4.38181940135786,-3.791778717614967,1.713345229040182,3.1798778808577515,2.472621719232274,3.004000259190106,-0.3392422490872316,1.830271857433804,0.2097918000458286,2.500264281839149
33.0,87.0,1000.5545654296876,-4.38181940135786,-3.791778721681743,1.713440484903712,3.179802145552504,2.4726218173621684,3.0039965346302515,-0.3392578055523292,1.8302714565687408,0.2097682547362396,2.5002640547246995
33.0,87.0,1000.5545654296876,-4.38181940135786,-3.7917787221021166,1.7133452295009015,3.179801873298737,2.472621719232274,3.0039965122418546,-0.3392573633270949,1.830271456002135,0.2097915509626293,2.5002640742615
33.0,87.0,1000.5545654296876,-4.38181940135786,-3.7917787221021166,1.7133452295009015,3.1798018694499355,2.4726218125881387,3.003996534180529,-0.3392573633270949,1.830271456002135,0.2097915509626293,2.5002640742615
33.0,87.0,1000.5545654296876,-4.38181940135786,-3.791778717614967,1.7133436028975917,3.1798834200527764,2.472621719232274,3.004000259190106,-0.3392343016983517,1.8302718557878503,0.2097917916765519,2.5002640742615
33.0,87.0,1000.5545654296876,-4.38181940135786,-3.791778717614967,1.713345229040182,3.17980150006479,2.472621717916688,3.004000259190106,-0.3392422490872316,1.8302714638848447,0.2097918000458286,2.500264054396601
33.0,87.0,1000.5545654296876,-4.38181940135786,-3.791778721681888,1.7133446521999072,3.1798044447737386,2.4726218169564365,3.00399746451537,-0.3392572090236568,1.830271468091065,0.2097894983778372,2.5002640547009376
33.0,87.0,1000.5545654296876,-4.38181940135786,-3.791778721681743,1.713344760774416,3.1798021350220065,2.472621723992829,3.0039965126915766,-0.3392578055523292,1.8302714565687408,0.2097991623499903,2.5002640547246995
33.0,87.0,1000.5545654296876,-4.38181940135786,-3.791778721677433,1.713344656554968,3.179886191366819,2.472621784696724,3.003997378683364,-0.3391775923619651,1.8302718588923617,0.2097917926807147,2.500264054701693
33.0,87.0,1000.5545654296876,-4.38181940135786,-3.791778717614967,1.7133452680809684,3.1798834200527764,2.472621719232274,3.004000259190106,-0.3392341091442605,1.8302718574324064,0.2097918060537647,2.5002640742615
33.0,87.0,1000.5545654296876,-4.38181940135786,-3.791778629792618,1.7133401668706494,3.1798022061355407,2.4726216664501623,3.0039001840029145,-0.3392416292133533,1.830271861396257,0.20979179283015,2.5002631519857026
33.0,88.0,1000.5542602539062,-4.38181940135786,-3.791410647088578,1.7133437300525232,3.179836915076476,2.472621786136348,3.003906383483674,-0.3392415556393657,1.830271450944961,0.20979179676168,2.500263143834757
33.0,88.0,1000.5542602539062,-4.38181940135786,-3.7914131595763294,1.713344756702286,3.179834656246138,2.4726218162105047,3.003995307003598,-0.3392578055523292,1.8302714565687408,0.2097991623499903,2.500263920950073
33.0,88.0,1000.5542602539062,-4.38181940135786,-3.7914178709014426,1.7133447612296704,3.1798819540494248,2.472621720053326,3.004000259190106,-0.3392341091442605,1.8302718294642144,0.2097990654518765,2.5002640742615
33.0,88.0,1000.5542602539062,-4.38181940135786,-3.791410065492028,1.713345282909266,3.1798374003950243,2.4726217842313343,3.0040010128887644,-0.3392340638313668,1.8302718567106755,0.2097986438074211,2.500264054578983
33.0,88.0,1000.5542602539062,-4.38181940135786,-3.7914131536983766,1.7133447612296704,3.1798819540494248,2.472621720053326,3.004000271921328,-0.3392341091442605,1.8302718294642144,0.2097990654518765,2.5002640742615
33.0,88.0,1000.5542602539062,-4.38181940135786,-3.7914178709014426,1.713344650939414,3.1798817675102704,2.472621720053326,3.004000255728014,-0.3392341091442605,1.8302718294642144,0.2097990698988821,2.5002640742615
33.0,88.0,1000.5542602539062,-4.38181940135786,-3.791412896510258,1.713345282909266,3.1798374003950243,2.4726217842313343,3.0040016420876454,-0.339240702332621,1.8302718567106755,0.2097984722528477,2.5002632360729624
33.0,88.0,1000.5542602539062,-4.38181940135786,-3.791410647088578,1.7134408171121722,3.179803446952878,2.472621786136348,3.003906383483674,-0.3392415556393657,1.830271450792125,0.2097667491870257,2.5002630916363096
33.0,88.0,1000.5542602539062,-4.38181940135786,-3.791412896510258,1.7133452670709255,3.1798021403481007,2.472621818556161,3.0040016420876454,-0.3392403894079505,1.8302718503793505,0.2097984722528477,2.500264094993965
33.0,88.0,1000.5542602539062,-4.38181940135786,-3.791410647088578,1.7133437300525232,3.179836915076476,2.472621786136348,3.003906383483674,-0.3392415556393657,1.830271450944961,0.20979179676168,2.500264107828256
33.0,88.0,1000.5542602539062,-4.38181940135786,-3.791410647088578,1.713443379854418,3.1798377217878966,2.4726217860105204,3.003906383483674,-0.3392415556393657,1.8302718350428768,0.2097667491870257,2.5002630916363096
33.0,88.0,1000.5542602539062,-4.38181940135786,-3.791410647088578,1.7133438402144991,3.179804302775334,2.472621786136348,3.0040002641717227,-0.3392415637161292,1.8302718529820496,0.2097681798996036,2.5002630916363096
33.0,88.0,1000.5542602539062,-4.38181940135786,-3.791412896510258,1.7133452734463526,3.1798374003950243,2.4726217846914285,3.0040016420876454,-0.339240702332621,1.8302718564023848,0.2097984722528477,2.5002632360729624
33.0,88.0,1000.5542602539062,-4.38181940135786,-3.7913996490447657,1.713344650939414,3.1798817675102704,2.4726217200763774,3.004000255728014,-0.3392344049277027,1.8302718294642144,0.2097989404125504,2.500264147221157
33.0,88.0,1000.5542602539062,-4.38181940135786,-3.791403087438392,1.7133447600533094,3.179883414434586,2.472621720053326,3.004000259190106,-0.3392341091442605,1.8302718294642144,0.2097990654518765,2.5002640742615
33.0,88.0,1000.5542602539062,-4.38181940135786,-3.791403087438392,1.7133398935884925,3.179883414434586,2.472621788767002,3.004002434157617,-0.3392341454038897,1.8302718294642144,0.2097990654518765,2.5002640742615
33.0,88.0,1000.5542602539062,-4.38181940135786,-3.791412919622108,1.7133437300525232,3.1798374044415287,2.472621784281688,3.003906383483674,-0.3392415556393657,1.8302718505440747,0.20979179676168,2.500263236912903
33.0,88.0,1000.5542602539062,-4.38181940135786,-3.791411102076245,1.7133438583847458,3.179803717986644,2.472621786136348,3.0040002641717227,-0.3392409290550328,1.8302718529820496,0.2097684268827769,2.5002630916363096
33.0,88.0,1000.5542602539062,-4.38181940135786,-3.791409041035616,1.713441283600033,3.1798022061355407,2.4726216664501623,3.003906191121969,-0.3392416292133533,1.830271861396257,0.2097671563370464,2.5002631519857026
33.0,88.0,1000.5542602539062,-4.38181940135786,-3.7914131595763294,1.713344756702286,3.179834656246138,2.4726217175857563,3.003995353090628,-0.3392579619085579,1.8302714724865616,0.2097991623499903,2.500263920950073
33.0,88.0,1000.5542602539062,-4.38181940135786,-3.791410647088578,1.7134482463192349,3.1798377217878966,2.4726217172968443,3.0039042085161625,-0.3392415193797365,1.8302718350428768,0.2097667491870257,2.5002630916363096
33.0,88.0,1000.5542602539062,-4.38181940135786,-3.791414982867782,1.7133451625052467,3.179883420891997,2.4726217840652778,3.00400027235084,-0.3392340370298377,1.8302718567106755,0.2097922821456871,2.500264074020331
33.0,88.0,1000.5542602539062,-4.38181940135786,-3.791410647088578,1.7133437300525232,3.1798828335351166,2.472621786136348,3.004000620495525,-0.3392415556393657,1.8302718714313588,0.20979179676168,2.500264107828256
33.0,88.0,1000.5542602539062,-4.38181940135786,-3.7914178709014426,1.7133446549723352,3.1798817675102704,2.4726217192399167,3.004000255728014,-0.3392341091442605,1.8302718294642144,0.2097990698988821,2.5002640742615
33.0,88.0,1000.5542602539062,-4.38181940135786,-3.791413455640687,1.7133446521999072,3.1798044447737386,2.4726218169564365,3.00399746451537,-0.3392341600620822,1.830271468091065,0.2097992388645853,2.500264141256778
33.0,88.0,1000.5542602539062,-4.38181940135786,-3.791412896510258,1.7133452670709255,3.179835756526556,2.472621823678132,3.0040016334294712,-0.3392403894079505,1.8302718503793505,0.2097986381916614,2.500264094993965
33.0,88.0,1000.5542602539062,-4.38181940135786,-3.7914174135079097,1.713344650939414,3.1798791577764782,2.47262171996699,3.004000255728014,-0.3392346871925509,1.8302718294642144,0.2097990698988821,2.500263043019882
33.0,88.0,1000.5542602539062,-4.38181940135786,-3.791403087438392,1.7133447600533094,3.1798833552156154,2.472621720053326,3.004000259190106,-0.3392341091442605,1.8302718294642144,0.2097990654518765,2.5002640742615
33.0,88.0,1000.5543212890624,-4.38181940135786,-3.7914405248130114,1.7133447612296704,3.179798552385257,2.472621720053326,3.004000271921328,-0.3392341091442605,1.8302718294642144,0.209799186506959,2.5002640742615
33.0,88.0,1000.5545654296876,-4.38181940135786,-3.791778717614967,1.7133452660411914,3.1798834200527764,2.472621719232274,3.004000259190106,-0.3392341091442605,1.8302718574324064,0.2097917917965219,2.5002640742615
33.0,88.0,1000.5545654296876,-4.38181940135786,-3.791778721681743,1.713344760774416,3.1798021311732048,2.4726218173486942,3.0039965346302515,-0.3392578055523292,1.8302714565687408,0.2097991623499903,2.5002640547246995
33.0,88.0,1000.5545654296876,-4.38181940135786,-3.791778717614967,1.7133446565611556,3.1798834200527764,2.472621784531815,3.004000259190106,-0.3392416292133533,1.8302718574324064,0.2097917917965219,2.5002640742615
33.0,88.0,1000.5545654296876,-4.38181940135786,-3.79177862749924,1.7133437300525232,3.178492344214613,2.4726217190834974,3.003906383483674,-0.3392795749670514,1.8302718566036127,0.209791303311356,2.500263151737636
33.0,88.0,1000.5545654296876,-4.38181940135786,-3.791778717614967,1.7133452660411914,3.1798834200527764,2.472621719232274,3.004000259190106,-0.3392341091442605,1.8302718574324064,0.2097917917965219,2.5002640742615
33.0,88.0,1000.5545654296876,-4.38181940135786,-3.791778721677572,1.713344652444897,3.1798022061355407,2.472621784531815,3.004000259190106,-0.3392416292133533,1.8302714548547527,0.2097917926435246,2.5002640541172862
33.0,88.0,1000.5545654296876,-4.38181940135786,-3.791778717614967,1.7133435679363591,3.1798016459295995,2.472621719232274,3.004000259190106,-0.3392424416413228,1.830271855747868,0.2097911725676894,2.5002584818055364
33.0,88.0,1000.5545654296876,-4.38181940135786,-3.79177862749924,1.7133437300525232,3.179836915076476,2.472621786136348,3.003906383483674,-0.3392415556393657,1.8302718574864647,0.2097917969483054,2.500263151737636
33.0,88.0,1000.5545654296876,-4.38181940135786,-3.791778717614967,1.7133452660411914,3.1798834200527764,2.472621719232274,3.004000259190106,-0.3392341091442605,1.8302718574324064,0.2097917917965219,2.5002640742615
33.0,88.0,1000.5545654296876,-4.38181940135786,-3.791778721677433,1.7133446522144715,3.179804444312972,2.4726217847031995,3.004000260477956,-0.3392387355743737,1.8302718488636864,0.2097917926435246,2.5002640547017405
33.0,88.0,1000.5545654296876,-4.38181940135786,-3.79177862749924,1.7133435698353736,3.178492344214613,2.4726217190834974,3.003906383483674,-0.3392795749670514,1.8302718566036127,0.2098032049299808,2.500263151737636
33.0,88.0,1000.5545654296876,-4.38181940135786,-3.791778717614967,1.7133446565611556,3.1798834200527764,2.472621784531815,3.004000259190106,-0.3392416292133533,1.8302718574324064,0.2097917917965219,2.5002640742615
33.0,88.0,1000.5545654296876,-4.38181940135786,-3.791778717614967,1.7133436049373685,3.1798834200527764,2.472621719232274,3.004000259190106,-0.3392343016983517,1.8302718557878503,0.2097918059337947,2.5002640742615
33.0,88.0,1000.5545654296876,-4.381819401384643,-3.7917783465398,1.7134491455343146,3.178401157506467,2.472621666786125,3.0039059468290943,-0.3392769780192204,1.8302719062969333,0.2098030366819888,2.5002631650801668
33.0,88.0,1000.5545654296876,-4.38181940135786,-3.7917787221021166,1.7133452660411914,3.179801873298737,2.472621719232274,3.0039965122418546,-0.3392573633270949,1.830271456002135,0.2097915509626293,2.5002640742615
33.0,88.0,1000.5545654296876,-4.38181940135786,-3.791778717614967,1.713345229040182,3.1798016459295995,2.472621719232274,3.004000259190106,-0.3392422490872316,1.830271857392423,0.2097911584304166,2.5002584818055364
33.0,88.0,1000.5545654296876,-4.38181940135786,-3.791778721677433,1.7133446521999072,3.1798044447737386,2.4726217847031995,3.003997378683364,-0.3391762926442491,1.8302718487847944,0.2097917926435246,2.500264054701693
33.0,88.0,1000.5545654296876,-4.38181940135786,-3.791778722111451,1.7133451783658054,3.179883420891997,2.4726217842313343,3.004000235576249,-0.3392340350590061,1.8302718567106755,0.2097922821456871,2.5002640547246995
33.0,88.0,1000.5545654296876,-4.38181940135786,-3.791778717614967,1.7133446565611556,3.1798834200527764,2.472621784725886,3.0040002604847493,-0.3392387452673059,1.830271848633556,0.2097917926018591,2.5002640742615
33.0,88.0,1000.5545654296876,-4.381819401384211,-3.7917783465398,1.7133369719162257,3.178401157506467,2.472621663648458,3.0039059468290943,-0.3392774955153623,1.830271850273791,0.2097919590510404,2.500263170206264
33.0,88.0,1000.5545654296876,-4.38181940135786,-3.791778721677433,1.7133446521999072,3.179806568384756,2.4726217847108107,3.003997378683364,-0.3391762926442491,1.8302718487847944,0.2097931668230735,2.500264054701693
33.0,89.0,1000.5542602539062,-4.38181940135786,-3.791410647088578,1.7133437300525232,3.179836915076476,2.472621786136348,3.003906383483674,-0.3392415556393657,1.830271450944961,0.20979179676168,2.500263143834757
33.0,89.0,1000.5542602539062,-4.38181940135786,-3.7914131595763294,1.713344756702286,3.179834656246138,2.4726218162105047,3.003995307003598,-0.3392578055523292,1.8302714565687408,0.2097991623499903,2.500263920950073
33.0,89.0,1000.5542602539062,-4.38181940135786,-3.7914178709014426,1.7133447612296704,3.1798819540494248,2.472621720053326,3.004000259190106,-0.3392341091442605,1.8302718294642144,0.2097990654518765,2.5002640742615
33.0,89.0,1000.5542602539062,-4.38181940135786,-3.791410065492028,1.713345282909266,3.1798374003950243,2.4726217842313343,3.0040010128887644,-0.3392340638313668,1.8302718567106755,0.2097986438074211,2.500264054578983
33.0,89.0,1000.5542602539062,-4.38181940135786,-3.7914131536983766,1.7133447612296704,3.1798819540494248,2.472621720053326,3.004000271921328,-0.3392341091442605,1.8302718294642144,0.2097990654518765,2.5002640742615
33.0,89.0,1000.5542602539062,-4.38181940135786,-3.7914178709014426,1.713344650939414,3.1798817675102704,2.472621720053326,3.004000255728014,-0.3392341091442605,1.8302718294642144,0.2097990698988821,2.5002640742615
33.0,89.0,1000.5542602539062,-4.38181940135786,-3.791412896510258,1.713345282909266,3.1798374003950243,2.4726217842313343,3.0040016420876454,-0.339240702332621,1.8302718567106755,0.2097984722528477,2.5002632360729624
33.0,89.0,1000.5542602539062,-4.38181940135786,-3.791410647088578,1.7134408171121722,3.179803446952878,2.472621786136348,3.003906383483674,-0.3392415556393657,1.830271450792125,0.2097667491870257,2.5002630916363096
33.0,89.0,1000.5542602539062,-4.38181940135786,-3.791412896510258,1.7133452670709255,3.1798021403481007,2.472621818556161,3.0040016420876454,-0.3392403894079505,1.8302718503793505,0.2097984722528477,2.500264094993965
33.0,89.0,1000.5542602539062,-4.38181940135786,-3.791410647088578,1.7133437300525232,3.179836915076476,2.472621786136348,3.003906383483674,-0.3392415556393657,1.830271450944961,0.20979179676168,2.500264107828256
33.0,89.0,1000.5542602539062,-4.38181940135786,-3.791410647088578,1.713443379854418,3.1798377217878966,2.4726217860105204,3.003906383483674,-0.3392415556393657,1.8302718350428768,0.2097667491870257,2.5002630916363096
33.0,89.0,1000.5542602539062,-4.38181940135786,-3.791410647088578,1.7133438402144991,3.179804302775334,2.472621786136348,3.0040002641717227,-0.3392415637161292,1.8302718529820496,0.2097681798996036,2.5002630916363096
33.0,89.0,1000.5542602539062,-4.38181940135786,-3.791412896510258,1.7133452734463526,3.1798374003950243,2.4726217846914285,3.0040016420876454,-0.339240702332621,1.8302718564023848,0.2097984722528477,2.5002632360729624
33.0,89.0,1000.5542602539062,-4.38181940135786,-3.7913996490447657,1.713344650939414,3.1798817675102704,2.4726217200763774,3.004000255728014,-0.3392344049277027,1.8302718294642144,0.2097989404125504,2.500264147221157
33.0,89.0,1000.5542602539062,-4.38181940135786,-3.791403087438392,1.7133447600533094,3.179883414434586,2.472621720053326,3.004000259190106,-0.3392341091442605,1.8302718294642144,0.2097990654518765,2.5002640742615
33.0,89.0,1000.5542602539062,-4.38181940135786,-3.791403087438392,1.7133398935884925,3.179883414434586,2.472621788767002,3.004002434157617,-0.3392341454038897,1.8302718294642144,0.2097990654518765,2.5002640742615
33.0,89.0,1000.5542602539062,-4.38181940135786,-3.791412919622108,1.7133437300525232,3.1798374044415287,2.472621784281688,3.003906383483674,-0.3392415556393657,1.8302718505440747,0.20979179676168,2.500263236912903
33.0,89.0,1000.5542602539062,-4.38181940135786,-3.791411102076245,1.7133438583847458,3.179803717986644,2.472621786136348,3.0040002641717227,-0.3392409290550328,1.8302718529820496,0.2097684268827769,2.5002630916363096
33.0,89.0,1000.5542602539062,-4.38181940135786,-3.791409041035616,1.713441283600033,3.1798022061355407,2.4726216664501623,3.003906191121969,-0.3392416292133533,1.830271861396257,0.2097671563370464,2.5002631519857026
33.0,89.0,1000.5542602539062,-4.38181940135786,-3.7914131595763294,1.713344756702286,3.179834656246138,2.4726217175857563,3.003995353090628,-0.3392579619085579,1.8302714724865616,0.2097991623499903,2.500263920950073
33.0,89.0,1000.5542602539062,-4.38181940135786,-3.791410647088578,1.7134482463192349,3.1798377217878966,2.4726217172968443,3.0039042085161625,-0.3392415193797365,1.8302718350428768,0.2097667491870257,2.5002630916363096
33.0,89.0,1000.5542602539062,-4.38181940135786,-3.791414982867782,1.7133451625052467,3.179883420891997,2.4726217840652778,3.00400027235084,-0.3392340370298377,1.8302718567106755,0.2097922821456871,2.500264074020331
33.0,89.0,1000.5542602539062,-4.38181940135786,-3.791410647088578,1.7133437300525232,3.1798828335351166,2.472621786136348,3.004000620495525,-0.3392415556393657,1.8302718714313588,0.20979179676168,2.500264107828256
33.0,89.0,1000.5542602539062,-4.38181940135786,-3.7914178709014426,1.7133446549723352,3.1798817675102704,2.4726217192399167,3.004000255728014,-0.3392341091442605,1.8302718294642144,0.2097990698988821,2.5002640742615
33.0,89.0,1000.5542602539062,-4.38181940135786,-3.791413455640687,1.7133446521999072,3.1798044447737386,2.4726218169564365,3.00399746451537,-0.3392341600620822,1.830271468091065,0.2097992388645853,2.500264141256778
33.0,89.0,1000.5542602539062,-4.38181940135786,-3.791412896510258,1.7133452670709255,3.179835756526556,2.472621823678132,3.0040016334294712,-0.3392403894079505,1.8302718503793505,0.2097986381916614,2.500264094993965
33.0,89.0,1000.5542602539062,-4.38181940135786,-3.7914174135079097,1.713344650939414,3.1798791577764782,2.47262171996699,3.004000255728014,-0.3392346871925509,1.8302718294642144,0.2097990698988821,2.500263043019882
33.0,89.0,1000.5542602539062,-4.38181940135786,-3.791403087438392,1.7133447600533094,3.1798833552156154,2.472621720053326,3.004000259190106,-0.3392341091442605,1.8302718294642144,0.2097990654518765,2.5002640742615
33.0,89.0,1000.5542602539062,-4.38181940135786,-3.7914131536983766,1.713364115561412,3.1798003842776867,2.472621720053326,3.0039034394942563,-0.3392341091442605,1.8302718303242864,0.2097990654518765,2.5002640742615
33.0,89.0,1000.5542602539062,-4.38181940135786,-3.791410647088578,1.7133438402144991,3.179804302775334,2.472621785023926,3.004000259414236,-0.3392415512464755,1.8302718528267783,0.2097681798996036,2.5002630916363096
33.0,89.0,1000.5542602539062,-4.38181940135786,-3.791412896510258,1.7133446605343985,3.179882911800807,2.4726217846914285,3.0040003129560464,-0.339240702332621,1.8302718291365463,0.2097990923259076,2.5002632360729624
33.0,89.0,1000.5542602539062,-4.38181940135786,-3.791403087438392,1.713343737290902,3.1798833552156154,2.472621720053326,3.004000259190106,-0.3392415304319907,1.830271828888114,0.2097990654518765,2.5002640742615
33.0,89.0,1000.5542602539062,-4.38181940135786,-3.791412889714025,1.7133447612707118,3.1798819540494248,2.472621720053326,3.004000272044644,-0.3392341091442605,1.8302718294642144,0.2097990654518765,2.5002640742615
33.0,89.0,1000.5542602539062,-4.38181940135786,-3.791409041035616,1.713441283600033,3.1798022061355407,2.4726216664501623,3.003906191121969,-0.3392416422836015,1.830271861396257,0.2097980846330014,2.500264103564973
33.0,89.0,1000.5542602539062,-4.38181940135786,-3.791413455640687,1.7133446521999072,3.1798070051760616,2.472621816207151,3.003995199288662,-0.3392582899893485,1.8302714563926048,0.2097992388645853,2.500264141256778
33.0,89.0,1000.5542602539062,-4.38181940135786,-3.791413149426072,1.713344802953359,3.179834637909619,2.4726217149666314,3.003995742803684,-0.339257651080828,1.8302718567106755,0.2097985257782799,2.5002632360729624
33.0,89.0,1000.5542602539062,-4.38181940135786,-3.7914129030614254,1.7133452734463526,3.179806695634054,2.472621784702425,3.0040016420876454,-0.3392415705645515,1.8302718564023848,0.2097666486452584,2.5002630807775432
33.0,89.0,1000.5542602539062,-4.38181940135786,-3.791410647088578,1.713344045334723,3.1798377217878966,2.47262171734642,3.0039042085161625,-0.3392422722262328,1.8302718350428768,0.209766981236708,2.5002630916363096
33.0,89.0,1000.5542602539062,-4.38181940135786,-3.7913996490447657,1.713343667510827,3.179837794553139,2.472621786162744,3.003912506546678,-0.3392419226970875,1.8302718294642144,0.2097915381129783,2.500264147221157
33.0,89.0,1000.5542602539062,-4.381819401386316,-3.791424788835348,1.71344700144293,3.1797952876722446,2.4726217857344426,3.003906383483674,-0.3392767238762389,1.830271450944961,0.20979179676168,2.5002631437247063
33.0,89.0,1000.5542602539062,-4.38181940135786,-3.791410647088578,1.7133437300525232,3.179836915076476,2.472621786136348,3.003906383483674,-0.3392415556393657,1.830271450944961,0.2097916446386695,2.500264107828256
33.0,89.0,1000.5542602539062,-4.38181940135786,-3.791413455640687,1.7133446521999072,3.1798044447737386,2.4726218169564365,3.00399746451537,-0.3392341600620822,1.830271468091065,0.2097992388645853,2.500264141256778
33.0,89.0,1000.5542602539062,-4.38181940135786,-3.791412919622108,1.7133447528149308,3.1798374044415287,2.472621784281688,3.003906383483674,-0.3392341343516356,1.8302718511201752,0.20979179676168,2.500263236912903
33.0,89.0,1000.5542602539062,-4.38181940135786,-3.791412896510258,1.7133452670709255,3.179835756526556,2.472621823678132,3.0040016334294712,-0.3392403763377024,1.8302718503793505,0.2097677098957064,2.5002631434146942
33.0,89.0,1000.5542602539062,-4.38181940135786,-3.791412896510258,1.7133452079173928,3.1798021403481007,2.472621819867011,3.0040008101339724,-0.3392403894079505,1.8302718503793505,0.2097984722528477,2.5002641067329057
33.0,89.0,1000.5542602539062,-4.38181940135786,-3.7914129066605167,1.7133452366581934,3.179837418731544,2.472621786850459,3.0040012523745885,-0.3392410131603509,1.8302714724865616,0.209799108824558,2.500263920950073
33.0,89.0,1000.5542602539062,-4.38181940135786,-3.791410647088578,1.7133447134811102,3.1798808880336065,2.4726217200499807,3.00399413266501,-0.3392340378699809,1.830271450944961,0.2097991990612521,2.500264107828256
33.0,89.0,1000.5543212890624,-4.38181940135786,-3.7914405248130114,1.7133447612296704,3.179798552385257,2.472621720053326,3.004000271921328,-0.3392341091442605,1.8302718294642144,0.209799186506959,2.5002640742615
33.0,89.0,1000.5545654296876,-4.38181940135786,-3.791778717614967,1.7133452660411914,3.1798834200527764,2.472621719232274,3.004000259190106,-0.3392341091442605,1.8302718574324064,0.2097917917965219,2.5002640742615
33.0,89.0,1000.5545654296876,-4.38181940135786,-3.791778721681743,1.713344760774416,3.1798021311732048,2.4726218173486942,3.0039965346302515,-0.3392578055523292,1.8302714565687408,0.2097991623499903,2.5002640547246995
33.0,90.0,1000.5542602539062,-4.38181940135786,-3.791410647088578,1.7133437300525232,3.179836915076476,2.472621786136348,3.003906383483674,-0.3392415556393657,1.830271450944961,0.20979179676168,2.500263143834757
33.0,90.0,1000.5542602539062,-4.38181940135786,-3.7914131595763294,1.713344756702286,3.179834656246138,2.4726218162105047,3.003995307003598,-0.3392578055523292,1.8302714565687408,0.2097991623499903,2.500263920950073
33.0,90.0,1000.5542602539062,-4.38181940135786,-3.7914178709014426,1.7133447612296704,3.1798819540494248,2.472621720053326,3.004000259190106,-0.3392341091442605,1.8302718294642144,0.2097990654518765,2.5002640742615
33.0,90.0,1000.5542602539062,-4.38181940135786,-3.791410065492028,1.713345282909266,3.1798374003950243,2.4726217842313343,3.0040010128887644,-0.3392340638313668,1.8302718567106755,0.2097986438074211,2.500264054578983
33.0,90.0,1000.5542602539062,-4.38181940135786,-3.7914131536983766,1.7133447612296704,3.1798819540494248,2.472621720053326,3.004000271921328,-0.3392341091442605,1.8302718294642144,0.2097990654518765,2.5002640742615
33.0,90.0,1000.5542602539062,-4.38181940135786,-3.7914178709014426,1.713344650939414,3.1798817675102704,2.472621720053326,3.004000255728014,-0.3392341091442605,1.8302718294642144,0.2097990698988821,2.5002640742615
33.0,90.0,1000.5542602539062,-4.38181940135786,-3.791412896510258,1.713345282909266,3.1798374003950243,2.4726217842313343,3.0040016420876454,-0.339240702332621,1.8302718567106755,0.2097984722528477,2.5002632360729624
33.0,90.0,1000.5542602539062,-4.38181940135786,-3.791410647088578,1.7134408171121722,3.179803446952878,2.472621786136348,3.003906383483674,-0.3392415556393657,1.830271450792125,0.2097667491870257,2.5002630916363096
33.0,90.0,1000.5542602539062,-4.38181940135786,-3.791412896510258,1.7133452670709255,3.1798021403481007,2.472621818556161,3.0040016420876454,-0.3392403894079505,1.8302718503793505,0.2097984722528477,2.500264094993965
33.0,90.0,1000.5542602539062,-4.38181940135786,-3.791410647088578,1.7133437300525232,3.179836915076476,2.472621786136348,3.003906383483674,-0.3392415556393657,1.830271450944961,0.20979179676168,2.500264107828256
33.0,90.0,1000.5542602539062,-4.38181940135786,-3.791410647088578,1.713443379854418,3.1798377217878966,2.4726217860105204,3.003906383483674,-0.3392415556393657,1.8302718350428768,0.2097667491870257,2.5002630916363096
33.0,90.0,1000.5542602539062,-4.38181940135786,-3.791410647088578,1.7133438402144991,3.179804302775334,2.472621786136348,3.0040002641717227,-0.3392415637161292,1.8302718529820496,0.2097681798996036,2.5002630916363096
33.0,90.0,1000.5542602539062,-4.38181940135786,-3.791412896510258,1.7133452734463526,3.1798374003950243,2.4726217846914285,3.0040016420876454,-0.339240702332621,1.8302718564023848,0.2097984722528477,2.5002632360729624
33.0,90.0,1000.5542602539062,-4.38181940135786,-3.7913996490447657,1.713344650939414,3.1798817675102704,2.4726217200763774,3.004000255728014,-0.3392344049277027,1.8302718294642144,0.2097989404125504,2.500264147221157
33.0,90.0,1000.5542602539062,-4.38181940135786,-3.791403087438392,1.7133447600533094,3.179883414434586,2.472621720053326,3.004000259190106,-0.3392341091442605,1.8302718294642144,0.2097990654518765,2.5002640742615
33.0,90.0,1000.5542602539062,-4.38181940135786,-3.791403087438392,1.7133398935884925,3.179883414434586,2.472621788767002,3.004002434157617,-0.3392341454038897,1.8302718294642144,0.2097990654518765,2.5002640742615
33.0,90.0,1000.5542602539062,-4.38181940135786,-3.791412919622108,1.7133437300525232,3.1798374044415287,2.472621784281688,3.003906383483674,-0.3392415556393657,1.8302718505440747,0.20979179676168,2.500263236912903
33.0,90.0,1000.5542602539062,-4.38181940135786,-3.791411102076245,1.7133438583847458,3.179803717986644,2.472621786136348,3.0040002641717227,-0.3392409290550328,1.8302718529820496,0.2097684268827769,2.5002630916363096
33.0,90.0,1000.5542602539062,-4.38181940135786,-3.791409041035616,1.713441283600033,3.1798022061355407,2.4726216664501623,3.003906191121969,-0.3392416292133533,1.830271861396257,0.2097671563370464,2.5002631519857026
33.0,90.0,1000.5542602539062,-4.38181940135786,-3.7914131595763294,1.713344756702286,3.179834656246138,2.4726217175857563,3.003995353090628,-0.3392579619085579,1.8302714724865616,0.2097991623499903,2.500263920950073
33.0,90.0,1000.5542602539062,-4.38181940135786,-3.791410647088578,1.7134482463192349,3.1798377217878966,2.4726217172968443,3.0039042085161625,-0.3392415193797365,1.8302718350428768,0.2097667491870257,2.5002630916363096
33.0,90.0,1000.5542602539062,-4.38181940135786,-3.791414982867782,1.7133451625052467,3.179883420891997,2.4726217840652778,3.00400027235084,-0.3392340370298377,1.8302718567106755,0.2097922821456871,2.500264074020331
33.0,90.0,1000.5542602539062,-4.38181940135786,-3.791410647088578,1.7133437300525232,3.1798828335351166,2.472621786136348,3.004000620495525,-0.3392415556393657,1.8302718714313588,0.20979179676168,2.500264107828256
33.0,90.0,1000.5542602539062,-4.38181940135786,-3.7914178709014426,1.7133446549723352,3.1798817675102704,2.4726217192399167,3.004000255728014,-0.3392341091442605,1.8302718294642144,0.2097990698988821,2.5002640742615
33.0,90.0,1000.5542602539062,-4.38181940135786,-3.791413455640687,1.7133446521999072,3.1798044447737386,2.4726218169564365,3.00399746451537,-0.3392341600620822,1.830271468091065,0.2097992388645853,2.500264141256778
33.0,90.0,1000.5542602539062,-4.38181940135786,-3.791412896510258,1.7133452670709255,3.179835756526556,2.472621823678132,3.0040016334294712,-0.3392403894079505,1.8302718503793505,0.2097986381916614,2.500264094993965
33.0,90.0,1000.5542602539062,-4.38181940135786,-3.7914174135079097,1.713344650939414,3.1798791577764782,2.47262171996699,3.004000255728014,-0.3392346871925509,1.8302718294642144,0.2097990698988821,2.500263043019882
33.0,90.0,1000.5542602539062,-4.38181940135786,-3.791403087438392,1.7133447600533094,3.1798833552156154,2.472621720053326,3.004000259190106,-0.3392341091442605,1.8302718294642144,0.2097990654518765,2.5002640742615
33.0,90.0,1000.5542602539062,-4.38181940135786,-3.7914131536983766,1.713364115561412,3.1798003842776867,2.472621720053326,3.0039034394942563,-0.3392341091442605,1.8302718303242864,0.2097990654518765,2.5002640742615
33.0,90.0,1000.5542602539062,-4.38181940135786,-3.791410647088578,1.7133438402144991,3.179804302775334,2.472621785023926,3.004000259414236,-0.3392415512464755,1.8302718528267783,0.2097681798996036,2.5002630916363096
33.0,90.0,1000.5542602539062,-4.38181940135786,-3.791412896510258,1.7133446605343985,3.179882911800807,2.4726217846914285,3.0040003129560464,-0.339240702332621,1.8302718291365463,0.2097990923259076,2.5002632360729624
33.0,90.0,1000.5542602539062,-4.38181940135786,-3.791403087438392,1.713343737290902,3.1798833552156154,2.472621720053326,3.004000259190106,-0.3392415304319907,1.830271828888114,0.2097990654518765,2.5002640742615
33.0,90.0,1000.5542602539062,-4.38181940135786,-3.791412889714025,1.7133447612707118,3.1798819540494248,2.472621720053326,3.004000272044644,-0.3392341091442605,1.8302718294642144,0.2097990654518765,2.5002640742615
33.0,90.0,1000.5542602539062,-4.38181940135786,-3.791409041035616,1.713441283600033,3.1798022061355407,2.4726216664501623,3.003906191121969,-0.3392416422836015,1.830271861396257,0.2097980846330014,2.500264103564973
33.0,90.0,1000.5542602539062,-4.38181940135786,-3.791413455640687,1.7133446521999072,3.1798070051760616,2.472621816207151,3.003995199288662,-0.3392582899893485,1.8302714563926048,0.2097992388645853,2.500264141256778
33.0,90.0,1000.5542602539062,-4.38181940135786,-3.791413149426072,1.713344802953359,3.179834637909619,2.4726217149666314,3.003995742803684,-0.339257651080828,1.8302718567106755,0.2097985257782799,2.5002632360729624
33.0,90.0,1000.5542602539062,-4.38181940135786,-3.7914129030614254,1.7133452734463526,3.179806695634054,2.472621784702425,3.0040016420876454,-0.3392415705645515,1.8302718564023848,0.2097666486452584,2.5002630807775432
33.0,90.0,1000.5542602539062,-4.38181940135786,-3.791410647088578,1.713344045334723,3.1798377217878966,2.47262171734642,3.0039042085161625,-0.3392422722262328,1.8302718350428768,0.209766981236708,2.5002630916363096
33.0,90.0,1000.5542602539062,-4.38181940135786,-3.7913996490447657,1.713343667510827,3.179837794553139,2.472621786162744,3.003912506546678,-0.3392419226970875,1.8302718294642144,0.2097915381129783,2.500264147221157
33.0,90.0,1000.5542602539062,-4.381819401386316,-3.791424788835348,1.71344700144293,3.1797952876722446,2.4726217857344426,3.003906383483674,-0.3392767238762389,1.830271450944961,0.20979179676168,2.5002631437247063
33.0,90.0,1000.5542602539062,-4.38181940135786,-3.791410647088578,1.7133437300525232,3.179836915076476,2.472621786136348,3.003906383483674,-0.3392415556393657,1.830271450944961,0.2097916446386695,2.500264107828256
33.0,90.0,1000.5542602539062,-4.38181940135786,-3.791413455640687,1.7133446521999072,3.1798044447737386,2.4726218169564365,3.00399746451537,-0.3392341600620822,1.830271468091065,0.2097992388645853,2.500264141256778
33.0,90.0,1000.5542602539062,-4.38181940135786,-3.791412919622108,1.7133447528149308,3.1798374044415287,2.472621784281688,3.003906383483674,-0.3392341343516356,1.8302718511201752,0.20979179676168,2.500263236912903
33.0,90.0,1000.5542602539062,-4.38181940135786,-3.791412896510258,1.7133452670709255,3.179835756526556,2.472621823678132,3.0040016334294712,-0.3392403763377024,1.8302718503793505,0.2097677098957064,2.5002631434146942
33.0,90.0,1000.5542602539062,-4.38181940135786,-3.791412896510258,1.7133452079173928,3.1798021403481007,2.472621819867011,3.0040008101339724,-0.3392403894079505,1.8302718503793505,0.2097984722528477,2.5002641067329057
33.0,90.0,1000.5542602539062,-4.38181940135786,-3.7914129066605167,1.7133452366581934,3.179837418731544,2.472621786850459,3.0040012523745885,-0.3392410131603509,1.8302714724865616,0.209799108824558,2.500263920950073
33.0,90.0,1000.5542602539062,-4.38181940135786,-3.791410647088578,1.7133447134811102,3.1798808880336065,2.4726217200499807,3.00399413266501,-0.3392340378699809,1.830271450944961,0.2097991990612521,2.500264107828256
33.0,90.0,1000.5542602539062,-4.38181940135786,-3.791413455640687,1.7133446521999072,3.1798044447737386,2.4726218169564365,3.00399746451537,-0.3392341600620822,1.830271468091065,0.2097992388645853,2.500264141256778
33.0,90.0,1000.5542602539062,-4.38181940135786,-3.791418031730952,1.713344802953359,3.179834637909619,2.4726217150952023,3.0039956854230194,-0.3392571109417557,1.830271826715616,0.2097985213225245,2.5002632575607
33.0,90.0,1000.5542602539062,-4.38181940135786,-3.791410647088578,1.7133438402144991,3.1798358790946457,2.472621786194831,3.004000259414236,-0.3392419298195733,1.8302718536208165,0.2097681798996036,2.5002630916363096
33.0,91.0,1000.5542602539062,-4.38181940135786,-3.791410647088578,1.7133437300525232,3.179836915076476,2.472621786136348,3.003906383483674,-0.3392415556393657,1.830271450944961,0.20979179676168,2.500263143834757
33.0,91.0,1000.5542602539062,-4.38181940135786,-3.7914131595763294,1.713344756702286,3.179834656246138,2.4726218162105047,3.003995307003598,-0.3392578055523292,1.8302714565687408,0.2097991623499903,2.500263920950073
33.0,91.0,1000.5542602539062,-4.38181940135786,-3.7914178709014426,1.7133447612296704,3.1798819540494248,2.472621720053326,3.004000259190106,-0.3392341091442605,1.8302718294642144,0.2097990654518765,2.5002640742615
33.0,91.0,1000.5542602539062,-4.38181940135786,-3.791410065492028,1.713345282909266,3.1798374003950243,2.4726217842313343,3.0040010128887644,-0.3392340638313668,1.8302718567106755,0.2097986438074211,2.500264054578983
33.0,91.0,1000.5542602539062,-4.38181940135786,-3.7914131536983766,1.7133447612296704,3.1798819540494248,2.472621720053326,3.004000271921328,-0.3392341091442605,1.8302718294642144,0.2097990654518765,2.5002640742615
33.0,91.0,1000.5542602539062,-4.38181940135786,-3.7914178709014426,1.713344650939414,3.1798817675102704,2.472621720053326,3.004000255728014,-0.3392341091442605,1.8302718294642144,0.2097990698988821,2.5002640742615
33.0,91.0,1000.5542602539062,-4.38181940135786,-3.791412896510258,1.713345282909266,3.1798374003950243,2.4726217842313343,3.0040016420876454,-0.339240702332621,1.8302718567106755,0.2097984722528477,2.5002632360729624
33.0,91.0,1000.5542602539062,-4.38181940135786,-3.791410647088578,1.7134408171121722,3.179803446952878,2.472621786136348,3.003906383483674,-0.3392415556393657,1.830271450792125,0.2097667491870257,2.5002630916363096
33.0,91.0,1000.5542602539062,-4.38181940135786,-3.791412896510258,1.7133452670709255,3.1798021403481007,2.472621818556161,3.0040016420876454,-0.3392403894079505,1.8302718503793505,0.2097984722528477,2.500264094993965
33.0,91.0,1000.5542602539062,-4.38181940135786,-3.791410647088578,1.7133437300525232,3.179836915076476,2.472621786136348,3.003906383483674,-0.3392415556393657,1.830271450944961,0.20979179676168,2.500264107828256
33.0,91.0,1000.5542602539062,-4.38181940135786,-3.791410647088578,1.713443379854418,3.1798377217878966,2.4726217860105204,3.003906383483674,-0.3392415556393657,1.8302718350428768,0.2097667491870257,2.5002630916363096
33.0,91.0,1000.5542602539062,-4.38181940135786,-3.791410647088578,1.7133438402144991,3.179804302775334,2.472621786136348,3.0040002641717227,-0.3392415637161292,1.8302718529820496,0.2097681798996036,2.5002630916363096
33.0,91.0,1000.5542602539062,-4.38181940135786,-3.791412896510258,1.7133452734463526,3.1798374003950243,2.4726217846914285,3.0040016420876454,-0.339240702332621,1.8302718564023848,0.2097984722528477,2.5002632360729624
33.0,91.0,1000.5542602539062,-4.38181940135786,-3.7913996490447657,1.713344650939414,3.1798817675102704,2.4726217200763774,3.004000255728014,-0.3392344049277027,1.8302718294642144,0.2097989404125504,2.500264147221157
33.0,91.0,1000.5542602539062,-4.38181940135786,-3.791403087438392,1.7133447600533094,3.179883414434586,2.472621720053326,3.004000259190106,-0.3392341091442605,1.8302718294642144,0.2097990654518765,2.5002640742615
33.0,91.0,1000.5542602539062,-4.38181940135786,-3.791403087438392,1.7133398935884925,3.179883414434586,2.472621788767002,3.004002434157617,-0.3392341454038897,1.8302718294642144,0.2097990654518765,2.5002640742615
33.0,91.0,1000.5542602539062,-4.38181940135786,-3.791412919622108,1.7133437300525232,3.1798374044415287,2.472621784281688,3.003906383483674,-0.3392415556393657,1.8302718505440747,0.20979179676168,2.500263236912903
33.0,91.0,1000.5542602539062,-4.38181940135786,-3.791411102076245,1.7133438583847458,3.179803717986644,2.472621786136348,3.0040002641717227,-0.3392409290550328,1.8302718529820496,0.2097684268827769,2.5002630916363096
33.0,91.0,1000.5542602539062,-4.38181940135786,-3.791409041035616,1.713441283600033,3.1798022061355407,2.4726216664501623,3.003906191121969,-0.3392416292133533,1.830271861396257,0.2097671563370464,2.5002631519857026
33.0,91.0,1000.5542602539062,-4.38181940135786,-3.7914131595763294,1.713344756702286,3.179834656246138,2.4726217175857563,3.003995353090628,-0.3392579619085579,1.8302714724865616,0.2097991623499903,2.500263920950073
33.0,91.0,1000.5542602539062,-4.38181940135786,-3.791410647088578,1.7134482463192349,3.1798377217878966,2.4726217172968443,3.0039042085161625,-0.3392415193797365,1.8302718350428768,0.2097667491870257,2.5002630916363096
33.0,91.0,1000.5542602539062,-4.38181940135786,-3.791414982867782,1.7133451625052467,3.179883420891997,2.4726217840652778,3.00400027235084,-0.3392340370298377,1.8302718567106755,0.2097922821456871,2.500264074020331
33.0,91.0,1000.5542602539062,-4.38181940135786,-3.791410647088578,1.7133437300525232,3.1798828335351166,2.472621786136348,3.004000620495525,-0.3392415556393657,1.8302718714313588,0.20979179676168,2.500264107828256
33.0,91.0,1000.5542602539062,-4.38181940135786,-3.7914178709014426,1.7133446549723352,3.1798817675102704,2.4726217192399167,3.004000255728014,-0.3392341091442605,1.8302718294642144,0.2097990698988821,2.5002640742615
33.0,91.0,1000.5542602539062,-4.38181940135786,-3.791413455640687,1.7133446521999072,3.1798044447737386,2.4726218169564365,3.00399746451537,-0.3392341600620822,1.830271468091065,0.2097992388645853,2.500264141256778
33.0,91.0,1000.5542602539062,-4.38181940135786,-3.791412896510258,1.7133452670709255,3.179835756526556,2.472621823678132,3.0040016334294712,-0.3392403894079505,1.8302718503793505,0.2097986381916614,2.500264094993965
33.0,91.0,1000.5542602539062,-4.38181940135786,-3.7914174135079097,1.713344650939414,3.1798791577764782,2.47262171996699,3.004000255728014,-0.3392346871925509,1.8302718294642144,0.2097990698988821,2.500263043019882
33.0,91.0,1000.5542602539062,-4.38181940135786,-3.791403087438392,1.7133447600533094,3.1798833552156154,2.472621720053326,3.004000259190106,-0.3392341091442605,1.8302718294642144,0.2097990654518765,2.5002640742615
33.0,91.0,1000.5542602539062,-4.38181940135786,-3.7914131536983766,1.713364115561412,3.1798003842776867,2.472621720053326,3.0039034394942563,-0.3392341091442605,1.8302718303242864,0.2097990654518765,2.5002640742615
33.0,91.0,1000.5542602539062,-4.38181940135786,-3.791410647088578,1.7133438402144991,3.179804302775334,2.472621785023926,3.004000259414236,-0.3392415512464755,1.8302718528267783,0.2097681798996036,2.5002630916363096
33.0,91.0,1000.5542602539062,-4.38181940135786,-3.791412896510258,1.7133446605343985,3.179882911800807,2.4726217846914285,3.0040003129560464,-0.339240702332621,1.8302718291365463,0.2097990923259076,2.5002632360729624
33.0,91.0,1000.5542602539062,-4.38181940135786,-3.791403087438392,1.713343737290902,3.1798833552156154,2.472621720053326,3.004000259190106,-0.3392415304319907,1.830271828888114,0.2097990654518765,2.5002640742615
33.0,91.0,1000.5542602539062,-4.38181940135786,-3.791412889714025,1.7133447612707118,3.1798819540494248,2.472621720053326,3.004000272044644,-0.3392341091442605,1.8302718294642144,0.2097990654518765,2.5002640742615
33.0,91.0,1000.5542602539062,-4.38181940135786,-3.791409041035616,1.713441283600033,3.1798022061355407,2.4726216664501623,3.003906191121969,-0.3392416422836015,1.830271861396257,0.2097980846330014,2.500264103564973
33.0,91.0,1000.5542602539062,-4.38181940135786,-3.791413455640687,1.7133446521999072,3.1798070051760616,2.472621816207151,3.003995199288662,-0.3392582899893485,1.8302714563926048,0.2097992388645853,2.500264141256778
33.0,91.0,1000.5542602539062,-4.38181940135786,-3.791413149426072,1.713344802953359,3.179834637909619,2.4726217149666314,3.003995742803684,-0.339257651080828,1.8302718567106755,0.2097985257782799,2.5002632360729624
33.0,91.0,1000.5542602539062,-4.38181940135786,-3.7914129030614254,1.7133452734463526,3.179806695634054,2.472621784702425,3.0040016420876454,-0.3392415705645515,1.8302718564023848,0.2097666486452584,2.5002630807775432
33.0,91.0,1000.5542602539062,-4.38181940135786,-3.791410647088578,1.713344045334723,3.1798377217878966,2.47262171734642,3.0039042085161625,-0.3392422722262328,1.8302718350428768,0.209766981236708,2.5002630916363096
33.0,91.0,1000.5542602539062,-4.38181940135786,-3.7913996490447657,1.713343667510827,3.179837794553139,2.472621786162744,3.003912506546678,-0.3392419226970875,1.8302718294642144,0.2097915381129783,2.500264147221157
33.0,91.0,1000.5542602539062,-4.381819401386316,-3.791424788835348,1.71344700144293,3.1797952876722446,2.4726217857344426,3.003906383483674,-0.3392767238762389,1.830271450944961,0.20979179676168,2.5002631437247063
33.0,91.0,1000.5542602539062,-4.38181940135786,-3.791410647088578,1.7133437300525232,3.179836915076476,2.472621786136348,3.003906383483674,-0.3392415556393657,1.830271450944961,0.2097916446386695,2.500264107828256
33.0,91.0,1000.5542602539062,-4.38181940135786,-3.791413455640687,1.7133446521999072,3.1798044447737386,2.4726218169564365,3.00399746451537,-0.3392341600620822,1.830271468091065,0.2097992388645853,2.500264141256778
33.0,91.0,1000.5542602539062,-4.38181940135786,-3.791412919622108,1.7133447528149308,3.1798374044415287,2.472621784281688,3.003906383483674,-0.3392341343516356,1.8302718511201752,0.20979179676168,2.500263236912903
33.0,91.0,1000.5542602539062,-4.38181940135786,-3.791412896510258,1.7133452670709255,3.179835756526556,2.472621823678132,3.0040016334294712,-0.3392403763377024,1.8302718503793505,0.2097677098957064,2.5002631434146942
33.0,91.0,1000.5542602539062,-4.38181940135786,-3.791412896510258,1.7133452079173928,3.1798021403481007,2.472621819867011,3.0040008101339724,-0.3392403894079505,1.8302718503793505,0.2097984722528477,2.5002641067329057
33.0,91.0,1000.5542602539062,-4.38181940135786,-3.7914129066605167,1.7133452366581934,3.179837418731544,2.472621786850459,3.0040012523745885,-0.3392410131603509,1.8302714724865616,0.209799108824558,2.500263920950073
33.0,91.0,1000.5542602539062,-4.38181940135786,-3.791410647088578,1.7133447134811102,3.1798808880336065,2.4726217200499807,3.00399413266501,-0.3392340378699809,1.830271450944961,0.2097991990612521,2.500264107828256
33.0,91.0,1000.5542602539062,-4.38181940135786,-3.791413455640687,1.7133446521999072,3.1798044447737386,2.4726218169564365,3.00399746451537,-0.3392341600620822,1.830271468091065,0.2097992388645853,2.500264141256778
33.0,91.0,1000.5542602539062,-4.38181940135786,-3.791418031730952,1.713344802953359,3.179834637909619,2.4726217150952023,3.0039956854230194,-0.3392571109417557,1.830271826715616,0.2097985213225245,2.5002632575607
33.0,91.0,1000.5542602539062,-4.38181940135786,-3.791410647088578,1.7133438402144991,3.1798358790946457,2.472621786194831,3.004000259414236,-0.3392419298195733,1.8302718536208165,0.2097681798996036,2.5002630916363096
33.0,92.0,1000.5542602539062,-4.38181940135786,-3.791410647088578,1.7133437300525232,3.179836915076476,2.472621786136348,3.003906383483674,-0.3392415556393657,1.830271450944961,0.20979179676168,2.500263143834757
33.0,92.0,1000.5542602539062,-4.38181940135786,-3.7914131595763294,1.713344756702286,3.179834656246138,2.4726218162105047,3.003995307003598,-0.3392578055523292,1.8302714565687408,0.2097991623499903,2.500263920950073
33.0,92.0,1000.5542602539062,-4.38181940135786,-3.7914178709014426,1.7133447612296704,3.1798819540494248,2.472621720053326,3.004000259190106,-0.3392341091442605,1.8302718294642144,0.2097990654518765,2.5002640742615
33.0,92.0,1000.5542602539062,-4.38181940135786,-3.791410065492028,1.713345282909266,3.1798374003950243,2.4726217842313343,3.0040010128887644,-0.3392340638313668,1.8302718567106755,0.2097986438074211,2.500264054578983
33.0,92.0,1000.5542602539062,-4.38181940135786,-3.7914131536983766,1.7133447612296704,3.1798819540494248,2.472621720053326,3.004000271921328,-0.3392341091442605,1.8302718294642144,0.2097990654518765,2.5002640742615
33.0,92.0,1000.5542602539062,-4.38181940135786,-3.7914178709014426,1.713344650939414,3.1798817675102704,2.472621720053326,3.004000255728014,-0.3392341091442605,1.8302718294642144,0.2097990698988821,2.5002640742615
33.0,92.0,1000.5542602539062,-4.38181940135786,-3.791412896510258,1.713345282909266,3.1798374003950243,2.4726217842313343,3.0040016420876454,-0.339240702332621,1.8302718567106755,0.2097984722528477,2.5002632360729624
33.0,92.0,1000.5542602539062,-4.38181940135786,-3.791410647088578,1.7134408171121722,3.179803446952878,2.472621786136348,3.003906383483674,-0.3392415556393657,1.830271450792125,0.2097667491870257,2.5002630916363096
33.0,92.0,1000.5542602539062,-4.38181940135786,-3.791412896510258,1.7133452670709255,3.1798021403481007,2.472621818556161,3.0040016420876454,-0.3392403894079505,1.8302718503793505,0.2097984722528477,2.500264094993965
33.0,92.0,1000.5542602539062,-4.38181940135786,-3.791410647088578,1.7133437300525232,3.179836915076476,2.472621786136348,3.003906383483674,-0.3392415556393657,1.830271450944961,0.20979179676168,2.500264107828256
33.0,92.0,1000.5542602539062,-4.38181940135786,-3.791410647088578,1.713443379854418,3.1798377217878966,2.4726217860105204,3.003906383483674,-0.3392415556393657,1.8302718350428768,0.2097667491870257,2.5002630916363096
33.0,92.0,1000.5542602539062,-4.38181940135786,-3.791410647088578,1.7133438402144991,3.179804302775334,2.472621786136348,3.0040002641717227,-0.3392415637161292,1.8302718529820496,0.2097681798996036,2.5002630916363096
33.0,92.0,1000.5542602539062,-4.38181940135786,-3.791412896510258,1.7133452734463526,3.1798374003950243,2.4726217846914285,3.0040016420876454,-0.339240702332621,1.8302718564023848,0.2097984722528477,2.5002632360729624
33.0,92.0,1000.5542602539062,-4.38181940135786,-3.7913996490447657,1.713344650939414,3.1798817675102704,2.4726217200763774,3.004000255728014,-0.3392344049277027,1.8302718294642144,0.2097989404125504,2.500264147221157
33.0,92.0,1000.5542602539062,-4.38181940135786,-3.791403087438392,1.7133447600533094,3.179883414434586,2.472621720053326,3.004000259190106,-0.3392341091442605,1.8302718294642144,0.2097990654518765,2.5002640742615
33.0,92.0,1000.5542602539062,-4.38181940135786,-3.791403087438392,1.7133398935884925,3.179883414434586,2.472621788767002,3.004002434157617,-0.3392341454038897,1.8302718294642144,0.2097990654518765,2.5002640742615
33.0,92.0,1000.5542602539062,-4.38181940135786,-3.791412919622108,1.7133437300525232,3.1798374044415287,2.472621784281688,3.003906383483674,-0.3392415556393657,1.8302718505440747,0.20979179676168,2.500263236912903
33.0,92.0,1000.5542602539062,-4.38181940135786,-3.791411102076245,1.7133438583847458,3.179803717986644,2.472621786136348,3.0040002641717227,-0.3392409290550328,1.8302718529820496,0.2097684268827769,2.5002630916363096
33.0,92.0,1000.5542602539062,-4.38181940135786,-3.791409041035616,1.713441283600033,3.1798022061355407,2.4726216664501623,3.003906191121969,-0.3392416292133533,1.830271861396257,0.2097671563370464,2.5002631519857026
33.0,92.0,1000.5542602539062,-4.38181940135786,-3.7914131595763294,1.713344756702286,3.179834656246138,2.4726217175857563,3.003995353090628,-0.3392579619085579,1.8302714724865616,0.2097991623499903,2.500263920950073
33.0,92.0,1000.5542602539062,-4.38181940135786,-3.791410647088578,1.7134482463192349,3.1798377217878966,2.4726217172968443,3.0039042085161625,-0.3392415193797365,1.8302718350428768,0.2097667491870257,2.5002630916363096
33.0,92.0,1000.5542602539062,-4.38181940135786,-3.791414982867782,1.7133451625052467,3.179883420891997,2.4726217840652778,3.00400027235084,-0.3392340370298377,1.8302718567106755,0.2097922821456871,2.500264074020331
33.0,92.0,1000.5542602539062,-4.38181940135786,-3.791410647088578,1.7133437300525232,3.1798828335351166,2.472621786136348,3.004000620495525,-0.3392415556393657,1.8302718714313588,0.20979179676168,2.500264107828256
33.0,92.0,1000.5542602539062,-4.38181940135786,-3.7914178709014426,1.7133446549723352,3.1798817675102704,2.4726217192399167,3.004000255728014,-0.3392341091442605,1.8302718294642144,0.2097990698988821,2.5002640742615
33.0,92.0,1000.5542602539062,-4.38181940135786,-3.791413455640687,1.7133446521999072,3.1798044447737386,2.4726218169564365,3.00399746451537,-0.3392341600620822,1.830271468091065,0.2097992388645853,2.500264141256778
33.0,92.0,1000.5542602539062,-4.38181940135786,-3.791412896510258,1.7133452670709255,3.179835756526556,2.472621823678132,3.0040016334294712,-0.3392403894079505,1.8302718503793505,0.2097986381916614,2.500264094993965
33.0,92.0,1000.5542602539062,-4.38181940135786,-3.7914174135079097,1.713344650939414,3.1798791577764782,2.47262171996699,3.004000255728014,-0.3392346871925509,1.8302718294642144,0.2097990698988821,2.500263043019882
33.0,92.0,1000.5542602539062,-4.38181940135786,-3.791403087438392,1.7133447600533094,3.1798833552156154,2.472621720053326,3.004000259190106,-0.3392341091442605,1.8302718294642144,0.2097990654518765,2.5002640742615
33.0,92.0,1000.5542602539062,-4.38181940135786,-3.7914131536983766,1.713364115561412,3.1798003842776867,2.472621720053326,3.0039034394942563,-0.3392341091442605,1.8302718303242864,0.2097990654518765,2.5002640742615
33.0,92.0,1000.5542602539062,-4.38181940135786,-3.791410647088578,1.7133438402144991,3.179804302775334,2.472621785023926,3.004000259414236,-0.3392415512464755,1.8302718528267783,0.2097681798996036,2.5002630916363096
33.0,92.0,1000.5542602539062,-4.38181940135786,-3.791412896510258,1.7133446605343985,3.179882911800807,2.4726217846914285,3.0040003129560464,-0.339240702332621,1.8302718291365463,0.2097990923259076,2.5002632360729624
33.0,92.0,1000.5542602539062,-4.38181940135786,-3.791403087438392,1.713343737290902,3.1798833552156154,2.472621720053326,3.004000259190106,-0.3392415304319907,1.830271828888114,0.2097990654518765,2.5002640742615
33.0,92.0,1000.5542602539062,-4.38181940135786,-3.791412889714025,1.7133447612707118,3.1798819540494248,2.472621720053326,3.004000272044644,-0.3392341091442605,1.8302718294642144,0.2097990654518765,2.5002640742615
33.0,92.0,1000.5542602539062,-4.38181940135786,-3.791409041035616,1.713441283600033,3.1798022061355407,2.4726216664501623,3.003906191121969,-0.3392416422836015,1.830271861396257,0.2097980846330014,2.500264103564973
33.0,92.0,1000.5542602539062,-4.38181940135786,-3.791413455640687,1.7133446521999072,3.1798070051760616,2.472621816207151,3.003995199288662,-0.3392582899893485,1.8302714563926048,0.2097992388645853,2.500264141256778
33.0,92.0,1000.5542602539062,-4.38181940135786,-3.791413149426072,1.713344802953359,3.179834637909619,2.4726217149666314,3.003995742803684,-0.339257651080828,1.8302718567106755,0.2097985257782799,2.5002632360729624
33.0,92.0,1000.5542602539062,-4.38181940135786,-3.7914129030614254,1.7133452734463526,3.179806695634054,2.472621784702425,3.0040016420876454,-0.3392415705645515,1.8302718564023848,0.2097666486452584,2.5002630807775432
33.0,92.0,1000.5542602539062,-4.38181940135786,-3.791410647088578,1.713344045334723,3.1798377217878966,2.47262171734642,3.0039042085161625,-0.3392422722262328,1.8302718350428768,0.209766981236708,2.5002630916363096
33.0,92.0,1000.5542602539062,-4.38181940135786,-3.7913996490447657,1.713343667510827,3.179837794553139,2.472621786162744,3.003912506546678,-0.3392419226970875,1.8302718294642144,0.2097915381129783,2.500264147221157
33.0,92.0,1000.5542602539062,-4.381819401386316,-3.791424788835348,1.71344700144293,3.1797952876722446,2.4726217857344426,3.003906383483674,-0.3392767238762389,1.830271450944961,0.20979179676168,2.5002631437247063
33.0,92.0,1000.5542602539062,-4.38181940135786,-3.791410647088578,1.7133437300525232,3.179836915076476,2.472621786136348,3.003906383483674,-0.3392415556393657,1.830271450944961,0.2097916446386695,2.500264107828256
33.0,92.0,1000.5542602539062,-4.38181940135786,-3.791413455640687,1.7133446521999072,3.1798044447737386,2.4726218169564365,3.00399746451537,-0.3392341600620822,1.830271468091065,0.2097992388645853,2.500264141256778
33.0,92.0,1000.5542602539062,-4.38181940135786,-3.791412919622108,1.7133447528149308,3.1798374044415287,2.472621784281688,3.003906383483674,-0.3392341343516356,1.8302718511201752,0.20979179676168,2.500263236912903
33.0,92.0,1000.5542602539062,-4.38181940135786,-3.791412896510258,1.7133452670709255,3.179835756526556,2.472621823678132,3.0040016334294712,-0.3392403763377024,1.8302718503793505,0.2097677098957064,2.5002631434146942
33.0,92.0,1000.5542602539062,-4.38181940135786,-3.791412896510258,1.7133452079173928,3.1798021403481007,2.472621819867011,3.0040008101339724,-0.3392403894079505,1.8302718503793505,0.2097984722528477,2.5002641067329057
33.0,92.0,1000.5542602539062,-4.38181940135786,-3.7914129066605167,1.7133452366581934,3.179837418731544,2.472621786850459,3.0040012523745885,-0.3392410131603509,1.8302714724865616,0.209799108824558,2.500263920950073
33.0,92.0,1000.5542602539062,-4.38181940135786,-3.791410647088578,1.7133447134811102,3.1798808880336065,2.4726217200499807,3.00399413266501,-0.3392340378699809,1.830271450944961,0.2097991990612521,2.500264107828256
33.0,92.0,1000.5542602539062,-4.38181940135786,-3.791413455640687,1.7133446521999072,3.1798044447737386,2.4726218169564365,3.00399746451537,-0.3392341600620822,1.830271468091065,0.2097992388645853,2.500264141256778
33.0,92.0,1000.5542602539062,-4.38181940135786,-3.791418031730952,1.713344802953359,3.179834637909619,2.4726217150952023,3.0039956854230194,-0.3392571109417557,1.830271826715616,0.2097985213225245,2.5002632575607
33.0,92.0,1000.5542602539062,-4.38181940135786,-3.791410647088578,1.7133438402144991,3.1798358790946457,2.472621786194831,3.004000259414236,-0.3392419298195733,1.8302718536208165,0.2097681798996036,2.5002630916363096
33.0,93.0,1000.5542602539062,-4.38181940135786,-3.791410647088578,1.7133437300525232,3.179836915076476,2.472621786136348,3.003906383483674,-0.3392415556393657,1.830271450944961,0.20979179676168,2.500263143834757
33.0,93.0,1000.5542602539062,-4.38181940135786,-3.7914131595763294,1.713344756702286,3.179834656246138,2.4726218162105047,3.003995307003598,-0.3392578055523292,1.8302714565687408,0.2097991623499903,2.500263920950073
33.0,93.0,1000.5542602539062,-4.38181940135786,-3.7914178709014426,1.7133447612296704,3.1798819540494248,2.472621720053326,3.004000259190106,-0.3392341091442605,1.8302718294642144,0.2097990654518765,2.5002640742615
33.0,93.0,1000.5542602539062,-4.38181940135786,-3.791410065492028,1.713345282909266,3.1798374003950243,2.4726217842313343,3.0040010128887644,-0.3392340638313668,1.8302718567106755,0.2097986438074211,2.500264054578983
33.0,93.0,1000.5542602539062,-4.38181940135786,-3.7914131536983766,1.7133447612296704,3.1798819540494248,2.472621720053326,3.004000271921328,-0.3392341091442605,1.8302718294642144,0.2097990654518765,2.5002640742615
33.0,93.0,1000.5542602539062,-4.38181940135786,-3.7914178709014426,1.713344650939414,3.1798817675102704,2.472621720053326,3.004000255728014,-0.3392341091442605,1.8302718294642144,0.2097990698988821,2.5002640742615
33.0,93.0,1000.5542602539062,-4.38181940135786,-3.791412896510258,1.713345282909266,3.1798374003950243,2.4726217842313343,3.0040016420876454,-0.339240702332621,1.8302718567106755,0.2097984722528477,2.5002632360729624
33.0,93.0,1000.5542602539062,-4.38181940135786,-3.791410647088578,1.7134408171121722,3.179803446952878,2.472621786136348,3.003906383483674,-0.3392415556393657,1.830271450792125,0.2097667491870257,2.5002630916363096
33.0,93.0,1000.5542602539062,-4.38181940135786,-3.791412896510258,1.7133452670709255,3.1798021403481007,2.472621818556161,3.0040016420876454,-0.3392403894079505,1.8302718503793505,0.2097984722528477,2.500264094993965
33.0,93.0,1000.5542602539062,-4.38181940135786,-3.791410647088578,1.7133437300525232,3.179836915076476,2.472621786136348,3.003906383483674,-0.3392415556393657,1.830271450944961,0.20979179676168,2.500264107828256
33.0,93.0,1000.5542602539062,-4.38181940135786,-3.791410647088578,1.713443379854418,3.1798377217878966,2.4726217860105204,3.003906383483674,-0.3392415556393657,1.8302718350428768,0.2097667491870257,2.5002630916363096
33.0,93.0,1000.5542602539062,-4.38181940135786,-3.791410647088578,1.7133438402144991,3.179804302775334,2.472621786136348,3.0040002641717227,-0.3392415637161292,1.8302718529820496,0.2097681798996036,2.5002630916363096
33.0,93.0,1000.5542602539062,-4.38181940135786,-3.791412896510258,1.7133452734463526,3.1798374003950243,2.4726217846914285,3.0040016420876454,-0.339240702332621,1.8302718564023848,0.2097984722528477,2.5002632360729624
33.0,93.0,1000.5542602539062,-4.38181940135786,-3.7913996490447657,1.713344650939414,3.1798817675102704,2.4726217200763774,3.004000255728014,-0.3392344049277027,1.8302718294642144,0.2097989404125504,2.500264147221157
33.0,93.0,1000.5542602539062,-4.38181940135786,-3.791403087438392,1.7133447600533094,3.179883414434586,2.472621720053326,3.004000259190106,-0.3392341091442605,1.8302718294642144,0.2097990654518765,2.5002640742615
33.0,93.0,1000.5542602539062,-4.38181940135786,-3.791403087438392,1.7133398935884925,3.179883414434586,2.472621788767002,3.004002434157617,-0.3392341454038897,1.8302718294642144,0.2097990654518765,2.5002640742615
33.0,93.0,1000.5542602539062,-4.38181940135786,-3.791412919622108,1.7133437300525232,3.1798374044415287,2.472621784281688,3.003906383483674,-0.3392415556393657,1.8302718505440747,0.20979179676168,2.500263236912903
33.0,93.0,1000.5542602539062,-4.38181940135786,-3.791411102076245,1.7133438583847458,3.179803717986644,2.472621786136348,3.0040002641717227,-0.3392409290550328,1.8302718529820496,0.2097684268827769,2.5002630916363096
33.0,93.0,1000.5542602539062,-4.38181940135786,-3.791409041035616,1.713441283600033,3.1798022061355407,2.4726216664501623,3.003906191121969,-0.3392416292133533,1.830271861396257,0.2097671563370464,2.5002631519857026
33.0,93.0,1000.5542602539062,-4.38181940135786,-3.7914131595763294,1.713344756702286,3.179834656246138,2.4726217175857563,3.003995353090628,-0.3392579619085579,1.8302714724865616,0.2097991623499903,2.500263920950073
33.0,93.0,1000.5542602539062,-4.38181940135786,-3.791410647088578,1.7134482463192349,3.1798377217878966,2.4726217172968443,3.0039042085161625,-0.3392415193797365,1.8302718350428768,0.2097667491870257,2.5002630916363096
33.0,93.0,1000.5542602539062,-4.38181940135786,-3.791414982867782,1.7133451625052467,3.179883420891997,2.4726217840652778,3.00400027235084,-0.3392340370298377,1.8302718567106755,0.2097922821456871,2.500264074020331
33.0,93.0,1000.5542602539062,-4.38181940135786,-3.791410647088578,1.7133437300525232,3.1798828335351166,2.472621786136348,3.004000620495525,-0.3392415556393657,1.8302718714313588,0.20979179676168,2.500264107828256
33.0,93.0,1000.5542602539062,-4.38181940135786,-3.7914178709014426,1.7133446549723352,3.1798817675102704,2.4726217192399167,3.004000255728014,-0.3392341091442605,1.8302718294642144,0.2097990698988821,2.5002640742615
33.0,93.0,1000.5542602539062,-4.38181940135786,-3.791413455640687,1.7133446521999072,3.1798044447737386,2.4726218169564365,3.00399746451537,-0.3392341600620822,1.830271468091065,0.2097992388645853,2.500264141256778
33.0,93.0,1000.5542602539062,-4.38181940135786,-3.791412896510258,1.7133452670709255,3.179835756526556,2.472621823678132,3.0040016334294712,-0.3392403894079505,1.8302718503793505,0.2097986381916614,2.500264094993965
33.0,93.0,1000.5542602539062,-4.38181940135786,-3.7914174135079097,1.713344650939414,3.1798791577764782,2.47262171996699,3.004000255728014,-0.3392346871925509,1.8302718294642144,0.2097990698988821,2.500263043019882
33.0,93.0,1000.5542602539062,-4.38181940135786,-3.791403087438392,1.7133447600533094,3.1798833552156154,2.472621720053326,3.004000259190106,-0.3392341091442605,1.8302718294642144,0.2097990654518765,2.5002640742615
33.0,93.0,1000.5542602539062,-4.38181940135786,-3.7914131536983766,1.713364115561412,3.1798003842776867,2.472621720053326,3.0039034394942563,-0.3392341091442605,1.8302718303242864,0.2097990654518765,2.5002640742615
33.0,93.0,1000.5542602539062,-4.38181940135786,-3.791410647088578,1.7133438402144991,3.179804302775334,2.472621785023926,3.004000259414236,-0.3392415512464755,1.8302718528267783,0.2097681798996036,2.5002630916363096
33.0,93.0,1000.5542602539062,-4.38181940135786,-3.791412896510258,1.7133446605343985,3.179882911800807,2.4726217846914285,3.0040003129560464,-0.339240702332621,1.8302718291365463,0.2097990923259076,2.5002632360729624
33.0,93.0,1000.5542602539062,-4.38181940135786,-3.791403087438392,1.713343737290902,3.1798833552156154,2.472621720053326,3.004000259190106,-0.3392415304319907,1.830271828888114,0.2097990654518765,2.5002640742615
33.0,93.0,1000.5542602539062,-4.38181940135786,-3.791412889714025,1.7133447612707118,3.1798819540494248,2.472621720053326,3.004000272044644,-0.3392341091442605,1.8302718294642144,0.2097990654518765,2.5002640742615
33.0,93.0,1000.5542602539062,-4.38181940135786,-3.791409041035616,1.713441283600033,3.1798022061355407,2.4726216664501623,3.003906191121969,-0.3392416422836015,1.830271861396257,0.2097980846330014,2.500264103564973
33.0,93.0,1000.5542602539062,-4.38181940135786,-3.791413455640687,1.7133446521999072,3.1798070051760616,2.472621816207151,3.003995199288662,-0.3392582899893485,1.8302714563926048,0.2097992388645853,2.500264141256778
33.0,93.0,1000.5542602539062,-4.38181940135786,-3.791413149426072,1.713344802953359,3.179834637909619,2.4726217149666314,3.003995742803684,-0.339257651080828,1.8302718567106755,0.2097985257782799,2.5002632360729624
33.0,93.0,1000.5542602539062,-4.38181940135786,-3.7914129030614254,1.7133452734463526,3.179806695634054,2.472621784702425,3.0040016420876454,-0.3392415705645515,1.8302718564023848,0.2097666486452584,2.5002630807775432
33.0,93.0,1000.5542602539062,-4.38181940135786,-3.791410647088578,1.713344045334723,3.1798377217878966,2.47262171734642,3.0039042085161625,-0.3392422722262328,1.8302718350428768,0.209766981236708,2.5002630916363096
33.0,93.0,1000.5542602539062,-4.38181940135786,-3.7913996490447657,1.713343667510827,3.179837794553139,2.472621786162744,3.003912506546678,-0.3392419226970875,1.8302718294642144,0.2097915381129783,2.500264147221157
33.0,93.0,1000.5542602539062,-4.381819401386316,-3.791424788835348,1.71344700144293,3.1797952876722446,2.4726217857344426,3.003906383483674,-0.3392767238762389,1.830271450944961,0.20979179676168,2.5002631437247063
33.0,93.0,1000.5542602539062,-4.38181940135786,-3.791410647088578,1.7133437300525232,3.179836915076476,2.472621786136348,3.003906383483674,-0.3392415556393657,1.830271450944961,0.2097916446386695,2.500264107828256
33.0,93.0,1000.5542602539062,-4.38181940135786,-3.791413455640687,1.7133446521999072,3.1798044447737386,2.4726218169564365,3.00399746451537,-0.3392341600620822,1.830271468091065,0.2097992388645853,2.500264141256778
33.0,93.0,1000.5542602539062,-4.38181940135786,-3.791412919622108,1.7133447528149308,3.1798374044415287,2.472621784281688,3.003906383483674,-0.3392341343516356,1.8302718511201752,0.20979179676168,2.500263236912903
33.0,93.0,1000.5542602539062,-4.38181940135786,-3.791412896510258,1.7133452670709255,3.179835756526556,2.472621823678132,3.0040016334294712,-0.3392403763377024,1.8302718503793505,0.2097677098957064,2.5002631434146942
33.0,93.0,1000.5542602539062,-4.38181940135786,-3.791412896510258,1.7133452079173928,3.1798021403481007,2.472621819867011,3.0040008101339724,-0.3392403894079505,1.8302718503793505,0.2097984722528477,2.5002641067329057
33.0,93.0,1000.5542602539062,-4.38181940135786,-3.7914129066605167,1.7133452366581934,3.179837418731544,2.472621786850459,3.0040012523745885,-0.3392410131603509,1.8302714724865616,0.209799108824558,2.500263920950073
33.0,93.0,1000.5542602539062,-4.38181940135786,-3.791410647088578,1.7133447134811102,3.1798808880336065,2.4726217200499807,3.00399413266501,-0.3392340378699809,1.830271450944961,0.2097991990612521,2.500264107828256
33.0,93.0,1000.5542602539062,-4.38181940135786,-3.791413455640687,1.7133446521999072,3.1798044447737386,2.4726218169564365,3.00399746451537,-0.3392341600620822,1.830271468091065,0.2097992388645853,2.500264141256778
33.0,93.0,1000.5542602539062,-4.38181940135786,-3.791418031730952,1.713344802953359,3.179834637909619,2.4726217150952023,3.0039956854230194,-0.3392571109417557,1.830271826715616,0.2097985213225245,2.5002632575607
33.0,93.0,1000.5542602539062,-4.38181940135786,-3.791410647088578,1.7133438402144991,3.1798358790946457,2.472621786194831,3.004000259414236,-0.3392419298195733,1.8302718536208165,0.2097681798996036,2.5002630916363096
33.0,94.0,1000.5542602539062,-4.38181940135786,-3.791410647088578,1.7133437300525232,3.179836915076476,2.472621786136348,3.003906383483674,-0.3392415556393657,1.830271450944961,0.20979179676168,2.500263143834757
33.0,94.0,1000.5542602539062,-4.38181940135786,-3.7914131595763294,1.713344756702286,3.179834656246138,2.4726218162105047,3.003995307003598,-0.3392578055523292,1.8302714565687408,0.2097991623499903,2.500263920950073
33.0,94.0,1000.5542602539062,-4.38181940135786,-3.7914178709014426,1.7133447612296704,3.1798819540494248,2.472621720053326,3.004000259190106,-0.3392341091442605,1.8302718294642144,0.2097990654518765,2.5002640742615
33.0,94.0,1000.5542602539062,-4.38181940135786,-3.791410065492028,1.713345282909266,3.1798374003950243,2.4726217842313343,3.0040010128887644,-0.3392340638313668,1.8302718567106755,0.2097986438074211,2.500264054578983
33.0,94.0,1000.5542602539062,-4.38181940135786,-3.7914131536983766,1.7133447612296704,3.1798819540494248,2.472621720053326,3.004000271921328,-0.3392341091442605,1.8302718294642144,0.2097990654518765,2.5002640742615
33.0,94.0,1000.5542602539062,-4.38181940135786,-3.7914178709014426,1.713344650939414,3.1798817675102704,2.472621720053326,3.004000255728014,-0.3392341091442605,1.8302718294642144,0.2097990698988821,2.5002640742615
33.0,94.0,1000.5542602539062,-4.38181940135786,-3.791412896510258,1.713345282909266,3.1798374003950243,2.4726217842313343,3.0040016420876454,-0.339240702332621,1.8302718567106755,0.2097984722528477,2.5002632360729624
33.0,94.0,1000.5542602539062,-4.38181940135786,-3.791410647088578,1.7134408171121722,3.179803446952878,2.472621786136348,3.003906383483674,-0.3392415556393657,1.830271450792125,0.2097667491870257,2.5002630916363096
33.0,94.0,1000.5542602539062,-4.38181940135786,-3.791412896510258,1.7133452670709255,3.1798021403481007,2.472621818556161,3.0040016420876454,-0.3392403894079505,1.8302718503793505,0.2097984722528477,2.500264094993965
33.0,94.0,1000.5542602539062,-4.38181940135786,-3.791410647088578,1.7133437300525232,3.179836915076476,2.472621786136348,3.003906383483674,-0.3392415556393657,1.830271450944961,0.20979179676168,2.500264107828256
33.0,94.0,1000.5542602539062,-4.38181940135786,-3.791410647088578,1.713443379854418,3.1798377217878966,2.4726217860105204,3.003906383483674,-0.3392415556393657,1.8302718350428768,0.2097667491870257,2.5002630916363096
33.0,94.0,1000.5542602539062,-4.38181940135786,-3.791410647088578,1.7133438402144991,3.179804302775334,2.472621786136348,3.0040002641717227,-0.3392415637161292,1.8302718529820496,0.2097681798996036,2.5002630916363096
33.0,94.0,1000.5542602539062,-4.38181940135786,-3.791412896510258,1.7133452734463526,3.1798374003950243,2.4726217846914285,3.0040016420876454,-0.339240702332621,1.8302718564023848,0.2097984722528477,2.5002632360729624
33.0,94.0,1000.5542602539062,-4.38181940135786,-3.7913996490447657,1.713344650939414,3.1798817675102704,2.4726217200763774,3.004000255728014,-0.3392344049277027,1.8302718294642144,0.2097989404125504,2.500264147221157
33.0,94.0,1000.5542602539062,-4.38181940135786,-3.791403087438392,1.7133447600533094,3.179883414434586,2.472621720053326,3.004000259190106,-0.3392341091442605,1.8302718294642144,0.2097990654518765,2.5002640742615
33.0,94.0,1000.5542602539062,-4.38181940135786,-3.791403087438392,1.7133398935884925,3.179883414434586,2.472621788767002,3.004002434157617,-0.3392341454038897,1.8302718294642144,0.2097990654518765,2.5002640742615
33.0,94.0,1000.5542602539062,-4.38181940135786,-3.791412919622108,1.7133437300525232,3.1798374044415287,2.472621784281688,3.003906383483674,-0.3392415556393657,1.8302718505440747,0.20979179676168,2.500263236912903
33.0,94.0,1000.5542602539062,-4.38181940135786,-3.791411102076245,1.7133438583847458,3.179803717986644,2.472621786136348,3.0040002641717227,-0.3392409290550328,1.8302718529820496,0.2097684268827769,2.5002630916363096
33.0,94.0,1000.5542602539062,-4.38181940135786,-3.791409041035616,1.713441283600033,3.1798022061355407,2.4726216664501623,3.003906191121969,-0.3392416292133533,1.830271861396257,0.2097671563370464,2.5002631519857026
33.0,94.0,1000.5542602539062,-4.38181940135786,-3.7914131595763294,1.713344756702286,3.179834656246138,2.4726217175857563,3.003995353090628,-0.3392579619085579,1.8302714724865616,0.2097991623499903,2.500263920950073
33.0,94.0,1000.5542602539062,-4.38181940135786,-3.791410647088578,1.7134482463192349,3.1798377217878966,2.4726217172968443,3.0039042085161625,-0.3392415193797365,1.8302718350428768,0.2097667491870257,2.5002630916363096
33.0,94.0,1000.5542602539062,-4.38181940135786,-3.791414982867782,1.7133451625052467,3.179883420891997,2.4726217840652778,3.00400027235084,-0.3392340370298377,1.8302718567106755,0.2097922821456871,2.500264074020331
33.0,94.0,1000.5542602539062,-4.38181940135786,-3.791410647088578,1.7133437300525232,3.1798828335351166,2.472621786136348,3.004000620495525,-0.3392415556393657,1.8302718714313588,0.20979179676168,2.500264107828256
33.0,94.0,1000.5542602539062,-4.38181940135786,-3.7914178709014426,1.7133446549723352,3.1798817675102704,2.4726217192399167,3.004000255728014,-0.3392341091442605,1.8302718294642144,0.2097990698988821,2.5002640742615
33.0,94.0,1000.5542602539062,-4.38181940135786,-3.791413455640687,1.7133446521999072,3.1798044447737386,2.4726218169564365,3.00399746451537,-0.3392341600620822,1.830271468091065,0.2097992388645853,2.500264141256778
33.0,94.0,1000.5542602539062,-4.38181940135786,-3.791412896510258,1.7133452670709255,3.179835756526556,2.472621823678132,3.0040016334294712,-0.3392403894079505,1.8302718503793505,0.2097986381916614,2.500264094993965
33.0,94.0,1000.5542602539062,-4.38181940135786,-3.7914174135079097,1.713344650939414,3.1798791577764782,2.47262171996699,3.004000255728014,-0.3392346871925509,1.8302718294642144,0.2097990698988821,2.500263043019882
33.0,94.0,1000.5542602539062,-4.38181940135786,-3.791403087438392,1.7133447600533094,3.1798833552156154,2.472621720053326,3.004000259190106,-0.3392341091442605,1.8302718294642144,0.2097990654518765,2.5002640742615
33.0,94.0,1000.5542602539062,-4.38181940135786,-3.7914131536983766,1.713364115561412,3.1798003842776867,2.472621720053326,3.0039034394942563,-0.3392341091442605,1.8302718303242864,0.2097990654518765,2.5002640742615
33.0,94.0,1000.5542602539062,-4.38181940135786,-3.791410647088578,1.7133438402144991,3.179804302775334,2.472621785023926,3.004000259414236,-0.3392415512464755,1.8302718528267783,0.2097681798996036,2.5002630916363096
33.0,94.0,1000.5542602539062,-4.38181940135786,-3.791412896510258,1.7133446605343985,3.179882911800807,2.4726217846914285,3.0040003129560464,-0.339240702332621,1.8302718291365463,0.2097990923259076,2.5002632360729624
33.0,94.0,1000.5542602539062,-4.38181940135786,-3.791403087438392,1.713343737290902,3.1798833552156154,2.472621720053326,3.004000259190106,-0.3392415304319907,1.830271828888114,0.2097990654518765,2.5002640742615
33.0,94.0,1000.5542602539062,-4.38181940135786,-3.791412889714025,1.7133447612707118,3.1798819540494248,2.472621720053326,3.004000272044644,-0.3392341091442605,1.8302718294642144,0.2097990654518765,2.5002640742615
33.0,94.0,1000.5542602539062,-4.38181940135786,-3.791409041035616,1.713441283600033,3.1798022061355407,2.4726216664501623,3.003906191121969,-0.3392416422836015,1.830271861396257,0.2097980846330014,2.500264103564973
33.0,94.0,1000.5542602539062,-4.38181940135786,-3.791413455640687,1.7133446521999072,3.1798070051760616,2.472621816207151,3.003995199288662,-0.3392582899893485,1.8302714563926048,0.2097992388645853,2.500264141256778
33.0,94.0,1000.5542602539062,-4.38181940135786,-3.791413149426072,1.713344802953359,3.179834637909619,2.4726217149666314,3.003995742803684,-0.339257651080828,1.8302718567106755,0.2097985257782799,2.5002632360729624
33.0,94.0,1000.5542602539062,-4.38181940135786,-3.7914129030614254,1.7133452734463526,3.179806695634054,2.472621784702425,3.0040016420876454,-0.3392415705645515,1.8302718564023848,0.2097666486452584,2.5002630807775432
33.0,94.0,1000.5542602539062,-4.38181940135786,-3.791410647088578,1.713344045334723,3.1798377217878966,2.47262171734642,3.0039042085161625,-0.3392422722262328,1.8302718350428768,0.209766981236708,2.5002630916363096
33.0,94.0,1000.5542602539062,-4.38181940135786,-3.7913996490447657,1.713343667510827,3.179837794553139,2.472621786162744,3.003912506546678,-0.3392419226970875,1.8302718294642144,0.2097915381129783,2.500264147221157
33.0,94.0,1000.5542602539062,-4.381819401386316,-3.791424788835348,1.71344700144293,3.1797952876722446,2.4726217857344426,3.003906383483674,-0.3392767238762389,1.830271450944961,0.20979179676168,2.5002631437247063
33.0,94.0,1000.5542602539062,-4.38181940135786,-3.791410647088578,1.7133437300525232,3.179836915076476,2.472621786136348,3.003906383483674,-0.3392415556393657,1.830271450944961,0.2097916446386695,2.500264107828256
33.0,94.0,1000.5542602539062,-4.38181940135786,-3.791413455640687,1.7133446521999072,3.1798044447737386,2.4726218169564365,3.00399746451537,-0.3392341600620822,1.830271468091065,0.2097992388645853,2.500264141256778
33.0,94.0,1000.5542602539062,-4.38181940135786,-3.791412919622108,1.7133447528149308,3.1798374044415287,2.472621784281688,3.003906383483674,-0.3392341343516356,1.8302718511201752,0.20979179676168,2.500263236912903
33.0,94.0,1000.5542602539062,-4.38181940135786,-3.791412896510258,1.7133452670709255,3.179835756526556,2.472621823678132,3.0040016334294712,-0.3392403763377024,1.8302718503793505,0.2097677098957064,2.5002631434146942
33.0,94.0,1000.5542602539062,-4.38181940135786,-3.791412896510258,1.7133452079173928,3.1798021403481007,2.472621819867011,3.0040008101339724,-0.3392403894079505,1.8302718503793505,0.2097984722528477,2.5002641067329057
33.0,94.0,1000.5542602539062,-4.38181940135786,-3.7914129066605167,1.7133452366581934,3.179837418731544,2.472621786850459,3.0040012523745885,-0.3392410131603509,1.8302714724865616,0.209799108824558,2.500263920950073
33.0,94.0,1000.5542602539062,-4.38181940135786,-3.791410647088578,1.7133447134811102,3.1798808880336065,2.4726217200499807,3.00399413266501,-0.3392340378699809,1.830271450944961,0.2097991990612521,2.500264107828256
33.0,94.0,1000.5542602539062,-4.38181940135786,-3.791413455640687,1.7133446521999072,3.1798044447737386,2.4726218169564365,3.00399746451537,-0.3392341600620822,1.830271468091065,0.2097992388645853,2.500264141256778
33.0,94.0,1000.5542602539062,-4.38181940135786,-3.791418031730952,1.713344802953359,3.179834637909619,2.4726217150952023,3.0039956854230194,-0.3392571109417557,1.830271826715616,0.2097985213225245,2.5002632575607
33.0,94.0,1000.5542602539062,-4.38181940135786,-3.791410647088578,1.7133438402144991,3.1798358790946457,2.472621786194831,3.004000259414236,-0.3392419298195733,1.8302718536208165,0.2097681798996036,2.5002630916363096
33.0,95.0,1000.5542602539062,-4.38181940135786,-3.791410647088578,1.7133437300525232,3.179836915076476,2.472621786136348,3.003906383483674,-0.3392415556393657,1.830271450944961,0.20979179676168,2.500263143834757
33.0,95.0,1000.5542602539062,-4.38181940135786,-3.7914131595763294,1.713344756702286,3.179834656246138,2.4726218162105047,3.003995307003598,-0.3392578055523292,1.8302714565687408,0.2097991623499903,2.500263920950073
33.0,95.0,1000.5542602539062,-4.38181940135786,-3.7914178709014426,1.7133447612296704,3.1798819540494248,2.472621720053326,3.004000259190106,-0.3392341091442605,1.8302718294642144,0.2097990654518765,2.5002640742615
33.0,95.0,1000.5542602539062,-4.38181940135786,-3.791410065492028,1.713345282909266,3.1798374003950243,2.4726217842313343,3.0040010128887644,-0.3392340638313668,1.8302718567106755,0.2097986438074211,2.500264054578983
33.0,95.0,1000.5542602539062,-4.38181940135786,-3.7914131536983766,1.7133447612296704,3.1798819540494248,2.472621720053326,3.004000271921328,-0.3392341091442605,1.8302718294642144,0.2097990654518765,2.5002640742615
33.0,95.0,1000.5542602539062,-4.38181940135786,-3.7914178709014426,1.713344650939414,3.1798817675102704,2.472621720053326,3.004000255728014,-0.3392341091442605,1.8302718294642144,0.2097990698988821,2.5002640742615
33.0,95.0,1000.5542602539062,-4.38181940135786,-3.791412896510258,1.713345282909266,3.1798374003950243,2.4726217842313343,3.0040016420876454,-0.339240702332621,1.8302718567106755,0.2097984722528477,2.5002632360729624
33.0,95.0,1000.5542602539062,-4.38181940135786,-3.791410647088578,1.7134408171121722,3.179803446952878,2.472621786136348,3.003906383483674,-0.3392415556393657,1.830271450792125,0.2097667491870257,2.5002630916363096
33.0,95.0,1000.5542602539062,-4.38181940135786,-3.791412896510258,1.7133452670709255,3.1798021403481007,2.472621818556161,3.0040016420876454,-0.3392403894079505,1.8302718503793505,0.2097984722528477,2.500264094993965
33.0,95.0,1000.5542602539062,-4.38181940135786,-3.791410647088578,1.7133437300525232,3.179836915076476,2.472621786136348,3.003906383483674,-0.3392415556393657,1.830271450944961,0.20979179676168,2.500264107828256
33.0,95.0,1000.5542602539062,-4.38181940135786,-3.791410647088578,1.713443379854418,3.1798377217878966,2.4726217860105204,3.003906383483674,-0.3392415556393657,1.8302718350428768,0.2097667491870257,2.5002630916363096
33.0,95.0,1000.5542602539062,-4.38181940135786,-3.791410647088578,1.7133438402144991,3.179804302775334,2.472621786136348,3.0040002641717227,-0.3392415637161292,1.8302718529820496,0.2097681798996036,2.5002630916363096
33.0,95.0,1000.5542602539062,-4.38181940135786,-3.791412896510258,1.7133452734463526,3.1798374003950243,2.4726217846914285,3.0040016420876454,-0.339240702332621,1.8302718564023848,0.2097984722528477,2.5002632360729624
33.0,95.0,1000.5542602539062,-4.38181940135786,-3.7913996490447657,1.713344650939414,3.1798817675102704,2.4726217200763774,3.004000255728014,-0.3392344049277027,1.8302718294642144,0.2097989404125504,2.500264147221157
33.0,95.0,1000.5542602539062,-4.38181940135786,-3.791403087438392,1.7133447600533094,3.179883414434586,2.472621720053326,3.004000259190106,-0.3392341091442605,1.8302718294642144,0.2097990654518765,2.5002640742615
33.0,95.0,1000.5542602539062,-4.38181940135786,-3.791403087438392,1.7133398935884925,3.179883414434586,2.472621788767002,3.004002434157617,-0.3392341454038897,1.8302718294642144,0.2097990654518765,2.5002640742615
33.0,95.0,1000.5542602539062,-4.38181940135786,-3.791412919622108,1.7133437300525232,3.1798374044415287,2.472621784281688,3.003906383483674,-0.3392415556393657,1.8302718505440747,0.20979179676168,2.500263236912903
33.0,95.0,1000.5542602539062,-4.38181940135786,-3.791411102076245,1.7133438583847458,3.179803717986644,2.472621786136348,3.0040002641717227,-0.3392409290550328,1.8302718529820496,0.2097684268827769,2.5002630916363096
33.0,95.0,1000.5542602539062,-4.38181940135786,-3.791409041035616,1.713441283600033,3.1798022061355407,2.4726216664501623,3.003906191121969,-0.3392416292133533,1.830271861396257,0.2097671563370464,2.5002631519857026
33.0,95.0,1000.5542602539062,-4.38181940135786,-3.7914131595763294,1.713344756702286,3.179834656246138,2.4726217175857563,3.003995353090628,-0.3392579619085579,1.8302714724865616,0.2097991623499903,2.500263920950073
33.0,95.0,1000.5542602539062,-4.38181940135786,-3.791410647088578,1.7134482463192349,3.1798377217878966,2.4726217172968443,3.0039042085161625,-0.3392415193797365,1.8302718350428768,0.2097667491870257,2.5002630916363096
33.0,95.0,1000.5542602539062,-4.38181940135786,-3.791414982867782,1.7133451625052467,3.179883420891997,2.4726217840652778,3.00400027235084,-0.3392340370298377,1.8302718567106755,0.2097922821456871,2.500264074020331
33.0,95.0,1000.5542602539062,-4.38181940135786,-3.791410647088578,1.7133437300525232,3.1798828335351166,2.472621786136348,3.004000620495525,-0.3392415556393657,1.8302718714313588,0.20979179676168,2.500264107828256
33.0,95.0,1000.5542602539062,-4.38181940135786,-3.7914178709014426,1.7133446549723352,3.1798817675102704,2.4726217192399167,3.004000255728014,-0.3392341091442605,1.8302718294642144,0.2097990698988821,2.5002640742615
33.0,95.0,1000.5542602539062,-4.38181940135786,-3.791413455640687,1.7133446521999072,3.1798044447737386,2.4726218169564365,3.00399746451537,-0.3392341600620822,1.830271468091065,0.2097992388645853,2.500264141256778
33.0,95.0,1000.5542602539062,-4.38181940135786,-3.791412896510258,1.7133452670709255,3.179835756526556,2.472621823678132,3.0040016334294712,-0.3392403894079505,1.8302718503793505,0.2097986381916614,2.500264094993965
33.0,95.0,1000.5542602539062,-4.38181940135786,-3.7914174135079097,1.713344650939414,3.1798791577764782,2.47262171996699,3.004000255728014,-0.3392346871925509,1.8302718294642144,0.2097990698988821,2.500263043019882
33.0,95.0,1000.5542602539062,-4.38181940135786,-3.791403087438392,1.7133447600533094,3.1798833552156154,2.472621720053326,3.004000259190106,-0.3392341091442605,1.8302718294642144,0.2097990654518765,2.5002640742615
33.0,95.0,1000.5542602539062,-4.38181940135786,-3.7914131536983766,1.713364115561412,3.1798003842776867,2.472621720053326,3.0039034394942563,-0.3392341091442605,1.8302718303242864,0.2097990654518765,2.5002640742615
33.0,95.0,1000.5542602539062,-4.38181940135786,-3.791410647088578,1.7133438402144991,3.179804302775334,2.472621785023926,3.004000259414236,-0.3392415512464755,1.8302718528267783,0.2097681798996036,2.5002630916363096
33.0,95.0,1000.5542602539062,-4.38181940135786,-3.791412896510258,1.7133446605343985,3.179882911800807,2.4726217846914285,3.0040003129560464,-0.339240702332621,1.8302718291365463,0.2097990923259076,2.5002632360729624
33.0,95.0,1000.5542602539062,-4.38181940135786,-3.791403087438392,1.713343737290902,3.1798833552156154,2.472621720053326,3.004000259190106,-0.3392415304319907,1.830271828888114,0.2097990654518765,2.5002640742615
33.0,95.0,1000.5542602539062,-4.38181940135786,-3.791412889714025,1.7133447612707118,3.1798819540494248,2.472621720053326,3.004000272044644,-0.3392341091442605,1.8302718294642144,0.2097990654518765,2.5002640742615
33.0,95.0,1000.5542602539062,-4.38181940135786,-3.791409041035616,1.713441283600033,3.1798022061355407,2.4726216664501623,3.003906191121969,-0.3392416422836015,1.830271861396257,0.2097980846330014,2.500264103564973
33.0,95.0,1000.5542602539062,-4.38181940135786,-3.791413455640687,1.7133446521999072,3.1798070051760616,2.472621816207151,3.003995199288662,-0.3392582899893485,1.8302714563926048,0.2097992388645853,2.500264141256778
33.0,95.0,1000.5542602539062,-4.38181940135786,-3.791413149426072,1.713344802953359,3.179834637909619,2.4726217149666314,3.003995742803684,-0.339257651080828,1.8302718567106755,0.2097985257782799,2.5002632360729624
33.0,95.0,1000.5542602539062,-4.38181940135786,-3.7914129030614254,1.7133452734463526,3.179806695634054,2.472621784702425,3.0040016420876454,-0.3392415705645515,1.8302718564023848,0.2097666486452584,2.5002630807775432
33.0,95.0,1000.5542602539062,-4.38181940135786,-3.791410647088578,1.713344045334723,3.1798377217878966,2.47262171734642,3.0039042085161625,-0.3392422722262328,1.8302718350428768,0.209766981236708,2.5002630916363096
33.0,95.0,1000.5542602539062,-4.38181940135786,-3.7913996490447657,1.713343667510827,3.179837794553139,2.472621786162744,3.003912506546678,-0.3392419226970875,1.8302718294642144,0.2097915381129783,2.500264147221157
33.0,95.0,1000.5542602539062,-4.381819401386316,-3.791424788835348,1.71344700144293,3.1797952876722446,2.4726217857344426,3.003906383483674,-0.3392767238762389,1.830271450944961,0.20979179676168,2.5002631437247063
33.0,95.0,1000.5542602539062,-4.38181940135786,-3.791410647088578,1.7133437300525232,3.179836915076476,2.472621786136348,3.003906383483674,-0.3392415556393657,1.830271450944961,0.2097916446386695,2.500264107828256
33.0,95.0,1000.5542602539062,-4.38181940135786,-3.791413455640687,1.7133446521999072,3.1798044447737386,2.4726218169564365,3.00399746451537,-0.3392341600620822,1.830271468091065,0.2097992388645853,2.500264141256778
33.0,95.0,1000.5542602539062,-4.38181940135786,-3.791412919622108,1.7133447528149308,3.1798374044415287,2.472621784281688,3.003906383483674,-0.3392341343516356,1.8302718511201752,0.20979179676168,2.500263236912903
33.0,95.0,1000.5542602539062,-4.38181940135786,-3.791412896510258,1.7133452670709255,3.179835756526556,2.472621823678132,3.0040016334294712,-0.3392403763377024,1.8302718503793505,0.2097677098957064,2.5002631434146942
33.0,95.0,1000.5542602539062,-4.38181940135786,-3.791412896510258,1.7133452079173928,3.1798021403481007,2.472621819867011,3.0040008101339724,-0.3392403894079505,1.8302718503793505,0.2097984722528477,2.5002641067329057
33.0,95.0,1000.5542602539062,-4.38181940135786,-3.7914129066605167,1.7133452366581934,3.179837418731544,2.472621786850459,3.0040012523745885,-0.3392410131603509,1.8302714724865616,0.209799108824558,2.500263920950073
33.0,95.0,1000.5542602539062,-4.38181940135786,-3.791410647088578,1.7133447134811102,3.1798808880336065,2.4726217200499807,3.00399413266501,-0.3392340378699809,1.830271450944961,0.2097991990612521,2.500264107828256
33.0,95.0,1000.5542602539062,-4.38181940135786,-3.791413455640687,1.7133446521999072,3.1798044447737386,2.4726218169564365,3.00399746451537,-0.3392341600620822,1.830271468091065,0.2097992388645853,2.500264141256778
33.0,95.0,1000.5542602539062,-4.38181940135786,-3.791418031730952,1.713344802953359,3.179834637909619,2.4726217150952023,3.0039956854230194,-0.3392571109417557,1.830271826715616,0.2097985213225245,2.5002632575607
33.0,95.0,1000.5542602539062,-4.38181940135786,-3.791410647088578,1.7133438402144991,3.1798358790946457,2.472621786194831,3.004000259414236,-0.3392419298195733,1.8302718536208165,0.2097681798996036,2.5002630916363096
33.0,96.0,1000.5542602539062,-4.38181940135786,-3.791410647088578,1.7133437300525232,3.179836915076476,2.472621786136348,3.003906383483674,-0.3392415556393657,1.830271450944961,0.20979179676168,2.500263143834757
33.0,96.0,1000.5542602539062,-4.38181940135786,-3.7914131595763294,1.713344756702286,3.179834656246138,2.4726218162105047,3.003995307003598,-0.3392578055523292,1.8302714565687408,0.2097991623499903,2.500263920950073
33.0,96.0,1000.5542602539062,-4.38181940135786,-3.7914178709014426,1.7133447612296704,3.1798819540494248,2.472621720053326,3.004000259190106,-0.3392341091442605,1.8302718294642144,0.2097990654518765,2.5002640742615
33.0,96.0,1000.5542602539062,-4.38181940135786,-3.791410065492028,1.713345282909266,3.1798374003950243,2.4726217842313343,3.0040010128887644,-0.3392340638313668,1.8302718567106755,0.2097986438074211,2.500264054578983
33.0,96.0,1000.5542602539062,-4.38181940135786,-3.7914131536983766,1.7133447612296704,3.1798819540494248,2.472621720053326,3.004000271921328,-0.3392341091442605,1.8302718294642144,0.2097990654518765,2.5002640742615
33.0,96.0,1000.5542602539062,-4.38181940135786,-3.7914178709014426,1.713344650939414,3.1798817675102704,2.472621720053326,3.004000255728014,-0.3392341091442605,1.8302718294642144,0.2097990698988821,2.5002640742615
33.0,96.0,1000.5542602539062,-4.38181940135786,-3.791412896510258,1.713345282909266,3.1798374003950243,2.4726217842313343,3.0040016420876454,-0.339240702332621,1.8302718567106755,0.2097984722528477,2.5002632360729624
33.0,96.0,1000.5542602539062,-4.38181940135786,-3.791410647088578,1.7134408171121722,3.179803446952878,2.472621786136348,3.003906383483674,-0.3392415556393657,1.830271450792125,0.2097667491870257,2.5002630916363096
33.0,96.0,1000.5542602539062,-4.38181940135786,-3.791412896510258,1.7133452670709255,3.1798021403481007,2.472621818556161,3.0040016420876454,-0.3392403894079505,1.8302718503793505,0.2097984722528477,2.500264094993965
33.0,96.0,1000.5542602539062,-4.38181940135786,-3.791410647088578,1.7133437300525232,3.179836915076476,2.472621786136348,3.003906383483674,-0.3392415556393657,1.830271450944961,0.20979179676168,2.500264107828256
33.0,96.0,1000.5542602539062,-4.38181940135786,-3.791410647088578,1.713443379854418,3.1798377217878966,2.4726217860105204,3.003906383483674,-0.3392415556393657,1.8302718350428768,0.2097667491870257,2.5002630916363096
33.0,96.0,1000.5542602539062,-4.38181940135786,-3.791410647088578,1.7133438402144991,3.179804302775334,2.472621786136348,3.0040002641717227,-0.3392415637161292,1.8302718529820496,0.2097681798996036,2.5002630916363096
33.0,96.0,1000.5542602539062,-4.38181940135786,-3.791412896510258,1.7133452734463526,3.1798374003950243,2.4726217846914285,3.0040016420876454,-0.339240702332621,1.8302718564023848,0.2097984722528477,2.5002632360729624
33.0,96.0,1000.5542602539062,-4.38181940135786,-3.7913996490447657,1.713344650939414,3.1798817675102704,2.4726217200763774,3.004000255728014,-0.3392344049277027,1.8302718294642144,0.2097989404125504,2.500264147221157
33.0,96.0,1000.5542602539062,-4.38181940135786,-3.791403087438392,1.7133447600533094,3.179883414434586,2.472621720053326,3.004000259190106,-0.3392341091442605,1.8302718294642144,0.2097990654518765,2.5002640742615
33.0,96.0,1000.5542602539062,-4.38181940135786,-3.791403087438392,1.7133398935884925,3.179883414434586,2.472621788767002,3.004002434157617,-0.3392341454038897,1.8302718294642144,0.2097990654518765,2.5002640742615
33.0,96.0,1000.5542602539062,-4.38181940135786,-3.791412919622108,1.7133437300525232,3.1798374044415287,2.472621784281688,3.003906383483674,-0.3392415556393657,1.8302718505440747,0.20979179676168,2.500263236912903
33.0,96.0,1000.5542602539062,-4.38181940135786,-3.791411102076245,1.7133438583847458,3.179803717986644,2.472621786136348,3.0040002641717227,-0.3392409290550328,1.8302718529820496,0.2097684268827769,2.5002630916363096
33.0,96.0,1000.5542602539062,-4.38181940135786,-3.791409041035616,1.713441283600033,3.1798022061355407,2.4726216664501623,3.003906191121969,-0.3392416292133533,1.830271861396257,0.2097671563370464,2.5002631519857026
33.0,96.0,1000.5542602539062,-4.38181940135786,-3.7914131595763294,1.713344756702286,3.179834656246138,2.4726217175857563,3.003995353090628,-0.3392579619085579,1.8302714724865616,0.2097991623499903,2.500263920950073
33.0,96.0,1000.5542602539062,-4.38181940135786,-3.791410647088578,1.7134482463192349,3.1798377217878966,2.4726217172968443,3.0039042085161625,-0.3392415193797365,1.8302718350428768,0.2097667491870257,2.5002630916363096
33.0,96.0,1000.5542602539062,-4.38181940135786,-3.791414982867782,1.7133451625052467,3.179883420891997,2.4726217840652778,3.00400027235084,-0.3392340370298377,1.8302718567106755,0.2097922821456871,2.500264074020331
33.0,96.0,1000.5542602539062,-4.38181940135786,-3.791410647088578,1.7133437300525232,3.1798828335351166,2.472621786136348,3.004000620495525,-0.3392415556393657,1.8302718714313588,0.20979179676168,2.500264107828256
33.0,96.0,1000.5542602539062,-4.38181940135786,-3.7914178709014426,1.7133446549723352,3.1798817675102704,2.4726217192399167,3.004000255728014,-0.3392341091442605,1.8302718294642144,0.2097990698988821,2.5002640742615
33.0,96.0,1000.5542602539062,-4.38181940135786,-3.791413455640687,1.7133446521999072,3.1798044447737386,2.4726218169564365,3.00399746451537,-0.3392341600620822,1.830271468091065,0.2097992388645853,2.500264141256778
33.0,96.0,1000.5542602539062,-4.38181940135786,-3.791412896510258,1.7133452670709255,3.179835756526556,2.472621823678132,3.0040016334294712,-0.3392403894079505,1.8302718503793505,0.2097986381916614,2.500264094993965
33.0,96.0,1000.5542602539062,-4.38181940135786,-3.7914174135079097,1.713344650939414,3.1798791577764782,2.47262171996699,3.004000255728014,-0.3392346871925509,1.8302718294642144,0.2097990698988821,2.500263043019882
33.0,96.0,1000.5542602539062,-4.38181940135786,-3.791403087438392,1.7133447600533094,3.1798833552156154,2.472621720053326,3.004000259190106,-0.3392341091442605,1.8302718294642144,0.2097990654518765,2.5002640742615
33.0,96.0,1000.5542602539062,-4.38181940135786,-3.7914131536983766,1.713364115561412,3.1798003842776867,2.472621720053326,3.0039034394942563,-0.3392341091442605,1.8302718303242864,0.2097990654518765,2.5002640742615
33.0,96.0,1000.5542602539062,-4.38181940135786,-3.791410647088578,1.7133438402144991,3.179804302775334,2.472621785023926,3.004000259414236,-0.3392415512464755,1.8302718528267783,0.2097681798996036,2.5002630916363096
33.0,96.0,1000.5542602539062,-4.38181940135786,-3.791412896510258,1.7133446605343985,3.179882911800807,2.4726217846914285,3.0040003129560464,-0.339240702332621,1.8302718291365463,0.2097990923259076,2.5002632360729624
33.0,96.0,1000.5542602539062,-4.38181940135786,-3.791403087438392,1.713343737290902,3.1798833552156154,2.472621720053326,3.004000259190106,-0.3392415304319907,1.830271828888114,0.2097990654518765,2.5002640742615
33.0,96.0,1000.5542602539062,-4.38181940135786,-3.791412889714025,1.7133447612707118,3.1798819540494248,2.472621720053326,3.004000272044644,-0.3392341091442605,1.8302718294642144,0.2097990654518765,2.5002640742615
33.0,96.0,1000.5542602539062,-4.38181940135786,-3.791409041035616,1.713441283600033,3.1798022061355407,2.4726216664501623,3.003906191121969,-0.3392416422836015,1.830271861396257,0.2097980846330014,2.500264103564973
33.0,96.0,1000.5542602539062,-4.38181940135786,-3.791413455640687,1.7133446521999072,3.1798070051760616,2.472621816207151,3.003995199288662,-0.3392582899893485,1.8302714563926048,0.2097992388645853,2.500264141256778
33.0,96.0,1000.5542602539062,-4.38181940135786,-3.791413149426072,1.713344802953359,3.179834637909619,2.4726217149666314,3.003995742803684,-0.339257651080828,1.8302718567106755,0.2097985257782799,2.5002632360729624
33.0,96.0,1000.5542602539062,-4.38181940135786,-3.7914129030614254,1.7133452734463526,3.179806695634054,2.472621784702425,3.0040016420876454,-0.3392415705645515,1.8302718564023848,0.2097666486452584,2.5002630807775432
33.0,96.0,1000.5542602539062,-4.38181940135786,-3.791410647088578,1.713344045334723,3.1798377217878966,2.47262171734642,3.0039042085161625,-0.3392422722262328,1.8302718350428768,0.209766981236708,2.5002630916363096
33.0,96.0,1000.5542602539062,-4.38181940135786,-3.7913996490447657,1.713343667510827,3.179837794553139,2.472621786162744,3.003912506546678,-0.3392419226970875,1.8302718294642144,0.2097915381129783,2.500264147221157
33.0,96.0,1000.5542602539062,-4.381819401386316,-3.791424788835348,1.71344700144293,3.1797952876722446,2.4726217857344426,3.003906383483674,-0.3392767238762389,1.830271450944961,0.20979179676168,2.5002631437247063
33.0,96.0,1000.5542602539062,-4.38181940135786,-3.791410647088578,1.7133437300525232,3.179836915076476,2.472621786136348,3.003906383483674,-0.3392415556393657,1.830271450944961,0.2097916446386695,2.500264107828256
33.0,96.0,1000.5542602539062,-4.38181940135786,-3.791413455640687,1.7133446521999072,3.1798044447737386,2.4726218169564365,3.00399746451537,-0.3392341600620822,1.830271468091065,0.2097992388645853,2.500264141256778
33.0,96.0,1000.5542602539062,-4.38181940135786,-3.791412919622108,1.7133447528149308,3.1798374044415287,2.472621784281688,3.003906383483674,-0.3392341343516356,1.8302718511201752,0.20979179676168,2.500263236912903
33.0,96.0,1000.5542602539062,-4.38181940135786,-3.791412896510258,1.7133452670709255,3.179835756526556,2.472621823678132,3.0040016334294712,-0.3392403763377024,1.8302718503793505,0.2097677098957064,2.5002631434146942
33.0,96.0,1000.5542602539062,-4.38181940135786,-3.791412896510258,1.7133452079173928,3.1798021403481007,2.472621819867011,3.0040008101339724,-0.3392403894079505,1.8302718503793505,0.2097984722528477,2.5002641067329057
33.0,96.0,1000.5542602539062,-4.38181940135786,-3.7914129066605167,1.7133452366581934,3.179837418731544,2.472621786850459,3.0040012523745885,-0.3392410131603509,1.8302714724865616,0.209799108824558,2.500263920950073
33.0,96.0,1000.5542602539062,-4.38181940135786,-3.791410647088578,1.7133447134811102,3.1798808880336065,2.4726217200499807,3.00399413266501,-0.3392340378699809,1.830271450944961,0.2097991990612521,2.500264107828256
33.0,96.0,1000.5542602539062,-4.38181940135786,-3.791413455640687,1.7133446521999072,3.1798044447737386,2.4726218169564365,3.00399746451537,-0.3392341600620822,1.830271468091065,0.2097992388645853,2.500264141256778
33.0,96.0,1000.5542602539062,-4.38181940135786,-3.791418031730952,1.713344802953359,3.179834637909619,2.4726217150952023,3.0039956854230194,-0.3392571109417557,1.830271826715616,0.2097985213225245,2.5002632575607
33.0,96.0,1000.5542602539062,-4.38181940135786,-3.791410647088578,1.7133438402144991,3.1798358790946457,2.472621786194831,3.004000259414236,-0.3392419298195733,1.8302718536208165,0.2097681798996036,2.5002630916363096
33.0,97.0,1000.5542602539062,-4.38181940135786,-3.791410647088578,1.7133437300525232,3.179836915076476,2.472621786136348,3.003906383483674,-0.3392415556393657,1.830271450944961,0.20979179676168,2.500263143834757
33.0,97.0,1000.5542602539062,-4.38181940135786,-3.7914131595763294,1.713344756702286,3.179834656246138,2.4726218162105047,3.003995307003598,-0.3392578055523292,1.8302714565687408,0.2097991623499903,2.500263920950073
33.0,97.0,1000.5542602539062,-4.38181940135786,-3.7914178709014426,1.7133447612296704,3.1798819540494248,2.472621720053326,3.004000259190106,-0.3392341091442605,1.8302718294642144,0.2097990654518765,2.5002640742615
33.0,97.0,1000.5542602539062,-4.38181940135786,-3.791410065492028,1.713345282909266,3.1798374003950243,2.4726217842313343,3.0040010128887644,-0.3392340638313668,1.8302718567106755,0.2097986438074211,2.500264054578983
33.0,97.0,1000.5542602539062,-4.38181940135786,-3.7914131536983766,1.7133447612296704,3.1798819540494248,2.472621720053326,3.004000271921328,-0.3392341091442605,1.8302718294642144,0.2097990654518765,2.5002640742615
33.0,97.0,1000.5542602539062,-4.38181940135786,-3.7914178709014426,1.713344650939414,3.1798817675102704,2.472621720053326,3.004000255728014,-0.3392341091442605,1.8302718294642144,0.2097990698988821,2.5002640742615
33.0,97.0,1000.5542602539062,-4.38181940135786,-3.791412896510258,1.713345282909266,3.1798374003950243,2.4726217842313343,3.0040016420876454,-0.339240702332621,1.8302718567106755,0.2097984722528477,2.5002632360729624
33.0,97.0,1000.5542602539062,-4.38181940135786,-3.791410647088578,1.7134408171121722,3.179803446952878,2.472621786136348,3.003906383483674,-0.3392415556393657,1.830271450792125,0.2097667491870257,2.5002630916363096
33.0,97.0,1000.5542602539062,-4.38181940135786,-3.791412896510258,1.7133452670709255,3.1798021403481007,2.472621818556161,3.0040016420876454,-0.3392403894079505,1.8302718503793505,0.2097984722528477,2.500264094993965
33.0,97.0,1000.5542602539062,-4.38181940135786,-3.791410647088578,1.7133437300525232,3.179836915076476,2.472621786136348,3.003906383483674,-0.3392415556393657,1.830271450944961,0.20979179676168,2.500264107828256
33.0,97.0,1000.5542602539062,-4.38181940135786,-3.791410647088578,1.713443379854418,3.1798377217878966,2.4726217860105204,3.003906383483674,-0.3392415556393657,1.8302718350428768,0.2097667491870257,2.5002630916363096
33.0,97.0,1000.5542602539062,-4.38181940135786,-3.791410647088578,1.7133438402144991,3.179804302775334,2.472621786136348,3.0040002641717227,-0.3392415637161292,1.8302718529820496,0.2097681798996036,2.5002630916363096
33.0,97.0,1000.5542602539062,-4.38181940135786,-3.791412896510258,1.7133452734463526,3.1798374003950243,2.4726217846914285,3.0040016420876454,-0.339240702332621,1.8302718564023848,0.2097984722528477,2.5002632360729624
33.0,97.0,1000.5542602539062,-4.38181940135786,-3.7913996490447657,1.713344650939414,3.1798817675102704,2.4726217200763774,3.004000255728014,-0.3392344049277027,1.8302718294642144,0.2097989404125504,2.500264147221157
33.0,97.0,1000.5542602539062,-4.38181940135786,-3.791403087438392,1.7133447600533094,3.179883414434586,2.472621720053326,3.004000259190106,-0.3392341091442605,1.8302718294642144,0.2097990654518765,2.5002640742615
33.0,97.0,1000.5542602539062,-4.38181940135786,-3.791403087438392,1.7133398935884925,3.179883414434586,2.472621788767002,3.004002434157617,-0.3392341454038897,1.8302718294642144,0.2097990654518765,2.5002640742615
33.0,97.0,1000.5542602539062,-4.38181940135786,-3.791412919622108,1.7133437300525232,3.1798374044415287,2.472621784281688,3.003906383483674,-0.3392415556393657,1.8302718505440747,0.20979179676168,2.500263236912903
33.0,97.0,1000.5542602539062,-4.38181940135786,-3.791411102076245,1.7133438583847458,3.179803717986644,2.472621786136348,3.0040002641717227,-0.3392409290550328,1.8302718529820496,0.2097684268827769,2.5002630916363096
33.0,97.0,1000.5542602539062,-4.38181940135786,-3.791409041035616,1.713441283600033,3.1798022061355407,2.4726216664501623,3.003906191121969,-0.3392416292133533,1.830271861396257,0.2097671563370464,2.5002631519857026
33.0,97.0,1000.5542602539062,-4.38181940135786,-3.7914131595763294,1.713344756702286,3.179834656246138,2.4726217175857563,3.003995353090628,-0.3392579619085579,1.8302714724865616,0.2097991623499903,2.500263920950073
33.0,97.0,1000.5542602539062,-4.38181940135786,-3.791410647088578,1.7134482463192349,3.1798377217878966,2.4726217172968443,3.0039042085161625,-0.3392415193797365,1.8302718350428768,0.2097667491870257,2.5002630916363096
33.0,97.0,1000.5542602539062,-4.38181940135786,-3.791414982867782,1.7133451625052467,3.179883420891997,2.4726217840652778,3.00400027235084,-0.3392340370298377,1.8302718567106755,0.2097922821456871,2.500264074020331
33.0,97.0,1000.5542602539062,-4.38181940135786,-3.791410647088578,1.7133437300525232,3.1798828335351166,2.472621786136348,3.004000620495525,-0.3392415556393657,1.8302718714313588,0.20979179676168,2.500264107828256
33.0,97.0,1000.5542602539062,-4.38181940135786,-3.7914178709014426,1.7133446549723352,3.1798817675102704,2.4726217192399167,3.004000255728014,-0.3392341091442605,1.8302718294642144,0.2097990698988821,2.5002640742615
33.0,97.0,1000.5542602539062,-4.38181940135786,-3.791413455640687,1.7133446521999072,3.1798044447737386,2.4726218169564365,3.00399746451537,-0.3392341600620822,1.830271468091065,0.2097992388645853,2.500264141256778
33.0,97.0,1000.5542602539062,-4.38181940135786,-3.791412896510258,1.7133452670709255,3.179835756526556,2.472621823678132,3.0040016334294712,-0.3392403894079505,1.8302718503793505,0.2097986381916614,2.500264094993965
33.0,97.0,1000.5542602539062,-4.38181940135786,-3.7914174135079097,1.713344650939414,3.1798791577764782,2.47262171996699,3.004000255728014,-0.3392346871925509,1.8302718294642144,0.2097990698988821,2.500263043019882
33.0,97.0,1000.5542602539062,-4.38181940135786,-3.791403087438392,1.7133447600533094,3.1798833552156154,2.472621720053326,3.004000259190106,-0.3392341091442605,1.8302718294642144,0.2097990654518765,2.5002640742615
33.0,97.0,1000.5542602539062,-4.38181940135786,-3.7914131536983766,1.713364115561412,3.1798003842776867,2.472621720053326,3.0039034394942563,-0.3392341091442605,1.8302718303242864,0.2097990654518765,2.5002640742615
33.0,97.0,1000.5542602539062,-4.38181940135786,-3.791410647088578,1.7133438402144991,3.179804302775334,2.472621785023926,3.004000259414236,-0.3392415512464755,1.8302718528267783,0.2097681798996036,2.5002630916363096
33.0,97.0,1000.5542602539062,-4.38181940135786,-3.791412896510258,1.7133446605343985,3.179882911800807,2.4726217846914285,3.0040003129560464,-0.339240702332621,1.8302718291365463,0.2097990923259076,2.5002632360729624
33.0,97.0,1000.5542602539062,-4.38181940135786,-3.791403087438392,1.713343737290902,3.1798833552156154,2.472621720053326,3.004000259190106,-0.3392415304319907,1.830271828888114,0.2097990654518765,2.5002640742615
33.0,97.0,1000.5542602539062,-4.38181940135786,-3.791412889714025,1.7133447612707118,3.1798819540494248,2.472621720053326,3.004000272044644,-0.3392341091442605,1.8302718294642144,0.2097990654518765,2.5002640742615
33.0,97.0,1000.5542602539062,-4.38181940135786,-3.791409041035616,1.713441283600033,3.1798022061355407,2.4726216664501623,3.003906191121969,-0.3392416422836015,1.830271861396257,0.2097980846330014,2.500264103564973
33.0,97.0,1000.5542602539062,-4.38181940135786,-3.791413455640687,1.7133446521999072,3.1798070051760616,2.472621816207151,3.003995199288662,-0.3392582899893485,1.8302714563926048,0.2097992388645853,2.500264141256778
33.0,97.0,1000.5542602539062,-4.38181940135786,-3.791413149426072,1.713344802953359,3.179834637909619,2.4726217149666314,3.003995742803684,-0.339257651080828,1.8302718567106755,0.2097985257782799,2.5002632360729624
33.0,97.0,1000.5542602539062,-4.38181940135786,-3.7914129030614254,1.7133452734463526,3.179806695634054,2.472621784702425,3.0040016420876454,-0.3392415705645515,1.8302718564023848,0.2097666486452584,2.5002630807775432
33.0,97.0,1000.5542602539062,-4.38181940135786,-3.791410647088578,1.713344045334723,3.1798377217878966,2.47262171734642,3.0039042085161625,-0.3392422722262328,1.8302718350428768,0.209766981236708,2.5002630916363096
33.0,97.0,1000.5542602539062,-4.38181940135786,-3.7913996490447657,1.713343667510827,3.179837794553139,2.472621786162744,3.003912506546678,-0.3392419226970875,1.8302718294642144,0.2097915381129783,2.500264147221157
33.0,97.0,1000.5542602539062,-4.381819401386316,-3.791424788835348,1.71344700144293,3.1797952876722446,2.4726217857344426,3.003906383483674,-0.3392767238762389,1.830271450944961,0.20979179676168,2.5002631437247063
33.0,97.0,1000.5542602539062,-4.38181940135786,-3.791410647088578,1.7133437300525232,3.179836915076476,2.472621786136348,3.003906383483674,-0.3392415556393657,1.830271450944961,0.2097916446386695,2.500264107828256
33.0,97.0,1000.5542602539062,-4.38181940135786,-3.791413455640687,1.7133446521999072,3.1798044447737386,2.4726218169564365,3.00399746451537,-0.3392341600620822,1.830271468091065,0.2097992388645853,2.500264141256778
33.0,97.0,1000.5542602539062,-4.38181940135786,-3.791412919622108,1.7133447528149308,3.1798374044415287,2.472621784281688,3.003906383483674,-0.3392341343516356,1.8302718511201752,0.20979179676168,2.500263236912903
33.0,97.0,1000.5542602539062,-4.38181940135786,-3.791412896510258,1.7133452670709255,3.179835756526556,2.472621823678132,3.0040016334294712,-0.3392403763377024,1.8302718503793505,0.2097677098957064,2.5002631434146942
33.0,97.0,1000.5542602539062,-4.38181940135786,-3.791412896510258,1.7133452079173928,3.1798021403481007,2.472621819867011,3.0040008101339724,-0.3392403894079505,1.8302718503793505,0.2097984722528477,2.5002641067329057
33.0,97.0,1000.5542602539062,-4.38181940135786,-3.7914129066605167,1.7133452366581934,3.179837418731544,2.472621786850459,3.0040012523745885,-0.3392410131603509,1.8302714724865616,0.209799108824558,2.500263920950073
33.0,97.0,1000.5542602539062,-4.38181940135786,-3.791410647088578,1.7133447134811102,3.1798808880336065,2.4726217200499807,3.00399413266501,-0.3392340378699809,1.830271450944961,0.2097991990612521,2.500264107828256
33.0,97.0,1000.5542602539062,-4.38181940135786,-3.791413455640687,1.7133446521999072,3.1798044447737386,2.4726218169564365,3.00399746451537,-0.3392341600620822,1.830271468091065,0.2097992388645853,2.500264141256778
33.0,97.0,1000.5542602539062,-4.38181940135786,-3.791418031730952,1.713344802953359,3.179834637909619,2.4726217150952023,3.0039956854230194,-0.3392571109417557,1.830271826715616,0.2097985213225245,2.5002632575607
33.0,97.0,1000.5542602539062,-4.38181940135786,-3.791410647088578,1.7133438402144991,3.1798358790946457,2.472621786194831,3.004000259414236,-0.3392419298195733,1.8302718536208165,0.2097681798996036,2.5002630916363096
33.0,98.0,1000.5542602539062,-4.38181940135786,-3.791410647088578,1.7133437300525232,3.179836915076476,2.472621786136348,3.003906383483674,-0.3392415556393657,1.830271450944961,0.20979179676168,2.500263143834757
33.0,98.0,1000.5542602539062,-4.38181940135786,-3.7914131595763294,1.713344756702286,3.179834656246138,2.4726218162105047,3.003995307003598,-0.3392578055523292,1.8302714565687408,0.2097991623499903,2.500263920950073
33.0,98.0,1000.5542602539062,-4.38181940135786,-3.7914178709014426,1.7133447612296704,3.1798819540494248,2.472621720053326,3.004000259190106,-0.3392341091442605,1.8302718294642144,0.2097990654518765,2.5002640742615
33.0,98.0,1000.5542602539062,-4.38181940135786,-3.791410065492028,1.713345282909266,3.1798374003950243,2.4726217842313343,3.0040010128887644,-0.3392340638313668,1.8302718567106755,0.2097986438074211,2.500264054578983
33.0,98.0,1000.5542602539062,-4.38181940135786,-3.7914131536983766,1.7133447612296704,3.1798819540494248,2.472621720053326,3.004000271921328,-0.3392341091442605,1.8302718294642144,0.2097990654518765,2.5002640742615
33.0,98.0,1000.5542602539062,-4.38181940135786,-3.7914178709014426,1.713344650939414,3.1798817675102704,2.472621720053326,3.004000255728014,-0.3392341091442605,1.8302718294642144,0.2097990698988821,2.5002640742615
33.0,98.0,1000.5542602539062,-4.38181940135786,-3.791412896510258,1.713345282909266,3.1798374003950243,2.4726217842313343,3.0040016420876454,-0.339240702332621,1.8302718567106755,0.2097984722528477,2.5002632360729624
33.0,98.0,1000.5542602539062,-4.38181940135786,-3.791410647088578,1.7134408171121722,3.179803446952878,2.472621786136348,3.003906383483674,-0.3392415556393657,1.830271450792125,0.2097667491870257,2.5002630916363096
33.0,98.0,1000.5542602539062,-4.38181940135786,-3.791412896510258,1.7133452670709255,3.1798021403481007,2.472621818556161,3.0040016420876454,-0.3392403894079505,1.8302718503793505,0.2097984722528477,2.500264094993965
33.0,98.0,1000.5542602539062,-4.38181940135786,-3.791410647088578,1.7133437300525232,3.179836915076476,2.472621786136348,3.003906383483674,-0.3392415556393657,1.830271450944961,0.20979179676168,2.500264107828256
33.0,98.0,1000.5542602539062,-4.38181940135786,-3.791410647088578,1.713443379854418,3.1798377217878966,2.4726217860105204,3.003906383483674,-0.3392415556393657,1.8302718350428768,0.2097667491870257,2.5002630916363096
33.0,98.0,1000.5542602539062,-4.38181940135786,-3.791410647088578,1.7133438402144991,3.179804302775334,2.472621786136348,3.0040002641717227,-0.3392415637161292,1.8302718529820496,0.2097681798996036,2.5002630916363096
33.0,98.0,1000.5542602539062,-4.38181940135786,-3.791412896510258,1.7133452734463526,3.1798374003950243,2.4726217846914285,3.0040016420876454,-0.339240702332621,1.8302718564023848,0.2097984722528477,2.5002632360729624
33.0,98.0,1000.5542602539062,-4.38181940135786,-3.7913996490447657,1.713344650939414,3.1798817675102704,2.4726217200763774,3.004000255728014,-0.3392344049277027,1.8302718294642144,0.2097989404125504,2.500264147221157
33.0,98.0,1000.5542602539062,-4.38181940135786,-3.791403087438392,1.7133447600533094,3.179883414434586,2.472621720053326,3.004000259190106,-0.3392341091442605,1.8302718294642144,0.2097990654518765,2.5002640742615
33.0,98.0,1000.5542602539062,-4.38181940135786,-3.791403087438392,1.7133398935884925,3.179883414434586,2.472621788767002,3.004002434157617,-0.3392341454038897,1.8302718294642144,0.2097990654518765,2.5002640742615
33.0,98.0,1000.5542602539062,-4.38181940135786,-3.791412919622108,1.7133437300525232,3.1798374044415287,2.472621784281688,3.003906383483674,-0.3392415556393657,1.8302718505440747,0.20979179676168,2.500263236912903
33.0,98.0,1000.5542602539062,-4.38181940135786,-3.791411102076245,1.7133438583847458,3.179803717986644,2.472621786136348,3.0040002641717227,-0.3392409290550328,1.8302718529820496,0.2097684268827769,2.5002630916363096
33.0,98.0,1000.5542602539062,-4.38181940135786,-3.791409041035616,1.713441283600033,3.1798022061355407,2.4726216664501623,3.003906191121969,-0.3392416292133533,1.830271861396257,0.2097671563370464,2.5002631519857026
33.0,98.0,1000.5542602539062,-4.38181940135786,-3.7914131595763294,1.713344756702286,3.179834656246138,2.4726217175857563,3.003995353090628,-0.3392579619085579,1.8302714724865616,0.2097991623499903,2.500263920950073
33.0,98.0,1000.5542602539062,-4.38181940135786,-3.791410647088578,1.7134482463192349,3.1798377217878966,2.4726217172968443,3.0039042085161625,-0.3392415193797365,1.8302718350428768,0.2097667491870257,2.5002630916363096
33.0,98.0,1000.5542602539062,-4.38181940135786,-3.791414982867782,1.7133451625052467,3.179883420891997,2.4726217840652778,3.00400027235084,-0.3392340370298377,1.8302718567106755,0.2097922821456871,2.500264074020331
33.0,98.0,1000.5542602539062,-4.38181940135786,-3.791410647088578,1.7133437300525232,3.1798828335351166,2.472621786136348,3.004000620495525,-0.3392415556393657,1.8302718714313588,0.20979179676168,2.500264107828256
33.0,98.0,1000.5542602539062,-4.38181940135786,-3.7914178709014426,1.7133446549723352,3.1798817675102704,2.4726217192399167,3.004000255728014,-0.3392341091442605,1.8302718294642144,0.2097990698988821,2.5002640742615
33.0,98.0,1000.5542602539062,-4.38181940135786,-3.791413455640687,1.7133446521999072,3.1798044447737386,2.4726218169564365,3.00399746451537,-0.3392341600620822,1.830271468091065,0.2097992388645853,2.500264141256778
33.0,98.0,1000.5542602539062,-4.38181940135786,-3.791412896510258,1.7133452670709255,3.179835756526556,2.472621823678132,3.0040016334294712,-0.3392403894079505,1.8302718503793505,0.2097986381916614,2.500264094993965
33.0,98.0,1000.5542602539062,-4.38181940135786,-3.7914174135079097,1.713344650939414,3.1798791577764782,2.47262171996699,3.004000255728014,-0.3392346871925509,1.8302718294642144,0.2097990698988821,2.500263043019882
33.0,98.0,1000.5542602539062,-4.38181940135786,-3.791403087438392,1.7133447600533094,3.1798833552156154,2.472621720053326,3.004000259190106,-0.3392341091442605,1.8302718294642144,0.2097990654518765,2.5002640742615
33.0,98.0,1000.5542602539062,-4.38181940135786,-3.7914131536983766,1.713364115561412,3.1798003842776867,2.472621720053326,3.0039034394942563,-0.3392341091442605,1.8302718303242864,0.2097990654518765,2.5002640742615
33.0,98.0,1000.5542602539062,-4.38181940135786,-3.791410647088578,1.7133438402144991,3.179804302775334,2.472621785023926,3.004000259414236,-0.3392415512464755,1.8302718528267783,0.2097681798996036,2.5002630916363096
33.0,98.0,1000.5542602539062,-4.38181940135786,-3.791412896510258,1.7133446605343985,3.179882911800807,2.4726217846914285,3.0040003129560464,-0.339240702332621,1.8302718291365463,0.2097990923259076,2.5002632360729624
33.0,98.0,1000.5542602539062,-4.38181940135786,-3.791403087438392,1.713343737290902,3.1798833552156154,2.472621720053326,3.004000259190106,-0.3392415304319907,1.830271828888114,0.2097990654518765,2.5002640742615
33.0,98.0,1000.5542602539062,-4.38181940135786,-3.791412889714025,1.7133447612707118,3.1798819540494248,2.472621720053326,3.004000272044644,-0.3392341091442605,1.8302718294642144,0.2097990654518765,2.5002640742615
33.0,98.0,1000.5542602539062,-4.38181940135786,-3.791409041035616,1.713441283600033,3.1798022061355407,2.4726216664501623,3.003906191121969,-0.3392416422836015,1.830271861396257,0.2097980846330014,2.500264103564973
33.0,98.0,1000.5542602539062,-4.38181940135786,-3.791413455640687,1.7133446521999072,3.1798070051760616,2.472621816207151,3.003995199288662,-0.3392582899893485,1.8302714563926048,0.2097992388645853,2.500264141256778
33.0,98.0,1000.5542602539062,-4.38181940135786,-3.791413149426072,1.713344802953359,3.179834637909619,2.4726217149666314,3.003995742803684,-0.339257651080828,1.8302718567106755,0.2097985257782799,2.5002632360729624
33.0,98.0,1000.5542602539062,-4.38181940135786,-3.7914129030614254,1.7133452734463526,3.179806695634054,2.472621784702425,3.0040016420876454,-0.3392415705645515,1.8302718564023848,0.2097666486452584,2.5002630807775432
33.0,98.0,1000.5542602539062,-4.38181940135786,-3.791410647088578,1.713344045334723,3.1798377217878966,2.47262171734642,3.0039042085161625,-0.3392422722262328,1.8302718350428768,0.209766981236708,2.5002630916363096
33.0,98.0,1000.5542602539062,-4.38181940135786,-3.7913996490447657,1.713343667510827,3.179837794553139,2.472621786162744,3.003912506546678,-0.3392419226970875,1.8302718294642144,0.2097915381129783,2.500264147221157
33.0,98.0,1000.5542602539062,-4.381819401386316,-3.791424788835348,1.71344700144293,3.1797952876722446,2.4726217857344426,3.003906383483674,-0.3392767238762389,1.830271450944961,0.20979179676168,2.5002631437247063
33.0,98.0,1000.5542602539062,-4.38181940135786,-3.791410647088578,1.7133437300525232,3.179836915076476,2.472621786136348,3.003906383483674,-0.3392415556393657,1.830271450944961,0.2097916446386695,2.500264107828256
33.0,98.0,1000.5542602539062,-4.38181940135786,-3.791413455640687,1.7133446521999072,3.1798044447737386,2.4726218169564365,3.00399746451537,-0.3392341600620822,1.830271468091065,0.2097992388645853,2.500264141256778
33.0,98.0,1000.5542602539062,-4.38181940135786,-3.791412919622108,1.7133447528149308,3.1798374044415287,2.472621784281688,3.003906383483674,-0.3392341343516356,1.8302718511201752,0.20979179676168,2.500263236912903
33.0,98.0,1000.5542602539062,-4.38181940135786,-3.791412896510258,1.7133452670709255,3.179835756526556,2.472621823678132,3.0040016334294712,-0.3392403763377024,1.8302718503793505,0.2097677098957064,2.5002631434146942
33.0,98.0,1000.5542602539062,-4.38181940135786,-3.791412896510258,1.7133452079173928,3.1798021403481007,2.472621819867011,3.0040008101339724,-0.3392403894079505,1.8302718503793505,0.2097984722528477,2.5002641067329057
33.0,98.0,1000.5542602539062,-4.38181940135786,-3.7914129066605167,1.7133452366581934,3.179837418731544,2.472621786850459,3.0040012523745885,-0.3392410131603509,1.8302714724865616,0.209799108824558,2.500263920950073
33.0,98.0,1000.5542602539062,-4.38181940135786,-3.791410647088578,1.7133447134811102,3.1798808880336065,2.4726217200499807,3.00399413266501,-0.3392340378699809,1.830271450944961,0.2097991990612521,2.500264107828256
33.0,98.0,1000.5542602539062,-4.38181940135786,-3.791413455640687,1.7133446521999072,3.1798044447737386,2.4726218169564365,3.00399746451537,-0.3392341600620822,1.830271468091065,0.2097992388645853,2.500264141256778
33.0,98.0,1000.5542602539062,-4.38181940135786,-3.791418031730952,1.713344802953359,3.179834637909619,2.4726217150952023,3.0039956854230194,-0.3392571109417557,1.830271826715616,0.2097985213225245,2.5002632575607
33.0,98.0,1000.5542602539062,-4.38181940135786,-3.791410647088578,1.7133438402144991,3.1798358790946457,2.472621786194831,3.004000259414236,-0.3392419298195733,1.8302718536208165,0.2097681798996036,2.5002630916363096
33.0,99.0,1000.5542602539062,-4.38181940135786,-3.791410647088578,1.7133437300525232,3.179836915076476,2.472621786136348,3.003906383483674,-0.3392415556393657,1.830271450944961,0.20979179676168,2.500263143834757
33.0,99.0,1000.5542602539062,-4.38181940135786,-3.7914131595763294,1.713344756702286,3.179834656246138,2.4726218162105047,3.003995307003598,-0.3392578055523292,1.8302714565687408,0.2097991623499903,2.500263920950073
33.0,99.0,1000.5542602539062,-4.38181940135786,-3.7914178709014426,1.7133447612296704,3.1798819540494248,2.472621720053326,3.004000259190106,-0.3392341091442605,1.8302718294642144,0.2097990654518765,2.5002640742615
33.0,99.0,1000.5542602539062,-4.38181940135786,-3.791410065492028,1.713345282909266,3.1798374003950243,2.4726217842313343,3.0040010128887644,-0.3392340638313668,1.8302718567106755,0.2097986438074211,2.500264054578983
33.0,99.0,1000.5542602539062,-4.38181940135786,-3.7914131536983766,1.7133447612296704,3.1798819540494248,2.472621720053326,3.004000271921328,-0.3392341091442605,1.8302718294642144,0.2097990654518765,2.5002640742615
33.0,99.0,1000.5542602539062,-4.38181940135786,-3.7914178709014426,1.713344650939414,3.1798817675102704,2.472621720053326,3.004000255728014,-0.3392341091442605,1.8302718294642144,0.2097990698988821,2.5002640742615
33.0,99.0,1000.5542602539062,-4.38181940135786,-3.791412896510258,1.713345282909266,3.1798374003950243,2.4726217842313343,3.0040016420876454,-0.339240702332621,1.8302718567106755,0.2097984722528477,2.5002632360729624
33.0,99.0,1000.5542602539062,-4.38181940135786,-3.791410647088578,1.7134408171121722,3.179803446952878,2.472621786136348,3.003906383483674,-0.3392415556393657,1.830271450792125,0.2097667491870257,2.5002630916363096
33.0,99.0,1000.5542602539062,-4.38181940135786,-3.791412896510258,1.7133452670709255,3.1798021403481007,2.472621818556161,3.0040016420876454,-0.3392403894079505,1.8302718503793505,0.2097984722528477,2.500264094993965
33.0,99.0,1000.5542602539062,-4.38181940135786,-3.791410647088578,1.7133437300525232,3.179836915076476,2.472621786136348,3.003906383483674,-0.3392415556393657,1.830271450944961,0.20979179676168,2.500264107828256
33.0,99.0,1000.5542602539062,-4.38181940135786,-3.791410647088578,1.713443379854418,3.1798377217878966,2.4726217860105204,3.003906383483674,-0.3392415556393657,1.8302718350428768,0.2097667491870257,2.5002630916363096
33.0,99.0,1000.5542602539062,-4.38181940135786,-3.791410647088578,1.7133438402144991,3.179804302775334,2.472621786136348,3.0040002641717227,-0.3392415637161292,1.8302718529820496,0.2097681798996036,2.5002630916363096
33.0,99.0,1000.5542602539062,-4.38181940135786,-3.791412896510258,1.7133452734463526,3.1798374003950243,2.4726217846914285,3.0040016420876454,-0.339240702332621,1.8302718564023848,0.2097984722528477,2.5002632360729624
33.0,99.0,1000.5542602539062,-4.38181940135786,-3.7913996490447657,1.713344650939414,3.1798817675102704,2.4726217200763774,3.004000255728014,-0.3392344049277027,1.8302718294642144,0.2097989404125504,2.500264147221157
33.0,99.0,1000.5542602539062,-4.38181940135786,-3.791403087438392,1.7133447600533094,3.179883414434586,2.472621720053326,3.004000259190106,-0.3392341091442605,1.8302718294642144,0.2097990654518765,2.5002640742615
33.0,99.0,1000.5542602539062,-4.38181940135786,-3.791403087438392,1.7133398935884925,3.179883414434586,2.472621788767002,3.004002434157617,-0.3392341454038897,1.8302718294642144,0.2097990654518765,2.5002640742615
33.0,99.0,1000.5542602539062,-4.38181940135786,-3.791412919622108,1.7133437300525232,3.1798374044415287,2.472621784281688,3.003906383483674,-0.3392415556393657,1.8302718505440747,0.20979179676168,2.500263236912903
33.0,99.0,1000.5542602539062,-4.38181940135786,-3.791411102076245,1.7133438583847458,3.179803717986644,2.472621786136348,3.0040002641717227,-0.3392409290550328,1.8302718529820496,0.2097684268827769,2.5002630916363096
33.0,99.0,1000.5542602539062,-4.38181940135786,-3.791409041035616,1.713441283600033,3.1798022061355407,2.4726216664501623,3.003906191121969,-0.3392416292133533,1.830271861396257,0.2097671563370464,2.5002631519857026
33.0,99.0,1000.5542602539062,-4.38181940135786,-3.7914131595763294,1.713344756702286,3.179834656246138,2.4726217175857563,3.003995353090628,-0.3392579619085579,1.8302714724865616,0.2097991623499903,2.500263920950073
33.0,99.0,1000.5542602539062,-4.38181940135786,-3.791410647088578,1.7134482463192349,3.1798377217878966,2.4726217172968443,3.0039042085161625,-0.3392415193797365,1.8302718350428768,0.2097667491870257,2.5002630916363096
33.0,99.0,1000.5542602539062,-4.38181940135786,-3.791414982867782,1.7133451625052467,3.179883420891997,2.4726217840652778,3.00400027235084,-0.3392340370298377,1.8302718567106755,0.2097922821456871,2.500264074020331
33.0,99.0,1000.5542602539062,-4.38181940135786,-3.791410647088578,1.7133437300525232,3.1798828335351166,2.472621786136348,3.004000620495525,-0.3392415556393657,1.8302718714313588,0.20979179676168,2.500264107828256
33.0,99.0,1000.5542602539062,-4.38181940135786,-3.7914178709014426,1.7133446549723352,3.1798817675102704,2.4726217192399167,3.004000255728014,-0.3392341091442605,1.8302718294642144,0.2097990698988821,2.5002640742615
33.0,99.0,1000.5542602539062,-4.38181940135786,-3.791413455640687,1.7133446521999072,3.1798044447737386,2.4726218169564365,3.00399746451537,-0.3392341600620822,1.830271468091065,0.2097992388645853,2.500264141256778
33.0,99.0,1000.5542602539062,-4.38181940135786,-3.791412896510258,1.7133452670709255,3.179835756526556,2.472621823678132,3.0040016334294712,-0.3392403894079505,1.8302718503793505,0.2097986381916614,2.500264094993965
33.0,99.0,1000.5542602539062,-4.38181940135786,-3.7914174135079097,1.713344650939414,3.1798791577764782,2.47262171996699,3.004000255728014,-0.3392346871925509,1.8302718294642144,0.2097990698988821,2.500263043019882
33.0,99.0,1000.5542602539062,-4.38181940135786,-3.791403087438392,1.7133447600533094,3.1798833552156154,2.472621720053326,3.004000259190106,-0.3392341091442605,1.8302718294642144,0.2097990654518765,2.5002640742615
33.0,99.0,1000.5542602539062,-4.38181940135786,-3.7914131536983766,1.713364115561412,3.1798003842776867,2.472621720053326,3.0039034394942563,-0.3392341091442605,1.8302718303242864,0.2097990654518765,2.5002640742615
33.0,99.0,1000.5542602539062,-4.38181940135786,-3.791410647088578,1.7133438402144991,3.179804302775334,2.472621785023926,3.004000259414236,-0.3392415512464755,1.8302718528267783,0.2097681798996036,2.5002630916363096
33.0,99.0,1000.5542602539062,-4.38181940135786,-3.791412896510258,1.7133446605343985,3.179882911800807,2.4726217846914285,3.0040003129560464,-0.339240702332621,1.8302718291365463,0.2097990923259076,2.5002632360729624
33.0,99.0,1000.5542602539062,-4.38181940135786,-3.791403087438392,1.713343737290902,3.1798833552156154,2.472621720053326,3.004000259190106,-0.3392415304319907,1.830271828888114,0.2097990654518765,2.5002640742615
33.0,99.0,1000.5542602539062,-4.38181940135786,-3.791412889714025,1.7133447612707118,3.1798819540494248,2.472621720053326,3.004000272044644,-0.3392341091442605,1.8302718294642144,0.2097990654518765,2.5002640742615
33.0,99.0,1000.5542602539062,-4.38181940135786,-3.791409041035616,1.713441283600033,3.1798022061355407,2.4726216664501623,3.003906191121969,-0.3392416422836015,1.830271861396257,0.2097980846330014,2.500264103564973
33.0,99.0,1000.5542602539062,-4.38181940135786,-3.791413455640687,1.7133446521999072,3.1798070051760616,2.472621816207151,3.003995199288662,-0.3392582899893485,1.8302714563926048,0.2097992388645853,2.500264141256778
33.0,99.0,1000.5542602539062,-4.38181940135786,-3.791413149426072,1.713344802953359,3.179834637909619,2.4726217149666314,3.003995742803684,-0.339257651080828,1.8302718567106755,0.2097985257782799,2.5002632360729624
33.0,99.0,1000.5542602539062,-4.38181940135786,-3.7914129030614254,1.7133452734463526,3.179806695634054,2.472621784702425,3.0040016420876454,-0.3392415705645515,1.8302718564023848,0.2097666486452584,2.5002630807775432
33.0,99.0,1000.5542602539062,-4.38181940135786,-3.791410647088578,1.713344045334723,3.1798377217878966,2.47262171734642,3.0039042085161625,-0.3392422722262328,1.8302718350428768,0.209766981236708,2.5002630916363096
33.0,99.0,1000.5542602539062,-4.38181940135786,-3.7913996490447657,1.713343667510827,3.179837794553139,2.472621786162744,3.003912506546678,-0.3392419226970875,1.8302718294642144,0.2097915381129783,2.500264147221157
33.0,99.0,1000.5542602539062,-4.381819401386316,-3.791424788835348,1.71344700144293,3.1797952876722446,2.4726217857344426,3.003906383483674,-0.3392767238762389,1.830271450944961,0.20979179676168,2.5002631437247063
33.0,99.0,1000.5542602539062,-4.38181940135786,-3.791410647088578,1.7133437300525232,3.179836915076476,2.472621786136348,3.003906383483674,-0.3392415556393657,1.830271450944961,0.2097916446386695,2.500264107828256
33.0,99.0,1000.5542602539062,-4.38181940135786,-3.791413455640687,1.7133446521999072,3.1798044447737386,2.4726218169564365,3.00399746451537,-0.3392341600620822,1.830271468091065,0.2097992388645853,2.500264141256778
33.0,99.0,1000.5542602539062,-4.38181940135786,-3.791412919622108,1.7133447528149308,3.1798374044415287,2.472621784281688,3.003906383483674,-0.3392341343516356,1.8302718511201752,0.20979179676168,2.500263236912903
33.0,99.0,1000.5542602539062,-4.38181940135786,-3.791412896510258,1.7133452670709255,3.179835756526556,2.472621823678132,3.0040016334294712,-0.3392403763377024,1.8302718503793505,0.2097677098957064,2.5002631434146942
33.0,99.0,1000.5542602539062,-4.38181940135786,-3.791412896510258,1.7133452079173928,3.1798021403481007,2.472621819867011,3.0040008101339724,-0.3392403894079505,1.8302718503793505,0.2097984722528477,2.5002641067329057
33.0,99.0,1000.5542602539062,-4.38181940135786,-3.7914129066605167,1.7133452366581934,3.179837418731544,2.472621786850459,3.0040012523745885,-0.3392410131603509,1.8302714724865616,0.209799108824558,2.500263920950073
33.0,99.0,1000.5542602539062,-4.38181940135786,-3.791410647088578,1.7133447134811102,3.1798808880336065,2.4726217200499807,3.00399413266501,-0.3392340378699809,1.830271450944961,0.2097991990612521,2.500264107828256
33.0,99.0,1000.5542602539062,-4.38181940135786,-3.791413455640687,1.7133446521999072,3.1798044447737386,2.4726218169564365,3.00399746451537,-0.3392341600620822,1.830271468091065,0.2097992388645853,2.500264141256778
33.0,99.0,1000.5542602539062,-4.38181940135786,-3.791418031730952,1.713344802953359,3.179834637909619,2.4726217150952023,3.0039956854230194,-0.3392571109417557,1.830271826715616,0.2097985213225245,2.5002632575607
33.0,99.0,1000.5542602539062,-4.38181940135786,-3.791410647088578,1.7133438402144991,3.1798358790946457,2.472621786194831,3.004000259414236,-0.3392419298195733,1.8302718536208165,0.2097681798996036,2.5002630916363096
33.0,100.0,1000.5542602539062,-4.38181940135786,-3.791410647088578,1.7133437300525232,3.179836915076476,2.472621786136348,3.003906383483674,-0.3392415556393657,1.830271450944961,0.20979179676168,2.500263143834757
33.0,100.0,1000.5542602539062,-4.38181940135786,-3.7914131595763294,1.713344756702286,3.179834656246138,2.4726218162105047,3.003995307003598,-0.3392578055523292,1.8302714565687408,0.2097991623499903,2.500263920950073
33.0,100.0,1000.5542602539062,-4.38181940135786,-3.7914178709014426,1.7133447612296704,3.1798819540494248,2.472621720053326,3.004000259190106,-0.3392341091442605,1.8302718294642144,0.2097990654518765,2.5002640742615
33.0,100.0,1000.5542602539062,-4.38181940135786,-3.791410065492028,1.713345282909266,3.1798374003950243,2.4726217842313343,3.0040010128887644,-0.3392340638313668,1.8302718567106755,0.2097986438074211,2.500264054578983
33.0,100.0,1000.5542602539062,-4.38181940135786,-3.7914131536983766,1.7133447612296704,3.1798819540494248,2.472621720053326,3.004000271921328,-0.3392341091442605,1.8302718294642144,0.2097990654518765,2.5002640742615
33.0,100.0,1000.5542602539062,-4.38181940135786,-3.7914178709014426,1.713344650939414,3.1798817675102704,2.472621720053326,3.004000255728014,-0.3392341091442605,1.8302718294642144,0.2097990698988821,2.5002640742615
33.0,100.0,1000.5542602539062,-4.38181940135786,-3.791412896510258,1.713345282909266,3.1798374003950243,2.4726217842313343,3.0040016420876454,-0.339240702332621,1.8302718567106755,0.2097984722528477,2.5002632360729624
33.0,100.0,1000.5542602539062,-4.38181940135786,-3.791410647088578,1.7134408171121722,3.179803446952878,2.472621786136348,3.003906383483674,-0.3392415556393657,1.830271450792125,0.2097667491870257,2.5002630916363096
33.0,100.0,1000.5542602539062,-4.38181940135786,-3.791412896510258,1.7133452670709255,3.1798021403481007,2.472621818556161,3.0040016420876454,-0.3392403894079505,1.8302718503793505,0.2097984722528477,2.500264094993965
33.0,100.0,1000.5542602539062,-4.38181940135786,-3.791410647088578,1.7133437300525232,3.179836915076476,2.472621786136348,3.003906383483674,-0.3392415556393657,1.830271450944961,0.20979179676168,2.500264107828256
33.0,100.0,1000.5542602539062,-4.38181940135786,-3.791410647088578,1.713443379854418,3.1798377217878966,2.4726217860105204,3.003906383483674,-0.3392415556393657,1.8302718350428768,0.2097667491870257,2.5002630916363096
33.0,100.0,1000.5542602539062,-4.38181940135786,-3.791410647088578,1.7133438402144991,3.179804302775334,2.472621786136348,3.0040002641717227,-0.3392415637161292,1.8302718529820496,0.2097681798996036,2.5002630916363096
33.0,100.0,1000.5542602539062,-4.38181940135786,-3.791412896510258,1.7133452734463526,3.1798374003950243,2.4726217846914285,3.0040016420876454,-0.339240702332621,1.8302718564023848,0.2097984722528477,2.5002632360729624
33.0,100.0,1000.5542602539062,-4.38181940135786,-3.7913996490447657,1.713344650939414,3.1798817675102704,2.4726217200763774,3.004000255728014,-0.3392344049277027,1.8302718294642144,0.2097989404125504,2.500264147221157
33.0,100.0,1000.5542602539062,-4.38181940135786,-3.791403087438392,1.7133447600533094,3.179883414434586,2.472621720053326,3.004000259190106,-0.3392341091442605,1.8302718294642144,0.2097990654518765,2.5002640742615
33.0,100.0,1000.5542602539062,-4.38181940135786,-3.791403087438392,1.7133398935884925,3.179883414434586,2.472621788767002,3.004002434157617,-0.3392341454038897,1.8302718294642144,0.2097990654518765,2.5002640742615
33.0,100.0,1000.5542602539062,-4.38181940135786,-3.791412919622108,1.7133437300525232,3.1798374044415287,2.472621784281688,3.003906383483674,-0.3392415556393657,1.8302718505440747,0.20979179676168,2.500263236912903
33.0,100.0,1000.5542602539062,-4.38181940135786,-3.791411102076245,1.7133438583847458,3.179803717986644,2.472621786136348,3.0040002641717227,-0.3392409290550328,1.8302718529820496,0.2097684268827769,2.5002630916363096
33.0,100.0,1000.5542602539062,-4.38181940135786,-3.791409041035616,1.713441283600033,3.1798022061355407,2.4726216664501623,3.003906191121969,-0.3392416292133533,1.830271861396257,0.2097671563370464,2.5002631519857026
33.0,100.0,1000.5542602539062,-4.38181940135786,-3.7914131595763294,1.713344756702286,3.179834656246138,2.4726217175857563,3.003995353090628,-0.3392579619085579,1.8302714724865616,0.2097991623499903,2.500263920950073
33.0,100.0,1000.5542602539062,-4.38181940135786,-3.791410647088578,1.7134482463192349,3.1798377217878966,2.4726217172968443,3.0039042085161625,-0.3392415193797365,1.8302718350428768,0.2097667491870257,2.5002630916363096
33.0,100.0,1000.5542602539062,-4.38181940135786,-3.791414982867782,1.7133451625052467,3.179883420891997,2.4726217840652778,3.00400027235084,-0.3392340370298377,1.8302718567106755,0.2097922821456871,2.500264074020331
33.0,100.0,1000.5542602539062,-4.38181940135786,-3.791410647088578,1.7133437300525232,3.1798828335351166,2.472621786136348,3.004000620495525,-0.3392415556393657,1.8302718714313588,0.20979179676168,2.500264107828256
33.0,100.0,1000.5542602539062,-4.38181940135786,-3.7914178709014426,1.7133446549723352,3.1798817675102704,2.4726217192399167,3.004000255728014,-0.3392341091442605,1.8302718294642144,0.2097990698988821,2.5002640742615
33.0,100.0,1000.5542602539062,-4.38181940135786,-3.791413455640687,1.7133446521999072,3.1798044447737386,2.4726218169564365,3.00399746451537,-0.3392341600620822,1.830271468091065,0.2097992388645853,2.500264141256778
33.0,100.0,1000.5542602539062,-4.38181940135786,-3.791412896510258,1.7133452670709255,3.179835756526556,2.472621823678132,3.0040016334294712,-0.3392403894079505,1.8302718503793505,0.2097986381916614,2.500264094993965
33.0,100.0,1000.5542602539062,-4.38181940135786,-3.7914174135079097,1.713344650939414,3.1798791577764782,2.47262171996699,3.004000255728014,-0.3392346871925509,1.8302718294642144,0.2097990698988821,2.500263043019882
33.0,100.0,1000.5542602539062,-4.38181940135786,-3.791403087438392,1.7133447600533094,3.1798833552156154,2.472621720053326,3.004000259190106,-0.3392341091442605,1.8302718294642144,0.2097990654518765,2.5002640742615
33.0,100.0,1000.5542602539062,-4.38181940135786,-3.7914131536983766,1.713364115561412,3.1798003842776867,2.472621720053326,3.0039034394942563,-0.3392341091442605,1.8302718303242864,0.2097990654518765,2.5002640742615
33.0,100.0,1000.5542602539062,-4.38181940135786,-3.791410647088578,1.7133438402144991,3.179804302775334,2.472621785023926,3.004000259414236,-0.3392415512464755,1.8302718528267783,0.2097681798996036,2.5002630916363096
33.0,100.0,1000.5542602539062,-4.38181940135786,-3.791412896510258,1.7133446605343985,3.179882911800807,2.4726217846914285,3.0040003129560464,-0.339240702332621,1.8302718291365463,0.2097990923259076,2.5002632360729624
33.0,100.0,1000.5542602539062,-4.38181940135786,-3.791403087438392,1.713343737290902,3.1798833552156154,2.472621720053326,3.004000259190106,-0.3392415304319907,1.830271828888114,0.2097990654518765,2.5002640742615
33.0,100.0,1000.5542602539062,-4.38181940135786,-3.791412889714025,1.7133447612707118,3.1798819540494248,2.472621720053326,3.004000272044644,-0.3392341091442605,1.8302718294642144,0.2097990654518765,2.5002640742615
33.0,100.0,1000.5542602539062,-4.38181940135786,-3.791409041035616,1.713441283600033,3.1798022061355407,2.4726216664501623,3.003906191121969,-0.3392416422836015,1.830271861396257,0.2097980846330014,2.500264103564973
33.0,100.0,1000.5542602539062,-4.38181940135786,-3.791413455640687,1.7133446521999072,3.1798070051760616,2.472621816207151,3.003995199288662,-0.3392582899893485,1.8302714563926048,0.2097992388645853,2.500264141256778
33.0,100.0,1000.5542602539062,-4.38181940135786,-3.791413149426072,1.713344802953359,3.179834637909619,2.4726217149666314,3.003995742803684,-0.339257651080828,1.8302718567106755,0.2097985257782799,2.5002632360729624
33.0,100.0,1000.5542602539062,-4.38181940135786,-3.7914129030614254,1.7133452734463526,3.179806695634054,2.472621784702425,3.0040016420876454,-0.3392415705645515,1.8302718564023848,0.2097666486452584,2.5002630807775432
33.0,100.0,1000.5542602539062,-4.38181940135786,-3.791410647088578,1.713344045334723,3.1798377217878966,2.47262171734642,3.0039042085161625,-0.3392422722262328,1.8302718350428768,0.209766981236708,2.5002630916363096
33.0,100.0,1000.5542602539062,-4.38181940135786,-3.7913996490447657,1.713343667510827,3.179837794553139,2.472621786162744,3.003912506546678,-0.3392419226970875,1.8302718294642144,0.2097915381129783,2.500264147221157
33.0,100.0,1000.5542602539062,-4.381819401386316,-3.791424788835348,1.71344700144293,3.1797952876722446,2.4726217857344426,3.003906383483674,-0.3392767238762389,1.830271450944961,0.20979179676168,2.5002631437247063
33.0,100.0,1000.5542602539062,-4.38181940135786,-3.791410647088578,1.7133437300525232,3.179836915076476,2.472621786136348,3.003906383483674,-0.3392415556393657,1.830271450944961,0.2097916446386695,2.500264107828256
33.0,100.0,1000.5542602539062,-4.38181940135786,-3.791413455640687,1.7133446521999072,3.1798044447737386,2.4726218169564365,3.00399746451537,-0.3392341600620822,1.830271468091065,0.2097992388645853,2.500264141256778
33.0,100.0,1000.5542602539062,-4.38181940135786,-3.791412919622108,1.7133447528149308,3.1798374044415287,2.472621784281688,3.003906383483674,-0.3392341343516356,1.8302718511201752,0.20979179676168,2.500263236912903
33.0,100.0,1000.5542602539062,-4.38181940135786,-3.791412896510258,1.7133452670709255,3.179835756526556,2.472621823678132,3.0040016334294712,-0.3392403763377024,1.8302718503793505,0.2097677098957064,2.5002631434146942
33.0,100.0,1000.5542602539062,-4.38181940135786,-3.791412896510258,1.7133452079173928,3.1798021403481007,2.472621819867011,3.0040008101339724,-0.3392403894079505,1.8302718503793505,0.2097984722528477,2.5002641067329057
33.0,100.0,1000.5542602539062,-4.38181940135786,-3.7914129066605167,1.7133452366581934,3.179837418731544,2.472621786850459,3.0040012523745885,-0.3392410131603509,1.8302714724865616,0.209799108824558,2.500263920950073
33.0,100.0,1000.5542602539062,-4.38181940135786,-3.791410647088578,1.7133447134811102,3.1798808880336065,2.4726217200499807,3.00399413266501,-0.3392340378699809,1.830271450944961,0.2097991990612521,2.500264107828256
33.0,100.0,1000.5542602539062,-4.38181940135786,-3.791413455640687,1.7133446521999072,3.1798044447737386,2.4726218169564365,3.00399746451537,-0.3392341600620822,1.830271468091065,0.2097992388645853,2.500264141256778
33.0,100.0,1000.5542602539062,-4.38181940135786,-3.791418031730952,1.713344802953359,3.179834637909619,2.4726217150952023,3.0039956854230194,-0.3392571109417557,1.830271826715616,0.2097985213225245,2.5002632575607
33.0,100.0,1000.5542602539062,-4.38181940135786,-3.791410647088578,1.7133438402144991,3.1798358790946457,2.472621786194831,3.004000259414236,-0.3392419298195733,1.8302718536208165,0.2097681798996036,2.5002630916363096
33.0,101.0,1000.55419921875,-4.38181940135786,-3.7913996490447657,1.7133438418106612,3.179839269708152,2.4726217861634487,3.003912506546678,-0.3392419226970875,1.8302718527713948,0.2097675884456657,2.5002641287197003
33.0,101.0,1000.5542602539062,-4.38181940135786,-3.791410647088578,1.7133437300525232,3.179836915076476,2.472621786136348,3.003906383483674,-0.3392415556393657,1.830271450944961,0.20979179676168,2.500263143834757
33.0,101.0,1000.5542602539062,-4.38181940135786,-3.7914131595763294,1.713344756702286,3.179834656246138,2.4726218162105047,3.003995307003598,-0.3392578055523292,1.8302714565687408,0.2097991623499903,2.500263920950073
33.0,101.0,1000.5542602539062,-4.38181940135786,-3.7914178709014426,1.7133447612296704,3.1798819540494248,2.472621720053326,3.004000259190106,-0.3392341091442605,1.8302718294642144,0.2097990654518765,2.5002640742615
33.0,101.0,1000.5542602539062,-4.38181940135786,-3.791410065492028,1.713345282909266,3.1798374003950243,2.4726217842313343,3.0040010128887644,-0.3392340638313668,1.8302718567106755,0.2097986438074211,2.500264054578983
33.0,101.0,1000.5542602539062,-4.38181940135786,-3.7914131536983766,1.7133447612296704,3.1798819540494248,2.472621720053326,3.004000271921328,-0.3392341091442605,1.8302718294642144,0.2097990654518765,2.5002640742615
33.0,101.0,1000.5542602539062,-4.38181940135786,-3.7914178709014426,1.713344650939414,3.1798817675102704,2.472621720053326,3.004000255728014,-0.3392341091442605,1.8302718294642144,0.2097990698988821,2.5002640742615
33.0,101.0,1000.5542602539062,-4.38181940135786,-3.791412896510258,1.713345282909266,3.1798374003950243,2.4726217842313343,3.0040016420876454,-0.339240702332621,1.8302718567106755,0.2097984722528477,2.5002632360729624
33.0,101.0,1000.5542602539062,-4.38181940135786,-3.791410647088578,1.7134408171121722,3.179803446952878,2.472621786136348,3.003906383483674,-0.3392415556393657,1.830271450792125,0.2097667491870257,2.5002630916363096
33.0,101.0,1000.5542602539062,-4.38181940135786,-3.791412896510258,1.7133452670709255,3.1798021403481007,2.472621818556161,3.0040016420876454,-0.3392403894079505,1.8302718503793505,0.2097984722528477,2.500264094993965
33.0,101.0,1000.5542602539062,-4.38181940135786,-3.791410647088578,1.7133437300525232,3.179836915076476,2.472621786136348,3.003906383483674,-0.3392415556393657,1.830271450944961,0.20979179676168,2.500264107828256
33.0,101.0,1000.5542602539062,-4.38181940135786,-3.791410647088578,1.713443379854418,3.1798377217878966,2.4726217860105204,3.003906383483674,-0.3392415556393657,1.8302718350428768,0.2097667491870257,2.5002630916363096
33.0,101.0,1000.5542602539062,-4.38181940135786,-3.791410647088578,1.7133438402144991,3.179804302775334,2.472621786136348,3.0040002641717227,-0.3392415637161292,1.8302718529820496,0.2097681798996036,2.5002630916363096
33.0,101.0,1000.5542602539062,-4.38181940135786,-3.791412896510258,1.7133452734463526,3.1798374003950243,2.4726217846914285,3.0040016420876454,-0.339240702332621,1.8302718564023848,0.2097984722528477,2.5002632360729624
33.0,101.0,1000.5542602539062,-4.38181940135786,-3.7913996490447657,1.713344650939414,3.1798817675102704,2.4726217200763774,3.004000255728014,-0.3392344049277027,1.8302718294642144,0.2097989404125504,2.500264147221157
33.0,101.0,1000.5542602539062,-4.38181940135786,-3.791403087438392,1.7133447600533094,3.179883414434586,2.472621720053326,3.004000259190106,-0.3392341091442605,1.8302718294642144,0.2097990654518765,2.5002640742615
33.0,101.0,1000.5542602539062,-4.38181940135786,-3.791403087438392,1.7133398935884925,3.179883414434586,2.472621788767002,3.004002434157617,-0.3392341454038897,1.8302718294642144,0.2097990654518765,2.5002640742615
33.0,101.0,1000.5542602539062,-4.38181940135786,-3.791412919622108,1.7133437300525232,3.1798374044415287,2.472621784281688,3.003906383483674,-0.3392415556393657,1.8302718505440747,0.20979179676168,2.500263236912903
33.0,101.0,1000.5542602539062,-4.38181940135786,-3.791411102076245,1.7133438583847458,3.179803717986644,2.472621786136348,3.0040002641717227,-0.3392409290550328,1.8302718529820496,0.2097684268827769,2.5002630916363096
33.0,101.0,1000.5542602539062,-4.38181940135786,-3.791409041035616,1.713441283600033,3.1798022061355407,2.4726216664501623,3.003906191121969,-0.3392416292133533,1.830271861396257,0.2097671563370464,2.5002631519857026
33.0,101.0,1000.5542602539062,-4.38181940135786,-3.7914131595763294,1.713344756702286,3.179834656246138,2.4726217175857563,3.003995353090628,-0.3392579619085579,1.8302714724865616,0.2097991623499903,2.500263920950073
33.0,101.0,1000.5542602539062,-4.38181940135786,-3.791410647088578,1.7134482463192349,3.1798377217878966,2.4726217172968443,3.0039042085161625,-0.3392415193797365,1.8302718350428768,0.2097667491870257,2.5002630916363096
33.0,101.0,1000.5542602539062,-4.38181940135786,-3.791414982867782,1.7133451625052467,3.179883420891997,2.4726217840652778,3.00400027235084,-0.3392340370298377,1.8302718567106755,0.2097922821456871,2.500264074020331
33.0,101.0,1000.5542602539062,-4.38181940135786,-3.791410647088578,1.7133437300525232,3.1798828335351166,2.472621786136348,3.004000620495525,-0.3392415556393657,1.8302718714313588,0.20979179676168,2.500264107828256
33.0,101.0,1000.5542602539062,-4.38181940135786,-3.7914178709014426,1.7133446549723352,3.1798817675102704,2.4726217192399167,3.004000255728014,-0.3392341091442605,1.8302718294642144,0.2097990698988821,2.5002640742615
33.0,101.0,1000.5542602539062,-4.38181940135786,-3.791413455640687,1.7133446521999072,3.1798044447737386,2.4726218169564365,3.00399746451537,-0.3392341600620822,1.830271468091065,0.2097992388645853,2.500264141256778
33.0,101.0,1000.5542602539062,-4.38181940135786,-3.791412896510258,1.7133452670709255,3.179835756526556,2.472621823678132,3.0040016334294712,-0.3392403894079505,1.8302718503793505,0.2097986381916614,2.500264094993965
33.0,101.0,1000.5542602539062,-4.38181940135786,-3.7914174135079097,1.713344650939414,3.1798791577764782,2.47262171996699,3.004000255728014,-0.3392346871925509,1.8302718294642144,0.2097990698988821,2.500263043019882
33.0,101.0,1000.5542602539062,-4.38181940135786,-3.791403087438392,1.7133447600533094,3.1798833552156154,2.472621720053326,3.004000259190106,-0.3392341091442605,1.8302718294642144,0.2097990654518765,2.5002640742615
33.0,101.0,1000.5542602539062,-4.38181940135786,-3.7914131536983766,1.713364115561412,3.1798003842776867,2.472621720053326,3.0039034394942563,-0.3392341091442605,1.8302718303242864,0.2097990654518765,2.5002640742615
33.0,101.0,1000.5542602539062,-4.38181940135786,-3.791410647088578,1.7133438402144991,3.179804302775334,2.472621785023926,3.004000259414236,-0.3392415512464755,1.8302718528267783,0.2097681798996036,2.5002630916363096
33.0,101.0,1000.5542602539062,-4.38181940135786,-3.791412896510258,1.7133446605343985,3.179882911800807,2.4726217846914285,3.0040003129560464,-0.339240702332621,1.8302718291365463,0.2097990923259076,2.5002632360729624
33.0,101.0,1000.5542602539062,-4.38181940135786,-3.791403087438392,1.713343737290902,3.1798833552156154,2.472621720053326,3.004000259190106,-0.3392415304319907,1.830271828888114,0.2097990654518765,2.5002640742615
33.0,101.0,1000.5542602539062,-4.38181940135786,-3.791412889714025,1.7133447612707118,3.1798819540494248,2.472621720053326,3.004000272044644,-0.3392341091442605,1.8302718294642144,0.2097990654518765,2.5002640742615
33.0,101.0,1000.5542602539062,-4.38181940135786,-3.791409041035616,1.713441283600033,3.1798022061355407,2.4726216664501623,3.003906191121969,-0.3392416422836015,1.830271861396257,0.2097980846330014,2.500264103564973
33.0,101.0,1000.5542602539062,-4.38181940135786,-3.791413455640687,1.7133446521999072,3.1798070051760616,2.472621816207151,3.003995199288662,-0.3392582899893485,1.8302714563926048,0.2097992388645853,2.500264141256778
33.0,101.0,1000.5542602539062,-4.38181940135786,-3.791413149426072,1.713344802953359,3.179834637909619,2.4726217149666314,3.003995742803684,-0.339257651080828,1.8302718567106755,0.2097985257782799,2.5002632360729624
33.0,101.0,1000.5542602539062,-4.38181940135786,-3.7914129030614254,1.7133452734463526,3.179806695634054,2.472621784702425,3.0040016420876454,-0.3392415705645515,1.8302718564023848,0.2097666486452584,2.5002630807775432
33.0,101.0,1000.5542602539062,-4.38181940135786,-3.791410647088578,1.713344045334723,3.1798377217878966,2.47262171734642,3.0039042085161625,-0.3392422722262328,1.8302718350428768,0.209766981236708,2.5002630916363096
33.0,101.0,1000.5542602539062,-4.38181940135786,-3.7913996490447657,1.713343667510827,3.179837794553139,2.472621786162744,3.003912506546678,-0.3392419226970875,1.8302718294642144,0.2097915381129783,2.500264147221157
33.0,101.0,1000.5542602539062,-4.381819401386316,-3.791424788835348,1.71344700144293,3.1797952876722446,2.4726217857344426,3.003906383483674,-0.3392767238762389,1.830271450944961,0.20979179676168,2.5002631437247063
33.0,101.0,1000.5542602539062,-4.38181940135786,-3.791410647088578,1.7133437300525232,3.179836915076476,2.472621786136348,3.003906383483674,-0.3392415556393657,1.830271450944961,0.2097916446386695,2.500264107828256
33.0,101.0,1000.5542602539062,-4.38181940135786,-3.791413455640687,1.7133446521999072,3.1798044447737386,2.4726218169564365,3.00399746451537,-0.3392341600620822,1.830271468091065,0.2097992388645853,2.500264141256778
33.0,101.0,1000.5542602539062,-4.38181940135786,-3.791412919622108,1.7133447528149308,3.1798374044415287,2.472621784281688,3.003906383483674,-0.3392341343516356,1.8302718511201752,0.20979179676168,2.500263236912903
33.0,101.0,1000.5542602539062,-4.38181940135786,-3.791412896510258,1.7133452670709255,3.179835756526556,2.472621823678132,3.0040016334294712,-0.3392403763377024,1.8302718503793505,0.2097677098957064,2.5002631434146942
33.0,101.0,1000.5542602539062,-4.38181940135786,-3.791412896510258,1.7133452079173928,3.1798021403481007,2.472621819867011,3.0040008101339724,-0.3392403894079505,1.8302718503793505,0.2097984722528477,2.5002641067329057
33.0,101.0,1000.5542602539062,-4.38181940135786,-3.7914129066605167,1.7133452366581934,3.179837418731544,2.472621786850459,3.0040012523745885,-0.3392410131603509,1.8302714724865616,0.209799108824558,2.500263920950073
33.0,101.0,1000.5542602539062,-4.38181940135786,-3.791410647088578,1.7133447134811102,3.1798808880336065,2.4726217200499807,3.00399413266501,-0.3392340378699809,1.830271450944961,0.2097991990612521,2.500264107828256
33.0,101.0,1000.5542602539062,-4.38181940135786,-3.791413455640687,1.7133446521999072,3.1798044447737386,2.4726218169564365,3.00399746451537,-0.3392341600620822,1.830271468091065,0.2097992388645853,2.500264141256778
33.0,101.0,1000.5542602539062,-4.38181940135786,-3.791418031730952,1.713344802953359,3.179834637909619,2.4726217150952023,3.0039956854230194,-0.3392571109417557,1.830271826715616,0.2097985213225245,2.5002632575607
33.0,102.0,1000.55419921875,-4.38181940135786,-3.7913996490447657,1.7133438418106612,3.179839269708152,2.4726217861634487,3.003912506546678,-0.3392419226970875,1.8302718527713948,0.2097675884456657,2.5002641287197003
33.0,102.0,1000.55419921875,-4.38181940135786,-3.7913996490447657,1.7133438418106612,3.179836872518181,2.4726217861634487,3.0039067150761003,-0.3392419226970875,1.830271457628925,0.2097675884456657,2.5002641287197003
33.0,102.0,1000.5542602539062,-4.38181940135786,-3.791410647088578,1.7133437300525232,3.179836915076476,2.472621786136348,3.003906383483674,-0.3392415556393657,1.830271450944961,0.20979179676168,2.500263143834757
33.0,102.0,1000.5542602539062,-4.38181940135786,-3.7914131595763294,1.713344756702286,3.179834656246138,2.4726218162105047,3.003995307003598,-0.3392578055523292,1.8302714565687408,0.2097991623499903,2.500263920950073
33.0,102.0,1000.5542602539062,-4.38181940135786,-3.7914178709014426,1.7133447612296704,3.1798819540494248,2.472621720053326,3.004000259190106,-0.3392341091442605,1.8302718294642144,0.2097990654518765,2.5002640742615
33.0,102.0,1000.5542602539062,-4.38181940135786,-3.791410065492028,1.713345282909266,3.1798374003950243,2.4726217842313343,3.0040010128887644,-0.3392340638313668,1.8302718567106755,0.2097986438074211,2.500264054578983
33.0,102.0,1000.5542602539062,-4.38181940135786,-3.7914131536983766,1.7133447612296704,3.1798819540494248,2.472621720053326,3.004000271921328,-0.3392341091442605,1.8302718294642144,0.2097990654518765,2.5002640742615
33.0,102.0,1000.5542602539062,-4.38181940135786,-3.7914178709014426,1.713344650939414,3.1798817675102704,2.472621720053326,3.004000255728014,-0.3392341091442605,1.8302718294642144,0.2097990698988821,2.5002640742615
33.0,102.0,1000.5542602539062,-4.38181940135786,-3.791412896510258,1.713345282909266,3.1798374003950243,2.4726217842313343,3.0040016420876454,-0.339240702332621,1.8302718567106755,0.2097984722528477,2.5002632360729624
33.0,102.0,1000.5542602539062,-4.38181940135786,-3.791410647088578,1.7134408171121722,3.179803446952878,2.472621786136348,3.003906383483674,-0.3392415556393657,1.830271450792125,0.2097667491870257,2.5002630916363096
33.0,102.0,1000.5542602539062,-4.38181940135786,-3.791412896510258,1.7133452670709255,3.1798021403481007,2.472621818556161,3.0040016420876454,-0.3392403894079505,1.8302718503793505,0.2097984722528477,2.500264094993965
33.0,102.0,1000.5542602539062,-4.38181940135786,-3.791410647088578,1.7133437300525232,3.179836915076476,2.472621786136348,3.003906383483674,-0.3392415556393657,1.830271450944961,0.20979179676168,2.500264107828256
33.0,102.0,1000.5542602539062,-4.38181940135786,-3.791410647088578,1.713443379854418,3.1798377217878966,2.4726217860105204,3.003906383483674,-0.3392415556393657,1.8302718350428768,0.2097667491870257,2.5002630916363096
33.0,102.0,1000.5542602539062,-4.38181940135786,-3.791410647088578,1.7133438402144991,3.179804302775334,2.472621786136348,3.0040002641717227,-0.3392415637161292,1.8302718529820496,0.2097681798996036,2.5002630916363096
33.0,102.0,1000.5542602539062,-4.38181940135786,-3.791412896510258,1.7133452734463526,3.1798374003950243,2.4726217846914285,3.0040016420876454,-0.339240702332621,1.8302718564023848,0.2097984722528477,2.5002632360729624
33.0,102.0,1000.5542602539062,-4.38181940135786,-3.7913996490447657,1.713344650939414,3.1798817675102704,2.4726217200763774,3.004000255728014,-0.3392344049277027,1.8302718294642144,0.2097989404125504,2.500264147221157
33.0,102.0,1000.5542602539062,-4.38181940135786,-3.791403087438392,1.7133447600533094,3.179883414434586,2.472621720053326,3.004000259190106,-0.3392341091442605,1.8302718294642144,0.2097990654518765,2.5002640742615
33.0,102.0,1000.5542602539062,-4.38181940135786,-3.791403087438392,1.7133398935884925,3.179883414434586,2.472621788767002,3.004002434157617,-0.3392341454038897,1.8302718294642144,0.2097990654518765,2.5002640742615
33.0,102.0,1000.5542602539062,-4.38181940135786,-3.791412919622108,1.7133437300525232,3.1798374044415287,2.472621784281688,3.003906383483674,-0.3392415556393657,1.8302718505440747,0.20979179676168,2.500263236912903
33.0,102.0,1000.5542602539062,-4.38181940135786,-3.791411102076245,1.7133438583847458,3.179803717986644,2.472621786136348,3.0040002641717227,-0.3392409290550328,1.8302718529820496,0.2097684268827769,2.5002630916363096
33.0,102.0,1000.5542602539062,-4.38181940135786,-3.791409041035616,1.713441283600033,3.1798022061355407,2.4726216664501623,3.003906191121969,-0.3392416292133533,1.830271861396257,0.2097671563370464,2.5002631519857026
33.0,102.0,1000.5542602539062,-4.38181940135786,-3.7914131595763294,1.713344756702286,3.179834656246138,2.4726217175857563,3.003995353090628,-0.3392579619085579,1.8302714724865616,0.2097991623499903,2.500263920950073
33.0,102.0,1000.5542602539062,-4.38181940135786,-3.791410647088578,1.7134482463192349,3.1798377217878966,2.4726217172968443,3.0039042085161625,-0.3392415193797365,1.8302718350428768,0.2097667491870257,2.5002630916363096
33.0,102.0,1000.5542602539062,-4.38181940135786,-3.791414982867782,1.7133451625052467,3.179883420891997,2.4726217840652778,3.00400027235084,-0.3392340370298377,1.8302718567106755,0.2097922821456871,2.500264074020331
33.0,102.0,1000.5542602539062,-4.38181940135786,-3.791410647088578,1.7133437300525232,3.1798828335351166,2.472621786136348,3.004000620495525,-0.3392415556393657,1.8302718714313588,0.20979179676168,2.500264107828256
33.0,102.0,1000.5542602539062,-4.38181940135786,-3.7914178709014426,1.7133446549723352,3.1798817675102704,2.4726217192399167,3.004000255728014,-0.3392341091442605,1.8302718294642144,0.2097990698988821,2.5002640742615
33.0,102.0,1000.5542602539062,-4.38181940135786,-3.791413455640687,1.7133446521999072,3.1798044447737386,2.4726218169564365,3.00399746451537,-0.3392341600620822,1.830271468091065,0.2097992388645853,2.500264141256778
33.0,102.0,1000.5542602539062,-4.38181940135786,-3.791412896510258,1.7133452670709255,3.179835756526556,2.472621823678132,3.0040016334294712,-0.3392403894079505,1.8302718503793505,0.2097986381916614,2.500264094993965
33.0,102.0,1000.5542602539062,-4.38181940135786,-3.7914174135079097,1.713344650939414,3.1798791577764782,2.47262171996699,3.004000255728014,-0.3392346871925509,1.8302718294642144,0.2097990698988821,2.500263043019882
33.0,102.0,1000.5542602539062,-4.38181940135786,-3.791403087438392,1.7133447600533094,3.1798833552156154,2.472621720053326,3.004000259190106,-0.3392341091442605,1.8302718294642144,0.2097990654518765,2.5002640742615
33.0,102.0,1000.5542602539062,-4.38181940135786,-3.7914131536983766,1.713364115561412,3.1798003842776867,2.472621720053326,3.0039034394942563,-0.3392341091442605,1.8302718303242864,0.2097990654518765,2.5002640742615
33.0,102.0,1000.5542602539062,-4.38181940135786,-3.791410647088578,1.7133438402144991,3.179804302775334,2.472621785023926,3.004000259414236,-0.3392415512464755,1.8302718528267783,0.2097681798996036,2.5002630916363096
33.0,102.0,1000.5542602539062,-4.38181940135786,-3.791412896510258,1.7133446605343985,3.179882911800807,2.4726217846914285,3.0040003129560464,-0.339240702332621,1.8302718291365463,0.2097990923259076,2.5002632360729624
33.0,102.0,1000.5542602539062,-4.38181940135786,-3.791403087438392,1.713343737290902,3.1798833552156154,2.472621720053326,3.004000259190106,-0.3392415304319907,1.830271828888114,0.2097990654518765,2.5002640742615
33.0,102.0,1000.5542602539062,-4.38181940135786,-3.791412889714025,1.7133447612707118,3.1798819540494248,2.472621720053326,3.004000272044644,-0.3392341091442605,1.8302718294642144,0.2097990654518765,2.5002640742615
33.0,102.0,1000.5542602539062,-4.38181940135786,-3.791409041035616,1.713441283600033,3.1798022061355407,2.4726216664501623,3.003906191121969,-0.3392416422836015,1.830271861396257,0.2097980846330014,2.500264103564973
33.0,102.0,1000.5542602539062,-4.38181940135786,-3.791413455640687,1.7133446521999072,3.1798070051760616,2.472621816207151,3.003995199288662,-0.3392582899893485,1.8302714563926048,0.2097992388645853,2.500264141256778
33.0,102.0,1000.5542602539062,-4.38181940135786,-3.791413149426072,1.713344802953359,3.179834637909619,2.4726217149666314,3.003995742803684,-0.339257651080828,1.8302718567106755,0.2097985257782799,2.5002632360729624
33.0,102.0,1000.5542602539062,-4.38181940135786,-3.7914129030614254,1.7133452734463526,3.179806695634054,2.472621784702425,3.0040016420876454,-0.3392415705645515,1.8302718564023848,0.2097666486452584,2.5002630807775432
33.0,102.0,1000.5542602539062,-4.38181940135786,-3.791410647088578,1.713344045334723,3.1798377217878966,2.47262171734642,3.0039042085161625,-0.3392422722262328,1.8302718350428768,0.209766981236708,2.5002630916363096
33.0,102.0,1000.5542602539062,-4.38181940135786,-3.7913996490447657,1.713343667510827,3.179837794553139,2.472621786162744,3.003912506546678,-0.3392419226970875,1.8302718294642144,0.2097915381129783,2.500264147221157
33.0,102.0,1000.5542602539062,-4.381819401386316,-3.791424788835348,1.71344700144293,3.1797952876722446,2.4726217857344426,3.003906383483674,-0.3392767238762389,1.830271450944961,0.20979179676168,2.5002631437247063
33.0,102.0,1000.5542602539062,-4.38181940135786,-3.791410647088578,1.7133437300525232,3.179836915076476,2.472621786136348,3.003906383483674,-0.3392415556393657,1.830271450944961,0.2097916446386695,2.500264107828256
33.0,102.0,1000.5542602539062,-4.38181940135786,-3.791413455640687,1.7133446521999072,3.1798044447737386,2.4726218169564365,3.00399746451537,-0.3392341600620822,1.830271468091065,0.2097992388645853,2.500264141256778
33.0,102.0,1000.5542602539062,-4.38181940135786,-3.791412919622108,1.7133447528149308,3.1798374044415287,2.472621784281688,3.003906383483674,-0.3392341343516356,1.8302718511201752,0.20979179676168,2.500263236912903
33.0,102.0,1000.5542602539062,-4.38181940135786,-3.791412896510258,1.7133452670709255,3.179835756526556,2.472621823678132,3.0040016334294712,-0.3392403763377024,1.8302718503793505,0.2097677098957064,2.5002631434146942
33.0,102.0,1000.5542602539062,-4.38181940135786,-3.791412896510258,1.7133452079173928,3.1798021403481007,2.472621819867011,3.0040008101339724,-0.3392403894079505,1.8302718503793505,0.2097984722528477,2.5002641067329057
33.0,102.0,1000.5542602539062,-4.38181940135786,-3.7914129066605167,1.7133452366581934,3.179837418731544,2.472621786850459,3.0040012523745885,-0.3392410131603509,1.8302714724865616,0.209799108824558,2.500263920950073
33.0,102.0,1000.5542602539062,-4.38181940135786,-3.791410647088578,1.7133447134811102,3.1798808880336065,2.4726217200499807,3.00399413266501,-0.3392340378699809,1.830271450944961,0.2097991990612521,2.500264107828256
33.0,102.0,1000.5542602539062,-4.38181940135786,-3.791413455640687,1.7133446521999072,3.1798044447737386,2.4726218169564365,3.00399746451537,-0.3392341600620822,1.830271468091065,0.2097992388645853,2.500264141256778
33.0,103.0,1000.55419921875,-4.38181940135786,-3.7913996490447657,1.7133438418106612,3.179839269708152,2.4726217861634487,3.003912506546678,-0.3392419226970875,1.8302718527713948,0.2097675884456657,2.5002641287197003
33.0,103.0,1000.55419921875,-4.38181940135786,-3.7913996490447657,1.7133438418106612,3.179836872518181,2.4726217861634487,3.0039067150761003,-0.3392419226970875,1.830271457628925,0.2097675884456657,2.5002641287197003
33.0,103.0,1000.5542602539062,-4.38181940135786,-3.791410647088578,1.7133437300525232,3.179836915076476,2.472621786136348,3.003906383483674,-0.3392415556393657,1.830271450944961,0.20979179676168,2.500263143834757
33.0,103.0,1000.5542602539062,-4.38181940135786,-3.7914131595763294,1.713344756702286,3.179834656246138,2.4726218162105047,3.003995307003598,-0.3392578055523292,1.8302714565687408,0.2097991623499903,2.500263920950073
33.0,103.0,1000.5542602539062,-4.38181940135786,-3.7914178709014426,1.7133447612296704,3.1798819540494248,2.472621720053326,3.004000259190106,-0.3392341091442605,1.8302718294642144,0.2097990654518765,2.5002640742615
33.0,103.0,1000.5542602539062,-4.38181940135786,-3.791410065492028,1.713345282909266,3.1798374003950243,2.4726217842313343,3.0040010128887644,-0.3392340638313668,1.8302718567106755,0.2097986438074211,2.500264054578983
33.0,103.0,1000.5542602539062,-4.38181940135786,-3.7914131536983766,1.7133447612296704,3.1798819540494248,2.472621720053326,3.004000271921328,-0.3392341091442605,1.8302718294642144,0.2097990654518765,2.5002640742615
33.0,103.0,1000.5542602539062,-4.38181940135786,-3.7914178709014426,1.713344650939414,3.1798817675102704,2.472621720053326,3.004000255728014,-0.3392341091442605,1.8302718294642144,0.2097990698988821,2.5002640742615
33.0,103.0,1000.5542602539062,-4.38181940135786,-3.791412896510258,1.713345282909266,3.1798374003950243,2.4726217842313343,3.0040016420876454,-0.339240702332621,1.8302718567106755,0.2097984722528477,2.5002632360729624
33.0,103.0,1000.5542602539062,-4.38181940135786,-3.791410647088578,1.7134408171121722,3.179803446952878,2.472621786136348,3.003906383483674,-0.3392415556393657,1.830271450792125,0.2097667491870257,2.5002630916363096
33.0,103.0,1000.5542602539062,-4.38181940135786,-3.791412896510258,1.7133452670709255,3.1798021403481007,2.472621818556161,3.0040016420876454,-0.3392403894079505,1.8302718503793505,0.2097984722528477,2.500264094993965
33.0,103.0,1000.5542602539062,-4.38181940135786,-3.791410647088578,1.7133437300525232,3.179836915076476,2.472621786136348,3.003906383483674,-0.3392415556393657,1.830271450944961,0.20979179676168,2.500264107828256
33.0,103.0,1000.5542602539062,-4.38181940135786,-3.791410647088578,1.713443379854418,3.1798377217878966,2.4726217860105204,3.003906383483674,-0.3392415556393657,1.8302718350428768,0.2097667491870257,2.5002630916363096
33.0,103.0,1000.5542602539062,-4.38181940135786,-3.791410647088578,1.7133438402144991,3.179804302775334,2.472621786136348,3.0040002641717227,-0.3392415637161292,1.8302718529820496,0.2097681798996036,2.5002630916363096
33.0,103.0,1000.5542602539062,-4.38181940135786,-3.791412896510258,1.7133452734463526,3.1798374003950243,2.4726217846914285,3.0040016420876454,-0.339240702332621,1.8302718564023848,0.2097984722528477,2.5002632360729624
33.0,103.0,1000.5542602539062,-4.38181940135786,-3.7913996490447657,1.713344650939414,3.1798817675102704,2.4726217200763774,3.004000255728014,-0.3392344049277027,1.8302718294642144,0.2097989404125504,2.500264147221157
33.0,103.0,1000.5542602539062,-4.38181940135786,-3.791403087438392,1.7133447600533094,3.179883414434586,2.472621720053326,3.004000259190106,-0.3392341091442605,1.8302718294642144,0.2097990654518765,2.5002640742615
33.0,103.0,1000.5542602539062,-4.38181940135786,-3.791403087438392,1.7133398935884925,3.179883414434586,2.472621788767002,3.004002434157617,-0.3392341454038897,1.8302718294642144,0.2097990654518765,2.5002640742615
33.0,103.0,1000.5542602539062,-4.38181940135786,-3.791412919622108,1.7133437300525232,3.1798374044415287,2.472621784281688,3.003906383483674,-0.3392415556393657,1.8302718505440747,0.20979179676168,2.500263236912903
33.0,103.0,1000.5542602539062,-4.38181940135786,-3.791411102076245,1.7133438583847458,3.179803717986644,2.472621786136348,3.0040002641717227,-0.3392409290550328,1.8302718529820496,0.2097684268827769,2.5002630916363096
33.0,103.0,1000.5542602539062,-4.38181940135786,-3.791409041035616,1.713441283600033,3.1798022061355407,2.4726216664501623,3.003906191121969,-0.3392416292133533,1.830271861396257,0.2097671563370464,2.5002631519857026
33.0,103.0,1000.5542602539062,-4.38181940135786,-3.7914131595763294,1.713344756702286,3.179834656246138,2.4726217175857563,3.003995353090628,-0.3392579619085579,1.8302714724865616,0.2097991623499903,2.500263920950073
33.0,103.0,1000.5542602539062,-4.38181940135786,-3.791410647088578,1.7134482463192349,3.1798377217878966,2.4726217172968443,3.0039042085161625,-0.3392415193797365,1.8302718350428768,0.2097667491870257,2.5002630916363096
33.0,103.0,1000.5542602539062,-4.38181940135786,-3.791414982867782,1.7133451625052467,3.179883420891997,2.4726217840652778,3.00400027235084,-0.3392340370298377,1.8302718567106755,0.2097922821456871,2.500264074020331
33.0,103.0,1000.5542602539062,-4.38181940135786,-3.791410647088578,1.7133437300525232,3.1798828335351166,2.472621786136348,3.004000620495525,-0.3392415556393657,1.8302718714313588,0.20979179676168,2.500264107828256
33.0,103.0,1000.5542602539062,-4.38181940135786,-3.7914178709014426,1.7133446549723352,3.1798817675102704,2.4726217192399167,3.004000255728014,-0.3392341091442605,1.8302718294642144,0.2097990698988821,2.5002640742615
33.0,103.0,1000.5542602539062,-4.38181940135786,-3.791413455640687,1.7133446521999072,3.1798044447737386,2.4726218169564365,3.00399746451537,-0.3392341600620822,1.830271468091065,0.2097992388645853,2.500264141256778
33.0,103.0,1000.5542602539062,-4.38181940135786,-3.791412896510258,1.7133452670709255,3.179835756526556,2.472621823678132,3.0040016334294712,-0.3392403894079505,1.8302718503793505,0.2097986381916614,2.500264094993965
33.0,103.0,1000.5542602539062,-4.38181940135786,-3.7914174135079097,1.713344650939414,3.1798791577764782,2.47262171996699,3.004000255728014,-0.3392346871925509,1.8302718294642144,0.2097990698988821,2.500263043019882
33.0,103.0,1000.5542602539062,-4.38181940135786,-3.791403087438392,1.7133447600533094,3.1798833552156154,2.472621720053326,3.004000259190106,-0.3392341091442605,1.8302718294642144,0.2097990654518765,2.5002640742615
33.0,103.0,1000.5542602539062,-4.38181940135786,-3.7914131536983766,1.713364115561412,3.1798003842776867,2.472621720053326,3.0039034394942563,-0.3392341091442605,1.8302718303242864,0.2097990654518765,2.5002640742615
33.0,103.0,1000.5542602539062,-4.38181940135786,-3.791410647088578,1.7133438402144991,3.179804302775334,2.472621785023926,3.004000259414236,-0.3392415512464755,1.8302718528267783,0.2097681798996036,2.5002630916363096
33.0,103.0,1000.5542602539062,-4.38181940135786,-3.791412896510258,1.7133446605343985,3.179882911800807,2.4726217846914285,3.0040003129560464,-0.339240702332621,1.8302718291365463,0.2097990923259076,2.5002632360729624
33.0,103.0,1000.5542602539062,-4.38181940135786,-3.791403087438392,1.713343737290902,3.1798833552156154,2.472621720053326,3.004000259190106,-0.3392415304319907,1.830271828888114,0.2097990654518765,2.5002640742615
33.0,103.0,1000.5542602539062,-4.38181940135786,-3.791412889714025,1.7133447612707118,3.1798819540494248,2.472621720053326,3.004000272044644,-0.3392341091442605,1.8302718294642144,0.2097990654518765,2.5002640742615
33.0,103.0,1000.5542602539062,-4.38181940135786,-3.791409041035616,1.713441283600033,3.1798022061355407,2.4726216664501623,3.003906191121969,-0.3392416422836015,1.830271861396257,0.2097980846330014,2.500264103564973
33.0,103.0,1000.5542602539062,-4.38181940135786,-3.791413455640687,1.7133446521999072,3.1798070051760616,2.472621816207151,3.003995199288662,-0.3392582899893485,1.8302714563926048,0.2097992388645853,2.500264141256778
33.0,103.0,1000.5542602539062,-4.38181940135786,-3.791413149426072,1.713344802953359,3.179834637909619,2.4726217149666314,3.003995742803684,-0.339257651080828,1.8302718567106755,0.2097985257782799,2.5002632360729624
33.0,103.0,1000.5542602539062,-4.38181940135786,-3.7914129030614254,1.7133452734463526,3.179806695634054,2.472621784702425,3.0040016420876454,-0.3392415705645515,1.8302718564023848,0.2097666486452584,2.5002630807775432
33.0,103.0,1000.5542602539062,-4.38181940135786,-3.791410647088578,1.713344045334723,3.1798377217878966,2.47262171734642,3.0039042085161625,-0.3392422722262328,1.8302718350428768,0.209766981236708,2.5002630916363096
33.0,103.0,1000.5542602539062,-4.38181940135786,-3.7913996490447657,1.713343667510827,3.179837794553139,2.472621786162744,3.003912506546678,-0.3392419226970875,1.8302718294642144,0.2097915381129783,2.500264147221157
33.0,103.0,1000.5542602539062,-4.381819401386316,-3.791424788835348,1.71344700144293,3.1797952876722446,2.4726217857344426,3.003906383483674,-0.3392767238762389,1.830271450944961,0.20979179676168,2.5002631437247063
33.0,103.0,1000.5542602539062,-4.38181940135786,-3.791410647088578,1.7133437300525232,3.179836915076476,2.472621786136348,3.003906383483674,-0.3392415556393657,1.830271450944961,0.2097916446386695,2.500264107828256
33.0,103.0,1000.5542602539062,-4.38181940135786,-3.791413455640687,1.7133446521999072,3.1798044447737386,2.4726218169564365,3.00399746451537,-0.3392341600620822,1.830271468091065,0.2097992388645853,2.500264141256778
33.0,103.0,1000.5542602539062,-4.38181940135786,-3.791412919622108,1.7133447528149308,3.1798374044415287,2.472621784281688,3.003906383483674,-0.3392341343516356,1.8302718511201752,0.20979179676168,2.500263236912903
33.0,103.0,1000.5542602539062,-4.38181940135786,-3.791412896510258,1.7133452670709255,3.179835756526556,2.472621823678132,3.0040016334294712,-0.3392403763377024,1.8302718503793505,0.2097677098957064,2.5002631434146942
33.0,103.0,1000.5542602539062,-4.38181940135786,-3.791412896510258,1.7133452079173928,3.1798021403481007,2.472621819867011,3.0040008101339724,-0.3392403894079505,1.8302718503793505,0.2097984722528477,2.5002641067329057
33.0,103.0,1000.5542602539062,-4.38181940135786,-3.7914129066605167,1.7133452366581934,3.179837418731544,2.472621786850459,3.0040012523745885,-0.3392410131603509,1.8302714724865616,0.209799108824558,2.500263920950073
33.0,103.0,1000.5542602539062,-4.38181940135786,-3.791410647088578,1.7133447134811102,3.1798808880336065,2.4726217200499807,3.00399413266501,-0.3392340378699809,1.830271450944961,0.2097991990612521,2.500264107828256
33.0,103.0,1000.5542602539062,-4.38181940135786,-3.791413455640687,1.7133446521999072,3.1798044447737386,2.4726218169564365,3.00399746451537,-0.3392341600620822,1.830271468091065,0.2097992388645853,2.500264141256778
33.0,104.0,1000.55419921875,-4.38181940135786,-3.7913996490447657,1.7133438418106612,3.179839269708152,2.4726217861634487,3.003912506546678,-0.3392419226970875,1.8302718527713948,0.2097675884456657,2.5002641287197003
33.0,104.0,1000.55419921875,-4.38181940135786,-3.7913996490447657,1.7133438418106612,3.179836872518181,2.4726217861634487,3.0039067150761003,-0.3392419226970875,1.830271457628925,0.2097675884456657,2.5002641287197003
33.0,104.0,1000.55419921875,-4.38181940135786,-3.7913996490447657,1.713345186439946,3.179839269708152,2.472621786149781,3.003912506546678,-0.3392419226970875,1.8302718527713948,0.2097675884456657,2.5002641287197003
33.0,104.0,1000.55419921875,-4.38181940135786,-3.7913996490447657,1.7133438418106612,3.179835708625155,2.4726217861634487,3.0039067150761003,-0.3392420536054461,1.830271457628925,0.2097675884456657,2.5002641287197003
33.0,104.0,1000.55419921875,-4.38181940135786,-3.7913996490447657,1.7133437307203232,3.1798392815128063,2.472621786247168,3.003912506546678,-0.3392415602430185,1.8302718505997395,0.2097675884456657,2.5002641287197003
33.0,104.0,1000.5542602539062,-4.38181940135786,-3.791410647088578,1.7133437300525232,3.179836915076476,2.472621786136348,3.003906383483674,-0.3392415556393657,1.830271450944961,0.20979179676168,2.500263143834757
33.0,104.0,1000.5542602539062,-4.38181940135786,-3.7914131595763294,1.713344756702286,3.179834656246138,2.4726218162105047,3.003995307003598,-0.3392578055523292,1.8302714565687408,0.2097991623499903,2.500263920950073
33.0,104.0,1000.5542602539062,-4.38181940135786,-3.7914178709014426,1.7133447612296704,3.1798819540494248,2.472621720053326,3.004000259190106,-0.3392341091442605,1.8302718294642144,0.2097990654518765,2.5002640742615
33.0,104.0,1000.5542602539062,-4.38181940135786,-3.791410065492028,1.713345282909266,3.1798374003950243,2.4726217842313343,3.0040010128887644,-0.3392340638313668,1.8302718567106755,0.2097986438074211,2.500264054578983
33.0,104.0,1000.5542602539062,-4.38181940135786,-3.7914131536983766,1.7133447612296704,3.1798819540494248,2.472621720053326,3.004000271921328,-0.3392341091442605,1.8302718294642144,0.2097990654518765,2.5002640742615
33.0,104.0,1000.5542602539062,-4.38181940135786,-3.7914178709014426,1.713344650939414,3.1798817675102704,2.472621720053326,3.004000255728014,-0.3392341091442605,1.8302718294642144,0.2097990698988821,2.5002640742615
33.0,104.0,1000.5542602539062,-4.38181940135786,-3.791412896510258,1.713345282909266,3.1798374003950243,2.4726217842313343,3.0040016420876454,-0.339240702332621,1.8302718567106755,0.2097984722528477,2.5002632360729624
33.0,104.0,1000.5542602539062,-4.38181940135786,-3.791410647088578,1.7134408171121722,3.179803446952878,2.472621786136348,3.003906383483674,-0.3392415556393657,1.830271450792125,0.2097667491870257,2.5002630916363096
33.0,104.0,1000.5542602539062,-4.38181940135786,-3.791412896510258,1.7133452670709255,3.1798021403481007,2.472621818556161,3.0040016420876454,-0.3392403894079505,1.8302718503793505,0.2097984722528477,2.500264094993965
33.0,104.0,1000.5542602539062,-4.38181940135786,-3.791410647088578,1.7133437300525232,3.179836915076476,2.472621786136348,3.003906383483674,-0.3392415556393657,1.830271450944961,0.20979179676168,2.500264107828256
33.0,104.0,1000.5542602539062,-4.38181940135786,-3.791410647088578,1.713443379854418,3.1798377217878966,2.4726217860105204,3.003906383483674,-0.3392415556393657,1.8302718350428768,0.2097667491870257,2.5002630916363096
33.0,104.0,1000.5542602539062,-4.38181940135786,-3.791410647088578,1.7133438402144991,3.179804302775334,2.472621786136348,3.0040002641717227,-0.3392415637161292,1.8302718529820496,0.2097681798996036,2.5002630916363096
33.0,104.0,1000.5542602539062,-4.38181940135786,-3.791412896510258,1.7133452734463526,3.1798374003950243,2.4726217846914285,3.0040016420876454,-0.339240702332621,1.8302718564023848,0.2097984722528477,2.5002632360729624
33.0,104.0,1000.5542602539062,-4.38181940135786,-3.7913996490447657,1.713344650939414,3.1798817675102704,2.4726217200763774,3.004000255728014,-0.3392344049277027,1.8302718294642144,0.2097989404125504,2.500264147221157
33.0,104.0,1000.5542602539062,-4.38181940135786,-3.791403087438392,1.7133447600533094,3.179883414434586,2.472621720053326,3.004000259190106,-0.3392341091442605,1.8302718294642144,0.2097990654518765,2.5002640742615
33.0,104.0,1000.5542602539062,-4.38181940135786,-3.791403087438392,1.7133398935884925,3.179883414434586,2.472621788767002,3.004002434157617,-0.3392341454038897,1.8302718294642144,0.2097990654518765,2.5002640742615
33.0,104.0,1000.5542602539062,-4.38181940135786,-3.791412919622108,1.7133437300525232,3.1798374044415287,2.472621784281688,3.003906383483674,-0.3392415556393657,1.8302718505440747,0.20979179676168,2.500263236912903
33.0,104.0,1000.5542602539062,-4.38181940135786,-3.791411102076245,1.7133438583847458,3.179803717986644,2.472621786136348,3.0040002641717227,-0.3392409290550328,1.8302718529820496,0.2097684268827769,2.5002630916363096
33.0,104.0,1000.5542602539062,-4.38181940135786,-3.791409041035616,1.713441283600033,3.1798022061355407,2.4726216664501623,3.003906191121969,-0.3392416292133533,1.830271861396257,0.2097671563370464,2.5002631519857026
33.0,104.0,1000.5542602539062,-4.38181940135786,-3.7914131595763294,1.713344756702286,3.179834656246138,2.4726217175857563,3.003995353090628,-0.3392579619085579,1.8302714724865616,0.2097991623499903,2.500263920950073
33.0,104.0,1000.5542602539062,-4.38181940135786,-3.791410647088578,1.7134482463192349,3.1798377217878966,2.4726217172968443,3.0039042085161625,-0.3392415193797365,1.8302718350428768,0.2097667491870257,2.5002630916363096
33.0,104.0,1000.5542602539062,-4.38181940135786,-3.791414982867782,1.7133451625052467,3.179883420891997,2.4726217840652778,3.00400027235084,-0.3392340370298377,1.8302718567106755,0.2097922821456871,2.500264074020331
33.0,104.0,1000.5542602539062,-4.38181940135786,-3.791410647088578,1.7133437300525232,3.1798828335351166,2.472621786136348,3.004000620495525,-0.3392415556393657,1.8302718714313588,0.20979179676168,2.500264107828256
33.0,104.0,1000.5542602539062,-4.38181940135786,-3.7914178709014426,1.7133446549723352,3.1798817675102704,2.4726217192399167,3.004000255728014,-0.3392341091442605,1.8302718294642144,0.2097990698988821,2.5002640742615
33.0,104.0,1000.5542602539062,-4.38181940135786,-3.791413455640687,1.7133446521999072,3.1798044447737386,2.4726218169564365,3.00399746451537,-0.3392341600620822,1.830271468091065,0.2097992388645853,2.500264141256778
33.0,104.0,1000.5542602539062,-4.38181940135786,-3.791412896510258,1.7133452670709255,3.179835756526556,2.472621823678132,3.0040016334294712,-0.3392403894079505,1.8302718503793505,0.2097986381916614,2.500264094993965
33.0,104.0,1000.5542602539062,-4.38181940135786,-3.7914174135079097,1.713344650939414,3.1798791577764782,2.47262171996699,3.004000255728014,-0.3392346871925509,1.8302718294642144,0.2097990698988821,2.500263043019882
33.0,104.0,1000.5542602539062,-4.38181940135786,-3.791403087438392,1.7133447600533094,3.1798833552156154,2.472621720053326,3.004000259190106,-0.3392341091442605,1.8302718294642144,0.2097990654518765,2.5002640742615
33.0,104.0,1000.5542602539062,-4.38181940135786,-3.7914131536983766,1.713364115561412,3.1798003842776867,2.472621720053326,3.0039034394942563,-0.3392341091442605,1.8302718303242864,0.2097990654518765,2.5002640742615
33.0,104.0,1000.5542602539062,-4.38181940135786,-3.791410647088578,1.7133438402144991,3.179804302775334,2.472621785023926,3.004000259414236,-0.3392415512464755,1.8302718528267783,0.2097681798996036,2.5002630916363096
33.0,104.0,1000.5542602539062,-4.38181940135786,-3.791412896510258,1.7133446605343985,3.179882911800807,2.4726217846914285,3.0040003129560464,-0.339240702332621,1.8302718291365463,0.2097990923259076,2.5002632360729624
33.0,104.0,1000.5542602539062,-4.38181940135786,-3.791403087438392,1.713343737290902,3.1798833552156154,2.472621720053326,3.004000259190106,-0.3392415304319907,1.830271828888114,0.2097990654518765,2.5002640742615
33.0,104.0,1000.5542602539062,-4.38181940135786,-3.791412889714025,1.7133447612707118,3.1798819540494248,2.472621720053326,3.004000272044644,-0.3392341091442605,1.8302718294642144,0.2097990654518765,2.5002640742615
33.0,104.0,1000.5542602539062,-4.38181940135786,-3.791409041035616,1.713441283600033,3.1798022061355407,2.4726216664501623,3.003906191121969,-0.3392416422836015,1.830271861396257,0.2097980846330014,2.500264103564973
33.0,104.0,1000.5542602539062,-4.38181940135786,-3.791413455640687,1.7133446521999072,3.1798070051760616,2.472621816207151,3.003995199288662,-0.3392582899893485,1.8302714563926048,0.2097992388645853,2.500264141256778
33.0,104.0,1000.5542602539062,-4.38181940135786,-3.791413149426072,1.713344802953359,3.179834637909619,2.4726217149666314,3.003995742803684,-0.339257651080828,1.8302718567106755,0.2097985257782799,2.5002632360729624
33.0,104.0,1000.5542602539062,-4.38181940135786,-3.7914129030614254,1.7133452734463526,3.179806695634054,2.472621784702425,3.0040016420876454,-0.3392415705645515,1.8302718564023848,0.2097666486452584,2.5002630807775432
33.0,104.0,1000.5542602539062,-4.38181940135786,-3.791410647088578,1.713344045334723,3.1798377217878966,2.47262171734642,3.0039042085161625,-0.3392422722262328,1.8302718350428768,0.209766981236708,2.5002630916363096
33.0,104.0,1000.5542602539062,-4.38181940135786,-3.7913996490447657,1.713343667510827,3.179837794553139,2.472621786162744,3.003912506546678,-0.3392419226970875,1.8302718294642144,0.2097915381129783,2.500264147221157
33.0,104.0,1000.5542602539062,-4.381819401386316,-3.791424788835348,1.71344700144293,3.1797952876722446,2.4726217857344426,3.003906383483674,-0.3392767238762389,1.830271450944961,0.20979179676168,2.5002631437247063
33.0,104.0,1000.5542602539062,-4.38181940135786,-3.791410647088578,1.7133437300525232,3.179836915076476,2.472621786136348,3.003906383483674,-0.3392415556393657,1.830271450944961,0.2097916446386695,2.500264107828256
33.0,104.0,1000.5542602539062,-4.38181940135786,-3.791413455640687,1.7133446521999072,3.1798044447737386,2.4726218169564365,3.00399746451537,-0.3392341600620822,1.830271468091065,0.2097992388645853,2.500264141256778
33.0,104.0,1000.5542602539062,-4.38181940135786,-3.791412919622108,1.7133447528149308,3.1798374044415287,2.472621784281688,3.003906383483674,-0.3392341343516356,1.8302718511201752,0.20979179676168,2.500263236912903
33.0,104.0,1000.5542602539062,-4.38181940135786,-3.791412896510258,1.7133452670709255,3.179835756526556,2.472621823678132,3.0040016334294712,-0.3392403763377024,1.8302718503793505,0.2097677098957064,2.5002631434146942
33.0,104.0,1000.5542602539062,-4.38181940135786,-3.791412896510258,1.7133452079173928,3.1798021403481007,2.472621819867011,3.0040008101339724,-0.3392403894079505,1.8302718503793505,0.2097984722528477,2.5002641067329057
33.0,105.0,1000.55419921875,-4.38181940135786,-3.7913996490447657,1.7133438418106612,3.179839269708152,2.4726217861634487,3.003912506546678,-0.3392419226970875,1.8302718527713948,0.2097675884456657,2.5002641287197003
33.0,105.0,1000.55419921875,-4.38181940135786,-3.7913996490447657,1.7133438418106612,3.179836872518181,2.4726217861634487,3.0039067150761003,-0.3392419226970875,1.830271457628925,0.2097675884456657,2.5002641287197003
33.0,105.0,1000.55419921875,-4.38181940135786,-3.7913996490447657,1.713345186439946,3.179839269708152,2.472621786149781,3.003912506546678,-0.3392419226970875,1.8302718527713948,0.2097675884456657,2.5002641287197003
33.0,105.0,1000.55419921875,-4.38181940135786,-3.7913996490447657,1.7133438418106612,3.179835708625155,2.4726217861634487,3.0039067150761003,-0.3392420536054461,1.830271457628925,0.2097675884456657,2.5002641287197003
33.0,105.0,1000.55419921875,-4.38181940135786,-3.7913996490447657,1.7133437307203232,3.1798392815128063,2.472621786247168,3.003912506546678,-0.3392415602430185,1.8302718505997395,0.2097675884456657,2.5002641287197003
33.0,105.0,1000.55419921875,-4.38181940135786,-3.7913996490447657,1.7133438418106612,3.179836872518181,2.4726217861634487,3.003906369438704,-0.3392419121307164,1.830271457628925,0.2097675884456657,2.5002641287197003
33.0,105.0,1000.55419921875,-4.38181940135786,-3.7913996490447657,1.7133437233969289,3.1798392815128063,2.472621786247168,3.003912506546678,-0.3392415609063802,1.8302718505997395,0.2097675884456657,2.5002641287197003
33.0,105.0,1000.55419921875,-4.38181940135786,-3.7913996490447657,1.713340495182897,3.179797356084461,2.472621786149781,3.003906536341034,-0.3392419226970875,1.8302718534130689,0.2097675884456657,2.500264208296925
33.0,105.0,1000.55419921875,-4.38181940135786,-3.791398721541617,1.7133437307203232,3.1798392815128063,2.472621786247168,3.003912506546678,-0.3392415602430185,1.8302718505997395,0.2097675884456657,2.5002641287197003
33.0,105.0,1000.5542602539062,-4.38181940135786,-3.791410647088578,1.7133437300525232,3.179836915076476,2.472621786136348,3.003906383483674,-0.3392415556393657,1.830271450944961,0.20979179676168,2.500263143834757
33.0,105.0,1000.5542602539062,-4.38181940135786,-3.7914131595763294,1.713344756702286,3.179834656246138,2.4726218162105047,3.003995307003598,-0.3392578055523292,1.8302714565687408,0.2097991623499903,2.500263920950073
33.0,105.0,1000.5542602539062,-4.38181940135786,-3.7914178709014426,1.7133447612296704,3.1798819540494248,2.472621720053326,3.004000259190106,-0.3392341091442605,1.8302718294642144,0.2097990654518765,2.5002640742615
33.0,105.0,1000.5542602539062,-4.38181940135786,-3.791410065492028,1.713345282909266,3.1798374003950243,2.4726217842313343,3.0040010128887644,-0.3392340638313668,1.8302718567106755,0.2097986438074211,2.500264054578983
33.0,105.0,1000.5542602539062,-4.38181940135786,-3.7914131536983766,1.7133447612296704,3.1798819540494248,2.472621720053326,3.004000271921328,-0.3392341091442605,1.8302718294642144,0.2097990654518765,2.5002640742615
33.0,105.0,1000.5542602539062,-4.38181940135786,-3.7914178709014426,1.713344650939414,3.1798817675102704,2.472621720053326,3.004000255728014,-0.3392341091442605,1.8302718294642144,0.2097990698988821,2.5002640742615
33.0,105.0,1000.5542602539062,-4.38181940135786,-3.791412896510258,1.713345282909266,3.1798374003950243,2.4726217842313343,3.0040016420876454,-0.339240702332621,1.8302718567106755,0.2097984722528477,2.5002632360729624
33.0,105.0,1000.5542602539062,-4.38181940135786,-3.791410647088578,1.7134408171121722,3.179803446952878,2.472621786136348,3.003906383483674,-0.3392415556393657,1.830271450792125,0.2097667491870257,2.5002630916363096
33.0,105.0,1000.5542602539062,-4.38181940135786,-3.791412896510258,1.7133452670709255,3.1798021403481007,2.472621818556161,3.0040016420876454,-0.3392403894079505,1.8302718503793505,0.2097984722528477,2.500264094993965
33.0,105.0,1000.5542602539062,-4.38181940135786,-3.791410647088578,1.7133437300525232,3.179836915076476,2.472621786136348,3.003906383483674,-0.3392415556393657,1.830271450944961,0.20979179676168,2.500264107828256
33.0,105.0,1000.5542602539062,-4.38181940135786,-3.791410647088578,1.713443379854418,3.1798377217878966,2.4726217860105204,3.003906383483674,-0.3392415556393657,1.8302718350428768,0.2097667491870257,2.5002630916363096
33.0,105.0,1000.5542602539062,-4.38181940135786,-3.791410647088578,1.7133438402144991,3.179804302775334,2.472621786136348,3.0040002641717227,-0.3392415637161292,1.8302718529820496,0.2097681798996036,2.5002630916363096
33.0,105.0,1000.5542602539062,-4.38181940135786,-3.791412896510258,1.7133452734463526,3.1798374003950243,2.4726217846914285,3.0040016420876454,-0.339240702332621,1.8302718564023848,0.2097984722528477,2.5002632360729624
33.0,105.0,1000.5542602539062,-4.38181940135786,-3.7913996490447657,1.713344650939414,3.1798817675102704,2.4726217200763774,3.004000255728014,-0.3392344049277027,1.8302718294642144,0.2097989404125504,2.500264147221157
33.0,105.0,1000.5542602539062,-4.38181940135786,-3.791403087438392,1.7133447600533094,3.179883414434586,2.472621720053326,3.004000259190106,-0.3392341091442605,1.8302718294642144,0.2097990654518765,2.5002640742615
33.0,105.0,1000.5542602539062,-4.38181940135786,-3.791403087438392,1.7133398935884925,3.179883414434586,2.472621788767002,3.004002434157617,-0.3392341454038897,1.8302718294642144,0.2097990654518765,2.5002640742615
33.0,105.0,1000.5542602539062,-4.38181940135786,-3.791412919622108,1.7133437300525232,3.1798374044415287,2.472621784281688,3.003906383483674,-0.3392415556393657,1.8302718505440747,0.20979179676168,2.500263236912903
33.0,105.0,1000.5542602539062,-4.38181940135786,-3.791411102076245,1.7133438583847458,3.179803717986644,2.472621786136348,3.0040002641717227,-0.3392409290550328,1.8302718529820496,0.2097684268827769,2.5002630916363096
33.0,105.0,1000.5542602539062,-4.38181940135786,-3.791409041035616,1.713441283600033,3.1798022061355407,2.4726216664501623,3.003906191121969,-0.3392416292133533,1.830271861396257,0.2097671563370464,2.5002631519857026
33.0,105.0,1000.5542602539062,-4.38181940135786,-3.7914131595763294,1.713344756702286,3.179834656246138,2.4726217175857563,3.003995353090628,-0.3392579619085579,1.8302714724865616,0.2097991623499903,2.500263920950073
33.0,105.0,1000.5542602539062,-4.38181940135786,-3.791410647088578,1.7134482463192349,3.1798377217878966,2.4726217172968443,3.0039042085161625,-0.3392415193797365,1.8302718350428768,0.2097667491870257,2.5002630916363096
33.0,105.0,1000.5542602539062,-4.38181940135786,-3.791414982867782,1.7133451625052467,3.179883420891997,2.4726217840652778,3.00400027235084,-0.3392340370298377,1.8302718567106755,0.2097922821456871,2.500264074020331
33.0,105.0,1000.5542602539062,-4.38181940135786,-3.791410647088578,1.7133437300525232,3.1798828335351166,2.472621786136348,3.004000620495525,-0.3392415556393657,1.8302718714313588,0.20979179676168,2.500264107828256
33.0,105.0,1000.5542602539062,-4.38181940135786,-3.7914178709014426,1.7133446549723352,3.1798817675102704,2.4726217192399167,3.004000255728014,-0.3392341091442605,1.8302718294642144,0.2097990698988821,2.5002640742615
33.0,105.0,1000.5542602539062,-4.38181940135786,-3.791413455640687,1.7133446521999072,3.1798044447737386,2.4726218169564365,3.00399746451537,-0.3392341600620822,1.830271468091065,0.2097992388645853,2.500264141256778
33.0,105.0,1000.5542602539062,-4.38181940135786,-3.791412896510258,1.7133452670709255,3.179835756526556,2.472621823678132,3.0040016334294712,-0.3392403894079505,1.8302718503793505,0.2097986381916614,2.500264094993965
33.0,105.0,1000.5542602539062,-4.38181940135786,-3.7914174135079097,1.713344650939414,3.1798791577764782,2.47262171996699,3.004000255728014,-0.3392346871925509,1.8302718294642144,0.2097990698988821,2.500263043019882
33.0,105.0,1000.5542602539062,-4.38181940135786,-3.791403087438392,1.7133447600533094,3.1798833552156154,2.472621720053326,3.004000259190106,-0.3392341091442605,1.8302718294642144,0.2097990654518765,2.5002640742615
33.0,105.0,1000.5542602539062,-4.38181940135786,-3.7914131536983766,1.713364115561412,3.1798003842776867,2.472621720053326,3.0039034394942563,-0.3392341091442605,1.8302718303242864,0.2097990654518765,2.5002640742615
33.0,105.0,1000.5542602539062,-4.38181940135786,-3.791410647088578,1.7133438402144991,3.179804302775334,2.472621785023926,3.004000259414236,-0.3392415512464755,1.8302718528267783,0.2097681798996036,2.5002630916363096
33.0,105.0,1000.5542602539062,-4.38181940135786,-3.791412896510258,1.7133446605343985,3.179882911800807,2.4726217846914285,3.0040003129560464,-0.339240702332621,1.8302718291365463,0.2097990923259076,2.5002632360729624
33.0,105.0,1000.5542602539062,-4.38181940135786,-3.791403087438392,1.713343737290902,3.1798833552156154,2.472621720053326,3.004000259190106,-0.3392415304319907,1.830271828888114,0.2097990654518765,2.5002640742615
33.0,105.0,1000.5542602539062,-4.38181940135786,-3.791412889714025,1.7133447612707118,3.1798819540494248,2.472621720053326,3.004000272044644,-0.3392341091442605,1.8302718294642144,0.2097990654518765,2.5002640742615
33.0,105.0,1000.5542602539062,-4.38181940135786,-3.791409041035616,1.713441283600033,3.1798022061355407,2.4726216664501623,3.003906191121969,-0.3392416422836015,1.830271861396257,0.2097980846330014,2.500264103564973
33.0,105.0,1000.5542602539062,-4.38181940135786,-3.791413455640687,1.7133446521999072,3.1798070051760616,2.472621816207151,3.003995199288662,-0.3392582899893485,1.8302714563926048,0.2097992388645853,2.500264141256778
33.0,105.0,1000.5542602539062,-4.38181940135786,-3.791413149426072,1.713344802953359,3.179834637909619,2.4726217149666314,3.003995742803684,-0.339257651080828,1.8302718567106755,0.2097985257782799,2.5002632360729624
33.0,105.0,1000.5542602539062,-4.38181940135786,-3.7914129030614254,1.7133452734463526,3.179806695634054,2.472621784702425,3.0040016420876454,-0.3392415705645515,1.8302718564023848,0.2097666486452584,2.5002630807775432
33.0,105.0,1000.5542602539062,-4.38181940135786,-3.791410647088578,1.713344045334723,3.1798377217878966,2.47262171734642,3.0039042085161625,-0.3392422722262328,1.8302718350428768,0.209766981236708,2.5002630916363096
33.0,105.0,1000.5542602539062,-4.38181940135786,-3.7913996490447657,1.713343667510827,3.179837794553139,2.472621786162744,3.003912506546678,-0.3392419226970875,1.8302718294642144,0.2097915381129783,2.500264147221157
33.0,105.0,1000.5542602539062,-4.381819401386316,-3.791424788835348,1.71344700144293,3.1797952876722446,2.4726217857344426,3.003906383483674,-0.3392767238762389,1.830271450944961,0.20979179676168,2.5002631437247063
33.0,105.0,1000.5542602539062,-4.38181940135786,-3.791410647088578,1.7133437300525232,3.179836915076476,2.472621786136348,3.003906383483674,-0.3392415556393657,1.830271450944961,0.2097916446386695,2.500264107828256
33.0,106.0,1000.55419921875,-4.38181940135786,-3.7913996490447657,1.7133438418106612,3.179839269708152,2.4726217861634487,3.003912506546678,-0.3392419226970875,1.8302718527713948,0.2097675884456657,2.5002641287197003
33.0,106.0,1000.55419921875,-4.38181940135786,-3.7913996490447657,1.7133438418106612,3.179836872518181,2.4726217861634487,3.0039067150761003,-0.3392419226970875,1.830271457628925,0.2097675884456657,2.5002641287197003
33.0,106.0,1000.55419921875,-4.38181940135786,-3.7913996490447657,1.713345186439946,3.179839269708152,2.472621786149781,3.003912506546678,-0.3392419226970875,1.8302718527713948,0.2097675884456657,2.5002641287197003
33.0,106.0,1000.55419921875,-4.38181940135786,-3.7913996490447657,1.7133438418106612,3.179835708625155,2.4726217861634487,3.0039067150761003,-0.3392420536054461,1.830271457628925,0.2097675884456657,2.5002641287197003
33.0,106.0,1000.55419921875,-4.38181940135786,-3.7913996490447657,1.7133437307203232,3.1798392815128063,2.472621786247168,3.003912506546678,-0.3392415602430185,1.8302718505997395,0.2097675884456657,2.5002641287197003
33.0,106.0,1000.55419921875,-4.38181940135786,-3.7913996490447657,1.7133438418106612,3.179836872518181,2.4726217861634487,3.003906369438704,-0.3392419121307164,1.830271457628925,0.2097675884456657,2.5002641287197003
33.0,106.0,1000.55419921875,-4.38181940135786,-3.7913996490447657,1.7133437233969289,3.1798392815128063,2.472621786247168,3.003912506546678,-0.3392415609063802,1.8302718505997395,0.2097675884456657,2.5002641287197003
33.0,106.0,1000.55419921875,-4.38181940135786,-3.7913996490447657,1.713340495182897,3.179797356084461,2.472621786149781,3.003906536341034,-0.3392419226970875,1.8302718534130689,0.2097675884456657,2.500264208296925
33.0,106.0,1000.55419921875,-4.38181940135786,-3.791398721541617,1.7133437307203232,3.1798392815128063,2.472621786247168,3.003912506546678,-0.3392415602430185,1.8302718505997395,0.2097675884456657,2.5002641287197003
33.0,106.0,1000.55419921875,-4.38181940135786,-3.7913996490447657,1.7133438418106612,3.179839269708152,2.4726217861636064,3.003912506546678,-0.3392419226970875,1.8302718507172928,0.2097675884456657,2.5002641287197003
33.0,106.0,1000.55419921875,-4.38181940135786,-3.7913996490447657,1.7133438418106612,3.179839269708152,2.4726217861634487,3.003912506546678,-0.3392419226970875,1.8302718527713948,0.2097675884456657,2.5002641287197003
33.0,106.0,1000.55419921875,-4.38181940135786,-3.791398837581347,1.7133448092616914,3.179839292913373,2.472621786247168,3.003912506546678,-0.3392415911609541,1.8302718505997395,0.2097675884456657,2.5002641287197003
33.0,106.0,1000.55419921875,-4.38181940135786,-3.7913996490447657,1.713345186439946,3.179839269708152,2.472621786163805,3.003912506546678,-0.3392419125419879,1.8302718527713948,0.2097675884456657,2.5002641287197003
33.0,106.0,1000.5542602539062,-4.38181940135786,-3.791410647088578,1.7133437300525232,3.179836915076476,2.472621786136348,3.003906383483674,-0.3392415556393657,1.830271450944961,0.20979179676168,2.500263143834757
33.0,106.0,1000.5542602539062,-4.38181940135786,-3.7914131595763294,1.713344756702286,3.179834656246138,2.4726218162105047,3.003995307003598,-0.3392578055523292,1.8302714565687408,0.2097991623499903,2.500263920950073
33.0,106.0,1000.5542602539062,-4.38181940135786,-3.7914178709014426,1.7133447612296704,3.1798819540494248,2.472621720053326,3.004000259190106,-0.3392341091442605,1.8302718294642144,0.2097990654518765,2.5002640742615
33.0,106.0,1000.5542602539062,-4.38181940135786,-3.791410065492028,1.713345282909266,3.1798374003950243,2.4726217842313343,3.0040010128887644,-0.3392340638313668,1.8302718567106755,0.2097986438074211,2.500264054578983
33.0,106.0,1000.5542602539062,-4.38181940135786,-3.7914131536983766,1.7133447612296704,3.1798819540494248,2.472621720053326,3.004000271921328,-0.3392341091442605,1.8302718294642144,0.2097990654518765,2.5002640742615
33.0,106.0,1000.5542602539062,-4.38181940135786,-3.7914178709014426,1.713344650939414,3.1798817675102704,2.472621720053326,3.004000255728014,-0.3392341091442605,1.8302718294642144,0.2097990698988821,2.5002640742615
33.0,106.0,1000.5542602539062,-4.38181940135786,-3.791412896510258,1.713345282909266,3.1798374003950243,2.4726217842313343,3.0040016420876454,-0.339240702332621,1.8302718567106755,0.2097984722528477,2.5002632360729624
33.0,106.0,1000.5542602539062,-4.38181940135786,-3.791410647088578,1.7134408171121722,3.179803446952878,2.472621786136348,3.003906383483674,-0.3392415556393657,1.830271450792125,0.2097667491870257,2.5002630916363096
33.0,106.0,1000.5542602539062,-4.38181940135786,-3.791412896510258,1.7133452670709255,3.1798021403481007,2.472621818556161,3.0040016420876454,-0.3392403894079505,1.8302718503793505,0.2097984722528477,2.500264094993965
33.0,106.0,1000.5542602539062,-4.38181940135786,-3.791410647088578,1.7133437300525232,3.179836915076476,2.472621786136348,3.003906383483674,-0.3392415556393657,1.830271450944961,0.20979179676168,2.500264107828256
33.0,106.0,1000.5542602539062,-4.38181940135786,-3.791410647088578,1.713443379854418,3.1798377217878966,2.4726217860105204,3.003906383483674,-0.3392415556393657,1.8302718350428768,0.2097667491870257,2.5002630916363096
33.0,106.0,1000.5542602539062,-4.38181940135786,-3.791410647088578,1.7133438402144991,3.179804302775334,2.472621786136348,3.0040002641717227,-0.3392415637161292,1.8302718529820496,0.2097681798996036,2.5002630916363096
33.0,106.0,1000.5542602539062,-4.38181940135786,-3.791412896510258,1.7133452734463526,3.1798374003950243,2.4726217846914285,3.0040016420876454,-0.339240702332621,1.8302718564023848,0.2097984722528477,2.5002632360729624
33.0,106.0,1000.5542602539062,-4.38181940135786,-3.7913996490447657,1.713344650939414,3.1798817675102704,2.4726217200763774,3.004000255728014,-0.3392344049277027,1.8302718294642144,0.2097989404125504,2.500264147221157
33.0,106.0,1000.5542602539062,-4.38181940135786,-3.791403087438392,1.7133447600533094,3.179883414434586,2.472621720053326,3.004000259190106,-0.3392341091442605,1.8302718294642144,0.2097990654518765,2.5002640742615
33.0,106.0,1000.5542602539062,-4.38181940135786,-3.791403087438392,1.7133398935884925,3.179883414434586,2.472621788767002,3.004002434157617,-0.3392341454038897,1.8302718294642144,0.2097990654518765,2.5002640742615
33.0,106.0,1000.5542602539062,-4.38181940135786,-3.791412919622108,1.7133437300525232,3.1798374044415287,2.472621784281688,3.003906383483674,-0.3392415556393657,1.8302718505440747,0.20979179676168,2.500263236912903
33.0,106.0,1000.5542602539062,-4.38181940135786,-3.791411102076245,1.7133438583847458,3.179803717986644,2.472621786136348,3.0040002641717227,-0.3392409290550328,1.8302718529820496,0.2097684268827769,2.5002630916363096
33.0,106.0,1000.5542602539062,-4.38181940135786,-3.791409041035616,1.713441283600033,3.1798022061355407,2.4726216664501623,3.003906191121969,-0.3392416292133533,1.830271861396257,0.2097671563370464,2.5002631519857026
33.0,106.0,1000.5542602539062,-4.38181940135786,-3.7914131595763294,1.713344756702286,3.179834656246138,2.4726217175857563,3.003995353090628,-0.3392579619085579,1.8302714724865616,0.2097991623499903,2.500263920950073
33.0,106.0,1000.5542602539062,-4.38181940135786,-3.791410647088578,1.7134482463192349,3.1798377217878966,2.4726217172968443,3.0039042085161625,-0.3392415193797365,1.8302718350428768,0.2097667491870257,2.5002630916363096
33.0,106.0,1000.5542602539062,-4.38181940135786,-3.791414982867782,1.7133451625052467,3.179883420891997,2.4726217840652778,3.00400027235084,-0.3392340370298377,1.8302718567106755,0.2097922821456871,2.500264074020331
33.0,106.0,1000.5542602539062,-4.38181940135786,-3.791410647088578,1.7133437300525232,3.1798828335351166,2.472621786136348,3.004000620495525,-0.3392415556393657,1.8302718714313588,0.20979179676168,2.500264107828256
33.0,106.0,1000.5542602539062,-4.38181940135786,-3.7914178709014426,1.7133446549723352,3.1798817675102704,2.4726217192399167,3.004000255728014,-0.3392341091442605,1.8302718294642144,0.2097990698988821,2.5002640742615
33.0,106.0,1000.5542602539062,-4.38181940135786,-3.791413455640687,1.7133446521999072,3.1798044447737386,2.4726218169564365,3.00399746451537,-0.3392341600620822,1.830271468091065,0.2097992388645853,2.500264141256778
33.0,106.0,1000.5542602539062,-4.38181940135786,-3.791412896510258,1.7133452670709255,3.179835756526556,2.472621823678132,3.0040016334294712,-0.3392403894079505,1.8302718503793505,0.2097986381916614,2.500264094993965
33.0,106.0,1000.5542602539062,-4.38181940135786,-3.7914174135079097,1.713344650939414,3.1798791577764782,2.47262171996699,3.004000255728014,-0.3392346871925509,1.8302718294642144,0.2097990698988821,2.500263043019882
33.0,106.0,1000.5542602539062,-4.38181940135786,-3.791403087438392,1.7133447600533094,3.1798833552156154,2.472621720053326,3.004000259190106,-0.3392341091442605,1.8302718294642144,0.2097990654518765,2.5002640742615
33.0,106.0,1000.5542602539062,-4.38181940135786,-3.7914131536983766,1.713364115561412,3.1798003842776867,2.472621720053326,3.0039034394942563,-0.3392341091442605,1.8302718303242864,0.2097990654518765,2.5002640742615
33.0,106.0,1000.5542602539062,-4.38181940135786,-3.791410647088578,1.7133438402144991,3.179804302775334,2.472621785023926,3.004000259414236,-0.3392415512464755,1.8302718528267783,0.2097681798996036,2.5002630916363096
33.0,106.0,1000.5542602539062,-4.38181940135786,-3.791412896510258,1.7133446605343985,3.179882911800807,2.4726217846914285,3.0040003129560464,-0.339240702332621,1.8302718291365463,0.2097990923259076,2.5002632360729624
33.0,106.0,1000.5542602539062,-4.38181940135786,-3.791403087438392,1.713343737290902,3.1798833552156154,2.472621720053326,3.004000259190106,-0.3392415304319907,1.830271828888114,0.2097990654518765,2.5002640742615
33.0,106.0,1000.5542602539062,-4.38181940135786,-3.791412889714025,1.7133447612707118,3.1798819540494248,2.472621720053326,3.004000272044644,-0.3392341091442605,1.8302718294642144,0.2097990654518765,2.5002640742615
33.0,106.0,1000.5542602539062,-4.38181940135786,-3.791409041035616,1.713441283600033,3.1798022061355407,2.4726216664501623,3.003906191121969,-0.3392416422836015,1.830271861396257,0.2097980846330014,2.500264103564973
33.0,106.0,1000.5542602539062,-4.38181940135786,-3.791413455640687,1.7133446521999072,3.1798070051760616,2.472621816207151,3.003995199288662,-0.3392582899893485,1.8302714563926048,0.2097992388645853,2.500264141256778
33.0,106.0,1000.5542602539062,-4.38181940135786,-3.791413149426072,1.713344802953359,3.179834637909619,2.4726217149666314,3.003995742803684,-0.339257651080828,1.8302718567106755,0.2097985257782799,2.5002632360729624
33.0,106.0,1000.5542602539062,-4.38181940135786,-3.7914129030614254,1.7133452734463526,3.179806695634054,2.472621784702425,3.0040016420876454,-0.3392415705645515,1.8302718564023848,0.2097666486452584,2.5002630807775432
33.0,107.0,1000.55419921875,-4.38181940135786,-3.7913996490447657,1.7133438418106612,3.179839269708152,2.4726217861634487,3.003912506546678,-0.3392419226970875,1.8302718527713948,0.2097675884456657,2.5002641287197003
33.0,107.0,1000.55419921875,-4.38181940135786,-3.7913996490447657,1.7133438418106612,3.179836872518181,2.4726217861634487,3.0039067150761003,-0.3392419226970875,1.830271457628925,0.2097675884456657,2.5002641287197003
33.0,107.0,1000.55419921875,-4.38181940135786,-3.7913996490447657,1.713345186439946,3.179839269708152,2.472621786149781,3.003912506546678,-0.3392419226970875,1.8302718527713948,0.2097675884456657,2.5002641287197003
33.0,107.0,1000.55419921875,-4.38181940135786,-3.7913996490447657,1.7133438418106612,3.179835708625155,2.4726217861634487,3.0039067150761003,-0.3392420536054461,1.830271457628925,0.2097675884456657,2.5002641287197003
33.0,107.0,1000.55419921875,-4.38181940135786,-3.7913996490447657,1.7133437307203232,3.1798392815128063,2.472621786247168,3.003912506546678,-0.3392415602430185,1.8302718505997395,0.2097675884456657,2.5002641287197003
33.0,107.0,1000.55419921875,-4.38181940135786,-3.7913996490447657,1.7133438418106612,3.179836872518181,2.4726217861634487,3.003906369438704,-0.3392419121307164,1.830271457628925,0.2097675884456657,2.5002641287197003
33.0,107.0,1000.55419921875,-4.38181940135786,-3.7913996490447657,1.7133437233969289,3.1798392815128063,2.472621786247168,3.003912506546678,-0.3392415609063802,1.8302718505997395,0.2097675884456657,2.5002641287197003
33.0,107.0,1000.55419921875,-4.38181940135786,-3.7913996490447657,1.713340495182897,3.179797356084461,2.472621786149781,3.003906536341034,-0.3392419226970875,1.8302718534130689,0.2097675884456657,2.500264208296925
33.0,107.0,1000.55419921875,-4.38181940135786,-3.791398721541617,1.7133437307203232,3.1798392815128063,2.472621786247168,3.003912506546678,-0.3392415602430185,1.8302718505997395,0.2097675884456657,2.5002641287197003
33.0,107.0,1000.55419921875,-4.38181940135786,-3.7913996490447657,1.7133438418106612,3.179839269708152,2.4726217861636064,3.003912506546678,-0.3392419226970875,1.8302718507172928,0.2097675884456657,2.5002641287197003
33.0,107.0,1000.55419921875,-4.38181940135786,-3.7913996490447657,1.7133438418106612,3.179839269708152,2.4726217861634487,3.003912506546678,-0.3392419226970875,1.8302718527713948,0.2097675884456657,2.5002641287197003
33.0,107.0,1000.55419921875,-4.38181940135786,-3.791398837581347,1.7133448092616914,3.179839292913373,2.472621786247168,3.003912506546678,-0.3392415911609541,1.8302718505997395,0.2097675884456657,2.5002641287197003
33.0,107.0,1000.55419921875,-4.38181940135786,-3.7913996490447657,1.713345186439946,3.179839269708152,2.472621786163805,3.003912506546678,-0.3392419125419879,1.8302718527713948,0.2097675884456657,2.5002641287197003
33.0,107.0,1000.55419921875,-4.38181940135786,-3.7913996490447657,1.7133438418106612,3.179836872518181,2.4726217861634434,3.0039067150761003,-0.3392419226970875,1.830271457628925,0.2097675884456657,2.5002641287197003
33.0,107.0,1000.55419921875,-4.38181940135786,-3.791398721541617,1.7133437234014082,3.1798392815128063,2.472621786247168,3.003912506546678,-0.3392415602430185,1.8302718505997395,0.2097675884456657,2.5002641287197003
33.0,107.0,1000.55419921875,-4.38181940135786,-3.791398837581347,1.7133448092616914,3.179839292913373,2.472621786247168,3.003912506546678,-0.3392419260523692,1.830271850636707,0.2097675884456657,2.5002641287197003
33.0,107.0,1000.55419921875,-4.38181940135786,-3.791399400244862,1.7133438418106612,3.179839269708152,2.4726217861634487,3.003912164727346,-0.339241549601552,1.8302718527713948,0.20976754401663,2.50026411119348
33.0,107.0,1000.55419921875,-4.38181940135786,-3.7913996490447657,1.7133437199801749,3.179839270729686,2.4726217861648534,3.003912506546678,-0.3392415609063802,1.8302718505972195,0.2097675884456657,2.5002641287197003
33.0,107.0,1000.55419921875,-4.38181940135786,-3.7913996490447657,1.7133437307203232,3.1798367136171186,2.472621786247168,3.003912506546678,-0.3392415602430185,1.830271464997844,0.2097675884456657,2.5002641287197003
33.0,107.0,1000.55419921875,-4.38181940135786,-3.7913996490447657,1.7133438418106612,3.179836872518181,2.4726217861634487,3.003906369438704,-0.3392419121307164,1.830271457628925,0.2097675884456657,2.5002641287197003
33.0,107.0,1000.55419921875,-4.38181940135786,-3.7913996490447657,1.7133438418106612,3.179839440413869,2.4726217861634487,3.0039067150761003,-0.3392419226970875,1.8302718432308205,0.2097675884456657,2.5002641287197003
33.0,107.0,1000.5542602539062,-4.38181940135786,-3.791410647088578,1.7133437300525232,3.179836915076476,2.472621786136348,3.003906383483674,-0.3392415556393657,1.830271450944961,0.20979179676168,2.500263143834757
33.0,107.0,1000.5542602539062,-4.38181940135786,-3.7914131595763294,1.713344756702286,3.179834656246138,2.4726218162105047,3.003995307003598,-0.3392578055523292,1.8302714565687408,0.2097991623499903,2.500263920950073
33.0,107.0,1000.5542602539062,-4.38181940135786,-3.7914178709014426,1.7133447612296704,3.1798819540494248,2.472621720053326,3.004000259190106,-0.3392341091442605,1.8302718294642144,0.2097990654518765,2.5002640742615
33.0,107.0,1000.5542602539062,-4.38181940135786,-3.791410065492028,1.713345282909266,3.1798374003950243,2.4726217842313343,3.0040010128887644,-0.3392340638313668,1.8302718567106755,0.2097986438074211,2.500264054578983
33.0,107.0,1000.5542602539062,-4.38181940135786,-3.7914131536983766,1.7133447612296704,3.1798819540494248,2.472621720053326,3.004000271921328,-0.3392341091442605,1.8302718294642144,0.2097990654518765,2.5002640742615
33.0,107.0,1000.5542602539062,-4.38181940135786,-3.7914178709014426,1.713344650939414,3.1798817675102704,2.472621720053326,3.004000255728014,-0.3392341091442605,1.8302718294642144,0.2097990698988821,2.5002640742615
33.0,107.0,1000.5542602539062,-4.38181940135786,-3.791412896510258,1.713345282909266,3.1798374003950243,2.4726217842313343,3.0040016420876454,-0.339240702332621,1.8302718567106755,0.2097984722528477,2.5002632360729624
33.0,107.0,1000.5542602539062,-4.38181940135786,-3.791410647088578,1.7134408171121722,3.179803446952878,2.472621786136348,3.003906383483674,-0.3392415556393657,1.830271450792125,0.2097667491870257,2.5002630916363096
33.0,107.0,1000.5542602539062,-4.38181940135786,-3.791412896510258,1.7133452670709255,3.1798021403481007,2.472621818556161,3.0040016420876454,-0.3392403894079505,1.8302718503793505,0.2097984722528477,2.500264094993965
33.0,107.0,1000.5542602539062,-4.38181940135786,-3.791410647088578,1.7133437300525232,3.179836915076476,2.472621786136348,3.003906383483674,-0.3392415556393657,1.830271450944961,0.20979179676168,2.500264107828256
33.0,107.0,1000.5542602539062,-4.38181940135786,-3.791410647088578,1.713443379854418,3.1798377217878966,2.4726217860105204,3.003906383483674,-0.3392415556393657,1.8302718350428768,0.2097667491870257,2.5002630916363096
33.0,107.0,1000.5542602539062,-4.38181940135786,-3.791410647088578,1.7133438402144991,3.179804302775334,2.472621786136348,3.0040002641717227,-0.3392415637161292,1.8302718529820496,0.2097681798996036,2.5002630916363096
33.0,107.0,1000.5542602539062,-4.38181940135786,-3.791412896510258,1.7133452734463526,3.1798374003950243,2.4726217846914285,3.0040016420876454,-0.339240702332621,1.8302718564023848,0.2097984722528477,2.5002632360729624
33.0,107.0,1000.5542602539062,-4.38181940135786,-3.7913996490447657,1.713344650939414,3.1798817675102704,2.4726217200763774,3.004000255728014,-0.3392344049277027,1.8302718294642144,0.2097989404125504,2.500264147221157
33.0,107.0,1000.5542602539062,-4.38181940135786,-3.791403087438392,1.7133447600533094,3.179883414434586,2.472621720053326,3.004000259190106,-0.3392341091442605,1.8302718294642144,0.2097990654518765,2.5002640742615
33.0,107.0,1000.5542602539062,-4.38181940135786,-3.791403087438392,1.7133398935884925,3.179883414434586,2.472621788767002,3.004002434157617,-0.3392341454038897,1.8302718294642144,0.2097990654518765,2.5002640742615
33.0,107.0,1000.5542602539062,-4.38181940135786,-3.791412919622108,1.7133437300525232,3.1798374044415287,2.472621784281688,3.003906383483674,-0.3392415556393657,1.8302718505440747,0.20979179676168,2.500263236912903
33.0,107.0,1000.5542602539062,-4.38181940135786,-3.791411102076245,1.7133438583847458,3.179803717986644,2.472621786136348,3.0040002641717227,-0.3392409290550328,1.8302718529820496,0.2097684268827769,2.5002630916363096
33.0,107.0,1000.5542602539062,-4.38181940135786,-3.791409041035616,1.713441283600033,3.1798022061355407,2.4726216664501623,3.003906191121969,-0.3392416292133533,1.830271861396257,0.2097671563370464,2.5002631519857026
33.0,107.0,1000.5542602539062,-4.38181940135786,-3.7914131595763294,1.713344756702286,3.179834656246138,2.4726217175857563,3.003995353090628,-0.3392579619085579,1.8302714724865616,0.2097991623499903,2.500263920950073
33.0,107.0,1000.5542602539062,-4.38181940135786,-3.791410647088578,1.7134482463192349,3.1798377217878966,2.4726217172968443,3.0039042085161625,-0.3392415193797365,1.8302718350428768,0.2097667491870257,2.5002630916363096
33.0,107.0,1000.5542602539062,-4.38181940135786,-3.791414982867782,1.7133451625052467,3.179883420891997,2.4726217840652778,3.00400027235084,-0.3392340370298377,1.8302718567106755,0.2097922821456871,2.500264074020331
33.0,107.0,1000.5542602539062,-4.38181940135786,-3.791410647088578,1.7133437300525232,3.1798828335351166,2.472621786136348,3.004000620495525,-0.3392415556393657,1.8302718714313588,0.20979179676168,2.500264107828256
33.0,107.0,1000.5542602539062,-4.38181940135786,-3.7914178709014426,1.7133446549723352,3.1798817675102704,2.4726217192399167,3.004000255728014,-0.3392341091442605,1.8302718294642144,0.2097990698988821,2.5002640742615
33.0,107.0,1000.5542602539062,-4.38181940135786,-3.791413455640687,1.7133446521999072,3.1798044447737386,2.4726218169564365,3.00399746451537,-0.3392341600620822,1.830271468091065,0.2097992388645853,2.500264141256778
33.0,107.0,1000.5542602539062,-4.38181940135786,-3.791412896510258,1.7133452670709255,3.179835756526556,2.472621823678132,3.0040016334294712,-0.3392403894079505,1.8302718503793505,0.2097986381916614,2.500264094993965
33.0,107.0,1000.5542602539062,-4.38181940135786,-3.7914174135079097,1.713344650939414,3.1798791577764782,2.47262171996699,3.004000255728014,-0.3392346871925509,1.8302718294642144,0.2097990698988821,2.500263043019882
33.0,107.0,1000.5542602539062,-4.38181940135786,-3.791403087438392,1.7133447600533094,3.1798833552156154,2.472621720053326,3.004000259190106,-0.3392341091442605,1.8302718294642144,0.2097990654518765,2.5002640742615
33.0,107.0,1000.5542602539062,-4.38181940135786,-3.7914131536983766,1.713364115561412,3.1798003842776867,2.472621720053326,3.0039034394942563,-0.3392341091442605,1.8302718303242864,0.2097990654518765,2.5002640742615
33.0,108.0,1000.55419921875,-4.38181940135786,-3.7913996490447657,1.7133438418106612,3.179839269708152,2.4726217861634487,3.003912506546678,-0.3392419226970875,1.8302718527713948,0.2097675884456657,2.5002641287197003
33.0,108.0,1000.55419921875,-4.38181940135786,-3.7913996490447657,1.7133438418106612,3.179836872518181,2.4726217861634487,3.0039067150761003,-0.3392419226970875,1.830271457628925,0.2097675884456657,2.5002641287197003
33.0,108.0,1000.55419921875,-4.38181940135786,-3.7913996490447657,1.713345186439946,3.179839269708152,2.472621786149781,3.003912506546678,-0.3392419226970875,1.8302718527713948,0.2097675884456657,2.5002641287197003
33.0,108.0,1000.55419921875,-4.38181940135786,-3.7913996490447657,1.7133438418106612,3.179835708625155,2.4726217861634487,3.0039067150761003,-0.3392420536054461,1.830271457628925,0.2097675884456657,2.5002641287197003
33.0,108.0,1000.55419921875,-4.38181940135786,-3.7913996490447657,1.7133437307203232,3.1798392815128063,2.472621786247168,3.003912506546678,-0.3392415602430185,1.8302718505997395,0.2097675884456657,2.5002641287197003
33.0,108.0,1000.55419921875,-4.38181940135786,-3.7913996490447657,1.7133438418106612,3.179836872518181,2.4726217861634487,3.003906369438704,-0.3392419121307164,1.830271457628925,0.2097675884456657,2.5002641287197003
33.0,108.0,1000.55419921875,-4.38181940135786,-3.7913996490447657,1.7133437233969289,3.1798392815128063,2.472621786247168,3.003912506546678,-0.3392415609063802,1.8302718505997395,0.2097675884456657,2.5002641287197003
33.0,108.0,1000.55419921875,-4.38181940135786,-3.7913996490447657,1.713340495182897,3.179797356084461,2.472621786149781,3.003906536341034,-0.3392419226970875,1.8302718534130689,0.2097675884456657,2.500264208296925
33.0,108.0,1000.55419921875,-4.38181940135786,-3.791398721541617,1.7133437307203232,3.1798392815128063,2.472621786247168,3.003912506546678,-0.3392415602430185,1.8302718505997395,0.2097675884456657,2.5002641287197003
33.0,108.0,1000.55419921875,-4.38181940135786,-3.7913996490447657,1.7133438418106612,3.179839269708152,2.4726217861636064,3.003912506546678,-0.3392419226970875,1.8302718507172928,0.2097675884456657,2.5002641287197003
33.0,108.0,1000.55419921875,-4.38181940135786,-3.7913996490447657,1.7133438418106612,3.179839269708152,2.4726217861634487,3.003912506546678,-0.3392419226970875,1.8302718527713948,0.2097675884456657,2.5002641287197003
33.0,108.0,1000.55419921875,-4.38181940135786,-3.791398837581347,1.7133448092616914,3.179839292913373,2.472621786247168,3.003912506546678,-0.3392415911609541,1.8302718505997395,0.2097675884456657,2.5002641287197003
33.0,108.0,1000.55419921875,-4.38181940135786,-3.7913996490447657,1.713345186439946,3.179839269708152,2.472621786163805,3.003912506546678,-0.3392419125419879,1.8302718527713948,0.2097675884456657,2.5002641287197003
33.0,108.0,1000.55419921875,-4.38181940135786,-3.7913996490447657,1.7133438418106612,3.179836872518181,2.4726217861634434,3.0039067150761003,-0.3392419226970875,1.830271457628925,0.2097675884456657,2.5002641287197003
33.0,108.0,1000.55419921875,-4.38181940135786,-3.791398721541617,1.7133437234014082,3.1798392815128063,2.472621786247168,3.003912506546678,-0.3392415602430185,1.8302718505997395,0.2097675884456657,2.5002641287197003
33.0,108.0,1000.55419921875,-4.38181940135786,-3.791398837581347,1.7133448092616914,3.179839292913373,2.472621786247168,3.003912506546678,-0.3392419260523692,1.830271850636707,0.2097675884456657,2.5002641287197003
33.0,108.0,1000.55419921875,-4.38181940135786,-3.791399400244862,1.7133438418106612,3.179839269708152,2.4726217861634487,3.003912164727346,-0.339241549601552,1.8302718527713948,0.20976754401663,2.50026411119348
33.0,108.0,1000.55419921875,-4.38181940135786,-3.7913996490447657,1.7133437199801749,3.179839270729686,2.4726217861648534,3.003912506546678,-0.3392415609063802,1.8302718505972195,0.2097675884456657,2.5002641287197003
33.0,108.0,1000.55419921875,-4.38181940135786,-3.7913996490447657,1.7133437307203232,3.1798367136171186,2.472621786247168,3.003912506546678,-0.3392415602430185,1.830271464997844,0.2097675884456657,2.5002641287197003
33.0,108.0,1000.55419921875,-4.38181940135786,-3.7913996490447657,1.7133438418106612,3.179836872518181,2.4726217861634487,3.003906369438704,-0.3392419121307164,1.830271457628925,0.2097675884456657,2.5002641287197003
33.0,108.0,1000.55419921875,-4.38181940135786,-3.7913996490447657,1.7133438418106612,3.179839440413869,2.4726217861634487,3.0039067150761003,-0.3392419226970875,1.8302718432308205,0.2097675884456657,2.5002641287197003
33.0,108.0,1000.55419921875,-4.38181940135786,-3.7913996490447657,1.7133438418106612,3.179839269708152,2.472621786163434,3.0039068124307424,-0.3392419226970875,1.8302714654466603,0.2097675884456657,2.5002641287197003
33.0,108.0,1000.55419921875,-4.38181940135786,-3.7913996490447657,1.7133438418106612,3.179839269708152,2.4726217861636064,3.003912506546678,-0.3392419226970875,1.8302718507172928,0.2097675884456657,2.5002641287197003
33.0,108.0,1000.55419921875,-4.38181940135786,-3.7913994043005017,1.7133438418106612,3.1798393914325103,2.4726217861634487,3.0039120129794763,-0.3392419156984756,1.8302714616746008,0.2097675884456657,2.5002641287197003
33.0,108.0,1000.55419921875,-4.38181940135786,-3.7913987215223273,1.7133438589500667,3.179839288726157,2.472621786245816,3.003912462873347,-0.3392415602430185,1.8302718505997395,0.2097675884456657,2.5002641287197003
33.0,108.0,1000.55419921875,-4.38181940135786,-3.7913996490447657,1.7133438418106612,3.179839440413869,2.4726217861634487,3.0039067150761003,-0.3392419168058419,1.8302718432308205,0.2097675884456657,2.5002641287197003
33.0,108.0,1000.55419921875,-4.38181940135786,-3.791398818583063,1.7133447996399984,3.179839270729686,2.4726217861648534,3.003912506546678,-0.3392415609063802,1.8302718505997564,0.2097675884456657,2.5002641287197003
33.0,108.0,1000.55419921875,-4.38181940135786,-3.7913996490447657,1.7133438418106612,3.179836872518181,2.4726217861634487,3.003906369438704,-0.3392419121307164,1.830271457628925,0.2097675884456657,2.5002641287197003
33.0,108.0,1000.55419921875,-4.38181940135786,-3.791398763623884,1.7133448092616914,3.179839298787732,2.472621786247168,3.003912506546678,-0.3392419260523692,1.830271850636707,0.2097675884456657,2.5002641287197003
33.0,108.0,1000.55419921875,-4.38181940135786,-3.7913996490447657,1.7133446774649954,3.1798367136171186,2.472621786247168,3.003912506546678,-0.3392346449916025,1.830271464997844,0.2097675884456657,2.5002641287197003
33.0,108.0,1000.55419921875,-4.38181940135786,-3.7913996449891263,1.7133438418106612,3.179836750793822,2.4726217861634487,3.00390686682397,-0.339241556600164,1.830271848725719,0.20976754401663,2.50026411119348
33.0,108.0,1000.5542602539062,-4.38181940135786,-3.791410647088578,1.7133437300525232,3.179836915076476,2.472621786136348,3.003906383483674,-0.3392415556393657,1.830271450944961,0.20979179676168,2.500263143834757
33.0,108.0,1000.5542602539062,-4.38181940135786,-3.7914131595763294,1.713344756702286,3.179834656246138,2.4726218162105047,3.003995307003598,-0.3392578055523292,1.8302714565687408,0.2097991623499903,2.500263920950073
33.0,108.0,1000.5542602539062,-4.38181940135786,-3.7914178709014426,1.7133447612296704,3.1798819540494248,2.472621720053326,3.004000259190106,-0.3392341091442605,1.8302718294642144,0.2097990654518765,2.5002640742615
33.0,108.0,1000.5542602539062,-4.38181940135786,-3.791410065492028,1.713345282909266,3.1798374003950243,2.4726217842313343,3.0040010128887644,-0.3392340638313668,1.8302718567106755,0.2097986438074211,2.500264054578983
33.0,108.0,1000.5542602539062,-4.38181940135786,-3.7914131536983766,1.7133447612296704,3.1798819540494248,2.472621720053326,3.004000271921328,-0.3392341091442605,1.8302718294642144,0.2097990654518765,2.5002640742615
33.0,108.0,1000.5542602539062,-4.38181940135786,-3.7914178709014426,1.713344650939414,3.1798817675102704,2.472621720053326,3.004000255728014,-0.3392341091442605,1.8302718294642144,0.2097990698988821,2.5002640742615
33.0,108.0,1000.5542602539062,-4.38181940135786,-3.791412896510258,1.713345282909266,3.1798374003950243,2.4726217842313343,3.0040016420876454,-0.339240702332621,1.8302718567106755,0.2097984722528477,2.5002632360729624
33.0,108.0,1000.5542602539062,-4.38181940135786,-3.791410647088578,1.7134408171121722,3.179803446952878,2.472621786136348,3.003906383483674,-0.3392415556393657,1.830271450792125,0.2097667491870257,2.5002630916363096
33.0,108.0,1000.5542602539062,-4.38181940135786,-3.791412896510258,1.7133452670709255,3.1798021403481007,2.472621818556161,3.0040016420876454,-0.3392403894079505,1.8302718503793505,0.2097984722528477,2.500264094993965
33.0,108.0,1000.5542602539062,-4.38181940135786,-3.791410647088578,1.7133437300525232,3.179836915076476,2.472621786136348,3.003906383483674,-0.3392415556393657,1.830271450944961,0.20979179676168,2.500264107828256
33.0,108.0,1000.5542602539062,-4.38181940135786,-3.791410647088578,1.713443379854418,3.1798377217878966,2.4726217860105204,3.003906383483674,-0.3392415556393657,1.8302718350428768,0.2097667491870257,2.5002630916363096
33.0,108.0,1000.5542602539062,-4.38181940135786,-3.791410647088578,1.7133438402144991,3.179804302775334,2.472621786136348,3.0040002641717227,-0.3392415637161292,1.8302718529820496,0.2097681798996036,2.5002630916363096
33.0,108.0,1000.5542602539062,-4.38181940135786,-3.791412896510258,1.7133452734463526,3.1798374003950243,2.4726217846914285,3.0040016420876454,-0.339240702332621,1.8302718564023848,0.2097984722528477,2.5002632360729624
33.0,108.0,1000.5542602539062,-4.38181940135786,-3.7913996490447657,1.713344650939414,3.1798817675102704,2.4726217200763774,3.004000255728014,-0.3392344049277027,1.8302718294642144,0.2097989404125504,2.500264147221157
33.0,108.0,1000.5542602539062,-4.38181940135786,-3.791403087438392,1.7133447600533094,3.179883414434586,2.472621720053326,3.004000259190106,-0.3392341091442605,1.8302718294642144,0.2097990654518765,2.5002640742615
33.0,108.0,1000.5542602539062,-4.38181940135786,-3.791403087438392,1.7133398935884925,3.179883414434586,2.472621788767002,3.004002434157617,-0.3392341454038897,1.8302718294642144,0.2097990654518765,2.5002640742615
33.0,108.0,1000.5542602539062,-4.38181940135786,-3.791412919622108,1.7133437300525232,3.1798374044415287,2.472621784281688,3.003906383483674,-0.3392415556393657,1.8302718505440747,0.20979179676168,2.500263236912903
33.0,108.0,1000.5542602539062,-4.38181940135786,-3.791411102076245,1.7133438583847458,3.179803717986644,2.472621786136348,3.0040002641717227,-0.3392409290550328,1.8302718529820496,0.2097684268827769,2.5002630916363096
33.0,108.0,1000.5542602539062,-4.38181940135786,-3.791409041035616,1.713441283600033,3.1798022061355407,2.4726216664501623,3.003906191121969,-0.3392416292133533,1.830271861396257,0.2097671563370464,2.5002631519857026
33.0,109.0,1000.55419921875,-4.38181940135786,-3.7913996490447657,1.7133438418106612,3.179839269708152,2.4726217861634487,3.003912506546678,-0.3392419226970875,1.8302718527713948,0.2097675884456657,2.5002641287197003
33.0,109.0,1000.55419921875,-4.38181940135786,-3.7913996490447657,1.7133438418106612,3.179836872518181,2.4726217861634487,3.0039067150761003,-0.3392419226970875,1.830271457628925,0.2097675884456657,2.5002641287197003
33.0,109.0,1000.55419921875,-4.38181940135786,-3.7913996490447657,1.713345186439946,3.179839269708152,2.472621786149781,3.003912506546678,-0.3392419226970875,1.8302718527713948,0.2097675884456657,2.5002641287197003
33.0,109.0,1000.55419921875,-4.38181940135786,-3.7913996490447657,1.7133438418106612,3.179835708625155,2.4726217861634487,3.0039067150761003,-0.3392420536054461,1.830271457628925,0.2097675884456657,2.5002641287197003
33.0,109.0,1000.55419921875,-4.38181940135786,-3.7913996490447657,1.7133437307203232,3.1798392815128063,2.472621786247168,3.003912506546678,-0.3392415602430185,1.8302718505997395,0.2097675884456657,2.5002641287197003
33.0,109.0,1000.55419921875,-4.38181940135786,-3.7913996490447657,1.7133438418106612,3.179836872518181,2.4726217861634487,3.003906369438704,-0.3392419121307164,1.830271457628925,0.2097675884456657,2.5002641287197003
33.0,109.0,1000.55419921875,-4.38181940135786,-3.7913996490447657,1.7133437233969289,3.1798392815128063,2.472621786247168,3.003912506546678,-0.3392415609063802,1.8302718505997395,0.2097675884456657,2.5002641287197003
33.0,109.0,1000.55419921875,-4.38181940135786,-3.7913996490447657,1.713340495182897,3.179797356084461,2.472621786149781,3.003906536341034,-0.3392419226970875,1.8302718534130689,0.2097675884456657,2.500264208296925
33.0,109.0,1000.55419921875,-4.38181940135786,-3.791398721541617,1.7133437307203232,3.1798392815128063,2.472621786247168,3.003912506546678,-0.3392415602430185,1.8302718505997395,0.2097675884456657,2.5002641287197003
33.0,109.0,1000.55419921875,-4.38181940135786,-3.7913996490447657,1.7133438418106612,3.179839269708152,2.4726217861636064,3.003912506546678,-0.3392419226970875,1.8302718507172928,0.2097675884456657,2.5002641287197003
33.0,109.0,1000.55419921875,-4.38181940135786,-3.7913996490447657,1.7133438418106612,3.179839269708152,2.4726217861634487,3.003912506546678,-0.3392419226970875,1.8302718527713948,0.2097675884456657,2.5002641287197003
33.0,109.0,1000.55419921875,-4.38181940135786,-3.791398837581347,1.7133448092616914,3.179839292913373,2.472621786247168,3.003912506546678,-0.3392415911609541,1.8302718505997395,0.2097675884456657,2.5002641287197003
33.0,109.0,1000.55419921875,-4.38181940135786,-3.7913996490447657,1.713345186439946,3.179839269708152,2.472621786163805,3.003912506546678,-0.3392419125419879,1.8302718527713948,0.2097675884456657,2.5002641287197003
33.0,109.0,1000.55419921875,-4.38181940135786,-3.7913996490447657,1.7133438418106612,3.179836872518181,2.4726217861634434,3.0039067150761003,-0.3392419226970875,1.830271457628925,0.2097675884456657,2.5002641287197003
33.0,109.0,1000.55419921875,-4.38181940135786,-3.791398721541617,1.7133437234014082,3.1798392815128063,2.472621786247168,3.003912506546678,-0.3392415602430185,1.8302718505997395,0.2097675884456657,2.5002641287197003
33.0,109.0,1000.55419921875,-4.38181940135786,-3.791398837581347,1.7133448092616914,3.179839292913373,2.472621786247168,3.003912506546678,-0.3392419260523692,1.830271850636707,0.2097675884456657,2.5002641287197003
33.0,109.0,1000.55419921875,-4.38181940135786,-3.791399400244862,1.7133438418106612,3.179839269708152,2.4726217861634487,3.003912164727346,-0.339241549601552,1.8302718527713948,0.20976754401663,2.50026411119348
33.0,109.0,1000.55419921875,-4.38181940135786,-3.7913996490447657,1.7133437199801749,3.179839270729686,2.4726217861648534,3.003912506546678,-0.3392415609063802,1.8302718505972195,0.2097675884456657,2.5002641287197003
33.0,109.0,1000.55419921875,-4.38181940135786,-3.7913996490447657,1.7133437307203232,3.1798367136171186,2.472621786247168,3.003912506546678,-0.3392415602430185,1.830271464997844,0.2097675884456657,2.5002641287197003
33.0,109.0,1000.55419921875,-4.38181940135786,-3.7913996490447657,1.7133438418106612,3.179836872518181,2.4726217861634487,3.003906369438704,-0.3392419121307164,1.830271457628925,0.2097675884456657,2.5002641287197003
33.0,109.0,1000.55419921875,-4.38181940135786,-3.7913996490447657,1.7133438418106612,3.179839440413869,2.4726217861634487,3.0039067150761003,-0.3392419226970875,1.8302718432308205,0.2097675884456657,2.5002641287197003
33.0,109.0,1000.55419921875,-4.38181940135786,-3.7913996490447657,1.7133438418106612,3.179839269708152,2.472621786163434,3.0039068124307424,-0.3392419226970875,1.8302714654466603,0.2097675884456657,2.5002641287197003
33.0,109.0,1000.55419921875,-4.38181940135786,-3.7913996490447657,1.7133438418106612,3.179839269708152,2.4726217861636064,3.003912506546678,-0.3392419226970875,1.8302718507172928,0.2097675884456657,2.5002641287197003
33.0,109.0,1000.55419921875,-4.38181940135786,-3.7913994043005017,1.7133438418106612,3.1798393914325103,2.4726217861634487,3.0039120129794763,-0.3392419156984756,1.8302714616746008,0.2097675884456657,2.5002641287197003
33.0,109.0,1000.55419921875,-4.38181940135786,-3.7913987215223273,1.7133438589500667,3.179839288726157,2.472621786245816,3.003912462873347,-0.3392415602430185,1.8302718505997395,0.2097675884456657,2.5002641287197003
33.0,109.0,1000.55419921875,-4.38181940135786,-3.7913996490447657,1.7133438418106612,3.179839440413869,2.4726217861634487,3.0039067150761003,-0.3392419168058419,1.8302718432308205,0.2097675884456657,2.5002641287197003
33.0,109.0,1000.55419921875,-4.38181940135786,-3.791398818583063,1.7133447996399984,3.179839270729686,2.4726217861648534,3.003912506546678,-0.3392415609063802,1.8302718505997564,0.2097675884456657,2.5002641287197003
33.0,109.0,1000.55419921875,-4.38181940135786,-3.7913996490447657,1.7133438418106612,3.179836872518181,2.4726217861634487,3.003906369438704,-0.3392419121307164,1.830271457628925,0.2097675884456657,2.5002641287197003
33.0,109.0,1000.55419921875,-4.38181940135786,-3.791398763623884,1.7133448092616914,3.179839298787732,2.472621786247168,3.003912506546678,-0.3392419260523692,1.830271850636707,0.2097675884456657,2.5002641287197003
33.0,109.0,1000.55419921875,-4.38181940135786,-3.7913996490447657,1.7133446774649954,3.1798367136171186,2.472621786247168,3.003912506546678,-0.3392346449916025,1.830271464997844,0.2097675884456657,2.5002641287197003
33.0,109.0,1000.55419921875,-4.38181940135786,-3.7913996449891263,1.7133438418106612,3.179836750793822,2.4726217861634487,3.00390686682397,-0.339241556600164,1.830271848725719,0.20976754401663,2.50026411119348
33.0,109.0,1000.55419921875,-4.38181940135786,-3.791398721541617,1.7133437307203232,3.1798392815128063,2.472621786247168,3.003912506546678,-0.3392415602430185,1.8302718505997395,0.2097675884456657,2.5002641287197003
33.0,109.0,1000.55419921875,-4.38181940135786,-3.791399811952637,1.7133394509027566,3.1798376761734106,2.472621786163805,3.003912506546678,-0.3392419218110618,1.8302718512495748,0.2097667293803109,2.5002641287197003
33.0,109.0,1000.55419921875,-4.38181940135786,-3.7913996490447657,1.7133438418106612,3.179836872518181,2.4726217861634487,3.003906369438704,-0.3392419122271174,1.830271457628925,0.2097675884456657,2.5002641287197003
33.0,109.0,1000.55419921875,-4.38181940135786,-3.7913996490447657,1.7133438418106612,3.179836872518181,2.4726217861634487,3.003906369438704,-0.3392415579260182,1.830271457628925,0.2097675884456657,2.5002641287197003
33.0,109.0,1000.55419921875,-4.38181940135786,-3.7913994043005017,1.7133438418106612,3.1798393914325103,2.4726217861634487,3.0039120129794763,-0.3392419157507904,1.83027185068371,0.2097675884456657,2.5002641287197003
33.0,109.0,1000.55419921875,-4.38181940135786,-3.7913996490447657,1.7133437199801749,3.179839270729686,2.4726217862506554,3.003912506546678,-0.3392415609063802,1.8302718505972195,0.2097675884456657,2.5002641287197003
33.0,109.0,1000.55419921875,-4.38181940135786,-3.79139886739706,1.713344845583952,3.179839261034317,2.4726217862546376,3.003912506546678,-0.3392415932058903,1.8302718505997395,0.2097675884456657,2.5002641287197003
33.0,109.0,1000.55419921875,-4.38181940135786,-3.7913996490447657,1.713345186439946,3.179839269708152,2.472621786149781,3.003912506546678,-0.3392419226970875,1.8302718527713948,0.2097675884456657,2.5002641287197003
33.0,109.0,1000.55419921875,-4.38181940135786,-3.7913996490447657,1.7133438418106612,3.1798392816225465,2.4726217861634487,3.003912506546678,-0.3392419226970875,1.8302718527713948,0.2097675884456657,2.5002641287197003
33.0,109.0,1000.55419921875,-4.38181940135786,-3.7913996490447657,1.7133438418106612,3.179836872518181,2.4726217861634434,3.0039067150761003,-0.3392419226006865,1.830271457628925,0.2097675884456657,2.5002641287197003
33.0,109.0,1000.55419921875,-4.38181940135786,-3.791398866584024,1.7133449159709722,3.179839292913373,2.472621786247168,3.003912506546678,-0.3392415605895997,1.830271850636707,0.2097675884456657,2.5002641287197003
33.0,109.0,1000.55419921875,-4.38181940135786,-3.7913996490447657,1.7133438418106612,3.17983701333922,2.4726217861634487,3.0039067150761003,-0.3392419231562734,1.830271457628925,0.2097675884456657,2.5002641287197003
33.0,109.0,1000.55419921875,-4.38181940135786,-3.791398721541617,1.7133437234014082,3.1798392815128063,2.472621786247168,3.003912506546678,-0.3392419144477167,1.8302718505997395,0.2097675884456657,2.5002641287197003
33.0,109.0,1000.5542602539062,-4.38181940135786,-3.791410647088578,1.7133437300525232,3.179836915076476,2.472621786136348,3.003906383483674,-0.3392415556393657,1.830271450944961,0.20979179676168,2.500263143834757
33.0,109.0,1000.5542602539062,-4.38181940135786,-3.7914131595763294,1.713344756702286,3.179834656246138,2.4726218162105047,3.003995307003598,-0.3392578055523292,1.8302714565687408,0.2097991623499903,2.500263920950073
33.0,109.0,1000.5542602539062,-4.38181940135786,-3.7914178709014426,1.7133447612296704,3.1798819540494248,2.472621720053326,3.004000259190106,-0.3392341091442605,1.8302718294642144,0.2097990654518765,2.5002640742615
33.0,109.0,1000.5542602539062,-4.38181940135786,-3.791410065492028,1.713345282909266,3.1798374003950243,2.4726217842313343,3.0040010128887644,-0.3392340638313668,1.8302718567106755,0.2097986438074211,2.500264054578983
33.0,109.0,1000.5542602539062,-4.38181940135786,-3.7914131536983766,1.7133447612296704,3.1798819540494248,2.472621720053326,3.004000271921328,-0.3392341091442605,1.8302718294642144,0.2097990654518765,2.5002640742615
33.0,109.0,1000.5542602539062,-4.38181940135786,-3.7914178709014426,1.713344650939414,3.1798817675102704,2.472621720053326,3.004000255728014,-0.3392341091442605,1.8302718294642144,0.2097990698988821,2.5002640742615
33.0,110.0,1000.55419921875,-4.38181940135786,-3.7913996490447657,1.7133438418106612,3.179839269708152,2.4726217861634487,3.003912506546678,-0.3392419226970875,1.8302718527713948,0.2097675884456657,2.5002641287197003
33.0,110.0,1000.55419921875,-4.38181940135786,-3.7913996490447657,1.7133438418106612,3.179836872518181,2.4726217861634487,3.0039067150761003,-0.3392419226970875,1.830271457628925,0.2097675884456657,2.5002641287197003
33.0,110.0,1000.55419921875,-4.38181940135786,-3.7913996490447657,1.713345186439946,3.179839269708152,2.472621786149781,3.003912506546678,-0.3392419226970875,1.8302718527713948,0.2097675884456657,2.5002641287197003
33.0,110.0,1000.55419921875,-4.38181940135786,-3.7913996490447657,1.7133438418106612,3.179835708625155,2.4726217861634487,3.0039067150761003,-0.3392420536054461,1.830271457628925,0.2097675884456657,2.5002641287197003
33.0,110.0,1000.55419921875,-4.38181940135786,-3.7913996490447657,1.7133437307203232,3.1798392815128063,2.472621786247168,3.003912506546678,-0.3392415602430185,1.8302718505997395,0.2097675884456657,2.5002641287197003
33.0,110.0,1000.55419921875,-4.38181940135786,-3.7913996490447657,1.7133438418106612,3.179836872518181,2.4726217861634487,3.003906369438704,-0.3392419121307164,1.830271457628925,0.2097675884456657,2.5002641287197003
33.0,110.0,1000.55419921875,-4.38181940135786,-3.7913996490447657,1.7133437233969289,3.1798392815128063,2.472621786247168,3.003912506546678,-0.3392415609063802,1.8302718505997395,0.2097675884456657,2.5002641287197003
33.0,110.0,1000.55419921875,-4.38181940135786,-3.7913996490447657,1.713340495182897,3.179797356084461,2.472621786149781,3.003906536341034,-0.3392419226970875,1.8302718534130689,0.2097675884456657,2.500264208296925
33.0,110.0,1000.55419921875,-4.38181940135786,-3.791398721541617,1.7133437307203232,3.1798392815128063,2.472621786247168,3.003912506546678,-0.3392415602430185,1.8302718505997395,0.2097675884456657,2.5002641287197003
33.0,110.0,1000.55419921875,-4.38181940135786,-3.7913996490447657,1.7133438418106612,3.179839269708152,2.4726217861636064,3.003912506546678,-0.3392419226970875,1.8302718507172928,0.2097675884456657,2.5002641287197003
33.0,110.0,1000.55419921875,-4.38181940135786,-3.7913996490447657,1.7133438418106612,3.179839269708152,2.4726217861634487,3.003912506546678,-0.3392419226970875,1.8302718527713948,0.2097675884456657,2.5002641287197003
33.0,110.0,1000.55419921875,-4.38181940135786,-3.791398837581347,1.7133448092616914,3.179839292913373,2.472621786247168,3.003912506546678,-0.3392415911609541,1.8302718505997395,0.2097675884456657,2.5002641287197003
33.0,110.0,1000.55419921875,-4.38181940135786,-3.7913996490447657,1.713345186439946,3.179839269708152,2.472621786163805,3.003912506546678,-0.3392419125419879,1.8302718527713948,0.2097675884456657,2.5002641287197003
33.0,110.0,1000.55419921875,-4.38181940135786,-3.7913996490447657,1.7133438418106612,3.179836872518181,2.4726217861634434,3.0039067150761003,-0.3392419226970875,1.830271457628925,0.2097675884456657,2.5002641287197003
33.0,110.0,1000.55419921875,-4.38181940135786,-3.791398721541617,1.7133437234014082,3.1798392815128063,2.472621786247168,3.003912506546678,-0.3392415602430185,1.8302718505997395,0.2097675884456657,2.5002641287197003
33.0,110.0,1000.55419921875,-4.38181940135786,-3.791398837581347,1.7133448092616914,3.179839292913373,2.472621786247168,3.003912506546678,-0.3392419260523692,1.830271850636707,0.2097675884456657,2.5002641287197003
33.0,110.0,1000.55419921875,-4.38181940135786,-3.791399400244862,1.7133438418106612,3.179839269708152,2.4726217861634487,3.003912164727346,-0.339241549601552,1.8302718527713948,0.20976754401663,2.50026411119348
33.0,110.0,1000.55419921875,-4.38181940135786,-3.7913996490447657,1.7133437199801749,3.179839270729686,2.4726217861648534,3.003912506546678,-0.3392415609063802,1.8302718505972195,0.2097675884456657,2.5002641287197003
33.0,110.0,1000.55419921875,-4.38181940135786,-3.7913996490447657,1.7133437307203232,3.1798367136171186,2.472621786247168,3.003912506546678,-0.3392415602430185,1.830271464997844,0.2097675884456657,2.5002641287197003
33.0,110.0,1000.55419921875,-4.38181940135786,-3.7913996490447657,1.7133438418106612,3.179836872518181,2.4726217861634487,3.003906369438704,-0.3392419121307164,1.830271457628925,0.2097675884456657,2.5002641287197003
33.0,110.0,1000.55419921875,-4.38181940135786,-3.7913996490447657,1.7133438418106612,3.179839440413869,2.4726217861634487,3.0039067150761003,-0.3392419226970875,1.8302718432308205,0.2097675884456657,2.5002641287197003
33.0,110.0,1000.55419921875,-4.38181940135786,-3.7913996490447657,1.7133438418106612,3.179839269708152,2.472621786163434,3.0039068124307424,-0.3392419226970875,1.8302714654466603,0.2097675884456657,2.5002641287197003
33.0,110.0,1000.55419921875,-4.38181940135786,-3.7913996490447657,1.7133438418106612,3.179839269708152,2.4726217861636064,3.003912506546678,-0.3392419226970875,1.8302718507172928,0.2097675884456657,2.5002641287197003
33.0,110.0,1000.55419921875,-4.38181940135786,-3.7913994043005017,1.7133438418106612,3.1798393914325103,2.4726217861634487,3.0039120129794763,-0.3392419156984756,1.8302714616746008,0.2097675884456657,2.5002641287197003
33.0,110.0,1000.55419921875,-4.38181940135786,-3.7913987215223273,1.7133438589500667,3.179839288726157,2.472621786245816,3.003912462873347,-0.3392415602430185,1.8302718505997395,0.2097675884456657,2.5002641287197003
33.0,110.0,1000.55419921875,-4.38181940135786,-3.7913996490447657,1.7133438418106612,3.179839440413869,2.4726217861634487,3.0039067150761003,-0.3392419168058419,1.8302718432308205,0.2097675884456657,2.5002641287197003
33.0,110.0,1000.55419921875,-4.38181940135786,-3.791398818583063,1.7133447996399984,3.179839270729686,2.4726217861648534,3.003912506546678,-0.3392415609063802,1.8302718505997564,0.2097675884456657,2.5002641287197003
33.0,110.0,1000.55419921875,-4.38181940135786,-3.7913996490447657,1.7133438418106612,3.179836872518181,2.4726217861634487,3.003906369438704,-0.3392419121307164,1.830271457628925,0.2097675884456657,2.5002641287197003
33.0,110.0,1000.55419921875,-4.38181940135786,-3.791398763623884,1.7133448092616914,3.179839298787732,2.472621786247168,3.003912506546678,-0.3392419260523692,1.830271850636707,0.2097675884456657,2.5002641287197003
33.0,110.0,1000.55419921875,-4.38181940135786,-3.7913996490447657,1.7133446774649954,3.1798367136171186,2.472621786247168,3.003912506546678,-0.3392346449916025,1.830271464997844,0.2097675884456657,2.5002641287197003
33.0,110.0,1000.55419921875,-4.38181940135786,-3.7913996449891263,1.7133438418106612,3.179836750793822,2.4726217861634487,3.00390686682397,-0.339241556600164,1.830271848725719,0.20976754401663,2.50026411119348
33.0,110.0,1000.55419921875,-4.38181940135786,-3.791398721541617,1.7133437307203232,3.1798392815128063,2.472621786247168,3.003912506546678,-0.3392415602430185,1.8302718505997395,0.2097675884456657,2.5002641287197003
33.0,110.0,1000.55419921875,-4.38181940135786,-3.791399811952637,1.7133394509027566,3.1798376761734106,2.472621786163805,3.003912506546678,-0.3392419218110618,1.8302718512495748,0.2097667293803109,2.5002641287197003
33.0,110.0,1000.55419921875,-4.38181940135786,-3.7913996490447657,1.7133438418106612,3.179836872518181,2.4726217861634487,3.003906369438704,-0.3392419122271174,1.830271457628925,0.2097675884456657,2.5002641287197003
33.0,110.0,1000.55419921875,-4.38181940135786,-3.7913996490447657,1.7133438418106612,3.179836872518181,2.4726217861634487,3.003906369438704,-0.3392415579260182,1.830271457628925,0.2097675884456657,2.5002641287197003
33.0,110.0,1000.55419921875,-4.38181940135786,-3.7913994043005017,1.7133438418106612,3.1798393914325103,2.4726217861634487,3.0039120129794763,-0.3392419157507904,1.83027185068371,0.2097675884456657,2.5002641287197003
33.0,110.0,1000.55419921875,-4.38181940135786,-3.7913996490447657,1.7133437199801749,3.179839270729686,2.4726217862506554,3.003912506546678,-0.3392415609063802,1.8302718505972195,0.2097675884456657,2.5002641287197003
33.0,110.0,1000.55419921875,-4.38181940135786,-3.79139886739706,1.713344845583952,3.179839261034317,2.4726217862546376,3.003912506546678,-0.3392415932058903,1.8302718505997395,0.2097675884456657,2.5002641287197003
33.0,110.0,1000.55419921875,-4.38181940135786,-3.7913996490447657,1.713345186439946,3.179839269708152,2.472621786149781,3.003912506546678,-0.3392419226970875,1.8302718527713948,0.2097675884456657,2.5002641287197003
33.0,110.0,1000.55419921875,-4.38181940135786,-3.7913996490447657,1.7133438418106612,3.1798392816225465,2.4726217861634487,3.003912506546678,-0.3392419226970875,1.8302718527713948,0.2097675884456657,2.5002641287197003
33.0,110.0,1000.55419921875,-4.38181940135786,-3.7913996490447657,1.7133438418106612,3.179836872518181,2.4726217861634434,3.0039067150761003,-0.3392419226006865,1.830271457628925,0.2097675884456657,2.5002641287197003
33.0,110.0,1000.55419921875,-4.38181940135786,-3.791398866584024,1.7133449159709722,3.179839292913373,2.472621786247168,3.003912506546678,-0.3392415605895997,1.830271850636707,0.2097675884456657,2.5002641287197003
33.0,110.0,1000.55419921875,-4.38181940135786,-3.7913996490447657,1.7133438418106612,3.17983701333922,2.4726217861634487,3.0039067150761003,-0.3392419231562734,1.830271457628925,0.2097675884456657,2.5002641287197003
33.0,110.0,1000.55419921875,-4.38181940135786,-3.791398721541617,1.7133437234014082,3.1798392815128063,2.472621786247168,3.003912506546678,-0.3392419144477167,1.8302718505997395,0.2097675884456657,2.5002641287197003
33.0,110.0,1000.55419921875,-4.38181940135786,-3.7913996490447657,1.7133438418106612,3.179835748662228,2.4726217861634434,3.0039067150761003,-0.3392419226006865,1.830271457628925,0.2097675884456657,2.5002641287197003
33.0,110.0,1000.55419921875,-4.38181940135786,-3.791398837581347,1.7133448092616914,3.179839292913373,2.4726217861641326,3.003912506546678,-0.3392415911609541,1.8302718505997395,0.2097675884456657,2.5002641287197003
33.0,110.0,1000.55419921875,-4.38181940135786,-3.7913996490447657,1.7133438418106612,3.179839440413869,2.4726217861634487,3.0039067150761003,-0.3392419226970875,1.8302718432308205,0.2097675884456657,2.5002641287197003
33.0,110.0,1000.55419921875,-4.38181940135786,-3.791398837581347,1.71334487937865,3.179839292913373,2.472621786247168,3.00391246017498,-0.3392419260523692,1.8302718506000035,0.2097675884456657,2.5002641287197003
33.0,110.0,1000.55419921875,-4.38181940135786,-3.791399643367206,1.7133438418106612,3.179839105105536,2.4726217861626245,3.003912490926281,-0.3392419157507904,1.8302718613169864,0.2097675884456657,2.5002641287197003
33.0,110.0,1000.55419921875,-4.38181940135786,-3.7913994043005017,1.7133438418106612,3.1798393914325103,2.4726217861634487,3.0039120129794763,-0.3392419156984756,1.8302714616746008,0.2097675884456657,2.5002641287197003
33.0,111.0,1000.55419921875,-4.38181940135786,-3.7913996490447657,1.7133438418106612,3.179839269708152,2.4726217861634487,3.003912506546678,-0.3392419226970875,1.8302718527713948,0.2097675884456657,2.5002641287197003
33.0,111.0,1000.55419921875,-4.38181940135786,-3.7913996490447657,1.7133438418106612,3.179836872518181,2.4726217861634487,3.0039067150761003,-0.3392419226970875,1.830271457628925,0.2097675884456657,2.5002641287197003
33.0,111.0,1000.55419921875,-4.38181940135786,-3.7913996490447657,1.713345186439946,3.179839269708152,2.472621786149781,3.003912506546678,-0.3392419226970875,1.8302718527713948,0.2097675884456657,2.5002641287197003
33.0,111.0,1000.55419921875,-4.38181940135786,-3.7913996490447657,1.7133438418106612,3.179835708625155,2.4726217861634487,3.0039067150761003,-0.3392420536054461,1.830271457628925,0.2097675884456657,2.5002641287197003
33.0,111.0,1000.55419921875,-4.38181940135786,-3.7913996490447657,1.7133437307203232,3.1798392815128063,2.472621786247168,3.003912506546678,-0.3392415602430185,1.8302718505997395,0.2097675884456657,2.5002641287197003
33.0,111.0,1000.55419921875,-4.38181940135786,-3.7913996490447657,1.7133438418106612,3.179836872518181,2.4726217861634487,3.003906369438704,-0.3392419121307164,1.830271457628925,0.2097675884456657,2.5002641287197003
33.0,111.0,1000.55419921875,-4.38181940135786,-3.7913996490447657,1.7133437233969289,3.1798392815128063,2.472621786247168,3.003912506546678,-0.3392415609063802,1.8302718505997395,0.2097675884456657,2.5002641287197003
33.0,111.0,1000.55419921875,-4.38181940135786,-3.7913996490447657,1.713340495182897,3.179797356084461,2.472621786149781,3.003906536341034,-0.3392419226970875,1.8302718534130689,0.2097675884456657,2.500264208296925
33.0,111.0,1000.55419921875,-4.38181940135786,-3.791398721541617,1.7133437307203232,3.1798392815128063,2.472621786247168,3.003912506546678,-0.3392415602430185,1.8302718505997395,0.2097675884456657,2.5002641287197003
33.0,111.0,1000.55419921875,-4.38181940135786,-3.7913996490447657,1.7133438418106612,3.179839269708152,2.4726217861636064,3.003912506546678,-0.3392419226970875,1.8302718507172928,0.2097675884456657,2.5002641287197003
33.0,111.0,1000.55419921875,-4.38181940135786,-3.7913996490447657,1.7133438418106612,3.179839269708152,2.4726217861634487,3.003912506546678,-0.3392419226970875,1.8302718527713948,0.2097675884456657,2.5002641287197003
33.0,111.0,1000.55419921875,-4.38181940135786,-3.791398837581347,1.7133448092616914,3.179839292913373,2.472621786247168,3.003912506546678,-0.3392415911609541,1.8302718505997395,0.2097675884456657,2.5002641287197003
33.0,111.0,1000.55419921875,-4.38181940135786,-3.7913996490447657,1.713345186439946,3.179839269708152,2.472621786163805,3.003912506546678,-0.3392419125419879,1.8302718527713948,0.2097675884456657,2.5002641287197003
33.0,111.0,1000.55419921875,-4.38181940135786,-3.7913996490447657,1.7133438418106612,3.179836872518181,2.4726217861634434,3.0039067150761003,-0.3392419226970875,1.830271457628925,0.2097675884456657,2.5002641287197003
33.0,111.0,1000.55419921875,-4.38181940135786,-3.791398721541617,1.7133437234014082,3.1798392815128063,2.472621786247168,3.003912506546678,-0.3392415602430185,1.8302718505997395,0.2097675884456657,2.5002641287197003
33.0,111.0,1000.55419921875,-4.38181940135786,-3.791398837581347,1.7133448092616914,3.179839292913373,2.472621786247168,3.003912506546678,-0.3392419260523692,1.830271850636707,0.2097675884456657,2.5002641287197003
33.0,111.0,1000.55419921875,-4.38181940135786,-3.791399400244862,1.7133438418106612,3.179839269708152,2.4726217861634487,3.003912164727346,-0.339241549601552,1.8302718527713948,0.20976754401663,2.50026411119348
33.0,111.0,1000.55419921875,-4.38181940135786,-3.7913996490447657,1.7133437199801749,3.179839270729686,2.4726217861648534,3.003912506546678,-0.3392415609063802,1.8302718505972195,0.2097675884456657,2.5002641287197003
33.0,111.0,1000.55419921875,-4.38181940135786,-3.7913996490447657,1.7133437307203232,3.1798367136171186,2.472621786247168,3.003912506546678,-0.3392415602430185,1.830271464997844,0.2097675884456657,2.5002641287197003
33.0,111.0,1000.55419921875,-4.38181940135786,-3.7913996490447657,1.7133438418106612,3.179836872518181,2.4726217861634487,3.003906369438704,-0.3392419121307164,1.830271457628925,0.2097675884456657,2.5002641287197003
33.0,111.0,1000.55419921875,-4.38181940135786,-3.7913996490447657,1.7133438418106612,3.179839440413869,2.4726217861634487,3.0039067150761003,-0.3392419226970875,1.8302718432308205,0.2097675884456657,2.5002641287197003
33.0,111.0,1000.55419921875,-4.38181940135786,-3.7913996490447657,1.7133438418106612,3.179839269708152,2.472621786163434,3.0039068124307424,-0.3392419226970875,1.8302714654466603,0.2097675884456657,2.5002641287197003
33.0,111.0,1000.55419921875,-4.38181940135786,-3.7913996490447657,1.7133438418106612,3.179839269708152,2.4726217861636064,3.003912506546678,-0.3392419226970875,1.8302718507172928,0.2097675884456657,2.5002641287197003
33.0,111.0,1000.55419921875,-4.38181940135786,-3.7913994043005017,1.7133438418106612,3.1798393914325103,2.4726217861634487,3.0039120129794763,-0.3392419156984756,1.8302714616746008,0.2097675884456657,2.5002641287197003
33.0,111.0,1000.55419921875,-4.38181940135786,-3.7913987215223273,1.7133438589500667,3.179839288726157,2.472621786245816,3.003912462873347,-0.3392415602430185,1.8302718505997395,0.2097675884456657,2.5002641287197003
33.0,111.0,1000.55419921875,-4.38181940135786,-3.7913996490447657,1.7133438418106612,3.179839440413869,2.4726217861634487,3.0039067150761003,-0.3392419168058419,1.8302718432308205,0.2097675884456657,2.5002641287197003
33.0,111.0,1000.55419921875,-4.38181940135786,-3.791398818583063,1.7133447996399984,3.179839270729686,2.4726217861648534,3.003912506546678,-0.3392415609063802,1.8302718505997564,0.2097675884456657,2.5002641287197003
33.0,111.0,1000.55419921875,-4.38181940135786,-3.7913996490447657,1.7133438418106612,3.179836872518181,2.4726217861634487,3.003906369438704,-0.3392419121307164,1.830271457628925,0.2097675884456657,2.5002641287197003
33.0,111.0,1000.55419921875,-4.38181940135786,-3.791398763623884,1.7133448092616914,3.179839298787732,2.472621786247168,3.003912506546678,-0.3392419260523692,1.830271850636707,0.2097675884456657,2.5002641287197003
33.0,111.0,1000.55419921875,-4.38181940135786,-3.7913996490447657,1.7133446774649954,3.1798367136171186,2.472621786247168,3.003912506546678,-0.3392346449916025,1.830271464997844,0.2097675884456657,2.5002641287197003
33.0,111.0,1000.55419921875,-4.38181940135786,-3.7913996449891263,1.7133438418106612,3.179836750793822,2.4726217861634487,3.00390686682397,-0.339241556600164,1.830271848725719,0.20976754401663,2.50026411119348
33.0,111.0,1000.55419921875,-4.38181940135786,-3.791398721541617,1.7133437307203232,3.1798392815128063,2.472621786247168,3.003912506546678,-0.3392415602430185,1.8302718505997395,0.2097675884456657,2.5002641287197003
33.0,111.0,1000.55419921875,-4.38181940135786,-3.791399811952637,1.7133394509027566,3.1798376761734106,2.472621786163805,3.003912506546678,-0.3392419218110618,1.8302718512495748,0.2097667293803109,2.5002641287197003
33.0,111.0,1000.55419921875,-4.38181940135786,-3.7913996490447657,1.7133438418106612,3.179836872518181,2.4726217861634487,3.003906369438704,-0.3392419122271174,1.830271457628925,0.2097675884456657,2.5002641287197003
33.0,111.0,1000.55419921875,-4.38181940135786,-3.7913996490447657,1.7133438418106612,3.179836872518181,2.4726217861634487,3.003906369438704,-0.3392415579260182,1.830271457628925,0.2097675884456657,2.5002641287197003
33.0,111.0,1000.55419921875,-4.38181940135786,-3.7913994043005017,1.7133438418106612,3.1798393914325103,2.4726217861634487,3.0039120129794763,-0.3392419157507904,1.83027185068371,0.2097675884456657,2.5002641287197003
33.0,111.0,1000.55419921875,-4.38181940135786,-3.7913996490447657,1.7133437199801749,3.179839270729686,2.4726217862506554,3.003912506546678,-0.3392415609063802,1.8302718505972195,0.2097675884456657,2.5002641287197003
33.0,111.0,1000.55419921875,-4.38181940135786,-3.79139886739706,1.713344845583952,3.179839261034317,2.4726217862546376,3.003912506546678,-0.3392415932058903,1.8302718505997395,0.2097675884456657,2.5002641287197003
33.0,111.0,1000.55419921875,-4.38181940135786,-3.7913996490447657,1.713345186439946,3.179839269708152,2.472621786149781,3.003912506546678,-0.3392419226970875,1.8302718527713948,0.2097675884456657,2.5002641287197003
33.0,111.0,1000.55419921875,-4.38181940135786,-3.7913996490447657,1.7133438418106612,3.1798392816225465,2.4726217861634487,3.003912506546678,-0.3392419226970875,1.8302718527713948,0.2097675884456657,2.5002641287197003
33.0,111.0,1000.55419921875,-4.38181940135786,-3.7913996490447657,1.7133438418106612,3.179836872518181,2.4726217861634434,3.0039067150761003,-0.3392419226006865,1.830271457628925,0.2097675884456657,2.5002641287197003
33.0,111.0,1000.55419921875,-4.38181940135786,-3.791398866584024,1.7133449159709722,3.179839292913373,2.472621786247168,3.003912506546678,-0.3392415605895997,1.830271850636707,0.2097675884456657,2.5002641287197003
33.0,111.0,1000.55419921875,-4.38181940135786,-3.7913996490447657,1.7133438418106612,3.17983701333922,2.4726217861634487,3.0039067150761003,-0.3392419231562734,1.830271457628925,0.2097675884456657,2.5002641287197003
33.0,111.0,1000.55419921875,-4.38181940135786,-3.791398721541617,1.7133437234014082,3.1798392815128063,2.472621786247168,3.003912506546678,-0.3392419144477167,1.8302718505997395,0.2097675884456657,2.5002641287197003
33.0,111.0,1000.55419921875,-4.38181940135786,-3.7913996490447657,1.7133438418106612,3.179835748662228,2.4726217861634434,3.0039067150761003,-0.3392419226006865,1.830271457628925,0.2097675884456657,2.5002641287197003
33.0,111.0,1000.55419921875,-4.38181940135786,-3.791398837581347,1.7133448092616914,3.179839292913373,2.4726217861641326,3.003912506546678,-0.3392415911609541,1.8302718505997395,0.2097675884456657,2.5002641287197003
33.0,111.0,1000.55419921875,-4.38181940135786,-3.7913996490447657,1.7133438418106612,3.179839440413869,2.4726217861634487,3.0039067150761003,-0.3392419226970875,1.8302718432308205,0.2097675884456657,2.5002641287197003
33.0,111.0,1000.55419921875,-4.38181940135786,-3.791398837581347,1.71334487937865,3.179839292913373,2.472621786247168,3.00391246017498,-0.3392419260523692,1.8302718506000035,0.2097675884456657,2.5002641287197003
33.0,111.0,1000.55419921875,-4.38181940135786,-3.791399643367206,1.7133438418106612,3.179839105105536,2.4726217861626245,3.003912490926281,-0.3392419157507904,1.8302718613169864,0.2097675884456657,2.5002641287197003
33.0,111.0,1000.55419921875,-4.38181940135786,-3.7913994043005017,1.7133438418106612,3.1798393914325103,2.4726217861634487,3.0039120129794763,-0.3392419156984756,1.8302714616746008,0.2097675884456657,2.5002641287197003
33.0,112.0,1000.55419921875,-4.38181940135786,-3.7913996490447657,1.7133438418106612,3.179839269708152,2.4726217861634487,3.003912506546678,-0.3392419226970875,1.8302718527713948,0.2097675884456657,2.5002641287197003
33.0,112.0,1000.55419921875,-4.38181940135786,-3.7913996490447657,1.7133438418106612,3.179836872518181,2.4726217861634487,3.0039067150761003,-0.3392419226970875,1.830271457628925,0.2097675884456657,2.5002641287197003
33.0,112.0,1000.55419921875,-4.38181940135786,-3.7913996490447657,1.713345186439946,3.179839269708152,2.472621786149781,3.003912506546678,-0.3392419226970875,1.8302718527713948,0.2097675884456657,2.5002641287197003
33.0,112.0,1000.55419921875,-4.38181940135786,-3.7913996490447657,1.7133438418106612,3.179835708625155,2.4726217861634487,3.0039067150761003,-0.3392420536054461,1.830271457628925,0.2097675884456657,2.5002641287197003
33.0,112.0,1000.55419921875,-4.38181940135786,-3.7913996490447657,1.7133437307203232,3.1798392815128063,2.472621786247168,3.003912506546678,-0.3392415602430185,1.8302718505997395,0.2097675884456657,2.5002641287197003
33.0,112.0,1000.55419921875,-4.38181940135786,-3.7913996490447657,1.7133438418106612,3.179836872518181,2.4726217861634487,3.003906369438704,-0.3392419121307164,1.830271457628925,0.2097675884456657,2.5002641287197003
33.0,112.0,1000.55419921875,-4.38181940135786,-3.7913996490447657,1.7133437233969289,3.1798392815128063,2.472621786247168,3.003912506546678,-0.3392415609063802,1.8302718505997395,0.2097675884456657,2.5002641287197003
33.0,112.0,1000.55419921875,-4.38181940135786,-3.7913996490447657,1.713340495182897,3.179797356084461,2.472621786149781,3.003906536341034,-0.3392419226970875,1.8302718534130689,0.2097675884456657,2.500264208296925
33.0,112.0,1000.55419921875,-4.38181940135786,-3.791398721541617,1.7133437307203232,3.1798392815128063,2.472621786247168,3.003912506546678,-0.3392415602430185,1.8302718505997395,0.2097675884456657,2.5002641287197003
33.0,112.0,1000.55419921875,-4.38181940135786,-3.7913996490447657,1.7133438418106612,3.179839269708152,2.4726217861636064,3.003912506546678,-0.3392419226970875,1.8302718507172928,0.2097675884456657,2.5002641287197003
33.0,112.0,1000.55419921875,-4.38181940135786,-3.7913996490447657,1.7133438418106612,3.179839269708152,2.4726217861634487,3.003912506546678,-0.3392419226970875,1.8302718527713948,0.2097675884456657,2.5002641287197003
33.0,112.0,1000.55419921875,-4.38181940135786,-3.791398837581347,1.7133448092616914,3.179839292913373,2.472621786247168,3.003912506546678,-0.3392415911609541,1.8302718505997395,0.2097675884456657,2.5002641287197003
33.0,112.0,1000.55419921875,-4.38181940135786,-3.7913996490447657,1.713345186439946,3.179839269708152,2.472621786163805,3.003912506546678,-0.3392419125419879,1.8302718527713948,0.2097675884456657,2.5002641287197003
33.0,112.0,1000.55419921875,-4.38181940135786,-3.7913996490447657,1.7133438418106612,3.179836872518181,2.4726217861634434,3.0039067150761003,-0.3392419226970875,1.830271457628925,0.2097675884456657,2.5002641287197003
33.0,112.0,1000.55419921875,-4.38181940135786,-3.791398721541617,1.7133437234014082,3.1798392815128063,2.472621786247168,3.003912506546678,-0.3392415602430185,1.8302718505997395,0.2097675884456657,2.5002641287197003
33.0,112.0,1000.55419921875,-4.38181940135786,-3.791398837581347,1.7133448092616914,3.179839292913373,2.472621786247168,3.003912506546678,-0.3392419260523692,1.830271850636707,0.2097675884456657,2.5002641287197003
33.0,112.0,1000.55419921875,-4.38181940135786,-3.791399400244862,1.7133438418106612,3.179839269708152,2.4726217861634487,3.003912164727346,-0.339241549601552,1.8302718527713948,0.20976754401663,2.50026411119348
33.0,112.0,1000.55419921875,-4.38181940135786,-3.7913996490447657,1.7133437199801749,3.179839270729686,2.4726217861648534,3.003912506546678,-0.3392415609063802,1.8302718505972195,0.2097675884456657,2.5002641287197003
33.0,112.0,1000.55419921875,-4.38181940135786,-3.7913996490447657,1.7133437307203232,3.1798367136171186,2.472621786247168,3.003912506546678,-0.3392415602430185,1.830271464997844,0.2097675884456657,2.5002641287197003
33.0,112.0,1000.55419921875,-4.38181940135786,-3.7913996490447657,1.7133438418106612,3.179836872518181,2.4726217861634487,3.003906369438704,-0.3392419121307164,1.830271457628925,0.2097675884456657,2.5002641287197003
33.0,112.0,1000.55419921875,-4.38181940135786,-3.7913996490447657,1.7133438418106612,3.179839440413869,2.4726217861634487,3.0039067150761003,-0.3392419226970875,1.8302718432308205,0.2097675884456657,2.5002641287197003
33.0,112.0,1000.55419921875,-4.38181940135786,-3.7913996490447657,1.7133438418106612,3.179839269708152,2.472621786163434,3.0039068124307424,-0.3392419226970875,1.8302714654466603,0.2097675884456657,2.5002641287197003
33.0,112.0,1000.55419921875,-4.38181940135786,-3.7913996490447657,1.7133438418106612,3.179839269708152,2.4726217861636064,3.003912506546678,-0.3392419226970875,1.8302718507172928,0.2097675884456657,2.5002641287197003
33.0,112.0,1000.55419921875,-4.38181940135786,-3.7913994043005017,1.7133438418106612,3.1798393914325103,2.4726217861634487,3.0039120129794763,-0.3392419156984756,1.8302714616746008,0.2097675884456657,2.5002641287197003
33.0,112.0,1000.55419921875,-4.38181940135786,-3.7913987215223273,1.7133438589500667,3.179839288726157,2.472621786245816,3.003912462873347,-0.3392415602430185,1.8302718505997395,0.2097675884456657,2.5002641287197003
33.0,112.0,1000.55419921875,-4.38181940135786,-3.7913996490447657,1.7133438418106612,3.179839440413869,2.4726217861634487,3.0039067150761003,-0.3392419168058419,1.8302718432308205,0.2097675884456657,2.5002641287197003
33.0,112.0,1000.55419921875,-4.38181940135786,-3.791398818583063,1.7133447996399984,3.179839270729686,2.4726217861648534,3.003912506546678,-0.3392415609063802,1.8302718505997564,0.2097675884456657,2.5002641287197003
33.0,112.0,1000.55419921875,-4.38181940135786,-3.7913996490447657,1.7133438418106612,3.179836872518181,2.4726217861634487,3.003906369438704,-0.3392419121307164,1.830271457628925,0.2097675884456657,2.5002641287197003
33.0,112.0,1000.55419921875,-4.38181940135786,-3.791398763623884,1.7133448092616914,3.179839298787732,2.472621786247168,3.003912506546678,-0.3392419260523692,1.830271850636707,0.2097675884456657,2.5002641287197003
33.0,112.0,1000.55419921875,-4.38181940135786,-3.7913996490447657,1.7133446774649954,3.1798367136171186,2.472621786247168,3.003912506546678,-0.3392346449916025,1.830271464997844,0.2097675884456657,2.5002641287197003
33.0,112.0,1000.55419921875,-4.38181940135786,-3.7913996449891263,1.7133438418106612,3.179836750793822,2.4726217861634487,3.00390686682397,-0.339241556600164,1.830271848725719,0.20976754401663,2.50026411119348
33.0,112.0,1000.55419921875,-4.38181940135786,-3.791398721541617,1.7133437307203232,3.1798392815128063,2.472621786247168,3.003912506546678,-0.3392415602430185,1.8302718505997395,0.2097675884456657,2.5002641287197003
33.0,112.0,1000.55419921875,-4.38181940135786,-3.791399811952637,1.7133394509027566,3.1798376761734106,2.472621786163805,3.003912506546678,-0.3392419218110618,1.8302718512495748,0.2097667293803109,2.5002641287197003
33.0,112.0,1000.55419921875,-4.38181940135786,-3.7913996490447657,1.7133438418106612,3.179836872518181,2.4726217861634487,3.003906369438704,-0.3392419122271174,1.830271457628925,0.2097675884456657,2.5002641287197003
33.0,112.0,1000.55419921875,-4.38181940135786,-3.7913996490447657,1.7133438418106612,3.179836872518181,2.4726217861634487,3.003906369438704,-0.3392415579260182,1.830271457628925,0.2097675884456657,2.5002641287197003
33.0,112.0,1000.55419921875,-4.38181940135786,-3.7913994043005017,1.7133438418106612,3.1798393914325103,2.4726217861634487,3.0039120129794763,-0.3392419157507904,1.83027185068371,0.2097675884456657,2.5002641287197003
33.0,112.0,1000.55419921875,-4.38181940135786,-3.7913996490447657,1.7133437199801749,3.179839270729686,2.4726217862506554,3.003912506546678,-0.3392415609063802,1.8302718505972195,0.2097675884456657,2.5002641287197003
33.0,112.0,1000.55419921875,-4.38181940135786,-3.79139886739706,1.713344845583952,3.179839261034317,2.4726217862546376,3.003912506546678,-0.3392415932058903,1.8302718505997395,0.2097675884456657,2.5002641287197003
33.0,112.0,1000.55419921875,-4.38181940135786,-3.7913996490447657,1.713345186439946,3.179839269708152,2.472621786149781,3.003912506546678,-0.3392419226970875,1.8302718527713948,0.2097675884456657,2.5002641287197003
33.0,112.0,1000.55419921875,-4.38181940135786,-3.7913996490447657,1.7133438418106612,3.1798392816225465,2.4726217861634487,3.003912506546678,-0.3392419226970875,1.8302718527713948,0.2097675884456657,2.5002641287197003
33.0,112.0,1000.55419921875,-4.38181940135786,-3.7913996490447657,1.7133438418106612,3.179836872518181,2.4726217861634434,3.0039067150761003,-0.3392419226006865,1.830271457628925,0.2097675884456657,2.5002641287197003
33.0,112.0,1000.55419921875,-4.38181940135786,-3.791398866584024,1.7133449159709722,3.179839292913373,2.472621786247168,3.003912506546678,-0.3392415605895997,1.830271850636707,0.2097675884456657,2.5002641287197003
33.0,112.0,1000.55419921875,-4.38181940135786,-3.7913996490447657,1.7133438418106612,3.17983701333922,2.4726217861634487,3.0039067150761003,-0.3392419231562734,1.830271457628925,0.2097675884456657,2.5002641287197003
33.0,112.0,1000.55419921875,-4.38181940135786,-3.791398721541617,1.7133437234014082,3.1798392815128063,2.472621786247168,3.003912506546678,-0.3392419144477167,1.8302718505997395,0.2097675884456657,2.5002641287197003
33.0,112.0,1000.55419921875,-4.38181940135786,-3.7913996490447657,1.7133438418106612,3.179835748662228,2.4726217861634434,3.0039067150761003,-0.3392419226006865,1.830271457628925,0.2097675884456657,2.5002641287197003
33.0,112.0,1000.55419921875,-4.38181940135786,-3.791398837581347,1.7133448092616914,3.179839292913373,2.4726217861641326,3.003912506546678,-0.3392415911609541,1.8302718505997395,0.2097675884456657,2.5002641287197003
33.0,112.0,1000.55419921875,-4.38181940135786,-3.7913996490447657,1.7133438418106612,3.179839440413869,2.4726217861634487,3.0039067150761003,-0.3392419226970875,1.8302718432308205,0.2097675884456657,2.5002641287197003
33.0,112.0,1000.55419921875,-4.38181940135786,-3.791398837581347,1.71334487937865,3.179839292913373,2.472621786247168,3.00391246017498,-0.3392419260523692,1.8302718506000035,0.2097675884456657,2.5002641287197003
33.0,112.0,1000.55419921875,-4.38181940135786,-3.791399643367206,1.7133438418106612,3.179839105105536,2.4726217861626245,3.003912490926281,-0.3392419157507904,1.8302718613169864,0.2097675884456657,2.5002641287197003
33.0,112.0,1000.55419921875,-4.38181940135786,-3.7913994043005017,1.7133438418106612,3.1798393914325103,2.4726217861634487,3.0039120129794763,-0.3392419156984756,1.8302714616746008,0.2097675884456657,2.5002641287197003
33.0,113.0,1000.55419921875,-4.38181940135786,-3.7913996490447657,1.7133438418106612,3.179839269708152,2.4726217861634487,3.003912506546678,-0.3392419226970875,1.8302718527713948,0.2097675884456657,2.5002641287197003
33.0,113.0,1000.55419921875,-4.38181940135786,-3.7913996490447657,1.7133438418106612,3.179836872518181,2.4726217861634487,3.0039067150761003,-0.3392419226970875,1.830271457628925,0.2097675884456657,2.5002641287197003
33.0,113.0,1000.55419921875,-4.38181940135786,-3.7913996490447657,1.713345186439946,3.179839269708152,2.472621786149781,3.003912506546678,-0.3392419226970875,1.8302718527713948,0.2097675884456657,2.5002641287197003
33.0,113.0,1000.55419921875,-4.38181940135786,-3.7913996490447657,1.7133438418106612,3.179835708625155,2.4726217861634487,3.0039067150761003,-0.3392420536054461,1.830271457628925,0.2097675884456657,2.5002641287197003
33.0,113.0,1000.55419921875,-4.38181940135786,-3.7913996490447657,1.7133437307203232,3.1798392815128063,2.472621786247168,3.003912506546678,-0.3392415602430185,1.8302718505997395,0.2097675884456657,2.5002641287197003
33.0,113.0,1000.55419921875,-4.38181940135786,-3.7913996490447657,1.7133438418106612,3.179836872518181,2.4726217861634487,3.003906369438704,-0.3392419121307164,1.830271457628925,0.2097675884456657,2.5002641287197003
33.0,113.0,1000.55419921875,-4.38181940135786,-3.7913996490447657,1.7133437233969289,3.1798392815128063,2.472621786247168,3.003912506546678,-0.3392415609063802,1.8302718505997395,0.2097675884456657,2.5002641287197003
33.0,113.0,1000.55419921875,-4.38181940135786,-3.7913996490447657,1.713340495182897,3.179797356084461,2.472621786149781,3.003906536341034,-0.3392419226970875,1.8302718534130689,0.2097675884456657,2.500264208296925
33.0,113.0,1000.55419921875,-4.38181940135786,-3.791398721541617,1.7133437307203232,3.1798392815128063,2.472621786247168,3.003912506546678,-0.3392415602430185,1.8302718505997395,0.2097675884456657,2.5002641287197003
33.0,113.0,1000.55419921875,-4.38181940135786,-3.7913996490447657,1.7133438418106612,3.179839269708152,2.4726217861636064,3.003912506546678,-0.3392419226970875,1.8302718507172928,0.2097675884456657,2.5002641287197003
33.0,113.0,1000.55419921875,-4.38181940135786,-3.7913996490447657,1.7133438418106612,3.179839269708152,2.4726217861634487,3.003912506546678,-0.3392419226970875,1.8302718527713948,0.2097675884456657,2.5002641287197003
33.0,113.0,1000.55419921875,-4.38181940135786,-3.791398837581347,1.7133448092616914,3.179839292913373,2.472621786247168,3.003912506546678,-0.3392415911609541,1.8302718505997395,0.2097675884456657,2.5002641287197003
33.0,113.0,1000.55419921875,-4.38181940135786,-3.7913996490447657,1.713345186439946,3.179839269708152,2.472621786163805,3.003912506546678,-0.3392419125419879,1.8302718527713948,0.2097675884456657,2.5002641287197003
33.0,113.0,1000.55419921875,-4.38181940135786,-3.7913996490447657,1.7133438418106612,3.179836872518181,2.4726217861634434,3.0039067150761003,-0.3392419226970875,1.830271457628925,0.2097675884456657,2.5002641287197003
33.0,113.0,1000.55419921875,-4.38181940135786,-3.791398721541617,1.7133437234014082,3.1798392815128063,2.472621786247168,3.003912506546678,-0.3392415602430185,1.8302718505997395,0.2097675884456657,2.5002641287197003
33.0,113.0,1000.55419921875,-4.38181940135786,-3.791398837581347,1.7133448092616914,3.179839292913373,2.472621786247168,3.003912506546678,-0.3392419260523692,1.830271850636707,0.2097675884456657,2.5002641287197003
33.0,113.0,1000.55419921875,-4.38181940135786,-3.791399400244862,1.7133438418106612,3.179839269708152,2.4726217861634487,3.003912164727346,-0.339241549601552,1.8302718527713948,0.20976754401663,2.50026411119348
33.0,113.0,1000.55419921875,-4.38181940135786,-3.7913996490447657,1.7133437199801749,3.179839270729686,2.4726217861648534,3.003912506546678,-0.3392415609063802,1.8302718505972195,0.2097675884456657,2.5002641287197003
33.0,113.0,1000.55419921875,-4.38181940135786,-3.7913996490447657,1.7133437307203232,3.1798367136171186,2.472621786247168,3.003912506546678,-0.3392415602430185,1.830271464997844,0.2097675884456657,2.5002641287197003
33.0,113.0,1000.55419921875,-4.38181940135786,-3.7913996490447657,1.7133438418106612,3.179836872518181,2.4726217861634487,3.003906369438704,-0.3392419121307164,1.830271457628925,0.2097675884456657,2.5002641287197003
33.0,113.0,1000.55419921875,-4.38181940135786,-3.7913996490447657,1.7133438418106612,3.179839440413869,2.4726217861634487,3.0039067150761003,-0.3392419226970875,1.8302718432308205,0.2097675884456657,2.5002641287197003
33.0,113.0,1000.55419921875,-4.38181940135786,-3.7913996490447657,1.7133438418106612,3.179839269708152,2.472621786163434,3.0039068124307424,-0.3392419226970875,1.8302714654466603,0.2097675884456657,2.5002641287197003
33.0,113.0,1000.55419921875,-4.38181940135786,-3.7913996490447657,1.7133438418106612,3.179839269708152,2.4726217861636064,3.003912506546678,-0.3392419226970875,1.8302718507172928,0.2097675884456657,2.5002641287197003
33.0,113.0,1000.55419921875,-4.38181940135786,-3.7913994043005017,1.7133438418106612,3.1798393914325103,2.4726217861634487,3.0039120129794763,-0.3392419156984756,1.8302714616746008,0.2097675884456657,2.5002641287197003
33.0,113.0,1000.55419921875,-4.38181940135786,-3.7913987215223273,1.7133438589500667,3.179839288726157,2.472621786245816,3.003912462873347,-0.3392415602430185,1.8302718505997395,0.2097675884456657,2.5002641287197003
33.0,113.0,1000.55419921875,-4.38181940135786,-3.7913996490447657,1.7133438418106612,3.179839440413869,2.4726217861634487,3.0039067150761003,-0.3392419168058419,1.8302718432308205,0.2097675884456657,2.5002641287197003
33.0,113.0,1000.55419921875,-4.38181940135786,-3.791398818583063,1.7133447996399984,3.179839270729686,2.4726217861648534,3.003912506546678,-0.3392415609063802,1.8302718505997564,0.2097675884456657,2.5002641287197003
33.0,113.0,1000.55419921875,-4.38181940135786,-3.7913996490447657,1.7133438418106612,3.179836872518181,2.4726217861634487,3.003906369438704,-0.3392419121307164,1.830271457628925,0.2097675884456657,2.5002641287197003
33.0,113.0,1000.55419921875,-4.38181940135786,-3.791398763623884,1.7133448092616914,3.179839298787732,2.472621786247168,3.003912506546678,-0.3392419260523692,1.830271850636707,0.2097675884456657,2.5002641287197003
33.0,113.0,1000.55419921875,-4.38181940135786,-3.7913996490447657,1.7133446774649954,3.1798367136171186,2.472621786247168,3.003912506546678,-0.3392346449916025,1.830271464997844,0.2097675884456657,2.5002641287197003
33.0,113.0,1000.55419921875,-4.38181940135786,-3.7913996449891263,1.7133438418106612,3.179836750793822,2.4726217861634487,3.00390686682397,-0.339241556600164,1.830271848725719,0.20976754401663,2.50026411119348
33.0,113.0,1000.55419921875,-4.38181940135786,-3.791398721541617,1.7133437307203232,3.1798392815128063,2.472621786247168,3.003912506546678,-0.3392415602430185,1.8302718505997395,0.2097675884456657,2.5002641287197003
33.0,113.0,1000.55419921875,-4.38181940135786,-3.791399811952637,1.7133394509027566,3.1798376761734106,2.472621786163805,3.003912506546678,-0.3392419218110618,1.8302718512495748,0.2097667293803109,2.5002641287197003
33.0,113.0,1000.55419921875,-4.38181940135786,-3.7913996490447657,1.7133438418106612,3.179836872518181,2.4726217861634487,3.003906369438704,-0.3392419122271174,1.830271457628925,0.2097675884456657,2.5002641287197003
33.0,113.0,1000.55419921875,-4.38181940135786,-3.7913996490447657,1.7133438418106612,3.179836872518181,2.4726217861634487,3.003906369438704,-0.3392415579260182,1.830271457628925,0.2097675884456657,2.5002641287197003
33.0,113.0,1000.55419921875,-4.38181940135786,-3.7913994043005017,1.7133438418106612,3.1798393914325103,2.4726217861634487,3.0039120129794763,-0.3392419157507904,1.83027185068371,0.2097675884456657,2.5002641287197003
33.0,113.0,1000.55419921875,-4.38181940135786,-3.7913996490447657,1.7133437199801749,3.179839270729686,2.4726217862506554,3.003912506546678,-0.3392415609063802,1.8302718505972195,0.2097675884456657,2.5002641287197003
33.0,113.0,1000.55419921875,-4.38181940135786,-3.79139886739706,1.713344845583952,3.179839261034317,2.4726217862546376,3.003912506546678,-0.3392415932058903,1.8302718505997395,0.2097675884456657,2.5002641287197003
33.0,113.0,1000.55419921875,-4.38181940135786,-3.7913996490447657,1.713345186439946,3.179839269708152,2.472621786149781,3.003912506546678,-0.3392419226970875,1.8302718527713948,0.2097675884456657,2.5002641287197003
33.0,113.0,1000.55419921875,-4.38181940135786,-3.7913996490447657,1.7133438418106612,3.1798392816225465,2.4726217861634487,3.003912506546678,-0.3392419226970875,1.8302718527713948,0.2097675884456657,2.5002641287197003
33.0,113.0,1000.55419921875,-4.38181940135786,-3.7913996490447657,1.7133438418106612,3.179836872518181,2.4726217861634434,3.0039067150761003,-0.3392419226006865,1.830271457628925,0.2097675884456657,2.5002641287197003
33.0,113.0,1000.55419921875,-4.38181940135786,-3.791398866584024,1.7133449159709722,3.179839292913373,2.472621786247168,3.003912506546678,-0.3392415605895997,1.830271850636707,0.2097675884456657,2.5002641287197003
33.0,113.0,1000.55419921875,-4.38181940135786,-3.7913996490447657,1.7133438418106612,3.17983701333922,2.4726217861634487,3.0039067150761003,-0.3392419231562734,1.830271457628925,0.2097675884456657,2.5002641287197003
33.0,113.0,1000.55419921875,-4.38181940135786,-3.791398721541617,1.7133437234014082,3.1798392815128063,2.472621786247168,3.003912506546678,-0.3392419144477167,1.8302718505997395,0.2097675884456657,2.5002641287197003
33.0,113.0,1000.55419921875,-4.38181940135786,-3.7913996490447657,1.7133438418106612,3.179835748662228,2.4726217861634434,3.0039067150761003,-0.3392419226006865,1.830271457628925,0.2097675884456657,2.5002641287197003
33.0,113.0,1000.55419921875,-4.38181940135786,-3.791398837581347,1.7133448092616914,3.179839292913373,2.4726217861641326,3.003912506546678,-0.3392415911609541,1.8302718505997395,0.2097675884456657,2.5002641287197003
33.0,113.0,1000.55419921875,-4.38181940135786,-3.7913996490447657,1.7133438418106612,3.179839440413869,2.4726217861634487,3.0039067150761003,-0.3392419226970875,1.8302718432308205,0.2097675884456657,2.5002641287197003
33.0,113.0,1000.55419921875,-4.38181940135786,-3.791398837581347,1.71334487937865,3.179839292913373,2.472621786247168,3.00391246017498,-0.3392419260523692,1.8302718506000035,0.2097675884456657,2.5002641287197003
33.0,113.0,1000.55419921875,-4.38181940135786,-3.791399643367206,1.7133438418106612,3.179839105105536,2.4726217861626245,3.003912490926281,-0.3392419157507904,1.8302718613169864,0.2097675884456657,2.5002641287197003
33.0,113.0,1000.55419921875,-4.38181940135786,-3.7913994043005017,1.7133438418106612,3.1798393914325103,2.4726217861634487,3.0039120129794763,-0.3392419156984756,1.8302714616746008,0.2097675884456657,2.5002641287197003
33.0,114.0,1000.5532836914062,-4.38181940135786,-3.791398721541617,1.7133438397267509,3.1798392815128063,2.472621786247168,3.0039139244921453,-0.3392415774546294,1.81535247600749,0.2097675884456657,2.5002641287197003
33.0,114.0,1000.55419921875,-4.38181940135786,-3.7913996490447657,1.7133438418106612,3.179839269708152,2.4726217861634487,3.003912506546678,-0.3392419226970875,1.8302718527713948,0.2097675884456657,2.5002641287197003
33.0,114.0,1000.55419921875,-4.38181940135786,-3.7913996490447657,1.7133438418106612,3.179836872518181,2.4726217861634487,3.0039067150761003,-0.3392419226970875,1.830271457628925,0.2097675884456657,2.5002641287197003
33.0,114.0,1000.55419921875,-4.38181940135786,-3.7913996490447657,1.713345186439946,3.179839269708152,2.472621786149781,3.003912506546678,-0.3392419226970875,1.8302718527713948,0.2097675884456657,2.5002641287197003
33.0,114.0,1000.55419921875,-4.38181940135786,-3.7913996490447657,1.7133438418106612,3.179835708625155,2.4726217861634487,3.0039067150761003,-0.3392420536054461,1.830271457628925,0.2097675884456657,2.5002641287197003
33.0,114.0,1000.55419921875,-4.38181940135786,-3.7913996490447657,1.7133437307203232,3.1798392815128063,2.472621786247168,3.003912506546678,-0.3392415602430185,1.8302718505997395,0.2097675884456657,2.5002641287197003
33.0,114.0,1000.55419921875,-4.38181940135786,-3.7913996490447657,1.7133438418106612,3.179836872518181,2.4726217861634487,3.003906369438704,-0.3392419121307164,1.830271457628925,0.2097675884456657,2.5002641287197003
33.0,114.0,1000.55419921875,-4.38181940135786,-3.7913996490447657,1.7133437233969289,3.1798392815128063,2.472621786247168,3.003912506546678,-0.3392415609063802,1.8302718505997395,0.2097675884456657,2.5002641287197003
33.0,114.0,1000.55419921875,-4.38181940135786,-3.7913996490447657,1.713340495182897,3.179797356084461,2.472621786149781,3.003906536341034,-0.3392419226970875,1.8302718534130689,0.2097675884456657,2.500264208296925
33.0,114.0,1000.55419921875,-4.38181940135786,-3.791398721541617,1.7133437307203232,3.1798392815128063,2.472621786247168,3.003912506546678,-0.3392415602430185,1.8302718505997395,0.2097675884456657,2.5002641287197003
33.0,114.0,1000.55419921875,-4.38181940135786,-3.7913996490447657,1.7133438418106612,3.179839269708152,2.4726217861636064,3.003912506546678,-0.3392419226970875,1.8302718507172928,0.2097675884456657,2.5002641287197003
33.0,114.0,1000.55419921875,-4.38181940135786,-3.7913996490447657,1.7133438418106612,3.179839269708152,2.4726217861634487,3.003912506546678,-0.3392419226970875,1.8302718527713948,0.2097675884456657,2.5002641287197003
33.0,114.0,1000.55419921875,-4.38181940135786,-3.791398837581347,1.7133448092616914,3.179839292913373,2.472621786247168,3.003912506546678,-0.3392415911609541,1.8302718505997395,0.2097675884456657,2.5002641287197003
33.0,114.0,1000.55419921875,-4.38181940135786,-3.7913996490447657,1.713345186439946,3.179839269708152,2.472621786163805,3.003912506546678,-0.3392419125419879,1.8302718527713948,0.2097675884456657,2.5002641287197003
33.0,114.0,1000.55419921875,-4.38181940135786,-3.7913996490447657,1.7133438418106612,3.179836872518181,2.4726217861634434,3.0039067150761003,-0.3392419226970875,1.830271457628925,0.2097675884456657,2.5002641287197003
33.0,114.0,1000.55419921875,-4.38181940135786,-3.791398721541617,1.7133437234014082,3.1798392815128063,2.472621786247168,3.003912506546678,-0.3392415602430185,1.8302718505997395,0.2097675884456657,2.5002641287197003
33.0,114.0,1000.55419921875,-4.38181940135786,-3.791398837581347,1.7133448092616914,3.179839292913373,2.472621786247168,3.003912506546678,-0.3392419260523692,1.830271850636707,0.2097675884456657,2.5002641287197003
33.0,114.0,1000.55419921875,-4.38181940135786,-3.791399400244862,1.7133438418106612,3.179839269708152,2.4726217861634487,3.003912164727346,-0.339241549601552,1.8302718527713948,0.20976754401663,2.50026411119348
33.0,114.0,1000.55419921875,-4.38181940135786,-3.7913996490447657,1.7133437199801749,3.179839270729686,2.4726217861648534,3.003912506546678,-0.3392415609063802,1.8302718505972195,0.2097675884456657,2.5002641287197003
33.0,114.0,1000.55419921875,-4.38181940135786,-3.7913996490447657,1.7133437307203232,3.1798367136171186,2.472621786247168,3.003912506546678,-0.3392415602430185,1.830271464997844,0.2097675884456657,2.5002641287197003
33.0,114.0,1000.55419921875,-4.38181940135786,-3.7913996490447657,1.7133438418106612,3.179836872518181,2.4726217861634487,3.003906369438704,-0.3392419121307164,1.830271457628925,0.2097675884456657,2.5002641287197003
33.0,114.0,1000.55419921875,-4.38181940135786,-3.7913996490447657,1.7133438418106612,3.179839440413869,2.4726217861634487,3.0039067150761003,-0.3392419226970875,1.8302718432308205,0.2097675884456657,2.5002641287197003
33.0,114.0,1000.55419921875,-4.38181940135786,-3.7913996490447657,1.7133438418106612,3.179839269708152,2.472621786163434,3.0039068124307424,-0.3392419226970875,1.8302714654466603,0.2097675884456657,2.5002641287197003
33.0,114.0,1000.55419921875,-4.38181940135786,-3.7913996490447657,1.7133438418106612,3.179839269708152,2.4726217861636064,3.003912506546678,-0.3392419226970875,1.8302718507172928,0.2097675884456657,2.5002641287197003
33.0,114.0,1000.55419921875,-4.38181940135786,-3.7913994043005017,1.7133438418106612,3.1798393914325103,2.4726217861634487,3.0039120129794763,-0.3392419156984756,1.8302714616746008,0.2097675884456657,2.5002641287197003
33.0,114.0,1000.55419921875,-4.38181940135786,-3.7913987215223273,1.7133438589500667,3.179839288726157,2.472621786245816,3.003912462873347,-0.3392415602430185,1.8302718505997395,0.2097675884456657,2.5002641287197003
33.0,114.0,1000.55419921875,-4.38181940135786,-3.7913996490447657,1.7133438418106612,3.179839440413869,2.4726217861634487,3.0039067150761003,-0.3392419168058419,1.8302718432308205,0.2097675884456657,2.5002641287197003
33.0,114.0,1000.55419921875,-4.38181940135786,-3.791398818583063,1.7133447996399984,3.179839270729686,2.4726217861648534,3.003912506546678,-0.3392415609063802,1.8302718505997564,0.2097675884456657,2.5002641287197003
33.0,114.0,1000.55419921875,-4.38181940135786,-3.7913996490447657,1.7133438418106612,3.179836872518181,2.4726217861634487,3.003906369438704,-0.3392419121307164,1.830271457628925,0.2097675884456657,2.5002641287197003
33.0,114.0,1000.55419921875,-4.38181940135786,-3.791398763623884,1.7133448092616914,3.179839298787732,2.472621786247168,3.003912506546678,-0.3392419260523692,1.830271850636707,0.2097675884456657,2.5002641287197003
33.0,114.0,1000.55419921875,-4.38181940135786,-3.7913996490447657,1.7133446774649954,3.1798367136171186,2.472621786247168,3.003912506546678,-0.3392346449916025,1.830271464997844,0.2097675884456657,2.5002641287197003
33.0,114.0,1000.55419921875,-4.38181940135786,-3.7913996449891263,1.7133438418106612,3.179836750793822,2.4726217861634487,3.00390686682397,-0.339241556600164,1.830271848725719,0.20976754401663,2.50026411119348
33.0,114.0,1000.55419921875,-4.38181940135786,-3.791398721541617,1.7133437307203232,3.1798392815128063,2.472621786247168,3.003912506546678,-0.3392415602430185,1.8302718505997395,0.2097675884456657,2.5002641287197003
33.0,114.0,1000.55419921875,-4.38181940135786,-3.791399811952637,1.7133394509027566,3.1798376761734106,2.472621786163805,3.003912506546678,-0.3392419218110618,1.8302718512495748,0.2097667293803109,2.5002641287197003
33.0,114.0,1000.55419921875,-4.38181940135786,-3.7913996490447657,1.7133438418106612,3.179836872518181,2.4726217861634487,3.003906369438704,-0.3392419122271174,1.830271457628925,0.2097675884456657,2.5002641287197003
33.0,114.0,1000.55419921875,-4.38181940135786,-3.7913996490447657,1.7133438418106612,3.179836872518181,2.4726217861634487,3.003906369438704,-0.3392415579260182,1.830271457628925,0.2097675884456657,2.5002641287197003
33.0,114.0,1000.55419921875,-4.38181940135786,-3.7913994043005017,1.7133438418106612,3.1798393914325103,2.4726217861634487,3.0039120129794763,-0.3392419157507904,1.83027185068371,0.2097675884456657,2.5002641287197003
33.0,114.0,1000.55419921875,-4.38181940135786,-3.7913996490447657,1.7133437199801749,3.179839270729686,2.4726217862506554,3.003912506546678,-0.3392415609063802,1.8302718505972195,0.2097675884456657,2.5002641287197003
33.0,114.0,1000.55419921875,-4.38181940135786,-3.79139886739706,1.713344845583952,3.179839261034317,2.4726217862546376,3.003912506546678,-0.3392415932058903,1.8302718505997395,0.2097675884456657,2.5002641287197003
33.0,114.0,1000.55419921875,-4.38181940135786,-3.7913996490447657,1.713345186439946,3.179839269708152,2.472621786149781,3.003912506546678,-0.3392419226970875,1.8302718527713948,0.2097675884456657,2.5002641287197003
33.0,114.0,1000.55419921875,-4.38181940135786,-3.7913996490447657,1.7133438418106612,3.1798392816225465,2.4726217861634487,3.003912506546678,-0.3392419226970875,1.8302718527713948,0.2097675884456657,2.5002641287197003
33.0,114.0,1000.55419921875,-4.38181940135786,-3.7913996490447657,1.7133438418106612,3.179836872518181,2.4726217861634434,3.0039067150761003,-0.3392419226006865,1.830271457628925,0.2097675884456657,2.5002641287197003
33.0,114.0,1000.55419921875,-4.38181940135786,-3.791398866584024,1.7133449159709722,3.179839292913373,2.472621786247168,3.003912506546678,-0.3392415605895997,1.830271850636707,0.2097675884456657,2.5002641287197003
33.0,114.0,1000.55419921875,-4.38181940135786,-3.7913996490447657,1.7133438418106612,3.17983701333922,2.4726217861634487,3.0039067150761003,-0.3392419231562734,1.830271457628925,0.2097675884456657,2.5002641287197003
33.0,114.0,1000.55419921875,-4.38181940135786,-3.791398721541617,1.7133437234014082,3.1798392815128063,2.472621786247168,3.003912506546678,-0.3392419144477167,1.8302718505997395,0.2097675884456657,2.5002641287197003
33.0,114.0,1000.55419921875,-4.38181940135786,-3.7913996490447657,1.7133438418106612,3.179835748662228,2.4726217861634434,3.0039067150761003,-0.3392419226006865,1.830271457628925,0.2097675884456657,2.5002641287197003
33.0,114.0,1000.55419921875,-4.38181940135786,-3.791398837581347,1.7133448092616914,3.179839292913373,2.4726217861641326,3.003912506546678,-0.3392415911609541,1.8302718505997395,0.2097675884456657,2.5002641287197003
33.0,114.0,1000.55419921875,-4.38181940135786,-3.7913996490447657,1.7133438418106612,3.179839440413869,2.4726217861634487,3.0039067150761003,-0.3392419226970875,1.8302718432308205,0.2097675884456657,2.5002641287197003
33.0,114.0,1000.55419921875,-4.38181940135786,-3.791398837581347,1.71334487937865,3.179839292913373,2.472621786247168,3.00391246017498,-0.3392419260523692,1.8302718506000035,0.2097675884456657,2.5002641287197003
33.0,114.0,1000.55419921875,-4.38181940135786,-3.791399643367206,1.7133438418106612,3.179839105105536,2.4726217861626245,3.003912490926281,-0.3392419157507904,1.8302718613169864,0.2097675884456657,2.5002641287197003
33.0,115.0,1000.55322265625,-4.38181940135786,-3.7913996490447657,1.7133438418090714,3.179839269708152,2.4726217861634487,3.003912506546678,-0.3392419335486975,1.8158244564658697,0.2097675884456657,2.5002641287197003
33.0,115.0,1000.5532836914062,-4.38181940135786,-3.791398721541617,1.7133438397267509,3.1798392815128063,2.472621786247168,3.0039139244921453,-0.3392415774546294,1.81535247600749,0.2097675884456657,2.5002641287197003
33.0,115.0,1000.5532836914062,-4.38181940135786,-3.791398721541617,1.7133452333820276,3.17983927043258,2.472621786247168,3.0039137846377653,-0.3392419184116345,1.8153956335752333,0.2097675884456657,2.5002641287197003
33.0,115.0,1000.5535278320312,-4.38181940135786,-3.791398721541617,1.7133438397283407,3.1798392815128063,2.472621786247168,3.0039139244921453,-0.3392415666030193,1.8297998723130149,0.2097675884456657,2.5002641287197003
33.0,115.0,1000.5538940429688,-4.38181940135786,-3.791399631145396,1.713344845583952,3.179839262162955,2.4726217862546376,3.003912506546678,-0.3392419210536933,1.819265675013764,0.2097675884456657,2.5002641287197003
33.0,115.0,1000.55419921875,-4.38181940135786,-3.7913996490447657,1.7133438418106612,3.179839269708152,2.4726217861634487,3.003912506546678,-0.3392419226970875,1.8302718527713948,0.2097675884456657,2.5002641287197003
33.0,115.0,1000.55419921875,-4.38181940135786,-3.7913996490447657,1.7133438418106612,3.179836872518181,2.4726217861634487,3.0039067150761003,-0.3392419226970875,1.830271457628925,0.2097675884456657,2.5002641287197003
33.0,115.0,1000.55419921875,-4.38181940135786,-3.7913996490447657,1.713345186439946,3.179839269708152,2.472621786149781,3.003912506546678,-0.3392419226970875,1.8302718527713948,0.2097675884456657,2.5002641287197003
33.0,115.0,1000.55419921875,-4.38181940135786,-3.7913996490447657,1.7133438418106612,3.179835708625155,2.4726217861634487,3.0039067150761003,-0.3392420536054461,1.830271457628925,0.2097675884456657,2.5002641287197003
33.0,115.0,1000.55419921875,-4.38181940135786,-3.7913996490447657,1.7133437307203232,3.1798392815128063,2.472621786247168,3.003912506546678,-0.3392415602430185,1.8302718505997395,0.2097675884456657,2.5002641287197003
33.0,115.0,1000.55419921875,-4.38181940135786,-3.7913996490447657,1.7133438418106612,3.179836872518181,2.4726217861634487,3.003906369438704,-0.3392419121307164,1.830271457628925,0.2097675884456657,2.5002641287197003
33.0,115.0,1000.55419921875,-4.38181940135786,-3.7913996490447657,1.7133437233969289,3.1798392815128063,2.472621786247168,3.003912506546678,-0.3392415609063802,1.8302718505997395,0.2097675884456657,2.5002641287197003
33.0,115.0,1000.55419921875,-4.38181940135786,-3.7913996490447657,1.713340495182897,3.179797356084461,2.472621786149781,3.003906536341034,-0.3392419226970875,1.8302718534130689,0.2097675884456657,2.500264208296925
33.0,115.0,1000.55419921875,-4.38181940135786,-3.791398721541617,1.7133437307203232,3.1798392815128063,2.472621786247168,3.003912506546678,-0.3392415602430185,1.8302718505997395,0.2097675884456657,2.5002641287197003
33.0,115.0,1000.55419921875,-4.38181940135786,-3.7913996490447657,1.7133438418106612,3.179839269708152,2.4726217861636064,3.003912506546678,-0.3392419226970875,1.8302718507172928,0.2097675884456657,2.5002641287197003
33.0,115.0,1000.55419921875,-4.38181940135786,-3.7913996490447657,1.7133438418106612,3.179839269708152,2.4726217861634487,3.003912506546678,-0.3392419226970875,1.8302718527713948,0.2097675884456657,2.5002641287197003
33.0,115.0,1000.55419921875,-4.38181940135786,-3.791398837581347,1.7133448092616914,3.179839292913373,2.472621786247168,3.003912506546678,-0.3392415911609541,1.8302718505997395,0.2097675884456657,2.5002641287197003
33.0,115.0,1000.55419921875,-4.38181940135786,-3.7913996490447657,1.713345186439946,3.179839269708152,2.472621786163805,3.003912506546678,-0.3392419125419879,1.8302718527713948,0.2097675884456657,2.5002641287197003
33.0,115.0,1000.55419921875,-4.38181940135786,-3.7913996490447657,1.7133438418106612,3.179836872518181,2.4726217861634434,3.0039067150761003,-0.3392419226970875,1.830271457628925,0.2097675884456657,2.5002641287197003
33.0,115.0,1000.55419921875,-4.38181940135786,-3.791398721541617,1.7133437234014082,3.1798392815128063,2.472621786247168,3.003912506546678,-0.3392415602430185,1.8302718505997395,0.2097675884456657,2.5002641287197003
33.0,115.0,1000.55419921875,-4.38181940135786,-3.791398837581347,1.7133448092616914,3.179839292913373,2.472621786247168,3.003912506546678,-0.3392419260523692,1.830271850636707,0.2097675884456657,2.5002641287197003
33.0,115.0,1000.55419921875,-4.38181940135786,-3.791399400244862,1.7133438418106612,3.179839269708152,2.4726217861634487,3.003912164727346,-0.339241549601552,1.8302718527713948,0.20976754401663,2.50026411119348
33.0,115.0,1000.55419921875,-4.38181940135786,-3.7913996490447657,1.7133437199801749,3.179839270729686,2.4726217861648534,3.003912506546678,-0.3392415609063802,1.8302718505972195,0.2097675884456657,2.5002641287197003
33.0,115.0,1000.55419921875,-4.38181940135786,-3.7913996490447657,1.7133437307203232,3.1798367136171186,2.472621786247168,3.003912506546678,-0.3392415602430185,1.830271464997844,0.2097675884456657,2.5002641287197003
33.0,115.0,1000.55419921875,-4.38181940135786,-3.7913996490447657,1.7133438418106612,3.179836872518181,2.4726217861634487,3.003906369438704,-0.3392419121307164,1.830271457628925,0.2097675884456657,2.5002641287197003
33.0,115.0,1000.55419921875,-4.38181940135786,-3.7913996490447657,1.7133438418106612,3.179839440413869,2.4726217861634487,3.0039067150761003,-0.3392419226970875,1.8302718432308205,0.2097675884456657,2.5002641287197003
33.0,115.0,1000.55419921875,-4.38181940135786,-3.7913996490447657,1.7133438418106612,3.179839269708152,2.472621786163434,3.0039068124307424,-0.3392419226970875,1.8302714654466603,0.2097675884456657,2.5002641287197003
33.0,115.0,1000.55419921875,-4.38181940135786,-3.7913996490447657,1.7133438418106612,3.179839269708152,2.4726217861636064,3.003912506546678,-0.3392419226970875,1.8302718507172928,0.2097675884456657,2.5002641287197003
33.0,115.0,1000.55419921875,-4.38181940135786,-3.7913994043005017,1.7133438418106612,3.1798393914325103,2.4726217861634487,3.0039120129794763,-0.3392419156984756,1.8302714616746008,0.2097675884456657,2.5002641287197003
33.0,115.0,1000.55419921875,-4.38181940135786,-3.7913987215223273,1.7133438589500667,3.179839288726157,2.472621786245816,3.003912462873347,-0.3392415602430185,1.8302718505997395,0.2097675884456657,2.5002641287197003
33.0,115.0,1000.55419921875,-4.38181940135786,-3.7913996490447657,1.7133438418106612,3.179839440413869,2.4726217861634487,3.0039067150761003,-0.3392419168058419,1.8302718432308205,0.2097675884456657,2.5002641287197003
33.0,115.0,1000.55419921875,-4.38181940135786,-3.791398818583063,1.7133447996399984,3.179839270729686,2.4726217861648534,3.003912506546678,-0.3392415609063802,1.8302718505997564,0.2097675884456657,2.5002641287197003
33.0,115.0,1000.55419921875,-4.38181940135786,-3.7913996490447657,1.7133438418106612,3.179836872518181,2.4726217861634487,3.003906369438704,-0.3392419121307164,1.830271457628925,0.2097675884456657,2.5002641287197003
33.0,115.0,1000.55419921875,-4.38181940135786,-3.791398763623884,1.7133448092616914,3.179839298787732,2.472621786247168,3.003912506546678,-0.3392419260523692,1.830271850636707,0.2097675884456657,2.5002641287197003
33.0,115.0,1000.55419921875,-4.38181940135786,-3.7913996490447657,1.7133446774649954,3.1798367136171186,2.472621786247168,3.003912506546678,-0.3392346449916025,1.830271464997844,0.2097675884456657,2.5002641287197003
33.0,115.0,1000.55419921875,-4.38181940135786,-3.7913996449891263,1.7133438418106612,3.179836750793822,2.4726217861634487,3.00390686682397,-0.339241556600164,1.830271848725719,0.20976754401663,2.50026411119348
33.0,115.0,1000.55419921875,-4.38181940135786,-3.791398721541617,1.7133437307203232,3.1798392815128063,2.472621786247168,3.003912506546678,-0.3392415602430185,1.8302718505997395,0.2097675884456657,2.5002641287197003
33.0,115.0,1000.55419921875,-4.38181940135786,-3.791399811952637,1.7133394509027566,3.1798376761734106,2.472621786163805,3.003912506546678,-0.3392419218110618,1.8302718512495748,0.2097667293803109,2.5002641287197003
33.0,115.0,1000.55419921875,-4.38181940135786,-3.7913996490447657,1.7133438418106612,3.179836872518181,2.4726217861634487,3.003906369438704,-0.3392419122271174,1.830271457628925,0.2097675884456657,2.5002641287197003
33.0,115.0,1000.55419921875,-4.38181940135786,-3.7913996490447657,1.7133438418106612,3.179836872518181,2.4726217861634487,3.003906369438704,-0.3392415579260182,1.830271457628925,0.2097675884456657,2.5002641287197003
33.0,115.0,1000.55419921875,-4.38181940135786,-3.7913994043005017,1.7133438418106612,3.1798393914325103,2.4726217861634487,3.0039120129794763,-0.3392419157507904,1.83027185068371,0.2097675884456657,2.5002641287197003
33.0,115.0,1000.55419921875,-4.38181940135786,-3.7913996490447657,1.7133437199801749,3.179839270729686,2.4726217862506554,3.003912506546678,-0.3392415609063802,1.8302718505972195,0.2097675884456657,2.5002641287197003
33.0,115.0,1000.55419921875,-4.38181940135786,-3.79139886739706,1.713344845583952,3.179839261034317,2.4726217862546376,3.003912506546678,-0.3392415932058903,1.8302718505997395,0.2097675884456657,2.5002641287197003
33.0,115.0,1000.55419921875,-4.38181940135786,-3.7913996490447657,1.713345186439946,3.179839269708152,2.472621786149781,3.003912506546678,-0.3392419226970875,1.8302718527713948,0.2097675884456657,2.5002641287197003
33.0,115.0,1000.55419921875,-4.38181940135786,-3.7913996490447657,1.7133438418106612,3.1798392816225465,2.4726217861634487,3.003912506546678,-0.3392419226970875,1.8302718527713948,0.2097675884456657,2.5002641287197003
33.0,115.0,1000.55419921875,-4.38181940135786,-3.7913996490447657,1.7133438418106612,3.179836872518181,2.4726217861634434,3.0039067150761003,-0.3392419226006865,1.830271457628925,0.2097675884456657,2.5002641287197003
33.0,115.0,1000.55419921875,-4.38181940135786,-3.791398866584024,1.7133449159709722,3.179839292913373,2.472621786247168,3.003912506546678,-0.3392415605895997,1.830271850636707,0.2097675884456657,2.5002641287197003
33.0,115.0,1000.55419921875,-4.38181940135786,-3.7913996490447657,1.7133438418106612,3.17983701333922,2.4726217861634487,3.0039067150761003,-0.3392419231562734,1.830271457628925,0.2097675884456657,2.5002641287197003
33.0,115.0,1000.55419921875,-4.38181940135786,-3.791398721541617,1.7133437234014082,3.1798392815128063,2.472621786247168,3.003912506546678,-0.3392419144477167,1.8302718505997395,0.2097675884456657,2.5002641287197003
33.0,115.0,1000.55419921875,-4.38181940135786,-3.7913996490447657,1.7133438418106612,3.179835748662228,2.4726217861634434,3.0039067150761003,-0.3392419226006865,1.830271457628925,0.2097675884456657,2.5002641287197003
33.0,116.0,1000.55322265625,-4.38181940135786,-3.7913996490447657,1.7133438418090714,3.179839269708152,2.4726217861634487,3.003912506546678,-0.3392419335486975,1.8158244564658697,0.2097675884456657,2.5002641287197003
33.0,116.0,1000.5532836914062,-4.38181940135786,-3.791398721541617,1.7133438397267509,3.1798392815128063,2.472621786247168,3.0039139244921453,-0.3392415774546294,1.81535247600749,0.2097675884456657,2.5002641287197003
33.0,116.0,1000.5532836914062,-4.38181940135786,-3.791398721541617,1.7133452333820276,3.17983927043258,2.472621786247168,3.0039137846377653,-0.3392419184116345,1.8153956335752333,0.2097675884456657,2.5002641287197003
33.0,116.0,1000.5535278320312,-4.38181940135786,-3.791398721541617,1.7133438397283407,3.1798392815128063,2.472621786247168,3.0039139244921453,-0.3392415666030193,1.8297998723130149,0.2097675884456657,2.5002641287197003
33.0,116.0,1000.5538940429688,-4.38181940135786,-3.791399631145396,1.713344845583952,3.179839262162955,2.4726217862546376,3.003912506546678,-0.3392419210536933,1.819265675013764,0.2097675884456657,2.5002641287197003
33.0,116.0,1000.553955078125,-4.38181940135786,-3.7913996490447657,1.713343858594896,3.179839269962577,2.472621786149781,3.003912506546678,-0.3392419226970875,1.830108810230293,0.2097675884456657,2.5002641287197003
33.0,116.0,1000.55419921875,-4.38181940135786,-3.7913996490447657,1.7133438418106612,3.179839269708152,2.4726217861634487,3.003912506546678,-0.3392419226970875,1.8302718527713948,0.2097675884456657,2.5002641287197003
33.0,116.0,1000.55419921875,-4.38181940135786,-3.7913996490447657,1.7133438418106612,3.179836872518181,2.4726217861634487,3.0039067150761003,-0.3392419226970875,1.830271457628925,0.2097675884456657,2.5002641287197003
33.0,116.0,1000.55419921875,-4.38181940135786,-3.7913996490447657,1.713345186439946,3.179839269708152,2.472621786149781,3.003912506546678,-0.3392419226970875,1.8302718527713948,0.2097675884456657,2.5002641287197003
33.0,116.0,1000.55419921875,-4.38181940135786,-3.7913996490447657,1.7133438418106612,3.179835708625155,2.4726217861634487,3.0039067150761003,-0.3392420536054461,1.830271457628925,0.2097675884456657,2.5002641287197003
33.0,116.0,1000.55419921875,-4.38181940135786,-3.7913996490447657,1.7133437307203232,3.1798392815128063,2.472621786247168,3.003912506546678,-0.3392415602430185,1.8302718505997395,0.2097675884456657,2.5002641287197003
33.0,116.0,1000.55419921875,-4.38181940135786,-3.7913996490447657,1.7133438418106612,3.179836872518181,2.4726217861634487,3.003906369438704,-0.3392419121307164,1.830271457628925,0.2097675884456657,2.5002641287197003
33.0,116.0,1000.55419921875,-4.38181940135786,-3.7913996490447657,1.7133437233969289,3.1798392815128063,2.472621786247168,3.003912506546678,-0.3392415609063802,1.8302718505997395,0.2097675884456657,2.5002641287197003
33.0,116.0,1000.55419921875,-4.38181940135786,-3.7913996490447657,1.713340495182897,3.179797356084461,2.472621786149781,3.003906536341034,-0.3392419226970875,1.8302718534130689,0.2097675884456657,2.500264208296925
33.0,116.0,1000.55419921875,-4.38181940135786,-3.791398721541617,1.7133437307203232,3.1798392815128063,2.472621786247168,3.003912506546678,-0.3392415602430185,1.8302718505997395,0.2097675884456657,2.5002641287197003
33.0,116.0,1000.55419921875,-4.38181940135786,-3.7913996490447657,1.7133438418106612,3.179839269708152,2.4726217861636064,3.003912506546678,-0.3392419226970875,1.8302718507172928,0.2097675884456657,2.5002641287197003
33.0,116.0,1000.55419921875,-4.38181940135786,-3.7913996490447657,1.7133438418106612,3.179839269708152,2.4726217861634487,3.003912506546678,-0.3392419226970875,1.8302718527713948,0.2097675884456657,2.5002641287197003
33.0,116.0,1000.55419921875,-4.38181940135786,-3.791398837581347,1.7133448092616914,3.179839292913373,2.472621786247168,3.003912506546678,-0.3392415911609541,1.8302718505997395,0.2097675884456657,2.5002641287197003
33.0,116.0,1000.55419921875,-4.38181940135786,-3.7913996490447657,1.713345186439946,3.179839269708152,2.472621786163805,3.003912506546678,-0.3392419125419879,1.8302718527713948,0.2097675884456657,2.5002641287197003
33.0,116.0,1000.55419921875,-4.38181940135786,-3.7913996490447657,1.7133438418106612,3.179836872518181,2.4726217861634434,3.0039067150761003,-0.3392419226970875,1.830271457628925,0.2097675884456657,2.5002641287197003
33.0,116.0,1000.55419921875,-4.38181940135786,-3.791398721541617,1.7133437234014082,3.1798392815128063,2.472621786247168,3.003912506546678,-0.3392415602430185,1.8302718505997395,0.2097675884456657,2.5002641287197003
33.0,116.0,1000.55419921875,-4.38181940135786,-3.791398837581347,1.7133448092616914,3.179839292913373,2.472621786247168,3.003912506546678,-0.3392419260523692,1.830271850636707,0.2097675884456657,2.5002641287197003
33.0,116.0,1000.55419921875,-4.38181940135786,-3.791399400244862,1.7133438418106612,3.179839269708152,2.4726217861634487,3.003912164727346,-0.339241549601552,1.8302718527713948,0.20976754401663,2.50026411119348
33.0,116.0,1000.55419921875,-4.38181940135786,-3.7913996490447657,1.7133437199801749,3.179839270729686,2.4726217861648534,3.003912506546678,-0.3392415609063802,1.8302718505972195,0.2097675884456657,2.5002641287197003
33.0,116.0,1000.55419921875,-4.38181940135786,-3.7913996490447657,1.7133437307203232,3.1798367136171186,2.472621786247168,3.003912506546678,-0.3392415602430185,1.830271464997844,0.2097675884456657,2.5002641287197003
33.0,116.0,1000.55419921875,-4.38181940135786,-3.7913996490447657,1.7133438418106612,3.179836872518181,2.4726217861634487,3.003906369438704,-0.3392419121307164,1.830271457628925,0.2097675884456657,2.5002641287197003
33.0,116.0,1000.55419921875,-4.38181940135786,-3.7913996490447657,1.7133438418106612,3.179839440413869,2.4726217861634487,3.0039067150761003,-0.3392419226970875,1.8302718432308205,0.2097675884456657,2.5002641287197003
33.0,116.0,1000.55419921875,-4.38181940135786,-3.7913996490447657,1.7133438418106612,3.179839269708152,2.472621786163434,3.0039068124307424,-0.3392419226970875,1.8302714654466603,0.2097675884456657,2.5002641287197003
33.0,116.0,1000.55419921875,-4.38181940135786,-3.7913996490447657,1.7133438418106612,3.179839269708152,2.4726217861636064,3.003912506546678,-0.3392419226970875,1.8302718507172928,0.2097675884456657,2.5002641287197003
33.0,116.0,1000.55419921875,-4.38181940135786,-3.7913994043005017,1.7133438418106612,3.1798393914325103,2.4726217861634487,3.0039120129794763,-0.3392419156984756,1.8302714616746008,0.2097675884456657,2.5002641287197003
33.0,116.0,1000.55419921875,-4.38181940135786,-3.7913987215223273,1.7133438589500667,3.179839288726157,2.472621786245816,3.003912462873347,-0.3392415602430185,1.8302718505997395,0.2097675884456657,2.5002641287197003
33.0,116.0,1000.55419921875,-4.38181940135786,-3.7913996490447657,1.7133438418106612,3.179839440413869,2.4726217861634487,3.0039067150761003,-0.3392419168058419,1.8302718432308205,0.2097675884456657,2.5002641287197003
33.0,116.0,1000.55419921875,-4.38181940135786,-3.791398818583063,1.7133447996399984,3.179839270729686,2.4726217861648534,3.003912506546678,-0.3392415609063802,1.8302718505997564,0.2097675884456657,2.5002641287197003
33.0,116.0,1000.55419921875,-4.38181940135786,-3.7913996490447657,1.7133438418106612,3.179836872518181,2.4726217861634487,3.003906369438704,-0.3392419121307164,1.830271457628925,0.2097675884456657,2.5002641287197003
33.0,116.0,1000.55419921875,-4.38181940135786,-3.791398763623884,1.7133448092616914,3.179839298787732,2.472621786247168,3.003912506546678,-0.3392419260523692,1.830271850636707,0.2097675884456657,2.5002641287197003
33.0,116.0,1000.55419921875,-4.38181940135786,-3.7913996490447657,1.7133446774649954,3.1798367136171186,2.472621786247168,3.003912506546678,-0.3392346449916025,1.830271464997844,0.2097675884456657,2.5002641287197003
33.0,116.0,1000.55419921875,-4.38181940135786,-3.7913996449891263,1.7133438418106612,3.179836750793822,2.4726217861634487,3.00390686682397,-0.339241556600164,1.830271848725719,0.20976754401663,2.50026411119348
33.0,116.0,1000.55419921875,-4.38181940135786,-3.791398721541617,1.7133437307203232,3.1798392815128063,2.472621786247168,3.003912506546678,-0.3392415602430185,1.8302718505997395,0.2097675884456657,2.5002641287197003
33.0,116.0,1000.55419921875,-4.38181940135786,-3.791399811952637,1.7133394509027566,3.1798376761734106,2.472621786163805,3.003912506546678,-0.3392419218110618,1.8302718512495748,0.2097667293803109,2.5002641287197003
33.0,116.0,1000.55419921875,-4.38181940135786,-3.7913996490447657,1.7133438418106612,3.179836872518181,2.4726217861634487,3.003906369438704,-0.3392419122271174,1.830271457628925,0.2097675884456657,2.5002641287197003
33.0,116.0,1000.55419921875,-4.38181940135786,-3.7913996490447657,1.7133438418106612,3.179836872518181,2.4726217861634487,3.003906369438704,-0.3392415579260182,1.830271457628925,0.2097675884456657,2.5002641287197003
33.0,116.0,1000.55419921875,-4.38181940135786,-3.7913994043005017,1.7133438418106612,3.1798393914325103,2.4726217861634487,3.0039120129794763,-0.3392419157507904,1.83027185068371,0.2097675884456657,2.5002641287197003
33.0,116.0,1000.55419921875,-4.38181940135786,-3.7913996490447657,1.7133437199801749,3.179839270729686,2.4726217862506554,3.003912506546678,-0.3392415609063802,1.8302718505972195,0.2097675884456657,2.5002641287197003
33.0,116.0,1000.55419921875,-4.38181940135786,-3.79139886739706,1.713344845583952,3.179839261034317,2.4726217862546376,3.003912506546678,-0.3392415932058903,1.8302718505997395,0.2097675884456657,2.5002641287197003
33.0,116.0,1000.55419921875,-4.38181940135786,-3.7913996490447657,1.713345186439946,3.179839269708152,2.472621786149781,3.003912506546678,-0.3392419226970875,1.8302718527713948,0.2097675884456657,2.5002641287197003
33.0,116.0,1000.55419921875,-4.38181940135786,-3.7913996490447657,1.7133438418106612,3.1798392816225465,2.4726217861634487,3.003912506546678,-0.3392419226970875,1.8302718527713948,0.2097675884456657,2.5002641287197003
33.0,116.0,1000.55419921875,-4.38181940135786,-3.7913996490447657,1.7133438418106612,3.179836872518181,2.4726217861634434,3.0039067150761003,-0.3392419226006865,1.830271457628925,0.2097675884456657,2.5002641287197003
33.0,116.0,1000.55419921875,-4.38181940135786,-3.791398866584024,1.7133449159709722,3.179839292913373,2.472621786247168,3.003912506546678,-0.3392415605895997,1.830271850636707,0.2097675884456657,2.5002641287197003
33.0,116.0,1000.55419921875,-4.38181940135786,-3.7913996490447657,1.7133438418106612,3.17983701333922,2.4726217861634487,3.0039067150761003,-0.3392419231562734,1.830271457628925,0.2097675884456657,2.5002641287197003
33.0,116.0,1000.55419921875,-4.38181940135786,-3.791398721541617,1.7133437234014082,3.1798392815128063,2.472621786247168,3.003912506546678,-0.3392419144477167,1.8302718505997395,0.2097675884456657,2.5002641287197003
33.0,117.0,1000.55322265625,-4.38181940135786,-3.7913996490447657,1.7133438418090714,3.179839269708152,2.4726217861634487,3.003912506546678,-0.3392419335486975,1.8158244564658697,0.2097675884456657,2.5002641287197003
33.0,117.0,1000.55322265625,-4.38181940135786,-3.7913996490447657,1.7133438418090714,3.179839261887807,2.472621786253401,3.003912506546678,-0.3392419335486975,1.8158244564658697,0.2097675884456657,2.5002641287197003
33.0,117.0,1000.55322265625,-4.38181940135786,-3.7913996490447657,1.7133438418090714,3.1798392697351856,2.47262178616319,3.003912506546678,-0.3392419327886199,1.8158244564658697,0.2097675884456657,2.5002641287197003
33.0,117.0,1000.5532836914062,-4.38181940135786,-3.791398721541617,1.7133438397267509,3.1798392815128063,2.472621786247168,3.0039139244921453,-0.3392415774546294,1.81535247600749,0.2097675884456657,2.5002641287197003
33.0,117.0,1000.5532836914062,-4.38181940135786,-3.791398721541617,1.7133452333820276,3.17983927043258,2.472621786247168,3.0039137846377653,-0.3392419184116345,1.8153956335752333,0.2097675884456657,2.5002641287197003
33.0,117.0,1000.5532836914062,-4.38181940135786,-3.791398746398952,1.7133394509027566,3.1798392084764444,2.472621786163805,3.003912506546678,-0.3392419200501116,1.8153088831883348,0.2097667293803109,2.5002641287197003
33.0,117.0,1000.5532836914062,-4.38181940135786,-3.791398721541617,1.7133452333820276,3.1798392704055454,2.4726217862474265,3.0039137846377653,-0.3392419191717121,1.8153956335752333,0.2097675884456657,2.5002641287197003
33.0,117.0,1000.5535278320312,-4.38181940135786,-3.791398721541617,1.7133438397283407,3.1798392815128063,2.472621786247168,3.0039139244921453,-0.3392415666030193,1.8297998723130149,0.2097675884456657,2.5002641287197003
33.0,117.0,1000.5535278320312,-4.38181940135786,-3.791399400244862,1.7133438418106612,3.179839269938636,2.472621786164284,3.003912164727346,-0.3392415682017438,1.829798720858613,0.20976754401663,2.500264108471678
33.0,117.0,1000.5538940429688,-4.38181940135786,-3.791399631145396,1.713344845583952,3.179839262162955,2.4726217862546376,3.003912506546678,-0.3392419210536933,1.819265675013764,0.2097675884456657,2.5002641287197003
33.0,117.0,1000.553955078125,-4.38181940135786,-3.7913996490447657,1.713343858594896,3.179839269962577,2.472621786149781,3.003912506546678,-0.3392419226970875,1.830108810230293,0.2097675884456657,2.5002641287197003
33.0,117.0,1000.553955078125,-4.38181940135786,-3.7913996490447657,1.7133438418106612,3.179839269723982,2.4726217861636064,3.003912506546678,-0.3392419226970875,1.830107550041321,0.2097675884456657,2.5002641287197003
33.0,117.0,1000.55419921875,-4.38181940135786,-3.7913996490447657,1.7133438418106612,3.179839269708152,2.4726217861634487,3.003912506546678,-0.3392419226970875,1.8302718527713948,0.2097675884456657,2.5002641287197003
33.0,117.0,1000.55419921875,-4.38181940135786,-3.7913996490447657,1.7133438418106612,3.179836872518181,2.4726217861634487,3.0039067150761003,-0.3392419226970875,1.830271457628925,0.2097675884456657,2.5002641287197003
33.0,117.0,1000.55419921875,-4.38181940135786,-3.7913996490447657,1.713345186439946,3.179839269708152,2.472621786149781,3.003912506546678,-0.3392419226970875,1.8302718527713948,0.2097675884456657,2.5002641287197003
33.0,117.0,1000.55419921875,-4.38181940135786,-3.7913996490447657,1.7133438418106612,3.179835708625155,2.4726217861634487,3.0039067150761003,-0.3392420536054461,1.830271457628925,0.2097675884456657,2.5002641287197003
33.0,117.0,1000.55419921875,-4.38181940135786,-3.7913996490447657,1.7133437307203232,3.1798392815128063,2.472621786247168,3.003912506546678,-0.3392415602430185,1.8302718505997395,0.2097675884456657,2.5002641287197003
33.0,117.0,1000.55419921875,-4.38181940135786,-3.7913996490447657,1.7133438418106612,3.179836872518181,2.4726217861634487,3.003906369438704,-0.3392419121307164,1.830271457628925,0.2097675884456657,2.5002641287197003
33.0,117.0,1000.55419921875,-4.38181940135786,-3.7913996490447657,1.7133437233969289,3.1798392815128063,2.472621786247168,3.003912506546678,-0.3392415609063802,1.8302718505997395,0.2097675884456657,2.5002641287197003
33.0,117.0,1000.55419921875,-4.38181940135786,-3.7913996490447657,1.713340495182897,3.179797356084461,2.472621786149781,3.003906536341034,-0.3392419226970875,1.8302718534130689,0.2097675884456657,2.500264208296925
33.0,117.0,1000.55419921875,-4.38181940135786,-3.791398721541617,1.7133437307203232,3.1798392815128063,2.472621786247168,3.003912506546678,-0.3392415602430185,1.8302718505997395,0.2097675884456657,2.5002641287197003
33.0,117.0,1000.55419921875,-4.38181940135786,-3.7913996490447657,1.7133438418106612,3.179839269708152,2.4726217861636064,3.003912506546678,-0.3392419226970875,1.8302718507172928,0.2097675884456657,2.5002641287197003
33.0,117.0,1000.55419921875,-4.38181940135786,-3.7913996490447657,1.7133438418106612,3.179839269708152,2.4726217861634487,3.003912506546678,-0.3392419226970875,1.8302718527713948,0.2097675884456657,2.5002641287197003
33.0,117.0,1000.55419921875,-4.38181940135786,-3.791398837581347,1.7133448092616914,3.179839292913373,2.472621786247168,3.003912506546678,-0.3392415911609541,1.8302718505997395,0.2097675884456657,2.5002641287197003
33.0,117.0,1000.55419921875,-4.38181940135786,-3.7913996490447657,1.713345186439946,3.179839269708152,2.472621786163805,3.003912506546678,-0.3392419125419879,1.8302718527713948,0.2097675884456657,2.5002641287197003
33.0,117.0,1000.55419921875,-4.38181940135786,-3.7913996490447657,1.7133438418106612,3.179836872518181,2.4726217861634434,3.0039067150761003,-0.3392419226970875,1.830271457628925,0.2097675884456657,2.5002641287197003
33.0,117.0,1000.55419921875,-4.38181940135786,-3.791398721541617,1.7133437234014082,3.1798392815128063,2.472621786247168,3.003912506546678,-0.3392415602430185,1.8302718505997395,0.2097675884456657,2.5002641287197003
33.0,117.0,1000.55419921875,-4.38181940135786,-3.791398837581347,1.7133448092616914,3.179839292913373,2.472621786247168,3.003912506546678,-0.3392419260523692,1.830271850636707,0.2097675884456657,2.5002641287197003
33.0,117.0,1000.55419921875,-4.38181940135786,-3.791399400244862,1.7133438418106612,3.179839269708152,2.4726217861634487,3.003912164727346,-0.339241549601552,1.8302718527713948,0.20976754401663,2.50026411119348
33.0,117.0,1000.55419921875,-4.38181940135786,-3.7913996490447657,1.7133437199801749,3.179839270729686,2.4726217861648534,3.003912506546678,-0.3392415609063802,1.8302718505972195,0.2097675884456657,2.5002641287197003
33.0,117.0,1000.55419921875,-4.38181940135786,-3.7913996490447657,1.7133437307203232,3.1798367136171186,2.472621786247168,3.003912506546678,-0.3392415602430185,1.830271464997844,0.2097675884456657,2.5002641287197003
33.0,117.0,1000.55419921875,-4.38181940135786,-3.7913996490447657,1.7133438418106612,3.179836872518181,2.4726217861634487,3.003906369438704,-0.3392419121307164,1.830271457628925,0.2097675884456657,2.5002641287197003
33.0,117.0,1000.55419921875,-4.38181940135786,-3.7913996490447657,1.7133438418106612,3.179839440413869,2.4726217861634487,3.0039067150761003,-0.3392419226970875,1.8302718432308205,0.2097675884456657,2.5002641287197003
33.0,117.0,1000.55419921875,-4.38181940135786,-3.7913996490447657,1.7133438418106612,3.179839269708152,2.472621786163434,3.0039068124307424,-0.3392419226970875,1.8302714654466603,0.2097675884456657,2.5002641287197003
33.0,117.0,1000.55419921875,-4.38181940135786,-3.7913996490447657,1.7133438418106612,3.179839269708152,2.4726217861636064,3.003912506546678,-0.3392419226970875,1.8302718507172928,0.2097675884456657,2.5002641287197003
33.0,117.0,1000.55419921875,-4.38181940135786,-3.7913994043005017,1.7133438418106612,3.1798393914325103,2.4726217861634487,3.0039120129794763,-0.3392419156984756,1.8302714616746008,0.2097675884456657,2.5002641287197003
33.0,117.0,1000.55419921875,-4.38181940135786,-3.7913987215223273,1.7133438589500667,3.179839288726157,2.472621786245816,3.003912462873347,-0.3392415602430185,1.8302718505997395,0.2097675884456657,2.5002641287197003
33.0,117.0,1000.55419921875,-4.38181940135786,-3.7913996490447657,1.7133438418106612,3.179839440413869,2.4726217861634487,3.0039067150761003,-0.3392419168058419,1.8302718432308205,0.2097675884456657,2.5002641287197003
33.0,117.0,1000.55419921875,-4.38181940135786,-3.791398818583063,1.7133447996399984,3.179839270729686,2.4726217861648534,3.003912506546678,-0.3392415609063802,1.8302718505997564,0.2097675884456657,2.5002641287197003
33.0,117.0,1000.55419921875,-4.38181940135786,-3.7913996490447657,1.7133438418106612,3.179836872518181,2.4726217861634487,3.003906369438704,-0.3392419121307164,1.830271457628925,0.2097675884456657,2.5002641287197003
33.0,117.0,1000.55419921875,-4.38181940135786,-3.791398763623884,1.7133448092616914,3.179839298787732,2.472621786247168,3.003912506546678,-0.3392419260523692,1.830271850636707,0.2097675884456657,2.5002641287197003
33.0,117.0,1000.55419921875,-4.38181940135786,-3.7913996490447657,1.7133446774649954,3.1798367136171186,2.472621786247168,3.003912506546678,-0.3392346449916025,1.830271464997844,0.2097675884456657,2.5002641287197003
33.0,117.0,1000.55419921875,-4.38181940135786,-3.7913996449891263,1.7133438418106612,3.179836750793822,2.4726217861634487,3.00390686682397,-0.339241556600164,1.830271848725719,0.20976754401663,2.50026411119348
33.0,117.0,1000.55419921875,-4.38181940135786,-3.791398721541617,1.7133437307203232,3.1798392815128063,2.472621786247168,3.003912506546678,-0.3392415602430185,1.8302718505997395,0.2097675884456657,2.5002641287197003
33.0,117.0,1000.55419921875,-4.38181940135786,-3.791399811952637,1.7133394509027566,3.1798376761734106,2.472621786163805,3.003912506546678,-0.3392419218110618,1.8302718512495748,0.2097667293803109,2.5002641287197003
33.0,117.0,1000.55419921875,-4.38181940135786,-3.7913996490447657,1.7133438418106612,3.179836872518181,2.4726217861634487,3.003906369438704,-0.3392419122271174,1.830271457628925,0.2097675884456657,2.5002641287197003
33.0,117.0,1000.55419921875,-4.38181940135786,-3.7913996490447657,1.7133438418106612,3.179836872518181,2.4726217861634487,3.003906369438704,-0.3392415579260182,1.830271457628925,0.2097675884456657,2.5002641287197003
33.0,117.0,1000.55419921875,-4.38181940135786,-3.7913994043005017,1.7133438418106612,3.1798393914325103,2.4726217861634487,3.0039120129794763,-0.3392419157507904,1.83027185068371,0.2097675884456657,2.5002641287197003
33.0,117.0,1000.55419921875,-4.38181940135786,-3.7913996490447657,1.7133437199801749,3.179839270729686,2.4726217862506554,3.003912506546678,-0.3392415609063802,1.8302718505972195,0.2097675884456657,2.5002641287197003
33.0,117.0,1000.55419921875,-4.38181940135786,-3.79139886739706,1.713344845583952,3.179839261034317,2.4726217862546376,3.003912506546678,-0.3392415932058903,1.8302718505997395,0.2097675884456657,2.5002641287197003
33.0,118.0,1000.5526733398438,-4.38181940135786,-3.791399640568671,1.7133438437938382,3.179839269754114,2.4726217861634487,3.003912506546678,-0.3392419335486975,1.8167271512394527,0.2097675884456657,2.5002641287197003
33.0,118.0,1000.5528564453124,-4.38181940135786,-3.7913996490447657,1.713343841715833,3.179839269708152,2.4726217861645603,3.003912506546678,-0.3392419332019666,1.816552759884395,0.2097675884456657,2.5002641287197003
33.0,118.0,1000.5529174804688,-4.38181940135786,-3.7913996490447657,1.7133438418090714,3.179839269938968,2.47262178616319,3.003912506546678,-0.3392419327886199,1.8289641398560168,0.2097675447824608,2.5002641287197003
33.0,118.0,1000.5531005859376,-4.38181940135786,-3.7913988270591577,1.7133447976552316,3.179839270683724,2.4726217861648534,3.003912506546678,-0.3392415609063802,1.8293691558261729,0.2097675884456657,2.5002641287197003
33.0,118.0,1000.55322265625,-4.38181940135786,-3.7913996490447657,1.7133438418090714,3.179839269708152,2.4726217861634487,3.003912506546678,-0.3392419335486975,1.8158244564658697,0.2097675884456657,2.5002641287197003
33.0,118.0,1000.55322265625,-4.38181940135786,-3.7913996490447657,1.7133438418090714,3.179839261887807,2.472621786253401,3.003912506546678,-0.3392419335486975,1.8158244564658697,0.2097675884456657,2.5002641287197003
33.0,118.0,1000.55322265625,-4.38181940135786,-3.7913996490447657,1.7133438418090714,3.1798392697351856,2.47262178616319,3.003912506546678,-0.3392419327886199,1.8158244564658697,0.2097675884456657,2.5002641287197003
33.0,118.0,1000.55322265625,-4.38181940135786,-3.7913996490447657,1.7133438418090714,3.1798392813328964,2.472621786253401,3.003912506546678,-0.3392419335486975,1.8158244564658697,0.2097675884456657,2.5002641287197003
33.0,118.0,1000.5532836914062,-4.38181940135786,-3.791398721541617,1.7133438397267509,3.1798392815128063,2.472621786247168,3.0039139244921453,-0.3392415774546294,1.81535247600749,0.2097675884456657,2.5002641287197003
33.0,118.0,1000.5532836914062,-4.38181940135786,-3.791398721541617,1.7133452333820276,3.17983927043258,2.472621786247168,3.0039137846377653,-0.3392419184116345,1.8153956335752333,0.2097675884456657,2.5002641287197003
33.0,118.0,1000.5532836914062,-4.38181940135786,-3.791398746398952,1.7133394509027566,3.1798392084764444,2.472621786163805,3.003912506546678,-0.3392419200501116,1.8153088831883348,0.2097667293803109,2.5002641287197003
33.0,118.0,1000.5532836914062,-4.38181940135786,-3.791398721541617,1.7133452333820276,3.1798392704055454,2.4726217862474265,3.0039137846377653,-0.3392419191717121,1.8153956335752333,0.2097675884456657,2.5002641287197003
33.0,118.0,1000.5532836914062,-4.38181940135786,-3.791398721541617,1.7133452333820276,3.17983927043258,2.472621786247168,3.0039137846377653,-0.3392419184116345,1.8153956335752333,0.2097675884456657,2.5002641287197003
33.0,118.0,1000.5532836914062,-4.38181940135786,-3.791398721541617,1.713343717386291,3.1798392704055454,2.4726217862474265,3.0039137846377653,-0.3392419210709711,1.8153956335752333,0.2097675884456657,2.5002641287197003
33.0,118.0,1000.5532836914062,-4.38181940135786,-3.7913996490447657,1.7133438418106612,3.179839440413869,2.4726217861634487,3.0039067150761003,-0.3392419172154921,1.8153348704668644,0.2097675884456657,2.5002641287197003
33.0,118.0,1000.5532836914062,-4.38181940135786,-3.791398746398952,1.7133446576839566,3.179839208487772,2.4726217861631863,3.003912506546678,-0.3392419200501116,1.815190228174992,0.2097667293803109,2.5002641287197003
33.0,118.0,1000.5532836914062,-4.38181940135786,-3.791398746398952,1.7133394509027566,3.1798392084764444,2.472621786163805,3.0039137173872086,-0.3392419200501116,1.8153088831883348,0.2097667353869046,2.5002641287197003
33.0,118.0,1000.5535278320312,-4.38181940135786,-3.791398721541617,1.7133438397283407,3.1798392815128063,2.472621786247168,3.0039139244921453,-0.3392415666030193,1.8297998723130149,0.2097675884456657,2.5002641287197003
33.0,118.0,1000.5535278320312,-4.38181940135786,-3.791399400244862,1.7133438418106612,3.179839269938636,2.472621786164284,3.003912164727346,-0.3392415682017438,1.829798720858613,0.20976754401663,2.500264108471678
33.0,118.0,1000.5537719726562,-4.38181940135786,-3.791399649526298,1.713344845583952,3.179839262162955,2.472621786141388,3.003912506546678,-0.339241922530637,1.8192249360756312,0.2097675884456657,2.5002641287197003
33.0,118.0,1000.5538940429688,-4.38181940135786,-3.791399631145396,1.713344845583952,3.179839262162955,2.4726217862546376,3.003912506546678,-0.3392419210536933,1.819265675013764,0.2097675884456657,2.5002641287197003
33.0,118.0,1000.553955078125,-4.38181940135786,-3.7913996490447657,1.713343858594896,3.179839269962577,2.472621786149781,3.003912506546678,-0.3392419226970875,1.830108810230293,0.2097675884456657,2.5002641287197003
33.0,118.0,1000.553955078125,-4.38181940135786,-3.7913996490447657,1.7133438418106612,3.179839269723982,2.4726217861636064,3.003912506546678,-0.3392419226970875,1.830107550041321,0.2097675884456657,2.5002641287197003
33.0,118.0,1000.553955078125,-4.38181940135786,-3.79139874153904,1.7133438589352448,3.17983928900243,2.472621786149781,3.003912506546678,-0.3392415727899597,1.830108810230293,0.2097675884456657,2.5002641287197003
33.0,118.0,1000.55419921875,-4.38181940135786,-3.7913996490447657,1.7133438418106612,3.179839269708152,2.4726217861634487,3.003912506546678,-0.3392419226970875,1.8302718527713948,0.2097675884456657,2.5002641287197003
33.0,118.0,1000.55419921875,-4.38181940135786,-3.7913996490447657,1.7133438418106612,3.179836872518181,2.4726217861634487,3.0039067150761003,-0.3392419226970875,1.830271457628925,0.2097675884456657,2.5002641287197003
33.0,118.0,1000.55419921875,-4.38181940135786,-3.7913996490447657,1.713345186439946,3.179839269708152,2.472621786149781,3.003912506546678,-0.3392419226970875,1.8302718527713948,0.2097675884456657,2.5002641287197003
33.0,118.0,1000.55419921875,-4.38181940135786,-3.7913996490447657,1.7133438418106612,3.179835708625155,2.4726217861634487,3.0039067150761003,-0.3392420536054461,1.830271457628925,0.2097675884456657,2.5002641287197003
33.0,118.0,1000.55419921875,-4.38181940135786,-3.7913996490447657,1.7133437307203232,3.1798392815128063,2.472621786247168,3.003912506546678,-0.3392415602430185,1.8302718505997395,0.2097675884456657,2.5002641287197003
33.0,118.0,1000.55419921875,-4.38181940135786,-3.7913996490447657,1.7133438418106612,3.179836872518181,2.4726217861634487,3.003906369438704,-0.3392419121307164,1.830271457628925,0.2097675884456657,2.5002641287197003
33.0,118.0,1000.55419921875,-4.38181940135786,-3.7913996490447657,1.7133437233969289,3.1798392815128063,2.472621786247168,3.003912506546678,-0.3392415609063802,1.8302718505997395,0.2097675884456657,2.5002641287197003
33.0,118.0,1000.55419921875,-4.38181940135786,-3.7913996490447657,1.713340495182897,3.179797356084461,2.472621786149781,3.003906536341034,-0.3392419226970875,1.8302718534130689,0.2097675884456657,2.500264208296925
33.0,118.0,1000.55419921875,-4.38181940135786,-3.791398721541617,1.7133437307203232,3.1798392815128063,2.472621786247168,3.003912506546678,-0.3392415602430185,1.8302718505997395,0.2097675884456657,2.5002641287197003
33.0,118.0,1000.55419921875,-4.38181940135786,-3.7913996490447657,1.7133438418106612,3.179839269708152,2.4726217861636064,3.003912506546678,-0.3392419226970875,1.8302718507172928,0.2097675884456657,2.5002641287197003
33.0,118.0,1000.55419921875,-4.38181940135786,-3.7913996490447657,1.7133438418106612,3.179839269708152,2.4726217861634487,3.003912506546678,-0.3392419226970875,1.8302718527713948,0.2097675884456657,2.5002641287197003
33.0,118.0,1000.55419921875,-4.38181940135786,-3.791398837581347,1.7133448092616914,3.179839292913373,2.472621786247168,3.003912506546678,-0.3392415911609541,1.8302718505997395,0.2097675884456657,2.5002641287197003
33.0,118.0,1000.55419921875,-4.38181940135786,-3.7913996490447657,1.713345186439946,3.179839269708152,2.472621786163805,3.003912506546678,-0.3392419125419879,1.8302718527713948,0.2097675884456657,2.5002641287197003
33.0,118.0,1000.55419921875,-4.38181940135786,-3.7913996490447657,1.7133438418106612,3.179836872518181,2.4726217861634434,3.0039067150761003,-0.3392419226970875,1.830271457628925,0.2097675884456657,2.5002641287197003
33.0,118.0,1000.55419921875,-4.38181940135786,-3.791398721541617,1.7133437234014082,3.1798392815128063,2.472621786247168,3.003912506546678,-0.3392415602430185,1.8302718505997395,0.2097675884456657,2.5002641287197003
33.0,118.0,1000.55419921875,-4.38181940135786,-3.791398837581347,1.7133448092616914,3.179839292913373,2.472621786247168,3.003912506546678,-0.3392419260523692,1.830271850636707,0.2097675884456657,2.5002641287197003
33.0,118.0,1000.55419921875,-4.38181940135786,-3.791399400244862,1.7133438418106612,3.179839269708152,2.4726217861634487,3.003912164727346,-0.339241549601552,1.8302718527713948,0.20976754401663,2.50026411119348
33.0,118.0,1000.55419921875,-4.38181940135786,-3.7913996490447657,1.7133437199801749,3.179839270729686,2.4726217861648534,3.003912506546678,-0.3392415609063802,1.8302718505972195,0.2097675884456657,2.5002641287197003
33.0,118.0,1000.55419921875,-4.38181940135786,-3.7913996490447657,1.7133437307203232,3.1798367136171186,2.472621786247168,3.003912506546678,-0.3392415602430185,1.830271464997844,0.2097675884456657,2.5002641287197003
33.0,118.0,1000.55419921875,-4.38181940135786,-3.7913996490447657,1.7133438418106612,3.179836872518181,2.4726217861634487,3.003906369438704,-0.3392419121307164,1.830271457628925,0.2097675884456657,2.5002641287197003
33.0,118.0,1000.55419921875,-4.38181940135786,-3.7913996490447657,1.7133438418106612,3.179839440413869,2.4726217861634487,3.0039067150761003,-0.3392419226970875,1.8302718432308205,0.2097675884456657,2.5002641287197003
33.0,118.0,1000.55419921875,-4.38181940135786,-3.7913996490447657,1.7133438418106612,3.179839269708152,2.472621786163434,3.0039068124307424,-0.3392419226970875,1.8302714654466603,0.2097675884456657,2.5002641287197003
33.0,118.0,1000.55419921875,-4.38181940135786,-3.7913996490447657,1.7133438418106612,3.179839269708152,2.4726217861636064,3.003912506546678,-0.3392419226970875,1.8302718507172928,0.2097675884456657,2.5002641287197003
33.0,118.0,1000.55419921875,-4.38181940135786,-3.7913994043005017,1.7133438418106612,3.1798393914325103,2.4726217861634487,3.0039120129794763,-0.3392419156984756,1.8302714616746008,0.2097675884456657,2.5002641287197003
33.0,118.0,1000.55419921875,-4.38181940135786,-3.7913987215223273,1.7133438589500667,3.179839288726157,2.472621786245816,3.003912462873347,-0.3392415602430185,1.8302718505997395,0.2097675884456657,2.5002641287197003
33.0,118.0,1000.55419921875,-4.38181940135786,-3.7913996490447657,1.7133438418106612,3.179839440413869,2.4726217861634487,3.0039067150761003,-0.3392419168058419,1.8302718432308205,0.2097675884456657,2.5002641287197003
33.0,119.0,1000.552490234375,-4.38181940135786,-3.7913996488512143,1.7133438437938382,3.179839269754114,2.4726217861648974,3.003912506546678,-0.3392419335486975,1.817020284307352,0.2097675884456657,2.5002641287197003
33.0,119.0,1000.5526733398438,-4.38181940135786,-3.791399640568671,1.7133438437938382,3.179839269754114,2.4726217861634487,3.003912506546678,-0.3392419335486975,1.8167271512394527,0.2097675884456657,2.5002641287197003
33.0,119.0,1000.5526733398438,-4.38181940135786,-3.791399645366322,1.7133438437938382,3.1798392706716507,2.4726217861634487,3.003912506546678,-0.3392419335486975,1.8167271512394527,0.2097675884456657,2.5002641287197003
33.0,119.0,1000.5528564453124,-4.38181940135786,-3.7913996490447657,1.713343841715833,3.179839269708152,2.4726217861645603,3.003912506546678,-0.3392419332019666,1.816552759884395,0.2097675884456657,2.5002641287197003
33.0,119.0,1000.5528564453124,-4.38181940135786,-3.7913994043005017,1.7133438418106612,3.1798393914325103,2.4726217861634487,3.0039120188536463,-0.339241920167768,1.8165206891913988,0.2097675884456657,2.5002641287197003
33.0,119.0,1000.5529174804688,-4.38181940135786,-3.7913996490447657,1.7133438418090714,3.179839269938968,2.47262178616319,3.003912506546678,-0.3392419327886199,1.8289641398560168,0.2097675447824608,2.5002641287197003
33.0,119.0,1000.5529174804688,-4.38181940135786,-3.791398746398952,1.7133446576839566,3.179839208487772,2.4726217861631863,3.0039125006725085,-0.3392419155808193,1.8289410006581936,0.2097667293803109,2.5002641287197003
33.0,119.0,1000.5531005859376,-4.38181940135786,-3.7913988270591577,1.7133447976552316,3.179839270683724,2.4726217861648534,3.003912506546678,-0.3392415609063802,1.8293691558261729,0.2097675884456657,2.5002641287197003
33.0,119.0,1000.5531616210938,-4.38181940135786,-3.7913996490447657,1.7133438213336432,3.179839269898308,2.4726217861648103,3.003912506546678,-0.3392419327886199,1.829430497522865,0.2097675447824608,2.5002641287197003
33.0,119.0,1000.55322265625,-4.38181940135786,-3.7913996490447657,1.7133438418090714,3.179839269708152,2.4726217861634487,3.003912506546678,-0.3392419335486975,1.8158244564658697,0.2097675884456657,2.5002641287197003
33.0,119.0,1000.55322265625,-4.38181940135786,-3.7913996490447657,1.7133438418090714,3.179839261887807,2.472621786253401,3.003912506546678,-0.3392419335486975,1.8158244564658697,0.2097675884456657,2.5002641287197003
33.0,119.0,1000.55322265625,-4.38181940135786,-3.7913996490447657,1.7133438418090714,3.1798392697351856,2.47262178616319,3.003912506546678,-0.3392419327886199,1.8158244564658697,0.2097675884456657,2.5002641287197003
33.0,119.0,1000.55322265625,-4.38181940135786,-3.7913996490447657,1.7133438418090714,3.1798392813328964,2.472621786253401,3.003912506546678,-0.3392419335486975,1.8158244564658697,0.2097675884456657,2.5002641287197003
33.0,119.0,1000.55322265625,-4.38181940135786,-3.7913996490447657,1.7133438418090714,3.179839261887807,2.472621786253401,3.003906358901344,-0.3392419335486975,1.8158244564658697,0.2097675884456657,2.5002641287197003
33.0,119.0,1000.55322265625,-4.38181940135786,-3.7913996490447657,1.71334379171992,3.179839269708152,2.472621786163805,3.003912457478307,-0.3392419125419879,1.8159070844027128,0.2097675884456657,2.5002641287197003
33.0,119.0,1000.55322265625,-4.38181940135786,-3.791398721541617,1.713343717386291,3.179839270409927,2.472621786245569,3.0039137846377653,-0.3392419210709711,1.815815680752719,0.2097675884456657,2.5002641287197003
33.0,119.0,1000.5532836914062,-4.38181940135786,-3.791398721541617,1.7133438397267509,3.1798392815128063,2.472621786247168,3.0039139244921453,-0.3392415774546294,1.81535247600749,0.2097675884456657,2.5002641287197003
33.0,119.0,1000.5532836914062,-4.38181940135786,-3.791398721541617,1.7133452333820276,3.17983927043258,2.472621786247168,3.0039137846377653,-0.3392419184116345,1.8153956335752333,0.2097675884456657,2.5002641287197003
33.0,119.0,1000.5532836914062,-4.38181940135786,-3.791398746398952,1.7133394509027566,3.1798392084764444,2.472621786163805,3.003912506546678,-0.3392419200501116,1.8153088831883348,0.2097667293803109,2.5002641287197003
33.0,119.0,1000.5532836914062,-4.38181940135786,-3.791398721541617,1.7133452333820276,3.1798392704055454,2.4726217862474265,3.0039137846377653,-0.3392419191717121,1.8153956335752333,0.2097675884456657,2.5002641287197003
33.0,119.0,1000.5532836914062,-4.38181940135786,-3.791398721541617,1.7133452333820276,3.17983927043258,2.472621786247168,3.0039137846377653,-0.3392419184116345,1.8153956335752333,0.2097675884456657,2.5002641287197003
33.0,119.0,1000.5532836914062,-4.38181940135786,-3.791398721541617,1.713343717386291,3.1798392704055454,2.4726217862474265,3.0039137846377653,-0.3392419210709711,1.8153956335752333,0.2097675884456657,2.5002641287197003
33.0,119.0,1000.5532836914062,-4.38181940135786,-3.7913996490447657,1.7133438418106612,3.179839440413869,2.4726217861634487,3.0039067150761003,-0.3392419172154921,1.8153348704668644,0.2097675884456657,2.5002641287197003
33.0,119.0,1000.5532836914062,-4.38181940135786,-3.791398746398952,1.7133446576839566,3.179839208487772,2.4726217861631863,3.003912506546678,-0.3392419200501116,1.815190228174992,0.2097667293803109,2.5002641287197003
33.0,119.0,1000.5532836914062,-4.38181940135786,-3.791398746398952,1.7133394509027566,3.1798392084764444,2.472621786163805,3.0039137173872086,-0.3392419200501116,1.8153088831883348,0.2097667353869046,2.5002641287197003
33.0,119.0,1000.5532836914062,-4.38181940135786,-3.791398746398952,1.7133394509027566,3.1798392369218327,2.472621786163439,3.0039137173872086,-0.3392419200501116,1.8153088831883348,0.2097667353869046,2.5002641287197003
33.0,119.0,1000.5532836914062,-4.38181940135786,-3.7913996490447657,1.7133438418091085,3.17983926970918,2.47262178616319,3.003912506546678,-0.3392419327886199,1.8146843890633133,0.2097675884456657,2.5002641287197003
33.0,119.0,1000.5532836914062,-4.38181940135786,-3.7913996490447657,1.7133438418106612,3.17983941196848,2.4726217861638147,3.0039067150761003,-0.3392419172154921,1.8153348704668644,0.2097675884456657,2.5002641287197003
33.0,119.0,1000.5532836914062,-4.38181940135786,-3.791398721541617,1.7133452333820276,3.1798392704055454,2.4726217862474265,3.0039137846377653,-0.3392419191717121,1.8153956335752333,0.2097675884456657,2.5002641287197003
33.0,119.0,1000.5535278320312,-4.38181940135786,-3.791398721541617,1.7133438397283407,3.1798392815128063,2.472621786247168,3.0039139244921453,-0.3392415666030193,1.8297998723130149,0.2097675884456657,2.5002641287197003
33.0,119.0,1000.5535278320312,-4.38181940135786,-3.791399400244862,1.7133438418106612,3.179839269938636,2.472621786164284,3.003912164727346,-0.3392415682017438,1.829798720858613,0.20976754401663,2.500264108471678
33.0,119.0,1000.5535278320312,-4.38181940135786,-3.791398721541617,1.7133438397283407,3.1798392815128063,2.472621786247168,3.0039139244921453,-0.3392415666030193,1.8297998723130149,0.2097675884456657,2.5002641287197003
33.0,119.0,1000.5535888671876,-4.38181940135786,-3.791398746407906,1.7133437234014082,3.1798392788443897,2.472621786247168,3.003912506546678,-0.3392419218727318,1.82986495085003,0.2097675884456657,2.5002641287197003
33.0,119.0,1000.5537719726562,-4.38181940135786,-3.791399649526298,1.713344845583952,3.179839262162955,2.472621786141388,3.003912506546678,-0.339241922530637,1.8192249360756312,0.2097675884456657,2.5002641287197003
33.0,119.0,1000.5537719726562,-4.38181940135786,-3.791399640762223,1.7133437307203232,3.1798367136171186,2.472621786245719,3.003912506546678,-0.3392415602430185,1.8299783319299447,0.2097675884456657,2.5002641287197003
33.0,119.0,1000.5538940429688,-4.38181940135786,-3.791399631145396,1.713344845583952,3.179839262162955,2.4726217862546376,3.003912506546678,-0.3392419210536933,1.819265675013764,0.2097675884456657,2.5002641287197003
33.0,119.0,1000.5538940429688,-4.38181940135786,-3.791399631145396,1.713344845583952,3.179839262162955,2.4726217862546376,3.003912506546678,-0.3392419210536933,1.819265675013764,0.2097675884456657,2.5002641287197003
33.0,119.0,1000.5538940429688,-4.38181940135786,-3.7913996490447657,1.7133438418089086,3.179839269708152,2.4726217861645603,3.003912506546678,-0.3392419332019666,1.8300727344950016,0.2097675884456657,2.5002641287197003
33.0,119.0,1000.553955078125,-4.38181940135786,-3.7913996490447657,1.713343858594896,3.179839269962577,2.472621786149781,3.003912506546678,-0.3392419226970875,1.830108810230293,0.2097675884456657,2.5002641287197003
33.0,119.0,1000.553955078125,-4.38181940135786,-3.7913996490447657,1.7133438418106612,3.179839269723982,2.4726217861636064,3.003912506546678,-0.3392419226970875,1.830107550041321,0.2097675884456657,2.5002641287197003
33.0,119.0,1000.553955078125,-4.38181940135786,-3.79139874153904,1.7133438589352448,3.17983928900243,2.472621786149781,3.003912506546678,-0.3392415727899597,1.830108810230293,0.2097675884456657,2.5002641287197003
33.0,119.0,1000.553955078125,-4.38181940135786,-3.7913996490447657,1.713343858594896,3.179839269962577,2.472621786149781,3.003912506546678,-0.3392419226970875,1.830108810230293,0.2097675884456657,2.5002641287197003
33.0,119.0,1000.5541381835938,-4.38181940135786,-3.7913988270507866,1.7133448092616914,3.179839292913373,2.472621786247168,3.00391378087,-0.339241578244279,1.8302243603087367,0.2097675884456657,2.5002641287197003
33.0,119.0,1000.55419921875,-4.38181940135786,-3.7913996490447657,1.7133438418106612,3.179839269708152,2.4726217861634487,3.003912506546678,-0.3392419226970875,1.8302718527713948,0.2097675884456657,2.5002641287197003
33.0,119.0,1000.55419921875,-4.38181940135786,-3.7913996490447657,1.7133438418106612,3.179836872518181,2.4726217861634487,3.0039067150761003,-0.3392419226970875,1.830271457628925,0.2097675884456657,2.5002641287197003
33.0,119.0,1000.55419921875,-4.38181940135786,-3.7913996490447657,1.713345186439946,3.179839269708152,2.472621786149781,3.003912506546678,-0.3392419226970875,1.8302718527713948,0.2097675884456657,2.5002641287197003
33.0,119.0,1000.55419921875,-4.38181940135786,-3.7913996490447657,1.7133438418106612,3.179835708625155,2.4726217861634487,3.0039067150761003,-0.3392420536054461,1.830271457628925,0.2097675884456657,2.5002641287197003
33.0,119.0,1000.55419921875,-4.38181940135786,-3.7913996490447657,1.7133437307203232,3.1798392815128063,2.472621786247168,3.003912506546678,-0.3392415602430185,1.8302718505997395,0.2097675884456657,2.5002641287197003
33.0,119.0,1000.55419921875,-4.38181940135786,-3.7913996490447657,1.7133438418106612,3.179836872518181,2.4726217861634487,3.003906369438704,-0.3392419121307164,1.830271457628925,0.2097675884456657,2.5002641287197003
33.0,119.0,1000.55419921875,-4.38181940135786,-3.7913996490447657,1.7133437233969289,3.1798392815128063,2.472621786247168,3.003912506546678,-0.3392415609063802,1.8302718505997395,0.2097675884456657,2.5002641287197003
33.0,120.0,1000.552490234375,-4.38181940135786,-3.7913996488512143,1.7133438437938382,3.179839269754114,2.4726217861648974,3.003912506546678,-0.3392419335486975,1.817020284307352,0.2097675884456657,2.5002641287197003
33.0,120.0,1000.5526733398438,-4.38181940135786,-3.791399640568671,1.7133438437938382,3.179839269754114,2.4726217861634487,3.003912506546678,-0.3392419335486975,1.8167271512394527,0.2097675884456657,2.5002641287197003
33.0,120.0,1000.5526733398438,-4.38181940135786,-3.791399645366322,1.7133438437938382,3.1798392706716507,2.4726217861634487,3.003912506546678,-0.3392419335486975,1.8167271512394527,0.2097675884456657,2.5002641287197003
33.0,120.0,1000.5526733398438,-4.38181940135786,-3.791399649053053,1.7133438417567142,3.1798392706716507,2.4726217861634487,3.003912506546678,-0.3392419335486975,1.8167271512394527,0.2097675884456657,2.5002641287197003
33.0,120.0,1000.5528564453124,-4.38181940135786,-3.7913996490447657,1.713343841715833,3.179839269708152,2.4726217861645603,3.003912506546678,-0.3392419332019666,1.816552759884395,0.2097675884456657,2.5002641287197003
33.0,120.0,1000.5528564453124,-4.38181940135786,-3.7913994043005017,1.7133438418106612,3.1798393914325103,2.4726217861634487,3.0039120188536463,-0.339241920167768,1.8165206891913988,0.2097675884456657,2.5002641287197003
33.0,120.0,1000.5528564453124,-4.38181940135786,-3.791399649048612,1.7133438218300503,3.179839269887904,2.4726217861648103,3.003912506546678,-0.3392419335185534,1.8165154559501528,0.2097675447824608,2.5002641287197003
33.0,120.0,1000.5528564453124,-4.38181940135786,-3.7913996490447657,1.713344874172022,3.179839269708152,2.4726217861645603,3.003912506546678,-0.3392419332019666,1.816552759884395,0.2097675884456657,2.5002641287197003
33.0,120.0,1000.5529174804688,-4.38181940135786,-3.7913996490447657,1.7133438418090714,3.179839269938968,2.47262178616319,3.003912506546678,-0.3392419327886199,1.8289641398560168,0.2097675447824608,2.5002641287197003
33.0,120.0,1000.5529174804688,-4.38181940135786,-3.791398746398952,1.7133446576839566,3.179839208487772,2.4726217861631863,3.0039125006725085,-0.3392419155808193,1.8289410006581936,0.2097667293803109,2.5002641287197003
33.0,120.0,1000.5529174804688,-4.38181940135786,-3.7913996490447657,1.7133438418650635,3.179839269761392,2.47262178616319,3.003912506546678,-0.3392419327886199,1.8289641398560168,0.2097675894208823,2.5002641287197003
33.0,120.0,1000.5531005859376,-4.38181940135786,-3.7913988270591577,1.7133447976552316,3.179839270683724,2.4726217861648534,3.003912506546678,-0.3392415609063802,1.8293691558261729,0.2097675884456657,2.5002641287197003
33.0,120.0,1000.5531005859376,-4.38181940135786,-3.7913988270591577,1.7133447976552316,3.179839261671342,2.4726217861648534,3.0039057891918133,-0.3392415609063802,1.8293691558261729,0.2097675884456657,2.5002641287197003
33.0,120.0,1000.5531616210938,-4.38181940135786,-3.7913996490447657,1.7133438213336432,3.179839269898308,2.4726217861648103,3.003912506546678,-0.3392419327886199,1.829430497522865,0.2097675447824608,2.5002641287197003
33.0,120.0,1000.5531616210938,-4.38181940135786,-3.791399640762223,1.7133438407749286,3.1798367136171186,2.472621786162766,3.003912506546678,-0.3392419420502451,1.8159767508826927,0.2097675884456657,2.5002641287197003
33.0,120.0,1000.55322265625,-4.38181940135786,-3.7913996490447657,1.7133438418090714,3.179839269708152,2.4726217861634487,3.003912506546678,-0.3392419335486975,1.8158244564658697,0.2097675884456657,2.5002641287197003
33.0,120.0,1000.55322265625,-4.38181940135786,-3.7913996490447657,1.7133438418090714,3.179839261887807,2.472621786253401,3.003912506546678,-0.3392419335486975,1.8158244564658697,0.2097675884456657,2.5002641287197003
33.0,120.0,1000.55322265625,-4.38181940135786,-3.7913996490447657,1.7133438418090714,3.1798392697351856,2.47262178616319,3.003912506546678,-0.3392419327886199,1.8158244564658697,0.2097675884456657,2.5002641287197003
33.0,120.0,1000.55322265625,-4.38181940135786,-3.7913996490447657,1.7133438418090714,3.1798392813328964,2.472621786253401,3.003912506546678,-0.3392419335486975,1.8158244564658697,0.2097675884456657,2.5002641287197003
33.0,120.0,1000.55322265625,-4.38181940135786,-3.7913996490447657,1.7133438418090714,3.179839261887807,2.472621786253401,3.003906358901344,-0.3392419335486975,1.8158244564658697,0.2097675884456657,2.5002641287197003
33.0,120.0,1000.55322265625,-4.38181940135786,-3.7913996490447657,1.71334379171992,3.179839269708152,2.472621786163805,3.003912457478307,-0.3392419125419879,1.8159070844027128,0.2097675884456657,2.5002641287197003
33.0,120.0,1000.55322265625,-4.38181940135786,-3.791398721541617,1.713343717386291,3.179839270409927,2.472621786245569,3.0039137846377653,-0.3392419210709711,1.815815680752719,0.2097675884456657,2.5002641287197003
33.0,120.0,1000.55322265625,-4.38181940135786,-3.7913996490249824,1.7133438418090714,3.179839269708152,2.4726217861634487,3.003912506546678,-0.3392419335486975,1.8159071570942773,0.2097675884456657,2.5002641287197003
33.0,120.0,1000.55322265625,-4.38181940135786,-3.7913996490447657,1.7133438418090714,3.179839281378545,2.472621786253401,3.003912506546678,-0.3392419335486975,1.8158244564658697,0.2097675884456657,2.5002641287197003
33.0,120.0,1000.55322265625,-4.38181940135786,-3.791398721541617,1.713343717386291,3.179839270706295,2.47262178624567,3.0039137846377653,-0.3392419210709711,1.8157981602195328,0.2097675884456657,2.5002641287197003
33.0,120.0,1000.55322265625,-4.38181940135786,-3.7913996490447657,1.7133438418090714,3.1798392618421576,2.472621786253401,3.003912506546678,-0.3392419335486975,1.8158244564658697,0.2097675884456657,2.5002641287197003
33.0,120.0,1000.5532836914062,-4.38181940135786,-3.791398721541617,1.7133438397267509,3.1798392815128063,2.472621786247168,3.0039139244921453,-0.3392415774546294,1.81535247600749,0.2097675884456657,2.5002641287197003
33.0,120.0,1000.5532836914062,-4.38181940135786,-3.791398721541617,1.7133452333820276,3.17983927043258,2.472621786247168,3.0039137846377653,-0.3392419184116345,1.8153956335752333,0.2097675884456657,2.5002641287197003
33.0,120.0,1000.5532836914062,-4.38181940135786,-3.791398746398952,1.7133394509027566,3.1798392084764444,2.472621786163805,3.003912506546678,-0.3392419200501116,1.8153088831883348,0.2097667293803109,2.5002641287197003
33.0,120.0,1000.5532836914062,-4.38181940135786,-3.791398721541617,1.7133452333820276,3.1798392704055454,2.4726217862474265,3.0039137846377653,-0.3392419191717121,1.8153956335752333,0.2097675884456657,2.5002641287197003
33.0,120.0,1000.5532836914062,-4.38181940135786,-3.791398721541617,1.7133452333820276,3.17983927043258,2.472621786247168,3.0039137846377653,-0.3392419184116345,1.8153956335752333,0.2097675884456657,2.5002641287197003
33.0,120.0,1000.5532836914062,-4.38181940135786,-3.791398721541617,1.713343717386291,3.1798392704055454,2.4726217862474265,3.0039137846377653,-0.3392419210709711,1.8153956335752333,0.2097675884456657,2.5002641287197003
33.0,120.0,1000.5532836914062,-4.38181940135786,-3.7913996490447657,1.7133438418106612,3.179839440413869,2.4726217861634487,3.0039067150761003,-0.3392419172154921,1.8153348704668644,0.2097675884456657,2.5002641287197003
33.0,120.0,1000.5532836914062,-4.38181940135786,-3.791398746398952,1.7133446576839566,3.179839208487772,2.4726217861631863,3.003912506546678,-0.3392419200501116,1.815190228174992,0.2097667293803109,2.5002641287197003
33.0,120.0,1000.5532836914062,-4.38181940135786,-3.791398746398952,1.7133394509027566,3.1798392084764444,2.472621786163805,3.0039137173872086,-0.3392419200501116,1.8153088831883348,0.2097667353869046,2.5002641287197003
33.0,120.0,1000.5532836914062,-4.38181940135786,-3.791398746398952,1.7133394509027566,3.1798392369218327,2.472621786163439,3.0039137173872086,-0.3392419200501116,1.8153088831883348,0.2097667353869046,2.5002641287197003
33.0,120.0,1000.5532836914062,-4.38181940135786,-3.7913996490447657,1.7133438418091085,3.17983926970918,2.47262178616319,3.003912506546678,-0.3392419327886199,1.8146843890633133,0.2097675884456657,2.5002641287197003
33.0,120.0,1000.5532836914062,-4.38181940135786,-3.7913996490447657,1.7133438418106612,3.17983941196848,2.4726217861638147,3.0039067150761003,-0.3392419172154921,1.8153348704668644,0.2097675884456657,2.5002641287197003
33.0,120.0,1000.5532836914062,-4.38181940135786,-3.791398721541617,1.7133452333820276,3.1798392704055454,2.4726217862474265,3.0039137846377653,-0.3392419191717121,1.8153956335752333,0.2097675884456657,2.5002641287197003
33.0,120.0,1000.5532836914062,-4.38181940135786,-3.7913996490447657,1.71334379171992,3.179835646354467,2.4726217861634647,3.003912457478307,-0.3392419169295331,1.8156588195296472,0.2097675884456657,2.5002641287197003
33.0,120.0,1000.5532836914062,-4.38181940135786,-3.791398746398952,1.7133394154076045,3.1798392084764444,2.4726217861637627,3.003912451710024,-0.3392419200501116,1.8152975441693049,0.2097667353869046,2.5002641287197003
33.0,120.0,1000.5532836914062,-4.38181940135786,-3.791398721156772,1.7133393908147745,3.179839210050399,2.4726217861677107,3.003912506546678,-0.3392419201038499,1.8153930581879176,0.2097667293803109,2.5002641287197003
33.0,120.0,1000.5532836914062,-4.38181940135786,-3.791398721541617,1.7133452333820276,3.17983927043258,2.472621786247168,3.0039137846377653,-0.3392419184116345,1.8153956335752333,0.2097675884456657,2.5002641287197003
33.0,120.0,1000.5532836914062,-4.38181940135786,-3.7913987467837975,1.7133452934700095,3.179839268858624,2.472621786243262,3.0039137846377653,-0.3392419183578962,1.8153114585756505,0.2097675884456657,2.5002641287197003
33.0,120.0,1000.5532836914062,-4.38181940135786,-3.7913996453580334,1.7133438438477857,3.17983941196848,2.4726217861638147,3.0039067150761003,-0.3392419172154921,1.8153348704668644,0.2097675884456657,2.5002641287197003
33.0,120.0,1000.5534057617188,-4.38181940135786,-3.804238437194365,1.7133452333820276,3.1798392703975966,2.4726217862474265,3.00391260070645,-0.3392419191717121,1.81482393519134,0.2097675884456657,2.5002641287197003
33.0,120.0,1000.5535278320312,-4.38181940135786,-3.791398721541617,1.7133438397283407,3.1798392815128063,2.472621786247168,3.0039139244921453,-0.3392415666030193,1.8297998723130149,0.2097675884456657,2.5002641287197003
33.0,120.0,1000.5535278320312,-4.38181940135786,-3.791399400244862,1.7133438418106612,3.179839269938636,2.472621786164284,3.003912164727346,-0.3392415682017438,1.829798720858613,0.20976754401663,2.500264108471678
33.0,120.0,1000.5535278320312,-4.38181940135786,-3.791398721541617,1.7133438397283407,3.1798392815128063,2.472621786247168,3.0039139244921453,-0.3392415666030193,1.8297998723130149,0.2097675884456657,2.5002641287197003
33.0,120.0,1000.5535888671876,-4.38181940135786,-3.791398746407906,1.7133437234014082,3.1798392788443897,2.472621786247168,3.003912506546678,-0.3392419218727318,1.82986495085003,0.2097675884456657,2.5002641287197003
33.0,121.0,1000.552490234375,-4.38181940135786,-3.7913996488512143,1.7133438437938382,3.179839269754114,2.4726217861648974,3.003912506546678,-0.3392419335486975,1.817020284307352,0.2097675884456657,2.5002641287197003
33.0,121.0,1000.552490234375,-4.38181940135786,-3.7913996488528463,1.7133438437938382,3.179839269754114,2.4726217861648974,3.003912506546678,-0.3392419335486975,1.817010376332781,0.2097675873295057,2.5002641287197003
33.0,121.0,1000.5526733398438,-4.38181940135786,-3.791399640568671,1.7133438437938382,3.179839269754114,2.4726217861634487,3.003912506546678,-0.3392419335486975,1.8167271512394527,0.2097675884456657,2.5002641287197003
33.0,121.0,1000.5526733398438,-4.38181940135786,-3.791399645366322,1.7133438437938382,3.1798392706716507,2.4726217861634487,3.003912506546678,-0.3392419335486975,1.8167271512394527,0.2097675884456657,2.5002641287197003
33.0,121.0,1000.5526733398438,-4.38181940135786,-3.791399649053053,1.7133438417567142,3.1798392706716507,2.4726217861634487,3.003912506546678,-0.3392419335486975,1.8167271512394527,0.2097675884456657,2.5002641287197003
33.0,121.0,1000.5526733398438,-4.38181940135786,-3.791399640568671,1.7133437455283549,3.179839269754114,2.4726217861634487,3.003912506546678,-0.3392419331839212,1.8167271512394527,0.2097675884456657,2.5002641287197003
33.0,121.0,1000.5526733398438,-4.38181940135786,-3.7913986818620407,1.7133438437938382,3.1798392706716507,2.4726217862437907,3.003912506546678,-0.3392419173250472,1.8167271512394527,0.2097675884456657,2.5002641287197003
33.0,121.0,1000.5528564453124,-4.38181940135786,-3.7913996490447657,1.713343841715833,3.179839269708152,2.4726217861645603,3.003912506546678,-0.3392419332019666,1.816552759884395,0.2097675884456657,2.5002641287197003
33.0,121.0,1000.5528564453124,-4.38181940135786,-3.7913994043005017,1.7133438418106612,3.1798393914325103,2.4726217861634487,3.0039120188536463,-0.339241920167768,1.8165206891913988,0.2097675884456657,2.5002641287197003
33.0,121.0,1000.5528564453124,-4.38181940135786,-3.791399649048612,1.7133438218300503,3.179839269887904,2.4726217861648103,3.003912506546678,-0.3392419335185534,1.8165154559501528,0.2097675447824608,2.5002641287197003
33.0,121.0,1000.5528564453124,-4.38181940135786,-3.7913996490447657,1.713344874172022,3.179839269708152,2.4726217861645603,3.003912506546678,-0.3392419332019666,1.816552759884395,0.2097675884456657,2.5002641287197003
33.0,121.0,1000.5528564453124,-4.38181940135786,-3.7913996490447657,1.713344874172022,3.179839269708152,2.4726217861645603,3.003912506546678,-0.3392419332019666,1.816552759884395,0.2097675884456657,2.5002641287197003
33.0,121.0,1000.5529174804688,-4.38181940135786,-3.7913996490447657,1.7133438418090714,3.179839269938968,2.47262178616319,3.003912506546678,-0.3392419327886199,1.8289641398560168,0.2097675447824608,2.5002641287197003
33.0,121.0,1000.5529174804688,-4.38181940135786,-3.791398746398952,1.7133446576839566,3.179839208487772,2.4726217861631863,3.0039125006725085,-0.3392419155808193,1.8289410006581936,0.2097667293803109,2.5002641287197003
33.0,121.0,1000.5529174804688,-4.38181940135786,-3.7913996490447657,1.7133438418650635,3.179839269761392,2.47262178616319,3.003912506546678,-0.3392419327886199,1.8289641398560168,0.2097675894208823,2.5002641287197003
33.0,121.0,1000.5529174804688,-4.38181940135786,-3.7913996490456174,1.7133438418083065,3.1798392697077302,2.47262178616319,3.003912506546678,-0.3392419335422129,1.8289641398560168,0.2097675884308593,2.5002641287197003
33.0,121.0,1000.5529174804688,-4.38181940135786,-3.7913996490447657,1.7133438418650635,3.179839269761392,2.47262178616319,3.003912506546678,-0.3392419327886199,1.8289641398560168,0.2097675894208823,2.5002641287197003
33.0,121.0,1000.5529174804688,-4.38181940135786,-3.791398746398952,1.7133446576839566,3.1798392690023003,2.4726217861631863,3.0039125006725085,-0.3392419154422298,1.8289410006581936,0.2097675669408723,2.5002641287197003
33.0,121.0,1000.5529174804688,-4.38181940135786,-3.7913996490447657,1.7133438418090714,3.179839269938968,2.47262178616319,3.003912506546678,-0.3392419327886199,1.8289641398560168,0.2097675447824608,2.5002641287197003
33.0,121.0,1000.552978515625,-4.38181940135786,-3.791398844814308,1.7133447159557735,3.179839269708152,2.4805237971756324,3.003912506546678,-0.3392419332019666,1.816552759884395,0.2097675884456657,2.5002641287197003
33.0,121.0,1000.5531005859376,-4.38181940135786,-3.7913988270591577,1.7133447976552316,3.179839270683724,2.4726217861648534,3.003912506546678,-0.3392415609063802,1.8293691558261729,0.2097675884456657,2.5002641287197003
33.0,121.0,1000.5531005859376,-4.38181940135786,-3.7913988270591577,1.7133447976552316,3.179839261671342,2.4726217861648534,3.0039057891918133,-0.3392415609063802,1.8293691558261729,0.2097675884456657,2.5002641287197003
33.0,121.0,1000.5531005859376,-4.38181940135786,-3.7913988270591577,1.7133447976552316,3.179839261671342,2.4726217861643307,3.0039057526111024,-0.3392415609063802,1.8293691558261729,0.2097675884456657,2.5002641287197003
33.0,121.0,1000.5531005859376,-4.38181940135786,-3.791399631289615,1.7133439234152914,3.179839270683724,2.4726217861645754,3.003912506546678,-0.3392415609063802,1.8293691558261729,0.2097675884456657,2.5002641287197003
33.0,121.0,1000.5531616210938,-4.38181940135786,-3.7913996490447657,1.7133438213336432,3.179839269898308,2.4726217861648103,3.003912506546678,-0.3392419327886199,1.829430497522865,0.2097675447824608,2.5002641287197003
33.0,121.0,1000.5531616210938,-4.38181940135786,-3.791399640762223,1.7133438407749286,3.1798367136171186,2.472621786162766,3.003912506546678,-0.3392419420502451,1.8159767508826927,0.2097675884456657,2.5002641287197003
33.0,121.0,1000.55322265625,-4.38181940135786,-3.7913996490447657,1.7133438418090714,3.179839269708152,2.4726217861634487,3.003912506546678,-0.3392419335486975,1.8158244564658697,0.2097675884456657,2.5002641287197003
33.0,121.0,1000.55322265625,-4.38181940135786,-3.7913996490447657,1.7133438418090714,3.179839261887807,2.472621786253401,3.003912506546678,-0.3392419335486975,1.8158244564658697,0.2097675884456657,2.5002641287197003
33.0,121.0,1000.55322265625,-4.38181940135786,-3.7913996490447657,1.7133438418090714,3.1798392697351856,2.47262178616319,3.003912506546678,-0.3392419327886199,1.8158244564658697,0.2097675884456657,2.5002641287197003
33.0,121.0,1000.55322265625,-4.38181940135786,-3.7913996490447657,1.7133438418090714,3.1798392813328964,2.472621786253401,3.003912506546678,-0.3392419335486975,1.8158244564658697,0.2097675884456657,2.5002641287197003
33.0,121.0,1000.55322265625,-4.38181940135786,-3.7913996490447657,1.7133438418090714,3.179839261887807,2.472621786253401,3.003906358901344,-0.3392419335486975,1.8158244564658697,0.2097675884456657,2.5002641287197003
33.0,121.0,1000.55322265625,-4.38181940135786,-3.7913996490447657,1.71334379171992,3.179839269708152,2.472621786163805,3.003912457478307,-0.3392419125419879,1.8159070844027128,0.2097675884456657,2.5002641287197003
33.0,121.0,1000.55322265625,-4.38181940135786,-3.791398721541617,1.713343717386291,3.179839270409927,2.472621786245569,3.0039137846377653,-0.3392419210709711,1.815815680752719,0.2097675884456657,2.5002641287197003
33.0,121.0,1000.55322265625,-4.38181940135786,-3.7913996490249824,1.7133438418090714,3.179839269708152,2.4726217861634487,3.003912506546678,-0.3392419335486975,1.8159071570942773,0.2097675884456657,2.5002641287197003
33.0,121.0,1000.55322265625,-4.38181940135786,-3.7913996490447657,1.7133438418090714,3.179839281378545,2.472621786253401,3.003912506546678,-0.3392419335486975,1.8158244564658697,0.2097675884456657,2.5002641287197003
33.0,121.0,1000.55322265625,-4.38181940135786,-3.791398721541617,1.713343717386291,3.179839270706295,2.47262178624567,3.0039137846377653,-0.3392419210709711,1.8157981602195328,0.2097675884456657,2.5002641287197003
33.0,121.0,1000.55322265625,-4.38181940135786,-3.7913996490447657,1.7133438418090714,3.1798392618421576,2.472621786253401,3.003912506546678,-0.3392419335486975,1.8158244564658697,0.2097675884456657,2.5002641287197003
33.0,121.0,1000.55322265625,-4.38181940135786,-3.7913996490447657,1.7133438418090714,3.1798392092206567,2.47262178616319,3.003912506546678,-0.3392419329272094,1.8158244564658697,0.2097667508851043,2.5002641287197003
33.0,121.0,1000.55322265625,-4.38181940135786,-3.791398721541617,1.713343717386291,3.179839270414164,2.472621786245569,3.0039137544193086,-0.3392419210709711,1.815815680752719,0.2097675884456657,2.5002641287197003
33.0,121.0,1000.55322265625,-4.38181940135786,-3.791398721541617,1.713343717386291,3.1798392704057625,2.472621786247487,3.0039137846377653,-0.3392419210709711,1.8158523220750773,0.2097675884456657,2.5002641287197003
33.0,121.0,1000.55322265625,-4.38181940135786,-3.7913996490447657,1.7133440311395476,3.179839269708152,2.4726217861634487,3.003913705179594,-0.3392419335486975,1.8158244564658697,0.2097675884456657,2.5002641287197003
33.0,121.0,1000.55322265625,-4.38181940135786,-3.791398702993287,1.7133452679678527,3.179839281378545,2.472621786253401,3.003913781878496,-0.3392419186790473,1.8158244564658697,0.2097675884456657,2.5002641287197003
33.0,121.0,1000.5532836914062,-4.38181940135786,-3.791398721541617,1.7133438397267509,3.1798392815128063,2.472621786247168,3.0039139244921453,-0.3392415774546294,1.81535247600749,0.2097675884456657,2.5002641287197003
33.0,121.0,1000.5532836914062,-4.38181940135786,-3.791398721541617,1.7133452333820276,3.17983927043258,2.472621786247168,3.0039137846377653,-0.3392419184116345,1.8153956335752333,0.2097675884456657,2.5002641287197003
33.0,121.0,1000.5532836914062,-4.38181940135786,-3.791398746398952,1.7133394509027566,3.1798392084764444,2.472621786163805,3.003912506546678,-0.3392419200501116,1.8153088831883348,0.2097667293803109,2.5002641287197003
33.0,121.0,1000.5532836914062,-4.38181940135786,-3.791398721541617,1.7133452333820276,3.1798392704055454,2.4726217862474265,3.0039137846377653,-0.3392419191717121,1.8153956335752333,0.2097675884456657,2.5002641287197003
33.0,121.0,1000.5532836914062,-4.38181940135786,-3.791398721541617,1.7133452333820276,3.17983927043258,2.472621786247168,3.0039137846377653,-0.3392419184116345,1.8153956335752333,0.2097675884456657,2.5002641287197003
33.0,121.0,1000.5532836914062,-4.38181940135786,-3.791398721541617,1.713343717386291,3.1798392704055454,2.4726217862474265,3.0039137846377653,-0.3392419210709711,1.8153956335752333,0.2097675884456657,2.5002641287197003
33.0,121.0,1000.5532836914062,-4.38181940135786,-3.7913996490447657,1.7133438418106612,3.179839440413869,2.4726217861634487,3.0039067150761003,-0.3392419172154921,1.8153348704668644,0.2097675884456657,2.5002641287197003
33.0,121.0,1000.5532836914062,-4.38181940135786,-3.791398746398952,1.7133446576839566,3.179839208487772,2.4726217861631863,3.003912506546678,-0.3392419200501116,1.815190228174992,0.2097667293803109,2.5002641287197003
33.0,122.0,1000.552490234375,-4.38181940135786,-3.7913996488512143,1.7133438437938382,3.179839269754114,2.4726217861648974,3.003912506546678,-0.3392419335486975,1.817020284307352,0.2097675884456657,2.5002641287197003
33.0,122.0,1000.552490234375,-4.38181940135786,-3.7913996488528463,1.7133438437938382,3.179839269754114,2.4726217861648974,3.003912506546678,-0.3392419335486975,1.817010376332781,0.2097675873295057,2.5002641287197003
33.0,122.0,1000.552490234375,-4.38181940135786,-3.7913996488528463,1.7133438437938382,3.179839269754114,2.4726217861648974,3.003912506546678,-0.339241546181478,1.817010376332781,0.2097675883992359,2.5002641287197003
33.0,122.0,1000.552490234375,-4.38181940135786,-3.7913996488512143,1.7133438437938382,3.179839269754114,2.4726217861648974,3.003912506546678,-0.3392419335486975,1.817020843573756,0.2097675884456657,2.5002641287197003
33.0,122.0,1000.5526733398438,-4.38181940135786,-3.791399640568671,1.7133438437938382,3.179839269754114,2.4726217861634487,3.003912506546678,-0.3392419335486975,1.8167271512394527,0.2097675884456657,2.5002641287197003
33.0,122.0,1000.5526733398438,-4.38181940135786,-3.791399645366322,1.7133438437938382,3.1798392706716507,2.4726217861634487,3.003912506546678,-0.3392419335486975,1.8167271512394527,0.2097675884456657,2.5002641287197003
33.0,122.0,1000.5526733398438,-4.38181940135786,-3.791399649053053,1.7133438417567142,3.1798392706716507,2.4726217861634487,3.003912506546678,-0.3392419335486975,1.8167271512394527,0.2097675884456657,2.5002641287197003
33.0,122.0,1000.5526733398438,-4.38181940135786,-3.791399640568671,1.7133437455283549,3.179839269754114,2.4726217861634487,3.003912506546678,-0.3392419331839212,1.8167271512394527,0.2097675884456657,2.5002641287197003
33.0,122.0,1000.5526733398438,-4.38181940135786,-3.7913986818620407,1.7133438437938382,3.1798392706716507,2.4726217862437907,3.003912506546678,-0.3392419173250472,1.8167271512394527,0.2097675884456657,2.5002641287197003
33.0,122.0,1000.5526733398438,-4.38181940135786,-3.791399375425713,1.7133438439834596,3.1798392706716507,2.4726217862437907,3.0039125157095232,-0.3392419173250472,1.816727273696832,0.2097675884456657,2.5002641287197003
33.0,122.0,1000.5526733398438,-4.38181940135786,-3.791399645366322,1.7133438437938382,3.1798392706716507,2.4726217861634487,3.003912506546678,-0.3392419335486975,1.8167271512394527,0.2097675884456657,2.5002641287197003
33.0,122.0,1000.5526733398438,-4.38181940135786,-3.791399648662443,1.7133438437938382,3.179839269755162,2.4726217861634487,3.003912506546678,-0.3392419335486712,1.8167271512394527,0.209767588445486,2.5002641287197003
33.0,122.0,1000.552734375,-4.38181940135786,-3.791399640568671,1.7133438437938382,3.179839392798788,2.4726217861634487,3.0039124787903164,-0.3392419335486975,1.8167168708794244,0.2097675884456657,2.5002641287197003
33.0,122.0,1000.5528564453124,-4.38181940135786,-3.7913996490447657,1.713343841715833,3.179839269708152,2.4726217861645603,3.003912506546678,-0.3392419332019666,1.816552759884395,0.2097675884456657,2.5002641287197003
33.0,122.0,1000.5528564453124,-4.38181940135786,-3.7913994043005017,1.7133438418106612,3.1798393914325103,2.4726217861634487,3.0039120188536463,-0.339241920167768,1.8165206891913988,0.2097675884456657,2.5002641287197003
33.0,122.0,1000.5528564453124,-4.38181940135786,-3.791399649048612,1.7133438218300503,3.179839269887904,2.4726217861648103,3.003912506546678,-0.3392419335185534,1.8165154559501528,0.2097675447824608,2.5002641287197003
33.0,122.0,1000.5528564453124,-4.38181940135786,-3.7913996490447657,1.713344874172022,3.179839269708152,2.4726217861645603,3.003912506546678,-0.3392419332019666,1.816552759884395,0.2097675884456657,2.5002641287197003
33.0,122.0,1000.5528564453124,-4.38181940135786,-3.7913996490447657,1.713344874172022,3.179839269708152,2.4726217861645603,3.003912506546678,-0.3392419332019666,1.816552759884395,0.2097675884456657,2.5002641287197003
33.0,122.0,1000.5528564453124,-4.38181940135786,-3.7913994043005017,1.7133438418106612,3.1798392683878363,2.4726217861634487,3.003912046610008,-0.339241920167768,1.816530969551428,0.2097675884456657,2.5002641287197003
33.0,122.0,1000.5529174804688,-4.38181940135786,-3.7913996490447657,1.7133438418090714,3.179839269938968,2.47262178616319,3.003912506546678,-0.3392419327886199,1.8289641398560168,0.2097675447824608,2.5002641287197003
33.0,122.0,1000.5529174804688,-4.38181940135786,-3.791398746398952,1.7133446576839566,3.179839208487772,2.4726217861631863,3.0039125006725085,-0.3392419155808193,1.8289410006581936,0.2097667293803109,2.5002641287197003
33.0,122.0,1000.5529174804688,-4.38181940135786,-3.7913996490447657,1.7133438418650635,3.179839269761392,2.47262178616319,3.003912506546678,-0.3392419327886199,1.8289641398560168,0.2097675894208823,2.5002641287197003
33.0,122.0,1000.5529174804688,-4.38181940135786,-3.7913996490456174,1.7133438418083065,3.1798392697077302,2.47262178616319,3.003912506546678,-0.3392419335422129,1.8289641398560168,0.2097675884308593,2.5002641287197003
33.0,122.0,1000.5529174804688,-4.38181940135786,-3.7913996490447657,1.7133438418650635,3.179839269761392,2.47262178616319,3.003912506546678,-0.3392419327886199,1.8289641398560168,0.2097675894208823,2.5002641287197003
33.0,122.0,1000.5529174804688,-4.38181940135786,-3.791398746398952,1.7133446576839566,3.1798392690023003,2.4726217861631863,3.0039125006725085,-0.3392419154422298,1.8289410006581936,0.2097675669408723,2.5002641287197003
33.0,122.0,1000.5529174804688,-4.38181940135786,-3.7913996490447657,1.7133438418090714,3.179839269938968,2.47262178616319,3.003912506546678,-0.3392419327886199,1.8289641398560168,0.2097675447824608,2.5002641287197003
33.0,122.0,1000.5529174804688,-4.38181940135786,-3.791398656194066,1.7133438418090714,3.179839270625924,2.47262178616319,3.003912506546678,-0.3392419162716368,1.8289641398560168,0.2097675880741181,2.5002641287197003
33.0,122.0,1000.5529174804688,-4.38181940135786,-3.791399649048879,1.7133438437938382,3.179839269754114,2.4726217861649133,3.003912506546678,-0.3392419335423043,1.828724245994217,0.2097675884456657,2.5002641287197003
33.0,122.0,1000.5529174804688,-4.38181940135786,-3.7913996490447657,1.7133438418090714,3.179839269938968,2.472621786164801,3.003912506546678,-0.3392419328418449,1.8289641398560168,0.2097675447824608,2.5002641287197003
33.0,122.0,1000.5529174804688,-4.38181940135786,-3.791398746398952,1.713344691824618,3.1798392690023003,2.4726217862532205,3.0039125006725085,-0.3392419154422298,1.82874001940932,0.2097675669408723,2.5002641287197003
33.0,122.0,1000.5529174804688,-4.38181940135786,-3.7913996409518473,1.7133438418083065,3.179839269706682,2.47262178616319,3.003912506546678,-0.3392419335422392,1.8289641398560168,0.209767588431039,2.5002641287197003
33.0,122.0,1000.552978515625,-4.38181940135786,-3.791398844814308,1.7133447159557735,3.179839269708152,2.4805237971756324,3.003912506546678,-0.3392419332019666,1.816552759884395,0.2097675884456657,2.5002641287197003
33.0,122.0,1000.5531005859376,-4.38181940135786,-3.7913988270591577,1.7133447976552316,3.179839270683724,2.4726217861648534,3.003912506546678,-0.3392415609063802,1.8293691558261729,0.2097675884456657,2.5002641287197003
33.0,122.0,1000.5531005859376,-4.38181940135786,-3.7913988270591577,1.7133447976552316,3.179839261671342,2.4726217861648534,3.0039057891918133,-0.3392415609063802,1.8293691558261729,0.2097675884456657,2.5002641287197003
33.0,122.0,1000.5531005859376,-4.38181940135786,-3.7913988270591577,1.7133447976552316,3.179839261671342,2.4726217861643307,3.0039057526111024,-0.3392415609063802,1.8293691558261729,0.2097675884456657,2.5002641287197003
33.0,122.0,1000.5531005859376,-4.38181940135786,-3.791399631289615,1.7133439234152914,3.179839270683724,2.4726217861645754,3.003912506546678,-0.3392415609063802,1.8293691558261729,0.2097675884456657,2.5002641287197003
33.0,122.0,1000.5531005859376,-4.38181940135786,-3.7913996493966966,1.7133438418650635,3.17983927063274,2.4726217861645385,3.003912506546678,-0.3392419327886199,1.8293881805976149,0.2097675884449478,2.5002641287197003
33.0,122.0,1000.5531005859376,-4.38181940135786,-3.7913996490447657,1.7133438533987893,3.179839269938968,2.4726217861645465,3.003912506546678,-0.3392419327886199,1.8294083857514705,0.2097675520453995,2.5002641287197003
33.0,122.0,1000.5531005859376,-4.38181940135786,-3.79139962104935,1.7133447976552316,3.179839270671573,2.4726217861648534,3.003912506546678,-0.3392415609063802,1.8293691558261729,0.2097675884456657,2.5002641287197003
33.0,122.0,1000.5531616210938,-4.38181940135786,-3.7913996490447657,1.7133438213336432,3.179839269898308,2.4726217861648103,3.003912506546678,-0.3392419327886199,1.829430497522865,0.2097675447824608,2.5002641287197003
33.0,122.0,1000.5531616210938,-4.38181940135786,-3.791399640762223,1.7133438407749286,3.1798367136171186,2.472621786162766,3.003912506546678,-0.3392419420502451,1.8159767508826927,0.2097675884456657,2.5002641287197003
33.0,122.0,1000.5531616210938,-4.38181940135786,-3.7913996490447657,1.7133438076684098,3.1798392813328964,2.472621786163367,3.003912506546678,-0.3392419335486975,1.816025437714744,0.2097675884456657,2.5002641287197003
33.0,122.0,1000.5531616210938,-4.38181940135786,-3.7913996490447657,1.7133438418874087,3.179839269708152,2.4726217861634487,3.003912506546678,-0.3392419335486975,1.8159864810775976,0.2097675884456657,2.5002641287197003
33.0,122.0,1000.55322265625,-4.38181940135786,-3.7913996490447657,1.7133438418090714,3.179839269708152,2.4726217861634487,3.003912506546678,-0.3392419335486975,1.8158244564658697,0.2097675884456657,2.5002641287197003
33.0,122.0,1000.55322265625,-4.38181940135786,-3.7913996490447657,1.7133438418090714,3.179839261887807,2.472621786253401,3.003912506546678,-0.3392419335486975,1.8158244564658697,0.2097675884456657,2.5002641287197003
33.0,122.0,1000.55322265625,-4.38181940135786,-3.7913996490447657,1.7133438418090714,3.1798392697351856,2.47262178616319,3.003912506546678,-0.3392419327886199,1.8158244564658697,0.2097675884456657,2.5002641287197003
33.0,122.0,1000.55322265625,-4.38181940135786,-3.7913996490447657,1.7133438418090714,3.1798392813328964,2.472621786253401,3.003912506546678,-0.3392419335486975,1.8158244564658697,0.2097675884456657,2.5002641287197003
33.0,122.0,1000.55322265625,-4.38181940135786,-3.7913996490447657,1.7133438418090714,3.179839261887807,2.472621786253401,3.003906358901344,-0.3392419335486975,1.8158244564658697,0.2097675884456657,2.5002641287197003
33.0,122.0,1000.55322265625,-4.38181940135786,-3.7913996490447657,1.71334379171992,3.179839269708152,2.472621786163805,3.003912457478307,-0.3392419125419879,1.8159070844027128,0.2097675884456657,2.5002641287197003
33.0,122.0,1000.55322265625,-4.38181940135786,-3.791398721541617,1.713343717386291,3.179839270409927,2.472621786245569,3.0039137846377653,-0.3392419210709711,1.815815680752719,0.2097675884456657,2.5002641287197003
33.0,123.0,1000.552490234375,-4.38181940135786,-3.7913996488512143,1.7133438437938382,3.179839269754114,2.4726217861648974,3.003912506546678,-0.3392419335486975,1.817020284307352,0.2097675884456657,2.5002641287197003
33.0,123.0,1000.552490234375,-4.38181940135786,-3.7913996488528463,1.7133438437938382,3.179839269754114,2.4726217861648974,3.003912506546678,-0.3392419335486975,1.817010376332781,0.2097675873295057,2.5002641287197003
33.0,123.0,1000.552490234375,-4.38181940135786,-3.7913996488528463,1.7133438437938382,3.179839269754114,2.4726217861648974,3.003912506546678,-0.339241546181478,1.817010376332781,0.2097675883992359,2.5002641287197003
33.0,123.0,1000.552490234375,-4.38181940135786,-3.7913996488512143,1.7133438437938382,3.179839269754114,2.4726217861648974,3.003912506546678,-0.3392419335486975,1.817020843573756,0.2097675884456657,2.5002641287197003
33.0,123.0,1000.552490234375,-4.38181940135786,-3.79139955106526,1.7133437492005998,3.179839269754114,2.4726217861634487,3.003912506546678,-0.3392419331839212,1.8170087162363329,0.2097675880583578,2.5002641287197003
33.0,123.0,1000.552490234375,-4.38181940135786,-3.7913996488528463,1.7133438437938382,3.179839269754114,2.4726217861648974,3.003912506546678,-0.339241546181478,1.817010376332781,0.2097675883992359,2.5002641287197003
33.0,123.0,1000.5525512695312,-4.38181940135786,-3.791399647416053,1.7133438813930548,3.179839269754114,2.4726217861648974,3.003912506546678,-0.3392419335486975,1.8169198031430485,0.2097675884456657,2.5002641287197003
33.0,123.0,1000.5526123046876,-4.38181940135786,-3.79139962104935,1.7133438694436796,3.179839270671567,2.472621786161103,3.003912506546678,-0.3392415609063802,1.8168237536952296,0.2097675884456657,2.5002641287197003
33.0,123.0,1000.5526733398438,-4.38181940135786,-3.791399640568671,1.7133438437938382,3.179839269754114,2.4726217861634487,3.003912506546678,-0.3392419335486975,1.8167271512394527,0.2097675884456657,2.5002641287197003
33.0,123.0,1000.5526733398438,-4.38181940135786,-3.791399645366322,1.7133438437938382,3.1798392706716507,2.4726217861634487,3.003912506546678,-0.3392419335486975,1.8167271512394527,0.2097675884456657,2.5002641287197003
33.0,123.0,1000.5526733398438,-4.38181940135786,-3.791399649053053,1.7133438417567142,3.1798392706716507,2.4726217861634487,3.003912506546678,-0.3392419335486975,1.8167271512394527,0.2097675884456657,2.5002641287197003
33.0,123.0,1000.5526733398438,-4.38181940135786,-3.791399640568671,1.7133437455283549,3.179839269754114,2.4726217861634487,3.003912506546678,-0.3392419331839212,1.8167271512394527,0.2097675884456657,2.5002641287197003
33.0,123.0,1000.5526733398438,-4.38181940135786,-3.7913986818620407,1.7133438437938382,3.1798392706716507,2.4726217862437907,3.003912506546678,-0.3392419173250472,1.8167271512394527,0.2097675884456657,2.5002641287197003
33.0,123.0,1000.5526733398438,-4.38181940135786,-3.791399375425713,1.7133438439834596,3.1798392706716507,2.4726217862437907,3.0039125157095232,-0.3392419173250472,1.816727273696832,0.2097675884456657,2.5002641287197003
33.0,123.0,1000.5526733398438,-4.38181940135786,-3.791399645366322,1.7133438437938382,3.1798392706716507,2.4726217861634487,3.003912506546678,-0.3392419335486975,1.8167271512394527,0.2097675884456657,2.5002641287197003
33.0,123.0,1000.5526733398438,-4.38181940135786,-3.791399648662443,1.7133438437938382,3.179839269755162,2.4726217861634487,3.003912506546678,-0.3392419335486712,1.8167271512394527,0.209767588445486,2.5002641287197003
33.0,123.0,1000.5526733398438,-4.38181940135786,-3.791399649662779,1.71334374820413,3.179839269754114,2.4726217861648974,3.003912506546678,-0.3392419335518595,1.816738188086627,0.2097675873665842,2.5002641287197003
33.0,123.0,1000.5526733398438,-4.38181940135786,-3.791399649278081,1.7133438418826206,3.1798392706716507,2.4726217861634487,3.003912506546678,-0.3392419335486975,1.8167271512394527,0.2097675884456657,2.5002641287197003
33.0,123.0,1000.5526733398438,-4.38181940135786,-3.7913986818620407,1.71334384427836,3.1798392706716507,2.47262178624471,3.003912506546678,-0.3392419173250472,1.8167271512394527,0.2097675884456657,2.5002641287197003
33.0,123.0,1000.552734375,-4.38181940135786,-3.791399640568671,1.7133438437938382,3.179839392798788,2.4726217861634487,3.0039124787903164,-0.3392419335486975,1.8167168708794244,0.2097675884456657,2.5002641287197003
33.0,123.0,1000.552734375,-4.38181940135786,-3.791399640568671,1.7133438437938382,3.179839392798788,2.4726217861634487,3.0039124819457084,-0.3392419335486975,1.8167061222829544,0.2097675884456657,2.5002641287197003
33.0,123.0,1000.5528564453124,-4.38181940135786,-3.7913996490447657,1.713343841715833,3.179839269708152,2.4726217861645603,3.003912506546678,-0.3392419332019666,1.816552759884395,0.2097675884456657,2.5002641287197003
33.0,123.0,1000.5528564453124,-4.38181940135786,-3.7913994043005017,1.7133438418106612,3.1798393914325103,2.4726217861634487,3.0039120188536463,-0.339241920167768,1.8165206891913988,0.2097675884456657,2.5002641287197003
33.0,123.0,1000.5528564453124,-4.38181940135786,-3.791399649048612,1.7133438218300503,3.179839269887904,2.4726217861648103,3.003912506546678,-0.3392419335185534,1.8165154559501528,0.2097675447824608,2.5002641287197003
33.0,123.0,1000.5528564453124,-4.38181940135786,-3.7913996490447657,1.713344874172022,3.179839269708152,2.4726217861645603,3.003912506546678,-0.3392419332019666,1.816552759884395,0.2097675884456657,2.5002641287197003
33.0,123.0,1000.5528564453124,-4.38181940135786,-3.7913996490447657,1.713344874172022,3.179839269708152,2.4726217861645603,3.003912506546678,-0.3392419332019666,1.816552759884395,0.2097675884456657,2.5002641287197003
33.0,123.0,1000.5528564453124,-4.38181940135786,-3.7913994043005017,1.7133438418106612,3.1798392683878363,2.4726217861634487,3.003912046610008,-0.339241920167768,1.816530969551428,0.2097675884456657,2.5002641287197003
33.0,123.0,1000.5528564453124,-4.38181940135786,-3.791399649049657,1.7133438437938382,3.179839269754114,2.4726217861648974,3.003912506546678,-0.339241546181478,1.8165149883385088,0.2097675447297919,2.5002641287197003
33.0,123.0,1000.5528564453124,-4.38181940135786,-3.791399649048612,1.7133438213455288,3.179839269887904,2.472621786163891,3.003912506546678,-0.3392419335185534,1.8165154559501528,0.2097675447824608,2.5002641287197003
33.0,123.0,1000.5528564453124,-4.38181940135786,-3.7913993902748566,1.713343841995712,3.1798393914325103,2.4726217861633994,3.0039120188536463,-0.339241920167768,1.8165206891913988,0.2097675884456657,2.5002641287197003
33.0,123.0,1000.5529174804688,-4.38181940135786,-3.7913996490447657,1.7133438418090714,3.179839269938968,2.47262178616319,3.003912506546678,-0.3392419327886199,1.8289641398560168,0.2097675447824608,2.5002641287197003
33.0,123.0,1000.5529174804688,-4.38181940135786,-3.791398746398952,1.7133446576839566,3.179839208487772,2.4726217861631863,3.0039125006725085,-0.3392419155808193,1.8289410006581936,0.2097667293803109,2.5002641287197003
33.0,123.0,1000.5529174804688,-4.38181940135786,-3.7913996490447657,1.7133438418650635,3.179839269761392,2.47262178616319,3.003912506546678,-0.3392419327886199,1.8289641398560168,0.2097675894208823,2.5002641287197003
33.0,123.0,1000.5529174804688,-4.38181940135786,-3.7913996490456174,1.7133438418083065,3.1798392697077302,2.47262178616319,3.003912506546678,-0.3392419335422129,1.8289641398560168,0.2097675884308593,2.5002641287197003
33.0,123.0,1000.5529174804688,-4.38181940135786,-3.7913996490447657,1.7133438418650635,3.179839269761392,2.47262178616319,3.003912506546678,-0.3392419327886199,1.8289641398560168,0.2097675894208823,2.5002641287197003
33.0,123.0,1000.5529174804688,-4.38181940135786,-3.791398746398952,1.7133446576839566,3.1798392690023003,2.4726217861631863,3.0039125006725085,-0.3392419154422298,1.8289410006581936,0.2097675669408723,2.5002641287197003
33.0,123.0,1000.5529174804688,-4.38181940135786,-3.7913996490447657,1.7133438418090714,3.179839269938968,2.47262178616319,3.003912506546678,-0.3392419327886199,1.8289641398560168,0.2097675447824608,2.5002641287197003
33.0,123.0,1000.5529174804688,-4.38181940135786,-3.791398656194066,1.7133438418090714,3.179839270625924,2.47262178616319,3.003912506546678,-0.3392419162716368,1.8289641398560168,0.2097675880741181,2.5002641287197003
33.0,123.0,1000.5529174804688,-4.38181940135786,-3.791399649048879,1.7133438437938382,3.179839269754114,2.4726217861649133,3.003912506546678,-0.3392419335423043,1.828724245994217,0.2097675884456657,2.5002641287197003
33.0,123.0,1000.5529174804688,-4.38181940135786,-3.7913996490447657,1.7133438418090714,3.179839269938968,2.472621786164801,3.003912506546678,-0.3392419328418449,1.8289641398560168,0.2097675447824608,2.5002641287197003
33.0,123.0,1000.5529174804688,-4.38181940135786,-3.791398746398952,1.713344691824618,3.1798392690023003,2.4726217862532205,3.0039125006725085,-0.3392419154422298,1.82874001940932,0.2097675669408723,2.5002641287197003
33.0,123.0,1000.5529174804688,-4.38181940135786,-3.7913996409518473,1.7133438418083065,3.179839269706682,2.47262178616319,3.003912506546678,-0.3392419335422392,1.8289641398560168,0.209767588431039,2.5002641287197003
33.0,123.0,1000.5529174804688,-4.38181940135786,-3.791398745697476,1.7133438381368262,3.179839270625924,2.47262178616319,3.003912506546678,-0.3392419162716368,1.828682574859137,0.209767588461426,2.5002641287197003
33.0,123.0,1000.5529174804688,-4.38181940135786,-3.791398656194066,1.7133438418090714,3.17983927060139,2.47262178616319,3.003912506546678,-0.3392419161504654,1.8289641398560168,0.2097675884455276,2.5002641287197003
33.0,123.0,1000.552978515625,-4.38181940135786,-3.791398844814308,1.7133447159557735,3.179839269708152,2.4805237971756324,3.003912506546678,-0.3392419332019666,1.816552759884395,0.2097675884456657,2.5002641287197003
33.0,123.0,1000.552978515625,-4.38181940135786,-3.7913988270591577,1.7133447943460822,3.179839269167147,2.4726217861645523,3.0039126090275263,-0.3392415609063802,1.816390581519733,0.2097675884456657,2.5002641287197003
33.0,123.0,1000.5530395507812,-4.38181940135786,-3.791399375425713,1.7133447721950117,3.1798392706716565,2.472621786247541,3.0039125157095232,-0.3392419173250472,1.8292726758277749,0.2097675884456657,2.5002641287197003
33.0,123.0,1000.5531005859376,-4.38181940135786,-3.7913988270591577,1.7133447976552316,3.179839270683724,2.4726217861648534,3.003912506546678,-0.3392415609063802,1.8293691558261729,0.2097675884456657,2.5002641287197003
33.0,123.0,1000.5531005859376,-4.38181940135786,-3.7913988270591577,1.7133447976552316,3.179839261671342,2.4726217861648534,3.0039057891918133,-0.3392415609063802,1.8293691558261729,0.2097675884456657,2.5002641287197003
33.0,123.0,1000.5531005859376,-4.38181940135786,-3.7913988270591577,1.7133447976552316,3.179839261671342,2.4726217861643307,3.0039057526111024,-0.3392415609063802,1.8293691558261729,0.2097675884456657,2.5002641287197003
33.0,124.0,1000.552490234375,-4.38181940135786,-3.7913996488512143,1.7133438437938382,3.179839269754114,2.4726217861648974,3.003912506546678,-0.3392419335486975,1.817020284307352,0.2097675884456657,2.5002641287197003
33.0,124.0,1000.552490234375,-4.38181940135786,-3.7913996488528463,1.7133438437938382,3.179839269754114,2.4726217861648974,3.003912506546678,-0.3392419335486975,1.817010376332781,0.2097675873295057,2.5002641287197003
33.0,124.0,1000.552490234375,-4.38181940135786,-3.7913996488528463,1.7133438437938382,3.179839269754114,2.4726217861648974,3.003912506546678,-0.339241546181478,1.817010376332781,0.2097675883992359,2.5002641287197003
33.0,124.0,1000.552490234375,-4.38181940135786,-3.7913996488512143,1.7133438437938382,3.179839269754114,2.4726217861648974,3.003912506546678,-0.3392419335486975,1.817020843573756,0.2097675884456657,2.5002641287197003
33.0,124.0,1000.552490234375,-4.38181940135786,-3.79139955106526,1.7133437492005998,3.179839269754114,2.4726217861634487,3.003912506546678,-0.3392419331839212,1.8170087162363329,0.2097675880583578,2.5002641287197003
33.0,124.0,1000.552490234375,-4.38181940135786,-3.7913996488528463,1.7133438437938382,3.179839269754114,2.4726217861648974,3.003912506546678,-0.339241546181478,1.817010376332781,0.2097675883992359,2.5002641287197003
33.0,124.0,1000.552490234375,-4.38181940135786,-3.7913996488512143,1.7133438437938382,3.179839269709548,2.4726217861648974,3.003912506546678,-0.3392419335486975,1.817020284307352,0.2097675884456657,2.5002641287197003
33.0,124.0,1000.552490234375,-4.38181940135786,-3.7913996488528463,1.7133438437938382,3.179839269754114,2.4726217861648974,3.003912506546678,-0.3392419335486975,1.817010376332781,0.2097675873295057,2.5002641287197003
33.0,124.0,1000.552490234375,-4.38181940135786,-3.79139955106526,1.7133437492005998,3.179839269761368,2.472621786163447,3.003912506546678,-0.3392419331566039,1.8170087162363329,0.2097675880391792,2.5002641287197003
33.0,124.0,1000.552490234375,-4.38181940135786,-3.791399640437205,1.7133438437938382,3.179839269754114,2.472621786163482,3.003912506546678,-0.3392415771926659,1.817010376332781,0.2097675883992359,2.5002641287197003
33.0,124.0,1000.552490234375,-4.38181940135786,-3.79139964885624,1.713343843571987,3.179839269754114,2.4726217861648974,3.003912506546678,-0.3392419335195332,1.8170093031413632,0.2097675884456657,2.5002641287197003
33.0,124.0,1000.5525512695312,-4.38181940135786,-3.791399647416053,1.7133438813930548,3.179839269754114,2.4726217861648974,3.003912506546678,-0.3392419335486975,1.8169198031430485,0.2097675884456657,2.5002641287197003
33.0,124.0,1000.5525512695312,-4.38181940135786,-3.791399647516893,1.7133438426168894,3.179839269750087,2.4726217861634487,3.003912506546678,-0.3392419335486975,1.8169231770228889,0.2097675884456657,2.5002641287197003
33.0,124.0,1000.5525512695312,-4.38181940135786,-3.791399647416053,1.7133438838114765,3.179839269754114,2.472621786164924,3.003912506546678,-0.3392419335486975,1.8169198031430485,0.2097675884456657,2.5002641287197003
33.0,124.0,1000.5526123046876,-4.38181940135786,-3.79139962104935,1.7133438694436796,3.179839270671567,2.472621786161103,3.003912506546678,-0.3392415609063802,1.8168237536952296,0.2097675884456657,2.5002641287197003
33.0,124.0,1000.5526123046876,-4.38181940135786,-3.79139962104935,1.7133438449386853,3.179839270671567,2.4726217861604725,3.003912506546678,-0.3392415609063802,1.8168237536952296,0.2097675884456657,2.5002641287197003
33.0,124.0,1000.5526733398438,-4.38181940135786,-3.791399640568671,1.7133438437938382,3.179839269754114,2.4726217861634487,3.003912506546678,-0.3392419335486975,1.8167271512394527,0.2097675884456657,2.5002641287197003
33.0,124.0,1000.5526733398438,-4.38181940135786,-3.791399645366322,1.7133438437938382,3.1798392706716507,2.4726217861634487,3.003912506546678,-0.3392419335486975,1.8167271512394527,0.2097675884456657,2.5002641287197003
33.0,124.0,1000.5526733398438,-4.38181940135786,-3.791399649053053,1.7133438417567142,3.1798392706716507,2.4726217861634487,3.003912506546678,-0.3392419335486975,1.8167271512394527,0.2097675884456657,2.5002641287197003
33.0,124.0,1000.5526733398438,-4.38181940135786,-3.791399640568671,1.7133437455283549,3.179839269754114,2.4726217861634487,3.003912506546678,-0.3392419331839212,1.8167271512394527,0.2097675884456657,2.5002641287197003
33.0,124.0,1000.5526733398438,-4.38181940135786,-3.7913986818620407,1.7133438437938382,3.1798392706716507,2.4726217862437907,3.003912506546678,-0.3392419173250472,1.8167271512394527,0.2097675884456657,2.5002641287197003
33.0,124.0,1000.5526733398438,-4.38181940135786,-3.791399375425713,1.7133438439834596,3.1798392706716507,2.4726217862437907,3.0039125157095232,-0.3392419173250472,1.816727273696832,0.2097675884456657,2.5002641287197003
33.0,124.0,1000.5526733398438,-4.38181940135786,-3.791399645366322,1.7133438437938382,3.1798392706716507,2.4726217861634487,3.003912506546678,-0.3392419335486975,1.8167271512394527,0.2097675884456657,2.5002641287197003
33.0,124.0,1000.5526733398438,-4.38181940135786,-3.791399648662443,1.7133438437938382,3.179839269755162,2.4726217861634487,3.003912506546678,-0.3392419335486712,1.8167271512394527,0.209767588445486,2.5002641287197003
33.0,124.0,1000.5526733398438,-4.38181940135786,-3.791399649662779,1.71334374820413,3.179839269754114,2.4726217861648974,3.003912506546678,-0.3392419335518595,1.816738188086627,0.2097675873665842,2.5002641287197003
33.0,124.0,1000.5526733398438,-4.38181940135786,-3.791399649278081,1.7133438418826206,3.1798392706716507,2.4726217861634487,3.003912506546678,-0.3392419335486975,1.8167271512394527,0.2097675884456657,2.5002641287197003
33.0,124.0,1000.5526733398438,-4.38181940135786,-3.7913986818620407,1.71334384427836,3.1798392706716507,2.47262178624471,3.003912506546678,-0.3392419173250472,1.8167271512394527,0.2097675884456657,2.5002641287197003
33.0,124.0,1000.5526733398438,-4.38181940135786,-3.791399649278081,1.713343841923238,3.1798392706716507,2.4726217861634487,3.003912506546678,-0.3392419335486975,1.8167271512394527,0.2097675884456657,2.5002641287197003
33.0,124.0,1000.5526733398438,-4.38181940135786,-3.7913996489843127,1.7133437455283549,3.179839269754114,2.472621786164864,3.003912506546678,-0.3392419021727333,1.8167271512394527,0.2097675884456657,2.5002641287197003
33.0,124.0,1000.5526733398438,-4.38181940135786,-3.7913986818620407,1.7133438439759052,3.1798392706716507,2.47262178624471,3.0039125066931733,-0.3392419173250472,1.816727150817488,0.2097675884456657,2.5002641287197003
33.0,124.0,1000.5526733398438,-4.38181940135786,-3.791399645366322,1.713343843753221,3.1798392706716507,2.4726217861634487,3.003912506546678,-0.3392419335486975,1.8167271512394527,0.2097675884456657,2.5002641287197003
33.0,124.0,1000.5526733398438,-4.38181940135786,-3.791399645366322,1.7133438437938382,3.1798392706716507,2.4726217861645257,3.003912506546678,-0.3392419335486975,1.8167271512394527,0.2097675884456657,2.5002641287197003
33.0,124.0,1000.5526733398438,-4.38181940135786,-3.7913986818620407,1.7133438437938382,3.1798392706716507,2.4726217861664512,3.003912506546678,-0.339241916563159,1.8167271512394527,0.209767588446257,2.5002641287197003
33.0,124.0,1000.5526733398438,-4.38181940135786,-3.791399648848513,1.7133438437938382,3.179839269754114,2.4726217861634447,3.003912506546678,-0.3392415631516641,1.8167281742170127,0.2097675883992359,2.5002641287197003
33.0,124.0,1000.5526733398438,-4.38181940135786,-3.79139964057159,1.7133438437938382,3.1798393950474684,2.4726217861634487,3.003912505367021,-0.3392419335486975,1.8167270802919344,0.2097675884456657,2.5002641287197003
33.0,124.0,1000.5526733398438,-4.38181940135786,-3.7913986818620407,1.7133438437938382,3.1798392706716507,2.4726217862382587,3.003912506546678,-0.3392419173250472,1.8167271512394527,0.2097675884454801,2.5002641287197003
33.0,124.0,1000.552734375,-4.38181940135786,-3.791399640568671,1.7133438437938382,3.179839392798788,2.4726217861634487,3.0039124787903164,-0.3392419335486975,1.8167168708794244,0.2097675884456657,2.5002641287197003
33.0,124.0,1000.552734375,-4.38181940135786,-3.791399640568671,1.7133438437938382,3.179839392798788,2.4726217861634487,3.0039124819457084,-0.3392419335486975,1.8167061222829544,0.2097675884456657,2.5002641287197003
33.0,124.0,1000.552734375,-4.38181940135786,-3.791399641218157,1.7133438437938382,3.1798392649105884,2.4726217861634487,3.0039124819457084,-0.3392419335486975,1.8167061222829544,0.2097675886316947,2.5002641287197003
33.0,124.0,1000.5528564453124,-4.38181940135786,-3.7913996490447657,1.713343841715833,3.179839269708152,2.4726217861645603,3.003912506546678,-0.3392419332019666,1.816552759884395,0.2097675884456657,2.5002641287197003
33.0,124.0,1000.5528564453124,-4.38181940135786,-3.7913994043005017,1.7133438418106612,3.1798393914325103,2.4726217861634487,3.0039120188536463,-0.339241920167768,1.8165206891913988,0.2097675884456657,2.5002641287197003
33.0,124.0,1000.5528564453124,-4.38181940135786,-3.791399649048612,1.7133438218300503,3.179839269887904,2.4726217861648103,3.003912506546678,-0.3392419335185534,1.8165154559501528,0.2097675447824608,2.5002641287197003
33.0,124.0,1000.5528564453124,-4.38181940135786,-3.7913996490447657,1.713344874172022,3.179839269708152,2.4726217861645603,3.003912506546678,-0.3392419332019666,1.816552759884395,0.2097675884456657,2.5002641287197003
33.0,124.0,1000.5528564453124,-4.38181940135786,-3.7913996490447657,1.713344874172022,3.179839269708152,2.4726217861645603,3.003912506546678,-0.3392419332019666,1.816552759884395,0.2097675884456657,2.5002641287197003
33.0,124.0,1000.5528564453124,-4.38181940135786,-3.7913994043005017,1.7133438418106612,3.1798392683878363,2.4726217861634487,3.003912046610008,-0.339241920167768,1.816530969551428,0.2097675884456657,2.5002641287197003
33.0,124.0,1000.5528564453124,-4.38181940135786,-3.791399649049657,1.7133438437938382,3.179839269754114,2.4726217861648974,3.003912506546678,-0.339241546181478,1.8165149883385088,0.2097675447297919,2.5002641287197003
33.0,124.0,1000.5528564453124,-4.38181940135786,-3.791399649048612,1.7133438213455288,3.179839269887904,2.472621786163891,3.003912506546678,-0.3392419335185534,1.8165154559501528,0.2097675447824608,2.5002641287197003
33.0,124.0,1000.5528564453124,-4.38181940135786,-3.7913993902748566,1.713343841995712,3.1798393914325103,2.4726217861633994,3.0039120188536463,-0.339241920167768,1.8165206891913988,0.2097675884456657,2.5002641287197003
33.0,124.0,1000.5528564453124,-4.38181940135786,-3.7913996490447657,1.713344874172022,3.179839269708152,2.472621786163483,3.003912506546678,-0.3392419332019666,1.816552759884395,0.2097675884456657,2.5002641287197003
33.0,124.0,1000.5528564453124,-4.38181940135786,-3.7913996490447657,1.713344874172022,3.179839269752718,2.4726217861645603,3.003912506546678,-0.3392419332019666,1.816552759884395,0.2097675884456657,2.5002641287197003
33.0,125.0,1000.5524291992188,-4.38181940135786,-3.791399551631811,1.7133438421428246,3.179839392482698,2.4726217861634487,3.0039124819457084,-0.3392419331683571,1.8170448124093133,0.2097675884577703,2.5002641287197003
33.0,125.0,1000.552490234375,-4.38181940135786,-3.7913996488512143,1.7133438437938382,3.179839269754114,2.4726217861648974,3.003912506546678,-0.3392419335486975,1.817020284307352,0.2097675884456657,2.5002641287197003
33.0,125.0,1000.552490234375,-4.38181940135786,-3.7913996488528463,1.7133438437938382,3.179839269754114,2.4726217861648974,3.003912506546678,-0.3392419335486975,1.817010376332781,0.2097675873295057,2.5002641287197003
33.0,125.0,1000.552490234375,-4.38181940135786,-3.7913996488528463,1.7133438437938382,3.179839269754114,2.4726217861648974,3.003912506546678,-0.339241546181478,1.817010376332781,0.2097675883992359,2.5002641287197003
33.0,125.0,1000.552490234375,-4.38181940135786,-3.7913996488512143,1.7133438437938382,3.179839269754114,2.4726217861648974,3.003912506546678,-0.3392419335486975,1.817020843573756,0.2097675884456657,2.5002641287197003
33.0,125.0,1000.552490234375,-4.38181940135786,-3.79139955106526,1.7133437492005998,3.179839269754114,2.4726217861634487,3.003912506546678,-0.3392419331839212,1.8170087162363329,0.2097675880583578,2.5002641287197003
33.0,125.0,1000.552490234375,-4.38181940135786,-3.7913996488528463,1.7133438437938382,3.179839269754114,2.4726217861648974,3.003912506546678,-0.339241546181478,1.817010376332781,0.2097675883992359,2.5002641287197003
33.0,125.0,1000.552490234375,-4.38181940135786,-3.7913996488512143,1.7133438437938382,3.179839269709548,2.4726217861648974,3.003912506546678,-0.3392419335486975,1.817020284307352,0.2097675884456657,2.5002641287197003
33.0,125.0,1000.552490234375,-4.38181940135786,-3.7913996488528463,1.7133438437938382,3.179839269754114,2.4726217861648974,3.003912506546678,-0.3392419335486975,1.817010376332781,0.2097675873295057,2.5002641287197003
33.0,125.0,1000.552490234375,-4.38181940135786,-3.79139955106526,1.7133437492005998,3.179839269761368,2.472621786163447,3.003912506546678,-0.3392419331566039,1.8170087162363329,0.2097675880391792,2.5002641287197003
33.0,125.0,1000.552490234375,-4.38181940135786,-3.791399640437205,1.7133438437938382,3.179839269754114,2.472621786163482,3.003912506546678,-0.3392415771926659,1.817010376332781,0.2097675883992359,2.5002641287197003
33.0,125.0,1000.552490234375,-4.38181940135786,-3.79139964885624,1.713343843571987,3.179839269754114,2.4726217861648974,3.003912506546678,-0.3392419335195332,1.8170093031413632,0.2097675884456657,2.5002641287197003
33.0,125.0,1000.552490234375,-4.38181940135786,-3.791399648858801,1.7133438437938382,3.179839269754114,2.4726217861648974,3.003912506546678,-0.3392419335486975,1.817010376332781,0.2097675873115554,2.5002641287197003
33.0,125.0,1000.552490234375,-4.38181940135786,-3.79139955106526,1.7133437492005998,3.179839269761368,2.472621786163447,3.003912506546678,-0.3392419331566039,1.8170087162363329,0.2097675880391792,2.5002641287197003
33.0,125.0,1000.552490234375,-4.38181940135786,-3.791399645366322,1.7133438437938382,3.179839270713236,2.4726217861634345,3.003912506546678,-0.3392419335486975,1.8170204036456632,0.2097675884456657,2.5002641287197003
33.0,125.0,1000.552490234375,-4.38181940135786,-3.79139965099529,1.7133437492005998,3.179839269756043,2.4726217861649475,3.003912506546678,-0.3392419331790035,1.8170087162363329,0.2097675880583578,2.5002641287197003
33.0,125.0,1000.552490234375,-4.38181940135786,-3.79139962104935,1.7133438449386853,3.179839270671567,2.472621786165006,3.003912506546678,-0.3392415609063802,1.8170075024891987,0.209767588400436,2.5002641287197003
33.0,125.0,1000.552490234375,-4.38181940135786,-3.791399623038286,1.7133438449386853,3.179839270671567,2.4726217861604725,3.003912506546678,-0.3392415609063802,1.8170082789129407,0.2097675886363876,2.5002641287197003
33.0,125.0,1000.552490234375,-4.38181940135786,-3.791399378678616,1.713343843839183,3.179839269754114,2.47262178616486,3.0039125016148045,-0.3392419335486975,1.817010376332781,0.2097675885946487,2.5002641287197003
33.0,125.0,1000.552490234375,-4.38181940135786,-3.791399548921184,1.7133438437938382,3.1798392697076188,2.4726217861633986,3.003912506546678,-0.3392419335536152,1.817020284307352,0.2097675884456657,2.5002641287197003
33.0,125.0,1000.5525512695312,-4.38181940135786,-3.791399647416053,1.7133438813930548,3.179839269754114,2.4726217861648974,3.003912506546678,-0.3392419335486975,1.8169198031430485,0.2097675884456657,2.5002641287197003
33.0,125.0,1000.5525512695312,-4.38181940135786,-3.791399647516893,1.7133438426168894,3.179839269750087,2.4726217861634487,3.003912506546678,-0.3392419335486975,1.8169231770228889,0.2097675884456657,2.5002641287197003
33.0,125.0,1000.5525512695312,-4.38181940135786,-3.791399647416053,1.7133438838114765,3.179839269754114,2.472621786164924,3.003912506546678,-0.3392419335486975,1.8169198031430485,0.2097675884456657,2.5002641287197003
33.0,125.0,1000.5525512695312,-4.38181940135786,-3.791399622215273,1.7133438845562612,3.17983927072258,2.4726217861647406,3.003912506546678,-0.3392415609063802,1.8169145330919687,0.2097675884456657,2.5002641287197003
33.0,125.0,1000.5525512695312,-4.38181940135786,-3.7913986818620407,1.7133438866577733,3.1798392706716507,2.472621786166396,3.003912506546678,-0.3392419164947881,1.8169321174383168,0.209767588446257,2.5002641287197003
33.0,125.0,1000.5526123046876,-4.38181940135786,-3.79139962104935,1.7133438694436796,3.179839270671567,2.472621786161103,3.003912506546678,-0.3392415609063802,1.8168237536952296,0.2097675884456657,2.5002641287197003
33.0,125.0,1000.5526123046876,-4.38181940135786,-3.79139962104935,1.7133438449386853,3.179839270671567,2.4726217861604725,3.003912506546678,-0.3392415609063802,1.8168237536952296,0.2097675884456657,2.5002641287197003
33.0,125.0,1000.5526123046876,-4.38181940135786,-3.791399646250129,1.713343868698895,3.1798392697031006,2.4726217861612856,3.003912506546678,-0.3392419335486975,1.8168290237463087,0.2097675884456657,2.5002641287197003
33.0,125.0,1000.5526123046876,-4.38181940135786,-3.7913996488528463,1.7133438437938382,3.179839269754114,2.472621786160364,3.003912506546678,-0.3392419335486975,1.816826627538812,0.2097675873747353,2.5002641287197003
33.0,125.0,1000.5526123046876,-4.38181940135786,-3.79139964686391,1.7133438437938382,3.179839269754114,2.4726217861648974,3.003912506546678,-0.3392419335486975,1.8168258511150688,0.2097675871387838,2.5002641287197003
33.0,125.0,1000.5526733398438,-4.38181940135786,-3.791399640568671,1.7133438437938382,3.179839269754114,2.4726217861634487,3.003912506546678,-0.3392419335486975,1.8167271512394527,0.2097675884456657,2.5002641287197003
33.0,125.0,1000.5526733398438,-4.38181940135786,-3.791399645366322,1.7133438437938382,3.1798392706716507,2.4726217861634487,3.003912506546678,-0.3392419335486975,1.8167271512394527,0.2097675884456657,2.5002641287197003
33.0,125.0,1000.5526733398438,-4.38181940135786,-3.791399649053053,1.7133438417567142,3.1798392706716507,2.4726217861634487,3.003912506546678,-0.3392419335486975,1.8167271512394527,0.2097675884456657,2.5002641287197003
33.0,125.0,1000.5526733398438,-4.38181940135786,-3.791399640568671,1.7133437455283549,3.179839269754114,2.4726217861634487,3.003912506546678,-0.3392419331839212,1.8167271512394527,0.2097675884456657,2.5002641287197003
33.0,125.0,1000.5526733398438,-4.38181940135786,-3.7913986818620407,1.7133438437938382,3.1798392706716507,2.4726217862437907,3.003912506546678,-0.3392419173250472,1.8167271512394527,0.2097675884456657,2.5002641287197003
33.0,125.0,1000.5526733398438,-4.38181940135786,-3.791399375425713,1.7133438439834596,3.1798392706716507,2.4726217862437907,3.0039125157095232,-0.3392419173250472,1.816727273696832,0.2097675884456657,2.5002641287197003
33.0,125.0,1000.5526733398438,-4.38181940135786,-3.791399645366322,1.7133438437938382,3.1798392706716507,2.4726217861634487,3.003912506546678,-0.3392419335486975,1.8167271512394527,0.2097675884456657,2.5002641287197003
33.0,125.0,1000.5526733398438,-4.38181940135786,-3.791399648662443,1.7133438437938382,3.179839269755162,2.4726217861634487,3.003912506546678,-0.3392419335486712,1.8167271512394527,0.209767588445486,2.5002641287197003
33.0,125.0,1000.5526733398438,-4.38181940135786,-3.791399649662779,1.71334374820413,3.179839269754114,2.4726217861648974,3.003912506546678,-0.3392419335518595,1.816738188086627,0.2097675873665842,2.5002641287197003
33.0,125.0,1000.5526733398438,-4.38181940135786,-3.791399649278081,1.7133438418826206,3.1798392706716507,2.4726217861634487,3.003912506546678,-0.3392419335486975,1.8167271512394527,0.2097675884456657,2.5002641287197003
33.0,125.0,1000.5526733398438,-4.38181940135786,-3.7913986818620407,1.71334384427836,3.1798392706716507,2.47262178624471,3.003912506546678,-0.3392419173250472,1.8167271512394527,0.2097675884456657,2.5002641287197003
33.0,125.0,1000.5526733398438,-4.38181940135786,-3.791399649278081,1.713343841923238,3.1798392706716507,2.4726217861634487,3.003912506546678,-0.3392419335486975,1.8167271512394527,0.2097675884456657,2.5002641287197003
33.0,125.0,1000.5526733398438,-4.38181940135786,-3.7913996489843127,1.7133437455283549,3.179839269754114,2.472621786164864,3.003912506546678,-0.3392419021727333,1.8167271512394527,0.2097675884456657,2.5002641287197003
33.0,125.0,1000.5526733398438,-4.38181940135786,-3.7913986818620407,1.7133438439759052,3.1798392706716507,2.47262178624471,3.0039125066931733,-0.3392419173250472,1.816727150817488,0.2097675884456657,2.5002641287197003
33.0,125.0,1000.5526733398438,-4.38181940135786,-3.791399645366322,1.713343843753221,3.1798392706716507,2.4726217861634487,3.003912506546678,-0.3392419335486975,1.8167271512394527,0.2097675884456657,2.5002641287197003
33.0,125.0,1000.5526733398438,-4.38181940135786,-3.791399645366322,1.7133438437938382,3.1798392706716507,2.4726217861645257,3.003912506546678,-0.3392419335486975,1.8167271512394527,0.2097675884456657,2.5002641287197003
33.0,125.0,1000.5526733398438,-4.38181940135786,-3.7913986818620407,1.7133438437938382,3.1798392706716507,2.4726217861664512,3.003912506546678,-0.339241916563159,1.8167271512394527,0.209767588446257,2.5002641287197003
33.0,125.0,1000.5526733398438,-4.38181940135786,-3.791399648848513,1.7133438437938382,3.179839269754114,2.4726217861634447,3.003912506546678,-0.3392415631516641,1.8167281742170127,0.2097675883992359,2.5002641287197003
33.0,125.0,1000.5526733398438,-4.38181940135786,-3.79139964057159,1.7133438437938382,3.1798393950474684,2.4726217861634487,3.003912505367021,-0.3392419335486975,1.8167270802919344,0.2097675884456657,2.5002641287197003
33.0,125.0,1000.5526733398438,-4.38181940135786,-3.7913986818620407,1.7133438437938382,3.1798392706716507,2.4726217862382587,3.003912506546678,-0.3392419173250472,1.8167271512394527,0.2097675884454801,2.5002641287197003
33.0,126.0,1000.5496826171876,-4.38181940135786,-3.79139962104935,1.7100069368105928,3.179839270671567,2.472621786165006,3.003912506546678,-0.3392415609063802,1.816996587536208,0.2097675884447331,2.5002641287197003
33.0,126.0,1000.5524291992188,-4.38181940135786,-3.791399551631811,1.7133438421428246,3.179839392482698,2.4726217861634487,3.0039124819457084,-0.3392419331683571,1.8170448124093133,0.2097675884577703,2.5002641287197003
33.0,126.0,1000.5524291992188,-4.38181940135786,-3.791399647416053,1.7133438838114765,3.1798392697522155,2.472621786164924,3.003912481855054,-0.3392419335486975,1.817037137603669,0.2097675884456657,2.5002641287197003
33.0,126.0,1000.552490234375,-4.38181940135786,-3.7913996488512143,1.7133438437938382,3.179839269754114,2.4726217861648974,3.003912506546678,-0.3392419335486975,1.817020284307352,0.2097675884456657,2.5002641287197003
33.0,126.0,1000.552490234375,-4.38181940135786,-3.7913996488528463,1.7133438437938382,3.179839269754114,2.4726217861648974,3.003912506546678,-0.3392419335486975,1.817010376332781,0.2097675873295057,2.5002641287197003
33.0,126.0,1000.552490234375,-4.38181940135786,-3.7913996488528463,1.7133438437938382,3.179839269754114,2.4726217861648974,3.003912506546678,-0.339241546181478,1.817010376332781,0.2097675883992359,2.5002641287197003
33.0,126.0,1000.552490234375,-4.38181940135786,-3.7913996488512143,1.7133438437938382,3.179839269754114,2.4726217861648974,3.003912506546678,-0.3392419335486975,1.817020843573756,0.2097675884456657,2.5002641287197003
33.0,126.0,1000.552490234375,-4.38181940135786,-3.79139955106526,1.7133437492005998,3.179839269754114,2.4726217861634487,3.003912506546678,-0.3392419331839212,1.8170087162363329,0.2097675880583578,2.5002641287197003
33.0,126.0,1000.552490234375,-4.38181940135786,-3.7913996488528463,1.7133438437938382,3.179839269754114,2.4726217861648974,3.003912506546678,-0.339241546181478,1.817010376332781,0.2097675883992359,2.5002641287197003
33.0,126.0,1000.552490234375,-4.38181940135786,-3.7913996488512143,1.7133438437938382,3.179839269709548,2.4726217861648974,3.003912506546678,-0.3392419335486975,1.817020284307352,0.2097675884456657,2.5002641287197003
33.0,126.0,1000.552490234375,-4.38181940135786,-3.7913996488528463,1.7133438437938382,3.179839269754114,2.4726217861648974,3.003912506546678,-0.3392419335486975,1.817010376332781,0.2097675873295057,2.5002641287197003
33.0,126.0,1000.552490234375,-4.38181940135786,-3.79139955106526,1.7133437492005998,3.179839269761368,2.472621786163447,3.003912506546678,-0.3392419331566039,1.8170087162363329,0.2097675880391792,2.5002641287197003
33.0,126.0,1000.552490234375,-4.38181940135786,-3.791399640437205,1.7133438437938382,3.179839269754114,2.472621786163482,3.003912506546678,-0.3392415771926659,1.817010376332781,0.2097675883992359,2.5002641287197003
33.0,126.0,1000.552490234375,-4.38181940135786,-3.79139964885624,1.713343843571987,3.179839269754114,2.4726217861648974,3.003912506546678,-0.3392419335195332,1.8170093031413632,0.2097675884456657,2.5002641287197003
33.0,126.0,1000.552490234375,-4.38181940135786,-3.791399648858801,1.7133438437938382,3.179839269754114,2.4726217861648974,3.003912506546678,-0.3392419335486975,1.817010376332781,0.2097675873115554,2.5002641287197003
33.0,126.0,1000.552490234375,-4.38181940135786,-3.79139955106526,1.7133437492005998,3.179839269761368,2.472621786163447,3.003912506546678,-0.3392419331566039,1.8170087162363329,0.2097675880391792,2.5002641287197003
33.0,126.0,1000.552490234375,-4.38181940135786,-3.791399645366322,1.7133438437938382,3.179839270713236,2.4726217861634345,3.003912506546678,-0.3392419335486975,1.8170204036456632,0.2097675884456657,2.5002641287197003
33.0,126.0,1000.552490234375,-4.38181940135786,-3.79139965099529,1.7133437492005998,3.179839269756043,2.4726217861649475,3.003912506546678,-0.3392419331790035,1.8170087162363329,0.2097675880583578,2.5002641287197003
33.0,126.0,1000.552490234375,-4.38181940135786,-3.79139962104935,1.7133438449386853,3.179839270671567,2.472621786165006,3.003912506546678,-0.3392415609063802,1.8170075024891987,0.209767588400436,2.5002641287197003
33.0,126.0,1000.552490234375,-4.38181940135786,-3.791399623038286,1.7133438449386853,3.179839270671567,2.4726217861604725,3.003912506546678,-0.3392415609063802,1.8170082789129407,0.2097675886363876,2.5002641287197003
33.0,126.0,1000.552490234375,-4.38181940135786,-3.791399378678616,1.713343843839183,3.179839269754114,2.47262178616486,3.0039125016148045,-0.3392419335486975,1.817010376332781,0.2097675885946487,2.5002641287197003
33.0,126.0,1000.552490234375,-4.38181940135786,-3.791399548921184,1.7133438437938382,3.1798392697076188,2.4726217861633986,3.003912506546678,-0.3392419335536152,1.817020284307352,0.2097675884456657,2.5002641287197003
33.0,126.0,1000.552490234375,-4.38181940135786,-3.79139955106526,1.7133437492005998,3.179839269761368,2.472621786163447,3.003912506546678,-0.3392419331566039,1.8170087162363329,0.2097675880391792,2.5002641287197003
33.0,126.0,1000.552490234375,-4.38181940135786,-3.791399623038286,1.7133438449386853,3.179839270671567,2.4726217861604725,3.003912506546678,-0.3392415609063802,1.8170082789129407,0.2097675886363876,2.5002641287197003
33.0,126.0,1000.552490234375,-4.38181940135786,-3.791399606872481,1.7133438822902212,3.179839269772267,2.472621786166396,3.003912506546678,-0.339241933029441,1.817008622072901,0.2097675880277683,2.5002641287197003
33.0,126.0,1000.552490234375,-4.38181940135786,-3.791399640437205,1.7133438437938382,3.179839269754114,2.472621786163482,3.003912506546678,-0.3392415771926659,1.817010376332781,0.2097675883992359,2.5002641287197003
33.0,126.0,1000.552490234375,-4.38181940135786,-3.79139955106526,1.7133437492005998,3.179839269754114,2.4726217861634505,3.003912506546678,-0.3392419335671684,1.817008772178307,0.2097675873443364,2.5002641287197003
33.0,126.0,1000.552490234375,-4.38181940135786,-3.791399623807969,1.7133438449386853,3.179839270673637,2.4726217861604725,3.003912506546678,-0.3392415609063802,1.817021133787183,0.2097675886363876,2.5002641287197003
33.0,126.0,1000.552490234375,-4.38181940135786,-3.791399523190571,1.7133437492005998,3.179839269761368,2.4726217861666853,3.003912506546678,-0.3392419331566039,1.8170087162363329,0.2097675880460671,2.5002641287197003
33.0,126.0,1000.552490234375,-4.38181940135786,-3.791399648789661,1.7133438437938382,3.179839269754114,2.4726217861648974,3.003912506546678,-0.339241546181478,1.817010376332781,0.2097675883992359,2.5002641287197003
33.0,126.0,1000.552490234375,-4.38181940135786,-3.7913996488512143,1.7133438437938382,3.179839269754114,2.4726217861648974,3.003912506546678,-0.3392419335486975,1.817020284307352,0.2097675884456657,2.5002641287197003
33.0,126.0,1000.552490234375,-4.38181940135786,-3.79139962104935,1.7133438449386853,3.179839270671567,2.472621786165361,3.003912506546678,-0.3392415609063802,1.8170036142788115,0.209767588400436,2.5002641287197003
33.0,126.0,1000.552490234375,-4.38181940135786,-3.7913996488512143,1.7133438697616086,3.179839269754114,2.4726217861648974,3.003912506546678,-0.3392419374632249,1.817020843573756,0.2097675884456657,2.5002641287197003
33.0,126.0,1000.552490234375,-4.38181940135786,-3.7913996488528463,1.7133438437938382,3.179839269754114,2.4726217861648974,3.003912506546678,-0.339241546181478,1.817010376332781,0.2097675883992359,2.5002641287197003
33.0,126.0,1000.552490234375,-4.38181940135786,-3.7913996489907857,1.7133438427074048,3.179839269754114,2.4726217861648974,3.003912506546678,-0.3392419554068242,1.817010376332781,0.2097675884476521,2.5002641287197003
33.0,126.0,1000.552490234375,-4.38181940135786,-3.791399648863776,1.713343843994348,3.179839269754114,2.4726217861648974,3.003912506546678,-0.3392419335486975,1.8170167130346075,0.2097675884456657,2.5002641287197003
33.0,126.0,1000.552490234375,-4.38181940135786,-3.79139955106526,1.7133437492005998,3.179839269761368,2.472621786163447,3.003912506546678,-0.3392419331566039,1.817010338476807,0.2097675880062812,2.5002641287197003
33.0,126.0,1000.552490234375,-4.38181940135786,-3.791399550624981,1.7133438437938382,3.1798392697076783,2.4726217861648974,3.003912506546678,-0.3392419335486975,1.817020284307352,0.2097675884456657,2.5002641287197003
33.0,126.0,1000.552490234375,-4.38181940135786,-3.791399378678616,1.7133438421588312,3.179839269754114,2.47262178616486,3.0039125016148045,-0.3392419331695415,1.817010376332781,0.2097675884612365,2.5002641287197003
33.0,126.0,1000.552490234375,-4.38181940135786,-3.791399648081532,1.7133438437938382,3.179839269752044,2.4726217861648974,3.003912506546678,-0.3392419335486975,1.817007988699514,0.2097675884456657,2.5002641287197003
33.0,126.0,1000.552490234375,-4.38181940135786,-3.7913996469702935,1.713343843571987,3.179839269754114,2.4726217861648974,3.003912506546678,-0.3392419335206518,1.8170116060286416,0.2097675884456657,2.5002641287197003
33.0,126.0,1000.5525512695312,-4.38181940135786,-3.791399647416053,1.7133438813930548,3.179839269754114,2.4726217861648974,3.003912506546678,-0.3392419335486975,1.8169198031430485,0.2097675884456657,2.5002641287197003
33.0,126.0,1000.5525512695312,-4.38181940135786,-3.791399647516893,1.7133438426168894,3.179839269750087,2.4726217861634487,3.003912506546678,-0.3392419335486975,1.8169231770228889,0.2097675884456657,2.5002641287197003
33.0,126.0,1000.5525512695312,-4.38181940135786,-3.791399647416053,1.7133438838114765,3.179839269754114,2.472621786164924,3.003912506546678,-0.3392419335486975,1.8169198031430485,0.2097675884456657,2.5002641287197003
33.0,126.0,1000.5525512695312,-4.38181940135786,-3.791399622215273,1.7133438845562612,3.17983927072258,2.4726217861647406,3.003912506546678,-0.3392415609063802,1.8169145330919687,0.2097675884456657,2.5002641287197003
33.0,126.0,1000.5525512695312,-4.38181940135786,-3.7913986818620407,1.7133438866577733,3.1798392706716507,2.472621786166396,3.003912506546678,-0.3392419164947881,1.8169321174383168,0.209767588446257,2.5002641287197003
33.0,126.0,1000.5525512695312,-4.38181940135786,-3.791399647535708,1.7133438417567142,3.1798392706716507,2.4726217861634487,3.003912506546678,-0.3392419335486975,1.8169268680255783,0.2097675884456657,2.5002641287197003
33.0,126.0,1000.5526123046876,-4.38181940135786,-3.79139962104935,1.7133438694436796,3.179839270671567,2.472621786161103,3.003912506546678,-0.3392415609063802,1.8168237536952296,0.2097675884456657,2.5002641287197003
33.0,126.0,1000.5526123046876,-4.38181940135786,-3.79139962104935,1.7133438449386853,3.179839270671567,2.4726217861604725,3.003912506546678,-0.3392415609063802,1.8168237536952296,0.2097675884456657,2.5002641287197003
33.0,126.0,1000.5526123046876,-4.38181940135786,-3.791399646250129,1.713343868698895,3.1798392697031006,2.4726217861612856,3.003912506546678,-0.3392419335486975,1.8168290237463087,0.2097675884456657,2.5002641287197003
33.0,127.0,1000.5496826171876,-4.38181940135786,-3.79139962104935,1.7100069368105928,3.179839270671567,2.472621786165006,3.003912506546678,-0.3392415609063802,1.816996587536208,0.2097675884447331,2.5002641287197003
33.0,127.0,1000.5524291992188,-4.38181940135786,-3.791399551631811,1.7133438421428246,3.179839392482698,2.4726217861634487,3.0039124819457084,-0.3392419331683571,1.8170448124093133,0.2097675884577703,2.5002641287197003
33.0,127.0,1000.5524291992188,-4.38181940135786,-3.791399647416053,1.7133438838114765,3.1798392697522155,2.472621786164924,3.003912481855054,-0.3392419335486975,1.817037137603669,0.2097675884456657,2.5002641287197003
33.0,127.0,1000.5524291992188,-4.38181940135786,-3.791399553052527,1.7133438823770208,3.1798393921661408,2.472621786163391,3.003912506546678,-0.339241933029441,1.817044621294965,0.2097675880204199,2.5002641287197003
33.0,127.0,1000.552490234375,-4.38181940135786,-3.7913996488512143,1.7133438437938382,3.179839269754114,2.4726217861648974,3.003912506546678,-0.3392419335486975,1.817020284307352,0.2097675884456657,2.5002641287197003
33.0,127.0,1000.552490234375,-4.38181940135786,-3.7913996488528463,1.7133438437938382,3.179839269754114,2.4726217861648974,3.003912506546678,-0.3392419335486975,1.817010376332781,0.2097675873295057,2.5002641287197003
33.0,127.0,1000.552490234375,-4.38181940135786,-3.7913996488528463,1.7133438437938382,3.179839269754114,2.4726217861648974,3.003912506546678,-0.339241546181478,1.817010376332781,0.2097675883992359,2.5002641287197003
33.0,127.0,1000.552490234375,-4.38181940135786,-3.7913996488512143,1.7133438437938382,3.179839269754114,2.4726217861648974,3.003912506546678,-0.3392419335486975,1.817020843573756,0.2097675884456657,2.5002641287197003
33.0,127.0,1000.552490234375,-4.38181940135786,-3.79139955106526,1.7133437492005998,3.179839269754114,2.4726217861634487,3.003912506546678,-0.3392419331839212,1.8170087162363329,0.2097675880583578,2.5002641287197003
33.0,127.0,1000.552490234375,-4.38181940135786,-3.7913996488528463,1.7133438437938382,3.179839269754114,2.4726217861648974,3.003912506546678,-0.339241546181478,1.817010376332781,0.2097675883992359,2.5002641287197003
33.0,127.0,1000.552490234375,-4.38181940135786,-3.7913996488512143,1.7133438437938382,3.179839269709548,2.4726217861648974,3.003912506546678,-0.3392419335486975,1.817020284307352,0.2097675884456657,2.5002641287197003
33.0,127.0,1000.552490234375,-4.38181940135786,-3.7913996488528463,1.7133438437938382,3.179839269754114,2.4726217861648974,3.003912506546678,-0.3392419335486975,1.817010376332781,0.2097675873295057,2.5002641287197003
33.0,127.0,1000.552490234375,-4.38181940135786,-3.79139955106526,1.7133437492005998,3.179839269761368,2.472621786163447,3.003912506546678,-0.3392419331566039,1.8170087162363329,0.2097675880391792,2.5002641287197003
33.0,127.0,1000.552490234375,-4.38181940135786,-3.791399640437205,1.7133438437938382,3.179839269754114,2.472621786163482,3.003912506546678,-0.3392415771926659,1.817010376332781,0.2097675883992359,2.5002641287197003
33.0,127.0,1000.552490234375,-4.38181940135786,-3.79139964885624,1.713343843571987,3.179839269754114,2.4726217861648974,3.003912506546678,-0.3392419335195332,1.8170093031413632,0.2097675884456657,2.5002641287197003
33.0,127.0,1000.552490234375,-4.38181940135786,-3.791399648858801,1.7133438437938382,3.179839269754114,2.4726217861648974,3.003912506546678,-0.3392419335486975,1.817010376332781,0.2097675873115554,2.5002641287197003
33.0,127.0,1000.552490234375,-4.38181940135786,-3.79139955106526,1.7133437492005998,3.179839269761368,2.472621786163447,3.003912506546678,-0.3392419331566039,1.8170087162363329,0.2097675880391792,2.5002641287197003
33.0,127.0,1000.552490234375,-4.38181940135786,-3.791399645366322,1.7133438437938382,3.179839270713236,2.4726217861634345,3.003912506546678,-0.3392419335486975,1.8170204036456632,0.2097675884456657,2.5002641287197003
33.0,127.0,1000.552490234375,-4.38181940135786,-3.79139965099529,1.7133437492005998,3.179839269756043,2.4726217861649475,3.003912506546678,-0.3392419331790035,1.8170087162363329,0.2097675880583578,2.5002641287197003
33.0,127.0,1000.552490234375,-4.38181940135786,-3.79139962104935,1.7133438449386853,3.179839270671567,2.472621786165006,3.003912506546678,-0.3392415609063802,1.8170075024891987,0.209767588400436,2.5002641287197003
33.0,127.0,1000.552490234375,-4.38181940135786,-3.791399623038286,1.7133438449386853,3.179839270671567,2.4726217861604725,3.003912506546678,-0.3392415609063802,1.8170082789129407,0.2097675886363876,2.5002641287197003
33.0,127.0,1000.552490234375,-4.38181940135786,-3.791399378678616,1.713343843839183,3.179839269754114,2.47262178616486,3.0039125016148045,-0.3392419335486975,1.817010376332781,0.2097675885946487,2.5002641287197003
33.0,127.0,1000.552490234375,-4.38181940135786,-3.791399548921184,1.7133438437938382,3.1798392697076188,2.4726217861633986,3.003912506546678,-0.3392419335536152,1.817020284307352,0.2097675884456657,2.5002641287197003
33.0,127.0,1000.552490234375,-4.38181940135786,-3.79139955106526,1.7133437492005998,3.179839269761368,2.472621786163447,3.003912506546678,-0.3392419331566039,1.8170087162363329,0.2097675880391792,2.5002641287197003
33.0,127.0,1000.552490234375,-4.38181940135786,-3.791399623038286,1.7133438449386853,3.179839270671567,2.4726217861604725,3.003912506546678,-0.3392415609063802,1.8170082789129407,0.2097675886363876,2.5002641287197003
33.0,127.0,1000.552490234375,-4.38181940135786,-3.791399606872481,1.7133438822902212,3.179839269772267,2.472621786166396,3.003912506546678,-0.339241933029441,1.817008622072901,0.2097675880277683,2.5002641287197003
33.0,127.0,1000.552490234375,-4.38181940135786,-3.791399640437205,1.7133438437938382,3.179839269754114,2.472621786163482,3.003912506546678,-0.3392415771926659,1.817010376332781,0.2097675883992359,2.5002641287197003
33.0,127.0,1000.552490234375,-4.38181940135786,-3.79139955106526,1.7133437492005998,3.179839269754114,2.4726217861634505,3.003912506546678,-0.3392419335671684,1.817008772178307,0.2097675873443364,2.5002641287197003
33.0,127.0,1000.552490234375,-4.38181940135786,-3.791399623807969,1.7133438449386853,3.179839270673637,2.4726217861604725,3.003912506546678,-0.3392415609063802,1.817021133787183,0.2097675886363876,2.5002641287197003
33.0,127.0,1000.552490234375,-4.38181940135786,-3.791399523190571,1.7133437492005998,3.179839269761368,2.4726217861666853,3.003912506546678,-0.3392419331566039,1.8170087162363329,0.2097675880460671,2.5002641287197003
33.0,127.0,1000.552490234375,-4.38181940135786,-3.791399648789661,1.7133438437938382,3.179839269754114,2.4726217861648974,3.003912506546678,-0.339241546181478,1.817010376332781,0.2097675883992359,2.5002641287197003
33.0,127.0,1000.552490234375,-4.38181940135786,-3.7913996488512143,1.7133438437938382,3.179839269754114,2.4726217861648974,3.003912506546678,-0.3392419335486975,1.817020284307352,0.2097675884456657,2.5002641287197003
33.0,127.0,1000.552490234375,-4.38181940135786,-3.79139962104935,1.7133438449386853,3.179839270671567,2.472621786165361,3.003912506546678,-0.3392415609063802,1.8170036142788115,0.209767588400436,2.5002641287197003
33.0,127.0,1000.552490234375,-4.38181940135786,-3.7913996488512143,1.7133438697616086,3.179839269754114,2.4726217861648974,3.003912506546678,-0.3392419374632249,1.817020843573756,0.2097675884456657,2.5002641287197003
33.0,127.0,1000.552490234375,-4.38181940135786,-3.7913996488528463,1.7133438437938382,3.179839269754114,2.4726217861648974,3.003912506546678,-0.339241546181478,1.817010376332781,0.2097675883992359,2.5002641287197003
33.0,127.0,1000.552490234375,-4.38181940135786,-3.7913996489907857,1.7133438427074048,3.179839269754114,2.4726217861648974,3.003912506546678,-0.3392419554068242,1.817010376332781,0.2097675884476521,2.5002641287197003
33.0,127.0,1000.552490234375,-4.38181940135786,-3.791399648863776,1.713343843994348,3.179839269754114,2.4726217861648974,3.003912506546678,-0.3392419335486975,1.8170167130346075,0.2097675884456657,2.5002641287197003
33.0,127.0,1000.552490234375,-4.38181940135786,-3.79139955106526,1.7133437492005998,3.179839269761368,2.472621786163447,3.003912506546678,-0.3392419331566039,1.817010338476807,0.2097675880062812,2.5002641287197003
33.0,127.0,1000.552490234375,-4.38181940135786,-3.791399550624981,1.7133438437938382,3.1798392697076783,2.4726217861648974,3.003912506546678,-0.3392419335486975,1.817020284307352,0.2097675884456657,2.5002641287197003
33.0,127.0,1000.552490234375,-4.38181940135786,-3.791399378678616,1.7133438421588312,3.179839269754114,2.47262178616486,3.0039125016148045,-0.3392419331695415,1.817010376332781,0.2097675884612365,2.5002641287197003
33.0,127.0,1000.552490234375,-4.38181940135786,-3.791399648081532,1.7133438437938382,3.179839269752044,2.4726217861648974,3.003912506546678,-0.3392419335486975,1.817007988699514,0.2097675884456657,2.5002641287197003
33.0,127.0,1000.552490234375,-4.38181940135786,-3.7913996469702935,1.713343843571987,3.179839269754114,2.4726217861648974,3.003912506546678,-0.3392419335206518,1.8170116060286416,0.2097675884456657,2.5002641287197003
33.0,127.0,1000.552490234375,-4.38181940135786,-3.7913996488528463,1.7133438437938382,3.1798392697616267,2.4726217861648974,3.003912506546678,-0.339241546181478,1.817010376332781,0.2097675880657319,2.5002641287197003
33.0,127.0,1000.552490234375,-4.38181940135786,-3.7913996488512143,1.7133438437938382,3.179839269754114,2.4726217861648974,3.003912506546678,-0.3392415739796885,1.817020843573756,0.2097675884446401,2.5002641287197003
33.0,127.0,1000.552490234375,-4.38181940135786,-3.7913996491058857,1.7133438457127557,3.1798392697562115,2.472621786166396,3.003912506546678,-0.3392419335746661,1.817008622072901,0.2097675880277683,2.5002641287197003
33.0,127.0,1000.552490234375,-4.38181940135786,-3.791399640764038,1.7133786329490484,3.179839269754114,2.472621786163476,3.003912506546678,-0.3392415619304845,1.81701050021943,0.2097675883992359,2.5002641287197003
33.0,127.0,1000.552490234375,-4.38181940135786,-3.791399651224327,1.7133437445719688,3.179839269756043,2.472621786164896,3.003912506546678,-0.3392419331790035,1.8170087162363329,0.2097675884585782,2.5002641287197003
33.0,127.0,1000.552490234375,-4.38181940135786,-3.791399623807969,1.7133438449386853,3.179839270673637,2.472621786160229,3.003912501552981,-0.3392415609063802,1.817021133787183,0.2097675886363876,2.5002641287197003
33.0,127.0,1000.552490234375,-4.38181940135786,-3.79139955106526,1.7133437492005998,3.1798392697542446,2.472621786163447,3.003912506546678,-0.3392419384739174,1.8170087956920875,0.2097675880192936,2.5002641287197003
33.0,127.0,1000.552490234375,-4.38181940135786,-3.791399605451765,1.713343842056025,3.1798392700888245,2.472621786166453,3.0039124819457084,-0.3392419331683571,1.8170088131872493,0.2097675884651187,2.5002641287197003
33.0,128.0,1000.5496826171876,-4.38181940135786,-3.79139962104935,1.7100069368105928,3.179839270671567,2.472621786165006,3.003912506546678,-0.3392415609063802,1.816996587536208,0.2097675884447331,2.5002641287197003
33.0,128.0,1000.5516357421876,-4.38181940135786,-3.793003244071557,1.7100069368105928,3.179839270671567,2.472621786165006,3.003912506546678,-0.3392415609063802,1.816996587536208,0.2097675884447331,2.5002641287197003
33.0,128.0,1000.5524291992188,-4.38181940135786,-3.791399551631811,1.7133438421428246,3.179839392482698,2.4726217861634487,3.0039124819457084,-0.3392419331683571,1.8170448124093133,0.2097675884577703,2.5002641287197003
33.0,128.0,1000.5524291992188,-4.38181940135786,-3.791399647416053,1.7133438838114765,3.1798392697522155,2.472621786164924,3.003912481855054,-0.3392419335486975,1.817037137603669,0.2097675884456657,2.5002641287197003
33.0,128.0,1000.5524291992188,-4.38181940135786,-3.791399553052527,1.7133438823770208,3.1798393921661408,2.472621786163391,3.003912506546678,-0.339241933029441,1.817044621294965,0.2097675880204199,2.5002641287197003
33.0,128.0,1000.5524291992188,-4.38181940135786,-3.7913996406275534,1.713343885200859,3.179839269754275,2.472621786164924,3.003912481855054,-0.3392415763772633,1.817037137603669,0.2097675884456657,2.5002641287197003
33.0,128.0,1000.552490234375,-4.38181940135786,-3.7913996488512143,1.7133438437938382,3.179839269754114,2.4726217861648974,3.003912506546678,-0.3392419335486975,1.817020284307352,0.2097675884456657,2.5002641287197003
33.0,128.0,1000.552490234375,-4.38181940135786,-3.7913996488528463,1.7133438437938382,3.179839269754114,2.4726217861648974,3.003912506546678,-0.3392419335486975,1.817010376332781,0.2097675873295057,2.5002641287197003
33.0,128.0,1000.552490234375,-4.38181940135786,-3.7913996488528463,1.7133438437938382,3.179839269754114,2.4726217861648974,3.003912506546678,-0.339241546181478,1.817010376332781,0.2097675883992359,2.5002641287197003
33.0,128.0,1000.552490234375,-4.38181940135786,-3.7913996488512143,1.7133438437938382,3.179839269754114,2.4726217861648974,3.003912506546678,-0.3392419335486975,1.817020843573756,0.2097675884456657,2.5002641287197003
33.0,128.0,1000.552490234375,-4.38181940135786,-3.79139955106526,1.7133437492005998,3.179839269754114,2.4726217861634487,3.003912506546678,-0.3392419331839212,1.8170087162363329,0.2097675880583578,2.5002641287197003
33.0,128.0,1000.552490234375,-4.38181940135786,-3.7913996488528463,1.7133438437938382,3.179839269754114,2.4726217861648974,3.003912506546678,-0.339241546181478,1.817010376332781,0.2097675883992359,2.5002641287197003
33.0,128.0,1000.552490234375,-4.38181940135786,-3.7913996488512143,1.7133438437938382,3.179839269709548,2.4726217861648974,3.003912506546678,-0.3392419335486975,1.817020284307352,0.2097675884456657,2.5002641287197003
33.0,128.0,1000.552490234375,-4.38181940135786,-3.7913996488528463,1.7133438437938382,3.179839269754114,2.4726217861648974,3.003912506546678,-0.3392419335486975,1.817010376332781,0.2097675873295057,2.5002641287197003
33.0,128.0,1000.552490234375,-4.38181940135786,-3.79139955106526,1.7133437492005998,3.179839269761368,2.472621786163447,3.003912506546678,-0.3392419331566039,1.8170087162363329,0.2097675880391792,2.5002641287197003
33.0,128.0,1000.552490234375,-4.38181940135786,-3.791399640437205,1.7133438437938382,3.179839269754114,2.472621786163482,3.003912506546678,-0.3392415771926659,1.817010376332781,0.2097675883992359,2.5002641287197003
33.0,128.0,1000.552490234375,-4.38181940135786,-3.79139964885624,1.713343843571987,3.179839269754114,2.4726217861648974,3.003912506546678,-0.3392419335195332,1.8170093031413632,0.2097675884456657,2.5002641287197003
33.0,128.0,1000.552490234375,-4.38181940135786,-3.791399648858801,1.7133438437938382,3.179839269754114,2.4726217861648974,3.003912506546678,-0.3392419335486975,1.817010376332781,0.2097675873115554,2.5002641287197003
33.0,128.0,1000.552490234375,-4.38181940135786,-3.79139955106526,1.7133437492005998,3.179839269761368,2.472621786163447,3.003912506546678,-0.3392419331566039,1.8170087162363329,0.2097675880391792,2.5002641287197003
33.0,128.0,1000.552490234375,-4.38181940135786,-3.791399645366322,1.7133438437938382,3.179839270713236,2.4726217861634345,3.003912506546678,-0.3392419335486975,1.8170204036456632,0.2097675884456657,2.5002641287197003
33.0,128.0,1000.552490234375,-4.38181940135786,-3.79139965099529,1.7133437492005998,3.179839269756043,2.4726217861649475,3.003912506546678,-0.3392419331790035,1.8170087162363329,0.2097675880583578,2.5002641287197003
33.0,128.0,1000.552490234375,-4.38181940135786,-3.79139962104935,1.7133438449386853,3.179839270671567,2.472621786165006,3.003912506546678,-0.3392415609063802,1.8170075024891987,0.209767588400436,2.5002641287197003
33.0,128.0,1000.552490234375,-4.38181940135786,-3.791399623038286,1.7133438449386853,3.179839270671567,2.4726217861604725,3.003912506546678,-0.3392415609063802,1.8170082789129407,0.2097675886363876,2.5002641287197003
33.0,128.0,1000.552490234375,-4.38181940135786,-3.791399378678616,1.713343843839183,3.179839269754114,2.47262178616486,3.0039125016148045,-0.3392419335486975,1.817010376332781,0.2097675885946487,2.5002641287197003
33.0,128.0,1000.552490234375,-4.38181940135786,-3.791399548921184,1.7133438437938382,3.1798392697076188,2.4726217861633986,3.003912506546678,-0.3392419335536152,1.817020284307352,0.2097675884456657,2.5002641287197003
33.0,128.0,1000.552490234375,-4.38181940135786,-3.79139955106526,1.7133437492005998,3.179839269761368,2.472621786163447,3.003912506546678,-0.3392419331566039,1.8170087162363329,0.2097675880391792,2.5002641287197003
33.0,128.0,1000.552490234375,-4.38181940135786,-3.791399623038286,1.7133438449386853,3.179839270671567,2.4726217861604725,3.003912506546678,-0.3392415609063802,1.8170082789129407,0.2097675886363876,2.5002641287197003
33.0,128.0,1000.552490234375,-4.38181940135786,-3.791399606872481,1.7133438822902212,3.179839269772267,2.472621786166396,3.003912506546678,-0.339241933029441,1.817008622072901,0.2097675880277683,2.5002641287197003
33.0,128.0,1000.552490234375,-4.38181940135786,-3.791399640437205,1.7133438437938382,3.179839269754114,2.472621786163482,3.003912506546678,-0.3392415771926659,1.817010376332781,0.2097675883992359,2.5002641287197003
33.0,128.0,1000.552490234375,-4.38181940135786,-3.79139955106526,1.7133437492005998,3.179839269754114,2.4726217861634505,3.003912506546678,-0.3392419335671684,1.817008772178307,0.2097675873443364,2.5002641287197003
33.0,128.0,1000.552490234375,-4.38181940135786,-3.791399623807969,1.7133438449386853,3.179839270673637,2.4726217861604725,3.003912506546678,-0.3392415609063802,1.817021133787183,0.2097675886363876,2.5002641287197003
33.0,128.0,1000.552490234375,-4.38181940135786,-3.791399523190571,1.7133437492005998,3.179839269761368,2.4726217861666853,3.003912506546678,-0.3392419331566039,1.8170087162363329,0.2097675880460671,2.5002641287197003
33.0,128.0,1000.552490234375,-4.38181940135786,-3.791399648789661,1.7133438437938382,3.179839269754114,2.4726217861648974,3.003912506546678,-0.339241546181478,1.817010376332781,0.2097675883992359,2.5002641287197003
33.0,128.0,1000.552490234375,-4.38181940135786,-3.7913996488512143,1.7133438437938382,3.179839269754114,2.4726217861648974,3.003912506546678,-0.3392419335486975,1.817020284307352,0.2097675884456657,2.5002641287197003
33.0,128.0,1000.552490234375,-4.38181940135786,-3.79139962104935,1.7133438449386853,3.179839270671567,2.472621786165361,3.003912506546678,-0.3392415609063802,1.8170036142788115,0.209767588400436,2.5002641287197003
33.0,128.0,1000.552490234375,-4.38181940135786,-3.7913996488512143,1.7133438697616086,3.179839269754114,2.4726217861648974,3.003912506546678,-0.3392419374632249,1.817020843573756,0.2097675884456657,2.5002641287197003
33.0,128.0,1000.552490234375,-4.38181940135786,-3.7913996488528463,1.7133438437938382,3.179839269754114,2.4726217861648974,3.003912506546678,-0.339241546181478,1.817010376332781,0.2097675883992359,2.5002641287197003
33.0,128.0,1000.552490234375,-4.38181940135786,-3.7913996489907857,1.7133438427074048,3.179839269754114,2.4726217861648974,3.003912506546678,-0.3392419554068242,1.817010376332781,0.2097675884476521,2.5002641287197003
33.0,128.0,1000.552490234375,-4.38181940135786,-3.791399648863776,1.713343843994348,3.179839269754114,2.4726217861648974,3.003912506546678,-0.3392419335486975,1.8170167130346075,0.2097675884456657,2.5002641287197003
33.0,128.0,1000.552490234375,-4.38181940135786,-3.79139955106526,1.7133437492005998,3.179839269761368,2.472621786163447,3.003912506546678,-0.3392419331566039,1.817010338476807,0.2097675880062812,2.5002641287197003
33.0,128.0,1000.552490234375,-4.38181940135786,-3.791399550624981,1.7133438437938382,3.1798392697076783,2.4726217861648974,3.003912506546678,-0.3392419335486975,1.817020284307352,0.2097675884456657,2.5002641287197003
33.0,128.0,1000.552490234375,-4.38181940135786,-3.791399378678616,1.7133438421588312,3.179839269754114,2.47262178616486,3.0039125016148045,-0.3392419331695415,1.817010376332781,0.2097675884612365,2.5002641287197003
33.0,128.0,1000.552490234375,-4.38181940135786,-3.791399648081532,1.7133438437938382,3.179839269752044,2.4726217861648974,3.003912506546678,-0.3392419335486975,1.817007988699514,0.2097675884456657,2.5002641287197003
33.0,128.0,1000.552490234375,-4.38181940135786,-3.7913996469702935,1.713343843571987,3.179839269754114,2.4726217861648974,3.003912506546678,-0.3392419335206518,1.8170116060286416,0.2097675884456657,2.5002641287197003
33.0,128.0,1000.552490234375,-4.38181940135786,-3.7913996488528463,1.7133438437938382,3.1798392697616267,2.4726217861648974,3.003912506546678,-0.339241546181478,1.817010376332781,0.2097675880657319,2.5002641287197003
33.0,128.0,1000.552490234375,-4.38181940135786,-3.7913996488512143,1.7133438437938382,3.179839269754114,2.4726217861648974,3.003912506546678,-0.3392415739796885,1.817020843573756,0.2097675884446401,2.5002641287197003
33.0,128.0,1000.552490234375,-4.38181940135786,-3.7913996491058857,1.7133438457127557,3.1798392697562115,2.472621786166396,3.003912506546678,-0.3392419335746661,1.817008622072901,0.2097675880277683,2.5002641287197003
33.0,128.0,1000.552490234375,-4.38181940135786,-3.791399640764038,1.7133786329490484,3.179839269754114,2.472621786163476,3.003912506546678,-0.3392415619304845,1.81701050021943,0.2097675883992359,2.5002641287197003
33.0,128.0,1000.552490234375,-4.38181940135786,-3.791399651224327,1.7133437445719688,3.179839269756043,2.472621786164896,3.003912506546678,-0.3392419331790035,1.8170087162363329,0.2097675884585782,2.5002641287197003
33.0,128.0,1000.552490234375,-4.38181940135786,-3.791399623807969,1.7133438449386853,3.179839270673637,2.472621786160229,3.003912501552981,-0.3392415609063802,1.817021133787183,0.2097675886363876,2.5002641287197003
33.0,129.0,1000.5496826171876,-4.38181940135786,-3.79139962104935,1.7100069368105928,3.179839270671567,2.472621786165006,3.003912506546678,-0.3392415609063802,1.816996587536208,0.2097675884447331,2.5002641287197003
33.0,129.0,1000.5516357421876,-4.38181940135786,-3.793003244071557,1.7100069368105928,3.179839270671567,2.472621786165006,3.003912506546678,-0.3392415609063802,1.816996587536208,0.2097675884447331,2.5002641287197003
33.0,129.0,1000.5524291992188,-4.38181940135786,-3.791399551631811,1.7133438421428246,3.179839392482698,2.4726217861634487,3.0039124819457084,-0.3392419331683571,1.8170448124093133,0.2097675884577703,2.5002641287197003
33.0,129.0,1000.5524291992188,-4.38181940135786,-3.791399647416053,1.7133438838114765,3.1798392697522155,2.472621786164924,3.003912481855054,-0.3392419335486975,1.817037137603669,0.2097675884456657,2.5002641287197003
33.0,129.0,1000.5524291992188,-4.38181940135786,-3.791399553052527,1.7133438823770208,3.1798393921661408,2.472621786163391,3.003912506546678,-0.339241933029441,1.817044621294965,0.2097675880204199,2.5002641287197003
33.0,129.0,1000.5524291992188,-4.38181940135786,-3.7913996406275534,1.713343885200859,3.179839269754275,2.472621786164924,3.003912481855054,-0.3392415763772633,1.817037137603669,0.2097675884456657,2.5002641287197003
33.0,129.0,1000.5524291992188,-4.38181940135786,-3.791399647416053,1.7133438838114765,3.179839270418724,2.472621786164924,3.003912481855054,-0.3392419335144321,1.817037137603669,0.2097675884456657,2.5002641287197003
33.0,129.0,1000.5524291992188,-4.38181940135786,-3.791399649003543,1.7133438838114765,3.1798392697522155,2.472621786164924,3.003912481855054,-0.3392419335486975,1.817037137603669,0.2097675884456657,2.5002641287197003
33.0,129.0,1000.5524291992188,-4.38181940135786,-3.791399562092478,1.7133438823770208,3.1798393921661408,2.4726217861634514,3.003912506546678,-0.3392419553842418,1.817044621294965,0.2097675884428722,2.5002641287197003
33.0,129.0,1000.5524291992188,-4.38181940135786,-3.791399551631811,1.7133438421428246,3.1798393918161905,2.4726217861634487,3.0039124819457084,-0.3392419332026224,1.8170448124093133,0.2097675884577703,2.5002641287197003
33.0,129.0,1000.5524291992188,-4.38181940135786,-3.791399648714623,1.7133438836364177,3.179839269754275,2.472621786164896,3.003912506715835,-0.3392415463115182,1.817037137603669,0.2097675884456657,2.5002641287197003
33.0,129.0,1000.552490234375,-4.38181940135786,-3.7913996488512143,1.7133438437938382,3.179839269754114,2.4726217861648974,3.003912506546678,-0.3392419335486975,1.817020284307352,0.2097675884456657,2.5002641287197003
33.0,129.0,1000.552490234375,-4.38181940135786,-3.7913996488528463,1.7133438437938382,3.179839269754114,2.4726217861648974,3.003912506546678,-0.3392419335486975,1.817010376332781,0.2097675873295057,2.5002641287197003
33.0,129.0,1000.552490234375,-4.38181940135786,-3.7913996488528463,1.7133438437938382,3.179839269754114,2.4726217861648974,3.003912506546678,-0.339241546181478,1.817010376332781,0.2097675883992359,2.5002641287197003
33.0,129.0,1000.552490234375,-4.38181940135786,-3.7913996488512143,1.7133438437938382,3.179839269754114,2.4726217861648974,3.003912506546678,-0.3392419335486975,1.817020843573756,0.2097675884456657,2.5002641287197003
33.0,129.0,1000.552490234375,-4.38181940135786,-3.79139955106526,1.7133437492005998,3.179839269754114,2.4726217861634487,3.003912506546678,-0.3392419331839212,1.8170087162363329,0.2097675880583578,2.5002641287197003
33.0,129.0,1000.552490234375,-4.38181940135786,-3.7913996488528463,1.7133438437938382,3.179839269754114,2.4726217861648974,3.003912506546678,-0.339241546181478,1.817010376332781,0.2097675883992359,2.5002641287197003
33.0,129.0,1000.552490234375,-4.38181940135786,-3.7913996488512143,1.7133438437938382,3.179839269709548,2.4726217861648974,3.003912506546678,-0.3392419335486975,1.817020284307352,0.2097675884456657,2.5002641287197003
33.0,129.0,1000.552490234375,-4.38181940135786,-3.7913996488528463,1.7133438437938382,3.179839269754114,2.4726217861648974,3.003912506546678,-0.3392419335486975,1.817010376332781,0.2097675873295057,2.5002641287197003
33.0,129.0,1000.552490234375,-4.38181940135786,-3.79139955106526,1.7133437492005998,3.179839269761368,2.472621786163447,3.003912506546678,-0.3392419331566039,1.8170087162363329,0.2097675880391792,2.5002641287197003
33.0,129.0,1000.552490234375,-4.38181940135786,-3.791399640437205,1.7133438437938382,3.179839269754114,2.472621786163482,3.003912506546678,-0.3392415771926659,1.817010376332781,0.2097675883992359,2.5002641287197003
33.0,129.0,1000.552490234375,-4.38181940135786,-3.79139964885624,1.713343843571987,3.179839269754114,2.4726217861648974,3.003912506546678,-0.3392419335195332,1.8170093031413632,0.2097675884456657,2.5002641287197003
33.0,129.0,1000.552490234375,-4.38181940135786,-3.791399648858801,1.7133438437938382,3.179839269754114,2.4726217861648974,3.003912506546678,-0.3392419335486975,1.817010376332781,0.2097675873115554,2.5002641287197003
33.0,129.0,1000.552490234375,-4.38181940135786,-3.79139955106526,1.7133437492005998,3.179839269761368,2.472621786163447,3.003912506546678,-0.3392419331566039,1.8170087162363329,0.2097675880391792,2.5002641287197003
33.0,129.0,1000.552490234375,-4.38181940135786,-3.791399645366322,1.7133438437938382,3.179839270713236,2.4726217861634345,3.003912506546678,-0.3392419335486975,1.8170204036456632,0.2097675884456657,2.5002641287197003
33.0,129.0,1000.552490234375,-4.38181940135786,-3.79139965099529,1.7133437492005998,3.179839269756043,2.4726217861649475,3.003912506546678,-0.3392419331790035,1.8170087162363329,0.2097675880583578,2.5002641287197003
33.0,129.0,1000.552490234375,-4.38181940135786,-3.79139962104935,1.7133438449386853,3.179839270671567,2.472621786165006,3.003912506546678,-0.3392415609063802,1.8170075024891987,0.209767588400436,2.5002641287197003
33.0,129.0,1000.552490234375,-4.38181940135786,-3.791399623038286,1.7133438449386853,3.179839270671567,2.4726217861604725,3.003912506546678,-0.3392415609063802,1.8170082789129407,0.2097675886363876,2.5002641287197003
33.0,129.0,1000.552490234375,-4.38181940135786,-3.791399378678616,1.713343843839183,3.179839269754114,2.47262178616486,3.0039125016148045,-0.3392419335486975,1.817010376332781,0.2097675885946487,2.5002641287197003
33.0,129.0,1000.552490234375,-4.38181940135786,-3.791399548921184,1.7133438437938382,3.1798392697076188,2.4726217861633986,3.003912506546678,-0.3392419335536152,1.817020284307352,0.2097675884456657,2.5002641287197003
33.0,129.0,1000.552490234375,-4.38181940135786,-3.79139955106526,1.7133437492005998,3.179839269761368,2.472621786163447,3.003912506546678,-0.3392419331566039,1.8170087162363329,0.2097675880391792,2.5002641287197003
33.0,129.0,1000.552490234375,-4.38181940135786,-3.791399623038286,1.7133438449386853,3.179839270671567,2.4726217861604725,3.003912506546678,-0.3392415609063802,1.8170082789129407,0.2097675886363876,2.5002641287197003
33.0,129.0,1000.552490234375,-4.38181940135786,-3.791399606872481,1.7133438822902212,3.179839269772267,2.472621786166396,3.003912506546678,-0.339241933029441,1.817008622072901,0.2097675880277683,2.5002641287197003
33.0,129.0,1000.552490234375,-4.38181940135786,-3.791399640437205,1.7133438437938382,3.179839269754114,2.472621786163482,3.003912506546678,-0.3392415771926659,1.817010376332781,0.2097675883992359,2.5002641287197003
33.0,129.0,1000.552490234375,-4.38181940135786,-3.79139955106526,1.7133437492005998,3.179839269754114,2.4726217861634505,3.003912506546678,-0.3392419335671684,1.817008772178307,0.2097675873443364,2.5002641287197003
33.0,129.0,1000.552490234375,-4.38181940135786,-3.791399623807969,1.7133438449386853,3.179839270673637,2.4726217861604725,3.003912506546678,-0.3392415609063802,1.817021133787183,0.2097675886363876,2.5002641287197003
33.0,129.0,1000.552490234375,-4.38181940135786,-3.791399523190571,1.7133437492005998,3.179839269761368,2.4726217861666853,3.003912506546678,-0.3392419331566039,1.8170087162363329,0.2097675880460671,2.5002641287197003
33.0,129.0,1000.552490234375,-4.38181940135786,-3.791399648789661,1.7133438437938382,3.179839269754114,2.4726217861648974,3.003912506546678,-0.339241546181478,1.817010376332781,0.2097675883992359,2.5002641287197003
33.0,129.0,1000.552490234375,-4.38181940135786,-3.7913996488512143,1.7133438437938382,3.179839269754114,2.4726217861648974,3.003912506546678,-0.3392419335486975,1.817020284307352,0.2097675884456657,2.5002641287197003
33.0,129.0,1000.552490234375,-4.38181940135786,-3.79139962104935,1.7133438449386853,3.179839270671567,2.472621786165361,3.003912506546678,-0.3392415609063802,1.8170036142788115,0.209767588400436,2.5002641287197003
33.0,129.0,1000.552490234375,-4.38181940135786,-3.7913996488512143,1.7133438697616086,3.179839269754114,2.4726217861648974,3.003912506546678,-0.3392419374632249,1.817020843573756,0.2097675884456657,2.5002641287197003
33.0,129.0,1000.552490234375,-4.38181940135786,-3.7913996488528463,1.7133438437938382,3.179839269754114,2.4726217861648974,3.003912506546678,-0.339241546181478,1.817010376332781,0.2097675883992359,2.5002641287197003
33.0,129.0,1000.552490234375,-4.38181940135786,-3.7913996489907857,1.7133438427074048,3.179839269754114,2.4726217861648974,3.003912506546678,-0.3392419554068242,1.817010376332781,0.2097675884476521,2.5002641287197003
33.0,129.0,1000.552490234375,-4.38181940135786,-3.791399648863776,1.713343843994348,3.179839269754114,2.4726217861648974,3.003912506546678,-0.3392419335486975,1.8170167130346075,0.2097675884456657,2.5002641287197003
33.0,129.0,1000.552490234375,-4.38181940135786,-3.79139955106526,1.7133437492005998,3.179839269761368,2.472621786163447,3.003912506546678,-0.3392419331566039,1.817010338476807,0.2097675880062812,2.5002641287197003
33.0,129.0,1000.552490234375,-4.38181940135786,-3.791399550624981,1.7133438437938382,3.1798392697076783,2.4726217861648974,3.003912506546678,-0.3392419335486975,1.817020284307352,0.2097675884456657,2.5002641287197003
33.0,129.0,1000.552490234375,-4.38181940135786,-3.791399378678616,1.7133438421588312,3.179839269754114,2.47262178616486,3.0039125016148045,-0.3392419331695415,1.817010376332781,0.2097675884612365,2.5002641287197003
33.0,129.0,1000.552490234375,-4.38181940135786,-3.791399648081532,1.7133438437938382,3.179839269752044,2.4726217861648974,3.003912506546678,-0.3392419335486975,1.817007988699514,0.2097675884456657,2.5002641287197003
33.0,129.0,1000.552490234375,-4.38181940135786,-3.7913996469702935,1.713343843571987,3.179839269754114,2.4726217861648974,3.003912506546678,-0.3392419335206518,1.8170116060286416,0.2097675884456657,2.5002641287197003
33.0,129.0,1000.552490234375,-4.38181940135786,-3.7913996488528463,1.7133438437938382,3.1798392697616267,2.4726217861648974,3.003912506546678,-0.339241546181478,1.817010376332781,0.2097675880657319,2.5002641287197003
33.0,130.0,1000.5496826171876,-4.38181940135786,-3.79139962104935,1.7100069368105928,3.179839270671567,2.472621786165006,3.003912506546678,-0.3392415609063802,1.816996587536208,0.2097675884447331,2.5002641287197003
33.0,130.0,1000.5498046875,-4.38181940135786,-3.79139961907431,1.7100620252810468,3.1798392697566134,2.472621786163499,3.003912506546678,-0.3392419400515538,1.817010338476807,0.2097675880062812,2.5002641287197003
33.0,130.0,1000.5516357421876,-4.38181940135786,-3.793003244071557,1.7100069368105928,3.179839270671567,2.472621786165006,3.003912506546678,-0.3392415609063802,1.816996587536208,0.2097675884447331,2.5002641287197003
33.0,130.0,1000.5516357421876,-4.38181940135786,-3.793003244071557,1.7100069368105928,3.179839270671567,2.4726217861650057,3.0039125070680663,-0.3392415609063802,1.8170386200854447,0.2097675884447331,2.5002641287197003
33.0,130.0,1000.5518188476562,-4.38181940135786,-3.791399562232686,1.7133438845299802,3.1798393921661408,2.4726217861634514,3.003912506546678,-0.3392419553842418,1.817045703516197,0.1922289724603703,2.5002641287197003
33.0,130.0,1000.5524291992188,-4.38181940135786,-3.791399551631811,1.7133438421428246,3.179839392482698,2.4726217861634487,3.0039124819457084,-0.3392419331683571,1.8170448124093133,0.2097675884577703,2.5002641287197003
33.0,130.0,1000.5524291992188,-4.38181940135786,-3.791399647416053,1.7133438838114765,3.1798392697522155,2.472621786164924,3.003912481855054,-0.3392419335486975,1.817037137603669,0.2097675884456657,2.5002641287197003
33.0,130.0,1000.5524291992188,-4.38181940135786,-3.791399553052527,1.7133438823770208,3.1798393921661408,2.472621786163391,3.003912506546678,-0.339241933029441,1.817044621294965,0.2097675880204199,2.5002641287197003
33.0,130.0,1000.5524291992188,-4.38181940135786,-3.7913996406275534,1.713343885200859,3.179839269754275,2.472621786164924,3.003912481855054,-0.3392415763772633,1.817037137603669,0.2097675884456657,2.5002641287197003
33.0,130.0,1000.5524291992188,-4.38181940135786,-3.791399647416053,1.7133438838114765,3.179839270418724,2.472621786164924,3.003912481855054,-0.3392419335144321,1.817037137603669,0.2097675884456657,2.5002641287197003
33.0,130.0,1000.5524291992188,-4.38181940135786,-3.791399649003543,1.7133438838114765,3.1798392697522155,2.472621786164924,3.003912481855054,-0.3392419335486975,1.817037137603669,0.2097675884456657,2.5002641287197003
33.0,130.0,1000.5524291992188,-4.38181940135786,-3.791399562092478,1.7133438823770208,3.1798393921661408,2.4726217861634514,3.003912506546678,-0.3392419553842418,1.817044621294965,0.2097675884428722,2.5002641287197003
33.0,130.0,1000.5524291992188,-4.38181940135786,-3.791399551631811,1.7133438421428246,3.1798393918161905,2.4726217861634487,3.0039124819457084,-0.3392419332026224,1.8170448124093133,0.2097675884577703,2.5002641287197003
33.0,130.0,1000.5524291992188,-4.38181940135786,-3.791399648714623,1.7133438836364177,3.179839269754275,2.472621786164896,3.003912506715835,-0.3392415463115182,1.817037137603669,0.2097675884456657,2.5002641287197003
33.0,130.0,1000.5524291992188,-4.38181940135786,-3.791399642958798,1.7133438421428246,3.1798393918161905,2.4726217861634487,3.0039124819457084,-0.3392419332026224,1.8170451206065403,0.2097675884577703,2.5002641287197003
33.0,130.0,1000.5524291992188,-4.38181940135786,-3.791399553075849,1.7133438823770208,3.1798392672220888,2.472621786160492,3.003912506546678,-0.3392415660258667,1.817044621294965,0.2097675880204199,2.5002641287197003
33.0,130.0,1000.5524291992188,-4.38181940135786,-3.791399557676556,1.7133438838114765,3.1798392697522155,2.472621786164924,3.003912481855054,-0.3392419335486975,1.8170368294064416,0.2097675884456657,2.5002641287197003
33.0,130.0,1000.5524291992188,-4.38181940135786,-3.791399647433254,1.7133438838114765,3.179839269754104,2.472621786164924,3.003912481855054,-0.3392419335486975,1.817037137603669,0.2097675884456657,2.5002641287197003
33.0,130.0,1000.5524291992188,-4.38181940135786,-3.791399563132384,1.7133438798309797,3.179839269754114,2.4726217861648663,3.003912506546678,-0.339241546181478,1.8170430107428843,0.2097675883992359,2.5002641287197003
33.0,130.0,1000.552490234375,-4.38181940135786,-3.7913996488512143,1.7133438437938382,3.179839269754114,2.4726217861648974,3.003912506546678,-0.3392419335486975,1.817020284307352,0.2097675884456657,2.5002641287197003
33.0,130.0,1000.552490234375,-4.38181940135786,-3.7913996488528463,1.7133438437938382,3.179839269754114,2.4726217861648974,3.003912506546678,-0.3392419335486975,1.817010376332781,0.2097675873295057,2.5002641287197003
33.0,130.0,1000.552490234375,-4.38181940135786,-3.7913996488528463,1.7133438437938382,3.179839269754114,2.4726217861648974,3.003912506546678,-0.339241546181478,1.817010376332781,0.2097675883992359,2.5002641287197003
33.0,130.0,1000.552490234375,-4.38181940135786,-3.7913996488512143,1.7133438437938382,3.179839269754114,2.4726217861648974,3.003912506546678,-0.3392419335486975,1.817020843573756,0.2097675884456657,2.5002641287197003
33.0,130.0,1000.552490234375,-4.38181940135786,-3.79139955106526,1.7133437492005998,3.179839269754114,2.4726217861634487,3.003912506546678,-0.3392419331839212,1.8170087162363329,0.2097675880583578,2.5002641287197003
33.0,130.0,1000.552490234375,-4.38181940135786,-3.7913996488528463,1.7133438437938382,3.179839269754114,2.4726217861648974,3.003912506546678,-0.339241546181478,1.817010376332781,0.2097675883992359,2.5002641287197003
33.0,130.0,1000.552490234375,-4.38181940135786,-3.7913996488512143,1.7133438437938382,3.179839269709548,2.4726217861648974,3.003912506546678,-0.3392419335486975,1.817020284307352,0.2097675884456657,2.5002641287197003
33.0,130.0,1000.552490234375,-4.38181940135786,-3.7913996488528463,1.7133438437938382,3.179839269754114,2.4726217861648974,3.003912506546678,-0.3392419335486975,1.817010376332781,0.2097675873295057,2.5002641287197003
33.0,130.0,1000.552490234375,-4.38181940135786,-3.79139955106526,1.7133437492005998,3.179839269761368,2.472621786163447,3.003912506546678,-0.3392419331566039,1.8170087162363329,0.2097675880391792,2.5002641287197003
33.0,130.0,1000.552490234375,-4.38181940135786,-3.791399640437205,1.7133438437938382,3.179839269754114,2.472621786163482,3.003912506546678,-0.3392415771926659,1.817010376332781,0.2097675883992359,2.5002641287197003
33.0,130.0,1000.552490234375,-4.38181940135786,-3.79139964885624,1.713343843571987,3.179839269754114,2.4726217861648974,3.003912506546678,-0.3392419335195332,1.8170093031413632,0.2097675884456657,2.5002641287197003
33.0,130.0,1000.552490234375,-4.38181940135786,-3.791399648858801,1.7133438437938382,3.179839269754114,2.4726217861648974,3.003912506546678,-0.3392419335486975,1.817010376332781,0.2097675873115554,2.5002641287197003
33.0,130.0,1000.552490234375,-4.38181940135786,-3.79139955106526,1.7133437492005998,3.179839269761368,2.472621786163447,3.003912506546678,-0.3392419331566039,1.8170087162363329,0.2097675880391792,2.5002641287197003
33.0,130.0,1000.552490234375,-4.38181940135786,-3.791399645366322,1.7133438437938382,3.179839270713236,2.4726217861634345,3.003912506546678,-0.3392419335486975,1.8170204036456632,0.2097675884456657,2.5002641287197003
33.0,130.0,1000.552490234375,-4.38181940135786,-3.79139965099529,1.7133437492005998,3.179839269756043,2.4726217861649475,3.003912506546678,-0.3392419331790035,1.8170087162363329,0.2097675880583578,2.5002641287197003
33.0,130.0,1000.552490234375,-4.38181940135786,-3.79139962104935,1.7133438449386853,3.179839270671567,2.472621786165006,3.003912506546678,-0.3392415609063802,1.8170075024891987,0.209767588400436,2.5002641287197003
33.0,130.0,1000.552490234375,-4.38181940135786,-3.791399623038286,1.7133438449386853,3.179839270671567,2.4726217861604725,3.003912506546678,-0.3392415609063802,1.8170082789129407,0.2097675886363876,2.5002641287197003
33.0,130.0,1000.552490234375,-4.38181940135786,-3.791399378678616,1.713343843839183,3.179839269754114,2.47262178616486,3.0039125016148045,-0.3392419335486975,1.817010376332781,0.2097675885946487,2.5002641287197003
33.0,130.0,1000.552490234375,-4.38181940135786,-3.791399548921184,1.7133438437938382,3.1798392697076188,2.4726217861633986,3.003912506546678,-0.3392419335536152,1.817020284307352,0.2097675884456657,2.5002641287197003
33.0,130.0,1000.552490234375,-4.38181940135786,-3.79139955106526,1.7133437492005998,3.179839269761368,2.472621786163447,3.003912506546678,-0.3392419331566039,1.8170087162363329,0.2097675880391792,2.5002641287197003
33.0,130.0,1000.552490234375,-4.38181940135786,-3.791399623038286,1.7133438449386853,3.179839270671567,2.4726217861604725,3.003912506546678,-0.3392415609063802,1.8170082789129407,0.2097675886363876,2.5002641287197003
33.0,130.0,1000.552490234375,-4.38181940135786,-3.791399606872481,1.7133438822902212,3.179839269772267,2.472621786166396,3.003912506546678,-0.339241933029441,1.817008622072901,0.2097675880277683,2.5002641287197003
33.0,130.0,1000.552490234375,-4.38181940135786,-3.791399640437205,1.7133438437938382,3.179839269754114,2.472621786163482,3.003912506546678,-0.3392415771926659,1.817010376332781,0.2097675883992359,2.5002641287197003
33.0,130.0,1000.552490234375,-4.38181940135786,-3.79139955106526,1.7133437492005998,3.179839269754114,2.4726217861634505,3.003912506546678,-0.3392419335671684,1.817008772178307,0.2097675873443364,2.5002641287197003
33.0,130.0,1000.552490234375,-4.38181940135786,-3.791399623807969,1.7133438449386853,3.179839270673637,2.4726217861604725,3.003912506546678,-0.3392415609063802,1.817021133787183,0.2097675886363876,2.5002641287197003
33.0,130.0,1000.552490234375,-4.38181940135786,-3.791399523190571,1.7133437492005998,3.179839269761368,2.4726217861666853,3.003912506546678,-0.3392419331566039,1.8170087162363329,0.2097675880460671,2.5002641287197003
33.0,130.0,1000.552490234375,-4.38181940135786,-3.791399648789661,1.7133438437938382,3.179839269754114,2.4726217861648974,3.003912506546678,-0.339241546181478,1.817010376332781,0.2097675883992359,2.5002641287197003
33.0,130.0,1000.552490234375,-4.38181940135786,-3.7913996488512143,1.7133438437938382,3.179839269754114,2.4726217861648974,3.003912506546678,-0.3392419335486975,1.817020284307352,0.2097675884456657,2.5002641287197003
33.0,130.0,1000.552490234375,-4.38181940135786,-3.79139962104935,1.7133438449386853,3.179839270671567,2.472621786165361,3.003912506546678,-0.3392415609063802,1.8170036142788115,0.209767588400436,2.5002641287197003
33.0,130.0,1000.552490234375,-4.38181940135786,-3.7913996488512143,1.7133438697616086,3.179839269754114,2.4726217861648974,3.003912506546678,-0.3392419374632249,1.817020843573756,0.2097675884456657,2.5002641287197003
33.0,130.0,1000.552490234375,-4.38181940135786,-3.7913996488528463,1.7133438437938382,3.179839269754114,2.4726217861648974,3.003912506546678,-0.339241546181478,1.817010376332781,0.2097675883992359,2.5002641287197003
33.0,131.0,1000.5496826171876,-4.38181940135786,-3.79139962104935,1.7100069368105928,3.179839270671567,2.472621786165006,3.003912506546678,-0.3392415609063802,1.816996587536208,0.2097675884447331,2.5002641287197003
33.0,131.0,1000.5498046875,-4.38181940135786,-3.79139961907431,1.7100620252810468,3.1798392697566134,2.472621786163499,3.003912506546678,-0.3392419400515538,1.817010338476807,0.2097675880062812,2.5002641287197003
33.0,131.0,1000.5498046875,-4.38181940135786,-3.79139961907431,1.7100603212150605,3.1798392705998264,2.472621786163499,3.003912506546678,-0.3392416007528547,1.817010760171465,0.2097675880062812,2.5002641287197003
33.0,131.0,1000.5516357421876,-4.38181940135786,-3.793003244071557,1.7100069368105928,3.179839270671567,2.472621786165006,3.003912506546678,-0.3392415609063802,1.816996587536208,0.2097675884447331,2.5002641287197003
33.0,131.0,1000.5516357421876,-4.38181940135786,-3.793003244071557,1.7100069368105928,3.179839270671567,2.4726217861650057,3.0039125070680663,-0.3392415609063802,1.8170386200854447,0.2097675884447331,2.5002641287197003
33.0,131.0,1000.5516357421876,-4.38181940135786,-3.793003244071557,1.7100069368105928,3.179839270671567,2.472621786165006,3.003912506546678,-0.3392415609063802,1.817038303818859,0.2097675884447331,2.5002641287197003
33.0,131.0,1000.5518188476562,-4.38181940135786,-3.791399562232686,1.7133438845299802,3.1798393921661408,2.4726217861634514,3.003912506546678,-0.3392419553842418,1.817045703516197,0.1922289724603703,2.5002641287197003
33.0,131.0,1000.5524291992188,-4.38181940135786,-3.791399551631811,1.7133438421428246,3.179839392482698,2.4726217861634487,3.0039124819457084,-0.3392419331683571,1.8170448124093133,0.2097675884577703,2.5002641287197003
33.0,131.0,1000.5524291992188,-4.38181940135786,-3.791399647416053,1.7133438838114765,3.1798392697522155,2.472621786164924,3.003912481855054,-0.3392419335486975,1.817037137603669,0.2097675884456657,2.5002641287197003
33.0,131.0,1000.5524291992188,-4.38181940135786,-3.791399553052527,1.7133438823770208,3.1798393921661408,2.472621786163391,3.003912506546678,-0.339241933029441,1.817044621294965,0.2097675880204199,2.5002641287197003
33.0,131.0,1000.5524291992188,-4.38181940135786,-3.7913996406275534,1.713343885200859,3.179839269754275,2.472621786164924,3.003912481855054,-0.3392415763772633,1.817037137603669,0.2097675884456657,2.5002641287197003
33.0,131.0,1000.5524291992188,-4.38181940135786,-3.791399647416053,1.7133438838114765,3.179839270418724,2.472621786164924,3.003912481855054,-0.3392419335144321,1.817037137603669,0.2097675884456657,2.5002641287197003
33.0,131.0,1000.5524291992188,-4.38181940135786,-3.791399649003543,1.7133438838114765,3.1798392697522155,2.472621786164924,3.003912481855054,-0.3392419335486975,1.817037137603669,0.2097675884456657,2.5002641287197003
33.0,131.0,1000.5524291992188,-4.38181940135786,-3.791399562092478,1.7133438823770208,3.1798393921661408,2.4726217861634514,3.003912506546678,-0.3392419553842418,1.817044621294965,0.2097675884428722,2.5002641287197003
33.0,131.0,1000.5524291992188,-4.38181940135786,-3.791399551631811,1.7133438421428246,3.1798393918161905,2.4726217861634487,3.0039124819457084,-0.3392419332026224,1.8170448124093133,0.2097675884577703,2.5002641287197003
33.0,131.0,1000.5524291992188,-4.38181940135786,-3.791399648714623,1.7133438836364177,3.179839269754275,2.472621786164896,3.003912506715835,-0.3392415463115182,1.817037137603669,0.2097675884456657,2.5002641287197003
33.0,131.0,1000.5524291992188,-4.38181940135786,-3.791399642958798,1.7133438421428246,3.1798393918161905,2.4726217861634487,3.0039124819457084,-0.3392419332026224,1.8170451206065403,0.2097675884577703,2.5002641287197003
33.0,131.0,1000.5524291992188,-4.38181940135786,-3.791399553075849,1.7133438823770208,3.1798392672220888,2.472621786160492,3.003912506546678,-0.3392415660258667,1.817044621294965,0.2097675880204199,2.5002641287197003
33.0,131.0,1000.5524291992188,-4.38181940135786,-3.791399557676556,1.7133438838114765,3.1798392697522155,2.472621786164924,3.003912481855054,-0.3392419335486975,1.8170368294064416,0.2097675884456657,2.5002641287197003
33.0,131.0,1000.5524291992188,-4.38181940135786,-3.791399647433254,1.7133438838114765,3.179839269754104,2.472621786164924,3.003912481855054,-0.3392419335486975,1.817037137603669,0.2097675884456657,2.5002641287197003
33.0,131.0,1000.5524291992188,-4.38181940135786,-3.791399563132384,1.7133438798309797,3.179839269754114,2.4726217861648663,3.003912506546678,-0.339241546181478,1.8170430107428843,0.2097675883992359,2.5002641287197003
33.0,131.0,1000.5524291992188,-4.38181940135786,-3.79139956278054,1.7133438797022935,3.1798392697523177,2.472621786164924,3.003912482654249,-0.3392419542711801,1.817043020010097,0.20976758839735,2.5002641287197003
33.0,131.0,1000.5524291992188,-4.38181940135786,-3.79139964733894,1.7133438836364177,3.179839269754275,2.472621786164923,3.003912482884894,-0.339241950170136,1.817037137603669,0.2097675884456657,2.5002641287197003
33.0,131.0,1000.5524291992188,-4.38181940135786,-3.791399650111461,1.7133438838633273,3.179839269754104,2.472621786163454,3.003912506869668,-0.3392419528065307,1.81703715374262,0.2097675884456714,2.5002641287197003
33.0,131.0,1000.5524291992188,-4.38181940135786,-3.791399621422628,1.7133438823770208,3.1798392642649485,2.472621786163391,3.003912506546678,-0.339241933029441,1.817044621294965,0.2097675880204199,2.5002641287197003
33.0,131.0,1000.5524291992188,-4.38181940135786,-3.791399647767897,1.713343883940163,3.1798392697540123,2.4726217861648663,3.003912505747483,-0.3392415254589954,1.8170371283364568,0.2097675884475515,2.5002641287197003
33.0,131.0,1000.5524291992188,-4.38181940135786,-3.791399640663199,1.7133438830559404,3.179839269754114,2.4726217861648974,3.003912506546678,-0.339241545181599,1.817036918832968,0.2097675883992359,2.5002641287197003
33.0,131.0,1000.5524291992188,-4.38181940135786,-3.791399648808937,1.7133438838114765,3.179839269754104,2.472621786164896,3.0039125056859954,-0.3392415296900797,1.817037137603669,0.2097675884456657,2.5002641287197003
33.0,131.0,1000.5524291992188,-4.38181940135786,-3.791399557676556,1.7133438823928078,3.1798392697522155,2.472621786164924,3.003912481855054,-0.3392419335486975,1.8170369759885097,0.2097675884436726,2.5002641287197003
33.0,131.0,1000.5524291992188,-4.38181940135786,-3.791399647416053,1.7133438838114765,3.1798392697522155,2.472621786164924,3.003912481855054,-0.3392419335486975,1.817037137603669,0.2097675884456657,2.5002641287197003
33.0,131.0,1000.552490234375,-4.38181940135786,-3.7913996488512143,1.7133438437938382,3.179839269754114,2.4726217861648974,3.003912506546678,-0.3392419335486975,1.817020284307352,0.2097675884456657,2.5002641287197003
33.0,131.0,1000.552490234375,-4.38181940135786,-3.7913996488528463,1.7133438437938382,3.179839269754114,2.4726217861648974,3.003912506546678,-0.3392419335486975,1.817010376332781,0.2097675873295057,2.5002641287197003
33.0,131.0,1000.552490234375,-4.38181940135786,-3.7913996488528463,1.7133438437938382,3.179839269754114,2.4726217861648974,3.003912506546678,-0.339241546181478,1.817010376332781,0.2097675883992359,2.5002641287197003
33.0,131.0,1000.552490234375,-4.38181940135786,-3.7913996488512143,1.7133438437938382,3.179839269754114,2.4726217861648974,3.003912506546678,-0.3392419335486975,1.817020843573756,0.2097675884456657,2.5002641287197003
33.0,131.0,1000.552490234375,-4.38181940135786,-3.79139955106526,1.7133437492005998,3.179839269754114,2.4726217861634487,3.003912506546678,-0.3392419331839212,1.8170087162363329,0.2097675880583578,2.5002641287197003
33.0,131.0,1000.552490234375,-4.38181940135786,-3.7913996488528463,1.7133438437938382,3.179839269754114,2.4726217861648974,3.003912506546678,-0.339241546181478,1.817010376332781,0.2097675883992359,2.5002641287197003
33.0,131.0,1000.552490234375,-4.38181940135786,-3.7913996488512143,1.7133438437938382,3.179839269709548,2.4726217861648974,3.003912506546678,-0.3392419335486975,1.817020284307352,0.2097675884456657,2.5002641287197003
33.0,131.0,1000.552490234375,-4.38181940135786,-3.7913996488528463,1.7133438437938382,3.179839269754114,2.4726217861648974,3.003912506546678,-0.3392419335486975,1.817010376332781,0.2097675873295057,2.5002641287197003
33.0,131.0,1000.552490234375,-4.38181940135786,-3.79139955106526,1.7133437492005998,3.179839269761368,2.472621786163447,3.003912506546678,-0.3392419331566039,1.8170087162363329,0.2097675880391792,2.5002641287197003
33.0,131.0,1000.552490234375,-4.38181940135786,-3.791399640437205,1.7133438437938382,3.179839269754114,2.472621786163482,3.003912506546678,-0.3392415771926659,1.817010376332781,0.2097675883992359,2.5002641287197003
33.0,131.0,1000.552490234375,-4.38181940135786,-3.79139964885624,1.713343843571987,3.179839269754114,2.4726217861648974,3.003912506546678,-0.3392419335195332,1.8170093031413632,0.2097675884456657,2.5002641287197003
33.0,131.0,1000.552490234375,-4.38181940135786,-3.791399648858801,1.7133438437938382,3.179839269754114,2.4726217861648974,3.003912506546678,-0.3392419335486975,1.817010376332781,0.2097675873115554,2.5002641287197003
33.0,131.0,1000.552490234375,-4.38181940135786,-3.79139955106526,1.7133437492005998,3.179839269761368,2.472621786163447,3.003912506546678,-0.3392419331566039,1.8170087162363329,0.2097675880391792,2.5002641287197003
33.0,131.0,1000.552490234375,-4.38181940135786,-3.791399645366322,1.7133438437938382,3.179839270713236,2.4726217861634345,3.003912506546678,-0.3392419335486975,1.8170204036456632,0.2097675884456657,2.5002641287197003
33.0,131.0,1000.552490234375,-4.38181940135786,-3.79139965099529,1.7133437492005998,3.179839269756043,2.4726217861649475,3.003912506546678,-0.3392419331790035,1.8170087162363329,0.2097675880583578,2.5002641287197003
33.0,131.0,1000.552490234375,-4.38181940135786,-3.79139962104935,1.7133438449386853,3.179839270671567,2.472621786165006,3.003912506546678,-0.3392415609063802,1.8170075024891987,0.209767588400436,2.5002641287197003
33.0,131.0,1000.552490234375,-4.38181940135786,-3.791399623038286,1.7133438449386853,3.179839270671567,2.4726217861604725,3.003912506546678,-0.3392415609063802,1.8170082789129407,0.2097675886363876,2.5002641287197003
33.0,131.0,1000.552490234375,-4.38181940135786,-3.791399378678616,1.713343843839183,3.179839269754114,2.47262178616486,3.0039125016148045,-0.3392419335486975,1.817010376332781,0.2097675885946487,2.5002641287197003
33.0,131.0,1000.552490234375,-4.38181940135786,-3.791399548921184,1.7133438437938382,3.1798392697076188,2.4726217861633986,3.003912506546678,-0.3392419335536152,1.817020284307352,0.2097675884456657,2.5002641287197003
33.0,131.0,1000.552490234375,-4.38181940135786,-3.79139955106526,1.7133437492005998,3.179839269761368,2.472621786163447,3.003912506546678,-0.3392419331566039,1.8170087162363329,0.2097675880391792,2.5002641287197003
33.0,132.0,1000.5496826171876,-4.38181940135786,-3.79139962104935,1.7100069368105928,3.179839270671567,2.472621786165006,3.003912506546678,-0.3392415609063802,1.816996587536208,0.2097675884447331,2.5002641287197003
33.0,132.0,1000.5496826171876,-4.38181940135786,-3.79139962104935,1.7100069368105928,3.179839270671567,2.472621786165006,3.003912506546678,-0.3392415609063802,1.816996587536208,0.2097675884447331,2.5002641287197003
33.0,132.0,1000.5496826171876,-4.38181940135786,-3.79139962104935,1.7100069368105928,3.179839270671567,2.472621786165006,3.003912506546678,-0.3392415609063802,1.816996587536208,0.2097675884447331,2.5002641287197003
33.0,132.0,1000.5497436523438,-4.38181940135786,-3.791417926655845,1.7100069113855882,3.179839269779543,2.472621786165006,3.003912506546678,-0.3392415609063802,1.8170101659074287,0.2097675880177481,2.5002641287197003
33.0,132.0,1000.5498046875,-4.38181940135786,-3.79139961907431,1.7100620252810468,3.1798392697566134,2.472621786163499,3.003912506546678,-0.3392419400515538,1.817010338476807,0.2097675880062812,2.5002641287197003
33.0,132.0,1000.5498046875,-4.38181940135786,-3.79139961907431,1.7100603212150605,3.1798392705998264,2.472621786163499,3.003912506546678,-0.3392416007528547,1.817010760171465,0.2097675880062812,2.5002641287197003
33.0,132.0,1000.5516357421876,-4.38181940135786,-3.793003244071557,1.7100069368105928,3.179839270671567,2.472621786165006,3.003912506546678,-0.3392415609063802,1.816996587536208,0.2097675884447331,2.5002641287197003
33.0,132.0,1000.5516357421876,-4.38181940135786,-3.793003244071557,1.7100069368105928,3.179839270671567,2.4726217861650057,3.0039125070680663,-0.3392415609063802,1.8170386200854447,0.2097675884447331,2.5002641287197003
33.0,132.0,1000.5516357421876,-4.38181940135786,-3.793003244071557,1.7100069368105928,3.179839270671567,2.472621786165006,3.003912506546678,-0.3392415609063802,1.817038303818859,0.2097675884447331,2.5002641287197003
33.0,132.0,1000.5516357421876,-4.38181940135786,-3.793054292767009,1.7100069368105928,3.179839270671567,2.4726217861650057,3.0039125070680663,-0.339241936380364,1.8170369023106807,0.2097675884447369,2.5002641287197003
33.0,132.0,1000.5516357421876,-4.38181940135786,-3.793003244071557,1.7100069368105928,3.179839270671567,2.4726217861650057,3.0039125070680663,-0.3392415609063802,1.8170386200854447,0.2097675884447331,2.5002641287197003
33.0,132.0,1000.5518188476562,-4.38181940135786,-3.791399562232686,1.7133438845299802,3.1798393921661408,2.4726217861634514,3.003912506546678,-0.3392419553842418,1.817045703516197,0.1922289724603703,2.5002641287197003
33.0,132.0,1000.5521240234376,-4.38181940135786,-3.791399557676556,1.7133438838114765,3.1798392653016085,2.472621786163419,3.003912481855054,-0.3392419335486975,1.8170368294064416,0.1924830036755746,2.5002641287197003
33.0,132.0,1000.5524291992188,-4.38181940135786,-3.791399551631811,1.7133438421428246,3.179839392482698,2.4726217861634487,3.0039124819457084,-0.3392419331683571,1.8170448124093133,0.2097675884577703,2.5002641287197003
33.0,132.0,1000.5524291992188,-4.38181940135786,-3.791399647416053,1.7133438838114765,3.1798392697522155,2.472621786164924,3.003912481855054,-0.3392419335486975,1.817037137603669,0.2097675884456657,2.5002641287197003
33.0,132.0,1000.5524291992188,-4.38181940135786,-3.791399553052527,1.7133438823770208,3.1798393921661408,2.472621786163391,3.003912506546678,-0.339241933029441,1.817044621294965,0.2097675880204199,2.5002641287197003
33.0,132.0,1000.5524291992188,-4.38181940135786,-3.7913996406275534,1.713343885200859,3.179839269754275,2.472621786164924,3.003912481855054,-0.3392415763772633,1.817037137603669,0.2097675884456657,2.5002641287197003
33.0,132.0,1000.5524291992188,-4.38181940135786,-3.791399647416053,1.7133438838114765,3.179839270418724,2.472621786164924,3.003912481855054,-0.3392419335144321,1.817037137603669,0.2097675884456657,2.5002641287197003
33.0,132.0,1000.5524291992188,-4.38181940135786,-3.791399649003543,1.7133438838114765,3.1798392697522155,2.472621786164924,3.003912481855054,-0.3392419335486975,1.817037137603669,0.2097675884456657,2.5002641287197003
33.0,132.0,1000.5524291992188,-4.38181940135786,-3.791399562092478,1.7133438823770208,3.1798393921661408,2.4726217861634514,3.003912506546678,-0.3392419553842418,1.817044621294965,0.2097675884428722,2.5002641287197003
33.0,132.0,1000.5524291992188,-4.38181940135786,-3.791399551631811,1.7133438421428246,3.1798393918161905,2.4726217861634487,3.0039124819457084,-0.3392419332026224,1.8170448124093133,0.2097675884577703,2.5002641287197003
33.0,132.0,1000.5524291992188,-4.38181940135786,-3.791399648714623,1.7133438836364177,3.179839269754275,2.472621786164896,3.003912506715835,-0.3392415463115182,1.817037137603669,0.2097675884456657,2.5002641287197003
33.0,132.0,1000.5524291992188,-4.38181940135786,-3.791399642958798,1.7133438421428246,3.1798393918161905,2.4726217861634487,3.0039124819457084,-0.3392419332026224,1.8170451206065403,0.2097675884577703,2.5002641287197003
33.0,132.0,1000.5524291992188,-4.38181940135786,-3.791399553075849,1.7133438823770208,3.1798392672220888,2.472621786160492,3.003912506546678,-0.3392415660258667,1.817044621294965,0.2097675880204199,2.5002641287197003
33.0,132.0,1000.5524291992188,-4.38181940135786,-3.791399557676556,1.7133438838114765,3.1798392697522155,2.472621786164924,3.003912481855054,-0.3392419335486975,1.8170368294064416,0.2097675884456657,2.5002641287197003
33.0,132.0,1000.5524291992188,-4.38181940135786,-3.791399647433254,1.7133438838114765,3.179839269754104,2.472621786164924,3.003912481855054,-0.3392419335486975,1.817037137603669,0.2097675884456657,2.5002641287197003
33.0,132.0,1000.5524291992188,-4.38181940135786,-3.791399563132384,1.7133438798309797,3.179839269754114,2.4726217861648663,3.003912506546678,-0.339241546181478,1.8170430107428843,0.2097675883992359,2.5002641287197003
33.0,132.0,1000.5524291992188,-4.38181940135786,-3.79139956278054,1.7133438797022935,3.1798392697523177,2.472621786164924,3.003912482654249,-0.3392419542711801,1.817043020010097,0.20976758839735,2.5002641287197003
33.0,132.0,1000.5524291992188,-4.38181940135786,-3.79139964733894,1.7133438836364177,3.179839269754275,2.472621786164923,3.003912482884894,-0.339241950170136,1.817037137603669,0.2097675884456657,2.5002641287197003
33.0,132.0,1000.5524291992188,-4.38181940135786,-3.791399650111461,1.7133438838633273,3.179839269754104,2.472621786163454,3.003912506869668,-0.3392419528065307,1.81703715374262,0.2097675884456714,2.5002641287197003
33.0,132.0,1000.5524291992188,-4.38181940135786,-3.791399621422628,1.7133438823770208,3.1798392642649485,2.472621786163391,3.003912506546678,-0.339241933029441,1.817044621294965,0.2097675880204199,2.5002641287197003
33.0,132.0,1000.5524291992188,-4.38181940135786,-3.791399647767897,1.713343883940163,3.1798392697540123,2.4726217861648663,3.003912505747483,-0.3392415254589954,1.8170371283364568,0.2097675884475515,2.5002641287197003
33.0,132.0,1000.5524291992188,-4.38181940135786,-3.791399640663199,1.7133438830559404,3.179839269754114,2.4726217861648974,3.003912506546678,-0.339241545181599,1.817036918832968,0.2097675883992359,2.5002641287197003
33.0,132.0,1000.5524291992188,-4.38181940135786,-3.791399648808937,1.7133438838114765,3.179839269754104,2.472621786164896,3.0039125056859954,-0.3392415296900797,1.817037137603669,0.2097675884456657,2.5002641287197003
33.0,132.0,1000.5524291992188,-4.38181940135786,-3.791399557676556,1.7133438823928078,3.1798392697522155,2.472621786164924,3.003912481855054,-0.3392419335486975,1.8170369759885097,0.2097675884436726,2.5002641287197003
33.0,132.0,1000.5524291992188,-4.38181940135786,-3.791399647416053,1.7133438838114765,3.1798392697522155,2.472621786164924,3.003912481855054,-0.3392419335486975,1.817037137603669,0.2097675884456657,2.5002641287197003
33.0,132.0,1000.5524291992188,-4.38181940135786,-3.791399636396444,1.71334384452614,3.1798393918161905,2.4726217861634487,3.0039124827976726,-0.3392419258719278,1.8170451206065403,0.2097675880092636,2.5002641287197003
33.0,132.0,1000.5524291992188,-4.38181940135786,-3.7913995630537687,1.7133438798309797,3.17983939738648,2.4726217861648663,3.003912506546678,-0.339241546181478,1.8170430467076784,0.2097675883765487,2.5002641287197003
33.0,132.0,1000.5524291992188,-4.38181940135786,-3.791399647416053,1.7133438838114765,3.1798392697522155,2.472621786164924,3.003912481855054,-0.3392419335486975,1.817037138578388,0.2097675884456657,2.5002641287197003
33.0,132.0,1000.5524291992188,-4.38181940135786,-3.79139964589817,1.7133438823830949,3.179839269754104,2.472621786163454,3.003912506874434,-0.3392419528065307,1.8170453662344976,0.2097675884456714,2.5002641287197003
33.0,132.0,1000.5524291992188,-4.38181940135786,-3.7913995531311424,1.7133438823770208,3.1798392645337747,2.472621786163391,3.003912506546678,-0.339241933029441,1.817044585330171,0.209767588043107,2.5002641287197003
33.0,132.0,1000.5524291992188,-4.38181940135786,-3.7913996406275534,1.7131993946359223,3.179839270687689,2.472621786164924,3.003912505923244,-0.3392415763772633,1.817037137603669,0.209767588445573,2.5002641287197003
33.0,132.0,1000.5524291992188,-4.38181940135786,-3.791399653550485,1.7133438421428246,3.179839392482698,2.4726217861648774,3.0039124819457084,-0.3392419335630655,1.81703648164013,0.2097675884577703,2.5002641287197003
33.0,132.0,1000.5524291992188,-4.38181940135786,-3.791399558159181,1.7133438838114765,3.1798392697522155,2.472621786164924,3.003912481855054,-0.3392415877156667,1.817037137603669,0.2097675884456657,2.5002641287197003
33.0,132.0,1000.5524291992188,-4.38181940135786,-3.791399558317453,1.713343883935856,3.179839270671567,2.4726217861604725,3.003912506546678,-0.3392415636624888,1.8170361003736168,0.2097675886363876,2.5002641287197003
33.0,132.0,1000.552490234375,-4.38181940135786,-3.7913996488512143,1.7133438437938382,3.179839269754114,2.4726217861648974,3.003912506546678,-0.3392419335486975,1.817020284307352,0.2097675884456657,2.5002641287197003
33.0,132.0,1000.552490234375,-4.38181940135786,-3.7913996488528463,1.7133438437938382,3.179839269754114,2.4726217861648974,3.003912506546678,-0.3392419335486975,1.817010376332781,0.2097675873295057,2.5002641287197003
33.0,132.0,1000.552490234375,-4.38181940135786,-3.7913996488528463,1.7133438437938382,3.179839269754114,2.4726217861648974,3.003912506546678,-0.339241546181478,1.817010376332781,0.2097675883992359,2.5002641287197003
33.0,132.0,1000.552490234375,-4.38181940135786,-3.7913996488512143,1.7133438437938382,3.179839269754114,2.4726217861648974,3.003912506546678,-0.3392419335486975,1.817020843573756,0.2097675884456657,2.5002641287197003
33.0,132.0,1000.552490234375,-4.38181940135786,-3.79139955106526,1.7133437492005998,3.179839269754114,2.4726217861634487,3.003912506546678,-0.3392419331839212,1.8170087162363329,0.2097675880583578,2.5002641287197003
33.0,133.0,1000.5496215820312,-4.38181940135786,-3.791399563132384,1.709837130064134,3.179839270706597,2.472621786164868,3.003912506546678,-0.3392415464426727,1.817043557572789,0.2097675884436426,2.5002641287197003
33.0,133.0,1000.5496826171876,-4.38181940135786,-3.79139962104935,1.7100069368105928,3.179839270671567,2.472621786165006,3.003912506546678,-0.3392415609063802,1.816996587536208,0.2097675884447331,2.5002641287197003
33.0,133.0,1000.5496826171876,-4.38181940135786,-3.79139962104935,1.7100069368105928,3.179839270671567,2.472621786165006,3.003912506546678,-0.3392415609063802,1.816996587536208,0.2097675884447331,2.5002641287197003
33.0,133.0,1000.5496826171876,-4.38181940135786,-3.79139962104935,1.7100069368105928,3.179839270671567,2.472621786165006,3.003912506546678,-0.3392415609063802,1.816996587536208,0.2097675884447331,2.5002641287197003
33.0,133.0,1000.5496826171876,-4.38181940135786,-3.791399558159181,1.7100175968736355,3.1798392697522155,2.472621786164924,3.003912484665473,-0.3392415877156667,1.8169972685776297,0.2097675884447123,2.5002641287197003
33.0,133.0,1000.5496826171876,-4.38181940135786,-3.79139962104935,1.7100069368105928,3.179839270671567,2.472621786165006,3.003912506546678,-0.3392415609063802,1.816996587536208,0.2097675884447331,2.5002641287197003
33.0,133.0,1000.5497436523438,-4.38181940135786,-3.791417926655845,1.7100069113855882,3.179839269779543,2.472621786165006,3.003912506546678,-0.3392415609063802,1.8170101659074287,0.2097675880177481,2.5002641287197003
33.0,133.0,1000.5497436523438,-4.38181940135786,-3.79139962104935,1.7100480403924236,3.179839270671567,2.472621786163471,3.003912506546678,-0.3392419467508371,1.8169958928065792,0.2097675884447331,2.5002641287197003
33.0,133.0,1000.5497436523438,-4.38181940135786,-3.791376683278148,1.7100069368105928,3.179839270671567,2.4726217861650097,3.003912506546678,-0.3392415609063802,1.817038303818859,0.209767588445594,2.5002641287197003
33.0,133.0,1000.5497436523438,-4.38181940135786,-3.79133020587381,1.7100656558330032,3.179839270671567,2.4726217861650057,3.0039125070805537,-0.3392415609063802,1.8170386200854447,0.2097675884447331,2.5002641287197003
33.0,133.0,1000.5497436523438,-4.38181940135786,-3.791417926655845,1.7100069113855882,3.179839269779543,2.472621786165006,3.003912506546678,-0.3392415609063802,1.8170101659074287,0.2097675880177481,2.5002641287197003
33.0,133.0,1000.5498046875,-4.38181940135786,-3.79139961907431,1.7100620252810468,3.1798392697566134,2.472621786163499,3.003912506546678,-0.3392419400515538,1.817010338476807,0.2097675880062812,2.5002641287197003
33.0,133.0,1000.5498046875,-4.38181940135786,-3.79139961907431,1.7100603212150605,3.1798392705998264,2.472621786163499,3.003912506546678,-0.3392416007528547,1.817010760171465,0.2097675880062812,2.5002641287197003
33.0,133.0,1000.5498046875,-4.38181940135786,-3.791441690526484,1.7099471772553012,3.1798393921661408,2.47262178616329,3.003912506546678,-0.339241933029441,1.817044621294965,0.2097675880204199,2.5002641287197003
33.0,133.0,1000.55126953125,-4.38181940135786,-3.7913995607813065,1.7133438838114765,3.1798392653016085,2.472621786163503,3.003912481855054,-0.3392415930422537,1.8170368294064416,0.2087624095819509,2.5002641287197003
33.0,133.0,1000.5516357421876,-4.38181940135786,-3.793003244071557,1.7100069368105928,3.179839270671567,2.472621786165006,3.003912506546678,-0.3392415609063802,1.816996587536208,0.2097675884447331,2.5002641287197003
33.0,133.0,1000.5516357421876,-4.38181940135786,-3.793003244071557,1.7100069368105928,3.179839270671567,2.4726217861650057,3.0039125070680663,-0.3392415609063802,1.8170386200854447,0.2097675884447331,2.5002641287197003
33.0,133.0,1000.5516357421876,-4.38181940135786,-3.793003244071557,1.7100069368105928,3.179839270671567,2.472621786165006,3.003912506546678,-0.3392415609063802,1.817038303818859,0.2097675884447331,2.5002641287197003
33.0,133.0,1000.5516357421876,-4.38181940135786,-3.793054292767009,1.7100069368105928,3.179839270671567,2.4726217861650057,3.0039125070680663,-0.339241936380364,1.8170369023106807,0.2097675884447369,2.5002641287197003
33.0,133.0,1000.5516357421876,-4.38181940135786,-3.793003244071557,1.7100069368105928,3.179839270671567,2.4726217861650057,3.0039125070680663,-0.3392415609063802,1.8170386200854447,0.2097675884447331,2.5002641287197003
33.0,133.0,1000.5516357421876,-4.38181940135786,-3.793003244071557,1.7100069368105928,3.179839270671567,2.4726217861650057,3.0039125070680663,-0.3392415609063802,1.8170386200854447,0.2097675884447331,2.5002641287197003
33.0,133.0,1000.5516357421876,-4.38181940135786,-3.793054292767009,1.7100069368105928,3.179839270671567,2.4726217861650017,3.003912506007295,-0.339241936380364,1.8170369023106807,0.2097675884447369,2.5002641287197003
33.0,133.0,1000.5516357421876,-4.38181940135786,-3.793054292767009,1.7100069368105928,3.179839270671567,2.4726217861650057,3.0039125070680663,-0.339241936380364,1.8170369023106807,0.2097675884447369,2.5002641287197003
33.0,133.0,1000.5518188476562,-4.38181940135786,-3.791399562232686,1.7133438845299802,3.1798393921661408,2.4726217861634514,3.003912506546678,-0.3392419553842418,1.817045703516197,0.1922289724603703,2.5002641287197003
33.0,133.0,1000.5521240234376,-4.38181940135786,-3.791399557676556,1.7133438838114765,3.1798392653016085,2.472621786163419,3.003912481855054,-0.3392419335486975,1.8170368294064416,0.1924830036755746,2.5002641287197003
33.0,133.0,1000.5524291992188,-4.38181940135786,-3.791399551631811,1.7133438421428246,3.179839392482698,2.4726217861634487,3.0039124819457084,-0.3392419331683571,1.8170448124093133,0.2097675884577703,2.5002641287197003
33.0,133.0,1000.5524291992188,-4.38181940135786,-3.791399647416053,1.7133438838114765,3.1798392697522155,2.472621786164924,3.003912481855054,-0.3392419335486975,1.817037137603669,0.2097675884456657,2.5002641287197003
33.0,133.0,1000.5524291992188,-4.38181940135786,-3.791399553052527,1.7133438823770208,3.1798393921661408,2.472621786163391,3.003912506546678,-0.339241933029441,1.817044621294965,0.2097675880204199,2.5002641287197003
33.0,133.0,1000.5524291992188,-4.38181940135786,-3.7913996406275534,1.713343885200859,3.179839269754275,2.472621786164924,3.003912481855054,-0.3392415763772633,1.817037137603669,0.2097675884456657,2.5002641287197003
33.0,133.0,1000.5524291992188,-4.38181940135786,-3.791399647416053,1.7133438838114765,3.179839270418724,2.472621786164924,3.003912481855054,-0.3392419335144321,1.817037137603669,0.2097675884456657,2.5002641287197003
33.0,133.0,1000.5524291992188,-4.38181940135786,-3.791399649003543,1.7133438838114765,3.1798392697522155,2.472621786164924,3.003912481855054,-0.3392419335486975,1.817037137603669,0.2097675884456657,2.5002641287197003
33.0,133.0,1000.5524291992188,-4.38181940135786,-3.791399562092478,1.7133438823770208,3.1798393921661408,2.4726217861634514,3.003912506546678,-0.3392419553842418,1.817044621294965,0.2097675884428722,2.5002641287197003
33.0,133.0,1000.5524291992188,-4.38181940135786,-3.791399551631811,1.7133438421428246,3.1798393918161905,2.4726217861634487,3.0039124819457084,-0.3392419332026224,1.8170448124093133,0.2097675884577703,2.5002641287197003
33.0,133.0,1000.5524291992188,-4.38181940135786,-3.791399648714623,1.7133438836364177,3.179839269754275,2.472621786164896,3.003912506715835,-0.3392415463115182,1.817037137603669,0.2097675884456657,2.5002641287197003
33.0,133.0,1000.5524291992188,-4.38181940135786,-3.791399642958798,1.7133438421428246,3.1798393918161905,2.4726217861634487,3.0039124819457084,-0.3392419332026224,1.8170451206065403,0.2097675884577703,2.5002641287197003
33.0,133.0,1000.5524291992188,-4.38181940135786,-3.791399553075849,1.7133438823770208,3.1798392672220888,2.472621786160492,3.003912506546678,-0.3392415660258667,1.817044621294965,0.2097675880204199,2.5002641287197003
33.0,133.0,1000.5524291992188,-4.38181940135786,-3.791399557676556,1.7133438838114765,3.1798392697522155,2.472621786164924,3.003912481855054,-0.3392419335486975,1.8170368294064416,0.2097675884456657,2.5002641287197003
33.0,133.0,1000.5524291992188,-4.38181940135786,-3.791399647433254,1.7133438838114765,3.179839269754104,2.472621786164924,3.003912481855054,-0.3392419335486975,1.817037137603669,0.2097675884456657,2.5002641287197003
33.0,133.0,1000.5524291992188,-4.38181940135786,-3.791399563132384,1.7133438798309797,3.179839269754114,2.4726217861648663,3.003912506546678,-0.339241546181478,1.8170430107428843,0.2097675883992359,2.5002641287197003
33.0,133.0,1000.5524291992188,-4.38181940135786,-3.79139956278054,1.7133438797022935,3.1798392697523177,2.472621786164924,3.003912482654249,-0.3392419542711801,1.817043020010097,0.20976758839735,2.5002641287197003
33.0,133.0,1000.5524291992188,-4.38181940135786,-3.79139964733894,1.7133438836364177,3.179839269754275,2.472621786164923,3.003912482884894,-0.339241950170136,1.817037137603669,0.2097675884456657,2.5002641287197003
33.0,133.0,1000.5524291992188,-4.38181940135786,-3.791399650111461,1.7133438838633273,3.179839269754104,2.472621786163454,3.003912506869668,-0.3392419528065307,1.81703715374262,0.2097675884456714,2.5002641287197003
33.0,133.0,1000.5524291992188,-4.38181940135786,-3.791399621422628,1.7133438823770208,3.1798392642649485,2.472621786163391,3.003912506546678,-0.339241933029441,1.817044621294965,0.2097675880204199,2.5002641287197003
33.0,133.0,1000.5524291992188,-4.38181940135786,-3.791399647767897,1.713343883940163,3.1798392697540123,2.4726217861648663,3.003912505747483,-0.3392415254589954,1.8170371283364568,0.2097675884475515,2.5002641287197003
33.0,133.0,1000.5524291992188,-4.38181940135786,-3.791399640663199,1.7133438830559404,3.179839269754114,2.4726217861648974,3.003912506546678,-0.339241545181599,1.817036918832968,0.2097675883992359,2.5002641287197003
33.0,133.0,1000.5524291992188,-4.38181940135786,-3.791399648808937,1.7133438838114765,3.179839269754104,2.472621786164896,3.0039125056859954,-0.3392415296900797,1.817037137603669,0.2097675884456657,2.5002641287197003
33.0,133.0,1000.5524291992188,-4.38181940135786,-3.791399557676556,1.7133438823928078,3.1798392697522155,2.472621786164924,3.003912481855054,-0.3392419335486975,1.8170369759885097,0.2097675884436726,2.5002641287197003
33.0,133.0,1000.5524291992188,-4.38181940135786,-3.791399647416053,1.7133438838114765,3.1798392697522155,2.472621786164924,3.003912481855054,-0.3392419335486975,1.817037137603669,0.2097675884456657,2.5002641287197003
33.0,133.0,1000.5524291992188,-4.38181940135786,-3.791399636396444,1.71334384452614,3.1798393918161905,2.4726217861634487,3.0039124827976726,-0.3392419258719278,1.8170451206065403,0.2097675880092636,2.5002641287197003
33.0,133.0,1000.5524291992188,-4.38181940135786,-3.7913995630537687,1.7133438798309797,3.17983939738648,2.4726217861648663,3.003912506546678,-0.339241546181478,1.8170430467076784,0.2097675883765487,2.5002641287197003
33.0,134.0,1000.5496215820312,-4.38181940135786,-3.791399563132384,1.709837130064134,3.179839270706597,2.472621786164868,3.003912506546678,-0.3392415464426727,1.817043557572789,0.2097675884436426,2.5002641287197003
33.0,134.0,1000.5496215820312,-4.38181940135786,-3.7913995630544095,1.709837130064134,3.1798393955830053,2.472621786164868,3.003912506546678,-0.3392415464426727,1.817043557572789,0.2097675884436426,2.5002641287197003
33.0,134.0,1000.5496826171876,-4.38181940135786,-3.79139962104935,1.7100069368105928,3.179839270671567,2.472621786165006,3.003912506546678,-0.3392415609063802,1.816996587536208,0.2097675884447331,2.5002641287197003
33.0,134.0,1000.5496826171876,-4.38181940135786,-3.79139962104935,1.7100069368105928,3.179839270671567,2.472621786165006,3.003912506546678,-0.3392415609063802,1.816996587536208,0.2097675884447331,2.5002641287197003
33.0,134.0,1000.5496826171876,-4.38181940135786,-3.79139962104935,1.7100069368105928,3.179839270671567,2.472621786165006,3.003912506546678,-0.3392415609063802,1.816996587536208,0.2097675884447331,2.5002641287197003
33.0,134.0,1000.5496826171876,-4.38181940135786,-3.791399558159181,1.7100175968736355,3.1798392697522155,2.472621786164924,3.003912484665473,-0.3392415877156667,1.8169972685776297,0.2097675884447123,2.5002641287197003
33.0,134.0,1000.5496826171876,-4.38181940135786,-3.79139962104935,1.7100069368105928,3.179839270671567,2.472621786165006,3.003912506546678,-0.3392415609063802,1.816996587536208,0.2097675884447331,2.5002641287197003
33.0,134.0,1000.5496826171876,-4.38181940135786,-3.791399558159181,1.7100175968736355,3.1798392697522155,2.472621786164924,3.003912484665473,-0.3392415877156667,1.8169972685776297,0.2097675884447123,2.5002641287197003
33.0,134.0,1000.5496826171876,-4.38181940135786,-3.79139961935282,1.7100069368105928,3.179839269739874,2.472621786164924,3.003912486405434,-0.3392415609063802,1.816996587536208,0.2097675884447331,2.5002641287197003
33.0,134.0,1000.5496826171876,-4.38181940135786,-3.79139962104935,1.7100069368105928,3.179839270671567,2.472621786165006,3.003912506546678,-0.3392415609063802,1.816996587536208,0.2097675884447331,2.5002641287197003
33.0,134.0,1000.5497436523438,-4.38181940135786,-3.791417926655845,1.7100069113855882,3.179839269779543,2.472621786165006,3.003912506546678,-0.3392415609063802,1.8170101659074287,0.2097675880177481,2.5002641287197003
33.0,134.0,1000.5497436523438,-4.38181940135786,-3.79139962104935,1.7100480403924236,3.179839270671567,2.472621786163471,3.003912506546678,-0.3392419467508371,1.8169958928065792,0.2097675884447331,2.5002641287197003
33.0,134.0,1000.5497436523438,-4.38181940135786,-3.791376683278148,1.7100069368105928,3.179839270671567,2.4726217861650097,3.003912506546678,-0.3392415609063802,1.817038303818859,0.209767588445594,2.5002641287197003
33.0,134.0,1000.5497436523438,-4.38181940135786,-3.79133020587381,1.7100656558330032,3.179839270671567,2.4726217861650057,3.0039125070805537,-0.3392415609063802,1.8170386200854447,0.2097675884447331,2.5002641287197003
33.0,134.0,1000.5497436523438,-4.38181940135786,-3.791417926655845,1.7100069113855882,3.179839269779543,2.472621786165006,3.003912506546678,-0.3392415609063802,1.8170101659074287,0.2097675880177481,2.5002641287197003
33.0,134.0,1000.5497436523438,-4.38181940135786,-3.791376683278148,1.7100069368105928,3.179839270671567,2.4726217861650097,3.003912506546678,-0.3392415609063802,1.817038303818859,0.209767588445594,2.5002641287197003
33.0,134.0,1000.5497436523438,-4.38181940135786,-3.791399648808937,1.7099889547678233,3.179839269754104,2.472621786164896,3.0039125056859954,-0.3392415296900797,1.817037137603669,0.209767588444713,2.5002641287197003
33.0,134.0,1000.5497436523438,-4.38181940135786,-3.79139968252259,1.7100069113855882,3.179839269779848,2.4726217861650093,3.003912505967422,-0.339241478338344,1.8170101659074287,0.2097675884644853,2.5002641287197003
33.0,134.0,1000.5498046875,-4.38181940135786,-3.79139961907431,1.7100620252810468,3.1798392697566134,2.472621786163499,3.003912506546678,-0.3392419400515538,1.817010338476807,0.2097675880062812,2.5002641287197003
33.0,134.0,1000.5498046875,-4.38181940135786,-3.79139961907431,1.7100603212150605,3.1798392705998264,2.472621786163499,3.003912506546678,-0.3392416007528547,1.817010760171465,0.2097675880062812,2.5002641287197003
33.0,134.0,1000.5498046875,-4.38181940135786,-3.791441690526484,1.7099471772553012,3.1798393921661408,2.47262178616329,3.003912506546678,-0.339241933029441,1.817044621294965,0.2097675880204199,2.5002641287197003
33.0,134.0,1000.5498046875,-4.38181940135786,-3.79139961907431,1.7100620252810468,3.1798392697566134,2.472621786163524,3.003912506546678,-0.3392419400515538,1.817010338476807,0.2097675880235542,2.5002641287197003
33.0,134.0,1000.5498657226562,-4.38181940135786,-3.791417926655845,1.7101170055397672,3.179839269779543,2.472621786163499,3.003912506546678,-0.3392415609063802,1.817010122478264,0.2097675880177481,2.5002641287197003
33.0,134.0,1000.55126953125,-4.38181940135786,-3.7913995607813065,1.7133438838114765,3.1798392653016085,2.472621786163503,3.003912481855054,-0.3392415930422537,1.8170368294064416,0.2087624095819509,2.5002641287197003
33.0,134.0,1000.5515747070312,-4.38181940135786,-3.793003244071557,1.709962460534822,3.179839270671567,2.472621786165005,3.003912506546678,-0.3392415609063802,1.817038303818859,0.2097675884449633,2.5002641287197003
33.0,134.0,1000.5516357421876,-4.38181940135786,-3.793003244071557,1.7100069368105928,3.179839270671567,2.472621786165006,3.003912506546678,-0.3392415609063802,1.816996587536208,0.2097675884447331,2.5002641287197003
33.0,134.0,1000.5516357421876,-4.38181940135786,-3.793003244071557,1.7100069368105928,3.179839270671567,2.4726217861650057,3.0039125070680663,-0.3392415609063802,1.8170386200854447,0.2097675884447331,2.5002641287197003
33.0,134.0,1000.5516357421876,-4.38181940135786,-3.793003244071557,1.7100069368105928,3.179839270671567,2.472621786165006,3.003912506546678,-0.3392415609063802,1.817038303818859,0.2097675884447331,2.5002641287197003
33.0,134.0,1000.5516357421876,-4.38181940135786,-3.793054292767009,1.7100069368105928,3.179839270671567,2.4726217861650057,3.0039125070680663,-0.339241936380364,1.8170369023106807,0.2097675884447369,2.5002641287197003
33.0,134.0,1000.5516357421876,-4.38181940135786,-3.793003244071557,1.7100069368105928,3.179839270671567,2.4726217861650057,3.0039125070680663,-0.3392415609063802,1.8170386200854447,0.2097675884447331,2.5002641287197003
33.0,134.0,1000.5516357421876,-4.38181940135786,-3.793003244071557,1.7100069368105928,3.179839270671567,2.4726217861650057,3.0039125070680663,-0.3392415609063802,1.8170386200854447,0.2097675884447331,2.5002641287197003
33.0,134.0,1000.5516357421876,-4.38181940135786,-3.793054292767009,1.7100069368105928,3.179839270671567,2.4726217861650017,3.003912506007295,-0.339241936380364,1.8170369023106807,0.2097675884447369,2.5002641287197003
33.0,134.0,1000.5516357421876,-4.38181940135786,-3.793054292767009,1.7100069368105928,3.179839270671567,2.4726217861650057,3.0039125070680663,-0.339241936380364,1.8170369023106807,0.2097675884447369,2.5002641287197003
33.0,134.0,1000.5516357421876,-4.38181940135786,-3.793003244071557,1.7100069368105928,3.179839270671567,2.4726217861650057,3.0039125061210226,-0.3392415609063802,1.8170386200854447,0.2097675884462854,2.5002641287197003
33.0,134.0,1000.5518188476562,-4.38181940135786,-3.791399562232686,1.7133438845299802,3.1798393921661408,2.4726217861634514,3.003912506546678,-0.3392419553842418,1.817045703516197,0.1922289724603703,2.5002641287197003
33.0,134.0,1000.5521240234376,-4.38181940135786,-3.791399557676556,1.7133438838114765,3.1798392653016085,2.472621786163419,3.003912481855054,-0.3392419335486975,1.8170368294064416,0.1924830036755746,2.5002641287197003
33.0,134.0,1000.5524291992188,-4.38181940135786,-3.791399551631811,1.7133438421428246,3.179839392482698,2.4726217861634487,3.0039124819457084,-0.3392419331683571,1.8170448124093133,0.2097675884577703,2.5002641287197003
33.0,134.0,1000.5524291992188,-4.38181940135786,-3.791399647416053,1.7133438838114765,3.1798392697522155,2.472621786164924,3.003912481855054,-0.3392419335486975,1.817037137603669,0.2097675884456657,2.5002641287197003
33.0,134.0,1000.5524291992188,-4.38181940135786,-3.791399553052527,1.7133438823770208,3.1798393921661408,2.472621786163391,3.003912506546678,-0.339241933029441,1.817044621294965,0.2097675880204199,2.5002641287197003
33.0,134.0,1000.5524291992188,-4.38181940135786,-3.7913996406275534,1.713343885200859,3.179839269754275,2.472621786164924,3.003912481855054,-0.3392415763772633,1.817037137603669,0.2097675884456657,2.5002641287197003
33.0,134.0,1000.5524291992188,-4.38181940135786,-3.791399647416053,1.7133438838114765,3.179839270418724,2.472621786164924,3.003912481855054,-0.3392419335144321,1.817037137603669,0.2097675884456657,2.5002641287197003
33.0,134.0,1000.5524291992188,-4.38181940135786,-3.791399649003543,1.7133438838114765,3.1798392697522155,2.472621786164924,3.003912481855054,-0.3392419335486975,1.817037137603669,0.2097675884456657,2.5002641287197003
33.0,134.0,1000.5524291992188,-4.38181940135786,-3.791399562092478,1.7133438823770208,3.1798393921661408,2.4726217861634514,3.003912506546678,-0.3392419553842418,1.817044621294965,0.2097675884428722,2.5002641287197003
33.0,134.0,1000.5524291992188,-4.38181940135786,-3.791399551631811,1.7133438421428246,3.1798393918161905,2.4726217861634487,3.0039124819457084,-0.3392419332026224,1.8170448124093133,0.2097675884577703,2.5002641287197003
33.0,134.0,1000.5524291992188,-4.38181940135786,-3.791399648714623,1.7133438836364177,3.179839269754275,2.472621786164896,3.003912506715835,-0.3392415463115182,1.817037137603669,0.2097675884456657,2.5002641287197003
33.0,134.0,1000.5524291992188,-4.38181940135786,-3.791399642958798,1.7133438421428246,3.1798393918161905,2.4726217861634487,3.0039124819457084,-0.3392419332026224,1.8170451206065403,0.2097675884577703,2.5002641287197003
33.0,134.0,1000.5524291992188,-4.38181940135786,-3.791399553075849,1.7133438823770208,3.1798392672220888,2.472621786160492,3.003912506546678,-0.3392415660258667,1.817044621294965,0.2097675880204199,2.5002641287197003
33.0,134.0,1000.5524291992188,-4.38181940135786,-3.791399557676556,1.7133438838114765,3.1798392697522155,2.472621786164924,3.003912481855054,-0.3392419335486975,1.8170368294064416,0.2097675884456657,2.5002641287197003
33.0,134.0,1000.5524291992188,-4.38181940135786,-3.791399647433254,1.7133438838114765,3.179839269754104,2.472621786164924,3.003912481855054,-0.3392419335486975,1.817037137603669,0.2097675884456657,2.5002641287197003
33.0,134.0,1000.5524291992188,-4.38181940135786,-3.791399563132384,1.7133438798309797,3.179839269754114,2.4726217861648663,3.003912506546678,-0.339241546181478,1.8170430107428843,0.2097675883992359,2.5002641287197003
33.0,135.0,1000.5494995117188,-4.38181940135786,-3.791418057195977,1.7097434158279152,3.1798392697524656,2.472621786165006,3.003912506546678,-0.339241941080572,1.8170101659074287,0.2097675880427152,2.5002641287197003
33.0,135.0,1000.5494995117188,-4.38181940135786,-3.791399563012359,1.7098405052288148,3.179839270671567,2.472621786165001,3.003912506546678,-0.3392415609063802,1.816996587536208,0.2097675884436376,2.5002641287197003
33.0,135.0,1000.5496215820312,-4.38181940135786,-3.791399563132384,1.709837130064134,3.179839270706597,2.472621786164868,3.003912506546678,-0.3392415464426727,1.817043557572789,0.2097675884436426,2.5002641287197003
33.0,135.0,1000.5496215820312,-4.38181940135786,-3.7913995630544095,1.709837130064134,3.1798393955830053,2.472621786164868,3.003912506546678,-0.3392415464426727,1.817043557572789,0.2097675884436426,2.5002641287197003
33.0,135.0,1000.5496215820312,-4.38181940135786,-3.79133020587381,1.709989024754112,3.179839269715814,2.4726217861648982,3.0039125070805537,-0.3392415607063654,1.8170386200854447,0.2097675884447331,2.5002641287197003
33.0,135.0,1000.5496215820312,-4.38181940135786,-3.79139962104935,1.709961815554373,3.179839270671567,2.472621786165006,3.003912506546678,-0.3392415609063802,1.816996587536208,0.2097675884449549,2.5002641287197003
33.0,135.0,1000.5496215820312,-4.38181940135786,-3.791399563132384,1.709837130064134,3.179839270718591,2.472621786164868,3.003912506546678,-0.3392415464426727,1.817043557572789,0.2097675884436426,2.5002641287197003
33.0,135.0,1000.5496826171876,-4.38181940135786,-3.79139962104935,1.7100069368105928,3.179839270671567,2.472621786165006,3.003912506546678,-0.3392415609063802,1.816996587536208,0.2097675884447331,2.5002641287197003
33.0,135.0,1000.5496826171876,-4.38181940135786,-3.79139962104935,1.7100069368105928,3.179839270671567,2.472621786165006,3.003912506546678,-0.3392415609063802,1.816996587536208,0.2097675884447331,2.5002641287197003
33.0,135.0,1000.5496826171876,-4.38181940135786,-3.79139962104935,1.7100069368105928,3.179839270671567,2.472621786165006,3.003912506546678,-0.3392415609063802,1.816996587536208,0.2097675884447331,2.5002641287197003
33.0,135.0,1000.5496826171876,-4.38181940135786,-3.791399558159181,1.7100175968736355,3.1798392697522155,2.472621786164924,3.003912484665473,-0.3392415877156667,1.8169972685776297,0.2097675884447123,2.5002641287197003
33.0,135.0,1000.5496826171876,-4.38181940135786,-3.79139962104935,1.7100069368105928,3.179839270671567,2.472621786165006,3.003912506546678,-0.3392415609063802,1.816996587536208,0.2097675884447331,2.5002641287197003
33.0,135.0,1000.5496826171876,-4.38181940135786,-3.791399558159181,1.7100175968736355,3.1798392697522155,2.472621786164924,3.003912484665473,-0.3392415877156667,1.8169972685776297,0.2097675884447123,2.5002641287197003
33.0,135.0,1000.5496826171876,-4.38181940135786,-3.79139961935282,1.7100069368105928,3.179839269739874,2.472621786164924,3.003912486405434,-0.3392415609063802,1.816996587536208,0.2097675884447331,2.5002641287197003
33.0,135.0,1000.5496826171876,-4.38181940135786,-3.79139962104935,1.7100069368105928,3.179839270671567,2.472621786165006,3.003912506546678,-0.3392415609063802,1.816996587536208,0.2097675884447331,2.5002641287197003
33.0,135.0,1000.5496826171876,-4.38181940135786,-3.79139962104935,1.7100069368105928,3.1798392656768377,2.472621786165006,3.0039124829736163,-0.3392415609063802,1.816996587536208,0.2097675884447331,2.5002641287197003
33.0,135.0,1000.5496826171876,-4.38181940135786,-3.791376683278148,1.7100069368105928,3.179839269734949,2.4726217861650097,3.003912506546678,-0.3392415609063802,1.817010100373999,0.209767588445594,2.5002641287197003
33.0,135.0,1000.5496826171876,-4.38181940135786,-3.79139962104935,1.7100078710119408,3.179839270671567,2.4726217861649658,3.003912506546678,-0.3392415477719086,1.8169965742333165,0.2097675884447331,2.5002641287197003
33.0,135.0,1000.5496826171876,-4.38181940135786,-3.7913766221553744,1.710017393808161,3.179839270717093,2.4726217861650106,3.003912509798415,-0.3392415607225046,1.8169972685776297,0.2097675884455972,2.5002641287197003
33.0,135.0,1000.5496826171876,-4.38181940135786,-3.7913777992550655,1.7100069368105928,3.179839270671567,2.472621786164927,3.003912506546678,-0.3392415609063802,1.816996128090724,0.209767588445594,2.5002641287197003
33.0,135.0,1000.5497436523438,-4.38181940135786,-3.791417926655845,1.7100069113855882,3.179839269779543,2.472621786165006,3.003912506546678,-0.3392415609063802,1.8170101659074287,0.2097675880177481,2.5002641287197003
33.0,135.0,1000.5497436523438,-4.38181940135786,-3.79139962104935,1.7100480403924236,3.179839270671567,2.472621786163471,3.003912506546678,-0.3392419467508371,1.8169958928065792,0.2097675884447331,2.5002641287197003
33.0,135.0,1000.5497436523438,-4.38181940135786,-3.791376683278148,1.7100069368105928,3.179839270671567,2.4726217861650097,3.003912506546678,-0.3392415609063802,1.817038303818859,0.209767588445594,2.5002641287197003
33.0,135.0,1000.5497436523438,-4.38181940135786,-3.79133020587381,1.7100656558330032,3.179839270671567,2.4726217861650057,3.0039125070805537,-0.3392415609063802,1.8170386200854447,0.2097675884447331,2.5002641287197003
33.0,135.0,1000.5497436523438,-4.38181940135786,-3.791417926655845,1.7100069113855882,3.179839269779543,2.472621786165006,3.003912506546678,-0.3392415609063802,1.8170101659074287,0.2097675880177481,2.5002641287197003
33.0,135.0,1000.5497436523438,-4.38181940135786,-3.791376683278148,1.7100069368105928,3.179839270671567,2.4726217861650097,3.003912506546678,-0.3392415609063802,1.817038303818859,0.209767588445594,2.5002641287197003
33.0,135.0,1000.5497436523438,-4.38181940135786,-3.791399648808937,1.7099889547678233,3.179839269754104,2.472621786164896,3.0039125056859954,-0.3392415296900797,1.817037137603669,0.209767588444713,2.5002641287197003
33.0,135.0,1000.5497436523438,-4.38181940135786,-3.79139968252259,1.7100069113855882,3.179839269779848,2.4726217861650093,3.003912505967422,-0.339241478338344,1.8170101659074287,0.2097675884644853,2.5002641287197003
33.0,135.0,1000.5497436523438,-4.38181940135786,-3.791417926655845,1.7100021260517138,3.179839269779543,2.472621786165006,3.003912506546678,-0.3392415609063802,1.817011475329484,0.2097675880177481,2.5002641287197003
33.0,135.0,1000.5497436523438,-4.38181940135786,-3.791398503375903,1.7100069368105928,3.179839269739874,2.472621786165007,3.003912486405434,-0.3392415609063802,1.8170387632643432,0.2097675884447331,2.5002641287197003
33.0,135.0,1000.5498046875,-4.38181940135786,-3.79139961907431,1.7100620252810468,3.1798392697566134,2.472621786163499,3.003912506546678,-0.3392419400515538,1.817010338476807,0.2097675880062812,2.5002641287197003
33.0,135.0,1000.5498046875,-4.38181940135786,-3.79139961907431,1.7100603212150605,3.1798392705998264,2.472621786163499,3.003912506546678,-0.3392416007528547,1.817010760171465,0.2097675880062812,2.5002641287197003
33.0,135.0,1000.5498046875,-4.38181940135786,-3.791441690526484,1.7099471772553012,3.1798393921661408,2.47262178616329,3.003912506546678,-0.339241933029441,1.817044621294965,0.2097675880204199,2.5002641287197003
33.0,135.0,1000.5498046875,-4.38181940135786,-3.79139961907431,1.7100620252810468,3.1798392697566134,2.472621786163524,3.003912506546678,-0.3392419400515538,1.817010338476807,0.2097675880235542,2.5002641287197003
33.0,135.0,1000.5498046875,-4.38181940135786,-3.791399648808937,1.7100175586843085,3.179839269754104,2.472621786164896,3.0039125050961726,-0.3392415865631789,1.817037137603669,0.209767588444713,2.5002641287197003
33.0,135.0,1000.5498046875,-4.38181940135786,-3.7913996211693752,1.7100035616459115,3.179839270706597,2.472621786164873,3.003912506546678,-0.3392415464426727,1.817043557572789,0.2097675884447381,2.5002641287197003
33.0,135.0,1000.5498046875,-4.38181940135786,-3.79139961907431,1.7100620252810468,3.1798392697566134,2.472621786163499,3.003912506546678,-0.3392419400515538,1.817010338476807,0.2097675880062812,2.5002641287197003
33.0,135.0,1000.5498046875,-4.38181940135786,-3.791399648808937,1.7100655858467142,3.179839270709856,2.472621786165004,3.0039125056859954,-0.3392415298900945,1.817037137603669,0.209767588444713,2.5002641287197003
33.0,135.0,1000.5498657226562,-4.38181940135786,-3.791417926655845,1.7101170055397672,3.179839269779543,2.472621786163499,3.003912506546678,-0.3392415609063802,1.817010122478264,0.2097675880177481,2.5002641287197003
33.0,135.0,1000.5498657226562,-4.38181940135786,-3.791417926655845,1.7101170055397672,3.179839269779543,2.472621786163499,3.003912506546678,-0.3392415609063802,1.817010122478264,0.2097675880177481,2.5002641287197003
33.0,135.0,1000.55126953125,-4.38181940135786,-3.7913995607813065,1.7133438838114765,3.1798392653016085,2.472621786163503,3.003912481855054,-0.3392415930422537,1.8170368294064416,0.2087624095819509,2.5002641287197003
33.0,135.0,1000.5515747070312,-4.38181940135786,-3.793003244071557,1.709962460534822,3.179839270671567,2.472621786165005,3.003912506546678,-0.3392415609063802,1.817038303818859,0.2097675884449633,2.5002641287197003
33.0,135.0,1000.5516357421876,-4.38181940135786,-3.793003244071557,1.7100069368105928,3.179839270671567,2.472621786165006,3.003912506546678,-0.3392415609063802,1.816996587536208,0.2097675884447331,2.5002641287197003
33.0,135.0,1000.5516357421876,-4.38181940135786,-3.793003244071557,1.7100069368105928,3.179839270671567,2.4726217861650057,3.0039125070680663,-0.3392415609063802,1.8170386200854447,0.2097675884447331,2.5002641287197003
33.0,135.0,1000.5516357421876,-4.38181940135786,-3.793003244071557,1.7100069368105928,3.179839270671567,2.472621786165006,3.003912506546678,-0.3392415609063802,1.817038303818859,0.2097675884447331,2.5002641287197003
33.0,135.0,1000.5516357421876,-4.38181940135786,-3.793054292767009,1.7100069368105928,3.179839270671567,2.4726217861650057,3.0039125070680663,-0.339241936380364,1.8170369023106807,0.2097675884447369,2.5002641287197003
33.0,135.0,1000.5516357421876,-4.38181940135786,-3.793003244071557,1.7100069368105928,3.179839270671567,2.4726217861650057,3.0039125070680663,-0.3392415609063802,1.8170386200854447,0.2097675884447331,2.5002641287197003
33.0,135.0,1000.5516357421876,-4.38181940135786,-3.793003244071557,1.7100069368105928,3.179839270671567,2.4726217861650057,3.0039125070680663,-0.3392415609063802,1.8170386200854447,0.2097675884447331,2.5002641287197003
33.0,135.0,1000.5516357421876,-4.38181940135786,-3.793054292767009,1.7100069368105928,3.179839270671567,2.4726217861650017,3.003912506007295,-0.339241936380364,1.8170369023106807,0.2097675884447369,2.5002641287197003
33.0,135.0,1000.5516357421876,-4.38181940135786,-3.793054292767009,1.7100069368105928,3.179839270671567,2.4726217861650057,3.0039125070680663,-0.339241936380364,1.8170369023106807,0.2097675884447369,2.5002641287197003
33.0,136.0,1000.5450439453124,-4.38181940135786,-3.79139962104935,1.7100076758175973,3.179839270671567,2.4726217861634106,2.995461532934227,-0.3392419467508371,1.816995902974393,0.2097675884447331,2.5002641287197003
33.0,136.0,1000.5484619140624,-4.38181940135786,-3.79139961928359,1.7100620252810468,3.1798392706611778,2.472621786165102,3.003912506546678,-0.3392415575891018,1.817010338476807,0.2088594088931168,2.5002641287197003
33.0,136.0,1000.5494995117188,-4.38181940135786,-3.791418057195977,1.7097434158279152,3.1798392697524656,2.472621786165006,3.003912506546678,-0.339241941080572,1.8170101659074287,0.2097675880427152,2.5002641287197003
33.0,136.0,1000.5494995117188,-4.38181940135786,-3.791399563012359,1.7098405052288148,3.179839270671567,2.472621786165001,3.003912506546678,-0.3392415609063802,1.816996587536208,0.2097675884436376,2.5002641287197003
33.0,136.0,1000.5494995117188,-4.38181940135786,-3.791399563132384,1.7098371457483197,3.179839270718591,2.472621786164869,3.003912506546678,-0.3392415464426727,1.8169989957366428,0.2097675884436426,2.5002641287197003
33.0,136.0,1000.549560546875,-4.38181940135786,-3.79133020587381,1.709989024754112,3.179839269728177,2.4726217861648982,3.0039125065574366,-0.3392415608848244,1.8169961832537176,0.209767588444738,2.5002641287197003
33.0,136.0,1000.5496215820312,-4.38181940135786,-3.791399563132384,1.709837130064134,3.179839270706597,2.472621786164868,3.003912506546678,-0.3392415464426727,1.817043557572789,0.2097675884436426,2.5002641287197003
33.0,136.0,1000.5496215820312,-4.38181940135786,-3.7913995630544095,1.709837130064134,3.1798393955830053,2.472621786164868,3.003912506546678,-0.3392415464426727,1.817043557572789,0.2097675884436426,2.5002641287197003
33.0,136.0,1000.5496215820312,-4.38181940135786,-3.79133020587381,1.709989024754112,3.179839269715814,2.4726217861648982,3.0039125070805537,-0.3392415607063654,1.8170386200854447,0.2097675884447331,2.5002641287197003
33.0,136.0,1000.5496215820312,-4.38181940135786,-3.79139962104935,1.709961815554373,3.179839270671567,2.472621786165006,3.003912506546678,-0.3392415609063802,1.816996587536208,0.2097675884449549,2.5002641287197003
33.0,136.0,1000.5496215820312,-4.38181940135786,-3.791399563132384,1.709837130064134,3.179839270718591,2.472621786164868,3.003912506546678,-0.3392415464426727,1.817043557572789,0.2097675884436426,2.5002641287197003
33.0,136.0,1000.5496215820312,-4.38181940135786,-3.791399563132384,1.709837130064134,3.179839270716167,2.4726217861648845,3.003912506546678,-0.3392415464426727,1.817043557572789,0.2097675884436426,2.5002641287197003
33.0,136.0,1000.5496215820312,-4.38181940135786,-3.79133020587381,1.709989024754112,3.179839270678976,2.4726217861648982,3.0039125070805537,-0.339241560909775,1.8170386200854447,0.2097675884447331,2.5002641287197003
33.0,136.0,1000.5496215820312,-4.38181940135786,-3.7913995630544095,1.709837130064134,3.179839410121572,2.472621786164813,3.003912506546678,-0.3392415464426727,1.817043557572789,0.2097675884510529,2.5002641287197003
33.0,136.0,1000.5496826171876,-4.38181940135786,-3.79139962104935,1.7100069368105928,3.179839270671567,2.472621786165006,3.003912506546678,-0.3392415609063802,1.816996587536208,0.2097675884447331,2.5002641287197003
33.0,136.0,1000.5496826171876,-4.38181940135786,-3.79139962104935,1.7100069368105928,3.179839270671567,2.472621786165006,3.003912506546678,-0.3392415609063802,1.816996587536208,0.2097675884447331,2.5002641287197003
33.0,136.0,1000.5496826171876,-4.38181940135786,-3.79139962104935,1.7100069368105928,3.179839270671567,2.472621786165006,3.003912506546678,-0.3392415609063802,1.816996587536208,0.2097675884447331,2.5002641287197003
33.0,136.0,1000.5496826171876,-4.38181940135786,-3.791399558159181,1.7100175968736355,3.1798392697522155,2.472621786164924,3.003912484665473,-0.3392415877156667,1.8169972685776297,0.2097675884447123,2.5002641287197003
33.0,136.0,1000.5496826171876,-4.38181940135786,-3.79139962104935,1.7100069368105928,3.179839270671567,2.472621786165006,3.003912506546678,-0.3392415609063802,1.816996587536208,0.2097675884447331,2.5002641287197003
33.0,136.0,1000.5496826171876,-4.38181940135786,-3.791399558159181,1.7100175968736355,3.1798392697522155,2.472621786164924,3.003912484665473,-0.3392415877156667,1.8169972685776297,0.2097675884447123,2.5002641287197003
33.0,136.0,1000.5496826171876,-4.38181940135786,-3.79139961935282,1.7100069368105928,3.179839269739874,2.472621786164924,3.003912486405434,-0.3392415609063802,1.816996587536208,0.2097675884447331,2.5002641287197003
33.0,136.0,1000.5496826171876,-4.38181940135786,-3.79139962104935,1.7100069368105928,3.179839270671567,2.472621786165006,3.003912506546678,-0.3392415609063802,1.816996587536208,0.2097675884447331,2.5002641287197003
33.0,136.0,1000.5496826171876,-4.38181940135786,-3.79139962104935,1.7100069368105928,3.1798392656768377,2.472621786165006,3.0039124829736163,-0.3392415609063802,1.816996587536208,0.2097675884447331,2.5002641287197003
33.0,136.0,1000.5496826171876,-4.38181940135786,-3.791376683278148,1.7100069368105928,3.179839269734949,2.4726217861650097,3.003912506546678,-0.3392415609063802,1.817010100373999,0.209767588445594,2.5002641287197003
33.0,136.0,1000.5496826171876,-4.38181940135786,-3.79139962104935,1.7100078710119408,3.179839270671567,2.4726217861649658,3.003912506546678,-0.3392415477719086,1.8169965742333165,0.2097675884447331,2.5002641287197003
33.0,136.0,1000.5496826171876,-4.38181940135786,-3.7913766221553744,1.710017393808161,3.179839270717093,2.4726217861650106,3.003912509798415,-0.3392415607225046,1.8169972685776297,0.2097675884455972,2.5002641287197003
33.0,136.0,1000.5496826171876,-4.38181940135786,-3.7913777992550655,1.7100069368105928,3.179839270671567,2.472621786164927,3.003912506546678,-0.3392415609063802,1.816996128090724,0.209767588445594,2.5002641287197003
33.0,136.0,1000.5496826171876,-4.38181940135786,-3.79133020587381,1.710005988196989,3.179839269829108,2.4726217861650057,3.003912507116258,-0.3392415609063802,1.8170386200854447,0.2097675884447331,2.5002641287197003
33.0,136.0,1000.5496826171876,-4.38181940135786,-3.791399620840069,1.7100069368105928,3.1798392697670024,2.472621786163403,3.003912506546678,-0.3392419433688321,1.816996587536208,0.2097675879930873,2.5002641287197003
33.0,136.0,1000.5496826171876,-4.38181940135786,-3.7913766221553744,1.710017393808161,3.179839269731587,2.4726217861650106,3.003912509798415,-0.339241560911062,1.8169972685776297,0.2097675880352328,2.5002641287197003
33.0,136.0,1000.5496826171876,-4.38181940135786,-3.7913766221553744,1.710017393808161,3.179839270715968,2.4726217861650106,3.003912506560406,-0.3392415607225046,1.816997288602536,0.2097675884447478,2.5002641287197003
33.0,136.0,1000.5496826171876,-4.38181940135786,-3.79139962104935,1.7100069368105928,3.179839270671567,2.472621786165006,3.003912506546678,-0.3392415609063802,1.816996587536208,0.2097675884447331,2.5002641287197003
33.0,136.0,1000.5497436523438,-4.38181940135786,-3.791417926655845,1.7100069113855882,3.179839269779543,2.472621786165006,3.003912506546678,-0.3392415609063802,1.8170101659074287,0.2097675880177481,2.5002641287197003
33.0,136.0,1000.5497436523438,-4.38181940135786,-3.79139962104935,1.7100480403924236,3.179839270671567,2.472621786163471,3.003912506546678,-0.3392419467508371,1.8169958928065792,0.2097675884447331,2.5002641287197003
33.0,136.0,1000.5497436523438,-4.38181940135786,-3.791376683278148,1.7100069368105928,3.179839270671567,2.4726217861650097,3.003912506546678,-0.3392415609063802,1.817038303818859,0.209767588445594,2.5002641287197003
33.0,136.0,1000.5497436523438,-4.38181940135786,-3.79133020587381,1.7100656558330032,3.179839270671567,2.4726217861650057,3.0039125070805537,-0.3392415609063802,1.8170386200854447,0.2097675884447331,2.5002641287197003
33.0,136.0,1000.5497436523438,-4.38181940135786,-3.791417926655845,1.7100069113855882,3.179839269779543,2.472621786165006,3.003912506546678,-0.3392415609063802,1.8170101659074287,0.2097675880177481,2.5002641287197003
33.0,136.0,1000.5497436523438,-4.38181940135786,-3.791376683278148,1.7100069368105928,3.179839270671567,2.4726217861650097,3.003912506546678,-0.3392415609063802,1.817038303818859,0.209767588445594,2.5002641287197003
33.0,136.0,1000.5497436523438,-4.38181940135786,-3.791399648808937,1.7099889547678233,3.179839269754104,2.472621786164896,3.0039125056859954,-0.3392415296900797,1.817037137603669,0.209767588444713,2.5002641287197003
33.0,136.0,1000.5497436523438,-4.38181940135786,-3.79139968252259,1.7100069113855882,3.179839269779848,2.4726217861650093,3.003912505967422,-0.339241478338344,1.8170101659074287,0.2097675884644853,2.5002641287197003
33.0,136.0,1000.5497436523438,-4.38181940135786,-3.791417926655845,1.7100021260517138,3.179839269779543,2.472621786165006,3.003912506546678,-0.3392415609063802,1.817011475329484,0.2097675880177481,2.5002641287197003
33.0,136.0,1000.5497436523438,-4.38181940135786,-3.791398503375903,1.7100069368105928,3.179839269739874,2.472621786165007,3.003912486405434,-0.3392415609063802,1.8170387632643432,0.2097675884447331,2.5002641287197003
33.0,136.0,1000.5497436523438,-4.38181940135786,-3.791376683278148,1.7100069368105928,3.1798392706762133,2.4726217861650097,3.003912506546678,-0.3392415609063802,1.817038303818859,0.209767588445594,2.5002641287197003
33.0,136.0,1000.5497436523438,-4.38181940135786,-3.791417945719786,1.7100025459776194,3.179839269779543,2.472621786165006,3.003912506546678,-0.3392415609063802,1.817011475329484,0.2097675880177481,2.5002641287197003
33.0,136.0,1000.5497436523438,-4.38181940135786,-3.79139962104935,1.7100480403924236,3.179839269789379,2.472621786163665,3.0039125050809123,-0.3392419870103894,1.8169956773643603,0.2097675884447331,2.5002641287197003
33.0,136.0,1000.5497436523438,-4.38181940135786,-3.791417926655845,1.7100021949183823,3.179839269779543,2.472621786165006,3.003912506546678,-0.3392415609063802,1.8170101659074287,0.2097675880177481,2.5002641287197003
33.0,136.0,1000.5497436523438,-4.38181940135786,-3.791417926655845,1.7100069113855882,3.1798392707650494,2.472621786165006,3.003912506546678,-0.3392415607178227,1.8170101659074287,0.2097675884281125,2.5002641287197003
33.0,136.0,1000.5497436523438,-4.38181940135786,-3.79139961935282,1.7100473013854194,3.179839269739874,2.4726217861649844,3.00391250709227,-0.3392415609063802,1.8169965773683945,0.2097675884447331,2.5002641287197003
33.0,136.0,1000.5497436523438,-4.38181940135786,-3.791417926655845,1.7100069113855882,3.179839269781548,2.4726217861650053,3.0039125064038927,-0.3392415609063802,1.8170101659074287,0.2097675880177481,2.5002641287197003
33.0,136.0,1000.5497436523438,-4.38181940135786,-3.791376683278148,1.7099981941928022,3.179839270671567,2.4726217861650097,3.003912506546678,-0.3392415470962108,1.817038303818859,0.2097675884455878,2.5002641287197003
33.0,137.0,1000.5450439453124,-4.38181940135786,-3.79139962104935,1.7100076758175973,3.179839270671567,2.4726217861634106,2.995461532934227,-0.3392419467508371,1.816995902974393,0.2097675884447331,2.5002641287197003
33.0,137.0,1000.5484008789062,-4.38181940135786,-3.791399558159181,1.710017579543601,3.1798392697522155,2.4726217861649284,3.003912484665473,-0.3392415884257628,1.8169972685776297,0.2088869324129307,2.5002641287197003
33.0,137.0,1000.5484619140624,-4.38181940135786,-3.79139961928359,1.7100620252810468,3.1798392706611778,2.472621786165102,3.003912506546678,-0.3392415575891018,1.817010338476807,0.2088594088931168,2.5002641287197003
33.0,137.0,1000.5494384765624,-4.38181940135786,-3.791416160845391,1.7097302916428845,3.179839270671567,2.472621786165006,3.003912506546678,-0.3392415609063802,1.816995150177372,0.2097675884447331,2.5002641287197003
33.0,137.0,1000.5494995117188,-4.38181940135786,-3.791418057195977,1.7097434158279152,3.1798392697524656,2.472621786165006,3.003912506546678,-0.339241941080572,1.8170101659074287,0.2097675880427152,2.5002641287197003
33.0,137.0,1000.5494995117188,-4.38181940135786,-3.791399563012359,1.7098405052288148,3.179839270671567,2.472621786165001,3.003912506546678,-0.3392415609063802,1.816996587536208,0.2097675884436376,2.5002641287197003
33.0,137.0,1000.5494995117188,-4.38181940135786,-3.791399563132384,1.7098371457483197,3.179839270718591,2.472621786164869,3.003912506546678,-0.3392415464426727,1.8169989957366428,0.2097675884436426,2.5002641287197003
33.0,137.0,1000.5494995117188,-4.38181940135786,-3.7913995630544095,1.7098316958242197,3.179839410121572,2.472621786164813,3.003912482962324,-0.339241561166556,1.816995244535695,0.2097675884510529,2.5002641287197003
33.0,137.0,1000.549560546875,-4.38181940135786,-3.79133020587381,1.709989024754112,3.179839269728177,2.4726217861648982,3.0039125065574366,-0.3392415608848244,1.8169961832537176,0.209767588444738,2.5002641287197003
33.0,137.0,1000.549560546875,-4.38181940135786,-3.7913996226197098,1.709838939121586,3.1798393955830053,2.472621786164868,3.003912506546678,-0.3392415611325209,1.8169998347679628,0.2097675884436426,2.5002641287197003
33.0,137.0,1000.549560546875,-4.38181940135786,-3.791417926655845,1.70983930723262,3.179839269779543,2.4726217861649964,3.003912506546678,-0.3392415609063802,1.817011490127343,0.2097675880177481,2.5002641287197003
33.0,137.0,1000.549560546875,-4.38181940135786,-3.7913999909758376,1.709838159959601,3.1798392697039595,2.472621786165013,3.003912506546678,-0.339241941080572,1.8170101659074287,0.2097675880427152,2.5002641287197003
33.0,137.0,1000.549560546875,-4.38181940135786,-3.791396625087321,1.7098558177351493,3.179839270718591,2.472621786165013,3.003912506546678,-0.3392415604889539,1.81699904715692,0.2097675884453432,2.5002641287197003
33.0,137.0,1000.5496215820312,-4.38181940135786,-3.791399563132384,1.709837130064134,3.179839270706597,2.472621786164868,3.003912506546678,-0.3392415464426727,1.817043557572789,0.2097675884436426,2.5002641287197003
33.0,137.0,1000.5496215820312,-4.38181940135786,-3.7913995630544095,1.709837130064134,3.1798393955830053,2.472621786164868,3.003912506546678,-0.3392415464426727,1.817043557572789,0.2097675884436426,2.5002641287197003
33.0,137.0,1000.5496215820312,-4.38181940135786,-3.79133020587381,1.709989024754112,3.179839269715814,2.4726217861648982,3.0039125070805537,-0.3392415607063654,1.8170386200854447,0.2097675884447331,2.5002641287197003
33.0,137.0,1000.5496215820312,-4.38181940135786,-3.79139962104935,1.709961815554373,3.179839270671567,2.472621786165006,3.003912506546678,-0.3392415609063802,1.816996587536208,0.2097675884449549,2.5002641287197003
33.0,137.0,1000.5496215820312,-4.38181940135786,-3.791399563132384,1.709837130064134,3.179839270718591,2.472621786164868,3.003912506546678,-0.3392415464426727,1.817043557572789,0.2097675884436426,2.5002641287197003
33.0,137.0,1000.5496215820312,-4.38181940135786,-3.791399563132384,1.709837130064134,3.179839270716167,2.4726217861648845,3.003912506546678,-0.3392415464426727,1.817043557572789,0.2097675884436426,2.5002641287197003
33.0,137.0,1000.5496215820312,-4.38181940135786,-3.79133020587381,1.709989024754112,3.179839270678976,2.4726217861648982,3.0039125070805537,-0.339241560909775,1.8170386200854447,0.2097675884447331,2.5002641287197003
33.0,137.0,1000.5496215820312,-4.38181940135786,-3.7913995630544095,1.709837130064134,3.179839410121572,2.472621786164813,3.003912506546678,-0.3392415464426727,1.817043557572789,0.2097675884510529,2.5002641287197003
33.0,137.0,1000.5496215820312,-4.38181940135786,-3.79133020587381,1.709989024754112,3.179839269715814,2.4726217861648982,3.003912507081375,-0.3392415607063654,1.8170386200854447,0.2097675884447331,2.5002641287197003
33.0,137.0,1000.5496215820312,-4.38181940135786,-3.79139962104935,1.709961815554373,3.179839270671567,2.4726217861648814,3.003912506546678,-0.3392415608498685,1.816996587536208,0.2097675884436235,2.5002641287197003
33.0,137.0,1000.5496215820312,-4.38181940135786,-3.79133020587381,1.709989024754112,3.179839270678976,2.4726217861648982,3.0039125070805537,-0.339241560909775,1.8170386200854447,0.2097675884447331,2.5002641287197003
33.0,137.0,1000.5496215820312,-4.38181940135786,-3.791399563132384,1.709837130064134,3.179839270706597,2.472621786164868,3.003912506546678,-0.3392415464426727,1.817043557572789,0.2097675884436426,2.5002641287197003
33.0,137.0,1000.5496215820312,-4.38181940135786,-3.791399563053424,1.7098371301939654,3.1798393955830053,2.472621786164868,3.003912506546678,-0.3392415464426727,1.817043557572789,0.2097675884436426,2.5002641287197003
33.0,137.0,1000.5496826171876,-4.38181940135786,-3.79139962104935,1.7100069368105928,3.179839270671567,2.472621786165006,3.003912506546678,-0.3392415609063802,1.816996587536208,0.2097675884447331,2.5002641287197003
33.0,137.0,1000.5496826171876,-4.38181940135786,-3.79139962104935,1.7100069368105928,3.179839270671567,2.472621786165006,3.003912506546678,-0.3392415609063802,1.816996587536208,0.2097675884447331,2.5002641287197003
33.0,137.0,1000.5496826171876,-4.38181940135786,-3.79139962104935,1.7100069368105928,3.179839270671567,2.472621786165006,3.003912506546678,-0.3392415609063802,1.816996587536208,0.2097675884447331,2.5002641287197003
33.0,137.0,1000.5496826171876,-4.38181940135786,-3.791399558159181,1.7100175968736355,3.1798392697522155,2.472621786164924,3.003912484665473,-0.3392415877156667,1.8169972685776297,0.2097675884447123,2.5002641287197003
33.0,137.0,1000.5496826171876,-4.38181940135786,-3.79139962104935,1.7100069368105928,3.179839270671567,2.472621786165006,3.003912506546678,-0.3392415609063802,1.816996587536208,0.2097675884447331,2.5002641287197003
33.0,137.0,1000.5496826171876,-4.38181940135786,-3.791399558159181,1.7100175968736355,3.1798392697522155,2.472621786164924,3.003912484665473,-0.3392415877156667,1.8169972685776297,0.2097675884447123,2.5002641287197003
33.0,137.0,1000.5496826171876,-4.38181940135786,-3.79139961935282,1.7100069368105928,3.179839269739874,2.472621786164924,3.003912486405434,-0.3392415609063802,1.816996587536208,0.2097675884447331,2.5002641287197003
33.0,137.0,1000.5496826171876,-4.38181940135786,-3.79139962104935,1.7100069368105928,3.179839270671567,2.472621786165006,3.003912506546678,-0.3392415609063802,1.816996587536208,0.2097675884447331,2.5002641287197003
33.0,137.0,1000.5496826171876,-4.38181940135786,-3.79139962104935,1.7100069368105928,3.1798392656768377,2.472621786165006,3.0039124829736163,-0.3392415609063802,1.816996587536208,0.2097675884447331,2.5002641287197003
33.0,137.0,1000.5496826171876,-4.38181940135786,-3.791376683278148,1.7100069368105928,3.179839269734949,2.4726217861650097,3.003912506546678,-0.3392415609063802,1.817010100373999,0.209767588445594,2.5002641287197003
33.0,137.0,1000.5496826171876,-4.38181940135786,-3.79139962104935,1.7100078710119408,3.179839270671567,2.4726217861649658,3.003912506546678,-0.3392415477719086,1.8169965742333165,0.2097675884447331,2.5002641287197003
33.0,137.0,1000.5496826171876,-4.38181940135786,-3.7913766221553744,1.710017393808161,3.179839270717093,2.4726217861650106,3.003912509798415,-0.3392415607225046,1.8169972685776297,0.2097675884455972,2.5002641287197003
33.0,137.0,1000.5496826171876,-4.38181940135786,-3.7913777992550655,1.7100069368105928,3.179839270671567,2.472621786164927,3.003912506546678,-0.3392415609063802,1.816996128090724,0.209767588445594,2.5002641287197003
33.0,137.0,1000.5496826171876,-4.38181940135786,-3.79133020587381,1.710005988196989,3.179839269829108,2.4726217861650057,3.003912507116258,-0.3392415609063802,1.8170386200854447,0.2097675884447331,2.5002641287197003
33.0,137.0,1000.5496826171876,-4.38181940135786,-3.791399620840069,1.7100069368105928,3.1798392697670024,2.472621786163403,3.003912506546678,-0.3392419433688321,1.816996587536208,0.2097675879930873,2.5002641287197003
33.0,137.0,1000.5496826171876,-4.38181940135786,-3.7913766221553744,1.710017393808161,3.179839269731587,2.4726217861650106,3.003912509798415,-0.339241560911062,1.8169972685776297,0.2097675880352328,2.5002641287197003
33.0,137.0,1000.5496826171876,-4.38181940135786,-3.7913766221553744,1.710017393808161,3.179839270715968,2.4726217861650106,3.003912506560406,-0.3392415607225046,1.816997288602536,0.2097675884447478,2.5002641287197003
33.0,137.0,1000.5496826171876,-4.38181940135786,-3.79139962104935,1.7100069368105928,3.179839270671567,2.472621786165006,3.003912506546678,-0.3392415609063802,1.816996587536208,0.2097675884447331,2.5002641287197003
33.0,137.0,1000.5496826171876,-4.38181940135786,-3.79139947385784,1.710017393808161,3.1798392696651407,2.4726217861648974,3.003912506560406,-0.3392415607225046,1.8169974100039024,0.2097675884447478,2.5002641287197003
33.0,137.0,1000.5496826171876,-4.38181940135786,-3.791376683278148,1.71000689995997,3.1798392697307984,2.472621786164963,3.003912506546678,-0.3392415607162887,1.817010100373999,0.2097675884447189,2.5002641287197003
33.0,137.0,1000.5496826171876,-4.38181940135786,-3.79133020587381,1.710005988196989,3.179839269829108,2.4726217861650057,3.0039125071154364,-0.3392415609063802,1.8170386200854447,0.2097675884447331,2.5002641287197003
33.0,137.0,1000.5496826171876,-4.38181940135786,-3.7913995583360127,1.7100070121516815,3.179839270671567,2.472621786165103,3.003912506546678,-0.3392415522048406,1.8169965735506488,0.2097675884448326,2.5002641287197003
33.0,137.0,1000.5496826171876,-4.38181940135786,-3.79139962104935,1.7100069368105928,3.179839270671567,2.472621786165002,3.003912506129409,-0.3392415609063802,1.816996587536208,0.2097675884447331,2.5002641287197003
33.0,137.0,1000.5496826171876,-4.38181940135786,-3.791399563132384,1.709837130064134,3.1798392707163323,2.4726217861649697,3.0040416846899034,-0.339241498673633,1.8170418666527308,0.2097675884447472,2.5002641287197003
33.0,138.0,1000.5450439453124,-4.38181940135786,-3.79139962104935,1.7100076758175973,3.179839270671567,2.4726217861634106,2.995461532934227,-0.3392419467508371,1.816995902974393,0.2097675884447331,2.5002641287197003
33.0,138.0,1000.5450439453124,-4.38181940135786,-3.79139962104935,1.7100076758175973,3.179839270671567,2.4726217861634106,2.995461532934227,-0.3392419467508371,1.816995902974393,0.2097675884447331,2.5002641287197003
33.0,138.0,1000.5484008789062,-4.38181940135786,-3.791399558159181,1.710017579543601,3.1798392697522155,2.4726217861649284,3.003912484665473,-0.3392415884257628,1.8169972685776297,0.2088869324129307,2.5002641287197003
33.0,138.0,1000.5484008789062,-4.38181940135786,-3.79139961928359,1.7100620252810468,3.1798392706611778,2.4726217861650945,3.003912506546678,-0.3392415609762608,1.816996539361847,0.2088594088931168,2.5002641287197003
33.0,138.0,1000.5484008789062,-4.38181940135786,-3.791399558159181,1.710017579543601,3.1798392697522155,2.472621786164927,3.0039125075773074,-0.3392415884257628,1.816997277359976,0.2088869324129307,2.5002641287197003
33.0,138.0,1000.5484619140624,-4.38181940135786,-3.79139961928359,1.7100620252810468,3.1798392706611778,2.472621786165102,3.003912506546678,-0.3392415575891018,1.817010338476807,0.2088594088931168,2.5002641287197003
33.0,138.0,1000.5484619140624,-4.38181940135786,-3.79139961928359,1.7100620252810468,3.1798392706611778,2.472621786165102,3.003912506546678,-0.3392415575891018,1.817010338476807,0.2088594088931168,2.5002641287197003
33.0,138.0,1000.5494384765624,-4.38181940135786,-3.791416160845391,1.7097302916428845,3.179839270671567,2.472621786165006,3.003912506546678,-0.3392415609063802,1.816995150177372,0.2097675884447331,2.5002641287197003
33.0,138.0,1000.5494384765624,-4.38181940135786,-3.791416160845391,1.7097302916428845,3.179839270671567,2.472621786165006,3.003912506546678,-0.3392415609063802,1.816995150177372,0.2097675884447331,2.5002641287197003
33.0,138.0,1000.5494995117188,-4.38181940135786,-3.791418057195977,1.7097434158279152,3.1798392697524656,2.472621786165006,3.003912506546678,-0.339241941080572,1.8170101659074287,0.2097675880427152,2.5002641287197003
33.0,138.0,1000.5494995117188,-4.38181940135786,-3.791399563012359,1.7098405052288148,3.179839270671567,2.472621786165001,3.003912506546678,-0.3392415609063802,1.816996587536208,0.2097675884436376,2.5002641287197003
33.0,138.0,1000.5494995117188,-4.38181940135786,-3.791399563132384,1.7098371457483197,3.179839270718591,2.472621786164869,3.003912506546678,-0.3392415464426727,1.8169989957366428,0.2097675884436426,2.5002641287197003
33.0,138.0,1000.5494995117188,-4.38181940135786,-3.7913995630544095,1.7098316958242197,3.179839410121572,2.472621786164813,3.003912482962324,-0.339241561166556,1.816995244535695,0.2097675884510529,2.5002641287197003
33.0,138.0,1000.5494995117188,-4.38181940135786,-3.7913275547113976,1.7098274682118495,3.1798393955830053,2.472621786164868,3.003912506546678,-0.3392415611325209,1.8170415319604016,0.2097675884436426,2.5002641287197003
33.0,138.0,1000.5494995117188,-4.38181940135786,-3.791399563132865,1.7098315962242592,3.1798392676277047,2.4726217861648228,3.003912481476183,-0.3392415606157968,1.8169950487443265,0.2097675884510529,2.5002641287197003
33.0,138.0,1000.5494995117188,-4.38181940135786,-3.791418057195977,1.7097462686147784,3.1798392697524656,2.472621786165006,3.003912506546678,-0.3392415486331904,1.8170093250899624,0.2097675880427152,2.5002641287197003
33.0,138.0,1000.5494995117188,-4.38181940135786,-3.791399563009814,1.7098405052288148,3.179839270671567,2.47262178616486,3.003912506546678,-0.3392415610738692,1.816996587536208,0.2097675884436376,2.5002641287197003
33.0,138.0,1000.5494995117188,-4.38181940135786,-3.791376683278148,1.7098396231257516,3.179839269704322,2.4726217861650097,3.003912506546678,-0.3392419333621491,1.8170100998738663,0.2097675880528844,2.5002641287197003
33.0,138.0,1000.5494995117188,-4.38181940135786,-3.79133020587381,1.7098384178791988,3.179839270678976,2.4726217861648982,3.0039125070805537,-0.3392415468207275,1.817043334590442,0.2097675884447331,2.5002641287197003
33.0,138.0,1000.5494995117188,-4.38181940135786,-3.791399563132384,1.7098371457483197,3.179839270718591,2.472621786164869,3.003912506546678,-0.3392415464426727,1.8169989957366428,0.2097675884436426,2.5002641287197003
33.0,138.0,1000.549560546875,-4.38181940135786,-3.79133020587381,1.709989024754112,3.179839269728177,2.4726217861648982,3.0039125065574366,-0.3392415608848244,1.8169961832537176,0.209767588444738,2.5002641287197003
33.0,138.0,1000.549560546875,-4.38181940135786,-3.7913996226197098,1.709838939121586,3.1798393955830053,2.472621786164868,3.003912506546678,-0.3392415611325209,1.8169998347679628,0.2097675884436426,2.5002641287197003
33.0,138.0,1000.549560546875,-4.38181940135786,-3.791417926655845,1.70983930723262,3.179839269779543,2.4726217861649964,3.003912506546678,-0.3392415609063802,1.817011490127343,0.2097675880177481,2.5002641287197003
33.0,138.0,1000.549560546875,-4.38181940135786,-3.7913999909758376,1.709838159959601,3.1798392697039595,2.472621786165013,3.003912506546678,-0.339241941080572,1.8170101659074287,0.2097675880427152,2.5002641287197003
33.0,138.0,1000.549560546875,-4.38181940135786,-3.791396625087321,1.7098558177351493,3.179839270718591,2.472621786165013,3.003912506546678,-0.3392415604889539,1.81699904715692,0.2097675884453432,2.5002641287197003
33.0,138.0,1000.549560546875,-4.38181940135786,-3.791399563012359,1.7098405052288148,3.179839270671567,2.4726217861650084,3.003912506546678,-0.3392415575192212,1.817010386651168,0.2097675884436376,2.5002641287197003
33.0,138.0,1000.5496215820312,-4.38181940135786,-3.791399563132384,1.709837130064134,3.179839270706597,2.472621786164868,3.003912506546678,-0.3392415464426727,1.817043557572789,0.2097675884436426,2.5002641287197003
33.0,138.0,1000.5496215820312,-4.38181940135786,-3.7913995630544095,1.709837130064134,3.1798393955830053,2.472621786164868,3.003912506546678,-0.3392415464426727,1.817043557572789,0.2097675884436426,2.5002641287197003
33.0,138.0,1000.5496215820312,-4.38181940135786,-3.79133020587381,1.709989024754112,3.179839269715814,2.4726217861648982,3.0039125070805537,-0.3392415607063654,1.8170386200854447,0.2097675884447331,2.5002641287197003
33.0,138.0,1000.5496215820312,-4.38181940135786,-3.79139962104935,1.709961815554373,3.179839270671567,2.472621786165006,3.003912506546678,-0.3392415609063802,1.816996587536208,0.2097675884449549,2.5002641287197003
33.0,138.0,1000.5496215820312,-4.38181940135786,-3.791399563132384,1.709837130064134,3.179839270718591,2.472621786164868,3.003912506546678,-0.3392415464426727,1.817043557572789,0.2097675884436426,2.5002641287197003
33.0,138.0,1000.5496215820312,-4.38181940135786,-3.791399563132384,1.709837130064134,3.179839270716167,2.4726217861648845,3.003912506546678,-0.3392415464426727,1.817043557572789,0.2097675884436426,2.5002641287197003
33.0,138.0,1000.5496215820312,-4.38181940135786,-3.79133020587381,1.709989024754112,3.179839270678976,2.4726217861648982,3.0039125070805537,-0.339241560909775,1.8170386200854447,0.2097675884447331,2.5002641287197003
33.0,138.0,1000.5496215820312,-4.38181940135786,-3.7913995630544095,1.709837130064134,3.179839410121572,2.472621786164813,3.003912506546678,-0.3392415464426727,1.817043557572789,0.2097675884510529,2.5002641287197003
33.0,138.0,1000.5496215820312,-4.38181940135786,-3.79133020587381,1.709989024754112,3.179839269715814,2.4726217861648982,3.003912507081375,-0.3392415607063654,1.8170386200854447,0.2097675884447331,2.5002641287197003
33.0,138.0,1000.5496215820312,-4.38181940135786,-3.79139962104935,1.709961815554373,3.179839270671567,2.4726217861648814,3.003912506546678,-0.3392415608498685,1.816996587536208,0.2097675884436235,2.5002641287197003
33.0,138.0,1000.5496215820312,-4.38181940135786,-3.79133020587381,1.709989024754112,3.179839270678976,2.4726217861648982,3.0039125070805537,-0.339241560909775,1.8170386200854447,0.2097675884447331,2.5002641287197003
33.0,138.0,1000.5496215820312,-4.38181940135786,-3.791399563132384,1.709837130064134,3.179839270706597,2.472621786164868,3.003912506546678,-0.3392415464426727,1.817043557572789,0.2097675884436426,2.5002641287197003
33.0,138.0,1000.5496215820312,-4.38181940135786,-3.791399563053424,1.7098371301939654,3.1798393955830053,2.472621786164868,3.003912506546678,-0.3392415464426727,1.817043557572789,0.2097675884436426,2.5002641287197003
33.0,138.0,1000.5496215820312,-4.38181940135786,-3.791398589299417,1.7099613871352115,3.179839270671567,2.472621786164901,3.0039125065465746,-0.3392415609063802,1.8169962267802475,0.2097675884447244,2.5002641287197003
33.0,138.0,1000.5496215820312,-4.38181940135786,-3.79139962104935,1.709961815554373,3.179839270671567,2.4726217861648827,3.0039124836348434,-0.3392415608498685,1.816996578753862,0.2097675884436235,2.5002641287197003
33.0,138.0,1000.5496215820312,-4.38181940135786,-3.79133020587381,1.709989024754112,3.179839269715814,2.4726217861648982,3.003912507081375,-0.3392415607063654,1.8170386200854447,0.2097675884447331,2.5002641287197003
33.0,138.0,1000.5496215820312,-4.38181940135786,-3.791399563132384,1.709837130064134,3.179839270716167,2.4726217861648845,3.003912506546678,-0.3392415464426727,1.817043557572789,0.2097675884436426,2.5002641287197003
33.0,138.0,1000.5496215820312,-4.38181940135786,-3.7913995630544095,1.709837130064134,3.1798393955830053,2.472621786164868,3.003912506546678,-0.3392415464426727,1.817043557572789,0.2097675884436426,2.5002641287197003
33.0,138.0,1000.5496215820312,-4.38181940135786,-3.791399563132384,1.709837130064134,3.179839270706597,2.472621786164868,3.003912506546678,-0.3392415464426727,1.817043557572789,0.2097675884436426,2.5002641287197003
33.0,138.0,1000.5496215820312,-4.38181940135786,-3.7913995630539294,1.7098372296640942,3.179839413200463,2.472621786164859,3.003912508032819,-0.3392415469934319,1.8170437533641577,0.2097675884436426,2.5002641287197003
33.0,138.0,1000.5496215820312,-4.38181940135786,-3.791399563053424,1.7098342774071025,3.1798393955830053,2.472621786164868,3.003912506546678,-0.3392419388900544,1.817044398390256,0.2097675884436426,2.5002641287197003
33.0,138.0,1000.5496826171876,-4.38181940135786,-3.79139962104935,1.7100069368105928,3.179839270671567,2.472621786165006,3.003912506546678,-0.3392415609063802,1.816996587536208,0.2097675884447331,2.5002641287197003
33.0,138.0,1000.5496826171876,-4.38181940135786,-3.79139962104935,1.7100069368105928,3.179839270671567,2.472621786165006,3.003912506546678,-0.3392415609063802,1.816996587536208,0.2097675884447331,2.5002641287197003
33.0,138.0,1000.5496826171876,-4.38181940135786,-3.79139962104935,1.7100069368105928,3.179839270671567,2.472621786165006,3.003912506546678,-0.3392415609063802,1.816996587536208,0.2097675884447331,2.5002641287197003
33.0,139.0,1000.5449829101562,-4.38181940135786,-3.79139962104935,1.709832144513836,3.179839269665324,2.4726217861632893,2.995461532934227,-0.3392419467508371,1.816995180017363,0.2097675884447331,2.5002641287197003
33.0,139.0,1000.5450439453124,-4.38181940135786,-3.79139962104935,1.7100076758175973,3.179839270671567,2.4726217861634106,2.995461532934227,-0.3392419467508371,1.816995902974393,0.2097675884447331,2.5002641287197003
33.0,139.0,1000.5450439453124,-4.38181940135786,-3.79139962104935,1.7100076758175973,3.179839270671567,2.4726217861634106,2.995461532934227,-0.3392419467508371,1.816995902974393,0.2097675884447331,2.5002641287197003
33.0,139.0,1000.5450439453124,-4.38181940135786,-3.79139962104935,1.7100076488719196,3.179839270671567,2.4726217861634106,2.995461532934227,-0.3392419467508371,1.816995902974393,0.2097675884445783,2.5002641287197003
33.0,139.0,1000.5450439453124,-4.38181940135786,-3.79139962104935,1.7100076758175973,3.179839270671567,2.4726217861634106,2.995461532934227,-0.3392419344606938,1.816995902974393,0.2097675884447331,2.5002641287197003
33.0,139.0,1000.5481567382812,-4.38181940135786,-3.791399557924493,1.7098405052288148,3.179839269764891,2.47262178616493,3.003912506546678,-0.3392415894458153,1.8169979213993688,0.2089092969816057,2.5002641287197003
33.0,139.0,1000.5482177734376,-4.38181940135786,-3.79139961928359,1.7099637679287265,3.1798392706611778,2.472621786165102,3.003912506546573,-0.3392415609143426,1.817010338476807,0.2088145516955454,2.5002641287197003
33.0,139.0,1000.5484008789062,-4.38181940135786,-3.791399558159181,1.710017579543601,3.1798392697522155,2.4726217861649284,3.003912484665473,-0.3392415884257628,1.8169972685776297,0.2088869324129307,2.5002641287197003
33.0,139.0,1000.5484008789062,-4.38181940135786,-3.79139961928359,1.7100620252810468,3.1798392706611778,2.4726217861650945,3.003912506546678,-0.3392415609762608,1.816996539361847,0.2088594088931168,2.5002641287197003
33.0,139.0,1000.5484008789062,-4.38181940135786,-3.791399558159181,1.710017579543601,3.1798392697522155,2.472621786164927,3.0039125075773074,-0.3392415884257628,1.816997277359976,0.2088869324129307,2.5002641287197003
33.0,139.0,1000.5484008789062,-4.38181940135786,-3.791408929930992,1.7100620252810468,3.1798392706611778,2.472621786165086,3.003912506546678,-0.3392415609762608,1.8169968127385432,0.2088594088931168,2.5002641287197003
33.0,139.0,1000.5484008789062,-4.38181940135786,-3.791399622651629,1.7100620252810468,3.17983938875634,2.4726217861650968,3.003912506546678,-0.3392415609762608,1.81699984906652,0.2088409937470061,2.5002641287197003
33.0,139.0,1000.5484619140624,-4.38181940135786,-3.79139961928359,1.7100620252810468,3.1798392706611778,2.472621786165102,3.003912506546678,-0.3392415575891018,1.817010338476807,0.2088594088931168,2.5002641287197003
33.0,139.0,1000.5484619140624,-4.38181940135786,-3.79139961928359,1.7100620252810468,3.1798392706611778,2.472621786165102,3.003912506546678,-0.3392415575891018,1.817010338476807,0.2088594088931168,2.5002641287197003
33.0,139.0,1000.5494384765624,-4.38181940135786,-3.791416160845391,1.7097302916428845,3.179839270671567,2.472621786165006,3.003912506546678,-0.3392415609063802,1.816995150177372,0.2097675884447331,2.5002641287197003
33.0,139.0,1000.5494384765624,-4.38181940135786,-3.791416160845391,1.7097302916428845,3.179839270671567,2.472621786165006,3.003912506546678,-0.3392415609063802,1.816995150177372,0.2097675884447331,2.5002641287197003
33.0,139.0,1000.5494384765624,-4.38181940135786,-3.791399498944961,1.709728177822371,3.179839278135109,2.472621786164859,3.003912508032819,-0.3392415469934319,1.816994693554288,0.2097675884436426,2.5002641287197003
33.0,139.0,1000.5494995117188,-4.38181940135786,-3.791418057195977,1.7097434158279152,3.1798392697524656,2.472621786165006,3.003912506546678,-0.339241941080572,1.8170101659074287,0.2097675880427152,2.5002641287197003
33.0,139.0,1000.5494995117188,-4.38181940135786,-3.791399563012359,1.7098405052288148,3.179839270671567,2.472621786165001,3.003912506546678,-0.3392415609063802,1.816996587536208,0.2097675884436376,2.5002641287197003
33.0,139.0,1000.5494995117188,-4.38181940135786,-3.791399563132384,1.7098371457483197,3.179839270718591,2.472621786164869,3.003912506546678,-0.3392415464426727,1.8169989957366428,0.2097675884436426,2.5002641287197003
33.0,139.0,1000.5494995117188,-4.38181940135786,-3.7913995630544095,1.7098316958242197,3.179839410121572,2.472621786164813,3.003912482962324,-0.339241561166556,1.816995244535695,0.2097675884510529,2.5002641287197003
33.0,139.0,1000.5494995117188,-4.38181940135786,-3.7913275547113976,1.7098274682118495,3.1798393955830053,2.472621786164868,3.003912506546678,-0.3392415611325209,1.8170415319604016,0.2097675884436426,2.5002641287197003
33.0,139.0,1000.5494995117188,-4.38181940135786,-3.791399563132865,1.7098315962242592,3.1798392676277047,2.4726217861648228,3.003912481476183,-0.3392415606157968,1.8169950487443265,0.2097675884510529,2.5002641287197003
33.0,139.0,1000.5494995117188,-4.38181940135786,-3.791418057195977,1.7097462686147784,3.1798392697524656,2.472621786165006,3.003912506546678,-0.3392415486331904,1.8170093250899624,0.2097675880427152,2.5002641287197003
33.0,139.0,1000.5494995117188,-4.38181940135786,-3.791399563009814,1.7098405052288148,3.179839270671567,2.47262178616486,3.003912506546678,-0.3392415610738692,1.816996587536208,0.2097675884436376,2.5002641287197003
33.0,139.0,1000.5494995117188,-4.38181940135786,-3.791376683278148,1.7098396231257516,3.179839269704322,2.4726217861650097,3.003912506546678,-0.3392419333621491,1.8170100998738663,0.2097675880528844,2.5002641287197003
33.0,139.0,1000.5494995117188,-4.38181940135786,-3.79133020587381,1.7098384178791988,3.179839270678976,2.4726217861648982,3.0039125070805537,-0.3392415468207275,1.817043334590442,0.2097675884447331,2.5002641287197003
33.0,139.0,1000.5494995117188,-4.38181940135786,-3.791399563132384,1.7098371457483197,3.179839270718591,2.472621786164869,3.003912506546678,-0.3392415464426727,1.8169989957366428,0.2097675884436426,2.5002641287197003
33.0,139.0,1000.5494995117188,-4.38181940135786,-3.791399563132384,1.7098371457483197,3.179839270718591,2.472621786164869,3.003912506546678,-0.3392415464426727,1.8169989957366428,0.2097675884436426,2.5002641287197003
33.0,139.0,1000.5494995117188,-4.38181940135786,-3.79133020587381,1.709838412483722,3.179839270678976,2.4726217861648982,3.0039125069888866,-0.3392415468207275,1.817043334590442,0.2097675884446986,2.5002641287197003
33.0,139.0,1000.5494995117188,-4.38181940135786,-3.791399563056375,1.7098371721111367,3.1798393969037546,2.4726217861648685,3.003912506160624,-0.339241546227215,1.8169950487443265,0.2097675884516036,2.5002641287197003
33.0,139.0,1000.5494995117188,-4.38181940135786,-3.791399563012359,1.7098405052288148,3.179839270671567,2.472621786165001,3.003912506546678,-0.3392415609063802,1.816996587536208,0.2097675884436376,2.5002641287197003
33.0,139.0,1000.5494995117188,-4.38181940135786,-3.7913995630544095,1.709831722769897,3.179839410121572,2.472621786164813,3.003912482962324,-0.339241561166556,1.816995244535695,0.2097675884512077,2.5002641287197003
33.0,139.0,1000.549560546875,-4.38181940135786,-3.79133020587381,1.709989024754112,3.179839269728177,2.4726217861648982,3.0039125065574366,-0.3392415608848244,1.8169961832537176,0.209767588444738,2.5002641287197003
33.0,139.0,1000.549560546875,-4.38181940135786,-3.7913996226197098,1.709838939121586,3.1798393955830053,2.472621786164868,3.003912506546678,-0.3392415611325209,1.8169998347679628,0.2097675884436426,2.5002641287197003
33.0,139.0,1000.549560546875,-4.38181940135786,-3.791417926655845,1.70983930723262,3.179839269779543,2.4726217861649964,3.003912506546678,-0.3392415609063802,1.817011490127343,0.2097675880177481,2.5002641287197003
33.0,139.0,1000.549560546875,-4.38181940135786,-3.7913999909758376,1.709838159959601,3.1798392697039595,2.472621786165013,3.003912506546678,-0.339241941080572,1.8170101659074287,0.2097675880427152,2.5002641287197003
33.0,139.0,1000.549560546875,-4.38181940135786,-3.791396625087321,1.7098558177351493,3.179839270718591,2.472621786165013,3.003912506546678,-0.3392415604889539,1.81699904715692,0.2097675884453432,2.5002641287197003
33.0,139.0,1000.549560546875,-4.38181940135786,-3.791399563012359,1.7098405052288148,3.179839270671567,2.4726217861650084,3.003912506546678,-0.3392415575192212,1.817010386651168,0.2097675884436376,2.5002641287197003
33.0,139.0,1000.549560546875,-4.38181940135786,-3.791416169974308,1.709837130064134,3.1798393955830053,2.472621786164868,3.003912506546678,-0.3392415463479977,1.8169941782529777,0.2097675884447541,2.5002641287197003
33.0,139.0,1000.549560546875,-4.38181940135786,-3.79133020587381,1.709989024754112,3.179839269728177,2.4726217861648982,3.0039125065574366,-0.3392415731749676,1.8169961832537176,0.209767588444738,2.5002641287197003
33.0,139.0,1000.549560546875,-4.38181940135786,-3.791399619251671,1.709838939121586,3.1798392774878432,2.472621786164866,3.003912506546678,-0.3392415611325209,1.8169965250632905,0.2097860035897533,2.5002641287197003
33.0,139.0,1000.5496215820312,-4.38181940135786,-3.791399563132384,1.709837130064134,3.179839270706597,2.472621786164868,3.003912506546678,-0.3392415464426727,1.817043557572789,0.2097675884436426,2.5002641287197003
33.0,139.0,1000.5496215820312,-4.38181940135786,-3.7913995630544095,1.709837130064134,3.1798393955830053,2.472621786164868,3.003912506546678,-0.3392415464426727,1.817043557572789,0.2097675884436426,2.5002641287197003
33.0,139.0,1000.5496215820312,-4.38181940135786,-3.79133020587381,1.709989024754112,3.179839269715814,2.4726217861648982,3.0039125070805537,-0.3392415607063654,1.8170386200854447,0.2097675884447331,2.5002641287197003
33.0,139.0,1000.5496215820312,-4.38181940135786,-3.79139962104935,1.709961815554373,3.179839270671567,2.472621786165006,3.003912506546678,-0.3392415609063802,1.816996587536208,0.2097675884449549,2.5002641287197003
33.0,139.0,1000.5496215820312,-4.38181940135786,-3.791399563132384,1.709837130064134,3.179839270718591,2.472621786164868,3.003912506546678,-0.3392415464426727,1.817043557572789,0.2097675884436426,2.5002641287197003
33.0,139.0,1000.5496215820312,-4.38181940135786,-3.791399563132384,1.709837130064134,3.179839270716167,2.4726217861648845,3.003912506546678,-0.3392415464426727,1.817043557572789,0.2097675884436426,2.5002641287197003
33.0,139.0,1000.5496215820312,-4.38181940135786,-3.79133020587381,1.709989024754112,3.179839270678976,2.4726217861648982,3.0039125070805537,-0.339241560909775,1.8170386200854447,0.2097675884447331,2.5002641287197003
33.0,139.0,1000.5496215820312,-4.38181940135786,-3.7913995630544095,1.709837130064134,3.179839410121572,2.472621786164813,3.003912506546678,-0.3392415464426727,1.817043557572789,0.2097675884510529,2.5002641287197003
33.0,140.0,1000.5444946289062,-4.38181940135786,-3.791399563132384,1.7098371457483197,3.179839270718591,2.472621786164869,3.003912506546678,-0.3392415236364783,1.8158562015318365,0.2097675884436426,2.5002641287197003
33.0,140.0,1000.5449829101562,-4.38181940135786,-3.79139962104935,1.709832144513836,3.179839269665324,2.4726217861632893,2.995461532934227,-0.3392419467508371,1.816995180017363,0.2097675884447331,2.5002641287197003
33.0,140.0,1000.5449829101562,-4.38181940135786,-3.791399621268125,1.710017939379231,3.179839270687684,2.4726217861634106,2.996074196622425,-0.3392419467508371,1.8169958945163025,0.2097474336057863,2.5002641287197003
33.0,140.0,1000.5450439453124,-4.38181940135786,-3.79139962104935,1.7100076758175973,3.179839270671567,2.4726217861634106,2.995461532934227,-0.3392419467508371,1.816995902974393,0.2097675884447331,2.5002641287197003
33.0,140.0,1000.5450439453124,-4.38181940135786,-3.79139962104935,1.7100076758175973,3.179839270671567,2.4726217861634106,2.995461532934227,-0.3392419467508371,1.816995902974393,0.2097675884447331,2.5002641287197003
33.0,140.0,1000.5450439453124,-4.38181940135786,-3.79139962104935,1.7100076488719196,3.179839270671567,2.4726217861634106,2.995461532934227,-0.3392419467508371,1.816995902974393,0.2097675884445783,2.5002641287197003
33.0,140.0,1000.5450439453124,-4.38181940135786,-3.79139962104935,1.7100076758175973,3.179839270671567,2.4726217861634106,2.995461532934227,-0.3392419344606938,1.816995902974393,0.2097675884447331,2.5002641287197003
33.0,140.0,1000.5450439453124,-4.38181940135786,-3.79139962104935,1.7100076758175973,3.179839270671567,2.4726217861648627,2.995461532934227,-0.3392419467508371,1.816996569759432,0.2097675884447331,2.5002641287197003
33.0,140.0,1000.5452880859376,-4.38181940135786,-3.791399620955599,1.7100130254503203,3.179839270671567,2.4726217861633897,2.994716130659348,-0.3392419344606938,1.8169967727229788,0.2097675884447331,2.5002641287197003
33.0,140.0,1000.5481567382812,-4.38181940135786,-3.791399557924493,1.7098405052288148,3.179839269764891,2.47262178616493,3.003912506546678,-0.3392415894458153,1.8169979213993688,0.2089092969816057,2.5002641287197003
33.0,140.0,1000.5482177734376,-4.38181940135786,-3.79139961928359,1.7099637679287265,3.1798392706611778,2.472621786165102,3.003912506546573,-0.3392415609143426,1.817010338476807,0.2088145516955454,2.5002641287197003
33.0,140.0,1000.5482788085938,-4.38181940135786,-3.79139961928359,1.7099637679287265,3.1798392706611778,2.472621786165102,3.003912506546573,-0.3392415609143426,1.817010338476807,0.2088580510605209,2.5002641287197003
33.0,140.0,1000.5482788085938,-4.38181940135786,-3.7913996193773407,1.7100566756483235,3.1798392706611778,2.4726217861651234,3.004657908821558,-0.3392415575891018,1.817009468728221,0.2088594088931168,2.5002641287197003
33.0,140.0,1000.54833984375,-4.38181940135786,-3.791399557940406,1.710007315981967,3.179839269736099,2.4726217861649284,3.0032998209772748,-0.3392415884257628,1.81699727703572,0.2089070872518775,2.5002641287197003
33.0,140.0,1000.5484008789062,-4.38181940135786,-3.791399558159181,1.710017579543601,3.1798392697522155,2.4726217861649284,3.003912484665473,-0.3392415884257628,1.8169972685776297,0.2088869324129307,2.5002641287197003
33.0,140.0,1000.5484008789062,-4.38181940135786,-3.79139961928359,1.7100620252810468,3.1798392706611778,2.4726217861650945,3.003912506546678,-0.3392415609762608,1.816996539361847,0.2088594088931168,2.5002641287197003
33.0,140.0,1000.5484008789062,-4.38181940135786,-3.791399558159181,1.710017579543601,3.1798392697522155,2.472621786164927,3.0039125075773074,-0.3392415884257628,1.816997277359976,0.2088869324129307,2.5002641287197003
33.0,140.0,1000.5484008789062,-4.38181940135786,-3.791408929930992,1.7100620252810468,3.1798392706611778,2.472621786165086,3.003912506546678,-0.3392415609762608,1.8169968127385432,0.2088594088931168,2.5002641287197003
33.0,140.0,1000.5484008789062,-4.38181940135786,-3.791399622651629,1.7100620252810468,3.17983938875634,2.4726217861650968,3.003912506546678,-0.3392415609762608,1.81699984906652,0.2088409937470061,2.5002641287197003
33.0,140.0,1000.5484008789062,-4.38181940135786,-3.791408727977719,1.7100620252810468,3.1798392706611778,2.472621786165086,3.003912506546678,-0.3392415609762608,1.8169968105222247,0.2088594088931168,2.5002641287197003
33.0,140.0,1000.5484619140624,-4.38181940135786,-3.79139961928359,1.7100620252810468,3.1798392706611778,2.472621786165102,3.003912506546678,-0.3392415575891018,1.817010338476807,0.2088594088931168,2.5002641287197003
33.0,140.0,1000.5484619140624,-4.38181940135786,-3.79139961928359,1.7100620252810468,3.1798392706611778,2.472621786165102,3.003912506546678,-0.3392415575891018,1.817010338476807,0.2088594088931168,2.5002641287197003
33.0,140.0,1000.5493774414062,-4.38181940135786,-3.79139962104935,1.709832144513836,3.179839269667509,2.4726217861632893,3.003582584823144,-0.3392419457905407,1.816997429708812,0.2097553807372505,2.5002641287197003
33.0,140.0,1000.5494384765624,-4.38181940135786,-3.791416160845391,1.7097302916428845,3.179839270671567,2.472621786165006,3.003912506546678,-0.3392415609063802,1.816995150177372,0.2097675884447331,2.5002641287197003
33.0,140.0,1000.5494384765624,-4.38181940135786,-3.791416160845391,1.7097302916428845,3.179839270671567,2.472621786165006,3.003912506546678,-0.3392415609063802,1.816995150177372,0.2097675884447331,2.5002641287197003
33.0,140.0,1000.5494384765624,-4.38181940135786,-3.791399498944961,1.709728177822371,3.179839278135109,2.472621786164859,3.003912508032819,-0.3392415469934319,1.816994693554288,0.2097675884436426,2.5002641287197003
33.0,140.0,1000.5494995117188,-4.38181940135786,-3.791418057195977,1.7097434158279152,3.1798392697524656,2.472621786165006,3.003912506546678,-0.339241941080572,1.8170101659074287,0.2097675880427152,2.5002641287197003
33.0,140.0,1000.5494995117188,-4.38181940135786,-3.791399563012359,1.7098405052288148,3.179839270671567,2.472621786165001,3.003912506546678,-0.3392415609063802,1.816996587536208,0.2097675884436376,2.5002641287197003
33.0,140.0,1000.5494995117188,-4.38181940135786,-3.791399563132384,1.7098371457483197,3.179839270718591,2.472621786164869,3.003912506546678,-0.3392415464426727,1.8169989957366428,0.2097675884436426,2.5002641287197003
33.0,140.0,1000.5494995117188,-4.38181940135786,-3.7913995630544095,1.7098316958242197,3.179839410121572,2.472621786164813,3.003912482962324,-0.339241561166556,1.816995244535695,0.2097675884510529,2.5002641287197003
33.0,140.0,1000.5494995117188,-4.38181940135786,-3.7913275547113976,1.7098274682118495,3.1798393955830053,2.472621786164868,3.003912506546678,-0.3392415611325209,1.8170415319604016,0.2097675884436426,2.5002641287197003
33.0,140.0,1000.5494995117188,-4.38181940135786,-3.791399563132865,1.7098315962242592,3.1798392676277047,2.4726217861648228,3.003912481476183,-0.3392415606157968,1.8169950487443265,0.2097675884510529,2.5002641287197003
33.0,140.0,1000.5494995117188,-4.38181940135786,-3.791418057195977,1.7097462686147784,3.1798392697524656,2.472621786165006,3.003912506546678,-0.3392415486331904,1.8170093250899624,0.2097675880427152,2.5002641287197003
33.0,140.0,1000.5494995117188,-4.38181940135786,-3.791399563009814,1.7098405052288148,3.179839270671567,2.47262178616486,3.003912506546678,-0.3392415610738692,1.816996587536208,0.2097675884436376,2.5002641287197003
33.0,140.0,1000.5494995117188,-4.38181940135786,-3.791376683278148,1.7098396231257516,3.179839269704322,2.4726217861650097,3.003912506546678,-0.3392419333621491,1.8170100998738663,0.2097675880528844,2.5002641287197003
33.0,140.0,1000.5494995117188,-4.38181940135786,-3.79133020587381,1.7098384178791988,3.179839270678976,2.4726217861648982,3.0039125070805537,-0.3392415468207275,1.817043334590442,0.2097675884447331,2.5002641287197003
33.0,140.0,1000.5494995117188,-4.38181940135786,-3.791399563132384,1.7098371457483197,3.179839270718591,2.472621786164869,3.003912506546678,-0.3392415464426727,1.8169989957366428,0.2097675884436426,2.5002641287197003
33.0,140.0,1000.5494995117188,-4.38181940135786,-3.791399563132384,1.7098371457483197,3.179839270718591,2.472621786164869,3.003912506546678,-0.3392415464426727,1.8169989957366428,0.2097675884436426,2.5002641287197003
33.0,140.0,1000.5494995117188,-4.38181940135786,-3.79133020587381,1.709838412483722,3.179839270678976,2.4726217861648982,3.0039125069888866,-0.3392415468207275,1.817043334590442,0.2097675884446986,2.5002641287197003
33.0,140.0,1000.5494995117188,-4.38181940135786,-3.791399563056375,1.7098371721111367,3.1798393969037546,2.4726217861648685,3.003912506160624,-0.339241546227215,1.8169950487443265,0.2097675884516036,2.5002641287197003
33.0,140.0,1000.5494995117188,-4.38181940135786,-3.791399563012359,1.7098405052288148,3.179839270671567,2.472621786165001,3.003912506546678,-0.3392415609063802,1.816996587536208,0.2097675884436376,2.5002641287197003
33.0,140.0,1000.5494995117188,-4.38181940135786,-3.7913995630544095,1.709831722769897,3.179839410121572,2.472621786164813,3.003912482962324,-0.339241561166556,1.816995244535695,0.2097675884512077,2.5002641287197003
33.0,140.0,1000.5494995117188,-4.38181940135786,-3.7914179475095295,1.7097302611373937,3.179839270662117,2.472621786165006,3.003912506546678,-0.3392415609063802,1.8170097697338448,0.2097675884517207,2.5002641287197003
33.0,140.0,1000.5494995117188,-4.38181940135786,-3.7913995630544095,1.709831722769897,3.179839410121572,2.472621786164813,3.003912482962324,-0.339241561166556,1.816995244535695,0.2097675884512077,2.5002641287197003
33.0,140.0,1000.5494995117188,-4.38181940135786,-3.791416160845391,1.7097302916428845,3.179839270671567,2.4726217861649293,3.003912506546678,-0.3392415879784048,1.81699807112104,0.2097890862016464,2.5002641287197003
33.0,140.0,1000.5494995117188,-4.38181940135786,-3.791418057195977,1.7097462686147784,3.1798392697524656,2.472621786165006,3.003912506546678,-0.3392415486331904,1.8170093250899624,0.2097675880427152,2.5002641287197003
33.0,140.0,1000.5494995117188,-4.38181940135786,-3.7913993268350463,1.709837161237276,3.179839270718591,2.472621786164869,3.003912506546678,-0.3392415464426727,1.8169989957366428,0.2097675884436426,2.5002641287197003
33.0,140.0,1000.5494995117188,-4.38181940135786,-3.7913993793321263,1.7098405063098094,3.1798393950879307,2.4726217861649964,3.003912506546678,-0.3392415473010874,1.816996587536208,0.2097675884447317,2.5002641287197003
33.0,140.0,1000.549560546875,-4.38181940135786,-3.79133020587381,1.709989024754112,3.179839269728177,2.4726217861648982,3.0039125065574366,-0.3392415608848244,1.8169961832537176,0.209767588444738,2.5002641287197003
33.0,140.0,1000.549560546875,-4.38181940135786,-3.7913996226197098,1.709838939121586,3.1798393955830053,2.472621786164868,3.003912506546678,-0.3392415611325209,1.8169998347679628,0.2097675884436426,2.5002641287197003
33.0,141.0,1000.5444946289062,-4.38181940135786,-3.791399563132384,1.7098371457483197,3.179839270718591,2.472621786164869,3.003912506546678,-0.3392415236364783,1.8158562015318365,0.2097675884436426,2.5002641287197003
33.0,141.0,1000.5444946289062,-4.38181940135786,-3.791399563132384,1.7098404294414218,3.1798392707227703,2.472621786165001,3.003912506546678,-0.3392415250071477,1.8158562015318365,0.2097675884436426,2.5002641287197003
33.0,141.0,1000.544921875,-4.38181940135786,-3.791417298213673,1.7097302611373937,3.179839270662117,2.472621786165006,2.996071436669019,-0.3392415609063802,1.816995937276764,0.2097675884517207,2.5002641287197003
33.0,141.0,1000.544921875,-4.38181940135786,-3.79139962104935,1.7100076758175973,3.179839270671567,2.472621786164875,2.995461532934227,-0.3392415536734674,1.8169424846639235,0.2097675884447201,2.5002641287197003
33.0,141.0,1000.5449829101562,-4.38181940135786,-3.79139962104935,1.709832144513836,3.179839269665324,2.4726217861632893,2.995461532934227,-0.3392419467508371,1.816995180017363,0.2097675884447331,2.5002641287197003
33.0,141.0,1000.5449829101562,-4.38181940135786,-3.791399621268125,1.710017939379231,3.179839270687684,2.4726217861634106,2.996074196622425,-0.3392419467508371,1.8169958945163025,0.2097474336057863,2.5002641287197003
33.0,141.0,1000.5449829101562,-4.38181940135786,-3.79139962104935,1.7098095349240765,3.1798392696678976,2.4726217861632747,2.995461532934227,-0.3392419467508371,1.816995902974393,0.2097675884447331,2.5002641287197003
33.0,141.0,1000.5450439453124,-4.38181940135786,-3.79139962104935,1.7100076758175973,3.179839270671567,2.4726217861634106,2.995461532934227,-0.3392419467508371,1.816995902974393,0.2097675884447331,2.5002641287197003
33.0,141.0,1000.5450439453124,-4.38181940135786,-3.79139962104935,1.7100076758175973,3.179839270671567,2.4726217861634106,2.995461532934227,-0.3392419467508371,1.816995902974393,0.2097675884447331,2.5002641287197003
33.0,141.0,1000.5450439453124,-4.38181940135786,-3.79139962104935,1.7100076488719196,3.179839270671567,2.4726217861634106,2.995461532934227,-0.3392419467508371,1.816995902974393,0.2097675884445783,2.5002641287197003
33.0,141.0,1000.5450439453124,-4.38181940135786,-3.79139962104935,1.7100076758175973,3.179839270671567,2.4726217861634106,2.995461532934227,-0.3392419344606938,1.816995902974393,0.2097675884447331,2.5002641287197003
33.0,141.0,1000.5450439453124,-4.38181940135786,-3.79139962104935,1.7100076758175973,3.179839270671567,2.4726217861648627,2.995461532934227,-0.3392419467508371,1.816996569759432,0.2097675884447331,2.5002641287197003
33.0,141.0,1000.5450439453124,-4.38181940135786,-3.791399620939416,1.7100076488719196,3.1798392706714966,2.4726217861634106,2.995461532934227,-0.3392419467508371,1.816995902974393,0.2097724073286749,2.5002641287197003
33.0,141.0,1000.5450439453124,-4.38181940135786,-3.79139962104935,1.7100076250467415,3.1798392706985,2.4726217861634074,2.995461532934227,-0.3392419467508371,1.8169959066886168,0.2097675884447331,2.5002641287197003
33.0,141.0,1000.5450439453124,-4.38181940135786,-3.79139962104935,1.7100076758175973,3.179839270671567,2.4726217861634106,2.995461532934227,-0.3392419467508371,1.816995902974393,0.2097675884447331,2.5002641287197003
33.0,141.0,1000.5452880859376,-4.38181940135786,-3.791399620955599,1.7100130254503203,3.179839270671567,2.4726217861633897,2.994716130659348,-0.3392419344606938,1.8169967727229788,0.2097675884447331,2.5002641287197003
33.0,141.0,1000.5452880859376,-4.38181940135786,-3.791399620955599,1.7100130254503203,3.179839270671567,2.472621786163411,2.994716130659348,-0.3392419458512288,1.8169967727229788,0.2097675884447331,2.5002641287197003
33.0,141.0,1000.5480346679688,-4.38181940135786,-3.7913996119122912,1.7098441202247123,3.1798392747055835,2.4726217861650968,3.003912506546678,-0.3392415609745139,1.81699658816177,0.2088409937470061,2.5002641287197003
33.0,141.0,1000.5481567382812,-4.38181940135786,-3.791399557924493,1.7098405052288148,3.179839269764891,2.47262178616493,3.003912506546678,-0.3392415894458153,1.8169979213993688,0.2089092969816057,2.5002641287197003
33.0,141.0,1000.5482177734376,-4.38181940135786,-3.79139961928359,1.7099637679287265,3.1798392706611778,2.472621786165102,3.003912506546573,-0.3392415609143426,1.817010338476807,0.2088145516955454,2.5002641287197003
33.0,141.0,1000.5482177734376,-4.38181940135786,-3.791399619393524,1.7099637679287265,3.179839270661248,2.472621786165102,3.003912506546573,-0.3392415609143426,1.817010338476807,0.2088097328114488,2.5002641287197003
33.0,141.0,1000.5482788085938,-4.38181940135786,-3.79139961928359,1.7099637679287265,3.1798392706611778,2.472621786165102,3.003912506546573,-0.3392415609143426,1.817010338476807,0.2088580510605209,2.5002641287197003
33.0,141.0,1000.5482788085938,-4.38181940135786,-3.7913996193773407,1.7100566756483235,3.1798392706611778,2.4726217861651234,3.004657908821558,-0.3392415575891018,1.817009468728221,0.2088594088931168,2.5002641287197003
33.0,141.0,1000.5482788085938,-4.38181940135786,-3.7913996193741215,1.7100566756483235,3.1798392706611778,2.4726217861651234,3.004714656041133,-0.3392415575472367,1.8170103344378143,0.2088594088931168,2.5002641287197003
33.0,141.0,1000.5482788085938,-4.38181940135786,-3.79139961928359,1.7099637679287265,3.1798392706611778,2.472621786165102,3.003912506546573,-0.3392415609143426,1.817010338476807,0.2088577535887416,2.5002641287197003
33.0,141.0,1000.54833984375,-4.38181940135786,-3.791399557940406,1.710007315981967,3.179839269736099,2.4726217861649284,3.0032998209772748,-0.3392415884257628,1.81699727703572,0.2089070872518775,2.5002641287197003
33.0,141.0,1000.54833984375,-4.38181940135786,-3.791399618150168,1.7100085233512194,3.179839270649486,2.472621786164927,3.0039125075773074,-0.3392415934198808,1.8169972557110976,0.2088869324129307,2.5002641287197003
33.0,141.0,1000.5484008789062,-4.38181940135786,-3.791399558159181,1.710017579543601,3.1798392697522155,2.4726217861649284,3.003912484665473,-0.3392415884257628,1.8169972685776297,0.2088869324129307,2.5002641287197003
33.0,141.0,1000.5484008789062,-4.38181940135786,-3.79139961928359,1.7100620252810468,3.1798392706611778,2.4726217861650945,3.003912506546678,-0.3392415609762608,1.816996539361847,0.2088594088931168,2.5002641287197003
33.0,141.0,1000.5484008789062,-4.38181940135786,-3.791399558159181,1.710017579543601,3.1798392697522155,2.472621786164927,3.0039125075773074,-0.3392415884257628,1.816997277359976,0.2088869324129307,2.5002641287197003
33.0,141.0,1000.5484008789062,-4.38181940135786,-3.791408929930992,1.7100620252810468,3.1798392706611778,2.472621786165086,3.003912506546678,-0.3392415609762608,1.8169968127385432,0.2088594088931168,2.5002641287197003
33.0,141.0,1000.5484008789062,-4.38181940135786,-3.791399622651629,1.7100620252810468,3.17983938875634,2.4726217861650968,3.003912506546678,-0.3392415609762608,1.81699984906652,0.2088409937470061,2.5002641287197003
33.0,141.0,1000.5484008789062,-4.38181940135786,-3.791408727977719,1.7100620252810468,3.1798392706611778,2.472621786165086,3.003912506546678,-0.3392415609762608,1.8169968105222247,0.2088594088931168,2.5002641287197003
33.0,141.0,1000.5484008789062,-4.38181940135786,-3.791399622651629,1.7100620252810468,3.17983938875634,2.4726217861650968,3.003912506546678,-0.3392415609762608,1.81699984906652,0.2088409937470061,2.5002641287197003
33.0,141.0,1000.5484619140624,-4.38181940135786,-3.79139961928359,1.7100620252810468,3.1798392706611778,2.472621786165102,3.003912506546678,-0.3392415575891018,1.817010338476807,0.2088594088931168,2.5002641287197003
33.0,141.0,1000.5484619140624,-4.38181940135786,-3.79139961928359,1.7100620252810468,3.1798392706611778,2.472621786165102,3.003912506546678,-0.3392415575891018,1.817010338476807,0.2088594088931168,2.5002641287197003
33.0,141.0,1000.5484619140624,-4.38181940135786,-3.791399618568701,1.7100620252810468,3.1798392706611778,2.472621786165102,3.003912506546678,-0.3392415575891018,1.817010338476807,0.2088594088931168,2.5002641287197003
33.0,141.0,1000.5493774414062,-4.38181940135786,-3.79139962104935,1.709832144513836,3.179839269667509,2.4726217861632893,3.003582584823144,-0.3392419457905407,1.816997429708812,0.2097553807372505,2.5002641287197003
33.0,141.0,1000.5493774414062,-4.38181940135786,-3.791399620483308,1.709832144513836,3.17983926970837,2.47262178616328,3.0035875743634937,-0.3392419587198355,1.816997432386827,0.2097553774640352,2.5002641287197003
33.0,141.0,1000.5494384765624,-4.38181940135786,-3.791416160845391,1.7097302916428845,3.179839270671567,2.472621786165006,3.003912506546678,-0.3392415609063802,1.816995150177372,0.2097675884447331,2.5002641287197003
33.0,141.0,1000.5494384765624,-4.38181940135786,-3.791416160845391,1.7097302916428845,3.179839270671567,2.472621786165006,3.003912506546678,-0.3392415609063802,1.816995150177372,0.2097675884447331,2.5002641287197003
33.0,141.0,1000.5494384765624,-4.38181940135786,-3.791399498944961,1.709728177822371,3.179839278135109,2.472621786164859,3.003912508032819,-0.3392415469934319,1.816994693554288,0.2097675884436426,2.5002641287197003
33.0,141.0,1000.5494384765624,-4.38181940135786,-3.791399498944961,1.709728177822371,3.179839278135109,2.472621786164859,3.0039125093759544,-0.3392415469934319,1.8169952624510588,0.2097675884436426,2.5002641287197003
33.0,141.0,1000.5494995117188,-4.38181940135786,-3.791418057195977,1.7097434158279152,3.1798392697524656,2.472621786165006,3.003912506546678,-0.339241941080572,1.8170101659074287,0.2097675880427152,2.5002641287197003
33.0,141.0,1000.5494995117188,-4.38181940135786,-3.791399563012359,1.7098405052288148,3.179839270671567,2.472621786165001,3.003912506546678,-0.3392415609063802,1.816996587536208,0.2097675884436376,2.5002641287197003
33.0,141.0,1000.5494995117188,-4.38181940135786,-3.791399563132384,1.7098371457483197,3.179839270718591,2.472621786164869,3.003912506546678,-0.3392415464426727,1.8169989957366428,0.2097675884436426,2.5002641287197003
33.0,141.0,1000.5494995117188,-4.38181940135786,-3.7913995630544095,1.7098316958242197,3.179839410121572,2.472621786164813,3.003912482962324,-0.339241561166556,1.816995244535695,0.2097675884510529,2.5002641287197003
33.0,141.0,1000.5494995117188,-4.38181940135786,-3.7913275547113976,1.7098274682118495,3.1798393955830053,2.472621786164868,3.003912506546678,-0.3392415611325209,1.8170415319604016,0.2097675884436426,2.5002641287197003
33.0,141.0,1000.5494995117188,-4.38181940135786,-3.791399563132865,1.7098315962242592,3.1798392676277047,2.4726217861648228,3.003912481476183,-0.3392415606157968,1.8169950487443265,0.2097675884510529,2.5002641287197003
33.0,141.0,1000.5494995117188,-4.38181940135786,-3.791418057195977,1.7097462686147784,3.1798392697524656,2.472621786165006,3.003912506546678,-0.3392415486331904,1.8170093250899624,0.2097675880427152,2.5002641287197003
33.0,142.0,1000.5427856445312,-4.38181940135786,-3.791399619586264,1.7098404294414218,3.1798392707227703,2.4726217861650017,3.003912506546678,-0.3392415596073723,1.8157709437487664,0.2088016983712909,2.5002641287197003
33.0,142.0,1000.5438842773438,-4.38181940135786,-3.7913996208008096,1.710017579543601,3.179839269664793,2.47262178616326,2.995263427043093,-0.3392415884257628,1.8169972685776297,0.2089461408685859,2.5002641287197003
33.0,142.0,1000.5444946289062,-4.38181940135786,-3.791399563132384,1.7098371457483197,3.179839270718591,2.472621786164869,3.003912506546678,-0.3392415236364783,1.8158562015318365,0.2097675884436426,2.5002641287197003
33.0,142.0,1000.5444946289062,-4.38181940135786,-3.791399563132384,1.7098404294414218,3.1798392707227703,2.472621786165001,3.003912506546678,-0.3392415250071477,1.8158562015318365,0.2097675884436426,2.5002641287197003
33.0,142.0,1000.5444946289062,-4.38181940135786,-3.791399563132384,1.709840341980711,3.1798392707227703,2.472621786164927,3.0039125064721315,-0.3392415250071477,1.8158562015318365,0.2097675884436426,2.5002641287197003
33.0,142.0,1000.544921875,-4.38181940135786,-3.791417298213673,1.7097302611373937,3.179839270662117,2.472621786165006,2.996071436669019,-0.3392415609063802,1.816995937276764,0.2097675884517207,2.5002641287197003
33.0,142.0,1000.544921875,-4.38181940135786,-3.79139962104935,1.7100076758175973,3.179839270671567,2.472621786164875,2.995461532934227,-0.3392415536734674,1.8169424846639235,0.2097675884447201,2.5002641287197003
33.0,142.0,1000.544921875,-4.38181940135786,-3.791417298213673,1.7097319628545704,3.1798392706619625,2.472621786165006,2.996071436669019,-0.3392415418245959,1.816995937276764,0.2097675884517207,2.5002641287197003
33.0,142.0,1000.544921875,-4.38181940135786,-3.79139962104935,1.7100076758175973,3.179839270671567,2.472621786164875,2.995461532934227,-0.3392415536734674,1.8169424846639235,0.2097675884447201,2.5002641287197003
33.0,142.0,1000.5449829101562,-4.38181940135786,-3.79139962104935,1.709832144513836,3.179839269665324,2.4726217861632893,2.995461532934227,-0.3392419467508371,1.816995180017363,0.2097675884447331,2.5002641287197003
33.0,142.0,1000.5449829101562,-4.38181940135786,-3.791399621268125,1.710017939379231,3.179839270687684,2.4726217861634106,2.996074196622425,-0.3392419467508371,1.8169958945163025,0.2097474336057863,2.5002641287197003
33.0,142.0,1000.5449829101562,-4.38181940135786,-3.79139962104935,1.7098095349240765,3.1798392696678976,2.4726217861632747,2.995461532934227,-0.3392419467508371,1.816995902974393,0.2097675884447331,2.5002641287197003
33.0,142.0,1000.5449829101562,-4.38181940135786,-3.79139962104935,1.709832144513836,3.179839269665324,2.4726217861650155,2.9954660200071426,-0.3392419467508371,1.8169951662473016,0.2097675884448431,2.5002641287197003
33.0,142.0,1000.5450439453124,-4.38181940135786,-3.79139962104935,1.7100076758175973,3.179839270671567,2.4726217861634106,2.995461532934227,-0.3392419467508371,1.816995902974393,0.2097675884447331,2.5002641287197003
33.0,142.0,1000.5450439453124,-4.38181940135786,-3.79139962104935,1.7100076758175973,3.179839270671567,2.4726217861634106,2.995461532934227,-0.3392419467508371,1.816995902974393,0.2097675884447331,2.5002641287197003
33.0,142.0,1000.5450439453124,-4.38181940135786,-3.79139962104935,1.7100076488719196,3.179839270671567,2.4726217861634106,2.995461532934227,-0.3392419467508371,1.816995902974393,0.2097675884445783,2.5002641287197003
33.0,142.0,1000.5450439453124,-4.38181940135786,-3.79139962104935,1.7100076758175973,3.179839270671567,2.4726217861634106,2.995461532934227,-0.3392419344606938,1.816995902974393,0.2097675884447331,2.5002641287197003
33.0,142.0,1000.5450439453124,-4.38181940135786,-3.79139962104935,1.7100076758175973,3.179839270671567,2.4726217861648627,2.995461532934227,-0.3392419467508371,1.816996569759432,0.2097675884447331,2.5002641287197003
33.0,142.0,1000.5450439453124,-4.38181940135786,-3.791399620939416,1.7100076488719196,3.1798392706714966,2.4726217861634106,2.995461532934227,-0.3392419467508371,1.816995902974393,0.2097724073286749,2.5002641287197003
33.0,142.0,1000.5450439453124,-4.38181940135786,-3.79139962104935,1.7100076250467415,3.1798392706985,2.4726217861634074,2.995461532934227,-0.3392419467508371,1.8169959066886168,0.2097675884447331,2.5002641287197003
33.0,142.0,1000.5450439453124,-4.38181940135786,-3.79139962104935,1.7100076758175973,3.179839270671567,2.4726217861634106,2.995461532934227,-0.3392419467508371,1.816995902974393,0.2097675884447331,2.5002641287197003
33.0,142.0,1000.5450439453124,-4.38181940135786,-3.791399621268125,1.710017939379231,3.1798392706711183,2.472621786163295,2.996074196622425,-0.3392415463525156,1.8170087137931883,0.2097694554472799,2.5002641287197003
33.0,142.0,1000.5450439453124,-4.38181940135786,-3.79139962104935,1.71000597410042,3.179839270671722,2.4726217861634106,2.995461532934227,-0.3392419658326214,1.816995902974393,0.2097675884447331,2.5002641287197003
33.0,142.0,1000.5450439453124,-4.38181940135786,-3.791399620937876,1.7100076488719196,3.1798392706714966,2.4726217861634106,2.995461532934227,-0.3392419467508371,1.816995902974393,0.2097724073286749,2.5002641287197003
33.0,142.0,1000.5450439453124,-4.38181940135786,-3.79139962104935,1.7100076758175973,3.179839270671567,2.4726217861634106,2.995461532934227,-0.3392419467508371,1.816995902974393,0.2097675884447331,2.5002641287197003
33.0,142.0,1000.5452880859376,-4.38181940135786,-3.791399620955599,1.7100130254503203,3.179839270671567,2.4726217861633897,2.994716130659348,-0.3392419344606938,1.8169967727229788,0.2097675884447331,2.5002641287197003
33.0,142.0,1000.5452880859376,-4.38181940135786,-3.791399620955599,1.7100130254503203,3.179839270671567,2.472621786163411,2.994716130659348,-0.3392419458512288,1.8169967727229788,0.2097675884447331,2.5002641287197003
33.0,142.0,1000.5480346679688,-4.38181940135786,-3.7913996119122912,1.7098441202247123,3.1798392747055835,2.4726217861650968,3.003912506546678,-0.3392415609745139,1.81699658816177,0.2088409937470061,2.5002641287197003
33.0,142.0,1000.5480346679688,-4.38181940135786,-3.7913996119122912,1.7098441202247123,3.1798392747055835,2.4726217861650968,3.003912506546678,-0.3392415609745139,1.81699658816177,0.2088409937470061,2.5002641287197003
33.0,142.0,1000.5481567382812,-4.38181940135786,-3.791399557924493,1.7098405052288148,3.179839269764891,2.47262178616493,3.003912506546678,-0.3392415894458153,1.8169979213993688,0.2089092969816057,2.5002641287197003
33.0,142.0,1000.5482177734376,-4.38181940135786,-3.79139961928359,1.7099637679287265,3.1798392706611778,2.472621786165102,3.003912506546573,-0.3392415609143426,1.817010338476807,0.2088145516955454,2.5002641287197003
33.0,142.0,1000.5482177734376,-4.38181940135786,-3.791399619393524,1.7099637679287265,3.179839270661248,2.472621786165102,3.003912506546573,-0.3392415609143426,1.817010338476807,0.2088097328114488,2.5002641287197003
33.0,142.0,1000.5482788085938,-4.38181940135786,-3.79139961928359,1.7099637679287265,3.1798392706611778,2.472621786165102,3.003912506546573,-0.3392415609143426,1.817010338476807,0.2088580510605209,2.5002641287197003
33.0,142.0,1000.5482788085938,-4.38181940135786,-3.7913996193773407,1.7100566756483235,3.1798392706611778,2.4726217861651234,3.004657908821558,-0.3392415575891018,1.817009468728221,0.2088594088931168,2.5002641287197003
33.0,142.0,1000.5482788085938,-4.38181940135786,-3.7913996193741215,1.7100566756483235,3.1798392706611778,2.4726217861651234,3.004714656041133,-0.3392415575472367,1.8170103344378143,0.2088594088931168,2.5002641287197003
33.0,142.0,1000.5482788085938,-4.38181940135786,-3.79139961928359,1.7099637679287265,3.1798392706611778,2.472621786165102,3.003912506546573,-0.3392415609143426,1.817010338476807,0.2088577535887416,2.5002641287197003
33.0,142.0,1000.5482788085938,-4.38181940135786,-3.79139961928359,1.7099631071049952,3.1798392706611778,2.472621786165102,3.0039125065465746,-0.3392415609767111,1.817010338476807,0.2088580510605209,2.5002641287197003
33.0,142.0,1000.5482788085938,-4.38181940135786,-3.7913996193773407,1.710056692702579,3.1798392706611778,2.4726217861651234,3.0046457826436086,-0.3392415575615017,1.817009468728221,0.2088594088931168,2.5002641287197003
33.0,142.0,1000.54833984375,-4.38181940135786,-3.791399557940406,1.710007315981967,3.179839269736099,2.4726217861649284,3.0032998209772748,-0.3392415884257628,1.81699727703572,0.2089070872518775,2.5002641287197003
33.0,142.0,1000.54833984375,-4.38181940135786,-3.791399618150168,1.7100085233512194,3.179839270649486,2.472621786164927,3.0039125075773074,-0.3392415934198808,1.8169972557110976,0.2088869324129307,2.5002641287197003
33.0,142.0,1000.5484008789062,-4.38181940135786,-3.791399558159181,1.710017579543601,3.1798392697522155,2.4726217861649284,3.003912484665473,-0.3392415884257628,1.8169972685776297,0.2088869324129307,2.5002641287197003
33.0,142.0,1000.5484008789062,-4.38181940135786,-3.79139961928359,1.7100620252810468,3.1798392706611778,2.4726217861650945,3.003912506546678,-0.3392415609762608,1.816996539361847,0.2088594088931168,2.5002641287197003
33.0,142.0,1000.5484008789062,-4.38181940135786,-3.791399558159181,1.710017579543601,3.1798392697522155,2.472621786164927,3.0039125075773074,-0.3392415884257628,1.816997277359976,0.2088869324129307,2.5002641287197003
33.0,142.0,1000.5484008789062,-4.38181940135786,-3.791408929930992,1.7100620252810468,3.1798392706611778,2.472621786165086,3.003912506546678,-0.3392415609762608,1.8169968127385432,0.2088594088931168,2.5002641287197003
33.0,142.0,1000.5484008789062,-4.38181940135786,-3.791399622651629,1.7100620252810468,3.17983938875634,2.4726217861650968,3.003912506546678,-0.3392415609762608,1.81699984906652,0.2088409937470061,2.5002641287197003
33.0,142.0,1000.5484008789062,-4.38181940135786,-3.791408727977719,1.7100620252810468,3.1798392706611778,2.472621786165086,3.003912506546678,-0.3392415609762608,1.8169968105222247,0.2088594088931168,2.5002641287197003
33.0,142.0,1000.5484008789062,-4.38181940135786,-3.791399622651629,1.7100620252810468,3.17983938875634,2.4726217861650968,3.003912506546678,-0.3392415609762608,1.81699984906652,0.2088409937470061,2.5002641287197003
33.0,142.0,1000.5484008789062,-4.38181940135786,-3.791408727977719,1.7100620252810468,3.1798392706611778,2.472621786165086,3.003912506546678,-0.3392415608060355,1.8169971605765445,0.2088594088931168,2.5002641287197003
33.0,142.0,1000.5484619140624,-4.38181940135786,-3.79139961928359,1.7100620252810468,3.1798392706611778,2.472621786165102,3.003912506546678,-0.3392415575891018,1.817010338476807,0.2088594088931168,2.5002641287197003
33.0,142.0,1000.5484619140624,-4.38181940135786,-3.79139961928359,1.7100620252810468,3.1798392706611778,2.472621786165102,3.003912506546678,-0.3392415575891018,1.817010338476807,0.2088594088931168,2.5002641287197003
33.0,143.0,1000.5427856445312,-4.38181940135786,-3.791399619586264,1.7098404294414218,3.1798392707227703,2.4726217861650017,3.003912506546678,-0.3392415596073723,1.8157709437487664,0.2088016983712909,2.5002641287197003
33.0,143.0,1000.5427856445312,-4.38181940135786,-3.791399619586264,1.7098404294414218,3.1798392707227703,2.4726217861650017,3.003912506546678,-0.3392415608371104,1.8157709437487664,0.2088016983712909,2.5002641287197003
33.0,143.0,1000.5438842773438,-4.38181940135786,-3.7913996208008096,1.710017579543601,3.179839269664793,2.47262178616326,2.995263427043093,-0.3392415884257628,1.8169972685776297,0.2089461408685859,2.5002641287197003
33.0,143.0,1000.5438842773438,-4.38181940135786,-3.7913996208008096,1.710017579543601,3.179839269664793,2.47262178616326,2.995263427043093,-0.3392415871960246,1.8169972685776297,0.2089461408685859,2.5002641287197003
33.0,143.0,1000.5444946289062,-4.38181940135786,-3.791399563132384,1.7098371457483197,3.179839270718591,2.472621786164869,3.003912506546678,-0.3392415236364783,1.8158562015318365,0.2097675884436426,2.5002641287197003
33.0,143.0,1000.5444946289062,-4.38181940135786,-3.791399563132384,1.7098404294414218,3.1798392707227703,2.472621786165001,3.003912506546678,-0.3392415250071477,1.8158562015318365,0.2097675884436426,2.5002641287197003
33.0,143.0,1000.5444946289062,-4.38181940135786,-3.791399563132384,1.709840341980711,3.1798392707227703,2.472621786164927,3.0039125064721315,-0.3392415250071477,1.8158562015318365,0.2097675884436426,2.5002641287197003
33.0,143.0,1000.544677734375,-4.38181940135786,-3.791399562746986,1.71002000310416,3.179839270718591,2.472621786164854,3.003912506546678,-0.3392415236364783,1.8158562015318365,0.2097675884436426,2.5002641287197003
33.0,143.0,1000.544921875,-4.38181940135786,-3.791417298213673,1.7097302611373937,3.179839270662117,2.472621786165006,2.996071436669019,-0.3392415609063802,1.816995937276764,0.2097675884517207,2.5002641287197003
33.0,143.0,1000.544921875,-4.38181940135786,-3.79139962104935,1.7100076758175973,3.179839270671567,2.472621786164875,2.995461532934227,-0.3392415536734674,1.8169424846639235,0.2097675884447201,2.5002641287197003
33.0,143.0,1000.544921875,-4.38181940135786,-3.791417298213673,1.7097319628545704,3.1798392706619625,2.472621786165006,2.996071436669019,-0.3392415418245959,1.816995937276764,0.2097675884517207,2.5002641287197003
33.0,143.0,1000.544921875,-4.38181940135786,-3.79139962104935,1.7100076758175973,3.179839270671567,2.472621786164875,2.995461532934227,-0.3392415536734674,1.8169424846639235,0.2097675884447201,2.5002641287197003
33.0,143.0,1000.544921875,-4.38181940135786,-3.79139962104935,1.7100076758175973,3.179839270671567,2.472621786164875,2.995461532934227,-0.3392415536734674,1.8169424846639235,0.2097675884447201,2.5002641287197003
33.0,143.0,1000.544921875,-4.38181940135786,-3.791417802253338,1.7097329509583163,3.179839270661036,2.47262178616487,2.9961135314994576,-0.3392415406408143,1.816995937276764,0.2097675884517207,2.5002641287197003
33.0,143.0,1000.5449829101562,-4.38181940135786,-3.79139962104935,1.709832144513836,3.179839269665324,2.4726217861632893,2.995461532934227,-0.3392419467508371,1.816995180017363,0.2097675884447331,2.5002641287197003
33.0,143.0,1000.5449829101562,-4.38181940135786,-3.791399621268125,1.710017939379231,3.179839270687684,2.4726217861634106,2.996074196622425,-0.3392419467508371,1.8169958945163025,0.2097474336057863,2.5002641287197003
33.0,143.0,1000.5449829101562,-4.38181940135786,-3.79139962104935,1.7098095349240765,3.1798392696678976,2.4726217861632747,2.995461532934227,-0.3392419467508371,1.816995902974393,0.2097675884447331,2.5002641287197003
33.0,143.0,1000.5449829101562,-4.38181940135786,-3.79139962104935,1.709832144513836,3.179839269665324,2.4726217861650155,2.9954660200071426,-0.3392419467508371,1.8169951662473016,0.2097675884448431,2.5002641287197003
33.0,143.0,1000.5449829101562,-4.38181940135786,-3.79139962104935,1.709833136067275,3.1798392697005315,2.4726217861632893,2.995463254739137,-0.3392419467508371,1.816995180017363,0.2097675884447331,2.5002641287197003
33.0,143.0,1000.5450439453124,-4.38181940135786,-3.79139962104935,1.7100076758175973,3.179839270671567,2.4726217861634106,2.995461532934227,-0.3392419467508371,1.816995902974393,0.2097675884447331,2.5002641287197003
33.0,143.0,1000.5450439453124,-4.38181940135786,-3.79139962104935,1.7100076758175973,3.179839270671567,2.4726217861634106,2.995461532934227,-0.3392419467508371,1.816995902974393,0.2097675884447331,2.5002641287197003
33.0,143.0,1000.5450439453124,-4.38181940135786,-3.79139962104935,1.7100076488719196,3.179839270671567,2.4726217861634106,2.995461532934227,-0.3392419467508371,1.816995902974393,0.2097675884445783,2.5002641287197003
33.0,143.0,1000.5450439453124,-4.38181940135786,-3.79139962104935,1.7100076758175973,3.179839270671567,2.4726217861634106,2.995461532934227,-0.3392419344606938,1.816995902974393,0.2097675884447331,2.5002641287197003
33.0,143.0,1000.5450439453124,-4.38181940135786,-3.79139962104935,1.7100076758175973,3.179839270671567,2.4726217861648627,2.995461532934227,-0.3392419467508371,1.816996569759432,0.2097675884447331,2.5002641287197003
33.0,143.0,1000.5450439453124,-4.38181940135786,-3.791399620939416,1.7100076488719196,3.1798392706714966,2.4726217861634106,2.995461532934227,-0.3392419467508371,1.816995902974393,0.2097724073286749,2.5002641287197003
33.0,143.0,1000.5450439453124,-4.38181940135786,-3.79139962104935,1.7100076250467415,3.1798392706985,2.4726217861634074,2.995461532934227,-0.3392419467508371,1.8169959066886168,0.2097675884447331,2.5002641287197003
33.0,143.0,1000.5450439453124,-4.38181940135786,-3.79139962104935,1.7100076758175973,3.179839270671567,2.4726217861634106,2.995461532934227,-0.3392419467508371,1.816995902974393,0.2097675884447331,2.5002641287197003
33.0,143.0,1000.5450439453124,-4.38181940135786,-3.791399621268125,1.710017939379231,3.1798392706711183,2.472621786163295,2.996074196622425,-0.3392415463525156,1.8170087137931883,0.2097694554472799,2.5002641287197003
33.0,143.0,1000.5450439453124,-4.38181940135786,-3.79139962104935,1.71000597410042,3.179839270671722,2.4726217861634106,2.995461532934227,-0.3392419658326214,1.816995902974393,0.2097675884447331,2.5002641287197003
33.0,143.0,1000.5450439453124,-4.38181940135786,-3.791399620937876,1.7100076488719196,3.1798392706714966,2.4726217861634106,2.995461532934227,-0.3392419467508371,1.816995902974393,0.2097724073286749,2.5002641287197003
33.0,143.0,1000.5450439453124,-4.38181940135786,-3.79139962104935,1.7100076758175973,3.179839270671567,2.4726217861634106,2.995461532934227,-0.3392419467508371,1.816995902974393,0.2097675884447331,2.5002641287197003
33.0,143.0,1000.5450439453124,-4.38181940135786,-3.791399620937876,1.7100076488719196,3.1798392706714966,2.4726217861634106,2.995461532934227,-0.3392419467508371,1.816995902974393,0.2097724073286749,2.5002641287197003
33.0,143.0,1000.5450439453124,-4.38181940135786,-3.7913996210437535,1.7100076488719196,3.179839270671498,2.4726217861634106,2.995461532934227,-0.3392419671169351,1.816995902974393,0.2097671629458297,2.5002641287197003
33.0,143.0,1000.5450439453124,-4.38181940135786,-3.791399621268125,1.710017939379231,3.1798392706711183,2.4726217861634074,2.996051538553508,-0.3392415463525156,1.8170090247559143,0.2097694554472799,2.5002641287197003
33.0,143.0,1000.5450439453124,-4.38181940135786,-3.7913995530604185,1.71000597410042,3.179839270671722,2.4726217861634106,2.995461532934227,-0.3392419658326214,1.816995902974393,0.2097675884447331,2.5002641287197003
33.0,143.0,1000.5450439453124,-4.38181940135786,-3.79139962104935,1.7100076758175973,3.179839270671567,2.4726217861634106,2.995461532934227,-0.3392419467508371,1.816995902974393,0.2097675884447331,2.5002641287197003
33.0,143.0,1000.5450439453124,-4.38181940135786,-3.791399562835185,1.710017939379231,3.179839270686879,2.4726217861634474,2.996074196622425,-0.3392419263668825,1.8158229810326685,0.2097671113182672,2.5002641287197003
33.0,143.0,1000.5450439453124,-4.38181940135786,-3.791399621268125,1.710016947825792,3.179839270635909,2.472621786163295,2.996072474817516,-0.3392415463525156,1.8170087137931883,0.2097694554472799,2.5002641287197003
33.0,143.0,1000.5452880859376,-4.38181940135786,-3.791399620955599,1.7100130254503203,3.179839270671567,2.4726217861633897,2.994716130659348,-0.3392419344606938,1.8169967727229788,0.2097675884447331,2.5002641287197003
33.0,143.0,1000.5452880859376,-4.38181940135786,-3.791399620955599,1.7100130254503203,3.179839270671567,2.472621786163411,2.994716130659348,-0.3392419458512288,1.8169967727229788,0.2097675884447331,2.5002641287197003
33.0,143.0,1000.5480346679688,-4.38181940135786,-3.7913996119122912,1.7098441202247123,3.1798392747055835,2.4726217861650968,3.003912506546678,-0.3392415609745139,1.81699658816177,0.2088409937470061,2.5002641287197003
33.0,143.0,1000.5480346679688,-4.38181940135786,-3.7913996119122912,1.7098441202247123,3.1798392747055835,2.4726217861650968,3.003912506546678,-0.3392415609745139,1.81699658816177,0.2088409937470061,2.5002641287197003
33.0,143.0,1000.5480346679688,-4.38181940135786,-3.791399619206053,1.7098381135555736,3.179839270661248,2.472621786165102,3.003912506546573,-0.3392415576436355,1.817010338476807,0.2088128981333737,2.5002641287197003
33.0,143.0,1000.5481567382812,-4.38181940135786,-3.791399557924493,1.7098405052288148,3.179839269764891,2.47262178616493,3.003912506546678,-0.3392415894458153,1.8169979213993688,0.2089092969816057,2.5002641287197003
33.0,143.0,1000.5482177734376,-4.38181940135786,-3.79139961928359,1.7099637679287265,3.1798392706611778,2.472621786165102,3.003912506546573,-0.3392415609143426,1.817010338476807,0.2088145516955454,2.5002641287197003
33.0,143.0,1000.5482177734376,-4.38181940135786,-3.791399619393524,1.7099637679287265,3.179839270661248,2.472621786165102,3.003912506546573,-0.3392415609143426,1.817010338476807,0.2088097328114488,2.5002641287197003
33.0,143.0,1000.5482177734376,-4.38181940135786,-3.7913996210552514,1.7100057945054656,3.1798392706616028,2.472621786164877,3.004714656041133,-0.3392415576979649,1.8170103344378143,0.2088594088931168,2.5002641287197003
33.0,143.0,1000.5482177734376,-4.38181940135786,-3.791399621273286,1.710010594996633,3.1798392706712337,2.4726217861650275,3.0046457826436086,-0.3392415575615017,1.817009468728221,0.2088594088931168,2.5002641287197003
33.0,143.0,1000.5482788085938,-4.38181940135786,-3.79139961928359,1.7099637679287265,3.1798392706611778,2.472621786165102,3.003912506546573,-0.3392415609143426,1.817010338476807,0.2088580510605209,2.5002641287197003
33.0,143.0,1000.5482788085938,-4.38181940135786,-3.7913996193773407,1.7100566756483235,3.1798392706611778,2.4726217861651234,3.004657908821558,-0.3392415575891018,1.817009468728221,0.2088594088931168,2.5002641287197003
33.0,144.0,1000.5427856445312,-4.38181940135786,-3.791399619586264,1.7098404294414218,3.1798392707227703,2.4726217861650017,3.003912506546678,-0.3392415596073723,1.8157709437487664,0.2088016983712909,2.5002641287197003
33.0,144.0,1000.5427856445312,-4.38181940135786,-3.791399619586264,1.7098404294414218,3.1798392707227703,2.4726217861650017,3.003912506546678,-0.3392415608371104,1.8157709437487664,0.2088016983712909,2.5002641287197003
33.0,144.0,1000.5427856445312,-4.38181940135786,-3.791399619586264,1.7098404294414218,3.1798392707227703,2.4726217861650017,3.003912506546678,-0.3392415608371104,1.8157709437487664,0.2088016983712909,2.5002641287197003
33.0,144.0,1000.5438842773438,-4.38181940135786,-3.7913996208008096,1.710017579543601,3.179839269664793,2.47262178616326,2.995263427043093,-0.3392415884257628,1.8169972685776297,0.2089461408685859,2.5002641287197003
33.0,144.0,1000.5438842773438,-4.38181940135786,-3.7913996208008096,1.710017579543601,3.179839269664793,2.47262178616326,2.995263427043093,-0.3392415871960246,1.8169972685776297,0.2089461408685859,2.5002641287197003
33.0,144.0,1000.5438842773438,-4.38181940135786,-3.7913996208008096,1.710017579543601,3.179839269664793,2.4726217861634305,2.995263427043093,-0.3392415828834011,1.8169972685776297,0.2089461408685859,2.5002641287197003
33.0,144.0,1000.5443115234376,-4.38181940135786,-3.791399563531094,1.7098404294414218,3.1798392707227703,2.472621786165001,3.0043642102886388,-0.3392415250071477,1.8158562015318365,0.2097675884436426,2.5002641287197003
33.0,144.0,1000.5444946289062,-4.38181940135786,-3.791399563132384,1.7098371457483197,3.179839270718591,2.472621786164869,3.003912506546678,-0.3392415236364783,1.8158562015318365,0.2097675884436426,2.5002641287197003
33.0,144.0,1000.5444946289062,-4.38181940135786,-3.791399563132384,1.7098404294414218,3.1798392707227703,2.472621786165001,3.003912506546678,-0.3392415250071477,1.8158562015318365,0.2097675884436426,2.5002641287197003
33.0,144.0,1000.5444946289062,-4.38181940135786,-3.791399563132384,1.709840341980711,3.1798392707227703,2.472621786164927,3.0039125064721315,-0.3392415250071477,1.8158562015318365,0.2097675884436426,2.5002641287197003
33.0,144.0,1000.5444946289062,-4.38181940135786,-3.791399563493608,1.7098371457483197,3.179839270718702,2.472621786164872,3.003912506546678,-0.3392415236364783,1.8158562015318365,0.2097675884436426,2.5002641287197003
33.0,144.0,1000.5445556640624,-4.38181940135786,-3.7913996218144654,1.7100076758175973,3.179839270671934,2.472621786163207,2.995461532934227,-0.339241922322491,1.815906748126555,0.2097675884447331,2.5002641287197003
33.0,144.0,1000.544677734375,-4.38181940135786,-3.791399562746986,1.71002000310416,3.179839270718591,2.472621786164854,3.003912506546678,-0.3392415236364783,1.8158562015318365,0.2097675884436426,2.5002641287197003
33.0,144.0,1000.5447387695312,-4.38181940135786,-3.79139962104935,1.70983793030369,3.1798392706747163,2.472621786164875,2.9956132563199187,-0.3392415527217119,1.815877479742108,0.2097675884447201,2.5002641287197003
33.0,144.0,1000.544921875,-4.38181940135786,-3.791417298213673,1.7097302611373937,3.179839270662117,2.472621786165006,2.996071436669019,-0.3392415609063802,1.816995937276764,0.2097675884517207,2.5002641287197003
33.0,144.0,1000.544921875,-4.38181940135786,-3.79139962104935,1.7100076758175973,3.179839270671567,2.472621786164875,2.995461532934227,-0.3392415536734674,1.8169424846639235,0.2097675884447201,2.5002641287197003
33.0,144.0,1000.544921875,-4.38181940135786,-3.791417298213673,1.7097319628545704,3.1798392706619625,2.472621786165006,2.996071436669019,-0.3392415418245959,1.816995937276764,0.2097675884517207,2.5002641287197003
33.0,144.0,1000.544921875,-4.38181940135786,-3.79139962104935,1.7100076758175973,3.179839270671567,2.472621786164875,2.995461532934227,-0.3392415536734674,1.8169424846639235,0.2097675884447201,2.5002641287197003
33.0,144.0,1000.544921875,-4.38181940135786,-3.79139962104935,1.7100076758175973,3.179839270671567,2.472621786164875,2.995461532934227,-0.3392415536734674,1.8169424846639235,0.2097675884447201,2.5002641287197003
33.0,144.0,1000.544921875,-4.38181940135786,-3.791417802253338,1.7097329509583163,3.179839270661036,2.47262178616487,2.9961135314994576,-0.3392415406408143,1.816995937276764,0.2097675884517207,2.5002641287197003
33.0,144.0,1000.544921875,-4.38181940135786,-3.79139962104935,1.709816385991924,3.179839269665324,2.4726217861650155,2.9960496228593287,-0.3392419467508371,1.8169951662473016,0.2097675884448431,2.5002641287197003
33.0,144.0,1000.544921875,-4.38181940135786,-3.79139962104935,1.7100076758175973,3.179839270671567,2.472621786164875,2.995461532934227,-0.3392415536734674,1.8169424846639235,0.2097675884447201,2.5002641287197003
33.0,144.0,1000.5449829101562,-4.38181940135786,-3.79139962104935,1.709832144513836,3.179839269665324,2.4726217861632893,2.995461532934227,-0.3392419467508371,1.816995180017363,0.2097675884447331,2.5002641287197003
33.0,144.0,1000.5449829101562,-4.38181940135786,-3.791399621268125,1.710017939379231,3.179839270687684,2.4726217861634106,2.996074196622425,-0.3392419467508371,1.8169958945163025,0.2097474336057863,2.5002641287197003
33.0,144.0,1000.5449829101562,-4.38181940135786,-3.79139962104935,1.7098095349240765,3.1798392696678976,2.4726217861632747,2.995461532934227,-0.3392419467508371,1.816995902974393,0.2097675884447331,2.5002641287197003
33.0,144.0,1000.5449829101562,-4.38181940135786,-3.79139962104935,1.709832144513836,3.179839269665324,2.4726217861650155,2.9954660200071426,-0.3392419467508371,1.8169951662473016,0.2097675884448431,2.5002641287197003
33.0,144.0,1000.5449829101562,-4.38181940135786,-3.79139962104935,1.709833136067275,3.1798392697005315,2.4726217861632893,2.995463254739137,-0.3392419467508371,1.816995180017363,0.2097675884447331,2.5002641287197003
33.0,144.0,1000.5449829101562,-4.38181940135786,-3.791418327777663,1.7097300579395678,3.179839270671567,2.472621786164861,2.995461532934227,-0.3392419550938308,1.8169958982117416,0.2097675884447331,2.5002641287197003
33.0,144.0,1000.5449829101562,-4.38181940135786,-3.79139962104935,1.709832144513836,3.1798392696681463,2.4726217861650155,2.9954660200071426,-0.3392419467508371,1.8169952033974448,0.2097675884447303,2.5002641287197003
33.0,144.0,1000.5450439453124,-4.38181940135786,-3.79139962104935,1.7100076758175973,3.179839270671567,2.4726217861634106,2.995461532934227,-0.3392419467508371,1.816995902974393,0.2097675884447331,2.5002641287197003
33.0,144.0,1000.5450439453124,-4.38181940135786,-3.79139962104935,1.7100076758175973,3.179839270671567,2.4726217861634106,2.995461532934227,-0.3392419467508371,1.816995902974393,0.2097675884447331,2.5002641287197003
33.0,144.0,1000.5450439453124,-4.38181940135786,-3.79139962104935,1.7100076488719196,3.179839270671567,2.4726217861634106,2.995461532934227,-0.3392419467508371,1.816995902974393,0.2097675884445783,2.5002641287197003
33.0,144.0,1000.5450439453124,-4.38181940135786,-3.79139962104935,1.7100076758175973,3.179839270671567,2.4726217861634106,2.995461532934227,-0.3392419344606938,1.816995902974393,0.2097675884447331,2.5002641287197003
33.0,144.0,1000.5450439453124,-4.38181940135786,-3.79139962104935,1.7100076758175973,3.179839270671567,2.4726217861648627,2.995461532934227,-0.3392419467508371,1.816996569759432,0.2097675884447331,2.5002641287197003
33.0,144.0,1000.5450439453124,-4.38181940135786,-3.791399620939416,1.7100076488719196,3.1798392706714966,2.4726217861634106,2.995461532934227,-0.3392419467508371,1.816995902974393,0.2097724073286749,2.5002641287197003
33.0,144.0,1000.5450439453124,-4.38181940135786,-3.79139962104935,1.7100076250467415,3.1798392706985,2.4726217861634074,2.995461532934227,-0.3392419467508371,1.8169959066886168,0.2097675884447331,2.5002641287197003
33.0,144.0,1000.5450439453124,-4.38181940135786,-3.79139962104935,1.7100076758175973,3.179839270671567,2.4726217861634106,2.995461532934227,-0.3392419467508371,1.816995902974393,0.2097675884447331,2.5002641287197003
33.0,144.0,1000.5450439453124,-4.38181940135786,-3.791399621268125,1.710017939379231,3.1798392706711183,2.472621786163295,2.996074196622425,-0.3392415463525156,1.8170087137931883,0.2097694554472799,2.5002641287197003
33.0,144.0,1000.5450439453124,-4.38181940135786,-3.79139962104935,1.71000597410042,3.179839270671722,2.4726217861634106,2.995461532934227,-0.3392419658326214,1.816995902974393,0.2097675884447331,2.5002641287197003
33.0,144.0,1000.5450439453124,-4.38181940135786,-3.791399620937876,1.7100076488719196,3.1798392706714966,2.4726217861634106,2.995461532934227,-0.3392419467508371,1.816995902974393,0.2097724073286749,2.5002641287197003
33.0,144.0,1000.5450439453124,-4.38181940135786,-3.79139962104935,1.7100076758175973,3.179839270671567,2.4726217861634106,2.995461532934227,-0.3392419467508371,1.816995902974393,0.2097675884447331,2.5002641287197003
33.0,144.0,1000.5450439453124,-4.38181940135786,-3.791399620937876,1.7100076488719196,3.1798392706714966,2.4726217861634106,2.995461532934227,-0.3392419467508371,1.816995902974393,0.2097724073286749,2.5002641287197003
33.0,144.0,1000.5450439453124,-4.38181940135786,-3.7913996210437535,1.7100076488719196,3.179839270671498,2.4726217861634106,2.995461532934227,-0.3392419671169351,1.816995902974393,0.2097671629458297,2.5002641287197003
33.0,144.0,1000.5450439453124,-4.38181940135786,-3.791399621268125,1.710017939379231,3.1798392706711183,2.4726217861634074,2.996051538553508,-0.3392415463525156,1.8170090247559143,0.2097694554472799,2.5002641287197003
33.0,144.0,1000.5450439453124,-4.38181940135786,-3.7913995530604185,1.71000597410042,3.179839270671722,2.4726217861634106,2.995461532934227,-0.3392419658326214,1.816995902974393,0.2097675884447331,2.5002641287197003
33.0,144.0,1000.5450439453124,-4.38181940135786,-3.79139962104935,1.7100076758175973,3.179839270671567,2.4726217861634106,2.995461532934227,-0.3392419467508371,1.816995902974393,0.2097675884447331,2.5002641287197003
33.0,144.0,1000.5450439453124,-4.38181940135786,-3.791399562835185,1.710017939379231,3.179839270686879,2.4726217861634474,2.996074196622425,-0.3392419263668825,1.8158229810326685,0.2097671113182672,2.5002641287197003
33.0,144.0,1000.5450439453124,-4.38181940135786,-3.791399621268125,1.710016947825792,3.179839270635909,2.472621786163295,2.996072474817516,-0.3392415463525156,1.8170087137931883,0.2097694554472799,2.5002641287197003
33.0,144.0,1000.5450439453124,-4.38181940135786,-3.79139962104935,1.7100059477853948,3.179839270671568,2.4726217861634106,2.995461532934227,-0.3392419658326214,1.816995902974393,0.2097675884447331,2.5002641287197003
33.0,144.0,1000.5450439453124,-4.38181940135786,-3.79139962104935,1.7100076758175973,3.179839270668744,2.4726217861634106,2.995461532934227,-0.3392419467508371,1.81699586582425,0.2097675884448459,2.5002641287197003
33.0,145.0,1000.5427856445312,-4.38181940135786,-3.791399619586264,1.7098404294414218,3.1798392707227703,2.4726217861650017,3.003912506546678,-0.3392415596073723,1.8157709437487664,0.2088016983712909,2.5002641287197003
33.0,145.0,1000.5427856445312,-4.38181940135786,-3.791399619586264,1.7098404294414218,3.1798392707227703,2.4726217861650017,3.003912506546678,-0.3392415608371104,1.8157709437487664,0.2088016983712909,2.5002641287197003
33.0,145.0,1000.5427856445312,-4.38181940135786,-3.791399619586264,1.7098404294414218,3.1798392707227703,2.4726217861650017,3.003912506546678,-0.3392415608371104,1.8157709437487664,0.2088016983712909,2.5002641287197003
33.0,145.0,1000.5427856445312,-4.38181940135786,-3.791399619586264,1.7098404294414218,3.1798392707227703,2.4726217861650017,3.003912506546678,-0.3392415608371104,1.8157709437487664,0.2088016983712909,2.5002641287197003
33.0,145.0,1000.5427856445312,-4.38181940135786,-3.7913996177065608,1.7098404294414218,3.1798392707227703,2.4726217861650017,3.0038914798429888,-0.3392415596073723,1.81577093687867,0.2087586096274509,2.5002641287197003
33.0,145.0,1000.5428466796876,-4.38181940135786,-3.791399619586264,1.7098404294414218,3.1798392707227703,2.4726217861650017,3.003923164149892,-0.3392415608371104,1.8157994268217488,0.2088016983712909,2.5002641287197003
33.0,145.0,1000.5438232421876,-4.38181940135786,-3.7913996208008096,1.710017579543601,3.179839269664793,2.47262178616326,2.9952527694398787,-0.3392415871960246,1.816968785504648,0.2089461408685859,2.5002641287197003
33.0,145.0,1000.5438842773438,-4.38181940135786,-3.7913996208008096,1.710017579543601,3.179839269664793,2.47262178616326,2.995263427043093,-0.3392415884257628,1.8169972685776297,0.2089461408685859,2.5002641287197003
33.0,145.0,1000.5438842773438,-4.38181940135786,-3.7913996208008096,1.710017579543601,3.179839269664793,2.47262178616326,2.995263427043093,-0.3392415871960246,1.8169972685776297,0.2089461408685859,2.5002641287197003
33.0,145.0,1000.5438842773438,-4.38181940135786,-3.7913996208008096,1.710017579543601,3.179839269664793,2.4726217861634305,2.995263427043093,-0.3392415828834011,1.8169972685776297,0.2089461408685859,2.5002641287197003
33.0,145.0,1000.5443115234376,-4.38181940135786,-3.791399563531094,1.7098404294414218,3.1798392707227703,2.472621786165001,3.0043642102886388,-0.3392415250071477,1.8158562015318365,0.2097675884436426,2.5002641287197003
33.0,145.0,1000.5443115234376,-4.38181940135786,-3.791399563132384,1.709840341980711,3.179839270703332,2.472621786164844,3.004516682173297,-0.3392415230956633,1.8158562015318365,0.2097675884447783,2.5002641287197003
33.0,145.0,1000.54443359375,-4.38181940135786,-3.7913995654107966,1.7098404294414218,3.1798392707227703,2.472621786165001,3.004385236992328,-0.3392415250071477,1.815856208401933,0.2098106771874826,2.5002641287197003
33.0,145.0,1000.5444946289062,-4.38181940135786,-3.791399563132384,1.7098371457483197,3.179839270718591,2.472621786164869,3.003912506546678,-0.3392415236364783,1.8158562015318365,0.2097675884436426,2.5002641287197003
33.0,145.0,1000.5444946289062,-4.38181940135786,-3.791399563132384,1.7098404294414218,3.1798392707227703,2.472621786165001,3.003912506546678,-0.3392415250071477,1.8158562015318365,0.2097675884436426,2.5002641287197003
33.0,145.0,1000.5444946289062,-4.38181940135786,-3.791399563132384,1.709840341980711,3.1798392707227703,2.472621786164927,3.0039125064721315,-0.3392415250071477,1.8158562015318365,0.2097675884436426,2.5002641287197003
33.0,145.0,1000.5444946289062,-4.38181940135786,-3.791399563493608,1.7098371457483197,3.179839270718702,2.472621786164872,3.003912506546678,-0.3392415236364783,1.8158562015318365,0.2097675884436426,2.5002641287197003
33.0,145.0,1000.5444946289062,-4.38181940135786,-3.791399622216257,1.7098165244707733,3.179839269689982,2.47262178616487,3.003912506546678,-0.3392419267733946,1.8158562015318365,0.2097675884436426,2.5002641287197003
33.0,145.0,1000.5444946289062,-4.38181940135786,-3.791399563132384,1.7098404294414218,3.1798392707227703,2.472621786165001,3.003912506546678,-0.3392415250071477,1.8158562015318365,0.2097675884436426,2.5002641287197003
33.0,145.0,1000.5445556640624,-4.38181940135786,-3.7913996218144654,1.7100076758175973,3.179839270671934,2.472621786163207,2.995461532934227,-0.339241922322491,1.815906748126555,0.2097675884447331,2.5002641287197003
33.0,145.0,1000.5445556640624,-4.38181940135786,-3.791399564071586,1.7098379851529442,3.1798392706747163,2.472621786164875,3.003808492300961,-0.3392415229178422,1.8158562700615224,0.2097675884436692,2.5002641287197003
33.0,145.0,1000.544677734375,-4.38181940135786,-3.791399562746986,1.71002000310416,3.179839270718591,2.472621786164854,3.003912506546678,-0.3392415236364783,1.8158562015318365,0.2097675884436426,2.5002641287197003
33.0,145.0,1000.544677734375,-4.38181940135786,-3.791399562746986,1.7100198288017976,3.179839270718591,2.472621786164854,3.003912506546678,-0.3392415236364783,1.8158562015318365,0.2097675884435221,2.5002641287197003
33.0,145.0,1000.5447387695312,-4.38181940135786,-3.79139962104935,1.70983793030369,3.1798392706747163,2.472621786164875,2.9956132563199187,-0.3392415527217119,1.815877479742108,0.2097675884447201,2.5002641287197003
33.0,145.0,1000.544921875,-4.38181940135786,-3.791417298213673,1.7097302611373937,3.179839270662117,2.472621786165006,2.996071436669019,-0.3392415609063802,1.816995937276764,0.2097675884517207,2.5002641287197003
33.0,145.0,1000.544921875,-4.38181940135786,-3.79139962104935,1.7100076758175973,3.179839270671567,2.472621786164875,2.995461532934227,-0.3392415536734674,1.8169424846639235,0.2097675884447201,2.5002641287197003
33.0,145.0,1000.544921875,-4.38181940135786,-3.791417298213673,1.7097319628545704,3.1798392706619625,2.472621786165006,2.996071436669019,-0.3392415418245959,1.816995937276764,0.2097675884517207,2.5002641287197003
33.0,145.0,1000.544921875,-4.38181940135786,-3.79139962104935,1.7100076758175973,3.179839270671567,2.472621786164875,2.995461532934227,-0.3392415536734674,1.8169424846639235,0.2097675884447201,2.5002641287197003
33.0,145.0,1000.544921875,-4.38181940135786,-3.79139962104935,1.7100076758175973,3.179839270671567,2.472621786164875,2.995461532934227,-0.3392415536734674,1.8169424846639235,0.2097675884447201,2.5002641287197003
33.0,145.0,1000.544921875,-4.38181940135786,-3.791417802253338,1.7097329509583163,3.179839270661036,2.47262178616487,2.9961135314994576,-0.3392415406408143,1.816995937276764,0.2097675884517207,2.5002641287197003
33.0,145.0,1000.544921875,-4.38181940135786,-3.79139962104935,1.709816385991924,3.179839269665324,2.4726217861650155,2.9960496228593287,-0.3392419467508371,1.8169951662473016,0.2097675884448431,2.5002641287197003
33.0,145.0,1000.544921875,-4.38181940135786,-3.79139962104935,1.7100076758175973,3.179839270671567,2.472621786164875,2.995461532934227,-0.3392415536734674,1.8169424846639235,0.2097675884447201,2.5002641287197003
33.0,145.0,1000.544921875,-4.38181940135786,-3.791399621268125,1.7098310966465446,3.17983926966337,2.4726217861634265,2.996074196622425,-0.3392419467508371,1.816995188051904,0.2097502787438799,2.5002641287197003
33.0,145.0,1000.544921875,-4.3827463036580365,-3.791399553128722,1.7100056924207605,3.1798392707227703,2.4726217861649427,3.003949404403756,-0.3392415360482603,1.8158562015318365,0.2097675884436426,2.5002641287197003
33.0,145.0,1000.5449829101562,-4.38181940135786,-3.79139962104935,1.709832144513836,3.179839269665324,2.4726217861632893,2.995461532934227,-0.3392419467508371,1.816995180017363,0.2097675884447331,2.5002641287197003
33.0,145.0,1000.5449829101562,-4.38181940135786,-3.791399621268125,1.710017939379231,3.179839270687684,2.4726217861634106,2.996074196622425,-0.3392419467508371,1.8169958945163025,0.2097474336057863,2.5002641287197003
33.0,145.0,1000.5449829101562,-4.38181940135786,-3.79139962104935,1.7098095349240765,3.1798392696678976,2.4726217861632747,2.995461532934227,-0.3392419467508371,1.816995902974393,0.2097675884447331,2.5002641287197003
33.0,145.0,1000.5449829101562,-4.38181940135786,-3.79139962104935,1.709832144513836,3.179839269665324,2.4726217861650155,2.9954660200071426,-0.3392419467508371,1.8169951662473016,0.2097675884448431,2.5002641287197003
33.0,145.0,1000.5449829101562,-4.38181940135786,-3.79139962104935,1.709833136067275,3.1798392697005315,2.4726217861632893,2.995463254739137,-0.3392419467508371,1.816995180017363,0.2097675884447331,2.5002641287197003
33.0,145.0,1000.5449829101562,-4.38181940135786,-3.791418327777663,1.7097300579395678,3.179839270671567,2.472621786164861,2.995461532934227,-0.3392419550938308,1.8169958982117416,0.2097675884447331,2.5002641287197003
33.0,145.0,1000.5449829101562,-4.38181940135786,-3.79139962104935,1.709832144513836,3.1798392696681463,2.4726217861650155,2.9954660200071426,-0.3392419467508371,1.8169952033974448,0.2097675884447303,2.5002641287197003
33.0,145.0,1000.5449829101562,-4.38181940135786,-3.79139962104935,1.7098261869599778,3.1798392696678976,2.472621786163269,2.995461532934227,-0.3392419467508371,1.816995902974393,0.2097675884447296,2.5002641287197003
33.0,145.0,1000.5450439453124,-4.38181940135786,-3.79139962104935,1.7100076758175973,3.179839270671567,2.4726217861634106,2.995461532934227,-0.3392419467508371,1.816995902974393,0.2097675884447331,2.5002641287197003
33.0,145.0,1000.5450439453124,-4.38181940135786,-3.79139962104935,1.7100076758175973,3.179839270671567,2.4726217861634106,2.995461532934227,-0.3392419467508371,1.816995902974393,0.2097675884447331,2.5002641287197003
33.0,145.0,1000.5450439453124,-4.38181940135786,-3.79139962104935,1.7100076488719196,3.179839270671567,2.4726217861634106,2.995461532934227,-0.3392419467508371,1.816995902974393,0.2097675884445783,2.5002641287197003
33.0,145.0,1000.5450439453124,-4.38181940135786,-3.79139962104935,1.7100076758175973,3.179839270671567,2.4726217861634106,2.995461532934227,-0.3392419344606938,1.816995902974393,0.2097675884447331,2.5002641287197003
33.0,145.0,1000.5450439453124,-4.38181940135786,-3.79139962104935,1.7100076758175973,3.179839270671567,2.4726217861648627,2.995461532934227,-0.3392419467508371,1.816996569759432,0.2097675884447331,2.5002641287197003
33.0,145.0,1000.5450439453124,-4.38181940135786,-3.791399620939416,1.7100076488719196,3.1798392706714966,2.4726217861634106,2.995461532934227,-0.3392419467508371,1.816995902974393,0.2097724073286749,2.5002641287197003
33.0,145.0,1000.5450439453124,-4.38181940135786,-3.79139962104935,1.7100076250467415,3.1798392706985,2.4726217861634074,2.995461532934227,-0.3392419467508371,1.8169959066886168,0.2097675884447331,2.5002641287197003
33.0,145.0,1000.5450439453124,-4.38181940135786,-3.79139962104935,1.7100076758175973,3.179839270671567,2.4726217861634106,2.995461532934227,-0.3392419467508371,1.816995902974393,0.2097675884447331,2.5002641287197003
33.0,146.0,1000.5427856445312,-4.38181940135786,-3.791399619586264,1.7098404294414218,3.1798392707227703,2.4726217861650017,3.003912506546678,-0.3392415596073723,1.8157709437487664,0.2088016983712909,2.5002641287197003
33.0,146.0,1000.5427856445312,-4.38181940135786,-3.791399619586264,1.7098404294414218,3.1798392707227703,2.4726217861650017,3.003912506546678,-0.3392415608371104,1.8157709437487664,0.2088016983712909,2.5002641287197003
33.0,146.0,1000.5427856445312,-4.38181940135786,-3.791399619586264,1.7098404294414218,3.1798392707227703,2.4726217861650017,3.003912506546678,-0.3392415608371104,1.8157709437487664,0.2088016983712909,2.5002641287197003
33.0,146.0,1000.5427856445312,-4.38181940135786,-3.791399619586264,1.7098404294414218,3.1798392707227703,2.4726217861650017,3.003912506546678,-0.3392415608371104,1.8157709437487664,0.2088016983712909,2.5002641287197003
33.0,146.0,1000.5427856445312,-4.38181940135786,-3.7913996177065608,1.7098404294414218,3.1798392707227703,2.4726217861650017,3.0038914798429888,-0.3392415596073723,1.81577093687867,0.2087586096274509,2.5002641287197003
33.0,146.0,1000.5428466796876,-4.38181940135786,-3.791399619586264,1.7098404294414218,3.1798392707227703,2.4726217861650017,3.003923164149892,-0.3392415608371104,1.8157994268217488,0.2088016983712909,2.5002641287197003
33.0,146.0,1000.5429077148438,-4.38181940135786,-3.791399619586264,1.709839034058028,3.1798392707227703,2.4726217861648623,3.0038703542674217,-0.3392415608371104,1.8158428581166663,0.2088016983712909,2.5002641287197003
33.0,146.0,1000.5438232421876,-4.38181940135786,-3.7913996208008096,1.710017579543601,3.179839269664793,2.47262178616326,2.9952527694398787,-0.3392415871960246,1.816968785504648,0.2089461408685859,2.5002641287197003
33.0,146.0,1000.5438842773438,-4.38181940135786,-3.7913996208008096,1.710017579543601,3.179839269664793,2.47262178616326,2.995263427043093,-0.3392415884257628,1.8169972685776297,0.2089461408685859,2.5002641287197003
33.0,146.0,1000.5438842773438,-4.38181940135786,-3.7913996208008096,1.710017579543601,3.179839269664793,2.47262178616326,2.995263427043093,-0.3392415871960246,1.8169972685776297,0.2089461408685859,2.5002641287197003
33.0,146.0,1000.5438842773438,-4.38181940135786,-3.7913996208008096,1.710017579543601,3.179839269664793,2.4726217861634305,2.995263427043093,-0.3392415828834011,1.8169972685776297,0.2089461408685859,2.5002641287197003
33.0,146.0,1000.5439453125,-4.38181940135786,-3.791399620809053,1.710017569805375,3.1798392696814264,2.47262178616326,2.995263427043093,-0.3392415891213058,1.8169972685776297,0.2090009147072208,2.5002641287197003
33.0,146.0,1000.5443115234376,-4.38181940135786,-3.791399563531094,1.7098404294414218,3.1798392707227703,2.472621786165001,3.0043642102886388,-0.3392415250071477,1.8158562015318365,0.2097675884436426,2.5002641287197003
33.0,146.0,1000.5443115234376,-4.38181940135786,-3.791399563132384,1.709840341980711,3.179839270703332,2.472621786164844,3.004516682173297,-0.3392415230956633,1.8158562015318365,0.2097675884447783,2.5002641287197003
33.0,146.0,1000.5443725585938,-4.38181940135786,-3.791399619586264,1.7098404294414218,3.179839270707923,2.4726217861650017,3.0036705040438934,-0.3392415608371104,1.8157994268217488,0.2097716117183856,2.5002641287197003
33.0,146.0,1000.54443359375,-4.38181940135786,-3.7913995654107966,1.7098404294414218,3.1798392707227703,2.472621786165001,3.004385236992328,-0.3392415250071477,1.815856208401933,0.2098106771874826,2.5002641287197003
33.0,146.0,1000.54443359375,-4.38181940135786,-3.791399563531094,1.7098404294414218,3.1798392707227703,2.472621786165001,3.0043642102886388,-0.3392415250071477,1.8158840815832165,0.2097675884436426,2.5002641287197003
33.0,146.0,1000.5444946289062,-4.38181940135786,-3.791399563132384,1.7098371457483197,3.179839270718591,2.472621786164869,3.003912506546678,-0.3392415236364783,1.8158562015318365,0.2097675884436426,2.5002641287197003
33.0,146.0,1000.5444946289062,-4.38181940135786,-3.791399563132384,1.7098404294414218,3.1798392707227703,2.472621786165001,3.003912506546678,-0.3392415250071477,1.8158562015318365,0.2097675884436426,2.5002641287197003
33.0,146.0,1000.5444946289062,-4.38181940135786,-3.791399563132384,1.709840341980711,3.1798392707227703,2.472621786164927,3.0039125064721315,-0.3392415250071477,1.8158562015318365,0.2097675884436426,2.5002641287197003
33.0,146.0,1000.5444946289062,-4.38181940135786,-3.791399563493608,1.7098371457483197,3.179839270718702,2.472621786164872,3.003912506546678,-0.3392415236364783,1.8158562015318365,0.2097675884436426,2.5002641287197003
33.0,146.0,1000.5444946289062,-4.38181940135786,-3.791399622216257,1.7098165244707733,3.179839269689982,2.47262178616487,3.003912506546678,-0.3392419267733946,1.8158562015318365,0.2097675884436426,2.5002641287197003
33.0,146.0,1000.5444946289062,-4.38181940135786,-3.791399563132384,1.7098404294414218,3.1798392707227703,2.472621786165001,3.003912506546678,-0.3392415250071477,1.8158562015318365,0.2097675884436426,2.5002641287197003
33.0,146.0,1000.5444946289062,-4.38181940135786,-3.791399623046464,1.7098404294414218,3.1798392707227703,2.472621786165001,3.003912506546678,-0.3392415216328046,1.8158562015318365,0.2097675884436426,2.5002641287197003
33.0,146.0,1000.5444946289062,-4.38181940135786,-3.791399563153168,1.7098371457483197,3.179839270718591,2.472621786164869,3.003912506546678,-0.3392415236364783,1.8158562015318365,0.2097675884436426,2.5002641287197003
33.0,146.0,1000.5444946289062,-4.38181940135786,-3.791398956363948,1.7098371457483197,3.179839270718591,2.472621786164869,3.003912506546678,-0.3392415427376165,1.8158562015318365,0.2097675884512231,2.5002641287197003
33.0,146.0,1000.5444946289062,-4.38181940135786,-3.7913995634728246,1.7098371457483197,3.179839270718702,2.472621786164872,3.003912506546678,-0.3392415236364783,1.8158562015318365,0.2097675884436426,2.5002641287197003
33.0,146.0,1000.5445556640624,-4.38181940135786,-3.7913996218144654,1.7100076758175973,3.179839270671934,2.472621786163207,2.995461532934227,-0.339241922322491,1.815906748126555,0.2097675884447331,2.5002641287197003
33.0,146.0,1000.5445556640624,-4.38181940135786,-3.791399564071586,1.7098379851529442,3.1798392706747163,2.472621786164875,3.003808492300961,-0.3392415229178422,1.8158562700615224,0.2097675884436692,2.5002641287197003
33.0,146.0,1000.5445556640624,-4.38181940135786,-3.791399621806223,1.7100076855558233,3.1798392706553007,2.472621786163207,2.995461532934227,-0.3392419203972098,1.815906748126555,0.2097128146060982,2.5002641287197003
33.0,146.0,1000.544677734375,-4.38181940135786,-3.791399562746986,1.71002000310416,3.179839270718591,2.472621786164854,3.003912506546678,-0.3392415236364783,1.8158562015318365,0.2097675884436426,2.5002641287197003
33.0,146.0,1000.544677734375,-4.38181940135786,-3.791399562746986,1.7100198288017976,3.179839270718591,2.472621786164854,3.003912506546678,-0.3392415236364783,1.8158562015318365,0.2097675884435221,2.5002641287197003
33.0,146.0,1000.544677734375,-4.38181940135786,-3.791399562746986,1.7100198288017976,3.179839270718591,2.472621786164854,3.003912506546678,-0.3392415887361934,1.8158562015318365,0.2097675884435221,2.5002641287197003
33.0,146.0,1000.544677734375,-4.38181940135786,-3.791399562746986,1.7100200019580645,3.179839270718591,2.472621786164854,3.003912506546678,-0.3392415236364783,1.8158562015318365,0.2097675884435221,2.5002641287197003
33.0,146.0,1000.5447387695312,-4.38181940135786,-3.79139962104935,1.70983793030369,3.1798392706747163,2.472621786164875,2.9956132563199187,-0.3392415527217119,1.815877479742108,0.2097675884447201,2.5002641287197003
33.0,146.0,1000.5447387695312,-4.38181940135786,-3.79139962104935,1.70983793030369,3.179839270675916,2.472621786164875,2.9956132563199187,-0.3392415527217119,1.815877479742108,0.2097675884447201,2.5002641287197003
33.0,146.0,1000.5448608398438,-4.38181940135786,-3.791418327777663,1.7097314533229615,3.179839270671567,2.472621786165001,2.9955143428166977,-0.3392419550938308,1.816952466916824,0.2097675884447331,2.5002641287197003
33.0,146.0,1000.544921875,-4.38181940135786,-3.791417298213673,1.7097302611373937,3.179839270662117,2.472621786165006,2.996071436669019,-0.3392415609063802,1.816995937276764,0.2097675884517207,2.5002641287197003
33.0,146.0,1000.544921875,-4.38181940135786,-3.79139962104935,1.7100076758175973,3.179839270671567,2.472621786164875,2.995461532934227,-0.3392415536734674,1.8169424846639235,0.2097675884447201,2.5002641287197003
33.0,146.0,1000.544921875,-4.38181940135786,-3.791417298213673,1.7097319628545704,3.1798392706619625,2.472621786165006,2.996071436669019,-0.3392415418245959,1.816995937276764,0.2097675884517207,2.5002641287197003
33.0,146.0,1000.544921875,-4.38181940135786,-3.79139962104935,1.7100076758175973,3.179839270671567,2.472621786164875,2.995461532934227,-0.3392415536734674,1.8169424846639235,0.2097675884447201,2.5002641287197003
33.0,146.0,1000.544921875,-4.38181940135786,-3.79139962104935,1.7100076758175973,3.179839270671567,2.472621786164875,2.995461532934227,-0.3392415536734674,1.8169424846639235,0.2097675884447201,2.5002641287197003
33.0,146.0,1000.544921875,-4.38181940135786,-3.791417802253338,1.7097329509583163,3.179839270661036,2.47262178616487,2.9961135314994576,-0.3392415406408143,1.816995937276764,0.2097675884517207,2.5002641287197003
33.0,146.0,1000.544921875,-4.38181940135786,-3.79139962104935,1.709816385991924,3.179839269665324,2.4726217861650155,2.9960496228593287,-0.3392419467508371,1.8169951662473016,0.2097675884448431,2.5002641287197003
33.0,146.0,1000.544921875,-4.38181940135786,-3.79139962104935,1.7100076758175973,3.179839270671567,2.472621786164875,2.995461532934227,-0.3392415536734674,1.8169424846639235,0.2097675884447201,2.5002641287197003
33.0,146.0,1000.544921875,-4.38181940135786,-3.791399621268125,1.7098310966465446,3.17983926966337,2.4726217861634265,2.996074196622425,-0.3392419467508371,1.816995188051904,0.2097502787438799,2.5002641287197003
33.0,146.0,1000.544921875,-4.3827463036580365,-3.791399553128722,1.7100056924207605,3.1798392707227703,2.4726217861649427,3.003949404403756,-0.3392415360482603,1.8158562015318365,0.2097675884436426,2.5002641287197003
33.0,146.0,1000.544921875,-4.38181940135786,-3.791417298213673,1.7098055920859594,3.179839270662117,2.472621786165006,2.996061711791929,-0.3392415587852836,1.816995937276764,0.2097675884519333,2.5002641287197003
33.0,146.0,1000.544921875,-4.38181940135786,-3.791417904982109,1.7097319628545704,3.1798392706619625,2.472621786165006,2.996071436669019,-0.3392415227234577,1.816995937276764,0.2097675884441402,2.5002641287197003
33.0,146.0,1000.5449829101562,-4.38181940135786,-3.79139962104935,1.709832144513836,3.179839269665324,2.4726217861632893,2.995461532934227,-0.3392419467508371,1.816995180017363,0.2097675884447331,2.5002641287197003
33.0,147.0,1000.542724609375,-4.38181940135786,-3.791399619586264,1.7098403380966487,3.1798392707227703,2.4726217861650017,3.003912506476877,-0.3392415608371104,1.8157705733384577,0.2086856044434626,2.5002641287197003
33.0,147.0,1000.5427856445312,-4.38181940135786,-3.791399619586264,1.7098404294414218,3.1798392707227703,2.4726217861650017,3.003912506546678,-0.3392415596073723,1.8157709437487664,0.2088016983712909,2.5002641287197003
33.0,147.0,1000.5427856445312,-4.38181940135786,-3.791399619586264,1.7098404294414218,3.1798392707227703,2.4726217861650017,3.003912506546678,-0.3392415608371104,1.8157709437487664,0.2088016983712909,2.5002641287197003
33.0,147.0,1000.5427856445312,-4.38181940135786,-3.791399619586264,1.7098404294414218,3.1798392707227703,2.4726217861650017,3.003912506546678,-0.3392415608371104,1.8157709437487664,0.2088016983712909,2.5002641287197003
33.0,147.0,1000.5427856445312,-4.38181940135786,-3.791399619586264,1.7098404294414218,3.1798392707227703,2.4726217861650017,3.003912506546678,-0.3392415608371104,1.8157709437487664,0.2088016983712909,2.5002641287197003
33.0,147.0,1000.5427856445312,-4.38181940135786,-3.7913996177065608,1.7098404294414218,3.1798392707227703,2.4726217861650017,3.0038914798429888,-0.3392415596073723,1.81577093687867,0.2087586096274509,2.5002641287197003
33.0,147.0,1000.5427856445312,-4.38181940135786,-3.791399619586264,1.7098404294414218,3.1798392707227703,2.4726217861650017,3.003912506546678,-0.3392415608371104,1.8157709437487664,0.2088016983712909,2.5002641287197003
33.0,147.0,1000.5427856445312,-4.38181940135786,-3.791399619586264,1.7098404294414218,3.1798392707227703,2.4726217861650017,3.003912506546678,-0.339241560822101,1.8157709437487664,0.2088016983712909,2.5002641287197003
33.0,147.0,1000.5428466796876,-4.38181940135786,-3.791399619586264,1.7098404294414218,3.1798392707227703,2.4726217861650017,3.003923164149892,-0.3392415608371104,1.8157994268217488,0.2088016983712909,2.5002641287197003
33.0,147.0,1000.5428466796876,-4.38181940135786,-3.791399619586264,1.7098404294414218,3.1798392707227703,2.4726217861650017,3.003923164149892,-0.3392415608371104,1.8157994268217488,0.2088016983712909,2.5002641287197003
33.0,147.0,1000.5429077148438,-4.38181940135786,-3.791399619586264,1.709839034058028,3.1798392707227703,2.4726217861648623,3.0038703542674217,-0.3392415608371104,1.8158428581166663,0.2088016983712909,2.5002641287197003
33.0,147.0,1000.5429077148438,-4.38181940135786,-3.791399619586264,1.7098371822599063,3.1798392707227703,2.4726217861648623,3.003911925059444,-0.3392415608371104,1.8158428581166663,0.2088016983712909,2.5002641287197003
33.0,147.0,1000.5438232421876,-4.38181940135786,-3.7913996208008096,1.710017579543601,3.179839269664793,2.47262178616326,2.9952527694398787,-0.3392415871960246,1.816968785504648,0.2089461408685859,2.5002641287197003
33.0,147.0,1000.5438232421876,-4.38181940135786,-3.7913996208008096,1.710017579543601,3.179839269664793,2.47262178616326,2.9952527694398787,-0.3392415871960246,1.816968785504648,0.2089461408685859,2.5002641287197003
33.0,147.0,1000.5438842773438,-4.38181940135786,-3.7913996208008096,1.710017579543601,3.179839269664793,2.47262178616326,2.995263427043093,-0.3392415884257628,1.8169972685776297,0.2089461408685859,2.5002641287197003
33.0,147.0,1000.5438842773438,-4.38181940135786,-3.7913996208008096,1.710017579543601,3.179839269664793,2.47262178616326,2.995263427043093,-0.3392415871960246,1.8169972685776297,0.2089461408685859,2.5002641287197003
33.0,147.0,1000.5438842773438,-4.38181940135786,-3.7913996208008096,1.710017579543601,3.179839269664793,2.4726217861634305,2.995263427043093,-0.3392415828834011,1.8169972685776297,0.2089461408685859,2.5002641287197003
33.0,147.0,1000.5439453125,-4.38181940135786,-3.791399620809053,1.710017569805375,3.1798392696814264,2.47262178616326,2.995263427043093,-0.3392415891213058,1.8169972685776297,0.2090009147072208,2.5002641287197003
33.0,147.0,1000.5439453125,-4.38181940135786,-3.791399620809053,1.710017569805375,3.1798392696814264,2.47262178616326,2.995263427043093,-0.3392415891213058,1.8169972685776297,0.2090009147072208,2.5002641287197003
33.0,147.0,1000.5443115234376,-4.38181940135786,-3.791399563531094,1.7098404294414218,3.1798392707227703,2.472621786165001,3.0043642102886388,-0.3392415250071477,1.8158562015318365,0.2097675884436426,2.5002641287197003
33.0,147.0,1000.5443115234376,-4.38181940135786,-3.791399563132384,1.709840341980711,3.179839270703332,2.472621786164844,3.004516682173297,-0.3392415230956633,1.8158562015318365,0.2097675884447783,2.5002641287197003
33.0,147.0,1000.5443725585938,-4.38181940135786,-3.791399619586264,1.7098404294414218,3.179839270707923,2.4726217861650017,3.0036705040438934,-0.3392415608371104,1.8157994268217488,0.2097716117183856,2.5002641287197003
33.0,147.0,1000.5443725585938,-4.38181940135786,-3.791399619586264,1.7098404294414218,3.179839270708517,2.4726217861650017,3.0036687367538137,-0.3392415622901377,1.8158024823784,0.2097716117183856,2.5002641287197003
33.0,147.0,1000.54443359375,-4.38181940135786,-3.7913995654107966,1.7098404294414218,3.1798392707227703,2.472621786165001,3.004385236992328,-0.3392415250071477,1.815856208401933,0.2098106771874826,2.5002641287197003
33.0,147.0,1000.54443359375,-4.38181940135786,-3.791399563531094,1.7098404294414218,3.1798392707227703,2.472621786165001,3.0043642102886388,-0.3392415250071477,1.8158840815832165,0.2097675884436426,2.5002641287197003
33.0,147.0,1000.5444946289062,-4.38181940135786,-3.791399563132384,1.7098371457483197,3.179839270718591,2.472621786164869,3.003912506546678,-0.3392415236364783,1.8158562015318365,0.2097675884436426,2.5002641287197003
33.0,147.0,1000.5444946289062,-4.38181940135786,-3.791399563132384,1.7098404294414218,3.1798392707227703,2.472621786165001,3.003912506546678,-0.3392415250071477,1.8158562015318365,0.2097675884436426,2.5002641287197003
33.0,147.0,1000.5444946289062,-4.38181940135786,-3.791399563132384,1.709840341980711,3.1798392707227703,2.472621786164927,3.0039125064721315,-0.3392415250071477,1.8158562015318365,0.2097675884436426,2.5002641287197003
33.0,147.0,1000.5444946289062,-4.38181940135786,-3.791399563493608,1.7098371457483197,3.179839270718702,2.472621786164872,3.003912506546678,-0.3392415236364783,1.8158562015318365,0.2097675884436426,2.5002641287197003
33.0,147.0,1000.5444946289062,-4.38181940135786,-3.791399622216257,1.7098165244707733,3.179839269689982,2.47262178616487,3.003912506546678,-0.3392419267733946,1.8158562015318365,0.2097675884436426,2.5002641287197003
33.0,147.0,1000.5444946289062,-4.38181940135786,-3.791399563132384,1.7098404294414218,3.1798392707227703,2.472621786165001,3.003912506546678,-0.3392415250071477,1.8158562015318365,0.2097675884436426,2.5002641287197003
33.0,147.0,1000.5444946289062,-4.38181940135786,-3.791399623046464,1.7098404294414218,3.1798392707227703,2.472621786165001,3.003912506546678,-0.3392415216328046,1.8158562015318365,0.2097675884436426,2.5002641287197003
33.0,147.0,1000.5444946289062,-4.38181940135786,-3.791399563153168,1.7098371457483197,3.179839270718591,2.472621786164869,3.003912506546678,-0.3392415236364783,1.8158562015318365,0.2097675884436426,2.5002641287197003
33.0,147.0,1000.5444946289062,-4.38181940135786,-3.791398956363948,1.7098371457483197,3.179839270718591,2.472621786164869,3.003912506546678,-0.3392415427376165,1.8158562015318365,0.2097675884512231,2.5002641287197003
33.0,147.0,1000.5444946289062,-4.38181940135786,-3.7913995634728246,1.7098371457483197,3.179839270718702,2.472621786164872,3.003912506546678,-0.3392415236364783,1.8158562015318365,0.2097675884436426,2.5002641287197003
33.0,147.0,1000.5444946289062,-4.38181940135786,-3.791399622216257,1.7098165244707733,3.179839269663149,2.4726217861648845,3.003912506546678,-0.3392419267733946,1.8158562015318365,0.2097675884436426,2.5002641287197003
33.0,147.0,1000.5444946289062,-4.38181940135786,-3.791399563153168,1.7098371457483197,3.179839270718591,2.472621786164869,3.003912506546678,-0.3392415236364783,1.8158562015318365,0.2097675884436426,2.5002641287197003
33.0,147.0,1000.5444946289062,-4.38181940135786,-3.791399563132384,1.7098368444566574,3.179839270718696,2.4726217861648623,3.003912506546678,-0.3392415250071477,1.8158562015318365,0.2097675884436426,2.5002641287197003
33.0,147.0,1000.5444946289062,-4.38181940135786,-3.791399563132384,1.7098407307330838,3.1798392707226664,2.472621786165008,3.003912506546678,-0.3392415236364783,1.8158562015318365,0.2097675884436426,2.5002641287197003
33.0,147.0,1000.5445556640624,-4.38181940135786,-3.7913996218144654,1.7100076758175973,3.179839270671934,2.472621786163207,2.995461532934227,-0.339241922322491,1.815906748126555,0.2097675884447331,2.5002641287197003
33.0,147.0,1000.5445556640624,-4.38181940135786,-3.791399564071586,1.7098379851529442,3.1798392706747163,2.472621786164875,3.003808492300961,-0.3392415229178422,1.8158562700615224,0.2097675884436692,2.5002641287197003
33.0,147.0,1000.5445556640624,-4.38181940135786,-3.791399621806223,1.7100076855558233,3.1798392706553007,2.472621786163207,2.995461532934227,-0.3392419203972098,1.815906748126555,0.2097128146060982,2.5002641287197003
33.0,147.0,1000.5445556640624,-4.38181940135786,-3.791399563132384,1.7098378495813775,3.17983927070331,2.472621786164844,3.003851166998273,-0.3392415230956633,1.8158562015318365,0.2097675884447783,2.5002641287197003
33.0,147.0,1000.544677734375,-4.38181940135786,-3.791399562746986,1.71002000310416,3.179839270718591,2.472621786164854,3.003912506546678,-0.3392415236364783,1.8158562015318365,0.2097675884436426,2.5002641287197003
33.0,147.0,1000.544677734375,-4.38181940135786,-3.791399562746986,1.7100198288017976,3.179839270718591,2.472621786164854,3.003912506546678,-0.3392415236364783,1.8158562015318365,0.2097675884435221,2.5002641287197003
33.0,147.0,1000.544677734375,-4.38181940135786,-3.791399562746986,1.7100198288017976,3.179839270718591,2.472621786164854,3.003912506546678,-0.3392415887361934,1.8158562015318365,0.2097675884435221,2.5002641287197003
33.0,147.0,1000.544677734375,-4.38181940135786,-3.791399562746986,1.7100200019580645,3.179839270718591,2.472621786164854,3.003912506546678,-0.3392415236364783,1.8158562015318365,0.2097675884435221,2.5002641287197003
33.0,147.0,1000.5447387695312,-4.38181940135786,-3.79139962104935,1.70983793030369,3.1798392706747163,2.472621786164875,2.9956132563199187,-0.3392415527217119,1.815877479742108,0.2097675884447201,2.5002641287197003
33.0,147.0,1000.5447387695312,-4.38181940135786,-3.79139962104935,1.70983793030369,3.179839270675916,2.472621786164875,2.9956132563199187,-0.3392415527217119,1.815877479742108,0.2097675884447201,2.5002641287197003
33.0,147.0,1000.5447387695312,-4.38181940135786,-3.791399563531094,1.7100077877600428,3.1798392707227703,2.472621786165001,3.004226131560628,-0.3392415090477234,1.8159082454508213,0.2097675884436426,2.5002641287197003
33.0,148.0,1000.542724609375,-4.38181940135786,-3.791399619586264,1.7098403380966487,3.1798392707227703,2.4726217861650017,3.003912506476877,-0.3392415608371104,1.8157705733384577,0.2086856044434626,2.5002641287197003
33.0,148.0,1000.5427856445312,-4.38181940135786,-3.791399619586264,1.7098404294414218,3.1798392707227703,2.4726217861650017,3.003912506546678,-0.3392415596073723,1.8157709437487664,0.2088016983712909,2.5002641287197003
33.0,148.0,1000.5427856445312,-4.38181940135786,-3.791399619586264,1.7098404294414218,3.1798392707227703,2.4726217861650017,3.003912506546678,-0.3392415608371104,1.8157709437487664,0.2088016983712909,2.5002641287197003
33.0,148.0,1000.5427856445312,-4.38181940135786,-3.791399619586264,1.7098404294414218,3.1798392707227703,2.4726217861650017,3.003912506546678,-0.3392415608371104,1.8157709437487664,0.2088016983712909,2.5002641287197003
33.0,148.0,1000.5427856445312,-4.38181940135786,-3.791399619586264,1.7098404294414218,3.1798392707227703,2.4726217861650017,3.003912506546678,-0.3392415608371104,1.8157709437487664,0.2088016983712909,2.5002641287197003
33.0,148.0,1000.5427856445312,-4.38181940135786,-3.7913996177065608,1.7098404294414218,3.1798392707227703,2.4726217861650017,3.0038914798429888,-0.3392415596073723,1.81577093687867,0.2087586096274509,2.5002641287197003
33.0,148.0,1000.5427856445312,-4.38181940135786,-3.791399619586264,1.7098404294414218,3.1798392707227703,2.4726217861650017,3.003912506546678,-0.3392415608371104,1.8157709437487664,0.2088016983712909,2.5002641287197003
33.0,148.0,1000.5427856445312,-4.38181940135786,-3.791399619586264,1.7098404294414218,3.1798392707227703,2.4726217861650017,3.003912506546678,-0.339241560822101,1.8157709437487664,0.2088016983712909,2.5002641287197003
33.0,148.0,1000.5427856445312,-4.38181940135786,-3.791399619586264,1.7098404294414218,3.1798392707227703,2.4726217861650017,3.003912506546678,-0.339241560822101,1.8157709437487664,0.2088016983712909,2.5002641287197003
33.0,148.0,1000.5427856445312,-4.38181940135786,-3.791399619586264,1.7098404344554683,3.1798392707227703,2.4726217861650017,3.0039125065456105,-0.3392415608371104,1.8157709691442223,0.2088016983712909,2.5002641287197003
33.0,148.0,1000.5428466796876,-4.38181940135786,-3.791399619586264,1.7098404294414218,3.1798392707227703,2.4726217861650017,3.003923164149892,-0.3392415608371104,1.8157994268217488,0.2088016983712909,2.5002641287197003
33.0,148.0,1000.5428466796876,-4.38181940135786,-3.791399619586264,1.7098404294414218,3.1798392707227703,2.4726217861650017,3.003923164149892,-0.3392415608371104,1.8157994268217488,0.2088016983712909,2.5002641287197003
33.0,148.0,1000.5428466796876,-4.38181940135786,-3.791399619586264,1.7098404294414218,3.1798392707227703,2.4726217861650017,3.003923164149892,-0.3392415608371104,1.8157994268217488,0.2088016983712909,2.5002641287197003
33.0,148.0,1000.5428466796876,-4.38181940135786,-3.791399619586264,1.7098404294414218,3.1798392707227703,2.4726217861650017,3.003923164149892,-0.3392415608371104,1.8157994268217488,0.2088016983712909,2.5002641287197003
33.0,148.0,1000.5429077148438,-4.38181940135786,-3.791399619586264,1.709839034058028,3.1798392707227703,2.4726217861648623,3.0038703542674217,-0.3392415608371104,1.8158428581166663,0.2088016983712909,2.5002641287197003
33.0,148.0,1000.5429077148438,-4.38181940135786,-3.791399619586264,1.7098371822599063,3.1798392707227703,2.4726217861648623,3.003911925059444,-0.3392415608371104,1.8158428581166663,0.2088016983712909,2.5002641287197003
33.0,148.0,1000.5429077148438,-4.38181940135786,-3.791399619586264,1.7098371822599063,3.1798392707227703,2.4726217861648623,3.003911925059444,-0.3392415608371104,1.8158428581166663,0.2088016983712909,2.5002641287197003
33.0,148.0,1000.5438232421876,-4.38181940135786,-3.7913996208008096,1.710017579543601,3.179839269664793,2.47262178616326,2.9952527694398787,-0.3392415871960246,1.816968785504648,0.2089461408685859,2.5002641287197003
33.0,148.0,1000.5438232421876,-4.38181940135786,-3.7913996208008096,1.710017579543601,3.179839269664793,2.47262178616326,2.9952527694398787,-0.3392415871960246,1.816968785504648,0.2089461408685859,2.5002641287197003
33.0,148.0,1000.5438842773438,-4.38181940135786,-3.7913996208008096,1.710017579543601,3.179839269664793,2.47262178616326,2.995263427043093,-0.3392415884257628,1.8169972685776297,0.2089461408685859,2.5002641287197003
33.0,148.0,1000.5438842773438,-4.38181940135786,-3.7913996208008096,1.710017579543601,3.179839269664793,2.47262178616326,2.995263427043093,-0.3392415871960246,1.8169972685776297,0.2089461408685859,2.5002641287197003
33.0,148.0,1000.5438842773438,-4.38181940135786,-3.7913996208008096,1.710017579543601,3.179839269664793,2.4726217861634305,2.995263427043093,-0.3392415828834011,1.8169972685776297,0.2089461408685859,2.5002641287197003
33.0,148.0,1000.5438842773438,-4.38181940135786,-3.7913996208008096,1.710017579543601,3.179839269664793,2.47262178616326,2.995263427043093,-0.3392415884257628,1.8169993564496127,0.2089461408685859,2.5002641287197003
33.0,148.0,1000.5439453125,-4.38181940135786,-3.791399620809053,1.710017569805375,3.1798392696814264,2.47262178616326,2.995263427043093,-0.3392415891213058,1.8169972685776297,0.2090009147072208,2.5002641287197003
33.0,148.0,1000.5439453125,-4.38181940135786,-3.791399620809053,1.710017569805375,3.1798392696814264,2.47262178616326,2.995263427043093,-0.3392415891213058,1.8169972685776297,0.2090009147072208,2.5002641287197003
33.0,148.0,1000.5442504882812,-4.38181940135786,-3.7913996208008096,1.7100193433702826,3.179839270720273,2.4726217861632813,2.995263427043093,-0.3392415871960246,1.8158627571526884,0.2089461408685859,2.5002641287197003
33.0,148.0,1000.5443115234376,-4.38181940135786,-3.791399563531094,1.7098404294414218,3.1798392707227703,2.472621786165001,3.0043642102886388,-0.3392415250071477,1.8158562015318365,0.2097675884436426,2.5002641287197003
33.0,148.0,1000.5443115234376,-4.38181940135786,-3.791399563132384,1.709840341980711,3.179839270703332,2.472621786164844,3.004516682173297,-0.3392415230956633,1.8158562015318365,0.2097675884447783,2.5002641287197003
33.0,148.0,1000.5443725585938,-4.38181940135786,-3.791399619586264,1.7098404294414218,3.179839270707923,2.4726217861650017,3.0036705040438934,-0.3392415608371104,1.8157994268217488,0.2097716117183856,2.5002641287197003
33.0,148.0,1000.5443725585938,-4.38181940135786,-3.791399619586264,1.7098404294414218,3.179839270708517,2.4726217861650017,3.0036687367538137,-0.3392415622901377,1.8158024823784,0.2097716117183856,2.5002641287197003
33.0,148.0,1000.5443725585938,-4.38181940135786,-3.791399619586264,1.709839242568504,3.179839270708517,2.472621786163229,3.0036687367538137,-0.3392415898435973,1.8158024823784,0.2097716117183856,2.5002641287197003
33.0,148.0,1000.5443725585938,-4.38181940135786,-3.791399562007172,1.7098401546000872,3.179839270723042,2.472621786164869,3.003912506546678,-0.3392415243504419,1.8158551113045425,0.2097185456381347,2.5002641287197003
33.0,148.0,1000.54443359375,-4.38181940135786,-3.7913995654107966,1.7098404294414218,3.1798392707227703,2.472621786165001,3.004385236992328,-0.3392415250071477,1.815856208401933,0.2098106771874826,2.5002641287197003
33.0,148.0,1000.54443359375,-4.38181940135786,-3.791399563531094,1.7098404294414218,3.1798392707227703,2.472621786165001,3.0043642102886388,-0.3392415250071477,1.8158840815832165,0.2097675884436426,2.5002641287197003
33.0,148.0,1000.5444946289062,-4.38181940135786,-3.791399563132384,1.7098371457483197,3.179839270718591,2.472621786164869,3.003912506546678,-0.3392415236364783,1.8158562015318365,0.2097675884436426,2.5002641287197003
33.0,148.0,1000.5444946289062,-4.38181940135786,-3.791399563132384,1.7098404294414218,3.1798392707227703,2.472621786165001,3.003912506546678,-0.3392415250071477,1.8158562015318365,0.2097675884436426,2.5002641287197003
33.0,148.0,1000.5444946289062,-4.38181940135786,-3.791399563132384,1.709840341980711,3.1798392707227703,2.472621786164927,3.0039125064721315,-0.3392415250071477,1.8158562015318365,0.2097675884436426,2.5002641287197003
33.0,148.0,1000.5444946289062,-4.38181940135786,-3.791399563493608,1.7098371457483197,3.179839270718702,2.472621786164872,3.003912506546678,-0.3392415236364783,1.8158562015318365,0.2097675884436426,2.5002641287197003
33.0,148.0,1000.5444946289062,-4.38181940135786,-3.791399622216257,1.7098165244707733,3.179839269689982,2.47262178616487,3.003912506546678,-0.3392419267733946,1.8158562015318365,0.2097675884436426,2.5002641287197003
33.0,148.0,1000.5444946289062,-4.38181940135786,-3.791399563132384,1.7098404294414218,3.1798392707227703,2.472621786165001,3.003912506546678,-0.3392415250071477,1.8158562015318365,0.2097675884436426,2.5002641287197003
33.0,148.0,1000.5444946289062,-4.38181940135786,-3.791399623046464,1.7098404294414218,3.1798392707227703,2.472621786165001,3.003912506546678,-0.3392415216328046,1.8158562015318365,0.2097675884436426,2.5002641287197003
33.0,148.0,1000.5444946289062,-4.38181940135786,-3.791399563153168,1.7098371457483197,3.179839270718591,2.472621786164869,3.003912506546678,-0.3392415236364783,1.8158562015318365,0.2097675884436426,2.5002641287197003
33.0,148.0,1000.5444946289062,-4.38181940135786,-3.791398956363948,1.7098371457483197,3.179839270718591,2.472621786164869,3.003912506546678,-0.3392415427376165,1.8158562015318365,0.2097675884512231,2.5002641287197003
33.0,148.0,1000.5444946289062,-4.38181940135786,-3.7913995634728246,1.7098371457483197,3.179839270718702,2.472621786164872,3.003912506546678,-0.3392415236364783,1.8158562015318365,0.2097675884436426,2.5002641287197003
33.0,148.0,1000.5444946289062,-4.38181940135786,-3.791399622216257,1.7098165244707733,3.179839269663149,2.4726217861648845,3.003912506546678,-0.3392419267733946,1.8158562015318365,0.2097675884436426,2.5002641287197003
33.0,148.0,1000.5444946289062,-4.38181940135786,-3.791399563153168,1.7098371457483197,3.179839270718591,2.472621786164869,3.003912506546678,-0.3392415236364783,1.8158562015318365,0.2097675884436426,2.5002641287197003
33.0,148.0,1000.5444946289062,-4.38181940135786,-3.791399563132384,1.7098368444566574,3.179839270718696,2.4726217861648623,3.003912506546678,-0.3392415250071477,1.8158562015318365,0.2097675884436426,2.5002641287197003
33.0,148.0,1000.5444946289062,-4.38181940135786,-3.791399563132384,1.7098407307330838,3.1798392707226664,2.472621786165008,3.003912506546678,-0.3392415236364783,1.8158562015318365,0.2097675884436426,2.5002641287197003
33.0,148.0,1000.5444946289062,-4.38181940135786,-3.7913996429434222,1.7098404294414218,3.1798392707227703,2.472621786164869,3.003912506546678,-0.3392415216328046,1.8158562015318365,0.2097675884438919,2.5002641287197003
33.0,148.0,1000.5444946289062,-4.38181940135786,-3.791399563132384,1.709840341980711,3.17983927071859,2.472621786164927,3.003912506546846,-0.3392415252013564,1.8158562015318365,0.2097675884436426,2.5002641287197003
33.0,149.0,1000.5426635742188,-4.38181940135786,-3.791399619586264,1.7098403420858872,3.1798392707227703,2.472621786164862,3.003912506476877,-0.3392415603632118,1.815774443805149,0.2086137703700644,2.5002641287197003
33.0,149.0,1000.542724609375,-4.38181940135786,-3.791399619586264,1.7098403380966487,3.1798392707227703,2.4726217861650017,3.003912506476877,-0.3392415608371104,1.8157705733384577,0.2086856044434626,2.5002641287197003
33.0,149.0,1000.542724609375,-4.38181940135786,-3.791399619586264,1.7098403380966487,3.1798392707227703,2.4726217861650017,3.003912506547913,-0.3392415608371104,1.8157705552109045,0.2086856044434626,2.5002641287197003
33.0,149.0,1000.5427856445312,-4.38181940135786,-3.791399619586264,1.7098404294414218,3.1798392707227703,2.4726217861650017,3.003912506546678,-0.3392415596073723,1.8157709437487664,0.2088016983712909,2.5002641287197003
33.0,149.0,1000.5427856445312,-4.38181940135786,-3.791399619586264,1.7098404294414218,3.1798392707227703,2.4726217861650017,3.003912506546678,-0.3392415608371104,1.8157709437487664,0.2088016983712909,2.5002641287197003
33.0,149.0,1000.5427856445312,-4.38181940135786,-3.791399619586264,1.7098404294414218,3.1798392707227703,2.4726217861650017,3.003912506546678,-0.3392415608371104,1.8157709437487664,0.2088016983712909,2.5002641287197003
33.0,149.0,1000.5427856445312,-4.38181940135786,-3.791399619586264,1.7098404294414218,3.1798392707227703,2.4726217861650017,3.003912506546678,-0.3392415608371104,1.8157709437487664,0.2088016983712909,2.5002641287197003
33.0,149.0,1000.5427856445312,-4.38181940135786,-3.7913996177065608,1.7098404294414218,3.1798392707227703,2.4726217861650017,3.0038914798429888,-0.3392415596073723,1.81577093687867,0.2087586096274509,2.5002641287197003
33.0,149.0,1000.5427856445312,-4.38181940135786,-3.791399619586264,1.7098404294414218,3.1798392707227703,2.4726217861650017,3.003912506546678,-0.3392415608371104,1.8157709437487664,0.2088016983712909,2.5002641287197003
33.0,149.0,1000.5427856445312,-4.38181940135786,-3.791399619586264,1.7098404294414218,3.1798392707227703,2.4726217861650017,3.003912506546678,-0.339241560822101,1.8157709437487664,0.2088016983712909,2.5002641287197003
33.0,149.0,1000.5427856445312,-4.38181940135786,-3.791399619586264,1.7098404294414218,3.1798392707227703,2.4726217861650017,3.003912506546678,-0.339241560822101,1.8157709437487664,0.2088016983712909,2.5002641287197003
33.0,149.0,1000.5427856445312,-4.38181940135786,-3.791399619586264,1.7098404344554683,3.1798392707227703,2.4726217861650017,3.0039125065456105,-0.3392415608371104,1.8157709691442223,0.2088016983712909,2.5002641287197003
33.0,149.0,1000.5427856445312,-4.38181940135786,-3.791399619586264,1.7098404294414218,3.1798392707227703,2.4726217861650017,3.0039125064756416,-0.3392415608371104,1.81577096187632,0.2088016983712909,2.5002641287197003
33.0,149.0,1000.5427856445312,-4.38181940135786,-3.791399619586264,1.7098404294414218,3.1798392707227703,2.4726217861650017,3.003912506546678,-0.3392415608220546,1.8157709437487664,0.2088016983712909,2.5002641287197003
33.0,149.0,1000.5428466796876,-4.38181940135786,-3.791399619586264,1.7098404294414218,3.1798392707227703,2.4726217861650017,3.003923164149892,-0.3392415608371104,1.8157994268217488,0.2088016983712909,2.5002641287197003
33.0,149.0,1000.5428466796876,-4.38181940135786,-3.791399619586264,1.7098404294414218,3.1798392707227703,2.4726217861650017,3.003923164149892,-0.3392415608371104,1.8157994268217488,0.2088016983712909,2.5002641287197003
33.0,149.0,1000.5428466796876,-4.38181940135786,-3.791399619586264,1.7098404294414218,3.1798392707227703,2.4726217861650017,3.003923164149892,-0.3392415608371104,1.8157994268217488,0.2088016983712909,2.5002641287197003
33.0,149.0,1000.5428466796876,-4.38181940135786,-3.791399619586264,1.7098404294414218,3.1798392707227703,2.4726217861650017,3.003923164149892,-0.3392415608371104,1.8157994268217488,0.2088016983712909,2.5002641287197003
33.0,149.0,1000.5428466796876,-4.38181940135786,-3.791399619586264,1.709840504762738,3.1798392707227703,2.4726217861648623,3.0038703542674217,-0.3392415608371104,1.81580113749899,0.2088016983712909,2.5002641287197003
33.0,149.0,1000.5428466796876,-4.38181940135786,-3.791399619586264,1.7098404294414218,3.1798392707093406,2.4726217861650017,3.0036687367538137,-0.3392415622901377,1.8158024823784,0.2087863146936766,2.5002641287197003
33.0,149.0,1000.5428466796876,-4.38181940135786,-3.791399620401011,1.7098404294414218,3.1798392707227703,2.472621786164874,3.0039128494009004,-0.3392415608371104,1.8158022554086424,0.208802072766159,2.5002641287197003
33.0,149.0,1000.5428466796876,-4.38181940135786,-3.791399619586264,1.7098404294414218,3.1798392707227703,2.4726217861650017,3.003923164149892,-0.3392415608371104,1.8157994010143472,0.2088016983712909,2.5002641287197003
33.0,149.0,1000.5429077148438,-4.38181940135786,-3.791399619586264,1.709839034058028,3.1798392707227703,2.4726217861648623,3.0038703542674217,-0.3392415608371104,1.8158428581166663,0.2088016983712909,2.5002641287197003
33.0,149.0,1000.5429077148438,-4.38181940135786,-3.791399619586264,1.7098371822599063,3.1798392707227703,2.4726217861648623,3.003911925059444,-0.3392415608371104,1.8158428581166663,0.2088016983712909,2.5002641287197003
33.0,149.0,1000.5429077148438,-4.38181940135786,-3.791399619586264,1.7098371822599063,3.1798392707227703,2.4726217861648623,3.003911925059444,-0.3392415608371104,1.8158428581166663,0.2088016983712909,2.5002641287197003
33.0,149.0,1000.5429077148438,-4.38181940135786,-3.791399619586264,1.709838958736712,3.1798392707227703,2.4726217861650017,3.003923164149892,-0.3392415608371104,1.8158411474394247,0.2088016983712909,2.5002641287197003
33.0,149.0,1000.5429077148438,-4.38181940135786,-3.791399619586264,1.7098371822599063,3.1798392707227703,2.4726217861648623,3.003911925059444,-0.3392415608371104,1.8158428581166663,0.2088016983712909,2.5002641287197003
33.0,149.0,1000.5430908203124,-4.38181940135786,-3.7913996208008416,1.7100193433702826,3.179839270720273,2.4726217861632818,2.995263427043093,-0.3392415871960246,1.8169994475830624,0.2089461408685859,2.5160238265641044
33.0,149.0,1000.5431518554688,-4.38181940135786,-3.791399622279766,1.709807239499809,3.1798392696631947,2.4726217861648845,3.003991098463803,-0.3392419267733946,1.8158562015318365,0.2090223286827379,2.5002641287197003
33.0,149.0,1000.5438232421876,-4.38181940135786,-3.7913996208008096,1.710017579543601,3.179839269664793,2.47262178616326,2.9952527694398787,-0.3392415871960246,1.816968785504648,0.2089461408685859,2.5002641287197003
33.0,149.0,1000.5438232421876,-4.38181940135786,-3.7913996208008096,1.710017579543601,3.179839269664793,2.47262178616326,2.9952527694398787,-0.3392415871960246,1.816968785504648,0.2089461408685859,2.5002641287197003
33.0,149.0,1000.5438232421876,-4.38181940135786,-3.791399622191271,1.7098293755563363,3.179839269663157,2.4726217861634305,2.9950109370137104,-0.3392415828834011,1.8169972685776297,0.2089212754460693,2.5002641287197003
33.0,149.0,1000.5438842773438,-4.38181940135786,-3.7913996208008096,1.710017579543601,3.179839269664793,2.47262178616326,2.995263427043093,-0.3392415884257628,1.8169972685776297,0.2089461408685859,2.5002641287197003
33.0,149.0,1000.5438842773438,-4.38181940135786,-3.7913996208008096,1.710017579543601,3.179839269664793,2.47262178616326,2.995263427043093,-0.3392415871960246,1.8169972685776297,0.2089461408685859,2.5002641287197003
33.0,149.0,1000.5438842773438,-4.38181940135786,-3.7913996208008096,1.710017579543601,3.179839269664793,2.4726217861634305,2.995263427043093,-0.3392415828834011,1.8169972685776297,0.2089461408685859,2.5002641287197003
33.0,149.0,1000.5438842773438,-4.38181940135786,-3.7913996208008096,1.710017579543601,3.179839269664793,2.47262178616326,2.995263427043093,-0.3392415884257628,1.8169993564496127,0.2089461408685859,2.5002641287197003
33.0,149.0,1000.5439453125,-4.38181940135786,-3.791399620809053,1.710017569805375,3.1798392696814264,2.47262178616326,2.995263427043093,-0.3392415891213058,1.8169972685776297,0.2090009147072208,2.5002641287197003
33.0,149.0,1000.5439453125,-4.38181940135786,-3.791399620809053,1.710017569805375,3.1798392696814264,2.47262178616326,2.995263427043093,-0.3392415891213058,1.8169972685776297,0.2090009147072208,2.5002641287197003
33.0,149.0,1000.5442504882812,-4.38181940135786,-3.7913996208008096,1.7100193433702826,3.179839270720273,2.4726217861632813,2.995263427043093,-0.3392415871960246,1.8158627571526884,0.2089461408685859,2.5002641287197003
33.0,149.0,1000.5442504882812,-4.38181940135786,-3.791399620809021,1.710017569805375,3.1798392696814264,2.47262178616326,2.995263427043093,-0.3392415891213058,1.815860578147256,0.2090009147072208,2.5002641287197003
33.0,149.0,1000.5442504882812,-4.38181940135786,-3.791399619586264,1.7098371822599063,3.179839269621304,2.472621786164767,2.9950778595579544,-0.3392415616741289,1.8158417036593528,0.2088016983712909,2.5002641287197003
33.0,149.0,1000.5443115234376,-4.38181940135786,-3.791399563531094,1.7098404294414218,3.1798392707227703,2.472621786165001,3.0043642102886388,-0.3392415250071477,1.8158562015318365,0.2097675884436426,2.5002641287197003
33.0,149.0,1000.5443115234376,-4.38181940135786,-3.791399563132384,1.709840341980711,3.179839270703332,2.472621786164844,3.004516682173297,-0.3392415230956633,1.8158562015318365,0.2097675884447783,2.5002641287197003
33.0,149.0,1000.5443725585938,-4.38181940135786,-3.791399619586264,1.7098404294414218,3.179839270707923,2.4726217861650017,3.0036705040438934,-0.3392415608371104,1.8157994268217488,0.2097716117183856,2.5002641287197003
33.0,149.0,1000.5443725585938,-4.38181940135786,-3.791399619586264,1.7098404294414218,3.179839270708517,2.4726217861650017,3.0036687367538137,-0.3392415622901377,1.8158024823784,0.2097716117183856,2.5002641287197003
33.0,149.0,1000.5443725585938,-4.38181940135786,-3.791399619586264,1.709839242568504,3.179839270708517,2.472621786163229,3.0036687367538137,-0.3392415898435973,1.8158024823784,0.2097716117183856,2.5002641287197003
33.0,149.0,1000.5443725585938,-4.38181940135786,-3.791399562007172,1.7098401546000872,3.179839270723042,2.472621786164869,3.003912506546678,-0.3392415243504419,1.8158551113045425,0.2097185456381347,2.5002641287197003
33.0,149.0,1000.5443725585938,-4.38181940135786,-3.791399619586264,1.709839242568504,3.179839270708517,2.472621786163229,3.0036687367538137,-0.3392415898435973,1.8158024823784,0.2097716117183856,2.5002641287197003
33.0,149.0,1000.54443359375,-4.38181940135786,-3.7913995654107966,1.7098404294414218,3.1798392707227703,2.472621786165001,3.004385236992328,-0.3392415250071477,1.815856208401933,0.2098106771874826,2.5002641287197003
33.0,149.0,1000.54443359375,-4.38181940135786,-3.791399563531094,1.7098404294414218,3.1798392707227703,2.472621786165001,3.0043642102886388,-0.3392415250071477,1.8158840815832165,0.2097675884436426,2.5002641287197003
33.0,150.0,1000.5426635742188,-4.38181940135786,-3.791399619586264,1.7098403420858872,3.1798392707227703,2.472621786164862,3.003912506476877,-0.3392415603632118,1.815774443805149,0.2086137703700644,2.5002641287197003
33.0,150.0,1000.542724609375,-4.38181940135786,-3.791399619586264,1.7098403380966487,3.1798392707227703,2.4726217861650017,3.003912506476877,-0.3392415608371104,1.8157705733384577,0.2086856044434626,2.5002641287197003
33.0,150.0,1000.542724609375,-4.38181940135786,-3.791399619586264,1.7098403380966487,3.1798392707227703,2.4726217861650017,3.003912506547913,-0.3392415608371104,1.8157705552109045,0.2086856044434626,2.5002641287197003
33.0,150.0,1000.542724609375,-4.38181940135786,-3.791399619586264,1.7098404240937255,3.1798392707227703,2.4726217861650017,3.0039125064821626,-0.3392415608371104,1.8157705373867008,0.208689467107236,2.5002641287197003
33.0,150.0,1000.5427856445312,-4.38181940135786,-3.791399619586264,1.7098404294414218,3.1798392707227703,2.4726217861650017,3.003912506546678,-0.3392415596073723,1.8157709437487664,0.2088016983712909,2.5002641287197003
33.0,150.0,1000.5427856445312,-4.38181940135786,-3.791399619586264,1.7098404294414218,3.1798392707227703,2.4726217861650017,3.003912506546678,-0.3392415608371104,1.8157709437487664,0.2088016983712909,2.5002641287197003
33.0,150.0,1000.5427856445312,-4.38181940135786,-3.791399619586264,1.7098404294414218,3.1798392707227703,2.4726217861650017,3.003912506546678,-0.3392415608371104,1.8157709437487664,0.2088016983712909,2.5002641287197003
33.0,150.0,1000.5427856445312,-4.38181940135786,-3.791399619586264,1.7098404294414218,3.1798392707227703,2.4726217861650017,3.003912506546678,-0.3392415608371104,1.8157709437487664,0.2088016983712909,2.5002641287197003
33.0,150.0,1000.5427856445312,-4.38181940135786,-3.7913996177065608,1.7098404294414218,3.1798392707227703,2.4726217861650017,3.0038914798429888,-0.3392415596073723,1.81577093687867,0.2087586096274509,2.5002641287197003
33.0,150.0,1000.5427856445312,-4.38181940135786,-3.791399619586264,1.7098404294414218,3.1798392707227703,2.4726217861650017,3.003912506546678,-0.3392415608371104,1.8157709437487664,0.2088016983712909,2.5002641287197003
33.0,150.0,1000.5427856445312,-4.38181940135786,-3.791399619586264,1.7098404294414218,3.1798392707227703,2.4726217861650017,3.003912506546678,-0.339241560822101,1.8157709437487664,0.2088016983712909,2.5002641287197003
33.0,150.0,1000.5427856445312,-4.38181940135786,-3.791399619586264,1.7098404294414218,3.1798392707227703,2.4726217861650017,3.003912506546678,-0.339241560822101,1.8157709437487664,0.2088016983712909,2.5002641287197003
33.0,150.0,1000.5427856445312,-4.38181940135786,-3.791399619586264,1.7098404344554683,3.1798392707227703,2.4726217861650017,3.0039125065456105,-0.3392415608371104,1.8157709691442223,0.2088016983712909,2.5002641287197003
33.0,150.0,1000.5427856445312,-4.38181940135786,-3.791399619586264,1.7098404294414218,3.1798392707227703,2.4726217861650017,3.0039125064756416,-0.3392415608371104,1.81577096187632,0.2088016983712909,2.5002641287197003
33.0,150.0,1000.5427856445312,-4.38181940135786,-3.791399619586264,1.7098404294414218,3.1798392707227703,2.4726217861650017,3.003912506546678,-0.3392415608220546,1.8157709437487664,0.2088016983712909,2.5002641287197003
33.0,150.0,1000.5427856445312,-4.38181940135786,-3.791399619586264,1.709840429518807,3.1798392707227703,2.4726217861650017,3.003912506545655,-0.3392415608371104,1.8157709691442223,0.2088016983712909,2.5002641287197003
33.0,150.0,1000.5427856445312,-4.38181940135786,-3.791399619578148,1.709840430286938,3.1798392707227703,2.4726217861648623,3.0038703542674217,-0.3392415608437896,1.8157979694074216,0.2087589781747122,2.5002641287197003
33.0,150.0,1000.5427856445312,-4.38181940135786,-3.791399619586264,1.7098404344554683,3.1798392707227703,2.4726217861650017,3.0039125065456176,-0.3392415608386539,1.8157709403223763,0.2088016983712909,2.5002641287197003
33.0,150.0,1000.5427856445312,-4.38181940135786,-3.791399619586264,1.7098404294414218,3.1798392707227703,2.4726217861650017,3.003912506546678,-0.339241560822101,1.8157709437487664,0.2088016983712909,2.5002641287197003
33.0,150.0,1000.5427856445312,-4.38181940135786,-3.791399619586264,1.7098404294414218,3.1798392707227703,2.4726217861650017,3.003912506546678,-0.339241560822101,1.8157709437487664,0.2088016983712909,2.5002641287197003
33.0,150.0,1000.5427856445312,-4.38181940135786,-3.791399619586264,1.7098404294414218,3.1798392707227703,2.4726217861650017,3.003912506546678,-0.3392415608218294,1.8157709437487664,0.2088016983712909,2.5002641287197003
33.0,150.0,1000.5427856445312,-4.38181940135786,-3.791399619586264,1.7098404294414218,3.1798392707227703,2.4726217861650017,3.003912506546678,-0.3392415608371104,1.8157709437487664,0.2088016983712909,2.5002641287197003
33.0,150.0,1000.5427856445312,-4.38181940135786,-3.791399619586264,1.7098404294414218,3.1798392707227703,2.4726217861650017,3.0039125065449173,-0.3392415608221475,1.8157709584752888,0.2087960082086287,2.5002641287197003
33.0,150.0,1000.5427856445312,-4.38181940135786,-3.791399619586264,1.7098404294414218,3.1798392707227703,2.4726217861650017,3.003912506546671,-0.3392415596058288,1.8157709725706128,0.2088016983712909,2.5002641287197003
33.0,150.0,1000.5428466796876,-4.38181940135786,-3.791399619586264,1.7098404294414218,3.1798392707227703,2.4726217861650017,3.003923164149892,-0.3392415608371104,1.8157994268217488,0.2088016983712909,2.5002641287197003
33.0,150.0,1000.5428466796876,-4.38181940135786,-3.791399619586264,1.7098404294414218,3.1798392707227703,2.4726217861650017,3.003923164149892,-0.3392415608371104,1.8157994268217488,0.2088016983712909,2.5002641287197003
33.0,150.0,1000.5428466796876,-4.38181940135786,-3.791399619586264,1.7098404294414218,3.1798392707227703,2.4726217861650017,3.003923164149892,-0.3392415608371104,1.8157994268217488,0.2088016983712909,2.5002641287197003
33.0,150.0,1000.5428466796876,-4.38181940135786,-3.791399619586264,1.7098404294414218,3.1798392707227703,2.4726217861650017,3.003923164149892,-0.3392415608371104,1.8157994268217488,0.2088016983712909,2.5002641287197003
33.0,150.0,1000.5428466796876,-4.38181940135786,-3.791399619586264,1.709840504762738,3.1798392707227703,2.4726217861648623,3.0038703542674217,-0.3392415608371104,1.81580113749899,0.2088016983712909,2.5002641287197003
33.0,150.0,1000.5428466796876,-4.38181940135786,-3.791399619586264,1.7098404294414218,3.1798392707093406,2.4726217861650017,3.0036687367538137,-0.3392415622901377,1.8158024823784,0.2087863146936766,2.5002641287197003
33.0,150.0,1000.5428466796876,-4.38181940135786,-3.791399620401011,1.7098404294414218,3.1798392707227703,2.472621786164874,3.0039128494009004,-0.3392415608371104,1.8158022554086424,0.208802072766159,2.5002641287197003
33.0,150.0,1000.5428466796876,-4.38181940135786,-3.791399619586264,1.7098404294414218,3.1798392707227703,2.4726217861650017,3.003923164149892,-0.3392415608371104,1.8157994010143472,0.2088016983712909,2.5002641287197003
33.0,150.0,1000.5428466796876,-4.38181940135786,-3.79139961960545,1.7098404294414218,3.1798392707227703,2.4726217861649915,3.0039128494009004,-0.3392415608371104,1.8158022554086424,0.208802072766159,2.5002641287197003
33.0,150.0,1000.5429077148438,-4.38181940135786,-3.791399619586264,1.709839034058028,3.1798392707227703,2.4726217861648623,3.0038703542674217,-0.3392415608371104,1.8158428581166663,0.2088016983712909,2.5002641287197003
33.0,150.0,1000.5429077148438,-4.38181940135786,-3.791399619586264,1.7098371822599063,3.1798392707227703,2.4726217861648623,3.003911925059444,-0.3392415608371104,1.8158428581166663,0.2088016983712909,2.5002641287197003
33.0,150.0,1000.5429077148438,-4.38181940135786,-3.791399619586264,1.7098371822599063,3.1798392707227703,2.4726217861648623,3.003911925059444,-0.3392415608371104,1.8158428581166663,0.2088016983712909,2.5002641287197003
33.0,150.0,1000.5429077148438,-4.38181940135786,-3.791399619586264,1.709838958736712,3.1798392707227703,2.4726217861650017,3.003923164149892,-0.3392415608371104,1.8158411474394247,0.2088016983712909,2.5002641287197003
33.0,150.0,1000.5429077148438,-4.38181940135786,-3.791399619586264,1.7098371822599063,3.1798392707227703,2.4726217861648623,3.003911925059444,-0.3392415608371104,1.8158428581166663,0.2088016983712909,2.5002641287197003
33.0,150.0,1000.5430908203124,-4.38181940135786,-3.7913996208008416,1.7100193433702826,3.179839270720273,2.4726217861632818,2.995263427043093,-0.3392415871960246,1.8169994475830624,0.2089461408685859,2.5160238265641044
33.0,150.0,1000.5430908203124,-4.38181940135786,-3.791399619586264,1.7098404294414218,3.1798392707227703,2.4726217861650017,3.0043923797126166,-0.3392415895323682,1.8158202412916884,0.2087963090189453,2.5002641287197003
33.0,150.0,1000.5431518554688,-4.38181940135786,-3.791399622279766,1.709807239499809,3.1798392696631947,2.4726217861648845,3.003991098463803,-0.3392419267733946,1.8158562015318365,0.2090223286827379,2.5002641287197003
33.0,150.0,1000.5438232421876,-4.38181940135786,-3.7913996208008096,1.710017579543601,3.179839269664793,2.47262178616326,2.9952527694398787,-0.3392415871960246,1.816968785504648,0.2089461408685859,2.5002641287197003
33.0,150.0,1000.5438232421876,-4.38181940135786,-3.7913996208008096,1.710017579543601,3.179839269664793,2.47262178616326,2.9952527694398787,-0.3392415871960246,1.816968785504648,0.2089461408685859,2.5002641287197003
33.0,150.0,1000.5438232421876,-4.38181940135786,-3.791399622191271,1.7098293755563363,3.179839269663157,2.4726217861634305,2.9950109370137104,-0.3392415828834011,1.8169972685776297,0.2089212754460693,2.5002641287197003
33.0,150.0,1000.5438232421876,-4.38181940135786,-3.7913996208008096,1.710017579543601,3.179839269664793,2.47262178616326,2.9952527694398787,-0.3392415871960246,1.816968785504648,0.2089461408685859,2.5002641287197003
33.0,150.0,1000.5438842773438,-4.38181940135786,-3.7913996208008096,1.710017579543601,3.179839269664793,2.47262178616326,2.995263427043093,-0.3392415884257628,1.8169972685776297,0.2089461408685859,2.5002641287197003
33.0,150.0,1000.5438842773438,-4.38181940135786,-3.7913996208008096,1.710017579543601,3.179839269664793,2.47262178616326,2.995263427043093,-0.3392415871960246,1.8169972685776297,0.2089461408685859,2.5002641287197003
33.0,150.0,1000.5438842773438,-4.38181940135786,-3.7913996208008096,1.710017579543601,3.179839269664793,2.4726217861634305,2.995263427043093,-0.3392415828834011,1.8169972685776297,0.2089461408685859,2.5002641287197003
33.0,150.0,1000.5438842773438,-4.38181940135786,-3.7913996208008096,1.710017579543601,3.179839269664793,2.47262178616326,2.995263427043093,-0.3392415884257628,1.8169993564496127,0.2089461408685859,2.5002641287197003
33.0,150.0,1000.5438842773438,-4.38181940135786,-3.7913996208008096,1.710017579543601,3.179839269664793,2.47262178616326,2.9947942114803685,-0.339241559730505,1.816978516172272,0.2089515302209315,2.5002641287197003
33.0,151.0,1000.5426635742188,-4.38181940135786,-3.791399619586264,1.7098403420858872,3.1798392707227703,2.472621786164862,3.003912506476877,-0.3392415603632118,1.815774443805149,0.2086137703700644,2.5002641287197003
33.0,151.0,1000.5426635742188,-4.38181940135786,-3.791399619586264,1.7098403451711213,3.1798392707227703,2.4726217861649986,3.003912506479196,-0.3392415608371104,1.8157710966078,0.2086218316519392,2.5002641287197003
33.0,151.0,1000.5426635742188,-4.38181940135786,-3.791399619586264,1.7098403420858872,3.1798392707227703,2.472621786164862,3.003912506479743,-0.3392415603632118,1.815770970256744,0.2086137703700644,2.5002641287197003
33.0,151.0,1000.542724609375,-4.38181940135786,-3.791399619586264,1.7098403380966487,3.1798392707227703,2.4726217861650017,3.003912506476877,-0.3392415608371104,1.8157705733384577,0.2086856044434626,2.5002641287197003
33.0,151.0,1000.542724609375,-4.38181940135786,-3.791399619586264,1.7098403380966487,3.1798392707227703,2.4726217861650017,3.003912506547913,-0.3392415608371104,1.8157705552109045,0.2086856044434626,2.5002641287197003
33.0,151.0,1000.542724609375,-4.38181940135786,-3.791399619586264,1.7098404240937255,3.1798392707227703,2.4726217861650017,3.0039125064821626,-0.3392415608371104,1.8157705373867008,0.208689467107236,2.5002641287197003
33.0,151.0,1000.542724609375,-4.38181940135786,-3.791399619586264,1.7098404240937255,3.1798392707227703,2.472621786164865,3.0039125064821626,-0.3392415608371104,1.8157712045663288,0.208689467107236,2.5002641287197003
33.0,151.0,1000.542724609375,-4.38181940135786,-3.791399619586264,1.7098404291751146,3.1798392707227703,2.4726217861650017,3.003912506476877,-0.3392415608371104,1.8157705733384577,0.2086856044434626,2.5002641287197003
33.0,151.0,1000.5427856445312,-4.38181940135786,-3.791399619586264,1.7098404294414218,3.1798392707227703,2.4726217861650017,3.003912506546678,-0.3392415596073723,1.8157709437487664,0.2088016983712909,2.5002641287197003
33.0,151.0,1000.5427856445312,-4.38181940135786,-3.791399619586264,1.7098404294414218,3.1798392707227703,2.4726217861650017,3.003912506546678,-0.3392415608371104,1.8157709437487664,0.2088016983712909,2.5002641287197003
33.0,151.0,1000.5427856445312,-4.38181940135786,-3.791399619586264,1.7098404294414218,3.1798392707227703,2.4726217861650017,3.003912506546678,-0.3392415608371104,1.8157709437487664,0.2088016983712909,2.5002641287197003
33.0,151.0,1000.5427856445312,-4.38181940135786,-3.791399619586264,1.7098404294414218,3.1798392707227703,2.4726217861650017,3.003912506546678,-0.3392415608371104,1.8157709437487664,0.2088016983712909,2.5002641287197003
33.0,151.0,1000.5427856445312,-4.38181940135786,-3.7913996177065608,1.7098404294414218,3.1798392707227703,2.4726217861650017,3.0038914798429888,-0.3392415596073723,1.81577093687867,0.2087586096274509,2.5002641287197003
33.0,151.0,1000.5427856445312,-4.38181940135786,-3.791399619586264,1.7098404294414218,3.1798392707227703,2.4726217861650017,3.003912506546678,-0.3392415608371104,1.8157709437487664,0.2088016983712909,2.5002641287197003
33.0,151.0,1000.5427856445312,-4.38181940135786,-3.791399619586264,1.7098404294414218,3.1798392707227703,2.4726217861650017,3.003912506546678,-0.339241560822101,1.8157709437487664,0.2088016983712909,2.5002641287197003
33.0,151.0,1000.5427856445312,-4.38181940135786,-3.791399619586264,1.7098404294414218,3.1798392707227703,2.4726217861650017,3.003912506546678,-0.339241560822101,1.8157709437487664,0.2088016983712909,2.5002641287197003
33.0,151.0,1000.5427856445312,-4.38181940135786,-3.791399619586264,1.7098404344554683,3.1798392707227703,2.4726217861650017,3.0039125065456105,-0.3392415608371104,1.8157709691442223,0.2088016983712909,2.5002641287197003
33.0,151.0,1000.5427856445312,-4.38181940135786,-3.791399619586264,1.7098404294414218,3.1798392707227703,2.4726217861650017,3.0039125064756416,-0.3392415608371104,1.81577096187632,0.2088016983712909,2.5002641287197003
33.0,151.0,1000.5427856445312,-4.38181940135786,-3.791399619586264,1.7098404294414218,3.1798392707227703,2.4726217861650017,3.003912506546678,-0.3392415608220546,1.8157709437487664,0.2088016983712909,2.5002641287197003
33.0,151.0,1000.5427856445312,-4.38181940135786,-3.791399619586264,1.709840429518807,3.1798392707227703,2.4726217861650017,3.003912506545655,-0.3392415608371104,1.8157709691442223,0.2088016983712909,2.5002641287197003
33.0,151.0,1000.5427856445312,-4.38181940135786,-3.791399619578148,1.709840430286938,3.1798392707227703,2.4726217861648623,3.0038703542674217,-0.3392415608437896,1.8157979694074216,0.2087589781747122,2.5002641287197003
33.0,151.0,1000.5427856445312,-4.38181940135786,-3.791399619586264,1.7098404344554683,3.1798392707227703,2.4726217861650017,3.0039125065456176,-0.3392415608386539,1.8157709403223763,0.2088016983712909,2.5002641287197003
33.0,151.0,1000.5427856445312,-4.38181940135786,-3.791399619586264,1.7098404294414218,3.1798392707227703,2.4726217861650017,3.003912506546678,-0.339241560822101,1.8157709437487664,0.2088016983712909,2.5002641287197003
33.0,151.0,1000.5427856445312,-4.38181940135786,-3.791399619586264,1.7098404294414218,3.1798392707227703,2.4726217861650017,3.003912506546678,-0.339241560822101,1.8157709437487664,0.2088016983712909,2.5002641287197003
33.0,151.0,1000.5427856445312,-4.38181940135786,-3.791399619586264,1.7098404294414218,3.1798392707227703,2.4726217861650017,3.003912506546678,-0.3392415608218294,1.8157709437487664,0.2088016983712909,2.5002641287197003
33.0,151.0,1000.5427856445312,-4.38181940135786,-3.791399619586264,1.7098404294414218,3.1798392707227703,2.4726217861650017,3.003912506546678,-0.3392415608371104,1.8157709437487664,0.2088016983712909,2.5002641287197003
33.0,151.0,1000.5427856445312,-4.38181940135786,-3.791399619586264,1.7098404294414218,3.1798392707227703,2.4726217861650017,3.0039125065449173,-0.3392415608221475,1.8157709584752888,0.2087960082086287,2.5002641287197003
33.0,151.0,1000.5427856445312,-4.38181940135786,-3.791399619586264,1.7098404294414218,3.1798392707227703,2.4726217861650017,3.003912506546671,-0.3392415596058288,1.8157709725706128,0.2088016983712909,2.5002641287197003
33.0,151.0,1000.5427856445312,-4.38181940135786,-3.791399619586264,1.709840429518807,3.1798392707227703,2.4726217861650017,3.003912506545655,-0.3392415608371104,1.8157709691442223,0.2088016983712909,2.5002641287197003
33.0,151.0,1000.5427856445312,-4.38181940135786,-3.791399619586264,1.7098404294414218,3.1798392707227703,2.4726217861650017,3.003912506543812,-0.3392415608371104,1.815774417297172,0.2088016983712909,2.5002641287197003
33.0,151.0,1000.5427856445312,-4.38181940135786,-3.79139961960545,1.7098404294414218,3.1798392707227703,2.4726217861650013,3.003912510482769,-0.3392415608371104,1.8158022554086424,0.2086875731378144,2.5002641287197003
33.0,151.0,1000.5427856445312,-4.38181940135786,-3.791399619586264,1.7098404294414218,3.1798392707227703,2.4726217861650017,3.003912506546678,-0.3392415595468486,1.8157709437487664,0.2088016983712909,2.5002641287197003
33.0,151.0,1000.5427856445312,-4.38181940135786,-3.791399619586264,1.7098404294414218,3.1798392707227703,2.4726217861650017,3.0039125065449173,-0.3392415608221475,1.8157709584752888,0.2087960082086287,2.5002641287197003
33.0,151.0,1000.5427856445312,-4.38181940135786,-3.791399619586264,1.7098403380966487,3.1798392707227703,2.4726217861649915,3.003912845466045,-0.3392415608371104,1.8157705552109045,0.2088001040718072,2.5002641287197003
33.0,151.0,1000.5427856445312,-4.38181940135786,-3.7913996177065608,1.7098404294414218,3.1798392707227703,2.4726217861650017,3.0038914798429888,-0.3392415596073723,1.81577093687867,0.2087586096274509,2.5002641287197003
33.0,151.0,1000.5427856445312,-4.38181940135786,-3.791399619586264,1.7098404294414218,3.1798392707227703,2.4726217861650017,3.003912506546678,-0.3392415608371104,1.8157709437487664,0.2088016983712909,2.5002641287197003
33.0,151.0,1000.5428466796876,-4.38181940135786,-3.791399619586264,1.7098404294414218,3.1798392707227703,2.4726217861650017,3.003923164149892,-0.3392415608371104,1.8157994268217488,0.2088016983712909,2.5002641287197003
33.0,151.0,1000.5428466796876,-4.38181940135786,-3.791399619586264,1.7098404294414218,3.1798392707227703,2.4726217861650017,3.003923164149892,-0.3392415608371104,1.8157994268217488,0.2088016983712909,2.5002641287197003
33.0,151.0,1000.5428466796876,-4.38181940135786,-3.791399619586264,1.7098404294414218,3.1798392707227703,2.4726217861650017,3.003923164149892,-0.3392415608371104,1.8157994268217488,0.2088016983712909,2.5002641287197003
33.0,151.0,1000.5428466796876,-4.38181940135786,-3.791399619586264,1.7098404294414218,3.1798392707227703,2.4726217861650017,3.003923164149892,-0.3392415608371104,1.8157994268217488,0.2088016983712909,2.5002641287197003
33.0,151.0,1000.5428466796876,-4.38181940135786,-3.791399619586264,1.709840504762738,3.1798392707227703,2.4726217861648623,3.0038703542674217,-0.3392415608371104,1.81580113749899,0.2088016983712909,2.5002641287197003
33.0,151.0,1000.5428466796876,-4.38181940135786,-3.791399619586264,1.7098404294414218,3.1798392707093406,2.4726217861650017,3.0036687367538137,-0.3392415622901377,1.8158024823784,0.2087863146936766,2.5002641287197003
33.0,151.0,1000.5428466796876,-4.38181940135786,-3.791399620401011,1.7098404294414218,3.1798392707227703,2.472621786164874,3.0039128494009004,-0.3392415608371104,1.8158022554086424,0.208802072766159,2.5002641287197003
33.0,151.0,1000.5428466796876,-4.38181940135786,-3.791399619586264,1.7098404294414218,3.1798392707227703,2.4726217861650017,3.003923164149892,-0.3392415608371104,1.8157994010143472,0.2088016983712909,2.5002641287197003
33.0,151.0,1000.5428466796876,-4.38181940135786,-3.79139961960545,1.7098404294414218,3.1798392707227703,2.4726217861649915,3.0039128494009004,-0.3392415608371104,1.8158022554086424,0.208802072766159,2.5002641287197003
33.0,151.0,1000.5428466796876,-4.38181940135786,-3.791399619586264,1.709840338362956,3.1798392707227703,2.4726217861650017,3.003923164149892,-0.3392415608371104,1.8157994268217488,0.2088016983712909,2.5002641287197003
33.0,151.0,1000.5428466796876,-4.38181940135786,-3.791399619586264,1.7098408306208697,3.1798392707227703,2.4726217861648623,3.003923061772157,-0.3392415608371104,1.8157990315570125,0.2088016983712909,2.5002641287197003
33.0,151.0,1000.5428466796876,-4.38181940135786,-3.791399619586264,1.7098404294414218,3.1798392707227703,2.4726217861650017,3.003923164149892,-0.3392415608371104,1.8157994010143472,0.2088016983712909,2.5002641287197003
33.0,151.0,1000.5428466796876,-4.38181940135786,-3.791399619586264,1.7098404294414218,3.1798392707093406,2.4726217861650017,3.0036687367538137,-0.3392415622901377,1.8158024823784,0.2087863146936766,2.5002641287197003
33.0,151.0,1000.5428466796876,-4.38181940135786,-3.791399620401011,1.7098404294414218,3.1798392707227703,2.4726217861650106,3.0039128494009004,-0.3392415608371104,1.8158015882290144,0.208802072766159,2.5002641287197003
33.0,152.0,1000.5426635742188,-4.38181940135786,-3.791399619586264,1.7098403420858872,3.1798392707227703,2.472621786164862,3.003912506476877,-0.3392415603632118,1.815774443805149,0.2086137703700644,2.5002641287197003
33.0,152.0,1000.5426635742188,-4.38181940135786,-3.791399619586264,1.7098403451711213,3.1798392707227703,2.4726217861649986,3.003912506479196,-0.3392415608371104,1.8157710966078,0.2086218316519392,2.5002641287197003
33.0,152.0,1000.5426635742188,-4.38181940135786,-3.791399619586264,1.7098403420858872,3.1798392707227703,2.472621786164862,3.003912506479743,-0.3392415603632118,1.815770970256744,0.2086137703700644,2.5002641287197003
33.0,152.0,1000.5426635742188,-4.38181940135786,-3.791399619586264,1.7098403420858872,3.1798392707227703,2.472621786164862,3.003912506479743,-0.3392415603938489,1.8157709588932804,0.2086137703700644,2.5002641287197003
33.0,152.0,1000.5426635742188,-4.38181940135786,-3.791399619586264,1.7098403420858872,3.1798392707227703,2.472621786164998,3.003912506476877,-0.339241560835797,1.8157740857687843,0.2086137703700644,2.5002641287197003
33.0,152.0,1000.542724609375,-4.38181940135786,-3.791399619586264,1.7098403380966487,3.1798392707227703,2.4726217861650017,3.003912506476877,-0.3392415608371104,1.8157705733384577,0.2086856044434626,2.5002641287197003
33.0,152.0,1000.542724609375,-4.38181940135786,-3.791399619586264,1.7098403380966487,3.1798392707227703,2.4726217861650017,3.003912506547913,-0.3392415608371104,1.8157705552109045,0.2086856044434626,2.5002641287197003
33.0,152.0,1000.542724609375,-4.38181940135786,-3.791399619586264,1.7098404240937255,3.1798392707227703,2.4726217861650017,3.0039125064821626,-0.3392415608371104,1.8157705373867008,0.208689467107236,2.5002641287197003
33.0,152.0,1000.542724609375,-4.38181940135786,-3.791399619586264,1.7098404240937255,3.1798392707227703,2.472621786164865,3.0039125064821626,-0.3392415608371104,1.8157712045663288,0.208689467107236,2.5002641287197003
33.0,152.0,1000.542724609375,-4.38181940135786,-3.791399619586264,1.7098404291751146,3.1798392707227703,2.4726217861650017,3.003912506476877,-0.3392415608371104,1.8157705733384577,0.2086856044434626,2.5002641287197003
33.0,152.0,1000.542724609375,-4.38181940135786,-3.791399619586264,1.7098404294414218,3.1798392707227703,2.4726217861650017,3.003912506546678,-0.3392415608218294,1.8157709437487664,0.2086875358486896,2.5002641287197003
33.0,152.0,1000.542724609375,-4.38181940135786,-3.791399619586264,1.70984043159364,3.1798392707227703,2.4726217861650017,3.003912506476877,-0.3392415608371104,1.8157705726755613,0.2086856044434626,2.5002641287197003
33.0,152.0,1000.542724609375,-4.38181940135786,-3.791399619586264,1.7098404346643743,3.1798392707227703,2.4726217861650017,3.0039125064821626,-0.3392415608371104,1.8157705373867008,0.208689467107236,2.5002641287197003
33.0,152.0,1000.542724609375,-4.38181940135786,-3.791399619586264,1.7098404240937255,3.1798392707227703,2.472621786164865,3.003912506486241,-0.3392415608371104,1.8157705535595496,0.2086855323574604,2.5002641287197003
33.0,152.0,1000.542724609375,-4.38181940135786,-3.791399619586264,1.7098404294414218,3.179839270709137,2.47262178616488,3.0036687367538137,-0.3392415623102523,1.8157726510338543,0.2087863146936766,2.5002641287197003
33.0,152.0,1000.542724609375,-4.38181940135786,-3.791399619586264,1.7098404291599003,3.1798392707227703,2.4726217861650017,3.0039125065404764,-0.339241560822101,1.8157705859675903,0.2086858928586284,2.5002641287197003
33.0,152.0,1000.542724609375,-4.38181940135786,-3.791399619586264,1.7098404240937255,3.1798392707227703,2.4726217861650017,3.003891048978041,-0.3392415608223969,1.815770955912628,0.208689467107236,2.5002641287197003
33.0,152.0,1000.542724609375,-4.38181940135786,-3.791399619586264,1.7098403420858872,3.179839270722973,2.4726217861649835,3.003912506479743,-0.3392415603430971,1.8158008016012888,0.2086137703700644,2.5002641287197003
33.0,152.0,1000.5427856445312,-4.38181940135786,-3.791399619586264,1.7098404294414218,3.1798392707227703,2.4726217861650017,3.003912506546678,-0.3392415596073723,1.8157709437487664,0.2088016983712909,2.5002641287197003
33.0,152.0,1000.5427856445312,-4.38181940135786,-3.791399619586264,1.7098404294414218,3.1798392707227703,2.4726217861650017,3.003912506546678,-0.3392415608371104,1.8157709437487664,0.2088016983712909,2.5002641287197003
33.0,152.0,1000.5427856445312,-4.38181940135786,-3.791399619586264,1.7098404294414218,3.1798392707227703,2.4726217861650017,3.003912506546678,-0.3392415608371104,1.8157709437487664,0.2088016983712909,2.5002641287197003
33.0,152.0,1000.5427856445312,-4.38181940135786,-3.791399619586264,1.7098404294414218,3.1798392707227703,2.4726217861650017,3.003912506546678,-0.3392415608371104,1.8157709437487664,0.2088016983712909,2.5002641287197003
33.0,152.0,1000.5427856445312,-4.38181940135786,-3.7913996177065608,1.7098404294414218,3.1798392707227703,2.4726217861650017,3.0038914798429888,-0.3392415596073723,1.81577093687867,0.2087586096274509,2.5002641287197003
33.0,152.0,1000.5427856445312,-4.38181940135786,-3.791399619586264,1.7098404294414218,3.1798392707227703,2.4726217861650017,3.003912506546678,-0.3392415608371104,1.8157709437487664,0.2088016983712909,2.5002641287197003
33.0,152.0,1000.5427856445312,-4.38181940135786,-3.791399619586264,1.7098404294414218,3.1798392707227703,2.4726217861650017,3.003912506546678,-0.339241560822101,1.8157709437487664,0.2088016983712909,2.5002641287197003
33.0,152.0,1000.5427856445312,-4.38181940135786,-3.791399619586264,1.7098404294414218,3.1798392707227703,2.4726217861650017,3.003912506546678,-0.339241560822101,1.8157709437487664,0.2088016983712909,2.5002641287197003
33.0,152.0,1000.5427856445312,-4.38181940135786,-3.791399619586264,1.7098404344554683,3.1798392707227703,2.4726217861650017,3.0039125065456105,-0.3392415608371104,1.8157709691442223,0.2088016983712909,2.5002641287197003
33.0,152.0,1000.5427856445312,-4.38181940135786,-3.791399619586264,1.7098404294414218,3.1798392707227703,2.4726217861650017,3.0039125064756416,-0.3392415608371104,1.81577096187632,0.2088016983712909,2.5002641287197003
33.0,152.0,1000.5427856445312,-4.38181940135786,-3.791399619586264,1.7098404294414218,3.1798392707227703,2.4726217861650017,3.003912506546678,-0.3392415608220546,1.8157709437487664,0.2088016983712909,2.5002641287197003
33.0,152.0,1000.5427856445312,-4.38181940135786,-3.791399619586264,1.709840429518807,3.1798392707227703,2.4726217861650017,3.003912506545655,-0.3392415608371104,1.8157709691442223,0.2088016983712909,2.5002641287197003
33.0,152.0,1000.5427856445312,-4.38181940135786,-3.791399619578148,1.709840430286938,3.1798392707227703,2.4726217861648623,3.0038703542674217,-0.3392415608437896,1.8157979694074216,0.2087589781747122,2.5002641287197003
33.0,152.0,1000.5427856445312,-4.38181940135786,-3.791399619586264,1.7098404344554683,3.1798392707227703,2.4726217861650017,3.0039125065456176,-0.3392415608386539,1.8157709403223763,0.2088016983712909,2.5002641287197003
33.0,152.0,1000.5427856445312,-4.38181940135786,-3.791399619586264,1.7098404294414218,3.1798392707227703,2.4726217861650017,3.003912506546678,-0.339241560822101,1.8157709437487664,0.2088016983712909,2.5002641287197003
33.0,152.0,1000.5427856445312,-4.38181940135786,-3.791399619586264,1.7098404294414218,3.1798392707227703,2.4726217861650017,3.003912506546678,-0.339241560822101,1.8157709437487664,0.2088016983712909,2.5002641287197003
33.0,152.0,1000.5427856445312,-4.38181940135786,-3.791399619586264,1.7098404294414218,3.1798392707227703,2.4726217861650017,3.003912506546678,-0.3392415608218294,1.8157709437487664,0.2088016983712909,2.5002641287197003
33.0,152.0,1000.5427856445312,-4.38181940135786,-3.791399619586264,1.7098404294414218,3.1798392707227703,2.4726217861650017,3.003912506546678,-0.3392415608371104,1.8157709437487664,0.2088016983712909,2.5002641287197003
33.0,152.0,1000.5427856445312,-4.38181940135786,-3.791399619586264,1.7098404294414218,3.1798392707227703,2.4726217861650017,3.0039125065449173,-0.3392415608221475,1.8157709584752888,0.2087960082086287,2.5002641287197003
33.0,152.0,1000.5427856445312,-4.38181940135786,-3.791399619586264,1.7098404294414218,3.1798392707227703,2.4726217861650017,3.003912506546671,-0.3392415596058288,1.8157709725706128,0.2088016983712909,2.5002641287197003
33.0,152.0,1000.5427856445312,-4.38181940135786,-3.791399619586264,1.709840429518807,3.1798392707227703,2.4726217861650017,3.003912506545655,-0.3392415608371104,1.8157709691442223,0.2088016983712909,2.5002641287197003
33.0,152.0,1000.5427856445312,-4.38181940135786,-3.791399619586264,1.7098404294414218,3.1798392707227703,2.4726217861650017,3.003912506543812,-0.3392415608371104,1.815774417297172,0.2088016983712909,2.5002641287197003
33.0,152.0,1000.5427856445312,-4.38181940135786,-3.79139961960545,1.7098404294414218,3.1798392707227703,2.4726217861650013,3.003912510482769,-0.3392415608371104,1.8158022554086424,0.2086875731378144,2.5002641287197003
33.0,152.0,1000.5427856445312,-4.38181940135786,-3.791399619586264,1.7098404294414218,3.1798392707227703,2.4726217861650017,3.003912506546678,-0.3392415595468486,1.8157709437487664,0.2088016983712909,2.5002641287197003
33.0,152.0,1000.5427856445312,-4.38181940135786,-3.791399619586264,1.7098404294414218,3.1798392707227703,2.4726217861650017,3.0039125065449173,-0.3392415608221475,1.8157709584752888,0.2087960082086287,2.5002641287197003
33.0,152.0,1000.5427856445312,-4.38181940135786,-3.791399619586264,1.7098403380966487,3.1798392707227703,2.4726217861649915,3.003912845466045,-0.3392415608371104,1.8157705552109045,0.2088001040718072,2.5002641287197003
33.0,152.0,1000.5427856445312,-4.38181940135786,-3.7913996177065608,1.7098404294414218,3.1798392707227703,2.4726217861650017,3.0038914798429888,-0.3392415596073723,1.81577093687867,0.2087586096274509,2.5002641287197003
33.0,152.0,1000.5427856445312,-4.38181940135786,-3.791399619586264,1.7098404294414218,3.1798392707227703,2.4726217861650017,3.003912506546678,-0.3392415608371104,1.8157709437487664,0.2088016983712909,2.5002641287197003
33.0,152.0,1000.5427856445312,-4.38181940135786,-3.7913996195862736,1.7098404302227002,3.1798392707227703,2.4726217861649884,3.0038692872077672,-0.339241560822101,1.8157709437487664,0.2087588713907328,2.5002641287197003
33.0,152.0,1000.5427856445312,-4.38181940135786,-3.7913996177065608,1.709840331068799,3.1798392707227703,2.4726217861650017,3.0038914798429888,-0.339241560871195,1.8157705609888608,0.2087586096274509,2.5002641287197003
33.0,152.0,1000.5427856445312,-4.38181940135786,-3.791399619586264,1.7098404294414218,3.1798392707227703,2.4726217861650017,3.0039125065449297,-0.3392415608221475,1.815770957615201,0.208796123103279,2.5002641287197003
33.0,152.0,1000.5427856445312,-4.38181940135786,-3.791399619535596,1.7098404294414218,3.1798392707227703,2.4726217861650017,3.0038914798429888,-0.3392415608363801,1.8157709368602573,0.2087585618146859,2.5002641287197003
33.0,153.0,1000.5426635742188,-4.38181940135786,-3.791399619586264,1.7098403420858872,3.1798392707227703,2.472621786164862,3.003912506476877,-0.3392415603632118,1.815774443805149,0.2086137703700644,2.5002641287197003
33.0,153.0,1000.5426635742188,-4.38181940135786,-3.791399619586264,1.7098403451711213,3.1798392707227703,2.4726217861649986,3.003912506479196,-0.3392415608371104,1.8157710966078,0.2086218316519392,2.5002641287197003
33.0,153.0,1000.5426635742188,-4.38181940135786,-3.791399619586264,1.7098403420858872,3.1798392707227703,2.472621786164862,3.003912506479743,-0.3392415603632118,1.815770970256744,0.2086137703700644,2.5002641287197003
33.0,153.0,1000.5426635742188,-4.38181940135786,-3.791399619586264,1.7098403420858872,3.1798392707227703,2.472621786164862,3.003912506479743,-0.3392415603938489,1.8157709588932804,0.2086137703700644,2.5002641287197003
33.0,153.0,1000.5426635742188,-4.38181940135786,-3.791399619586264,1.7098403420858872,3.1798392707227703,2.472621786164998,3.003912506476877,-0.339241560835797,1.8157740857687843,0.2086137703700644,2.5002641287197003
33.0,153.0,1000.5426635742188,-4.38181940135786,-3.791399619586264,1.7098403420858872,3.1798392707227703,2.472621786164862,3.0039125064768406,-0.3392415603632118,1.815774443805149,0.2086137703700644,2.5002641287197003
33.0,153.0,1000.5426635742188,-4.38181940135786,-3.791399619586264,1.7098403418358257,3.1798392707227703,2.472621786164998,3.0039125064787875,-0.3392415608569093,1.8157740857687843,0.2086087494003631,2.5002641287197003
33.0,153.0,1000.5426635742188,-4.38181940135786,-3.791399619586264,1.709840346977422,3.1798392707227703,2.4726217861650017,3.0039125065404764,-0.339241560836643,1.8157707279634336,0.208614947584383,2.5002641287197003
33.0,153.0,1000.5426635742188,-4.38181940135786,-3.791399619586264,1.7098403451711213,3.1798392707227703,2.4726217861649986,3.0039125065498107,-0.3392415608371104,1.8157709439508591,0.2086218316519392,2.5002641287197003
33.0,153.0,1000.5426635742188,-4.38181940135786,-3.791399619586264,1.709840342964732,3.179839270722973,2.4726217861649835,3.0039125064793426,-0.3392415603430971,1.815771003492246,0.2086043829519583,2.5002641287197003
33.0,153.0,1000.5426635742188,-4.38181940135786,-3.791399619586264,1.7098403420858872,3.1798392707227703,2.472621786164862,3.003912506476877,-0.3392415603939627,1.815774443805149,0.2086137703700644,2.5002641287197003
33.0,153.0,1000.5426635742188,-4.38181940135786,-3.791399619586264,1.7098403420858872,3.1798392707227703,2.4726217861649946,3.003912506479743,-0.3392415603938489,1.815770956014098,0.2086137703700644,2.5002641287197003
33.0,153.0,1000.542724609375,-4.38181940135786,-3.791399619586264,1.7098403380966487,3.1798392707227703,2.4726217861650017,3.003912506476877,-0.3392415608371104,1.8157705733384577,0.2086856044434626,2.5002641287197003
33.0,153.0,1000.542724609375,-4.38181940135786,-3.791399619586264,1.7098403380966487,3.1798392707227703,2.4726217861650017,3.003912506547913,-0.3392415608371104,1.8157705552109045,0.2086856044434626,2.5002641287197003
33.0,153.0,1000.542724609375,-4.38181940135786,-3.791399619586264,1.7098404240937255,3.1798392707227703,2.4726217861650017,3.0039125064821626,-0.3392415608371104,1.8157705373867008,0.208689467107236,2.5002641287197003
33.0,153.0,1000.542724609375,-4.38181940135786,-3.791399619586264,1.7098404240937255,3.1798392707227703,2.472621786164865,3.0039125064821626,-0.3392415608371104,1.8157712045663288,0.208689467107236,2.5002641287197003
33.0,153.0,1000.542724609375,-4.38181940135786,-3.791399619586264,1.7098404291751146,3.1798392707227703,2.4726217861650017,3.003912506476877,-0.3392415608371104,1.8157705733384577,0.2086856044434626,2.5002641287197003
33.0,153.0,1000.542724609375,-4.38181940135786,-3.791399619586264,1.7098404294414218,3.1798392707227703,2.4726217861650017,3.003912506546678,-0.3392415608218294,1.8157709437487664,0.2086875358486896,2.5002641287197003
33.0,153.0,1000.542724609375,-4.38181940135786,-3.791399619586264,1.70984043159364,3.1798392707227703,2.4726217861650017,3.003912506476877,-0.3392415608371104,1.8157705726755613,0.2086856044434626,2.5002641287197003
33.0,153.0,1000.542724609375,-4.38181940135786,-3.791399619586264,1.7098404346643743,3.1798392707227703,2.4726217861650017,3.0039125064821626,-0.3392415608371104,1.8157705373867008,0.208689467107236,2.5002641287197003
33.0,153.0,1000.542724609375,-4.38181940135786,-3.791399619586264,1.7098404240937255,3.1798392707227703,2.472621786164865,3.003912506486241,-0.3392415608371104,1.8157705535595496,0.2086855323574604,2.5002641287197003
33.0,153.0,1000.542724609375,-4.38181940135786,-3.791399619586264,1.7098404294414218,3.179839270709137,2.47262178616488,3.0036687367538137,-0.3392415623102523,1.8157726510338543,0.2087863146936766,2.5002641287197003
33.0,153.0,1000.542724609375,-4.38181940135786,-3.791399619586264,1.7098404291599003,3.1798392707227703,2.4726217861650017,3.0039125065404764,-0.339241560822101,1.8157705859675903,0.2086858928586284,2.5002641287197003
33.0,153.0,1000.542724609375,-4.38181940135786,-3.791399619586264,1.7098404240937255,3.1798392707227703,2.4726217861650017,3.003891048978041,-0.3392415608223969,1.815770955912628,0.208689467107236,2.5002641287197003
33.0,153.0,1000.542724609375,-4.38181940135786,-3.791399619586264,1.7098403420858872,3.179839270722973,2.4726217861649835,3.003912506479743,-0.3392415603430971,1.8158008016012888,0.2086137703700644,2.5002641287197003
33.0,153.0,1000.542724609375,-4.38181940135786,-3.791399619586264,1.7098403376600293,3.1798392707227703,2.4726217861650017,3.0039125064767247,-0.3392415608218294,1.8157709437487664,0.2086875358486896,2.5002641287197003
33.0,153.0,1000.542724609375,-4.38181940135786,-3.791399619586264,1.7098404291518272,3.1798392707227703,2.4726217861650017,3.0039125065404764,-0.339241560822101,1.8157705676653064,0.2086858928586284,2.5002641287197003
33.0,153.0,1000.542724609375,-4.38181940135786,-3.791399619586264,1.7098404291751146,3.1798392707227703,2.4726217861650017,3.0039125064767807,-0.3392415608371104,1.8157705733384577,0.2086896303902784,2.5002641287197003
33.0,153.0,1000.542724609375,-4.38181940135786,-3.791399619586264,1.7098404240937255,3.1798392707227703,2.4726217861650017,3.0039125064821626,-0.3392415608371104,1.8157705232654144,0.2086917335033651,2.5002641287197003
33.0,153.0,1000.542724609375,-4.38181940135786,-3.791399619586264,1.7098404346643743,3.1798392707227703,2.4726217861650017,3.0039125064821626,-0.3392415608371104,1.8157705373867008,0.2086931784890801,2.5002641287197003
33.0,153.0,1000.542724609375,-4.38181940135786,-3.791399619586264,1.7098404240937255,3.1798392707227703,2.4726217861648685,3.003891048978041,-0.3392415608223969,1.8157709587918096,0.208689467107236,2.5002641287197003
33.0,153.0,1000.542724609375,-4.38181940135786,-3.791399619586264,1.7098403380966487,3.1798392707227703,2.4726217861650017,3.003912506547913,-0.3392415608371104,1.8157705552109045,0.2086856044434626,2.5002641287197003
33.0,153.0,1000.542724609375,-4.38181940135786,-3.791399619586264,1.7098404240937255,3.1798392707227703,2.4726217861650017,3.0039125064821626,-0.3392415608221052,1.8157705373867008,0.208689467107236,2.5002641287197003
33.0,153.0,1000.542724609375,-4.38181940135786,-3.791399619586264,1.7098404298780412,3.1798392707227703,2.4726217861650017,3.0039125065468304,-0.3392415608371104,1.8157705733384577,0.2086856044434626,2.5002641287197003
33.0,153.0,1000.542724609375,-4.38181940135786,-3.791399619586153,1.7098404240937255,3.1798392707227703,2.472621786164865,3.003912506486241,-0.3392415608371104,1.8157705535595496,0.2086855323574604,2.5002641287197003
33.0,153.0,1000.542724609375,-4.38181940135786,-3.791399619586264,1.7098403380966487,3.1798392707227703,2.4726217861650017,3.003912506476877,-0.3392415608371104,1.8157705733384577,0.2086856044434626,2.5002641287197003
33.0,153.0,1000.542724609375,-4.38181940135786,-3.791399619586264,1.7098403364969668,3.1798392707227703,2.4726217861650017,3.003912506546678,-0.3392415608371104,1.8157705965025548,0.208687367773684,2.5002641287197003
33.0,153.0,1000.542724609375,-4.38181940135786,-3.791399619586264,1.7098404242683658,3.1798392707227703,2.472621786164998,3.003912506476877,-0.3392415608212552,1.8157739437729408,0.2086847156443098,2.5002641287197003
33.0,153.0,1000.5427856445312,-4.38181940135786,-3.791399619586264,1.7098404294414218,3.1798392707227703,2.4726217861650017,3.003912506546678,-0.3392415596073723,1.8157709437487664,0.2088016983712909,2.5002641287197003
33.0,153.0,1000.5427856445312,-4.38181940135786,-3.791399619586264,1.7098404294414218,3.1798392707227703,2.4726217861650017,3.003912506546678,-0.3392415608371104,1.8157709437487664,0.2088016983712909,2.5002641287197003
33.0,153.0,1000.5427856445312,-4.38181940135786,-3.791399619586264,1.7098404294414218,3.1798392707227703,2.4726217861650017,3.003912506546678,-0.3392415608371104,1.8157709437487664,0.2088016983712909,2.5002641287197003
33.0,153.0,1000.5427856445312,-4.38181940135786,-3.791399619586264,1.7098404294414218,3.1798392707227703,2.4726217861650017,3.003912506546678,-0.3392415608371104,1.8157709437487664,0.2088016983712909,2.5002641287197003
33.0,153.0,1000.5427856445312,-4.38181940135786,-3.7913996177065608,1.7098404294414218,3.1798392707227703,2.4726217861650017,3.0038914798429888,-0.3392415596073723,1.81577093687867,0.2087586096274509,2.5002641287197003
33.0,153.0,1000.5427856445312,-4.38181940135786,-3.791399619586264,1.7098404294414218,3.1798392707227703,2.4726217861650017,3.003912506546678,-0.3392415608371104,1.8157709437487664,0.2088016983712909,2.5002641287197003
33.0,153.0,1000.5427856445312,-4.38181940135786,-3.791399619586264,1.7098404294414218,3.1798392707227703,2.4726217861650017,3.003912506546678,-0.339241560822101,1.8157709437487664,0.2088016983712909,2.5002641287197003
33.0,153.0,1000.5427856445312,-4.38181940135786,-3.791399619586264,1.7098404294414218,3.1798392707227703,2.4726217861650017,3.003912506546678,-0.339241560822101,1.8157709437487664,0.2088016983712909,2.5002641287197003
33.0,153.0,1000.5427856445312,-4.38181940135786,-3.791399619586264,1.7098404344554683,3.1798392707227703,2.4726217861650017,3.0039125065456105,-0.3392415608371104,1.8157709691442223,0.2088016983712909,2.5002641287197003
33.0,153.0,1000.5427856445312,-4.38181940135786,-3.791399619586264,1.7098404294414218,3.1798392707227703,2.4726217861650017,3.0039125064756416,-0.3392415608371104,1.81577096187632,0.2088016983712909,2.5002641287197003
33.0,153.0,1000.5427856445312,-4.38181940135786,-3.791399619586264,1.7098404294414218,3.1798392707227703,2.4726217861650017,3.003912506546678,-0.3392415608220546,1.8157709437487664,0.2088016983712909,2.5002641287197003
33.0,153.0,1000.5427856445312,-4.38181940135786,-3.791399619586264,1.709840429518807,3.1798392707227703,2.4726217861650017,3.003912506545655,-0.3392415608371104,1.8157709691442223,0.2088016983712909,2.5002641287197003
33.0,154.0,1000.5426635742188,-4.38181940135786,-3.791399619586264,1.7098403420858872,3.1798392707227703,2.472621786164862,3.003912506476877,-0.3392415603632118,1.815774443805149,0.2086137703700644,2.5002641287197003
33.0,154.0,1000.5426635742188,-4.38181940135786,-3.791399619586264,1.7098403451711213,3.1798392707227703,2.4726217861649986,3.003912506479196,-0.3392415608371104,1.8157710966078,0.2086218316519392,2.5002641287197003
33.0,154.0,1000.5426635742188,-4.38181940135786,-3.791399619586264,1.7098403420858872,3.1798392707227703,2.472621786164862,3.003912506479743,-0.3392415603632118,1.815770970256744,0.2086137703700644,2.5002641287197003
33.0,154.0,1000.5426635742188,-4.38181940135786,-3.791399619586264,1.7098403420858872,3.1798392707227703,2.472621786164862,3.003912506479743,-0.3392415603938489,1.8157709588932804,0.2086137703700644,2.5002641287197003
33.0,154.0,1000.5426635742188,-4.38181940135786,-3.791399619586264,1.7098403420858872,3.1798392707227703,2.472621786164998,3.003912506476877,-0.339241560835797,1.8157740857687843,0.2086137703700644,2.5002641287197003
33.0,154.0,1000.5426635742188,-4.38181940135786,-3.791399619586264,1.7098403420858872,3.1798392707227703,2.472621786164862,3.0039125064768406,-0.3392415603632118,1.815774443805149,0.2086137703700644,2.5002641287197003
33.0,154.0,1000.5426635742188,-4.38181940135786,-3.791399619586264,1.7098403418358257,3.1798392707227703,2.472621786164998,3.0039125064787875,-0.3392415608569093,1.8157740857687843,0.2086087494003631,2.5002641287197003
33.0,154.0,1000.5426635742188,-4.38181940135786,-3.791399619586264,1.709840346977422,3.1798392707227703,2.4726217861650017,3.0039125065404764,-0.339241560836643,1.8157707279634336,0.208614947584383,2.5002641287197003
33.0,154.0,1000.5426635742188,-4.38181940135786,-3.791399619586264,1.7098403451711213,3.1798392707227703,2.4726217861649986,3.0039125065498107,-0.3392415608371104,1.8157709439508591,0.2086218316519392,2.5002641287197003
33.0,154.0,1000.5426635742188,-4.38181940135786,-3.791399619586264,1.709840342964732,3.179839270722973,2.4726217861649835,3.0039125064793426,-0.3392415603430971,1.815771003492246,0.2086043829519583,2.5002641287197003
33.0,154.0,1000.5426635742188,-4.38181940135786,-3.791399619586264,1.7098403420858872,3.1798392707227703,2.472621786164862,3.003912506476877,-0.3392415603939627,1.815774443805149,0.2086137703700644,2.5002641287197003
33.0,154.0,1000.5426635742188,-4.38181940135786,-3.791399619586264,1.7098403420858872,3.1798392707227703,2.4726217861649946,3.003912506479743,-0.3392415603938489,1.815770956014098,0.2086137703700644,2.5002641287197003
33.0,154.0,1000.5426635742188,-4.38181940135786,-3.791399619586264,1.7098403418358257,3.1798392707227703,2.472621786164998,3.0039125064787875,-0.3392415608565374,1.8157710638618536,0.2086096134796357,2.5002641287197003
33.0,154.0,1000.5426635742188,-4.38181940135786,-3.791399619586264,1.7098403369913302,3.1798392707227703,2.472621786164998,3.003912506545278,-0.339241560835797,1.8157740448115096,0.208617073547373,2.5002641287197003
33.0,154.0,1000.5426635742188,-4.38181940135786,-3.791399619586264,1.7098404241413665,3.1798392707091625,2.4726217861650017,3.0036700573420245,-0.3392415624638425,1.8157705373867008,0.2086900095511636,2.5002641287197003
33.0,154.0,1000.5426635742188,-4.38181940135786,-3.791399619586264,1.709840342093618,3.179839270722764,2.472621786164984,3.0039125064793617,-0.339241560393634,1.815770955111256,0.2086137703700644,2.5002641287197003
33.0,154.0,1000.5426635742188,-4.38181940135786,-3.791399619586264,1.709840346977422,3.1798392707227703,2.4726217861650017,3.0039125065404764,-0.339241560836643,1.8157707272275792,0.208614947584383,2.5002641287197003
33.0,154.0,1000.5426635742188,-4.38181940135786,-3.791399619586264,1.7098403451711213,3.1798392707227703,2.4726217861649986,3.0039125064771706,-0.3392415608368561,1.8157709439508591,0.2086218316519392,2.5002641287197003
33.0,154.0,1000.5426635742188,-4.38181940135786,-3.791399619586264,1.7098403451711213,3.1798392707227703,2.4726217861649986,3.0039125065498107,-0.3392415608374822,1.81577396585779,0.2086209675726666,2.5002641287197003
33.0,154.0,1000.5426635742188,-4.38181940135786,-3.791399619586264,1.7098404294414218,3.1798392707227703,2.4726217861648627,3.003912506546678,-0.339241560822101,1.8157709437487664,0.2086108575645655,2.5002641287197003
33.0,154.0,1000.5426635742188,-4.38181940135786,-3.791399619586264,1.70984034222644,3.1798392707227703,2.472621786164998,3.0039125064769743,-0.3392415608569093,1.815770727777318,0.2086087494003631,2.5002641287197003
33.0,154.0,1000.5426635742188,-4.38181940135786,-3.791399619586264,1.7098403453462148,3.1798392707227703,2.472621786164862,3.0039125064797374,-0.3392415603632118,1.8157711073599447,0.2086137703700644,2.5002641287197003
33.0,154.0,1000.5426635742188,-4.38181940135786,-3.791399619586264,1.7098403429570013,3.17983927072298,2.4726217861649946,3.003912506479724,-0.339241560343312,1.8157710043950883,0.2086043829519583,2.5002641287197003
33.0,154.0,1000.542724609375,-4.38181940135786,-3.791399619586264,1.7098403380966487,3.1798392707227703,2.4726217861650017,3.003912506476877,-0.3392415608371104,1.8157705733384577,0.2086856044434626,2.5002641287197003
33.0,154.0,1000.542724609375,-4.38181940135786,-3.791399619586264,1.7098403380966487,3.1798392707227703,2.4726217861650017,3.003912506547913,-0.3392415608371104,1.8157705552109045,0.2086856044434626,2.5002641287197003
33.0,154.0,1000.542724609375,-4.38181940135786,-3.791399619586264,1.7098404240937255,3.1798392707227703,2.4726217861650017,3.0039125064821626,-0.3392415608371104,1.8157705373867008,0.208689467107236,2.5002641287197003
33.0,154.0,1000.542724609375,-4.38181940135786,-3.791399619586264,1.7098404240937255,3.1798392707227703,2.472621786164865,3.0039125064821626,-0.3392415608371104,1.8157712045663288,0.208689467107236,2.5002641287197003
33.0,154.0,1000.542724609375,-4.38181940135786,-3.791399619586264,1.7098404291751146,3.1798392707227703,2.4726217861650017,3.003912506476877,-0.3392415608371104,1.8157705733384577,0.2086856044434626,2.5002641287197003
33.0,154.0,1000.542724609375,-4.38181940135786,-3.791399619586264,1.7098404294414218,3.1798392707227703,2.4726217861650017,3.003912506546678,-0.3392415608218294,1.8157709437487664,0.2086875358486896,2.5002641287197003
33.0,154.0,1000.542724609375,-4.38181940135786,-3.791399619586264,1.70984043159364,3.1798392707227703,2.4726217861650017,3.003912506476877,-0.3392415608371104,1.8157705726755613,0.2086856044434626,2.5002641287197003
33.0,154.0,1000.542724609375,-4.38181940135786,-3.791399619586264,1.7098404346643743,3.1798392707227703,2.4726217861650017,3.0039125064821626,-0.3392415608371104,1.8157705373867008,0.208689467107236,2.5002641287197003
33.0,154.0,1000.542724609375,-4.38181940135786,-3.791399619586264,1.7098404240937255,3.1798392707227703,2.472621786164865,3.003912506486241,-0.3392415608371104,1.8157705535595496,0.2086855323574604,2.5002641287197003
33.0,154.0,1000.542724609375,-4.38181940135786,-3.791399619586264,1.7098404294414218,3.179839270709137,2.47262178616488,3.0036687367538137,-0.3392415623102523,1.8157726510338543,0.2087863146936766,2.5002641287197003
33.0,154.0,1000.542724609375,-4.38181940135786,-3.791399619586264,1.7098404291599003,3.1798392707227703,2.4726217861650017,3.0039125065404764,-0.339241560822101,1.8157705859675903,0.2086858928586284,2.5002641287197003
33.0,154.0,1000.542724609375,-4.38181940135786,-3.791399619586264,1.7098404240937255,3.1798392707227703,2.4726217861650017,3.003891048978041,-0.3392415608223969,1.815770955912628,0.208689467107236,2.5002641287197003
33.0,154.0,1000.542724609375,-4.38181940135786,-3.791399619586264,1.7098403420858872,3.179839270722973,2.4726217861649835,3.003912506479743,-0.3392415603430971,1.8158008016012888,0.2086137703700644,2.5002641287197003
33.0,154.0,1000.542724609375,-4.38181940135786,-3.791399619586264,1.7098403376600293,3.1798392707227703,2.4726217861650017,3.0039125064767247,-0.3392415608218294,1.8157709437487664,0.2086875358486896,2.5002641287197003
33.0,154.0,1000.542724609375,-4.38181940135786,-3.791399619586264,1.7098404291518272,3.1798392707227703,2.4726217861650017,3.0039125065404764,-0.339241560822101,1.8157705676653064,0.2086858928586284,2.5002641287197003
33.0,154.0,1000.542724609375,-4.38181940135786,-3.791399619586264,1.7098404291751146,3.1798392707227703,2.4726217861650017,3.0039125064767807,-0.3392415608371104,1.8157705733384577,0.2086896303902784,2.5002641287197003
33.0,154.0,1000.542724609375,-4.38181940135786,-3.791399619586264,1.7098404240937255,3.1798392707227703,2.4726217861650017,3.0039125064821626,-0.3392415608371104,1.8157705232654144,0.2086917335033651,2.5002641287197003
33.0,154.0,1000.542724609375,-4.38181940135786,-3.791399619586264,1.7098404346643743,3.1798392707227703,2.4726217861650017,3.0039125064821626,-0.3392415608371104,1.8157705373867008,0.2086931784890801,2.5002641287197003
33.0,154.0,1000.542724609375,-4.38181940135786,-3.791399619586264,1.7098404240937255,3.1798392707227703,2.4726217861648685,3.003891048978041,-0.3392415608223969,1.8157709587918096,0.208689467107236,2.5002641287197003
33.0,154.0,1000.542724609375,-4.38181940135786,-3.791399619586264,1.7098403380966487,3.1798392707227703,2.4726217861650017,3.003912506547913,-0.3392415608371104,1.8157705552109045,0.2086856044434626,2.5002641287197003
33.0,154.0,1000.542724609375,-4.38181940135786,-3.791399619586264,1.7098404240937255,3.1798392707227703,2.4726217861650017,3.0039125064821626,-0.3392415608221052,1.8157705373867008,0.208689467107236,2.5002641287197003
33.0,154.0,1000.542724609375,-4.38181940135786,-3.791399619586264,1.7098404298780412,3.1798392707227703,2.4726217861650017,3.0039125065468304,-0.3392415608371104,1.8157705733384577,0.2086856044434626,2.5002641287197003
33.0,154.0,1000.542724609375,-4.38181940135786,-3.791399619586153,1.7098404240937255,3.1798392707227703,2.472621786164865,3.003912506486241,-0.3392415608371104,1.8157705535595496,0.2086855323574604,2.5002641287197003
33.0,154.0,1000.542724609375,-4.38181940135786,-3.791399619586264,1.7098403380966487,3.1798392707227703,2.4726217861650017,3.003912506476877,-0.3392415608371104,1.8157705733384577,0.2086856044434626,2.5002641287197003
33.0,154.0,1000.542724609375,-4.38181940135786,-3.791399619586264,1.7098403364969668,3.1798392707227703,2.4726217861650017,3.003912506546678,-0.3392415608371104,1.8157705965025548,0.208687367773684,2.5002641287197003
33.0,154.0,1000.542724609375,-4.38181940135786,-3.791399619586264,1.7098404242683658,3.1798392707227703,2.472621786164998,3.003912506476877,-0.3392415608212552,1.8157739437729408,0.2086847156443098,2.5002641287197003
33.0,154.0,1000.542724609375,-4.38181940135786,-3.791399619586264,1.7098403380966487,3.1798392707227703,2.4726217861648605,3.003912506547913,-0.3392415608371104,1.815770756717085,0.2086856044434626,2.5002641287197003
33.0,155.0,1000.5426635742188,-4.38181940135786,-3.791399619586264,1.7098403420858872,3.1798392707227703,2.472621786164862,3.003912506476877,-0.3392415603632118,1.815774443805149,0.2086137703700644,2.5002641287197003
33.0,155.0,1000.5426635742188,-4.38181940135786,-3.791399619586264,1.7098403451711213,3.1798392707227703,2.4726217861649986,3.003912506479196,-0.3392415608371104,1.8157710966078,0.2086218316519392,2.5002641287197003
33.0,155.0,1000.5426635742188,-4.38181940135786,-3.791399619586264,1.7098403420858872,3.1798392707227703,2.472621786164862,3.003912506479743,-0.3392415603632118,1.815770970256744,0.2086137703700644,2.5002641287197003
33.0,155.0,1000.5426635742188,-4.38181940135786,-3.791399619586264,1.7098403420858872,3.1798392707227703,2.472621786164862,3.003912506479743,-0.3392415603938489,1.8157709588932804,0.2086137703700644,2.5002641287197003
33.0,155.0,1000.5426635742188,-4.38181940135786,-3.791399619586264,1.7098403420858872,3.1798392707227703,2.472621786164998,3.003912506476877,-0.339241560835797,1.8157740857687843,0.2086137703700644,2.5002641287197003
33.0,155.0,1000.5426635742188,-4.38181940135786,-3.791399619586264,1.7098403420858872,3.1798392707227703,2.472621786164862,3.0039125064768406,-0.3392415603632118,1.815774443805149,0.2086137703700644,2.5002641287197003
33.0,155.0,1000.5426635742188,-4.38181940135786,-3.791399619586264,1.7098403418358257,3.1798392707227703,2.472621786164998,3.0039125064787875,-0.3392415608569093,1.8157740857687843,0.2086087494003631,2.5002641287197003
33.0,155.0,1000.5426635742188,-4.38181940135786,-3.791399619586264,1.709840346977422,3.1798392707227703,2.4726217861650017,3.0039125065404764,-0.339241560836643,1.8157707279634336,0.208614947584383,2.5002641287197003
33.0,155.0,1000.5426635742188,-4.38181940135786,-3.791399619586264,1.7098403451711213,3.1798392707227703,2.4726217861649986,3.0039125065498107,-0.3392415608371104,1.8157709439508591,0.2086218316519392,2.5002641287197003
33.0,155.0,1000.5426635742188,-4.38181940135786,-3.791399619586264,1.709840342964732,3.179839270722973,2.4726217861649835,3.0039125064793426,-0.3392415603430971,1.815771003492246,0.2086043829519583,2.5002641287197003
33.0,155.0,1000.5426635742188,-4.38181940135786,-3.791399619586264,1.7098403420858872,3.1798392707227703,2.472621786164862,3.003912506476877,-0.3392415603939627,1.815774443805149,0.2086137703700644,2.5002641287197003
33.0,155.0,1000.5426635742188,-4.38181940135786,-3.791399619586264,1.7098403420858872,3.1798392707227703,2.4726217861649946,3.003912506479743,-0.3392415603938489,1.815770956014098,0.2086137703700644,2.5002641287197003
33.0,155.0,1000.5426635742188,-4.38181940135786,-3.791399619586264,1.7098403418358257,3.1798392707227703,2.472621786164998,3.0039125064787875,-0.3392415608565374,1.8157710638618536,0.2086096134796357,2.5002641287197003
33.0,155.0,1000.5426635742188,-4.38181940135786,-3.791399619586264,1.7098403369913302,3.1798392707227703,2.472621786164998,3.003912506545278,-0.339241560835797,1.8157740448115096,0.208617073547373,2.5002641287197003
33.0,155.0,1000.5426635742188,-4.38181940135786,-3.791399619586264,1.7098404241413665,3.1798392707091625,2.4726217861650017,3.0036700573420245,-0.3392415624638425,1.8157705373867008,0.2086900095511636,2.5002641287197003
33.0,155.0,1000.5426635742188,-4.38181940135786,-3.791399619586264,1.709840342093618,3.179839270722764,2.472621786164984,3.0039125064793617,-0.339241560393634,1.815770955111256,0.2086137703700644,2.5002641287197003
33.0,155.0,1000.5426635742188,-4.38181940135786,-3.791399619586264,1.709840346977422,3.1798392707227703,2.4726217861650017,3.0039125065404764,-0.339241560836643,1.8157707272275792,0.208614947584383,2.5002641287197003
33.0,155.0,1000.5426635742188,-4.38181940135786,-3.791399619586264,1.7098403451711213,3.1798392707227703,2.4726217861649986,3.0039125064771706,-0.3392415608368561,1.8157709439508591,0.2086218316519392,2.5002641287197003
33.0,155.0,1000.5426635742188,-4.38181940135786,-3.791399619586264,1.7098403451711213,3.1798392707227703,2.4726217861649986,3.0039125065498107,-0.3392415608374822,1.81577396585779,0.2086209675726666,2.5002641287197003
33.0,155.0,1000.5426635742188,-4.38181940135786,-3.791399619586264,1.7098404294414218,3.1798392707227703,2.4726217861648627,3.003912506546678,-0.339241560822101,1.8157709437487664,0.2086108575645655,2.5002641287197003
33.0,155.0,1000.5426635742188,-4.38181940135786,-3.791399619586264,1.70984034222644,3.1798392707227703,2.472621786164998,3.0039125064769743,-0.3392415608569093,1.815770727777318,0.2086087494003631,2.5002641287197003
33.0,155.0,1000.5426635742188,-4.38181940135786,-3.791399619586264,1.7098403453462148,3.1798392707227703,2.472621786164862,3.0039125064797374,-0.3392415603632118,1.8157711073599447,0.2086137703700644,2.5002641287197003
33.0,155.0,1000.5426635742188,-4.38181940135786,-3.791399619586264,1.7098403429570013,3.17983927072298,2.4726217861649946,3.003912506479724,-0.339241560343312,1.8157710043950883,0.2086043829519583,2.5002641287197003
33.0,155.0,1000.5426635742188,-4.38181940135786,-3.791399619586264,1.7098403470706478,3.1798392707227703,2.472621786164998,3.0039125064787875,-0.3392415608569192,1.815770703959135,0.2086096134796357,2.5002641287197003
33.0,155.0,1000.5426635742188,-4.38181940135786,-3.791399619586264,1.7098403399388495,3.1798392707227703,2.4726217861649946,3.003887480553843,-0.3392415608082776,1.815770956014098,0.2086162280425575,2.5002641287197003
33.0,155.0,1000.5426635742188,-4.38181940135786,-3.791399619586264,1.7098403377057534,3.1798392707227783,2.4726217861649835,3.003912506481615,-0.339241560848449,1.8157705510837705,0.2086043829519583,2.5002641287197003
33.0,155.0,1000.5426635742188,-4.38181940135786,-3.791399619586264,1.7098403451711075,3.1798392707227703,2.472621786164862,3.003912506477004,-0.3392415609072455,1.8157711073599447,0.2086136411362861,2.5002641287197003
33.0,155.0,1000.5426635742188,-4.38181940135786,-3.791399619586264,1.7098404294414218,3.1798392707227703,2.4726217861648627,3.003912506545746,-0.339241560822101,1.815774429306987,0.2086108575645655,2.5002641287197003
33.0,155.0,1000.5426635742188,-4.38181940135786,-3.791399619586264,1.7098403451711213,3.1798392707227703,2.4726217861649986,3.0039125065498107,-0.3392415608371104,1.815770944305728,0.2086218316519392,2.5002641287197003
33.0,155.0,1000.5426635742188,-4.38181940135786,-3.791399619586264,1.7098403418964163,3.1798392707227703,2.472621786164854,3.0039125064797374,-0.3392415608089588,1.8157711073599447,0.2086137703700644,2.5002641287197003
33.0,155.0,1000.5426635742188,-4.38181940135786,-3.791399619586264,1.7098403365786186,3.1798392707227703,2.4726217861650004,3.0039125064761536,-0.339241560835797,1.815774253220926,0.208617073547373,2.5002641287197003
33.0,155.0,1000.5426635742188,-4.38181940135786,-3.791399619586264,1.709840346977422,3.1798392707227703,2.4726217861650017,3.0039125065404764,-0.3392415608375337,1.8157708252903773,0.2086149329077825,2.5002641287197003
33.0,155.0,1000.5426635742188,-4.38181940135786,-3.791399619586264,1.7098403468847243,3.1798392707227703,2.4726217861649986,3.0039125065498107,-0.3392415608366461,1.8157709439508591,0.2086218316519392,2.5002641287197003
33.0,155.0,1000.5426635742188,-4.38181940135786,-3.791399619586264,1.7098403420858872,3.1798392707227703,2.472621786164862,3.003912506479743,-0.3392415603938489,1.8157709588932804,0.2086214126509995,2.5002641287197003
33.0,155.0,1000.5426635742188,-4.38181940135786,-3.791399619586264,1.7098403451711213,3.1798392707227703,2.4726217861649986,3.003912506479196,-0.3392415608371104,1.815771096252931,0.2086218316519392,2.5002641287197003
33.0,155.0,1000.5426635742188,-4.38181940135786,-3.791399619586264,1.7098403418381916,3.1798392707227703,2.472621786165009,3.0039125064787875,-0.3392415603822963,1.8157710600555192,0.2086096134796357,2.5002641287197003
33.0,155.0,1000.5426635742188,-4.38181940135786,-3.791399619586264,1.7098403424985986,3.1798392707227703,2.472621786164859,3.003912506548868,-0.3392415603632118,1.815770761847328,0.2086137703700644,2.5002641287197003
33.0,155.0,1000.5426635742188,-4.38181940135786,-3.791399619586264,1.7098404410901251,3.1798392707227703,2.472621786164862,3.003912506476877,-0.3392415608257301,1.8157745042095337,0.2086137703700644,2.5002641287197003
33.0,155.0,1000.5426635742188,-4.38181940135786,-3.791399619586264,1.7098404304779011,3.1798392707227703,2.4726217861649995,3.003912506476877,-0.3392415603632118,1.8157744349391345,0.2086137703700644,2.5002641287197003
33.0,155.0,1000.542724609375,-4.38181940135786,-3.791399619586264,1.7098403380966487,3.1798392707227703,2.4726217861650017,3.003912506476877,-0.3392415608371104,1.8157705733384577,0.2086856044434626,2.5002641287197003
33.0,155.0,1000.542724609375,-4.38181940135786,-3.791399619586264,1.7098403380966487,3.1798392707227703,2.4726217861650017,3.003912506547913,-0.3392415608371104,1.8157705552109045,0.2086856044434626,2.5002641287197003
33.0,155.0,1000.542724609375,-4.38181940135786,-3.791399619586264,1.7098404240937255,3.1798392707227703,2.4726217861650017,3.0039125064821626,-0.3392415608371104,1.8157705373867008,0.208689467107236,2.5002641287197003
33.0,155.0,1000.542724609375,-4.38181940135786,-3.791399619586264,1.7098404240937255,3.1798392707227703,2.472621786164865,3.0039125064821626,-0.3392415608371104,1.8157712045663288,0.208689467107236,2.5002641287197003
33.0,155.0,1000.542724609375,-4.38181940135786,-3.791399619586264,1.7098404291751146,3.1798392707227703,2.4726217861650017,3.003912506476877,-0.3392415608371104,1.8157705733384577,0.2086856044434626,2.5002641287197003
33.0,155.0,1000.542724609375,-4.38181940135786,-3.791399619586264,1.7098404294414218,3.1798392707227703,2.4726217861650017,3.003912506546678,-0.3392415608218294,1.8157709437487664,0.2086875358486896,2.5002641287197003
33.0,155.0,1000.542724609375,-4.38181940135786,-3.791399619586264,1.70984043159364,3.1798392707227703,2.4726217861650017,3.003912506476877,-0.3392415608371104,1.8157705726755613,0.2086856044434626,2.5002641287197003
33.0,155.0,1000.542724609375,-4.38181940135786,-3.791399619586264,1.7098404346643743,3.1798392707227703,2.4726217861650017,3.0039125064821626,-0.3392415608371104,1.8157705373867008,0.208689467107236,2.5002641287197003
33.0,155.0,1000.542724609375,-4.38181940135786,-3.791399619586264,1.7098404240937255,3.1798392707227703,2.472621786164865,3.003912506486241,-0.3392415608371104,1.8157705535595496,0.2086855323574604,2.5002641287197003
33.0,155.0,1000.542724609375,-4.38181940135786,-3.791399619586264,1.7098404294414218,3.179839270709137,2.47262178616488,3.0036687367538137,-0.3392415623102523,1.8157726510338543,0.2087863146936766,2.5002641287197003
33.0,155.0,1000.542724609375,-4.38181940135786,-3.791399619586264,1.7098404291599003,3.1798392707227703,2.4726217861650017,3.0039125065404764,-0.339241560822101,1.8157705859675903,0.2086858928586284,2.5002641287197003
33.0,156.0,1000.5426025390624,-4.38181940135786,-3.791399619586264,1.7098404294414218,3.179839270708765,2.47262178616488,3.003668488078424,-0.339241562270528,1.8157726510338543,0.2086230390980571,2.5002641287197003
33.0,156.0,1000.5426635742188,-4.38181940135786,-3.791399619586264,1.7098403420858872,3.1798392707227703,2.472621786164862,3.003912506476877,-0.3392415603632118,1.815774443805149,0.2086137703700644,2.5002641287197003
33.0,156.0,1000.5426635742188,-4.38181940135786,-3.791399619586264,1.7098403451711213,3.1798392707227703,2.4726217861649986,3.003912506479196,-0.3392415608371104,1.8157710966078,0.2086218316519392,2.5002641287197003
33.0,156.0,1000.5426635742188,-4.38181940135786,-3.791399619586264,1.7098403420858872,3.1798392707227703,2.472621786164862,3.003912506479743,-0.3392415603632118,1.815770970256744,0.2086137703700644,2.5002641287197003
33.0,156.0,1000.5426635742188,-4.38181940135786,-3.791399619586264,1.7098403420858872,3.1798392707227703,2.472621786164862,3.003912506479743,-0.3392415603938489,1.8157709588932804,0.2086137703700644,2.5002641287197003
33.0,156.0,1000.5426635742188,-4.38181940135786,-3.791399619586264,1.7098403420858872,3.1798392707227703,2.472621786164998,3.003912506476877,-0.339241560835797,1.8157740857687843,0.2086137703700644,2.5002641287197003
33.0,156.0,1000.5426635742188,-4.38181940135786,-3.791399619586264,1.7098403420858872,3.1798392707227703,2.472621786164862,3.0039125064768406,-0.3392415603632118,1.815774443805149,0.2086137703700644,2.5002641287197003
33.0,156.0,1000.5426635742188,-4.38181940135786,-3.791399619586264,1.7098403418358257,3.1798392707227703,2.472621786164998,3.0039125064787875,-0.3392415608569093,1.8157740857687843,0.2086087494003631,2.5002641287197003
33.0,156.0,1000.5426635742188,-4.38181940135786,-3.791399619586264,1.709840346977422,3.1798392707227703,2.4726217861650017,3.0039125065404764,-0.339241560836643,1.8157707279634336,0.208614947584383,2.5002641287197003
33.0,156.0,1000.5426635742188,-4.38181940135786,-3.791399619586264,1.7098403451711213,3.1798392707227703,2.4726217861649986,3.0039125065498107,-0.3392415608371104,1.8157709439508591,0.2086218316519392,2.5002641287197003
33.0,156.0,1000.5426635742188,-4.38181940135786,-3.791399619586264,1.709840342964732,3.179839270722973,2.4726217861649835,3.0039125064793426,-0.3392415603430971,1.815771003492246,0.2086043829519583,2.5002641287197003
33.0,156.0,1000.5426635742188,-4.38181940135786,-3.791399619586264,1.7098403420858872,3.1798392707227703,2.472621786164862,3.003912506476877,-0.3392415603939627,1.815774443805149,0.2086137703700644,2.5002641287197003
33.0,156.0,1000.5426635742188,-4.38181940135786,-3.791399619586264,1.7098403420858872,3.1798392707227703,2.4726217861649946,3.003912506479743,-0.3392415603938489,1.815770956014098,0.2086137703700644,2.5002641287197003
33.0,156.0,1000.5426635742188,-4.38181940135786,-3.791399619586264,1.7098403418358257,3.1798392707227703,2.472621786164998,3.0039125064787875,-0.3392415608565374,1.8157710638618536,0.2086096134796357,2.5002641287197003
33.0,156.0,1000.5426635742188,-4.38181940135786,-3.791399619586264,1.7098403369913302,3.1798392707227703,2.472621786164998,3.003912506545278,-0.339241560835797,1.8157740448115096,0.208617073547373,2.5002641287197003
33.0,156.0,1000.5426635742188,-4.38181940135786,-3.791399619586264,1.7098404241413665,3.1798392707091625,2.4726217861650017,3.0036700573420245,-0.3392415624638425,1.8157705373867008,0.2086900095511636,2.5002641287197003
33.0,156.0,1000.5426635742188,-4.38181940135786,-3.791399619586264,1.709840342093618,3.179839270722764,2.472621786164984,3.0039125064793617,-0.339241560393634,1.815770955111256,0.2086137703700644,2.5002641287197003
33.0,156.0,1000.5426635742188,-4.38181940135786,-3.791399619586264,1.709840346977422,3.1798392707227703,2.4726217861650017,3.0039125065404764,-0.339241560836643,1.8157707272275792,0.208614947584383,2.5002641287197003
33.0,156.0,1000.5426635742188,-4.38181940135786,-3.791399619586264,1.7098403451711213,3.1798392707227703,2.4726217861649986,3.0039125064771706,-0.3392415608368561,1.8157709439508591,0.2086218316519392,2.5002641287197003
33.0,156.0,1000.5426635742188,-4.38181940135786,-3.791399619586264,1.7098403451711213,3.1798392707227703,2.4726217861649986,3.0039125065498107,-0.3392415608374822,1.81577396585779,0.2086209675726666,2.5002641287197003
33.0,156.0,1000.5426635742188,-4.38181940135786,-3.791399619586264,1.7098404294414218,3.1798392707227703,2.4726217861648627,3.003912506546678,-0.339241560822101,1.8157709437487664,0.2086108575645655,2.5002641287197003
33.0,156.0,1000.5426635742188,-4.38181940135786,-3.791399619586264,1.70984034222644,3.1798392707227703,2.472621786164998,3.0039125064769743,-0.3392415608569093,1.815770727777318,0.2086087494003631,2.5002641287197003
33.0,156.0,1000.5426635742188,-4.38181940135786,-3.791399619586264,1.7098403453462148,3.1798392707227703,2.472621786164862,3.0039125064797374,-0.3392415603632118,1.8157711073599447,0.2086137703700644,2.5002641287197003
33.0,156.0,1000.5426635742188,-4.38181940135786,-3.791399619586264,1.7098403429570013,3.17983927072298,2.4726217861649946,3.003912506479724,-0.339241560343312,1.8157710043950883,0.2086043829519583,2.5002641287197003
33.0,156.0,1000.5426635742188,-4.38181940135786,-3.791399619586264,1.7098403470706478,3.1798392707227703,2.472621786164998,3.0039125064787875,-0.3392415608569192,1.815770703959135,0.2086096134796357,2.5002641287197003
33.0,156.0,1000.5426635742188,-4.38181940135786,-3.791399619586264,1.7098403399388495,3.1798392707227703,2.4726217861649946,3.003887480553843,-0.3392415608082776,1.815770956014098,0.2086162280425575,2.5002641287197003
33.0,156.0,1000.5426635742188,-4.38181940135786,-3.791399619586264,1.7098403377057534,3.1798392707227783,2.4726217861649835,3.003912506481615,-0.339241560848449,1.8157705510837705,0.2086043829519583,2.5002641287197003
33.0,156.0,1000.5426635742188,-4.38181940135786,-3.791399619586264,1.7098403451711075,3.1798392707227703,2.472621786164862,3.003912506477004,-0.3392415609072455,1.8157711073599447,0.2086136411362861,2.5002641287197003
33.0,156.0,1000.5426635742188,-4.38181940135786,-3.791399619586264,1.7098404294414218,3.1798392707227703,2.4726217861648627,3.003912506545746,-0.339241560822101,1.815774429306987,0.2086108575645655,2.5002641287197003
33.0,156.0,1000.5426635742188,-4.38181940135786,-3.791399619586264,1.7098403451711213,3.1798392707227703,2.4726217861649986,3.0039125065498107,-0.3392415608371104,1.815770944305728,0.2086218316519392,2.5002641287197003
33.0,156.0,1000.5426635742188,-4.38181940135786,-3.791399619586264,1.7098403418964163,3.1798392707227703,2.472621786164854,3.0039125064797374,-0.3392415608089588,1.8157711073599447,0.2086137703700644,2.5002641287197003
33.0,156.0,1000.5426635742188,-4.38181940135786,-3.791399619586264,1.7098403365786186,3.1798392707227703,2.4726217861650004,3.0039125064761536,-0.339241560835797,1.815774253220926,0.208617073547373,2.5002641287197003
33.0,156.0,1000.5426635742188,-4.38181940135786,-3.791399619586264,1.709840346977422,3.1798392707227703,2.4726217861650017,3.0039125065404764,-0.3392415608375337,1.8157708252903773,0.2086149329077825,2.5002641287197003
33.0,156.0,1000.5426635742188,-4.38181940135786,-3.791399619586264,1.7098403468847243,3.1798392707227703,2.4726217861649986,3.0039125065498107,-0.3392415608366461,1.8157709439508591,0.2086218316519392,2.5002641287197003
33.0,156.0,1000.5426635742188,-4.38181940135786,-3.791399619586264,1.7098403420858872,3.1798392707227703,2.472621786164862,3.003912506479743,-0.3392415603938489,1.8157709588932804,0.2086214126509995,2.5002641287197003
33.0,156.0,1000.5426635742188,-4.38181940135786,-3.791399619586264,1.7098403451711213,3.1798392707227703,2.4726217861649986,3.003912506479196,-0.3392415608371104,1.815771096252931,0.2086218316519392,2.5002641287197003
33.0,156.0,1000.5426635742188,-4.38181940135786,-3.791399619586264,1.7098403418381916,3.1798392707227703,2.472621786165009,3.0039125064787875,-0.3392415603822963,1.8157710600555192,0.2086096134796357,2.5002641287197003
33.0,156.0,1000.5426635742188,-4.38181940135786,-3.791399619586264,1.7098403424985986,3.1798392707227703,2.472621786164859,3.003912506548868,-0.3392415603632118,1.815770761847328,0.2086137703700644,2.5002641287197003
33.0,156.0,1000.5426635742188,-4.38181940135786,-3.791399619586264,1.7098404410901251,3.1798392707227703,2.472621786164862,3.003912506476877,-0.3392415608257301,1.8157745042095337,0.2086137703700644,2.5002641287197003
33.0,156.0,1000.5426635742188,-4.38181940135786,-3.791399619586264,1.7098404304779011,3.1798392707227703,2.4726217861649995,3.003912506476877,-0.3392415603632118,1.8157744349391345,0.2086137703700644,2.5002641287197003
33.0,156.0,1000.5426635742188,-4.38181940135786,-3.791399619586264,1.7098403418358257,3.1798392707227703,2.472621786164998,3.0039125064787875,-0.3392415608569093,1.8157740857687843,0.2086087494003631,2.5002641287197003
33.0,156.0,1000.5426635742188,-4.38181940135786,-3.791399619586264,1.7098404241413665,3.179839270722367,2.4726217861650017,3.003908785021258,-0.3392415624638425,1.8157705373867008,0.2086152696550108,2.5002641287197003
33.0,156.0,1000.5426635742188,-4.38181940135786,-3.791399619586264,1.7098404410901251,3.1798392707227703,2.472621786164862,3.003912506476877,-0.3392415608188261,1.8157744485262013,0.2086137703700644,2.5002641287197003
33.0,156.0,1000.5426635742188,-4.38181940135786,-3.791399619586264,1.7098403418358257,3.1798392707227703,2.472621786164998,3.0039125064787875,-0.3392415608565374,1.8157710638618536,0.2086096134796357,2.5002641287197003
33.0,156.0,1000.5426635742188,-4.38181940135786,-3.791399619586264,1.7098403420858872,3.1798392707227703,2.4726217861648627,3.003912506477928,-0.3392415603632118,1.8157706898093904,0.2086137197542424,2.5002641287197003
33.0,156.0,1000.5426635742188,-4.38181940135786,-3.791399619586264,1.7098403451711213,3.1798392707227703,2.4726217861649835,3.003912506479196,-0.3392415608372688,1.8157710966078,0.2086219212865363,2.5002641287197003
33.0,156.0,1000.5426635742188,-4.38181940135786,-3.791399619586264,1.7098403397433517,3.1798392707227703,2.4726217861649946,3.00388736203231,-0.3392415608082776,1.815770566174972,0.2086181017453096,2.5002641287197003
33.0,156.0,1000.5426635742188,-4.38181940135786,-3.791399619586264,1.7098404435893313,3.1798392707227703,2.472621786164859,3.003912506548868,-0.3392415608452854,1.8157745943329544,0.2086137703700644,2.5002641287197003
33.0,156.0,1000.5426635742188,-4.38181940135786,-3.791399619586264,1.7098403451711213,3.1798392707227703,2.4726217861649986,3.003912506479196,-0.339241560836848,1.815771096252931,0.2086218316519392,2.5002641287197003
33.0,156.0,1000.5426635742188,-4.38181940135786,-3.791399619586264,1.7098403453462148,3.1798392707227703,2.472621786164862,3.0039125064797374,-0.3392415603632118,1.8157711032269168,0.2086137703700644,2.5002641287197003
33.0,157.0,1000.5426025390624,-4.38181940135786,-3.791399619586264,1.7098404294414218,3.179839270708765,2.47262178616488,3.003668488078424,-0.339241562270528,1.8157726510338543,0.2086230390980571,2.5002641287197003
33.0,157.0,1000.5426025390624,-4.38181940135786,-3.791399619586264,1.7098403353941622,3.179839270708793,2.472621786164863,3.003677791959784,-0.3392415623558534,1.8157727856240613,0.2086136569841203,2.5002641287197003
33.0,157.0,1000.5426025390624,-4.38181940135786,-3.791399619586264,1.7098404294414218,3.179839270708765,2.472621786164881,3.003668488078424,-0.3392415622479929,1.8157726510338543,0.2086230390980571,2.5002641287197003
33.0,157.0,1000.5426635742188,-4.38181940135786,-3.791399619586264,1.7098403420858872,3.1798392707227703,2.472621786164862,3.003912506476877,-0.3392415603632118,1.815774443805149,0.2086137703700644,2.5002641287197003
33.0,157.0,1000.5426635742188,-4.38181940135786,-3.791399619586264,1.7098403451711213,3.1798392707227703,2.4726217861649986,3.003912506479196,-0.3392415608371104,1.8157710966078,0.2086218316519392,2.5002641287197003
33.0,157.0,1000.5426635742188,-4.38181940135786,-3.791399619586264,1.7098403420858872,3.1798392707227703,2.472621786164862,3.003912506479743,-0.3392415603632118,1.815770970256744,0.2086137703700644,2.5002641287197003
33.0,157.0,1000.5426635742188,-4.38181940135786,-3.791399619586264,1.7098403420858872,3.1798392707227703,2.472621786164862,3.003912506479743,-0.3392415603938489,1.8157709588932804,0.2086137703700644,2.5002641287197003
33.0,157.0,1000.5426635742188,-4.38181940135786,-3.791399619586264,1.7098403420858872,3.1798392707227703,2.472621786164998,3.003912506476877,-0.339241560835797,1.8157740857687843,0.2086137703700644,2.5002641287197003
33.0,157.0,1000.5426635742188,-4.38181940135786,-3.791399619586264,1.7098403420858872,3.1798392707227703,2.472621786164862,3.0039125064768406,-0.3392415603632118,1.815774443805149,0.2086137703700644,2.5002641287197003
33.0,157.0,1000.5426635742188,-4.38181940135786,-3.791399619586264,1.7098403418358257,3.1798392707227703,2.472621786164998,3.0039125064787875,-0.3392415608569093,1.8157740857687843,0.2086087494003631,2.5002641287197003
33.0,157.0,1000.5426635742188,-4.38181940135786,-3.791399619586264,1.709840346977422,3.1798392707227703,2.4726217861650017,3.0039125065404764,-0.339241560836643,1.8157707279634336,0.208614947584383,2.5002641287197003
33.0,157.0,1000.5426635742188,-4.38181940135786,-3.791399619586264,1.7098403451711213,3.1798392707227703,2.4726217861649986,3.0039125065498107,-0.3392415608371104,1.8157709439508591,0.2086218316519392,2.5002641287197003
33.0,157.0,1000.5426635742188,-4.38181940135786,-3.791399619586264,1.709840342964732,3.179839270722973,2.4726217861649835,3.0039125064793426,-0.3392415603430971,1.815771003492246,0.2086043829519583,2.5002641287197003
33.0,157.0,1000.5426635742188,-4.38181940135786,-3.791399619586264,1.7098403420858872,3.1798392707227703,2.472621786164862,3.003912506476877,-0.3392415603939627,1.815774443805149,0.2086137703700644,2.5002641287197003
33.0,157.0,1000.5426635742188,-4.38181940135786,-3.791399619586264,1.7098403420858872,3.1798392707227703,2.4726217861649946,3.003912506479743,-0.3392415603938489,1.815770956014098,0.2086137703700644,2.5002641287197003
33.0,157.0,1000.5426635742188,-4.38181940135786,-3.791399619586264,1.7098403418358257,3.1798392707227703,2.472621786164998,3.0039125064787875,-0.3392415608565374,1.8157710638618536,0.2086096134796357,2.5002641287197003
33.0,157.0,1000.5426635742188,-4.38181940135786,-3.791399619586264,1.7098403369913302,3.1798392707227703,2.472621786164998,3.003912506545278,-0.339241560835797,1.8157740448115096,0.208617073547373,2.5002641287197003
33.0,157.0,1000.5426635742188,-4.38181940135786,-3.791399619586264,1.7098404241413665,3.1798392707091625,2.4726217861650017,3.0036700573420245,-0.3392415624638425,1.8157705373867008,0.2086900095511636,2.5002641287197003
33.0,157.0,1000.5426635742188,-4.38181940135786,-3.791399619586264,1.709840342093618,3.179839270722764,2.472621786164984,3.0039125064793617,-0.339241560393634,1.815770955111256,0.2086137703700644,2.5002641287197003
33.0,157.0,1000.5426635742188,-4.38181940135786,-3.791399619586264,1.709840346977422,3.1798392707227703,2.4726217861650017,3.0039125065404764,-0.339241560836643,1.8157707272275792,0.208614947584383,2.5002641287197003
33.0,157.0,1000.5426635742188,-4.38181940135786,-3.791399619586264,1.7098403451711213,3.1798392707227703,2.4726217861649986,3.0039125064771706,-0.3392415608368561,1.8157709439508591,0.2086218316519392,2.5002641287197003
33.0,157.0,1000.5426635742188,-4.38181940135786,-3.791399619586264,1.7098403451711213,3.1798392707227703,2.4726217861649986,3.0039125065498107,-0.3392415608374822,1.81577396585779,0.2086209675726666,2.5002641287197003
33.0,157.0,1000.5426635742188,-4.38181940135786,-3.791399619586264,1.7098404294414218,3.1798392707227703,2.4726217861648627,3.003912506546678,-0.339241560822101,1.8157709437487664,0.2086108575645655,2.5002641287197003
33.0,157.0,1000.5426635742188,-4.38181940135786,-3.791399619586264,1.70984034222644,3.1798392707227703,2.472621786164998,3.0039125064769743,-0.3392415608569093,1.815770727777318,0.2086087494003631,2.5002641287197003
33.0,157.0,1000.5426635742188,-4.38181940135786,-3.791399619586264,1.7098403453462148,3.1798392707227703,2.472621786164862,3.0039125064797374,-0.3392415603632118,1.8157711073599447,0.2086137703700644,2.5002641287197003
33.0,157.0,1000.5426635742188,-4.38181940135786,-3.791399619586264,1.7098403429570013,3.17983927072298,2.4726217861649946,3.003912506479724,-0.339241560343312,1.8157710043950883,0.2086043829519583,2.5002641287197003
33.0,157.0,1000.5426635742188,-4.38181940135786,-3.791399619586264,1.7098403470706478,3.1798392707227703,2.472621786164998,3.0039125064787875,-0.3392415608569192,1.815770703959135,0.2086096134796357,2.5002641287197003
33.0,157.0,1000.5426635742188,-4.38181940135786,-3.791399619586264,1.7098403399388495,3.1798392707227703,2.4726217861649946,3.003887480553843,-0.3392415608082776,1.815770956014098,0.2086162280425575,2.5002641287197003
33.0,157.0,1000.5426635742188,-4.38181940135786,-3.791399619586264,1.7098403377057534,3.1798392707227783,2.4726217861649835,3.003912506481615,-0.339241560848449,1.8157705510837705,0.2086043829519583,2.5002641287197003
33.0,157.0,1000.5426635742188,-4.38181940135786,-3.791399619586264,1.7098403451711075,3.1798392707227703,2.472621786164862,3.003912506477004,-0.3392415609072455,1.8157711073599447,0.2086136411362861,2.5002641287197003
33.0,157.0,1000.5426635742188,-4.38181940135786,-3.791399619586264,1.7098404294414218,3.1798392707227703,2.4726217861648627,3.003912506545746,-0.339241560822101,1.815774429306987,0.2086108575645655,2.5002641287197003
33.0,157.0,1000.5426635742188,-4.38181940135786,-3.791399619586264,1.7098403451711213,3.1798392707227703,2.4726217861649986,3.0039125065498107,-0.3392415608371104,1.815770944305728,0.2086218316519392,2.5002641287197003
33.0,157.0,1000.5426635742188,-4.38181940135786,-3.791399619586264,1.7098403418964163,3.1798392707227703,2.472621786164854,3.0039125064797374,-0.3392415608089588,1.8157711073599447,0.2086137703700644,2.5002641287197003
33.0,157.0,1000.5426635742188,-4.38181940135786,-3.791399619586264,1.7098403365786186,3.1798392707227703,2.4726217861650004,3.0039125064761536,-0.339241560835797,1.815774253220926,0.208617073547373,2.5002641287197003
33.0,157.0,1000.5426635742188,-4.38181940135786,-3.791399619586264,1.709840346977422,3.1798392707227703,2.4726217861650017,3.0039125065404764,-0.3392415608375337,1.8157708252903773,0.2086149329077825,2.5002641287197003
33.0,157.0,1000.5426635742188,-4.38181940135786,-3.791399619586264,1.7098403468847243,3.1798392707227703,2.4726217861649986,3.0039125065498107,-0.3392415608366461,1.8157709439508591,0.2086218316519392,2.5002641287197003
33.0,157.0,1000.5426635742188,-4.38181940135786,-3.791399619586264,1.7098403420858872,3.1798392707227703,2.472621786164862,3.003912506479743,-0.3392415603938489,1.8157709588932804,0.2086214126509995,2.5002641287197003
33.0,157.0,1000.5426635742188,-4.38181940135786,-3.791399619586264,1.7098403451711213,3.1798392707227703,2.4726217861649986,3.003912506479196,-0.3392415608371104,1.815771096252931,0.2086218316519392,2.5002641287197003
33.0,157.0,1000.5426635742188,-4.38181940135786,-3.791399619586264,1.7098403418381916,3.1798392707227703,2.472621786165009,3.0039125064787875,-0.3392415603822963,1.8157710600555192,0.2086096134796357,2.5002641287197003
33.0,157.0,1000.5426635742188,-4.38181940135786,-3.791399619586264,1.7098403424985986,3.1798392707227703,2.472621786164859,3.003912506548868,-0.3392415603632118,1.815770761847328,0.2086137703700644,2.5002641287197003
33.0,157.0,1000.5426635742188,-4.38181940135786,-3.791399619586264,1.7098404410901251,3.1798392707227703,2.472621786164862,3.003912506476877,-0.3392415608257301,1.8157745042095337,0.2086137703700644,2.5002641287197003
33.0,157.0,1000.5426635742188,-4.38181940135786,-3.791399619586264,1.7098404304779011,3.1798392707227703,2.4726217861649995,3.003912506476877,-0.3392415603632118,1.8157744349391345,0.2086137703700644,2.5002641287197003
33.0,157.0,1000.5426635742188,-4.38181940135786,-3.791399619586264,1.7098403418358257,3.1798392707227703,2.472621786164998,3.0039125064787875,-0.3392415608569093,1.8157740857687843,0.2086087494003631,2.5002641287197003
33.0,157.0,1000.5426635742188,-4.38181940135786,-3.791399619586264,1.7098404241413665,3.179839270722367,2.4726217861650017,3.003908785021258,-0.3392415624638425,1.8157705373867008,0.2086152696550108,2.5002641287197003
33.0,157.0,1000.5426635742188,-4.38181940135786,-3.791399619586264,1.7098404410901251,3.1798392707227703,2.472621786164862,3.003912506476877,-0.3392415608188261,1.8157744485262013,0.2086137703700644,2.5002641287197003
33.0,157.0,1000.5426635742188,-4.38181940135786,-3.791399619586264,1.7098403418358257,3.1798392707227703,2.472621786164998,3.0039125064787875,-0.3392415608565374,1.8157710638618536,0.2086096134796357,2.5002641287197003
33.0,157.0,1000.5426635742188,-4.38181940135786,-3.791399619586264,1.7098403420858872,3.1798392707227703,2.4726217861648627,3.003912506477928,-0.3392415603632118,1.8157706898093904,0.2086137197542424,2.5002641287197003
33.0,157.0,1000.5426635742188,-4.38181940135786,-3.791399619586264,1.7098403451711213,3.1798392707227703,2.4726217861649835,3.003912506479196,-0.3392415608372688,1.8157710966078,0.2086219212865363,2.5002641287197003
33.0,157.0,1000.5426635742188,-4.38181940135786,-3.791399619586264,1.7098403397433517,3.1798392707227703,2.4726217861649946,3.00388736203231,-0.3392415608082776,1.815770566174972,0.2086181017453096,2.5002641287197003
33.0,157.0,1000.5426635742188,-4.38181940135786,-3.791399619586264,1.7098404435893313,3.1798392707227703,2.472621786164859,3.003912506548868,-0.3392415608452854,1.8157745943329544,0.2086137703700644,2.5002641287197003
33.0,158.0,1000.5426025390624,-4.38181940135786,-3.791399619586264,1.7098404294414218,3.179839270708765,2.47262178616488,3.003668488078424,-0.339241562270528,1.8157726510338543,0.2086230390980571,2.5002641287197003
33.0,158.0,1000.5426025390624,-4.38181940135786,-3.791399619586264,1.7098403353941622,3.179839270708793,2.472621786164863,3.003677791959784,-0.3392415623558534,1.8157727856240613,0.2086136569841203,2.5002641287197003
33.0,158.0,1000.5426025390624,-4.38181940135786,-3.791399619586264,1.7098404294414218,3.179839270708765,2.472621786164881,3.003668488078424,-0.3392415622479929,1.8157726510338543,0.2086230390980571,2.5002641287197003
33.0,158.0,1000.5426025390624,-4.38181940135786,-3.791399619586264,1.7098404294414218,3.179839270708765,2.472621786164881,3.003668488078424,-0.3392415622701736,1.8157726510338543,0.2086230390980571,2.5002641287197003
33.0,158.0,1000.5426025390624,-4.38181940135786,-3.791399619586264,1.7098404294414218,3.179839270708765,2.47262178616488,3.003668488078424,-0.3392415622483473,1.8157726510338543,0.2086230390980571,2.5002641287197003
33.0,158.0,1000.5426635742188,-4.38181940135786,-3.791399619586264,1.7098403420858872,3.1798392707227703,2.472621786164862,3.003912506476877,-0.3392415603632118,1.815774443805149,0.2086137703700644,2.5002641287197003
33.0,158.0,1000.5426635742188,-4.38181940135786,-3.791399619586264,1.7098403451711213,3.1798392707227703,2.4726217861649986,3.003912506479196,-0.3392415608371104,1.8157710966078,0.2086218316519392,2.5002641287197003
33.0,158.0,1000.5426635742188,-4.38181940135786,-3.791399619586264,1.7098403420858872,3.1798392707227703,2.472621786164862,3.003912506479743,-0.3392415603632118,1.815770970256744,0.2086137703700644,2.5002641287197003
33.0,158.0,1000.5426635742188,-4.38181940135786,-3.791399619586264,1.7098403420858872,3.1798392707227703,2.472621786164862,3.003912506479743,-0.3392415603938489,1.8157709588932804,0.2086137703700644,2.5002641287197003
33.0,158.0,1000.5426635742188,-4.38181940135786,-3.791399619586264,1.7098403420858872,3.1798392707227703,2.472621786164998,3.003912506476877,-0.339241560835797,1.8157740857687843,0.2086137703700644,2.5002641287197003
33.0,158.0,1000.5426635742188,-4.38181940135786,-3.791399619586264,1.7098403420858872,3.1798392707227703,2.472621786164862,3.0039125064768406,-0.3392415603632118,1.815774443805149,0.2086137703700644,2.5002641287197003
33.0,158.0,1000.5426635742188,-4.38181940135786,-3.791399619586264,1.7098403418358257,3.1798392707227703,2.472621786164998,3.0039125064787875,-0.3392415608569093,1.8157740857687843,0.2086087494003631,2.5002641287197003
33.0,158.0,1000.5426635742188,-4.38181940135786,-3.791399619586264,1.709840346977422,3.1798392707227703,2.4726217861650017,3.0039125065404764,-0.339241560836643,1.8157707279634336,0.208614947584383,2.5002641287197003
33.0,158.0,1000.5426635742188,-4.38181940135786,-3.791399619586264,1.7098403451711213,3.1798392707227703,2.4726217861649986,3.0039125065498107,-0.3392415608371104,1.8157709439508591,0.2086218316519392,2.5002641287197003
33.0,158.0,1000.5426635742188,-4.38181940135786,-3.791399619586264,1.709840342964732,3.179839270722973,2.4726217861649835,3.0039125064793426,-0.3392415603430971,1.815771003492246,0.2086043829519583,2.5002641287197003
33.0,158.0,1000.5426635742188,-4.38181940135786,-3.791399619586264,1.7098403420858872,3.1798392707227703,2.472621786164862,3.003912506476877,-0.3392415603939627,1.815774443805149,0.2086137703700644,2.5002641287197003
33.0,158.0,1000.5426635742188,-4.38181940135786,-3.791399619586264,1.7098403420858872,3.1798392707227703,2.4726217861649946,3.003912506479743,-0.3392415603938489,1.815770956014098,0.2086137703700644,2.5002641287197003
33.0,158.0,1000.5426635742188,-4.38181940135786,-3.791399619586264,1.7098403418358257,3.1798392707227703,2.472621786164998,3.0039125064787875,-0.3392415608565374,1.8157710638618536,0.2086096134796357,2.5002641287197003
33.0,158.0,1000.5426635742188,-4.38181940135786,-3.791399619586264,1.7098403369913302,3.1798392707227703,2.472621786164998,3.003912506545278,-0.339241560835797,1.8157740448115096,0.208617073547373,2.5002641287197003
33.0,158.0,1000.5426635742188,-4.38181940135786,-3.791399619586264,1.7098404241413665,3.1798392707091625,2.4726217861650017,3.0036700573420245,-0.3392415624638425,1.8157705373867008,0.2086900095511636,2.5002641287197003
33.0,158.0,1000.5426635742188,-4.38181940135786,-3.791399619586264,1.709840342093618,3.179839270722764,2.472621786164984,3.0039125064793617,-0.339241560393634,1.815770955111256,0.2086137703700644,2.5002641287197003
33.0,158.0,1000.5426635742188,-4.38181940135786,-3.791399619586264,1.709840346977422,3.1798392707227703,2.4726217861650017,3.0039125065404764,-0.339241560836643,1.8157707272275792,0.208614947584383,2.5002641287197003
33.0,158.0,1000.5426635742188,-4.38181940135786,-3.791399619586264,1.7098403451711213,3.1798392707227703,2.4726217861649986,3.0039125064771706,-0.3392415608368561,1.8157709439508591,0.2086218316519392,2.5002641287197003
33.0,158.0,1000.5426635742188,-4.38181940135786,-3.791399619586264,1.7098403451711213,3.1798392707227703,2.4726217861649986,3.0039125065498107,-0.3392415608374822,1.81577396585779,0.2086209675726666,2.5002641287197003
33.0,158.0,1000.5426635742188,-4.38181940135786,-3.791399619586264,1.7098404294414218,3.1798392707227703,2.4726217861648627,3.003912506546678,-0.339241560822101,1.8157709437487664,0.2086108575645655,2.5002641287197003
33.0,158.0,1000.5426635742188,-4.38181940135786,-3.791399619586264,1.70984034222644,3.1798392707227703,2.472621786164998,3.0039125064769743,-0.3392415608569093,1.815770727777318,0.2086087494003631,2.5002641287197003
33.0,158.0,1000.5426635742188,-4.38181940135786,-3.791399619586264,1.7098403453462148,3.1798392707227703,2.472621786164862,3.0039125064797374,-0.3392415603632118,1.8157711073599447,0.2086137703700644,2.5002641287197003
33.0,158.0,1000.5426635742188,-4.38181940135786,-3.791399619586264,1.7098403429570013,3.17983927072298,2.4726217861649946,3.003912506479724,-0.339241560343312,1.8157710043950883,0.2086043829519583,2.5002641287197003
33.0,158.0,1000.5426635742188,-4.38181940135786,-3.791399619586264,1.7098403470706478,3.1798392707227703,2.472621786164998,3.0039125064787875,-0.3392415608569192,1.815770703959135,0.2086096134796357,2.5002641287197003
33.0,158.0,1000.5426635742188,-4.38181940135786,-3.791399619586264,1.7098403399388495,3.1798392707227703,2.4726217861649946,3.003887480553843,-0.3392415608082776,1.815770956014098,0.2086162280425575,2.5002641287197003
33.0,158.0,1000.5426635742188,-4.38181940135786,-3.791399619586264,1.7098403377057534,3.1798392707227783,2.4726217861649835,3.003912506481615,-0.339241560848449,1.8157705510837705,0.2086043829519583,2.5002641287197003
33.0,158.0,1000.5426635742188,-4.38181940135786,-3.791399619586264,1.7098403451711075,3.1798392707227703,2.472621786164862,3.003912506477004,-0.3392415609072455,1.8157711073599447,0.2086136411362861,2.5002641287197003
33.0,158.0,1000.5426635742188,-4.38181940135786,-3.791399619586264,1.7098404294414218,3.1798392707227703,2.4726217861648627,3.003912506545746,-0.339241560822101,1.815774429306987,0.2086108575645655,2.5002641287197003
33.0,158.0,1000.5426635742188,-4.38181940135786,-3.791399619586264,1.7098403451711213,3.1798392707227703,2.4726217861649986,3.0039125065498107,-0.3392415608371104,1.815770944305728,0.2086218316519392,2.5002641287197003
33.0,158.0,1000.5426635742188,-4.38181940135786,-3.791399619586264,1.7098403418964163,3.1798392707227703,2.472621786164854,3.0039125064797374,-0.3392415608089588,1.8157711073599447,0.2086137703700644,2.5002641287197003
33.0,158.0,1000.5426635742188,-4.38181940135786,-3.791399619586264,1.7098403365786186,3.1798392707227703,2.4726217861650004,3.0039125064761536,-0.339241560835797,1.815774253220926,0.208617073547373,2.5002641287197003
33.0,158.0,1000.5426635742188,-4.38181940135786,-3.791399619586264,1.709840346977422,3.1798392707227703,2.4726217861650017,3.0039125065404764,-0.3392415608375337,1.8157708252903773,0.2086149329077825,2.5002641287197003
33.0,158.0,1000.5426635742188,-4.38181940135786,-3.791399619586264,1.7098403468847243,3.1798392707227703,2.4726217861649986,3.0039125065498107,-0.3392415608366461,1.8157709439508591,0.2086218316519392,2.5002641287197003
33.0,158.0,1000.5426635742188,-4.38181940135786,-3.791399619586264,1.7098403420858872,3.1798392707227703,2.472621786164862,3.003912506479743,-0.3392415603938489,1.8157709588932804,0.2086214126509995,2.5002641287197003
33.0,158.0,1000.5426635742188,-4.38181940135786,-3.791399619586264,1.7098403451711213,3.1798392707227703,2.4726217861649986,3.003912506479196,-0.3392415608371104,1.815771096252931,0.2086218316519392,2.5002641287197003
33.0,158.0,1000.5426635742188,-4.38181940135786,-3.791399619586264,1.7098403418381916,3.1798392707227703,2.472621786165009,3.0039125064787875,-0.3392415603822963,1.8157710600555192,0.2086096134796357,2.5002641287197003
33.0,158.0,1000.5426635742188,-4.38181940135786,-3.791399619586264,1.7098403424985986,3.1798392707227703,2.472621786164859,3.003912506548868,-0.3392415603632118,1.815770761847328,0.2086137703700644,2.5002641287197003
33.0,158.0,1000.5426635742188,-4.38181940135786,-3.791399619586264,1.7098404410901251,3.1798392707227703,2.472621786164862,3.003912506476877,-0.3392415608257301,1.8157745042095337,0.2086137703700644,2.5002641287197003
33.0,158.0,1000.5426635742188,-4.38181940135786,-3.791399619586264,1.7098404304779011,3.1798392707227703,2.4726217861649995,3.003912506476877,-0.3392415603632118,1.8157744349391345,0.2086137703700644,2.5002641287197003
33.0,158.0,1000.5426635742188,-4.38181940135786,-3.791399619586264,1.7098403418358257,3.1798392707227703,2.472621786164998,3.0039125064787875,-0.3392415608569093,1.8157740857687843,0.2086087494003631,2.5002641287197003
33.0,158.0,1000.5426635742188,-4.38181940135786,-3.791399619586264,1.7098404241413665,3.179839270722367,2.4726217861650017,3.003908785021258,-0.3392415624638425,1.8157705373867008,0.2086152696550108,2.5002641287197003
33.0,158.0,1000.5426635742188,-4.38181940135786,-3.791399619586264,1.7098404410901251,3.1798392707227703,2.472621786164862,3.003912506476877,-0.3392415608188261,1.8157744485262013,0.2086137703700644,2.5002641287197003
33.0,158.0,1000.5426635742188,-4.38181940135786,-3.791399619586264,1.7098403418358257,3.1798392707227703,2.472621786164998,3.0039125064787875,-0.3392415608565374,1.8157710638618536,0.2086096134796357,2.5002641287197003
33.0,158.0,1000.5426635742188,-4.38181940135786,-3.791399619586264,1.7098403420858872,3.1798392707227703,2.4726217861648627,3.003912506477928,-0.3392415603632118,1.8157706898093904,0.2086137197542424,2.5002641287197003
33.0,158.0,1000.5426635742188,-4.38181940135786,-3.791399619586264,1.7098403451711213,3.1798392707227703,2.4726217861649835,3.003912506479196,-0.3392415608372688,1.8157710966078,0.2086219212865363,2.5002641287197003
33.0,159.0,1000.5426025390624,-4.38181940135786,-3.791399619586264,1.7098404294414218,3.179839270708765,2.47262178616488,3.003668488078424,-0.339241562270528,1.8157726510338543,0.2086230390980571,2.5002641287197003
33.0,159.0,1000.5426025390624,-4.38181940135786,-3.791399619586264,1.7098403353941622,3.179839270708793,2.472621786164863,3.003677791959784,-0.3392415623558534,1.8157727856240613,0.2086136569841203,2.5002641287197003
33.0,159.0,1000.5426025390624,-4.38181940135786,-3.791399619586264,1.7098404294414218,3.179839270708765,2.472621786164881,3.003668488078424,-0.3392415622479929,1.8157726510338543,0.2086230390980571,2.5002641287197003
33.0,159.0,1000.5426025390624,-4.38181940135786,-3.791399619586264,1.7098404294414218,3.179839270708765,2.472621786164881,3.003668488078424,-0.3392415622701736,1.8157726510338543,0.2086230390980571,2.5002641287197003
33.0,159.0,1000.5426025390624,-4.38181940135786,-3.791399619586264,1.7098404294414218,3.179839270708765,2.47262178616488,3.003668488078424,-0.3392415622483473,1.8157726510338543,0.2086230390980571,2.5002641287197003
33.0,159.0,1000.5426025390624,-4.38181940135786,-3.791399619586264,1.7098404294414218,3.1798392707086403,2.4726217861648787,3.0036654808814074,-0.3392415622941276,1.8157726510338543,0.2086045853392703,2.5002641287197003
33.0,159.0,1000.5426025390624,-4.38181940135786,-3.791399619586264,1.7098404294414218,3.179839270708765,2.47262178616488,3.003668488078424,-0.339241562270528,1.8157726510338543,0.2086230390980571,2.5002641287197003
33.0,159.0,1000.5426025390624,-4.38181940135786,-3.791399619586264,1.7098403353941622,3.179839270708793,2.472621786164863,3.003677791959784,-0.3392415602942843,1.8157709700682927,0.208613768635581,2.5002641287197003
33.0,159.0,1000.5426025390624,-4.38181940135786,-3.791399619586264,1.7098404410901251,3.179839270708574,2.472621786164862,3.003660757198738,-0.3392415621750908,1.8157744485262013,0.2086137703700644,2.5002641287197003
33.0,159.0,1000.5426025390624,-4.38181940135786,-3.791399619586264,1.7098404294414218,3.179839270708765,2.47262178616488,3.003668488078424,-0.339241562270528,1.8157726510338543,0.2086230390980571,2.5002641287197003
33.0,159.0,1000.5426635742188,-4.38181940135786,-3.791399619586264,1.7098403420858872,3.1798392707227703,2.472621786164862,3.003912506476877,-0.3392415603632118,1.815774443805149,0.2086137703700644,2.5002641287197003
33.0,159.0,1000.5426635742188,-4.38181940135786,-3.791399619586264,1.7098403451711213,3.1798392707227703,2.4726217861649986,3.003912506479196,-0.3392415608371104,1.8157710966078,0.2086218316519392,2.5002641287197003
33.0,159.0,1000.5426635742188,-4.38181940135786,-3.791399619586264,1.7098403420858872,3.1798392707227703,2.472621786164862,3.003912506479743,-0.3392415603632118,1.815770970256744,0.2086137703700644,2.5002641287197003
33.0,159.0,1000.5426635742188,-4.38181940135786,-3.791399619586264,1.7098403420858872,3.1798392707227703,2.472621786164862,3.003912506479743,-0.3392415603938489,1.8157709588932804,0.2086137703700644,2.5002641287197003
33.0,159.0,1000.5426635742188,-4.38181940135786,-3.791399619586264,1.7098403420858872,3.1798392707227703,2.472621786164998,3.003912506476877,-0.339241560835797,1.8157740857687843,0.2086137703700644,2.5002641287197003
33.0,159.0,1000.5426635742188,-4.38181940135786,-3.791399619586264,1.7098403420858872,3.1798392707227703,2.472621786164862,3.0039125064768406,-0.3392415603632118,1.815774443805149,0.2086137703700644,2.5002641287197003
33.0,159.0,1000.5426635742188,-4.38181940135786,-3.791399619586264,1.7098403418358257,3.1798392707227703,2.472621786164998,3.0039125064787875,-0.3392415608569093,1.8157740857687843,0.2086087494003631,2.5002641287197003
33.0,159.0,1000.5426635742188,-4.38181940135786,-3.791399619586264,1.709840346977422,3.1798392707227703,2.4726217861650017,3.0039125065404764,-0.339241560836643,1.8157707279634336,0.208614947584383,2.5002641287197003
33.0,159.0,1000.5426635742188,-4.38181940135786,-3.791399619586264,1.7098403451711213,3.1798392707227703,2.4726217861649986,3.0039125065498107,-0.3392415608371104,1.8157709439508591,0.2086218316519392,2.5002641287197003
33.0,159.0,1000.5426635742188,-4.38181940135786,-3.791399619586264,1.709840342964732,3.179839270722973,2.4726217861649835,3.0039125064793426,-0.3392415603430971,1.815771003492246,0.2086043829519583,2.5002641287197003
33.0,159.0,1000.5426635742188,-4.38181940135786,-3.791399619586264,1.7098403420858872,3.1798392707227703,2.472621786164862,3.003912506476877,-0.3392415603939627,1.815774443805149,0.2086137703700644,2.5002641287197003
33.0,159.0,1000.5426635742188,-4.38181940135786,-3.791399619586264,1.7098403420858872,3.1798392707227703,2.4726217861649946,3.003912506479743,-0.3392415603938489,1.815770956014098,0.2086137703700644,2.5002641287197003
33.0,159.0,1000.5426635742188,-4.38181940135786,-3.791399619586264,1.7098403418358257,3.1798392707227703,2.472621786164998,3.0039125064787875,-0.3392415608565374,1.8157710638618536,0.2086096134796357,2.5002641287197003
33.0,159.0,1000.5426635742188,-4.38181940135786,-3.791399619586264,1.7098403369913302,3.1798392707227703,2.472621786164998,3.003912506545278,-0.339241560835797,1.8157740448115096,0.208617073547373,2.5002641287197003
33.0,159.0,1000.5426635742188,-4.38181940135786,-3.791399619586264,1.7098404241413665,3.1798392707091625,2.4726217861650017,3.0036700573420245,-0.3392415624638425,1.8157705373867008,0.2086900095511636,2.5002641287197003
33.0,159.0,1000.5426635742188,-4.38181940135786,-3.791399619586264,1.709840342093618,3.179839270722764,2.472621786164984,3.0039125064793617,-0.339241560393634,1.815770955111256,0.2086137703700644,2.5002641287197003
33.0,159.0,1000.5426635742188,-4.38181940135786,-3.791399619586264,1.709840346977422,3.1798392707227703,2.4726217861650017,3.0039125065404764,-0.339241560836643,1.8157707272275792,0.208614947584383,2.5002641287197003
33.0,159.0,1000.5426635742188,-4.38181940135786,-3.791399619586264,1.7098403451711213,3.1798392707227703,2.4726217861649986,3.0039125064771706,-0.3392415608368561,1.8157709439508591,0.2086218316519392,2.5002641287197003
33.0,159.0,1000.5426635742188,-4.38181940135786,-3.791399619586264,1.7098403451711213,3.1798392707227703,2.4726217861649986,3.0039125065498107,-0.3392415608374822,1.81577396585779,0.2086209675726666,2.5002641287197003
33.0,159.0,1000.5426635742188,-4.38181940135786,-3.791399619586264,1.7098404294414218,3.1798392707227703,2.4726217861648627,3.003912506546678,-0.339241560822101,1.8157709437487664,0.2086108575645655,2.5002641287197003
33.0,159.0,1000.5426635742188,-4.38181940135786,-3.791399619586264,1.70984034222644,3.1798392707227703,2.472621786164998,3.0039125064769743,-0.3392415608569093,1.815770727777318,0.2086087494003631,2.5002641287197003
33.0,159.0,1000.5426635742188,-4.38181940135786,-3.791399619586264,1.7098403453462148,3.1798392707227703,2.472621786164862,3.0039125064797374,-0.3392415603632118,1.8157711073599447,0.2086137703700644,2.5002641287197003
33.0,159.0,1000.5426635742188,-4.38181940135786,-3.791399619586264,1.7098403429570013,3.17983927072298,2.4726217861649946,3.003912506479724,-0.339241560343312,1.8157710043950883,0.2086043829519583,2.5002641287197003
33.0,159.0,1000.5426635742188,-4.38181940135786,-3.791399619586264,1.7098403470706478,3.1798392707227703,2.472621786164998,3.0039125064787875,-0.3392415608569192,1.815770703959135,0.2086096134796357,2.5002641287197003
33.0,159.0,1000.5426635742188,-4.38181940135786,-3.791399619586264,1.7098403399388495,3.1798392707227703,2.4726217861649946,3.003887480553843,-0.3392415608082776,1.815770956014098,0.2086162280425575,2.5002641287197003
33.0,159.0,1000.5426635742188,-4.38181940135786,-3.791399619586264,1.7098403377057534,3.1798392707227783,2.4726217861649835,3.003912506481615,-0.339241560848449,1.8157705510837705,0.2086043829519583,2.5002641287197003
33.0,159.0,1000.5426635742188,-4.38181940135786,-3.791399619586264,1.7098403451711075,3.1798392707227703,2.472621786164862,3.003912506477004,-0.3392415609072455,1.8157711073599447,0.2086136411362861,2.5002641287197003
33.0,159.0,1000.5426635742188,-4.38181940135786,-3.791399619586264,1.7098404294414218,3.1798392707227703,2.4726217861648627,3.003912506545746,-0.339241560822101,1.815774429306987,0.2086108575645655,2.5002641287197003
33.0,159.0,1000.5426635742188,-4.38181940135786,-3.791399619586264,1.7098403451711213,3.1798392707227703,2.4726217861649986,3.0039125065498107,-0.3392415608371104,1.815770944305728,0.2086218316519392,2.5002641287197003
33.0,159.0,1000.5426635742188,-4.38181940135786,-3.791399619586264,1.7098403418964163,3.1798392707227703,2.472621786164854,3.0039125064797374,-0.3392415608089588,1.8157711073599447,0.2086137703700644,2.5002641287197003
33.0,159.0,1000.5426635742188,-4.38181940135786,-3.791399619586264,1.7098403365786186,3.1798392707227703,2.4726217861650004,3.0039125064761536,-0.339241560835797,1.815774253220926,0.208617073547373,2.5002641287197003
33.0,159.0,1000.5426635742188,-4.38181940135786,-3.791399619586264,1.709840346977422,3.1798392707227703,2.4726217861650017,3.0039125065404764,-0.3392415608375337,1.8157708252903773,0.2086149329077825,2.5002641287197003
33.0,159.0,1000.5426635742188,-4.38181940135786,-3.791399619586264,1.7098403468847243,3.1798392707227703,2.4726217861649986,3.0039125065498107,-0.3392415608366461,1.8157709439508591,0.2086218316519392,2.5002641287197003
33.0,159.0,1000.5426635742188,-4.38181940135786,-3.791399619586264,1.7098403420858872,3.1798392707227703,2.472621786164862,3.003912506479743,-0.3392415603938489,1.8157709588932804,0.2086214126509995,2.5002641287197003
33.0,159.0,1000.5426635742188,-4.38181940135786,-3.791399619586264,1.7098403451711213,3.1798392707227703,2.4726217861649986,3.003912506479196,-0.3392415608371104,1.815771096252931,0.2086218316519392,2.5002641287197003
33.0,159.0,1000.5426635742188,-4.38181940135786,-3.791399619586264,1.7098403418381916,3.1798392707227703,2.472621786165009,3.0039125064787875,-0.3392415603822963,1.8157710600555192,0.2086096134796357,2.5002641287197003
33.0,159.0,1000.5426635742188,-4.38181940135786,-3.791399619586264,1.7098403424985986,3.1798392707227703,2.472621786164859,3.003912506548868,-0.3392415603632118,1.815770761847328,0.2086137703700644,2.5002641287197003
33.0,159.0,1000.5426635742188,-4.38181940135786,-3.791399619586264,1.7098404410901251,3.1798392707227703,2.472621786164862,3.003912506476877,-0.3392415608257301,1.8157745042095337,0.2086137703700644,2.5002641287197003
33.0,159.0,1000.5426635742188,-4.38181940135786,-3.791399619586264,1.7098404304779011,3.1798392707227703,2.4726217861649995,3.003912506476877,-0.3392415603632118,1.8157744349391345,0.2086137703700644,2.5002641287197003
33.0,159.0,1000.5426635742188,-4.38181940135786,-3.791399619586264,1.7098403418358257,3.1798392707227703,2.472621786164998,3.0039125064787875,-0.3392415608569093,1.8157740857687843,0.2086087494003631,2.5002641287197003
33.0,160.0,1000.5426025390624,-4.38181940135786,-3.791399619586264,1.7098404294414218,3.179839270708765,2.47262178616488,3.003668488078424,-0.339241562270528,1.8157726510338543,0.2086230390980571,2.5002641287197003
33.0,160.0,1000.5426025390624,-4.38181940135786,-3.791399619586264,1.7098403353941622,3.179839270708793,2.472621786164863,3.003677791959784,-0.3392415623558534,1.8157727856240613,0.2086136569841203,2.5002641287197003
33.0,160.0,1000.5426025390624,-4.38181940135786,-3.791399619586264,1.7098404294414218,3.179839270708765,2.472621786164881,3.003668488078424,-0.3392415622479929,1.8157726510338543,0.2086230390980571,2.5002641287197003
33.0,160.0,1000.5426025390624,-4.38181940135786,-3.791399619586264,1.7098404294414218,3.179839270708765,2.472621786164881,3.003668488078424,-0.3392415622701736,1.8157726510338543,0.2086230390980571,2.5002641287197003
33.0,160.0,1000.5426025390624,-4.38181940135786,-3.791399619586264,1.7098404294414218,3.179839270708765,2.47262178616488,3.003668488078424,-0.3392415622483473,1.8157726510338543,0.2086230390980571,2.5002641287197003
33.0,160.0,1000.5426025390624,-4.38181940135786,-3.791399619586264,1.7098404294414218,3.1798392707086403,2.4726217861648787,3.0036654808814074,-0.3392415622941276,1.8157726510338543,0.2086045853392703,2.5002641287197003
33.0,160.0,1000.5426025390624,-4.38181940135786,-3.791399619586264,1.7098404294414218,3.179839270708765,2.47262178616488,3.003668488078424,-0.339241562270528,1.8157726510338543,0.2086230390980571,2.5002641287197003
33.0,160.0,1000.5426025390624,-4.38181940135786,-3.791399619586264,1.7098403353941622,3.179839270708793,2.472621786164863,3.003677791959784,-0.3392415602942843,1.8157709700682927,0.208613768635581,2.5002641287197003
33.0,160.0,1000.5426025390624,-4.38181940135786,-3.791399619586264,1.7098404410901251,3.179839270708574,2.472621786164862,3.003660757198738,-0.3392415621750908,1.8157744485262013,0.2086137703700644,2.5002641287197003
33.0,160.0,1000.5426025390624,-4.38181940135786,-3.791399619586264,1.7098404294414218,3.179839270708765,2.47262178616488,3.003668488078424,-0.339241562270528,1.8157726510338543,0.2086230390980571,2.5002641287197003
33.0,160.0,1000.5426025390624,-4.38181940135786,-3.791399619586264,1.7098404410901251,3.179839270708817,2.472621786164862,3.003660757198738,-0.3392415621750908,1.8157744485262013,0.2086137238544499,2.5002641287197003
33.0,160.0,1000.5426025390624,-4.38181940135786,-3.791399619586264,1.7098403420858872,3.179839270709712,2.472621786164862,3.0036676782153937,-0.3392415621850866,1.815770970256744,0.2086143502420084,2.5002641287197003
33.0,160.0,1000.5426025390624,-4.38181940135786,-3.791399619586264,1.7098404294414218,3.179839270708765,2.4726217861648627,3.003668488078424,-0.339241562270528,1.8157726510338543,0.2086230390980571,2.5002641287197003
33.0,160.0,1000.5426025390624,-4.38181940135786,-3.791399619586264,1.7098403353941622,3.179839270708793,2.472621786164863,3.003677791959784,-0.3392415602942843,1.8157726460146384,0.208613768635581,2.5002641287197003
33.0,160.0,1000.5426025390624,-4.38181940135786,-3.791399619586264,1.7098403369228028,3.179839270708793,2.4726217861648467,3.003677791959784,-0.3392415623558534,1.8157727856240613,0.2086136569841203,2.5002641287197003
33.0,160.0,1000.5426025390624,-4.38181940135786,-3.791399619586264,1.7098404294414218,3.179839270708765,2.47262178616488,3.003668488078424,-0.339241561110106,1.815772619295396,0.2086223076305391,2.5002641287197003
33.0,160.0,1000.5426025390624,-4.38181940135786,-3.791399619586264,1.7098404302970067,3.1798392707221392,2.4726217861649955,3.003668488078424,-0.3392415622701736,1.8157726510338543,0.2086230390980571,2.5002641287197003
33.0,160.0,1000.5426635742188,-4.38181940135786,-3.791399619586264,1.7098403420858872,3.1798392707227703,2.472621786164862,3.003912506476877,-0.3392415603632118,1.815774443805149,0.2086137703700644,2.5002641287197003
33.0,160.0,1000.5426635742188,-4.38181940135786,-3.791399619586264,1.7098403451711213,3.1798392707227703,2.4726217861649986,3.003912506479196,-0.3392415608371104,1.8157710966078,0.2086218316519392,2.5002641287197003
33.0,160.0,1000.5426635742188,-4.38181940135786,-3.791399619586264,1.7098403420858872,3.1798392707227703,2.472621786164862,3.003912506479743,-0.3392415603632118,1.815770970256744,0.2086137703700644,2.5002641287197003
33.0,160.0,1000.5426635742188,-4.38181940135786,-3.791399619586264,1.7098403420858872,3.1798392707227703,2.472621786164862,3.003912506479743,-0.3392415603938489,1.8157709588932804,0.2086137703700644,2.5002641287197003
33.0,160.0,1000.5426635742188,-4.38181940135786,-3.791399619586264,1.7098403420858872,3.1798392707227703,2.472621786164998,3.003912506476877,-0.339241560835797,1.8157740857687843,0.2086137703700644,2.5002641287197003
33.0,160.0,1000.5426635742188,-4.38181940135786,-3.791399619586264,1.7098403420858872,3.1798392707227703,2.472621786164862,3.0039125064768406,-0.3392415603632118,1.815774443805149,0.2086137703700644,2.5002641287197003
33.0,160.0,1000.5426635742188,-4.38181940135786,-3.791399619586264,1.7098403418358257,3.1798392707227703,2.472621786164998,3.0039125064787875,-0.3392415608569093,1.8157740857687843,0.2086087494003631,2.5002641287197003
33.0,160.0,1000.5426635742188,-4.38181940135786,-3.791399619586264,1.709840346977422,3.1798392707227703,2.4726217861650017,3.0039125065404764,-0.339241560836643,1.8157707279634336,0.208614947584383,2.5002641287197003
33.0,160.0,1000.5426635742188,-4.38181940135786,-3.791399619586264,1.7098403451711213,3.1798392707227703,2.4726217861649986,3.0039125065498107,-0.3392415608371104,1.8157709439508591,0.2086218316519392,2.5002641287197003
33.0,160.0,1000.5426635742188,-4.38181940135786,-3.791399619586264,1.709840342964732,3.179839270722973,2.4726217861649835,3.0039125064793426,-0.3392415603430971,1.815771003492246,0.2086043829519583,2.5002641287197003
33.0,160.0,1000.5426635742188,-4.38181940135786,-3.791399619586264,1.7098403420858872,3.1798392707227703,2.472621786164862,3.003912506476877,-0.3392415603939627,1.815774443805149,0.2086137703700644,2.5002641287197003
33.0,160.0,1000.5426635742188,-4.38181940135786,-3.791399619586264,1.7098403420858872,3.1798392707227703,2.4726217861649946,3.003912506479743,-0.3392415603938489,1.815770956014098,0.2086137703700644,2.5002641287197003
33.0,160.0,1000.5426635742188,-4.38181940135786,-3.791399619586264,1.7098403418358257,3.1798392707227703,2.472621786164998,3.0039125064787875,-0.3392415608565374,1.8157710638618536,0.2086096134796357,2.5002641287197003
33.0,160.0,1000.5426635742188,-4.38181940135786,-3.791399619586264,1.7098403369913302,3.1798392707227703,2.472621786164998,3.003912506545278,-0.339241560835797,1.8157740448115096,0.208617073547373,2.5002641287197003
33.0,160.0,1000.5426635742188,-4.38181940135786,-3.791399619586264,1.7098404241413665,3.1798392707091625,2.4726217861650017,3.0036700573420245,-0.3392415624638425,1.8157705373867008,0.2086900095511636,2.5002641287197003
33.0,160.0,1000.5426635742188,-4.38181940135786,-3.791399619586264,1.709840342093618,3.179839270722764,2.472621786164984,3.0039125064793617,-0.339241560393634,1.815770955111256,0.2086137703700644,2.5002641287197003
33.0,160.0,1000.5426635742188,-4.38181940135786,-3.791399619586264,1.709840346977422,3.1798392707227703,2.4726217861650017,3.0039125065404764,-0.339241560836643,1.8157707272275792,0.208614947584383,2.5002641287197003
33.0,160.0,1000.5426635742188,-4.38181940135786,-3.791399619586264,1.7098403451711213,3.1798392707227703,2.4726217861649986,3.0039125064771706,-0.3392415608368561,1.8157709439508591,0.2086218316519392,2.5002641287197003
33.0,160.0,1000.5426635742188,-4.38181940135786,-3.791399619586264,1.7098403451711213,3.1798392707227703,2.4726217861649986,3.0039125065498107,-0.3392415608374822,1.81577396585779,0.2086209675726666,2.5002641287197003
33.0,160.0,1000.5426635742188,-4.38181940135786,-3.791399619586264,1.7098404294414218,3.1798392707227703,2.4726217861648627,3.003912506546678,-0.339241560822101,1.8157709437487664,0.2086108575645655,2.5002641287197003
33.0,160.0,1000.5426635742188,-4.38181940135786,-3.791399619586264,1.70984034222644,3.1798392707227703,2.472621786164998,3.0039125064769743,-0.3392415608569093,1.815770727777318,0.2086087494003631,2.5002641287197003
33.0,160.0,1000.5426635742188,-4.38181940135786,-3.791399619586264,1.7098403453462148,3.1798392707227703,2.472621786164862,3.0039125064797374,-0.3392415603632118,1.8157711073599447,0.2086137703700644,2.5002641287197003
33.0,160.0,1000.5426635742188,-4.38181940135786,-3.791399619586264,1.7098403429570013,3.17983927072298,2.4726217861649946,3.003912506479724,-0.339241560343312,1.8157710043950883,0.2086043829519583,2.5002641287197003
33.0,160.0,1000.5426635742188,-4.38181940135786,-3.791399619586264,1.7098403470706478,3.1798392707227703,2.472621786164998,3.0039125064787875,-0.3392415608569192,1.815770703959135,0.2086096134796357,2.5002641287197003
33.0,160.0,1000.5426635742188,-4.38181940135786,-3.791399619586264,1.7098403399388495,3.1798392707227703,2.4726217861649946,3.003887480553843,-0.3392415608082776,1.815770956014098,0.2086162280425575,2.5002641287197003
33.0,160.0,1000.5426635742188,-4.38181940135786,-3.791399619586264,1.7098403377057534,3.1798392707227783,2.4726217861649835,3.003912506481615,-0.339241560848449,1.8157705510837705,0.2086043829519583,2.5002641287197003
33.0,160.0,1000.5426635742188,-4.38181940135786,-3.791399619586264,1.7098403451711075,3.1798392707227703,2.472621786164862,3.003912506477004,-0.3392415609072455,1.8157711073599447,0.2086136411362861,2.5002641287197003
33.0,160.0,1000.5426635742188,-4.38181940135786,-3.791399619586264,1.7098404294414218,3.1798392707227703,2.4726217861648627,3.003912506545746,-0.339241560822101,1.815774429306987,0.2086108575645655,2.5002641287197003
33.0,160.0,1000.5426635742188,-4.38181940135786,-3.791399619586264,1.7098403451711213,3.1798392707227703,2.4726217861649986,3.0039125065498107,-0.3392415608371104,1.815770944305728,0.2086218316519392,2.5002641287197003
33.0,160.0,1000.5426635742188,-4.38181940135786,-3.791399619586264,1.7098403418964163,3.1798392707227703,2.472621786164854,3.0039125064797374,-0.3392415608089588,1.8157711073599447,0.2086137703700644,2.5002641287197003
33.0,160.0,1000.5426635742188,-4.38181940135786,-3.791399619586264,1.7098403365786186,3.1798392707227703,2.4726217861650004,3.0039125064761536,-0.339241560835797,1.815774253220926,0.208617073547373,2.5002641287197003
33.0,160.0,1000.5426635742188,-4.38181940135786,-3.791399619586264,1.709840346977422,3.1798392707227703,2.4726217861650017,3.0039125065404764,-0.3392415608375337,1.8157708252903773,0.2086149329077825,2.5002641287197003
33.0,160.0,1000.5426635742188,-4.38181940135786,-3.791399619586264,1.7098403468847243,3.1798392707227703,2.4726217861649986,3.0039125065498107,-0.3392415608366461,1.8157709439508591,0.2086218316519392,2.5002641287197003
33.0,161.0,1000.5426025390624,-4.38181940135786,-3.791399619586264,1.7098404294414218,3.179839270708765,2.47262178616488,3.003668488078424,-0.339241562270528,1.8157726510338543,0.2086230390980571,2.5002641287197003
33.0,161.0,1000.5426025390624,-4.38181940135786,-3.791399619586264,1.7098403353941622,3.179839270708793,2.472621786164863,3.003677791959784,-0.3392415623558534,1.8157727856240613,0.2086136569841203,2.5002641287197003
33.0,161.0,1000.5426025390624,-4.38181940135786,-3.791399619586264,1.7098404294414218,3.179839270708765,2.472621786164881,3.003668488078424,-0.3392415622479929,1.8157726510338543,0.2086230390980571,2.5002641287197003
33.0,161.0,1000.5426025390624,-4.38181940135786,-3.791399619586264,1.7098404294414218,3.179839270708765,2.472621786164881,3.003668488078424,-0.3392415622701736,1.8157726510338543,0.2086230390980571,2.5002641287197003
33.0,161.0,1000.5426025390624,-4.38181940135786,-3.791399619586264,1.7098404294414218,3.179839270708765,2.47262178616488,3.003668488078424,-0.3392415622483473,1.8157726510338543,0.2086230390980571,2.5002641287197003
33.0,161.0,1000.5426025390624,-4.38181940135786,-3.791399619586264,1.7098404294414218,3.1798392707086403,2.4726217861648787,3.0036654808814074,-0.3392415622941276,1.8157726510338543,0.2086045853392703,2.5002641287197003
33.0,161.0,1000.5426025390624,-4.38181940135786,-3.791399619586264,1.7098404294414218,3.179839270708765,2.47262178616488,3.003668488078424,-0.339241562270528,1.8157726510338543,0.2086230390980571,2.5002641287197003
33.0,161.0,1000.5426025390624,-4.38181940135786,-3.791399619586264,1.7098403353941622,3.179839270708793,2.472621786164863,3.003677791959784,-0.3392415602942843,1.8157709700682927,0.208613768635581,2.5002641287197003
33.0,161.0,1000.5426025390624,-4.38181940135786,-3.791399619586264,1.7098404410901251,3.179839270708574,2.472621786164862,3.003660757198738,-0.3392415621750908,1.8157744485262013,0.2086137703700644,2.5002641287197003
33.0,161.0,1000.5426025390624,-4.38181940135786,-3.791399619586264,1.7098404294414218,3.179839270708765,2.47262178616488,3.003668488078424,-0.339241562270528,1.8157726510338543,0.2086230390980571,2.5002641287197003
33.0,161.0,1000.5426025390624,-4.38181940135786,-3.791399619586264,1.7098404410901251,3.179839270708817,2.472621786164862,3.003660757198738,-0.3392415621750908,1.8157744485262013,0.2086137238544499,2.5002641287197003
33.0,161.0,1000.5426025390624,-4.38181940135786,-3.791399619586264,1.7098403420858872,3.179839270709712,2.472621786164862,3.0036676782153937,-0.3392415621850866,1.815770970256744,0.2086143502420084,2.5002641287197003
33.0,161.0,1000.5426025390624,-4.38181940135786,-3.791399619586264,1.7098404294414218,3.179839270708765,2.4726217861648627,3.003668488078424,-0.339241562270528,1.8157726510338543,0.2086230390980571,2.5002641287197003
33.0,161.0,1000.5426025390624,-4.38181940135786,-3.791399619586264,1.7098403353941622,3.179839270708793,2.472621786164863,3.003677791959784,-0.3392415602942843,1.8157726460146384,0.208613768635581,2.5002641287197003
33.0,161.0,1000.5426025390624,-4.38181940135786,-3.791399619586264,1.7098403369228028,3.179839270708793,2.4726217861648467,3.003677791959784,-0.3392415623558534,1.8157727856240613,0.2086136569841203,2.5002641287197003
33.0,161.0,1000.5426025390624,-4.38181940135786,-3.791399619586264,1.7098404294414218,3.179839270708765,2.47262178616488,3.003668488078424,-0.339241561110106,1.815772619295396,0.2086223076305391,2.5002641287197003
33.0,161.0,1000.5426025390624,-4.38181940135786,-3.791399619586264,1.7098404302970067,3.1798392707221392,2.4726217861649955,3.003668488078424,-0.3392415622701736,1.8157726510338543,0.2086230390980571,2.5002641287197003
33.0,161.0,1000.5426025390624,-4.38181940135786,-3.791399619586264,1.7098404294414218,3.179839270708765,2.47262178616488,3.003668488078424,-0.339241561110106,1.815772619295396,0.2086223076305391,2.5002641287197003
33.0,161.0,1000.5426025390624,-4.38181940135786,-3.791399619586264,1.7098403353941622,3.179839270708793,2.472621786164863,3.003677791959784,-0.3392415623558534,1.8157727856240613,0.2086136569841203,2.5002641287197003
33.0,161.0,1000.5426025390624,-4.38181940135786,-3.791399619586264,1.7098404302970067,3.17983927070833,2.4726217861649955,3.003668488078424,-0.3392415622701736,1.8157726646904853,0.2086143376998105,2.5002641287197003
33.0,161.0,1000.5426025390624,-4.38181940135786,-3.791399619586264,1.7098403347843747,3.179839270709807,2.472621786164865,3.0036723503264384,-0.3392415622642545,1.815770955111256,0.2086137691487854,2.5002641287197003
33.0,161.0,1000.5426025390624,-4.38181940135786,-3.791399619586264,1.7098404302970067,3.1798392707221392,2.4726217861648565,3.003668488078424,-0.3392415622701736,1.815772654525296,0.2086141153501159,2.5002641287197003
33.0,161.0,1000.5426025390624,-4.38181940135786,-3.791399619586264,1.7098404294414218,3.179839270706791,2.472621786164998,3.003663554483168,-0.3392415623851919,1.815772652417452,0.2086218274457262,2.5002641287197003
33.0,161.0,1000.5426025390624,-4.38181940135786,-3.791399619586264,1.7098404294414218,3.179839270708765,2.472621786164881,3.003668488078424,-0.3392415622474325,1.8157726510338543,0.2086230390980571,2.5002641287197003
33.0,161.0,1000.5426025390624,-4.38181940135786,-3.791399619586264,1.7098404294414218,3.179839270708637,2.472621786164864,3.0036654808814074,-0.3392415622941276,1.8157726510338543,0.2086045384703378,2.5002641287197003
33.0,161.0,1000.5426025390624,-4.38181940135786,-3.791399619586264,1.7098404294414218,3.179839270708765,2.47262178616488,3.003668488078424,-0.3392415611011593,1.8157726510338543,0.2086223060200112,2.5002641287197003
33.0,161.0,1000.5426025390624,-4.38181940135786,-3.791399619586264,1.7098403453403448,3.179839270708793,2.472621786164863,3.003677044616322,-0.3392415623793538,1.8157727856240613,0.2086136569841203,2.5002641287197003
33.0,161.0,1000.5426025390624,-4.38181940135786,-3.791399619586264,1.7098404294414218,3.179839270708765,2.47262178616488,3.003668488078424,-0.3392415622710885,1.8157726510338543,0.2086230390980571,2.5002641287197003
33.0,161.0,1000.5426635742188,-4.38181940135786,-3.791399619586264,1.7098403420858872,3.1798392707227703,2.472621786164862,3.003912506476877,-0.3392415603632118,1.815774443805149,0.2086137703700644,2.5002641287197003
33.0,161.0,1000.5426635742188,-4.38181940135786,-3.791399619586264,1.7098403451711213,3.1798392707227703,2.4726217861649986,3.003912506479196,-0.3392415608371104,1.8157710966078,0.2086218316519392,2.5002641287197003
33.0,161.0,1000.5426635742188,-4.38181940135786,-3.791399619586264,1.7098403420858872,3.1798392707227703,2.472621786164862,3.003912506479743,-0.3392415603632118,1.815770970256744,0.2086137703700644,2.5002641287197003
33.0,161.0,1000.5426635742188,-4.38181940135786,-3.791399619586264,1.7098403420858872,3.1798392707227703,2.472621786164862,3.003912506479743,-0.3392415603938489,1.8157709588932804,0.2086137703700644,2.5002641287197003
33.0,161.0,1000.5426635742188,-4.38181940135786,-3.791399619586264,1.7098403420858872,3.1798392707227703,2.472621786164998,3.003912506476877,-0.339241560835797,1.8157740857687843,0.2086137703700644,2.5002641287197003
33.0,161.0,1000.5426635742188,-4.38181940135786,-3.791399619586264,1.7098403420858872,3.1798392707227703,2.472621786164862,3.0039125064768406,-0.3392415603632118,1.815774443805149,0.2086137703700644,2.5002641287197003
33.0,161.0,1000.5426635742188,-4.38181940135786,-3.791399619586264,1.7098403418358257,3.1798392707227703,2.472621786164998,3.0039125064787875,-0.3392415608569093,1.8157740857687843,0.2086087494003631,2.5002641287197003
33.0,161.0,1000.5426635742188,-4.38181940135786,-3.791399619586264,1.709840346977422,3.1798392707227703,2.4726217861650017,3.0039125065404764,-0.339241560836643,1.8157707279634336,0.208614947584383,2.5002641287197003
33.0,161.0,1000.5426635742188,-4.38181940135786,-3.791399619586264,1.7098403451711213,3.1798392707227703,2.4726217861649986,3.0039125065498107,-0.3392415608371104,1.8157709439508591,0.2086218316519392,2.5002641287197003
33.0,161.0,1000.5426635742188,-4.38181940135786,-3.791399619586264,1.709840342964732,3.179839270722973,2.4726217861649835,3.0039125064793426,-0.3392415603430971,1.815771003492246,0.2086043829519583,2.5002641287197003
33.0,161.0,1000.5426635742188,-4.38181940135786,-3.791399619586264,1.7098403420858872,3.1798392707227703,2.472621786164862,3.003912506476877,-0.3392415603939627,1.815774443805149,0.2086137703700644,2.5002641287197003
33.0,161.0,1000.5426635742188,-4.38181940135786,-3.791399619586264,1.7098403420858872,3.1798392707227703,2.4726217861649946,3.003912506479743,-0.3392415603938489,1.815770956014098,0.2086137703700644,2.5002641287197003
33.0,161.0,1000.5426635742188,-4.38181940135786,-3.791399619586264,1.7098403418358257,3.1798392707227703,2.472621786164998,3.0039125064787875,-0.3392415608565374,1.8157710638618536,0.2086096134796357,2.5002641287197003
33.0,161.0,1000.5426635742188,-4.38181940135786,-3.791399619586264,1.7098403369913302,3.1798392707227703,2.472621786164998,3.003912506545278,-0.339241560835797,1.8157740448115096,0.208617073547373,2.5002641287197003
33.0,161.0,1000.5426635742188,-4.38181940135786,-3.791399619586264,1.7098404241413665,3.1798392707091625,2.4726217861650017,3.0036700573420245,-0.3392415624638425,1.8157705373867008,0.2086900095511636,2.5002641287197003
33.0,161.0,1000.5426635742188,-4.38181940135786,-3.791399619586264,1.709840342093618,3.179839270722764,2.472621786164984,3.0039125064793617,-0.339241560393634,1.815770955111256,0.2086137703700644,2.5002641287197003
33.0,161.0,1000.5426635742188,-4.38181940135786,-3.791399619586264,1.709840346977422,3.1798392707227703,2.4726217861650017,3.0039125065404764,-0.339241560836643,1.8157707272275792,0.208614947584383,2.5002641287197003
33.0,161.0,1000.5426635742188,-4.38181940135786,-3.791399619586264,1.7098403451711213,3.1798392707227703,2.4726217861649986,3.0039125064771706,-0.3392415608368561,1.8157709439508591,0.2086218316519392,2.5002641287197003
33.0,161.0,1000.5426635742188,-4.38181940135786,-3.791399619586264,1.7098403451711213,3.1798392707227703,2.4726217861649986,3.0039125065498107,-0.3392415608374822,1.81577396585779,0.2086209675726666,2.5002641287197003
33.0,161.0,1000.5426635742188,-4.38181940135786,-3.791399619586264,1.7098404294414218,3.1798392707227703,2.4726217861648627,3.003912506546678,-0.339241560822101,1.8157709437487664,0.2086108575645655,2.5002641287197003
33.0,161.0,1000.5426635742188,-4.38181940135786,-3.791399619586264,1.70984034222644,3.1798392707227703,2.472621786164998,3.0039125064769743,-0.3392415608569093,1.815770727777318,0.2086087494003631,2.5002641287197003
33.0,161.0,1000.5426635742188,-4.38181940135786,-3.791399619586264,1.7098403453462148,3.1798392707227703,2.472621786164862,3.0039125064797374,-0.3392415603632118,1.8157711073599447,0.2086137703700644,2.5002641287197003
33.0,162.0,1000.5426025390624,-4.38181940135786,-3.791399619586264,1.7098404294414218,3.179839270708765,2.47262178616488,3.003668488078424,-0.339241562270528,1.8157726510338543,0.2086230390980571,2.5002641287197003
33.0,162.0,1000.5426025390624,-4.38181940135786,-3.791399619586264,1.7098403353941622,3.179839270708793,2.472621786164863,3.003677791959784,-0.3392415623558534,1.8157727856240613,0.2086136569841203,2.5002641287197003
33.0,162.0,1000.5426025390624,-4.38181940135786,-3.791399619586264,1.7098404294414218,3.179839270708765,2.472621786164881,3.003668488078424,-0.3392415622479929,1.8157726510338543,0.2086230390980571,2.5002641287197003
33.0,162.0,1000.5426025390624,-4.38181940135786,-3.791399619586264,1.7098404294414218,3.179839270708765,2.472621786164881,3.003668488078424,-0.3392415622701736,1.8157726510338543,0.2086230390980571,2.5002641287197003
33.0,162.0,1000.5426025390624,-4.38181940135786,-3.791399619586264,1.7098404294414218,3.179839270708765,2.47262178616488,3.003668488078424,-0.3392415622483473,1.8157726510338543,0.2086230390980571,2.5002641287197003
33.0,162.0,1000.5426025390624,-4.38181940135786,-3.791399619586264,1.7098404294414218,3.1798392707086403,2.4726217861648787,3.0036654808814074,-0.3392415622941276,1.8157726510338543,0.2086045853392703,2.5002641287197003
33.0,162.0,1000.5426025390624,-4.38181940135786,-3.791399619586264,1.7098404294414218,3.179839270708765,2.47262178616488,3.003668488078424,-0.339241562270528,1.8157726510338543,0.2086230390980571,2.5002641287197003
33.0,162.0,1000.5426025390624,-4.38181940135786,-3.791399619586264,1.7098403353941622,3.179839270708793,2.472621786164863,3.003677791959784,-0.3392415602942843,1.8157709700682927,0.208613768635581,2.5002641287197003
33.0,162.0,1000.5426025390624,-4.38181940135786,-3.791399619586264,1.7098404410901251,3.179839270708574,2.472621786164862,3.003660757198738,-0.3392415621750908,1.8157744485262013,0.2086137703700644,2.5002641287197003
33.0,162.0,1000.5426025390624,-4.38181940135786,-3.791399619586264,1.7098404294414218,3.179839270708765,2.47262178616488,3.003668488078424,-0.339241562270528,1.8157726510338543,0.2086230390980571,2.5002641287197003
33.0,162.0,1000.5426025390624,-4.38181940135786,-3.791399619586264,1.7098404410901251,3.179839270708817,2.472621786164862,3.003660757198738,-0.3392415621750908,1.8157744485262013,0.2086137238544499,2.5002641287197003
33.0,162.0,1000.5426025390624,-4.38181940135786,-3.791399619586264,1.7098403420858872,3.179839270709712,2.472621786164862,3.0036676782153937,-0.3392415621850866,1.815770970256744,0.2086143502420084,2.5002641287197003
33.0,162.0,1000.5426025390624,-4.38181940135786,-3.791399619586264,1.7098404294414218,3.179839270708765,2.4726217861648627,3.003668488078424,-0.339241562270528,1.8157726510338543,0.2086230390980571,2.5002641287197003
33.0,162.0,1000.5426025390624,-4.38181940135786,-3.791399619586264,1.7098403353941622,3.179839270708793,2.472621786164863,3.003677791959784,-0.3392415602942843,1.8157726460146384,0.208613768635581,2.5002641287197003
33.0,162.0,1000.5426025390624,-4.38181940135786,-3.791399619586264,1.7098403369228028,3.179839270708793,2.4726217861648467,3.003677791959784,-0.3392415623558534,1.8157727856240613,0.2086136569841203,2.5002641287197003
33.0,162.0,1000.5426025390624,-4.38181940135786,-3.791399619586264,1.7098404294414218,3.179839270708765,2.47262178616488,3.003668488078424,-0.339241561110106,1.815772619295396,0.2086223076305391,2.5002641287197003
33.0,162.0,1000.5426025390624,-4.38181940135786,-3.791399619586264,1.7098404302970067,3.1798392707221392,2.4726217861649955,3.003668488078424,-0.3392415622701736,1.8157726510338543,0.2086230390980571,2.5002641287197003
33.0,162.0,1000.5426025390624,-4.38181940135786,-3.791399619586264,1.7098404294414218,3.179839270708765,2.47262178616488,3.003668488078424,-0.339241561110106,1.815772619295396,0.2086223076305391,2.5002641287197003
33.0,162.0,1000.5426025390624,-4.38181940135786,-3.791399619586264,1.7098403353941622,3.179839270708793,2.472621786164863,3.003677791959784,-0.3392415623558534,1.8157727856240613,0.2086136569841203,2.5002641287197003
33.0,162.0,1000.5426025390624,-4.38181940135786,-3.791399619586264,1.7098404302970067,3.17983927070833,2.4726217861649955,3.003668488078424,-0.3392415622701736,1.8157726646904853,0.2086143376998105,2.5002641287197003
33.0,162.0,1000.5426025390624,-4.38181940135786,-3.791399619586264,1.7098403347843747,3.179839270709807,2.472621786164865,3.0036723503264384,-0.3392415622642545,1.815770955111256,0.2086137691487854,2.5002641287197003
33.0,162.0,1000.5426025390624,-4.38181940135786,-3.791399619586264,1.7098404302970067,3.1798392707221392,2.4726217861648565,3.003668488078424,-0.3392415622701736,1.815772654525296,0.2086141153501159,2.5002641287197003
33.0,162.0,1000.5426025390624,-4.38181940135786,-3.791399619586264,1.7098404294414218,3.179839270706791,2.472621786164998,3.003663554483168,-0.3392415623851919,1.815772652417452,0.2086218274457262,2.5002641287197003
33.0,162.0,1000.5426025390624,-4.38181940135786,-3.791399619586264,1.7098404294414218,3.179839270708765,2.472621786164881,3.003668488078424,-0.3392415622474325,1.8157726510338543,0.2086230390980571,2.5002641287197003
33.0,162.0,1000.5426025390624,-4.38181940135786,-3.791399619586264,1.7098404294414218,3.179839270708637,2.472621786164864,3.0036654808814074,-0.3392415622941276,1.8157726510338543,0.2086045384703378,2.5002641287197003
33.0,162.0,1000.5426025390624,-4.38181940135786,-3.791399619586264,1.7098404294414218,3.179839270708765,2.47262178616488,3.003668488078424,-0.3392415611011593,1.8157726510338543,0.2086223060200112,2.5002641287197003
33.0,162.0,1000.5426025390624,-4.38181940135786,-3.791399619586264,1.7098403453403448,3.179839270708793,2.472621786164863,3.003677044616322,-0.3392415623793538,1.8157727856240613,0.2086136569841203,2.5002641287197003
33.0,162.0,1000.5426025390624,-4.38181940135786,-3.791399619586264,1.7098404294414218,3.179839270708765,2.47262178616488,3.003668488078424,-0.3392415622710885,1.8157726510338543,0.2086230390980571,2.5002641287197003
33.0,162.0,1000.5426025390624,-4.38181940135786,-3.791399619586264,1.7098404294414218,3.179839270708757,2.4726217861648614,3.003667666776133,-0.339241562247788,1.8157726510338543,0.208614743559608,2.5002641287197003
33.0,162.0,1000.5426025390624,-4.38181940135786,-3.791399619586264,1.7098404294414218,3.179839270708765,2.47262178616488,3.003668488078424,-0.339241562270528,1.8157726515931216,0.2086230390980571,2.5002641287197003
33.0,162.0,1000.5426025390624,-4.38181940135786,-3.791399619586264,1.7098403353941622,3.1798392707084764,2.472621786164863,3.003668464280405,-0.3392415602942843,1.815772653960668,0.2086137716531048,2.5002641287197003
33.0,162.0,1000.5426025390624,-4.38181940135786,-3.791399619586264,1.7098404294422462,3.179839270722096,2.4726217861650213,3.0036674481036902,-0.3392415622701736,1.8157726522125663,0.2086230390980571,2.5002641287197003
33.0,162.0,1000.5426025390624,-4.38181940135786,-3.791399619586264,1.7098403452108242,3.179839270708766,2.472621786164864,3.003677044616322,-0.3392415623793538,1.8157726539566823,0.2086136569841203,2.5002641287197003
33.0,162.0,1000.5426025390624,-4.38181940135786,-3.791399619586264,1.7098404294414218,3.1798392707086403,2.4726217861648787,3.0036654808814074,-0.3392415604091006,1.8157710386035544,0.208613778620579,2.5002641287197003
33.0,162.0,1000.5426025390624,-4.38181940135786,-3.791399619586264,1.7098404294414218,3.179839270708765,2.47262178616488,3.003668488078424,-0.339241562270528,1.8157726510338543,0.2086230390980571,2.5002641287197003
33.0,162.0,1000.5426025390624,-4.38181940135786,-3.791399619586264,1.7098404302970067,3.17983927070833,2.4726217861649955,3.003668488078424,-0.3392415622701736,1.8157726646904853,0.2086143376998105,2.5002641287197003
33.0,162.0,1000.5426025390624,-4.38181940135786,-3.791399619586264,1.7098404300144514,3.1798392707084253,2.472621786164862,3.003660714415029,-0.3392415622713721,1.8157744485262013,0.2086137238544499,2.5002641287197003
33.0,162.0,1000.5426025390624,-4.38181940135786,-3.791399619586264,1.7098404294414218,3.179839270708765,2.472621786164881,3.003668488078424,-0.3392415622713455,1.8157726510338543,0.2086230390980571,2.5002641287197003
33.0,162.0,1000.5426025390624,-4.38181940135786,-3.791399619586264,1.7098403451711213,3.1798392707227703,2.4726217861648623,3.00368219255876,-0.3392415602991104,1.8157709439508591,0.2086137677655681,2.5002641287197003
33.0,162.0,1000.5426025390624,-4.38181940135786,-3.791399619586264,1.7098404294414218,3.179839270708765,2.47262178616488,3.003668488078424,-0.339241561110106,1.815772618736129,0.2086223076305391,2.5002641287197003
33.0,162.0,1000.5426025390624,-4.38181940135786,-3.791399619586264,1.7098404302970067,3.1798392707224554,2.4726217861648565,3.0036778157578023,-0.3392415622701736,1.815772646579267,0.2086141123325922,2.5002641287197003
33.0,162.0,1000.5426025390624,-4.38181940135786,-3.791399619586264,1.7098404294414218,3.179839270708765,2.47262178616488,3.003668602277252,-0.3392415611247337,1.815772619295396,0.2086223076305391,2.5002641287197003
33.0,162.0,1000.5426025390624,-4.38181940135786,-3.791399619586264,1.7098404294414218,3.1798392707086407,2.47262178616488,3.003668488078424,-0.3392415622483473,1.8157726510338543,0.2086230390980571,2.5002641287197003
33.0,162.0,1000.5426025390624,-4.38181940135786,-3.791399619586264,1.7098403353941622,3.179839270708793,2.472621786164864,3.003677791959784,-0.3392415621793114,1.8157725824985929,0.2086045753542724,2.5002641287197003
33.0,162.0,1000.5426025390624,-4.38181940135786,-3.791399619586264,1.7098404294414218,3.179839270708765,2.472621786164881,3.003668488078424,-0.3392415622701736,1.8157726510338543,0.2086230390980571,2.5002641287197003
33.0,162.0,1000.5426025390624,-4.38181940135786,-3.791399619586264,1.7098404294414218,3.179839270708765,2.47262178616488,3.003668488078424,-0.3392415622471755,1.8157726510338543,0.2086230390980571,2.5002641287197003
33.0,162.0,1000.5426025390624,-4.38181940135786,-3.791399619586264,1.709840441144125,3.179839270708574,2.47262178616488,3.003660757198738,-0.3392415621750908,1.8157744485262013,0.2086137703700644,2.5002641287197003
33.0,162.0,1000.5426635742188,-4.38181940135786,-3.791399619586264,1.7098403420858872,3.1798392707227703,2.472621786164862,3.003912506476877,-0.3392415603632118,1.815774443805149,0.2086137703700644,2.5002641287197003
33.0,162.0,1000.5426635742188,-4.38181940135786,-3.791399619586264,1.7098403451711213,3.1798392707227703,2.4726217861649986,3.003912506479196,-0.3392415608371104,1.8157710966078,0.2086218316519392,2.5002641287197003
33.0,162.0,1000.5426635742188,-4.38181940135786,-3.791399619586264,1.7098403420858872,3.1798392707227703,2.472621786164862,3.003912506479743,-0.3392415603632118,1.815770970256744,0.2086137703700644,2.5002641287197003
33.0,163.0,1000.5426025390624,-4.38181940135786,-3.791399619586264,1.7098404294414218,3.179839270708765,2.47262178616488,3.003668488078424,-0.339241562270528,1.8157726510338543,0.2086230390980571,2.5002641287197003
33.0,163.0,1000.5426025390624,-4.38181940135786,-3.791399619586264,1.7098403353941622,3.179839270708793,2.472621786164863,3.003677791959784,-0.3392415623558534,1.8157727856240613,0.2086136569841203,2.5002641287197003
33.0,163.0,1000.5426025390624,-4.38181940135786,-3.791399619586264,1.7098404294414218,3.179839270708765,2.472621786164881,3.003668488078424,-0.3392415622479929,1.8157726510338543,0.2086230390980571,2.5002641287197003
33.0,163.0,1000.5426025390624,-4.38181940135786,-3.791399619586264,1.7098404294414218,3.179839270708765,2.472621786164881,3.003668488078424,-0.3392415622701736,1.8157726510338543,0.2086230390980571,2.5002641287197003
33.0,163.0,1000.5426025390624,-4.38181940135786,-3.791399619586264,1.7098404294414218,3.179839270708765,2.47262178616488,3.003668488078424,-0.3392415622483473,1.8157726510338543,0.2086230390980571,2.5002641287197003
33.0,163.0,1000.5426025390624,-4.38181940135786,-3.791399619586264,1.7098404294414218,3.1798392707086403,2.4726217861648787,3.0036654808814074,-0.3392415622941276,1.8157726510338543,0.2086045853392703,2.5002641287197003
33.0,163.0,1000.5426025390624,-4.38181940135786,-3.791399619586264,1.7098404294414218,3.179839270708765,2.47262178616488,3.003668488078424,-0.339241562270528,1.8157726510338543,0.2086230390980571,2.5002641287197003
33.0,163.0,1000.5426025390624,-4.38181940135786,-3.791399619586264,1.7098403353941622,3.179839270708793,2.472621786164863,3.003677791959784,-0.3392415602942843,1.8157709700682927,0.208613768635581,2.5002641287197003
33.0,163.0,1000.5426025390624,-4.38181940135786,-3.791399619586264,1.7098404410901251,3.179839270708574,2.472621786164862,3.003660757198738,-0.3392415621750908,1.8157744485262013,0.2086137703700644,2.5002641287197003
33.0,163.0,1000.5426025390624,-4.38181940135786,-3.791399619586264,1.7098404294414218,3.179839270708765,2.47262178616488,3.003668488078424,-0.339241562270528,1.8157726510338543,0.2086230390980571,2.5002641287197003
33.0,163.0,1000.5426025390624,-4.38181940135786,-3.791399619586264,1.7098404410901251,3.179839270708817,2.472621786164862,3.003660757198738,-0.3392415621750908,1.8157744485262013,0.2086137238544499,2.5002641287197003
33.0,163.0,1000.5426025390624,-4.38181940135786,-3.791399619586264,1.7098403420858872,3.179839270709712,2.472621786164862,3.0036676782153937,-0.3392415621850866,1.815770970256744,0.2086143502420084,2.5002641287197003
33.0,163.0,1000.5426025390624,-4.38181940135786,-3.791399619586264,1.7098404294414218,3.179839270708765,2.4726217861648627,3.003668488078424,-0.339241562270528,1.8157726510338543,0.2086230390980571,2.5002641287197003
33.0,163.0,1000.5426025390624,-4.38181940135786,-3.791399619586264,1.7098403353941622,3.179839270708793,2.472621786164863,3.003677791959784,-0.3392415602942843,1.8157726460146384,0.208613768635581,2.5002641287197003
33.0,163.0,1000.5426025390624,-4.38181940135786,-3.791399619586264,1.7098403369228028,3.179839270708793,2.4726217861648467,3.003677791959784,-0.3392415623558534,1.8157727856240613,0.2086136569841203,2.5002641287197003
33.0,163.0,1000.5426025390624,-4.38181940135786,-3.791399619586264,1.7098404294414218,3.179839270708765,2.47262178616488,3.003668488078424,-0.339241561110106,1.815772619295396,0.2086223076305391,2.5002641287197003
33.0,163.0,1000.5426025390624,-4.38181940135786,-3.791399619586264,1.7098404302970067,3.1798392707221392,2.4726217861649955,3.003668488078424,-0.3392415622701736,1.8157726510338543,0.2086230390980571,2.5002641287197003
33.0,163.0,1000.5426025390624,-4.38181940135786,-3.791399619586264,1.7098404294414218,3.179839270708765,2.47262178616488,3.003668488078424,-0.339241561110106,1.815772619295396,0.2086223076305391,2.5002641287197003
33.0,163.0,1000.5426025390624,-4.38181940135786,-3.791399619586264,1.7098403353941622,3.179839270708793,2.472621786164863,3.003677791959784,-0.3392415623558534,1.8157727856240613,0.2086136569841203,2.5002641287197003
33.0,163.0,1000.5426025390624,-4.38181940135786,-3.791399619586264,1.7098404302970067,3.17983927070833,2.4726217861649955,3.003668488078424,-0.3392415622701736,1.8157726646904853,0.2086143376998105,2.5002641287197003
33.0,163.0,1000.5426025390624,-4.38181940135786,-3.791399619586264,1.7098403347843747,3.179839270709807,2.472621786164865,3.0036723503264384,-0.3392415622642545,1.815770955111256,0.2086137691487854,2.5002641287197003
33.0,163.0,1000.5426025390624,-4.38181940135786,-3.791399619586264,1.7098404302970067,3.1798392707221392,2.4726217861648565,3.003668488078424,-0.3392415622701736,1.815772654525296,0.2086141153501159,2.5002641287197003
33.0,163.0,1000.5426025390624,-4.38181940135786,-3.791399619586264,1.7098404294414218,3.179839270706791,2.472621786164998,3.003663554483168,-0.3392415623851919,1.815772652417452,0.2086218274457262,2.5002641287197003
33.0,163.0,1000.5426025390624,-4.38181940135786,-3.791399619586264,1.7098404294414218,3.179839270708765,2.472621786164881,3.003668488078424,-0.3392415622474325,1.8157726510338543,0.2086230390980571,2.5002641287197003
33.0,163.0,1000.5426025390624,-4.38181940135786,-3.791399619586264,1.7098404294414218,3.179839270708637,2.472621786164864,3.0036654808814074,-0.3392415622941276,1.8157726510338543,0.2086045384703378,2.5002641287197003
33.0,163.0,1000.5426025390624,-4.38181940135786,-3.791399619586264,1.7098404294414218,3.179839270708765,2.47262178616488,3.003668488078424,-0.3392415611011593,1.8157726510338543,0.2086223060200112,2.5002641287197003
33.0,163.0,1000.5426025390624,-4.38181940135786,-3.791399619586264,1.7098403453403448,3.179839270708793,2.472621786164863,3.003677044616322,-0.3392415623793538,1.8157727856240613,0.2086136569841203,2.5002641287197003
33.0,163.0,1000.5426025390624,-4.38181940135786,-3.791399619586264,1.7098404294414218,3.179839270708765,2.47262178616488,3.003668488078424,-0.3392415622710885,1.8157726510338543,0.2086230390980571,2.5002641287197003
33.0,163.0,1000.5426025390624,-4.38181940135786,-3.791399619586264,1.7098404294414218,3.179839270708757,2.4726217861648614,3.003667666776133,-0.339241562247788,1.8157726510338543,0.208614743559608,2.5002641287197003
33.0,163.0,1000.5426025390624,-4.38181940135786,-3.791399619586264,1.7098404294414218,3.179839270708765,2.47262178616488,3.003668488078424,-0.339241562270528,1.8157726515931216,0.2086230390980571,2.5002641287197003
33.0,163.0,1000.5426025390624,-4.38181940135786,-3.791399619586264,1.7098403353941622,3.1798392707084764,2.472621786164863,3.003668464280405,-0.3392415602942843,1.815772653960668,0.2086137716531048,2.5002641287197003
33.0,163.0,1000.5426025390624,-4.38181940135786,-3.791399619586264,1.7098404294422462,3.179839270722096,2.4726217861650213,3.0036674481036902,-0.3392415622701736,1.8157726522125663,0.2086230390980571,2.5002641287197003
33.0,163.0,1000.5426025390624,-4.38181940135786,-3.791399619586264,1.7098403452108242,3.179839270708766,2.472621786164864,3.003677044616322,-0.3392415623793538,1.8157726539566823,0.2086136569841203,2.5002641287197003
33.0,163.0,1000.5426025390624,-4.38181940135786,-3.791399619586264,1.7098404294414218,3.1798392707086403,2.4726217861648787,3.0036654808814074,-0.3392415604091006,1.8157710386035544,0.208613778620579,2.5002641287197003
33.0,163.0,1000.5426025390624,-4.38181940135786,-3.791399619586264,1.7098404294414218,3.179839270708765,2.47262178616488,3.003668488078424,-0.339241562270528,1.8157726510338543,0.2086230390980571,2.5002641287197003
33.0,163.0,1000.5426025390624,-4.38181940135786,-3.791399619586264,1.7098404302970067,3.17983927070833,2.4726217861649955,3.003668488078424,-0.3392415622701736,1.8157726646904853,0.2086143376998105,2.5002641287197003
33.0,163.0,1000.5426025390624,-4.38181940135786,-3.791399619586264,1.7098404300144514,3.1798392707084253,2.472621786164862,3.003660714415029,-0.3392415622713721,1.8157744485262013,0.2086137238544499,2.5002641287197003
33.0,163.0,1000.5426025390624,-4.38181940135786,-3.791399619586264,1.7098404294414218,3.179839270708765,2.472621786164881,3.003668488078424,-0.3392415622713455,1.8157726510338543,0.2086230390980571,2.5002641287197003
33.0,163.0,1000.5426025390624,-4.38181940135786,-3.791399619586264,1.7098403451711213,3.1798392707227703,2.4726217861648623,3.00368219255876,-0.3392415602991104,1.8157709439508591,0.2086137677655681,2.5002641287197003
33.0,163.0,1000.5426025390624,-4.38181940135786,-3.791399619586264,1.7098404294414218,3.179839270708765,2.47262178616488,3.003668488078424,-0.339241561110106,1.815772618736129,0.2086223076305391,2.5002641287197003
33.0,163.0,1000.5426025390624,-4.38181940135786,-3.791399619586264,1.7098404302970067,3.1798392707224554,2.4726217861648565,3.0036778157578023,-0.3392415622701736,1.815772646579267,0.2086141123325922,2.5002641287197003
33.0,163.0,1000.5426025390624,-4.38181940135786,-3.791399619586264,1.7098404294414218,3.179839270708765,2.47262178616488,3.003668602277252,-0.3392415611247337,1.815772619295396,0.2086223076305391,2.5002641287197003
33.0,163.0,1000.5426025390624,-4.38181940135786,-3.791399619586264,1.7098404294414218,3.1798392707086407,2.47262178616488,3.003668488078424,-0.3392415622483473,1.8157726510338543,0.2086230390980571,2.5002641287197003
33.0,163.0,1000.5426025390624,-4.38181940135786,-3.791399619586264,1.7098403353941622,3.179839270708793,2.472621786164864,3.003677791959784,-0.3392415621793114,1.8157725824985929,0.2086045753542724,2.5002641287197003
33.0,163.0,1000.5426025390624,-4.38181940135786,-3.791399619586264,1.7098404294414218,3.179839270708765,2.472621786164881,3.003668488078424,-0.3392415622701736,1.8157726510338543,0.2086230390980571,2.5002641287197003
33.0,163.0,1000.5426025390624,-4.38181940135786,-3.791399619586264,1.7098404294414218,3.179839270708765,2.47262178616488,3.003668488078424,-0.3392415622471755,1.8157726510338543,0.2086230390980571,2.5002641287197003
33.0,163.0,1000.5426025390624,-4.38181940135786,-3.791399619586264,1.709840441144125,3.179839270708574,2.47262178616488,3.003660757198738,-0.3392415621750908,1.8157744485262013,0.2086137703700644,2.5002641287197003
33.0,163.0,1000.5426025390624,-4.38181940135786,-3.791399619586264,1.7098404294414218,3.179839270708765,2.47262178616488,3.003668655372412,-0.3392415623654631,1.815772618736129,0.2086223076305391,2.5002641287197003
33.0,163.0,1000.5426025390624,-4.38181940135786,-3.791399619586264,1.7098404294414218,3.1798392707086407,2.47262178616488,3.003668488078424,-0.3392415622483473,1.8157726510338543,0.2086230390980571,2.5002641287197003
33.0,163.0,1000.5426025390624,-4.38181940135786,-3.791399619586264,1.7098404407105547,3.17983927070857,2.47262178616488,3.003668488078424,-0.339241562270528,1.8157726510338543,0.2086230390980571,2.5002641287197003
33.0,164.0,1000.5426025390624,-4.38181940135786,-3.791399619586264,1.7098404294414218,3.179839270708765,2.47262178616488,3.003668488078424,-0.339241562270528,1.8157726510338543,0.2086230390980571,2.5002641287197003
33.0,164.0,1000.5426025390624,-4.38181940135786,-3.791399619586264,1.7098403353941622,3.179839270708793,2.472621786164863,3.003677791959784,-0.3392415623558534,1.8157727856240613,0.2086136569841203,2.5002641287197003
33.0,164.0,1000.5426025390624,-4.38181940135786,-3.791399619586264,1.7098404294414218,3.179839270708765,2.472621786164881,3.003668488078424,-0.3392415622479929,1.8157726510338543,0.2086230390980571,2.5002641287197003
33.0,164.0,1000.5426025390624,-4.38181940135786,-3.791399619586264,1.7098404294414218,3.179839270708765,2.472621786164881,3.003668488078424,-0.3392415622701736,1.8157726510338543,0.2086230390980571,2.5002641287197003
33.0,164.0,1000.5426025390624,-4.38181940135786,-3.791399619586264,1.7098404294414218,3.179839270708765,2.47262178616488,3.003668488078424,-0.3392415622483473,1.8157726510338543,0.2086230390980571,2.5002641287197003
33.0,164.0,1000.5426025390624,-4.38181940135786,-3.791399619586264,1.7098404294414218,3.1798392707086403,2.4726217861648787,3.0036654808814074,-0.3392415622941276,1.8157726510338543,0.2086045853392703,2.5002641287197003
33.0,164.0,1000.5426025390624,-4.38181940135786,-3.791399619586264,1.7098404294414218,3.179839270708765,2.47262178616488,3.003668488078424,-0.339241562270528,1.8157726510338543,0.2086230390980571,2.5002641287197003
33.0,164.0,1000.5426025390624,-4.38181940135786,-3.791399619586264,1.7098403353941622,3.179839270708793,2.472621786164863,3.003677791959784,-0.3392415602942843,1.8157709700682927,0.208613768635581,2.5002641287197003
33.0,164.0,1000.5426025390624,-4.38181940135786,-3.791399619586264,1.7098404410901251,3.179839270708574,2.472621786164862,3.003660757198738,-0.3392415621750908,1.8157744485262013,0.2086137703700644,2.5002641287197003
33.0,164.0,1000.5426025390624,-4.38181940135786,-3.791399619586264,1.7098404294414218,3.179839270708765,2.47262178616488,3.003668488078424,-0.339241562270528,1.8157726510338543,0.2086230390980571,2.5002641287197003
33.0,164.0,1000.5426025390624,-4.38181940135786,-3.791399619586264,1.7098404410901251,3.179839270708817,2.472621786164862,3.003660757198738,-0.3392415621750908,1.8157744485262013,0.2086137238544499,2.5002641287197003
33.0,164.0,1000.5426025390624,-4.38181940135786,-3.791399619586264,1.7098403420858872,3.179839270709712,2.472621786164862,3.0036676782153937,-0.3392415621850866,1.815770970256744,0.2086143502420084,2.5002641287197003
33.0,164.0,1000.5426025390624,-4.38181940135786,-3.791399619586264,1.7098404294414218,3.179839270708765,2.4726217861648627,3.003668488078424,-0.339241562270528,1.8157726510338543,0.2086230390980571,2.5002641287197003
33.0,164.0,1000.5426025390624,-4.38181940135786,-3.791399619586264,1.7098403353941622,3.179839270708793,2.472621786164863,3.003677791959784,-0.3392415602942843,1.8157726460146384,0.208613768635581,2.5002641287197003
33.0,164.0,1000.5426025390624,-4.38181940135786,-3.791399619586264,1.7098403369228028,3.179839270708793,2.4726217861648467,3.003677791959784,-0.3392415623558534,1.8157727856240613,0.2086136569841203,2.5002641287197003
33.0,164.0,1000.5426025390624,-4.38181940135786,-3.791399619586264,1.7098404294414218,3.179839270708765,2.47262178616488,3.003668488078424,-0.339241561110106,1.815772619295396,0.2086223076305391,2.5002641287197003
33.0,164.0,1000.5426025390624,-4.38181940135786,-3.791399619586264,1.7098404302970067,3.1798392707221392,2.4726217861649955,3.003668488078424,-0.3392415622701736,1.8157726510338543,0.2086230390980571,2.5002641287197003
33.0,164.0,1000.5426025390624,-4.38181940135786,-3.791399619586264,1.7098404294414218,3.179839270708765,2.47262178616488,3.003668488078424,-0.339241561110106,1.815772619295396,0.2086223076305391,2.5002641287197003
33.0,164.0,1000.5426025390624,-4.38181940135786,-3.791399619586264,1.7098403353941622,3.179839270708793,2.472621786164863,3.003677791959784,-0.3392415623558534,1.8157727856240613,0.2086136569841203,2.5002641287197003
33.0,164.0,1000.5426025390624,-4.38181940135786,-3.791399619586264,1.7098404302970067,3.17983927070833,2.4726217861649955,3.003668488078424,-0.3392415622701736,1.8157726646904853,0.2086143376998105,2.5002641287197003
33.0,164.0,1000.5426025390624,-4.38181940135786,-3.791399619586264,1.7098403347843747,3.179839270709807,2.472621786164865,3.0036723503264384,-0.3392415622642545,1.815770955111256,0.2086137691487854,2.5002641287197003
33.0,164.0,1000.5426025390624,-4.38181940135786,-3.791399619586264,1.7098404302970067,3.1798392707221392,2.4726217861648565,3.003668488078424,-0.3392415622701736,1.815772654525296,0.2086141153501159,2.5002641287197003
33.0,164.0,1000.5426025390624,-4.38181940135786,-3.791399619586264,1.7098404294414218,3.179839270706791,2.472621786164998,3.003663554483168,-0.3392415623851919,1.815772652417452,0.2086218274457262,2.5002641287197003
33.0,164.0,1000.5426025390624,-4.38181940135786,-3.791399619586264,1.7098404294414218,3.179839270708765,2.472621786164881,3.003668488078424,-0.3392415622474325,1.8157726510338543,0.2086230390980571,2.5002641287197003
33.0,164.0,1000.5426025390624,-4.38181940135786,-3.791399619586264,1.7098404294414218,3.179839270708637,2.472621786164864,3.0036654808814074,-0.3392415622941276,1.8157726510338543,0.2086045384703378,2.5002641287197003
33.0,164.0,1000.5426025390624,-4.38181940135786,-3.791399619586264,1.7098404294414218,3.179839270708765,2.47262178616488,3.003668488078424,-0.3392415611011593,1.8157726510338543,0.2086223060200112,2.5002641287197003
33.0,164.0,1000.5426025390624,-4.38181940135786,-3.791399619586264,1.7098403453403448,3.179839270708793,2.472621786164863,3.003677044616322,-0.3392415623793538,1.8157727856240613,0.2086136569841203,2.5002641287197003
33.0,164.0,1000.5426025390624,-4.38181940135786,-3.791399619586264,1.7098404294414218,3.179839270708765,2.47262178616488,3.003668488078424,-0.3392415622710885,1.8157726510338543,0.2086230390980571,2.5002641287197003
33.0,164.0,1000.5426025390624,-4.38181940135786,-3.791399619586264,1.7098404294414218,3.179839270708757,2.4726217861648614,3.003667666776133,-0.339241562247788,1.8157726510338543,0.208614743559608,2.5002641287197003
33.0,164.0,1000.5426025390624,-4.38181940135786,-3.791399619586264,1.7098404294414218,3.179839270708765,2.47262178616488,3.003668488078424,-0.339241562270528,1.8157726515931216,0.2086230390980571,2.5002641287197003
33.0,164.0,1000.5426025390624,-4.38181940135786,-3.791399619586264,1.7098403353941622,3.1798392707084764,2.472621786164863,3.003668464280405,-0.3392415602942843,1.815772653960668,0.2086137716531048,2.5002641287197003
33.0,164.0,1000.5426025390624,-4.38181940135786,-3.791399619586264,1.7098404294422462,3.179839270722096,2.4726217861650213,3.0036674481036902,-0.3392415622701736,1.8157726522125663,0.2086230390980571,2.5002641287197003
33.0,164.0,1000.5426025390624,-4.38181940135786,-3.791399619586264,1.7098403452108242,3.179839270708766,2.472621786164864,3.003677044616322,-0.3392415623793538,1.8157726539566823,0.2086136569841203,2.5002641287197003
33.0,164.0,1000.5426025390624,-4.38181940135786,-3.791399619586264,1.7098404294414218,3.1798392707086403,2.4726217861648787,3.0036654808814074,-0.3392415604091006,1.8157710386035544,0.208613778620579,2.5002641287197003
33.0,164.0,1000.5426025390624,-4.38181940135786,-3.791399619586264,1.7098404294414218,3.179839270708765,2.47262178616488,3.003668488078424,-0.339241562270528,1.8157726510338543,0.2086230390980571,2.5002641287197003
33.0,164.0,1000.5426025390624,-4.38181940135786,-3.791399619586264,1.7098404302970067,3.17983927070833,2.4726217861649955,3.003668488078424,-0.3392415622701736,1.8157726646904853,0.2086143376998105,2.5002641287197003
33.0,164.0,1000.5426025390624,-4.38181940135786,-3.791399619586264,1.7098404300144514,3.1798392707084253,2.472621786164862,3.003660714415029,-0.3392415622713721,1.8157744485262013,0.2086137238544499,2.5002641287197003
33.0,164.0,1000.5426025390624,-4.38181940135786,-3.791399619586264,1.7098404294414218,3.179839270708765,2.472621786164881,3.003668488078424,-0.3392415622713455,1.8157726510338543,0.2086230390980571,2.5002641287197003
33.0,164.0,1000.5426025390624,-4.38181940135786,-3.791399619586264,1.7098403451711213,3.1798392707227703,2.4726217861648623,3.00368219255876,-0.3392415602991104,1.8157709439508591,0.2086137677655681,2.5002641287197003
33.0,164.0,1000.5426025390624,-4.38181940135786,-3.791399619586264,1.7098404294414218,3.179839270708765,2.47262178616488,3.003668488078424,-0.339241561110106,1.815772618736129,0.2086223076305391,2.5002641287197003
33.0,164.0,1000.5426025390624,-4.38181940135786,-3.791399619586264,1.7098404302970067,3.1798392707224554,2.4726217861648565,3.0036778157578023,-0.3392415622701736,1.815772646579267,0.2086141123325922,2.5002641287197003
33.0,164.0,1000.5426025390624,-4.38181940135786,-3.791399619586264,1.7098404294414218,3.179839270708765,2.47262178616488,3.003668602277252,-0.3392415611247337,1.815772619295396,0.2086223076305391,2.5002641287197003
33.0,164.0,1000.5426025390624,-4.38181940135786,-3.791399619586264,1.7098404294414218,3.1798392707086407,2.47262178616488,3.003668488078424,-0.3392415622483473,1.8157726510338543,0.2086230390980571,2.5002641287197003
33.0,164.0,1000.5426025390624,-4.38181940135786,-3.791399619586264,1.7098403353941622,3.179839270708793,2.472621786164864,3.003677791959784,-0.3392415621793114,1.8157725824985929,0.2086045753542724,2.5002641287197003
33.0,164.0,1000.5426025390624,-4.38181940135786,-3.791399619586264,1.7098404294414218,3.179839270708765,2.472621786164881,3.003668488078424,-0.3392415622701736,1.8157726510338543,0.2086230390980571,2.5002641287197003
33.0,164.0,1000.5426025390624,-4.38181940135786,-3.791399619586264,1.7098404294414218,3.179839270708765,2.47262178616488,3.003668488078424,-0.3392415622471755,1.8157726510338543,0.2086230390980571,2.5002641287197003
33.0,164.0,1000.5426025390624,-4.38181940135786,-3.791399619586264,1.709840441144125,3.179839270708574,2.47262178616488,3.003660757198738,-0.3392415621750908,1.8157744485262013,0.2086137703700644,2.5002641287197003
33.0,164.0,1000.5426025390624,-4.38181940135786,-3.791399619586264,1.7098404294414218,3.179839270708765,2.47262178616488,3.003668655372412,-0.3392415623654631,1.815772618736129,0.2086223076305391,2.5002641287197003
33.0,164.0,1000.5426025390624,-4.38181940135786,-3.791399619586264,1.7098404294414218,3.1798392707086407,2.47262178616488,3.003668488078424,-0.3392415622483473,1.8157726510338543,0.2086230390980571,2.5002641287197003
33.0,164.0,1000.5426025390624,-4.38181940135786,-3.791399619586264,1.7098404407105547,3.17983927070857,2.47262178616488,3.003668488078424,-0.339241562270528,1.8157726510338543,0.2086230390980571,2.5002641287197003
33.0,165.0,1000.5426025390624,-4.38181940135786,-3.791399619586264,1.7098404294414218,3.179839270708765,2.47262178616488,3.003668488078424,-0.339241562270528,1.8157726510338543,0.2086230390980571,2.5002641287197003
33.0,165.0,1000.5426025390624,-4.38181940135786,-3.791399619586264,1.7098403353941622,3.179839270708793,2.472621786164863,3.003677791959784,-0.3392415623558534,1.8157727856240613,0.2086136569841203,2.5002641287197003
33.0,165.0,1000.5426025390624,-4.38181940135786,-3.791399619586264,1.7098404294414218,3.179839270708765,2.472621786164881,3.003668488078424,-0.3392415622479929,1.8157726510338543,0.2086230390980571,2.5002641287197003
33.0,165.0,1000.5426025390624,-4.38181940135786,-3.791399619586264,1.7098404294414218,3.179839270708765,2.472621786164881,3.003668488078424,-0.3392415622701736,1.8157726510338543,0.2086230390980571,2.5002641287197003
33.0,165.0,1000.5426025390624,-4.38181940135786,-3.791399619586264,1.7098404294414218,3.179839270708765,2.47262178616488,3.003668488078424,-0.3392415622483473,1.8157726510338543,0.2086230390980571,2.5002641287197003
33.0,165.0,1000.5426025390624,-4.38181940135786,-3.791399619586264,1.7098404294414218,3.1798392707086403,2.4726217861648787,3.0036654808814074,-0.3392415622941276,1.8157726510338543,0.2086045853392703,2.5002641287197003
33.0,165.0,1000.5426025390624,-4.38181940135786,-3.791399619586264,1.7098404294414218,3.179839270708765,2.47262178616488,3.003668488078424,-0.339241562270528,1.8157726510338543,0.2086230390980571,2.5002641287197003
33.0,165.0,1000.5426025390624,-4.38181940135786,-3.791399619586264,1.7098403353941622,3.179839270708793,2.472621786164863,3.003677791959784,-0.3392415602942843,1.8157709700682927,0.208613768635581,2.5002641287197003
33.0,165.0,1000.5426025390624,-4.38181940135786,-3.791399619586264,1.7098404410901251,3.179839270708574,2.472621786164862,3.003660757198738,-0.3392415621750908,1.8157744485262013,0.2086137703700644,2.5002641287197003
33.0,165.0,1000.5426025390624,-4.38181940135786,-3.791399619586264,1.7098404294414218,3.179839270708765,2.47262178616488,3.003668488078424,-0.339241562270528,1.8157726510338543,0.2086230390980571,2.5002641287197003
33.0,165.0,1000.5426025390624,-4.38181940135786,-3.791399619586264,1.7098404410901251,3.179839270708817,2.472621786164862,3.003660757198738,-0.3392415621750908,1.8157744485262013,0.2086137238544499,2.5002641287197003
33.0,165.0,1000.5426025390624,-4.38181940135786,-3.791399619586264,1.7098403420858872,3.179839270709712,2.472621786164862,3.0036676782153937,-0.3392415621850866,1.815770970256744,0.2086143502420084,2.5002641287197003
33.0,165.0,1000.5426025390624,-4.38181940135786,-3.791399619586264,1.7098404294414218,3.179839270708765,2.4726217861648627,3.003668488078424,-0.339241562270528,1.8157726510338543,0.2086230390980571,2.5002641287197003
33.0,165.0,1000.5426025390624,-4.38181940135786,-3.791399619586264,1.7098403353941622,3.179839270708793,2.472621786164863,3.003677791959784,-0.3392415602942843,1.8157726460146384,0.208613768635581,2.5002641287197003
33.0,165.0,1000.5426025390624,-4.38181940135786,-3.791399619586264,1.7098403369228028,3.179839270708793,2.4726217861648467,3.003677791959784,-0.3392415623558534,1.8157727856240613,0.2086136569841203,2.5002641287197003
33.0,165.0,1000.5426025390624,-4.38181940135786,-3.791399619586264,1.7098404294414218,3.179839270708765,2.47262178616488,3.003668488078424,-0.339241561110106,1.815772619295396,0.2086223076305391,2.5002641287197003
33.0,165.0,1000.5426025390624,-4.38181940135786,-3.791399619586264,1.7098404302970067,3.1798392707221392,2.4726217861649955,3.003668488078424,-0.3392415622701736,1.8157726510338543,0.2086230390980571,2.5002641287197003
33.0,165.0,1000.5426025390624,-4.38181940135786,-3.791399619586264,1.7098404294414218,3.179839270708765,2.47262178616488,3.003668488078424,-0.339241561110106,1.815772619295396,0.2086223076305391,2.5002641287197003
33.0,165.0,1000.5426025390624,-4.38181940135786,-3.791399619586264,1.7098403353941622,3.179839270708793,2.472621786164863,3.003677791959784,-0.3392415623558534,1.8157727856240613,0.2086136569841203,2.5002641287197003
33.0,165.0,1000.5426025390624,-4.38181940135786,-3.791399619586264,1.7098404302970067,3.17983927070833,2.4726217861649955,3.003668488078424,-0.3392415622701736,1.8157726646904853,0.2086143376998105,2.5002641287197003
33.0,165.0,1000.5426025390624,-4.38181940135786,-3.791399619586264,1.7098403347843747,3.179839270709807,2.472621786164865,3.0036723503264384,-0.3392415622642545,1.815770955111256,0.2086137691487854,2.5002641287197003
33.0,165.0,1000.5426025390624,-4.38181940135786,-3.791399619586264,1.7098404302970067,3.1798392707221392,2.4726217861648565,3.003668488078424,-0.3392415622701736,1.815772654525296,0.2086141153501159,2.5002641287197003
33.0,165.0,1000.5426025390624,-4.38181940135786,-3.791399619586264,1.7098404294414218,3.179839270706791,2.472621786164998,3.003663554483168,-0.3392415623851919,1.815772652417452,0.2086218274457262,2.5002641287197003
33.0,165.0,1000.5426025390624,-4.38181940135786,-3.791399619586264,1.7098404294414218,3.179839270708765,2.472621786164881,3.003668488078424,-0.3392415622474325,1.8157726510338543,0.2086230390980571,2.5002641287197003
33.0,165.0,1000.5426025390624,-4.38181940135786,-3.791399619586264,1.7098404294414218,3.179839270708637,2.472621786164864,3.0036654808814074,-0.3392415622941276,1.8157726510338543,0.2086045384703378,2.5002641287197003
33.0,165.0,1000.5426025390624,-4.38181940135786,-3.791399619586264,1.7098404294414218,3.179839270708765,2.47262178616488,3.003668488078424,-0.3392415611011593,1.8157726510338543,0.2086223060200112,2.5002641287197003
33.0,165.0,1000.5426025390624,-4.38181940135786,-3.791399619586264,1.7098403453403448,3.179839270708793,2.472621786164863,3.003677044616322,-0.3392415623793538,1.8157727856240613,0.2086136569841203,2.5002641287197003
33.0,165.0,1000.5426025390624,-4.38181940135786,-3.791399619586264,1.7098404294414218,3.179839270708765,2.47262178616488,3.003668488078424,-0.3392415622710885,1.8157726510338543,0.2086230390980571,2.5002641287197003
33.0,165.0,1000.5426025390624,-4.38181940135786,-3.791399619586264,1.7098404294414218,3.179839270708757,2.4726217861648614,3.003667666776133,-0.339241562247788,1.8157726510338543,0.208614743559608,2.5002641287197003
33.0,165.0,1000.5426025390624,-4.38181940135786,-3.791399619586264,1.7098404294414218,3.179839270708765,2.47262178616488,3.003668488078424,-0.339241562270528,1.8157726515931216,0.2086230390980571,2.5002641287197003
33.0,165.0,1000.5426025390624,-4.38181940135786,-3.791399619586264,1.7098403353941622,3.1798392707084764,2.472621786164863,3.003668464280405,-0.3392415602942843,1.815772653960668,0.2086137716531048,2.5002641287197003
33.0,165.0,1000.5426025390624,-4.38181940135786,-3.791399619586264,1.7098404294422462,3.179839270722096,2.4726217861650213,3.0036674481036902,-0.3392415622701736,1.8157726522125663,0.2086230390980571,2.5002641287197003
33.0,165.0,1000.5426025390624,-4.38181940135786,-3.791399619586264,1.7098403452108242,3.179839270708766,2.472621786164864,3.003677044616322,-0.3392415623793538,1.8157726539566823,0.2086136569841203,2.5002641287197003
33.0,165.0,1000.5426025390624,-4.38181940135786,-3.791399619586264,1.7098404294414218,3.1798392707086403,2.4726217861648787,3.0036654808814074,-0.3392415604091006,1.8157710386035544,0.208613778620579,2.5002641287197003
33.0,165.0,1000.5426025390624,-4.38181940135786,-3.791399619586264,1.7098404294414218,3.179839270708765,2.47262178616488,3.003668488078424,-0.339241562270528,1.8157726510338543,0.2086230390980571,2.5002641287197003
33.0,165.0,1000.5426025390624,-4.38181940135786,-3.791399619586264,1.7098404302970067,3.17983927070833,2.4726217861649955,3.003668488078424,-0.3392415622701736,1.8157726646904853,0.2086143376998105,2.5002641287197003
33.0,165.0,1000.5426025390624,-4.38181940135786,-3.791399619586264,1.7098404300144514,3.1798392707084253,2.472621786164862,3.003660714415029,-0.3392415622713721,1.8157744485262013,0.2086137238544499,2.5002641287197003
33.0,165.0,1000.5426025390624,-4.38181940135786,-3.791399619586264,1.7098404294414218,3.179839270708765,2.472621786164881,3.003668488078424,-0.3392415622713455,1.8157726510338543,0.2086230390980571,2.5002641287197003
33.0,165.0,1000.5426025390624,-4.38181940135786,-3.791399619586264,1.7098403451711213,3.1798392707227703,2.4726217861648623,3.00368219255876,-0.3392415602991104,1.8157709439508591,0.2086137677655681,2.5002641287197003
33.0,165.0,1000.5426025390624,-4.38181940135786,-3.791399619586264,1.7098404294414218,3.179839270708765,2.47262178616488,3.003668488078424,-0.339241561110106,1.815772618736129,0.2086223076305391,2.5002641287197003
33.0,165.0,1000.5426025390624,-4.38181940135786,-3.791399619586264,1.7098404302970067,3.1798392707224554,2.4726217861648565,3.0036778157578023,-0.3392415622701736,1.815772646579267,0.2086141123325922,2.5002641287197003
33.0,165.0,1000.5426025390624,-4.38181940135786,-3.791399619586264,1.7098404294414218,3.179839270708765,2.47262178616488,3.003668602277252,-0.3392415611247337,1.815772619295396,0.2086223076305391,2.5002641287197003
33.0,165.0,1000.5426025390624,-4.38181940135786,-3.791399619586264,1.7098404294414218,3.1798392707086407,2.47262178616488,3.003668488078424,-0.3392415622483473,1.8157726510338543,0.2086230390980571,2.5002641287197003
33.0,165.0,1000.5426025390624,-4.38181940135786,-3.791399619586264,1.7098403353941622,3.179839270708793,2.472621786164864,3.003677791959784,-0.3392415621793114,1.8157725824985929,0.2086045753542724,2.5002641287197003
33.0,165.0,1000.5426025390624,-4.38181940135786,-3.791399619586264,1.7098404294414218,3.179839270708765,2.472621786164881,3.003668488078424,-0.3392415622701736,1.8157726510338543,0.2086230390980571,2.5002641287197003
33.0,165.0,1000.5426025390624,-4.38181940135786,-3.791399619586264,1.7098404294414218,3.179839270708765,2.47262178616488,3.003668488078424,-0.3392415622471755,1.8157726510338543,0.2086230390980571,2.5002641287197003
33.0,165.0,1000.5426025390624,-4.38181940135786,-3.791399619586264,1.709840441144125,3.179839270708574,2.47262178616488,3.003660757198738,-0.3392415621750908,1.8157744485262013,0.2086137703700644,2.5002641287197003
33.0,165.0,1000.5426025390624,-4.38181940135786,-3.791399619586264,1.7098404294414218,3.179839270708765,2.47262178616488,3.003668655372412,-0.3392415623654631,1.815772618736129,0.2086223076305391,2.5002641287197003
33.0,165.0,1000.5426025390624,-4.38181940135786,-3.791399619586264,1.7098404294414218,3.1798392707086407,2.47262178616488,3.003668488078424,-0.3392415622483473,1.8157726510338543,0.2086230390980571,2.5002641287197003
33.0,165.0,1000.5426025390624,-4.38181940135786,-3.791399619586264,1.7098404407105547,3.17983927070857,2.47262178616488,3.003668488078424,-0.339241562270528,1.8157726510338543,0.2086230390980571,2.5002641287197003
33.0,166.0,1000.5426025390624,-4.38181940135786,-3.791399619586264,1.7098404294414218,3.179839270708765,2.47262178616488,3.003668488078424,-0.339241562270528,1.8157726510338543,0.2086230390980571,2.5002641287197003
33.0,166.0,1000.5426025390624,-4.38181940135786,-3.791399619586264,1.7098403353941622,3.179839270708793,2.472621786164863,3.003677791959784,-0.3392415623558534,1.8157727856240613,0.2086136569841203,2.5002641287197003
33.0,166.0,1000.5426025390624,-4.38181940135786,-3.791399619586264,1.7098404294414218,3.179839270708765,2.472621786164881,3.003668488078424,-0.3392415622479929,1.8157726510338543,0.2086230390980571,2.5002641287197003
33.0,166.0,1000.5426025390624,-4.38181940135786,-3.791399619586264,1.7098404294414218,3.179839270708765,2.472621786164881,3.003668488078424,-0.3392415622701736,1.8157726510338543,0.2086230390980571,2.5002641287197003
33.0,166.0,1000.5426025390624,-4.38181940135786,-3.791399619586264,1.7098404294414218,3.179839270708765,2.47262178616488,3.003668488078424,-0.3392415622483473,1.8157726510338543,0.2086230390980571,2.5002641287197003
33.0,166.0,1000.5426025390624,-4.38181940135786,-3.791399619586264,1.7098404294414218,3.1798392707086403,2.4726217861648787,3.0036654808814074,-0.3392415622941276,1.8157726510338543,0.2086045853392703,2.5002641287197003
33.0,166.0,1000.5426025390624,-4.38181940135786,-3.791399619586264,1.7098404294414218,3.179839270708765,2.47262178616488,3.003668488078424,-0.339241562270528,1.8157726510338543,0.2086230390980571,2.5002641287197003
33.0,166.0,1000.5426025390624,-4.38181940135786,-3.791399619586264,1.7098403353941622,3.179839270708793,2.472621786164863,3.003677791959784,-0.3392415602942843,1.8157709700682927,0.208613768635581,2.5002641287197003
33.0,166.0,1000.5426025390624,-4.38181940135786,-3.791399619586264,1.7098404410901251,3.179839270708574,2.472621786164862,3.003660757198738,-0.3392415621750908,1.8157744485262013,0.2086137703700644,2.5002641287197003
33.0,166.0,1000.5426025390624,-4.38181940135786,-3.791399619586264,1.7098404294414218,3.179839270708765,2.47262178616488,3.003668488078424,-0.339241562270528,1.8157726510338543,0.2086230390980571,2.5002641287197003
33.0,166.0,1000.5426025390624,-4.38181940135786,-3.791399619586264,1.7098404410901251,3.179839270708817,2.472621786164862,3.003660757198738,-0.3392415621750908,1.8157744485262013,0.2086137238544499,2.5002641287197003
33.0,166.0,1000.5426025390624,-4.38181940135786,-3.791399619586264,1.7098403420858872,3.179839270709712,2.472621786164862,3.0036676782153937,-0.3392415621850866,1.815770970256744,0.2086143502420084,2.5002641287197003
33.0,166.0,1000.5426025390624,-4.38181940135786,-3.791399619586264,1.7098404294414218,3.179839270708765,2.4726217861648627,3.003668488078424,-0.339241562270528,1.8157726510338543,0.2086230390980571,2.5002641287197003
33.0,166.0,1000.5426025390624,-4.38181940135786,-3.791399619586264,1.7098403353941622,3.179839270708793,2.472621786164863,3.003677791959784,-0.3392415602942843,1.8157726460146384,0.208613768635581,2.5002641287197003
33.0,166.0,1000.5426025390624,-4.38181940135786,-3.791399619586264,1.7098403369228028,3.179839270708793,2.4726217861648467,3.003677791959784,-0.3392415623558534,1.8157727856240613,0.2086136569841203,2.5002641287197003
33.0,166.0,1000.5426025390624,-4.38181940135786,-3.791399619586264,1.7098404294414218,3.179839270708765,2.47262178616488,3.003668488078424,-0.339241561110106,1.815772619295396,0.2086223076305391,2.5002641287197003
33.0,166.0,1000.5426025390624,-4.38181940135786,-3.791399619586264,1.7098404302970067,3.1798392707221392,2.4726217861649955,3.003668488078424,-0.3392415622701736,1.8157726510338543,0.2086230390980571,2.5002641287197003
33.0,166.0,1000.5426025390624,-4.38181940135786,-3.791399619586264,1.7098404294414218,3.179839270708765,2.47262178616488,3.003668488078424,-0.339241561110106,1.815772619295396,0.2086223076305391,2.5002641287197003
33.0,166.0,1000.5426025390624,-4.38181940135786,-3.791399619586264,1.7098403353941622,3.179839270708793,2.472621786164863,3.003677791959784,-0.3392415623558534,1.8157727856240613,0.2086136569841203,2.5002641287197003
33.0,166.0,1000.5426025390624,-4.38181940135786,-3.791399619586264,1.7098404302970067,3.17983927070833,2.4726217861649955,3.003668488078424,-0.3392415622701736,1.8157726646904853,0.2086143376998105,2.5002641287197003
33.0,166.0,1000.5426025390624,-4.38181940135786,-3.791399619586264,1.7098403347843747,3.179839270709807,2.472621786164865,3.0036723503264384,-0.3392415622642545,1.815770955111256,0.2086137691487854,2.5002641287197003
33.0,166.0,1000.5426025390624,-4.38181940135786,-3.791399619586264,1.7098404302970067,3.1798392707221392,2.4726217861648565,3.003668488078424,-0.3392415622701736,1.815772654525296,0.2086141153501159,2.5002641287197003
33.0,166.0,1000.5426025390624,-4.38181940135786,-3.791399619586264,1.7098404294414218,3.179839270706791,2.472621786164998,3.003663554483168,-0.3392415623851919,1.815772652417452,0.2086218274457262,2.5002641287197003
33.0,166.0,1000.5426025390624,-4.38181940135786,-3.791399619586264,1.7098404294414218,3.179839270708765,2.472621786164881,3.003668488078424,-0.3392415622474325,1.8157726510338543,0.2086230390980571,2.5002641287197003
33.0,166.0,1000.5426025390624,-4.38181940135786,-3.791399619586264,1.7098404294414218,3.179839270708637,2.472621786164864,3.0036654808814074,-0.3392415622941276,1.8157726510338543,0.2086045384703378,2.5002641287197003
33.0,166.0,1000.5426025390624,-4.38181940135786,-3.791399619586264,1.7098404294414218,3.179839270708765,2.47262178616488,3.003668488078424,-0.3392415611011593,1.8157726510338543,0.2086223060200112,2.5002641287197003
33.0,166.0,1000.5426025390624,-4.38181940135786,-3.791399619586264,1.7098403453403448,3.179839270708793,2.472621786164863,3.003677044616322,-0.3392415623793538,1.8157727856240613,0.2086136569841203,2.5002641287197003
33.0,166.0,1000.5426025390624,-4.38181940135786,-3.791399619586264,1.7098404294414218,3.179839270708765,2.47262178616488,3.003668488078424,-0.3392415622710885,1.8157726510338543,0.2086230390980571,2.5002641287197003
33.0,166.0,1000.5426025390624,-4.38181940135786,-3.791399619586264,1.7098404294414218,3.179839270708757,2.4726217861648614,3.003667666776133,-0.339241562247788,1.8157726510338543,0.208614743559608,2.5002641287197003
33.0,166.0,1000.5426025390624,-4.38181940135786,-3.791399619586264,1.7098404294414218,3.179839270708765,2.47262178616488,3.003668488078424,-0.339241562270528,1.8157726515931216,0.2086230390980571,2.5002641287197003
33.0,166.0,1000.5426025390624,-4.38181940135786,-3.791399619586264,1.7098403353941622,3.1798392707084764,2.472621786164863,3.003668464280405,-0.3392415602942843,1.815772653960668,0.2086137716531048,2.5002641287197003
33.0,166.0,1000.5426025390624,-4.38181940135786,-3.791399619586264,1.7098404294422462,3.179839270722096,2.4726217861650213,3.0036674481036902,-0.3392415622701736,1.8157726522125663,0.2086230390980571,2.5002641287197003
33.0,166.0,1000.5426025390624,-4.38181940135786,-3.791399619586264,1.7098403452108242,3.179839270708766,2.472621786164864,3.003677044616322,-0.3392415623793538,1.8157726539566823,0.2086136569841203,2.5002641287197003
33.0,166.0,1000.5426025390624,-4.38181940135786,-3.791399619586264,1.7098404294414218,3.1798392707086403,2.4726217861648787,3.0036654808814074,-0.3392415604091006,1.8157710386035544,0.208613778620579,2.5002641287197003
33.0,166.0,1000.5426025390624,-4.38181940135786,-3.791399619586264,1.7098404294414218,3.179839270708765,2.47262178616488,3.003668488078424,-0.339241562270528,1.8157726510338543,0.2086230390980571,2.5002641287197003
33.0,166.0,1000.5426025390624,-4.38181940135786,-3.791399619586264,1.7098404302970067,3.17983927070833,2.4726217861649955,3.003668488078424,-0.3392415622701736,1.8157726646904853,0.2086143376998105,2.5002641287197003
33.0,166.0,1000.5426025390624,-4.38181940135786,-3.791399619586264,1.7098404300144514,3.1798392707084253,2.472621786164862,3.003660714415029,-0.3392415622713721,1.8157744485262013,0.2086137238544499,2.5002641287197003
33.0,166.0,1000.5426025390624,-4.38181940135786,-3.791399619586264,1.7098404294414218,3.179839270708765,2.472621786164881,3.003668488078424,-0.3392415622713455,1.8157726510338543,0.2086230390980571,2.5002641287197003
33.0,166.0,1000.5426025390624,-4.38181940135786,-3.791399619586264,1.7098403451711213,3.1798392707227703,2.4726217861648623,3.00368219255876,-0.3392415602991104,1.8157709439508591,0.2086137677655681,2.5002641287197003
33.0,166.0,1000.5426025390624,-4.38181940135786,-3.791399619586264,1.7098404294414218,3.179839270708765,2.47262178616488,3.003668488078424,-0.339241561110106,1.815772618736129,0.2086223076305391,2.5002641287197003
33.0,166.0,1000.5426025390624,-4.38181940135786,-3.791399619586264,1.7098404302970067,3.1798392707224554,2.4726217861648565,3.0036778157578023,-0.3392415622701736,1.815772646579267,0.2086141123325922,2.5002641287197003
33.0,166.0,1000.5426025390624,-4.38181940135786,-3.791399619586264,1.7098404294414218,3.179839270708765,2.47262178616488,3.003668602277252,-0.3392415611247337,1.815772619295396,0.2086223076305391,2.5002641287197003
33.0,166.0,1000.5426025390624,-4.38181940135786,-3.791399619586264,1.7098404294414218,3.1798392707086407,2.47262178616488,3.003668488078424,-0.3392415622483473,1.8157726510338543,0.2086230390980571,2.5002641287197003
33.0,166.0,1000.5426025390624,-4.38181940135786,-3.791399619586264,1.7098403353941622,3.179839270708793,2.472621786164864,3.003677791959784,-0.3392415621793114,1.8157725824985929,0.2086045753542724,2.5002641287197003
33.0,166.0,1000.5426025390624,-4.38181940135786,-3.791399619586264,1.7098404294414218,3.179839270708765,2.472621786164881,3.003668488078424,-0.3392415622701736,1.8157726510338543,0.2086230390980571,2.5002641287197003
33.0,166.0,1000.5426025390624,-4.38181940135786,-3.791399619586264,1.7098404294414218,3.179839270708765,2.47262178616488,3.003668488078424,-0.3392415622471755,1.8157726510338543,0.2086230390980571,2.5002641287197003
33.0,166.0,1000.5426025390624,-4.38181940135786,-3.791399619586264,1.709840441144125,3.179839270708574,2.47262178616488,3.003660757198738,-0.3392415621750908,1.8157744485262013,0.2086137703700644,2.5002641287197003
33.0,166.0,1000.5426025390624,-4.38181940135786,-3.791399619586264,1.7098404294414218,3.179839270708765,2.47262178616488,3.003668655372412,-0.3392415623654631,1.815772618736129,0.2086223076305391,2.5002641287197003
33.0,166.0,1000.5426025390624,-4.38181940135786,-3.791399619586264,1.7098404294414218,3.1798392707086407,2.47262178616488,3.003668488078424,-0.3392415622483473,1.8157726510338543,0.2086230390980571,2.5002641287197003
33.0,166.0,1000.5426025390624,-4.38181940135786,-3.791399619586264,1.7098404407105547,3.17983927070857,2.47262178616488,3.003668488078424,-0.339241562270528,1.8157726510338543,0.2086230390980571,2.5002641287197003
33.0,167.0,1000.5426025390624,-4.38181940135786,-3.791399619586264,1.7098404294414218,3.179839270708765,2.47262178616488,3.003668488078424,-0.339241562270528,1.8157726510338543,0.2086230390980571,2.5002641287197003
33.0,167.0,1000.5426025390624,-4.38181940135786,-3.791399619586264,1.7098403353941622,3.179839270708793,2.472621786164863,3.003677791959784,-0.3392415623558534,1.8157727856240613,0.2086136569841203,2.5002641287197003
33.0,167.0,1000.5426025390624,-4.38181940135786,-3.791399619586264,1.7098404294414218,3.179839270708765,2.472621786164881,3.003668488078424,-0.3392415622479929,1.8157726510338543,0.2086230390980571,2.5002641287197003
33.0,167.0,1000.5426025390624,-4.38181940135786,-3.791399619586264,1.7098404294414218,3.179839270708765,2.472621786164881,3.003668488078424,-0.3392415622701736,1.8157726510338543,0.2086230390980571,2.5002641287197003
33.0,167.0,1000.5426025390624,-4.38181940135786,-3.791399619586264,1.7098404294414218,3.179839270708765,2.47262178616488,3.003668488078424,-0.3392415622483473,1.8157726510338543,0.2086230390980571,2.5002641287197003
33.0,167.0,1000.5426025390624,-4.38181940135786,-3.791399619586264,1.7098404294414218,3.1798392707086403,2.4726217861648787,3.0036654808814074,-0.3392415622941276,1.8157726510338543,0.2086045853392703,2.5002641287197003
33.0,167.0,1000.5426025390624,-4.38181940135786,-3.791399619586264,1.7098404294414218,3.179839270708765,2.47262178616488,3.003668488078424,-0.339241562270528,1.8157726510338543,0.2086230390980571,2.5002641287197003
33.0,167.0,1000.5426025390624,-4.38181940135786,-3.791399619586264,1.7098403353941622,3.179839270708793,2.472621786164863,3.003677791959784,-0.3392415602942843,1.8157709700682927,0.208613768635581,2.5002641287197003
33.0,167.0,1000.5426025390624,-4.38181940135786,-3.791399619586264,1.7098404410901251,3.179839270708574,2.472621786164862,3.003660757198738,-0.3392415621750908,1.8157744485262013,0.2086137703700644,2.5002641287197003
33.0,167.0,1000.5426025390624,-4.38181940135786,-3.791399619586264,1.7098404294414218,3.179839270708765,2.47262178616488,3.003668488078424,-0.339241562270528,1.8157726510338543,0.2086230390980571,2.5002641287197003
33.0,167.0,1000.5426025390624,-4.38181940135786,-3.791399619586264,1.7098404410901251,3.179839270708817,2.472621786164862,3.003660757198738,-0.3392415621750908,1.8157744485262013,0.2086137238544499,2.5002641287197003
33.0,167.0,1000.5426025390624,-4.38181940135786,-3.791399619586264,1.7098403420858872,3.179839270709712,2.472621786164862,3.0036676782153937,-0.3392415621850866,1.815770970256744,0.2086143502420084,2.5002641287197003
33.0,167.0,1000.5426025390624,-4.38181940135786,-3.791399619586264,1.7098404294414218,3.179839270708765,2.4726217861648627,3.003668488078424,-0.339241562270528,1.8157726510338543,0.2086230390980571,2.5002641287197003
33.0,167.0,1000.5426025390624,-4.38181940135786,-3.791399619586264,1.7098403353941622,3.179839270708793,2.472621786164863,3.003677791959784,-0.3392415602942843,1.8157726460146384,0.208613768635581,2.5002641287197003
33.0,167.0,1000.5426025390624,-4.38181940135786,-3.791399619586264,1.7098403369228028,3.179839270708793,2.4726217861648467,3.003677791959784,-0.3392415623558534,1.8157727856240613,0.2086136569841203,2.5002641287197003
33.0,167.0,1000.5426025390624,-4.38181940135786,-3.791399619586264,1.7098404294414218,3.179839270708765,2.47262178616488,3.003668488078424,-0.339241561110106,1.815772619295396,0.2086223076305391,2.5002641287197003
33.0,167.0,1000.5426025390624,-4.38181940135786,-3.791399619586264,1.7098404302970067,3.1798392707221392,2.4726217861649955,3.003668488078424,-0.3392415622701736,1.8157726510338543,0.2086230390980571,2.5002641287197003
33.0,167.0,1000.5426025390624,-4.38181940135786,-3.791399619586264,1.7098404294414218,3.179839270708765,2.47262178616488,3.003668488078424,-0.339241561110106,1.815772619295396,0.2086223076305391,2.5002641287197003
33.0,167.0,1000.5426025390624,-4.38181940135786,-3.791399619586264,1.7098403353941622,3.179839270708793,2.472621786164863,3.003677791959784,-0.3392415623558534,1.8157727856240613,0.2086136569841203,2.5002641287197003
33.0,167.0,1000.5426025390624,-4.38181940135786,-3.791399619586264,1.7098404302970067,3.17983927070833,2.4726217861649955,3.003668488078424,-0.3392415622701736,1.8157726646904853,0.2086143376998105,2.5002641287197003
33.0,167.0,1000.5426025390624,-4.38181940135786,-3.791399619586264,1.7098403347843747,3.179839270709807,2.472621786164865,3.0036723503264384,-0.3392415622642545,1.815770955111256,0.2086137691487854,2.5002641287197003
33.0,167.0,1000.5426025390624,-4.38181940135786,-3.791399619586264,1.7098404302970067,3.1798392707221392,2.4726217861648565,3.003668488078424,-0.3392415622701736,1.815772654525296,0.2086141153501159,2.5002641287197003
33.0,167.0,1000.5426025390624,-4.38181940135786,-3.791399619586264,1.7098404294414218,3.179839270706791,2.472621786164998,3.003663554483168,-0.3392415623851919,1.815772652417452,0.2086218274457262,2.5002641287197003
33.0,167.0,1000.5426025390624,-4.38181940135786,-3.791399619586264,1.7098404294414218,3.179839270708765,2.472621786164881,3.003668488078424,-0.3392415622474325,1.8157726510338543,0.2086230390980571,2.5002641287197003
33.0,167.0,1000.5426025390624,-4.38181940135786,-3.791399619586264,1.7098404294414218,3.179839270708637,2.472621786164864,3.0036654808814074,-0.3392415622941276,1.8157726510338543,0.2086045384703378,2.5002641287197003
33.0,167.0,1000.5426025390624,-4.38181940135786,-3.791399619586264,1.7098404294414218,3.179839270708765,2.47262178616488,3.003668488078424,-0.3392415611011593,1.8157726510338543,0.2086223060200112,2.5002641287197003
33.0,167.0,1000.5426025390624,-4.38181940135786,-3.791399619586264,1.7098403453403448,3.179839270708793,2.472621786164863,3.003677044616322,-0.3392415623793538,1.8157727856240613,0.2086136569841203,2.5002641287197003
33.0,167.0,1000.5426025390624,-4.38181940135786,-3.791399619586264,1.7098404294414218,3.179839270708765,2.47262178616488,3.003668488078424,-0.3392415622710885,1.8157726510338543,0.2086230390980571,2.5002641287197003
33.0,167.0,1000.5426025390624,-4.38181940135786,-3.791399619586264,1.7098404294414218,3.179839270708757,2.4726217861648614,3.003667666776133,-0.339241562247788,1.8157726510338543,0.208614743559608,2.5002641287197003
33.0,167.0,1000.5426025390624,-4.38181940135786,-3.791399619586264,1.7098404294414218,3.179839270708765,2.47262178616488,3.003668488078424,-0.339241562270528,1.8157726515931216,0.2086230390980571,2.5002641287197003
33.0,167.0,1000.5426025390624,-4.38181940135786,-3.791399619586264,1.7098403353941622,3.1798392707084764,2.472621786164863,3.003668464280405,-0.3392415602942843,1.815772653960668,0.2086137716531048,2.5002641287197003
33.0,167.0,1000.5426025390624,-4.38181940135786,-3.791399619586264,1.7098404294422462,3.179839270722096,2.4726217861650213,3.0036674481036902,-0.3392415622701736,1.8157726522125663,0.2086230390980571,2.5002641287197003
33.0,167.0,1000.5426025390624,-4.38181940135786,-3.791399619586264,1.7098403452108242,3.179839270708766,2.472621786164864,3.003677044616322,-0.3392415623793538,1.8157726539566823,0.2086136569841203,2.5002641287197003
33.0,167.0,1000.5426025390624,-4.38181940135786,-3.791399619586264,1.7098404294414218,3.1798392707086403,2.4726217861648787,3.0036654808814074,-0.3392415604091006,1.8157710386035544,0.208613778620579,2.5002641287197003
33.0,167.0,1000.5426025390624,-4.38181940135786,-3.791399619586264,1.7098404294414218,3.179839270708765,2.47262178616488,3.003668488078424,-0.339241562270528,1.8157726510338543,0.2086230390980571,2.5002641287197003
33.0,167.0,1000.5426025390624,-4.38181940135786,-3.791399619586264,1.7098404302970067,3.17983927070833,2.4726217861649955,3.003668488078424,-0.3392415622701736,1.8157726646904853,0.2086143376998105,2.5002641287197003
33.0,167.0,1000.5426025390624,-4.38181940135786,-3.791399619586264,1.7098404300144514,3.1798392707084253,2.472621786164862,3.003660714415029,-0.3392415622713721,1.8157744485262013,0.2086137238544499,2.5002641287197003
33.0,167.0,1000.5426025390624,-4.38181940135786,-3.791399619586264,1.7098404294414218,3.179839270708765,2.472621786164881,3.003668488078424,-0.3392415622713455,1.8157726510338543,0.2086230390980571,2.5002641287197003
33.0,167.0,1000.5426025390624,-4.38181940135786,-3.791399619586264,1.7098403451711213,3.1798392707227703,2.4726217861648623,3.00368219255876,-0.3392415602991104,1.8157709439508591,0.2086137677655681,2.5002641287197003
33.0,167.0,1000.5426025390624,-4.38181940135786,-3.791399619586264,1.7098404294414218,3.179839270708765,2.47262178616488,3.003668488078424,-0.339241561110106,1.815772618736129,0.2086223076305391,2.5002641287197003
33.0,167.0,1000.5426025390624,-4.38181940135786,-3.791399619586264,1.7098404302970067,3.1798392707224554,2.4726217861648565,3.0036778157578023,-0.3392415622701736,1.815772646579267,0.2086141123325922,2.5002641287197003
33.0,167.0,1000.5426025390624,-4.38181940135786,-3.791399619586264,1.7098404294414218,3.179839270708765,2.47262178616488,3.003668602277252,-0.3392415611247337,1.815772619295396,0.2086223076305391,2.5002641287197003
33.0,167.0,1000.5426025390624,-4.38181940135786,-3.791399619586264,1.7098404294414218,3.1798392707086407,2.47262178616488,3.003668488078424,-0.3392415622483473,1.8157726510338543,0.2086230390980571,2.5002641287197003
33.0,167.0,1000.5426025390624,-4.38181940135786,-3.791399619586264,1.7098403353941622,3.179839270708793,2.472621786164864,3.003677791959784,-0.3392415621793114,1.8157725824985929,0.2086045753542724,2.5002641287197003
33.0,167.0,1000.5426025390624,-4.38181940135786,-3.791399619586264,1.7098404294414218,3.179839270708765,2.472621786164881,3.003668488078424,-0.3392415622701736,1.8157726510338543,0.2086230390980571,2.5002641287197003
33.0,167.0,1000.5426025390624,-4.38181940135786,-3.791399619586264,1.7098404294414218,3.179839270708765,2.47262178616488,3.003668488078424,-0.3392415622471755,1.8157726510338543,0.2086230390980571,2.5002641287197003
33.0,167.0,1000.5426025390624,-4.38181940135786,-3.791399619586264,1.709840441144125,3.179839270708574,2.47262178616488,3.003660757198738,-0.3392415621750908,1.8157744485262013,0.2086137703700644,2.5002641287197003
33.0,167.0,1000.5426025390624,-4.38181940135786,-3.791399619586264,1.7098404294414218,3.179839270708765,2.47262178616488,3.003668655372412,-0.3392415623654631,1.815772618736129,0.2086223076305391,2.5002641287197003
33.0,167.0,1000.5426025390624,-4.38181940135786,-3.791399619586264,1.7098404294414218,3.1798392707086407,2.47262178616488,3.003668488078424,-0.3392415622483473,1.8157726510338543,0.2086230390980571,2.5002641287197003
33.0,167.0,1000.5426025390624,-4.38181940135786,-3.791399619586264,1.7098404407105547,3.17983927070857,2.47262178616488,3.003668488078424,-0.339241562270528,1.8157726510338543,0.2086230390980571,2.5002641287197003
33.0,168.0,1000.5426025390624,-4.38181940135786,-3.791399619586264,1.7098404294414218,3.179839270708765,2.47262178616488,3.003668488078424,-0.339241562270528,1.8157726510338543,0.2086230390980571,2.5002641287197003
33.0,168.0,1000.5426025390624,-4.38181940135786,-3.791399619586264,1.7098403353941622,3.179839270708793,2.472621786164863,3.003677791959784,-0.3392415623558534,1.8157727856240613,0.2086136569841203,2.5002641287197003
33.0,168.0,1000.5426025390624,-4.38181940135786,-3.791399619586264,1.7098404294414218,3.179839270708765,2.472621786164881,3.003668488078424,-0.3392415622479929,1.8157726510338543,0.2086230390980571,2.5002641287197003
33.0,168.0,1000.5426025390624,-4.38181940135786,-3.791399619586264,1.7098404294414218,3.179839270708765,2.472621786164881,3.003668488078424,-0.3392415622701736,1.8157726510338543,0.2086230390980571,2.5002641287197003
33.0,168.0,1000.5426025390624,-4.38181940135786,-3.791399619586264,1.7098404294414218,3.179839270708765,2.47262178616488,3.003668488078424,-0.3392415622483473,1.8157726510338543,0.2086230390980571,2.5002641287197003
33.0,168.0,1000.5426025390624,-4.38181940135786,-3.791399619586264,1.7098404294414218,3.1798392707086403,2.4726217861648787,3.0036654808814074,-0.3392415622941276,1.8157726510338543,0.2086045853392703,2.5002641287197003
33.0,168.0,1000.5426025390624,-4.38181940135786,-3.791399619586264,1.7098404294414218,3.179839270708765,2.47262178616488,3.003668488078424,-0.339241562270528,1.8157726510338543,0.2086230390980571,2.5002641287197003
33.0,168.0,1000.5426025390624,-4.38181940135786,-3.791399619586264,1.7098403353941622,3.179839270708793,2.472621786164863,3.003677791959784,-0.3392415602942843,1.8157709700682927,0.208613768635581,2.5002641287197003
33.0,168.0,1000.5426025390624,-4.38181940135786,-3.791399619586264,1.7098404410901251,3.179839270708574,2.472621786164862,3.003660757198738,-0.3392415621750908,1.8157744485262013,0.2086137703700644,2.5002641287197003
33.0,168.0,1000.5426025390624,-4.38181940135786,-3.791399619586264,1.7098404294414218,3.179839270708765,2.47262178616488,3.003668488078424,-0.339241562270528,1.8157726510338543,0.2086230390980571,2.5002641287197003
33.0,168.0,1000.5426025390624,-4.38181940135786,-3.791399619586264,1.7098404410901251,3.179839270708817,2.472621786164862,3.003660757198738,-0.3392415621750908,1.8157744485262013,0.2086137238544499,2.5002641287197003
33.0,168.0,1000.5426025390624,-4.38181940135786,-3.791399619586264,1.7098403420858872,3.179839270709712,2.472621786164862,3.0036676782153937,-0.3392415621850866,1.815770970256744,0.2086143502420084,2.5002641287197003
33.0,168.0,1000.5426025390624,-4.38181940135786,-3.791399619586264,1.7098404294414218,3.179839270708765,2.4726217861648627,3.003668488078424,-0.339241562270528,1.8157726510338543,0.2086230390980571,2.5002641287197003
33.0,168.0,1000.5426025390624,-4.38181940135786,-3.791399619586264,1.7098403353941622,3.179839270708793,2.472621786164863,3.003677791959784,-0.3392415602942843,1.8157726460146384,0.208613768635581,2.5002641287197003
33.0,168.0,1000.5426025390624,-4.38181940135786,-3.791399619586264,1.7098403369228028,3.179839270708793,2.4726217861648467,3.003677791959784,-0.3392415623558534,1.8157727856240613,0.2086136569841203,2.5002641287197003
33.0,168.0,1000.5426025390624,-4.38181940135786,-3.791399619586264,1.7098404294414218,3.179839270708765,2.47262178616488,3.003668488078424,-0.339241561110106,1.815772619295396,0.2086223076305391,2.5002641287197003
33.0,168.0,1000.5426025390624,-4.38181940135786,-3.791399619586264,1.7098404302970067,3.1798392707221392,2.4726217861649955,3.003668488078424,-0.3392415622701736,1.8157726510338543,0.2086230390980571,2.5002641287197003
33.0,168.0,1000.5426025390624,-4.38181940135786,-3.791399619586264,1.7098404294414218,3.179839270708765,2.47262178616488,3.003668488078424,-0.339241561110106,1.815772619295396,0.2086223076305391,2.5002641287197003
33.0,168.0,1000.5426025390624,-4.38181940135786,-3.791399619586264,1.7098403353941622,3.179839270708793,2.472621786164863,3.003677791959784,-0.3392415623558534,1.8157727856240613,0.2086136569841203,2.5002641287197003
33.0,168.0,1000.5426025390624,-4.38181940135786,-3.791399619586264,1.7098404302970067,3.17983927070833,2.4726217861649955,3.003668488078424,-0.3392415622701736,1.8157726646904853,0.2086143376998105,2.5002641287197003
33.0,168.0,1000.5426025390624,-4.38181940135786,-3.791399619586264,1.7098403347843747,3.179839270709807,2.472621786164865,3.0036723503264384,-0.3392415622642545,1.815770955111256,0.2086137691487854,2.5002641287197003
33.0,168.0,1000.5426025390624,-4.38181940135786,-3.791399619586264,1.7098404302970067,3.1798392707221392,2.4726217861648565,3.003668488078424,-0.3392415622701736,1.815772654525296,0.2086141153501159,2.5002641287197003
33.0,168.0,1000.5426025390624,-4.38181940135786,-3.791399619586264,1.7098404294414218,3.179839270706791,2.472621786164998,3.003663554483168,-0.3392415623851919,1.815772652417452,0.2086218274457262,2.5002641287197003
33.0,168.0,1000.5426025390624,-4.38181940135786,-3.791399619586264,1.7098404294414218,3.179839270708765,2.472621786164881,3.003668488078424,-0.3392415622474325,1.8157726510338543,0.2086230390980571,2.5002641287197003
33.0,168.0,1000.5426025390624,-4.38181940135786,-3.791399619586264,1.7098404294414218,3.179839270708637,2.472621786164864,3.0036654808814074,-0.3392415622941276,1.8157726510338543,0.2086045384703378,2.5002641287197003
33.0,168.0,1000.5426025390624,-4.38181940135786,-3.791399619586264,1.7098404294414218,3.179839270708765,2.47262178616488,3.003668488078424,-0.3392415611011593,1.8157726510338543,0.2086223060200112,2.5002641287197003
33.0,168.0,1000.5426025390624,-4.38181940135786,-3.791399619586264,1.7098403453403448,3.179839270708793,2.472621786164863,3.003677044616322,-0.3392415623793538,1.8157727856240613,0.2086136569841203,2.5002641287197003
33.0,168.0,1000.5426025390624,-4.38181940135786,-3.791399619586264,1.7098404294414218,3.179839270708765,2.47262178616488,3.003668488078424,-0.3392415622710885,1.8157726510338543,0.2086230390980571,2.5002641287197003
33.0,168.0,1000.5426025390624,-4.38181940135786,-3.791399619586264,1.7098404294414218,3.179839270708757,2.4726217861648614,3.003667666776133,-0.339241562247788,1.8157726510338543,0.208614743559608,2.5002641287197003
33.0,168.0,1000.5426025390624,-4.38181940135786,-3.791399619586264,1.7098404294414218,3.179839270708765,2.47262178616488,3.003668488078424,-0.339241562270528,1.8157726515931216,0.2086230390980571,2.5002641287197003
33.0,168.0,1000.5426025390624,-4.38181940135786,-3.791399619586264,1.7098403353941622,3.1798392707084764,2.472621786164863,3.003668464280405,-0.3392415602942843,1.815772653960668,0.2086137716531048,2.5002641287197003
33.0,168.0,1000.5426025390624,-4.38181940135786,-3.791399619586264,1.7098404294422462,3.179839270722096,2.4726217861650213,3.0036674481036902,-0.3392415622701736,1.8157726522125663,0.2086230390980571,2.5002641287197003
33.0,168.0,1000.5426025390624,-4.38181940135786,-3.791399619586264,1.7098403452108242,3.179839270708766,2.472621786164864,3.003677044616322,-0.3392415623793538,1.8157726539566823,0.2086136569841203,2.5002641287197003
33.0,168.0,1000.5426025390624,-4.38181940135786,-3.791399619586264,1.7098404294414218,3.1798392707086403,2.4726217861648787,3.0036654808814074,-0.3392415604091006,1.8157710386035544,0.208613778620579,2.5002641287197003
33.0,168.0,1000.5426025390624,-4.38181940135786,-3.791399619586264,1.7098404294414218,3.179839270708765,2.47262178616488,3.003668488078424,-0.339241562270528,1.8157726510338543,0.2086230390980571,2.5002641287197003
33.0,168.0,1000.5426025390624,-4.38181940135786,-3.791399619586264,1.7098404302970067,3.17983927070833,2.4726217861649955,3.003668488078424,-0.3392415622701736,1.8157726646904853,0.2086143376998105,2.5002641287197003
33.0,168.0,1000.5426025390624,-4.38181940135786,-3.791399619586264,1.7098404300144514,3.1798392707084253,2.472621786164862,3.003660714415029,-0.3392415622713721,1.8157744485262013,0.2086137238544499,2.5002641287197003
33.0,168.0,1000.5426025390624,-4.38181940135786,-3.791399619586264,1.7098404294414218,3.179839270708765,2.472621786164881,3.003668488078424,-0.3392415622713455,1.8157726510338543,0.2086230390980571,2.5002641287197003
33.0,168.0,1000.5426025390624,-4.38181940135786,-3.791399619586264,1.7098403451711213,3.1798392707227703,2.4726217861648623,3.00368219255876,-0.3392415602991104,1.8157709439508591,0.2086137677655681,2.5002641287197003
33.0,168.0,1000.5426025390624,-4.38181940135786,-3.791399619586264,1.7098404294414218,3.179839270708765,2.47262178616488,3.003668488078424,-0.339241561110106,1.815772618736129,0.2086223076305391,2.5002641287197003
33.0,168.0,1000.5426025390624,-4.38181940135786,-3.791399619586264,1.7098404302970067,3.1798392707224554,2.4726217861648565,3.0036778157578023,-0.3392415622701736,1.815772646579267,0.2086141123325922,2.5002641287197003
33.0,168.0,1000.5426025390624,-4.38181940135786,-3.791399619586264,1.7098404294414218,3.179839270708765,2.47262178616488,3.003668602277252,-0.3392415611247337,1.815772619295396,0.2086223076305391,2.5002641287197003
33.0,168.0,1000.5426025390624,-4.38181940135786,-3.791399619586264,1.7098404294414218,3.1798392707086407,2.47262178616488,3.003668488078424,-0.3392415622483473,1.8157726510338543,0.2086230390980571,2.5002641287197003
33.0,168.0,1000.5426025390624,-4.38181940135786,-3.791399619586264,1.7098403353941622,3.179839270708793,2.472621786164864,3.003677791959784,-0.3392415621793114,1.8157725824985929,0.2086045753542724,2.5002641287197003
33.0,168.0,1000.5426025390624,-4.38181940135786,-3.791399619586264,1.7098404294414218,3.179839270708765,2.472621786164881,3.003668488078424,-0.3392415622701736,1.8157726510338543,0.2086230390980571,2.5002641287197003
33.0,168.0,1000.5426025390624,-4.38181940135786,-3.791399619586264,1.7098404294414218,3.179839270708765,2.47262178616488,3.003668488078424,-0.3392415622471755,1.8157726510338543,0.2086230390980571,2.5002641287197003
33.0,168.0,1000.5426025390624,-4.38181940135786,-3.791399619586264,1.709840441144125,3.179839270708574,2.47262178616488,3.003660757198738,-0.3392415621750908,1.8157744485262013,0.2086137703700644,2.5002641287197003
33.0,168.0,1000.5426025390624,-4.38181940135786,-3.791399619586264,1.7098404294414218,3.179839270708765,2.47262178616488,3.003668655372412,-0.3392415623654631,1.815772618736129,0.2086223076305391,2.5002641287197003
33.0,168.0,1000.5426025390624,-4.38181940135786,-3.791399619586264,1.7098404294414218,3.1798392707086407,2.47262178616488,3.003668488078424,-0.3392415622483473,1.8157726510338543,0.2086230390980571,2.5002641287197003
33.0,168.0,1000.5426025390624,-4.38181940135786,-3.791399619586264,1.7098404407105547,3.17983927070857,2.47262178616488,3.003668488078424,-0.339241562270528,1.8157726510338543,0.2086230390980571,2.5002641287197003
33.0,169.0,1000.5426025390624,-4.38181940135786,-3.791399619586264,1.7098404294414218,3.179839270708765,2.47262178616488,3.003668488078424,-0.339241562270528,1.8157726510338543,0.2086230390980571,2.5002641287197003
33.0,169.0,1000.5426025390624,-4.38181940135786,-3.791399619586264,1.7098403353941622,3.179839270708793,2.472621786164863,3.003677791959784,-0.3392415623558534,1.8157727856240613,0.2086136569841203,2.5002641287197003
33.0,169.0,1000.5426025390624,-4.38181940135786,-3.791399619586264,1.7098404294414218,3.179839270708765,2.472621786164881,3.003668488078424,-0.3392415622479929,1.8157726510338543,0.2086230390980571,2.5002641287197003
33.0,169.0,1000.5426025390624,-4.38181940135786,-3.791399619586264,1.7098404294414218,3.179839270708765,2.472621786164881,3.003668488078424,-0.3392415622701736,1.8157726510338543,0.2086230390980571,2.5002641287197003
33.0,169.0,1000.5426025390624,-4.38181940135786,-3.791399619586264,1.7098404294414218,3.179839270708765,2.47262178616488,3.003668488078424,-0.3392415622483473,1.8157726510338543,0.2086230390980571,2.5002641287197003
33.0,169.0,1000.5426025390624,-4.38181940135786,-3.791399619586264,1.7098404294414218,3.1798392707086403,2.4726217861648787,3.0036654808814074,-0.3392415622941276,1.8157726510338543,0.2086045853392703,2.5002641287197003
33.0,169.0,1000.5426025390624,-4.38181940135786,-3.791399619586264,1.7098404294414218,3.179839270708765,2.47262178616488,3.003668488078424,-0.339241562270528,1.8157726510338543,0.2086230390980571,2.5002641287197003
33.0,169.0,1000.5426025390624,-4.38181940135786,-3.791399619586264,1.7098403353941622,3.179839270708793,2.472621786164863,3.003677791959784,-0.3392415602942843,1.8157709700682927,0.208613768635581,2.5002641287197003
33.0,169.0,1000.5426025390624,-4.38181940135786,-3.791399619586264,1.7098404410901251,3.179839270708574,2.472621786164862,3.003660757198738,-0.3392415621750908,1.8157744485262013,0.2086137703700644,2.5002641287197003
33.0,169.0,1000.5426025390624,-4.38181940135786,-3.791399619586264,1.7098404294414218,3.179839270708765,2.47262178616488,3.003668488078424,-0.339241562270528,1.8157726510338543,0.2086230390980571,2.5002641287197003
33.0,169.0,1000.5426025390624,-4.38181940135786,-3.791399619586264,1.7098404410901251,3.179839270708817,2.472621786164862,3.003660757198738,-0.3392415621750908,1.8157744485262013,0.2086137238544499,2.5002641287197003
33.0,169.0,1000.5426025390624,-4.38181940135786,-3.791399619586264,1.7098403420858872,3.179839270709712,2.472621786164862,3.0036676782153937,-0.3392415621850866,1.815770970256744,0.2086143502420084,2.5002641287197003
33.0,169.0,1000.5426025390624,-4.38181940135786,-3.791399619586264,1.7098404294414218,3.179839270708765,2.4726217861648627,3.003668488078424,-0.339241562270528,1.8157726510338543,0.2086230390980571,2.5002641287197003
33.0,169.0,1000.5426025390624,-4.38181940135786,-3.791399619586264,1.7098403353941622,3.179839270708793,2.472621786164863,3.003677791959784,-0.3392415602942843,1.8157726460146384,0.208613768635581,2.5002641287197003
33.0,169.0,1000.5426025390624,-4.38181940135786,-3.791399619586264,1.7098403369228028,3.179839270708793,2.4726217861648467,3.003677791959784,-0.3392415623558534,1.8157727856240613,0.2086136569841203,2.5002641287197003
33.0,169.0,1000.5426025390624,-4.38181940135786,-3.791399619586264,1.7098404294414218,3.179839270708765,2.47262178616488,3.003668488078424,-0.339241561110106,1.815772619295396,0.2086223076305391,2.5002641287197003
33.0,169.0,1000.5426025390624,-4.38181940135786,-3.791399619586264,1.7098404302970067,3.1798392707221392,2.4726217861649955,3.003668488078424,-0.3392415622701736,1.8157726510338543,0.2086230390980571,2.5002641287197003
33.0,169.0,1000.5426025390624,-4.38181940135786,-3.791399619586264,1.7098404294414218,3.179839270708765,2.47262178616488,3.003668488078424,-0.339241561110106,1.815772619295396,0.2086223076305391,2.5002641287197003
33.0,169.0,1000.5426025390624,-4.38181940135786,-3.791399619586264,1.7098403353941622,3.179839270708793,2.472621786164863,3.003677791959784,-0.3392415623558534,1.8157727856240613,0.2086136569841203,2.5002641287197003
33.0,169.0,1000.5426025390624,-4.38181940135786,-3.791399619586264,1.7098404302970067,3.17983927070833,2.4726217861649955,3.003668488078424,-0.3392415622701736,1.8157726646904853,0.2086143376998105,2.5002641287197003
33.0,169.0,1000.5426025390624,-4.38181940135786,-3.791399619586264,1.7098403347843747,3.179839270709807,2.472621786164865,3.0036723503264384,-0.3392415622642545,1.815770955111256,0.2086137691487854,2.5002641287197003
33.0,169.0,1000.5426025390624,-4.38181940135786,-3.791399619586264,1.7098404302970067,3.1798392707221392,2.4726217861648565,3.003668488078424,-0.3392415622701736,1.815772654525296,0.2086141153501159,2.5002641287197003
33.0,169.0,1000.5426025390624,-4.38181940135786,-3.791399619586264,1.7098404294414218,3.179839270706791,2.472621786164998,3.003663554483168,-0.3392415623851919,1.815772652417452,0.2086218274457262,2.5002641287197003
33.0,169.0,1000.5426025390624,-4.38181940135786,-3.791399619586264,1.7098404294414218,3.179839270708765,2.472621786164881,3.003668488078424,-0.3392415622474325,1.8157726510338543,0.2086230390980571,2.5002641287197003
33.0,169.0,1000.5426025390624,-4.38181940135786,-3.791399619586264,1.7098404294414218,3.179839270708637,2.472621786164864,3.0036654808814074,-0.3392415622941276,1.8157726510338543,0.2086045384703378,2.5002641287197003
33.0,169.0,1000.5426025390624,-4.38181940135786,-3.791399619586264,1.7098404294414218,3.179839270708765,2.47262178616488,3.003668488078424,-0.3392415611011593,1.8157726510338543,0.2086223060200112,2.5002641287197003
33.0,169.0,1000.5426025390624,-4.38181940135786,-3.791399619586264,1.7098403453403448,3.179839270708793,2.472621786164863,3.003677044616322,-0.3392415623793538,1.8157727856240613,0.2086136569841203,2.5002641287197003
33.0,169.0,1000.5426025390624,-4.38181940135786,-3.791399619586264,1.7098404294414218,3.179839270708765,2.47262178616488,3.003668488078424,-0.3392415622710885,1.8157726510338543,0.2086230390980571,2.5002641287197003
33.0,169.0,1000.5426025390624,-4.38181940135786,-3.791399619586264,1.7098404294414218,3.179839270708757,2.4726217861648614,3.003667666776133,-0.339241562247788,1.8157726510338543,0.208614743559608,2.5002641287197003
33.0,169.0,1000.5426025390624,-4.38181940135786,-3.791399619586264,1.7098404294414218,3.179839270708765,2.47262178616488,3.003668488078424,-0.339241562270528,1.8157726515931216,0.2086230390980571,2.5002641287197003
33.0,169.0,1000.5426025390624,-4.38181940135786,-3.791399619586264,1.7098403353941622,3.1798392707084764,2.472621786164863,3.003668464280405,-0.3392415602942843,1.815772653960668,0.2086137716531048,2.5002641287197003
33.0,169.0,1000.5426025390624,-4.38181940135786,-3.791399619586264,1.7098404294422462,3.179839270722096,2.4726217861650213,3.0036674481036902,-0.3392415622701736,1.8157726522125663,0.2086230390980571,2.5002641287197003
33.0,169.0,1000.5426025390624,-4.38181940135786,-3.791399619586264,1.7098403452108242,3.179839270708766,2.472621786164864,3.003677044616322,-0.3392415623793538,1.8157726539566823,0.2086136569841203,2.5002641287197003
33.0,169.0,1000.5426025390624,-4.38181940135786,-3.791399619586264,1.7098404294414218,3.1798392707086403,2.4726217861648787,3.0036654808814074,-0.3392415604091006,1.8157710386035544,0.208613778620579,2.5002641287197003
33.0,169.0,1000.5426025390624,-4.38181940135786,-3.791399619586264,1.7098404294414218,3.179839270708765,2.47262178616488,3.003668488078424,-0.339241562270528,1.8157726510338543,0.2086230390980571,2.5002641287197003
33.0,169.0,1000.5426025390624,-4.38181940135786,-3.791399619586264,1.7098404302970067,3.17983927070833,2.4726217861649955,3.003668488078424,-0.3392415622701736,1.8157726646904853,0.2086143376998105,2.5002641287197003
33.0,169.0,1000.5426025390624,-4.38181940135786,-3.791399619586264,1.7098404300144514,3.1798392707084253,2.472621786164862,3.003660714415029,-0.3392415622713721,1.8157744485262013,0.2086137238544499,2.5002641287197003
33.0,169.0,1000.5426025390624,-4.38181940135786,-3.791399619586264,1.7098404294414218,3.179839270708765,2.472621786164881,3.003668488078424,-0.3392415622713455,1.8157726510338543,0.2086230390980571,2.5002641287197003
33.0,169.0,1000.5426025390624,-4.38181940135786,-3.791399619586264,1.7098403451711213,3.1798392707227703,2.4726217861648623,3.00368219255876,-0.3392415602991104,1.8157709439508591,0.2086137677655681,2.5002641287197003
33.0,169.0,1000.5426025390624,-4.38181940135786,-3.791399619586264,1.7098404294414218,3.179839270708765,2.47262178616488,3.003668488078424,-0.339241561110106,1.815772618736129,0.2086223076305391,2.5002641287197003
33.0,169.0,1000.5426025390624,-4.38181940135786,-3.791399619586264,1.7098404302970067,3.1798392707224554,2.4726217861648565,3.0036778157578023,-0.3392415622701736,1.815772646579267,0.2086141123325922,2.5002641287197003
33.0,169.0,1000.5426025390624,-4.38181940135786,-3.791399619586264,1.7098404294414218,3.179839270708765,2.47262178616488,3.003668602277252,-0.3392415611247337,1.815772619295396,0.2086223076305391,2.5002641287197003
33.0,169.0,1000.5426025390624,-4.38181940135786,-3.791399619586264,1.7098404294414218,3.1798392707086407,2.47262178616488,3.003668488078424,-0.3392415622483473,1.8157726510338543,0.2086230390980571,2.5002641287197003
33.0,169.0,1000.5426025390624,-4.38181940135786,-3.791399619586264,1.7098403353941622,3.179839270708793,2.472621786164864,3.003677791959784,-0.3392415621793114,1.8157725824985929,0.2086045753542724,2.5002641287197003
33.0,169.0,1000.5426025390624,-4.38181940135786,-3.791399619586264,1.7098404294414218,3.179839270708765,2.472621786164881,3.003668488078424,-0.3392415622701736,1.8157726510338543,0.2086230390980571,2.5002641287197003
33.0,169.0,1000.5426025390624,-4.38181940135786,-3.791399619586264,1.7098404294414218,3.179839270708765,2.47262178616488,3.003668488078424,-0.3392415622471755,1.8157726510338543,0.2086230390980571,2.5002641287197003
33.0,169.0,1000.5426025390624,-4.38181940135786,-3.791399619586264,1.709840441144125,3.179839270708574,2.47262178616488,3.003660757198738,-0.3392415621750908,1.8157744485262013,0.2086137703700644,2.5002641287197003
33.0,169.0,1000.5426025390624,-4.38181940135786,-3.791399619586264,1.7098404294414218,3.179839270708765,2.47262178616488,3.003668655372412,-0.3392415623654631,1.815772618736129,0.2086223076305391,2.5002641287197003
33.0,169.0,1000.5426025390624,-4.38181940135786,-3.791399619586264,1.7098404294414218,3.1798392707086407,2.47262178616488,3.003668488078424,-0.3392415622483473,1.8157726510338543,0.2086230390980571,2.5002641287197003
33.0,169.0,1000.5426025390624,-4.38181940135786,-3.791399619586264,1.7098404407105547,3.17983927070857,2.47262178616488,3.003668488078424,-0.339241562270528,1.8157726510338543,0.2086230390980571,2.5002641287197003
33.0,170.0,1000.5426025390624,-4.38181940135786,-3.791399619586264,1.7098404294414218,3.179839270708765,2.47262178616488,3.003668488078424,-0.339241562270528,1.8157726510338543,0.2086230390980571,2.5002641287197003
33.0,170.0,1000.5426025390624,-4.38181940135786,-3.791399619586264,1.7098403353941622,3.179839270708793,2.472621786164863,3.003677791959784,-0.3392415623558534,1.8157727856240613,0.2086136569841203,2.5002641287197003
33.0,170.0,1000.5426025390624,-4.38181940135786,-3.791399619586264,1.7098404294414218,3.179839270708765,2.472621786164881,3.003668488078424,-0.3392415622479929,1.8157726510338543,0.2086230390980571,2.5002641287197003
33.0,170.0,1000.5426025390624,-4.38181940135786,-3.791399619586264,1.7098404294414218,3.179839270708765,2.472621786164881,3.003668488078424,-0.3392415622701736,1.8157726510338543,0.2086230390980571,2.5002641287197003
33.0,170.0,1000.5426025390624,-4.38181940135786,-3.791399619586264,1.7098404294414218,3.179839270708765,2.47262178616488,3.003668488078424,-0.3392415622483473,1.8157726510338543,0.2086230390980571,2.5002641287197003
33.0,170.0,1000.5426025390624,-4.38181940135786,-3.791399619586264,1.7098404294414218,3.1798392707086403,2.4726217861648787,3.0036654808814074,-0.3392415622941276,1.8157726510338543,0.2086045853392703,2.5002641287197003
33.0,170.0,1000.5426025390624,-4.38181940135786,-3.791399619586264,1.7098404294414218,3.179839270708765,2.47262178616488,3.003668488078424,-0.339241562270528,1.8157726510338543,0.2086230390980571,2.5002641287197003
33.0,170.0,1000.5426025390624,-4.38181940135786,-3.791399619586264,1.7098403353941622,3.179839270708793,2.472621786164863,3.003677791959784,-0.3392415602942843,1.8157709700682927,0.208613768635581,2.5002641287197003
33.0,170.0,1000.5426025390624,-4.38181940135786,-3.791399619586264,1.7098404410901251,3.179839270708574,2.472621786164862,3.003660757198738,-0.3392415621750908,1.8157744485262013,0.2086137703700644,2.5002641287197003
33.0,170.0,1000.5426025390624,-4.38181940135786,-3.791399619586264,1.7098404294414218,3.179839270708765,2.47262178616488,3.003668488078424,-0.339241562270528,1.8157726510338543,0.2086230390980571,2.5002641287197003
33.0,170.0,1000.5426025390624,-4.38181940135786,-3.791399619586264,1.7098404410901251,3.179839270708817,2.472621786164862,3.003660757198738,-0.3392415621750908,1.8157744485262013,0.2086137238544499,2.5002641287197003
33.0,170.0,1000.5426025390624,-4.38181940135786,-3.791399619586264,1.7098403420858872,3.179839270709712,2.472621786164862,3.0036676782153937,-0.3392415621850866,1.815770970256744,0.2086143502420084,2.5002641287197003
33.0,170.0,1000.5426025390624,-4.38181940135786,-3.791399619586264,1.7098404294414218,3.179839270708765,2.4726217861648627,3.003668488078424,-0.339241562270528,1.8157726510338543,0.2086230390980571,2.5002641287197003
33.0,170.0,1000.5426025390624,-4.38181940135786,-3.791399619586264,1.7098403353941622,3.179839270708793,2.472621786164863,3.003677791959784,-0.3392415602942843,1.8157726460146384,0.208613768635581,2.5002641287197003
33.0,170.0,1000.5426025390624,-4.38181940135786,-3.791399619586264,1.7098403369228028,3.179839270708793,2.4726217861648467,3.003677791959784,-0.3392415623558534,1.8157727856240613,0.2086136569841203,2.5002641287197003
33.0,170.0,1000.5426025390624,-4.38181940135786,-3.791399619586264,1.7098404294414218,3.179839270708765,2.47262178616488,3.003668488078424,-0.339241561110106,1.815772619295396,0.2086223076305391,2.5002641287197003
33.0,170.0,1000.5426025390624,-4.38181940135786,-3.791399619586264,1.7098404302970067,3.1798392707221392,2.4726217861649955,3.003668488078424,-0.3392415622701736,1.8157726510338543,0.2086230390980571,2.5002641287197003
33.0,170.0,1000.5426025390624,-4.38181940135786,-3.791399619586264,1.7098404294414218,3.179839270708765,2.47262178616488,3.003668488078424,-0.339241561110106,1.815772619295396,0.2086223076305391,2.5002641287197003
33.0,170.0,1000.5426025390624,-4.38181940135786,-3.791399619586264,1.7098403353941622,3.179839270708793,2.472621786164863,3.003677791959784,-0.3392415623558534,1.8157727856240613,0.2086136569841203,2.5002641287197003
33.0,170.0,1000.5426025390624,-4.38181940135786,-3.791399619586264,1.7098404302970067,3.17983927070833,2.4726217861649955,3.003668488078424,-0.3392415622701736,1.8157726646904853,0.2086143376998105,2.5002641287197003
33.0,170.0,1000.5426025390624,-4.38181940135786,-3.791399619586264,1.7098403347843747,3.179839270709807,2.472621786164865,3.0036723503264384,-0.3392415622642545,1.815770955111256,0.2086137691487854,2.5002641287197003
33.0,170.0,1000.5426025390624,-4.38181940135786,-3.791399619586264,1.7098404302970067,3.1798392707221392,2.4726217861648565,3.003668488078424,-0.3392415622701736,1.815772654525296,0.2086141153501159,2.5002641287197003
33.0,170.0,1000.5426025390624,-4.38181940135786,-3.791399619586264,1.7098404294414218,3.179839270706791,2.472621786164998,3.003663554483168,-0.3392415623851919,1.815772652417452,0.2086218274457262,2.5002641287197003
33.0,170.0,1000.5426025390624,-4.38181940135786,-3.791399619586264,1.7098404294414218,3.179839270708765,2.472621786164881,3.003668488078424,-0.3392415622474325,1.8157726510338543,0.2086230390980571,2.5002641287197003
33.0,170.0,1000.5426025390624,-4.38181940135786,-3.791399619586264,1.7098404294414218,3.179839270708637,2.472621786164864,3.0036654808814074,-0.3392415622941276,1.8157726510338543,0.2086045384703378,2.5002641287197003
33.0,170.0,1000.5426025390624,-4.38181940135786,-3.791399619586264,1.7098404294414218,3.179839270708765,2.47262178616488,3.003668488078424,-0.3392415611011593,1.8157726510338543,0.2086223060200112,2.5002641287197003
33.0,170.0,1000.5426025390624,-4.38181940135786,-3.791399619586264,1.7098403453403448,3.179839270708793,2.472621786164863,3.003677044616322,-0.3392415623793538,1.8157727856240613,0.2086136569841203,2.5002641287197003
33.0,170.0,1000.5426025390624,-4.38181940135786,-3.791399619586264,1.7098404294414218,3.179839270708765,2.47262178616488,3.003668488078424,-0.3392415622710885,1.8157726510338543,0.2086230390980571,2.5002641287197003
33.0,170.0,1000.5426025390624,-4.38181940135786,-3.791399619586264,1.7098404294414218,3.179839270708757,2.4726217861648614,3.003667666776133,-0.339241562247788,1.8157726510338543,0.208614743559608,2.5002641287197003
33.0,170.0,1000.5426025390624,-4.38181940135786,-3.791399619586264,1.7098404294414218,3.179839270708765,2.47262178616488,3.003668488078424,-0.339241562270528,1.8157726515931216,0.2086230390980571,2.5002641287197003
33.0,170.0,1000.5426025390624,-4.38181940135786,-3.791399619586264,1.7098403353941622,3.1798392707084764,2.472621786164863,3.003668464280405,-0.3392415602942843,1.815772653960668,0.2086137716531048,2.5002641287197003
33.0,170.0,1000.5426025390624,-4.38181940135786,-3.791399619586264,1.7098404294422462,3.179839270722096,2.4726217861650213,3.0036674481036902,-0.3392415622701736,1.8157726522125663,0.2086230390980571,2.5002641287197003
33.0,170.0,1000.5426025390624,-4.38181940135786,-3.791399619586264,1.7098403452108242,3.179839270708766,2.472621786164864,3.003677044616322,-0.3392415623793538,1.8157726539566823,0.2086136569841203,2.5002641287197003
33.0,170.0,1000.5426025390624,-4.38181940135786,-3.791399619586264,1.7098404294414218,3.1798392707086403,2.4726217861648787,3.0036654808814074,-0.3392415604091006,1.8157710386035544,0.208613778620579,2.5002641287197003
33.0,170.0,1000.5426025390624,-4.38181940135786,-3.791399619586264,1.7098404294414218,3.179839270708765,2.47262178616488,3.003668488078424,-0.339241562270528,1.8157726510338543,0.2086230390980571,2.5002641287197003
33.0,170.0,1000.5426025390624,-4.38181940135786,-3.791399619586264,1.7098404302970067,3.17983927070833,2.4726217861649955,3.003668488078424,-0.3392415622701736,1.8157726646904853,0.2086143376998105,2.5002641287197003
33.0,170.0,1000.5426025390624,-4.38181940135786,-3.791399619586264,1.7098404300144514,3.1798392707084253,2.472621786164862,3.003660714415029,-0.3392415622713721,1.8157744485262013,0.2086137238544499,2.5002641287197003
33.0,170.0,1000.5426025390624,-4.38181940135786,-3.791399619586264,1.7098404294414218,3.179839270708765,2.472621786164881,3.003668488078424,-0.3392415622713455,1.8157726510338543,0.2086230390980571,2.5002641287197003
33.0,170.0,1000.5426025390624,-4.38181940135786,-3.791399619586264,1.7098403451711213,3.1798392707227703,2.4726217861648623,3.00368219255876,-0.3392415602991104,1.8157709439508591,0.2086137677655681,2.5002641287197003
33.0,170.0,1000.5426025390624,-4.38181940135786,-3.791399619586264,1.7098404294414218,3.179839270708765,2.47262178616488,3.003668488078424,-0.339241561110106,1.815772618736129,0.2086223076305391,2.5002641287197003
33.0,170.0,1000.5426025390624,-4.38181940135786,-3.791399619586264,1.7098404302970067,3.1798392707224554,2.4726217861648565,3.0036778157578023,-0.3392415622701736,1.815772646579267,0.2086141123325922,2.5002641287197003
33.0,170.0,1000.5426025390624,-4.38181940135786,-3.791399619586264,1.7098404294414218,3.179839270708765,2.47262178616488,3.003668602277252,-0.3392415611247337,1.815772619295396,0.2086223076305391,2.5002641287197003
33.0,170.0,1000.5426025390624,-4.38181940135786,-3.791399619586264,1.7098404294414218,3.1798392707086407,2.47262178616488,3.003668488078424,-0.3392415622483473,1.8157726510338543,0.2086230390980571,2.5002641287197003
33.0,170.0,1000.5426025390624,-4.38181940135786,-3.791399619586264,1.7098403353941622,3.179839270708793,2.472621786164864,3.003677791959784,-0.3392415621793114,1.8157725824985929,0.2086045753542724,2.5002641287197003
33.0,170.0,1000.5426025390624,-4.38181940135786,-3.791399619586264,1.7098404294414218,3.179839270708765,2.472621786164881,3.003668488078424,-0.3392415622701736,1.8157726510338543,0.2086230390980571,2.5002641287197003
33.0,170.0,1000.5426025390624,-4.38181940135786,-3.791399619586264,1.7098404294414218,3.179839270708765,2.47262178616488,3.003668488078424,-0.3392415622471755,1.8157726510338543,0.2086230390980571,2.5002641287197003
33.0,170.0,1000.5426025390624,-4.38181940135786,-3.791399619586264,1.709840441144125,3.179839270708574,2.47262178616488,3.003660757198738,-0.3392415621750908,1.8157744485262013,0.2086137703700644,2.5002641287197003
33.0,170.0,1000.5426025390624,-4.38181940135786,-3.791399619586264,1.7098404294414218,3.179839270708765,2.47262178616488,3.003668655372412,-0.3392415623654631,1.815772618736129,0.2086223076305391,2.5002641287197003
33.0,170.0,1000.5426025390624,-4.38181940135786,-3.791399619586264,1.7098404294414218,3.1798392707086407,2.47262178616488,3.003668488078424,-0.3392415622483473,1.8157726510338543,0.2086230390980571,2.5002641287197003
33.0,170.0,1000.5426025390624,-4.38181940135786,-3.791399619586264,1.7098404407105547,3.17983927070857,2.47262178616488,3.003668488078424,-0.339241562270528,1.8157726510338543,0.2086230390980571,2.5002641287197003
33.0,171.0,1000.5426025390624,-4.38181940135786,-3.791399619586264,1.7098404294414218,3.179839270708765,2.47262178616488,3.003668488078424,-0.339241562270528,1.8157726510338543,0.2086230390980571,2.5002641287197003
33.0,171.0,1000.5426025390624,-4.38181940135786,-3.791399619586264,1.7098403353941622,3.179839270708793,2.472621786164863,3.003677791959784,-0.3392415623558534,1.8157727856240613,0.2086136569841203,2.5002641287197003
33.0,171.0,1000.5426025390624,-4.38181940135786,-3.791399619586264,1.7098404294414218,3.179839270708765,2.472621786164881,3.003668488078424,-0.3392415622479929,1.8157726510338543,0.2086230390980571,2.5002641287197003
33.0,171.0,1000.5426025390624,-4.38181940135786,-3.791399619586264,1.7098404294414218,3.179839270708765,2.472621786164881,3.003668488078424,-0.3392415622701736,1.8157726510338543,0.2086230390980571,2.5002641287197003
33.0,171.0,1000.5426025390624,-4.38181940135786,-3.791399619586264,1.7098404294414218,3.179839270708765,2.47262178616488,3.003668488078424,-0.3392415622483473,1.8157726510338543,0.2086230390980571,2.5002641287197003
33.0,171.0,1000.5426025390624,-4.38181940135786,-3.791399619586264,1.7098404294414218,3.1798392707086403,2.4726217861648787,3.0036654808814074,-0.3392415622941276,1.8157726510338543,0.2086045853392703,2.5002641287197003
33.0,171.0,1000.5426025390624,-4.38181940135786,-3.791399619586264,1.7098404294414218,3.179839270708765,2.47262178616488,3.003668488078424,-0.339241562270528,1.8157726510338543,0.2086230390980571,2.5002641287197003
33.0,171.0,1000.5426025390624,-4.38181940135786,-3.791399619586264,1.7098403353941622,3.179839270708793,2.472621786164863,3.003677791959784,-0.3392415602942843,1.8157709700682927,0.208613768635581,2.5002641287197003
33.0,171.0,1000.5426025390624,-4.38181940135786,-3.791399619586264,1.7098404410901251,3.179839270708574,2.472621786164862,3.003660757198738,-0.3392415621750908,1.8157744485262013,0.2086137703700644,2.5002641287197003
33.0,171.0,1000.5426025390624,-4.38181940135786,-3.791399619586264,1.7098404294414218,3.179839270708765,2.47262178616488,3.003668488078424,-0.339241562270528,1.8157726510338543,0.2086230390980571,2.5002641287197003
33.0,171.0,1000.5426025390624,-4.38181940135786,-3.791399619586264,1.7098404410901251,3.179839270708817,2.472621786164862,3.003660757198738,-0.3392415621750908,1.8157744485262013,0.2086137238544499,2.5002641287197003
33.0,171.0,1000.5426025390624,-4.38181940135786,-3.791399619586264,1.7098403420858872,3.179839270709712,2.472621786164862,3.0036676782153937,-0.3392415621850866,1.815770970256744,0.2086143502420084,2.5002641287197003
33.0,171.0,1000.5426025390624,-4.38181940135786,-3.791399619586264,1.7098404294414218,3.179839270708765,2.4726217861648627,3.003668488078424,-0.339241562270528,1.8157726510338543,0.2086230390980571,2.5002641287197003
33.0,171.0,1000.5426025390624,-4.38181940135786,-3.791399619586264,1.7098403353941622,3.179839270708793,2.472621786164863,3.003677791959784,-0.3392415602942843,1.8157726460146384,0.208613768635581,2.5002641287197003
33.0,171.0,1000.5426025390624,-4.38181940135786,-3.791399619586264,1.7098403369228028,3.179839270708793,2.4726217861648467,3.003677791959784,-0.3392415623558534,1.8157727856240613,0.2086136569841203,2.5002641287197003
33.0,171.0,1000.5426025390624,-4.38181940135786,-3.791399619586264,1.7098404294414218,3.179839270708765,2.47262178616488,3.003668488078424,-0.339241561110106,1.815772619295396,0.2086223076305391,2.5002641287197003
33.0,171.0,1000.5426025390624,-4.38181940135786,-3.791399619586264,1.7098404302970067,3.1798392707221392,2.4726217861649955,3.003668488078424,-0.3392415622701736,1.8157726510338543,0.2086230390980571,2.5002641287197003
33.0,171.0,1000.5426025390624,-4.38181940135786,-3.791399619586264,1.7098404294414218,3.179839270708765,2.47262178616488,3.003668488078424,-0.339241561110106,1.815772619295396,0.2086223076305391,2.5002641287197003
33.0,171.0,1000.5426025390624,-4.38181940135786,-3.791399619586264,1.7098403353941622,3.179839270708793,2.472621786164863,3.003677791959784,-0.3392415623558534,1.8157727856240613,0.2086136569841203,2.5002641287197003
33.0,171.0,1000.5426025390624,-4.38181940135786,-3.791399619586264,1.7098404302970067,3.17983927070833,2.4726217861649955,3.003668488078424,-0.3392415622701736,1.8157726646904853,0.2086143376998105,2.5002641287197003
33.0,171.0,1000.5426025390624,-4.38181940135786,-3.791399619586264,1.7098403347843747,3.179839270709807,2.472621786164865,3.0036723503264384,-0.3392415622642545,1.815770955111256,0.2086137691487854,2.5002641287197003
33.0,171.0,1000.5426025390624,-4.38181940135786,-3.791399619586264,1.7098404302970067,3.1798392707221392,2.4726217861648565,3.003668488078424,-0.3392415622701736,1.815772654525296,0.2086141153501159,2.5002641287197003
33.0,171.0,1000.5426025390624,-4.38181940135786,-3.791399619586264,1.7098404294414218,3.179839270706791,2.472621786164998,3.003663554483168,-0.3392415623851919,1.815772652417452,0.2086218274457262,2.5002641287197003
33.0,171.0,1000.5426025390624,-4.38181940135786,-3.791399619586264,1.7098404294414218,3.179839270708765,2.472621786164881,3.003668488078424,-0.3392415622474325,1.8157726510338543,0.2086230390980571,2.5002641287197003
33.0,171.0,1000.5426025390624,-4.38181940135786,-3.791399619586264,1.7098404294414218,3.179839270708637,2.472621786164864,3.0036654808814074,-0.3392415622941276,1.8157726510338543,0.2086045384703378,2.5002641287197003
33.0,171.0,1000.5426025390624,-4.38181940135786,-3.791399619586264,1.7098404294414218,3.179839270708765,2.47262178616488,3.003668488078424,-0.3392415611011593,1.8157726510338543,0.2086223060200112,2.5002641287197003
33.0,171.0,1000.5426025390624,-4.38181940135786,-3.791399619586264,1.7098403453403448,3.179839270708793,2.472621786164863,3.003677044616322,-0.3392415623793538,1.8157727856240613,0.2086136569841203,2.5002641287197003
33.0,171.0,1000.5426025390624,-4.38181940135786,-3.791399619586264,1.7098404294414218,3.179839270708765,2.47262178616488,3.003668488078424,-0.3392415622710885,1.8157726510338543,0.2086230390980571,2.5002641287197003
33.0,171.0,1000.5426025390624,-4.38181940135786,-3.791399619586264,1.7098404294414218,3.179839270708757,2.4726217861648614,3.003667666776133,-0.339241562247788,1.8157726510338543,0.208614743559608,2.5002641287197003
33.0,171.0,1000.5426025390624,-4.38181940135786,-3.791399619586264,1.7098404294414218,3.179839270708765,2.47262178616488,3.003668488078424,-0.339241562270528,1.8157726515931216,0.2086230390980571,2.5002641287197003
33.0,171.0,1000.5426025390624,-4.38181940135786,-3.791399619586264,1.7098403353941622,3.1798392707084764,2.472621786164863,3.003668464280405,-0.3392415602942843,1.815772653960668,0.2086137716531048,2.5002641287197003
33.0,171.0,1000.5426025390624,-4.38181940135786,-3.791399619586264,1.7098404294422462,3.179839270722096,2.4726217861650213,3.0036674481036902,-0.3392415622701736,1.8157726522125663,0.2086230390980571,2.5002641287197003
33.0,171.0,1000.5426025390624,-4.38181940135786,-3.791399619586264,1.7098403452108242,3.179839270708766,2.472621786164864,3.003677044616322,-0.3392415623793538,1.8157726539566823,0.2086136569841203,2.5002641287197003
33.0,171.0,1000.5426025390624,-4.38181940135786,-3.791399619586264,1.7098404294414218,3.1798392707086403,2.4726217861648787,3.0036654808814074,-0.3392415604091006,1.8157710386035544,0.208613778620579,2.5002641287197003
33.0,171.0,1000.5426025390624,-4.38181940135786,-3.791399619586264,1.7098404294414218,3.179839270708765,2.47262178616488,3.003668488078424,-0.339241562270528,1.8157726510338543,0.2086230390980571,2.5002641287197003
33.0,171.0,1000.5426025390624,-4.38181940135786,-3.791399619586264,1.7098404302970067,3.17983927070833,2.4726217861649955,3.003668488078424,-0.3392415622701736,1.8157726646904853,0.2086143376998105,2.5002641287197003
33.0,171.0,1000.5426025390624,-4.38181940135786,-3.791399619586264,1.7098404300144514,3.1798392707084253,2.472621786164862,3.003660714415029,-0.3392415622713721,1.8157744485262013,0.2086137238544499,2.5002641287197003
33.0,171.0,1000.5426025390624,-4.38181940135786,-3.791399619586264,1.7098404294414218,3.179839270708765,2.472621786164881,3.003668488078424,-0.3392415622713455,1.8157726510338543,0.2086230390980571,2.5002641287197003
33.0,171.0,1000.5426025390624,-4.38181940135786,-3.791399619586264,1.7098403451711213,3.1798392707227703,2.4726217861648623,3.00368219255876,-0.3392415602991104,1.8157709439508591,0.2086137677655681,2.5002641287197003
33.0,171.0,1000.5426025390624,-4.38181940135786,-3.791399619586264,1.7098404294414218,3.179839270708765,2.47262178616488,3.003668488078424,-0.339241561110106,1.815772618736129,0.2086223076305391,2.5002641287197003
33.0,171.0,1000.5426025390624,-4.38181940135786,-3.791399619586264,1.7098404302970067,3.1798392707224554,2.4726217861648565,3.0036778157578023,-0.3392415622701736,1.815772646579267,0.2086141123325922,2.5002641287197003
33.0,171.0,1000.5426025390624,-4.38181940135786,-3.791399619586264,1.7098404294414218,3.179839270708765,2.47262178616488,3.003668602277252,-0.3392415611247337,1.815772619295396,0.2086223076305391,2.5002641287197003
33.0,171.0,1000.5426025390624,-4.38181940135786,-3.791399619586264,1.7098404294414218,3.1798392707086407,2.47262178616488,3.003668488078424,-0.3392415622483473,1.8157726510338543,0.2086230390980571,2.5002641287197003
33.0,171.0,1000.5426025390624,-4.38181940135786,-3.791399619586264,1.7098403353941622,3.179839270708793,2.472621786164864,3.003677791959784,-0.3392415621793114,1.8157725824985929,0.2086045753542724,2.5002641287197003
33.0,171.0,1000.5426025390624,-4.38181940135786,-3.791399619586264,1.7098404294414218,3.179839270708765,2.472621786164881,3.003668488078424,-0.3392415622701736,1.8157726510338543,0.2086230390980571,2.5002641287197003
33.0,171.0,1000.5426025390624,-4.38181940135786,-3.791399619586264,1.7098404294414218,3.179839270708765,2.47262178616488,3.003668488078424,-0.3392415622471755,1.8157726510338543,0.2086230390980571,2.5002641287197003
33.0,171.0,1000.5426025390624,-4.38181940135786,-3.791399619586264,1.709840441144125,3.179839270708574,2.47262178616488,3.003660757198738,-0.3392415621750908,1.8157744485262013,0.2086137703700644,2.5002641287197003
33.0,171.0,1000.5426025390624,-4.38181940135786,-3.791399619586264,1.7098404294414218,3.179839270708765,2.47262178616488,3.003668655372412,-0.3392415623654631,1.815772618736129,0.2086223076305391,2.5002641287197003
33.0,171.0,1000.5426025390624,-4.38181940135786,-3.791399619586264,1.7098404294414218,3.1798392707086407,2.47262178616488,3.003668488078424,-0.3392415622483473,1.8157726510338543,0.2086230390980571,2.5002641287197003
33.0,171.0,1000.5426025390624,-4.38181940135786,-3.791399619586264,1.7098404407105547,3.17983927070857,2.47262178616488,3.003668488078424,-0.339241562270528,1.8157726510338543,0.2086230390980571,2.5002641287197003
33.0,172.0,1000.5426025390624,-4.38181940135786,-3.791399619586264,1.7098404294414218,3.179839270708765,2.47262178616488,3.003668488078424,-0.339241562270528,1.8157726510338543,0.2086230390980571,2.5002641287197003
33.0,172.0,1000.5426025390624,-4.38181940135786,-3.791399619586264,1.7098403353941622,3.179839270708793,2.472621786164863,3.003677791959784,-0.3392415623558534,1.8157727856240613,0.2086136569841203,2.5002641287197003
33.0,172.0,1000.5426025390624,-4.38181940135786,-3.791399619586264,1.7098404294414218,3.179839270708765,2.472621786164881,3.003668488078424,-0.3392415622479929,1.8157726510338543,0.2086230390980571,2.5002641287197003
33.0,172.0,1000.5426025390624,-4.38181940135786,-3.791399619586264,1.7098404294414218,3.179839270708765,2.472621786164881,3.003668488078424,-0.3392415622701736,1.8157726510338543,0.2086230390980571,2.5002641287197003
33.0,172.0,1000.5426025390624,-4.38181940135786,-3.791399619586264,1.7098404294414218,3.179839270708765,2.47262178616488,3.003668488078424,-0.3392415622483473,1.8157726510338543,0.2086230390980571,2.5002641287197003
33.0,172.0,1000.5426025390624,-4.38181940135786,-3.791399619586264,1.7098404294414218,3.1798392707086403,2.4726217861648787,3.0036654808814074,-0.3392415622941276,1.8157726510338543,0.2086045853392703,2.5002641287197003
33.0,172.0,1000.5426025390624,-4.38181940135786,-3.791399619586264,1.7098404294414218,3.179839270708765,2.47262178616488,3.003668488078424,-0.339241562270528,1.8157726510338543,0.2086230390980571,2.5002641287197003
33.0,172.0,1000.5426025390624,-4.38181940135786,-3.791399619586264,1.7098403353941622,3.179839270708793,2.472621786164863,3.003677791959784,-0.3392415602942843,1.8157709700682927,0.208613768635581,2.5002641287197003
33.0,172.0,1000.5426025390624,-4.38181940135786,-3.791399619586264,1.7098404410901251,3.179839270708574,2.472621786164862,3.003660757198738,-0.3392415621750908,1.8157744485262013,0.2086137703700644,2.5002641287197003
33.0,172.0,1000.5426025390624,-4.38181940135786,-3.791399619586264,1.7098404294414218,3.179839270708765,2.47262178616488,3.003668488078424,-0.339241562270528,1.8157726510338543,0.2086230390980571,2.5002641287197003
33.0,172.0,1000.5426025390624,-4.38181940135786,-3.791399619586264,1.7098404410901251,3.179839270708817,2.472621786164862,3.003660757198738,-0.3392415621750908,1.8157744485262013,0.2086137238544499,2.5002641287197003
33.0,172.0,1000.5426025390624,-4.38181940135786,-3.791399619586264,1.7098403420858872,3.179839270709712,2.472621786164862,3.0036676782153937,-0.3392415621850866,1.815770970256744,0.2086143502420084,2.5002641287197003
33.0,172.0,1000.5426025390624,-4.38181940135786,-3.791399619586264,1.7098404294414218,3.179839270708765,2.4726217861648627,3.003668488078424,-0.339241562270528,1.8157726510338543,0.2086230390980571,2.5002641287197003
33.0,172.0,1000.5426025390624,-4.38181940135786,-3.791399619586264,1.7098403353941622,3.179839270708793,2.472621786164863,3.003677791959784,-0.3392415602942843,1.8157726460146384,0.208613768635581,2.5002641287197003
33.0,172.0,1000.5426025390624,-4.38181940135786,-3.791399619586264,1.7098403369228028,3.179839270708793,2.4726217861648467,3.003677791959784,-0.3392415623558534,1.8157727856240613,0.2086136569841203,2.5002641287197003
33.0,172.0,1000.5426025390624,-4.38181940135786,-3.791399619586264,1.7098404294414218,3.179839270708765,2.47262178616488,3.003668488078424,-0.339241561110106,1.815772619295396,0.2086223076305391,2.5002641287197003
33.0,172.0,1000.5426025390624,-4.38181940135786,-3.791399619586264,1.7098404302970067,3.1798392707221392,2.4726217861649955,3.003668488078424,-0.3392415622701736,1.8157726510338543,0.2086230390980571,2.5002641287197003
33.0,172.0,1000.5426025390624,-4.38181940135786,-3.791399619586264,1.7098404294414218,3.179839270708765,2.47262178616488,3.003668488078424,-0.339241561110106,1.815772619295396,0.2086223076305391,2.5002641287197003
33.0,172.0,1000.5426025390624,-4.38181940135786,-3.791399619586264,1.7098403353941622,3.179839270708793,2.472621786164863,3.003677791959784,-0.3392415623558534,1.8157727856240613,0.2086136569841203,2.5002641287197003
33.0,172.0,1000.5426025390624,-4.38181940135786,-3.791399619586264,1.7098404302970067,3.17983927070833,2.4726217861649955,3.003668488078424,-0.3392415622701736,1.8157726646904853,0.2086143376998105,2.5002641287197003
33.0,172.0,1000.5426025390624,-4.38181940135786,-3.791399619586264,1.7098403347843747,3.179839270709807,2.472621786164865,3.0036723503264384,-0.3392415622642545,1.815770955111256,0.2086137691487854,2.5002641287197003
33.0,172.0,1000.5426025390624,-4.38181940135786,-3.791399619586264,1.7098404302970067,3.1798392707221392,2.4726217861648565,3.003668488078424,-0.3392415622701736,1.815772654525296,0.2086141153501159,2.5002641287197003
33.0,172.0,1000.5426025390624,-4.38181940135786,-3.791399619586264,1.7098404294414218,3.179839270706791,2.472621786164998,3.003663554483168,-0.3392415623851919,1.815772652417452,0.2086218274457262,2.5002641287197003
33.0,172.0,1000.5426025390624,-4.38181940135786,-3.791399619586264,1.7098404294414218,3.179839270708765,2.472621786164881,3.003668488078424,-0.3392415622474325,1.8157726510338543,0.2086230390980571,2.5002641287197003
33.0,172.0,1000.5426025390624,-4.38181940135786,-3.791399619586264,1.7098404294414218,3.179839270708637,2.472621786164864,3.0036654808814074,-0.3392415622941276,1.8157726510338543,0.2086045384703378,2.5002641287197003
33.0,172.0,1000.5426025390624,-4.38181940135786,-3.791399619586264,1.7098404294414218,3.179839270708765,2.47262178616488,3.003668488078424,-0.3392415611011593,1.8157726510338543,0.2086223060200112,2.5002641287197003
33.0,172.0,1000.5426025390624,-4.38181940135786,-3.791399619586264,1.7098403453403448,3.179839270708793,2.472621786164863,3.003677044616322,-0.3392415623793538,1.8157727856240613,0.2086136569841203,2.5002641287197003
33.0,172.0,1000.5426025390624,-4.38181940135786,-3.791399619586264,1.7098404294414218,3.179839270708765,2.47262178616488,3.003668488078424,-0.3392415622710885,1.8157726510338543,0.2086230390980571,2.5002641287197003
33.0,172.0,1000.5426025390624,-4.38181940135786,-3.791399619586264,1.7098404294414218,3.179839270708757,2.4726217861648614,3.003667666776133,-0.339241562247788,1.8157726510338543,0.208614743559608,2.5002641287197003
33.0,172.0,1000.5426025390624,-4.38181940135786,-3.791399619586264,1.7098404294414218,3.179839270708765,2.47262178616488,3.003668488078424,-0.339241562270528,1.8157726515931216,0.2086230390980571,2.5002641287197003
33.0,172.0,1000.5426025390624,-4.38181940135786,-3.791399619586264,1.7098403353941622,3.1798392707084764,2.472621786164863,3.003668464280405,-0.3392415602942843,1.815772653960668,0.2086137716531048,2.5002641287197003
33.0,172.0,1000.5426025390624,-4.38181940135786,-3.791399619586264,1.7098404294422462,3.179839270722096,2.4726217861650213,3.0036674481036902,-0.3392415622701736,1.8157726522125663,0.2086230390980571,2.5002641287197003
33.0,172.0,1000.5426025390624,-4.38181940135786,-3.791399619586264,1.7098403452108242,3.179839270708766,2.472621786164864,3.003677044616322,-0.3392415623793538,1.8157726539566823,0.2086136569841203,2.5002641287197003
33.0,172.0,1000.5426025390624,-4.38181940135786,-3.791399619586264,1.7098404294414218,3.1798392707086403,2.4726217861648787,3.0036654808814074,-0.3392415604091006,1.8157710386035544,0.208613778620579,2.5002641287197003
33.0,172.0,1000.5426025390624,-4.38181940135786,-3.791399619586264,1.7098404294414218,3.179839270708765,2.47262178616488,3.003668488078424,-0.339241562270528,1.8157726510338543,0.2086230390980571,2.5002641287197003
33.0,172.0,1000.5426025390624,-4.38181940135786,-3.791399619586264,1.7098404302970067,3.17983927070833,2.4726217861649955,3.003668488078424,-0.3392415622701736,1.8157726646904853,0.2086143376998105,2.5002641287197003
33.0,172.0,1000.5426025390624,-4.38181940135786,-3.791399619586264,1.7098404300144514,3.1798392707084253,2.472621786164862,3.003660714415029,-0.3392415622713721,1.8157744485262013,0.2086137238544499,2.5002641287197003
33.0,172.0,1000.5426025390624,-4.38181940135786,-3.791399619586264,1.7098404294414218,3.179839270708765,2.472621786164881,3.003668488078424,-0.3392415622713455,1.8157726510338543,0.2086230390980571,2.5002641287197003
33.0,172.0,1000.5426025390624,-4.38181940135786,-3.791399619586264,1.7098403451711213,3.1798392707227703,2.4726217861648623,3.00368219255876,-0.3392415602991104,1.8157709439508591,0.2086137677655681,2.5002641287197003
33.0,172.0,1000.5426025390624,-4.38181940135786,-3.791399619586264,1.7098404294414218,3.179839270708765,2.47262178616488,3.003668488078424,-0.339241561110106,1.815772618736129,0.2086223076305391,2.5002641287197003
33.0,172.0,1000.5426025390624,-4.38181940135786,-3.791399619586264,1.7098404302970067,3.1798392707224554,2.4726217861648565,3.0036778157578023,-0.3392415622701736,1.815772646579267,0.2086141123325922,2.5002641287197003
33.0,172.0,1000.5426025390624,-4.38181940135786,-3.791399619586264,1.7098404294414218,3.179839270708765,2.47262178616488,3.003668602277252,-0.3392415611247337,1.815772619295396,0.2086223076305391,2.5002641287197003
33.0,172.0,1000.5426025390624,-4.38181940135786,-3.791399619586264,1.7098404294414218,3.1798392707086407,2.47262178616488,3.003668488078424,-0.3392415622483473,1.8157726510338543,0.2086230390980571,2.5002641287197003
33.0,172.0,1000.5426025390624,-4.38181940135786,-3.791399619586264,1.7098403353941622,3.179839270708793,2.472621786164864,3.003677791959784,-0.3392415621793114,1.8157725824985929,0.2086045753542724,2.5002641287197003
33.0,172.0,1000.5426025390624,-4.38181940135786,-3.791399619586264,1.7098404294414218,3.179839270708765,2.472621786164881,3.003668488078424,-0.3392415622701736,1.8157726510338543,0.2086230390980571,2.5002641287197003
33.0,172.0,1000.5426025390624,-4.38181940135786,-3.791399619586264,1.7098404294414218,3.179839270708765,2.47262178616488,3.003668488078424,-0.3392415622471755,1.8157726510338543,0.2086230390980571,2.5002641287197003
33.0,172.0,1000.5426025390624,-4.38181940135786,-3.791399619586264,1.709840441144125,3.179839270708574,2.47262178616488,3.003660757198738,-0.3392415621750908,1.8157744485262013,0.2086137703700644,2.5002641287197003
33.0,172.0,1000.5426025390624,-4.38181940135786,-3.791399619586264,1.7098404294414218,3.179839270708765,2.47262178616488,3.003668655372412,-0.3392415623654631,1.815772618736129,0.2086223076305391,2.5002641287197003
33.0,172.0,1000.5426025390624,-4.38181940135786,-3.791399619586264,1.7098404294414218,3.1798392707086407,2.47262178616488,3.003668488078424,-0.3392415622483473,1.8157726510338543,0.2086230390980571,2.5002641287197003
33.0,172.0,1000.5426025390624,-4.38181940135786,-3.791399619586264,1.7098404407105547,3.17983927070857,2.47262178616488,3.003668488078424,-0.339241562270528,1.8157726510338543,0.2086230390980571,2.5002641287197003
33.0,173.0,1000.5426025390624,-4.38181940135786,-3.791399619586264,1.7098404294414218,3.179839270708765,2.47262178616488,3.003668488078424,-0.339241562270528,1.8157726510338543,0.2086230390980571,2.5002641287197003
33.0,173.0,1000.5426025390624,-4.38181940135786,-3.791399619586264,1.7098403353941622,3.179839270708793,2.472621786164863,3.003677791959784,-0.3392415623558534,1.8157727856240613,0.2086136569841203,2.5002641287197003
33.0,173.0,1000.5426025390624,-4.38181940135786,-3.791399619586264,1.7098404294414218,3.179839270708765,2.472621786164881,3.003668488078424,-0.3392415622479929,1.8157726510338543,0.2086230390980571,2.5002641287197003
33.0,173.0,1000.5426025390624,-4.38181940135786,-3.791399619586264,1.7098404294414218,3.179839270708765,2.472621786164881,3.003668488078424,-0.3392415622701736,1.8157726510338543,0.2086230390980571,2.5002641287197003
33.0,173.0,1000.5426025390624,-4.38181940135786,-3.791399619586264,1.7098404294414218,3.179839270708765,2.47262178616488,3.003668488078424,-0.3392415622483473,1.8157726510338543,0.2086230390980571,2.5002641287197003
33.0,173.0,1000.5426025390624,-4.38181940135786,-3.791399619586264,1.7098404294414218,3.1798392707086403,2.4726217861648787,3.0036654808814074,-0.3392415622941276,1.8157726510338543,0.2086045853392703,2.5002641287197003
33.0,173.0,1000.5426025390624,-4.38181940135786,-3.791399619586264,1.7098404294414218,3.179839270708765,2.47262178616488,3.003668488078424,-0.339241562270528,1.8157726510338543,0.2086230390980571,2.5002641287197003
33.0,173.0,1000.5426025390624,-4.38181940135786,-3.791399619586264,1.7098403353941622,3.179839270708793,2.472621786164863,3.003677791959784,-0.3392415602942843,1.8157709700682927,0.208613768635581,2.5002641287197003
33.0,173.0,1000.5426025390624,-4.38181940135786,-3.791399619586264,1.7098404410901251,3.179839270708574,2.472621786164862,3.003660757198738,-0.3392415621750908,1.8157744485262013,0.2086137703700644,2.5002641287197003
33.0,173.0,1000.5426025390624,-4.38181940135786,-3.791399619586264,1.7098404294414218,3.179839270708765,2.47262178616488,3.003668488078424,-0.339241562270528,1.8157726510338543,0.2086230390980571,2.5002641287197003
33.0,173.0,1000.5426025390624,-4.38181940135786,-3.791399619586264,1.7098404410901251,3.179839270708817,2.472621786164862,3.003660757198738,-0.3392415621750908,1.8157744485262013,0.2086137238544499,2.5002641287197003
33.0,173.0,1000.5426025390624,-4.38181940135786,-3.791399619586264,1.7098403420858872,3.179839270709712,2.472621786164862,3.0036676782153937,-0.3392415621850866,1.815770970256744,0.2086143502420084,2.5002641287197003
33.0,173.0,1000.5426025390624,-4.38181940135786,-3.791399619586264,1.7098404294414218,3.179839270708765,2.4726217861648627,3.003668488078424,-0.339241562270528,1.8157726510338543,0.2086230390980571,2.5002641287197003
33.0,173.0,1000.5426025390624,-4.38181940135786,-3.791399619586264,1.7098403353941622,3.179839270708793,2.472621786164863,3.003677791959784,-0.3392415602942843,1.8157726460146384,0.208613768635581,2.5002641287197003
33.0,173.0,1000.5426025390624,-4.38181940135786,-3.791399619586264,1.7098403369228028,3.179839270708793,2.4726217861648467,3.003677791959784,-0.3392415623558534,1.8157727856240613,0.2086136569841203,2.5002641287197003
33.0,173.0,1000.5426025390624,-4.38181940135786,-3.791399619586264,1.7098404294414218,3.179839270708765,2.47262178616488,3.003668488078424,-0.339241561110106,1.815772619295396,0.2086223076305391,2.5002641287197003
33.0,173.0,1000.5426025390624,-4.38181940135786,-3.791399619586264,1.7098404302970067,3.1798392707221392,2.4726217861649955,3.003668488078424,-0.3392415622701736,1.8157726510338543,0.2086230390980571,2.5002641287197003
33.0,173.0,1000.5426025390624,-4.38181940135786,-3.791399619586264,1.7098404294414218,3.179839270708765,2.47262178616488,3.003668488078424,-0.339241561110106,1.815772619295396,0.2086223076305391,2.5002641287197003
33.0,173.0,1000.5426025390624,-4.38181940135786,-3.791399619586264,1.7098403353941622,3.179839270708793,2.472621786164863,3.003677791959784,-0.3392415623558534,1.8157727856240613,0.2086136569841203,2.5002641287197003
33.0,173.0,1000.5426025390624,-4.38181940135786,-3.791399619586264,1.7098404302970067,3.17983927070833,2.4726217861649955,3.003668488078424,-0.3392415622701736,1.8157726646904853,0.2086143376998105,2.5002641287197003
33.0,173.0,1000.5426025390624,-4.38181940135786,-3.791399619586264,1.7098403347843747,3.179839270709807,2.472621786164865,3.0036723503264384,-0.3392415622642545,1.815770955111256,0.2086137691487854,2.5002641287197003
33.0,173.0,1000.5426025390624,-4.38181940135786,-3.791399619586264,1.7098404302970067,3.1798392707221392,2.4726217861648565,3.003668488078424,-0.3392415622701736,1.815772654525296,0.2086141153501159,2.5002641287197003
33.0,173.0,1000.5426025390624,-4.38181940135786,-3.791399619586264,1.7098404294414218,3.179839270706791,2.472621786164998,3.003663554483168,-0.3392415623851919,1.815772652417452,0.2086218274457262,2.5002641287197003
33.0,173.0,1000.5426025390624,-4.38181940135786,-3.791399619586264,1.7098404294414218,3.179839270708765,2.472621786164881,3.003668488078424,-0.3392415622474325,1.8157726510338543,0.2086230390980571,2.5002641287197003
33.0,173.0,1000.5426025390624,-4.38181940135786,-3.791399619586264,1.7098404294414218,3.179839270708637,2.472621786164864,3.0036654808814074,-0.3392415622941276,1.8157726510338543,0.2086045384703378,2.5002641287197003
33.0,173.0,1000.5426025390624,-4.38181940135786,-3.791399619586264,1.7098404294414218,3.179839270708765,2.47262178616488,3.003668488078424,-0.3392415611011593,1.8157726510338543,0.2086223060200112,2.5002641287197003
33.0,173.0,1000.5426025390624,-4.38181940135786,-3.791399619586264,1.7098403453403448,3.179839270708793,2.472621786164863,3.003677044616322,-0.3392415623793538,1.8157727856240613,0.2086136569841203,2.5002641287197003
33.0,173.0,1000.5426025390624,-4.38181940135786,-3.791399619586264,1.7098404294414218,3.179839270708765,2.47262178616488,3.003668488078424,-0.3392415622710885,1.8157726510338543,0.2086230390980571,2.5002641287197003
33.0,173.0,1000.5426025390624,-4.38181940135786,-3.791399619586264,1.7098404294414218,3.179839270708757,2.4726217861648614,3.003667666776133,-0.339241562247788,1.8157726510338543,0.208614743559608,2.5002641287197003
33.0,173.0,1000.5426025390624,-4.38181940135786,-3.791399619586264,1.7098404294414218,3.179839270708765,2.47262178616488,3.003668488078424,-0.339241562270528,1.8157726515931216,0.2086230390980571,2.5002641287197003
33.0,173.0,1000.5426025390624,-4.38181940135786,-3.791399619586264,1.7098403353941622,3.1798392707084764,2.472621786164863,3.003668464280405,-0.3392415602942843,1.815772653960668,0.2086137716531048,2.5002641287197003
33.0,173.0,1000.5426025390624,-4.38181940135786,-3.791399619586264,1.7098404294422462,3.179839270722096,2.4726217861650213,3.0036674481036902,-0.3392415622701736,1.8157726522125663,0.2086230390980571,2.5002641287197003
33.0,173.0,1000.5426025390624,-4.38181940135786,-3.791399619586264,1.7098403452108242,3.179839270708766,2.472621786164864,3.003677044616322,-0.3392415623793538,1.8157726539566823,0.2086136569841203,2.5002641287197003
33.0,173.0,1000.5426025390624,-4.38181940135786,-3.791399619586264,1.7098404294414218,3.1798392707086403,2.4726217861648787,3.0036654808814074,-0.3392415604091006,1.8157710386035544,0.208613778620579,2.5002641287197003
33.0,173.0,1000.5426025390624,-4.38181940135786,-3.791399619586264,1.7098404294414218,3.179839270708765,2.47262178616488,3.003668488078424,-0.339241562270528,1.8157726510338543,0.2086230390980571,2.5002641287197003
33.0,173.0,1000.5426025390624,-4.38181940135786,-3.791399619586264,1.7098404302970067,3.17983927070833,2.4726217861649955,3.003668488078424,-0.3392415622701736,1.8157726646904853,0.2086143376998105,2.5002641287197003
33.0,173.0,1000.5426025390624,-4.38181940135786,-3.791399619586264,1.7098404300144514,3.1798392707084253,2.472621786164862,3.003660714415029,-0.3392415622713721,1.8157744485262013,0.2086137238544499,2.5002641287197003
33.0,173.0,1000.5426025390624,-4.38181940135786,-3.791399619586264,1.7098404294414218,3.179839270708765,2.472621786164881,3.003668488078424,-0.3392415622713455,1.8157726510338543,0.2086230390980571,2.5002641287197003
33.0,173.0,1000.5426025390624,-4.38181940135786,-3.791399619586264,1.7098403451711213,3.1798392707227703,2.4726217861648623,3.00368219255876,-0.3392415602991104,1.8157709439508591,0.2086137677655681,2.5002641287197003
33.0,173.0,1000.5426025390624,-4.38181940135786,-3.791399619586264,1.7098404294414218,3.179839270708765,2.47262178616488,3.003668488078424,-0.339241561110106,1.815772618736129,0.2086223076305391,2.5002641287197003
33.0,173.0,1000.5426025390624,-4.38181940135786,-3.791399619586264,1.7098404302970067,3.1798392707224554,2.4726217861648565,3.0036778157578023,-0.3392415622701736,1.815772646579267,0.2086141123325922,2.5002641287197003
33.0,173.0,1000.5426025390624,-4.38181940135786,-3.791399619586264,1.7098404294414218,3.179839270708765,2.47262178616488,3.003668602277252,-0.3392415611247337,1.815772619295396,0.2086223076305391,2.5002641287197003
33.0,173.0,1000.5426025390624,-4.38181940135786,-3.791399619586264,1.7098404294414218,3.1798392707086407,2.47262178616488,3.003668488078424,-0.3392415622483473,1.8157726510338543,0.2086230390980571,2.5002641287197003
33.0,173.0,1000.5426025390624,-4.38181940135786,-3.791399619586264,1.7098403353941622,3.179839270708793,2.472621786164864,3.003677791959784,-0.3392415621793114,1.8157725824985929,0.2086045753542724,2.5002641287197003
33.0,173.0,1000.5426025390624,-4.38181940135786,-3.791399619586264,1.7098404294414218,3.179839270708765,2.472621786164881,3.003668488078424,-0.3392415622701736,1.8157726510338543,0.2086230390980571,2.5002641287197003
33.0,173.0,1000.5426025390624,-4.38181940135786,-3.791399619586264,1.7098404294414218,3.179839270708765,2.47262178616488,3.003668488078424,-0.3392415622471755,1.8157726510338543,0.2086230390980571,2.5002641287197003
33.0,173.0,1000.5426025390624,-4.38181940135786,-3.791399619586264,1.709840441144125,3.179839270708574,2.47262178616488,3.003660757198738,-0.3392415621750908,1.8157744485262013,0.2086137703700644,2.5002641287197003
33.0,173.0,1000.5426025390624,-4.38181940135786,-3.791399619586264,1.7098404294414218,3.179839270708765,2.47262178616488,3.003668655372412,-0.3392415623654631,1.815772618736129,0.2086223076305391,2.5002641287197003
33.0,173.0,1000.5426025390624,-4.38181940135786,-3.791399619586264,1.7098404294414218,3.1798392707086407,2.47262178616488,3.003668488078424,-0.3392415622483473,1.8157726510338543,0.2086230390980571,2.5002641287197003
33.0,173.0,1000.5426025390624,-4.38181940135786,-3.791399619586264,1.7098404407105547,3.17983927070857,2.47262178616488,3.003668488078424,-0.339241562270528,1.8157726510338543,0.2086230390980571,2.5002641287197003
33.0,174.0,1000.5426025390624,-4.38181940135786,-3.791399619586264,1.7098404294414218,3.179839270708765,2.47262178616488,3.003668488078424,-0.339241562270528,1.8157726510338543,0.2086230390980571,2.5002641287197003
33.0,174.0,1000.5426025390624,-4.38181940135786,-3.791399619586264,1.7098403353941622,3.179839270708793,2.472621786164863,3.003677791959784,-0.3392415623558534,1.8157727856240613,0.2086136569841203,2.5002641287197003
33.0,174.0,1000.5426025390624,-4.38181940135786,-3.791399619586264,1.7098404294414218,3.179839270708765,2.472621786164881,3.003668488078424,-0.3392415622479929,1.8157726510338543,0.2086230390980571,2.5002641287197003
33.0,174.0,1000.5426025390624,-4.38181940135786,-3.791399619586264,1.7098404294414218,3.179839270708765,2.472621786164881,3.003668488078424,-0.3392415622701736,1.8157726510338543,0.2086230390980571,2.5002641287197003
33.0,174.0,1000.5426025390624,-4.38181940135786,-3.791399619586264,1.7098404294414218,3.179839270708765,2.47262178616488,3.003668488078424,-0.3392415622483473,1.8157726510338543,0.2086230390980571,2.5002641287197003
33.0,174.0,1000.5426025390624,-4.38181940135786,-3.791399619586264,1.7098404294414218,3.1798392707086403,2.4726217861648787,3.0036654808814074,-0.3392415622941276,1.8157726510338543,0.2086045853392703,2.5002641287197003
33.0,174.0,1000.5426025390624,-4.38181940135786,-3.791399619586264,1.7098404294414218,3.179839270708765,2.47262178616488,3.003668488078424,-0.339241562270528,1.8157726510338543,0.2086230390980571,2.5002641287197003
33.0,174.0,1000.5426025390624,-4.38181940135786,-3.791399619586264,1.7098403353941622,3.179839270708793,2.472621786164863,3.003677791959784,-0.3392415602942843,1.8157709700682927,0.208613768635581,2.5002641287197003
33.0,174.0,1000.5426025390624,-4.38181940135786,-3.791399619586264,1.7098404410901251,3.179839270708574,2.472621786164862,3.003660757198738,-0.3392415621750908,1.8157744485262013,0.2086137703700644,2.5002641287197003
33.0,174.0,1000.5426025390624,-4.38181940135786,-3.791399619586264,1.7098404294414218,3.179839270708765,2.47262178616488,3.003668488078424,-0.339241562270528,1.8157726510338543,0.2086230390980571,2.5002641287197003
33.0,174.0,1000.5426025390624,-4.38181940135786,-3.791399619586264,1.7098404410901251,3.179839270708817,2.472621786164862,3.003660757198738,-0.3392415621750908,1.8157744485262013,0.2086137238544499,2.5002641287197003
33.0,174.0,1000.5426025390624,-4.38181940135786,-3.791399619586264,1.7098403420858872,3.179839270709712,2.472621786164862,3.0036676782153937,-0.3392415621850866,1.815770970256744,0.2086143502420084,2.5002641287197003
33.0,174.0,1000.5426025390624,-4.38181940135786,-3.791399619586264,1.7098404294414218,3.179839270708765,2.4726217861648627,3.003668488078424,-0.339241562270528,1.8157726510338543,0.2086230390980571,2.5002641287197003
33.0,174.0,1000.5426025390624,-4.38181940135786,-3.791399619586264,1.7098403353941622,3.179839270708793,2.472621786164863,3.003677791959784,-0.3392415602942843,1.8157726460146384,0.208613768635581,2.5002641287197003
33.0,174.0,1000.5426025390624,-4.38181940135786,-3.791399619586264,1.7098403369228028,3.179839270708793,2.4726217861648467,3.003677791959784,-0.3392415623558534,1.8157727856240613,0.2086136569841203,2.5002641287197003
33.0,174.0,1000.5426025390624,-4.38181940135786,-3.791399619586264,1.7098404294414218,3.179839270708765,2.47262178616488,3.003668488078424,-0.339241561110106,1.815772619295396,0.2086223076305391,2.5002641287197003
33.0,174.0,1000.5426025390624,-4.38181940135786,-3.791399619586264,1.7098404302970067,3.1798392707221392,2.4726217861649955,3.003668488078424,-0.3392415622701736,1.8157726510338543,0.2086230390980571,2.5002641287197003
33.0,174.0,1000.5426025390624,-4.38181940135786,-3.791399619586264,1.7098404294414218,3.179839270708765,2.47262178616488,3.003668488078424,-0.339241561110106,1.815772619295396,0.2086223076305391,2.5002641287197003
33.0,174.0,1000.5426025390624,-4.38181940135786,-3.791399619586264,1.7098403353941622,3.179839270708793,2.472621786164863,3.003677791959784,-0.3392415623558534,1.8157727856240613,0.2086136569841203,2.5002641287197003
33.0,174.0,1000.5426025390624,-4.38181940135786,-3.791399619586264,1.7098404302970067,3.17983927070833,2.4726217861649955,3.003668488078424,-0.3392415622701736,1.8157726646904853,0.2086143376998105,2.5002641287197003
33.0,174.0,1000.5426025390624,-4.38181940135786,-3.791399619586264,1.7098403347843747,3.179839270709807,2.472621786164865,3.0036723503264384,-0.3392415622642545,1.815770955111256,0.2086137691487854,2.5002641287197003
33.0,174.0,1000.5426025390624,-4.38181940135786,-3.791399619586264,1.7098404302970067,3.1798392707221392,2.4726217861648565,3.003668488078424,-0.3392415622701736,1.815772654525296,0.2086141153501159,2.5002641287197003
33.0,174.0,1000.5426025390624,-4.38181940135786,-3.791399619586264,1.7098404294414218,3.179839270706791,2.472621786164998,3.003663554483168,-0.3392415623851919,1.815772652417452,0.2086218274457262,2.5002641287197003
33.0,174.0,1000.5426025390624,-4.38181940135786,-3.791399619586264,1.7098404294414218,3.179839270708765,2.472621786164881,3.003668488078424,-0.3392415622474325,1.8157726510338543,0.2086230390980571,2.5002641287197003
33.0,174.0,1000.5426025390624,-4.38181940135786,-3.791399619586264,1.7098404294414218,3.179839270708637,2.472621786164864,3.0036654808814074,-0.3392415622941276,1.8157726510338543,0.2086045384703378,2.5002641287197003
33.0,174.0,1000.5426025390624,-4.38181940135786,-3.791399619586264,1.7098404294414218,3.179839270708765,2.47262178616488,3.003668488078424,-0.3392415611011593,1.8157726510338543,0.2086223060200112,2.5002641287197003
33.0,174.0,1000.5426025390624,-4.38181940135786,-3.791399619586264,1.7098403453403448,3.179839270708793,2.472621786164863,3.003677044616322,-0.3392415623793538,1.8157727856240613,0.2086136569841203,2.5002641287197003
33.0,174.0,1000.5426025390624,-4.38181940135786,-3.791399619586264,1.7098404294414218,3.179839270708765,2.47262178616488,3.003668488078424,-0.3392415622710885,1.8157726510338543,0.2086230390980571,2.5002641287197003
33.0,174.0,1000.5426025390624,-4.38181940135786,-3.791399619586264,1.7098404294414218,3.179839270708757,2.4726217861648614,3.003667666776133,-0.339241562247788,1.8157726510338543,0.208614743559608,2.5002641287197003
33.0,174.0,1000.5426025390624,-4.38181940135786,-3.791399619586264,1.7098404294414218,3.179839270708765,2.47262178616488,3.003668488078424,-0.339241562270528,1.8157726515931216,0.2086230390980571,2.5002641287197003
33.0,174.0,1000.5426025390624,-4.38181940135786,-3.791399619586264,1.7098403353941622,3.1798392707084764,2.472621786164863,3.003668464280405,-0.3392415602942843,1.815772653960668,0.2086137716531048,2.5002641287197003
33.0,174.0,1000.5426025390624,-4.38181940135786,-3.791399619586264,1.7098404294422462,3.179839270722096,2.4726217861650213,3.0036674481036902,-0.3392415622701736,1.8157726522125663,0.2086230390980571,2.5002641287197003
33.0,174.0,1000.5426025390624,-4.38181940135786,-3.791399619586264,1.7098403452108242,3.179839270708766,2.472621786164864,3.003677044616322,-0.3392415623793538,1.8157726539566823,0.2086136569841203,2.5002641287197003
33.0,174.0,1000.5426025390624,-4.38181940135786,-3.791399619586264,1.7098404294414218,3.1798392707086403,2.4726217861648787,3.0036654808814074,-0.3392415604091006,1.8157710386035544,0.208613778620579,2.5002641287197003
33.0,174.0,1000.5426025390624,-4.38181940135786,-3.791399619586264,1.7098404294414218,3.179839270708765,2.47262178616488,3.003668488078424,-0.339241562270528,1.8157726510338543,0.2086230390980571,2.5002641287197003
33.0,174.0,1000.5426025390624,-4.38181940135786,-3.791399619586264,1.7098404302970067,3.17983927070833,2.4726217861649955,3.003668488078424,-0.3392415622701736,1.8157726646904853,0.2086143376998105,2.5002641287197003
33.0,174.0,1000.5426025390624,-4.38181940135786,-3.791399619586264,1.7098404300144514,3.1798392707084253,2.472621786164862,3.003660714415029,-0.3392415622713721,1.8157744485262013,0.2086137238544499,2.5002641287197003
33.0,174.0,1000.5426025390624,-4.38181940135786,-3.791399619586264,1.7098404294414218,3.179839270708765,2.472621786164881,3.003668488078424,-0.3392415622713455,1.8157726510338543,0.2086230390980571,2.5002641287197003
33.0,174.0,1000.5426025390624,-4.38181940135786,-3.791399619586264,1.7098403451711213,3.1798392707227703,2.4726217861648623,3.00368219255876,-0.3392415602991104,1.8157709439508591,0.2086137677655681,2.5002641287197003
33.0,174.0,1000.5426025390624,-4.38181940135786,-3.791399619586264,1.7098404294414218,3.179839270708765,2.47262178616488,3.003668488078424,-0.339241561110106,1.815772618736129,0.2086223076305391,2.5002641287197003
33.0,174.0,1000.5426025390624,-4.38181940135786,-3.791399619586264,1.7098404302970067,3.1798392707224554,2.4726217861648565,3.0036778157578023,-0.3392415622701736,1.815772646579267,0.2086141123325922,2.5002641287197003
33.0,174.0,1000.5426025390624,-4.38181940135786,-3.791399619586264,1.7098404294414218,3.179839270708765,2.47262178616488,3.003668602277252,-0.3392415611247337,1.815772619295396,0.2086223076305391,2.5002641287197003
33.0,174.0,1000.5426025390624,-4.38181940135786,-3.791399619586264,1.7098404294414218,3.1798392707086407,2.47262178616488,3.003668488078424,-0.3392415622483473,1.8157726510338543,0.2086230390980571,2.5002641287197003
33.0,174.0,1000.5426025390624,-4.38181940135786,-3.791399619586264,1.7098403353941622,3.179839270708793,2.472621786164864,3.003677791959784,-0.3392415621793114,1.8157725824985929,0.2086045753542724,2.5002641287197003
33.0,174.0,1000.5426025390624,-4.38181940135786,-3.791399619586264,1.7098404294414218,3.179839270708765,2.472621786164881,3.003668488078424,-0.3392415622701736,1.8157726510338543,0.2086230390980571,2.5002641287197003
33.0,174.0,1000.5426025390624,-4.38181940135786,-3.791399619586264,1.7098404294414218,3.179839270708765,2.47262178616488,3.003668488078424,-0.3392415622471755,1.8157726510338543,0.2086230390980571,2.5002641287197003
33.0,174.0,1000.5426025390624,-4.38181940135786,-3.791399619586264,1.709840441144125,3.179839270708574,2.47262178616488,3.003660757198738,-0.3392415621750908,1.8157744485262013,0.2086137703700644,2.5002641287197003
33.0,174.0,1000.5426025390624,-4.38181940135786,-3.791399619586264,1.7098404294414218,3.179839270708765,2.47262178616488,3.003668655372412,-0.3392415623654631,1.815772618736129,0.2086223076305391,2.5002641287197003
33.0,174.0,1000.5426025390624,-4.38181940135786,-3.791399619586264,1.7098404294414218,3.1798392707086407,2.47262178616488,3.003668488078424,-0.3392415622483473,1.8157726510338543,0.2086230390980571,2.5002641287197003
33.0,174.0,1000.5426025390624,-4.38181940135786,-3.791399619586264,1.7098404407105547,3.17983927070857,2.47262178616488,3.003668488078424,-0.339241562270528,1.8157726510338543,0.2086230390980571,2.5002641287197003
33.0,175.0,1000.5426025390624,-4.38181940135786,-3.791399619586264,1.7098404294414218,3.179839270708765,2.47262178616488,3.003668488078424,-0.339241562270528,1.8157726510338543,0.2086230390980571,2.5002641287197003
33.0,175.0,1000.5426025390624,-4.38181940135786,-3.791399619586264,1.7098403353941622,3.179839270708793,2.472621786164863,3.003677791959784,-0.3392415623558534,1.8157727856240613,0.2086136569841203,2.5002641287197003
33.0,175.0,1000.5426025390624,-4.38181940135786,-3.791399619586264,1.7098404294414218,3.179839270708765,2.472621786164881,3.003668488078424,-0.3392415622479929,1.8157726510338543,0.2086230390980571,2.5002641287197003
33.0,175.0,1000.5426025390624,-4.38181940135786,-3.791399619586264,1.7098404294414218,3.179839270708765,2.472621786164881,3.003668488078424,-0.3392415622701736,1.8157726510338543,0.2086230390980571,2.5002641287197003
33.0,175.0,1000.5426025390624,-4.38181940135786,-3.791399619586264,1.7098404294414218,3.179839270708765,2.47262178616488,3.003668488078424,-0.3392415622483473,1.8157726510338543,0.2086230390980571,2.5002641287197003
33.0,175.0,1000.5426025390624,-4.38181940135786,-3.791399619586264,1.7098404294414218,3.1798392707086403,2.4726217861648787,3.0036654808814074,-0.3392415622941276,1.8157726510338543,0.2086045853392703,2.5002641287197003
33.0,175.0,1000.5426025390624,-4.38181940135786,-3.791399619586264,1.7098404294414218,3.179839270708765,2.47262178616488,3.003668488078424,-0.339241562270528,1.8157726510338543,0.2086230390980571,2.5002641287197003
33.0,175.0,1000.5426025390624,-4.38181940135786,-3.791399619586264,1.7098403353941622,3.179839270708793,2.472621786164863,3.003677791959784,-0.3392415602942843,1.8157709700682927,0.208613768635581,2.5002641287197003
33.0,175.0,1000.5426025390624,-4.38181940135786,-3.791399619586264,1.7098404410901251,3.179839270708574,2.472621786164862,3.003660757198738,-0.3392415621750908,1.8157744485262013,0.2086137703700644,2.5002641287197003
33.0,175.0,1000.5426025390624,-4.38181940135786,-3.791399619586264,1.7098404294414218,3.179839270708765,2.47262178616488,3.003668488078424,-0.339241562270528,1.8157726510338543,0.2086230390980571,2.5002641287197003
33.0,175.0,1000.5426025390624,-4.38181940135786,-3.791399619586264,1.7098404410901251,3.179839270708817,2.472621786164862,3.003660757198738,-0.3392415621750908,1.8157744485262013,0.2086137238544499,2.5002641287197003
33.0,175.0,1000.5426025390624,-4.38181940135786,-3.791399619586264,1.7098403420858872,3.179839270709712,2.472621786164862,3.0036676782153937,-0.3392415621850866,1.815770970256744,0.2086143502420084,2.5002641287197003
33.0,175.0,1000.5426025390624,-4.38181940135786,-3.791399619586264,1.7098404294414218,3.179839270708765,2.4726217861648627,3.003668488078424,-0.339241562270528,1.8157726510338543,0.2086230390980571,2.5002641287197003
33.0,175.0,1000.5426025390624,-4.38181940135786,-3.791399619586264,1.7098403353941622,3.179839270708793,2.472621786164863,3.003677791959784,-0.3392415602942843,1.8157726460146384,0.208613768635581,2.5002641287197003
33.0,175.0,1000.5426025390624,-4.38181940135786,-3.791399619586264,1.7098403369228028,3.179839270708793,2.4726217861648467,3.003677791959784,-0.3392415623558534,1.8157727856240613,0.2086136569841203,2.5002641287197003
33.0,175.0,1000.5426025390624,-4.38181940135786,-3.791399619586264,1.7098404294414218,3.179839270708765,2.47262178616488,3.003668488078424,-0.339241561110106,1.815772619295396,0.2086223076305391,2.5002641287197003
33.0,175.0,1000.5426025390624,-4.38181940135786,-3.791399619586264,1.7098404302970067,3.1798392707221392,2.4726217861649955,3.003668488078424,-0.3392415622701736,1.8157726510338543,0.2086230390980571,2.5002641287197003
33.0,175.0,1000.5426025390624,-4.38181940135786,-3.791399619586264,1.7098404294414218,3.179839270708765,2.47262178616488,3.003668488078424,-0.339241561110106,1.815772619295396,0.2086223076305391,2.5002641287197003
33.0,175.0,1000.5426025390624,-4.38181940135786,-3.791399619586264,1.7098403353941622,3.179839270708793,2.472621786164863,3.003677791959784,-0.3392415623558534,1.8157727856240613,0.2086136569841203,2.5002641287197003
33.0,175.0,1000.5426025390624,-4.38181940135786,-3.791399619586264,1.7098404302970067,3.17983927070833,2.4726217861649955,3.003668488078424,-0.3392415622701736,1.8157726646904853,0.2086143376998105,2.5002641287197003
33.0,175.0,1000.5426025390624,-4.38181940135786,-3.791399619586264,1.7098403347843747,3.179839270709807,2.472621786164865,3.0036723503264384,-0.3392415622642545,1.815770955111256,0.2086137691487854,2.5002641287197003
33.0,175.0,1000.5426025390624,-4.38181940135786,-3.791399619586264,1.7098404302970067,3.1798392707221392,2.4726217861648565,3.003668488078424,-0.3392415622701736,1.815772654525296,0.2086141153501159,2.5002641287197003
33.0,175.0,1000.5426025390624,-4.38181940135786,-3.791399619586264,1.7098404294414218,3.179839270706791,2.472621786164998,3.003663554483168,-0.3392415623851919,1.815772652417452,0.2086218274457262,2.5002641287197003
33.0,175.0,1000.5426025390624,-4.38181940135786,-3.791399619586264,1.7098404294414218,3.179839270708765,2.472621786164881,3.003668488078424,-0.3392415622474325,1.8157726510338543,0.2086230390980571,2.5002641287197003
33.0,175.0,1000.5426025390624,-4.38181940135786,-3.791399619586264,1.7098404294414218,3.179839270708637,2.472621786164864,3.0036654808814074,-0.3392415622941276,1.8157726510338543,0.2086045384703378,2.5002641287197003
33.0,175.0,1000.5426025390624,-4.38181940135786,-3.791399619586264,1.7098404294414218,3.179839270708765,2.47262178616488,3.003668488078424,-0.3392415611011593,1.8157726510338543,0.2086223060200112,2.5002641287197003
33.0,175.0,1000.5426025390624,-4.38181940135786,-3.791399619586264,1.7098403453403448,3.179839270708793,2.472621786164863,3.003677044616322,-0.3392415623793538,1.8157727856240613,0.2086136569841203,2.5002641287197003
33.0,175.0,1000.5426025390624,-4.38181940135786,-3.791399619586264,1.7098404294414218,3.179839270708765,2.47262178616488,3.003668488078424,-0.3392415622710885,1.8157726510338543,0.2086230390980571,2.5002641287197003
33.0,175.0,1000.5426025390624,-4.38181940135786,-3.791399619586264,1.7098404294414218,3.179839270708757,2.4726217861648614,3.003667666776133,-0.339241562247788,1.8157726510338543,0.208614743559608,2.5002641287197003
33.0,175.0,1000.5426025390624,-4.38181940135786,-3.791399619586264,1.7098404294414218,3.179839270708765,2.47262178616488,3.003668488078424,-0.339241562270528,1.8157726515931216,0.2086230390980571,2.5002641287197003
33.0,175.0,1000.5426025390624,-4.38181940135786,-3.791399619586264,1.7098403353941622,3.1798392707084764,2.472621786164863,3.003668464280405,-0.3392415602942843,1.815772653960668,0.2086137716531048,2.5002641287197003
33.0,175.0,1000.5426025390624,-4.38181940135786,-3.791399619586264,1.7098404294422462,3.179839270722096,2.4726217861650213,3.0036674481036902,-0.3392415622701736,1.8157726522125663,0.2086230390980571,2.5002641287197003
33.0,175.0,1000.5426025390624,-4.38181940135786,-3.791399619586264,1.7098403452108242,3.179839270708766,2.472621786164864,3.003677044616322,-0.3392415623793538,1.8157726539566823,0.2086136569841203,2.5002641287197003
33.0,175.0,1000.5426025390624,-4.38181940135786,-3.791399619586264,1.7098404294414218,3.1798392707086403,2.4726217861648787,3.0036654808814074,-0.3392415604091006,1.8157710386035544,0.208613778620579,2.5002641287197003
33.0,175.0,1000.5426025390624,-4.38181940135786,-3.791399619586264,1.7098404294414218,3.179839270708765,2.47262178616488,3.003668488078424,-0.339241562270528,1.8157726510338543,0.2086230390980571,2.5002641287197003
33.0,175.0,1000.5426025390624,-4.38181940135786,-3.791399619586264,1.7098404302970067,3.17983927070833,2.4726217861649955,3.003668488078424,-0.3392415622701736,1.8157726646904853,0.2086143376998105,2.5002641287197003
33.0,175.0,1000.5426025390624,-4.38181940135786,-3.791399619586264,1.7098404300144514,3.1798392707084253,2.472621786164862,3.003660714415029,-0.3392415622713721,1.8157744485262013,0.2086137238544499,2.5002641287197003
33.0,175.0,1000.5426025390624,-4.38181940135786,-3.791399619586264,1.7098404294414218,3.179839270708765,2.472621786164881,3.003668488078424,-0.3392415622713455,1.8157726510338543,0.2086230390980571,2.5002641287197003
33.0,175.0,1000.5426025390624,-4.38181940135786,-3.791399619586264,1.7098403451711213,3.1798392707227703,2.4726217861648623,3.00368219255876,-0.3392415602991104,1.8157709439508591,0.2086137677655681,2.5002641287197003
33.0,175.0,1000.5426025390624,-4.38181940135786,-3.791399619586264,1.7098404294414218,3.179839270708765,2.47262178616488,3.003668488078424,-0.339241561110106,1.815772618736129,0.2086223076305391,2.5002641287197003
33.0,175.0,1000.5426025390624,-4.38181940135786,-3.791399619586264,1.7098404302970067,3.1798392707224554,2.4726217861648565,3.0036778157578023,-0.3392415622701736,1.815772646579267,0.2086141123325922,2.5002641287197003
33.0,175.0,1000.5426025390624,-4.38181940135786,-3.791399619586264,1.7098404294414218,3.179839270708765,2.47262178616488,3.003668602277252,-0.3392415611247337,1.815772619295396,0.2086223076305391,2.5002641287197003
33.0,175.0,1000.5426025390624,-4.38181940135786,-3.791399619586264,1.7098404294414218,3.1798392707086407,2.47262178616488,3.003668488078424,-0.3392415622483473,1.8157726510338543,0.2086230390980571,2.5002641287197003
33.0,175.0,1000.5426025390624,-4.38181940135786,-3.791399619586264,1.7098403353941622,3.179839270708793,2.472621786164864,3.003677791959784,-0.3392415621793114,1.8157725824985929,0.2086045753542724,2.5002641287197003
33.0,175.0,1000.5426025390624,-4.38181940135786,-3.791399619586264,1.7098404294414218,3.179839270708765,2.472621786164881,3.003668488078424,-0.3392415622701736,1.8157726510338543,0.2086230390980571,2.5002641287197003
33.0,175.0,1000.5426025390624,-4.38181940135786,-3.791399619586264,1.7098404294414218,3.179839270708765,2.47262178616488,3.003668488078424,-0.3392415622471755,1.8157726510338543,0.2086230390980571,2.5002641287197003
33.0,175.0,1000.5426025390624,-4.38181940135786,-3.791399619586264,1.709840441144125,3.179839270708574,2.47262178616488,3.003660757198738,-0.3392415621750908,1.8157744485262013,0.2086137703700644,2.5002641287197003
33.0,175.0,1000.5426025390624,-4.38181940135786,-3.791399619586264,1.7098404294414218,3.179839270708765,2.47262178616488,3.003668655372412,-0.3392415623654631,1.815772618736129,0.2086223076305391,2.5002641287197003
33.0,175.0,1000.5426025390624,-4.38181940135786,-3.791399619586264,1.7098404294414218,3.1798392707086407,2.47262178616488,3.003668488078424,-0.3392415622483473,1.8157726510338543,0.2086230390980571,2.5002641287197003
33.0,175.0,1000.5426025390624,-4.38181940135786,-3.791399619586264,1.7098404407105547,3.17983927070857,2.47262178616488,3.003668488078424,-0.339241562270528,1.8157726510338543,0.2086230390980571,2.5002641287197003
33.0,176.0,1000.5426025390624,-4.38181940135786,-3.791399619586264,1.7098404294414218,3.179839270708765,2.47262178616488,3.003668488078424,-0.339241562270528,1.8157726510338543,0.2086230390980571,2.5002641287197003
33.0,176.0,1000.5426025390624,-4.38181940135786,-3.791399619586264,1.7098403353941622,3.179839270708793,2.472621786164863,3.003677791959784,-0.3392415623558534,1.8157727856240613,0.2086136569841203,2.5002641287197003
33.0,176.0,1000.5426025390624,-4.38181940135786,-3.791399619586264,1.7098404294414218,3.179839270708765,2.472621786164881,3.003668488078424,-0.3392415622479929,1.8157726510338543,0.2086230390980571,2.5002641287197003
33.0,176.0,1000.5426025390624,-4.38181940135786,-3.791399619586264,1.7098404294414218,3.179839270708765,2.472621786164881,3.003668488078424,-0.3392415622701736,1.8157726510338543,0.2086230390980571,2.5002641287197003
33.0,176.0,1000.5426025390624,-4.38181940135786,-3.791399619586264,1.7098404294414218,3.179839270708765,2.47262178616488,3.003668488078424,-0.3392415622483473,1.8157726510338543,0.2086230390980571,2.5002641287197003
33.0,176.0,1000.5426025390624,-4.38181940135786,-3.791399619586264,1.7098404294414218,3.1798392707086403,2.4726217861648787,3.0036654808814074,-0.3392415622941276,1.8157726510338543,0.2086045853392703,2.5002641287197003
33.0,176.0,1000.5426025390624,-4.38181940135786,-3.791399619586264,1.7098404294414218,3.179839270708765,2.47262178616488,3.003668488078424,-0.339241562270528,1.8157726510338543,0.2086230390980571,2.5002641287197003
33.0,176.0,1000.5426025390624,-4.38181940135786,-3.791399619586264,1.7098403353941622,3.179839270708793,2.472621786164863,3.003677791959784,-0.3392415602942843,1.8157709700682927,0.208613768635581,2.5002641287197003
33.0,176.0,1000.5426025390624,-4.38181940135786,-3.791399619586264,1.7098404410901251,3.179839270708574,2.472621786164862,3.003660757198738,-0.3392415621750908,1.8157744485262013,0.2086137703700644,2.5002641287197003
33.0,176.0,1000.5426025390624,-4.38181940135786,-3.791399619586264,1.7098404294414218,3.179839270708765,2.47262178616488,3.003668488078424,-0.339241562270528,1.8157726510338543,0.2086230390980571,2.5002641287197003
33.0,176.0,1000.5426025390624,-4.38181940135786,-3.791399619586264,1.7098404410901251,3.179839270708817,2.472621786164862,3.003660757198738,-0.3392415621750908,1.8157744485262013,0.2086137238544499,2.5002641287197003
33.0,176.0,1000.5426025390624,-4.38181940135786,-3.791399619586264,1.7098403420858872,3.179839270709712,2.472621786164862,3.0036676782153937,-0.3392415621850866,1.815770970256744,0.2086143502420084,2.5002641287197003
33.0,176.0,1000.5426025390624,-4.38181940135786,-3.791399619586264,1.7098404294414218,3.179839270708765,2.4726217861648627,3.003668488078424,-0.339241562270528,1.8157726510338543,0.2086230390980571,2.5002641287197003
33.0,176.0,1000.5426025390624,-4.38181940135786,-3.791399619586264,1.7098403353941622,3.179839270708793,2.472621786164863,3.003677791959784,-0.3392415602942843,1.8157726460146384,0.208613768635581,2.5002641287197003
33.0,176.0,1000.5426025390624,-4.38181940135786,-3.791399619586264,1.7098403369228028,3.179839270708793,2.4726217861648467,3.003677791959784,-0.3392415623558534,1.8157727856240613,0.2086136569841203,2.5002641287197003
33.0,176.0,1000.5426025390624,-4.38181940135786,-3.791399619586264,1.7098404294414218,3.179839270708765,2.47262178616488,3.003668488078424,-0.339241561110106,1.815772619295396,0.2086223076305391,2.5002641287197003
33.0,176.0,1000.5426025390624,-4.38181940135786,-3.791399619586264,1.7098404302970067,3.1798392707221392,2.4726217861649955,3.003668488078424,-0.3392415622701736,1.8157726510338543,0.2086230390980571,2.5002641287197003
33.0,176.0,1000.5426025390624,-4.38181940135786,-3.791399619586264,1.7098404294414218,3.179839270708765,2.47262178616488,3.003668488078424,-0.339241561110106,1.815772619295396,0.2086223076305391,2.5002641287197003
33.0,176.0,1000.5426025390624,-4.38181940135786,-3.791399619586264,1.7098403353941622,3.179839270708793,2.472621786164863,3.003677791959784,-0.3392415623558534,1.8157727856240613,0.2086136569841203,2.5002641287197003
33.0,176.0,1000.5426025390624,-4.38181940135786,-3.791399619586264,1.7098404302970067,3.17983927070833,2.4726217861649955,3.003668488078424,-0.3392415622701736,1.8157726646904853,0.2086143376998105,2.5002641287197003
33.0,176.0,1000.5426025390624,-4.38181940135786,-3.791399619586264,1.7098403347843747,3.179839270709807,2.472621786164865,3.0036723503264384,-0.3392415622642545,1.815770955111256,0.2086137691487854,2.5002641287197003
33.0,176.0,1000.5426025390624,-4.38181940135786,-3.791399619586264,1.7098404302970067,3.1798392707221392,2.4726217861648565,3.003668488078424,-0.3392415622701736,1.815772654525296,0.2086141153501159,2.5002641287197003
33.0,176.0,1000.5426025390624,-4.38181940135786,-3.791399619586264,1.7098404294414218,3.179839270706791,2.472621786164998,3.003663554483168,-0.3392415623851919,1.815772652417452,0.2086218274457262,2.5002641287197003
33.0,176.0,1000.5426025390624,-4.38181940135786,-3.791399619586264,1.7098404294414218,3.179839270708765,2.472621786164881,3.003668488078424,-0.3392415622474325,1.8157726510338543,0.2086230390980571,2.5002641287197003
33.0,176.0,1000.5426025390624,-4.38181940135786,-3.791399619586264,1.7098404294414218,3.179839270708637,2.472621786164864,3.0036654808814074,-0.3392415622941276,1.8157726510338543,0.2086045384703378,2.5002641287197003
33.0,176.0,1000.5426025390624,-4.38181940135786,-3.791399619586264,1.7098404294414218,3.179839270708765,2.47262178616488,3.003668488078424,-0.3392415611011593,1.8157726510338543,0.2086223060200112,2.5002641287197003
33.0,176.0,1000.5426025390624,-4.38181940135786,-3.791399619586264,1.7098403453403448,3.179839270708793,2.472621786164863,3.003677044616322,-0.3392415623793538,1.8157727856240613,0.2086136569841203,2.5002641287197003
33.0,176.0,1000.5426025390624,-4.38181940135786,-3.791399619586264,1.7098404294414218,3.179839270708765,2.47262178616488,3.003668488078424,-0.3392415622710885,1.8157726510338543,0.2086230390980571,2.5002641287197003
33.0,176.0,1000.5426025390624,-4.38181940135786,-3.791399619586264,1.7098404294414218,3.179839270708757,2.4726217861648614,3.003667666776133,-0.339241562247788,1.8157726510338543,0.208614743559608,2.5002641287197003
33.0,176.0,1000.5426025390624,-4.38181940135786,-3.791399619586264,1.7098404294414218,3.179839270708765,2.47262178616488,3.003668488078424,-0.339241562270528,1.8157726515931216,0.2086230390980571,2.5002641287197003
33.0,176.0,1000.5426025390624,-4.38181940135786,-3.791399619586264,1.7098403353941622,3.1798392707084764,2.472621786164863,3.003668464280405,-0.3392415602942843,1.815772653960668,0.2086137716531048,2.5002641287197003
33.0,176.0,1000.5426025390624,-4.38181940135786,-3.791399619586264,1.7098404294422462,3.179839270722096,2.4726217861650213,3.0036674481036902,-0.3392415622701736,1.8157726522125663,0.2086230390980571,2.5002641287197003
33.0,176.0,1000.5426025390624,-4.38181940135786,-3.791399619586264,1.7098403452108242,3.179839270708766,2.472621786164864,3.003677044616322,-0.3392415623793538,1.8157726539566823,0.2086136569841203,2.5002641287197003
33.0,176.0,1000.5426025390624,-4.38181940135786,-3.791399619586264,1.7098404294414218,3.1798392707086403,2.4726217861648787,3.0036654808814074,-0.3392415604091006,1.8157710386035544,0.208613778620579,2.5002641287197003
33.0,176.0,1000.5426025390624,-4.38181940135786,-3.791399619586264,1.7098404294414218,3.179839270708765,2.47262178616488,3.003668488078424,-0.339241562270528,1.8157726510338543,0.2086230390980571,2.5002641287197003
33.0,176.0,1000.5426025390624,-4.38181940135786,-3.791399619586264,1.7098404302970067,3.17983927070833,2.4726217861649955,3.003668488078424,-0.3392415622701736,1.8157726646904853,0.2086143376998105,2.5002641287197003
33.0,176.0,1000.5426025390624,-4.38181940135786,-3.791399619586264,1.7098404300144514,3.1798392707084253,2.472621786164862,3.003660714415029,-0.3392415622713721,1.8157744485262013,0.2086137238544499,2.5002641287197003
33.0,176.0,1000.5426025390624,-4.38181940135786,-3.791399619586264,1.7098404294414218,3.179839270708765,2.472621786164881,3.003668488078424,-0.3392415622713455,1.8157726510338543,0.2086230390980571,2.5002641287197003
33.0,176.0,1000.5426025390624,-4.38181940135786,-3.791399619586264,1.7098403451711213,3.1798392707227703,2.4726217861648623,3.00368219255876,-0.3392415602991104,1.8157709439508591,0.2086137677655681,2.5002641287197003
33.0,176.0,1000.5426025390624,-4.38181940135786,-3.791399619586264,1.7098404294414218,3.179839270708765,2.47262178616488,3.003668488078424,-0.339241561110106,1.815772618736129,0.2086223076305391,2.5002641287197003
33.0,176.0,1000.5426025390624,-4.38181940135786,-3.791399619586264,1.7098404302970067,3.1798392707224554,2.4726217861648565,3.0036778157578023,-0.3392415622701736,1.815772646579267,0.2086141123325922,2.5002641287197003
33.0,176.0,1000.5426025390624,-4.38181940135786,-3.791399619586264,1.7098404294414218,3.179839270708765,2.47262178616488,3.003668602277252,-0.3392415611247337,1.815772619295396,0.2086223076305391,2.5002641287197003
33.0,176.0,1000.5426025390624,-4.38181940135786,-3.791399619586264,1.7098404294414218,3.1798392707086407,2.47262178616488,3.003668488078424,-0.3392415622483473,1.8157726510338543,0.2086230390980571,2.5002641287197003
33.0,176.0,1000.5426025390624,-4.38181940135786,-3.791399619586264,1.7098403353941622,3.179839270708793,2.472621786164864,3.003677791959784,-0.3392415621793114,1.8157725824985929,0.2086045753542724,2.5002641287197003
33.0,176.0,1000.5426025390624,-4.38181940135786,-3.791399619586264,1.7098404294414218,3.179839270708765,2.472621786164881,3.003668488078424,-0.3392415622701736,1.8157726510338543,0.2086230390980571,2.5002641287197003
33.0,176.0,1000.5426025390624,-4.38181940135786,-3.791399619586264,1.7098404294414218,3.179839270708765,2.47262178616488,3.003668488078424,-0.3392415622471755,1.8157726510338543,0.2086230390980571,2.5002641287197003
33.0,176.0,1000.5426025390624,-4.38181940135786,-3.791399619586264,1.709840441144125,3.179839270708574,2.47262178616488,3.003660757198738,-0.3392415621750908,1.8157744485262013,0.2086137703700644,2.5002641287197003
33.0,176.0,1000.5426025390624,-4.38181940135786,-3.791399619586264,1.7098404294414218,3.179839270708765,2.47262178616488,3.003668655372412,-0.3392415623654631,1.815772618736129,0.2086223076305391,2.5002641287197003
33.0,176.0,1000.5426025390624,-4.38181940135786,-3.791399619586264,1.7098404294414218,3.1798392707086407,2.47262178616488,3.003668488078424,-0.3392415622483473,1.8157726510338543,0.2086230390980571,2.5002641287197003
33.0,176.0,1000.5426025390624,-4.38181940135786,-3.791399619586264,1.7098404407105547,3.17983927070857,2.47262178616488,3.003668488078424,-0.339241562270528,1.8157726510338543,0.2086230390980571,2.5002641287197003
33.0,177.0,1000.5426025390624,-4.38181940135786,-3.791399619586264,1.7098404294414218,3.179839270708765,2.47262178616488,3.003668488078424,-0.339241562270528,1.8157726510338543,0.2086230390980571,2.5002641287197003
33.0,177.0,1000.5426025390624,-4.38181940135786,-3.791399619586264,1.7098403353941622,3.179839270708793,2.472621786164863,3.003677791959784,-0.3392415623558534,1.8157727856240613,0.2086136569841203,2.5002641287197003
33.0,177.0,1000.5426025390624,-4.38181940135786,-3.791399619586264,1.7098404294414218,3.179839270708765,2.472621786164881,3.003668488078424,-0.3392415622479929,1.8157726510338543,0.2086230390980571,2.5002641287197003
33.0,177.0,1000.5426025390624,-4.38181940135786,-3.791399619586264,1.7098404294414218,3.179839270708765,2.472621786164881,3.003668488078424,-0.3392415622701736,1.8157726510338543,0.2086230390980571,2.5002641287197003
33.0,177.0,1000.5426025390624,-4.38181940135786,-3.791399619586264,1.7098404294414218,3.179839270708765,2.47262178616488,3.003668488078424,-0.3392415622483473,1.8157726510338543,0.2086230390980571,2.5002641287197003
33.0,177.0,1000.5426025390624,-4.38181940135786,-3.791399619586264,1.7098404294414218,3.1798392707086403,2.4726217861648787,3.0036654808814074,-0.3392415622941276,1.8157726510338543,0.2086045853392703,2.5002641287197003
33.0,177.0,1000.5426025390624,-4.38181940135786,-3.791399619586264,1.7098404294414218,3.179839270708765,2.47262178616488,3.003668488078424,-0.339241562270528,1.8157726510338543,0.2086230390980571,2.5002641287197003
33.0,177.0,1000.5426025390624,-4.38181940135786,-3.791399619586264,1.7098403353941622,3.179839270708793,2.472621786164863,3.003677791959784,-0.3392415602942843,1.8157709700682927,0.208613768635581,2.5002641287197003
33.0,177.0,1000.5426025390624,-4.38181940135786,-3.791399619586264,1.7098404410901251,3.179839270708574,2.472621786164862,3.003660757198738,-0.3392415621750908,1.8157744485262013,0.2086137703700644,2.5002641287197003
33.0,177.0,1000.5426025390624,-4.38181940135786,-3.791399619586264,1.7098404294414218,3.179839270708765,2.47262178616488,3.003668488078424,-0.339241562270528,1.8157726510338543,0.2086230390980571,2.5002641287197003
33.0,177.0,1000.5426025390624,-4.38181940135786,-3.791399619586264,1.7098404410901251,3.179839270708817,2.472621786164862,3.003660757198738,-0.3392415621750908,1.8157744485262013,0.2086137238544499,2.5002641287197003
33.0,177.0,1000.5426025390624,-4.38181940135786,-3.791399619586264,1.7098403420858872,3.179839270709712,2.472621786164862,3.0036676782153937,-0.3392415621850866,1.815770970256744,0.2086143502420084,2.5002641287197003
33.0,177.0,1000.5426025390624,-4.38181940135786,-3.791399619586264,1.7098404294414218,3.179839270708765,2.4726217861648627,3.003668488078424,-0.339241562270528,1.8157726510338543,0.2086230390980571,2.5002641287197003
33.0,177.0,1000.5426025390624,-4.38181940135786,-3.791399619586264,1.7098403353941622,3.179839270708793,2.472621786164863,3.003677791959784,-0.3392415602942843,1.8157726460146384,0.208613768635581,2.5002641287197003
33.0,177.0,1000.5426025390624,-4.38181940135786,-3.791399619586264,1.7098403369228028,3.179839270708793,2.4726217861648467,3.003677791959784,-0.3392415623558534,1.8157727856240613,0.2086136569841203,2.5002641287197003
33.0,177.0,1000.5426025390624,-4.38181940135786,-3.791399619586264,1.7098404294414218,3.179839270708765,2.47262178616488,3.003668488078424,-0.339241561110106,1.815772619295396,0.2086223076305391,2.5002641287197003
33.0,177.0,1000.5426025390624,-4.38181940135786,-3.791399619586264,1.7098404302970067,3.1798392707221392,2.4726217861649955,3.003668488078424,-0.3392415622701736,1.8157726510338543,0.2086230390980571,2.5002641287197003
33.0,177.0,1000.5426025390624,-4.38181940135786,-3.791399619586264,1.7098404294414218,3.179839270708765,2.47262178616488,3.003668488078424,-0.339241561110106,1.815772619295396,0.2086223076305391,2.5002641287197003
33.0,177.0,1000.5426025390624,-4.38181940135786,-3.791399619586264,1.7098403353941622,3.179839270708793,2.472621786164863,3.003677791959784,-0.3392415623558534,1.8157727856240613,0.2086136569841203,2.5002641287197003
33.0,177.0,1000.5426025390624,-4.38181940135786,-3.791399619586264,1.7098404302970067,3.17983927070833,2.4726217861649955,3.003668488078424,-0.3392415622701736,1.8157726646904853,0.2086143376998105,2.5002641287197003
33.0,177.0,1000.5426025390624,-4.38181940135786,-3.791399619586264,1.7098403347843747,3.179839270709807,2.472621786164865,3.0036723503264384,-0.3392415622642545,1.815770955111256,0.2086137691487854,2.5002641287197003
33.0,177.0,1000.5426025390624,-4.38181940135786,-3.791399619586264,1.7098404302970067,3.1798392707221392,2.4726217861648565,3.003668488078424,-0.3392415622701736,1.815772654525296,0.2086141153501159,2.5002641287197003
33.0,177.0,1000.5426025390624,-4.38181940135786,-3.791399619586264,1.7098404294414218,3.179839270706791,2.472621786164998,3.003663554483168,-0.3392415623851919,1.815772652417452,0.2086218274457262,2.5002641287197003
33.0,177.0,1000.5426025390624,-4.38181940135786,-3.791399619586264,1.7098404294414218,3.179839270708765,2.472621786164881,3.003668488078424,-0.3392415622474325,1.8157726510338543,0.2086230390980571,2.5002641287197003
33.0,177.0,1000.5426025390624,-4.38181940135786,-3.791399619586264,1.7098404294414218,3.179839270708637,2.472621786164864,3.0036654808814074,-0.3392415622941276,1.8157726510338543,0.2086045384703378,2.5002641287197003
33.0,177.0,1000.5426025390624,-4.38181940135786,-3.791399619586264,1.7098404294414218,3.179839270708765,2.47262178616488,3.003668488078424,-0.3392415611011593,1.8157726510338543,0.2086223060200112,2.5002641287197003
33.0,177.0,1000.5426025390624,-4.38181940135786,-3.791399619586264,1.7098403453403448,3.179839270708793,2.472621786164863,3.003677044616322,-0.3392415623793538,1.8157727856240613,0.2086136569841203,2.5002641287197003
33.0,177.0,1000.5426025390624,-4.38181940135786,-3.791399619586264,1.7098404294414218,3.179839270708765,2.47262178616488,3.003668488078424,-0.3392415622710885,1.8157726510338543,0.2086230390980571,2.5002641287197003
33.0,177.0,1000.5426025390624,-4.38181940135786,-3.791399619586264,1.7098404294414218,3.179839270708757,2.4726217861648614,3.003667666776133,-0.339241562247788,1.8157726510338543,0.208614743559608,2.5002641287197003
33.0,177.0,1000.5426025390624,-4.38181940135786,-3.791399619586264,1.7098404294414218,3.179839270708765,2.47262178616488,3.003668488078424,-0.339241562270528,1.8157726515931216,0.2086230390980571,2.5002641287197003
33.0,177.0,1000.5426025390624,-4.38181940135786,-3.791399619586264,1.7098403353941622,3.1798392707084764,2.472621786164863,3.003668464280405,-0.3392415602942843,1.815772653960668,0.2086137716531048,2.5002641287197003
33.0,177.0,1000.5426025390624,-4.38181940135786,-3.791399619586264,1.7098404294422462,3.179839270722096,2.4726217861650213,3.0036674481036902,-0.3392415622701736,1.8157726522125663,0.2086230390980571,2.5002641287197003
33.0,177.0,1000.5426025390624,-4.38181940135786,-3.791399619586264,1.7098403452108242,3.179839270708766,2.472621786164864,3.003677044616322,-0.3392415623793538,1.8157726539566823,0.2086136569841203,2.5002641287197003
33.0,177.0,1000.5426025390624,-4.38181940135786,-3.791399619586264,1.7098404294414218,3.1798392707086403,2.4726217861648787,3.0036654808814074,-0.3392415604091006,1.8157710386035544,0.208613778620579,2.5002641287197003
33.0,177.0,1000.5426025390624,-4.38181940135786,-3.791399619586264,1.7098404294414218,3.179839270708765,2.47262178616488,3.003668488078424,-0.339241562270528,1.8157726510338543,0.2086230390980571,2.5002641287197003
33.0,177.0,1000.5426025390624,-4.38181940135786,-3.791399619586264,1.7098404302970067,3.17983927070833,2.4726217861649955,3.003668488078424,-0.3392415622701736,1.8157726646904853,0.2086143376998105,2.5002641287197003
33.0,177.0,1000.5426025390624,-4.38181940135786,-3.791399619586264,1.7098404300144514,3.1798392707084253,2.472621786164862,3.003660714415029,-0.3392415622713721,1.8157744485262013,0.2086137238544499,2.5002641287197003
33.0,177.0,1000.5426025390624,-4.38181940135786,-3.791399619586264,1.7098404294414218,3.179839270708765,2.472621786164881,3.003668488078424,-0.3392415622713455,1.8157726510338543,0.2086230390980571,2.5002641287197003
33.0,177.0,1000.5426025390624,-4.38181940135786,-3.791399619586264,1.7098403451711213,3.1798392707227703,2.4726217861648623,3.00368219255876,-0.3392415602991104,1.8157709439508591,0.2086137677655681,2.5002641287197003
33.0,177.0,1000.5426025390624,-4.38181940135786,-3.791399619586264,1.7098404294414218,3.179839270708765,2.47262178616488,3.003668488078424,-0.339241561110106,1.815772618736129,0.2086223076305391,2.5002641287197003
33.0,177.0,1000.5426025390624,-4.38181940135786,-3.791399619586264,1.7098404302970067,3.1798392707224554,2.4726217861648565,3.0036778157578023,-0.3392415622701736,1.815772646579267,0.2086141123325922,2.5002641287197003
33.0,177.0,1000.5426025390624,-4.38181940135786,-3.791399619586264,1.7098404294414218,3.179839270708765,2.47262178616488,3.003668602277252,-0.3392415611247337,1.815772619295396,0.2086223076305391,2.5002641287197003
33.0,177.0,1000.5426025390624,-4.38181940135786,-3.791399619586264,1.7098404294414218,3.1798392707086407,2.47262178616488,3.003668488078424,-0.3392415622483473,1.8157726510338543,0.2086230390980571,2.5002641287197003
33.0,177.0,1000.5426025390624,-4.38181940135786,-3.791399619586264,1.7098403353941622,3.179839270708793,2.472621786164864,3.003677791959784,-0.3392415621793114,1.8157725824985929,0.2086045753542724,2.5002641287197003
33.0,177.0,1000.5426025390624,-4.38181940135786,-3.791399619586264,1.7098404294414218,3.179839270708765,2.472621786164881,3.003668488078424,-0.3392415622701736,1.8157726510338543,0.2086230390980571,2.5002641287197003
33.0,177.0,1000.5426025390624,-4.38181940135786,-3.791399619586264,1.7098404294414218,3.179839270708765,2.47262178616488,3.003668488078424,-0.3392415622471755,1.8157726510338543,0.2086230390980571,2.5002641287197003
33.0,177.0,1000.5426025390624,-4.38181940135786,-3.791399619586264,1.709840441144125,3.179839270708574,2.47262178616488,3.003660757198738,-0.3392415621750908,1.8157744485262013,0.2086137703700644,2.5002641287197003
33.0,177.0,1000.5426025390624,-4.38181940135786,-3.791399619586264,1.7098404294414218,3.179839270708765,2.47262178616488,3.003668655372412,-0.3392415623654631,1.815772618736129,0.2086223076305391,2.5002641287197003
33.0,177.0,1000.5426025390624,-4.38181940135786,-3.791399619586264,1.7098404294414218,3.1798392707086407,2.47262178616488,3.003668488078424,-0.3392415622483473,1.8157726510338543,0.2086230390980571,2.5002641287197003
33.0,177.0,1000.5426025390624,-4.38181940135786,-3.791399619586264,1.7098404407105547,3.17983927070857,2.47262178616488,3.003668488078424,-0.339241562270528,1.8157726510338543,0.2086230390980571,2.5002641287197003
33.0,178.0,1000.5426025390624,-4.38181940135786,-3.791399619586264,1.7098404294414218,3.179839270708765,2.47262178616488,3.003668488078424,-0.339241562270528,1.8157726510338543,0.2086230390980571,2.5002641287197003
33.0,178.0,1000.5426025390624,-4.38181940135786,-3.791399619586264,1.7098403353941622,3.179839270708793,2.472621786164863,3.003677791959784,-0.3392415623558534,1.8157727856240613,0.2086136569841203,2.5002641287197003
33.0,178.0,1000.5426025390624,-4.38181940135786,-3.791399619586264,1.7098404294414218,3.179839270708765,2.472621786164881,3.003668488078424,-0.3392415622479929,1.8157726510338543,0.2086230390980571,2.5002641287197003
33.0,178.0,1000.5426025390624,-4.38181940135786,-3.791399619586264,1.7098404294414218,3.179839270708765,2.472621786164881,3.003668488078424,-0.3392415622701736,1.8157726510338543,0.2086230390980571,2.5002641287197003
33.0,178.0,1000.5426025390624,-4.38181940135786,-3.791399619586264,1.7098404294414218,3.179839270708765,2.47262178616488,3.003668488078424,-0.3392415622483473,1.8157726510338543,0.2086230390980571,2.5002641287197003
33.0,178.0,1000.5426025390624,-4.38181940135786,-3.791399619586264,1.7098404294414218,3.1798392707086403,2.4726217861648787,3.0036654808814074,-0.3392415622941276,1.8157726510338543,0.2086045853392703,2.5002641287197003
33.0,178.0,1000.5426025390624,-4.38181940135786,-3.791399619586264,1.7098404294414218,3.179839270708765,2.47262178616488,3.003668488078424,-0.339241562270528,1.8157726510338543,0.2086230390980571,2.5002641287197003
33.0,178.0,1000.5426025390624,-4.38181940135786,-3.791399619586264,1.7098403353941622,3.179839270708793,2.472621786164863,3.003677791959784,-0.3392415602942843,1.8157709700682927,0.208613768635581,2.5002641287197003
33.0,178.0,1000.5426025390624,-4.38181940135786,-3.791399619586264,1.7098404410901251,3.179839270708574,2.472621786164862,3.003660757198738,-0.3392415621750908,1.8157744485262013,0.2086137703700644,2.5002641287197003
33.0,178.0,1000.5426025390624,-4.38181940135786,-3.791399619586264,1.7098404294414218,3.179839270708765,2.47262178616488,3.003668488078424,-0.339241562270528,1.8157726510338543,0.2086230390980571,2.5002641287197003
33.0,178.0,1000.5426025390624,-4.38181940135786,-3.791399619586264,1.7098404410901251,3.179839270708817,2.472621786164862,3.003660757198738,-0.3392415621750908,1.8157744485262013,0.2086137238544499,2.5002641287197003
33.0,178.0,1000.5426025390624,-4.38181940135786,-3.791399619586264,1.7098403420858872,3.179839270709712,2.472621786164862,3.0036676782153937,-0.3392415621850866,1.815770970256744,0.2086143502420084,2.5002641287197003
33.0,178.0,1000.5426025390624,-4.38181940135786,-3.791399619586264,1.7098404294414218,3.179839270708765,2.4726217861648627,3.003668488078424,-0.339241562270528,1.8157726510338543,0.2086230390980571,2.5002641287197003
33.0,178.0,1000.5426025390624,-4.38181940135786,-3.791399619586264,1.7098403353941622,3.179839270708793,2.472621786164863,3.003677791959784,-0.3392415602942843,1.8157726460146384,0.208613768635581,2.5002641287197003
33.0,178.0,1000.5426025390624,-4.38181940135786,-3.791399619586264,1.7098403369228028,3.179839270708793,2.4726217861648467,3.003677791959784,-0.3392415623558534,1.8157727856240613,0.2086136569841203,2.5002641287197003
33.0,178.0,1000.5426025390624,-4.38181940135786,-3.791399619586264,1.7098404294414218,3.179839270708765,2.47262178616488,3.003668488078424,-0.339241561110106,1.815772619295396,0.2086223076305391,2.5002641287197003
33.0,178.0,1000.5426025390624,-4.38181940135786,-3.791399619586264,1.7098404302970067,3.1798392707221392,2.4726217861649955,3.003668488078424,-0.3392415622701736,1.8157726510338543,0.2086230390980571,2.5002641287197003
33.0,178.0,1000.5426025390624,-4.38181940135786,-3.791399619586264,1.7098404294414218,3.179839270708765,2.47262178616488,3.003668488078424,-0.339241561110106,1.815772619295396,0.2086223076305391,2.5002641287197003
33.0,178.0,1000.5426025390624,-4.38181940135786,-3.791399619586264,1.7098403353941622,3.179839270708793,2.472621786164863,3.003677791959784,-0.3392415623558534,1.8157727856240613,0.2086136569841203,2.5002641287197003
33.0,178.0,1000.5426025390624,-4.38181940135786,-3.791399619586264,1.7098404302970067,3.17983927070833,2.4726217861649955,3.003668488078424,-0.3392415622701736,1.8157726646904853,0.2086143376998105,2.5002641287197003
33.0,178.0,1000.5426025390624,-4.38181940135786,-3.791399619586264,1.7098403347843747,3.179839270709807,2.472621786164865,3.0036723503264384,-0.3392415622642545,1.815770955111256,0.2086137691487854,2.5002641287197003
33.0,178.0,1000.5426025390624,-4.38181940135786,-3.791399619586264,1.7098404302970067,3.1798392707221392,2.4726217861648565,3.003668488078424,-0.3392415622701736,1.815772654525296,0.2086141153501159,2.5002641287197003
33.0,178.0,1000.5426025390624,-4.38181940135786,-3.791399619586264,1.7098404294414218,3.179839270706791,2.472621786164998,3.003663554483168,-0.3392415623851919,1.815772652417452,0.2086218274457262,2.5002641287197003
33.0,178.0,1000.5426025390624,-4.38181940135786,-3.791399619586264,1.7098404294414218,3.179839270708765,2.472621786164881,3.003668488078424,-0.3392415622474325,1.8157726510338543,0.2086230390980571,2.5002641287197003
33.0,178.0,1000.5426025390624,-4.38181940135786,-3.791399619586264,1.7098404294414218,3.179839270708637,2.472621786164864,3.0036654808814074,-0.3392415622941276,1.8157726510338543,0.2086045384703378,2.5002641287197003
33.0,178.0,1000.5426025390624,-4.38181940135786,-3.791399619586264,1.7098404294414218,3.179839270708765,2.47262178616488,3.003668488078424,-0.3392415611011593,1.8157726510338543,0.2086223060200112,2.5002641287197003
33.0,178.0,1000.5426025390624,-4.38181940135786,-3.791399619586264,1.7098403453403448,3.179839270708793,2.472621786164863,3.003677044616322,-0.3392415623793538,1.8157727856240613,0.2086136569841203,2.5002641287197003
33.0,178.0,1000.5426025390624,-4.38181940135786,-3.791399619586264,1.7098404294414218,3.179839270708765,2.47262178616488,3.003668488078424,-0.3392415622710885,1.8157726510338543,0.2086230390980571,2.5002641287197003
33.0,178.0,1000.5426025390624,-4.38181940135786,-3.791399619586264,1.7098404294414218,3.179839270708757,2.4726217861648614,3.003667666776133,-0.339241562247788,1.8157726510338543,0.208614743559608,2.5002641287197003
33.0,178.0,1000.5426025390624,-4.38181940135786,-3.791399619586264,1.7098404294414218,3.179839270708765,2.47262178616488,3.003668488078424,-0.339241562270528,1.8157726515931216,0.2086230390980571,2.5002641287197003
33.0,178.0,1000.5426025390624,-4.38181940135786,-3.791399619586264,1.7098403353941622,3.1798392707084764,2.472621786164863,3.003668464280405,-0.3392415602942843,1.815772653960668,0.2086137716531048,2.5002641287197003
33.0,178.0,1000.5426025390624,-4.38181940135786,-3.791399619586264,1.7098404294422462,3.179839270722096,2.4726217861650213,3.0036674481036902,-0.3392415622701736,1.8157726522125663,0.2086230390980571,2.5002641287197003
33.0,178.0,1000.5426025390624,-4.38181940135786,-3.791399619586264,1.7098403452108242,3.179839270708766,2.472621786164864,3.003677044616322,-0.3392415623793538,1.8157726539566823,0.2086136569841203,2.5002641287197003
33.0,178.0,1000.5426025390624,-4.38181940135786,-3.791399619586264,1.7098404294414218,3.1798392707086403,2.4726217861648787,3.0036654808814074,-0.3392415604091006,1.8157710386035544,0.208613778620579,2.5002641287197003
33.0,178.0,1000.5426025390624,-4.38181940135786,-3.791399619586264,1.7098404294414218,3.179839270708765,2.47262178616488,3.003668488078424,-0.339241562270528,1.8157726510338543,0.2086230390980571,2.5002641287197003
33.0,178.0,1000.5426025390624,-4.38181940135786,-3.791399619586264,1.7098404302970067,3.17983927070833,2.4726217861649955,3.003668488078424,-0.3392415622701736,1.8157726646904853,0.2086143376998105,2.5002641287197003
33.0,178.0,1000.5426025390624,-4.38181940135786,-3.791399619586264,1.7098404300144514,3.1798392707084253,2.472621786164862,3.003660714415029,-0.3392415622713721,1.8157744485262013,0.2086137238544499,2.5002641287197003
33.0,178.0,1000.5426025390624,-4.38181940135786,-3.791399619586264,1.7098404294414218,3.179839270708765,2.472621786164881,3.003668488078424,-0.3392415622713455,1.8157726510338543,0.2086230390980571,2.5002641287197003
33.0,178.0,1000.5426025390624,-4.38181940135786,-3.791399619586264,1.7098403451711213,3.1798392707227703,2.4726217861648623,3.00368219255876,-0.3392415602991104,1.8157709439508591,0.2086137677655681,2.5002641287197003
33.0,178.0,1000.5426025390624,-4.38181940135786,-3.791399619586264,1.7098404294414218,3.179839270708765,2.47262178616488,3.003668488078424,-0.339241561110106,1.815772618736129,0.2086223076305391,2.5002641287197003
33.0,178.0,1000.5426025390624,-4.38181940135786,-3.791399619586264,1.7098404302970067,3.1798392707224554,2.4726217861648565,3.0036778157578023,-0.3392415622701736,1.815772646579267,0.2086141123325922,2.5002641287197003
33.0,178.0,1000.5426025390624,-4.38181940135786,-3.791399619586264,1.7098404294414218,3.179839270708765,2.47262178616488,3.003668602277252,-0.3392415611247337,1.815772619295396,0.2086223076305391,2.5002641287197003
33.0,178.0,1000.5426025390624,-4.38181940135786,-3.791399619586264,1.7098404294414218,3.1798392707086407,2.47262178616488,3.003668488078424,-0.3392415622483473,1.8157726510338543,0.2086230390980571,2.5002641287197003
33.0,178.0,1000.5426025390624,-4.38181940135786,-3.791399619586264,1.7098403353941622,3.179839270708793,2.472621786164864,3.003677791959784,-0.3392415621793114,1.8157725824985929,0.2086045753542724,2.5002641287197003
33.0,178.0,1000.5426025390624,-4.38181940135786,-3.791399619586264,1.7098404294414218,3.179839270708765,2.472621786164881,3.003668488078424,-0.3392415622701736,1.8157726510338543,0.2086230390980571,2.5002641287197003
33.0,178.0,1000.5426025390624,-4.38181940135786,-3.791399619586264,1.7098404294414218,3.179839270708765,2.47262178616488,3.003668488078424,-0.3392415622471755,1.8157726510338543,0.2086230390980571,2.5002641287197003
33.0,178.0,1000.5426025390624,-4.38181940135786,-3.791399619586264,1.709840441144125,3.179839270708574,2.47262178616488,3.003660757198738,-0.3392415621750908,1.8157744485262013,0.2086137703700644,2.5002641287197003
33.0,178.0,1000.5426025390624,-4.38181940135786,-3.791399619586264,1.7098404294414218,3.179839270708765,2.47262178616488,3.003668655372412,-0.3392415623654631,1.815772618736129,0.2086223076305391,2.5002641287197003
33.0,178.0,1000.5426025390624,-4.38181940135786,-3.791399619586264,1.7098404294414218,3.1798392707086407,2.47262178616488,3.003668488078424,-0.3392415622483473,1.8157726510338543,0.2086230390980571,2.5002641287197003
33.0,178.0,1000.5426025390624,-4.38181940135786,-3.791399619586264,1.7098404407105547,3.17983927070857,2.47262178616488,3.003668488078424,-0.339241562270528,1.8157726510338543,0.2086230390980571,2.5002641287197003
33.0,179.0,1000.5426025390624,-4.38181940135786,-3.791399619586264,1.7098404294414218,3.179839270708765,2.47262178616488,3.003668488078424,-0.339241562270528,1.8157726510338543,0.2086230390980571,2.5002641287197003
33.0,179.0,1000.5426025390624,-4.38181940135786,-3.791399619586264,1.7098403353941622,3.179839270708793,2.472621786164863,3.003677791959784,-0.3392415623558534,1.8157727856240613,0.2086136569841203,2.5002641287197003
33.0,179.0,1000.5426025390624,-4.38181940135786,-3.791399619586264,1.7098404294414218,3.179839270708765,2.472621786164881,3.003668488078424,-0.3392415622479929,1.8157726510338543,0.2086230390980571,2.5002641287197003
33.0,179.0,1000.5426025390624,-4.38181940135786,-3.791399619586264,1.7098404294414218,3.179839270708765,2.472621786164881,3.003668488078424,-0.3392415622701736,1.8157726510338543,0.2086230390980571,2.5002641287197003
33.0,179.0,1000.5426025390624,-4.38181940135786,-3.791399619586264,1.7098404294414218,3.179839270708765,2.47262178616488,3.003668488078424,-0.3392415622483473,1.8157726510338543,0.2086230390980571,2.5002641287197003
33.0,179.0,1000.5426025390624,-4.38181940135786,-3.791399619586264,1.7098404294414218,3.1798392707086403,2.4726217861648787,3.0036654808814074,-0.3392415622941276,1.8157726510338543,0.2086045853392703,2.5002641287197003
33.0,179.0,1000.5426025390624,-4.38181940135786,-3.791399619586264,1.7098404294414218,3.179839270708765,2.47262178616488,3.003668488078424,-0.339241562270528,1.8157726510338543,0.2086230390980571,2.5002641287197003
33.0,179.0,1000.5426025390624,-4.38181940135786,-3.791399619586264,1.7098403353941622,3.179839270708793,2.472621786164863,3.003677791959784,-0.3392415602942843,1.8157709700682927,0.208613768635581,2.5002641287197003
33.0,179.0,1000.5426025390624,-4.38181940135786,-3.791399619586264,1.7098404410901251,3.179839270708574,2.472621786164862,3.003660757198738,-0.3392415621750908,1.8157744485262013,0.2086137703700644,2.5002641287197003
33.0,179.0,1000.5426025390624,-4.38181940135786,-3.791399619586264,1.7098404294414218,3.179839270708765,2.47262178616488,3.003668488078424,-0.339241562270528,1.8157726510338543,0.2086230390980571,2.5002641287197003
33.0,179.0,1000.5426025390624,-4.38181940135786,-3.791399619586264,1.7098404410901251,3.179839270708817,2.472621786164862,3.003660757198738,-0.3392415621750908,1.8157744485262013,0.2086137238544499,2.5002641287197003
33.0,179.0,1000.5426025390624,-4.38181940135786,-3.791399619586264,1.7098403420858872,3.179839270709712,2.472621786164862,3.0036676782153937,-0.3392415621850866,1.815770970256744,0.2086143502420084,2.5002641287197003
33.0,179.0,1000.5426025390624,-4.38181940135786,-3.791399619586264,1.7098404294414218,3.179839270708765,2.4726217861648627,3.003668488078424,-0.339241562270528,1.8157726510338543,0.2086230390980571,2.5002641287197003
33.0,179.0,1000.5426025390624,-4.38181940135786,-3.791399619586264,1.7098403353941622,3.179839270708793,2.472621786164863,3.003677791959784,-0.3392415602942843,1.8157726460146384,0.208613768635581,2.5002641287197003
33.0,179.0,1000.5426025390624,-4.38181940135786,-3.791399619586264,1.7098403369228028,3.179839270708793,2.4726217861648467,3.003677791959784,-0.3392415623558534,1.8157727856240613,0.2086136569841203,2.5002641287197003
33.0,179.0,1000.5426025390624,-4.38181940135786,-3.791399619586264,1.7098404294414218,3.179839270708765,2.47262178616488,3.003668488078424,-0.339241561110106,1.815772619295396,0.2086223076305391,2.5002641287197003
33.0,179.0,1000.5426025390624,-4.38181940135786,-3.791399619586264,1.7098404302970067,3.1798392707221392,2.4726217861649955,3.003668488078424,-0.3392415622701736,1.8157726510338543,0.2086230390980571,2.5002641287197003
33.0,179.0,1000.5426025390624,-4.38181940135786,-3.791399619586264,1.7098404294414218,3.179839270708765,2.47262178616488,3.003668488078424,-0.339241561110106,1.815772619295396,0.2086223076305391,2.5002641287197003
33.0,179.0,1000.5426025390624,-4.38181940135786,-3.791399619586264,1.7098403353941622,3.179839270708793,2.472621786164863,3.003677791959784,-0.3392415623558534,1.8157727856240613,0.2086136569841203,2.5002641287197003
33.0,179.0,1000.5426025390624,-4.38181940135786,-3.791399619586264,1.7098404302970067,3.17983927070833,2.4726217861649955,3.003668488078424,-0.3392415622701736,1.8157726646904853,0.2086143376998105,2.5002641287197003
33.0,179.0,1000.5426025390624,-4.38181940135786,-3.791399619586264,1.7098403347843747,3.179839270709807,2.472621786164865,3.0036723503264384,-0.3392415622642545,1.815770955111256,0.2086137691487854,2.5002641287197003
33.0,179.0,1000.5426025390624,-4.38181940135786,-3.791399619586264,1.7098404302970067,3.1798392707221392,2.4726217861648565,3.003668488078424,-0.3392415622701736,1.815772654525296,0.2086141153501159,2.5002641287197003
33.0,179.0,1000.5426025390624,-4.38181940135786,-3.791399619586264,1.7098404294414218,3.179839270706791,2.472621786164998,3.003663554483168,-0.3392415623851919,1.815772652417452,0.2086218274457262,2.5002641287197003
33.0,179.0,1000.5426025390624,-4.38181940135786,-3.791399619586264,1.7098404294414218,3.179839270708765,2.472621786164881,3.003668488078424,-0.3392415622474325,1.8157726510338543,0.2086230390980571,2.5002641287197003
33.0,179.0,1000.5426025390624,-4.38181940135786,-3.791399619586264,1.7098404294414218,3.179839270708637,2.472621786164864,3.0036654808814074,-0.3392415622941276,1.8157726510338543,0.2086045384703378,2.5002641287197003
33.0,179.0,1000.5426025390624,-4.38181940135786,-3.791399619586264,1.7098404294414218,3.179839270708765,2.47262178616488,3.003668488078424,-0.3392415611011593,1.8157726510338543,0.2086223060200112,2.5002641287197003
33.0,179.0,1000.5426025390624,-4.38181940135786,-3.791399619586264,1.7098403453403448,3.179839270708793,2.472621786164863,3.003677044616322,-0.3392415623793538,1.8157727856240613,0.2086136569841203,2.5002641287197003
33.0,179.0,1000.5426025390624,-4.38181940135786,-3.791399619586264,1.7098404294414218,3.179839270708765,2.47262178616488,3.003668488078424,-0.3392415622710885,1.8157726510338543,0.2086230390980571,2.5002641287197003
33.0,179.0,1000.5426025390624,-4.38181940135786,-3.791399619586264,1.7098404294414218,3.179839270708757,2.4726217861648614,3.003667666776133,-0.339241562247788,1.8157726510338543,0.208614743559608,2.5002641287197003
33.0,179.0,1000.5426025390624,-4.38181940135786,-3.791399619586264,1.7098404294414218,3.179839270708765,2.47262178616488,3.003668488078424,-0.339241562270528,1.8157726515931216,0.2086230390980571,2.5002641287197003
33.0,179.0,1000.5426025390624,-4.38181940135786,-3.791399619586264,1.7098403353941622,3.1798392707084764,2.472621786164863,3.003668464280405,-0.3392415602942843,1.815772653960668,0.2086137716531048,2.5002641287197003
33.0,179.0,1000.5426025390624,-4.38181940135786,-3.791399619586264,1.7098404294422462,3.179839270722096,2.4726217861650213,3.0036674481036902,-0.3392415622701736,1.8157726522125663,0.2086230390980571,2.5002641287197003
33.0,179.0,1000.5426025390624,-4.38181940135786,-3.791399619586264,1.7098403452108242,3.179839270708766,2.472621786164864,3.003677044616322,-0.3392415623793538,1.8157726539566823,0.2086136569841203,2.5002641287197003
33.0,179.0,1000.5426025390624,-4.38181940135786,-3.791399619586264,1.7098404294414218,3.1798392707086403,2.4726217861648787,3.0036654808814074,-0.3392415604091006,1.8157710386035544,0.208613778620579,2.5002641287197003
33.0,179.0,1000.5426025390624,-4.38181940135786,-3.791399619586264,1.7098404294414218,3.179839270708765,2.47262178616488,3.003668488078424,-0.339241562270528,1.8157726510338543,0.2086230390980571,2.5002641287197003
33.0,179.0,1000.5426025390624,-4.38181940135786,-3.791399619586264,1.7098404302970067,3.17983927070833,2.4726217861649955,3.003668488078424,-0.3392415622701736,1.8157726646904853,0.2086143376998105,2.5002641287197003
33.0,179.0,1000.5426025390624,-4.38181940135786,-3.791399619586264,1.7098404300144514,3.1798392707084253,2.472621786164862,3.003660714415029,-0.3392415622713721,1.8157744485262013,0.2086137238544499,2.5002641287197003
33.0,179.0,1000.5426025390624,-4.38181940135786,-3.791399619586264,1.7098404294414218,3.179839270708765,2.472621786164881,3.003668488078424,-0.3392415622713455,1.8157726510338543,0.2086230390980571,2.5002641287197003
33.0,179.0,1000.5426025390624,-4.38181940135786,-3.791399619586264,1.7098403451711213,3.1798392707227703,2.4726217861648623,3.00368219255876,-0.3392415602991104,1.8157709439508591,0.2086137677655681,2.5002641287197003
33.0,179.0,1000.5426025390624,-4.38181940135786,-3.791399619586264,1.7098404294414218,3.179839270708765,2.47262178616488,3.003668488078424,-0.339241561110106,1.815772618736129,0.2086223076305391,2.5002641287197003
33.0,179.0,1000.5426025390624,-4.38181940135786,-3.791399619586264,1.7098404302970067,3.1798392707224554,2.4726217861648565,3.0036778157578023,-0.3392415622701736,1.815772646579267,0.2086141123325922,2.5002641287197003
33.0,179.0,1000.5426025390624,-4.38181940135786,-3.791399619586264,1.7098404294414218,3.179839270708765,2.47262178616488,3.003668602277252,-0.3392415611247337,1.815772619295396,0.2086223076305391,2.5002641287197003
33.0,179.0,1000.5426025390624,-4.38181940135786,-3.791399619586264,1.7098404294414218,3.1798392707086407,2.47262178616488,3.003668488078424,-0.3392415622483473,1.8157726510338543,0.2086230390980571,2.5002641287197003
33.0,179.0,1000.5426025390624,-4.38181940135786,-3.791399619586264,1.7098403353941622,3.179839270708793,2.472621786164864,3.003677791959784,-0.3392415621793114,1.8157725824985929,0.2086045753542724,2.5002641287197003
33.0,179.0,1000.5426025390624,-4.38181940135786,-3.791399619586264,1.7098404294414218,3.179839270708765,2.472621786164881,3.003668488078424,-0.3392415622701736,1.8157726510338543,0.2086230390980571,2.5002641287197003
33.0,179.0,1000.5426025390624,-4.38181940135786,-3.791399619586264,1.7098404294414218,3.179839270708765,2.47262178616488,3.003668488078424,-0.3392415622471755,1.8157726510338543,0.2086230390980571,2.5002641287197003
33.0,179.0,1000.5426025390624,-4.38181940135786,-3.791399619586264,1.709840441144125,3.179839270708574,2.47262178616488,3.003660757198738,-0.3392415621750908,1.8157744485262013,0.2086137703700644,2.5002641287197003
33.0,179.0,1000.5426025390624,-4.38181940135786,-3.791399619586264,1.7098404294414218,3.179839270708765,2.47262178616488,3.003668655372412,-0.3392415623654631,1.815772618736129,0.2086223076305391,2.5002641287197003
33.0,179.0,1000.5426025390624,-4.38181940135786,-3.791399619586264,1.7098404294414218,3.1798392707086407,2.47262178616488,3.003668488078424,-0.3392415622483473,1.8157726510338543,0.2086230390980571,2.5002641287197003
33.0,179.0,1000.5426025390624,-4.38181940135786,-3.791399619586264,1.7098404407105547,3.17983927070857,2.47262178616488,3.003668488078424,-0.339241562270528,1.8157726510338543,0.2086230390980571,2.5002641287197003
33.0,180.0,1000.5426025390624,-4.38181940135786,-3.791399619586264,1.7098404294414218,3.179839270708765,2.47262178616488,3.003668488078424,-0.339241562270528,1.8157726510338543,0.2086230390980571,2.5002641287197003
33.0,180.0,1000.5426025390624,-4.38181940135786,-3.791399619586264,1.7098403353941622,3.179839270708793,2.472621786164863,3.003677791959784,-0.3392415623558534,1.8157727856240613,0.2086136569841203,2.5002641287197003
33.0,180.0,1000.5426025390624,-4.38181940135786,-3.791399619586264,1.7098404294414218,3.179839270708765,2.472621786164881,3.003668488078424,-0.3392415622479929,1.8157726510338543,0.2086230390980571,2.5002641287197003
33.0,180.0,1000.5426025390624,-4.38181940135786,-3.791399619586264,1.7098404294414218,3.179839270708765,2.472621786164881,3.003668488078424,-0.3392415622701736,1.8157726510338543,0.2086230390980571,2.5002641287197003
33.0,180.0,1000.5426025390624,-4.38181940135786,-3.791399619586264,1.7098404294414218,3.179839270708765,2.47262178616488,3.003668488078424,-0.3392415622483473,1.8157726510338543,0.2086230390980571,2.5002641287197003
33.0,180.0,1000.5426025390624,-4.38181940135786,-3.791399619586264,1.7098404294414218,3.1798392707086403,2.4726217861648787,3.0036654808814074,-0.3392415622941276,1.8157726510338543,0.2086045853392703,2.5002641287197003
33.0,180.0,1000.5426025390624,-4.38181940135786,-3.791399619586264,1.7098404294414218,3.179839270708765,2.47262178616488,3.003668488078424,-0.339241562270528,1.8157726510338543,0.2086230390980571,2.5002641287197003
33.0,180.0,1000.5426025390624,-4.38181940135786,-3.791399619586264,1.7098403353941622,3.179839270708793,2.472621786164863,3.003677791959784,-0.3392415602942843,1.8157709700682927,0.208613768635581,2.5002641287197003
33.0,180.0,1000.5426025390624,-4.38181940135786,-3.791399619586264,1.7098404410901251,3.179839270708574,2.472621786164862,3.003660757198738,-0.3392415621750908,1.8157744485262013,0.2086137703700644,2.5002641287197003
33.0,180.0,1000.5426025390624,-4.38181940135786,-3.791399619586264,1.7098404294414218,3.179839270708765,2.47262178616488,3.003668488078424,-0.339241562270528,1.8157726510338543,0.2086230390980571,2.5002641287197003
33.0,180.0,1000.5426025390624,-4.38181940135786,-3.791399619586264,1.7098404410901251,3.179839270708817,2.472621786164862,3.003660757198738,-0.3392415621750908,1.8157744485262013,0.2086137238544499,2.5002641287197003
33.0,180.0,1000.5426025390624,-4.38181940135786,-3.791399619586264,1.7098403420858872,3.179839270709712,2.472621786164862,3.0036676782153937,-0.3392415621850866,1.815770970256744,0.2086143502420084,2.5002641287197003
33.0,180.0,1000.5426025390624,-4.38181940135786,-3.791399619586264,1.7098404294414218,3.179839270708765,2.4726217861648627,3.003668488078424,-0.339241562270528,1.8157726510338543,0.2086230390980571,2.5002641287197003
33.0,180.0,1000.5426025390624,-4.38181940135786,-3.791399619586264,1.7098403353941622,3.179839270708793,2.472621786164863,3.003677791959784,-0.3392415602942843,1.8157726460146384,0.208613768635581,2.5002641287197003
33.0,180.0,1000.5426025390624,-4.38181940135786,-3.791399619586264,1.7098403369228028,3.179839270708793,2.4726217861648467,3.003677791959784,-0.3392415623558534,1.8157727856240613,0.2086136569841203,2.5002641287197003
33.0,180.0,1000.5426025390624,-4.38181940135786,-3.791399619586264,1.7098404294414218,3.179839270708765,2.47262178616488,3.003668488078424,-0.339241561110106,1.815772619295396,0.2086223076305391,2.5002641287197003
33.0,180.0,1000.5426025390624,-4.38181940135786,-3.791399619586264,1.7098404302970067,3.1798392707221392,2.4726217861649955,3.003668488078424,-0.3392415622701736,1.8157726510338543,0.2086230390980571,2.5002641287197003
33.0,180.0,1000.5426025390624,-4.38181940135786,-3.791399619586264,1.7098404294414218,3.179839270708765,2.47262178616488,3.003668488078424,-0.339241561110106,1.815772619295396,0.2086223076305391,2.5002641287197003
33.0,180.0,1000.5426025390624,-4.38181940135786,-3.791399619586264,1.7098403353941622,3.179839270708793,2.472621786164863,3.003677791959784,-0.3392415623558534,1.8157727856240613,0.2086136569841203,2.5002641287197003
33.0,180.0,1000.5426025390624,-4.38181940135786,-3.791399619586264,1.7098404302970067,3.17983927070833,2.4726217861649955,3.003668488078424,-0.3392415622701736,1.8157726646904853,0.2086143376998105,2.5002641287197003
33.0,180.0,1000.5426025390624,-4.38181940135786,-3.791399619586264,1.7098403347843747,3.179839270709807,2.472621786164865,3.0036723503264384,-0.3392415622642545,1.815770955111256,0.2086137691487854,2.5002641287197003
33.0,180.0,1000.5426025390624,-4.38181940135786,-3.791399619586264,1.7098404302970067,3.1798392707221392,2.4726217861648565,3.003668488078424,-0.3392415622701736,1.815772654525296,0.2086141153501159,2.5002641287197003
33.0,180.0,1000.5426025390624,-4.38181940135786,-3.791399619586264,1.7098404294414218,3.179839270706791,2.472621786164998,3.003663554483168,-0.3392415623851919,1.815772652417452,0.2086218274457262,2.5002641287197003
33.0,180.0,1000.5426025390624,-4.38181940135786,-3.791399619586264,1.7098404294414218,3.179839270708765,2.472621786164881,3.003668488078424,-0.3392415622474325,1.8157726510338543,0.2086230390980571,2.5002641287197003
33.0,180.0,1000.5426025390624,-4.38181940135786,-3.791399619586264,1.7098404294414218,3.179839270708637,2.472621786164864,3.0036654808814074,-0.3392415622941276,1.8157726510338543,0.2086045384703378,2.5002641287197003
33.0,180.0,1000.5426025390624,-4.38181940135786,-3.791399619586264,1.7098404294414218,3.179839270708765,2.47262178616488,3.003668488078424,-0.3392415611011593,1.8157726510338543,0.2086223060200112,2.5002641287197003
33.0,180.0,1000.5426025390624,-4.38181940135786,-3.791399619586264,1.7098403453403448,3.179839270708793,2.472621786164863,3.003677044616322,-0.3392415623793538,1.8157727856240613,0.2086136569841203,2.5002641287197003
33.0,180.0,1000.5426025390624,-4.38181940135786,-3.791399619586264,1.7098404294414218,3.179839270708765,2.47262178616488,3.003668488078424,-0.3392415622710885,1.8157726510338543,0.2086230390980571,2.5002641287197003
33.0,180.0,1000.5426025390624,-4.38181940135786,-3.791399619586264,1.7098404294414218,3.179839270708757,2.4726217861648614,3.003667666776133,-0.339241562247788,1.8157726510338543,0.208614743559608,2.5002641287197003
33.0,180.0,1000.5426025390624,-4.38181940135786,-3.791399619586264,1.7098404294414218,3.179839270708765,2.47262178616488,3.003668488078424,-0.339241562270528,1.8157726515931216,0.2086230390980571,2.5002641287197003
33.0,180.0,1000.5426025390624,-4.38181940135786,-3.791399619586264,1.7098403353941622,3.1798392707084764,2.472621786164863,3.003668464280405,-0.3392415602942843,1.815772653960668,0.2086137716531048,2.5002641287197003
33.0,180.0,1000.5426025390624,-4.38181940135786,-3.791399619586264,1.7098404294422462,3.179839270722096,2.4726217861650213,3.0036674481036902,-0.3392415622701736,1.8157726522125663,0.2086230390980571,2.5002641287197003
33.0,180.0,1000.5426025390624,-4.38181940135786,-3.791399619586264,1.7098403452108242,3.179839270708766,2.472621786164864,3.003677044616322,-0.3392415623793538,1.8157726539566823,0.2086136569841203,2.5002641287197003
33.0,180.0,1000.5426025390624,-4.38181940135786,-3.791399619586264,1.7098404294414218,3.1798392707086403,2.4726217861648787,3.0036654808814074,-0.3392415604091006,1.8157710386035544,0.208613778620579,2.5002641287197003
33.0,180.0,1000.5426025390624,-4.38181940135786,-3.791399619586264,1.7098404294414218,3.179839270708765,2.47262178616488,3.003668488078424,-0.339241562270528,1.8157726510338543,0.2086230390980571,2.5002641287197003
33.0,180.0,1000.5426025390624,-4.38181940135786,-3.791399619586264,1.7098404302970067,3.17983927070833,2.4726217861649955,3.003668488078424,-0.3392415622701736,1.8157726646904853,0.2086143376998105,2.5002641287197003
33.0,180.0,1000.5426025390624,-4.38181940135786,-3.791399619586264,1.7098404300144514,3.1798392707084253,2.472621786164862,3.003660714415029,-0.3392415622713721,1.8157744485262013,0.2086137238544499,2.5002641287197003
33.0,180.0,1000.5426025390624,-4.38181940135786,-3.791399619586264,1.7098404294414218,3.179839270708765,2.472621786164881,3.003668488078424,-0.3392415622713455,1.8157726510338543,0.2086230390980571,2.5002641287197003
33.0,180.0,1000.5426025390624,-4.38181940135786,-3.791399619586264,1.7098403451711213,3.1798392707227703,2.4726217861648623,3.00368219255876,-0.3392415602991104,1.8157709439508591,0.2086137677655681,2.5002641287197003
33.0,180.0,1000.5426025390624,-4.38181940135786,-3.791399619586264,1.7098404294414218,3.179839270708765,2.47262178616488,3.003668488078424,-0.339241561110106,1.815772618736129,0.2086223076305391,2.5002641287197003
33.0,180.0,1000.5426025390624,-4.38181940135786,-3.791399619586264,1.7098404302970067,3.1798392707224554,2.4726217861648565,3.0036778157578023,-0.3392415622701736,1.815772646579267,0.2086141123325922,2.5002641287197003
33.0,180.0,1000.5426025390624,-4.38181940135786,-3.791399619586264,1.7098404294414218,3.179839270708765,2.47262178616488,3.003668602277252,-0.3392415611247337,1.815772619295396,0.2086223076305391,2.5002641287197003
33.0,180.0,1000.5426025390624,-4.38181940135786,-3.791399619586264,1.7098404294414218,3.1798392707086407,2.47262178616488,3.003668488078424,-0.3392415622483473,1.8157726510338543,0.2086230390980571,2.5002641287197003
33.0,180.0,1000.5426025390624,-4.38181940135786,-3.791399619586264,1.7098403353941622,3.179839270708793,2.472621786164864,3.003677791959784,-0.3392415621793114,1.8157725824985929,0.2086045753542724,2.5002641287197003
33.0,180.0,1000.5426025390624,-4.38181940135786,-3.791399619586264,1.7098404294414218,3.179839270708765,2.472621786164881,3.003668488078424,-0.3392415622701736,1.8157726510338543,0.2086230390980571,2.5002641287197003
33.0,180.0,1000.5426025390624,-4.38181940135786,-3.791399619586264,1.7098404294414218,3.179839270708765,2.47262178616488,3.003668488078424,-0.3392415622471755,1.8157726510338543,0.2086230390980571,2.5002641287197003
33.0,180.0,1000.5426025390624,-4.38181940135786,-3.791399619586264,1.709840441144125,3.179839270708574,2.47262178616488,3.003660757198738,-0.3392415621750908,1.8157744485262013,0.2086137703700644,2.5002641287197003
33.0,180.0,1000.5426025390624,-4.38181940135786,-3.791399619586264,1.7098404294414218,3.179839270708765,2.47262178616488,3.003668655372412,-0.3392415623654631,1.815772618736129,0.2086223076305391,2.5002641287197003
33.0,180.0,1000.5426025390624,-4.38181940135786,-3.791399619586264,1.7098404294414218,3.1798392707086407,2.47262178616488,3.003668488078424,-0.3392415622483473,1.8157726510338543,0.2086230390980571,2.5002641287197003
33.0,180.0,1000.5426025390624,-4.38181940135786,-3.791399619586264,1.7098404407105547,3.17983927070857,2.47262178616488,3.003668488078424,-0.339241562270528,1.8157726510338543,0.2086230390980571,2.5002641287197003
33.0,181.0,1000.5426025390624,-4.38181940135786,-3.791399619586264,1.7098404294414218,3.179839270708765,2.47262178616488,3.003668488078424,-0.339241562270528,1.8157726510338543,0.2086230390980571,2.5002641287197003
33.0,181.0,1000.5426025390624,-4.38181940135786,-3.791399619586264,1.7098403353941622,3.179839270708793,2.472621786164863,3.003677791959784,-0.3392415623558534,1.8157727856240613,0.2086136569841203,2.5002641287197003
33.0,181.0,1000.5426025390624,-4.38181940135786,-3.791399619586264,1.7098404294414218,3.179839270708765,2.472621786164881,3.003668488078424,-0.3392415622479929,1.8157726510338543,0.2086230390980571,2.5002641287197003
33.0,181.0,1000.5426025390624,-4.38181940135786,-3.791399619586264,1.7098404294414218,3.179839270708765,2.472621786164881,3.003668488078424,-0.3392415622701736,1.8157726510338543,0.2086230390980571,2.5002641287197003
33.0,181.0,1000.5426025390624,-4.38181940135786,-3.791399619586264,1.7098404294414218,3.179839270708765,2.47262178616488,3.003668488078424,-0.3392415622483473,1.8157726510338543,0.2086230390980571,2.5002641287197003
33.0,181.0,1000.5426025390624,-4.38181940135786,-3.791399619586264,1.7098404294414218,3.1798392707086403,2.4726217861648787,3.0036654808814074,-0.3392415622941276,1.8157726510338543,0.2086045853392703,2.5002641287197003
33.0,181.0,1000.5426025390624,-4.38181940135786,-3.791399619586264,1.7098404294414218,3.179839270708765,2.47262178616488,3.003668488078424,-0.339241562270528,1.8157726510338543,0.2086230390980571,2.5002641287197003
33.0,181.0,1000.5426025390624,-4.38181940135786,-3.791399619586264,1.7098403353941622,3.179839270708793,2.472621786164863,3.003677791959784,-0.3392415602942843,1.8157709700682927,0.208613768635581,2.5002641287197003
33.0,181.0,1000.5426025390624,-4.38181940135786,-3.791399619586264,1.7098404410901251,3.179839270708574,2.472621786164862,3.003660757198738,-0.3392415621750908,1.8157744485262013,0.2086137703700644,2.5002641287197003
33.0,181.0,1000.5426025390624,-4.38181940135786,-3.791399619586264,1.7098404294414218,3.179839270708765,2.47262178616488,3.003668488078424,-0.339241562270528,1.8157726510338543,0.2086230390980571,2.5002641287197003
33.0,181.0,1000.5426025390624,-4.38181940135786,-3.791399619586264,1.7098404410901251,3.179839270708817,2.472621786164862,3.003660757198738,-0.3392415621750908,1.8157744485262013,0.2086137238544499,2.5002641287197003
33.0,181.0,1000.5426025390624,-4.38181940135786,-3.791399619586264,1.7098403420858872,3.179839270709712,2.472621786164862,3.0036676782153937,-0.3392415621850866,1.815770970256744,0.2086143502420084,2.5002641287197003
33.0,181.0,1000.5426025390624,-4.38181940135786,-3.791399619586264,1.7098404294414218,3.179839270708765,2.4726217861648627,3.003668488078424,-0.339241562270528,1.8157726510338543,0.2086230390980571,2.5002641287197003
33.0,181.0,1000.5426025390624,-4.38181940135786,-3.791399619586264,1.7098403353941622,3.179839270708793,2.472621786164863,3.003677791959784,-0.3392415602942843,1.8157726460146384,0.208613768635581,2.5002641287197003
33.0,181.0,1000.5426025390624,-4.38181940135786,-3.791399619586264,1.7098403369228028,3.179839270708793,2.4726217861648467,3.003677791959784,-0.3392415623558534,1.8157727856240613,0.2086136569841203,2.5002641287197003
33.0,181.0,1000.5426025390624,-4.38181940135786,-3.791399619586264,1.7098404294414218,3.179839270708765,2.47262178616488,3.003668488078424,-0.339241561110106,1.815772619295396,0.2086223076305391,2.5002641287197003
33.0,181.0,1000.5426025390624,-4.38181940135786,-3.791399619586264,1.7098404302970067,3.1798392707221392,2.4726217861649955,3.003668488078424,-0.3392415622701736,1.8157726510338543,0.2086230390980571,2.5002641287197003
33.0,181.0,1000.5426025390624,-4.38181940135786,-3.791399619586264,1.7098404294414218,3.179839270708765,2.47262178616488,3.003668488078424,-0.339241561110106,1.815772619295396,0.2086223076305391,2.5002641287197003
33.0,181.0,1000.5426025390624,-4.38181940135786,-3.791399619586264,1.7098403353941622,3.179839270708793,2.472621786164863,3.003677791959784,-0.3392415623558534,1.8157727856240613,0.2086136569841203,2.5002641287197003
33.0,181.0,1000.5426025390624,-4.38181940135786,-3.791399619586264,1.7098404302970067,3.17983927070833,2.4726217861649955,3.003668488078424,-0.3392415622701736,1.8157726646904853,0.2086143376998105,2.5002641287197003
33.0,181.0,1000.5426025390624,-4.38181940135786,-3.791399619586264,1.7098403347843747,3.179839270709807,2.472621786164865,3.0036723503264384,-0.3392415622642545,1.815770955111256,0.2086137691487854,2.5002641287197003
33.0,181.0,1000.5426025390624,-4.38181940135786,-3.791399619586264,1.7098404302970067,3.1798392707221392,2.4726217861648565,3.003668488078424,-0.3392415622701736,1.815772654525296,0.2086141153501159,2.5002641287197003
33.0,181.0,1000.5426025390624,-4.38181940135786,-3.791399619586264,1.7098404294414218,3.179839270706791,2.472621786164998,3.003663554483168,-0.3392415623851919,1.815772652417452,0.2086218274457262,2.5002641287197003
33.0,181.0,1000.5426025390624,-4.38181940135786,-3.791399619586264,1.7098404294414218,3.179839270708765,2.472621786164881,3.003668488078424,-0.3392415622474325,1.8157726510338543,0.2086230390980571,2.5002641287197003
33.0,181.0,1000.5426025390624,-4.38181940135786,-3.791399619586264,1.7098404294414218,3.179839270708637,2.472621786164864,3.0036654808814074,-0.3392415622941276,1.8157726510338543,0.2086045384703378,2.5002641287197003
33.0,181.0,1000.5426025390624,-4.38181940135786,-3.791399619586264,1.7098404294414218,3.179839270708765,2.47262178616488,3.003668488078424,-0.3392415611011593,1.8157726510338543,0.2086223060200112,2.5002641287197003
33.0,181.0,1000.5426025390624,-4.38181940135786,-3.791399619586264,1.7098403453403448,3.179839270708793,2.472621786164863,3.003677044616322,-0.3392415623793538,1.8157727856240613,0.2086136569841203,2.5002641287197003
33.0,181.0,1000.5426025390624,-4.38181940135786,-3.791399619586264,1.7098404294414218,3.179839270708765,2.47262178616488,3.003668488078424,-0.3392415622710885,1.8157726510338543,0.2086230390980571,2.5002641287197003
33.0,181.0,1000.5426025390624,-4.38181940135786,-3.791399619586264,1.7098404294414218,3.179839270708757,2.4726217861648614,3.003667666776133,-0.339241562247788,1.8157726510338543,0.208614743559608,2.5002641287197003
33.0,181.0,1000.5426025390624,-4.38181940135786,-3.791399619586264,1.7098404294414218,3.179839270708765,2.47262178616488,3.003668488078424,-0.339241562270528,1.8157726515931216,0.2086230390980571,2.5002641287197003
33.0,181.0,1000.5426025390624,-4.38181940135786,-3.791399619586264,1.7098403353941622,3.1798392707084764,2.472621786164863,3.003668464280405,-0.3392415602942843,1.815772653960668,0.2086137716531048,2.5002641287197003
33.0,181.0,1000.5426025390624,-4.38181940135786,-3.791399619586264,1.7098404294422462,3.179839270722096,2.4726217861650213,3.0036674481036902,-0.3392415622701736,1.8157726522125663,0.2086230390980571,2.5002641287197003
33.0,181.0,1000.5426025390624,-4.38181940135786,-3.791399619586264,1.7098403452108242,3.179839270708766,2.472621786164864,3.003677044616322,-0.3392415623793538,1.8157726539566823,0.2086136569841203,2.5002641287197003
33.0,181.0,1000.5426025390624,-4.38181940135786,-3.791399619586264,1.7098404294414218,3.1798392707086403,2.4726217861648787,3.0036654808814074,-0.3392415604091006,1.8157710386035544,0.208613778620579,2.5002641287197003
33.0,181.0,1000.5426025390624,-4.38181940135786,-3.791399619586264,1.7098404294414218,3.179839270708765,2.47262178616488,3.003668488078424,-0.339241562270528,1.8157726510338543,0.2086230390980571,2.5002641287197003
33.0,181.0,1000.5426025390624,-4.38181940135786,-3.791399619586264,1.7098404302970067,3.17983927070833,2.4726217861649955,3.003668488078424,-0.3392415622701736,1.8157726646904853,0.2086143376998105,2.5002641287197003
33.0,181.0,1000.5426025390624,-4.38181940135786,-3.791399619586264,1.7098404300144514,3.1798392707084253,2.472621786164862,3.003660714415029,-0.3392415622713721,1.8157744485262013,0.2086137238544499,2.5002641287197003
33.0,181.0,1000.5426025390624,-4.38181940135786,-3.791399619586264,1.7098404294414218,3.179839270708765,2.472621786164881,3.003668488078424,-0.3392415622713455,1.8157726510338543,0.2086230390980571,2.5002641287197003
33.0,181.0,1000.5426025390624,-4.38181940135786,-3.791399619586264,1.7098403451711213,3.1798392707227703,2.4726217861648623,3.00368219255876,-0.3392415602991104,1.8157709439508591,0.2086137677655681,2.5002641287197003
33.0,181.0,1000.5426025390624,-4.38181940135786,-3.791399619586264,1.7098404294414218,3.179839270708765,2.47262178616488,3.003668488078424,-0.339241561110106,1.815772618736129,0.2086223076305391,2.5002641287197003
33.0,181.0,1000.5426025390624,-4.38181940135786,-3.791399619586264,1.7098404302970067,3.1798392707224554,2.4726217861648565,3.0036778157578023,-0.3392415622701736,1.815772646579267,0.2086141123325922,2.5002641287197003
33.0,181.0,1000.5426025390624,-4.38181940135786,-3.791399619586264,1.7098404294414218,3.179839270708765,2.47262178616488,3.003668602277252,-0.3392415611247337,1.815772619295396,0.2086223076305391,2.5002641287197003
33.0,181.0,1000.5426025390624,-4.38181940135786,-3.791399619586264,1.7098404294414218,3.1798392707086407,2.47262178616488,3.003668488078424,-0.3392415622483473,1.8157726510338543,0.2086230390980571,2.5002641287197003
33.0,181.0,1000.5426025390624,-4.38181940135786,-3.791399619586264,1.7098403353941622,3.179839270708793,2.472621786164864,3.003677791959784,-0.3392415621793114,1.8157725824985929,0.2086045753542724,2.5002641287197003
33.0,181.0,1000.5426025390624,-4.38181940135786,-3.791399619586264,1.7098404294414218,3.179839270708765,2.472621786164881,3.003668488078424,-0.3392415622701736,1.8157726510338543,0.2086230390980571,2.5002641287197003
33.0,181.0,1000.5426025390624,-4.38181940135786,-3.791399619586264,1.7098404294414218,3.179839270708765,2.47262178616488,3.003668488078424,-0.3392415622471755,1.8157726510338543,0.2086230390980571,2.5002641287197003
33.0,181.0,1000.5426025390624,-4.38181940135786,-3.791399619586264,1.709840441144125,3.179839270708574,2.47262178616488,3.003660757198738,-0.3392415621750908,1.8157744485262013,0.2086137703700644,2.5002641287197003
33.0,181.0,1000.5426025390624,-4.38181940135786,-3.791399619586264,1.7098404294414218,3.179839270708765,2.47262178616488,3.003668655372412,-0.3392415623654631,1.815772618736129,0.2086223076305391,2.5002641287197003
33.0,181.0,1000.5426025390624,-4.38181940135786,-3.791399619586264,1.7098404294414218,3.1798392707086407,2.47262178616488,3.003668488078424,-0.3392415622483473,1.8157726510338543,0.2086230390980571,2.5002641287197003
33.0,181.0,1000.5426025390624,-4.38181940135786,-3.791399619586264,1.7098404407105547,3.17983927070857,2.47262178616488,3.003668488078424,-0.339241562270528,1.8157726510338543,0.2086230390980571,2.5002641287197003
33.0,182.0,1000.5426025390624,-4.38181940135786,-3.791399619586264,1.7098404294414218,3.179839270708765,2.47262178616488,3.003668488078424,-0.339241562270528,1.8157726510338543,0.2086230390980571,2.5002641287197003
33.0,182.0,1000.5426025390624,-4.38181940135786,-3.791399619586264,1.7098403353941622,3.179839270708793,2.472621786164863,3.003677791959784,-0.3392415623558534,1.8157727856240613,0.2086136569841203,2.5002641287197003
33.0,182.0,1000.5426025390624,-4.38181940135786,-3.791399619586264,1.7098404294414218,3.179839270708765,2.472621786164881,3.003668488078424,-0.3392415622479929,1.8157726510338543,0.2086230390980571,2.5002641287197003
33.0,182.0,1000.5426025390624,-4.38181940135786,-3.791399619586264,1.7098404294414218,3.179839270708765,2.472621786164881,3.003668488078424,-0.3392415622701736,1.8157726510338543,0.2086230390980571,2.5002641287197003
33.0,182.0,1000.5426025390624,-4.38181940135786,-3.791399619586264,1.7098404294414218,3.179839270708765,2.47262178616488,3.003668488078424,-0.3392415622483473,1.8157726510338543,0.2086230390980571,2.5002641287197003
33.0,182.0,1000.5426025390624,-4.38181940135786,-3.791399619586264,1.7098404294414218,3.1798392707086403,2.4726217861648787,3.0036654808814074,-0.3392415622941276,1.8157726510338543,0.2086045853392703,2.5002641287197003
33.0,182.0,1000.5426025390624,-4.38181940135786,-3.791399619586264,1.7098404294414218,3.179839270708765,2.47262178616488,3.003668488078424,-0.339241562270528,1.8157726510338543,0.2086230390980571,2.5002641287197003
33.0,182.0,1000.5426025390624,-4.38181940135786,-3.791399619586264,1.7098403353941622,3.179839270708793,2.472621786164863,3.003677791959784,-0.3392415602942843,1.8157709700682927,0.208613768635581,2.5002641287197003
33.0,182.0,1000.5426025390624,-4.38181940135786,-3.791399619586264,1.7098404410901251,3.179839270708574,2.472621786164862,3.003660757198738,-0.3392415621750908,1.8157744485262013,0.2086137703700644,2.5002641287197003
33.0,182.0,1000.5426025390624,-4.38181940135786,-3.791399619586264,1.7098404294414218,3.179839270708765,2.47262178616488,3.003668488078424,-0.339241562270528,1.8157726510338543,0.2086230390980571,2.5002641287197003
33.0,182.0,1000.5426025390624,-4.38181940135786,-3.791399619586264,1.7098404410901251,3.179839270708817,2.472621786164862,3.003660757198738,-0.3392415621750908,1.8157744485262013,0.2086137238544499,2.5002641287197003
33.0,182.0,1000.5426025390624,-4.38181940135786,-3.791399619586264,1.7098403420858872,3.179839270709712,2.472621786164862,3.0036676782153937,-0.3392415621850866,1.815770970256744,0.2086143502420084,2.5002641287197003
33.0,182.0,1000.5426025390624,-4.38181940135786,-3.791399619586264,1.7098404294414218,3.179839270708765,2.4726217861648627,3.003668488078424,-0.339241562270528,1.8157726510338543,0.2086230390980571,2.5002641287197003
33.0,182.0,1000.5426025390624,-4.38181940135786,-3.791399619586264,1.7098403353941622,3.179839270708793,2.472621786164863,3.003677791959784,-0.3392415602942843,1.8157726460146384,0.208613768635581,2.5002641287197003
33.0,182.0,1000.5426025390624,-4.38181940135786,-3.791399619586264,1.7098403369228028,3.179839270708793,2.4726217861648467,3.003677791959784,-0.3392415623558534,1.8157727856240613,0.2086136569841203,2.5002641287197003
33.0,182.0,1000.5426025390624,-4.38181940135786,-3.791399619586264,1.7098404294414218,3.179839270708765,2.47262178616488,3.003668488078424,-0.339241561110106,1.815772619295396,0.2086223076305391,2.5002641287197003
33.0,182.0,1000.5426025390624,-4.38181940135786,-3.791399619586264,1.7098404302970067,3.1798392707221392,2.4726217861649955,3.003668488078424,-0.3392415622701736,1.8157726510338543,0.2086230390980571,2.5002641287197003
33.0,182.0,1000.5426025390624,-4.38181940135786,-3.791399619586264,1.7098404294414218,3.179839270708765,2.47262178616488,3.003668488078424,-0.339241561110106,1.815772619295396,0.2086223076305391,2.5002641287197003
33.0,182.0,1000.5426025390624,-4.38181940135786,-3.791399619586264,1.7098403353941622,3.179839270708793,2.472621786164863,3.003677791959784,-0.3392415623558534,1.8157727856240613,0.2086136569841203,2.5002641287197003
33.0,182.0,1000.5426025390624,-4.38181940135786,-3.791399619586264,1.7098404302970067,3.17983927070833,2.4726217861649955,3.003668488078424,-0.3392415622701736,1.8157726646904853,0.2086143376998105,2.5002641287197003
33.0,182.0,1000.5426025390624,-4.38181940135786,-3.791399619586264,1.7098403347843747,3.179839270709807,2.472621786164865,3.0036723503264384,-0.3392415622642545,1.815770955111256,0.2086137691487854,2.5002641287197003
33.0,182.0,1000.5426025390624,-4.38181940135786,-3.791399619586264,1.7098404302970067,3.1798392707221392,2.4726217861648565,3.003668488078424,-0.3392415622701736,1.815772654525296,0.2086141153501159,2.5002641287197003
33.0,182.0,1000.5426025390624,-4.38181940135786,-3.791399619586264,1.7098404294414218,3.179839270706791,2.472621786164998,3.003663554483168,-0.3392415623851919,1.815772652417452,0.2086218274457262,2.5002641287197003
33.0,182.0,1000.5426025390624,-4.38181940135786,-3.791399619586264,1.7098404294414218,3.179839270708765,2.472621786164881,3.003668488078424,-0.3392415622474325,1.8157726510338543,0.2086230390980571,2.5002641287197003
33.0,182.0,1000.5426025390624,-4.38181940135786,-3.791399619586264,1.7098404294414218,3.179839270708637,2.472621786164864,3.0036654808814074,-0.3392415622941276,1.8157726510338543,0.2086045384703378,2.5002641287197003
33.0,182.0,1000.5426025390624,-4.38181940135786,-3.791399619586264,1.7098404294414218,3.179839270708765,2.47262178616488,3.003668488078424,-0.3392415611011593,1.8157726510338543,0.2086223060200112,2.5002641287197003
33.0,182.0,1000.5426025390624,-4.38181940135786,-3.791399619586264,1.7098403453403448,3.179839270708793,2.472621786164863,3.003677044616322,-0.3392415623793538,1.8157727856240613,0.2086136569841203,2.5002641287197003
33.0,182.0,1000.5426025390624,-4.38181940135786,-3.791399619586264,1.7098404294414218,3.179839270708765,2.47262178616488,3.003668488078424,-0.3392415622710885,1.8157726510338543,0.2086230390980571,2.5002641287197003
33.0,182.0,1000.5426025390624,-4.38181940135786,-3.791399619586264,1.7098404294414218,3.179839270708757,2.4726217861648614,3.003667666776133,-0.339241562247788,1.8157726510338543,0.208614743559608,2.5002641287197003
33.0,182.0,1000.5426025390624,-4.38181940135786,-3.791399619586264,1.7098404294414218,3.179839270708765,2.47262178616488,3.003668488078424,-0.339241562270528,1.8157726515931216,0.2086230390980571,2.5002641287197003
33.0,182.0,1000.5426025390624,-4.38181940135786,-3.791399619586264,1.7098403353941622,3.1798392707084764,2.472621786164863,3.003668464280405,-0.3392415602942843,1.815772653960668,0.2086137716531048,2.5002641287197003
33.0,182.0,1000.5426025390624,-4.38181940135786,-3.791399619586264,1.7098404294422462,3.179839270722096,2.4726217861650213,3.0036674481036902,-0.3392415622701736,1.8157726522125663,0.2086230390980571,2.5002641287197003
33.0,182.0,1000.5426025390624,-4.38181940135786,-3.791399619586264,1.7098403452108242,3.179839270708766,2.472621786164864,3.003677044616322,-0.3392415623793538,1.8157726539566823,0.2086136569841203,2.5002641287197003
33.0,182.0,1000.5426025390624,-4.38181940135786,-3.791399619586264,1.7098404294414218,3.1798392707086403,2.4726217861648787,3.0036654808814074,-0.3392415604091006,1.8157710386035544,0.208613778620579,2.5002641287197003
33.0,182.0,1000.5426025390624,-4.38181940135786,-3.791399619586264,1.7098404294414218,3.179839270708765,2.47262178616488,3.003668488078424,-0.339241562270528,1.8157726510338543,0.2086230390980571,2.5002641287197003
33.0,182.0,1000.5426025390624,-4.38181940135786,-3.791399619586264,1.7098404302970067,3.17983927070833,2.4726217861649955,3.003668488078424,-0.3392415622701736,1.8157726646904853,0.2086143376998105,2.5002641287197003
33.0,182.0,1000.5426025390624,-4.38181940135786,-3.791399619586264,1.7098404300144514,3.1798392707084253,2.472621786164862,3.003660714415029,-0.3392415622713721,1.8157744485262013,0.2086137238544499,2.5002641287197003
33.0,182.0,1000.5426025390624,-4.38181940135786,-3.791399619586264,1.7098404294414218,3.179839270708765,2.472621786164881,3.003668488078424,-0.3392415622713455,1.8157726510338543,0.2086230390980571,2.5002641287197003
33.0,182.0,1000.5426025390624,-4.38181940135786,-3.791399619586264,1.7098403451711213,3.1798392707227703,2.4726217861648623,3.00368219255876,-0.3392415602991104,1.8157709439508591,0.2086137677655681,2.5002641287197003
33.0,182.0,1000.5426025390624,-4.38181940135786,-3.791399619586264,1.7098404294414218,3.179839270708765,2.47262178616488,3.003668488078424,-0.339241561110106,1.815772618736129,0.2086223076305391,2.5002641287197003
33.0,182.0,1000.5426025390624,-4.38181940135786,-3.791399619586264,1.7098404302970067,3.1798392707224554,2.4726217861648565,3.0036778157578023,-0.3392415622701736,1.815772646579267,0.2086141123325922,2.5002641287197003
33.0,182.0,1000.5426025390624,-4.38181940135786,-3.791399619586264,1.7098404294414218,3.179839270708765,2.47262178616488,3.003668602277252,-0.3392415611247337,1.815772619295396,0.2086223076305391,2.5002641287197003
33.0,182.0,1000.5426025390624,-4.38181940135786,-3.791399619586264,1.7098404294414218,3.1798392707086407,2.47262178616488,3.003668488078424,-0.3392415622483473,1.8157726510338543,0.2086230390980571,2.5002641287197003
33.0,182.0,1000.5426025390624,-4.38181940135786,-3.791399619586264,1.7098403353941622,3.179839270708793,2.472621786164864,3.003677791959784,-0.3392415621793114,1.8157725824985929,0.2086045753542724,2.5002641287197003
33.0,182.0,1000.5426025390624,-4.38181940135786,-3.791399619586264,1.7098404294414218,3.179839270708765,2.472621786164881,3.003668488078424,-0.3392415622701736,1.8157726510338543,0.2086230390980571,2.5002641287197003
33.0,182.0,1000.5426025390624,-4.38181940135786,-3.791399619586264,1.7098404294414218,3.179839270708765,2.47262178616488,3.003668488078424,-0.3392415622471755,1.8157726510338543,0.2086230390980571,2.5002641287197003
33.0,182.0,1000.5426025390624,-4.38181940135786,-3.791399619586264,1.709840441144125,3.179839270708574,2.47262178616488,3.003660757198738,-0.3392415621750908,1.8157744485262013,0.2086137703700644,2.5002641287197003
33.0,182.0,1000.5426025390624,-4.38181940135786,-3.791399619586264,1.7098404294414218,3.179839270708765,2.47262178616488,3.003668655372412,-0.3392415623654631,1.815772618736129,0.2086223076305391,2.5002641287197003
33.0,182.0,1000.5426025390624,-4.38181940135786,-3.791399619586264,1.7098404294414218,3.1798392707086407,2.47262178616488,3.003668488078424,-0.3392415622483473,1.8157726510338543,0.2086230390980571,2.5002641287197003
33.0,182.0,1000.5426025390624,-4.38181940135786,-3.791399619586264,1.7098404407105547,3.17983927070857,2.47262178616488,3.003668488078424,-0.339241562270528,1.8157726510338543,0.2086230390980571,2.5002641287197003
33.0,183.0,1000.5426025390624,-4.38181940135786,-3.791399619586264,1.7098404294414218,3.179839270708765,2.47262178616488,3.003668488078424,-0.339241562270528,1.8157726510338543,0.2086230390980571,2.5002641287197003
33.0,183.0,1000.5426025390624,-4.38181940135786,-3.791399619586264,1.7098403353941622,3.179839270708793,2.472621786164863,3.003677791959784,-0.3392415623558534,1.8157727856240613,0.2086136569841203,2.5002641287197003
33.0,183.0,1000.5426025390624,-4.38181940135786,-3.791399619586264,1.7098404294414218,3.179839270708765,2.472621786164881,3.003668488078424,-0.3392415622479929,1.8157726510338543,0.2086230390980571,2.5002641287197003
33.0,183.0,1000.5426025390624,-4.38181940135786,-3.791399619586264,1.7098404294414218,3.179839270708765,2.472621786164881,3.003668488078424,-0.3392415622701736,1.8157726510338543,0.2086230390980571,2.5002641287197003
33.0,183.0,1000.5426025390624,-4.38181940135786,-3.791399619586264,1.7098404294414218,3.179839270708765,2.47262178616488,3.003668488078424,-0.3392415622483473,1.8157726510338543,0.2086230390980571,2.5002641287197003
33.0,183.0,1000.5426025390624,-4.38181940135786,-3.791399619586264,1.7098404294414218,3.1798392707086403,2.4726217861648787,3.0036654808814074,-0.3392415622941276,1.8157726510338543,0.2086045853392703,2.5002641287197003
33.0,183.0,1000.5426025390624,-4.38181940135786,-3.791399619586264,1.7098404294414218,3.179839270708765,2.47262178616488,3.003668488078424,-0.339241562270528,1.8157726510338543,0.2086230390980571,2.5002641287197003
33.0,183.0,1000.5426025390624,-4.38181940135786,-3.791399619586264,1.7098403353941622,3.179839270708793,2.472621786164863,3.003677791959784,-0.3392415602942843,1.8157709700682927,0.208613768635581,2.5002641287197003
33.0,183.0,1000.5426025390624,-4.38181940135786,-3.791399619586264,1.7098404410901251,3.179839270708574,2.472621786164862,3.003660757198738,-0.3392415621750908,1.8157744485262013,0.2086137703700644,2.5002641287197003
33.0,183.0,1000.5426025390624,-4.38181940135786,-3.791399619586264,1.7098404294414218,3.179839270708765,2.47262178616488,3.003668488078424,-0.339241562270528,1.8157726510338543,0.2086230390980571,2.5002641287197003
33.0,183.0,1000.5426025390624,-4.38181940135786,-3.791399619586264,1.7098404410901251,3.179839270708817,2.472621786164862,3.003660757198738,-0.3392415621750908,1.8157744485262013,0.2086137238544499,2.5002641287197003
33.0,183.0,1000.5426025390624,-4.38181940135786,-3.791399619586264,1.7098403420858872,3.179839270709712,2.472621786164862,3.0036676782153937,-0.3392415621850866,1.815770970256744,0.2086143502420084,2.5002641287197003
33.0,183.0,1000.5426025390624,-4.38181940135786,-3.791399619586264,1.7098404294414218,3.179839270708765,2.4726217861648627,3.003668488078424,-0.339241562270528,1.8157726510338543,0.2086230390980571,2.5002641287197003
33.0,183.0,1000.5426025390624,-4.38181940135786,-3.791399619586264,1.7098403353941622,3.179839270708793,2.472621786164863,3.003677791959784,-0.3392415602942843,1.8157726460146384,0.208613768635581,2.5002641287197003
33.0,183.0,1000.5426025390624,-4.38181940135786,-3.791399619586264,1.7098403369228028,3.179839270708793,2.4726217861648467,3.003677791959784,-0.3392415623558534,1.8157727856240613,0.2086136569841203,2.5002641287197003
33.0,183.0,1000.5426025390624,-4.38181940135786,-3.791399619586264,1.7098404294414218,3.179839270708765,2.47262178616488,3.003668488078424,-0.339241561110106,1.815772619295396,0.2086223076305391,2.5002641287197003
33.0,183.0,1000.5426025390624,-4.38181940135786,-3.791399619586264,1.7098404302970067,3.1798392707221392,2.4726217861649955,3.003668488078424,-0.3392415622701736,1.8157726510338543,0.2086230390980571,2.5002641287197003
33.0,183.0,1000.5426025390624,-4.38181940135786,-3.791399619586264,1.7098404294414218,3.179839270708765,2.47262178616488,3.003668488078424,-0.339241561110106,1.815772619295396,0.2086223076305391,2.5002641287197003
33.0,183.0,1000.5426025390624,-4.38181940135786,-3.791399619586264,1.7098403353941622,3.179839270708793,2.472621786164863,3.003677791959784,-0.3392415623558534,1.8157727856240613,0.2086136569841203,2.5002641287197003
33.0,183.0,1000.5426025390624,-4.38181940135786,-3.791399619586264,1.7098404302970067,3.17983927070833,2.4726217861649955,3.003668488078424,-0.3392415622701736,1.8157726646904853,0.2086143376998105,2.5002641287197003
33.0,183.0,1000.5426025390624,-4.38181940135786,-3.791399619586264,1.7098403347843747,3.179839270709807,2.472621786164865,3.0036723503264384,-0.3392415622642545,1.815770955111256,0.2086137691487854,2.5002641287197003
33.0,183.0,1000.5426025390624,-4.38181940135786,-3.791399619586264,1.7098404302970067,3.1798392707221392,2.4726217861648565,3.003668488078424,-0.3392415622701736,1.815772654525296,0.2086141153501159,2.5002641287197003
33.0,183.0,1000.5426025390624,-4.38181940135786,-3.791399619586264,1.7098404294414218,3.179839270706791,2.472621786164998,3.003663554483168,-0.3392415623851919,1.815772652417452,0.2086218274457262,2.5002641287197003
33.0,183.0,1000.5426025390624,-4.38181940135786,-3.791399619586264,1.7098404294414218,3.179839270708765,2.472621786164881,3.003668488078424,-0.3392415622474325,1.8157726510338543,0.2086230390980571,2.5002641287197003
33.0,183.0,1000.5426025390624,-4.38181940135786,-3.791399619586264,1.7098404294414218,3.179839270708637,2.472621786164864,3.0036654808814074,-0.3392415622941276,1.8157726510338543,0.2086045384703378,2.5002641287197003
33.0,183.0,1000.5426025390624,-4.38181940135786,-3.791399619586264,1.7098404294414218,3.179839270708765,2.47262178616488,3.003668488078424,-0.3392415611011593,1.8157726510338543,0.2086223060200112,2.5002641287197003
33.0,183.0,1000.5426025390624,-4.38181940135786,-3.791399619586264,1.7098403453403448,3.179839270708793,2.472621786164863,3.003677044616322,-0.3392415623793538,1.8157727856240613,0.2086136569841203,2.5002641287197003
33.0,183.0,1000.5426025390624,-4.38181940135786,-3.791399619586264,1.7098404294414218,3.179839270708765,2.47262178616488,3.003668488078424,-0.3392415622710885,1.8157726510338543,0.2086230390980571,2.5002641287197003
33.0,183.0,1000.5426025390624,-4.38181940135786,-3.791399619586264,1.7098404294414218,3.179839270708757,2.4726217861648614,3.003667666776133,-0.339241562247788,1.8157726510338543,0.208614743559608,2.5002641287197003
33.0,183.0,1000.5426025390624,-4.38181940135786,-3.791399619586264,1.7098404294414218,3.179839270708765,2.47262178616488,3.003668488078424,-0.339241562270528,1.8157726515931216,0.2086230390980571,2.5002641287197003
33.0,183.0,1000.5426025390624,-4.38181940135786,-3.791399619586264,1.7098403353941622,3.1798392707084764,2.472621786164863,3.003668464280405,-0.3392415602942843,1.815772653960668,0.2086137716531048,2.5002641287197003
33.0,183.0,1000.5426025390624,-4.38181940135786,-3.791399619586264,1.7098404294422462,3.179839270722096,2.4726217861650213,3.0036674481036902,-0.3392415622701736,1.8157726522125663,0.2086230390980571,2.5002641287197003
33.0,183.0,1000.5426025390624,-4.38181940135786,-3.791399619586264,1.7098403452108242,3.179839270708766,2.472621786164864,3.003677044616322,-0.3392415623793538,1.8157726539566823,0.2086136569841203,2.5002641287197003
33.0,183.0,1000.5426025390624,-4.38181940135786,-3.791399619586264,1.7098404294414218,3.1798392707086403,2.4726217861648787,3.0036654808814074,-0.3392415604091006,1.8157710386035544,0.208613778620579,2.5002641287197003
33.0,183.0,1000.5426025390624,-4.38181940135786,-3.791399619586264,1.7098404294414218,3.179839270708765,2.47262178616488,3.003668488078424,-0.339241562270528,1.8157726510338543,0.2086230390980571,2.5002641287197003
33.0,183.0,1000.5426025390624,-4.38181940135786,-3.791399619586264,1.7098404302970067,3.17983927070833,2.4726217861649955,3.003668488078424,-0.3392415622701736,1.8157726646904853,0.2086143376998105,2.5002641287197003
33.0,183.0,1000.5426025390624,-4.38181940135786,-3.791399619586264,1.7098404300144514,3.1798392707084253,2.472621786164862,3.003660714415029,-0.3392415622713721,1.8157744485262013,0.2086137238544499,2.5002641287197003
33.0,183.0,1000.5426025390624,-4.38181940135786,-3.791399619586264,1.7098404294414218,3.179839270708765,2.472621786164881,3.003668488078424,-0.3392415622713455,1.8157726510338543,0.2086230390980571,2.5002641287197003
33.0,183.0,1000.5426025390624,-4.38181940135786,-3.791399619586264,1.7098403451711213,3.1798392707227703,2.4726217861648623,3.00368219255876,-0.3392415602991104,1.8157709439508591,0.2086137677655681,2.5002641287197003
33.0,183.0,1000.5426025390624,-4.38181940135786,-3.791399619586264,1.7098404294414218,3.179839270708765,2.47262178616488,3.003668488078424,-0.339241561110106,1.815772618736129,0.2086223076305391,2.5002641287197003
33.0,183.0,1000.5426025390624,-4.38181940135786,-3.791399619586264,1.7098404302970067,3.1798392707224554,2.4726217861648565,3.0036778157578023,-0.3392415622701736,1.815772646579267,0.2086141123325922,2.5002641287197003
33.0,183.0,1000.5426025390624,-4.38181940135786,-3.791399619586264,1.7098404294414218,3.179839270708765,2.47262178616488,3.003668602277252,-0.3392415611247337,1.815772619295396,0.2086223076305391,2.5002641287197003
33.0,183.0,1000.5426025390624,-4.38181940135786,-3.791399619586264,1.7098404294414218,3.1798392707086407,2.47262178616488,3.003668488078424,-0.3392415622483473,1.8157726510338543,0.2086230390980571,2.5002641287197003
33.0,183.0,1000.5426025390624,-4.38181940135786,-3.791399619586264,1.7098403353941622,3.179839270708793,2.472621786164864,3.003677791959784,-0.3392415621793114,1.8157725824985929,0.2086045753542724,2.5002641287197003
33.0,183.0,1000.5426025390624,-4.38181940135786,-3.791399619586264,1.7098404294414218,3.179839270708765,2.472621786164881,3.003668488078424,-0.3392415622701736,1.8157726510338543,0.2086230390980571,2.5002641287197003
33.0,183.0,1000.5426025390624,-4.38181940135786,-3.791399619586264,1.7098404294414218,3.179839270708765,2.47262178616488,3.003668488078424,-0.3392415622471755,1.8157726510338543,0.2086230390980571,2.5002641287197003
33.0,183.0,1000.5426025390624,-4.38181940135786,-3.791399619586264,1.709840441144125,3.179839270708574,2.47262178616488,3.003660757198738,-0.3392415621750908,1.8157744485262013,0.2086137703700644,2.5002641287197003
33.0,183.0,1000.5426025390624,-4.38181940135786,-3.791399619586264,1.7098404294414218,3.179839270708765,2.47262178616488,3.003668655372412,-0.3392415623654631,1.815772618736129,0.2086223076305391,2.5002641287197003
33.0,183.0,1000.5426025390624,-4.38181940135786,-3.791399619586264,1.7098404294414218,3.1798392707086407,2.47262178616488,3.003668488078424,-0.3392415622483473,1.8157726510338543,0.2086230390980571,2.5002641287197003
33.0,183.0,1000.5426025390624,-4.38181940135786,-3.791399619586264,1.7098404407105547,3.17983927070857,2.47262178616488,3.003668488078424,-0.339241562270528,1.8157726510338543,0.2086230390980571,2.5002641287197003
33.0,184.0,1000.5426025390624,-4.38181940135786,-3.791399619586264,1.7098404294414218,3.179839270708765,2.47262178616488,3.003668488078424,-0.339241562270528,1.8157726510338543,0.2086230390980571,2.5002641287197003
33.0,184.0,1000.5426025390624,-4.38181940135786,-3.791399619586264,1.7098403353941622,3.179839270708793,2.472621786164863,3.003677791959784,-0.3392415623558534,1.8157727856240613,0.2086136569841203,2.5002641287197003
33.0,184.0,1000.5426025390624,-4.38181940135786,-3.791399619586264,1.7098404294414218,3.179839270708765,2.472621786164881,3.003668488078424,-0.3392415622479929,1.8157726510338543,0.2086230390980571,2.5002641287197003
33.0,184.0,1000.5426025390624,-4.38181940135786,-3.791399619586264,1.7098404294414218,3.179839270708765,2.472621786164881,3.003668488078424,-0.3392415622701736,1.8157726510338543,0.2086230390980571,2.5002641287197003
33.0,184.0,1000.5426025390624,-4.38181940135786,-3.791399619586264,1.7098404294414218,3.179839270708765,2.47262178616488,3.003668488078424,-0.3392415622483473,1.8157726510338543,0.2086230390980571,2.5002641287197003
33.0,184.0,1000.5426025390624,-4.38181940135786,-3.791399619586264,1.7098404294414218,3.1798392707086403,2.4726217861648787,3.0036654808814074,-0.3392415622941276,1.8157726510338543,0.2086045853392703,2.5002641287197003
33.0,184.0,1000.5426025390624,-4.38181940135786,-3.791399619586264,1.7098404294414218,3.179839270708765,2.47262178616488,3.003668488078424,-0.339241562270528,1.8157726510338543,0.2086230390980571,2.5002641287197003
33.0,184.0,1000.5426025390624,-4.38181940135786,-3.791399619586264,1.7098403353941622,3.179839270708793,2.472621786164863,3.003677791959784,-0.3392415602942843,1.8157709700682927,0.208613768635581,2.5002641287197003
33.0,184.0,1000.5426025390624,-4.38181940135786,-3.791399619586264,1.7098404410901251,3.179839270708574,2.472621786164862,3.003660757198738,-0.3392415621750908,1.8157744485262013,0.2086137703700644,2.5002641287197003
33.0,184.0,1000.5426025390624,-4.38181940135786,-3.791399619586264,1.7098404294414218,3.179839270708765,2.47262178616488,3.003668488078424,-0.339241562270528,1.8157726510338543,0.2086230390980571,2.5002641287197003
33.0,184.0,1000.5426025390624,-4.38181940135786,-3.791399619586264,1.7098404410901251,3.179839270708817,2.472621786164862,3.003660757198738,-0.3392415621750908,1.8157744485262013,0.2086137238544499,2.5002641287197003
33.0,184.0,1000.5426025390624,-4.38181940135786,-3.791399619586264,1.7098403420858872,3.179839270709712,2.472621786164862,3.0036676782153937,-0.3392415621850866,1.815770970256744,0.2086143502420084,2.5002641287197003
33.0,184.0,1000.5426025390624,-4.38181940135786,-3.791399619586264,1.7098404294414218,3.179839270708765,2.4726217861648627,3.003668488078424,-0.339241562270528,1.8157726510338543,0.2086230390980571,2.5002641287197003
33.0,184.0,1000.5426025390624,-4.38181940135786,-3.791399619586264,1.7098403353941622,3.179839270708793,2.472621786164863,3.003677791959784,-0.3392415602942843,1.8157726460146384,0.208613768635581,2.5002641287197003
33.0,184.0,1000.5426025390624,-4.38181940135786,-3.791399619586264,1.7098403369228028,3.179839270708793,2.4726217861648467,3.003677791959784,-0.3392415623558534,1.8157727856240613,0.2086136569841203,2.5002641287197003
33.0,184.0,1000.5426025390624,-4.38181940135786,-3.791399619586264,1.7098404294414218,3.179839270708765,2.47262178616488,3.003668488078424,-0.339241561110106,1.815772619295396,0.2086223076305391,2.5002641287197003
33.0,184.0,1000.5426025390624,-4.38181940135786,-3.791399619586264,1.7098404302970067,3.1798392707221392,2.4726217861649955,3.003668488078424,-0.3392415622701736,1.8157726510338543,0.2086230390980571,2.5002641287197003
33.0,184.0,1000.5426025390624,-4.38181940135786,-3.791399619586264,1.7098404294414218,3.179839270708765,2.47262178616488,3.003668488078424,-0.339241561110106,1.815772619295396,0.2086223076305391,2.5002641287197003
33.0,184.0,1000.5426025390624,-4.38181940135786,-3.791399619586264,1.7098403353941622,3.179839270708793,2.472621786164863,3.003677791959784,-0.3392415623558534,1.8157727856240613,0.2086136569841203,2.5002641287197003
33.0,184.0,1000.5426025390624,-4.38181940135786,-3.791399619586264,1.7098404302970067,3.17983927070833,2.4726217861649955,3.003668488078424,-0.3392415622701736,1.8157726646904853,0.2086143376998105,2.5002641287197003
33.0,184.0,1000.5426025390624,-4.38181940135786,-3.791399619586264,1.7098403347843747,3.179839270709807,2.472621786164865,3.0036723503264384,-0.3392415622642545,1.815770955111256,0.2086137691487854,2.5002641287197003
33.0,184.0,1000.5426025390624,-4.38181940135786,-3.791399619586264,1.7098404302970067,3.1798392707221392,2.4726217861648565,3.003668488078424,-0.3392415622701736,1.815772654525296,0.2086141153501159,2.5002641287197003
33.0,184.0,1000.5426025390624,-4.38181940135786,-3.791399619586264,1.7098404294414218,3.179839270706791,2.472621786164998,3.003663554483168,-0.3392415623851919,1.815772652417452,0.2086218274457262,2.5002641287197003
33.0,184.0,1000.5426025390624,-4.38181940135786,-3.791399619586264,1.7098404294414218,3.179839270708765,2.472621786164881,3.003668488078424,-0.3392415622474325,1.8157726510338543,0.2086230390980571,2.5002641287197003
33.0,184.0,1000.5426025390624,-4.38181940135786,-3.791399619586264,1.7098404294414218,3.179839270708637,2.472621786164864,3.0036654808814074,-0.3392415622941276,1.8157726510338543,0.2086045384703378,2.5002641287197003
33.0,184.0,1000.5426025390624,-4.38181940135786,-3.791399619586264,1.7098404294414218,3.179839270708765,2.47262178616488,3.003668488078424,-0.3392415611011593,1.8157726510338543,0.2086223060200112,2.5002641287197003
33.0,184.0,1000.5426025390624,-4.38181940135786,-3.791399619586264,1.7098403453403448,3.179839270708793,2.472621786164863,3.003677044616322,-0.3392415623793538,1.8157727856240613,0.2086136569841203,2.5002641287197003
33.0,184.0,1000.5426025390624,-4.38181940135786,-3.791399619586264,1.7098404294414218,3.179839270708765,2.47262178616488,3.003668488078424,-0.3392415622710885,1.8157726510338543,0.2086230390980571,2.5002641287197003
33.0,184.0,1000.5426025390624,-4.38181940135786,-3.791399619586264,1.7098404294414218,3.179839270708757,2.4726217861648614,3.003667666776133,-0.339241562247788,1.8157726510338543,0.208614743559608,2.5002641287197003
33.0,184.0,1000.5426025390624,-4.38181940135786,-3.791399619586264,1.7098404294414218,3.179839270708765,2.47262178616488,3.003668488078424,-0.339241562270528,1.8157726515931216,0.2086230390980571,2.5002641287197003
33.0,184.0,1000.5426025390624,-4.38181940135786,-3.791399619586264,1.7098403353941622,3.1798392707084764,2.472621786164863,3.003668464280405,-0.3392415602942843,1.815772653960668,0.2086137716531048,2.5002641287197003
33.0,184.0,1000.5426025390624,-4.38181940135786,-3.791399619586264,1.7098404294422462,3.179839270722096,2.4726217861650213,3.0036674481036902,-0.3392415622701736,1.8157726522125663,0.2086230390980571,2.5002641287197003
33.0,184.0,1000.5426025390624,-4.38181940135786,-3.791399619586264,1.7098403452108242,3.179839270708766,2.472621786164864,3.003677044616322,-0.3392415623793538,1.8157726539566823,0.2086136569841203,2.5002641287197003
33.0,184.0,1000.5426025390624,-4.38181940135786,-3.791399619586264,1.7098404294414218,3.1798392707086403,2.4726217861648787,3.0036654808814074,-0.3392415604091006,1.8157710386035544,0.208613778620579,2.5002641287197003
33.0,184.0,1000.5426025390624,-4.38181940135786,-3.791399619586264,1.7098404294414218,3.179839270708765,2.47262178616488,3.003668488078424,-0.339241562270528,1.8157726510338543,0.2086230390980571,2.5002641287197003
33.0,184.0,1000.5426025390624,-4.38181940135786,-3.791399619586264,1.7098404302970067,3.17983927070833,2.4726217861649955,3.003668488078424,-0.3392415622701736,1.8157726646904853,0.2086143376998105,2.5002641287197003
33.0,184.0,1000.5426025390624,-4.38181940135786,-3.791399619586264,1.7098404300144514,3.1798392707084253,2.472621786164862,3.003660714415029,-0.3392415622713721,1.8157744485262013,0.2086137238544499,2.5002641287197003
33.0,184.0,1000.5426025390624,-4.38181940135786,-3.791399619586264,1.7098404294414218,3.179839270708765,2.472621786164881,3.003668488078424,-0.3392415622713455,1.8157726510338543,0.2086230390980571,2.5002641287197003
33.0,184.0,1000.5426025390624,-4.38181940135786,-3.791399619586264,1.7098403451711213,3.1798392707227703,2.4726217861648623,3.00368219255876,-0.3392415602991104,1.8157709439508591,0.2086137677655681,2.5002641287197003
33.0,184.0,1000.5426025390624,-4.38181940135786,-3.791399619586264,1.7098404294414218,3.179839270708765,2.47262178616488,3.003668488078424,-0.339241561110106,1.815772618736129,0.2086223076305391,2.5002641287197003
33.0,184.0,1000.5426025390624,-4.38181940135786,-3.791399619586264,1.7098404302970067,3.1798392707224554,2.4726217861648565,3.0036778157578023,-0.3392415622701736,1.815772646579267,0.2086141123325922,2.5002641287197003
33.0,184.0,1000.5426025390624,-4.38181940135786,-3.791399619586264,1.7098404294414218,3.179839270708765,2.47262178616488,3.003668602277252,-0.3392415611247337,1.815772619295396,0.2086223076305391,2.5002641287197003
33.0,184.0,1000.5426025390624,-4.38181940135786,-3.791399619586264,1.7098404294414218,3.1798392707086407,2.47262178616488,3.003668488078424,-0.3392415622483473,1.8157726510338543,0.2086230390980571,2.5002641287197003
33.0,184.0,1000.5426025390624,-4.38181940135786,-3.791399619586264,1.7098403353941622,3.179839270708793,2.472621786164864,3.003677791959784,-0.3392415621793114,1.8157725824985929,0.2086045753542724,2.5002641287197003
33.0,184.0,1000.5426025390624,-4.38181940135786,-3.791399619586264,1.7098404294414218,3.179839270708765,2.472621786164881,3.003668488078424,-0.3392415622701736,1.8157726510338543,0.2086230390980571,2.5002641287197003
33.0,184.0,1000.5426025390624,-4.38181940135786,-3.791399619586264,1.7098404294414218,3.179839270708765,2.47262178616488,3.003668488078424,-0.3392415622471755,1.8157726510338543,0.2086230390980571,2.5002641287197003
33.0,184.0,1000.5426025390624,-4.38181940135786,-3.791399619586264,1.709840441144125,3.179839270708574,2.47262178616488,3.003660757198738,-0.3392415621750908,1.8157744485262013,0.2086137703700644,2.5002641287197003
33.0,184.0,1000.5426025390624,-4.38181940135786,-3.791399619586264,1.7098404294414218,3.179839270708765,2.47262178616488,3.003668655372412,-0.3392415623654631,1.815772618736129,0.2086223076305391,2.5002641287197003
33.0,184.0,1000.5426025390624,-4.38181940135786,-3.791399619586264,1.7098404294414218,3.1798392707086407,2.47262178616488,3.003668488078424,-0.3392415622483473,1.8157726510338543,0.2086230390980571,2.5002641287197003
33.0,184.0,1000.5426025390624,-4.38181940135786,-3.791399619586264,1.7098404407105547,3.17983927070857,2.47262178616488,3.003668488078424,-0.339241562270528,1.8157726510338543,0.2086230390980571,2.5002641287197003
33.0,185.0,1000.5426025390624,-4.38181940135786,-3.791399619586264,1.7098404294414218,3.179839270708765,2.47262178616488,3.003668488078424,-0.339241562270528,1.8157726510338543,0.2086230390980571,2.5002641287197003
33.0,185.0,1000.5426025390624,-4.38181940135786,-3.791399619586264,1.7098403353941622,3.179839270708793,2.472621786164863,3.003677791959784,-0.3392415623558534,1.8157727856240613,0.2086136569841203,2.5002641287197003
33.0,185.0,1000.5426025390624,-4.38181940135786,-3.791399619586264,1.7098404294414218,3.179839270708765,2.472621786164881,3.003668488078424,-0.3392415622479929,1.8157726510338543,0.2086230390980571,2.5002641287197003
33.0,185.0,1000.5426025390624,-4.38181940135786,-3.791399619586264,1.7098404294414218,3.179839270708765,2.472621786164881,3.003668488078424,-0.3392415622701736,1.8157726510338543,0.2086230390980571,2.5002641287197003
33.0,185.0,1000.5426025390624,-4.38181940135786,-3.791399619586264,1.7098404294414218,3.179839270708765,2.47262178616488,3.003668488078424,-0.3392415622483473,1.8157726510338543,0.2086230390980571,2.5002641287197003
33.0,185.0,1000.5426025390624,-4.38181940135786,-3.791399619586264,1.7098404294414218,3.1798392707086403,2.4726217861648787,3.0036654808814074,-0.3392415622941276,1.8157726510338543,0.2086045853392703,2.5002641287197003
33.0,185.0,1000.5426025390624,-4.38181940135786,-3.791399619586264,1.7098404294414218,3.179839270708765,2.47262178616488,3.003668488078424,-0.339241562270528,1.8157726510338543,0.2086230390980571,2.5002641287197003
33.0,185.0,1000.5426025390624,-4.38181940135786,-3.791399619586264,1.7098403353941622,3.179839270708793,2.472621786164863,3.003677791959784,-0.3392415602942843,1.8157709700682927,0.208613768635581,2.5002641287197003
33.0,185.0,1000.5426025390624,-4.38181940135786,-3.791399619586264,1.7098404410901251,3.179839270708574,2.472621786164862,3.003660757198738,-0.3392415621750908,1.8157744485262013,0.2086137703700644,2.5002641287197003
33.0,185.0,1000.5426025390624,-4.38181940135786,-3.791399619586264,1.7098404294414218,3.179839270708765,2.47262178616488,3.003668488078424,-0.339241562270528,1.8157726510338543,0.2086230390980571,2.5002641287197003
33.0,185.0,1000.5426025390624,-4.38181940135786,-3.791399619586264,1.7098404410901251,3.179839270708817,2.472621786164862,3.003660757198738,-0.3392415621750908,1.8157744485262013,0.2086137238544499,2.5002641287197003
33.0,185.0,1000.5426025390624,-4.38181940135786,-3.791399619586264,1.7098403420858872,3.179839270709712,2.472621786164862,3.0036676782153937,-0.3392415621850866,1.815770970256744,0.2086143502420084,2.5002641287197003
33.0,185.0,1000.5426025390624,-4.38181940135786,-3.791399619586264,1.7098404294414218,3.179839270708765,2.4726217861648627,3.003668488078424,-0.339241562270528,1.8157726510338543,0.2086230390980571,2.5002641287197003
33.0,185.0,1000.5426025390624,-4.38181940135786,-3.791399619586264,1.7098403353941622,3.179839270708793,2.472621786164863,3.003677791959784,-0.3392415602942843,1.8157726460146384,0.208613768635581,2.5002641287197003
33.0,185.0,1000.5426025390624,-4.38181940135786,-3.791399619586264,1.7098403369228028,3.179839270708793,2.4726217861648467,3.003677791959784,-0.3392415623558534,1.8157727856240613,0.2086136569841203,2.5002641287197003
33.0,185.0,1000.5426025390624,-4.38181940135786,-3.791399619586264,1.7098404294414218,3.179839270708765,2.47262178616488,3.003668488078424,-0.339241561110106,1.815772619295396,0.2086223076305391,2.5002641287197003
33.0,185.0,1000.5426025390624,-4.38181940135786,-3.791399619586264,1.7098404302970067,3.1798392707221392,2.4726217861649955,3.003668488078424,-0.3392415622701736,1.8157726510338543,0.2086230390980571,2.5002641287197003
33.0,185.0,1000.5426025390624,-4.38181940135786,-3.791399619586264,1.7098404294414218,3.179839270708765,2.47262178616488,3.003668488078424,-0.339241561110106,1.815772619295396,0.2086223076305391,2.5002641287197003
33.0,185.0,1000.5426025390624,-4.38181940135786,-3.791399619586264,1.7098403353941622,3.179839270708793,2.472621786164863,3.003677791959784,-0.3392415623558534,1.8157727856240613,0.2086136569841203,2.5002641287197003
33.0,185.0,1000.5426025390624,-4.38181940135786,-3.791399619586264,1.7098404302970067,3.17983927070833,2.4726217861649955,3.003668488078424,-0.3392415622701736,1.8157726646904853,0.2086143376998105,2.5002641287197003
33.0,185.0,1000.5426025390624,-4.38181940135786,-3.791399619586264,1.7098403347843747,3.179839270709807,2.472621786164865,3.0036723503264384,-0.3392415622642545,1.815770955111256,0.2086137691487854,2.5002641287197003
33.0,185.0,1000.5426025390624,-4.38181940135786,-3.791399619586264,1.7098404302970067,3.1798392707221392,2.4726217861648565,3.003668488078424,-0.3392415622701736,1.815772654525296,0.2086141153501159,2.5002641287197003
33.0,185.0,1000.5426025390624,-4.38181940135786,-3.791399619586264,1.7098404294414218,3.179839270706791,2.472621786164998,3.003663554483168,-0.3392415623851919,1.815772652417452,0.2086218274457262,2.5002641287197003
33.0,185.0,1000.5426025390624,-4.38181940135786,-3.791399619586264,1.7098404294414218,3.179839270708765,2.472621786164881,3.003668488078424,-0.3392415622474325,1.8157726510338543,0.2086230390980571,2.5002641287197003
33.0,185.0,1000.5426025390624,-4.38181940135786,-3.791399619586264,1.7098404294414218,3.179839270708637,2.472621786164864,3.0036654808814074,-0.3392415622941276,1.8157726510338543,0.2086045384703378,2.5002641287197003
33.0,185.0,1000.5426025390624,-4.38181940135786,-3.791399619586264,1.7098404294414218,3.179839270708765,2.47262178616488,3.003668488078424,-0.3392415611011593,1.8157726510338543,0.2086223060200112,2.5002641287197003
33.0,185.0,1000.5426025390624,-4.38181940135786,-3.791399619586264,1.7098403453403448,3.179839270708793,2.472621786164863,3.003677044616322,-0.3392415623793538,1.8157727856240613,0.2086136569841203,2.5002641287197003
33.0,185.0,1000.5426025390624,-4.38181940135786,-3.791399619586264,1.7098404294414218,3.179839270708765,2.47262178616488,3.003668488078424,-0.3392415622710885,1.8157726510338543,0.2086230390980571,2.5002641287197003
33.0,185.0,1000.5426025390624,-4.38181940135786,-3.791399619586264,1.7098404294414218,3.179839270708757,2.4726217861648614,3.003667666776133,-0.339241562247788,1.8157726510338543,0.208614743559608,2.5002641287197003
33.0,185.0,1000.5426025390624,-4.38181940135786,-3.791399619586264,1.7098404294414218,3.179839270708765,2.47262178616488,3.003668488078424,-0.339241562270528,1.8157726515931216,0.2086230390980571,2.5002641287197003
33.0,185.0,1000.5426025390624,-4.38181940135786,-3.791399619586264,1.7098403353941622,3.1798392707084764,2.472621786164863,3.003668464280405,-0.3392415602942843,1.815772653960668,0.2086137716531048,2.5002641287197003
33.0,185.0,1000.5426025390624,-4.38181940135786,-3.791399619586264,1.7098404294422462,3.179839270722096,2.4726217861650213,3.0036674481036902,-0.3392415622701736,1.8157726522125663,0.2086230390980571,2.5002641287197003
33.0,185.0,1000.5426025390624,-4.38181940135786,-3.791399619586264,1.7098403452108242,3.179839270708766,2.472621786164864,3.003677044616322,-0.3392415623793538,1.8157726539566823,0.2086136569841203,2.5002641287197003
33.0,185.0,1000.5426025390624,-4.38181940135786,-3.791399619586264,1.7098404294414218,3.1798392707086403,2.4726217861648787,3.0036654808814074,-0.3392415604091006,1.8157710386035544,0.208613778620579,2.5002641287197003
33.0,185.0,1000.5426025390624,-4.38181940135786,-3.791399619586264,1.7098404294414218,3.179839270708765,2.47262178616488,3.003668488078424,-0.339241562270528,1.8157726510338543,0.2086230390980571,2.5002641287197003
33.0,185.0,1000.5426025390624,-4.38181940135786,-3.791399619586264,1.7098404302970067,3.17983927070833,2.4726217861649955,3.003668488078424,-0.3392415622701736,1.8157726646904853,0.2086143376998105,2.5002641287197003
33.0,185.0,1000.5426025390624,-4.38181940135786,-3.791399619586264,1.7098404300144514,3.1798392707084253,2.472621786164862,3.003660714415029,-0.3392415622713721,1.8157744485262013,0.2086137238544499,2.5002641287197003
33.0,185.0,1000.5426025390624,-4.38181940135786,-3.791399619586264,1.7098404294414218,3.179839270708765,2.472621786164881,3.003668488078424,-0.3392415622713455,1.8157726510338543,0.2086230390980571,2.5002641287197003
33.0,185.0,1000.5426025390624,-4.38181940135786,-3.791399619586264,1.7098403451711213,3.1798392707227703,2.4726217861648623,3.00368219255876,-0.3392415602991104,1.8157709439508591,0.2086137677655681,2.5002641287197003
33.0,185.0,1000.5426025390624,-4.38181940135786,-3.791399619586264,1.7098404294414218,3.179839270708765,2.47262178616488,3.003668488078424,-0.339241561110106,1.815772618736129,0.2086223076305391,2.5002641287197003
33.0,185.0,1000.5426025390624,-4.38181940135786,-3.791399619586264,1.7098404302970067,3.1798392707224554,2.4726217861648565,3.0036778157578023,-0.3392415622701736,1.815772646579267,0.2086141123325922,2.5002641287197003
33.0,185.0,1000.5426025390624,-4.38181940135786,-3.791399619586264,1.7098404294414218,3.179839270708765,2.47262178616488,3.003668602277252,-0.3392415611247337,1.815772619295396,0.2086223076305391,2.5002641287197003
33.0,185.0,1000.5426025390624,-4.38181940135786,-3.791399619586264,1.7098404294414218,3.1798392707086407,2.47262178616488,3.003668488078424,-0.3392415622483473,1.8157726510338543,0.2086230390980571,2.5002641287197003
33.0,185.0,1000.5426025390624,-4.38181940135786,-3.791399619586264,1.7098403353941622,3.179839270708793,2.472621786164864,3.003677791959784,-0.3392415621793114,1.8157725824985929,0.2086045753542724,2.5002641287197003
33.0,185.0,1000.5426025390624,-4.38181940135786,-3.791399619586264,1.7098404294414218,3.179839270708765,2.472621786164881,3.003668488078424,-0.3392415622701736,1.8157726510338543,0.2086230390980571,2.5002641287197003
33.0,185.0,1000.5426025390624,-4.38181940135786,-3.791399619586264,1.7098404294414218,3.179839270708765,2.47262178616488,3.003668488078424,-0.3392415622471755,1.8157726510338543,0.2086230390980571,2.5002641287197003
33.0,185.0,1000.5426025390624,-4.38181940135786,-3.791399619586264,1.709840441144125,3.179839270708574,2.47262178616488,3.003660757198738,-0.3392415621750908,1.8157744485262013,0.2086137703700644,2.5002641287197003
33.0,185.0,1000.5426025390624,-4.38181940135786,-3.791399619586264,1.7098404294414218,3.179839270708765,2.47262178616488,3.003668655372412,-0.3392415623654631,1.815772618736129,0.2086223076305391,2.5002641287197003
33.0,185.0,1000.5426025390624,-4.38181940135786,-3.791399619586264,1.7098404294414218,3.1798392707086407,2.47262178616488,3.003668488078424,-0.3392415622483473,1.8157726510338543,0.2086230390980571,2.5002641287197003
33.0,185.0,1000.5426025390624,-4.38181940135786,-3.791399619586264,1.7098404407105547,3.17983927070857,2.47262178616488,3.003668488078424,-0.339241562270528,1.8157726510338543,0.2086230390980571,2.5002641287197003
33.0,186.0,1000.5426025390624,-4.38181940135786,-3.791399619586264,1.7098404294414218,3.179839270708765,2.47262178616488,3.003668488078424,-0.339241562270528,1.8157726510338543,0.2086230390980571,2.5002641287197003
33.0,186.0,1000.5426025390624,-4.38181940135786,-3.791399619586264,1.7098403353941622,3.179839270708793,2.472621786164863,3.003677791959784,-0.3392415623558534,1.8157727856240613,0.2086136569841203,2.5002641287197003
33.0,186.0,1000.5426025390624,-4.38181940135786,-3.791399619586264,1.7098404294414218,3.179839270708765,2.472621786164881,3.003668488078424,-0.3392415622479929,1.8157726510338543,0.2086230390980571,2.5002641287197003
33.0,186.0,1000.5426025390624,-4.38181940135786,-3.791399619586264,1.7098404294414218,3.179839270708765,2.472621786164881,3.003668488078424,-0.3392415622701736,1.8157726510338543,0.2086230390980571,2.5002641287197003
33.0,186.0,1000.5426025390624,-4.38181940135786,-3.791399619586264,1.7098404294414218,3.179839270708765,2.47262178616488,3.003668488078424,-0.3392415622483473,1.8157726510338543,0.2086230390980571,2.5002641287197003
33.0,186.0,1000.5426025390624,-4.38181940135786,-3.791399619586264,1.7098404294414218,3.1798392707086403,2.4726217861648787,3.0036654808814074,-0.3392415622941276,1.8157726510338543,0.2086045853392703,2.5002641287197003
33.0,186.0,1000.5426025390624,-4.38181940135786,-3.791399619586264,1.7098404294414218,3.179839270708765,2.47262178616488,3.003668488078424,-0.339241562270528,1.8157726510338543,0.2086230390980571,2.5002641287197003
33.0,186.0,1000.5426025390624,-4.38181940135786,-3.791399619586264,1.7098403353941622,3.179839270708793,2.472621786164863,3.003677791959784,-0.3392415602942843,1.8157709700682927,0.208613768635581,2.5002641287197003
33.0,186.0,1000.5426025390624,-4.38181940135786,-3.791399619586264,1.7098404410901251,3.179839270708574,2.472621786164862,3.003660757198738,-0.3392415621750908,1.8157744485262013,0.2086137703700644,2.5002641287197003
33.0,186.0,1000.5426025390624,-4.38181940135786,-3.791399619586264,1.7098404294414218,3.179839270708765,2.47262178616488,3.003668488078424,-0.339241562270528,1.8157726510338543,0.2086230390980571,2.5002641287197003
33.0,186.0,1000.5426025390624,-4.38181940135786,-3.791399619586264,1.7098404410901251,3.179839270708817,2.472621786164862,3.003660757198738,-0.3392415621750908,1.8157744485262013,0.2086137238544499,2.5002641287197003
33.0,186.0,1000.5426025390624,-4.38181940135786,-3.791399619586264,1.7098403420858872,3.179839270709712,2.472621786164862,3.0036676782153937,-0.3392415621850866,1.815770970256744,0.2086143502420084,2.5002641287197003
33.0,186.0,1000.5426025390624,-4.38181940135786,-3.791399619586264,1.7098404294414218,3.179839270708765,2.4726217861648627,3.003668488078424,-0.339241562270528,1.8157726510338543,0.2086230390980571,2.5002641287197003
33.0,186.0,1000.5426025390624,-4.38181940135786,-3.791399619586264,1.7098403353941622,3.179839270708793,2.472621786164863,3.003677791959784,-0.3392415602942843,1.8157726460146384,0.208613768635581,2.5002641287197003
33.0,186.0,1000.5426025390624,-4.38181940135786,-3.791399619586264,1.7098403369228028,3.179839270708793,2.4726217861648467,3.003677791959784,-0.3392415623558534,1.8157727856240613,0.2086136569841203,2.5002641287197003
33.0,186.0,1000.5426025390624,-4.38181940135786,-3.791399619586264,1.7098404294414218,3.179839270708765,2.47262178616488,3.003668488078424,-0.339241561110106,1.815772619295396,0.2086223076305391,2.5002641287197003
33.0,186.0,1000.5426025390624,-4.38181940135786,-3.791399619586264,1.7098404302970067,3.1798392707221392,2.4726217861649955,3.003668488078424,-0.3392415622701736,1.8157726510338543,0.2086230390980571,2.5002641287197003
33.0,186.0,1000.5426025390624,-4.38181940135786,-3.791399619586264,1.7098404294414218,3.179839270708765,2.47262178616488,3.003668488078424,-0.339241561110106,1.815772619295396,0.2086223076305391,2.5002641287197003
33.0,186.0,1000.5426025390624,-4.38181940135786,-3.791399619586264,1.7098403353941622,3.179839270708793,2.472621786164863,3.003677791959784,-0.3392415623558534,1.8157727856240613,0.2086136569841203,2.5002641287197003
33.0,186.0,1000.5426025390624,-4.38181940135786,-3.791399619586264,1.7098404302970067,3.17983927070833,2.4726217861649955,3.003668488078424,-0.3392415622701736,1.8157726646904853,0.2086143376998105,2.5002641287197003
33.0,186.0,1000.5426025390624,-4.38181940135786,-3.791399619586264,1.7098403347843747,3.179839270709807,2.472621786164865,3.0036723503264384,-0.3392415622642545,1.815770955111256,0.2086137691487854,2.5002641287197003
33.0,186.0,1000.5426025390624,-4.38181940135786,-3.791399619586264,1.7098404302970067,3.1798392707221392,2.4726217861648565,3.003668488078424,-0.3392415622701736,1.815772654525296,0.2086141153501159,2.5002641287197003
33.0,186.0,1000.5426025390624,-4.38181940135786,-3.791399619586264,1.7098404294414218,3.179839270706791,2.472621786164998,3.003663554483168,-0.3392415623851919,1.815772652417452,0.2086218274457262,2.5002641287197003
33.0,186.0,1000.5426025390624,-4.38181940135786,-3.791399619586264,1.7098404294414218,3.179839270708765,2.472621786164881,3.003668488078424,-0.3392415622474325,1.8157726510338543,0.2086230390980571,2.5002641287197003
33.0,186.0,1000.5426025390624,-4.38181940135786,-3.791399619586264,1.7098404294414218,3.179839270708637,2.472621786164864,3.0036654808814074,-0.3392415622941276,1.8157726510338543,0.2086045384703378,2.5002641287197003
33.0,186.0,1000.5426025390624,-4.38181940135786,-3.791399619586264,1.7098404294414218,3.179839270708765,2.47262178616488,3.003668488078424,-0.3392415611011593,1.8157726510338543,0.2086223060200112,2.5002641287197003
33.0,186.0,1000.5426025390624,-4.38181940135786,-3.791399619586264,1.7098403453403448,3.179839270708793,2.472621786164863,3.003677044616322,-0.3392415623793538,1.8157727856240613,0.2086136569841203,2.5002641287197003
33.0,186.0,1000.5426025390624,-4.38181940135786,-3.791399619586264,1.7098404294414218,3.179839270708765,2.47262178616488,3.003668488078424,-0.3392415622710885,1.8157726510338543,0.2086230390980571,2.5002641287197003
33.0,186.0,1000.5426025390624,-4.38181940135786,-3.791399619586264,1.7098404294414218,3.179839270708757,2.4726217861648614,3.003667666776133,-0.339241562247788,1.8157726510338543,0.208614743559608,2.5002641287197003
33.0,186.0,1000.5426025390624,-4.38181940135786,-3.791399619586264,1.7098404294414218,3.179839270708765,2.47262178616488,3.003668488078424,-0.339241562270528,1.8157726515931216,0.2086230390980571,2.5002641287197003
33.0,186.0,1000.5426025390624,-4.38181940135786,-3.791399619586264,1.7098403353941622,3.1798392707084764,2.472621786164863,3.003668464280405,-0.3392415602942843,1.815772653960668,0.2086137716531048,2.5002641287197003
33.0,186.0,1000.5426025390624,-4.38181940135786,-3.791399619586264,1.7098404294422462,3.179839270722096,2.4726217861650213,3.0036674481036902,-0.3392415622701736,1.8157726522125663,0.2086230390980571,2.5002641287197003
33.0,186.0,1000.5426025390624,-4.38181940135786,-3.791399619586264,1.7098403452108242,3.179839270708766,2.472621786164864,3.003677044616322,-0.3392415623793538,1.8157726539566823,0.2086136569841203,2.5002641287197003
33.0,186.0,1000.5426025390624,-4.38181940135786,-3.791399619586264,1.7098404294414218,3.1798392707086403,2.4726217861648787,3.0036654808814074,-0.3392415604091006,1.8157710386035544,0.208613778620579,2.5002641287197003
33.0,186.0,1000.5426025390624,-4.38181940135786,-3.791399619586264,1.7098404294414218,3.179839270708765,2.47262178616488,3.003668488078424,-0.339241562270528,1.8157726510338543,0.2086230390980571,2.5002641287197003
33.0,186.0,1000.5426025390624,-4.38181940135786,-3.791399619586264,1.7098404302970067,3.17983927070833,2.4726217861649955,3.003668488078424,-0.3392415622701736,1.8157726646904853,0.2086143376998105,2.5002641287197003
33.0,186.0,1000.5426025390624,-4.38181940135786,-3.791399619586264,1.7098404300144514,3.1798392707084253,2.472621786164862,3.003660714415029,-0.3392415622713721,1.8157744485262013,0.2086137238544499,2.5002641287197003
33.0,186.0,1000.5426025390624,-4.38181940135786,-3.791399619586264,1.7098404294414218,3.179839270708765,2.472621786164881,3.003668488078424,-0.3392415622713455,1.8157726510338543,0.2086230390980571,2.5002641287197003
33.0,186.0,1000.5426025390624,-4.38181940135786,-3.791399619586264,1.7098403451711213,3.1798392707227703,2.4726217861648623,3.00368219255876,-0.3392415602991104,1.8157709439508591,0.2086137677655681,2.5002641287197003
33.0,186.0,1000.5426025390624,-4.38181940135786,-3.791399619586264,1.7098404294414218,3.179839270708765,2.47262178616488,3.003668488078424,-0.339241561110106,1.815772618736129,0.2086223076305391,2.5002641287197003
33.0,186.0,1000.5426025390624,-4.38181940135786,-3.791399619586264,1.7098404302970067,3.1798392707224554,2.4726217861648565,3.0036778157578023,-0.3392415622701736,1.815772646579267,0.2086141123325922,2.5002641287197003
33.0,186.0,1000.5426025390624,-4.38181940135786,-3.791399619586264,1.7098404294414218,3.179839270708765,2.47262178616488,3.003668602277252,-0.3392415611247337,1.815772619295396,0.2086223076305391,2.5002641287197003
33.0,186.0,1000.5426025390624,-4.38181940135786,-3.791399619586264,1.7098404294414218,3.1798392707086407,2.47262178616488,3.003668488078424,-0.3392415622483473,1.8157726510338543,0.2086230390980571,2.5002641287197003
33.0,186.0,1000.5426025390624,-4.38181940135786,-3.791399619586264,1.7098403353941622,3.179839270708793,2.472621786164864,3.003677791959784,-0.3392415621793114,1.8157725824985929,0.2086045753542724,2.5002641287197003
33.0,186.0,1000.5426025390624,-4.38181940135786,-3.791399619586264,1.7098404294414218,3.179839270708765,2.472621786164881,3.003668488078424,-0.3392415622701736,1.8157726510338543,0.2086230390980571,2.5002641287197003
33.0,186.0,1000.5426025390624,-4.38181940135786,-3.791399619586264,1.7098404294414218,3.179839270708765,2.47262178616488,3.003668488078424,-0.3392415622471755,1.8157726510338543,0.2086230390980571,2.5002641287197003
33.0,186.0,1000.5426025390624,-4.38181940135786,-3.791399619586264,1.709840441144125,3.179839270708574,2.47262178616488,3.003660757198738,-0.3392415621750908,1.8157744485262013,0.2086137703700644,2.5002641287197003
33.0,186.0,1000.5426025390624,-4.38181940135786,-3.791399619586264,1.7098404294414218,3.179839270708765,2.47262178616488,3.003668655372412,-0.3392415623654631,1.815772618736129,0.2086223076305391,2.5002641287197003
33.0,186.0,1000.5426025390624,-4.38181940135786,-3.791399619586264,1.7098404294414218,3.1798392707086407,2.47262178616488,3.003668488078424,-0.3392415622483473,1.8157726510338543,0.2086230390980571,2.5002641287197003
33.0,186.0,1000.5426025390624,-4.38181940135786,-3.791399619586264,1.7098404407105547,3.17983927070857,2.47262178616488,3.003668488078424,-0.339241562270528,1.8157726510338543,0.2086230390980571,2.5002641287197003
33.0,187.0,1000.5426025390624,-4.38181940135786,-3.791399619586264,1.7098404294414218,3.179839270708765,2.47262178616488,3.003668488078424,-0.339241562270528,1.8157726510338543,0.2086230390980571,2.5002641287197003
33.0,187.0,1000.5426025390624,-4.38181940135786,-3.791399619586264,1.7098403353941622,3.179839270708793,2.472621786164863,3.003677791959784,-0.3392415623558534,1.8157727856240613,0.2086136569841203,2.5002641287197003
33.0,187.0,1000.5426025390624,-4.38181940135786,-3.791399619586264,1.7098404294414218,3.179839270708765,2.472621786164881,3.003668488078424,-0.3392415622479929,1.8157726510338543,0.2086230390980571,2.5002641287197003
33.0,187.0,1000.5426025390624,-4.38181940135786,-3.791399619586264,1.7098404294414218,3.179839270708765,2.472621786164881,3.003668488078424,-0.3392415622701736,1.8157726510338543,0.2086230390980571,2.5002641287197003
33.0,187.0,1000.5426025390624,-4.38181940135786,-3.791399619586264,1.7098404294414218,3.179839270708765,2.47262178616488,3.003668488078424,-0.3392415622483473,1.8157726510338543,0.2086230390980571,2.5002641287197003
33.0,187.0,1000.5426025390624,-4.38181940135786,-3.791399619586264,1.7098404294414218,3.1798392707086403,2.4726217861648787,3.0036654808814074,-0.3392415622941276,1.8157726510338543,0.2086045853392703,2.5002641287197003
33.0,187.0,1000.5426025390624,-4.38181940135786,-3.791399619586264,1.7098404294414218,3.179839270708765,2.47262178616488,3.003668488078424,-0.339241562270528,1.8157726510338543,0.2086230390980571,2.5002641287197003
33.0,187.0,1000.5426025390624,-4.38181940135786,-3.791399619586264,1.7098403353941622,3.179839270708793,2.472621786164863,3.003677791959784,-0.3392415602942843,1.8157709700682927,0.208613768635581,2.5002641287197003
33.0,187.0,1000.5426025390624,-4.38181940135786,-3.791399619586264,1.7098404410901251,3.179839270708574,2.472621786164862,3.003660757198738,-0.3392415621750908,1.8157744485262013,0.2086137703700644,2.5002641287197003
33.0,187.0,1000.5426025390624,-4.38181940135786,-3.791399619586264,1.7098404294414218,3.179839270708765,2.47262178616488,3.003668488078424,-0.339241562270528,1.8157726510338543,0.2086230390980571,2.5002641287197003
33.0,187.0,1000.5426025390624,-4.38181940135786,-3.791399619586264,1.7098404410901251,3.179839270708817,2.472621786164862,3.003660757198738,-0.3392415621750908,1.8157744485262013,0.2086137238544499,2.5002641287197003
33.0,187.0,1000.5426025390624,-4.38181940135786,-3.791399619586264,1.7098403420858872,3.179839270709712,2.472621786164862,3.0036676782153937,-0.3392415621850866,1.815770970256744,0.2086143502420084,2.5002641287197003
33.0,187.0,1000.5426025390624,-4.38181940135786,-3.791399619586264,1.7098404294414218,3.179839270708765,2.4726217861648627,3.003668488078424,-0.339241562270528,1.8157726510338543,0.2086230390980571,2.5002641287197003
33.0,187.0,1000.5426025390624,-4.38181940135786,-3.791399619586264,1.7098403353941622,3.179839270708793,2.472621786164863,3.003677791959784,-0.3392415602942843,1.8157726460146384,0.208613768635581,2.5002641287197003
33.0,187.0,1000.5426025390624,-4.38181940135786,-3.791399619586264,1.7098403369228028,3.179839270708793,2.4726217861648467,3.003677791959784,-0.3392415623558534,1.8157727856240613,0.2086136569841203,2.5002641287197003
33.0,187.0,1000.5426025390624,-4.38181940135786,-3.791399619586264,1.7098404294414218,3.179839270708765,2.47262178616488,3.003668488078424,-0.339241561110106,1.815772619295396,0.2086223076305391,2.5002641287197003
33.0,187.0,1000.5426025390624,-4.38181940135786,-3.791399619586264,1.7098404302970067,3.1798392707221392,2.4726217861649955,3.003668488078424,-0.3392415622701736,1.8157726510338543,0.2086230390980571,2.5002641287197003
33.0,187.0,1000.5426025390624,-4.38181940135786,-3.791399619586264,1.7098404294414218,3.179839270708765,2.47262178616488,3.003668488078424,-0.339241561110106,1.815772619295396,0.2086223076305391,2.5002641287197003
33.0,187.0,1000.5426025390624,-4.38181940135786,-3.791399619586264,1.7098403353941622,3.179839270708793,2.472621786164863,3.003677791959784,-0.3392415623558534,1.8157727856240613,0.2086136569841203,2.5002641287197003
33.0,187.0,1000.5426025390624,-4.38181940135786,-3.791399619586264,1.7098404302970067,3.17983927070833,2.4726217861649955,3.003668488078424,-0.3392415622701736,1.8157726646904853,0.2086143376998105,2.5002641287197003
33.0,187.0,1000.5426025390624,-4.38181940135786,-3.791399619586264,1.7098403347843747,3.179839270709807,2.472621786164865,3.0036723503264384,-0.3392415622642545,1.815770955111256,0.2086137691487854,2.5002641287197003
33.0,187.0,1000.5426025390624,-4.38181940135786,-3.791399619586264,1.7098404302970067,3.1798392707221392,2.4726217861648565,3.003668488078424,-0.3392415622701736,1.815772654525296,0.2086141153501159,2.5002641287197003
33.0,187.0,1000.5426025390624,-4.38181940135786,-3.791399619586264,1.7098404294414218,3.179839270706791,2.472621786164998,3.003663554483168,-0.3392415623851919,1.815772652417452,0.2086218274457262,2.5002641287197003
33.0,187.0,1000.5426025390624,-4.38181940135786,-3.791399619586264,1.7098404294414218,3.179839270708765,2.472621786164881,3.003668488078424,-0.3392415622474325,1.8157726510338543,0.2086230390980571,2.5002641287197003
33.0,187.0,1000.5426025390624,-4.38181940135786,-3.791399619586264,1.7098404294414218,3.179839270708637,2.472621786164864,3.0036654808814074,-0.3392415622941276,1.8157726510338543,0.2086045384703378,2.5002641287197003
33.0,187.0,1000.5426025390624,-4.38181940135786,-3.791399619586264,1.7098404294414218,3.179839270708765,2.47262178616488,3.003668488078424,-0.3392415611011593,1.8157726510338543,0.2086223060200112,2.5002641287197003
33.0,187.0,1000.5426025390624,-4.38181940135786,-3.791399619586264,1.7098403453403448,3.179839270708793,2.472621786164863,3.003677044616322,-0.3392415623793538,1.8157727856240613,0.2086136569841203,2.5002641287197003
33.0,187.0,1000.5426025390624,-4.38181940135786,-3.791399619586264,1.7098404294414218,3.179839270708765,2.47262178616488,3.003668488078424,-0.3392415622710885,1.8157726510338543,0.2086230390980571,2.5002641287197003
33.0,187.0,1000.5426025390624,-4.38181940135786,-3.791399619586264,1.7098404294414218,3.179839270708757,2.4726217861648614,3.003667666776133,-0.339241562247788,1.8157726510338543,0.208614743559608,2.5002641287197003
33.0,187.0,1000.5426025390624,-4.38181940135786,-3.791399619586264,1.7098404294414218,3.179839270708765,2.47262178616488,3.003668488078424,-0.339241562270528,1.8157726515931216,0.2086230390980571,2.5002641287197003
33.0,187.0,1000.5426025390624,-4.38181940135786,-3.791399619586264,1.7098403353941622,3.1798392707084764,2.472621786164863,3.003668464280405,-0.3392415602942843,1.815772653960668,0.2086137716531048,2.5002641287197003
33.0,187.0,1000.5426025390624,-4.38181940135786,-3.791399619586264,1.7098404294422462,3.179839270722096,2.4726217861650213,3.0036674481036902,-0.3392415622701736,1.8157726522125663,0.2086230390980571,2.5002641287197003
33.0,187.0,1000.5426025390624,-4.38181940135786,-3.791399619586264,1.7098403452108242,3.179839270708766,2.472621786164864,3.003677044616322,-0.3392415623793538,1.8157726539566823,0.2086136569841203,2.5002641287197003
33.0,187.0,1000.5426025390624,-4.38181940135786,-3.791399619586264,1.7098404294414218,3.1798392707086403,2.4726217861648787,3.0036654808814074,-0.3392415604091006,1.8157710386035544,0.208613778620579,2.5002641287197003
33.0,187.0,1000.5426025390624,-4.38181940135786,-3.791399619586264,1.7098404294414218,3.179839270708765,2.47262178616488,3.003668488078424,-0.339241562270528,1.8157726510338543,0.2086230390980571,2.5002641287197003
33.0,187.0,1000.5426025390624,-4.38181940135786,-3.791399619586264,1.7098404302970067,3.17983927070833,2.4726217861649955,3.003668488078424,-0.3392415622701736,1.8157726646904853,0.2086143376998105,2.5002641287197003
33.0,187.0,1000.5426025390624,-4.38181940135786,-3.791399619586264,1.7098404300144514,3.1798392707084253,2.472621786164862,3.003660714415029,-0.3392415622713721,1.8157744485262013,0.2086137238544499,2.5002641287197003
33.0,187.0,1000.5426025390624,-4.38181940135786,-3.791399619586264,1.7098404294414218,3.179839270708765,2.472621786164881,3.003668488078424,-0.3392415622713455,1.8157726510338543,0.2086230390980571,2.5002641287197003
33.0,187.0,1000.5426025390624,-4.38181940135786,-3.791399619586264,1.7098403451711213,3.1798392707227703,2.4726217861648623,3.00368219255876,-0.3392415602991104,1.8157709439508591,0.2086137677655681,2.5002641287197003
33.0,187.0,1000.5426025390624,-4.38181940135786,-3.791399619586264,1.7098404294414218,3.179839270708765,2.47262178616488,3.003668488078424,-0.339241561110106,1.815772618736129,0.2086223076305391,2.5002641287197003
33.0,187.0,1000.5426025390624,-4.38181940135786,-3.791399619586264,1.7098404302970067,3.1798392707224554,2.4726217861648565,3.0036778157578023,-0.3392415622701736,1.815772646579267,0.2086141123325922,2.5002641287197003
33.0,187.0,1000.5426025390624,-4.38181940135786,-3.791399619586264,1.7098404294414218,3.179839270708765,2.47262178616488,3.003668602277252,-0.3392415611247337,1.815772619295396,0.2086223076305391,2.5002641287197003
33.0,187.0,1000.5426025390624,-4.38181940135786,-3.791399619586264,1.7098404294414218,3.1798392707086407,2.47262178616488,3.003668488078424,-0.3392415622483473,1.8157726510338543,0.2086230390980571,2.5002641287197003
33.0,187.0,1000.5426025390624,-4.38181940135786,-3.791399619586264,1.7098403353941622,3.179839270708793,2.472621786164864,3.003677791959784,-0.3392415621793114,1.8157725824985929,0.2086045753542724,2.5002641287197003
33.0,187.0,1000.5426025390624,-4.38181940135786,-3.791399619586264,1.7098404294414218,3.179839270708765,2.472621786164881,3.003668488078424,-0.3392415622701736,1.8157726510338543,0.2086230390980571,2.5002641287197003
33.0,187.0,1000.5426025390624,-4.38181940135786,-3.791399619586264,1.7098404294414218,3.179839270708765,2.47262178616488,3.003668488078424,-0.3392415622471755,1.8157726510338543,0.2086230390980571,2.5002641287197003
33.0,187.0,1000.5426025390624,-4.38181940135786,-3.791399619586264,1.709840441144125,3.179839270708574,2.47262178616488,3.003660757198738,-0.3392415621750908,1.8157744485262013,0.2086137703700644,2.5002641287197003
33.0,187.0,1000.5426025390624,-4.38181940135786,-3.791399619586264,1.7098404294414218,3.179839270708765,2.47262178616488,3.003668655372412,-0.3392415623654631,1.815772618736129,0.2086223076305391,2.5002641287197003
33.0,187.0,1000.5426025390624,-4.38181940135786,-3.791399619586264,1.7098404294414218,3.1798392707086407,2.47262178616488,3.003668488078424,-0.3392415622483473,1.8157726510338543,0.2086230390980571,2.5002641287197003
33.0,187.0,1000.5426025390624,-4.38181940135786,-3.791399619586264,1.7098404407105547,3.17983927070857,2.47262178616488,3.003668488078424,-0.339241562270528,1.8157726510338543,0.2086230390980571,2.5002641287197003
33.0,188.0,1000.5426025390624,-4.38181940135786,-3.791399619586264,1.7098404294414218,3.179839270708765,2.47262178616488,3.003668488078424,-0.339241562270528,1.8157726510338543,0.2086230390980571,2.5002641287197003
33.0,188.0,1000.5426025390624,-4.38181940135786,-3.791399619586264,1.7098403353941622,3.179839270708793,2.472621786164863,3.003677791959784,-0.3392415623558534,1.8157727856240613,0.2086136569841203,2.5002641287197003
33.0,188.0,1000.5426025390624,-4.38181940135786,-3.791399619586264,1.7098404294414218,3.179839270708765,2.472621786164881,3.003668488078424,-0.3392415622479929,1.8157726510338543,0.2086230390980571,2.5002641287197003
33.0,188.0,1000.5426025390624,-4.38181940135786,-3.791399619586264,1.7098404294414218,3.179839270708765,2.472621786164881,3.003668488078424,-0.3392415622701736,1.8157726510338543,0.2086230390980571,2.5002641287197003
33.0,188.0,1000.5426025390624,-4.38181940135786,-3.791399619586264,1.7098404294414218,3.179839270708765,2.47262178616488,3.003668488078424,-0.3392415622483473,1.8157726510338543,0.2086230390980571,2.5002641287197003
33.0,188.0,1000.5426025390624,-4.38181940135786,-3.791399619586264,1.7098404294414218,3.1798392707086403,2.4726217861648787,3.0036654808814074,-0.3392415622941276,1.8157726510338543,0.2086045853392703,2.5002641287197003
33.0,188.0,1000.5426025390624,-4.38181940135786,-3.791399619586264,1.7098404294414218,3.179839270708765,2.47262178616488,3.003668488078424,-0.339241562270528,1.8157726510338543,0.2086230390980571,2.5002641287197003
33.0,188.0,1000.5426025390624,-4.38181940135786,-3.791399619586264,1.7098403353941622,3.179839270708793,2.472621786164863,3.003677791959784,-0.3392415602942843,1.8157709700682927,0.208613768635581,2.5002641287197003
33.0,188.0,1000.5426025390624,-4.38181940135786,-3.791399619586264,1.7098404410901251,3.179839270708574,2.472621786164862,3.003660757198738,-0.3392415621750908,1.8157744485262013,0.2086137703700644,2.5002641287197003
33.0,188.0,1000.5426025390624,-4.38181940135786,-3.791399619586264,1.7098404294414218,3.179839270708765,2.47262178616488,3.003668488078424,-0.339241562270528,1.8157726510338543,0.2086230390980571,2.5002641287197003
33.0,188.0,1000.5426025390624,-4.38181940135786,-3.791399619586264,1.7098404410901251,3.179839270708817,2.472621786164862,3.003660757198738,-0.3392415621750908,1.8157744485262013,0.2086137238544499,2.5002641287197003
33.0,188.0,1000.5426025390624,-4.38181940135786,-3.791399619586264,1.7098403420858872,3.179839270709712,2.472621786164862,3.0036676782153937,-0.3392415621850866,1.815770970256744,0.2086143502420084,2.5002641287197003
33.0,188.0,1000.5426025390624,-4.38181940135786,-3.791399619586264,1.7098404294414218,3.179839270708765,2.4726217861648627,3.003668488078424,-0.339241562270528,1.8157726510338543,0.2086230390980571,2.5002641287197003
33.0,188.0,1000.5426025390624,-4.38181940135786,-3.791399619586264,1.7098403353941622,3.179839270708793,2.472621786164863,3.003677791959784,-0.3392415602942843,1.8157726460146384,0.208613768635581,2.5002641287197003
33.0,188.0,1000.5426025390624,-4.38181940135786,-3.791399619586264,1.7098403369228028,3.179839270708793,2.4726217861648467,3.003677791959784,-0.3392415623558534,1.8157727856240613,0.2086136569841203,2.5002641287197003
33.0,188.0,1000.5426025390624,-4.38181940135786,-3.791399619586264,1.7098404294414218,3.179839270708765,2.47262178616488,3.003668488078424,-0.339241561110106,1.815772619295396,0.2086223076305391,2.5002641287197003
33.0,188.0,1000.5426025390624,-4.38181940135786,-3.791399619586264,1.7098404302970067,3.1798392707221392,2.4726217861649955,3.003668488078424,-0.3392415622701736,1.8157726510338543,0.2086230390980571,2.5002641287197003
33.0,188.0,1000.5426025390624,-4.38181940135786,-3.791399619586264,1.7098404294414218,3.179839270708765,2.47262178616488,3.003668488078424,-0.339241561110106,1.815772619295396,0.2086223076305391,2.5002641287197003
33.0,188.0,1000.5426025390624,-4.38181940135786,-3.791399619586264,1.7098403353941622,3.179839270708793,2.472621786164863,3.003677791959784,-0.3392415623558534,1.8157727856240613,0.2086136569841203,2.5002641287197003
33.0,188.0,1000.5426025390624,-4.38181940135786,-3.791399619586264,1.7098404302970067,3.17983927070833,2.4726217861649955,3.003668488078424,-0.3392415622701736,1.8157726646904853,0.2086143376998105,2.5002641287197003
33.0,188.0,1000.5426025390624,-4.38181940135786,-3.791399619586264,1.7098403347843747,3.179839270709807,2.472621786164865,3.0036723503264384,-0.3392415622642545,1.815770955111256,0.2086137691487854,2.5002641287197003
33.0,188.0,1000.5426025390624,-4.38181940135786,-3.791399619586264,1.7098404302970067,3.1798392707221392,2.4726217861648565,3.003668488078424,-0.3392415622701736,1.815772654525296,0.2086141153501159,2.5002641287197003
33.0,188.0,1000.5426025390624,-4.38181940135786,-3.791399619586264,1.7098404294414218,3.179839270706791,2.472621786164998,3.003663554483168,-0.3392415623851919,1.815772652417452,0.2086218274457262,2.5002641287197003
33.0,188.0,1000.5426025390624,-4.38181940135786,-3.791399619586264,1.7098404294414218,3.179839270708765,2.472621786164881,3.003668488078424,-0.3392415622474325,1.8157726510338543,0.2086230390980571,2.5002641287197003
33.0,188.0,1000.5426025390624,-4.38181940135786,-3.791399619586264,1.7098404294414218,3.179839270708637,2.472621786164864,3.0036654808814074,-0.3392415622941276,1.8157726510338543,0.2086045384703378,2.5002641287197003
33.0,188.0,1000.5426025390624,-4.38181940135786,-3.791399619586264,1.7098404294414218,3.179839270708765,2.47262178616488,3.003668488078424,-0.3392415611011593,1.8157726510338543,0.2086223060200112,2.5002641287197003
33.0,188.0,1000.5426025390624,-4.38181940135786,-3.791399619586264,1.7098403453403448,3.179839270708793,2.472621786164863,3.003677044616322,-0.3392415623793538,1.8157727856240613,0.2086136569841203,2.5002641287197003
33.0,188.0,1000.5426025390624,-4.38181940135786,-3.791399619586264,1.7098404294414218,3.179839270708765,2.47262178616488,3.003668488078424,-0.3392415622710885,1.8157726510338543,0.2086230390980571,2.5002641287197003
33.0,188.0,1000.5426025390624,-4.38181940135786,-3.791399619586264,1.7098404294414218,3.179839270708757,2.4726217861648614,3.003667666776133,-0.339241562247788,1.8157726510338543,0.208614743559608,2.5002641287197003
33.0,188.0,1000.5426025390624,-4.38181940135786,-3.791399619586264,1.7098404294414218,3.179839270708765,2.47262178616488,3.003668488078424,-0.339241562270528,1.8157726515931216,0.2086230390980571,2.5002641287197003
33.0,188.0,1000.5426025390624,-4.38181940135786,-3.791399619586264,1.7098403353941622,3.1798392707084764,2.472621786164863,3.003668464280405,-0.3392415602942843,1.815772653960668,0.2086137716531048,2.5002641287197003
33.0,188.0,1000.5426025390624,-4.38181940135786,-3.791399619586264,1.7098404294422462,3.179839270722096,2.4726217861650213,3.0036674481036902,-0.3392415622701736,1.8157726522125663,0.2086230390980571,2.5002641287197003
33.0,188.0,1000.5426025390624,-4.38181940135786,-3.791399619586264,1.7098403452108242,3.179839270708766,2.472621786164864,3.003677044616322,-0.3392415623793538,1.8157726539566823,0.2086136569841203,2.5002641287197003
33.0,188.0,1000.5426025390624,-4.38181940135786,-3.791399619586264,1.7098404294414218,3.1798392707086403,2.4726217861648787,3.0036654808814074,-0.3392415604091006,1.8157710386035544,0.208613778620579,2.5002641287197003
33.0,188.0,1000.5426025390624,-4.38181940135786,-3.791399619586264,1.7098404294414218,3.179839270708765,2.47262178616488,3.003668488078424,-0.339241562270528,1.8157726510338543,0.2086230390980571,2.5002641287197003
33.0,188.0,1000.5426025390624,-4.38181940135786,-3.791399619586264,1.7098404302970067,3.17983927070833,2.4726217861649955,3.003668488078424,-0.3392415622701736,1.8157726646904853,0.2086143376998105,2.5002641287197003
33.0,188.0,1000.5426025390624,-4.38181940135786,-3.791399619586264,1.7098404300144514,3.1798392707084253,2.472621786164862,3.003660714415029,-0.3392415622713721,1.8157744485262013,0.2086137238544499,2.5002641287197003
33.0,188.0,1000.5426025390624,-4.38181940135786,-3.791399619586264,1.7098404294414218,3.179839270708765,2.472621786164881,3.003668488078424,-0.3392415622713455,1.8157726510338543,0.2086230390980571,2.5002641287197003
33.0,188.0,1000.5426025390624,-4.38181940135786,-3.791399619586264,1.7098403451711213,3.1798392707227703,2.4726217861648623,3.00368219255876,-0.3392415602991104,1.8157709439508591,0.2086137677655681,2.5002641287197003
33.0,188.0,1000.5426025390624,-4.38181940135786,-3.791399619586264,1.7098404294414218,3.179839270708765,2.47262178616488,3.003668488078424,-0.339241561110106,1.815772618736129,0.2086223076305391,2.5002641287197003
33.0,188.0,1000.5426025390624,-4.38181940135786,-3.791399619586264,1.7098404302970067,3.1798392707224554,2.4726217861648565,3.0036778157578023,-0.3392415622701736,1.815772646579267,0.2086141123325922,2.5002641287197003
33.0,188.0,1000.5426025390624,-4.38181940135786,-3.791399619586264,1.7098404294414218,3.179839270708765,2.47262178616488,3.003668602277252,-0.3392415611247337,1.815772619295396,0.2086223076305391,2.5002641287197003
33.0,188.0,1000.5426025390624,-4.38181940135786,-3.791399619586264,1.7098404294414218,3.1798392707086407,2.47262178616488,3.003668488078424,-0.3392415622483473,1.8157726510338543,0.2086230390980571,2.5002641287197003
33.0,188.0,1000.5426025390624,-4.38181940135786,-3.791399619586264,1.7098403353941622,3.179839270708793,2.472621786164864,3.003677791959784,-0.3392415621793114,1.8157725824985929,0.2086045753542724,2.5002641287197003
33.0,188.0,1000.5426025390624,-4.38181940135786,-3.791399619586264,1.7098404294414218,3.179839270708765,2.472621786164881,3.003668488078424,-0.3392415622701736,1.8157726510338543,0.2086230390980571,2.5002641287197003
33.0,188.0,1000.5426025390624,-4.38181940135786,-3.791399619586264,1.7098404294414218,3.179839270708765,2.47262178616488,3.003668488078424,-0.3392415622471755,1.8157726510338543,0.2086230390980571,2.5002641287197003
33.0,188.0,1000.5426025390624,-4.38181940135786,-3.791399619586264,1.709840441144125,3.179839270708574,2.47262178616488,3.003660757198738,-0.3392415621750908,1.8157744485262013,0.2086137703700644,2.5002641287197003
33.0,188.0,1000.5426025390624,-4.38181940135786,-3.791399619586264,1.7098404294414218,3.179839270708765,2.47262178616488,3.003668655372412,-0.3392415623654631,1.815772618736129,0.2086223076305391,2.5002641287197003
33.0,188.0,1000.5426025390624,-4.38181940135786,-3.791399619586264,1.7098404294414218,3.1798392707086407,2.47262178616488,3.003668488078424,-0.3392415622483473,1.8157726510338543,0.2086230390980571,2.5002641287197003
33.0,188.0,1000.5426025390624,-4.38181940135786,-3.791399619586264,1.7098404407105547,3.17983927070857,2.47262178616488,3.003668488078424,-0.339241562270528,1.8157726510338543,0.2086230390980571,2.5002641287197003
33.0,189.0,1000.5426025390624,-4.38181940135786,-3.791399619586264,1.7098404294414218,3.179839270708765,2.47262178616488,3.003668488078424,-0.339241562270528,1.8157726510338543,0.2086230390980571,2.5002641287197003
33.0,189.0,1000.5426025390624,-4.38181940135786,-3.791399619586264,1.7098403353941622,3.179839270708793,2.472621786164863,3.003677791959784,-0.3392415623558534,1.8157727856240613,0.2086136569841203,2.5002641287197003
33.0,189.0,1000.5426025390624,-4.38181940135786,-3.791399619586264,1.7098404294414218,3.179839270708765,2.472621786164881,3.003668488078424,-0.3392415622479929,1.8157726510338543,0.2086230390980571,2.5002641287197003
33.0,189.0,1000.5426025390624,-4.38181940135786,-3.791399619586264,1.7098404294414218,3.179839270708765,2.472621786164881,3.003668488078424,-0.3392415622701736,1.8157726510338543,0.2086230390980571,2.5002641287197003
33.0,189.0,1000.5426025390624,-4.38181940135786,-3.791399619586264,1.7098404294414218,3.179839270708765,2.47262178616488,3.003668488078424,-0.3392415622483473,1.8157726510338543,0.2086230390980571,2.5002641287197003
33.0,189.0,1000.5426025390624,-4.38181940135786,-3.791399619586264,1.7098404294414218,3.1798392707086403,2.4726217861648787,3.0036654808814074,-0.3392415622941276,1.8157726510338543,0.2086045853392703,2.5002641287197003
33.0,189.0,1000.5426025390624,-4.38181940135786,-3.791399619586264,1.7098404294414218,3.179839270708765,2.47262178616488,3.003668488078424,-0.339241562270528,1.8157726510338543,0.2086230390980571,2.5002641287197003
33.0,189.0,1000.5426025390624,-4.38181940135786,-3.791399619586264,1.7098403353941622,3.179839270708793,2.472621786164863,3.003677791959784,-0.3392415602942843,1.8157709700682927,0.208613768635581,2.5002641287197003
33.0,189.0,1000.5426025390624,-4.38181940135786,-3.791399619586264,1.7098404410901251,3.179839270708574,2.472621786164862,3.003660757198738,-0.3392415621750908,1.8157744485262013,0.2086137703700644,2.5002641287197003
33.0,189.0,1000.5426025390624,-4.38181940135786,-3.791399619586264,1.7098404294414218,3.179839270708765,2.47262178616488,3.003668488078424,-0.339241562270528,1.8157726510338543,0.2086230390980571,2.5002641287197003
33.0,189.0,1000.5426025390624,-4.38181940135786,-3.791399619586264,1.7098404410901251,3.179839270708817,2.472621786164862,3.003660757198738,-0.3392415621750908,1.8157744485262013,0.2086137238544499,2.5002641287197003
33.0,189.0,1000.5426025390624,-4.38181940135786,-3.791399619586264,1.7098403420858872,3.179839270709712,2.472621786164862,3.0036676782153937,-0.3392415621850866,1.815770970256744,0.2086143502420084,2.5002641287197003
33.0,189.0,1000.5426025390624,-4.38181940135786,-3.791399619586264,1.7098404294414218,3.179839270708765,2.4726217861648627,3.003668488078424,-0.339241562270528,1.8157726510338543,0.2086230390980571,2.5002641287197003
33.0,189.0,1000.5426025390624,-4.38181940135786,-3.791399619586264,1.7098403353941622,3.179839270708793,2.472621786164863,3.003677791959784,-0.3392415602942843,1.8157726460146384,0.208613768635581,2.5002641287197003
33.0,189.0,1000.5426025390624,-4.38181940135786,-3.791399619586264,1.7098403369228028,3.179839270708793,2.4726217861648467,3.003677791959784,-0.3392415623558534,1.8157727856240613,0.2086136569841203,2.5002641287197003
33.0,189.0,1000.5426025390624,-4.38181940135786,-3.791399619586264,1.7098404294414218,3.179839270708765,2.47262178616488,3.003668488078424,-0.339241561110106,1.815772619295396,0.2086223076305391,2.5002641287197003
33.0,189.0,1000.5426025390624,-4.38181940135786,-3.791399619586264,1.7098404302970067,3.1798392707221392,2.4726217861649955,3.003668488078424,-0.3392415622701736,1.8157726510338543,0.2086230390980571,2.5002641287197003
33.0,189.0,1000.5426025390624,-4.38181940135786,-3.791399619586264,1.7098404294414218,3.179839270708765,2.47262178616488,3.003668488078424,-0.339241561110106,1.815772619295396,0.2086223076305391,2.5002641287197003
33.0,189.0,1000.5426025390624,-4.38181940135786,-3.791399619586264,1.7098403353941622,3.179839270708793,2.472621786164863,3.003677791959784,-0.3392415623558534,1.8157727856240613,0.2086136569841203,2.5002641287197003
33.0,189.0,1000.5426025390624,-4.38181940135786,-3.791399619586264,1.7098404302970067,3.17983927070833,2.4726217861649955,3.003668488078424,-0.3392415622701736,1.8157726646904853,0.2086143376998105,2.5002641287197003
33.0,189.0,1000.5426025390624,-4.38181940135786,-3.791399619586264,1.7098403347843747,3.179839270709807,2.472621786164865,3.0036723503264384,-0.3392415622642545,1.815770955111256,0.2086137691487854,2.5002641287197003
33.0,189.0,1000.5426025390624,-4.38181940135786,-3.791399619586264,1.7098404302970067,3.1798392707221392,2.4726217861648565,3.003668488078424,-0.3392415622701736,1.815772654525296,0.2086141153501159,2.5002641287197003
33.0,189.0,1000.5426025390624,-4.38181940135786,-3.791399619586264,1.7098404294414218,3.179839270706791,2.472621786164998,3.003663554483168,-0.3392415623851919,1.815772652417452,0.2086218274457262,2.5002641287197003
33.0,189.0,1000.5426025390624,-4.38181940135786,-3.791399619586264,1.7098404294414218,3.179839270708765,2.472621786164881,3.003668488078424,-0.3392415622474325,1.8157726510338543,0.2086230390980571,2.5002641287197003
33.0,189.0,1000.5426025390624,-4.38181940135786,-3.791399619586264,1.7098404294414218,3.179839270708637,2.472621786164864,3.0036654808814074,-0.3392415622941276,1.8157726510338543,0.2086045384703378,2.5002641287197003
33.0,189.0,1000.5426025390624,-4.38181940135786,-3.791399619586264,1.7098404294414218,3.179839270708765,2.47262178616488,3.003668488078424,-0.3392415611011593,1.8157726510338543,0.2086223060200112,2.5002641287197003
33.0,189.0,1000.5426025390624,-4.38181940135786,-3.791399619586264,1.7098403453403448,3.179839270708793,2.472621786164863,3.003677044616322,-0.3392415623793538,1.8157727856240613,0.2086136569841203,2.5002641287197003
33.0,189.0,1000.5426025390624,-4.38181940135786,-3.791399619586264,1.7098404294414218,3.179839270708765,2.47262178616488,3.003668488078424,-0.3392415622710885,1.8157726510338543,0.2086230390980571,2.5002641287197003
33.0,189.0,1000.5426025390624,-4.38181940135786,-3.791399619586264,1.7098404294414218,3.179839270708757,2.4726217861648614,3.003667666776133,-0.339241562247788,1.8157726510338543,0.208614743559608,2.5002641287197003
33.0,189.0,1000.5426025390624,-4.38181940135786,-3.791399619586264,1.7098404294414218,3.179839270708765,2.47262178616488,3.003668488078424,-0.339241562270528,1.8157726515931216,0.2086230390980571,2.5002641287197003
33.0,189.0,1000.5426025390624,-4.38181940135786,-3.791399619586264,1.7098403353941622,3.1798392707084764,2.472621786164863,3.003668464280405,-0.3392415602942843,1.815772653960668,0.2086137716531048,2.5002641287197003
33.0,189.0,1000.5426025390624,-4.38181940135786,-3.791399619586264,1.7098404294422462,3.179839270722096,2.4726217861650213,3.0036674481036902,-0.3392415622701736,1.8157726522125663,0.2086230390980571,2.5002641287197003
33.0,189.0,1000.5426025390624,-4.38181940135786,-3.791399619586264,1.7098403452108242,3.179839270708766,2.472621786164864,3.003677044616322,-0.3392415623793538,1.8157726539566823,0.2086136569841203,2.5002641287197003
33.0,189.0,1000.5426025390624,-4.38181940135786,-3.791399619586264,1.7098404294414218,3.1798392707086403,2.4726217861648787,3.0036654808814074,-0.3392415604091006,1.8157710386035544,0.208613778620579,2.5002641287197003
33.0,189.0,1000.5426025390624,-4.38181940135786,-3.791399619586264,1.7098404294414218,3.179839270708765,2.47262178616488,3.003668488078424,-0.339241562270528,1.8157726510338543,0.2086230390980571,2.5002641287197003
33.0,189.0,1000.5426025390624,-4.38181940135786,-3.791399619586264,1.7098404302970067,3.17983927070833,2.4726217861649955,3.003668488078424,-0.3392415622701736,1.8157726646904853,0.2086143376998105,2.5002641287197003
33.0,189.0,1000.5426025390624,-4.38181940135786,-3.791399619586264,1.7098404300144514,3.1798392707084253,2.472621786164862,3.003660714415029,-0.3392415622713721,1.8157744485262013,0.2086137238544499,2.5002641287197003
33.0,189.0,1000.5426025390624,-4.38181940135786,-3.791399619586264,1.7098404294414218,3.179839270708765,2.472621786164881,3.003668488078424,-0.3392415622713455,1.8157726510338543,0.2086230390980571,2.5002641287197003
33.0,189.0,1000.5426025390624,-4.38181940135786,-3.791399619586264,1.7098403451711213,3.1798392707227703,2.4726217861648623,3.00368219255876,-0.3392415602991104,1.8157709439508591,0.2086137677655681,2.5002641287197003
33.0,189.0,1000.5426025390624,-4.38181940135786,-3.791399619586264,1.7098404294414218,3.179839270708765,2.47262178616488,3.003668488078424,-0.339241561110106,1.815772618736129,0.2086223076305391,2.5002641287197003
33.0,189.0,1000.5426025390624,-4.38181940135786,-3.791399619586264,1.7098404302970067,3.1798392707224554,2.4726217861648565,3.0036778157578023,-0.3392415622701736,1.815772646579267,0.2086141123325922,2.5002641287197003
33.0,189.0,1000.5426025390624,-4.38181940135786,-3.791399619586264,1.7098404294414218,3.179839270708765,2.47262178616488,3.003668602277252,-0.3392415611247337,1.815772619295396,0.2086223076305391,2.5002641287197003
33.0,189.0,1000.5426025390624,-4.38181940135786,-3.791399619586264,1.7098404294414218,3.1798392707086407,2.47262178616488,3.003668488078424,-0.3392415622483473,1.8157726510338543,0.2086230390980571,2.5002641287197003
33.0,189.0,1000.5426025390624,-4.38181940135786,-3.791399619586264,1.7098403353941622,3.179839270708793,2.472621786164864,3.003677791959784,-0.3392415621793114,1.8157725824985929,0.2086045753542724,2.5002641287197003
33.0,189.0,1000.5426025390624,-4.38181940135786,-3.791399619586264,1.7098404294414218,3.179839270708765,2.472621786164881,3.003668488078424,-0.3392415622701736,1.8157726510338543,0.2086230390980571,2.5002641287197003
33.0,189.0,1000.5426025390624,-4.38181940135786,-3.791399619586264,1.7098404294414218,3.179839270708765,2.47262178616488,3.003668488078424,-0.3392415622471755,1.8157726510338543,0.2086230390980571,2.5002641287197003
33.0,189.0,1000.5426025390624,-4.38181940135786,-3.791399619586264,1.709840441144125,3.179839270708574,2.47262178616488,3.003660757198738,-0.3392415621750908,1.8157744485262013,0.2086137703700644,2.5002641287197003
33.0,189.0,1000.5426025390624,-4.38181940135786,-3.791399619586264,1.7098404294414218,3.179839270708765,2.47262178616488,3.003668655372412,-0.3392415623654631,1.815772618736129,0.2086223076305391,2.5002641287197003
33.0,189.0,1000.5426025390624,-4.38181940135786,-3.791399619586264,1.7098404294414218,3.1798392707086407,2.47262178616488,3.003668488078424,-0.3392415622483473,1.8157726510338543,0.2086230390980571,2.5002641287197003
33.0,189.0,1000.5426025390624,-4.38181940135786,-3.791399619586264,1.7098404407105547,3.17983927070857,2.47262178616488,3.003668488078424,-0.339241562270528,1.8157726510338543,0.2086230390980571,2.5002641287197003
33.0,190.0,1000.5426025390624,-4.38181940135786,-3.791399619586264,1.7098404294414218,3.179839270708765,2.47262178616488,3.003668488078424,-0.339241562270528,1.8157726510338543,0.2086230390980571,2.5002641287197003
33.0,190.0,1000.5426025390624,-4.38181940135786,-3.791399619586264,1.7098403353941622,3.179839270708793,2.472621786164863,3.003677791959784,-0.3392415623558534,1.8157727856240613,0.2086136569841203,2.5002641287197003
33.0,190.0,1000.5426025390624,-4.38181940135786,-3.791399619586264,1.7098404294414218,3.179839270708765,2.472621786164881,3.003668488078424,-0.3392415622479929,1.8157726510338543,0.2086230390980571,2.5002641287197003
33.0,190.0,1000.5426025390624,-4.38181940135786,-3.791399619586264,1.7098404294414218,3.179839270708765,2.472621786164881,3.003668488078424,-0.3392415622701736,1.8157726510338543,0.2086230390980571,2.5002641287197003
33.0,190.0,1000.5426025390624,-4.38181940135786,-3.791399619586264,1.7098404294414218,3.179839270708765,2.47262178616488,3.003668488078424,-0.3392415622483473,1.8157726510338543,0.2086230390980571,2.5002641287197003
33.0,190.0,1000.5426025390624,-4.38181940135786,-3.791399619586264,1.7098404294414218,3.1798392707086403,2.4726217861648787,3.0036654808814074,-0.3392415622941276,1.8157726510338543,0.2086045853392703,2.5002641287197003
33.0,190.0,1000.5426025390624,-4.38181940135786,-3.791399619586264,1.7098404294414218,3.179839270708765,2.47262178616488,3.003668488078424,-0.339241562270528,1.8157726510338543,0.2086230390980571,2.5002641287197003
33.0,190.0,1000.5426025390624,-4.38181940135786,-3.791399619586264,1.7098403353941622,3.179839270708793,2.472621786164863,3.003677791959784,-0.3392415602942843,1.8157709700682927,0.208613768635581,2.5002641287197003
33.0,190.0,1000.5426025390624,-4.38181940135786,-3.791399619586264,1.7098404410901251,3.179839270708574,2.472621786164862,3.003660757198738,-0.3392415621750908,1.8157744485262013,0.2086137703700644,2.5002641287197003
33.0,190.0,1000.5426025390624,-4.38181940135786,-3.791399619586264,1.7098404294414218,3.179839270708765,2.47262178616488,3.003668488078424,-0.339241562270528,1.8157726510338543,0.2086230390980571,2.5002641287197003
33.0,190.0,1000.5426025390624,-4.38181940135786,-3.791399619586264,1.7098404410901251,3.179839270708817,2.472621786164862,3.003660757198738,-0.3392415621750908,1.8157744485262013,0.2086137238544499,2.5002641287197003
33.0,190.0,1000.5426025390624,-4.38181940135786,-3.791399619586264,1.7098403420858872,3.179839270709712,2.472621786164862,3.0036676782153937,-0.3392415621850866,1.815770970256744,0.2086143502420084,2.5002641287197003
33.0,190.0,1000.5426025390624,-4.38181940135786,-3.791399619586264,1.7098404294414218,3.179839270708765,2.4726217861648627,3.003668488078424,-0.339241562270528,1.8157726510338543,0.2086230390980571,2.5002641287197003
33.0,190.0,1000.5426025390624,-4.38181940135786,-3.791399619586264,1.7098403353941622,3.179839270708793,2.472621786164863,3.003677791959784,-0.3392415602942843,1.8157726460146384,0.208613768635581,2.5002641287197003
33.0,190.0,1000.5426025390624,-4.38181940135786,-3.791399619586264,1.7098403369228028,3.179839270708793,2.4726217861648467,3.003677791959784,-0.3392415623558534,1.8157727856240613,0.2086136569841203,2.5002641287197003
33.0,190.0,1000.5426025390624,-4.38181940135786,-3.791399619586264,1.7098404294414218,3.179839270708765,2.47262178616488,3.003668488078424,-0.339241561110106,1.815772619295396,0.2086223076305391,2.5002641287197003
33.0,190.0,1000.5426025390624,-4.38181940135786,-3.791399619586264,1.7098404302970067,3.1798392707221392,2.4726217861649955,3.003668488078424,-0.3392415622701736,1.8157726510338543,0.2086230390980571,2.5002641287197003
33.0,190.0,1000.5426025390624,-4.38181940135786,-3.791399619586264,1.7098404294414218,3.179839270708765,2.47262178616488,3.003668488078424,-0.339241561110106,1.815772619295396,0.2086223076305391,2.5002641287197003
33.0,190.0,1000.5426025390624,-4.38181940135786,-3.791399619586264,1.7098403353941622,3.179839270708793,2.472621786164863,3.003677791959784,-0.3392415623558534,1.8157727856240613,0.2086136569841203,2.5002641287197003
33.0,190.0,1000.5426025390624,-4.38181940135786,-3.791399619586264,1.7098404302970067,3.17983927070833,2.4726217861649955,3.003668488078424,-0.3392415622701736,1.8157726646904853,0.2086143376998105,2.5002641287197003
33.0,190.0,1000.5426025390624,-4.38181940135786,-3.791399619586264,1.7098403347843747,3.179839270709807,2.472621786164865,3.0036723503264384,-0.3392415622642545,1.815770955111256,0.2086137691487854,2.5002641287197003
33.0,190.0,1000.5426025390624,-4.38181940135786,-3.791399619586264,1.7098404302970067,3.1798392707221392,2.4726217861648565,3.003668488078424,-0.3392415622701736,1.815772654525296,0.2086141153501159,2.5002641287197003
33.0,190.0,1000.5426025390624,-4.38181940135786,-3.791399619586264,1.7098404294414218,3.179839270706791,2.472621786164998,3.003663554483168,-0.3392415623851919,1.815772652417452,0.2086218274457262,2.5002641287197003
33.0,190.0,1000.5426025390624,-4.38181940135786,-3.791399619586264,1.7098404294414218,3.179839270708765,2.472621786164881,3.003668488078424,-0.3392415622474325,1.8157726510338543,0.2086230390980571,2.5002641287197003
33.0,190.0,1000.5426025390624,-4.38181940135786,-3.791399619586264,1.7098404294414218,3.179839270708637,2.472621786164864,3.0036654808814074,-0.3392415622941276,1.8157726510338543,0.2086045384703378,2.5002641287197003
33.0,190.0,1000.5426025390624,-4.38181940135786,-3.791399619586264,1.7098404294414218,3.179839270708765,2.47262178616488,3.003668488078424,-0.3392415611011593,1.8157726510338543,0.2086223060200112,2.5002641287197003
33.0,190.0,1000.5426025390624,-4.38181940135786,-3.791399619586264,1.7098403453403448,3.179839270708793,2.472621786164863,3.003677044616322,-0.3392415623793538,1.8157727856240613,0.2086136569841203,2.5002641287197003
33.0,190.0,1000.5426025390624,-4.38181940135786,-3.791399619586264,1.7098404294414218,3.179839270708765,2.47262178616488,3.003668488078424,-0.3392415622710885,1.8157726510338543,0.2086230390980571,2.5002641287197003
33.0,190.0,1000.5426025390624,-4.38181940135786,-3.791399619586264,1.7098404294414218,3.179839270708757,2.4726217861648614,3.003667666776133,-0.339241562247788,1.8157726510338543,0.208614743559608,2.5002641287197003
33.0,190.0,1000.5426025390624,-4.38181940135786,-3.791399619586264,1.7098404294414218,3.179839270708765,2.47262178616488,3.003668488078424,-0.339241562270528,1.8157726515931216,0.2086230390980571,2.5002641287197003
33.0,190.0,1000.5426025390624,-4.38181940135786,-3.791399619586264,1.7098403353941622,3.1798392707084764,2.472621786164863,3.003668464280405,-0.3392415602942843,1.815772653960668,0.2086137716531048,2.5002641287197003
33.0,190.0,1000.5426025390624,-4.38181940135786,-3.791399619586264,1.7098404294422462,3.179839270722096,2.4726217861650213,3.0036674481036902,-0.3392415622701736,1.8157726522125663,0.2086230390980571,2.5002641287197003
33.0,190.0,1000.5426025390624,-4.38181940135786,-3.791399619586264,1.7098403452108242,3.179839270708766,2.472621786164864,3.003677044616322,-0.3392415623793538,1.8157726539566823,0.2086136569841203,2.5002641287197003
33.0,190.0,1000.5426025390624,-4.38181940135786,-3.791399619586264,1.7098404294414218,3.1798392707086403,2.4726217861648787,3.0036654808814074,-0.3392415604091006,1.8157710386035544,0.208613778620579,2.5002641287197003
33.0,190.0,1000.5426025390624,-4.38181940135786,-3.791399619586264,1.7098404294414218,3.179839270708765,2.47262178616488,3.003668488078424,-0.339241562270528,1.8157726510338543,0.2086230390980571,2.5002641287197003
33.0,190.0,1000.5426025390624,-4.38181940135786,-3.791399619586264,1.7098404302970067,3.17983927070833,2.4726217861649955,3.003668488078424,-0.3392415622701736,1.8157726646904853,0.2086143376998105,2.5002641287197003
33.0,190.0,1000.5426025390624,-4.38181940135786,-3.791399619586264,1.7098404300144514,3.1798392707084253,2.472621786164862,3.003660714415029,-0.3392415622713721,1.8157744485262013,0.2086137238544499,2.5002641287197003
33.0,190.0,1000.5426025390624,-4.38181940135786,-3.791399619586264,1.7098404294414218,3.179839270708765,2.472621786164881,3.003668488078424,-0.3392415622713455,1.8157726510338543,0.2086230390980571,2.5002641287197003
33.0,190.0,1000.5426025390624,-4.38181940135786,-3.791399619586264,1.7098403451711213,3.1798392707227703,2.4726217861648623,3.00368219255876,-0.3392415602991104,1.8157709439508591,0.2086137677655681,2.5002641287197003
33.0,190.0,1000.5426025390624,-4.38181940135786,-3.791399619586264,1.7098404294414218,3.179839270708765,2.47262178616488,3.003668488078424,-0.339241561110106,1.815772618736129,0.2086223076305391,2.5002641287197003
33.0,190.0,1000.5426025390624,-4.38181940135786,-3.791399619586264,1.7098404302970067,3.1798392707224554,2.4726217861648565,3.0036778157578023,-0.3392415622701736,1.815772646579267,0.2086141123325922,2.5002641287197003
33.0,190.0,1000.5426025390624,-4.38181940135786,-3.791399619586264,1.7098404294414218,3.179839270708765,2.47262178616488,3.003668602277252,-0.3392415611247337,1.815772619295396,0.2086223076305391,2.5002641287197003
33.0,190.0,1000.5426025390624,-4.38181940135786,-3.791399619586264,1.7098404294414218,3.1798392707086407,2.47262178616488,3.003668488078424,-0.3392415622483473,1.8157726510338543,0.2086230390980571,2.5002641287197003
33.0,190.0,1000.5426025390624,-4.38181940135786,-3.791399619586264,1.7098403353941622,3.179839270708793,2.472621786164864,3.003677791959784,-0.3392415621793114,1.8157725824985929,0.2086045753542724,2.5002641287197003
33.0,190.0,1000.5426025390624,-4.38181940135786,-3.791399619586264,1.7098404294414218,3.179839270708765,2.472621786164881,3.003668488078424,-0.3392415622701736,1.8157726510338543,0.2086230390980571,2.5002641287197003
33.0,190.0,1000.5426025390624,-4.38181940135786,-3.791399619586264,1.7098404294414218,3.179839270708765,2.47262178616488,3.003668488078424,-0.3392415622471755,1.8157726510338543,0.2086230390980571,2.5002641287197003
33.0,190.0,1000.5426025390624,-4.38181940135786,-3.791399619586264,1.709840441144125,3.179839270708574,2.47262178616488,3.003660757198738,-0.3392415621750908,1.8157744485262013,0.2086137703700644,2.5002641287197003
33.0,190.0,1000.5426025390624,-4.38181940135786,-3.791399619586264,1.7098404294414218,3.179839270708765,2.47262178616488,3.003668655372412,-0.3392415623654631,1.815772618736129,0.2086223076305391,2.5002641287197003
33.0,190.0,1000.5426025390624,-4.38181940135786,-3.791399619586264,1.7098404294414218,3.1798392707086407,2.47262178616488,3.003668488078424,-0.3392415622483473,1.8157726510338543,0.2086230390980571,2.5002641287197003
33.0,190.0,1000.5426025390624,-4.38181940135786,-3.791399619586264,1.7098404407105547,3.17983927070857,2.47262178616488,3.003668488078424,-0.339241562270528,1.8157726510338543,0.2086230390980571,2.5002641287197003
33.0,191.0,1000.5426025390624,-4.38181940135786,-3.791399619586264,1.7098404294414218,3.179839270708765,2.47262178616488,3.003668488078424,-0.339241562270528,1.8157726510338543,0.2086230390980571,2.5002641287197003
33.0,191.0,1000.5426025390624,-4.38181940135786,-3.791399619586264,1.7098403353941622,3.179839270708793,2.472621786164863,3.003677791959784,-0.3392415623558534,1.8157727856240613,0.2086136569841203,2.5002641287197003
33.0,191.0,1000.5426025390624,-4.38181940135786,-3.791399619586264,1.7098404294414218,3.179839270708765,2.472621786164881,3.003668488078424,-0.3392415622479929,1.8157726510338543,0.2086230390980571,2.5002641287197003
33.0,191.0,1000.5426025390624,-4.38181940135786,-3.791399619586264,1.7098404294414218,3.179839270708765,2.472621786164881,3.003668488078424,-0.3392415622701736,1.8157726510338543,0.2086230390980571,2.5002641287197003
33.0,191.0,1000.5426025390624,-4.38181940135786,-3.791399619586264,1.7098404294414218,3.179839270708765,2.47262178616488,3.003668488078424,-0.3392415622483473,1.8157726510338543,0.2086230390980571,2.5002641287197003
33.0,191.0,1000.5426025390624,-4.38181940135786,-3.791399619586264,1.7098404294414218,3.1798392707086403,2.4726217861648787,3.0036654808814074,-0.3392415622941276,1.8157726510338543,0.2086045853392703,2.5002641287197003
33.0,191.0,1000.5426025390624,-4.38181940135786,-3.791399619586264,1.7098404294414218,3.179839270708765,2.47262178616488,3.003668488078424,-0.339241562270528,1.8157726510338543,0.2086230390980571,2.5002641287197003
33.0,191.0,1000.5426025390624,-4.38181940135786,-3.791399619586264,1.7098403353941622,3.179839270708793,2.472621786164863,3.003677791959784,-0.3392415602942843,1.8157709700682927,0.208613768635581,2.5002641287197003
33.0,191.0,1000.5426025390624,-4.38181940135786,-3.791399619586264,1.7098404410901251,3.179839270708574,2.472621786164862,3.003660757198738,-0.3392415621750908,1.8157744485262013,0.2086137703700644,2.5002641287197003
33.0,191.0,1000.5426025390624,-4.38181940135786,-3.791399619586264,1.7098404294414218,3.179839270708765,2.47262178616488,3.003668488078424,-0.339241562270528,1.8157726510338543,0.2086230390980571,2.5002641287197003
33.0,191.0,1000.5426025390624,-4.38181940135786,-3.791399619586264,1.7098404410901251,3.179839270708817,2.472621786164862,3.003660757198738,-0.3392415621750908,1.8157744485262013,0.2086137238544499,2.5002641287197003
33.0,191.0,1000.5426025390624,-4.38181940135786,-3.791399619586264,1.7098403420858872,3.179839270709712,2.472621786164862,3.0036676782153937,-0.3392415621850866,1.815770970256744,0.2086143502420084,2.5002641287197003
33.0,191.0,1000.5426025390624,-4.38181940135786,-3.791399619586264,1.7098404294414218,3.179839270708765,2.4726217861648627,3.003668488078424,-0.339241562270528,1.8157726510338543,0.2086230390980571,2.5002641287197003
33.0,191.0,1000.5426025390624,-4.38181940135786,-3.791399619586264,1.7098403353941622,3.179839270708793,2.472621786164863,3.003677791959784,-0.3392415602942843,1.8157726460146384,0.208613768635581,2.5002641287197003
33.0,191.0,1000.5426025390624,-4.38181940135786,-3.791399619586264,1.7098403369228028,3.179839270708793,2.4726217861648467,3.003677791959784,-0.3392415623558534,1.8157727856240613,0.2086136569841203,2.5002641287197003
33.0,191.0,1000.5426025390624,-4.38181940135786,-3.791399619586264,1.7098404294414218,3.179839270708765,2.47262178616488,3.003668488078424,-0.339241561110106,1.815772619295396,0.2086223076305391,2.5002641287197003
33.0,191.0,1000.5426025390624,-4.38181940135786,-3.791399619586264,1.7098404302970067,3.1798392707221392,2.4726217861649955,3.003668488078424,-0.3392415622701736,1.8157726510338543,0.2086230390980571,2.5002641287197003
33.0,191.0,1000.5426025390624,-4.38181940135786,-3.791399619586264,1.7098404294414218,3.179839270708765,2.47262178616488,3.003668488078424,-0.339241561110106,1.815772619295396,0.2086223076305391,2.5002641287197003
33.0,191.0,1000.5426025390624,-4.38181940135786,-3.791399619586264,1.7098403353941622,3.179839270708793,2.472621786164863,3.003677791959784,-0.3392415623558534,1.8157727856240613,0.2086136569841203,2.5002641287197003
33.0,191.0,1000.5426025390624,-4.38181940135786,-3.791399619586264,1.7098404302970067,3.17983927070833,2.4726217861649955,3.003668488078424,-0.3392415622701736,1.8157726646904853,0.2086143376998105,2.5002641287197003
33.0,191.0,1000.5426025390624,-4.38181940135786,-3.791399619586264,1.7098403347843747,3.179839270709807,2.472621786164865,3.0036723503264384,-0.3392415622642545,1.815770955111256,0.2086137691487854,2.5002641287197003
33.0,191.0,1000.5426025390624,-4.38181940135786,-3.791399619586264,1.7098404302970067,3.1798392707221392,2.4726217861648565,3.003668488078424,-0.3392415622701736,1.815772654525296,0.2086141153501159,2.5002641287197003
33.0,191.0,1000.5426025390624,-4.38181940135786,-3.791399619586264,1.7098404294414218,3.179839270706791,2.472621786164998,3.003663554483168,-0.3392415623851919,1.815772652417452,0.2086218274457262,2.5002641287197003
33.0,191.0,1000.5426025390624,-4.38181940135786,-3.791399619586264,1.7098404294414218,3.179839270708765,2.472621786164881,3.003668488078424,-0.3392415622474325,1.8157726510338543,0.2086230390980571,2.5002641287197003
33.0,191.0,1000.5426025390624,-4.38181940135786,-3.791399619586264,1.7098404294414218,3.179839270708637,2.472621786164864,3.0036654808814074,-0.3392415622941276,1.8157726510338543,0.2086045384703378,2.5002641287197003
33.0,191.0,1000.5426025390624,-4.38181940135786,-3.791399619586264,1.7098404294414218,3.179839270708765,2.47262178616488,3.003668488078424,-0.3392415611011593,1.8157726510338543,0.2086223060200112,2.5002641287197003
33.0,191.0,1000.5426025390624,-4.38181940135786,-3.791399619586264,1.7098403453403448,3.179839270708793,2.472621786164863,3.003677044616322,-0.3392415623793538,1.8157727856240613,0.2086136569841203,2.5002641287197003
33.0,191.0,1000.5426025390624,-4.38181940135786,-3.791399619586264,1.7098404294414218,3.179839270708765,2.47262178616488,3.003668488078424,-0.3392415622710885,1.8157726510338543,0.2086230390980571,2.5002641287197003
33.0,191.0,1000.5426025390624,-4.38181940135786,-3.791399619586264,1.7098404294414218,3.179839270708757,2.4726217861648614,3.003667666776133,-0.339241562247788,1.8157726510338543,0.208614743559608,2.5002641287197003
33.0,191.0,1000.5426025390624,-4.38181940135786,-3.791399619586264,1.7098404294414218,3.179839270708765,2.47262178616488,3.003668488078424,-0.339241562270528,1.8157726515931216,0.2086230390980571,2.5002641287197003
33.0,191.0,1000.5426025390624,-4.38181940135786,-3.791399619586264,1.7098403353941622,3.1798392707084764,2.472621786164863,3.003668464280405,-0.3392415602942843,1.815772653960668,0.2086137716531048,2.5002641287197003
33.0,191.0,1000.5426025390624,-4.38181940135786,-3.791399619586264,1.7098404294422462,3.179839270722096,2.4726217861650213,3.0036674481036902,-0.3392415622701736,1.8157726522125663,0.2086230390980571,2.5002641287197003
33.0,191.0,1000.5426025390624,-4.38181940135786,-3.791399619586264,1.7098403452108242,3.179839270708766,2.472621786164864,3.003677044616322,-0.3392415623793538,1.8157726539566823,0.2086136569841203,2.5002641287197003
33.0,191.0,1000.5426025390624,-4.38181940135786,-3.791399619586264,1.7098404294414218,3.1798392707086403,2.4726217861648787,3.0036654808814074,-0.3392415604091006,1.8157710386035544,0.208613778620579,2.5002641287197003
33.0,191.0,1000.5426025390624,-4.38181940135786,-3.791399619586264,1.7098404294414218,3.179839270708765,2.47262178616488,3.003668488078424,-0.339241562270528,1.8157726510338543,0.2086230390980571,2.5002641287197003
33.0,191.0,1000.5426025390624,-4.38181940135786,-3.791399619586264,1.7098404302970067,3.17983927070833,2.4726217861649955,3.003668488078424,-0.3392415622701736,1.8157726646904853,0.2086143376998105,2.5002641287197003
33.0,191.0,1000.5426025390624,-4.38181940135786,-3.791399619586264,1.7098404300144514,3.1798392707084253,2.472621786164862,3.003660714415029,-0.3392415622713721,1.8157744485262013,0.2086137238544499,2.5002641287197003
33.0,191.0,1000.5426025390624,-4.38181940135786,-3.791399619586264,1.7098404294414218,3.179839270708765,2.472621786164881,3.003668488078424,-0.3392415622713455,1.8157726510338543,0.2086230390980571,2.5002641287197003
33.0,191.0,1000.5426025390624,-4.38181940135786,-3.791399619586264,1.7098403451711213,3.1798392707227703,2.4726217861648623,3.00368219255876,-0.3392415602991104,1.8157709439508591,0.2086137677655681,2.5002641287197003
33.0,191.0,1000.5426025390624,-4.38181940135786,-3.791399619586264,1.7098404294414218,3.179839270708765,2.47262178616488,3.003668488078424,-0.339241561110106,1.815772618736129,0.2086223076305391,2.5002641287197003
33.0,191.0,1000.5426025390624,-4.38181940135786,-3.791399619586264,1.7098404302970067,3.1798392707224554,2.4726217861648565,3.0036778157578023,-0.3392415622701736,1.815772646579267,0.2086141123325922,2.5002641287197003
33.0,191.0,1000.5426025390624,-4.38181940135786,-3.791399619586264,1.7098404294414218,3.179839270708765,2.47262178616488,3.003668602277252,-0.3392415611247337,1.815772619295396,0.2086223076305391,2.5002641287197003
33.0,191.0,1000.5426025390624,-4.38181940135786,-3.791399619586264,1.7098404294414218,3.1798392707086407,2.47262178616488,3.003668488078424,-0.3392415622483473,1.8157726510338543,0.2086230390980571,2.5002641287197003
33.0,191.0,1000.5426025390624,-4.38181940135786,-3.791399619586264,1.7098403353941622,3.179839270708793,2.472621786164864,3.003677791959784,-0.3392415621793114,1.8157725824985929,0.2086045753542724,2.5002641287197003
33.0,191.0,1000.5426025390624,-4.38181940135786,-3.791399619586264,1.7098404294414218,3.179839270708765,2.472621786164881,3.003668488078424,-0.3392415622701736,1.8157726510338543,0.2086230390980571,2.5002641287197003
33.0,191.0,1000.5426025390624,-4.38181940135786,-3.791399619586264,1.7098404294414218,3.179839270708765,2.47262178616488,3.003668488078424,-0.3392415622471755,1.8157726510338543,0.2086230390980571,2.5002641287197003
33.0,191.0,1000.5426025390624,-4.38181940135786,-3.791399619586264,1.709840441144125,3.179839270708574,2.47262178616488,3.003660757198738,-0.3392415621750908,1.8157744485262013,0.2086137703700644,2.5002641287197003
33.0,191.0,1000.5426025390624,-4.38181940135786,-3.791399619586264,1.7098404294414218,3.179839270708765,2.47262178616488,3.003668655372412,-0.3392415623654631,1.815772618736129,0.2086223076305391,2.5002641287197003
33.0,191.0,1000.5426025390624,-4.38181940135786,-3.791399619586264,1.7098404294414218,3.1798392707086407,2.47262178616488,3.003668488078424,-0.3392415622483473,1.8157726510338543,0.2086230390980571,2.5002641287197003
33.0,191.0,1000.5426025390624,-4.38181940135786,-3.791399619586264,1.7098404407105547,3.17983927070857,2.47262178616488,3.003668488078424,-0.339241562270528,1.8157726510338543,0.2086230390980571,2.5002641287197003
33.0,192.0,1000.5426025390624,-4.38181940135786,-3.791399619586264,1.7098404294414218,3.179839270708765,2.47262178616488,3.003668488078424,-0.339241562270528,1.8157726510338543,0.2086230390980571,2.5002641287197003
33.0,192.0,1000.5426025390624,-4.38181940135786,-3.791399619586264,1.7098403353941622,3.179839270708793,2.472621786164863,3.003677791959784,-0.3392415623558534,1.8157727856240613,0.2086136569841203,2.5002641287197003
33.0,192.0,1000.5426025390624,-4.38181940135786,-3.791399619586264,1.7098404294414218,3.179839270708765,2.472621786164881,3.003668488078424,-0.3392415622479929,1.8157726510338543,0.2086230390980571,2.5002641287197003
33.0,192.0,1000.5426025390624,-4.38181940135786,-3.791399619586264,1.7098404294414218,3.179839270708765,2.472621786164881,3.003668488078424,-0.3392415622701736,1.8157726510338543,0.2086230390980571,2.5002641287197003
33.0,192.0,1000.5426025390624,-4.38181940135786,-3.791399619586264,1.7098404294414218,3.179839270708765,2.47262178616488,3.003668488078424,-0.3392415622483473,1.8157726510338543,0.2086230390980571,2.5002641287197003
33.0,192.0,1000.5426025390624,-4.38181940135786,-3.791399619586264,1.7098404294414218,3.1798392707086403,2.4726217861648787,3.0036654808814074,-0.3392415622941276,1.8157726510338543,0.2086045853392703,2.5002641287197003
33.0,192.0,1000.5426025390624,-4.38181940135786,-3.791399619586264,1.7098404294414218,3.179839270708765,2.47262178616488,3.003668488078424,-0.339241562270528,1.8157726510338543,0.2086230390980571,2.5002641287197003
33.0,192.0,1000.5426025390624,-4.38181940135786,-3.791399619586264,1.7098403353941622,3.179839270708793,2.472621786164863,3.003677791959784,-0.3392415602942843,1.8157709700682927,0.208613768635581,2.5002641287197003
33.0,192.0,1000.5426025390624,-4.38181940135786,-3.791399619586264,1.7098404410901251,3.179839270708574,2.472621786164862,3.003660757198738,-0.3392415621750908,1.8157744485262013,0.2086137703700644,2.5002641287197003
33.0,192.0,1000.5426025390624,-4.38181940135786,-3.791399619586264,1.7098404294414218,3.179839270708765,2.47262178616488,3.003668488078424,-0.339241562270528,1.8157726510338543,0.2086230390980571,2.5002641287197003
33.0,192.0,1000.5426025390624,-4.38181940135786,-3.791399619586264,1.7098404410901251,3.179839270708817,2.472621786164862,3.003660757198738,-0.3392415621750908,1.8157744485262013,0.2086137238544499,2.5002641287197003
33.0,192.0,1000.5426025390624,-4.38181940135786,-3.791399619586264,1.7098403420858872,3.179839270709712,2.472621786164862,3.0036676782153937,-0.3392415621850866,1.815770970256744,0.2086143502420084,2.5002641287197003
33.0,192.0,1000.5426025390624,-4.38181940135786,-3.791399619586264,1.7098404294414218,3.179839270708765,2.4726217861648627,3.003668488078424,-0.339241562270528,1.8157726510338543,0.2086230390980571,2.5002641287197003
33.0,192.0,1000.5426025390624,-4.38181940135786,-3.791399619586264,1.7098403353941622,3.179839270708793,2.472621786164863,3.003677791959784,-0.3392415602942843,1.8157726460146384,0.208613768635581,2.5002641287197003
33.0,192.0,1000.5426025390624,-4.38181940135786,-3.791399619586264,1.7098403369228028,3.179839270708793,2.4726217861648467,3.003677791959784,-0.3392415623558534,1.8157727856240613,0.2086136569841203,2.5002641287197003
33.0,192.0,1000.5426025390624,-4.38181940135786,-3.791399619586264,1.7098404294414218,3.179839270708765,2.47262178616488,3.003668488078424,-0.339241561110106,1.815772619295396,0.2086223076305391,2.5002641287197003
33.0,192.0,1000.5426025390624,-4.38181940135786,-3.791399619586264,1.7098404302970067,3.1798392707221392,2.4726217861649955,3.003668488078424,-0.3392415622701736,1.8157726510338543,0.2086230390980571,2.5002641287197003
33.0,192.0,1000.5426025390624,-4.38181940135786,-3.791399619586264,1.7098404294414218,3.179839270708765,2.47262178616488,3.003668488078424,-0.339241561110106,1.815772619295396,0.2086223076305391,2.5002641287197003
33.0,192.0,1000.5426025390624,-4.38181940135786,-3.791399619586264,1.7098403353941622,3.179839270708793,2.472621786164863,3.003677791959784,-0.3392415623558534,1.8157727856240613,0.2086136569841203,2.5002641287197003
33.0,192.0,1000.5426025390624,-4.38181940135786,-3.791399619586264,1.7098404302970067,3.17983927070833,2.4726217861649955,3.003668488078424,-0.3392415622701736,1.8157726646904853,0.2086143376998105,2.5002641287197003
33.0,192.0,1000.5426025390624,-4.38181940135786,-3.791399619586264,1.7098403347843747,3.179839270709807,2.472621786164865,3.0036723503264384,-0.3392415622642545,1.815770955111256,0.2086137691487854,2.5002641287197003
33.0,192.0,1000.5426025390624,-4.38181940135786,-3.791399619586264,1.7098404302970067,3.1798392707221392,2.4726217861648565,3.003668488078424,-0.3392415622701736,1.815772654525296,0.2086141153501159,2.5002641287197003
33.0,192.0,1000.5426025390624,-4.38181940135786,-3.791399619586264,1.7098404294414218,3.179839270706791,2.472621786164998,3.003663554483168,-0.3392415623851919,1.815772652417452,0.2086218274457262,2.5002641287197003
33.0,192.0,1000.5426025390624,-4.38181940135786,-3.791399619586264,1.7098404294414218,3.179839270708765,2.472621786164881,3.003668488078424,-0.3392415622474325,1.8157726510338543,0.2086230390980571,2.5002641287197003
33.0,192.0,1000.5426025390624,-4.38181940135786,-3.791399619586264,1.7098404294414218,3.179839270708637,2.472621786164864,3.0036654808814074,-0.3392415622941276,1.8157726510338543,0.2086045384703378,2.5002641287197003
33.0,192.0,1000.5426025390624,-4.38181940135786,-3.791399619586264,1.7098404294414218,3.179839270708765,2.47262178616488,3.003668488078424,-0.3392415611011593,1.8157726510338543,0.2086223060200112,2.5002641287197003
33.0,192.0,1000.5426025390624,-4.38181940135786,-3.791399619586264,1.7098403453403448,3.179839270708793,2.472621786164863,3.003677044616322,-0.3392415623793538,1.8157727856240613,0.2086136569841203,2.5002641287197003
33.0,192.0,1000.5426025390624,-4.38181940135786,-3.791399619586264,1.7098404294414218,3.179839270708765,2.47262178616488,3.003668488078424,-0.3392415622710885,1.8157726510338543,0.2086230390980571,2.5002641287197003
33.0,192.0,1000.5426025390624,-4.38181940135786,-3.791399619586264,1.7098404294414218,3.179839270708757,2.4726217861648614,3.003667666776133,-0.339241562247788,1.8157726510338543,0.208614743559608,2.5002641287197003
33.0,192.0,1000.5426025390624,-4.38181940135786,-3.791399619586264,1.7098404294414218,3.179839270708765,2.47262178616488,3.003668488078424,-0.339241562270528,1.8157726515931216,0.2086230390980571,2.5002641287197003
33.0,192.0,1000.5426025390624,-4.38181940135786,-3.791399619586264,1.7098403353941622,3.1798392707084764,2.472621786164863,3.003668464280405,-0.3392415602942843,1.815772653960668,0.2086137716531048,2.5002641287197003
33.0,192.0,1000.5426025390624,-4.38181940135786,-3.791399619586264,1.7098404294422462,3.179839270722096,2.4726217861650213,3.0036674481036902,-0.3392415622701736,1.8157726522125663,0.2086230390980571,2.5002641287197003
33.0,192.0,1000.5426025390624,-4.38181940135786,-3.791399619586264,1.7098403452108242,3.179839270708766,2.472621786164864,3.003677044616322,-0.3392415623793538,1.8157726539566823,0.2086136569841203,2.5002641287197003
33.0,192.0,1000.5426025390624,-4.38181940135786,-3.791399619586264,1.7098404294414218,3.1798392707086403,2.4726217861648787,3.0036654808814074,-0.3392415604091006,1.8157710386035544,0.208613778620579,2.5002641287197003
33.0,192.0,1000.5426025390624,-4.38181940135786,-3.791399619586264,1.7098404294414218,3.179839270708765,2.47262178616488,3.003668488078424,-0.339241562270528,1.8157726510338543,0.2086230390980571,2.5002641287197003
33.0,192.0,1000.5426025390624,-4.38181940135786,-3.791399619586264,1.7098404302970067,3.17983927070833,2.4726217861649955,3.003668488078424,-0.3392415622701736,1.8157726646904853,0.2086143376998105,2.5002641287197003
33.0,192.0,1000.5426025390624,-4.38181940135786,-3.791399619586264,1.7098404300144514,3.1798392707084253,2.472621786164862,3.003660714415029,-0.3392415622713721,1.8157744485262013,0.2086137238544499,2.5002641287197003
33.0,192.0,1000.5426025390624,-4.38181940135786,-3.791399619586264,1.7098404294414218,3.179839270708765,2.472621786164881,3.003668488078424,-0.3392415622713455,1.8157726510338543,0.2086230390980571,2.5002641287197003
33.0,192.0,1000.5426025390624,-4.38181940135786,-3.791399619586264,1.7098403451711213,3.1798392707227703,2.4726217861648623,3.00368219255876,-0.3392415602991104,1.8157709439508591,0.2086137677655681,2.5002641287197003
33.0,192.0,1000.5426025390624,-4.38181940135786,-3.791399619586264,1.7098404294414218,3.179839270708765,2.47262178616488,3.003668488078424,-0.339241561110106,1.815772618736129,0.2086223076305391,2.5002641287197003
33.0,192.0,1000.5426025390624,-4.38181940135786,-3.791399619586264,1.7098404302970067,3.1798392707224554,2.4726217861648565,3.0036778157578023,-0.3392415622701736,1.815772646579267,0.2086141123325922,2.5002641287197003
33.0,192.0,1000.5426025390624,-4.38181940135786,-3.791399619586264,1.7098404294414218,3.179839270708765,2.47262178616488,3.003668602277252,-0.3392415611247337,1.815772619295396,0.2086223076305391,2.5002641287197003
33.0,192.0,1000.5426025390624,-4.38181940135786,-3.791399619586264,1.7098404294414218,3.1798392707086407,2.47262178616488,3.003668488078424,-0.3392415622483473,1.8157726510338543,0.2086230390980571,2.5002641287197003
33.0,192.0,1000.5426025390624,-4.38181940135786,-3.791399619586264,1.7098403353941622,3.179839270708793,2.472621786164864,3.003677791959784,-0.3392415621793114,1.8157725824985929,0.2086045753542724,2.5002641287197003
33.0,192.0,1000.5426025390624,-4.38181940135786,-3.791399619586264,1.7098404294414218,3.179839270708765,2.472621786164881,3.003668488078424,-0.3392415622701736,1.8157726510338543,0.2086230390980571,2.5002641287197003
33.0,192.0,1000.5426025390624,-4.38181940135786,-3.791399619586264,1.7098404294414218,3.179839270708765,2.47262178616488,3.003668488078424,-0.3392415622471755,1.8157726510338543,0.2086230390980571,2.5002641287197003
33.0,192.0,1000.5426025390624,-4.38181940135786,-3.791399619586264,1.709840441144125,3.179839270708574,2.47262178616488,3.003660757198738,-0.3392415621750908,1.8157744485262013,0.2086137703700644,2.5002641287197003
33.0,192.0,1000.5426025390624,-4.38181940135786,-3.791399619586264,1.7098404294414218,3.179839270708765,2.47262178616488,3.003668655372412,-0.3392415623654631,1.815772618736129,0.2086223076305391,2.5002641287197003
33.0,192.0,1000.5426025390624,-4.38181940135786,-3.791399619586264,1.7098404294414218,3.1798392707086407,2.47262178616488,3.003668488078424,-0.3392415622483473,1.8157726510338543,0.2086230390980571,2.5002641287197003
33.0,192.0,1000.5426025390624,-4.38181940135786,-3.791399619586264,1.7098404407105547,3.17983927070857,2.47262178616488,3.003668488078424,-0.339241562270528,1.8157726510338543,0.2086230390980571,2.5002641287197003
33.0,193.0,1000.5426025390624,-4.38181940135786,-3.791399619586264,1.7098404294414218,3.179839270708765,2.47262178616488,3.003668488078424,-0.339241562270528,1.8157726510338543,0.2086230390980571,2.5002641287197003
33.0,193.0,1000.5426025390624,-4.38181940135786,-3.791399619586264,1.7098403353941622,3.179839270708793,2.472621786164863,3.003677791959784,-0.3392415623558534,1.8157727856240613,0.2086136569841203,2.5002641287197003
33.0,193.0,1000.5426025390624,-4.38181940135786,-3.791399619586264,1.7098404294414218,3.179839270708765,2.472621786164881,3.003668488078424,-0.3392415622479929,1.8157726510338543,0.2086230390980571,2.5002641287197003
33.0,193.0,1000.5426025390624,-4.38181940135786,-3.791399619586264,1.7098404294414218,3.179839270708765,2.472621786164881,3.003668488078424,-0.3392415622701736,1.8157726510338543,0.2086230390980571,2.5002641287197003
33.0,193.0,1000.5426025390624,-4.38181940135786,-3.791399619586264,1.7098404294414218,3.179839270708765,2.47262178616488,3.003668488078424,-0.3392415622483473,1.8157726510338543,0.2086230390980571,2.5002641287197003
33.0,193.0,1000.5426025390624,-4.38181940135786,-3.791399619586264,1.7098404294414218,3.1798392707086403,2.4726217861648787,3.0036654808814074,-0.3392415622941276,1.8157726510338543,0.2086045853392703,2.5002641287197003
33.0,193.0,1000.5426025390624,-4.38181940135786,-3.791399619586264,1.7098404294414218,3.179839270708765,2.47262178616488,3.003668488078424,-0.339241562270528,1.8157726510338543,0.2086230390980571,2.5002641287197003
33.0,193.0,1000.5426025390624,-4.38181940135786,-3.791399619586264,1.7098403353941622,3.179839270708793,2.472621786164863,3.003677791959784,-0.3392415602942843,1.8157709700682927,0.208613768635581,2.5002641287197003
33.0,193.0,1000.5426025390624,-4.38181940135786,-3.791399619586264,1.7098404410901251,3.179839270708574,2.472621786164862,3.003660757198738,-0.3392415621750908,1.8157744485262013,0.2086137703700644,2.5002641287197003
33.0,193.0,1000.5426025390624,-4.38181940135786,-3.791399619586264,1.7098404294414218,3.179839270708765,2.47262178616488,3.003668488078424,-0.339241562270528,1.8157726510338543,0.2086230390980571,2.5002641287197003
33.0,193.0,1000.5426025390624,-4.38181940135786,-3.791399619586264,1.7098404410901251,3.179839270708817,2.472621786164862,3.003660757198738,-0.3392415621750908,1.8157744485262013,0.2086137238544499,2.5002641287197003
33.0,193.0,1000.5426025390624,-4.38181940135786,-3.791399619586264,1.7098403420858872,3.179839270709712,2.472621786164862,3.0036676782153937,-0.3392415621850866,1.815770970256744,0.2086143502420084,2.5002641287197003
33.0,193.0,1000.5426025390624,-4.38181940135786,-3.791399619586264,1.7098404294414218,3.179839270708765,2.4726217861648627,3.003668488078424,-0.339241562270528,1.8157726510338543,0.2086230390980571,2.5002641287197003
33.0,193.0,1000.5426025390624,-4.38181940135786,-3.791399619586264,1.7098403353941622,3.179839270708793,2.472621786164863,3.003677791959784,-0.3392415602942843,1.8157726460146384,0.208613768635581,2.5002641287197003
33.0,193.0,1000.5426025390624,-4.38181940135786,-3.791399619586264,1.7098403369228028,3.179839270708793,2.4726217861648467,3.003677791959784,-0.3392415623558534,1.8157727856240613,0.2086136569841203,2.5002641287197003
33.0,193.0,1000.5426025390624,-4.38181940135786,-3.791399619586264,1.7098404294414218,3.179839270708765,2.47262178616488,3.003668488078424,-0.339241561110106,1.815772619295396,0.2086223076305391,2.5002641287197003
33.0,193.0,1000.5426025390624,-4.38181940135786,-3.791399619586264,1.7098404302970067,3.1798392707221392,2.4726217861649955,3.003668488078424,-0.3392415622701736,1.8157726510338543,0.2086230390980571,2.5002641287197003
33.0,193.0,1000.5426025390624,-4.38181940135786,-3.791399619586264,1.7098404294414218,3.179839270708765,2.47262178616488,3.003668488078424,-0.339241561110106,1.815772619295396,0.2086223076305391,2.5002641287197003
33.0,193.0,1000.5426025390624,-4.38181940135786,-3.791399619586264,1.7098403353941622,3.179839270708793,2.472621786164863,3.003677791959784,-0.3392415623558534,1.8157727856240613,0.2086136569841203,2.5002641287197003
33.0,193.0,1000.5426025390624,-4.38181940135786,-3.791399619586264,1.7098404302970067,3.17983927070833,2.4726217861649955,3.003668488078424,-0.3392415622701736,1.8157726646904853,0.2086143376998105,2.5002641287197003
33.0,193.0,1000.5426025390624,-4.38181940135786,-3.791399619586264,1.7098403347843747,3.179839270709807,2.472621786164865,3.0036723503264384,-0.3392415622642545,1.815770955111256,0.2086137691487854,2.5002641287197003
33.0,193.0,1000.5426025390624,-4.38181940135786,-3.791399619586264,1.7098404302970067,3.1798392707221392,2.4726217861648565,3.003668488078424,-0.3392415622701736,1.815772654525296,0.2086141153501159,2.5002641287197003
33.0,193.0,1000.5426025390624,-4.38181940135786,-3.791399619586264,1.7098404294414218,3.179839270706791,2.472621786164998,3.003663554483168,-0.3392415623851919,1.815772652417452,0.2086218274457262,2.5002641287197003
33.0,193.0,1000.5426025390624,-4.38181940135786,-3.791399619586264,1.7098404294414218,3.179839270708765,2.472621786164881,3.003668488078424,-0.3392415622474325,1.8157726510338543,0.2086230390980571,2.5002641287197003
33.0,193.0,1000.5426025390624,-4.38181940135786,-3.791399619586264,1.7098404294414218,3.179839270708637,2.472621786164864,3.0036654808814074,-0.3392415622941276,1.8157726510338543,0.2086045384703378,2.5002641287197003
33.0,193.0,1000.5426025390624,-4.38181940135786,-3.791399619586264,1.7098404294414218,3.179839270708765,2.47262178616488,3.003668488078424,-0.3392415611011593,1.8157726510338543,0.2086223060200112,2.5002641287197003
33.0,193.0,1000.5426025390624,-4.38181940135786,-3.791399619586264,1.7098403453403448,3.179839270708793,2.472621786164863,3.003677044616322,-0.3392415623793538,1.8157727856240613,0.2086136569841203,2.5002641287197003
33.0,193.0,1000.5426025390624,-4.38181940135786,-3.791399619586264,1.7098404294414218,3.179839270708765,2.47262178616488,3.003668488078424,-0.3392415622710885,1.8157726510338543,0.2086230390980571,2.5002641287197003
33.0,193.0,1000.5426025390624,-4.38181940135786,-3.791399619586264,1.7098404294414218,3.179839270708757,2.4726217861648614,3.003667666776133,-0.339241562247788,1.8157726510338543,0.208614743559608,2.5002641287197003
33.0,193.0,1000.5426025390624,-4.38181940135786,-3.791399619586264,1.7098404294414218,3.179839270708765,2.47262178616488,3.003668488078424,-0.339241562270528,1.8157726515931216,0.2086230390980571,2.5002641287197003
33.0,193.0,1000.5426025390624,-4.38181940135786,-3.791399619586264,1.7098403353941622,3.1798392707084764,2.472621786164863,3.003668464280405,-0.3392415602942843,1.815772653960668,0.2086137716531048,2.5002641287197003
33.0,193.0,1000.5426025390624,-4.38181940135786,-3.791399619586264,1.7098404294422462,3.179839270722096,2.4726217861650213,3.0036674481036902,-0.3392415622701736,1.8157726522125663,0.2086230390980571,2.5002641287197003
33.0,193.0,1000.5426025390624,-4.38181940135786,-3.791399619586264,1.7098403452108242,3.179839270708766,2.472621786164864,3.003677044616322,-0.3392415623793538,1.8157726539566823,0.2086136569841203,2.5002641287197003
33.0,193.0,1000.5426025390624,-4.38181940135786,-3.791399619586264,1.7098404294414218,3.1798392707086403,2.4726217861648787,3.0036654808814074,-0.3392415604091006,1.8157710386035544,0.208613778620579,2.5002641287197003
33.0,193.0,1000.5426025390624,-4.38181940135786,-3.791399619586264,1.7098404294414218,3.179839270708765,2.47262178616488,3.003668488078424,-0.339241562270528,1.8157726510338543,0.2086230390980571,2.5002641287197003
33.0,193.0,1000.5426025390624,-4.38181940135786,-3.791399619586264,1.7098404302970067,3.17983927070833,2.4726217861649955,3.003668488078424,-0.3392415622701736,1.8157726646904853,0.2086143376998105,2.5002641287197003
33.0,193.0,1000.5426025390624,-4.38181940135786,-3.791399619586264,1.7098404300144514,3.1798392707084253,2.472621786164862,3.003660714415029,-0.3392415622713721,1.8157744485262013,0.2086137238544499,2.5002641287197003
33.0,193.0,1000.5426025390624,-4.38181940135786,-3.791399619586264,1.7098404294414218,3.179839270708765,2.472621786164881,3.003668488078424,-0.3392415622713455,1.8157726510338543,0.2086230390980571,2.5002641287197003
33.0,193.0,1000.5426025390624,-4.38181940135786,-3.791399619586264,1.7098403451711213,3.1798392707227703,2.4726217861648623,3.00368219255876,-0.3392415602991104,1.8157709439508591,0.2086137677655681,2.5002641287197003
33.0,193.0,1000.5426025390624,-4.38181940135786,-3.791399619586264,1.7098404294414218,3.179839270708765,2.47262178616488,3.003668488078424,-0.339241561110106,1.815772618736129,0.2086223076305391,2.5002641287197003
33.0,193.0,1000.5426025390624,-4.38181940135786,-3.791399619586264,1.7098404302970067,3.1798392707224554,2.4726217861648565,3.0036778157578023,-0.3392415622701736,1.815772646579267,0.2086141123325922,2.5002641287197003
33.0,193.0,1000.5426025390624,-4.38181940135786,-3.791399619586264,1.7098404294414218,3.179839270708765,2.47262178616488,3.003668602277252,-0.3392415611247337,1.815772619295396,0.2086223076305391,2.5002641287197003
33.0,193.0,1000.5426025390624,-4.38181940135786,-3.791399619586264,1.7098404294414218,3.1798392707086407,2.47262178616488,3.003668488078424,-0.3392415622483473,1.8157726510338543,0.2086230390980571,2.5002641287197003
33.0,193.0,1000.5426025390624,-4.38181940135786,-3.791399619586264,1.7098403353941622,3.179839270708793,2.472621786164864,3.003677791959784,-0.3392415621793114,1.8157725824985929,0.2086045753542724,2.5002641287197003
33.0,193.0,1000.5426025390624,-4.38181940135786,-3.791399619586264,1.7098404294414218,3.179839270708765,2.472621786164881,3.003668488078424,-0.3392415622701736,1.8157726510338543,0.2086230390980571,2.5002641287197003
33.0,193.0,1000.5426025390624,-4.38181940135786,-3.791399619586264,1.7098404294414218,3.179839270708765,2.47262178616488,3.003668488078424,-0.3392415622471755,1.8157726510338543,0.2086230390980571,2.5002641287197003
33.0,193.0,1000.5426025390624,-4.38181940135786,-3.791399619586264,1.709840441144125,3.179839270708574,2.47262178616488,3.003660757198738,-0.3392415621750908,1.8157744485262013,0.2086137703700644,2.5002641287197003
33.0,193.0,1000.5426025390624,-4.38181940135786,-3.791399619586264,1.7098404294414218,3.179839270708765,2.47262178616488,3.003668655372412,-0.3392415623654631,1.815772618736129,0.2086223076305391,2.5002641287197003
33.0,193.0,1000.5426025390624,-4.38181940135786,-3.791399619586264,1.7098404294414218,3.1798392707086407,2.47262178616488,3.003668488078424,-0.3392415622483473,1.8157726510338543,0.2086230390980571,2.5002641287197003
33.0,193.0,1000.5426025390624,-4.38181940135786,-3.791399619586264,1.7098404407105547,3.17983927070857,2.47262178616488,3.003668488078424,-0.339241562270528,1.8157726510338543,0.2086230390980571,2.5002641287197003
33.0,194.0,1000.5426025390624,-4.38181940135786,-3.791399619586264,1.7098404294414218,3.179839270708765,2.47262178616488,3.003668488078424,-0.339241562270528,1.8157726510338543,0.2086230390980571,2.5002641287197003
33.0,194.0,1000.5426025390624,-4.38181940135786,-3.791399619586264,1.7098403353941622,3.179839270708793,2.472621786164863,3.003677791959784,-0.3392415623558534,1.8157727856240613,0.2086136569841203,2.5002641287197003
33.0,194.0,1000.5426025390624,-4.38181940135786,-3.791399619586264,1.7098404294414218,3.179839270708765,2.472621786164881,3.003668488078424,-0.3392415622479929,1.8157726510338543,0.2086230390980571,2.5002641287197003
33.0,194.0,1000.5426025390624,-4.38181940135786,-3.791399619586264,1.7098404294414218,3.179839270708765,2.472621786164881,3.003668488078424,-0.3392415622701736,1.8157726510338543,0.2086230390980571,2.5002641287197003
33.0,194.0,1000.5426025390624,-4.38181940135786,-3.791399619586264,1.7098404294414218,3.179839270708765,2.47262178616488,3.003668488078424,-0.3392415622483473,1.8157726510338543,0.2086230390980571,2.5002641287197003
33.0,194.0,1000.5426025390624,-4.38181940135786,-3.791399619586264,1.7098404294414218,3.1798392707086403,2.4726217861648787,3.0036654808814074,-0.3392415622941276,1.8157726510338543,0.2086045853392703,2.5002641287197003
33.0,194.0,1000.5426025390624,-4.38181940135786,-3.791399619586264,1.7098404294414218,3.179839270708765,2.47262178616488,3.003668488078424,-0.339241562270528,1.8157726510338543,0.2086230390980571,2.5002641287197003
33.0,194.0,1000.5426025390624,-4.38181940135786,-3.791399619586264,1.7098403353941622,3.179839270708793,2.472621786164863,3.003677791959784,-0.3392415602942843,1.8157709700682927,0.208613768635581,2.5002641287197003
33.0,194.0,1000.5426025390624,-4.38181940135786,-3.791399619586264,1.7098404410901251,3.179839270708574,2.472621786164862,3.003660757198738,-0.3392415621750908,1.8157744485262013,0.2086137703700644,2.5002641287197003
33.0,194.0,1000.5426025390624,-4.38181940135786,-3.791399619586264,1.7098404294414218,3.179839270708765,2.47262178616488,3.003668488078424,-0.339241562270528,1.8157726510338543,0.2086230390980571,2.5002641287197003
33.0,194.0,1000.5426025390624,-4.38181940135786,-3.791399619586264,1.7098404410901251,3.179839270708817,2.472621786164862,3.003660757198738,-0.3392415621750908,1.8157744485262013,0.2086137238544499,2.5002641287197003
33.0,194.0,1000.5426025390624,-4.38181940135786,-3.791399619586264,1.7098403420858872,3.179839270709712,2.472621786164862,3.0036676782153937,-0.3392415621850866,1.815770970256744,0.2086143502420084,2.5002641287197003
33.0,194.0,1000.5426025390624,-4.38181940135786,-3.791399619586264,1.7098404294414218,3.179839270708765,2.4726217861648627,3.003668488078424,-0.339241562270528,1.8157726510338543,0.2086230390980571,2.5002641287197003
33.0,194.0,1000.5426025390624,-4.38181940135786,-3.791399619586264,1.7098403353941622,3.179839270708793,2.472621786164863,3.003677791959784,-0.3392415602942843,1.8157726460146384,0.208613768635581,2.5002641287197003
33.0,194.0,1000.5426025390624,-4.38181940135786,-3.791399619586264,1.7098403369228028,3.179839270708793,2.4726217861648467,3.003677791959784,-0.3392415623558534,1.8157727856240613,0.2086136569841203,2.5002641287197003
33.0,194.0,1000.5426025390624,-4.38181940135786,-3.791399619586264,1.7098404294414218,3.179839270708765,2.47262178616488,3.003668488078424,-0.339241561110106,1.815772619295396,0.2086223076305391,2.5002641287197003
33.0,194.0,1000.5426025390624,-4.38181940135786,-3.791399619586264,1.7098404302970067,3.1798392707221392,2.4726217861649955,3.003668488078424,-0.3392415622701736,1.8157726510338543,0.2086230390980571,2.5002641287197003
33.0,194.0,1000.5426025390624,-4.38181940135786,-3.791399619586264,1.7098404294414218,3.179839270708765,2.47262178616488,3.003668488078424,-0.339241561110106,1.815772619295396,0.2086223076305391,2.5002641287197003
33.0,194.0,1000.5426025390624,-4.38181940135786,-3.791399619586264,1.7098403353941622,3.179839270708793,2.472621786164863,3.003677791959784,-0.3392415623558534,1.8157727856240613,0.2086136569841203,2.5002641287197003
33.0,194.0,1000.5426025390624,-4.38181940135786,-3.791399619586264,1.7098404302970067,3.17983927070833,2.4726217861649955,3.003668488078424,-0.3392415622701736,1.8157726646904853,0.2086143376998105,2.5002641287197003
33.0,194.0,1000.5426025390624,-4.38181940135786,-3.791399619586264,1.7098403347843747,3.179839270709807,2.472621786164865,3.0036723503264384,-0.3392415622642545,1.815770955111256,0.2086137691487854,2.5002641287197003
33.0,194.0,1000.5426025390624,-4.38181940135786,-3.791399619586264,1.7098404302970067,3.1798392707221392,2.4726217861648565,3.003668488078424,-0.3392415622701736,1.815772654525296,0.2086141153501159,2.5002641287197003
33.0,194.0,1000.5426025390624,-4.38181940135786,-3.791399619586264,1.7098404294414218,3.179839270706791,2.472621786164998,3.003663554483168,-0.3392415623851919,1.815772652417452,0.2086218274457262,2.5002641287197003
33.0,194.0,1000.5426025390624,-4.38181940135786,-3.791399619586264,1.7098404294414218,3.179839270708765,2.472621786164881,3.003668488078424,-0.3392415622474325,1.8157726510338543,0.2086230390980571,2.5002641287197003
33.0,194.0,1000.5426025390624,-4.38181940135786,-3.791399619586264,1.7098404294414218,3.179839270708637,2.472621786164864,3.0036654808814074,-0.3392415622941276,1.8157726510338543,0.2086045384703378,2.5002641287197003
33.0,194.0,1000.5426025390624,-4.38181940135786,-3.791399619586264,1.7098404294414218,3.179839270708765,2.47262178616488,3.003668488078424,-0.3392415611011593,1.8157726510338543,0.2086223060200112,2.5002641287197003
33.0,194.0,1000.5426025390624,-4.38181940135786,-3.791399619586264,1.7098403453403448,3.179839270708793,2.472621786164863,3.003677044616322,-0.3392415623793538,1.8157727856240613,0.2086136569841203,2.5002641287197003
33.0,194.0,1000.5426025390624,-4.38181940135786,-3.791399619586264,1.7098404294414218,3.179839270708765,2.47262178616488,3.003668488078424,-0.3392415622710885,1.8157726510338543,0.2086230390980571,2.5002641287197003
33.0,194.0,1000.5426025390624,-4.38181940135786,-3.791399619586264,1.7098404294414218,3.179839270708757,2.4726217861648614,3.003667666776133,-0.339241562247788,1.8157726510338543,0.208614743559608,2.5002641287197003
33.0,194.0,1000.5426025390624,-4.38181940135786,-3.791399619586264,1.7098404294414218,3.179839270708765,2.47262178616488,3.003668488078424,-0.339241562270528,1.8157726515931216,0.2086230390980571,2.5002641287197003
33.0,194.0,1000.5426025390624,-4.38181940135786,-3.791399619586264,1.7098403353941622,3.1798392707084764,2.472621786164863,3.003668464280405,-0.3392415602942843,1.815772653960668,0.2086137716531048,2.5002641287197003
33.0,194.0,1000.5426025390624,-4.38181940135786,-3.791399619586264,1.7098404294422462,3.179839270722096,2.4726217861650213,3.0036674481036902,-0.3392415622701736,1.8157726522125663,0.2086230390980571,2.5002641287197003
33.0,194.0,1000.5426025390624,-4.38181940135786,-3.791399619586264,1.7098403452108242,3.179839270708766,2.472621786164864,3.003677044616322,-0.3392415623793538,1.8157726539566823,0.2086136569841203,2.5002641287197003
33.0,194.0,1000.5426025390624,-4.38181940135786,-3.791399619586264,1.7098404294414218,3.1798392707086403,2.4726217861648787,3.0036654808814074,-0.3392415604091006,1.8157710386035544,0.208613778620579,2.5002641287197003
33.0,194.0,1000.5426025390624,-4.38181940135786,-3.791399619586264,1.7098404294414218,3.179839270708765,2.47262178616488,3.003668488078424,-0.339241562270528,1.8157726510338543,0.2086230390980571,2.5002641287197003
33.0,194.0,1000.5426025390624,-4.38181940135786,-3.791399619586264,1.7098404302970067,3.17983927070833,2.4726217861649955,3.003668488078424,-0.3392415622701736,1.8157726646904853,0.2086143376998105,2.5002641287197003
33.0,194.0,1000.5426025390624,-4.38181940135786,-3.791399619586264,1.7098404300144514,3.1798392707084253,2.472621786164862,3.003660714415029,-0.3392415622713721,1.8157744485262013,0.2086137238544499,2.5002641287197003
33.0,194.0,1000.5426025390624,-4.38181940135786,-3.791399619586264,1.7098404294414218,3.179839270708765,2.472621786164881,3.003668488078424,-0.3392415622713455,1.8157726510338543,0.2086230390980571,2.5002641287197003
33.0,194.0,1000.5426025390624,-4.38181940135786,-3.791399619586264,1.7098403451711213,3.1798392707227703,2.4726217861648623,3.00368219255876,-0.3392415602991104,1.8157709439508591,0.2086137677655681,2.5002641287197003
33.0,194.0,1000.5426025390624,-4.38181940135786,-3.791399619586264,1.7098404294414218,3.179839270708765,2.47262178616488,3.003668488078424,-0.339241561110106,1.815772618736129,0.2086223076305391,2.5002641287197003
33.0,194.0,1000.5426025390624,-4.38181940135786,-3.791399619586264,1.7098404302970067,3.1798392707224554,2.4726217861648565,3.0036778157578023,-0.3392415622701736,1.815772646579267,0.2086141123325922,2.5002641287197003
33.0,194.0,1000.5426025390624,-4.38181940135786,-3.791399619586264,1.7098404294414218,3.179839270708765,2.47262178616488,3.003668602277252,-0.3392415611247337,1.815772619295396,0.2086223076305391,2.5002641287197003
33.0,194.0,1000.5426025390624,-4.38181940135786,-3.791399619586264,1.7098404294414218,3.1798392707086407,2.47262178616488,3.003668488078424,-0.3392415622483473,1.8157726510338543,0.2086230390980571,2.5002641287197003
33.0,194.0,1000.5426025390624,-4.38181940135786,-3.791399619586264,1.7098403353941622,3.179839270708793,2.472621786164864,3.003677791959784,-0.3392415621793114,1.8157725824985929,0.2086045753542724,2.5002641287197003
33.0,194.0,1000.5426025390624,-4.38181940135786,-3.791399619586264,1.7098404294414218,3.179839270708765,2.472621786164881,3.003668488078424,-0.3392415622701736,1.8157726510338543,0.2086230390980571,2.5002641287197003
33.0,194.0,1000.5426025390624,-4.38181940135786,-3.791399619586264,1.7098404294414218,3.179839270708765,2.47262178616488,3.003668488078424,-0.3392415622471755,1.8157726510338543,0.2086230390980571,2.5002641287197003
33.0,194.0,1000.5426025390624,-4.38181940135786,-3.791399619586264,1.709840441144125,3.179839270708574,2.47262178616488,3.003660757198738,-0.3392415621750908,1.8157744485262013,0.2086137703700644,2.5002641287197003
33.0,194.0,1000.5426025390624,-4.38181940135786,-3.791399619586264,1.7098404294414218,3.179839270708765,2.47262178616488,3.003668655372412,-0.3392415623654631,1.815772618736129,0.2086223076305391,2.5002641287197003
33.0,194.0,1000.5426025390624,-4.38181940135786,-3.791399619586264,1.7098404294414218,3.1798392707086407,2.47262178616488,3.003668488078424,-0.3392415622483473,1.8157726510338543,0.2086230390980571,2.5002641287197003
33.0,194.0,1000.5426025390624,-4.38181940135786,-3.791399619586264,1.7098404407105547,3.17983927070857,2.47262178616488,3.003668488078424,-0.339241562270528,1.8157726510338543,0.2086230390980571,2.5002641287197003
33.0,195.0,1000.5426025390624,-4.38181940135786,-3.791399619586264,1.7098404294414218,3.179839270708765,2.47262178616488,3.003668488078424,-0.339241562270528,1.8157726510338543,0.2086230390980571,2.5002641287197003
33.0,195.0,1000.5426025390624,-4.38181940135786,-3.791399619586264,1.7098403353941622,3.179839270708793,2.472621786164863,3.003677791959784,-0.3392415623558534,1.8157727856240613,0.2086136569841203,2.5002641287197003
33.0,195.0,1000.5426025390624,-4.38181940135786,-3.791399619586264,1.7098404294414218,3.179839270708765,2.472621786164881,3.003668488078424,-0.3392415622479929,1.8157726510338543,0.2086230390980571,2.5002641287197003
33.0,195.0,1000.5426025390624,-4.38181940135786,-3.791399619586264,1.7098404294414218,3.179839270708765,2.472621786164881,3.003668488078424,-0.3392415622701736,1.8157726510338543,0.2086230390980571,2.5002641287197003
33.0,195.0,1000.5426025390624,-4.38181940135786,-3.791399619586264,1.7098404294414218,3.179839270708765,2.47262178616488,3.003668488078424,-0.3392415622483473,1.8157726510338543,0.2086230390980571,2.5002641287197003
33.0,195.0,1000.5426025390624,-4.38181940135786,-3.791399619586264,1.7098404294414218,3.1798392707086403,2.4726217861648787,3.0036654808814074,-0.3392415622941276,1.8157726510338543,0.2086045853392703,2.5002641287197003
33.0,195.0,1000.5426025390624,-4.38181940135786,-3.791399619586264,1.7098404294414218,3.179839270708765,2.47262178616488,3.003668488078424,-0.339241562270528,1.8157726510338543,0.2086230390980571,2.5002641287197003
33.0,195.0,1000.5426025390624,-4.38181940135786,-3.791399619586264,1.7098403353941622,3.179839270708793,2.472621786164863,3.003677791959784,-0.3392415602942843,1.8157709700682927,0.208613768635581,2.5002641287197003
33.0,195.0,1000.5426025390624,-4.38181940135786,-3.791399619586264,1.7098404410901251,3.179839270708574,2.472621786164862,3.003660757198738,-0.3392415621750908,1.8157744485262013,0.2086137703700644,2.5002641287197003
33.0,195.0,1000.5426025390624,-4.38181940135786,-3.791399619586264,1.7098404294414218,3.179839270708765,2.47262178616488,3.003668488078424,-0.339241562270528,1.8157726510338543,0.2086230390980571,2.5002641287197003
33.0,195.0,1000.5426025390624,-4.38181940135786,-3.791399619586264,1.7098404410901251,3.179839270708817,2.472621786164862,3.003660757198738,-0.3392415621750908,1.8157744485262013,0.2086137238544499,2.5002641287197003
33.0,195.0,1000.5426025390624,-4.38181940135786,-3.791399619586264,1.7098403420858872,3.179839270709712,2.472621786164862,3.0036676782153937,-0.3392415621850866,1.815770970256744,0.2086143502420084,2.5002641287197003
33.0,195.0,1000.5426025390624,-4.38181940135786,-3.791399619586264,1.7098404294414218,3.179839270708765,2.4726217861648627,3.003668488078424,-0.339241562270528,1.8157726510338543,0.2086230390980571,2.5002641287197003
33.0,195.0,1000.5426025390624,-4.38181940135786,-3.791399619586264,1.7098403353941622,3.179839270708793,2.472621786164863,3.003677791959784,-0.3392415602942843,1.8157726460146384,0.208613768635581,2.5002641287197003
33.0,195.0,1000.5426025390624,-4.38181940135786,-3.791399619586264,1.7098403369228028,3.179839270708793,2.4726217861648467,3.003677791959784,-0.3392415623558534,1.8157727856240613,0.2086136569841203,2.5002641287197003
33.0,195.0,1000.5426025390624,-4.38181940135786,-3.791399619586264,1.7098404294414218,3.179839270708765,2.47262178616488,3.003668488078424,-0.339241561110106,1.815772619295396,0.2086223076305391,2.5002641287197003
33.0,195.0,1000.5426025390624,-4.38181940135786,-3.791399619586264,1.7098404302970067,3.1798392707221392,2.4726217861649955,3.003668488078424,-0.3392415622701736,1.8157726510338543,0.2086230390980571,2.5002641287197003
33.0,195.0,1000.5426025390624,-4.38181940135786,-3.791399619586264,1.7098404294414218,3.179839270708765,2.47262178616488,3.003668488078424,-0.339241561110106,1.815772619295396,0.2086223076305391,2.5002641287197003
33.0,195.0,1000.5426025390624,-4.38181940135786,-3.791399619586264,1.7098403353941622,3.179839270708793,2.472621786164863,3.003677791959784,-0.3392415623558534,1.8157727856240613,0.2086136569841203,2.5002641287197003
33.0,195.0,1000.5426025390624,-4.38181940135786,-3.791399619586264,1.7098404302970067,3.17983927070833,2.4726217861649955,3.003668488078424,-0.3392415622701736,1.8157726646904853,0.2086143376998105,2.5002641287197003
33.0,195.0,1000.5426025390624,-4.38181940135786,-3.791399619586264,1.7098403347843747,3.179839270709807,2.472621786164865,3.0036723503264384,-0.3392415622642545,1.815770955111256,0.2086137691487854,2.5002641287197003
33.0,195.0,1000.5426025390624,-4.38181940135786,-3.791399619586264,1.7098404302970067,3.1798392707221392,2.4726217861648565,3.003668488078424,-0.3392415622701736,1.815772654525296,0.2086141153501159,2.5002641287197003
33.0,195.0,1000.5426025390624,-4.38181940135786,-3.791399619586264,1.7098404294414218,3.179839270706791,2.472621786164998,3.003663554483168,-0.3392415623851919,1.815772652417452,0.2086218274457262,2.5002641287197003
33.0,195.0,1000.5426025390624,-4.38181940135786,-3.791399619586264,1.7098404294414218,3.179839270708765,2.472621786164881,3.003668488078424,-0.3392415622474325,1.8157726510338543,0.2086230390980571,2.5002641287197003
33.0,195.0,1000.5426025390624,-4.38181940135786,-3.791399619586264,1.7098404294414218,3.179839270708637,2.472621786164864,3.0036654808814074,-0.3392415622941276,1.8157726510338543,0.2086045384703378,2.5002641287197003
33.0,195.0,1000.5426025390624,-4.38181940135786,-3.791399619586264,1.7098404294414218,3.179839270708765,2.47262178616488,3.003668488078424,-0.3392415611011593,1.8157726510338543,0.2086223060200112,2.5002641287197003
33.0,195.0,1000.5426025390624,-4.38181940135786,-3.791399619586264,1.7098403453403448,3.179839270708793,2.472621786164863,3.003677044616322,-0.3392415623793538,1.8157727856240613,0.2086136569841203,2.5002641287197003
33.0,195.0,1000.5426025390624,-4.38181940135786,-3.791399619586264,1.7098404294414218,3.179839270708765,2.47262178616488,3.003668488078424,-0.3392415622710885,1.8157726510338543,0.2086230390980571,2.5002641287197003
33.0,195.0,1000.5426025390624,-4.38181940135786,-3.791399619586264,1.7098404294414218,3.179839270708757,2.4726217861648614,3.003667666776133,-0.339241562247788,1.8157726510338543,0.208614743559608,2.5002641287197003
33.0,195.0,1000.5426025390624,-4.38181940135786,-3.791399619586264,1.7098404294414218,3.179839270708765,2.47262178616488,3.003668488078424,-0.339241562270528,1.8157726515931216,0.2086230390980571,2.5002641287197003
33.0,195.0,1000.5426025390624,-4.38181940135786,-3.791399619586264,1.7098403353941622,3.1798392707084764,2.472621786164863,3.003668464280405,-0.3392415602942843,1.815772653960668,0.2086137716531048,2.5002641287197003
33.0,195.0,1000.5426025390624,-4.38181940135786,-3.791399619586264,1.7098404294422462,3.179839270722096,2.4726217861650213,3.0036674481036902,-0.3392415622701736,1.8157726522125663,0.2086230390980571,2.5002641287197003
33.0,195.0,1000.5426025390624,-4.38181940135786,-3.791399619586264,1.7098403452108242,3.179839270708766,2.472621786164864,3.003677044616322,-0.3392415623793538,1.8157726539566823,0.2086136569841203,2.5002641287197003
33.0,195.0,1000.5426025390624,-4.38181940135786,-3.791399619586264,1.7098404294414218,3.1798392707086403,2.4726217861648787,3.0036654808814074,-0.3392415604091006,1.8157710386035544,0.208613778620579,2.5002641287197003
33.0,195.0,1000.5426025390624,-4.38181940135786,-3.791399619586264,1.7098404294414218,3.179839270708765,2.47262178616488,3.003668488078424,-0.339241562270528,1.8157726510338543,0.2086230390980571,2.5002641287197003
33.0,195.0,1000.5426025390624,-4.38181940135786,-3.791399619586264,1.7098404302970067,3.17983927070833,2.4726217861649955,3.003668488078424,-0.3392415622701736,1.8157726646904853,0.2086143376998105,2.5002641287197003
33.0,195.0,1000.5426025390624,-4.38181940135786,-3.791399619586264,1.7098404300144514,3.1798392707084253,2.472621786164862,3.003660714415029,-0.3392415622713721,1.8157744485262013,0.2086137238544499,2.5002641287197003
33.0,195.0,1000.5426025390624,-4.38181940135786,-3.791399619586264,1.7098404294414218,3.179839270708765,2.472621786164881,3.003668488078424,-0.3392415622713455,1.8157726510338543,0.2086230390980571,2.5002641287197003
33.0,195.0,1000.5426025390624,-4.38181940135786,-3.791399619586264,1.7098403451711213,3.1798392707227703,2.4726217861648623,3.00368219255876,-0.3392415602991104,1.8157709439508591,0.2086137677655681,2.5002641287197003
33.0,195.0,1000.5426025390624,-4.38181940135786,-3.791399619586264,1.7098404294414218,3.179839270708765,2.47262178616488,3.003668488078424,-0.339241561110106,1.815772618736129,0.2086223076305391,2.5002641287197003
33.0,195.0,1000.5426025390624,-4.38181940135786,-3.791399619586264,1.7098404302970067,3.1798392707224554,2.4726217861648565,3.0036778157578023,-0.3392415622701736,1.815772646579267,0.2086141123325922,2.5002641287197003
33.0,195.0,1000.5426025390624,-4.38181940135786,-3.791399619586264,1.7098404294414218,3.179839270708765,2.47262178616488,3.003668602277252,-0.3392415611247337,1.815772619295396,0.2086223076305391,2.5002641287197003
33.0,195.0,1000.5426025390624,-4.38181940135786,-3.791399619586264,1.7098404294414218,3.1798392707086407,2.47262178616488,3.003668488078424,-0.3392415622483473,1.8157726510338543,0.2086230390980571,2.5002641287197003
33.0,195.0,1000.5426025390624,-4.38181940135786,-3.791399619586264,1.7098403353941622,3.179839270708793,2.472621786164864,3.003677791959784,-0.3392415621793114,1.8157725824985929,0.2086045753542724,2.5002641287197003
33.0,195.0,1000.5426025390624,-4.38181940135786,-3.791399619586264,1.7098404294414218,3.179839270708765,2.472621786164881,3.003668488078424,-0.3392415622701736,1.8157726510338543,0.2086230390980571,2.5002641287197003
33.0,195.0,1000.5426025390624,-4.38181940135786,-3.791399619586264,1.7098404294414218,3.179839270708765,2.47262178616488,3.003668488078424,-0.3392415622471755,1.8157726510338543,0.2086230390980571,2.5002641287197003
33.0,195.0,1000.5426025390624,-4.38181940135786,-3.791399619586264,1.709840441144125,3.179839270708574,2.47262178616488,3.003660757198738,-0.3392415621750908,1.8157744485262013,0.2086137703700644,2.5002641287197003
33.0,195.0,1000.5426025390624,-4.38181940135786,-3.791399619586264,1.7098404294414218,3.179839270708765,2.47262178616488,3.003668655372412,-0.3392415623654631,1.815772618736129,0.2086223076305391,2.5002641287197003
33.0,195.0,1000.5426025390624,-4.38181940135786,-3.791399619586264,1.7098404294414218,3.1798392707086407,2.47262178616488,3.003668488078424,-0.3392415622483473,1.8157726510338543,0.2086230390980571,2.5002641287197003
33.0,195.0,1000.5426025390624,-4.38181940135786,-3.791399619586264,1.7098404407105547,3.17983927070857,2.47262178616488,3.003668488078424,-0.339241562270528,1.8157726510338543,0.2086230390980571,2.5002641287197003
33.0,196.0,1000.5426025390624,-4.38181940135786,-3.791399619586264,1.7098404294414218,3.179839270708765,2.47262178616488,3.003668488078424,-0.339241562270528,1.8157726510338543,0.2086230390980571,2.5002641287197003
33.0,196.0,1000.5426025390624,-4.38181940135786,-3.791399619586264,1.7098403353941622,3.179839270708793,2.472621786164863,3.003677791959784,-0.3392415623558534,1.8157727856240613,0.2086136569841203,2.5002641287197003
33.0,196.0,1000.5426025390624,-4.38181940135786,-3.791399619586264,1.7098404294414218,3.179839270708765,2.472621786164881,3.003668488078424,-0.3392415622479929,1.8157726510338543,0.2086230390980571,2.5002641287197003
33.0,196.0,1000.5426025390624,-4.38181940135786,-3.791399619586264,1.7098404294414218,3.179839270708765,2.472621786164881,3.003668488078424,-0.3392415622701736,1.8157726510338543,0.2086230390980571,2.5002641287197003
33.0,196.0,1000.5426025390624,-4.38181940135786,-3.791399619586264,1.7098404294414218,3.179839270708765,2.47262178616488,3.003668488078424,-0.3392415622483473,1.8157726510338543,0.2086230390980571,2.5002641287197003
33.0,196.0,1000.5426025390624,-4.38181940135786,-3.791399619586264,1.7098404294414218,3.1798392707086403,2.4726217861648787,3.0036654808814074,-0.3392415622941276,1.8157726510338543,0.2086045853392703,2.5002641287197003
33.0,196.0,1000.5426025390624,-4.38181940135786,-3.791399619586264,1.7098404294414218,3.179839270708765,2.47262178616488,3.003668488078424,-0.339241562270528,1.8157726510338543,0.2086230390980571,2.5002641287197003
33.0,196.0,1000.5426025390624,-4.38181940135786,-3.791399619586264,1.7098403353941622,3.179839270708793,2.472621786164863,3.003677791959784,-0.3392415602942843,1.8157709700682927,0.208613768635581,2.5002641287197003
33.0,196.0,1000.5426025390624,-4.38181940135786,-3.791399619586264,1.7098404410901251,3.179839270708574,2.472621786164862,3.003660757198738,-0.3392415621750908,1.8157744485262013,0.2086137703700644,2.5002641287197003
33.0,196.0,1000.5426025390624,-4.38181940135786,-3.791399619586264,1.7098404294414218,3.179839270708765,2.47262178616488,3.003668488078424,-0.339241562270528,1.8157726510338543,0.2086230390980571,2.5002641287197003
33.0,196.0,1000.5426025390624,-4.38181940135786,-3.791399619586264,1.7098404410901251,3.179839270708817,2.472621786164862,3.003660757198738,-0.3392415621750908,1.8157744485262013,0.2086137238544499,2.5002641287197003
33.0,196.0,1000.5426025390624,-4.38181940135786,-3.791399619586264,1.7098403420858872,3.179839270709712,2.472621786164862,3.0036676782153937,-0.3392415621850866,1.815770970256744,0.2086143502420084,2.5002641287197003
33.0,196.0,1000.5426025390624,-4.38181940135786,-3.791399619586264,1.7098404294414218,3.179839270708765,2.4726217861648627,3.003668488078424,-0.339241562270528,1.8157726510338543,0.2086230390980571,2.5002641287197003
33.0,196.0,1000.5426025390624,-4.38181940135786,-3.791399619586264,1.7098403353941622,3.179839270708793,2.472621786164863,3.003677791959784,-0.3392415602942843,1.8157726460146384,0.208613768635581,2.5002641287197003
33.0,196.0,1000.5426025390624,-4.38181940135786,-3.791399619586264,1.7098403369228028,3.179839270708793,2.4726217861648467,3.003677791959784,-0.3392415623558534,1.8157727856240613,0.2086136569841203,2.5002641287197003
33.0,196.0,1000.5426025390624,-4.38181940135786,-3.791399619586264,1.7098404294414218,3.179839270708765,2.47262178616488,3.003668488078424,-0.339241561110106,1.815772619295396,0.2086223076305391,2.5002641287197003
33.0,196.0,1000.5426025390624,-4.38181940135786,-3.791399619586264,1.7098404302970067,3.1798392707221392,2.4726217861649955,3.003668488078424,-0.3392415622701736,1.8157726510338543,0.2086230390980571,2.5002641287197003
33.0,196.0,1000.5426025390624,-4.38181940135786,-3.791399619586264,1.7098404294414218,3.179839270708765,2.47262178616488,3.003668488078424,-0.339241561110106,1.815772619295396,0.2086223076305391,2.5002641287197003
33.0,196.0,1000.5426025390624,-4.38181940135786,-3.791399619586264,1.7098403353941622,3.179839270708793,2.472621786164863,3.003677791959784,-0.3392415623558534,1.8157727856240613,0.2086136569841203,2.5002641287197003
33.0,196.0,1000.5426025390624,-4.38181940135786,-3.791399619586264,1.7098404302970067,3.17983927070833,2.4726217861649955,3.003668488078424,-0.3392415622701736,1.8157726646904853,0.2086143376998105,2.5002641287197003
33.0,196.0,1000.5426025390624,-4.38181940135786,-3.791399619586264,1.7098403347843747,3.179839270709807,2.472621786164865,3.0036723503264384,-0.3392415622642545,1.815770955111256,0.2086137691487854,2.5002641287197003
33.0,196.0,1000.5426025390624,-4.38181940135786,-3.791399619586264,1.7098404302970067,3.1798392707221392,2.4726217861648565,3.003668488078424,-0.3392415622701736,1.815772654525296,0.2086141153501159,2.5002641287197003
33.0,196.0,1000.5426025390624,-4.38181940135786,-3.791399619586264,1.7098404294414218,3.179839270706791,2.472621786164998,3.003663554483168,-0.3392415623851919,1.815772652417452,0.2086218274457262,2.5002641287197003
33.0,196.0,1000.5426025390624,-4.38181940135786,-3.791399619586264,1.7098404294414218,3.179839270708765,2.472621786164881,3.003668488078424,-0.3392415622474325,1.8157726510338543,0.2086230390980571,2.5002641287197003
33.0,196.0,1000.5426025390624,-4.38181940135786,-3.791399619586264,1.7098404294414218,3.179839270708637,2.472621786164864,3.0036654808814074,-0.3392415622941276,1.8157726510338543,0.2086045384703378,2.5002641287197003
33.0,196.0,1000.5426025390624,-4.38181940135786,-3.791399619586264,1.7098404294414218,3.179839270708765,2.47262178616488,3.003668488078424,-0.3392415611011593,1.8157726510338543,0.2086223060200112,2.5002641287197003
33.0,196.0,1000.5426025390624,-4.38181940135786,-3.791399619586264,1.7098403453403448,3.179839270708793,2.472621786164863,3.003677044616322,-0.3392415623793538,1.8157727856240613,0.2086136569841203,2.5002641287197003
33.0,196.0,1000.5426025390624,-4.38181940135786,-3.791399619586264,1.7098404294414218,3.179839270708765,2.47262178616488,3.003668488078424,-0.3392415622710885,1.8157726510338543,0.2086230390980571,2.5002641287197003
33.0,196.0,1000.5426025390624,-4.38181940135786,-3.791399619586264,1.7098404294414218,3.179839270708757,2.4726217861648614,3.003667666776133,-0.339241562247788,1.8157726510338543,0.208614743559608,2.5002641287197003
33.0,196.0,1000.5426025390624,-4.38181940135786,-3.791399619586264,1.7098404294414218,3.179839270708765,2.47262178616488,3.003668488078424,-0.339241562270528,1.8157726515931216,0.2086230390980571,2.5002641287197003
33.0,196.0,1000.5426025390624,-4.38181940135786,-3.791399619586264,1.7098403353941622,3.1798392707084764,2.472621786164863,3.003668464280405,-0.3392415602942843,1.815772653960668,0.2086137716531048,2.5002641287197003
33.0,196.0,1000.5426025390624,-4.38181940135786,-3.791399619586264,1.7098404294422462,3.179839270722096,2.4726217861650213,3.0036674481036902,-0.3392415622701736,1.8157726522125663,0.2086230390980571,2.5002641287197003
33.0,196.0,1000.5426025390624,-4.38181940135786,-3.791399619586264,1.7098403452108242,3.179839270708766,2.472621786164864,3.003677044616322,-0.3392415623793538,1.8157726539566823,0.2086136569841203,2.5002641287197003
33.0,196.0,1000.5426025390624,-4.38181940135786,-3.791399619586264,1.7098404294414218,3.1798392707086403,2.4726217861648787,3.0036654808814074,-0.3392415604091006,1.8157710386035544,0.208613778620579,2.5002641287197003
33.0,196.0,1000.5426025390624,-4.38181940135786,-3.791399619586264,1.7098404294414218,3.179839270708765,2.47262178616488,3.003668488078424,-0.339241562270528,1.8157726510338543,0.2086230390980571,2.5002641287197003
33.0,196.0,1000.5426025390624,-4.38181940135786,-3.791399619586264,1.7098404302970067,3.17983927070833,2.4726217861649955,3.003668488078424,-0.3392415622701736,1.8157726646904853,0.2086143376998105,2.5002641287197003
33.0,196.0,1000.5426025390624,-4.38181940135786,-3.791399619586264,1.7098404300144514,3.1798392707084253,2.472621786164862,3.003660714415029,-0.3392415622713721,1.8157744485262013,0.2086137238544499,2.5002641287197003
33.0,196.0,1000.5426025390624,-4.38181940135786,-3.791399619586264,1.7098404294414218,3.179839270708765,2.472621786164881,3.003668488078424,-0.3392415622713455,1.8157726510338543,0.2086230390980571,2.5002641287197003
33.0,196.0,1000.5426025390624,-4.38181940135786,-3.791399619586264,1.7098403451711213,3.1798392707227703,2.4726217861648623,3.00368219255876,-0.3392415602991104,1.8157709439508591,0.2086137677655681,2.5002641287197003
33.0,196.0,1000.5426025390624,-4.38181940135786,-3.791399619586264,1.7098404294414218,3.179839270708765,2.47262178616488,3.003668488078424,-0.339241561110106,1.815772618736129,0.2086223076305391,2.5002641287197003
33.0,196.0,1000.5426025390624,-4.38181940135786,-3.791399619586264,1.7098404302970067,3.1798392707224554,2.4726217861648565,3.0036778157578023,-0.3392415622701736,1.815772646579267,0.2086141123325922,2.5002641287197003
33.0,196.0,1000.5426025390624,-4.38181940135786,-3.791399619586264,1.7098404294414218,3.179839270708765,2.47262178616488,3.003668602277252,-0.3392415611247337,1.815772619295396,0.2086223076305391,2.5002641287197003
33.0,196.0,1000.5426025390624,-4.38181940135786,-3.791399619586264,1.7098404294414218,3.1798392707086407,2.47262178616488,3.003668488078424,-0.3392415622483473,1.8157726510338543,0.2086230390980571,2.5002641287197003
33.0,196.0,1000.5426025390624,-4.38181940135786,-3.791399619586264,1.7098403353941622,3.179839270708793,2.472621786164864,3.003677791959784,-0.3392415621793114,1.8157725824985929,0.2086045753542724,2.5002641287197003
33.0,196.0,1000.5426025390624,-4.38181940135786,-3.791399619586264,1.7098404294414218,3.179839270708765,2.472621786164881,3.003668488078424,-0.3392415622701736,1.8157726510338543,0.2086230390980571,2.5002641287197003
33.0,196.0,1000.5426025390624,-4.38181940135786,-3.791399619586264,1.7098404294414218,3.179839270708765,2.47262178616488,3.003668488078424,-0.3392415622471755,1.8157726510338543,0.2086230390980571,2.5002641287197003
33.0,196.0,1000.5426025390624,-4.38181940135786,-3.791399619586264,1.709840441144125,3.179839270708574,2.47262178616488,3.003660757198738,-0.3392415621750908,1.8157744485262013,0.2086137703700644,2.5002641287197003
33.0,196.0,1000.5426025390624,-4.38181940135786,-3.791399619586264,1.7098404294414218,3.179839270708765,2.47262178616488,3.003668655372412,-0.3392415623654631,1.815772618736129,0.2086223076305391,2.5002641287197003
33.0,196.0,1000.5426025390624,-4.38181940135786,-3.791399619586264,1.7098404294414218,3.1798392707086407,2.47262178616488,3.003668488078424,-0.3392415622483473,1.8157726510338543,0.2086230390980571,2.5002641287197003
33.0,196.0,1000.5426025390624,-4.38181940135786,-3.791399619586264,1.7098404407105547,3.17983927070857,2.47262178616488,3.003668488078424,-0.339241562270528,1.8157726510338543,0.2086230390980571,2.5002641287197003
33.0,197.0,1000.5426025390624,-4.38181940135786,-3.791399619586264,1.7098404294414218,3.179839270708765,2.47262178616488,3.003668488078424,-0.339241562270528,1.8157726510338543,0.2086230390980571,2.5002641287197003
33.0,197.0,1000.5426025390624,-4.38181940135786,-3.791399619586264,1.7098403353941622,3.179839270708793,2.472621786164863,3.003677791959784,-0.3392415623558534,1.8157727856240613,0.2086136569841203,2.5002641287197003
33.0,197.0,1000.5426025390624,-4.38181940135786,-3.791399619586264,1.7098404294414218,3.179839270708765,2.472621786164881,3.003668488078424,-0.3392415622479929,1.8157726510338543,0.2086230390980571,2.5002641287197003
33.0,197.0,1000.5426025390624,-4.38181940135786,-3.791399619586264,1.7098404294414218,3.179839270708765,2.472621786164881,3.003668488078424,-0.3392415622701736,1.8157726510338543,0.2086230390980571,2.5002641287197003
33.0,197.0,1000.5426025390624,-4.38181940135786,-3.791399619586264,1.7098404294414218,3.179839270708765,2.47262178616488,3.003668488078424,-0.3392415622483473,1.8157726510338543,0.2086230390980571,2.5002641287197003
33.0,197.0,1000.5426025390624,-4.38181940135786,-3.791399619586264,1.7098404294414218,3.1798392707086403,2.4726217861648787,3.0036654808814074,-0.3392415622941276,1.8157726510338543,0.2086045853392703,2.5002641287197003
33.0,197.0,1000.5426025390624,-4.38181940135786,-3.791399619586264,1.7098404294414218,3.179839270708765,2.47262178616488,3.003668488078424,-0.339241562270528,1.8157726510338543,0.2086230390980571,2.5002641287197003
33.0,197.0,1000.5426025390624,-4.38181940135786,-3.791399619586264,1.7098403353941622,3.179839270708793,2.472621786164863,3.003677791959784,-0.3392415602942843,1.8157709700682927,0.208613768635581,2.5002641287197003
33.0,197.0,1000.5426025390624,-4.38181940135786,-3.791399619586264,1.7098404410901251,3.179839270708574,2.472621786164862,3.003660757198738,-0.3392415621750908,1.8157744485262013,0.2086137703700644,2.5002641287197003
33.0,197.0,1000.5426025390624,-4.38181940135786,-3.791399619586264,1.7098404294414218,3.179839270708765,2.47262178616488,3.003668488078424,-0.339241562270528,1.8157726510338543,0.2086230390980571,2.5002641287197003
33.0,197.0,1000.5426025390624,-4.38181940135786,-3.791399619586264,1.7098404410901251,3.179839270708817,2.472621786164862,3.003660757198738,-0.3392415621750908,1.8157744485262013,0.2086137238544499,2.5002641287197003
33.0,197.0,1000.5426025390624,-4.38181940135786,-3.791399619586264,1.7098403420858872,3.179839270709712,2.472621786164862,3.0036676782153937,-0.3392415621850866,1.815770970256744,0.2086143502420084,2.5002641287197003
33.0,197.0,1000.5426025390624,-4.38181940135786,-3.791399619586264,1.7098404294414218,3.179839270708765,2.4726217861648627,3.003668488078424,-0.339241562270528,1.8157726510338543,0.2086230390980571,2.5002641287197003
33.0,197.0,1000.5426025390624,-4.38181940135786,-3.791399619586264,1.7098403353941622,3.179839270708793,2.472621786164863,3.003677791959784,-0.3392415602942843,1.8157726460146384,0.208613768635581,2.5002641287197003
33.0,197.0,1000.5426025390624,-4.38181940135786,-3.791399619586264,1.7098403369228028,3.179839270708793,2.4726217861648467,3.003677791959784,-0.3392415623558534,1.8157727856240613,0.2086136569841203,2.5002641287197003
33.0,197.0,1000.5426025390624,-4.38181940135786,-3.791399619586264,1.7098404294414218,3.179839270708765,2.47262178616488,3.003668488078424,-0.339241561110106,1.815772619295396,0.2086223076305391,2.5002641287197003
33.0,197.0,1000.5426025390624,-4.38181940135786,-3.791399619586264,1.7098404302970067,3.1798392707221392,2.4726217861649955,3.003668488078424,-0.3392415622701736,1.8157726510338543,0.2086230390980571,2.5002641287197003
33.0,197.0,1000.5426025390624,-4.38181940135786,-3.791399619586264,1.7098404294414218,3.179839270708765,2.47262178616488,3.003668488078424,-0.339241561110106,1.815772619295396,0.2086223076305391,2.5002641287197003
33.0,197.0,1000.5426025390624,-4.38181940135786,-3.791399619586264,1.7098403353941622,3.179839270708793,2.472621786164863,3.003677791959784,-0.3392415623558534,1.8157727856240613,0.2086136569841203,2.5002641287197003
33.0,197.0,1000.5426025390624,-4.38181940135786,-3.791399619586264,1.7098404302970067,3.17983927070833,2.4726217861649955,3.003668488078424,-0.3392415622701736,1.8157726646904853,0.2086143376998105,2.5002641287197003
33.0,197.0,1000.5426025390624,-4.38181940135786,-3.791399619586264,1.7098403347843747,3.179839270709807,2.472621786164865,3.0036723503264384,-0.3392415622642545,1.815770955111256,0.2086137691487854,2.5002641287197003
33.0,197.0,1000.5426025390624,-4.38181940135786,-3.791399619586264,1.7098404302970067,3.1798392707221392,2.4726217861648565,3.003668488078424,-0.3392415622701736,1.815772654525296,0.2086141153501159,2.5002641287197003
33.0,197.0,1000.5426025390624,-4.38181940135786,-3.791399619586264,1.7098404294414218,3.179839270706791,2.472621786164998,3.003663554483168,-0.3392415623851919,1.815772652417452,0.2086218274457262,2.5002641287197003
33.0,197.0,1000.5426025390624,-4.38181940135786,-3.791399619586264,1.7098404294414218,3.179839270708765,2.472621786164881,3.003668488078424,-0.3392415622474325,1.8157726510338543,0.2086230390980571,2.5002641287197003
33.0,197.0,1000.5426025390624,-4.38181940135786,-3.791399619586264,1.7098404294414218,3.179839270708637,2.472621786164864,3.0036654808814074,-0.3392415622941276,1.8157726510338543,0.2086045384703378,2.5002641287197003
33.0,197.0,1000.5426025390624,-4.38181940135786,-3.791399619586264,1.7098404294414218,3.179839270708765,2.47262178616488,3.003668488078424,-0.3392415611011593,1.8157726510338543,0.2086223060200112,2.5002641287197003
33.0,197.0,1000.5426025390624,-4.38181940135786,-3.791399619586264,1.7098403453403448,3.179839270708793,2.472621786164863,3.003677044616322,-0.3392415623793538,1.8157727856240613,0.2086136569841203,2.5002641287197003
33.0,197.0,1000.5426025390624,-4.38181940135786,-3.791399619586264,1.7098404294414218,3.179839270708765,2.47262178616488,3.003668488078424,-0.3392415622710885,1.8157726510338543,0.2086230390980571,2.5002641287197003
33.0,197.0,1000.5426025390624,-4.38181940135786,-3.791399619586264,1.7098404294414218,3.179839270708757,2.4726217861648614,3.003667666776133,-0.339241562247788,1.8157726510338543,0.208614743559608,2.5002641287197003
33.0,197.0,1000.5426025390624,-4.38181940135786,-3.791399619586264,1.7098404294414218,3.179839270708765,2.47262178616488,3.003668488078424,-0.339241562270528,1.8157726515931216,0.2086230390980571,2.5002641287197003
33.0,197.0,1000.5426025390624,-4.38181940135786,-3.791399619586264,1.7098403353941622,3.1798392707084764,2.472621786164863,3.003668464280405,-0.3392415602942843,1.815772653960668,0.2086137716531048,2.5002641287197003
33.0,197.0,1000.5426025390624,-4.38181940135786,-3.791399619586264,1.7098404294422462,3.179839270722096,2.4726217861650213,3.0036674481036902,-0.3392415622701736,1.8157726522125663,0.2086230390980571,2.5002641287197003
33.0,197.0,1000.5426025390624,-4.38181940135786,-3.791399619586264,1.7098403452108242,3.179839270708766,2.472621786164864,3.003677044616322,-0.3392415623793538,1.8157726539566823,0.2086136569841203,2.5002641287197003
33.0,197.0,1000.5426025390624,-4.38181940135786,-3.791399619586264,1.7098404294414218,3.1798392707086403,2.4726217861648787,3.0036654808814074,-0.3392415604091006,1.8157710386035544,0.208613778620579,2.5002641287197003
33.0,197.0,1000.5426025390624,-4.38181940135786,-3.791399619586264,1.7098404294414218,3.179839270708765,2.47262178616488,3.003668488078424,-0.339241562270528,1.8157726510338543,0.2086230390980571,2.5002641287197003
33.0,197.0,1000.5426025390624,-4.38181940135786,-3.791399619586264,1.7098404302970067,3.17983927070833,2.4726217861649955,3.003668488078424,-0.3392415622701736,1.8157726646904853,0.2086143376998105,2.5002641287197003
33.0,197.0,1000.5426025390624,-4.38181940135786,-3.791399619586264,1.7098404300144514,3.1798392707084253,2.472621786164862,3.003660714415029,-0.3392415622713721,1.8157744485262013,0.2086137238544499,2.5002641287197003
33.0,197.0,1000.5426025390624,-4.38181940135786,-3.791399619586264,1.7098404294414218,3.179839270708765,2.472621786164881,3.003668488078424,-0.3392415622713455,1.8157726510338543,0.2086230390980571,2.5002641287197003
33.0,197.0,1000.5426025390624,-4.38181940135786,-3.791399619586264,1.7098403451711213,3.1798392707227703,2.4726217861648623,3.00368219255876,-0.3392415602991104,1.8157709439508591,0.2086137677655681,2.5002641287197003
33.0,197.0,1000.5426025390624,-4.38181940135786,-3.791399619586264,1.7098404294414218,3.179839270708765,2.47262178616488,3.003668488078424,-0.339241561110106,1.815772618736129,0.2086223076305391,2.5002641287197003
33.0,197.0,1000.5426025390624,-4.38181940135786,-3.791399619586264,1.7098404302970067,3.1798392707224554,2.4726217861648565,3.0036778157578023,-0.3392415622701736,1.815772646579267,0.2086141123325922,2.5002641287197003
33.0,197.0,1000.5426025390624,-4.38181940135786,-3.791399619586264,1.7098404294414218,3.179839270708765,2.47262178616488,3.003668602277252,-0.3392415611247337,1.815772619295396,0.2086223076305391,2.5002641287197003
33.0,197.0,1000.5426025390624,-4.38181940135786,-3.791399619586264,1.7098404294414218,3.1798392707086407,2.47262178616488,3.003668488078424,-0.3392415622483473,1.8157726510338543,0.2086230390980571,2.5002641287197003
33.0,197.0,1000.5426025390624,-4.38181940135786,-3.791399619586264,1.7098403353941622,3.179839270708793,2.472621786164864,3.003677791959784,-0.3392415621793114,1.8157725824985929,0.2086045753542724,2.5002641287197003
33.0,197.0,1000.5426025390624,-4.38181940135786,-3.791399619586264,1.7098404294414218,3.179839270708765,2.472621786164881,3.003668488078424,-0.3392415622701736,1.8157726510338543,0.2086230390980571,2.5002641287197003
33.0,197.0,1000.5426025390624,-4.38181940135786,-3.791399619586264,1.7098404294414218,3.179839270708765,2.47262178616488,3.003668488078424,-0.3392415622471755,1.8157726510338543,0.2086230390980571,2.5002641287197003
33.0,197.0,1000.5426025390624,-4.38181940135786,-3.791399619586264,1.709840441144125,3.179839270708574,2.47262178616488,3.003660757198738,-0.3392415621750908,1.8157744485262013,0.2086137703700644,2.5002641287197003
33.0,197.0,1000.5426025390624,-4.38181940135786,-3.791399619586264,1.7098404294414218,3.179839270708765,2.47262178616488,3.003668655372412,-0.3392415623654631,1.815772618736129,0.2086223076305391,2.5002641287197003
33.0,197.0,1000.5426025390624,-4.38181940135786,-3.791399619586264,1.7098404294414218,3.1798392707086407,2.47262178616488,3.003668488078424,-0.3392415622483473,1.8157726510338543,0.2086230390980571,2.5002641287197003
33.0,197.0,1000.5426025390624,-4.38181940135786,-3.791399619586264,1.7098404407105547,3.17983927070857,2.47262178616488,3.003668488078424,-0.339241562270528,1.8157726510338543,0.2086230390980571,2.5002641287197003
33.0,198.0,1000.5426025390624,-4.38181940135786,-3.791399619586264,1.7098404294414218,3.179839270708765,2.47262178616488,3.003668488078424,-0.339241562270528,1.8157726510338543,0.2086230390980571,2.5002641287197003
33.0,198.0,1000.5426025390624,-4.38181940135786,-3.791399619586264,1.7098403353941622,3.179839270708793,2.472621786164863,3.003677791959784,-0.3392415623558534,1.8157727856240613,0.2086136569841203,2.5002641287197003
33.0,198.0,1000.5426025390624,-4.38181940135786,-3.791399619586264,1.7098404294414218,3.179839270708765,2.472621786164881,3.003668488078424,-0.3392415622479929,1.8157726510338543,0.2086230390980571,2.5002641287197003
33.0,198.0,1000.5426025390624,-4.38181940135786,-3.791399619586264,1.7098404294414218,3.179839270708765,2.472621786164881,3.003668488078424,-0.3392415622701736,1.8157726510338543,0.2086230390980571,2.5002641287197003
33.0,198.0,1000.5426025390624,-4.38181940135786,-3.791399619586264,1.7098404294414218,3.179839270708765,2.47262178616488,3.003668488078424,-0.3392415622483473,1.8157726510338543,0.2086230390980571,2.5002641287197003
33.0,198.0,1000.5426025390624,-4.38181940135786,-3.791399619586264,1.7098404294414218,3.1798392707086403,2.4726217861648787,3.0036654808814074,-0.3392415622941276,1.8157726510338543,0.2086045853392703,2.5002641287197003
33.0,198.0,1000.5426025390624,-4.38181940135786,-3.791399619586264,1.7098404294414218,3.179839270708765,2.47262178616488,3.003668488078424,-0.339241562270528,1.8157726510338543,0.2086230390980571,2.5002641287197003
33.0,198.0,1000.5426025390624,-4.38181940135786,-3.791399619586264,1.7098403353941622,3.179839270708793,2.472621786164863,3.003677791959784,-0.3392415602942843,1.8157709700682927,0.208613768635581,2.5002641287197003
33.0,198.0,1000.5426025390624,-4.38181940135786,-3.791399619586264,1.7098404410901251,3.179839270708574,2.472621786164862,3.003660757198738,-0.3392415621750908,1.8157744485262013,0.2086137703700644,2.5002641287197003
33.0,198.0,1000.5426025390624,-4.38181940135786,-3.791399619586264,1.7098404294414218,3.179839270708765,2.47262178616488,3.003668488078424,-0.339241562270528,1.8157726510338543,0.2086230390980571,2.5002641287197003
33.0,198.0,1000.5426025390624,-4.38181940135786,-3.791399619586264,1.7098404410901251,3.179839270708817,2.472621786164862,3.003660757198738,-0.3392415621750908,1.8157744485262013,0.2086137238544499,2.5002641287197003
33.0,198.0,1000.5426025390624,-4.38181940135786,-3.791399619586264,1.7098403420858872,3.179839270709712,2.472621786164862,3.0036676782153937,-0.3392415621850866,1.815770970256744,0.2086143502420084,2.5002641287197003
33.0,198.0,1000.5426025390624,-4.38181940135786,-3.791399619586264,1.7098404294414218,3.179839270708765,2.4726217861648627,3.003668488078424,-0.339241562270528,1.8157726510338543,0.2086230390980571,2.5002641287197003
33.0,198.0,1000.5426025390624,-4.38181940135786,-3.791399619586264,1.7098403353941622,3.179839270708793,2.472621786164863,3.003677791959784,-0.3392415602942843,1.8157726460146384,0.208613768635581,2.5002641287197003
33.0,198.0,1000.5426025390624,-4.38181940135786,-3.791399619586264,1.7098403369228028,3.179839270708793,2.4726217861648467,3.003677791959784,-0.3392415623558534,1.8157727856240613,0.2086136569841203,2.5002641287197003
33.0,198.0,1000.5426025390624,-4.38181940135786,-3.791399619586264,1.7098404294414218,3.179839270708765,2.47262178616488,3.003668488078424,-0.339241561110106,1.815772619295396,0.2086223076305391,2.5002641287197003
33.0,198.0,1000.5426025390624,-4.38181940135786,-3.791399619586264,1.7098404302970067,3.1798392707221392,2.4726217861649955,3.003668488078424,-0.3392415622701736,1.8157726510338543,0.2086230390980571,2.5002641287197003
33.0,198.0,1000.5426025390624,-4.38181940135786,-3.791399619586264,1.7098404294414218,3.179839270708765,2.47262178616488,3.003668488078424,-0.339241561110106,1.815772619295396,0.2086223076305391,2.5002641287197003
33.0,198.0,1000.5426025390624,-4.38181940135786,-3.791399619586264,1.7098403353941622,3.179839270708793,2.472621786164863,3.003677791959784,-0.3392415623558534,1.8157727856240613,0.2086136569841203,2.5002641287197003
33.0,198.0,1000.5426025390624,-4.38181940135786,-3.791399619586264,1.7098404302970067,3.17983927070833,2.4726217861649955,3.003668488078424,-0.3392415622701736,1.8157726646904853,0.2086143376998105,2.5002641287197003
33.0,198.0,1000.5426025390624,-4.38181940135786,-3.791399619586264,1.7098403347843747,3.179839270709807,2.472621786164865,3.0036723503264384,-0.3392415622642545,1.815770955111256,0.2086137691487854,2.5002641287197003
33.0,198.0,1000.5426025390624,-4.38181940135786,-3.791399619586264,1.7098404302970067,3.1798392707221392,2.4726217861648565,3.003668488078424,-0.3392415622701736,1.815772654525296,0.2086141153501159,2.5002641287197003
33.0,198.0,1000.5426025390624,-4.38181940135786,-3.791399619586264,1.7098404294414218,3.179839270706791,2.472621786164998,3.003663554483168,-0.3392415623851919,1.815772652417452,0.2086218274457262,2.5002641287197003
33.0,198.0,1000.5426025390624,-4.38181940135786,-3.791399619586264,1.7098404294414218,3.179839270708765,2.472621786164881,3.003668488078424,-0.3392415622474325,1.8157726510338543,0.2086230390980571,2.5002641287197003
33.0,198.0,1000.5426025390624,-4.38181940135786,-3.791399619586264,1.7098404294414218,3.179839270708637,2.472621786164864,3.0036654808814074,-0.3392415622941276,1.8157726510338543,0.2086045384703378,2.5002641287197003
33.0,198.0,1000.5426025390624,-4.38181940135786,-3.791399619586264,1.7098404294414218,3.179839270708765,2.47262178616488,3.003668488078424,-0.3392415611011593,1.8157726510338543,0.2086223060200112,2.5002641287197003
33.0,198.0,1000.5426025390624,-4.38181940135786,-3.791399619586264,1.7098403453403448,3.179839270708793,2.472621786164863,3.003677044616322,-0.3392415623793538,1.8157727856240613,0.2086136569841203,2.5002641287197003
33.0,198.0,1000.5426025390624,-4.38181940135786,-3.791399619586264,1.7098404294414218,3.179839270708765,2.47262178616488,3.003668488078424,-0.3392415622710885,1.8157726510338543,0.2086230390980571,2.5002641287197003
33.0,198.0,1000.5426025390624,-4.38181940135786,-3.791399619586264,1.7098404294414218,3.179839270708757,2.4726217861648614,3.003667666776133,-0.339241562247788,1.8157726510338543,0.208614743559608,2.5002641287197003
33.0,198.0,1000.5426025390624,-4.38181940135786,-3.791399619586264,1.7098404294414218,3.179839270708765,2.47262178616488,3.003668488078424,-0.339241562270528,1.8157726515931216,0.2086230390980571,2.5002641287197003
33.0,198.0,1000.5426025390624,-4.38181940135786,-3.791399619586264,1.7098403353941622,3.1798392707084764,2.472621786164863,3.003668464280405,-0.3392415602942843,1.815772653960668,0.2086137716531048,2.5002641287197003
33.0,198.0,1000.5426025390624,-4.38181940135786,-3.791399619586264,1.7098404294422462,3.179839270722096,2.4726217861650213,3.0036674481036902,-0.3392415622701736,1.8157726522125663,0.2086230390980571,2.5002641287197003
33.0,198.0,1000.5426025390624,-4.38181940135786,-3.791399619586264,1.7098403452108242,3.179839270708766,2.472621786164864,3.003677044616322,-0.3392415623793538,1.8157726539566823,0.2086136569841203,2.5002641287197003
33.0,198.0,1000.5426025390624,-4.38181940135786,-3.791399619586264,1.7098404294414218,3.1798392707086403,2.4726217861648787,3.0036654808814074,-0.3392415604091006,1.8157710386035544,0.208613778620579,2.5002641287197003
33.0,198.0,1000.5426025390624,-4.38181940135786,-3.791399619586264,1.7098404294414218,3.179839270708765,2.47262178616488,3.003668488078424,-0.339241562270528,1.8157726510338543,0.2086230390980571,2.5002641287197003
33.0,198.0,1000.5426025390624,-4.38181940135786,-3.791399619586264,1.7098404302970067,3.17983927070833,2.4726217861649955,3.003668488078424,-0.3392415622701736,1.8157726646904853,0.2086143376998105,2.5002641287197003
33.0,198.0,1000.5426025390624,-4.38181940135786,-3.791399619586264,1.7098404300144514,3.1798392707084253,2.472621786164862,3.003660714415029,-0.3392415622713721,1.8157744485262013,0.2086137238544499,2.5002641287197003
33.0,198.0,1000.5426025390624,-4.38181940135786,-3.791399619586264,1.7098404294414218,3.179839270708765,2.472621786164881,3.003668488078424,-0.3392415622713455,1.8157726510338543,0.2086230390980571,2.5002641287197003
33.0,198.0,1000.5426025390624,-4.38181940135786,-3.791399619586264,1.7098403451711213,3.1798392707227703,2.4726217861648623,3.00368219255876,-0.3392415602991104,1.8157709439508591,0.2086137677655681,2.5002641287197003
33.0,198.0,1000.5426025390624,-4.38181940135786,-3.791399619586264,1.7098404294414218,3.179839270708765,2.47262178616488,3.003668488078424,-0.339241561110106,1.815772618736129,0.2086223076305391,2.5002641287197003
33.0,198.0,1000.5426025390624,-4.38181940135786,-3.791399619586264,1.7098404302970067,3.1798392707224554,2.4726217861648565,3.0036778157578023,-0.3392415622701736,1.815772646579267,0.2086141123325922,2.5002641287197003
33.0,198.0,1000.5426025390624,-4.38181940135786,-3.791399619586264,1.7098404294414218,3.179839270708765,2.47262178616488,3.003668602277252,-0.3392415611247337,1.815772619295396,0.2086223076305391,2.5002641287197003
33.0,198.0,1000.5426025390624,-4.38181940135786,-3.791399619586264,1.7098404294414218,3.1798392707086407,2.47262178616488,3.003668488078424,-0.3392415622483473,1.8157726510338543,0.2086230390980571,2.5002641287197003
33.0,198.0,1000.5426025390624,-4.38181940135786,-3.791399619586264,1.7098403353941622,3.179839270708793,2.472621786164864,3.003677791959784,-0.3392415621793114,1.8157725824985929,0.2086045753542724,2.5002641287197003
33.0,198.0,1000.5426025390624,-4.38181940135786,-3.791399619586264,1.7098404294414218,3.179839270708765,2.472621786164881,3.003668488078424,-0.3392415622701736,1.8157726510338543,0.2086230390980571,2.5002641287197003
33.0,198.0,1000.5426025390624,-4.38181940135786,-3.791399619586264,1.7098404294414218,3.179839270708765,2.47262178616488,3.003668488078424,-0.3392415622471755,1.8157726510338543,0.2086230390980571,2.5002641287197003
33.0,198.0,1000.5426025390624,-4.38181940135786,-3.791399619586264,1.709840441144125,3.179839270708574,2.47262178616488,3.003660757198738,-0.3392415621750908,1.8157744485262013,0.2086137703700644,2.5002641287197003
33.0,198.0,1000.5426025390624,-4.38181940135786,-3.791399619586264,1.7098404294414218,3.179839270708765,2.47262178616488,3.003668655372412,-0.3392415623654631,1.815772618736129,0.2086223076305391,2.5002641287197003
33.0,198.0,1000.5426025390624,-4.38181940135786,-3.791399619586264,1.7098404294414218,3.1798392707086407,2.47262178616488,3.003668488078424,-0.3392415622483473,1.8157726510338543,0.2086230390980571,2.5002641287197003
33.0,198.0,1000.5426025390624,-4.38181940135786,-3.791399619586264,1.7098404407105547,3.17983927070857,2.47262178616488,3.003668488078424,-0.339241562270528,1.8157726510338543,0.2086230390980571,2.5002641287197003
33.0,199.0,1000.5426025390624,-4.38181940135786,-3.791399619586264,1.7098404294414218,3.179839270708765,2.47262178616488,3.003668488078424,-0.339241562270528,1.8157726510338543,0.2086230390980571,2.5002641287197003
33.0,199.0,1000.5426025390624,-4.38181940135786,-3.791399619586264,1.7098403353941622,3.179839270708793,2.472621786164863,3.003677791959784,-0.3392415623558534,1.8157727856240613,0.2086136569841203,2.5002641287197003
33.0,199.0,1000.5426025390624,-4.38181940135786,-3.791399619586264,1.7098404294414218,3.179839270708765,2.472621786164881,3.003668488078424,-0.3392415622479929,1.8157726510338543,0.2086230390980571,2.5002641287197003
33.0,199.0,1000.5426025390624,-4.38181940135786,-3.791399619586264,1.7098404294414218,3.179839270708765,2.472621786164881,3.003668488078424,-0.3392415622701736,1.8157726510338543,0.2086230390980571,2.5002641287197003
33.0,199.0,1000.5426025390624,-4.38181940135786,-3.791399619586264,1.7098404294414218,3.179839270708765,2.47262178616488,3.003668488078424,-0.3392415622483473,1.8157726510338543,0.2086230390980571,2.5002641287197003
33.0,199.0,1000.5426025390624,-4.38181940135786,-3.791399619586264,1.7098404294414218,3.1798392707086403,2.4726217861648787,3.0036654808814074,-0.3392415622941276,1.8157726510338543,0.2086045853392703,2.5002641287197003
33.0,199.0,1000.5426025390624,-4.38181940135786,-3.791399619586264,1.7098404294414218,3.179839270708765,2.47262178616488,3.003668488078424,-0.339241562270528,1.8157726510338543,0.2086230390980571,2.5002641287197003
33.0,199.0,1000.5426025390624,-4.38181940135786,-3.791399619586264,1.7098403353941622,3.179839270708793,2.472621786164863,3.003677791959784,-0.3392415602942843,1.8157709700682927,0.208613768635581,2.5002641287197003
33.0,199.0,1000.5426025390624,-4.38181940135786,-3.791399619586264,1.7098404410901251,3.179839270708574,2.472621786164862,3.003660757198738,-0.3392415621750908,1.8157744485262013,0.2086137703700644,2.5002641287197003
33.0,199.0,1000.5426025390624,-4.38181940135786,-3.791399619586264,1.7098404294414218,3.179839270708765,2.47262178616488,3.003668488078424,-0.339241562270528,1.8157726510338543,0.2086230390980571,2.5002641287197003
33.0,199.0,1000.5426025390624,-4.38181940135786,-3.791399619586264,1.7098404410901251,3.179839270708817,2.472621786164862,3.003660757198738,-0.3392415621750908,1.8157744485262013,0.2086137238544499,2.5002641287197003
33.0,199.0,1000.5426025390624,-4.38181940135786,-3.791399619586264,1.7098403420858872,3.179839270709712,2.472621786164862,3.0036676782153937,-0.3392415621850866,1.815770970256744,0.2086143502420084,2.5002641287197003
33.0,199.0,1000.5426025390624,-4.38181940135786,-3.791399619586264,1.7098404294414218,3.179839270708765,2.4726217861648627,3.003668488078424,-0.339241562270528,1.8157726510338543,0.2086230390980571,2.5002641287197003
33.0,199.0,1000.5426025390624,-4.38181940135786,-3.791399619586264,1.7098403353941622,3.179839270708793,2.472621786164863,3.003677791959784,-0.3392415602942843,1.8157726460146384,0.208613768635581,2.5002641287197003
33.0,199.0,1000.5426025390624,-4.38181940135786,-3.791399619586264,1.7098403369228028,3.179839270708793,2.4726217861648467,3.003677791959784,-0.3392415623558534,1.8157727856240613,0.2086136569841203,2.5002641287197003
33.0,199.0,1000.5426025390624,-4.38181940135786,-3.791399619586264,1.7098404294414218,3.179839270708765,2.47262178616488,3.003668488078424,-0.339241561110106,1.815772619295396,0.2086223076305391,2.5002641287197003
33.0,199.0,1000.5426025390624,-4.38181940135786,-3.791399619586264,1.7098404302970067,3.1798392707221392,2.4726217861649955,3.003668488078424,-0.3392415622701736,1.8157726510338543,0.2086230390980571,2.5002641287197003
33.0,199.0,1000.5426025390624,-4.38181940135786,-3.791399619586264,1.7098404294414218,3.179839270708765,2.47262178616488,3.003668488078424,-0.339241561110106,1.815772619295396,0.2086223076305391,2.5002641287197003
33.0,199.0,1000.5426025390624,-4.38181940135786,-3.791399619586264,1.7098403353941622,3.179839270708793,2.472621786164863,3.003677791959784,-0.3392415623558534,1.8157727856240613,0.2086136569841203,2.5002641287197003
33.0,199.0,1000.5426025390624,-4.38181940135786,-3.791399619586264,1.7098404302970067,3.17983927070833,2.4726217861649955,3.003668488078424,-0.3392415622701736,1.8157726646904853,0.2086143376998105,2.5002641287197003
33.0,199.0,1000.5426025390624,-4.38181940135786,-3.791399619586264,1.7098403347843747,3.179839270709807,2.472621786164865,3.0036723503264384,-0.3392415622642545,1.815770955111256,0.2086137691487854,2.5002641287197003
33.0,199.0,1000.5426025390624,-4.38181940135786,-3.791399619586264,1.7098404302970067,3.1798392707221392,2.4726217861648565,3.003668488078424,-0.3392415622701736,1.815772654525296,0.2086141153501159,2.5002641287197003
33.0,199.0,1000.5426025390624,-4.38181940135786,-3.791399619586264,1.7098404294414218,3.179839270706791,2.472621786164998,3.003663554483168,-0.3392415623851919,1.815772652417452,0.2086218274457262,2.5002641287197003
33.0,199.0,1000.5426025390624,-4.38181940135786,-3.791399619586264,1.7098404294414218,3.179839270708765,2.472621786164881,3.003668488078424,-0.3392415622474325,1.8157726510338543,0.2086230390980571,2.5002641287197003
33.0,199.0,1000.5426025390624,-4.38181940135786,-3.791399619586264,1.7098404294414218,3.179839270708637,2.472621786164864,3.0036654808814074,-0.3392415622941276,1.8157726510338543,0.2086045384703378,2.5002641287197003
33.0,199.0,1000.5426025390624,-4.38181940135786,-3.791399619586264,1.7098404294414218,3.179839270708765,2.47262178616488,3.003668488078424,-0.3392415611011593,1.8157726510338543,0.2086223060200112,2.5002641287197003
33.0,199.0,1000.5426025390624,-4.38181940135786,-3.791399619586264,1.7098403453403448,3.179839270708793,2.472621786164863,3.003677044616322,-0.3392415623793538,1.8157727856240613,0.2086136569841203,2.5002641287197003
33.0,199.0,1000.5426025390624,-4.38181940135786,-3.791399619586264,1.7098404294414218,3.179839270708765,2.47262178616488,3.003668488078424,-0.3392415622710885,1.8157726510338543,0.2086230390980571,2.5002641287197003
33.0,199.0,1000.5426025390624,-4.38181940135786,-3.791399619586264,1.7098404294414218,3.179839270708757,2.4726217861648614,3.003667666776133,-0.339241562247788,1.8157726510338543,0.208614743559608,2.5002641287197003
33.0,199.0,1000.5426025390624,-4.38181940135786,-3.791399619586264,1.7098404294414218,3.179839270708765,2.47262178616488,3.003668488078424,-0.339241562270528,1.8157726515931216,0.2086230390980571,2.5002641287197003
33.0,199.0,1000.5426025390624,-4.38181940135786,-3.791399619586264,1.7098403353941622,3.1798392707084764,2.472621786164863,3.003668464280405,-0.3392415602942843,1.815772653960668,0.2086137716531048,2.5002641287197003
33.0,199.0,1000.5426025390624,-4.38181940135786,-3.791399619586264,1.7098404294422462,3.179839270722096,2.4726217861650213,3.0036674481036902,-0.3392415622701736,1.8157726522125663,0.2086230390980571,2.5002641287197003
33.0,199.0,1000.5426025390624,-4.38181940135786,-3.791399619586264,1.7098403452108242,3.179839270708766,2.472621786164864,3.003677044616322,-0.3392415623793538,1.8157726539566823,0.2086136569841203,2.5002641287197003
33.0,199.0,1000.5426025390624,-4.38181940135786,-3.791399619586264,1.7098404294414218,3.1798392707086403,2.4726217861648787,3.0036654808814074,-0.3392415604091006,1.8157710386035544,0.208613778620579,2.5002641287197003
33.0,199.0,1000.5426025390624,-4.38181940135786,-3.791399619586264,1.7098404294414218,3.179839270708765,2.47262178616488,3.003668488078424,-0.339241562270528,1.8157726510338543,0.2086230390980571,2.5002641287197003
33.0,199.0,1000.5426025390624,-4.38181940135786,-3.791399619586264,1.7098404302970067,3.17983927070833,2.4726217861649955,3.003668488078424,-0.3392415622701736,1.8157726646904853,0.2086143376998105,2.5002641287197003
33.0,199.0,1000.5426025390624,-4.38181940135786,-3.791399619586264,1.7098404300144514,3.1798392707084253,2.472621786164862,3.003660714415029,-0.3392415622713721,1.8157744485262013,0.2086137238544499,2.5002641287197003
33.0,199.0,1000.5426025390624,-4.38181940135786,-3.791399619586264,1.7098404294414218,3.179839270708765,2.472621786164881,3.003668488078424,-0.3392415622713455,1.8157726510338543,0.2086230390980571,2.5002641287197003
33.0,199.0,1000.5426025390624,-4.38181940135786,-3.791399619586264,1.7098403451711213,3.1798392707227703,2.4726217861648623,3.00368219255876,-0.3392415602991104,1.8157709439508591,0.2086137677655681,2.5002641287197003
33.0,199.0,1000.5426025390624,-4.38181940135786,-3.791399619586264,1.7098404294414218,3.179839270708765,2.47262178616488,3.003668488078424,-0.339241561110106,1.815772618736129,0.2086223076305391,2.5002641287197003
33.0,199.0,1000.5426025390624,-4.38181940135786,-3.791399619586264,1.7098404302970067,3.1798392707224554,2.4726217861648565,3.0036778157578023,-0.3392415622701736,1.815772646579267,0.2086141123325922,2.5002641287197003
33.0,199.0,1000.5426025390624,-4.38181940135786,-3.791399619586264,1.7098404294414218,3.179839270708765,2.47262178616488,3.003668602277252,-0.3392415611247337,1.815772619295396,0.2086223076305391,2.5002641287197003
33.0,199.0,1000.5426025390624,-4.38181940135786,-3.791399619586264,1.7098404294414218,3.1798392707086407,2.47262178616488,3.003668488078424,-0.3392415622483473,1.8157726510338543,0.2086230390980571,2.5002641287197003
33.0,199.0,1000.5426025390624,-4.38181940135786,-3.791399619586264,1.7098403353941622,3.179839270708793,2.472621786164864,3.003677791959784,-0.3392415621793114,1.8157725824985929,0.2086045753542724,2.5002641287197003
33.0,199.0,1000.5426025390624,-4.38181940135786,-3.791399619586264,1.7098404294414218,3.179839270708765,2.472621786164881,3.003668488078424,-0.3392415622701736,1.8157726510338543,0.2086230390980571,2.5002641287197003
33.0,199.0,1000.5426025390624,-4.38181940135786,-3.791399619586264,1.7098404294414218,3.179839270708765,2.47262178616488,3.003668488078424,-0.3392415622471755,1.8157726510338543,0.2086230390980571,2.5002641287197003
33.0,199.0,1000.5426025390624,-4.38181940135786,-3.791399619586264,1.709840441144125,3.179839270708574,2.47262178616488,3.003660757198738,-0.3392415621750908,1.8157744485262013,0.2086137703700644,2.5002641287197003
33.0,199.0,1000.5426025390624,-4.38181940135786,-3.791399619586264,1.7098404294414218,3.179839270708765,2.47262178616488,3.003668655372412,-0.3392415623654631,1.815772618736129,0.2086223076305391,2.5002641287197003
33.0,199.0,1000.5426025390624,-4.38181940135786,-3.791399619586264,1.7098404294414218,3.1798392707086407,2.47262178616488,3.003668488078424,-0.3392415622483473,1.8157726510338543,0.2086230390980571,2.5002641287197003
33.0,199.0,1000.5426025390624,-4.38181940135786,-3.791399619586264,1.7098404407105547,3.17983927070857,2.47262178616488,3.003668488078424,-0.339241562270528,1.8157726510338543,0.2086230390980571,2.5002641287197003
33.0,200.0,1000.5426025390624,-4.38181940135786,-3.791399619586264,1.7098404294414218,3.179839270708765,2.47262178616488,3.003668488078424,-0.339241562270528,1.8157726510338543,0.2086230390980571,2.5002641287197003
33.0,200.0,1000.5426025390624,-4.38181940135786,-3.791399619586264,1.7098403353941622,3.179839270708793,2.472621786164863,3.003677791959784,-0.3392415623558534,1.8157727856240613,0.2086136569841203,2.5002641287197003
33.0,200.0,1000.5426025390624,-4.38181940135786,-3.791399619586264,1.7098404294414218,3.179839270708765,2.472621786164881,3.003668488078424,-0.3392415622479929,1.8157726510338543,0.2086230390980571,2.5002641287197003
33.0,200.0,1000.5426025390624,-4.38181940135786,-3.791399619586264,1.7098404294414218,3.179839270708765,2.472621786164881,3.003668488078424,-0.3392415622701736,1.8157726510338543,0.2086230390980571,2.5002641287197003
33.0,200.0,1000.5426025390624,-4.38181940135786,-3.791399619586264,1.7098404294414218,3.179839270708765,2.47262178616488,3.003668488078424,-0.3392415622483473,1.8157726510338543,0.2086230390980571,2.5002641287197003
33.0,200.0,1000.5426025390624,-4.38181940135786,-3.791399619586264,1.7098404294414218,3.1798392707086403,2.4726217861648787,3.0036654808814074,-0.3392415622941276,1.8157726510338543,0.2086045853392703,2.5002641287197003
33.0,200.0,1000.5426025390624,-4.38181940135786,-3.791399619586264,1.7098404294414218,3.179839270708765,2.47262178616488,3.003668488078424,-0.339241562270528,1.8157726510338543,0.2086230390980571,2.5002641287197003
33.0,200.0,1000.5426025390624,-4.38181940135786,-3.791399619586264,1.7098403353941622,3.179839270708793,2.472621786164863,3.003677791959784,-0.3392415602942843,1.8157709700682927,0.208613768635581,2.5002641287197003
33.0,200.0,1000.5426025390624,-4.38181940135786,-3.791399619586264,1.7098404410901251,3.179839270708574,2.472621786164862,3.003660757198738,-0.3392415621750908,1.8157744485262013,0.2086137703700644,2.5002641287197003
33.0,200.0,1000.5426025390624,-4.38181940135786,-3.791399619586264,1.7098404294414218,3.179839270708765,2.47262178616488,3.003668488078424,-0.339241562270528,1.8157726510338543,0.2086230390980571,2.5002641287197003
33.0,200.0,1000.5426025390624,-4.38181940135786,-3.791399619586264,1.7098404410901251,3.179839270708817,2.472621786164862,3.003660757198738,-0.3392415621750908,1.8157744485262013,0.2086137238544499,2.5002641287197003
33.0,200.0,1000.5426025390624,-4.38181940135786,-3.791399619586264,1.7098403420858872,3.179839270709712,2.472621786164862,3.0036676782153937,-0.3392415621850866,1.815770970256744,0.2086143502420084,2.5002641287197003
33.0,200.0,1000.5426025390624,-4.38181940135786,-3.791399619586264,1.7098404294414218,3.179839270708765,2.4726217861648627,3.003668488078424,-0.339241562270528,1.8157726510338543,0.2086230390980571,2.5002641287197003
33.0,200.0,1000.5426025390624,-4.38181940135786,-3.791399619586264,1.7098403353941622,3.179839270708793,2.472621786164863,3.003677791959784,-0.3392415602942843,1.8157726460146384,0.208613768635581,2.5002641287197003
33.0,200.0,1000.5426025390624,-4.38181940135786,-3.791399619586264,1.7098403369228028,3.179839270708793,2.4726217861648467,3.003677791959784,-0.3392415623558534,1.8157727856240613,0.2086136569841203,2.5002641287197003
33.0,200.0,1000.5426025390624,-4.38181940135786,-3.791399619586264,1.7098404294414218,3.179839270708765,2.47262178616488,3.003668488078424,-0.339241561110106,1.815772619295396,0.2086223076305391,2.5002641287197003
33.0,200.0,1000.5426025390624,-4.38181940135786,-3.791399619586264,1.7098404302970067,3.1798392707221392,2.4726217861649955,3.003668488078424,-0.3392415622701736,1.8157726510338543,0.2086230390980571,2.5002641287197003
33.0,200.0,1000.5426025390624,-4.38181940135786,-3.791399619586264,1.7098404294414218,3.179839270708765,2.47262178616488,3.003668488078424,-0.339241561110106,1.815772619295396,0.2086223076305391,2.5002641287197003
33.0,200.0,1000.5426025390624,-4.38181940135786,-3.791399619586264,1.7098403353941622,3.179839270708793,2.472621786164863,3.003677791959784,-0.3392415623558534,1.8157727856240613,0.2086136569841203,2.5002641287197003
33.0,200.0,1000.5426025390624,-4.38181940135786,-3.791399619586264,1.7098404302970067,3.17983927070833,2.4726217861649955,3.003668488078424,-0.3392415622701736,1.8157726646904853,0.2086143376998105,2.5002641287197003
33.0,200.0,1000.5426025390624,-4.38181940135786,-3.791399619586264,1.7098403347843747,3.179839270709807,2.472621786164865,3.0036723503264384,-0.3392415622642545,1.815770955111256,0.2086137691487854,2.5002641287197003
33.0,200.0,1000.5426025390624,-4.38181940135786,-3.791399619586264,1.7098404302970067,3.1798392707221392,2.4726217861648565,3.003668488078424,-0.3392415622701736,1.815772654525296,0.2086141153501159,2.5002641287197003
33.0,200.0,1000.5426025390624,-4.38181940135786,-3.791399619586264,1.7098404294414218,3.179839270706791,2.472621786164998,3.003663554483168,-0.3392415623851919,1.815772652417452,0.2086218274457262,2.5002641287197003
33.0,200.0,1000.5426025390624,-4.38181940135786,-3.791399619586264,1.7098404294414218,3.179839270708765,2.472621786164881,3.003668488078424,-0.3392415622474325,1.8157726510338543,0.2086230390980571,2.5002641287197003
33.0,200.0,1000.5426025390624,-4.38181940135786,-3.791399619586264,1.7098404294414218,3.179839270708637,2.472621786164864,3.0036654808814074,-0.3392415622941276,1.8157726510338543,0.2086045384703378,2.5002641287197003
33.0,200.0,1000.5426025390624,-4.38181940135786,-3.791399619586264,1.7098404294414218,3.179839270708765,2.47262178616488,3.003668488078424,-0.3392415611011593,1.8157726510338543,0.2086223060200112,2.5002641287197003
33.0,200.0,1000.5426025390624,-4.38181940135786,-3.791399619586264,1.7098403453403448,3.179839270708793,2.472621786164863,3.003677044616322,-0.3392415623793538,1.8157727856240613,0.2086136569841203,2.5002641287197003
33.0,200.0,1000.5426025390624,-4.38181940135786,-3.791399619586264,1.7098404294414218,3.179839270708765,2.47262178616488,3.003668488078424,-0.3392415622710885,1.8157726510338543,0.2086230390980571,2.5002641287197003
33.0,200.0,1000.5426025390624,-4.38181940135786,-3.791399619586264,1.7098404294414218,3.179839270708757,2.4726217861648614,3.003667666776133,-0.339241562247788,1.8157726510338543,0.208614743559608,2.5002641287197003
33.0,200.0,1000.5426025390624,-4.38181940135786,-3.791399619586264,1.7098404294414218,3.179839270708765,2.47262178616488,3.003668488078424,-0.339241562270528,1.8157726515931216,0.2086230390980571,2.5002641287197003
33.0,200.0,1000.5426025390624,-4.38181940135786,-3.791399619586264,1.7098403353941622,3.1798392707084764,2.472621786164863,3.003668464280405,-0.3392415602942843,1.815772653960668,0.2086137716531048,2.5002641287197003
33.0,200.0,1000.5426025390624,-4.38181940135786,-3.791399619586264,1.7098404294422462,3.179839270722096,2.4726217861650213,3.0036674481036902,-0.3392415622701736,1.8157726522125663,0.2086230390980571,2.5002641287197003
33.0,200.0,1000.5426025390624,-4.38181940135786,-3.791399619586264,1.7098403452108242,3.179839270708766,2.472621786164864,3.003677044616322,-0.3392415623793538,1.8157726539566823,0.2086136569841203,2.5002641287197003
33.0,200.0,1000.5426025390624,-4.38181940135786,-3.791399619586264,1.7098404294414218,3.1798392707086403,2.4726217861648787,3.0036654808814074,-0.3392415604091006,1.8157710386035544,0.208613778620579,2.5002641287197003
33.0,200.0,1000.5426025390624,-4.38181940135786,-3.791399619586264,1.7098404294414218,3.179839270708765,2.47262178616488,3.003668488078424,-0.339241562270528,1.8157726510338543,0.2086230390980571,2.5002641287197003
33.0,200.0,1000.5426025390624,-4.38181940135786,-3.791399619586264,1.7098404302970067,3.17983927070833,2.4726217861649955,3.003668488078424,-0.3392415622701736,1.8157726646904853,0.2086143376998105,2.5002641287197003
33.0,200.0,1000.5426025390624,-4.38181940135786,-3.791399619586264,1.7098404300144514,3.1798392707084253,2.472621786164862,3.003660714415029,-0.3392415622713721,1.8157744485262013,0.2086137238544499,2.5002641287197003
33.0,200.0,1000.5426025390624,-4.38181940135786,-3.791399619586264,1.7098404294414218,3.179839270708765,2.472621786164881,3.003668488078424,-0.3392415622713455,1.8157726510338543,0.2086230390980571,2.5002641287197003
33.0,200.0,1000.5426025390624,-4.38181940135786,-3.791399619586264,1.7098403451711213,3.1798392707227703,2.4726217861648623,3.00368219255876,-0.3392415602991104,1.8157709439508591,0.2086137677655681,2.5002641287197003
33.0,200.0,1000.5426025390624,-4.38181940135786,-3.791399619586264,1.7098404294414218,3.179839270708765,2.47262178616488,3.003668488078424,-0.339241561110106,1.815772618736129,0.2086223076305391,2.5002641287197003
33.0,200.0,1000.5426025390624,-4.38181940135786,-3.791399619586264,1.7098404302970067,3.1798392707224554,2.4726217861648565,3.0036778157578023,-0.3392415622701736,1.815772646579267,0.2086141123325922,2.5002641287197003
33.0,200.0,1000.5426025390624,-4.38181940135786,-3.791399619586264,1.7098404294414218,3.179839270708765,2.47262178616488,3.003668602277252,-0.3392415611247337,1.815772619295396,0.2086223076305391,2.5002641287197003
33.0,200.0,1000.5426025390624,-4.38181940135786,-3.791399619586264,1.7098404294414218,3.1798392707086407,2.47262178616488,3.003668488078424,-0.3392415622483473,1.8157726510338543,0.2086230390980571,2.5002641287197003
33.0,200.0,1000.5426025390624,-4.38181940135786,-3.791399619586264,1.7098403353941622,3.179839270708793,2.472621786164864,3.003677791959784,-0.3392415621793114,1.8157725824985929,0.2086045753542724,2.5002641287197003
33.0,200.0,1000.5426025390624,-4.38181940135786,-3.791399619586264,1.7098404294414218,3.179839270708765,2.472621786164881,3.003668488078424,-0.3392415622701736,1.8157726510338543,0.2086230390980571,2.5002641287197003
33.0,200.0,1000.5426025390624,-4.38181940135786,-3.791399619586264,1.7098404294414218,3.179839270708765,2.47262178616488,3.003668488078424,-0.3392415622471755,1.8157726510338543,0.2086230390980571,2.5002641287197003
33.0,200.0,1000.5426025390624,-4.38181940135786,-3.791399619586264,1.709840441144125,3.179839270708574,2.47262178616488,3.003660757198738,-0.3392415621750908,1.8157744485262013,0.2086137703700644,2.5002641287197003
33.0,200.0,1000.5426025390624,-4.38181940135786,-3.791399619586264,1.7098404294414218,3.179839270708765,2.47262178616488,3.003668655372412,-0.3392415623654631,1.815772618736129,0.2086223076305391,2.5002641287197003
33.0,200.0,1000.5426025390624,-4.38181940135786,-3.791399619586264,1.7098404294414218,3.1798392707086407,2.47262178616488,3.003668488078424,-0.3392415622483473,1.8157726510338543,0.2086230390980571,2.5002641287197003
33.0,200.0,1000.5426025390624,-4.38181940135786,-3.791399619586264,1.7098404407105547,3.17983927070857,2.47262178616488,3.003668488078424,-0.339241562270528,1.8157726510338543,0.2086230390980571,2.5002641287197003
33.0,201.0,1000.5426025390624,-4.38181940135786,-3.791399619586264,1.7098404294414218,3.179839270708765,2.47262178616488,3.003668488078424,-0.339241562270528,1.8157726510338543,0.2086230390980571,2.5002641287197003
33.0,201.0,1000.5426025390624,-4.38181940135786,-3.791399619586264,1.7098403353941622,3.179839270708793,2.472621786164863,3.003677791959784,-0.3392415623558534,1.8157727856240613,0.2086136569841203,2.5002641287197003
33.0,201.0,1000.5426025390624,-4.38181940135786,-3.791399619586264,1.7098404294414218,3.179839270708765,2.472621786164881,3.003668488078424,-0.3392415622479929,1.8157726510338543,0.2086230390980571,2.5002641287197003
33.0,201.0,1000.5426025390624,-4.38181940135786,-3.791399619586264,1.7098404294414218,3.179839270708765,2.472621786164881,3.003668488078424,-0.3392415622701736,1.8157726510338543,0.2086230390980571,2.5002641287197003
33.0,201.0,1000.5426025390624,-4.38181940135786,-3.791399619586264,1.7098404294414218,3.179839270708765,2.47262178616488,3.003668488078424,-0.3392415622483473,1.8157726510338543,0.2086230390980571,2.5002641287197003
33.0,201.0,1000.5426025390624,-4.38181940135786,-3.791399619586264,1.7098404294414218,3.1798392707086403,2.4726217861648787,3.0036654808814074,-0.3392415622941276,1.8157726510338543,0.2086045853392703,2.5002641287197003
33.0,201.0,1000.5426025390624,-4.38181940135786,-3.791399619586264,1.7098404294414218,3.179839270708765,2.47262178616488,3.003668488078424,-0.339241562270528,1.8157726510338543,0.2086230390980571,2.5002641287197003
33.0,201.0,1000.5426025390624,-4.38181940135786,-3.791399619586264,1.7098403353941622,3.179839270708793,2.472621786164863,3.003677791959784,-0.3392415602942843,1.8157709700682927,0.208613768635581,2.5002641287197003
33.0,201.0,1000.5426025390624,-4.38181940135786,-3.791399619586264,1.7098404410901251,3.179839270708574,2.472621786164862,3.003660757198738,-0.3392415621750908,1.8157744485262013,0.2086137703700644,2.5002641287197003
33.0,201.0,1000.5426025390624,-4.38181940135786,-3.791399619586264,1.7098404294414218,3.179839270708765,2.47262178616488,3.003668488078424,-0.339241562270528,1.8157726510338543,0.2086230390980571,2.5002641287197003
33.0,201.0,1000.5426025390624,-4.38181940135786,-3.791399619586264,1.7098404410901251,3.179839270708817,2.472621786164862,3.003660757198738,-0.3392415621750908,1.8157744485262013,0.2086137238544499,2.5002641287197003
33.0,201.0,1000.5426025390624,-4.38181940135786,-3.791399619586264,1.7098403420858872,3.179839270709712,2.472621786164862,3.0036676782153937,-0.3392415621850866,1.815770970256744,0.2086143502420084,2.5002641287197003
33.0,201.0,1000.5426025390624,-4.38181940135786,-3.791399619586264,1.7098404294414218,3.179839270708765,2.4726217861648627,3.003668488078424,-0.339241562270528,1.8157726510338543,0.2086230390980571,2.5002641287197003
33.0,201.0,1000.5426025390624,-4.38181940135786,-3.791399619586264,1.7098403353941622,3.179839270708793,2.472621786164863,3.003677791959784,-0.3392415602942843,1.8157726460146384,0.208613768635581,2.5002641287197003
33.0,201.0,1000.5426025390624,-4.38181940135786,-3.791399619586264,1.7098403369228028,3.179839270708793,2.4726217861648467,3.003677791959784,-0.3392415623558534,1.8157727856240613,0.2086136569841203,2.5002641287197003
33.0,201.0,1000.5426025390624,-4.38181940135786,-3.791399619586264,1.7098404294414218,3.179839270708765,2.47262178616488,3.003668488078424,-0.339241561110106,1.815772619295396,0.2086223076305391,2.5002641287197003
33.0,201.0,1000.5426025390624,-4.38181940135786,-3.791399619586264,1.7098404302970067,3.1798392707221392,2.4726217861649955,3.003668488078424,-0.3392415622701736,1.8157726510338543,0.2086230390980571,2.5002641287197003
33.0,201.0,1000.5426025390624,-4.38181940135786,-3.791399619586264,1.7098404294414218,3.179839270708765,2.47262178616488,3.003668488078424,-0.339241561110106,1.815772619295396,0.2086223076305391,2.5002641287197003
33.0,201.0,1000.5426025390624,-4.38181940135786,-3.791399619586264,1.7098403353941622,3.179839270708793,2.472621786164863,3.003677791959784,-0.3392415623558534,1.8157727856240613,0.2086136569841203,2.5002641287197003
33.0,201.0,1000.5426025390624,-4.38181940135786,-3.791399619586264,1.7098404302970067,3.17983927070833,2.4726217861649955,3.003668488078424,-0.3392415622701736,1.8157726646904853,0.2086143376998105,2.5002641287197003
33.0,201.0,1000.5426025390624,-4.38181940135786,-3.791399619586264,1.7098403347843747,3.179839270709807,2.472621786164865,3.0036723503264384,-0.3392415622642545,1.815770955111256,0.2086137691487854,2.5002641287197003
33.0,201.0,1000.5426025390624,-4.38181940135786,-3.791399619586264,1.7098404302970067,3.1798392707221392,2.4726217861648565,3.003668488078424,-0.3392415622701736,1.815772654525296,0.2086141153501159,2.5002641287197003
33.0,201.0,1000.5426025390624,-4.38181940135786,-3.791399619586264,1.7098404294414218,3.179839270706791,2.472621786164998,3.003663554483168,-0.3392415623851919,1.815772652417452,0.2086218274457262,2.5002641287197003
33.0,201.0,1000.5426025390624,-4.38181940135786,-3.791399619586264,1.7098404294414218,3.179839270708765,2.472621786164881,3.003668488078424,-0.3392415622474325,1.8157726510338543,0.2086230390980571,2.5002641287197003
33.0,201.0,1000.5426025390624,-4.38181940135786,-3.791399619586264,1.7098404294414218,3.179839270708637,2.472621786164864,3.0036654808814074,-0.3392415622941276,1.8157726510338543,0.2086045384703378,2.5002641287197003
33.0,201.0,1000.5426025390624,-4.38181940135786,-3.791399619586264,1.7098404294414218,3.179839270708765,2.47262178616488,3.003668488078424,-0.3392415611011593,1.8157726510338543,0.2086223060200112,2.5002641287197003
33.0,201.0,1000.5426025390624,-4.38181940135786,-3.791399619586264,1.7098403453403448,3.179839270708793,2.472621786164863,3.003677044616322,-0.3392415623793538,1.8157727856240613,0.2086136569841203,2.5002641287197003
33.0,201.0,1000.5426025390624,-4.38181940135786,-3.791399619586264,1.7098404294414218,3.179839270708765,2.47262178616488,3.003668488078424,-0.3392415622710885,1.8157726510338543,0.2086230390980571,2.5002641287197003
33.0,201.0,1000.5426025390624,-4.38181940135786,-3.791399619586264,1.7098404294414218,3.179839270708757,2.4726217861648614,3.003667666776133,-0.339241562247788,1.8157726510338543,0.208614743559608,2.5002641287197003
33.0,201.0,1000.5426025390624,-4.38181940135786,-3.791399619586264,1.7098404294414218,3.179839270708765,2.47262178616488,3.003668488078424,-0.339241562270528,1.8157726515931216,0.2086230390980571,2.5002641287197003
33.0,201.0,1000.5426025390624,-4.38181940135786,-3.791399619586264,1.7098403353941622,3.1798392707084764,2.472621786164863,3.003668464280405,-0.3392415602942843,1.815772653960668,0.2086137716531048,2.5002641287197003
33.0,201.0,1000.5426025390624,-4.38181940135786,-3.791399619586264,1.7098404294422462,3.179839270722096,2.4726217861650213,3.0036674481036902,-0.3392415622701736,1.8157726522125663,0.2086230390980571,2.5002641287197003
33.0,201.0,1000.5426025390624,-4.38181940135786,-3.791399619586264,1.7098403452108242,3.179839270708766,2.472621786164864,3.003677044616322,-0.3392415623793538,1.8157726539566823,0.2086136569841203,2.5002641287197003
33.0,201.0,1000.5426025390624,-4.38181940135786,-3.791399619586264,1.7098404294414218,3.1798392707086403,2.4726217861648787,3.0036654808814074,-0.3392415604091006,1.8157710386035544,0.208613778620579,2.5002641287197003
33.0,201.0,1000.5426025390624,-4.38181940135786,-3.791399619586264,1.7098404294414218,3.179839270708765,2.47262178616488,3.003668488078424,-0.339241562270528,1.8157726510338543,0.2086230390980571,2.5002641287197003
33.0,201.0,1000.5426025390624,-4.38181940135786,-3.791399619586264,1.7098404302970067,3.17983927070833,2.4726217861649955,3.003668488078424,-0.3392415622701736,1.8157726646904853,0.2086143376998105,2.5002641287197003
33.0,201.0,1000.5426025390624,-4.38181940135786,-3.791399619586264,1.7098404300144514,3.1798392707084253,2.472621786164862,3.003660714415029,-0.3392415622713721,1.8157744485262013,0.2086137238544499,2.5002641287197003
33.0,201.0,1000.5426025390624,-4.38181940135786,-3.791399619586264,1.7098404294414218,3.179839270708765,2.472621786164881,3.003668488078424,-0.3392415622713455,1.8157726510338543,0.2086230390980571,2.5002641287197003
33.0,201.0,1000.5426025390624,-4.38181940135786,-3.791399619586264,1.7098403451711213,3.1798392707227703,2.4726217861648623,3.00368219255876,-0.3392415602991104,1.8157709439508591,0.2086137677655681,2.5002641287197003
33.0,201.0,1000.5426025390624,-4.38181940135786,-3.791399619586264,1.7098404294414218,3.179839270708765,2.47262178616488,3.003668488078424,-0.339241561110106,1.815772618736129,0.2086223076305391,2.5002641287197003
33.0,201.0,1000.5426025390624,-4.38181940135786,-3.791399619586264,1.7098404302970067,3.1798392707224554,2.4726217861648565,3.0036778157578023,-0.3392415622701736,1.815772646579267,0.2086141123325922,2.5002641287197003
33.0,201.0,1000.5426025390624,-4.38181940135786,-3.791399619586264,1.7098404294414218,3.179839270708765,2.47262178616488,3.003668602277252,-0.3392415611247337,1.815772619295396,0.2086223076305391,2.5002641287197003
33.0,201.0,1000.5426025390624,-4.38181940135786,-3.791399619586264,1.7098404294414218,3.1798392707086407,2.47262178616488,3.003668488078424,-0.3392415622483473,1.8157726510338543,0.2086230390980571,2.5002641287197003
33.0,201.0,1000.5426025390624,-4.38181940135786,-3.791399619586264,1.7098403353941622,3.179839270708793,2.472621786164864,3.003677791959784,-0.3392415621793114,1.8157725824985929,0.2086045753542724,2.5002641287197003
33.0,201.0,1000.5426025390624,-4.38181940135786,-3.791399619586264,1.7098404294414218,3.179839270708765,2.472621786164881,3.003668488078424,-0.3392415622701736,1.8157726510338543,0.2086230390980571,2.5002641287197003
33.0,201.0,1000.5426025390624,-4.38181940135786,-3.791399619586264,1.7098404294414218,3.179839270708765,2.47262178616488,3.003668488078424,-0.3392415622471755,1.8157726510338543,0.2086230390980571,2.5002641287197003
33.0,201.0,1000.5426025390624,-4.38181940135786,-3.791399619586264,1.709840441144125,3.179839270708574,2.47262178616488,3.003660757198738,-0.3392415621750908,1.8157744485262013,0.2086137703700644,2.5002641287197003
33.0,201.0,1000.5426025390624,-4.38181940135786,-3.791399619586264,1.7098404294414218,3.179839270708765,2.47262178616488,3.003668655372412,-0.3392415623654631,1.815772618736129,0.2086223076305391,2.5002641287197003
33.0,201.0,1000.5426025390624,-4.38181940135786,-3.791399619586264,1.7098404294414218,3.1798392707086407,2.47262178616488,3.003668488078424,-0.3392415622483473,1.8157726510338543,0.2086230390980571,2.5002641287197003
33.0,201.0,1000.5426025390624,-4.38181940135786,-3.791399619586264,1.7098404407105547,3.17983927070857,2.47262178616488,3.003668488078424,-0.339241562270528,1.8157726510338543,0.2086230390980571,2.5002641287197003
33.0,202.0,1000.5426025390624,-4.38181940135786,-3.791399619586264,1.7098404294414218,3.179839270708765,2.47262178616488,3.003668488078424,-0.339241562270528,1.8157726510338543,0.2086230390980571,2.5002641287197003
33.0,202.0,1000.5426025390624,-4.38181940135786,-3.791399619586264,1.7098403353941622,3.179839270708793,2.472621786164863,3.003677791959784,-0.3392415623558534,1.8157727856240613,0.2086136569841203,2.5002641287197003
33.0,202.0,1000.5426025390624,-4.38181940135786,-3.791399619586264,1.7098404294414218,3.179839270708765,2.472621786164881,3.003668488078424,-0.3392415622479929,1.8157726510338543,0.2086230390980571,2.5002641287197003
33.0,202.0,1000.5426025390624,-4.38181940135786,-3.791399619586264,1.7098404294414218,3.179839270708765,2.472621786164881,3.003668488078424,-0.3392415622701736,1.8157726510338543,0.2086230390980571,2.5002641287197003
33.0,202.0,1000.5426025390624,-4.38181940135786,-3.791399619586264,1.7098404294414218,3.179839270708765,2.47262178616488,3.003668488078424,-0.3392415622483473,1.8157726510338543,0.2086230390980571,2.5002641287197003
33.0,202.0,1000.5426025390624,-4.38181940135786,-3.791399619586264,1.7098404294414218,3.1798392707086403,2.4726217861648787,3.0036654808814074,-0.3392415622941276,1.8157726510338543,0.2086045853392703,2.5002641287197003
33.0,202.0,1000.5426025390624,-4.38181940135786,-3.791399619586264,1.7098404294414218,3.179839270708765,2.47262178616488,3.003668488078424,-0.339241562270528,1.8157726510338543,0.2086230390980571,2.5002641287197003
33.0,202.0,1000.5426025390624,-4.38181940135786,-3.791399619586264,1.7098403353941622,3.179839270708793,2.472621786164863,3.003677791959784,-0.3392415602942843,1.8157709700682927,0.208613768635581,2.5002641287197003
33.0,202.0,1000.5426025390624,-4.38181940135786,-3.791399619586264,1.7098404410901251,3.179839270708574,2.472621786164862,3.003660757198738,-0.3392415621750908,1.8157744485262013,0.2086137703700644,2.5002641287197003
33.0,202.0,1000.5426025390624,-4.38181940135786,-3.791399619586264,1.7098404294414218,3.179839270708765,2.47262178616488,3.003668488078424,-0.339241562270528,1.8157726510338543,0.2086230390980571,2.5002641287197003
33.0,202.0,1000.5426025390624,-4.38181940135786,-3.791399619586264,1.7098404410901251,3.179839270708817,2.472621786164862,3.003660757198738,-0.3392415621750908,1.8157744485262013,0.2086137238544499,2.5002641287197003
33.0,202.0,1000.5426025390624,-4.38181940135786,-3.791399619586264,1.7098403420858872,3.179839270709712,2.472621786164862,3.0036676782153937,-0.3392415621850866,1.815770970256744,0.2086143502420084,2.5002641287197003
33.0,202.0,1000.5426025390624,-4.38181940135786,-3.791399619586264,1.7098404294414218,3.179839270708765,2.4726217861648627,3.003668488078424,-0.339241562270528,1.8157726510338543,0.2086230390980571,2.5002641287197003
33.0,202.0,1000.5426025390624,-4.38181940135786,-3.791399619586264,1.7098403353941622,3.179839270708793,2.472621786164863,3.003677791959784,-0.3392415602942843,1.8157726460146384,0.208613768635581,2.5002641287197003
33.0,202.0,1000.5426025390624,-4.38181940135786,-3.791399619586264,1.7098403369228028,3.179839270708793,2.4726217861648467,3.003677791959784,-0.3392415623558534,1.8157727856240613,0.2086136569841203,2.5002641287197003
33.0,202.0,1000.5426025390624,-4.38181940135786,-3.791399619586264,1.7098404294414218,3.179839270708765,2.47262178616488,3.003668488078424,-0.339241561110106,1.815772619295396,0.2086223076305391,2.5002641287197003
33.0,202.0,1000.5426025390624,-4.38181940135786,-3.791399619586264,1.7098404302970067,3.1798392707221392,2.4726217861649955,3.003668488078424,-0.3392415622701736,1.8157726510338543,0.2086230390980571,2.5002641287197003
33.0,202.0,1000.5426025390624,-4.38181940135786,-3.791399619586264,1.7098404294414218,3.179839270708765,2.47262178616488,3.003668488078424,-0.339241561110106,1.815772619295396,0.2086223076305391,2.5002641287197003
33.0,202.0,1000.5426025390624,-4.38181940135786,-3.791399619586264,1.7098403353941622,3.179839270708793,2.472621786164863,3.003677791959784,-0.3392415623558534,1.8157727856240613,0.2086136569841203,2.5002641287197003
33.0,202.0,1000.5426025390624,-4.38181940135786,-3.791399619586264,1.7098404302970067,3.17983927070833,2.4726217861649955,3.003668488078424,-0.3392415622701736,1.8157726646904853,0.2086143376998105,2.5002641287197003
33.0,202.0,1000.5426025390624,-4.38181940135786,-3.791399619586264,1.7098403347843747,3.179839270709807,2.472621786164865,3.0036723503264384,-0.3392415622642545,1.815770955111256,0.2086137691487854,2.5002641287197003
33.0,202.0,1000.5426025390624,-4.38181940135786,-3.791399619586264,1.7098404302970067,3.1798392707221392,2.4726217861648565,3.003668488078424,-0.3392415622701736,1.815772654525296,0.2086141153501159,2.5002641287197003
33.0,202.0,1000.5426025390624,-4.38181940135786,-3.791399619586264,1.7098404294414218,3.179839270706791,2.472621786164998,3.003663554483168,-0.3392415623851919,1.815772652417452,0.2086218274457262,2.5002641287197003
33.0,202.0,1000.5426025390624,-4.38181940135786,-3.791399619586264,1.7098404294414218,3.179839270708765,2.472621786164881,3.003668488078424,-0.3392415622474325,1.8157726510338543,0.2086230390980571,2.5002641287197003
33.0,202.0,1000.5426025390624,-4.38181940135786,-3.791399619586264,1.7098404294414218,3.179839270708637,2.472621786164864,3.0036654808814074,-0.3392415622941276,1.8157726510338543,0.2086045384703378,2.5002641287197003
33.0,202.0,1000.5426025390624,-4.38181940135786,-3.791399619586264,1.7098404294414218,3.179839270708765,2.47262178616488,3.003668488078424,-0.3392415611011593,1.8157726510338543,0.2086223060200112,2.5002641287197003
33.0,202.0,1000.5426025390624,-4.38181940135786,-3.791399619586264,1.7098403453403448,3.179839270708793,2.472621786164863,3.003677044616322,-0.3392415623793538,1.8157727856240613,0.2086136569841203,2.5002641287197003
33.0,202.0,1000.5426025390624,-4.38181940135786,-3.791399619586264,1.7098404294414218,3.179839270708765,2.47262178616488,3.003668488078424,-0.3392415622710885,1.8157726510338543,0.2086230390980571,2.5002641287197003
33.0,202.0,1000.5426025390624,-4.38181940135786,-3.791399619586264,1.7098404294414218,3.179839270708757,2.4726217861648614,3.003667666776133,-0.339241562247788,1.8157726510338543,0.208614743559608,2.5002641287197003
33.0,202.0,1000.5426025390624,-4.38181940135786,-3.791399619586264,1.7098404294414218,3.179839270708765,2.47262178616488,3.003668488078424,-0.339241562270528,1.8157726515931216,0.2086230390980571,2.5002641287197003
33.0,202.0,1000.5426025390624,-4.38181940135786,-3.791399619586264,1.7098403353941622,3.1798392707084764,2.472621786164863,3.003668464280405,-0.3392415602942843,1.815772653960668,0.2086137716531048,2.5002641287197003
33.0,202.0,1000.5426025390624,-4.38181940135786,-3.791399619586264,1.7098404294422462,3.179839270722096,2.4726217861650213,3.0036674481036902,-0.3392415622701736,1.8157726522125663,0.2086230390980571,2.5002641287197003
33.0,202.0,1000.5426025390624,-4.38181940135786,-3.791399619586264,1.7098403452108242,3.179839270708766,2.472621786164864,3.003677044616322,-0.3392415623793538,1.8157726539566823,0.2086136569841203,2.5002641287197003
33.0,202.0,1000.5426025390624,-4.38181940135786,-3.791399619586264,1.7098404294414218,3.1798392707086403,2.4726217861648787,3.0036654808814074,-0.3392415604091006,1.8157710386035544,0.208613778620579,2.5002641287197003
33.0,202.0,1000.5426025390624,-4.38181940135786,-3.791399619586264,1.7098404294414218,3.179839270708765,2.47262178616488,3.003668488078424,-0.339241562270528,1.8157726510338543,0.2086230390980571,2.5002641287197003
33.0,202.0,1000.5426025390624,-4.38181940135786,-3.791399619586264,1.7098404302970067,3.17983927070833,2.4726217861649955,3.003668488078424,-0.3392415622701736,1.8157726646904853,0.2086143376998105,2.5002641287197003
33.0,202.0,1000.5426025390624,-4.38181940135786,-3.791399619586264,1.7098404300144514,3.1798392707084253,2.472621786164862,3.003660714415029,-0.3392415622713721,1.8157744485262013,0.2086137238544499,2.5002641287197003
33.0,202.0,1000.5426025390624,-4.38181940135786,-3.791399619586264,1.7098404294414218,3.179839270708765,2.472621786164881,3.003668488078424,-0.3392415622713455,1.8157726510338543,0.2086230390980571,2.5002641287197003
33.0,202.0,1000.5426025390624,-4.38181940135786,-3.791399619586264,1.7098403451711213,3.1798392707227703,2.4726217861648623,3.00368219255876,-0.3392415602991104,1.8157709439508591,0.2086137677655681,2.5002641287197003
33.0,202.0,1000.5426025390624,-4.38181940135786,-3.791399619586264,1.7098404294414218,3.179839270708765,2.47262178616488,3.003668488078424,-0.339241561110106,1.815772618736129,0.2086223076305391,2.5002641287197003
33.0,202.0,1000.5426025390624,-4.38181940135786,-3.791399619586264,1.7098404302970067,3.1798392707224554,2.4726217861648565,3.0036778157578023,-0.3392415622701736,1.815772646579267,0.2086141123325922,2.5002641287197003
33.0,202.0,1000.5426025390624,-4.38181940135786,-3.791399619586264,1.7098404294414218,3.179839270708765,2.47262178616488,3.003668602277252,-0.3392415611247337,1.815772619295396,0.2086223076305391,2.5002641287197003
33.0,202.0,1000.5426025390624,-4.38181940135786,-3.791399619586264,1.7098404294414218,3.1798392707086407,2.47262178616488,3.003668488078424,-0.3392415622483473,1.8157726510338543,0.2086230390980571,2.5002641287197003
33.0,202.0,1000.5426025390624,-4.38181940135786,-3.791399619586264,1.7098403353941622,3.179839270708793,2.472621786164864,3.003677791959784,-0.3392415621793114,1.8157725824985929,0.2086045753542724,2.5002641287197003
33.0,202.0,1000.5426025390624,-4.38181940135786,-3.791399619586264,1.7098404294414218,3.179839270708765,2.472621786164881,3.003668488078424,-0.3392415622701736,1.8157726510338543,0.2086230390980571,2.5002641287197003
33.0,202.0,1000.5426025390624,-4.38181940135786,-3.791399619586264,1.7098404294414218,3.179839270708765,2.47262178616488,3.003668488078424,-0.3392415622471755,1.8157726510338543,0.2086230390980571,2.5002641287197003
33.0,202.0,1000.5426025390624,-4.38181940135786,-3.791399619586264,1.709840441144125,3.179839270708574,2.47262178616488,3.003660757198738,-0.3392415621750908,1.8157744485262013,0.2086137703700644,2.5002641287197003
33.0,202.0,1000.5426025390624,-4.38181940135786,-3.791399619586264,1.7098404294414218,3.179839270708765,2.47262178616488,3.003668655372412,-0.3392415623654631,1.815772618736129,0.2086223076305391,2.5002641287197003
33.0,202.0,1000.5426025390624,-4.38181940135786,-3.791399619586264,1.7098404294414218,3.1798392707086407,2.47262178616488,3.003668488078424,-0.3392415622483473,1.8157726510338543,0.2086230390980571,2.5002641287197003
33.0,202.0,1000.5426025390624,-4.38181940135786,-3.791399619586264,1.7098404407105547,3.17983927070857,2.47262178616488,3.003668488078424,-0.339241562270528,1.8157726510338543,0.2086230390980571,2.5002641287197003
33.0,203.0,1000.5426025390624,-4.38181940135786,-3.791399619586264,1.7098404294414218,3.179839270708765,2.47262178616488,3.003668488078424,-0.339241562270528,1.8157726510338543,0.2086230390980571,2.5002641287197003
33.0,203.0,1000.5426025390624,-4.38181940135786,-3.791399619586264,1.7098403353941622,3.179839270708793,2.472621786164863,3.003677791959784,-0.3392415623558534,1.8157727856240613,0.2086136569841203,2.5002641287197003
33.0,203.0,1000.5426025390624,-4.38181940135786,-3.791399619586264,1.7098404294414218,3.179839270708765,2.472621786164881,3.003668488078424,-0.3392415622479929,1.8157726510338543,0.2086230390980571,2.5002641287197003
33.0,203.0,1000.5426025390624,-4.38181940135786,-3.791399619586264,1.7098404294414218,3.179839270708765,2.472621786164881,3.003668488078424,-0.3392415622701736,1.8157726510338543,0.2086230390980571,2.5002641287197003
33.0,203.0,1000.5426025390624,-4.38181940135786,-3.791399619586264,1.7098404294414218,3.179839270708765,2.47262178616488,3.003668488078424,-0.3392415622483473,1.8157726510338543,0.2086230390980571,2.5002641287197003
33.0,203.0,1000.5426025390624,-4.38181940135786,-3.791399619586264,1.7098404294414218,3.1798392707086403,2.4726217861648787,3.0036654808814074,-0.3392415622941276,1.8157726510338543,0.2086045853392703,2.5002641287197003
33.0,203.0,1000.5426025390624,-4.38181940135786,-3.791399619586264,1.7098404294414218,3.179839270708765,2.47262178616488,3.003668488078424,-0.339241562270528,1.8157726510338543,0.2086230390980571,2.5002641287197003
33.0,203.0,1000.5426025390624,-4.38181940135786,-3.791399619586264,1.7098403353941622,3.179839270708793,2.472621786164863,3.003677791959784,-0.3392415602942843,1.8157709700682927,0.208613768635581,2.5002641287197003
33.0,203.0,1000.5426025390624,-4.38181940135786,-3.791399619586264,1.7098404410901251,3.179839270708574,2.472621786164862,3.003660757198738,-0.3392415621750908,1.8157744485262013,0.2086137703700644,2.5002641287197003
33.0,203.0,1000.5426025390624,-4.38181940135786,-3.791399619586264,1.7098404294414218,3.179839270708765,2.47262178616488,3.003668488078424,-0.339241562270528,1.8157726510338543,0.2086230390980571,2.5002641287197003
33.0,203.0,1000.5426025390624,-4.38181940135786,-3.791399619586264,1.7098404410901251,3.179839270708817,2.472621786164862,3.003660757198738,-0.3392415621750908,1.8157744485262013,0.2086137238544499,2.5002641287197003
33.0,203.0,1000.5426025390624,-4.38181940135786,-3.791399619586264,1.7098403420858872,3.179839270709712,2.472621786164862,3.0036676782153937,-0.3392415621850866,1.815770970256744,0.2086143502420084,2.5002641287197003
33.0,203.0,1000.5426025390624,-4.38181940135786,-3.791399619586264,1.7098404294414218,3.179839270708765,2.4726217861648627,3.003668488078424,-0.339241562270528,1.8157726510338543,0.2086230390980571,2.5002641287197003
33.0,203.0,1000.5426025390624,-4.38181940135786,-3.791399619586264,1.7098403353941622,3.179839270708793,2.472621786164863,3.003677791959784,-0.3392415602942843,1.8157726460146384,0.208613768635581,2.5002641287197003
33.0,203.0,1000.5426025390624,-4.38181940135786,-3.791399619586264,1.7098403369228028,3.179839270708793,2.4726217861648467,3.003677791959784,-0.3392415623558534,1.8157727856240613,0.2086136569841203,2.5002641287197003
33.0,203.0,1000.5426025390624,-4.38181940135786,-3.791399619586264,1.7098404294414218,3.179839270708765,2.47262178616488,3.003668488078424,-0.339241561110106,1.815772619295396,0.2086223076305391,2.5002641287197003
33.0,203.0,1000.5426025390624,-4.38181940135786,-3.791399619586264,1.7098404302970067,3.1798392707221392,2.4726217861649955,3.003668488078424,-0.3392415622701736,1.8157726510338543,0.2086230390980571,2.5002641287197003
33.0,203.0,1000.5426025390624,-4.38181940135786,-3.791399619586264,1.7098404294414218,3.179839270708765,2.47262178616488,3.003668488078424,-0.339241561110106,1.815772619295396,0.2086223076305391,2.5002641287197003
33.0,203.0,1000.5426025390624,-4.38181940135786,-3.791399619586264,1.7098403353941622,3.179839270708793,2.472621786164863,3.003677791959784,-0.3392415623558534,1.8157727856240613,0.2086136569841203,2.5002641287197003
33.0,203.0,1000.5426025390624,-4.38181940135786,-3.791399619586264,1.7098404302970067,3.17983927070833,2.4726217861649955,3.003668488078424,-0.3392415622701736,1.8157726646904853,0.2086143376998105,2.5002641287197003
33.0,203.0,1000.5426025390624,-4.38181940135786,-3.791399619586264,1.7098403347843747,3.179839270709807,2.472621786164865,3.0036723503264384,-0.3392415622642545,1.815770955111256,0.2086137691487854,2.5002641287197003
33.0,203.0,1000.5426025390624,-4.38181940135786,-3.791399619586264,1.7098404302970067,3.1798392707221392,2.4726217861648565,3.003668488078424,-0.3392415622701736,1.815772654525296,0.2086141153501159,2.5002641287197003
33.0,203.0,1000.5426025390624,-4.38181940135786,-3.791399619586264,1.7098404294414218,3.179839270706791,2.472621786164998,3.003663554483168,-0.3392415623851919,1.815772652417452,0.2086218274457262,2.5002641287197003
33.0,203.0,1000.5426025390624,-4.38181940135786,-3.791399619586264,1.7098404294414218,3.179839270708765,2.472621786164881,3.003668488078424,-0.3392415622474325,1.8157726510338543,0.2086230390980571,2.5002641287197003
33.0,203.0,1000.5426025390624,-4.38181940135786,-3.791399619586264,1.7098404294414218,3.179839270708637,2.472621786164864,3.0036654808814074,-0.3392415622941276,1.8157726510338543,0.2086045384703378,2.5002641287197003
33.0,203.0,1000.5426025390624,-4.38181940135786,-3.791399619586264,1.7098404294414218,3.179839270708765,2.47262178616488,3.003668488078424,-0.3392415611011593,1.8157726510338543,0.2086223060200112,2.5002641287197003
33.0,203.0,1000.5426025390624,-4.38181940135786,-3.791399619586264,1.7098403453403448,3.179839270708793,2.472621786164863,3.003677044616322,-0.3392415623793538,1.8157727856240613,0.2086136569841203,2.5002641287197003
33.0,203.0,1000.5426025390624,-4.38181940135786,-3.791399619586264,1.7098404294414218,3.179839270708765,2.47262178616488,3.003668488078424,-0.3392415622710885,1.8157726510338543,0.2086230390980571,2.5002641287197003
33.0,203.0,1000.5426025390624,-4.38181940135786,-3.791399619586264,1.7098404294414218,3.179839270708757,2.4726217861648614,3.003667666776133,-0.339241562247788,1.8157726510338543,0.208614743559608,2.5002641287197003
33.0,203.0,1000.5426025390624,-4.38181940135786,-3.791399619586264,1.7098404294414218,3.179839270708765,2.47262178616488,3.003668488078424,-0.339241562270528,1.8157726515931216,0.2086230390980571,2.5002641287197003
33.0,203.0,1000.5426025390624,-4.38181940135786,-3.791399619586264,1.7098403353941622,3.1798392707084764,2.472621786164863,3.003668464280405,-0.3392415602942843,1.815772653960668,0.2086137716531048,2.5002641287197003
33.0,203.0,1000.5426025390624,-4.38181940135786,-3.791399619586264,1.7098404294422462,3.179839270722096,2.4726217861650213,3.0036674481036902,-0.3392415622701736,1.8157726522125663,0.2086230390980571,2.5002641287197003
33.0,203.0,1000.5426025390624,-4.38181940135786,-3.791399619586264,1.7098403452108242,3.179839270708766,2.472621786164864,3.003677044616322,-0.3392415623793538,1.8157726539566823,0.2086136569841203,2.5002641287197003
33.0,203.0,1000.5426025390624,-4.38181940135786,-3.791399619586264,1.7098404294414218,3.1798392707086403,2.4726217861648787,3.0036654808814074,-0.3392415604091006,1.8157710386035544,0.208613778620579,2.5002641287197003
33.0,203.0,1000.5426025390624,-4.38181940135786,-3.791399619586264,1.7098404294414218,3.179839270708765,2.47262178616488,3.003668488078424,-0.339241562270528,1.8157726510338543,0.2086230390980571,2.5002641287197003
33.0,203.0,1000.5426025390624,-4.38181940135786,-3.791399619586264,1.7098404302970067,3.17983927070833,2.4726217861649955,3.003668488078424,-0.3392415622701736,1.8157726646904853,0.2086143376998105,2.5002641287197003
33.0,203.0,1000.5426025390624,-4.38181940135786,-3.791399619586264,1.7098404300144514,3.1798392707084253,2.472621786164862,3.003660714415029,-0.3392415622713721,1.8157744485262013,0.2086137238544499,2.5002641287197003
33.0,203.0,1000.5426025390624,-4.38181940135786,-3.791399619586264,1.7098404294414218,3.179839270708765,2.472621786164881,3.003668488078424,-0.3392415622713455,1.8157726510338543,0.2086230390980571,2.5002641287197003
33.0,203.0,1000.5426025390624,-4.38181940135786,-3.791399619586264,1.7098403451711213,3.1798392707227703,2.4726217861648623,3.00368219255876,-0.3392415602991104,1.8157709439508591,0.2086137677655681,2.5002641287197003
33.0,203.0,1000.5426025390624,-4.38181940135786,-3.791399619586264,1.7098404294414218,3.179839270708765,2.47262178616488,3.003668488078424,-0.339241561110106,1.815772618736129,0.2086223076305391,2.5002641287197003
33.0,203.0,1000.5426025390624,-4.38181940135786,-3.791399619586264,1.7098404302970067,3.1798392707224554,2.4726217861648565,3.0036778157578023,-0.3392415622701736,1.815772646579267,0.2086141123325922,2.5002641287197003
33.0,203.0,1000.5426025390624,-4.38181940135786,-3.791399619586264,1.7098404294414218,3.179839270708765,2.47262178616488,3.003668602277252,-0.3392415611247337,1.815772619295396,0.2086223076305391,2.5002641287197003
33.0,203.0,1000.5426025390624,-4.38181940135786,-3.791399619586264,1.7098404294414218,3.1798392707086407,2.47262178616488,3.003668488078424,-0.3392415622483473,1.8157726510338543,0.2086230390980571,2.5002641287197003
33.0,203.0,1000.5426025390624,-4.38181940135786,-3.791399619586264,1.7098403353941622,3.179839270708793,2.472621786164864,3.003677791959784,-0.3392415621793114,1.8157725824985929,0.2086045753542724,2.5002641287197003
33.0,203.0,1000.5426025390624,-4.38181940135786,-3.791399619586264,1.7098404294414218,3.179839270708765,2.472621786164881,3.003668488078424,-0.3392415622701736,1.8157726510338543,0.2086230390980571,2.5002641287197003
33.0,203.0,1000.5426025390624,-4.38181940135786,-3.791399619586264,1.7098404294414218,3.179839270708765,2.47262178616488,3.003668488078424,-0.3392415622471755,1.8157726510338543,0.2086230390980571,2.5002641287197003
33.0,203.0,1000.5426025390624,-4.38181940135786,-3.791399619586264,1.709840441144125,3.179839270708574,2.47262178616488,3.003660757198738,-0.3392415621750908,1.8157744485262013,0.2086137703700644,2.5002641287197003
33.0,203.0,1000.5426025390624,-4.38181940135786,-3.791399619586264,1.7098404294414218,3.179839270708765,2.47262178616488,3.003668655372412,-0.3392415623654631,1.815772618736129,0.2086223076305391,2.5002641287197003
33.0,203.0,1000.5426025390624,-4.38181940135786,-3.791399619586264,1.7098404294414218,3.1798392707086407,2.47262178616488,3.003668488078424,-0.3392415622483473,1.8157726510338543,0.2086230390980571,2.5002641287197003
33.0,203.0,1000.5426025390624,-4.38181940135786,-3.791399619586264,1.7098404407105547,3.17983927070857,2.47262178616488,3.003668488078424,-0.339241562270528,1.8157726510338543,0.2086230390980571,2.5002641287197003
33.0,204.0,1000.5426025390624,-4.38181940135786,-3.791399619586264,1.7098404294414218,3.179839270708765,2.47262178616488,3.003668488078424,-0.339241562270528,1.8157726510338543,0.2086230390980571,2.5002641287197003
33.0,204.0,1000.5426025390624,-4.38181940135786,-3.791399619586264,1.7098403353941622,3.179839270708793,2.472621786164863,3.003677791959784,-0.3392415623558534,1.8157727856240613,0.2086136569841203,2.5002641287197003
33.0,204.0,1000.5426025390624,-4.38181940135786,-3.791399619586264,1.7098404294414218,3.179839270708765,2.472621786164881,3.003668488078424,-0.3392415622479929,1.8157726510338543,0.2086230390980571,2.5002641287197003
33.0,204.0,1000.5426025390624,-4.38181940135786,-3.791399619586264,1.7098404294414218,3.179839270708765,2.472621786164881,3.003668488078424,-0.3392415622701736,1.8157726510338543,0.2086230390980571,2.5002641287197003
33.0,204.0,1000.5426025390624,-4.38181940135786,-3.791399619586264,1.7098404294414218,3.179839270708765,2.47262178616488,3.003668488078424,-0.3392415622483473,1.8157726510338543,0.2086230390980571,2.5002641287197003
33.0,204.0,1000.5426025390624,-4.38181940135786,-3.791399619586264,1.7098404294414218,3.1798392707086403,2.4726217861648787,3.0036654808814074,-0.3392415622941276,1.8157726510338543,0.2086045853392703,2.5002641287197003
33.0,204.0,1000.5426025390624,-4.38181940135786,-3.791399619586264,1.7098404294414218,3.179839270708765,2.47262178616488,3.003668488078424,-0.339241562270528,1.8157726510338543,0.2086230390980571,2.5002641287197003
33.0,204.0,1000.5426025390624,-4.38181940135786,-3.791399619586264,1.7098403353941622,3.179839270708793,2.472621786164863,3.003677791959784,-0.3392415602942843,1.8157709700682927,0.208613768635581,2.5002641287197003
33.0,204.0,1000.5426025390624,-4.38181940135786,-3.791399619586264,1.7098404410901251,3.179839270708574,2.472621786164862,3.003660757198738,-0.3392415621750908,1.8157744485262013,0.2086137703700644,2.5002641287197003
33.0,204.0,1000.5426025390624,-4.38181940135786,-3.791399619586264,1.7098404294414218,3.179839270708765,2.47262178616488,3.003668488078424,-0.339241562270528,1.8157726510338543,0.2086230390980571,2.5002641287197003
33.0,204.0,1000.5426025390624,-4.38181940135786,-3.791399619586264,1.7098404410901251,3.179839270708817,2.472621786164862,3.003660757198738,-0.3392415621750908,1.8157744485262013,0.2086137238544499,2.5002641287197003
33.0,204.0,1000.5426025390624,-4.38181940135786,-3.791399619586264,1.7098403420858872,3.179839270709712,2.472621786164862,3.0036676782153937,-0.3392415621850866,1.815770970256744,0.2086143502420084,2.5002641287197003
33.0,204.0,1000.5426025390624,-4.38181940135786,-3.791399619586264,1.7098404294414218,3.179839270708765,2.4726217861648627,3.003668488078424,-0.339241562270528,1.8157726510338543,0.2086230390980571,2.5002641287197003
33.0,204.0,1000.5426025390624,-4.38181940135786,-3.791399619586264,1.7098403353941622,3.179839270708793,2.472621786164863,3.003677791959784,-0.3392415602942843,1.8157726460146384,0.208613768635581,2.5002641287197003
33.0,204.0,1000.5426025390624,-4.38181940135786,-3.791399619586264,1.7098403369228028,3.179839270708793,2.4726217861648467,3.003677791959784,-0.3392415623558534,1.8157727856240613,0.2086136569841203,2.5002641287197003
33.0,204.0,1000.5426025390624,-4.38181940135786,-3.791399619586264,1.7098404294414218,3.179839270708765,2.47262178616488,3.003668488078424,-0.339241561110106,1.815772619295396,0.2086223076305391,2.5002641287197003
33.0,204.0,1000.5426025390624,-4.38181940135786,-3.791399619586264,1.7098404302970067,3.1798392707221392,2.4726217861649955,3.003668488078424,-0.3392415622701736,1.8157726510338543,0.2086230390980571,2.5002641287197003
33.0,204.0,1000.5426025390624,-4.38181940135786,-3.791399619586264,1.7098404294414218,3.179839270708765,2.47262178616488,3.003668488078424,-0.339241561110106,1.815772619295396,0.2086223076305391,2.5002641287197003
33.0,204.0,1000.5426025390624,-4.38181940135786,-3.791399619586264,1.7098403353941622,3.179839270708793,2.472621786164863,3.003677791959784,-0.3392415623558534,1.8157727856240613,0.2086136569841203,2.5002641287197003
33.0,204.0,1000.5426025390624,-4.38181940135786,-3.791399619586264,1.7098404302970067,3.17983927070833,2.4726217861649955,3.003668488078424,-0.3392415622701736,1.8157726646904853,0.2086143376998105,2.5002641287197003
33.0,204.0,1000.5426025390624,-4.38181940135786,-3.791399619586264,1.7098403347843747,3.179839270709807,2.472621786164865,3.0036723503264384,-0.3392415622642545,1.815770955111256,0.2086137691487854,2.5002641287197003
33.0,204.0,1000.5426025390624,-4.38181940135786,-3.791399619586264,1.7098404302970067,3.1798392707221392,2.4726217861648565,3.003668488078424,-0.3392415622701736,1.815772654525296,0.2086141153501159,2.5002641287197003
33.0,204.0,1000.5426025390624,-4.38181940135786,-3.791399619586264,1.7098404294414218,3.179839270706791,2.472621786164998,3.003663554483168,-0.3392415623851919,1.815772652417452,0.2086218274457262,2.5002641287197003
33.0,204.0,1000.5426025390624,-4.38181940135786,-3.791399619586264,1.7098404294414218,3.179839270708765,2.472621786164881,3.003668488078424,-0.3392415622474325,1.8157726510338543,0.2086230390980571,2.5002641287197003
33.0,204.0,1000.5426025390624,-4.38181940135786,-3.791399619586264,1.7098404294414218,3.179839270708637,2.472621786164864,3.0036654808814074,-0.3392415622941276,1.8157726510338543,0.2086045384703378,2.5002641287197003
33.0,204.0,1000.5426025390624,-4.38181940135786,-3.791399619586264,1.7098404294414218,3.179839270708765,2.47262178616488,3.003668488078424,-0.3392415611011593,1.8157726510338543,0.2086223060200112,2.5002641287197003
33.0,204.0,1000.5426025390624,-4.38181940135786,-3.791399619586264,1.7098403453403448,3.179839270708793,2.472621786164863,3.003677044616322,-0.3392415623793538,1.8157727856240613,0.2086136569841203,2.5002641287197003
33.0,204.0,1000.5426025390624,-4.38181940135786,-3.791399619586264,1.7098404294414218,3.179839270708765,2.47262178616488,3.003668488078424,-0.3392415622710885,1.8157726510338543,0.2086230390980571,2.5002641287197003
33.0,204.0,1000.5426025390624,-4.38181940135786,-3.791399619586264,1.7098404294414218,3.179839270708757,2.4726217861648614,3.003667666776133,-0.339241562247788,1.8157726510338543,0.208614743559608,2.5002641287197003
33.0,204.0,1000.5426025390624,-4.38181940135786,-3.791399619586264,1.7098404294414218,3.179839270708765,2.47262178616488,3.003668488078424,-0.339241562270528,1.8157726515931216,0.2086230390980571,2.5002641287197003
33.0,204.0,1000.5426025390624,-4.38181940135786,-3.791399619586264,1.7098403353941622,3.1798392707084764,2.472621786164863,3.003668464280405,-0.3392415602942843,1.815772653960668,0.2086137716531048,2.5002641287197003
33.0,204.0,1000.5426025390624,-4.38181940135786,-3.791399619586264,1.7098404294422462,3.179839270722096,2.4726217861650213,3.0036674481036902,-0.3392415622701736,1.8157726522125663,0.2086230390980571,2.5002641287197003
33.0,204.0,1000.5426025390624,-4.38181940135786,-3.791399619586264,1.7098403452108242,3.179839270708766,2.472621786164864,3.003677044616322,-0.3392415623793538,1.8157726539566823,0.2086136569841203,2.5002641287197003
33.0,204.0,1000.5426025390624,-4.38181940135786,-3.791399619586264,1.7098404294414218,3.1798392707086403,2.4726217861648787,3.0036654808814074,-0.3392415604091006,1.8157710386035544,0.208613778620579,2.5002641287197003
33.0,204.0,1000.5426025390624,-4.38181940135786,-3.791399619586264,1.7098404294414218,3.179839270708765,2.47262178616488,3.003668488078424,-0.339241562270528,1.8157726510338543,0.2086230390980571,2.5002641287197003
33.0,204.0,1000.5426025390624,-4.38181940135786,-3.791399619586264,1.7098404302970067,3.17983927070833,2.4726217861649955,3.003668488078424,-0.3392415622701736,1.8157726646904853,0.2086143376998105,2.5002641287197003
33.0,204.0,1000.5426025390624,-4.38181940135786,-3.791399619586264,1.7098404300144514,3.1798392707084253,2.472621786164862,3.003660714415029,-0.3392415622713721,1.8157744485262013,0.2086137238544499,2.5002641287197003
33.0,204.0,1000.5426025390624,-4.38181940135786,-3.791399619586264,1.7098404294414218,3.179839270708765,2.472621786164881,3.003668488078424,-0.3392415622713455,1.8157726510338543,0.2086230390980571,2.5002641287197003
33.0,204.0,1000.5426025390624,-4.38181940135786,-3.791399619586264,1.7098403451711213,3.1798392707227703,2.4726217861648623,3.00368219255876,-0.3392415602991104,1.8157709439508591,0.2086137677655681,2.5002641287197003
33.0,204.0,1000.5426025390624,-4.38181940135786,-3.791399619586264,1.7098404294414218,3.179839270708765,2.47262178616488,3.003668488078424,-0.339241561110106,1.815772618736129,0.2086223076305391,2.5002641287197003
33.0,204.0,1000.5426025390624,-4.38181940135786,-3.791399619586264,1.7098404302970067,3.1798392707224554,2.4726217861648565,3.0036778157578023,-0.3392415622701736,1.815772646579267,0.2086141123325922,2.5002641287197003
33.0,204.0,1000.5426025390624,-4.38181940135786,-3.791399619586264,1.7098404294414218,3.179839270708765,2.47262178616488,3.003668602277252,-0.3392415611247337,1.815772619295396,0.2086223076305391,2.5002641287197003
33.0,204.0,1000.5426025390624,-4.38181940135786,-3.791399619586264,1.7098404294414218,3.1798392707086407,2.47262178616488,3.003668488078424,-0.3392415622483473,1.8157726510338543,0.2086230390980571,2.5002641287197003
33.0,204.0,1000.5426025390624,-4.38181940135786,-3.791399619586264,1.7098403353941622,3.179839270708793,2.472621786164864,3.003677791959784,-0.3392415621793114,1.8157725824985929,0.2086045753542724,2.5002641287197003
33.0,204.0,1000.5426025390624,-4.38181940135786,-3.791399619586264,1.7098404294414218,3.179839270708765,2.472621786164881,3.003668488078424,-0.3392415622701736,1.8157726510338543,0.2086230390980571,2.5002641287197003
33.0,204.0,1000.5426025390624,-4.38181940135786,-3.791399619586264,1.7098404294414218,3.179839270708765,2.47262178616488,3.003668488078424,-0.3392415622471755,1.8157726510338543,0.2086230390980571,2.5002641287197003
33.0,204.0,1000.5426025390624,-4.38181940135786,-3.791399619586264,1.709840441144125,3.179839270708574,2.47262178616488,3.003660757198738,-0.3392415621750908,1.8157744485262013,0.2086137703700644,2.5002641287197003
33.0,204.0,1000.5426025390624,-4.38181940135786,-3.791399619586264,1.7098404294414218,3.179839270708765,2.47262178616488,3.003668655372412,-0.3392415623654631,1.815772618736129,0.2086223076305391,2.5002641287197003
33.0,204.0,1000.5426025390624,-4.38181940135786,-3.791399619586264,1.7098404294414218,3.1798392707086407,2.47262178616488,3.003668488078424,-0.3392415622483473,1.8157726510338543,0.2086230390980571,2.5002641287197003
33.0,204.0,1000.5426025390624,-4.38181940135786,-3.791399619586264,1.7098404407105547,3.17983927070857,2.47262178616488,3.003668488078424,-0.339241562270528,1.8157726510338543,0.2086230390980571,2.5002641287197003
33.0,205.0,1000.5426025390624,-4.38181940135786,-3.791399619586264,1.7098404294414218,3.179839270708765,2.47262178616488,3.003668488078424,-0.339241562270528,1.8157726510338543,0.2086230390980571,2.5002641287197003
33.0,205.0,1000.5426025390624,-4.38181940135786,-3.791399619586264,1.7098403353941622,3.179839270708793,2.472621786164863,3.003677791959784,-0.3392415623558534,1.8157727856240613,0.2086136569841203,2.5002641287197003
33.0,205.0,1000.5426025390624,-4.38181940135786,-3.791399619586264,1.7098404294414218,3.179839270708765,2.472621786164881,3.003668488078424,-0.3392415622479929,1.8157726510338543,0.2086230390980571,2.5002641287197003
33.0,205.0,1000.5426025390624,-4.38181940135786,-3.791399619586264,1.7098404294414218,3.179839270708765,2.472621786164881,3.003668488078424,-0.3392415622701736,1.8157726510338543,0.2086230390980571,2.5002641287197003
33.0,205.0,1000.5426025390624,-4.38181940135786,-3.791399619586264,1.7098404294414218,3.179839270708765,2.47262178616488,3.003668488078424,-0.3392415622483473,1.8157726510338543,0.2086230390980571,2.5002641287197003
33.0,205.0,1000.5426025390624,-4.38181940135786,-3.791399619586264,1.7098404294414218,3.1798392707086403,2.4726217861648787,3.0036654808814074,-0.3392415622941276,1.8157726510338543,0.2086045853392703,2.5002641287197003
33.0,205.0,1000.5426025390624,-4.38181940135786,-3.791399619586264,1.7098404294414218,3.179839270708765,2.47262178616488,3.003668488078424,-0.339241562270528,1.8157726510338543,0.2086230390980571,2.5002641287197003
33.0,205.0,1000.5426025390624,-4.38181940135786,-3.791399619586264,1.7098403353941622,3.179839270708793,2.472621786164863,3.003677791959784,-0.3392415602942843,1.8157709700682927,0.208613768635581,2.5002641287197003
33.0,205.0,1000.5426025390624,-4.38181940135786,-3.791399619586264,1.7098404410901251,3.179839270708574,2.472621786164862,3.003660757198738,-0.3392415621750908,1.8157744485262013,0.2086137703700644,2.5002641287197003
33.0,205.0,1000.5426025390624,-4.38181940135786,-3.791399619586264,1.7098404294414218,3.179839270708765,2.47262178616488,3.003668488078424,-0.339241562270528,1.8157726510338543,0.2086230390980571,2.5002641287197003
33.0,205.0,1000.5426025390624,-4.38181940135786,-3.791399619586264,1.7098404410901251,3.179839270708817,2.472621786164862,3.003660757198738,-0.3392415621750908,1.8157744485262013,0.2086137238544499,2.5002641287197003
33.0,205.0,1000.5426025390624,-4.38181940135786,-3.791399619586264,1.7098403420858872,3.179839270709712,2.472621786164862,3.0036676782153937,-0.3392415621850866,1.815770970256744,0.2086143502420084,2.5002641287197003
33.0,205.0,1000.5426025390624,-4.38181940135786,-3.791399619586264,1.7098404294414218,3.179839270708765,2.4726217861648627,3.003668488078424,-0.339241562270528,1.8157726510338543,0.2086230390980571,2.5002641287197003
33.0,205.0,1000.5426025390624,-4.38181940135786,-3.791399619586264,1.7098403353941622,3.179839270708793,2.472621786164863,3.003677791959784,-0.3392415602942843,1.8157726460146384,0.208613768635581,2.5002641287197003
33.0,205.0,1000.5426025390624,-4.38181940135786,-3.791399619586264,1.7098403369228028,3.179839270708793,2.4726217861648467,3.003677791959784,-0.3392415623558534,1.8157727856240613,0.2086136569841203,2.5002641287197003
33.0,205.0,1000.5426025390624,-4.38181940135786,-3.791399619586264,1.7098404294414218,3.179839270708765,2.47262178616488,3.003668488078424,-0.339241561110106,1.815772619295396,0.2086223076305391,2.5002641287197003
33.0,205.0,1000.5426025390624,-4.38181940135786,-3.791399619586264,1.7098404302970067,3.1798392707221392,2.4726217861649955,3.003668488078424,-0.3392415622701736,1.8157726510338543,0.2086230390980571,2.5002641287197003
33.0,205.0,1000.5426025390624,-4.38181940135786,-3.791399619586264,1.7098404294414218,3.179839270708765,2.47262178616488,3.003668488078424,-0.339241561110106,1.815772619295396,0.2086223076305391,2.5002641287197003
33.0,205.0,1000.5426025390624,-4.38181940135786,-3.791399619586264,1.7098403353941622,3.179839270708793,2.472621786164863,3.003677791959784,-0.3392415623558534,1.8157727856240613,0.2086136569841203,2.5002641287197003
33.0,205.0,1000.5426025390624,-4.38181940135786,-3.791399619586264,1.7098404302970067,3.17983927070833,2.4726217861649955,3.003668488078424,-0.3392415622701736,1.8157726646904853,0.2086143376998105,2.5002641287197003
33.0,205.0,1000.5426025390624,-4.38181940135786,-3.791399619586264,1.7098403347843747,3.179839270709807,2.472621786164865,3.0036723503264384,-0.3392415622642545,1.815770955111256,0.2086137691487854,2.5002641287197003
33.0,205.0,1000.5426025390624,-4.38181940135786,-3.791399619586264,1.7098404302970067,3.1798392707221392,2.4726217861648565,3.003668488078424,-0.3392415622701736,1.815772654525296,0.2086141153501159,2.5002641287197003
33.0,205.0,1000.5426025390624,-4.38181940135786,-3.791399619586264,1.7098404294414218,3.179839270706791,2.472621786164998,3.003663554483168,-0.3392415623851919,1.815772652417452,0.2086218274457262,2.5002641287197003
33.0,205.0,1000.5426025390624,-4.38181940135786,-3.791399619586264,1.7098404294414218,3.179839270708765,2.472621786164881,3.003668488078424,-0.3392415622474325,1.8157726510338543,0.2086230390980571,2.5002641287197003
33.0,205.0,1000.5426025390624,-4.38181940135786,-3.791399619586264,1.7098404294414218,3.179839270708637,2.472621786164864,3.0036654808814074,-0.3392415622941276,1.8157726510338543,0.2086045384703378,2.5002641287197003
33.0,205.0,1000.5426025390624,-4.38181940135786,-3.791399619586264,1.7098404294414218,3.179839270708765,2.47262178616488,3.003668488078424,-0.3392415611011593,1.8157726510338543,0.2086223060200112,2.5002641287197003
33.0,205.0,1000.5426025390624,-4.38181940135786,-3.791399619586264,1.7098403453403448,3.179839270708793,2.472621786164863,3.003677044616322,-0.3392415623793538,1.8157727856240613,0.2086136569841203,2.5002641287197003
33.0,205.0,1000.5426025390624,-4.38181940135786,-3.791399619586264,1.7098404294414218,3.179839270708765,2.47262178616488,3.003668488078424,-0.3392415622710885,1.8157726510338543,0.2086230390980571,2.5002641287197003
33.0,205.0,1000.5426025390624,-4.38181940135786,-3.791399619586264,1.7098404294414218,3.179839270708757,2.4726217861648614,3.003667666776133,-0.339241562247788,1.8157726510338543,0.208614743559608,2.5002641287197003
33.0,205.0,1000.5426025390624,-4.38181940135786,-3.791399619586264,1.7098404294414218,3.179839270708765,2.47262178616488,3.003668488078424,-0.339241562270528,1.8157726515931216,0.2086230390980571,2.5002641287197003
33.0,205.0,1000.5426025390624,-4.38181940135786,-3.791399619586264,1.7098403353941622,3.1798392707084764,2.472621786164863,3.003668464280405,-0.3392415602942843,1.815772653960668,0.2086137716531048,2.5002641287197003
33.0,205.0,1000.5426025390624,-4.38181940135786,-3.791399619586264,1.7098404294422462,3.179839270722096,2.4726217861650213,3.0036674481036902,-0.3392415622701736,1.8157726522125663,0.2086230390980571,2.5002641287197003
33.0,205.0,1000.5426025390624,-4.38181940135786,-3.791399619586264,1.7098403452108242,3.179839270708766,2.472621786164864,3.003677044616322,-0.3392415623793538,1.8157726539566823,0.2086136569841203,2.5002641287197003
33.0,205.0,1000.5426025390624,-4.38181940135786,-3.791399619586264,1.7098404294414218,3.1798392707086403,2.4726217861648787,3.0036654808814074,-0.3392415604091006,1.8157710386035544,0.208613778620579,2.5002641287197003
33.0,205.0,1000.5426025390624,-4.38181940135786,-3.791399619586264,1.7098404294414218,3.179839270708765,2.47262178616488,3.003668488078424,-0.339241562270528,1.8157726510338543,0.2086230390980571,2.5002641287197003
33.0,205.0,1000.5426025390624,-4.38181940135786,-3.791399619586264,1.7098404302970067,3.17983927070833,2.4726217861649955,3.003668488078424,-0.3392415622701736,1.8157726646904853,0.2086143376998105,2.5002641287197003
33.0,205.0,1000.5426025390624,-4.38181940135786,-3.791399619586264,1.7098404300144514,3.1798392707084253,2.472621786164862,3.003660714415029,-0.3392415622713721,1.8157744485262013,0.2086137238544499,2.5002641287197003
33.0,205.0,1000.5426025390624,-4.38181940135786,-3.791399619586264,1.7098404294414218,3.179839270708765,2.472621786164881,3.003668488078424,-0.3392415622713455,1.8157726510338543,0.2086230390980571,2.5002641287197003
33.0,205.0,1000.5426025390624,-4.38181940135786,-3.791399619586264,1.7098403451711213,3.1798392707227703,2.4726217861648623,3.00368219255876,-0.3392415602991104,1.8157709439508591,0.2086137677655681,2.5002641287197003
33.0,205.0,1000.5426025390624,-4.38181940135786,-3.791399619586264,1.7098404294414218,3.179839270708765,2.47262178616488,3.003668488078424,-0.339241561110106,1.815772618736129,0.2086223076305391,2.5002641287197003
33.0,205.0,1000.5426025390624,-4.38181940135786,-3.791399619586264,1.7098404302970067,3.1798392707224554,2.4726217861648565,3.0036778157578023,-0.3392415622701736,1.815772646579267,0.2086141123325922,2.5002641287197003
33.0,205.0,1000.5426025390624,-4.38181940135786,-3.791399619586264,1.7098404294414218,3.179839270708765,2.47262178616488,3.003668602277252,-0.3392415611247337,1.815772619295396,0.2086223076305391,2.5002641287197003
33.0,205.0,1000.5426025390624,-4.38181940135786,-3.791399619586264,1.7098404294414218,3.1798392707086407,2.47262178616488,3.003668488078424,-0.3392415622483473,1.8157726510338543,0.2086230390980571,2.5002641287197003
33.0,205.0,1000.5426025390624,-4.38181940135786,-3.791399619586264,1.7098403353941622,3.179839270708793,2.472621786164864,3.003677791959784,-0.3392415621793114,1.8157725824985929,0.2086045753542724,2.5002641287197003
33.0,205.0,1000.5426025390624,-4.38181940135786,-3.791399619586264,1.7098404294414218,3.179839270708765,2.472621786164881,3.003668488078424,-0.3392415622701736,1.8157726510338543,0.2086230390980571,2.5002641287197003
33.0,205.0,1000.5426025390624,-4.38181940135786,-3.791399619586264,1.7098404294414218,3.179839270708765,2.47262178616488,3.003668488078424,-0.3392415622471755,1.8157726510338543,0.2086230390980571,2.5002641287197003
33.0,205.0,1000.5426025390624,-4.38181940135786,-3.791399619586264,1.709840441144125,3.179839270708574,2.47262178616488,3.003660757198738,-0.3392415621750908,1.8157744485262013,0.2086137703700644,2.5002641287197003
33.0,205.0,1000.5426025390624,-4.38181940135786,-3.791399619586264,1.7098404294414218,3.179839270708765,2.47262178616488,3.003668655372412,-0.3392415623654631,1.815772618736129,0.2086223076305391,2.5002641287197003
33.0,205.0,1000.5426025390624,-4.38181940135786,-3.791399619586264,1.7098404294414218,3.1798392707086407,2.47262178616488,3.003668488078424,-0.3392415622483473,1.8157726510338543,0.2086230390980571,2.5002641287197003
33.0,205.0,1000.5426025390624,-4.38181940135786,-3.791399619586264,1.7098404407105547,3.17983927070857,2.47262178616488,3.003668488078424,-0.339241562270528,1.8157726510338543,0.2086230390980571,2.5002641287197003
33.0,206.0,1000.5426025390624,-4.38181940135786,-3.791399619586264,1.7098404294414218,3.179839270708765,2.47262178616488,3.003668488078424,-0.339241562270528,1.8157726510338543,0.2086230390980571,2.5002641287197003
33.0,206.0,1000.5426025390624,-4.38181940135786,-3.791399619586264,1.7098403353941622,3.179839270708793,2.472621786164863,3.003677791959784,-0.3392415623558534,1.8157727856240613,0.2086136569841203,2.5002641287197003
33.0,206.0,1000.5426025390624,-4.38181940135786,-3.791399619586264,1.7098404294414218,3.179839270708765,2.472621786164881,3.003668488078424,-0.3392415622479929,1.8157726510338543,0.2086230390980571,2.5002641287197003
33.0,206.0,1000.5426025390624,-4.38181940135786,-3.791399619586264,1.7098404294414218,3.179839270708765,2.472621786164881,3.003668488078424,-0.3392415622701736,1.8157726510338543,0.2086230390980571,2.5002641287197003
33.0,206.0,1000.5426025390624,-4.38181940135786,-3.791399619586264,1.7098404294414218,3.179839270708765,2.47262178616488,3.003668488078424,-0.3392415622483473,1.8157726510338543,0.2086230390980571,2.5002641287197003
33.0,206.0,1000.5426025390624,-4.38181940135786,-3.791399619586264,1.7098404294414218,3.1798392707086403,2.4726217861648787,3.0036654808814074,-0.3392415622941276,1.8157726510338543,0.2086045853392703,2.5002641287197003
33.0,206.0,1000.5426025390624,-4.38181940135786,-3.791399619586264,1.7098404294414218,3.179839270708765,2.47262178616488,3.003668488078424,-0.339241562270528,1.8157726510338543,0.2086230390980571,2.5002641287197003
33.0,206.0,1000.5426025390624,-4.38181940135786,-3.791399619586264,1.7098403353941622,3.179839270708793,2.472621786164863,3.003677791959784,-0.3392415602942843,1.8157709700682927,0.208613768635581,2.5002641287197003
33.0,206.0,1000.5426025390624,-4.38181940135786,-3.791399619586264,1.7098404410901251,3.179839270708574,2.472621786164862,3.003660757198738,-0.3392415621750908,1.8157744485262013,0.2086137703700644,2.5002641287197003
33.0,206.0,1000.5426025390624,-4.38181940135786,-3.791399619586264,1.7098404294414218,3.179839270708765,2.47262178616488,3.003668488078424,-0.339241562270528,1.8157726510338543,0.2086230390980571,2.5002641287197003
33.0,206.0,1000.5426025390624,-4.38181940135786,-3.791399619586264,1.7098404410901251,3.179839270708817,2.472621786164862,3.003660757198738,-0.3392415621750908,1.8157744485262013,0.2086137238544499,2.5002641287197003
33.0,206.0,1000.5426025390624,-4.38181940135786,-3.791399619586264,1.7098403420858872,3.179839270709712,2.472621786164862,3.0036676782153937,-0.3392415621850866,1.815770970256744,0.2086143502420084,2.5002641287197003
33.0,206.0,1000.5426025390624,-4.38181940135786,-3.791399619586264,1.7098404294414218,3.179839270708765,2.4726217861648627,3.003668488078424,-0.339241562270528,1.8157726510338543,0.2086230390980571,2.5002641287197003
33.0,206.0,1000.5426025390624,-4.38181940135786,-3.791399619586264,1.7098403353941622,3.179839270708793,2.472621786164863,3.003677791959784,-0.3392415602942843,1.8157726460146384,0.208613768635581,2.5002641287197003
33.0,206.0,1000.5426025390624,-4.38181940135786,-3.791399619586264,1.7098403369228028,3.179839270708793,2.4726217861648467,3.003677791959784,-0.3392415623558534,1.8157727856240613,0.2086136569841203,2.5002641287197003
33.0,206.0,1000.5426025390624,-4.38181940135786,-3.791399619586264,1.7098404294414218,3.179839270708765,2.47262178616488,3.003668488078424,-0.339241561110106,1.815772619295396,0.2086223076305391,2.5002641287197003
33.0,206.0,1000.5426025390624,-4.38181940135786,-3.791399619586264,1.7098404302970067,3.1798392707221392,2.4726217861649955,3.003668488078424,-0.3392415622701736,1.8157726510338543,0.2086230390980571,2.5002641287197003
33.0,206.0,1000.5426025390624,-4.38181940135786,-3.791399619586264,1.7098404294414218,3.179839270708765,2.47262178616488,3.003668488078424,-0.339241561110106,1.815772619295396,0.2086223076305391,2.5002641287197003
33.0,206.0,1000.5426025390624,-4.38181940135786,-3.791399619586264,1.7098403353941622,3.179839270708793,2.472621786164863,3.003677791959784,-0.3392415623558534,1.8157727856240613,0.2086136569841203,2.5002641287197003
33.0,206.0,1000.5426025390624,-4.38181940135786,-3.791399619586264,1.7098404302970067,3.17983927070833,2.4726217861649955,3.003668488078424,-0.3392415622701736,1.8157726646904853,0.2086143376998105,2.5002641287197003
33.0,206.0,1000.5426025390624,-4.38181940135786,-3.791399619586264,1.7098403347843747,3.179839270709807,2.472621786164865,3.0036723503264384,-0.3392415622642545,1.815770955111256,0.2086137691487854,2.5002641287197003
33.0,206.0,1000.5426025390624,-4.38181940135786,-3.791399619586264,1.7098404302970067,3.1798392707221392,2.4726217861648565,3.003668488078424,-0.3392415622701736,1.815772654525296,0.2086141153501159,2.5002641287197003
33.0,206.0,1000.5426025390624,-4.38181940135786,-3.791399619586264,1.7098404294414218,3.179839270706791,2.472621786164998,3.003663554483168,-0.3392415623851919,1.815772652417452,0.2086218274457262,2.5002641287197003
33.0,206.0,1000.5426025390624,-4.38181940135786,-3.791399619586264,1.7098404294414218,3.179839270708765,2.472621786164881,3.003668488078424,-0.3392415622474325,1.8157726510338543,0.2086230390980571,2.5002641287197003
33.0,206.0,1000.5426025390624,-4.38181940135786,-3.791399619586264,1.7098404294414218,3.179839270708637,2.472621786164864,3.0036654808814074,-0.3392415622941276,1.8157726510338543,0.2086045384703378,2.5002641287197003
33.0,206.0,1000.5426025390624,-4.38181940135786,-3.791399619586264,1.7098404294414218,3.179839270708765,2.47262178616488,3.003668488078424,-0.3392415611011593,1.8157726510338543,0.2086223060200112,2.5002641287197003
33.0,206.0,1000.5426025390624,-4.38181940135786,-3.791399619586264,1.7098403453403448,3.179839270708793,2.472621786164863,3.003677044616322,-0.3392415623793538,1.8157727856240613,0.2086136569841203,2.5002641287197003
33.0,206.0,1000.5426025390624,-4.38181940135786,-3.791399619586264,1.7098404294414218,3.179839270708765,2.47262178616488,3.003668488078424,-0.3392415622710885,1.8157726510338543,0.2086230390980571,2.5002641287197003
33.0,206.0,1000.5426025390624,-4.38181940135786,-3.791399619586264,1.7098404294414218,3.179839270708757,2.4726217861648614,3.003667666776133,-0.339241562247788,1.8157726510338543,0.208614743559608,2.5002641287197003
33.0,206.0,1000.5426025390624,-4.38181940135786,-3.791399619586264,1.7098404294414218,3.179839270708765,2.47262178616488,3.003668488078424,-0.339241562270528,1.8157726515931216,0.2086230390980571,2.5002641287197003
33.0,206.0,1000.5426025390624,-4.38181940135786,-3.791399619586264,1.7098403353941622,3.1798392707084764,2.472621786164863,3.003668464280405,-0.3392415602942843,1.815772653960668,0.2086137716531048,2.5002641287197003
33.0,206.0,1000.5426025390624,-4.38181940135786,-3.791399619586264,1.7098404294422462,3.179839270722096,2.4726217861650213,3.0036674481036902,-0.3392415622701736,1.8157726522125663,0.2086230390980571,2.5002641287197003
33.0,206.0,1000.5426025390624,-4.38181940135786,-3.791399619586264,1.7098403452108242,3.179839270708766,2.472621786164864,3.003677044616322,-0.3392415623793538,1.8157726539566823,0.2086136569841203,2.5002641287197003
33.0,206.0,1000.5426025390624,-4.38181940135786,-3.791399619586264,1.7098404294414218,3.1798392707086403,2.4726217861648787,3.0036654808814074,-0.3392415604091006,1.8157710386035544,0.208613778620579,2.5002641287197003
33.0,206.0,1000.5426025390624,-4.38181940135786,-3.791399619586264,1.7098404294414218,3.179839270708765,2.47262178616488,3.003668488078424,-0.339241562270528,1.8157726510338543,0.2086230390980571,2.5002641287197003
33.0,206.0,1000.5426025390624,-4.38181940135786,-3.791399619586264,1.7098404302970067,3.17983927070833,2.4726217861649955,3.003668488078424,-0.3392415622701736,1.8157726646904853,0.2086143376998105,2.5002641287197003
33.0,206.0,1000.5426025390624,-4.38181940135786,-3.791399619586264,1.7098404300144514,3.1798392707084253,2.472621786164862,3.003660714415029,-0.3392415622713721,1.8157744485262013,0.2086137238544499,2.5002641287197003
33.0,206.0,1000.5426025390624,-4.38181940135786,-3.791399619586264,1.7098404294414218,3.179839270708765,2.472621786164881,3.003668488078424,-0.3392415622713455,1.8157726510338543,0.2086230390980571,2.5002641287197003
33.0,206.0,1000.5426025390624,-4.38181940135786,-3.791399619586264,1.7098403451711213,3.1798392707227703,2.4726217861648623,3.00368219255876,-0.3392415602991104,1.8157709439508591,0.2086137677655681,2.5002641287197003
33.0,206.0,1000.5426025390624,-4.38181940135786,-3.791399619586264,1.7098404294414218,3.179839270708765,2.47262178616488,3.003668488078424,-0.339241561110106,1.815772618736129,0.2086223076305391,2.5002641287197003
33.0,206.0,1000.5426025390624,-4.38181940135786,-3.791399619586264,1.7098404302970067,3.1798392707224554,2.4726217861648565,3.0036778157578023,-0.3392415622701736,1.815772646579267,0.2086141123325922,2.5002641287197003
33.0,206.0,1000.5426025390624,-4.38181940135786,-3.791399619586264,1.7098404294414218,3.179839270708765,2.47262178616488,3.003668602277252,-0.3392415611247337,1.815772619295396,0.2086223076305391,2.5002641287197003
33.0,206.0,1000.5426025390624,-4.38181940135786,-3.791399619586264,1.7098404294414218,3.1798392707086407,2.47262178616488,3.003668488078424,-0.3392415622483473,1.8157726510338543,0.2086230390980571,2.5002641287197003
33.0,206.0,1000.5426025390624,-4.38181940135786,-3.791399619586264,1.7098403353941622,3.179839270708793,2.472621786164864,3.003677791959784,-0.3392415621793114,1.8157725824985929,0.2086045753542724,2.5002641287197003
33.0,206.0,1000.5426025390624,-4.38181940135786,-3.791399619586264,1.7098404294414218,3.179839270708765,2.472621786164881,3.003668488078424,-0.3392415622701736,1.8157726510338543,0.2086230390980571,2.5002641287197003
33.0,206.0,1000.5426025390624,-4.38181940135786,-3.791399619586264,1.7098404294414218,3.179839270708765,2.47262178616488,3.003668488078424,-0.3392415622471755,1.8157726510338543,0.2086230390980571,2.5002641287197003
33.0,206.0,1000.5426025390624,-4.38181940135786,-3.791399619586264,1.709840441144125,3.179839270708574,2.47262178616488,3.003660757198738,-0.3392415621750908,1.8157744485262013,0.2086137703700644,2.5002641287197003
33.0,206.0,1000.5426025390624,-4.38181940135786,-3.791399619586264,1.7098404294414218,3.179839270708765,2.47262178616488,3.003668655372412,-0.3392415623654631,1.815772618736129,0.2086223076305391,2.5002641287197003
33.0,206.0,1000.5426025390624,-4.38181940135786,-3.791399619586264,1.7098404294414218,3.1798392707086407,2.47262178616488,3.003668488078424,-0.3392415622483473,1.8157726510338543,0.2086230390980571,2.5002641287197003
33.0,206.0,1000.5426025390624,-4.38181940135786,-3.791399619586264,1.7098404407105547,3.17983927070857,2.47262178616488,3.003668488078424,-0.339241562270528,1.8157726510338543,0.2086230390980571,2.5002641287197003
33.0,207.0,1000.5426025390624,-4.38181940135786,-3.791399619586264,1.7098404294414218,3.179839270708765,2.47262178616488,3.003668488078424,-0.339241562270528,1.8157726510338543,0.2086230390980571,2.5002641287197003
33.0,207.0,1000.5426025390624,-4.38181940135786,-3.791399619586264,1.7098403353941622,3.179839270708793,2.472621786164863,3.003677791959784,-0.3392415623558534,1.8157727856240613,0.2086136569841203,2.5002641287197003
33.0,207.0,1000.5426025390624,-4.38181940135786,-3.791399619586264,1.7098404294414218,3.179839270708765,2.472621786164881,3.003668488078424,-0.3392415622479929,1.8157726510338543,0.2086230390980571,2.5002641287197003
33.0,207.0,1000.5426025390624,-4.38181940135786,-3.791399619586264,1.7098404294414218,3.179839270708765,2.472621786164881,3.003668488078424,-0.3392415622701736,1.8157726510338543,0.2086230390980571,2.5002641287197003
33.0,207.0,1000.5426025390624,-4.38181940135786,-3.791399619586264,1.7098404294414218,3.179839270708765,2.47262178616488,3.003668488078424,-0.3392415622483473,1.8157726510338543,0.2086230390980571,2.5002641287197003
33.0,207.0,1000.5426025390624,-4.38181940135786,-3.791399619586264,1.7098404294414218,3.1798392707086403,2.4726217861648787,3.0036654808814074,-0.3392415622941276,1.8157726510338543,0.2086045853392703,2.5002641287197003
33.0,207.0,1000.5426025390624,-4.38181940135786,-3.791399619586264,1.7098404294414218,3.179839270708765,2.47262178616488,3.003668488078424,-0.339241562270528,1.8157726510338543,0.2086230390980571,2.5002641287197003
33.0,207.0,1000.5426025390624,-4.38181940135786,-3.791399619586264,1.7098403353941622,3.179839270708793,2.472621786164863,3.003677791959784,-0.3392415602942843,1.8157709700682927,0.208613768635581,2.5002641287197003
33.0,207.0,1000.5426025390624,-4.38181940135786,-3.791399619586264,1.7098404410901251,3.179839270708574,2.472621786164862,3.003660757198738,-0.3392415621750908,1.8157744485262013,0.2086137703700644,2.5002641287197003
33.0,207.0,1000.5426025390624,-4.38181940135786,-3.791399619586264,1.7098404294414218,3.179839270708765,2.47262178616488,3.003668488078424,-0.339241562270528,1.8157726510338543,0.2086230390980571,2.5002641287197003
33.0,207.0,1000.5426025390624,-4.38181940135786,-3.791399619586264,1.7098404410901251,3.179839270708817,2.472621786164862,3.003660757198738,-0.3392415621750908,1.8157744485262013,0.2086137238544499,2.5002641287197003
33.0,207.0,1000.5426025390624,-4.38181940135786,-3.791399619586264,1.7098403420858872,3.179839270709712,2.472621786164862,3.0036676782153937,-0.3392415621850866,1.815770970256744,0.2086143502420084,2.5002641287197003
33.0,207.0,1000.5426025390624,-4.38181940135786,-3.791399619586264,1.7098404294414218,3.179839270708765,2.4726217861648627,3.003668488078424,-0.339241562270528,1.8157726510338543,0.2086230390980571,2.5002641287197003
33.0,207.0,1000.5426025390624,-4.38181940135786,-3.791399619586264,1.7098403353941622,3.179839270708793,2.472621786164863,3.003677791959784,-0.3392415602942843,1.8157726460146384,0.208613768635581,2.5002641287197003
33.0,207.0,1000.5426025390624,-4.38181940135786,-3.791399619586264,1.7098403369228028,3.179839270708793,2.4726217861648467,3.003677791959784,-0.3392415623558534,1.8157727856240613,0.2086136569841203,2.5002641287197003
33.0,207.0,1000.5426025390624,-4.38181940135786,-3.791399619586264,1.7098404294414218,3.179839270708765,2.47262178616488,3.003668488078424,-0.339241561110106,1.815772619295396,0.2086223076305391,2.5002641287197003
33.0,207.0,1000.5426025390624,-4.38181940135786,-3.791399619586264,1.7098404302970067,3.1798392707221392,2.4726217861649955,3.003668488078424,-0.3392415622701736,1.8157726510338543,0.2086230390980571,2.5002641287197003
33.0,207.0,1000.5426025390624,-4.38181940135786,-3.791399619586264,1.7098404294414218,3.179839270708765,2.47262178616488,3.003668488078424,-0.339241561110106,1.815772619295396,0.2086223076305391,2.5002641287197003
33.0,207.0,1000.5426025390624,-4.38181940135786,-3.791399619586264,1.7098403353941622,3.179839270708793,2.472621786164863,3.003677791959784,-0.3392415623558534,1.8157727856240613,0.2086136569841203,2.5002641287197003
33.0,207.0,1000.5426025390624,-4.38181940135786,-3.791399619586264,1.7098404302970067,3.17983927070833,2.4726217861649955,3.003668488078424,-0.3392415622701736,1.8157726646904853,0.2086143376998105,2.5002641287197003
33.0,207.0,1000.5426025390624,-4.38181940135786,-3.791399619586264,1.7098403347843747,3.179839270709807,2.472621786164865,3.0036723503264384,-0.3392415622642545,1.815770955111256,0.2086137691487854,2.5002641287197003
33.0,207.0,1000.5426025390624,-4.38181940135786,-3.791399619586264,1.7098404302970067,3.1798392707221392,2.4726217861648565,3.003668488078424,-0.3392415622701736,1.815772654525296,0.2086141153501159,2.5002641287197003
33.0,207.0,1000.5426025390624,-4.38181940135786,-3.791399619586264,1.7098404294414218,3.179839270706791,2.472621786164998,3.003663554483168,-0.3392415623851919,1.815772652417452,0.2086218274457262,2.5002641287197003
33.0,207.0,1000.5426025390624,-4.38181940135786,-3.791399619586264,1.7098404294414218,3.179839270708765,2.472621786164881,3.003668488078424,-0.3392415622474325,1.8157726510338543,0.2086230390980571,2.5002641287197003
33.0,207.0,1000.5426025390624,-4.38181940135786,-3.791399619586264,1.7098404294414218,3.179839270708637,2.472621786164864,3.0036654808814074,-0.3392415622941276,1.8157726510338543,0.2086045384703378,2.5002641287197003
33.0,207.0,1000.5426025390624,-4.38181940135786,-3.791399619586264,1.7098404294414218,3.179839270708765,2.47262178616488,3.003668488078424,-0.3392415611011593,1.8157726510338543,0.2086223060200112,2.5002641287197003
33.0,207.0,1000.5426025390624,-4.38181940135786,-3.791399619586264,1.7098403453403448,3.179839270708793,2.472621786164863,3.003677044616322,-0.3392415623793538,1.8157727856240613,0.2086136569841203,2.5002641287197003
33.0,207.0,1000.5426025390624,-4.38181940135786,-3.791399619586264,1.7098404294414218,3.179839270708765,2.47262178616488,3.003668488078424,-0.3392415622710885,1.8157726510338543,0.2086230390980571,2.5002641287197003
33.0,207.0,1000.5426025390624,-4.38181940135786,-3.791399619586264,1.7098404294414218,3.179839270708757,2.4726217861648614,3.003667666776133,-0.339241562247788,1.8157726510338543,0.208614743559608,2.5002641287197003
33.0,207.0,1000.5426025390624,-4.38181940135786,-3.791399619586264,1.7098404294414218,3.179839270708765,2.47262178616488,3.003668488078424,-0.339241562270528,1.8157726515931216,0.2086230390980571,2.5002641287197003
33.0,207.0,1000.5426025390624,-4.38181940135786,-3.791399619586264,1.7098403353941622,3.1798392707084764,2.472621786164863,3.003668464280405,-0.3392415602942843,1.815772653960668,0.2086137716531048,2.5002641287197003
33.0,207.0,1000.5426025390624,-4.38181940135786,-3.791399619586264,1.7098404294422462,3.179839270722096,2.4726217861650213,3.0036674481036902,-0.3392415622701736,1.8157726522125663,0.2086230390980571,2.5002641287197003
33.0,207.0,1000.5426025390624,-4.38181940135786,-3.791399619586264,1.7098403452108242,3.179839270708766,2.472621786164864,3.003677044616322,-0.3392415623793538,1.8157726539566823,0.2086136569841203,2.5002641287197003
33.0,207.0,1000.5426025390624,-4.38181940135786,-3.791399619586264,1.7098404294414218,3.1798392707086403,2.4726217861648787,3.0036654808814074,-0.3392415604091006,1.8157710386035544,0.208613778620579,2.5002641287197003
33.0,207.0,1000.5426025390624,-4.38181940135786,-3.791399619586264,1.7098404294414218,3.179839270708765,2.47262178616488,3.003668488078424,-0.339241562270528,1.8157726510338543,0.2086230390980571,2.5002641287197003
33.0,207.0,1000.5426025390624,-4.38181940135786,-3.791399619586264,1.7098404302970067,3.17983927070833,2.4726217861649955,3.003668488078424,-0.3392415622701736,1.8157726646904853,0.2086143376998105,2.5002641287197003
33.0,207.0,1000.5426025390624,-4.38181940135786,-3.791399619586264,1.7098404300144514,3.1798392707084253,2.472621786164862,3.003660714415029,-0.3392415622713721,1.8157744485262013,0.2086137238544499,2.5002641287197003
33.0,207.0,1000.5426025390624,-4.38181940135786,-3.791399619586264,1.7098404294414218,3.179839270708765,2.472621786164881,3.003668488078424,-0.3392415622713455,1.8157726510338543,0.2086230390980571,2.5002641287197003
33.0,207.0,1000.5426025390624,-4.38181940135786,-3.791399619586264,1.7098403451711213,3.1798392707227703,2.4726217861648623,3.00368219255876,-0.3392415602991104,1.8157709439508591,0.2086137677655681,2.5002641287197003
33.0,207.0,1000.5426025390624,-4.38181940135786,-3.791399619586264,1.7098404294414218,3.179839270708765,2.47262178616488,3.003668488078424,-0.339241561110106,1.815772618736129,0.2086223076305391,2.5002641287197003
33.0,207.0,1000.5426025390624,-4.38181940135786,-3.791399619586264,1.7098404302970067,3.1798392707224554,2.4726217861648565,3.0036778157578023,-0.3392415622701736,1.815772646579267,0.2086141123325922,2.5002641287197003
33.0,207.0,1000.5426025390624,-4.38181940135786,-3.791399619586264,1.7098404294414218,3.179839270708765,2.47262178616488,3.003668602277252,-0.3392415611247337,1.815772619295396,0.2086223076305391,2.5002641287197003
33.0,207.0,1000.5426025390624,-4.38181940135786,-3.791399619586264,1.7098404294414218,3.1798392707086407,2.47262178616488,3.003668488078424,-0.3392415622483473,1.8157726510338543,0.2086230390980571,2.5002641287197003
33.0,207.0,1000.5426025390624,-4.38181940135786,-3.791399619586264,1.7098403353941622,3.179839270708793,2.472621786164864,3.003677791959784,-0.3392415621793114,1.8157725824985929,0.2086045753542724,2.5002641287197003
33.0,207.0,1000.5426025390624,-4.38181940135786,-3.791399619586264,1.7098404294414218,3.179839270708765,2.472621786164881,3.003668488078424,-0.3392415622701736,1.8157726510338543,0.2086230390980571,2.5002641287197003
33.0,207.0,1000.5426025390624,-4.38181940135786,-3.791399619586264,1.7098404294414218,3.179839270708765,2.47262178616488,3.003668488078424,-0.3392415622471755,1.8157726510338543,0.2086230390980571,2.5002641287197003
33.0,207.0,1000.5426025390624,-4.38181940135786,-3.791399619586264,1.709840441144125,3.179839270708574,2.47262178616488,3.003660757198738,-0.3392415621750908,1.8157744485262013,0.2086137703700644,2.5002641287197003
33.0,207.0,1000.5426025390624,-4.38181940135786,-3.791399619586264,1.7098404294414218,3.179839270708765,2.47262178616488,3.003668655372412,-0.3392415623654631,1.815772618736129,0.2086223076305391,2.5002641287197003
33.0,207.0,1000.5426025390624,-4.38181940135786,-3.791399619586264,1.7098404294414218,3.1798392707086407,2.47262178616488,3.003668488078424,-0.3392415622483473,1.8157726510338543,0.2086230390980571,2.5002641287197003
33.0,207.0,1000.5426025390624,-4.38181940135786,-3.791399619586264,1.7098404407105547,3.17983927070857,2.47262178616488,3.003668488078424,-0.339241562270528,1.8157726510338543,0.2086230390980571,2.5002641287197003
33.0,208.0,1000.5426025390624,-4.38181940135786,-3.791399619586264,1.7098404294414218,3.179839270708765,2.47262178616488,3.003668488078424,-0.339241562270528,1.8157726510338543,0.2086230390980571,2.5002641287197003
33.0,208.0,1000.5426025390624,-4.38181940135786,-3.791399619586264,1.7098403353941622,3.179839270708793,2.472621786164863,3.003677791959784,-0.3392415623558534,1.8157727856240613,0.2086136569841203,2.5002641287197003
33.0,208.0,1000.5426025390624,-4.38181940135786,-3.791399619586264,1.7098404294414218,3.179839270708765,2.472621786164881,3.003668488078424,-0.3392415622479929,1.8157726510338543,0.2086230390980571,2.5002641287197003
33.0,208.0,1000.5426025390624,-4.38181940135786,-3.791399619586264,1.7098404294414218,3.179839270708765,2.472621786164881,3.003668488078424,-0.3392415622701736,1.8157726510338543,0.2086230390980571,2.5002641287197003
33.0,208.0,1000.5426025390624,-4.38181940135786,-3.791399619586264,1.7098404294414218,3.179839270708765,2.47262178616488,3.003668488078424,-0.3392415622483473,1.8157726510338543,0.2086230390980571,2.5002641287197003
33.0,208.0,1000.5426025390624,-4.38181940135786,-3.791399619586264,1.7098404294414218,3.1798392707086403,2.4726217861648787,3.0036654808814074,-0.3392415622941276,1.8157726510338543,0.2086045853392703,2.5002641287197003
33.0,208.0,1000.5426025390624,-4.38181940135786,-3.791399619586264,1.7098404294414218,3.179839270708765,2.47262178616488,3.003668488078424,-0.339241562270528,1.8157726510338543,0.2086230390980571,2.5002641287197003
33.0,208.0,1000.5426025390624,-4.38181940135786,-3.791399619586264,1.7098403353941622,3.179839270708793,2.472621786164863,3.003677791959784,-0.3392415602942843,1.8157709700682927,0.208613768635581,2.5002641287197003
33.0,208.0,1000.5426025390624,-4.38181940135786,-3.791399619586264,1.7098404410901251,3.179839270708574,2.472621786164862,3.003660757198738,-0.3392415621750908,1.8157744485262013,0.2086137703700644,2.5002641287197003
33.0,208.0,1000.5426025390624,-4.38181940135786,-3.791399619586264,1.7098404294414218,3.179839270708765,2.47262178616488,3.003668488078424,-0.339241562270528,1.8157726510338543,0.2086230390980571,2.5002641287197003
33.0,208.0,1000.5426025390624,-4.38181940135786,-3.791399619586264,1.7098404410901251,3.179839270708817,2.472621786164862,3.003660757198738,-0.3392415621750908,1.8157744485262013,0.2086137238544499,2.5002641287197003
33.0,208.0,1000.5426025390624,-4.38181940135786,-3.791399619586264,1.7098403420858872,3.179839270709712,2.472621786164862,3.0036676782153937,-0.3392415621850866,1.815770970256744,0.2086143502420084,2.5002641287197003
33.0,208.0,1000.5426025390624,-4.38181940135786,-3.791399619586264,1.7098404294414218,3.179839270708765,2.4726217861648627,3.003668488078424,-0.339241562270528,1.8157726510338543,0.2086230390980571,2.5002641287197003
33.0,208.0,1000.5426025390624,-4.38181940135786,-3.791399619586264,1.7098403353941622,3.179839270708793,2.472621786164863,3.003677791959784,-0.3392415602942843,1.8157726460146384,0.208613768635581,2.5002641287197003
33.0,208.0,1000.5426025390624,-4.38181940135786,-3.791399619586264,1.7098403369228028,3.179839270708793,2.4726217861648467,3.003677791959784,-0.3392415623558534,1.8157727856240613,0.2086136569841203,2.5002641287197003
33.0,208.0,1000.5426025390624,-4.38181940135786,-3.791399619586264,1.7098404294414218,3.179839270708765,2.47262178616488,3.003668488078424,-0.339241561110106,1.815772619295396,0.2086223076305391,2.5002641287197003
33.0,208.0,1000.5426025390624,-4.38181940135786,-3.791399619586264,1.7098404302970067,3.1798392707221392,2.4726217861649955,3.003668488078424,-0.3392415622701736,1.8157726510338543,0.2086230390980571,2.5002641287197003
33.0,208.0,1000.5426025390624,-4.38181940135786,-3.791399619586264,1.7098404294414218,3.179839270708765,2.47262178616488,3.003668488078424,-0.339241561110106,1.815772619295396,0.2086223076305391,2.5002641287197003
33.0,208.0,1000.5426025390624,-4.38181940135786,-3.791399619586264,1.7098403353941622,3.179839270708793,2.472621786164863,3.003677791959784,-0.3392415623558534,1.8157727856240613,0.2086136569841203,2.5002641287197003
33.0,208.0,1000.5426025390624,-4.38181940135786,-3.791399619586264,1.7098404302970067,3.17983927070833,2.4726217861649955,3.003668488078424,-0.3392415622701736,1.8157726646904853,0.2086143376998105,2.5002641287197003
33.0,208.0,1000.5426025390624,-4.38181940135786,-3.791399619586264,1.7098403347843747,3.179839270709807,2.472621786164865,3.0036723503264384,-0.3392415622642545,1.815770955111256,0.2086137691487854,2.5002641287197003
33.0,208.0,1000.5426025390624,-4.38181940135786,-3.791399619586264,1.7098404302970067,3.1798392707221392,2.4726217861648565,3.003668488078424,-0.3392415622701736,1.815772654525296,0.2086141153501159,2.5002641287197003
33.0,208.0,1000.5426025390624,-4.38181940135786,-3.791399619586264,1.7098404294414218,3.179839270706791,2.472621786164998,3.003663554483168,-0.3392415623851919,1.815772652417452,0.2086218274457262,2.5002641287197003
33.0,208.0,1000.5426025390624,-4.38181940135786,-3.791399619586264,1.7098404294414218,3.179839270708765,2.472621786164881,3.003668488078424,-0.3392415622474325,1.8157726510338543,0.2086230390980571,2.5002641287197003
33.0,208.0,1000.5426025390624,-4.38181940135786,-3.791399619586264,1.7098404294414218,3.179839270708637,2.472621786164864,3.0036654808814074,-0.3392415622941276,1.8157726510338543,0.2086045384703378,2.5002641287197003
33.0,208.0,1000.5426025390624,-4.38181940135786,-3.791399619586264,1.7098404294414218,3.179839270708765,2.47262178616488,3.003668488078424,-0.3392415611011593,1.8157726510338543,0.2086223060200112,2.5002641287197003
33.0,208.0,1000.5426025390624,-4.38181940135786,-3.791399619586264,1.7098403453403448,3.179839270708793,2.472621786164863,3.003677044616322,-0.3392415623793538,1.8157727856240613,0.2086136569841203,2.5002641287197003
33.0,208.0,1000.5426025390624,-4.38181940135786,-3.791399619586264,1.7098404294414218,3.179839270708765,2.47262178616488,3.003668488078424,-0.3392415622710885,1.8157726510338543,0.2086230390980571,2.5002641287197003
33.0,208.0,1000.5426025390624,-4.38181940135786,-3.791399619586264,1.7098404294414218,3.179839270708757,2.4726217861648614,3.003667666776133,-0.339241562247788,1.8157726510338543,0.208614743559608,2.5002641287197003
33.0,208.0,1000.5426025390624,-4.38181940135786,-3.791399619586264,1.7098404294414218,3.179839270708765,2.47262178616488,3.003668488078424,-0.339241562270528,1.8157726515931216,0.2086230390980571,2.5002641287197003
33.0,208.0,1000.5426025390624,-4.38181940135786,-3.791399619586264,1.7098403353941622,3.1798392707084764,2.472621786164863,3.003668464280405,-0.3392415602942843,1.815772653960668,0.2086137716531048,2.5002641287197003
33.0,208.0,1000.5426025390624,-4.38181940135786,-3.791399619586264,1.7098404294422462,3.179839270722096,2.4726217861650213,3.0036674481036902,-0.3392415622701736,1.8157726522125663,0.2086230390980571,2.5002641287197003
33.0,208.0,1000.5426025390624,-4.38181940135786,-3.791399619586264,1.7098403452108242,3.179839270708766,2.472621786164864,3.003677044616322,-0.3392415623793538,1.8157726539566823,0.2086136569841203,2.5002641287197003
33.0,208.0,1000.5426025390624,-4.38181940135786,-3.791399619586264,1.7098404294414218,3.1798392707086403,2.4726217861648787,3.0036654808814074,-0.3392415604091006,1.8157710386035544,0.208613778620579,2.5002641287197003
33.0,208.0,1000.5426025390624,-4.38181940135786,-3.791399619586264,1.7098404294414218,3.179839270708765,2.47262178616488,3.003668488078424,-0.339241562270528,1.8157726510338543,0.2086230390980571,2.5002641287197003
33.0,208.0,1000.5426025390624,-4.38181940135786,-3.791399619586264,1.7098404302970067,3.17983927070833,2.4726217861649955,3.003668488078424,-0.3392415622701736,1.8157726646904853,0.2086143376998105,2.5002641287197003
33.0,208.0,1000.5426025390624,-4.38181940135786,-3.791399619586264,1.7098404300144514,3.1798392707084253,2.472621786164862,3.003660714415029,-0.3392415622713721,1.8157744485262013,0.2086137238544499,2.5002641287197003
33.0,208.0,1000.5426025390624,-4.38181940135786,-3.791399619586264,1.7098404294414218,3.179839270708765,2.472621786164881,3.003668488078424,-0.3392415622713455,1.8157726510338543,0.2086230390980571,2.5002641287197003
33.0,208.0,1000.5426025390624,-4.38181940135786,-3.791399619586264,1.7098403451711213,3.1798392707227703,2.4726217861648623,3.00368219255876,-0.3392415602991104,1.8157709439508591,0.2086137677655681,2.5002641287197003
33.0,208.0,1000.5426025390624,-4.38181940135786,-3.791399619586264,1.7098404294414218,3.179839270708765,2.47262178616488,3.003668488078424,-0.339241561110106,1.815772618736129,0.2086223076305391,2.5002641287197003
33.0,208.0,1000.5426025390624,-4.38181940135786,-3.791399619586264,1.7098404302970067,3.1798392707224554,2.4726217861648565,3.0036778157578023,-0.3392415622701736,1.815772646579267,0.2086141123325922,2.5002641287197003
33.0,208.0,1000.5426025390624,-4.38181940135786,-3.791399619586264,1.7098404294414218,3.179839270708765,2.47262178616488,3.003668602277252,-0.3392415611247337,1.815772619295396,0.2086223076305391,2.5002641287197003
33.0,208.0,1000.5426025390624,-4.38181940135786,-3.791399619586264,1.7098404294414218,3.1798392707086407,2.47262178616488,3.003668488078424,-0.3392415622483473,1.8157726510338543,0.2086230390980571,2.5002641287197003
33.0,208.0,1000.5426025390624,-4.38181940135786,-3.791399619586264,1.7098403353941622,3.179839270708793,2.472621786164864,3.003677791959784,-0.3392415621793114,1.8157725824985929,0.2086045753542724,2.5002641287197003
33.0,208.0,1000.5426025390624,-4.38181940135786,-3.791399619586264,1.7098404294414218,3.179839270708765,2.472621786164881,3.003668488078424,-0.3392415622701736,1.8157726510338543,0.2086230390980571,2.5002641287197003
33.0,208.0,1000.5426025390624,-4.38181940135786,-3.791399619586264,1.7098404294414218,3.179839270708765,2.47262178616488,3.003668488078424,-0.3392415622471755,1.8157726510338543,0.2086230390980571,2.5002641287197003
33.0,208.0,1000.5426025390624,-4.38181940135786,-3.791399619586264,1.709840441144125,3.179839270708574,2.47262178616488,3.003660757198738,-0.3392415621750908,1.8157744485262013,0.2086137703700644,2.5002641287197003
33.0,208.0,1000.5426025390624,-4.38181940135786,-3.791399619586264,1.7098404294414218,3.179839270708765,2.47262178616488,3.003668655372412,-0.3392415623654631,1.815772618736129,0.2086223076305391,2.5002641287197003
33.0,208.0,1000.5426025390624,-4.38181940135786,-3.791399619586264,1.7098404294414218,3.1798392707086407,2.47262178616488,3.003668488078424,-0.3392415622483473,1.8157726510338543,0.2086230390980571,2.5002641287197003
33.0,208.0,1000.5426025390624,-4.38181940135786,-3.791399619586264,1.7098404407105547,3.17983927070857,2.47262178616488,3.003668488078424,-0.339241562270528,1.8157726510338543,0.2086230390980571,2.5002641287197003
33.0,209.0,1000.5426025390624,-4.38181940135786,-3.791399619586264,1.7098404294414218,3.179839270708765,2.47262178616488,3.003668488078424,-0.339241562270528,1.8157726510338543,0.2086230390980571,2.5002641287197003
33.0,209.0,1000.5426025390624,-4.38181940135786,-3.791399619586264,1.7098403353941622,3.179839270708793,2.472621786164863,3.003677791959784,-0.3392415623558534,1.8157727856240613,0.2086136569841203,2.5002641287197003
33.0,209.0,1000.5426025390624,-4.38181940135786,-3.791399619586264,1.7098404294414218,3.179839270708765,2.472621786164881,3.003668488078424,-0.3392415622479929,1.8157726510338543,0.2086230390980571,2.5002641287197003
33.0,209.0,1000.5426025390624,-4.38181940135786,-3.791399619586264,1.7098404294414218,3.179839270708765,2.472621786164881,3.003668488078424,-0.3392415622701736,1.8157726510338543,0.2086230390980571,2.5002641287197003
33.0,209.0,1000.5426025390624,-4.38181940135786,-3.791399619586264,1.7098404294414218,3.179839270708765,2.47262178616488,3.003668488078424,-0.3392415622483473,1.8157726510338543,0.2086230390980571,2.5002641287197003
33.0,209.0,1000.5426025390624,-4.38181940135786,-3.791399619586264,1.7098404294414218,3.1798392707086403,2.4726217861648787,3.0036654808814074,-0.3392415622941276,1.8157726510338543,0.2086045853392703,2.5002641287197003
33.0,209.0,1000.5426025390624,-4.38181940135786,-3.791399619586264,1.7098404294414218,3.179839270708765,2.47262178616488,3.003668488078424,-0.339241562270528,1.8157726510338543,0.2086230390980571,2.5002641287197003
33.0,209.0,1000.5426025390624,-4.38181940135786,-3.791399619586264,1.7098403353941622,3.179839270708793,2.472621786164863,3.003677791959784,-0.3392415602942843,1.8157709700682927,0.208613768635581,2.5002641287197003
33.0,209.0,1000.5426025390624,-4.38181940135786,-3.791399619586264,1.7098404410901251,3.179839270708574,2.472621786164862,3.003660757198738,-0.3392415621750908,1.8157744485262013,0.2086137703700644,2.5002641287197003
33.0,209.0,1000.5426025390624,-4.38181940135786,-3.791399619586264,1.7098404294414218,3.179839270708765,2.47262178616488,3.003668488078424,-0.339241562270528,1.8157726510338543,0.2086230390980571,2.5002641287197003
33.0,209.0,1000.5426025390624,-4.38181940135786,-3.791399619586264,1.7098404410901251,3.179839270708817,2.472621786164862,3.003660757198738,-0.3392415621750908,1.8157744485262013,0.2086137238544499,2.5002641287197003
33.0,209.0,1000.5426025390624,-4.38181940135786,-3.791399619586264,1.7098403420858872,3.179839270709712,2.472621786164862,3.0036676782153937,-0.3392415621850866,1.815770970256744,0.2086143502420084,2.5002641287197003
33.0,209.0,1000.5426025390624,-4.38181940135786,-3.791399619586264,1.7098404294414218,3.179839270708765,2.4726217861648627,3.003668488078424,-0.339241562270528,1.8157726510338543,0.2086230390980571,2.5002641287197003
33.0,209.0,1000.5426025390624,-4.38181940135786,-3.791399619586264,1.7098403353941622,3.179839270708793,2.472621786164863,3.003677791959784,-0.3392415602942843,1.8157726460146384,0.208613768635581,2.5002641287197003
33.0,209.0,1000.5426025390624,-4.38181940135786,-3.791399619586264,1.7098403369228028,3.179839270708793,2.4726217861648467,3.003677791959784,-0.3392415623558534,1.8157727856240613,0.2086136569841203,2.5002641287197003
33.0,209.0,1000.5426025390624,-4.38181940135786,-3.791399619586264,1.7098404294414218,3.179839270708765,2.47262178616488,3.003668488078424,-0.339241561110106,1.815772619295396,0.2086223076305391,2.5002641287197003
33.0,209.0,1000.5426025390624,-4.38181940135786,-3.791399619586264,1.7098404302970067,3.1798392707221392,2.4726217861649955,3.003668488078424,-0.3392415622701736,1.8157726510338543,0.2086230390980571,2.5002641287197003
33.0,209.0,1000.5426025390624,-4.38181940135786,-3.791399619586264,1.7098404294414218,3.179839270708765,2.47262178616488,3.003668488078424,-0.339241561110106,1.815772619295396,0.2086223076305391,2.5002641287197003
33.0,209.0,1000.5426025390624,-4.38181940135786,-3.791399619586264,1.7098403353941622,3.179839270708793,2.472621786164863,3.003677791959784,-0.3392415623558534,1.8157727856240613,0.2086136569841203,2.5002641287197003
33.0,209.0,1000.5426025390624,-4.38181940135786,-3.791399619586264,1.7098404302970067,3.17983927070833,2.4726217861649955,3.003668488078424,-0.3392415622701736,1.8157726646904853,0.2086143376998105,2.5002641287197003
33.0,209.0,1000.5426025390624,-4.38181940135786,-3.791399619586264,1.7098403347843747,3.179839270709807,2.472621786164865,3.0036723503264384,-0.3392415622642545,1.815770955111256,0.2086137691487854,2.5002641287197003
33.0,209.0,1000.5426025390624,-4.38181940135786,-3.791399619586264,1.7098404302970067,3.1798392707221392,2.4726217861648565,3.003668488078424,-0.3392415622701736,1.815772654525296,0.2086141153501159,2.5002641287197003
33.0,209.0,1000.5426025390624,-4.38181940135786,-3.791399619586264,1.7098404294414218,3.179839270706791,2.472621786164998,3.003663554483168,-0.3392415623851919,1.815772652417452,0.2086218274457262,2.5002641287197003
33.0,209.0,1000.5426025390624,-4.38181940135786,-3.791399619586264,1.7098404294414218,3.179839270708765,2.472621786164881,3.003668488078424,-0.3392415622474325,1.8157726510338543,0.2086230390980571,2.5002641287197003
33.0,209.0,1000.5426025390624,-4.38181940135786,-3.791399619586264,1.7098404294414218,3.179839270708637,2.472621786164864,3.0036654808814074,-0.3392415622941276,1.8157726510338543,0.2086045384703378,2.5002641287197003
33.0,209.0,1000.5426025390624,-4.38181940135786,-3.791399619586264,1.7098404294414218,3.179839270708765,2.47262178616488,3.003668488078424,-0.3392415611011593,1.8157726510338543,0.2086223060200112,2.5002641287197003
33.0,209.0,1000.5426025390624,-4.38181940135786,-3.791399619586264,1.7098403453403448,3.179839270708793,2.472621786164863,3.003677044616322,-0.3392415623793538,1.8157727856240613,0.2086136569841203,2.5002641287197003
33.0,209.0,1000.5426025390624,-4.38181940135786,-3.791399619586264,1.7098404294414218,3.179839270708765,2.47262178616488,3.003668488078424,-0.3392415622710885,1.8157726510338543,0.2086230390980571,2.5002641287197003
33.0,209.0,1000.5426025390624,-4.38181940135786,-3.791399619586264,1.7098404294414218,3.179839270708757,2.4726217861648614,3.003667666776133,-0.339241562247788,1.8157726510338543,0.208614743559608,2.5002641287197003
33.0,209.0,1000.5426025390624,-4.38181940135786,-3.791399619586264,1.7098404294414218,3.179839270708765,2.47262178616488,3.003668488078424,-0.339241562270528,1.8157726515931216,0.2086230390980571,2.5002641287197003
33.0,209.0,1000.5426025390624,-4.38181940135786,-3.791399619586264,1.7098403353941622,3.1798392707084764,2.472621786164863,3.003668464280405,-0.3392415602942843,1.815772653960668,0.2086137716531048,2.5002641287197003
33.0,209.0,1000.5426025390624,-4.38181940135786,-3.791399619586264,1.7098404294422462,3.179839270722096,2.4726217861650213,3.0036674481036902,-0.3392415622701736,1.8157726522125663,0.2086230390980571,2.5002641287197003
33.0,209.0,1000.5426025390624,-4.38181940135786,-3.791399619586264,1.7098403452108242,3.179839270708766,2.472621786164864,3.003677044616322,-0.3392415623793538,1.8157726539566823,0.2086136569841203,2.5002641287197003
33.0,209.0,1000.5426025390624,-4.38181940135786,-3.791399619586264,1.7098404294414218,3.1798392707086403,2.4726217861648787,3.0036654808814074,-0.3392415604091006,1.8157710386035544,0.208613778620579,2.5002641287197003
33.0,209.0,1000.5426025390624,-4.38181940135786,-3.791399619586264,1.7098404294414218,3.179839270708765,2.47262178616488,3.003668488078424,-0.339241562270528,1.8157726510338543,0.2086230390980571,2.5002641287197003
33.0,209.0,1000.5426025390624,-4.38181940135786,-3.791399619586264,1.7098404302970067,3.17983927070833,2.4726217861649955,3.003668488078424,-0.3392415622701736,1.8157726646904853,0.2086143376998105,2.5002641287197003
33.0,209.0,1000.5426025390624,-4.38181940135786,-3.791399619586264,1.7098404300144514,3.1798392707084253,2.472621786164862,3.003660714415029,-0.3392415622713721,1.8157744485262013,0.2086137238544499,2.5002641287197003
33.0,209.0,1000.5426025390624,-4.38181940135786,-3.791399619586264,1.7098404294414218,3.179839270708765,2.472621786164881,3.003668488078424,-0.3392415622713455,1.8157726510338543,0.2086230390980571,2.5002641287197003
33.0,209.0,1000.5426025390624,-4.38181940135786,-3.791399619586264,1.7098403451711213,3.1798392707227703,2.4726217861648623,3.00368219255876,-0.3392415602991104,1.8157709439508591,0.2086137677655681,2.5002641287197003
33.0,209.0,1000.5426025390624,-4.38181940135786,-3.791399619586264,1.7098404294414218,3.179839270708765,2.47262178616488,3.003668488078424,-0.339241561110106,1.815772618736129,0.2086223076305391,2.5002641287197003
33.0,209.0,1000.5426025390624,-4.38181940135786,-3.791399619586264,1.7098404302970067,3.1798392707224554,2.4726217861648565,3.0036778157578023,-0.3392415622701736,1.815772646579267,0.2086141123325922,2.5002641287197003
33.0,209.0,1000.5426025390624,-4.38181940135786,-3.791399619586264,1.7098404294414218,3.179839270708765,2.47262178616488,3.003668602277252,-0.3392415611247337,1.815772619295396,0.2086223076305391,2.5002641287197003
33.0,209.0,1000.5426025390624,-4.38181940135786,-3.791399619586264,1.7098404294414218,3.1798392707086407,2.47262178616488,3.003668488078424,-0.3392415622483473,1.8157726510338543,0.2086230390980571,2.5002641287197003
33.0,209.0,1000.5426025390624,-4.38181940135786,-3.791399619586264,1.7098403353941622,3.179839270708793,2.472621786164864,3.003677791959784,-0.3392415621793114,1.8157725824985929,0.2086045753542724,2.5002641287197003
33.0,209.0,1000.5426025390624,-4.38181940135786,-3.791399619586264,1.7098404294414218,3.179839270708765,2.472621786164881,3.003668488078424,-0.3392415622701736,1.8157726510338543,0.2086230390980571,2.5002641287197003
33.0,209.0,1000.5426025390624,-4.38181940135786,-3.791399619586264,1.7098404294414218,3.179839270708765,2.47262178616488,3.003668488078424,-0.3392415622471755,1.8157726510338543,0.2086230390980571,2.5002641287197003
33.0,209.0,1000.5426025390624,-4.38181940135786,-3.791399619586264,1.709840441144125,3.179839270708574,2.47262178616488,3.003660757198738,-0.3392415621750908,1.8157744485262013,0.2086137703700644,2.5002641287197003
33.0,209.0,1000.5426025390624,-4.38181940135786,-3.791399619586264,1.7098404294414218,3.179839270708765,2.47262178616488,3.003668655372412,-0.3392415623654631,1.815772618736129,0.2086223076305391,2.5002641287197003
33.0,209.0,1000.5426025390624,-4.38181940135786,-3.791399619586264,1.7098404294414218,3.1798392707086407,2.47262178616488,3.003668488078424,-0.3392415622483473,1.8157726510338543,0.2086230390980571,2.5002641287197003
33.0,209.0,1000.5426025390624,-4.38181940135786,-3.791399619586264,1.7098404407105547,3.17983927070857,2.47262178616488,3.003668488078424,-0.339241562270528,1.8157726510338543,0.2086230390980571,2.5002641287197003
33.0,210.0,1000.5426025390624,-4.38181940135786,-3.791399619586264,1.7098404294414218,3.179839270708765,2.47262178616488,3.003668488078424,-0.339241562270528,1.8157726510338543,0.2086230390980571,2.5002641287197003
33.0,210.0,1000.5426025390624,-4.38181940135786,-3.791399619586264,1.7098403353941622,3.179839270708793,2.472621786164863,3.003677791959784,-0.3392415623558534,1.8157727856240613,0.2086136569841203,2.5002641287197003
33.0,210.0,1000.5426025390624,-4.38181940135786,-3.791399619586264,1.7098404294414218,3.179839270708765,2.472621786164881,3.003668488078424,-0.3392415622479929,1.8157726510338543,0.2086230390980571,2.5002641287197003
33.0,210.0,1000.5426025390624,-4.38181940135786,-3.791399619586264,1.7098404294414218,3.179839270708765,2.472621786164881,3.003668488078424,-0.3392415622701736,1.8157726510338543,0.2086230390980571,2.5002641287197003
33.0,210.0,1000.5426025390624,-4.38181940135786,-3.791399619586264,1.7098404294414218,3.179839270708765,2.47262178616488,3.003668488078424,-0.3392415622483473,1.8157726510338543,0.2086230390980571,2.5002641287197003
33.0,210.0,1000.5426025390624,-4.38181940135786,-3.791399619586264,1.7098404294414218,3.1798392707086403,2.4726217861648787,3.0036654808814074,-0.3392415622941276,1.8157726510338543,0.2086045853392703,2.5002641287197003
33.0,210.0,1000.5426025390624,-4.38181940135786,-3.791399619586264,1.7098404294414218,3.179839270708765,2.47262178616488,3.003668488078424,-0.339241562270528,1.8157726510338543,0.2086230390980571,2.5002641287197003
33.0,210.0,1000.5426025390624,-4.38181940135786,-3.791399619586264,1.7098403353941622,3.179839270708793,2.472621786164863,3.003677791959784,-0.3392415602942843,1.8157709700682927,0.208613768635581,2.5002641287197003
33.0,210.0,1000.5426025390624,-4.38181940135786,-3.791399619586264,1.7098404410901251,3.179839270708574,2.472621786164862,3.003660757198738,-0.3392415621750908,1.8157744485262013,0.2086137703700644,2.5002641287197003
33.0,210.0,1000.5426025390624,-4.38181940135786,-3.791399619586264,1.7098404294414218,3.179839270708765,2.47262178616488,3.003668488078424,-0.339241562270528,1.8157726510338543,0.2086230390980571,2.5002641287197003
33.0,210.0,1000.5426025390624,-4.38181940135786,-3.791399619586264,1.7098404410901251,3.179839270708817,2.472621786164862,3.003660757198738,-0.3392415621750908,1.8157744485262013,0.2086137238544499,2.5002641287197003
33.0,210.0,1000.5426025390624,-4.38181940135786,-3.791399619586264,1.7098403420858872,3.179839270709712,2.472621786164862,3.0036676782153937,-0.3392415621850866,1.815770970256744,0.2086143502420084,2.5002641287197003
33.0,210.0,1000.5426025390624,-4.38181940135786,-3.791399619586264,1.7098404294414218,3.179839270708765,2.4726217861648627,3.003668488078424,-0.339241562270528,1.8157726510338543,0.2086230390980571,2.5002641287197003
33.0,210.0,1000.5426025390624,-4.38181940135786,-3.791399619586264,1.7098403353941622,3.179839270708793,2.472621786164863,3.003677791959784,-0.3392415602942843,1.8157726460146384,0.208613768635581,2.5002641287197003
33.0,210.0,1000.5426025390624,-4.38181940135786,-3.791399619586264,1.7098403369228028,3.179839270708793,2.4726217861648467,3.003677791959784,-0.3392415623558534,1.8157727856240613,0.2086136569841203,2.5002641287197003
33.0,210.0,1000.5426025390624,-4.38181940135786,-3.791399619586264,1.7098404294414218,3.179839270708765,2.47262178616488,3.003668488078424,-0.339241561110106,1.815772619295396,0.2086223076305391,2.5002641287197003
33.0,210.0,1000.5426025390624,-4.38181940135786,-3.791399619586264,1.7098404302970067,3.1798392707221392,2.4726217861649955,3.003668488078424,-0.3392415622701736,1.8157726510338543,0.2086230390980571,2.5002641287197003
33.0,210.0,1000.5426025390624,-4.38181940135786,-3.791399619586264,1.7098404294414218,3.179839270708765,2.47262178616488,3.003668488078424,-0.339241561110106,1.815772619295396,0.2086223076305391,2.5002641287197003
33.0,210.0,1000.5426025390624,-4.38181940135786,-3.791399619586264,1.7098403353941622,3.179839270708793,2.472621786164863,3.003677791959784,-0.3392415623558534,1.8157727856240613,0.2086136569841203,2.5002641287197003
33.0,210.0,1000.5426025390624,-4.38181940135786,-3.791399619586264,1.7098404302970067,3.17983927070833,2.4726217861649955,3.003668488078424,-0.3392415622701736,1.8157726646904853,0.2086143376998105,2.5002641287197003
33.0,210.0,1000.5426025390624,-4.38181940135786,-3.791399619586264,1.7098403347843747,3.179839270709807,2.472621786164865,3.0036723503264384,-0.3392415622642545,1.815770955111256,0.2086137691487854,2.5002641287197003
33.0,210.0,1000.5426025390624,-4.38181940135786,-3.791399619586264,1.7098404302970067,3.1798392707221392,2.4726217861648565,3.003668488078424,-0.3392415622701736,1.815772654525296,0.2086141153501159,2.5002641287197003
33.0,210.0,1000.5426025390624,-4.38181940135786,-3.791399619586264,1.7098404294414218,3.179839270706791,2.472621786164998,3.003663554483168,-0.3392415623851919,1.815772652417452,0.2086218274457262,2.5002641287197003
33.0,210.0,1000.5426025390624,-4.38181940135786,-3.791399619586264,1.7098404294414218,3.179839270708765,2.472621786164881,3.003668488078424,-0.3392415622474325,1.8157726510338543,0.2086230390980571,2.5002641287197003
33.0,210.0,1000.5426025390624,-4.38181940135786,-3.791399619586264,1.7098404294414218,3.179839270708637,2.472621786164864,3.0036654808814074,-0.3392415622941276,1.8157726510338543,0.2086045384703378,2.5002641287197003
33.0,210.0,1000.5426025390624,-4.38181940135786,-3.791399619586264,1.7098404294414218,3.179839270708765,2.47262178616488,3.003668488078424,-0.3392415611011593,1.8157726510338543,0.2086223060200112,2.5002641287197003
33.0,210.0,1000.5426025390624,-4.38181940135786,-3.791399619586264,1.7098403453403448,3.179839270708793,2.472621786164863,3.003677044616322,-0.3392415623793538,1.8157727856240613,0.2086136569841203,2.5002641287197003
33.0,210.0,1000.5426025390624,-4.38181940135786,-3.791399619586264,1.7098404294414218,3.179839270708765,2.47262178616488,3.003668488078424,-0.3392415622710885,1.8157726510338543,0.2086230390980571,2.5002641287197003
33.0,210.0,1000.5426025390624,-4.38181940135786,-3.791399619586264,1.7098404294414218,3.179839270708757,2.4726217861648614,3.003667666776133,-0.339241562247788,1.8157726510338543,0.208614743559608,2.5002641287197003
33.0,210.0,1000.5426025390624,-4.38181940135786,-3.791399619586264,1.7098404294414218,3.179839270708765,2.47262178616488,3.003668488078424,-0.339241562270528,1.8157726515931216,0.2086230390980571,2.5002641287197003
33.0,210.0,1000.5426025390624,-4.38181940135786,-3.791399619586264,1.7098403353941622,3.1798392707084764,2.472621786164863,3.003668464280405,-0.3392415602942843,1.815772653960668,0.2086137716531048,2.5002641287197003
33.0,210.0,1000.5426025390624,-4.38181940135786,-3.791399619586264,1.7098404294422462,3.179839270722096,2.4726217861650213,3.0036674481036902,-0.3392415622701736,1.8157726522125663,0.2086230390980571,2.5002641287197003
33.0,210.0,1000.5426025390624,-4.38181940135786,-3.791399619586264,1.7098403452108242,3.179839270708766,2.472621786164864,3.003677044616322,-0.3392415623793538,1.8157726539566823,0.2086136569841203,2.5002641287197003
33.0,210.0,1000.5426025390624,-4.38181940135786,-3.791399619586264,1.7098404294414218,3.1798392707086403,2.4726217861648787,3.0036654808814074,-0.3392415604091006,1.8157710386035544,0.208613778620579,2.5002641287197003
33.0,210.0,1000.5426025390624,-4.38181940135786,-3.791399619586264,1.7098404294414218,3.179839270708765,2.47262178616488,3.003668488078424,-0.339241562270528,1.8157726510338543,0.2086230390980571,2.5002641287197003
33.0,210.0,1000.5426025390624,-4.38181940135786,-3.791399619586264,1.7098404302970067,3.17983927070833,2.4726217861649955,3.003668488078424,-0.3392415622701736,1.8157726646904853,0.2086143376998105,2.5002641287197003
33.0,210.0,1000.5426025390624,-4.38181940135786,-3.791399619586264,1.7098404300144514,3.1798392707084253,2.472621786164862,3.003660714415029,-0.3392415622713721,1.8157744485262013,0.2086137238544499,2.5002641287197003
33.0,210.0,1000.5426025390624,-4.38181940135786,-3.791399619586264,1.7098404294414218,3.179839270708765,2.472621786164881,3.003668488078424,-0.3392415622713455,1.8157726510338543,0.2086230390980571,2.5002641287197003
33.0,210.0,1000.5426025390624,-4.38181940135786,-3.791399619586264,1.7098403451711213,3.1798392707227703,2.4726217861648623,3.00368219255876,-0.3392415602991104,1.8157709439508591,0.2086137677655681,2.5002641287197003
33.0,210.0,1000.5426025390624,-4.38181940135786,-3.791399619586264,1.7098404294414218,3.179839270708765,2.47262178616488,3.003668488078424,-0.339241561110106,1.815772618736129,0.2086223076305391,2.5002641287197003
33.0,210.0,1000.5426025390624,-4.38181940135786,-3.791399619586264,1.7098404302970067,3.1798392707224554,2.4726217861648565,3.0036778157578023,-0.3392415622701736,1.815772646579267,0.2086141123325922,2.5002641287197003
33.0,210.0,1000.5426025390624,-4.38181940135786,-3.791399619586264,1.7098404294414218,3.179839270708765,2.47262178616488,3.003668602277252,-0.3392415611247337,1.815772619295396,0.2086223076305391,2.5002641287197003
33.0,210.0,1000.5426025390624,-4.38181940135786,-3.791399619586264,1.7098404294414218,3.1798392707086407,2.47262178616488,3.003668488078424,-0.3392415622483473,1.8157726510338543,0.2086230390980571,2.5002641287197003
33.0,210.0,1000.5426025390624,-4.38181940135786,-3.791399619586264,1.7098403353941622,3.179839270708793,2.472621786164864,3.003677791959784,-0.3392415621793114,1.8157725824985929,0.2086045753542724,2.5002641287197003
33.0,210.0,1000.5426025390624,-4.38181940135786,-3.791399619586264,1.7098404294414218,3.179839270708765,2.472621786164881,3.003668488078424,-0.3392415622701736,1.8157726510338543,0.2086230390980571,2.5002641287197003
33.0,210.0,1000.5426025390624,-4.38181940135786,-3.791399619586264,1.7098404294414218,3.179839270708765,2.47262178616488,3.003668488078424,-0.3392415622471755,1.8157726510338543,0.2086230390980571,2.5002641287197003
33.0,210.0,1000.5426025390624,-4.38181940135786,-3.791399619586264,1.709840441144125,3.179839270708574,2.47262178616488,3.003660757198738,-0.3392415621750908,1.8157744485262013,0.2086137703700644,2.5002641287197003
33.0,210.0,1000.5426025390624,-4.38181940135786,-3.791399619586264,1.7098404294414218,3.179839270708765,2.47262178616488,3.003668655372412,-0.3392415623654631,1.815772618736129,0.2086223076305391,2.5002641287197003
33.0,210.0,1000.5426025390624,-4.38181940135786,-3.791399619586264,1.7098404294414218,3.1798392707086407,2.47262178616488,3.003668488078424,-0.3392415622483473,1.8157726510338543,0.2086230390980571,2.5002641287197003
33.0,210.0,1000.5426025390624,-4.38181940135786,-3.791399619586264,1.7098404407105547,3.17983927070857,2.47262178616488,3.003668488078424,-0.339241562270528,1.8157726510338543,0.2086230390980571,2.5002641287197003
33.0,211.0,1000.5426025390624,-4.38181940135786,-3.791399619586264,1.7098404294414218,3.179839270708765,2.47262178616488,3.003668488078424,-0.339241562270528,1.8157726510338543,0.2086230390980571,2.5002641287197003
33.0,211.0,1000.5426025390624,-4.38181940135786,-3.791399619586264,1.7098403353941622,3.179839270708793,2.472621786164863,3.003677791959784,-0.3392415623558534,1.8157727856240613,0.2086136569841203,2.5002641287197003
33.0,211.0,1000.5426025390624,-4.38181940135786,-3.791399619586264,1.7098404294414218,3.179839270708765,2.472621786164881,3.003668488078424,-0.3392415622479929,1.8157726510338543,0.2086230390980571,2.5002641287197003
33.0,211.0,1000.5426025390624,-4.38181940135786,-3.791399619586264,1.7098404294414218,3.179839270708765,2.472621786164881,3.003668488078424,-0.3392415622701736,1.8157726510338543,0.2086230390980571,2.5002641287197003
33.0,211.0,1000.5426025390624,-4.38181940135786,-3.791399619586264,1.7098404294414218,3.179839270708765,2.47262178616488,3.003668488078424,-0.3392415622483473,1.8157726510338543,0.2086230390980571,2.5002641287197003
33.0,211.0,1000.5426025390624,-4.38181940135786,-3.791399619586264,1.7098404294414218,3.1798392707086403,2.4726217861648787,3.0036654808814074,-0.3392415622941276,1.8157726510338543,0.2086045853392703,2.5002641287197003
33.0,211.0,1000.5426025390624,-4.38181940135786,-3.791399619586264,1.7098404294414218,3.179839270708765,2.47262178616488,3.003668488078424,-0.339241562270528,1.8157726510338543,0.2086230390980571,2.5002641287197003
33.0,211.0,1000.5426025390624,-4.38181940135786,-3.791399619586264,1.7098403353941622,3.179839270708793,2.472621786164863,3.003677791959784,-0.3392415602942843,1.8157709700682927,0.208613768635581,2.5002641287197003
33.0,211.0,1000.5426025390624,-4.38181940135786,-3.791399619586264,1.7098404410901251,3.179839270708574,2.472621786164862,3.003660757198738,-0.3392415621750908,1.8157744485262013,0.2086137703700644,2.5002641287197003
33.0,211.0,1000.5426025390624,-4.38181940135786,-3.791399619586264,1.7098404294414218,3.179839270708765,2.47262178616488,3.003668488078424,-0.339241562270528,1.8157726510338543,0.2086230390980571,2.5002641287197003
33.0,211.0,1000.5426025390624,-4.38181940135786,-3.791399619586264,1.7098404410901251,3.179839270708817,2.472621786164862,3.003660757198738,-0.3392415621750908,1.8157744485262013,0.2086137238544499,2.5002641287197003
33.0,211.0,1000.5426025390624,-4.38181940135786,-3.791399619586264,1.7098403420858872,3.179839270709712,2.472621786164862,3.0036676782153937,-0.3392415621850866,1.815770970256744,0.2086143502420084,2.5002641287197003
33.0,211.0,1000.5426025390624,-4.38181940135786,-3.791399619586264,1.7098404294414218,3.179839270708765,2.4726217861648627,3.003668488078424,-0.339241562270528,1.8157726510338543,0.2086230390980571,2.5002641287197003
33.0,211.0,1000.5426025390624,-4.38181940135786,-3.791399619586264,1.7098403353941622,3.179839270708793,2.472621786164863,3.003677791959784,-0.3392415602942843,1.8157726460146384,0.208613768635581,2.5002641287197003
33.0,211.0,1000.5426025390624,-4.38181940135786,-3.791399619586264,1.7098403369228028,3.179839270708793,2.4726217861648467,3.003677791959784,-0.3392415623558534,1.8157727856240613,0.2086136569841203,2.5002641287197003
33.0,211.0,1000.5426025390624,-4.38181940135786,-3.791399619586264,1.7098404294414218,3.179839270708765,2.47262178616488,3.003668488078424,-0.339241561110106,1.815772619295396,0.2086223076305391,2.5002641287197003
33.0,211.0,1000.5426025390624,-4.38181940135786,-3.791399619586264,1.7098404302970067,3.1798392707221392,2.4726217861649955,3.003668488078424,-0.3392415622701736,1.8157726510338543,0.2086230390980571,2.5002641287197003
33.0,211.0,1000.5426025390624,-4.38181940135786,-3.791399619586264,1.7098404294414218,3.179839270708765,2.47262178616488,3.003668488078424,-0.339241561110106,1.815772619295396,0.2086223076305391,2.5002641287197003
33.0,211.0,1000.5426025390624,-4.38181940135786,-3.791399619586264,1.7098403353941622,3.179839270708793,2.472621786164863,3.003677791959784,-0.3392415623558534,1.8157727856240613,0.2086136569841203,2.5002641287197003
33.0,211.0,1000.5426025390624,-4.38181940135786,-3.791399619586264,1.7098404302970067,3.17983927070833,2.4726217861649955,3.003668488078424,-0.3392415622701736,1.8157726646904853,0.2086143376998105,2.5002641287197003
33.0,211.0,1000.5426025390624,-4.38181940135786,-3.791399619586264,1.7098403347843747,3.179839270709807,2.472621786164865,3.0036723503264384,-0.3392415622642545,1.815770955111256,0.2086137691487854,2.5002641287197003
33.0,211.0,1000.5426025390624,-4.38181940135786,-3.791399619586264,1.7098404302970067,3.1798392707221392,2.4726217861648565,3.003668488078424,-0.3392415622701736,1.815772654525296,0.2086141153501159,2.5002641287197003
33.0,211.0,1000.5426025390624,-4.38181940135786,-3.791399619586264,1.7098404294414218,3.179839270706791,2.472621786164998,3.003663554483168,-0.3392415623851919,1.815772652417452,0.2086218274457262,2.5002641287197003
33.0,211.0,1000.5426025390624,-4.38181940135786,-3.791399619586264,1.7098404294414218,3.179839270708765,2.472621786164881,3.003668488078424,-0.3392415622474325,1.8157726510338543,0.2086230390980571,2.5002641287197003
33.0,211.0,1000.5426025390624,-4.38181940135786,-3.791399619586264,1.7098404294414218,3.179839270708637,2.472621786164864,3.0036654808814074,-0.3392415622941276,1.8157726510338543,0.2086045384703378,2.5002641287197003
33.0,211.0,1000.5426025390624,-4.38181940135786,-3.791399619586264,1.7098404294414218,3.179839270708765,2.47262178616488,3.003668488078424,-0.3392415611011593,1.8157726510338543,0.2086223060200112,2.5002641287197003
33.0,211.0,1000.5426025390624,-4.38181940135786,-3.791399619586264,1.7098403453403448,3.179839270708793,2.472621786164863,3.003677044616322,-0.3392415623793538,1.8157727856240613,0.2086136569841203,2.5002641287197003
33.0,211.0,1000.5426025390624,-4.38181940135786,-3.791399619586264,1.7098404294414218,3.179839270708765,2.47262178616488,3.003668488078424,-0.3392415622710885,1.8157726510338543,0.2086230390980571,2.5002641287197003
33.0,211.0,1000.5426025390624,-4.38181940135786,-3.791399619586264,1.7098404294414218,3.179839270708757,2.4726217861648614,3.003667666776133,-0.339241562247788,1.8157726510338543,0.208614743559608,2.5002641287197003
33.0,211.0,1000.5426025390624,-4.38181940135786,-3.791399619586264,1.7098404294414218,3.179839270708765,2.47262178616488,3.003668488078424,-0.339241562270528,1.8157726515931216,0.2086230390980571,2.5002641287197003
33.0,211.0,1000.5426025390624,-4.38181940135786,-3.791399619586264,1.7098403353941622,3.1798392707084764,2.472621786164863,3.003668464280405,-0.3392415602942843,1.815772653960668,0.2086137716531048,2.5002641287197003
33.0,211.0,1000.5426025390624,-4.38181940135786,-3.791399619586264,1.7098404294422462,3.179839270722096,2.4726217861650213,3.0036674481036902,-0.3392415622701736,1.8157726522125663,0.2086230390980571,2.5002641287197003
33.0,211.0,1000.5426025390624,-4.38181940135786,-3.791399619586264,1.7098403452108242,3.179839270708766,2.472621786164864,3.003677044616322,-0.3392415623793538,1.8157726539566823,0.2086136569841203,2.5002641287197003
33.0,211.0,1000.5426025390624,-4.38181940135786,-3.791399619586264,1.7098404294414218,3.1798392707086403,2.4726217861648787,3.0036654808814074,-0.3392415604091006,1.8157710386035544,0.208613778620579,2.5002641287197003
33.0,211.0,1000.5426025390624,-4.38181940135786,-3.791399619586264,1.7098404294414218,3.179839270708765,2.47262178616488,3.003668488078424,-0.339241562270528,1.8157726510338543,0.2086230390980571,2.5002641287197003
33.0,211.0,1000.5426025390624,-4.38181940135786,-3.791399619586264,1.7098404302970067,3.17983927070833,2.4726217861649955,3.003668488078424,-0.3392415622701736,1.8157726646904853,0.2086143376998105,2.5002641287197003
33.0,211.0,1000.5426025390624,-4.38181940135786,-3.791399619586264,1.7098404300144514,3.1798392707084253,2.472621786164862,3.003660714415029,-0.3392415622713721,1.8157744485262013,0.2086137238544499,2.5002641287197003
33.0,211.0,1000.5426025390624,-4.38181940135786,-3.791399619586264,1.7098404294414218,3.179839270708765,2.472621786164881,3.003668488078424,-0.3392415622713455,1.8157726510338543,0.2086230390980571,2.5002641287197003
33.0,211.0,1000.5426025390624,-4.38181940135786,-3.791399619586264,1.7098403451711213,3.1798392707227703,2.4726217861648623,3.00368219255876,-0.3392415602991104,1.8157709439508591,0.2086137677655681,2.5002641287197003
33.0,211.0,1000.5426025390624,-4.38181940135786,-3.791399619586264,1.7098404294414218,3.179839270708765,2.47262178616488,3.003668488078424,-0.339241561110106,1.815772618736129,0.2086223076305391,2.5002641287197003
33.0,211.0,1000.5426025390624,-4.38181940135786,-3.791399619586264,1.7098404302970067,3.1798392707224554,2.4726217861648565,3.0036778157578023,-0.3392415622701736,1.815772646579267,0.2086141123325922,2.5002641287197003
33.0,211.0,1000.5426025390624,-4.38181940135786,-3.791399619586264,1.7098404294414218,3.179839270708765,2.47262178616488,3.003668602277252,-0.3392415611247337,1.815772619295396,0.2086223076305391,2.5002641287197003
33.0,211.0,1000.5426025390624,-4.38181940135786,-3.791399619586264,1.7098404294414218,3.1798392707086407,2.47262178616488,3.003668488078424,-0.3392415622483473,1.8157726510338543,0.2086230390980571,2.5002641287197003
33.0,211.0,1000.5426025390624,-4.38181940135786,-3.791399619586264,1.7098403353941622,3.179839270708793,2.472621786164864,3.003677791959784,-0.3392415621793114,1.8157725824985929,0.2086045753542724,2.5002641287197003
33.0,211.0,1000.5426025390624,-4.38181940135786,-3.791399619586264,1.7098404294414218,3.179839270708765,2.472621786164881,3.003668488078424,-0.3392415622701736,1.8157726510338543,0.2086230390980571,2.5002641287197003
33.0,211.0,1000.5426025390624,-4.38181940135786,-3.791399619586264,1.7098404294414218,3.179839270708765,2.47262178616488,3.003668488078424,-0.3392415622471755,1.8157726510338543,0.2086230390980571,2.5002641287197003
33.0,211.0,1000.5426025390624,-4.38181940135786,-3.791399619586264,1.709840441144125,3.179839270708574,2.47262178616488,3.003660757198738,-0.3392415621750908,1.8157744485262013,0.2086137703700644,2.5002641287197003
33.0,211.0,1000.5426025390624,-4.38181940135786,-3.791399619586264,1.7098404294414218,3.179839270708765,2.47262178616488,3.003668655372412,-0.3392415623654631,1.815772618736129,0.2086223076305391,2.5002641287197003
33.0,211.0,1000.5426025390624,-4.38181940135786,-3.791399619586264,1.7098404294414218,3.1798392707086407,2.47262178616488,3.003668488078424,-0.3392415622483473,1.8157726510338543,0.2086230390980571,2.5002641287197003
33.0,211.0,1000.5426025390624,-4.38181940135786,-3.791399619586264,1.7098404407105547,3.17983927070857,2.47262178616488,3.003668488078424,-0.339241562270528,1.8157726510338543,0.2086230390980571,2.5002641287197003
33.0,212.0,1000.5426025390624,-4.38181940135786,-3.791399619586264,1.7098404294414218,3.179839270708765,2.47262178616488,3.003668488078424,-0.339241562270528,1.8157726510338543,0.2086230390980571,2.5002641287197003
33.0,212.0,1000.5426025390624,-4.38181940135786,-3.791399619586264,1.7098403353941622,3.179839270708793,2.472621786164863,3.003677791959784,-0.3392415623558534,1.8157727856240613,0.2086136569841203,2.5002641287197003
33.0,212.0,1000.5426025390624,-4.38181940135786,-3.791399619586264,1.7098404294414218,3.179839270708765,2.472621786164881,3.003668488078424,-0.3392415622479929,1.8157726510338543,0.2086230390980571,2.5002641287197003
33.0,212.0,1000.5426025390624,-4.38181940135786,-3.791399619586264,1.7098404294414218,3.179839270708765,2.472621786164881,3.003668488078424,-0.3392415622701736,1.8157726510338543,0.2086230390980571,2.5002641287197003
33.0,212.0,1000.5426025390624,-4.38181940135786,-3.791399619586264,1.7098404294414218,3.179839270708765,2.47262178616488,3.003668488078424,-0.3392415622483473,1.8157726510338543,0.2086230390980571,2.5002641287197003
33.0,212.0,1000.5426025390624,-4.38181940135786,-3.791399619586264,1.7098404294414218,3.1798392707086403,2.4726217861648787,3.0036654808814074,-0.3392415622941276,1.8157726510338543,0.2086045853392703,2.5002641287197003
33.0,212.0,1000.5426025390624,-4.38181940135786,-3.791399619586264,1.7098404294414218,3.179839270708765,2.47262178616488,3.003668488078424,-0.339241562270528,1.8157726510338543,0.2086230390980571,2.5002641287197003
33.0,212.0,1000.5426025390624,-4.38181940135786,-3.791399619586264,1.7098403353941622,3.179839270708793,2.472621786164863,3.003677791959784,-0.3392415602942843,1.8157709700682927,0.208613768635581,2.5002641287197003
33.0,212.0,1000.5426025390624,-4.38181940135786,-3.791399619586264,1.7098404410901251,3.179839270708574,2.472621786164862,3.003660757198738,-0.3392415621750908,1.8157744485262013,0.2086137703700644,2.5002641287197003
33.0,212.0,1000.5426025390624,-4.38181940135786,-3.791399619586264,1.7098404294414218,3.179839270708765,2.47262178616488,3.003668488078424,-0.339241562270528,1.8157726510338543,0.2086230390980571,2.5002641287197003
33.0,212.0,1000.5426025390624,-4.38181940135786,-3.791399619586264,1.7098404410901251,3.179839270708817,2.472621786164862,3.003660757198738,-0.3392415621750908,1.8157744485262013,0.2086137238544499,2.5002641287197003
33.0,212.0,1000.5426025390624,-4.38181940135786,-3.791399619586264,1.7098403420858872,3.179839270709712,2.472621786164862,3.0036676782153937,-0.3392415621850866,1.815770970256744,0.2086143502420084,2.5002641287197003
33.0,212.0,1000.5426025390624,-4.38181940135786,-3.791399619586264,1.7098404294414218,3.179839270708765,2.4726217861648627,3.003668488078424,-0.339241562270528,1.8157726510338543,0.2086230390980571,2.5002641287197003
33.0,212.0,1000.5426025390624,-4.38181940135786,-3.791399619586264,1.7098403353941622,3.179839270708793,2.472621786164863,3.003677791959784,-0.3392415602942843,1.8157726460146384,0.208613768635581,2.5002641287197003
33.0,212.0,1000.5426025390624,-4.38181940135786,-3.791399619586264,1.7098403369228028,3.179839270708793,2.4726217861648467,3.003677791959784,-0.3392415623558534,1.8157727856240613,0.2086136569841203,2.5002641287197003
33.0,212.0,1000.5426025390624,-4.38181940135786,-3.791399619586264,1.7098404294414218,3.179839270708765,2.47262178616488,3.003668488078424,-0.339241561110106,1.815772619295396,0.2086223076305391,2.5002641287197003
33.0,212.0,1000.5426025390624,-4.38181940135786,-3.791399619586264,1.7098404302970067,3.1798392707221392,2.4726217861649955,3.003668488078424,-0.3392415622701736,1.8157726510338543,0.2086230390980571,2.5002641287197003
33.0,212.0,1000.5426025390624,-4.38181940135786,-3.791399619586264,1.7098404294414218,3.179839270708765,2.47262178616488,3.003668488078424,-0.339241561110106,1.815772619295396,0.2086223076305391,2.5002641287197003
33.0,212.0,1000.5426025390624,-4.38181940135786,-3.791399619586264,1.7098403353941622,3.179839270708793,2.472621786164863,3.003677791959784,-0.3392415623558534,1.8157727856240613,0.2086136569841203,2.5002641287197003
33.0,212.0,1000.5426025390624,-4.38181940135786,-3.791399619586264,1.7098404302970067,3.17983927070833,2.4726217861649955,3.003668488078424,-0.3392415622701736,1.8157726646904853,0.2086143376998105,2.5002641287197003
33.0,212.0,1000.5426025390624,-4.38181940135786,-3.791399619586264,1.7098403347843747,3.179839270709807,2.472621786164865,3.0036723503264384,-0.3392415622642545,1.815770955111256,0.2086137691487854,2.5002641287197003
33.0,212.0,1000.5426025390624,-4.38181940135786,-3.791399619586264,1.7098404302970067,3.1798392707221392,2.4726217861648565,3.003668488078424,-0.3392415622701736,1.815772654525296,0.2086141153501159,2.5002641287197003
33.0,212.0,1000.5426025390624,-4.38181940135786,-3.791399619586264,1.7098404294414218,3.179839270706791,2.472621786164998,3.003663554483168,-0.3392415623851919,1.815772652417452,0.2086218274457262,2.5002641287197003
33.0,212.0,1000.5426025390624,-4.38181940135786,-3.791399619586264,1.7098404294414218,3.179839270708765,2.472621786164881,3.003668488078424,-0.3392415622474325,1.8157726510338543,0.2086230390980571,2.5002641287197003
33.0,212.0,1000.5426025390624,-4.38181940135786,-3.791399619586264,1.7098404294414218,3.179839270708637,2.472621786164864,3.0036654808814074,-0.3392415622941276,1.8157726510338543,0.2086045384703378,2.5002641287197003
33.0,212.0,1000.5426025390624,-4.38181940135786,-3.791399619586264,1.7098404294414218,3.179839270708765,2.47262178616488,3.003668488078424,-0.3392415611011593,1.8157726510338543,0.2086223060200112,2.5002641287197003
33.0,212.0,1000.5426025390624,-4.38181940135786,-3.791399619586264,1.7098403453403448,3.179839270708793,2.472621786164863,3.003677044616322,-0.3392415623793538,1.8157727856240613,0.2086136569841203,2.5002641287197003
33.0,212.0,1000.5426025390624,-4.38181940135786,-3.791399619586264,1.7098404294414218,3.179839270708765,2.47262178616488,3.003668488078424,-0.3392415622710885,1.8157726510338543,0.2086230390980571,2.5002641287197003
33.0,212.0,1000.5426025390624,-4.38181940135786,-3.791399619586264,1.7098404294414218,3.179839270708757,2.4726217861648614,3.003667666776133,-0.339241562247788,1.8157726510338543,0.208614743559608,2.5002641287197003
33.0,212.0,1000.5426025390624,-4.38181940135786,-3.791399619586264,1.7098404294414218,3.179839270708765,2.47262178616488,3.003668488078424,-0.339241562270528,1.8157726515931216,0.2086230390980571,2.5002641287197003
33.0,212.0,1000.5426025390624,-4.38181940135786,-3.791399619586264,1.7098403353941622,3.1798392707084764,2.472621786164863,3.003668464280405,-0.3392415602942843,1.815772653960668,0.2086137716531048,2.5002641287197003
33.0,212.0,1000.5426025390624,-4.38181940135786,-3.791399619586264,1.7098404294422462,3.179839270722096,2.4726217861650213,3.0036674481036902,-0.3392415622701736,1.8157726522125663,0.2086230390980571,2.5002641287197003
33.0,212.0,1000.5426025390624,-4.38181940135786,-3.791399619586264,1.7098403452108242,3.179839270708766,2.472621786164864,3.003677044616322,-0.3392415623793538,1.8157726539566823,0.2086136569841203,2.5002641287197003
33.0,212.0,1000.5426025390624,-4.38181940135786,-3.791399619586264,1.7098404294414218,3.1798392707086403,2.4726217861648787,3.0036654808814074,-0.3392415604091006,1.8157710386035544,0.208613778620579,2.5002641287197003
33.0,212.0,1000.5426025390624,-4.38181940135786,-3.791399619586264,1.7098404294414218,3.179839270708765,2.47262178616488,3.003668488078424,-0.339241562270528,1.8157726510338543,0.2086230390980571,2.5002641287197003
33.0,212.0,1000.5426025390624,-4.38181940135786,-3.791399619586264,1.7098404302970067,3.17983927070833,2.4726217861649955,3.003668488078424,-0.3392415622701736,1.8157726646904853,0.2086143376998105,2.5002641287197003
33.0,212.0,1000.5426025390624,-4.38181940135786,-3.791399619586264,1.7098404300144514,3.1798392707084253,2.472621786164862,3.003660714415029,-0.3392415622713721,1.8157744485262013,0.2086137238544499,2.5002641287197003
33.0,212.0,1000.5426025390624,-4.38181940135786,-3.791399619586264,1.7098404294414218,3.179839270708765,2.472621786164881,3.003668488078424,-0.3392415622713455,1.8157726510338543,0.2086230390980571,2.5002641287197003
33.0,212.0,1000.5426025390624,-4.38181940135786,-3.791399619586264,1.7098403451711213,3.1798392707227703,2.4726217861648623,3.00368219255876,-0.3392415602991104,1.8157709439508591,0.2086137677655681,2.5002641287197003
33.0,212.0,1000.5426025390624,-4.38181940135786,-3.791399619586264,1.7098404294414218,3.179839270708765,2.47262178616488,3.003668488078424,-0.339241561110106,1.815772618736129,0.2086223076305391,2.5002641287197003
33.0,212.0,1000.5426025390624,-4.38181940135786,-3.791399619586264,1.7098404302970067,3.1798392707224554,2.4726217861648565,3.0036778157578023,-0.3392415622701736,1.815772646579267,0.2086141123325922,2.5002641287197003
33.0,212.0,1000.5426025390624,-4.38181940135786,-3.791399619586264,1.7098404294414218,3.179839270708765,2.47262178616488,3.003668602277252,-0.3392415611247337,1.815772619295396,0.2086223076305391,2.5002641287197003
33.0,212.0,1000.5426025390624,-4.38181940135786,-3.791399619586264,1.7098404294414218,3.1798392707086407,2.47262178616488,3.003668488078424,-0.3392415622483473,1.8157726510338543,0.2086230390980571,2.5002641287197003
33.0,212.0,1000.5426025390624,-4.38181940135786,-3.791399619586264,1.7098403353941622,3.179839270708793,2.472621786164864,3.003677791959784,-0.3392415621793114,1.8157725824985929,0.2086045753542724,2.5002641287197003
33.0,212.0,1000.5426025390624,-4.38181940135786,-3.791399619586264,1.7098404294414218,3.179839270708765,2.472621786164881,3.003668488078424,-0.3392415622701736,1.8157726510338543,0.2086230390980571,2.5002641287197003
33.0,212.0,1000.5426025390624,-4.38181940135786,-3.791399619586264,1.7098404294414218,3.179839270708765,2.47262178616488,3.003668488078424,-0.3392415622471755,1.8157726510338543,0.2086230390980571,2.5002641287197003
33.0,212.0,1000.5426025390624,-4.38181940135786,-3.791399619586264,1.709840441144125,3.179839270708574,2.47262178616488,3.003660757198738,-0.3392415621750908,1.8157744485262013,0.2086137703700644,2.5002641287197003
33.0,212.0,1000.5426025390624,-4.38181940135786,-3.791399619586264,1.7098404294414218,3.179839270708765,2.47262178616488,3.003668655372412,-0.3392415623654631,1.815772618736129,0.2086223076305391,2.5002641287197003
33.0,212.0,1000.5426025390624,-4.38181940135786,-3.791399619586264,1.7098404294414218,3.1798392707086407,2.47262178616488,3.003668488078424,-0.3392415622483473,1.8157726510338543,0.2086230390980571,2.5002641287197003
33.0,212.0,1000.5426025390624,-4.38181940135786,-3.791399619586264,1.7098404407105547,3.17983927070857,2.47262178616488,3.003668488078424,-0.339241562270528,1.8157726510338543,0.2086230390980571,2.5002641287197003
33.0,213.0,1000.5426025390624,-4.38181940135786,-3.791399619586264,1.7098404294414218,3.179839270708765,2.47262178616488,3.003668488078424,-0.339241562270528,1.8157726510338543,0.2086230390980571,2.5002641287197003
33.0,213.0,1000.5426025390624,-4.38181940135786,-3.791399619586264,1.7098403353941622,3.179839270708793,2.472621786164863,3.003677791959784,-0.3392415623558534,1.8157727856240613,0.2086136569841203,2.5002641287197003
33.0,213.0,1000.5426025390624,-4.38181940135786,-3.791399619586264,1.7098404294414218,3.179839270708765,2.472621786164881,3.003668488078424,-0.3392415622479929,1.8157726510338543,0.2086230390980571,2.5002641287197003
33.0,213.0,1000.5426025390624,-4.38181940135786,-3.791399619586264,1.7098404294414218,3.179839270708765,2.472621786164881,3.003668488078424,-0.3392415622701736,1.8157726510338543,0.2086230390980571,2.5002641287197003
33.0,213.0,1000.5426025390624,-4.38181940135786,-3.791399619586264,1.7098404294414218,3.179839270708765,2.47262178616488,3.003668488078424,-0.3392415622483473,1.8157726510338543,0.2086230390980571,2.5002641287197003
33.0,213.0,1000.5426025390624,-4.38181940135786,-3.791399619586264,1.7098404294414218,3.1798392707086403,2.4726217861648787,3.0036654808814074,-0.3392415622941276,1.8157726510338543,0.2086045853392703,2.5002641287197003
33.0,213.0,1000.5426025390624,-4.38181940135786,-3.791399619586264,1.7098404294414218,3.179839270708765,2.47262178616488,3.003668488078424,-0.339241562270528,1.8157726510338543,0.2086230390980571,2.5002641287197003
33.0,213.0,1000.5426025390624,-4.38181940135786,-3.791399619586264,1.7098403353941622,3.179839270708793,2.472621786164863,3.003677791959784,-0.3392415602942843,1.8157709700682927,0.208613768635581,2.5002641287197003
33.0,213.0,1000.5426025390624,-4.38181940135786,-3.791399619586264,1.7098404410901251,3.179839270708574,2.472621786164862,3.003660757198738,-0.3392415621750908,1.8157744485262013,0.2086137703700644,2.5002641287197003
33.0,213.0,1000.5426025390624,-4.38181940135786,-3.791399619586264,1.7098404294414218,3.179839270708765,2.47262178616488,3.003668488078424,-0.339241562270528,1.8157726510338543,0.2086230390980571,2.5002641287197003
33.0,213.0,1000.5426025390624,-4.38181940135786,-3.791399619586264,1.7098404410901251,3.179839270708817,2.472621786164862,3.003660757198738,-0.3392415621750908,1.8157744485262013,0.2086137238544499,2.5002641287197003
33.0,213.0,1000.5426025390624,-4.38181940135786,-3.791399619586264,1.7098403420858872,3.179839270709712,2.472621786164862,3.0036676782153937,-0.3392415621850866,1.815770970256744,0.2086143502420084,2.5002641287197003
33.0,213.0,1000.5426025390624,-4.38181940135786,-3.791399619586264,1.7098404294414218,3.179839270708765,2.4726217861648627,3.003668488078424,-0.339241562270528,1.8157726510338543,0.2086230390980571,2.5002641287197003
33.0,213.0,1000.5426025390624,-4.38181940135786,-3.791399619586264,1.7098403353941622,3.179839270708793,2.472621786164863,3.003677791959784,-0.3392415602942843,1.8157726460146384,0.208613768635581,2.5002641287197003
33.0,213.0,1000.5426025390624,-4.38181940135786,-3.791399619586264,1.7098403369228028,3.179839270708793,2.4726217861648467,3.003677791959784,-0.3392415623558534,1.8157727856240613,0.2086136569841203,2.5002641287197003
33.0,213.0,1000.5426025390624,-4.38181940135786,-3.791399619586264,1.7098404294414218,3.179839270708765,2.47262178616488,3.003668488078424,-0.339241561110106,1.815772619295396,0.2086223076305391,2.5002641287197003
33.0,213.0,1000.5426025390624,-4.38181940135786,-3.791399619586264,1.7098404302970067,3.1798392707221392,2.4726217861649955,3.003668488078424,-0.3392415622701736,1.8157726510338543,0.2086230390980571,2.5002641287197003
33.0,213.0,1000.5426025390624,-4.38181940135786,-3.791399619586264,1.7098404294414218,3.179839270708765,2.47262178616488,3.003668488078424,-0.339241561110106,1.815772619295396,0.2086223076305391,2.5002641287197003
33.0,213.0,1000.5426025390624,-4.38181940135786,-3.791399619586264,1.7098403353941622,3.179839270708793,2.472621786164863,3.003677791959784,-0.3392415623558534,1.8157727856240613,0.2086136569841203,2.5002641287197003
33.0,213.0,1000.5426025390624,-4.38181940135786,-3.791399619586264,1.7098404302970067,3.17983927070833,2.4726217861649955,3.003668488078424,-0.3392415622701736,1.8157726646904853,0.2086143376998105,2.5002641287197003
33.0,213.0,1000.5426025390624,-4.38181940135786,-3.791399619586264,1.7098403347843747,3.179839270709807,2.472621786164865,3.0036723503264384,-0.3392415622642545,1.815770955111256,0.2086137691487854,2.5002641287197003
33.0,213.0,1000.5426025390624,-4.38181940135786,-3.791399619586264,1.7098404302970067,3.1798392707221392,2.4726217861648565,3.003668488078424,-0.3392415622701736,1.815772654525296,0.2086141153501159,2.5002641287197003
33.0,213.0,1000.5426025390624,-4.38181940135786,-3.791399619586264,1.7098404294414218,3.179839270706791,2.472621786164998,3.003663554483168,-0.3392415623851919,1.815772652417452,0.2086218274457262,2.5002641287197003
33.0,213.0,1000.5426025390624,-4.38181940135786,-3.791399619586264,1.7098404294414218,3.179839270708765,2.472621786164881,3.003668488078424,-0.3392415622474325,1.8157726510338543,0.2086230390980571,2.5002641287197003
33.0,213.0,1000.5426025390624,-4.38181940135786,-3.791399619586264,1.7098404294414218,3.179839270708637,2.472621786164864,3.0036654808814074,-0.3392415622941276,1.8157726510338543,0.2086045384703378,2.5002641287197003
33.0,213.0,1000.5426025390624,-4.38181940135786,-3.791399619586264,1.7098404294414218,3.179839270708765,2.47262178616488,3.003668488078424,-0.3392415611011593,1.8157726510338543,0.2086223060200112,2.5002641287197003
33.0,213.0,1000.5426025390624,-4.38181940135786,-3.791399619586264,1.7098403453403448,3.179839270708793,2.472621786164863,3.003677044616322,-0.3392415623793538,1.8157727856240613,0.2086136569841203,2.5002641287197003
33.0,213.0,1000.5426025390624,-4.38181940135786,-3.791399619586264,1.7098404294414218,3.179839270708765,2.47262178616488,3.003668488078424,-0.3392415622710885,1.8157726510338543,0.2086230390980571,2.5002641287197003
33.0,213.0,1000.5426025390624,-4.38181940135786,-3.791399619586264,1.7098404294414218,3.179839270708757,2.4726217861648614,3.003667666776133,-0.339241562247788,1.8157726510338543,0.208614743559608,2.5002641287197003
33.0,213.0,1000.5426025390624,-4.38181940135786,-3.791399619586264,1.7098404294414218,3.179839270708765,2.47262178616488,3.003668488078424,-0.339241562270528,1.8157726515931216,0.2086230390980571,2.5002641287197003
33.0,213.0,1000.5426025390624,-4.38181940135786,-3.791399619586264,1.7098403353941622,3.1798392707084764,2.472621786164863,3.003668464280405,-0.3392415602942843,1.815772653960668,0.2086137716531048,2.5002641287197003
33.0,213.0,1000.5426025390624,-4.38181940135786,-3.791399619586264,1.7098404294422462,3.179839270722096,2.4726217861650213,3.0036674481036902,-0.3392415622701736,1.8157726522125663,0.2086230390980571,2.5002641287197003
33.0,213.0,1000.5426025390624,-4.38181940135786,-3.791399619586264,1.7098403452108242,3.179839270708766,2.472621786164864,3.003677044616322,-0.3392415623793538,1.8157726539566823,0.2086136569841203,2.5002641287197003
33.0,213.0,1000.5426025390624,-4.38181940135786,-3.791399619586264,1.7098404294414218,3.1798392707086403,2.4726217861648787,3.0036654808814074,-0.3392415604091006,1.8157710386035544,0.208613778620579,2.5002641287197003
33.0,213.0,1000.5426025390624,-4.38181940135786,-3.791399619586264,1.7098404294414218,3.179839270708765,2.47262178616488,3.003668488078424,-0.339241562270528,1.8157726510338543,0.2086230390980571,2.5002641287197003
33.0,213.0,1000.5426025390624,-4.38181940135786,-3.791399619586264,1.7098404302970067,3.17983927070833,2.4726217861649955,3.003668488078424,-0.3392415622701736,1.8157726646904853,0.2086143376998105,2.5002641287197003
33.0,213.0,1000.5426025390624,-4.38181940135786,-3.791399619586264,1.7098404300144514,3.1798392707084253,2.472621786164862,3.003660714415029,-0.3392415622713721,1.8157744485262013,0.2086137238544499,2.5002641287197003
33.0,213.0,1000.5426025390624,-4.38181940135786,-3.791399619586264,1.7098404294414218,3.179839270708765,2.472621786164881,3.003668488078424,-0.3392415622713455,1.8157726510338543,0.2086230390980571,2.5002641287197003
33.0,213.0,1000.5426025390624,-4.38181940135786,-3.791399619586264,1.7098403451711213,3.1798392707227703,2.4726217861648623,3.00368219255876,-0.3392415602991104,1.8157709439508591,0.2086137677655681,2.5002641287197003
33.0,213.0,1000.5426025390624,-4.38181940135786,-3.791399619586264,1.7098404294414218,3.179839270708765,2.47262178616488,3.003668488078424,-0.339241561110106,1.815772618736129,0.2086223076305391,2.5002641287197003
33.0,213.0,1000.5426025390624,-4.38181940135786,-3.791399619586264,1.7098404302970067,3.1798392707224554,2.4726217861648565,3.0036778157578023,-0.3392415622701736,1.815772646579267,0.2086141123325922,2.5002641287197003
33.0,213.0,1000.5426025390624,-4.38181940135786,-3.791399619586264,1.7098404294414218,3.179839270708765,2.47262178616488,3.003668602277252,-0.3392415611247337,1.815772619295396,0.2086223076305391,2.5002641287197003
33.0,213.0,1000.5426025390624,-4.38181940135786,-3.791399619586264,1.7098404294414218,3.1798392707086407,2.47262178616488,3.003668488078424,-0.3392415622483473,1.8157726510338543,0.2086230390980571,2.5002641287197003
33.0,213.0,1000.5426025390624,-4.38181940135786,-3.791399619586264,1.7098403353941622,3.179839270708793,2.472621786164864,3.003677791959784,-0.3392415621793114,1.8157725824985929,0.2086045753542724,2.5002641287197003
33.0,213.0,1000.5426025390624,-4.38181940135786,-3.791399619586264,1.7098404294414218,3.179839270708765,2.472621786164881,3.003668488078424,-0.3392415622701736,1.8157726510338543,0.2086230390980571,2.5002641287197003
33.0,213.0,1000.5426025390624,-4.38181940135786,-3.791399619586264,1.7098404294414218,3.179839270708765,2.47262178616488,3.003668488078424,-0.3392415622471755,1.8157726510338543,0.2086230390980571,2.5002641287197003
33.0,213.0,1000.5426025390624,-4.38181940135786,-3.791399619586264,1.709840441144125,3.179839270708574,2.47262178616488,3.003660757198738,-0.3392415621750908,1.8157744485262013,0.2086137703700644,2.5002641287197003
33.0,213.0,1000.5426025390624,-4.38181940135786,-3.791399619586264,1.7098404294414218,3.179839270708765,2.47262178616488,3.003668655372412,-0.3392415623654631,1.815772618736129,0.2086223076305391,2.5002641287197003
33.0,213.0,1000.5426025390624,-4.38181940135786,-3.791399619586264,1.7098404294414218,3.1798392707086407,2.47262178616488,3.003668488078424,-0.3392415622483473,1.8157726510338543,0.2086230390980571,2.5002641287197003
33.0,213.0,1000.5426025390624,-4.38181940135786,-3.791399619586264,1.7098404407105547,3.17983927070857,2.47262178616488,3.003668488078424,-0.339241562270528,1.8157726510338543,0.2086230390980571,2.5002641287197003
33.0,214.0,1000.5422973632812,-4.38181940135786,-3.790642452454031,1.7098404300801202,3.1798392707084204,2.472621786164881,3.003660714415029,-0.3392415622713721,1.8157745069157305,0.2086137238544499,2.5002641287197003
33.0,214.0,1000.5424194335938,-4.38181940135786,-3.791399619586264,1.7098403482745206,3.179839270708766,2.472621786164864,3.0036685674057813,-0.3392415623840025,1.8157726539566823,0.2086127368192589,2.5015592954639665
33.0,214.0,1000.5426025390624,-4.38181940135786,-3.791399619586264,1.7098404294414218,3.179839270708765,2.47262178616488,3.003668488078424,-0.339241562270528,1.8157726510338543,0.2086230390980571,2.5002641287197003
33.0,214.0,1000.5426025390624,-4.38181940135786,-3.791399619586264,1.7098403353941622,3.179839270708793,2.472621786164863,3.003677791959784,-0.3392415623558534,1.8157727856240613,0.2086136569841203,2.5002641287197003
33.0,214.0,1000.5426025390624,-4.38181940135786,-3.791399619586264,1.7098404294414218,3.179839270708765,2.472621786164881,3.003668488078424,-0.3392415622479929,1.8157726510338543,0.2086230390980571,2.5002641287197003
33.0,214.0,1000.5426025390624,-4.38181940135786,-3.791399619586264,1.7098404294414218,3.179839270708765,2.472621786164881,3.003668488078424,-0.3392415622701736,1.8157726510338543,0.2086230390980571,2.5002641287197003
33.0,214.0,1000.5426025390624,-4.38181940135786,-3.791399619586264,1.7098404294414218,3.179839270708765,2.47262178616488,3.003668488078424,-0.3392415622483473,1.8157726510338543,0.2086230390980571,2.5002641287197003
33.0,214.0,1000.5426025390624,-4.38181940135786,-3.791399619586264,1.7098404294414218,3.1798392707086403,2.4726217861648787,3.0036654808814074,-0.3392415622941276,1.8157726510338543,0.2086045853392703,2.5002641287197003
33.0,214.0,1000.5426025390624,-4.38181940135786,-3.791399619586264,1.7098404294414218,3.179839270708765,2.47262178616488,3.003668488078424,-0.339241562270528,1.8157726510338543,0.2086230390980571,2.5002641287197003
33.0,214.0,1000.5426025390624,-4.38181940135786,-3.791399619586264,1.7098403353941622,3.179839270708793,2.472621786164863,3.003677791959784,-0.3392415602942843,1.8157709700682927,0.208613768635581,2.5002641287197003
33.0,214.0,1000.5426025390624,-4.38181940135786,-3.791399619586264,1.7098404410901251,3.179839270708574,2.472621786164862,3.003660757198738,-0.3392415621750908,1.8157744485262013,0.2086137703700644,2.5002641287197003
33.0,214.0,1000.5426025390624,-4.38181940135786,-3.791399619586264,1.7098404294414218,3.179839270708765,2.47262178616488,3.003668488078424,-0.339241562270528,1.8157726510338543,0.2086230390980571,2.5002641287197003
33.0,214.0,1000.5426025390624,-4.38181940135786,-3.791399619586264,1.7098404410901251,3.179839270708817,2.472621786164862,3.003660757198738,-0.3392415621750908,1.8157744485262013,0.2086137238544499,2.5002641287197003
33.0,214.0,1000.5426025390624,-4.38181940135786,-3.791399619586264,1.7098403420858872,3.179839270709712,2.472621786164862,3.0036676782153937,-0.3392415621850866,1.815770970256744,0.2086143502420084,2.5002641287197003
33.0,214.0,1000.5426025390624,-4.38181940135786,-3.791399619586264,1.7098404294414218,3.179839270708765,2.4726217861648627,3.003668488078424,-0.339241562270528,1.8157726510338543,0.2086230390980571,2.5002641287197003
33.0,214.0,1000.5426025390624,-4.38181940135786,-3.791399619586264,1.7098403353941622,3.179839270708793,2.472621786164863,3.003677791959784,-0.3392415602942843,1.8157726460146384,0.208613768635581,2.5002641287197003
33.0,214.0,1000.5426025390624,-4.38181940135786,-3.791399619586264,1.7098403369228028,3.179839270708793,2.4726217861648467,3.003677791959784,-0.3392415623558534,1.8157727856240613,0.2086136569841203,2.5002641287197003
33.0,214.0,1000.5426025390624,-4.38181940135786,-3.791399619586264,1.7098404294414218,3.179839270708765,2.47262178616488,3.003668488078424,-0.339241561110106,1.815772619295396,0.2086223076305391,2.5002641287197003
33.0,214.0,1000.5426025390624,-4.38181940135786,-3.791399619586264,1.7098404302970067,3.1798392707221392,2.4726217861649955,3.003668488078424,-0.3392415622701736,1.8157726510338543,0.2086230390980571,2.5002641287197003
33.0,214.0,1000.5426025390624,-4.38181940135786,-3.791399619586264,1.7098404294414218,3.179839270708765,2.47262178616488,3.003668488078424,-0.339241561110106,1.815772619295396,0.2086223076305391,2.5002641287197003
33.0,214.0,1000.5426025390624,-4.38181940135786,-3.791399619586264,1.7098403353941622,3.179839270708793,2.472621786164863,3.003677791959784,-0.3392415623558534,1.8157727856240613,0.2086136569841203,2.5002641287197003
33.0,214.0,1000.5426025390624,-4.38181940135786,-3.791399619586264,1.7098404302970067,3.17983927070833,2.4726217861649955,3.003668488078424,-0.3392415622701736,1.8157726646904853,0.2086143376998105,2.5002641287197003
33.0,214.0,1000.5426025390624,-4.38181940135786,-3.791399619586264,1.7098403347843747,3.179839270709807,2.472621786164865,3.0036723503264384,-0.3392415622642545,1.815770955111256,0.2086137691487854,2.5002641287197003
33.0,214.0,1000.5426025390624,-4.38181940135786,-3.791399619586264,1.7098404302970067,3.1798392707221392,2.4726217861648565,3.003668488078424,-0.3392415622701736,1.815772654525296,0.2086141153501159,2.5002641287197003
33.0,214.0,1000.5426025390624,-4.38181940135786,-3.791399619586264,1.7098404294414218,3.179839270706791,2.472621786164998,3.003663554483168,-0.3392415623851919,1.815772652417452,0.2086218274457262,2.5002641287197003
33.0,214.0,1000.5426025390624,-4.38181940135786,-3.791399619586264,1.7098404294414218,3.179839270708765,2.472621786164881,3.003668488078424,-0.3392415622474325,1.8157726510338543,0.2086230390980571,2.5002641287197003
33.0,214.0,1000.5426025390624,-4.38181940135786,-3.791399619586264,1.7098404294414218,3.179839270708637,2.472621786164864,3.0036654808814074,-0.3392415622941276,1.8157726510338543,0.2086045384703378,2.5002641287197003
33.0,214.0,1000.5426025390624,-4.38181940135786,-3.791399619586264,1.7098404294414218,3.179839270708765,2.47262178616488,3.003668488078424,-0.3392415611011593,1.8157726510338543,0.2086223060200112,2.5002641287197003
33.0,214.0,1000.5426025390624,-4.38181940135786,-3.791399619586264,1.7098403453403448,3.179839270708793,2.472621786164863,3.003677044616322,-0.3392415623793538,1.8157727856240613,0.2086136569841203,2.5002641287197003
33.0,214.0,1000.5426025390624,-4.38181940135786,-3.791399619586264,1.7098404294414218,3.179839270708765,2.47262178616488,3.003668488078424,-0.3392415622710885,1.8157726510338543,0.2086230390980571,2.5002641287197003
33.0,214.0,1000.5426025390624,-4.38181940135786,-3.791399619586264,1.7098404294414218,3.179839270708757,2.4726217861648614,3.003667666776133,-0.339241562247788,1.8157726510338543,0.208614743559608,2.5002641287197003
33.0,214.0,1000.5426025390624,-4.38181940135786,-3.791399619586264,1.7098404294414218,3.179839270708765,2.47262178616488,3.003668488078424,-0.339241562270528,1.8157726515931216,0.2086230390980571,2.5002641287197003
33.0,214.0,1000.5426025390624,-4.38181940135786,-3.791399619586264,1.7098403353941622,3.1798392707084764,2.472621786164863,3.003668464280405,-0.3392415602942843,1.815772653960668,0.2086137716531048,2.5002641287197003
33.0,214.0,1000.5426025390624,-4.38181940135786,-3.791399619586264,1.7098404294422462,3.179839270722096,2.4726217861650213,3.0036674481036902,-0.3392415622701736,1.8157726522125663,0.2086230390980571,2.5002641287197003
33.0,214.0,1000.5426025390624,-4.38181940135786,-3.791399619586264,1.7098403452108242,3.179839270708766,2.472621786164864,3.003677044616322,-0.3392415623793538,1.8157726539566823,0.2086136569841203,2.5002641287197003
33.0,214.0,1000.5426025390624,-4.38181940135786,-3.791399619586264,1.7098404294414218,3.1798392707086403,2.4726217861648787,3.0036654808814074,-0.3392415604091006,1.8157710386035544,0.208613778620579,2.5002641287197003
33.0,214.0,1000.5426025390624,-4.38181940135786,-3.791399619586264,1.7098404294414218,3.179839270708765,2.47262178616488,3.003668488078424,-0.339241562270528,1.8157726510338543,0.2086230390980571,2.5002641287197003
33.0,214.0,1000.5426025390624,-4.38181940135786,-3.791399619586264,1.7098404302970067,3.17983927070833,2.4726217861649955,3.003668488078424,-0.3392415622701736,1.8157726646904853,0.2086143376998105,2.5002641287197003
33.0,214.0,1000.5426025390624,-4.38181940135786,-3.791399619586264,1.7098404300144514,3.1798392707084253,2.472621786164862,3.003660714415029,-0.3392415622713721,1.8157744485262013,0.2086137238544499,2.5002641287197003
33.0,214.0,1000.5426025390624,-4.38181940135786,-3.791399619586264,1.7098404294414218,3.179839270708765,2.472621786164881,3.003668488078424,-0.3392415622713455,1.8157726510338543,0.2086230390980571,2.5002641287197003
33.0,214.0,1000.5426025390624,-4.38181940135786,-3.791399619586264,1.7098403451711213,3.1798392707227703,2.4726217861648623,3.00368219255876,-0.3392415602991104,1.8157709439508591,0.2086137677655681,2.5002641287197003
33.0,214.0,1000.5426025390624,-4.38181940135786,-3.791399619586264,1.7098404294414218,3.179839270708765,2.47262178616488,3.003668488078424,-0.339241561110106,1.815772618736129,0.2086223076305391,2.5002641287197003
33.0,214.0,1000.5426025390624,-4.38181940135786,-3.791399619586264,1.7098404302970067,3.1798392707224554,2.4726217861648565,3.0036778157578023,-0.3392415622701736,1.815772646579267,0.2086141123325922,2.5002641287197003
33.0,214.0,1000.5426025390624,-4.38181940135786,-3.791399619586264,1.7098404294414218,3.179839270708765,2.47262178616488,3.003668602277252,-0.3392415611247337,1.815772619295396,0.2086223076305391,2.5002641287197003
33.0,214.0,1000.5426025390624,-4.38181940135786,-3.791399619586264,1.7098404294414218,3.1798392707086407,2.47262178616488,3.003668488078424,-0.3392415622483473,1.8157726510338543,0.2086230390980571,2.5002641287197003
33.0,214.0,1000.5426025390624,-4.38181940135786,-3.791399619586264,1.7098403353941622,3.179839270708793,2.472621786164864,3.003677791959784,-0.3392415621793114,1.8157725824985929,0.2086045753542724,2.5002641287197003
33.0,214.0,1000.5426025390624,-4.38181940135786,-3.791399619586264,1.7098404294414218,3.179839270708765,2.472621786164881,3.003668488078424,-0.3392415622701736,1.8157726510338543,0.2086230390980571,2.5002641287197003
33.0,214.0,1000.5426025390624,-4.38181940135786,-3.791399619586264,1.7098404294414218,3.179839270708765,2.47262178616488,3.003668488078424,-0.3392415622471755,1.8157726510338543,0.2086230390980571,2.5002641287197003
33.0,214.0,1000.5426025390624,-4.38181940135786,-3.791399619586264,1.709840441144125,3.179839270708574,2.47262178616488,3.003660757198738,-0.3392415621750908,1.8157744485262013,0.2086137703700644,2.5002641287197003
33.0,214.0,1000.5426025390624,-4.38181940135786,-3.791399619586264,1.7098404294414218,3.179839270708765,2.47262178616488,3.003668655372412,-0.3392415623654631,1.815772618736129,0.2086223076305391,2.5002641287197003
33.0,215.0,1000.5420532226562,-4.38181940135786,-3.791399619586264,1.7098404294414218,3.179839270708765,2.47262178616488,3.003668488078424,-0.339241562270528,1.8157726510338543,0.2086230390980571,2.500885018000758
33.0,215.0,1000.5422973632812,-4.38181940135786,-3.790642452454031,1.7098404300801202,3.1798392707084204,2.472621786164881,3.003660714415029,-0.3392415622713721,1.8157745069157305,0.2086137238544499,2.5002641287197003
33.0,215.0,1000.5424194335938,-4.38181940135786,-3.791399619586264,1.7098403482745206,3.179839270708766,2.472621786164864,3.0036685674057813,-0.3392415623840025,1.8157726539566823,0.2086127368192589,2.5015592954639665
33.0,215.0,1000.5424194335938,-4.38181940135786,-3.791399619586264,1.7098403482745206,3.179839270708793,2.472621786164864,3.003668607970654,-0.3392415628162528,1.8157726539566823,0.2086126965963231,2.5015592954639665
33.0,215.0,1000.5426025390624,-4.38181940135786,-3.791399619586264,1.7098404294414218,3.179839270708765,2.47262178616488,3.003668488078424,-0.339241562270528,1.8157726510338543,0.2086230390980571,2.5002641287197003
33.0,215.0,1000.5426025390624,-4.38181940135786,-3.791399619586264,1.7098403353941622,3.179839270708793,2.472621786164863,3.003677791959784,-0.3392415623558534,1.8157727856240613,0.2086136569841203,2.5002641287197003
33.0,215.0,1000.5426025390624,-4.38181940135786,-3.791399619586264,1.7098404294414218,3.179839270708765,2.472621786164881,3.003668488078424,-0.3392415622479929,1.8157726510338543,0.2086230390980571,2.5002641287197003
33.0,215.0,1000.5426025390624,-4.38181940135786,-3.791399619586264,1.7098404294414218,3.179839270708765,2.472621786164881,3.003668488078424,-0.3392415622701736,1.8157726510338543,0.2086230390980571,2.5002641287197003
33.0,215.0,1000.5426025390624,-4.38181940135786,-3.791399619586264,1.7098404294414218,3.179839270708765,2.47262178616488,3.003668488078424,-0.3392415622483473,1.8157726510338543,0.2086230390980571,2.5002641287197003
33.0,215.0,1000.5426025390624,-4.38181940135786,-3.791399619586264,1.7098404294414218,3.1798392707086403,2.4726217861648787,3.0036654808814074,-0.3392415622941276,1.8157726510338543,0.2086045853392703,2.5002641287197003
33.0,215.0,1000.5426025390624,-4.38181940135786,-3.791399619586264,1.7098404294414218,3.179839270708765,2.47262178616488,3.003668488078424,-0.339241562270528,1.8157726510338543,0.2086230390980571,2.5002641287197003
33.0,215.0,1000.5426025390624,-4.38181940135786,-3.791399619586264,1.7098403353941622,3.179839270708793,2.472621786164863,3.003677791959784,-0.3392415602942843,1.8157709700682927,0.208613768635581,2.5002641287197003
33.0,215.0,1000.5426025390624,-4.38181940135786,-3.791399619586264,1.7098404410901251,3.179839270708574,2.472621786164862,3.003660757198738,-0.3392415621750908,1.8157744485262013,0.2086137703700644,2.5002641287197003
33.0,215.0,1000.5426025390624,-4.38181940135786,-3.791399619586264,1.7098404294414218,3.179839270708765,2.47262178616488,3.003668488078424,-0.339241562270528,1.8157726510338543,0.2086230390980571,2.5002641287197003
33.0,215.0,1000.5426025390624,-4.38181940135786,-3.791399619586264,1.7098404410901251,3.179839270708817,2.472621786164862,3.003660757198738,-0.3392415621750908,1.8157744485262013,0.2086137238544499,2.5002641287197003
33.0,215.0,1000.5426025390624,-4.38181940135786,-3.791399619586264,1.7098403420858872,3.179839270709712,2.472621786164862,3.0036676782153937,-0.3392415621850866,1.815770970256744,0.2086143502420084,2.5002641287197003
33.0,215.0,1000.5426025390624,-4.38181940135786,-3.791399619586264,1.7098404294414218,3.179839270708765,2.4726217861648627,3.003668488078424,-0.339241562270528,1.8157726510338543,0.2086230390980571,2.5002641287197003
33.0,215.0,1000.5426025390624,-4.38181940135786,-3.791399619586264,1.7098403353941622,3.179839270708793,2.472621786164863,3.003677791959784,-0.3392415602942843,1.8157726460146384,0.208613768635581,2.5002641287197003
33.0,215.0,1000.5426025390624,-4.38181940135786,-3.791399619586264,1.7098403369228028,3.179839270708793,2.4726217861648467,3.003677791959784,-0.3392415623558534,1.8157727856240613,0.2086136569841203,2.5002641287197003
33.0,215.0,1000.5426025390624,-4.38181940135786,-3.791399619586264,1.7098404294414218,3.179839270708765,2.47262178616488,3.003668488078424,-0.339241561110106,1.815772619295396,0.2086223076305391,2.5002641287197003
33.0,215.0,1000.5426025390624,-4.38181940135786,-3.791399619586264,1.7098404302970067,3.1798392707221392,2.4726217861649955,3.003668488078424,-0.3392415622701736,1.8157726510338543,0.2086230390980571,2.5002641287197003
33.0,215.0,1000.5426025390624,-4.38181940135786,-3.791399619586264,1.7098404294414218,3.179839270708765,2.47262178616488,3.003668488078424,-0.339241561110106,1.815772619295396,0.2086223076305391,2.5002641287197003
33.0,215.0,1000.5426025390624,-4.38181940135786,-3.791399619586264,1.7098403353941622,3.179839270708793,2.472621786164863,3.003677791959784,-0.3392415623558534,1.8157727856240613,0.2086136569841203,2.5002641287197003
33.0,215.0,1000.5426025390624,-4.38181940135786,-3.791399619586264,1.7098404302970067,3.17983927070833,2.4726217861649955,3.003668488078424,-0.3392415622701736,1.8157726646904853,0.2086143376998105,2.5002641287197003
33.0,215.0,1000.5426025390624,-4.38181940135786,-3.791399619586264,1.7098403347843747,3.179839270709807,2.472621786164865,3.0036723503264384,-0.3392415622642545,1.815770955111256,0.2086137691487854,2.5002641287197003
33.0,215.0,1000.5426025390624,-4.38181940135786,-3.791399619586264,1.7098404302970067,3.1798392707221392,2.4726217861648565,3.003668488078424,-0.3392415622701736,1.815772654525296,0.2086141153501159,2.5002641287197003
33.0,215.0,1000.5426025390624,-4.38181940135786,-3.791399619586264,1.7098404294414218,3.179839270706791,2.472621786164998,3.003663554483168,-0.3392415623851919,1.815772652417452,0.2086218274457262,2.5002641287197003
33.0,215.0,1000.5426025390624,-4.38181940135786,-3.791399619586264,1.7098404294414218,3.179839270708765,2.472621786164881,3.003668488078424,-0.3392415622474325,1.8157726510338543,0.2086230390980571,2.5002641287197003
33.0,215.0,1000.5426025390624,-4.38181940135786,-3.791399619586264,1.7098404294414218,3.179839270708637,2.472621786164864,3.0036654808814074,-0.3392415622941276,1.8157726510338543,0.2086045384703378,2.5002641287197003
33.0,215.0,1000.5426025390624,-4.38181940135786,-3.791399619586264,1.7098404294414218,3.179839270708765,2.47262178616488,3.003668488078424,-0.3392415611011593,1.8157726510338543,0.2086223060200112,2.5002641287197003
33.0,215.0,1000.5426025390624,-4.38181940135786,-3.791399619586264,1.7098403453403448,3.179839270708793,2.472621786164863,3.003677044616322,-0.3392415623793538,1.8157727856240613,0.2086136569841203,2.5002641287197003
33.0,215.0,1000.5426025390624,-4.38181940135786,-3.791399619586264,1.7098404294414218,3.179839270708765,2.47262178616488,3.003668488078424,-0.3392415622710885,1.8157726510338543,0.2086230390980571,2.5002641287197003
33.0,215.0,1000.5426025390624,-4.38181940135786,-3.791399619586264,1.7098404294414218,3.179839270708757,2.4726217861648614,3.003667666776133,-0.339241562247788,1.8157726510338543,0.208614743559608,2.5002641287197003
33.0,215.0,1000.5426025390624,-4.38181940135786,-3.791399619586264,1.7098404294414218,3.179839270708765,2.47262178616488,3.003668488078424,-0.339241562270528,1.8157726515931216,0.2086230390980571,2.5002641287197003
33.0,215.0,1000.5426025390624,-4.38181940135786,-3.791399619586264,1.7098403353941622,3.1798392707084764,2.472621786164863,3.003668464280405,-0.3392415602942843,1.815772653960668,0.2086137716531048,2.5002641287197003
33.0,215.0,1000.5426025390624,-4.38181940135786,-3.791399619586264,1.7098404294422462,3.179839270722096,2.4726217861650213,3.0036674481036902,-0.3392415622701736,1.8157726522125663,0.2086230390980571,2.5002641287197003
33.0,215.0,1000.5426025390624,-4.38181940135786,-3.791399619586264,1.7098403452108242,3.179839270708766,2.472621786164864,3.003677044616322,-0.3392415623793538,1.8157726539566823,0.2086136569841203,2.5002641287197003
33.0,215.0,1000.5426025390624,-4.38181940135786,-3.791399619586264,1.7098404294414218,3.1798392707086403,2.4726217861648787,3.0036654808814074,-0.3392415604091006,1.8157710386035544,0.208613778620579,2.5002641287197003
33.0,215.0,1000.5426025390624,-4.38181940135786,-3.791399619586264,1.7098404294414218,3.179839270708765,2.47262178616488,3.003668488078424,-0.339241562270528,1.8157726510338543,0.2086230390980571,2.5002641287197003
33.0,215.0,1000.5426025390624,-4.38181940135786,-3.791399619586264,1.7098404302970067,3.17983927070833,2.4726217861649955,3.003668488078424,-0.3392415622701736,1.8157726646904853,0.2086143376998105,2.5002641287197003
33.0,215.0,1000.5426025390624,-4.38181940135786,-3.791399619586264,1.7098404300144514,3.1798392707084253,2.472621786164862,3.003660714415029,-0.3392415622713721,1.8157744485262013,0.2086137238544499,2.5002641287197003
33.0,215.0,1000.5426025390624,-4.38181940135786,-3.791399619586264,1.7098404294414218,3.179839270708765,2.472621786164881,3.003668488078424,-0.3392415622713455,1.8157726510338543,0.2086230390980571,2.5002641287197003
33.0,215.0,1000.5426025390624,-4.38181940135786,-3.791399619586264,1.7098403451711213,3.1798392707227703,2.4726217861648623,3.00368219255876,-0.3392415602991104,1.8157709439508591,0.2086137677655681,2.5002641287197003
33.0,215.0,1000.5426025390624,-4.38181940135786,-3.791399619586264,1.7098404294414218,3.179839270708765,2.47262178616488,3.003668488078424,-0.339241561110106,1.815772618736129,0.2086223076305391,2.5002641287197003
33.0,215.0,1000.5426025390624,-4.38181940135786,-3.791399619586264,1.7098404302970067,3.1798392707224554,2.4726217861648565,3.0036778157578023,-0.3392415622701736,1.815772646579267,0.2086141123325922,2.5002641287197003
33.0,215.0,1000.5426025390624,-4.38181940135786,-3.791399619586264,1.7098404294414218,3.179839270708765,2.47262178616488,3.003668602277252,-0.3392415611247337,1.815772619295396,0.2086223076305391,2.5002641287197003
33.0,215.0,1000.5426025390624,-4.38181940135786,-3.791399619586264,1.7098404294414218,3.1798392707086407,2.47262178616488,3.003668488078424,-0.3392415622483473,1.8157726510338543,0.2086230390980571,2.5002641287197003
33.0,215.0,1000.5426025390624,-4.38181940135786,-3.791399619586264,1.7098403353941622,3.179839270708793,2.472621786164864,3.003677791959784,-0.3392415621793114,1.8157725824985929,0.2086045753542724,2.5002641287197003
33.0,215.0,1000.5426025390624,-4.38181940135786,-3.791399619586264,1.7098404294414218,3.179839270708765,2.472621786164881,3.003668488078424,-0.3392415622701736,1.8157726510338543,0.2086230390980571,2.5002641287197003
33.0,215.0,1000.5426025390624,-4.38181940135786,-3.791399619586264,1.7098404294414218,3.179839270708765,2.47262178616488,3.003668488078424,-0.3392415622471755,1.8157726510338543,0.2086230390980571,2.5002641287197003
33.0,216.0,1000.5420532226562,-4.38181940135786,-3.791399619586264,1.7098404294414218,3.179839270708765,2.47262178616488,3.003668488078424,-0.339241562270528,1.8157726510338543,0.2086230390980571,2.500885018000758
33.0,216.0,1000.5422973632812,-4.38181940135786,-3.790642452454031,1.7098404300801202,3.1798392707084204,2.472621786164881,3.003660714415029,-0.3392415622713721,1.8157745069157305,0.2086137238544499,2.5002641287197003
33.0,216.0,1000.5422973632812,-4.38181940135786,-3.790649286305214,1.7098404300801202,3.1798392707087566,2.472621786164881,3.003660714415029,-0.3392415622704881,1.8157745069157305,0.2086137238544499,2.5002641287197003
33.0,216.0,1000.5423583984376,-4.38181940135786,-3.791399619586264,1.7098403482745206,3.179839270708766,2.472621786164997,3.0036685674057813,-0.3392415622857892,1.8157726539566823,0.2086127368192589,2.5014459631093944
33.0,216.0,1000.5424194335938,-4.38181940135786,-3.791399619586264,1.7098403482745206,3.179839270708766,2.472621786164864,3.0036685674057813,-0.3392415623840025,1.8157726539566823,0.2086127368192589,2.5015592954639665
33.0,216.0,1000.5424194335938,-4.38181940135786,-3.791399619586264,1.7098403482745206,3.179839270708793,2.472621786164864,3.003668607970654,-0.3392415628162528,1.8157726539566823,0.2086126965963231,2.5015592954639665
33.0,216.0,1000.5424194335938,-4.38181940135786,-3.791399619586264,1.7098404302970067,3.1798392707221392,2.4726217861648627,3.003668488078424,-0.339241562368387,1.8157726510338543,0.2086230390980571,2.5003774610742724
33.0,216.0,1000.5426025390624,-4.38181940135786,-3.791399619586264,1.7098404294414218,3.179839270708765,2.47262178616488,3.003668488078424,-0.339241562270528,1.8157726510338543,0.2086230390980571,2.5002641287197003
33.0,216.0,1000.5426025390624,-4.38181940135786,-3.791399619586264,1.7098403353941622,3.179839270708793,2.472621786164863,3.003677791959784,-0.3392415623558534,1.8157727856240613,0.2086136569841203,2.5002641287197003
33.0,216.0,1000.5426025390624,-4.38181940135786,-3.791399619586264,1.7098404294414218,3.179839270708765,2.472621786164881,3.003668488078424,-0.3392415622479929,1.8157726510338543,0.2086230390980571,2.5002641287197003
33.0,216.0,1000.5426025390624,-4.38181940135786,-3.791399619586264,1.7098404294414218,3.179839270708765,2.472621786164881,3.003668488078424,-0.3392415622701736,1.8157726510338543,0.2086230390980571,2.5002641287197003
33.0,216.0,1000.5426025390624,-4.38181940135786,-3.791399619586264,1.7098404294414218,3.179839270708765,2.47262178616488,3.003668488078424,-0.3392415622483473,1.8157726510338543,0.2086230390980571,2.5002641287197003
33.0,216.0,1000.5426025390624,-4.38181940135786,-3.791399619586264,1.7098404294414218,3.1798392707086403,2.4726217861648787,3.0036654808814074,-0.3392415622941276,1.8157726510338543,0.2086045853392703,2.5002641287197003
33.0,216.0,1000.5426025390624,-4.38181940135786,-3.791399619586264,1.7098404294414218,3.179839270708765,2.47262178616488,3.003668488078424,-0.339241562270528,1.8157726510338543,0.2086230390980571,2.5002641287197003
33.0,216.0,1000.5426025390624,-4.38181940135786,-3.791399619586264,1.7098403353941622,3.179839270708793,2.472621786164863,3.003677791959784,-0.3392415602942843,1.8157709700682927,0.208613768635581,2.5002641287197003
33.0,216.0,1000.5426025390624,-4.38181940135786,-3.791399619586264,1.7098404410901251,3.179839270708574,2.472621786164862,3.003660757198738,-0.3392415621750908,1.8157744485262013,0.2086137703700644,2.5002641287197003
33.0,216.0,1000.5426025390624,-4.38181940135786,-3.791399619586264,1.7098404294414218,3.179839270708765,2.47262178616488,3.003668488078424,-0.339241562270528,1.8157726510338543,0.2086230390980571,2.5002641287197003
33.0,216.0,1000.5426025390624,-4.38181940135786,-3.791399619586264,1.7098404410901251,3.179839270708817,2.472621786164862,3.003660757198738,-0.3392415621750908,1.8157744485262013,0.2086137238544499,2.5002641287197003
33.0,216.0,1000.5426025390624,-4.38181940135786,-3.791399619586264,1.7098403420858872,3.179839270709712,2.472621786164862,3.0036676782153937,-0.3392415621850866,1.815770970256744,0.2086143502420084,2.5002641287197003
33.0,216.0,1000.5426025390624,-4.38181940135786,-3.791399619586264,1.7098404294414218,3.179839270708765,2.4726217861648627,3.003668488078424,-0.339241562270528,1.8157726510338543,0.2086230390980571,2.5002641287197003
33.0,216.0,1000.5426025390624,-4.38181940135786,-3.791399619586264,1.7098403353941622,3.179839270708793,2.472621786164863,3.003677791959784,-0.3392415602942843,1.8157726460146384,0.208613768635581,2.5002641287197003
33.0,216.0,1000.5426025390624,-4.38181940135786,-3.791399619586264,1.7098403369228028,3.179839270708793,2.4726217861648467,3.003677791959784,-0.3392415623558534,1.8157727856240613,0.2086136569841203,2.5002641287197003
33.0,216.0,1000.5426025390624,-4.38181940135786,-3.791399619586264,1.7098404294414218,3.179839270708765,2.47262178616488,3.003668488078424,-0.339241561110106,1.815772619295396,0.2086223076305391,2.5002641287197003
33.0,216.0,1000.5426025390624,-4.38181940135786,-3.791399619586264,1.7098404302970067,3.1798392707221392,2.4726217861649955,3.003668488078424,-0.3392415622701736,1.8157726510338543,0.2086230390980571,2.5002641287197003
33.0,216.0,1000.5426025390624,-4.38181940135786,-3.791399619586264,1.7098404294414218,3.179839270708765,2.47262178616488,3.003668488078424,-0.339241561110106,1.815772619295396,0.2086223076305391,2.5002641287197003
33.0,216.0,1000.5426025390624,-4.38181940135786,-3.791399619586264,1.7098403353941622,3.179839270708793,2.472621786164863,3.003677791959784,-0.3392415623558534,1.8157727856240613,0.2086136569841203,2.5002641287197003
33.0,216.0,1000.5426025390624,-4.38181940135786,-3.791399619586264,1.7098404302970067,3.17983927070833,2.4726217861649955,3.003668488078424,-0.3392415622701736,1.8157726646904853,0.2086143376998105,2.5002641287197003
33.0,216.0,1000.5426025390624,-4.38181940135786,-3.791399619586264,1.7098403347843747,3.179839270709807,2.472621786164865,3.0036723503264384,-0.3392415622642545,1.815770955111256,0.2086137691487854,2.5002641287197003
33.0,216.0,1000.5426025390624,-4.38181940135786,-3.791399619586264,1.7098404302970067,3.1798392707221392,2.4726217861648565,3.003668488078424,-0.3392415622701736,1.815772654525296,0.2086141153501159,2.5002641287197003
33.0,216.0,1000.5426025390624,-4.38181940135786,-3.791399619586264,1.7098404294414218,3.179839270706791,2.472621786164998,3.003663554483168,-0.3392415623851919,1.815772652417452,0.2086218274457262,2.5002641287197003
33.0,216.0,1000.5426025390624,-4.38181940135786,-3.791399619586264,1.7098404294414218,3.179839270708765,2.472621786164881,3.003668488078424,-0.3392415622474325,1.8157726510338543,0.2086230390980571,2.5002641287197003
33.0,216.0,1000.5426025390624,-4.38181940135786,-3.791399619586264,1.7098404294414218,3.179839270708637,2.472621786164864,3.0036654808814074,-0.3392415622941276,1.8157726510338543,0.2086045384703378,2.5002641287197003
33.0,216.0,1000.5426025390624,-4.38181940135786,-3.791399619586264,1.7098404294414218,3.179839270708765,2.47262178616488,3.003668488078424,-0.3392415611011593,1.8157726510338543,0.2086223060200112,2.5002641287197003
33.0,216.0,1000.5426025390624,-4.38181940135786,-3.791399619586264,1.7098403453403448,3.179839270708793,2.472621786164863,3.003677044616322,-0.3392415623793538,1.8157727856240613,0.2086136569841203,2.5002641287197003
33.0,216.0,1000.5426025390624,-4.38181940135786,-3.791399619586264,1.7098404294414218,3.179839270708765,2.47262178616488,3.003668488078424,-0.3392415622710885,1.8157726510338543,0.2086230390980571,2.5002641287197003
33.0,216.0,1000.5426025390624,-4.38181940135786,-3.791399619586264,1.7098404294414218,3.179839270708757,2.4726217861648614,3.003667666776133,-0.339241562247788,1.8157726510338543,0.208614743559608,2.5002641287197003
33.0,216.0,1000.5426025390624,-4.38181940135786,-3.791399619586264,1.7098404294414218,3.179839270708765,2.47262178616488,3.003668488078424,-0.339241562270528,1.8157726515931216,0.2086230390980571,2.5002641287197003
33.0,216.0,1000.5426025390624,-4.38181940135786,-3.791399619586264,1.7098403353941622,3.1798392707084764,2.472621786164863,3.003668464280405,-0.3392415602942843,1.815772653960668,0.2086137716531048,2.5002641287197003
33.0,216.0,1000.5426025390624,-4.38181940135786,-3.791399619586264,1.7098404294422462,3.179839270722096,2.4726217861650213,3.0036674481036902,-0.3392415622701736,1.8157726522125663,0.2086230390980571,2.5002641287197003
33.0,216.0,1000.5426025390624,-4.38181940135786,-3.791399619586264,1.7098403452108242,3.179839270708766,2.472621786164864,3.003677044616322,-0.3392415623793538,1.8157726539566823,0.2086136569841203,2.5002641287197003
33.0,216.0,1000.5426025390624,-4.38181940135786,-3.791399619586264,1.7098404294414218,3.1798392707086403,2.4726217861648787,3.0036654808814074,-0.3392415604091006,1.8157710386035544,0.208613778620579,2.5002641287197003
33.0,216.0,1000.5426025390624,-4.38181940135786,-3.791399619586264,1.7098404294414218,3.179839270708765,2.47262178616488,3.003668488078424,-0.339241562270528,1.8157726510338543,0.2086230390980571,2.5002641287197003
33.0,216.0,1000.5426025390624,-4.38181940135786,-3.791399619586264,1.7098404302970067,3.17983927070833,2.4726217861649955,3.003668488078424,-0.3392415622701736,1.8157726646904853,0.2086143376998105,2.5002641287197003
33.0,216.0,1000.5426025390624,-4.38181940135786,-3.791399619586264,1.7098404300144514,3.1798392707084253,2.472621786164862,3.003660714415029,-0.3392415622713721,1.8157744485262013,0.2086137238544499,2.5002641287197003
33.0,216.0,1000.5426025390624,-4.38181940135786,-3.791399619586264,1.7098404294414218,3.179839270708765,2.472621786164881,3.003668488078424,-0.3392415622713455,1.8157726510338543,0.2086230390980571,2.5002641287197003
33.0,216.0,1000.5426025390624,-4.38181940135786,-3.791399619586264,1.7098403451711213,3.1798392707227703,2.4726217861648623,3.00368219255876,-0.3392415602991104,1.8157709439508591,0.2086137677655681,2.5002641287197003
33.0,216.0,1000.5426025390624,-4.38181940135786,-3.791399619586264,1.7098404294414218,3.179839270708765,2.47262178616488,3.003668488078424,-0.339241561110106,1.815772618736129,0.2086223076305391,2.5002641287197003
33.0,216.0,1000.5426025390624,-4.38181940135786,-3.791399619586264,1.7098404302970067,3.1798392707224554,2.4726217861648565,3.0036778157578023,-0.3392415622701736,1.815772646579267,0.2086141123325922,2.5002641287197003
33.0,216.0,1000.5426025390624,-4.38181940135786,-3.791399619586264,1.7098404294414218,3.179839270708765,2.47262178616488,3.003668602277252,-0.3392415611247337,1.815772619295396,0.2086223076305391,2.5002641287197003
33.0,216.0,1000.5426025390624,-4.38181940135786,-3.791399619586264,1.7098404294414218,3.1798392707086407,2.47262178616488,3.003668488078424,-0.3392415622483473,1.8157726510338543,0.2086230390980571,2.5002641287197003
33.0,217.0,1000.5420532226562,-4.38181940135786,-3.791399619586264,1.7098404294414218,3.179839270708765,2.47262178616488,3.003668488078424,-0.339241562270528,1.8157726510338543,0.2086230390980571,2.500885018000758
33.0,217.0,1000.5421142578124,-4.38181940135786,-3.791399619586264,1.7098404294414218,3.179839270708765,2.47262178616488,3.003668488078424,-0.3392415622488468,1.8157726510338543,0.2086230390980571,2.500958860514923
33.0,217.0,1000.5422973632812,-4.38181940135786,-3.790642452454031,1.7098404300801202,3.1798392707084204,2.472621786164881,3.003660714415029,-0.3392415622713721,1.8157745069157305,0.2086137238544499,2.5002641287197003
33.0,217.0,1000.5422973632812,-4.38181940135786,-3.790649286305214,1.7098404300801202,3.1798392707087566,2.472621786164881,3.003660714415029,-0.3392415622704881,1.8157745069157305,0.2086137238544499,2.5002641287197003
33.0,217.0,1000.5423583984376,-4.38181940135786,-3.791399619586264,1.7098403482745206,3.179839270708766,2.472621786164997,3.0036685674057813,-0.3392415622857892,1.8157726539566823,0.2086127368192589,2.5014459631093944
33.0,217.0,1000.5424194335938,-4.38181940135786,-3.791399619586264,1.7098403482745206,3.179839270708766,2.472621786164864,3.0036685674057813,-0.3392415623840025,1.8157726539566823,0.2086127368192589,2.5015592954639665
33.0,217.0,1000.5424194335938,-4.38181940135786,-3.791399619586264,1.7098403482745206,3.179839270708793,2.472621786164864,3.003668607970654,-0.3392415628162528,1.8157726539566823,0.2086126965963231,2.5015592954639665
33.0,217.0,1000.5424194335938,-4.38181940135786,-3.791399619586264,1.7098404302970067,3.1798392707221392,2.4726217861648627,3.003668488078424,-0.339241562368387,1.8157726510338543,0.2086230390980571,2.5003774610742724
33.0,217.0,1000.5424194335938,-4.38181940135786,-3.791399619586264,1.7098403352551452,3.179839270708793,2.472621786164864,3.003668610989517,-0.339241562820724,1.8157726539566823,0.2086126814772369,2.5015592954639665
33.0,217.0,1000.5424194335938,-4.38181940135786,-3.791399619586264,1.7098404302970067,3.1798392707098064,2.4726217861648627,3.003672483300215,-0.3392415623685247,1.8157726510338543,0.2086135665221786,2.5003774610742724
33.0,217.0,1000.5424194335938,-4.38181940135786,-3.791399619586264,1.7098403482745206,3.179839270708793,2.472621786164864,3.003668417824113,-0.3392415628162528,1.8157726539566823,0.2086127000801128,2.501556717138775
33.0,217.0,1000.5426025390624,-4.38181940135786,-3.791399619586264,1.7098404294414218,3.179839270708765,2.47262178616488,3.003668488078424,-0.339241562270528,1.8157726510338543,0.2086230390980571,2.5002641287197003
33.0,217.0,1000.5426025390624,-4.38181940135786,-3.791399619586264,1.7098403353941622,3.179839270708793,2.472621786164863,3.003677791959784,-0.3392415623558534,1.8157727856240613,0.2086136569841203,2.5002641287197003
33.0,217.0,1000.5426025390624,-4.38181940135786,-3.791399619586264,1.7098404294414218,3.179839270708765,2.472621786164881,3.003668488078424,-0.3392415622479929,1.8157726510338543,0.2086230390980571,2.5002641287197003
33.0,217.0,1000.5426025390624,-4.38181940135786,-3.791399619586264,1.7098404294414218,3.179839270708765,2.472621786164881,3.003668488078424,-0.3392415622701736,1.8157726510338543,0.2086230390980571,2.5002641287197003
33.0,217.0,1000.5426025390624,-4.38181940135786,-3.791399619586264,1.7098404294414218,3.179839270708765,2.47262178616488,3.003668488078424,-0.3392415622483473,1.8157726510338543,0.2086230390980571,2.5002641287197003
33.0,217.0,1000.5426025390624,-4.38181940135786,-3.791399619586264,1.7098404294414218,3.1798392707086403,2.4726217861648787,3.0036654808814074,-0.3392415622941276,1.8157726510338543,0.2086045853392703,2.5002641287197003
33.0,217.0,1000.5426025390624,-4.38181940135786,-3.791399619586264,1.7098404294414218,3.179839270708765,2.47262178616488,3.003668488078424,-0.339241562270528,1.8157726510338543,0.2086230390980571,2.5002641287197003
33.0,217.0,1000.5426025390624,-4.38181940135786,-3.791399619586264,1.7098403353941622,3.179839270708793,2.472621786164863,3.003677791959784,-0.3392415602942843,1.8157709700682927,0.208613768635581,2.5002641287197003
33.0,217.0,1000.5426025390624,-4.38181940135786,-3.791399619586264,1.7098404410901251,3.179839270708574,2.472621786164862,3.003660757198738,-0.3392415621750908,1.8157744485262013,0.2086137703700644,2.5002641287197003
33.0,217.0,1000.5426025390624,-4.38181940135786,-3.791399619586264,1.7098404294414218,3.179839270708765,2.47262178616488,3.003668488078424,-0.339241562270528,1.8157726510338543,0.2086230390980571,2.5002641287197003
33.0,217.0,1000.5426025390624,-4.38181940135786,-3.791399619586264,1.7098404410901251,3.179839270708817,2.472621786164862,3.003660757198738,-0.3392415621750908,1.8157744485262013,0.2086137238544499,2.5002641287197003
33.0,217.0,1000.5426025390624,-4.38181940135786,-3.791399619586264,1.7098403420858872,3.179839270709712,2.472621786164862,3.0036676782153937,-0.3392415621850866,1.815770970256744,0.2086143502420084,2.5002641287197003
33.0,217.0,1000.5426025390624,-4.38181940135786,-3.791399619586264,1.7098404294414218,3.179839270708765,2.4726217861648627,3.003668488078424,-0.339241562270528,1.8157726510338543,0.2086230390980571,2.5002641287197003
33.0,217.0,1000.5426025390624,-4.38181940135786,-3.791399619586264,1.7098403353941622,3.179839270708793,2.472621786164863,3.003677791959784,-0.3392415602942843,1.8157726460146384,0.208613768635581,2.5002641287197003
33.0,217.0,1000.5426025390624,-4.38181940135786,-3.791399619586264,1.7098403369228028,3.179839270708793,2.4726217861648467,3.003677791959784,-0.3392415623558534,1.8157727856240613,0.2086136569841203,2.5002641287197003
33.0,217.0,1000.5426025390624,-4.38181940135786,-3.791399619586264,1.7098404294414218,3.179839270708765,2.47262178616488,3.003668488078424,-0.339241561110106,1.815772619295396,0.2086223076305391,2.5002641287197003
33.0,217.0,1000.5426025390624,-4.38181940135786,-3.791399619586264,1.7098404302970067,3.1798392707221392,2.4726217861649955,3.003668488078424,-0.3392415622701736,1.8157726510338543,0.2086230390980571,2.5002641287197003
33.0,217.0,1000.5426025390624,-4.38181940135786,-3.791399619586264,1.7098404294414218,3.179839270708765,2.47262178616488,3.003668488078424,-0.339241561110106,1.815772619295396,0.2086223076305391,2.5002641287197003
33.0,217.0,1000.5426025390624,-4.38181940135786,-3.791399619586264,1.7098403353941622,3.179839270708793,2.472621786164863,3.003677791959784,-0.3392415623558534,1.8157727856240613,0.2086136569841203,2.5002641287197003
33.0,217.0,1000.5426025390624,-4.38181940135786,-3.791399619586264,1.7098404302970067,3.17983927070833,2.4726217861649955,3.003668488078424,-0.3392415622701736,1.8157726646904853,0.2086143376998105,2.5002641287197003
33.0,217.0,1000.5426025390624,-4.38181940135786,-3.791399619586264,1.7098403347843747,3.179839270709807,2.472621786164865,3.0036723503264384,-0.3392415622642545,1.815770955111256,0.2086137691487854,2.5002641287197003
33.0,217.0,1000.5426025390624,-4.38181940135786,-3.791399619586264,1.7098404302970067,3.1798392707221392,2.4726217861648565,3.003668488078424,-0.3392415622701736,1.815772654525296,0.2086141153501159,2.5002641287197003
33.0,217.0,1000.5426025390624,-4.38181940135786,-3.791399619586264,1.7098404294414218,3.179839270706791,2.472621786164998,3.003663554483168,-0.3392415623851919,1.815772652417452,0.2086218274457262,2.5002641287197003
33.0,217.0,1000.5426025390624,-4.38181940135786,-3.791399619586264,1.7098404294414218,3.179839270708765,2.472621786164881,3.003668488078424,-0.3392415622474325,1.8157726510338543,0.2086230390980571,2.5002641287197003
33.0,217.0,1000.5426025390624,-4.38181940135786,-3.791399619586264,1.7098404294414218,3.179839270708637,2.472621786164864,3.0036654808814074,-0.3392415622941276,1.8157726510338543,0.2086045384703378,2.5002641287197003
33.0,217.0,1000.5426025390624,-4.38181940135786,-3.791399619586264,1.7098404294414218,3.179839270708765,2.47262178616488,3.003668488078424,-0.3392415611011593,1.8157726510338543,0.2086223060200112,2.5002641287197003
33.0,217.0,1000.5426025390624,-4.38181940135786,-3.791399619586264,1.7098403453403448,3.179839270708793,2.472621786164863,3.003677044616322,-0.3392415623793538,1.8157727856240613,0.2086136569841203,2.5002641287197003
33.0,217.0,1000.5426025390624,-4.38181940135786,-3.791399619586264,1.7098404294414218,3.179839270708765,2.47262178616488,3.003668488078424,-0.3392415622710885,1.8157726510338543,0.2086230390980571,2.5002641287197003
33.0,217.0,1000.5426025390624,-4.38181940135786,-3.791399619586264,1.7098404294414218,3.179839270708757,2.4726217861648614,3.003667666776133,-0.339241562247788,1.8157726510338543,0.208614743559608,2.5002641287197003
33.0,217.0,1000.5426025390624,-4.38181940135786,-3.791399619586264,1.7098404294414218,3.179839270708765,2.47262178616488,3.003668488078424,-0.339241562270528,1.8157726515931216,0.2086230390980571,2.5002641287197003
33.0,217.0,1000.5426025390624,-4.38181940135786,-3.791399619586264,1.7098403353941622,3.1798392707084764,2.472621786164863,3.003668464280405,-0.3392415602942843,1.815772653960668,0.2086137716531048,2.5002641287197003
33.0,217.0,1000.5426025390624,-4.38181940135786,-3.791399619586264,1.7098404294422462,3.179839270722096,2.4726217861650213,3.0036674481036902,-0.3392415622701736,1.8157726522125663,0.2086230390980571,2.5002641287197003
33.0,217.0,1000.5426025390624,-4.38181940135786,-3.791399619586264,1.7098403452108242,3.179839270708766,2.472621786164864,3.003677044616322,-0.3392415623793538,1.8157726539566823,0.2086136569841203,2.5002641287197003
33.0,217.0,1000.5426025390624,-4.38181940135786,-3.791399619586264,1.7098404294414218,3.1798392707086403,2.4726217861648787,3.0036654808814074,-0.3392415604091006,1.8157710386035544,0.208613778620579,2.5002641287197003
33.0,217.0,1000.5426025390624,-4.38181940135786,-3.791399619586264,1.7098404294414218,3.179839270708765,2.47262178616488,3.003668488078424,-0.339241562270528,1.8157726510338543,0.2086230390980571,2.5002641287197003
33.0,217.0,1000.5426025390624,-4.38181940135786,-3.791399619586264,1.7098404302970067,3.17983927070833,2.4726217861649955,3.003668488078424,-0.3392415622701736,1.8157726646904853,0.2086143376998105,2.5002641287197003
33.0,217.0,1000.5426025390624,-4.38181940135786,-3.791399619586264,1.7098404300144514,3.1798392707084253,2.472621786164862,3.003660714415029,-0.3392415622713721,1.8157744485262013,0.2086137238544499,2.5002641287197003
33.0,217.0,1000.5426025390624,-4.38181940135786,-3.791399619586264,1.7098404294414218,3.179839270708765,2.472621786164881,3.003668488078424,-0.3392415622713455,1.8157726510338543,0.2086230390980571,2.5002641287197003
33.0,217.0,1000.5426025390624,-4.38181940135786,-3.791399619586264,1.7098403451711213,3.1798392707227703,2.4726217861648623,3.00368219255876,-0.3392415602991104,1.8157709439508591,0.2086137677655681,2.5002641287197003
33.0,218.0,1000.5420532226562,-4.38181940135786,-3.791399619586264,1.7098404294414218,3.179839270708765,2.47262178616488,3.003668488078424,-0.339241562270528,1.8157726510338543,0.2086230390980571,2.500885018000758
33.0,218.0,1000.5421142578124,-4.38181940135786,-3.791399619586264,1.7098404294414218,3.179839270708765,2.47262178616488,3.003668488078424,-0.3392415622488468,1.8157726510338543,0.2086230390980571,2.500958860514923
33.0,218.0,1000.5422973632812,-4.38181940135786,-3.790642452454031,1.7098404300801202,3.1798392707084204,2.472621786164881,3.003660714415029,-0.3392415622713721,1.8157745069157305,0.2086137238544499,2.5002641287197003
33.0,218.0,1000.5422973632812,-4.38181940135786,-3.790649286305214,1.7098404300801202,3.1798392707087566,2.472621786164881,3.003660714415029,-0.3392415622704881,1.8157745069157305,0.2086137238544499,2.5002641287197003
33.0,218.0,1000.5422973632812,-4.38181940135786,-3.790642452454031,1.7098404300801202,3.1798392707084204,2.472621786164881,3.003660714415029,-0.3392415622713721,1.8157745069157305,0.2086137238544499,2.5002641287197003
33.0,218.0,1000.5422973632812,-4.38181940135786,-3.790650609556749,1.7098404300801202,3.1798392707087566,2.472621786164881,3.003660714415029,-0.3392415622704881,1.8157745069157305,0.2086230943592127,2.5002641287197003
33.0,218.0,1000.5423583984376,-4.38181940135786,-3.791399619586264,1.7098403482745206,3.179839270708766,2.472621786164997,3.0036685674057813,-0.3392415622857892,1.8157726539566823,0.2086127368192589,2.5014459631093944
33.0,218.0,1000.5424194335938,-4.38181940135786,-3.791399619586264,1.7098403482745206,3.179839270708766,2.472621786164864,3.0036685674057813,-0.3392415623840025,1.8157726539566823,0.2086127368192589,2.5015592954639665
33.0,218.0,1000.5424194335938,-4.38181940135786,-3.791399619586264,1.7098403482745206,3.179839270708793,2.472621786164864,3.003668607970654,-0.3392415628162528,1.8157726539566823,0.2086126965963231,2.5015592954639665
33.0,218.0,1000.5424194335938,-4.38181940135786,-3.791399619586264,1.7098404302970067,3.1798392707221392,2.4726217861648627,3.003668488078424,-0.339241562368387,1.8157726510338543,0.2086230390980571,2.5003774610742724
33.0,218.0,1000.5424194335938,-4.38181940135786,-3.791399619586264,1.7098403352551452,3.179839270708793,2.472621786164864,3.003668610989517,-0.339241562820724,1.8157726539566823,0.2086126814772369,2.5015592954639665
33.0,218.0,1000.5424194335938,-4.38181940135786,-3.791399619586264,1.7098404302970067,3.1798392707098064,2.4726217861648627,3.003672483300215,-0.3392415623685247,1.8157726510338543,0.2086135665221786,2.5003774610742724
33.0,218.0,1000.5424194335938,-4.38181940135786,-3.791399619586264,1.7098403482745206,3.179839270708793,2.472621786164864,3.003668417824113,-0.3392415628162528,1.8157726539566823,0.2086127000801128,2.501556717138775
33.0,218.0,1000.5424194335938,-4.38181940135786,-3.791399619586264,1.7098404302970067,3.1798392707098064,2.472621786164862,3.003672483300215,-0.3392415623685247,1.8157726510338543,0.2086134603882636,2.5003774610742724
33.0,218.0,1000.5424194335938,-4.38181940135786,-3.791399619586264,1.7098404302970067,3.1798392707221392,2.4726217861648565,3.0036685701716057,-0.3392415622701736,1.815772654525296,0.2086141275353819,2.501557826703866
33.0,218.0,1000.5424194335938,-4.38181940135786,-3.791399619586264,1.7098403482745206,3.179839270721524,2.472621786164864,3.003668417824113,-0.3392415623630768,1.81577265417669,0.2086127000801128,2.50157676463724
33.0,218.0,1000.54248046875,-4.38181940135786,-3.791399619586264,1.7098403352551452,3.179839270708793,2.472621786164864,3.003668610989517,-0.3392415628037142,1.8157726539566823,0.2086126814772369,2.5003486022600407
33.0,218.0,1000.5425415039062,-4.38181940135786,-3.791399619586264,1.7098404294414218,3.179839270708765,2.47262178616488,3.003668488078424,-0.3392415622488468,1.8157726510338543,0.208604844335072,2.500315198483375
33.0,218.0,1000.5426025390624,-4.38181940135786,-3.791399619586264,1.7098404294414218,3.179839270708765,2.47262178616488,3.003668488078424,-0.339241562270528,1.8157726510338543,0.2086230390980571,2.5002641287197003
33.0,218.0,1000.5426025390624,-4.38181940135786,-3.791399619586264,1.7098403353941622,3.179839270708793,2.472621786164863,3.003677791959784,-0.3392415623558534,1.8157727856240613,0.2086136569841203,2.5002641287197003
33.0,218.0,1000.5426025390624,-4.38181940135786,-3.791399619586264,1.7098404294414218,3.179839270708765,2.472621786164881,3.003668488078424,-0.3392415622479929,1.8157726510338543,0.2086230390980571,2.5002641287197003
33.0,218.0,1000.5426025390624,-4.38181940135786,-3.791399619586264,1.7098404294414218,3.179839270708765,2.472621786164881,3.003668488078424,-0.3392415622701736,1.8157726510338543,0.2086230390980571,2.5002641287197003
33.0,218.0,1000.5426025390624,-4.38181940135786,-3.791399619586264,1.7098404294414218,3.179839270708765,2.47262178616488,3.003668488078424,-0.3392415622483473,1.8157726510338543,0.2086230390980571,2.5002641287197003
33.0,218.0,1000.5426025390624,-4.38181940135786,-3.791399619586264,1.7098404294414218,3.1798392707086403,2.4726217861648787,3.0036654808814074,-0.3392415622941276,1.8157726510338543,0.2086045853392703,2.5002641287197003
33.0,218.0,1000.5426025390624,-4.38181940135786,-3.791399619586264,1.7098404294414218,3.179839270708765,2.47262178616488,3.003668488078424,-0.339241562270528,1.8157726510338543,0.2086230390980571,2.5002641287197003
33.0,218.0,1000.5426025390624,-4.38181940135786,-3.791399619586264,1.7098403353941622,3.179839270708793,2.472621786164863,3.003677791959784,-0.3392415602942843,1.8157709700682927,0.208613768635581,2.5002641287197003
33.0,218.0,1000.5426025390624,-4.38181940135786,-3.791399619586264,1.7098404410901251,3.179839270708574,2.472621786164862,3.003660757198738,-0.3392415621750908,1.8157744485262013,0.2086137703700644,2.5002641287197003
33.0,218.0,1000.5426025390624,-4.38181940135786,-3.791399619586264,1.7098404294414218,3.179839270708765,2.47262178616488,3.003668488078424,-0.339241562270528,1.8157726510338543,0.2086230390980571,2.5002641287197003
33.0,218.0,1000.5426025390624,-4.38181940135786,-3.791399619586264,1.7098404410901251,3.179839270708817,2.472621786164862,3.003660757198738,-0.3392415621750908,1.8157744485262013,0.2086137238544499,2.5002641287197003
33.0,218.0,1000.5426025390624,-4.38181940135786,-3.791399619586264,1.7098403420858872,3.179839270709712,2.472621786164862,3.0036676782153937,-0.3392415621850866,1.815770970256744,0.2086143502420084,2.5002641287197003
33.0,218.0,1000.5426025390624,-4.38181940135786,-3.791399619586264,1.7098404294414218,3.179839270708765,2.4726217861648627,3.003668488078424,-0.339241562270528,1.8157726510338543,0.2086230390980571,2.5002641287197003
33.0,218.0,1000.5426025390624,-4.38181940135786,-3.791399619586264,1.7098403353941622,3.179839270708793,2.472621786164863,3.003677791959784,-0.3392415602942843,1.8157726460146384,0.208613768635581,2.5002641287197003
33.0,218.0,1000.5426025390624,-4.38181940135786,-3.791399619586264,1.7098403369228028,3.179839270708793,2.4726217861648467,3.003677791959784,-0.3392415623558534,1.8157727856240613,0.2086136569841203,2.5002641287197003
33.0,218.0,1000.5426025390624,-4.38181940135786,-3.791399619586264,1.7098404294414218,3.179839270708765,2.47262178616488,3.003668488078424,-0.339241561110106,1.815772619295396,0.2086223076305391,2.5002641287197003
33.0,218.0,1000.5426025390624,-4.38181940135786,-3.791399619586264,1.7098404302970067,3.1798392707221392,2.4726217861649955,3.003668488078424,-0.3392415622701736,1.8157726510338543,0.2086230390980571,2.5002641287197003
33.0,218.0,1000.5426025390624,-4.38181940135786,-3.791399619586264,1.7098404294414218,3.179839270708765,2.47262178616488,3.003668488078424,-0.339241561110106,1.815772619295396,0.2086223076305391,2.5002641287197003
33.0,218.0,1000.5426025390624,-4.38181940135786,-3.791399619586264,1.7098403353941622,3.179839270708793,2.472621786164863,3.003677791959784,-0.3392415623558534,1.8157727856240613,0.2086136569841203,2.5002641287197003
33.0,218.0,1000.5426025390624,-4.38181940135786,-3.791399619586264,1.7098404302970067,3.17983927070833,2.4726217861649955,3.003668488078424,-0.3392415622701736,1.8157726646904853,0.2086143376998105,2.5002641287197003
33.0,218.0,1000.5426025390624,-4.38181940135786,-3.791399619586264,1.7098403347843747,3.179839270709807,2.472621786164865,3.0036723503264384,-0.3392415622642545,1.815770955111256,0.2086137691487854,2.5002641287197003
33.0,218.0,1000.5426025390624,-4.38181940135786,-3.791399619586264,1.7098404302970067,3.1798392707221392,2.4726217861648565,3.003668488078424,-0.3392415622701736,1.815772654525296,0.2086141153501159,2.5002641287197003
33.0,218.0,1000.5426025390624,-4.38181940135786,-3.791399619586264,1.7098404294414218,3.179839270706791,2.472621786164998,3.003663554483168,-0.3392415623851919,1.815772652417452,0.2086218274457262,2.5002641287197003
33.0,218.0,1000.5426025390624,-4.38181940135786,-3.791399619586264,1.7098404294414218,3.179839270708765,2.472621786164881,3.003668488078424,-0.3392415622474325,1.8157726510338543,0.2086230390980571,2.5002641287197003
33.0,218.0,1000.5426025390624,-4.38181940135786,-3.791399619586264,1.7098404294414218,3.179839270708637,2.472621786164864,3.0036654808814074,-0.3392415622941276,1.8157726510338543,0.2086045384703378,2.5002641287197003
33.0,218.0,1000.5426025390624,-4.38181940135786,-3.791399619586264,1.7098404294414218,3.179839270708765,2.47262178616488,3.003668488078424,-0.3392415611011593,1.8157726510338543,0.2086223060200112,2.5002641287197003
33.0,218.0,1000.5426025390624,-4.38181940135786,-3.791399619586264,1.7098403453403448,3.179839270708793,2.472621786164863,3.003677044616322,-0.3392415623793538,1.8157727856240613,0.2086136569841203,2.5002641287197003
33.0,218.0,1000.5426025390624,-4.38181940135786,-3.791399619586264,1.7098404294414218,3.179839270708765,2.47262178616488,3.003668488078424,-0.3392415622710885,1.8157726510338543,0.2086230390980571,2.5002641287197003
33.0,218.0,1000.5426025390624,-4.38181940135786,-3.791399619586264,1.7098404294414218,3.179839270708757,2.4726217861648614,3.003667666776133,-0.339241562247788,1.8157726510338543,0.208614743559608,2.5002641287197003
33.0,218.0,1000.5426025390624,-4.38181940135786,-3.791399619586264,1.7098404294414218,3.179839270708765,2.47262178616488,3.003668488078424,-0.339241562270528,1.8157726515931216,0.2086230390980571,2.5002641287197003
33.0,218.0,1000.5426025390624,-4.38181940135786,-3.791399619586264,1.7098403353941622,3.1798392707084764,2.472621786164863,3.003668464280405,-0.3392415602942843,1.815772653960668,0.2086137716531048,2.5002641287197003
33.0,218.0,1000.5426025390624,-4.38181940135786,-3.791399619586264,1.7098404294422462,3.179839270722096,2.4726217861650213,3.0036674481036902,-0.3392415622701736,1.8157726522125663,0.2086230390980571,2.5002641287197003
33.0,219.0,1000.5420532226562,-4.38181940135786,-3.791399619586264,1.7098404294414218,3.179839270708765,2.47262178616488,3.003668488078424,-0.339241562270528,1.8157726510338543,0.2086230390980571,2.500885018000758
33.0,219.0,1000.5420532226562,-4.38181940135786,-3.791399619586264,1.7098404294414218,3.179839270708765,2.472621786164881,3.003668488078424,-0.339241562267367,1.8157726510338543,0.2086230390980571,2.5008856346343125
33.0,219.0,1000.5421142578124,-4.38181940135786,-3.791399619586264,1.7098404294414218,3.179839270708765,2.47262178616488,3.003668488078424,-0.3392415622488468,1.8157726510338543,0.2086230390980571,2.500958860514923
33.0,219.0,1000.5422973632812,-4.38181940135786,-3.790642452454031,1.7098404300801202,3.1798392707084204,2.472621786164881,3.003660714415029,-0.3392415622713721,1.8157745069157305,0.2086137238544499,2.5002641287197003
33.0,219.0,1000.5422973632812,-4.38181940135786,-3.790649286305214,1.7098404300801202,3.1798392707087566,2.472621786164881,3.003660714415029,-0.3392415622704881,1.8157745069157305,0.2086137238544499,2.5002641287197003
33.0,219.0,1000.5422973632812,-4.38181940135786,-3.790642452454031,1.7098404300801202,3.1798392707084204,2.472621786164881,3.003660714415029,-0.3392415622713721,1.8157745069157305,0.2086137238544499,2.5002641287197003
33.0,219.0,1000.5422973632812,-4.38181940135786,-3.790650609556749,1.7098404300801202,3.1798392707087566,2.472621786164881,3.003660714415029,-0.3392415622704881,1.8157745069157305,0.2086230943592127,2.5002641287197003
33.0,219.0,1000.5422973632812,-4.38181940135786,-3.790642452454031,1.7098404300801202,3.1798392707083942,2.472621786164881,3.003660714415029,-0.3392415622713721,1.8157745069157305,0.2086137238544499,2.5002641287197003
33.0,219.0,1000.5422973632812,-4.38181940135786,-3.790649286305214,1.7098404300801202,3.1798392707087566,2.472621786164881,3.003660714415029,-0.3392415622704881,1.8157745069157305,0.2086137238544499,2.5002641287197003
33.0,219.0,1000.5423583984376,-4.38181940135786,-3.791399619586264,1.7098403482745206,3.179839270708766,2.472621786164997,3.0036685674057813,-0.3392415622857892,1.8157726539566823,0.2086127368192589,2.5014459631093944
33.0,219.0,1000.5424194335938,-4.38181940135786,-3.791399619586264,1.7098403482745206,3.179839270708766,2.472621786164864,3.0036685674057813,-0.3392415623840025,1.8157726539566823,0.2086127368192589,2.5015592954639665
33.0,219.0,1000.5424194335938,-4.38181940135786,-3.791399619586264,1.7098403482745206,3.179839270708793,2.472621786164864,3.003668607970654,-0.3392415628162528,1.8157726539566823,0.2086126965963231,2.5015592954639665
33.0,219.0,1000.5424194335938,-4.38181940135786,-3.791399619586264,1.7098404302970067,3.1798392707221392,2.4726217861648627,3.003668488078424,-0.339241562368387,1.8157726510338543,0.2086230390980571,2.5003774610742724
33.0,219.0,1000.5424194335938,-4.38181940135786,-3.791399619586264,1.7098403352551452,3.179839270708793,2.472621786164864,3.003668610989517,-0.339241562820724,1.8157726539566823,0.2086126814772369,2.5015592954639665
33.0,219.0,1000.5424194335938,-4.38181940135786,-3.791399619586264,1.7098404302970067,3.1798392707098064,2.4726217861648627,3.003672483300215,-0.3392415623685247,1.8157726510338543,0.2086135665221786,2.5003774610742724
33.0,219.0,1000.5424194335938,-4.38181940135786,-3.791399619586264,1.7098403482745206,3.179839270708793,2.472621786164864,3.003668417824113,-0.3392415628162528,1.8157726539566823,0.2086127000801128,2.501556717138775
33.0,219.0,1000.5424194335938,-4.38181940135786,-3.791399619586264,1.7098404302970067,3.1798392707098064,2.472621786164862,3.003672483300215,-0.3392415623685247,1.8157726510338543,0.2086134603882636,2.5003774610742724
33.0,219.0,1000.5424194335938,-4.38181940135786,-3.791399619586264,1.7098404302970067,3.1798392707221392,2.4726217861648565,3.0036685701716057,-0.3392415622701736,1.815772654525296,0.2086141275353819,2.501557826703866
33.0,219.0,1000.5424194335938,-4.38181940135786,-3.791399619586264,1.7098403482745206,3.179839270721524,2.472621786164864,3.003668417824113,-0.3392415623630768,1.81577265417669,0.2086127000801128,2.50157676463724
33.0,219.0,1000.5424194335938,-4.38181940135786,-3.791399619586264,1.7098404302970067,3.179839270721732,2.4726217861648627,3.003668488078424,-0.339241562368387,1.8157726510338543,0.2086230390980571,2.5003774610742724
33.0,219.0,1000.5424194335938,-4.38181940135786,-3.791399619586264,1.7098404302970067,3.1798392707098064,2.4726217861648627,3.003672483300215,-0.3392415623685247,1.8157726510338543,0.2086135665221786,2.5003774610742724
33.0,219.0,1000.5424194335938,-4.38181940135786,-3.791399619586264,1.7098404414868642,3.179839270708574,2.472621786164862,3.003660757198738,-0.3392415621761683,1.8157744485262013,0.2086231166517195,2.5003776938209525
33.0,219.0,1000.5424194335938,-4.38181940135786,-3.791399619586264,1.7098403482745206,3.1798392707211502,2.472621786164864,3.003668417824113,-0.3392415623630768,1.8157726541796195,0.2086127000801128,2.50157676463724
33.0,219.0,1000.5424194335938,-4.38181940135786,-3.791399619586264,1.7098403352551452,3.179839270708793,2.472621786164864,3.003668610989517,-0.339241562820724,1.8157726539566823,0.2086126814772369,2.5015592954639665
33.0,219.0,1000.5424194335938,-4.38181940135786,-3.791399619586264,1.7098403482745206,3.179839270708793,2.472621786164863,3.003668417824113,-0.3392415628194138,1.8157726539566823,0.2086127000801128,2.50155610050522
33.0,219.0,1000.5424194335938,-4.38181940135786,-3.791399619586264,1.7098404302970067,3.1798392707098064,2.472621786164862,3.003672483300215,-0.3392415623685247,1.8157726510338543,0.2086134603882636,2.5003774610742724
33.0,219.0,1000.54248046875,-4.38181940135786,-3.791399619586264,1.7098403352551452,3.179839270708793,2.472621786164864,3.003668610989517,-0.3392415628037142,1.8157726539566823,0.2086126814772369,2.5003486022600407
33.0,219.0,1000.54248046875,-4.38181940135786,-3.791399619586264,1.709840337590995,3.179839270708793,2.472621786164881,3.003668610989517,-0.3392415628037142,1.8157726539566823,0.2086127098281588,2.5003486022600407
33.0,219.0,1000.5425415039062,-4.38181940135786,-3.791399619586264,1.7098404294414218,3.179839270708765,2.47262178616488,3.003668488078424,-0.3392415622488468,1.8157726510338543,0.208604844335072,2.500315198483375
33.0,219.0,1000.5425415039062,-4.38181940135786,-3.791399619586264,1.7098404294414218,3.179839270708765,2.47262178616488,3.003668488078424,-0.3392415622714219,1.8157726510338543,0.208604844335072,2.500315198483375
33.0,219.0,1000.5426025390624,-4.38181940135786,-3.791399619586264,1.7098404294414218,3.179839270708765,2.47262178616488,3.003668488078424,-0.339241562270528,1.8157726510338543,0.2086230390980571,2.5002641287197003
33.0,219.0,1000.5426025390624,-4.38181940135786,-3.791399619586264,1.7098403353941622,3.179839270708793,2.472621786164863,3.003677791959784,-0.3392415623558534,1.8157727856240613,0.2086136569841203,2.5002641287197003
33.0,219.0,1000.5426025390624,-4.38181940135786,-3.791399619586264,1.7098404294414218,3.179839270708765,2.472621786164881,3.003668488078424,-0.3392415622479929,1.8157726510338543,0.2086230390980571,2.5002641287197003
33.0,219.0,1000.5426025390624,-4.38181940135786,-3.791399619586264,1.7098404294414218,3.179839270708765,2.472621786164881,3.003668488078424,-0.3392415622701736,1.8157726510338543,0.2086230390980571,2.5002641287197003
33.0,219.0,1000.5426025390624,-4.38181940135786,-3.791399619586264,1.7098404294414218,3.179839270708765,2.47262178616488,3.003668488078424,-0.3392415622483473,1.8157726510338543,0.2086230390980571,2.5002641287197003
33.0,219.0,1000.5426025390624,-4.38181940135786,-3.791399619586264,1.7098404294414218,3.1798392707086403,2.4726217861648787,3.0036654808814074,-0.3392415622941276,1.8157726510338543,0.2086045853392703,2.5002641287197003
33.0,219.0,1000.5426025390624,-4.38181940135786,-3.791399619586264,1.7098404294414218,3.179839270708765,2.47262178616488,3.003668488078424,-0.339241562270528,1.8157726510338543,0.2086230390980571,2.5002641287197003
33.0,219.0,1000.5426025390624,-4.38181940135786,-3.791399619586264,1.7098403353941622,3.179839270708793,2.472621786164863,3.003677791959784,-0.3392415602942843,1.8157709700682927,0.208613768635581,2.5002641287197003
33.0,219.0,1000.5426025390624,-4.38181940135786,-3.791399619586264,1.7098404410901251,3.179839270708574,2.472621786164862,3.003660757198738,-0.3392415621750908,1.8157744485262013,0.2086137703700644,2.5002641287197003
33.0,219.0,1000.5426025390624,-4.38181940135786,-3.791399619586264,1.7098404294414218,3.179839270708765,2.47262178616488,3.003668488078424,-0.339241562270528,1.8157726510338543,0.2086230390980571,2.5002641287197003
33.0,219.0,1000.5426025390624,-4.38181940135786,-3.791399619586264,1.7098404410901251,3.179839270708817,2.472621786164862,3.003660757198738,-0.3392415621750908,1.8157744485262013,0.2086137238544499,2.5002641287197003
33.0,219.0,1000.5426025390624,-4.38181940135786,-3.791399619586264,1.7098403420858872,3.179839270709712,2.472621786164862,3.0036676782153937,-0.3392415621850866,1.815770970256744,0.2086143502420084,2.5002641287197003
33.0,219.0,1000.5426025390624,-4.38181940135786,-3.791399619586264,1.7098404294414218,3.179839270708765,2.4726217861648627,3.003668488078424,-0.339241562270528,1.8157726510338543,0.2086230390980571,2.5002641287197003
33.0,219.0,1000.5426025390624,-4.38181940135786,-3.791399619586264,1.7098403353941622,3.179839270708793,2.472621786164863,3.003677791959784,-0.3392415602942843,1.8157726460146384,0.208613768635581,2.5002641287197003
33.0,219.0,1000.5426025390624,-4.38181940135786,-3.791399619586264,1.7098403369228028,3.179839270708793,2.4726217861648467,3.003677791959784,-0.3392415623558534,1.8157727856240613,0.2086136569841203,2.5002641287197003
33.0,219.0,1000.5426025390624,-4.38181940135786,-3.791399619586264,1.7098404294414218,3.179839270708765,2.47262178616488,3.003668488078424,-0.339241561110106,1.815772619295396,0.2086223076305391,2.5002641287197003
33.0,219.0,1000.5426025390624,-4.38181940135786,-3.791399619586264,1.7098404302970067,3.1798392707221392,2.4726217861649955,3.003668488078424,-0.3392415622701736,1.8157726510338543,0.2086230390980571,2.5002641287197003
33.0,219.0,1000.5426025390624,-4.38181940135786,-3.791399619586264,1.7098404294414218,3.179839270708765,2.47262178616488,3.003668488078424,-0.339241561110106,1.815772619295396,0.2086223076305391,2.5002641287197003
33.0,219.0,1000.5426025390624,-4.38181940135786,-3.791399619586264,1.7098403353941622,3.179839270708793,2.472621786164863,3.003677791959784,-0.3392415623558534,1.8157727856240613,0.2086136569841203,2.5002641287197003
33.0,219.0,1000.5426025390624,-4.38181940135786,-3.791399619586264,1.7098404302970067,3.17983927070833,2.4726217861649955,3.003668488078424,-0.3392415622701736,1.8157726646904853,0.2086143376998105,2.5002641287197003
33.0,220.0,1000.5420532226562,-4.38181940135786,-3.791399619586264,1.7098404294414218,3.179839270708765,2.47262178616488,3.003668488078424,-0.339241562270528,1.8157726510338543,0.2086230390980571,2.500885018000758
33.0,220.0,1000.5420532226562,-4.38181940135786,-3.791399619586264,1.7098404294414218,3.179839270708765,2.472621786164881,3.003668488078424,-0.339241562267367,1.8157726510338543,0.2086230390980571,2.5008856346343125
33.0,220.0,1000.5420532226562,-4.38181940135786,-3.791399619586264,1.7098404294414218,3.179839270708765,2.472621786164881,3.003668488078424,-0.339241562267367,1.8157726510338543,0.2086230390980571,2.500845146298976
33.0,220.0,1000.5421142578124,-4.38181940135786,-3.791399619586264,1.7098404294414218,3.179839270708765,2.47262178616488,3.003668488078424,-0.3392415622488468,1.8157726510338543,0.2086230390980571,2.500958860514923
33.0,220.0,1000.5421142578124,-4.38181940135786,-3.791399619586264,1.7098404302970067,3.1798392707218266,2.47262178616488,3.003668488078424,-0.3392415622481374,1.8157726510338543,0.2086230390980571,2.5009432439655908
33.0,220.0,1000.5422973632812,-4.38181940135786,-3.790642452454031,1.7098404300801202,3.1798392707084204,2.472621786164881,3.003660714415029,-0.3392415622713721,1.8157745069157305,0.2086137238544499,2.5002641287197003
33.0,220.0,1000.5422973632812,-4.38181940135786,-3.790649286305214,1.7098404300801202,3.1798392707087566,2.472621786164881,3.003660714415029,-0.3392415622704881,1.8157745069157305,0.2086137238544499,2.5002641287197003
33.0,220.0,1000.5422973632812,-4.38181940135786,-3.790642452454031,1.7098404300801202,3.1798392707084204,2.472621786164881,3.003660714415029,-0.3392415622713721,1.8157745069157305,0.2086137238544499,2.5002641287197003
33.0,220.0,1000.5422973632812,-4.38181940135786,-3.790650609556749,1.7098404300801202,3.1798392707087566,2.472621786164881,3.003660714415029,-0.3392415622704881,1.8157745069157305,0.2086230943592127,2.5002641287197003
33.0,220.0,1000.5422973632812,-4.38181940135786,-3.790642452454031,1.7098404300801202,3.1798392707083942,2.472621786164881,3.003660714415029,-0.3392415622713721,1.8157745069157305,0.2086137238544499,2.5002641287197003
33.0,220.0,1000.5422973632812,-4.38181940135786,-3.790649286305214,1.7098404300801202,3.1798392707087566,2.472621786164881,3.003660714415029,-0.3392415622704881,1.8157745069157305,0.2086137238544499,2.5002641287197003
33.0,220.0,1000.5422973632812,-4.38181940135786,-3.790649297202798,1.7098404300801202,3.1798392707087566,2.472621786164881,3.003660714415029,-0.3392415622704881,1.8157745069157305,0.2086230943592127,2.5002641287197003
33.0,220.0,1000.5422973632812,-4.38181940135786,-3.790642452454031,1.7098404300801202,3.1798392707083942,2.472621786164881,3.003660714415029,-0.3392415622713721,1.8157745069157305,0.2086137238544499,2.5002641287197003
33.0,220.0,1000.5422973632812,-4.38181940135786,-3.790642452454031,1.7098404300801202,3.1798392707084204,2.472621786164881,3.003660714415029,-0.3392415622713858,1.8157745069157305,0.2086137238544499,2.5002641287197003
33.0,220.0,1000.5422973632812,-4.38181940135786,-3.790675583801018,1.7098404294414218,3.179839270708765,2.47262178616488,3.0036602492128512,-0.3392415610898216,1.8157727495674905,0.208613936347967,2.5002641287197003
33.0,220.0,1000.5423583984376,-4.38181940135786,-3.791399619586264,1.7098403482745206,3.179839270708766,2.472621786164997,3.0036685674057813,-0.3392415622857892,1.8157726539566823,0.2086127368192589,2.5014459631093944
33.0,220.0,1000.5423583984376,-4.38181940135786,-3.791457378081604,1.7098403482745206,3.1798392707084298,2.472621786164997,3.0036685674057813,-0.3392415622859252,1.8157726539566823,0.2086127368192589,2.5014459631093944
33.0,220.0,1000.5424194335938,-4.38181940135786,-3.791399619586264,1.7098403482745206,3.179839270708766,2.472621786164864,3.0036685674057813,-0.3392415623840025,1.8157726539566823,0.2086127368192589,2.5015592954639665
33.0,220.0,1000.5424194335938,-4.38181940135786,-3.791399619586264,1.7098403482745206,3.179839270708793,2.472621786164864,3.003668607970654,-0.3392415628162528,1.8157726539566823,0.2086126965963231,2.5015592954639665
33.0,220.0,1000.5424194335938,-4.38181940135786,-3.791399619586264,1.7098404302970067,3.1798392707221392,2.4726217861648627,3.003668488078424,-0.339241562368387,1.8157726510338543,0.2086230390980571,2.5003774610742724
33.0,220.0,1000.5424194335938,-4.38181940135786,-3.791399619586264,1.7098403352551452,3.179839270708793,2.472621786164864,3.003668610989517,-0.339241562820724,1.8157726539566823,0.2086126814772369,2.5015592954639665
33.0,220.0,1000.5424194335938,-4.38181940135786,-3.791399619586264,1.7098404302970067,3.1798392707098064,2.4726217861648627,3.003672483300215,-0.3392415623685247,1.8157726510338543,0.2086135665221786,2.5003774610742724
33.0,220.0,1000.5424194335938,-4.38181940135786,-3.791399619586264,1.7098403482745206,3.179839270708793,2.472621786164864,3.003668417824113,-0.3392415628162528,1.8157726539566823,0.2086127000801128,2.501556717138775
33.0,220.0,1000.5424194335938,-4.38181940135786,-3.791399619586264,1.7098404302970067,3.1798392707098064,2.472621786164862,3.003672483300215,-0.3392415623685247,1.8157726510338543,0.2086134603882636,2.5003774610742724
33.0,220.0,1000.5424194335938,-4.38181940135786,-3.791399619586264,1.7098404302970067,3.1798392707221392,2.4726217861648565,3.0036685701716057,-0.3392415622701736,1.815772654525296,0.2086141275353819,2.501557826703866
33.0,220.0,1000.5424194335938,-4.38181940135786,-3.791399619586264,1.7098403482745206,3.179839270721524,2.472621786164864,3.003668417824113,-0.3392415623630768,1.81577265417669,0.2086127000801128,2.50157676463724
33.0,220.0,1000.5424194335938,-4.38181940135786,-3.791399619586264,1.7098404302970067,3.179839270721732,2.4726217861648627,3.003668488078424,-0.339241562368387,1.8157726510338543,0.2086230390980571,2.5003774610742724
33.0,220.0,1000.5424194335938,-4.38181940135786,-3.791399619586264,1.7098404302970067,3.1798392707098064,2.4726217861648627,3.003672483300215,-0.3392415623685247,1.8157726510338543,0.2086135665221786,2.5003774610742724
33.0,220.0,1000.5424194335938,-4.38181940135786,-3.791399619586264,1.7098404414868642,3.179839270708574,2.472621786164862,3.003660757198738,-0.3392415621761683,1.8157744485262013,0.2086231166517195,2.5003776938209525
33.0,220.0,1000.5424194335938,-4.38181940135786,-3.791399619586264,1.7098403482745206,3.1798392707211502,2.472621786164864,3.003668417824113,-0.3392415623630768,1.8157726541796195,0.2086127000801128,2.50157676463724
33.0,220.0,1000.5424194335938,-4.38181940135786,-3.791399619586264,1.7098403352551452,3.179839270708793,2.472621786164864,3.003668610989517,-0.339241562820724,1.8157726539566823,0.2086126814772369,2.5015592954639665
33.0,220.0,1000.5424194335938,-4.38181940135786,-3.791399619586264,1.7098403482745206,3.179839270708793,2.472621786164863,3.003668417824113,-0.3392415628194138,1.8157726539566823,0.2086127000801128,2.50155610050522
33.0,220.0,1000.5424194335938,-4.38181940135786,-3.791399619586264,1.7098404302970067,3.1798392707098064,2.472621786164862,3.003672483300215,-0.3392415623685247,1.8157726510338543,0.2086134603882636,2.5003774610742724
33.0,220.0,1000.5424194335938,-4.38181940135786,-3.791399619586264,1.7098404302970067,3.1798392707221392,2.4726217861648565,3.0036685701716057,-0.3392415622701736,1.815772654525296,0.2086141275353819,2.501557826703866
33.0,220.0,1000.5424194335938,-4.38181940135786,-3.791399619586264,1.7098404294414218,3.1798392707090777,2.4726217861648627,3.003668488078424,-0.3392415623690963,1.8157726510338543,0.2086230390980571,2.5003930776236047
33.0,220.0,1000.5424194335938,-4.38181940135786,-3.791399619586264,1.7098403482745206,3.179839270710024,2.472621786164864,3.003668417824113,-0.3392415623630768,1.81577265417669,0.2086127000801128,2.50157676463724
33.0,220.0,1000.5424194335938,-4.38181940135786,-3.791399619586264,1.7098403482745206,3.179839270721032,2.472621786164864,3.003668418773921,-0.3392415623630768,1.81577265417669,0.2086127000801128,2.50157676463724
33.0,220.0,1000.5424194335938,-4.38181940135786,-3.791399619586264,1.7098404303016326,3.179839270708765,2.47262178616488,3.003672454998376,-0.339241562270528,1.8157726510338543,0.2086230390980571,2.500378184657845
33.0,220.0,1000.54248046875,-4.38181940135786,-3.791399619586264,1.7098403352551452,3.179839270708793,2.472621786164864,3.003668610989517,-0.3392415628037142,1.8157726539566823,0.2086126814772369,2.5003486022600407
33.0,220.0,1000.54248046875,-4.38181940135786,-3.791399619586264,1.709840337590995,3.179839270708793,2.472621786164881,3.003668610989517,-0.3392415628037142,1.8157726539566823,0.2086127098281588,2.5003486022600407
33.0,220.0,1000.5425415039062,-4.38181940135786,-3.791399619586264,1.7098404294414218,3.179839270708765,2.47262178616488,3.003668488078424,-0.3392415622488468,1.8157726510338543,0.208604844335072,2.500315198483375
33.0,220.0,1000.5425415039062,-4.38181940135786,-3.791399619586264,1.7098404294414218,3.179839270708765,2.47262178616488,3.003668488078424,-0.3392415622714219,1.8157726510338543,0.208604844335072,2.500315198483375
33.0,220.0,1000.5425415039062,-4.38181940135786,-3.791399619586264,1.7098404294414218,3.179839270708765,2.472621786164881,3.003668488078424,-0.3392415622479929,1.8157726510338543,0.2086230390980571,2.5003046170550367
33.0,220.0,1000.5425415039062,-4.38181940135786,-3.791399619586264,1.7098404294414218,3.179839270709256,2.47262178616488,3.003668487128615,-0.3392415622714219,1.8157726510338543,0.208604844335072,2.500315198483375
33.0,220.0,1000.5425415039062,-4.38181940135786,-3.791399619586264,1.7098404294414218,3.179839270708765,2.47262178616488,3.003668488078424,-0.3392415622714219,1.8157726510338543,0.208604844335072,2.500315198483375
33.0,220.0,1000.5426025390624,-4.38181940135786,-3.791399619586264,1.7098404294414218,3.179839270708765,2.47262178616488,3.003668488078424,-0.339241562270528,1.8157726510338543,0.2086230390980571,2.5002641287197003
33.0,220.0,1000.5426025390624,-4.38181940135786,-3.791399619586264,1.7098403353941622,3.179839270708793,2.472621786164863,3.003677791959784,-0.3392415623558534,1.8157727856240613,0.2086136569841203,2.5002641287197003
33.0,220.0,1000.5426025390624,-4.38181940135786,-3.791399619586264,1.7098404294414218,3.179839270708765,2.472621786164881,3.003668488078424,-0.3392415622479929,1.8157726510338543,0.2086230390980571,2.5002641287197003
33.0,220.0,1000.5426025390624,-4.38181940135786,-3.791399619586264,1.7098404294414218,3.179839270708765,2.472621786164881,3.003668488078424,-0.3392415622701736,1.8157726510338543,0.2086230390980571,2.5002641287197003
33.0,220.0,1000.5426025390624,-4.38181940135786,-3.791399619586264,1.7098404294414218,3.179839270708765,2.47262178616488,3.003668488078424,-0.3392415622483473,1.8157726510338543,0.2086230390980571,2.5002641287197003
33.0,221.0,1000.5420532226562,-4.38181940135786,-3.791399619586264,1.7098404294414218,3.179839270708765,2.47262178616488,3.003668488078424,-0.339241562270528,1.8157726510338543,0.2086230390980571,2.500885018000758
33.0,221.0,1000.5420532226562,-4.38181940135786,-3.791399619586264,1.7098404294414218,3.179839270708765,2.472621786164881,3.003668488078424,-0.339241562267367,1.8157726510338543,0.2086230390980571,2.5008856346343125
33.0,221.0,1000.5420532226562,-4.38181940135786,-3.791399619586264,1.7098404294414218,3.179839270708765,2.472621786164881,3.003668488078424,-0.339241562267367,1.8157726510338543,0.2086230390980571,2.500845146298976
33.0,221.0,1000.5421142578124,-4.38181940135786,-3.791399619586264,1.7098404294414218,3.179839270708765,2.47262178616488,3.003668488078424,-0.3392415622488468,1.8157726510338543,0.2086230390980571,2.500958860514923
33.0,221.0,1000.5421142578124,-4.38181940135786,-3.791399619586264,1.7098404302970067,3.1798392707218266,2.47262178616488,3.003668488078424,-0.3392415622481374,1.8157726510338543,0.2086230390980571,2.5009432439655908
33.0,221.0,1000.5421142578124,-4.38181940135786,-3.790675583801018,1.7098404294414218,3.179839270708765,2.47262178616488,3.0036689963052408,-0.3392415610898216,1.8157727495674905,0.208613936347967,2.500891064100861
33.0,221.0,1000.5421752929688,-4.38181940135786,-3.790649286305214,1.709840348678351,3.1798392707087566,2.472621786164881,3.003660714415029,-0.339241562270781,1.8157745069157305,0.2086137238544499,2.5003549645695884
33.0,221.0,1000.5421752929688,-4.38181940135786,-3.790649297202798,1.7098404300801202,3.1798392707087566,2.472621786164881,3.0036606002465325,-0.3392415622704881,1.8157745974945183,0.2086230943592127,2.500942297206321
33.0,221.0,1000.5422973632812,-4.38181940135786,-3.790642452454031,1.7098404300801202,3.1798392707084204,2.472621786164881,3.003660714415029,-0.3392415622713721,1.8157745069157305,0.2086137238544499,2.5002641287197003
33.0,221.0,1000.5422973632812,-4.38181940135786,-3.790649286305214,1.7098404300801202,3.1798392707087566,2.472621786164881,3.003660714415029,-0.3392415622704881,1.8157745069157305,0.2086137238544499,2.5002641287197003
33.0,221.0,1000.5422973632812,-4.38181940135786,-3.790642452454031,1.7098404300801202,3.1798392707084204,2.472621786164881,3.003660714415029,-0.3392415622713721,1.8157745069157305,0.2086137238544499,2.5002641287197003
33.0,221.0,1000.5422973632812,-4.38181940135786,-3.790650609556749,1.7098404300801202,3.1798392707087566,2.472621786164881,3.003660714415029,-0.3392415622704881,1.8157745069157305,0.2086230943592127,2.5002641287197003
33.0,221.0,1000.5422973632812,-4.38181940135786,-3.790642452454031,1.7098404300801202,3.1798392707083942,2.472621786164881,3.003660714415029,-0.3392415622713721,1.8157745069157305,0.2086137238544499,2.5002641287197003
33.0,221.0,1000.5422973632812,-4.38181940135786,-3.790649286305214,1.7098404300801202,3.1798392707087566,2.472621786164881,3.003660714415029,-0.3392415622704881,1.8157745069157305,0.2086137238544499,2.5002641287197003
33.0,221.0,1000.5422973632812,-4.38181940135786,-3.790649297202798,1.7098404300801202,3.1798392707087566,2.472621786164881,3.003660714415029,-0.3392415622704881,1.8157745069157305,0.2086230943592127,2.5002641287197003
33.0,221.0,1000.5422973632812,-4.38181940135786,-3.790642452454031,1.7098404300801202,3.1798392707083942,2.472621786164881,3.003660714415029,-0.3392415622713721,1.8157745069157305,0.2086137238544499,2.5002641287197003
33.0,221.0,1000.5422973632812,-4.38181940135786,-3.790642452454031,1.7098404300801202,3.1798392707084204,2.472621786164881,3.003660714415029,-0.3392415622713858,1.8157745069157305,0.2086137238544499,2.5002641287197003
33.0,221.0,1000.5422973632812,-4.38181940135786,-3.790675583801018,1.7098404294414218,3.179839270708765,2.47262178616488,3.0036602492128512,-0.3392415610898216,1.8157727495674905,0.208613936347967,2.5002641287197003
33.0,221.0,1000.5422973632812,-4.38181940135786,-3.790642452454031,1.7098404300801202,3.179839270721282,2.472621786164881,3.003667892827113,-0.3392415622713721,1.815774433407348,0.2086137443030926,2.5002641287197003
33.0,221.0,1000.5422973632812,-4.38181940135786,-3.790642452454031,1.7098404300801202,3.1798392707083942,2.472621786164881,3.003660714415029,-0.3392415622713721,1.8157745069157305,0.2086137238544499,2.5002641287197003
33.0,221.0,1000.5422973632812,-4.38181940135786,-3.790642452454031,1.7098404300801202,3.1798392707084204,2.472621786164881,3.003660714415029,-0.3392415622713721,1.8157745069157305,0.2086137238544499,2.5002641287197003
33.0,221.0,1000.5423583984376,-4.38181940135786,-3.791399619586264,1.7098403482745206,3.179839270708766,2.472621786164997,3.0036685674057813,-0.3392415622857892,1.8157726539566823,0.2086127368192589,2.5014459631093944
33.0,221.0,1000.5423583984376,-4.38181940135786,-3.791457378081604,1.7098403482745206,3.1798392707084298,2.472621786164997,3.0036685674057813,-0.3392415622859252,1.8157726539566823,0.2086127368192589,2.5014459631093944
33.0,221.0,1000.5423583984376,-4.38181940135786,-3.791399619586264,1.7098403482745206,3.179839270708422,2.472621786164864,3.003668417824113,-0.3392415628431917,1.8157726539566823,0.2086127005453481,2.5014397457057087
33.0,221.0,1000.5423583984376,-4.38181940135786,-3.790642887556885,1.709840430098292,3.179839270708765,2.47262178616488,3.003669004089254,-0.3392415622488468,1.8157726510338543,0.2086230390980571,2.501080235705509
33.0,221.0,1000.5424194335938,-4.38181940135786,-3.791399619586264,1.7098403482745206,3.179839270708766,2.472621786164864,3.0036685674057813,-0.3392415623840025,1.8157726539566823,0.2086127368192589,2.5015592954639665
33.0,221.0,1000.5424194335938,-4.38181940135786,-3.791399619586264,1.7098403482745206,3.179839270708793,2.472621786164864,3.003668607970654,-0.3392415628162528,1.8157726539566823,0.2086126965963231,2.5015592954639665
33.0,221.0,1000.5424194335938,-4.38181940135786,-3.791399619586264,1.7098404302970067,3.1798392707221392,2.4726217861648627,3.003668488078424,-0.339241562368387,1.8157726510338543,0.2086230390980571,2.5003774610742724
33.0,221.0,1000.5424194335938,-4.38181940135786,-3.791399619586264,1.7098403352551452,3.179839270708793,2.472621786164864,3.003668610989517,-0.339241562820724,1.8157726539566823,0.2086126814772369,2.5015592954639665
33.0,221.0,1000.5424194335938,-4.38181940135786,-3.791399619586264,1.7098404302970067,3.1798392707098064,2.4726217861648627,3.003672483300215,-0.3392415623685247,1.8157726510338543,0.2086135665221786,2.5003774610742724
33.0,221.0,1000.5424194335938,-4.38181940135786,-3.791399619586264,1.7098403482745206,3.179839270708793,2.472621786164864,3.003668417824113,-0.3392415628162528,1.8157726539566823,0.2086127000801128,2.501556717138775
33.0,221.0,1000.5424194335938,-4.38181940135786,-3.791399619586264,1.7098404302970067,3.1798392707098064,2.472621786164862,3.003672483300215,-0.3392415623685247,1.8157726510338543,0.2086134603882636,2.5003774610742724
33.0,221.0,1000.5424194335938,-4.38181940135786,-3.791399619586264,1.7098404302970067,3.1798392707221392,2.4726217861648565,3.0036685701716057,-0.3392415622701736,1.815772654525296,0.2086141275353819,2.501557826703866
33.0,221.0,1000.5424194335938,-4.38181940135786,-3.791399619586264,1.7098403482745206,3.179839270721524,2.472621786164864,3.003668417824113,-0.3392415623630768,1.81577265417669,0.2086127000801128,2.50157676463724
33.0,221.0,1000.5424194335938,-4.38181940135786,-3.791399619586264,1.7098404302970067,3.179839270721732,2.4726217861648627,3.003668488078424,-0.339241562368387,1.8157726510338543,0.2086230390980571,2.5003774610742724
33.0,221.0,1000.5424194335938,-4.38181940135786,-3.791399619586264,1.7098404302970067,3.1798392707098064,2.4726217861648627,3.003672483300215,-0.3392415623685247,1.8157726510338543,0.2086135665221786,2.5003774610742724
33.0,221.0,1000.5424194335938,-4.38181940135786,-3.791399619586264,1.7098404414868642,3.179839270708574,2.472621786164862,3.003660757198738,-0.3392415621761683,1.8157744485262013,0.2086231166517195,2.5003776938209525
33.0,221.0,1000.5424194335938,-4.38181940135786,-3.791399619586264,1.7098403482745206,3.1798392707211502,2.472621786164864,3.003668417824113,-0.3392415623630768,1.8157726541796195,0.2086127000801128,2.50157676463724
33.0,221.0,1000.5424194335938,-4.38181940135786,-3.791399619586264,1.7098403352551452,3.179839270708793,2.472621786164864,3.003668610989517,-0.339241562820724,1.8157726539566823,0.2086126814772369,2.5015592954639665
33.0,221.0,1000.5424194335938,-4.38181940135786,-3.791399619586264,1.7098403482745206,3.179839270708793,2.472621786164863,3.003668417824113,-0.3392415628194138,1.8157726539566823,0.2086127000801128,2.50155610050522
33.0,221.0,1000.5424194335938,-4.38181940135786,-3.791399619586264,1.7098404302970067,3.1798392707098064,2.472621786164862,3.003672483300215,-0.3392415623685247,1.8157726510338543,0.2086134603882636,2.5003774610742724
33.0,221.0,1000.5424194335938,-4.38181940135786,-3.791399619586264,1.7098404302970067,3.1798392707221392,2.4726217861648565,3.0036685701716057,-0.3392415622701736,1.815772654525296,0.2086141275353819,2.501557826703866
33.0,221.0,1000.5424194335938,-4.38181940135786,-3.791399619586264,1.7098404294414218,3.1798392707090777,2.4726217861648627,3.003668488078424,-0.3392415623690963,1.8157726510338543,0.2086230390980571,2.5003930776236047
33.0,221.0,1000.5424194335938,-4.38181940135786,-3.791399619586264,1.7098403482745206,3.179839270710024,2.472621786164864,3.003668417824113,-0.3392415623630768,1.81577265417669,0.2086127000801128,2.50157676463724
33.0,221.0,1000.5424194335938,-4.38181940135786,-3.791399619586264,1.7098403482745206,3.179839270721032,2.472621786164864,3.003668418773921,-0.3392415623630768,1.81577265417669,0.2086127000801128,2.50157676463724
33.0,221.0,1000.5424194335938,-4.38181940135786,-3.791399619586264,1.7098404303016326,3.179839270708765,2.47262178616488,3.003672454998376,-0.339241562270528,1.8157726510338543,0.2086230390980571,2.500378184657845
33.0,221.0,1000.5424194335938,-4.38181940135786,-3.791399619586264,1.7098403482745206,3.179839270709992,2.4726217861648814,3.003668417824113,-0.339241562267398,1.81577265417669,0.20861280323886,2.50157676463724
33.0,221.0,1000.5424194335938,-4.38181940135786,-3.791399619586264,1.7098403482745206,3.179839270708288,2.472621786164864,3.003661239412029,-0.3392415623630768,1.815772727688002,0.2086126796314701,2.50157676463724
33.0,221.0,1000.5424194335938,-4.38181940135786,-3.791399619586264,1.709840428266075,3.1798392707221903,2.4726217861648565,3.003668549589868,-0.3392415622701736,1.8157726545314168,0.2086141275353819,2.501557826703866
33.0,221.0,1000.5424194335938,-4.38181940135786,-3.791399619586264,1.7098403482745206,3.1798392707217333,2.472621786164864,3.003668417824113,-0.3392415623683662,1.8157726541796195,0.2086129522416357,2.5015868344459204
33.0,222.0,1000.5420532226562,-4.38181940135786,-3.791399619586264,1.7098404294414218,3.179839270708765,2.47262178616488,3.003668488078424,-0.339241562270528,1.8157726510338543,0.2086230390980571,2.500885018000758
33.0,222.0,1000.5420532226562,-4.38181940135786,-3.791399619586264,1.7098404294414218,3.179839270708765,2.472621786164881,3.003668488078424,-0.339241562267367,1.8157726510338543,0.2086230390980571,2.5008856346343125
33.0,222.0,1000.5420532226562,-4.38181940135786,-3.791399619586264,1.7098404294414218,3.179839270708765,2.472621786164881,3.003668488078424,-0.339241562267367,1.8157726510338543,0.2086230390980571,2.500845146298976
33.0,222.0,1000.5420532226562,-4.38181940135786,-3.791399619586264,1.709840351819497,3.179839270708793,2.472621786164864,3.0036684148235206,-0.3392415628162528,1.8157726539566823,0.2086132125915031,2.5008599578616884
33.0,222.0,1000.5420532226562,-4.38181940135786,-3.790642452454031,1.7098404300704009,3.1798392707083942,2.472621786164881,3.003660837205356,-0.3392415622713721,1.8157745069157305,0.2086137241270717,2.500862349372877
33.0,222.0,1000.5421142578124,-4.38181940135786,-3.791399619586264,1.7098404294414218,3.179839270708765,2.47262178616488,3.003668488078424,-0.3392415622488468,1.8157726510338543,0.2086230390980571,2.500958860514923
33.0,222.0,1000.5421142578124,-4.38181940135786,-3.791399619586264,1.7098404302970067,3.1798392707218266,2.47262178616488,3.003668488078424,-0.3392415622481374,1.8157726510338543,0.2086230390980571,2.5009432439655908
33.0,222.0,1000.5421142578124,-4.38181940135786,-3.790675583801018,1.7098404294414218,3.179839270708765,2.47262178616488,3.0036689963052408,-0.3392415610898216,1.8157727495674905,0.208613936347967,2.500891064100861
33.0,222.0,1000.5421142578124,-4.38181940135786,-3.7913946226508335,1.7098404294473428,3.1798392707083827,2.47262178616488,3.003660721142143,-0.3392415622488468,1.8157726510338543,0.208613716488867,2.500958860514923
33.0,222.0,1000.5421142578124,-4.38181940135786,-3.791399619586264,1.7098404302970067,3.1798392707221352,2.47262178616488,3.003668488078424,-0.3392415622481374,1.8157726510338543,0.2086230390980571,2.5009432439655908
33.0,222.0,1000.5421752929688,-4.38181940135786,-3.790649286305214,1.709840348678351,3.1798392707087566,2.472621786164881,3.003660714415029,-0.339241562270781,1.8157745069157305,0.2086137238544499,2.5003549645695884
33.0,222.0,1000.5421752929688,-4.38181940135786,-3.790649297202798,1.7098404300801202,3.1798392707087566,2.472621786164881,3.0036606002465325,-0.3392415622704881,1.8157745974945183,0.2086230943592127,2.500942297206321
33.0,222.0,1000.5421752929688,-4.38181940135786,-3.790649297202798,1.7098404300801202,3.1798392707087566,2.472621786164881,3.0036606002465325,-0.3392415622704881,1.8157745974945183,0.2086230943592127,2.500942297206321
33.0,222.0,1000.5421752929688,-4.38181940135786,-3.7906482585877295,1.7098404294414218,3.179839270708765,2.47262178616488,3.0036689963052408,-0.3392415610898216,1.8157727495674905,0.208613936347967,2.5003205968067155
33.0,222.0,1000.5422973632812,-4.38181940135786,-3.790642452454031,1.7098404300801202,3.1798392707084204,2.472621786164881,3.003660714415029,-0.3392415622713721,1.8157745069157305,0.2086137238544499,2.5002641287197003
33.0,222.0,1000.5422973632812,-4.38181940135786,-3.790649286305214,1.7098404300801202,3.1798392707087566,2.472621786164881,3.003660714415029,-0.3392415622704881,1.8157745069157305,0.2086137238544499,2.5002641287197003
33.0,222.0,1000.5422973632812,-4.38181940135786,-3.790642452454031,1.7098404300801202,3.1798392707084204,2.472621786164881,3.003660714415029,-0.3392415622713721,1.8157745069157305,0.2086137238544499,2.5002641287197003
33.0,222.0,1000.5422973632812,-4.38181940135786,-3.790650609556749,1.7098404300801202,3.1798392707087566,2.472621786164881,3.003660714415029,-0.3392415622704881,1.8157745069157305,0.2086230943592127,2.5002641287197003
33.0,222.0,1000.5422973632812,-4.38181940135786,-3.790642452454031,1.7098404300801202,3.1798392707083942,2.472621786164881,3.003660714415029,-0.3392415622713721,1.8157745069157305,0.2086137238544499,2.5002641287197003
33.0,222.0,1000.5422973632812,-4.38181940135786,-3.790649286305214,1.7098404300801202,3.1798392707087566,2.472621786164881,3.003660714415029,-0.3392415622704881,1.8157745069157305,0.2086137238544499,2.5002641287197003
33.0,222.0,1000.5422973632812,-4.38181940135786,-3.790649297202798,1.7098404300801202,3.1798392707087566,2.472621786164881,3.003660714415029,-0.3392415622704881,1.8157745069157305,0.2086230943592127,2.5002641287197003
33.0,222.0,1000.5422973632812,-4.38181940135786,-3.790642452454031,1.7098404300801202,3.1798392707083942,2.472621786164881,3.003660714415029,-0.3392415622713721,1.8157745069157305,0.2086137238544499,2.5002641287197003
33.0,222.0,1000.5422973632812,-4.38181940135786,-3.790642452454031,1.7098404300801202,3.1798392707084204,2.472621786164881,3.003660714415029,-0.3392415622713858,1.8157745069157305,0.2086137238544499,2.5002641287197003
33.0,222.0,1000.5422973632812,-4.38181940135786,-3.790675583801018,1.7098404294414218,3.179839270708765,2.47262178616488,3.0036602492128512,-0.3392415610898216,1.8157727495674905,0.208613936347967,2.5002641287197003
33.0,222.0,1000.5422973632812,-4.38181940135786,-3.790642452454031,1.7098404300801202,3.179839270721282,2.472621786164881,3.003667892827113,-0.3392415622713721,1.815774433407348,0.2086137443030926,2.5002641287197003
33.0,222.0,1000.5422973632812,-4.38181940135786,-3.790642452454031,1.7098404300801202,3.1798392707083942,2.472621786164881,3.003660714415029,-0.3392415622713721,1.8157745069157305,0.2086137238544499,2.5002641287197003
33.0,222.0,1000.5422973632812,-4.38181940135786,-3.790642452454031,1.7098404300801202,3.1798392707084204,2.472621786164881,3.003660714415029,-0.3392415622713721,1.8157745069157305,0.2086137238544499,2.5002641287197003
33.0,222.0,1000.5422973632812,-4.382337646919174,-3.791399619586264,1.7098403482745206,3.179839270708422,2.472621786164864,3.003668417824113,-0.3392415628431917,1.8157726539566823,0.2086127005453481,2.5014397457057087
33.0,222.0,1000.5422973632812,-4.38181940135786,-3.790649297232175,1.7098404300801202,3.1798392707087566,2.472621786164881,3.003660714415029,-0.3392415622704881,1.8157745069157305,0.2086137238544499,2.5002641287197003
33.0,222.0,1000.5422973632812,-4.38181940135786,-3.790642452454031,1.7098404300801202,3.1798392707083942,2.472621786164881,3.003660714415029,-0.3392415622713721,1.8157745069157305,0.2086137238544499,2.5002641287197003
33.0,222.0,1000.5422973632812,-4.38181940135786,-3.790649544524128,1.7098404302917043,3.1798392707087566,2.472621786164881,3.003660714415029,-0.3392415622704881,1.8157727435944369,0.2086230943592127,2.5002664686527245
33.0,222.0,1000.5422973632812,-4.38181940135786,-3.790642452454031,1.709840430109214,3.17983927070874,2.472621786164881,3.0036683504677506,-0.3392415622495378,1.815774511671667,0.2086134315093266,2.5002641287197003
33.0,222.0,1000.5423583984376,-4.38181940135786,-3.791399619586264,1.7098403482745206,3.179839270708766,2.472621786164997,3.0036685674057813,-0.3392415622857892,1.8157726539566823,0.2086127368192589,2.5014459631093944
33.0,222.0,1000.5423583984376,-4.38181940135786,-3.791457378081604,1.7098403482745206,3.1798392707084298,2.472621786164997,3.0036685674057813,-0.3392415622859252,1.8157726539566823,0.2086127368192589,2.5014459631093944
33.0,222.0,1000.5423583984376,-4.38181940135786,-3.791399619586264,1.7098403482745206,3.179839270708422,2.472621786164864,3.003668417824113,-0.3392415628431917,1.8157726539566823,0.2086127005453481,2.5014397457057087
33.0,222.0,1000.5423583984376,-4.38181940135786,-3.790642887556885,1.709840430098292,3.179839270708765,2.47262178616488,3.003669004089254,-0.3392415622488468,1.8157726510338543,0.2086230390980571,2.501080235705509
33.0,222.0,1000.5424194335938,-4.38181940135786,-3.791399619586264,1.7098403482745206,3.179839270708766,2.472621786164864,3.0036685674057813,-0.3392415623840025,1.8157726539566823,0.2086127368192589,2.5015592954639665
33.0,222.0,1000.5424194335938,-4.38181940135786,-3.791399619586264,1.7098403482745206,3.179839270708793,2.472621786164864,3.003668607970654,-0.3392415628162528,1.8157726539566823,0.2086126965963231,2.5015592954639665
33.0,222.0,1000.5424194335938,-4.38181940135786,-3.791399619586264,1.7098404302970067,3.1798392707221392,2.4726217861648627,3.003668488078424,-0.339241562368387,1.8157726510338543,0.2086230390980571,2.5003774610742724
33.0,222.0,1000.5424194335938,-4.38181940135786,-3.791399619586264,1.7098403352551452,3.179839270708793,2.472621786164864,3.003668610989517,-0.339241562820724,1.8157726539566823,0.2086126814772369,2.5015592954639665
33.0,222.0,1000.5424194335938,-4.38181940135786,-3.791399619586264,1.7098404302970067,3.1798392707098064,2.4726217861648627,3.003672483300215,-0.3392415623685247,1.8157726510338543,0.2086135665221786,2.5003774610742724
33.0,222.0,1000.5424194335938,-4.38181940135786,-3.791399619586264,1.7098403482745206,3.179839270708793,2.472621786164864,3.003668417824113,-0.3392415628162528,1.8157726539566823,0.2086127000801128,2.501556717138775
33.0,222.0,1000.5424194335938,-4.38181940135786,-3.791399619586264,1.7098404302970067,3.1798392707098064,2.472621786164862,3.003672483300215,-0.3392415623685247,1.8157726510338543,0.2086134603882636,2.5003774610742724
33.0,222.0,1000.5424194335938,-4.38181940135786,-3.791399619586264,1.7098404302970067,3.1798392707221392,2.4726217861648565,3.0036685701716057,-0.3392415622701736,1.815772654525296,0.2086141275353819,2.501557826703866
33.0,222.0,1000.5424194335938,-4.38181940135786,-3.791399619586264,1.7098403482745206,3.179839270721524,2.472621786164864,3.003668417824113,-0.3392415623630768,1.81577265417669,0.2086127000801128,2.50157676463724
33.0,222.0,1000.5424194335938,-4.38181940135786,-3.791399619586264,1.7098404302970067,3.179839270721732,2.4726217861648627,3.003668488078424,-0.339241562368387,1.8157726510338543,0.2086230390980571,2.5003774610742724
33.0,222.0,1000.5424194335938,-4.38181940135786,-3.791399619586264,1.7098404302970067,3.1798392707098064,2.4726217861648627,3.003672483300215,-0.3392415623685247,1.8157726510338543,0.2086135665221786,2.5003774610742724
33.0,222.0,1000.5424194335938,-4.38181940135786,-3.791399619586264,1.7098404414868642,3.179839270708574,2.472621786164862,3.003660757198738,-0.3392415621761683,1.8157744485262013,0.2086231166517195,2.5003776938209525
33.0,222.0,1000.5424194335938,-4.38181940135786,-3.791399619586264,1.7098403482745206,3.1798392707211502,2.472621786164864,3.003668417824113,-0.3392415623630768,1.8157726541796195,0.2086127000801128,2.50157676463724
33.0,222.0,1000.5424194335938,-4.38181940135786,-3.791399619586264,1.7098403352551452,3.179839270708793,2.472621786164864,3.003668610989517,-0.339241562820724,1.8157726539566823,0.2086126814772369,2.5015592954639665
33.0,223.0,1000.5420532226562,-4.38181940135786,-3.791399619586264,1.7098404294414218,3.179839270708765,2.47262178616488,3.003668488078424,-0.339241562270528,1.8157726510338543,0.2086230390980571,2.500885018000758
33.0,223.0,1000.5420532226562,-4.38181940135786,-3.791399619586264,1.7098404294414218,3.179839270708765,2.472621786164881,3.003668488078424,-0.339241562267367,1.8157726510338543,0.2086230390980571,2.5008856346343125
33.0,223.0,1000.5420532226562,-4.38181940135786,-3.791399619586264,1.7098404294414218,3.179839270708765,2.472621786164881,3.003668488078424,-0.339241562267367,1.8157726510338543,0.2086230390980571,2.500845146298976
33.0,223.0,1000.5420532226562,-4.38181940135786,-3.791399619586264,1.709840351819497,3.179839270708793,2.472621786164864,3.0036684148235206,-0.3392415628162528,1.8157726539566823,0.2086132125915031,2.5008599578616884
33.0,223.0,1000.5420532226562,-4.38181940135786,-3.790642452454031,1.7098404300704009,3.1798392707083942,2.472621786164881,3.003660837205356,-0.3392415622713721,1.8157745069157305,0.2086137241270717,2.500862349372877
33.0,223.0,1000.5420532226562,-4.38181940135786,-3.791399619586264,1.7098404294414218,3.179839270721792,2.472621786164881,3.003668488078424,-0.3392415622634411,1.8157726510338543,0.2086230390980571,2.500845146298976
33.0,223.0,1000.5420532226562,-4.38181940135786,-3.7913791580628944,1.7098404294615466,3.179839270708765,2.472621786164881,3.003660946789496,-0.339241562267367,1.8157726510338543,0.2086230381419017,2.5008856346343125
33.0,223.0,1000.5420532226562,-4.38181940135786,-3.790642452454031,1.7098404300704009,3.1798392707083942,2.472621786164881,3.003660837205356,-0.3392415610441625,1.8157745069157305,0.2086137241270717,2.500855370087783
33.0,223.0,1000.5421142578124,-4.38181940135786,-3.791399619586264,1.7098404294414218,3.179839270708765,2.47262178616488,3.003668488078424,-0.3392415622488468,1.8157726510338543,0.2086230390980571,2.500958860514923
33.0,223.0,1000.5421142578124,-4.38181940135786,-3.791399619586264,1.7098404302970067,3.1798392707218266,2.47262178616488,3.003668488078424,-0.3392415622481374,1.8157726510338543,0.2086230390980571,2.5009432439655908
33.0,223.0,1000.5421142578124,-4.38181940135786,-3.790675583801018,1.7098404294414218,3.179839270708765,2.47262178616488,3.0036689963052408,-0.3392415610898216,1.8157727495674905,0.208613936347967,2.500891064100861
33.0,223.0,1000.5421142578124,-4.38181940135786,-3.7913946226508335,1.7098404294473428,3.1798392707083827,2.47262178616488,3.003660721142143,-0.3392415622488468,1.8157726510338543,0.208613716488867,2.500958860514923
33.0,223.0,1000.5421142578124,-4.38181940135786,-3.791399619586264,1.7098404302970067,3.1798392707221352,2.47262178616488,3.003668488078424,-0.3392415622481374,1.8157726510338543,0.2086230390980571,2.5009432439655908
33.0,223.0,1000.5421142578124,-4.38181940135786,-3.791399619586264,1.7098404303448498,3.17983927072212,2.47262178616488,3.003668488078424,-0.3392415610705776,1.815772743477348,0.2086233763242197,2.50094435662517
33.0,223.0,1000.5421142578124,-4.38181940135786,-3.791399619586264,1.7098404294414218,3.179839270708765,2.47262178616488,3.003668488078424,-0.3392415622488468,1.8157726510338543,0.2086230390980571,2.500958860514923
33.0,223.0,1000.5421142578124,-4.38181940135786,-3.7906739349974408,1.7098404302948869,3.179839270709784,2.4726217861648814,3.003672483300215,-0.3392415623685247,1.8157726510338543,0.2086137253593646,2.5003747066374395
33.0,223.0,1000.5421752929688,-4.38181940135786,-3.790649286305214,1.709840348678351,3.1798392707087566,2.472621786164881,3.003660714415029,-0.339241562270781,1.8157745069157305,0.2086137238544499,2.5003549645695884
33.0,223.0,1000.5421752929688,-4.38181940135786,-3.790649297202798,1.7098404300801202,3.1798392707087566,2.472621786164881,3.0036606002465325,-0.3392415622704881,1.8157745974945183,0.2086230943592127,2.500942297206321
33.0,223.0,1000.5421752929688,-4.38181940135786,-3.790649297202798,1.7098404300801202,3.1798392707087566,2.472621786164881,3.0036606002465325,-0.3392415622704881,1.8157745974945183,0.2086230943592127,2.500942297206321
33.0,223.0,1000.5421752929688,-4.38181940135786,-3.7906482585877295,1.7098404294414218,3.179839270708765,2.47262178616488,3.0036689963052408,-0.3392415610898216,1.8157727495674905,0.208613936347967,2.5003205968067155
33.0,223.0,1000.5421752929688,-4.38181940135786,-3.790649743483021,1.7098404300801202,3.17983927070842,2.472621786164881,3.003660585531525,-0.3392415622713718,1.8157745069206248,0.2086230943592127,2.500942297206321
33.0,223.0,1000.5421752929688,-4.38181940135786,-3.7906482585877295,1.7098404294414218,3.179839270708765,2.47262178616488,3.0036689963052408,-0.3392415623170312,1.8157727495674905,0.208613936347967,2.5003275760918102
33.0,223.0,1000.542236328125,-4.38181940135786,-3.790649297232175,1.709840430070376,3.1798392707087566,2.472621786164881,3.003660714616975,-0.3392415622704881,1.8157745069157305,0.2086137238544499,2.5003130070780712
33.0,223.0,1000.5422973632812,-4.38181940135786,-3.790642452454031,1.7098404300801202,3.1798392707084204,2.472621786164881,3.003660714415029,-0.3392415622713721,1.8157745069157305,0.2086137238544499,2.5002641287197003
33.0,223.0,1000.5422973632812,-4.38181940135786,-3.790649286305214,1.7098404300801202,3.1798392707087566,2.472621786164881,3.003660714415029,-0.3392415622704881,1.8157745069157305,0.2086137238544499,2.5002641287197003
33.0,223.0,1000.5422973632812,-4.38181940135786,-3.790642452454031,1.7098404300801202,3.1798392707084204,2.472621786164881,3.003660714415029,-0.3392415622713721,1.8157745069157305,0.2086137238544499,2.5002641287197003
33.0,223.0,1000.5422973632812,-4.38181940135786,-3.790650609556749,1.7098404300801202,3.1798392707087566,2.472621786164881,3.003660714415029,-0.3392415622704881,1.8157745069157305,0.2086230943592127,2.5002641287197003
33.0,223.0,1000.5422973632812,-4.38181940135786,-3.790642452454031,1.7098404300801202,3.1798392707083942,2.472621786164881,3.003660714415029,-0.3392415622713721,1.8157745069157305,0.2086137238544499,2.5002641287197003
33.0,223.0,1000.5422973632812,-4.38181940135786,-3.790649286305214,1.7098404300801202,3.1798392707087566,2.472621786164881,3.003660714415029,-0.3392415622704881,1.8157745069157305,0.2086137238544499,2.5002641287197003
33.0,223.0,1000.5422973632812,-4.38181940135786,-3.790649297202798,1.7098404300801202,3.1798392707087566,2.472621786164881,3.003660714415029,-0.3392415622704881,1.8157745069157305,0.2086230943592127,2.5002641287197003
33.0,223.0,1000.5422973632812,-4.38181940135786,-3.790642452454031,1.7098404300801202,3.1798392707083942,2.472621786164881,3.003660714415029,-0.3392415622713721,1.8157745069157305,0.2086137238544499,2.5002641287197003
33.0,223.0,1000.5422973632812,-4.38181940135786,-3.790642452454031,1.7098404300801202,3.1798392707084204,2.472621786164881,3.003660714415029,-0.3392415622713858,1.8157745069157305,0.2086137238544499,2.5002641287197003
33.0,223.0,1000.5422973632812,-4.38181940135786,-3.790675583801018,1.7098404294414218,3.179839270708765,2.47262178616488,3.0036602492128512,-0.3392415610898216,1.8157727495674905,0.208613936347967,2.5002641287197003
33.0,223.0,1000.5422973632812,-4.38181940135786,-3.790642452454031,1.7098404300801202,3.179839270721282,2.472621786164881,3.003667892827113,-0.3392415622713721,1.815774433407348,0.2086137443030926,2.5002641287197003
33.0,223.0,1000.5422973632812,-4.38181940135786,-3.790642452454031,1.7098404300801202,3.1798392707083942,2.472621786164881,3.003660714415029,-0.3392415622713721,1.8157745069157305,0.2086137238544499,2.5002641287197003
33.0,223.0,1000.5422973632812,-4.38181940135786,-3.790642452454031,1.7098404300801202,3.1798392707084204,2.472621786164881,3.003660714415029,-0.3392415622713721,1.8157745069157305,0.2086137238544499,2.5002641287197003
33.0,223.0,1000.5422973632812,-4.382337646919174,-3.791399619586264,1.7098403482745206,3.179839270708422,2.472621786164864,3.003668417824113,-0.3392415628431917,1.8157726539566823,0.2086127005453481,2.5014397457057087
33.0,223.0,1000.5422973632812,-4.38181940135786,-3.790649297232175,1.7098404300801202,3.1798392707087566,2.472621786164881,3.003660714415029,-0.3392415622704881,1.8157745069157305,0.2086137238544499,2.5002641287197003
33.0,223.0,1000.5422973632812,-4.38181940135786,-3.790642452454031,1.7098404300801202,3.1798392707083942,2.472621786164881,3.003660714415029,-0.3392415622713721,1.8157745069157305,0.2086137238544499,2.5002641287197003
33.0,223.0,1000.5422973632812,-4.38181940135786,-3.790649544524128,1.7098404302917043,3.1798392707087566,2.472621786164881,3.003660714415029,-0.3392415622704881,1.8157727435944369,0.2086230943592127,2.5002664686527245
33.0,223.0,1000.5422973632812,-4.38181940135786,-3.790642452454031,1.709840430109214,3.17983927070874,2.472621786164881,3.0036683504677506,-0.3392415622495378,1.815774511671667,0.2086134315093266,2.5002641287197003
33.0,223.0,1000.5422973632812,-4.38181940135786,-3.790642502194536,1.7098404300801202,3.1798392707083942,2.472621786164881,3.003660714415029,-0.3392415622713721,1.8157745069157305,0.2086137238544499,2.5002641287197003
33.0,223.0,1000.5422973632812,-4.38181940135786,-3.790642487945628,1.7098404300801202,3.179839270709069,2.472621786164881,3.0036679136999003,-0.3392415622713721,1.815774433407348,0.2086137443030926,2.5002641287197003
33.0,223.0,1000.5422973632812,-4.38181940135786,-3.790642006173808,1.7098404300801202,3.1798392707087566,2.472621786164881,3.0036607291300363,-0.3392415622704883,1.815774597489624,0.2086137238544499,2.5002641287197003
33.0,223.0,1000.5422973632812,-4.38181940135786,-3.790649236564711,1.7098404300801202,3.1798392707087566,2.472621786164881,3.003660714415029,-0.3392415622704881,1.8157745069157305,0.2086137238544499,2.5002641287197003
33.0,223.0,1000.5422973632812,-4.38181940135786,-3.790642452454031,1.7098404300801202,3.17983927070876,2.472621786164881,3.003660714415029,-0.3392415622713721,1.8157745069157305,0.2086137238544499,2.5002641287197003
33.0,223.0,1000.5422973632812,-4.38181940135786,-3.790654001527434,1.7098403460014495,3.179839270708781,2.472621786164864,3.003660714415029,-0.3392415622713721,1.815772385784641,0.2086132137062067,2.5002641287197003
33.0,223.0,1000.5423583984376,-4.38181940135786,-3.791399619586264,1.7098403482745206,3.179839270708766,2.472621786164997,3.0036685674057813,-0.3392415622857892,1.8157726539566823,0.2086127368192589,2.5014459631093944
33.0,223.0,1000.5423583984376,-4.38181940135786,-3.791457378081604,1.7098403482745206,3.1798392707084298,2.472621786164997,3.0036685674057813,-0.3392415622859252,1.8157726539566823,0.2086127368192589,2.5014459631093944
33.0,223.0,1000.5423583984376,-4.38181940135786,-3.791399619586264,1.7098403482745206,3.179839270708422,2.472621786164864,3.003668417824113,-0.3392415628431917,1.8157726539566823,0.2086127005453481,2.5014397457057087
33.0,224.0,1000.5420532226562,-4.38181940135786,-3.791399619586264,1.7098404294414218,3.179839270708765,2.47262178616488,3.003668488078424,-0.339241562270528,1.8157726510338543,0.2086230390980571,2.500885018000758
33.0,224.0,1000.5420532226562,-4.38181940135786,-3.791399619586264,1.7098404294414218,3.179839270708765,2.472621786164881,3.003668488078424,-0.339241562267367,1.8157726510338543,0.2086230390980571,2.5008856346343125
33.0,224.0,1000.5420532226562,-4.38181940135786,-3.791399619586264,1.7098404294414218,3.179839270708765,2.472621786164881,3.003668488078424,-0.339241562267367,1.8157726510338543,0.2086230390980571,2.500845146298976
33.0,224.0,1000.5420532226562,-4.38181940135786,-3.791399619586264,1.709840351819497,3.179839270708793,2.472621786164864,3.0036684148235206,-0.3392415628162528,1.8157726539566823,0.2086132125915031,2.5008599578616884
33.0,224.0,1000.5420532226562,-4.38181940135786,-3.790642452454031,1.7098404300704009,3.1798392707083942,2.472621786164881,3.003660837205356,-0.3392415622713721,1.8157745069157305,0.2086137241270717,2.500862349372877
33.0,224.0,1000.5420532226562,-4.38181940135786,-3.791399619586264,1.7098404294414218,3.179839270721792,2.472621786164881,3.003668488078424,-0.3392415622634411,1.8157726510338543,0.2086230390980571,2.500845146298976
33.0,224.0,1000.5420532226562,-4.38181940135786,-3.7913791580628944,1.7098404294615466,3.179839270708765,2.472621786164881,3.003660946789496,-0.339241562267367,1.8157726510338543,0.2086230381419017,2.5008856346343125
33.0,224.0,1000.5420532226562,-4.38181940135786,-3.790642452454031,1.7098404300704009,3.1798392707083942,2.472621786164881,3.003660837205356,-0.3392415610441625,1.8157745069157305,0.2086137241270717,2.500855370087783
33.0,224.0,1000.5420532226562,-4.38181940135786,-3.790642452454031,1.7098404300704009,3.1798392707083942,2.472621786164881,3.003660837205356,-0.3392415622713721,1.8157745078586585,0.2086137241270717,2.500862349372877
33.0,224.0,1000.5420532226562,-4.38181940135786,-3.791399619586264,1.7098404303448498,3.1798392707095475,2.4726217861648645,3.003668412601361,-0.3392415610705776,1.815772743477348,0.2086233763242197,2.500860261420601
33.0,224.0,1000.5420532226562,-4.38181940135786,-3.791399619586264,1.7098404294292768,3.179839270721792,2.472621786164881,3.003668488078424,-0.3392415622254228,1.8157726510338543,0.2086230390980571,2.500844237790113
33.0,224.0,1000.5420532226562,-4.38181940135786,-3.7906739349974408,1.7098404302940116,3.179839270709784,2.4726217861648814,3.003672483300215,-0.3392415623685247,1.8157726510338543,0.2086137253593646,2.5004206680550927
33.0,224.0,1000.5420532226562,-4.38181940135786,-3.7906243239135846,1.7098404301330437,3.179839270723649,2.472621786164881,3.003668457587627,-0.3392415622631017,1.8157745069157305,0.208622729160562,2.500844425883272
33.0,224.0,1000.5420532226562,-4.38181940135786,-3.791399619586264,1.7098404294414218,3.179839270708765,2.47262178616488,3.003668488078424,-0.339241562270528,1.8157726510338543,0.2086230390980571,2.500885018000758
33.0,224.0,1000.5420532226562,-4.38181940135786,-3.790649286305214,1.7098403463449732,3.179839270708746,2.472621786164881,3.003660714415029,-0.339241562270781,1.8157745069157305,0.2086137238561249,2.5008367607040665
33.0,224.0,1000.5421142578124,-4.38181940135786,-3.791399619586264,1.7098404294414218,3.179839270708765,2.47262178616488,3.003668488078424,-0.3392415622488468,1.8157726510338543,0.2086230390980571,2.500958860514923
33.0,224.0,1000.5421142578124,-4.38181940135786,-3.791399619586264,1.7098404302970067,3.1798392707218266,2.47262178616488,3.003668488078424,-0.3392415622481374,1.8157726510338543,0.2086230390980571,2.5009432439655908
33.0,224.0,1000.5421142578124,-4.38181940135786,-3.790675583801018,1.7098404294414218,3.179839270708765,2.47262178616488,3.0036689963052408,-0.3392415610898216,1.8157727495674905,0.208613936347967,2.500891064100861
33.0,224.0,1000.5421142578124,-4.38181940135786,-3.7913946226508335,1.7098404294473428,3.1798392707083827,2.47262178616488,3.003660721142143,-0.3392415622488468,1.8157726510338543,0.208613716488867,2.500958860514923
33.0,224.0,1000.5421142578124,-4.38181940135786,-3.791399619586264,1.7098404302970067,3.1798392707221352,2.47262178616488,3.003668488078424,-0.3392415622481374,1.8157726510338543,0.2086230390980571,2.5009432439655908
33.0,224.0,1000.5421142578124,-4.38181940135786,-3.791399619586264,1.7098404303448498,3.17983927072212,2.47262178616488,3.003668488078424,-0.3392415610705776,1.815772743477348,0.2086233763242197,2.50094435662517
33.0,224.0,1000.5421142578124,-4.38181940135786,-3.791399619586264,1.7098404294414218,3.179839270708765,2.47262178616488,3.003668488078424,-0.3392415622488468,1.8157726510338543,0.2086230390980571,2.500958860514923
33.0,224.0,1000.5421142578124,-4.38181940135786,-3.7906739349974408,1.7098404302948869,3.179839270709784,2.4726217861648814,3.003672483300215,-0.3392415623685247,1.8157726510338543,0.2086137253593646,2.5003747066374395
33.0,224.0,1000.5421142578124,-4.38181940135786,-3.791399619586264,1.7098404294297744,3.179839270708765,2.47262178616488,3.003668488078424,-0.3392415622488468,1.8157726510338543,0.2086230390980571,2.500958860514923
33.0,224.0,1000.5421142578124,-4.38181940135786,-3.790642452454031,1.7098404324037786,3.179839270708405,2.472621786164881,3.003660837205356,-0.3392415622713721,1.8157745069157305,0.2086137241253967,2.500380553238399
33.0,224.0,1000.5421142578124,-4.38181940135786,-3.791399619586264,1.709840430308654,3.1798392707218266,2.47262178616488,3.003668488078424,-0.3392415622481374,1.8157726510338543,0.2086230390980571,2.5009432439655908
33.0,224.0,1000.5421142578124,-4.38181940135786,-3.790675583801018,1.7098404294414218,3.179839270708765,2.47262178616488,3.0036689963052408,-0.3392415610898216,1.8157728783607103,0.2086225866753337,2.500890680123206
33.0,224.0,1000.5421142578124,-4.38181940135786,-3.791399619586264,1.7098404302970067,3.1798392707218266,2.47262178616488,3.003668488078424,-0.339241562248176,1.8157726510338543,0.2086230390980571,2.500936029747093
33.0,224.0,1000.5421142578124,-4.38181940135786,-3.791399619586264,1.7098404303457253,3.17983927072212,2.47262178616488,3.003668488078424,-0.3392415610705776,1.815772743477348,0.2086233763242197,2.500898395207517
33.0,224.0,1000.5421752929688,-4.38181940135786,-3.790649286305214,1.709840348678351,3.1798392707087566,2.472621786164881,3.003660714415029,-0.339241562270781,1.8157745069157305,0.2086137238544499,2.5003549645695884
33.0,224.0,1000.5421752929688,-4.38181940135786,-3.790649297202798,1.7098404300801202,3.1798392707087566,2.472621786164881,3.0036606002465325,-0.3392415622704881,1.8157745974945183,0.2086230943592127,2.500942297206321
33.0,224.0,1000.5421752929688,-4.38181940135786,-3.790649297202798,1.7098404300801202,3.1798392707087566,2.472621786164881,3.0036606002465325,-0.3392415622704881,1.8157745974945183,0.2086230943592127,2.500942297206321
33.0,224.0,1000.5421752929688,-4.38181940135786,-3.7906482585877295,1.7098404294414218,3.179839270708765,2.47262178616488,3.0036689963052408,-0.3392415610898216,1.8157727495674905,0.208613936347967,2.5003205968067155
33.0,224.0,1000.5421752929688,-4.38181940135786,-3.790649743483021,1.7098404300801202,3.17983927070842,2.472621786164881,3.003660585531525,-0.3392415622713718,1.8157745069206248,0.2086230943592127,2.500942297206321
33.0,224.0,1000.5421752929688,-4.38181940135786,-3.7906482585877295,1.7098404294414218,3.179839270708765,2.47262178616488,3.0036689963052408,-0.3392415623170312,1.8157727495674905,0.208613936347967,2.5003275760918102
33.0,224.0,1000.5421752929688,-4.38181940135786,-3.790642317210888,1.7098404300801202,3.179839270708742,2.472621786164881,3.003660719857041,-0.3392415622704881,1.815774602146065,0.2086230943592127,2.500942297206321
33.0,224.0,1000.5421752929688,-4.38181940135786,-3.790648258958945,1.7098404294414218,3.179839270708765,2.47262178616488,3.003669653757883,-0.3392415622727462,1.8157746112544355,0.208613936347967,2.500327308911464
33.0,224.0,1000.542236328125,-4.38181940135786,-3.790649297232175,1.709840430070376,3.1798392707087566,2.472621786164881,3.003660714616975,-0.3392415622704881,1.8157745069157305,0.2086137238544499,2.5003130070780712
33.0,224.0,1000.542236328125,-4.38181940135786,-3.79064929686096,1.709840430070376,3.1798392707087566,2.472621786164881,3.003660057164333,-0.3392415623147731,1.8157726452287848,0.2086137238544499,2.500313274258417
33.0,224.0,1000.5422973632812,-4.38181940135786,-3.790642452454031,1.7098404300801202,3.1798392707084204,2.472621786164881,3.003660714415029,-0.3392415622713721,1.8157745069157305,0.2086137238544499,2.5002641287197003
33.0,224.0,1000.5422973632812,-4.38181940135786,-3.790649286305214,1.7098404300801202,3.1798392707087566,2.472621786164881,3.003660714415029,-0.3392415622704881,1.8157745069157305,0.2086137238544499,2.5002641287197003
33.0,224.0,1000.5422973632812,-4.38181940135786,-3.790642452454031,1.7098404300801202,3.1798392707084204,2.472621786164881,3.003660714415029,-0.3392415622713721,1.8157745069157305,0.2086137238544499,2.5002641287197003
33.0,224.0,1000.5422973632812,-4.38181940135786,-3.790650609556749,1.7098404300801202,3.1798392707087566,2.472621786164881,3.003660714415029,-0.3392415622704881,1.8157745069157305,0.2086230943592127,2.5002641287197003
33.0,224.0,1000.5422973632812,-4.38181940135786,-3.790642452454031,1.7098404300801202,3.1798392707083942,2.472621786164881,3.003660714415029,-0.3392415622713721,1.8157745069157305,0.2086137238544499,2.5002641287197003
33.0,224.0,1000.5422973632812,-4.38181940135786,-3.790649286305214,1.7098404300801202,3.1798392707087566,2.472621786164881,3.003660714415029,-0.3392415622704881,1.8157745069157305,0.2086137238544499,2.5002641287197003
33.0,224.0,1000.5422973632812,-4.38181940135786,-3.790649297202798,1.7098404300801202,3.1798392707087566,2.472621786164881,3.003660714415029,-0.3392415622704881,1.8157745069157305,0.2086230943592127,2.5002641287197003
33.0,224.0,1000.5422973632812,-4.38181940135786,-3.790642452454031,1.7098404300801202,3.1798392707083942,2.472621786164881,3.003660714415029,-0.3392415622713721,1.8157745069157305,0.2086137238544499,2.5002641287197003
33.0,224.0,1000.5422973632812,-4.38181940135786,-3.790642452454031,1.7098404300801202,3.1798392707084204,2.472621786164881,3.003660714415029,-0.3392415622713858,1.8157745069157305,0.2086137238544499,2.5002641287197003
33.0,224.0,1000.5422973632812,-4.38181940135786,-3.790675583801018,1.7098404294414218,3.179839270708765,2.47262178616488,3.0036602492128512,-0.3392415610898216,1.8157727495674905,0.208613936347967,2.5002641287197003
33.0,224.0,1000.5422973632812,-4.38181940135786,-3.790642452454031,1.7098404300801202,3.179839270721282,2.472621786164881,3.003667892827113,-0.3392415622713721,1.815774433407348,0.2086137443030926,2.5002641287197003
33.0,225.0,1000.5420532226562,-4.38181940135786,-3.791399619586264,1.7098404294414218,3.179839270708765,2.47262178616488,3.003668488078424,-0.339241562270528,1.8157726510338543,0.2086230390980571,2.500885018000758
33.0,225.0,1000.5420532226562,-4.38181940135786,-3.791399619586264,1.7098404294414218,3.179839270708765,2.472621786164881,3.003668488078424,-0.339241562267367,1.8157726510338543,0.2086230390980571,2.5008856346343125
33.0,225.0,1000.5420532226562,-4.38181940135786,-3.791399619586264,1.7098404294414218,3.179839270708765,2.472621786164881,3.003668488078424,-0.339241562267367,1.8157726510338543,0.2086230390980571,2.500845146298976
33.0,225.0,1000.5420532226562,-4.38181940135786,-3.791399619586264,1.709840351819497,3.179839270708793,2.472621786164864,3.0036684148235206,-0.3392415628162528,1.8157726539566823,0.2086132125915031,2.5008599578616884
33.0,225.0,1000.5420532226562,-4.38181940135786,-3.790642452454031,1.7098404300704009,3.1798392707083942,2.472621786164881,3.003660837205356,-0.3392415622713721,1.8157745069157305,0.2086137241270717,2.500862349372877
33.0,225.0,1000.5420532226562,-4.38181940135786,-3.791399619586264,1.7098404294414218,3.179839270721792,2.472621786164881,3.003668488078424,-0.3392415622634411,1.8157726510338543,0.2086230390980571,2.500845146298976
33.0,225.0,1000.5420532226562,-4.38181940135786,-3.7913791580628944,1.7098404294615466,3.179839270708765,2.472621786164881,3.003660946789496,-0.339241562267367,1.8157726510338543,0.2086230381419017,2.5008856346343125
33.0,225.0,1000.5420532226562,-4.38181940135786,-3.790642452454031,1.7098404300704009,3.1798392707083942,2.472621786164881,3.003660837205356,-0.3392415610441625,1.8157745069157305,0.2086137241270717,2.500855370087783
33.0,225.0,1000.5420532226562,-4.38181940135786,-3.790642452454031,1.7098404300704009,3.1798392707083942,2.472621786164881,3.003660837205356,-0.3392415622713721,1.8157745078586585,0.2086137241270717,2.500862349372877
33.0,225.0,1000.5420532226562,-4.38181940135786,-3.791399619586264,1.7098404303448498,3.1798392707095475,2.4726217861648645,3.003668412601361,-0.3392415610705776,1.815772743477348,0.2086233763242197,2.500860261420601
33.0,225.0,1000.5420532226562,-4.38181940135786,-3.791399619586264,1.7098404294292768,3.179839270721792,2.472621786164881,3.003668488078424,-0.3392415622254228,1.8157726510338543,0.2086230390980571,2.500844237790113
33.0,225.0,1000.5420532226562,-4.38181940135786,-3.7906739349974408,1.7098404302940116,3.179839270709784,2.4726217861648814,3.003672483300215,-0.3392415623685247,1.8157726510338543,0.2086137253593646,2.5004206680550927
33.0,225.0,1000.5420532226562,-4.38181940135786,-3.7906243239135846,1.7098404301330437,3.179839270723649,2.472621786164881,3.003668457587627,-0.3392415622631017,1.8157745069157305,0.208622729160562,2.500844425883272
33.0,225.0,1000.5420532226562,-4.38181940135786,-3.791399619586264,1.7098404294414218,3.179839270708765,2.47262178616488,3.003668488078424,-0.339241562270528,1.8157726510338543,0.2086230390980571,2.500885018000758
33.0,225.0,1000.5420532226562,-4.38181940135786,-3.790649286305214,1.7098403463449732,3.179839270708746,2.472621786164881,3.003660714415029,-0.339241562270781,1.8157745069157305,0.2086137238561249,2.5008367607040665
33.0,225.0,1000.5420532226562,-4.38181940135786,-3.791399619586264,1.7098404294298628,3.1798392707220104,2.472621786164881,3.0036606430048307,-0.3392415622236895,1.8157726510338543,0.208623039089997,2.5008854678270525
33.0,225.0,1000.5420532226562,-4.38181940135786,-3.7906243239135846,1.7098404301330437,3.179839270723649,2.472621786164881,3.003668457587627,-0.3392415622631017,1.8157745069157305,0.208622729160562,2.500844425883272
33.0,225.0,1000.5420532226562,-4.38181940135786,-3.790642452454031,1.7098404300704009,3.1798392707083942,2.472621786164881,3.003660837205356,-0.3392415610441625,1.8157745069157305,0.2086137241270717,2.500855370087783
33.0,225.0,1000.5420532226562,-4.38181940135786,-3.791399619586264,1.7098404293796228,3.179839270721792,2.472621786164881,3.003668488078424,-0.3392415622254228,1.8157726510338543,0.2086230390980571,2.500844626159444
33.0,225.0,1000.5420532226562,-4.38181940135786,-3.791399619586264,1.7098404294414218,3.179839270708765,2.47262178616488,3.003668488078424,-0.339241562270528,1.8157726510338543,0.2086230390980571,2.500885018000758
33.0,225.0,1000.5420532226562,-4.38181940135786,-3.791399619586264,1.709840429448932,3.1798392707083867,2.47262178616488,3.003668488078424,-0.339241562270528,1.8157726510338543,0.2086230390980571,2.500885018000758
33.0,225.0,1000.5420532226562,-4.38181940135786,-3.7906739349974408,1.7098404300570111,3.179839270709784,2.4726217861648814,3.0036611078700526,-0.3392415623706099,1.8157726510338543,0.2086137241555447,2.5008524906692
33.0,225.0,1000.5420532226562,-4.38181940135786,-3.790642452454031,1.7098404300704009,3.1798392707083942,2.472621786164881,3.003660837205356,-0.3392415622713721,1.8157745078586585,0.2086137241270717,2.500862349372877
33.0,225.0,1000.5420532226562,-4.38181940135786,-3.790642452454031,1.7098404300704009,3.1798392707083942,2.472621786164881,3.003660837205356,-0.3392415622713721,1.8157745069157305,0.2086137241270717,2.500862349372877
33.0,225.0,1000.5420532226562,-4.38181940135786,-3.791399619586264,1.7098404294619,3.179839270721792,2.472621786164881,3.003660893931117,-0.3392415622634325,1.8157726510338543,0.2086230390980571,2.500886499227293
33.0,225.0,1000.5421142578124,-4.38181940135786,-3.791399619586264,1.7098404294414218,3.179839270708765,2.47262178616488,3.003668488078424,-0.3392415622488468,1.8157726510338543,0.2086230390980571,2.500958860514923
33.0,225.0,1000.5421142578124,-4.38181940135786,-3.791399619586264,1.7098404302970067,3.1798392707218266,2.47262178616488,3.003668488078424,-0.3392415622481374,1.8157726510338543,0.2086230390980571,2.5009432439655908
33.0,225.0,1000.5421142578124,-4.38181940135786,-3.790675583801018,1.7098404294414218,3.179839270708765,2.47262178616488,3.0036689963052408,-0.3392415610898216,1.8157727495674905,0.208613936347967,2.500891064100861
33.0,225.0,1000.5421142578124,-4.38181940135786,-3.7913946226508335,1.7098404294473428,3.1798392707083827,2.47262178616488,3.003660721142143,-0.3392415622488468,1.8157726510338543,0.208613716488867,2.500958860514923
33.0,225.0,1000.5421142578124,-4.38181940135786,-3.791399619586264,1.7098404302970067,3.1798392707221352,2.47262178616488,3.003668488078424,-0.3392415622481374,1.8157726510338543,0.2086230390980571,2.5009432439655908
33.0,225.0,1000.5421142578124,-4.38181940135786,-3.791399619586264,1.7098404303448498,3.17983927072212,2.47262178616488,3.003668488078424,-0.3392415610705776,1.815772743477348,0.2086233763242197,2.50094435662517
33.0,225.0,1000.5421142578124,-4.38181940135786,-3.791399619586264,1.7098404294414218,3.179839270708765,2.47262178616488,3.003668488078424,-0.3392415622488468,1.8157726510338543,0.2086230390980571,2.500958860514923
33.0,225.0,1000.5421142578124,-4.38181940135786,-3.7906739349974408,1.7098404302948869,3.179839270709784,2.4726217861648814,3.003672483300215,-0.3392415623685247,1.8157726510338543,0.2086137253593646,2.5003747066374395
33.0,225.0,1000.5421142578124,-4.38181940135786,-3.791399619586264,1.7098404294297744,3.179839270708765,2.47262178616488,3.003668488078424,-0.3392415622488468,1.8157726510338543,0.2086230390980571,2.500958860514923
33.0,225.0,1000.5421142578124,-4.38181940135786,-3.790642452454031,1.7098404324037786,3.179839270708405,2.472621786164881,3.003660837205356,-0.3392415622713721,1.8157745069157305,0.2086137241253967,2.500380553238399
33.0,225.0,1000.5421142578124,-4.38181940135786,-3.791399619586264,1.709840430308654,3.1798392707218266,2.47262178616488,3.003668488078424,-0.3392415622481374,1.8157726510338543,0.2086230390980571,2.5009432439655908
33.0,225.0,1000.5421142578124,-4.38181940135786,-3.790675583801018,1.7098404294414218,3.179839270708765,2.47262178616488,3.0036689963052408,-0.3392415610898216,1.8157728783607103,0.2086225866753337,2.500890680123206
33.0,225.0,1000.5421142578124,-4.38181940135786,-3.791399619586264,1.7098404302970067,3.1798392707218266,2.47262178616488,3.003668488078424,-0.339241562248176,1.8157726510338543,0.2086230390980571,2.500936029747093
33.0,225.0,1000.5421142578124,-4.38181940135786,-3.791399619586264,1.7098404303457253,3.17983927072212,2.47262178616488,3.003668488078424,-0.3392415610705776,1.815772743477348,0.2086233763242197,2.500898395207517
33.0,225.0,1000.5421142578124,-4.38181940135786,-3.7906747471949824,1.7098404294414218,3.179839270708765,2.47262178616488,3.0036689963052408,-0.3392415622044254,1.815772885188532,0.2086225776486258,2.50089073083204
33.0,225.0,1000.5421142578124,-4.38181940135786,-3.790634523585364,1.7098404324037786,3.179839270708352,2.4726217861648654,3.003661339132247,-0.3392415611844863,1.815772806241248,0.2086228214668903,2.500377671836518
33.0,225.0,1000.5421142578124,-4.38181940135786,-3.7906739349974408,1.7098404302948869,3.179839270709784,2.4726217861648814,3.003672483300215,-0.3392415623685247,1.8157726510338543,0.2086137253593646,2.5003747066374395
33.0,225.0,1000.5421142578124,-4.38181940135786,-3.791399619586264,1.7098404294414218,3.179839270708765,2.47262178616488,3.003668488078424,-0.3392415622488468,1.8157726510338543,0.2086230390980571,2.5009574722331704
33.0,225.0,1000.5421142578124,-4.38181940135786,-3.791399619586264,1.7098404294186165,3.1798392707218266,2.47262178616488,3.003668488078424,-0.3392415622481319,1.8157726510338543,0.2086230390980571,2.5009432439655908
33.0,225.0,1000.5421752929688,-4.38181940135786,-3.790649286305214,1.709840348678351,3.1798392707087566,2.472621786164881,3.003660714415029,-0.339241562270781,1.8157745069157305,0.2086137238544499,2.5003549645695884
33.0,225.0,1000.5421752929688,-4.38181940135786,-3.790649297202798,1.7098404300801202,3.1798392707087566,2.472621786164881,3.0036606002465325,-0.3392415622704881,1.8157745974945183,0.2086230943592127,2.500942297206321
33.0,225.0,1000.5421752929688,-4.38181940135786,-3.790649297202798,1.7098404300801202,3.1798392707087566,2.472621786164881,3.0036606002465325,-0.3392415622704881,1.8157745974945183,0.2086230943592127,2.500942297206321
33.0,225.0,1000.5421752929688,-4.38181940135786,-3.7906482585877295,1.7098404294414218,3.179839270708765,2.47262178616488,3.0036689963052408,-0.3392415610898216,1.8157727495674905,0.208613936347967,2.5003205968067155
33.0,225.0,1000.5421752929688,-4.38181940135786,-3.790649743483021,1.7098404300801202,3.17983927070842,2.472621786164881,3.003660585531525,-0.3392415622713718,1.8157745069206248,0.2086230943592127,2.500942297206321
33.0,225.0,1000.5421752929688,-4.38181940135786,-3.7906482585877295,1.7098404294414218,3.179839270708765,2.47262178616488,3.0036689963052408,-0.3392415623170312,1.8157727495674905,0.208613936347967,2.5003275760918102
33.0,226.0,1000.5420532226562,-4.38181940135786,-3.791399619586264,1.7098404294414218,3.179839270708765,2.47262178616488,3.003668488078424,-0.339241562270528,1.8157726510338543,0.2086230390980571,2.500885018000758
33.0,226.0,1000.5420532226562,-4.38181940135786,-3.791399619586264,1.7098404294414218,3.179839270708765,2.472621786164881,3.003668488078424,-0.339241562267367,1.8157726510338543,0.2086230390980571,2.5008856346343125
33.0,226.0,1000.5420532226562,-4.38181940135786,-3.791399619586264,1.7098404294414218,3.179839270708765,2.472621786164881,3.003668488078424,-0.339241562267367,1.8157726510338543,0.2086230390980571,2.500845146298976
33.0,226.0,1000.5420532226562,-4.38181940135786,-3.791399619586264,1.709840351819497,3.179839270708793,2.472621786164864,3.0036684148235206,-0.3392415628162528,1.8157726539566823,0.2086132125915031,2.5008599578616884
33.0,226.0,1000.5420532226562,-4.38181940135786,-3.790642452454031,1.7098404300704009,3.1798392707083942,2.472621786164881,3.003660837205356,-0.3392415622713721,1.8157745069157305,0.2086137241270717,2.500862349372877
33.0,226.0,1000.5420532226562,-4.38181940135786,-3.791399619586264,1.7098404294414218,3.179839270721792,2.472621786164881,3.003668488078424,-0.3392415622634411,1.8157726510338543,0.2086230390980571,2.500845146298976
33.0,226.0,1000.5420532226562,-4.38181940135786,-3.7913791580628944,1.7098404294615466,3.179839270708765,2.472621786164881,3.003660946789496,-0.339241562267367,1.8157726510338543,0.2086230381419017,2.5008856346343125
33.0,226.0,1000.5420532226562,-4.38181940135786,-3.790642452454031,1.7098404300704009,3.1798392707083942,2.472621786164881,3.003660837205356,-0.3392415610441625,1.8157745069157305,0.2086137241270717,2.500855370087783
33.0,226.0,1000.5420532226562,-4.38181940135786,-3.790642452454031,1.7098404300704009,3.1798392707083942,2.472621786164881,3.003660837205356,-0.3392415622713721,1.8157745078586585,0.2086137241270717,2.500862349372877
33.0,226.0,1000.5420532226562,-4.38181940135786,-3.791399619586264,1.7098404303448498,3.1798392707095475,2.4726217861648645,3.003668412601361,-0.3392415610705776,1.815772743477348,0.2086233763242197,2.500860261420601
33.0,226.0,1000.5420532226562,-4.38181940135786,-3.791399619586264,1.7098404294292768,3.179839270721792,2.472621786164881,3.003668488078424,-0.3392415622254228,1.8157726510338543,0.2086230390980571,2.500844237790113
33.0,226.0,1000.5420532226562,-4.38181940135786,-3.7906739349974408,1.7098404302940116,3.179839270709784,2.4726217861648814,3.003672483300215,-0.3392415623685247,1.8157726510338543,0.2086137253593646,2.5004206680550927
33.0,226.0,1000.5420532226562,-4.38181940135786,-3.7906243239135846,1.7098404301330437,3.179839270723649,2.472621786164881,3.003668457587627,-0.3392415622631017,1.8157745069157305,0.208622729160562,2.500844425883272
33.0,226.0,1000.5420532226562,-4.38181940135786,-3.791399619586264,1.7098404294414218,3.179839270708765,2.47262178616488,3.003668488078424,-0.339241562270528,1.8157726510338543,0.2086230390980571,2.500885018000758
33.0,226.0,1000.5420532226562,-4.38181940135786,-3.790649286305214,1.7098403463449732,3.179839270708746,2.472621786164881,3.003660714415029,-0.339241562270781,1.8157745069157305,0.2086137238561249,2.5008367607040665
33.0,226.0,1000.5420532226562,-4.38181940135786,-3.791399619586264,1.7098404294298628,3.1798392707220104,2.472621786164881,3.0036606430048307,-0.3392415622236895,1.8157726510338543,0.208623039089997,2.5008854678270525
33.0,226.0,1000.5420532226562,-4.38181940135786,-3.7906243239135846,1.7098404301330437,3.179839270723649,2.472621786164881,3.003668457587627,-0.3392415622631017,1.8157745069157305,0.208622729160562,2.500844425883272
33.0,226.0,1000.5420532226562,-4.38181940135786,-3.790642452454031,1.7098404300704009,3.1798392707083942,2.472621786164881,3.003660837205356,-0.3392415610441625,1.8157745069157305,0.2086137241270717,2.500855370087783
33.0,226.0,1000.5420532226562,-4.38181940135786,-3.791399619586264,1.7098404293796228,3.179839270721792,2.472621786164881,3.003668488078424,-0.3392415622254228,1.8157726510338543,0.2086230390980571,2.500844626159444
33.0,226.0,1000.5420532226562,-4.38181940135786,-3.791399619586264,1.7098404294414218,3.179839270708765,2.47262178616488,3.003668488078424,-0.339241562270528,1.8157726510338543,0.2086230390980571,2.500885018000758
33.0,226.0,1000.5420532226562,-4.38181940135786,-3.791399619586264,1.709840429448932,3.1798392707083867,2.47262178616488,3.003668488078424,-0.339241562270528,1.8157726510338543,0.2086230390980571,2.500885018000758
33.0,226.0,1000.5420532226562,-4.38181940135786,-3.7906739349974408,1.7098404300570111,3.179839270709784,2.4726217861648814,3.0036611078700526,-0.3392415623706099,1.8157726510338543,0.2086137241555447,2.5008524906692
33.0,226.0,1000.5420532226562,-4.38181940135786,-3.790642452454031,1.7098404300704009,3.1798392707083942,2.472621786164881,3.003660837205356,-0.3392415622713721,1.8157745078586585,0.2086137241270717,2.500862349372877
33.0,226.0,1000.5420532226562,-4.38181940135786,-3.790642452454031,1.7098404300704009,3.1798392707083942,2.472621786164881,3.003660837205356,-0.3392415622713721,1.8157745069157305,0.2086137241270717,2.500862349372877
33.0,226.0,1000.5420532226562,-4.38181940135786,-3.791399619586264,1.7098404294619,3.179839270721792,2.472621786164881,3.003660893931117,-0.3392415622634325,1.8157726510338543,0.2086230390980571,2.500886499227293
33.0,226.0,1000.5420532226562,-4.38181940135786,-3.791399619586264,1.709840429444765,3.1798392707080416,2.472621786164881,3.003660775893401,-0.3392415621896381,1.8157726076829053,0.2086230390980571,2.500845146298976
33.0,226.0,1000.5420532226562,-4.38181940135786,-3.790642452454031,1.7098404294428222,3.1798392707083942,2.472621786164881,3.003660837205356,-0.3392415622713721,1.8157726441601327,0.2086137241270717,2.500862349372877
33.0,226.0,1000.5420532226562,-4.38181940135786,-3.7906243239135846,1.7098404301153218,3.179839270723649,2.472621786164881,3.003668457587627,-0.3392415622631017,1.8157745069157305,0.208622729160562,2.500844425883272
33.0,226.0,1000.5420532226562,-4.38181940135786,-3.7914001871439287,1.7098404294615466,3.1798392707084977,2.472621786164881,3.003660946789496,-0.339241562267367,1.8157726510338543,0.2086230381583792,2.5008856346343125
33.0,226.0,1000.5420532226562,-4.38181940135786,-3.791399619586264,1.7098404294406784,3.179839270708765,2.47262178616488,3.003660656295032,-0.3392415622713403,1.8157726510338543,0.2086136091026548,2.500885018000758
33.0,226.0,1000.5420532226562,-4.38181940135786,-3.7913680014187214,1.709840429244237,3.179839270722066,2.472621786164881,3.003660837205356,-0.3392415610441625,1.8157745150477216,0.2086137241270717,2.5008553307019743
33.0,226.0,1000.5420532226562,-4.38181940135786,-3.791399619586264,1.7098404294497254,3.179839270721793,2.472621786164881,3.0036609651200257,-0.3392415622634325,1.8157726510338543,0.2086230390980571,2.500886499227293
33.0,226.0,1000.5420532226562,-4.38181940135786,-3.7906739349974408,1.7098404302948869,3.179839270722779,2.4726217861648814,3.0036722730194607,-0.3392415622594384,1.8157726510338543,0.2086137253593646,2.5008317965955813
33.0,226.0,1000.5420532226562,-4.38181940135786,-3.791409272191306,1.709840430035389,3.1798392707084084,2.47262178616488,3.003668488078424,-0.3392415610465055,1.8157726510338543,0.2086230390980571,2.500885018000758
33.0,226.0,1000.5420532226562,-4.38181940135786,-3.791399619586264,1.7098404302945387,3.179839270721827,2.472621786164881,3.003668488078424,-0.3392415622242425,1.8157726510338543,0.2086230390980571,2.500844237790113
33.0,226.0,1000.5420532226562,-4.38181940135786,-3.791399619586264,1.709840430069,3.179839270708765,2.47262178616488,3.003668488078424,-0.339241562270528,1.815774513789451,0.2086230390980571,2.500885018000758
33.0,226.0,1000.5420532226562,-4.38181940135786,-3.790670426024673,1.7098404293869705,3.179839270708765,2.472621786164881,3.003668488078424,-0.339241562267367,1.81577450090167,0.2086227749624504,2.500845146298976
33.0,226.0,1000.5420532226562,-4.38181940135786,-3.791399619586264,1.7098404294414218,3.179839270708674,2.472621786164881,3.003668488078424,-0.3392415622703004,1.8157726510338543,0.2086230390980571,2.500845146298976
33.0,226.0,1000.5420532226562,-4.38181940135786,-3.790642452454031,1.7098404300704009,3.1798392707083942,2.472621786164881,3.003660837205356,-0.3392415622713721,1.8157745078776475,0.2086137241270717,2.500862349372877
33.0,226.0,1000.5421142578124,-4.38181940135786,-3.791399619586264,1.7098404294414218,3.179839270708765,2.47262178616488,3.003668488078424,-0.3392415622488468,1.8157726510338543,0.2086230390980571,2.500958860514923
33.0,226.0,1000.5421142578124,-4.38181940135786,-3.791399619586264,1.7098404302970067,3.1798392707218266,2.47262178616488,3.003668488078424,-0.3392415622481374,1.8157726510338543,0.2086230390980571,2.5009432439655908
33.0,226.0,1000.5421142578124,-4.38181940135786,-3.790675583801018,1.7098404294414218,3.179839270708765,2.47262178616488,3.0036689963052408,-0.3392415610898216,1.8157727495674905,0.208613936347967,2.500891064100861
33.0,226.0,1000.5421142578124,-4.38181940135786,-3.7913946226508335,1.7098404294473428,3.1798392707083827,2.47262178616488,3.003660721142143,-0.3392415622488468,1.8157726510338543,0.208613716488867,2.500958860514923
33.0,226.0,1000.5421142578124,-4.38181940135786,-3.791399619586264,1.7098404302970067,3.1798392707221352,2.47262178616488,3.003668488078424,-0.3392415622481374,1.8157726510338543,0.2086230390980571,2.5009432439655908
33.0,226.0,1000.5421142578124,-4.38181940135786,-3.791399619586264,1.7098404303448498,3.17983927072212,2.47262178616488,3.003668488078424,-0.3392415610705776,1.815772743477348,0.2086233763242197,2.50094435662517
33.0,226.0,1000.5421142578124,-4.38181940135786,-3.791399619586264,1.7098404294414218,3.179839270708765,2.47262178616488,3.003668488078424,-0.3392415622488468,1.8157726510338543,0.2086230390980571,2.500958860514923
33.0,226.0,1000.5421142578124,-4.38181940135786,-3.7906739349974408,1.7098404302948869,3.179839270709784,2.4726217861648814,3.003672483300215,-0.3392415623685247,1.8157726510338543,0.2086137253593646,2.5003747066374395
33.0,226.0,1000.5421142578124,-4.38181940135786,-3.791399619586264,1.7098404294297744,3.179839270708765,2.47262178616488,3.003668488078424,-0.3392415622488468,1.8157726510338543,0.2086230390980571,2.500958860514923
33.0,226.0,1000.5421142578124,-4.38181940135786,-3.790642452454031,1.7098404324037786,3.179839270708405,2.472621786164881,3.003660837205356,-0.3392415622713721,1.8157745069157305,0.2086137241253967,2.500380553238399
33.0,226.0,1000.5421142578124,-4.38181940135786,-3.791399619586264,1.709840430308654,3.1798392707218266,2.47262178616488,3.003668488078424,-0.3392415622481374,1.8157726510338543,0.2086230390980571,2.5009432439655908
33.0,227.0,1000.5420532226562,-4.38181940135786,-3.791399619586264,1.7098404294414218,3.179839270708765,2.47262178616488,3.003668488078424,-0.339241562270528,1.8157726510338543,0.2086230390980571,2.500885018000758
33.0,227.0,1000.5420532226562,-4.38181940135786,-3.791399619586264,1.7098404294414218,3.179839270708765,2.472621786164881,3.003668488078424,-0.339241562267367,1.8157726510338543,0.2086230390980571,2.5008856346343125
33.0,227.0,1000.5420532226562,-4.38181940135786,-3.791399619586264,1.7098404294414218,3.179839270708765,2.472621786164881,3.003668488078424,-0.339241562267367,1.8157726510338543,0.2086230390980571,2.500845146298976
33.0,227.0,1000.5420532226562,-4.38181940135786,-3.791399619586264,1.709840351819497,3.179839270708793,2.472621786164864,3.0036684148235206,-0.3392415628162528,1.8157726539566823,0.2086132125915031,2.5008599578616884
33.0,227.0,1000.5420532226562,-4.38181940135786,-3.790642452454031,1.7098404300704009,3.1798392707083942,2.472621786164881,3.003660837205356,-0.3392415622713721,1.8157745069157305,0.2086137241270717,2.500862349372877
33.0,227.0,1000.5420532226562,-4.38181940135786,-3.791399619586264,1.7098404294414218,3.179839270721792,2.472621786164881,3.003668488078424,-0.3392415622634411,1.8157726510338543,0.2086230390980571,2.500845146298976
33.0,227.0,1000.5420532226562,-4.38181940135786,-3.7913791580628944,1.7098404294615466,3.179839270708765,2.472621786164881,3.003660946789496,-0.339241562267367,1.8157726510338543,0.2086230381419017,2.5008856346343125
33.0,227.0,1000.5420532226562,-4.38181940135786,-3.790642452454031,1.7098404300704009,3.1798392707083942,2.472621786164881,3.003660837205356,-0.3392415610441625,1.8157745069157305,0.2086137241270717,2.500855370087783
33.0,227.0,1000.5420532226562,-4.38181940135786,-3.790642452454031,1.7098404300704009,3.1798392707083942,2.472621786164881,3.003660837205356,-0.3392415622713721,1.8157745078586585,0.2086137241270717,2.500862349372877
33.0,227.0,1000.5420532226562,-4.38181940135786,-3.791399619586264,1.7098404303448498,3.1798392707095475,2.4726217861648645,3.003668412601361,-0.3392415610705776,1.815772743477348,0.2086233763242197,2.500860261420601
33.0,227.0,1000.5420532226562,-4.38181940135786,-3.791399619586264,1.7098404294292768,3.179839270721792,2.472621786164881,3.003668488078424,-0.3392415622254228,1.8157726510338543,0.2086230390980571,2.500844237790113
33.0,227.0,1000.5420532226562,-4.38181940135786,-3.7906739349974408,1.7098404302940116,3.179839270709784,2.4726217861648814,3.003672483300215,-0.3392415623685247,1.8157726510338543,0.2086137253593646,2.5004206680550927
33.0,227.0,1000.5420532226562,-4.38181940135786,-3.7906243239135846,1.7098404301330437,3.179839270723649,2.472621786164881,3.003668457587627,-0.3392415622631017,1.8157745069157305,0.208622729160562,2.500844425883272
33.0,227.0,1000.5420532226562,-4.38181940135786,-3.791399619586264,1.7098404294414218,3.179839270708765,2.47262178616488,3.003668488078424,-0.339241562270528,1.8157726510338543,0.2086230390980571,2.500885018000758
33.0,227.0,1000.5420532226562,-4.38181940135786,-3.790649286305214,1.7098403463449732,3.179839270708746,2.472621786164881,3.003660714415029,-0.339241562270781,1.8157745069157305,0.2086137238561249,2.5008367607040665
33.0,227.0,1000.5420532226562,-4.38181940135786,-3.791399619586264,1.7098404294298628,3.1798392707220104,2.472621786164881,3.0036606430048307,-0.3392415622236895,1.8157726510338543,0.208623039089997,2.5008854678270525
33.0,227.0,1000.5420532226562,-4.38181940135786,-3.7906243239135846,1.7098404301330437,3.179839270723649,2.472621786164881,3.003668457587627,-0.3392415622631017,1.8157745069157305,0.208622729160562,2.500844425883272
33.0,227.0,1000.5420532226562,-4.38181940135786,-3.790642452454031,1.7098404300704009,3.1798392707083942,2.472621786164881,3.003660837205356,-0.3392415610441625,1.8157745069157305,0.2086137241270717,2.500855370087783
33.0,227.0,1000.5420532226562,-4.38181940135786,-3.791399619586264,1.7098404293796228,3.179839270721792,2.472621786164881,3.003668488078424,-0.3392415622254228,1.8157726510338543,0.2086230390980571,2.500844626159444
33.0,227.0,1000.5420532226562,-4.38181940135786,-3.791399619586264,1.7098404294414218,3.179839270708765,2.47262178616488,3.003668488078424,-0.339241562270528,1.8157726510338543,0.2086230390980571,2.500885018000758
33.0,227.0,1000.5420532226562,-4.38181940135786,-3.791399619586264,1.709840429448932,3.1798392707083867,2.47262178616488,3.003668488078424,-0.339241562270528,1.8157726510338543,0.2086230390980571,2.500885018000758
33.0,227.0,1000.5420532226562,-4.38181940135786,-3.7906739349974408,1.7098404300570111,3.179839270709784,2.4726217861648814,3.0036611078700526,-0.3392415623706099,1.8157726510338543,0.2086137241555447,2.5008524906692
33.0,227.0,1000.5420532226562,-4.38181940135786,-3.790642452454031,1.7098404300704009,3.1798392707083942,2.472621786164881,3.003660837205356,-0.3392415622713721,1.8157745078586585,0.2086137241270717,2.500862349372877
33.0,227.0,1000.5420532226562,-4.38181940135786,-3.790642452454031,1.7098404300704009,3.1798392707083942,2.472621786164881,3.003660837205356,-0.3392415622713721,1.8157745069157305,0.2086137241270717,2.500862349372877
33.0,227.0,1000.5420532226562,-4.38181940135786,-3.791399619586264,1.7098404294619,3.179839270721792,2.472621786164881,3.003660893931117,-0.3392415622634325,1.8157726510338543,0.2086230390980571,2.500886499227293
33.0,227.0,1000.5420532226562,-4.38181940135786,-3.791399619586264,1.709840429444765,3.1798392707080416,2.472621786164881,3.003660775893401,-0.3392415621896381,1.8157726076829053,0.2086230390980571,2.500845146298976
33.0,227.0,1000.5420532226562,-4.38181940135786,-3.790642452454031,1.7098404294428222,3.1798392707083942,2.472621786164881,3.003660837205356,-0.3392415622713721,1.8157726441601327,0.2086137241270717,2.500862349372877
33.0,227.0,1000.5420532226562,-4.38181940135786,-3.7906243239135846,1.7098404301153218,3.179839270723649,2.472621786164881,3.003668457587627,-0.3392415622631017,1.8157745069157305,0.208622729160562,2.500844425883272
33.0,227.0,1000.5420532226562,-4.38181940135786,-3.7914001871439287,1.7098404294615466,3.1798392707084977,2.472621786164881,3.003660946789496,-0.339241562267367,1.8157726510338543,0.2086230381583792,2.5008856346343125
33.0,227.0,1000.5420532226562,-4.38181940135786,-3.791399619586264,1.7098404294406784,3.179839270708765,2.47262178616488,3.003660656295032,-0.3392415622713403,1.8157726510338543,0.2086136091026548,2.500885018000758
33.0,227.0,1000.5420532226562,-4.38181940135786,-3.7913680014187214,1.709840429244237,3.179839270722066,2.472621786164881,3.003660837205356,-0.3392415610441625,1.8157745150477216,0.2086137241270717,2.5008553307019743
33.0,227.0,1000.5420532226562,-4.38181940135786,-3.791399619586264,1.7098404294497254,3.179839270721793,2.472621786164881,3.0036609651200257,-0.3392415622634325,1.8157726510338543,0.2086230390980571,2.500886499227293
33.0,227.0,1000.5420532226562,-4.38181940135786,-3.7906739349974408,1.7098404302948869,3.179839270722779,2.4726217861648814,3.0036722730194607,-0.3392415622594384,1.8157726510338543,0.2086137253593646,2.5008317965955813
33.0,227.0,1000.5420532226562,-4.38181940135786,-3.791409272191306,1.709840430035389,3.1798392707084084,2.47262178616488,3.003668488078424,-0.3392415610465055,1.8157726510338543,0.2086230390980571,2.500885018000758
33.0,227.0,1000.5420532226562,-4.38181940135786,-3.791399619586264,1.7098404302945387,3.179839270721827,2.472621786164881,3.003668488078424,-0.3392415622242425,1.8157726510338543,0.2086230390980571,2.500844237790113
33.0,227.0,1000.5420532226562,-4.38181940135786,-3.791399619586264,1.709840430069,3.179839270708765,2.47262178616488,3.003668488078424,-0.339241562270528,1.815774513789451,0.2086230390980571,2.500885018000758
33.0,227.0,1000.5420532226562,-4.38181940135786,-3.790670426024673,1.7098404293869705,3.179839270708765,2.472621786164881,3.003668488078424,-0.339241562267367,1.81577450090167,0.2086227749624504,2.500845146298976
33.0,227.0,1000.5420532226562,-4.38181940135786,-3.791399619586264,1.7098404294414218,3.179839270708674,2.472621786164881,3.003668488078424,-0.3392415622703004,1.8157726510338543,0.2086230390980571,2.500845146298976
33.0,227.0,1000.5420532226562,-4.38181940135786,-3.790642452454031,1.7098404300704009,3.1798392707083942,2.472621786164881,3.003660837205356,-0.3392415622713721,1.8157745078776475,0.2086137241270717,2.500862349372877
33.0,227.0,1000.5420532226562,-4.38181940135786,-3.7906243239135846,1.709840430114503,3.179839270723649,2.472621786164881,3.003668457587627,-0.3392415622631017,1.8157745069157305,0.208622729160562,2.500844425883272
33.0,227.0,1000.5420532226562,-4.38181940135786,-3.790642452454031,1.7098404294304916,3.1798392707083942,2.472621786164881,3.0036608289813707,-0.3392415622713776,1.8157745078586585,0.2086137241270717,2.500862349372877
33.0,227.0,1000.5420532226562,-4.38181940135786,-3.791399619586264,1.7098404294298628,3.1798392707220104,2.472621786164881,3.0036606430048307,-0.3392415622236895,1.8157726510338543,0.2086230390899154,2.5008854678270525
33.0,227.0,1000.5420532226562,-4.38181940135786,-3.7906752117536895,1.709840430295558,3.1798392707083942,2.472621786164881,3.003660837205356,-0.3392415610441625,1.8157745673995056,0.2086137241270717,2.500855370087783
33.0,227.0,1000.5420532226562,-4.38181940135786,-3.791376894955498,1.7098404294428222,3.179839270708121,2.472621786164881,3.003660833508781,-0.3392415622713115,1.8157726441601327,0.2086134725461683,2.500862353142228
33.0,227.0,1000.5420532226562,-4.38181940135786,-3.791399619586264,1.709840429444765,3.1798392707080416,2.472621786164881,3.003660775893401,-0.3392415621896381,1.8157726076829053,0.2086230390980571,2.500845146298976
33.0,227.0,1000.5420532226562,-4.38181940135786,-3.790642452454031,1.7098404300619665,3.17983927070874,2.472621786164881,3.003668886311695,-0.3392415610441625,1.8157745069157305,0.2086137241270717,2.500855370087783
33.0,227.0,1000.5420532226562,-4.38181940135786,-3.791399619586264,1.709840351819497,3.179839270708768,2.472621786164864,3.0036684907645275,-0.3392415610538416,1.815772651023,0.2086132125915031,2.5008599578616884
33.0,227.0,1000.5420532226562,-4.38181940135786,-3.791399619586264,1.7098404294631833,3.1798392707220104,2.472621786164881,3.0036606430048307,-0.3392415622236895,1.8157727053620032,0.2086231541116818,2.5008854678270525
33.0,227.0,1000.5420532226562,-4.38181940135786,-3.791399619586264,1.7098404302945387,3.179839270708249,2.472621786164881,3.0036606455736408,-0.3392415622242425,1.8157726510338543,0.2086230392047941,2.500844237790113
33.0,227.0,1000.5420532226562,-4.38181940135786,-3.790642452454031,1.7098404300704009,3.17983927070838,2.472621786164881,3.003660837205356,-0.3392415622713721,1.8157745078776475,0.2086233749678867,2.500845391302937
33.0,228.0,1000.5420532226562,-4.38181940135786,-3.791399619586264,1.7098404294414218,3.179839270708765,2.47262178616488,3.003668488078424,-0.339241562270528,1.8157726510338543,0.2086230390980571,2.500885018000758
33.0,228.0,1000.5420532226562,-4.38181940135786,-3.791399619586264,1.7098404294414218,3.179839270708765,2.472621786164881,3.003668488078424,-0.339241562267367,1.8157726510338543,0.2086230390980571,2.5008856346343125
33.0,228.0,1000.5420532226562,-4.38181940135786,-3.791399619586264,1.7098404294414218,3.179839270708765,2.472621786164881,3.003668488078424,-0.339241562267367,1.8157726510338543,0.2086230390980571,2.500845146298976
33.0,228.0,1000.5420532226562,-4.38181940135786,-3.791399619586264,1.709840351819497,3.179839270708793,2.472621786164864,3.0036684148235206,-0.3392415628162528,1.8157726539566823,0.2086132125915031,2.5008599578616884
33.0,228.0,1000.5420532226562,-4.38181940135786,-3.790642452454031,1.7098404300704009,3.1798392707083942,2.472621786164881,3.003660837205356,-0.3392415622713721,1.8157745069157305,0.2086137241270717,2.500862349372877
33.0,228.0,1000.5420532226562,-4.38181940135786,-3.791399619586264,1.7098404294414218,3.179839270721792,2.472621786164881,3.003668488078424,-0.3392415622634411,1.8157726510338543,0.2086230390980571,2.500845146298976
33.0,228.0,1000.5420532226562,-4.38181940135786,-3.7913791580628944,1.7098404294615466,3.179839270708765,2.472621786164881,3.003660946789496,-0.339241562267367,1.8157726510338543,0.2086230381419017,2.5008856346343125
33.0,228.0,1000.5420532226562,-4.38181940135786,-3.790642452454031,1.7098404300704009,3.1798392707083942,2.472621786164881,3.003660837205356,-0.3392415610441625,1.8157745069157305,0.2086137241270717,2.500855370087783
33.0,228.0,1000.5420532226562,-4.38181940135786,-3.790642452454031,1.7098404300704009,3.1798392707083942,2.472621786164881,3.003660837205356,-0.3392415622713721,1.8157745078586585,0.2086137241270717,2.500862349372877
33.0,228.0,1000.5420532226562,-4.38181940135786,-3.791399619586264,1.7098404303448498,3.1798392707095475,2.4726217861648645,3.003668412601361,-0.3392415610705776,1.815772743477348,0.2086233763242197,2.500860261420601
33.0,228.0,1000.5420532226562,-4.38181940135786,-3.791399619586264,1.7098404294292768,3.179839270721792,2.472621786164881,3.003668488078424,-0.3392415622254228,1.8157726510338543,0.2086230390980571,2.500844237790113
33.0,228.0,1000.5420532226562,-4.38181940135786,-3.7906739349974408,1.7098404302940116,3.179839270709784,2.4726217861648814,3.003672483300215,-0.3392415623685247,1.8157726510338543,0.2086137253593646,2.5004206680550927
33.0,228.0,1000.5420532226562,-4.38181940135786,-3.7906243239135846,1.7098404301330437,3.179839270723649,2.472621786164881,3.003668457587627,-0.3392415622631017,1.8157745069157305,0.208622729160562,2.500844425883272
33.0,228.0,1000.5420532226562,-4.38181940135786,-3.791399619586264,1.7098404294414218,3.179839270708765,2.47262178616488,3.003668488078424,-0.339241562270528,1.8157726510338543,0.2086230390980571,2.500885018000758
33.0,228.0,1000.5420532226562,-4.38181940135786,-3.790649286305214,1.7098403463449732,3.179839270708746,2.472621786164881,3.003660714415029,-0.339241562270781,1.8157745069157305,0.2086137238561249,2.5008367607040665
33.0,228.0,1000.5420532226562,-4.38181940135786,-3.791399619586264,1.7098404294298628,3.1798392707220104,2.472621786164881,3.0036606430048307,-0.3392415622236895,1.8157726510338543,0.208623039089997,2.5008854678270525
33.0,228.0,1000.5420532226562,-4.38181940135786,-3.7906243239135846,1.7098404301330437,3.179839270723649,2.472621786164881,3.003668457587627,-0.3392415622631017,1.8157745069157305,0.208622729160562,2.500844425883272
33.0,228.0,1000.5420532226562,-4.38181940135786,-3.790642452454031,1.7098404300704009,3.1798392707083942,2.472621786164881,3.003660837205356,-0.3392415610441625,1.8157745069157305,0.2086137241270717,2.500855370087783
33.0,228.0,1000.5420532226562,-4.38181940135786,-3.791399619586264,1.7098404293796228,3.179839270721792,2.472621786164881,3.003668488078424,-0.3392415622254228,1.8157726510338543,0.2086230390980571,2.500844626159444
33.0,228.0,1000.5420532226562,-4.38181940135786,-3.791399619586264,1.7098404294414218,3.179839270708765,2.47262178616488,3.003668488078424,-0.339241562270528,1.8157726510338543,0.2086230390980571,2.500885018000758
33.0,228.0,1000.5420532226562,-4.38181940135786,-3.791399619586264,1.709840429448932,3.1798392707083867,2.47262178616488,3.003668488078424,-0.339241562270528,1.8157726510338543,0.2086230390980571,2.500885018000758
33.0,228.0,1000.5420532226562,-4.38181940135786,-3.7906739349974408,1.7098404300570111,3.179839270709784,2.4726217861648814,3.0036611078700526,-0.3392415623706099,1.8157726510338543,0.2086137241555447,2.5008524906692
33.0,228.0,1000.5420532226562,-4.38181940135786,-3.790642452454031,1.7098404300704009,3.1798392707083942,2.472621786164881,3.003660837205356,-0.3392415622713721,1.8157745078586585,0.2086137241270717,2.500862349372877
33.0,228.0,1000.5420532226562,-4.38181940135786,-3.790642452454031,1.7098404300704009,3.1798392707083942,2.472621786164881,3.003660837205356,-0.3392415622713721,1.8157745069157305,0.2086137241270717,2.500862349372877
33.0,228.0,1000.5420532226562,-4.38181940135786,-3.791399619586264,1.7098404294619,3.179839270721792,2.472621786164881,3.003660893931117,-0.3392415622634325,1.8157726510338543,0.2086230390980571,2.500886499227293
33.0,228.0,1000.5420532226562,-4.38181940135786,-3.791399619586264,1.709840429444765,3.1798392707080416,2.472621786164881,3.003660775893401,-0.3392415621896381,1.8157726076829053,0.2086230390980571,2.500845146298976
33.0,228.0,1000.5420532226562,-4.38181940135786,-3.790642452454031,1.7098404294428222,3.1798392707083942,2.472621786164881,3.003660837205356,-0.3392415622713721,1.8157726441601327,0.2086137241270717,2.500862349372877
33.0,228.0,1000.5420532226562,-4.38181940135786,-3.7906243239135846,1.7098404301153218,3.179839270723649,2.472621786164881,3.003668457587627,-0.3392415622631017,1.8157745069157305,0.208622729160562,2.500844425883272
33.0,228.0,1000.5420532226562,-4.38181940135786,-3.7914001871439287,1.7098404294615466,3.1798392707084977,2.472621786164881,3.003660946789496,-0.339241562267367,1.8157726510338543,0.2086230381583792,2.5008856346343125
33.0,228.0,1000.5420532226562,-4.38181940135786,-3.791399619586264,1.7098404294406784,3.179839270708765,2.47262178616488,3.003660656295032,-0.3392415622713403,1.8157726510338543,0.2086136091026548,2.500885018000758
33.0,228.0,1000.5420532226562,-4.38181940135786,-3.7913680014187214,1.709840429244237,3.179839270722066,2.472621786164881,3.003660837205356,-0.3392415610441625,1.8157745150477216,0.2086137241270717,2.5008553307019743
33.0,228.0,1000.5420532226562,-4.38181940135786,-3.791399619586264,1.7098404294497254,3.179839270721793,2.472621786164881,3.0036609651200257,-0.3392415622634325,1.8157726510338543,0.2086230390980571,2.500886499227293
33.0,228.0,1000.5420532226562,-4.38181940135786,-3.7906739349974408,1.7098404302948869,3.179839270722779,2.4726217861648814,3.0036722730194607,-0.3392415622594384,1.8157726510338543,0.2086137253593646,2.5008317965955813
33.0,228.0,1000.5420532226562,-4.38181940135786,-3.791409272191306,1.709840430035389,3.1798392707084084,2.47262178616488,3.003668488078424,-0.3392415610465055,1.8157726510338543,0.2086230390980571,2.500885018000758
33.0,228.0,1000.5420532226562,-4.38181940135786,-3.791399619586264,1.7098404302945387,3.179839270721827,2.472621786164881,3.003668488078424,-0.3392415622242425,1.8157726510338543,0.2086230390980571,2.500844237790113
33.0,228.0,1000.5420532226562,-4.38181940135786,-3.791399619586264,1.709840430069,3.179839270708765,2.47262178616488,3.003668488078424,-0.339241562270528,1.815774513789451,0.2086230390980571,2.500885018000758
33.0,228.0,1000.5420532226562,-4.38181940135786,-3.790670426024673,1.7098404293869705,3.179839270708765,2.472621786164881,3.003668488078424,-0.339241562267367,1.81577450090167,0.2086227749624504,2.500845146298976
33.0,228.0,1000.5420532226562,-4.38181940135786,-3.791399619586264,1.7098404294414218,3.179839270708674,2.472621786164881,3.003668488078424,-0.3392415622703004,1.8157726510338543,0.2086230390980571,2.500845146298976
33.0,228.0,1000.5420532226562,-4.38181940135786,-3.790642452454031,1.7098404300704009,3.1798392707083942,2.472621786164881,3.003660837205356,-0.3392415622713721,1.8157745078776475,0.2086137241270717,2.500862349372877
33.0,228.0,1000.5420532226562,-4.38181940135786,-3.7906243239135846,1.709840430114503,3.179839270723649,2.472621786164881,3.003668457587627,-0.3392415622631017,1.8157745069157305,0.208622729160562,2.500844425883272
33.0,228.0,1000.5420532226562,-4.38181940135786,-3.790642452454031,1.7098404294304916,3.1798392707083942,2.472621786164881,3.0036608289813707,-0.3392415622713776,1.8157745078586585,0.2086137241270717,2.500862349372877
33.0,228.0,1000.5420532226562,-4.38181940135786,-3.791399619586264,1.7098404294298628,3.1798392707220104,2.472621786164881,3.0036606430048307,-0.3392415622236895,1.8157726510338543,0.2086230390899154,2.5008854678270525
33.0,228.0,1000.5420532226562,-4.38181940135786,-3.7906752117536895,1.709840430295558,3.1798392707083942,2.472621786164881,3.003660837205356,-0.3392415610441625,1.8157745673995056,0.2086137241270717,2.500855370087783
33.0,228.0,1000.5420532226562,-4.38181940135786,-3.791376894955498,1.7098404294428222,3.179839270708121,2.472621786164881,3.003660833508781,-0.3392415622713115,1.8157726441601327,0.2086134725461683,2.500862353142228
33.0,228.0,1000.5420532226562,-4.38181940135786,-3.791399619586264,1.709840429444765,3.1798392707080416,2.472621786164881,3.003660775893401,-0.3392415621896381,1.8157726076829053,0.2086230390980571,2.500845146298976
33.0,228.0,1000.5420532226562,-4.38181940135786,-3.790642452454031,1.7098404300619665,3.17983927070874,2.472621786164881,3.003668886311695,-0.3392415610441625,1.8157745069157305,0.2086137241270717,2.500855370087783
33.0,228.0,1000.5420532226562,-4.38181940135786,-3.791399619586264,1.709840351819497,3.179839270708768,2.472621786164864,3.0036684907645275,-0.3392415610538416,1.815772651023,0.2086132125915031,2.5008599578616884
33.0,228.0,1000.5420532226562,-4.38181940135786,-3.791399619586264,1.7098404294631833,3.1798392707220104,2.472621786164881,3.0036606430048307,-0.3392415622236895,1.8157727053620032,0.2086231541116818,2.5008854678270525
33.0,228.0,1000.5420532226562,-4.38181940135786,-3.791399619586264,1.7098404302945387,3.179839270708249,2.472621786164881,3.0036606455736408,-0.3392415622242425,1.8157726510338543,0.2086230392047941,2.500844237790113
33.0,228.0,1000.5420532226562,-4.38181940135786,-3.790642452454031,1.7098404300704009,3.17983927070838,2.472621786164881,3.003660837205356,-0.3392415622713721,1.8157745078776475,0.2086233749678867,2.500845391302937
33.0,229.0,1000.5420532226562,-4.38181940135786,-3.791399619586264,1.7098404294414218,3.179839270708765,2.47262178616488,3.003668488078424,-0.339241562270528,1.8157726510338543,0.2086230390980571,2.500885018000758
33.0,229.0,1000.5420532226562,-4.38181940135786,-3.791399619586264,1.7098404294414218,3.179839270708765,2.472621786164881,3.003668488078424,-0.339241562267367,1.8157726510338543,0.2086230390980571,2.5008856346343125
33.0,229.0,1000.5420532226562,-4.38181940135786,-3.791399619586264,1.7098404294414218,3.179839270708765,2.472621786164881,3.003668488078424,-0.339241562267367,1.8157726510338543,0.2086230390980571,2.500845146298976
33.0,229.0,1000.5420532226562,-4.38181940135786,-3.791399619586264,1.709840351819497,3.179839270708793,2.472621786164864,3.0036684148235206,-0.3392415628162528,1.8157726539566823,0.2086132125915031,2.5008599578616884
33.0,229.0,1000.5420532226562,-4.38181940135786,-3.790642452454031,1.7098404300704009,3.1798392707083942,2.472621786164881,3.003660837205356,-0.3392415622713721,1.8157745069157305,0.2086137241270717,2.500862349372877
33.0,229.0,1000.5420532226562,-4.38181940135786,-3.791399619586264,1.7098404294414218,3.179839270721792,2.472621786164881,3.003668488078424,-0.3392415622634411,1.8157726510338543,0.2086230390980571,2.500845146298976
33.0,229.0,1000.5420532226562,-4.38181940135786,-3.7913791580628944,1.7098404294615466,3.179839270708765,2.472621786164881,3.003660946789496,-0.339241562267367,1.8157726510338543,0.2086230381419017,2.5008856346343125
33.0,229.0,1000.5420532226562,-4.38181940135786,-3.790642452454031,1.7098404300704009,3.1798392707083942,2.472621786164881,3.003660837205356,-0.3392415610441625,1.8157745069157305,0.2086137241270717,2.500855370087783
33.0,229.0,1000.5420532226562,-4.38181940135786,-3.790642452454031,1.7098404300704009,3.1798392707083942,2.472621786164881,3.003660837205356,-0.3392415622713721,1.8157745078586585,0.2086137241270717,2.500862349372877
33.0,229.0,1000.5420532226562,-4.38181940135786,-3.791399619586264,1.7098404303448498,3.1798392707095475,2.4726217861648645,3.003668412601361,-0.3392415610705776,1.815772743477348,0.2086233763242197,2.500860261420601
33.0,229.0,1000.5420532226562,-4.38181940135786,-3.791399619586264,1.7098404294292768,3.179839270721792,2.472621786164881,3.003668488078424,-0.3392415622254228,1.8157726510338543,0.2086230390980571,2.500844237790113
33.0,229.0,1000.5420532226562,-4.38181940135786,-3.7906739349974408,1.7098404302940116,3.179839270709784,2.4726217861648814,3.003672483300215,-0.3392415623685247,1.8157726510338543,0.2086137253593646,2.5004206680550927
33.0,229.0,1000.5420532226562,-4.38181940135786,-3.7906243239135846,1.7098404301330437,3.179839270723649,2.472621786164881,3.003668457587627,-0.3392415622631017,1.8157745069157305,0.208622729160562,2.500844425883272
33.0,229.0,1000.5420532226562,-4.38181940135786,-3.791399619586264,1.7098404294414218,3.179839270708765,2.47262178616488,3.003668488078424,-0.339241562270528,1.8157726510338543,0.2086230390980571,2.500885018000758
33.0,229.0,1000.5420532226562,-4.38181940135786,-3.790649286305214,1.7098403463449732,3.179839270708746,2.472621786164881,3.003660714415029,-0.339241562270781,1.8157745069157305,0.2086137238561249,2.5008367607040665
33.0,229.0,1000.5420532226562,-4.38181940135786,-3.791399619586264,1.7098404294298628,3.1798392707220104,2.472621786164881,3.0036606430048307,-0.3392415622236895,1.8157726510338543,0.208623039089997,2.5008854678270525
33.0,229.0,1000.5420532226562,-4.38181940135786,-3.7906243239135846,1.7098404301330437,3.179839270723649,2.472621786164881,3.003668457587627,-0.3392415622631017,1.8157745069157305,0.208622729160562,2.500844425883272
33.0,229.0,1000.5420532226562,-4.38181940135786,-3.790642452454031,1.7098404300704009,3.1798392707083942,2.472621786164881,3.003660837205356,-0.3392415610441625,1.8157745069157305,0.2086137241270717,2.500855370087783
33.0,229.0,1000.5420532226562,-4.38181940135786,-3.791399619586264,1.7098404293796228,3.179839270721792,2.472621786164881,3.003668488078424,-0.3392415622254228,1.8157726510338543,0.2086230390980571,2.500844626159444
33.0,229.0,1000.5420532226562,-4.38181940135786,-3.791399619586264,1.7098404294414218,3.179839270708765,2.47262178616488,3.003668488078424,-0.339241562270528,1.8157726510338543,0.2086230390980571,2.500885018000758
33.0,229.0,1000.5420532226562,-4.38181940135786,-3.791399619586264,1.709840429448932,3.1798392707083867,2.47262178616488,3.003668488078424,-0.339241562270528,1.8157726510338543,0.2086230390980571,2.500885018000758
33.0,229.0,1000.5420532226562,-4.38181940135786,-3.7906739349974408,1.7098404300570111,3.179839270709784,2.4726217861648814,3.0036611078700526,-0.3392415623706099,1.8157726510338543,0.2086137241555447,2.5008524906692
33.0,229.0,1000.5420532226562,-4.38181940135786,-3.790642452454031,1.7098404300704009,3.1798392707083942,2.472621786164881,3.003660837205356,-0.3392415622713721,1.8157745078586585,0.2086137241270717,2.500862349372877
33.0,229.0,1000.5420532226562,-4.38181940135786,-3.790642452454031,1.7098404300704009,3.1798392707083942,2.472621786164881,3.003660837205356,-0.3392415622713721,1.8157745069157305,0.2086137241270717,2.500862349372877
33.0,229.0,1000.5420532226562,-4.38181940135786,-3.791399619586264,1.7098404294619,3.179839270721792,2.472621786164881,3.003660893931117,-0.3392415622634325,1.8157726510338543,0.2086230390980571,2.500886499227293
33.0,229.0,1000.5420532226562,-4.38181940135786,-3.791399619586264,1.709840429444765,3.1798392707080416,2.472621786164881,3.003660775893401,-0.3392415621896381,1.8157726076829053,0.2086230390980571,2.500845146298976
33.0,229.0,1000.5420532226562,-4.38181940135786,-3.790642452454031,1.7098404294428222,3.1798392707083942,2.472621786164881,3.003660837205356,-0.3392415622713721,1.8157726441601327,0.2086137241270717,2.500862349372877
33.0,229.0,1000.5420532226562,-4.38181940135786,-3.7906243239135846,1.7098404301153218,3.179839270723649,2.472621786164881,3.003668457587627,-0.3392415622631017,1.8157745069157305,0.208622729160562,2.500844425883272
33.0,229.0,1000.5420532226562,-4.38181940135786,-3.7914001871439287,1.7098404294615466,3.1798392707084977,2.472621786164881,3.003660946789496,-0.339241562267367,1.8157726510338543,0.2086230381583792,2.5008856346343125
33.0,229.0,1000.5420532226562,-4.38181940135786,-3.791399619586264,1.7098404294406784,3.179839270708765,2.47262178616488,3.003660656295032,-0.3392415622713403,1.8157726510338543,0.2086136091026548,2.500885018000758
33.0,229.0,1000.5420532226562,-4.38181940135786,-3.7913680014187214,1.709840429244237,3.179839270722066,2.472621786164881,3.003660837205356,-0.3392415610441625,1.8157745150477216,0.2086137241270717,2.5008553307019743
33.0,229.0,1000.5420532226562,-4.38181940135786,-3.791399619586264,1.7098404294497254,3.179839270721793,2.472621786164881,3.0036609651200257,-0.3392415622634325,1.8157726510338543,0.2086230390980571,2.500886499227293
33.0,229.0,1000.5420532226562,-4.38181940135786,-3.7906739349974408,1.7098404302948869,3.179839270722779,2.4726217861648814,3.0036722730194607,-0.3392415622594384,1.8157726510338543,0.2086137253593646,2.5008317965955813
33.0,229.0,1000.5420532226562,-4.38181940135786,-3.791409272191306,1.709840430035389,3.1798392707084084,2.47262178616488,3.003668488078424,-0.3392415610465055,1.8157726510338543,0.2086230390980571,2.500885018000758
33.0,229.0,1000.5420532226562,-4.38181940135786,-3.791399619586264,1.7098404302945387,3.179839270721827,2.472621786164881,3.003668488078424,-0.3392415622242425,1.8157726510338543,0.2086230390980571,2.500844237790113
33.0,229.0,1000.5420532226562,-4.38181940135786,-3.791399619586264,1.709840430069,3.179839270708765,2.47262178616488,3.003668488078424,-0.339241562270528,1.815774513789451,0.2086230390980571,2.500885018000758
33.0,229.0,1000.5420532226562,-4.38181940135786,-3.790670426024673,1.7098404293869705,3.179839270708765,2.472621786164881,3.003668488078424,-0.339241562267367,1.81577450090167,0.2086227749624504,2.500845146298976
33.0,229.0,1000.5420532226562,-4.38181940135786,-3.791399619586264,1.7098404294414218,3.179839270708674,2.472621786164881,3.003668488078424,-0.3392415622703004,1.8157726510338543,0.2086230390980571,2.500845146298976
33.0,229.0,1000.5420532226562,-4.38181940135786,-3.790642452454031,1.7098404300704009,3.1798392707083942,2.472621786164881,3.003660837205356,-0.3392415622713721,1.8157745078776475,0.2086137241270717,2.500862349372877
33.0,229.0,1000.5420532226562,-4.38181940135786,-3.7906243239135846,1.709840430114503,3.179839270723649,2.472621786164881,3.003668457587627,-0.3392415622631017,1.8157745069157305,0.208622729160562,2.500844425883272
33.0,229.0,1000.5420532226562,-4.38181940135786,-3.790642452454031,1.7098404294304916,3.1798392707083942,2.472621786164881,3.0036608289813707,-0.3392415622713776,1.8157745078586585,0.2086137241270717,2.500862349372877
33.0,229.0,1000.5420532226562,-4.38181940135786,-3.791399619586264,1.7098404294298628,3.1798392707220104,2.472621786164881,3.0036606430048307,-0.3392415622236895,1.8157726510338543,0.2086230390899154,2.5008854678270525
33.0,229.0,1000.5420532226562,-4.38181940135786,-3.7906752117536895,1.709840430295558,3.1798392707083942,2.472621786164881,3.003660837205356,-0.3392415610441625,1.8157745673995056,0.2086137241270717,2.500855370087783
33.0,229.0,1000.5420532226562,-4.38181940135786,-3.791376894955498,1.7098404294428222,3.179839270708121,2.472621786164881,3.003660833508781,-0.3392415622713115,1.8157726441601327,0.2086134725461683,2.500862353142228
33.0,229.0,1000.5420532226562,-4.38181940135786,-3.791399619586264,1.709840429444765,3.1798392707080416,2.472621786164881,3.003660775893401,-0.3392415621896381,1.8157726076829053,0.2086230390980571,2.500845146298976
33.0,229.0,1000.5420532226562,-4.38181940135786,-3.790642452454031,1.7098404300619665,3.17983927070874,2.472621786164881,3.003668886311695,-0.3392415610441625,1.8157745069157305,0.2086137241270717,2.500855370087783
33.0,229.0,1000.5420532226562,-4.38181940135786,-3.791399619586264,1.709840351819497,3.179839270708768,2.472621786164864,3.0036684907645275,-0.3392415610538416,1.815772651023,0.2086132125915031,2.5008599578616884
33.0,229.0,1000.5420532226562,-4.38181940135786,-3.791399619586264,1.7098404294631833,3.1798392707220104,2.472621786164881,3.0036606430048307,-0.3392415622236895,1.8157727053620032,0.2086231541116818,2.5008854678270525
33.0,229.0,1000.5420532226562,-4.38181940135786,-3.791399619586264,1.7098404302945387,3.179839270708249,2.472621786164881,3.0036606455736408,-0.3392415622242425,1.8157726510338543,0.2086230392047941,2.500844237790113
33.0,229.0,1000.5420532226562,-4.38181940135786,-3.790642452454031,1.7098404300704009,3.17983927070838,2.472621786164881,3.003660837205356,-0.3392415622713721,1.8157745078776475,0.2086233749678867,2.500845391302937
33.0,230.0,1000.5420532226562,-4.38181940135786,-3.791399619586264,1.7098404294414218,3.179839270708765,2.47262178616488,3.003668488078424,-0.339241562270528,1.8157726510338543,0.2086230390980571,2.500885018000758
33.0,230.0,1000.5420532226562,-4.38181940135786,-3.791399619586264,1.7098404294414218,3.179839270708765,2.472621786164881,3.003668488078424,-0.339241562267367,1.8157726510338543,0.2086230390980571,2.5008856346343125
33.0,230.0,1000.5420532226562,-4.38181940135786,-3.791399619586264,1.7098404294414218,3.179839270708765,2.472621786164881,3.003668488078424,-0.339241562267367,1.8157726510338543,0.2086230390980571,2.500845146298976
33.0,230.0,1000.5420532226562,-4.38181940135786,-3.791399619586264,1.709840351819497,3.179839270708793,2.472621786164864,3.0036684148235206,-0.3392415628162528,1.8157726539566823,0.2086132125915031,2.5008599578616884
33.0,230.0,1000.5420532226562,-4.38181940135786,-3.790642452454031,1.7098404300704009,3.1798392707083942,2.472621786164881,3.003660837205356,-0.3392415622713721,1.8157745069157305,0.2086137241270717,2.500862349372877
33.0,230.0,1000.5420532226562,-4.38181940135786,-3.791399619586264,1.7098404294414218,3.179839270721792,2.472621786164881,3.003668488078424,-0.3392415622634411,1.8157726510338543,0.2086230390980571,2.500845146298976
33.0,230.0,1000.5420532226562,-4.38181940135786,-3.7913791580628944,1.7098404294615466,3.179839270708765,2.472621786164881,3.003660946789496,-0.339241562267367,1.8157726510338543,0.2086230381419017,2.5008856346343125
33.0,230.0,1000.5420532226562,-4.38181940135786,-3.790642452454031,1.7098404300704009,3.1798392707083942,2.472621786164881,3.003660837205356,-0.3392415610441625,1.8157745069157305,0.2086137241270717,2.500855370087783
33.0,230.0,1000.5420532226562,-4.38181940135786,-3.790642452454031,1.7098404300704009,3.1798392707083942,2.472621786164881,3.003660837205356,-0.3392415622713721,1.8157745078586585,0.2086137241270717,2.500862349372877
33.0,230.0,1000.5420532226562,-4.38181940135786,-3.791399619586264,1.7098404303448498,3.1798392707095475,2.4726217861648645,3.003668412601361,-0.3392415610705776,1.815772743477348,0.2086233763242197,2.500860261420601
33.0,230.0,1000.5420532226562,-4.38181940135786,-3.791399619586264,1.7098404294292768,3.179839270721792,2.472621786164881,3.003668488078424,-0.3392415622254228,1.8157726510338543,0.2086230390980571,2.500844237790113
33.0,230.0,1000.5420532226562,-4.38181940135786,-3.7906739349974408,1.7098404302940116,3.179839270709784,2.4726217861648814,3.003672483300215,-0.3392415623685247,1.8157726510338543,0.2086137253593646,2.5004206680550927
33.0,230.0,1000.5420532226562,-4.38181940135786,-3.7906243239135846,1.7098404301330437,3.179839270723649,2.472621786164881,3.003668457587627,-0.3392415622631017,1.8157745069157305,0.208622729160562,2.500844425883272
33.0,230.0,1000.5420532226562,-4.38181940135786,-3.791399619586264,1.7098404294414218,3.179839270708765,2.47262178616488,3.003668488078424,-0.339241562270528,1.8157726510338543,0.2086230390980571,2.500885018000758
33.0,230.0,1000.5420532226562,-4.38181940135786,-3.790649286305214,1.7098403463449732,3.179839270708746,2.472621786164881,3.003660714415029,-0.339241562270781,1.8157745069157305,0.2086137238561249,2.5008367607040665
33.0,230.0,1000.5420532226562,-4.38181940135786,-3.791399619586264,1.7098404294298628,3.1798392707220104,2.472621786164881,3.0036606430048307,-0.3392415622236895,1.8157726510338543,0.208623039089997,2.5008854678270525
33.0,230.0,1000.5420532226562,-4.38181940135786,-3.7906243239135846,1.7098404301330437,3.179839270723649,2.472621786164881,3.003668457587627,-0.3392415622631017,1.8157745069157305,0.208622729160562,2.500844425883272
33.0,230.0,1000.5420532226562,-4.38181940135786,-3.790642452454031,1.7098404300704009,3.1798392707083942,2.472621786164881,3.003660837205356,-0.3392415610441625,1.8157745069157305,0.2086137241270717,2.500855370087783
33.0,230.0,1000.5420532226562,-4.38181940135786,-3.791399619586264,1.7098404293796228,3.179839270721792,2.472621786164881,3.003668488078424,-0.3392415622254228,1.8157726510338543,0.2086230390980571,2.500844626159444
33.0,230.0,1000.5420532226562,-4.38181940135786,-3.791399619586264,1.7098404294414218,3.179839270708765,2.47262178616488,3.003668488078424,-0.339241562270528,1.8157726510338543,0.2086230390980571,2.500885018000758
33.0,230.0,1000.5420532226562,-4.38181940135786,-3.791399619586264,1.709840429448932,3.1798392707083867,2.47262178616488,3.003668488078424,-0.339241562270528,1.8157726510338543,0.2086230390980571,2.500885018000758
33.0,230.0,1000.5420532226562,-4.38181940135786,-3.7906739349974408,1.7098404300570111,3.179839270709784,2.4726217861648814,3.0036611078700526,-0.3392415623706099,1.8157726510338543,0.2086137241555447,2.5008524906692
33.0,230.0,1000.5420532226562,-4.38181940135786,-3.790642452454031,1.7098404300704009,3.1798392707083942,2.472621786164881,3.003660837205356,-0.3392415622713721,1.8157745078586585,0.2086137241270717,2.500862349372877
33.0,230.0,1000.5420532226562,-4.38181940135786,-3.790642452454031,1.7098404300704009,3.1798392707083942,2.472621786164881,3.003660837205356,-0.3392415622713721,1.8157745069157305,0.2086137241270717,2.500862349372877
33.0,230.0,1000.5420532226562,-4.38181940135786,-3.791399619586264,1.7098404294619,3.179839270721792,2.472621786164881,3.003660893931117,-0.3392415622634325,1.8157726510338543,0.2086230390980571,2.500886499227293
33.0,230.0,1000.5420532226562,-4.38181940135786,-3.791399619586264,1.709840429444765,3.1798392707080416,2.472621786164881,3.003660775893401,-0.3392415621896381,1.8157726076829053,0.2086230390980571,2.500845146298976
33.0,230.0,1000.5420532226562,-4.38181940135786,-3.790642452454031,1.7098404294428222,3.1798392707083942,2.472621786164881,3.003660837205356,-0.3392415622713721,1.8157726441601327,0.2086137241270717,2.500862349372877
33.0,230.0,1000.5420532226562,-4.38181940135786,-3.7906243239135846,1.7098404301153218,3.179839270723649,2.472621786164881,3.003668457587627,-0.3392415622631017,1.8157745069157305,0.208622729160562,2.500844425883272
33.0,230.0,1000.5420532226562,-4.38181940135786,-3.7914001871439287,1.7098404294615466,3.1798392707084977,2.472621786164881,3.003660946789496,-0.339241562267367,1.8157726510338543,0.2086230381583792,2.5008856346343125
33.0,230.0,1000.5420532226562,-4.38181940135786,-3.791399619586264,1.7098404294406784,3.179839270708765,2.47262178616488,3.003660656295032,-0.3392415622713403,1.8157726510338543,0.2086136091026548,2.500885018000758
33.0,230.0,1000.5420532226562,-4.38181940135786,-3.7913680014187214,1.709840429244237,3.179839270722066,2.472621786164881,3.003660837205356,-0.3392415610441625,1.8157745150477216,0.2086137241270717,2.5008553307019743
33.0,230.0,1000.5420532226562,-4.38181940135786,-3.791399619586264,1.7098404294497254,3.179839270721793,2.472621786164881,3.0036609651200257,-0.3392415622634325,1.8157726510338543,0.2086230390980571,2.500886499227293
33.0,230.0,1000.5420532226562,-4.38181940135786,-3.7906739349974408,1.7098404302948869,3.179839270722779,2.4726217861648814,3.0036722730194607,-0.3392415622594384,1.8157726510338543,0.2086137253593646,2.5008317965955813
33.0,230.0,1000.5420532226562,-4.38181940135786,-3.791409272191306,1.709840430035389,3.1798392707084084,2.47262178616488,3.003668488078424,-0.3392415610465055,1.8157726510338543,0.2086230390980571,2.500885018000758
33.0,230.0,1000.5420532226562,-4.38181940135786,-3.791399619586264,1.7098404302945387,3.179839270721827,2.472621786164881,3.003668488078424,-0.3392415622242425,1.8157726510338543,0.2086230390980571,2.500844237790113
33.0,230.0,1000.5420532226562,-4.38181940135786,-3.791399619586264,1.709840430069,3.179839270708765,2.47262178616488,3.003668488078424,-0.339241562270528,1.815774513789451,0.2086230390980571,2.500885018000758
33.0,230.0,1000.5420532226562,-4.38181940135786,-3.790670426024673,1.7098404293869705,3.179839270708765,2.472621786164881,3.003668488078424,-0.339241562267367,1.81577450090167,0.2086227749624504,2.500845146298976
33.0,230.0,1000.5420532226562,-4.38181940135786,-3.791399619586264,1.7098404294414218,3.179839270708674,2.472621786164881,3.003668488078424,-0.3392415622703004,1.8157726510338543,0.2086230390980571,2.500845146298976
33.0,230.0,1000.5420532226562,-4.38181940135786,-3.790642452454031,1.7098404300704009,3.1798392707083942,2.472621786164881,3.003660837205356,-0.3392415622713721,1.8157745078776475,0.2086137241270717,2.500862349372877
33.0,230.0,1000.5420532226562,-4.38181940135786,-3.7906243239135846,1.709840430114503,3.179839270723649,2.472621786164881,3.003668457587627,-0.3392415622631017,1.8157745069157305,0.208622729160562,2.500844425883272
33.0,230.0,1000.5420532226562,-4.38181940135786,-3.790642452454031,1.7098404294304916,3.1798392707083942,2.472621786164881,3.0036608289813707,-0.3392415622713776,1.8157745078586585,0.2086137241270717,2.500862349372877
33.0,230.0,1000.5420532226562,-4.38181940135786,-3.791399619586264,1.7098404294298628,3.1798392707220104,2.472621786164881,3.0036606430048307,-0.3392415622236895,1.8157726510338543,0.2086230390899154,2.5008854678270525
33.0,230.0,1000.5420532226562,-4.38181940135786,-3.7906752117536895,1.709840430295558,3.1798392707083942,2.472621786164881,3.003660837205356,-0.3392415610441625,1.8157745673995056,0.2086137241270717,2.500855370087783
33.0,230.0,1000.5420532226562,-4.38181940135786,-3.791376894955498,1.7098404294428222,3.179839270708121,2.472621786164881,3.003660833508781,-0.3392415622713115,1.8157726441601327,0.2086134725461683,2.500862353142228
33.0,230.0,1000.5420532226562,-4.38181940135786,-3.791399619586264,1.709840429444765,3.1798392707080416,2.472621786164881,3.003660775893401,-0.3392415621896381,1.8157726076829053,0.2086230390980571,2.500845146298976
33.0,230.0,1000.5420532226562,-4.38181940135786,-3.790642452454031,1.7098404300619665,3.17983927070874,2.472621786164881,3.003668886311695,-0.3392415610441625,1.8157745069157305,0.2086137241270717,2.500855370087783
33.0,230.0,1000.5420532226562,-4.38181940135786,-3.791399619586264,1.709840351819497,3.179839270708768,2.472621786164864,3.0036684907645275,-0.3392415610538416,1.815772651023,0.2086132125915031,2.5008599578616884
33.0,230.0,1000.5420532226562,-4.38181940135786,-3.791399619586264,1.7098404294631833,3.1798392707220104,2.472621786164881,3.0036606430048307,-0.3392415622236895,1.8157727053620032,0.2086231541116818,2.5008854678270525
33.0,230.0,1000.5420532226562,-4.38181940135786,-3.791399619586264,1.7098404302945387,3.179839270708249,2.472621786164881,3.0036606455736408,-0.3392415622242425,1.8157726510338543,0.2086230392047941,2.500844237790113
33.0,230.0,1000.5420532226562,-4.38181940135786,-3.790642452454031,1.7098404300704009,3.17983927070838,2.472621786164881,3.003660837205356,-0.3392415622713721,1.8157745078776475,0.2086233749678867,2.500845391302937
33.0,231.0,1000.5420532226562,-4.38181940135786,-3.791399619586264,1.7098404294414218,3.179839270708765,2.47262178616488,3.003668488078424,-0.339241562270528,1.8157726510338543,0.2086230390980571,2.500885018000758
33.0,231.0,1000.5420532226562,-4.38181940135786,-3.791399619586264,1.7098404294414218,3.179839270708765,2.472621786164881,3.003668488078424,-0.339241562267367,1.8157726510338543,0.2086230390980571,2.5008856346343125
33.0,231.0,1000.5420532226562,-4.38181940135786,-3.791399619586264,1.7098404294414218,3.179839270708765,2.472621786164881,3.003668488078424,-0.339241562267367,1.8157726510338543,0.2086230390980571,2.500845146298976
33.0,231.0,1000.5420532226562,-4.38181940135786,-3.791399619586264,1.709840351819497,3.179839270708793,2.472621786164864,3.0036684148235206,-0.3392415628162528,1.8157726539566823,0.2086132125915031,2.5008599578616884
33.0,231.0,1000.5420532226562,-4.38181940135786,-3.790642452454031,1.7098404300704009,3.1798392707083942,2.472621786164881,3.003660837205356,-0.3392415622713721,1.8157745069157305,0.2086137241270717,2.500862349372877
33.0,231.0,1000.5420532226562,-4.38181940135786,-3.791399619586264,1.7098404294414218,3.179839270721792,2.472621786164881,3.003668488078424,-0.3392415622634411,1.8157726510338543,0.2086230390980571,2.500845146298976
33.0,231.0,1000.5420532226562,-4.38181940135786,-3.7913791580628944,1.7098404294615466,3.179839270708765,2.472621786164881,3.003660946789496,-0.339241562267367,1.8157726510338543,0.2086230381419017,2.5008856346343125
33.0,231.0,1000.5420532226562,-4.38181940135786,-3.790642452454031,1.7098404300704009,3.1798392707083942,2.472621786164881,3.003660837205356,-0.3392415610441625,1.8157745069157305,0.2086137241270717,2.500855370087783
33.0,231.0,1000.5420532226562,-4.38181940135786,-3.790642452454031,1.7098404300704009,3.1798392707083942,2.472621786164881,3.003660837205356,-0.3392415622713721,1.8157745078586585,0.2086137241270717,2.500862349372877
33.0,231.0,1000.5420532226562,-4.38181940135786,-3.791399619586264,1.7098404303448498,3.1798392707095475,2.4726217861648645,3.003668412601361,-0.3392415610705776,1.815772743477348,0.2086233763242197,2.500860261420601
33.0,231.0,1000.5420532226562,-4.38181940135786,-3.791399619586264,1.7098404294292768,3.179839270721792,2.472621786164881,3.003668488078424,-0.3392415622254228,1.8157726510338543,0.2086230390980571,2.500844237790113
33.0,231.0,1000.5420532226562,-4.38181940135786,-3.7906739349974408,1.7098404302940116,3.179839270709784,2.4726217861648814,3.003672483300215,-0.3392415623685247,1.8157726510338543,0.2086137253593646,2.5004206680550927
33.0,231.0,1000.5420532226562,-4.38181940135786,-3.7906243239135846,1.7098404301330437,3.179839270723649,2.472621786164881,3.003668457587627,-0.3392415622631017,1.8157745069157305,0.208622729160562,2.500844425883272
33.0,231.0,1000.5420532226562,-4.38181940135786,-3.791399619586264,1.7098404294414218,3.179839270708765,2.47262178616488,3.003668488078424,-0.339241562270528,1.8157726510338543,0.2086230390980571,2.500885018000758
33.0,231.0,1000.5420532226562,-4.38181940135786,-3.790649286305214,1.7098403463449732,3.179839270708746,2.472621786164881,3.003660714415029,-0.339241562270781,1.8157745069157305,0.2086137238561249,2.5008367607040665
33.0,231.0,1000.5420532226562,-4.38181940135786,-3.791399619586264,1.7098404294298628,3.1798392707220104,2.472621786164881,3.0036606430048307,-0.3392415622236895,1.8157726510338543,0.208623039089997,2.5008854678270525
33.0,231.0,1000.5420532226562,-4.38181940135786,-3.7906243239135846,1.7098404301330437,3.179839270723649,2.472621786164881,3.003668457587627,-0.3392415622631017,1.8157745069157305,0.208622729160562,2.500844425883272
33.0,231.0,1000.5420532226562,-4.38181940135786,-3.790642452454031,1.7098404300704009,3.1798392707083942,2.472621786164881,3.003660837205356,-0.3392415610441625,1.8157745069157305,0.2086137241270717,2.500855370087783
33.0,231.0,1000.5420532226562,-4.38181940135786,-3.791399619586264,1.7098404293796228,3.179839270721792,2.472621786164881,3.003668488078424,-0.3392415622254228,1.8157726510338543,0.2086230390980571,2.500844626159444
33.0,231.0,1000.5420532226562,-4.38181940135786,-3.791399619586264,1.7098404294414218,3.179839270708765,2.47262178616488,3.003668488078424,-0.339241562270528,1.8157726510338543,0.2086230390980571,2.500885018000758
33.0,231.0,1000.5420532226562,-4.38181940135786,-3.791399619586264,1.709840429448932,3.1798392707083867,2.47262178616488,3.003668488078424,-0.339241562270528,1.8157726510338543,0.2086230390980571,2.500885018000758
33.0,231.0,1000.5420532226562,-4.38181940135786,-3.7906739349974408,1.7098404300570111,3.179839270709784,2.4726217861648814,3.0036611078700526,-0.3392415623706099,1.8157726510338543,0.2086137241555447,2.5008524906692
33.0,231.0,1000.5420532226562,-4.38181940135786,-3.790642452454031,1.7098404300704009,3.1798392707083942,2.472621786164881,3.003660837205356,-0.3392415622713721,1.8157745078586585,0.2086137241270717,2.500862349372877
33.0,231.0,1000.5420532226562,-4.38181940135786,-3.790642452454031,1.7098404300704009,3.1798392707083942,2.472621786164881,3.003660837205356,-0.3392415622713721,1.8157745069157305,0.2086137241270717,2.500862349372877
33.0,231.0,1000.5420532226562,-4.38181940135786,-3.791399619586264,1.7098404294619,3.179839270721792,2.472621786164881,3.003660893931117,-0.3392415622634325,1.8157726510338543,0.2086230390980571,2.500886499227293
33.0,231.0,1000.5420532226562,-4.38181940135786,-3.791399619586264,1.709840429444765,3.1798392707080416,2.472621786164881,3.003660775893401,-0.3392415621896381,1.8157726076829053,0.2086230390980571,2.500845146298976
33.0,231.0,1000.5420532226562,-4.38181940135786,-3.790642452454031,1.7098404294428222,3.1798392707083942,2.472621786164881,3.003660837205356,-0.3392415622713721,1.8157726441601327,0.2086137241270717,2.500862349372877
33.0,231.0,1000.5420532226562,-4.38181940135786,-3.7906243239135846,1.7098404301153218,3.179839270723649,2.472621786164881,3.003668457587627,-0.3392415622631017,1.8157745069157305,0.208622729160562,2.500844425883272
33.0,231.0,1000.5420532226562,-4.38181940135786,-3.7914001871439287,1.7098404294615466,3.1798392707084977,2.472621786164881,3.003660946789496,-0.339241562267367,1.8157726510338543,0.2086230381583792,2.5008856346343125
33.0,231.0,1000.5420532226562,-4.38181940135786,-3.791399619586264,1.7098404294406784,3.179839270708765,2.47262178616488,3.003660656295032,-0.3392415622713403,1.8157726510338543,0.2086136091026548,2.500885018000758
33.0,231.0,1000.5420532226562,-4.38181940135786,-3.7913680014187214,1.709840429244237,3.179839270722066,2.472621786164881,3.003660837205356,-0.3392415610441625,1.8157745150477216,0.2086137241270717,2.5008553307019743
33.0,231.0,1000.5420532226562,-4.38181940135786,-3.791399619586264,1.7098404294497254,3.179839270721793,2.472621786164881,3.0036609651200257,-0.3392415622634325,1.8157726510338543,0.2086230390980571,2.500886499227293
33.0,231.0,1000.5420532226562,-4.38181940135786,-3.7906739349974408,1.7098404302948869,3.179839270722779,2.4726217861648814,3.0036722730194607,-0.3392415622594384,1.8157726510338543,0.2086137253593646,2.5008317965955813
33.0,231.0,1000.5420532226562,-4.38181940135786,-3.791409272191306,1.709840430035389,3.1798392707084084,2.47262178616488,3.003668488078424,-0.3392415610465055,1.8157726510338543,0.2086230390980571,2.500885018000758
33.0,231.0,1000.5420532226562,-4.38181940135786,-3.791399619586264,1.7098404302945387,3.179839270721827,2.472621786164881,3.003668488078424,-0.3392415622242425,1.8157726510338543,0.2086230390980571,2.500844237790113
33.0,231.0,1000.5420532226562,-4.38181940135786,-3.791399619586264,1.709840430069,3.179839270708765,2.47262178616488,3.003668488078424,-0.339241562270528,1.815774513789451,0.2086230390980571,2.500885018000758
33.0,231.0,1000.5420532226562,-4.38181940135786,-3.790670426024673,1.7098404293869705,3.179839270708765,2.472621786164881,3.003668488078424,-0.339241562267367,1.81577450090167,0.2086227749624504,2.500845146298976
33.0,231.0,1000.5420532226562,-4.38181940135786,-3.791399619586264,1.7098404294414218,3.179839270708674,2.472621786164881,3.003668488078424,-0.3392415622703004,1.8157726510338543,0.2086230390980571,2.500845146298976
33.0,231.0,1000.5420532226562,-4.38181940135786,-3.790642452454031,1.7098404300704009,3.1798392707083942,2.472621786164881,3.003660837205356,-0.3392415622713721,1.8157745078776475,0.2086137241270717,2.500862349372877
33.0,231.0,1000.5420532226562,-4.38181940135786,-3.7906243239135846,1.709840430114503,3.179839270723649,2.472621786164881,3.003668457587627,-0.3392415622631017,1.8157745069157305,0.208622729160562,2.500844425883272
33.0,231.0,1000.5420532226562,-4.38181940135786,-3.790642452454031,1.7098404294304916,3.1798392707083942,2.472621786164881,3.0036608289813707,-0.3392415622713776,1.8157745078586585,0.2086137241270717,2.500862349372877
33.0,231.0,1000.5420532226562,-4.38181940135786,-3.791399619586264,1.7098404294298628,3.1798392707220104,2.472621786164881,3.0036606430048307,-0.3392415622236895,1.8157726510338543,0.2086230390899154,2.5008854678270525
33.0,231.0,1000.5420532226562,-4.38181940135786,-3.7906752117536895,1.709840430295558,3.1798392707083942,2.472621786164881,3.003660837205356,-0.3392415610441625,1.8157745673995056,0.2086137241270717,2.500855370087783
33.0,231.0,1000.5420532226562,-4.38181940135786,-3.791376894955498,1.7098404294428222,3.179839270708121,2.472621786164881,3.003660833508781,-0.3392415622713115,1.8157726441601327,0.2086134725461683,2.500862353142228
33.0,231.0,1000.5420532226562,-4.38181940135786,-3.791399619586264,1.709840429444765,3.1798392707080416,2.472621786164881,3.003660775893401,-0.3392415621896381,1.8157726076829053,0.2086230390980571,2.500845146298976
33.0,231.0,1000.5420532226562,-4.38181940135786,-3.790642452454031,1.7098404300619665,3.17983927070874,2.472621786164881,3.003668886311695,-0.3392415610441625,1.8157745069157305,0.2086137241270717,2.500855370087783
33.0,231.0,1000.5420532226562,-4.38181940135786,-3.791399619586264,1.709840351819497,3.179839270708768,2.472621786164864,3.0036684907645275,-0.3392415610538416,1.815772651023,0.2086132125915031,2.5008599578616884
33.0,231.0,1000.5420532226562,-4.38181940135786,-3.791399619586264,1.7098404294631833,3.1798392707220104,2.472621786164881,3.0036606430048307,-0.3392415622236895,1.8157727053620032,0.2086231541116818,2.5008854678270525
33.0,231.0,1000.5420532226562,-4.38181940135786,-3.791399619586264,1.7098404302945387,3.179839270708249,2.472621786164881,3.0036606455736408,-0.3392415622242425,1.8157726510338543,0.2086230392047941,2.500844237790113
33.0,231.0,1000.5420532226562,-4.38181940135786,-3.790642452454031,1.7098404300704009,3.17983927070838,2.472621786164881,3.003660837205356,-0.3392415622713721,1.8157745078776475,0.2086233749678867,2.500845391302937
33.0,232.0,1000.5420532226562,-4.38181940135786,-3.791399619586264,1.7098404294414218,3.179839270708765,2.47262178616488,3.003668488078424,-0.339241562270528,1.8157726510338543,0.2086230390980571,2.500885018000758
33.0,232.0,1000.5420532226562,-4.38181940135786,-3.791399619586264,1.7098404294414218,3.179839270708765,2.472621786164881,3.003668488078424,-0.339241562267367,1.8157726510338543,0.2086230390980571,2.5008856346343125
33.0,232.0,1000.5420532226562,-4.38181940135786,-3.791399619586264,1.7098404294414218,3.179839270708765,2.472621786164881,3.003668488078424,-0.339241562267367,1.8157726510338543,0.2086230390980571,2.500845146298976
33.0,232.0,1000.5420532226562,-4.38181940135786,-3.791399619586264,1.709840351819497,3.179839270708793,2.472621786164864,3.0036684148235206,-0.3392415628162528,1.8157726539566823,0.2086132125915031,2.5008599578616884
33.0,232.0,1000.5420532226562,-4.38181940135786,-3.790642452454031,1.7098404300704009,3.1798392707083942,2.472621786164881,3.003660837205356,-0.3392415622713721,1.8157745069157305,0.2086137241270717,2.500862349372877
33.0,232.0,1000.5420532226562,-4.38181940135786,-3.791399619586264,1.7098404294414218,3.179839270721792,2.472621786164881,3.003668488078424,-0.3392415622634411,1.8157726510338543,0.2086230390980571,2.500845146298976
33.0,232.0,1000.5420532226562,-4.38181940135786,-3.7913791580628944,1.7098404294615466,3.179839270708765,2.472621786164881,3.003660946789496,-0.339241562267367,1.8157726510338543,0.2086230381419017,2.5008856346343125
33.0,232.0,1000.5420532226562,-4.38181940135786,-3.790642452454031,1.7098404300704009,3.1798392707083942,2.472621786164881,3.003660837205356,-0.3392415610441625,1.8157745069157305,0.2086137241270717,2.500855370087783
33.0,232.0,1000.5420532226562,-4.38181940135786,-3.790642452454031,1.7098404300704009,3.1798392707083942,2.472621786164881,3.003660837205356,-0.3392415622713721,1.8157745078586585,0.2086137241270717,2.500862349372877
33.0,232.0,1000.5420532226562,-4.38181940135786,-3.791399619586264,1.7098404303448498,3.1798392707095475,2.4726217861648645,3.003668412601361,-0.3392415610705776,1.815772743477348,0.2086233763242197,2.500860261420601
33.0,232.0,1000.5420532226562,-4.38181940135786,-3.791399619586264,1.7098404294292768,3.179839270721792,2.472621786164881,3.003668488078424,-0.3392415622254228,1.8157726510338543,0.2086230390980571,2.500844237790113
33.0,232.0,1000.5420532226562,-4.38181940135786,-3.7906739349974408,1.7098404302940116,3.179839270709784,2.4726217861648814,3.003672483300215,-0.3392415623685247,1.8157726510338543,0.2086137253593646,2.5004206680550927
33.0,232.0,1000.5420532226562,-4.38181940135786,-3.7906243239135846,1.7098404301330437,3.179839270723649,2.472621786164881,3.003668457587627,-0.3392415622631017,1.8157745069157305,0.208622729160562,2.500844425883272
33.0,232.0,1000.5420532226562,-4.38181940135786,-3.791399619586264,1.7098404294414218,3.179839270708765,2.47262178616488,3.003668488078424,-0.339241562270528,1.8157726510338543,0.2086230390980571,2.500885018000758
33.0,232.0,1000.5420532226562,-4.38181940135786,-3.790649286305214,1.7098403463449732,3.179839270708746,2.472621786164881,3.003660714415029,-0.339241562270781,1.8157745069157305,0.2086137238561249,2.5008367607040665
33.0,232.0,1000.5420532226562,-4.38181940135786,-3.791399619586264,1.7098404294298628,3.1798392707220104,2.472621786164881,3.0036606430048307,-0.3392415622236895,1.8157726510338543,0.208623039089997,2.5008854678270525
33.0,232.0,1000.5420532226562,-4.38181940135786,-3.7906243239135846,1.7098404301330437,3.179839270723649,2.472621786164881,3.003668457587627,-0.3392415622631017,1.8157745069157305,0.208622729160562,2.500844425883272
33.0,232.0,1000.5420532226562,-4.38181940135786,-3.790642452454031,1.7098404300704009,3.1798392707083942,2.472621786164881,3.003660837205356,-0.3392415610441625,1.8157745069157305,0.2086137241270717,2.500855370087783
33.0,232.0,1000.5420532226562,-4.38181940135786,-3.791399619586264,1.7098404293796228,3.179839270721792,2.472621786164881,3.003668488078424,-0.3392415622254228,1.8157726510338543,0.2086230390980571,2.500844626159444
33.0,232.0,1000.5420532226562,-4.38181940135786,-3.791399619586264,1.7098404294414218,3.179839270708765,2.47262178616488,3.003668488078424,-0.339241562270528,1.8157726510338543,0.2086230390980571,2.500885018000758
33.0,232.0,1000.5420532226562,-4.38181940135786,-3.791399619586264,1.709840429448932,3.1798392707083867,2.47262178616488,3.003668488078424,-0.339241562270528,1.8157726510338543,0.2086230390980571,2.500885018000758
33.0,232.0,1000.5420532226562,-4.38181940135786,-3.7906739349974408,1.7098404300570111,3.179839270709784,2.4726217861648814,3.0036611078700526,-0.3392415623706099,1.8157726510338543,0.2086137241555447,2.5008524906692
33.0,232.0,1000.5420532226562,-4.38181940135786,-3.790642452454031,1.7098404300704009,3.1798392707083942,2.472621786164881,3.003660837205356,-0.3392415622713721,1.8157745078586585,0.2086137241270717,2.500862349372877
33.0,232.0,1000.5420532226562,-4.38181940135786,-3.790642452454031,1.7098404300704009,3.1798392707083942,2.472621786164881,3.003660837205356,-0.3392415622713721,1.8157745069157305,0.2086137241270717,2.500862349372877
33.0,232.0,1000.5420532226562,-4.38181940135786,-3.791399619586264,1.7098404294619,3.179839270721792,2.472621786164881,3.003660893931117,-0.3392415622634325,1.8157726510338543,0.2086230390980571,2.500886499227293
33.0,232.0,1000.5420532226562,-4.38181940135786,-3.791399619586264,1.709840429444765,3.1798392707080416,2.472621786164881,3.003660775893401,-0.3392415621896381,1.8157726076829053,0.2086230390980571,2.500845146298976
33.0,232.0,1000.5420532226562,-4.38181940135786,-3.790642452454031,1.7098404294428222,3.1798392707083942,2.472621786164881,3.003660837205356,-0.3392415622713721,1.8157726441601327,0.2086137241270717,2.500862349372877
33.0,232.0,1000.5420532226562,-4.38181940135786,-3.7906243239135846,1.7098404301153218,3.179839270723649,2.472621786164881,3.003668457587627,-0.3392415622631017,1.8157745069157305,0.208622729160562,2.500844425883272
33.0,232.0,1000.5420532226562,-4.38181940135786,-3.7914001871439287,1.7098404294615466,3.1798392707084977,2.472621786164881,3.003660946789496,-0.339241562267367,1.8157726510338543,0.2086230381583792,2.5008856346343125
33.0,232.0,1000.5420532226562,-4.38181940135786,-3.791399619586264,1.7098404294406784,3.179839270708765,2.47262178616488,3.003660656295032,-0.3392415622713403,1.8157726510338543,0.2086136091026548,2.500885018000758
33.0,232.0,1000.5420532226562,-4.38181940135786,-3.7913680014187214,1.709840429244237,3.179839270722066,2.472621786164881,3.003660837205356,-0.3392415610441625,1.8157745150477216,0.2086137241270717,2.5008553307019743
33.0,232.0,1000.5420532226562,-4.38181940135786,-3.791399619586264,1.7098404294497254,3.179839270721793,2.472621786164881,3.0036609651200257,-0.3392415622634325,1.8157726510338543,0.2086230390980571,2.500886499227293
33.0,232.0,1000.5420532226562,-4.38181940135786,-3.7906739349974408,1.7098404302948869,3.179839270722779,2.4726217861648814,3.0036722730194607,-0.3392415622594384,1.8157726510338543,0.2086137253593646,2.5008317965955813
33.0,232.0,1000.5420532226562,-4.38181940135786,-3.791409272191306,1.709840430035389,3.1798392707084084,2.47262178616488,3.003668488078424,-0.3392415610465055,1.8157726510338543,0.2086230390980571,2.500885018000758
33.0,232.0,1000.5420532226562,-4.38181940135786,-3.791399619586264,1.7098404302945387,3.179839270721827,2.472621786164881,3.003668488078424,-0.3392415622242425,1.8157726510338543,0.2086230390980571,2.500844237790113
33.0,232.0,1000.5420532226562,-4.38181940135786,-3.791399619586264,1.709840430069,3.179839270708765,2.47262178616488,3.003668488078424,-0.339241562270528,1.815774513789451,0.2086230390980571,2.500885018000758
33.0,232.0,1000.5420532226562,-4.38181940135786,-3.790670426024673,1.7098404293869705,3.179839270708765,2.472621786164881,3.003668488078424,-0.339241562267367,1.81577450090167,0.2086227749624504,2.500845146298976
33.0,232.0,1000.5420532226562,-4.38181940135786,-3.791399619586264,1.7098404294414218,3.179839270708674,2.472621786164881,3.003668488078424,-0.3392415622703004,1.8157726510338543,0.2086230390980571,2.500845146298976
33.0,232.0,1000.5420532226562,-4.38181940135786,-3.790642452454031,1.7098404300704009,3.1798392707083942,2.472621786164881,3.003660837205356,-0.3392415622713721,1.8157745078776475,0.2086137241270717,2.500862349372877
33.0,232.0,1000.5420532226562,-4.38181940135786,-3.7906243239135846,1.709840430114503,3.179839270723649,2.472621786164881,3.003668457587627,-0.3392415622631017,1.8157745069157305,0.208622729160562,2.500844425883272
33.0,232.0,1000.5420532226562,-4.38181940135786,-3.790642452454031,1.7098404294304916,3.1798392707083942,2.472621786164881,3.0036608289813707,-0.3392415622713776,1.8157745078586585,0.2086137241270717,2.500862349372877
33.0,232.0,1000.5420532226562,-4.38181940135786,-3.791399619586264,1.7098404294298628,3.1798392707220104,2.472621786164881,3.0036606430048307,-0.3392415622236895,1.8157726510338543,0.2086230390899154,2.5008854678270525
33.0,232.0,1000.5420532226562,-4.38181940135786,-3.7906752117536895,1.709840430295558,3.1798392707083942,2.472621786164881,3.003660837205356,-0.3392415610441625,1.8157745673995056,0.2086137241270717,2.500855370087783
33.0,232.0,1000.5420532226562,-4.38181940135786,-3.791376894955498,1.7098404294428222,3.179839270708121,2.472621786164881,3.003660833508781,-0.3392415622713115,1.8157726441601327,0.2086134725461683,2.500862353142228
33.0,232.0,1000.5420532226562,-4.38181940135786,-3.791399619586264,1.709840429444765,3.1798392707080416,2.472621786164881,3.003660775893401,-0.3392415621896381,1.8157726076829053,0.2086230390980571,2.500845146298976
33.0,232.0,1000.5420532226562,-4.38181940135786,-3.790642452454031,1.7098404300619665,3.17983927070874,2.472621786164881,3.003668886311695,-0.3392415610441625,1.8157745069157305,0.2086137241270717,2.500855370087783
33.0,232.0,1000.5420532226562,-4.38181940135786,-3.791399619586264,1.709840351819497,3.179839270708768,2.472621786164864,3.0036684907645275,-0.3392415610538416,1.815772651023,0.2086132125915031,2.5008599578616884
33.0,232.0,1000.5420532226562,-4.38181940135786,-3.791399619586264,1.7098404294631833,3.1798392707220104,2.472621786164881,3.0036606430048307,-0.3392415622236895,1.8157727053620032,0.2086231541116818,2.5008854678270525
33.0,232.0,1000.5420532226562,-4.38181940135786,-3.791399619586264,1.7098404302945387,3.179839270708249,2.472621786164881,3.0036606455736408,-0.3392415622242425,1.8157726510338543,0.2086230392047941,2.500844237790113
33.0,232.0,1000.5420532226562,-4.38181940135786,-3.790642452454031,1.7098404300704009,3.17983927070838,2.472621786164881,3.003660837205356,-0.3392415622713721,1.8157745078776475,0.2086233749678867,2.500845391302937
33.0,233.0,1000.5420532226562,-4.38181940135786,-3.791399619586264,1.7098404294414218,3.179839270708765,2.47262178616488,3.003668488078424,-0.339241562270528,1.8157726510338543,0.2086230390980571,2.500885018000758
33.0,233.0,1000.5420532226562,-4.38181940135786,-3.791399619586264,1.7098404294414218,3.179839270708765,2.472621786164881,3.003668488078424,-0.339241562267367,1.8157726510338543,0.2086230390980571,2.5008856346343125
33.0,233.0,1000.5420532226562,-4.38181940135786,-3.791399619586264,1.7098404294414218,3.179839270708765,2.472621786164881,3.003668488078424,-0.339241562267367,1.8157726510338543,0.2086230390980571,2.500845146298976
33.0,233.0,1000.5420532226562,-4.38181940135786,-3.791399619586264,1.709840351819497,3.179839270708793,2.472621786164864,3.0036684148235206,-0.3392415628162528,1.8157726539566823,0.2086132125915031,2.5008599578616884
33.0,233.0,1000.5420532226562,-4.38181940135786,-3.790642452454031,1.7098404300704009,3.1798392707083942,2.472621786164881,3.003660837205356,-0.3392415622713721,1.8157745069157305,0.2086137241270717,2.500862349372877
33.0,233.0,1000.5420532226562,-4.38181940135786,-3.791399619586264,1.7098404294414218,3.179839270721792,2.472621786164881,3.003668488078424,-0.3392415622634411,1.8157726510338543,0.2086230390980571,2.500845146298976
33.0,233.0,1000.5420532226562,-4.38181940135786,-3.7913791580628944,1.7098404294615466,3.179839270708765,2.472621786164881,3.003660946789496,-0.339241562267367,1.8157726510338543,0.2086230381419017,2.5008856346343125
33.0,233.0,1000.5420532226562,-4.38181940135786,-3.790642452454031,1.7098404300704009,3.1798392707083942,2.472621786164881,3.003660837205356,-0.3392415610441625,1.8157745069157305,0.2086137241270717,2.500855370087783
33.0,233.0,1000.5420532226562,-4.38181940135786,-3.790642452454031,1.7098404300704009,3.1798392707083942,2.472621786164881,3.003660837205356,-0.3392415622713721,1.8157745078586585,0.2086137241270717,2.500862349372877
33.0,233.0,1000.5420532226562,-4.38181940135786,-3.791399619586264,1.7098404303448498,3.1798392707095475,2.4726217861648645,3.003668412601361,-0.3392415610705776,1.815772743477348,0.2086233763242197,2.500860261420601
33.0,233.0,1000.5420532226562,-4.38181940135786,-3.791399619586264,1.7098404294292768,3.179839270721792,2.472621786164881,3.003668488078424,-0.3392415622254228,1.8157726510338543,0.2086230390980571,2.500844237790113
33.0,233.0,1000.5420532226562,-4.38181940135786,-3.7906739349974408,1.7098404302940116,3.179839270709784,2.4726217861648814,3.003672483300215,-0.3392415623685247,1.8157726510338543,0.2086137253593646,2.5004206680550927
33.0,233.0,1000.5420532226562,-4.38181940135786,-3.7906243239135846,1.7098404301330437,3.179839270723649,2.472621786164881,3.003668457587627,-0.3392415622631017,1.8157745069157305,0.208622729160562,2.500844425883272
33.0,233.0,1000.5420532226562,-4.38181940135786,-3.791399619586264,1.7098404294414218,3.179839270708765,2.47262178616488,3.003668488078424,-0.339241562270528,1.8157726510338543,0.2086230390980571,2.500885018000758
33.0,233.0,1000.5420532226562,-4.38181940135786,-3.790649286305214,1.7098403463449732,3.179839270708746,2.472621786164881,3.003660714415029,-0.339241562270781,1.8157745069157305,0.2086137238561249,2.5008367607040665
33.0,233.0,1000.5420532226562,-4.38181940135786,-3.791399619586264,1.7098404294298628,3.1798392707220104,2.472621786164881,3.0036606430048307,-0.3392415622236895,1.8157726510338543,0.208623039089997,2.5008854678270525
33.0,233.0,1000.5420532226562,-4.38181940135786,-3.7906243239135846,1.7098404301330437,3.179839270723649,2.472621786164881,3.003668457587627,-0.3392415622631017,1.8157745069157305,0.208622729160562,2.500844425883272
33.0,233.0,1000.5420532226562,-4.38181940135786,-3.790642452454031,1.7098404300704009,3.1798392707083942,2.472621786164881,3.003660837205356,-0.3392415610441625,1.8157745069157305,0.2086137241270717,2.500855370087783
33.0,233.0,1000.5420532226562,-4.38181940135786,-3.791399619586264,1.7098404293796228,3.179839270721792,2.472621786164881,3.003668488078424,-0.3392415622254228,1.8157726510338543,0.2086230390980571,2.500844626159444
33.0,233.0,1000.5420532226562,-4.38181940135786,-3.791399619586264,1.7098404294414218,3.179839270708765,2.47262178616488,3.003668488078424,-0.339241562270528,1.8157726510338543,0.2086230390980571,2.500885018000758
33.0,233.0,1000.5420532226562,-4.38181940135786,-3.791399619586264,1.709840429448932,3.1798392707083867,2.47262178616488,3.003668488078424,-0.339241562270528,1.8157726510338543,0.2086230390980571,2.500885018000758
33.0,233.0,1000.5420532226562,-4.38181940135786,-3.7906739349974408,1.7098404300570111,3.179839270709784,2.4726217861648814,3.0036611078700526,-0.3392415623706099,1.8157726510338543,0.2086137241555447,2.5008524906692
33.0,233.0,1000.5420532226562,-4.38181940135786,-3.790642452454031,1.7098404300704009,3.1798392707083942,2.472621786164881,3.003660837205356,-0.3392415622713721,1.8157745078586585,0.2086137241270717,2.500862349372877
33.0,233.0,1000.5420532226562,-4.38181940135786,-3.790642452454031,1.7098404300704009,3.1798392707083942,2.472621786164881,3.003660837205356,-0.3392415622713721,1.8157745069157305,0.2086137241270717,2.500862349372877
33.0,233.0,1000.5420532226562,-4.38181940135786,-3.791399619586264,1.7098404294619,3.179839270721792,2.472621786164881,3.003660893931117,-0.3392415622634325,1.8157726510338543,0.2086230390980571,2.500886499227293
33.0,233.0,1000.5420532226562,-4.38181940135786,-3.791399619586264,1.709840429444765,3.1798392707080416,2.472621786164881,3.003660775893401,-0.3392415621896381,1.8157726076829053,0.2086230390980571,2.500845146298976
33.0,233.0,1000.5420532226562,-4.38181940135786,-3.790642452454031,1.7098404294428222,3.1798392707083942,2.472621786164881,3.003660837205356,-0.3392415622713721,1.8157726441601327,0.2086137241270717,2.500862349372877
33.0,233.0,1000.5420532226562,-4.38181940135786,-3.7906243239135846,1.7098404301153218,3.179839270723649,2.472621786164881,3.003668457587627,-0.3392415622631017,1.8157745069157305,0.208622729160562,2.500844425883272
33.0,233.0,1000.5420532226562,-4.38181940135786,-3.7914001871439287,1.7098404294615466,3.1798392707084977,2.472621786164881,3.003660946789496,-0.339241562267367,1.8157726510338543,0.2086230381583792,2.5008856346343125
33.0,233.0,1000.5420532226562,-4.38181940135786,-3.791399619586264,1.7098404294406784,3.179839270708765,2.47262178616488,3.003660656295032,-0.3392415622713403,1.8157726510338543,0.2086136091026548,2.500885018000758
33.0,233.0,1000.5420532226562,-4.38181940135786,-3.7913680014187214,1.709840429244237,3.179839270722066,2.472621786164881,3.003660837205356,-0.3392415610441625,1.8157745150477216,0.2086137241270717,2.5008553307019743
33.0,233.0,1000.5420532226562,-4.38181940135786,-3.791399619586264,1.7098404294497254,3.179839270721793,2.472621786164881,3.0036609651200257,-0.3392415622634325,1.8157726510338543,0.2086230390980571,2.500886499227293
33.0,233.0,1000.5420532226562,-4.38181940135786,-3.7906739349974408,1.7098404302948869,3.179839270722779,2.4726217861648814,3.0036722730194607,-0.3392415622594384,1.8157726510338543,0.2086137253593646,2.5008317965955813
33.0,233.0,1000.5420532226562,-4.38181940135786,-3.791409272191306,1.709840430035389,3.1798392707084084,2.47262178616488,3.003668488078424,-0.3392415610465055,1.8157726510338543,0.2086230390980571,2.500885018000758
33.0,233.0,1000.5420532226562,-4.38181940135786,-3.791399619586264,1.7098404302945387,3.179839270721827,2.472621786164881,3.003668488078424,-0.3392415622242425,1.8157726510338543,0.2086230390980571,2.500844237790113
33.0,233.0,1000.5420532226562,-4.38181940135786,-3.791399619586264,1.709840430069,3.179839270708765,2.47262178616488,3.003668488078424,-0.339241562270528,1.815774513789451,0.2086230390980571,2.500885018000758
33.0,233.0,1000.5420532226562,-4.38181940135786,-3.790670426024673,1.7098404293869705,3.179839270708765,2.472621786164881,3.003668488078424,-0.339241562267367,1.81577450090167,0.2086227749624504,2.500845146298976
33.0,233.0,1000.5420532226562,-4.38181940135786,-3.791399619586264,1.7098404294414218,3.179839270708674,2.472621786164881,3.003668488078424,-0.3392415622703004,1.8157726510338543,0.2086230390980571,2.500845146298976
33.0,233.0,1000.5420532226562,-4.38181940135786,-3.790642452454031,1.7098404300704009,3.1798392707083942,2.472621786164881,3.003660837205356,-0.3392415622713721,1.8157745078776475,0.2086137241270717,2.500862349372877
33.0,233.0,1000.5420532226562,-4.38181940135786,-3.7906243239135846,1.709840430114503,3.179839270723649,2.472621786164881,3.003668457587627,-0.3392415622631017,1.8157745069157305,0.208622729160562,2.500844425883272
33.0,233.0,1000.5420532226562,-4.38181940135786,-3.790642452454031,1.7098404294304916,3.1798392707083942,2.472621786164881,3.0036608289813707,-0.3392415622713776,1.8157745078586585,0.2086137241270717,2.500862349372877
33.0,233.0,1000.5420532226562,-4.38181940135786,-3.791399619586264,1.7098404294298628,3.1798392707220104,2.472621786164881,3.0036606430048307,-0.3392415622236895,1.8157726510338543,0.2086230390899154,2.5008854678270525
33.0,233.0,1000.5420532226562,-4.38181940135786,-3.7906752117536895,1.709840430295558,3.1798392707083942,2.472621786164881,3.003660837205356,-0.3392415610441625,1.8157745673995056,0.2086137241270717,2.500855370087783
33.0,233.0,1000.5420532226562,-4.38181940135786,-3.791376894955498,1.7098404294428222,3.179839270708121,2.472621786164881,3.003660833508781,-0.3392415622713115,1.8157726441601327,0.2086134725461683,2.500862353142228
33.0,233.0,1000.5420532226562,-4.38181940135786,-3.791399619586264,1.709840429444765,3.1798392707080416,2.472621786164881,3.003660775893401,-0.3392415621896381,1.8157726076829053,0.2086230390980571,2.500845146298976
33.0,233.0,1000.5420532226562,-4.38181940135786,-3.790642452454031,1.7098404300619665,3.17983927070874,2.472621786164881,3.003668886311695,-0.3392415610441625,1.8157745069157305,0.2086137241270717,2.500855370087783
33.0,233.0,1000.5420532226562,-4.38181940135786,-3.791399619586264,1.709840351819497,3.179839270708768,2.472621786164864,3.0036684907645275,-0.3392415610538416,1.815772651023,0.2086132125915031,2.5008599578616884
33.0,233.0,1000.5420532226562,-4.38181940135786,-3.791399619586264,1.7098404294631833,3.1798392707220104,2.472621786164881,3.0036606430048307,-0.3392415622236895,1.8157727053620032,0.2086231541116818,2.5008854678270525
33.0,233.0,1000.5420532226562,-4.38181940135786,-3.791399619586264,1.7098404302945387,3.179839270708249,2.472621786164881,3.0036606455736408,-0.3392415622242425,1.8157726510338543,0.2086230392047941,2.500844237790113
33.0,233.0,1000.5420532226562,-4.38181940135786,-3.790642452454031,1.7098404300704009,3.17983927070838,2.472621786164881,3.003660837205356,-0.3392415622713721,1.8157745078776475,0.2086233749678867,2.500845391302937
33.0,234.0,1000.5420532226562,-4.38181940135786,-3.791399619586264,1.7098404294414218,3.179839270708765,2.47262178616488,3.003668488078424,-0.339241562270528,1.8157726510338543,0.2086230390980571,2.500885018000758
33.0,234.0,1000.5420532226562,-4.38181940135786,-3.791399619586264,1.7098404294414218,3.179839270708765,2.472621786164881,3.003668488078424,-0.339241562267367,1.8157726510338543,0.2086230390980571,2.5008856346343125
33.0,234.0,1000.5420532226562,-4.38181940135786,-3.791399619586264,1.7098404294414218,3.179839270708765,2.472621786164881,3.003668488078424,-0.339241562267367,1.8157726510338543,0.2086230390980571,2.500845146298976
33.0,234.0,1000.5420532226562,-4.38181940135786,-3.791399619586264,1.709840351819497,3.179839270708793,2.472621786164864,3.0036684148235206,-0.3392415628162528,1.8157726539566823,0.2086132125915031,2.5008599578616884
33.0,234.0,1000.5420532226562,-4.38181940135786,-3.790642452454031,1.7098404300704009,3.1798392707083942,2.472621786164881,3.003660837205356,-0.3392415622713721,1.8157745069157305,0.2086137241270717,2.500862349372877
33.0,234.0,1000.5420532226562,-4.38181940135786,-3.791399619586264,1.7098404294414218,3.179839270721792,2.472621786164881,3.003668488078424,-0.3392415622634411,1.8157726510338543,0.2086230390980571,2.500845146298976
33.0,234.0,1000.5420532226562,-4.38181940135786,-3.7913791580628944,1.7098404294615466,3.179839270708765,2.472621786164881,3.003660946789496,-0.339241562267367,1.8157726510338543,0.2086230381419017,2.5008856346343125
33.0,234.0,1000.5420532226562,-4.38181940135786,-3.790642452454031,1.7098404300704009,3.1798392707083942,2.472621786164881,3.003660837205356,-0.3392415610441625,1.8157745069157305,0.2086137241270717,2.500855370087783
33.0,234.0,1000.5420532226562,-4.38181940135786,-3.790642452454031,1.7098404300704009,3.1798392707083942,2.472621786164881,3.003660837205356,-0.3392415622713721,1.8157745078586585,0.2086137241270717,2.500862349372877
33.0,234.0,1000.5420532226562,-4.38181940135786,-3.791399619586264,1.7098404303448498,3.1798392707095475,2.4726217861648645,3.003668412601361,-0.3392415610705776,1.815772743477348,0.2086233763242197,2.500860261420601
33.0,234.0,1000.5420532226562,-4.38181940135786,-3.791399619586264,1.7098404294292768,3.179839270721792,2.472621786164881,3.003668488078424,-0.3392415622254228,1.8157726510338543,0.2086230390980571,2.500844237790113
33.0,234.0,1000.5420532226562,-4.38181940135786,-3.7906739349974408,1.7098404302940116,3.179839270709784,2.4726217861648814,3.003672483300215,-0.3392415623685247,1.8157726510338543,0.2086137253593646,2.5004206680550927
33.0,234.0,1000.5420532226562,-4.38181940135786,-3.7906243239135846,1.7098404301330437,3.179839270723649,2.472621786164881,3.003668457587627,-0.3392415622631017,1.8157745069157305,0.208622729160562,2.500844425883272
33.0,234.0,1000.5420532226562,-4.38181940135786,-3.791399619586264,1.7098404294414218,3.179839270708765,2.47262178616488,3.003668488078424,-0.339241562270528,1.8157726510338543,0.2086230390980571,2.500885018000758
33.0,234.0,1000.5420532226562,-4.38181940135786,-3.790649286305214,1.7098403463449732,3.179839270708746,2.472621786164881,3.003660714415029,-0.339241562270781,1.8157745069157305,0.2086137238561249,2.5008367607040665
33.0,234.0,1000.5420532226562,-4.38181940135786,-3.791399619586264,1.7098404294298628,3.1798392707220104,2.472621786164881,3.0036606430048307,-0.3392415622236895,1.8157726510338543,0.208623039089997,2.5008854678270525
33.0,234.0,1000.5420532226562,-4.38181940135786,-3.7906243239135846,1.7098404301330437,3.179839270723649,2.472621786164881,3.003668457587627,-0.3392415622631017,1.8157745069157305,0.208622729160562,2.500844425883272
33.0,234.0,1000.5420532226562,-4.38181940135786,-3.790642452454031,1.7098404300704009,3.1798392707083942,2.472621786164881,3.003660837205356,-0.3392415610441625,1.8157745069157305,0.2086137241270717,2.500855370087783
33.0,234.0,1000.5420532226562,-4.38181940135786,-3.791399619586264,1.7098404293796228,3.179839270721792,2.472621786164881,3.003668488078424,-0.3392415622254228,1.8157726510338543,0.2086230390980571,2.500844626159444
33.0,234.0,1000.5420532226562,-4.38181940135786,-3.791399619586264,1.7098404294414218,3.179839270708765,2.47262178616488,3.003668488078424,-0.339241562270528,1.8157726510338543,0.2086230390980571,2.500885018000758
33.0,234.0,1000.5420532226562,-4.38181940135786,-3.791399619586264,1.709840429448932,3.1798392707083867,2.47262178616488,3.003668488078424,-0.339241562270528,1.8157726510338543,0.2086230390980571,2.500885018000758
33.0,234.0,1000.5420532226562,-4.38181940135786,-3.7906739349974408,1.7098404300570111,3.179839270709784,2.4726217861648814,3.0036611078700526,-0.3392415623706099,1.8157726510338543,0.2086137241555447,2.5008524906692
33.0,234.0,1000.5420532226562,-4.38181940135786,-3.790642452454031,1.7098404300704009,3.1798392707083942,2.472621786164881,3.003660837205356,-0.3392415622713721,1.8157745078586585,0.2086137241270717,2.500862349372877
33.0,234.0,1000.5420532226562,-4.38181940135786,-3.790642452454031,1.7098404300704009,3.1798392707083942,2.472621786164881,3.003660837205356,-0.3392415622713721,1.8157745069157305,0.2086137241270717,2.500862349372877
33.0,234.0,1000.5420532226562,-4.38181940135786,-3.791399619586264,1.7098404294619,3.179839270721792,2.472621786164881,3.003660893931117,-0.3392415622634325,1.8157726510338543,0.2086230390980571,2.500886499227293
33.0,234.0,1000.5420532226562,-4.38181940135786,-3.791399619586264,1.709840429444765,3.1798392707080416,2.472621786164881,3.003660775893401,-0.3392415621896381,1.8157726076829053,0.2086230390980571,2.500845146298976
33.0,234.0,1000.5420532226562,-4.38181940135786,-3.790642452454031,1.7098404294428222,3.1798392707083942,2.472621786164881,3.003660837205356,-0.3392415622713721,1.8157726441601327,0.2086137241270717,2.500862349372877
33.0,234.0,1000.5420532226562,-4.38181940135786,-3.7906243239135846,1.7098404301153218,3.179839270723649,2.472621786164881,3.003668457587627,-0.3392415622631017,1.8157745069157305,0.208622729160562,2.500844425883272
33.0,234.0,1000.5420532226562,-4.38181940135786,-3.7914001871439287,1.7098404294615466,3.1798392707084977,2.472621786164881,3.003660946789496,-0.339241562267367,1.8157726510338543,0.2086230381583792,2.5008856346343125
33.0,234.0,1000.5420532226562,-4.38181940135786,-3.791399619586264,1.7098404294406784,3.179839270708765,2.47262178616488,3.003660656295032,-0.3392415622713403,1.8157726510338543,0.2086136091026548,2.500885018000758
33.0,234.0,1000.5420532226562,-4.38181940135786,-3.7913680014187214,1.709840429244237,3.179839270722066,2.472621786164881,3.003660837205356,-0.3392415610441625,1.8157745150477216,0.2086137241270717,2.5008553307019743
33.0,234.0,1000.5420532226562,-4.38181940135786,-3.791399619586264,1.7098404294497254,3.179839270721793,2.472621786164881,3.0036609651200257,-0.3392415622634325,1.8157726510338543,0.2086230390980571,2.500886499227293
33.0,234.0,1000.5420532226562,-4.38181940135786,-3.7906739349974408,1.7098404302948869,3.179839270722779,2.4726217861648814,3.0036722730194607,-0.3392415622594384,1.8157726510338543,0.2086137253593646,2.5008317965955813
33.0,234.0,1000.5420532226562,-4.38181940135786,-3.791409272191306,1.709840430035389,3.1798392707084084,2.47262178616488,3.003668488078424,-0.3392415610465055,1.8157726510338543,0.2086230390980571,2.500885018000758
33.0,234.0,1000.5420532226562,-4.38181940135786,-3.791399619586264,1.7098404302945387,3.179839270721827,2.472621786164881,3.003668488078424,-0.3392415622242425,1.8157726510338543,0.2086230390980571,2.500844237790113
33.0,234.0,1000.5420532226562,-4.38181940135786,-3.791399619586264,1.709840430069,3.179839270708765,2.47262178616488,3.003668488078424,-0.339241562270528,1.815774513789451,0.2086230390980571,2.500885018000758
33.0,234.0,1000.5420532226562,-4.38181940135786,-3.790670426024673,1.7098404293869705,3.179839270708765,2.472621786164881,3.003668488078424,-0.339241562267367,1.81577450090167,0.2086227749624504,2.500845146298976
33.0,234.0,1000.5420532226562,-4.38181940135786,-3.791399619586264,1.7098404294414218,3.179839270708674,2.472621786164881,3.003668488078424,-0.3392415622703004,1.8157726510338543,0.2086230390980571,2.500845146298976
33.0,234.0,1000.5420532226562,-4.38181940135786,-3.790642452454031,1.7098404300704009,3.1798392707083942,2.472621786164881,3.003660837205356,-0.3392415622713721,1.8157745078776475,0.2086137241270717,2.500862349372877
33.0,234.0,1000.5420532226562,-4.38181940135786,-3.7906243239135846,1.709840430114503,3.179839270723649,2.472621786164881,3.003668457587627,-0.3392415622631017,1.8157745069157305,0.208622729160562,2.500844425883272
33.0,234.0,1000.5420532226562,-4.38181940135786,-3.790642452454031,1.7098404294304916,3.1798392707083942,2.472621786164881,3.0036608289813707,-0.3392415622713776,1.8157745078586585,0.2086137241270717,2.500862349372877
33.0,234.0,1000.5420532226562,-4.38181940135786,-3.791399619586264,1.7098404294298628,3.1798392707220104,2.472621786164881,3.0036606430048307,-0.3392415622236895,1.8157726510338543,0.2086230390899154,2.5008854678270525
33.0,234.0,1000.5420532226562,-4.38181940135786,-3.7906752117536895,1.709840430295558,3.1798392707083942,2.472621786164881,3.003660837205356,-0.3392415610441625,1.8157745673995056,0.2086137241270717,2.500855370087783
33.0,234.0,1000.5420532226562,-4.38181940135786,-3.791376894955498,1.7098404294428222,3.179839270708121,2.472621786164881,3.003660833508781,-0.3392415622713115,1.8157726441601327,0.2086134725461683,2.500862353142228
33.0,234.0,1000.5420532226562,-4.38181940135786,-3.791399619586264,1.709840429444765,3.1798392707080416,2.472621786164881,3.003660775893401,-0.3392415621896381,1.8157726076829053,0.2086230390980571,2.500845146298976
33.0,234.0,1000.5420532226562,-4.38181940135786,-3.790642452454031,1.7098404300619665,3.17983927070874,2.472621786164881,3.003668886311695,-0.3392415610441625,1.8157745069157305,0.2086137241270717,2.500855370087783
33.0,234.0,1000.5420532226562,-4.38181940135786,-3.791399619586264,1.709840351819497,3.179839270708768,2.472621786164864,3.0036684907645275,-0.3392415610538416,1.815772651023,0.2086132125915031,2.5008599578616884
33.0,234.0,1000.5420532226562,-4.38181940135786,-3.791399619586264,1.7098404294631833,3.1798392707220104,2.472621786164881,3.0036606430048307,-0.3392415622236895,1.8157727053620032,0.2086231541116818,2.5008854678270525
33.0,234.0,1000.5420532226562,-4.38181940135786,-3.791399619586264,1.7098404302945387,3.179839270708249,2.472621786164881,3.0036606455736408,-0.3392415622242425,1.8157726510338543,0.2086230392047941,2.500844237790113
33.0,234.0,1000.5420532226562,-4.38181940135786,-3.790642452454031,1.7098404300704009,3.17983927070838,2.472621786164881,3.003660837205356,-0.3392415622713721,1.8157745078776475,0.2086233749678867,2.500845391302937
33.0,235.0,1000.5420532226562,-4.38181940135786,-3.791399619586264,1.7098404294414218,3.179839270708765,2.47262178616488,3.003668488078424,-0.339241562270528,1.8157726510338543,0.2086230390980571,2.500885018000758
33.0,235.0,1000.5420532226562,-4.38181940135786,-3.791399619586264,1.7098404294414218,3.179839270708765,2.472621786164881,3.003668488078424,-0.339241562267367,1.8157726510338543,0.2086230390980571,2.5008856346343125
33.0,235.0,1000.5420532226562,-4.38181940135786,-3.791399619586264,1.7098404294414218,3.179839270708765,2.472621786164881,3.003668488078424,-0.339241562267367,1.8157726510338543,0.2086230390980571,2.500845146298976
33.0,235.0,1000.5420532226562,-4.38181940135786,-3.791399619586264,1.709840351819497,3.179839270708793,2.472621786164864,3.0036684148235206,-0.3392415628162528,1.8157726539566823,0.2086132125915031,2.5008599578616884
33.0,235.0,1000.5420532226562,-4.38181940135786,-3.790642452454031,1.7098404300704009,3.1798392707083942,2.472621786164881,3.003660837205356,-0.3392415622713721,1.8157745069157305,0.2086137241270717,2.500862349372877
33.0,235.0,1000.5420532226562,-4.38181940135786,-3.791399619586264,1.7098404294414218,3.179839270721792,2.472621786164881,3.003668488078424,-0.3392415622634411,1.8157726510338543,0.2086230390980571,2.500845146298976
33.0,235.0,1000.5420532226562,-4.38181940135786,-3.7913791580628944,1.7098404294615466,3.179839270708765,2.472621786164881,3.003660946789496,-0.339241562267367,1.8157726510338543,0.2086230381419017,2.5008856346343125
33.0,235.0,1000.5420532226562,-4.38181940135786,-3.790642452454031,1.7098404300704009,3.1798392707083942,2.472621786164881,3.003660837205356,-0.3392415610441625,1.8157745069157305,0.2086137241270717,2.500855370087783
33.0,235.0,1000.5420532226562,-4.38181940135786,-3.790642452454031,1.7098404300704009,3.1798392707083942,2.472621786164881,3.003660837205356,-0.3392415622713721,1.8157745078586585,0.2086137241270717,2.500862349372877
33.0,235.0,1000.5420532226562,-4.38181940135786,-3.791399619586264,1.7098404303448498,3.1798392707095475,2.4726217861648645,3.003668412601361,-0.3392415610705776,1.815772743477348,0.2086233763242197,2.500860261420601
33.0,235.0,1000.5420532226562,-4.38181940135786,-3.791399619586264,1.7098404294292768,3.179839270721792,2.472621786164881,3.003668488078424,-0.3392415622254228,1.8157726510338543,0.2086230390980571,2.500844237790113
33.0,235.0,1000.5420532226562,-4.38181940135786,-3.7906739349974408,1.7098404302940116,3.179839270709784,2.4726217861648814,3.003672483300215,-0.3392415623685247,1.8157726510338543,0.2086137253593646,2.5004206680550927
33.0,235.0,1000.5420532226562,-4.38181940135786,-3.7906243239135846,1.7098404301330437,3.179839270723649,2.472621786164881,3.003668457587627,-0.3392415622631017,1.8157745069157305,0.208622729160562,2.500844425883272
33.0,235.0,1000.5420532226562,-4.38181940135786,-3.791399619586264,1.7098404294414218,3.179839270708765,2.47262178616488,3.003668488078424,-0.339241562270528,1.8157726510338543,0.2086230390980571,2.500885018000758
33.0,235.0,1000.5420532226562,-4.38181940135786,-3.790649286305214,1.7098403463449732,3.179839270708746,2.472621786164881,3.003660714415029,-0.339241562270781,1.8157745069157305,0.2086137238561249,2.5008367607040665
33.0,235.0,1000.5420532226562,-4.38181940135786,-3.791399619586264,1.7098404294298628,3.1798392707220104,2.472621786164881,3.0036606430048307,-0.3392415622236895,1.8157726510338543,0.208623039089997,2.5008854678270525
33.0,235.0,1000.5420532226562,-4.38181940135786,-3.7906243239135846,1.7098404301330437,3.179839270723649,2.472621786164881,3.003668457587627,-0.3392415622631017,1.8157745069157305,0.208622729160562,2.500844425883272
33.0,235.0,1000.5420532226562,-4.38181940135786,-3.790642452454031,1.7098404300704009,3.1798392707083942,2.472621786164881,3.003660837205356,-0.3392415610441625,1.8157745069157305,0.2086137241270717,2.500855370087783
33.0,235.0,1000.5420532226562,-4.38181940135786,-3.791399619586264,1.7098404293796228,3.179839270721792,2.472621786164881,3.003668488078424,-0.3392415622254228,1.8157726510338543,0.2086230390980571,2.500844626159444
33.0,235.0,1000.5420532226562,-4.38181940135786,-3.791399619586264,1.7098404294414218,3.179839270708765,2.47262178616488,3.003668488078424,-0.339241562270528,1.8157726510338543,0.2086230390980571,2.500885018000758
33.0,235.0,1000.5420532226562,-4.38181940135786,-3.791399619586264,1.709840429448932,3.1798392707083867,2.47262178616488,3.003668488078424,-0.339241562270528,1.8157726510338543,0.2086230390980571,2.500885018000758
33.0,235.0,1000.5420532226562,-4.38181940135786,-3.7906739349974408,1.7098404300570111,3.179839270709784,2.4726217861648814,3.0036611078700526,-0.3392415623706099,1.8157726510338543,0.2086137241555447,2.5008524906692
33.0,235.0,1000.5420532226562,-4.38181940135786,-3.790642452454031,1.7098404300704009,3.1798392707083942,2.472621786164881,3.003660837205356,-0.3392415622713721,1.8157745078586585,0.2086137241270717,2.500862349372877
33.0,235.0,1000.5420532226562,-4.38181940135786,-3.790642452454031,1.7098404300704009,3.1798392707083942,2.472621786164881,3.003660837205356,-0.3392415622713721,1.8157745069157305,0.2086137241270717,2.500862349372877
33.0,235.0,1000.5420532226562,-4.38181940135786,-3.791399619586264,1.7098404294619,3.179839270721792,2.472621786164881,3.003660893931117,-0.3392415622634325,1.8157726510338543,0.2086230390980571,2.500886499227293
33.0,235.0,1000.5420532226562,-4.38181940135786,-3.791399619586264,1.709840429444765,3.1798392707080416,2.472621786164881,3.003660775893401,-0.3392415621896381,1.8157726076829053,0.2086230390980571,2.500845146298976
33.0,235.0,1000.5420532226562,-4.38181940135786,-3.790642452454031,1.7098404294428222,3.1798392707083942,2.472621786164881,3.003660837205356,-0.3392415622713721,1.8157726441601327,0.2086137241270717,2.500862349372877
33.0,235.0,1000.5420532226562,-4.38181940135786,-3.7906243239135846,1.7098404301153218,3.179839270723649,2.472621786164881,3.003668457587627,-0.3392415622631017,1.8157745069157305,0.208622729160562,2.500844425883272
33.0,235.0,1000.5420532226562,-4.38181940135786,-3.7914001871439287,1.7098404294615466,3.1798392707084977,2.472621786164881,3.003660946789496,-0.339241562267367,1.8157726510338543,0.2086230381583792,2.5008856346343125
33.0,235.0,1000.5420532226562,-4.38181940135786,-3.791399619586264,1.7098404294406784,3.179839270708765,2.47262178616488,3.003660656295032,-0.3392415622713403,1.8157726510338543,0.2086136091026548,2.500885018000758
33.0,235.0,1000.5420532226562,-4.38181940135786,-3.7913680014187214,1.709840429244237,3.179839270722066,2.472621786164881,3.003660837205356,-0.3392415610441625,1.8157745150477216,0.2086137241270717,2.5008553307019743
33.0,235.0,1000.5420532226562,-4.38181940135786,-3.791399619586264,1.7098404294497254,3.179839270721793,2.472621786164881,3.0036609651200257,-0.3392415622634325,1.8157726510338543,0.2086230390980571,2.500886499227293
33.0,235.0,1000.5420532226562,-4.38181940135786,-3.7906739349974408,1.7098404302948869,3.179839270722779,2.4726217861648814,3.0036722730194607,-0.3392415622594384,1.8157726510338543,0.2086137253593646,2.5008317965955813
33.0,235.0,1000.5420532226562,-4.38181940135786,-3.791409272191306,1.709840430035389,3.1798392707084084,2.47262178616488,3.003668488078424,-0.3392415610465055,1.8157726510338543,0.2086230390980571,2.500885018000758
33.0,235.0,1000.5420532226562,-4.38181940135786,-3.791399619586264,1.7098404302945387,3.179839270721827,2.472621786164881,3.003668488078424,-0.3392415622242425,1.8157726510338543,0.2086230390980571,2.500844237790113
33.0,235.0,1000.5420532226562,-4.38181940135786,-3.791399619586264,1.709840430069,3.179839270708765,2.47262178616488,3.003668488078424,-0.339241562270528,1.815774513789451,0.2086230390980571,2.500885018000758
33.0,235.0,1000.5420532226562,-4.38181940135786,-3.790670426024673,1.7098404293869705,3.179839270708765,2.472621786164881,3.003668488078424,-0.339241562267367,1.81577450090167,0.2086227749624504,2.500845146298976
33.0,235.0,1000.5420532226562,-4.38181940135786,-3.791399619586264,1.7098404294414218,3.179839270708674,2.472621786164881,3.003668488078424,-0.3392415622703004,1.8157726510338543,0.2086230390980571,2.500845146298976
33.0,235.0,1000.5420532226562,-4.38181940135786,-3.790642452454031,1.7098404300704009,3.1798392707083942,2.472621786164881,3.003660837205356,-0.3392415622713721,1.8157745078776475,0.2086137241270717,2.500862349372877
33.0,235.0,1000.5420532226562,-4.38181940135786,-3.7906243239135846,1.709840430114503,3.179839270723649,2.472621786164881,3.003668457587627,-0.3392415622631017,1.8157745069157305,0.208622729160562,2.500844425883272
33.0,235.0,1000.5420532226562,-4.38181940135786,-3.790642452454031,1.7098404294304916,3.1798392707083942,2.472621786164881,3.0036608289813707,-0.3392415622713776,1.8157745078586585,0.2086137241270717,2.500862349372877
33.0,235.0,1000.5420532226562,-4.38181940135786,-3.791399619586264,1.7098404294298628,3.1798392707220104,2.472621786164881,3.0036606430048307,-0.3392415622236895,1.8157726510338543,0.2086230390899154,2.5008854678270525
33.0,235.0,1000.5420532226562,-4.38181940135786,-3.7906752117536895,1.709840430295558,3.1798392707083942,2.472621786164881,3.003660837205356,-0.3392415610441625,1.8157745673995056,0.2086137241270717,2.500855370087783
33.0,235.0,1000.5420532226562,-4.38181940135786,-3.791376894955498,1.7098404294428222,3.179839270708121,2.472621786164881,3.003660833508781,-0.3392415622713115,1.8157726441601327,0.2086134725461683,2.500862353142228
33.0,235.0,1000.5420532226562,-4.38181940135786,-3.791399619586264,1.709840429444765,3.1798392707080416,2.472621786164881,3.003660775893401,-0.3392415621896381,1.8157726076829053,0.2086230390980571,2.500845146298976
33.0,235.0,1000.5420532226562,-4.38181940135786,-3.790642452454031,1.7098404300619665,3.17983927070874,2.472621786164881,3.003668886311695,-0.3392415610441625,1.8157745069157305,0.2086137241270717,2.500855370087783
33.0,235.0,1000.5420532226562,-4.38181940135786,-3.791399619586264,1.709840351819497,3.179839270708768,2.472621786164864,3.0036684907645275,-0.3392415610538416,1.815772651023,0.2086132125915031,2.5008599578616884
33.0,235.0,1000.5420532226562,-4.38181940135786,-3.791399619586264,1.7098404294631833,3.1798392707220104,2.472621786164881,3.0036606430048307,-0.3392415622236895,1.8157727053620032,0.2086231541116818,2.5008854678270525
33.0,235.0,1000.5420532226562,-4.38181940135786,-3.791399619586264,1.7098404302945387,3.179839270708249,2.472621786164881,3.0036606455736408,-0.3392415622242425,1.8157726510338543,0.2086230392047941,2.500844237790113
33.0,235.0,1000.5420532226562,-4.38181940135786,-3.790642452454031,1.7098404300704009,3.17983927070838,2.472621786164881,3.003660837205356,-0.3392415622713721,1.8157745078776475,0.2086233749678867,2.500845391302937
33.0,236.0,1000.5420532226562,-4.38181940135786,-3.791399619586264,1.7098404294414218,3.179839270708765,2.47262178616488,3.003668488078424,-0.339241562270528,1.8157726510338543,0.2086230390980571,2.500885018000758
33.0,236.0,1000.5420532226562,-4.38181940135786,-3.791399619586264,1.7098404294414218,3.179839270708765,2.472621786164881,3.003668488078424,-0.339241562267367,1.8157726510338543,0.2086230390980571,2.5008856346343125
33.0,236.0,1000.5420532226562,-4.38181940135786,-3.791399619586264,1.7098404294414218,3.179839270708765,2.472621786164881,3.003668488078424,-0.339241562267367,1.8157726510338543,0.2086230390980571,2.500845146298976
33.0,236.0,1000.5420532226562,-4.38181940135786,-3.791399619586264,1.709840351819497,3.179839270708793,2.472621786164864,3.0036684148235206,-0.3392415628162528,1.8157726539566823,0.2086132125915031,2.5008599578616884
33.0,236.0,1000.5420532226562,-4.38181940135786,-3.790642452454031,1.7098404300704009,3.1798392707083942,2.472621786164881,3.003660837205356,-0.3392415622713721,1.8157745069157305,0.2086137241270717,2.500862349372877
33.0,236.0,1000.5420532226562,-4.38181940135786,-3.791399619586264,1.7098404294414218,3.179839270721792,2.472621786164881,3.003668488078424,-0.3392415622634411,1.8157726510338543,0.2086230390980571,2.500845146298976
33.0,236.0,1000.5420532226562,-4.38181940135786,-3.7913791580628944,1.7098404294615466,3.179839270708765,2.472621786164881,3.003660946789496,-0.339241562267367,1.8157726510338543,0.2086230381419017,2.5008856346343125
33.0,236.0,1000.5420532226562,-4.38181940135786,-3.790642452454031,1.7098404300704009,3.1798392707083942,2.472621786164881,3.003660837205356,-0.3392415610441625,1.8157745069157305,0.2086137241270717,2.500855370087783
33.0,236.0,1000.5420532226562,-4.38181940135786,-3.790642452454031,1.7098404300704009,3.1798392707083942,2.472621786164881,3.003660837205356,-0.3392415622713721,1.8157745078586585,0.2086137241270717,2.500862349372877
33.0,236.0,1000.5420532226562,-4.38181940135786,-3.791399619586264,1.7098404303448498,3.1798392707095475,2.4726217861648645,3.003668412601361,-0.3392415610705776,1.815772743477348,0.2086233763242197,2.500860261420601
33.0,236.0,1000.5420532226562,-4.38181940135786,-3.791399619586264,1.7098404294292768,3.179839270721792,2.472621786164881,3.003668488078424,-0.3392415622254228,1.8157726510338543,0.2086230390980571,2.500844237790113
33.0,236.0,1000.5420532226562,-4.38181940135786,-3.7906739349974408,1.7098404302940116,3.179839270709784,2.4726217861648814,3.003672483300215,-0.3392415623685247,1.8157726510338543,0.2086137253593646,2.5004206680550927
33.0,236.0,1000.5420532226562,-4.38181940135786,-3.7906243239135846,1.7098404301330437,3.179839270723649,2.472621786164881,3.003668457587627,-0.3392415622631017,1.8157745069157305,0.208622729160562,2.500844425883272
33.0,236.0,1000.5420532226562,-4.38181940135786,-3.791399619586264,1.7098404294414218,3.179839270708765,2.47262178616488,3.003668488078424,-0.339241562270528,1.8157726510338543,0.2086230390980571,2.500885018000758
33.0,236.0,1000.5420532226562,-4.38181940135786,-3.790649286305214,1.7098403463449732,3.179839270708746,2.472621786164881,3.003660714415029,-0.339241562270781,1.8157745069157305,0.2086137238561249,2.5008367607040665
33.0,236.0,1000.5420532226562,-4.38181940135786,-3.791399619586264,1.7098404294298628,3.1798392707220104,2.472621786164881,3.0036606430048307,-0.3392415622236895,1.8157726510338543,0.208623039089997,2.5008854678270525
33.0,236.0,1000.5420532226562,-4.38181940135786,-3.7906243239135846,1.7098404301330437,3.179839270723649,2.472621786164881,3.003668457587627,-0.3392415622631017,1.8157745069157305,0.208622729160562,2.500844425883272
33.0,236.0,1000.5420532226562,-4.38181940135786,-3.790642452454031,1.7098404300704009,3.1798392707083942,2.472621786164881,3.003660837205356,-0.3392415610441625,1.8157745069157305,0.2086137241270717,2.500855370087783
33.0,236.0,1000.5420532226562,-4.38181940135786,-3.791399619586264,1.7098404293796228,3.179839270721792,2.472621786164881,3.003668488078424,-0.3392415622254228,1.8157726510338543,0.2086230390980571,2.500844626159444
33.0,236.0,1000.5420532226562,-4.38181940135786,-3.791399619586264,1.7098404294414218,3.179839270708765,2.47262178616488,3.003668488078424,-0.339241562270528,1.8157726510338543,0.2086230390980571,2.500885018000758
33.0,236.0,1000.5420532226562,-4.38181940135786,-3.791399619586264,1.709840429448932,3.1798392707083867,2.47262178616488,3.003668488078424,-0.339241562270528,1.8157726510338543,0.2086230390980571,2.500885018000758
33.0,236.0,1000.5420532226562,-4.38181940135786,-3.7906739349974408,1.7098404300570111,3.179839270709784,2.4726217861648814,3.0036611078700526,-0.3392415623706099,1.8157726510338543,0.2086137241555447,2.5008524906692
33.0,236.0,1000.5420532226562,-4.38181940135786,-3.790642452454031,1.7098404300704009,3.1798392707083942,2.472621786164881,3.003660837205356,-0.3392415622713721,1.8157745078586585,0.2086137241270717,2.500862349372877
33.0,236.0,1000.5420532226562,-4.38181940135786,-3.790642452454031,1.7098404300704009,3.1798392707083942,2.472621786164881,3.003660837205356,-0.3392415622713721,1.8157745069157305,0.2086137241270717,2.500862349372877
33.0,236.0,1000.5420532226562,-4.38181940135786,-3.791399619586264,1.7098404294619,3.179839270721792,2.472621786164881,3.003660893931117,-0.3392415622634325,1.8157726510338543,0.2086230390980571,2.500886499227293
33.0,236.0,1000.5420532226562,-4.38181940135786,-3.791399619586264,1.709840429444765,3.1798392707080416,2.472621786164881,3.003660775893401,-0.3392415621896381,1.8157726076829053,0.2086230390980571,2.500845146298976
33.0,236.0,1000.5420532226562,-4.38181940135786,-3.790642452454031,1.7098404294428222,3.1798392707083942,2.472621786164881,3.003660837205356,-0.3392415622713721,1.8157726441601327,0.2086137241270717,2.500862349372877
33.0,236.0,1000.5420532226562,-4.38181940135786,-3.7906243239135846,1.7098404301153218,3.179839270723649,2.472621786164881,3.003668457587627,-0.3392415622631017,1.8157745069157305,0.208622729160562,2.500844425883272
33.0,236.0,1000.5420532226562,-4.38181940135786,-3.7914001871439287,1.7098404294615466,3.1798392707084977,2.472621786164881,3.003660946789496,-0.339241562267367,1.8157726510338543,0.2086230381583792,2.5008856346343125
33.0,236.0,1000.5420532226562,-4.38181940135786,-3.791399619586264,1.7098404294406784,3.179839270708765,2.47262178616488,3.003660656295032,-0.3392415622713403,1.8157726510338543,0.2086136091026548,2.500885018000758
33.0,236.0,1000.5420532226562,-4.38181940135786,-3.7913680014187214,1.709840429244237,3.179839270722066,2.472621786164881,3.003660837205356,-0.3392415610441625,1.8157745150477216,0.2086137241270717,2.5008553307019743
33.0,236.0,1000.5420532226562,-4.38181940135786,-3.791399619586264,1.7098404294497254,3.179839270721793,2.472621786164881,3.0036609651200257,-0.3392415622634325,1.8157726510338543,0.2086230390980571,2.500886499227293
33.0,236.0,1000.5420532226562,-4.38181940135786,-3.7906739349974408,1.7098404302948869,3.179839270722779,2.4726217861648814,3.0036722730194607,-0.3392415622594384,1.8157726510338543,0.2086137253593646,2.5008317965955813
33.0,236.0,1000.5420532226562,-4.38181940135786,-3.791409272191306,1.709840430035389,3.1798392707084084,2.47262178616488,3.003668488078424,-0.3392415610465055,1.8157726510338543,0.2086230390980571,2.500885018000758
33.0,236.0,1000.5420532226562,-4.38181940135786,-3.791399619586264,1.7098404302945387,3.179839270721827,2.472621786164881,3.003668488078424,-0.3392415622242425,1.8157726510338543,0.2086230390980571,2.500844237790113
33.0,236.0,1000.5420532226562,-4.38181940135786,-3.791399619586264,1.709840430069,3.179839270708765,2.47262178616488,3.003668488078424,-0.339241562270528,1.815774513789451,0.2086230390980571,2.500885018000758
33.0,236.0,1000.5420532226562,-4.38181940135786,-3.790670426024673,1.7098404293869705,3.179839270708765,2.472621786164881,3.003668488078424,-0.339241562267367,1.81577450090167,0.2086227749624504,2.500845146298976
33.0,236.0,1000.5420532226562,-4.38181940135786,-3.791399619586264,1.7098404294414218,3.179839270708674,2.472621786164881,3.003668488078424,-0.3392415622703004,1.8157726510338543,0.2086230390980571,2.500845146298976
33.0,236.0,1000.5420532226562,-4.38181940135786,-3.790642452454031,1.7098404300704009,3.1798392707083942,2.472621786164881,3.003660837205356,-0.3392415622713721,1.8157745078776475,0.2086137241270717,2.500862349372877
33.0,236.0,1000.5420532226562,-4.38181940135786,-3.7906243239135846,1.709840430114503,3.179839270723649,2.472621786164881,3.003668457587627,-0.3392415622631017,1.8157745069157305,0.208622729160562,2.500844425883272
33.0,236.0,1000.5420532226562,-4.38181940135786,-3.790642452454031,1.7098404294304916,3.1798392707083942,2.472621786164881,3.0036608289813707,-0.3392415622713776,1.8157745078586585,0.2086137241270717,2.500862349372877
33.0,236.0,1000.5420532226562,-4.38181940135786,-3.791399619586264,1.7098404294298628,3.1798392707220104,2.472621786164881,3.0036606430048307,-0.3392415622236895,1.8157726510338543,0.2086230390899154,2.5008854678270525
33.0,236.0,1000.5420532226562,-4.38181940135786,-3.7906752117536895,1.709840430295558,3.1798392707083942,2.472621786164881,3.003660837205356,-0.3392415610441625,1.8157745673995056,0.2086137241270717,2.500855370087783
33.0,236.0,1000.5420532226562,-4.38181940135786,-3.791376894955498,1.7098404294428222,3.179839270708121,2.472621786164881,3.003660833508781,-0.3392415622713115,1.8157726441601327,0.2086134725461683,2.500862353142228
33.0,236.0,1000.5420532226562,-4.38181940135786,-3.791399619586264,1.709840429444765,3.1798392707080416,2.472621786164881,3.003660775893401,-0.3392415621896381,1.8157726076829053,0.2086230390980571,2.500845146298976
33.0,236.0,1000.5420532226562,-4.38181940135786,-3.790642452454031,1.7098404300619665,3.17983927070874,2.472621786164881,3.003668886311695,-0.3392415610441625,1.8157745069157305,0.2086137241270717,2.500855370087783
33.0,236.0,1000.5420532226562,-4.38181940135786,-3.791399619586264,1.709840351819497,3.179839270708768,2.472621786164864,3.0036684907645275,-0.3392415610538416,1.815772651023,0.2086132125915031,2.5008599578616884
33.0,236.0,1000.5420532226562,-4.38181940135786,-3.791399619586264,1.7098404294631833,3.1798392707220104,2.472621786164881,3.0036606430048307,-0.3392415622236895,1.8157727053620032,0.2086231541116818,2.5008854678270525
33.0,236.0,1000.5420532226562,-4.38181940135786,-3.791399619586264,1.7098404302945387,3.179839270708249,2.472621786164881,3.0036606455736408,-0.3392415622242425,1.8157726510338543,0.2086230392047941,2.500844237790113
33.0,236.0,1000.5420532226562,-4.38181940135786,-3.790642452454031,1.7098404300704009,3.17983927070838,2.472621786164881,3.003660837205356,-0.3392415622713721,1.8157745078776475,0.2086233749678867,2.500845391302937
33.0,237.0,1000.5420532226562,-4.38181940135786,-3.791399619586264,1.7098404294414218,3.179839270708765,2.47262178616488,3.003668488078424,-0.339241562270528,1.8157726510338543,0.2086230390980571,2.500885018000758
33.0,237.0,1000.5420532226562,-4.38181940135786,-3.791399619586264,1.7098404294414218,3.179839270708765,2.472621786164881,3.003668488078424,-0.339241562267367,1.8157726510338543,0.2086230390980571,2.5008856346343125
33.0,237.0,1000.5420532226562,-4.38181940135786,-3.791399619586264,1.7098404294414218,3.179839270708765,2.472621786164881,3.003668488078424,-0.339241562267367,1.8157726510338543,0.2086230390980571,2.500845146298976
33.0,237.0,1000.5420532226562,-4.38181940135786,-3.791399619586264,1.709840351819497,3.179839270708793,2.472621786164864,3.0036684148235206,-0.3392415628162528,1.8157726539566823,0.2086132125915031,2.5008599578616884
33.0,237.0,1000.5420532226562,-4.38181940135786,-3.790642452454031,1.7098404300704009,3.1798392707083942,2.472621786164881,3.003660837205356,-0.3392415622713721,1.8157745069157305,0.2086137241270717,2.500862349372877
33.0,237.0,1000.5420532226562,-4.38181940135786,-3.791399619586264,1.7098404294414218,3.179839270721792,2.472621786164881,3.003668488078424,-0.3392415622634411,1.8157726510338543,0.2086230390980571,2.500845146298976
33.0,237.0,1000.5420532226562,-4.38181940135786,-3.7913791580628944,1.7098404294615466,3.179839270708765,2.472621786164881,3.003660946789496,-0.339241562267367,1.8157726510338543,0.2086230381419017,2.5008856346343125
33.0,237.0,1000.5420532226562,-4.38181940135786,-3.790642452454031,1.7098404300704009,3.1798392707083942,2.472621786164881,3.003660837205356,-0.3392415610441625,1.8157745069157305,0.2086137241270717,2.500855370087783
33.0,237.0,1000.5420532226562,-4.38181940135786,-3.790642452454031,1.7098404300704009,3.1798392707083942,2.472621786164881,3.003660837205356,-0.3392415622713721,1.8157745078586585,0.2086137241270717,2.500862349372877
33.0,237.0,1000.5420532226562,-4.38181940135786,-3.791399619586264,1.7098404303448498,3.1798392707095475,2.4726217861648645,3.003668412601361,-0.3392415610705776,1.815772743477348,0.2086233763242197,2.500860261420601
33.0,237.0,1000.5420532226562,-4.38181940135786,-3.791399619586264,1.7098404294292768,3.179839270721792,2.472621786164881,3.003668488078424,-0.3392415622254228,1.8157726510338543,0.2086230390980571,2.500844237790113
33.0,237.0,1000.5420532226562,-4.38181940135786,-3.7906739349974408,1.7098404302940116,3.179839270709784,2.4726217861648814,3.003672483300215,-0.3392415623685247,1.8157726510338543,0.2086137253593646,2.5004206680550927
33.0,237.0,1000.5420532226562,-4.38181940135786,-3.7906243239135846,1.7098404301330437,3.179839270723649,2.472621786164881,3.003668457587627,-0.3392415622631017,1.8157745069157305,0.208622729160562,2.500844425883272
33.0,237.0,1000.5420532226562,-4.38181940135786,-3.791399619586264,1.7098404294414218,3.179839270708765,2.47262178616488,3.003668488078424,-0.339241562270528,1.8157726510338543,0.2086230390980571,2.500885018000758
33.0,237.0,1000.5420532226562,-4.38181940135786,-3.790649286305214,1.7098403463449732,3.179839270708746,2.472621786164881,3.003660714415029,-0.339241562270781,1.8157745069157305,0.2086137238561249,2.5008367607040665
33.0,237.0,1000.5420532226562,-4.38181940135786,-3.791399619586264,1.7098404294298628,3.1798392707220104,2.472621786164881,3.0036606430048307,-0.3392415622236895,1.8157726510338543,0.208623039089997,2.5008854678270525
33.0,237.0,1000.5420532226562,-4.38181940135786,-3.7906243239135846,1.7098404301330437,3.179839270723649,2.472621786164881,3.003668457587627,-0.3392415622631017,1.8157745069157305,0.208622729160562,2.500844425883272
33.0,237.0,1000.5420532226562,-4.38181940135786,-3.790642452454031,1.7098404300704009,3.1798392707083942,2.472621786164881,3.003660837205356,-0.3392415610441625,1.8157745069157305,0.2086137241270717,2.500855370087783
33.0,237.0,1000.5420532226562,-4.38181940135786,-3.791399619586264,1.7098404293796228,3.179839270721792,2.472621786164881,3.003668488078424,-0.3392415622254228,1.8157726510338543,0.2086230390980571,2.500844626159444
33.0,237.0,1000.5420532226562,-4.38181940135786,-3.791399619586264,1.7098404294414218,3.179839270708765,2.47262178616488,3.003668488078424,-0.339241562270528,1.8157726510338543,0.2086230390980571,2.500885018000758
33.0,237.0,1000.5420532226562,-4.38181940135786,-3.791399619586264,1.709840429448932,3.1798392707083867,2.47262178616488,3.003668488078424,-0.339241562270528,1.8157726510338543,0.2086230390980571,2.500885018000758
33.0,237.0,1000.5420532226562,-4.38181940135786,-3.7906739349974408,1.7098404300570111,3.179839270709784,2.4726217861648814,3.0036611078700526,-0.3392415623706099,1.8157726510338543,0.2086137241555447,2.5008524906692
33.0,237.0,1000.5420532226562,-4.38181940135786,-3.790642452454031,1.7098404300704009,3.1798392707083942,2.472621786164881,3.003660837205356,-0.3392415622713721,1.8157745078586585,0.2086137241270717,2.500862349372877
33.0,237.0,1000.5420532226562,-4.38181940135786,-3.790642452454031,1.7098404300704009,3.1798392707083942,2.472621786164881,3.003660837205356,-0.3392415622713721,1.8157745069157305,0.2086137241270717,2.500862349372877
33.0,237.0,1000.5420532226562,-4.38181940135786,-3.791399619586264,1.7098404294619,3.179839270721792,2.472621786164881,3.003660893931117,-0.3392415622634325,1.8157726510338543,0.2086230390980571,2.500886499227293
33.0,237.0,1000.5420532226562,-4.38181940135786,-3.791399619586264,1.709840429444765,3.1798392707080416,2.472621786164881,3.003660775893401,-0.3392415621896381,1.8157726076829053,0.2086230390980571,2.500845146298976
33.0,237.0,1000.5420532226562,-4.38181940135786,-3.790642452454031,1.7098404294428222,3.1798392707083942,2.472621786164881,3.003660837205356,-0.3392415622713721,1.8157726441601327,0.2086137241270717,2.500862349372877
33.0,237.0,1000.5420532226562,-4.38181940135786,-3.7906243239135846,1.7098404301153218,3.179839270723649,2.472621786164881,3.003668457587627,-0.3392415622631017,1.8157745069157305,0.208622729160562,2.500844425883272
33.0,237.0,1000.5420532226562,-4.38181940135786,-3.7914001871439287,1.7098404294615466,3.1798392707084977,2.472621786164881,3.003660946789496,-0.339241562267367,1.8157726510338543,0.2086230381583792,2.5008856346343125
33.0,237.0,1000.5420532226562,-4.38181940135786,-3.791399619586264,1.7098404294406784,3.179839270708765,2.47262178616488,3.003660656295032,-0.3392415622713403,1.8157726510338543,0.2086136091026548,2.500885018000758
33.0,237.0,1000.5420532226562,-4.38181940135786,-3.7913680014187214,1.709840429244237,3.179839270722066,2.472621786164881,3.003660837205356,-0.3392415610441625,1.8157745150477216,0.2086137241270717,2.5008553307019743
33.0,237.0,1000.5420532226562,-4.38181940135786,-3.791399619586264,1.7098404294497254,3.179839270721793,2.472621786164881,3.0036609651200257,-0.3392415622634325,1.8157726510338543,0.2086230390980571,2.500886499227293
33.0,237.0,1000.5420532226562,-4.38181940135786,-3.7906739349974408,1.7098404302948869,3.179839270722779,2.4726217861648814,3.0036722730194607,-0.3392415622594384,1.8157726510338543,0.2086137253593646,2.5008317965955813
33.0,237.0,1000.5420532226562,-4.38181940135786,-3.791409272191306,1.709840430035389,3.1798392707084084,2.47262178616488,3.003668488078424,-0.3392415610465055,1.8157726510338543,0.2086230390980571,2.500885018000758
33.0,237.0,1000.5420532226562,-4.38181940135786,-3.791399619586264,1.7098404302945387,3.179839270721827,2.472621786164881,3.003668488078424,-0.3392415622242425,1.8157726510338543,0.2086230390980571,2.500844237790113
33.0,237.0,1000.5420532226562,-4.38181940135786,-3.791399619586264,1.709840430069,3.179839270708765,2.47262178616488,3.003668488078424,-0.339241562270528,1.815774513789451,0.2086230390980571,2.500885018000758
33.0,237.0,1000.5420532226562,-4.38181940135786,-3.790670426024673,1.7098404293869705,3.179839270708765,2.472621786164881,3.003668488078424,-0.339241562267367,1.81577450090167,0.2086227749624504,2.500845146298976
33.0,237.0,1000.5420532226562,-4.38181940135786,-3.791399619586264,1.7098404294414218,3.179839270708674,2.472621786164881,3.003668488078424,-0.3392415622703004,1.8157726510338543,0.2086230390980571,2.500845146298976
33.0,237.0,1000.5420532226562,-4.38181940135786,-3.790642452454031,1.7098404300704009,3.1798392707083942,2.472621786164881,3.003660837205356,-0.3392415622713721,1.8157745078776475,0.2086137241270717,2.500862349372877
33.0,237.0,1000.5420532226562,-4.38181940135786,-3.7906243239135846,1.709840430114503,3.179839270723649,2.472621786164881,3.003668457587627,-0.3392415622631017,1.8157745069157305,0.208622729160562,2.500844425883272
33.0,237.0,1000.5420532226562,-4.38181940135786,-3.790642452454031,1.7098404294304916,3.1798392707083942,2.472621786164881,3.0036608289813707,-0.3392415622713776,1.8157745078586585,0.2086137241270717,2.500862349372877
33.0,237.0,1000.5420532226562,-4.38181940135786,-3.791399619586264,1.7098404294298628,3.1798392707220104,2.472621786164881,3.0036606430048307,-0.3392415622236895,1.8157726510338543,0.2086230390899154,2.5008854678270525
33.0,237.0,1000.5420532226562,-4.38181940135786,-3.7906752117536895,1.709840430295558,3.1798392707083942,2.472621786164881,3.003660837205356,-0.3392415610441625,1.8157745673995056,0.2086137241270717,2.500855370087783
33.0,237.0,1000.5420532226562,-4.38181940135786,-3.791376894955498,1.7098404294428222,3.179839270708121,2.472621786164881,3.003660833508781,-0.3392415622713115,1.8157726441601327,0.2086134725461683,2.500862353142228
33.0,237.0,1000.5420532226562,-4.38181940135786,-3.791399619586264,1.709840429444765,3.1798392707080416,2.472621786164881,3.003660775893401,-0.3392415621896381,1.8157726076829053,0.2086230390980571,2.500845146298976
33.0,237.0,1000.5420532226562,-4.38181940135786,-3.790642452454031,1.7098404300619665,3.17983927070874,2.472621786164881,3.003668886311695,-0.3392415610441625,1.8157745069157305,0.2086137241270717,2.500855370087783
33.0,237.0,1000.5420532226562,-4.38181940135786,-3.791399619586264,1.709840351819497,3.179839270708768,2.472621786164864,3.0036684907645275,-0.3392415610538416,1.815772651023,0.2086132125915031,2.5008599578616884
33.0,237.0,1000.5420532226562,-4.38181940135786,-3.791399619586264,1.7098404294631833,3.1798392707220104,2.472621786164881,3.0036606430048307,-0.3392415622236895,1.8157727053620032,0.2086231541116818,2.5008854678270525
33.0,237.0,1000.5420532226562,-4.38181940135786,-3.791399619586264,1.7098404302945387,3.179839270708249,2.472621786164881,3.0036606455736408,-0.3392415622242425,1.8157726510338543,0.2086230392047941,2.500844237790113
33.0,237.0,1000.5420532226562,-4.38181940135786,-3.790642452454031,1.7098404300704009,3.17983927070838,2.472621786164881,3.003660837205356,-0.3392415622713721,1.8157745078776475,0.2086233749678867,2.500845391302937
33.0,238.0,1000.5420532226562,-4.38181940135786,-3.791399619586264,1.7098404294414218,3.179839270708765,2.47262178616488,3.003668488078424,-0.339241562270528,1.8157726510338543,0.2086230390980571,2.500885018000758
33.0,238.0,1000.5420532226562,-4.38181940135786,-3.791399619586264,1.7098404294414218,3.179839270708765,2.472621786164881,3.003668488078424,-0.339241562267367,1.8157726510338543,0.2086230390980571,2.5008856346343125
33.0,238.0,1000.5420532226562,-4.38181940135786,-3.791399619586264,1.7098404294414218,3.179839270708765,2.472621786164881,3.003668488078424,-0.339241562267367,1.8157726510338543,0.2086230390980571,2.500845146298976
33.0,238.0,1000.5420532226562,-4.38181940135786,-3.791399619586264,1.709840351819497,3.179839270708793,2.472621786164864,3.0036684148235206,-0.3392415628162528,1.8157726539566823,0.2086132125915031,2.5008599578616884
33.0,238.0,1000.5420532226562,-4.38181940135786,-3.790642452454031,1.7098404300704009,3.1798392707083942,2.472621786164881,3.003660837205356,-0.3392415622713721,1.8157745069157305,0.2086137241270717,2.500862349372877
33.0,238.0,1000.5420532226562,-4.38181940135786,-3.791399619586264,1.7098404294414218,3.179839270721792,2.472621786164881,3.003668488078424,-0.3392415622634411,1.8157726510338543,0.2086230390980571,2.500845146298976
33.0,238.0,1000.5420532226562,-4.38181940135786,-3.7913791580628944,1.7098404294615466,3.179839270708765,2.472621786164881,3.003660946789496,-0.339241562267367,1.8157726510338543,0.2086230381419017,2.5008856346343125
33.0,238.0,1000.5420532226562,-4.38181940135786,-3.790642452454031,1.7098404300704009,3.1798392707083942,2.472621786164881,3.003660837205356,-0.3392415610441625,1.8157745069157305,0.2086137241270717,2.500855370087783
33.0,238.0,1000.5420532226562,-4.38181940135786,-3.790642452454031,1.7098404300704009,3.1798392707083942,2.472621786164881,3.003660837205356,-0.3392415622713721,1.8157745078586585,0.2086137241270717,2.500862349372877
33.0,238.0,1000.5420532226562,-4.38181940135786,-3.791399619586264,1.7098404303448498,3.1798392707095475,2.4726217861648645,3.003668412601361,-0.3392415610705776,1.815772743477348,0.2086233763242197,2.500860261420601
33.0,238.0,1000.5420532226562,-4.38181940135786,-3.791399619586264,1.7098404294292768,3.179839270721792,2.472621786164881,3.003668488078424,-0.3392415622254228,1.8157726510338543,0.2086230390980571,2.500844237790113
33.0,238.0,1000.5420532226562,-4.38181940135786,-3.7906739349974408,1.7098404302940116,3.179839270709784,2.4726217861648814,3.003672483300215,-0.3392415623685247,1.8157726510338543,0.2086137253593646,2.5004206680550927
33.0,238.0,1000.5420532226562,-4.38181940135786,-3.7906243239135846,1.7098404301330437,3.179839270723649,2.472621786164881,3.003668457587627,-0.3392415622631017,1.8157745069157305,0.208622729160562,2.500844425883272
33.0,238.0,1000.5420532226562,-4.38181940135786,-3.791399619586264,1.7098404294414218,3.179839270708765,2.47262178616488,3.003668488078424,-0.339241562270528,1.8157726510338543,0.2086230390980571,2.500885018000758
33.0,238.0,1000.5420532226562,-4.38181940135786,-3.790649286305214,1.7098403463449732,3.179839270708746,2.472621786164881,3.003660714415029,-0.339241562270781,1.8157745069157305,0.2086137238561249,2.5008367607040665
33.0,238.0,1000.5420532226562,-4.38181940135786,-3.791399619586264,1.7098404294298628,3.1798392707220104,2.472621786164881,3.0036606430048307,-0.3392415622236895,1.8157726510338543,0.208623039089997,2.5008854678270525
33.0,238.0,1000.5420532226562,-4.38181940135786,-3.7906243239135846,1.7098404301330437,3.179839270723649,2.472621786164881,3.003668457587627,-0.3392415622631017,1.8157745069157305,0.208622729160562,2.500844425883272
33.0,238.0,1000.5420532226562,-4.38181940135786,-3.790642452454031,1.7098404300704009,3.1798392707083942,2.472621786164881,3.003660837205356,-0.3392415610441625,1.8157745069157305,0.2086137241270717,2.500855370087783
33.0,238.0,1000.5420532226562,-4.38181940135786,-3.791399619586264,1.7098404293796228,3.179839270721792,2.472621786164881,3.003668488078424,-0.3392415622254228,1.8157726510338543,0.2086230390980571,2.500844626159444
33.0,238.0,1000.5420532226562,-4.38181940135786,-3.791399619586264,1.7098404294414218,3.179839270708765,2.47262178616488,3.003668488078424,-0.339241562270528,1.8157726510338543,0.2086230390980571,2.500885018000758
33.0,238.0,1000.5420532226562,-4.38181940135786,-3.791399619586264,1.709840429448932,3.1798392707083867,2.47262178616488,3.003668488078424,-0.339241562270528,1.8157726510338543,0.2086230390980571,2.500885018000758
33.0,238.0,1000.5420532226562,-4.38181940135786,-3.7906739349974408,1.7098404300570111,3.179839270709784,2.4726217861648814,3.0036611078700526,-0.3392415623706099,1.8157726510338543,0.2086137241555447,2.5008524906692
33.0,238.0,1000.5420532226562,-4.38181940135786,-3.790642452454031,1.7098404300704009,3.1798392707083942,2.472621786164881,3.003660837205356,-0.3392415622713721,1.8157745078586585,0.2086137241270717,2.500862349372877
33.0,238.0,1000.5420532226562,-4.38181940135786,-3.790642452454031,1.7098404300704009,3.1798392707083942,2.472621786164881,3.003660837205356,-0.3392415622713721,1.8157745069157305,0.2086137241270717,2.500862349372877
33.0,238.0,1000.5420532226562,-4.38181940135786,-3.791399619586264,1.7098404294619,3.179839270721792,2.472621786164881,3.003660893931117,-0.3392415622634325,1.8157726510338543,0.2086230390980571,2.500886499227293
33.0,238.0,1000.5420532226562,-4.38181940135786,-3.791399619586264,1.709840429444765,3.1798392707080416,2.472621786164881,3.003660775893401,-0.3392415621896381,1.8157726076829053,0.2086230390980571,2.500845146298976
33.0,238.0,1000.5420532226562,-4.38181940135786,-3.790642452454031,1.7098404294428222,3.1798392707083942,2.472621786164881,3.003660837205356,-0.3392415622713721,1.8157726441601327,0.2086137241270717,2.500862349372877
33.0,238.0,1000.5420532226562,-4.38181940135786,-3.7906243239135846,1.7098404301153218,3.179839270723649,2.472621786164881,3.003668457587627,-0.3392415622631017,1.8157745069157305,0.208622729160562,2.500844425883272
33.0,238.0,1000.5420532226562,-4.38181940135786,-3.7914001871439287,1.7098404294615466,3.1798392707084977,2.472621786164881,3.003660946789496,-0.339241562267367,1.8157726510338543,0.2086230381583792,2.5008856346343125
33.0,238.0,1000.5420532226562,-4.38181940135786,-3.791399619586264,1.7098404294406784,3.179839270708765,2.47262178616488,3.003660656295032,-0.3392415622713403,1.8157726510338543,0.2086136091026548,2.500885018000758
33.0,238.0,1000.5420532226562,-4.38181940135786,-3.7913680014187214,1.709840429244237,3.179839270722066,2.472621786164881,3.003660837205356,-0.3392415610441625,1.8157745150477216,0.2086137241270717,2.5008553307019743
33.0,238.0,1000.5420532226562,-4.38181940135786,-3.791399619586264,1.7098404294497254,3.179839270721793,2.472621786164881,3.0036609651200257,-0.3392415622634325,1.8157726510338543,0.2086230390980571,2.500886499227293
33.0,238.0,1000.5420532226562,-4.38181940135786,-3.7906739349974408,1.7098404302948869,3.179839270722779,2.4726217861648814,3.0036722730194607,-0.3392415622594384,1.8157726510338543,0.2086137253593646,2.5008317965955813
33.0,238.0,1000.5420532226562,-4.38181940135786,-3.791409272191306,1.709840430035389,3.1798392707084084,2.47262178616488,3.003668488078424,-0.3392415610465055,1.8157726510338543,0.2086230390980571,2.500885018000758
33.0,238.0,1000.5420532226562,-4.38181940135786,-3.791399619586264,1.7098404302945387,3.179839270721827,2.472621786164881,3.003668488078424,-0.3392415622242425,1.8157726510338543,0.2086230390980571,2.500844237790113
33.0,238.0,1000.5420532226562,-4.38181940135786,-3.791399619586264,1.709840430069,3.179839270708765,2.47262178616488,3.003668488078424,-0.339241562270528,1.815774513789451,0.2086230390980571,2.500885018000758
33.0,238.0,1000.5420532226562,-4.38181940135786,-3.790670426024673,1.7098404293869705,3.179839270708765,2.472621786164881,3.003668488078424,-0.339241562267367,1.81577450090167,0.2086227749624504,2.500845146298976
33.0,238.0,1000.5420532226562,-4.38181940135786,-3.791399619586264,1.7098404294414218,3.179839270708674,2.472621786164881,3.003668488078424,-0.3392415622703004,1.8157726510338543,0.2086230390980571,2.500845146298976
33.0,238.0,1000.5420532226562,-4.38181940135786,-3.790642452454031,1.7098404300704009,3.1798392707083942,2.472621786164881,3.003660837205356,-0.3392415622713721,1.8157745078776475,0.2086137241270717,2.500862349372877
33.0,238.0,1000.5420532226562,-4.38181940135786,-3.7906243239135846,1.709840430114503,3.179839270723649,2.472621786164881,3.003668457587627,-0.3392415622631017,1.8157745069157305,0.208622729160562,2.500844425883272
33.0,238.0,1000.5420532226562,-4.38181940135786,-3.790642452454031,1.7098404294304916,3.1798392707083942,2.472621786164881,3.0036608289813707,-0.3392415622713776,1.8157745078586585,0.2086137241270717,2.500862349372877
33.0,238.0,1000.5420532226562,-4.38181940135786,-3.791399619586264,1.7098404294298628,3.1798392707220104,2.472621786164881,3.0036606430048307,-0.3392415622236895,1.8157726510338543,0.2086230390899154,2.5008854678270525
33.0,238.0,1000.5420532226562,-4.38181940135786,-3.7906752117536895,1.709840430295558,3.1798392707083942,2.472621786164881,3.003660837205356,-0.3392415610441625,1.8157745673995056,0.2086137241270717,2.500855370087783
33.0,238.0,1000.5420532226562,-4.38181940135786,-3.791376894955498,1.7098404294428222,3.179839270708121,2.472621786164881,3.003660833508781,-0.3392415622713115,1.8157726441601327,0.2086134725461683,2.500862353142228
33.0,238.0,1000.5420532226562,-4.38181940135786,-3.791399619586264,1.709840429444765,3.1798392707080416,2.472621786164881,3.003660775893401,-0.3392415621896381,1.8157726076829053,0.2086230390980571,2.500845146298976
33.0,238.0,1000.5420532226562,-4.38181940135786,-3.790642452454031,1.7098404300619665,3.17983927070874,2.472621786164881,3.003668886311695,-0.3392415610441625,1.8157745069157305,0.2086137241270717,2.500855370087783
33.0,238.0,1000.5420532226562,-4.38181940135786,-3.791399619586264,1.709840351819497,3.179839270708768,2.472621786164864,3.0036684907645275,-0.3392415610538416,1.815772651023,0.2086132125915031,2.5008599578616884
33.0,238.0,1000.5420532226562,-4.38181940135786,-3.791399619586264,1.7098404294631833,3.1798392707220104,2.472621786164881,3.0036606430048307,-0.3392415622236895,1.8157727053620032,0.2086231541116818,2.5008854678270525
33.0,238.0,1000.5420532226562,-4.38181940135786,-3.791399619586264,1.7098404302945387,3.179839270708249,2.472621786164881,3.0036606455736408,-0.3392415622242425,1.8157726510338543,0.2086230392047941,2.500844237790113
33.0,238.0,1000.5420532226562,-4.38181940135786,-3.790642452454031,1.7098404300704009,3.17983927070838,2.472621786164881,3.003660837205356,-0.3392415622713721,1.8157745078776475,0.2086233749678867,2.500845391302937
33.0,239.0,1000.5420532226562,-4.38181940135786,-3.791399619586264,1.7098404294414218,3.179839270708765,2.47262178616488,3.003668488078424,-0.339241562270528,1.8157726510338543,0.2086230390980571,2.500885018000758
33.0,239.0,1000.5420532226562,-4.38181940135786,-3.791399619586264,1.7098404294414218,3.179839270708765,2.472621786164881,3.003668488078424,-0.339241562267367,1.8157726510338543,0.2086230390980571,2.5008856346343125
33.0,239.0,1000.5420532226562,-4.38181940135786,-3.791399619586264,1.7098404294414218,3.179839270708765,2.472621786164881,3.003668488078424,-0.339241562267367,1.8157726510338543,0.2086230390980571,2.500845146298976
33.0,239.0,1000.5420532226562,-4.38181940135786,-3.791399619586264,1.709840351819497,3.179839270708793,2.472621786164864,3.0036684148235206,-0.3392415628162528,1.8157726539566823,0.2086132125915031,2.5008599578616884
33.0,239.0,1000.5420532226562,-4.38181940135786,-3.790642452454031,1.7098404300704009,3.1798392707083942,2.472621786164881,3.003660837205356,-0.3392415622713721,1.8157745069157305,0.2086137241270717,2.500862349372877
33.0,239.0,1000.5420532226562,-4.38181940135786,-3.791399619586264,1.7098404294414218,3.179839270721792,2.472621786164881,3.003668488078424,-0.3392415622634411,1.8157726510338543,0.2086230390980571,2.500845146298976
33.0,239.0,1000.5420532226562,-4.38181940135786,-3.7913791580628944,1.7098404294615466,3.179839270708765,2.472621786164881,3.003660946789496,-0.339241562267367,1.8157726510338543,0.2086230381419017,2.5008856346343125
33.0,239.0,1000.5420532226562,-4.38181940135786,-3.790642452454031,1.7098404300704009,3.1798392707083942,2.472621786164881,3.003660837205356,-0.3392415610441625,1.8157745069157305,0.2086137241270717,2.500855370087783
33.0,239.0,1000.5420532226562,-4.38181940135786,-3.790642452454031,1.7098404300704009,3.1798392707083942,2.472621786164881,3.003660837205356,-0.3392415622713721,1.8157745078586585,0.2086137241270717,2.500862349372877
33.0,239.0,1000.5420532226562,-4.38181940135786,-3.791399619586264,1.7098404303448498,3.1798392707095475,2.4726217861648645,3.003668412601361,-0.3392415610705776,1.815772743477348,0.2086233763242197,2.500860261420601
33.0,239.0,1000.5420532226562,-4.38181940135786,-3.791399619586264,1.7098404294292768,3.179839270721792,2.472621786164881,3.003668488078424,-0.3392415622254228,1.8157726510338543,0.2086230390980571,2.500844237790113
33.0,239.0,1000.5420532226562,-4.38181940135786,-3.7906739349974408,1.7098404302940116,3.179839270709784,2.4726217861648814,3.003672483300215,-0.3392415623685247,1.8157726510338543,0.2086137253593646,2.5004206680550927
33.0,239.0,1000.5420532226562,-4.38181940135786,-3.7906243239135846,1.7098404301330437,3.179839270723649,2.472621786164881,3.003668457587627,-0.3392415622631017,1.8157745069157305,0.208622729160562,2.500844425883272
33.0,239.0,1000.5420532226562,-4.38181940135786,-3.791399619586264,1.7098404294414218,3.179839270708765,2.47262178616488,3.003668488078424,-0.339241562270528,1.8157726510338543,0.2086230390980571,2.500885018000758
33.0,239.0,1000.5420532226562,-4.38181940135786,-3.790649286305214,1.7098403463449732,3.179839270708746,2.472621786164881,3.003660714415029,-0.339241562270781,1.8157745069157305,0.2086137238561249,2.5008367607040665
33.0,239.0,1000.5420532226562,-4.38181940135786,-3.791399619586264,1.7098404294298628,3.1798392707220104,2.472621786164881,3.0036606430048307,-0.3392415622236895,1.8157726510338543,0.208623039089997,2.5008854678270525
33.0,239.0,1000.5420532226562,-4.38181940135786,-3.7906243239135846,1.7098404301330437,3.179839270723649,2.472621786164881,3.003668457587627,-0.3392415622631017,1.8157745069157305,0.208622729160562,2.500844425883272
33.0,239.0,1000.5420532226562,-4.38181940135786,-3.790642452454031,1.7098404300704009,3.1798392707083942,2.472621786164881,3.003660837205356,-0.3392415610441625,1.8157745069157305,0.2086137241270717,2.500855370087783
33.0,239.0,1000.5420532226562,-4.38181940135786,-3.791399619586264,1.7098404293796228,3.179839270721792,2.472621786164881,3.003668488078424,-0.3392415622254228,1.8157726510338543,0.2086230390980571,2.500844626159444
33.0,239.0,1000.5420532226562,-4.38181940135786,-3.791399619586264,1.7098404294414218,3.179839270708765,2.47262178616488,3.003668488078424,-0.339241562270528,1.8157726510338543,0.2086230390980571,2.500885018000758
33.0,239.0,1000.5420532226562,-4.38181940135786,-3.791399619586264,1.709840429448932,3.1798392707083867,2.47262178616488,3.003668488078424,-0.339241562270528,1.8157726510338543,0.2086230390980571,2.500885018000758
33.0,239.0,1000.5420532226562,-4.38181940135786,-3.7906739349974408,1.7098404300570111,3.179839270709784,2.4726217861648814,3.0036611078700526,-0.3392415623706099,1.8157726510338543,0.2086137241555447,2.5008524906692
33.0,239.0,1000.5420532226562,-4.38181940135786,-3.790642452454031,1.7098404300704009,3.1798392707083942,2.472621786164881,3.003660837205356,-0.3392415622713721,1.8157745078586585,0.2086137241270717,2.500862349372877
33.0,239.0,1000.5420532226562,-4.38181940135786,-3.790642452454031,1.7098404300704009,3.1798392707083942,2.472621786164881,3.003660837205356,-0.3392415622713721,1.8157745069157305,0.2086137241270717,2.500862349372877
33.0,239.0,1000.5420532226562,-4.38181940135786,-3.791399619586264,1.7098404294619,3.179839270721792,2.472621786164881,3.003660893931117,-0.3392415622634325,1.8157726510338543,0.2086230390980571,2.500886499227293
33.0,239.0,1000.5420532226562,-4.38181940135786,-3.791399619586264,1.709840429444765,3.1798392707080416,2.472621786164881,3.003660775893401,-0.3392415621896381,1.8157726076829053,0.2086230390980571,2.500845146298976
33.0,239.0,1000.5420532226562,-4.38181940135786,-3.790642452454031,1.7098404294428222,3.1798392707083942,2.472621786164881,3.003660837205356,-0.3392415622713721,1.8157726441601327,0.2086137241270717,2.500862349372877
33.0,239.0,1000.5420532226562,-4.38181940135786,-3.7906243239135846,1.7098404301153218,3.179839270723649,2.472621786164881,3.003668457587627,-0.3392415622631017,1.8157745069157305,0.208622729160562,2.500844425883272
33.0,239.0,1000.5420532226562,-4.38181940135786,-3.7914001871439287,1.7098404294615466,3.1798392707084977,2.472621786164881,3.003660946789496,-0.339241562267367,1.8157726510338543,0.2086230381583792,2.5008856346343125
33.0,239.0,1000.5420532226562,-4.38181940135786,-3.791399619586264,1.7098404294406784,3.179839270708765,2.47262178616488,3.003660656295032,-0.3392415622713403,1.8157726510338543,0.2086136091026548,2.500885018000758
33.0,239.0,1000.5420532226562,-4.38181940135786,-3.7913680014187214,1.709840429244237,3.179839270722066,2.472621786164881,3.003660837205356,-0.3392415610441625,1.8157745150477216,0.2086137241270717,2.5008553307019743
33.0,239.0,1000.5420532226562,-4.38181940135786,-3.791399619586264,1.7098404294497254,3.179839270721793,2.472621786164881,3.0036609651200257,-0.3392415622634325,1.8157726510338543,0.2086230390980571,2.500886499227293
33.0,239.0,1000.5420532226562,-4.38181940135786,-3.7906739349974408,1.7098404302948869,3.179839270722779,2.4726217861648814,3.0036722730194607,-0.3392415622594384,1.8157726510338543,0.2086137253593646,2.5008317965955813
33.0,239.0,1000.5420532226562,-4.38181940135786,-3.791409272191306,1.709840430035389,3.1798392707084084,2.47262178616488,3.003668488078424,-0.3392415610465055,1.8157726510338543,0.2086230390980571,2.500885018000758
33.0,239.0,1000.5420532226562,-4.38181940135786,-3.791399619586264,1.7098404302945387,3.179839270721827,2.472621786164881,3.003668488078424,-0.3392415622242425,1.8157726510338543,0.2086230390980571,2.500844237790113
33.0,239.0,1000.5420532226562,-4.38181940135786,-3.791399619586264,1.709840430069,3.179839270708765,2.47262178616488,3.003668488078424,-0.339241562270528,1.815774513789451,0.2086230390980571,2.500885018000758
33.0,239.0,1000.5420532226562,-4.38181940135786,-3.790670426024673,1.7098404293869705,3.179839270708765,2.472621786164881,3.003668488078424,-0.339241562267367,1.81577450090167,0.2086227749624504,2.500845146298976
33.0,239.0,1000.5420532226562,-4.38181940135786,-3.791399619586264,1.7098404294414218,3.179839270708674,2.472621786164881,3.003668488078424,-0.3392415622703004,1.8157726510338543,0.2086230390980571,2.500845146298976
33.0,239.0,1000.5420532226562,-4.38181940135786,-3.790642452454031,1.7098404300704009,3.1798392707083942,2.472621786164881,3.003660837205356,-0.3392415622713721,1.8157745078776475,0.2086137241270717,2.500862349372877
33.0,239.0,1000.5420532226562,-4.38181940135786,-3.7906243239135846,1.709840430114503,3.179839270723649,2.472621786164881,3.003668457587627,-0.3392415622631017,1.8157745069157305,0.208622729160562,2.500844425883272
33.0,239.0,1000.5420532226562,-4.38181940135786,-3.790642452454031,1.7098404294304916,3.1798392707083942,2.472621786164881,3.0036608289813707,-0.3392415622713776,1.8157745078586585,0.2086137241270717,2.500862349372877
33.0,239.0,1000.5420532226562,-4.38181940135786,-3.791399619586264,1.7098404294298628,3.1798392707220104,2.472621786164881,3.0036606430048307,-0.3392415622236895,1.8157726510338543,0.2086230390899154,2.5008854678270525
33.0,239.0,1000.5420532226562,-4.38181940135786,-3.7906752117536895,1.709840430295558,3.1798392707083942,2.472621786164881,3.003660837205356,-0.3392415610441625,1.8157745673995056,0.2086137241270717,2.500855370087783
33.0,239.0,1000.5420532226562,-4.38181940135786,-3.791376894955498,1.7098404294428222,3.179839270708121,2.472621786164881,3.003660833508781,-0.3392415622713115,1.8157726441601327,0.2086134725461683,2.500862353142228
33.0,239.0,1000.5420532226562,-4.38181940135786,-3.791399619586264,1.709840429444765,3.1798392707080416,2.472621786164881,3.003660775893401,-0.3392415621896381,1.8157726076829053,0.2086230390980571,2.500845146298976
33.0,239.0,1000.5420532226562,-4.38181940135786,-3.790642452454031,1.7098404300619665,3.17983927070874,2.472621786164881,3.003668886311695,-0.3392415610441625,1.8157745069157305,0.2086137241270717,2.500855370087783
33.0,239.0,1000.5420532226562,-4.38181940135786,-3.791399619586264,1.709840351819497,3.179839270708768,2.472621786164864,3.0036684907645275,-0.3392415610538416,1.815772651023,0.2086132125915031,2.5008599578616884
33.0,239.0,1000.5420532226562,-4.38181940135786,-3.791399619586264,1.7098404294631833,3.1798392707220104,2.472621786164881,3.0036606430048307,-0.3392415622236895,1.8157727053620032,0.2086231541116818,2.5008854678270525
33.0,239.0,1000.5420532226562,-4.38181940135786,-3.791399619586264,1.7098404302945387,3.179839270708249,2.472621786164881,3.0036606455736408,-0.3392415622242425,1.8157726510338543,0.2086230392047941,2.500844237790113
33.0,239.0,1000.5420532226562,-4.38181940135786,-3.790642452454031,1.7098404300704009,3.17983927070838,2.472621786164881,3.003660837205356,-0.3392415622713721,1.8157745078776475,0.2086233749678867,2.500845391302937
33.0,240.0,1000.5420532226562,-4.38181940135786,-3.791399619586264,1.7098404294414218,3.179839270708765,2.47262178616488,3.003668488078424,-0.339241562270528,1.8157726510338543,0.2086230390980571,2.500885018000758
33.0,240.0,1000.5420532226562,-4.38181940135786,-3.791399619586264,1.7098404294414218,3.179839270708765,2.472621786164881,3.003668488078424,-0.339241562267367,1.8157726510338543,0.2086230390980571,2.5008856346343125
33.0,240.0,1000.5420532226562,-4.38181940135786,-3.791399619586264,1.7098404294414218,3.179839270708765,2.472621786164881,3.003668488078424,-0.339241562267367,1.8157726510338543,0.2086230390980571,2.500845146298976
33.0,240.0,1000.5420532226562,-4.38181940135786,-3.791399619586264,1.709840351819497,3.179839270708793,2.472621786164864,3.0036684148235206,-0.3392415628162528,1.8157726539566823,0.2086132125915031,2.5008599578616884
33.0,240.0,1000.5420532226562,-4.38181940135786,-3.790642452454031,1.7098404300704009,3.1798392707083942,2.472621786164881,3.003660837205356,-0.3392415622713721,1.8157745069157305,0.2086137241270717,2.500862349372877
33.0,240.0,1000.5420532226562,-4.38181940135786,-3.791399619586264,1.7098404294414218,3.179839270721792,2.472621786164881,3.003668488078424,-0.3392415622634411,1.8157726510338543,0.2086230390980571,2.500845146298976
33.0,240.0,1000.5420532226562,-4.38181940135786,-3.7913791580628944,1.7098404294615466,3.179839270708765,2.472621786164881,3.003660946789496,-0.339241562267367,1.8157726510338543,0.2086230381419017,2.5008856346343125
33.0,240.0,1000.5420532226562,-4.38181940135786,-3.790642452454031,1.7098404300704009,3.1798392707083942,2.472621786164881,3.003660837205356,-0.3392415610441625,1.8157745069157305,0.2086137241270717,2.500855370087783
33.0,240.0,1000.5420532226562,-4.38181940135786,-3.790642452454031,1.7098404300704009,3.1798392707083942,2.472621786164881,3.003660837205356,-0.3392415622713721,1.8157745078586585,0.2086137241270717,2.500862349372877
33.0,240.0,1000.5420532226562,-4.38181940135786,-3.791399619586264,1.7098404303448498,3.1798392707095475,2.4726217861648645,3.003668412601361,-0.3392415610705776,1.815772743477348,0.2086233763242197,2.500860261420601
33.0,240.0,1000.5420532226562,-4.38181940135786,-3.791399619586264,1.7098404294292768,3.179839270721792,2.472621786164881,3.003668488078424,-0.3392415622254228,1.8157726510338543,0.2086230390980571,2.500844237790113
33.0,240.0,1000.5420532226562,-4.38181940135786,-3.7906739349974408,1.7098404302940116,3.179839270709784,2.4726217861648814,3.003672483300215,-0.3392415623685247,1.8157726510338543,0.2086137253593646,2.5004206680550927
33.0,240.0,1000.5420532226562,-4.38181940135786,-3.7906243239135846,1.7098404301330437,3.179839270723649,2.472621786164881,3.003668457587627,-0.3392415622631017,1.8157745069157305,0.208622729160562,2.500844425883272
33.0,240.0,1000.5420532226562,-4.38181940135786,-3.791399619586264,1.7098404294414218,3.179839270708765,2.47262178616488,3.003668488078424,-0.339241562270528,1.8157726510338543,0.2086230390980571,2.500885018000758
33.0,240.0,1000.5420532226562,-4.38181940135786,-3.790649286305214,1.7098403463449732,3.179839270708746,2.472621786164881,3.003660714415029,-0.339241562270781,1.8157745069157305,0.2086137238561249,2.5008367607040665
33.0,240.0,1000.5420532226562,-4.38181940135786,-3.791399619586264,1.7098404294298628,3.1798392707220104,2.472621786164881,3.0036606430048307,-0.3392415622236895,1.8157726510338543,0.208623039089997,2.5008854678270525
33.0,240.0,1000.5420532226562,-4.38181940135786,-3.7906243239135846,1.7098404301330437,3.179839270723649,2.472621786164881,3.003668457587627,-0.3392415622631017,1.8157745069157305,0.208622729160562,2.500844425883272
33.0,240.0,1000.5420532226562,-4.38181940135786,-3.790642452454031,1.7098404300704009,3.1798392707083942,2.472621786164881,3.003660837205356,-0.3392415610441625,1.8157745069157305,0.2086137241270717,2.500855370087783
33.0,240.0,1000.5420532226562,-4.38181940135786,-3.791399619586264,1.7098404293796228,3.179839270721792,2.472621786164881,3.003668488078424,-0.3392415622254228,1.8157726510338543,0.2086230390980571,2.500844626159444
33.0,240.0,1000.5420532226562,-4.38181940135786,-3.791399619586264,1.7098404294414218,3.179839270708765,2.47262178616488,3.003668488078424,-0.339241562270528,1.8157726510338543,0.2086230390980571,2.500885018000758
33.0,240.0,1000.5420532226562,-4.38181940135786,-3.791399619586264,1.709840429448932,3.1798392707083867,2.47262178616488,3.003668488078424,-0.339241562270528,1.8157726510338543,0.2086230390980571,2.500885018000758
33.0,240.0,1000.5420532226562,-4.38181940135786,-3.7906739349974408,1.7098404300570111,3.179839270709784,2.4726217861648814,3.0036611078700526,-0.3392415623706099,1.8157726510338543,0.2086137241555447,2.5008524906692
33.0,240.0,1000.5420532226562,-4.38181940135786,-3.790642452454031,1.7098404300704009,3.1798392707083942,2.472621786164881,3.003660837205356,-0.3392415622713721,1.8157745078586585,0.2086137241270717,2.500862349372877
33.0,240.0,1000.5420532226562,-4.38181940135786,-3.790642452454031,1.7098404300704009,3.1798392707083942,2.472621786164881,3.003660837205356,-0.3392415622713721,1.8157745069157305,0.2086137241270717,2.500862349372877
33.0,240.0,1000.5420532226562,-4.38181940135786,-3.791399619586264,1.7098404294619,3.179839270721792,2.472621786164881,3.003660893931117,-0.3392415622634325,1.8157726510338543,0.2086230390980571,2.500886499227293
33.0,240.0,1000.5420532226562,-4.38181940135786,-3.791399619586264,1.709840429444765,3.1798392707080416,2.472621786164881,3.003660775893401,-0.3392415621896381,1.8157726076829053,0.2086230390980571,2.500845146298976
33.0,240.0,1000.5420532226562,-4.38181940135786,-3.790642452454031,1.7098404294428222,3.1798392707083942,2.472621786164881,3.003660837205356,-0.3392415622713721,1.8157726441601327,0.2086137241270717,2.500862349372877
33.0,240.0,1000.5420532226562,-4.38181940135786,-3.7906243239135846,1.7098404301153218,3.179839270723649,2.472621786164881,3.003668457587627,-0.3392415622631017,1.8157745069157305,0.208622729160562,2.500844425883272
33.0,240.0,1000.5420532226562,-4.38181940135786,-3.7914001871439287,1.7098404294615466,3.1798392707084977,2.472621786164881,3.003660946789496,-0.339241562267367,1.8157726510338543,0.2086230381583792,2.5008856346343125
33.0,240.0,1000.5420532226562,-4.38181940135786,-3.791399619586264,1.7098404294406784,3.179839270708765,2.47262178616488,3.003660656295032,-0.3392415622713403,1.8157726510338543,0.2086136091026548,2.500885018000758
33.0,240.0,1000.5420532226562,-4.38181940135786,-3.7913680014187214,1.709840429244237,3.179839270722066,2.472621786164881,3.003660837205356,-0.3392415610441625,1.8157745150477216,0.2086137241270717,2.5008553307019743
33.0,240.0,1000.5420532226562,-4.38181940135786,-3.791399619586264,1.7098404294497254,3.179839270721793,2.472621786164881,3.0036609651200257,-0.3392415622634325,1.8157726510338543,0.2086230390980571,2.500886499227293
33.0,240.0,1000.5420532226562,-4.38181940135786,-3.7906739349974408,1.7098404302948869,3.179839270722779,2.4726217861648814,3.0036722730194607,-0.3392415622594384,1.8157726510338543,0.2086137253593646,2.5008317965955813
33.0,240.0,1000.5420532226562,-4.38181940135786,-3.791409272191306,1.709840430035389,3.1798392707084084,2.47262178616488,3.003668488078424,-0.3392415610465055,1.8157726510338543,0.2086230390980571,2.500885018000758
33.0,240.0,1000.5420532226562,-4.38181940135786,-3.791399619586264,1.7098404302945387,3.179839270721827,2.472621786164881,3.003668488078424,-0.3392415622242425,1.8157726510338543,0.2086230390980571,2.500844237790113
33.0,240.0,1000.5420532226562,-4.38181940135786,-3.791399619586264,1.709840430069,3.179839270708765,2.47262178616488,3.003668488078424,-0.339241562270528,1.815774513789451,0.2086230390980571,2.500885018000758
33.0,240.0,1000.5420532226562,-4.38181940135786,-3.790670426024673,1.7098404293869705,3.179839270708765,2.472621786164881,3.003668488078424,-0.339241562267367,1.81577450090167,0.2086227749624504,2.500845146298976
33.0,240.0,1000.5420532226562,-4.38181940135786,-3.791399619586264,1.7098404294414218,3.179839270708674,2.472621786164881,3.003668488078424,-0.3392415622703004,1.8157726510338543,0.2086230390980571,2.500845146298976
33.0,240.0,1000.5420532226562,-4.38181940135786,-3.790642452454031,1.7098404300704009,3.1798392707083942,2.472621786164881,3.003660837205356,-0.3392415622713721,1.8157745078776475,0.2086137241270717,2.500862349372877
33.0,240.0,1000.5420532226562,-4.38181940135786,-3.7906243239135846,1.709840430114503,3.179839270723649,2.472621786164881,3.003668457587627,-0.3392415622631017,1.8157745069157305,0.208622729160562,2.500844425883272
33.0,240.0,1000.5420532226562,-4.38181940135786,-3.790642452454031,1.7098404294304916,3.1798392707083942,2.472621786164881,3.0036608289813707,-0.3392415622713776,1.8157745078586585,0.2086137241270717,2.500862349372877
33.0,240.0,1000.5420532226562,-4.38181940135786,-3.791399619586264,1.7098404294298628,3.1798392707220104,2.472621786164881,3.0036606430048307,-0.3392415622236895,1.8157726510338543,0.2086230390899154,2.5008854678270525
33.0,240.0,1000.5420532226562,-4.38181940135786,-3.7906752117536895,1.709840430295558,3.1798392707083942,2.472621786164881,3.003660837205356,-0.3392415610441625,1.8157745673995056,0.2086137241270717,2.500855370087783
33.0,240.0,1000.5420532226562,-4.38181940135786,-3.791376894955498,1.7098404294428222,3.179839270708121,2.472621786164881,3.003660833508781,-0.3392415622713115,1.8157726441601327,0.2086134725461683,2.500862353142228
33.0,240.0,1000.5420532226562,-4.38181940135786,-3.791399619586264,1.709840429444765,3.1798392707080416,2.472621786164881,3.003660775893401,-0.3392415621896381,1.8157726076829053,0.2086230390980571,2.500845146298976
33.0,240.0,1000.5420532226562,-4.38181940135786,-3.790642452454031,1.7098404300619665,3.17983927070874,2.472621786164881,3.003668886311695,-0.3392415610441625,1.8157745069157305,0.2086137241270717,2.500855370087783
33.0,240.0,1000.5420532226562,-4.38181940135786,-3.791399619586264,1.709840351819497,3.179839270708768,2.472621786164864,3.0036684907645275,-0.3392415610538416,1.815772651023,0.2086132125915031,2.5008599578616884
33.0,240.0,1000.5420532226562,-4.38181940135786,-3.791399619586264,1.7098404294631833,3.1798392707220104,2.472621786164881,3.0036606430048307,-0.3392415622236895,1.8157727053620032,0.2086231541116818,2.5008854678270525
33.0,240.0,1000.5420532226562,-4.38181940135786,-3.791399619586264,1.7098404302945387,3.179839270708249,2.472621786164881,3.0036606455736408,-0.3392415622242425,1.8157726510338543,0.2086230392047941,2.500844237790113
33.0,240.0,1000.5420532226562,-4.38181940135786,-3.790642452454031,1.7098404300704009,3.17983927070838,2.472621786164881,3.003660837205356,-0.3392415622713721,1.8157745078776475,0.2086233749678867,2.500845391302937
33.0,241.0,1000.5420532226562,-4.38181940135786,-3.791399619586264,1.7098404294414218,3.179839270708765,2.47262178616488,3.003668488078424,-0.339241562270528,1.8157726510338543,0.2086230390980571,2.500885018000758
33.0,241.0,1000.5420532226562,-4.38181940135786,-3.791399619586264,1.7098404294414218,3.179839270708765,2.472621786164881,3.003668488078424,-0.339241562267367,1.8157726510338543,0.2086230390980571,2.5008856346343125
33.0,241.0,1000.5420532226562,-4.38181940135786,-3.791399619586264,1.7098404294414218,3.179839270708765,2.472621786164881,3.003668488078424,-0.339241562267367,1.8157726510338543,0.2086230390980571,2.500845146298976
33.0,241.0,1000.5420532226562,-4.38181940135786,-3.791399619586264,1.709840351819497,3.179839270708793,2.472621786164864,3.0036684148235206,-0.3392415628162528,1.8157726539566823,0.2086132125915031,2.5008599578616884
33.0,241.0,1000.5420532226562,-4.38181940135786,-3.790642452454031,1.7098404300704009,3.1798392707083942,2.472621786164881,3.003660837205356,-0.3392415622713721,1.8157745069157305,0.2086137241270717,2.500862349372877
33.0,241.0,1000.5420532226562,-4.38181940135786,-3.791399619586264,1.7098404294414218,3.179839270721792,2.472621786164881,3.003668488078424,-0.3392415622634411,1.8157726510338543,0.2086230390980571,2.500845146298976
33.0,241.0,1000.5420532226562,-4.38181940135786,-3.7913791580628944,1.7098404294615466,3.179839270708765,2.472621786164881,3.003660946789496,-0.339241562267367,1.8157726510338543,0.2086230381419017,2.5008856346343125
33.0,241.0,1000.5420532226562,-4.38181940135786,-3.790642452454031,1.7098404300704009,3.1798392707083942,2.472621786164881,3.003660837205356,-0.3392415610441625,1.8157745069157305,0.2086137241270717,2.500855370087783
33.0,241.0,1000.5420532226562,-4.38181940135786,-3.790642452454031,1.7098404300704009,3.1798392707083942,2.472621786164881,3.003660837205356,-0.3392415622713721,1.8157745078586585,0.2086137241270717,2.500862349372877
33.0,241.0,1000.5420532226562,-4.38181940135786,-3.791399619586264,1.7098404303448498,3.1798392707095475,2.4726217861648645,3.003668412601361,-0.3392415610705776,1.815772743477348,0.2086233763242197,2.500860261420601
33.0,241.0,1000.5420532226562,-4.38181940135786,-3.791399619586264,1.7098404294292768,3.179839270721792,2.472621786164881,3.003668488078424,-0.3392415622254228,1.8157726510338543,0.2086230390980571,2.500844237790113
33.0,241.0,1000.5420532226562,-4.38181940135786,-3.7906739349974408,1.7098404302940116,3.179839270709784,2.4726217861648814,3.003672483300215,-0.3392415623685247,1.8157726510338543,0.2086137253593646,2.5004206680550927
33.0,241.0,1000.5420532226562,-4.38181940135786,-3.7906243239135846,1.7098404301330437,3.179839270723649,2.472621786164881,3.003668457587627,-0.3392415622631017,1.8157745069157305,0.208622729160562,2.500844425883272
33.0,241.0,1000.5420532226562,-4.38181940135786,-3.791399619586264,1.7098404294414218,3.179839270708765,2.47262178616488,3.003668488078424,-0.339241562270528,1.8157726510338543,0.2086230390980571,2.500885018000758
33.0,241.0,1000.5420532226562,-4.38181940135786,-3.790649286305214,1.7098403463449732,3.179839270708746,2.472621786164881,3.003660714415029,-0.339241562270781,1.8157745069157305,0.2086137238561249,2.5008367607040665
33.0,241.0,1000.5420532226562,-4.38181940135786,-3.791399619586264,1.7098404294298628,3.1798392707220104,2.472621786164881,3.0036606430048307,-0.3392415622236895,1.8157726510338543,0.208623039089997,2.5008854678270525
33.0,241.0,1000.5420532226562,-4.38181940135786,-3.7906243239135846,1.7098404301330437,3.179839270723649,2.472621786164881,3.003668457587627,-0.3392415622631017,1.8157745069157305,0.208622729160562,2.500844425883272
33.0,241.0,1000.5420532226562,-4.38181940135786,-3.790642452454031,1.7098404300704009,3.1798392707083942,2.472621786164881,3.003660837205356,-0.3392415610441625,1.8157745069157305,0.2086137241270717,2.500855370087783
33.0,241.0,1000.5420532226562,-4.38181940135786,-3.791399619586264,1.7098404293796228,3.179839270721792,2.472621786164881,3.003668488078424,-0.3392415622254228,1.8157726510338543,0.2086230390980571,2.500844626159444
33.0,241.0,1000.5420532226562,-4.38181940135786,-3.791399619586264,1.7098404294414218,3.179839270708765,2.47262178616488,3.003668488078424,-0.339241562270528,1.8157726510338543,0.2086230390980571,2.500885018000758
33.0,241.0,1000.5420532226562,-4.38181940135786,-3.791399619586264,1.709840429448932,3.1798392707083867,2.47262178616488,3.003668488078424,-0.339241562270528,1.8157726510338543,0.2086230390980571,2.500885018000758
33.0,241.0,1000.5420532226562,-4.38181940135786,-3.7906739349974408,1.7098404300570111,3.179839270709784,2.4726217861648814,3.0036611078700526,-0.3392415623706099,1.8157726510338543,0.2086137241555447,2.5008524906692
33.0,241.0,1000.5420532226562,-4.38181940135786,-3.790642452454031,1.7098404300704009,3.1798392707083942,2.472621786164881,3.003660837205356,-0.3392415622713721,1.8157745078586585,0.2086137241270717,2.500862349372877
33.0,241.0,1000.5420532226562,-4.38181940135786,-3.790642452454031,1.7098404300704009,3.1798392707083942,2.472621786164881,3.003660837205356,-0.3392415622713721,1.8157745069157305,0.2086137241270717,2.500862349372877
33.0,241.0,1000.5420532226562,-4.38181940135786,-3.791399619586264,1.7098404294619,3.179839270721792,2.472621786164881,3.003660893931117,-0.3392415622634325,1.8157726510338543,0.2086230390980571,2.500886499227293
33.0,241.0,1000.5420532226562,-4.38181940135786,-3.791399619586264,1.709840429444765,3.1798392707080416,2.472621786164881,3.003660775893401,-0.3392415621896381,1.8157726076829053,0.2086230390980571,2.500845146298976
33.0,241.0,1000.5420532226562,-4.38181940135786,-3.790642452454031,1.7098404294428222,3.1798392707083942,2.472621786164881,3.003660837205356,-0.3392415622713721,1.8157726441601327,0.2086137241270717,2.500862349372877
33.0,241.0,1000.5420532226562,-4.38181940135786,-3.7906243239135846,1.7098404301153218,3.179839270723649,2.472621786164881,3.003668457587627,-0.3392415622631017,1.8157745069157305,0.208622729160562,2.500844425883272
33.0,241.0,1000.5420532226562,-4.38181940135786,-3.7914001871439287,1.7098404294615466,3.1798392707084977,2.472621786164881,3.003660946789496,-0.339241562267367,1.8157726510338543,0.2086230381583792,2.5008856346343125
33.0,241.0,1000.5420532226562,-4.38181940135786,-3.791399619586264,1.7098404294406784,3.179839270708765,2.47262178616488,3.003660656295032,-0.3392415622713403,1.8157726510338543,0.2086136091026548,2.500885018000758
33.0,241.0,1000.5420532226562,-4.38181940135786,-3.7913680014187214,1.709840429244237,3.179839270722066,2.472621786164881,3.003660837205356,-0.3392415610441625,1.8157745150477216,0.2086137241270717,2.5008553307019743
33.0,241.0,1000.5420532226562,-4.38181940135786,-3.791399619586264,1.7098404294497254,3.179839270721793,2.472621786164881,3.0036609651200257,-0.3392415622634325,1.8157726510338543,0.2086230390980571,2.500886499227293
33.0,241.0,1000.5420532226562,-4.38181940135786,-3.7906739349974408,1.7098404302948869,3.179839270722779,2.4726217861648814,3.0036722730194607,-0.3392415622594384,1.8157726510338543,0.2086137253593646,2.5008317965955813
33.0,241.0,1000.5420532226562,-4.38181940135786,-3.791409272191306,1.709840430035389,3.1798392707084084,2.47262178616488,3.003668488078424,-0.3392415610465055,1.8157726510338543,0.2086230390980571,2.500885018000758
33.0,241.0,1000.5420532226562,-4.38181940135786,-3.791399619586264,1.7098404302945387,3.179839270721827,2.472621786164881,3.003668488078424,-0.3392415622242425,1.8157726510338543,0.2086230390980571,2.500844237790113
33.0,241.0,1000.5420532226562,-4.38181940135786,-3.791399619586264,1.709840430069,3.179839270708765,2.47262178616488,3.003668488078424,-0.339241562270528,1.815774513789451,0.2086230390980571,2.500885018000758
33.0,241.0,1000.5420532226562,-4.38181940135786,-3.790670426024673,1.7098404293869705,3.179839270708765,2.472621786164881,3.003668488078424,-0.339241562267367,1.81577450090167,0.2086227749624504,2.500845146298976
33.0,241.0,1000.5420532226562,-4.38181940135786,-3.791399619586264,1.7098404294414218,3.179839270708674,2.472621786164881,3.003668488078424,-0.3392415622703004,1.8157726510338543,0.2086230390980571,2.500845146298976
33.0,241.0,1000.5420532226562,-4.38181940135786,-3.790642452454031,1.7098404300704009,3.1798392707083942,2.472621786164881,3.003660837205356,-0.3392415622713721,1.8157745078776475,0.2086137241270717,2.500862349372877
33.0,241.0,1000.5420532226562,-4.38181940135786,-3.7906243239135846,1.709840430114503,3.179839270723649,2.472621786164881,3.003668457587627,-0.3392415622631017,1.8157745069157305,0.208622729160562,2.500844425883272
33.0,241.0,1000.5420532226562,-4.38181940135786,-3.790642452454031,1.7098404294304916,3.1798392707083942,2.472621786164881,3.0036608289813707,-0.3392415622713776,1.8157745078586585,0.2086137241270717,2.500862349372877
33.0,241.0,1000.5420532226562,-4.38181940135786,-3.791399619586264,1.7098404294298628,3.1798392707220104,2.472621786164881,3.0036606430048307,-0.3392415622236895,1.8157726510338543,0.2086230390899154,2.5008854678270525
33.0,241.0,1000.5420532226562,-4.38181940135786,-3.7906752117536895,1.709840430295558,3.1798392707083942,2.472621786164881,3.003660837205356,-0.3392415610441625,1.8157745673995056,0.2086137241270717,2.500855370087783
33.0,241.0,1000.5420532226562,-4.38181940135786,-3.791376894955498,1.7098404294428222,3.179839270708121,2.472621786164881,3.003660833508781,-0.3392415622713115,1.8157726441601327,0.2086134725461683,2.500862353142228
33.0,241.0,1000.5420532226562,-4.38181940135786,-3.791399619586264,1.709840429444765,3.1798392707080416,2.472621786164881,3.003660775893401,-0.3392415621896381,1.8157726076829053,0.2086230390980571,2.500845146298976
33.0,241.0,1000.5420532226562,-4.38181940135786,-3.790642452454031,1.7098404300619665,3.17983927070874,2.472621786164881,3.003668886311695,-0.3392415610441625,1.8157745069157305,0.2086137241270717,2.500855370087783
33.0,241.0,1000.5420532226562,-4.38181940135786,-3.791399619586264,1.709840351819497,3.179839270708768,2.472621786164864,3.0036684907645275,-0.3392415610538416,1.815772651023,0.2086132125915031,2.5008599578616884
33.0,241.0,1000.5420532226562,-4.38181940135786,-3.791399619586264,1.7098404294631833,3.1798392707220104,2.472621786164881,3.0036606430048307,-0.3392415622236895,1.8157727053620032,0.2086231541116818,2.5008854678270525
33.0,241.0,1000.5420532226562,-4.38181940135786,-3.791399619586264,1.7098404302945387,3.179839270708249,2.472621786164881,3.0036606455736408,-0.3392415622242425,1.8157726510338543,0.2086230392047941,2.500844237790113
33.0,241.0,1000.5420532226562,-4.38181940135786,-3.790642452454031,1.7098404300704009,3.17983927070838,2.472621786164881,3.003660837205356,-0.3392415622713721,1.8157745078776475,0.2086233749678867,2.500845391302937
33.0,242.0,1000.5420532226562,-4.38181940135786,-3.791399619586264,1.7098404294414218,3.179839270708765,2.47262178616488,3.003668488078424,-0.339241562270528,1.8157726510338543,0.2086230390980571,2.500885018000758
33.0,242.0,1000.5420532226562,-4.38181940135786,-3.791399619586264,1.7098404294414218,3.179839270708765,2.472621786164881,3.003668488078424,-0.339241562267367,1.8157726510338543,0.2086230390980571,2.5008856346343125
33.0,242.0,1000.5420532226562,-4.38181940135786,-3.791399619586264,1.7098404294414218,3.179839270708765,2.472621786164881,3.003668488078424,-0.339241562267367,1.8157726510338543,0.2086230390980571,2.500845146298976
33.0,242.0,1000.5420532226562,-4.38181940135786,-3.791399619586264,1.709840351819497,3.179839270708793,2.472621786164864,3.0036684148235206,-0.3392415628162528,1.8157726539566823,0.2086132125915031,2.5008599578616884
33.0,242.0,1000.5420532226562,-4.38181940135786,-3.790642452454031,1.7098404300704009,3.1798392707083942,2.472621786164881,3.003660837205356,-0.3392415622713721,1.8157745069157305,0.2086137241270717,2.500862349372877
33.0,242.0,1000.5420532226562,-4.38181940135786,-3.791399619586264,1.7098404294414218,3.179839270721792,2.472621786164881,3.003668488078424,-0.3392415622634411,1.8157726510338543,0.2086230390980571,2.500845146298976
33.0,242.0,1000.5420532226562,-4.38181940135786,-3.7913791580628944,1.7098404294615466,3.179839270708765,2.472621786164881,3.003660946789496,-0.339241562267367,1.8157726510338543,0.2086230381419017,2.5008856346343125
33.0,242.0,1000.5420532226562,-4.38181940135786,-3.790642452454031,1.7098404300704009,3.1798392707083942,2.472621786164881,3.003660837205356,-0.3392415610441625,1.8157745069157305,0.2086137241270717,2.500855370087783
33.0,242.0,1000.5420532226562,-4.38181940135786,-3.790642452454031,1.7098404300704009,3.1798392707083942,2.472621786164881,3.003660837205356,-0.3392415622713721,1.8157745078586585,0.2086137241270717,2.500862349372877
33.0,242.0,1000.5420532226562,-4.38181940135786,-3.791399619586264,1.7098404303448498,3.1798392707095475,2.4726217861648645,3.003668412601361,-0.3392415610705776,1.815772743477348,0.2086233763242197,2.500860261420601
33.0,242.0,1000.5420532226562,-4.38181940135786,-3.791399619586264,1.7098404294292768,3.179839270721792,2.472621786164881,3.003668488078424,-0.3392415622254228,1.8157726510338543,0.2086230390980571,2.500844237790113
33.0,242.0,1000.5420532226562,-4.38181940135786,-3.7906739349974408,1.7098404302940116,3.179839270709784,2.4726217861648814,3.003672483300215,-0.3392415623685247,1.8157726510338543,0.2086137253593646,2.5004206680550927
33.0,242.0,1000.5420532226562,-4.38181940135786,-3.7906243239135846,1.7098404301330437,3.179839270723649,2.472621786164881,3.003668457587627,-0.3392415622631017,1.8157745069157305,0.208622729160562,2.500844425883272
33.0,242.0,1000.5420532226562,-4.38181940135786,-3.791399619586264,1.7098404294414218,3.179839270708765,2.47262178616488,3.003668488078424,-0.339241562270528,1.8157726510338543,0.2086230390980571,2.500885018000758
33.0,242.0,1000.5420532226562,-4.38181940135786,-3.790649286305214,1.7098403463449732,3.179839270708746,2.472621786164881,3.003660714415029,-0.339241562270781,1.8157745069157305,0.2086137238561249,2.5008367607040665
33.0,242.0,1000.5420532226562,-4.38181940135786,-3.791399619586264,1.7098404294298628,3.1798392707220104,2.472621786164881,3.0036606430048307,-0.3392415622236895,1.8157726510338543,0.208623039089997,2.5008854678270525
33.0,242.0,1000.5420532226562,-4.38181940135786,-3.7906243239135846,1.7098404301330437,3.179839270723649,2.472621786164881,3.003668457587627,-0.3392415622631017,1.8157745069157305,0.208622729160562,2.500844425883272
33.0,242.0,1000.5420532226562,-4.38181940135786,-3.790642452454031,1.7098404300704009,3.1798392707083942,2.472621786164881,3.003660837205356,-0.3392415610441625,1.8157745069157305,0.2086137241270717,2.500855370087783
33.0,242.0,1000.5420532226562,-4.38181940135786,-3.791399619586264,1.7098404293796228,3.179839270721792,2.472621786164881,3.003668488078424,-0.3392415622254228,1.8157726510338543,0.2086230390980571,2.500844626159444
33.0,242.0,1000.5420532226562,-4.38181940135786,-3.791399619586264,1.7098404294414218,3.179839270708765,2.47262178616488,3.003668488078424,-0.339241562270528,1.8157726510338543,0.2086230390980571,2.500885018000758
33.0,242.0,1000.5420532226562,-4.38181940135786,-3.791399619586264,1.709840429448932,3.1798392707083867,2.47262178616488,3.003668488078424,-0.339241562270528,1.8157726510338543,0.2086230390980571,2.500885018000758
33.0,242.0,1000.5420532226562,-4.38181940135786,-3.7906739349974408,1.7098404300570111,3.179839270709784,2.4726217861648814,3.0036611078700526,-0.3392415623706099,1.8157726510338543,0.2086137241555447,2.5008524906692
33.0,242.0,1000.5420532226562,-4.38181940135786,-3.790642452454031,1.7098404300704009,3.1798392707083942,2.472621786164881,3.003660837205356,-0.3392415622713721,1.8157745078586585,0.2086137241270717,2.500862349372877
33.0,242.0,1000.5420532226562,-4.38181940135786,-3.790642452454031,1.7098404300704009,3.1798392707083942,2.472621786164881,3.003660837205356,-0.3392415622713721,1.8157745069157305,0.2086137241270717,2.500862349372877
33.0,242.0,1000.5420532226562,-4.38181940135786,-3.791399619586264,1.7098404294619,3.179839270721792,2.472621786164881,3.003660893931117,-0.3392415622634325,1.8157726510338543,0.2086230390980571,2.500886499227293
33.0,242.0,1000.5420532226562,-4.38181940135786,-3.791399619586264,1.709840429444765,3.1798392707080416,2.472621786164881,3.003660775893401,-0.3392415621896381,1.8157726076829053,0.2086230390980571,2.500845146298976
33.0,242.0,1000.5420532226562,-4.38181940135786,-3.790642452454031,1.7098404294428222,3.1798392707083942,2.472621786164881,3.003660837205356,-0.3392415622713721,1.8157726441601327,0.2086137241270717,2.500862349372877
33.0,242.0,1000.5420532226562,-4.38181940135786,-3.7906243239135846,1.7098404301153218,3.179839270723649,2.472621786164881,3.003668457587627,-0.3392415622631017,1.8157745069157305,0.208622729160562,2.500844425883272
33.0,242.0,1000.5420532226562,-4.38181940135786,-3.7914001871439287,1.7098404294615466,3.1798392707084977,2.472621786164881,3.003660946789496,-0.339241562267367,1.8157726510338543,0.2086230381583792,2.5008856346343125
33.0,242.0,1000.5420532226562,-4.38181940135786,-3.791399619586264,1.7098404294406784,3.179839270708765,2.47262178616488,3.003660656295032,-0.3392415622713403,1.8157726510338543,0.2086136091026548,2.500885018000758
33.0,242.0,1000.5420532226562,-4.38181940135786,-3.7913680014187214,1.709840429244237,3.179839270722066,2.472621786164881,3.003660837205356,-0.3392415610441625,1.8157745150477216,0.2086137241270717,2.5008553307019743
33.0,242.0,1000.5420532226562,-4.38181940135786,-3.791399619586264,1.7098404294497254,3.179839270721793,2.472621786164881,3.0036609651200257,-0.3392415622634325,1.8157726510338543,0.2086230390980571,2.500886499227293
33.0,242.0,1000.5420532226562,-4.38181940135786,-3.7906739349974408,1.7098404302948869,3.179839270722779,2.4726217861648814,3.0036722730194607,-0.3392415622594384,1.8157726510338543,0.2086137253593646,2.5008317965955813
33.0,242.0,1000.5420532226562,-4.38181940135786,-3.791409272191306,1.709840430035389,3.1798392707084084,2.47262178616488,3.003668488078424,-0.3392415610465055,1.8157726510338543,0.2086230390980571,2.500885018000758
33.0,242.0,1000.5420532226562,-4.38181940135786,-3.791399619586264,1.7098404302945387,3.179839270721827,2.472621786164881,3.003668488078424,-0.3392415622242425,1.8157726510338543,0.2086230390980571,2.500844237790113
33.0,242.0,1000.5420532226562,-4.38181940135786,-3.791399619586264,1.709840430069,3.179839270708765,2.47262178616488,3.003668488078424,-0.339241562270528,1.815774513789451,0.2086230390980571,2.500885018000758
33.0,242.0,1000.5420532226562,-4.38181940135786,-3.790670426024673,1.7098404293869705,3.179839270708765,2.472621786164881,3.003668488078424,-0.339241562267367,1.81577450090167,0.2086227749624504,2.500845146298976
33.0,242.0,1000.5420532226562,-4.38181940135786,-3.791399619586264,1.7098404294414218,3.179839270708674,2.472621786164881,3.003668488078424,-0.3392415622703004,1.8157726510338543,0.2086230390980571,2.500845146298976
33.0,242.0,1000.5420532226562,-4.38181940135786,-3.790642452454031,1.7098404300704009,3.1798392707083942,2.472621786164881,3.003660837205356,-0.3392415622713721,1.8157745078776475,0.2086137241270717,2.500862349372877
33.0,242.0,1000.5420532226562,-4.38181940135786,-3.7906243239135846,1.709840430114503,3.179839270723649,2.472621786164881,3.003668457587627,-0.3392415622631017,1.8157745069157305,0.208622729160562,2.500844425883272
33.0,242.0,1000.5420532226562,-4.38181940135786,-3.790642452454031,1.7098404294304916,3.1798392707083942,2.472621786164881,3.0036608289813707,-0.3392415622713776,1.8157745078586585,0.2086137241270717,2.500862349372877
33.0,242.0,1000.5420532226562,-4.38181940135786,-3.791399619586264,1.7098404294298628,3.1798392707220104,2.472621786164881,3.0036606430048307,-0.3392415622236895,1.8157726510338543,0.2086230390899154,2.5008854678270525
33.0,242.0,1000.5420532226562,-4.38181940135786,-3.7906752117536895,1.709840430295558,3.1798392707083942,2.472621786164881,3.003660837205356,-0.3392415610441625,1.8157745673995056,0.2086137241270717,2.500855370087783
33.0,242.0,1000.5420532226562,-4.38181940135786,-3.791376894955498,1.7098404294428222,3.179839270708121,2.472621786164881,3.003660833508781,-0.3392415622713115,1.8157726441601327,0.2086134725461683,2.500862353142228
33.0,242.0,1000.5420532226562,-4.38181940135786,-3.791399619586264,1.709840429444765,3.1798392707080416,2.472621786164881,3.003660775893401,-0.3392415621896381,1.8157726076829053,0.2086230390980571,2.500845146298976
33.0,242.0,1000.5420532226562,-4.38181940135786,-3.790642452454031,1.7098404300619665,3.17983927070874,2.472621786164881,3.003668886311695,-0.3392415610441625,1.8157745069157305,0.2086137241270717,2.500855370087783
33.0,242.0,1000.5420532226562,-4.38181940135786,-3.791399619586264,1.709840351819497,3.179839270708768,2.472621786164864,3.0036684907645275,-0.3392415610538416,1.815772651023,0.2086132125915031,2.5008599578616884
33.0,242.0,1000.5420532226562,-4.38181940135786,-3.791399619586264,1.7098404294631833,3.1798392707220104,2.472621786164881,3.0036606430048307,-0.3392415622236895,1.8157727053620032,0.2086231541116818,2.5008854678270525
33.0,242.0,1000.5420532226562,-4.38181940135786,-3.791399619586264,1.7098404302945387,3.179839270708249,2.472621786164881,3.0036606455736408,-0.3392415622242425,1.8157726510338543,0.2086230392047941,2.500844237790113
33.0,242.0,1000.5420532226562,-4.38181940135786,-3.790642452454031,1.7098404300704009,3.17983927070838,2.472621786164881,3.003660837205356,-0.3392415622713721,1.8157745078776475,0.2086233749678867,2.500845391302937
33.0,243.0,1000.5420532226562,-4.38181940135786,-3.791399619586264,1.7098404294414218,3.179839270708765,2.47262178616488,3.003668488078424,-0.339241562270528,1.8157726510338543,0.2086230390980571,2.500885018000758
33.0,243.0,1000.5420532226562,-4.38181940135786,-3.791399619586264,1.7098404294414218,3.179839270708765,2.472621786164881,3.003668488078424,-0.339241562267367,1.8157726510338543,0.2086230390980571,2.5008856346343125
33.0,243.0,1000.5420532226562,-4.38181940135786,-3.791399619586264,1.7098404294414218,3.179839270708765,2.472621786164881,3.003668488078424,-0.339241562267367,1.8157726510338543,0.2086230390980571,2.500845146298976
33.0,243.0,1000.5420532226562,-4.38181940135786,-3.791399619586264,1.709840351819497,3.179839270708793,2.472621786164864,3.0036684148235206,-0.3392415628162528,1.8157726539566823,0.2086132125915031,2.5008599578616884
33.0,243.0,1000.5420532226562,-4.38181940135786,-3.790642452454031,1.7098404300704009,3.1798392707083942,2.472621786164881,3.003660837205356,-0.3392415622713721,1.8157745069157305,0.2086137241270717,2.500862349372877
33.0,243.0,1000.5420532226562,-4.38181940135786,-3.791399619586264,1.7098404294414218,3.179839270721792,2.472621786164881,3.003668488078424,-0.3392415622634411,1.8157726510338543,0.2086230390980571,2.500845146298976
33.0,243.0,1000.5420532226562,-4.38181940135786,-3.7913791580628944,1.7098404294615466,3.179839270708765,2.472621786164881,3.003660946789496,-0.339241562267367,1.8157726510338543,0.2086230381419017,2.5008856346343125
33.0,243.0,1000.5420532226562,-4.38181940135786,-3.790642452454031,1.7098404300704009,3.1798392707083942,2.472621786164881,3.003660837205356,-0.3392415610441625,1.8157745069157305,0.2086137241270717,2.500855370087783
33.0,243.0,1000.5420532226562,-4.38181940135786,-3.790642452454031,1.7098404300704009,3.1798392707083942,2.472621786164881,3.003660837205356,-0.3392415622713721,1.8157745078586585,0.2086137241270717,2.500862349372877
33.0,243.0,1000.5420532226562,-4.38181940135786,-3.791399619586264,1.7098404303448498,3.1798392707095475,2.4726217861648645,3.003668412601361,-0.3392415610705776,1.815772743477348,0.2086233763242197,2.500860261420601
33.0,243.0,1000.5420532226562,-4.38181940135786,-3.791399619586264,1.7098404294292768,3.179839270721792,2.472621786164881,3.003668488078424,-0.3392415622254228,1.8157726510338543,0.2086230390980571,2.500844237790113
33.0,243.0,1000.5420532226562,-4.38181940135786,-3.7906739349974408,1.7098404302940116,3.179839270709784,2.4726217861648814,3.003672483300215,-0.3392415623685247,1.8157726510338543,0.2086137253593646,2.5004206680550927
33.0,243.0,1000.5420532226562,-4.38181940135786,-3.7906243239135846,1.7098404301330437,3.179839270723649,2.472621786164881,3.003668457587627,-0.3392415622631017,1.8157745069157305,0.208622729160562,2.500844425883272
33.0,243.0,1000.5420532226562,-4.38181940135786,-3.791399619586264,1.7098404294414218,3.179839270708765,2.47262178616488,3.003668488078424,-0.339241562270528,1.8157726510338543,0.2086230390980571,2.500885018000758
33.0,243.0,1000.5420532226562,-4.38181940135786,-3.790649286305214,1.7098403463449732,3.179839270708746,2.472621786164881,3.003660714415029,-0.339241562270781,1.8157745069157305,0.2086137238561249,2.5008367607040665
33.0,243.0,1000.5420532226562,-4.38181940135786,-3.791399619586264,1.7098404294298628,3.1798392707220104,2.472621786164881,3.0036606430048307,-0.3392415622236895,1.8157726510338543,0.208623039089997,2.5008854678270525
33.0,243.0,1000.5420532226562,-4.38181940135786,-3.7906243239135846,1.7098404301330437,3.179839270723649,2.472621786164881,3.003668457587627,-0.3392415622631017,1.8157745069157305,0.208622729160562,2.500844425883272
33.0,243.0,1000.5420532226562,-4.38181940135786,-3.790642452454031,1.7098404300704009,3.1798392707083942,2.472621786164881,3.003660837205356,-0.3392415610441625,1.8157745069157305,0.2086137241270717,2.500855370087783
33.0,243.0,1000.5420532226562,-4.38181940135786,-3.791399619586264,1.7098404293796228,3.179839270721792,2.472621786164881,3.003668488078424,-0.3392415622254228,1.8157726510338543,0.2086230390980571,2.500844626159444
33.0,243.0,1000.5420532226562,-4.38181940135786,-3.791399619586264,1.7098404294414218,3.179839270708765,2.47262178616488,3.003668488078424,-0.339241562270528,1.8157726510338543,0.2086230390980571,2.500885018000758
33.0,243.0,1000.5420532226562,-4.38181940135786,-3.791399619586264,1.709840429448932,3.1798392707083867,2.47262178616488,3.003668488078424,-0.339241562270528,1.8157726510338543,0.2086230390980571,2.500885018000758
33.0,243.0,1000.5420532226562,-4.38181940135786,-3.7906739349974408,1.7098404300570111,3.179839270709784,2.4726217861648814,3.0036611078700526,-0.3392415623706099,1.8157726510338543,0.2086137241555447,2.5008524906692
33.0,243.0,1000.5420532226562,-4.38181940135786,-3.790642452454031,1.7098404300704009,3.1798392707083942,2.472621786164881,3.003660837205356,-0.3392415622713721,1.8157745078586585,0.2086137241270717,2.500862349372877
33.0,243.0,1000.5420532226562,-4.38181940135786,-3.790642452454031,1.7098404300704009,3.1798392707083942,2.472621786164881,3.003660837205356,-0.3392415622713721,1.8157745069157305,0.2086137241270717,2.500862349372877
33.0,243.0,1000.5420532226562,-4.38181940135786,-3.791399619586264,1.7098404294619,3.179839270721792,2.472621786164881,3.003660893931117,-0.3392415622634325,1.8157726510338543,0.2086230390980571,2.500886499227293
33.0,243.0,1000.5420532226562,-4.38181940135786,-3.791399619586264,1.709840429444765,3.1798392707080416,2.472621786164881,3.003660775893401,-0.3392415621896381,1.8157726076829053,0.2086230390980571,2.500845146298976
33.0,243.0,1000.5420532226562,-4.38181940135786,-3.790642452454031,1.7098404294428222,3.1798392707083942,2.472621786164881,3.003660837205356,-0.3392415622713721,1.8157726441601327,0.2086137241270717,2.500862349372877
33.0,243.0,1000.5420532226562,-4.38181940135786,-3.7906243239135846,1.7098404301153218,3.179839270723649,2.472621786164881,3.003668457587627,-0.3392415622631017,1.8157745069157305,0.208622729160562,2.500844425883272
33.0,243.0,1000.5420532226562,-4.38181940135786,-3.7914001871439287,1.7098404294615466,3.1798392707084977,2.472621786164881,3.003660946789496,-0.339241562267367,1.8157726510338543,0.2086230381583792,2.5008856346343125
33.0,243.0,1000.5420532226562,-4.38181940135786,-3.791399619586264,1.7098404294406784,3.179839270708765,2.47262178616488,3.003660656295032,-0.3392415622713403,1.8157726510338543,0.2086136091026548,2.500885018000758
33.0,243.0,1000.5420532226562,-4.38181940135786,-3.7913680014187214,1.709840429244237,3.179839270722066,2.472621786164881,3.003660837205356,-0.3392415610441625,1.8157745150477216,0.2086137241270717,2.5008553307019743
33.0,243.0,1000.5420532226562,-4.38181940135786,-3.791399619586264,1.7098404294497254,3.179839270721793,2.472621786164881,3.0036609651200257,-0.3392415622634325,1.8157726510338543,0.2086230390980571,2.500886499227293
33.0,243.0,1000.5420532226562,-4.38181940135786,-3.7906739349974408,1.7098404302948869,3.179839270722779,2.4726217861648814,3.0036722730194607,-0.3392415622594384,1.8157726510338543,0.2086137253593646,2.5008317965955813
33.0,243.0,1000.5420532226562,-4.38181940135786,-3.791409272191306,1.709840430035389,3.1798392707084084,2.47262178616488,3.003668488078424,-0.3392415610465055,1.8157726510338543,0.2086230390980571,2.500885018000758
33.0,243.0,1000.5420532226562,-4.38181940135786,-3.791399619586264,1.7098404302945387,3.179839270721827,2.472621786164881,3.003668488078424,-0.3392415622242425,1.8157726510338543,0.2086230390980571,2.500844237790113
33.0,243.0,1000.5420532226562,-4.38181940135786,-3.791399619586264,1.709840430069,3.179839270708765,2.47262178616488,3.003668488078424,-0.339241562270528,1.815774513789451,0.2086230390980571,2.500885018000758
33.0,243.0,1000.5420532226562,-4.38181940135786,-3.790670426024673,1.7098404293869705,3.179839270708765,2.472621786164881,3.003668488078424,-0.339241562267367,1.81577450090167,0.2086227749624504,2.500845146298976
33.0,243.0,1000.5420532226562,-4.38181940135786,-3.791399619586264,1.7098404294414218,3.179839270708674,2.472621786164881,3.003668488078424,-0.3392415622703004,1.8157726510338543,0.2086230390980571,2.500845146298976
33.0,243.0,1000.5420532226562,-4.38181940135786,-3.790642452454031,1.7098404300704009,3.1798392707083942,2.472621786164881,3.003660837205356,-0.3392415622713721,1.8157745078776475,0.2086137241270717,2.500862349372877
33.0,243.0,1000.5420532226562,-4.38181940135786,-3.7906243239135846,1.709840430114503,3.179839270723649,2.472621786164881,3.003668457587627,-0.3392415622631017,1.8157745069157305,0.208622729160562,2.500844425883272
33.0,243.0,1000.5420532226562,-4.38181940135786,-3.790642452454031,1.7098404294304916,3.1798392707083942,2.472621786164881,3.0036608289813707,-0.3392415622713776,1.8157745078586585,0.2086137241270717,2.500862349372877
33.0,243.0,1000.5420532226562,-4.38181940135786,-3.791399619586264,1.7098404294298628,3.1798392707220104,2.472621786164881,3.0036606430048307,-0.3392415622236895,1.8157726510338543,0.2086230390899154,2.5008854678270525
33.0,243.0,1000.5420532226562,-4.38181940135786,-3.7906752117536895,1.709840430295558,3.1798392707083942,2.472621786164881,3.003660837205356,-0.3392415610441625,1.8157745673995056,0.2086137241270717,2.500855370087783
33.0,243.0,1000.5420532226562,-4.38181940135786,-3.791376894955498,1.7098404294428222,3.179839270708121,2.472621786164881,3.003660833508781,-0.3392415622713115,1.8157726441601327,0.2086134725461683,2.500862353142228
33.0,243.0,1000.5420532226562,-4.38181940135786,-3.791399619586264,1.709840429444765,3.1798392707080416,2.472621786164881,3.003660775893401,-0.3392415621896381,1.8157726076829053,0.2086230390980571,2.500845146298976
33.0,243.0,1000.5420532226562,-4.38181940135786,-3.790642452454031,1.7098404300619665,3.17983927070874,2.472621786164881,3.003668886311695,-0.3392415610441625,1.8157745069157305,0.2086137241270717,2.500855370087783
33.0,243.0,1000.5420532226562,-4.38181940135786,-3.791399619586264,1.709840351819497,3.179839270708768,2.472621786164864,3.0036684907645275,-0.3392415610538416,1.815772651023,0.2086132125915031,2.5008599578616884
33.0,243.0,1000.5420532226562,-4.38181940135786,-3.791399619586264,1.7098404294631833,3.1798392707220104,2.472621786164881,3.0036606430048307,-0.3392415622236895,1.8157727053620032,0.2086231541116818,2.5008854678270525
33.0,243.0,1000.5420532226562,-4.38181940135786,-3.791399619586264,1.7098404302945387,3.179839270708249,2.472621786164881,3.0036606455736408,-0.3392415622242425,1.8157726510338543,0.2086230392047941,2.500844237790113
33.0,243.0,1000.5420532226562,-4.38181940135786,-3.790642452454031,1.7098404300704009,3.17983927070838,2.472621786164881,3.003660837205356,-0.3392415622713721,1.8157745078776475,0.2086233749678867,2.500845391302937
33.0,244.0,1000.5420532226562,-4.38181940135786,-3.791399619586264,1.7098404294414218,3.179839270708765,2.47262178616488,3.003668488078424,-0.339241562270528,1.8157726510338543,0.2086230390980571,2.500885018000758
33.0,244.0,1000.5420532226562,-4.38181940135786,-3.791399619586264,1.7098404294414218,3.179839270708765,2.472621786164881,3.003668488078424,-0.339241562267367,1.8157726510338543,0.2086230390980571,2.5008856346343125
33.0,244.0,1000.5420532226562,-4.38181940135786,-3.791399619586264,1.7098404294414218,3.179839270708765,2.472621786164881,3.003668488078424,-0.339241562267367,1.8157726510338543,0.2086230390980571,2.500845146298976
33.0,244.0,1000.5420532226562,-4.38181940135786,-3.791399619586264,1.709840351819497,3.179839270708793,2.472621786164864,3.0036684148235206,-0.3392415628162528,1.8157726539566823,0.2086132125915031,2.5008599578616884
33.0,244.0,1000.5420532226562,-4.38181940135786,-3.790642452454031,1.7098404300704009,3.1798392707083942,2.472621786164881,3.003660837205356,-0.3392415622713721,1.8157745069157305,0.2086137241270717,2.500862349372877
33.0,244.0,1000.5420532226562,-4.38181940135786,-3.791399619586264,1.7098404294414218,3.179839270721792,2.472621786164881,3.003668488078424,-0.3392415622634411,1.8157726510338543,0.2086230390980571,2.500845146298976
33.0,244.0,1000.5420532226562,-4.38181940135786,-3.7913791580628944,1.7098404294615466,3.179839270708765,2.472621786164881,3.003660946789496,-0.339241562267367,1.8157726510338543,0.2086230381419017,2.5008856346343125
33.0,244.0,1000.5420532226562,-4.38181940135786,-3.790642452454031,1.7098404300704009,3.1798392707083942,2.472621786164881,3.003660837205356,-0.3392415610441625,1.8157745069157305,0.2086137241270717,2.500855370087783
33.0,244.0,1000.5420532226562,-4.38181940135786,-3.790642452454031,1.7098404300704009,3.1798392707083942,2.472621786164881,3.003660837205356,-0.3392415622713721,1.8157745078586585,0.2086137241270717,2.500862349372877
33.0,244.0,1000.5420532226562,-4.38181940135786,-3.791399619586264,1.7098404303448498,3.1798392707095475,2.4726217861648645,3.003668412601361,-0.3392415610705776,1.815772743477348,0.2086233763242197,2.500860261420601
33.0,244.0,1000.5420532226562,-4.38181940135786,-3.791399619586264,1.7098404294292768,3.179839270721792,2.472621786164881,3.003668488078424,-0.3392415622254228,1.8157726510338543,0.2086230390980571,2.500844237790113
33.0,244.0,1000.5420532226562,-4.38181940135786,-3.7906739349974408,1.7098404302940116,3.179839270709784,2.4726217861648814,3.003672483300215,-0.3392415623685247,1.8157726510338543,0.2086137253593646,2.5004206680550927
33.0,244.0,1000.5420532226562,-4.38181940135786,-3.7906243239135846,1.7098404301330437,3.179839270723649,2.472621786164881,3.003668457587627,-0.3392415622631017,1.8157745069157305,0.208622729160562,2.500844425883272
33.0,244.0,1000.5420532226562,-4.38181940135786,-3.791399619586264,1.7098404294414218,3.179839270708765,2.47262178616488,3.003668488078424,-0.339241562270528,1.8157726510338543,0.2086230390980571,2.500885018000758
33.0,244.0,1000.5420532226562,-4.38181940135786,-3.790649286305214,1.7098403463449732,3.179839270708746,2.472621786164881,3.003660714415029,-0.339241562270781,1.8157745069157305,0.2086137238561249,2.5008367607040665
33.0,244.0,1000.5420532226562,-4.38181940135786,-3.791399619586264,1.7098404294298628,3.1798392707220104,2.472621786164881,3.0036606430048307,-0.3392415622236895,1.8157726510338543,0.208623039089997,2.5008854678270525
33.0,244.0,1000.5420532226562,-4.38181940135786,-3.7906243239135846,1.7098404301330437,3.179839270723649,2.472621786164881,3.003668457587627,-0.3392415622631017,1.8157745069157305,0.208622729160562,2.500844425883272
33.0,244.0,1000.5420532226562,-4.38181940135786,-3.790642452454031,1.7098404300704009,3.1798392707083942,2.472621786164881,3.003660837205356,-0.3392415610441625,1.8157745069157305,0.2086137241270717,2.500855370087783
33.0,244.0,1000.5420532226562,-4.38181940135786,-3.791399619586264,1.7098404293796228,3.179839270721792,2.472621786164881,3.003668488078424,-0.3392415622254228,1.8157726510338543,0.2086230390980571,2.500844626159444
33.0,244.0,1000.5420532226562,-4.38181940135786,-3.791399619586264,1.7098404294414218,3.179839270708765,2.47262178616488,3.003668488078424,-0.339241562270528,1.8157726510338543,0.2086230390980571,2.500885018000758
33.0,244.0,1000.5420532226562,-4.38181940135786,-3.791399619586264,1.709840429448932,3.1798392707083867,2.47262178616488,3.003668488078424,-0.339241562270528,1.8157726510338543,0.2086230390980571,2.500885018000758
33.0,244.0,1000.5420532226562,-4.38181940135786,-3.7906739349974408,1.7098404300570111,3.179839270709784,2.4726217861648814,3.0036611078700526,-0.3392415623706099,1.8157726510338543,0.2086137241555447,2.5008524906692
33.0,244.0,1000.5420532226562,-4.38181940135786,-3.790642452454031,1.7098404300704009,3.1798392707083942,2.472621786164881,3.003660837205356,-0.3392415622713721,1.8157745078586585,0.2086137241270717,2.500862349372877
33.0,244.0,1000.5420532226562,-4.38181940135786,-3.790642452454031,1.7098404300704009,3.1798392707083942,2.472621786164881,3.003660837205356,-0.3392415622713721,1.8157745069157305,0.2086137241270717,2.500862349372877
33.0,244.0,1000.5420532226562,-4.38181940135786,-3.791399619586264,1.7098404294619,3.179839270721792,2.472621786164881,3.003660893931117,-0.3392415622634325,1.8157726510338543,0.2086230390980571,2.500886499227293
33.0,244.0,1000.5420532226562,-4.38181940135786,-3.791399619586264,1.709840429444765,3.1798392707080416,2.472621786164881,3.003660775893401,-0.3392415621896381,1.8157726076829053,0.2086230390980571,2.500845146298976
33.0,244.0,1000.5420532226562,-4.38181940135786,-3.790642452454031,1.7098404294428222,3.1798392707083942,2.472621786164881,3.003660837205356,-0.3392415622713721,1.8157726441601327,0.2086137241270717,2.500862349372877
33.0,244.0,1000.5420532226562,-4.38181940135786,-3.7906243239135846,1.7098404301153218,3.179839270723649,2.472621786164881,3.003668457587627,-0.3392415622631017,1.8157745069157305,0.208622729160562,2.500844425883272
33.0,244.0,1000.5420532226562,-4.38181940135786,-3.7914001871439287,1.7098404294615466,3.1798392707084977,2.472621786164881,3.003660946789496,-0.339241562267367,1.8157726510338543,0.2086230381583792,2.5008856346343125
33.0,244.0,1000.5420532226562,-4.38181940135786,-3.791399619586264,1.7098404294406784,3.179839270708765,2.47262178616488,3.003660656295032,-0.3392415622713403,1.8157726510338543,0.2086136091026548,2.500885018000758
33.0,244.0,1000.5420532226562,-4.38181940135786,-3.7913680014187214,1.709840429244237,3.179839270722066,2.472621786164881,3.003660837205356,-0.3392415610441625,1.8157745150477216,0.2086137241270717,2.5008553307019743
33.0,244.0,1000.5420532226562,-4.38181940135786,-3.791399619586264,1.7098404294497254,3.179839270721793,2.472621786164881,3.0036609651200257,-0.3392415622634325,1.8157726510338543,0.2086230390980571,2.500886499227293
33.0,244.0,1000.5420532226562,-4.38181940135786,-3.7906739349974408,1.7098404302948869,3.179839270722779,2.4726217861648814,3.0036722730194607,-0.3392415622594384,1.8157726510338543,0.2086137253593646,2.5008317965955813
33.0,244.0,1000.5420532226562,-4.38181940135786,-3.791409272191306,1.709840430035389,3.1798392707084084,2.47262178616488,3.003668488078424,-0.3392415610465055,1.8157726510338543,0.2086230390980571,2.500885018000758
33.0,244.0,1000.5420532226562,-4.38181940135786,-3.791399619586264,1.7098404302945387,3.179839270721827,2.472621786164881,3.003668488078424,-0.3392415622242425,1.8157726510338543,0.2086230390980571,2.500844237790113
33.0,244.0,1000.5420532226562,-4.38181940135786,-3.791399619586264,1.709840430069,3.179839270708765,2.47262178616488,3.003668488078424,-0.339241562270528,1.815774513789451,0.2086230390980571,2.500885018000758
33.0,244.0,1000.5420532226562,-4.38181940135786,-3.790670426024673,1.7098404293869705,3.179839270708765,2.472621786164881,3.003668488078424,-0.339241562267367,1.81577450090167,0.2086227749624504,2.500845146298976
33.0,244.0,1000.5420532226562,-4.38181940135786,-3.791399619586264,1.7098404294414218,3.179839270708674,2.472621786164881,3.003668488078424,-0.3392415622703004,1.8157726510338543,0.2086230390980571,2.500845146298976
33.0,244.0,1000.5420532226562,-4.38181940135786,-3.790642452454031,1.7098404300704009,3.1798392707083942,2.472621786164881,3.003660837205356,-0.3392415622713721,1.8157745078776475,0.2086137241270717,2.500862349372877
33.0,244.0,1000.5420532226562,-4.38181940135786,-3.7906243239135846,1.709840430114503,3.179839270723649,2.472621786164881,3.003668457587627,-0.3392415622631017,1.8157745069157305,0.208622729160562,2.500844425883272
33.0,244.0,1000.5420532226562,-4.38181940135786,-3.790642452454031,1.7098404294304916,3.1798392707083942,2.472621786164881,3.0036608289813707,-0.3392415622713776,1.8157745078586585,0.2086137241270717,2.500862349372877
33.0,244.0,1000.5420532226562,-4.38181940135786,-3.791399619586264,1.7098404294298628,3.1798392707220104,2.472621786164881,3.0036606430048307,-0.3392415622236895,1.8157726510338543,0.2086230390899154,2.5008854678270525
33.0,244.0,1000.5420532226562,-4.38181940135786,-3.7906752117536895,1.709840430295558,3.1798392707083942,2.472621786164881,3.003660837205356,-0.3392415610441625,1.8157745673995056,0.2086137241270717,2.500855370087783
33.0,244.0,1000.5420532226562,-4.38181940135786,-3.791376894955498,1.7098404294428222,3.179839270708121,2.472621786164881,3.003660833508781,-0.3392415622713115,1.8157726441601327,0.2086134725461683,2.500862353142228
33.0,244.0,1000.5420532226562,-4.38181940135786,-3.791399619586264,1.709840429444765,3.1798392707080416,2.472621786164881,3.003660775893401,-0.3392415621896381,1.8157726076829053,0.2086230390980571,2.500845146298976
33.0,244.0,1000.5420532226562,-4.38181940135786,-3.790642452454031,1.7098404300619665,3.17983927070874,2.472621786164881,3.003668886311695,-0.3392415610441625,1.8157745069157305,0.2086137241270717,2.500855370087783
33.0,244.0,1000.5420532226562,-4.38181940135786,-3.791399619586264,1.709840351819497,3.179839270708768,2.472621786164864,3.0036684907645275,-0.3392415610538416,1.815772651023,0.2086132125915031,2.5008599578616884
33.0,244.0,1000.5420532226562,-4.38181940135786,-3.791399619586264,1.7098404294631833,3.1798392707220104,2.472621786164881,3.0036606430048307,-0.3392415622236895,1.8157727053620032,0.2086231541116818,2.5008854678270525
33.0,244.0,1000.5420532226562,-4.38181940135786,-3.791399619586264,1.7098404302945387,3.179839270708249,2.472621786164881,3.0036606455736408,-0.3392415622242425,1.8157726510338543,0.2086230392047941,2.500844237790113
33.0,244.0,1000.5420532226562,-4.38181940135786,-3.790642452454031,1.7098404300704009,3.17983927070838,2.472621786164881,3.003660837205356,-0.3392415622713721,1.8157745078776475,0.2086233749678867,2.500845391302937
33.0,245.0,1000.5420532226562,-4.38181940135786,-3.791399619586264,1.7098404294414218,3.179839270708765,2.47262178616488,3.003668488078424,-0.339241562270528,1.8157726510338543,0.2086230390980571,2.500885018000758
33.0,245.0,1000.5420532226562,-4.38181940135786,-3.791399619586264,1.7098404294414218,3.179839270708765,2.472621786164881,3.003668488078424,-0.339241562267367,1.8157726510338543,0.2086230390980571,2.5008856346343125
33.0,245.0,1000.5420532226562,-4.38181940135786,-3.791399619586264,1.7098404294414218,3.179839270708765,2.472621786164881,3.003668488078424,-0.339241562267367,1.8157726510338543,0.2086230390980571,2.500845146298976
33.0,245.0,1000.5420532226562,-4.38181940135786,-3.791399619586264,1.709840351819497,3.179839270708793,2.472621786164864,3.0036684148235206,-0.3392415628162528,1.8157726539566823,0.2086132125915031,2.5008599578616884
33.0,245.0,1000.5420532226562,-4.38181940135786,-3.790642452454031,1.7098404300704009,3.1798392707083942,2.472621786164881,3.003660837205356,-0.3392415622713721,1.8157745069157305,0.2086137241270717,2.500862349372877
33.0,245.0,1000.5420532226562,-4.38181940135786,-3.791399619586264,1.7098404294414218,3.179839270721792,2.472621786164881,3.003668488078424,-0.3392415622634411,1.8157726510338543,0.2086230390980571,2.500845146298976
33.0,245.0,1000.5420532226562,-4.38181940135786,-3.7913791580628944,1.7098404294615466,3.179839270708765,2.472621786164881,3.003660946789496,-0.339241562267367,1.8157726510338543,0.2086230381419017,2.5008856346343125
33.0,245.0,1000.5420532226562,-4.38181940135786,-3.790642452454031,1.7098404300704009,3.1798392707083942,2.472621786164881,3.003660837205356,-0.3392415610441625,1.8157745069157305,0.2086137241270717,2.500855370087783
33.0,245.0,1000.5420532226562,-4.38181940135786,-3.790642452454031,1.7098404300704009,3.1798392707083942,2.472621786164881,3.003660837205356,-0.3392415622713721,1.8157745078586585,0.2086137241270717,2.500862349372877
33.0,245.0,1000.5420532226562,-4.38181940135786,-3.791399619586264,1.7098404303448498,3.1798392707095475,2.4726217861648645,3.003668412601361,-0.3392415610705776,1.815772743477348,0.2086233763242197,2.500860261420601
33.0,245.0,1000.5420532226562,-4.38181940135786,-3.791399619586264,1.7098404294292768,3.179839270721792,2.472621786164881,3.003668488078424,-0.3392415622254228,1.8157726510338543,0.2086230390980571,2.500844237790113
33.0,245.0,1000.5420532226562,-4.38181940135786,-3.7906739349974408,1.7098404302940116,3.179839270709784,2.4726217861648814,3.003672483300215,-0.3392415623685247,1.8157726510338543,0.2086137253593646,2.5004206680550927
33.0,245.0,1000.5420532226562,-4.38181940135786,-3.7906243239135846,1.7098404301330437,3.179839270723649,2.472621786164881,3.003668457587627,-0.3392415622631017,1.8157745069157305,0.208622729160562,2.500844425883272
33.0,245.0,1000.5420532226562,-4.38181940135786,-3.791399619586264,1.7098404294414218,3.179839270708765,2.47262178616488,3.003668488078424,-0.339241562270528,1.8157726510338543,0.2086230390980571,2.500885018000758
33.0,245.0,1000.5420532226562,-4.38181940135786,-3.790649286305214,1.7098403463449732,3.179839270708746,2.472621786164881,3.003660714415029,-0.339241562270781,1.8157745069157305,0.2086137238561249,2.5008367607040665
33.0,245.0,1000.5420532226562,-4.38181940135786,-3.791399619586264,1.7098404294298628,3.1798392707220104,2.472621786164881,3.0036606430048307,-0.3392415622236895,1.8157726510338543,0.208623039089997,2.5008854678270525
33.0,245.0,1000.5420532226562,-4.38181940135786,-3.7906243239135846,1.7098404301330437,3.179839270723649,2.472621786164881,3.003668457587627,-0.3392415622631017,1.8157745069157305,0.208622729160562,2.500844425883272
33.0,245.0,1000.5420532226562,-4.38181940135786,-3.790642452454031,1.7098404300704009,3.1798392707083942,2.472621786164881,3.003660837205356,-0.3392415610441625,1.8157745069157305,0.2086137241270717,2.500855370087783
33.0,245.0,1000.5420532226562,-4.38181940135786,-3.791399619586264,1.7098404293796228,3.179839270721792,2.472621786164881,3.003668488078424,-0.3392415622254228,1.8157726510338543,0.2086230390980571,2.500844626159444
33.0,245.0,1000.5420532226562,-4.38181940135786,-3.791399619586264,1.7098404294414218,3.179839270708765,2.47262178616488,3.003668488078424,-0.339241562270528,1.8157726510338543,0.2086230390980571,2.500885018000758
33.0,245.0,1000.5420532226562,-4.38181940135786,-3.791399619586264,1.709840429448932,3.1798392707083867,2.47262178616488,3.003668488078424,-0.339241562270528,1.8157726510338543,0.2086230390980571,2.500885018000758
33.0,245.0,1000.5420532226562,-4.38181940135786,-3.7906739349974408,1.7098404300570111,3.179839270709784,2.4726217861648814,3.0036611078700526,-0.3392415623706099,1.8157726510338543,0.2086137241555447,2.5008524906692
33.0,245.0,1000.5420532226562,-4.38181940135786,-3.790642452454031,1.7098404300704009,3.1798392707083942,2.472621786164881,3.003660837205356,-0.3392415622713721,1.8157745078586585,0.2086137241270717,2.500862349372877
33.0,245.0,1000.5420532226562,-4.38181940135786,-3.790642452454031,1.7098404300704009,3.1798392707083942,2.472621786164881,3.003660837205356,-0.3392415622713721,1.8157745069157305,0.2086137241270717,2.500862349372877
33.0,245.0,1000.5420532226562,-4.38181940135786,-3.791399619586264,1.7098404294619,3.179839270721792,2.472621786164881,3.003660893931117,-0.3392415622634325,1.8157726510338543,0.2086230390980571,2.500886499227293
33.0,245.0,1000.5420532226562,-4.38181940135786,-3.791399619586264,1.709840429444765,3.1798392707080416,2.472621786164881,3.003660775893401,-0.3392415621896381,1.8157726076829053,0.2086230390980571,2.500845146298976
33.0,245.0,1000.5420532226562,-4.38181940135786,-3.790642452454031,1.7098404294428222,3.1798392707083942,2.472621786164881,3.003660837205356,-0.3392415622713721,1.8157726441601327,0.2086137241270717,2.500862349372877
33.0,245.0,1000.5420532226562,-4.38181940135786,-3.7906243239135846,1.7098404301153218,3.179839270723649,2.472621786164881,3.003668457587627,-0.3392415622631017,1.8157745069157305,0.208622729160562,2.500844425883272
33.0,245.0,1000.5420532226562,-4.38181940135786,-3.7914001871439287,1.7098404294615466,3.1798392707084977,2.472621786164881,3.003660946789496,-0.339241562267367,1.8157726510338543,0.2086230381583792,2.5008856346343125
33.0,245.0,1000.5420532226562,-4.38181940135786,-3.791399619586264,1.7098404294406784,3.179839270708765,2.47262178616488,3.003660656295032,-0.3392415622713403,1.8157726510338543,0.2086136091026548,2.500885018000758
33.0,245.0,1000.5420532226562,-4.38181940135786,-3.7913680014187214,1.709840429244237,3.179839270722066,2.472621786164881,3.003660837205356,-0.3392415610441625,1.8157745150477216,0.2086137241270717,2.5008553307019743
33.0,245.0,1000.5420532226562,-4.38181940135786,-3.791399619586264,1.7098404294497254,3.179839270721793,2.472621786164881,3.0036609651200257,-0.3392415622634325,1.8157726510338543,0.2086230390980571,2.500886499227293
33.0,245.0,1000.5420532226562,-4.38181940135786,-3.7906739349974408,1.7098404302948869,3.179839270722779,2.4726217861648814,3.0036722730194607,-0.3392415622594384,1.8157726510338543,0.2086137253593646,2.5008317965955813
33.0,245.0,1000.5420532226562,-4.38181940135786,-3.791409272191306,1.709840430035389,3.1798392707084084,2.47262178616488,3.003668488078424,-0.3392415610465055,1.8157726510338543,0.2086230390980571,2.500885018000758
33.0,245.0,1000.5420532226562,-4.38181940135786,-3.791399619586264,1.7098404302945387,3.179839270721827,2.472621786164881,3.003668488078424,-0.3392415622242425,1.8157726510338543,0.2086230390980571,2.500844237790113
33.0,245.0,1000.5420532226562,-4.38181940135786,-3.791399619586264,1.709840430069,3.179839270708765,2.47262178616488,3.003668488078424,-0.339241562270528,1.815774513789451,0.2086230390980571,2.500885018000758
33.0,245.0,1000.5420532226562,-4.38181940135786,-3.790670426024673,1.7098404293869705,3.179839270708765,2.472621786164881,3.003668488078424,-0.339241562267367,1.81577450090167,0.2086227749624504,2.500845146298976
33.0,245.0,1000.5420532226562,-4.38181940135786,-3.791399619586264,1.7098404294414218,3.179839270708674,2.472621786164881,3.003668488078424,-0.3392415622703004,1.8157726510338543,0.2086230390980571,2.500845146298976
33.0,245.0,1000.5420532226562,-4.38181940135786,-3.790642452454031,1.7098404300704009,3.1798392707083942,2.472621786164881,3.003660837205356,-0.3392415622713721,1.8157745078776475,0.2086137241270717,2.500862349372877
33.0,245.0,1000.5420532226562,-4.38181940135786,-3.7906243239135846,1.709840430114503,3.179839270723649,2.472621786164881,3.003668457587627,-0.3392415622631017,1.8157745069157305,0.208622729160562,2.500844425883272
33.0,245.0,1000.5420532226562,-4.38181940135786,-3.790642452454031,1.7098404294304916,3.1798392707083942,2.472621786164881,3.0036608289813707,-0.3392415622713776,1.8157745078586585,0.2086137241270717,2.500862349372877
33.0,245.0,1000.5420532226562,-4.38181940135786,-3.791399619586264,1.7098404294298628,3.1798392707220104,2.472621786164881,3.0036606430048307,-0.3392415622236895,1.8157726510338543,0.2086230390899154,2.5008854678270525
33.0,245.0,1000.5420532226562,-4.38181940135786,-3.7906752117536895,1.709840430295558,3.1798392707083942,2.472621786164881,3.003660837205356,-0.3392415610441625,1.8157745673995056,0.2086137241270717,2.500855370087783
33.0,245.0,1000.5420532226562,-4.38181940135786,-3.791376894955498,1.7098404294428222,3.179839270708121,2.472621786164881,3.003660833508781,-0.3392415622713115,1.8157726441601327,0.2086134725461683,2.500862353142228
33.0,245.0,1000.5420532226562,-4.38181940135786,-3.791399619586264,1.709840429444765,3.1798392707080416,2.472621786164881,3.003660775893401,-0.3392415621896381,1.8157726076829053,0.2086230390980571,2.500845146298976
33.0,245.0,1000.5420532226562,-4.38181940135786,-3.790642452454031,1.7098404300619665,3.17983927070874,2.472621786164881,3.003668886311695,-0.3392415610441625,1.8157745069157305,0.2086137241270717,2.500855370087783
33.0,245.0,1000.5420532226562,-4.38181940135786,-3.791399619586264,1.709840351819497,3.179839270708768,2.472621786164864,3.0036684907645275,-0.3392415610538416,1.815772651023,0.2086132125915031,2.5008599578616884
33.0,245.0,1000.5420532226562,-4.38181940135786,-3.791399619586264,1.7098404294631833,3.1798392707220104,2.472621786164881,3.0036606430048307,-0.3392415622236895,1.8157727053620032,0.2086231541116818,2.5008854678270525
33.0,245.0,1000.5420532226562,-4.38181940135786,-3.791399619586264,1.7098404302945387,3.179839270708249,2.472621786164881,3.0036606455736408,-0.3392415622242425,1.8157726510338543,0.2086230392047941,2.500844237790113
33.0,245.0,1000.5420532226562,-4.38181940135786,-3.790642452454031,1.7098404300704009,3.17983927070838,2.472621786164881,3.003660837205356,-0.3392415622713721,1.8157745078776475,0.2086233749678867,2.500845391302937
33.0,246.0,1000.5420532226562,-4.38181940135786,-3.791399619586264,1.7098404294414218,3.179839270708765,2.47262178616488,3.003668488078424,-0.339241562270528,1.8157726510338543,0.2086230390980571,2.500885018000758
33.0,246.0,1000.5420532226562,-4.38181940135786,-3.791399619586264,1.7098404294414218,3.179839270708765,2.472621786164881,3.003668488078424,-0.339241562267367,1.8157726510338543,0.2086230390980571,2.5008856346343125
33.0,246.0,1000.5420532226562,-4.38181940135786,-3.791399619586264,1.7098404294414218,3.179839270708765,2.472621786164881,3.003668488078424,-0.339241562267367,1.8157726510338543,0.2086230390980571,2.500845146298976
33.0,246.0,1000.5420532226562,-4.38181940135786,-3.791399619586264,1.709840351819497,3.179839270708793,2.472621786164864,3.0036684148235206,-0.3392415628162528,1.8157726539566823,0.2086132125915031,2.5008599578616884
33.0,246.0,1000.5420532226562,-4.38181940135786,-3.790642452454031,1.7098404300704009,3.1798392707083942,2.472621786164881,3.003660837205356,-0.3392415622713721,1.8157745069157305,0.2086137241270717,2.500862349372877
33.0,246.0,1000.5420532226562,-4.38181940135786,-3.791399619586264,1.7098404294414218,3.179839270721792,2.472621786164881,3.003668488078424,-0.3392415622634411,1.8157726510338543,0.2086230390980571,2.500845146298976
33.0,246.0,1000.5420532226562,-4.38181940135786,-3.7913791580628944,1.7098404294615466,3.179839270708765,2.472621786164881,3.003660946789496,-0.339241562267367,1.8157726510338543,0.2086230381419017,2.5008856346343125
33.0,246.0,1000.5420532226562,-4.38181940135786,-3.790642452454031,1.7098404300704009,3.1798392707083942,2.472621786164881,3.003660837205356,-0.3392415610441625,1.8157745069157305,0.2086137241270717,2.500855370087783
33.0,246.0,1000.5420532226562,-4.38181940135786,-3.790642452454031,1.7098404300704009,3.1798392707083942,2.472621786164881,3.003660837205356,-0.3392415622713721,1.8157745078586585,0.2086137241270717,2.500862349372877
33.0,246.0,1000.5420532226562,-4.38181940135786,-3.791399619586264,1.7098404303448498,3.1798392707095475,2.4726217861648645,3.003668412601361,-0.3392415610705776,1.815772743477348,0.2086233763242197,2.500860261420601
33.0,246.0,1000.5420532226562,-4.38181940135786,-3.791399619586264,1.7098404294292768,3.179839270721792,2.472621786164881,3.003668488078424,-0.3392415622254228,1.8157726510338543,0.2086230390980571,2.500844237790113
33.0,246.0,1000.5420532226562,-4.38181940135786,-3.7906739349974408,1.7098404302940116,3.179839270709784,2.4726217861648814,3.003672483300215,-0.3392415623685247,1.8157726510338543,0.2086137253593646,2.5004206680550927
33.0,246.0,1000.5420532226562,-4.38181940135786,-3.7906243239135846,1.7098404301330437,3.179839270723649,2.472621786164881,3.003668457587627,-0.3392415622631017,1.8157745069157305,0.208622729160562,2.500844425883272
33.0,246.0,1000.5420532226562,-4.38181940135786,-3.791399619586264,1.7098404294414218,3.179839270708765,2.47262178616488,3.003668488078424,-0.339241562270528,1.8157726510338543,0.2086230390980571,2.500885018000758
33.0,246.0,1000.5420532226562,-4.38181940135786,-3.790649286305214,1.7098403463449732,3.179839270708746,2.472621786164881,3.003660714415029,-0.339241562270781,1.8157745069157305,0.2086137238561249,2.5008367607040665
33.0,246.0,1000.5420532226562,-4.38181940135786,-3.791399619586264,1.7098404294298628,3.1798392707220104,2.472621786164881,3.0036606430048307,-0.3392415622236895,1.8157726510338543,0.208623039089997,2.5008854678270525
33.0,246.0,1000.5420532226562,-4.38181940135786,-3.7906243239135846,1.7098404301330437,3.179839270723649,2.472621786164881,3.003668457587627,-0.3392415622631017,1.8157745069157305,0.208622729160562,2.500844425883272
33.0,246.0,1000.5420532226562,-4.38181940135786,-3.790642452454031,1.7098404300704009,3.1798392707083942,2.472621786164881,3.003660837205356,-0.3392415610441625,1.8157745069157305,0.2086137241270717,2.500855370087783
33.0,246.0,1000.5420532226562,-4.38181940135786,-3.791399619586264,1.7098404293796228,3.179839270721792,2.472621786164881,3.003668488078424,-0.3392415622254228,1.8157726510338543,0.2086230390980571,2.500844626159444
33.0,246.0,1000.5420532226562,-4.38181940135786,-3.791399619586264,1.7098404294414218,3.179839270708765,2.47262178616488,3.003668488078424,-0.339241562270528,1.8157726510338543,0.2086230390980571,2.500885018000758
33.0,246.0,1000.5420532226562,-4.38181940135786,-3.791399619586264,1.709840429448932,3.1798392707083867,2.47262178616488,3.003668488078424,-0.339241562270528,1.8157726510338543,0.2086230390980571,2.500885018000758
33.0,246.0,1000.5420532226562,-4.38181940135786,-3.7906739349974408,1.7098404300570111,3.179839270709784,2.4726217861648814,3.0036611078700526,-0.3392415623706099,1.8157726510338543,0.2086137241555447,2.5008524906692
33.0,246.0,1000.5420532226562,-4.38181940135786,-3.790642452454031,1.7098404300704009,3.1798392707083942,2.472621786164881,3.003660837205356,-0.3392415622713721,1.8157745078586585,0.2086137241270717,2.500862349372877
33.0,246.0,1000.5420532226562,-4.38181940135786,-3.790642452454031,1.7098404300704009,3.1798392707083942,2.472621786164881,3.003660837205356,-0.3392415622713721,1.8157745069157305,0.2086137241270717,2.500862349372877
33.0,246.0,1000.5420532226562,-4.38181940135786,-3.791399619586264,1.7098404294619,3.179839270721792,2.472621786164881,3.003660893931117,-0.3392415622634325,1.8157726510338543,0.2086230390980571,2.500886499227293
33.0,246.0,1000.5420532226562,-4.38181940135786,-3.791399619586264,1.709840429444765,3.1798392707080416,2.472621786164881,3.003660775893401,-0.3392415621896381,1.8157726076829053,0.2086230390980571,2.500845146298976
33.0,246.0,1000.5420532226562,-4.38181940135786,-3.790642452454031,1.7098404294428222,3.1798392707083942,2.472621786164881,3.003660837205356,-0.3392415622713721,1.8157726441601327,0.2086137241270717,2.500862349372877
33.0,246.0,1000.5420532226562,-4.38181940135786,-3.7906243239135846,1.7098404301153218,3.179839270723649,2.472621786164881,3.003668457587627,-0.3392415622631017,1.8157745069157305,0.208622729160562,2.500844425883272
33.0,246.0,1000.5420532226562,-4.38181940135786,-3.7914001871439287,1.7098404294615466,3.1798392707084977,2.472621786164881,3.003660946789496,-0.339241562267367,1.8157726510338543,0.2086230381583792,2.5008856346343125
33.0,246.0,1000.5420532226562,-4.38181940135786,-3.791399619586264,1.7098404294406784,3.179839270708765,2.47262178616488,3.003660656295032,-0.3392415622713403,1.8157726510338543,0.2086136091026548,2.500885018000758
33.0,246.0,1000.5420532226562,-4.38181940135786,-3.7913680014187214,1.709840429244237,3.179839270722066,2.472621786164881,3.003660837205356,-0.3392415610441625,1.8157745150477216,0.2086137241270717,2.5008553307019743
33.0,246.0,1000.5420532226562,-4.38181940135786,-3.791399619586264,1.7098404294497254,3.179839270721793,2.472621786164881,3.0036609651200257,-0.3392415622634325,1.8157726510338543,0.2086230390980571,2.500886499227293
33.0,246.0,1000.5420532226562,-4.38181940135786,-3.7906739349974408,1.7098404302948869,3.179839270722779,2.4726217861648814,3.0036722730194607,-0.3392415622594384,1.8157726510338543,0.2086137253593646,2.5008317965955813
33.0,246.0,1000.5420532226562,-4.38181940135786,-3.791409272191306,1.709840430035389,3.1798392707084084,2.47262178616488,3.003668488078424,-0.3392415610465055,1.8157726510338543,0.2086230390980571,2.500885018000758
33.0,246.0,1000.5420532226562,-4.38181940135786,-3.791399619586264,1.7098404302945387,3.179839270721827,2.472621786164881,3.003668488078424,-0.3392415622242425,1.8157726510338543,0.2086230390980571,2.500844237790113
33.0,246.0,1000.5420532226562,-4.38181940135786,-3.791399619586264,1.709840430069,3.179839270708765,2.47262178616488,3.003668488078424,-0.339241562270528,1.815774513789451,0.2086230390980571,2.500885018000758
33.0,246.0,1000.5420532226562,-4.38181940135786,-3.790670426024673,1.7098404293869705,3.179839270708765,2.472621786164881,3.003668488078424,-0.339241562267367,1.81577450090167,0.2086227749624504,2.500845146298976
33.0,246.0,1000.5420532226562,-4.38181940135786,-3.791399619586264,1.7098404294414218,3.179839270708674,2.472621786164881,3.003668488078424,-0.3392415622703004,1.8157726510338543,0.2086230390980571,2.500845146298976
33.0,246.0,1000.5420532226562,-4.38181940135786,-3.790642452454031,1.7098404300704009,3.1798392707083942,2.472621786164881,3.003660837205356,-0.3392415622713721,1.8157745078776475,0.2086137241270717,2.500862349372877
33.0,246.0,1000.5420532226562,-4.38181940135786,-3.7906243239135846,1.709840430114503,3.179839270723649,2.472621786164881,3.003668457587627,-0.3392415622631017,1.8157745069157305,0.208622729160562,2.500844425883272
33.0,246.0,1000.5420532226562,-4.38181940135786,-3.790642452454031,1.7098404294304916,3.1798392707083942,2.472621786164881,3.0036608289813707,-0.3392415622713776,1.8157745078586585,0.2086137241270717,2.500862349372877
33.0,246.0,1000.5420532226562,-4.38181940135786,-3.791399619586264,1.7098404294298628,3.1798392707220104,2.472621786164881,3.0036606430048307,-0.3392415622236895,1.8157726510338543,0.2086230390899154,2.5008854678270525
33.0,246.0,1000.5420532226562,-4.38181940135786,-3.7906752117536895,1.709840430295558,3.1798392707083942,2.472621786164881,3.003660837205356,-0.3392415610441625,1.8157745673995056,0.2086137241270717,2.500855370087783
33.0,246.0,1000.5420532226562,-4.38181940135786,-3.791376894955498,1.7098404294428222,3.179839270708121,2.472621786164881,3.003660833508781,-0.3392415622713115,1.8157726441601327,0.2086134725461683,2.500862353142228
33.0,246.0,1000.5420532226562,-4.38181940135786,-3.791399619586264,1.709840429444765,3.1798392707080416,2.472621786164881,3.003660775893401,-0.3392415621896381,1.8157726076829053,0.2086230390980571,2.500845146298976
33.0,246.0,1000.5420532226562,-4.38181940135786,-3.790642452454031,1.7098404300619665,3.17983927070874,2.472621786164881,3.003668886311695,-0.3392415610441625,1.8157745069157305,0.2086137241270717,2.500855370087783
33.0,246.0,1000.5420532226562,-4.38181940135786,-3.791399619586264,1.709840351819497,3.179839270708768,2.472621786164864,3.0036684907645275,-0.3392415610538416,1.815772651023,0.2086132125915031,2.5008599578616884
33.0,246.0,1000.5420532226562,-4.38181940135786,-3.791399619586264,1.7098404294631833,3.1798392707220104,2.472621786164881,3.0036606430048307,-0.3392415622236895,1.8157727053620032,0.2086231541116818,2.5008854678270525
33.0,246.0,1000.5420532226562,-4.38181940135786,-3.791399619586264,1.7098404302945387,3.179839270708249,2.472621786164881,3.0036606455736408,-0.3392415622242425,1.8157726510338543,0.2086230392047941,2.500844237790113
33.0,246.0,1000.5420532226562,-4.38181940135786,-3.790642452454031,1.7098404300704009,3.17983927070838,2.472621786164881,3.003660837205356,-0.3392415622713721,1.8157745078776475,0.2086233749678867,2.500845391302937
33.0,247.0,1000.5420532226562,-4.38181940135786,-3.791399619586264,1.7098404294414218,3.179839270708765,2.47262178616488,3.003668488078424,-0.339241562270528,1.8157726510338543,0.2086230390980571,2.500885018000758
33.0,247.0,1000.5420532226562,-4.38181940135786,-3.791399619586264,1.7098404294414218,3.179839270708765,2.472621786164881,3.003668488078424,-0.339241562267367,1.8157726510338543,0.2086230390980571,2.5008856346343125
33.0,247.0,1000.5420532226562,-4.38181940135786,-3.791399619586264,1.7098404294414218,3.179839270708765,2.472621786164881,3.003668488078424,-0.339241562267367,1.8157726510338543,0.2086230390980571,2.500845146298976
33.0,247.0,1000.5420532226562,-4.38181940135786,-3.791399619586264,1.709840351819497,3.179839270708793,2.472621786164864,3.0036684148235206,-0.3392415628162528,1.8157726539566823,0.2086132125915031,2.5008599578616884
33.0,247.0,1000.5420532226562,-4.38181940135786,-3.790642452454031,1.7098404300704009,3.1798392707083942,2.472621786164881,3.003660837205356,-0.3392415622713721,1.8157745069157305,0.2086137241270717,2.500862349372877
33.0,247.0,1000.5420532226562,-4.38181940135786,-3.791399619586264,1.7098404294414218,3.179839270721792,2.472621786164881,3.003668488078424,-0.3392415622634411,1.8157726510338543,0.2086230390980571,2.500845146298976
33.0,247.0,1000.5420532226562,-4.38181940135786,-3.7913791580628944,1.7098404294615466,3.179839270708765,2.472621786164881,3.003660946789496,-0.339241562267367,1.8157726510338543,0.2086230381419017,2.5008856346343125
33.0,247.0,1000.5420532226562,-4.38181940135786,-3.790642452454031,1.7098404300704009,3.1798392707083942,2.472621786164881,3.003660837205356,-0.3392415610441625,1.8157745069157305,0.2086137241270717,2.500855370087783
33.0,247.0,1000.5420532226562,-4.38181940135786,-3.790642452454031,1.7098404300704009,3.1798392707083942,2.472621786164881,3.003660837205356,-0.3392415622713721,1.8157745078586585,0.2086137241270717,2.500862349372877
33.0,247.0,1000.5420532226562,-4.38181940135786,-3.791399619586264,1.7098404303448498,3.1798392707095475,2.4726217861648645,3.003668412601361,-0.3392415610705776,1.815772743477348,0.2086233763242197,2.500860261420601
33.0,247.0,1000.5420532226562,-4.38181940135786,-3.791399619586264,1.7098404294292768,3.179839270721792,2.472621786164881,3.003668488078424,-0.3392415622254228,1.8157726510338543,0.2086230390980571,2.500844237790113
33.0,247.0,1000.5420532226562,-4.38181940135786,-3.7906739349974408,1.7098404302940116,3.179839270709784,2.4726217861648814,3.003672483300215,-0.3392415623685247,1.8157726510338543,0.2086137253593646,2.5004206680550927
33.0,247.0,1000.5420532226562,-4.38181940135786,-3.7906243239135846,1.7098404301330437,3.179839270723649,2.472621786164881,3.003668457587627,-0.3392415622631017,1.8157745069157305,0.208622729160562,2.500844425883272
33.0,247.0,1000.5420532226562,-4.38181940135786,-3.791399619586264,1.7098404294414218,3.179839270708765,2.47262178616488,3.003668488078424,-0.339241562270528,1.8157726510338543,0.2086230390980571,2.500885018000758
33.0,247.0,1000.5420532226562,-4.38181940135786,-3.790649286305214,1.7098403463449732,3.179839270708746,2.472621786164881,3.003660714415029,-0.339241562270781,1.8157745069157305,0.2086137238561249,2.5008367607040665
33.0,247.0,1000.5420532226562,-4.38181940135786,-3.791399619586264,1.7098404294298628,3.1798392707220104,2.472621786164881,3.0036606430048307,-0.3392415622236895,1.8157726510338543,0.208623039089997,2.5008854678270525
33.0,247.0,1000.5420532226562,-4.38181940135786,-3.7906243239135846,1.7098404301330437,3.179839270723649,2.472621786164881,3.003668457587627,-0.3392415622631017,1.8157745069157305,0.208622729160562,2.500844425883272
33.0,247.0,1000.5420532226562,-4.38181940135786,-3.790642452454031,1.7098404300704009,3.1798392707083942,2.472621786164881,3.003660837205356,-0.3392415610441625,1.8157745069157305,0.2086137241270717,2.500855370087783
33.0,247.0,1000.5420532226562,-4.38181940135786,-3.791399619586264,1.7098404293796228,3.179839270721792,2.472621786164881,3.003668488078424,-0.3392415622254228,1.8157726510338543,0.2086230390980571,2.500844626159444
33.0,247.0,1000.5420532226562,-4.38181940135786,-3.791399619586264,1.7098404294414218,3.179839270708765,2.47262178616488,3.003668488078424,-0.339241562270528,1.8157726510338543,0.2086230390980571,2.500885018000758
33.0,247.0,1000.5420532226562,-4.38181940135786,-3.791399619586264,1.709840429448932,3.1798392707083867,2.47262178616488,3.003668488078424,-0.339241562270528,1.8157726510338543,0.2086230390980571,2.500885018000758
33.0,247.0,1000.5420532226562,-4.38181940135786,-3.7906739349974408,1.7098404300570111,3.179839270709784,2.4726217861648814,3.0036611078700526,-0.3392415623706099,1.8157726510338543,0.2086137241555447,2.5008524906692
33.0,247.0,1000.5420532226562,-4.38181940135786,-3.790642452454031,1.7098404300704009,3.1798392707083942,2.472621786164881,3.003660837205356,-0.3392415622713721,1.8157745078586585,0.2086137241270717,2.500862349372877
33.0,247.0,1000.5420532226562,-4.38181940135786,-3.790642452454031,1.7098404300704009,3.1798392707083942,2.472621786164881,3.003660837205356,-0.3392415622713721,1.8157745069157305,0.2086137241270717,2.500862349372877
33.0,247.0,1000.5420532226562,-4.38181940135786,-3.791399619586264,1.7098404294619,3.179839270721792,2.472621786164881,3.003660893931117,-0.3392415622634325,1.8157726510338543,0.2086230390980571,2.500886499227293
33.0,247.0,1000.5420532226562,-4.38181940135786,-3.791399619586264,1.709840429444765,3.1798392707080416,2.472621786164881,3.003660775893401,-0.3392415621896381,1.8157726076829053,0.2086230390980571,2.500845146298976
33.0,247.0,1000.5420532226562,-4.38181940135786,-3.790642452454031,1.7098404294428222,3.1798392707083942,2.472621786164881,3.003660837205356,-0.3392415622713721,1.8157726441601327,0.2086137241270717,2.500862349372877
33.0,247.0,1000.5420532226562,-4.38181940135786,-3.7906243239135846,1.7098404301153218,3.179839270723649,2.472621786164881,3.003668457587627,-0.3392415622631017,1.8157745069157305,0.208622729160562,2.500844425883272
33.0,247.0,1000.5420532226562,-4.38181940135786,-3.7914001871439287,1.7098404294615466,3.1798392707084977,2.472621786164881,3.003660946789496,-0.339241562267367,1.8157726510338543,0.2086230381583792,2.5008856346343125
33.0,247.0,1000.5420532226562,-4.38181940135786,-3.791399619586264,1.7098404294406784,3.179839270708765,2.47262178616488,3.003660656295032,-0.3392415622713403,1.8157726510338543,0.2086136091026548,2.500885018000758
33.0,247.0,1000.5420532226562,-4.38181940135786,-3.7913680014187214,1.709840429244237,3.179839270722066,2.472621786164881,3.003660837205356,-0.3392415610441625,1.8157745150477216,0.2086137241270717,2.5008553307019743
33.0,247.0,1000.5420532226562,-4.38181940135786,-3.791399619586264,1.7098404294497254,3.179839270721793,2.472621786164881,3.0036609651200257,-0.3392415622634325,1.8157726510338543,0.2086230390980571,2.500886499227293
33.0,247.0,1000.5420532226562,-4.38181940135786,-3.7906739349974408,1.7098404302948869,3.179839270722779,2.4726217861648814,3.0036722730194607,-0.3392415622594384,1.8157726510338543,0.2086137253593646,2.5008317965955813
33.0,247.0,1000.5420532226562,-4.38181940135786,-3.791409272191306,1.709840430035389,3.1798392707084084,2.47262178616488,3.003668488078424,-0.3392415610465055,1.8157726510338543,0.2086230390980571,2.500885018000758
33.0,247.0,1000.5420532226562,-4.38181940135786,-3.791399619586264,1.7098404302945387,3.179839270721827,2.472621786164881,3.003668488078424,-0.3392415622242425,1.8157726510338543,0.2086230390980571,2.500844237790113
33.0,247.0,1000.5420532226562,-4.38181940135786,-3.791399619586264,1.709840430069,3.179839270708765,2.47262178616488,3.003668488078424,-0.339241562270528,1.815774513789451,0.2086230390980571,2.500885018000758
33.0,247.0,1000.5420532226562,-4.38181940135786,-3.790670426024673,1.7098404293869705,3.179839270708765,2.472621786164881,3.003668488078424,-0.339241562267367,1.81577450090167,0.2086227749624504,2.500845146298976
33.0,247.0,1000.5420532226562,-4.38181940135786,-3.791399619586264,1.7098404294414218,3.179839270708674,2.472621786164881,3.003668488078424,-0.3392415622703004,1.8157726510338543,0.2086230390980571,2.500845146298976
33.0,247.0,1000.5420532226562,-4.38181940135786,-3.790642452454031,1.7098404300704009,3.1798392707083942,2.472621786164881,3.003660837205356,-0.3392415622713721,1.8157745078776475,0.2086137241270717,2.500862349372877
33.0,247.0,1000.5420532226562,-4.38181940135786,-3.7906243239135846,1.709840430114503,3.179839270723649,2.472621786164881,3.003668457587627,-0.3392415622631017,1.8157745069157305,0.208622729160562,2.500844425883272
33.0,247.0,1000.5420532226562,-4.38181940135786,-3.790642452454031,1.7098404294304916,3.1798392707083942,2.472621786164881,3.0036608289813707,-0.3392415622713776,1.8157745078586585,0.2086137241270717,2.500862349372877
33.0,247.0,1000.5420532226562,-4.38181940135786,-3.791399619586264,1.7098404294298628,3.1798392707220104,2.472621786164881,3.0036606430048307,-0.3392415622236895,1.8157726510338543,0.2086230390899154,2.5008854678270525
33.0,247.0,1000.5420532226562,-4.38181940135786,-3.7906752117536895,1.709840430295558,3.1798392707083942,2.472621786164881,3.003660837205356,-0.3392415610441625,1.8157745673995056,0.2086137241270717,2.500855370087783
33.0,247.0,1000.5420532226562,-4.38181940135786,-3.791376894955498,1.7098404294428222,3.179839270708121,2.472621786164881,3.003660833508781,-0.3392415622713115,1.8157726441601327,0.2086134725461683,2.500862353142228
33.0,247.0,1000.5420532226562,-4.38181940135786,-3.791399619586264,1.709840429444765,3.1798392707080416,2.472621786164881,3.003660775893401,-0.3392415621896381,1.8157726076829053,0.2086230390980571,2.500845146298976
33.0,247.0,1000.5420532226562,-4.38181940135786,-3.790642452454031,1.7098404300619665,3.17983927070874,2.472621786164881,3.003668886311695,-0.3392415610441625,1.8157745069157305,0.2086137241270717,2.500855370087783
33.0,247.0,1000.5420532226562,-4.38181940135786,-3.791399619586264,1.709840351819497,3.179839270708768,2.472621786164864,3.0036684907645275,-0.3392415610538416,1.815772651023,0.2086132125915031,2.5008599578616884
33.0,247.0,1000.5420532226562,-4.38181940135786,-3.791399619586264,1.7098404294631833,3.1798392707220104,2.472621786164881,3.0036606430048307,-0.3392415622236895,1.8157727053620032,0.2086231541116818,2.5008854678270525
33.0,247.0,1000.5420532226562,-4.38181940135786,-3.791399619586264,1.7098404302945387,3.179839270708249,2.472621786164881,3.0036606455736408,-0.3392415622242425,1.8157726510338543,0.2086230392047941,2.500844237790113
33.0,247.0,1000.5420532226562,-4.38181940135786,-3.790642452454031,1.7098404300704009,3.17983927070838,2.472621786164881,3.003660837205356,-0.3392415622713721,1.8157745078776475,0.2086233749678867,2.500845391302937
33.0,248.0,1000.5415649414062,-4.38181940135786,-3.790649286305214,1.709840431240402,3.179839270708746,2.472621786164881,3.002362856289148,-0.3392415610448833,1.8157745069157305,0.2086137238561249,2.5008540767498486
33.0,248.0,1000.5420532226562,-4.38181940135786,-3.791399619586264,1.7098404294414218,3.179839270708765,2.47262178616488,3.003668488078424,-0.339241562270528,1.8157726510338543,0.2086230390980571,2.500885018000758
33.0,248.0,1000.5420532226562,-4.38181940135786,-3.791399619586264,1.7098404294414218,3.179839270708765,2.472621786164881,3.003668488078424,-0.339241562267367,1.8157726510338543,0.2086230390980571,2.5008856346343125
33.0,248.0,1000.5420532226562,-4.38181940135786,-3.791399619586264,1.7098404294414218,3.179839270708765,2.472621786164881,3.003668488078424,-0.339241562267367,1.8157726510338543,0.2086230390980571,2.500845146298976
33.0,248.0,1000.5420532226562,-4.38181940135786,-3.791399619586264,1.709840351819497,3.179839270708793,2.472621786164864,3.0036684148235206,-0.3392415628162528,1.8157726539566823,0.2086132125915031,2.5008599578616884
33.0,248.0,1000.5420532226562,-4.38181940135786,-3.790642452454031,1.7098404300704009,3.1798392707083942,2.472621786164881,3.003660837205356,-0.3392415622713721,1.8157745069157305,0.2086137241270717,2.500862349372877
33.0,248.0,1000.5420532226562,-4.38181940135786,-3.791399619586264,1.7098404294414218,3.179839270721792,2.472621786164881,3.003668488078424,-0.3392415622634411,1.8157726510338543,0.2086230390980571,2.500845146298976
33.0,248.0,1000.5420532226562,-4.38181940135786,-3.7913791580628944,1.7098404294615466,3.179839270708765,2.472621786164881,3.003660946789496,-0.339241562267367,1.8157726510338543,0.2086230381419017,2.5008856346343125
33.0,248.0,1000.5420532226562,-4.38181940135786,-3.790642452454031,1.7098404300704009,3.1798392707083942,2.472621786164881,3.003660837205356,-0.3392415610441625,1.8157745069157305,0.2086137241270717,2.500855370087783
33.0,248.0,1000.5420532226562,-4.38181940135786,-3.790642452454031,1.7098404300704009,3.1798392707083942,2.472621786164881,3.003660837205356,-0.3392415622713721,1.8157745078586585,0.2086137241270717,2.500862349372877
33.0,248.0,1000.5420532226562,-4.38181940135786,-3.791399619586264,1.7098404303448498,3.1798392707095475,2.4726217861648645,3.003668412601361,-0.3392415610705776,1.815772743477348,0.2086233763242197,2.500860261420601
33.0,248.0,1000.5420532226562,-4.38181940135786,-3.791399619586264,1.7098404294292768,3.179839270721792,2.472621786164881,3.003668488078424,-0.3392415622254228,1.8157726510338543,0.2086230390980571,2.500844237790113
33.0,248.0,1000.5420532226562,-4.38181940135786,-3.7906739349974408,1.7098404302940116,3.179839270709784,2.4726217861648814,3.003672483300215,-0.3392415623685247,1.8157726510338543,0.2086137253593646,2.5004206680550927
33.0,248.0,1000.5420532226562,-4.38181940135786,-3.7906243239135846,1.7098404301330437,3.179839270723649,2.472621786164881,3.003668457587627,-0.3392415622631017,1.8157745069157305,0.208622729160562,2.500844425883272
33.0,248.0,1000.5420532226562,-4.38181940135786,-3.791399619586264,1.7098404294414218,3.179839270708765,2.47262178616488,3.003668488078424,-0.339241562270528,1.8157726510338543,0.2086230390980571,2.500885018000758
33.0,248.0,1000.5420532226562,-4.38181940135786,-3.790649286305214,1.7098403463449732,3.179839270708746,2.472621786164881,3.003660714415029,-0.339241562270781,1.8157745069157305,0.2086137238561249,2.5008367607040665
33.0,248.0,1000.5420532226562,-4.38181940135786,-3.791399619586264,1.7098404294298628,3.1798392707220104,2.472621786164881,3.0036606430048307,-0.3392415622236895,1.8157726510338543,0.208623039089997,2.5008854678270525
33.0,248.0,1000.5420532226562,-4.38181940135786,-3.7906243239135846,1.7098404301330437,3.179839270723649,2.472621786164881,3.003668457587627,-0.3392415622631017,1.8157745069157305,0.208622729160562,2.500844425883272
33.0,248.0,1000.5420532226562,-4.38181940135786,-3.790642452454031,1.7098404300704009,3.1798392707083942,2.472621786164881,3.003660837205356,-0.3392415610441625,1.8157745069157305,0.2086137241270717,2.500855370087783
33.0,248.0,1000.5420532226562,-4.38181940135786,-3.791399619586264,1.7098404293796228,3.179839270721792,2.472621786164881,3.003668488078424,-0.3392415622254228,1.8157726510338543,0.2086230390980571,2.500844626159444
33.0,248.0,1000.5420532226562,-4.38181940135786,-3.791399619586264,1.7098404294414218,3.179839270708765,2.47262178616488,3.003668488078424,-0.339241562270528,1.8157726510338543,0.2086230390980571,2.500885018000758
33.0,248.0,1000.5420532226562,-4.38181940135786,-3.791399619586264,1.709840429448932,3.1798392707083867,2.47262178616488,3.003668488078424,-0.339241562270528,1.8157726510338543,0.2086230390980571,2.500885018000758
33.0,248.0,1000.5420532226562,-4.38181940135786,-3.7906739349974408,1.7098404300570111,3.179839270709784,2.4726217861648814,3.0036611078700526,-0.3392415623706099,1.8157726510338543,0.2086137241555447,2.5008524906692
33.0,248.0,1000.5420532226562,-4.38181940135786,-3.790642452454031,1.7098404300704009,3.1798392707083942,2.472621786164881,3.003660837205356,-0.3392415622713721,1.8157745078586585,0.2086137241270717,2.500862349372877
33.0,248.0,1000.5420532226562,-4.38181940135786,-3.790642452454031,1.7098404300704009,3.1798392707083942,2.472621786164881,3.003660837205356,-0.3392415622713721,1.8157745069157305,0.2086137241270717,2.500862349372877
33.0,248.0,1000.5420532226562,-4.38181940135786,-3.791399619586264,1.7098404294619,3.179839270721792,2.472621786164881,3.003660893931117,-0.3392415622634325,1.8157726510338543,0.2086230390980571,2.500886499227293
33.0,248.0,1000.5420532226562,-4.38181940135786,-3.791399619586264,1.709840429444765,3.1798392707080416,2.472621786164881,3.003660775893401,-0.3392415621896381,1.8157726076829053,0.2086230390980571,2.500845146298976
33.0,248.0,1000.5420532226562,-4.38181940135786,-3.790642452454031,1.7098404294428222,3.1798392707083942,2.472621786164881,3.003660837205356,-0.3392415622713721,1.8157726441601327,0.2086137241270717,2.500862349372877
33.0,248.0,1000.5420532226562,-4.38181940135786,-3.7906243239135846,1.7098404301153218,3.179839270723649,2.472621786164881,3.003668457587627,-0.3392415622631017,1.8157745069157305,0.208622729160562,2.500844425883272
33.0,248.0,1000.5420532226562,-4.38181940135786,-3.7914001871439287,1.7098404294615466,3.1798392707084977,2.472621786164881,3.003660946789496,-0.339241562267367,1.8157726510338543,0.2086230381583792,2.5008856346343125
33.0,248.0,1000.5420532226562,-4.38181940135786,-3.791399619586264,1.7098404294406784,3.179839270708765,2.47262178616488,3.003660656295032,-0.3392415622713403,1.8157726510338543,0.2086136091026548,2.500885018000758
33.0,248.0,1000.5420532226562,-4.38181940135786,-3.7913680014187214,1.709840429244237,3.179839270722066,2.472621786164881,3.003660837205356,-0.3392415610441625,1.8157745150477216,0.2086137241270717,2.5008553307019743
33.0,248.0,1000.5420532226562,-4.38181940135786,-3.791399619586264,1.7098404294497254,3.179839270721793,2.472621786164881,3.0036609651200257,-0.3392415622634325,1.8157726510338543,0.2086230390980571,2.500886499227293
33.0,248.0,1000.5420532226562,-4.38181940135786,-3.7906739349974408,1.7098404302948869,3.179839270722779,2.4726217861648814,3.0036722730194607,-0.3392415622594384,1.8157726510338543,0.2086137253593646,2.5008317965955813
33.0,248.0,1000.5420532226562,-4.38181940135786,-3.791409272191306,1.709840430035389,3.1798392707084084,2.47262178616488,3.003668488078424,-0.3392415610465055,1.8157726510338543,0.2086230390980571,2.500885018000758
33.0,248.0,1000.5420532226562,-4.38181940135786,-3.791399619586264,1.7098404302945387,3.179839270721827,2.472621786164881,3.003668488078424,-0.3392415622242425,1.8157726510338543,0.2086230390980571,2.500844237790113
33.0,248.0,1000.5420532226562,-4.38181940135786,-3.791399619586264,1.709840430069,3.179839270708765,2.47262178616488,3.003668488078424,-0.339241562270528,1.815774513789451,0.2086230390980571,2.500885018000758
33.0,248.0,1000.5420532226562,-4.38181940135786,-3.790670426024673,1.7098404293869705,3.179839270708765,2.472621786164881,3.003668488078424,-0.339241562267367,1.81577450090167,0.2086227749624504,2.500845146298976
33.0,248.0,1000.5420532226562,-4.38181940135786,-3.791399619586264,1.7098404294414218,3.179839270708674,2.472621786164881,3.003668488078424,-0.3392415622703004,1.8157726510338543,0.2086230390980571,2.500845146298976
33.0,248.0,1000.5420532226562,-4.38181940135786,-3.790642452454031,1.7098404300704009,3.1798392707083942,2.472621786164881,3.003660837205356,-0.3392415622713721,1.8157745078776475,0.2086137241270717,2.500862349372877
33.0,248.0,1000.5420532226562,-4.38181940135786,-3.7906243239135846,1.709840430114503,3.179839270723649,2.472621786164881,3.003668457587627,-0.3392415622631017,1.8157745069157305,0.208622729160562,2.500844425883272
33.0,248.0,1000.5420532226562,-4.38181940135786,-3.790642452454031,1.7098404294304916,3.1798392707083942,2.472621786164881,3.0036608289813707,-0.3392415622713776,1.8157745078586585,0.2086137241270717,2.500862349372877
33.0,248.0,1000.5420532226562,-4.38181940135786,-3.791399619586264,1.7098404294298628,3.1798392707220104,2.472621786164881,3.0036606430048307,-0.3392415622236895,1.8157726510338543,0.2086230390899154,2.5008854678270525
33.0,248.0,1000.5420532226562,-4.38181940135786,-3.7906752117536895,1.709840430295558,3.1798392707083942,2.472621786164881,3.003660837205356,-0.3392415610441625,1.8157745673995056,0.2086137241270717,2.500855370087783
33.0,248.0,1000.5420532226562,-4.38181940135786,-3.791376894955498,1.7098404294428222,3.179839270708121,2.472621786164881,3.003660833508781,-0.3392415622713115,1.8157726441601327,0.2086134725461683,2.500862353142228
33.0,248.0,1000.5420532226562,-4.38181940135786,-3.791399619586264,1.709840429444765,3.1798392707080416,2.472621786164881,3.003660775893401,-0.3392415621896381,1.8157726076829053,0.2086230390980571,2.500845146298976
33.0,248.0,1000.5420532226562,-4.38181940135786,-3.790642452454031,1.7098404300619665,3.17983927070874,2.472621786164881,3.003668886311695,-0.3392415610441625,1.8157745069157305,0.2086137241270717,2.500855370087783
33.0,248.0,1000.5420532226562,-4.38181940135786,-3.791399619586264,1.709840351819497,3.179839270708768,2.472621786164864,3.0036684907645275,-0.3392415610538416,1.815772651023,0.2086132125915031,2.5008599578616884
33.0,248.0,1000.5420532226562,-4.38181940135786,-3.791399619586264,1.7098404294631833,3.1798392707220104,2.472621786164881,3.0036606430048307,-0.3392415622236895,1.8157727053620032,0.2086231541116818,2.5008854678270525
33.0,248.0,1000.5420532226562,-4.38181940135786,-3.791399619586264,1.7098404302945387,3.179839270708249,2.472621786164881,3.0036606455736408,-0.3392415622242425,1.8157726510338543,0.2086230392047941,2.500844237790113
33.0,249.0,1000.5415649414062,-4.38181940135786,-3.790649286305214,1.709840431240402,3.179839270708746,2.472621786164881,3.002362856289148,-0.3392415610448833,1.8157745069157305,0.2086137238561249,2.5008540767498486
33.0,249.0,1000.5415649414062,-4.38181940135786,-3.7906356498261657,1.709840431240402,3.179839270708746,2.472621786164881,3.002362856289148,-0.3392415610388185,1.815774472830045,0.2086137238561249,2.5008540767498486
33.0,249.0,1000.5420532226562,-4.38181940135786,-3.791399619586264,1.7098404294414218,3.179839270708765,2.47262178616488,3.003668488078424,-0.339241562270528,1.8157726510338543,0.2086230390980571,2.500885018000758
33.0,249.0,1000.5420532226562,-4.38181940135786,-3.791399619586264,1.7098404294414218,3.179839270708765,2.472621786164881,3.003668488078424,-0.339241562267367,1.8157726510338543,0.2086230390980571,2.5008856346343125
33.0,249.0,1000.5420532226562,-4.38181940135786,-3.791399619586264,1.7098404294414218,3.179839270708765,2.472621786164881,3.003668488078424,-0.339241562267367,1.8157726510338543,0.2086230390980571,2.500845146298976
33.0,249.0,1000.5420532226562,-4.38181940135786,-3.791399619586264,1.709840351819497,3.179839270708793,2.472621786164864,3.0036684148235206,-0.3392415628162528,1.8157726539566823,0.2086132125915031,2.5008599578616884
33.0,249.0,1000.5420532226562,-4.38181940135786,-3.790642452454031,1.7098404300704009,3.1798392707083942,2.472621786164881,3.003660837205356,-0.3392415622713721,1.8157745069157305,0.2086137241270717,2.500862349372877
33.0,249.0,1000.5420532226562,-4.38181940135786,-3.791399619586264,1.7098404294414218,3.179839270721792,2.472621786164881,3.003668488078424,-0.3392415622634411,1.8157726510338543,0.2086230390980571,2.500845146298976
33.0,249.0,1000.5420532226562,-4.38181940135786,-3.7913791580628944,1.7098404294615466,3.179839270708765,2.472621786164881,3.003660946789496,-0.339241562267367,1.8157726510338543,0.2086230381419017,2.5008856346343125
33.0,249.0,1000.5420532226562,-4.38181940135786,-3.790642452454031,1.7098404300704009,3.1798392707083942,2.472621786164881,3.003660837205356,-0.3392415610441625,1.8157745069157305,0.2086137241270717,2.500855370087783
33.0,249.0,1000.5420532226562,-4.38181940135786,-3.790642452454031,1.7098404300704009,3.1798392707083942,2.472621786164881,3.003660837205356,-0.3392415622713721,1.8157745078586585,0.2086137241270717,2.500862349372877
33.0,249.0,1000.5420532226562,-4.38181940135786,-3.791399619586264,1.7098404303448498,3.1798392707095475,2.4726217861648645,3.003668412601361,-0.3392415610705776,1.815772743477348,0.2086233763242197,2.500860261420601
33.0,249.0,1000.5420532226562,-4.38181940135786,-3.791399619586264,1.7098404294292768,3.179839270721792,2.472621786164881,3.003668488078424,-0.3392415622254228,1.8157726510338543,0.2086230390980571,2.500844237790113
33.0,249.0,1000.5420532226562,-4.38181940135786,-3.7906739349974408,1.7098404302940116,3.179839270709784,2.4726217861648814,3.003672483300215,-0.3392415623685247,1.8157726510338543,0.2086137253593646,2.5004206680550927
33.0,249.0,1000.5420532226562,-4.38181940135786,-3.7906243239135846,1.7098404301330437,3.179839270723649,2.472621786164881,3.003668457587627,-0.3392415622631017,1.8157745069157305,0.208622729160562,2.500844425883272
33.0,249.0,1000.5420532226562,-4.38181940135786,-3.791399619586264,1.7098404294414218,3.179839270708765,2.47262178616488,3.003668488078424,-0.339241562270528,1.8157726510338543,0.2086230390980571,2.500885018000758
33.0,249.0,1000.5420532226562,-4.38181940135786,-3.790649286305214,1.7098403463449732,3.179839270708746,2.472621786164881,3.003660714415029,-0.339241562270781,1.8157745069157305,0.2086137238561249,2.5008367607040665
33.0,249.0,1000.5420532226562,-4.38181940135786,-3.791399619586264,1.7098404294298628,3.1798392707220104,2.472621786164881,3.0036606430048307,-0.3392415622236895,1.8157726510338543,0.208623039089997,2.5008854678270525
33.0,249.0,1000.5420532226562,-4.38181940135786,-3.7906243239135846,1.7098404301330437,3.179839270723649,2.472621786164881,3.003668457587627,-0.3392415622631017,1.8157745069157305,0.208622729160562,2.500844425883272
33.0,249.0,1000.5420532226562,-4.38181940135786,-3.790642452454031,1.7098404300704009,3.1798392707083942,2.472621786164881,3.003660837205356,-0.3392415610441625,1.8157745069157305,0.2086137241270717,2.500855370087783
33.0,249.0,1000.5420532226562,-4.38181940135786,-3.791399619586264,1.7098404293796228,3.179839270721792,2.472621786164881,3.003668488078424,-0.3392415622254228,1.8157726510338543,0.2086230390980571,2.500844626159444
33.0,249.0,1000.5420532226562,-4.38181940135786,-3.791399619586264,1.7098404294414218,3.179839270708765,2.47262178616488,3.003668488078424,-0.339241562270528,1.8157726510338543,0.2086230390980571,2.500885018000758
33.0,249.0,1000.5420532226562,-4.38181940135786,-3.791399619586264,1.709840429448932,3.1798392707083867,2.47262178616488,3.003668488078424,-0.339241562270528,1.8157726510338543,0.2086230390980571,2.500885018000758
33.0,249.0,1000.5420532226562,-4.38181940135786,-3.7906739349974408,1.7098404300570111,3.179839270709784,2.4726217861648814,3.0036611078700526,-0.3392415623706099,1.8157726510338543,0.2086137241555447,2.5008524906692
33.0,249.0,1000.5420532226562,-4.38181940135786,-3.790642452454031,1.7098404300704009,3.1798392707083942,2.472621786164881,3.003660837205356,-0.3392415622713721,1.8157745078586585,0.2086137241270717,2.500862349372877
33.0,249.0,1000.5420532226562,-4.38181940135786,-3.790642452454031,1.7098404300704009,3.1798392707083942,2.472621786164881,3.003660837205356,-0.3392415622713721,1.8157745069157305,0.2086137241270717,2.500862349372877
33.0,249.0,1000.5420532226562,-4.38181940135786,-3.791399619586264,1.7098404294619,3.179839270721792,2.472621786164881,3.003660893931117,-0.3392415622634325,1.8157726510338543,0.2086230390980571,2.500886499227293
33.0,249.0,1000.5420532226562,-4.38181940135786,-3.791399619586264,1.709840429444765,3.1798392707080416,2.472621786164881,3.003660775893401,-0.3392415621896381,1.8157726076829053,0.2086230390980571,2.500845146298976
33.0,249.0,1000.5420532226562,-4.38181940135786,-3.790642452454031,1.7098404294428222,3.1798392707083942,2.472621786164881,3.003660837205356,-0.3392415622713721,1.8157726441601327,0.2086137241270717,2.500862349372877
33.0,249.0,1000.5420532226562,-4.38181940135786,-3.7906243239135846,1.7098404301153218,3.179839270723649,2.472621786164881,3.003668457587627,-0.3392415622631017,1.8157745069157305,0.208622729160562,2.500844425883272
33.0,249.0,1000.5420532226562,-4.38181940135786,-3.7914001871439287,1.7098404294615466,3.1798392707084977,2.472621786164881,3.003660946789496,-0.339241562267367,1.8157726510338543,0.2086230381583792,2.5008856346343125
33.0,249.0,1000.5420532226562,-4.38181940135786,-3.791399619586264,1.7098404294406784,3.179839270708765,2.47262178616488,3.003660656295032,-0.3392415622713403,1.8157726510338543,0.2086136091026548,2.500885018000758
33.0,249.0,1000.5420532226562,-4.38181940135786,-3.7913680014187214,1.709840429244237,3.179839270722066,2.472621786164881,3.003660837205356,-0.3392415610441625,1.8157745150477216,0.2086137241270717,2.5008553307019743
33.0,249.0,1000.5420532226562,-4.38181940135786,-3.791399619586264,1.7098404294497254,3.179839270721793,2.472621786164881,3.0036609651200257,-0.3392415622634325,1.8157726510338543,0.2086230390980571,2.500886499227293
33.0,249.0,1000.5420532226562,-4.38181940135786,-3.7906739349974408,1.7098404302948869,3.179839270722779,2.4726217861648814,3.0036722730194607,-0.3392415622594384,1.8157726510338543,0.2086137253593646,2.5008317965955813
33.0,249.0,1000.5420532226562,-4.38181940135786,-3.791409272191306,1.709840430035389,3.1798392707084084,2.47262178616488,3.003668488078424,-0.3392415610465055,1.8157726510338543,0.2086230390980571,2.500885018000758
33.0,249.0,1000.5420532226562,-4.38181940135786,-3.791399619586264,1.7098404302945387,3.179839270721827,2.472621786164881,3.003668488078424,-0.3392415622242425,1.8157726510338543,0.2086230390980571,2.500844237790113
33.0,249.0,1000.5420532226562,-4.38181940135786,-3.791399619586264,1.709840430069,3.179839270708765,2.47262178616488,3.003668488078424,-0.339241562270528,1.815774513789451,0.2086230390980571,2.500885018000758
33.0,249.0,1000.5420532226562,-4.38181940135786,-3.790670426024673,1.7098404293869705,3.179839270708765,2.472621786164881,3.003668488078424,-0.339241562267367,1.81577450090167,0.2086227749624504,2.500845146298976
33.0,249.0,1000.5420532226562,-4.38181940135786,-3.791399619586264,1.7098404294414218,3.179839270708674,2.472621786164881,3.003668488078424,-0.3392415622703004,1.8157726510338543,0.2086230390980571,2.500845146298976
33.0,249.0,1000.5420532226562,-4.38181940135786,-3.790642452454031,1.7098404300704009,3.1798392707083942,2.472621786164881,3.003660837205356,-0.3392415622713721,1.8157745078776475,0.2086137241270717,2.500862349372877
33.0,249.0,1000.5420532226562,-4.38181940135786,-3.7906243239135846,1.709840430114503,3.179839270723649,2.472621786164881,3.003668457587627,-0.3392415622631017,1.8157745069157305,0.208622729160562,2.500844425883272
33.0,249.0,1000.5420532226562,-4.38181940135786,-3.790642452454031,1.7098404294304916,3.1798392707083942,2.472621786164881,3.0036608289813707,-0.3392415622713776,1.8157745078586585,0.2086137241270717,2.500862349372877
33.0,249.0,1000.5420532226562,-4.38181940135786,-3.791399619586264,1.7098404294298628,3.1798392707220104,2.472621786164881,3.0036606430048307,-0.3392415622236895,1.8157726510338543,0.2086230390899154,2.5008854678270525
33.0,249.0,1000.5420532226562,-4.38181940135786,-3.7906752117536895,1.709840430295558,3.1798392707083942,2.472621786164881,3.003660837205356,-0.3392415610441625,1.8157745673995056,0.2086137241270717,2.500855370087783
33.0,249.0,1000.5420532226562,-4.38181940135786,-3.791376894955498,1.7098404294428222,3.179839270708121,2.472621786164881,3.003660833508781,-0.3392415622713115,1.8157726441601327,0.2086134725461683,2.500862353142228
33.0,249.0,1000.5420532226562,-4.38181940135786,-3.791399619586264,1.709840429444765,3.1798392707080416,2.472621786164881,3.003660775893401,-0.3392415621896381,1.8157726076829053,0.2086230390980571,2.500845146298976
33.0,249.0,1000.5420532226562,-4.38181940135786,-3.790642452454031,1.7098404300619665,3.17983927070874,2.472621786164881,3.003668886311695,-0.3392415610441625,1.8157745069157305,0.2086137241270717,2.500855370087783
33.0,249.0,1000.5420532226562,-4.38181940135786,-3.791399619586264,1.709840351819497,3.179839270708768,2.472621786164864,3.0036684907645275,-0.3392415610538416,1.815772651023,0.2086132125915031,2.5008599578616884
33.0,249.0,1000.5420532226562,-4.38181940135786,-3.791399619586264,1.7098404294631833,3.1798392707220104,2.472621786164881,3.0036606430048307,-0.3392415622236895,1.8157727053620032,0.2086231541116818,2.5008854678270525
33.0,250.0,1000.5415649414062,-4.38181940135786,-3.790649286305214,1.709840431240402,3.179839270708746,2.472621786164881,3.002362856289148,-0.3392415610448833,1.8157745069157305,0.2086137238561249,2.5008540767498486
33.0,250.0,1000.5415649414062,-4.38181940135786,-3.7906356498261657,1.709840431240402,3.179839270708746,2.472621786164881,3.002362856289148,-0.3392415610388185,1.815774472830045,0.2086137238561249,2.5008540767498486
33.0,250.0,1000.541748046875,-4.38181940135786,-3.791372561189592,1.709840431240402,3.179839270709793,2.472621786164881,3.002283992624282,-0.3392415622420207,1.8157745069157305,0.2086137238561249,2.500844148424674
33.0,250.0,1000.5420532226562,-4.38181940135786,-3.791399619586264,1.7098404294414218,3.179839270708765,2.47262178616488,3.003668488078424,-0.339241562270528,1.8157726510338543,0.2086230390980571,2.500885018000758
33.0,250.0,1000.5420532226562,-4.38181940135786,-3.791399619586264,1.7098404294414218,3.179839270708765,2.472621786164881,3.003668488078424,-0.339241562267367,1.8157726510338543,0.2086230390980571,2.5008856346343125
33.0,250.0,1000.5420532226562,-4.38181940135786,-3.791399619586264,1.7098404294414218,3.179839270708765,2.472621786164881,3.003668488078424,-0.339241562267367,1.8157726510338543,0.2086230390980571,2.500845146298976
33.0,250.0,1000.5420532226562,-4.38181940135786,-3.791399619586264,1.709840351819497,3.179839270708793,2.472621786164864,3.0036684148235206,-0.3392415628162528,1.8157726539566823,0.2086132125915031,2.5008599578616884
33.0,250.0,1000.5420532226562,-4.38181940135786,-3.790642452454031,1.7098404300704009,3.1798392707083942,2.472621786164881,3.003660837205356,-0.3392415622713721,1.8157745069157305,0.2086137241270717,2.500862349372877
33.0,250.0,1000.5420532226562,-4.38181940135786,-3.791399619586264,1.7098404294414218,3.179839270721792,2.472621786164881,3.003668488078424,-0.3392415622634411,1.8157726510338543,0.2086230390980571,2.500845146298976
33.0,250.0,1000.5420532226562,-4.38181940135786,-3.7913791580628944,1.7098404294615466,3.179839270708765,2.472621786164881,3.003660946789496,-0.339241562267367,1.8157726510338543,0.2086230381419017,2.5008856346343125
33.0,250.0,1000.5420532226562,-4.38181940135786,-3.790642452454031,1.7098404300704009,3.1798392707083942,2.472621786164881,3.003660837205356,-0.3392415610441625,1.8157745069157305,0.2086137241270717,2.500855370087783
33.0,250.0,1000.5420532226562,-4.38181940135786,-3.790642452454031,1.7098404300704009,3.1798392707083942,2.472621786164881,3.003660837205356,-0.3392415622713721,1.8157745078586585,0.2086137241270717,2.500862349372877
33.0,250.0,1000.5420532226562,-4.38181940135786,-3.791399619586264,1.7098404303448498,3.1798392707095475,2.4726217861648645,3.003668412601361,-0.3392415610705776,1.815772743477348,0.2086233763242197,2.500860261420601
33.0,250.0,1000.5420532226562,-4.38181940135786,-3.791399619586264,1.7098404294292768,3.179839270721792,2.472621786164881,3.003668488078424,-0.3392415622254228,1.8157726510338543,0.2086230390980571,2.500844237790113
33.0,250.0,1000.5420532226562,-4.38181940135786,-3.7906739349974408,1.7098404302940116,3.179839270709784,2.4726217861648814,3.003672483300215,-0.3392415623685247,1.8157726510338543,0.2086137253593646,2.5004206680550927
33.0,250.0,1000.5420532226562,-4.38181940135786,-3.7906243239135846,1.7098404301330437,3.179839270723649,2.472621786164881,3.003668457587627,-0.3392415622631017,1.8157745069157305,0.208622729160562,2.500844425883272
33.0,250.0,1000.5420532226562,-4.38181940135786,-3.791399619586264,1.7098404294414218,3.179839270708765,2.47262178616488,3.003668488078424,-0.339241562270528,1.8157726510338543,0.2086230390980571,2.500885018000758
33.0,250.0,1000.5420532226562,-4.38181940135786,-3.790649286305214,1.7098403463449732,3.179839270708746,2.472621786164881,3.003660714415029,-0.339241562270781,1.8157745069157305,0.2086137238561249,2.5008367607040665
33.0,250.0,1000.5420532226562,-4.38181940135786,-3.791399619586264,1.7098404294298628,3.1798392707220104,2.472621786164881,3.0036606430048307,-0.3392415622236895,1.8157726510338543,0.208623039089997,2.5008854678270525
33.0,250.0,1000.5420532226562,-4.38181940135786,-3.7906243239135846,1.7098404301330437,3.179839270723649,2.472621786164881,3.003668457587627,-0.3392415622631017,1.8157745069157305,0.208622729160562,2.500844425883272
33.0,250.0,1000.5420532226562,-4.38181940135786,-3.790642452454031,1.7098404300704009,3.1798392707083942,2.472621786164881,3.003660837205356,-0.3392415610441625,1.8157745069157305,0.2086137241270717,2.500855370087783
33.0,250.0,1000.5420532226562,-4.38181940135786,-3.791399619586264,1.7098404293796228,3.179839270721792,2.472621786164881,3.003668488078424,-0.3392415622254228,1.8157726510338543,0.2086230390980571,2.500844626159444
33.0,250.0,1000.5420532226562,-4.38181940135786,-3.791399619586264,1.7098404294414218,3.179839270708765,2.47262178616488,3.003668488078424,-0.339241562270528,1.8157726510338543,0.2086230390980571,2.500885018000758
33.0,250.0,1000.5420532226562,-4.38181940135786,-3.791399619586264,1.709840429448932,3.1798392707083867,2.47262178616488,3.003668488078424,-0.339241562270528,1.8157726510338543,0.2086230390980571,2.500885018000758
33.0,250.0,1000.5420532226562,-4.38181940135786,-3.7906739349974408,1.7098404300570111,3.179839270709784,2.4726217861648814,3.0036611078700526,-0.3392415623706099,1.8157726510338543,0.2086137241555447,2.5008524906692
33.0,250.0,1000.5420532226562,-4.38181940135786,-3.790642452454031,1.7098404300704009,3.1798392707083942,2.472621786164881,3.003660837205356,-0.3392415622713721,1.8157745078586585,0.2086137241270717,2.500862349372877
33.0,250.0,1000.5420532226562,-4.38181940135786,-3.790642452454031,1.7098404300704009,3.1798392707083942,2.472621786164881,3.003660837205356,-0.3392415622713721,1.8157745069157305,0.2086137241270717,2.500862349372877
33.0,250.0,1000.5420532226562,-4.38181940135786,-3.791399619586264,1.7098404294619,3.179839270721792,2.472621786164881,3.003660893931117,-0.3392415622634325,1.8157726510338543,0.2086230390980571,2.500886499227293
33.0,250.0,1000.5420532226562,-4.38181940135786,-3.791399619586264,1.709840429444765,3.1798392707080416,2.472621786164881,3.003660775893401,-0.3392415621896381,1.8157726076829053,0.2086230390980571,2.500845146298976
33.0,250.0,1000.5420532226562,-4.38181940135786,-3.790642452454031,1.7098404294428222,3.1798392707083942,2.472621786164881,3.003660837205356,-0.3392415622713721,1.8157726441601327,0.2086137241270717,2.500862349372877
33.0,250.0,1000.5420532226562,-4.38181940135786,-3.7906243239135846,1.7098404301153218,3.179839270723649,2.472621786164881,3.003668457587627,-0.3392415622631017,1.8157745069157305,0.208622729160562,2.500844425883272
33.0,250.0,1000.5420532226562,-4.38181940135786,-3.7914001871439287,1.7098404294615466,3.1798392707084977,2.472621786164881,3.003660946789496,-0.339241562267367,1.8157726510338543,0.2086230381583792,2.5008856346343125
33.0,250.0,1000.5420532226562,-4.38181940135786,-3.791399619586264,1.7098404294406784,3.179839270708765,2.47262178616488,3.003660656295032,-0.3392415622713403,1.8157726510338543,0.2086136091026548,2.500885018000758
33.0,250.0,1000.5420532226562,-4.38181940135786,-3.7913680014187214,1.709840429244237,3.179839270722066,2.472621786164881,3.003660837205356,-0.3392415610441625,1.8157745150477216,0.2086137241270717,2.5008553307019743
33.0,250.0,1000.5420532226562,-4.38181940135786,-3.791399619586264,1.7098404294497254,3.179839270721793,2.472621786164881,3.0036609651200257,-0.3392415622634325,1.8157726510338543,0.2086230390980571,2.500886499227293
33.0,250.0,1000.5420532226562,-4.38181940135786,-3.7906739349974408,1.7098404302948869,3.179839270722779,2.4726217861648814,3.0036722730194607,-0.3392415622594384,1.8157726510338543,0.2086137253593646,2.5008317965955813
33.0,250.0,1000.5420532226562,-4.38181940135786,-3.791409272191306,1.709840430035389,3.1798392707084084,2.47262178616488,3.003668488078424,-0.3392415610465055,1.8157726510338543,0.2086230390980571,2.500885018000758
33.0,250.0,1000.5420532226562,-4.38181940135786,-3.791399619586264,1.7098404302945387,3.179839270721827,2.472621786164881,3.003668488078424,-0.3392415622242425,1.8157726510338543,0.2086230390980571,2.500844237790113
33.0,250.0,1000.5420532226562,-4.38181940135786,-3.791399619586264,1.709840430069,3.179839270708765,2.47262178616488,3.003668488078424,-0.339241562270528,1.815774513789451,0.2086230390980571,2.500885018000758
33.0,250.0,1000.5420532226562,-4.38181940135786,-3.790670426024673,1.7098404293869705,3.179839270708765,2.472621786164881,3.003668488078424,-0.339241562267367,1.81577450090167,0.2086227749624504,2.500845146298976
33.0,250.0,1000.5420532226562,-4.38181940135786,-3.791399619586264,1.7098404294414218,3.179839270708674,2.472621786164881,3.003668488078424,-0.3392415622703004,1.8157726510338543,0.2086230390980571,2.500845146298976
33.0,250.0,1000.5420532226562,-4.38181940135786,-3.790642452454031,1.7098404300704009,3.1798392707083942,2.472621786164881,3.003660837205356,-0.3392415622713721,1.8157745078776475,0.2086137241270717,2.500862349372877
33.0,250.0,1000.5420532226562,-4.38181940135786,-3.7906243239135846,1.709840430114503,3.179839270723649,2.472621786164881,3.003668457587627,-0.3392415622631017,1.8157745069157305,0.208622729160562,2.500844425883272
33.0,250.0,1000.5420532226562,-4.38181940135786,-3.790642452454031,1.7098404294304916,3.1798392707083942,2.472621786164881,3.0036608289813707,-0.3392415622713776,1.8157745078586585,0.2086137241270717,2.500862349372877
33.0,250.0,1000.5420532226562,-4.38181940135786,-3.791399619586264,1.7098404294298628,3.1798392707220104,2.472621786164881,3.0036606430048307,-0.3392415622236895,1.8157726510338543,0.2086230390899154,2.5008854678270525
33.0,250.0,1000.5420532226562,-4.38181940135786,-3.7906752117536895,1.709840430295558,3.1798392707083942,2.472621786164881,3.003660837205356,-0.3392415610441625,1.8157745673995056,0.2086137241270717,2.500855370087783
33.0,250.0,1000.5420532226562,-4.38181940135786,-3.791376894955498,1.7098404294428222,3.179839270708121,2.472621786164881,3.003660833508781,-0.3392415622713115,1.8157726441601327,0.2086134725461683,2.500862353142228
33.0,250.0,1000.5420532226562,-4.38181940135786,-3.791399619586264,1.709840429444765,3.1798392707080416,2.472621786164881,3.003660775893401,-0.3392415621896381,1.8157726076829053,0.2086230390980571,2.500845146298976
33.0,250.0,1000.5420532226562,-4.38181940135786,-3.790642452454031,1.7098404300619665,3.17983927070874,2.472621786164881,3.003668886311695,-0.3392415610441625,1.8157745069157305,0.2086137241270717,2.500855370087783
33.0,250.0,1000.5420532226562,-4.38181940135786,-3.791399619586264,1.709840351819497,3.179839270708768,2.472621786164864,3.0036684907645275,-0.3392415610538416,1.815772651023,0.2086132125915031,2.5008599578616884
33.0,251.0,1000.5415649414062,-4.38181940135786,-3.790649286305214,1.709840431240402,3.179839270708746,2.472621786164881,3.002362856289148,-0.3392415610448833,1.8157745069157305,0.2086137238561249,2.5008540767498486
33.0,251.0,1000.5415649414062,-4.38181940135786,-3.7906356498261657,1.709840431240402,3.179839270708746,2.472621786164881,3.002362856289148,-0.3392415610388185,1.815774472830045,0.2086137238561249,2.5008540767498486
33.0,251.0,1000.5415649414062,-4.38181940135786,-3.790614675499882,1.709840430963715,3.179839270708746,2.472621786164881,3.002369326822957,-0.3392415610388185,1.815774472830045,0.2086236255098212,2.500853682625282
33.0,251.0,1000.5415649414062,-4.38181940135786,-3.7906496887600927,1.7098404301153218,3.1798392707097944,2.472621786164881,3.00236070856746,-0.3392415622631017,1.8157745069157305,0.2086142962258714,2.500844425883272
33.0,251.0,1000.5416870117188,-4.38181940135786,-3.791399619586264,1.7098404294298628,3.1798392707089995,2.472621786164881,3.002329977975837,-0.3392415622146603,1.8157726510338543,0.208623039089997,2.5008854678270525
33.0,251.0,1000.541748046875,-4.38181940135786,-3.791372561189592,1.709840431240402,3.179839270709793,2.472621786164881,3.002283992624282,-0.3392415622420207,1.8157745069157305,0.2086137238561249,2.500844148424674
33.0,251.0,1000.5420532226562,-4.38181940135786,-3.791399619586264,1.7098404294414218,3.179839270708765,2.47262178616488,3.003668488078424,-0.339241562270528,1.8157726510338543,0.2086230390980571,2.500885018000758
33.0,251.0,1000.5420532226562,-4.38181940135786,-3.791399619586264,1.7098404294414218,3.179839270708765,2.472621786164881,3.003668488078424,-0.339241562267367,1.8157726510338543,0.2086230390980571,2.5008856346343125
33.0,251.0,1000.5420532226562,-4.38181940135786,-3.791399619586264,1.7098404294414218,3.179839270708765,2.472621786164881,3.003668488078424,-0.339241562267367,1.8157726510338543,0.2086230390980571,2.500845146298976
33.0,251.0,1000.5420532226562,-4.38181940135786,-3.791399619586264,1.709840351819497,3.179839270708793,2.472621786164864,3.0036684148235206,-0.3392415628162528,1.8157726539566823,0.2086132125915031,2.5008599578616884
33.0,251.0,1000.5420532226562,-4.38181940135786,-3.790642452454031,1.7098404300704009,3.1798392707083942,2.472621786164881,3.003660837205356,-0.3392415622713721,1.8157745069157305,0.2086137241270717,2.500862349372877
33.0,251.0,1000.5420532226562,-4.38181940135786,-3.791399619586264,1.7098404294414218,3.179839270721792,2.472621786164881,3.003668488078424,-0.3392415622634411,1.8157726510338543,0.2086230390980571,2.500845146298976
33.0,251.0,1000.5420532226562,-4.38181940135786,-3.7913791580628944,1.7098404294615466,3.179839270708765,2.472621786164881,3.003660946789496,-0.339241562267367,1.8157726510338543,0.2086230381419017,2.5008856346343125
33.0,251.0,1000.5420532226562,-4.38181940135786,-3.790642452454031,1.7098404300704009,3.1798392707083942,2.472621786164881,3.003660837205356,-0.3392415610441625,1.8157745069157305,0.2086137241270717,2.500855370087783
33.0,251.0,1000.5420532226562,-4.38181940135786,-3.790642452454031,1.7098404300704009,3.1798392707083942,2.472621786164881,3.003660837205356,-0.3392415622713721,1.8157745078586585,0.2086137241270717,2.500862349372877
33.0,251.0,1000.5420532226562,-4.38181940135786,-3.791399619586264,1.7098404303448498,3.1798392707095475,2.4726217861648645,3.003668412601361,-0.3392415610705776,1.815772743477348,0.2086233763242197,2.500860261420601
33.0,251.0,1000.5420532226562,-4.38181940135786,-3.791399619586264,1.7098404294292768,3.179839270721792,2.472621786164881,3.003668488078424,-0.3392415622254228,1.8157726510338543,0.2086230390980571,2.500844237790113
33.0,251.0,1000.5420532226562,-4.38181940135786,-3.7906739349974408,1.7098404302940116,3.179839270709784,2.4726217861648814,3.003672483300215,-0.3392415623685247,1.8157726510338543,0.2086137253593646,2.5004206680550927
33.0,251.0,1000.5420532226562,-4.38181940135786,-3.7906243239135846,1.7098404301330437,3.179839270723649,2.472621786164881,3.003668457587627,-0.3392415622631017,1.8157745069157305,0.208622729160562,2.500844425883272
33.0,251.0,1000.5420532226562,-4.38181940135786,-3.791399619586264,1.7098404294414218,3.179839270708765,2.47262178616488,3.003668488078424,-0.339241562270528,1.8157726510338543,0.2086230390980571,2.500885018000758
33.0,251.0,1000.5420532226562,-4.38181940135786,-3.790649286305214,1.7098403463449732,3.179839270708746,2.472621786164881,3.003660714415029,-0.339241562270781,1.8157745069157305,0.2086137238561249,2.5008367607040665
33.0,251.0,1000.5420532226562,-4.38181940135786,-3.791399619586264,1.7098404294298628,3.1798392707220104,2.472621786164881,3.0036606430048307,-0.3392415622236895,1.8157726510338543,0.208623039089997,2.5008854678270525
33.0,251.0,1000.5420532226562,-4.38181940135786,-3.7906243239135846,1.7098404301330437,3.179839270723649,2.472621786164881,3.003668457587627,-0.3392415622631017,1.8157745069157305,0.208622729160562,2.500844425883272
33.0,251.0,1000.5420532226562,-4.38181940135786,-3.790642452454031,1.7098404300704009,3.1798392707083942,2.472621786164881,3.003660837205356,-0.3392415610441625,1.8157745069157305,0.2086137241270717,2.500855370087783
33.0,251.0,1000.5420532226562,-4.38181940135786,-3.791399619586264,1.7098404293796228,3.179839270721792,2.472621786164881,3.003668488078424,-0.3392415622254228,1.8157726510338543,0.2086230390980571,2.500844626159444
33.0,251.0,1000.5420532226562,-4.38181940135786,-3.791399619586264,1.7098404294414218,3.179839270708765,2.47262178616488,3.003668488078424,-0.339241562270528,1.8157726510338543,0.2086230390980571,2.500885018000758
33.0,251.0,1000.5420532226562,-4.38181940135786,-3.791399619586264,1.709840429448932,3.1798392707083867,2.47262178616488,3.003668488078424,-0.339241562270528,1.8157726510338543,0.2086230390980571,2.500885018000758
33.0,251.0,1000.5420532226562,-4.38181940135786,-3.7906739349974408,1.7098404300570111,3.179839270709784,2.4726217861648814,3.0036611078700526,-0.3392415623706099,1.8157726510338543,0.2086137241555447,2.5008524906692
33.0,251.0,1000.5420532226562,-4.38181940135786,-3.790642452454031,1.7098404300704009,3.1798392707083942,2.472621786164881,3.003660837205356,-0.3392415622713721,1.8157745078586585,0.2086137241270717,2.500862349372877
33.0,251.0,1000.5420532226562,-4.38181940135786,-3.790642452454031,1.7098404300704009,3.1798392707083942,2.472621786164881,3.003660837205356,-0.3392415622713721,1.8157745069157305,0.2086137241270717,2.500862349372877
33.0,251.0,1000.5420532226562,-4.38181940135786,-3.791399619586264,1.7098404294619,3.179839270721792,2.472621786164881,3.003660893931117,-0.3392415622634325,1.8157726510338543,0.2086230390980571,2.500886499227293
33.0,251.0,1000.5420532226562,-4.38181940135786,-3.791399619586264,1.709840429444765,3.1798392707080416,2.472621786164881,3.003660775893401,-0.3392415621896381,1.8157726076829053,0.2086230390980571,2.500845146298976
33.0,251.0,1000.5420532226562,-4.38181940135786,-3.790642452454031,1.7098404294428222,3.1798392707083942,2.472621786164881,3.003660837205356,-0.3392415622713721,1.8157726441601327,0.2086137241270717,2.500862349372877
33.0,251.0,1000.5420532226562,-4.38181940135786,-3.7906243239135846,1.7098404301153218,3.179839270723649,2.472621786164881,3.003668457587627,-0.3392415622631017,1.8157745069157305,0.208622729160562,2.500844425883272
33.0,251.0,1000.5420532226562,-4.38181940135786,-3.7914001871439287,1.7098404294615466,3.1798392707084977,2.472621786164881,3.003660946789496,-0.339241562267367,1.8157726510338543,0.2086230381583792,2.5008856346343125
33.0,251.0,1000.5420532226562,-4.38181940135786,-3.791399619586264,1.7098404294406784,3.179839270708765,2.47262178616488,3.003660656295032,-0.3392415622713403,1.8157726510338543,0.2086136091026548,2.500885018000758
33.0,251.0,1000.5420532226562,-4.38181940135786,-3.7913680014187214,1.709840429244237,3.179839270722066,2.472621786164881,3.003660837205356,-0.3392415610441625,1.8157745150477216,0.2086137241270717,2.5008553307019743
33.0,251.0,1000.5420532226562,-4.38181940135786,-3.791399619586264,1.7098404294497254,3.179839270721793,2.472621786164881,3.0036609651200257,-0.3392415622634325,1.8157726510338543,0.2086230390980571,2.500886499227293
33.0,251.0,1000.5420532226562,-4.38181940135786,-3.7906739349974408,1.7098404302948869,3.179839270722779,2.4726217861648814,3.0036722730194607,-0.3392415622594384,1.8157726510338543,0.2086137253593646,2.5008317965955813
33.0,251.0,1000.5420532226562,-4.38181940135786,-3.791409272191306,1.709840430035389,3.1798392707084084,2.47262178616488,3.003668488078424,-0.3392415610465055,1.8157726510338543,0.2086230390980571,2.500885018000758
33.0,251.0,1000.5420532226562,-4.38181940135786,-3.791399619586264,1.7098404302945387,3.179839270721827,2.472621786164881,3.003668488078424,-0.3392415622242425,1.8157726510338543,0.2086230390980571,2.500844237790113
33.0,251.0,1000.5420532226562,-4.38181940135786,-3.791399619586264,1.709840430069,3.179839270708765,2.47262178616488,3.003668488078424,-0.339241562270528,1.815774513789451,0.2086230390980571,2.500885018000758
33.0,251.0,1000.5420532226562,-4.38181940135786,-3.790670426024673,1.7098404293869705,3.179839270708765,2.472621786164881,3.003668488078424,-0.339241562267367,1.81577450090167,0.2086227749624504,2.500845146298976
33.0,251.0,1000.5420532226562,-4.38181940135786,-3.791399619586264,1.7098404294414218,3.179839270708674,2.472621786164881,3.003668488078424,-0.3392415622703004,1.8157726510338543,0.2086230390980571,2.500845146298976
33.0,251.0,1000.5420532226562,-4.38181940135786,-3.790642452454031,1.7098404300704009,3.1798392707083942,2.472621786164881,3.003660837205356,-0.3392415622713721,1.8157745078776475,0.2086137241270717,2.500862349372877
33.0,251.0,1000.5420532226562,-4.38181940135786,-3.7906243239135846,1.709840430114503,3.179839270723649,2.472621786164881,3.003668457587627,-0.3392415622631017,1.8157745069157305,0.208622729160562,2.500844425883272
33.0,251.0,1000.5420532226562,-4.38181940135786,-3.790642452454031,1.7098404294304916,3.1798392707083942,2.472621786164881,3.0036608289813707,-0.3392415622713776,1.8157745078586585,0.2086137241270717,2.500862349372877
33.0,251.0,1000.5420532226562,-4.38181940135786,-3.791399619586264,1.7098404294298628,3.1798392707220104,2.472621786164881,3.0036606430048307,-0.3392415622236895,1.8157726510338543,0.2086230390899154,2.5008854678270525
33.0,251.0,1000.5420532226562,-4.38181940135786,-3.7906752117536895,1.709840430295558,3.1798392707083942,2.472621786164881,3.003660837205356,-0.3392415610441625,1.8157745673995056,0.2086137241270717,2.500855370087783
33.0,251.0,1000.5420532226562,-4.38181940135786,-3.791376894955498,1.7098404294428222,3.179839270708121,2.472621786164881,3.003660833508781,-0.3392415622713115,1.8157726441601327,0.2086134725461683,2.500862353142228
33.0,252.0,1000.5415649414062,-4.38181940135786,-3.790649286305214,1.709840431240402,3.179839270708746,2.472621786164881,3.002362856289148,-0.3392415610448833,1.8157745069157305,0.2086137238561249,2.5008540767498486
33.0,252.0,1000.5415649414062,-4.38181940135786,-3.7906356498261657,1.709840431240402,3.179839270708746,2.472621786164881,3.002362856289148,-0.3392415610388185,1.815774472830045,0.2086137238561249,2.5008540767498486
33.0,252.0,1000.5415649414062,-4.38181940135786,-3.790614675499882,1.709840430963715,3.179839270708746,2.472621786164881,3.002369326822957,-0.3392415610388185,1.815774472830045,0.2086236255098212,2.500853682625282
33.0,252.0,1000.5415649414062,-4.38181940135786,-3.7906496887600927,1.7098404301153218,3.1798392707097944,2.472621786164881,3.00236070856746,-0.3392415622631017,1.8157745069157305,0.2086142962258714,2.500844425883272
33.0,252.0,1000.5415649414062,-4.38181940135786,-3.7906243239135846,1.7098404301385886,3.1798392707093623,2.472621786164881,3.002364568559604,-0.3392415622631017,1.8157745069157305,0.208622729160562,2.500842591622548
33.0,252.0,1000.5415649414062,-4.38181940135786,-3.7906494769450094,1.709840343502784,3.179839270708746,2.472621786164881,3.002442812747887,-0.3392415610388185,1.815774472830045,0.2086137238561249,2.5008370828632565
33.0,252.0,1000.5415649414062,-4.38181940135786,-3.7906356498261657,1.709840431240402,3.179839270708741,2.472621786164881,3.002362856289148,-0.3392415622982789,1.815774472830045,0.2086137238561249,2.5008540767498486
33.0,252.0,1000.5415649414062,-4.38181940135786,-3.7906496887600927,1.7098404301304184,3.179839270708836,2.472621786164881,3.00236070856746,-0.3392415622631401,1.8157745069157305,0.2086247755614632,2.5008444353649115
33.0,252.0,1000.5415649414062,-4.38181940135786,-3.790649286305214,1.7098404293795282,3.179839270708746,2.472621786164881,3.0024176342313944,-0.3392415610448833,1.8157745069157305,0.2086137238561249,2.5008540767498486
33.0,252.0,1000.5416870117188,-4.38181940135786,-3.791399619586264,1.7098404294298628,3.1798392707089995,2.472621786164881,3.002329977975837,-0.3392415622146603,1.8157726510338543,0.208623039089997,2.5008854678270525
33.0,252.0,1000.541748046875,-4.38181940135786,-3.791372561189592,1.709840431240402,3.179839270709793,2.472621786164881,3.002283992624282,-0.3392415622420207,1.8157745069157305,0.2086137238561249,2.500844148424674
33.0,252.0,1000.5419921875,-4.38181940135786,-3.79063545918637,1.7098404340825912,3.179839270708746,2.472621786164881,3.003580757956289,-0.339241562270781,1.8157745069157305,0.2086137238561249,2.5008537545906586
33.0,252.0,1000.5420532226562,-4.38181940135786,-3.791399619586264,1.7098404294414218,3.179839270708765,2.47262178616488,3.003668488078424,-0.339241562270528,1.8157726510338543,0.2086230390980571,2.500885018000758
33.0,252.0,1000.5420532226562,-4.38181940135786,-3.791399619586264,1.7098404294414218,3.179839270708765,2.472621786164881,3.003668488078424,-0.339241562267367,1.8157726510338543,0.2086230390980571,2.5008856346343125
33.0,252.0,1000.5420532226562,-4.38181940135786,-3.791399619586264,1.7098404294414218,3.179839270708765,2.472621786164881,3.003668488078424,-0.339241562267367,1.8157726510338543,0.2086230390980571,2.500845146298976
33.0,252.0,1000.5420532226562,-4.38181940135786,-3.791399619586264,1.709840351819497,3.179839270708793,2.472621786164864,3.0036684148235206,-0.3392415628162528,1.8157726539566823,0.2086132125915031,2.5008599578616884
33.0,252.0,1000.5420532226562,-4.38181940135786,-3.790642452454031,1.7098404300704009,3.1798392707083942,2.472621786164881,3.003660837205356,-0.3392415622713721,1.8157745069157305,0.2086137241270717,2.500862349372877
33.0,252.0,1000.5420532226562,-4.38181940135786,-3.791399619586264,1.7098404294414218,3.179839270721792,2.472621786164881,3.003668488078424,-0.3392415622634411,1.8157726510338543,0.2086230390980571,2.500845146298976
33.0,252.0,1000.5420532226562,-4.38181940135786,-3.7913791580628944,1.7098404294615466,3.179839270708765,2.472621786164881,3.003660946789496,-0.339241562267367,1.8157726510338543,0.2086230381419017,2.5008856346343125
33.0,252.0,1000.5420532226562,-4.38181940135786,-3.790642452454031,1.7098404300704009,3.1798392707083942,2.472621786164881,3.003660837205356,-0.3392415610441625,1.8157745069157305,0.2086137241270717,2.500855370087783
33.0,252.0,1000.5420532226562,-4.38181940135786,-3.790642452454031,1.7098404300704009,3.1798392707083942,2.472621786164881,3.003660837205356,-0.3392415622713721,1.8157745078586585,0.2086137241270717,2.500862349372877
33.0,252.0,1000.5420532226562,-4.38181940135786,-3.791399619586264,1.7098404303448498,3.1798392707095475,2.4726217861648645,3.003668412601361,-0.3392415610705776,1.815772743477348,0.2086233763242197,2.500860261420601
33.0,252.0,1000.5420532226562,-4.38181940135786,-3.791399619586264,1.7098404294292768,3.179839270721792,2.472621786164881,3.003668488078424,-0.3392415622254228,1.8157726510338543,0.2086230390980571,2.500844237790113
33.0,252.0,1000.5420532226562,-4.38181940135786,-3.7906739349974408,1.7098404302940116,3.179839270709784,2.4726217861648814,3.003672483300215,-0.3392415623685247,1.8157726510338543,0.2086137253593646,2.5004206680550927
33.0,252.0,1000.5420532226562,-4.38181940135786,-3.7906243239135846,1.7098404301330437,3.179839270723649,2.472621786164881,3.003668457587627,-0.3392415622631017,1.8157745069157305,0.208622729160562,2.500844425883272
33.0,252.0,1000.5420532226562,-4.38181940135786,-3.791399619586264,1.7098404294414218,3.179839270708765,2.47262178616488,3.003668488078424,-0.339241562270528,1.8157726510338543,0.2086230390980571,2.500885018000758
33.0,252.0,1000.5420532226562,-4.38181940135786,-3.790649286305214,1.7098403463449732,3.179839270708746,2.472621786164881,3.003660714415029,-0.339241562270781,1.8157745069157305,0.2086137238561249,2.5008367607040665
33.0,252.0,1000.5420532226562,-4.38181940135786,-3.791399619586264,1.7098404294298628,3.1798392707220104,2.472621786164881,3.0036606430048307,-0.3392415622236895,1.8157726510338543,0.208623039089997,2.5008854678270525
33.0,252.0,1000.5420532226562,-4.38181940135786,-3.7906243239135846,1.7098404301330437,3.179839270723649,2.472621786164881,3.003668457587627,-0.3392415622631017,1.8157745069157305,0.208622729160562,2.500844425883272
33.0,252.0,1000.5420532226562,-4.38181940135786,-3.790642452454031,1.7098404300704009,3.1798392707083942,2.472621786164881,3.003660837205356,-0.3392415610441625,1.8157745069157305,0.2086137241270717,2.500855370087783
33.0,252.0,1000.5420532226562,-4.38181940135786,-3.791399619586264,1.7098404293796228,3.179839270721792,2.472621786164881,3.003668488078424,-0.3392415622254228,1.8157726510338543,0.2086230390980571,2.500844626159444
33.0,252.0,1000.5420532226562,-4.38181940135786,-3.791399619586264,1.7098404294414218,3.179839270708765,2.47262178616488,3.003668488078424,-0.339241562270528,1.8157726510338543,0.2086230390980571,2.500885018000758
33.0,252.0,1000.5420532226562,-4.38181940135786,-3.791399619586264,1.709840429448932,3.1798392707083867,2.47262178616488,3.003668488078424,-0.339241562270528,1.8157726510338543,0.2086230390980571,2.500885018000758
33.0,252.0,1000.5420532226562,-4.38181940135786,-3.7906739349974408,1.7098404300570111,3.179839270709784,2.4726217861648814,3.0036611078700526,-0.3392415623706099,1.8157726510338543,0.2086137241555447,2.5008524906692
33.0,252.0,1000.5420532226562,-4.38181940135786,-3.790642452454031,1.7098404300704009,3.1798392707083942,2.472621786164881,3.003660837205356,-0.3392415622713721,1.8157745078586585,0.2086137241270717,2.500862349372877
33.0,252.0,1000.5420532226562,-4.38181940135786,-3.790642452454031,1.7098404300704009,3.1798392707083942,2.472621786164881,3.003660837205356,-0.3392415622713721,1.8157745069157305,0.2086137241270717,2.500862349372877
33.0,252.0,1000.5420532226562,-4.38181940135786,-3.791399619586264,1.7098404294619,3.179839270721792,2.472621786164881,3.003660893931117,-0.3392415622634325,1.8157726510338543,0.2086230390980571,2.500886499227293
33.0,252.0,1000.5420532226562,-4.38181940135786,-3.791399619586264,1.709840429444765,3.1798392707080416,2.472621786164881,3.003660775893401,-0.3392415621896381,1.8157726076829053,0.2086230390980571,2.500845146298976
33.0,252.0,1000.5420532226562,-4.38181940135786,-3.790642452454031,1.7098404294428222,3.1798392707083942,2.472621786164881,3.003660837205356,-0.3392415622713721,1.8157726441601327,0.2086137241270717,2.500862349372877
33.0,252.0,1000.5420532226562,-4.38181940135786,-3.7906243239135846,1.7098404301153218,3.179839270723649,2.472621786164881,3.003668457587627,-0.3392415622631017,1.8157745069157305,0.208622729160562,2.500844425883272
33.0,252.0,1000.5420532226562,-4.38181940135786,-3.7914001871439287,1.7098404294615466,3.1798392707084977,2.472621786164881,3.003660946789496,-0.339241562267367,1.8157726510338543,0.2086230381583792,2.5008856346343125
33.0,252.0,1000.5420532226562,-4.38181940135786,-3.791399619586264,1.7098404294406784,3.179839270708765,2.47262178616488,3.003660656295032,-0.3392415622713403,1.8157726510338543,0.2086136091026548,2.500885018000758
33.0,252.0,1000.5420532226562,-4.38181940135786,-3.7913680014187214,1.709840429244237,3.179839270722066,2.472621786164881,3.003660837205356,-0.3392415610441625,1.8157745150477216,0.2086137241270717,2.5008553307019743
33.0,252.0,1000.5420532226562,-4.38181940135786,-3.791399619586264,1.7098404294497254,3.179839270721793,2.472621786164881,3.0036609651200257,-0.3392415622634325,1.8157726510338543,0.2086230390980571,2.500886499227293
33.0,252.0,1000.5420532226562,-4.38181940135786,-3.7906739349974408,1.7098404302948869,3.179839270722779,2.4726217861648814,3.0036722730194607,-0.3392415622594384,1.8157726510338543,0.2086137253593646,2.5008317965955813
33.0,252.0,1000.5420532226562,-4.38181940135786,-3.791409272191306,1.709840430035389,3.1798392707084084,2.47262178616488,3.003668488078424,-0.3392415610465055,1.8157726510338543,0.2086230390980571,2.500885018000758
33.0,252.0,1000.5420532226562,-4.38181940135786,-3.791399619586264,1.7098404302945387,3.179839270721827,2.472621786164881,3.003668488078424,-0.3392415622242425,1.8157726510338543,0.2086230390980571,2.500844237790113
33.0,252.0,1000.5420532226562,-4.38181940135786,-3.791399619586264,1.709840430069,3.179839270708765,2.47262178616488,3.003668488078424,-0.339241562270528,1.815774513789451,0.2086230390980571,2.500885018000758
33.0,252.0,1000.5420532226562,-4.38181940135786,-3.790670426024673,1.7098404293869705,3.179839270708765,2.472621786164881,3.003668488078424,-0.339241562267367,1.81577450090167,0.2086227749624504,2.500845146298976
33.0,252.0,1000.5420532226562,-4.38181940135786,-3.791399619586264,1.7098404294414218,3.179839270708674,2.472621786164881,3.003668488078424,-0.3392415622703004,1.8157726510338543,0.2086230390980571,2.500845146298976
33.0,253.0,1000.5415649414062,-4.38181940135786,-3.790649286305214,1.709840431240402,3.179839270708746,2.472621786164881,3.002362856289148,-0.3392415610448833,1.8157745069157305,0.2086137238561249,2.5008540767498486
33.0,253.0,1000.5415649414062,-4.38181940135786,-3.7906356498261657,1.709840431240402,3.179839270708746,2.472621786164881,3.002362856289148,-0.3392415610388185,1.815774472830045,0.2086137238561249,2.5008540767498486
33.0,253.0,1000.5415649414062,-4.38181940135786,-3.790614675499882,1.709840430963715,3.179839270708746,2.472621786164881,3.002369326822957,-0.3392415610388185,1.815774472830045,0.2086236255098212,2.500853682625282
33.0,253.0,1000.5415649414062,-4.38181940135786,-3.7906496887600927,1.7098404301153218,3.1798392707097944,2.472621786164881,3.00236070856746,-0.3392415622631017,1.8157745069157305,0.2086142962258714,2.500844425883272
33.0,253.0,1000.5415649414062,-4.38181940135786,-3.7906243239135846,1.7098404301385886,3.1798392707093623,2.472621786164881,3.002364568559604,-0.3392415622631017,1.8157745069157305,0.208622729160562,2.500842591622548
33.0,253.0,1000.5415649414062,-4.38181940135786,-3.7906494769450094,1.709840343502784,3.179839270708746,2.472621786164881,3.002442812747887,-0.3392415610388185,1.815774472830045,0.2086137238561249,2.5008370828632565
33.0,253.0,1000.5415649414062,-4.38181940135786,-3.7906356498261657,1.709840431240402,3.179839270708741,2.472621786164881,3.002362856289148,-0.3392415622982789,1.815774472830045,0.2086137238561249,2.5008540767498486
33.0,253.0,1000.5415649414062,-4.38181940135786,-3.7906496887600927,1.7098404301304184,3.179839270708836,2.472621786164881,3.00236070856746,-0.3392415622631401,1.8157745069157305,0.2086247755614632,2.5008444353649115
33.0,253.0,1000.5415649414062,-4.38181940135786,-3.790649286305214,1.7098404293795282,3.179839270708746,2.472621786164881,3.0024176342313944,-0.3392415610448833,1.8157745069157305,0.2086137238561249,2.5008540767498486
33.0,253.0,1000.5415649414062,-4.38181940135786,-3.7906496887600927,1.7098404301153218,3.1798392707097944,2.472621786164881,3.00236070856746,-0.3392415622631017,1.8157726603393165,0.2086142962258714,2.5008455570756185
33.0,253.0,1000.5415649414062,-4.38181940135786,-3.7906243239135846,1.7098404301385886,3.1798392707093623,2.472621786164881,3.002364568559604,-0.3392415622631017,1.8157745069157305,0.208622729160562,2.500842591622548
33.0,253.0,1000.5415649414062,-4.38181940135786,-3.790642601750621,1.709840431240402,3.1798392707087544,2.472621786164881,3.002362856289148,-0.339241561024456,1.815774472830045,0.20861372413189,2.5008540767498486
33.0,253.0,1000.5415649414062,-4.38181940135786,-3.7906494769450094,1.7098404322240717,3.179839270708746,2.472621786164881,3.002442812747887,-0.3392415610566783,1.8157745069580864,0.2086137238561249,2.5008370828632565
33.0,253.0,1000.5415649414062,-4.38181940135786,-3.7906356498261657,1.709840431240402,3.179839270708741,2.472621786164881,3.002362856289148,-0.3392415622982789,1.815774472830045,0.2086137238561249,2.5008540767498486
33.0,253.0,1000.5415649414062,-4.38181940135786,-3.790649286305214,1.7098404293795282,3.179839270708765,2.472621786164881,3.0024176342313944,-0.3392415610448833,1.8157745069157305,0.2086137238561249,2.5008540767498486
33.0,253.0,1000.5416870117188,-4.38181940135786,-3.791399619586264,1.7098404294298628,3.1798392707089995,2.472621786164881,3.002329977975837,-0.3392415622146603,1.8157726510338543,0.208623039089997,2.5008854678270525
33.0,253.0,1000.5416870117188,-4.38181940135786,-3.791399619586264,1.709840429361243,3.179839270709908,2.472621786164881,3.00244137799802,-0.3392415622630533,1.8157726510338543,0.2086139724556973,2.500844434988103
33.0,253.0,1000.541748046875,-4.38181940135786,-3.791372561189592,1.709840431240402,3.179839270709793,2.472621786164881,3.002283992624282,-0.3392415622420207,1.8157745069157305,0.2086137238561249,2.500844148424674
33.0,253.0,1000.5419921875,-4.38181940135786,-3.79063545918637,1.7098404340825912,3.179839270708746,2.472621786164881,3.003580757956289,-0.339241562270781,1.8157745069157305,0.2086137238561249,2.5008537545906586
33.0,253.0,1000.5419921875,-4.38181940135786,-3.79063545918637,1.709840431154206,3.179839270708746,2.472621786164881,3.003580757956289,-0.339241562270781,1.8157745069157305,0.2086137238561249,2.5008537545906586
33.0,253.0,1000.5419921875,-4.38181940135786,-3.79063545918637,1.7098404340070197,3.179839270708746,2.472621786164881,3.003580757956289,-0.339241562270781,1.8157743852843504,0.2086232540422503,2.500854431334985
33.0,253.0,1000.5420532226562,-4.38181940135786,-3.791399619586264,1.7098404294414218,3.179839270708765,2.47262178616488,3.003668488078424,-0.339241562270528,1.8157726510338543,0.2086230390980571,2.500885018000758
33.0,253.0,1000.5420532226562,-4.38181940135786,-3.791399619586264,1.7098404294414218,3.179839270708765,2.472621786164881,3.003668488078424,-0.339241562267367,1.8157726510338543,0.2086230390980571,2.5008856346343125
33.0,253.0,1000.5420532226562,-4.38181940135786,-3.791399619586264,1.7098404294414218,3.179839270708765,2.472621786164881,3.003668488078424,-0.339241562267367,1.8157726510338543,0.2086230390980571,2.500845146298976
33.0,253.0,1000.5420532226562,-4.38181940135786,-3.791399619586264,1.709840351819497,3.179839270708793,2.472621786164864,3.0036684148235206,-0.3392415628162528,1.8157726539566823,0.2086132125915031,2.5008599578616884
33.0,253.0,1000.5420532226562,-4.38181940135786,-3.790642452454031,1.7098404300704009,3.1798392707083942,2.472621786164881,3.003660837205356,-0.3392415622713721,1.8157745069157305,0.2086137241270717,2.500862349372877
33.0,253.0,1000.5420532226562,-4.38181940135786,-3.791399619586264,1.7098404294414218,3.179839270721792,2.472621786164881,3.003668488078424,-0.3392415622634411,1.8157726510338543,0.2086230390980571,2.500845146298976
33.0,253.0,1000.5420532226562,-4.38181940135786,-3.7913791580628944,1.7098404294615466,3.179839270708765,2.472621786164881,3.003660946789496,-0.339241562267367,1.8157726510338543,0.2086230381419017,2.5008856346343125
33.0,253.0,1000.5420532226562,-4.38181940135786,-3.790642452454031,1.7098404300704009,3.1798392707083942,2.472621786164881,3.003660837205356,-0.3392415610441625,1.8157745069157305,0.2086137241270717,2.500855370087783
33.0,253.0,1000.5420532226562,-4.38181940135786,-3.790642452454031,1.7098404300704009,3.1798392707083942,2.472621786164881,3.003660837205356,-0.3392415622713721,1.8157745078586585,0.2086137241270717,2.500862349372877
33.0,253.0,1000.5420532226562,-4.38181940135786,-3.791399619586264,1.7098404303448498,3.1798392707095475,2.4726217861648645,3.003668412601361,-0.3392415610705776,1.815772743477348,0.2086233763242197,2.500860261420601
33.0,253.0,1000.5420532226562,-4.38181940135786,-3.791399619586264,1.7098404294292768,3.179839270721792,2.472621786164881,3.003668488078424,-0.3392415622254228,1.8157726510338543,0.2086230390980571,2.500844237790113
33.0,253.0,1000.5420532226562,-4.38181940135786,-3.7906739349974408,1.7098404302940116,3.179839270709784,2.4726217861648814,3.003672483300215,-0.3392415623685247,1.8157726510338543,0.2086137253593646,2.5004206680550927
33.0,253.0,1000.5420532226562,-4.38181940135786,-3.7906243239135846,1.7098404301330437,3.179839270723649,2.472621786164881,3.003668457587627,-0.3392415622631017,1.8157745069157305,0.208622729160562,2.500844425883272
33.0,253.0,1000.5420532226562,-4.38181940135786,-3.791399619586264,1.7098404294414218,3.179839270708765,2.47262178616488,3.003668488078424,-0.339241562270528,1.8157726510338543,0.2086230390980571,2.500885018000758
33.0,253.0,1000.5420532226562,-4.38181940135786,-3.790649286305214,1.7098403463449732,3.179839270708746,2.472621786164881,3.003660714415029,-0.339241562270781,1.8157745069157305,0.2086137238561249,2.5008367607040665
33.0,253.0,1000.5420532226562,-4.38181940135786,-3.791399619586264,1.7098404294298628,3.1798392707220104,2.472621786164881,3.0036606430048307,-0.3392415622236895,1.8157726510338543,0.208623039089997,2.5008854678270525
33.0,253.0,1000.5420532226562,-4.38181940135786,-3.7906243239135846,1.7098404301330437,3.179839270723649,2.472621786164881,3.003668457587627,-0.3392415622631017,1.8157745069157305,0.208622729160562,2.500844425883272
33.0,253.0,1000.5420532226562,-4.38181940135786,-3.790642452454031,1.7098404300704009,3.1798392707083942,2.472621786164881,3.003660837205356,-0.3392415610441625,1.8157745069157305,0.2086137241270717,2.500855370087783
33.0,253.0,1000.5420532226562,-4.38181940135786,-3.791399619586264,1.7098404293796228,3.179839270721792,2.472621786164881,3.003668488078424,-0.3392415622254228,1.8157726510338543,0.2086230390980571,2.500844626159444
33.0,253.0,1000.5420532226562,-4.38181940135786,-3.791399619586264,1.7098404294414218,3.179839270708765,2.47262178616488,3.003668488078424,-0.339241562270528,1.8157726510338543,0.2086230390980571,2.500885018000758
33.0,253.0,1000.5420532226562,-4.38181940135786,-3.791399619586264,1.709840429448932,3.1798392707083867,2.47262178616488,3.003668488078424,-0.339241562270528,1.8157726510338543,0.2086230390980571,2.500885018000758
33.0,253.0,1000.5420532226562,-4.38181940135786,-3.7906739349974408,1.7098404300570111,3.179839270709784,2.4726217861648814,3.0036611078700526,-0.3392415623706099,1.8157726510338543,0.2086137241555447,2.5008524906692
33.0,253.0,1000.5420532226562,-4.38181940135786,-3.790642452454031,1.7098404300704009,3.1798392707083942,2.472621786164881,3.003660837205356,-0.3392415622713721,1.8157745078586585,0.2086137241270717,2.500862349372877
33.0,253.0,1000.5420532226562,-4.38181940135786,-3.790642452454031,1.7098404300704009,3.1798392707083942,2.472621786164881,3.003660837205356,-0.3392415622713721,1.8157745069157305,0.2086137241270717,2.500862349372877
33.0,253.0,1000.5420532226562,-4.38181940135786,-3.791399619586264,1.7098404294619,3.179839270721792,2.472621786164881,3.003660893931117,-0.3392415622634325,1.8157726510338543,0.2086230390980571,2.500886499227293
33.0,253.0,1000.5420532226562,-4.38181940135786,-3.791399619586264,1.709840429444765,3.1798392707080416,2.472621786164881,3.003660775893401,-0.3392415621896381,1.8157726076829053,0.2086230390980571,2.500845146298976
33.0,253.0,1000.5420532226562,-4.38181940135786,-3.790642452454031,1.7098404294428222,3.1798392707083942,2.472621786164881,3.003660837205356,-0.3392415622713721,1.8157726441601327,0.2086137241270717,2.500862349372877
33.0,253.0,1000.5420532226562,-4.38181940135786,-3.7906243239135846,1.7098404301153218,3.179839270723649,2.472621786164881,3.003668457587627,-0.3392415622631017,1.8157745069157305,0.208622729160562,2.500844425883272
33.0,253.0,1000.5420532226562,-4.38181940135786,-3.7914001871439287,1.7098404294615466,3.1798392707084977,2.472621786164881,3.003660946789496,-0.339241562267367,1.8157726510338543,0.2086230381583792,2.5008856346343125
33.0,254.0,1000.5415649414062,-4.38181940135786,-3.790649286305214,1.709840431240402,3.179839270708746,2.472621786164881,3.002362856289148,-0.3392415610448833,1.8157745069157305,0.2086137238561249,2.5008540767498486
33.0,254.0,1000.5415649414062,-4.38181940135786,-3.7906356498261657,1.709840431240402,3.179839270708746,2.472621786164881,3.002362856289148,-0.3392415610388185,1.815774472830045,0.2086137238561249,2.5008540767498486
33.0,254.0,1000.5415649414062,-4.38181940135786,-3.790614675499882,1.709840430963715,3.179839270708746,2.472621786164881,3.002369326822957,-0.3392415610388185,1.815774472830045,0.2086236255098212,2.500853682625282
33.0,254.0,1000.5415649414062,-4.38181940135786,-3.7906496887600927,1.7098404301153218,3.1798392707097944,2.472621786164881,3.00236070856746,-0.3392415622631017,1.8157745069157305,0.2086142962258714,2.500844425883272
33.0,254.0,1000.5415649414062,-4.38181940135786,-3.7906243239135846,1.7098404301385886,3.1798392707093623,2.472621786164881,3.002364568559604,-0.3392415622631017,1.8157745069157305,0.208622729160562,2.500842591622548
33.0,254.0,1000.5415649414062,-4.38181940135786,-3.7906494769450094,1.709840343502784,3.179839270708746,2.472621786164881,3.002442812747887,-0.3392415610388185,1.815774472830045,0.2086137238561249,2.5008370828632565
33.0,254.0,1000.5415649414062,-4.38181940135786,-3.7906356498261657,1.709840431240402,3.179839270708741,2.472621786164881,3.002362856289148,-0.3392415622982789,1.815774472830045,0.2086137238561249,2.5008540767498486
33.0,254.0,1000.5415649414062,-4.38181940135786,-3.7906496887600927,1.7098404301304184,3.179839270708836,2.472621786164881,3.00236070856746,-0.3392415622631401,1.8157745069157305,0.2086247755614632,2.5008444353649115
33.0,254.0,1000.5415649414062,-4.38181940135786,-3.790649286305214,1.7098404293795282,3.179839270708746,2.472621786164881,3.0024176342313944,-0.3392415610448833,1.8157745069157305,0.2086137238561249,2.5008540767498486
33.0,254.0,1000.5415649414062,-4.38181940135786,-3.7906496887600927,1.7098404301153218,3.1798392707097944,2.472621786164881,3.00236070856746,-0.3392415622631017,1.8157726603393165,0.2086142962258714,2.5008455570756185
33.0,254.0,1000.5415649414062,-4.38181940135786,-3.7906243239135846,1.7098404301385886,3.1798392707093623,2.472621786164881,3.002364568559604,-0.3392415622631017,1.8157745069157305,0.208622729160562,2.500842591622548
33.0,254.0,1000.5415649414062,-4.38181940135786,-3.790642601750621,1.709840431240402,3.1798392707087544,2.472621786164881,3.002362856289148,-0.339241561024456,1.815774472830045,0.20861372413189,2.5008540767498486
33.0,254.0,1000.5415649414062,-4.38181940135786,-3.7906494769450094,1.7098404322240717,3.179839270708746,2.472621786164881,3.002442812747887,-0.3392415610566783,1.8157745069580864,0.2086137238561249,2.5008370828632565
33.0,254.0,1000.5415649414062,-4.38181940135786,-3.7906356498261657,1.709840431240402,3.179839270708741,2.472621786164881,3.002362856289148,-0.3392415622982789,1.815774472830045,0.2086137238561249,2.5008540767498486
33.0,254.0,1000.5415649414062,-4.38181940135786,-3.790649286305214,1.7098404293795282,3.179839270708765,2.472621786164881,3.0024176342313944,-0.3392415610448833,1.8157745069157305,0.2086137238561249,2.5008540767498486
33.0,254.0,1000.5415649414062,-4.38181940135786,-3.7906496887600927,1.7098404301153218,3.1798392707097944,2.472621786164881,3.00236070856746,-0.3392415622631017,1.8157745069157305,0.2086141060111329,2.500844425883272
33.0,254.0,1000.5415649414062,-4.38181940135786,-3.7906353886707898,1.709840430034972,3.179839270708741,2.472621786164881,3.002362856289148,-0.3392415622961057,1.815774472578168,0.2086137111551262,2.5008540767498486
33.0,254.0,1000.5415649414062,-4.38181940135786,-3.790649286305214,1.7098404293795282,3.179839270708765,2.472621786164881,3.0024176342313944,-0.3392415610448833,1.8157745069157305,0.2086137238561249,2.5008540767498486
33.0,254.0,1000.5415649414062,-4.38181940135786,-3.790649286305214,1.7098404293795282,3.179839270708746,2.472621786164881,3.002287178200585,-0.3392415610448833,1.8157745069157305,0.2086137238561249,2.5008443049358937
33.0,254.0,1000.5415649414062,-4.38181940135786,-3.7906356498261657,1.709840431240402,3.179839270708746,2.472621786164881,3.002362856289148,-0.3392415610388185,1.815774472830045,0.2086137238561249,2.5008540767498486
33.0,254.0,1000.5415649414062,-4.38181940135786,-3.790614675499882,1.709840430963715,3.179839270708746,2.472621786164881,3.002369326822957,-0.3392415610388185,1.815774506262032,0.2086234459627153,2.5008440410731585
33.0,254.0,1000.5416870117188,-4.38181940135786,-3.791399619586264,1.7098404294298628,3.1798392707089995,2.472621786164881,3.002329977975837,-0.3392415622146603,1.8157726510338543,0.208623039089997,2.5008854678270525
33.0,254.0,1000.5416870117188,-4.38181940135786,-3.791399619586264,1.709840429361243,3.179839270709908,2.472621786164881,3.00244137799802,-0.3392415622630533,1.8157726510338543,0.2086139724556973,2.500844434988103
33.0,254.0,1000.5416870117188,-4.38181940135786,-3.7913908751049656,1.709840431263471,3.1798392707218315,2.472621786164881,3.0023535572847275,-0.3392415622545777,1.815774472830045,0.2086228596647453,2.500853885688546
33.0,254.0,1000.5416870117188,-4.38181940135786,-3.791399619586264,1.709840429361243,3.179839270708762,2.472621786164881,3.00244137799802,-0.3392415622630533,1.8157724880574069,0.2086139724556973,2.5008441893250217
33.0,254.0,1000.541748046875,-4.38181940135786,-3.791372561189592,1.709840431240402,3.179839270709793,2.472621786164881,3.002283992624282,-0.3392415622420207,1.8157745069157305,0.2086137238561249,2.500844148424674
33.0,254.0,1000.5419921875,-4.38181940135786,-3.79063545918637,1.7098404340825912,3.179839270708746,2.472621786164881,3.003580757956289,-0.339241562270781,1.8157745069157305,0.2086137238561249,2.5008537545906586
33.0,254.0,1000.5419921875,-4.38181940135786,-3.79063545918637,1.709840431154206,3.179839270708746,2.472621786164881,3.003580757956289,-0.339241562270781,1.8157745069157305,0.2086137238561249,2.5008537545906586
33.0,254.0,1000.5419921875,-4.38181940135786,-3.79063545918637,1.7098404340070197,3.179839270708746,2.472621786164881,3.003580757956289,-0.339241562270781,1.8157743852843504,0.2086232540422503,2.500854431334985
33.0,254.0,1000.5419921875,-4.38181940135786,-3.79063545918637,1.7098404340825912,3.179839270709892,2.472621786164881,3.003580757956289,-0.339241562270781,1.8157746698921773,0.2086137238561249,2.50085400025374
33.0,254.0,1000.5420532226562,-4.38181940135786,-3.791399619586264,1.7098404294414218,3.179839270708765,2.47262178616488,3.003668488078424,-0.339241562270528,1.8157726510338543,0.2086230390980571,2.500885018000758
33.0,254.0,1000.5420532226562,-4.38181940135786,-3.791399619586264,1.7098404294414218,3.179839270708765,2.472621786164881,3.003668488078424,-0.339241562267367,1.8157726510338543,0.2086230390980571,2.5008856346343125
33.0,254.0,1000.5420532226562,-4.38181940135786,-3.791399619586264,1.7098404294414218,3.179839270708765,2.472621786164881,3.003668488078424,-0.339241562267367,1.8157726510338543,0.2086230390980571,2.500845146298976
33.0,254.0,1000.5420532226562,-4.38181940135786,-3.791399619586264,1.709840351819497,3.179839270708793,2.472621786164864,3.0036684148235206,-0.3392415628162528,1.8157726539566823,0.2086132125915031,2.5008599578616884
33.0,254.0,1000.5420532226562,-4.38181940135786,-3.790642452454031,1.7098404300704009,3.1798392707083942,2.472621786164881,3.003660837205356,-0.3392415622713721,1.8157745069157305,0.2086137241270717,2.500862349372877
33.0,254.0,1000.5420532226562,-4.38181940135786,-3.791399619586264,1.7098404294414218,3.179839270721792,2.472621786164881,3.003668488078424,-0.3392415622634411,1.8157726510338543,0.2086230390980571,2.500845146298976
33.0,254.0,1000.5420532226562,-4.38181940135786,-3.7913791580628944,1.7098404294615466,3.179839270708765,2.472621786164881,3.003660946789496,-0.339241562267367,1.8157726510338543,0.2086230381419017,2.5008856346343125
33.0,254.0,1000.5420532226562,-4.38181940135786,-3.790642452454031,1.7098404300704009,3.1798392707083942,2.472621786164881,3.003660837205356,-0.3392415610441625,1.8157745069157305,0.2086137241270717,2.500855370087783
33.0,254.0,1000.5420532226562,-4.38181940135786,-3.790642452454031,1.7098404300704009,3.1798392707083942,2.472621786164881,3.003660837205356,-0.3392415622713721,1.8157745078586585,0.2086137241270717,2.500862349372877
33.0,254.0,1000.5420532226562,-4.38181940135786,-3.791399619586264,1.7098404303448498,3.1798392707095475,2.4726217861648645,3.003668412601361,-0.3392415610705776,1.815772743477348,0.2086233763242197,2.500860261420601
33.0,254.0,1000.5420532226562,-4.38181940135786,-3.791399619586264,1.7098404294292768,3.179839270721792,2.472621786164881,3.003668488078424,-0.3392415622254228,1.8157726510338543,0.2086230390980571,2.500844237790113
33.0,254.0,1000.5420532226562,-4.38181940135786,-3.7906739349974408,1.7098404302940116,3.179839270709784,2.4726217861648814,3.003672483300215,-0.3392415623685247,1.8157726510338543,0.2086137253593646,2.5004206680550927
33.0,254.0,1000.5420532226562,-4.38181940135786,-3.7906243239135846,1.7098404301330437,3.179839270723649,2.472621786164881,3.003668457587627,-0.3392415622631017,1.8157745069157305,0.208622729160562,2.500844425883272
33.0,254.0,1000.5420532226562,-4.38181940135786,-3.791399619586264,1.7098404294414218,3.179839270708765,2.47262178616488,3.003668488078424,-0.339241562270528,1.8157726510338543,0.2086230390980571,2.500885018000758
33.0,254.0,1000.5420532226562,-4.38181940135786,-3.790649286305214,1.7098403463449732,3.179839270708746,2.472621786164881,3.003660714415029,-0.339241562270781,1.8157745069157305,0.2086137238561249,2.5008367607040665
33.0,254.0,1000.5420532226562,-4.38181940135786,-3.791399619586264,1.7098404294298628,3.1798392707220104,2.472621786164881,3.0036606430048307,-0.3392415622236895,1.8157726510338543,0.208623039089997,2.5008854678270525
33.0,254.0,1000.5420532226562,-4.38181940135786,-3.7906243239135846,1.7098404301330437,3.179839270723649,2.472621786164881,3.003668457587627,-0.3392415622631017,1.8157745069157305,0.208622729160562,2.500844425883272
33.0,254.0,1000.5420532226562,-4.38181940135786,-3.790642452454031,1.7098404300704009,3.1798392707083942,2.472621786164881,3.003660837205356,-0.3392415610441625,1.8157745069157305,0.2086137241270717,2.500855370087783
33.0,254.0,1000.5420532226562,-4.38181940135786,-3.791399619586264,1.7098404293796228,3.179839270721792,2.472621786164881,3.003668488078424,-0.3392415622254228,1.8157726510338543,0.2086230390980571,2.500844626159444
33.0,254.0,1000.5420532226562,-4.38181940135786,-3.791399619586264,1.7098404294414218,3.179839270708765,2.47262178616488,3.003668488078424,-0.339241562270528,1.8157726510338543,0.2086230390980571,2.500885018000758
33.0,255.0,1000.5415649414062,-4.38181940135786,-3.790649286305214,1.709840431240402,3.179839270708746,2.472621786164881,3.002362856289148,-0.3392415610448833,1.8157745069157305,0.2086137238561249,2.5008540767498486
33.0,255.0,1000.5415649414062,-4.38181940135786,-3.7906356498261657,1.709840431240402,3.179839270708746,2.472621786164881,3.002362856289148,-0.3392415610388185,1.815774472830045,0.2086137238561249,2.5008540767498486
33.0,255.0,1000.5415649414062,-4.38181940135786,-3.790614675499882,1.709840430963715,3.179839270708746,2.472621786164881,3.002369326822957,-0.3392415610388185,1.815774472830045,0.2086236255098212,2.500853682625282
33.0,255.0,1000.5415649414062,-4.38181940135786,-3.7906496887600927,1.7098404301153218,3.1798392707097944,2.472621786164881,3.00236070856746,-0.3392415622631017,1.8157745069157305,0.2086142962258714,2.500844425883272
33.0,255.0,1000.5415649414062,-4.38181940135786,-3.7906243239135846,1.7098404301385886,3.1798392707093623,2.472621786164881,3.002364568559604,-0.3392415622631017,1.8157745069157305,0.208622729160562,2.500842591622548
33.0,255.0,1000.5415649414062,-4.38181940135786,-3.7906494769450094,1.709840343502784,3.179839270708746,2.472621786164881,3.002442812747887,-0.3392415610388185,1.815774472830045,0.2086137238561249,2.5008370828632565
33.0,255.0,1000.5415649414062,-4.38181940135786,-3.7906356498261657,1.709840431240402,3.179839270708741,2.472621786164881,3.002362856289148,-0.3392415622982789,1.815774472830045,0.2086137238561249,2.5008540767498486
33.0,255.0,1000.5415649414062,-4.38181940135786,-3.7906496887600927,1.7098404301304184,3.179839270708836,2.472621786164881,3.00236070856746,-0.3392415622631401,1.8157745069157305,0.2086247755614632,2.5008444353649115
33.0,255.0,1000.5415649414062,-4.38181940135786,-3.790649286305214,1.7098404293795282,3.179839270708746,2.472621786164881,3.0024176342313944,-0.3392415610448833,1.8157745069157305,0.2086137238561249,2.5008540767498486
33.0,255.0,1000.5415649414062,-4.38181940135786,-3.7906496887600927,1.7098404301153218,3.1798392707097944,2.472621786164881,3.00236070856746,-0.3392415622631017,1.8157726603393165,0.2086142962258714,2.5008455570756185
33.0,255.0,1000.5415649414062,-4.38181940135786,-3.7906243239135846,1.7098404301385886,3.1798392707093623,2.472621786164881,3.002364568559604,-0.3392415622631017,1.8157745069157305,0.208622729160562,2.500842591622548
33.0,255.0,1000.5415649414062,-4.38181940135786,-3.790642601750621,1.709840431240402,3.1798392707087544,2.472621786164881,3.002362856289148,-0.339241561024456,1.815774472830045,0.20861372413189,2.5008540767498486
33.0,255.0,1000.5415649414062,-4.38181940135786,-3.7906494769450094,1.7098404322240717,3.179839270708746,2.472621786164881,3.002442812747887,-0.3392415610566783,1.8157745069580864,0.2086137238561249,2.5008370828632565
33.0,255.0,1000.5415649414062,-4.38181940135786,-3.7906356498261657,1.709840431240402,3.179839270708741,2.472621786164881,3.002362856289148,-0.3392415622982789,1.815774472830045,0.2086137238561249,2.5008540767498486
33.0,255.0,1000.5415649414062,-4.38181940135786,-3.790649286305214,1.7098404293795282,3.179839270708765,2.472621786164881,3.0024176342313944,-0.3392415610448833,1.8157745069157305,0.2086137238561249,2.5008540767498486
33.0,255.0,1000.5415649414062,-4.38181940135786,-3.7906496887600927,1.7098404301153218,3.1798392707097944,2.472621786164881,3.00236070856746,-0.3392415622631017,1.8157745069157305,0.2086141060111329,2.500844425883272
33.0,255.0,1000.5415649414062,-4.38181940135786,-3.7906353886707898,1.709840430034972,3.179839270708741,2.472621786164881,3.002362856289148,-0.3392415622961057,1.815774472578168,0.2086137111551262,2.5008540767498486
33.0,255.0,1000.5415649414062,-4.38181940135786,-3.790649286305214,1.7098404293795282,3.179839270708765,2.472621786164881,3.0024176342313944,-0.3392415610448833,1.8157745069157305,0.2086137238561249,2.5008540767498486
33.0,255.0,1000.5415649414062,-4.38181940135786,-3.790649286305214,1.7098404293795282,3.179839270708746,2.472621786164881,3.002287178200585,-0.3392415610448833,1.8157745069157305,0.2086137238561249,2.5008443049358937
33.0,255.0,1000.5415649414062,-4.38181940135786,-3.7906356498261657,1.709840431240402,3.179839270708746,2.472621786164881,3.002362856289148,-0.3392415610388185,1.815774472830045,0.2086137238561249,2.5008540767498486
33.0,255.0,1000.5415649414062,-4.38181940135786,-3.790614675499882,1.709840430963715,3.179839270708746,2.472621786164881,3.002369326822957,-0.3392415610388185,1.815774506262032,0.2086234459627153,2.5008440410731585
33.0,255.0,1000.5415649414062,-4.38181940135786,-3.790649286305214,1.7098404293795282,3.179839270708777,2.472621786164881,3.0023018437299096,-0.3392415610303521,1.8157745069157305,0.2086137238539017,2.5008540767498486
33.0,255.0,1000.5415649414062,-4.38181940135786,-3.790649286305214,1.7098404313543931,3.179839270708746,2.472621786164881,3.002288584538175,-0.3392415610448833,1.8157745069157305,0.2086137238542491,2.5008443049358937
33.0,255.0,1000.5415649414062,-4.38181940135786,-3.790656124810459,1.709840430034972,3.179839270708741,2.472621786164881,3.002352571723953,-0.3392415622951044,1.8157743843931884,0.208622922586288,2.500855125542057
33.0,255.0,1000.5415649414062,-4.38181940135786,-3.790614675499882,1.709840430963715,3.179839270708746,2.472621786164881,3.002369326822957,-0.3392415610388185,1.8157745051971084,0.2086234428027844,2.5008433209401706
33.0,255.0,1000.5415649414062,-4.38181940135786,-3.7906496887600927,1.7098404301153218,3.1798392707097944,2.472621786164881,3.00236070856746,-0.3392415622631017,1.815774521419732,0.2086142962258714,2.5008443394490683
33.0,255.0,1000.5415649414062,-4.38181940135786,-3.7906353886707898,1.709840431240119,3.179839270708741,2.472621786164881,3.002362856289148,-0.3392415623491999,1.815774472578168,0.2086137117550488,2.5008540767498486
33.0,255.0,1000.5415649414062,-4.38181940135786,-3.7906496887600927,1.70984043149926,3.1798392707087326,2.472621786164881,3.002360491235255,-0.3392415622395027,1.8157745069157305,0.2086141060111329,2.500844425883272
33.0,255.0,1000.5415649414062,-4.38181940135786,-3.7906496887600927,1.7098404301153218,3.1798392707097944,2.472621786164881,3.002414352670052,-0.3392415622622609,1.8157745069157305,0.2086142962258714,2.500844429004547
33.0,255.0,1000.5415649414062,-4.38181940135786,-3.7906243239135846,1.7098404301614532,3.1798392707099064,2.472621786164881,3.002364568559604,-0.3392415622631017,1.8157745069157305,0.2086228801226606,2.5008444312509988
33.0,255.0,1000.5415649414062,-4.38181940135786,-3.790635647450594,1.709840431240402,3.179839270708741,2.472621786164881,3.002362856289148,-0.3392415609593547,1.815774472830045,0.2086137238561249,2.500854064567717
33.0,255.0,1000.5415649414062,-4.38181940135786,-3.7906243239135846,1.7098404301371588,3.179839270709362,2.472621786164865,3.002364568559604,-0.3392415611540113,1.8157744117077712,0.208622729160562,2.500842591622548
33.0,255.0,1000.5415649414062,-4.38181940135786,-3.790614675499882,1.709840430963715,3.179839270708746,2.472621786164881,3.002369326822957,-0.3392415610388185,1.815774473894968,0.2086236286697522,2.5008544027582693
33.0,255.0,1000.5416870117188,-4.38181940135786,-3.791399619586264,1.7098404294298628,3.1798392707089995,2.472621786164881,3.002329977975837,-0.3392415622146603,1.8157726510338543,0.208623039089997,2.5008854678270525
33.0,255.0,1000.5416870117188,-4.38181940135786,-3.791399619586264,1.709840429361243,3.179839270709908,2.472621786164881,3.00244137799802,-0.3392415622630533,1.8157726510338543,0.2086139724556973,2.500844434988103
33.0,255.0,1000.5416870117188,-4.38181940135786,-3.7913908751049656,1.709840431263471,3.1798392707218315,2.472621786164881,3.0023535572847275,-0.3392415622545777,1.815774472830045,0.2086228596647453,2.500853885688546
33.0,255.0,1000.5416870117188,-4.38181940135786,-3.791399619586264,1.709840429361243,3.179839270708762,2.472621786164881,3.00244137799802,-0.3392415622630533,1.8157724880574069,0.2086139724556973,2.5008441893250217
33.0,255.0,1000.5416870117188,-4.38181940135786,-3.791399619586264,1.7098404293604943,3.179839270708762,2.472621786164881,3.00244137799802,-0.3392415622630533,1.8157724880574069,0.2086139724556973,2.500845096256796
33.0,255.0,1000.5416870117188,-4.38181940135786,-3.791399619586264,1.709840429361243,3.179839270709908,2.472621786164881,3.0023653927302,-0.3392415623026248,1.815774298163493,0.2086137228276812,2.5008543561469594
33.0,255.0,1000.5416870117188,-4.38181940135786,-3.791399619586264,1.7098404294298628,3.1798392707089995,2.472621786164881,3.002329977975837,-0.3392415622146603,1.8157726510338543,0.208623039089997,2.5008854678270525
33.0,255.0,1000.541748046875,-4.38181940135786,-3.791372561189592,1.709840431240402,3.179839270709793,2.472621786164881,3.002283992624282,-0.3392415622420207,1.8157745069157305,0.2086137238561249,2.500844148424674
33.0,255.0,1000.5419921875,-4.38181940135786,-3.79063545918637,1.7098404340825912,3.179839270708746,2.472621786164881,3.003580757956289,-0.339241562270781,1.8157745069157305,0.2086137238561249,2.5008537545906586
33.0,255.0,1000.5419921875,-4.38181940135786,-3.79063545918637,1.709840431154206,3.179839270708746,2.472621786164881,3.003580757956289,-0.339241562270781,1.8157745069157305,0.2086137238561249,2.5008537545906586
33.0,255.0,1000.5419921875,-4.38181940135786,-3.79063545918637,1.7098404340070197,3.179839270708746,2.472621786164881,3.003580757956289,-0.339241562270781,1.8157743852843504,0.2086232540422503,2.500854431334985
33.0,255.0,1000.5419921875,-4.38181940135786,-3.79063545918637,1.7098404340825912,3.179839270709892,2.472621786164881,3.003580757956289,-0.339241562270781,1.8157746698921773,0.2086137238561249,2.50085400025374
33.0,255.0,1000.5420532226562,-4.38181940135786,-3.791399619586264,1.7098404294414218,3.179839270708765,2.47262178616488,3.003668488078424,-0.339241562270528,1.8157726510338543,0.2086230390980571,2.500885018000758
33.0,255.0,1000.5420532226562,-4.38181940135786,-3.791399619586264,1.7098404294414218,3.179839270708765,2.472621786164881,3.003668488078424,-0.339241562267367,1.8157726510338543,0.2086230390980571,2.5008856346343125
33.0,255.0,1000.5420532226562,-4.38181940135786,-3.791399619586264,1.7098404294414218,3.179839270708765,2.472621786164881,3.003668488078424,-0.339241562267367,1.8157726510338543,0.2086230390980571,2.500845146298976
33.0,255.0,1000.5420532226562,-4.38181940135786,-3.791399619586264,1.709840351819497,3.179839270708793,2.472621786164864,3.0036684148235206,-0.3392415628162528,1.8157726539566823,0.2086132125915031,2.5008599578616884
33.0,255.0,1000.5420532226562,-4.38181940135786,-3.790642452454031,1.7098404300704009,3.1798392707083942,2.472621786164881,3.003660837205356,-0.3392415622713721,1.8157745069157305,0.2086137241270717,2.500862349372877
33.0,256.0,1000.5405883789062,-4.38181940135786,-3.790642601750621,1.709840431240402,3.1798392707087544,2.472621786164881,3.002330374643449,-0.339241561024456,1.815774440598947,0.20861372413189,2.5112362335518665
33.0,256.0,1000.5415649414062,-4.38181940135786,-3.790649286305214,1.709840431240402,3.179839270708746,2.472621786164881,3.002362856289148,-0.3392415610448833,1.8157745069157305,0.2086137238561249,2.5008540767498486
33.0,256.0,1000.5415649414062,-4.38181940135786,-3.7906356498261657,1.709840431240402,3.179839270708746,2.472621786164881,3.002362856289148,-0.3392415610388185,1.815774472830045,0.2086137238561249,2.5008540767498486
33.0,256.0,1000.5415649414062,-4.38181940135786,-3.790614675499882,1.709840430963715,3.179839270708746,2.472621786164881,3.002369326822957,-0.3392415610388185,1.815774472830045,0.2086236255098212,2.500853682625282
33.0,256.0,1000.5415649414062,-4.38181940135786,-3.7906496887600927,1.7098404301153218,3.1798392707097944,2.472621786164881,3.00236070856746,-0.3392415622631017,1.8157745069157305,0.2086142962258714,2.500844425883272
33.0,256.0,1000.5415649414062,-4.38181940135786,-3.7906243239135846,1.7098404301385886,3.1798392707093623,2.472621786164881,3.002364568559604,-0.3392415622631017,1.8157745069157305,0.208622729160562,2.500842591622548
33.0,256.0,1000.5415649414062,-4.38181940135786,-3.7906494769450094,1.709840343502784,3.179839270708746,2.472621786164881,3.002442812747887,-0.3392415610388185,1.815774472830045,0.2086137238561249,2.5008370828632565
33.0,256.0,1000.5415649414062,-4.38181940135786,-3.7906356498261657,1.709840431240402,3.179839270708741,2.472621786164881,3.002362856289148,-0.3392415622982789,1.815774472830045,0.2086137238561249,2.5008540767498486
33.0,256.0,1000.5415649414062,-4.38181940135786,-3.7906496887600927,1.7098404301304184,3.179839270708836,2.472621786164881,3.00236070856746,-0.3392415622631401,1.8157745069157305,0.2086247755614632,2.5008444353649115
33.0,256.0,1000.5415649414062,-4.38181940135786,-3.790649286305214,1.7098404293795282,3.179839270708746,2.472621786164881,3.0024176342313944,-0.3392415610448833,1.8157745069157305,0.2086137238561249,2.5008540767498486
33.0,256.0,1000.5415649414062,-4.38181940135786,-3.7906496887600927,1.7098404301153218,3.1798392707097944,2.472621786164881,3.00236070856746,-0.3392415622631017,1.8157726603393165,0.2086142962258714,2.5008455570756185
33.0,256.0,1000.5415649414062,-4.38181940135786,-3.7906243239135846,1.7098404301385886,3.1798392707093623,2.472621786164881,3.002364568559604,-0.3392415622631017,1.8157745069157305,0.208622729160562,2.500842591622548
33.0,256.0,1000.5415649414062,-4.38181940135786,-3.790642601750621,1.709840431240402,3.1798392707087544,2.472621786164881,3.002362856289148,-0.339241561024456,1.815774472830045,0.20861372413189,2.5008540767498486
33.0,256.0,1000.5415649414062,-4.38181940135786,-3.7906494769450094,1.7098404322240717,3.179839270708746,2.472621786164881,3.002442812747887,-0.3392415610566783,1.8157745069580864,0.2086137238561249,2.5008370828632565
33.0,256.0,1000.5415649414062,-4.38181940135786,-3.7906356498261657,1.709840431240402,3.179839270708741,2.472621786164881,3.002362856289148,-0.3392415622982789,1.815774472830045,0.2086137238561249,2.5008540767498486
33.0,256.0,1000.5415649414062,-4.38181940135786,-3.790649286305214,1.7098404293795282,3.179839270708765,2.472621786164881,3.0024176342313944,-0.3392415610448833,1.8157745069157305,0.2086137238561249,2.5008540767498486
33.0,256.0,1000.5415649414062,-4.38181940135786,-3.7906496887600927,1.7098404301153218,3.1798392707097944,2.472621786164881,3.00236070856746,-0.3392415622631017,1.8157745069157305,0.2086141060111329,2.500844425883272
33.0,256.0,1000.5415649414062,-4.38181940135786,-3.7906353886707898,1.709840430034972,3.179839270708741,2.472621786164881,3.002362856289148,-0.3392415622961057,1.815774472578168,0.2086137111551262,2.5008540767498486
33.0,256.0,1000.5415649414062,-4.38181940135786,-3.790649286305214,1.7098404293795282,3.179839270708765,2.472621786164881,3.0024176342313944,-0.3392415610448833,1.8157745069157305,0.2086137238561249,2.5008540767498486
33.0,256.0,1000.5415649414062,-4.38181940135786,-3.790649286305214,1.7098404293795282,3.179839270708746,2.472621786164881,3.002287178200585,-0.3392415610448833,1.8157745069157305,0.2086137238561249,2.5008443049358937
33.0,256.0,1000.5415649414062,-4.38181940135786,-3.7906356498261657,1.709840431240402,3.179839270708746,2.472621786164881,3.002362856289148,-0.3392415610388185,1.815774472830045,0.2086137238561249,2.5008540767498486
33.0,256.0,1000.5415649414062,-4.38181940135786,-3.790614675499882,1.709840430963715,3.179839270708746,2.472621786164881,3.002369326822957,-0.3392415610388185,1.815774506262032,0.2086234459627153,2.5008440410731585
33.0,256.0,1000.5415649414062,-4.38181940135786,-3.790649286305214,1.7098404293795282,3.179839270708777,2.472621786164881,3.0023018437299096,-0.3392415610303521,1.8157745069157305,0.2086137238539017,2.5008540767498486
33.0,256.0,1000.5415649414062,-4.38181940135786,-3.790649286305214,1.7098404313543931,3.179839270708746,2.472621786164881,3.002288584538175,-0.3392415610448833,1.8157745069157305,0.2086137238542491,2.5008443049358937
33.0,256.0,1000.5415649414062,-4.38181940135786,-3.790656124810459,1.709840430034972,3.179839270708741,2.472621786164881,3.002352571723953,-0.3392415622951044,1.8157743843931884,0.208622922586288,2.500855125542057
33.0,256.0,1000.5415649414062,-4.38181940135786,-3.790614675499882,1.709840430963715,3.179839270708746,2.472621786164881,3.002369326822957,-0.3392415610388185,1.8157745051971084,0.2086234428027844,2.5008433209401706
33.0,256.0,1000.5415649414062,-4.38181940135786,-3.7906496887600927,1.7098404301153218,3.1798392707097944,2.472621786164881,3.00236070856746,-0.3392415622631017,1.815774521419732,0.2086142962258714,2.5008443394490683
33.0,256.0,1000.5415649414062,-4.38181940135786,-3.7906353886707898,1.709840431240119,3.179839270708741,2.472621786164881,3.002362856289148,-0.3392415623491999,1.815774472578168,0.2086137117550488,2.5008540767498486
33.0,256.0,1000.5415649414062,-4.38181940135786,-3.7906496887600927,1.70984043149926,3.1798392707087326,2.472621786164881,3.002360491235255,-0.3392415622395027,1.8157745069157305,0.2086141060111329,2.500844425883272
33.0,256.0,1000.5415649414062,-4.38181940135786,-3.7906496887600927,1.7098404301153218,3.1798392707097944,2.472621786164881,3.002414352670052,-0.3392415622622609,1.8157745069157305,0.2086142962258714,2.500844429004547
33.0,256.0,1000.5415649414062,-4.38181940135786,-3.7906243239135846,1.7098404301614532,3.1798392707099064,2.472621786164881,3.002364568559604,-0.3392415622631017,1.8157745069157305,0.2086228801226606,2.5008444312509988
33.0,256.0,1000.5415649414062,-4.38181940135786,-3.790635647450594,1.709840431240402,3.179839270708741,2.472621786164881,3.002362856289148,-0.3392415609593547,1.815774472830045,0.2086137238561249,2.500854064567717
33.0,256.0,1000.5415649414062,-4.38181940135786,-3.7906243239135846,1.7098404301371588,3.179839270709362,2.472621786164865,3.002364568559604,-0.3392415611540113,1.8157744117077712,0.208622729160562,2.500842591622548
33.0,256.0,1000.5415649414062,-4.38181940135786,-3.790614675499882,1.709840430963715,3.179839270708746,2.472621786164881,3.002369326822957,-0.3392415610388185,1.815774473894968,0.2086236286697522,2.5008544027582693
33.0,256.0,1000.5415649414062,-4.38181940135786,-3.7906427422416336,1.7098404300272525,3.179839270708741,2.472621786164881,3.002362856289148,-0.339241561024456,1.815774472578445,0.2086137112244402,2.5008540767498486
33.0,256.0,1000.5415649414062,-4.38181940135786,-3.7906243239135846,1.7098404301155492,3.179839270709796,2.472621786164881,3.002364568559604,-0.3392415622631017,1.8157745069157305,0.2086228801226606,2.5008444312509988
33.0,256.0,1000.5415649414062,-4.38181940135786,-3.7906494769450094,1.7098404322240717,3.179839270708746,2.472621786164881,3.002442812747887,-0.3392415610566783,1.8157745069580864,0.2086137238561249,2.5008370828632565
33.0,256.0,1000.5415649414062,-4.38181940135786,-3.7906496887600927,1.7098404301153218,3.1798392707087184,2.472621786164881,3.002352424332248,-0.339241562295879,1.8157745069157305,0.2086144228596925,2.500844332619238
33.0,256.0,1000.5415649414062,-4.38181940135786,-3.7906356498261657,1.709840431240402,3.179839270708741,2.472621786164881,3.002362856289148,-0.3392415622982789,1.815774472830045,0.2086137238561249,2.5008540767498486
33.0,256.0,1000.5415649414062,-4.38181940135786,-3.7906243239135846,1.7098404301385886,3.1798392707093623,2.472621786164881,3.002364568559604,-0.3392415622631017,1.8157745069157305,0.2086227328251911,2.500842591622548
33.0,256.0,1000.5415649414062,-4.38181940135786,-3.7906494769450094,1.7098403354844225,3.179839270708746,2.472621786164881,3.002442812747887,-0.3392415610565434,1.8157744718808573,0.2086137238561249,2.5008370828632565
33.0,256.0,1000.5415649414062,-4.38181940135786,-3.7905267354980094,1.709840430963715,3.179839270708746,2.472621786164881,3.002369053716717,-0.3392415610260104,1.815774362689791,0.2086234459627153,2.500883372829196
33.0,256.0,1000.5415649414062,-4.38181940135786,-3.790614675499882,1.709840430963715,3.179839270708746,2.472621786164881,3.002369326822957,-0.3392415610388185,1.8157744728024408,0.2086236286697522,2.5008544027582693
33.0,256.0,1000.5415649414062,-4.38181940135786,-3.7906496887600927,1.7098404301612256,3.179839270709905,2.472621786164881,3.00236070856746,-0.3392415622631017,1.8157726603393165,0.2086142962258714,2.5008455570756185
33.0,256.0,1000.5415649414062,-4.38181940135786,-3.7906496887600927,1.7098404315057536,3.179839270709815,2.472621786164881,3.002360491235255,-0.3392415622394373,1.8157745069157305,0.2086143034118953,2.500844425883272
33.0,256.0,1000.5415649414062,-4.38181940135786,-3.7906361965958526,1.709840431240402,3.1798392707087646,2.472621786164881,3.0024150086328243,-0.3392415610388185,1.815774472830045,0.2086137238561249,2.5008540767498486
33.0,256.0,1000.5415649414062,-4.38181940135786,-3.7905530010025874,1.709840431240402,3.179839270709891,2.472621786164881,3.002358062966807,-0.3392415622420207,1.8157745069157305,0.2086137238561249,2.500854089012745
33.0,256.0,1000.5415649414062,-4.38181940135786,-3.7906243239135846,1.7098404301371588,3.179839270709362,2.472621786164865,3.002364568559604,-0.3392415611540113,1.8157744117077712,0.208622729160562,2.500842591622548
33.0,256.0,1000.5415649414062,-4.38181940135786,-3.790635517114744,1.709840431240402,3.179839270708741,2.472621786164881,3.002362856289148,-0.3392415622950723,1.8157745067413744,0.2086137238561249,2.5008540767498486
33.0,256.0,1000.5415649414062,-4.38181940135786,-3.7906353886707898,1.7098404300575527,3.179839270708741,2.472621786164881,3.002362856289148,-0.3392415622961057,1.815774472578168,0.2086137232255553,2.5008540767498486
33.0,257.0,1000.5403442382812,-4.38181940135786,-3.790642601750621,1.709840431240402,3.1798392707087326,2.472621786164881,3.002364332551787,-0.339241561024456,1.8157744375232308,0.2086226647931066,2.51091762021094
33.0,257.0,1000.5405883789062,-4.38181940135786,-3.790642601750621,1.709840431240402,3.1798392707087544,2.472621786164881,3.002330374643449,-0.339241561024456,1.815774440598947,0.20861372413189,2.5112362335518665
33.0,257.0,1000.5415649414062,-4.38181940135786,-3.790649286305214,1.709840431240402,3.179839270708746,2.472621786164881,3.002362856289148,-0.3392415610448833,1.8157745069157305,0.2086137238561249,2.5008540767498486
33.0,257.0,1000.5415649414062,-4.38181940135786,-3.7906356498261657,1.709840431240402,3.179839270708746,2.472621786164881,3.002362856289148,-0.3392415610388185,1.815774472830045,0.2086137238561249,2.5008540767498486
33.0,257.0,1000.5415649414062,-4.38181940135786,-3.790614675499882,1.709840430963715,3.179839270708746,2.472621786164881,3.002369326822957,-0.3392415610388185,1.815774472830045,0.2086236255098212,2.500853682625282
33.0,257.0,1000.5415649414062,-4.38181940135786,-3.7906496887600927,1.7098404301153218,3.1798392707097944,2.472621786164881,3.00236070856746,-0.3392415622631017,1.8157745069157305,0.2086142962258714,2.500844425883272
33.0,257.0,1000.5415649414062,-4.38181940135786,-3.7906243239135846,1.7098404301385886,3.1798392707093623,2.472621786164881,3.002364568559604,-0.3392415622631017,1.8157745069157305,0.208622729160562,2.500842591622548
33.0,257.0,1000.5415649414062,-4.38181940135786,-3.7906494769450094,1.709840343502784,3.179839270708746,2.472621786164881,3.002442812747887,-0.3392415610388185,1.815774472830045,0.2086137238561249,2.5008370828632565
33.0,257.0,1000.5415649414062,-4.38181940135786,-3.7906356498261657,1.709840431240402,3.179839270708741,2.472621786164881,3.002362856289148,-0.3392415622982789,1.815774472830045,0.2086137238561249,2.5008540767498486
33.0,257.0,1000.5415649414062,-4.38181940135786,-3.7906496887600927,1.7098404301304184,3.179839270708836,2.472621786164881,3.00236070856746,-0.3392415622631401,1.8157745069157305,0.2086247755614632,2.5008444353649115
33.0,257.0,1000.5415649414062,-4.38181940135786,-3.790649286305214,1.7098404293795282,3.179839270708746,2.472621786164881,3.0024176342313944,-0.3392415610448833,1.8157745069157305,0.2086137238561249,2.5008540767498486
33.0,257.0,1000.5415649414062,-4.38181940135786,-3.7906496887600927,1.7098404301153218,3.1798392707097944,2.472621786164881,3.00236070856746,-0.3392415622631017,1.8157726603393165,0.2086142962258714,2.5008455570756185
33.0,257.0,1000.5415649414062,-4.38181940135786,-3.7906243239135846,1.7098404301385886,3.1798392707093623,2.472621786164881,3.002364568559604,-0.3392415622631017,1.8157745069157305,0.208622729160562,2.500842591622548
33.0,257.0,1000.5415649414062,-4.38181940135786,-3.790642601750621,1.709840431240402,3.1798392707087544,2.472621786164881,3.002362856289148,-0.339241561024456,1.815774472830045,0.20861372413189,2.5008540767498486
33.0,257.0,1000.5415649414062,-4.38181940135786,-3.7906494769450094,1.7098404322240717,3.179839270708746,2.472621786164881,3.002442812747887,-0.3392415610566783,1.8157745069580864,0.2086137238561249,2.5008370828632565
33.0,257.0,1000.5415649414062,-4.38181940135786,-3.7906356498261657,1.709840431240402,3.179839270708741,2.472621786164881,3.002362856289148,-0.3392415622982789,1.815774472830045,0.2086137238561249,2.5008540767498486
33.0,257.0,1000.5415649414062,-4.38181940135786,-3.790649286305214,1.7098404293795282,3.179839270708765,2.472621786164881,3.0024176342313944,-0.3392415610448833,1.8157745069157305,0.2086137238561249,2.5008540767498486
33.0,257.0,1000.5415649414062,-4.38181940135786,-3.7906496887600927,1.7098404301153218,3.1798392707097944,2.472621786164881,3.00236070856746,-0.3392415622631017,1.8157745069157305,0.2086141060111329,2.500844425883272
33.0,257.0,1000.5415649414062,-4.38181940135786,-3.7906353886707898,1.709840430034972,3.179839270708741,2.472621786164881,3.002362856289148,-0.3392415622961057,1.815774472578168,0.2086137111551262,2.5008540767498486
33.0,257.0,1000.5415649414062,-4.38181940135786,-3.790649286305214,1.7098404293795282,3.179839270708765,2.472621786164881,3.0024176342313944,-0.3392415610448833,1.8157745069157305,0.2086137238561249,2.5008540767498486
33.0,257.0,1000.5415649414062,-4.38181940135786,-3.790649286305214,1.7098404293795282,3.179839270708746,2.472621786164881,3.002287178200585,-0.3392415610448833,1.8157745069157305,0.2086137238561249,2.5008443049358937
33.0,257.0,1000.5415649414062,-4.38181940135786,-3.7906356498261657,1.709840431240402,3.179839270708746,2.472621786164881,3.002362856289148,-0.3392415610388185,1.815774472830045,0.2086137238561249,2.5008540767498486
33.0,257.0,1000.5415649414062,-4.38181940135786,-3.790614675499882,1.709840430963715,3.179839270708746,2.472621786164881,3.002369326822957,-0.3392415610388185,1.815774506262032,0.2086234459627153,2.5008440410731585
33.0,257.0,1000.5415649414062,-4.38181940135786,-3.790649286305214,1.7098404293795282,3.179839270708777,2.472621786164881,3.0023018437299096,-0.3392415610303521,1.8157745069157305,0.2086137238539017,2.5008540767498486
33.0,257.0,1000.5415649414062,-4.38181940135786,-3.790649286305214,1.7098404313543931,3.179839270708746,2.472621786164881,3.002288584538175,-0.3392415610448833,1.8157745069157305,0.2086137238542491,2.5008443049358937
33.0,257.0,1000.5415649414062,-4.38181940135786,-3.790656124810459,1.709840430034972,3.179839270708741,2.472621786164881,3.002352571723953,-0.3392415622951044,1.8157743843931884,0.208622922586288,2.500855125542057
33.0,257.0,1000.5415649414062,-4.38181940135786,-3.790614675499882,1.709840430963715,3.179839270708746,2.472621786164881,3.002369326822957,-0.3392415610388185,1.8157745051971084,0.2086234428027844,2.5008433209401706
33.0,257.0,1000.5415649414062,-4.38181940135786,-3.7906496887600927,1.7098404301153218,3.1798392707097944,2.472621786164881,3.00236070856746,-0.3392415622631017,1.815774521419732,0.2086142962258714,2.5008443394490683
33.0,257.0,1000.5415649414062,-4.38181940135786,-3.7906353886707898,1.709840431240119,3.179839270708741,2.472621786164881,3.002362856289148,-0.3392415623491999,1.815774472578168,0.2086137117550488,2.5008540767498486
33.0,257.0,1000.5415649414062,-4.38181940135786,-3.7906496887600927,1.70984043149926,3.1798392707087326,2.472621786164881,3.002360491235255,-0.3392415622395027,1.8157745069157305,0.2086141060111329,2.500844425883272
33.0,257.0,1000.5415649414062,-4.38181940135786,-3.7906496887600927,1.7098404301153218,3.1798392707097944,2.472621786164881,3.002414352670052,-0.3392415622622609,1.8157745069157305,0.2086142962258714,2.500844429004547
33.0,257.0,1000.5415649414062,-4.38181940135786,-3.7906243239135846,1.7098404301614532,3.1798392707099064,2.472621786164881,3.002364568559604,-0.3392415622631017,1.8157745069157305,0.2086228801226606,2.5008444312509988
33.0,257.0,1000.5415649414062,-4.38181940135786,-3.790635647450594,1.709840431240402,3.179839270708741,2.472621786164881,3.002362856289148,-0.3392415609593547,1.815774472830045,0.2086137238561249,2.500854064567717
33.0,257.0,1000.5415649414062,-4.38181940135786,-3.7906243239135846,1.7098404301371588,3.179839270709362,2.472621786164865,3.002364568559604,-0.3392415611540113,1.8157744117077712,0.208622729160562,2.500842591622548
33.0,257.0,1000.5415649414062,-4.38181940135786,-3.790614675499882,1.709840430963715,3.179839270708746,2.472621786164881,3.002369326822957,-0.3392415610388185,1.815774473894968,0.2086236286697522,2.5008544027582693
33.0,257.0,1000.5415649414062,-4.38181940135786,-3.7906427422416336,1.7098404300272525,3.179839270708741,2.472621786164881,3.002362856289148,-0.339241561024456,1.815774472578445,0.2086137112244402,2.5008540767498486
33.0,257.0,1000.5415649414062,-4.38181940135786,-3.7906243239135846,1.7098404301155492,3.179839270709796,2.472621786164881,3.002364568559604,-0.3392415622631017,1.8157745069157305,0.2086228801226606,2.5008444312509988
33.0,257.0,1000.5415649414062,-4.38181940135786,-3.7906494769450094,1.7098404322240717,3.179839270708746,2.472621786164881,3.002442812747887,-0.3392415610566783,1.8157745069580864,0.2086137238561249,2.5008370828632565
33.0,257.0,1000.5415649414062,-4.38181940135786,-3.7906496887600927,1.7098404301153218,3.1798392707087184,2.472621786164881,3.002352424332248,-0.339241562295879,1.8157745069157305,0.2086144228596925,2.500844332619238
33.0,257.0,1000.5415649414062,-4.38181940135786,-3.7906356498261657,1.709840431240402,3.179839270708741,2.472621786164881,3.002362856289148,-0.3392415622982789,1.815774472830045,0.2086137238561249,2.5008540767498486
33.0,257.0,1000.5415649414062,-4.38181940135786,-3.7906243239135846,1.7098404301385886,3.1798392707093623,2.472621786164881,3.002364568559604,-0.3392415622631017,1.8157745069157305,0.2086227328251911,2.500842591622548
33.0,257.0,1000.5415649414062,-4.38181940135786,-3.7906494769450094,1.7098403354844225,3.179839270708746,2.472621786164881,3.002442812747887,-0.3392415610565434,1.8157744718808573,0.2086137238561249,2.5008370828632565
33.0,257.0,1000.5415649414062,-4.38181940135786,-3.7905267354980094,1.709840430963715,3.179839270708746,2.472621786164881,3.002369053716717,-0.3392415610260104,1.815774362689791,0.2086234459627153,2.500883372829196
33.0,257.0,1000.5415649414062,-4.38181940135786,-3.790614675499882,1.709840430963715,3.179839270708746,2.472621786164881,3.002369326822957,-0.3392415610388185,1.8157744728024408,0.2086236286697522,2.5008544027582693
33.0,257.0,1000.5415649414062,-4.38181940135786,-3.7906496887600927,1.7098404301612256,3.179839270709905,2.472621786164881,3.00236070856746,-0.3392415622631017,1.8157726603393165,0.2086142962258714,2.5008455570756185
33.0,257.0,1000.5415649414062,-4.38181940135786,-3.7906496887600927,1.7098404315057536,3.179839270709815,2.472621786164881,3.002360491235255,-0.3392415622394373,1.8157745069157305,0.2086143034118953,2.500844425883272
33.0,257.0,1000.5415649414062,-4.38181940135786,-3.7906361965958526,1.709840431240402,3.1798392707087646,2.472621786164881,3.0024150086328243,-0.3392415610388185,1.815774472830045,0.2086137238561249,2.5008540767498486
33.0,257.0,1000.5415649414062,-4.38181940135786,-3.7905530010025874,1.709840431240402,3.179839270709891,2.472621786164881,3.002358062966807,-0.3392415622420207,1.8157745069157305,0.2086137238561249,2.500854089012745
33.0,257.0,1000.5415649414062,-4.38181940135786,-3.7906243239135846,1.7098404301371588,3.179839270709362,2.472621786164865,3.002364568559604,-0.3392415611540113,1.8157744117077712,0.208622729160562,2.500842591622548
33.0,257.0,1000.5415649414062,-4.38181940135786,-3.790635517114744,1.709840431240402,3.179839270708741,2.472621786164881,3.002362856289148,-0.3392415622950723,1.8157745067413744,0.2086137238561249,2.5008540767498486
33.0,258.0,1000.5403442382812,-4.38181940135786,-3.790642601750621,1.709840431240402,3.1798392707087326,2.472621786164881,3.002364332551787,-0.339241561024456,1.8157744375232308,0.2086226647931066,2.51091762021094
33.0,258.0,1000.5405883789062,-4.38181940135786,-3.790642601750621,1.709840431240402,3.1798392707087544,2.472621786164881,3.002330374643449,-0.339241561024456,1.815774440598947,0.20861372413189,2.5112362335518665
33.0,258.0,1000.5405883789062,-4.38181940135786,-3.790642601750621,1.709840431240402,3.179839270708755,2.472621786164881,3.002330374643449,-0.3392415623117806,1.8157744406464889,0.2086137238500263,2.5112362335518665
33.0,258.0,1000.5415649414062,-4.38181940135786,-3.790649286305214,1.709840431240402,3.179839270708746,2.472621786164881,3.002362856289148,-0.3392415610448833,1.8157745069157305,0.2086137238561249,2.5008540767498486
33.0,258.0,1000.5415649414062,-4.38181940135786,-3.7906356498261657,1.709840431240402,3.179839270708746,2.472621786164881,3.002362856289148,-0.3392415610388185,1.815774472830045,0.2086137238561249,2.5008540767498486
33.0,258.0,1000.5415649414062,-4.38181940135786,-3.790614675499882,1.709840430963715,3.179839270708746,2.472621786164881,3.002369326822957,-0.3392415610388185,1.815774472830045,0.2086236255098212,2.500853682625282
33.0,258.0,1000.5415649414062,-4.38181940135786,-3.7906496887600927,1.7098404301153218,3.1798392707097944,2.472621786164881,3.00236070856746,-0.3392415622631017,1.8157745069157305,0.2086142962258714,2.500844425883272
33.0,258.0,1000.5415649414062,-4.38181940135786,-3.7906243239135846,1.7098404301385886,3.1798392707093623,2.472621786164881,3.002364568559604,-0.3392415622631017,1.8157745069157305,0.208622729160562,2.500842591622548
33.0,258.0,1000.5415649414062,-4.38181940135786,-3.7906494769450094,1.709840343502784,3.179839270708746,2.472621786164881,3.002442812747887,-0.3392415610388185,1.815774472830045,0.2086137238561249,2.5008370828632565
33.0,258.0,1000.5415649414062,-4.38181940135786,-3.7906356498261657,1.709840431240402,3.179839270708741,2.472621786164881,3.002362856289148,-0.3392415622982789,1.815774472830045,0.2086137238561249,2.5008540767498486
33.0,258.0,1000.5415649414062,-4.38181940135786,-3.7906496887600927,1.7098404301304184,3.179839270708836,2.472621786164881,3.00236070856746,-0.3392415622631401,1.8157745069157305,0.2086247755614632,2.5008444353649115
33.0,258.0,1000.5415649414062,-4.38181940135786,-3.790649286305214,1.7098404293795282,3.179839270708746,2.472621786164881,3.0024176342313944,-0.3392415610448833,1.8157745069157305,0.2086137238561249,2.5008540767498486
33.0,258.0,1000.5415649414062,-4.38181940135786,-3.7906496887600927,1.7098404301153218,3.1798392707097944,2.472621786164881,3.00236070856746,-0.3392415622631017,1.8157726603393165,0.2086142962258714,2.5008455570756185
33.0,258.0,1000.5415649414062,-4.38181940135786,-3.7906243239135846,1.7098404301385886,3.1798392707093623,2.472621786164881,3.002364568559604,-0.3392415622631017,1.8157745069157305,0.208622729160562,2.500842591622548
33.0,258.0,1000.5415649414062,-4.38181940135786,-3.790642601750621,1.709840431240402,3.1798392707087544,2.472621786164881,3.002362856289148,-0.339241561024456,1.815774472830045,0.20861372413189,2.5008540767498486
33.0,258.0,1000.5415649414062,-4.38181940135786,-3.7906494769450094,1.7098404322240717,3.179839270708746,2.472621786164881,3.002442812747887,-0.3392415610566783,1.8157745069580864,0.2086137238561249,2.5008370828632565
33.0,258.0,1000.5415649414062,-4.38181940135786,-3.7906356498261657,1.709840431240402,3.179839270708741,2.472621786164881,3.002362856289148,-0.3392415622982789,1.815774472830045,0.2086137238561249,2.5008540767498486
33.0,258.0,1000.5415649414062,-4.38181940135786,-3.790649286305214,1.7098404293795282,3.179839270708765,2.472621786164881,3.0024176342313944,-0.3392415610448833,1.8157745069157305,0.2086137238561249,2.5008540767498486
33.0,258.0,1000.5415649414062,-4.38181940135786,-3.7906496887600927,1.7098404301153218,3.1798392707097944,2.472621786164881,3.00236070856746,-0.3392415622631017,1.8157745069157305,0.2086141060111329,2.500844425883272
33.0,258.0,1000.5415649414062,-4.38181940135786,-3.7906353886707898,1.709840430034972,3.179839270708741,2.472621786164881,3.002362856289148,-0.3392415622961057,1.815774472578168,0.2086137111551262,2.5008540767498486
33.0,258.0,1000.5415649414062,-4.38181940135786,-3.790649286305214,1.7098404293795282,3.179839270708765,2.472621786164881,3.0024176342313944,-0.3392415610448833,1.8157745069157305,0.2086137238561249,2.5008540767498486
33.0,258.0,1000.5415649414062,-4.38181940135786,-3.790649286305214,1.7098404293795282,3.179839270708746,2.472621786164881,3.002287178200585,-0.3392415610448833,1.8157745069157305,0.2086137238561249,2.5008443049358937
33.0,258.0,1000.5415649414062,-4.38181940135786,-3.7906356498261657,1.709840431240402,3.179839270708746,2.472621786164881,3.002362856289148,-0.3392415610388185,1.815774472830045,0.2086137238561249,2.5008540767498486
33.0,258.0,1000.5415649414062,-4.38181940135786,-3.790614675499882,1.709840430963715,3.179839270708746,2.472621786164881,3.002369326822957,-0.3392415610388185,1.815774506262032,0.2086234459627153,2.5008440410731585
33.0,258.0,1000.5415649414062,-4.38181940135786,-3.790649286305214,1.7098404293795282,3.179839270708777,2.472621786164881,3.0023018437299096,-0.3392415610303521,1.8157745069157305,0.2086137238539017,2.5008540767498486
33.0,258.0,1000.5415649414062,-4.38181940135786,-3.790649286305214,1.7098404313543931,3.179839270708746,2.472621786164881,3.002288584538175,-0.3392415610448833,1.8157745069157305,0.2086137238542491,2.5008443049358937
33.0,258.0,1000.5415649414062,-4.38181940135786,-3.790656124810459,1.709840430034972,3.179839270708741,2.472621786164881,3.002352571723953,-0.3392415622951044,1.8157743843931884,0.208622922586288,2.500855125542057
33.0,258.0,1000.5415649414062,-4.38181940135786,-3.790614675499882,1.709840430963715,3.179839270708746,2.472621786164881,3.002369326822957,-0.3392415610388185,1.8157745051971084,0.2086234428027844,2.5008433209401706
33.0,258.0,1000.5415649414062,-4.38181940135786,-3.7906496887600927,1.7098404301153218,3.1798392707097944,2.472621786164881,3.00236070856746,-0.3392415622631017,1.815774521419732,0.2086142962258714,2.5008443394490683
33.0,258.0,1000.5415649414062,-4.38181940135786,-3.7906353886707898,1.709840431240119,3.179839270708741,2.472621786164881,3.002362856289148,-0.3392415623491999,1.815774472578168,0.2086137117550488,2.5008540767498486
33.0,258.0,1000.5415649414062,-4.38181940135786,-3.7906496887600927,1.70984043149926,3.1798392707087326,2.472621786164881,3.002360491235255,-0.3392415622395027,1.8157745069157305,0.2086141060111329,2.500844425883272
33.0,258.0,1000.5415649414062,-4.38181940135786,-3.7906496887600927,1.7098404301153218,3.1798392707097944,2.472621786164881,3.002414352670052,-0.3392415622622609,1.8157745069157305,0.2086142962258714,2.500844429004547
33.0,258.0,1000.5415649414062,-4.38181940135786,-3.7906243239135846,1.7098404301614532,3.1798392707099064,2.472621786164881,3.002364568559604,-0.3392415622631017,1.8157745069157305,0.2086228801226606,2.5008444312509988
33.0,258.0,1000.5415649414062,-4.38181940135786,-3.790635647450594,1.709840431240402,3.179839270708741,2.472621786164881,3.002362856289148,-0.3392415609593547,1.815774472830045,0.2086137238561249,2.500854064567717
33.0,258.0,1000.5415649414062,-4.38181940135786,-3.7906243239135846,1.7098404301371588,3.179839270709362,2.472621786164865,3.002364568559604,-0.3392415611540113,1.8157744117077712,0.208622729160562,2.500842591622548
33.0,258.0,1000.5415649414062,-4.38181940135786,-3.790614675499882,1.709840430963715,3.179839270708746,2.472621786164881,3.002369326822957,-0.3392415610388185,1.815774473894968,0.2086236286697522,2.5008544027582693
33.0,258.0,1000.5415649414062,-4.38181940135786,-3.7906427422416336,1.7098404300272525,3.179839270708741,2.472621786164881,3.002362856289148,-0.339241561024456,1.815774472578445,0.2086137112244402,2.5008540767498486
33.0,258.0,1000.5415649414062,-4.38181940135786,-3.7906243239135846,1.7098404301155492,3.179839270709796,2.472621786164881,3.002364568559604,-0.3392415622631017,1.8157745069157305,0.2086228801226606,2.5008444312509988
33.0,258.0,1000.5415649414062,-4.38181940135786,-3.7906494769450094,1.7098404322240717,3.179839270708746,2.472621786164881,3.002442812747887,-0.3392415610566783,1.8157745069580864,0.2086137238561249,2.5008370828632565
33.0,258.0,1000.5415649414062,-4.38181940135786,-3.7906496887600927,1.7098404301153218,3.1798392707087184,2.472621786164881,3.002352424332248,-0.339241562295879,1.8157745069157305,0.2086144228596925,2.500844332619238
33.0,258.0,1000.5415649414062,-4.38181940135786,-3.7906356498261657,1.709840431240402,3.179839270708741,2.472621786164881,3.002362856289148,-0.3392415622982789,1.815774472830045,0.2086137238561249,2.5008540767498486
33.0,258.0,1000.5415649414062,-4.38181940135786,-3.7906243239135846,1.7098404301385886,3.1798392707093623,2.472621786164881,3.002364568559604,-0.3392415622631017,1.8157745069157305,0.2086227328251911,2.500842591622548
33.0,258.0,1000.5415649414062,-4.38181940135786,-3.7906494769450094,1.7098403354844225,3.179839270708746,2.472621786164881,3.002442812747887,-0.3392415610565434,1.8157744718808573,0.2086137238561249,2.5008370828632565
33.0,258.0,1000.5415649414062,-4.38181940135786,-3.7905267354980094,1.709840430963715,3.179839270708746,2.472621786164881,3.002369053716717,-0.3392415610260104,1.815774362689791,0.2086234459627153,2.500883372829196
33.0,258.0,1000.5415649414062,-4.38181940135786,-3.790614675499882,1.709840430963715,3.179839270708746,2.472621786164881,3.002369326822957,-0.3392415610388185,1.8157744728024408,0.2086236286697522,2.5008544027582693
33.0,258.0,1000.5415649414062,-4.38181940135786,-3.7906496887600927,1.7098404301612256,3.179839270709905,2.472621786164881,3.00236070856746,-0.3392415622631017,1.8157726603393165,0.2086142962258714,2.5008455570756185
33.0,258.0,1000.5415649414062,-4.38181940135786,-3.7906496887600927,1.7098404315057536,3.179839270709815,2.472621786164881,3.002360491235255,-0.3392415622394373,1.8157745069157305,0.2086143034118953,2.500844425883272
33.0,258.0,1000.5415649414062,-4.38181940135786,-3.7906361965958526,1.709840431240402,3.1798392707087646,2.472621786164881,3.0024150086328243,-0.3392415610388185,1.815774472830045,0.2086137238561249,2.5008540767498486
33.0,258.0,1000.5415649414062,-4.38181940135786,-3.7905530010025874,1.709840431240402,3.179839270709891,2.472621786164881,3.002358062966807,-0.3392415622420207,1.8157745069157305,0.2086137238561249,2.500854089012745
33.0,258.0,1000.5415649414062,-4.38181940135786,-3.7906243239135846,1.7098404301371588,3.179839270709362,2.472621786164865,3.002364568559604,-0.3392415611540113,1.8157744117077712,0.208622729160562,2.500842591622548
33.0,259.0,1000.5403442382812,-4.38181940135786,-3.790642601750621,1.709840431240402,3.1798392707087326,2.472621786164881,3.002364332551787,-0.339241561024456,1.8157744375232308,0.2086226647931066,2.51091762021094
33.0,259.0,1000.5403442382812,-4.38181940135786,-3.790642601750621,1.709840431240402,3.179839270708745,2.472621786164881,3.002364332551787,-0.339241561024456,1.8157744375232308,0.2086226647931066,2.51091762021094
33.0,259.0,1000.5403442382812,-4.38181940135786,-3.7906352981805824,1.709840431240402,3.1798392707087326,2.472621786164881,3.0023643416729886,-0.339241561024456,1.8157744729238408,0.2086219668178157,2.51091762021094
33.0,259.0,1000.5405883789062,-4.38181940135786,-3.790642601750621,1.709840431240402,3.1798392707087544,2.472621786164881,3.002330374643449,-0.339241561024456,1.815774440598947,0.20861372413189,2.5112362335518665
33.0,259.0,1000.5405883789062,-4.38181940135786,-3.790642601750621,1.709840431240402,3.179839270708755,2.472621786164881,3.002330374643449,-0.3392415623117806,1.8157744406464889,0.2086137238500263,2.5112362335518665
33.0,259.0,1000.5405883789062,-4.38181940135786,-3.790642601750621,1.709840431240402,3.179839270709368,2.472621786164881,3.002330374643449,-0.3392415622633471,1.815774507004108,0.2086137238500263,2.5112362335518665
33.0,259.0,1000.5405883789062,-4.38181940135786,-3.790642629366906,1.709840431240402,3.179839270708833,2.472621786164881,3.002330374643449,-0.3392415609864455,1.815774440598947,0.2086249637796961,2.5112362335518665
33.0,259.0,1000.5406494140624,-4.38181940135786,-3.790642889698204,1.709840431240402,3.1798392707087544,2.472621786164881,3.002367755063955,-0.339241561024456,1.815774472657846,0.20861372413189,2.5112362335518665
33.0,259.0,1000.54150390625,-4.38181940135786,-3.7906494769450094,1.709840343502784,3.179839270708746,2.472621786164881,3.002440970931065,-0.3392415610260314,1.815774472830045,0.2086233358765859,2.500885051196438
33.0,259.0,1000.5415649414062,-4.38181940135786,-3.790649286305214,1.709840431240402,3.179839270708746,2.472621786164881,3.002362856289148,-0.3392415610448833,1.8157745069157305,0.2086137238561249,2.5008540767498486
33.0,259.0,1000.5415649414062,-4.38181940135786,-3.7906356498261657,1.709840431240402,3.179839270708746,2.472621786164881,3.002362856289148,-0.3392415610388185,1.815774472830045,0.2086137238561249,2.5008540767498486
33.0,259.0,1000.5415649414062,-4.38181940135786,-3.790614675499882,1.709840430963715,3.179839270708746,2.472621786164881,3.002369326822957,-0.3392415610388185,1.815774472830045,0.2086236255098212,2.500853682625282
33.0,259.0,1000.5415649414062,-4.38181940135786,-3.7906496887600927,1.7098404301153218,3.1798392707097944,2.472621786164881,3.00236070856746,-0.3392415622631017,1.8157745069157305,0.2086142962258714,2.500844425883272
33.0,259.0,1000.5415649414062,-4.38181940135786,-3.7906243239135846,1.7098404301385886,3.1798392707093623,2.472621786164881,3.002364568559604,-0.3392415622631017,1.8157745069157305,0.208622729160562,2.500842591622548
33.0,259.0,1000.5415649414062,-4.38181940135786,-3.7906494769450094,1.709840343502784,3.179839270708746,2.472621786164881,3.002442812747887,-0.3392415610388185,1.815774472830045,0.2086137238561249,2.5008370828632565
33.0,259.0,1000.5415649414062,-4.38181940135786,-3.7906356498261657,1.709840431240402,3.179839270708741,2.472621786164881,3.002362856289148,-0.3392415622982789,1.815774472830045,0.2086137238561249,2.5008540767498486
33.0,259.0,1000.5415649414062,-4.38181940135786,-3.7906496887600927,1.7098404301304184,3.179839270708836,2.472621786164881,3.00236070856746,-0.3392415622631401,1.8157745069157305,0.2086247755614632,2.5008444353649115
33.0,259.0,1000.5415649414062,-4.38181940135786,-3.790649286305214,1.7098404293795282,3.179839270708746,2.472621786164881,3.0024176342313944,-0.3392415610448833,1.8157745069157305,0.2086137238561249,2.5008540767498486
33.0,259.0,1000.5415649414062,-4.38181940135786,-3.7906496887600927,1.7098404301153218,3.1798392707097944,2.472621786164881,3.00236070856746,-0.3392415622631017,1.8157726603393165,0.2086142962258714,2.5008455570756185
33.0,259.0,1000.5415649414062,-4.38181940135786,-3.7906243239135846,1.7098404301385886,3.1798392707093623,2.472621786164881,3.002364568559604,-0.3392415622631017,1.8157745069157305,0.208622729160562,2.500842591622548
33.0,259.0,1000.5415649414062,-4.38181940135786,-3.790642601750621,1.709840431240402,3.1798392707087544,2.472621786164881,3.002362856289148,-0.339241561024456,1.815774472830045,0.20861372413189,2.5008540767498486
33.0,259.0,1000.5415649414062,-4.38181940135786,-3.7906494769450094,1.7098404322240717,3.179839270708746,2.472621786164881,3.002442812747887,-0.3392415610566783,1.8157745069580864,0.2086137238561249,2.5008370828632565
33.0,259.0,1000.5415649414062,-4.38181940135786,-3.7906356498261657,1.709840431240402,3.179839270708741,2.472621786164881,3.002362856289148,-0.3392415622982789,1.815774472830045,0.2086137238561249,2.5008540767498486
33.0,259.0,1000.5415649414062,-4.38181940135786,-3.790649286305214,1.7098404293795282,3.179839270708765,2.472621786164881,3.0024176342313944,-0.3392415610448833,1.8157745069157305,0.2086137238561249,2.5008540767498486
33.0,259.0,1000.5415649414062,-4.38181940135786,-3.7906496887600927,1.7098404301153218,3.1798392707097944,2.472621786164881,3.00236070856746,-0.3392415622631017,1.8157745069157305,0.2086141060111329,2.500844425883272
33.0,259.0,1000.5415649414062,-4.38181940135786,-3.7906353886707898,1.709840430034972,3.179839270708741,2.472621786164881,3.002362856289148,-0.3392415622961057,1.815774472578168,0.2086137111551262,2.5008540767498486
33.0,259.0,1000.5415649414062,-4.38181940135786,-3.790649286305214,1.7098404293795282,3.179839270708765,2.472621786164881,3.0024176342313944,-0.3392415610448833,1.8157745069157305,0.2086137238561249,2.5008540767498486
33.0,259.0,1000.5415649414062,-4.38181940135786,-3.790649286305214,1.7098404293795282,3.179839270708746,2.472621786164881,3.002287178200585,-0.3392415610448833,1.8157745069157305,0.2086137238561249,2.5008443049358937
33.0,259.0,1000.5415649414062,-4.38181940135786,-3.7906356498261657,1.709840431240402,3.179839270708746,2.472621786164881,3.002362856289148,-0.3392415610388185,1.815774472830045,0.2086137238561249,2.5008540767498486
33.0,259.0,1000.5415649414062,-4.38181940135786,-3.790614675499882,1.709840430963715,3.179839270708746,2.472621786164881,3.002369326822957,-0.3392415610388185,1.815774506262032,0.2086234459627153,2.5008440410731585
33.0,259.0,1000.5415649414062,-4.38181940135786,-3.790649286305214,1.7098404293795282,3.179839270708777,2.472621786164881,3.0023018437299096,-0.3392415610303521,1.8157745069157305,0.2086137238539017,2.5008540767498486
33.0,259.0,1000.5415649414062,-4.38181940135786,-3.790649286305214,1.7098404313543931,3.179839270708746,2.472621786164881,3.002288584538175,-0.3392415610448833,1.8157745069157305,0.2086137238542491,2.5008443049358937
33.0,259.0,1000.5415649414062,-4.38181940135786,-3.790656124810459,1.709840430034972,3.179839270708741,2.472621786164881,3.002352571723953,-0.3392415622951044,1.8157743843931884,0.208622922586288,2.500855125542057
33.0,259.0,1000.5415649414062,-4.38181940135786,-3.790614675499882,1.709840430963715,3.179839270708746,2.472621786164881,3.002369326822957,-0.3392415610388185,1.8157745051971084,0.2086234428027844,2.5008433209401706
33.0,259.0,1000.5415649414062,-4.38181940135786,-3.7906496887600927,1.7098404301153218,3.1798392707097944,2.472621786164881,3.00236070856746,-0.3392415622631017,1.815774521419732,0.2086142962258714,2.5008443394490683
33.0,259.0,1000.5415649414062,-4.38181940135786,-3.7906353886707898,1.709840431240119,3.179839270708741,2.472621786164881,3.002362856289148,-0.3392415623491999,1.815774472578168,0.2086137117550488,2.5008540767498486
33.0,259.0,1000.5415649414062,-4.38181940135786,-3.7906496887600927,1.70984043149926,3.1798392707087326,2.472621786164881,3.002360491235255,-0.3392415622395027,1.8157745069157305,0.2086141060111329,2.500844425883272
33.0,259.0,1000.5415649414062,-4.38181940135786,-3.7906496887600927,1.7098404301153218,3.1798392707097944,2.472621786164881,3.002414352670052,-0.3392415622622609,1.8157745069157305,0.2086142962258714,2.500844429004547
33.0,259.0,1000.5415649414062,-4.38181940135786,-3.7906243239135846,1.7098404301614532,3.1798392707099064,2.472621786164881,3.002364568559604,-0.3392415622631017,1.8157745069157305,0.2086228801226606,2.5008444312509988
33.0,259.0,1000.5415649414062,-4.38181940135786,-3.790635647450594,1.709840431240402,3.179839270708741,2.472621786164881,3.002362856289148,-0.3392415609593547,1.815774472830045,0.2086137238561249,2.500854064567717
33.0,259.0,1000.5415649414062,-4.38181940135786,-3.7906243239135846,1.7098404301371588,3.179839270709362,2.472621786164865,3.002364568559604,-0.3392415611540113,1.8157744117077712,0.208622729160562,2.500842591622548
33.0,259.0,1000.5415649414062,-4.38181940135786,-3.790614675499882,1.709840430963715,3.179839270708746,2.472621786164881,3.002369326822957,-0.3392415610388185,1.815774473894968,0.2086236286697522,2.5008544027582693
33.0,259.0,1000.5415649414062,-4.38181940135786,-3.7906427422416336,1.7098404300272525,3.179839270708741,2.472621786164881,3.002362856289148,-0.339241561024456,1.815774472578445,0.2086137112244402,2.5008540767498486
33.0,259.0,1000.5415649414062,-4.38181940135786,-3.7906243239135846,1.7098404301155492,3.179839270709796,2.472621786164881,3.002364568559604,-0.3392415622631017,1.8157745069157305,0.2086228801226606,2.5008444312509988
33.0,259.0,1000.5415649414062,-4.38181940135786,-3.7906494769450094,1.7098404322240717,3.179839270708746,2.472621786164881,3.002442812747887,-0.3392415610566783,1.8157745069580864,0.2086137238561249,2.5008370828632565
33.0,259.0,1000.5415649414062,-4.38181940135786,-3.7906496887600927,1.7098404301153218,3.1798392707087184,2.472621786164881,3.002352424332248,-0.339241562295879,1.8157745069157305,0.2086144228596925,2.500844332619238
33.0,259.0,1000.5415649414062,-4.38181940135786,-3.7906356498261657,1.709840431240402,3.179839270708741,2.472621786164881,3.002362856289148,-0.3392415622982789,1.815774472830045,0.2086137238561249,2.5008540767498486
33.0,259.0,1000.5415649414062,-4.38181940135786,-3.7906243239135846,1.7098404301385886,3.1798392707093623,2.472621786164881,3.002364568559604,-0.3392415622631017,1.8157745069157305,0.2086227328251911,2.500842591622548
33.0,259.0,1000.5415649414062,-4.38181940135786,-3.7906494769450094,1.7098403354844225,3.179839270708746,2.472621786164881,3.002442812747887,-0.3392415610565434,1.8157744718808573,0.2086137238561249,2.5008370828632565
33.0,259.0,1000.5415649414062,-4.38181940135786,-3.7905267354980094,1.709840430963715,3.179839270708746,2.472621786164881,3.002369053716717,-0.3392415610260104,1.815774362689791,0.2086234459627153,2.500883372829196
33.0,260.0,1000.5403442382812,-4.38181940135786,-3.790642601750621,1.709840431240402,3.1798392707087326,2.472621786164881,3.002364332551787,-0.339241561024456,1.8157744375232308,0.2086226647931066,2.51091762021094
33.0,260.0,1000.5403442382812,-4.38181940135786,-3.790642601750621,1.709840431240402,3.179839270708745,2.472621786164881,3.002364332551787,-0.339241561024456,1.8157744375232308,0.2086226647931066,2.51091762021094
33.0,260.0,1000.5403442382812,-4.38181940135786,-3.7906352981805824,1.709840431240402,3.1798392707087326,2.472621786164881,3.0023643416729886,-0.339241561024456,1.8157744729238408,0.2086219668178157,2.51091762021094
33.0,260.0,1000.5403442382812,-4.38181940135786,-3.790643090946346,1.709840431240402,3.1798392707098,2.472621786164881,3.002364727263103,-0.339241561024456,1.8157744375232308,0.2086226647931066,2.510891970402988
33.0,260.0,1000.5403442382812,-4.38181940135786,-3.790616539156032,1.7098404312514268,3.179839270708746,2.472621786164881,3.0023643989218054,-0.3392415610388185,1.8157744728258824,0.2086220129518168,2.5108616034193525
33.0,260.0,1000.5405883789062,-4.38181940135786,-3.790642601750621,1.709840431240402,3.1798392707087544,2.472621786164881,3.002330374643449,-0.339241561024456,1.815774440598947,0.20861372413189,2.5112362335518665
33.0,260.0,1000.5405883789062,-4.38181940135786,-3.790642601750621,1.709840431240402,3.179839270708755,2.472621786164881,3.002330374643449,-0.3392415623117806,1.8157744406464889,0.2086137238500263,2.5112362335518665
33.0,260.0,1000.5405883789062,-4.38181940135786,-3.790642601750621,1.709840431240402,3.179839270709368,2.472621786164881,3.002330374643449,-0.3392415622633471,1.815774507004108,0.2086137238500263,2.5112362335518665
33.0,260.0,1000.5405883789062,-4.38181940135786,-3.790642629366906,1.709840431240402,3.179839270708833,2.472621786164881,3.002330374643449,-0.3392415609864455,1.815774440598947,0.2086249637796961,2.5112362335518665
33.0,260.0,1000.5405883789062,-4.38181940135786,-3.7906492367292186,1.709840431240402,3.179839270708755,2.472621786164881,3.002330374643449,-0.3392415623117806,1.8157744406464889,0.2086137238500263,2.5112362335518665
33.0,260.0,1000.5405883789062,-4.38181940135786,-3.790642629366906,1.709840431240402,3.179839270708816,2.472621786164881,3.002330374643449,-0.3392415622564392,1.8157744371215752,0.2086145792226635,2.5112362335518665
33.0,260.0,1000.5406494140624,-4.38181940135786,-3.790642889698204,1.709840431240402,3.1798392707087544,2.472621786164881,3.002367755063955,-0.339241561024456,1.815774472657846,0.20861372413189,2.5112362335518665
33.0,260.0,1000.5406494140624,-4.38181940135786,-3.790642889698204,1.709840431240402,3.1798392707087326,2.472621786164881,3.0023641354428072,-0.339241561024456,1.8157744369696915,0.20861372413189,2.5112450938874424
33.0,260.0,1000.5406494140624,-4.38181940135786,-3.790642601750621,1.709840431240402,3.1798392707087544,2.472621786164881,3.0023644895683987,-0.3392415610248209,1.815774441018322,0.208622972891686,2.5112362335518665
33.0,260.0,1000.5409545898438,-4.38181940135786,-3.790656124810459,1.709840431262337,3.179839270708741,2.472621786164881,3.002366760807342,-0.3392415622951044,1.8157744747383509,0.208622922586288,2.511435971467812
33.0,260.0,1000.54150390625,-4.38181940135786,-3.7906494769450094,1.709840343502784,3.179839270708746,2.472621786164881,3.002440970931065,-0.3392415610260314,1.815774472830045,0.2086233358765859,2.500885051196438
33.0,260.0,1000.54150390625,-4.38181940135786,-3.790642601750621,1.709840431176391,3.179839270709368,2.472621786164881,3.002331298790535,-0.3392415622633461,1.815774507004108,0.2086137238500263,2.5009768771711425
33.0,260.0,1000.54150390625,-4.38181940135786,-3.7906494769450094,1.709840343502784,3.179839270708746,2.472621786164881,3.002440970931065,-0.3392415610260314,1.815774472830045,0.2086233358765859,2.500885051196438
33.0,260.0,1000.5415649414062,-4.38181940135786,-3.790649286305214,1.709840431240402,3.179839270708746,2.472621786164881,3.002362856289148,-0.3392415610448833,1.8157745069157305,0.2086137238561249,2.5008540767498486
33.0,260.0,1000.5415649414062,-4.38181940135786,-3.7906356498261657,1.709840431240402,3.179839270708746,2.472621786164881,3.002362856289148,-0.3392415610388185,1.815774472830045,0.2086137238561249,2.5008540767498486
33.0,260.0,1000.5415649414062,-4.38181940135786,-3.790614675499882,1.709840430963715,3.179839270708746,2.472621786164881,3.002369326822957,-0.3392415610388185,1.815774472830045,0.2086236255098212,2.500853682625282
33.0,260.0,1000.5415649414062,-4.38181940135786,-3.7906496887600927,1.7098404301153218,3.1798392707097944,2.472621786164881,3.00236070856746,-0.3392415622631017,1.8157745069157305,0.2086142962258714,2.500844425883272
33.0,260.0,1000.5415649414062,-4.38181940135786,-3.7906243239135846,1.7098404301385886,3.1798392707093623,2.472621786164881,3.002364568559604,-0.3392415622631017,1.8157745069157305,0.208622729160562,2.500842591622548
33.0,260.0,1000.5415649414062,-4.38181940135786,-3.7906494769450094,1.709840343502784,3.179839270708746,2.472621786164881,3.002442812747887,-0.3392415610388185,1.815774472830045,0.2086137238561249,2.5008370828632565
33.0,260.0,1000.5415649414062,-4.38181940135786,-3.7906356498261657,1.709840431240402,3.179839270708741,2.472621786164881,3.002362856289148,-0.3392415622982789,1.815774472830045,0.2086137238561249,2.5008540767498486
33.0,260.0,1000.5415649414062,-4.38181940135786,-3.7906496887600927,1.7098404301304184,3.179839270708836,2.472621786164881,3.00236070856746,-0.3392415622631401,1.8157745069157305,0.2086247755614632,2.5008444353649115
33.0,260.0,1000.5415649414062,-4.38181940135786,-3.790649286305214,1.7098404293795282,3.179839270708746,2.472621786164881,3.0024176342313944,-0.3392415610448833,1.8157745069157305,0.2086137238561249,2.5008540767498486
33.0,260.0,1000.5415649414062,-4.38181940135786,-3.7906496887600927,1.7098404301153218,3.1798392707097944,2.472621786164881,3.00236070856746,-0.3392415622631017,1.8157726603393165,0.2086142962258714,2.5008455570756185
33.0,260.0,1000.5415649414062,-4.38181940135786,-3.7906243239135846,1.7098404301385886,3.1798392707093623,2.472621786164881,3.002364568559604,-0.3392415622631017,1.8157745069157305,0.208622729160562,2.500842591622548
33.0,260.0,1000.5415649414062,-4.38181940135786,-3.790642601750621,1.709840431240402,3.1798392707087544,2.472621786164881,3.002362856289148,-0.339241561024456,1.815774472830045,0.20861372413189,2.5008540767498486
33.0,260.0,1000.5415649414062,-4.38181940135786,-3.7906494769450094,1.7098404322240717,3.179839270708746,2.472621786164881,3.002442812747887,-0.3392415610566783,1.8157745069580864,0.2086137238561249,2.5008370828632565
33.0,260.0,1000.5415649414062,-4.38181940135786,-3.7906356498261657,1.709840431240402,3.179839270708741,2.472621786164881,3.002362856289148,-0.3392415622982789,1.815774472830045,0.2086137238561249,2.5008540767498486
33.0,260.0,1000.5415649414062,-4.38181940135786,-3.790649286305214,1.7098404293795282,3.179839270708765,2.472621786164881,3.0024176342313944,-0.3392415610448833,1.8157745069157305,0.2086137238561249,2.5008540767498486
33.0,260.0,1000.5415649414062,-4.38181940135786,-3.7906496887600927,1.7098404301153218,3.1798392707097944,2.472621786164881,3.00236070856746,-0.3392415622631017,1.8157745069157305,0.2086141060111329,2.500844425883272
33.0,260.0,1000.5415649414062,-4.38181940135786,-3.7906353886707898,1.709840430034972,3.179839270708741,2.472621786164881,3.002362856289148,-0.3392415622961057,1.815774472578168,0.2086137111551262,2.5008540767498486
33.0,260.0,1000.5415649414062,-4.38181940135786,-3.790649286305214,1.7098404293795282,3.179839270708765,2.472621786164881,3.0024176342313944,-0.3392415610448833,1.8157745069157305,0.2086137238561249,2.5008540767498486
33.0,260.0,1000.5415649414062,-4.38181940135786,-3.790649286305214,1.7098404293795282,3.179839270708746,2.472621786164881,3.002287178200585,-0.3392415610448833,1.8157745069157305,0.2086137238561249,2.5008443049358937
33.0,260.0,1000.5415649414062,-4.38181940135786,-3.7906356498261657,1.709840431240402,3.179839270708746,2.472621786164881,3.002362856289148,-0.3392415610388185,1.815774472830045,0.2086137238561249,2.5008540767498486
33.0,260.0,1000.5415649414062,-4.38181940135786,-3.790614675499882,1.709840430963715,3.179839270708746,2.472621786164881,3.002369326822957,-0.3392415610388185,1.815774506262032,0.2086234459627153,2.5008440410731585
33.0,260.0,1000.5415649414062,-4.38181940135786,-3.790649286305214,1.7098404293795282,3.179839270708777,2.472621786164881,3.0023018437299096,-0.3392415610303521,1.8157745069157305,0.2086137238539017,2.5008540767498486
33.0,260.0,1000.5415649414062,-4.38181940135786,-3.790649286305214,1.7098404313543931,3.179839270708746,2.472621786164881,3.002288584538175,-0.3392415610448833,1.8157745069157305,0.2086137238542491,2.5008443049358937
33.0,260.0,1000.5415649414062,-4.38181940135786,-3.790656124810459,1.709840430034972,3.179839270708741,2.472621786164881,3.002352571723953,-0.3392415622951044,1.8157743843931884,0.208622922586288,2.500855125542057
33.0,260.0,1000.5415649414062,-4.38181940135786,-3.790614675499882,1.709840430963715,3.179839270708746,2.472621786164881,3.002369326822957,-0.3392415610388185,1.8157745051971084,0.2086234428027844,2.5008433209401706
33.0,260.0,1000.5415649414062,-4.38181940135786,-3.7906496887600927,1.7098404301153218,3.1798392707097944,2.472621786164881,3.00236070856746,-0.3392415622631017,1.815774521419732,0.2086142962258714,2.5008443394490683
33.0,260.0,1000.5415649414062,-4.38181940135786,-3.7906353886707898,1.709840431240119,3.179839270708741,2.472621786164881,3.002362856289148,-0.3392415623491999,1.815774472578168,0.2086137117550488,2.5008540767498486
33.0,260.0,1000.5415649414062,-4.38181940135786,-3.7906496887600927,1.70984043149926,3.1798392707087326,2.472621786164881,3.002360491235255,-0.3392415622395027,1.8157745069157305,0.2086141060111329,2.500844425883272
33.0,260.0,1000.5415649414062,-4.38181940135786,-3.7906496887600927,1.7098404301153218,3.1798392707097944,2.472621786164881,3.002414352670052,-0.3392415622622609,1.8157745069157305,0.2086142962258714,2.500844429004547
33.0,260.0,1000.5415649414062,-4.38181940135786,-3.7906243239135846,1.7098404301614532,3.1798392707099064,2.472621786164881,3.002364568559604,-0.3392415622631017,1.8157745069157305,0.2086228801226606,2.5008444312509988
33.0,260.0,1000.5415649414062,-4.38181940135786,-3.790635647450594,1.709840431240402,3.179839270708741,2.472621786164881,3.002362856289148,-0.3392415609593547,1.815774472830045,0.2086137238561249,2.500854064567717
33.0,260.0,1000.5415649414062,-4.38181940135786,-3.7906243239135846,1.7098404301371588,3.179839270709362,2.472621786164865,3.002364568559604,-0.3392415611540113,1.8157744117077712,0.208622729160562,2.500842591622548
33.0,261.0,1000.5403442382812,-4.38181940135786,-3.790642601750621,1.709840431240402,3.1798392707087326,2.472621786164881,3.002364332551787,-0.339241561024456,1.8157744375232308,0.2086226647931066,2.51091762021094
33.0,261.0,1000.5403442382812,-4.38181940135786,-3.790642601750621,1.709840431240402,3.179839270708745,2.472621786164881,3.002364332551787,-0.339241561024456,1.8157744375232308,0.2086226647931066,2.51091762021094
33.0,261.0,1000.5403442382812,-4.38181940135786,-3.7906352981805824,1.709840431240402,3.1798392707087326,2.472621786164881,3.0023643416729886,-0.339241561024456,1.8157744729238408,0.2086219668178157,2.51091762021094
33.0,261.0,1000.5403442382812,-4.38181940135786,-3.790643090946346,1.709840431240402,3.1798392707098,2.472621786164881,3.002364727263103,-0.339241561024456,1.8157744375232308,0.2086226647931066,2.510891970402988
33.0,261.0,1000.5403442382812,-4.38181940135786,-3.790616539156032,1.7098404312514268,3.179839270708746,2.472621786164881,3.0023643989218054,-0.3392415610388185,1.8157744728258824,0.2086220129518168,2.5108616034193525
33.0,261.0,1000.5403442382812,-4.38181940135786,-3.790643090946346,1.709840431240402,3.179839270708698,2.472621786164881,3.002364727263103,-0.339241561024456,1.8157744375232308,0.2086140785998265,2.510894826613249
33.0,261.0,1000.5403442382812,-4.38181940135786,-3.790642601750621,1.709840431240402,3.179839270708745,2.472621786164881,3.002364332551787,-0.339241561024456,1.8157744375232308,0.2086226647931066,2.51091762021094
33.0,261.0,1000.54052734375,-4.38181940135786,-3.7906496887600927,1.7098404301153218,3.179839270709879,2.472621786164881,3.00236070856746,-0.3392415622313819,1.8157745069157305,0.208621994563489,2.510545850502949
33.0,261.0,1000.5405883789062,-4.38181940135786,-3.790642601750621,1.709840431240402,3.1798392707087544,2.472621786164881,3.002330374643449,-0.339241561024456,1.815774440598947,0.20861372413189,2.5112362335518665
33.0,261.0,1000.5405883789062,-4.38181940135786,-3.790642601750621,1.709840431240402,3.179839270708755,2.472621786164881,3.002330374643449,-0.3392415623117806,1.8157744406464889,0.2086137238500263,2.5112362335518665
33.0,261.0,1000.5405883789062,-4.38181940135786,-3.790642601750621,1.709840431240402,3.179839270709368,2.472621786164881,3.002330374643449,-0.3392415622633471,1.815774507004108,0.2086137238500263,2.5112362335518665
33.0,261.0,1000.5405883789062,-4.38181940135786,-3.790642629366906,1.709840431240402,3.179839270708833,2.472621786164881,3.002330374643449,-0.3392415609864455,1.815774440598947,0.2086249637796961,2.5112362335518665
33.0,261.0,1000.5405883789062,-4.38181940135786,-3.7906492367292186,1.709840431240402,3.179839270708755,2.472621786164881,3.002330374643449,-0.3392415623117806,1.8157744406464889,0.2086137238500263,2.5112362335518665
33.0,261.0,1000.5405883789062,-4.38181940135786,-3.790642629366906,1.709840431240402,3.179839270708816,2.472621786164881,3.002330374643449,-0.3392415622564392,1.8157744371215752,0.2086145792226635,2.5112362335518665
33.0,261.0,1000.5405883789062,-4.38181940135786,-3.790642629366906,1.709840431240402,3.179839270708816,2.472621786164881,3.002330374643449,-0.3392415622564392,1.8157744371215752,0.2086145792226635,2.5112362335518665
33.0,261.0,1000.5405883789062,-4.38181940135786,-3.790649692501078,1.709840431240402,3.179839270708755,2.472621786164881,3.002330374643449,-0.3392415623117806,1.815774506954668,0.2086137094188887,2.5112362335518665
33.0,261.0,1000.5406494140624,-4.38181940135786,-3.790642889698204,1.709840431240402,3.1798392707087544,2.472621786164881,3.002367755063955,-0.339241561024456,1.815774472657846,0.20861372413189,2.5112362335518665
33.0,261.0,1000.5406494140624,-4.38181940135786,-3.790642889698204,1.709840431240402,3.1798392707087326,2.472621786164881,3.0023641354428072,-0.339241561024456,1.8157744369696915,0.20861372413189,2.5112450938874424
33.0,261.0,1000.5406494140624,-4.38181940135786,-3.790642601750621,1.709840431240402,3.1798392707087544,2.472621786164881,3.0023644895683987,-0.3392415610248209,1.815774441018322,0.208622972891686,2.5112362335518665
33.0,261.0,1000.5406494140624,-4.38181940135786,-3.790642889698204,1.709840431240402,3.179839270709834,2.472621786164881,3.0023641354428072,-0.339241561024456,1.8157744369696915,0.2086223103251701,2.5112422376771817
33.0,261.0,1000.5406494140624,-4.38181940135786,-3.790616539156032,1.7098404312514268,3.1798392707093805,2.472621786164881,3.0023643989218054,-0.3392415610388185,1.8157744728258824,0.2086224001822702,2.511235316474793
33.0,261.0,1000.5407104492188,-4.38181940135786,-3.790642601750621,1.7097275848249731,3.179839270709368,2.472621786164881,3.002330374643449,-0.3392415622633471,1.815774507004108,0.2086137238500263,2.5112362335518665
33.0,261.0,1000.5409545898438,-4.38181940135786,-3.790656124810459,1.709840431262337,3.179839270708741,2.472621786164881,3.002366760807342,-0.3392415622951044,1.8157744747383509,0.208622922586288,2.511435971467812
33.0,261.0,1000.54150390625,-4.38181940135786,-3.7906494769450094,1.709840343502784,3.179839270708746,2.472621786164881,3.002440970931065,-0.3392415610260314,1.815774472830045,0.2086233358765859,2.500885051196438
33.0,261.0,1000.54150390625,-4.38181940135786,-3.790642601750621,1.709840431176391,3.179839270709368,2.472621786164881,3.002331298790535,-0.3392415622633461,1.815774507004108,0.2086137238500263,2.5009768771711425
33.0,261.0,1000.54150390625,-4.38181940135786,-3.7906494769450094,1.709840343502784,3.179839270708746,2.472621786164881,3.002440970931065,-0.3392415610260314,1.815774472830045,0.2086233358765859,2.500885051196438
33.0,261.0,1000.54150390625,-4.38181940135786,-3.790649283422028,1.709840343502784,3.179839270708746,2.472621786164881,3.002440970931065,-0.3392415610260314,1.815774472830045,0.2086233358765859,2.500890325825708
33.0,261.0,1000.5415649414062,-4.38181940135786,-3.790649286305214,1.709840431240402,3.179839270708746,2.472621786164881,3.002362856289148,-0.3392415610448833,1.8157745069157305,0.2086137238561249,2.5008540767498486
33.0,261.0,1000.5415649414062,-4.38181940135786,-3.7906356498261657,1.709840431240402,3.179839270708746,2.472621786164881,3.002362856289148,-0.3392415610388185,1.815774472830045,0.2086137238561249,2.5008540767498486
33.0,261.0,1000.5415649414062,-4.38181940135786,-3.790614675499882,1.709840430963715,3.179839270708746,2.472621786164881,3.002369326822957,-0.3392415610388185,1.815774472830045,0.2086236255098212,2.500853682625282
33.0,261.0,1000.5415649414062,-4.38181940135786,-3.7906496887600927,1.7098404301153218,3.1798392707097944,2.472621786164881,3.00236070856746,-0.3392415622631017,1.8157745069157305,0.2086142962258714,2.500844425883272
33.0,261.0,1000.5415649414062,-4.38181940135786,-3.7906243239135846,1.7098404301385886,3.1798392707093623,2.472621786164881,3.002364568559604,-0.3392415622631017,1.8157745069157305,0.208622729160562,2.500842591622548
33.0,261.0,1000.5415649414062,-4.38181940135786,-3.7906494769450094,1.709840343502784,3.179839270708746,2.472621786164881,3.002442812747887,-0.3392415610388185,1.815774472830045,0.2086137238561249,2.5008370828632565
33.0,261.0,1000.5415649414062,-4.38181940135786,-3.7906356498261657,1.709840431240402,3.179839270708741,2.472621786164881,3.002362856289148,-0.3392415622982789,1.815774472830045,0.2086137238561249,2.5008540767498486
33.0,261.0,1000.5415649414062,-4.38181940135786,-3.7906496887600927,1.7098404301304184,3.179839270708836,2.472621786164881,3.00236070856746,-0.3392415622631401,1.8157745069157305,0.2086247755614632,2.5008444353649115
33.0,261.0,1000.5415649414062,-4.38181940135786,-3.790649286305214,1.7098404293795282,3.179839270708746,2.472621786164881,3.0024176342313944,-0.3392415610448833,1.8157745069157305,0.2086137238561249,2.5008540767498486
33.0,261.0,1000.5415649414062,-4.38181940135786,-3.7906496887600927,1.7098404301153218,3.1798392707097944,2.472621786164881,3.00236070856746,-0.3392415622631017,1.8157726603393165,0.2086142962258714,2.5008455570756185
33.0,261.0,1000.5415649414062,-4.38181940135786,-3.7906243239135846,1.7098404301385886,3.1798392707093623,2.472621786164881,3.002364568559604,-0.3392415622631017,1.8157745069157305,0.208622729160562,2.500842591622548
33.0,261.0,1000.5415649414062,-4.38181940135786,-3.790642601750621,1.709840431240402,3.1798392707087544,2.472621786164881,3.002362856289148,-0.339241561024456,1.815774472830045,0.20861372413189,2.5008540767498486
33.0,261.0,1000.5415649414062,-4.38181940135786,-3.7906494769450094,1.7098404322240717,3.179839270708746,2.472621786164881,3.002442812747887,-0.3392415610566783,1.8157745069580864,0.2086137238561249,2.5008370828632565
33.0,261.0,1000.5415649414062,-4.38181940135786,-3.7906356498261657,1.709840431240402,3.179839270708741,2.472621786164881,3.002362856289148,-0.3392415622982789,1.815774472830045,0.2086137238561249,2.5008540767498486
33.0,261.0,1000.5415649414062,-4.38181940135786,-3.790649286305214,1.7098404293795282,3.179839270708765,2.472621786164881,3.0024176342313944,-0.3392415610448833,1.8157745069157305,0.2086137238561249,2.5008540767498486
33.0,261.0,1000.5415649414062,-4.38181940135786,-3.7906496887600927,1.7098404301153218,3.1798392707097944,2.472621786164881,3.00236070856746,-0.3392415622631017,1.8157745069157305,0.2086141060111329,2.500844425883272
33.0,261.0,1000.5415649414062,-4.38181940135786,-3.7906353886707898,1.709840430034972,3.179839270708741,2.472621786164881,3.002362856289148,-0.3392415622961057,1.815774472578168,0.2086137111551262,2.5008540767498486
33.0,261.0,1000.5415649414062,-4.38181940135786,-3.790649286305214,1.7098404293795282,3.179839270708765,2.472621786164881,3.0024176342313944,-0.3392415610448833,1.8157745069157305,0.2086137238561249,2.5008540767498486
33.0,261.0,1000.5415649414062,-4.38181940135786,-3.790649286305214,1.7098404293795282,3.179839270708746,2.472621786164881,3.002287178200585,-0.3392415610448833,1.8157745069157305,0.2086137238561249,2.5008443049358937
33.0,261.0,1000.5415649414062,-4.38181940135786,-3.7906356498261657,1.709840431240402,3.179839270708746,2.472621786164881,3.002362856289148,-0.3392415610388185,1.815774472830045,0.2086137238561249,2.5008540767498486
33.0,261.0,1000.5415649414062,-4.38181940135786,-3.790614675499882,1.709840430963715,3.179839270708746,2.472621786164881,3.002369326822957,-0.3392415610388185,1.815774506262032,0.2086234459627153,2.5008440410731585
33.0,261.0,1000.5415649414062,-4.38181940135786,-3.790649286305214,1.7098404293795282,3.179839270708777,2.472621786164881,3.0023018437299096,-0.3392415610303521,1.8157745069157305,0.2086137238539017,2.5008540767498486
33.0,261.0,1000.5415649414062,-4.38181940135786,-3.790649286305214,1.7098404313543931,3.179839270708746,2.472621786164881,3.002288584538175,-0.3392415610448833,1.8157745069157305,0.2086137238542491,2.5008443049358937
33.0,262.0,1000.5403442382812,-4.38181940135786,-3.790642601750621,1.709840431240402,3.1798392707087326,2.472621786164881,3.002364332551787,-0.339241561024456,1.8157744375232308,0.2086226647931066,2.51091762021094
33.0,262.0,1000.5403442382812,-4.38181940135786,-3.790642601750621,1.709840431240402,3.179839270708745,2.472621786164881,3.002364332551787,-0.339241561024456,1.8157744375232308,0.2086226647931066,2.51091762021094
33.0,262.0,1000.5403442382812,-4.38181940135786,-3.7906352981805824,1.709840431240402,3.1798392707087326,2.472621786164881,3.0023643416729886,-0.339241561024456,1.8157744729238408,0.2086219668178157,2.51091762021094
33.0,262.0,1000.5403442382812,-4.38181940135786,-3.790643090946346,1.709840431240402,3.1798392707098,2.472621786164881,3.002364727263103,-0.339241561024456,1.8157744375232308,0.2086226647931066,2.510891970402988
33.0,262.0,1000.5403442382812,-4.38181940135786,-3.790616539156032,1.7098404312514268,3.179839270708746,2.472621786164881,3.0023643989218054,-0.3392415610388185,1.8157744728258824,0.2086220129518168,2.5108616034193525
33.0,262.0,1000.5403442382812,-4.38181940135786,-3.790643090946346,1.709840431240402,3.179839270708698,2.472621786164881,3.002364727263103,-0.339241561024456,1.8157744375232308,0.2086140785998265,2.510894826613249
33.0,262.0,1000.5403442382812,-4.38181940135786,-3.790642601750621,1.709840431240402,3.179839270708745,2.472621786164881,3.002364332551787,-0.339241561024456,1.8157744375232308,0.2086226647931066,2.51091762021094
33.0,262.0,1000.5403442382812,-4.38181940135786,-3.790643089082448,1.709840431240402,3.179839270708822,2.472621786164881,3.002330374643449,-0.3392415622739212,1.8157744371146456,0.2086145792226635,2.510890782227812
33.0,262.0,1000.5403442382812,-4.38181940135786,-3.790643090946346,1.709840431240402,3.179839270708698,2.472621786164881,3.002364727263103,-0.339241561024456,1.8157744375232308,0.2086140785998265,2.510894826613249
33.0,262.0,1000.5403442382812,-4.38181940135786,-3.790643090946346,1.709840431240402,3.179839270708698,2.472621786164881,3.0023647291935176,-0.339241561024456,1.8157744732789265,0.2086141831401635,2.510894826613249
33.0,262.0,1000.54052734375,-4.38181940135786,-3.7906496887600927,1.7098404301153218,3.179839270709879,2.472621786164881,3.00236070856746,-0.3392415622313819,1.8157745069157305,0.208621994563489,2.510545850502949
33.0,262.0,1000.5405883789062,-4.38181940135786,-3.790642601750621,1.709840431240402,3.1798392707087544,2.472621786164881,3.002330374643449,-0.339241561024456,1.815774440598947,0.20861372413189,2.5112362335518665
33.0,262.0,1000.5405883789062,-4.38181940135786,-3.790642601750621,1.709840431240402,3.179839270708755,2.472621786164881,3.002330374643449,-0.3392415623117806,1.8157744406464889,0.2086137238500263,2.5112362335518665
33.0,262.0,1000.5405883789062,-4.38181940135786,-3.790642601750621,1.709840431240402,3.179839270709368,2.472621786164881,3.002330374643449,-0.3392415622633471,1.815774507004108,0.2086137238500263,2.5112362335518665
33.0,262.0,1000.5405883789062,-4.38181940135786,-3.790642629366906,1.709840431240402,3.179839270708833,2.472621786164881,3.002330374643449,-0.3392415609864455,1.815774440598947,0.2086249637796961,2.5112362335518665
33.0,262.0,1000.5405883789062,-4.38181940135786,-3.7906492367292186,1.709840431240402,3.179839270708755,2.472621786164881,3.002330374643449,-0.3392415623117806,1.8157744406464889,0.2086137238500263,2.5112362335518665
33.0,262.0,1000.5405883789062,-4.38181940135786,-3.790642629366906,1.709840431240402,3.179839270708816,2.472621786164881,3.002330374643449,-0.3392415622564392,1.8157744371215752,0.2086145792226635,2.5112362335518665
33.0,262.0,1000.5405883789062,-4.38181940135786,-3.790642629366906,1.709840431240402,3.179839270708816,2.472621786164881,3.002330374643449,-0.3392415622564392,1.8157744371215752,0.2086145792226635,2.5112362335518665
33.0,262.0,1000.5405883789062,-4.38181940135786,-3.790649692501078,1.709840431240402,3.179839270708755,2.472621786164881,3.002330374643449,-0.3392415623117806,1.815774506954668,0.2086137094188887,2.5112362335518665
33.0,262.0,1000.5405883789062,-4.38181940135786,-3.79064965037478,1.7098404311701447,3.179839270708755,2.472621786164881,3.0023303690597065,-0.339241562263816,1.815774506954668,0.2086137234032797,2.5112362335518665
33.0,262.0,1000.5405883789062,-4.38181940135786,-3.790642629366906,1.709840431240402,3.179839270708816,2.472621786164881,3.002330374643449,-0.3392415622564392,1.8157744371215752,0.2086145792226635,2.5112362335518665
33.0,262.0,1000.5405883789062,-4.38181940135786,-3.7906492367292186,1.709840431240402,3.179839270708755,2.472621786164881,3.002330374643449,-0.3392415623117806,1.8157744406464889,0.2086137238500263,2.5112362335518665
33.0,262.0,1000.5405883789062,-4.38181940135786,-3.79064262956526,1.709840431240402,3.179839270709379,2.472621786164881,3.002330374643449,-0.3392415622563157,1.815774442042078,0.2086145792226635,2.5112362335518665
33.0,262.0,1000.5406494140624,-4.38181940135786,-3.790642889698204,1.709840431240402,3.1798392707087544,2.472621786164881,3.002367755063955,-0.339241561024456,1.815774472657846,0.20861372413189,2.5112362335518665
33.0,262.0,1000.5406494140624,-4.38181940135786,-3.790642889698204,1.709840431240402,3.1798392707087326,2.472621786164881,3.0023641354428072,-0.339241561024456,1.8157744369696915,0.20861372413189,2.5112450938874424
33.0,262.0,1000.5406494140624,-4.38181940135786,-3.790642601750621,1.709840431240402,3.1798392707087544,2.472621786164881,3.0023644895683987,-0.3392415610248209,1.815774441018322,0.208622972891686,2.5112362335518665
33.0,262.0,1000.5406494140624,-4.38181940135786,-3.790642889698204,1.709840431240402,3.179839270709834,2.472621786164881,3.0023641354428072,-0.339241561024456,1.8157744369696915,0.2086223103251701,2.5112422376771817
33.0,262.0,1000.5406494140624,-4.38181940135786,-3.790616539156032,1.7098404312514268,3.1798392707093805,2.472621786164881,3.0023643989218054,-0.3392415610388185,1.8157744728258824,0.2086224001822702,2.511235316474793
33.0,262.0,1000.5406494140624,-4.38181940135786,-3.790642889698204,1.709840431240402,3.179839270709861,2.472621786164881,3.002367755063955,-0.339241561024456,1.81577447286394,0.2086216450831654,2.511236345138891
33.0,262.0,1000.5406494140624,-4.38181940135786,-3.790642889698204,1.709840431240402,3.1798392707087544,2.472621786164881,3.0023644731953705,-0.339241561024456,1.8157744386687755,0.2086226646415376,2.5112362335518665
33.0,262.0,1000.5406494140624,-4.38181940135786,-3.790616539156032,1.7098404312512672,3.1798392707093805,2.472621786164881,3.0023641309169875,-0.3392415610244805,1.8157744728258824,0.2086223976325494,2.511235316474793
33.0,262.0,1000.5406494140624,-4.38181940135786,-3.790642631230805,1.709840431240402,3.1798392707097936,2.472621786164881,3.002364727263103,-0.3392415610069739,1.81577443753016,0.2086226647931066,2.511237421727043
33.0,262.0,1000.5406494140624,-4.38181940135786,-3.790616539156032,1.7098404312516071,3.1798392707093805,2.472621786164881,3.0023644918955235,-0.3392415610388185,1.815774472364474,0.208623029331424,2.511235316474793
33.0,262.0,1000.5406494140624,-4.38181940135786,-3.790642889698204,1.7098404312405615,3.179839270709834,2.472621786164881,3.0023644034476256,-0.339241561038794,1.8157744369696915,0.2086223128748909,2.5112422376771817
33.0,262.0,1000.5407104492188,-4.38181940135786,-3.790642601750621,1.7097275848249731,3.179839270709368,2.472621786164881,3.002330374643449,-0.3392415622633471,1.815774507004108,0.2086137238500263,2.5112362335518665
33.0,262.0,1000.5407104492188,-4.38181940135786,-3.790642601750621,1.7097275848249731,3.179839270709368,2.472621786164881,3.002330374643449,-0.3392415622633471,1.815774507004108,0.2086137238500263,2.5112362335518665
33.0,262.0,1000.5409545898438,-4.38181940135786,-3.790656124810459,1.709840431262337,3.179839270708741,2.472621786164881,3.002366760807342,-0.3392415622951044,1.8157744747383509,0.208622922586288,2.511435971467812
33.0,262.0,1000.54150390625,-4.38181940135786,-3.7906494769450094,1.709840343502784,3.179839270708746,2.472621786164881,3.002440970931065,-0.3392415610260314,1.815774472830045,0.2086233358765859,2.500885051196438
33.0,262.0,1000.54150390625,-4.38181940135786,-3.790642601750621,1.709840431176391,3.179839270709368,2.472621786164881,3.002331298790535,-0.3392415622633461,1.815774507004108,0.2086137238500263,2.5009768771711425
33.0,262.0,1000.54150390625,-4.38181940135786,-3.7906494769450094,1.709840343502784,3.179839270708746,2.472621786164881,3.002440970931065,-0.3392415610260314,1.815774472830045,0.2086233358765859,2.500885051196438
33.0,262.0,1000.54150390625,-4.38181940135786,-3.790649283422028,1.709840343502784,3.179839270708746,2.472621786164881,3.002440970931065,-0.3392415610260314,1.815774472830045,0.2086233358765859,2.500890325825708
33.0,262.0,1000.54150390625,-4.38181940135786,-3.790649283422028,1.709840343502784,3.17983927070875,2.472621786164881,3.002440970931065,-0.339241561026137,1.8157744388778327,0.2086233626037585,2.5011513377338974
33.0,262.0,1000.54150390625,-4.38181940135786,-3.79065566929744,1.7098404311749786,3.179839270708741,2.472621786164881,3.002366760807342,-0.3392415622960579,1.8157744702575995,0.20861367803238,2.501203298934431
33.0,262.0,1000.54150390625,-4.38181940135786,-3.790649283422028,1.709840343502784,3.179839270708746,2.472621786164881,3.002440970931065,-0.3392415610244667,1.8157744738796744,0.2086233358765859,2.500890325825708
33.0,262.0,1000.54150390625,-4.38181940135786,-3.79064264387692,1.7098404312466484,3.179839270709368,2.472621786164881,3.002331304374277,-0.3392415623113107,1.815774507004108,0.2086137098656352,2.5009768771711425
33.0,262.0,1000.5415649414062,-4.38181940135786,-3.790649286305214,1.709840431240402,3.179839270708746,2.472621786164881,3.002362856289148,-0.3392415610448833,1.8157745069157305,0.2086137238561249,2.5008540767498486
33.0,262.0,1000.5415649414062,-4.38181940135786,-3.7906356498261657,1.709840431240402,3.179839270708746,2.472621786164881,3.002362856289148,-0.3392415610388185,1.815774472830045,0.2086137238561249,2.5008540767498486
33.0,262.0,1000.5415649414062,-4.38181940135786,-3.790614675499882,1.709840430963715,3.179839270708746,2.472621786164881,3.002369326822957,-0.3392415610388185,1.815774472830045,0.2086236255098212,2.500853682625282
33.0,262.0,1000.5415649414062,-4.38181940135786,-3.7906496887600927,1.7098404301153218,3.1798392707097944,2.472621786164881,3.00236070856746,-0.3392415622631017,1.8157745069157305,0.2086142962258714,2.500844425883272
33.0,262.0,1000.5415649414062,-4.38181940135786,-3.7906243239135846,1.7098404301385886,3.1798392707093623,2.472621786164881,3.002364568559604,-0.3392415622631017,1.8157745069157305,0.208622729160562,2.500842591622548
33.0,263.0,1000.5397338867188,-4.38181940135786,-3.790616853724553,1.709840431240402,3.179839270708833,2.472621786164881,3.002330374643449,-0.3413118467241663,1.815774440598947,0.2086249637796961,2.5112362335518665
33.0,263.0,1000.5403442382812,-4.38181940135786,-3.790642601750621,1.709840431240402,3.1798392707087326,2.472621786164881,3.002364332551787,-0.339241561024456,1.8157744375232308,0.2086226647931066,2.51091762021094
33.0,263.0,1000.5403442382812,-4.38181940135786,-3.790642601750621,1.709840431240402,3.179839270708745,2.472621786164881,3.002364332551787,-0.339241561024456,1.8157744375232308,0.2086226647931066,2.51091762021094
33.0,263.0,1000.5403442382812,-4.38181940135786,-3.7906352981805824,1.709840431240402,3.1798392707087326,2.472621786164881,3.0023643416729886,-0.339241561024456,1.8157744729238408,0.2086219668178157,2.51091762021094
33.0,263.0,1000.5403442382812,-4.38181940135786,-3.790643090946346,1.709840431240402,3.1798392707098,2.472621786164881,3.002364727263103,-0.339241561024456,1.8157744375232308,0.2086226647931066,2.510891970402988
33.0,263.0,1000.5403442382812,-4.38181940135786,-3.790616539156032,1.7098404312514268,3.179839270708746,2.472621786164881,3.0023643989218054,-0.3392415610388185,1.8157744728258824,0.2086220129518168,2.5108616034193525
33.0,263.0,1000.5403442382812,-4.38181940135786,-3.790643090946346,1.709840431240402,3.179839270708698,2.472621786164881,3.002364727263103,-0.339241561024456,1.8157744375232308,0.2086140785998265,2.510894826613249
33.0,263.0,1000.5403442382812,-4.38181940135786,-3.790642601750621,1.709840431240402,3.179839270708745,2.472621786164881,3.002364332551787,-0.339241561024456,1.8157744375232308,0.2086226647931066,2.51091762021094
33.0,263.0,1000.5403442382812,-4.38181940135786,-3.790643089082448,1.709840431240402,3.179839270708822,2.472621786164881,3.002330374643449,-0.3392415622739212,1.8157744371146456,0.2086145792226635,2.510890782227812
33.0,263.0,1000.5403442382812,-4.38181940135786,-3.790643090946346,1.709840431240402,3.179839270708698,2.472621786164881,3.002364727263103,-0.339241561024456,1.8157744375232308,0.2086140785998265,2.510894826613249
33.0,263.0,1000.5403442382812,-4.38181940135786,-3.790643090946346,1.709840431240402,3.179839270708698,2.472621786164881,3.0023647291935176,-0.339241561024456,1.8157744732789265,0.2086141831401635,2.510894826613249
33.0,263.0,1000.5403442382812,-4.38181940135786,-3.790643090946346,1.709840431240402,3.179839270708756,2.472621786164881,3.002364727263103,-0.339241561024456,1.8157744375232308,0.2086226696866144,2.510891970402988
33.0,263.0,1000.5403442382812,-4.38181940135786,-3.790616539156032,1.709840431240161,3.1798392707088805,2.472621786164881,3.002331774575312,-0.3392415622771756,1.815774472364474,0.2086145214171468,2.5108939963129
33.0,263.0,1000.5403442382812,-4.38181940135786,-3.7906492367292186,1.709840431240402,3.179839270708755,2.472621786164881,3.002330374643449,-0.3392415623323578,1.8157744406464889,0.2086140593329907,2.510880991146654
33.0,263.0,1000.5403442382812,-4.38181940135786,-3.790649097538061,1.709840431240402,3.179839270708745,2.472621786164881,3.002364116040136,-0.339241561026246,1.8157744375232308,0.2086226647931066,2.51091762021094
33.0,263.0,1000.5403442382812,-4.38181940135786,-3.790649024796637,1.709840431240402,3.179839270708732,2.472621786164881,3.002330374643449,-0.33924156230436,1.815774437573141,0.2086137424556594,2.510916417620185
33.0,263.0,1000.5403442382812,-4.38181940135786,-3.790643090946346,1.709840431240402,3.179839270708698,2.472621786164881,3.002364729000892,-0.339241561024456,1.815774473392217,0.2086140784083103,2.510894826613249
33.0,263.0,1000.54052734375,-4.38181940135786,-3.7906496887600927,1.7098404301153218,3.179839270709879,2.472621786164881,3.00236070856746,-0.3392415622313819,1.8157745069157305,0.208621994563489,2.510545850502949
33.0,263.0,1000.54052734375,-4.38181940135786,-3.7906496887600927,1.7098404301153218,3.179839270709879,2.472621786164881,3.00236070856746,-0.3392415622313819,1.8157745069157305,0.208621994563489,2.510545850502949
33.0,263.0,1000.5405883789062,-4.38181940135786,-3.790642601750621,1.709840431240402,3.1798392707087544,2.472621786164881,3.002330374643449,-0.339241561024456,1.815774440598947,0.20861372413189,2.5112362335518665
33.0,263.0,1000.5405883789062,-4.38181940135786,-3.790642601750621,1.709840431240402,3.179839270708755,2.472621786164881,3.002330374643449,-0.3392415623117806,1.8157744406464889,0.2086137238500263,2.5112362335518665
33.0,263.0,1000.5405883789062,-4.38181940135786,-3.790642601750621,1.709840431240402,3.179839270709368,2.472621786164881,3.002330374643449,-0.3392415622633471,1.815774507004108,0.2086137238500263,2.5112362335518665
33.0,263.0,1000.5405883789062,-4.38181940135786,-3.790642629366906,1.709840431240402,3.179839270708833,2.472621786164881,3.002330374643449,-0.3392415609864455,1.815774440598947,0.2086249637796961,2.5112362335518665
33.0,263.0,1000.5405883789062,-4.38181940135786,-3.7906492367292186,1.709840431240402,3.179839270708755,2.472621786164881,3.002330374643449,-0.3392415623117806,1.8157744406464889,0.2086137238500263,2.5112362335518665
33.0,263.0,1000.5405883789062,-4.38181940135786,-3.790642629366906,1.709840431240402,3.179839270708816,2.472621786164881,3.002330374643449,-0.3392415622564392,1.8157744371215752,0.2086145792226635,2.5112362335518665
33.0,263.0,1000.5405883789062,-4.38181940135786,-3.790642629366906,1.709840431240402,3.179839270708816,2.472621786164881,3.002330374643449,-0.3392415622564392,1.8157744371215752,0.2086145792226635,2.5112362335518665
33.0,263.0,1000.5405883789062,-4.38181940135786,-3.790649692501078,1.709840431240402,3.179839270708755,2.472621786164881,3.002330374643449,-0.3392415623117806,1.815774506954668,0.2086137094188887,2.5112362335518665
33.0,263.0,1000.5405883789062,-4.38181940135786,-3.79064965037478,1.7098404311701447,3.179839270708755,2.472621786164881,3.0023303690597065,-0.339241562263816,1.815774506954668,0.2086137234032797,2.5112362335518665
33.0,263.0,1000.5405883789062,-4.38181940135786,-3.790642629366906,1.709840431240402,3.179839270708816,2.472621786164881,3.002330374643449,-0.3392415622564392,1.8157744371215752,0.2086145792226635,2.5112362335518665
33.0,263.0,1000.5405883789062,-4.38181940135786,-3.7906492367292186,1.709840431240402,3.179839270708755,2.472621786164881,3.002330374643449,-0.3392415623117806,1.8157744406464889,0.2086137238500263,2.5112362335518665
33.0,263.0,1000.5405883789062,-4.38181940135786,-3.79064262956526,1.709840431240402,3.179839270709379,2.472621786164881,3.002330374643449,-0.3392415622563157,1.815774442042078,0.2086145792226635,2.5112362335518665
33.0,263.0,1000.5405883789062,-4.38181940135786,-3.790644122517429,1.7098404312403246,3.179839270709381,2.472621786164881,3.0023641309169875,-0.3392415610244805,1.815774437963764,0.2086223976325494,2.511235316474793
33.0,263.0,1000.5405883789062,-4.38181940135786,-3.790642601750621,1.709840431240402,3.179839270709384,2.472621786164881,3.002330374643449,-0.3392415623102098,1.8157744420729984,0.2086137238500263,2.5112362335518665
33.0,263.0,1000.5405883789062,-4.38181940135786,-3.790642629366906,1.709840431240402,3.179839270708816,2.472621786164881,3.002330374643449,-0.3392415622564392,1.8157744371215752,0.2086139191185013,2.5112392516057165
33.0,263.0,1000.5405883789062,-4.38181940135786,-3.790642629366906,1.709840431240402,3.179839270708816,2.472621786164881,3.002330374643449,-0.3392415610952353,1.815774440786832,0.2086145581822156,2.5112362335518665
33.0,263.0,1000.5406494140624,-4.38181940135786,-3.790642889698204,1.709840431240402,3.1798392707087544,2.472621786164881,3.002367755063955,-0.339241561024456,1.815774472657846,0.20861372413189,2.5112362335518665
33.0,263.0,1000.5406494140624,-4.38181940135786,-3.790642889698204,1.709840431240402,3.1798392707087326,2.472621786164881,3.0023641354428072,-0.339241561024456,1.8157744369696915,0.20861372413189,2.5112450938874424
33.0,263.0,1000.5406494140624,-4.38181940135786,-3.790642601750621,1.709840431240402,3.1798392707087544,2.472621786164881,3.0023644895683987,-0.3392415610248209,1.815774441018322,0.208622972891686,2.5112362335518665
33.0,263.0,1000.5406494140624,-4.38181940135786,-3.790642889698204,1.709840431240402,3.179839270709834,2.472621786164881,3.0023641354428072,-0.339241561024456,1.8157744369696915,0.2086223103251701,2.5112422376771817
33.0,263.0,1000.5406494140624,-4.38181940135786,-3.790616539156032,1.7098404312514268,3.1798392707093805,2.472621786164881,3.0023643989218054,-0.3392415610388185,1.8157744728258824,0.2086224001822702,2.511235316474793
33.0,263.0,1000.5406494140624,-4.38181940135786,-3.790642889698204,1.709840431240402,3.179839270709861,2.472621786164881,3.002367755063955,-0.339241561024456,1.81577447286394,0.2086216450831654,2.511236345138891
33.0,263.0,1000.5406494140624,-4.38181940135786,-3.790642889698204,1.709840431240402,3.1798392707087544,2.472621786164881,3.0023644731953705,-0.339241561024456,1.8157744386687755,0.2086226646415376,2.5112362335518665
33.0,263.0,1000.5406494140624,-4.38181940135786,-3.790616539156032,1.7098404312512672,3.1798392707093805,2.472621786164881,3.0023641309169875,-0.3392415610244805,1.8157744728258824,0.2086223976325494,2.511235316474793
33.0,263.0,1000.5406494140624,-4.38181940135786,-3.790642631230805,1.709840431240402,3.1798392707097936,2.472621786164881,3.002364727263103,-0.3392415610069739,1.81577443753016,0.2086226647931066,2.511237421727043
33.0,263.0,1000.5406494140624,-4.38181940135786,-3.790616539156032,1.7098404312516071,3.1798392707093805,2.472621786164881,3.0023644918955235,-0.3392415610388185,1.815774472364474,0.208623029331424,2.511235316474793
33.0,263.0,1000.5406494140624,-4.38181940135786,-3.790642889698204,1.7098404312405615,3.179839270709834,2.472621786164881,3.0023644034476256,-0.339241561038794,1.8157744369696915,0.2086223128748909,2.5112422376771817
33.0,263.0,1000.5406494140624,-4.38181940135786,-3.790642629366906,1.709840431240402,3.179839270708833,2.472621786164881,3.0023636166193013,-0.3392415609864846,1.815774440518688,0.208622525839618,2.5112445501442635
33.0,263.0,1000.5406494140624,-4.38181940135786,-3.7906423147983848,1.7098404312514268,3.1798392707093805,2.472621786164881,3.0023643989218054,-0.3392415610388185,1.8157744728258824,0.2086224001822702,2.511235316474793
33.0,263.0,1000.5406494140624,-4.38181940135786,-3.790642631286015,1.709840431240402,3.179839270708805,2.472621786164881,3.002364727263103,-0.3392415610069739,1.81577443753016,0.2086226647931066,2.51123622328895
33.0,263.0,1000.5406494140624,-4.38181940135786,-3.790616539156032,1.7098404312516071,3.1798392707093805,2.472621786164881,3.0023644918955235,-0.3392415610388185,1.815774472364474,0.208623029331424,2.511235316474793
33.0,264.0,1000.5397338867188,-4.38181940135786,-3.790616853724553,1.709840431240402,3.179839270708833,2.472621786164881,3.002330374643449,-0.3413118467241663,1.815774440598947,0.2086249637796961,2.5112362335518665
33.0,264.0,1000.5397338867188,-4.38181940135786,-3.790650294251407,1.709840431240402,3.17983927070873,2.472621786164881,3.002330374643449,-0.3412819513645576,1.8157744406528635,0.2086142401894788,2.5112094912902583
33.0,264.0,1000.5403442382812,-4.38181940135786,-3.790642601750621,1.709840431240402,3.1798392707087326,2.472621786164881,3.002364332551787,-0.339241561024456,1.8157744375232308,0.2086226647931066,2.51091762021094
33.0,264.0,1000.5403442382812,-4.38181940135786,-3.790642601750621,1.709840431240402,3.179839270708745,2.472621786164881,3.002364332551787,-0.339241561024456,1.8157744375232308,0.2086226647931066,2.51091762021094
33.0,264.0,1000.5403442382812,-4.38181940135786,-3.7906352981805824,1.709840431240402,3.1798392707087326,2.472621786164881,3.0023643416729886,-0.339241561024456,1.8157744729238408,0.2086219668178157,2.51091762021094
33.0,264.0,1000.5403442382812,-4.38181940135786,-3.790643090946346,1.709840431240402,3.1798392707098,2.472621786164881,3.002364727263103,-0.339241561024456,1.8157744375232308,0.2086226647931066,2.510891970402988
33.0,264.0,1000.5403442382812,-4.38181940135786,-3.790616539156032,1.7098404312514268,3.179839270708746,2.472621786164881,3.0023643989218054,-0.3392415610388185,1.8157744728258824,0.2086220129518168,2.5108616034193525
33.0,264.0,1000.5403442382812,-4.38181940135786,-3.790643090946346,1.709840431240402,3.179839270708698,2.472621786164881,3.002364727263103,-0.339241561024456,1.8157744375232308,0.2086140785998265,2.510894826613249
33.0,264.0,1000.5403442382812,-4.38181940135786,-3.790642601750621,1.709840431240402,3.179839270708745,2.472621786164881,3.002364332551787,-0.339241561024456,1.8157744375232308,0.2086226647931066,2.51091762021094
33.0,264.0,1000.5403442382812,-4.38181940135786,-3.790643089082448,1.709840431240402,3.179839270708822,2.472621786164881,3.002330374643449,-0.3392415622739212,1.8157744371146456,0.2086145792226635,2.510890782227812
33.0,264.0,1000.5403442382812,-4.38181940135786,-3.790643090946346,1.709840431240402,3.179839270708698,2.472621786164881,3.002364727263103,-0.339241561024456,1.8157744375232308,0.2086140785998265,2.510894826613249
33.0,264.0,1000.5403442382812,-4.38181940135786,-3.790643090946346,1.709840431240402,3.179839270708698,2.472621786164881,3.0023647291935176,-0.339241561024456,1.8157744732789265,0.2086141831401635,2.510894826613249
33.0,264.0,1000.5403442382812,-4.38181940135786,-3.790643090946346,1.709840431240402,3.179839270708756,2.472621786164881,3.002364727263103,-0.339241561024456,1.8157744375232308,0.2086226696866144,2.510891970402988
33.0,264.0,1000.5403442382812,-4.38181940135786,-3.790616539156032,1.709840431240161,3.1798392707088805,2.472621786164881,3.002331774575312,-0.3392415622771756,1.815774472364474,0.2086145214171468,2.5108939963129
33.0,264.0,1000.5403442382812,-4.38181940135786,-3.7906492367292186,1.709840431240402,3.179839270708755,2.472621786164881,3.002330374643449,-0.3392415623323578,1.8157744406464889,0.2086140593329907,2.510880991146654
33.0,264.0,1000.5403442382812,-4.38181940135786,-3.790649097538061,1.709840431240402,3.179839270708745,2.472621786164881,3.002364116040136,-0.339241561026246,1.8157744375232308,0.2086226647931066,2.51091762021094
33.0,264.0,1000.5403442382812,-4.38181940135786,-3.790649024796637,1.709840431240402,3.179839270708732,2.472621786164881,3.002330374643449,-0.33924156230436,1.815774437573141,0.2086137424556594,2.510916417620185
33.0,264.0,1000.5403442382812,-4.38181940135786,-3.790643090946346,1.709840431240402,3.179839270708698,2.472621786164881,3.002364729000892,-0.339241561024456,1.815774473392217,0.2086140784083103,2.510894826613249
33.0,264.0,1000.5403442382812,-4.38181940135786,-3.790616539156032,1.7098404312401534,3.1798392707088854,2.472621786164881,3.002331678303624,-0.3392415622771756,1.815774472364474,0.2086145214171468,2.510894855848028
33.0,264.0,1000.5403442382812,-4.38181940135786,-3.790643086290712,1.709840431240402,3.179839270708659,2.472621786164881,3.0023294586772766,-0.339241561024456,1.8157744733139665,0.2086141831401635,2.510894826613249
33.0,264.0,1000.5403442382812,-4.38181940135786,-3.790642505354665,1.709840431240402,3.179839270708816,2.472621786164881,3.0023293032965936,-0.3392415622564392,1.8157744374109337,0.2086138549969832,2.5108977788099
33.0,264.0,1000.5403442382812,-4.38181940135786,-3.790616539156032,1.7098404312514268,3.179839270708746,2.472621786164881,3.0023643989218054,-0.3392415610388185,1.8157744728258824,0.2086219213890776,2.510895570135537
33.0,264.0,1000.5403442382812,-4.38181940135786,-3.790649434749882,1.709840431240402,3.179839270708744,2.472621786164881,3.002364116040136,-0.3392415622528004,1.8157744375232308,0.208614770754565,2.51091762021094
33.0,264.0,1000.5403442382812,-4.38181940135786,-3.790642615745795,1.709840431240402,3.179839270709825,2.472621786164881,3.002364727263103,-0.339241561024456,1.8157744375232308,0.2086226647931066,2.5109179728358666
33.0,264.0,1000.5403442382812,-4.38181940135786,-3.7906492367292186,1.709840431240402,3.179839270708755,2.472621786164881,3.0023642723224064,-0.3392415623323578,1.815774440457308,0.2086140593329907,2.510891247709163
33.0,264.0,1000.5403442382812,-4.38181940135786,-3.790643089082448,1.709840431240402,3.179839270708822,2.472621786164881,3.002330374643449,-0.3392415622739212,1.8157744371146456,0.2086145792226635,2.510890782227812
33.0,264.0,1000.5403442382812,-4.38181940135786,-3.790649556181269,1.709840431240402,3.179839270708755,2.472621786164881,3.002331609978558,-0.3392415623315194,1.815774440745769,0.2086140593329907,2.510879186824711
33.0,264.0,1000.5403442382812,-4.38181940135786,-3.7906437516910927,1.709840431240402,3.179839270708698,2.472621786164881,3.0023647212043247,-0.339241561024456,1.815774473392217,0.2086220349334953,2.510894826613249
33.0,264.0,1000.5403442382812,-4.38181940135786,-3.790643090946346,1.709840431240402,3.17983927070984,2.472621786164881,3.002364727263103,-0.339241561024456,1.8157744375232308,0.2086209776396653,2.510894826613249
33.0,264.0,1000.5404663085938,-4.38181940135786,-3.7906496887600927,1.7098404301153218,3.1798392707087366,2.472621786164881,3.00236070856746,-0.3392415622313819,1.8157745069157305,0.2086150955236503,2.510545850502949
33.0,264.0,1000.54052734375,-4.38181940135786,-3.7906496887600927,1.7098404301153218,3.179839270709879,2.472621786164881,3.00236070856746,-0.3392415622313819,1.8157745069157305,0.208621994563489,2.510545850502949
33.0,264.0,1000.54052734375,-4.38181940135786,-3.7906496887600927,1.7098404301153218,3.179839270709879,2.472621786164881,3.00236070856746,-0.3392415622313819,1.8157745069157305,0.208621994563489,2.510545850502949
33.0,264.0,1000.5405883789062,-4.38181940135786,-3.790642601750621,1.709840431240402,3.1798392707087544,2.472621786164881,3.002330374643449,-0.339241561024456,1.815774440598947,0.20861372413189,2.5112362335518665
33.0,264.0,1000.5405883789062,-4.38181940135786,-3.790642601750621,1.709840431240402,3.179839270708755,2.472621786164881,3.002330374643449,-0.3392415623117806,1.8157744406464889,0.2086137238500263,2.5112362335518665
33.0,264.0,1000.5405883789062,-4.38181940135786,-3.790642601750621,1.709840431240402,3.179839270709368,2.472621786164881,3.002330374643449,-0.3392415622633471,1.815774507004108,0.2086137238500263,2.5112362335518665
33.0,264.0,1000.5405883789062,-4.38181940135786,-3.790642629366906,1.709840431240402,3.179839270708833,2.472621786164881,3.002330374643449,-0.3392415609864455,1.815774440598947,0.2086249637796961,2.5112362335518665
33.0,264.0,1000.5405883789062,-4.38181940135786,-3.7906492367292186,1.709840431240402,3.179839270708755,2.472621786164881,3.002330374643449,-0.3392415623117806,1.8157744406464889,0.2086137238500263,2.5112362335518665
33.0,264.0,1000.5405883789062,-4.38181940135786,-3.790642629366906,1.709840431240402,3.179839270708816,2.472621786164881,3.002330374643449,-0.3392415622564392,1.8157744371215752,0.2086145792226635,2.5112362335518665
33.0,264.0,1000.5405883789062,-4.38181940135786,-3.790642629366906,1.709840431240402,3.179839270708816,2.472621786164881,3.002330374643449,-0.3392415622564392,1.8157744371215752,0.2086145792226635,2.5112362335518665
33.0,264.0,1000.5405883789062,-4.38181940135786,-3.790649692501078,1.709840431240402,3.179839270708755,2.472621786164881,3.002330374643449,-0.3392415623117806,1.815774506954668,0.2086137094188887,2.5112362335518665
33.0,264.0,1000.5405883789062,-4.38181940135786,-3.79064965037478,1.7098404311701447,3.179839270708755,2.472621786164881,3.0023303690597065,-0.339241562263816,1.815774506954668,0.2086137234032797,2.5112362335518665
33.0,264.0,1000.5405883789062,-4.38181940135786,-3.790642629366906,1.709840431240402,3.179839270708816,2.472621786164881,3.002330374643449,-0.3392415622564392,1.8157744371215752,0.2086145792226635,2.5112362335518665
33.0,264.0,1000.5405883789062,-4.38181940135786,-3.7906492367292186,1.709840431240402,3.179839270708755,2.472621786164881,3.002330374643449,-0.3392415623117806,1.8157744406464889,0.2086137238500263,2.5112362335518665
33.0,264.0,1000.5405883789062,-4.38181940135786,-3.79064262956526,1.709840431240402,3.179839270709379,2.472621786164881,3.002330374643449,-0.3392415622563157,1.815774442042078,0.2086145792226635,2.5112362335518665
33.0,264.0,1000.5405883789062,-4.38181940135786,-3.790644122517429,1.7098404312403246,3.179839270709381,2.472621786164881,3.0023641309169875,-0.3392415610244805,1.815774437963764,0.2086223976325494,2.511235316474793
33.0,264.0,1000.5405883789062,-4.38181940135786,-3.790642601750621,1.709840431240402,3.179839270709384,2.472621786164881,3.002330374643449,-0.3392415623102098,1.8157744420729984,0.2086137238500263,2.5112362335518665
33.0,264.0,1000.5405883789062,-4.38181940135786,-3.790642629366906,1.709840431240402,3.179839270708816,2.472621786164881,3.002330374643449,-0.3392415622564392,1.8157744371215752,0.2086139191185013,2.5112392516057165
33.0,264.0,1000.5405883789062,-4.38181940135786,-3.790642629366906,1.709840431240402,3.179839270708816,2.472621786164881,3.002330374643449,-0.3392415610952353,1.815774440786832,0.2086145581822156,2.5112362335518665
33.0,264.0,1000.5405883789062,-4.38181940135786,-3.7906492367292186,1.709840431240402,3.179839270708755,2.472621786164881,3.002330374643449,-0.3392415623128321,1.815774440598736,0.2086137238500243,2.5112362335518665
33.0,264.0,1000.5405883789062,-4.38181940135786,-3.790643090946346,1.709840431240402,3.1798392707098,2.472621786164881,3.002364727263103,-0.3392415610070849,1.8157744375232308,0.2086226647931066,2.5112127556254644
33.0,265.0,1000.5397338867188,-4.38181940135786,-3.790616853724553,1.709840431240402,3.179839270708833,2.472621786164881,3.002330374643449,-0.3413118467241663,1.815774440598947,0.2086249637796961,2.5112362335518665
33.0,265.0,1000.5397338867188,-4.38181940135786,-3.790650294251407,1.709840431240402,3.17983927070873,2.472621786164881,3.002330374643449,-0.3412819513645576,1.8157744406528635,0.2086142401894788,2.5112094912902583
33.0,265.0,1000.5397338867188,-4.38181940135786,-3.790642578753447,1.709840431240402,3.179839270708698,2.472621786164881,3.002364727263103,-0.3412460866029956,1.8157744374761464,0.2086140785998265,2.510894826613249
33.0,265.0,1000.5403442382812,-4.38181940135786,-3.790642601750621,1.709840431240402,3.1798392707087326,2.472621786164881,3.002364332551787,-0.339241561024456,1.8157744375232308,0.2086226647931066,2.51091762021094
33.0,265.0,1000.5403442382812,-4.38181940135786,-3.790642601750621,1.709840431240402,3.179839270708745,2.472621786164881,3.002364332551787,-0.339241561024456,1.8157744375232308,0.2086226647931066,2.51091762021094
33.0,265.0,1000.5403442382812,-4.38181940135786,-3.7906352981805824,1.709840431240402,3.1798392707087326,2.472621786164881,3.0023643416729886,-0.339241561024456,1.8157744729238408,0.2086219668178157,2.51091762021094
33.0,265.0,1000.5403442382812,-4.38181940135786,-3.790643090946346,1.709840431240402,3.1798392707098,2.472621786164881,3.002364727263103,-0.339241561024456,1.8157744375232308,0.2086226647931066,2.510891970402988
33.0,265.0,1000.5403442382812,-4.38181940135786,-3.790616539156032,1.7098404312514268,3.179839270708746,2.472621786164881,3.0023643989218054,-0.3392415610388185,1.8157744728258824,0.2086220129518168,2.5108616034193525
33.0,265.0,1000.5403442382812,-4.38181940135786,-3.790643090946346,1.709840431240402,3.179839270708698,2.472621786164881,3.002364727263103,-0.339241561024456,1.8157744375232308,0.2086140785998265,2.510894826613249
33.0,265.0,1000.5403442382812,-4.38181940135786,-3.790642601750621,1.709840431240402,3.179839270708745,2.472621786164881,3.002364332551787,-0.339241561024456,1.8157744375232308,0.2086226647931066,2.51091762021094
33.0,265.0,1000.5403442382812,-4.38181940135786,-3.790643089082448,1.709840431240402,3.179839270708822,2.472621786164881,3.002330374643449,-0.3392415622739212,1.8157744371146456,0.2086145792226635,2.510890782227812
33.0,265.0,1000.5403442382812,-4.38181940135786,-3.790643090946346,1.709840431240402,3.179839270708698,2.472621786164881,3.002364727263103,-0.339241561024456,1.8157744375232308,0.2086140785998265,2.510894826613249
33.0,265.0,1000.5403442382812,-4.38181940135786,-3.790643090946346,1.709840431240402,3.179839270708698,2.472621786164881,3.0023647291935176,-0.339241561024456,1.8157744732789265,0.2086141831401635,2.510894826613249
33.0,265.0,1000.5403442382812,-4.38181940135786,-3.790643090946346,1.709840431240402,3.179839270708756,2.472621786164881,3.002364727263103,-0.339241561024456,1.8157744375232308,0.2086226696866144,2.510891970402988
33.0,265.0,1000.5403442382812,-4.38181940135786,-3.790616539156032,1.709840431240161,3.1798392707088805,2.472621786164881,3.002331774575312,-0.3392415622771756,1.815774472364474,0.2086145214171468,2.5108939963129
33.0,265.0,1000.5403442382812,-4.38181940135786,-3.7906492367292186,1.709840431240402,3.179839270708755,2.472621786164881,3.002330374643449,-0.3392415623323578,1.8157744406464889,0.2086140593329907,2.510880991146654
33.0,265.0,1000.5403442382812,-4.38181940135786,-3.790649097538061,1.709840431240402,3.179839270708745,2.472621786164881,3.002364116040136,-0.339241561026246,1.8157744375232308,0.2086226647931066,2.51091762021094
33.0,265.0,1000.5403442382812,-4.38181940135786,-3.790649024796637,1.709840431240402,3.179839270708732,2.472621786164881,3.002330374643449,-0.33924156230436,1.815774437573141,0.2086137424556594,2.510916417620185
33.0,265.0,1000.5403442382812,-4.38181940135786,-3.790643090946346,1.709840431240402,3.179839270708698,2.472621786164881,3.002364729000892,-0.339241561024456,1.815774473392217,0.2086140784083103,2.510894826613249
33.0,265.0,1000.5403442382812,-4.38181940135786,-3.790616539156032,1.7098404312401534,3.1798392707088854,2.472621786164881,3.002331678303624,-0.3392415622771756,1.815774472364474,0.2086145214171468,2.510894855848028
33.0,265.0,1000.5403442382812,-4.38181940135786,-3.790643086290712,1.709840431240402,3.179839270708659,2.472621786164881,3.0023294586772766,-0.339241561024456,1.8157744733139665,0.2086141831401635,2.510894826613249
33.0,265.0,1000.5403442382812,-4.38181940135786,-3.790642505354665,1.709840431240402,3.179839270708816,2.472621786164881,3.0023293032965936,-0.3392415622564392,1.8157744374109337,0.2086138549969832,2.5108977788099
33.0,265.0,1000.5403442382812,-4.38181940135786,-3.790616539156032,1.7098404312514268,3.179839270708746,2.472621786164881,3.0023643989218054,-0.3392415610388185,1.8157744728258824,0.2086219213890776,2.510895570135537
33.0,265.0,1000.5403442382812,-4.38181940135786,-3.790649434749882,1.709840431240402,3.179839270708744,2.472621786164881,3.002364116040136,-0.3392415622528004,1.8157744375232308,0.208614770754565,2.51091762021094
33.0,265.0,1000.5403442382812,-4.38181940135786,-3.790642615745795,1.709840431240402,3.179839270709825,2.472621786164881,3.002364727263103,-0.339241561024456,1.8157744375232308,0.2086226647931066,2.5109179728358666
33.0,265.0,1000.5403442382812,-4.38181940135786,-3.7906492367292186,1.709840431240402,3.179839270708755,2.472621786164881,3.0023642723224064,-0.3392415623323578,1.815774440457308,0.2086140593329907,2.510891247709163
33.0,265.0,1000.5403442382812,-4.38181940135786,-3.790643089082448,1.709840431240402,3.179839270708822,2.472621786164881,3.002330374643449,-0.3392415622739212,1.8157744371146456,0.2086145792226635,2.510890782227812
33.0,265.0,1000.5403442382812,-4.38181940135786,-3.790649556181269,1.709840431240402,3.179839270708755,2.472621786164881,3.002331609978558,-0.3392415623315194,1.815774440745769,0.2086140593329907,2.510879186824711
33.0,265.0,1000.5403442382812,-4.38181940135786,-3.7906437516910927,1.709840431240402,3.179839270708698,2.472621786164881,3.0023647212043247,-0.339241561024456,1.815774473392217,0.2086220349334953,2.510894826613249
33.0,265.0,1000.5403442382812,-4.38181940135786,-3.790643090946346,1.709840431240402,3.17983927070984,2.472621786164881,3.002364727263103,-0.339241561024456,1.8157744375232308,0.2086209776396653,2.510894826613249
33.0,265.0,1000.5403442382812,-4.38181940135786,-3.790616539156032,1.7098404312514268,3.179839270708746,2.472621786164881,3.0023643989218054,-0.3392415610388185,1.8157744728258824,0.2086219213890776,2.510895570135537
33.0,265.0,1000.5403442382812,-4.38181940135786,-3.790643089082448,1.709840431240402,3.179839270708822,2.472621786164881,3.002330374643449,-0.3392415622739212,1.8157744371146456,0.2086145792226635,2.510890782227812
33.0,265.0,1000.5403442382812,-4.38181940135786,-3.790643090946346,1.709840431240402,3.179839270708698,2.472621786164881,3.002330599949261,-0.3392415622550759,1.8157744410439736,0.2086140586560192,2.5108785652103216
33.0,265.0,1000.5403442382812,-4.38181940135786,-3.790649099025933,1.709840431240402,3.179839270708792,2.472621786164881,3.002364727263103,-0.339241561024456,1.8157744375232308,0.2086209776396653,2.510894826613249
33.0,265.0,1000.5403442382812,-4.38181940135786,-3.790643090946346,1.709840431240402,3.179839270708698,2.472621786164881,3.002364727245905,-0.339241561024456,1.8157744375232308,0.2086140785998265,2.510894826613249
33.0,265.0,1000.5403442382812,-4.38181940135786,-3.7906492367292186,1.709840431240402,3.179839270708755,2.472621786164881,3.0023642723224064,-0.3392415623323578,1.815774440457308,0.2086140593329907,2.510891247709163
33.0,265.0,1000.5403442382812,-4.38181940135786,-3.7906492367292186,1.709840431240402,3.179839270708755,2.472621786164881,3.0023301956376454,-0.3392415623612403,1.8157744406464889,0.2086140593329907,2.510880971261438
33.0,265.0,1000.5403442382812,-4.38181940135786,-3.790642160465479,1.7098404312403357,3.179839270708746,2.472621786164881,3.0023643989218054,-0.3392415610388185,1.8157744728351648,0.2086142043282788,2.510891737824357
33.0,265.0,1000.5403442382812,-4.38181940135786,-3.7906492367292186,1.709840431240402,3.179839270708755,2.472621786164881,3.0023642723224064,-0.3392415623323578,1.815774440457308,0.2086140593329907,2.510891247709163
33.0,265.0,1000.5403442382812,-4.38181940135786,-3.790616539156032,1.7098404312514268,3.179839270708746,2.472621786164881,3.0023643989218054,-0.3392415610388185,1.8157744728258824,0.2086220129518168,2.5108616034193525
33.0,265.0,1000.5403442382812,-4.38181940135786,-3.7906492367292186,1.709840431240402,3.179839270708761,2.472621786164881,3.002330374643449,-0.3392415622645659,1.815774506273446,0.2086136848628947,2.510880991146654
33.0,265.0,1000.5403442382812,-4.38181940135786,-3.790616356670853,1.709840431240161,3.1798392707088805,2.472621786164881,3.002331774575312,-0.3392415610429904,1.815774473376663,0.2086145214171468,2.5108939963129
33.0,265.0,1000.5403442382812,-4.38181940135786,-3.790649024796637,1.709840431240402,3.179839270708825,2.472621786164881,3.002330374643449,-0.3392415623031728,1.815774437573141,0.2086137418437725,2.510887867629052
33.0,265.0,1000.5403442382812,-4.38181940135786,-3.790643090946346,1.709840431240402,3.179839270708698,2.472621786164881,3.00236472901809,-0.339241561024456,1.815774473392217,0.2086140784083103,2.510894826613249
33.0,265.0,1000.5403442382812,-4.38181940135786,-3.790618836297694,1.709840431240161,3.1798392707088774,2.472621786164881,3.002331774575312,-0.339241562230688,1.815774472364474,0.2086145214171468,2.5108939963129
33.0,265.0,1000.5403442382812,-4.38181940135786,-3.790641822148979,1.709840431240402,3.179839270708756,2.472621786164881,3.002364727263103,-0.339241561024456,1.8157744375659723,0.2086229243447722,2.510891970402988
33.0,265.0,1000.5403442382812,-4.38181940135786,-3.790617467773,1.709840431251493,3.179839270708822,2.472621786164881,3.002330374643449,-0.3392415622739212,1.815774437105364,0.2086223878462015,2.510860647822808
33.0,265.0,1000.5404663085938,-4.38181940135786,-3.7906496887600927,1.7098404301153218,3.1798392707087366,2.472621786164881,3.00236070856746,-0.3392415622313819,1.8157745069157305,0.2086150955236503,2.510545850502949
33.0,265.0,1000.5404663085938,-4.38181940135786,-3.7906496819537248,1.7098404301153218,3.179839270709879,2.472621786164881,3.00236070856746,-0.3392415622313819,1.8157745069157305,0.2086129918046791,2.510545850502949
33.0,265.0,1000.54052734375,-4.38181940135786,-3.7906496887600927,1.7098404301153218,3.179839270709879,2.472621786164881,3.00236070856746,-0.3392415622313819,1.8157745069157305,0.208621994563489,2.510545850502949
33.0,266.0,1000.5397338867188,-4.38181940135786,-3.790616853724553,1.709840431240402,3.179839270708833,2.472621786164881,3.002330374643449,-0.3413118467241663,1.815774440598947,0.2086249637796961,2.5112362335518665
33.0,266.0,1000.5397338867188,-4.38181940135786,-3.790650294251407,1.709840431240402,3.17983927070873,2.472621786164881,3.002330374643449,-0.3412819513645576,1.8157744406528635,0.2086142401894788,2.5112094912902583
33.0,266.0,1000.5397338867188,-4.38181940135786,-3.790642578753447,1.709840431240402,3.179839270708698,2.472621786164881,3.002364727263103,-0.3412460866029956,1.8157744374761464,0.2086140785998265,2.510894826613249
33.0,266.0,1000.5397338867188,-4.38181940135786,-3.790651366807822,1.709840431240402,3.179839270708755,2.472621786164881,3.0023653834806057,-0.3412452840541738,1.8157744405821088,0.2086140593329907,2.510919387113353
33.0,266.0,1000.5397338867188,-4.38181940135786,-3.7906503082110734,1.709840431240402,3.179839270708698,2.472621786164881,3.002364727263103,-0.3412828526042263,1.8157744374761464,0.2086140806444342,2.510894826613249
33.0,266.0,1000.5403442382812,-4.38181940135786,-3.790642601750621,1.709840431240402,3.1798392707087326,2.472621786164881,3.002364332551787,-0.339241561024456,1.8157744375232308,0.2086226647931066,2.51091762021094
33.0,266.0,1000.5403442382812,-4.38181940135786,-3.790642601750621,1.709840431240402,3.179839270708745,2.472621786164881,3.002364332551787,-0.339241561024456,1.8157744375232308,0.2086226647931066,2.51091762021094
33.0,266.0,1000.5403442382812,-4.38181940135786,-3.7906352981805824,1.709840431240402,3.1798392707087326,2.472621786164881,3.0023643416729886,-0.339241561024456,1.8157744729238408,0.2086219668178157,2.51091762021094
33.0,266.0,1000.5403442382812,-4.38181940135786,-3.790643090946346,1.709840431240402,3.1798392707098,2.472621786164881,3.002364727263103,-0.339241561024456,1.8157744375232308,0.2086226647931066,2.510891970402988
33.0,266.0,1000.5403442382812,-4.38181940135786,-3.790616539156032,1.7098404312514268,3.179839270708746,2.472621786164881,3.0023643989218054,-0.3392415610388185,1.8157744728258824,0.2086220129518168,2.5108616034193525
33.0,266.0,1000.5403442382812,-4.38181940135786,-3.790643090946346,1.709840431240402,3.179839270708698,2.472621786164881,3.002364727263103,-0.339241561024456,1.8157744375232308,0.2086140785998265,2.510894826613249
33.0,266.0,1000.5403442382812,-4.38181940135786,-3.790642601750621,1.709840431240402,3.179839270708745,2.472621786164881,3.002364332551787,-0.339241561024456,1.8157744375232308,0.2086226647931066,2.51091762021094
33.0,266.0,1000.5403442382812,-4.38181940135786,-3.790643089082448,1.709840431240402,3.179839270708822,2.472621786164881,3.002330374643449,-0.3392415622739212,1.8157744371146456,0.2086145792226635,2.510890782227812
33.0,266.0,1000.5403442382812,-4.38181940135786,-3.790643090946346,1.709840431240402,3.179839270708698,2.472621786164881,3.002364727263103,-0.339241561024456,1.8157744375232308,0.2086140785998265,2.510894826613249
33.0,266.0,1000.5403442382812,-4.38181940135786,-3.790643090946346,1.709840431240402,3.179839270708698,2.472621786164881,3.0023647291935176,-0.339241561024456,1.8157744732789265,0.2086141831401635,2.510894826613249
33.0,266.0,1000.5403442382812,-4.38181940135786,-3.790643090946346,1.709840431240402,3.179839270708756,2.472621786164881,3.002364727263103,-0.339241561024456,1.8157744375232308,0.2086226696866144,2.510891970402988
33.0,266.0,1000.5403442382812,-4.38181940135786,-3.790616539156032,1.709840431240161,3.1798392707088805,2.472621786164881,3.002331774575312,-0.3392415622771756,1.815774472364474,0.2086145214171468,2.5108939963129
33.0,266.0,1000.5403442382812,-4.38181940135786,-3.7906492367292186,1.709840431240402,3.179839270708755,2.472621786164881,3.002330374643449,-0.3392415623323578,1.8157744406464889,0.2086140593329907,2.510880991146654
33.0,266.0,1000.5403442382812,-4.38181940135786,-3.790649097538061,1.709840431240402,3.179839270708745,2.472621786164881,3.002364116040136,-0.339241561026246,1.8157744375232308,0.2086226647931066,2.51091762021094
33.0,266.0,1000.5403442382812,-4.38181940135786,-3.790649024796637,1.709840431240402,3.179839270708732,2.472621786164881,3.002330374643449,-0.33924156230436,1.815774437573141,0.2086137424556594,2.510916417620185
33.0,266.0,1000.5403442382812,-4.38181940135786,-3.790643090946346,1.709840431240402,3.179839270708698,2.472621786164881,3.002364729000892,-0.339241561024456,1.815774473392217,0.2086140784083103,2.510894826613249
33.0,266.0,1000.5403442382812,-4.38181940135786,-3.790616539156032,1.7098404312401534,3.1798392707088854,2.472621786164881,3.002331678303624,-0.3392415622771756,1.815774472364474,0.2086145214171468,2.510894855848028
33.0,266.0,1000.5403442382812,-4.38181940135786,-3.790643086290712,1.709840431240402,3.179839270708659,2.472621786164881,3.0023294586772766,-0.339241561024456,1.8157744733139665,0.2086141831401635,2.510894826613249
33.0,266.0,1000.5403442382812,-4.38181940135786,-3.790642505354665,1.709840431240402,3.179839270708816,2.472621786164881,3.0023293032965936,-0.3392415622564392,1.8157744374109337,0.2086138549969832,2.5108977788099
33.0,266.0,1000.5403442382812,-4.38181940135786,-3.790616539156032,1.7098404312514268,3.179839270708746,2.472621786164881,3.0023643989218054,-0.3392415610388185,1.8157744728258824,0.2086219213890776,2.510895570135537
33.0,266.0,1000.5403442382812,-4.38181940135786,-3.790649434749882,1.709840431240402,3.179839270708744,2.472621786164881,3.002364116040136,-0.3392415622528004,1.8157744375232308,0.208614770754565,2.51091762021094
33.0,266.0,1000.5403442382812,-4.38181940135786,-3.790642615745795,1.709840431240402,3.179839270709825,2.472621786164881,3.002364727263103,-0.339241561024456,1.8157744375232308,0.2086226647931066,2.5109179728358666
33.0,266.0,1000.5403442382812,-4.38181940135786,-3.7906492367292186,1.709840431240402,3.179839270708755,2.472621786164881,3.0023642723224064,-0.3392415623323578,1.815774440457308,0.2086140593329907,2.510891247709163
33.0,266.0,1000.5403442382812,-4.38181940135786,-3.790643089082448,1.709840431240402,3.179839270708822,2.472621786164881,3.002330374643449,-0.3392415622739212,1.8157744371146456,0.2086145792226635,2.510890782227812
33.0,266.0,1000.5403442382812,-4.38181940135786,-3.790649556181269,1.709840431240402,3.179839270708755,2.472621786164881,3.002331609978558,-0.3392415623315194,1.815774440745769,0.2086140593329907,2.510879186824711
33.0,266.0,1000.5403442382812,-4.38181940135786,-3.7906437516910927,1.709840431240402,3.179839270708698,2.472621786164881,3.0023647212043247,-0.339241561024456,1.815774473392217,0.2086220349334953,2.510894826613249
33.0,266.0,1000.5403442382812,-4.38181940135786,-3.790643090946346,1.709840431240402,3.17983927070984,2.472621786164881,3.002364727263103,-0.339241561024456,1.8157744375232308,0.2086209776396653,2.510894826613249
33.0,266.0,1000.5403442382812,-4.38181940135786,-3.790616539156032,1.7098404312514268,3.179839270708746,2.472621786164881,3.0023643989218054,-0.3392415610388185,1.8157744728258824,0.2086219213890776,2.510895570135537
33.0,266.0,1000.5403442382812,-4.38181940135786,-3.790643089082448,1.709840431240402,3.179839270708822,2.472621786164881,3.002330374643449,-0.3392415622739212,1.8157744371146456,0.2086145792226635,2.510890782227812
33.0,266.0,1000.5403442382812,-4.38181940135786,-3.790643090946346,1.709840431240402,3.179839270708698,2.472621786164881,3.002330599949261,-0.3392415622550759,1.8157744410439736,0.2086140586560192,2.5108785652103216
33.0,266.0,1000.5403442382812,-4.38181940135786,-3.790649099025933,1.709840431240402,3.179839270708792,2.472621786164881,3.002364727263103,-0.339241561024456,1.8157744375232308,0.2086209776396653,2.510894826613249
33.0,266.0,1000.5403442382812,-4.38181940135786,-3.790643090946346,1.709840431240402,3.179839270708698,2.472621786164881,3.002364727245905,-0.339241561024456,1.8157744375232308,0.2086140785998265,2.510894826613249
33.0,266.0,1000.5403442382812,-4.38181940135786,-3.7906492367292186,1.709840431240402,3.179839270708755,2.472621786164881,3.0023642723224064,-0.3392415623323578,1.815774440457308,0.2086140593329907,2.510891247709163
33.0,266.0,1000.5403442382812,-4.38181940135786,-3.7906492367292186,1.709840431240402,3.179839270708755,2.472621786164881,3.0023301956376454,-0.3392415623612403,1.8157744406464889,0.2086140593329907,2.510880971261438
33.0,266.0,1000.5403442382812,-4.38181940135786,-3.790642160465479,1.7098404312403357,3.179839270708746,2.472621786164881,3.0023643989218054,-0.3392415610388185,1.8157744728351648,0.2086142043282788,2.510891737824357
33.0,266.0,1000.5403442382812,-4.38181940135786,-3.7906492367292186,1.709840431240402,3.179839270708755,2.472621786164881,3.0023642723224064,-0.3392415623323578,1.815774440457308,0.2086140593329907,2.510891247709163
33.0,266.0,1000.5403442382812,-4.38181940135786,-3.790616539156032,1.7098404312514268,3.179839270708746,2.472621786164881,3.0023643989218054,-0.3392415610388185,1.8157744728258824,0.2086220129518168,2.5108616034193525
33.0,266.0,1000.5403442382812,-4.38181940135786,-3.7906492367292186,1.709840431240402,3.179839270708761,2.472621786164881,3.002330374643449,-0.3392415622645659,1.815774506273446,0.2086136848628947,2.510880991146654
33.0,266.0,1000.5403442382812,-4.38181940135786,-3.790616356670853,1.709840431240161,3.1798392707088805,2.472621786164881,3.002331774575312,-0.3392415610429904,1.815774473376663,0.2086145214171468,2.5108939963129
33.0,266.0,1000.5403442382812,-4.38181940135786,-3.790649024796637,1.709840431240402,3.179839270708825,2.472621786164881,3.002330374643449,-0.3392415623031728,1.815774437573141,0.2086137418437725,2.510887867629052
33.0,266.0,1000.5403442382812,-4.38181940135786,-3.790643090946346,1.709840431240402,3.179839270708698,2.472621786164881,3.00236472901809,-0.339241561024456,1.815774473392217,0.2086140784083103,2.510894826613249
33.0,266.0,1000.5403442382812,-4.38181940135786,-3.790618836297694,1.709840431240161,3.1798392707088774,2.472621786164881,3.002331774575312,-0.339241562230688,1.815774472364474,0.2086145214171468,2.5108939963129
33.0,266.0,1000.5403442382812,-4.38181940135786,-3.790641822148979,1.709840431240402,3.179839270708756,2.472621786164881,3.002364727263103,-0.339241561024456,1.8157744375659723,0.2086229243447722,2.510891970402988
33.0,266.0,1000.5403442382812,-4.38181940135786,-3.790617467773,1.709840431251493,3.179839270708822,2.472621786164881,3.002330374643449,-0.3392415622739212,1.815774437105364,0.2086223878462015,2.510860647822808
33.0,266.0,1000.5403442382812,-4.38181940135786,-3.790649343647268,1.709840431240402,3.179839270708701,2.472621786164881,3.0023301956376454,-0.3392415623612403,1.8157744406464889,0.2086140586683424,2.51087837328246
33.0,267.0,1000.5397338867188,-4.38181940135786,-3.790616853724553,1.709840431240402,3.179839270708833,2.472621786164881,3.002330374643449,-0.3413118467241663,1.815774440598947,0.2086249637796961,2.5112362335518665
33.0,267.0,1000.5397338867188,-4.38181940135786,-3.790650294251407,1.709840431240402,3.17983927070873,2.472621786164881,3.002330374643449,-0.3412819513645576,1.8157744406528635,0.2086142401894788,2.5112094912902583
33.0,267.0,1000.5397338867188,-4.38181940135786,-3.790642578753447,1.709840431240402,3.179839270708698,2.472621786164881,3.002364727263103,-0.3412460866029956,1.8157744374761464,0.2086140785998265,2.510894826613249
33.0,267.0,1000.5397338867188,-4.38181940135786,-3.790651366807822,1.709840431240402,3.179839270708755,2.472621786164881,3.0023653834806057,-0.3412452840541738,1.8157744405821088,0.2086140593329907,2.510919387113353
33.0,267.0,1000.5397338867188,-4.38181940135786,-3.7906503082110734,1.709840431240402,3.179839270708698,2.472621786164881,3.002364727263103,-0.3412828526042263,1.8157744374761464,0.2086140806444342,2.510894826613249
33.0,267.0,1000.5397338867188,-4.38181940135786,-3.790642056100399,1.709840431240402,3.1798392707086967,2.472621786164881,3.002364727263103,-0.3412833710344705,1.8157744375659723,0.2086229243447722,2.510891970402988
33.0,267.0,1000.5397338867188,-4.38181940135786,-3.790643083532889,1.709840431240402,3.179839270708755,2.472621786164881,3.0023653834806057,-0.3412452840541738,1.8157744734172687,0.2086140593329907,2.510919387113353
33.0,267.0,1000.5397338867188,-4.38181940135786,-3.790642578753447,1.709840431240402,3.179839270708698,2.472621786164881,3.0023651250356043,-0.3412460866029956,1.8157744374761464,0.2086145554129166,2.510894826613249
33.0,267.0,1000.5403442382812,-4.38181940135786,-3.790642601750621,1.709840431240402,3.1798392707087326,2.472621786164881,3.002364332551787,-0.339241561024456,1.8157744375232308,0.2086226647931066,2.51091762021094
33.0,267.0,1000.5403442382812,-4.38181940135786,-3.790642601750621,1.709840431240402,3.179839270708745,2.472621786164881,3.002364332551787,-0.339241561024456,1.8157744375232308,0.2086226647931066,2.51091762021094
33.0,267.0,1000.5403442382812,-4.38181940135786,-3.7906352981805824,1.709840431240402,3.1798392707087326,2.472621786164881,3.0023643416729886,-0.339241561024456,1.8157744729238408,0.2086219668178157,2.51091762021094
33.0,267.0,1000.5403442382812,-4.38181940135786,-3.790643090946346,1.709840431240402,3.1798392707098,2.472621786164881,3.002364727263103,-0.339241561024456,1.8157744375232308,0.2086226647931066,2.510891970402988
33.0,267.0,1000.5403442382812,-4.38181940135786,-3.790616539156032,1.7098404312514268,3.179839270708746,2.472621786164881,3.0023643989218054,-0.3392415610388185,1.8157744728258824,0.2086220129518168,2.5108616034193525
33.0,267.0,1000.5403442382812,-4.38181940135786,-3.790643090946346,1.709840431240402,3.179839270708698,2.472621786164881,3.002364727263103,-0.339241561024456,1.8157744375232308,0.2086140785998265,2.510894826613249
33.0,267.0,1000.5403442382812,-4.38181940135786,-3.790642601750621,1.709840431240402,3.179839270708745,2.472621786164881,3.002364332551787,-0.339241561024456,1.8157744375232308,0.2086226647931066,2.51091762021094
33.0,267.0,1000.5403442382812,-4.38181940135786,-3.790643089082448,1.709840431240402,3.179839270708822,2.472621786164881,3.002330374643449,-0.3392415622739212,1.8157744371146456,0.2086145792226635,2.510890782227812
33.0,267.0,1000.5403442382812,-4.38181940135786,-3.790643090946346,1.709840431240402,3.179839270708698,2.472621786164881,3.002364727263103,-0.339241561024456,1.8157744375232308,0.2086140785998265,2.510894826613249
33.0,267.0,1000.5403442382812,-4.38181940135786,-3.790643090946346,1.709840431240402,3.179839270708698,2.472621786164881,3.0023647291935176,-0.339241561024456,1.8157744732789265,0.2086141831401635,2.510894826613249
33.0,267.0,1000.5403442382812,-4.38181940135786,-3.790643090946346,1.709840431240402,3.179839270708756,2.472621786164881,3.002364727263103,-0.339241561024456,1.8157744375232308,0.2086226696866144,2.510891970402988
33.0,267.0,1000.5403442382812,-4.38181940135786,-3.790616539156032,1.709840431240161,3.1798392707088805,2.472621786164881,3.002331774575312,-0.3392415622771756,1.815774472364474,0.2086145214171468,2.5108939963129
33.0,267.0,1000.5403442382812,-4.38181940135786,-3.7906492367292186,1.709840431240402,3.179839270708755,2.472621786164881,3.002330374643449,-0.3392415623323578,1.8157744406464889,0.2086140593329907,2.510880991146654
33.0,267.0,1000.5403442382812,-4.38181940135786,-3.790649097538061,1.709840431240402,3.179839270708745,2.472621786164881,3.002364116040136,-0.339241561026246,1.8157744375232308,0.2086226647931066,2.51091762021094
33.0,267.0,1000.5403442382812,-4.38181940135786,-3.790649024796637,1.709840431240402,3.179839270708732,2.472621786164881,3.002330374643449,-0.33924156230436,1.815774437573141,0.2086137424556594,2.510916417620185
33.0,267.0,1000.5403442382812,-4.38181940135786,-3.790643090946346,1.709840431240402,3.179839270708698,2.472621786164881,3.002364729000892,-0.339241561024456,1.815774473392217,0.2086140784083103,2.510894826613249
33.0,267.0,1000.5403442382812,-4.38181940135786,-3.790616539156032,1.7098404312401534,3.1798392707088854,2.472621786164881,3.002331678303624,-0.3392415622771756,1.815774472364474,0.2086145214171468,2.510894855848028
33.0,267.0,1000.5403442382812,-4.38181940135786,-3.790643086290712,1.709840431240402,3.179839270708659,2.472621786164881,3.0023294586772766,-0.339241561024456,1.8157744733139665,0.2086141831401635,2.510894826613249
33.0,267.0,1000.5403442382812,-4.38181940135786,-3.790642505354665,1.709840431240402,3.179839270708816,2.472621786164881,3.0023293032965936,-0.3392415622564392,1.8157744374109337,0.2086138549969832,2.5108977788099
33.0,267.0,1000.5403442382812,-4.38181940135786,-3.790616539156032,1.7098404312514268,3.179839270708746,2.472621786164881,3.0023643989218054,-0.3392415610388185,1.8157744728258824,0.2086219213890776,2.510895570135537
33.0,267.0,1000.5403442382812,-4.38181940135786,-3.790649434749882,1.709840431240402,3.179839270708744,2.472621786164881,3.002364116040136,-0.3392415622528004,1.8157744375232308,0.208614770754565,2.51091762021094
33.0,267.0,1000.5403442382812,-4.38181940135786,-3.790642615745795,1.709840431240402,3.179839270709825,2.472621786164881,3.002364727263103,-0.339241561024456,1.8157744375232308,0.2086226647931066,2.5109179728358666
33.0,267.0,1000.5403442382812,-4.38181940135786,-3.7906492367292186,1.709840431240402,3.179839270708755,2.472621786164881,3.0023642723224064,-0.3392415623323578,1.815774440457308,0.2086140593329907,2.510891247709163
33.0,267.0,1000.5403442382812,-4.38181940135786,-3.790643089082448,1.709840431240402,3.179839270708822,2.472621786164881,3.002330374643449,-0.3392415622739212,1.8157744371146456,0.2086145792226635,2.510890782227812
33.0,267.0,1000.5403442382812,-4.38181940135786,-3.790649556181269,1.709840431240402,3.179839270708755,2.472621786164881,3.002331609978558,-0.3392415623315194,1.815774440745769,0.2086140593329907,2.510879186824711
33.0,267.0,1000.5403442382812,-4.38181940135786,-3.7906437516910927,1.709840431240402,3.179839270708698,2.472621786164881,3.0023647212043247,-0.339241561024456,1.815774473392217,0.2086220349334953,2.510894826613249
33.0,267.0,1000.5403442382812,-4.38181940135786,-3.790643090946346,1.709840431240402,3.17983927070984,2.472621786164881,3.002364727263103,-0.339241561024456,1.8157744375232308,0.2086209776396653,2.510894826613249
33.0,267.0,1000.5403442382812,-4.38181940135786,-3.790616539156032,1.7098404312514268,3.179839270708746,2.472621786164881,3.0023643989218054,-0.3392415610388185,1.8157744728258824,0.2086219213890776,2.510895570135537
33.0,267.0,1000.5403442382812,-4.38181940135786,-3.790643089082448,1.709840431240402,3.179839270708822,2.472621786164881,3.002330374643449,-0.3392415622739212,1.8157744371146456,0.2086145792226635,2.510890782227812
33.0,267.0,1000.5403442382812,-4.38181940135786,-3.790643090946346,1.709840431240402,3.179839270708698,2.472621786164881,3.002330599949261,-0.3392415622550759,1.8157744410439736,0.2086140586560192,2.5108785652103216
33.0,267.0,1000.5403442382812,-4.38181940135786,-3.790649099025933,1.709840431240402,3.179839270708792,2.472621786164881,3.002364727263103,-0.339241561024456,1.8157744375232308,0.2086209776396653,2.510894826613249
33.0,267.0,1000.5403442382812,-4.38181940135786,-3.790643090946346,1.709840431240402,3.179839270708698,2.472621786164881,3.002364727245905,-0.339241561024456,1.8157744375232308,0.2086140785998265,2.510894826613249
33.0,267.0,1000.5403442382812,-4.38181940135786,-3.7906492367292186,1.709840431240402,3.179839270708755,2.472621786164881,3.0023642723224064,-0.3392415623323578,1.815774440457308,0.2086140593329907,2.510891247709163
33.0,267.0,1000.5403442382812,-4.38181940135786,-3.7906492367292186,1.709840431240402,3.179839270708755,2.472621786164881,3.0023301956376454,-0.3392415623612403,1.8157744406464889,0.2086140593329907,2.510880971261438
33.0,267.0,1000.5403442382812,-4.38181940135786,-3.790642160465479,1.7098404312403357,3.179839270708746,2.472621786164881,3.0023643989218054,-0.3392415610388185,1.8157744728351648,0.2086142043282788,2.510891737824357
33.0,267.0,1000.5403442382812,-4.38181940135786,-3.7906492367292186,1.709840431240402,3.179839270708755,2.472621786164881,3.0023642723224064,-0.3392415623323578,1.815774440457308,0.2086140593329907,2.510891247709163
33.0,267.0,1000.5403442382812,-4.38181940135786,-3.790616539156032,1.7098404312514268,3.179839270708746,2.472621786164881,3.0023643989218054,-0.3392415610388185,1.8157744728258824,0.2086220129518168,2.5108616034193525
33.0,267.0,1000.5403442382812,-4.38181940135786,-3.7906492367292186,1.709840431240402,3.179839270708761,2.472621786164881,3.002330374643449,-0.3392415622645659,1.815774506273446,0.2086136848628947,2.510880991146654
33.0,267.0,1000.5403442382812,-4.38181940135786,-3.790616356670853,1.709840431240161,3.1798392707088805,2.472621786164881,3.002331774575312,-0.3392415610429904,1.815774473376663,0.2086145214171468,2.5108939963129
33.0,267.0,1000.5403442382812,-4.38181940135786,-3.790649024796637,1.709840431240402,3.179839270708825,2.472621786164881,3.002330374643449,-0.3392415623031728,1.815774437573141,0.2086137418437725,2.510887867629052
33.0,267.0,1000.5403442382812,-4.38181940135786,-3.790643090946346,1.709840431240402,3.179839270708698,2.472621786164881,3.00236472901809,-0.339241561024456,1.815774473392217,0.2086140784083103,2.510894826613249
33.0,267.0,1000.5403442382812,-4.38181940135786,-3.790618836297694,1.709840431240161,3.1798392707088774,2.472621786164881,3.002331774575312,-0.339241562230688,1.815774472364474,0.2086145214171468,2.5108939963129
33.0,268.0,1000.5396728515624,-4.38181940135786,-3.790649024796637,1.709840431240402,3.1798392707087326,2.472621786164881,3.002330374643449,-0.3413247619224711,1.815774437573141,0.2086137424556594,2.5109164231527856
33.0,268.0,1000.5397338867188,-4.38181940135786,-3.790616853724553,1.709840431240402,3.179839270708833,2.472621786164881,3.002330374643449,-0.3413118467241663,1.815774440598947,0.2086249637796961,2.5112362335518665
33.0,268.0,1000.5397338867188,-4.38181940135786,-3.790650294251407,1.709840431240402,3.17983927070873,2.472621786164881,3.002330374643449,-0.3412819513645576,1.8157744406528635,0.2086142401894788,2.5112094912902583
33.0,268.0,1000.5397338867188,-4.38181940135786,-3.790642578753447,1.709840431240402,3.179839270708698,2.472621786164881,3.002364727263103,-0.3412460866029956,1.8157744374761464,0.2086140785998265,2.510894826613249
33.0,268.0,1000.5397338867188,-4.38181940135786,-3.790651366807822,1.709840431240402,3.179839270708755,2.472621786164881,3.0023653834806057,-0.3412452840541738,1.8157744405821088,0.2086140593329907,2.510919387113353
33.0,268.0,1000.5397338867188,-4.38181940135786,-3.7906503082110734,1.709840431240402,3.179839270708698,2.472621786164881,3.002364727263103,-0.3412828526042263,1.8157744374761464,0.2086140806444342,2.510894826613249
33.0,268.0,1000.5397338867188,-4.38181940135786,-3.790642056100399,1.709840431240402,3.1798392707086967,2.472621786164881,3.002364727263103,-0.3412833710344705,1.8157744375659723,0.2086229243447722,2.510891970402988
33.0,268.0,1000.5397338867188,-4.38181940135786,-3.790643083532889,1.709840431240402,3.179839270708755,2.472621786164881,3.0023653834806057,-0.3412452840541738,1.8157744734172687,0.2086140593329907,2.510919387113353
33.0,268.0,1000.5397338867188,-4.38181940135786,-3.790642578753447,1.709840431240402,3.179839270708698,2.472621786164881,3.0023651250356043,-0.3412460866029956,1.8157744374761464,0.2086145554129166,2.510894826613249
33.0,268.0,1000.5397338867188,-4.38181940135786,-3.79065047353588,1.709840431240402,3.17983927070873,2.472621786164881,3.002329566134582,-0.3412834863419708,1.815774437508696,0.208614243099213,2.5108981274484967
33.0,268.0,1000.5397338867188,-4.38181940135786,-3.790616853724553,1.709840431240402,3.179839270708832,2.472621786164881,3.002330374643449,-0.3413118467241663,1.8157744405954168,0.2086228524276041,2.5112362335518665
33.0,268.0,1000.5397338867188,-4.38181940135786,-3.790616356670853,1.7098404312401667,3.1798392707088805,2.472621786164881,3.002331774575312,-0.3411596003726664,1.815774473376663,0.2086140854300657,2.510894029083496
33.0,268.0,1000.5403442382812,-4.38181940135786,-3.790642601750621,1.709840431240402,3.1798392707087326,2.472621786164881,3.002364332551787,-0.339241561024456,1.8157744375232308,0.2086226647931066,2.51091762021094
33.0,268.0,1000.5403442382812,-4.38181940135786,-3.790642601750621,1.709840431240402,3.179839270708745,2.472621786164881,3.002364332551787,-0.339241561024456,1.8157744375232308,0.2086226647931066,2.51091762021094
33.0,268.0,1000.5403442382812,-4.38181940135786,-3.7906352981805824,1.709840431240402,3.1798392707087326,2.472621786164881,3.0023643416729886,-0.339241561024456,1.8157744729238408,0.2086219668178157,2.51091762021094
33.0,268.0,1000.5403442382812,-4.38181940135786,-3.790643090946346,1.709840431240402,3.1798392707098,2.472621786164881,3.002364727263103,-0.339241561024456,1.8157744375232308,0.2086226647931066,2.510891970402988
33.0,268.0,1000.5403442382812,-4.38181940135786,-3.790616539156032,1.7098404312514268,3.179839270708746,2.472621786164881,3.0023643989218054,-0.3392415610388185,1.8157744728258824,0.2086220129518168,2.5108616034193525
33.0,268.0,1000.5403442382812,-4.38181940135786,-3.790643090946346,1.709840431240402,3.179839270708698,2.472621786164881,3.002364727263103,-0.339241561024456,1.8157744375232308,0.2086140785998265,2.510894826613249
33.0,268.0,1000.5403442382812,-4.38181940135786,-3.790642601750621,1.709840431240402,3.179839270708745,2.472621786164881,3.002364332551787,-0.339241561024456,1.8157744375232308,0.2086226647931066,2.51091762021094
33.0,268.0,1000.5403442382812,-4.38181940135786,-3.790643089082448,1.709840431240402,3.179839270708822,2.472621786164881,3.002330374643449,-0.3392415622739212,1.8157744371146456,0.2086145792226635,2.510890782227812
33.0,268.0,1000.5403442382812,-4.38181940135786,-3.790643090946346,1.709840431240402,3.179839270708698,2.472621786164881,3.002364727263103,-0.339241561024456,1.8157744375232308,0.2086140785998265,2.510894826613249
33.0,268.0,1000.5403442382812,-4.38181940135786,-3.790643090946346,1.709840431240402,3.179839270708698,2.472621786164881,3.0023647291935176,-0.339241561024456,1.8157744732789265,0.2086141831401635,2.510894826613249
33.0,268.0,1000.5403442382812,-4.38181940135786,-3.790643090946346,1.709840431240402,3.179839270708756,2.472621786164881,3.002364727263103,-0.339241561024456,1.8157744375232308,0.2086226696866144,2.510891970402988
33.0,268.0,1000.5403442382812,-4.38181940135786,-3.790616539156032,1.709840431240161,3.1798392707088805,2.472621786164881,3.002331774575312,-0.3392415622771756,1.815774472364474,0.2086145214171468,2.5108939963129
33.0,268.0,1000.5403442382812,-4.38181940135786,-3.7906492367292186,1.709840431240402,3.179839270708755,2.472621786164881,3.002330374643449,-0.3392415623323578,1.8157744406464889,0.2086140593329907,2.510880991146654
33.0,268.0,1000.5403442382812,-4.38181940135786,-3.790649097538061,1.709840431240402,3.179839270708745,2.472621786164881,3.002364116040136,-0.339241561026246,1.8157744375232308,0.2086226647931066,2.51091762021094
33.0,268.0,1000.5403442382812,-4.38181940135786,-3.790649024796637,1.709840431240402,3.179839270708732,2.472621786164881,3.002330374643449,-0.33924156230436,1.815774437573141,0.2086137424556594,2.510916417620185
33.0,268.0,1000.5403442382812,-4.38181940135786,-3.790643090946346,1.709840431240402,3.179839270708698,2.472621786164881,3.002364729000892,-0.339241561024456,1.815774473392217,0.2086140784083103,2.510894826613249
33.0,268.0,1000.5403442382812,-4.38181940135786,-3.790616539156032,1.7098404312401534,3.1798392707088854,2.472621786164881,3.002331678303624,-0.3392415622771756,1.815774472364474,0.2086145214171468,2.510894855848028
33.0,268.0,1000.5403442382812,-4.38181940135786,-3.790643086290712,1.709840431240402,3.179839270708659,2.472621786164881,3.0023294586772766,-0.339241561024456,1.8157744733139665,0.2086141831401635,2.510894826613249
33.0,268.0,1000.5403442382812,-4.38181940135786,-3.790642505354665,1.709840431240402,3.179839270708816,2.472621786164881,3.0023293032965936,-0.3392415622564392,1.8157744374109337,0.2086138549969832,2.5108977788099
33.0,268.0,1000.5403442382812,-4.38181940135786,-3.790616539156032,1.7098404312514268,3.179839270708746,2.472621786164881,3.0023643989218054,-0.3392415610388185,1.8157744728258824,0.2086219213890776,2.510895570135537
33.0,268.0,1000.5403442382812,-4.38181940135786,-3.790649434749882,1.709840431240402,3.179839270708744,2.472621786164881,3.002364116040136,-0.3392415622528004,1.8157744375232308,0.208614770754565,2.51091762021094
33.0,268.0,1000.5403442382812,-4.38181940135786,-3.790642615745795,1.709840431240402,3.179839270709825,2.472621786164881,3.002364727263103,-0.339241561024456,1.8157744375232308,0.2086226647931066,2.5109179728358666
33.0,268.0,1000.5403442382812,-4.38181940135786,-3.7906492367292186,1.709840431240402,3.179839270708755,2.472621786164881,3.0023642723224064,-0.3392415623323578,1.815774440457308,0.2086140593329907,2.510891247709163
33.0,268.0,1000.5403442382812,-4.38181940135786,-3.790643089082448,1.709840431240402,3.179839270708822,2.472621786164881,3.002330374643449,-0.3392415622739212,1.8157744371146456,0.2086145792226635,2.510890782227812
33.0,268.0,1000.5403442382812,-4.38181940135786,-3.790649556181269,1.709840431240402,3.179839270708755,2.472621786164881,3.002331609978558,-0.3392415623315194,1.815774440745769,0.2086140593329907,2.510879186824711
33.0,268.0,1000.5403442382812,-4.38181940135786,-3.7906437516910927,1.709840431240402,3.179839270708698,2.472621786164881,3.0023647212043247,-0.339241561024456,1.815774473392217,0.2086220349334953,2.510894826613249
33.0,268.0,1000.5403442382812,-4.38181940135786,-3.790643090946346,1.709840431240402,3.17983927070984,2.472621786164881,3.002364727263103,-0.339241561024456,1.8157744375232308,0.2086209776396653,2.510894826613249
33.0,268.0,1000.5403442382812,-4.38181940135786,-3.790616539156032,1.7098404312514268,3.179839270708746,2.472621786164881,3.0023643989218054,-0.3392415610388185,1.8157744728258824,0.2086219213890776,2.510895570135537
33.0,268.0,1000.5403442382812,-4.38181940135786,-3.790643089082448,1.709840431240402,3.179839270708822,2.472621786164881,3.002330374643449,-0.3392415622739212,1.8157744371146456,0.2086145792226635,2.510890782227812
33.0,268.0,1000.5403442382812,-4.38181940135786,-3.790643090946346,1.709840431240402,3.179839270708698,2.472621786164881,3.002330599949261,-0.3392415622550759,1.8157744410439736,0.2086140586560192,2.5108785652103216
33.0,268.0,1000.5403442382812,-4.38181940135786,-3.790649099025933,1.709840431240402,3.179839270708792,2.472621786164881,3.002364727263103,-0.339241561024456,1.8157744375232308,0.2086209776396653,2.510894826613249
33.0,268.0,1000.5403442382812,-4.38181940135786,-3.790643090946346,1.709840431240402,3.179839270708698,2.472621786164881,3.002364727245905,-0.339241561024456,1.8157744375232308,0.2086140785998265,2.510894826613249
33.0,268.0,1000.5403442382812,-4.38181940135786,-3.7906492367292186,1.709840431240402,3.179839270708755,2.472621786164881,3.0023642723224064,-0.3392415623323578,1.815774440457308,0.2086140593329907,2.510891247709163
33.0,268.0,1000.5403442382812,-4.38181940135786,-3.7906492367292186,1.709840431240402,3.179839270708755,2.472621786164881,3.0023301956376454,-0.3392415623612403,1.8157744406464889,0.2086140593329907,2.510880971261438
33.0,268.0,1000.5403442382812,-4.38181940135786,-3.790642160465479,1.7098404312403357,3.179839270708746,2.472621786164881,3.0023643989218054,-0.3392415610388185,1.8157744728351648,0.2086142043282788,2.510891737824357
33.0,268.0,1000.5403442382812,-4.38181940135786,-3.7906492367292186,1.709840431240402,3.179839270708755,2.472621786164881,3.0023642723224064,-0.3392415623323578,1.815774440457308,0.2086140593329907,2.510891247709163
33.0,268.0,1000.5403442382812,-4.38181940135786,-3.790616539156032,1.7098404312514268,3.179839270708746,2.472621786164881,3.0023643989218054,-0.3392415610388185,1.8157744728258824,0.2086220129518168,2.5108616034193525
33.0,268.0,1000.5403442382812,-4.38181940135786,-3.7906492367292186,1.709840431240402,3.179839270708761,2.472621786164881,3.002330374643449,-0.3392415622645659,1.815774506273446,0.2086136848628947,2.510880991146654
33.0,269.0,1000.5396728515624,-4.38181940135786,-3.790649024796637,1.709840431240402,3.1798392707087326,2.472621786164881,3.002330374643449,-0.3413247619224711,1.815774437573141,0.2086137424556594,2.5109164231527856
33.0,269.0,1000.5396728515624,-4.38181940135786,-3.790616853724553,1.709840431240402,3.179839270708834,2.472621786164881,3.002330374643449,-0.3413029057203777,1.8157744431152287,0.2086249637796961,2.5109136278629003
33.0,269.0,1000.5397338867188,-4.38181940135786,-3.790616853724553,1.709840431240402,3.179839270708833,2.472621786164881,3.002330374643449,-0.3413118467241663,1.815774440598947,0.2086249637796961,2.5112362335518665
33.0,269.0,1000.5397338867188,-4.38181940135786,-3.790650294251407,1.709840431240402,3.17983927070873,2.472621786164881,3.002330374643449,-0.3412819513645576,1.8157744406528635,0.2086142401894788,2.5112094912902583
33.0,269.0,1000.5397338867188,-4.38181940135786,-3.790642578753447,1.709840431240402,3.179839270708698,2.472621786164881,3.002364727263103,-0.3412460866029956,1.8157744374761464,0.2086140785998265,2.510894826613249
33.0,269.0,1000.5397338867188,-4.38181940135786,-3.790651366807822,1.709840431240402,3.179839270708755,2.472621786164881,3.0023653834806057,-0.3412452840541738,1.8157744405821088,0.2086140593329907,2.510919387113353
33.0,269.0,1000.5397338867188,-4.38181940135786,-3.7906503082110734,1.709840431240402,3.179839270708698,2.472621786164881,3.002364727263103,-0.3412828526042263,1.8157744374761464,0.2086140806444342,2.510894826613249
33.0,269.0,1000.5397338867188,-4.38181940135786,-3.790642056100399,1.709840431240402,3.1798392707086967,2.472621786164881,3.002364727263103,-0.3412833710344705,1.8157744375659723,0.2086229243447722,2.510891970402988
33.0,269.0,1000.5397338867188,-4.38181940135786,-3.790643083532889,1.709840431240402,3.179839270708755,2.472621786164881,3.0023653834806057,-0.3412452840541738,1.8157744734172687,0.2086140593329907,2.510919387113353
33.0,269.0,1000.5397338867188,-4.38181940135786,-3.790642578753447,1.709840431240402,3.179839270708698,2.472621786164881,3.0023651250356043,-0.3412460866029956,1.8157744374761464,0.2086145554129166,2.510894826613249
33.0,269.0,1000.5397338867188,-4.38181940135786,-3.79065047353588,1.709840431240402,3.17983927070873,2.472621786164881,3.002329566134582,-0.3412834863419708,1.815774437508696,0.208614243099213,2.5108981274484967
33.0,269.0,1000.5397338867188,-4.38181940135786,-3.790616853724553,1.709840431240402,3.179839270708832,2.472621786164881,3.002330374643449,-0.3413118467241663,1.8157744405954168,0.2086228524276041,2.5112362335518665
33.0,269.0,1000.5397338867188,-4.38181940135786,-3.790616356670853,1.7098404312401667,3.1798392707088805,2.472621786164881,3.002331774575312,-0.3411596003726664,1.815774473376663,0.2086140854300657,2.510894029083496
33.0,269.0,1000.5397338867188,-4.38181940135786,-3.790649024796637,1.7098404312406656,3.179839270708732,2.472621786164881,3.002364301605948,-0.3413247619224711,1.815774435079727,0.2086220039564529,2.5108965012249924
33.0,269.0,1000.5397338867188,-4.38181940135786,-3.7906504028648063,1.709840431240402,3.1798392707086967,2.472621786164881,3.002364727263103,-0.3412833039401549,1.8157744375659723,0.2086229243447722,2.510891970402988
33.0,269.0,1000.5397338867188,-4.38181940135786,-3.790616853724553,1.709840431240402,3.179839270708744,2.472621786164881,3.002330374643449,-0.3413118467241663,1.8157744405954168,0.2086220737738427,2.5112362335518665
33.0,269.0,1000.5397338867188,-4.38181940135786,-3.790642102195532,1.709840431240402,3.179839270708759,2.472621786164881,3.0023654197463987,-0.3412815555581258,1.8157744734172687,0.2086140593329907,2.510919387113353
33.0,269.0,1000.5397338867188,-4.38181940135786,-3.790616356670853,1.7098404312401667,3.1798392707088805,2.472621786164881,3.002331774575312,-0.3411596003726664,1.815774473376663,0.2086140854300657,2.510894029083496
33.0,269.0,1000.5397338867188,-4.38181940135786,-3.7906430374377553,1.709840431240402,3.179839270708693,2.472621786164881,3.00236469099731,-0.3412470995305187,1.8157744375659723,0.2086229243447722,2.510891970402988
33.0,269.0,1000.5397338867188,-4.38181940135786,-3.790643085759637,1.709840431240402,3.179839270708704,2.472621786164881,3.002364832820858,-0.3412659674905831,1.8157744371144544,0.2086145914540267,2.510890782227812
33.0,269.0,1000.5397338867188,-4.38181940135786,-3.790616356670853,1.7098404312401667,3.17983927070888,2.472621786164881,3.002331774575312,-0.3411685413764549,1.8157744708603816,0.2086140854300657,2.5112166347724627
33.0,269.0,1000.5403442382812,-4.38181940135786,-3.790642601750621,1.709840431240402,3.1798392707087326,2.472621786164881,3.002364332551787,-0.339241561024456,1.8157744375232308,0.2086226647931066,2.51091762021094
33.0,269.0,1000.5403442382812,-4.38181940135786,-3.790642601750621,1.709840431240402,3.179839270708745,2.472621786164881,3.002364332551787,-0.339241561024456,1.8157744375232308,0.2086226647931066,2.51091762021094
33.0,269.0,1000.5403442382812,-4.38181940135786,-3.7906352981805824,1.709840431240402,3.1798392707087326,2.472621786164881,3.0023643416729886,-0.339241561024456,1.8157744729238408,0.2086219668178157,2.51091762021094
33.0,269.0,1000.5403442382812,-4.38181940135786,-3.790643090946346,1.709840431240402,3.1798392707098,2.472621786164881,3.002364727263103,-0.339241561024456,1.8157744375232308,0.2086226647931066,2.510891970402988
33.0,269.0,1000.5403442382812,-4.38181940135786,-3.790616539156032,1.7098404312514268,3.179839270708746,2.472621786164881,3.0023643989218054,-0.3392415610388185,1.8157744728258824,0.2086220129518168,2.5108616034193525
33.0,269.0,1000.5403442382812,-4.38181940135786,-3.790643090946346,1.709840431240402,3.179839270708698,2.472621786164881,3.002364727263103,-0.339241561024456,1.8157744375232308,0.2086140785998265,2.510894826613249
33.0,269.0,1000.5403442382812,-4.38181940135786,-3.790642601750621,1.709840431240402,3.179839270708745,2.472621786164881,3.002364332551787,-0.339241561024456,1.8157744375232308,0.2086226647931066,2.51091762021094
33.0,269.0,1000.5403442382812,-4.38181940135786,-3.790643089082448,1.709840431240402,3.179839270708822,2.472621786164881,3.002330374643449,-0.3392415622739212,1.8157744371146456,0.2086145792226635,2.510890782227812
33.0,269.0,1000.5403442382812,-4.38181940135786,-3.790643090946346,1.709840431240402,3.179839270708698,2.472621786164881,3.002364727263103,-0.339241561024456,1.8157744375232308,0.2086140785998265,2.510894826613249
33.0,269.0,1000.5403442382812,-4.38181940135786,-3.790643090946346,1.709840431240402,3.179839270708698,2.472621786164881,3.0023647291935176,-0.339241561024456,1.8157744732789265,0.2086141831401635,2.510894826613249
33.0,269.0,1000.5403442382812,-4.38181940135786,-3.790643090946346,1.709840431240402,3.179839270708756,2.472621786164881,3.002364727263103,-0.339241561024456,1.8157744375232308,0.2086226696866144,2.510891970402988
33.0,269.0,1000.5403442382812,-4.38181940135786,-3.790616539156032,1.709840431240161,3.1798392707088805,2.472621786164881,3.002331774575312,-0.3392415622771756,1.815774472364474,0.2086145214171468,2.5108939963129
33.0,269.0,1000.5403442382812,-4.38181940135786,-3.7906492367292186,1.709840431240402,3.179839270708755,2.472621786164881,3.002330374643449,-0.3392415623323578,1.8157744406464889,0.2086140593329907,2.510880991146654
33.0,269.0,1000.5403442382812,-4.38181940135786,-3.790649097538061,1.709840431240402,3.179839270708745,2.472621786164881,3.002364116040136,-0.339241561026246,1.8157744375232308,0.2086226647931066,2.51091762021094
33.0,269.0,1000.5403442382812,-4.38181940135786,-3.790649024796637,1.709840431240402,3.179839270708732,2.472621786164881,3.002330374643449,-0.33924156230436,1.815774437573141,0.2086137424556594,2.510916417620185
33.0,269.0,1000.5403442382812,-4.38181940135786,-3.790643090946346,1.709840431240402,3.179839270708698,2.472621786164881,3.002364729000892,-0.339241561024456,1.815774473392217,0.2086140784083103,2.510894826613249
33.0,269.0,1000.5403442382812,-4.38181940135786,-3.790616539156032,1.7098404312401534,3.1798392707088854,2.472621786164881,3.002331678303624,-0.3392415622771756,1.815774472364474,0.2086145214171468,2.510894855848028
33.0,269.0,1000.5403442382812,-4.38181940135786,-3.790643086290712,1.709840431240402,3.179839270708659,2.472621786164881,3.0023294586772766,-0.339241561024456,1.8157744733139665,0.2086141831401635,2.510894826613249
33.0,269.0,1000.5403442382812,-4.38181940135786,-3.790642505354665,1.709840431240402,3.179839270708816,2.472621786164881,3.0023293032965936,-0.3392415622564392,1.8157744374109337,0.2086138549969832,2.5108977788099
33.0,269.0,1000.5403442382812,-4.38181940135786,-3.790616539156032,1.7098404312514268,3.179839270708746,2.472621786164881,3.0023643989218054,-0.3392415610388185,1.8157744728258824,0.2086219213890776,2.510895570135537
33.0,269.0,1000.5403442382812,-4.38181940135786,-3.790649434749882,1.709840431240402,3.179839270708744,2.472621786164881,3.002364116040136,-0.3392415622528004,1.8157744375232308,0.208614770754565,2.51091762021094
33.0,269.0,1000.5403442382812,-4.38181940135786,-3.790642615745795,1.709840431240402,3.179839270709825,2.472621786164881,3.002364727263103,-0.339241561024456,1.8157744375232308,0.2086226647931066,2.5109179728358666
33.0,269.0,1000.5403442382812,-4.38181940135786,-3.7906492367292186,1.709840431240402,3.179839270708755,2.472621786164881,3.0023642723224064,-0.3392415623323578,1.815774440457308,0.2086140593329907,2.510891247709163
33.0,269.0,1000.5403442382812,-4.38181940135786,-3.790643089082448,1.709840431240402,3.179839270708822,2.472621786164881,3.002330374643449,-0.3392415622739212,1.8157744371146456,0.2086145792226635,2.510890782227812
33.0,269.0,1000.5403442382812,-4.38181940135786,-3.790649556181269,1.709840431240402,3.179839270708755,2.472621786164881,3.002331609978558,-0.3392415623315194,1.815774440745769,0.2086140593329907,2.510879186824711
33.0,269.0,1000.5403442382812,-4.38181940135786,-3.7906437516910927,1.709840431240402,3.179839270708698,2.472621786164881,3.0023647212043247,-0.339241561024456,1.815774473392217,0.2086220349334953,2.510894826613249
33.0,269.0,1000.5403442382812,-4.38181940135786,-3.790643090946346,1.709840431240402,3.17983927070984,2.472621786164881,3.002364727263103,-0.339241561024456,1.8157744375232308,0.2086209776396653,2.510894826613249
33.0,269.0,1000.5403442382812,-4.38181940135786,-3.790616539156032,1.7098404312514268,3.179839270708746,2.472621786164881,3.0023643989218054,-0.3392415610388185,1.8157744728258824,0.2086219213890776,2.510895570135537
33.0,269.0,1000.5403442382812,-4.38181940135786,-3.790643089082448,1.709840431240402,3.179839270708822,2.472621786164881,3.002330374643449,-0.3392415622739212,1.8157744371146456,0.2086145792226635,2.510890782227812
33.0,270.0,1000.5396118164062,-4.38181940135786,-3.790616539156032,1.7098404312401534,3.1798392707088854,2.472621786164881,3.002331678303624,-0.3414483238424391,1.815774472364474,0.2086145214171468,2.5108844424732086
33.0,270.0,1000.5396728515624,-4.38181940135786,-3.790649024796637,1.709840431240402,3.1798392707087326,2.472621786164881,3.002330374643449,-0.3413247619224711,1.815774437573141,0.2086137424556594,2.5109164231527856
33.0,270.0,1000.5396728515624,-4.38181940135786,-3.790616853724553,1.709840431240402,3.179839270708834,2.472621786164881,3.002330374643449,-0.3413029057203777,1.8157744431152287,0.2086249637796961,2.5109136278629003
33.0,270.0,1000.5396728515624,-4.38181940135786,-3.790642102195532,1.709840431240402,3.179839270708759,2.472621786164881,3.002364726512494,-0.3413831669627521,1.8157744339476631,0.2086140872941765,2.510919387113353
33.0,270.0,1000.5396728515624,-4.38181940135786,-3.790616853724553,1.709840431240402,3.179839270708834,2.472621786164881,3.002330374643449,-0.3413029057203777,1.815774442955239,0.2086246765794337,2.5109136278629003
33.0,270.0,1000.5396728515624,-4.38181940135786,-3.790649024796637,1.709840431240402,3.1798392707087326,2.472621786164881,3.002330374643449,-0.3413247619224711,1.815774437573141,0.2086137424556594,2.5109164231527856
33.0,270.0,1000.5396728515624,-4.38181940135786,-3.790649024796637,1.7098404312406563,3.1798392707087326,2.472621786164881,3.002330374643449,-0.3413247619224711,1.8157744376904168,0.2086217194878171,2.5109164231527856
33.0,270.0,1000.5397338867188,-4.38181940135786,-3.790616853724553,1.709840431240402,3.179839270708833,2.472621786164881,3.002330374643449,-0.3413118467241663,1.815774440598947,0.2086249637796961,2.5112362335518665
33.0,270.0,1000.5397338867188,-4.38181940135786,-3.790650294251407,1.709840431240402,3.17983927070873,2.472621786164881,3.002330374643449,-0.3412819513645576,1.8157744406528635,0.2086142401894788,2.5112094912902583
33.0,270.0,1000.5397338867188,-4.38181940135786,-3.790642578753447,1.709840431240402,3.179839270708698,2.472621786164881,3.002364727263103,-0.3412460866029956,1.8157744374761464,0.2086140785998265,2.510894826613249
33.0,270.0,1000.5397338867188,-4.38181940135786,-3.790651366807822,1.709840431240402,3.179839270708755,2.472621786164881,3.0023653834806057,-0.3412452840541738,1.8157744405821088,0.2086140593329907,2.510919387113353
33.0,270.0,1000.5397338867188,-4.38181940135786,-3.7906503082110734,1.709840431240402,3.179839270708698,2.472621786164881,3.002364727263103,-0.3412828526042263,1.8157744374761464,0.2086140806444342,2.510894826613249
33.0,270.0,1000.5397338867188,-4.38181940135786,-3.790642056100399,1.709840431240402,3.1798392707086967,2.472621786164881,3.002364727263103,-0.3412833710344705,1.8157744375659723,0.2086229243447722,2.510891970402988
33.0,270.0,1000.5397338867188,-4.38181940135786,-3.790643083532889,1.709840431240402,3.179839270708755,2.472621786164881,3.0023653834806057,-0.3412452840541738,1.8157744734172687,0.2086140593329907,2.510919387113353
33.0,270.0,1000.5397338867188,-4.38181940135786,-3.790642578753447,1.709840431240402,3.179839270708698,2.472621786164881,3.0023651250356043,-0.3412460866029956,1.8157744374761464,0.2086145554129166,2.510894826613249
33.0,270.0,1000.5397338867188,-4.38181940135786,-3.79065047353588,1.709840431240402,3.17983927070873,2.472621786164881,3.002329566134582,-0.3412834863419708,1.815774437508696,0.208614243099213,2.5108981274484967
33.0,270.0,1000.5397338867188,-4.38181940135786,-3.790616853724553,1.709840431240402,3.179839270708832,2.472621786164881,3.002330374643449,-0.3413118467241663,1.8157744405954168,0.2086228524276041,2.5112362335518665
33.0,270.0,1000.5397338867188,-4.38181940135786,-3.790616356670853,1.7098404312401667,3.1798392707088805,2.472621786164881,3.002331774575312,-0.3411596003726664,1.815774473376663,0.2086140854300657,2.510894029083496
33.0,270.0,1000.5397338867188,-4.38181940135786,-3.790649024796637,1.7098404312406656,3.179839270708732,2.472621786164881,3.002364301605948,-0.3413247619224711,1.815774435079727,0.2086220039564529,2.5108965012249924
33.0,270.0,1000.5397338867188,-4.38181940135786,-3.7906504028648063,1.709840431240402,3.1798392707086967,2.472621786164881,3.002364727263103,-0.3412833039401549,1.8157744375659723,0.2086229243447722,2.510891970402988
33.0,270.0,1000.5397338867188,-4.38181940135786,-3.790616853724553,1.709840431240402,3.179839270708744,2.472621786164881,3.002330374643449,-0.3413118467241663,1.8157744405954168,0.2086220737738427,2.5112362335518665
33.0,270.0,1000.5397338867188,-4.38181940135786,-3.790642102195532,1.709840431240402,3.179839270708759,2.472621786164881,3.0023654197463987,-0.3412815555581258,1.8157744734172687,0.2086140593329907,2.510919387113353
33.0,270.0,1000.5397338867188,-4.38181940135786,-3.790616356670853,1.7098404312401667,3.1798392707088805,2.472621786164881,3.002331774575312,-0.3411596003726664,1.815774473376663,0.2086140854300657,2.510894029083496
33.0,270.0,1000.5397338867188,-4.38181940135786,-3.7906430374377553,1.709840431240402,3.179839270708693,2.472621786164881,3.00236469099731,-0.3412470995305187,1.8157744375659723,0.2086229243447722,2.510891970402988
33.0,270.0,1000.5397338867188,-4.38181940135786,-3.790643085759637,1.709840431240402,3.179839270708704,2.472621786164881,3.002364832820858,-0.3412659674905831,1.8157744371144544,0.2086145914540267,2.510890782227812
33.0,270.0,1000.5397338867188,-4.38181940135786,-3.790616356670853,1.7098404312401667,3.17983927070888,2.472621786164881,3.002331774575312,-0.3411685413764549,1.8157744708603816,0.2086140854300657,2.5112166347724627
33.0,270.0,1000.5397338867188,-4.38181940135786,-3.790616356670853,1.7098404312401667,3.17983927070888,2.472621786164881,3.002331774575312,-0.3411685413764549,1.8157744708603816,0.2086140854300657,2.5112166347724627
33.0,270.0,1000.5397338867188,-4.38181940135786,-3.790643089082448,1.709840431240402,3.179839270708822,2.472621786164881,3.002330374643449,-0.3412754876770625,1.8157744371146456,0.2086145792226635,2.510890588449592
33.0,270.0,1000.5397338867188,-4.38181940135786,-3.790642578753447,1.709840431240402,3.179839270708698,2.472621786164881,3.002365369933152,-0.3412461094157794,1.8157744374761464,0.2086145554129166,2.510894826613249
33.0,270.0,1000.5397338867188,-4.38181940135786,-3.790649024796637,1.709840431240411,3.179839270708732,2.472621786164881,3.002364301605948,-0.3413247619224711,1.8157744349624505,0.2086140269242952,2.5108965012249924
33.0,270.0,1000.5397338867188,-4.38181940135786,-3.790642578753447,1.709840431240402,3.179839270708698,2.472621786164881,3.002364727263103,-0.3412460866029956,1.8157744371145432,0.2086140785998265,2.510894773831925
33.0,270.0,1000.5397338867188,-4.38181940135786,-3.7906430068378727,1.709840431240402,3.179839270708698,2.472621786164881,3.002364727263103,-0.3412470868807256,1.8157744374761464,0.2086147275041196,2.5108919888078187
33.0,270.0,1000.5397338867188,-4.38181940135786,-3.790616356670853,1.7098404312401667,3.1798392707088805,2.472621786164881,3.002331774575312,-0.3411596003726664,1.815774473376663,0.2086140854300657,2.510894029083496
33.0,270.0,1000.5397338867188,-4.38181940135786,-3.7906504028648063,1.709840431240402,3.1798392707086967,2.472621786164881,3.002364727263103,-0.3412833039401549,1.8157744430890268,0.2086230854768871,2.510891824057772
33.0,270.0,1000.5397338867188,-4.38181940135786,-3.790642102195532,1.709840431240402,3.179839270708759,2.472621786164881,3.0023654197463987,-0.3412815555581258,1.8157744734172687,0.2086223958133815,2.510919391887691
33.0,270.0,1000.5397338867188,-4.38181940135786,-3.790617079766077,1.709840431240402,3.179839270708744,2.472621786164881,3.0023664127285405,-0.3412828526042263,1.8157744374761464,0.2086217981564075,2.510894826613249
33.0,270.0,1000.5397338867188,-4.38181940135786,-3.7906426093533296,1.709840431240402,3.179839270708693,2.472621786164881,3.00236469099731,-0.3412460992527887,1.8157744375659723,0.2086222754404792,2.510894808208418
33.0,270.0,1000.5403442382812,-4.38181940135786,-3.790642601750621,1.709840431240402,3.1798392707087326,2.472621786164881,3.002364332551787,-0.339241561024456,1.8157744375232308,0.2086226647931066,2.51091762021094
33.0,270.0,1000.5403442382812,-4.38181940135786,-3.790642601750621,1.709840431240402,3.179839270708745,2.472621786164881,3.002364332551787,-0.339241561024456,1.8157744375232308,0.2086226647931066,2.51091762021094
33.0,270.0,1000.5403442382812,-4.38181940135786,-3.7906352981805824,1.709840431240402,3.1798392707087326,2.472621786164881,3.0023643416729886,-0.339241561024456,1.8157744729238408,0.2086219668178157,2.51091762021094
33.0,270.0,1000.5403442382812,-4.38181940135786,-3.790643090946346,1.709840431240402,3.1798392707098,2.472621786164881,3.002364727263103,-0.339241561024456,1.8157744375232308,0.2086226647931066,2.510891970402988
33.0,270.0,1000.5403442382812,-4.38181940135786,-3.790616539156032,1.7098404312514268,3.179839270708746,2.472621786164881,3.0023643989218054,-0.3392415610388185,1.8157744728258824,0.2086220129518168,2.5108616034193525
33.0,270.0,1000.5403442382812,-4.38181940135786,-3.790643090946346,1.709840431240402,3.179839270708698,2.472621786164881,3.002364727263103,-0.339241561024456,1.8157744375232308,0.2086140785998265,2.510894826613249
33.0,270.0,1000.5403442382812,-4.38181940135786,-3.790642601750621,1.709840431240402,3.179839270708745,2.472621786164881,3.002364332551787,-0.339241561024456,1.8157744375232308,0.2086226647931066,2.51091762021094
33.0,270.0,1000.5403442382812,-4.38181940135786,-3.790643089082448,1.709840431240402,3.179839270708822,2.472621786164881,3.002330374643449,-0.3392415622739212,1.8157744371146456,0.2086145792226635,2.510890782227812
33.0,270.0,1000.5403442382812,-4.38181940135786,-3.790643090946346,1.709840431240402,3.179839270708698,2.472621786164881,3.002364727263103,-0.339241561024456,1.8157744375232308,0.2086140785998265,2.510894826613249
33.0,270.0,1000.5403442382812,-4.38181940135786,-3.790643090946346,1.709840431240402,3.179839270708698,2.472621786164881,3.0023647291935176,-0.339241561024456,1.8157744732789265,0.2086141831401635,2.510894826613249
33.0,270.0,1000.5403442382812,-4.38181940135786,-3.790643090946346,1.709840431240402,3.179839270708756,2.472621786164881,3.002364727263103,-0.339241561024456,1.8157744375232308,0.2086226696866144,2.510891970402988
33.0,270.0,1000.5403442382812,-4.38181940135786,-3.790616539156032,1.709840431240161,3.1798392707088805,2.472621786164881,3.002331774575312,-0.3392415622771756,1.815774472364474,0.2086145214171468,2.5108939963129
33.0,270.0,1000.5403442382812,-4.38181940135786,-3.7906492367292186,1.709840431240402,3.179839270708755,2.472621786164881,3.002330374643449,-0.3392415623323578,1.8157744406464889,0.2086140593329907,2.510880991146654
33.0,271.0,1000.5396118164062,-4.38181940135786,-3.790616539156032,1.7098404312401534,3.1798392707088854,2.472621786164881,3.002331678303624,-0.3414483238424391,1.815774472364474,0.2086145214171468,2.5108844424732086
33.0,271.0,1000.5396728515624,-4.38181940135786,-3.790649024796637,1.709840431240402,3.1798392707087326,2.472621786164881,3.002330374643449,-0.3413247619224711,1.815774437573141,0.2086137424556594,2.5109164231527856
33.0,271.0,1000.5396728515624,-4.38181940135786,-3.790616853724553,1.709840431240402,3.179839270708834,2.472621786164881,3.002330374643449,-0.3413029057203777,1.8157744431152287,0.2086249637796961,2.5109136278629003
33.0,271.0,1000.5396728515624,-4.38181940135786,-3.790642102195532,1.709840431240402,3.179839270708759,2.472621786164881,3.002364726512494,-0.3413831669627521,1.8157744339476631,0.2086140872941765,2.510919387113353
33.0,271.0,1000.5396728515624,-4.38181940135786,-3.790616853724553,1.709840431240402,3.179839270708834,2.472621786164881,3.002330374643449,-0.3413029057203777,1.815774442955239,0.2086246765794337,2.5109136278629003
33.0,271.0,1000.5396728515624,-4.38181940135786,-3.790649024796637,1.709840431240402,3.1798392707087326,2.472621786164881,3.002330374643449,-0.3413247619224711,1.815774437573141,0.2086137424556594,2.5109164231527856
33.0,271.0,1000.5396728515624,-4.38181940135786,-3.790649024796637,1.7098404312406563,3.1798392707087326,2.472621786164881,3.002330374643449,-0.3413247619224711,1.8157744376904168,0.2086217194878171,2.5109164231527856
33.0,271.0,1000.5396728515624,-4.38181940135786,-3.790640391708332,1.7098404312401667,3.1798392707088805,2.472621786164881,3.0023319048221127,-0.3413854682434825,1.815774473376663,0.2086140854056975,2.510894029083496
33.0,271.0,1000.5396728515624,-4.38181940135786,-3.790642102195532,1.709840431240402,3.179839270708759,2.472621786164881,3.002364726512494,-0.3413831669627521,1.8157744339476631,0.2086140854847473,2.510919387113353
33.0,271.0,1000.5396728515624,-4.38181940135786,-3.790616356670853,1.7098404312401632,3.1798392707088805,2.472621786164881,3.0023314892540705,-0.3413103632712231,1.815774473376663,0.2086142786371911,2.510894029083496
33.0,271.0,1000.5396728515624,-4.38181940135786,-3.790649024796637,1.709840431240402,3.1798392707087326,2.472621786164881,3.002330374643449,-0.3413247619224711,1.815774437573141,0.2086137424556594,2.5109164231527856
33.0,271.0,1000.5396728515624,-4.38181940135786,-3.790618561055872,1.7098404312404056,3.1798392707088854,2.472621786164881,3.0023654776680924,-0.3414483238424391,1.8157744723089808,0.2086145214171468,2.5108844424732086
33.0,271.0,1000.5396728515624,-4.38181940135786,-3.790649024796637,1.709840431240402,3.1798392707087326,2.472621786164881,3.002330374643449,-0.3413247619224711,1.815774437573141,0.2086137424556594,2.5109164231527856
33.0,271.0,1000.5397338867188,-4.38181940135786,-3.790616853724553,1.709840431240402,3.179839270708833,2.472621786164881,3.002330374643449,-0.3413118467241663,1.815774440598947,0.2086249637796961,2.5112362335518665
33.0,271.0,1000.5397338867188,-4.38181940135786,-3.790650294251407,1.709840431240402,3.17983927070873,2.472621786164881,3.002330374643449,-0.3412819513645576,1.8157744406528635,0.2086142401894788,2.5112094912902583
33.0,271.0,1000.5397338867188,-4.38181940135786,-3.790642578753447,1.709840431240402,3.179839270708698,2.472621786164881,3.002364727263103,-0.3412460866029956,1.8157744374761464,0.2086140785998265,2.510894826613249
33.0,271.0,1000.5397338867188,-4.38181940135786,-3.790651366807822,1.709840431240402,3.179839270708755,2.472621786164881,3.0023653834806057,-0.3412452840541738,1.8157744405821088,0.2086140593329907,2.510919387113353
33.0,271.0,1000.5397338867188,-4.38181940135786,-3.7906503082110734,1.709840431240402,3.179839270708698,2.472621786164881,3.002364727263103,-0.3412828526042263,1.8157744374761464,0.2086140806444342,2.510894826613249
33.0,271.0,1000.5397338867188,-4.38181940135786,-3.790642056100399,1.709840431240402,3.1798392707086967,2.472621786164881,3.002364727263103,-0.3412833710344705,1.8157744375659723,0.2086229243447722,2.510891970402988
33.0,271.0,1000.5397338867188,-4.38181940135786,-3.790643083532889,1.709840431240402,3.179839270708755,2.472621786164881,3.0023653834806057,-0.3412452840541738,1.8157744734172687,0.2086140593329907,2.510919387113353
33.0,271.0,1000.5397338867188,-4.38181940135786,-3.790642578753447,1.709840431240402,3.179839270708698,2.472621786164881,3.0023651250356043,-0.3412460866029956,1.8157744374761464,0.2086145554129166,2.510894826613249
33.0,271.0,1000.5397338867188,-4.38181940135786,-3.79065047353588,1.709840431240402,3.17983927070873,2.472621786164881,3.002329566134582,-0.3412834863419708,1.815774437508696,0.208614243099213,2.5108981274484967
33.0,271.0,1000.5397338867188,-4.38181940135786,-3.790616853724553,1.709840431240402,3.179839270708832,2.472621786164881,3.002330374643449,-0.3413118467241663,1.8157744405954168,0.2086228524276041,2.5112362335518665
33.0,271.0,1000.5397338867188,-4.38181940135786,-3.790616356670853,1.7098404312401667,3.1798392707088805,2.472621786164881,3.002331774575312,-0.3411596003726664,1.815774473376663,0.2086140854300657,2.510894029083496
33.0,271.0,1000.5397338867188,-4.38181940135786,-3.790649024796637,1.7098404312406656,3.179839270708732,2.472621786164881,3.002364301605948,-0.3413247619224711,1.815774435079727,0.2086220039564529,2.5108965012249924
33.0,271.0,1000.5397338867188,-4.38181940135786,-3.7906504028648063,1.709840431240402,3.1798392707086967,2.472621786164881,3.002364727263103,-0.3412833039401549,1.8157744375659723,0.2086229243447722,2.510891970402988
33.0,271.0,1000.5397338867188,-4.38181940135786,-3.790616853724553,1.709840431240402,3.179839270708744,2.472621786164881,3.002330374643449,-0.3413118467241663,1.8157744405954168,0.2086220737738427,2.5112362335518665
33.0,271.0,1000.5397338867188,-4.38181940135786,-3.790642102195532,1.709840431240402,3.179839270708759,2.472621786164881,3.0023654197463987,-0.3412815555581258,1.8157744734172687,0.2086140593329907,2.510919387113353
33.0,271.0,1000.5397338867188,-4.38181940135786,-3.790616356670853,1.7098404312401667,3.1798392707088805,2.472621786164881,3.002331774575312,-0.3411596003726664,1.815774473376663,0.2086140854300657,2.510894029083496
33.0,271.0,1000.5397338867188,-4.38181940135786,-3.7906430374377553,1.709840431240402,3.179839270708693,2.472621786164881,3.00236469099731,-0.3412470995305187,1.8157744375659723,0.2086229243447722,2.510891970402988
33.0,271.0,1000.5397338867188,-4.38181940135786,-3.790643085759637,1.709840431240402,3.179839270708704,2.472621786164881,3.002364832820858,-0.3412659674905831,1.8157744371144544,0.2086145914540267,2.510890782227812
33.0,271.0,1000.5397338867188,-4.38181940135786,-3.790616356670853,1.7098404312401667,3.17983927070888,2.472621786164881,3.002331774575312,-0.3411685413764549,1.8157744708603816,0.2086140854300657,2.5112166347724627
33.0,271.0,1000.5397338867188,-4.38181940135786,-3.790616356670853,1.7098404312401667,3.17983927070888,2.472621786164881,3.002331774575312,-0.3411685413764549,1.8157744708603816,0.2086140854300657,2.5112166347724627
33.0,271.0,1000.5397338867188,-4.38181940135786,-3.790643089082448,1.709840431240402,3.179839270708822,2.472621786164881,3.002330374643449,-0.3412754876770625,1.8157744371146456,0.2086145792226635,2.510890588449592
33.0,271.0,1000.5397338867188,-4.38181940135786,-3.790642578753447,1.709840431240402,3.179839270708698,2.472621786164881,3.002365369933152,-0.3412461094157794,1.8157744374761464,0.2086145554129166,2.510894826613249
33.0,271.0,1000.5397338867188,-4.38181940135786,-3.790649024796637,1.709840431240411,3.179839270708732,2.472621786164881,3.002364301605948,-0.3413247619224711,1.8157744349624505,0.2086140269242952,2.5108965012249924
33.0,271.0,1000.5397338867188,-4.38181940135786,-3.790642578753447,1.709840431240402,3.179839270708698,2.472621786164881,3.002364727263103,-0.3412460866029956,1.8157744371145432,0.2086140785998265,2.510894773831925
33.0,271.0,1000.5397338867188,-4.38181940135786,-3.7906430068378727,1.709840431240402,3.179839270708698,2.472621786164881,3.002364727263103,-0.3412470868807256,1.8157744374761464,0.2086147275041196,2.5108919888078187
33.0,271.0,1000.5397338867188,-4.38181940135786,-3.790616356670853,1.7098404312401667,3.1798392707088805,2.472621786164881,3.002331774575312,-0.3411596003726664,1.815774473376663,0.2086140854300657,2.510894029083496
33.0,271.0,1000.5397338867188,-4.38181940135786,-3.7906504028648063,1.709840431240402,3.1798392707086967,2.472621786164881,3.002364727263103,-0.3412833039401549,1.8157744430890268,0.2086230854768871,2.510891824057772
33.0,271.0,1000.5397338867188,-4.38181940135786,-3.790642102195532,1.709840431240402,3.179839270708759,2.472621786164881,3.0023654197463987,-0.3412815555581258,1.8157744734172687,0.2086223958133815,2.510919391887691
33.0,271.0,1000.5397338867188,-4.38181940135786,-3.790617079766077,1.709840431240402,3.179839270708744,2.472621786164881,3.0023664127285405,-0.3412828526042263,1.8157744374761464,0.2086217981564075,2.510894826613249
33.0,271.0,1000.5397338867188,-4.38181940135786,-3.7906426093533296,1.709840431240402,3.179839270708693,2.472621786164881,3.00236469099731,-0.3412460992527887,1.8157744375659723,0.2086222754404792,2.510894808208418
33.0,271.0,1000.5397338867188,-4.38181940135786,-3.790616853724553,1.709840431240402,3.179839270708741,2.472621786164881,3.002330374643449,-0.3413118467241663,1.8157744405954408,0.2086249637796961,2.5112362335518665
33.0,271.0,1000.5397338867188,-4.38181940135786,-3.79064904766307,1.7098404312401667,3.1798392707088805,2.472621786164881,3.0023283139837704,-0.3413173629902207,1.8157744352110703,0.2086137239119212,2.510894029083496
33.0,271.0,1000.5397338867188,-4.38181940135786,-3.790642262409971,1.709840431240402,3.179839270708899,2.472621786164881,3.002331288750085,-0.3412460866029956,1.8157744374761464,0.2086140854299442,2.5112029776961204
33.0,271.0,1000.5397338867188,-4.38181940135786,-3.790649024796637,1.709840431240411,3.1798392707086927,2.472621786164881,3.0023643345377304,-0.3413233608376826,1.8157744349745504,0.2086138448785461,2.510894803983762
33.0,271.0,1000.5397338867188,-4.38181940135786,-3.790616853724553,1.709840431240402,3.179839270708836,2.472621786164881,3.002330374643449,-0.3413118467241663,1.8157744405989231,0.2086220737738427,2.5112362335518665
33.0,271.0,1000.5397338867188,-4.38181940135786,-3.7906430068378727,1.709840431240402,3.179839270708698,2.472621786164881,3.002364727263103,-0.3412514951025326,1.8157744374761464,0.2086244624266862,2.5108919888078187
33.0,271.0,1000.5397338867188,-4.38181940135786,-3.790616333804421,1.7098404312406656,3.179839270708732,2.472621786164881,3.002367762197489,-0.3411669993049168,1.8157744732453192,0.2086223654745974,2.5108965012249924
33.0,272.0,1000.5396118164062,-4.38181940135786,-3.790616539156032,1.7098404312401534,3.1798392707088854,2.472621786164881,3.002331678303624,-0.3414483238424391,1.815774472364474,0.2086145214171468,2.5108844424732086
33.0,272.0,1000.5396118164062,-4.38181940135786,-3.790616853724553,1.709840431240402,3.179839270708836,2.472621786164881,3.0023303697085986,-0.3414706229964487,1.8157744405989231,0.2086220737738427,2.510885678387204
33.0,272.0,1000.5396118164062,-4.38181940135786,-3.790616539156032,1.7098404312401534,3.1798392707088854,2.472621786164881,3.002331678303624,-0.3414483238424391,1.815774472364474,0.2086145214171468,2.5108844424732086
33.0,272.0,1000.5396728515624,-4.38181940135786,-3.790649024796637,1.709840431240402,3.1798392707087326,2.472621786164881,3.002330374643449,-0.3413247619224711,1.815774437573141,0.2086137424556594,2.5109164231527856
33.0,272.0,1000.5396728515624,-4.38181940135786,-3.790616853724553,1.709840431240402,3.179839270708834,2.472621786164881,3.002330374643449,-0.3413029057203777,1.8157744431152287,0.2086249637796961,2.5109136278629003
33.0,272.0,1000.5396728515624,-4.38181940135786,-3.790642102195532,1.709840431240402,3.179839270708759,2.472621786164881,3.002364726512494,-0.3413831669627521,1.8157744339476631,0.2086140872941765,2.510919387113353
33.0,272.0,1000.5396728515624,-4.38181940135786,-3.790616853724553,1.709840431240402,3.179839270708834,2.472621786164881,3.002330374643449,-0.3413029057203777,1.815774442955239,0.2086246765794337,2.5109136278629003
33.0,272.0,1000.5396728515624,-4.38181940135786,-3.790649024796637,1.709840431240402,3.1798392707087326,2.472621786164881,3.002330374643449,-0.3413247619224711,1.815774437573141,0.2086137424556594,2.5109164231527856
33.0,272.0,1000.5396728515624,-4.38181940135786,-3.790649024796637,1.7098404312406563,3.1798392707087326,2.472621786164881,3.002330374643449,-0.3413247619224711,1.8157744376904168,0.2086217194878171,2.5109164231527856
33.0,272.0,1000.5396728515624,-4.38181940135786,-3.790640391708332,1.7098404312401667,3.1798392707088805,2.472621786164881,3.0023319048221127,-0.3413854682434825,1.815774473376663,0.2086140854056975,2.510894029083496
33.0,272.0,1000.5396728515624,-4.38181940135786,-3.790642102195532,1.709840431240402,3.179839270708759,2.472621786164881,3.002364726512494,-0.3413831669627521,1.8157744339476631,0.2086140854847473,2.510919387113353
33.0,272.0,1000.5396728515624,-4.38181940135786,-3.790616356670853,1.7098404312401632,3.1798392707088805,2.472621786164881,3.0023314892540705,-0.3413103632712231,1.815774473376663,0.2086142786371911,2.510894029083496
33.0,272.0,1000.5396728515624,-4.38181940135786,-3.790649024796637,1.709840431240402,3.1798392707087326,2.472621786164881,3.002330374643449,-0.3413247619224711,1.815774437573141,0.2086137424556594,2.5109164231527856
33.0,272.0,1000.5396728515624,-4.38181940135786,-3.790618561055872,1.7098404312404056,3.1798392707088854,2.472621786164881,3.0023654776680924,-0.3414483238424391,1.8157744723089808,0.2086145214171468,2.5108844424732086
33.0,272.0,1000.5396728515624,-4.38181940135786,-3.790649024796637,1.709840431240402,3.1798392707087326,2.472621786164881,3.002330374643449,-0.3413247619224711,1.815774437573141,0.2086137424556594,2.5109164231527856
33.0,272.0,1000.5396728515624,-4.38181940135786,-3.790649024796637,1.709840431240402,3.1798392707087326,2.472621786164881,3.002330374643449,-0.3413247619224711,1.815774437573141,0.2086137424556594,2.51091357099772
33.0,272.0,1000.5396728515624,-4.38181940135786,-3.79064904766307,1.7098404312401667,3.179839270708761,2.472621786164881,3.002329412823846,-0.3413821727683674,1.8157744352110703,0.208613719737037,2.510894029083496
33.0,272.0,1000.5396728515624,-4.38181940135786,-3.790649024796637,1.709840431240402,3.1798392707087326,2.472621786164881,3.002330374643449,-0.3413247619224711,1.815774437573141,0.2086140446807183,2.5109164231527856
33.0,272.0,1000.5396728515624,-4.38181940135786,-3.790640391708332,1.7098404312401667,3.1798392707088854,2.472621786164881,3.0023319048221127,-0.3413854682434825,1.815774473376663,0.2086140854056975,2.5108947580840377
33.0,272.0,1000.5396728515624,-4.38181940135786,-3.790617638399576,1.709840431240402,3.179839270708759,2.472621786164881,3.002364726512494,-0.3413944399936903,1.815774434509388,0.2086140854847473,2.510919501645968
33.0,272.0,1000.5397338867188,-4.38181940135786,-3.790616853724553,1.709840431240402,3.179839270708833,2.472621786164881,3.002330374643449,-0.3413118467241663,1.815774440598947,0.2086249637796961,2.5112362335518665
33.0,272.0,1000.5397338867188,-4.38181940135786,-3.790650294251407,1.709840431240402,3.17983927070873,2.472621786164881,3.002330374643449,-0.3412819513645576,1.8157744406528635,0.2086142401894788,2.5112094912902583
33.0,272.0,1000.5397338867188,-4.38181940135786,-3.790642578753447,1.709840431240402,3.179839270708698,2.472621786164881,3.002364727263103,-0.3412460866029956,1.8157744374761464,0.2086140785998265,2.510894826613249
33.0,272.0,1000.5397338867188,-4.38181940135786,-3.790651366807822,1.709840431240402,3.179839270708755,2.472621786164881,3.0023653834806057,-0.3412452840541738,1.8157744405821088,0.2086140593329907,2.510919387113353
33.0,272.0,1000.5397338867188,-4.38181940135786,-3.7906503082110734,1.709840431240402,3.179839270708698,2.472621786164881,3.002364727263103,-0.3412828526042263,1.8157744374761464,0.2086140806444342,2.510894826613249
33.0,272.0,1000.5397338867188,-4.38181940135786,-3.790642056100399,1.709840431240402,3.1798392707086967,2.472621786164881,3.002364727263103,-0.3412833710344705,1.8157744375659723,0.2086229243447722,2.510891970402988
33.0,272.0,1000.5397338867188,-4.38181940135786,-3.790643083532889,1.709840431240402,3.179839270708755,2.472621786164881,3.0023653834806057,-0.3412452840541738,1.8157744734172687,0.2086140593329907,2.510919387113353
33.0,272.0,1000.5397338867188,-4.38181940135786,-3.790642578753447,1.709840431240402,3.179839270708698,2.472621786164881,3.0023651250356043,-0.3412460866029956,1.8157744374761464,0.2086145554129166,2.510894826613249
33.0,272.0,1000.5397338867188,-4.38181940135786,-3.79065047353588,1.709840431240402,3.17983927070873,2.472621786164881,3.002329566134582,-0.3412834863419708,1.815774437508696,0.208614243099213,2.5108981274484967
33.0,272.0,1000.5397338867188,-4.38181940135786,-3.790616853724553,1.709840431240402,3.179839270708832,2.472621786164881,3.002330374643449,-0.3413118467241663,1.8157744405954168,0.2086228524276041,2.5112362335518665
33.0,272.0,1000.5397338867188,-4.38181940135786,-3.790616356670853,1.7098404312401667,3.1798392707088805,2.472621786164881,3.002331774575312,-0.3411596003726664,1.815774473376663,0.2086140854300657,2.510894029083496
33.0,272.0,1000.5397338867188,-4.38181940135786,-3.790649024796637,1.7098404312406656,3.179839270708732,2.472621786164881,3.002364301605948,-0.3413247619224711,1.815774435079727,0.2086220039564529,2.5108965012249924
33.0,272.0,1000.5397338867188,-4.38181940135786,-3.7906504028648063,1.709840431240402,3.1798392707086967,2.472621786164881,3.002364727263103,-0.3412833039401549,1.8157744375659723,0.2086229243447722,2.510891970402988
33.0,272.0,1000.5397338867188,-4.38181940135786,-3.790616853724553,1.709840431240402,3.179839270708744,2.472621786164881,3.002330374643449,-0.3413118467241663,1.8157744405954168,0.2086220737738427,2.5112362335518665
33.0,272.0,1000.5397338867188,-4.38181940135786,-3.790642102195532,1.709840431240402,3.179839270708759,2.472621786164881,3.0023654197463987,-0.3412815555581258,1.8157744734172687,0.2086140593329907,2.510919387113353
33.0,272.0,1000.5397338867188,-4.38181940135786,-3.790616356670853,1.7098404312401667,3.1798392707088805,2.472621786164881,3.002331774575312,-0.3411596003726664,1.815774473376663,0.2086140854300657,2.510894029083496
33.0,272.0,1000.5397338867188,-4.38181940135786,-3.7906430374377553,1.709840431240402,3.179839270708693,2.472621786164881,3.00236469099731,-0.3412470995305187,1.8157744375659723,0.2086229243447722,2.510891970402988
33.0,272.0,1000.5397338867188,-4.38181940135786,-3.790643085759637,1.709840431240402,3.179839270708704,2.472621786164881,3.002364832820858,-0.3412659674905831,1.8157744371144544,0.2086145914540267,2.510890782227812
33.0,272.0,1000.5397338867188,-4.38181940135786,-3.790616356670853,1.7098404312401667,3.17983927070888,2.472621786164881,3.002331774575312,-0.3411685413764549,1.8157744708603816,0.2086140854300657,2.5112166347724627
33.0,272.0,1000.5397338867188,-4.38181940135786,-3.790616356670853,1.7098404312401667,3.17983927070888,2.472621786164881,3.002331774575312,-0.3411685413764549,1.8157744708603816,0.2086140854300657,2.5112166347724627
33.0,272.0,1000.5397338867188,-4.38181940135786,-3.790643089082448,1.709840431240402,3.179839270708822,2.472621786164881,3.002330374643449,-0.3412754876770625,1.8157744371146456,0.2086145792226635,2.510890588449592
33.0,272.0,1000.5397338867188,-4.38181940135786,-3.790642578753447,1.709840431240402,3.179839270708698,2.472621786164881,3.002365369933152,-0.3412461094157794,1.8157744374761464,0.2086145554129166,2.510894826613249
33.0,272.0,1000.5397338867188,-4.38181940135786,-3.790649024796637,1.709840431240411,3.179839270708732,2.472621786164881,3.002364301605948,-0.3413247619224711,1.8157744349624505,0.2086140269242952,2.5108965012249924
33.0,272.0,1000.5397338867188,-4.38181940135786,-3.790642578753447,1.709840431240402,3.179839270708698,2.472621786164881,3.002364727263103,-0.3412460866029956,1.8157744371145432,0.2086140785998265,2.510894773831925
33.0,272.0,1000.5397338867188,-4.38181940135786,-3.7906430068378727,1.709840431240402,3.179839270708698,2.472621786164881,3.002364727263103,-0.3412470868807256,1.8157744374761464,0.2086147275041196,2.5108919888078187
33.0,272.0,1000.5397338867188,-4.38181940135786,-3.790616356670853,1.7098404312401667,3.1798392707088805,2.472621786164881,3.002331774575312,-0.3411596003726664,1.815774473376663,0.2086140854300657,2.510894029083496
33.0,272.0,1000.5397338867188,-4.38181940135786,-3.7906504028648063,1.709840431240402,3.1798392707086967,2.472621786164881,3.002364727263103,-0.3412833039401549,1.8157744430890268,0.2086230854768871,2.510891824057772
33.0,272.0,1000.5397338867188,-4.38181940135786,-3.790642102195532,1.709840431240402,3.179839270708759,2.472621786164881,3.0023654197463987,-0.3412815555581258,1.8157744734172687,0.2086223958133815,2.510919391887691
33.0,272.0,1000.5397338867188,-4.38181940135786,-3.790617079766077,1.709840431240402,3.179839270708744,2.472621786164881,3.0023664127285405,-0.3412828526042263,1.8157744374761464,0.2086217981564075,2.510894826613249
33.0,272.0,1000.5397338867188,-4.38181940135786,-3.7906426093533296,1.709840431240402,3.179839270708693,2.472621786164881,3.00236469099731,-0.3412460992527887,1.8157744375659723,0.2086222754404792,2.510894808208418
33.0,273.0,1000.53955078125,-4.38181940135786,-3.790616853724553,1.709840431240402,3.177705754687856,2.472621786164881,3.0023302664235088,-0.3413029057203777,1.8157744434017344,0.2086126022144653,2.510893680894441
33.0,273.0,1000.5396118164062,-4.38181940135786,-3.790616539156032,1.7098404312401534,3.1798392707088854,2.472621786164881,3.002331678303624,-0.3414483238424391,1.815774472364474,0.2086145214171468,2.5108844424732086
33.0,273.0,1000.5396118164062,-4.38181940135786,-3.790616853724553,1.709840431240402,3.179839270708836,2.472621786164881,3.0023303697085986,-0.3414706229964487,1.8157744405989231,0.2086220737738427,2.510885678387204
33.0,273.0,1000.5396118164062,-4.38181940135786,-3.790616539156032,1.7098404312401534,3.1798392707088854,2.472621786164881,3.002331678303624,-0.3414483238424391,1.815774472364474,0.2086145214171468,2.5108844424732086
33.0,273.0,1000.5396728515624,-4.38181940135786,-3.790649024796637,1.709840431240402,3.1798392707087326,2.472621786164881,3.002330374643449,-0.3413247619224711,1.815774437573141,0.2086137424556594,2.5109164231527856
33.0,273.0,1000.5396728515624,-4.38181940135786,-3.790616853724553,1.709840431240402,3.179839270708834,2.472621786164881,3.002330374643449,-0.3413029057203777,1.8157744431152287,0.2086249637796961,2.5109136278629003
33.0,273.0,1000.5396728515624,-4.38181940135786,-3.790642102195532,1.709840431240402,3.179839270708759,2.472621786164881,3.002364726512494,-0.3413831669627521,1.8157744339476631,0.2086140872941765,2.510919387113353
33.0,273.0,1000.5396728515624,-4.38181940135786,-3.790616853724553,1.709840431240402,3.179839270708834,2.472621786164881,3.002330374643449,-0.3413029057203777,1.815774442955239,0.2086246765794337,2.5109136278629003
33.0,273.0,1000.5396728515624,-4.38181940135786,-3.790649024796637,1.709840431240402,3.1798392707087326,2.472621786164881,3.002330374643449,-0.3413247619224711,1.815774437573141,0.2086137424556594,2.5109164231527856
33.0,273.0,1000.5396728515624,-4.38181940135786,-3.790649024796637,1.7098404312406563,3.1798392707087326,2.472621786164881,3.002330374643449,-0.3413247619224711,1.8157744376904168,0.2086217194878171,2.5109164231527856
33.0,273.0,1000.5396728515624,-4.38181940135786,-3.790640391708332,1.7098404312401667,3.1798392707088805,2.472621786164881,3.0023319048221127,-0.3413854682434825,1.815774473376663,0.2086140854056975,2.510894029083496
33.0,273.0,1000.5396728515624,-4.38181940135786,-3.790642102195532,1.709840431240402,3.179839270708759,2.472621786164881,3.002364726512494,-0.3413831669627521,1.8157744339476631,0.2086140854847473,2.510919387113353
33.0,273.0,1000.5396728515624,-4.38181940135786,-3.790616356670853,1.7098404312401632,3.1798392707088805,2.472621786164881,3.0023314892540705,-0.3413103632712231,1.815774473376663,0.2086142786371911,2.510894029083496
33.0,273.0,1000.5396728515624,-4.38181940135786,-3.790649024796637,1.709840431240402,3.1798392707087326,2.472621786164881,3.002330374643449,-0.3413247619224711,1.815774437573141,0.2086137424556594,2.5109164231527856
33.0,273.0,1000.5396728515624,-4.38181940135786,-3.790618561055872,1.7098404312404056,3.1798392707088854,2.472621786164881,3.0023654776680924,-0.3414483238424391,1.8157744723089808,0.2086145214171468,2.5108844424732086
33.0,273.0,1000.5396728515624,-4.38181940135786,-3.790649024796637,1.709840431240402,3.1798392707087326,2.472621786164881,3.002330374643449,-0.3413247619224711,1.815774437573141,0.2086137424556594,2.5109164231527856
33.0,273.0,1000.5396728515624,-4.38181940135786,-3.790649024796637,1.709840431240402,3.1798392707087326,2.472621786164881,3.002330374643449,-0.3413247619224711,1.815774437573141,0.2086137424556594,2.51091357099772
33.0,273.0,1000.5396728515624,-4.38181940135786,-3.79064904766307,1.7098404312401667,3.179839270708761,2.472621786164881,3.002329412823846,-0.3413821727683674,1.8157744352110703,0.208613719737037,2.510894029083496
33.0,273.0,1000.5396728515624,-4.38181940135786,-3.790649024796637,1.709840431240402,3.1798392707087326,2.472621786164881,3.002330374643449,-0.3413247619224711,1.815774437573141,0.2086140446807183,2.5109164231527856
33.0,273.0,1000.5396728515624,-4.38181940135786,-3.790640391708332,1.7098404312401667,3.1798392707088854,2.472621786164881,3.0023319048221127,-0.3413854682434825,1.815774473376663,0.2086140854056975,2.5108947580840377
33.0,273.0,1000.5396728515624,-4.38181940135786,-3.790617638399576,1.709840431240402,3.179839270708759,2.472621786164881,3.002364726512494,-0.3413944399936903,1.815774434509388,0.2086140854847473,2.510919501645968
33.0,273.0,1000.5396728515624,-4.38181940135786,-3.7906477295893057,1.709840431240402,3.1798392707087326,2.472621786164881,3.002330374643449,-0.3413244307335903,1.815774437573141,0.2086138077668265,2.51091357099772
33.0,273.0,1000.5396728515624,-4.38181940135786,-3.790648571181319,1.7098404312406732,3.1798392707087326,2.472621786164881,3.002330374643449,-0.3413247619224711,1.8157744376904168,0.2086139034307618,2.5109164231527856
33.0,273.0,1000.5396728515624,-4.38181940135786,-3.790648010042505,1.7098404312401667,3.179839270708761,2.472621786164881,3.0023294020329,-0.3413821727683674,1.8157744352110703,0.208613719737037,2.5108844287619645
33.0,273.0,1000.5396728515624,-4.38181940135786,-3.790616966102499,1.709840431240153,3.1798392707087326,2.472621786164881,3.002330374643449,-0.3413247619224711,1.815774437573141,0.2086140349146963,2.510878801077841
33.0,273.0,1000.5396728515624,-4.38181940135786,-3.790640391708332,1.7098404312401667,3.1798392707088805,2.472621786164881,3.0023320130420528,-0.3413854682434825,1.8157744730901573,0.2086264469709284,2.510913976051956
33.0,273.0,1000.5396728515624,-4.38181940135786,-3.790649024796637,1.709840431240402,3.1798392707087326,2.472621786164881,3.002330374643449,-0.3413247619224711,1.815774437568404,0.2086145773527488,2.5109164231527856
33.0,273.0,1000.5397338867188,-4.38181940135786,-3.790616853724553,1.709840431240402,3.179839270708833,2.472621786164881,3.002330374643449,-0.3413118467241663,1.815774440598947,0.2086249637796961,2.5112362335518665
33.0,273.0,1000.5397338867188,-4.38181940135786,-3.790650294251407,1.709840431240402,3.17983927070873,2.472621786164881,3.002330374643449,-0.3412819513645576,1.8157744406528635,0.2086142401894788,2.5112094912902583
33.0,273.0,1000.5397338867188,-4.38181940135786,-3.790642578753447,1.709840431240402,3.179839270708698,2.472621786164881,3.002364727263103,-0.3412460866029956,1.8157744374761464,0.2086140785998265,2.510894826613249
33.0,273.0,1000.5397338867188,-4.38181940135786,-3.790651366807822,1.709840431240402,3.179839270708755,2.472621786164881,3.0023653834806057,-0.3412452840541738,1.8157744405821088,0.2086140593329907,2.510919387113353
33.0,273.0,1000.5397338867188,-4.38181940135786,-3.7906503082110734,1.709840431240402,3.179839270708698,2.472621786164881,3.002364727263103,-0.3412828526042263,1.8157744374761464,0.2086140806444342,2.510894826613249
33.0,273.0,1000.5397338867188,-4.38181940135786,-3.790642056100399,1.709840431240402,3.1798392707086967,2.472621786164881,3.002364727263103,-0.3412833710344705,1.8157744375659723,0.2086229243447722,2.510891970402988
33.0,273.0,1000.5397338867188,-4.38181940135786,-3.790643083532889,1.709840431240402,3.179839270708755,2.472621786164881,3.0023653834806057,-0.3412452840541738,1.8157744734172687,0.2086140593329907,2.510919387113353
33.0,273.0,1000.5397338867188,-4.38181940135786,-3.790642578753447,1.709840431240402,3.179839270708698,2.472621786164881,3.0023651250356043,-0.3412460866029956,1.8157744374761464,0.2086145554129166,2.510894826613249
33.0,273.0,1000.5397338867188,-4.38181940135786,-3.79065047353588,1.709840431240402,3.17983927070873,2.472621786164881,3.002329566134582,-0.3412834863419708,1.815774437508696,0.208614243099213,2.5108981274484967
33.0,273.0,1000.5397338867188,-4.38181940135786,-3.790616853724553,1.709840431240402,3.179839270708832,2.472621786164881,3.002330374643449,-0.3413118467241663,1.8157744405954168,0.2086228524276041,2.5112362335518665
33.0,273.0,1000.5397338867188,-4.38181940135786,-3.790616356670853,1.7098404312401667,3.1798392707088805,2.472621786164881,3.002331774575312,-0.3411596003726664,1.815774473376663,0.2086140854300657,2.510894029083496
33.0,273.0,1000.5397338867188,-4.38181940135786,-3.790649024796637,1.7098404312406656,3.179839270708732,2.472621786164881,3.002364301605948,-0.3413247619224711,1.815774435079727,0.2086220039564529,2.5108965012249924
33.0,273.0,1000.5397338867188,-4.38181940135786,-3.7906504028648063,1.709840431240402,3.1798392707086967,2.472621786164881,3.002364727263103,-0.3412833039401549,1.8157744375659723,0.2086229243447722,2.510891970402988
33.0,273.0,1000.5397338867188,-4.38181940135786,-3.790616853724553,1.709840431240402,3.179839270708744,2.472621786164881,3.002330374643449,-0.3413118467241663,1.8157744405954168,0.2086220737738427,2.5112362335518665
33.0,273.0,1000.5397338867188,-4.38181940135786,-3.790642102195532,1.709840431240402,3.179839270708759,2.472621786164881,3.0023654197463987,-0.3412815555581258,1.8157744734172687,0.2086140593329907,2.510919387113353
33.0,273.0,1000.5397338867188,-4.38181940135786,-3.790616356670853,1.7098404312401667,3.1798392707088805,2.472621786164881,3.002331774575312,-0.3411596003726664,1.815774473376663,0.2086140854300657,2.510894029083496
33.0,273.0,1000.5397338867188,-4.38181940135786,-3.7906430374377553,1.709840431240402,3.179839270708693,2.472621786164881,3.00236469099731,-0.3412470995305187,1.8157744375659723,0.2086229243447722,2.510891970402988
33.0,273.0,1000.5397338867188,-4.38181940135786,-3.790643085759637,1.709840431240402,3.179839270708704,2.472621786164881,3.002364832820858,-0.3412659674905831,1.8157744371144544,0.2086145914540267,2.510890782227812
33.0,273.0,1000.5397338867188,-4.38181940135786,-3.790616356670853,1.7098404312401667,3.17983927070888,2.472621786164881,3.002331774575312,-0.3411685413764549,1.8157744708603816,0.2086140854300657,2.5112166347724627
33.0,273.0,1000.5397338867188,-4.38181940135786,-3.790616356670853,1.7098404312401667,3.17983927070888,2.472621786164881,3.002331774575312,-0.3411685413764549,1.8157744708603816,0.2086140854300657,2.5112166347724627
33.0,273.0,1000.5397338867188,-4.38181940135786,-3.790643089082448,1.709840431240402,3.179839270708822,2.472621786164881,3.002330374643449,-0.3412754876770625,1.8157744371146456,0.2086145792226635,2.510890588449592
33.0,273.0,1000.5397338867188,-4.38181940135786,-3.790642578753447,1.709840431240402,3.179839270708698,2.472621786164881,3.002365369933152,-0.3412461094157794,1.8157744374761464,0.2086145554129166,2.510894826613249
33.0,273.0,1000.5397338867188,-4.38181940135786,-3.790649024796637,1.709840431240411,3.179839270708732,2.472621786164881,3.002364301605948,-0.3413247619224711,1.8157744349624505,0.2086140269242952,2.5108965012249924
33.0,274.0,1000.53955078125,-4.38181940135786,-3.790616853724553,1.709840431240402,3.177705754687856,2.472621786164881,3.0023302664235088,-0.3413029057203777,1.8157744434017344,0.2086126022144653,2.510893680894441
33.0,274.0,1000.53955078125,-4.38181940135786,-3.790616853724553,1.709840431240402,3.177705754687856,2.472621786164881,3.0023303759319,-0.3413029057203777,1.815774437326072,0.2086126022144653,2.510893680894441
33.0,274.0,1000.5396118164062,-4.38181940135786,-3.790616539156032,1.7098404312401534,3.1798392707088854,2.472621786164881,3.002331678303624,-0.3414483238424391,1.815774472364474,0.2086145214171468,2.5108844424732086
33.0,274.0,1000.5396118164062,-4.38181940135786,-3.790616853724553,1.709840431240402,3.179839270708836,2.472621786164881,3.0023303697085986,-0.3414706229964487,1.8157744405989231,0.2086220737738427,2.510885678387204
33.0,274.0,1000.5396118164062,-4.38181940135786,-3.790616539156032,1.7098404312401534,3.1798392707088854,2.472621786164881,3.002331678303624,-0.3414483238424391,1.815774472364474,0.2086145214171468,2.5108844424732086
33.0,274.0,1000.5396118164062,-4.38181940135786,-3.790616539156032,1.7098404312401534,3.1798392707088854,2.472621786164881,3.002331678303624,-0.3414483238424391,1.815774472364474,0.2086145214171468,2.5108844424732086
33.0,274.0,1000.5396728515624,-4.38181940135786,-3.790649024796637,1.709840431240402,3.1798392707087326,2.472621786164881,3.002330374643449,-0.3413247619224711,1.815774437573141,0.2086137424556594,2.5109164231527856
33.0,274.0,1000.5396728515624,-4.38181940135786,-3.790616853724553,1.709840431240402,3.179839270708834,2.472621786164881,3.002330374643449,-0.3413029057203777,1.8157744431152287,0.2086249637796961,2.5109136278629003
33.0,274.0,1000.5396728515624,-4.38181940135786,-3.790642102195532,1.709840431240402,3.179839270708759,2.472621786164881,3.002364726512494,-0.3413831669627521,1.8157744339476631,0.2086140872941765,2.510919387113353
33.0,274.0,1000.5396728515624,-4.38181940135786,-3.790616853724553,1.709840431240402,3.179839270708834,2.472621786164881,3.002330374643449,-0.3413029057203777,1.815774442955239,0.2086246765794337,2.5109136278629003
33.0,274.0,1000.5396728515624,-4.38181940135786,-3.790649024796637,1.709840431240402,3.1798392707087326,2.472621786164881,3.002330374643449,-0.3413247619224711,1.815774437573141,0.2086137424556594,2.5109164231527856
33.0,274.0,1000.5396728515624,-4.38181940135786,-3.790649024796637,1.7098404312406563,3.1798392707087326,2.472621786164881,3.002330374643449,-0.3413247619224711,1.8157744376904168,0.2086217194878171,2.5109164231527856
33.0,274.0,1000.5396728515624,-4.38181940135786,-3.790640391708332,1.7098404312401667,3.1798392707088805,2.472621786164881,3.0023319048221127,-0.3413854682434825,1.815774473376663,0.2086140854056975,2.510894029083496
33.0,274.0,1000.5396728515624,-4.38181940135786,-3.790642102195532,1.709840431240402,3.179839270708759,2.472621786164881,3.002364726512494,-0.3413831669627521,1.8157744339476631,0.2086140854847473,2.510919387113353
33.0,274.0,1000.5396728515624,-4.38181940135786,-3.790616356670853,1.7098404312401632,3.1798392707088805,2.472621786164881,3.0023314892540705,-0.3413103632712231,1.815774473376663,0.2086142786371911,2.510894029083496
33.0,274.0,1000.5396728515624,-4.38181940135786,-3.790649024796637,1.709840431240402,3.1798392707087326,2.472621786164881,3.002330374643449,-0.3413247619224711,1.815774437573141,0.2086137424556594,2.5109164231527856
33.0,274.0,1000.5396728515624,-4.38181940135786,-3.790618561055872,1.7098404312404056,3.1798392707088854,2.472621786164881,3.0023654776680924,-0.3414483238424391,1.8157744723089808,0.2086145214171468,2.5108844424732086
33.0,274.0,1000.5396728515624,-4.38181940135786,-3.790649024796637,1.709840431240402,3.1798392707087326,2.472621786164881,3.002330374643449,-0.3413247619224711,1.815774437573141,0.2086137424556594,2.5109164231527856
33.0,274.0,1000.5396728515624,-4.38181940135786,-3.790649024796637,1.709840431240402,3.1798392707087326,2.472621786164881,3.002330374643449,-0.3413247619224711,1.815774437573141,0.2086137424556594,2.51091357099772
33.0,274.0,1000.5396728515624,-4.38181940135786,-3.79064904766307,1.7098404312401667,3.179839270708761,2.472621786164881,3.002329412823846,-0.3413821727683674,1.8157744352110703,0.208613719737037,2.510894029083496
33.0,274.0,1000.5396728515624,-4.38181940135786,-3.790649024796637,1.709840431240402,3.1798392707087326,2.472621786164881,3.002330374643449,-0.3413247619224711,1.815774437573141,0.2086140446807183,2.5109164231527856
33.0,274.0,1000.5396728515624,-4.38181940135786,-3.790640391708332,1.7098404312401667,3.1798392707088854,2.472621786164881,3.0023319048221127,-0.3413854682434825,1.815774473376663,0.2086140854056975,2.5108947580840377
33.0,274.0,1000.5396728515624,-4.38181940135786,-3.790617638399576,1.709840431240402,3.179839270708759,2.472621786164881,3.002364726512494,-0.3413944399936903,1.815774434509388,0.2086140854847473,2.510919501645968
33.0,274.0,1000.5396728515624,-4.38181940135786,-3.7906477295893057,1.709840431240402,3.1798392707087326,2.472621786164881,3.002330374643449,-0.3413244307335903,1.815774437573141,0.2086138077668265,2.51091357099772
33.0,274.0,1000.5396728515624,-4.38181940135786,-3.790648571181319,1.7098404312406732,3.1798392707087326,2.472621786164881,3.002330374643449,-0.3413247619224711,1.8157744376904168,0.2086139034307618,2.5109164231527856
33.0,274.0,1000.5396728515624,-4.38181940135786,-3.790648010042505,1.7098404312401667,3.179839270708761,2.472621786164881,3.0023294020329,-0.3413821727683674,1.8157744352110703,0.208613719737037,2.5108844287619645
33.0,274.0,1000.5396728515624,-4.38181940135786,-3.790616966102499,1.709840431240153,3.1798392707087326,2.472621786164881,3.002330374643449,-0.3413247619224711,1.815774437573141,0.2086140349146963,2.510878801077841
33.0,274.0,1000.5396728515624,-4.38181940135786,-3.790640391708332,1.7098404312401667,3.1798392707088805,2.472621786164881,3.0023320130420528,-0.3413854682434825,1.8157744730901573,0.2086264469709284,2.510913976051956
33.0,274.0,1000.5396728515624,-4.38181940135786,-3.790649024796637,1.709840431240402,3.1798392707087326,2.472621786164881,3.002330374643449,-0.3413247619224711,1.815774437568404,0.2086145773527488,2.5109164231527856
33.0,274.0,1000.5396728515624,-4.38181940135786,-3.79064904766307,1.7098404312401678,3.179839270708761,2.472621786164881,3.002328514061305,-0.3413821727683674,1.8157744352110703,0.208613719737037,2.510894029083496
33.0,274.0,1000.5396728515624,-4.38181940135786,-3.790640391708332,1.7098404312401667,3.1798392707088854,2.472621786164881,3.0023319048221127,-0.3413854682434825,1.815774473376663,0.2086140854043206,2.5108947552999648
33.0,274.0,1000.5396728515624,-4.38181940135786,-3.790649024796637,1.709840431240402,3.1798392707087326,2.472621786164881,3.002330374643449,-0.3413247619224711,1.815774437573141,0.2086137493692826,2.5109164231527856
33.0,274.0,1000.5396728515624,-4.38181940135786,-3.790640921008981,1.7098404312403992,3.1798392707088805,2.472621786164881,3.0023320130420528,-0.3413854682434825,1.8157744730901573,0.2086264469709284,2.510913976090776
33.0,274.0,1000.5396728515624,-4.38181940135786,-3.7906489182853433,1.7098404312401667,3.1798392707088805,2.472621786164881,3.002330357127226,-0.3413849458195848,1.815774473376663,0.2086139095545837,2.510894029083496
33.0,274.0,1000.5396728515624,-4.38181940135786,-3.790616855778117,1.7098404312401496,3.1798392707088348,2.472621786164881,3.0023303874085143,-0.3413029057203777,1.8157744428247176,0.2086249637796961,2.5109136278629003
33.0,274.0,1000.5396728515624,-4.38181940135786,-3.790649024796637,1.709840431240402,3.1798392707087326,2.472621786164881,3.002330374643449,-0.3413247619224711,1.815774437573141,0.2086137424556594,2.5109164231527856
33.0,274.0,1000.5396728515624,-4.38181940135786,-3.7906404538930136,1.7098404312401794,3.1798392707087326,2.472621786164881,3.002330293729292,-0.3413251993643462,1.81577443936899,0.2086137488370559,2.5109164231527856
33.0,274.0,1000.5396728515624,-4.38181940135786,-3.790616853724553,1.709840431240402,3.1776542824758423,2.472621786164881,3.0023302664235088,-0.3413028873220382,1.8157744434310508,0.2086126022144653,2.510893680894441
33.0,274.0,1000.5396728515624,-4.38181940135786,-3.790616354617289,1.7098404312404156,3.17983927070888,2.472621786164881,3.002331476489005,-0.3413103632712231,1.815774473667174,0.2086142786371911,2.510894029083496
33.0,274.0,1000.5397338867188,-4.38181940135786,-3.790616853724553,1.709840431240402,3.179839270708833,2.472621786164881,3.002330374643449,-0.3413118467241663,1.815774440598947,0.2086249637796961,2.5112362335518665
33.0,274.0,1000.5397338867188,-4.38181940135786,-3.790650294251407,1.709840431240402,3.17983927070873,2.472621786164881,3.002330374643449,-0.3412819513645576,1.8157744406528635,0.2086142401894788,2.5112094912902583
33.0,274.0,1000.5397338867188,-4.38181940135786,-3.790642578753447,1.709840431240402,3.179839270708698,2.472621786164881,3.002364727263103,-0.3412460866029956,1.8157744374761464,0.2086140785998265,2.510894826613249
33.0,274.0,1000.5397338867188,-4.38181940135786,-3.790651366807822,1.709840431240402,3.179839270708755,2.472621786164881,3.0023653834806057,-0.3412452840541738,1.8157744405821088,0.2086140593329907,2.510919387113353
33.0,274.0,1000.5397338867188,-4.38181940135786,-3.7906503082110734,1.709840431240402,3.179839270708698,2.472621786164881,3.002364727263103,-0.3412828526042263,1.8157744374761464,0.2086140806444342,2.510894826613249
33.0,274.0,1000.5397338867188,-4.38181940135786,-3.790642056100399,1.709840431240402,3.1798392707086967,2.472621786164881,3.002364727263103,-0.3412833710344705,1.8157744375659723,0.2086229243447722,2.510891970402988
33.0,274.0,1000.5397338867188,-4.38181940135786,-3.790643083532889,1.709840431240402,3.179839270708755,2.472621786164881,3.0023653834806057,-0.3412452840541738,1.8157744734172687,0.2086140593329907,2.510919387113353
33.0,274.0,1000.5397338867188,-4.38181940135786,-3.790642578753447,1.709840431240402,3.179839270708698,2.472621786164881,3.0023651250356043,-0.3412460866029956,1.8157744374761464,0.2086145554129166,2.510894826613249
33.0,274.0,1000.5397338867188,-4.38181940135786,-3.79065047353588,1.709840431240402,3.17983927070873,2.472621786164881,3.002329566134582,-0.3412834863419708,1.815774437508696,0.208614243099213,2.5108981274484967
33.0,274.0,1000.5397338867188,-4.38181940135786,-3.790616853724553,1.709840431240402,3.179839270708832,2.472621786164881,3.002330374643449,-0.3413118467241663,1.8157744405954168,0.2086228524276041,2.5112362335518665
33.0,274.0,1000.5397338867188,-4.38181940135786,-3.790616356670853,1.7098404312401667,3.1798392707088805,2.472621786164881,3.002331774575312,-0.3411596003726664,1.815774473376663,0.2086140854300657,2.510894029083496
33.0,275.0,1000.53955078125,-4.38181940135786,-3.790616853724553,1.709840431240402,3.177705754687856,2.472621786164881,3.0023302664235088,-0.3413029057203777,1.8157744434017344,0.2086126022144653,2.510893680894441
33.0,275.0,1000.53955078125,-4.38181940135786,-3.790616853724553,1.709840431240402,3.177705754687856,2.472621786164881,3.0023303759319,-0.3413029057203777,1.815774437326072,0.2086126022144653,2.510893680894441
33.0,275.0,1000.53955078125,-4.38181940135786,-3.790616543302924,1.7098404312404007,3.177705754687856,2.472621786164881,3.0023316624248406,-0.3413029057203777,1.8157744434017344,0.2086145127658039,2.510893680894441
33.0,275.0,1000.5396118164062,-4.38181940135786,-3.790616539156032,1.7098404312401534,3.1798392707088854,2.472621786164881,3.002331678303624,-0.3414483238424391,1.815774472364474,0.2086145214171468,2.5108844424732086
33.0,275.0,1000.5396118164062,-4.38181940135786,-3.790616853724553,1.709840431240402,3.179839270708836,2.472621786164881,3.0023303697085986,-0.3414706229964487,1.8157744405989231,0.2086220737738427,2.510885678387204
33.0,275.0,1000.5396118164062,-4.38181940135786,-3.790616539156032,1.7098404312401534,3.1798392707088854,2.472621786164881,3.002331678303624,-0.3414483238424391,1.815774472364474,0.2086145214171468,2.5108844424732086
33.0,275.0,1000.5396118164062,-4.38181940135786,-3.790616539156032,1.7098404312401534,3.1798392707088854,2.472621786164881,3.002331678303624,-0.3414483238424391,1.815774472364474,0.2086145214171468,2.5108844424732086
33.0,275.0,1000.5396118164062,-4.38181940135786,-3.790616849577661,1.7098404312401547,3.1798392707088854,2.472621786164881,3.002330282302292,-0.3414483238424391,1.815774472364474,0.2086126108658081,2.5108844424732086
33.0,275.0,1000.5396118164062,-4.38181940135786,-3.790616510512882,1.709840431240402,3.1798392707087326,2.472621786164881,3.0023303696812915,-0.3414721000262852,1.8157744370537776,0.2086222115407909,2.5109164231527856
33.0,275.0,1000.5396118164062,-4.38181940135786,-3.790616539156032,1.7098404312401612,3.1798392707088854,2.472621786164881,3.002331678303624,-0.341450028796811,1.815774472364474,0.2086216616627686,2.5108844424732086
33.0,275.0,1000.5396728515624,-4.38181940135786,-3.790649024796637,1.709840431240402,3.1798392707087326,2.472621786164881,3.002330374643449,-0.3413247619224711,1.815774437573141,0.2086137424556594,2.5109164231527856
33.0,275.0,1000.5396728515624,-4.38181940135786,-3.790616853724553,1.709840431240402,3.179839270708834,2.472621786164881,3.002330374643449,-0.3413029057203777,1.8157744431152287,0.2086249637796961,2.5109136278629003
33.0,275.0,1000.5396728515624,-4.38181940135786,-3.790642102195532,1.709840431240402,3.179839270708759,2.472621786164881,3.002364726512494,-0.3413831669627521,1.8157744339476631,0.2086140872941765,2.510919387113353
33.0,275.0,1000.5396728515624,-4.38181940135786,-3.790616853724553,1.709840431240402,3.179839270708834,2.472621786164881,3.002330374643449,-0.3413029057203777,1.815774442955239,0.2086246765794337,2.5109136278629003
33.0,275.0,1000.5396728515624,-4.38181940135786,-3.790649024796637,1.709840431240402,3.1798392707087326,2.472621786164881,3.002330374643449,-0.3413247619224711,1.815774437573141,0.2086137424556594,2.5109164231527856
33.0,275.0,1000.5396728515624,-4.38181940135786,-3.790649024796637,1.7098404312406563,3.1798392707087326,2.472621786164881,3.002330374643449,-0.3413247619224711,1.8157744376904168,0.2086217194878171,2.5109164231527856
33.0,275.0,1000.5396728515624,-4.38181940135786,-3.790640391708332,1.7098404312401667,3.1798392707088805,2.472621786164881,3.0023319048221127,-0.3413854682434825,1.815774473376663,0.2086140854056975,2.510894029083496
33.0,275.0,1000.5396728515624,-4.38181940135786,-3.790642102195532,1.709840431240402,3.179839270708759,2.472621786164881,3.002364726512494,-0.3413831669627521,1.8157744339476631,0.2086140854847473,2.510919387113353
33.0,275.0,1000.5396728515624,-4.38181940135786,-3.790616356670853,1.7098404312401632,3.1798392707088805,2.472621786164881,3.0023314892540705,-0.3413103632712231,1.815774473376663,0.2086142786371911,2.510894029083496
33.0,275.0,1000.5396728515624,-4.38181940135786,-3.790649024796637,1.709840431240402,3.1798392707087326,2.472621786164881,3.002330374643449,-0.3413247619224711,1.815774437573141,0.2086137424556594,2.5109164231527856
33.0,275.0,1000.5396728515624,-4.38181940135786,-3.790618561055872,1.7098404312404056,3.1798392707088854,2.472621786164881,3.0023654776680924,-0.3414483238424391,1.8157744723089808,0.2086145214171468,2.5108844424732086
33.0,275.0,1000.5396728515624,-4.38181940135786,-3.790649024796637,1.709840431240402,3.1798392707087326,2.472621786164881,3.002330374643449,-0.3413247619224711,1.815774437573141,0.2086137424556594,2.5109164231527856
33.0,275.0,1000.5396728515624,-4.38181940135786,-3.790649024796637,1.709840431240402,3.1798392707087326,2.472621786164881,3.002330374643449,-0.3413247619224711,1.815774437573141,0.2086137424556594,2.51091357099772
33.0,275.0,1000.5396728515624,-4.38181940135786,-3.79064904766307,1.7098404312401667,3.179839270708761,2.472621786164881,3.002329412823846,-0.3413821727683674,1.8157744352110703,0.208613719737037,2.510894029083496
33.0,275.0,1000.5396728515624,-4.38181940135786,-3.790649024796637,1.709840431240402,3.1798392707087326,2.472621786164881,3.002330374643449,-0.3413247619224711,1.815774437573141,0.2086140446807183,2.5109164231527856
33.0,275.0,1000.5396728515624,-4.38181940135786,-3.790640391708332,1.7098404312401667,3.1798392707088854,2.472621786164881,3.0023319048221127,-0.3413854682434825,1.815774473376663,0.2086140854056975,2.5108947580840377
33.0,275.0,1000.5396728515624,-4.38181940135786,-3.790617638399576,1.709840431240402,3.179839270708759,2.472621786164881,3.002364726512494,-0.3413944399936903,1.815774434509388,0.2086140854847473,2.510919501645968
33.0,275.0,1000.5396728515624,-4.38181940135786,-3.7906477295893057,1.709840431240402,3.1798392707087326,2.472621786164881,3.002330374643449,-0.3413244307335903,1.815774437573141,0.2086138077668265,2.51091357099772
33.0,275.0,1000.5396728515624,-4.38181940135786,-3.790648571181319,1.7098404312406732,3.1798392707087326,2.472621786164881,3.002330374643449,-0.3413247619224711,1.8157744376904168,0.2086139034307618,2.5109164231527856
33.0,275.0,1000.5396728515624,-4.38181940135786,-3.790648010042505,1.7098404312401667,3.179839270708761,2.472621786164881,3.0023294020329,-0.3413821727683674,1.8157744352110703,0.208613719737037,2.5108844287619645
33.0,275.0,1000.5396728515624,-4.38181940135786,-3.790616966102499,1.709840431240153,3.1798392707087326,2.472621786164881,3.002330374643449,-0.3413247619224711,1.815774437573141,0.2086140349146963,2.510878801077841
33.0,275.0,1000.5396728515624,-4.38181940135786,-3.790640391708332,1.7098404312401667,3.1798392707088805,2.472621786164881,3.0023320130420528,-0.3413854682434825,1.8157744730901573,0.2086264469709284,2.510913976051956
33.0,275.0,1000.5396728515624,-4.38181940135786,-3.790649024796637,1.709840431240402,3.1798392707087326,2.472621786164881,3.002330374643449,-0.3413247619224711,1.815774437568404,0.2086145773527488,2.5109164231527856
33.0,275.0,1000.5396728515624,-4.38181940135786,-3.79064904766307,1.7098404312401678,3.179839270708761,2.472621786164881,3.002328514061305,-0.3413821727683674,1.8157744352110703,0.208613719737037,2.510894029083496
33.0,275.0,1000.5396728515624,-4.38181940135786,-3.790640391708332,1.7098404312401667,3.1798392707088854,2.472621786164881,3.0023319048221127,-0.3413854682434825,1.815774473376663,0.2086140854043206,2.5108947552999648
33.0,275.0,1000.5396728515624,-4.38181940135786,-3.790649024796637,1.709840431240402,3.1798392707087326,2.472621786164881,3.002330374643449,-0.3413247619224711,1.815774437573141,0.2086137493692826,2.5109164231527856
33.0,275.0,1000.5396728515624,-4.38181940135786,-3.790640921008981,1.7098404312403992,3.1798392707088805,2.472621786164881,3.0023320130420528,-0.3413854682434825,1.8157744730901573,0.2086264469709284,2.510913976090776
33.0,275.0,1000.5396728515624,-4.38181940135786,-3.7906489182853433,1.7098404312401667,3.1798392707088805,2.472621786164881,3.002330357127226,-0.3413849458195848,1.815774473376663,0.2086139095545837,2.510894029083496
33.0,275.0,1000.5396728515624,-4.38181940135786,-3.790616855778117,1.7098404312401496,3.1798392707088348,2.472621786164881,3.0023303874085143,-0.3413029057203777,1.8157744428247176,0.2086249637796961,2.5109136278629003
33.0,275.0,1000.5396728515624,-4.38181940135786,-3.790649024796637,1.709840431240402,3.1798392707087326,2.472621786164881,3.002330374643449,-0.3413247619224711,1.815774437573141,0.2086137424556594,2.5109164231527856
33.0,275.0,1000.5396728515624,-4.38181940135786,-3.7906404538930136,1.7098404312401794,3.1798392707087326,2.472621786164881,3.002330293729292,-0.3413251993643462,1.81577443936899,0.2086137488370559,2.5109164231527856
33.0,275.0,1000.5396728515624,-4.38181940135786,-3.790616853724553,1.709840431240402,3.1776542824758423,2.472621786164881,3.0023302664235088,-0.3413028873220382,1.8157744434310508,0.2086126022144653,2.510893680894441
33.0,275.0,1000.5396728515624,-4.38181940135786,-3.790616354617289,1.7098404312404156,3.17983927070888,2.472621786164881,3.002331476489005,-0.3413103632712231,1.815774473667174,0.2086142786371911,2.510894029083496
33.0,275.0,1000.5396728515624,-4.38181940135786,-3.790618561055872,1.7098404312404056,3.1798392707088854,2.472621786164881,3.0023654776680924,-0.3414483238424391,1.8157744723089808,0.2086145214171468,2.5108844424732086
33.0,275.0,1000.5396728515624,-4.38181940135786,-3.790649024796637,1.7098404312404163,3.1798392707087326,2.472621786164881,3.002330374643449,-0.3413247619224711,1.815774437570235,0.2086137373588077,2.5109164231527856
33.0,275.0,1000.5396728515624,-4.38181940135786,-3.790648010042505,1.709840431240402,3.1798392707087344,2.472621786164881,3.0023294020329,-0.3413821727683674,1.815774437581572,0.208613719737037,2.5108844287619645
33.0,275.0,1000.5396728515624,-4.38181940135786,-3.790642102195532,1.7098404312401554,3.179839270708752,2.472621786164881,3.0023301174206627,-0.3413831669627521,1.8157744333801853,0.2086140854847473,2.510886953426254
33.0,275.0,1000.5396728515624,-4.38181940135786,-3.79064091381824,1.7098404312404023,3.1798392707088805,2.472621786164881,3.0023319048221127,-0.3413854682434825,1.8157744730983536,0.2086262063669122,2.510894029083496
33.0,275.0,1000.5396728515624,-4.38181940135786,-3.7906479396611945,1.7098404312401474,3.179839270708761,2.472621786164881,3.0023303874085143,-0.3413847831877324,1.815774434781925,0.2086126694764927,2.510894117994726
33.0,275.0,1000.5396728515624,-4.38181940135786,-3.790648010042505,1.7098404312401667,3.179839270708761,2.472621786164881,3.0023294020329,-0.3413797777585956,1.8157744350519056,0.2086137197069412,2.5108844287619645
33.0,276.0,1000.53955078125,-4.38181940135786,-3.790616853724553,1.709840431240402,3.177705754687856,2.472621786164881,3.0023302664235088,-0.3413029057203777,1.8157744434017344,0.2086126022144653,2.510893680894441
33.0,276.0,1000.53955078125,-4.38181940135786,-3.790616853724553,1.709840431240402,3.177705754687856,2.472621786164881,3.0023303759319,-0.3413029057203777,1.815774437326072,0.2086126022144653,2.510893680894441
33.0,276.0,1000.53955078125,-4.38181940135786,-3.790616543302924,1.7098404312404007,3.177705754687856,2.472621786164881,3.0023316624248406,-0.3413029057203777,1.8157744434017344,0.2086145127658039,2.510893680894441
33.0,276.0,1000.53955078125,-4.38181940135786,-3.790616854211142,1.709840431240402,3.177705754687856,2.472621786164881,3.002330256256638,-0.3413029057203777,1.8157744434017344,0.2086126022144653,2.510893680894441
33.0,276.0,1000.53955078125,-4.38181940135786,-3.790616855855218,1.709840431240402,3.177707335209196,2.472621786164881,3.0023302696227883,-0.3413029057203777,1.8157744434017344,0.2086125976601412,2.510893389338131
33.0,276.0,1000.53955078125,-4.38181940135786,-3.790616853724553,1.709840431240402,3.177705754687856,2.472621786164881,3.0023303759319,-0.3413029057203777,1.815774437326072,0.2086126022144653,2.510893680894441
33.0,276.0,1000.53955078125,-4.38181940135786,-3.790616542816335,1.7098404312404007,3.177705754687856,2.472621786164881,3.002331672591712,-0.3413029057203777,1.8157744434017344,0.2086145127658039,2.510893680894441
33.0,276.0,1000.5396118164062,-4.38181940135786,-3.790616539156032,1.7098404312401534,3.1798392707088854,2.472621786164881,3.002331678303624,-0.3414483238424391,1.815774472364474,0.2086145214171468,2.5108844424732086
33.0,276.0,1000.5396118164062,-4.38181940135786,-3.790616853724553,1.709840431240402,3.179839270708836,2.472621786164881,3.0023303697085986,-0.3414706229964487,1.8157744405989231,0.2086220737738427,2.510885678387204
33.0,276.0,1000.5396118164062,-4.38181940135786,-3.790616539156032,1.7098404312401534,3.1798392707088854,2.472621786164881,3.002331678303624,-0.3414483238424391,1.815774472364474,0.2086145214171468,2.5108844424732086
33.0,276.0,1000.5396118164062,-4.38181940135786,-3.790616539156032,1.7098404312401534,3.1798392707088854,2.472621786164881,3.002331678303624,-0.3414483238424391,1.815774472364474,0.2086145214171468,2.5108844424732086
33.0,276.0,1000.5396118164062,-4.38181940135786,-3.790616849577661,1.7098404312401547,3.1798392707088854,2.472621786164881,3.002330282302292,-0.3414483238424391,1.815774472364474,0.2086126108658081,2.5108844424732086
33.0,276.0,1000.5396118164062,-4.38181940135786,-3.790616510512882,1.709840431240402,3.1798392707087326,2.472621786164881,3.0023303696812915,-0.3414721000262852,1.8157744370537776,0.2086222115407909,2.5109164231527856
33.0,276.0,1000.5396118164062,-4.38181940135786,-3.790616539156032,1.7098404312401612,3.1798392707088854,2.472621786164881,3.002331678303624,-0.341450028796811,1.815774472364474,0.2086216616627686,2.5108844424732086
33.0,276.0,1000.5396118164062,-4.38181940135786,-3.790616539156032,1.7098404312401612,3.1798392707088854,2.472621786164881,3.002331678303624,-0.341450028796811,1.815774472364474,0.2086216616627686,2.5108844424732086
33.0,276.0,1000.5396118164062,-4.38181940135786,-3.790616539156032,1.7098404312401534,3.1798392707088854,2.472621786164881,3.002330297929058,-0.3414483238424391,1.815774472364474,0.2086145214171468,2.5108844424732086
33.0,276.0,1000.5396118164062,-4.38181940135786,-3.790616510512882,1.709840431240402,3.1798392707087326,2.472621786164881,3.0023303696094183,-0.341459313599172,1.8157744377094345,0.2086222115407909,2.5109164231527856
33.0,276.0,1000.5396118164062,-4.38181940135786,-3.790616539156032,1.7098404312401534,3.1798392707088854,2.472621786164881,3.002331678303624,-0.3414483238424391,1.815774472364474,0.2086145214171468,2.5108844424732086
33.0,276.0,1000.5396118164062,-4.38181940135786,-3.790616853724553,1.709840431240402,3.179839270708836,2.472621786164881,3.0023303697085986,-0.3414706229964487,1.8157744405989231,0.2086220737738427,2.510885678387204
33.0,276.0,1000.5396118164062,-4.38181940135786,-3.79061780744417,1.7098404312404216,3.179839270708763,2.472621786164881,3.0023303696812915,-0.3414721000262852,1.8157744370537776,0.2086222115407909,2.5109155941516024
33.0,276.0,1000.5396728515624,-4.38181940135786,-3.790649024796637,1.709840431240402,3.1798392707087326,2.472621786164881,3.002330374643449,-0.3413247619224711,1.815774437573141,0.2086137424556594,2.5109164231527856
33.0,276.0,1000.5396728515624,-4.38181940135786,-3.790616853724553,1.709840431240402,3.179839270708834,2.472621786164881,3.002330374643449,-0.3413029057203777,1.8157744431152287,0.2086249637796961,2.5109136278629003
33.0,276.0,1000.5396728515624,-4.38181940135786,-3.790642102195532,1.709840431240402,3.179839270708759,2.472621786164881,3.002364726512494,-0.3413831669627521,1.8157744339476631,0.2086140872941765,2.510919387113353
33.0,276.0,1000.5396728515624,-4.38181940135786,-3.790616853724553,1.709840431240402,3.179839270708834,2.472621786164881,3.002330374643449,-0.3413029057203777,1.815774442955239,0.2086246765794337,2.5109136278629003
33.0,276.0,1000.5396728515624,-4.38181940135786,-3.790649024796637,1.709840431240402,3.1798392707087326,2.472621786164881,3.002330374643449,-0.3413247619224711,1.815774437573141,0.2086137424556594,2.5109164231527856
33.0,276.0,1000.5396728515624,-4.38181940135786,-3.790649024796637,1.7098404312406563,3.1798392707087326,2.472621786164881,3.002330374643449,-0.3413247619224711,1.8157744376904168,0.2086217194878171,2.5109164231527856
33.0,276.0,1000.5396728515624,-4.38181940135786,-3.790640391708332,1.7098404312401667,3.1798392707088805,2.472621786164881,3.0023319048221127,-0.3413854682434825,1.815774473376663,0.2086140854056975,2.510894029083496
33.0,276.0,1000.5396728515624,-4.38181940135786,-3.790642102195532,1.709840431240402,3.179839270708759,2.472621786164881,3.002364726512494,-0.3413831669627521,1.8157744339476631,0.2086140854847473,2.510919387113353
33.0,276.0,1000.5396728515624,-4.38181940135786,-3.790616356670853,1.7098404312401632,3.1798392707088805,2.472621786164881,3.0023314892540705,-0.3413103632712231,1.815774473376663,0.2086142786371911,2.510894029083496
33.0,276.0,1000.5396728515624,-4.38181940135786,-3.790649024796637,1.709840431240402,3.1798392707087326,2.472621786164881,3.002330374643449,-0.3413247619224711,1.815774437573141,0.2086137424556594,2.5109164231527856
33.0,276.0,1000.5396728515624,-4.38181940135786,-3.790618561055872,1.7098404312404056,3.1798392707088854,2.472621786164881,3.0023654776680924,-0.3414483238424391,1.8157744723089808,0.2086145214171468,2.5108844424732086
33.0,276.0,1000.5396728515624,-4.38181940135786,-3.790649024796637,1.709840431240402,3.1798392707087326,2.472621786164881,3.002330374643449,-0.3413247619224711,1.815774437573141,0.2086137424556594,2.5109164231527856
33.0,276.0,1000.5396728515624,-4.38181940135786,-3.790649024796637,1.709840431240402,3.1798392707087326,2.472621786164881,3.002330374643449,-0.3413247619224711,1.815774437573141,0.2086137424556594,2.51091357099772
33.0,276.0,1000.5396728515624,-4.38181940135786,-3.79064904766307,1.7098404312401667,3.179839270708761,2.472621786164881,3.002329412823846,-0.3413821727683674,1.8157744352110703,0.208613719737037,2.510894029083496
33.0,276.0,1000.5396728515624,-4.38181940135786,-3.790649024796637,1.709840431240402,3.1798392707087326,2.472621786164881,3.002330374643449,-0.3413247619224711,1.815774437573141,0.2086140446807183,2.5109164231527856
33.0,276.0,1000.5396728515624,-4.38181940135786,-3.790640391708332,1.7098404312401667,3.1798392707088854,2.472621786164881,3.0023319048221127,-0.3413854682434825,1.815774473376663,0.2086140854056975,2.5108947580840377
33.0,276.0,1000.5396728515624,-4.38181940135786,-3.790617638399576,1.709840431240402,3.179839270708759,2.472621786164881,3.002364726512494,-0.3413944399936903,1.815774434509388,0.2086140854847473,2.510919501645968
33.0,276.0,1000.5396728515624,-4.38181940135786,-3.7906477295893057,1.709840431240402,3.1798392707087326,2.472621786164881,3.002330374643449,-0.3413244307335903,1.815774437573141,0.2086138077668265,2.51091357099772
33.0,276.0,1000.5396728515624,-4.38181940135786,-3.790648571181319,1.7098404312406732,3.1798392707087326,2.472621786164881,3.002330374643449,-0.3413247619224711,1.8157744376904168,0.2086139034307618,2.5109164231527856
33.0,276.0,1000.5396728515624,-4.38181940135786,-3.790648010042505,1.7098404312401667,3.179839270708761,2.472621786164881,3.0023294020329,-0.3413821727683674,1.8157744352110703,0.208613719737037,2.5108844287619645
33.0,276.0,1000.5396728515624,-4.38181940135786,-3.790616966102499,1.709840431240153,3.1798392707087326,2.472621786164881,3.002330374643449,-0.3413247619224711,1.815774437573141,0.2086140349146963,2.510878801077841
33.0,276.0,1000.5396728515624,-4.38181940135786,-3.790640391708332,1.7098404312401667,3.1798392707088805,2.472621786164881,3.0023320130420528,-0.3413854682434825,1.8157744730901573,0.2086264469709284,2.510913976051956
33.0,276.0,1000.5396728515624,-4.38181940135786,-3.790649024796637,1.709840431240402,3.1798392707087326,2.472621786164881,3.002330374643449,-0.3413247619224711,1.815774437568404,0.2086145773527488,2.5109164231527856
33.0,276.0,1000.5396728515624,-4.38181940135786,-3.79064904766307,1.7098404312401678,3.179839270708761,2.472621786164881,3.002328514061305,-0.3413821727683674,1.8157744352110703,0.208613719737037,2.510894029083496
33.0,276.0,1000.5396728515624,-4.38181940135786,-3.790640391708332,1.7098404312401667,3.1798392707088854,2.472621786164881,3.0023319048221127,-0.3413854682434825,1.815774473376663,0.2086140854043206,2.5108947552999648
33.0,276.0,1000.5396728515624,-4.38181940135786,-3.790649024796637,1.709840431240402,3.1798392707087326,2.472621786164881,3.002330374643449,-0.3413247619224711,1.815774437573141,0.2086137493692826,2.5109164231527856
33.0,276.0,1000.5396728515624,-4.38181940135786,-3.790640921008981,1.7098404312403992,3.1798392707088805,2.472621786164881,3.0023320130420528,-0.3413854682434825,1.8157744730901573,0.2086264469709284,2.510913976090776
33.0,276.0,1000.5396728515624,-4.38181940135786,-3.7906489182853433,1.7098404312401667,3.1798392707088805,2.472621786164881,3.002330357127226,-0.3413849458195848,1.815774473376663,0.2086139095545837,2.510894029083496
33.0,276.0,1000.5396728515624,-4.38181940135786,-3.790616855778117,1.7098404312401496,3.1798392707088348,2.472621786164881,3.0023303874085143,-0.3413029057203777,1.8157744428247176,0.2086249637796961,2.5109136278629003
33.0,276.0,1000.5396728515624,-4.38181940135786,-3.790649024796637,1.709840431240402,3.1798392707087326,2.472621786164881,3.002330374643449,-0.3413247619224711,1.815774437573141,0.2086137424556594,2.5109164231527856
33.0,277.0,1000.53955078125,-4.38181940135786,-3.790616853724553,1.709840431240402,3.177705754687856,2.472621786164881,3.0023302664235088,-0.3413029057203777,1.8157744434017344,0.2086126022144653,2.510893680894441
33.0,277.0,1000.53955078125,-4.38181940135786,-3.790616853724553,1.709840431240402,3.177705754687856,2.472621786164881,3.0023303759319,-0.3413029057203777,1.815774437326072,0.2086126022144653,2.510893680894441
33.0,277.0,1000.53955078125,-4.38181940135786,-3.790616543302924,1.7098404312404007,3.177705754687856,2.472621786164881,3.0023316624248406,-0.3413029057203777,1.8157744434017344,0.2086145127658039,2.510893680894441
33.0,277.0,1000.53955078125,-4.38181940135786,-3.790616854211142,1.709840431240402,3.177705754687856,2.472621786164881,3.002330256256638,-0.3413029057203777,1.8157744434017344,0.2086126022144653,2.510893680894441
33.0,277.0,1000.53955078125,-4.38181940135786,-3.790616855855218,1.709840431240402,3.177707335209196,2.472621786164881,3.0023302696227883,-0.3413029057203777,1.8157744434017344,0.2086125976601412,2.510893389338131
33.0,277.0,1000.53955078125,-4.38181940135786,-3.790616853724553,1.709840431240402,3.177705754687856,2.472621786164881,3.0023303759319,-0.3413029057203777,1.815774437326072,0.2086126022144653,2.510893680894441
33.0,277.0,1000.53955078125,-4.38181940135786,-3.790616542816335,1.7098404312404007,3.177705754687856,2.472621786164881,3.002331672591712,-0.3413029057203777,1.8157744434017344,0.2086145127658039,2.510893680894441
33.0,277.0,1000.53955078125,-4.38181940135786,-3.7906168557843993,1.709840431240399,3.177709151172341,2.472621786164881,3.002330248155578,-0.3413029057203777,1.8157744434017344,0.2086250260075788,2.510914513351829
33.0,277.0,1000.53955078125,-4.38181940135786,-3.790616542816335,1.7098404312404007,3.177705754687856,2.472621786164881,3.002331672591712,-0.3413029057203777,1.8157744434017344,0.2086145127658039,2.510893680894441
33.0,277.0,1000.53955078125,-4.38181940135786,-3.790616853724553,1.709840431240402,3.177705754687856,2.472621786164881,3.002330371853497,-0.3413029057203777,1.815774437397888,0.2086137128733362,2.510894016092107
33.0,277.0,1000.53955078125,-4.38181940135786,-3.790616853724553,1.709840431240402,3.177705754687856,2.472621786164881,3.0023303762741302,-0.3413029057203777,1.815774438358584,0.2086126022144653,2.510893680894441
33.0,277.0,1000.5396118164062,-4.38181940135786,-3.790616539156032,1.7098404312401534,3.1798392707088854,2.472621786164881,3.002331678303624,-0.3414483238424391,1.815774472364474,0.2086145214171468,2.5108844424732086
33.0,277.0,1000.5396118164062,-4.38181940135786,-3.790616853724553,1.709840431240402,3.179839270708836,2.472621786164881,3.0023303697085986,-0.3414706229964487,1.8157744405989231,0.2086220737738427,2.510885678387204
33.0,277.0,1000.5396118164062,-4.38181940135786,-3.790616539156032,1.7098404312401534,3.1798392707088854,2.472621786164881,3.002331678303624,-0.3414483238424391,1.815774472364474,0.2086145214171468,2.5108844424732086
33.0,277.0,1000.5396118164062,-4.38181940135786,-3.790616539156032,1.7098404312401534,3.1798392707088854,2.472621786164881,3.002331678303624,-0.3414483238424391,1.815774472364474,0.2086145214171468,2.5108844424732086
33.0,277.0,1000.5396118164062,-4.38181940135786,-3.790616849577661,1.7098404312401547,3.1798392707088854,2.472621786164881,3.002330282302292,-0.3414483238424391,1.815774472364474,0.2086126108658081,2.5108844424732086
33.0,277.0,1000.5396118164062,-4.38181940135786,-3.790616510512882,1.709840431240402,3.1798392707087326,2.472621786164881,3.0023303696812915,-0.3414721000262852,1.8157744370537776,0.2086222115407909,2.5109164231527856
33.0,277.0,1000.5396118164062,-4.38181940135786,-3.790616539156032,1.7098404312401612,3.1798392707088854,2.472621786164881,3.002331678303624,-0.341450028796811,1.815774472364474,0.2086216616627686,2.5108844424732086
33.0,277.0,1000.5396118164062,-4.38181940135786,-3.790616539156032,1.7098404312401612,3.1798392707088854,2.472621786164881,3.002331678303624,-0.341450028796811,1.815774472364474,0.2086216616627686,2.5108844424732086
33.0,277.0,1000.5396118164062,-4.38181940135786,-3.790616539156032,1.7098404312401534,3.1798392707088854,2.472621786164881,3.002330297929058,-0.3414483238424391,1.815774472364474,0.2086145214171468,2.5108844424732086
33.0,277.0,1000.5396118164062,-4.38181940135786,-3.790616510512882,1.709840431240402,3.1798392707087326,2.472621786164881,3.0023303696094183,-0.341459313599172,1.8157744377094345,0.2086222115407909,2.5109164231527856
33.0,277.0,1000.5396118164062,-4.38181940135786,-3.790616539156032,1.7098404312401534,3.1798392707088854,2.472621786164881,3.002331678303624,-0.3414483238424391,1.815774472364474,0.2086145214171468,2.5108844424732086
33.0,277.0,1000.5396118164062,-4.38181940135786,-3.790616853724553,1.709840431240402,3.179839270708836,2.472621786164881,3.0023303697085986,-0.3414706229964487,1.8157744405989231,0.2086220737738427,2.510885678387204
33.0,277.0,1000.5396118164062,-4.38181940135786,-3.79061780744417,1.7098404312404216,3.179839270708763,2.472621786164881,3.0023303696812915,-0.3414721000262852,1.8157744370537776,0.2086222115407909,2.5109155941516024
33.0,277.0,1000.5396118164062,-4.38181940135786,-3.79061780744417,1.7098404312404216,3.179839270708763,2.472621786164881,3.0023303696812915,-0.3414721000262852,1.8157744370537776,0.2086222115407909,2.5109155941516024
33.0,277.0,1000.5396118164062,-4.38181940135786,-3.790616539156032,1.7098404312401612,3.1798392707088854,2.472621786164881,3.002331678303624,-0.341450028796811,1.815774472364474,0.2086216616627686,2.5108844424732086
33.0,277.0,1000.5396118164062,-4.38181940135786,-3.790616510512882,1.709840431240402,3.179839270708732,2.472621786164881,3.0023303696094183,-0.3414591823719074,1.8157744377094345,0.2086222115407909,2.510885346020013
33.0,277.0,1000.5396118164062,-4.38181940135786,-3.790616539171913,1.709840431240397,3.1798392707088854,2.472621786164881,3.0023316785608065,-0.3414483238424391,1.815774472364474,0.2086145214171468,2.5108844424732086
33.0,277.0,1000.5396118164062,-4.38181940135786,-3.790616539156032,1.7098404312401612,3.1798392707088805,2.472621786164881,3.0023316464467804,-0.341450028796811,1.815774472750314,0.2086216491529448,2.510893276091832
33.0,277.0,1000.5396118164062,-4.38181940135786,-3.79061685077086,1.709840431240402,3.179839270708836,2.472621786164881,3.0023303697085986,-0.3414706229964487,1.8157744405989231,0.2086220737738427,2.5108931856825643
33.0,277.0,1000.5396728515624,-4.38181940135786,-3.790649024796637,1.709840431240402,3.1798392707087326,2.472621786164881,3.002330374643449,-0.3413247619224711,1.815774437573141,0.2086137424556594,2.5109164231527856
33.0,277.0,1000.5396728515624,-4.38181940135786,-3.790616853724553,1.709840431240402,3.179839270708834,2.472621786164881,3.002330374643449,-0.3413029057203777,1.8157744431152287,0.2086249637796961,2.5109136278629003
33.0,277.0,1000.5396728515624,-4.38181940135786,-3.790642102195532,1.709840431240402,3.179839270708759,2.472621786164881,3.002364726512494,-0.3413831669627521,1.8157744339476631,0.2086140872941765,2.510919387113353
33.0,277.0,1000.5396728515624,-4.38181940135786,-3.790616853724553,1.709840431240402,3.179839270708834,2.472621786164881,3.002330374643449,-0.3413029057203777,1.815774442955239,0.2086246765794337,2.5109136278629003
33.0,277.0,1000.5396728515624,-4.38181940135786,-3.790649024796637,1.709840431240402,3.1798392707087326,2.472621786164881,3.002330374643449,-0.3413247619224711,1.815774437573141,0.2086137424556594,2.5109164231527856
33.0,277.0,1000.5396728515624,-4.38181940135786,-3.790649024796637,1.7098404312406563,3.1798392707087326,2.472621786164881,3.002330374643449,-0.3413247619224711,1.8157744376904168,0.2086217194878171,2.5109164231527856
33.0,277.0,1000.5396728515624,-4.38181940135786,-3.790640391708332,1.7098404312401667,3.1798392707088805,2.472621786164881,3.0023319048221127,-0.3413854682434825,1.815774473376663,0.2086140854056975,2.510894029083496
33.0,277.0,1000.5396728515624,-4.38181940135786,-3.790642102195532,1.709840431240402,3.179839270708759,2.472621786164881,3.002364726512494,-0.3413831669627521,1.8157744339476631,0.2086140854847473,2.510919387113353
33.0,277.0,1000.5396728515624,-4.38181940135786,-3.790616356670853,1.7098404312401632,3.1798392707088805,2.472621786164881,3.0023314892540705,-0.3413103632712231,1.815774473376663,0.2086142786371911,2.510894029083496
33.0,277.0,1000.5396728515624,-4.38181940135786,-3.790649024796637,1.709840431240402,3.1798392707087326,2.472621786164881,3.002330374643449,-0.3413247619224711,1.815774437573141,0.2086137424556594,2.5109164231527856
33.0,277.0,1000.5396728515624,-4.38181940135786,-3.790618561055872,1.7098404312404056,3.1798392707088854,2.472621786164881,3.0023654776680924,-0.3414483238424391,1.8157744723089808,0.2086145214171468,2.5108844424732086
33.0,277.0,1000.5396728515624,-4.38181940135786,-3.790649024796637,1.709840431240402,3.1798392707087326,2.472621786164881,3.002330374643449,-0.3413247619224711,1.815774437573141,0.2086137424556594,2.5109164231527856
33.0,277.0,1000.5396728515624,-4.38181940135786,-3.790649024796637,1.709840431240402,3.1798392707087326,2.472621786164881,3.002330374643449,-0.3413247619224711,1.815774437573141,0.2086137424556594,2.51091357099772
33.0,277.0,1000.5396728515624,-4.38181940135786,-3.79064904766307,1.7098404312401667,3.179839270708761,2.472621786164881,3.002329412823846,-0.3413821727683674,1.8157744352110703,0.208613719737037,2.510894029083496
33.0,277.0,1000.5396728515624,-4.38181940135786,-3.790649024796637,1.709840431240402,3.1798392707087326,2.472621786164881,3.002330374643449,-0.3413247619224711,1.815774437573141,0.2086140446807183,2.5109164231527856
33.0,277.0,1000.5396728515624,-4.38181940135786,-3.790640391708332,1.7098404312401667,3.1798392707088854,2.472621786164881,3.0023319048221127,-0.3413854682434825,1.815774473376663,0.2086140854056975,2.5108947580840377
33.0,277.0,1000.5396728515624,-4.38181940135786,-3.790617638399576,1.709840431240402,3.179839270708759,2.472621786164881,3.002364726512494,-0.3413944399936903,1.815774434509388,0.2086140854847473,2.510919501645968
33.0,277.0,1000.5396728515624,-4.38181940135786,-3.7906477295893057,1.709840431240402,3.1798392707087326,2.472621786164881,3.002330374643449,-0.3413244307335903,1.815774437573141,0.2086138077668265,2.51091357099772
33.0,277.0,1000.5396728515624,-4.38181940135786,-3.790648571181319,1.7098404312406732,3.1798392707087326,2.472621786164881,3.002330374643449,-0.3413247619224711,1.8157744376904168,0.2086139034307618,2.5109164231527856
33.0,277.0,1000.5396728515624,-4.38181940135786,-3.790648010042505,1.7098404312401667,3.179839270708761,2.472621786164881,3.0023294020329,-0.3413821727683674,1.8157744352110703,0.208613719737037,2.5108844287619645
33.0,278.0,1000.53955078125,-4.38181940135786,-3.790616853724553,1.709840431240402,3.177705754687856,2.472621786164881,3.0023302664235088,-0.3413029057203777,1.8157744434017344,0.2086126022144653,2.510893680894441
33.0,278.0,1000.53955078125,-4.38181940135786,-3.790616853724553,1.709840431240402,3.177705754687856,2.472621786164881,3.0023303759319,-0.3413029057203777,1.815774437326072,0.2086126022144653,2.510893680894441
33.0,278.0,1000.53955078125,-4.38181940135786,-3.790616543302924,1.7098404312404007,3.177705754687856,2.472621786164881,3.0023316624248406,-0.3413029057203777,1.8157744434017344,0.2086145127658039,2.510893680894441
33.0,278.0,1000.53955078125,-4.38181940135786,-3.790616854211142,1.709840431240402,3.177705754687856,2.472621786164881,3.002330256256638,-0.3413029057203777,1.8157744434017344,0.2086126022144653,2.510893680894441
33.0,278.0,1000.53955078125,-4.38181940135786,-3.790616855855218,1.709840431240402,3.177707335209196,2.472621786164881,3.0023302696227883,-0.3413029057203777,1.8157744434017344,0.2086125976601412,2.510893389338131
33.0,278.0,1000.53955078125,-4.38181940135786,-3.790616853724553,1.709840431240402,3.177705754687856,2.472621786164881,3.0023303759319,-0.3413029057203777,1.815774437326072,0.2086126022144653,2.510893680894441
33.0,278.0,1000.53955078125,-4.38181940135786,-3.790616542816335,1.7098404312404007,3.177705754687856,2.472621786164881,3.002331672591712,-0.3413029057203777,1.8157744434017344,0.2086145127658039,2.510893680894441
33.0,278.0,1000.53955078125,-4.38181940135786,-3.7906168557843993,1.709840431240399,3.177709151172341,2.472621786164881,3.002330248155578,-0.3413029057203777,1.8157744434017344,0.2086250260075788,2.510914513351829
33.0,278.0,1000.53955078125,-4.38181940135786,-3.790616542816335,1.7098404312404007,3.177705754687856,2.472621786164881,3.002331672591712,-0.3413029057203777,1.8157744434017344,0.2086145127658039,2.510893680894441
33.0,278.0,1000.53955078125,-4.38181940135786,-3.790616853724553,1.709840431240402,3.177705754687856,2.472621786164881,3.002330371853497,-0.3413029057203777,1.815774437397888,0.2086137128733362,2.510894016092107
33.0,278.0,1000.53955078125,-4.38181940135786,-3.790616853724553,1.709840431240402,3.177705754687856,2.472621786164881,3.0023303762741302,-0.3413029057203777,1.815774438358584,0.2086126022144653,2.510893680894441
33.0,278.0,1000.53955078125,-4.38181940135786,-3.790616543302924,1.7098404312404007,3.177705754687856,2.472621786164881,3.0023316624248406,-0.3413029057203777,1.8157744434017344,0.2086145127658039,2.510893680894441
33.0,278.0,1000.53955078125,-4.38181940135786,-3.790616855855218,1.709840431240402,3.177707335209196,2.472621786164881,3.0023302696227883,-0.3413029057203777,1.8157744434017344,0.2086125976601412,2.510893389338131
33.0,278.0,1000.53955078125,-4.38181940135786,-3.790616861582459,1.7098404312404007,3.177705754687856,2.472621786164881,3.002330465363278,-0.3413029057203777,1.8157744434017344,0.208612660576695,2.510893680894441
33.0,278.0,1000.53955078125,-4.38181940135786,-3.790616853724553,1.709840431240402,3.177705754687856,2.472621786164881,3.0023302664235088,-0.3413029057203777,1.8157744434017344,0.2086126022144653,2.510893680894441
33.0,278.0,1000.53955078125,-4.38181940135786,-3.790616542816335,1.7098404312404007,3.177705754687856,2.472621786164881,3.002331672591712,-0.3413029057203777,1.8157744434017344,0.2086145127658039,2.510893680894441
33.0,278.0,1000.53955078125,-4.38181940135786,-3.790616534958429,1.709840431240402,3.177705754687856,2.472621786164881,3.0023315831603337,-0.3413029057203777,1.815774437326072,0.2086144544035742,2.510893680894441
33.0,278.0,1000.53955078125,-4.38181940135786,-3.790616542816335,1.7098404312404007,3.177705754687856,2.472621786164881,3.0023301753333893,-0.3413029057203777,1.8157744434017344,0.2086145127658039,2.510893680894441
33.0,278.0,1000.53955078125,-4.38181940135786,-3.7906168557843993,1.709840431240399,3.177709151172341,2.472621786164881,3.002330248155578,-0.3413029057203777,1.8157744434017344,0.2086250260075788,2.510914513351829
33.0,278.0,1000.5396118164062,-4.38181940135786,-3.790616539156032,1.7098404312401534,3.1798392707088854,2.472621786164881,3.002331678303624,-0.3414483238424391,1.815774472364474,0.2086145214171468,2.5108844424732086
33.0,278.0,1000.5396118164062,-4.38181940135786,-3.790616853724553,1.709840431240402,3.179839270708836,2.472621786164881,3.0023303697085986,-0.3414706229964487,1.8157744405989231,0.2086220737738427,2.510885678387204
33.0,278.0,1000.5396118164062,-4.38181940135786,-3.790616539156032,1.7098404312401534,3.1798392707088854,2.472621786164881,3.002331678303624,-0.3414483238424391,1.815774472364474,0.2086145214171468,2.5108844424732086
33.0,278.0,1000.5396118164062,-4.38181940135786,-3.790616539156032,1.7098404312401534,3.1798392707088854,2.472621786164881,3.002331678303624,-0.3414483238424391,1.815774472364474,0.2086145214171468,2.5108844424732086
33.0,278.0,1000.5396118164062,-4.38181940135786,-3.790616849577661,1.7098404312401547,3.1798392707088854,2.472621786164881,3.002330282302292,-0.3414483238424391,1.815774472364474,0.2086126108658081,2.5108844424732086
33.0,278.0,1000.5396118164062,-4.38181940135786,-3.790616510512882,1.709840431240402,3.1798392707087326,2.472621786164881,3.0023303696812915,-0.3414721000262852,1.8157744370537776,0.2086222115407909,2.5109164231527856
33.0,278.0,1000.5396118164062,-4.38181940135786,-3.790616539156032,1.7098404312401612,3.1798392707088854,2.472621786164881,3.002331678303624,-0.341450028796811,1.815774472364474,0.2086216616627686,2.5108844424732086
33.0,278.0,1000.5396118164062,-4.38181940135786,-3.790616539156032,1.7098404312401612,3.1798392707088854,2.472621786164881,3.002331678303624,-0.341450028796811,1.815774472364474,0.2086216616627686,2.5108844424732086
33.0,278.0,1000.5396118164062,-4.38181940135786,-3.790616539156032,1.7098404312401534,3.1798392707088854,2.472621786164881,3.002330297929058,-0.3414483238424391,1.815774472364474,0.2086145214171468,2.5108844424732086
33.0,278.0,1000.5396118164062,-4.38181940135786,-3.790616510512882,1.709840431240402,3.1798392707087326,2.472621786164881,3.0023303696094183,-0.341459313599172,1.8157744377094345,0.2086222115407909,2.5109164231527856
33.0,278.0,1000.5396118164062,-4.38181940135786,-3.790616539156032,1.7098404312401534,3.1798392707088854,2.472621786164881,3.002331678303624,-0.3414483238424391,1.815774472364474,0.2086145214171468,2.5108844424732086
33.0,278.0,1000.5396118164062,-4.38181940135786,-3.790616853724553,1.709840431240402,3.179839270708836,2.472621786164881,3.0023303697085986,-0.3414706229964487,1.8157744405989231,0.2086220737738427,2.510885678387204
33.0,278.0,1000.5396118164062,-4.38181940135786,-3.79061780744417,1.7098404312404216,3.179839270708763,2.472621786164881,3.0023303696812915,-0.3414721000262852,1.8157744370537776,0.2086222115407909,2.5109155941516024
33.0,278.0,1000.5396118164062,-4.38181940135786,-3.79061780744417,1.7098404312404216,3.179839270708763,2.472621786164881,3.0023303696812915,-0.3414721000262852,1.8157744370537776,0.2086222115407909,2.5109155941516024
33.0,278.0,1000.5396118164062,-4.38181940135786,-3.790616539156032,1.7098404312401612,3.1798392707088854,2.472621786164881,3.002331678303624,-0.341450028796811,1.815774472364474,0.2086216616627686,2.5108844424732086
33.0,278.0,1000.5396118164062,-4.38181940135786,-3.790616510512882,1.709840431240402,3.179839270708732,2.472621786164881,3.0023303696094183,-0.3414591823719074,1.8157744377094345,0.2086222115407909,2.510885346020013
33.0,278.0,1000.5396118164062,-4.38181940135786,-3.790616539171913,1.709840431240397,3.1798392707088854,2.472621786164881,3.0023316785608065,-0.3414483238424391,1.815774472364474,0.2086145214171468,2.5108844424732086
33.0,278.0,1000.5396118164062,-4.38181940135786,-3.790616539156032,1.7098404312401612,3.1798392707088805,2.472621786164881,3.0023316464467804,-0.341450028796811,1.815774472750314,0.2086216491529448,2.510893276091832
33.0,278.0,1000.5396118164062,-4.38181940135786,-3.79061685077086,1.709840431240402,3.179839270708836,2.472621786164881,3.0023303697085986,-0.3414706229964487,1.8157744405989231,0.2086220737738427,2.5108931856825643
33.0,278.0,1000.5396118164062,-4.38181940135786,-3.79061780744417,1.7098404312404216,3.179839270708763,2.472621786164881,3.0023303696812915,-0.3414721000262852,1.8157744370537776,0.2086222115407909,2.5109155941516024
33.0,278.0,1000.5396118164062,-4.38181940135786,-3.790616853724553,1.709840431240402,3.179839270708836,2.472621786164881,3.0023303697085986,-0.3414706229964487,1.8157744405989231,0.2086220798569597,2.510885678387204
33.0,278.0,1000.5396118164062,-4.38181940135786,-3.7906168744385353,1.7098404312401534,3.1798392707088854,2.472621786164881,3.002331678303624,-0.341469898553551,1.815774439336009,0.2086145214171468,2.5108844424732086
33.0,278.0,1000.5396118164062,-4.38181940135786,-3.790616539156032,1.7098404312401534,3.1798392707088854,2.472621786164881,3.002330297929058,-0.3414483238424391,1.815774472364474,0.2086145214171468,2.5108844424732086
33.0,278.0,1000.5396118164062,-4.38181940135786,-3.790616510512882,1.709840431240402,3.1798392707087326,2.472621786164881,3.0023303696094183,-0.341459313599172,1.8157744377094345,0.208622205457674,2.5109164231527856
33.0,278.0,1000.5396118164062,-4.38181940135786,-3.790616539156032,1.7098404312401534,3.179894302752061,2.472621786164881,3.002331678303624,-0.3413011248571914,1.8157744721847564,0.2086145214171468,2.5108940235099304
33.0,278.0,1000.5396118164062,-4.38181940135786,-3.790616539156032,1.7098404312401612,3.1798392707088805,2.472621786164881,3.0023316464467804,-0.341450028796811,1.815774472750314,0.2086216491529448,2.51091947553404
33.0,278.0,1000.5396118164062,-4.38181940135786,-3.790616515488357,1.709840431240402,3.179839270708836,2.472621786164881,3.0023303697085986,-0.3414490482853369,1.815774473627388,0.2086220737738427,2.5108931856825643
33.0,278.0,1000.5396728515624,-4.38181940135786,-3.790649024796637,1.709840431240402,3.1798392707087326,2.472621786164881,3.002330374643449,-0.3413247619224711,1.815774437573141,0.2086137424556594,2.5109164231527856
33.0,278.0,1000.5396728515624,-4.38181940135786,-3.790616853724553,1.709840431240402,3.179839270708834,2.472621786164881,3.002330374643449,-0.3413029057203777,1.8157744431152287,0.2086249637796961,2.5109136278629003
33.0,278.0,1000.5396728515624,-4.38181940135786,-3.790642102195532,1.709840431240402,3.179839270708759,2.472621786164881,3.002364726512494,-0.3413831669627521,1.8157744339476631,0.2086140872941765,2.510919387113353
33.0,278.0,1000.5396728515624,-4.38181940135786,-3.790616853724553,1.709840431240402,3.179839270708834,2.472621786164881,3.002330374643449,-0.3413029057203777,1.815774442955239,0.2086246765794337,2.5109136278629003
33.0,279.0,1000.5394897460938,-4.38181940135786,-3.790616543042989,1.7098404312401534,3.177886885866966,2.472621786164881,3.002331672888192,-0.3414712502043515,1.8157744435262555,0.2086145126604477,2.5108844424732086
33.0,279.0,1000.53955078125,-4.38181940135786,-3.790616853724553,1.709840431240402,3.177705754687856,2.472621786164881,3.0023302664235088,-0.3413029057203777,1.8157744434017344,0.2086126022144653,2.510893680894441
33.0,279.0,1000.53955078125,-4.38181940135786,-3.790616853724553,1.709840431240402,3.177705754687856,2.472621786164881,3.0023303759319,-0.3413029057203777,1.815774437326072,0.2086126022144653,2.510893680894441
33.0,279.0,1000.53955078125,-4.38181940135786,-3.790616543302924,1.7098404312404007,3.177705754687856,2.472621786164881,3.0023316624248406,-0.3413029057203777,1.8157744434017344,0.2086145127658039,2.510893680894441
33.0,279.0,1000.53955078125,-4.38181940135786,-3.790616854211142,1.709840431240402,3.177705754687856,2.472621786164881,3.002330256256638,-0.3413029057203777,1.8157744434017344,0.2086126022144653,2.510893680894441
33.0,279.0,1000.53955078125,-4.38181940135786,-3.790616855855218,1.709840431240402,3.177707335209196,2.472621786164881,3.0023302696227883,-0.3413029057203777,1.8157744434017344,0.2086125976601412,2.510893389338131
33.0,279.0,1000.53955078125,-4.38181940135786,-3.790616853724553,1.709840431240402,3.177705754687856,2.472621786164881,3.0023303759319,-0.3413029057203777,1.815774437326072,0.2086126022144653,2.510893680894441
33.0,279.0,1000.53955078125,-4.38181940135786,-3.790616542816335,1.7098404312404007,3.177705754687856,2.472621786164881,3.002331672591712,-0.3413029057203777,1.8157744434017344,0.2086145127658039,2.510893680894441
33.0,279.0,1000.53955078125,-4.38181940135786,-3.7906168557843993,1.709840431240399,3.177709151172341,2.472621786164881,3.002330248155578,-0.3413029057203777,1.8157744434017344,0.2086250260075788,2.510914513351829
33.0,279.0,1000.53955078125,-4.38181940135786,-3.790616542816335,1.7098404312404007,3.177705754687856,2.472621786164881,3.002331672591712,-0.3413029057203777,1.8157744434017344,0.2086145127658039,2.510893680894441
33.0,279.0,1000.53955078125,-4.38181940135786,-3.790616853724553,1.709840431240402,3.177705754687856,2.472621786164881,3.002330371853497,-0.3413029057203777,1.815774437397888,0.2086137128733362,2.510894016092107
33.0,279.0,1000.53955078125,-4.38181940135786,-3.790616853724553,1.709840431240402,3.177705754687856,2.472621786164881,3.0023303762741302,-0.3413029057203777,1.815774438358584,0.2086126022144653,2.510893680894441
33.0,279.0,1000.53955078125,-4.38181940135786,-3.790616543302924,1.7098404312404007,3.177705754687856,2.472621786164881,3.0023316624248406,-0.3413029057203777,1.8157744434017344,0.2086145127658039,2.510893680894441
33.0,279.0,1000.53955078125,-4.38181940135786,-3.790616855855218,1.709840431240402,3.177707335209196,2.472621786164881,3.0023302696227883,-0.3413029057203777,1.8157744434017344,0.2086125976601412,2.510893389338131
33.0,279.0,1000.53955078125,-4.38181940135786,-3.790616861582459,1.7098404312404007,3.177705754687856,2.472621786164881,3.002330465363278,-0.3413029057203777,1.8157744434017344,0.208612660576695,2.510893680894441
33.0,279.0,1000.53955078125,-4.38181940135786,-3.790616853724553,1.709840431240402,3.177705754687856,2.472621786164881,3.0023302664235088,-0.3413029057203777,1.8157744434017344,0.2086126022144653,2.510893680894441
33.0,279.0,1000.53955078125,-4.38181940135786,-3.790616542816335,1.7098404312404007,3.177705754687856,2.472621786164881,3.002331672591712,-0.3413029057203777,1.8157744434017344,0.2086145127658039,2.510893680894441
33.0,279.0,1000.53955078125,-4.38181940135786,-3.790616534958429,1.709840431240402,3.177705754687856,2.472621786164881,3.0023315831603337,-0.3413029057203777,1.815774437326072,0.2086144544035742,2.510893680894441
33.0,279.0,1000.53955078125,-4.38181940135786,-3.790616542816335,1.7098404312404007,3.177705754687856,2.472621786164881,3.0023301753333893,-0.3413029057203777,1.8157744434017344,0.2086145127658039,2.510893680894441
33.0,279.0,1000.53955078125,-4.38181940135786,-3.7906168557843993,1.709840431240399,3.177709151172341,2.472621786164881,3.002330248155578,-0.3413029057203777,1.8157744434017344,0.2086250260075788,2.510914513351829
33.0,279.0,1000.53955078125,-4.38181940135786,-3.790616534958429,1.709840431240402,3.177705754687856,2.472621786164881,3.002331583492759,-0.3413029057203777,1.815774437326072,0.2086144536048419,2.510893680894441
33.0,279.0,1000.53955078125,-4.38181940135786,-3.790616854211142,1.709840431240402,3.177707330243827,2.472621786164881,3.002330256472777,-0.3413029057203777,1.8157744434017344,0.2086125978766588,2.5108933903391035
33.0,279.0,1000.53955078125,-4.38181940135786,-3.790616855644672,1.709840431240402,3.177705754687856,2.472621786164881,3.002330252593879,-0.3413029057203777,1.8157744372025533,0.2086121223961014,2.510893680894441
33.0,279.0,1000.53955078125,-4.38181940135786,-3.790616509054092,1.7098404312404007,3.1776960835061576,2.472621786164881,3.0023304158787965,-0.3413029057203777,1.8157744371705664,0.2086145127658039,2.5108935687309275
33.0,279.0,1000.53955078125,-4.38181940135786,-3.790616855853605,1.709840431240402,3.177707335209196,2.472621786164881,3.0023302696227883,-0.3413029057203777,1.8157744434017344,0.2086125976601412,2.5108931647589263
33.0,279.0,1000.53955078125,-4.38181940135786,-3.790616853724553,1.709840431240402,3.177705754687856,2.472621786164881,3.0023302664235088,-0.3413029057203777,1.8157744434017344,0.2086126022144653,2.510893680894441
33.0,279.0,1000.53955078125,-4.38181940135786,-3.790616861582459,1.7098404312404007,3.177705754687856,2.472621786164881,3.002330465363278,-0.3413029057203777,1.8157744434017344,0.208612660576695,2.510893680894441
33.0,279.0,1000.53955078125,-4.38181940135786,-3.790616542816335,1.7098404312404007,3.177705754687856,2.472621786164881,3.002331672259287,-0.3413029057203777,1.8157744434017344,0.2086145135645361,2.510893680894441
33.0,279.0,1000.53955078125,-4.38181940135786,-3.790616554376683,1.709840431240402,3.177705754687856,2.472621786164881,3.0023302664235088,-0.3413029057203777,1.8157744434017344,0.2086126022144653,2.510893680894441
33.0,279.0,1000.53955078125,-4.38181940135786,-3.790616853724553,1.709840431240402,3.177709173127845,2.472621786164881,3.0023303759319,-0.3413029057203777,1.815774437326072,0.2086126022144653,2.510893680894441
33.0,279.0,1000.53955078125,-4.38181940135786,-3.790616853724553,1.709840431240402,3.177705754687856,2.472621786164881,3.002330375438136,-0.3413029057203777,1.8157744373943416,0.208613842876245,2.5108940283122148
33.0,279.0,1000.53955078125,-4.38181940135786,-3.79061685386428,1.709840431240399,3.177709151172341,2.472621786164881,3.002330371493599,-0.3413029057203777,1.8157744435252523,0.2086255058259427,2.510914513351829
33.0,279.0,1000.53955078125,-4.38181940135786,-3.790616855786012,1.709840431240399,3.177709151172341,2.472621786164881,3.002330248155578,-0.3413029057203777,1.8157744434017344,0.2086250260075788,2.5109147379310337
33.0,279.0,1000.5396118164062,-4.38181940135786,-3.790616539156032,1.7098404312401534,3.1798392707088854,2.472621786164881,3.002331678303624,-0.3414483238424391,1.815774472364474,0.2086145214171468,2.5108844424732086
33.0,279.0,1000.5396118164062,-4.38181940135786,-3.790616853724553,1.709840431240402,3.179839270708836,2.472621786164881,3.0023303697085986,-0.3414706229964487,1.8157744405989231,0.2086220737738427,2.510885678387204
33.0,279.0,1000.5396118164062,-4.38181940135786,-3.790616539156032,1.7098404312401534,3.1798392707088854,2.472621786164881,3.002331678303624,-0.3414483238424391,1.815774472364474,0.2086145214171468,2.5108844424732086
33.0,279.0,1000.5396118164062,-4.38181940135786,-3.790616539156032,1.7098404312401534,3.1798392707088854,2.472621786164881,3.002331678303624,-0.3414483238424391,1.815774472364474,0.2086145214171468,2.5108844424732086
33.0,279.0,1000.5396118164062,-4.38181940135786,-3.790616849577661,1.7098404312401547,3.1798392707088854,2.472621786164881,3.002330282302292,-0.3414483238424391,1.815774472364474,0.2086126108658081,2.5108844424732086
33.0,279.0,1000.5396118164062,-4.38181940135786,-3.790616510512882,1.709840431240402,3.1798392707087326,2.472621786164881,3.0023303696812915,-0.3414721000262852,1.8157744370537776,0.2086222115407909,2.5109164231527856
33.0,279.0,1000.5396118164062,-4.38181940135786,-3.790616539156032,1.7098404312401612,3.1798392707088854,2.472621786164881,3.002331678303624,-0.341450028796811,1.815774472364474,0.2086216616627686,2.5108844424732086
33.0,279.0,1000.5396118164062,-4.38181940135786,-3.790616539156032,1.7098404312401612,3.1798392707088854,2.472621786164881,3.002331678303624,-0.341450028796811,1.815774472364474,0.2086216616627686,2.5108844424732086
33.0,279.0,1000.5396118164062,-4.38181940135786,-3.790616539156032,1.7098404312401534,3.1798392707088854,2.472621786164881,3.002330297929058,-0.3414483238424391,1.815774472364474,0.2086145214171468,2.5108844424732086
33.0,279.0,1000.5396118164062,-4.38181940135786,-3.790616510512882,1.709840431240402,3.1798392707087326,2.472621786164881,3.0023303696094183,-0.341459313599172,1.8157744377094345,0.2086222115407909,2.5109164231527856
33.0,279.0,1000.5396118164062,-4.38181940135786,-3.790616539156032,1.7098404312401534,3.1798392707088854,2.472621786164881,3.002331678303624,-0.3414483238424391,1.815774472364474,0.2086145214171468,2.5108844424732086
33.0,279.0,1000.5396118164062,-4.38181940135786,-3.790616853724553,1.709840431240402,3.179839270708836,2.472621786164881,3.0023303697085986,-0.3414706229964487,1.8157744405989231,0.2086220737738427,2.510885678387204
33.0,279.0,1000.5396118164062,-4.38181940135786,-3.79061780744417,1.7098404312404216,3.179839270708763,2.472621786164881,3.0023303696812915,-0.3414721000262852,1.8157744370537776,0.2086222115407909,2.5109155941516024
33.0,279.0,1000.5396118164062,-4.38181940135786,-3.79061780744417,1.7098404312404216,3.179839270708763,2.472621786164881,3.0023303696812915,-0.3414721000262852,1.8157744370537776,0.2086222115407909,2.5109155941516024
33.0,279.0,1000.5396118164062,-4.38181940135786,-3.790616539156032,1.7098404312401612,3.1798392707088854,2.472621786164881,3.002331678303624,-0.341450028796811,1.815774472364474,0.2086216616627686,2.5108844424732086
33.0,279.0,1000.5396118164062,-4.38181940135786,-3.790616510512882,1.709840431240402,3.179839270708732,2.472621786164881,3.0023303696094183,-0.3414591823719074,1.8157744377094345,0.2086222115407909,2.510885346020013
33.0,279.0,1000.5396118164062,-4.38181940135786,-3.790616539171913,1.709840431240397,3.1798392707088854,2.472621786164881,3.0023316785608065,-0.3414483238424391,1.815774472364474,0.2086145214171468,2.5108844424732086
33.0,280.0,1000.5394897460938,-4.38181940135786,-3.790616543042989,1.7098404312401534,3.177886885866966,2.472621786164881,3.002331672888192,-0.3414712502043515,1.8157744435262555,0.2086145126604477,2.5108844424732086
33.0,280.0,1000.5394897460938,-4.38181940135786,-3.7906165126773534,1.709840431240402,3.17790858211434,2.472621786164881,3.0023303696094183,-0.3414669696731406,1.815774443296912,0.2086222115407909,2.510893490323644
33.0,280.0,1000.53955078125,-4.38181940135786,-3.790616853724553,1.709840431240402,3.177705754687856,2.472621786164881,3.0023302664235088,-0.3413029057203777,1.8157744434017344,0.2086126022144653,2.510893680894441
33.0,280.0,1000.53955078125,-4.38181940135786,-3.790616853724553,1.709840431240402,3.177705754687856,2.472621786164881,3.0023303759319,-0.3413029057203777,1.815774437326072,0.2086126022144653,2.510893680894441
33.0,280.0,1000.53955078125,-4.38181940135786,-3.790616543302924,1.7098404312404007,3.177705754687856,2.472621786164881,3.0023316624248406,-0.3413029057203777,1.8157744434017344,0.2086145127658039,2.510893680894441
33.0,280.0,1000.53955078125,-4.38181940135786,-3.790616854211142,1.709840431240402,3.177705754687856,2.472621786164881,3.002330256256638,-0.3413029057203777,1.8157744434017344,0.2086126022144653,2.510893680894441
33.0,280.0,1000.53955078125,-4.38181940135786,-3.790616855855218,1.709840431240402,3.177707335209196,2.472621786164881,3.0023302696227883,-0.3413029057203777,1.8157744434017344,0.2086125976601412,2.510893389338131
33.0,280.0,1000.53955078125,-4.38181940135786,-3.790616853724553,1.709840431240402,3.177705754687856,2.472621786164881,3.0023303759319,-0.3413029057203777,1.815774437326072,0.2086126022144653,2.510893680894441
33.0,280.0,1000.53955078125,-4.38181940135786,-3.790616542816335,1.7098404312404007,3.177705754687856,2.472621786164881,3.002331672591712,-0.3413029057203777,1.8157744434017344,0.2086145127658039,2.510893680894441
33.0,280.0,1000.53955078125,-4.38181940135786,-3.7906168557843993,1.709840431240399,3.177709151172341,2.472621786164881,3.002330248155578,-0.3413029057203777,1.8157744434017344,0.2086250260075788,2.510914513351829
33.0,280.0,1000.53955078125,-4.38181940135786,-3.790616542816335,1.7098404312404007,3.177705754687856,2.472621786164881,3.002331672591712,-0.3413029057203777,1.8157744434017344,0.2086145127658039,2.510893680894441
33.0,280.0,1000.53955078125,-4.38181940135786,-3.790616853724553,1.709840431240402,3.177705754687856,2.472621786164881,3.002330371853497,-0.3413029057203777,1.815774437397888,0.2086137128733362,2.510894016092107
33.0,280.0,1000.53955078125,-4.38181940135786,-3.790616853724553,1.709840431240402,3.177705754687856,2.472621786164881,3.0023303762741302,-0.3413029057203777,1.815774438358584,0.2086126022144653,2.510893680894441
33.0,280.0,1000.53955078125,-4.38181940135786,-3.790616543302924,1.7098404312404007,3.177705754687856,2.472621786164881,3.0023316624248406,-0.3413029057203777,1.8157744434017344,0.2086145127658039,2.510893680894441
33.0,280.0,1000.53955078125,-4.38181940135786,-3.790616855855218,1.709840431240402,3.177707335209196,2.472621786164881,3.0023302696227883,-0.3413029057203777,1.8157744434017344,0.2086125976601412,2.510893389338131
33.0,280.0,1000.53955078125,-4.38181940135786,-3.790616861582459,1.7098404312404007,3.177705754687856,2.472621786164881,3.002330465363278,-0.3413029057203777,1.8157744434017344,0.208612660576695,2.510893680894441
33.0,280.0,1000.53955078125,-4.38181940135786,-3.790616853724553,1.709840431240402,3.177705754687856,2.472621786164881,3.0023302664235088,-0.3413029057203777,1.8157744434017344,0.2086126022144653,2.510893680894441
33.0,280.0,1000.53955078125,-4.38181940135786,-3.790616542816335,1.7098404312404007,3.177705754687856,2.472621786164881,3.002331672591712,-0.3413029057203777,1.8157744434017344,0.2086145127658039,2.510893680894441
33.0,280.0,1000.53955078125,-4.38181940135786,-3.790616534958429,1.709840431240402,3.177705754687856,2.472621786164881,3.0023315831603337,-0.3413029057203777,1.815774437326072,0.2086144544035742,2.510893680894441
33.0,280.0,1000.53955078125,-4.38181940135786,-3.790616542816335,1.7098404312404007,3.177705754687856,2.472621786164881,3.0023301753333893,-0.3413029057203777,1.8157744434017344,0.2086145127658039,2.510893680894441
33.0,280.0,1000.53955078125,-4.38181940135786,-3.7906168557843993,1.709840431240399,3.177709151172341,2.472621786164881,3.002330248155578,-0.3413029057203777,1.8157744434017344,0.2086250260075788,2.510914513351829
33.0,280.0,1000.53955078125,-4.38181940135786,-3.790616534958429,1.709840431240402,3.177705754687856,2.472621786164881,3.002331583492759,-0.3413029057203777,1.815774437326072,0.2086144536048419,2.510893680894441
33.0,280.0,1000.53955078125,-4.38181940135786,-3.790616854211142,1.709840431240402,3.177707330243827,2.472621786164881,3.002330256472777,-0.3413029057203777,1.8157744434017344,0.2086125978766588,2.5108933903391035
33.0,280.0,1000.53955078125,-4.38181940135786,-3.790616855644672,1.709840431240402,3.177705754687856,2.472621786164881,3.002330252593879,-0.3413029057203777,1.8157744372025533,0.2086121223961014,2.510893680894441
33.0,280.0,1000.53955078125,-4.38181940135786,-3.790616509054092,1.7098404312404007,3.1776960835061576,2.472621786164881,3.0023304158787965,-0.3413029057203777,1.8157744371705664,0.2086145127658039,2.5108935687309275
33.0,280.0,1000.53955078125,-4.38181940135786,-3.790616855853605,1.709840431240402,3.177707335209196,2.472621786164881,3.0023302696227883,-0.3413029057203777,1.8157744434017344,0.2086125976601412,2.5108931647589263
33.0,280.0,1000.53955078125,-4.38181940135786,-3.790616853724553,1.709840431240402,3.177705754687856,2.472621786164881,3.0023302664235088,-0.3413029057203777,1.8157744434017344,0.2086126022144653,2.510893680894441
33.0,280.0,1000.53955078125,-4.38181940135786,-3.790616861582459,1.7098404312404007,3.177705754687856,2.472621786164881,3.002330465363278,-0.3413029057203777,1.8157744434017344,0.208612660576695,2.510893680894441
33.0,280.0,1000.53955078125,-4.38181940135786,-3.790616542816335,1.7098404312404007,3.177705754687856,2.472621786164881,3.002331672259287,-0.3413029057203777,1.8157744434017344,0.2086145135645361,2.510893680894441
33.0,280.0,1000.53955078125,-4.38181940135786,-3.790616554376683,1.709840431240402,3.177705754687856,2.472621786164881,3.0023302664235088,-0.3413029057203777,1.8157744434017344,0.2086126022144653,2.510893680894441
33.0,280.0,1000.53955078125,-4.38181940135786,-3.790616853724553,1.709840431240402,3.177709173127845,2.472621786164881,3.0023303759319,-0.3413029057203777,1.815774437326072,0.2086126022144653,2.510893680894441
33.0,280.0,1000.53955078125,-4.38181940135786,-3.790616853724553,1.709840431240402,3.177705754687856,2.472621786164881,3.002330375438136,-0.3413029057203777,1.8157744373943416,0.208613842876245,2.5108940283122148
33.0,280.0,1000.53955078125,-4.38181940135786,-3.79061685386428,1.709840431240399,3.177709151172341,2.472621786164881,3.002330371493599,-0.3413029057203777,1.8157744435252523,0.2086255058259427,2.510914513351829
33.0,280.0,1000.53955078125,-4.38181940135786,-3.790616855786012,1.709840431240399,3.177709151172341,2.472621786164881,3.002330248155578,-0.3413029057203777,1.8157744434017344,0.2086250260075788,2.5109147379310337
33.0,280.0,1000.53955078125,-4.38181940135786,-3.7906168557843993,1.709840431240399,3.177709151172341,2.472621786164881,3.002330248155578,-0.3413029057203777,1.8157744434017344,0.2086250260075788,2.510914513351829
33.0,280.0,1000.53955078125,-4.38181940135786,-3.79061685386428,1.709840431240399,3.177709151172341,2.472621786164881,3.002330371493599,-0.3413029057203777,1.8157744435252523,0.2086255058259427,2.510914513351829
33.0,280.0,1000.53955078125,-4.38181940135786,-3.790616855853605,1.709840431240402,3.177705723899359,2.472621786164881,3.002330269627268,-0.3413029057203777,1.8157744434017344,0.2086125976601412,2.5108931647589263
33.0,280.0,1000.53955078125,-4.38181940135786,-3.790616543302924,1.7098404312404007,3.177705970496747,2.472621786164881,3.0023316624248406,-0.3413029057203777,1.8157744434017344,0.2086146897227302,2.510893680894441
33.0,280.0,1000.53955078125,-4.38181940135786,-3.790616855710047,1.709840431240402,3.177705754687856,2.472621786164881,3.002330248788033,-0.3413029057203777,1.8157744434017344,0.2086126022144653,2.510893680894441
33.0,280.0,1000.53955078125,-4.38181940135786,-3.790616849240888,1.709840431240402,3.177705803432502,2.472621786164881,3.0023302664235088,-0.3413029057203777,1.815774437050492,0.2086126022144653,2.510893680894441
33.0,280.0,1000.53955078125,-4.38181940135786,-3.7906168554843216,1.7098404312404007,3.1777057625549845,2.472621786164881,3.0023316015815844,-0.3413029057203777,1.8157744434017344,0.2086250015892209,2.510893680894441
33.0,280.0,1000.53955078125,-4.38181940135786,-3.790616853724553,1.709840431240402,3.177707365997692,2.472621786164881,3.002330266419029,-0.3413029057203777,1.8157744434017344,0.2086126022144653,2.510893680894441
33.0,280.0,1000.53955078125,-4.38181940135786,-3.790616853724553,1.709840431240402,3.177705754687856,2.472621786164881,3.0023303762044,-0.3413029057203777,1.815774437397888,0.208613711969343,2.510894016333649
33.0,280.0,1000.53955078125,-4.38181940135786,-3.790616855786012,1.709840431240399,3.1777089353634502,2.472621786164881,3.002330248155578,-0.3413029057203777,1.8157744434017344,0.2086248490506524,2.5109147379310337
33.0,280.0,1000.53955078125,-4.38181940135786,-3.790616854211142,1.709840431240402,3.1777073150658195,2.472621786164881,3.0023304675719373,-0.3413029057203777,1.8157744434017344,0.2086125978766588,2.510893687863918
33.0,280.0,1000.53955078125,-4.38181940135786,-3.790616853871024,1.709840431240399,3.177709151172341,2.472621786164881,3.002330371493599,-0.3413029057203777,1.815774444120756,0.2086255058259427,2.510915099483644
33.0,280.0,1000.5396118164062,-4.38181940135786,-3.790616539156032,1.7098404312401534,3.1798392707088854,2.472621786164881,3.002331678303624,-0.3414483238424391,1.815774472364474,0.2086145214171468,2.5108844424732086
33.0,280.0,1000.5396118164062,-4.38181940135786,-3.790616853724553,1.709840431240402,3.179839270708836,2.472621786164881,3.0023303697085986,-0.3414706229964487,1.8157744405989231,0.2086220737738427,2.510885678387204
33.0,280.0,1000.5396118164062,-4.38181940135786,-3.790616539156032,1.7098404312401534,3.1798392707088854,2.472621786164881,3.002331678303624,-0.3414483238424391,1.815774472364474,0.2086145214171468,2.5108844424732086
33.0,280.0,1000.5396118164062,-4.38181940135786,-3.790616539156032,1.7098404312401534,3.1798392707088854,2.472621786164881,3.002331678303624,-0.3414483238424391,1.815774472364474,0.2086145214171468,2.5108844424732086
33.0,281.0,1000.5394287109376,-4.38181940135786,-3.7906168514311807,1.709840431240402,3.17790858211434,2.472621786164881,3.0023303696094183,-0.3414669696731406,1.815774443296912,0.2086140607697834,2.510893490323644
33.0,281.0,1000.5394287109376,-4.38181940135786,-3.790616543042989,1.7098404312401534,3.177886885866966,2.472621786164881,3.002331672888192,-0.3414712502043515,1.8157744435262555,0.2086124045741512,2.5108845997852107
33.0,281.0,1000.5394897460938,-4.38181940135786,-3.790616543042989,1.7098404312401534,3.177886885866966,2.472621786164881,3.002331672888192,-0.3414712502043515,1.8157744435262555,0.2086145126604477,2.5108844424732086
33.0,281.0,1000.5394897460938,-4.38181940135786,-3.7906165126773534,1.709840431240402,3.17790858211434,2.472621786164881,3.0023303696094183,-0.3414669696731406,1.815774443296912,0.2086222115407909,2.510893490323644
33.0,281.0,1000.53955078125,-4.38181940135786,-3.790616853724553,1.709840431240402,3.177705754687856,2.472621786164881,3.0023302664235088,-0.3413029057203777,1.8157744434017344,0.2086126022144653,2.510893680894441
33.0,281.0,1000.53955078125,-4.38181940135786,-3.790616853724553,1.709840431240402,3.177705754687856,2.472621786164881,3.0023303759319,-0.3413029057203777,1.815774437326072,0.2086126022144653,2.510893680894441
33.0,281.0,1000.53955078125,-4.38181940135786,-3.790616543302924,1.7098404312404007,3.177705754687856,2.472621786164881,3.0023316624248406,-0.3413029057203777,1.8157744434017344,0.2086145127658039,2.510893680894441
33.0,281.0,1000.53955078125,-4.38181940135786,-3.790616854211142,1.709840431240402,3.177705754687856,2.472621786164881,3.002330256256638,-0.3413029057203777,1.8157744434017344,0.2086126022144653,2.510893680894441
33.0,281.0,1000.53955078125,-4.38181940135786,-3.790616855855218,1.709840431240402,3.177707335209196,2.472621786164881,3.0023302696227883,-0.3413029057203777,1.8157744434017344,0.2086125976601412,2.510893389338131
33.0,281.0,1000.53955078125,-4.38181940135786,-3.790616853724553,1.709840431240402,3.177705754687856,2.472621786164881,3.0023303759319,-0.3413029057203777,1.815774437326072,0.2086126022144653,2.510893680894441
33.0,281.0,1000.53955078125,-4.38181940135786,-3.790616542816335,1.7098404312404007,3.177705754687856,2.472621786164881,3.002331672591712,-0.3413029057203777,1.8157744434017344,0.2086145127658039,2.510893680894441
33.0,281.0,1000.53955078125,-4.38181940135786,-3.7906168557843993,1.709840431240399,3.177709151172341,2.472621786164881,3.002330248155578,-0.3413029057203777,1.8157744434017344,0.2086250260075788,2.510914513351829
33.0,281.0,1000.53955078125,-4.38181940135786,-3.790616542816335,1.7098404312404007,3.177705754687856,2.472621786164881,3.002331672591712,-0.3413029057203777,1.8157744434017344,0.2086145127658039,2.510893680894441
33.0,281.0,1000.53955078125,-4.38181940135786,-3.790616853724553,1.709840431240402,3.177705754687856,2.472621786164881,3.002330371853497,-0.3413029057203777,1.815774437397888,0.2086137128733362,2.510894016092107
33.0,281.0,1000.53955078125,-4.38181940135786,-3.790616853724553,1.709840431240402,3.177705754687856,2.472621786164881,3.0023303762741302,-0.3413029057203777,1.815774438358584,0.2086126022144653,2.510893680894441
33.0,281.0,1000.53955078125,-4.38181940135786,-3.790616543302924,1.7098404312404007,3.177705754687856,2.472621786164881,3.0023316624248406,-0.3413029057203777,1.8157744434017344,0.2086145127658039,2.510893680894441
33.0,281.0,1000.53955078125,-4.38181940135786,-3.790616855855218,1.709840431240402,3.177707335209196,2.472621786164881,3.0023302696227883,-0.3413029057203777,1.8157744434017344,0.2086125976601412,2.510893389338131
33.0,281.0,1000.53955078125,-4.38181940135786,-3.790616861582459,1.7098404312404007,3.177705754687856,2.472621786164881,3.002330465363278,-0.3413029057203777,1.8157744434017344,0.208612660576695,2.510893680894441
33.0,281.0,1000.53955078125,-4.38181940135786,-3.790616853724553,1.709840431240402,3.177705754687856,2.472621786164881,3.0023302664235088,-0.3413029057203777,1.8157744434017344,0.2086126022144653,2.510893680894441
33.0,281.0,1000.53955078125,-4.38181940135786,-3.790616542816335,1.7098404312404007,3.177705754687856,2.472621786164881,3.002331672591712,-0.3413029057203777,1.8157744434017344,0.2086145127658039,2.510893680894441
33.0,281.0,1000.53955078125,-4.38181940135786,-3.790616534958429,1.709840431240402,3.177705754687856,2.472621786164881,3.0023315831603337,-0.3413029057203777,1.815774437326072,0.2086144544035742,2.510893680894441
33.0,281.0,1000.53955078125,-4.38181940135786,-3.790616542816335,1.7098404312404007,3.177705754687856,2.472621786164881,3.0023301753333893,-0.3413029057203777,1.8157744434017344,0.2086145127658039,2.510893680894441
33.0,281.0,1000.53955078125,-4.38181940135786,-3.7906168557843993,1.709840431240399,3.177709151172341,2.472621786164881,3.002330248155578,-0.3413029057203777,1.8157744434017344,0.2086250260075788,2.510914513351829
33.0,281.0,1000.53955078125,-4.38181940135786,-3.790616534958429,1.709840431240402,3.177705754687856,2.472621786164881,3.002331583492759,-0.3413029057203777,1.815774437326072,0.2086144536048419,2.510893680894441
33.0,281.0,1000.53955078125,-4.38181940135786,-3.790616854211142,1.709840431240402,3.177707330243827,2.472621786164881,3.002330256472777,-0.3413029057203777,1.8157744434017344,0.2086125978766588,2.5108933903391035
33.0,281.0,1000.53955078125,-4.38181940135786,-3.790616855644672,1.709840431240402,3.177705754687856,2.472621786164881,3.002330252593879,-0.3413029057203777,1.8157744372025533,0.2086121223961014,2.510893680894441
33.0,281.0,1000.53955078125,-4.38181940135786,-3.790616509054092,1.7098404312404007,3.1776960835061576,2.472621786164881,3.0023304158787965,-0.3413029057203777,1.8157744371705664,0.2086145127658039,2.5108935687309275
33.0,281.0,1000.53955078125,-4.38181940135786,-3.790616855853605,1.709840431240402,3.177707335209196,2.472621786164881,3.0023302696227883,-0.3413029057203777,1.8157744434017344,0.2086125976601412,2.5108931647589263
33.0,281.0,1000.53955078125,-4.38181940135786,-3.790616853724553,1.709840431240402,3.177705754687856,2.472621786164881,3.0023302664235088,-0.3413029057203777,1.8157744434017344,0.2086126022144653,2.510893680894441
33.0,281.0,1000.53955078125,-4.38181940135786,-3.790616861582459,1.7098404312404007,3.177705754687856,2.472621786164881,3.002330465363278,-0.3413029057203777,1.8157744434017344,0.208612660576695,2.510893680894441
33.0,281.0,1000.53955078125,-4.38181940135786,-3.790616542816335,1.7098404312404007,3.177705754687856,2.472621786164881,3.002331672259287,-0.3413029057203777,1.8157744434017344,0.2086145135645361,2.510893680894441
33.0,281.0,1000.53955078125,-4.38181940135786,-3.790616554376683,1.709840431240402,3.177705754687856,2.472621786164881,3.0023302664235088,-0.3413029057203777,1.8157744434017344,0.2086126022144653,2.510893680894441
33.0,281.0,1000.53955078125,-4.38181940135786,-3.790616853724553,1.709840431240402,3.177709173127845,2.472621786164881,3.0023303759319,-0.3413029057203777,1.815774437326072,0.2086126022144653,2.510893680894441
33.0,281.0,1000.53955078125,-4.38181940135786,-3.790616853724553,1.709840431240402,3.177705754687856,2.472621786164881,3.002330375438136,-0.3413029057203777,1.8157744373943416,0.208613842876245,2.5108940283122148
33.0,281.0,1000.53955078125,-4.38181940135786,-3.79061685386428,1.709840431240399,3.177709151172341,2.472621786164881,3.002330371493599,-0.3413029057203777,1.8157744435252523,0.2086255058259427,2.510914513351829
33.0,281.0,1000.53955078125,-4.38181940135786,-3.790616855786012,1.709840431240399,3.177709151172341,2.472621786164881,3.002330248155578,-0.3413029057203777,1.8157744434017344,0.2086250260075788,2.5109147379310337
33.0,281.0,1000.53955078125,-4.38181940135786,-3.7906168557843993,1.709840431240399,3.177709151172341,2.472621786164881,3.002330248155578,-0.3413029057203777,1.8157744434017344,0.2086250260075788,2.510914513351829
33.0,281.0,1000.53955078125,-4.38181940135786,-3.79061685386428,1.709840431240399,3.177709151172341,2.472621786164881,3.002330371493599,-0.3413029057203777,1.8157744435252523,0.2086255058259427,2.510914513351829
33.0,281.0,1000.53955078125,-4.38181940135786,-3.790616855853605,1.709840431240402,3.177705723899359,2.472621786164881,3.002330269627268,-0.3413029057203777,1.8157744434017344,0.2086125976601412,2.5108931647589263
33.0,281.0,1000.53955078125,-4.38181940135786,-3.790616543302924,1.7098404312404007,3.177705970496747,2.472621786164881,3.0023316624248406,-0.3413029057203777,1.8157744434017344,0.2086146897227302,2.510893680894441
33.0,281.0,1000.53955078125,-4.38181940135786,-3.790616855710047,1.709840431240402,3.177705754687856,2.472621786164881,3.002330248788033,-0.3413029057203777,1.8157744434017344,0.2086126022144653,2.510893680894441
33.0,281.0,1000.53955078125,-4.38181940135786,-3.790616849240888,1.709840431240402,3.177705803432502,2.472621786164881,3.0023302664235088,-0.3413029057203777,1.815774437050492,0.2086126022144653,2.510893680894441
33.0,281.0,1000.53955078125,-4.38181940135786,-3.7906168554843216,1.7098404312404007,3.1777057625549845,2.472621786164881,3.0023316015815844,-0.3413029057203777,1.8157744434017344,0.2086250015892209,2.510893680894441
33.0,281.0,1000.53955078125,-4.38181940135786,-3.790616853724553,1.709840431240402,3.177707365997692,2.472621786164881,3.002330266419029,-0.3413029057203777,1.8157744434017344,0.2086126022144653,2.510893680894441
33.0,281.0,1000.53955078125,-4.38181940135786,-3.790616853724553,1.709840431240402,3.177705754687856,2.472621786164881,3.0023303762044,-0.3413029057203777,1.815774437397888,0.208613711969343,2.510894016333649
33.0,281.0,1000.53955078125,-4.38181940135786,-3.790616855786012,1.709840431240399,3.1777089353634502,2.472621786164881,3.002330248155578,-0.3413029057203777,1.8157744434017344,0.2086248490506524,2.5109147379310337
33.0,281.0,1000.53955078125,-4.38181940135786,-3.790616854211142,1.709840431240402,3.1777073150658195,2.472621786164881,3.0023304675719373,-0.3413029057203777,1.8157744434017344,0.2086125978766588,2.510893687863918
33.0,281.0,1000.53955078125,-4.38181940135786,-3.790616853871024,1.709840431240399,3.177709151172341,2.472621786164881,3.002330371493599,-0.3413029057203777,1.815774444120756,0.2086255058259427,2.510915099483644
33.0,281.0,1000.53955078125,-4.38181940135786,-3.790616849240888,1.709840431240402,3.177705803432502,2.472621786164881,3.0023302664235088,-0.3413029057203777,1.815774437050492,0.2086126022144653,2.510893680894441
33.0,281.0,1000.53955078125,-4.38181940135786,-3.790616848065449,1.7098404312404007,3.177705970496747,2.472621786164881,3.002330248116079,-0.3413029057203777,1.8157744434017344,0.2086146897227302,2.510893680894441
33.0,282.0,1000.5394287109376,-4.38181940135786,-3.7906168514311807,1.709840431240402,3.17790858211434,2.472621786164881,3.0023303696094183,-0.3414669696731406,1.815774443296912,0.2086140607697834,2.510893490323644
33.0,282.0,1000.5394287109376,-4.38181940135786,-3.790616543042989,1.7098404312401534,3.177886885866966,2.472621786164881,3.002331672888192,-0.3414712502043515,1.8157744435262555,0.2086124045741512,2.5108845997852107
33.0,282.0,1000.5394287109376,-4.38181940135786,-3.790616826254039,1.709840431240402,3.177886567338317,2.472621786164881,3.0023303696094183,-0.3414711441535076,1.815774443296912,0.2086122759162876,2.510884899304997
33.0,282.0,1000.5394287109376,-4.38181940135786,-3.790616543042989,1.7098404312401685,3.177886885866966,2.472621786164881,3.0023303796829044,-0.3414669032308265,1.8157744435262555,0.2086124045741512,2.510893170083828
33.0,282.0,1000.5394897460938,-4.38181940135786,-3.790616543042989,1.7098404312401534,3.177886885866966,2.472621786164881,3.002331672888192,-0.3414712502043515,1.8157744435262555,0.2086145126604477,2.5108844424732086
33.0,282.0,1000.5394897460938,-4.38181940135786,-3.7906165126773534,1.709840431240402,3.17790858211434,2.472621786164881,3.0023303696094183,-0.3414669696731406,1.815774443296912,0.2086222115407909,2.510893490323644
33.0,282.0,1000.5394897460938,-4.38181940135786,-3.7906165126773534,1.709840431240402,3.17790858211434,2.472621786164881,3.0023303696094183,-0.3414669696731406,1.815774443296912,0.2086222115407909,2.510893490323644
33.0,282.0,1000.53955078125,-4.38181940135786,-3.790616853724553,1.709840431240402,3.177705754687856,2.472621786164881,3.0023302664235088,-0.3413029057203777,1.8157744434017344,0.2086126022144653,2.510893680894441
33.0,282.0,1000.53955078125,-4.38181940135786,-3.790616853724553,1.709840431240402,3.177705754687856,2.472621786164881,3.0023303759319,-0.3413029057203777,1.815774437326072,0.2086126022144653,2.510893680894441
33.0,282.0,1000.53955078125,-4.38181940135786,-3.790616543302924,1.7098404312404007,3.177705754687856,2.472621786164881,3.0023316624248406,-0.3413029057203777,1.8157744434017344,0.2086145127658039,2.510893680894441
33.0,282.0,1000.53955078125,-4.38181940135786,-3.790616854211142,1.709840431240402,3.177705754687856,2.472621786164881,3.002330256256638,-0.3413029057203777,1.8157744434017344,0.2086126022144653,2.510893680894441
33.0,282.0,1000.53955078125,-4.38181940135786,-3.790616855855218,1.709840431240402,3.177707335209196,2.472621786164881,3.0023302696227883,-0.3413029057203777,1.8157744434017344,0.2086125976601412,2.510893389338131
33.0,282.0,1000.53955078125,-4.38181940135786,-3.790616853724553,1.709840431240402,3.177705754687856,2.472621786164881,3.0023303759319,-0.3413029057203777,1.815774437326072,0.2086126022144653,2.510893680894441
33.0,282.0,1000.53955078125,-4.38181940135786,-3.790616542816335,1.7098404312404007,3.177705754687856,2.472621786164881,3.002331672591712,-0.3413029057203777,1.8157744434017344,0.2086145127658039,2.510893680894441
33.0,282.0,1000.53955078125,-4.38181940135786,-3.7906168557843993,1.709840431240399,3.177709151172341,2.472621786164881,3.002330248155578,-0.3413029057203777,1.8157744434017344,0.2086250260075788,2.510914513351829
33.0,282.0,1000.53955078125,-4.38181940135786,-3.790616542816335,1.7098404312404007,3.177705754687856,2.472621786164881,3.002331672591712,-0.3413029057203777,1.8157744434017344,0.2086145127658039,2.510893680894441
33.0,282.0,1000.53955078125,-4.38181940135786,-3.790616853724553,1.709840431240402,3.177705754687856,2.472621786164881,3.002330371853497,-0.3413029057203777,1.815774437397888,0.2086137128733362,2.510894016092107
33.0,282.0,1000.53955078125,-4.38181940135786,-3.790616853724553,1.709840431240402,3.177705754687856,2.472621786164881,3.0023303762741302,-0.3413029057203777,1.815774438358584,0.2086126022144653,2.510893680894441
33.0,282.0,1000.53955078125,-4.38181940135786,-3.790616543302924,1.7098404312404007,3.177705754687856,2.472621786164881,3.0023316624248406,-0.3413029057203777,1.8157744434017344,0.2086145127658039,2.510893680894441
33.0,282.0,1000.53955078125,-4.38181940135786,-3.790616855855218,1.709840431240402,3.177707335209196,2.472621786164881,3.0023302696227883,-0.3413029057203777,1.8157744434017344,0.2086125976601412,2.510893389338131
33.0,282.0,1000.53955078125,-4.38181940135786,-3.790616861582459,1.7098404312404007,3.177705754687856,2.472621786164881,3.002330465363278,-0.3413029057203777,1.8157744434017344,0.208612660576695,2.510893680894441
33.0,282.0,1000.53955078125,-4.38181940135786,-3.790616853724553,1.709840431240402,3.177705754687856,2.472621786164881,3.0023302664235088,-0.3413029057203777,1.8157744434017344,0.2086126022144653,2.510893680894441
33.0,282.0,1000.53955078125,-4.38181940135786,-3.790616542816335,1.7098404312404007,3.177705754687856,2.472621786164881,3.002331672591712,-0.3413029057203777,1.8157744434017344,0.2086145127658039,2.510893680894441
33.0,282.0,1000.53955078125,-4.38181940135786,-3.790616534958429,1.709840431240402,3.177705754687856,2.472621786164881,3.0023315831603337,-0.3413029057203777,1.815774437326072,0.2086144544035742,2.510893680894441
33.0,282.0,1000.53955078125,-4.38181940135786,-3.790616542816335,1.7098404312404007,3.177705754687856,2.472621786164881,3.0023301753333893,-0.3413029057203777,1.8157744434017344,0.2086145127658039,2.510893680894441
33.0,282.0,1000.53955078125,-4.38181940135786,-3.7906168557843993,1.709840431240399,3.177709151172341,2.472621786164881,3.002330248155578,-0.3413029057203777,1.8157744434017344,0.2086250260075788,2.510914513351829
33.0,282.0,1000.53955078125,-4.38181940135786,-3.790616534958429,1.709840431240402,3.177705754687856,2.472621786164881,3.002331583492759,-0.3413029057203777,1.815774437326072,0.2086144536048419,2.510893680894441
33.0,282.0,1000.53955078125,-4.38181940135786,-3.790616854211142,1.709840431240402,3.177707330243827,2.472621786164881,3.002330256472777,-0.3413029057203777,1.8157744434017344,0.2086125978766588,2.5108933903391035
33.0,282.0,1000.53955078125,-4.38181940135786,-3.790616855644672,1.709840431240402,3.177705754687856,2.472621786164881,3.002330252593879,-0.3413029057203777,1.8157744372025533,0.2086121223961014,2.510893680894441
33.0,282.0,1000.53955078125,-4.38181940135786,-3.790616509054092,1.7098404312404007,3.1776960835061576,2.472621786164881,3.0023304158787965,-0.3413029057203777,1.8157744371705664,0.2086145127658039,2.5108935687309275
33.0,282.0,1000.53955078125,-4.38181940135786,-3.790616855853605,1.709840431240402,3.177707335209196,2.472621786164881,3.0023302696227883,-0.3413029057203777,1.8157744434017344,0.2086125976601412,2.5108931647589263
33.0,282.0,1000.53955078125,-4.38181940135786,-3.790616853724553,1.709840431240402,3.177705754687856,2.472621786164881,3.0023302664235088,-0.3413029057203777,1.8157744434017344,0.2086126022144653,2.510893680894441
33.0,282.0,1000.53955078125,-4.38181940135786,-3.790616861582459,1.7098404312404007,3.177705754687856,2.472621786164881,3.002330465363278,-0.3413029057203777,1.8157744434017344,0.208612660576695,2.510893680894441
33.0,282.0,1000.53955078125,-4.38181940135786,-3.790616542816335,1.7098404312404007,3.177705754687856,2.472621786164881,3.002331672259287,-0.3413029057203777,1.8157744434017344,0.2086145135645361,2.510893680894441
33.0,282.0,1000.53955078125,-4.38181940135786,-3.790616554376683,1.709840431240402,3.177705754687856,2.472621786164881,3.0023302664235088,-0.3413029057203777,1.8157744434017344,0.2086126022144653,2.510893680894441
33.0,282.0,1000.53955078125,-4.38181940135786,-3.790616853724553,1.709840431240402,3.177709173127845,2.472621786164881,3.0023303759319,-0.3413029057203777,1.815774437326072,0.2086126022144653,2.510893680894441
33.0,282.0,1000.53955078125,-4.38181940135786,-3.790616853724553,1.709840431240402,3.177705754687856,2.472621786164881,3.002330375438136,-0.3413029057203777,1.8157744373943416,0.208613842876245,2.5108940283122148
33.0,282.0,1000.53955078125,-4.38181940135786,-3.79061685386428,1.709840431240399,3.177709151172341,2.472621786164881,3.002330371493599,-0.3413029057203777,1.8157744435252523,0.2086255058259427,2.510914513351829
33.0,282.0,1000.53955078125,-4.38181940135786,-3.790616855786012,1.709840431240399,3.177709151172341,2.472621786164881,3.002330248155578,-0.3413029057203777,1.8157744434017344,0.2086250260075788,2.5109147379310337
33.0,282.0,1000.53955078125,-4.38181940135786,-3.7906168557843993,1.709840431240399,3.177709151172341,2.472621786164881,3.002330248155578,-0.3413029057203777,1.8157744434017344,0.2086250260075788,2.510914513351829
33.0,282.0,1000.53955078125,-4.38181940135786,-3.79061685386428,1.709840431240399,3.177709151172341,2.472621786164881,3.002330371493599,-0.3413029057203777,1.8157744435252523,0.2086255058259427,2.510914513351829
33.0,282.0,1000.53955078125,-4.38181940135786,-3.790616855853605,1.709840431240402,3.177705723899359,2.472621786164881,3.002330269627268,-0.3413029057203777,1.8157744434017344,0.2086125976601412,2.5108931647589263
33.0,282.0,1000.53955078125,-4.38181940135786,-3.790616543302924,1.7098404312404007,3.177705970496747,2.472621786164881,3.0023316624248406,-0.3413029057203777,1.8157744434017344,0.2086146897227302,2.510893680894441
33.0,282.0,1000.53955078125,-4.38181940135786,-3.790616855710047,1.709840431240402,3.177705754687856,2.472621786164881,3.002330248788033,-0.3413029057203777,1.8157744434017344,0.2086126022144653,2.510893680894441
33.0,282.0,1000.53955078125,-4.38181940135786,-3.790616849240888,1.709840431240402,3.177705803432502,2.472621786164881,3.0023302664235088,-0.3413029057203777,1.815774437050492,0.2086126022144653,2.510893680894441
33.0,282.0,1000.53955078125,-4.38181940135786,-3.7906168554843216,1.7098404312404007,3.1777057625549845,2.472621786164881,3.0023316015815844,-0.3413029057203777,1.8157744434017344,0.2086250015892209,2.510893680894441
33.0,282.0,1000.53955078125,-4.38181940135786,-3.790616853724553,1.709840431240402,3.177707365997692,2.472621786164881,3.002330266419029,-0.3413029057203777,1.8157744434017344,0.2086126022144653,2.510893680894441
33.0,282.0,1000.53955078125,-4.38181940135786,-3.790616853724553,1.709840431240402,3.177705754687856,2.472621786164881,3.0023303762044,-0.3413029057203777,1.815774437397888,0.208613711969343,2.510894016333649
33.0,282.0,1000.53955078125,-4.38181940135786,-3.790616855786012,1.709840431240399,3.1777089353634502,2.472621786164881,3.002330248155578,-0.3413029057203777,1.8157744434017344,0.2086248490506524,2.5109147379310337
33.0,282.0,1000.53955078125,-4.38181940135786,-3.790616854211142,1.709840431240402,3.1777073150658195,2.472621786164881,3.0023304675719373,-0.3413029057203777,1.8157744434017344,0.2086125978766588,2.510893687863918
33.0,283.0,1000.539306640625,-4.38181940135786,-3.790616534448904,1.7098404312404007,3.177884611865085,2.472621786164881,3.0023303580956204,-0.3413085387195495,1.8157744434017344,0.2086145127658039,2.510893680894441
33.0,283.0,1000.539306640625,-4.38181940135786,-3.790616543042989,1.7098404312404247,3.177873726304039,2.472621786164881,3.0023315892791422,-0.3413057923781101,1.8157744435280987,0.2086124045741512,2.5108936897204583
33.0,283.0,1000.5393676757812,-4.38181940135786,-3.790616519703161,1.709840431240399,3.177889496217918,2.472621786164881,3.002330248155578,-0.3413029057203777,1.8157744435285976,0.208624491481495,2.510913112445732
33.0,283.0,1000.5393676757812,-4.38181940135786,-3.790616826254039,1.709840431240402,3.177889835342933,2.472621786164881,3.0023303714665173,-0.3412962656375,1.815774443296912,0.2086259210747071,2.510914894396862
33.0,283.0,1000.5394287109376,-4.38181940135786,-3.7906168514311807,1.709840431240402,3.17790858211434,2.472621786164881,3.0023303696094183,-0.3414669696731406,1.815774443296912,0.2086140607697834,2.510893490323644
33.0,283.0,1000.5394287109376,-4.38181940135786,-3.790616543042989,1.7098404312401534,3.177886885866966,2.472621786164881,3.002331672888192,-0.3414712502043515,1.8157744435262555,0.2086124045741512,2.5108845997852107
33.0,283.0,1000.5394287109376,-4.38181940135786,-3.790616826254039,1.709840431240402,3.177886567338317,2.472621786164881,3.0023303696094183,-0.3414711441535076,1.815774443296912,0.2086122759162876,2.510884899304997
33.0,283.0,1000.5394287109376,-4.38181940135786,-3.790616543042989,1.7098404312401685,3.177886885866966,2.472621786164881,3.0023303796829044,-0.3414669032308265,1.8157744435262555,0.2086124045741512,2.510893170083828
33.0,283.0,1000.5394287109376,-4.38181940135786,-3.7906168556511375,1.709840431240402,3.17790858211434,2.472621786164881,3.0023303696094183,-0.3414695317578093,1.8157744432967111,0.2086140607697834,2.51089339035716
33.0,283.0,1000.5394287109376,-4.38181940135786,-3.790616852414922,1.7098404312403952,3.177886885866966,2.472621786164881,3.002331672888192,-0.3414712502043515,1.8157744435262555,0.2086124045741512,2.5108845997852107
33.0,283.0,1000.5394287109376,-4.38181940135786,-3.790616543042989,1.7098404312401685,3.177886885866966,2.472621786164881,3.0023303796829044,-0.3414669032308265,1.815774443830819,0.2086124045741512,2.510893170083828
33.0,283.0,1000.5394897460938,-4.38181940135786,-3.790616543042989,1.7098404312401534,3.177886885866966,2.472621786164881,3.002331672888192,-0.3414712502043515,1.8157744435262555,0.2086145126604477,2.5108844424732086
33.0,283.0,1000.5394897460938,-4.38181940135786,-3.7906165126773534,1.709840431240402,3.17790858211434,2.472621786164881,3.0023303696094183,-0.3414669696731406,1.815774443296912,0.2086222115407909,2.510893490323644
33.0,283.0,1000.5394897460938,-4.38181940135786,-3.7906165126773534,1.709840431240402,3.17790858211434,2.472621786164881,3.0023303696094183,-0.3414669696731406,1.815774443296912,0.2086222115407909,2.510893490323644
33.0,283.0,1000.5394897460938,-4.38181940135786,-3.7906165126773534,1.709840431240402,3.17790858211434,2.472621786164881,3.0023303696094183,-0.3414669696731406,1.815774443296912,0.2086222115407909,2.510893490323644
33.0,283.0,1000.5394897460938,-4.38181940135786,-3.7906165126773534,1.709840431240402,3.17790858211434,2.472621786164881,3.0023303696094183,-0.3414669696731406,1.815774443296912,0.2086222115407909,2.510893490323644
33.0,283.0,1000.53955078125,-4.38181940135786,-3.790616853724553,1.709840431240402,3.177705754687856,2.472621786164881,3.0023302664235088,-0.3413029057203777,1.8157744434017344,0.2086126022144653,2.510893680894441
33.0,283.0,1000.53955078125,-4.38181940135786,-3.790616853724553,1.709840431240402,3.177705754687856,2.472621786164881,3.0023303759319,-0.3413029057203777,1.815774437326072,0.2086126022144653,2.510893680894441
33.0,283.0,1000.53955078125,-4.38181940135786,-3.790616543302924,1.7098404312404007,3.177705754687856,2.472621786164881,3.0023316624248406,-0.3413029057203777,1.8157744434017344,0.2086145127658039,2.510893680894441
33.0,283.0,1000.53955078125,-4.38181940135786,-3.790616854211142,1.709840431240402,3.177705754687856,2.472621786164881,3.002330256256638,-0.3413029057203777,1.8157744434017344,0.2086126022144653,2.510893680894441
33.0,283.0,1000.53955078125,-4.38181940135786,-3.790616855855218,1.709840431240402,3.177707335209196,2.472621786164881,3.0023302696227883,-0.3413029057203777,1.8157744434017344,0.2086125976601412,2.510893389338131
33.0,283.0,1000.53955078125,-4.38181940135786,-3.790616853724553,1.709840431240402,3.177705754687856,2.472621786164881,3.0023303759319,-0.3413029057203777,1.815774437326072,0.2086126022144653,2.510893680894441
33.0,283.0,1000.53955078125,-4.38181940135786,-3.790616542816335,1.7098404312404007,3.177705754687856,2.472621786164881,3.002331672591712,-0.3413029057203777,1.8157744434017344,0.2086145127658039,2.510893680894441
33.0,283.0,1000.53955078125,-4.38181940135786,-3.7906168557843993,1.709840431240399,3.177709151172341,2.472621786164881,3.002330248155578,-0.3413029057203777,1.8157744434017344,0.2086250260075788,2.510914513351829
33.0,283.0,1000.53955078125,-4.38181940135786,-3.790616542816335,1.7098404312404007,3.177705754687856,2.472621786164881,3.002331672591712,-0.3413029057203777,1.8157744434017344,0.2086145127658039,2.510893680894441
33.0,283.0,1000.53955078125,-4.38181940135786,-3.790616853724553,1.709840431240402,3.177705754687856,2.472621786164881,3.002330371853497,-0.3413029057203777,1.815774437397888,0.2086137128733362,2.510894016092107
33.0,283.0,1000.53955078125,-4.38181940135786,-3.790616853724553,1.709840431240402,3.177705754687856,2.472621786164881,3.0023303762741302,-0.3413029057203777,1.815774438358584,0.2086126022144653,2.510893680894441
33.0,283.0,1000.53955078125,-4.38181940135786,-3.790616543302924,1.7098404312404007,3.177705754687856,2.472621786164881,3.0023316624248406,-0.3413029057203777,1.8157744434017344,0.2086145127658039,2.510893680894441
33.0,283.0,1000.53955078125,-4.38181940135786,-3.790616855855218,1.709840431240402,3.177707335209196,2.472621786164881,3.0023302696227883,-0.3413029057203777,1.8157744434017344,0.2086125976601412,2.510893389338131
33.0,283.0,1000.53955078125,-4.38181940135786,-3.790616861582459,1.7098404312404007,3.177705754687856,2.472621786164881,3.002330465363278,-0.3413029057203777,1.8157744434017344,0.208612660576695,2.510893680894441
33.0,283.0,1000.53955078125,-4.38181940135786,-3.790616853724553,1.709840431240402,3.177705754687856,2.472621786164881,3.0023302664235088,-0.3413029057203777,1.8157744434017344,0.2086126022144653,2.510893680894441
33.0,283.0,1000.53955078125,-4.38181940135786,-3.790616542816335,1.7098404312404007,3.177705754687856,2.472621786164881,3.002331672591712,-0.3413029057203777,1.8157744434017344,0.2086145127658039,2.510893680894441
33.0,283.0,1000.53955078125,-4.38181940135786,-3.790616534958429,1.709840431240402,3.177705754687856,2.472621786164881,3.0023315831603337,-0.3413029057203777,1.815774437326072,0.2086144544035742,2.510893680894441
33.0,283.0,1000.53955078125,-4.38181940135786,-3.790616542816335,1.7098404312404007,3.177705754687856,2.472621786164881,3.0023301753333893,-0.3413029057203777,1.8157744434017344,0.2086145127658039,2.510893680894441
33.0,283.0,1000.53955078125,-4.38181940135786,-3.7906168557843993,1.709840431240399,3.177709151172341,2.472621786164881,3.002330248155578,-0.3413029057203777,1.8157744434017344,0.2086250260075788,2.510914513351829
33.0,283.0,1000.53955078125,-4.38181940135786,-3.790616534958429,1.709840431240402,3.177705754687856,2.472621786164881,3.002331583492759,-0.3413029057203777,1.815774437326072,0.2086144536048419,2.510893680894441
33.0,283.0,1000.53955078125,-4.38181940135786,-3.790616854211142,1.709840431240402,3.177707330243827,2.472621786164881,3.002330256472777,-0.3413029057203777,1.8157744434017344,0.2086125978766588,2.5108933903391035
33.0,283.0,1000.53955078125,-4.38181940135786,-3.790616855644672,1.709840431240402,3.177705754687856,2.472621786164881,3.002330252593879,-0.3413029057203777,1.8157744372025533,0.2086121223961014,2.510893680894441
33.0,283.0,1000.53955078125,-4.38181940135786,-3.790616509054092,1.7098404312404007,3.1776960835061576,2.472621786164881,3.0023304158787965,-0.3413029057203777,1.8157744371705664,0.2086145127658039,2.5108935687309275
33.0,283.0,1000.53955078125,-4.38181940135786,-3.790616855853605,1.709840431240402,3.177707335209196,2.472621786164881,3.0023302696227883,-0.3413029057203777,1.8157744434017344,0.2086125976601412,2.5108931647589263
33.0,283.0,1000.53955078125,-4.38181940135786,-3.790616853724553,1.709840431240402,3.177705754687856,2.472621786164881,3.0023302664235088,-0.3413029057203777,1.8157744434017344,0.2086126022144653,2.510893680894441
33.0,283.0,1000.53955078125,-4.38181940135786,-3.790616861582459,1.7098404312404007,3.177705754687856,2.472621786164881,3.002330465363278,-0.3413029057203777,1.8157744434017344,0.208612660576695,2.510893680894441
33.0,283.0,1000.53955078125,-4.38181940135786,-3.790616542816335,1.7098404312404007,3.177705754687856,2.472621786164881,3.002331672259287,-0.3413029057203777,1.8157744434017344,0.2086145135645361,2.510893680894441
33.0,283.0,1000.53955078125,-4.38181940135786,-3.790616554376683,1.709840431240402,3.177705754687856,2.472621786164881,3.0023302664235088,-0.3413029057203777,1.8157744434017344,0.2086126022144653,2.510893680894441
33.0,283.0,1000.53955078125,-4.38181940135786,-3.790616853724553,1.709840431240402,3.177709173127845,2.472621786164881,3.0023303759319,-0.3413029057203777,1.815774437326072,0.2086126022144653,2.510893680894441
33.0,283.0,1000.53955078125,-4.38181940135786,-3.790616853724553,1.709840431240402,3.177705754687856,2.472621786164881,3.002330375438136,-0.3413029057203777,1.8157744373943416,0.208613842876245,2.5108940283122148
33.0,283.0,1000.53955078125,-4.38181940135786,-3.79061685386428,1.709840431240399,3.177709151172341,2.472621786164881,3.002330371493599,-0.3413029057203777,1.8157744435252523,0.2086255058259427,2.510914513351829
33.0,283.0,1000.53955078125,-4.38181940135786,-3.790616855786012,1.709840431240399,3.177709151172341,2.472621786164881,3.002330248155578,-0.3413029057203777,1.8157744434017344,0.2086250260075788,2.5109147379310337
33.0,283.0,1000.53955078125,-4.38181940135786,-3.7906168557843993,1.709840431240399,3.177709151172341,2.472621786164881,3.002330248155578,-0.3413029057203777,1.8157744434017344,0.2086250260075788,2.510914513351829
33.0,283.0,1000.53955078125,-4.38181940135786,-3.79061685386428,1.709840431240399,3.177709151172341,2.472621786164881,3.002330371493599,-0.3413029057203777,1.8157744435252523,0.2086255058259427,2.510914513351829
33.0,284.0,1000.539306640625,-4.38181940135786,-3.790616534448904,1.7098404312404007,3.177884611865085,2.472621786164881,3.0023303580956204,-0.3413085387195495,1.8157744434017344,0.2086145127658039,2.510893680894441
33.0,284.0,1000.539306640625,-4.38181940135786,-3.790616543042989,1.7098404312404247,3.177873726304039,2.472621786164881,3.0023315892791422,-0.3413057923781101,1.8157744435280987,0.2086124045741512,2.5108936897204583
33.0,284.0,1000.539306640625,-4.38181940135786,-3.790616823755861,1.7098404312404247,3.177886503853008,2.472621786164881,3.0023315892791422,-0.3412959796300556,1.815774443315732,0.2086122688849211,2.5108851246747204
33.0,284.0,1000.539306640625,-4.38181940135786,-3.790616534453749,1.7098404312404007,3.1778843608053062,2.472621786164881,3.0023303580956204,-0.3413085387195495,1.8157744434017344,0.2086145127658039,2.510893680894441
33.0,284.0,1000.539306640625,-4.38181940135786,-3.790616514581013,1.709840431240402,3.17790858211434,2.472621786164881,3.00233037335995,-0.3413173966526439,1.815774443396165,0.2086222086523648,2.510893490323644
33.0,284.0,1000.539306640625,-4.38181940135786,-3.790616524207667,1.709840431240402,3.177890589126404,2.472621786164881,3.0023303696094183,-0.3413031198318386,1.815774443296912,0.2086225505982532,2.510893490323644
33.0,284.0,1000.5393676757812,-4.38181940135786,-3.790616519703161,1.709840431240399,3.177889496217918,2.472621786164881,3.002330248155578,-0.3413029057203777,1.8157744435285976,0.208624491481495,2.510913112445732
33.0,284.0,1000.5393676757812,-4.38181940135786,-3.790616826254039,1.709840431240402,3.177889835342933,2.472621786164881,3.0023303714665173,-0.3412962656375,1.815774443296912,0.2086259210747071,2.510914894396862
33.0,284.0,1000.5394287109376,-4.38181940135786,-3.7906168514311807,1.709840431240402,3.17790858211434,2.472621786164881,3.0023303696094183,-0.3414669696731406,1.815774443296912,0.2086140607697834,2.510893490323644
33.0,284.0,1000.5394287109376,-4.38181940135786,-3.790616543042989,1.7098404312401534,3.177886885866966,2.472621786164881,3.002331672888192,-0.3414712502043515,1.8157744435262555,0.2086124045741512,2.5108845997852107
33.0,284.0,1000.5394287109376,-4.38181940135786,-3.790616826254039,1.709840431240402,3.177886567338317,2.472621786164881,3.0023303696094183,-0.3414711441535076,1.815774443296912,0.2086122759162876,2.510884899304997
33.0,284.0,1000.5394287109376,-4.38181940135786,-3.790616543042989,1.7098404312401685,3.177886885866966,2.472621786164881,3.0023303796829044,-0.3414669032308265,1.8157744435262555,0.2086124045741512,2.510893170083828
33.0,284.0,1000.5394287109376,-4.38181940135786,-3.7906168556511375,1.709840431240402,3.17790858211434,2.472621786164881,3.0023303696094183,-0.3414695317578093,1.8157744432967111,0.2086140607697834,2.51089339035716
33.0,284.0,1000.5394287109376,-4.38181940135786,-3.790616852414922,1.7098404312403952,3.177886885866966,2.472621786164881,3.002331672888192,-0.3414712502043515,1.8157744435262555,0.2086124045741512,2.5108845997852107
33.0,284.0,1000.5394287109376,-4.38181940135786,-3.790616543042989,1.7098404312401685,3.177886885866966,2.472621786164881,3.0023303796829044,-0.3414669032308265,1.815774443830819,0.2086124045741512,2.510893170083828
33.0,284.0,1000.5394287109376,-4.38181940135786,-3.790616543042989,1.7098404312404032,3.177886885866966,2.472621786164881,3.0023303796829044,-0.3414669060875502,1.815774443830819,0.2086124045741512,2.510893503241466
33.0,284.0,1000.5394287109376,-4.38181940135786,-3.7906168556511375,1.709840431240402,3.17790858211434,2.472621786164881,3.0023303696094183,-0.3414710901393306,1.8157744432967111,0.2086140539462915,2.51089339035716
33.0,284.0,1000.5394897460938,-4.38181940135786,-3.790616543042989,1.7098404312401534,3.177886885866966,2.472621786164881,3.002331672888192,-0.3414712502043515,1.8157744435262555,0.2086145126604477,2.5108844424732086
33.0,284.0,1000.5394897460938,-4.38181940135786,-3.7906165126773534,1.709840431240402,3.17790858211434,2.472621786164881,3.0023303696094183,-0.3414669696731406,1.815774443296912,0.2086222115407909,2.510893490323644
33.0,284.0,1000.5394897460938,-4.38181940135786,-3.7906165126773534,1.709840431240402,3.17790858211434,2.472621786164881,3.0023303696094183,-0.3414669696731406,1.815774443296912,0.2086222115407909,2.510893490323644
33.0,284.0,1000.5394897460938,-4.38181940135786,-3.7906165126773534,1.709840431240402,3.17790858211434,2.472621786164881,3.0023303696094183,-0.3414669696731406,1.815774443296912,0.2086222115407909,2.510893490323644
33.0,284.0,1000.5394897460938,-4.38181940135786,-3.7906165126773534,1.709840431240402,3.17790858211434,2.472621786164881,3.0023303696094183,-0.3414669696731406,1.815774443296912,0.2086222115407909,2.510893490323644
33.0,284.0,1000.5394897460938,-4.38181940135786,-3.7906165120621966,1.709840431240402,3.17790858211434,2.472621786164881,3.002331608588205,-0.3414669696731406,1.815774443296912,0.2086222115407909,2.510893490323644
33.0,284.0,1000.53955078125,-4.38181940135786,-3.790616853724553,1.709840431240402,3.177705754687856,2.472621786164881,3.0023302664235088,-0.3413029057203777,1.8157744434017344,0.2086126022144653,2.510893680894441
33.0,284.0,1000.53955078125,-4.38181940135786,-3.790616853724553,1.709840431240402,3.177705754687856,2.472621786164881,3.0023303759319,-0.3413029057203777,1.815774437326072,0.2086126022144653,2.510893680894441
33.0,284.0,1000.53955078125,-4.38181940135786,-3.790616543302924,1.7098404312404007,3.177705754687856,2.472621786164881,3.0023316624248406,-0.3413029057203777,1.8157744434017344,0.2086145127658039,2.510893680894441
33.0,284.0,1000.53955078125,-4.38181940135786,-3.790616854211142,1.709840431240402,3.177705754687856,2.472621786164881,3.002330256256638,-0.3413029057203777,1.8157744434017344,0.2086126022144653,2.510893680894441
33.0,284.0,1000.53955078125,-4.38181940135786,-3.790616855855218,1.709840431240402,3.177707335209196,2.472621786164881,3.0023302696227883,-0.3413029057203777,1.8157744434017344,0.2086125976601412,2.510893389338131
33.0,284.0,1000.53955078125,-4.38181940135786,-3.790616853724553,1.709840431240402,3.177705754687856,2.472621786164881,3.0023303759319,-0.3413029057203777,1.815774437326072,0.2086126022144653,2.510893680894441
33.0,284.0,1000.53955078125,-4.38181940135786,-3.790616542816335,1.7098404312404007,3.177705754687856,2.472621786164881,3.002331672591712,-0.3413029057203777,1.8157744434017344,0.2086145127658039,2.510893680894441
33.0,284.0,1000.53955078125,-4.38181940135786,-3.7906168557843993,1.709840431240399,3.177709151172341,2.472621786164881,3.002330248155578,-0.3413029057203777,1.8157744434017344,0.2086250260075788,2.510914513351829
33.0,284.0,1000.53955078125,-4.38181940135786,-3.790616542816335,1.7098404312404007,3.177705754687856,2.472621786164881,3.002331672591712,-0.3413029057203777,1.8157744434017344,0.2086145127658039,2.510893680894441
33.0,284.0,1000.53955078125,-4.38181940135786,-3.790616853724553,1.709840431240402,3.177705754687856,2.472621786164881,3.002330371853497,-0.3413029057203777,1.815774437397888,0.2086137128733362,2.510894016092107
33.0,284.0,1000.53955078125,-4.38181940135786,-3.790616853724553,1.709840431240402,3.177705754687856,2.472621786164881,3.0023303762741302,-0.3413029057203777,1.815774438358584,0.2086126022144653,2.510893680894441
33.0,284.0,1000.53955078125,-4.38181940135786,-3.790616543302924,1.7098404312404007,3.177705754687856,2.472621786164881,3.0023316624248406,-0.3413029057203777,1.8157744434017344,0.2086145127658039,2.510893680894441
33.0,284.0,1000.53955078125,-4.38181940135786,-3.790616855855218,1.709840431240402,3.177707335209196,2.472621786164881,3.0023302696227883,-0.3413029057203777,1.8157744434017344,0.2086125976601412,2.510893389338131
33.0,284.0,1000.53955078125,-4.38181940135786,-3.790616861582459,1.7098404312404007,3.177705754687856,2.472621786164881,3.002330465363278,-0.3413029057203777,1.8157744434017344,0.208612660576695,2.510893680894441
33.0,284.0,1000.53955078125,-4.38181940135786,-3.790616853724553,1.709840431240402,3.177705754687856,2.472621786164881,3.0023302664235088,-0.3413029057203777,1.8157744434017344,0.2086126022144653,2.510893680894441
33.0,284.0,1000.53955078125,-4.38181940135786,-3.790616542816335,1.7098404312404007,3.177705754687856,2.472621786164881,3.002331672591712,-0.3413029057203777,1.8157744434017344,0.2086145127658039,2.510893680894441
33.0,284.0,1000.53955078125,-4.38181940135786,-3.790616534958429,1.709840431240402,3.177705754687856,2.472621786164881,3.0023315831603337,-0.3413029057203777,1.815774437326072,0.2086144544035742,2.510893680894441
33.0,284.0,1000.53955078125,-4.38181940135786,-3.790616542816335,1.7098404312404007,3.177705754687856,2.472621786164881,3.0023301753333893,-0.3413029057203777,1.8157744434017344,0.2086145127658039,2.510893680894441
33.0,284.0,1000.53955078125,-4.38181940135786,-3.7906168557843993,1.709840431240399,3.177709151172341,2.472621786164881,3.002330248155578,-0.3413029057203777,1.8157744434017344,0.2086250260075788,2.510914513351829
33.0,284.0,1000.53955078125,-4.38181940135786,-3.790616534958429,1.709840431240402,3.177705754687856,2.472621786164881,3.002331583492759,-0.3413029057203777,1.815774437326072,0.2086144536048419,2.510893680894441
33.0,284.0,1000.53955078125,-4.38181940135786,-3.790616854211142,1.709840431240402,3.177707330243827,2.472621786164881,3.002330256472777,-0.3413029057203777,1.8157744434017344,0.2086125978766588,2.5108933903391035
33.0,284.0,1000.53955078125,-4.38181940135786,-3.790616855644672,1.709840431240402,3.177705754687856,2.472621786164881,3.002330252593879,-0.3413029057203777,1.8157744372025533,0.2086121223961014,2.510893680894441
33.0,284.0,1000.53955078125,-4.38181940135786,-3.790616509054092,1.7098404312404007,3.1776960835061576,2.472621786164881,3.0023304158787965,-0.3413029057203777,1.8157744371705664,0.2086145127658039,2.5108935687309275
33.0,284.0,1000.53955078125,-4.38181940135786,-3.790616855853605,1.709840431240402,3.177707335209196,2.472621786164881,3.0023302696227883,-0.3413029057203777,1.8157744434017344,0.2086125976601412,2.5108931647589263
33.0,284.0,1000.53955078125,-4.38181940135786,-3.790616853724553,1.709840431240402,3.177705754687856,2.472621786164881,3.0023302664235088,-0.3413029057203777,1.8157744434017344,0.2086126022144653,2.510893680894441
33.0,284.0,1000.53955078125,-4.38181940135786,-3.790616861582459,1.7098404312404007,3.177705754687856,2.472621786164881,3.002330465363278,-0.3413029057203777,1.8157744434017344,0.208612660576695,2.510893680894441
33.0,284.0,1000.53955078125,-4.38181940135786,-3.790616542816335,1.7098404312404007,3.177705754687856,2.472621786164881,3.002331672259287,-0.3413029057203777,1.8157744434017344,0.2086145135645361,2.510893680894441
33.0,285.0,1000.539306640625,-4.38181940135786,-3.790616534448904,1.7098404312404007,3.177884611865085,2.472621786164881,3.0023303580956204,-0.3413085387195495,1.8157744434017344,0.2086145127658039,2.510893680894441
33.0,285.0,1000.539306640625,-4.38181940135786,-3.790616543042989,1.7098404312404247,3.177873726304039,2.472621786164881,3.0023315892791422,-0.3413057923781101,1.8157744435280987,0.2086124045741512,2.5108936897204583
33.0,285.0,1000.539306640625,-4.38181940135786,-3.790616823755861,1.7098404312404247,3.177886503853008,2.472621786164881,3.0023315892791422,-0.3412959796300556,1.815774443315732,0.2086122688849211,2.5108851246747204
33.0,285.0,1000.539306640625,-4.38181940135786,-3.790616534453749,1.7098404312404007,3.1778843608053062,2.472621786164881,3.0023303580956204,-0.3413085387195495,1.8157744434017344,0.2086145127658039,2.510893680894441
33.0,285.0,1000.539306640625,-4.38181940135786,-3.790616514581013,1.709840431240402,3.17790858211434,2.472621786164881,3.00233037335995,-0.3413173966526439,1.815774443396165,0.2086222086523648,2.510893490323644
33.0,285.0,1000.539306640625,-4.38181940135786,-3.790616524207667,1.709840431240402,3.177890589126404,2.472621786164881,3.0023303696094183,-0.3413031198318386,1.815774443296912,0.2086225505982532,2.510893490323644
33.0,285.0,1000.539306640625,-4.38181940135786,-3.790616543021709,1.7098404312404247,3.1778734493005767,2.472621786164881,3.002330422076739,-0.3413057923781101,1.8157744435280987,0.2086123186935263,2.5108936897204583
33.0,285.0,1000.539306640625,-4.38181940135786,-3.790616514581013,1.709840431240402,3.17790858211434,2.472621786164881,3.00233037335995,-0.3412952707065828,1.8157744432921743,0.2086218953363292,2.510893490323644
33.0,285.0,1000.539306640625,-4.38181940135786,-3.790616852414922,1.7098404312403952,3.177886885866966,2.472621786164881,3.002331619544486,-0.3413118884222081,1.8157744434077896,0.2086126508107507,2.510894111937508
33.0,285.0,1000.539306640625,-4.38181940135786,-3.790616524207667,1.709840431240402,3.177890589126404,2.472621786164881,3.0023303696094183,-0.3413031198318386,1.8157744367096151,0.208614474083639,2.510893495147108
33.0,285.0,1000.539306640625,-4.38181940135786,-3.790616839961627,1.7098404312404016,3.177884518311024,2.472621786164881,3.0023315892791422,-0.3413087131295593,1.815774443315732,0.208612318812337,2.5108851246747204
33.0,285.0,1000.539306640625,-4.38181940135786,-3.7906165242289465,1.709840431240402,3.1778908661298666,2.472621786164881,3.002331536811821,-0.3413031198318386,1.815774443296912,0.2086226364788781,2.510893490323644
33.0,285.0,1000.539306640625,-4.38181940135786,-3.7906165127142857,1.709840431240402,3.177907482348377,2.472621786164881,3.0023303696094183,-0.341304087803103,1.815774443296912,0.2086222115407909,2.510893490323644
33.0,285.0,1000.539306640625,-4.38181940135786,-3.790616534453749,1.7098404312404007,3.1778868560553883,2.472621786164881,3.0023303792709988,-0.3413081378297032,1.8157744434017344,0.2086145127658039,2.5108936823847485
33.0,285.0,1000.539306640625,-4.38181940135786,-3.790616515132953,1.709840431240402,3.1779098207184475,2.472621786164881,3.00233037335995,-0.3413084208601206,1.8157744434015368,0.2086227031076304,2.510893490323644
33.0,285.0,1000.5393676757812,-4.38181940135786,-3.790616519703161,1.709840431240399,3.177889496217918,2.472621786164881,3.002330248155578,-0.3413029057203777,1.8157744435285976,0.208624491481495,2.510913112445732
33.0,285.0,1000.5393676757812,-4.38181940135786,-3.790616826254039,1.709840431240402,3.177889835342933,2.472621786164881,3.0023303714665173,-0.3412962656375,1.815774443296912,0.2086259210747071,2.510914894396862
33.0,285.0,1000.5394287109376,-4.38181940135786,-3.7906168514311807,1.709840431240402,3.17790858211434,2.472621786164881,3.0023303696094183,-0.3414669696731406,1.815774443296912,0.2086140607697834,2.510893490323644
33.0,285.0,1000.5394287109376,-4.38181940135786,-3.790616543042989,1.7098404312401534,3.177886885866966,2.472621786164881,3.002331672888192,-0.3414712502043515,1.8157744435262555,0.2086124045741512,2.5108845997852107
33.0,285.0,1000.5394287109376,-4.38181940135786,-3.790616826254039,1.709840431240402,3.177886567338317,2.472621786164881,3.0023303696094183,-0.3414711441535076,1.815774443296912,0.2086122759162876,2.510884899304997
33.0,285.0,1000.5394287109376,-4.38181940135786,-3.790616543042989,1.7098404312401685,3.177886885866966,2.472621786164881,3.0023303796829044,-0.3414669032308265,1.8157744435262555,0.2086124045741512,2.510893170083828
33.0,285.0,1000.5394287109376,-4.38181940135786,-3.7906168556511375,1.709840431240402,3.17790858211434,2.472621786164881,3.0023303696094183,-0.3414695317578093,1.8157744432967111,0.2086140607697834,2.51089339035716
33.0,285.0,1000.5394287109376,-4.38181940135786,-3.790616852414922,1.7098404312403952,3.177886885866966,2.472621786164881,3.002331672888192,-0.3414712502043515,1.8157744435262555,0.2086124045741512,2.5108845997852107
33.0,285.0,1000.5394287109376,-4.38181940135786,-3.790616543042989,1.7098404312401685,3.177886885866966,2.472621786164881,3.0023303796829044,-0.3414669032308265,1.815774443830819,0.2086124045741512,2.510893170083828
33.0,285.0,1000.5394287109376,-4.38181940135786,-3.790616543042989,1.7098404312404032,3.177886885866966,2.472621786164881,3.0023303796829044,-0.3414669060875502,1.815774443830819,0.2086124045741512,2.510893503241466
33.0,285.0,1000.5394287109376,-4.38181940135786,-3.7906168556511375,1.709840431240402,3.17790858211434,2.472621786164881,3.0023303696094183,-0.3414710901393306,1.8157744432967111,0.2086140539462915,2.51089339035716
33.0,285.0,1000.5394287109376,-4.38181940135786,-3.790616826254039,1.7098404312401596,3.1778865648381687,2.472621786164881,3.0023303696094183,-0.3414712533289347,1.815774443296912,0.2086122666645945,2.510884899304997
33.0,285.0,1000.5394287109376,-4.38181940135786,-3.7906168556511375,1.709840431240402,3.17790858211434,2.472621786164881,3.0023303696094183,-0.3414711306047268,1.8157744432967111,0.2086140606617755,2.51089339035716
33.0,285.0,1000.5394287109376,-4.38181940135786,-3.790616826254039,1.709840431240402,3.177885386274016,2.472621786164881,3.002330363879797,-0.3414711441535076,1.815774443291532,0.2086122735152462,2.510884899304997
33.0,285.0,1000.5394287109376,-4.38181940135786,-3.7906165120621966,1.709840431240402,3.17790858211434,2.472621786164881,3.002331608588205,-0.3414670919396433,1.815774443296717,0.208613957367854,2.510893490323644
33.0,285.0,1000.5394287109376,-4.38181940135786,-3.790616826891535,1.709840431240402,3.17790858211434,2.472621786164881,3.0023303696094183,-0.3414710901393306,1.8157744432967111,0.2086140539462915,2.51089339035716
33.0,285.0,1000.5394287109376,-4.38181940135786,-3.790616543042989,1.709840431240396,3.1778868883671145,2.472621786164881,3.002331672888192,-0.3414711410289245,1.8157744435262555,0.2086124138258443,2.5108845997852107
33.0,285.0,1000.5394287109376,-4.38181940135786,-3.7906168556511375,1.709840431240402,3.17790858211434,2.472621786164881,3.0023303696094183,-0.341469491292413,1.8157744432967111,0.2086140540542994,2.51089339035716
33.0,285.0,1000.5394897460938,-4.38181940135786,-3.790616543042989,1.7098404312401534,3.177886885866966,2.472621786164881,3.002331672888192,-0.3414712502043515,1.8157744435262555,0.2086145126604477,2.5108844424732086
33.0,285.0,1000.5394897460938,-4.38181940135786,-3.7906165126773534,1.709840431240402,3.17790858211434,2.472621786164881,3.0023303696094183,-0.3414669696731406,1.815774443296912,0.2086222115407909,2.510893490323644
33.0,285.0,1000.5394897460938,-4.38181940135786,-3.7906165126773534,1.709840431240402,3.17790858211434,2.472621786164881,3.0023303696094183,-0.3414669696731406,1.815774443296912,0.2086222115407909,2.510893490323644
33.0,285.0,1000.5394897460938,-4.38181940135786,-3.7906165126773534,1.709840431240402,3.17790858211434,2.472621786164881,3.0023303696094183,-0.3414669696731406,1.815774443296912,0.2086222115407909,2.510893490323644
33.0,285.0,1000.5394897460938,-4.38181940135786,-3.7906165126773534,1.709840431240402,3.17790858211434,2.472621786164881,3.0023303696094183,-0.3414669696731406,1.815774443296912,0.2086222115407909,2.510893490323644
33.0,285.0,1000.5394897460938,-4.38181940135786,-3.7906165120621966,1.709840431240402,3.17790858211434,2.472621786164881,3.002331608588205,-0.3414669696731406,1.815774443296912,0.2086222115407909,2.510893490323644
33.0,285.0,1000.5394897460938,-4.38181940135786,-3.7906165196662287,1.709840431240399,3.177890595983881,2.472621786164881,3.002330248155578,-0.3414657875904153,1.8157744435285976,0.208624491481495,2.510913112445732
33.0,285.0,1000.5394897460938,-4.38181940135786,-3.7906168556511375,1.709840431240402,3.17790858211434,2.472621786164881,3.0023303696094183,-0.3414694094913068,1.8157744432969047,0.2086223149427203,2.51089339035716
33.0,285.0,1000.5394897460938,-4.38181940135786,-3.7906165126773534,1.709840431240402,3.17790858211434,2.472621786164881,3.0023303696094183,-0.3414669696731406,1.815774443296912,0.2086222115407909,2.510893490323644
33.0,285.0,1000.5394897460938,-4.38181940135786,-3.7906168514311807,1.709840431240402,3.17790858211434,2.472621786164881,3.0023303696094183,-0.3414890956192017,1.815774443400901,0.208614374085819,2.510893490323644
33.0,285.0,1000.53955078125,-4.38181940135786,-3.790616853724553,1.709840431240402,3.177705754687856,2.472621786164881,3.0023302664235088,-0.3413029057203777,1.8157744434017344,0.2086126022144653,2.510893680894441
33.0,285.0,1000.53955078125,-4.38181940135786,-3.790616853724553,1.709840431240402,3.177705754687856,2.472621786164881,3.0023303759319,-0.3413029057203777,1.815774437326072,0.2086126022144653,2.510893680894441
33.0,285.0,1000.53955078125,-4.38181940135786,-3.790616543302924,1.7098404312404007,3.177705754687856,2.472621786164881,3.0023316624248406,-0.3413029057203777,1.8157744434017344,0.2086145127658039,2.510893680894441
33.0,285.0,1000.53955078125,-4.38181940135786,-3.790616854211142,1.709840431240402,3.177705754687856,2.472621786164881,3.002330256256638,-0.3413029057203777,1.8157744434017344,0.2086126022144653,2.510893680894441
33.0,285.0,1000.53955078125,-4.38181940135786,-3.790616855855218,1.709840431240402,3.177707335209196,2.472621786164881,3.0023302696227883,-0.3413029057203777,1.8157744434017344,0.2086125976601412,2.510893389338131
33.0,285.0,1000.53955078125,-4.38181940135786,-3.790616853724553,1.709840431240402,3.177705754687856,2.472621786164881,3.0023303759319,-0.3413029057203777,1.815774437326072,0.2086126022144653,2.510893680894441
33.0,285.0,1000.53955078125,-4.38181940135786,-3.790616542816335,1.7098404312404007,3.177705754687856,2.472621786164881,3.002331672591712,-0.3413029057203777,1.8157744434017344,0.2086145127658039,2.510893680894441
33.0,286.0,1000.539306640625,-4.38181940135786,-3.790616534448904,1.7098404312404007,3.177884611865085,2.472621786164881,3.0023303580956204,-0.3413085387195495,1.8157744434017344,0.2086145127658039,2.510893680894441
33.0,286.0,1000.539306640625,-4.38181940135786,-3.790616543042989,1.7098404312404247,3.177873726304039,2.472621786164881,3.0023315892791422,-0.3413057923781101,1.8157744435280987,0.2086124045741512,2.5108936897204583
33.0,286.0,1000.539306640625,-4.38181940135786,-3.790616823755861,1.7098404312404247,3.177886503853008,2.472621786164881,3.0023315892791422,-0.3412959796300556,1.815774443315732,0.2086122688849211,2.5108851246747204
33.0,286.0,1000.539306640625,-4.38181940135786,-3.790616534453749,1.7098404312404007,3.1778843608053062,2.472621786164881,3.0023303580956204,-0.3413085387195495,1.8157744434017344,0.2086145127658039,2.510893680894441
33.0,286.0,1000.539306640625,-4.38181940135786,-3.790616514581013,1.709840431240402,3.17790858211434,2.472621786164881,3.00233037335995,-0.3413173966526439,1.815774443396165,0.2086222086523648,2.510893490323644
33.0,286.0,1000.539306640625,-4.38181940135786,-3.790616524207667,1.709840431240402,3.177890589126404,2.472621786164881,3.0023303696094183,-0.3413031198318386,1.815774443296912,0.2086225505982532,2.510893490323644
33.0,286.0,1000.539306640625,-4.38181940135786,-3.790616543021709,1.7098404312404247,3.1778734493005767,2.472621786164881,3.002330422076739,-0.3413057923781101,1.8157744435280987,0.2086123186935263,2.5108936897204583
33.0,286.0,1000.539306640625,-4.38181940135786,-3.790616514581013,1.709840431240402,3.17790858211434,2.472621786164881,3.00233037335995,-0.3412952707065828,1.8157744432921743,0.2086218953363292,2.510893490323644
33.0,286.0,1000.539306640625,-4.38181940135786,-3.790616852414922,1.7098404312403952,3.177886885866966,2.472621786164881,3.002331619544486,-0.3413118884222081,1.8157744434077896,0.2086126508107507,2.510894111937508
33.0,286.0,1000.539306640625,-4.38181940135786,-3.790616524207667,1.709840431240402,3.177890589126404,2.472621786164881,3.0023303696094183,-0.3413031198318386,1.8157744367096151,0.208614474083639,2.510893495147108
33.0,286.0,1000.539306640625,-4.38181940135786,-3.790616839961627,1.7098404312404016,3.177884518311024,2.472621786164881,3.0023315892791422,-0.3413087131295593,1.815774443315732,0.208612318812337,2.5108851246747204
33.0,286.0,1000.539306640625,-4.38181940135786,-3.7906165242289465,1.709840431240402,3.1778908661298666,2.472621786164881,3.002331536811821,-0.3413031198318386,1.815774443296912,0.2086226364788781,2.510893490323644
33.0,286.0,1000.539306640625,-4.38181940135786,-3.7906165127142857,1.709840431240402,3.177907482348377,2.472621786164881,3.0023303696094183,-0.341304087803103,1.815774443296912,0.2086222115407909,2.510893490323644
33.0,286.0,1000.539306640625,-4.38181940135786,-3.790616534453749,1.7098404312404007,3.1778868560553883,2.472621786164881,3.0023303792709988,-0.3413081378297032,1.8157744434017344,0.2086145127658039,2.5108936823847485
33.0,286.0,1000.539306640625,-4.38181940135786,-3.790616515132953,1.709840431240402,3.1779098207184475,2.472621786164881,3.00233037335995,-0.3413084208601206,1.8157744434015368,0.2086227031076304,2.510893490323644
33.0,286.0,1000.539306640625,-4.38181940135786,-3.790616852442248,1.7098404312404247,3.177873726304039,2.472621786164881,3.002331555748563,-0.3413057923781101,1.8157744435280987,0.2086139064030538,2.510893707220656
33.0,286.0,1000.539306640625,-4.38181940135786,-3.7906168566522873,1.7098404312403952,3.177886885866966,2.472621786164881,3.002331608639791,-0.3413118884222081,1.8157744433006533,0.2086126478671606,2.510893507303065
33.0,286.0,1000.539306640625,-4.38181940135786,-3.790616823755861,1.7098404312404247,3.177886503853008,2.472621786164881,3.0023315892791422,-0.3412959796300556,1.815774443315732,0.2086122688849211,2.5108851246747204
33.0,286.0,1000.539306640625,-4.38181940135786,-3.790616534453749,1.7098404312404007,3.1778847340832903,2.472621786164881,3.0023303792709988,-0.3413081378297032,1.8157744434017344,0.2086145127658039,2.5108936823847485
33.0,286.0,1000.539306640625,-4.38181940135786,-3.7906165127142857,1.709840431240402,3.177907482348377,2.472621786164881,3.0023303786473545,-0.341304087803103,1.815774443296912,0.2086133834616837,2.510893490323644
33.0,286.0,1000.539306640625,-4.38181940135786,-3.790616852414922,1.7098404312403952,3.1778876985157507,2.472621786164881,3.002331619544486,-0.3413118884222081,1.8157744434077896,0.2086224347442123,2.510894111937508
33.0,286.0,1000.539306640625,-4.38181940135786,-3.790616512309464,1.7098404312403972,3.1779087974477287,2.472621786164881,3.00233037335995,-0.3413173966526439,1.815774443396165,0.2086221383307629,2.510893110256942
33.0,286.0,1000.539306640625,-4.38181940135786,-3.7906165127142857,1.709840431240402,3.177907482348377,2.472621786164881,3.0023303696094183,-0.3413040501113846,1.815774443296912,0.2086222115407909,2.510893490323644
33.0,286.0,1000.539306640625,-4.38181940135786,-3.790616515015908,1.709840431240402,3.17790858211434,2.472621786164881,3.0023317075944185,-0.3413173966526439,1.815774443396165,0.2086222086523648,2.510893490323644
33.0,286.0,1000.539306640625,-4.38181940135786,-3.790616534448904,1.7098404312404007,3.177884611865085,2.472621786164881,3.0023303580956204,-0.3413085387195495,1.8157744434017344,0.2086145127658039,2.510893680894441
33.0,286.0,1000.5393676757812,-4.38181940135786,-3.790616519703161,1.709840431240399,3.177889496217918,2.472621786164881,3.002330248155578,-0.3413029057203777,1.8157744435285976,0.208624491481495,2.510913112445732
33.0,286.0,1000.5393676757812,-4.38181940135786,-3.790616826254039,1.709840431240402,3.177889835342933,2.472621786164881,3.0023303714665173,-0.3412962656375,1.815774443296912,0.2086259210747071,2.510914894396862
33.0,286.0,1000.5393676757812,-4.38181940135786,-3.790616519703161,1.709840431240399,3.177890854107898,2.472621786164881,3.002330248155578,-0.3413029118437932,1.8157744435285976,0.208624491481495,2.510916029081127
33.0,286.0,1000.5394287109376,-4.38181940135786,-3.7906168514311807,1.709840431240402,3.17790858211434,2.472621786164881,3.0023303696094183,-0.3414669696731406,1.815774443296912,0.2086140607697834,2.510893490323644
33.0,286.0,1000.5394287109376,-4.38181940135786,-3.790616543042989,1.7098404312401534,3.177886885866966,2.472621786164881,3.002331672888192,-0.3414712502043515,1.8157744435262555,0.2086124045741512,2.5108845997852107
33.0,286.0,1000.5394287109376,-4.38181940135786,-3.790616826254039,1.709840431240402,3.177886567338317,2.472621786164881,3.0023303696094183,-0.3414711441535076,1.815774443296912,0.2086122759162876,2.510884899304997
33.0,286.0,1000.5394287109376,-4.38181940135786,-3.790616543042989,1.7098404312401685,3.177886885866966,2.472621786164881,3.0023303796829044,-0.3414669032308265,1.8157744435262555,0.2086124045741512,2.510893170083828
33.0,286.0,1000.5394287109376,-4.38181940135786,-3.7906168556511375,1.709840431240402,3.17790858211434,2.472621786164881,3.0023303696094183,-0.3414695317578093,1.8157744432967111,0.2086140607697834,2.51089339035716
33.0,286.0,1000.5394287109376,-4.38181940135786,-3.790616852414922,1.7098404312403952,3.177886885866966,2.472621786164881,3.002331672888192,-0.3414712502043515,1.8157744435262555,0.2086124045741512,2.5108845997852107
33.0,286.0,1000.5394287109376,-4.38181940135786,-3.790616543042989,1.7098404312401685,3.177886885866966,2.472621786164881,3.0023303796829044,-0.3414669032308265,1.815774443830819,0.2086124045741512,2.510893170083828
33.0,286.0,1000.5394287109376,-4.38181940135786,-3.790616543042989,1.7098404312404032,3.177886885866966,2.472621786164881,3.0023303796829044,-0.3414669060875502,1.815774443830819,0.2086124045741512,2.510893503241466
33.0,286.0,1000.5394287109376,-4.38181940135786,-3.7906168556511375,1.709840431240402,3.17790858211434,2.472621786164881,3.0023303696094183,-0.3414710901393306,1.8157744432967111,0.2086140539462915,2.51089339035716
33.0,286.0,1000.5394287109376,-4.38181940135786,-3.790616826254039,1.7098404312401596,3.1778865648381687,2.472621786164881,3.0023303696094183,-0.3414712533289347,1.815774443296912,0.2086122666645945,2.510884899304997
33.0,286.0,1000.5394287109376,-4.38181940135786,-3.7906168556511375,1.709840431240402,3.17790858211434,2.472621786164881,3.0023303696094183,-0.3414711306047268,1.8157744432967111,0.2086140606617755,2.51089339035716
33.0,286.0,1000.5394287109376,-4.38181940135786,-3.790616826254039,1.709840431240402,3.177885386274016,2.472621786164881,3.002330363879797,-0.3414711441535076,1.815774443291532,0.2086122735152462,2.510884899304997
33.0,286.0,1000.5394287109376,-4.38181940135786,-3.7906165120621966,1.709840431240402,3.17790858211434,2.472621786164881,3.002331608588205,-0.3414670919396433,1.815774443296717,0.208613957367854,2.510893490323644
33.0,286.0,1000.5394287109376,-4.38181940135786,-3.790616826891535,1.709840431240402,3.17790858211434,2.472621786164881,3.0023303696094183,-0.3414710901393306,1.8157744432967111,0.2086140539462915,2.51089339035716
33.0,286.0,1000.5394287109376,-4.38181940135786,-3.790616543042989,1.709840431240396,3.1778868883671145,2.472621786164881,3.002331672888192,-0.3414711410289245,1.8157744435262555,0.2086124138258443,2.5108845997852107
33.0,286.0,1000.5394287109376,-4.38181940135786,-3.7906168556511375,1.709840431240402,3.17790858211434,2.472621786164881,3.0023303696094183,-0.341469491292413,1.8157744432967111,0.2086140540542994,2.51089339035716
33.0,286.0,1000.5394287109376,-4.38181940135786,-3.790616826254039,1.7098404312401596,3.1778865648381687,2.472621786164881,3.0023303696094183,-0.3414712533289347,1.815774443296912,0.2086121795029129,2.510884899304997
33.0,286.0,1000.5394287109376,-4.38181940135786,-3.790616861844936,1.7098404312403952,3.177886372916757,2.472621786164881,3.002331672888192,-0.3414713214952999,1.815774443405752,0.2086124045741512,2.510884574998922
33.0,286.0,1000.5394287109376,-4.38181940135786,-3.7906168514311807,1.709840431240402,3.17790858211434,2.472621786164881,3.0023303696094183,-0.3414669696731406,1.815774443296708,0.2086140539032272,2.510893392757677
33.0,286.0,1000.5394287109376,-4.38181940135786,-3.7906165462518784,1.709840431240402,3.17790858211434,2.472621786164881,3.002330403139997,-0.3414695317578093,1.8157744432967111,0.2086125589408808,2.510893372856964
33.0,286.0,1000.5394897460938,-4.38181940135786,-3.790616543042989,1.7098404312401534,3.177886885866966,2.472621786164881,3.002331672888192,-0.3414712502043515,1.8157744435262555,0.2086145126604477,2.5108844424732086
33.0,286.0,1000.5394897460938,-4.38181940135786,-3.7906165126773534,1.709840431240402,3.17790858211434,2.472621786164881,3.0023303696094183,-0.3414669696731406,1.815774443296912,0.2086222115407909,2.510893490323644
33.0,287.0,1000.539306640625,-4.38181940135786,-3.790616534448904,1.7098404312404007,3.177884611865085,2.472621786164881,3.0023303580956204,-0.3413085387195495,1.8157744434017344,0.2086145127658039,2.510893680894441
33.0,287.0,1000.539306640625,-4.38181940135786,-3.790616543042989,1.7098404312404247,3.177873726304039,2.472621786164881,3.0023315892791422,-0.3413057923781101,1.8157744435280987,0.2086124045741512,2.5108936897204583
33.0,287.0,1000.539306640625,-4.38181940135786,-3.790616823755861,1.7098404312404247,3.177886503853008,2.472621786164881,3.0023315892791422,-0.3412959796300556,1.815774443315732,0.2086122688849211,2.5108851246747204
33.0,287.0,1000.539306640625,-4.38181940135786,-3.790616534453749,1.7098404312404007,3.1778843608053062,2.472621786164881,3.0023303580956204,-0.3413085387195495,1.8157744434017344,0.2086145127658039,2.510893680894441
33.0,287.0,1000.539306640625,-4.38181940135786,-3.790616514581013,1.709840431240402,3.17790858211434,2.472621786164881,3.00233037335995,-0.3413173966526439,1.815774443396165,0.2086222086523648,2.510893490323644
33.0,287.0,1000.539306640625,-4.38181940135786,-3.790616524207667,1.709840431240402,3.177890589126404,2.472621786164881,3.0023303696094183,-0.3413031198318386,1.815774443296912,0.2086225505982532,2.510893490323644
33.0,287.0,1000.539306640625,-4.38181940135786,-3.790616543021709,1.7098404312404247,3.1778734493005767,2.472621786164881,3.002330422076739,-0.3413057923781101,1.8157744435280987,0.2086123186935263,2.5108936897204583
33.0,287.0,1000.539306640625,-4.38181940135786,-3.790616514581013,1.709840431240402,3.17790858211434,2.472621786164881,3.00233037335995,-0.3412952707065828,1.8157744432921743,0.2086218953363292,2.510893490323644
33.0,287.0,1000.539306640625,-4.38181940135786,-3.790616852414922,1.7098404312403952,3.177886885866966,2.472621786164881,3.002331619544486,-0.3413118884222081,1.8157744434077896,0.2086126508107507,2.510894111937508
33.0,287.0,1000.539306640625,-4.38181940135786,-3.790616524207667,1.709840431240402,3.177890589126404,2.472621786164881,3.0023303696094183,-0.3413031198318386,1.8157744367096151,0.208614474083639,2.510893495147108
33.0,287.0,1000.539306640625,-4.38181940135786,-3.790616839961627,1.7098404312404016,3.177884518311024,2.472621786164881,3.0023315892791422,-0.3413087131295593,1.815774443315732,0.208612318812337,2.5108851246747204
33.0,287.0,1000.539306640625,-4.38181940135786,-3.7906165242289465,1.709840431240402,3.1778908661298666,2.472621786164881,3.002331536811821,-0.3413031198318386,1.815774443296912,0.2086226364788781,2.510893490323644
33.0,287.0,1000.539306640625,-4.38181940135786,-3.7906165127142857,1.709840431240402,3.177907482348377,2.472621786164881,3.0023303696094183,-0.341304087803103,1.815774443296912,0.2086222115407909,2.510893490323644
33.0,287.0,1000.539306640625,-4.38181940135786,-3.790616534453749,1.7098404312404007,3.1778868560553883,2.472621786164881,3.0023303792709988,-0.3413081378297032,1.8157744434017344,0.2086145127658039,2.5108936823847485
33.0,287.0,1000.539306640625,-4.38181940135786,-3.790616515132953,1.709840431240402,3.1779098207184475,2.472621786164881,3.00233037335995,-0.3413084208601206,1.8157744434015368,0.2086227031076304,2.510893490323644
33.0,287.0,1000.539306640625,-4.38181940135786,-3.790616852442248,1.7098404312404247,3.177873726304039,2.472621786164881,3.002331555748563,-0.3413057923781101,1.8157744435280987,0.2086139064030538,2.510893707220656
33.0,287.0,1000.539306640625,-4.38181940135786,-3.7906168566522873,1.7098404312403952,3.177886885866966,2.472621786164881,3.002331608639791,-0.3413118884222081,1.8157744433006533,0.2086126478671606,2.510893507303065
33.0,287.0,1000.539306640625,-4.38181940135786,-3.790616823755861,1.7098404312404247,3.177886503853008,2.472621786164881,3.0023315892791422,-0.3412959796300556,1.815774443315732,0.2086122688849211,2.5108851246747204
33.0,287.0,1000.539306640625,-4.38181940135786,-3.790616534453749,1.7098404312404007,3.1778847340832903,2.472621786164881,3.0023303792709988,-0.3413081378297032,1.8157744434017344,0.2086145127658039,2.5108936823847485
33.0,287.0,1000.539306640625,-4.38181940135786,-3.7906165127142857,1.709840431240402,3.177907482348377,2.472621786164881,3.0023303786473545,-0.341304087803103,1.815774443296912,0.2086133834616837,2.510893490323644
33.0,287.0,1000.539306640625,-4.38181940135786,-3.790616852414922,1.7098404312403952,3.1778876985157507,2.472621786164881,3.002331619544486,-0.3413118884222081,1.8157744434077896,0.2086224347442123,2.510894111937508
33.0,287.0,1000.539306640625,-4.38181940135786,-3.790616512309464,1.7098404312403972,3.1779087974477287,2.472621786164881,3.00233037335995,-0.3413173966526439,1.815774443396165,0.2086221383307629,2.510893110256942
33.0,287.0,1000.539306640625,-4.38181940135786,-3.7906165127142857,1.709840431240402,3.177907482348377,2.472621786164881,3.0023303696094183,-0.3413040501113846,1.815774443296912,0.2086222115407909,2.510893490323644
33.0,287.0,1000.539306640625,-4.38181940135786,-3.790616515015908,1.709840431240402,3.17790858211434,2.472621786164881,3.0023317075944185,-0.3413173966526439,1.815774443396165,0.2086222086523648,2.510893490323644
33.0,287.0,1000.539306640625,-4.38181940135786,-3.790616534448904,1.7098404312404007,3.177884611865085,2.472621786164881,3.0023303580956204,-0.3413085387195495,1.8157744434017344,0.2086145127658039,2.510893680894441
33.0,287.0,1000.539306640625,-4.38181940135786,-3.790616852414922,1.7098404312403952,3.177887417416688,2.472621786164881,3.002331619544486,-0.3413118884222081,1.8157744434077896,0.2086139249940617,2.510893382123997
33.0,287.0,1000.539306640625,-4.38181940135786,-3.790616534453904,1.7098404312404007,3.177884603816609,2.472621786164881,3.002330357687736,-0.3413085354665432,1.8157744434017344,0.2086145127658039,2.510893680854496
33.0,287.0,1000.539306640625,-4.38181940135786,-3.790616534453749,1.7098404312404007,3.1778845978915333,2.472621786164881,3.002330358136728,-0.3413086820678036,1.815774443293696,0.2086145127658039,2.510893498911188
33.0,287.0,1000.539306640625,-4.38181940135786,-3.790616514581013,1.709840431240402,3.177908639583192,2.472621786164881,3.002330378862495,-0.3412952707065828,1.815774443296968,0.2086218953363292,2.510893490323644
33.0,287.0,1000.539306640625,-4.38181940135786,-3.79061685200557,1.7098404312403952,3.1778875541368112,2.472621786164881,3.0023304156529425,-0.3413118884222081,1.8157744434077896,0.2086223531448017,2.510894111937508
33.0,287.0,1000.539306640625,-4.38181940135786,-3.790616524091081,1.709840431240402,3.177890819115202,2.472621786164881,3.002330369684864,-0.3413031198318386,1.815774443296912,0.2086225505982532,2.510893490323644
33.0,287.0,1000.539306640625,-4.38181940135786,-3.790616869365092,1.7098404312404007,3.177884611865085,2.472621786164881,3.0023303743162244,-0.3413085387195495,1.8157744434017344,0.2086123048620769,2.510893680894441
33.0,287.0,1000.539306640625,-4.38181940135786,-3.7906165242289465,1.709840431240402,3.1778908661298666,2.472621786164881,3.002331536811821,-0.3413031198318386,1.815774443296912,0.2086226364788781,2.510893490323644
33.0,287.0,1000.539306640625,-4.38181940135786,-3.7906165435548815,1.7098404312404247,3.177873726304039,2.472621786164881,3.0023315892791422,-0.3413057923781101,1.8157744435206544,0.2086123826000391,2.5108936897204583
33.0,287.0,1000.539306640625,-4.38181940135786,-3.790616543042989,1.709840431240403,3.1778909468732475,2.472621786164881,3.002331672888192,-0.3413008337502389,1.8157744435262555,0.2086226482749749,2.5108935604618776
33.0,287.0,1000.539306640625,-4.38181940135786,-3.7906165127142857,1.709840431240402,3.1779072452621504,2.472621786164881,3.002330369568311,-0.3413039067631305,1.8157744434049496,0.2086222115407909,2.510893672306897
33.0,287.0,1000.539306640625,-4.38181940135786,-3.790616524207667,1.709840431240402,3.177890589126404,2.472621786164881,3.0023303696094183,-0.3413031198318386,1.8157744367096151,0.208614474083639,2.510893495147108
33.0,287.0,1000.539306640625,-4.38181940135786,-3.790616852414922,1.7098404312403952,3.177886885866966,2.472621786164881,3.002331619544486,-0.3413118884222081,1.8157744434077896,0.2086126508107507,2.510894111937508
33.0,287.0,1000.539306640625,-4.38181940135786,-3.790616515015908,1.709840431240402,3.177909818760462,2.472621786164881,3.0023317075944185,-0.3413173966526439,1.815774443396348,0.2086222086523648,2.510893490323644
33.0,287.0,1000.539306640625,-4.38181940135786,-3.7906165127142857,1.709840431240402,3.177907424879525,2.472621786164881,3.002330373144809,-0.341304087803103,1.8157744432921183,0.2086133834616837,2.510893490323644
33.0,287.0,1000.539306640625,-4.38181940135786,-3.790616512309464,1.7098404312403972,3.1779092886046696,2.472621786164881,3.00233037335995,-0.3413163449084738,1.815774443396165,0.2086221383307629,2.510893110256942
33.0,287.0,1000.539306640625,-4.38181940135786,-3.790616534453749,1.7098404312404252,3.177884638500111,2.472621786164881,3.0023303792709988,-0.3412959871400228,1.8157744433182468,0.2086145127658039,2.510892704299906
33.0,287.0,1000.539306640625,-4.38181940135786,-3.790616507337863,1.7098404312404247,3.1779097483063814,2.472621786164881,3.002331700783973,-0.3413057923781101,1.8157744435280987,0.2086226084470605,2.510893707220656
33.0,287.0,1000.539306640625,-4.38181940135786,-3.79061653257756,1.7098404312404007,3.1779082810558967,2.472621786164881,3.0023303580956204,-0.3413085353724513,1.8157744434017344,0.2086145127658039,2.510893680894441
33.0,287.0,1000.539306640625,-4.38181940135786,-3.790616514581013,1.709840431240402,3.17790858211434,2.472621786164881,3.00233037335995,-0.3413173966526439,1.815774443396165,0.2086222086523648,2.510893490323644
33.0,287.0,1000.5393676757812,-4.38181940135786,-3.790616519703161,1.709840431240399,3.177889496217918,2.472621786164881,3.002330248155578,-0.3413029057203777,1.8157744435285976,0.208624491481495,2.510913112445732
33.0,287.0,1000.5393676757812,-4.38181940135786,-3.790616826254039,1.709840431240402,3.177889835342933,2.472621786164881,3.0023303714665173,-0.3412962656375,1.815774443296912,0.2086259210747071,2.510914894396862
33.0,287.0,1000.5393676757812,-4.38181940135786,-3.790616519703161,1.709840431240399,3.177890854107898,2.472621786164881,3.002330248155578,-0.3413029118437932,1.8157744435285976,0.208624491481495,2.510916029081127
33.0,287.0,1000.5393676757812,-4.38181940135786,-3.790616826254039,1.709840431240402,3.177889835342933,2.472621786164881,3.002330379461451,-0.3412962656375,1.815774443296912,0.2086259210747071,2.510914924819932
33.0,287.0,1000.5394287109376,-4.38181940135786,-3.7906168514311807,1.709840431240402,3.17790858211434,2.472621786164881,3.0023303696094183,-0.3414669696731406,1.815774443296912,0.2086140607697834,2.510893490323644
33.0,288.0,1000.5392456054688,-4.38181940135786,-3.7906165127142857,1.709840431240402,3.177907482348377,2.472621786164881,3.0023303696094183,-0.3413037834823032,1.815774443296912,0.2086124427940399,2.5108849730738005
33.0,288.0,1000.5392456054688,-4.38181940135786,-3.790616481841884,1.7098404312404247,3.1779080026552826,2.472621786164881,3.0023315892791422,-0.3413177663579174,1.8157744433942948,0.2086122688849211,2.510884350639745
33.0,288.0,1000.539306640625,-4.38181940135786,-3.790616534448904,1.7098404312404007,3.177884611865085,2.472621786164881,3.0023303580956204,-0.3413085387195495,1.8157744434017344,0.2086145127658039,2.510893680894441
33.0,288.0,1000.539306640625,-4.38181940135786,-3.790616543042989,1.7098404312404247,3.177873726304039,2.472621786164881,3.0023315892791422,-0.3413057923781101,1.8157744435280987,0.2086124045741512,2.5108936897204583
33.0,288.0,1000.539306640625,-4.38181940135786,-3.790616823755861,1.7098404312404247,3.177886503853008,2.472621786164881,3.0023315892791422,-0.3412959796300556,1.815774443315732,0.2086122688849211,2.5108851246747204
33.0,288.0,1000.539306640625,-4.38181940135786,-3.790616534453749,1.7098404312404007,3.1778843608053062,2.472621786164881,3.0023303580956204,-0.3413085387195495,1.8157744434017344,0.2086145127658039,2.510893680894441
33.0,288.0,1000.539306640625,-4.38181940135786,-3.790616514581013,1.709840431240402,3.17790858211434,2.472621786164881,3.00233037335995,-0.3413173966526439,1.815774443396165,0.2086222086523648,2.510893490323644
33.0,288.0,1000.539306640625,-4.38181940135786,-3.790616524207667,1.709840431240402,3.177890589126404,2.472621786164881,3.0023303696094183,-0.3413031198318386,1.815774443296912,0.2086225505982532,2.510893490323644
33.0,288.0,1000.539306640625,-4.38181940135786,-3.790616543021709,1.7098404312404247,3.1778734493005767,2.472621786164881,3.002330422076739,-0.3413057923781101,1.8157744435280987,0.2086123186935263,2.5108936897204583
33.0,288.0,1000.539306640625,-4.38181940135786,-3.790616514581013,1.709840431240402,3.17790858211434,2.472621786164881,3.00233037335995,-0.3412952707065828,1.8157744432921743,0.2086218953363292,2.510893490323644
33.0,288.0,1000.539306640625,-4.38181940135786,-3.790616852414922,1.7098404312403952,3.177886885866966,2.472621786164881,3.002331619544486,-0.3413118884222081,1.8157744434077896,0.2086126508107507,2.510894111937508
33.0,288.0,1000.539306640625,-4.38181940135786,-3.790616524207667,1.709840431240402,3.177890589126404,2.472621786164881,3.0023303696094183,-0.3413031198318386,1.8157744367096151,0.208614474083639,2.510893495147108
33.0,288.0,1000.539306640625,-4.38181940135786,-3.790616839961627,1.7098404312404016,3.177884518311024,2.472621786164881,3.0023315892791422,-0.3413087131295593,1.815774443315732,0.208612318812337,2.5108851246747204
33.0,288.0,1000.539306640625,-4.38181940135786,-3.7906165242289465,1.709840431240402,3.1778908661298666,2.472621786164881,3.002331536811821,-0.3413031198318386,1.815774443296912,0.2086226364788781,2.510893490323644
33.0,288.0,1000.539306640625,-4.38181940135786,-3.7906165127142857,1.709840431240402,3.177907482348377,2.472621786164881,3.0023303696094183,-0.341304087803103,1.815774443296912,0.2086222115407909,2.510893490323644
33.0,288.0,1000.539306640625,-4.38181940135786,-3.790616534453749,1.7098404312404007,3.1778868560553883,2.472621786164881,3.0023303792709988,-0.3413081378297032,1.8157744434017344,0.2086145127658039,2.5108936823847485
33.0,288.0,1000.539306640625,-4.38181940135786,-3.790616515132953,1.709840431240402,3.1779098207184475,2.472621786164881,3.00233037335995,-0.3413084208601206,1.8157744434015368,0.2086227031076304,2.510893490323644
33.0,288.0,1000.539306640625,-4.38181940135786,-3.790616852442248,1.7098404312404247,3.177873726304039,2.472621786164881,3.002331555748563,-0.3413057923781101,1.8157744435280987,0.2086139064030538,2.510893707220656
33.0,288.0,1000.539306640625,-4.38181940135786,-3.7906168566522873,1.7098404312403952,3.177886885866966,2.472621786164881,3.002331608639791,-0.3413118884222081,1.8157744433006533,0.2086126478671606,2.510893507303065
33.0,288.0,1000.539306640625,-4.38181940135786,-3.790616823755861,1.7098404312404247,3.177886503853008,2.472621786164881,3.0023315892791422,-0.3412959796300556,1.815774443315732,0.2086122688849211,2.5108851246747204
33.0,288.0,1000.539306640625,-4.38181940135786,-3.790616534453749,1.7098404312404007,3.1778847340832903,2.472621786164881,3.0023303792709988,-0.3413081378297032,1.8157744434017344,0.2086145127658039,2.5108936823847485
33.0,288.0,1000.539306640625,-4.38181940135786,-3.7906165127142857,1.709840431240402,3.177907482348377,2.472621786164881,3.0023303786473545,-0.341304087803103,1.815774443296912,0.2086133834616837,2.510893490323644
33.0,288.0,1000.539306640625,-4.38181940135786,-3.790616852414922,1.7098404312403952,3.1778876985157507,2.472621786164881,3.002331619544486,-0.3413118884222081,1.8157744434077896,0.2086224347442123,2.510894111937508
33.0,288.0,1000.539306640625,-4.38181940135786,-3.790616512309464,1.7098404312403972,3.1779087974477287,2.472621786164881,3.00233037335995,-0.3413173966526439,1.815774443396165,0.2086221383307629,2.510893110256942
33.0,288.0,1000.539306640625,-4.38181940135786,-3.7906165127142857,1.709840431240402,3.177907482348377,2.472621786164881,3.0023303696094183,-0.3413040501113846,1.815774443296912,0.2086222115407909,2.510893490323644
33.0,288.0,1000.539306640625,-4.38181940135786,-3.790616515015908,1.709840431240402,3.17790858211434,2.472621786164881,3.0023317075944185,-0.3413173966526439,1.815774443396165,0.2086222086523648,2.510893490323644
33.0,288.0,1000.539306640625,-4.38181940135786,-3.790616534448904,1.7098404312404007,3.177884611865085,2.472621786164881,3.0023303580956204,-0.3413085387195495,1.8157744434017344,0.2086145127658039,2.510893680894441
33.0,288.0,1000.539306640625,-4.38181940135786,-3.790616852414922,1.7098404312403952,3.177887417416688,2.472621786164881,3.002331619544486,-0.3413118884222081,1.8157744434077896,0.2086139249940617,2.510893382123997
33.0,288.0,1000.539306640625,-4.38181940135786,-3.790616534453904,1.7098404312404007,3.177884603816609,2.472621786164881,3.002330357687736,-0.3413085354665432,1.8157744434017344,0.2086145127658039,2.510893680854496
33.0,288.0,1000.539306640625,-4.38181940135786,-3.790616534453749,1.7098404312404007,3.1778845978915333,2.472621786164881,3.002330358136728,-0.3413086820678036,1.815774443293696,0.2086145127658039,2.510893498911188
33.0,288.0,1000.539306640625,-4.38181940135786,-3.790616514581013,1.709840431240402,3.177908639583192,2.472621786164881,3.002330378862495,-0.3412952707065828,1.815774443296968,0.2086218953363292,2.510893490323644
33.0,288.0,1000.539306640625,-4.38181940135786,-3.79061685200557,1.7098404312403952,3.1778875541368112,2.472621786164881,3.0023304156529425,-0.3413118884222081,1.8157744434077896,0.2086223531448017,2.510894111937508
33.0,288.0,1000.539306640625,-4.38181940135786,-3.790616524091081,1.709840431240402,3.177890819115202,2.472621786164881,3.002330369684864,-0.3413031198318386,1.815774443296912,0.2086225505982532,2.510893490323644
33.0,288.0,1000.539306640625,-4.38181940135786,-3.790616869365092,1.7098404312404007,3.177884611865085,2.472621786164881,3.0023303743162244,-0.3413085387195495,1.8157744434017344,0.2086123048620769,2.510893680894441
33.0,288.0,1000.539306640625,-4.38181940135786,-3.7906165242289465,1.709840431240402,3.1778908661298666,2.472621786164881,3.002331536811821,-0.3413031198318386,1.815774443296912,0.2086226364788781,2.510893490323644
33.0,288.0,1000.539306640625,-4.38181940135786,-3.7906165435548815,1.7098404312404247,3.177873726304039,2.472621786164881,3.0023315892791422,-0.3413057923781101,1.8157744435206544,0.2086123826000391,2.5108936897204583
33.0,288.0,1000.539306640625,-4.38181940135786,-3.790616543042989,1.709840431240403,3.1778909468732475,2.472621786164881,3.002331672888192,-0.3413008337502389,1.8157744435262555,0.2086226482749749,2.5108935604618776
33.0,288.0,1000.539306640625,-4.38181940135786,-3.7906165127142857,1.709840431240402,3.1779072452621504,2.472621786164881,3.002330369568311,-0.3413039067631305,1.8157744434049496,0.2086222115407909,2.510893672306897
33.0,288.0,1000.539306640625,-4.38181940135786,-3.790616524207667,1.709840431240402,3.177890589126404,2.472621786164881,3.0023303696094183,-0.3413031198318386,1.8157744367096151,0.208614474083639,2.510893495147108
33.0,288.0,1000.539306640625,-4.38181940135786,-3.790616852414922,1.7098404312403952,3.177886885866966,2.472621786164881,3.002331619544486,-0.3413118884222081,1.8157744434077896,0.2086126508107507,2.510894111937508
33.0,288.0,1000.539306640625,-4.38181940135786,-3.790616515015908,1.709840431240402,3.177909818760462,2.472621786164881,3.0023317075944185,-0.3413173966526439,1.815774443396348,0.2086222086523648,2.510893490323644
33.0,288.0,1000.539306640625,-4.38181940135786,-3.7906165127142857,1.709840431240402,3.177907424879525,2.472621786164881,3.002330373144809,-0.341304087803103,1.8157744432921183,0.2086133834616837,2.510893490323644
33.0,288.0,1000.539306640625,-4.38181940135786,-3.790616512309464,1.7098404312403972,3.1779092886046696,2.472621786164881,3.00233037335995,-0.3413163449084738,1.815774443396165,0.2086221383307629,2.510893110256942
33.0,288.0,1000.539306640625,-4.38181940135786,-3.790616534453749,1.7098404312404252,3.177884638500111,2.472621786164881,3.0023303792709988,-0.3412959871400228,1.8157744433182468,0.2086145127658039,2.510892704299906
33.0,288.0,1000.539306640625,-4.38181940135786,-3.790616507337863,1.7098404312404247,3.1779097483063814,2.472621786164881,3.002331700783973,-0.3413057923781101,1.8157744435280987,0.2086226084470605,2.510893707220656
33.0,288.0,1000.539306640625,-4.38181940135786,-3.79061653257756,1.7098404312404007,3.1779082810558967,2.472621786164881,3.0023303580956204,-0.3413085353724513,1.8157744434017344,0.2086145127658039,2.510893680894441
33.0,288.0,1000.539306640625,-4.38181940135786,-3.790616514581013,1.709840431240402,3.17790858211434,2.472621786164881,3.00233037335995,-0.3413173966526439,1.815774443396165,0.2086222086523648,2.510893490323644
33.0,288.0,1000.539306640625,-4.38181940135786,-3.790616869011203,1.7098404312404007,3.177887095873833,2.472621786164881,3.002331587580645,-0.3413121401694124,1.8157744432999217,0.2086126494348116,2.5108936849091026
33.0,288.0,1000.539306640625,-4.38181940135786,-3.790616514581013,1.709840431240402,3.177908639583192,2.472621786164881,3.002330378862495,-0.3412952707065828,1.815774443296968,0.2086218953363292,2.510893490323644
33.0,288.0,1000.539306640625,-4.38181940135786,-3.790616512309464,1.7098404312403972,3.17788432018208,2.472621786164881,3.0023303573521867,-0.3413163449084738,1.815774443396165,0.2086221383307629,2.510893110256942
33.0,289.0,1000.5392456054688,-4.38181940135786,-3.7906165127142857,1.709840431240402,3.177907482348377,2.472621786164881,3.0023303696094183,-0.3413037834823032,1.815774443296912,0.2086124427940399,2.5108849730738005
33.0,289.0,1000.5392456054688,-4.38181940135786,-3.790616481841884,1.7098404312404247,3.1779080026552826,2.472621786164881,3.0023315892791422,-0.3413177663579174,1.8157744433942948,0.2086122688849211,2.510884350639745
33.0,289.0,1000.5392456054688,-4.38181940135786,-3.790616481878841,1.709840431240401,3.1779080026552826,2.472621786164881,3.002331606163245,-0.3413177663579174,1.8157744433941856,0.2086145433090985,2.510884350639745
33.0,289.0,1000.5392456054688,-4.38181940135786,-3.7906168579428745,1.709840431240402,3.177907482348377,2.472621786164881,3.0023303696094183,-0.3413037834823032,1.815774443296912,0.2086124427940399,2.5108849730738005
33.0,289.0,1000.539306640625,-4.38181940135786,-3.790616534448904,1.7098404312404007,3.177884611865085,2.472621786164881,3.0023303580956204,-0.3413085387195495,1.8157744434017344,0.2086145127658039,2.510893680894441
33.0,289.0,1000.539306640625,-4.38181940135786,-3.790616543042989,1.7098404312404247,3.177873726304039,2.472621786164881,3.0023315892791422,-0.3413057923781101,1.8157744435280987,0.2086124045741512,2.5108936897204583
33.0,289.0,1000.539306640625,-4.38181940135786,-3.790616823755861,1.7098404312404247,3.177886503853008,2.472621786164881,3.0023315892791422,-0.3412959796300556,1.815774443315732,0.2086122688849211,2.5108851246747204
33.0,289.0,1000.539306640625,-4.38181940135786,-3.790616534453749,1.7098404312404007,3.1778843608053062,2.472621786164881,3.0023303580956204,-0.3413085387195495,1.8157744434017344,0.2086145127658039,2.510893680894441
33.0,289.0,1000.539306640625,-4.38181940135786,-3.790616514581013,1.709840431240402,3.17790858211434,2.472621786164881,3.00233037335995,-0.3413173966526439,1.815774443396165,0.2086222086523648,2.510893490323644
33.0,289.0,1000.539306640625,-4.38181940135786,-3.790616524207667,1.709840431240402,3.177890589126404,2.472621786164881,3.0023303696094183,-0.3413031198318386,1.815774443296912,0.2086225505982532,2.510893490323644
33.0,289.0,1000.539306640625,-4.38181940135786,-3.790616543021709,1.7098404312404247,3.1778734493005767,2.472621786164881,3.002330422076739,-0.3413057923781101,1.8157744435280987,0.2086123186935263,2.5108936897204583
33.0,289.0,1000.539306640625,-4.38181940135786,-3.790616514581013,1.709840431240402,3.17790858211434,2.472621786164881,3.00233037335995,-0.3412952707065828,1.8157744432921743,0.2086218953363292,2.510893490323644
33.0,289.0,1000.539306640625,-4.38181940135786,-3.790616852414922,1.7098404312403952,3.177886885866966,2.472621786164881,3.002331619544486,-0.3413118884222081,1.8157744434077896,0.2086126508107507,2.510894111937508
33.0,289.0,1000.539306640625,-4.38181940135786,-3.790616524207667,1.709840431240402,3.177890589126404,2.472621786164881,3.0023303696094183,-0.3413031198318386,1.8157744367096151,0.208614474083639,2.510893495147108
33.0,289.0,1000.539306640625,-4.38181940135786,-3.790616839961627,1.7098404312404016,3.177884518311024,2.472621786164881,3.0023315892791422,-0.3413087131295593,1.815774443315732,0.208612318812337,2.5108851246747204
33.0,289.0,1000.539306640625,-4.38181940135786,-3.7906165242289465,1.709840431240402,3.1778908661298666,2.472621786164881,3.002331536811821,-0.3413031198318386,1.815774443296912,0.2086226364788781,2.510893490323644
33.0,289.0,1000.539306640625,-4.38181940135786,-3.7906165127142857,1.709840431240402,3.177907482348377,2.472621786164881,3.0023303696094183,-0.341304087803103,1.815774443296912,0.2086222115407909,2.510893490323644
33.0,289.0,1000.539306640625,-4.38181940135786,-3.790616534453749,1.7098404312404007,3.1778868560553883,2.472621786164881,3.0023303792709988,-0.3413081378297032,1.8157744434017344,0.2086145127658039,2.5108936823847485
33.0,289.0,1000.539306640625,-4.38181940135786,-3.790616515132953,1.709840431240402,3.1779098207184475,2.472621786164881,3.00233037335995,-0.3413084208601206,1.8157744434015368,0.2086227031076304,2.510893490323644
33.0,289.0,1000.539306640625,-4.38181940135786,-3.790616852442248,1.7098404312404247,3.177873726304039,2.472621786164881,3.002331555748563,-0.3413057923781101,1.8157744435280987,0.2086139064030538,2.510893707220656
33.0,289.0,1000.539306640625,-4.38181940135786,-3.7906168566522873,1.7098404312403952,3.177886885866966,2.472621786164881,3.002331608639791,-0.3413118884222081,1.8157744433006533,0.2086126478671606,2.510893507303065
33.0,289.0,1000.539306640625,-4.38181940135786,-3.790616823755861,1.7098404312404247,3.177886503853008,2.472621786164881,3.0023315892791422,-0.3412959796300556,1.815774443315732,0.2086122688849211,2.5108851246747204
33.0,289.0,1000.539306640625,-4.38181940135786,-3.790616534453749,1.7098404312404007,3.1778847340832903,2.472621786164881,3.0023303792709988,-0.3413081378297032,1.8157744434017344,0.2086145127658039,2.5108936823847485
33.0,289.0,1000.539306640625,-4.38181940135786,-3.7906165127142857,1.709840431240402,3.177907482348377,2.472621786164881,3.0023303786473545,-0.341304087803103,1.815774443296912,0.2086133834616837,2.510893490323644
33.0,289.0,1000.539306640625,-4.38181940135786,-3.790616852414922,1.7098404312403952,3.1778876985157507,2.472621786164881,3.002331619544486,-0.3413118884222081,1.8157744434077896,0.2086224347442123,2.510894111937508
33.0,289.0,1000.539306640625,-4.38181940135786,-3.790616512309464,1.7098404312403972,3.1779087974477287,2.472621786164881,3.00233037335995,-0.3413173966526439,1.815774443396165,0.2086221383307629,2.510893110256942
33.0,289.0,1000.539306640625,-4.38181940135786,-3.7906165127142857,1.709840431240402,3.177907482348377,2.472621786164881,3.0023303696094183,-0.3413040501113846,1.815774443296912,0.2086222115407909,2.510893490323644
33.0,289.0,1000.539306640625,-4.38181940135786,-3.790616515015908,1.709840431240402,3.17790858211434,2.472621786164881,3.0023317075944185,-0.3413173966526439,1.815774443396165,0.2086222086523648,2.510893490323644
33.0,289.0,1000.539306640625,-4.38181940135786,-3.790616534448904,1.7098404312404007,3.177884611865085,2.472621786164881,3.0023303580956204,-0.3413085387195495,1.8157744434017344,0.2086145127658039,2.510893680894441
33.0,289.0,1000.539306640625,-4.38181940135786,-3.790616852414922,1.7098404312403952,3.177887417416688,2.472621786164881,3.002331619544486,-0.3413118884222081,1.8157744434077896,0.2086139249940617,2.510893382123997
33.0,289.0,1000.539306640625,-4.38181940135786,-3.790616534453904,1.7098404312404007,3.177884603816609,2.472621786164881,3.002330357687736,-0.3413085354665432,1.8157744434017344,0.2086145127658039,2.510893680854496
33.0,289.0,1000.539306640625,-4.38181940135786,-3.790616534453749,1.7098404312404007,3.1778845978915333,2.472621786164881,3.002330358136728,-0.3413086820678036,1.815774443293696,0.2086145127658039,2.510893498911188
33.0,289.0,1000.539306640625,-4.38181940135786,-3.790616514581013,1.709840431240402,3.177908639583192,2.472621786164881,3.002330378862495,-0.3412952707065828,1.815774443296968,0.2086218953363292,2.510893490323644
33.0,289.0,1000.539306640625,-4.38181940135786,-3.79061685200557,1.7098404312403952,3.1778875541368112,2.472621786164881,3.0023304156529425,-0.3413118884222081,1.8157744434077896,0.2086223531448017,2.510894111937508
33.0,289.0,1000.539306640625,-4.38181940135786,-3.790616524091081,1.709840431240402,3.177890819115202,2.472621786164881,3.002330369684864,-0.3413031198318386,1.815774443296912,0.2086225505982532,2.510893490323644
33.0,289.0,1000.539306640625,-4.38181940135786,-3.790616869365092,1.7098404312404007,3.177884611865085,2.472621786164881,3.0023303743162244,-0.3413085387195495,1.8157744434017344,0.2086123048620769,2.510893680894441
33.0,289.0,1000.539306640625,-4.38181940135786,-3.7906165242289465,1.709840431240402,3.1778908661298666,2.472621786164881,3.002331536811821,-0.3413031198318386,1.815774443296912,0.2086226364788781,2.510893490323644
33.0,289.0,1000.539306640625,-4.38181940135786,-3.7906165435548815,1.7098404312404247,3.177873726304039,2.472621786164881,3.0023315892791422,-0.3413057923781101,1.8157744435206544,0.2086123826000391,2.5108936897204583
33.0,289.0,1000.539306640625,-4.38181940135786,-3.790616543042989,1.709840431240403,3.1778909468732475,2.472621786164881,3.002331672888192,-0.3413008337502389,1.8157744435262555,0.2086226482749749,2.5108935604618776
33.0,289.0,1000.539306640625,-4.38181940135786,-3.7906165127142857,1.709840431240402,3.1779072452621504,2.472621786164881,3.002330369568311,-0.3413039067631305,1.8157744434049496,0.2086222115407909,2.510893672306897
33.0,289.0,1000.539306640625,-4.38181940135786,-3.790616524207667,1.709840431240402,3.177890589126404,2.472621786164881,3.0023303696094183,-0.3413031198318386,1.8157744367096151,0.208614474083639,2.510893495147108
33.0,289.0,1000.539306640625,-4.38181940135786,-3.790616852414922,1.7098404312403952,3.177886885866966,2.472621786164881,3.002331619544486,-0.3413118884222081,1.8157744434077896,0.2086126508107507,2.510894111937508
33.0,289.0,1000.539306640625,-4.38181940135786,-3.790616515015908,1.709840431240402,3.177909818760462,2.472621786164881,3.0023317075944185,-0.3413173966526439,1.815774443396348,0.2086222086523648,2.510893490323644
33.0,289.0,1000.539306640625,-4.38181940135786,-3.7906165127142857,1.709840431240402,3.177907424879525,2.472621786164881,3.002330373144809,-0.341304087803103,1.8157744432921183,0.2086133834616837,2.510893490323644
33.0,289.0,1000.539306640625,-4.38181940135786,-3.790616512309464,1.7098404312403972,3.1779092886046696,2.472621786164881,3.00233037335995,-0.3413163449084738,1.815774443396165,0.2086221383307629,2.510893110256942
33.0,289.0,1000.539306640625,-4.38181940135786,-3.790616534453749,1.7098404312404252,3.177884638500111,2.472621786164881,3.0023303792709988,-0.3412959871400228,1.8157744433182468,0.2086145127658039,2.510892704299906
33.0,289.0,1000.539306640625,-4.38181940135786,-3.790616507337863,1.7098404312404247,3.1779097483063814,2.472621786164881,3.002331700783973,-0.3413057923781101,1.8157744435280987,0.2086226084470605,2.510893707220656
33.0,289.0,1000.539306640625,-4.38181940135786,-3.79061653257756,1.7098404312404007,3.1779082810558967,2.472621786164881,3.0023303580956204,-0.3413085353724513,1.8157744434017344,0.2086145127658039,2.510893680894441
33.0,289.0,1000.539306640625,-4.38181940135786,-3.790616514581013,1.709840431240402,3.17790858211434,2.472621786164881,3.00233037335995,-0.3413173966526439,1.815774443396165,0.2086222086523648,2.510893490323644
33.0,289.0,1000.539306640625,-4.38181940135786,-3.790616869011203,1.7098404312404007,3.177887095873833,2.472621786164881,3.002331587580645,-0.3413121401694124,1.8157744432999217,0.2086126494348116,2.5108936849091026
33.0,290.0,1000.5392456054688,-4.38181940135786,-3.7906165127142857,1.709840431240402,3.177907482348377,2.472621786164881,3.0023303696094183,-0.3413037834823032,1.815774443296912,0.2086124427940399,2.5108849730738005
33.0,290.0,1000.5392456054688,-4.38181940135786,-3.790616481841884,1.7098404312404247,3.1779080026552826,2.472621786164881,3.0023315892791422,-0.3413177663579174,1.8157744433942948,0.2086122688849211,2.510884350639745
33.0,290.0,1000.5392456054688,-4.38181940135786,-3.790616481878841,1.709840431240401,3.1779080026552826,2.472621786164881,3.002331606163245,-0.3413177663579174,1.8157744433941856,0.2086145433090985,2.510884350639745
33.0,290.0,1000.5392456054688,-4.38181940135786,-3.7906168579428745,1.709840431240402,3.177907482348377,2.472621786164881,3.0023303696094183,-0.3413037834823032,1.815774443296912,0.2086124427940399,2.5108849730738005
33.0,290.0,1000.5392456054688,-4.38181940135786,-3.790616481878841,1.709840431240401,3.1779080026552826,2.472621786164881,3.002331606163245,-0.3413177663579174,1.8157744433941856,0.2086145433090985,2.510884350639745
33.0,290.0,1000.5392456054688,-4.38181940135786,-3.7906165127142857,1.709840431240402,3.177907482348377,2.472621786164881,3.0023303696094183,-0.3413037834823032,1.815774443296912,0.2086124427940399,2.5108849730738005
33.0,290.0,1000.5392456054688,-4.38181940135786,-3.790616483358478,1.709840431240423,3.177908768753748,2.472621786164881,3.0023315892791422,-0.3413173928936523,1.8157744433942948,0.2086122688849211,2.510884350639745
33.0,290.0,1000.539306640625,-4.38181940135786,-3.790616534448904,1.7098404312404007,3.177884611865085,2.472621786164881,3.0023303580956204,-0.3413085387195495,1.8157744434017344,0.2086145127658039,2.510893680894441
33.0,290.0,1000.539306640625,-4.38181940135786,-3.790616543042989,1.7098404312404247,3.177873726304039,2.472621786164881,3.0023315892791422,-0.3413057923781101,1.8157744435280987,0.2086124045741512,2.5108936897204583
33.0,290.0,1000.539306640625,-4.38181940135786,-3.790616823755861,1.7098404312404247,3.177886503853008,2.472621786164881,3.0023315892791422,-0.3412959796300556,1.815774443315732,0.2086122688849211,2.5108851246747204
33.0,290.0,1000.539306640625,-4.38181940135786,-3.790616534453749,1.7098404312404007,3.1778843608053062,2.472621786164881,3.0023303580956204,-0.3413085387195495,1.8157744434017344,0.2086145127658039,2.510893680894441
33.0,290.0,1000.539306640625,-4.38181940135786,-3.790616514581013,1.709840431240402,3.17790858211434,2.472621786164881,3.00233037335995,-0.3413173966526439,1.815774443396165,0.2086222086523648,2.510893490323644
33.0,290.0,1000.539306640625,-4.38181940135786,-3.790616524207667,1.709840431240402,3.177890589126404,2.472621786164881,3.0023303696094183,-0.3413031198318386,1.815774443296912,0.2086225505982532,2.510893490323644
33.0,290.0,1000.539306640625,-4.38181940135786,-3.790616543021709,1.7098404312404247,3.1778734493005767,2.472621786164881,3.002330422076739,-0.3413057923781101,1.8157744435280987,0.2086123186935263,2.5108936897204583
33.0,290.0,1000.539306640625,-4.38181940135786,-3.790616514581013,1.709840431240402,3.17790858211434,2.472621786164881,3.00233037335995,-0.3412952707065828,1.8157744432921743,0.2086218953363292,2.510893490323644
33.0,290.0,1000.539306640625,-4.38181940135786,-3.790616852414922,1.7098404312403952,3.177886885866966,2.472621786164881,3.002331619544486,-0.3413118884222081,1.8157744434077896,0.2086126508107507,2.510894111937508
33.0,290.0,1000.539306640625,-4.38181940135786,-3.790616524207667,1.709840431240402,3.177890589126404,2.472621786164881,3.0023303696094183,-0.3413031198318386,1.8157744367096151,0.208614474083639,2.510893495147108
33.0,290.0,1000.539306640625,-4.38181940135786,-3.790616839961627,1.7098404312404016,3.177884518311024,2.472621786164881,3.0023315892791422,-0.3413087131295593,1.815774443315732,0.208612318812337,2.5108851246747204
33.0,290.0,1000.539306640625,-4.38181940135786,-3.7906165242289465,1.709840431240402,3.1778908661298666,2.472621786164881,3.002331536811821,-0.3413031198318386,1.815774443296912,0.2086226364788781,2.510893490323644
33.0,290.0,1000.539306640625,-4.38181940135786,-3.7906165127142857,1.709840431240402,3.177907482348377,2.472621786164881,3.0023303696094183,-0.341304087803103,1.815774443296912,0.2086222115407909,2.510893490323644
33.0,290.0,1000.539306640625,-4.38181940135786,-3.790616534453749,1.7098404312404007,3.1778868560553883,2.472621786164881,3.0023303792709988,-0.3413081378297032,1.8157744434017344,0.2086145127658039,2.5108936823847485
33.0,290.0,1000.539306640625,-4.38181940135786,-3.790616515132953,1.709840431240402,3.1779098207184475,2.472621786164881,3.00233037335995,-0.3413084208601206,1.8157744434015368,0.2086227031076304,2.510893490323644
33.0,290.0,1000.539306640625,-4.38181940135786,-3.790616852442248,1.7098404312404247,3.177873726304039,2.472621786164881,3.002331555748563,-0.3413057923781101,1.8157744435280987,0.2086139064030538,2.510893707220656
33.0,290.0,1000.539306640625,-4.38181940135786,-3.7906168566522873,1.7098404312403952,3.177886885866966,2.472621786164881,3.002331608639791,-0.3413118884222081,1.8157744433006533,0.2086126478671606,2.510893507303065
33.0,290.0,1000.539306640625,-4.38181940135786,-3.790616823755861,1.7098404312404247,3.177886503853008,2.472621786164881,3.0023315892791422,-0.3412959796300556,1.815774443315732,0.2086122688849211,2.5108851246747204
33.0,290.0,1000.539306640625,-4.38181940135786,-3.790616534453749,1.7098404312404007,3.1778847340832903,2.472621786164881,3.0023303792709988,-0.3413081378297032,1.8157744434017344,0.2086145127658039,2.5108936823847485
33.0,290.0,1000.539306640625,-4.38181940135786,-3.7906165127142857,1.709840431240402,3.177907482348377,2.472621786164881,3.0023303786473545,-0.341304087803103,1.815774443296912,0.2086133834616837,2.510893490323644
33.0,290.0,1000.539306640625,-4.38181940135786,-3.790616852414922,1.7098404312403952,3.1778876985157507,2.472621786164881,3.002331619544486,-0.3413118884222081,1.8157744434077896,0.2086224347442123,2.510894111937508
33.0,290.0,1000.539306640625,-4.38181940135786,-3.790616512309464,1.7098404312403972,3.1779087974477287,2.472621786164881,3.00233037335995,-0.3413173966526439,1.815774443396165,0.2086221383307629,2.510893110256942
33.0,290.0,1000.539306640625,-4.38181940135786,-3.7906165127142857,1.709840431240402,3.177907482348377,2.472621786164881,3.0023303696094183,-0.3413040501113846,1.815774443296912,0.2086222115407909,2.510893490323644
33.0,290.0,1000.539306640625,-4.38181940135786,-3.790616515015908,1.709840431240402,3.17790858211434,2.472621786164881,3.0023317075944185,-0.3413173966526439,1.815774443396165,0.2086222086523648,2.510893490323644
33.0,290.0,1000.539306640625,-4.38181940135786,-3.790616534448904,1.7098404312404007,3.177884611865085,2.472621786164881,3.0023303580956204,-0.3413085387195495,1.8157744434017344,0.2086145127658039,2.510893680894441
33.0,290.0,1000.539306640625,-4.38181940135786,-3.790616852414922,1.7098404312403952,3.177887417416688,2.472621786164881,3.002331619544486,-0.3413118884222081,1.8157744434077896,0.2086139249940617,2.510893382123997
33.0,290.0,1000.539306640625,-4.38181940135786,-3.790616534453904,1.7098404312404007,3.177884603816609,2.472621786164881,3.002330357687736,-0.3413085354665432,1.8157744434017344,0.2086145127658039,2.510893680854496
33.0,290.0,1000.539306640625,-4.38181940135786,-3.790616534453749,1.7098404312404007,3.1778845978915333,2.472621786164881,3.002330358136728,-0.3413086820678036,1.815774443293696,0.2086145127658039,2.510893498911188
33.0,290.0,1000.539306640625,-4.38181940135786,-3.790616514581013,1.709840431240402,3.177908639583192,2.472621786164881,3.002330378862495,-0.3412952707065828,1.815774443296968,0.2086218953363292,2.510893490323644
33.0,290.0,1000.539306640625,-4.38181940135786,-3.79061685200557,1.7098404312403952,3.1778875541368112,2.472621786164881,3.0023304156529425,-0.3413118884222081,1.8157744434077896,0.2086223531448017,2.510894111937508
33.0,290.0,1000.539306640625,-4.38181940135786,-3.790616524091081,1.709840431240402,3.177890819115202,2.472621786164881,3.002330369684864,-0.3413031198318386,1.815774443296912,0.2086225505982532,2.510893490323644
33.0,290.0,1000.539306640625,-4.38181940135786,-3.790616869365092,1.7098404312404007,3.177884611865085,2.472621786164881,3.0023303743162244,-0.3413085387195495,1.8157744434017344,0.2086123048620769,2.510893680894441
33.0,290.0,1000.539306640625,-4.38181940135786,-3.7906165242289465,1.709840431240402,3.1778908661298666,2.472621786164881,3.002331536811821,-0.3413031198318386,1.815774443296912,0.2086226364788781,2.510893490323644
33.0,290.0,1000.539306640625,-4.38181940135786,-3.7906165435548815,1.7098404312404247,3.177873726304039,2.472621786164881,3.0023315892791422,-0.3413057923781101,1.8157744435206544,0.2086123826000391,2.5108936897204583
33.0,290.0,1000.539306640625,-4.38181940135786,-3.790616543042989,1.709840431240403,3.1778909468732475,2.472621786164881,3.002331672888192,-0.3413008337502389,1.8157744435262555,0.2086226482749749,2.5108935604618776
33.0,290.0,1000.539306640625,-4.38181940135786,-3.7906165127142857,1.709840431240402,3.1779072452621504,2.472621786164881,3.002330369568311,-0.3413039067631305,1.8157744434049496,0.2086222115407909,2.510893672306897
33.0,290.0,1000.539306640625,-4.38181940135786,-3.790616524207667,1.709840431240402,3.177890589126404,2.472621786164881,3.0023303696094183,-0.3413031198318386,1.8157744367096151,0.208614474083639,2.510893495147108
33.0,290.0,1000.539306640625,-4.38181940135786,-3.790616852414922,1.7098404312403952,3.177886885866966,2.472621786164881,3.002331619544486,-0.3413118884222081,1.8157744434077896,0.2086126508107507,2.510894111937508
33.0,290.0,1000.539306640625,-4.38181940135786,-3.790616515015908,1.709840431240402,3.177909818760462,2.472621786164881,3.0023317075944185,-0.3413173966526439,1.815774443396348,0.2086222086523648,2.510893490323644
33.0,290.0,1000.539306640625,-4.38181940135786,-3.7906165127142857,1.709840431240402,3.177907424879525,2.472621786164881,3.002330373144809,-0.341304087803103,1.8157744432921183,0.2086133834616837,2.510893490323644
33.0,290.0,1000.539306640625,-4.38181940135786,-3.790616512309464,1.7098404312403972,3.1779092886046696,2.472621786164881,3.00233037335995,-0.3413163449084738,1.815774443396165,0.2086221383307629,2.510893110256942
33.0,290.0,1000.539306640625,-4.38181940135786,-3.790616534453749,1.7098404312404252,3.177884638500111,2.472621786164881,3.0023303792709988,-0.3412959871400228,1.8157744433182468,0.2086145127658039,2.510892704299906
33.0,290.0,1000.539306640625,-4.38181940135786,-3.790616507337863,1.7098404312404247,3.1779097483063814,2.472621786164881,3.002331700783973,-0.3413057923781101,1.8157744435280987,0.2086226084470605,2.510893707220656
33.0,291.0,1000.5392456054688,-4.38181940135786,-3.7906165127142857,1.709840431240402,3.177907482348377,2.472621786164881,3.0023303696094183,-0.3413037834823032,1.815774443296912,0.2086124427940399,2.5108849730738005
33.0,291.0,1000.5392456054688,-4.38181940135786,-3.790616481841884,1.7098404312404247,3.1779080026552826,2.472621786164881,3.0023315892791422,-0.3413177663579174,1.8157744433942948,0.2086122688849211,2.510884350639745
33.0,291.0,1000.5392456054688,-4.38181940135786,-3.790616481878841,1.709840431240401,3.1779080026552826,2.472621786164881,3.002331606163245,-0.3413177663579174,1.8157744433941856,0.2086145433090985,2.510884350639745
33.0,291.0,1000.5392456054688,-4.38181940135786,-3.7906168579428745,1.709840431240402,3.177907482348377,2.472621786164881,3.0023303696094183,-0.3413037834823032,1.815774443296912,0.2086124427940399,2.5108849730738005
33.0,291.0,1000.5392456054688,-4.38181940135786,-3.790616481878841,1.709840431240401,3.1779080026552826,2.472621786164881,3.002331606163245,-0.3413177663579174,1.8157744433941856,0.2086145433090985,2.510884350639745
33.0,291.0,1000.5392456054688,-4.38181940135786,-3.7906165127142857,1.709840431240402,3.177907482348377,2.472621786164881,3.0023303696094183,-0.3413037834823032,1.815774443296912,0.2086124427940399,2.5108849730738005
33.0,291.0,1000.5392456054688,-4.38181940135786,-3.790616483358478,1.709840431240423,3.177908768753748,2.472621786164881,3.0023315892791422,-0.3413173928936523,1.8157744433942948,0.2086122688849211,2.510884350639745
33.0,291.0,1000.5392456054688,-4.38181940135786,-3.790616514103944,1.709840431240401,3.177907481852481,2.472621786164881,3.002330367563093,-0.3413175475958965,1.8157744433941856,0.2086132844611533,2.510884350639745
33.0,291.0,1000.5392456054688,-4.38181940135786,-3.790616483358478,1.709840431240423,3.177908768753748,2.472621786164881,3.0023315892791422,-0.3413173928936523,1.8157744433942948,0.2086122688849211,2.510884350639745
33.0,291.0,1000.5392456054688,-4.38181940135786,-3.7906165127142857,1.709840431240402,3.1779073716015898,2.472621786164881,3.002330369440069,-0.3413037834823032,1.8157744432921576,0.2086126909880505,2.510884813432096
33.0,291.0,1000.5392456054688,-4.38181940135786,-3.790616480267868,1.709840431240401,3.1779080026552826,2.472621786164881,3.002331607778776,-0.3413177663579174,1.8157744433941856,0.2086145433090985,2.5108836248929625
33.0,291.0,1000.539306640625,-4.38181940135786,-3.790616534448904,1.7098404312404007,3.177884611865085,2.472621786164881,3.0023303580956204,-0.3413085387195495,1.8157744434017344,0.2086145127658039,2.510893680894441
33.0,291.0,1000.539306640625,-4.38181940135786,-3.790616543042989,1.7098404312404247,3.177873726304039,2.472621786164881,3.0023315892791422,-0.3413057923781101,1.8157744435280987,0.2086124045741512,2.5108936897204583
33.0,291.0,1000.539306640625,-4.38181940135786,-3.790616823755861,1.7098404312404247,3.177886503853008,2.472621786164881,3.0023315892791422,-0.3412959796300556,1.815774443315732,0.2086122688849211,2.5108851246747204
33.0,291.0,1000.539306640625,-4.38181940135786,-3.790616534453749,1.7098404312404007,3.1778843608053062,2.472621786164881,3.0023303580956204,-0.3413085387195495,1.8157744434017344,0.2086145127658039,2.510893680894441
33.0,291.0,1000.539306640625,-4.38181940135786,-3.790616514581013,1.709840431240402,3.17790858211434,2.472621786164881,3.00233037335995,-0.3413173966526439,1.815774443396165,0.2086222086523648,2.510893490323644
33.0,291.0,1000.539306640625,-4.38181940135786,-3.790616524207667,1.709840431240402,3.177890589126404,2.472621786164881,3.0023303696094183,-0.3413031198318386,1.815774443296912,0.2086225505982532,2.510893490323644
33.0,291.0,1000.539306640625,-4.38181940135786,-3.790616543021709,1.7098404312404247,3.1778734493005767,2.472621786164881,3.002330422076739,-0.3413057923781101,1.8157744435280987,0.2086123186935263,2.5108936897204583
33.0,291.0,1000.539306640625,-4.38181940135786,-3.790616514581013,1.709840431240402,3.17790858211434,2.472621786164881,3.00233037335995,-0.3412952707065828,1.8157744432921743,0.2086218953363292,2.510893490323644
33.0,291.0,1000.539306640625,-4.38181940135786,-3.790616852414922,1.7098404312403952,3.177886885866966,2.472621786164881,3.002331619544486,-0.3413118884222081,1.8157744434077896,0.2086126508107507,2.510894111937508
33.0,291.0,1000.539306640625,-4.38181940135786,-3.790616524207667,1.709840431240402,3.177890589126404,2.472621786164881,3.0023303696094183,-0.3413031198318386,1.8157744367096151,0.208614474083639,2.510893495147108
33.0,291.0,1000.539306640625,-4.38181940135786,-3.790616839961627,1.7098404312404016,3.177884518311024,2.472621786164881,3.0023315892791422,-0.3413087131295593,1.815774443315732,0.208612318812337,2.5108851246747204
33.0,291.0,1000.539306640625,-4.38181940135786,-3.7906165242289465,1.709840431240402,3.1778908661298666,2.472621786164881,3.002331536811821,-0.3413031198318386,1.815774443296912,0.2086226364788781,2.510893490323644
33.0,291.0,1000.539306640625,-4.38181940135786,-3.7906165127142857,1.709840431240402,3.177907482348377,2.472621786164881,3.0023303696094183,-0.341304087803103,1.815774443296912,0.2086222115407909,2.510893490323644
33.0,291.0,1000.539306640625,-4.38181940135786,-3.790616534453749,1.7098404312404007,3.1778868560553883,2.472621786164881,3.0023303792709988,-0.3413081378297032,1.8157744434017344,0.2086145127658039,2.5108936823847485
33.0,291.0,1000.539306640625,-4.38181940135786,-3.790616515132953,1.709840431240402,3.1779098207184475,2.472621786164881,3.00233037335995,-0.3413084208601206,1.8157744434015368,0.2086227031076304,2.510893490323644
33.0,291.0,1000.539306640625,-4.38181940135786,-3.790616852442248,1.7098404312404247,3.177873726304039,2.472621786164881,3.002331555748563,-0.3413057923781101,1.8157744435280987,0.2086139064030538,2.510893707220656
33.0,291.0,1000.539306640625,-4.38181940135786,-3.7906168566522873,1.7098404312403952,3.177886885866966,2.472621786164881,3.002331608639791,-0.3413118884222081,1.8157744433006533,0.2086126478671606,2.510893507303065
33.0,291.0,1000.539306640625,-4.38181940135786,-3.790616823755861,1.7098404312404247,3.177886503853008,2.472621786164881,3.0023315892791422,-0.3412959796300556,1.815774443315732,0.2086122688849211,2.5108851246747204
33.0,291.0,1000.539306640625,-4.38181940135786,-3.790616534453749,1.7098404312404007,3.1778847340832903,2.472621786164881,3.0023303792709988,-0.3413081378297032,1.8157744434017344,0.2086145127658039,2.5108936823847485
33.0,291.0,1000.539306640625,-4.38181940135786,-3.7906165127142857,1.709840431240402,3.177907482348377,2.472621786164881,3.0023303786473545,-0.341304087803103,1.815774443296912,0.2086133834616837,2.510893490323644
33.0,291.0,1000.539306640625,-4.38181940135786,-3.790616852414922,1.7098404312403952,3.1778876985157507,2.472621786164881,3.002331619544486,-0.3413118884222081,1.8157744434077896,0.2086224347442123,2.510894111937508
33.0,291.0,1000.539306640625,-4.38181940135786,-3.790616512309464,1.7098404312403972,3.1779087974477287,2.472621786164881,3.00233037335995,-0.3413173966526439,1.815774443396165,0.2086221383307629,2.510893110256942
33.0,291.0,1000.539306640625,-4.38181940135786,-3.7906165127142857,1.709840431240402,3.177907482348377,2.472621786164881,3.0023303696094183,-0.3413040501113846,1.815774443296912,0.2086222115407909,2.510893490323644
33.0,291.0,1000.539306640625,-4.38181940135786,-3.790616515015908,1.709840431240402,3.17790858211434,2.472621786164881,3.0023317075944185,-0.3413173966526439,1.815774443396165,0.2086222086523648,2.510893490323644
33.0,291.0,1000.539306640625,-4.38181940135786,-3.790616534448904,1.7098404312404007,3.177884611865085,2.472621786164881,3.0023303580956204,-0.3413085387195495,1.8157744434017344,0.2086145127658039,2.510893680894441
33.0,291.0,1000.539306640625,-4.38181940135786,-3.790616852414922,1.7098404312403952,3.177887417416688,2.472621786164881,3.002331619544486,-0.3413118884222081,1.8157744434077896,0.2086139249940617,2.510893382123997
33.0,291.0,1000.539306640625,-4.38181940135786,-3.790616534453904,1.7098404312404007,3.177884603816609,2.472621786164881,3.002330357687736,-0.3413085354665432,1.8157744434017344,0.2086145127658039,2.510893680854496
33.0,291.0,1000.539306640625,-4.38181940135786,-3.790616534453749,1.7098404312404007,3.1778845978915333,2.472621786164881,3.002330358136728,-0.3413086820678036,1.815774443293696,0.2086145127658039,2.510893498911188
33.0,291.0,1000.539306640625,-4.38181940135786,-3.790616514581013,1.709840431240402,3.177908639583192,2.472621786164881,3.002330378862495,-0.3412952707065828,1.815774443296968,0.2086218953363292,2.510893490323644
33.0,291.0,1000.539306640625,-4.38181940135786,-3.79061685200557,1.7098404312403952,3.1778875541368112,2.472621786164881,3.0023304156529425,-0.3413118884222081,1.8157744434077896,0.2086223531448017,2.510894111937508
33.0,291.0,1000.539306640625,-4.38181940135786,-3.790616524091081,1.709840431240402,3.177890819115202,2.472621786164881,3.002330369684864,-0.3413031198318386,1.815774443296912,0.2086225505982532,2.510893490323644
33.0,291.0,1000.539306640625,-4.38181940135786,-3.790616869365092,1.7098404312404007,3.177884611865085,2.472621786164881,3.0023303743162244,-0.3413085387195495,1.8157744434017344,0.2086123048620769,2.510893680894441
33.0,291.0,1000.539306640625,-4.38181940135786,-3.7906165242289465,1.709840431240402,3.1778908661298666,2.472621786164881,3.002331536811821,-0.3413031198318386,1.815774443296912,0.2086226364788781,2.510893490323644
33.0,291.0,1000.539306640625,-4.38181940135786,-3.7906165435548815,1.7098404312404247,3.177873726304039,2.472621786164881,3.0023315892791422,-0.3413057923781101,1.8157744435206544,0.2086123826000391,2.5108936897204583
33.0,291.0,1000.539306640625,-4.38181940135786,-3.790616543042989,1.709840431240403,3.1778909468732475,2.472621786164881,3.002331672888192,-0.3413008337502389,1.8157744435262555,0.2086226482749749,2.5108935604618776
33.0,291.0,1000.539306640625,-4.38181940135786,-3.7906165127142857,1.709840431240402,3.1779072452621504,2.472621786164881,3.002330369568311,-0.3413039067631305,1.8157744434049496,0.2086222115407909,2.510893672306897
33.0,291.0,1000.539306640625,-4.38181940135786,-3.790616524207667,1.709840431240402,3.177890589126404,2.472621786164881,3.0023303696094183,-0.3413031198318386,1.8157744367096151,0.208614474083639,2.510893495147108
33.0,291.0,1000.539306640625,-4.38181940135786,-3.790616852414922,1.7098404312403952,3.177886885866966,2.472621786164881,3.002331619544486,-0.3413118884222081,1.8157744434077896,0.2086126508107507,2.510894111937508
33.0,291.0,1000.539306640625,-4.38181940135786,-3.790616515015908,1.709840431240402,3.177909818760462,2.472621786164881,3.0023317075944185,-0.3413173966526439,1.815774443396348,0.2086222086523648,2.510893490323644
33.0,292.0,1000.5392456054688,-4.38181940135786,-3.7906165127142857,1.709840431240402,3.177907482348377,2.472621786164881,3.0023303696094183,-0.3413037834823032,1.815774443296912,0.2086124427940399,2.5108849730738005
33.0,292.0,1000.5392456054688,-4.38181940135786,-3.790616481841884,1.7098404312404247,3.1779080026552826,2.472621786164881,3.0023315892791422,-0.3413177663579174,1.8157744433942948,0.2086122688849211,2.510884350639745
33.0,292.0,1000.5392456054688,-4.38181940135786,-3.790616481878841,1.709840431240401,3.1779080026552826,2.472621786164881,3.002331606163245,-0.3413177663579174,1.8157744433941856,0.2086145433090985,2.510884350639745
33.0,292.0,1000.5392456054688,-4.38181940135786,-3.7906168579428745,1.709840431240402,3.177907482348377,2.472621786164881,3.0023303696094183,-0.3413037834823032,1.815774443296912,0.2086124427940399,2.5108849730738005
33.0,292.0,1000.5392456054688,-4.38181940135786,-3.790616481878841,1.709840431240401,3.1779080026552826,2.472621786164881,3.002331606163245,-0.3413177663579174,1.8157744433941856,0.2086145433090985,2.510884350639745
33.0,292.0,1000.5392456054688,-4.38181940135786,-3.7906165127142857,1.709840431240402,3.177907482348377,2.472621786164881,3.0023303696094183,-0.3413037834823032,1.815774443296912,0.2086124427940399,2.5108849730738005
33.0,292.0,1000.5392456054688,-4.38181940135786,-3.790616483358478,1.709840431240423,3.177908768753748,2.472621786164881,3.0023315892791422,-0.3413173928936523,1.8157744433942948,0.2086122688849211,2.510884350639745
33.0,292.0,1000.5392456054688,-4.38181940135786,-3.790616514103944,1.709840431240401,3.177907481852481,2.472621786164881,3.002330367563093,-0.3413175475958965,1.8157744433941856,0.2086132844611533,2.510884350639745
33.0,292.0,1000.5392456054688,-4.38181940135786,-3.790616483358478,1.709840431240423,3.177908768753748,2.472621786164881,3.0023315892791422,-0.3413173928936523,1.8157744433942948,0.2086122688849211,2.510884350639745
33.0,292.0,1000.5392456054688,-4.38181940135786,-3.7906165127142857,1.709840431240402,3.1779073716015898,2.472621786164881,3.002330369440069,-0.3413037834823032,1.8157744432921576,0.2086126909880505,2.510884813432096
33.0,292.0,1000.5392456054688,-4.38181940135786,-3.790616480267868,1.709840431240401,3.1779080026552826,2.472621786164881,3.002331607778776,-0.3413177663579174,1.8157744433941856,0.2086145433090985,2.5108836248929625
33.0,292.0,1000.5392456054688,-4.38181940135786,-3.7906168579428745,1.709840431240402,3.177907482348377,2.472621786164881,3.002330367509705,-0.3413177386122653,1.815774443296912,0.2086124126960173,2.5108849730738005
33.0,292.0,1000.5392456054688,-4.38181940135786,-3.790616481878841,1.709840431240401,3.1779080026552826,2.472621786164881,3.002331606163245,-0.3413177663579174,1.8157744433941856,0.2086145433090985,2.510884350639745
33.0,292.0,1000.5392456054688,-4.38181940135786,-3.790616513009698,1.709840431240402,3.177907482348377,2.472621786164881,3.0023304216090003,-0.3413034282140125,1.815774443291764,0.2086145463695207,2.5108849507278053
33.0,292.0,1000.5392456054688,-4.38181940135786,-3.790616514103944,1.709840431240401,3.177907481852481,2.472621786164881,3.0023303696628054,-0.3413035924659344,1.8157744433941856,0.2086133145591759,2.510884350639745
33.0,292.0,1000.5392456054688,-4.38181940135786,-3.790616480539267,1.709840431240401,3.177907986969877,2.472621786164881,3.002331606163245,-0.3413042642986487,1.8157744433941856,0.2086145433090985,2.510884350639745
33.0,292.0,1000.5392456054688,-4.38181940135786,-3.790616479972456,1.709840431240401,3.1779080026552826,2.472621786164881,3.0023315557791936,-0.341318121626208,1.8157744433993328,0.2086124397336177,2.5108836472389577
33.0,292.0,1000.5392456054688,-4.38181940135786,-3.790616481878841,1.709840431240401,3.1779079580509726,2.472621786164881,3.002331619672425,-0.3413177663579174,1.8157744433941856,0.2086145433090985,2.510884350639745
33.0,292.0,1000.539306640625,-4.38181940135786,-3.790616534448904,1.7098404312404007,3.177884611865085,2.472621786164881,3.0023303580956204,-0.3413085387195495,1.8157744434017344,0.2086145127658039,2.510893680894441
33.0,292.0,1000.539306640625,-4.38181940135786,-3.790616543042989,1.7098404312404247,3.177873726304039,2.472621786164881,3.0023315892791422,-0.3413057923781101,1.8157744435280987,0.2086124045741512,2.5108936897204583
33.0,292.0,1000.539306640625,-4.38181940135786,-3.790616823755861,1.7098404312404247,3.177886503853008,2.472621786164881,3.0023315892791422,-0.3412959796300556,1.815774443315732,0.2086122688849211,2.5108851246747204
33.0,292.0,1000.539306640625,-4.38181940135786,-3.790616534453749,1.7098404312404007,3.1778843608053062,2.472621786164881,3.0023303580956204,-0.3413085387195495,1.8157744434017344,0.2086145127658039,2.510893680894441
33.0,292.0,1000.539306640625,-4.38181940135786,-3.790616514581013,1.709840431240402,3.17790858211434,2.472621786164881,3.00233037335995,-0.3413173966526439,1.815774443396165,0.2086222086523648,2.510893490323644
33.0,292.0,1000.539306640625,-4.38181940135786,-3.790616524207667,1.709840431240402,3.177890589126404,2.472621786164881,3.0023303696094183,-0.3413031198318386,1.815774443296912,0.2086225505982532,2.510893490323644
33.0,292.0,1000.539306640625,-4.38181940135786,-3.790616543021709,1.7098404312404247,3.1778734493005767,2.472621786164881,3.002330422076739,-0.3413057923781101,1.8157744435280987,0.2086123186935263,2.5108936897204583
33.0,292.0,1000.539306640625,-4.38181940135786,-3.790616514581013,1.709840431240402,3.17790858211434,2.472621786164881,3.00233037335995,-0.3412952707065828,1.8157744432921743,0.2086218953363292,2.510893490323644
33.0,292.0,1000.539306640625,-4.38181940135786,-3.790616852414922,1.7098404312403952,3.177886885866966,2.472621786164881,3.002331619544486,-0.3413118884222081,1.8157744434077896,0.2086126508107507,2.510894111937508
33.0,292.0,1000.539306640625,-4.38181940135786,-3.790616524207667,1.709840431240402,3.177890589126404,2.472621786164881,3.0023303696094183,-0.3413031198318386,1.8157744367096151,0.208614474083639,2.510893495147108
33.0,292.0,1000.539306640625,-4.38181940135786,-3.790616839961627,1.7098404312404016,3.177884518311024,2.472621786164881,3.0023315892791422,-0.3413087131295593,1.815774443315732,0.208612318812337,2.5108851246747204
33.0,292.0,1000.539306640625,-4.38181940135786,-3.7906165242289465,1.709840431240402,3.1778908661298666,2.472621786164881,3.002331536811821,-0.3413031198318386,1.815774443296912,0.2086226364788781,2.510893490323644
33.0,292.0,1000.539306640625,-4.38181940135786,-3.7906165127142857,1.709840431240402,3.177907482348377,2.472621786164881,3.0023303696094183,-0.341304087803103,1.815774443296912,0.2086222115407909,2.510893490323644
33.0,292.0,1000.539306640625,-4.38181940135786,-3.790616534453749,1.7098404312404007,3.1778868560553883,2.472621786164881,3.0023303792709988,-0.3413081378297032,1.8157744434017344,0.2086145127658039,2.5108936823847485
33.0,292.0,1000.539306640625,-4.38181940135786,-3.790616515132953,1.709840431240402,3.1779098207184475,2.472621786164881,3.00233037335995,-0.3413084208601206,1.8157744434015368,0.2086227031076304,2.510893490323644
33.0,292.0,1000.539306640625,-4.38181940135786,-3.790616852442248,1.7098404312404247,3.177873726304039,2.472621786164881,3.002331555748563,-0.3413057923781101,1.8157744435280987,0.2086139064030538,2.510893707220656
33.0,292.0,1000.539306640625,-4.38181940135786,-3.7906168566522873,1.7098404312403952,3.177886885866966,2.472621786164881,3.002331608639791,-0.3413118884222081,1.8157744433006533,0.2086126478671606,2.510893507303065
33.0,292.0,1000.539306640625,-4.38181940135786,-3.790616823755861,1.7098404312404247,3.177886503853008,2.472621786164881,3.0023315892791422,-0.3412959796300556,1.815774443315732,0.2086122688849211,2.5108851246747204
33.0,292.0,1000.539306640625,-4.38181940135786,-3.790616534453749,1.7098404312404007,3.1778847340832903,2.472621786164881,3.0023303792709988,-0.3413081378297032,1.8157744434017344,0.2086145127658039,2.5108936823847485
33.0,292.0,1000.539306640625,-4.38181940135786,-3.7906165127142857,1.709840431240402,3.177907482348377,2.472621786164881,3.0023303786473545,-0.341304087803103,1.815774443296912,0.2086133834616837,2.510893490323644
33.0,292.0,1000.539306640625,-4.38181940135786,-3.790616852414922,1.7098404312403952,3.1778876985157507,2.472621786164881,3.002331619544486,-0.3413118884222081,1.8157744434077896,0.2086224347442123,2.510894111937508
33.0,292.0,1000.539306640625,-4.38181940135786,-3.790616512309464,1.7098404312403972,3.1779087974477287,2.472621786164881,3.00233037335995,-0.3413173966526439,1.815774443396165,0.2086221383307629,2.510893110256942
33.0,292.0,1000.539306640625,-4.38181940135786,-3.7906165127142857,1.709840431240402,3.177907482348377,2.472621786164881,3.0023303696094183,-0.3413040501113846,1.815774443296912,0.2086222115407909,2.510893490323644
33.0,292.0,1000.539306640625,-4.38181940135786,-3.790616515015908,1.709840431240402,3.17790858211434,2.472621786164881,3.0023317075944185,-0.3413173966526439,1.815774443396165,0.2086222086523648,2.510893490323644
33.0,292.0,1000.539306640625,-4.38181940135786,-3.790616534448904,1.7098404312404007,3.177884611865085,2.472621786164881,3.0023303580956204,-0.3413085387195495,1.8157744434017344,0.2086145127658039,2.510893680894441
33.0,292.0,1000.539306640625,-4.38181940135786,-3.790616852414922,1.7098404312403952,3.177887417416688,2.472621786164881,3.002331619544486,-0.3413118884222081,1.8157744434077896,0.2086139249940617,2.510893382123997
33.0,292.0,1000.539306640625,-4.38181940135786,-3.790616534453904,1.7098404312404007,3.177884603816609,2.472621786164881,3.002330357687736,-0.3413085354665432,1.8157744434017344,0.2086145127658039,2.510893680854496
33.0,292.0,1000.539306640625,-4.38181940135786,-3.790616534453749,1.7098404312404007,3.1778845978915333,2.472621786164881,3.002330358136728,-0.3413086820678036,1.815774443293696,0.2086145127658039,2.510893498911188
33.0,292.0,1000.539306640625,-4.38181940135786,-3.790616514581013,1.709840431240402,3.177908639583192,2.472621786164881,3.002330378862495,-0.3412952707065828,1.815774443296968,0.2086218953363292,2.510893490323644
33.0,292.0,1000.539306640625,-4.38181940135786,-3.79061685200557,1.7098404312403952,3.1778875541368112,2.472621786164881,3.0023304156529425,-0.3413118884222081,1.8157744434077896,0.2086223531448017,2.510894111937508
33.0,292.0,1000.539306640625,-4.38181940135786,-3.790616524091081,1.709840431240402,3.177890819115202,2.472621786164881,3.002330369684864,-0.3413031198318386,1.815774443296912,0.2086225505982532,2.510893490323644
33.0,292.0,1000.539306640625,-4.38181940135786,-3.790616869365092,1.7098404312404007,3.177884611865085,2.472621786164881,3.0023303743162244,-0.3413085387195495,1.8157744434017344,0.2086123048620769,2.510893680894441
33.0,293.0,1000.5392456054688,-4.38181940135786,-3.7906165127142857,1.709840431240402,3.177907482348377,2.472621786164881,3.0023303696094183,-0.3413037834823032,1.815774443296912,0.2086124427940399,2.5108849730738005
33.0,293.0,1000.5392456054688,-4.38181940135786,-3.790616481841884,1.7098404312404247,3.1779080026552826,2.472621786164881,3.0023315892791422,-0.3413177663579174,1.8157744433942948,0.2086122688849211,2.510884350639745
33.0,293.0,1000.5392456054688,-4.38181940135786,-3.790616481878841,1.709840431240401,3.1779080026552826,2.472621786164881,3.002331606163245,-0.3413177663579174,1.8157744433941856,0.2086145433090985,2.510884350639745
33.0,293.0,1000.5392456054688,-4.38181940135786,-3.7906168579428745,1.709840431240402,3.177907482348377,2.472621786164881,3.0023303696094183,-0.3413037834823032,1.815774443296912,0.2086124427940399,2.5108849730738005
33.0,293.0,1000.5392456054688,-4.38181940135786,-3.790616481878841,1.709840431240401,3.1779080026552826,2.472621786164881,3.002331606163245,-0.3413177663579174,1.8157744433941856,0.2086145433090985,2.510884350639745
33.0,293.0,1000.5392456054688,-4.38181940135786,-3.7906165127142857,1.709840431240402,3.177907482348377,2.472621786164881,3.0023303696094183,-0.3413037834823032,1.815774443296912,0.2086124427940399,2.5108849730738005
33.0,293.0,1000.5392456054688,-4.38181940135786,-3.790616483358478,1.709840431240423,3.177908768753748,2.472621786164881,3.0023315892791422,-0.3413173928936523,1.8157744433942948,0.2086122688849211,2.510884350639745
33.0,293.0,1000.5392456054688,-4.38181940135786,-3.790616514103944,1.709840431240401,3.177907481852481,2.472621786164881,3.002330367563093,-0.3413175475958965,1.8157744433941856,0.2086132844611533,2.510884350639745
33.0,293.0,1000.5392456054688,-4.38181940135786,-3.790616483358478,1.709840431240423,3.177908768753748,2.472621786164881,3.0023315892791422,-0.3413173928936523,1.8157744433942948,0.2086122688849211,2.510884350639745
33.0,293.0,1000.5392456054688,-4.38181940135786,-3.7906165127142857,1.709840431240402,3.1779073716015898,2.472621786164881,3.002330369440069,-0.3413037834823032,1.8157744432921576,0.2086126909880505,2.510884813432096
33.0,293.0,1000.5392456054688,-4.38181940135786,-3.790616480267868,1.709840431240401,3.1779080026552826,2.472621786164881,3.002331607778776,-0.3413177663579174,1.8157744433941856,0.2086145433090985,2.5108836248929625
33.0,293.0,1000.5392456054688,-4.38181940135786,-3.7906168579428745,1.709840431240402,3.177907482348377,2.472621786164881,3.002330367509705,-0.3413177386122653,1.815774443296912,0.2086124126960173,2.5108849730738005
33.0,293.0,1000.5392456054688,-4.38181940135786,-3.790616481878841,1.709840431240401,3.1779080026552826,2.472621786164881,3.002331606163245,-0.3413177663579174,1.8157744433941856,0.2086145433090985,2.510884350639745
33.0,293.0,1000.5392456054688,-4.38181940135786,-3.790616513009698,1.709840431240402,3.177907482348377,2.472621786164881,3.0023304216090003,-0.3413034282140125,1.815774443291764,0.2086145463695207,2.5108849507278053
33.0,293.0,1000.5392456054688,-4.38181940135786,-3.790616514103944,1.709840431240401,3.177907481852481,2.472621786164881,3.0023303696628054,-0.3413035924659344,1.8157744433941856,0.2086133145591759,2.510884350639745
33.0,293.0,1000.5392456054688,-4.38181940135786,-3.790616480539267,1.709840431240401,3.177907986969877,2.472621786164881,3.002331606163245,-0.3413042642986487,1.8157744433941856,0.2086145433090985,2.510884350639745
33.0,293.0,1000.5392456054688,-4.38181940135786,-3.790616479972456,1.709840431240401,3.1779080026552826,2.472621786164881,3.0023315557791936,-0.341318121626208,1.8157744433993328,0.2086124397336177,2.5108836472389577
33.0,293.0,1000.5392456054688,-4.38181940135786,-3.790616481878841,1.709840431240401,3.1779079580509726,2.472621786164881,3.002331619672425,-0.3413177663579174,1.8157744433941856,0.2086145433090985,2.510884350639745
33.0,293.0,1000.5392456054688,-4.38181940135786,-3.7906165127142857,1.709840431240402,3.177908004439757,2.472621786164881,3.0023303271457054,-0.3413037834823032,1.8157744432921576,0.2086126909880505,2.510884813432096
33.0,293.0,1000.5392456054688,-4.38181940135786,-3.790616481878841,1.709840431240401,3.1779079580509726,2.472621786164881,3.002331619672425,-0.3413177663579174,1.8157744433941856,0.2086145433090985,2.510884350639745
33.0,293.0,1000.5392456054688,-4.38181940135786,-3.7906165065670896,1.709840431240401,3.1779080026552826,2.472621786164881,3.002331607778776,-0.3413177664496352,1.8157744433941856,0.2086145433090985,2.5108836248929625
33.0,293.0,1000.5392456054688,-4.38181940135786,-3.7906168579428745,1.709840431240402,3.177907482348377,2.472621786164881,3.002330369812229,-0.3413167482199611,1.815774443296912,0.2086124427940399,2.5108849730738005
33.0,293.0,1000.5392456054688,-4.38181940135786,-3.790616802905848,1.7098404312404012,3.177907481852481,2.472621786164881,3.0023304202357792,-0.3413039302813608,1.8157744433941856,0.2086133145591759,2.510884350639745
33.0,293.0,1000.5392456054688,-4.38181940135786,-3.7906165127142857,1.709840431240402,3.177907446506435,2.472621786164881,3.0023304065900853,-0.3413037834823032,1.815774443298003,0.2086124398168804,2.5108849730738005
33.0,293.0,1000.5392456054688,-4.38181940135786,-3.790616513503832,1.709840431240402,3.177907366583648,2.472621786164881,3.002330369689193,-0.3413042735993893,1.8157744432921576,0.2086126909880505,2.5108843817037303
33.0,293.0,1000.5392456054688,-4.38181940135786,-3.790616507446948,1.709840431240401,3.1779080026552826,2.472621786164881,3.00233157624934,-0.3413046930437252,1.8157744433941856,0.2086123622937794,2.5108849506145097
33.0,293.0,1000.5392456054688,-4.38181940135786,-3.790616481878841,1.709840431240401,3.1779080026552826,2.472621786164881,3.002331606163245,-0.3413177663579174,1.8157744433941856,0.2086145433090985,2.510884350639745
33.0,293.0,1000.5392456054688,-4.38181940135786,-3.7906168316436526,1.709840431240402,3.177907482348377,2.472621786164881,3.002330367509705,-0.3413177385205474,1.815774443296912,0.2086124126960173,2.5108849730738005
33.0,293.0,1000.5392456054688,-4.38181940135786,-3.790616479972456,1.709840431240401,3.177908038497225,2.472621786164881,3.002331518798527,-0.341318121626208,1.815774443398241,0.2086124427107772,2.5108836472389577
33.0,293.0,1000.5392456054688,-4.38181940135786,-3.79061647974972,1.709840431240401,3.17790799198782,2.472621786164881,3.002331605914121,-0.3413037741815626,1.8157744433941856,0.2086145433090985,2.510884782368111
33.0,293.0,1000.5392456054688,-4.38181940135786,-3.790616485535205,1.709840431240402,3.177907482348377,2.472621786164881,3.0023304011388543,-0.3413168567964953,1.815774443296912,0.208614623809359,2.5108836473522533
33.0,293.0,1000.539306640625,-4.38181940135786,-3.790616534448904,1.7098404312404007,3.177884611865085,2.472621786164881,3.0023303580956204,-0.3413085387195495,1.8157744434017344,0.2086145127658039,2.510893680894441
33.0,293.0,1000.539306640625,-4.38181940135786,-3.790616543042989,1.7098404312404247,3.177873726304039,2.472621786164881,3.0023315892791422,-0.3413057923781101,1.8157744435280987,0.2086124045741512,2.5108936897204583
33.0,293.0,1000.539306640625,-4.38181940135786,-3.790616823755861,1.7098404312404247,3.177886503853008,2.472621786164881,3.0023315892791422,-0.3412959796300556,1.815774443315732,0.2086122688849211,2.5108851246747204
33.0,293.0,1000.539306640625,-4.38181940135786,-3.790616534453749,1.7098404312404007,3.1778843608053062,2.472621786164881,3.0023303580956204,-0.3413085387195495,1.8157744434017344,0.2086145127658039,2.510893680894441
33.0,293.0,1000.539306640625,-4.38181940135786,-3.790616514581013,1.709840431240402,3.17790858211434,2.472621786164881,3.00233037335995,-0.3413173966526439,1.815774443396165,0.2086222086523648,2.510893490323644
33.0,293.0,1000.539306640625,-4.38181940135786,-3.790616524207667,1.709840431240402,3.177890589126404,2.472621786164881,3.0023303696094183,-0.3413031198318386,1.815774443296912,0.2086225505982532,2.510893490323644
33.0,293.0,1000.539306640625,-4.38181940135786,-3.790616543021709,1.7098404312404247,3.1778734493005767,2.472621786164881,3.002330422076739,-0.3413057923781101,1.8157744435280987,0.2086123186935263,2.5108936897204583
33.0,293.0,1000.539306640625,-4.38181940135786,-3.790616514581013,1.709840431240402,3.17790858211434,2.472621786164881,3.00233037335995,-0.3412952707065828,1.8157744432921743,0.2086218953363292,2.510893490323644
33.0,293.0,1000.539306640625,-4.38181940135786,-3.790616852414922,1.7098404312403952,3.177886885866966,2.472621786164881,3.002331619544486,-0.3413118884222081,1.8157744434077896,0.2086126508107507,2.510894111937508
33.0,293.0,1000.539306640625,-4.38181940135786,-3.790616524207667,1.709840431240402,3.177890589126404,2.472621786164881,3.0023303696094183,-0.3413031198318386,1.8157744367096151,0.208614474083639,2.510893495147108
33.0,293.0,1000.539306640625,-4.38181940135786,-3.790616839961627,1.7098404312404016,3.177884518311024,2.472621786164881,3.0023315892791422,-0.3413087131295593,1.815774443315732,0.208612318812337,2.5108851246747204
33.0,293.0,1000.539306640625,-4.38181940135786,-3.7906165242289465,1.709840431240402,3.1778908661298666,2.472621786164881,3.002331536811821,-0.3413031198318386,1.815774443296912,0.2086226364788781,2.510893490323644
33.0,293.0,1000.539306640625,-4.38181940135786,-3.7906165127142857,1.709840431240402,3.177907482348377,2.472621786164881,3.0023303696094183,-0.341304087803103,1.815774443296912,0.2086222115407909,2.510893490323644
33.0,293.0,1000.539306640625,-4.38181940135786,-3.790616534453749,1.7098404312404007,3.1778868560553883,2.472621786164881,3.0023303792709988,-0.3413081378297032,1.8157744434017344,0.2086145127658039,2.5108936823847485
33.0,293.0,1000.539306640625,-4.38181940135786,-3.790616515132953,1.709840431240402,3.1779098207184475,2.472621786164881,3.00233037335995,-0.3413084208601206,1.8157744434015368,0.2086227031076304,2.510893490323644
33.0,293.0,1000.539306640625,-4.38181940135786,-3.790616852442248,1.7098404312404247,3.177873726304039,2.472621786164881,3.002331555748563,-0.3413057923781101,1.8157744435280987,0.2086139064030538,2.510893707220656
33.0,293.0,1000.539306640625,-4.38181940135786,-3.7906168566522873,1.7098404312403952,3.177886885866966,2.472621786164881,3.002331608639791,-0.3413118884222081,1.8157744433006533,0.2086126478671606,2.510893507303065
33.0,293.0,1000.539306640625,-4.38181940135786,-3.790616823755861,1.7098404312404247,3.177886503853008,2.472621786164881,3.0023315892791422,-0.3412959796300556,1.815774443315732,0.2086122688849211,2.5108851246747204
33.0,293.0,1000.539306640625,-4.38181940135786,-3.790616534453749,1.7098404312404007,3.1778847340832903,2.472621786164881,3.0023303792709988,-0.3413081378297032,1.8157744434017344,0.2086145127658039,2.5108936823847485
33.0,294.0,1000.5392456054688,-4.38181940135786,-3.7906165127142857,1.709840431240402,3.177907482348377,2.472621786164881,3.0023303696094183,-0.3413037834823032,1.815774443296912,0.2086124427940399,2.5108849730738005
33.0,294.0,1000.5392456054688,-4.38181940135786,-3.790616481841884,1.7098404312404247,3.1779080026552826,2.472621786164881,3.0023315892791422,-0.3413177663579174,1.8157744433942948,0.2086122688849211,2.510884350639745
33.0,294.0,1000.5392456054688,-4.38181940135786,-3.790616481878841,1.709840431240401,3.1779080026552826,2.472621786164881,3.002331606163245,-0.3413177663579174,1.8157744433941856,0.2086145433090985,2.510884350639745
33.0,294.0,1000.5392456054688,-4.38181940135786,-3.7906168579428745,1.709840431240402,3.177907482348377,2.472621786164881,3.0023303696094183,-0.3413037834823032,1.815774443296912,0.2086124427940399,2.5108849730738005
33.0,294.0,1000.5392456054688,-4.38181940135786,-3.790616481878841,1.709840431240401,3.1779080026552826,2.472621786164881,3.002331606163245,-0.3413177663579174,1.8157744433941856,0.2086145433090985,2.510884350639745
33.0,294.0,1000.5392456054688,-4.38181940135786,-3.7906165127142857,1.709840431240402,3.177907482348377,2.472621786164881,3.0023303696094183,-0.3413037834823032,1.815774443296912,0.2086124427940399,2.5108849730738005
33.0,294.0,1000.5392456054688,-4.38181940135786,-3.790616483358478,1.709840431240423,3.177908768753748,2.472621786164881,3.0023315892791422,-0.3413173928936523,1.8157744433942948,0.2086122688849211,2.510884350639745
33.0,294.0,1000.5392456054688,-4.38181940135786,-3.790616514103944,1.709840431240401,3.177907481852481,2.472621786164881,3.002330367563093,-0.3413175475958965,1.8157744433941856,0.2086132844611533,2.510884350639745
33.0,294.0,1000.5392456054688,-4.38181940135786,-3.790616483358478,1.709840431240423,3.177908768753748,2.472621786164881,3.0023315892791422,-0.3413173928936523,1.8157744433942948,0.2086122688849211,2.510884350639745
33.0,294.0,1000.5392456054688,-4.38181940135786,-3.7906165127142857,1.709840431240402,3.1779073716015898,2.472621786164881,3.002330369440069,-0.3413037834823032,1.8157744432921576,0.2086126909880505,2.510884813432096
33.0,294.0,1000.5392456054688,-4.38181940135786,-3.790616480267868,1.709840431240401,3.1779080026552826,2.472621786164881,3.002331607778776,-0.3413177663579174,1.8157744433941856,0.2086145433090985,2.5108836248929625
33.0,294.0,1000.5392456054688,-4.38181940135786,-3.7906168579428745,1.709840431240402,3.177907482348377,2.472621786164881,3.002330367509705,-0.3413177386122653,1.815774443296912,0.2086124126960173,2.5108849730738005
33.0,294.0,1000.5392456054688,-4.38181940135786,-3.790616481878841,1.709840431240401,3.1779080026552826,2.472621786164881,3.002331606163245,-0.3413177663579174,1.8157744433941856,0.2086145433090985,2.510884350639745
33.0,294.0,1000.5392456054688,-4.38181940135786,-3.790616513009698,1.709840431240402,3.177907482348377,2.472621786164881,3.0023304216090003,-0.3413034282140125,1.815774443291764,0.2086145463695207,2.5108849507278053
33.0,294.0,1000.5392456054688,-4.38181940135786,-3.790616514103944,1.709840431240401,3.177907481852481,2.472621786164881,3.0023303696628054,-0.3413035924659344,1.8157744433941856,0.2086133145591759,2.510884350639745
33.0,294.0,1000.5392456054688,-4.38181940135786,-3.790616480539267,1.709840431240401,3.177907986969877,2.472621786164881,3.002331606163245,-0.3413042642986487,1.8157744433941856,0.2086145433090985,2.510884350639745
33.0,294.0,1000.5392456054688,-4.38181940135786,-3.790616479972456,1.709840431240401,3.1779080026552826,2.472621786164881,3.0023315557791936,-0.341318121626208,1.8157744433993328,0.2086124397336177,2.5108836472389577
33.0,294.0,1000.5392456054688,-4.38181940135786,-3.790616481878841,1.709840431240401,3.1779079580509726,2.472621786164881,3.002331619672425,-0.3413177663579174,1.8157744433941856,0.2086145433090985,2.510884350639745
33.0,294.0,1000.5392456054688,-4.38181940135786,-3.7906165127142857,1.709840431240402,3.177908004439757,2.472621786164881,3.0023303271457054,-0.3413037834823032,1.8157744432921576,0.2086126909880505,2.510884813432096
33.0,294.0,1000.5392456054688,-4.38181940135786,-3.790616481878841,1.709840431240401,3.1779079580509726,2.472621786164881,3.002331619672425,-0.3413177663579174,1.8157744433941856,0.2086145433090985,2.510884350639745
33.0,294.0,1000.5392456054688,-4.38181940135786,-3.7906165065670896,1.709840431240401,3.1779080026552826,2.472621786164881,3.002331607778776,-0.3413177664496352,1.8157744433941856,0.2086145433090985,2.5108836248929625
33.0,294.0,1000.5392456054688,-4.38181940135786,-3.7906168579428745,1.709840431240402,3.177907482348377,2.472621786164881,3.002330369812229,-0.3413167482199611,1.815774443296912,0.2086124427940399,2.5108849730738005
33.0,294.0,1000.5392456054688,-4.38181940135786,-3.790616802905848,1.7098404312404012,3.177907481852481,2.472621786164881,3.0023304202357792,-0.3413039302813608,1.8157744433941856,0.2086133145591759,2.510884350639745
33.0,294.0,1000.5392456054688,-4.38181940135786,-3.7906165127142857,1.709840431240402,3.177907446506435,2.472621786164881,3.0023304065900853,-0.3413037834823032,1.815774443298003,0.2086124398168804,2.5108849730738005
33.0,294.0,1000.5392456054688,-4.38181940135786,-3.790616513503832,1.709840431240402,3.177907366583648,2.472621786164881,3.002330369689193,-0.3413042735993893,1.8157744432921576,0.2086126909880505,2.5108843817037303
33.0,294.0,1000.5392456054688,-4.38181940135786,-3.790616507446948,1.709840431240401,3.1779080026552826,2.472621786164881,3.00233157624934,-0.3413046930437252,1.8157744433941856,0.2086123622937794,2.5108849506145097
33.0,294.0,1000.5392456054688,-4.38181940135786,-3.790616481878841,1.709840431240401,3.1779080026552826,2.472621786164881,3.002331606163245,-0.3413177663579174,1.8157744433941856,0.2086145433090985,2.510884350639745
33.0,294.0,1000.5392456054688,-4.38181940135786,-3.7906168316436526,1.709840431240402,3.177907482348377,2.472621786164881,3.002330367509705,-0.3413177385205474,1.815774443296912,0.2086124126960173,2.5108849730738005
33.0,294.0,1000.5392456054688,-4.38181940135786,-3.790616479972456,1.709840431240401,3.177908038497225,2.472621786164881,3.002331518798527,-0.341318121626208,1.815774443398241,0.2086124427107772,2.5108836472389577
33.0,294.0,1000.5392456054688,-4.38181940135786,-3.79061647974972,1.709840431240401,3.17790799198782,2.472621786164881,3.002331605914121,-0.3413037741815626,1.8157744433941856,0.2086145433090985,2.510884782368111
33.0,294.0,1000.5392456054688,-4.38181940135786,-3.790616485535205,1.709840431240402,3.177907482348377,2.472621786164881,3.0023304011388543,-0.3413168567964953,1.815774443296912,0.208614623809359,2.5108836473522533
33.0,294.0,1000.5392456054688,-4.38181940135786,-3.790616485535205,1.709840431240402,3.177907482348377,2.472621786164881,3.0023304011388543,-0.3413168567964953,1.815774443295179,0.208614623809359,2.5108836473522533
33.0,294.0,1000.5392456054688,-4.38181940135786,-3.7906168579428745,1.709840431240402,3.177907482348377,2.472621786164881,3.002330369812229,-0.3413167482199611,1.815774443296912,0.2086124427940399,2.5108849730738005
33.0,294.0,1000.5392456054688,-4.38181940135786,-3.790616512750131,1.709840431240402,3.1779074448754785,2.472621786164881,3.0023304071181154,-0.3413037834823032,1.815774443298003,0.208613238105006,2.510884306101881
33.0,294.0,1000.5392456054688,-4.38181940135786,-3.790616802905848,1.7098404312404012,3.177907481852481,2.472621786164881,3.0023304202357792,-0.3413039287891017,1.8157744433941856,0.2086133145591759,2.510884350639745
33.0,294.0,1000.5392456054688,-4.38181940135786,-3.790616481878841,1.709840431240401,3.177907987189867,2.472621786164881,3.002331606163245,-0.3413175847121029,1.8157744433941856,0.2086145433090985,2.510884350639745
33.0,294.0,1000.5392456054688,-4.38181940135786,-3.790616850996919,1.7098404312404014,3.177907482348377,2.472621786164881,3.002330369812229,-0.3413174121207591,1.8157744432920384,0.2086124427940399,2.5108849730738005
33.0,294.0,1000.5392456054688,-4.38181940135786,-3.7906168316436526,1.709840431240402,3.177907482348377,2.472621786164881,3.002330367509705,-0.3413168262050521,1.815774443296912,0.2086124126960173,2.510885501886282
33.0,294.0,1000.5392456054688,-4.38181940135786,-3.790616481576619,1.709840431240402,3.177907446506435,2.472621786164881,3.0023304065900853,-0.3413037834823032,1.815774443298003,0.2086124398168804,2.510885005474437
33.0,294.0,1000.5392456054688,-4.38181940135786,-3.7906164799961326,1.7098404312404247,3.1779080026552826,2.472621786164881,3.0023315553105454,-0.3413177663579174,1.8157744433992848,0.2086122792269729,2.510884350639745
33.0,294.0,1000.5392456054688,-4.38181940135786,-3.790616482962946,1.709840431240402,3.177907366583648,2.472621786164881,3.002330369689193,-0.3413042735993893,1.8157744433900016,0.2086145301070717,2.51088438084708
33.0,294.0,1000.5392456054688,-4.38181940135786,-3.790616503108315,1.709840431240401,3.177907481852481,2.472621786164881,3.002330369663325,-0.3413035924659344,1.8157744433941856,0.2086133126283283,2.510884926539577
33.0,294.0,1000.5392456054688,-4.38181940135786,-3.7906165127142857,1.709840431240402,3.177907482348377,2.472621786164881,3.0023303696094183,-0.3413176289847257,1.8157744433953085,0.2086122698776966,2.5108843684370297
33.0,294.0,1000.5392456054688,-4.38181940135786,-3.790616514068098,1.709840431240401,3.177907483483437,2.472621786164881,3.002330367035063,-0.3413175475958965,1.8157744433941856,0.2086124861730277,2.5108850176116646
33.0,294.0,1000.5392456054688,-4.38181940135786,-3.79061647974972,1.709840431240401,3.17790799198782,2.472621786164881,3.002331605914121,-0.3413037756738217,1.8157744433941856,0.2086145433090985,2.510884782368111
33.0,294.0,1000.5392456054688,-4.38181940135786,-3.790616513009698,1.709840431240402,3.177907482348377,2.472621786164881,3.002330421617427,-0.3413034282140125,1.815774443291776,0.2086145463695207,2.5108844041960348
33.0,294.0,1000.5392456054688,-4.38181940135786,-3.790616480539267,1.709840431240401,3.1779080024352933,2.472621786164881,3.002331606163245,-0.3413044459444633,1.8157744433941856,0.2086145433090985,2.510884350639745
33.0,294.0,1000.5392456054688,-4.38181940135786,-3.790616490304434,1.7098404312404236,3.177908768753748,2.472621786164881,3.0023315892791422,-0.3413167289928542,1.815774443399168,0.2086122688849211,2.510884350639745
33.0,294.0,1000.539306640625,-4.38181940135786,-3.790616534448904,1.7098404312404007,3.177884611865085,2.472621786164881,3.0023303580956204,-0.3413085387195495,1.8157744434017344,0.2086145127658039,2.510893680894441
33.0,294.0,1000.539306640625,-4.38181940135786,-3.790616543042989,1.7098404312404247,3.177873726304039,2.472621786164881,3.0023315892791422,-0.3413057923781101,1.8157744435280987,0.2086124045741512,2.5108936897204583
33.0,295.0,1000.5392456054688,-4.38181940135786,-3.7906165127142857,1.709840431240402,3.177907482348377,2.472621786164881,3.0023303696094183,-0.3413037834823032,1.815774443296912,0.2086124427940399,2.5108849730738005
33.0,295.0,1000.5392456054688,-4.38181940135786,-3.790616481841884,1.7098404312404247,3.1779080026552826,2.472621786164881,3.0023315892791422,-0.3413177663579174,1.8157744433942948,0.2086122688849211,2.510884350639745
33.0,295.0,1000.5392456054688,-4.38181940135786,-3.790616481878841,1.709840431240401,3.1779080026552826,2.472621786164881,3.002331606163245,-0.3413177663579174,1.8157744433941856,0.2086145433090985,2.510884350639745
33.0,295.0,1000.5392456054688,-4.38181940135786,-3.7906168579428745,1.709840431240402,3.177907482348377,2.472621786164881,3.0023303696094183,-0.3413037834823032,1.815774443296912,0.2086124427940399,2.5108849730738005
33.0,295.0,1000.5392456054688,-4.38181940135786,-3.790616481878841,1.709840431240401,3.1779080026552826,2.472621786164881,3.002331606163245,-0.3413177663579174,1.8157744433941856,0.2086145433090985,2.510884350639745
33.0,295.0,1000.5392456054688,-4.38181940135786,-3.7906165127142857,1.709840431240402,3.177907482348377,2.472621786164881,3.0023303696094183,-0.3413037834823032,1.815774443296912,0.2086124427940399,2.5108849730738005
33.0,295.0,1000.5392456054688,-4.38181940135786,-3.790616483358478,1.709840431240423,3.177908768753748,2.472621786164881,3.0023315892791422,-0.3413173928936523,1.8157744433942948,0.2086122688849211,2.510884350639745
33.0,295.0,1000.5392456054688,-4.38181940135786,-3.790616514103944,1.709840431240401,3.177907481852481,2.472621786164881,3.002330367563093,-0.3413175475958965,1.8157744433941856,0.2086132844611533,2.510884350639745
33.0,295.0,1000.5392456054688,-4.38181940135786,-3.790616483358478,1.709840431240423,3.177908768753748,2.472621786164881,3.0023315892791422,-0.3413173928936523,1.8157744433942948,0.2086122688849211,2.510884350639745
33.0,295.0,1000.5392456054688,-4.38181940135786,-3.7906165127142857,1.709840431240402,3.1779073716015898,2.472621786164881,3.002330369440069,-0.3413037834823032,1.8157744432921576,0.2086126909880505,2.510884813432096
33.0,295.0,1000.5392456054688,-4.38181940135786,-3.790616480267868,1.709840431240401,3.1779080026552826,2.472621786164881,3.002331607778776,-0.3413177663579174,1.8157744433941856,0.2086145433090985,2.5108836248929625
33.0,295.0,1000.5392456054688,-4.38181940135786,-3.7906168579428745,1.709840431240402,3.177907482348377,2.472621786164881,3.002330367509705,-0.3413177386122653,1.815774443296912,0.2086124126960173,2.5108849730738005
33.0,295.0,1000.5392456054688,-4.38181940135786,-3.790616481878841,1.709840431240401,3.1779080026552826,2.472621786164881,3.002331606163245,-0.3413177663579174,1.8157744433941856,0.2086145433090985,2.510884350639745
33.0,295.0,1000.5392456054688,-4.38181940135786,-3.790616513009698,1.709840431240402,3.177907482348377,2.472621786164881,3.0023304216090003,-0.3413034282140125,1.815774443291764,0.2086145463695207,2.5108849507278053
33.0,295.0,1000.5392456054688,-4.38181940135786,-3.790616514103944,1.709840431240401,3.177907481852481,2.472621786164881,3.0023303696628054,-0.3413035924659344,1.8157744433941856,0.2086133145591759,2.510884350639745
33.0,295.0,1000.5392456054688,-4.38181940135786,-3.790616480539267,1.709840431240401,3.177907986969877,2.472621786164881,3.002331606163245,-0.3413042642986487,1.8157744433941856,0.2086145433090985,2.510884350639745
33.0,295.0,1000.5392456054688,-4.38181940135786,-3.790616479972456,1.709840431240401,3.1779080026552826,2.472621786164881,3.0023315557791936,-0.341318121626208,1.8157744433993328,0.2086124397336177,2.5108836472389577
33.0,295.0,1000.5392456054688,-4.38181940135786,-3.790616481878841,1.709840431240401,3.1779079580509726,2.472621786164881,3.002331619672425,-0.3413177663579174,1.8157744433941856,0.2086145433090985,2.510884350639745
33.0,295.0,1000.5392456054688,-4.38181940135786,-3.7906165127142857,1.709840431240402,3.177908004439757,2.472621786164881,3.0023303271457054,-0.3413037834823032,1.8157744432921576,0.2086126909880505,2.510884813432096
33.0,295.0,1000.5392456054688,-4.38181940135786,-3.790616481878841,1.709840431240401,3.1779079580509726,2.472621786164881,3.002331619672425,-0.3413177663579174,1.8157744433941856,0.2086145433090985,2.510884350639745
33.0,295.0,1000.5392456054688,-4.38181940135786,-3.7906165065670896,1.709840431240401,3.1779080026552826,2.472621786164881,3.002331607778776,-0.3413177664496352,1.8157744433941856,0.2086145433090985,2.5108836248929625
33.0,295.0,1000.5392456054688,-4.38181940135786,-3.7906168579428745,1.709840431240402,3.177907482348377,2.472621786164881,3.002330369812229,-0.3413167482199611,1.815774443296912,0.2086124427940399,2.5108849730738005
33.0,295.0,1000.5392456054688,-4.38181940135786,-3.790616802905848,1.7098404312404012,3.177907481852481,2.472621786164881,3.0023304202357792,-0.3413039302813608,1.8157744433941856,0.2086133145591759,2.510884350639745
33.0,295.0,1000.5392456054688,-4.38181940135786,-3.7906165127142857,1.709840431240402,3.177907446506435,2.472621786164881,3.0023304065900853,-0.3413037834823032,1.815774443298003,0.2086124398168804,2.5108849730738005
33.0,295.0,1000.5392456054688,-4.38181940135786,-3.790616513503832,1.709840431240402,3.177907366583648,2.472621786164881,3.002330369689193,-0.3413042735993893,1.8157744432921576,0.2086126909880505,2.5108843817037303
33.0,295.0,1000.5392456054688,-4.38181940135786,-3.790616507446948,1.709840431240401,3.1779080026552826,2.472621786164881,3.00233157624934,-0.3413046930437252,1.8157744433941856,0.2086123622937794,2.5108849506145097
33.0,295.0,1000.5392456054688,-4.38181940135786,-3.790616481878841,1.709840431240401,3.1779080026552826,2.472621786164881,3.002331606163245,-0.3413177663579174,1.8157744433941856,0.2086145433090985,2.510884350639745
33.0,295.0,1000.5392456054688,-4.38181940135786,-3.7906168316436526,1.709840431240402,3.177907482348377,2.472621786164881,3.002330367509705,-0.3413177385205474,1.815774443296912,0.2086124126960173,2.5108849730738005
33.0,295.0,1000.5392456054688,-4.38181940135786,-3.790616479972456,1.709840431240401,3.177908038497225,2.472621786164881,3.002331518798527,-0.341318121626208,1.815774443398241,0.2086124427107772,2.5108836472389577
33.0,295.0,1000.5392456054688,-4.38181940135786,-3.79061647974972,1.709840431240401,3.17790799198782,2.472621786164881,3.002331605914121,-0.3413037741815626,1.8157744433941856,0.2086145433090985,2.510884782368111
33.0,295.0,1000.5392456054688,-4.38181940135786,-3.790616485535205,1.709840431240402,3.177907482348377,2.472621786164881,3.0023304011388543,-0.3413168567964953,1.815774443296912,0.208614623809359,2.5108836473522533
33.0,295.0,1000.5392456054688,-4.38181940135786,-3.790616485535205,1.709840431240402,3.177907482348377,2.472621786164881,3.0023304011388543,-0.3413168567964953,1.815774443295179,0.208614623809359,2.5108836473522533
33.0,295.0,1000.5392456054688,-4.38181940135786,-3.7906168579428745,1.709840431240402,3.177907482348377,2.472621786164881,3.002330369812229,-0.3413167482199611,1.815774443296912,0.2086124427940399,2.5108849730738005
33.0,295.0,1000.5392456054688,-4.38181940135786,-3.790616512750131,1.709840431240402,3.1779074448754785,2.472621786164881,3.0023304071181154,-0.3413037834823032,1.815774443298003,0.208613238105006,2.510884306101881
33.0,295.0,1000.5392456054688,-4.38181940135786,-3.790616802905848,1.7098404312404012,3.177907481852481,2.472621786164881,3.0023304202357792,-0.3413039287891017,1.8157744433941856,0.2086133145591759,2.510884350639745
33.0,295.0,1000.5392456054688,-4.38181940135786,-3.790616481878841,1.709840431240401,3.177907987189867,2.472621786164881,3.002331606163245,-0.3413175847121029,1.8157744433941856,0.2086145433090985,2.510884350639745
33.0,295.0,1000.5392456054688,-4.38181940135786,-3.790616850996919,1.7098404312404014,3.177907482348377,2.472621786164881,3.002330369812229,-0.3413174121207591,1.8157744432920384,0.2086124427940399,2.5108849730738005
33.0,295.0,1000.5392456054688,-4.38181940135786,-3.7906168316436526,1.709840431240402,3.177907482348377,2.472621786164881,3.002330367509705,-0.3413168262050521,1.815774443296912,0.2086124126960173,2.510885501886282
33.0,295.0,1000.5392456054688,-4.38181940135786,-3.790616481576619,1.709840431240402,3.177907446506435,2.472621786164881,3.0023304065900853,-0.3413037834823032,1.815774443298003,0.2086124398168804,2.510885005474437
33.0,295.0,1000.5392456054688,-4.38181940135786,-3.7906164799961326,1.7098404312404247,3.1779080026552826,2.472621786164881,3.0023315553105454,-0.3413177663579174,1.8157744433992848,0.2086122792269729,2.510884350639745
33.0,295.0,1000.5392456054688,-4.38181940135786,-3.790616482962946,1.709840431240402,3.177907366583648,2.472621786164881,3.002330369689193,-0.3413042735993893,1.8157744433900016,0.2086145301070717,2.51088438084708
33.0,295.0,1000.5392456054688,-4.38181940135786,-3.790616503108315,1.709840431240401,3.177907481852481,2.472621786164881,3.002330369663325,-0.3413035924659344,1.8157744433941856,0.2086133126283283,2.510884926539577
33.0,295.0,1000.5392456054688,-4.38181940135786,-3.7906165127142857,1.709840431240402,3.177907482348377,2.472621786164881,3.0023303696094183,-0.3413176289847257,1.8157744433953085,0.2086122698776966,2.5108843684370297
33.0,295.0,1000.5392456054688,-4.38181940135786,-3.790616514068098,1.709840431240401,3.177907483483437,2.472621786164881,3.002330367035063,-0.3413175475958965,1.8157744433941856,0.2086124861730277,2.5108850176116646
33.0,295.0,1000.5392456054688,-4.38181940135786,-3.79061647974972,1.709840431240401,3.17790799198782,2.472621786164881,3.002331605914121,-0.3413037756738217,1.8157744433941856,0.2086145433090985,2.510884782368111
33.0,295.0,1000.5392456054688,-4.38181940135786,-3.790616513009698,1.709840431240402,3.177907482348377,2.472621786164881,3.002330421617427,-0.3413034282140125,1.815774443291776,0.2086145463695207,2.5108844041960348
33.0,295.0,1000.5392456054688,-4.38181940135786,-3.790616480539267,1.709840431240401,3.1779080024352933,2.472621786164881,3.002331606163245,-0.3413044459444633,1.8157744433941856,0.2086145433090985,2.510884350639745
33.0,295.0,1000.5392456054688,-4.38181940135786,-3.790616490304434,1.7098404312404236,3.177908768753748,2.472621786164881,3.0023315892791422,-0.3413167289928542,1.815774443399168,0.2086122688849211,2.510884350639745
33.0,295.0,1000.5392456054688,-4.38181940135786,-3.790616483358478,1.709840431240423,3.177908768753748,2.472621786164881,3.0023315892791422,-0.3413173928936523,1.8157744433942948,0.2086122688849211,2.510884350639745
33.0,295.0,1000.5392456054688,-4.38181940135786,-3.790616481536347,1.709840431240402,3.177907446506435,2.472621786164881,3.0023304065900853,-0.3413037834823032,1.815774443302156,0.2086145689864673,2.510884979184431
33.0,296.0,1000.5392456054688,-4.38181940135786,-3.7906165127142857,1.709840431240402,3.177907482348377,2.472621786164881,3.0023303696094183,-0.3413037834823032,1.815774443296912,0.2086124427940399,2.5108849730738005
33.0,296.0,1000.5392456054688,-4.38181940135786,-3.790616481841884,1.7098404312404247,3.1779080026552826,2.472621786164881,3.0023315892791422,-0.3413177663579174,1.8157744433942948,0.2086122688849211,2.510884350639745
33.0,296.0,1000.5392456054688,-4.38181940135786,-3.790616481878841,1.709840431240401,3.1779080026552826,2.472621786164881,3.002331606163245,-0.3413177663579174,1.8157744433941856,0.2086145433090985,2.510884350639745
33.0,296.0,1000.5392456054688,-4.38181940135786,-3.7906168579428745,1.709840431240402,3.177907482348377,2.472621786164881,3.0023303696094183,-0.3413037834823032,1.815774443296912,0.2086124427940399,2.5108849730738005
33.0,296.0,1000.5392456054688,-4.38181940135786,-3.790616481878841,1.709840431240401,3.1779080026552826,2.472621786164881,3.002331606163245,-0.3413177663579174,1.8157744433941856,0.2086145433090985,2.510884350639745
33.0,296.0,1000.5392456054688,-4.38181940135786,-3.7906165127142857,1.709840431240402,3.177907482348377,2.472621786164881,3.0023303696094183,-0.3413037834823032,1.815774443296912,0.2086124427940399,2.5108849730738005
33.0,296.0,1000.5392456054688,-4.38181940135786,-3.790616483358478,1.709840431240423,3.177908768753748,2.472621786164881,3.0023315892791422,-0.3413173928936523,1.8157744433942948,0.2086122688849211,2.510884350639745
33.0,296.0,1000.5392456054688,-4.38181940135786,-3.790616514103944,1.709840431240401,3.177907481852481,2.472621786164881,3.002330367563093,-0.3413175475958965,1.8157744433941856,0.2086132844611533,2.510884350639745
33.0,296.0,1000.5392456054688,-4.38181940135786,-3.790616483358478,1.709840431240423,3.177908768753748,2.472621786164881,3.0023315892791422,-0.3413173928936523,1.8157744433942948,0.2086122688849211,2.510884350639745
33.0,296.0,1000.5392456054688,-4.38181940135786,-3.7906165127142857,1.709840431240402,3.1779073716015898,2.472621786164881,3.002330369440069,-0.3413037834823032,1.8157744432921576,0.2086126909880505,2.510884813432096
33.0,296.0,1000.5392456054688,-4.38181940135786,-3.790616480267868,1.709840431240401,3.1779080026552826,2.472621786164881,3.002331607778776,-0.3413177663579174,1.8157744433941856,0.2086145433090985,2.5108836248929625
33.0,296.0,1000.5392456054688,-4.38181940135786,-3.7906168579428745,1.709840431240402,3.177907482348377,2.472621786164881,3.002330367509705,-0.3413177386122653,1.815774443296912,0.2086124126960173,2.5108849730738005
33.0,296.0,1000.5392456054688,-4.38181940135786,-3.790616481878841,1.709840431240401,3.1779080026552826,2.472621786164881,3.002331606163245,-0.3413177663579174,1.8157744433941856,0.2086145433090985,2.510884350639745
33.0,296.0,1000.5392456054688,-4.38181940135786,-3.790616513009698,1.709840431240402,3.177907482348377,2.472621786164881,3.0023304216090003,-0.3413034282140125,1.815774443291764,0.2086145463695207,2.5108849507278053
33.0,296.0,1000.5392456054688,-4.38181940135786,-3.790616514103944,1.709840431240401,3.177907481852481,2.472621786164881,3.0023303696628054,-0.3413035924659344,1.8157744433941856,0.2086133145591759,2.510884350639745
33.0,296.0,1000.5392456054688,-4.38181940135786,-3.790616480539267,1.709840431240401,3.177907986969877,2.472621786164881,3.002331606163245,-0.3413042642986487,1.8157744433941856,0.2086145433090985,2.510884350639745
33.0,296.0,1000.5392456054688,-4.38181940135786,-3.790616479972456,1.709840431240401,3.1779080026552826,2.472621786164881,3.0023315557791936,-0.341318121626208,1.8157744433993328,0.2086124397336177,2.5108836472389577
33.0,296.0,1000.5392456054688,-4.38181940135786,-3.790616481878841,1.709840431240401,3.1779079580509726,2.472621786164881,3.002331619672425,-0.3413177663579174,1.8157744433941856,0.2086145433090985,2.510884350639745
33.0,296.0,1000.5392456054688,-4.38181940135786,-3.7906165127142857,1.709840431240402,3.177908004439757,2.472621786164881,3.0023303271457054,-0.3413037834823032,1.8157744432921576,0.2086126909880505,2.510884813432096
33.0,296.0,1000.5392456054688,-4.38181940135786,-3.790616481878841,1.709840431240401,3.1779079580509726,2.472621786164881,3.002331619672425,-0.3413177663579174,1.8157744433941856,0.2086145433090985,2.510884350639745
33.0,296.0,1000.5392456054688,-4.38181940135786,-3.7906165065670896,1.709840431240401,3.1779080026552826,2.472621786164881,3.002331607778776,-0.3413177664496352,1.8157744433941856,0.2086145433090985,2.5108836248929625
33.0,296.0,1000.5392456054688,-4.38181940135786,-3.7906168579428745,1.709840431240402,3.177907482348377,2.472621786164881,3.002330369812229,-0.3413167482199611,1.815774443296912,0.2086124427940399,2.5108849730738005
33.0,296.0,1000.5392456054688,-4.38181940135786,-3.790616802905848,1.7098404312404012,3.177907481852481,2.472621786164881,3.0023304202357792,-0.3413039302813608,1.8157744433941856,0.2086133145591759,2.510884350639745
33.0,296.0,1000.5392456054688,-4.38181940135786,-3.7906165127142857,1.709840431240402,3.177907446506435,2.472621786164881,3.0023304065900853,-0.3413037834823032,1.815774443298003,0.2086124398168804,2.5108849730738005
33.0,296.0,1000.5392456054688,-4.38181940135786,-3.790616513503832,1.709840431240402,3.177907366583648,2.472621786164881,3.002330369689193,-0.3413042735993893,1.8157744432921576,0.2086126909880505,2.5108843817037303
33.0,296.0,1000.5392456054688,-4.38181940135786,-3.790616507446948,1.709840431240401,3.1779080026552826,2.472621786164881,3.00233157624934,-0.3413046930437252,1.8157744433941856,0.2086123622937794,2.5108849506145097
33.0,296.0,1000.5392456054688,-4.38181940135786,-3.790616481878841,1.709840431240401,3.1779080026552826,2.472621786164881,3.002331606163245,-0.3413177663579174,1.8157744433941856,0.2086145433090985,2.510884350639745
33.0,296.0,1000.5392456054688,-4.38181940135786,-3.7906168316436526,1.709840431240402,3.177907482348377,2.472621786164881,3.002330367509705,-0.3413177385205474,1.815774443296912,0.2086124126960173,2.5108849730738005
33.0,296.0,1000.5392456054688,-4.38181940135786,-3.790616479972456,1.709840431240401,3.177908038497225,2.472621786164881,3.002331518798527,-0.341318121626208,1.815774443398241,0.2086124427107772,2.5108836472389577
33.0,296.0,1000.5392456054688,-4.38181940135786,-3.79061647974972,1.709840431240401,3.17790799198782,2.472621786164881,3.002331605914121,-0.3413037741815626,1.8157744433941856,0.2086145433090985,2.510884782368111
33.0,296.0,1000.5392456054688,-4.38181940135786,-3.790616485535205,1.709840431240402,3.177907482348377,2.472621786164881,3.0023304011388543,-0.3413168567964953,1.815774443296912,0.208614623809359,2.5108836473522533
33.0,296.0,1000.5392456054688,-4.38181940135786,-3.790616485535205,1.709840431240402,3.177907482348377,2.472621786164881,3.0023304011388543,-0.3413168567964953,1.815774443295179,0.208614623809359,2.5108836473522533
33.0,296.0,1000.5392456054688,-4.38181940135786,-3.7906168579428745,1.709840431240402,3.177907482348377,2.472621786164881,3.002330369812229,-0.3413167482199611,1.815774443296912,0.2086124427940399,2.5108849730738005
33.0,296.0,1000.5392456054688,-4.38181940135786,-3.790616512750131,1.709840431240402,3.1779074448754785,2.472621786164881,3.0023304071181154,-0.3413037834823032,1.815774443298003,0.208613238105006,2.510884306101881
33.0,296.0,1000.5392456054688,-4.38181940135786,-3.790616802905848,1.7098404312404012,3.177907481852481,2.472621786164881,3.0023304202357792,-0.3413039287891017,1.8157744433941856,0.2086133145591759,2.510884350639745
33.0,296.0,1000.5392456054688,-4.38181940135786,-3.790616481878841,1.709840431240401,3.177907987189867,2.472621786164881,3.002331606163245,-0.3413175847121029,1.8157744433941856,0.2086145433090985,2.510884350639745
33.0,296.0,1000.5392456054688,-4.38181940135786,-3.790616850996919,1.7098404312404014,3.177907482348377,2.472621786164881,3.002330369812229,-0.3413174121207591,1.8157744432920384,0.2086124427940399,2.5108849730738005
33.0,296.0,1000.5392456054688,-4.38181940135786,-3.7906168316436526,1.709840431240402,3.177907482348377,2.472621786164881,3.002330367509705,-0.3413168262050521,1.815774443296912,0.2086124126960173,2.510885501886282
33.0,296.0,1000.5392456054688,-4.38181940135786,-3.790616481576619,1.709840431240402,3.177907446506435,2.472621786164881,3.0023304065900853,-0.3413037834823032,1.815774443298003,0.2086124398168804,2.510885005474437
33.0,296.0,1000.5392456054688,-4.38181940135786,-3.7906164799961326,1.7098404312404247,3.1779080026552826,2.472621786164881,3.0023315553105454,-0.3413177663579174,1.8157744433992848,0.2086122792269729,2.510884350639745
33.0,296.0,1000.5392456054688,-4.38181940135786,-3.790616482962946,1.709840431240402,3.177907366583648,2.472621786164881,3.002330369689193,-0.3413042735993893,1.8157744433900016,0.2086145301070717,2.51088438084708
33.0,296.0,1000.5392456054688,-4.38181940135786,-3.790616503108315,1.709840431240401,3.177907481852481,2.472621786164881,3.002330369663325,-0.3413035924659344,1.8157744433941856,0.2086133126283283,2.510884926539577
33.0,296.0,1000.5392456054688,-4.38181940135786,-3.7906165127142857,1.709840431240402,3.177907482348377,2.472621786164881,3.0023303696094183,-0.3413176289847257,1.8157744433953085,0.2086122698776966,2.5108843684370297
33.0,296.0,1000.5392456054688,-4.38181940135786,-3.790616514068098,1.709840431240401,3.177907483483437,2.472621786164881,3.002330367035063,-0.3413175475958965,1.8157744433941856,0.2086124861730277,2.5108850176116646
33.0,296.0,1000.5392456054688,-4.38181940135786,-3.79061647974972,1.709840431240401,3.17790799198782,2.472621786164881,3.002331605914121,-0.3413037756738217,1.8157744433941856,0.2086145433090985,2.510884782368111
33.0,296.0,1000.5392456054688,-4.38181940135786,-3.790616513009698,1.709840431240402,3.177907482348377,2.472621786164881,3.002330421617427,-0.3413034282140125,1.815774443291776,0.2086145463695207,2.5108844041960348
33.0,296.0,1000.5392456054688,-4.38181940135786,-3.790616480539267,1.709840431240401,3.1779080024352933,2.472621786164881,3.002331606163245,-0.3413044459444633,1.8157744433941856,0.2086145433090985,2.510884350639745
33.0,296.0,1000.5392456054688,-4.38181940135786,-3.790616490304434,1.7098404312404236,3.177908768753748,2.472621786164881,3.0023315892791422,-0.3413167289928542,1.815774443399168,0.2086122688849211,2.510884350639745
33.0,296.0,1000.5392456054688,-4.38181940135786,-3.790616483358478,1.709840431240423,3.177908768753748,2.472621786164881,3.0023315892791422,-0.3413173928936523,1.8157744433942948,0.2086122688849211,2.510884350639745
33.0,296.0,1000.5392456054688,-4.38181940135786,-3.790616481536347,1.709840431240402,3.177907446506435,2.472621786164881,3.0023304065900853,-0.3413037834823032,1.815774443302156,0.2086145689864673,2.510884979184431
33.0,297.0,1000.5392456054688,-4.38181940135786,-3.7906165127142857,1.709840431240402,3.177907482348377,2.472621786164881,3.0023303696094183,-0.3413037834823032,1.815774443296912,0.2086124427940399,2.5108849730738005
33.0,297.0,1000.5392456054688,-4.38181940135786,-3.790616481841884,1.7098404312404247,3.1779080026552826,2.472621786164881,3.0023315892791422,-0.3413177663579174,1.8157744433942948,0.2086122688849211,2.510884350639745
33.0,297.0,1000.5392456054688,-4.38181940135786,-3.790616481878841,1.709840431240401,3.1779080026552826,2.472621786164881,3.002331606163245,-0.3413177663579174,1.8157744433941856,0.2086145433090985,2.510884350639745
33.0,297.0,1000.5392456054688,-4.38181940135786,-3.7906168579428745,1.709840431240402,3.177907482348377,2.472621786164881,3.0023303696094183,-0.3413037834823032,1.815774443296912,0.2086124427940399,2.5108849730738005
33.0,297.0,1000.5392456054688,-4.38181940135786,-3.790616481878841,1.709840431240401,3.1779080026552826,2.472621786164881,3.002331606163245,-0.3413177663579174,1.8157744433941856,0.2086145433090985,2.510884350639745
33.0,297.0,1000.5392456054688,-4.38181940135786,-3.7906165127142857,1.709840431240402,3.177907482348377,2.472621786164881,3.0023303696094183,-0.3413037834823032,1.815774443296912,0.2086124427940399,2.5108849730738005
33.0,297.0,1000.5392456054688,-4.38181940135786,-3.790616483358478,1.709840431240423,3.177908768753748,2.472621786164881,3.0023315892791422,-0.3413173928936523,1.8157744433942948,0.2086122688849211,2.510884350639745
33.0,297.0,1000.5392456054688,-4.38181940135786,-3.790616514103944,1.709840431240401,3.177907481852481,2.472621786164881,3.002330367563093,-0.3413175475958965,1.8157744433941856,0.2086132844611533,2.510884350639745
33.0,297.0,1000.5392456054688,-4.38181940135786,-3.790616483358478,1.709840431240423,3.177908768753748,2.472621786164881,3.0023315892791422,-0.3413173928936523,1.8157744433942948,0.2086122688849211,2.510884350639745
33.0,297.0,1000.5392456054688,-4.38181940135786,-3.7906165127142857,1.709840431240402,3.1779073716015898,2.472621786164881,3.002330369440069,-0.3413037834823032,1.8157744432921576,0.2086126909880505,2.510884813432096
33.0,297.0,1000.5392456054688,-4.38181940135786,-3.790616480267868,1.709840431240401,3.1779080026552826,2.472621786164881,3.002331607778776,-0.3413177663579174,1.8157744433941856,0.2086145433090985,2.5108836248929625
33.0,297.0,1000.5392456054688,-4.38181940135786,-3.7906168579428745,1.709840431240402,3.177907482348377,2.472621786164881,3.002330367509705,-0.3413177386122653,1.815774443296912,0.2086124126960173,2.5108849730738005
33.0,297.0,1000.5392456054688,-4.38181940135786,-3.790616481878841,1.709840431240401,3.1779080026552826,2.472621786164881,3.002331606163245,-0.3413177663579174,1.8157744433941856,0.2086145433090985,2.510884350639745
33.0,297.0,1000.5392456054688,-4.38181940135786,-3.790616513009698,1.709840431240402,3.177907482348377,2.472621786164881,3.0023304216090003,-0.3413034282140125,1.815774443291764,0.2086145463695207,2.5108849507278053
33.0,297.0,1000.5392456054688,-4.38181940135786,-3.790616514103944,1.709840431240401,3.177907481852481,2.472621786164881,3.0023303696628054,-0.3413035924659344,1.8157744433941856,0.2086133145591759,2.510884350639745
33.0,297.0,1000.5392456054688,-4.38181940135786,-3.790616480539267,1.709840431240401,3.177907986969877,2.472621786164881,3.002331606163245,-0.3413042642986487,1.8157744433941856,0.2086145433090985,2.510884350639745
33.0,297.0,1000.5392456054688,-4.38181940135786,-3.790616479972456,1.709840431240401,3.1779080026552826,2.472621786164881,3.0023315557791936,-0.341318121626208,1.8157744433993328,0.2086124397336177,2.5108836472389577
33.0,297.0,1000.5392456054688,-4.38181940135786,-3.790616481878841,1.709840431240401,3.1779079580509726,2.472621786164881,3.002331619672425,-0.3413177663579174,1.8157744433941856,0.2086145433090985,2.510884350639745
33.0,297.0,1000.5392456054688,-4.38181940135786,-3.7906165127142857,1.709840431240402,3.177908004439757,2.472621786164881,3.0023303271457054,-0.3413037834823032,1.8157744432921576,0.2086126909880505,2.510884813432096
33.0,297.0,1000.5392456054688,-4.38181940135786,-3.790616481878841,1.709840431240401,3.1779079580509726,2.472621786164881,3.002331619672425,-0.3413177663579174,1.8157744433941856,0.2086145433090985,2.510884350639745
33.0,297.0,1000.5392456054688,-4.38181940135786,-3.7906165065670896,1.709840431240401,3.1779080026552826,2.472621786164881,3.002331607778776,-0.3413177664496352,1.8157744433941856,0.2086145433090985,2.5108836248929625
33.0,297.0,1000.5392456054688,-4.38181940135786,-3.7906168579428745,1.709840431240402,3.177907482348377,2.472621786164881,3.002330369812229,-0.3413167482199611,1.815774443296912,0.2086124427940399,2.5108849730738005
33.0,297.0,1000.5392456054688,-4.38181940135786,-3.790616802905848,1.7098404312404012,3.177907481852481,2.472621786164881,3.0023304202357792,-0.3413039302813608,1.8157744433941856,0.2086133145591759,2.510884350639745
33.0,297.0,1000.5392456054688,-4.38181940135786,-3.7906165127142857,1.709840431240402,3.177907446506435,2.472621786164881,3.0023304065900853,-0.3413037834823032,1.815774443298003,0.2086124398168804,2.5108849730738005
33.0,297.0,1000.5392456054688,-4.38181940135786,-3.790616513503832,1.709840431240402,3.177907366583648,2.472621786164881,3.002330369689193,-0.3413042735993893,1.8157744432921576,0.2086126909880505,2.5108843817037303
33.0,297.0,1000.5392456054688,-4.38181940135786,-3.790616507446948,1.709840431240401,3.1779080026552826,2.472621786164881,3.00233157624934,-0.3413046930437252,1.8157744433941856,0.2086123622937794,2.5108849506145097
33.0,297.0,1000.5392456054688,-4.38181940135786,-3.790616481878841,1.709840431240401,3.1779080026552826,2.472621786164881,3.002331606163245,-0.3413177663579174,1.8157744433941856,0.2086145433090985,2.510884350639745
33.0,297.0,1000.5392456054688,-4.38181940135786,-3.7906168316436526,1.709840431240402,3.177907482348377,2.472621786164881,3.002330367509705,-0.3413177385205474,1.815774443296912,0.2086124126960173,2.5108849730738005
33.0,297.0,1000.5392456054688,-4.38181940135786,-3.790616479972456,1.709840431240401,3.177908038497225,2.472621786164881,3.002331518798527,-0.341318121626208,1.815774443398241,0.2086124427107772,2.5108836472389577
33.0,297.0,1000.5392456054688,-4.38181940135786,-3.79061647974972,1.709840431240401,3.17790799198782,2.472621786164881,3.002331605914121,-0.3413037741815626,1.8157744433941856,0.2086145433090985,2.510884782368111
33.0,297.0,1000.5392456054688,-4.38181940135786,-3.790616485535205,1.709840431240402,3.177907482348377,2.472621786164881,3.0023304011388543,-0.3413168567964953,1.815774443296912,0.208614623809359,2.5108836473522533
33.0,297.0,1000.5392456054688,-4.38181940135786,-3.790616485535205,1.709840431240402,3.177907482348377,2.472621786164881,3.0023304011388543,-0.3413168567964953,1.815774443295179,0.208614623809359,2.5108836473522533
33.0,297.0,1000.5392456054688,-4.38181940135786,-3.7906168579428745,1.709840431240402,3.177907482348377,2.472621786164881,3.002330369812229,-0.3413167482199611,1.815774443296912,0.2086124427940399,2.5108849730738005
33.0,297.0,1000.5392456054688,-4.38181940135786,-3.790616512750131,1.709840431240402,3.1779074448754785,2.472621786164881,3.0023304071181154,-0.3413037834823032,1.815774443298003,0.208613238105006,2.510884306101881
33.0,297.0,1000.5392456054688,-4.38181940135786,-3.790616802905848,1.7098404312404012,3.177907481852481,2.472621786164881,3.0023304202357792,-0.3413039287891017,1.8157744433941856,0.2086133145591759,2.510884350639745
33.0,297.0,1000.5392456054688,-4.38181940135786,-3.790616481878841,1.709840431240401,3.177907987189867,2.472621786164881,3.002331606163245,-0.3413175847121029,1.8157744433941856,0.2086145433090985,2.510884350639745
33.0,297.0,1000.5392456054688,-4.38181940135786,-3.790616850996919,1.7098404312404014,3.177907482348377,2.472621786164881,3.002330369812229,-0.3413174121207591,1.8157744432920384,0.2086124427940399,2.5108849730738005
33.0,297.0,1000.5392456054688,-4.38181940135786,-3.7906168316436526,1.709840431240402,3.177907482348377,2.472621786164881,3.002330367509705,-0.3413168262050521,1.815774443296912,0.2086124126960173,2.510885501886282
33.0,297.0,1000.5392456054688,-4.38181940135786,-3.790616481576619,1.709840431240402,3.177907446506435,2.472621786164881,3.0023304065900853,-0.3413037834823032,1.815774443298003,0.2086124398168804,2.510885005474437
33.0,297.0,1000.5392456054688,-4.38181940135786,-3.7906164799961326,1.7098404312404247,3.1779080026552826,2.472621786164881,3.0023315553105454,-0.3413177663579174,1.8157744433992848,0.2086122792269729,2.510884350639745
33.0,297.0,1000.5392456054688,-4.38181940135786,-3.790616482962946,1.709840431240402,3.177907366583648,2.472621786164881,3.002330369689193,-0.3413042735993893,1.8157744433900016,0.2086145301070717,2.51088438084708
33.0,297.0,1000.5392456054688,-4.38181940135786,-3.790616503108315,1.709840431240401,3.177907481852481,2.472621786164881,3.002330369663325,-0.3413035924659344,1.8157744433941856,0.2086133126283283,2.510884926539577
33.0,297.0,1000.5392456054688,-4.38181940135786,-3.7906165127142857,1.709840431240402,3.177907482348377,2.472621786164881,3.0023303696094183,-0.3413176289847257,1.8157744433953085,0.2086122698776966,2.5108843684370297
33.0,297.0,1000.5392456054688,-4.38181940135786,-3.790616514068098,1.709840431240401,3.177907483483437,2.472621786164881,3.002330367035063,-0.3413175475958965,1.8157744433941856,0.2086124861730277,2.5108850176116646
33.0,297.0,1000.5392456054688,-4.38181940135786,-3.79061647974972,1.709840431240401,3.17790799198782,2.472621786164881,3.002331605914121,-0.3413037756738217,1.8157744433941856,0.2086145433090985,2.510884782368111
33.0,297.0,1000.5392456054688,-4.38181940135786,-3.790616513009698,1.709840431240402,3.177907482348377,2.472621786164881,3.002330421617427,-0.3413034282140125,1.815774443291776,0.2086145463695207,2.5108844041960348
33.0,297.0,1000.5392456054688,-4.38181940135786,-3.790616480539267,1.709840431240401,3.1779080024352933,2.472621786164881,3.002331606163245,-0.3413044459444633,1.8157744433941856,0.2086145433090985,2.510884350639745
33.0,297.0,1000.5392456054688,-4.38181940135786,-3.790616490304434,1.7098404312404236,3.177908768753748,2.472621786164881,3.0023315892791422,-0.3413167289928542,1.815774443399168,0.2086122688849211,2.510884350639745
33.0,297.0,1000.5392456054688,-4.38181940135786,-3.790616483358478,1.709840431240423,3.177908768753748,2.472621786164881,3.0023315892791422,-0.3413173928936523,1.8157744433942948,0.2086122688849211,2.510884350639745
33.0,297.0,1000.5392456054688,-4.38181940135786,-3.790616481536347,1.709840431240402,3.177907446506435,2.472621786164881,3.0023304065900853,-0.3413037834823032,1.815774443302156,0.2086145689864673,2.510884979184431
33.0,298.0,1000.5392456054688,-4.38181940135786,-3.7906165127142857,1.709840431240402,3.177907482348377,2.472621786164881,3.0023303696094183,-0.3413037834823032,1.815774443296912,0.2086124427940399,2.5108849730738005
33.0,298.0,1000.5392456054688,-4.38181940135786,-3.790616481841884,1.7098404312404247,3.1779080026552826,2.472621786164881,3.0023315892791422,-0.3413177663579174,1.8157744433942948,0.2086122688849211,2.510884350639745
33.0,298.0,1000.5392456054688,-4.38181940135786,-3.790616481878841,1.709840431240401,3.1779080026552826,2.472621786164881,3.002331606163245,-0.3413177663579174,1.8157744433941856,0.2086145433090985,2.510884350639745
33.0,298.0,1000.5392456054688,-4.38181940135786,-3.7906168579428745,1.709840431240402,3.177907482348377,2.472621786164881,3.0023303696094183,-0.3413037834823032,1.815774443296912,0.2086124427940399,2.5108849730738005
33.0,298.0,1000.5392456054688,-4.38181940135786,-3.790616481878841,1.709840431240401,3.1779080026552826,2.472621786164881,3.002331606163245,-0.3413177663579174,1.8157744433941856,0.2086145433090985,2.510884350639745
33.0,298.0,1000.5392456054688,-4.38181940135786,-3.7906165127142857,1.709840431240402,3.177907482348377,2.472621786164881,3.0023303696094183,-0.3413037834823032,1.815774443296912,0.2086124427940399,2.5108849730738005
33.0,298.0,1000.5392456054688,-4.38181940135786,-3.790616483358478,1.709840431240423,3.177908768753748,2.472621786164881,3.0023315892791422,-0.3413173928936523,1.8157744433942948,0.2086122688849211,2.510884350639745
33.0,298.0,1000.5392456054688,-4.38181940135786,-3.790616514103944,1.709840431240401,3.177907481852481,2.472621786164881,3.002330367563093,-0.3413175475958965,1.8157744433941856,0.2086132844611533,2.510884350639745
33.0,298.0,1000.5392456054688,-4.38181940135786,-3.790616483358478,1.709840431240423,3.177908768753748,2.472621786164881,3.0023315892791422,-0.3413173928936523,1.8157744433942948,0.2086122688849211,2.510884350639745
33.0,298.0,1000.5392456054688,-4.38181940135786,-3.7906165127142857,1.709840431240402,3.1779073716015898,2.472621786164881,3.002330369440069,-0.3413037834823032,1.8157744432921576,0.2086126909880505,2.510884813432096
33.0,298.0,1000.5392456054688,-4.38181940135786,-3.790616480267868,1.709840431240401,3.1779080026552826,2.472621786164881,3.002331607778776,-0.3413177663579174,1.8157744433941856,0.2086145433090985,2.5108836248929625
33.0,298.0,1000.5392456054688,-4.38181940135786,-3.7906168579428745,1.709840431240402,3.177907482348377,2.472621786164881,3.002330367509705,-0.3413177386122653,1.815774443296912,0.2086124126960173,2.5108849730738005
33.0,298.0,1000.5392456054688,-4.38181940135786,-3.790616481878841,1.709840431240401,3.1779080026552826,2.472621786164881,3.002331606163245,-0.3413177663579174,1.8157744433941856,0.2086145433090985,2.510884350639745
33.0,298.0,1000.5392456054688,-4.38181940135786,-3.790616513009698,1.709840431240402,3.177907482348377,2.472621786164881,3.0023304216090003,-0.3413034282140125,1.815774443291764,0.2086145463695207,2.5108849507278053
33.0,298.0,1000.5392456054688,-4.38181940135786,-3.790616514103944,1.709840431240401,3.177907481852481,2.472621786164881,3.0023303696628054,-0.3413035924659344,1.8157744433941856,0.2086133145591759,2.510884350639745
33.0,298.0,1000.5392456054688,-4.38181940135786,-3.790616480539267,1.709840431240401,3.177907986969877,2.472621786164881,3.002331606163245,-0.3413042642986487,1.8157744433941856,0.2086145433090985,2.510884350639745
33.0,298.0,1000.5392456054688,-4.38181940135786,-3.790616479972456,1.709840431240401,3.1779080026552826,2.472621786164881,3.0023315557791936,-0.341318121626208,1.8157744433993328,0.2086124397336177,2.5108836472389577
33.0,298.0,1000.5392456054688,-4.38181940135786,-3.790616481878841,1.709840431240401,3.1779079580509726,2.472621786164881,3.002331619672425,-0.3413177663579174,1.8157744433941856,0.2086145433090985,2.510884350639745
33.0,298.0,1000.5392456054688,-4.38181940135786,-3.7906165127142857,1.709840431240402,3.177908004439757,2.472621786164881,3.0023303271457054,-0.3413037834823032,1.8157744432921576,0.2086126909880505,2.510884813432096
33.0,298.0,1000.5392456054688,-4.38181940135786,-3.790616481878841,1.709840431240401,3.1779079580509726,2.472621786164881,3.002331619672425,-0.3413177663579174,1.8157744433941856,0.2086145433090985,2.510884350639745
33.0,298.0,1000.5392456054688,-4.38181940135786,-3.7906165065670896,1.709840431240401,3.1779080026552826,2.472621786164881,3.002331607778776,-0.3413177664496352,1.8157744433941856,0.2086145433090985,2.5108836248929625
33.0,298.0,1000.5392456054688,-4.38181940135786,-3.7906168579428745,1.709840431240402,3.177907482348377,2.472621786164881,3.002330369812229,-0.3413167482199611,1.815774443296912,0.2086124427940399,2.5108849730738005
33.0,298.0,1000.5392456054688,-4.38181940135786,-3.790616802905848,1.7098404312404012,3.177907481852481,2.472621786164881,3.0023304202357792,-0.3413039302813608,1.8157744433941856,0.2086133145591759,2.510884350639745
33.0,298.0,1000.5392456054688,-4.38181940135786,-3.7906165127142857,1.709840431240402,3.177907446506435,2.472621786164881,3.0023304065900853,-0.3413037834823032,1.815774443298003,0.2086124398168804,2.5108849730738005
33.0,298.0,1000.5392456054688,-4.38181940135786,-3.790616513503832,1.709840431240402,3.177907366583648,2.472621786164881,3.002330369689193,-0.3413042735993893,1.8157744432921576,0.2086126909880505,2.5108843817037303
33.0,298.0,1000.5392456054688,-4.38181940135786,-3.790616507446948,1.709840431240401,3.1779080026552826,2.472621786164881,3.00233157624934,-0.3413046930437252,1.8157744433941856,0.2086123622937794,2.5108849506145097
33.0,298.0,1000.5392456054688,-4.38181940135786,-3.790616481878841,1.709840431240401,3.1779080026552826,2.472621786164881,3.002331606163245,-0.3413177663579174,1.8157744433941856,0.2086145433090985,2.510884350639745
33.0,298.0,1000.5392456054688,-4.38181940135786,-3.7906168316436526,1.709840431240402,3.177907482348377,2.472621786164881,3.002330367509705,-0.3413177385205474,1.815774443296912,0.2086124126960173,2.5108849730738005
33.0,298.0,1000.5392456054688,-4.38181940135786,-3.790616479972456,1.709840431240401,3.177908038497225,2.472621786164881,3.002331518798527,-0.341318121626208,1.815774443398241,0.2086124427107772,2.5108836472389577
33.0,298.0,1000.5392456054688,-4.38181940135786,-3.79061647974972,1.709840431240401,3.17790799198782,2.472621786164881,3.002331605914121,-0.3413037741815626,1.8157744433941856,0.2086145433090985,2.510884782368111
33.0,298.0,1000.5392456054688,-4.38181940135786,-3.790616485535205,1.709840431240402,3.177907482348377,2.472621786164881,3.0023304011388543,-0.3413168567964953,1.815774443296912,0.208614623809359,2.5108836473522533
33.0,298.0,1000.5392456054688,-4.38181940135786,-3.790616485535205,1.709840431240402,3.177907482348377,2.472621786164881,3.0023304011388543,-0.3413168567964953,1.815774443295179,0.208614623809359,2.5108836473522533
33.0,298.0,1000.5392456054688,-4.38181940135786,-3.7906168579428745,1.709840431240402,3.177907482348377,2.472621786164881,3.002330369812229,-0.3413167482199611,1.815774443296912,0.2086124427940399,2.5108849730738005
33.0,298.0,1000.5392456054688,-4.38181940135786,-3.790616512750131,1.709840431240402,3.1779074448754785,2.472621786164881,3.0023304071181154,-0.3413037834823032,1.815774443298003,0.208613238105006,2.510884306101881
33.0,298.0,1000.5392456054688,-4.38181940135786,-3.790616802905848,1.7098404312404012,3.177907481852481,2.472621786164881,3.0023304202357792,-0.3413039287891017,1.8157744433941856,0.2086133145591759,2.510884350639745
33.0,298.0,1000.5392456054688,-4.38181940135786,-3.790616481878841,1.709840431240401,3.177907987189867,2.472621786164881,3.002331606163245,-0.3413175847121029,1.8157744433941856,0.2086145433090985,2.510884350639745
33.0,298.0,1000.5392456054688,-4.38181940135786,-3.790616850996919,1.7098404312404014,3.177907482348377,2.472621786164881,3.002330369812229,-0.3413174121207591,1.8157744432920384,0.2086124427940399,2.5108849730738005
33.0,298.0,1000.5392456054688,-4.38181940135786,-3.7906168316436526,1.709840431240402,3.177907482348377,2.472621786164881,3.002330367509705,-0.3413168262050521,1.815774443296912,0.2086124126960173,2.510885501886282
33.0,298.0,1000.5392456054688,-4.38181940135786,-3.790616481576619,1.709840431240402,3.177907446506435,2.472621786164881,3.0023304065900853,-0.3413037834823032,1.815774443298003,0.2086124398168804,2.510885005474437
33.0,298.0,1000.5392456054688,-4.38181940135786,-3.7906164799961326,1.7098404312404247,3.1779080026552826,2.472621786164881,3.0023315553105454,-0.3413177663579174,1.8157744433992848,0.2086122792269729,2.510884350639745
33.0,298.0,1000.5392456054688,-4.38181940135786,-3.790616482962946,1.709840431240402,3.177907366583648,2.472621786164881,3.002330369689193,-0.3413042735993893,1.8157744433900016,0.2086145301070717,2.51088438084708
33.0,298.0,1000.5392456054688,-4.38181940135786,-3.790616503108315,1.709840431240401,3.177907481852481,2.472621786164881,3.002330369663325,-0.3413035924659344,1.8157744433941856,0.2086133126283283,2.510884926539577
33.0,298.0,1000.5392456054688,-4.38181940135786,-3.7906165127142857,1.709840431240402,3.177907482348377,2.472621786164881,3.0023303696094183,-0.3413176289847257,1.8157744433953085,0.2086122698776966,2.5108843684370297
33.0,298.0,1000.5392456054688,-4.38181940135786,-3.790616514068098,1.709840431240401,3.177907483483437,2.472621786164881,3.002330367035063,-0.3413175475958965,1.8157744433941856,0.2086124861730277,2.5108850176116646
33.0,298.0,1000.5392456054688,-4.38181940135786,-3.79061647974972,1.709840431240401,3.17790799198782,2.472621786164881,3.002331605914121,-0.3413037756738217,1.8157744433941856,0.2086145433090985,2.510884782368111
33.0,298.0,1000.5392456054688,-4.38181940135786,-3.790616513009698,1.709840431240402,3.177907482348377,2.472621786164881,3.002330421617427,-0.3413034282140125,1.815774443291776,0.2086145463695207,2.5108844041960348
33.0,298.0,1000.5392456054688,-4.38181940135786,-3.790616480539267,1.709840431240401,3.1779080024352933,2.472621786164881,3.002331606163245,-0.3413044459444633,1.8157744433941856,0.2086145433090985,2.510884350639745
33.0,298.0,1000.5392456054688,-4.38181940135786,-3.790616490304434,1.7098404312404236,3.177908768753748,2.472621786164881,3.0023315892791422,-0.3413167289928542,1.815774443399168,0.2086122688849211,2.510884350639745
33.0,298.0,1000.5392456054688,-4.38181940135786,-3.790616483358478,1.709840431240423,3.177908768753748,2.472621786164881,3.0023315892791422,-0.3413173928936523,1.8157744433942948,0.2086122688849211,2.510884350639745
33.0,298.0,1000.5392456054688,-4.38181940135786,-3.790616481536347,1.709840431240402,3.177907446506435,2.472621786164881,3.0023304065900853,-0.3413037834823032,1.815774443302156,0.2086145689864673,2.510884979184431
33.0,299.0,1000.5392456054688,-4.38181940135786,-3.7906165127142857,1.709840431240402,3.177907482348377,2.472621786164881,3.0023303696094183,-0.3413037834823032,1.815774443296912,0.2086124427940399,2.5108849730738005
33.0,299.0,1000.5392456054688,-4.38181940135786,-3.790616481841884,1.7098404312404247,3.1779080026552826,2.472621786164881,3.0023315892791422,-0.3413177663579174,1.8157744433942948,0.2086122688849211,2.510884350639745
33.0,299.0,1000.5392456054688,-4.38181940135786,-3.790616481878841,1.709840431240401,3.1779080026552826,2.472621786164881,3.002331606163245,-0.3413177663579174,1.8157744433941856,0.2086145433090985,2.510884350639745
33.0,299.0,1000.5392456054688,-4.38181940135786,-3.7906168579428745,1.709840431240402,3.177907482348377,2.472621786164881,3.0023303696094183,-0.3413037834823032,1.815774443296912,0.2086124427940399,2.5108849730738005
33.0,299.0,1000.5392456054688,-4.38181940135786,-3.790616481878841,1.709840431240401,3.1779080026552826,2.472621786164881,3.002331606163245,-0.3413177663579174,1.8157744433941856,0.2086145433090985,2.510884350639745
33.0,299.0,1000.5392456054688,-4.38181940135786,-3.7906165127142857,1.709840431240402,3.177907482348377,2.472621786164881,3.0023303696094183,-0.3413037834823032,1.815774443296912,0.2086124427940399,2.5108849730738005
33.0,299.0,1000.5392456054688,-4.38181940135786,-3.790616483358478,1.709840431240423,3.177908768753748,2.472621786164881,3.0023315892791422,-0.3413173928936523,1.8157744433942948,0.2086122688849211,2.510884350639745
33.0,299.0,1000.5392456054688,-4.38181940135786,-3.790616514103944,1.709840431240401,3.177907481852481,2.472621786164881,3.002330367563093,-0.3413175475958965,1.8157744433941856,0.2086132844611533,2.510884350639745
33.0,299.0,1000.5392456054688,-4.38181940135786,-3.790616483358478,1.709840431240423,3.177908768753748,2.472621786164881,3.0023315892791422,-0.3413173928936523,1.8157744433942948,0.2086122688849211,2.510884350639745
33.0,299.0,1000.5392456054688,-4.38181940135786,-3.7906165127142857,1.709840431240402,3.1779073716015898,2.472621786164881,3.002330369440069,-0.3413037834823032,1.8157744432921576,0.2086126909880505,2.510884813432096
33.0,299.0,1000.5392456054688,-4.38181940135786,-3.790616480267868,1.709840431240401,3.1779080026552826,2.472621786164881,3.002331607778776,-0.3413177663579174,1.8157744433941856,0.2086145433090985,2.5108836248929625
33.0,299.0,1000.5392456054688,-4.38181940135786,-3.7906168579428745,1.709840431240402,3.177907482348377,2.472621786164881,3.002330367509705,-0.3413177386122653,1.815774443296912,0.2086124126960173,2.5108849730738005
33.0,299.0,1000.5392456054688,-4.38181940135786,-3.790616481878841,1.709840431240401,3.1779080026552826,2.472621786164881,3.002331606163245,-0.3413177663579174,1.8157744433941856,0.2086145433090985,2.510884350639745
33.0,299.0,1000.5392456054688,-4.38181940135786,-3.790616513009698,1.709840431240402,3.177907482348377,2.472621786164881,3.0023304216090003,-0.3413034282140125,1.815774443291764,0.2086145463695207,2.5108849507278053
33.0,299.0,1000.5392456054688,-4.38181940135786,-3.790616514103944,1.709840431240401,3.177907481852481,2.472621786164881,3.0023303696628054,-0.3413035924659344,1.8157744433941856,0.2086133145591759,2.510884350639745
33.0,299.0,1000.5392456054688,-4.38181940135786,-3.790616480539267,1.709840431240401,3.177907986969877,2.472621786164881,3.002331606163245,-0.3413042642986487,1.8157744433941856,0.2086145433090985,2.510884350639745
33.0,299.0,1000.5392456054688,-4.38181940135786,-3.790616479972456,1.709840431240401,3.1779080026552826,2.472621786164881,3.0023315557791936,-0.341318121626208,1.8157744433993328,0.2086124397336177,2.5108836472389577
33.0,299.0,1000.5392456054688,-4.38181940135786,-3.790616481878841,1.709840431240401,3.1779079580509726,2.472621786164881,3.002331619672425,-0.3413177663579174,1.8157744433941856,0.2086145433090985,2.510884350639745
33.0,299.0,1000.5392456054688,-4.38181940135786,-3.7906165127142857,1.709840431240402,3.177908004439757,2.472621786164881,3.0023303271457054,-0.3413037834823032,1.8157744432921576,0.2086126909880505,2.510884813432096
33.0,299.0,1000.5392456054688,-4.38181940135786,-3.790616481878841,1.709840431240401,3.1779079580509726,2.472621786164881,3.002331619672425,-0.3413177663579174,1.8157744433941856,0.2086145433090985,2.510884350639745
33.0,299.0,1000.5392456054688,-4.38181940135786,-3.7906165065670896,1.709840431240401,3.1779080026552826,2.472621786164881,3.002331607778776,-0.3413177664496352,1.8157744433941856,0.2086145433090985,2.5108836248929625
33.0,299.0,1000.5392456054688,-4.38181940135786,-3.7906168579428745,1.709840431240402,3.177907482348377,2.472621786164881,3.002330369812229,-0.3413167482199611,1.815774443296912,0.2086124427940399,2.5108849730738005
33.0,299.0,1000.5392456054688,-4.38181940135786,-3.790616802905848,1.7098404312404012,3.177907481852481,2.472621786164881,3.0023304202357792,-0.3413039302813608,1.8157744433941856,0.2086133145591759,2.510884350639745
33.0,299.0,1000.5392456054688,-4.38181940135786,-3.7906165127142857,1.709840431240402,3.177907446506435,2.472621786164881,3.0023304065900853,-0.3413037834823032,1.815774443298003,0.2086124398168804,2.5108849730738005
33.0,299.0,1000.5392456054688,-4.38181940135786,-3.790616513503832,1.709840431240402,3.177907366583648,2.472621786164881,3.002330369689193,-0.3413042735993893,1.8157744432921576,0.2086126909880505,2.5108843817037303
33.0,299.0,1000.5392456054688,-4.38181940135786,-3.790616507446948,1.709840431240401,3.1779080026552826,2.472621786164881,3.00233157624934,-0.3413046930437252,1.8157744433941856,0.2086123622937794,2.5108849506145097
33.0,299.0,1000.5392456054688,-4.38181940135786,-3.790616481878841,1.709840431240401,3.1779080026552826,2.472621786164881,3.002331606163245,-0.3413177663579174,1.8157744433941856,0.2086145433090985,2.510884350639745
33.0,299.0,1000.5392456054688,-4.38181940135786,-3.7906168316436526,1.709840431240402,3.177907482348377,2.472621786164881,3.002330367509705,-0.3413177385205474,1.815774443296912,0.2086124126960173,2.5108849730738005
33.0,299.0,1000.5392456054688,-4.38181940135786,-3.790616479972456,1.709840431240401,3.177908038497225,2.472621786164881,3.002331518798527,-0.341318121626208,1.815774443398241,0.2086124427107772,2.5108836472389577
33.0,299.0,1000.5392456054688,-4.38181940135786,-3.79061647974972,1.709840431240401,3.17790799198782,2.472621786164881,3.002331605914121,-0.3413037741815626,1.8157744433941856,0.2086145433090985,2.510884782368111
33.0,299.0,1000.5392456054688,-4.38181940135786,-3.790616485535205,1.709840431240402,3.177907482348377,2.472621786164881,3.0023304011388543,-0.3413168567964953,1.815774443296912,0.208614623809359,2.5108836473522533
33.0,299.0,1000.5392456054688,-4.38181940135786,-3.790616485535205,1.709840431240402,3.177907482348377,2.472621786164881,3.0023304011388543,-0.3413168567964953,1.815774443295179,0.208614623809359,2.5108836473522533
33.0,299.0,1000.5392456054688,-4.38181940135786,-3.7906168579428745,1.709840431240402,3.177907482348377,2.472621786164881,3.002330369812229,-0.3413167482199611,1.815774443296912,0.2086124427940399,2.5108849730738005
33.0,299.0,1000.5392456054688,-4.38181940135786,-3.790616512750131,1.709840431240402,3.1779074448754785,2.472621786164881,3.0023304071181154,-0.3413037834823032,1.815774443298003,0.208613238105006,2.510884306101881
33.0,299.0,1000.5392456054688,-4.38181940135786,-3.790616802905848,1.7098404312404012,3.177907481852481,2.472621786164881,3.0023304202357792,-0.3413039287891017,1.8157744433941856,0.2086133145591759,2.510884350639745
33.0,299.0,1000.5392456054688,-4.38181940135786,-3.790616481878841,1.709840431240401,3.177907987189867,2.472621786164881,3.002331606163245,-0.3413175847121029,1.8157744433941856,0.2086145433090985,2.510884350639745
33.0,299.0,1000.5392456054688,-4.38181940135786,-3.790616850996919,1.7098404312404014,3.177907482348377,2.472621786164881,3.002330369812229,-0.3413174121207591,1.8157744432920384,0.2086124427940399,2.5108849730738005
33.0,299.0,1000.5392456054688,-4.38181940135786,-3.7906168316436526,1.709840431240402,3.177907482348377,2.472621786164881,3.002330367509705,-0.3413168262050521,1.815774443296912,0.2086124126960173,2.510885501886282
33.0,299.0,1000.5392456054688,-4.38181940135786,-3.790616481576619,1.709840431240402,3.177907446506435,2.472621786164881,3.0023304065900853,-0.3413037834823032,1.815774443298003,0.2086124398168804,2.510885005474437
33.0,299.0,1000.5392456054688,-4.38181940135786,-3.7906164799961326,1.7098404312404247,3.1779080026552826,2.472621786164881,3.0023315553105454,-0.3413177663579174,1.8157744433992848,0.2086122792269729,2.510884350639745
33.0,299.0,1000.5392456054688,-4.38181940135786,-3.790616482962946,1.709840431240402,3.177907366583648,2.472621786164881,3.002330369689193,-0.3413042735993893,1.8157744433900016,0.2086145301070717,2.51088438084708
33.0,299.0,1000.5392456054688,-4.38181940135786,-3.790616503108315,1.709840431240401,3.177907481852481,2.472621786164881,3.002330369663325,-0.3413035924659344,1.8157744433941856,0.2086133126283283,2.510884926539577
33.0,299.0,1000.5392456054688,-4.38181940135786,-3.7906165127142857,1.709840431240402,3.177907482348377,2.472621786164881,3.0023303696094183,-0.3413176289847257,1.8157744433953085,0.2086122698776966,2.5108843684370297
33.0,299.0,1000.5392456054688,-4.38181940135786,-3.790616514068098,1.709840431240401,3.177907483483437,2.472621786164881,3.002330367035063,-0.3413175475958965,1.8157744433941856,0.2086124861730277,2.5108850176116646
33.0,299.0,1000.5392456054688,-4.38181940135786,-3.79061647974972,1.709840431240401,3.17790799198782,2.472621786164881,3.002331605914121,-0.3413037756738217,1.8157744433941856,0.2086145433090985,2.510884782368111
33.0,299.0,1000.5392456054688,-4.38181940135786,-3.790616513009698,1.709840431240402,3.177907482348377,2.472621786164881,3.002330421617427,-0.3413034282140125,1.815774443291776,0.2086145463695207,2.5108844041960348
33.0,299.0,1000.5392456054688,-4.38181940135786,-3.790616480539267,1.709840431240401,3.1779080024352933,2.472621786164881,3.002331606163245,-0.3413044459444633,1.8157744433941856,0.2086145433090985,2.510884350639745
33.0,299.0,1000.5392456054688,-4.38181940135786,-3.790616490304434,1.7098404312404236,3.177908768753748,2.472621786164881,3.0023315892791422,-0.3413167289928542,1.815774443399168,0.2086122688849211,2.510884350639745
33.0,299.0,1000.5392456054688,-4.38181940135786,-3.790616483358478,1.709840431240423,3.177908768753748,2.472621786164881,3.0023315892791422,-0.3413173928936523,1.8157744433942948,0.2086122688849211,2.510884350639745
33.0,299.0,1000.5392456054688,-4.38181940135786,-3.790616481536347,1.709840431240402,3.177907446506435,2.472621786164881,3.0023304065900853,-0.3413037834823032,1.815774443302156,0.2086145689864673,2.510884979184431
