Run,Gen,F,1,2,3,4,5,6,7,8,9,10
86.0,0.0,91177.265625,-3.317082779466117,-4.220239332273067,-0.8434061538399407,-2.190801738151734,-1.0992659427873508,-0.3892579418496034,1.451124641885274,3.82668961362222,3.980114375072974,-0.3401149009299944
86.0,0.0,83709.296875,-3.8938266721869694,3.2793499644002075,-1.6091441802160111,-2.4495730308571426,-0.0321817438287297,0.3760883640414345,0.8093139987089204,-3.725225797077561,-2.235706735748404,-3.382559600793016
86.0,0.0,225183.5625,-2.5762952511187063,1.7259620411548715,3.268947096610696,3.5659174968129665,-2.1952398417975583,-2.670908406011047,4.430466332351092,-1.661173824121792,-1.6565636258405068,-1.822848174258429
86.0,0.0,63142.7734375,4.01765398174922,4.035407104753508,-0.516700404566441,3.47953685618224,-3.4419118670167226,-0.7754286733093618,-2.37286664166298,4.07610316124509,4.309661697338283,0.590206458615099
86.0,0.0,44652.7421875,-0.0909785460954273,-4.54428483495404,-3.5477164783392534,2.197333865047206,-1.908178939975973,-0.2358863111803391,-1.750205522107473,1.4209783727354548,-3.398515090635465,0.953938814572636
86.0,0.0,275499.6875,-1.3282670699230814,-0.0739890827825977,-4.781963186581276,3.884595298078237,-2.3172900817385065,-3.442715467015115,-2.8690002917527413,-4.407982422217906,-3.186911967142063,4.127659626746841
86.0,0.0,125708.1796875,-1.4907135115130157,-1.359724876601791,0.6876476133873126,2.4941965954475727,-0.6745266292446361,-2.836904264072216,0.7225322870456168,4.899702482142853,-2.952647019892227,-3.533134002342817
86.0,0.0,439234.1875,-2.707473188196483,3.486792125988032,1.191593968796676,-4.564973442331295,3.637370431014855,4.731483093781151,-4.751619817273227,2.2549023457870714,4.600454674092308,4.466202427875972
86.0,0.0,330108.84375,3.591465610186086,-4.618747540912301,-3.3991533319485514,-0.86221963288724,-1.939174843005876,-4.36724454155221,-1.372526444956511,-2.57738995706449,4.475297036743047,1.3081345191072726
86.0,0.0,181002.265625,0.8107289003341203,-4.400069339887855,3.4012922015666867,-1.7754553123421537,-0.5849971910945069,-3.181399594041712,4.27794263777362,2.039737453041859,-3.110411376702895,3.4540030393959587
86.0,0.0,427636.28125,-4.257763403005558,-3.949566955218259,-2.793881487151971,0.2684005964617642,-4.610138903438584,2.7218659951862048,4.148217489973856,-2.241361040129,-4.135524562787816,0.9574013386333836
86.0,0.0,329527.65625,3.9369617333704703,-2.8269745612073205,2.479772472616144,2.375940784867155,-4.5294898853952645,-3.784344076645758,0.5626577690476982,0.2829183657973653,1.3140617622065909,0.5960381938492727
86.0,0.0,235256.03125,4.4218025000207,-3.9534411768786426,1.6835090728134992,1.7557249656383558,0.2695611417236936,-3.764852937023005,-3.6630925212238488,0.3510106883926394,-4.522313639046221,1.0618029027932838
86.0,0.0,135288.984375,-4.091801319410685,-3.268715742149769,4.480265587964507,2.818375224201924,0.9069211159065756,4.374808214558282,-0.919397155120846,-1.629264260356298,0.4284587233547379,1.1083874108850544
86.0,0.0,125355.1171875,3.779694661560038,1.9898380934339368,2.4568834918793057,-0.2399583521747894,1.9808492553409216,-1.483712166111383,2.5900445367076834,0.8264189001175151,-1.132614850669711,-3.623918804609044
86.0,0.0,97710.3203125,4.370086592818176,2.161286492649716,0.2904120451700533,-2.500486390408522,-1.743253529337101,-2.5098655593161467,2.9894337581465784,-3.7224768265152273,-0.1799365746287984,2.75037509817988
86.0,0.0,261191.890625,4.68581755083552,-4.654831947507383,4.630665452214073,-0.2858910867616409,-0.7104863880656067,-2.1205673054827856,-1.349808439819932,3.257470521181503,0.7751879258353069,2.597430197612056
86.0,0.0,180334.390625,-3.0472094267903,2.0228355525145023,4.854639290754626,3.1698393208688387,2.889886251264537,4.385059825360907,-2.5447773928394724,0.6427424488336895,-0.2940411685406152,-2.8715289227752647
86.0,0.0,309457.03125,-3.250805397548201,-2.289275647843436,3.626810512562784,4.784155707209123,-2.6880504101850056,-0.2950959782262741,-2.6706640438111062,3.969686594757816,-2.084761040593013,-2.5180847932665564
86.0,0.0,133859.890625,3.426560221305049,0.6811355593056989,-4.478125056015695,2.169193286448113,2.7559029406337,-0.1939016495339718,3.754910819563527,2.4127920839227857,0.0837543852027984,-3.075900896174232
86.0,0.0,47360.47265625,1.4922745248631832,-4.146689592399058,-1.5076631233474194,-2.2027261469350057,2.4987069308795595,-2.707074288981862,-1.0360465057240509,-0.6382153896790985,-1.6706146748123296,-1.676312129367873
86.0,0.0,92157.03125,-0.0538751850559737,-0.6557450739057256,-0.6070351569010901,-4.89131493344285,2.749893385198685,-3.908378640528416,0.553583690619921,1.8919121402837185,-0.7579835653481588,-0.7576126085079382
86.0,0.0,116318.15625,-0.1002232562448828,-4.072100722632942,4.146566738737915,-2.2286356220485204,1.466021404131225,3.7864210864189154,2.7128970514776274,2.8465200717698966,4.614786865240708,1.5126188495768886
86.0,0.0,196074.1875,0.5141980034571887,-3.10550694269028,2.539343208994941,-2.75802520615772,-3.292104109172437,-3.563159023834752,-3.219155642606397,-4.875201437038006,-2.920591770728882,1.8030304550502088
86.0,0.0,70304.890625,-0.9665194838568024,2.8106168928105824,-1.5268469773678903,-2.040400636237365,-2.5740310189166635,4.07566188886754,-3.491923295897656,1.4828201681401518,1.73609912592263,2.442269253861726
86.0,0.0,161521.21875,-3.586866814666013,2.252121365797244,2.6188775871634027,-0.00186037490118,0.9730798406723826,-2.9754091645719294,2.6989876073410466,-0.5433335509019397,-4.158197589618494,0.7454473243699686
86.0,0.0,113974.90625,2.5814950985135408,-3.688596084216519,2.8990036584777528,-0.6999037014969396,-1.3845978597229722,-0.0221062161593685,-4.926007805700516,1.7902123488915036,1.2137516500000969,-1.1677706949838274
86.0,0.0,25185.181640625,-3.14032781983848,2.001922678530935,-2.158062583400804,2.24415115268961,-2.0910656704740207,-1.920430732077956,-1.881440374695006,-0.0137301928530888,4.595138844430263,-1.0015527956995918
86.0,0.0,201945.3125,0.1761782976334212,3.614162760442051,3.5411663328336687,-2.725292856011792,-1.3683914018661527,4.129834201083408,-2.814484980277503,4.257315133014885,0.0855251052394265,4.658188898726255
86.0,0.0,19548.365234375,1.8007142763766335,-1.4244556140560238,-1.2426799901459482,3.839743075686125,0.9084988303665352,-3.0384203887356485,-1.990484005946179,1.88257871162414,2.609321340983831,1.1337014065389193
86.0,0.0,546217.1875,2.809216316089005,4.150917328289065,4.793887389150102,3.211386251937663,4.13688149936516,-2.2901391980994976,-2.623321543599002,0.8357481724832763,4.26037443530014,-2.625390358471716
86.0,0.0,95040.84375,3.666650482627375,-1.199570696224319,2.492197030324567,-1.1329266268092733,1.7096550315145809,2.8609540157501474,1.6612410625219989,-4.003769426276942,-4.048186271602186,1.3365227443626218
86.0,0.0,176350.65625,-1.7507659087128244,2.81719988792168,4.236159134941042,2.962251987579191,4.323297626845362,2.062059675071044,-1.6082516891600864,1.464165638308737,-4.85243505842034,3.138862003063874
86.0,0.0,65658.2890625,1.394921107242661,4.749393325011534,2.395480571184735,-3.085780923187116,-1.5763376768109003,2.311066732307565,-1.0706262076892603,2.4579548972145826,3.498813176102658,3.436746510196997
86.0,0.0,255478.65625,-3.473648349530816,-3.611026949117736,2.549816341420601,0.1624638552870374,-3.6208835787042135,3.4701003343352745,0.5875638085914234,-1.0520336758210602,-3.4126169007686338,-4.784646690797645
86.0,0.0,592537.8125,2.620586207339492,-4.057547722181588,4.686260155345252,-3.963741586781952,-0.8404997974020487,0.9918641020411688,-4.926144229062669,3.017614601641516,1.2074009316070675,-4.430162458360629
86.0,0.0,150625.1875,2.3872297629049752,-4.099017738197034,-1.826741179969047,-4.252770538720738,1.0513806822403469,2.546716486780193,1.3025938481349293,3.106710334650934,-2.93544235052864,1.3880743293574662
86.0,0.0,90414.234375,-2.6928180429988577,3.8834913103512094,-1.606487087361288,-3.66467389097227,-0.988618921754142,-0.3610243712036132,4.43154904359481,-4.110012563317419,-0.8272126635372317,-1.6801160118819078
86.0,0.0,143260.859375,-4.395219173397322,-1.0720879204405076,-0.2110103768078435,-3.798912330603007,-1.8142938351537847,-2.075651731274336,-2.547604653834508,-3.54151899697007,-1.3919013616652909,3.895108735169515
86.0,0.0,97707.546875,-0.5549477273506334,0.841126532589537,-2.4833809835310805,-4.146836607475876,4.336683597064136,3.289042149543045,2.949160100456063,1.3478711113234754,-4.255475964537075,-0.0195833722253988
86.0,0.0,112236.9453125,0.1621592788584802,2.2045759430398446,2.7050782187534423,-4.019251961916131,-2.455481940282424,-1.3967751098068284,-0.4362154758869021,1.965206229743151,0.8432096459539142,-0.2620069452058509
86.0,0.0,38467.69921875,2.9008750802164416,-0.946701184665958,-3.424714742849587,-3.1453263295539067,-1.735954914331732,-0.3975560179339972,4.847812874110355,-1.89004243112962,-4.731968224531727,-0.1726293377092869
86.0,0.0,175402.0625,-2.319489228385417,1.6667905253434414,-4.9801693781701,4.306448085017413,3.697754925187933,0.0559053015096751,-4.032902070192069,2.792436423558117,2.8055082284175183,4.8917657068096005
86.0,0.0,232139.0625,-4.49065433513816,4.88178494554427,1.4647603348163054,-4.230077518691174,-2.19729650872162,-0.6331781736971145,4.398731192242472,2.789008057971854,-0.5531959832401414,1.755573032281581
86.0,0.0,296810.15625,2.405446563285153,-0.8865643835617014,1.4496612637211896,1.6554514616972549,-4.514502756713638,-1.365217445391088,-4.045029755172809,-1.8956973444817504,4.849724670321606,3.821646904153015
86.0,0.0,14026.1494140625,1.7076862883796302,1.339306000238535,-0.2146722709318371,4.141283675978659,-0.1352792205497479,-0.9824066800015698,-1.9302953155256883,1.7082039288385955,2.322791101579302,1.820019426336935
86.0,0.0,372128.21875,-3.475515127578166,0.520607846462565,3.265486483443929,-4.877998197585254,2.8115883456404944,-4.997174234220162,0.4872925670988106,-4.932621984575363,-2.554550084533324,2.81501972652843
86.0,0.0,162169.765625,2.489682279123498,-1.0210548189573778,3.403218955735186,0.7274594040825599,-3.970759474166573,-3.737621681932989,-1.5372919491716242,3.235897108079876,-3.422622547072037,0.7831312317854806
86.0,0.0,127540.75,2.2610116236427533,1.8284858563648312,-1.094681580859426,4.370228186012341,-4.59958364307043,-2.96184428050309,3.638272570533946,0.0683994664789118,3.6413327352997378,-0.0887549018718649
86.0,0.0,230881.265625,2.5339747668433468,-4.676632192500717,-0.5276964093535845,3.4825642488981607,3.813159901561514,1.4892818777200176,-1.2349090589647318,4.682147170781869,0.4235089243180585,-3.712068481915125
86.0,1.0,14026.1494140625,1.7076862883796302,1.339306000238535,-0.2146722709318371,4.141283675978659,-0.1352792205497479,-0.9824066800015698,-1.9302953155256883,1.7082039288385955,2.322791101579302,1.820019426336935
86.0,1.0,16526.044921875,1.8007142763766335,-1.4244556140560238,-1.4299629279942605,3.1951950583170534,0.9084988303665352,-3.0384203887356485,-1.990484005946179,1.7058053914326996,2.1857312842073537,1.1337014065389193
86.0,1.0,19548.365234375,1.8007142763766335,-1.4244556140560238,-1.2426799901459482,3.839743075686125,0.9084988303665352,-3.0384203887356485,-1.990484005946179,1.88257871162414,2.609321340983831,1.1337014065389193
86.0,1.0,24245.162109375,1.7076862883796302,1.339306000238535,-0.2146722709318371,4.184435046663737,1.551829200574831,-0.9824066800015698,-1.9302953155256883,1.0646412827598175,2.453423587950424,1.825962292159817
86.0,1.0,24376.3125,1.9962769397893128,1.015514114899303,-0.2648847537120513,4.269849511369019,-1.5835405490490355,-0.9891967634647963,-1.067765502637755,1.9229565837000808,2.322791101579302,2.820524770426709
86.0,1.0,25185.181640625,-3.14032781983848,2.001922678530935,-2.158062583400804,2.24415115268961,-2.0910656704740207,-1.920430732077956,-1.881440374695006,-0.0137301928530888,4.595138844430263,-1.0015527956995918
86.0,1.0,27779.533203125,2.888266627777132,-1.4244556140560238,-0.3366506943398593,3.839743075686125,0.9084988303665352,-3.0384203887356485,-1.990484005946179,1.88257871162414,2.609321340983831,1.1510731912855872
86.0,1.0,32560.802734375,-0.2095612988512809,0.8564506225711246,-4.099529447129819,-3.8290355295314447,-1.8107856835390657,-0.1315163548732563,-1.699338707819387,1.4209783727354548,-3.398515090635465,0.953938814572636
86.0,1.0,38087.7265625,2.9008750802164416,-0.9382808217809816,-3.424714742849587,-3.1453263295539067,-1.735954914331732,-0.2565431449026918,4.847812874110355,-1.89004243112962,-4.731968224531727,-0.1603381955446974
86.0,1.0,38228.171875,-3.8938266721869694,-0.7628051219325744,-1.647722909279528,-3.913820386477449,-0.0321817438287297,0.3760883640414345,0.8093139987089204,-3.725225797077561,-2.235706735748404,-3.382559600793016
86.0,1.0,38467.69921875,2.9008750802164416,-0.946701184665958,-3.424714742849587,-3.1453263295539067,-1.735954914331732,-0.3975560179339972,4.847812874110355,-1.89004243112962,-4.731968224531727,-0.1726293377092869
86.0,1.0,42033.52734375,1.8133227288157432,-0.946701184665958,-2.510972710705571,-3.1453263295539067,-1.735954914331732,-0.3975560179339972,4.847812874110355,-1.89004243112962,-4.731968224531727,-0.1900011224559563
86.0,1.0,44048.0859375,1.511864419059782,-4.146689592399058,-1.5076631233474194,2.7780441927986383,2.4987069308795595,2.055767844325337,-1.0464005581180749,-0.6382153896790985,-1.7632594329971427,-1.676312129367873
86.0,1.0,44587.3671875,2.2649046492484346,2.001922678530935,-1.0969782583431078,2.24415115268961,-4.599615267676832,-1.9115064759474376,-1.8523278758991004,-0.0137301928530888,4.595138844430263,-0.0857908807225369
86.0,1.0,44652.7421875,-0.0909785460954273,-4.54428483495404,-3.5477164783392534,2.197333865047206,-1.908178939975973,-0.2358863111803391,-1.750205522107473,1.4209783727354548,-3.398515090635465,0.953938814572636
86.0,1.0,45408.41015625,-1.0266561999035908,2.158610920613068,-1.5268469773678903,-2.040400636237365,-2.5740310189166635,-1.3089565128520668,-3.687748309121849,1.4828201681401518,1.73609912592263,-0.6654438723786773
86.0,1.0,47360.47265625,1.4922745248631832,-4.146689592399058,-1.5076631233474194,-2.2027261469350057,2.4987069308795595,-2.707074288981862,-1.0360465057240509,-0.6382153896790985,-1.6706146748123296,-1.676312129367873
86.0,1.0,48400.26171875,2.955954586791028,3.219886863338352,-1.6091441802160111,-2.4495730308571426,-0.0321817438287297,0.3760883640414345,0.8279896522273633,-3.725225797077561,-2.235706735748404,-3.382559600793016
86.0,1.0,48527.8125,-2.3945047807093225,1.656334051208125,1.9645327954901115,-0.2399583521747894,1.9808492553409216,-1.567986135736439,-3.821431176744705,0.8264189001175151,-1.0673947736561389,-3.662116784346376
86.0,1.0,54490.30078125,-0.0909785460954273,-4.54428483495404,-3.5477164783392534,-4.8121930882429975,-1.9215333760759048,-0.2907434801097122,0.567653590996406,1.438527651840637,-3.398515090635465,-0.7228652437361353
86.0,1.0,56296.4296875,-3.664305091314586,-4.220239332273067,-0.8434061538399407,2.8918025627464083,-0.2765836680126121,-0.3892579418496034,1.4396945510204853,3.82668961362222,3.980114375072974,-0.3401149009299944
86.0,1.0,63142.7734375,4.01765398174922,4.035407104753508,-0.516700404566441,3.47953685618224,-3.4419118670167226,-0.7754286733093618,-2.37286664166298,4.07610316124509,4.309661697338283,0.590206458615099
86.0,1.0,63642.86328125,-0.0538751850559737,3.3863997798783965,-0.5684564278375728,-2.1485259301761235,2.749893385198685,-3.908378640528416,0.1490617507371627,1.8919121402837185,-0.7579835653481588,-0.7576126085079382
86.0,1.0,64784.24609375,3.426560221305049,0.6811355593056989,-2.9076217715367543,2.198474834790244,0.3701240223454887,-0.9427143398965554,4.144348602250726,2.2542844252949097,0.0837543852027984,0.9520431676471656
86.0,1.0,65485.14453125,1.4922745248631832,4.027253422296189,-1.5148754626834418,-2.1701405624083483,2.4987069308795595,-0.8274190723555745,-1.0360465057240509,-0.6382153896790985,-1.6706146748123296,-1.676312129367873
86.0,1.0,65658.2890625,1.394921107242661,4.749393325011534,2.395480571184735,-3.085780923187116,-1.5763376768109003,2.311066732307565,-1.0706262076892603,2.4579548972145826,3.498813176102658,3.436746510196997
86.0,1.0,66478.390625,-0.1656661161323285,4.749393325011534,2.4802031748458155,-3.085780923187116,-1.5763376768109003,2.8561950033729784,1.6123814215790249,2.63593754094484,3.498813176102658,3.2482971331976125
86.0,1.0,70274.7265625,-0.0538751850559737,-0.6557450739057256,-0.6070351569010901,2.1755926260465657,2.7632461894165643,-3.908378640528416,-1.7642754224593071,1.8743628611785363,-0.7579835653481588,0.919191449800824
86.0,1.0,70304.890625,-0.9665194838568024,2.8106168928105824,-1.5268469773678903,-2.040400636237365,-2.5740310189166635,4.07566188886754,-3.491923295897656,1.4828201681401518,1.73609912592263,2.442269253861726
86.0,1.0,73434.171875,1.394921107242661,4.94912793836717,2.395480571184735,-3.224031772240445,-0.1280763483115915,2.317856804914144,-1.9331560205771936,2.4579548972145826,3.498813176102658,3.436746510196997
86.0,1.0,78115.53125,-3.127665438786366,1.7151407340507625,-0.8526213717387274,-2.111250719848643,-2.0910656704740207,-1.8984427514675188,-1.9647734460350883,4.012024551337662,4.595138844430263,-0.2314696683068958
86.0,1.0,82436.078125,-3.1442018065143817,1.8284858563648312,-2.15576590591712,4.370228186012341,-2.090563762336613,-2.970768536633375,3.638272570533946,0.0683994664789118,3.6413327352997378,-1.0045168168489198
86.0,1.0,83709.296875,-3.8938266721869694,3.2793499644002075,-1.6091441802160111,-2.4495730308571426,-0.0321817438287297,0.3760883640414345,0.8093139987089204,-3.725225797077561,-2.235706735748404,-3.382559600793016
86.0,1.0,89679.875,0.2222959949052688,2.8565819152373586,2.779169681551375,-4.019251961916131,-2.455481940282424,3.9870555308622015,-0.4362154758869021,1.965206229743151,0.8432096459539142,2.3245823371794647
86.0,1.0,89848.7421875,3.666650482627375,-1.199570696224319,1.6865389977716352,-1.1329266268092733,1.7096550315145809,1.894246877981316,-1.0217665668353852,-4.176487238501901,-3.983482488309585,1.524972108923899
86.0,1.0,90414.234375,-2.6928180429988577,3.8834913103512094,-1.606487087361288,-3.66467389097227,-0.988618921754142,-0.3610243712036132,4.43154904359481,-4.110012563317419,-0.8272126635372317,-1.6801160118819078
86.0,1.0,91177.265625,-3.317082779466117,-4.220239332273067,-0.8434061538399407,-2.190801738151734,-1.0992659427873508,-0.3892579418496034,1.451124641885274,3.82668961362222,3.980114375072974,-0.3401149009299944
86.0,1.0,92157.03125,-0.0538751850559737,-0.6557450739057256,-0.6070351569010901,-4.89131493344285,2.749893385198685,-3.908378640528416,0.553583690619921,1.8919121402837185,-0.7579835653481588,-0.7576126085079382
86.0,1.0,95040.84375,3.666650482627375,-1.199570696224319,2.492197030324567,-1.1329266268092733,1.7096550315145809,2.8609540157501474,1.6612410625219989,-4.003769426276942,-4.048186271602186,1.3365227443626218
86.0,1.0,97707.546875,-0.5549477273506334,0.841126532589537,-2.4833809835310805,-4.146836607475876,4.336683597064136,3.289042149543045,2.949160100456063,1.3478711113234754,-4.255475964537075,-0.0195833722253988
86.0,1.0,97710.3203125,4.370086592818176,2.161286492649716,0.2904120451700533,-2.500486390408522,-1.743253529337101,-2.5098655593161467,2.9894337581465784,-3.7224768265152273,-0.1799365746287984,2.75037509817988
86.0,1.0,98235.890625,-2.6932746996801145,3.8834913103512094,-1.606487087361288,-3.66467389097227,-1.063040720040817,3.333515358063013,4.418640239022869,-1.0801535840527012,-3.407878913134664,-1.9220995529524545
86.0,1.0,99931.4453125,2.167978299020398,1.8284858563648312,-1.094681580859426,4.370228186012341,1.4198334591287836,3.938788860690487,3.675878970524116,2.8783245417805734,4.607820266460666,-0.0887549018718649
86.0,1.0,100648.3046875,-4.257924815778844,-3.6286611766393593,2.8990036584777528,-0.6999037014969396,-1.3845978597229722,-0.0221062161593685,-4.870926062224737,1.7902123488915036,1.2137516500000969,-1.1677706949838274
86.0,1.0,100997.921875,-3.329745160518232,-3.9309788985932057,-2.148847365501968,2.13076984802644,-1.0992659427873508,-0.4112459224598985,1.5344577196655942,-0.1993126259201796,3.980114375072974,-1.1101980283226904
86.0,1.0,103503.5625,-0.1002232562448828,-4.072100722632942,4.146566738737915,-2.275122536271404,-0.1433444144894073,3.7864210864189154,2.7128970514776274,2.847920250122089,4.483846172846261,1.5066759837540058
86.0,1.0,111784.234375,2.5814950985135408,-1.3268372136900004,2.887149268498716,-0.6999037014969396,-0.690785682224382,0.0096384798841293,0.7064227577338866,4.948603111759471,1.068548438050496,-2.274772571205109
86.0,1.0,112236.9453125,0.1621592788584802,2.2045759430398446,2.7050782187534423,-4.019251961916131,-2.455481940282424,-1.3967751098068284,-0.4362154758869021,1.965206229743151,0.8432096459539142,-0.2620069452058509
86.0,1.0,112236.9453125,0.1621592788584802,2.2045759430398446,2.7050782187534423,-4.019251961916131,-2.455481940282424,-1.3967751098068284,-0.4362154758869021,1.965206229743151,0.8432096459539142,-0.2620069452058509
86.0,1.0,113974.90625,2.5814950985135408,-3.688596084216519,2.8990036584777528,-0.6999037014969396,-1.3845978597229722,-0.0221062161593685,-4.926007805700516,1.7902123488915036,1.2137516500000969,-1.1677706949838274
86.0,2.0,14026.1494140625,1.7076862883796302,1.339306000238535,-0.2146722709318371,4.141283675978659,-0.1352792205497479,-0.9824066800015698,-1.9302953155256883,1.7082039288385955,2.322791101579302,1.820019426336935
86.0,2.0,15602.8828125,1.8017976626339505,1.015514114899303,-1.3186709398420382,4.269849511369019,-1.64906036881835,-3.030260731653189,-2.025831544559985,1.7054067674656357,2.322791101579302,1.135488982349338
86.0,2.0,16031.6337890625,-1.0266561999035908,2.158610920613068,-1.096733544950026,2.114957271493867,-2.5740310189166635,-1.905443004800334,-3.4706862157087848,-0.0109073049777507,1.73609912592263,-0.6654438723786773
86.0,2.0,16526.044921875,1.8007142763766335,-1.4244556140560238,-1.4299629279942605,3.1951950583170534,0.9084988303665352,-3.0384203887356485,-1.990484005946179,1.7058053914326996,2.1857312842073537,1.1337014065389193
86.0,2.0,19548.365234375,1.8007142763766335,-1.4244556140560238,-1.2426799901459482,3.839743075686125,0.9084988303665352,-3.0384203887356485,-1.990484005946179,1.88257871162414,2.609321340983831,1.1337014065389193
86.0,2.0,23545.642578125,1.7970342881098684,2.134266844373914,-1.2426799901459482,3.839743075686125,0.907959068492016,-1.1906278842080025,-1.9897324773992155,1.88257871162414,2.5791146206632543,1.1337014065389193
86.0,2.0,23739.58203125,1.698494158132008,1.3006495070186648,-1.1112364508640191,4.141283675978659,1.4207209295298344,-0.7734800070654713,3.400045315808041,1.7082039288385955,4.687056247262598,0.8029185386298663
86.0,2.0,24245.162109375,1.7076862883796302,1.339306000238535,-0.2146722709318371,4.184435046663737,1.551829200574831,-0.9824066800015698,-1.9302953155256883,1.0646412827598175,2.453423587950424,1.825962292159817
86.0,2.0,24376.3125,1.9962769397893128,1.015514114899303,-0.2648847537120513,4.269849511369019,-1.5835405490490355,-0.9891967634647963,-1.067765502637755,1.9229565837000808,2.322791101579302,2.820524770426709
86.0,2.0,25185.181640625,-3.14032781983848,2.001922678530935,-2.158062583400804,2.24415115268961,-2.0910656704740207,-1.920430732077956,-1.881440374695006,-0.0137301928530888,4.595138844430263,-1.0015527956995918
86.0,2.0,25584.42578125,-3.1800522429324856,-1.4244556140560238,-0.3366506943398593,2.25812183898337,0.9084988303665352,-2.9927658789720546,-1.990484005946179,1.88257871162414,2.644261892123453,1.1510731912855872
86.0,2.0,26998.01171875,-2.3945047807093225,0.6567648146145235,-2.47564071250803,-0.2399583521747894,1.9808492553409216,-1.567986135736439,-3.821431176744705,0.8264189001175151,-1.0673947736561389,-0.0932886987863546
86.0,2.0,27779.533203125,2.888266627777132,-1.4244556140560238,-0.3366506943398593,3.839743075686125,0.9084988303665352,-3.0384203887356485,-1.990484005946179,1.88257871162414,2.609321340983831,1.1510731912855872
86.0,2.0,28310.986328125,-0.2095612988512809,0.8564506225711246,-4.099529447129819,-3.8290355295314447,-1.3278174928464694,-0.1325012532926591,-1.595161294900875,1.4274545836805073,-3.398515090635465,0.953938814572636
86.0,2.0,28677.1953125,2.9008750802164416,-0.946701184665958,-3.424714742849587,-3.1453263295539067,-1.735954914331732,-0.3965711195145943,4.317103243166492,-1.8965186400236336,-4.731968224531727,-0.1726293377092869
86.0,2.0,29916.2734375,-0.0435609322440972,-4.54428483495404,-3.5477164783392534,-2.456342894018005,-1.912585338979834,-0.2523647380629887,-1.750205522107473,-3.8260905258750375,-3.3957507433450305,0.953938814572636
86.0,2.0,32560.802734375,-0.2095612988512809,0.8564506225711246,-4.099529447129819,-3.8290355295314447,-1.8107856835390657,-0.1315163548732563,-1.699338707819387,1.4209783727354548,-3.398515090635465,0.953938814572636
86.0,2.0,32560.802734375,-0.2095612988512809,0.8564506225711246,-4.099529447129819,-3.8290355295314447,-1.8107856835390657,-0.1315163548732563,-1.699338707819387,1.4209783727354548,-3.398515090635465,0.953938814572636
86.0,2.0,33855.796875,-0.0909785460954273,-1.5092457498035137,-3.61332513773255,3.2368906570505827,-1.908178939975973,-0.2358863111803391,-1.750205522107473,1.6227697167749269,-3.1554770926016507,0.9506809011706502
86.0,2.0,34065.23828125,2.908536916524527,3.219886863338352,-1.6091441802160111,2.204104042551881,-0.0277753448223463,0.3925667909240842,0.8279896522273633,1.522204319038849,-2.238471083027241,-3.382559600793016
86.0,2.0,34279.1953125,1.995193553531996,-1.4244556140560238,-1.4299629279942605,3.1951950583170534,0.9740186502227935,-0.9973564193750504,-1.0324179640239484,1.9233552076671447,2.1857312842073537,2.818737194580821
86.0,2.0,34366.99609375,-0.0538751850559737,-0.6557450739057256,-0.2665351210493323,3.599333479484448,2.894088109739425,-0.8546494315418116,0.553583690619921,1.9233983792699247,2.0623932152154065,2.658706476186825
86.0,2.0,36222.921875,-3.272949054945051,2.001922678530935,-2.1587384553905795,2.24415115268961,-3.078402096101248,-1.920430732077956,-1.881440374695006,-0.0137301928530888,4.595138844430263,-1.0015527956995918
86.0,2.0,37955.08203125,2.565129583719192,-0.946701184665958,-3.424714742849587,-3.1453263295539067,-1.735954914331732,-0.3008620713174077,4.847812874110355,-1.89004243112962,-4.731968224531727,-0.1726293377092869
86.0,2.0,38087.7265625,2.9008750802164416,-0.9382808217809816,-3.424714742849587,-3.1453263295539067,-1.735954914331732,-0.2565431449026918,4.847812874110355,-1.89004243112962,-4.731968224531727,-0.1603381955446974
86.0,2.0,38087.7265625,2.9008750802164416,-0.9382808217809816,-3.424714742849587,-3.1453263295539067,-1.735954914331732,-0.2565431449026918,4.847812874110355,-1.89004243112962,-4.731968224531727,-0.1603381955446974
86.0,2.0,38228.171875,-3.8938266721869694,-0.7628051219325744,-1.647722909279528,-3.913820386477449,-0.0321817438287297,0.3760883640414345,0.8093139987089204,-3.725225797077561,-2.235706735748404,-3.382559600793016
86.0,2.0,38467.69921875,2.9008750802164416,-0.946701184665958,-3.424714742849587,-3.1453263295539067,-1.735954914331732,-0.3975560179339972,4.847812874110355,-1.89004243112962,-4.731968224531727,-0.1726293377092869
86.0,2.0,39393.3359375,1.9998005435912911,-0.4569232065748785,-1.2426799901459482,3.839743075686125,2.8025998231161395,-3.2299288896173914,0.5222962583344635,1.88257871162414,2.583767970727,1.1337014065389193
86.0,2.0,39925.0078125,-3.8938266721869694,-0.8636311230498379,-1.6382309138061084,-3.913820386477449,-0.2790086456016282,0.3760883640414345,0.7747719820386989,-3.766130446788139,-2.063301245879936,-3.382559600793016
86.0,2.0,40855.265625,4.41308091919256,0.7587354781818556,0.2490339663911367,-2.560090180540544,0.3701240223454887,-0.9427143398965554,3.00650883643815,2.2542844252949097,0.0837543852027984,0.9520431676471656
86.0,2.0,42033.52734375,1.8133227288157432,-0.946701184665958,-2.510972710705571,-3.1453263295539067,-1.735954914331732,-0.3975560179339972,4.847812874110355,-1.89004243112962,-4.731968224531727,-0.1900011224559563
86.0,2.0,44048.0859375,1.511864419059782,-4.146689592399058,-1.5076631233474194,2.7780441927986383,2.4987069308795595,2.055767844325337,-1.0464005581180749,-0.6382153896790985,-1.7632594329971427,-1.676312129367873
86.0,2.0,44587.3671875,2.2649046492484346,2.001922678530935,-1.0969782583431078,2.24415115268961,-4.599615267676832,-1.9115064759474376,-1.8523278758991004,-0.0137301928530888,4.595138844430263,-0.0857908807225369
86.0,2.0,44652.7421875,-0.0909785460954273,-4.54428483495404,-3.5477164783392534,2.197333865047206,-1.908178939975973,-0.2358863111803391,-1.750205522107473,1.4209783727354548,-3.398515090635465,0.953938814572636
86.0,2.0,45408.41015625,-1.0266561999035908,2.158610920613068,-1.5268469773678903,-2.040400636237365,-2.5740310189166635,-1.3089565128520668,-3.687748309121849,1.4828201681401518,1.73609912592263,-0.6654438723786773
86.0,2.0,46722.046875,2.928026544394604,2.001922678530935,-2.158062583400804,3.8257723752621744,-2.0910656704740207,-1.966085241841,-1.881440374695006,-0.3899448114732531,4.560072340510974,-1.0015527956995918
86.0,2.0,46940.51953125,2.397589166485167,2.001922678530935,-1.09630238635333,2.24415115268961,-4.600650575134148,-1.9115064759474376,-1.8523278758991004,-0.0137301928530888,4.595138844430263,-0.0857908807225369
86.0,2.0,47360.47265625,1.4922745248631832,-4.146689592399058,-1.5076631233474194,-2.2027261469350057,2.4987069308795595,-2.707074288981862,-1.0360465057240509,-0.6382153896790985,-1.6706146748123296,-1.676312129367873
86.0,2.0,47360.47265625,1.4922745248631832,-4.146689592399058,-1.5076631233474194,-2.2027261469350057,2.4987069308795595,-2.707074288981862,-1.0360465057240509,-0.6382153896790985,-1.6706146748123296,-1.676312129367873
86.0,2.0,48400.26171875,2.955954586791028,3.219886863338352,-1.6091441802160111,-2.4495730308571426,-0.0321817438287297,0.3760883640414345,0.8279896522273633,-3.725225797077561,-2.235706735748404,-3.382559600793016
86.0,2.0,48527.8125,-2.3945047807093225,1.656334051208125,1.9645327954901115,-0.2399583521747894,1.9808492553409216,-1.567986135736439,-3.821431176744705,0.8264189001175151,-1.0673947736561389,-3.662116784346376
86.0,2.0,49311.1015625,-1.0596423313330177,1.260124122196187,-1.542981662261822,-2.239710988470579,-2.6304498380897265,-0.6589445725802836,-3.476597976395749,1.4828201681401518,1.73609912592263,2.442269253861726
86.0,2.0,52120.98828125,-0.0909785460954273,-4.54428483495404,-3.5477164783392534,-4.8121930882429975,-1.7152547711649964,-0.2907434801097122,0.567653590996406,1.438527651840637,-3.398515090635465,-0.7228652437361353
86.0,2.0,53423.23046875,-3.664305091314586,-4.220239332273067,-0.8528981493133603,2.8918025627464083,-0.0297567662397136,-0.3892579418496034,1.2377852652223649,3.8669925191682233,3.755475359929264,-0.3401149009299944
86.0,2.0,54490.30078125,-0.0909785460954273,-4.54428483495404,-3.5477164783392534,-4.8121930882429975,-1.9215333760759048,-0.2907434801097122,0.567653590996406,1.438527651840637,-3.398515090635465,-0.7228652437361353
86.0,2.0,54490.30078125,-0.0909785460954273,-4.54428483495404,-3.5477164783392534,-4.8121930882429975,-1.9215333760759048,-0.2907434801097122,0.567653590996406,1.438527651840637,-3.398515090635465,-0.7228652437361353
86.0,2.0,56296.4296875,-3.664305091314586,-4.220239332273067,-0.8434061538399407,2.8918025627464083,-0.2765836680126121,-0.3892579418496034,1.4396945510204853,3.82668961362222,3.980114375072974,-0.3401149009299944
86.0,2.0,56347.328125,2.17717042926802,2.59671474910332,-0.1981174009272437,4.370228186012341,-0.1361666909508249,4.046560030422688,-1.9841213996109648,2.8783245417805734,2.2707405831640384,-0.0887549018718649
86.0,2.0,56714.13671875,1.8007142763766335,-4.45872837779649,-1.364354120005442,2.1556382663112137,0.9084988303665352,-3.0384203887356485,-1.990484005946179,1.810931305581547,1.9427485256337995,1.1369593199409052
86.0,3.0,7879.5234375,-3.1800522429324856,1.248983085415409,-0.3366506943398593,2.25812183898337,0.9084988303665352,-2.9927658789720546,-1.990484005946179,1.923070871487269,2.6485890735945343,1.1510731912855872
86.0,3.0,10971.65625,1.3056312514658612,2.198944956252184,-2.156894571698471,2.335907158919384,-1.912834276294812,-0.3077693194759563,-1.740889019185586,-0.2021978247194249,4.551503226078445,0.953938814572636
86.0,3.0,12210.1328125,1.8133227288157432,-0.946701184665958,-2.510972710705571,-3.3634235902101395,-1.8055968090911336,-0.3975560179339972,-1.5561701936626404,-1.89004243112962,-4.563637241821773,-0.1900011224559563
86.0,3.0,12502.8662109375,1.9256934760475035,1.015514114899303,-0.2648847537120513,4.284708958958455,-1.5835405490490355,-0.9891967634647963,-1.0846178193503442,1.9229565837000808,2.322791101579302,-0.611515785953578
86.0,3.0,12853.2734375,-0.9560727372315168,2.158610920613068,-1.096733544950026,2.1000849058431994,-2.5740310189166635,-1.905443004800334,-3.4538338260162647,-0.0109073049777507,1.73609912592263,2.766596562141748
86.0,3.0,13086.744140625,-2.308379307458219,-0.7628051219325744,-2.542383169210911,-0.2692175869416853,-0.0321817438287297,0.3760883640414345,0.8093139987089204,-3.70253819272446,-1.0308400827900148,-0.110315546798704
86.0,3.0,14026.1494140625,1.7076862883796302,1.339306000238535,-0.2146722709318371,4.141283675978659,-0.1352792205497479,-0.9824066800015698,-1.9302953155256883,1.7082039288385955,2.322791101579302,1.820019426336935
86.0,3.0,14026.1494140625,1.7076862883796302,1.339306000238535,-0.2146722709318371,4.141283675978659,-0.1352792205497479,-0.9824066800015698,-1.9302953155256883,1.7082039288385955,2.322791101579302,1.820019426336935
86.0,3.0,15602.8828125,1.8017976626339505,1.015514114899303,-1.3186709398420382,4.269849511369019,-1.64906036881835,-3.030260731653189,-2.025831544559985,1.7054067674656357,2.322791101579302,1.135488982349338
86.0,3.0,15849.990234375,-0.043671367251834,-1.0097060833250886,-0.0606994794042088,3.554656509077828,-1.912585338979834,-0.2523647380629887,-1.750205522107473,2.027730275604415,2.5474220800792025,2.627957480655936
86.0,3.0,15862.62890625,1.7076862883796302,1.339306000238535,-1.0793650635591834,4.141283675978659,-0.1352792205497479,-0.9824066800015698,-1.9295792290356208,1.7082039288385955,2.3456176377767863,1.820019426336935
86.0,3.0,16031.6337890625,-1.0266561999035908,2.158610920613068,-1.096733544950026,2.114957271493867,-2.5740310189166635,-1.905443004800334,-3.4706862157087848,-0.0109073049777507,1.73609912592263,-0.6654438723786773
86.0,3.0,16526.044921875,1.8007142763766335,-1.4244556140560238,-1.4299629279942605,3.1951950583170534,0.9084988303665352,-3.0384203887356485,-1.990484005946179,1.7058053914326996,2.1857312842073537,1.1337014065389193
86.0,3.0,18240.96484375,-3.272949054945051,2.001922678530935,-2.1587384553905795,2.24415115268961,0.8851536969827014,-1.920430732077956,-2.246759899849183,1.6373957620530564,4.595138844430263,-1.0015527956995918
86.0,3.0,19548.365234375,1.8007142763766335,-1.4244556140560238,-1.2426799901459482,3.839743075686125,0.9084988303665352,-3.0384203887356485,-1.990484005946179,1.88257871162414,2.609321340983831,1.1337014065389193
86.0,3.0,21201.908203125,2.9008750802164416,-1.0459511861404662,-3.424714742849587,-2.640334793089134,-1.735954914331732,-1.8646932800022429,-1.934046376824124,-1.89004243112962,-4.610832158673131,-0.1118091192756566
86.0,3.0,22112.732421875,-0.2362007479153371,2.015239140492681,-1.0969782583431078,2.3726896058812774,-4.599615267676832,-1.9115064759474376,-1.8523278758991004,1.4601106965442898,4.595138844430263,-0.0857908807225369
86.0,3.0,22486.177734375,1.7701296195030984,0.8688631985453309,-0.999850469174205,4.141283675978659,1.4207209295298344,-0.7734800070654713,3.400045315808041,1.4202231433156336,4.687056247262598,0.8043714686088334
86.0,3.0,23335.15234375,2.2915440977517925,0.8431341606093719,-4.099529447129819,-3.956045279778124,-1.3278174928464694,-0.1325012532926591,-1.595161294900875,-0.0463863057168997,-3.398515090635465,0.953938814572636
86.0,3.0,23545.642578125,1.7970342881098684,2.134266844373914,-1.2426799901459482,3.839743075686125,0.907959068492016,-1.1906278842080025,-1.9897324773992155,1.88257871162414,2.5791146206632543,1.1337014065389193
86.0,3.0,23739.58203125,1.698494158132008,1.3006495070186648,-1.1112364508640191,4.141283675978659,1.4207209295298344,-0.7734800070654713,3.400045315808041,1.7082039288385955,4.687056247262598,0.8029185386298663
86.0,3.0,24163.0390625,1.7076862883796302,1.339306000238535,-0.2146722709318371,4.184435046663737,1.551829200574831,-0.9824066800015698,-1.9302953155256883,1.004825355947693,2.453423587950424,1.825962292159817
86.0,3.0,24245.162109375,1.7076862883796302,1.339306000238535,-0.2146722709318371,4.184435046663737,1.551829200574831,-0.9824066800015698,-1.9302953155256883,1.0646412827598175,2.453423587950424,1.825962292159817
86.0,3.0,24376.3125,1.9962769397893128,1.015514114899303,-0.2648847537120513,4.269849511369019,-1.5835405490490355,-0.9891967634647963,-1.067765502637755,1.9229565837000808,2.322791101579302,2.820524770426709
86.0,3.0,25154.734375,1.8007142763766335,-1.0729213006795069,-1.2426799901459482,3.839743075686125,1.701955327237844,-3.0384203887356485,-1.990484005946179,1.88257871162414,2.609321340983831,1.1337014065389193
86.0,3.0,25185.181640625,-3.14032781983848,2.001922678530935,-2.158062583400804,2.24415115268961,-2.0910656704740207,-1.920430732077956,-1.881440374695006,-0.0137301928530888,4.595138844430263,-1.0015527956995918
86.0,3.0,25584.42578125,-3.1800522429324856,-1.4244556140560238,-0.3366506943398593,2.25812183898337,0.9084988303665352,-2.9927658789720546,-1.990484005946179,1.88257871162414,2.644261892123453,1.1510731912855872
86.0,3.0,26249.98046875,1.7970342881098684,2.213344269957628,-1.2196320211586955,4.084857792805524,0.907959068492016,-1.1906278842080025,-1.9897324773992155,1.851191859031492,2.5791146206632543,1.1071827729076589
86.0,3.0,26998.01171875,-2.3945047807093225,0.6567648146145235,-2.47564071250803,-0.2399583521747894,1.9808492553409216,-1.567986135736439,-3.821431176744705,0.8264189001175151,-1.0673947736561389,-0.0932886987863546
86.0,3.0,27779.533203125,2.888266627777132,-1.4244556140560238,-0.3366506943398593,3.839743075686125,0.9084988303665352,-3.0384203887356485,-1.990484005946179,1.88257871162414,2.609321340983831,1.1510731912855872
86.0,3.0,28060.125,-0.2095612988512809,0.8564506225711246,-4.081659760637891,-3.8290355295314447,-1.7595173297860511,0.3864367377863661,-1.1973985837542755,-3.841357590729968,-3.4219004750263484,-3.5183224668559334
86.0,3.0,28310.986328125,-0.2095612988512809,0.8564506225711246,-4.099529447129819,-3.8290355295314447,-1.3278174928464694,-0.1325012532926591,-1.595161294900875,1.4274545836805073,-3.398515090635465,0.953938814572636
86.0,3.0,28310.986328125,-0.2095612988512809,0.8564506225711246,-4.099529447129819,-3.8290355295314447,-1.3278174928464694,-0.1325012532926591,-1.595161294900875,1.4274545836805073,-3.398515090635465,0.953938814572636
86.0,3.0,28592.3671875,1.8017976626339505,-1.3647748254748426,-1.3186709398420382,4.269849511369019,-1.64906036881835,-3.0302086086275373,-2.025831544559985,1.7054067674656357,2.322791101579302,1.135488982349338
86.0,3.0,28677.1953125,2.9008750802164416,-0.946701184665958,-3.424714742849587,-3.1453263295539067,-1.735954914331732,-0.3965711195145943,4.317103243166492,-1.8965186400236336,-4.731968224531727,-0.1726293377092869
86.0,3.0,29916.2734375,-0.0435609322440972,-4.54428483495404,-3.5477164783392534,-2.456342894018005,-1.912585338979834,-0.2523647380629887,-1.750205522107473,-3.8260905258750375,-3.3957507433450305,0.953938814572636
86.0,3.0,30016.630859375,1.7970342881098684,2.134266844373914,-1.4480644320798428,4.189628178321332,0.907959068492016,-1.1906278842080025,-2.2182607688797376,1.8149596423048784,1.2927645828347596,1.1212847423472936
86.0,3.0,31047.923828125,1.9998005435912911,-0.4569232065748785,-1.2426799901459482,-3.0002031890852394,-1.8418952362824392,-3.2299288896173914,0.5222962583344635,-1.857252364758899,-4.5192872656333245,-0.1552391787246625
86.0,3.0,32560.802734375,-0.2095612988512809,0.8564506225711246,-4.099529447129819,-3.8290355295314447,-1.8107856835390657,-0.1315163548732563,-1.699338707819387,1.4209783727354548,-3.398515090635465,0.953938814572636
86.0,3.0,32560.802734375,-0.2095612988512809,0.8564506225711246,-4.099529447129819,-3.8290355295314447,-1.8107856835390657,-0.1315163548732563,-1.699338707819387,1.4209783727354548,-3.398515090635465,0.953938814572636
86.0,3.0,33738.578125,1.995193553531996,-1.4244556140560238,-1.4299629279942605,3.1951950583170534,0.9740186502227935,-0.9973564193750504,-1.388890616097331,1.9233552076671447,2.1857312842073537,2.818737194580821
86.0,3.0,33855.796875,-0.0909785460954273,-1.5092457498035137,-3.61332513773255,3.2368906570505827,-1.908178939975973,-0.2358863111803391,-1.750205522107473,1.6227697167749269,-3.1554770926016507,0.9506809011706502
86.0,3.0,34065.23828125,2.908536916524527,3.219886863338352,-1.6091441802160111,2.204104042551881,-0.0277753448223463,0.3925667909240842,0.8279896522273633,1.522204319038849,-2.238471083027241,-3.382559600793016
86.0,3.0,34279.1953125,1.995193553531996,-1.4244556140560238,-1.4299629279942605,3.1951950583170534,0.9740186502227935,-0.9973564193750504,-1.0324179640239484,1.9233552076671447,2.1857312842073537,2.818737194580821
86.0,3.0,34366.99609375,-0.0538751850559737,-0.6557450739057256,-0.2665351210493323,3.599333479484448,2.894088109739425,-0.8546494315418116,0.553583690619921,1.9233983792699247,2.0623932152154065,2.658706476186825
86.0,3.0,35598.73046875,1.8007142763766335,1.9664158450766875,-1.2426799901459482,3.839743075686125,1.402808135410061,-3.0384203887356485,-1.990484005946179,1.88257871162414,2.609321340983831,1.1337140798120455
86.0,3.0,36222.921875,-3.272949054945051,2.001922678530935,-2.1587384553905795,2.24415115268961,-3.078402096101248,-1.920430732077956,-1.881440374695006,-0.0137301928530888,4.595138844430263,-1.0015527956995918
86.0,3.0,36948.33984375,-0.2811967602293209,1.2882369310444584,-4.210774667039428,-3.8290355295314447,-1.8107856835390657,-0.1315163548732563,-1.699338707819387,1.7089591582584167,-3.398515090635465,0.9524858845936688
86.0,3.0,36959.9765625,2.9008750802164416,-1.0173582556536562,-3.447762673249594,-3.395738763388422,-1.735954914331732,-0.0238292706164406,4.847812874110355,-1.8586555783038496,-4.731968224531727,-0.1338195619134373
86.0,3.0,37955.08203125,2.565129583719192,-0.946701184665958,-3.424714742849587,-3.1453263295539067,-1.735954914331732,-0.3008620713174077,4.847812874110355,-1.89004243112962,-4.731968224531727,-0.1726293377092869
86.0,4.0,6666.80126953125,1.8588751161254904,1.015514114899303,-0.2648847537120513,-0.3948244785470671,-1.503826544684969,-0.969712124257656,-1.0720928105896828,2.116714977381609,2.25666634813278,-0.5941879262877702
86.0,4.0,7197.35107421875,-3.1800522429324856,1.290301764284722,-0.3366506943398593,2.25812183898337,-1.63490811239978,-3.0169878071552705,-1.93130026029643,1.923070871487269,2.6485890735945343,1.1510731912855872
86.0,4.0,7661.29296875,-1.0266561999035908,2.158610920613068,-0.2280174559888426,2.114957271493867,-2.5740310189166635,-1.905443004800334,-3.4706862157087848,-0.0109073049777507,2.445018579374776,2.3532828263392576
86.0,4.0,7879.5234375,-3.1800522429324856,1.248983085415409,-0.3366506943398593,2.25812183898337,0.9084988303665352,-2.9927658789720546,-1.990484005946179,1.923070871487269,2.6485890735945343,1.1510731912855872
86.0,4.0,7936.53125,-3.225771393946853,1.248983085415409,0.0332143543541492,2.25812183898337,0.9084988303665352,-2.9927658789720546,-1.990484005946179,1.923070871487269,2.6535526281299564,0.9527413340802297
86.0,4.0,8568.412109375,-0.9560727372315168,2.158610920613068,-1.096733544950026,2.1000849058431994,-2.5740310189166635,-1.199784322068313,-2.011759638119499,0.0019226484654141,1.73609912592263,2.766596562141748
86.0,4.0,9187.5205078125,1.3056312514658612,2.310513780043763,-2.156894571698471,2.335907158919384,-1.912834276294812,-0.3077693194759563,-1.1995851965055857,-0.2021978247194249,4.551503226078445,0.5696527524562092
86.0,4.0,10971.65625,1.3056312514658612,2.198944956252184,-2.156894571698471,2.335907158919384,-1.912834276294812,-0.3077693194759563,-1.740889019185586,-0.2021978247194249,4.551503226078445,0.953938814572636
86.0,4.0,11028.1826171875,-0.8666367241519651,2.158610920613068,-1.2166473159832034,2.1000849058431994,-2.6718921978563333,-1.903854088638116,-3.5028750148317487,0.0380923933020469,1.7452237392841825,1.062406886682453
86.0,4.0,11590.4375,-0.2024719391490406,2.1433847794932346,-1.096733544950026,2.114957271493867,-1.2193210813001478,-0.1816307184564438,-3.4706862157087848,-0.0109073049777507,1.9089359362101053,-0.664817863911016
86.0,4.0,12210.1328125,1.8133227288157432,-0.946701184665958,-2.510972710705571,-3.3634235902101395,-1.8055968090911336,-0.3975560179339972,-1.5561701936626404,-1.89004243112962,-4.563637241821773,-0.1900011224559563
86.0,4.0,12502.8662109375,1.9256934760475035,1.015514114899303,-0.2648847537120513,4.284708958958455,-1.5835405490490355,-0.9891967634647963,-1.0846178193503442,1.9229565837000808,2.322791101579302,-0.611515785953578
86.0,4.0,12502.8662109375,1.9256934760475035,1.015514114899303,-0.2648847537120513,4.284708958958455,-1.5835405490490355,-0.9891967634647963,-1.0846178193503442,1.9229565837000808,2.322791101579302,-0.611515785953578
86.0,4.0,12853.2734375,-0.9560727372315168,2.158610920613068,-1.096733544950026,2.1000849058431994,-2.5740310189166635,-1.905443004800334,-3.4538338260162647,-0.0109073049777507,1.73609912592263,2.766596562141748
86.0,4.0,12975.1748046875,1.7076862883796302,1.339306000238535,-0.2146722709318371,4.270370585567795,-0.1352792205497479,-1.9368665521296424,-1.9302953155256883,1.7082039288385955,2.322791101579302,1.820019426336935
86.0,4.0,13086.744140625,-2.308379307458219,-0.7628051219325744,-2.542383169210911,-0.2692175869416853,-0.0321817438287297,0.3760883640414345,0.8093139987089204,-3.70253819272446,-1.0308400827900148,-0.110315546798704
86.0,4.0,13751.787109375,1.8017976626339505,1.015514114899303,-1.3186709398420382,3.677322094568333,-0.1394994864730032,-3.030260731653189,-2.025831544559985,1.7054067674656357,2.322791101579302,1.135488982349338
86.0,4.0,14026.1494140625,1.7076862883796302,1.339306000238535,-0.2146722709318371,4.141283675978659,-0.1352792205497479,-0.9824066800015698,-1.9302953155256883,1.7082039288385955,2.322791101579302,1.820019426336935
86.0,4.0,14026.1494140625,1.7076862883796302,1.339306000238535,-0.2146722709318371,4.141283675978659,-0.1352792205497479,-0.9824066800015698,-1.9302953155256883,1.7082039288385955,2.322791101579302,1.820019426336935
86.0,4.0,14026.1494140625,1.7076862883796302,1.339306000238535,-0.2146722709318371,4.141283675978659,-0.1352792205497479,-0.9824066800015698,-1.9302953155256883,1.7082039288385955,2.322791101579302,1.820019426336935
86.0,4.0,14132.2578125,1.8007142763766335,-1.0113770862502232,-0.0682189618228991,3.554391421850788,0.9084988303665352,-3.0384203887356485,-1.7563573743892988,2.04045543302094,2.1857312842073537,1.1337014065389193
86.0,4.0,14484.306640625,-0.0546411354219235,-0.6509343768572172,-0.129555110091464,3.58645296409963,-1.908178939975973,-0.2159478845861426,0.4832763278306653,1.6227697167749269,2.2956501897844044,2.546266583085162
86.0,4.0,15334.7509765625,1.7076862883796302,1.339306000238535,-0.2146722709318371,4.142544404637497,-1.6448401028950534,-0.9824066800015698,-1.9302953155256883,1.7082039288385955,2.807997644034142,1.820019426336935
86.0,4.0,15602.8828125,1.8017976626339505,1.015514114899303,-1.3186709398420382,4.269849511369019,-1.64906036881835,-3.030260731653189,-2.025831544559985,1.7054067674656357,2.322791101579302,1.135488982349338
86.0,4.0,15849.990234375,-0.043671367251834,-1.0097060833250886,-0.0606994794042088,3.554656509077828,-1.912585338979834,-0.2523647380629887,-1.750205522107473,2.027730275604415,2.5474220800792025,2.627957480655936
86.0,4.0,15862.62890625,1.7076862883796302,1.339306000238535,-1.0793650635591834,4.141283675978659,-0.1352792205497479,-0.9824066800015698,-1.9295792290356208,1.7082039288385955,2.3456176377767863,1.820019426336935
86.0,4.0,16031.6337890625,-1.0266561999035908,2.158610920613068,-1.096733544950026,2.114957271493867,-2.5740310189166635,-1.905443004800334,-3.4706862157087848,-0.0109073049777507,1.73609912592263,-0.6654438723786773
86.0,4.0,16114.2119140625,1.7076862883796302,1.339306000238535,-0.2146722709318371,4.145018741083099,-0.1464936844997032,-0.3935456295610053,-1.9302953155256883,1.712639614002471,2.450206135797091,1.8201822117284383
86.0,4.0,16526.044921875,1.8007142763766335,-1.4244556140560238,-1.4299629279942605,3.1951950583170534,0.9084988303665352,-3.0384203887356485,-1.990484005946179,1.7058053914326996,2.1857312842073537,1.1337014065389193
86.0,4.0,18235.013671875,-0.043671367251834,-1.4227846111308893,-1.4224434455755657,3.195460145544093,-1.912585338979834,-0.2523647380629887,-1.9843321536643528,1.693080234016174,2.5474220800792025,2.627957480655936
86.0,4.0,18240.96484375,-3.272949054945051,2.001922678530935,-2.1587384553905795,2.24415115268961,0.8851536969827014,-1.920430732077956,-2.246759899849183,1.6373957620530564,4.595138844430263,-1.0015527956995918
86.0,4.0,18240.96484375,-3.272949054945051,2.001922678530935,-2.1587384553905795,2.24415115268961,0.8851536969827014,-1.920430732077956,-2.246759899849183,1.6373957620530564,4.595138844430263,-1.0015527956995918
86.0,4.0,18530.88671875,1.8007142763766335,0.9064984290599536,-1.4299629279942605,3.126950748682436,0.9084988303665352,-3.0384203887356485,-1.9513830808442607,1.7058053914326996,2.17892604168494,3.101262913273569
86.0,4.0,19135.181640625,-3.145247479598991,-1.3065870175072691,-1.3514887082330842,2.5314792568105133,-1.5162968726793944,-2.9927658789720546,-1.990484005946179,1.706629844601301,2.339019326034589,1.1510731912855872
86.0,4.0,19548.365234375,1.8007142763766335,-1.4244556140560238,-1.2426799901459482,3.839743075686125,0.9084988303665352,-3.0384203887356485,-1.990484005946179,1.88257871162414,2.609321340983831,1.1337014065389193
86.0,4.0,20533.6171875,1.7670046127400687,0.8976455183582874,-0.3038329259488131,4.269849511369019,0.7757353342648583,-3.030260731653189,-2.025831544559985,1.881355634488474,2.6280336676681664,1.135488982349338
86.0,4.0,20853.212890625,-3.395427989227758,2.001922678530935,-2.1635166976402216,2.3305747546143563,-2.0910656704740207,-0.2601916816208915,-1.5734288176810545,-0.0137301928530888,4.3426857846836,-1.0015527956995918
86.0,4.0,21011.798828125,1.7231444411970145,0.8528339915614555,-1.0793650635591834,-4.02653624062068,-0.1352792205497479,-0.9755389541874266,-0.9124017872968928,1.7082039288385955,-2.7139531525564893,0.9427247696910916
86.0,4.0,21201.908203125,2.9008750802164416,-1.0459511861404662,-3.424714742849587,-2.640334793089134,-1.735954914331732,-1.8646932800022429,-1.934046376824124,-1.89004243112962,-4.610832158673131,-0.1118091192756566
86.0,4.0,21797.18359375,2.902738900094195,-1.0459511861404662,-3.3693172745487585,-2.640334793089134,-1.7508826226989054,-1.9116976681187607,-1.9341312418676493,-1.89004243112962,-4.610832158673131,-0.0855112433099462
86.0,4.0,22112.732421875,-0.2362007479153371,2.015239140492681,-1.0969782583431078,2.3726896058812774,-4.599615267676832,-1.9115064759474376,-1.8523278758991004,1.4601106965442898,4.595138844430263,-0.0857908807225369
86.0,4.0,22295.962890625,-0.2380646315946626,2.015239140492681,-1.1523756875442304,2.3726896058812774,-4.583826944424834,-1.8645020878309195,-1.8522430108555743,1.4601106965442898,4.595138844430263,-0.1120887566882472
86.0,4.0,22486.177734375,1.7701296195030984,0.8688631985453309,-0.999850469174205,4.141283675978659,1.4207209295298344,-0.7734800070654713,3.400045315808041,1.4202231433156336,4.687056247262598,0.8043714686088334
86.0,4.0,23092.880859375,1.8003576928347498,0.8688631985453309,-1.013624072627155,4.142432980115869,1.4207209295298344,-0.4764910259370858,3.1871089139337814,1.8752056780700923,4.967849246782952,0.8043714686088334
86.0,4.0,23271.509765625,2.9008750802164416,-1.0459511861404662,-3.424714742849587,-2.640334793089134,0.8074520285153954,-1.840471351817484,-1.9932301224738724,-1.89004243112962,-4.610832158673131,-0.1118091192756566
86.0,4.0,23335.15234375,2.2915440977517925,0.8431341606093719,-4.099529447129819,-3.956045279778124,-1.3278174928464694,-0.1325012532926591,-1.595161294900875,-0.0463863057168997,-3.398515090635465,0.953938814572636
86.0,4.0,23529.884765625,1.7704862030449824,-1.0729213006795069,-1.228906386692998,3.8385937715489145,1.701955327237844,-3.0384203887356485,-1.7775919626105583,1.4275961768696808,2.231680164230853,1.1337014065389193
86.0,4.0,23545.642578125,1.7970342881098684,2.134266844373914,-1.2426799901459482,3.839743075686125,0.907959068492016,-1.1906278842080025,-1.9897324773992155,1.88257871162414,2.5791146206632543,1.1337014065389193
86.0,4.0,23739.58203125,1.698494158132008,1.3006495070186648,-1.1112364508640191,4.141283675978659,1.4207209295298344,-0.7734800070654713,3.400045315808041,1.7082039288385955,4.687056247262598,0.8029185386298663
86.0,4.0,23739.58203125,1.698494158132008,1.3006495070186648,-1.1112364508640191,4.141283675978659,1.4207209295298344,-0.7734800070654713,3.400045315808041,1.7082039288385955,4.687056247262598,0.8029185386298663
86.0,5.0,2702.90869140625,-3.1800522429324856,1.248983085415409,-0.3366506943398593,2.25812183898337,0.9084988303665352,-1.9052550404482589,-1.9834028162089108,1.923070871487269,2.6485890735945343,1.1510731912855872
86.0,5.0,5629.291015625,-0.8885585866112996,2.158610920613068,-1.4302013682347112,2.13855457185087,-2.6718921978563333,-1.903854088638116,-1.905021295960177,0.0380923933020469,1.7450281474318432,1.062406886682453
86.0,5.0,5818.13232421875,-3.2347214306980456,1.248983085415409,-0.3366506943398593,2.25812183898337,0.9084988303665352,-2.847703664209768,-2.0115415312986165,1.923070871487269,3.109257453340472,1.6023582622502073
86.0,5.0,5885.509765625,-3.1800522429324856,1.0113648822623855,-0.2667225927223077,2.25812183898337,-1.63490811239978,-3.0543848527836195,-1.1817594212703546,1.923070871487269,2.6485890735945343,1.2574633510532558
86.0,5.0,6666.80126953125,1.8588751161254904,1.015514114899303,-0.2648847537120513,-0.3948244785470671,-1.503826544684969,-0.969712124257656,-1.0720928105896828,2.116714977381609,2.25666634813278,-0.5941879262877702
86.0,5.0,6966.81396484375,-1.0266561999035908,2.2241873148411475,-0.2280174559888426,2.114957271493867,-2.542471790365672,-1.905443004800334,-3.4706862157087848,0.2048011398879857,2.344439476120132,1.827870789095108
86.0,5.0,7093.419921875,1.8735649163225367,1.280187537448065,-0.2648847537120513,2.352138997604717,-1.503794486204888,-0.969712124257656,-0.9988622614621064,2.1214665582471373,2.575655490324187,1.0928893479734396
86.0,5.0,7197.35107421875,-3.1800522429324856,1.290301764284722,-0.3366506943398593,2.25812183898337,-1.63490811239978,-3.0169878071552705,-1.93130026029643,1.923070871487269,2.6485890735945343,1.1510731912855872
86.0,5.0,7661.29296875,-1.0266561999035908,2.158610920613068,-0.2280174559888426,2.114957271493867,-2.5740310189166635,-1.905443004800334,-3.4706862157087848,-0.0109073049777507,2.445018579374776,2.3532828263392576
86.0,5.0,7879.5234375,-3.1800522429324856,1.248983085415409,-0.3366506943398593,2.25812183898337,0.9084988303665352,-2.9927658789720546,-1.990484005946179,1.923070871487269,2.6485890735945343,1.1510731912855872
86.0,5.0,7936.53125,-3.225771393946853,1.248983085415409,0.0332143543541492,2.25812183898337,0.9084988303665352,-2.9927658789720546,-1.990484005946179,1.923070871487269,2.6535526281299564,0.9527413340802297
86.0,5.0,7936.53125,-3.225771393946853,1.248983085415409,0.0332143543541492,2.25812183898337,0.9084988303665352,-2.9927658789720546,-1.990484005946179,1.923070871487269,2.6535526281299564,0.9527413340802297
86.0,5.0,8423.1396484375,1.8588751161254904,-1.3418019368534249,-0.0695239479576948,-0.3948244785470671,1.091327647430886,-0.9663993435025052,-1.8104757715056423,2.116714977381609,2.25666634813278,-0.5941879262877702
86.0,5.0,8449.84375,-0.1661894422511456,2.158610920613068,-1.096733544950026,2.1000849058431994,-1.0956106740957112,-0.1927986108168888,-1.9234963779553056,0.0017021611929898,1.907926966851912,2.9213261337470584
86.0,5.0,8526.5458984375,-0.3265462567569241,2.158610920613068,-0.2282925735031316,2.1149923332741687,-2.5740310189166635,-1.905443004800334,-3.4538338260162647,-0.5227523389756948,2.315533786300102,2.3574235392623564
86.0,5.0,8568.412109375,-0.9560727372315168,2.158610920613068,-1.096733544950026,2.1000849058431994,-2.5740310189166635,-1.199784322068313,-2.011759638119499,0.0019226484654141,1.73609912592263,2.766596562141748
86.0,5.0,9009.5546875,1.3056312514658612,1.908163502948414,-2.156894571698471,2.335907158919384,-1.912834276294812,-0.3077693194759563,-1.1995851965055857,-0.2021978247194249,4.551503226078445,0.5696527524562092
86.0,5.0,9013.3291015625,1.2971431067720718,2.198944956252184,-0.2942489946273426,2.335907158919384,-1.9417616580793275,-0.3077693194759563,-1.9207352868924328,-0.2021978247194249,2.2861620431068044,1.87441117182
86.0,5.0,9187.5205078125,1.3056312514658612,2.310513780043763,-2.156894571698471,2.335907158919384,-1.912834276294812,-0.3077693194759563,-1.1995851965055857,-0.2021978247194249,4.551503226078445,0.5696527524562092
86.0,5.0,9846.2626953125,-0.0546411354219235,-0.6509343768572172,-0.129555110091464,3.58645296409963,-0.1551024746516627,-0.2173141325408194,0.4832763278306653,1.7251546027770677,2.2966552171369643,2.546266583085162
86.0,5.0,10333.244140625,-1.0266561999035908,2.1924206421052825,-0.2183867913660654,2.114957271493867,-1.573228598727363,-0.997305441882792,-3.4706862157087848,-0.0109073049777507,2.3044081629909936,-0.6654438723786773
86.0,5.0,10334.36328125,1.8017976626339505,1.015514114899303,-0.2175604072374163,3.6691319186165794,-0.1352503424568451,-1.960295950807431,-2.025831544559985,1.7056658428481877,2.322791101579302,1.135488982349338
86.0,5.0,10971.65625,1.3056312514658612,2.198944956252184,-2.156894571698471,2.335907158919384,-1.912834276294812,-0.3077693194759563,-1.740889019185586,-0.2021978247194249,4.551503226078445,0.953938814572636
86.0,5.0,10979.8369140625,1.8017976626339505,1.015514114899303,-1.3186709398420382,2.1030242027767674,-0.1394994864730032,-3.030260731653189,-2.025831544559985,1.7054067674656357,2.322791101579302,1.135488982349338
86.0,5.0,11028.1826171875,-0.8666367241519651,2.158610920613068,-1.2166473159832034,2.1000849058431994,-2.6718921978563333,-1.903854088638116,-3.5028750148317487,0.0380923933020469,1.7452237392841825,1.062406886682453
86.0,5.0,11103.56640625,1.8007142763766335,1.221618157200285,-0.2635797675772555,3.554391421850788,-1.686655361514014,-3.041733168030448,-1.0179744134733393,2.767615748440302,2.1857312842073537,1.1337014065389193
86.0,5.0,11590.4375,-0.2024719391490406,2.1433847794932346,-1.096733544950026,2.114957271493867,-1.2193210813001478,-0.1816307184564438,-3.4706862157087848,-0.0109073049777507,1.9089359362101053,-0.664817863911016
86.0,5.0,11590.4375,-0.2024719391490406,2.1433847794932346,-1.096733544950026,2.114957271493867,-1.2193210813001478,-0.1816307184564438,-3.4706862157087848,-0.0109073049777507,1.9089359362101053,-0.664817863911016
86.0,5.0,11666.662109375,-0.9014035273444538,2.158610920613068,-1.096733544950026,3.960776177973897,-2.5740310189166635,-1.199784322068313,-1.9907021127670608,0.0019226484654141,1.7365886858543518,2.776400912205649
86.0,5.0,12210.1328125,1.8133227288157432,-0.946701184665958,-2.510972710705571,-3.3634235902101395,-1.8055968090911336,-0.3975560179339972,-1.5561701936626404,-1.89004243112962,-4.563637241821773,-0.1900011224559563
86.0,5.0,12299.93359375,1.9256934760475035,0.9231148639174666,-0.2648847537120513,4.284708958958455,-1.5884602836568569,-0.9891967634647963,-1.0846178193503442,1.8564986445042169,2.0757174957060243,-0.611515785953578
86.0,5.0,12502.8662109375,1.9256934760475035,1.015514114899303,-0.2648847537120513,4.284708958958455,-1.5835405490490355,-0.9891967634647963,-1.0846178193503442,1.9229565837000808,2.322791101579302,-0.611515785953578
86.0,5.0,12502.8662109375,1.9256934760475035,1.015514114899303,-0.2648847537120513,4.284708958958455,-1.5835405490490355,-0.9891967634647963,-1.0846178193503442,1.9229565837000808,2.322791101579302,-0.611515785953578
86.0,5.0,12853.2734375,-0.9560727372315168,2.158610920613068,-1.096733544950026,2.1000849058431994,-2.5740310189166635,-1.905443004800334,-3.4538338260162647,-0.0109073049777507,1.73609912592263,2.766596562141748
86.0,5.0,12949.69921875,-2.7428519742612574,1.0256283417359602,-0.3366506943398593,-0.4888416407671854,-1.6349401708798608,-3.0169878071552705,-2.004530809424005,1.9183192906217403,2.250922460828502,-0.536004082975662
86.0,5.0,12975.1748046875,1.7076862883796302,1.339306000238535,-0.2146722709318371,4.270370585567795,-0.1352792205497479,-1.9368665521296424,-1.9302953155256883,1.7082039288385955,2.322791101579302,1.820019426336935
86.0,5.0,13086.744140625,-2.308379307458219,-0.7628051219325744,-2.542383169210911,-0.2692175869416853,-0.0321817438287297,0.3760883640414345,0.8093139987089204,-3.70253819272446,-1.0308400827900148,-0.110315546798704
86.0,5.0,13513.28515625,1.3123540687722235,2.198944956252184,-2.156894571698471,2.3164175002341403,0.8677192143936678,-0.3077693194759563,-1.741573540919302,-0.2021978247194249,4.551503226078445,0.9660689992892008
86.0,5.0,13751.787109375,1.8017976626339505,1.015514114899303,-1.3186709398420382,3.677322094568333,-0.1394994864730032,-3.030260731653189,-2.025831544559985,1.7054067674656357,2.322791101579302,1.135488982349338
86.0,5.0,13752.662109375,-0.1329717214413004,-1.0021316004525338,-1.096733544950026,2.0997121013246183,-1.4710231277691497,-1.905443004800334,-3.563537625583236,-0.0109073049777507,1.709748770503826,1.1774912517381164
86.0,5.0,13808.69140625,1.7850437885395185,2.310513780043763,-1.4778999123212953,3.212100879519856,-1.912834276294812,-0.3077693194759563,-2.0321320532227647,1.6005516417005508,4.551503226078445,0.5696527524562092
86.0,5.0,13815.482421875,-3.180501514498515,1.0105168087959988,0.0332143543541492,2.25812183898337,-1.5750889961049468,-2.9927658789720546,-1.990484005946179,1.923070871487269,2.326367531472351,2.75356222090971
86.0,5.0,14026.1494140625,1.7076862883796302,1.339306000238535,-0.2146722709318371,4.141283675978659,-0.1352792205497479,-0.9824066800015698,-1.9302953155256883,1.7082039288385955,2.322791101579302,1.820019426336935
86.0,5.0,14026.1494140625,1.7076862883796302,1.339306000238535,-0.2146722709318371,4.141283675978659,-0.1352792205497479,-0.9824066800015698,-1.9302953155256883,1.7082039288385955,2.322791101579302,1.820019426336935
86.0,5.0,14026.1494140625,1.7076862883796302,1.339306000238535,-0.2146722709318371,4.141283675978659,-0.1352792205497479,-0.9824066800015698,-1.9302953155256883,1.7082039288385955,2.322791101579302,1.820019426336935
86.0,5.0,14036.1640625,1.7076862883796302,1.339306000238535,-0.2146722709318371,4.142586878502703,-0.1352792205497479,-0.9824066800015698,-1.9302953155256883,1.7082039288385955,2.322791101579302,1.820019426336935
86.0,5.0,14061.28125,1.9256934760475035,1.2944509969216396,-0.3348128553296029,4.284708958958455,-1.5835405490490355,-0.9517997153493648,-1.83415865837642,1.9229565837000808,2.322791101579302,-0.7179059457218558
86.0,5.0,14132.2578125,1.8007142763766335,-1.0113770862502232,-0.0682189618228991,3.554391421850788,0.9084988303665352,-3.0384203887356485,-1.7563573743892988,2.04045543302094,2.1857312842073537,1.1337014065389193
86.0,5.0,14484.306640625,-0.0546411354219235,-0.6509343768572172,-0.129555110091464,3.58645296409963,-1.908178939975973,-0.2159478845861426,0.4832763278306653,1.6227697167749269,2.2956501897844044,2.546266583085162
86.0,5.0,14707.6787109375,-0.8666367241519651,1.6743780422484436,-1.2166473159832034,3.674382794109596,-2.6718921978563333,-1.903854088638116,-3.5028750148317487,0.0380923933020469,1.7452237392841825,1.062406886682453
86.0,6.0,2702.90869140625,-3.1800522429324856,1.248983085415409,-0.3366506943398593,2.25812183898337,0.9084988303665352,-1.9052550404482589,-1.9834028162089108,1.923070871487269,2.6485890735945343,1.1510731912855872
86.0,6.0,3019.938232421875,-0.8885585866112996,2.203482351123552,-0.3351057853418713,2.13855457185087,-1.6176629005686882,-1.888031122582693,-1.905021295960177,1.8027775282080103,1.0274898224809672,1.062406886682453
86.0,6.0,5200.91259765625,-1.0266561999035908,2.259220377686739,-0.2183867913660654,2.114957271493867,-1.573228598727363,-0.997305441882792,-3.183018782268737,-0.0109073049777507,2.3044081629909936,1.1145483698351597
86.0,6.0,5318.19677734375,-2.929701657775946,1.339306000238535,-0.2146722709318371,4.141283675978659,-0.1352792205497479,-0.9824066800015698,-1.930186384452504,1.7081450951448764,2.322791101579302,1.820019426336935
86.0,6.0,5471.24365234375,-3.1800522429324856,0.9445651466807856,-0.2667225927223077,2.25812183898337,-1.63490811239978,-3.0543848527836195,-1.1817594212703546,1.923070871487269,2.6485890735945343,-0.5225288911607825
86.0,6.0,5629.291015625,-0.8885585866112996,2.158610920613068,-1.4302013682347112,2.13855457185087,-2.6718921978563333,-1.903854088638116,-1.905021295960177,0.0380923933020469,1.7450281474318432,1.062406886682453
86.0,6.0,5675.03271484375,-0.4766740641927722,2.2055554116029734,-1.096733544950026,2.2527861555265827,-1.2193210813001478,-0.1816307184564438,-2.032586137327508,1.970314939386924,2.666372324679314,1.2142919042677975
86.0,6.0,5762.68115234375,1.8588751161254904,1.015514114899303,-0.2648847537120513,2.342432686190921,-1.5038235317968554,-0.969712124257656,-1.0035031935658851,2.121380959389595,2.259793946015386,-0.5941879262877702
86.0,6.0,5818.13232421875,-3.2347214306980456,1.248983085415409,-0.3366506943398593,2.25812183898337,0.9084988303665352,-2.847703664209768,-2.0115415312986165,1.923070871487269,3.109257453340472,1.6023582622502073
86.0,6.0,5885.509765625,-3.1800522429324856,1.0113648822623855,-0.2667225927223077,2.25812183898337,-1.63490811239978,-3.0543848527836195,-1.1817594212703546,1.923070871487269,2.6485890735945343,1.2574633510532558
86.0,6.0,5981.17724609375,1.2980541003021306,1.3864222462870477,-0.2648847537120513,2.352138997604717,-1.9356956093661977,-0.969712124257656,-0.9988622614621064,2.1214665582471373,2.7078746229356687,1.0835721643882563
86.0,6.0,6403.466796875,1.8735649163225367,1.280187537448065,-0.2648847537120513,-0.3851181685922829,-1.503797499093002,-0.969712124257656,-0.9988622614621064,2.11680057623915,2.2938645582255903,0.0873763715939883
86.0,6.0,6522.80126953125,-0.1661894422511456,2.158610920613068,-1.096733544950026,2.1000849058431994,-0.6165526761457258,-1.1477013820735271,-1.9234963779553056,0.0017021611929898,1.907926966851912,2.762744506816274
86.0,6.0,6666.80126953125,1.8588751161254904,1.015514114899303,-0.2648847537120513,-0.3948244785470671,-1.503826544684969,-0.969712124257656,-1.0720928105896828,2.116714977381609,2.25666634813278,-0.5941879262877702
86.0,6.0,6776.09228515625,-3.2347214306980456,1.248983085415409,-0.3263475281854642,2.25812183898337,0.9084988303665352,-2.847703664209768,-2.0115415312986165,1.923070871487269,2.657009894381722,1.0060467910363096
86.0,6.0,6966.81396484375,-1.0266561999035908,2.2241873148411475,-0.2280174559888426,2.114957271493867,-2.542471790365672,-1.905443004800334,-3.4706862157087848,0.2048011398879857,2.344439476120132,1.827870789095108
86.0,6.0,7091.00341796875,-3.3419684106677945,1.248983085415409,0.0332143543541492,2.25812183898337,0.9084988303665352,-2.9927658789720546,-1.990484005946179,1.923070871487269,3.105800187088706,1.5490528052941273
86.0,6.0,7093.419921875,1.8735649163225367,1.280187537448065,-0.2648847537120513,2.352138997604717,-1.503794486204888,-0.969712124257656,-0.9988622614621064,2.1214665582471373,2.575655490324187,1.0928893479734396
86.0,6.0,7195.7177734375,-3.1800522429324856,1.290301764284722,-0.3261078991456688,2.253208861343475,-1.63490811239978,-3.0169878071552705,-1.932712805464205,1.923070871487269,2.6485890735945343,1.1510731912855872
86.0,6.0,7197.35107421875,-3.1800522429324856,1.290301764284722,-0.3366506943398593,2.25812183898337,-1.63490811239978,-3.0169878071552705,-1.93130026029643,1.923070871487269,2.6485890735945343,1.1510731912855872
86.0,6.0,7342.61474609375,-3.225771393946853,1.248983085415409,-1.0169066267535003,2.25812183898337,0.6786451394213211,-3.0025739838508594,-1.990484005946179,1.923070871487269,2.6535526281299564,0.9527413340802297
86.0,6.0,7655.2802734375,-1.0266561999035908,1.166896543050635,-0.2304551307416336,1.9851283403948177,-2.5267476874534704,-1.85095583836873,-3.4706862157087848,0.2048011398879857,2.1843403849021734,1.11710448914761
86.0,6.0,7661.29296875,-1.0266561999035908,2.158610920613068,-0.2280174559888426,2.114957271493867,-2.5740310189166635,-1.905443004800334,-3.4706862157087848,-0.0109073049777507,2.445018579374776,2.3532828263392576
86.0,6.0,7817.12109375,1.641598982042413,1.0160182996629206,-0.2648405209069489,2.25812183898337,-1.5007924704495712,-3.0543848527836195,-1.1817594212703546,2.130834999155596,2.6485890735945343,1.2574633510532558
86.0,6.0,7879.5234375,-3.1800522429324856,1.248983085415409,-0.3366506943398593,2.25812183898337,0.9084988303665352,-2.9927658789720546,-1.990484005946179,1.923070871487269,2.6485890735945343,1.1510731912855872
86.0,6.0,7936.53125,-3.225771393946853,1.248983085415409,0.0332143543541492,2.25812183898337,0.9084988303665352,-2.9927658789720546,-1.990484005946179,1.923070871487269,2.6535526281299564,0.9527413340802297
86.0,6.0,7936.53125,-3.225771393946853,1.248983085415409,0.0332143543541492,2.25812183898337,0.9084988303665352,-2.9927658789720546,-1.990484005946179,1.923070871487269,2.6535526281299564,0.9527413340802297
86.0,6.0,8106.71142578125,-3.225771393946853,1.248983085415409,0.2501142848428734,2.25812183898337,0.9084988303665352,-2.9927658789720546,-1.990484005946179,1.923070871487269,2.6535526281299564,0.9527413340802297
86.0,6.0,8423.1396484375,1.8588751161254904,-1.3418019368534249,-0.0695239479576948,-0.3948244785470671,1.091327647430886,-0.9663993435025052,-1.8104757715056423,2.116714977381609,2.25666634813278,-0.5941879262877702
86.0,6.0,8449.84375,-0.1661894422511456,2.158610920613068,-1.096733544950026,2.1000849058431994,-1.0956106740957112,-0.1927986108168888,-1.9234963779553056,0.0017021611929898,1.907926966851912,2.9213261337470584
86.0,6.0,8449.84375,-0.1661894422511456,2.158610920613068,-1.096733544950026,2.1000849058431994,-1.0956106740957112,-0.1927986108168888,-1.9234963779553056,0.0017021611929898,1.907926966851912,2.9213261337470584
86.0,6.0,8526.5458984375,-0.3265462567569241,2.158610920613068,-0.2282925735031316,2.1149923332741687,-2.5740310189166635,-1.905443004800334,-3.4538338260162647,-0.5227523389756948,2.315533786300102,2.3574235392623564
86.0,6.0,8526.5458984375,-0.3265462567569241,2.158610920613068,-0.2282925735031316,2.1149923332741687,-2.5740310189166635,-1.905443004800334,-3.4538338260162647,-0.5227523389756948,2.315533786300102,2.3574235392623564
86.0,6.0,8568.412109375,-0.9560727372315168,2.158610920613068,-1.096733544950026,2.1000849058431994,-2.5740310189166635,-1.199784322068313,-2.011759638119499,0.0019226484654141,1.73609912592263,2.766596562141748
86.0,6.0,8615.5458984375,-0.9560727372315168,2.158610920613068,-1.1072763401442165,2.1049978834830942,-2.5740310189166635,-1.199784322068313,-2.0103470929517235,0.0019226484654141,1.73609912592263,2.766596562141748
86.0,6.0,8696.197265625,-0.8885585866112996,2.1540367647719285,-2.204362001834127,2.13855457185087,-2.6718921978563333,-1.8908184424566328,-1.9007975655883165,0.0380923933020469,1.7450281474318432,1.062406886682453
86.0,6.0,8936.427734375,-3.1800522429324856,1.2124917540549842,-0.3366506943398593,2.703989033031431,-1.63490811239978,-3.0169878071552705,-1.9280172660471784,0.1401824944063715,2.655149757007582,0.9661733637920046
86.0,6.0,8971.0703125,1.2971431067720718,2.147177546388676,-1.1202787851755838,2.335907158919384,-1.9343141170625635,-0.3079911845485337,-1.9207352868924328,-0.220864144068954,1.89005278003326,1.827136227517092
86.0,6.0,9009.5546875,1.3056312514658612,1.908163502948414,-2.156894571698471,2.335907158919384,-1.912834276294812,-0.3077693194759563,-1.1995851965055857,-0.2021978247194249,4.551503226078445,0.5696527524562092
86.0,6.0,9013.3291015625,1.2971431067720718,2.198944956252184,-0.2942489946273426,2.335907158919384,-1.9417616580793275,-0.3077693194759563,-1.9207352868924328,-0.2021978247194249,2.2861620431068044,1.87441117182
86.0,6.0,9187.5205078125,1.3056312514658612,2.310513780043763,-2.156894571698471,2.335907158919384,-1.912834276294812,-0.3077693194759563,-1.1995851965055857,-0.2021978247194249,4.551503226078445,0.5696527524562092
86.0,6.0,9448.3564453125,-3.1800522429324856,1.248983085415409,-0.3370722521131168,2.11204257913046,-2.451869408402043,-1.9052550404482589,-1.9834028162089108,-0.67347502069057,2.8163395951275376,1.1123402927056067
86.0,6.0,9846.2626953125,-0.0546411354219235,-0.6509343768572172,-0.129555110091464,3.58645296409963,-0.1551024746516627,-0.2173141325408194,0.4832763278306653,1.7251546027770677,2.2966552171369643,2.546266583085162
86.0,6.0,9854.6083984375,1.922242353587532,2.169863607486127,-0.2624068243956189,2.335907158919384,-1.9417616580793275,-0.3077693194759563,-2.3255504510486382,1.8962553742786603,2.2861620431068044,1.87441117182
86.0,6.0,9867.498046875,-0.2024719391490406,2.1951521893567425,-0.2707037544017849,2.114957271493867,-1.226768622316912,-0.1814088533838664,-3.4706862157087848,0.0077590143717783,2.3050451992836503,-0.6175429196960417
86.0,6.0,10333.244140625,-1.0266561999035908,2.1924206421052825,-0.2183867913660654,2.114957271493867,-1.573228598727363,-0.997305441882792,-3.4706862157087848,-0.0109073049777507,2.3044081629909936,-0.6654438723786773
86.0,6.0,10334.36328125,1.8017976626339505,1.015514114899303,-0.2175604072374163,3.6691319186165794,-0.1352503424568451,-1.960295950807431,-2.025831544559985,1.7056658428481877,2.322791101579302,1.135488982349338
86.0,6.0,10455.359375,1.3056312514658612,1.2740427761110291,-1.3827339380990558,2.335907158919384,-1.912834276294812,-0.3208049656572014,0.5904884750099217,-0.2021978247194249,4.551503226078445,0.5696527524562092
86.0,6.0,10494.009765625,-2.962764283299925,1.0108606974987675,-0.2667668255274101,-0.9777574070006748,-1.6379421866351775,-0.8667538074669149,-1.0720928105896828,1.9089508497132808,2.25666634813278,-0.5941879262877702
86.0,6.0,10894.8017578125,1.881142067486268,2.256552116020982,-2.156894571698471,2.335907158919384,-1.4809331531335024,-0.3077693194759563,-1.1995851965055857,-0.2021978247194249,4.551503226078445,0.5789699360413925
86.0,7.0,2638.65283203125,-3.076736343221268,1.248983085415409,-0.3366506943398593,2.2502213080394107,0.9084988303665352,-1.9087778878263548,-1.994609210274227,1.915849923549588,2.6485890735945343,1.1510731912855872
86.0,7.0,2702.90869140625,-3.1800522429324856,1.248983085415409,-0.3366506943398593,2.25812183898337,0.9084988303665352,-1.9052550404482589,-1.9834028162089108,1.923070871487269,2.6485890735945343,1.1510731912855872
86.0,7.0,2771.60009765625,-3.1800522429324856,1.248983085415409,-0.3366506943398593,2.25812183898337,0.9084988303665352,-1.937777486689782,-1.9833121158680784,1.923070871487269,2.6485890735945343,1.1510731912855872
86.0,7.0,3019.938232421875,-0.8885585866112996,2.203482351123552,-0.3351057853418713,2.13855457185087,-1.6176629005686882,-1.888031122582693,-1.905021295960177,1.8027775282080103,1.0274898224809672,1.062406886682453
86.0,7.0,3712.614013671875,-0.8885585866112996,2.203482351123552,-0.3369453965296073,2.13855457185087,-1.6176629005686882,-1.932936035724223,-1.905021295960177,2.659083880151356,1.0274898224809672,0.035359572446492
86.0,7.0,3824.66943359375,-3.2433287150969194,2.1173955125114805,-0.2667225927223077,2.330250046503834,-1.63490811239978,-0.3379208898308916,-1.1856273322201676,1.923070871487269,2.6485890735945343,1.8199290678542663
86.0,7.0,3883.6982421875,-0.8885585866112996,2.158610920613068,-1.4302013682347112,2.252023214525817,-1.6214727477834814,-1.9576101451943413,-1.9608929082065083,1.0340689073751703,2.700452063939468,1.149660733212589
86.0,7.0,4282.74658203125,-3.2347214306980456,1.2493689440043676,-0.26692238629452,2.25812183898337,0.7490049790411816,-2.905496010874991,-1.2222134325289629,1.923070871487269,3.1121162478299147,1.6023582622502073
86.0,7.0,4587.98388671875,-0.9068719908525422,2.25075667316712,0.0559907980752283,2.25812183898337,0.9084988303665352,-1.8790269119231189,-1.990484005946179,2.096995452139553,2.6535526281299564,0.957748148063303
86.0,7.0,4751.88818359375,-3.3419684106677945,2.144361389952764,0.0341842248860841,2.1032768092349987,-1.0896908536346648,-2.9927658789720546,-1.990484005946179,1.923070871487269,3.105800187088706,1.5581243850185236
86.0,7.0,4881.6748046875,1.2015492252428714,1.7691099398103407,-0.2648847537120513,2.352138997604717,-1.602105973992031,-0.969712124257656,-0.9988622614621064,2.1575108168314525,2.7065039678315204,1.0835721643882563
86.0,7.0,4916.27392578125,-2.9167424638203165,1.339306000238535,-0.2146722709318371,4.124666798120353,-0.1352792205497479,-0.9824066800015698,-1.930186384452504,1.7081450951448764,2.660044098593524,1.878322253471216
86.0,7.0,5086.99853515625,-0.8885585866112996,2.158610920613068,-0.2942123547706262,2.13855457185087,-2.6718921978563333,-1.9054785611329428,-1.905021295960177,0.0380923933020469,1.7450281474318432,2.489877722677333
86.0,7.0,5200.91259765625,-1.0266561999035908,2.259220377686739,-0.2183867913660654,2.114957271493867,-1.573228598727363,-0.997305441882792,-3.183018782268737,-0.0109073049777507,2.3044081629909936,1.1145483698351597
86.0,7.0,5211.41650390625,-3.1800522429324856,0.9445651466807856,-0.2126040005340395,4.17311148365955,-1.569855579927817,-1.038681665546244,-1.1817594212703546,1.923070871487269,2.316480871851926,-0.5225288911607825
86.0,7.0,5232.06640625,-1.129972095575476,2.259220377686739,-0.2183867913660654,2.122857802437826,-1.573228598727363,-0.993782594504696,-3.1718123881996103,-0.0036863570434897,2.3044081629909936,1.1145483698351597
86.0,7.0,5318.19677734375,-2.929701657775946,1.339306000238535,-0.2146722709318371,4.141283675978659,-0.1352792205497479,-0.9824066800015698,-1.930186384452504,1.7081450951448764,2.322791101579302,1.820019426336935
86.0,7.0,5471.24365234375,-3.1800522429324856,0.9445651466807856,-0.2667225927223077,2.25812183898337,-1.63490811239978,-3.0543848527836195,-1.1817594212703546,1.923070871487269,2.6485890735945343,-0.5225288911607825
86.0,7.0,5496.43017578125,-3.1800522429324856,0.9445651466807856,-0.2667225927223077,2.25812183898337,-1.63490811239978,-3.0543848527836195,-1.1817594212703546,1.923070871487269,2.6485890735945343,-0.5674583253993323
86.0,7.0,5510.884765625,-0.4766740641927722,2.176195532448677,-1.096733544950026,2.2527861555265827,-1.2193210813001478,-0.1816307184564438,-1.9781827208586784,1.970314939386924,2.666372324679314,1.2142919042677975
86.0,7.0,5629.291015625,-0.8885585866112996,2.158610920613068,-1.4302013682347112,2.13855457185087,-2.6718921978563333,-1.903854088638116,-1.905021295960177,0.0380923933020469,1.7450281474318432,1.062406886682453
86.0,7.0,5675.03271484375,-0.4766740641927722,2.2055554116029734,-1.096733544950026,2.2527861555265827,-1.2193210813001478,-0.1816307184564438,-2.032586137327508,1.970314939386924,2.666372324679314,1.2142919042677975
86.0,7.0,5762.68115234375,1.8588751161254904,1.015514114899303,-0.2648847537120513,2.342432686190921,-1.5038235317968554,-0.969712124257656,-1.0035031935658851,2.121380959389595,2.259793946015386,-0.5941879262877702
86.0,7.0,5778.95361328125,1.8588751161254904,1.0448739940535852,-0.2648847537120513,2.342432686190921,-1.5038235317968554,-0.969712124257656,-1.0579066100347134,2.121380959389595,2.259793946015386,-0.5941879262877702
86.0,7.0,5818.13232421875,-3.2347214306980456,1.248983085415409,-0.3366506943398593,2.25812183898337,0.9084988303665352,-2.847703664209768,-2.0115415312986165,1.923070871487269,3.109257453340472,1.6023582622502073
86.0,7.0,5826.6513671875,1.1325112901612528,1.0411469161395757,-1.1202787851755838,2.26377895139892,-1.9343141170625635,-3.02445511652644,-1.9168673759426205,0.8788874722713624,1.89005278003326,1.264670510716081
86.0,7.0,5866.1806640625,1.2980541003021306,1.3864222462870477,-0.2667019918300226,2.2587539438961985,-1.9356956093661977,-0.969712124257656,-0.9988622614621064,2.1214665582471373,2.7078746229356687,1.0873962525059984
86.0,7.0,5885.509765625,-3.1800522429324856,1.0113648822623855,-0.2667225927223077,2.25812183898337,-1.63490811239978,-3.0543848527836195,-1.1817594212703546,1.923070871487269,2.6485890735945343,1.2574633510532558
86.0,7.0,5981.17724609375,1.2980541003021306,1.3864222462870477,-0.2648847537120513,2.352138997604717,-1.9356956093661977,-0.969712124257656,-0.9988622614621064,2.1214665582471373,2.7078746229356687,1.0835721643882563
86.0,7.0,6132.1552734375,1.8735649163225367,1.280187537448065,-0.2630451425243152,-0.3851181685922829,-1.503797499093002,-0.9248072111161252,-0.5337873508750344,2.11680057623915,2.2938645582255903,1.1144236858299492
86.0,7.0,6240.48681640625,1.0175479117488408,-1.2692844927784352,-0.2650824786829721,2.416162531166805,1.0996869519329628,-0.76176619067236,-1.0035031935658851,1.4741601906681936,2.2567735092790286,-0.2089131136303533
86.0,7.0,6403.466796875,1.8735649163225367,1.280187537448065,-0.2648847537120513,-0.3851181685922829,-1.503797499093002,-0.969712124257656,-0.9988622614621064,2.11680057623915,2.2938645582255903,0.0873763715939883
86.0,7.0,6522.80126953125,-0.1661894422511456,2.158610920613068,-1.096733544950026,2.1000849058431994,-0.6165526761457258,-1.1477013820735271,-1.9234963779553056,0.0017021611929898,1.907926966851912,2.762744506816274
86.0,7.0,6666.80126953125,1.8588751161254904,1.015514114899303,-0.2648847537120513,-0.3948244785470671,-1.503826544684969,-0.969712124257656,-1.0720928105896828,2.116714977381609,2.25666634813278,-0.5941879262877702
86.0,7.0,6702.97314453125,1.8728672828172408,1.015514114899303,-0.2648847537120513,-0.3948244785470671,-1.503826544684969,-0.969712124257656,-1.0720928105896828,2.116714977381609,2.25666634813278,-0.5941879262877702
86.0,7.0,6726.74462890625,-0.1661894422511456,1.2632326160757132,-0.7951592291612164,2.25492993559157,0.843444446593272,-0.1927986108168888,-1.9234963779553056,0.0017021611929898,1.907926966851912,2.9122545540182827
86.0,7.0,6776.09228515625,-3.2347214306980456,1.248983085415409,-0.3263475281854642,2.25812183898337,0.9084988303665352,-2.847703664209768,-2.0115415312986165,1.923070871487269,2.657009894381722,1.0060467910363096
86.0,7.0,6966.81396484375,-1.0266561999035908,2.2241873148411475,-0.2280174559888426,2.114957271493867,-2.542471790365672,-1.905443004800334,-3.4706862157087848,0.2048011398879857,2.344439476120132,1.827870789095108
86.0,7.0,6969.546875,-1.0266561999035908,2.2241873148411475,-0.2280174559888426,2.113530917128227,-2.542471790365672,-1.905443004800334,-3.4706862157087848,0.2048011398879857,2.344031151929589,1.84268803333709
86.0,7.0,7029.3427734375,1.8595727496307848,1.280187537448065,-0.2648847537120513,2.352138997604717,-1.503794486204888,-0.969712124257656,-0.9988622614621064,2.1214665582471373,2.575655490324187,1.0928893479734396
86.0,7.0,7091.00341796875,-3.3419684106677945,1.248983085415409,0.0332143543541492,2.25812183898337,0.9084988303665352,-2.9927658789720546,-1.990484005946179,1.923070871487269,3.105800187088706,1.5490528052941273
86.0,7.0,7093.419921875,1.8735649163225367,1.280187537448065,-0.2648847537120513,2.352138997604717,-1.503794486204888,-0.969712124257656,-0.9988622614621064,2.1214665582471373,2.575655490324187,1.0928893479734396
86.0,7.0,7156.064453125,-1.0266561999035908,2.2241873148411475,-0.2280174559888426,2.114957271493867,-1.6351375073848464,-1.9063273222719936,-3.380570023095393,1.9941365677238323,2.0655200068101025,1.827870789095108
86.0,7.0,7195.7177734375,-3.1800522429324856,1.290301764284722,-0.3261078991456688,2.253208861343475,-1.63490811239978,-3.0169878071552705,-1.932712805464205,1.923070871487269,2.6485890735945343,1.1510731912855872
86.0,7.0,7197.35107421875,-3.1800522429324856,1.290301764284722,-0.3366506943398593,2.25812183898337,-1.63490811239978,-3.0169878071552705,-1.93130026029643,1.923070871487269,2.6485890735945343,1.1510731912855872
86.0,7.0,7233.21240234375,-3.1760093595766223,1.290301764284722,0.194704015110554,2.25812183898337,-1.4853887704850142,-2.9923423363495734,-1.9954822195222544,1.923070871487269,2.6485890735945343,1.1512921170839423
86.0,7.0,7342.61474609375,-3.225771393946853,1.248983085415409,-1.0169066267535003,2.25812183898337,0.6786451394213211,-3.0025739838508594,-1.990484005946179,1.923070871487269,2.6535526281299564,0.9527413340802297
86.0,7.0,7376.3876953125,-3.225771393946853,1.248983085415409,-1.0169066267535003,2.25812183898337,0.6786451394213211,-2.970051537608988,-1.990574706287012,1.3543541657332647,2.6535526281299564,0.9527413340802297
86.0,7.0,7438.81005859375,1.77667847578489,1.1658321510353435,-0.2304551307416336,1.9851283403948177,-1.4935240494214264,-1.85095583836873,-0.9859599718257466,2.1322815450691914,2.628052337011302,1.7191095733301605
86.0,7.0,7443.05419921875,1.641598982042413,1.015632441073962,-0.3345688289522881,2.25812183898337,-1.2192939528641606,-3.0190712664612604,-1.971087520040008,2.130834999155596,2.645730279105092,1.2574633510532558
86.0,8.0,1667.962646484375,-3.076736343221268,1.248983085415409,-0.3366506943398593,2.2502213080394107,0.9084988303665352,-1.9087778878263548,-0.7047988857508076,1.915849923549588,2.6485890735945343,1.1510731912855872
86.0,8.0,2202.34130859375,-3.1800522429324856,2.3294772042048524,-0.2139046246440481,2.25812183898337,0.9084988303665352,-1.937777486689782,-2.049672976823492,1.89154851520606,2.6587581735643875,1.1510731912855872
86.0,8.0,2269.07763671875,-2.918402742461754,1.315057330636472,-0.2146722709318371,2.1284074219871902,-0.1352792205497479,-1.9105521196963604,-1.930186384452504,1.7081450951448764,2.660044098593524,1.02944436561474
86.0,8.0,2638.65283203125,-3.076736343221268,1.248983085415409,-0.3366506943398593,2.2502213080394107,0.9084988303665352,-1.9087778878263548,-1.994609210274227,1.915849923549588,2.6485890735945343,1.1510731912855872
86.0,8.0,2695.2421875,-3.1800522429324856,1.248983085415409,-0.3366506943398593,2.25812183898337,0.9084988303665352,-1.9052550404482589,-1.978509850517492,1.923070871487269,2.6485890735945343,1.1510731912855872
86.0,8.0,2702.90869140625,-3.1800522429324856,1.248983085415409,-0.3366506943398593,2.25812183898337,0.9084988303665352,-1.9052550404482589,-1.9834028162089108,1.923070871487269,2.6485890735945343,1.1510731912855872
86.0,8.0,2712.973388671875,-1.1854891682552378,1.004175138942005,-0.2648847537120513,2.1159326188167635,-1.5038235317968554,-0.969712124257656,-1.0579066100347134,1.996048506410992,2.259793946015386,-0.9477433082700116
86.0,8.0,2729.8017578125,-3.2784788267779708,1.2604863681078573,-0.3366506943398593,1.8452739625299304,0.9084988303665352,-1.9506381267462192,-1.9833979722595576,1.923070871487269,2.648489612560085,1.1510731912855872
86.0,8.0,2760.14501953125,-3.1800522429324856,1.248983085415409,-0.3366506943398593,2.25812183898337,0.9084988303665352,-1.937777486689782,-1.9833121158680784,1.923070871487269,2.6485890735945343,1.0918281053694157
86.0,8.0,2771.60009765625,-3.1800522429324856,1.248983085415409,-0.3366506943398593,2.25812183898337,0.9084988303665352,-1.937777486689782,-1.9833121158680784,1.923070871487269,2.6485890735945343,1.1510731912855872
86.0,8.0,2960.723876953125,0.9174564611549842,0.7385057532260042,-0.113619193929528,2.13855457185087,-1.660530938243352,-1.932936035724223,-1.905021295960177,2.659083880151356,1.0148459865989263,1.1075570384521063
86.0,8.0,2999.19140625,-0.8885585866112996,2.203482351123552,-0.3369896794047184,2.37192302598164,-0.5711415255162045,-1.888031122582693,-1.535838227894892,1.8027775282080103,1.0274898224809672,0.0435679934697045
86.0,8.0,3019.938232421875,-0.8885585866112996,2.203482351123552,-0.3351057853418713,2.13855457185087,-1.6176629005686882,-1.888031122582693,-1.905021295960177,1.8027775282080103,1.0274898224809672,1.062406886682453
86.0,8.0,3161.412841796875,-0.4204757697646463,0.9718623734400442,-1.4302013682347112,2.252023214525817,-1.620534060519022,-1.9571183191004025,-1.973271272642892,0.5209695548384639,2.700452063939468,1.149660733212589
86.0,8.0,3338.5771484375,-0.4107153559315424,1.3864222462870477,-0.2588067567901739,1.011749094520466,-1.8365435595238284,-0.969712124257656,-0.9988622614621064,1.978752789606737,2.7078746229356687,1.2340434563469898
86.0,8.0,3462.20556640625,-1.063861812778215,2.2241873148411475,-0.2151524579879806,2.113530917128227,-0.0699754032313162,-0.921701921388023,-1.922351339501994,0.2048011398879857,2.656704578948256,1.8426292500402248
86.0,8.0,3663.792236328125,-3.025717985534364,1.92503415060318,-0.2667225927223077,2.094819457789398,-1.63490811239978,-0.3379208898308916,-1.1856273322201676,1.923070871487269,2.6485890735945343,1.83093641279983
86.0,8.0,3712.614013671875,-0.8885585866112996,2.203482351123552,-0.3369453965296073,2.13855457185087,-1.6176629005686882,-1.932936035724223,-1.905021295960177,2.659083880151356,1.0274898224809672,0.035359572446492
86.0,8.0,3824.66943359375,-3.2433287150969194,2.1173955125114805,-0.2667225927223077,2.330250046503834,-1.63490811239978,-0.3379208898308916,-1.1856273322201676,1.923070871487269,2.6485890735945343,1.8199290678542663
86.0,8.0,3824.66943359375,-3.2433287150969194,2.1173955125114805,-0.2667225927223077,2.330250046503834,-1.63490811239978,-0.3379208898308916,-1.1856273322201676,1.923070871487269,2.6485890735945343,1.8199290678542663
86.0,8.0,3838.349609375,-3.2347214306980456,1.2493689440043676,-0.26692238629452,2.25812183898337,-0.410427259319401,-2.905496010874991,-1.2222828594849418,1.923070871487269,2.621864460102723,-0.6349546316858885
86.0,8.0,3846.447265625,-0.8885585866112996,2.203482351123552,-0.3350615024667603,2.13855457185087,-1.6176629005686882,-1.932936035724223,-1.905021295960177,2.659083880151356,1.0274898224809672,1.0541984656592405
86.0,8.0,3883.6982421875,-0.8885585866112996,2.158610920613068,-1.4302013682347112,2.252023214525817,-1.6214727477834814,-1.9576101451943413,-1.9608929082065083,1.0340689073751703,2.700452063939468,1.149660733212589
86.0,8.0,4044.183349609375,-0.9539227168579364,2.173296760467116,-0.2972904942511981,2.251940875070799,0.9134006793372494,-1.9081949784443235,-1.9612831491200515,1.915849923549588,2.6485890735945343,1.1510731912855872
86.0,8.0,4197.4287109375,-3.2347214306980456,1.2493689440043676,-0.26692238629452,2.25812183898337,0.7490049790411816,-2.905496010874991,-1.2222134325289629,2.10800874956403,3.1121162478299147,1.6023582622502073
86.0,8.0,4199.9619140625,-1.129972095575476,2.259220377686739,-0.3283655588097098,2.122857802437826,-2.238096641227988,-0.9947031427470368,-2.00431870158358,-0.0036863570434897,2.3044081629909936,1.1145483698351597
86.0,8.0,4282.74658203125,-3.2347214306980456,1.2493689440043676,-0.26692238629452,2.25812183898337,0.7490049790411816,-2.905496010874991,-1.2222134325289629,1.923070871487269,3.1121162478299147,1.6023582622502073
86.0,8.0,4397.81201171875,-0.9068719908525422,2.25075667316712,0.0559907980752283,2.25812183898337,0.9084988303665352,-0.966003141170833,-1.050859486830942,2.0967746374836174,2.707437360589433,0.957748148063303
86.0,8.0,4555.8828125,-3.3419684106677945,2.303550816059344,0.0341842248860841,2.1032768092349987,-1.0896908536346648,-2.9927658789720546,-1.990484005946179,1.923070871487269,3.105800187088706,1.5581243850185236
86.0,8.0,4587.98388671875,-0.9068719908525422,2.25075667316712,0.0559907980752283,2.25812183898337,0.9084988303665352,-1.8790269119231189,-1.990484005946179,2.096995452139553,2.6535526281299564,0.957748148063303
86.0,8.0,4725.162109375,-3.1800522429324856,0.9445651466807856,-0.2667225927223077,2.25812183898337,-1.63490811239978,-3.0543848527836195,-1.1816899943143755,1.923070871487269,3.1388408613217265,1.669854568516293
86.0,8.0,4751.88818359375,-3.3419684106677945,2.144361389952764,0.0341842248860841,2.1032768092349987,-1.0896908536346648,-2.9927658789720546,-1.990484005946179,1.923070871487269,3.105800187088706,1.5581243850185236
86.0,8.0,4802.61669921875,-3.3419684106677945,2.144361389952764,0.0341842248860841,2.1032768092349987,-1.0896908536346648,-2.9927658789720546,-2.0105219428576606,1.923070871487269,3.105800187088706,1.5581243850185236
86.0,8.0,4827.54296875,-3.2347214306980456,1.248983085415409,-0.3366506943398593,2.25812183898337,0.4312720664083025,-2.847703664209768,-2.0115415312986165,1.923070871487269,3.3834309412197023,1.6023582622502073
86.0,8.0,4881.6748046875,1.2015492252428714,1.7691099398103407,-0.2648847537120513,2.352138997604717,-1.602105973992031,-0.969712124257656,-0.9988622614621064,2.1575108168314525,2.7065039678315204,1.0835721643882563
86.0,8.0,4905.4619140625,-1.129972095575476,1.1787262588972631,-0.3411328610618765,2.122857802437826,-1.573228598727363,-0.993782594504696,-3.1054515272413594,0.0278359992345471,2.2942390630211404,1.1145483698351597
86.0,8.0,4916.27392578125,-2.9167424638203165,1.339306000238535,-0.2146722709318371,4.124666798120353,-0.1352792205497479,-0.9824066800015698,-1.930186384452504,1.7081450951448764,2.660044098593524,1.878322253471216
86.0,8.0,5086.99853515625,-0.8885585866112996,2.158610920613068,-0.2942123547706262,2.13855457185087,-2.6718921978563333,-1.9054785611329428,-1.905021295960177,0.0380923933020469,1.7450281474318432,2.489877722677333
86.0,8.0,5176.646484375,-1.0258719286942437,0.9445651466807856,-0.1406710432413343,4.17311148365955,-1.569855579927817,-1.038681665546244,-1.1762574634269656,1.9976427396038208,2.307377188627253,-0.5225288911607825
86.0,8.0,5200.91259765625,-1.0266561999035908,2.259220377686739,-0.2183867913660654,2.114957271493867,-1.573228598727363,-0.997305441882792,-3.183018782268737,-0.0109073049777507,2.3044081629909936,1.1145483698351597
86.0,8.0,5211.41650390625,-3.1800522429324856,0.9445651466807856,-0.2126040005340395,4.17311148365955,-1.569855579927817,-1.038681665546244,-1.1817594212703546,1.923070871487269,2.316480871851926,-0.5225288911607825
86.0,8.0,5232.06640625,-1.129972095575476,2.259220377686739,-0.2183867913660654,2.122857802437826,-1.573228598727363,-0.993782594504696,-3.1718123881996103,-0.0036863570434897,2.3044081629909936,1.1145483698351597
86.0,8.0,5284.6572265625,-3.0113722101040272,1.1818778700225137,-1.4695615683233716,2.2503036474944285,-1.6263745967172103,-1.9581930545763728,-2.001987689434034,1.0340689073751703,1.9695133250926704,1.149660733212589
86.0,8.0,5318.19677734375,-2.929701657775946,1.339306000238535,-0.2146722709318371,4.141283675978659,-0.1352792205497479,-0.9824066800015698,-1.930186384452504,1.7081450951448764,2.322791101579302,1.820019426336935
86.0,8.0,5396.86181640625,-0.3782472035058888,2.164692249756228,-1.096733544950026,1.7036963159603258,-1.2193210813001478,-0.1362476321559051,-1.9781875648080312,1.970314939386924,2.666471785713763,1.2142919042677975
86.0,8.0,5471.24365234375,-3.1800522429324856,0.9445651466807856,-0.2667225927223077,2.25812183898337,-1.63490811239978,-3.0543848527836195,-1.1817594212703546,1.923070871487269,2.6485890735945343,-0.5225288911607825
86.0,8.0,5496.43017578125,-3.1800522429324856,0.9445651466807856,-0.2667225927223077,2.25812183898337,-1.63490811239978,-3.0543848527836195,-1.1817594212703546,1.923070871487269,2.6485890735945343,-0.5674583253993323
86.0,8.0,5510.884765625,-0.4766740641927722,2.176195532448677,-1.096733544950026,2.2527861555265827,-1.2193210813001478,-0.1816307184564438,-1.9781827208586784,1.970314939386924,2.666372324679314,1.2142919042677975
86.0,8.0,5629.291015625,-0.8885585866112996,2.158610920613068,-1.4302013682347112,2.13855457185087,-2.6718921978563333,-1.903854088638116,-1.905021295960177,0.0380923933020469,1.7450281474318432,1.062406886682453
86.0,8.0,5629.291015625,-0.8885585866112996,2.158610920613068,-1.4302013682347112,2.13855457185087,-2.6718921978563333,-1.903854088638116,-1.905021295960177,0.0380923933020469,1.7450281474318432,1.062406886682453
86.0,9.0,1639.136474609375,-3.008154189587683,1.315057330636472,-0.2146722709318371,2.1284074219871902,0.8877858375172327,-1.9105521196963604,-1.0464592315344463,2.0739065651287247,2.661331088743566,0.9560232199954146
86.0,9.0,1655.530029296875,-3.076736343221268,1.248983085415409,-0.3366506943398593,2.2502213080394107,0.9084988303665352,-1.9087778878263548,-0.2032683687109894,1.915849923549588,2.6485890735945343,1.1510731912855872
86.0,9.0,1666.589599609375,-3.0773936208539583,1.248983085415409,-0.3366506943398593,2.258084226317196,0.9084988303665352,-1.9086662952239564,-0.6876372597261768,1.915849923549588,2.6485890735945343,1.1510731912855872
86.0,9.0,1667.962646484375,-3.076736343221268,1.248983085415409,-0.3366506943398593,2.2502213080394107,0.9084988303665352,-1.9087778878263548,-0.7047988857508076,1.915849923549588,2.6485890735945343,1.1510731912855872
86.0,9.0,2003.5146484375,-1.2503039229026,1.004175138942005,-0.2648688223002146,2.1159326188167635,-1.5038235317968554,-0.969712124257656,-1.0513079996260783,2.00337394808568,2.259793946015386,2.104738380794064
86.0,9.0,2135.681640625,-2.915294494398423,1.248983085415409,-0.3366506943398593,2.25812183898337,0.9218729316348364,-1.010958636516444,-1.927324837252124,1.914233522269596,2.6485890735945343,1.1510731912855872
86.0,9.0,2202.34130859375,-3.1800522429324856,2.3294772042048524,-0.2139046246440481,2.25812183898337,0.9084988303665352,-1.937777486689782,-2.049672976823492,1.89154851520606,2.6587581735643875,1.1510731912855872
86.0,9.0,2269.07763671875,-2.918402742461754,1.315057330636472,-0.2146722709318371,2.1284074219871902,-0.1352792205497479,-1.9105521196963604,-1.930186384452504,1.7081450951448764,2.660044098593524,1.02944436561474
86.0,9.0,2325.44287109375,-0.9539227168579364,2.2029437486513186,-0.2968114373626384,2.251940875070799,-1.5324261099536864,-1.907554250998797,-1.959029707726543,1.915849923549588,2.6485890735945343,1.0567686969057148
86.0,9.0,2568.10009765625,-3.180946747827217,1.2493848960298588,-0.1337873019545344,2.130369845627473,0.9063651020914189,-1.9475473729083608,-1.2886856129404292,1.1532618614404389,3.1308004636909423,1.6208085853360958
86.0,9.0,2596.07177734375,-3.076736343221268,1.248983085415409,-0.3366506943398593,2.2502213080394107,0.9084988303665352,-1.9087778878263548,-1.9664213320951407,1.915849923549588,2.6485890735945343,1.1510731912855872
86.0,9.0,2638.65283203125,-3.076736343221268,1.248983085415409,-0.3366506943398593,2.2502213080394107,0.9084988303665352,-1.9087778878263548,-1.994609210274227,1.915849923549588,2.6485890735945343,1.1510731912855872
86.0,9.0,2671.81591796875,-3.179394965299795,1.248983085415409,0.0429882868086863,2.2502589207055848,0.9084988303665352,-1.905366633050657,-1.995671476542093,1.923070871487269,2.6485890735945343,1.1510731912855872
86.0,9.0,2695.2421875,-3.1800522429324856,1.248983085415409,-0.3366506943398593,2.25812183898337,0.9084988303665352,-1.9052550404482589,-1.978509850517492,1.923070871487269,2.6485890735945343,1.1510731912855872
86.0,9.0,2699.50634765625,-3.2406421753146986,1.248983085415409,-0.3311911204350973,2.25812183898337,0.5776963961018482,-1.937777486689782,-1.991597817300748,1.923070871487269,2.6485890735945343,1.0172843045102158
86.0,9.0,2700.9638671875,-2.5620075463121204,1.7691099398103407,-0.2667958203160573,2.3308801035604665,-1.602105973992031,-0.9486988891084894,-0.9988622614621064,1.7623865626363076,2.7065039678315204,1.0730282791371737
86.0,9.0,2702.90869140625,-3.1800522429324856,1.248983085415409,-0.3366506943398593,2.25812183898337,0.9084988303665352,-1.9052550404482589,-1.9834028162089108,1.923070871487269,2.6485890735945343,1.1510731912855872
86.0,9.0,2712.973388671875,-1.1854891682552378,1.004175138942005,-0.2648847537120513,2.1159326188167635,-1.5038235317968554,-0.969712124257656,-1.0579066100347134,1.996048506410992,2.259793946015386,-0.9477433082700116
86.0,9.0,2729.8017578125,-3.2784788267779708,1.2604863681078573,-0.3366506943398593,1.8452739625299304,0.9084988303665352,-1.9506381267462192,-1.9833979722595576,1.923070871487269,2.648489612560085,1.1510731912855872
86.0,9.0,2760.14501953125,-3.1800522429324856,1.248983085415409,-0.3366506943398593,2.25812183898337,0.9084988303665352,-1.937777486689782,-1.9833121158680784,1.923070871487269,2.6485890735945343,1.0918281053694157
86.0,9.0,2771.60009765625,-3.1800522429324856,1.248983085415409,-0.3366506943398593,2.25812183898337,0.9084988303665352,-1.937777486689782,-1.9833121158680784,1.923070871487269,2.6485890735945343,1.1510731912855872
86.0,9.0,2778.771484375,-2.5676234856388858,2.4555851729164235,-0.3366506943398593,2.229379633250153,0.9084988303665352,-1.1059470120952706,-1.99669052026766,1.915849923549588,2.9703392292191,1.1471314528236105
86.0,9.0,2786.755859375,-3.1800522429324856,1.248983085415409,-0.3410592944473781,2.25812183898337,0.9084988303665352,-0.9812739400836864,-1.978509850517492,1.923070871487269,3.130313301234801,1.1510731912855872
86.0,9.0,2799.559814453125,-0.8885585866112996,2.203482351123552,-0.2287649474177555,2.0002479891654663,-1.5696301175696428,-0.748796654347915,-1.1813080258727198,1.8924348409020968,2.265939627041839,1.062406886682453
86.0,9.0,2878.32958984375,-1.063861812778215,2.2241873148411475,-0.2151524579879806,2.113530917128227,-0.0626284200918488,-1.408041666969453,-1.922351339501994,2.575290511625327,2.656704578948256,1.8426292500402248
86.0,9.0,2960.723876953125,0.9174564611549842,0.7385057532260042,-0.113619193929528,2.13855457185087,-1.660530938243352,-1.932936035724223,-1.905021295960177,2.659083880151356,1.0148459865989263,1.1075570384521063
86.0,9.0,2999.19140625,-0.8885585866112996,2.203482351123552,-0.3369896794047184,2.37192302598164,-0.5711415255162045,-1.888031122582693,-1.535838227894892,1.8027775282080103,1.0274898224809672,0.0435679934697045
86.0,9.0,3002.55908203125,-3.2347214306980456,2.309006140421758,-0.26692238629452,2.25812183898337,0.9062950988412228,-2.905496010874991,-1.2222134325289629,1.923070871487269,3.119730360356489,1.6019093699471496
86.0,9.0,3019.938232421875,-0.8885585866112996,2.203482351123552,-0.3351057853418713,2.13855457185087,-1.6176629005686882,-1.888031122582693,-1.905021295960177,1.8027775282080103,1.0274898224809672,1.062406886682453
86.0,9.0,3060.4599609375,-0.8897862593909882,2.2607949369892446,-0.2165031110400234,2.37192302598164,-0.5732536070878363,-0.9999915807004334,-1.535838227894892,1.8027775282080103,2.3025130788869723,0.0435679934697045
86.0,9.0,3161.412841796875,-0.4204757697646463,0.9718623734400442,-1.4302013682347112,2.252023214525817,-1.620534060519022,-1.9571183191004025,-1.973271272642892,0.5209695548384639,2.700452063939468,1.149660733212589
86.0,9.0,3283.906005859375,-3.1800522429324856,1.2698400077874556,-0.2139046246440481,2.25812183898337,0.7512087105664942,-2.083221746619107,-2.049672976823492,1.519446885864336,2.6511440610378125,1.151522083588645
86.0,9.0,3304.14794921875,-0.817120539952293,2.25075667316712,0.0559907980752283,2.25812183898337,-0.1145662277004453,-0.966003141170833,-1.934586639749,1.731013167499769,2.7061503704393903,1.0311692936826284
86.0,9.0,3338.5771484375,-0.4107153559315424,1.3864222462870477,-0.2588067567901739,1.011749094520466,-1.8365435595238284,-0.969712124257656,-0.9988622614621064,1.978752789606737,2.7078746229356687,1.2340434563469898
86.0,9.0,3388.4912109375,-1.3003030009468737,1.6371250089213103,-0.3283655588097098,2.3173786518475863,-1.664638252052791,-0.9947031427470368,-2.00431870158358,1.9131026529609407,2.6571906139631047,1.1145483698351597
86.0,9.0,3462.20556640625,-1.063861812778215,2.2241873148411475,-0.2151524579879806,2.113530917128227,-0.0699754032313162,-0.921701921388023,-1.922351339501994,0.2048011398879857,2.656704578948256,1.8426292500402248
86.0,9.0,3503.06787109375,-1.0923534692674868,2.203482351123552,-0.3369453965296073,2.25849039571912,-1.6176629005686882,-1.9330983641573625,-1.9051526477489025,2.659083880151356,2.6351255521399386,0.035359572446492
86.0,9.0,3660.948486328125,-1.1310000773272746,1.92503415060318,-0.5293126376756396,2.115358350444292,-1.507453860619362,-0.3729328638860031,-1.1856273322201676,1.9943535788009463,2.6485890735945343,1.677376916350493
86.0,9.0,3663.792236328125,-3.025717985534364,1.92503415060318,-0.2667225927223077,2.094819457789398,-1.63490811239978,-0.3379208898308916,-1.1856273322201676,1.923070871487269,2.6485890735945343,1.83093641279983
86.0,9.0,3665.26708984375,-1.1312101147535685,2.203482351123552,-0.614080953434246,2.13855457185087,-1.6176629005686882,-1.888031122582693,-1.905021295960177,0.0071578767034048,0.99206421723373,1.062406886682453
86.0,9.0,3691.31591796875,-3.1827387827147064,2.1173955125114805,-0.2721821666270697,2.330250046503834,-1.4864058670309284,-0.3379208898308916,-1.1773416307874986,1.923070871487269,2.6485890735945343,1.8944728687134664
86.0,9.0,3712.614013671875,-0.8885585866112996,2.203482351123552,-0.3369453965296073,2.13855457185087,-1.6176629005686882,-1.932936035724223,-1.905021295960177,2.659083880151356,1.0274898224809672,0.035359572446492
86.0,9.0,3824.66943359375,-3.2433287150969194,2.1173955125114805,-0.2667225927223077,2.330250046503834,-1.63490811239978,-0.3379208898308916,-1.1856273322201676,1.923070871487269,2.6485890735945343,1.8199290678542663
86.0,9.0,3824.66943359375,-3.2433287150969194,2.1173955125114805,-0.2667225927223077,2.330250046503834,-1.63490811239978,-0.3379208898308916,-1.1856273322201676,1.923070871487269,2.6485890735945343,1.8199290678542663
86.0,9.0,3838.349609375,-3.2347214306980456,1.2493689440043676,-0.26692238629452,2.25812183898337,-0.410427259319401,-2.905496010874991,-1.2222828594849418,1.923070871487269,2.621864460102723,-0.6349546316858885
86.0,9.0,3846.447265625,-0.8885585866112996,2.203482351123552,-0.3350615024667603,2.13855457185087,-1.6176629005686882,-1.932936035724223,-1.905021295960177,2.659083880151356,1.0274898224809672,1.0541984656592405
86.0,9.0,3883.6982421875,-0.8885585866112996,2.158610920613068,-1.4302013682347112,2.252023214525817,-1.6214727477834814,-1.9576101451943413,-1.9608929082065083,1.0340689073751703,2.700452063939468,1.149660733212589
86.0,9.0,4044.183349609375,-0.9539227168579364,2.173296760467116,-0.2972904942511981,2.251940875070799,0.9134006793372494,-1.9081949784443235,-1.9612831491200515,1.915849923549588,2.6485890735945343,1.1510731912855872
86.0,9.0,4138.380859375,-1.0258719286942437,1.3772092684490564,-0.1406710432413343,4.245301870911931,-1.5755815317926944,-1.038681665546244,-1.1762574634269656,1.9976427396038208,2.041157538163747,1.1543657644110072
86.0,9.0,4161.740234375,-3.080207075130109,1.004175138942005,-0.2668270967825009,2.09539372616187,-1.5348915237773235,-0.5354421295544091,-1.0579066100347134,1.054306712231844,2.259793946015386,-0.9477433082700116
86.0,10.0,1510.018798828125,-3.179394965299795,2.235758519123859,0.0429882868086863,2.2502589207055848,0.9084988303665352,-1.905366633050657,-1.198699417931974,1.923070871487269,3.1226745075268614,1.5934639755022697
86.0,10.0,1639.136474609375,-3.008154189587683,1.315057330636472,-0.2146722709318371,2.1284074219871902,0.8877858375172327,-1.9105521196963604,-1.0464592315344463,2.0739065651287247,2.661331088743566,0.9560232199954146
86.0,10.0,1639.136474609375,-3.008154189587683,1.315057330636472,-0.2146722709318371,2.1284074219871902,0.8877858375172327,-1.9105521196963604,-1.0464592315344463,2.0739065651287247,2.661331088743566,0.9560232199954146
86.0,10.0,1639.136474609375,-3.008154189587683,1.315057330636472,-0.2146722709318371,2.1284074219871902,0.8877858375172327,-1.9105521196963604,-1.0464592315344463,2.0739065651287247,2.661331088743566,0.9560232199954146
86.0,10.0,1655.530029296875,-3.076736343221268,1.248983085415409,-0.3366506943398593,2.2502213080394107,0.9084988303665352,-1.9087778878263548,-0.2032683687109894,1.915849923549588,2.6485890735945343,1.1510731912855872
86.0,10.0,1666.589599609375,-3.0773936208539583,1.248983085415409,-0.3366506943398593,2.258084226317196,0.9084988303665352,-1.9086662952239564,-0.6876372597261768,1.915849923549588,2.6485890735945343,1.1510731912855872
86.0,10.0,1667.962646484375,-3.076736343221268,1.248983085415409,-0.3366506943398593,2.2502213080394107,0.9084988303665352,-1.9087778878263548,-0.7047988857508076,1.915849923549588,2.6485890735945343,1.1510731912855872
86.0,10.0,1689.1484375,-3.0782389449696206,1.248983085415409,-0.3390806395417038,2.258084226317196,0.9084988303665352,-1.814311893726858,-0.6876372597261768,1.915849923549588,2.246378591854439,1.1510731912855872
86.0,10.0,1754.650146484375,-3.076736343221268,2.2563094202952243,-0.336675819741477,2.2502213080394107,1.1769752679282954,-1.934803937145677,-0.1900391724472439,1.914698607882639,2.635250144406428,1.6754681853458226
86.0,10.0,1859.2244873046875,-0.9539227168579364,1.2346118316116024,0.0440235758647922,2.252270692994015,-1.6762015085619804,-1.907554250998797,-1.983510787185876,1.9158734538677729,2.6485890735945343,1.0540503294903418
86.0,10.0,1917.21044921875,-3.0769545023188587,1.249385883910535,-0.3366506943398593,2.2605264951208683,0.9086569072505958,-1.909238294751035,-1.3001544671055214,1.915849923549588,2.6485890735945343,1.1510731912855872
86.0,10.0,1952.7978515625,-1.2503039229026,1.004175138942005,-0.166449306463233,2.1159326188167635,-1.5038235317968554,-0.969712124257656,-1.0513079996260783,2.00337394808568,2.259793946015386,2.104738380794064
86.0,10.0,1969.2132568359373,-3.234997949408165,1.248983085415409,-0.3366506943398593,2.2502213080394107,1.2664370094472444,-1.9087778878263548,-0.3598345086562167,1.915849923549588,2.6485890735945343,1.0137551564263343
86.0,10.0,2003.5146484375,-1.2503039229026,1.004175138942005,-0.2648688223002146,2.1159326188167635,-1.5038235317968554,-0.969712124257656,-1.0513079996260783,2.00337394808568,2.259793946015386,2.104738380794064
86.0,10.0,2044.979736328125,-3.076736343221268,1.248983085415409,-0.3366506943398593,2.2502213080394107,0.9084988303665352,-1.1412989098225932,-0.2341003104342255,1.915849923549588,2.6485890735945343,1.1510731912855872
86.0,10.0,2111.9453125,-2.915294494398423,1.248983085415409,-0.3366506943398593,2.25812183898337,0.831272806114767,-1.010958636516444,-1.927324837252124,1.914233522269596,2.6485890735945343,1.1510731912855872
86.0,10.0,2135.681640625,-2.915294494398423,1.248983085415409,-0.3366506943398593,2.25812183898337,0.9218729316348364,-1.010958636516444,-1.927324837252124,1.914233522269596,2.6485890735945343,1.1510731912855872
86.0,10.0,2202.34130859375,-3.1800522429324856,2.3294772042048524,-0.2139046246440481,2.25812183898337,0.9084988303665352,-1.937777486689782,-2.049672976823492,1.89154851520606,2.6587581735643875,1.1510731912855872
86.0,10.0,2260.32080078125,-3.1800522429324856,2.375516228926145,-0.2996899183990017,2.2577920210601543,1.0522742291533818,-1.937777486689782,-1.9588310364087465,1.9230473411690845,2.6485890735945343,1.366074880533115
86.0,10.0,2269.07763671875,-2.918402742461754,1.315057330636472,-0.2146722709318371,2.1284074219871902,-0.1352792205497479,-1.9105521196963604,-1.930186384452504,1.7081450951448764,2.660044098593524,1.02944436561474
86.0,10.0,2269.07763671875,-2.918402742461754,1.315057330636472,-0.2146722709318371,2.1284074219871902,-0.1352792205497479,-1.9105521196963604,-1.930186384452504,1.7081450951448764,2.660044098593524,1.02944436561474
86.0,10.0,2325.44287109375,-0.9539227168579364,2.2029437486513186,-0.2968114373626384,2.251940875070799,-1.5324261099536864,-1.907554250998797,-1.959029707726543,1.915849923549588,2.6485890735945343,1.0567686969057148
86.0,10.0,2325.4833984375,-2.8402517533168847,1.248983085415409,0.0316109102285053,2.258084226317196,0.9084988303665352,-1.9086662952239564,0.869611420971254,1.9227535128309217,2.6485890735945343,1.1510731912855872
86.0,10.0,2470.6005859375,-3.1800522429324856,2.2289336551103003,-0.2138823293393805,2.118945644626592,0.9084988303665352,-1.937777486689782,-2.049672976823492,2.613714661934374,2.656700952858075,1.1510731912855872
86.0,10.0,2515.99609375,-3.1800522429324856,1.248983085415409,0.2590542916659892,2.25812183898337,0.9084988303665352,-1.9055028115116304,-1.978509850517492,1.923070871487269,2.6485890735945343,0.5099070704161486
86.0,10.0,2568.10009765625,-3.180946747827217,1.2493848960298588,-0.1337873019545344,2.130369845627473,0.9063651020914189,-1.9475473729083608,-1.2886856129404292,1.1532618614404389,3.1308004636909423,1.6208085853360958
86.0,10.0,2589.40966796875,-3.1800522429324856,1.248983085415409,-0.3366506943398593,2.2297025173526817,0.8924495396992111,-1.9052550404482589,-1.925664681089848,1.9481826858585063,2.6485890735945343,1.1510731912855872
86.0,10.0,2596.07177734375,-3.076736343221268,1.248983085415409,-0.3366506943398593,2.2502213080394107,0.9084988303665352,-1.9087778878263548,-1.9664213320951407,1.915849923549588,2.6485890735945343,1.1510731912855872
86.0,10.0,2605.03955078125,-2.999310468023728,1.2604863681078573,-0.8309193991158978,1.8452739625299304,0.9084988303665352,-1.9506381267462192,-1.9833979722595576,1.923070871487269,2.648489612560085,1.1510731912855872
86.0,10.0,2613.8388671875,-3.082380569127802,1.248983085415409,-0.3311911204350973,2.25812183898337,0.5776963961018482,-1.937777486689782,-1.991597817300748,1.923070871487269,2.6485890735945343,1.1546023393694684
86.0,10.0,2638.65283203125,-3.076736343221268,1.248983085415409,-0.3366506943398593,2.2502213080394107,0.9084988303665352,-1.9087778878263548,-1.994609210274227,1.915849923549588,2.6485890735945343,1.1510731912855872
86.0,10.0,2653.33154296875,-2.5620075463121204,1.7691099398103407,-0.3354328408465258,2.063531914571719,-1.602105973992031,-0.9486988891084894,-0.9988622614621064,1.7623865626363076,2.642733618099109,1.0730282791371737
86.0,10.0,2660.057861328125,-3.2784788267779708,1.2604863681078573,-0.3366506943398593,1.8452739625299304,0.9084988303665352,-1.9506381267462192,-1.9387425622048096,1.923070871487269,2.648489612560085,1.1510731912855872
86.0,10.0,2671.81591796875,-3.179394965299795,1.248983085415409,0.0429882868086863,2.2502589207055848,0.9084988303665352,-1.905366633050657,-1.995671476542093,1.923070871487269,2.6485890735945343,1.1510731912855872
86.0,10.0,2695.2421875,-3.1800522429324856,1.248983085415409,-0.3366506943398593,2.25812183898337,0.9084988303665352,-1.9052550404482589,-1.978509850517492,1.923070871487269,2.6485890735945343,1.1510731912855872
86.0,10.0,2697.4716796875,-1.063861812778215,2.3247308639357,-0.2151747532926482,2.252707111485005,-0.0626284200918488,-1.408041666969453,-1.922351339501994,1.853124364897012,2.6587617996545685,1.8426292500402248
86.0,10.0,2699.50634765625,-3.2406421753146986,1.248983085415409,-0.3311911204350973,2.25812183898337,0.5776963961018482,-1.937777486689782,-1.991597817300748,1.923070871487269,2.6485890735945343,1.0172843045102158
86.0,10.0,2700.167724609375,-3.2406421753146986,1.248983085415409,-0.3365997679337333,2.25812183898337,0.5776963961018482,-1.9375297156264104,-1.991597817300748,1.923070871487269,2.6485890735945343,1.0172843045102158
86.0,10.0,2700.9638671875,-2.5620075463121204,1.7691099398103407,-0.2667958203160573,2.3308801035604665,-1.602105973992031,-0.9486988891084894,-0.9988622614621064,1.7623865626363076,2.7065039678315204,1.0730282791371737
86.0,10.0,2702.90869140625,-3.1800522429324856,1.248983085415409,-0.3366506943398593,2.25812183898337,0.9084988303665352,-1.9052550404482589,-1.9834028162089108,1.923070871487269,2.6485890735945343,1.1510731912855872
86.0,10.0,2712.973388671875,-1.1854891682552378,1.004175138942005,-0.2648847537120513,2.1159326188167635,-1.5038235317968554,-0.969712124257656,-1.0579066100347134,1.996048506410992,2.259793946015386,-0.9477433082700116
86.0,10.0,2729.8017578125,-3.2784788267779708,1.2604863681078573,-0.3366506943398593,1.8452739625299304,0.9084988303665352,-1.9506381267462192,-1.9833979722595576,1.923070871487269,2.648489612560085,1.1510731912855872
86.0,10.0,2760.14501953125,-3.1800522429324856,1.248983085415409,-0.3366506943398593,2.25812183898337,0.9084988303665352,-1.937777486689782,-1.9833121158680784,1.923070871487269,2.6485890735945343,1.0918281053694157
86.0,10.0,2771.60009765625,-3.1800522429324856,1.248983085415409,-0.3366506943398593,2.25812183898337,0.9084988303665352,-1.937777486689782,-1.9833121158680784,1.923070871487269,2.6485890735945343,1.1510731912855872
86.0,10.0,2778.771484375,-2.5676234856388858,2.4555851729164235,-0.3366506943398593,2.229379633250153,0.9084988303665352,-1.1059470120952706,-1.99669052026766,1.915849923549588,2.9703392292191,1.1471314528236105
86.0,10.0,2786.755859375,-3.1800522429324856,1.248983085415409,-0.3410592944473781,2.25812183898337,0.9084988303665352,-0.9812739400836864,-1.978509850517492,1.923070871487269,3.130313301234801,1.1510731912855872
86.0,10.0,2799.559814453125,-0.8885585866112996,2.203482351123552,-0.2287649474177555,2.0002479891654663,-1.5696301175696428,-0.748796654347915,-1.1813080258727198,1.8924348409020968,2.265939627041839,1.062406886682453
86.0,10.0,2843.531982421875,-3.1800522429324856,1.2697900034638512,-0.2133895255313194,2.25812183898337,0.7512087105664942,-1.91092395498091,-2.049672976823492,1.519446885864336,2.6511440610378125,1.1510773870552182
86.0,10.0,2860.816162109375,-2.5676234856388858,2.4555851729164235,-0.3350506042930958,2.1359345710394746,1.014712807076686,-1.1049015323339355,-2.018231006020953,1.797810294854124,2.9703392292191,1.1446784947922313
86.0,10.0,2862.9287109375,-3.180946747827217,1.2493848960298588,-0.1337873019545344,2.1493893854491217,0.9063651020914189,-2.1510679909331474,-1.2841556676995982,1.216541158638202,2.633095446720674,1.6084708013418412
86.0,11.0,1436.0987548828125,-2.8811633898674773,1.2508802342485394,1.3286402681409686,2.25812183898337,0.831272806114767,-1.0121142442320776,-1.927324837252124,1.9189471357646823,2.6485890735945343,1.127029677186243
86.0,11.0,1510.018798828125,-3.179394965299795,2.235758519123859,0.0429882868086863,2.2502589207055848,0.9084988303665352,-1.905366633050657,-1.198699417931974,1.923070871487269,3.1226745075268614,1.5934639755022697
86.0,11.0,1540.92626953125,-3.008154189587683,1.6439859513155584,-0.2146722709318371,2.1284074219871902,0.8877858375172327,-1.9105521196963604,-1.0464592315344463,2.0739065651287247,2.661331088743566,0.9560232199954146
86.0,11.0,1614.22216796875,-2.999361813418356,1.315057330636472,-0.2146722709318371,2.1284074219871902,0.9075013587467678,-1.910060693911721,-0.9639836988459372,2.0868560279935835,2.661331088743566,0.9754379572159269
86.0,11.0,1633.9912109375,-3.008154189587683,1.315057330636472,-0.2146722709318371,2.1284074219871902,0.8877858375172327,-1.9106724552862324,-1.082227115224263,2.0749834819761053,2.6489416879003542,1.1542251337795066
86.0,11.0,1639.136474609375,-3.008154189587683,1.315057330636472,-0.2146722709318371,2.1284074219871902,0.8877858375172327,-1.9105521196963604,-1.0464592315344463,2.0739065651287247,2.661331088743566,0.9560232199954146
86.0,11.0,1639.136474609375,-3.008154189587683,1.315057330636472,-0.2146722709318371,2.1284074219871902,0.8877858375172327,-1.9105521196963604,-1.0464592315344463,2.0739065651287247,2.661331088743566,0.9560232199954146
86.0,11.0,1639.136474609375,-3.008154189587683,1.315057330636472,-0.2146722709318371,2.1284074219871902,0.8877858375172327,-1.9105521196963604,-1.0464592315344463,2.0739065651287247,2.661331088743566,0.9560232199954146
86.0,11.0,1643.193603515625,-3.0774948870030805,2.2563094202952243,-0.3426768519010705,2.2502213080394107,0.8978989600484606,-1.9356636236958475,-0.1991001336458648,1.914698607882639,2.634574460310323,1.6754681853458226
86.0,11.0,1653.291015625,-3.076736343221268,1.248983085415409,-0.3624118448588617,2.2502213080394107,0.9084988303665352,-1.908778044485668,-0.7047988857508076,1.9158855109696311,2.6485890735945343,1.282746711591098
86.0,11.0,1655.530029296875,-3.076736343221268,1.248983085415409,-0.3366506943398593,2.2502213080394107,0.9084988303665352,-1.9087778878263548,-0.2032683687109894,1.915849923549588,2.6485890735945343,1.1510731912855872
86.0,11.0,1659.020263671875,-3.00874180284543,1.315057330636472,-0.2143661189343088,2.263573461448777,0.9086977403455644,-1.9106344133923867,-0.9983443627291692,2.0739065651287247,2.661331088743566,0.9560232199954146
86.0,11.0,1666.589599609375,-3.0773936208539583,1.248983085415409,-0.3366506943398593,2.258084226317196,0.9084988303665352,-1.9086662952239564,-0.6876372597261768,1.915849923549588,2.6485890735945343,1.1510731912855872
86.0,11.0,1667.962646484375,-3.076736343221268,1.248983085415409,-0.3366506943398593,2.2502213080394107,0.9084988303665352,-1.9087778878263548,-0.7047988857508076,1.915849923549588,2.6485890735945343,1.1510731912855872
86.0,11.0,1667.962646484375,-3.076736343221268,1.248983085415409,-0.3366506943398593,2.2502213080394107,0.9084988303665352,-1.9087778878263548,-0.7047988857508076,1.915849923549588,2.6485890735945343,1.1510731912855872
86.0,11.0,1677.7000732421875,-3.0048651649741744,2.240473046642654,0.04826867029158,2.1284074219871902,0.8877858375172327,-1.90535762796288,-1.0464592315344463,2.072120727117719,2.661331088743566,0.9560232199954146
86.0,11.0,1689.1484375,-3.0782389449696206,1.248983085415409,-0.3390806395417038,2.258084226317196,0.9084988303665352,-1.814311893726858,-0.6876372597261768,1.915849923549588,2.246378591854439,1.1510731912855872
86.0,11.0,1691.564697265625,-3.0767024827762635,1.248983085415409,-0.3366506943398593,2.258084226317196,0.9084988303665352,-1.9086605408681592,-0.6876372597261768,1.915849923549588,2.6485890735945343,1.0428731230430173
86.0,11.0,1700.8118896484375,-3.0774274812989626,1.248983085415409,-0.3366506943398593,2.2502213080394107,0.9084988303665352,-1.908783642182152,-0.2032683687109894,2.623048533426386,2.6485890735945343,1.1510731912855872
86.0,11.0,1702.521728515625,-1.2580969909115196,0.9997616708864504,-0.2648688223002146,2.121024966362119,-1.683363841785228,-1.9153069450770075,-1.0513079996260783,2.00337394808568,2.2543773087172214,0.7370131382212344
86.0,11.0,1725.6064453125,-3.080655646875413,1.316321888036276,-0.3368249795895799,2.1284074219871902,0.8878142318435642,-1.910521925599848,-1.0464592315344463,1.931279836358684,2.661331088743566,0.9560232199954146
86.0,11.0,1754.650146484375,-3.076736343221268,2.2563094202952243,-0.336675819741477,2.2502213080394107,1.1769752679282954,-1.934803937145677,-0.1900391724472439,1.914698607882639,2.635250144406428,1.6754681853458226
86.0,11.0,1771.731201171875,-3.182683989913304,1.3103428031176767,-0.2199526544147308,2.2502589207055848,0.9084988303665352,-1.910561124784138,-1.198699417931974,1.924856709498275,3.1226745075268614,1.5934639755022697
86.0,11.0,1859.2244873046875,-0.9539227168579364,1.2346118316116024,0.0440235758647922,2.252270692994015,-1.6762015085619804,-1.907554250998797,-1.983510787185876,1.9158734538677729,2.6485890735945343,1.0540503294903418
86.0,11.0,1875.176513671875,-3.0773936208539583,1.248983085415409,-0.1279955059126883,2.2578046749805902,1.3162031099190237,-1.9086662952239564,-0.6972948208887119,1.915849923549588,2.6485890735945343,1.1510731912855872
86.0,11.0,1881.003173828125,-3.0638461033491087,1.248983085415409,-0.3249352995525628,2.2502211207887,0.9084988303665352,-1.9087778878263548,-1.257470470523555,1.916044449924056,2.644746034755081,1.1510731912855872
86.0,11.0,1911.258056640625,-1.2503039229026,1.004175138942005,-0.166449306463233,2.1159326188167635,-1.3113260660014583,-0.969712124257656,-1.0513079996260783,2.00337394808568,2.259793946015386,2.104738380794064
86.0,11.0,1917.105712890625,-0.9461296488490168,1.2390252996671571,0.0440235758647922,2.24717834544866,-1.20688240582461,-1.5086596376266848,-1.983510787185876,1.9158734538677729,2.6540057108927,2.144576863217873
86.0,11.0,1917.21044921875,-3.0769545023188587,1.249385883910535,-0.3366506943398593,2.2605264951208683,0.9086569072505958,-1.909238294751035,-1.3001544671055214,1.915849923549588,2.6485890735945343,1.1510731912855872
86.0,11.0,1941.3018798828125,-3.2418632731567265,1.249637177390915,-0.2051756531292668,2.2502213080394107,1.1910514393939975,-1.9087778878263548,-0.3759435422116303,1.915849923549588,2.7833212323553407,1.0137551564263343
86.0,11.0,1952.7978515625,-1.2503039229026,1.004175138942005,-0.166449306463233,2.1159326188167635,-1.5038235317968554,-0.969712124257656,-1.0513079996260783,2.00337394808568,2.259793946015386,2.104738380794064
86.0,11.0,1957.927734375,-3.179394965299795,2.454338967217022,0.0312728920213899,2.250259107956296,0.9084988303665352,-1.905366633050657,-0.1444973161194077,1.9228763451128013,3.126517546366314,1.5934639755022697
86.0,11.0,1969.2132568359373,-3.234997949408165,1.248983085415409,-0.3366506943398593,2.2502213080394107,1.2664370094472444,-1.9087778878263548,-0.3598345086562167,1.915849923549588,2.6485890735945343,1.0137551564263343
86.0,11.0,1980.958251953125,-3.0782389449696206,2.208026093463876,-0.3390806395417038,2.257999028719836,-1.3922412772423378,-1.814311893726858,-0.6876372597261768,1.915849923549588,2.3470028156898097,1.0524480693083806
86.0,11.0,2003.5146484375,-1.2503039229026,1.004175138942005,-0.2648688223002146,2.1159326188167635,-1.5038235317968554,-0.969712124257656,-1.0513079996260783,2.00337394808568,2.259793946015386,2.104738380794064
86.0,11.0,2010.4486083984373,-3.0042348859335384,1.247718528015605,-0.2144979856821165,2.2502213080394107,0.9084704360402038,-1.3389055418828395,-1.994609210274227,2.0584766523196287,2.6485890735945343,1.1510731912855872
86.0,11.0,2034.8125,-1.2844350273852734,1.0022779901088743,-0.3407024700541594,2.1159326188167635,-1.5038235317968554,-0.9685565165420223,-1.0513079996260783,1.998660334590593,2.259793946015386,2.128781894893407
86.0,11.0,2044.979736328125,-3.076736343221268,1.248983085415409,-0.3366506943398593,2.2502213080394107,0.9084988303665352,-1.1412989098225932,-0.2341003104342255,1.915849923549588,2.6485890735945343,1.1510731912855872
86.0,11.0,2044.979736328125,-3.076736343221268,1.248983085415409,-0.3366506943398593,2.2502213080394107,0.9084988303665352,-1.1412989098225932,-0.2341003104342255,1.915849923549588,2.6485890735945343,1.1510731912855872
86.0,11.0,2102.928466796875,-3.0782389449696206,1.248983085415409,-0.3367042780893663,2.2584029512963792,1.24565508447193,-1.235071094004329,-0.3576322732537965,1.915849923549588,2.659043949612017,1.1410212447311354
86.0,11.0,2111.9453125,-2.915294494398423,1.248983085415409,-0.3366506943398593,2.25812183898337,0.831272806114767,-1.010958636516444,-1.927324837252124,1.914233522269596,2.6485890735945343,1.1510731912855872
86.0,11.0,2127.653076171875,-3.281349713916498,1.2493848960298588,-0.3392316456754023,1.8480936775418693,0.9061898891246069,-1.950654111215592,-1.2886856129404292,1.5519797864290985,3.1308004636909423,1.6208085853360958
86.0,11.0,2135.681640625,-2.915294494398423,1.248983085415409,-0.3366506943398593,2.25812183898337,0.9218729316348364,-1.010958636516444,-1.927324837252124,1.914233522269596,2.6485890735945343,1.1510731912855872
86.0,11.0,2178.8408203125,-3.1800522429324856,2.3294772042048524,-0.2139046246440481,2.25812183898337,0.9084988303665352,-1.937777486689782,-2.049672976823492,1.89154851520606,2.6587581735643875,1.3721456978223352
86.0,11.0,2196.1865234375,-3.1800522429324856,2.2289336551103003,0.2931457721607665,2.118945644626592,0.9084988303665352,-1.9051925088184885,-1.9799394303545184,2.5799967668238657,2.656700952858075,1.1510731912855872
86.0,11.0,2202.34130859375,-3.1800522429324856,2.3294772042048524,-0.2139046246440481,2.25812183898337,0.9084988303665352,-1.937777486689782,-2.049672976823492,1.89154851520606,2.6587581735643875,1.1510731912855872
86.0,11.0,2204.7666015625,-3.173682753334645,2.2563094202952243,-0.3549047338671714,2.2502213080394107,1.1769752679282954,-1.9353356846546008,-0.1058639241222137,1.9228831378719813,3.226758510025061,1.6754681853458226
86.0,11.0,2257.398193359375,-2.9115374187131926,1.314403238660966,-0.3461473121424296,2.1284074219871902,-0.0598936504965038,-1.9105521196963604,-1.91407735089688,1.7081450951448764,2.660044098593524,1.02944436561474
86.0,11.0,2260.32080078125,-3.1800522429324856,2.375516228926145,-0.2996899183990017,2.2577920210601543,1.0522742291533818,-1.937777486689782,-1.9588310364087465,1.9230473411690845,2.6485890735945343,1.366074880533115
86.0,11.0,2269.07763671875,-2.918402742461754,1.315057330636472,-0.2146722709318371,2.1284074219871902,-0.1352792205497479,-1.9105521196963604,-1.930186384452504,1.7081450951448764,2.660044098593524,1.02944436561474
86.0,12.0,1436.0987548828125,-2.8811633898674773,1.2508802342485394,1.3286402681409686,2.25812183898337,0.831272806114767,-1.0121142442320776,-1.927324837252124,1.9189471357646823,2.6485890735945343,1.127029677186243
86.0,12.0,1501.9932861328125,-3.178604570254008,2.2367143844171062,-0.0851436654921557,2.800931939481424,0.8978989600484606,-1.93820075044214,-0.1991001336458648,1.914698607882639,2.63799814635345,1.6772459495431689
86.0,12.0,1505.6865234375,-2.8811633898674773,1.2508802342485394,1.3286402681409686,2.3259070045231125,1.1560985099343384,-1.0121142442320776,-1.927324837252124,1.9189471357646823,2.6493593727210474,1.127029677186243
86.0,12.0,1510.018798828125,-3.179394965299795,2.235758519123859,0.0429882868086863,2.2502589207055848,0.9084988303665352,-1.905366633050657,-1.198699417931974,1.923070871487269,3.1226745075268614,1.5934639755022697
86.0,12.0,1533.1649169921875,-3.008154189587683,1.3157474337530828,-0.2146722709318371,2.1228926695063945,0.8877858375172327,-1.90874435581942,-0.1642584401936829,2.0749834819761053,2.6489416879003542,1.1542251337795066
86.0,12.0,1534.0155029296875,-3.1125903592228483,1.315057330636472,-0.2146716520637988,2.256441332019077,0.8876017592241107,-1.6077840702340631,-1.082227115224263,2.074973787442375,2.6489416879003542,1.150930968332696
86.0,12.0,1534.3436279296875,-3.0782852820488675,2.255353555001977,0.0472132842461127,2.2502589207055848,0.9084988303665352,-1.9028295063043648,-1.198699417931974,1.923070871487269,3.1192508214837344,1.5916862113049235
86.0,12.0,1540.92626953125,-3.008154189587683,1.6439859513155584,-0.2146722709318371,2.1284074219871902,0.8877858375172327,-1.9105521196963604,-1.0464592315344463,2.0739065651287247,2.661331088743566,0.9560232199954146
86.0,12.0,1547.13525390625,-3.076736343221268,1.248983085415409,-0.3624118448588617,1.6614192494549984,0.9084988303665352,-1.908778044485668,-0.7047988857508076,1.9158855109696311,2.670351759017919,1.282746711591098
86.0,12.0,1588.443603515625,-1.2580969909115196,1.0034281849764142,-0.2648688223002146,2.121024966362119,-1.6057311950893125,-1.9153069450770075,-1.0513079996260783,2.00337394808568,2.2543773087172214,1.1614996205382004
86.0,12.0,1597.3470458984375,-3.0774948870030805,2.2563094202952243,-0.3426768519010705,2.1295236272375875,0.8978989600484606,-1.9375349616693835,-0.9706865825398938,1.912719487653315,2.6335162211712264,1.6754681853458226
86.0,12.0,1614.22216796875,-2.999361813418356,1.315057330636472,-0.2146722709318371,2.1284074219871902,0.9075013587467678,-1.910060693911721,-0.9639836988459372,2.0868560279935835,2.661331088743566,0.9754379572159269
86.0,12.0,1617.1629638671875,-3.008052343051535,1.3146411430548706,-0.2131346042797527,2.2502213080394107,0.9090436778825473,-1.9088512995977511,-0.2032683687109894,2.5910100217539864,2.6485890735945343,1.1510731912855872
86.0,12.0,1632.57958984375,-3.076736343221268,2.2563094202952243,-0.336675819741477,2.250605004891507,0.8521495641087239,-1.934803937145677,-0.1900391724472439,1.914698607882639,2.6344798452799143,1.6754681853458226
86.0,12.0,1633.9912109375,-3.008154189587683,1.315057330636472,-0.2146722709318371,2.1284074219871902,0.8877858375172327,-1.9106724552862324,-1.082227115224263,2.0749834819761053,2.6489416879003542,1.1542251337795066
86.0,12.0,1639.136474609375,-3.008154189587683,1.315057330636472,-0.2146722709318371,2.1284074219871902,0.8877858375172327,-1.9105521196963604,-1.0464592315344463,2.0739065651287247,2.661331088743566,0.9560232199954146
86.0,12.0,1639.136474609375,-3.008154189587683,1.315057330636472,-0.2146722709318371,2.1284074219871902,0.8877858375172327,-1.9105521196963604,-1.0464592315344463,2.0739065651287247,2.661331088743566,0.9560232199954146
86.0,12.0,1639.136474609375,-3.008154189587683,1.315057330636472,-0.2146722709318371,2.1284074219871902,0.8877858375172327,-1.9105521196963604,-1.0464592315344463,2.0739065651287247,2.661331088743566,0.9560232199954146
86.0,12.0,1643.193603515625,-3.0774948870030805,2.2563094202952243,-0.3426768519010705,2.2502213080394107,0.8978989600484606,-1.9356636236958475,-0.1991001336458648,1.914698607882639,2.634574460310323,1.6754681853458226
86.0,12.0,1643.32421875,-3.076736343221268,1.248983085415409,-0.3390710705078444,2.258140597419433,0.9084988303665352,-1.8103526736683409,-0.7045165631372982,1.8398515719802195,2.6485890735945343,1.1510731912855872
86.0,12.0,1653.291015625,-3.076736343221268,1.248983085415409,-0.3624118448588617,2.2502213080394107,0.9084988303665352,-1.908778044485668,-0.7047988857508076,1.9158855109696311,2.6485890735945343,1.282746711591098
86.0,12.0,1655.530029296875,-3.076736343221268,1.248983085415409,-0.3366506943398593,2.2502213080394107,0.9084988303665352,-1.9087778878263548,-0.2032683687109894,1.915849923549588,2.6485890735945343,1.1510731912855872
86.0,12.0,1656.02099609375,-3.008154189587683,1.315057330636472,1.2033228508289222,2.128006111150379,0.8889038706335778,-1.9105521196963604,-1.0464592315344463,2.1016840584652683,2.660658563129941,1.1503151271351608
86.0,12.0,1659.020263671875,-3.00874180284543,1.315057330636472,-0.2143661189343088,2.263573461448777,0.9086977403455644,-1.9106344133923867,-0.9983443627291692,2.0739065651287247,2.661331088743566,0.9560232199954146
86.0,12.0,1666.589599609375,-3.0773936208539583,1.248983085415409,-0.3366506943398593,2.258084226317196,0.9084988303665352,-1.9086662952239564,-0.6876372597261768,1.915849923549588,2.6485890735945343,1.1510731912855872
86.0,12.0,1667.962646484375,-3.076736343221268,1.248983085415409,-0.3366506943398593,2.2502213080394107,0.9084988303665352,-1.9087778878263548,-0.7047988857508076,1.915849923549588,2.6485890735945343,1.1510731912855872
86.0,12.0,1667.962646484375,-3.076736343221268,1.248983085415409,-0.3366506943398593,2.2502213080394107,0.9084988303665352,-1.9087778878263548,-0.7047988857508076,1.915849923549588,2.6485890735945343,1.1510731912855872
86.0,12.0,1677.7000732421875,-3.0048651649741744,2.240473046642654,0.04826867029158,2.1284074219871902,0.8877858375172327,-1.90535762796288,-1.0464592315344463,2.072120727117719,2.661331088743566,0.9560232199954146
86.0,12.0,1685.3782958984375,-3.0773936208539583,1.248983085415409,-0.3366506943398593,1.0525456734950007,0.9084988303665352,-1.9934819471603136,-0.6876372597261768,1.915849923549588,2.6485890735945343,1.1510731912855872
86.0,12.0,1689.1484375,-3.0782389449696206,1.248983085415409,-0.3390806395417038,2.258084226317196,0.9084988303665352,-1.814311893726858,-0.6876372597261768,1.915849923549588,2.246378591854439,1.1510731912855872
86.0,12.0,1691.564697265625,-3.0767024827762635,1.248983085415409,-0.3366506943398593,2.258084226317196,0.9084988303665352,-1.9086605408681592,-0.6876372597261768,1.915849923549588,2.6485890735945343,1.0428731230430173
86.0,12.0,1700.8118896484375,-3.0774274812989626,1.248983085415409,-0.3366506943398593,2.2502213080394107,0.9084988303665352,-1.908783642182152,-0.2032683687109894,2.623048533426386,2.6485890735945343,1.1510731912855872
86.0,12.0,1702.521728515625,-1.2580969909115196,0.9997616708864504,-0.2648688223002146,2.121024966362119,-1.683363841785228,-1.9153069450770075,-1.0513079996260783,2.00337394808568,2.2543773087172214,0.7370131382212344
86.0,12.0,1705.851318359375,-3.080655646875413,1.316321888036276,-0.3368249795895799,2.1284074219871902,0.8464474876990333,-1.910521925599848,-1.0464592315344463,1.931279836358684,2.661331088743566,0.9560232199954146
86.0,12.0,1725.6064453125,-3.080655646875413,1.316321888036276,-0.3368249795895799,2.1284074219871902,0.8878142318435642,-1.910521925599848,-1.0464592315344463,1.931279836358684,2.661331088743566,0.9560232199954146
86.0,12.0,1727.6171875,-2.6057735263202866,1.248983085415409,-0.3366506943398593,2.2502213080394107,-0.3176197019007298,-1.9087778878263548,-0.7047988857508076,1.5203370130849942,2.6485890735945343,1.1510731912855872
86.0,12.0,1738.45849609375,-3.246693170866416,2.454338967217022,-0.1845274859174578,2.263019602492036,0.9084988303665352,-1.905366633050657,-0.1444973161194077,1.9979662221806485,2.2698514248698083,1.5934639755022697
86.0,12.0,1744.232177734375,-3.00874180284543,1.315057330636472,-0.2143661189343088,2.263573461448777,0.9086977403455644,-1.9106344133923867,-0.9983443627291692,2.0739065651287247,2.949075116272043,0.9560232199954146
86.0,12.0,1749.4615478515625,-3.076736343221268,1.248983085415409,-0.3624118448588617,2.249307660079846,0.8038618245331014,-1.908778044485668,-1.0700286691323688,1.915818264298516,2.64858152378718,1.301773547631858
86.0,12.0,1754.650146484375,-3.076736343221268,2.2563094202952243,-0.336675819741477,2.2502213080394107,1.1769752679282954,-1.934803937145677,-0.1900391724472439,1.914698607882639,2.635250144406428,1.6754681853458226
86.0,12.0,1771.731201171875,-3.182683989913304,1.3103428031176767,-0.2199526544147308,2.2502589207055848,0.9084988303665352,-1.910561124784138,-1.198699417931974,1.924856709498275,3.1226745075268614,1.5934639755022697
86.0,12.0,1799.33935546875,-3.0775293278351104,1.2493992729970105,-0.3381883609919437,2.1284074219871902,0.8872409900012208,-1.9104844622807609,-1.0464592315344463,1.862150116572273,2.661331088743566,0.9560232199954146
86.0,12.0,1807.24755859375,-3.0774274812989626,1.248292982298798,-0.3366506943398593,2.2557360605202064,0.9084988303665352,-1.9107117416489643,-1.1212370437415693,2.623048533426386,2.6485890735945343,1.1510731912855872
86.0,12.0,1809.801513671875,-3.0782389449696206,1.248983085415409,-0.3366602633737187,2.250164936937174,0.9084988303665352,-1.9127371078848725,-0.6879195823396863,1.915849923549588,2.246378591854439,1.1510731912855872
86.0,12.0,1855.222412109375,-2.996278665878403,1.315057330636472,-0.1490333088813389,2.1284074219871902,0.9091931027857948,-1.9106624547578577,-1.0464592315344463,1.9144227522402764,3.350694343843412,1.5946721077313166
86.0,12.0,1858.3681640625,-3.072779240269944,1.244476680206338,-0.0096702425689391,2.2502589207055848,0.9084988303665352,-1.90865058444748,-1.194174628403096,1.8163279108728945,3.1226745075268614,1.5934639755022697
86.0,12.0,1859.2244873046875,-0.9539227168579364,1.2346118316116024,0.0440235758647922,2.252270692994015,-1.6762015085619804,-1.907554250998797,-1.983510787185876,1.9158734538677729,2.6485890735945343,1.0540503294903418
86.0,12.0,1875.176513671875,-3.0773936208539583,1.248983085415409,-0.1279955059126883,2.2578046749805902,1.3162031099190237,-1.9086662952239564,-0.6972948208887119,1.915849923549588,2.6485890735945343,1.1510731912855872
86.0,12.0,1881.003173828125,-3.0638461033491087,1.248983085415409,-0.3249352995525628,2.2502211207887,0.9084988303665352,-1.9087778878263548,-1.257470470523555,1.916044449924056,2.644746034755081,1.1510731912855872
86.0,12.0,1906.6932373046875,-3.080655646875413,1.316321888036276,-0.3368249795895799,2.129321069946755,0.8917255718441178,-1.910521925599848,-0.6812294481528852,2.5432970483018584,2.6613386385509203,0.3079780209663715
86.0,13.0,1436.0987548828125,-2.8811633898674773,1.2508802342485394,1.3286402681409686,2.25812183898337,0.831272806114767,-1.0121142442320776,-1.927324837252124,1.9189471357646823,2.6485890735945343,1.127029677186243
86.0,13.0,1476.763671875,-3.0774792963622666,1.2460690379576902,-0.3617376279006474,1.6628381921256197,0.4831323210292816,-1.9375349616693835,-0.4565351882611779,1.9126964471765264,2.6338852777468973,1.2827694843859556
86.0,13.0,1485.2889404296875,-3.008154189587683,1.623848560190977,-0.2150108335813799,2.1228926695063945,0.8877858375172327,-1.90874435581942,-0.2016547664995097,2.070945667134016,2.6489416879003542,1.1542251337795066
86.0,13.0,1485.75830078125,-2.8811633898674773,1.65149180968251,1.3286402681409686,2.3351359203429847,0.9318582613921138,-1.001734237465314,-1.9360740392134408,1.9189471357646823,2.649354574447192,0.9585946499710346
86.0,13.0,1494.2010498046875,-2.996278665878403,1.6464977458726535,-0.1490333088813389,2.1284074219871902,0.9091931027857948,-1.9106624547578577,-1.1856764398129125,2.073013303982984,2.8086202375840053,1.5946721077313166
86.0,13.0,1501.9932861328125,-3.178604570254008,2.2367143844171062,-0.0851436654921557,2.800931939481424,0.8978989600484606,-1.93820075044214,-0.1991001336458648,1.914698607882639,2.63799814635345,1.6772459495431689
86.0,13.0,1505.3255615234375,-3.178604570254008,2.2367143844171062,-0.0851436654921557,2.800931939481424,0.8979509981073527,-1.93820075044214,-0.1844227348646566,1.914698607882639,2.658866131230607,1.674037002125162
86.0,13.0,1505.6865234375,-2.8811633898674773,1.2508802342485394,1.3286402681409686,2.3259070045231125,1.1560985099343384,-1.0121142442320776,-1.927324837252124,1.9189471357646823,2.6493593727210474,1.127029677186243
86.0,13.0,1510.018798828125,-3.179394965299795,2.235758519123859,0.0429882868086863,2.2502589207055848,0.9084988303665352,-1.905366633050657,-1.198699417931974,1.923070871487269,3.1226745075268614,1.5934639755022697
86.0,13.0,1515.142822265625,-3.0767519338620826,2.1603775261006306,-0.3433510688592848,2.128104684566966,0.908907941917058,-1.908778044485668,-0.7126426462119593,1.91590855144642,2.669982702442248,1.5298373971967534
86.0,13.0,1533.1649169921875,-3.008154189587683,1.3157474337530828,-0.2146722709318371,2.1228926695063945,0.8877858375172327,-1.90874435581942,-0.1642584401936829,2.0749834819761053,2.6489416879003542,1.1542251337795066
86.0,13.0,1534.0155029296875,-3.1125903592228483,1.315057330636472,-0.2146716520637988,2.256441332019077,0.8876017592241107,-1.6077840702340631,-1.082227115224263,2.074973787442375,2.6489416879003542,1.150930968332696
86.0,13.0,1534.3436279296875,-3.0782852820488675,2.255353555001977,0.0472132842461127,2.2502589207055848,0.9084988303665352,-1.9028295063043648,-1.198699417931974,1.923070871487269,3.1192508214837344,1.5916862113049235
86.0,13.0,1536.4000244140625,-3.1125903592228483,1.315057330636472,-0.2146716520637988,2.256441332019077,0.8877961085410244,-1.6216454328956016,-1.082227115224263,2.075069328750772,2.6489416879003542,1.1484309731392703
86.0,13.0,1540.92626953125,-3.008154189587683,1.6439859513155584,-0.2146722709318371,2.1284074219871902,0.8877858375172327,-1.9105521196963604,-1.0464592315344463,2.0739065651287247,2.661331088743566,0.9560232199954146
86.0,13.0,1547.13525390625,-3.076736343221268,1.248983085415409,-0.3624118448588617,1.6614192494549984,0.9084988303665352,-1.908778044485668,-0.7047988857508076,1.9158855109696311,2.670351759017919,1.282746711591098
86.0,13.0,1573.6173095703125,-3.00874180284543,1.315057330636472,-0.2143661189343088,2.262886406561947,0.9091787953992152,-1.600903348793163,-1.0816562905847331,2.0739065651287247,2.661331088743566,0.95833922101984
86.0,13.0,1575.8304443359375,-3.0773928089596696,2.264310241581014,-0.3426768519010705,2.198578005036365,0.897536100452948,-1.9347296463788823,-0.6912149405871916,1.9158181650877104,2.6334055537735983,1.6754681853458226
86.0,13.0,1588.443603515625,-1.2580969909115196,1.0034281849764142,-0.2648688223002146,2.121024966362119,-1.6057311950893125,-1.9153069450770075,-1.0513079996260783,2.00337394808568,2.2543773087172214,1.1614996205382004
86.0,13.0,1596.84423828125,-3.076736343221268,1.248983085415409,-0.2170525427258864,2.032567185020844,0.9084988303665352,-1.9086890282972304,-0.1273883425824076,1.915849923549588,2.6485890735945343,1.1510731912855872
86.0,13.0,1597.3470458984375,-3.0774948870030805,2.2563094202952243,-0.3426768519010705,2.1295236272375875,0.8978989600484606,-1.9375349616693835,-0.9706865825398938,1.912719487653315,2.6335162211712264,1.6754681853458226
86.0,13.0,1606.062744140625,-3.008052343051535,1.3137012815366769,-0.2089051457285691,2.2502213080394107,0.9090832675370006,-1.9088512995977511,-0.2032683687109894,2.563845864950836,2.6485890735945343,1.1510731912855872
86.0,13.0,1608.09033203125,-3.08293543706324,1.315057330636472,-0.3364997254601716,2.1284074219871902,0.8877858375172327,-1.9126992000107963,-0.6500082214658769,2.0739065651287247,2.661331088743566,0.9617399080452008
86.0,13.0,1610.2333984375,-3.008154189587683,1.315057330636472,1.2033228508289222,2.137446239736406,0.5973157302226556,-1.9105521196963604,-1.0267347899985115,2.1019040499598893,2.6923592704143635,1.1503151271351608
86.0,13.0,1612.5791015625,-3.076757983528173,1.315246480765746,-0.3366610895842972,2.242549648819664,0.9084988303665352,-1.90894204783961,-0.7079789393503109,1.9593504097250805,2.6485890735945343,1.1505155891883054
86.0,13.0,1614.22216796875,-2.999361813418356,1.315057330636472,-0.2146722709318371,2.1284074219871902,0.9075013587467678,-1.910060693911721,-0.9639836988459372,2.0868560279935835,2.661331088743566,0.9754379572159269
86.0,13.0,1614.22216796875,-2.999361813418356,1.315057330636472,-0.2146722709318371,2.1284074219871902,0.9075013587467678,-1.910060693911721,-0.9639836988459372,2.0868560279935835,2.661331088743566,0.9754379572159269
86.0,13.0,1617.1629638671875,-3.008052343051535,1.3146411430548706,-0.2131346042797527,2.2502213080394107,0.9090436778825473,-1.9088512995977511,-0.2032683687109894,2.5910100217539864,2.6485890735945343,1.1510731912855872
86.0,13.0,1628.9271240234375,-3.008154189587683,1.315057330636472,-0.2146722709318371,2.1284074219871902,0.8875914882003189,-1.896690757034822,-1.0464592315344463,2.073811023820328,2.661331088743566,0.95852321518884
86.0,13.0,1632.3741455078125,-2.87484652601524,1.2514228296889918,1.037217191276916,2.645466750318067,0.831272806114767,-1.0121142442320776,-1.9288609712280365,1.9189471357646823,2.6485890735945343,1.1274857395743372
86.0,13.0,1632.57958984375,-3.076736343221268,2.2563094202952243,-0.336675819741477,2.250605004891507,0.8521495641087239,-1.934803937145677,-0.1900391724472439,1.914698607882639,2.6344798452799143,1.6754681853458226
86.0,13.0,1633.9912109375,-3.008154189587683,1.315057330636472,-0.2146722709318371,2.1284074219871902,0.8877858375172327,-1.9106724552862324,-1.082227115224263,2.0749834819761053,2.6489416879003542,1.1542251337795066
86.0,13.0,1637.53759765625,-3.0782852820488675,2.3125310589217944,0.0776447297731932,2.2502589207055848,0.9084988303665352,-1.9028295063043648,-0.6821712029678838,1.9230950346621896,3.1192508214837344,1.5916862113049235
86.0,13.0,1639.136474609375,-3.008154189587683,1.315057330636472,-0.2146722709318371,2.1284074219871902,0.8877858375172327,-1.9105521196963604,-1.0464592315344463,2.0739065651287247,2.661331088743566,0.9560232199954146
86.0,13.0,1639.136474609375,-3.008154189587683,1.315057330636472,-0.2146722709318371,2.1284074219871902,0.8877858375172327,-1.9105521196963604,-1.0464592315344463,2.0739065651287247,2.661331088743566,0.9560232199954146
86.0,13.0,1639.136474609375,-3.008154189587683,1.315057330636472,-0.2146722709318371,2.1284074219871902,0.8877858375172327,-1.9105521196963604,-1.0464592315344463,2.0739065651287247,2.661331088743566,0.9560232199954146
86.0,13.0,1641.046630859375,-3.0767405990060217,2.2563094202952243,-0.3362867981540918,2.2502213080394107,0.8978989600484606,-1.909275738653128,-0.2099524609583113,1.914698607882639,2.634574460310323,1.6754681853458226
86.0,13.0,1643.193603515625,-3.0774948870030805,2.2563094202952243,-0.3426768519010705,2.2502213080394107,0.8978989600484606,-1.9356636236958475,-0.1991001336458648,1.914698607882639,2.634574460310323,1.6754681853458226
86.0,13.0,1643.32421875,-3.076736343221268,1.248983085415409,-0.3390710705078444,2.258140597419433,0.9084988303665352,-1.8103526736683409,-0.7045165631372982,1.8398515719802195,2.6485890735945343,1.1510731912855872
86.0,13.0,1653.291015625,-3.076736343221268,1.248983085415409,-0.3624118448588617,2.2502213080394107,0.9084988303665352,-1.908778044485668,-0.7047988857508076,1.9158855109696311,2.6485890735945343,1.282746711591098
86.0,13.0,1653.8731689453125,-3.008154189587683,1.315057330636472,-0.2146722709318371,2.1284074219871902,0.8877858375172327,-1.9106724552862324,-1.082227115224263,2.0749834819761053,2.6489416879003542,1.3991075712808592
86.0,13.0,1655.530029296875,-3.076736343221268,1.248983085415409,-0.3366506943398593,2.2502213080394107,0.9084988303665352,-1.9087778878263548,-0.2032683687109894,1.915849923549588,2.6485890735945343,1.1510731912855872
86.0,13.0,1656.02099609375,-3.008154189587683,1.315057330636472,1.2033228508289222,2.128006111150379,0.8889038706335778,-1.9105521196963604,-1.0464592315344463,2.1016840584652683,2.660658563129941,1.1503151271351608
86.0,13.0,1656.200439453125,-3.014471053439921,1.3145147351960198,1.2033228508289222,2.128006111150379,0.8889038706335778,-1.9105521196963604,-1.0449230975585335,2.1016840584652683,2.660658563129941,1.1498590647470663
86.0,13.0,1659.020263671875,-3.00874180284543,1.315057330636472,-0.2143661189343088,2.263573461448777,0.9086977403455644,-1.9106344133923867,-0.9983443627291692,2.0739065651287247,2.661331088743566,0.9560232199954146
86.0,13.0,1666.589599609375,-3.0773936208539583,1.248983085415409,-0.3366506943398593,2.258084226317196,0.9084988303665352,-1.9086662952239564,-0.6876372597261768,1.915849923549588,2.6485890735945343,1.1510731912855872
86.0,13.0,1667.962646484375,-3.076736343221268,1.248983085415409,-0.3366506943398593,2.2502213080394107,0.9084988303665352,-1.9087778878263548,-0.7047988857508076,1.915849923549588,2.6485890735945343,1.1510731912855872
86.0,13.0,1667.962646484375,-3.076736343221268,1.248983085415409,-0.3366506943398593,2.2502213080394107,0.9084988303665352,-1.9087778878263548,-0.7047988857508076,1.915849923549588,2.6485890735945343,1.1510731912855872
86.0,13.0,1668.401611328125,-3.1125903592228483,1.315057330636472,-0.2146716520637988,2.2571283869059067,0.8871207041704597,-1.9175151348332864,-0.9989151873686992,2.074973787442375,2.6489416879003542,1.1486149673082704
86.0,13.0,1669.8896484375,-3.0773936208539583,1.248983085415409,-0.3366506943398593,2.25814048829374,0.9084988303665352,-1.9086662952239564,-0.7044242087292433,1.915731434288069,2.6485890735945343,1.1510731912855872
86.0,14.0,1436.0987548828125,-2.8811633898674773,1.2508802342485394,1.3286402681409686,2.25812183898337,0.831272806114767,-1.0121142442320776,-1.927324837252124,1.9189471357646823,2.6485890735945343,1.127029677186243
86.0,14.0,1450.6707763671875,-2.8811633898674773,1.65149180968251,1.3286402681409686,2.2565134391088675,0.8300479979956701,-1.0124168225529464,-1.9360399404761983,1.9189471357646823,2.649354574447192,0.9662771058788036
86.0,14.0,1453.63720703125,-2.8811633898674773,1.659723770537803,1.3286402681409686,2.3351359203429847,0.9318582613921138,-1.0800871787047353,-1.9360740392134408,1.9189471357646823,2.648584551086995,0.9585946499710346
86.0,14.0,1460.2510986328125,-2.8811633898674773,1.2508802342485394,1.3286402681409686,2.3367443202174867,0.9330830695112108,-1.0014316591444452,-1.927358935989366,1.9189471357646823,2.6485890735945343,1.119347221278474
86.0,14.0,1476.763671875,-3.0774792963622666,1.2460690379576902,-0.3617376279006474,1.6628381921256197,0.4831323210292816,-1.9375349616693835,-0.4565351882611779,1.9126964471765264,2.6338852777468973,1.2827694843859556
86.0,14.0,1485.2889404296875,-3.008154189587683,1.623848560190977,-0.2150108335813799,2.1228926695063945,0.8877858375172327,-1.90874435581942,-0.2016547664995097,2.070945667134016,2.6489416879003542,1.1542251337795066
86.0,14.0,1485.75830078125,-2.8811633898674773,1.65149180968251,1.3286402681409686,2.3351359203429847,0.9318582613921138,-1.001734237465314,-1.9360740392134408,1.9189471357646823,2.649354574447192,0.9585946499710346
86.0,14.0,1494.2010498046875,-2.996278665878403,1.6464977458726535,-0.1490333088813389,2.1284074219871902,0.9091931027857948,-1.9106624547578577,-1.1856764398129125,2.073013303982984,2.8086202375840053,1.5946721077313166
86.0,14.0,1494.643798828125,-3.008908992879749,1.6463804545981284,-0.1490333088813389,2.1284074219871902,0.9091931027857948,-1.9105534711092904,-1.1856764398129125,2.073013303982984,2.8086202375840053,1.5946721077313166
86.0,14.0,1501.9932861328125,-3.178604570254008,2.2367143844171062,-0.0851436654921557,2.800931939481424,0.8978989600484606,-1.93820075044214,-0.1991001336458648,1.914698607882639,2.63799814635345,1.6772459495431689
86.0,14.0,1505.3255615234375,-3.178604570254008,2.2367143844171062,-0.0851436654921557,2.800931939481424,0.8979509981073527,-1.93820075044214,-0.1844227348646566,1.914698607882639,2.658866131230607,1.674037002125162
86.0,14.0,1505.6865234375,-2.8811633898674773,1.2508802342485394,1.3286402681409686,2.3259070045231125,1.1560985099343384,-1.0121142442320776,-1.927324837252124,1.9189471357646823,2.6493593727210474,1.127029677186243
86.0,14.0,1510.018798828125,-3.179394965299795,2.235758519123859,0.0429882868086863,2.2502589207055848,0.9084988303665352,-1.905366633050657,-1.198699417931974,1.923070871487269,3.1226745075268614,1.5934639755022697
86.0,14.0,1515.142822265625,-3.0767519338620826,2.1603775261006306,-0.3433510688592848,2.128104684566966,0.908907941917058,-1.908778044485668,-0.7126426462119593,1.91590855144642,2.669982702442248,1.5298373971967534
86.0,14.0,1528.12890625,-3.0748690640417253,1.315057330636472,-0.2146716520637988,2.2565446524465864,0.8876017592241107,-1.6171245021337737,-1.082227115224263,2.076871132301892,2.648932699537476,1.1509377456927503
86.0,14.0,1530.0987548828125,-3.178604570254008,2.2600408131573926,-0.0851436654921557,2.800931939481424,0.917724988031706,-1.93820075044214,-0.1667885983462839,1.997223804666504,2.621975128165697,1.6772459495431689
86.0,14.0,1533.1649169921875,-3.008154189587683,1.3157474337530828,-0.2146722709318371,2.1228926695063945,0.8877858375172327,-1.90874435581942,-0.1642584401936829,2.0749834819761053,2.6489416879003542,1.1542251337795066
86.0,14.0,1534.0155029296875,-3.1125903592228483,1.315057330636472,-0.2146716520637988,2.256441332019077,0.8876017592241107,-1.6077840702340631,-1.082227115224263,2.074973787442375,2.6489416879003542,1.150930968332696
86.0,14.0,1534.3436279296875,-3.0782852820488675,2.255353555001977,0.0472132842461127,2.2502589207055848,0.9084988303665352,-1.9028295063043648,-1.198699417931974,1.923070871487269,3.1192508214837344,1.5916862113049235
86.0,14.0,1536.4000244140625,-3.1125903592228483,1.315057330636472,-0.2146716520637988,2.256441332019077,0.8877961085410244,-1.6216454328956016,-1.082227115224263,2.075069328750772,2.6489416879003542,1.1484309731392703
86.0,14.0,1538.480712890625,-2.995523862586337,1.6441032425900837,-0.2146722709318371,2.1284074219871902,0.8877858375172327,-1.910661103344928,-1.0464592315344463,2.0739065651287247,2.661331088743566,0.9560232199954146
86.0,14.0,1540.92626953125,-3.008154189587683,1.6439859513155584,-0.2146722709318371,2.1284074219871902,0.8877858375172327,-1.9105521196963604,-1.0464592315344463,2.0739065651287247,2.661331088743566,0.9560232199954146
86.0,14.0,1542.060302734375,-3.0081457776630494,1.3157474337530828,-0.2146722709318371,2.1228926695063945,0.8877858375172327,-1.589867609108774,-0.4001661837097172,2.075093719099597,2.6489416879003542,1.1609430450902152
86.0,14.0,1547.13525390625,-3.076736343221268,1.248983085415409,-0.3624118448588617,1.6614192494549984,0.9084988303665352,-1.908778044485668,-0.7047988857508076,1.9158855109696311,2.670351759017919,1.282746711591098
86.0,14.0,1560.396240234375,-3.00874180284543,1.315057330636472,-0.2143661189343088,2.2630055512300062,0.9091787953992152,-1.600903348793163,-1.0816562905847331,2.0739065651287247,2.6347478748762634,1.667553396474458
86.0,14.0,1562.08154296875,-1.2580969909115196,0.9801017562360488,-0.2648688223002146,2.121024966362119,-1.625557223029364,-1.9153069450770075,-1.0836195349256592,1.9208487513018155,2.270400326904974,1.1614996205382004
86.0,14.0,1573.6173095703125,-3.00874180284543,1.315057330636472,-0.2143661189343088,2.262886406561947,0.9091787953992152,-1.600903348793163,-1.0816562905847331,2.0739065651287247,2.661331088743566,0.95833922101984
86.0,14.0,1575.8304443359375,-3.0773928089596696,2.264310241581014,-0.3426768519010705,2.198578005036365,0.897536100452948,-1.9347296463788823,-0.6912149405871916,1.9158181650877104,2.6334055537735983,1.6754681853458226
86.0,14.0,1582.96435546875,-3.072471181428717,1.3153626917751562,-0.3624118448588617,1.6614192494549984,0.9091589513702713,-1.713791005053383,-0.0680783963181829,2.074044586844249,2.670080601138679,1.277967874775645
86.0,14.0,1586.89453125,-2.999361813418356,1.315057330636472,-0.2146722709318371,2.1284074219871902,0.8416411266668172,-1.910060693911721,-0.9639836988459372,2.0868560279935835,2.661331088743566,0.9754379572159269
86.0,14.0,1588.443603515625,-1.2580969909115196,1.0034281849764142,-0.2648688223002146,2.121024966362119,-1.6057311950893125,-1.9153069450770075,-1.0513079996260783,2.00337394808568,2.2543773087172214,1.1614996205382004
86.0,14.0,1596.84423828125,-3.076736343221268,1.248983085415409,-0.2170525427258864,2.032567185020844,0.9084988303665352,-1.9086890282972304,-0.1273883425824076,1.915849923549588,2.6485890735945343,1.1510731912855872
86.0,14.0,1597.3470458984375,-3.0774948870030805,2.2563094202952243,-0.3426768519010705,2.1295236272375875,0.8978989600484606,-1.9375349616693835,-0.9706865825398938,1.912719487653315,2.6335162211712264,1.6754681853458226
86.0,14.0,1600.964599609375,-3.178604570254008,2.2367143844171062,-0.3875837714324872,1.6753592243905762,0.4478955806737081,-1.93820075044214,-0.4680147036533197,1.9127491691046687,2.658866131230607,1.2489618206787123
86.0,14.0,1606.062744140625,-3.008052343051535,1.3137012815366769,-0.2089051457285691,2.2502213080394107,0.9090832675370006,-1.9088512995977511,-0.2032683687109894,2.563845864950836,2.6485890735945343,1.1510731912855872
86.0,14.0,1606.062744140625,-3.008052343051535,1.3137012815366769,-0.2089051457285691,2.2502213080394107,0.9090832675370006,-1.9088512995977511,-0.2032683687109894,2.563845864950836,2.6485890735945343,1.1510731912855872
86.0,14.0,1608.09033203125,-3.08293543706324,1.315057330636472,-0.3364997254601716,2.1284074219871902,0.8877858375172327,-1.9126992000107963,-0.6500082214658769,2.0739065651287247,2.661331088743566,0.9617399080452008
86.0,14.0,1608.09033203125,-3.08293543706324,1.315057330636472,-0.3364997254601716,2.1284074219871902,0.8877858375172327,-1.9126992000107963,-0.6500082214658769,2.0739065651287247,2.661331088743566,0.9617399080452008
86.0,14.0,1608.286865234375,-2.999361813418356,1.315057330636472,-0.2146722709318371,2.1284074219871902,0.887903733373348,-1.910060693911721,-0.9639836988459372,2.0755334250574107,2.648907282167239,0.9754379572159269
86.0,14.0,1610.2333984375,-3.008154189587683,1.315057330636472,1.2033228508289222,2.137446239736406,0.5973157302226556,-1.9105521196963604,-1.0267347899985115,2.1019040499598893,2.6923592704143635,1.1503151271351608
86.0,14.0,1612.5791015625,-3.076757983528173,1.315246480765746,-0.3366610895842972,2.242549648819664,0.9084988303665352,-1.90894204783961,-0.7079789393503109,1.9593504097250805,2.6485890735945343,1.1505155891883054
86.0,14.0,1612.6988525390625,-3.0773928089596696,2.24139708009964,-0.3426768519010705,2.198578005036365,0.897536100452948,-1.6240559968454635,-0.6912149405871916,1.9158181650877104,2.633578536714386,1.6754681853458226
86.0,14.0,1614.22216796875,-2.999361813418356,1.315057330636472,-0.2146722709318371,2.1284074219871902,0.9075013587467678,-1.910060693911721,-0.9639836988459372,2.0868560279935835,2.661331088743566,0.9754379572159269
86.0,14.0,1614.22216796875,-2.999361813418356,1.315057330636472,-0.2146722709318371,2.1284074219871902,0.9075013587467678,-1.910060693911721,-0.9639836988459372,2.0868560279935835,2.661331088743566,0.9754379572159269
86.0,14.0,1617.1629638671875,-3.008052343051535,1.3146411430548706,-0.2131346042797527,2.2502213080394107,0.9090436778825473,-1.9088512995977511,-0.2032683687109894,2.5910100217539864,2.6485890735945343,1.1510731912855872
86.0,14.0,1620.33349609375,-3.114479278709296,1.315246480765746,-0.3366610895842972,2.2424463283921545,0.9084988303665352,-1.8996016159398992,-0.7079789393503109,1.957453064865564,2.548371571606883,1.150508811828251
86.0,14.0,1628.9271240234375,-3.008154189587683,1.315057330636472,-0.2146722709318371,2.1284074219871902,0.8875914882003189,-1.896690757034822,-1.0464592315344463,2.073811023820328,2.661331088743566,0.95852321518884
86.0,14.0,1629.685302734375,-3.008052343051535,1.2438994054958457,-0.2089051457285691,2.2500633115339514,0.9090832675370006,-1.9088512995977511,-0.2028845253353456,1.8756989550709748,2.648502134977403,1.1510731912855872
86.0,14.0,1632.3741455078125,-2.87484652601524,1.2514228296889918,1.037217191276916,2.645466750318067,0.831272806114767,-1.0121142442320776,-1.9288609712280365,1.9189471357646823,2.6485890735945343,1.1274857395743372
86.0,14.0,1632.57958984375,-3.076736343221268,2.2563094202952243,-0.336675819741477,2.250605004891507,0.8521495641087239,-1.934803937145677,-0.1900391724472439,1.914698607882639,2.6344798452799143,1.6754681853458226
86.0,15.0,1436.0987548828125,-2.8811633898674773,1.2508802342485394,1.3286402681409686,2.25812183898337,0.831272806114767,-1.0121142442320776,-1.927324837252124,1.9189471357646823,2.6485890735945343,1.127029677186243
86.0,15.0,1445.8463134765625,-3.08293543706324,1.632770930071886,-0.334569651549272,2.1284074219871902,0.3311280028140657,-1.9126992000107963,-0.6500082214658769,2.0739065651287247,2.661331088743566,1.6169776450481776
86.0,15.0,1450.6707763671875,-2.8811633898674773,1.65149180968251,1.3286402681409686,2.2565134391088675,0.8300479979956701,-1.0124168225529464,-1.9360399404761983,1.9189471357646823,2.649354574447192,0.9662771058788036
86.0,15.0,1452.738037109375,-2.8811633898674773,1.65149180968251,1.3286402681409686,2.2565134391088675,0.8300479979956701,-1.0083216833753013,-1.9360398734148587,1.9189471357646823,2.649350606440033,0.9662771058788036
86.0,15.0,1453.63720703125,-2.8811633898674773,1.659723770537803,1.3286402681409686,2.3351359203429847,0.9318582613921138,-1.0800871787047353,-1.9360740392134408,1.9189471357646823,2.648584551086995,0.9585946499710346
86.0,15.0,1457.5806884765625,-3.27883179394903,1.659723770537803,1.3286402681409686,2.3351359203429847,0.9318582613921138,-1.0841823178823806,-1.9360741062747808,1.9189471357646823,2.780728174310595,0.9585946499710346
86.0,15.0,1460.2510986328125,-2.8811633898674773,1.2508802342485394,1.3286402681409686,2.3367443202174867,0.9330830695112108,-1.0014316591444452,-1.927358935989366,1.9189471357646823,2.6485890735945343,1.119347221278474
86.0,15.0,1463.3388671875,-2.8811633898674773,1.2508802342485394,1.3286402681409686,2.3367443202174867,0.9085252041042794,-1.0014316591444452,-1.9225508944999592,1.9158780764207963,2.670310046739798,1.119347221278474
86.0,15.0,1475.5159912109375,-3.0774792963622666,1.3145768162543905,-0.2061494208622547,1.6356360236181524,0.9307845752702584,-1.9375349616693835,-0.4565351882611779,1.9126964471765264,2.6338852777468973,1.2826531541023138
86.0,15.0,1476.763671875,-3.0774792963622666,1.2460690379576902,-0.3617376279006474,1.6628381921256197,0.4831323210292816,-1.9375349616693835,-0.4565351882611779,1.9126964471765264,2.6338852777468973,1.2827694843859556
86.0,15.0,1485.2889404296875,-3.008154189587683,1.623848560190977,-0.2150108335813799,2.1228926695063945,0.8877858375172327,-1.90874435581942,-0.2016547664995097,2.070945667134016,2.6489416879003542,1.1542251337795066
86.0,15.0,1485.75830078125,-2.8811633898674773,1.65149180968251,1.3286402681409686,2.3351359203429847,0.9318582613921138,-1.001734237465314,-1.9360740392134408,1.9189471357646823,2.649354574447192,0.9585946499710346
86.0,15.0,1494.2010498046875,-2.996278665878403,1.6464977458726535,-0.1490333088813389,2.1284074219871902,0.9091931027857948,-1.9106624547578577,-1.1856764398129125,2.073013303982984,2.8086202375840053,1.5946721077313166
86.0,15.0,1494.643798828125,-3.008908992879749,1.6463804545981284,-0.1490333088813389,2.1284074219871902,0.9091931027857948,-1.9105534711092904,-1.1856764398129125,2.073013303982984,2.8086202375840053,1.5946721077313166
86.0,15.0,1501.9932861328125,-3.178604570254008,2.2367143844171062,-0.0851436654921557,2.800931939481424,0.8978989600484606,-1.93820075044214,-0.1991001336458648,1.914698607882639,2.63799814635345,1.6772459495431689
86.0,15.0,1505.3255615234375,-3.178604570254008,2.2367143844171062,-0.0851436654921557,2.800931939481424,0.8979509981073527,-1.93820075044214,-0.1844227348646566,1.914698607882639,2.658866131230607,1.674037002125162
86.0,15.0,1505.6865234375,-2.8811633898674773,1.2508802342485394,1.3286402681409686,2.3259070045231125,1.1560985099343384,-1.0121142442320776,-1.927324837252124,1.9189471357646823,2.6493593727210474,1.127029677186243
86.0,15.0,1510.018798828125,-3.179394965299795,2.235758519123859,0.0429882868086863,2.2502589207055848,0.9084988303665352,-1.905366633050657,-1.198699417931974,1.923070871487269,3.1226745075268614,1.5934639755022697
86.0,15.0,1510.018798828125,-3.179394965299795,2.235758519123859,0.0429882868086863,2.2502589207055848,0.9084988303665352,-1.905366633050657,-1.198699417931974,1.923070871487269,3.1226745075268614,1.5934639755022697
86.0,15.0,1512.951904296875,-3.0081457776630494,1.3563735227207037,-0.0861302177962946,2.1228926695063945,0.8877858375172327,-1.9494889386728909,-0.4001661837097172,1.918519162460516,2.6489416879003542,1.1609430450902152
86.0,15.0,1515.142822265625,-3.0767519338620826,2.1603775261006306,-0.3433510688592848,2.128104684566966,0.908907941917058,-1.908778044485668,-0.7126426462119593,1.91590855144642,2.669982702442248,1.5298373971967534
86.0,15.0,1528.12890625,-3.0748690640417253,1.315057330636472,-0.2146716520637988,2.2565446524465864,0.8876017592241107,-1.6171245021337737,-1.082227115224263,2.076871132301892,2.648932699537476,1.1509377456927503
86.0,15.0,1530.0987548828125,-3.178604570254008,2.2600408131573926,-0.0851436654921557,2.800931939481424,0.917724988031706,-1.93820075044214,-0.1667885983462839,1.997223804666504,2.621975128165697,1.6772459495431689
86.0,15.0,1530.173095703125,-2.997502944051594,1.6464977458726535,-0.1493029865178328,2.1284074219871902,0.8876611374046144,-1.9731832152546305,-1.1878689929774255,2.0739502321371424,2.8086202375840053,1.5573778908062923
86.0,15.0,1532.81689453125,-3.1763657640297724,1.685736390756287,-0.0851436654921557,2.3699853522184515,0.8979509981073527,-2.0152557147416084,-0.1844227348646566,2.279949024771676,3.089795504248459,1.674037002125162
86.0,15.0,1532.895263671875,-3.008154189587683,1.6439859513155584,-0.2146722709318371,2.1284074219871902,0.8877858375172327,-1.9105521196963604,-1.0464592315344463,2.0739065651287247,2.661331088743566,0.9805809089772846
86.0,15.0,1533.1649169921875,-3.008154189587683,1.3157474337530828,-0.2146722709318371,2.1228926695063945,0.8877858375172327,-1.90874435581942,-0.1642584401936829,2.0749834819761053,2.6489416879003542,1.1542251337795066
86.0,15.0,1534.0155029296875,-3.1125903592228483,1.315057330636472,-0.2146716520637988,2.256441332019077,0.8876017592241107,-1.6077840702340631,-1.082227115224263,2.074973787442375,2.6489416879003542,1.150930968332696
86.0,15.0,1534.3436279296875,-3.0782852820488675,2.255353555001977,0.0472132842461127,2.2502589207055848,0.9084988303665352,-1.9028295063043648,-1.198699417931974,1.923070871487269,3.1192508214837344,1.5916862113049235
86.0,15.0,1536.4000244140625,-3.1125903592228483,1.315057330636472,-0.2146716520637988,2.256441332019077,0.8877961085410244,-1.6216454328956016,-1.082227115224263,2.075069328750772,2.6489416879003542,1.1484309731392703
86.0,15.0,1536.8009033203125,-3.008154189587683,1.3157474337530828,-0.2146722709318371,2.1228926695063945,0.8877858375172327,-1.818306134893657,-0.1642584401936829,2.0749834819761053,2.6489416879003542,1.1542251337795066
86.0,15.0,1538.480712890625,-2.995523862586337,1.6441032425900837,-0.2146722709318371,2.1284074219871902,0.8877858375172327,-1.910661103344928,-1.0464592315344463,2.0739065651287247,2.661331088743566,0.9560232199954146
86.0,15.0,1540.92626953125,-3.008154189587683,1.6439859513155584,-0.2146722709318371,2.1284074219871902,0.8877858375172327,-1.9105521196963604,-1.0464592315344463,2.0739065651287247,2.661331088743566,0.9560232199954146
86.0,15.0,1541.1041259765625,-3.0048625279662806,1.6079890111129431,-0.3366610895842972,2.242549648819664,0.90859276433066,-1.90894204783961,-0.2027169929648319,1.9593504097250805,2.6485890735945343,1.1505155891883054
86.0,15.0,1542.060302734375,-3.0081457776630494,1.3157474337530828,-0.2146722709318371,2.1228926695063945,0.8877858375172327,-1.589867609108774,-0.4001661837097172,2.075093719099597,2.6489416879003542,1.1609430450902152
86.0,15.0,1547.13525390625,-3.076736343221268,1.248983085415409,-0.3624118448588617,1.6614192494549984,0.9084988303665352,-1.908778044485668,-0.7047988857508076,1.9158855109696311,2.670351759017919,1.282746711591098
86.0,15.0,1549.1058349609375,-3.178604570254008,1.3026645454132075,-0.3875837714324872,1.6619073809257792,0.9180627123934452,-1.9405675071637103,-0.4680147036533197,1.9127491691046687,2.658866131230607,1.2784872827016276
86.0,15.0,1560.26318359375,-3.1085419153273155,1.2506271485852636,-0.2146722790354187,2.256441332019077,0.8877961085410244,-1.6216454328956016,-1.082227115224263,2.075069328750772,2.568471622510732,1.1484309731392703
86.0,15.0,1560.396240234375,-3.00874180284543,1.315057330636472,-0.2143661189343088,2.2630055512300062,0.9091787953992152,-1.600903348793163,-1.0816562905847331,2.0739065651287247,2.6347478748762634,1.667553396474458
86.0,15.0,1562.08154296875,-1.2580969909115196,0.9801017562360488,-0.2648688223002146,2.121024966362119,-1.625557223029364,-1.9153069450770075,-1.0836195349256592,1.9208487513018155,2.270400326904974,1.1614996205382004
86.0,15.0,1569.282470703125,-3.179394965299795,2.136770864554196,-0.0875907549249904,2.2502589207055848,0.9070359279503863,-1.937725700862276,-1.183813868039582,1.9238409181793343,2.641940132414482,1.5934639755022697
86.0,15.0,1573.6173095703125,-3.00874180284543,1.315057330636472,-0.2143661189343088,2.262886406561947,0.9091787953992152,-1.600903348793163,-1.0816562905847331,2.0739065651287247,2.661331088743566,0.95833922101984
86.0,15.0,1573.6173095703125,-3.00874180284543,1.315057330636472,-0.2143661189343088,2.262886406561947,0.9091787953992152,-1.600903348793163,-1.0816562905847331,2.0739065651287247,2.661331088743566,0.95833922101984
86.0,15.0,1575.8304443359375,-3.0773928089596696,2.264310241581014,-0.3426768519010705,2.198578005036365,0.897536100452948,-1.9347296463788823,-0.6912149405871916,1.9158181650877104,2.6334055537735983,1.6754681853458226
86.0,15.0,1582.96435546875,-3.072471181428717,1.3153626917751562,-0.3624118448588617,1.6614192494549984,0.9091589513702713,-1.713791005053383,-0.0680783963181829,2.074044586844249,2.670080601138679,1.277967874775645
86.0,15.0,1586.89453125,-2.999361813418356,1.315057330636472,-0.2146722709318371,2.1284074219871902,0.8416411266668172,-1.910060693911721,-0.9639836988459372,2.0868560279935835,2.661331088743566,0.9754379572159269
86.0,15.0,1588.443603515625,-1.2580969909115196,1.0034281849764142,-0.2648688223002146,2.121024966362119,-1.6057311950893125,-1.9153069450770075,-1.0513079996260783,2.00337394808568,2.2543773087172214,1.1614996205382004
86.0,15.0,1590.54296875,-3.0774948870030805,2.2563094202952243,-0.3426768519010705,2.128570290585364,0.8977348693697293,-1.921810584958764,-0.9706865825398938,1.9168594821215987,2.633488835822591,1.6754681853458226
86.0,15.0,1595.35888671875,-2.883552087309301,1.244356842779302,0.0202288029933411,2.2502213080394107,0.9076515463769788,-1.8416781708205776,-0.2540626028360923,2.573637266960401,2.6485890735945343,0.5234283825319048
86.0,15.0,1596.84423828125,-3.076736343221268,1.248983085415409,-0.2170525427258864,2.032567185020844,0.9084988303665352,-1.9086890282972304,-0.1273883425824076,1.915849923549588,2.6485890735945343,1.1510731912855872
86.0,16.0,1429.82373046875,-3.284995701242164,1.2508802342485394,1.3286402681409686,2.335609822463361,0.831272806114767,-1.0853126451412534,-1.927324837252124,1.9189471357646823,2.6485890735945343,1.127029677186243
86.0,16.0,1436.0987548828125,-2.8811633898674773,1.2508802342485394,1.3286402681409686,2.25812183898337,0.831272806114767,-1.0121142442320776,-1.927324837252124,1.9189471357646823,2.6485890735945343,1.127029677186243
86.0,16.0,1445.8463134765625,-3.08293543706324,1.632770930071886,-0.334569651549272,2.1284074219871902,0.3311280028140657,-1.9126992000107963,-0.6500082214658769,2.0739065651287247,2.661331088743566,1.6169776450481776
86.0,16.0,1446.435546875,-2.967648752582476,1.6466564398384604,-0.2146722709318371,2.1226054018654663,0.909038558380115,-1.90874435581942,-0.1642584401936829,2.07302229540782,2.6489416879003542,1.586695137168396
86.0,16.0,1448.584716796875,-3.0081457795739834,1.5160884329094633,-0.0905813411574635,2.1228926695063945,0.8877858375172327,-1.812245119118849,-0.4001661837097172,1.918519162460516,2.6489416879003542,1.1609430450902152
86.0,16.0,1450.652587890625,-2.8811633898674773,1.65149180968251,1.3286402681409686,2.2565134391088675,0.8300479979956701,-1.0124168225529464,-1.936041674415484,1.9189471357646823,2.6493177019628726,0.9662771058788036
86.0,16.0,1450.6707763671875,-2.8811633898674773,1.65149180968251,1.3286402681409686,2.2565134391088675,0.8300479979956701,-1.0124168225529464,-1.9360399404761983,1.9189471357646823,2.649354574447192,0.9662771058788036
86.0,16.0,1452.738037109375,-2.8811633898674773,1.65149180968251,1.3286402681409686,2.2565134391088675,0.8300479979956701,-1.0083216833753013,-1.9360398734148587,1.9189471357646823,2.649350606440033,0.9662771058788036
86.0,16.0,1453.63720703125,-2.8811633898674773,1.659723770537803,1.3286402681409686,2.3351359203429847,0.9318582613921138,-1.0800871787047353,-1.9360740392134408,1.9189471357646823,2.648584551086995,0.9585946499710346
86.0,16.0,1457.5806884765625,-3.27883179394903,1.659723770537803,1.3286402681409686,2.3351359203429847,0.9318582613921138,-1.0841823178823806,-1.9360741062747808,1.9189471357646823,2.780728174310595,0.9585946499710346
86.0,16.0,1460.2510986328125,-2.8811633898674773,1.2508802342485394,1.3286402681409686,2.3367443202174867,0.9330830695112108,-1.0014316591444452,-1.927358935989366,1.9189471357646823,2.6485890735945343,1.119347221278474
86.0,16.0,1460.2510986328125,-2.8811633898674773,1.2508802342485394,1.3286402681409686,2.3367443202174867,0.9330830695112108,-1.0014316591444452,-1.927358935989366,1.9189471357646823,2.6485890735945343,1.119347221278474
86.0,16.0,1461.148193359375,-3.0748690640417253,1.6067381387875888,-0.2146716520637988,2.2565446524465864,0.8876017592241107,-1.6171245021337737,-1.082227115224263,2.076871132301892,2.648932699537476,1.1509377456927503
86.0,16.0,1463.3388671875,-2.8811633898674773,1.2508802342485394,1.3286402681409686,2.3367443202174867,0.9085252041042794,-1.0014316591444452,-1.9225508944999592,1.9158780764207963,2.670310046739798,1.119347221278474
86.0,16.0,1475.5159912109375,-3.0774792963622666,1.3145768162543905,-0.2061494208622547,1.6356360236181524,0.9307845752702584,-1.9375349616693835,-0.4565351882611779,1.9126964471765264,2.6338852777468973,1.2826531541023138
86.0,16.0,1476.763671875,-3.0774792963622666,1.2460690379576902,-0.3617376279006474,1.6628381921256197,0.4831323210292816,-1.9375349616693835,-0.4565351882611779,1.9126964471765264,2.6338852777468973,1.2827694843859556
86.0,16.0,1484.4141845703125,-3.0767519338620826,2.1603775261006306,-0.2595737875722229,2.128104684566966,0.908907941917058,-1.908778044485668,-0.7126426462119593,1.91590855144642,2.669982702442248,1.5298373971967534
86.0,16.0,1485.2889404296875,-3.008154189587683,1.623848560190977,-0.2150108335813799,2.1228926695063945,0.8877858375172327,-1.90874435581942,-0.2016547664995097,2.070945667134016,2.6489416879003542,1.1542251337795066
86.0,16.0,1485.75830078125,-2.8811633898674773,1.65149180968251,1.3286402681409686,2.3351359203429847,0.9318582613921138,-1.001734237465314,-1.9360740392134408,1.9189471357646823,2.649354574447192,0.9585946499710346
86.0,16.0,1494.2010498046875,-2.996278665878403,1.6464977458726535,-0.1490333088813389,2.1284074219871902,0.9091931027857948,-1.9106624547578577,-1.1856764398129125,2.073013303982984,2.8086202375840053,1.5946721077313166
86.0,16.0,1494.643798828125,-3.008908992879749,1.6463804545981284,-0.1490333088813389,2.1284074219871902,0.9091931027857948,-1.9105534711092904,-1.1856764398129125,2.073013303982984,2.8086202375840053,1.5946721077313166
86.0,16.0,1496.8294677734375,-3.008731709458795,1.315061015213986,-0.2146752621467206,2.1244312050488383,0.8887684407699301,-1.589867609108774,-1.1181707015852884,2.073928987362634,2.633382826146406,1.1609430450902152
86.0,16.0,1500.5382080078125,-3.1784507723887128,1.2460690379576902,-0.3584706150390857,1.6628381921256197,0.4857066409322485,-1.937534582664834,-0.4565351882611779,1.9126964471765264,2.6342048915095497,1.6159066158296265
86.0,16.0,1501.231201171875,-2.8811633898674773,1.65149180968251,1.3286402681409686,2.2565134391088675,0.8288720374553615,-0.92611223934241,-1.9360398734148587,1.9189471357646823,2.649350606440033,0.970388794903217
86.0,16.0,1501.9932861328125,-3.178604570254008,2.2367143844171062,-0.0851436654921557,2.800931939481424,0.8978989600484606,-1.93820075044214,-0.1991001336458648,1.914698607882639,2.63799814635345,1.6772459495431689
86.0,16.0,1505.3255615234375,-3.178604570254008,2.2367143844171062,-0.0851436654921557,2.800931939481424,0.8979509981073527,-1.93820075044214,-0.1844227348646566,1.914698607882639,2.658866131230607,1.674037002125162
86.0,16.0,1505.6865234375,-2.8811633898674773,1.2508802342485394,1.3286402681409686,2.3259070045231125,1.1560985099343384,-1.0121142442320776,-1.927324837252124,1.9189471357646823,2.6493593727210474,1.127029677186243
86.0,16.0,1509.175537109375,-3.178604570254008,2.217992241471676,-0.0851436654921557,2.800931939481424,0.8978989600484606,-1.93820075044214,-0.1991001336458648,1.914698607882639,2.63799814635345,1.731084990523025
86.0,16.0,1509.82275390625,-3.081777957830412,2.2367143844171062,-0.0851436654921557,2.800931939481424,0.8909617706293869,-1.938705614011912,-0.187001863245408,1.914698607882639,2.66001451317896,1.6208395377208802
86.0,16.0,1510.018798828125,-3.179394965299795,2.235758519123859,0.0429882868086863,2.2502589207055848,0.9084988303665352,-1.905366633050657,-1.198699417931974,1.923070871487269,3.1226745075268614,1.5934639755022697
86.0,16.0,1510.018798828125,-3.179394965299795,2.235758519123859,0.0429882868086863,2.2502589207055848,0.9084988303665352,-1.905366633050657,-1.198699417931974,1.923070871487269,3.1226745075268614,1.5934639755022697
86.0,16.0,1512.951904296875,-3.0081457776630494,1.3563735227207037,-0.0861302177962946,2.1228926695063945,0.8877858375172327,-1.9494889386728909,-0.4001661837097172,1.918519162460516,2.6489416879003542,1.1609430450902152
86.0,16.0,1515.142822265625,-3.0767519338620826,2.1603775261006306,-0.3433510688592848,2.128104684566966,0.908907941917058,-1.908778044485668,-0.7126426462119593,1.91590855144642,2.669982702442248,1.5298373971967534
86.0,16.0,1528.12890625,-3.0748690640417253,1.315057330636472,-0.2146716520637988,2.2565446524465864,0.8876017592241107,-1.6171245021337737,-1.082227115224263,2.076871132301892,2.648932699537476,1.1509377456927503
86.0,16.0,1528.12890625,-3.0748690640417253,1.315057330636472,-0.2146716520637988,2.2565446524465864,0.8876017592241107,-1.6171245021337737,-1.082227115224263,2.076871132301892,2.648932699537476,1.1509377456927503
86.0,16.0,1530.0987548828125,-3.178604570254008,2.2600408131573926,-0.0851436654921557,2.800931939481424,0.917724988031706,-1.93820075044214,-0.1667885983462839,1.997223804666504,2.621975128165697,1.6772459495431689
86.0,16.0,1530.173095703125,-2.997502944051594,1.6464977458726535,-0.1493029865178328,2.1284074219871902,0.8876611374046144,-1.9731832152546305,-1.1878689929774255,2.0739502321371424,2.8086202375840053,1.5573778908062923
86.0,16.0,1532.81689453125,-3.1763657640297724,1.685736390756287,-0.0851436654921557,2.3699853522184515,0.8979509981073527,-2.0152557147416084,-0.1844227348646566,2.279949024771676,3.089795504248459,1.674037002125162
86.0,16.0,1532.895263671875,-3.008154189587683,1.6439859513155584,-0.2146722709318371,2.1284074219871902,0.8877858375172327,-1.9105521196963604,-1.0464592315344463,2.0739065651287247,2.661331088743566,0.9805809089772846
86.0,16.0,1533.1649169921875,-3.008154189587683,1.3157474337530828,-0.2146722709318371,2.1228926695063945,0.8877858375172327,-1.90874435581942,-0.1642584401936829,2.0749834819761053,2.6489416879003542,1.1542251337795066
86.0,16.0,1534.0155029296875,-3.1125903592228483,1.315057330636472,-0.2146716520637988,2.256441332019077,0.8876017592241107,-1.6077840702340631,-1.082227115224263,2.074973787442375,2.6489416879003542,1.150930968332696
86.0,16.0,1534.3436279296875,-3.0782852820488675,2.255353555001977,0.0472132842461127,2.2502589207055848,0.9084988303665352,-1.9028295063043648,-1.198699417931974,1.923070871487269,3.1192508214837344,1.5916862113049235
86.0,16.0,1536.4000244140625,-3.1125903592228483,1.315057330636472,-0.2146716520637988,2.256441332019077,0.8877961085410244,-1.6216454328956016,-1.082227115224263,2.075069328750772,2.6489416879003542,1.1484309731392703
86.0,16.0,1536.8009033203125,-3.008154189587683,1.3157474337530828,-0.2146722709318371,2.1228926695063945,0.8877858375172327,-1.818306134893657,-0.1642584401936829,2.0749834819761053,2.6489416879003542,1.1542251337795066
86.0,16.0,1537.5654296875,-3.008154187676749,1.3157474337530828,-0.2102211475706682,2.1228926695063945,0.8877858375172327,-1.955549954447699,-0.1642584401936829,2.0749834819761053,2.6489416879003542,1.1542251337795066
86.0,16.0,1538.0234375,-2.99661856418429,1.6536500217495127,-0.2146716623920959,2.1284074219871902,0.8877858375172327,-1.910661103344928,-1.0464592315344463,2.0739065651287247,2.661362078007721,0.9560232199954146
86.0,16.0,1538.480712890625,-2.995523862586337,1.6441032425900837,-0.2146722709318371,2.1284074219871902,0.8877858375172327,-1.910661103344928,-1.0464592315344463,2.0739065651287247,2.661331088743566,0.9560232199954146
86.0,16.0,1540.21923828125,-3.1114956576248947,1.305510551477043,-0.21467226060354,2.256441332019077,0.8877961085410244,-1.6216454328956016,-1.082227115224263,2.075069328750772,2.648910698636199,1.1484309731392703
86.0,16.0,1540.92626953125,-3.008154189587683,1.6439859513155584,-0.2146722709318371,2.1284074219871902,0.8877858375172327,-1.9105521196963604,-1.0464592315344463,2.0739065651287247,2.661331088743566,0.9560232199954146
86.0,16.0,1541.1041259765625,-3.0048625279662806,1.6079890111129431,-0.3366610895842972,2.242549648819664,0.90859276433066,-1.90894204783961,-0.2027169929648319,1.9593504097250805,2.6485890735945343,1.1505155891883054
86.0,17.0,1310.862548828125,-3.070092562236383,1.6461439612897169,1.3039902574387183,2.335149104688047,0.8876835924894613,-1.4516286369569933,-1.0745406836065456,2.079528090909516,2.6485890735945343,1.1519137387411904
86.0,17.0,1352.987060546875,-3.082654265889028,2.174492622245501,0.0797392105344312,2.1284074219871902,0.3496021751839618,-1.9126992000107963,-0.6487759847966976,1.9308608936998672,2.661331088743566,1.6179175168476798
86.0,17.0,1378.765380859375,-3.284995701242164,1.2508802342485394,1.3286402681409686,2.335609822463361,0.831272806114767,-1.0853126451412534,-1.7764844767534105,1.9189471357646823,2.6485890735945343,1.127029677186243
86.0,17.0,1423.4248046875,-3.0770331050362945,1.6186558339270154,-0.2595737875722229,2.128104684566966,0.8904337695471619,-1.908778044485668,-0.7138748828811385,1.9420300878667225,2.669982702442248,1.5288975253972514
86.0,17.0,1429.82373046875,-3.284995701242164,1.2508802342485394,1.3286402681409686,2.335609822463361,0.831272806114767,-1.0853126451412534,-1.927324837252124,1.9189471357646823,2.6485890735945343,1.127029677186243
86.0,17.0,1436.0987548828125,-2.8811633898674773,1.2508802342485394,1.3286402681409686,2.25812183898337,0.831272806114767,-1.0121142442320776,-1.927324837252124,1.9189471357646823,2.6485890735945343,1.127029677186243
86.0,17.0,1436.198974609375,-2.8811633898674773,1.2481018850677177,1.3286402681409686,2.2580313603427555,0.831272806114767,-1.0124462603970692,-1.9271674856626748,1.9189471357646823,2.6485980210419733,1.126688704363888
86.0,17.0,1436.3033447265625,-3.2956661181019378,1.248970705526577,1.3286402681409686,2.3367443202174867,0.9330830695112108,-1.0014316591444452,-1.927358935989366,1.9189471357646823,2.6485890735945343,1.119347221278474
86.0,17.0,1437.797607421875,-3.27883179394903,1.6515697348944296,1.2195752851929835,2.3351359203429847,0.9318582613921138,-1.0841823178823806,-1.9360741062747808,1.9189471357646823,2.6458072718895727,0.9587861079067148
86.0,17.0,1438.95703125,-2.883712903151936,1.2508802342485394,1.25963625861248,2.25812183898337,0.831272806114767,-1.0121142442320776,-1.927324837252124,2.0807879020384616,2.6485890735945343,1.149207192420442
86.0,17.0,1441.374755859375,-2.8811633898674773,1.65149180968251,1.3286402681409686,2.2565134391088675,0.8300479979956701,-1.0124168225529464,-1.9360399404761983,2.075583839657817,2.6519069081017803,0.9662771058788036
86.0,17.0,1445.8463134765625,-3.08293543706324,1.632770930071886,-0.334569651549272,2.1284074219871902,0.3311280028140657,-1.9126992000107963,-0.6500082214658769,2.0739065651287247,2.661331088743566,1.6169776450481776
86.0,17.0,1446.435546875,-2.967648752582476,1.6466564398384604,-0.2146722709318371,2.1226054018654663,0.909038558380115,-1.90874435581942,-0.1642584401936829,2.07302229540782,2.6489416879003542,1.586695137168396
86.0,17.0,1448.584716796875,-3.0081457795739834,1.5160884329094633,-0.0905813411574635,2.1228926695063945,0.8877858375172327,-1.812245119118849,-0.4001661837097172,1.918519162460516,2.6489416879003542,1.1609430450902152
86.0,17.0,1448.584716796875,-3.0081457795739834,1.5160884329094633,-0.0905813411574635,2.1228926695063945,0.8877858375172327,-1.812245119118849,-0.4001661837097172,1.918519162460516,2.6489416879003542,1.1609430450902152
86.0,17.0,1450.652587890625,-2.8811633898674773,1.65149180968251,1.3286402681409686,2.2565134391088675,0.8300479979956701,-1.0124168225529464,-1.936041674415484,1.9189471357646823,2.6493177019628726,0.9662771058788036
86.0,17.0,1450.6707763671875,-2.8811633898674773,1.65149180968251,1.3286402681409686,2.2565134391088675,0.8300479979956701,-1.0124168225529464,-1.9360399404761983,1.9189471357646823,2.649354574447192,0.9662771058788036
86.0,17.0,1451.29736328125,-2.8811633898674773,1.6542701588633322,1.3286402681409686,2.256603917749482,0.8300479979956701,-1.012084806387955,-1.936199026004932,1.9189471357646823,2.6493087545154337,0.9709208049020508
86.0,17.0,1452.738037109375,-2.8811633898674773,1.65149180968251,1.3286402681409686,2.2565134391088675,0.8300479979956701,-1.0083216833753013,-1.9360398734148587,1.9189471357646823,2.649350606440033,0.9662771058788036
86.0,17.0,1453.63720703125,-2.8811633898674773,1.659723770537803,1.3286402681409686,2.3351359203429847,0.9318582613921138,-1.0800871787047353,-1.9360740392134408,1.9189471357646823,2.648584551086995,0.9585946499710346
86.0,17.0,1457.5806884765625,-3.27883179394903,1.659723770537803,1.3286402681409686,2.3351359203429847,0.9318582613921138,-1.0841823178823806,-1.9360741062747808,1.9189471357646823,2.780728174310595,0.9585946499710346
86.0,17.0,1460.2510986328125,-2.8811633898674773,1.2508802342485394,1.3286402681409686,2.3367443202174867,0.9330830695112108,-1.0014316591444452,-1.927358935989366,1.9189471357646823,2.6485890735945343,1.119347221278474
86.0,17.0,1460.2510986328125,-2.8811633898674773,1.2508802342485394,1.3286402681409686,2.3367443202174867,0.9330830695112108,-1.0014316591444452,-1.927358935989366,1.9189471357646823,2.6485890735945343,1.119347221278474
86.0,17.0,1461.148193359375,-3.0748690640417253,1.6067381387875888,-0.2146716520637988,2.2565446524465864,0.8876017592241107,-1.6171245021337737,-1.082227115224263,2.076871132301892,2.648932699537476,1.1509377456927503
86.0,17.0,1461.7620849609375,-3.0748690640417253,1.6067381387875888,-0.2146716520637988,2.251239179577226,0.8876017592241107,-1.5896782265383849,-1.082227115224263,2.076734861363285,2.6492653214969395,1.1609251930006022
86.0,17.0,1463.3388671875,-2.8811633898674773,1.2508802342485394,1.3286402681409686,2.3367443202174867,0.9085252041042794,-1.0014316591444452,-1.9225508944999592,1.9158780764207963,2.670310046739798,1.119347221278474
86.0,17.0,1466.21875,-2.8811633898674773,1.65149180968251,1.3286402681409686,2.3360406536818075,0.8260268228864874,-0.9934089599574828,-1.9222233312773669,1.9189471357646823,2.649107134459208,0.970388794903217
86.0,17.0,1474.2745361328125,-2.8811633898674773,1.2508802342485394,1.3286402681409686,2.2572171056445467,0.9113704186731534,-0.9341349385293723,-1.936367436637452,1.9158780764207963,2.670553518720624,1.119347221278474
86.0,17.0,1475.5159912109375,-3.0774792963622666,1.3145768162543905,-0.2061494208622547,1.6356360236181524,0.9307845752702584,-1.9375349616693835,-0.4565351882611779,1.9126964471765264,2.6338852777468973,1.2826531541023138
86.0,17.0,1476.763671875,-3.0774792963622666,1.2460690379576902,-0.3617376279006474,1.6628381921256197,0.4831323210292816,-1.9375349616693835,-0.4565351882611779,1.9126964471765264,2.6338852777468973,1.2827694843859556
86.0,17.0,1484.2540283203125,-2.8811633898674773,1.6591927889509193,1.3286402681409686,2.3351359203429847,0.9318582613921138,-1.007824416221914,-1.936040462845229,1.9189471357646823,2.6493097030665584,0.9664695203990076
86.0,17.0,1484.4141845703125,-3.0767519338620826,2.1603775261006306,-0.2595737875722229,2.128104684566966,0.908907941917058,-1.908778044485668,-0.7126426462119593,1.91590855144642,2.669982702442248,1.5298373971967534
86.0,17.0,1485.2889404296875,-3.008154189587683,1.623848560190977,-0.2150108335813799,2.1228926695063945,0.8877858375172327,-1.90874435581942,-0.2016547664995097,2.070945667134016,2.6489416879003542,1.1542251337795066
86.0,17.0,1485.75830078125,-2.8811633898674773,1.65149180968251,1.3286402681409686,2.3351359203429847,0.9318582613921138,-1.001734237465314,-1.9360740392134408,1.9189471357646823,2.649354574447192,0.9585946499710346
86.0,17.0,1488.6990966796875,-3.008731709458795,1.3169705439359485,-0.2146752621467206,2.1244312050488383,0.8887684407699301,-1.589867609108774,-1.1181707015852884,2.073928987362634,2.4741465000076,1.1609430450902152
86.0,17.0,1494.2010498046875,-2.996278665878403,1.6464977458726535,-0.1490333088813389,2.1284074219871902,0.9091931027857948,-1.9106624547578577,-1.1856764398129125,2.073013303982984,2.8086202375840053,1.5946721077313166
86.0,17.0,1494.643798828125,-3.008908992879749,1.6463804545981284,-0.1490333088813389,2.1284074219871902,0.9091931027857948,-1.9105534711092904,-1.1856764398129125,2.073013303982984,2.8086202375840053,1.5946721077313166
86.0,17.0,1494.643798828125,-3.008908992879749,1.6463804545981284,-0.1490333088813389,2.1284074219871902,0.9091931027857948,-1.9105534711092904,-1.1856764398129125,2.073013303982984,2.8086202375840053,1.5946721077313166
86.0,17.0,1495.08154296875,-3.00270844877921,1.2460690379576902,0.6262361016239051,1.8990924664153697,0.4831323210292816,-1.911706504183927,-0.5121928828830942,1.9126964471765264,2.8061538930087555,1.2827694843859556
86.0,17.0,1496.8294677734375,-3.008731709458795,1.315061015213986,-0.2146752621467206,2.1244312050488383,0.8887684407699301,-1.589867609108774,-1.1181707015852884,2.073928987362634,2.633382826146406,1.1609430450902152
86.0,17.0,1500.5382080078125,-3.1784507723887128,1.2460690379576902,-0.3584706150390857,1.6628381921256197,0.4857066409322485,-1.937534582664834,-0.4565351882611779,1.9126964471765264,2.6342048915095497,1.6159066158296265
86.0,17.0,1501.231201171875,-2.8811633898674773,1.65149180968251,1.3286402681409686,2.2565134391088675,0.8288720374553615,-0.92611223934241,-1.9360398734148587,1.9189471357646823,2.649350606440033,0.970388794903217
86.0,17.0,1501.9932861328125,-3.178604570254008,2.2367143844171062,-0.0851436654921557,2.800931939481424,0.8978989600484606,-1.93820075044214,-0.1991001336458648,1.914698607882639,2.63799814635345,1.6772459495431689
86.0,17.0,1502.4378662109375,-2.996278665878403,1.6464977458726535,-0.1490333088813389,2.1284074219871902,0.9091931027857948,-1.9106624547578577,-1.1856764398129125,1.9163766000898497,2.806067903929416,1.5946721077313166
86.0,17.0,1504.41748046875,-3.178604570254008,2.2367143844171062,-0.0851436654921557,2.798979930853768,0.8978989600484606,-1.9374819759087265,-0.1880939858042848,1.914698607882639,2.6338930241770533,1.6772459495431689
86.0,17.0,1505.3255615234375,-3.178604570254008,2.2367143844171062,-0.0851436654921557,2.800931939481424,0.8979509981073527,-1.93820075044214,-0.1844227348646566,1.914698607882639,2.658866131230607,1.674037002125162
86.0,17.0,1505.6865234375,-2.8811633898674773,1.2508802342485394,1.3286402681409686,2.3259070045231125,1.1560985099343384,-1.0121142442320776,-1.927324837252124,1.9189471357646823,2.6493593727210474,1.127029677186243
86.0,17.0,1509.175537109375,-3.178604570254008,2.217992241471676,-0.0851436654921557,2.800931939481424,0.8978989600484606,-1.93820075044214,-0.1991001336458648,1.914698607882639,2.63799814635345,1.731084990523025
86.0,17.0,1509.175537109375,-3.178604570254008,2.217992241471676,-0.0851436654921557,2.800931939481424,0.8978989600484606,-1.93820075044214,-0.1991001336458648,1.914698607882639,2.63799814635345,1.731084990523025
86.0,17.0,1509.82275390625,-3.081777957830412,2.2367143844171062,-0.0851436654921557,2.800931939481424,0.8909617706293869,-1.938705614011912,-0.187001863245408,1.914698607882639,2.66001451317896,1.6208395377208802
86.0,18.0,1310.862548828125,-3.070092562236383,1.6461439612897169,1.3039902574387183,2.335149104688047,0.8876835924894613,-1.4516286369569933,-1.0745406836065456,2.079528090909516,2.6485890735945343,1.1519137387411904
86.0,18.0,1352.987060546875,-3.082654265889028,2.174492622245501,0.0797392105344312,2.1284074219871902,0.3496021751839618,-1.9126992000107963,-0.6487759847966976,1.9308608936998672,2.661331088743566,1.6179175168476798
86.0,18.0,1354.2855224609375,-3.070092562236383,1.6461439612897169,1.3039902574387183,1.4943580562043048,0.9402134938399412,-1.4435415193732326,-1.0922008585732788,2.079528090909516,2.6485890735945343,1.1518457817607828
86.0,18.0,1378.271728515625,-3.284995701242164,1.654894916136462,1.3286402681409686,2.335609822463361,0.9341481236161828,-1.0841815812056737,-1.7849062530645652,1.9189471357646823,2.6485890735945343,1.127029677186243
86.0,18.0,1378.765380859375,-3.284995701242164,1.2508802342485394,1.3286402681409686,2.335609822463361,0.831272806114767,-1.0853126451412534,-1.7764844767534105,1.9189471357646823,2.6485890735945343,1.127029677186243
86.0,18.0,1384.55078125,-3.3082885518053646,1.659723770537803,1.3286402681409686,2.3351359203429847,0.832901012601766,-1.0816841426779584,-1.9360766305713704,1.9189471357646823,2.6477937861948333,0.9585946499710346
86.0,18.0,1403.927490234375,-3.292406760396987,1.65149180968251,1.3286402681409686,2.2565134391088675,0.8301407588974579,-1.008317186825884,-1.9356873166989912,1.9189471357646823,2.649350606440033,0.969834152738008
86.0,18.0,1410.4061279296875,-3.299943006952589,1.2343350715158006,1.3286402681409686,2.33500711522031,0.9318502656911656,-1.0078096741738765,-1.936040462845229,1.9998823909069552,2.6493097030665584,0.971461853570834
86.0,18.0,1414.959716796875,-2.8811633898674773,1.2632045871890816,1.3286402681409686,2.2565930667120706,0.8301431714335087,-1.012423318813352,-1.936041674415484,1.9189471357646823,2.648604096722096,0.9681939927439448
86.0,18.0,1415.285888671875,-3.08293543706324,1.632770930071886,-0.3626618806362416,2.1284074219871902,0.3348337445489108,-1.9371473479486008,-0.6500082214658769,1.911722210909495,2.6335346453657307,1.279620292682769
86.0,18.0,1423.4248046875,-3.0770331050362945,1.6186558339270154,-0.2595737875722229,2.128104684566966,0.8904337695471619,-1.908778044485668,-0.7138748828811385,1.9420300878667225,2.669982702442248,1.5288975253972514
86.0,18.0,1429.561767578125,-3.27883179394903,1.2475550530065072,1.2195752851929835,2.3351359203429847,0.828982943890698,-1.0853133818179603,-1.927652329963626,1.9189471357646823,2.6458072718895727,0.9587861079067148
86.0,18.0,1429.82373046875,-3.284995701242164,1.2508802342485394,1.3286402681409686,2.335609822463361,0.831272806114767,-1.0853126451412534,-1.927324837252124,1.9189471357646823,2.6485890735945343,1.127029677186243
86.0,18.0,1434.01123046875,-2.8811633898674773,1.6542701588633322,1.3286402681409686,2.256603917749482,0.8920219859896917,-1.8164357577502808,-0.4390174441861268,1.9189183094340685,2.6493087545154337,0.9709208049020508
86.0,18.0,1436.0987548828125,-2.8811633898674773,1.2508802342485394,1.3286402681409686,2.25812183898337,0.831272806114767,-1.0121142442320776,-1.927324837252124,1.9189471357646823,2.6485890735945343,1.127029677186243
86.0,18.0,1436.198974609375,-2.8811633898674773,1.2481018850677177,1.3286402681409686,2.2580313603427555,0.831272806114767,-1.0124462603970692,-1.9271674856626748,1.9189471357646823,2.6485980210419733,1.126688704363888
86.0,18.0,1436.3033447265625,-3.2956661181019378,1.248970705526577,1.3286402681409686,2.3367443202174867,0.9330830695112108,-1.0014316591444452,-1.927358935989366,1.9189471357646823,2.6485890735945343,1.119347221278474
86.0,18.0,1437.797607421875,-3.27883179394903,1.6515697348944296,1.2195752851929835,2.3351359203429847,0.9318582613921138,-1.0841823178823806,-1.9360741062747808,1.9189471357646823,2.6458072718895727,0.9587861079067148
86.0,18.0,1438.95703125,-2.883712903151936,1.2508802342485394,1.25963625861248,2.25812183898337,0.831272806114767,-1.0121142442320776,-1.927324837252124,2.0807879020384616,2.6485890735945343,1.149207192420442
86.0,18.0,1441.374755859375,-2.8811633898674773,1.65149180968251,1.3286402681409686,2.2565134391088675,0.8300479979956701,-1.0124168225529464,-1.9360399404761983,2.075583839657817,2.6519069081017803,0.9662771058788036
86.0,18.0,1442.96533203125,-2.875081331419009,1.2701533752626306,1.3286402681409686,1.6785702152645212,0.8864877656112403,-1.0014316591444452,-1.941204979138587,1.9183227880961,2.670030079073393,1.119347221278474
86.0,18.0,1443.25537109375,-2.885502703568786,1.2547016858144937,1.2219591169370616,2.25812183898337,0.831272806114767,-1.0121142442320776,-1.9211169295169408,2.0807879020384616,2.6485890735945343,1.1444410281755295
86.0,18.0,1445.8463134765625,-3.08293543706324,1.632770930071886,-0.334569651549272,2.1284074219871902,0.3311280028140657,-1.9126992000107963,-0.6500082214658769,2.0739065651287247,2.661331088743566,1.6169776450481776
86.0,18.0,1446.435546875,-2.967648752582476,1.6466564398384604,-0.2146722709318371,2.1226054018654663,0.909038558380115,-1.90874435581942,-0.1642584401936829,2.07302229540782,2.6489416879003542,1.586695137168396
86.0,18.0,1448.584716796875,-3.0081457795739834,1.5160884329094633,-0.0905813411574635,2.1228926695063945,0.8877858375172327,-1.812245119118849,-0.4001661837097172,1.918519162460516,2.6489416879003542,1.1609430450902152
86.0,18.0,1448.584716796875,-3.0081457795739834,1.5160884329094633,-0.0905813411574635,2.1228926695063945,0.8877858375172327,-1.812245119118849,-0.4001661837097172,1.918519162460516,2.6489416879003542,1.1609430450902152
86.0,18.0,1449.342529296875,-2.8838602041681978,1.651488462790914,1.3281219797201964,2.33470183121117,0.8285883226493065,-1.0081642031236857,-1.9360741062747808,2.084884479787752,2.645019428566634,0.9587861079067148
86.0,18.0,1450.42724609375,-2.8811633898674773,1.65149180968251,1.3286402681409686,2.2565134391088675,0.8300479979956701,-1.0128997309895629,-1.936039875731384,1.9189471357646823,2.649350606440033,0.9662771058788036
86.0,18.0,1450.49560546875,-3.0774792963622666,1.2460690379576902,-0.3336453988136778,1.6628381921256197,0.4794265792944365,-1.9130868137315784,-0.4565351882611779,2.0748808013957563,2.661681721124732,1.6201268367513646
86.0,18.0,1450.652587890625,-2.8811633898674773,1.65149180968251,1.3286402681409686,2.2565134391088675,0.8300479979956701,-1.0124168225529464,-1.936041674415484,1.9189471357646823,2.6493177019628726,0.9662771058788036
86.0,18.0,1450.6707763671875,-2.8811633898674773,1.65149180968251,1.3286402681409686,2.2565134391088675,0.8300479979956701,-1.0124168225529464,-1.9360399404761983,1.9189471357646823,2.649354574447192,0.9662771058788036
86.0,18.0,1451.29736328125,-2.8811633898674773,1.6542701588633322,1.3286402681409686,2.256603917749482,0.8300479979956701,-1.012084806387955,-1.936199026004932,1.9189471357646823,2.6493087545154337,0.9709208049020508
86.0,18.0,1451.83251953125,-2.8811633898674773,1.2481018850677177,1.3286402681409686,2.3367449316588083,0.831279796488946,-1.012134404574541,-1.9271674856626748,1.9189471357646823,2.649101195785013,1.126688704363888
86.0,18.0,1452.2662353515625,-2.8811633898674773,1.2508802342485394,1.3286402681409686,2.256834473530167,0.9113704186731534,-0.9988793944316332,-1.936353483448797,1.9158780764207963,2.670553518720624,1.119347221278474
86.0,18.0,1452.738037109375,-2.8811633898674773,1.65149180968251,1.3286402681409686,2.2565134391088675,0.8300479979956701,-1.0083216833753013,-1.9360398734148587,1.9189471357646823,2.649350606440033,0.9662771058788036
86.0,18.0,1452.986328125,-2.8811633898674773,1.65149180968251,1.3286402681409686,2.2565134391088675,0.8300479979956701,-1.0078387749386846,-1.9360399381596736,1.9189471357646823,2.649354574447192,0.9662771058788036
86.0,18.0,1453.2822265625,-3.080961048940851,2.1737514632533625,1.3403528947398782,2.1284074219871902,0.8353788384649078,-1.9126992000107963,-0.6487759847966976,1.91879261549886,2.661331088743566,1.6179175168476798
86.0,18.0,1453.63720703125,-2.8811633898674773,1.659723770537803,1.3286402681409686,2.3351359203429847,0.9318582613921138,-1.0800871787047353,-1.9360740392134408,1.9189471357646823,2.648584551086995,0.9585946499710346
86.0,18.0,1457.135009765625,-2.8822843684522206,1.2508802342485394,1.3995771306907878,2.3367443202174867,0.933186338582111,-1.0086864299405869,-1.927358935989366,1.918950769692065,2.6485890735945343,1.1603404724454782
86.0,18.0,1457.5806884765625,-3.27883179394903,1.659723770537803,1.3286402681409686,2.3351359203429847,0.9318582613921138,-1.0841823178823806,-1.9360741062747808,1.9189471357646823,2.780728174310595,0.9585946499710346
86.0,18.0,1460.2510986328125,-2.8811633898674773,1.2508802342485394,1.3286402681409686,2.3367443202174867,0.9330830695112108,-1.0014316591444452,-1.927358935989366,1.9189471357646823,2.6485890735945343,1.119347221278474
86.0,18.0,1460.2510986328125,-2.8811633898674773,1.2508802342485394,1.3286402681409686,2.3367443202174867,0.9330830695112108,-1.0014316591444452,-1.927358935989366,1.9189471357646823,2.6485890735945343,1.119347221278474
86.0,18.0,1461.148193359375,-3.0748690640417253,1.6067381387875888,-0.2146716520637988,2.2565446524465864,0.8876017592241107,-1.6171245021337737,-1.082227115224263,2.076871132301892,2.648932699537476,1.1509377456927503
86.0,18.0,1461.7620849609375,-3.0748690640417253,1.6067381387875888,-0.2146716520637988,2.251239179577226,0.8876017592241107,-1.5896782265383849,-1.082227115224263,2.076734861363285,2.6492653214969395,1.1609251930006022
86.0,18.0,1463.3388671875,-2.8811633898674773,1.2508802342485394,1.3286402681409686,2.3367443202174867,0.9085252041042794,-1.0014316591444452,-1.9225508944999592,1.9158780764207963,2.670310046739798,1.119347221278474
86.0,18.0,1466.21875,-2.8811633898674773,1.65149180968251,1.3286402681409686,2.3360406536818075,0.8260268228864874,-0.9934089599574828,-1.9222233312773669,1.9189471357646823,2.649107134459208,0.970388794903217
86.0,18.0,1474.2176513671875,-3.00702480098924,1.5160884329094633,-0.1615182037073265,2.1228926695063945,0.8876825684463324,-1.804990348322707,-0.4001661837097172,1.9185155285331328,2.6489416879003542,1.1199497939232106
86.0,18.0,1474.2745361328125,-2.8811633898674773,1.2508802342485394,1.3286402681409686,2.2572171056445467,0.9113704186731534,-0.9341349385293723,-1.936367436637452,1.9158780764207963,2.670553518720624,1.119347221278474
86.0,18.0,1475.5159912109375,-3.0774792963622666,1.3145768162543905,-0.2061494208622547,1.6356360236181524,0.9307845752702584,-1.9375349616693835,-0.4565351882611779,1.9126964471765264,2.6338852777468973,1.2826531541023138
86.0,18.0,1476.763671875,-3.0774792963622666,1.2460690379576902,-0.3617376279006474,1.6628381921256197,0.4831323210292816,-1.9375349616693835,-0.4565351882611779,1.9126964471765264,2.6338852777468973,1.2827694843859556
86.0,19.0,1287.18701171875,-3.2937952961032453,1.6459992124615397,1.3038338191248964,2.254803660676186,0.8293902984476157,-1.4516286369569933,-1.0745406836065456,1.9298704312702688,2.6485890735945343,1.1519137387411904
86.0,19.0,1302.6689453125,-3.0702206755486405,1.6461439612897169,1.3039902574387183,2.325822479523137,0.8252422301426601,-1.4409301399352723,-1.0745406836065456,2.0820913453026884,2.6485890735945343,1.1519137387411904
86.0,19.0,1310.861328125,-3.074572216487933,1.6466990061207838,1.298629651583048,2.334696333584782,0.8972764386787195,-1.4435415193732326,-1.118976292393547,2.0797084561517343,2.6485890735945343,1.1518457817607828
86.0,19.0,1310.862548828125,-3.070092562236383,1.6461439612897169,1.3039902574387183,2.335149104688047,0.8876835924894613,-1.4516286369569933,-1.0745406836065456,2.079528090909516,2.6485890735945343,1.1519137387411904
86.0,19.0,1325.3851318359375,-3.071775812727702,1.6461439612897169,1.3039902574387183,2.251412360026892,0.940306238977194,-1.440411242160024,-1.0922008585732788,1.914577751002548,2.648553116813752,1.1669513970839085
86.0,19.0,1352.987060546875,-3.082654265889028,2.174492622245501,0.0797392105344312,2.1284074219871902,0.3496021751839618,-1.9126992000107963,-0.6487759847966976,1.9308608936998672,2.661331088743566,1.6179175168476798
86.0,19.0,1354.2855224609375,-3.070092562236383,1.6461439612897169,1.3039902574387183,1.4943580562043048,0.9402134938399412,-1.4435415193732326,-1.0922008585732788,2.079528090909516,2.6485890735945343,1.1518457817607828
86.0,19.0,1355.77392578125,-3.08252615257677,2.174492622245501,0.0797392105344312,2.1377340471521005,0.3496021751839618,-1.923397697032517,-0.6487759847966976,1.9282976393066948,2.661331088743566,1.6179175168476798
86.0,19.0,1378.271728515625,-3.284995701242164,1.654894916136462,1.3286402681409686,2.335609822463361,0.9341481236161828,-1.0841815812056737,-1.7849062530645652,1.9189471357646823,2.6485890735945343,1.127029677186243
86.0,19.0,1378.271728515625,-3.284995701242164,1.654894916136462,1.3286402681409686,2.335609822463361,0.9341481236161828,-1.0841815812056737,-1.7849062530645652,1.9189471357646823,2.6485890735945343,1.127029677186243
86.0,19.0,1378.765380859375,-3.284995701242164,1.2508802342485394,1.3286402681409686,2.335609822463361,0.831272806114767,-1.0853126451412534,-1.7764844767534105,1.9189471357646823,2.6485890735945343,1.127029677186243
86.0,19.0,1382.3519287109375,-3.278672714975124,1.653953860753318,1.3286402681409686,2.3355938144980914,0.9451714327134236,-1.0842124261595405,-1.7907615895870932,1.9189471357646823,2.6485890735945343,1.127029677186243
86.0,19.0,1384.55078125,-3.3082885518053646,1.659723770537803,1.3286402681409686,2.3351359203429847,0.832901012601766,-1.0816841426779584,-1.9360766305713704,1.9189471357646823,2.6477937861948333,0.9585946499710346
86.0,19.0,1403.513671875,-3.293920797073154,1.65149180968251,1.3286402681409686,2.2565134391088675,0.8302030642564027,-1.008317186825884,-1.9355402226585368,1.9206158255063173,2.6485724386417893,0.969834152738008
86.0,19.0,1403.927490234375,-3.292406760396987,1.65149180968251,1.3286402681409686,2.2565134391088675,0.8301407588974579,-1.008317186825884,-1.9356873166989912,1.9189471357646823,2.649350606440033,0.969834152738008
86.0,19.0,1405.936767578125,-3.30807004567984,1.248970705526577,1.3286402681409686,2.006337486949065,0.8347086901916352,-1.0837779791087954,-1.927358935989366,1.9189471357646823,2.647810069785556,1.119347221278474
86.0,19.0,1407.476806640625,-2.924420133587396,1.2343350715158006,1.3286402681409686,2.254637044423925,0.9359715026277226,-1.0078096741738765,-1.936040462845229,1.9998823909069552,2.6493097030665584,0.9662402739903015
86.0,19.0,1410.4061279296875,-3.299943006952589,1.2343350715158006,1.3286402681409686,2.33500711522031,0.9318502656911656,-1.0078096741738765,-1.936040462845229,1.9998823909069552,2.6493097030665584,0.971461853570834
86.0,19.0,1412.2681884765625,-3.27883179394903,1.659723770537803,1.3286402681409686,2.3351359203429847,0.9318582613921138,-1.0841823178823806,-1.9360741062747808,1.9189471357646823,2.647520239517834,0.9585946499710346
86.0,19.0,1412.978759765625,-3.284995701242164,1.6547346015759317,1.3286402681409686,2.335609822463361,0.9341481236161828,-1.0878435763710042,-1.9313372771742,1.9189471357646823,2.6485890735945343,1.127029677186243
86.0,19.0,1414.959716796875,-2.8811633898674773,1.2632045871890816,1.3286402681409686,2.2565930667120706,0.8301431714335087,-1.012423318813352,-1.936041674415484,1.9189471357646823,2.648604096722096,0.9681939927439448
86.0,19.0,1415.285888671875,-3.08293543706324,1.632770930071886,-0.3626618806362416,2.1284074219871902,0.3348337445489108,-1.9371473479486008,-0.6500082214658769,1.911722210909495,2.6335346453657307,1.279620292682769
86.0,19.0,1415.285888671875,-3.08293543706324,1.632770930071886,-0.3626618806362416,2.1284074219871902,0.3348337445489108,-1.9371473479486008,-0.6500082214658769,1.911722210909495,2.6335346453657307,1.279620292682769
86.0,19.0,1416.652099609375,-3.267766420376496,1.290916302344885,1.3286402681409686,2.335609822463361,0.831272806114767,-1.0853126451412534,-1.9272076029038645,1.9189471357646823,2.6493362221714523,1.125873600506101
86.0,19.0,1416.721923828125,-2.8811633898674773,1.2572203271050684,1.3286402681409686,2.2565134391088675,0.8300479979956701,-1.0078755031864597,-1.936041622739272,1.9189471357646823,2.64938815647154,0.9662771058788036
86.0,19.0,1423.4248046875,-3.0770331050362945,1.6186558339270154,-0.2595737875722229,2.128104684566966,0.8904337695471619,-1.908778044485668,-0.7138748828811385,1.9420300878667225,2.669982702442248,1.5288975253972514
86.0,19.0,1424.469970703125,-2.8838602041681978,1.2345234245673131,1.3281219797201964,2.3347143163363087,0.830965146854354,-1.0081642031236857,-1.9360778687881948,2.084884479787752,2.6451390300957733,0.9590322834364824
86.0,19.0,1429.561767578125,-3.27883179394903,1.2475550530065072,1.2195752851929835,2.3351359203429847,0.828982943890698,-1.0853133818179603,-1.927652329963626,1.9189471357646823,2.6458072718895727,0.9587861079067148
86.0,19.0,1429.82373046875,-3.284995701242164,1.2508802342485394,1.3286402681409686,2.335609822463361,0.831272806114767,-1.0853126451412534,-1.927324837252124,1.9189471357646823,2.6485890735945343,1.127029677186243
86.0,19.0,1434.01123046875,-2.8811633898674773,1.6542701588633322,1.3286402681409686,2.256603917749482,0.8920219859896917,-1.8164357577502808,-0.4390174441861268,1.9189183094340685,2.6493087545154337,0.9709208049020508
86.0,19.0,1434.029052734375,-2.8811633898674773,1.65432324451568,1.3286402681409686,2.256606184551389,0.8920219859896917,-1.8164357577502808,-0.4390174441861268,1.9189183094340685,2.6493087545154337,0.9707475400372376
86.0,19.0,1435.75,-2.8811633898674773,1.2542885342420442,1.3286402681409686,2.2581102485126467,0.831272806114767,-1.0121142442320776,-1.927324837252124,1.9189471357646823,2.6485942612588858,1.127029677186243
86.0,19.0,1436.0987548828125,-2.8811633898674773,1.2508802342485394,1.3286402681409686,2.25812183898337,0.831272806114767,-1.0121142442320776,-1.927324837252124,1.9189471357646823,2.6485890735945343,1.127029677186243
86.0,19.0,1436.198974609375,-2.8811633898674773,1.2481018850677177,1.3286402681409686,2.2580313603427555,0.831272806114767,-1.0124462603970692,-1.9271674856626748,1.9189471357646823,2.6485980210419733,1.126688704363888
86.0,19.0,1436.3033447265625,-3.2956661181019378,1.248970705526577,1.3286402681409686,2.3367443202174867,0.9330830695112108,-1.0014316591444452,-1.927358935989366,1.9189471357646823,2.6485890735945343,1.119347221278474
86.0,19.0,1437.797607421875,-3.27883179394903,1.6515697348944296,1.2195752851929835,2.3351359203429847,0.9318582613921138,-1.0841823178823806,-1.9360741062747808,1.9189471357646823,2.6458072718895727,0.9587861079067148
86.0,19.0,1438.2637939453125,-3.299943006952589,1.6513001097394016,1.3286402681409686,2.334994630095171,0.929473441486118,-1.0078096741738765,-1.9360367003318149,1.9020078667953388,2.64919010153742,0.9712156780410665
86.0,19.0,1438.95703125,-2.883712903151936,1.2508802342485394,1.25963625861248,2.25812183898337,0.831272806114767,-1.0121142442320776,-1.927324837252124,2.0807879020384616,2.6485890735945343,1.149207192420442
86.0,19.0,1441.374755859375,-2.8811633898674773,1.65149180968251,1.3286402681409686,2.2565134391088675,0.8300479979956701,-1.0124168225529464,-1.9360399404761983,2.075583839657817,2.6519069081017803,0.9662771058788036
86.0,19.0,1442.96533203125,-2.875081331419009,1.2701533752626306,1.3286402681409686,1.6785702152645212,0.8864877656112403,-1.0014316591444452,-1.941204979138587,1.9183227880961,2.670030079073393,1.119347221278474
86.0,19.0,1443.25537109375,-2.885502703568786,1.2547016858144937,1.2219591169370616,2.25812183898337,0.831272806114767,-1.0121142442320776,-1.9211169295169408,2.0807879020384616,2.6485890735945343,1.1444410281755295
86.0,19.0,1445.8463134765625,-3.08293543706324,1.632770930071886,-0.334569651549272,2.1284074219871902,0.3311280028140657,-1.9126992000107963,-0.6500082214658769,2.0739065651287247,2.661331088743566,1.6169776450481776
86.0,19.0,1446.435546875,-2.967648752582476,1.6466564398384604,-0.2146722709318371,2.1226054018654663,0.909038558380115,-1.90874435581942,-0.1642584401936829,2.07302229540782,2.6489416879003542,1.586695137168396
86.0,19.0,1448.584716796875,-3.0081457795739834,1.5160884329094633,-0.0905813411574635,2.1228926695063945,0.8877858375172327,-1.812245119118849,-0.4001661837097172,1.918519162460516,2.6489416879003542,1.1609430450902152
86.0,19.0,1448.584716796875,-3.0081457795739834,1.5160884329094633,-0.0905813411574635,2.1228926695063945,0.8877858375172327,-1.812245119118849,-0.4001661837097172,1.918519162460516,2.6489416879003542,1.1609430450902152
86.0,19.0,1449.342529296875,-2.8838602041681978,1.651488462790914,1.3281219797201964,2.33470183121117,0.8285883226493065,-1.0081642031236857,-1.9360741062747808,2.084884479787752,2.645019428566634,0.9587861079067148
86.0,19.0,1450.42724609375,-2.8811633898674773,1.65149180968251,1.3286402681409686,2.2565134391088675,0.8300479979956701,-1.0128997309895629,-1.936039875731384,1.9189471357646823,2.649350606440033,0.9662771058788036
86.0,19.0,1450.49560546875,-3.0774792963622666,1.2460690379576902,-0.3336453988136778,1.6628381921256197,0.4794265792944365,-1.9130868137315784,-0.4565351882611779,2.0748808013957563,2.661681721124732,1.6201268367513646
86.0,19.0,1450.652587890625,-2.8811633898674773,1.65149180968251,1.3286402681409686,2.2565134391088675,0.8300479979956701,-1.0124168225529464,-1.936041674415484,1.9189471357646823,2.6493177019628726,0.9662771058788036
86.0,19.0,1450.6707763671875,-2.8811633898674773,1.65149180968251,1.3286402681409686,2.2565134391088675,0.8300479979956701,-1.0124168225529464,-1.9360399404761983,1.9189471357646823,2.649354574447192,0.9662771058788036
86.0,20.0,1276.441162109375,-3.2799216145562946,1.6461439612897169,1.303155609545009,2.325822479523137,0.8247396026187338,-1.4409301399352723,-1.0745406836065456,2.0820913453026884,2.6485890735945343,1.1290854622418898
86.0,20.0,1286.864990234375,-3.292406760396987,1.6515364267056123,1.262631091446463,2.2567158510408465,0.5488004483669336,-1.008317186825884,-1.0646049369320123,1.9189471357646823,2.340261423093671,1.1389913977256576
86.0,20.0,1287.18701171875,-3.2937952961032453,1.6459992124615397,1.3038338191248964,2.254803660676186,0.8293902984476157,-1.4516286369569933,-1.0745406836065456,1.9298704312702688,2.6485890735945343,1.1519137387411904
86.0,20.0,1302.6689453125,-3.0702206755486405,1.6461439612897169,1.3039902574387183,2.325822479523137,0.8252422301426601,-1.4409301399352723,-1.0745406836065456,2.0820913453026884,2.6485890735945343,1.1519137387411904
86.0,20.0,1310.152587890625,-3.070092562236383,1.6280203967285347,1.3039902574387183,2.335149104688047,0.8861437880670933,-1.4516286369569933,-1.0745406836065456,2.079528090909516,2.6485890735945343,1.1519137387411904
86.0,20.0,1310.861328125,-3.074572216487933,1.6466990061207838,1.298629651583048,2.334696333584782,0.8972764386787195,-1.4435415193732326,-1.118976292393547,2.0797084561517343,2.6485890735945343,1.1518457817607828
86.0,20.0,1310.861328125,-3.074572216487933,1.6466990061207838,1.298629651583048,2.334696333584782,0.8972764386787195,-1.4435415193732326,-1.118976292393547,2.0797084561517343,2.6485890735945343,1.1518457817607828
86.0,20.0,1310.862548828125,-3.070092562236383,1.6461439612897169,1.3039902574387183,2.335149104688047,0.8876835924894613,-1.4516286369569933,-1.0745406836065456,2.079528090909516,2.6485890735945343,1.1519137387411904
86.0,20.0,1322.061279296875,-3.290164300565034,1.6340408280641476,1.298629651583048,2.334994815975556,0.8979534128904181,-1.4139883345082649,-1.118976292393547,1.7972643817613991,2.6486336463248152,1.1518457817607828
86.0,20.0,1324.402587890625,-3.299943006952589,1.6513015306148533,1.3286402681409686,2.252156801949218,0.929473441486118,-1.4487019600258306,-1.0650580019393447,1.9020078667953388,2.648555174880883,0.9843593870633328
86.0,20.0,1324.823486328125,-3.071775812727702,1.6461439612897169,1.3039902574387183,2.251412360026892,0.940306238977194,-1.440411242160024,-1.0922008585732788,1.9189238359220573,2.648553116813752,1.166348219603286
86.0,20.0,1325.30126953125,-3.284995701242164,1.653752718293103,1.3286402681409686,2.335609822463361,0.5839467801950844,-1.0841815812056737,-1.7849062530645652,1.9192058526054545,2.6485890735945343,1.127029677186243
86.0,20.0,1325.3851318359375,-3.071775812727702,1.6461439612897169,1.3039902574387183,2.251412360026892,0.940306238977194,-1.440411242160024,-1.0922008585732788,1.914577751002548,2.648553116813752,1.1669513970839085
86.0,20.0,1349.5985107421875,-3.070092562236383,1.6461439612897169,1.3039902574387183,2.335149104688047,0.8876835924894613,-1.4516286369569933,-1.0745406836065456,2.079528090909516,2.6485890735945343,0.8391603680954962
86.0,20.0,1352.987060546875,-3.082654265889028,2.174492622245501,0.0797392105344312,2.1284074219871902,0.3496021751839618,-1.9126992000107963,-0.6487759847966976,1.9308608936998672,2.661331088743566,1.6179175168476798
86.0,20.0,1354.2855224609375,-3.070092562236383,1.6461439612897169,1.3039902574387183,1.4943580562043048,0.9402134938399412,-1.4435415193732326,-1.0922008585732788,2.079528090909516,2.6485890735945343,1.1518457817607828
86.0,20.0,1355.77392578125,-3.08252615257677,2.174492622245501,0.0797392105344312,2.1377340471521005,0.3496021751839618,-1.923397697032517,-0.6487759847966976,1.9282976393066948,2.661331088743566,1.6179175168476798
86.0,20.0,1372.43212890625,-3.2842937521253943,1.6174613226860308,1.3286402681409686,2.335609822463361,0.9341481236161828,-1.0841815812056737,-1.7849062530645652,1.9189471357646823,2.6485890735945343,1.1095252077701616
86.0,20.0,1373.91748046875,-3.30807004567984,1.668538675386476,1.3286402681409686,2.3289395282586023,0.8349956119773618,-1.1074369840683362,-1.0919068351236172,2.082008045746324,2.648563250405534,1.1527648591596389
86.0,20.0,1376.59619140625,-3.075294762234509,1.2508802342485394,1.3294749160346782,2.335609822463361,0.8317754336386932,-1.0853126451412534,-1.7764844767534105,1.9189471357646823,2.6485890735945343,0.769858527152173
86.0,20.0,1378.271728515625,-3.284995701242164,1.654894916136462,1.3286402681409686,2.335609822463361,0.9341481236161828,-1.0841815812056737,-1.7849062530645652,1.9189471357646823,2.6485890735945343,1.127029677186243
86.0,20.0,1378.271728515625,-3.284995701242164,1.654894916136462,1.3286402681409686,2.335609822463361,0.9341481236161828,-1.0841815812056737,-1.7849062530645652,1.9189471357646823,2.6485890735945343,1.127029677186243
86.0,20.0,1378.765380859375,-3.284995701242164,1.2508802342485394,1.3286402681409686,2.335609822463361,0.831272806114767,-1.0853126451412534,-1.7764844767534105,1.9189471357646823,2.6485890735945343,1.127029677186243
86.0,20.0,1382.3519287109375,-3.278672714975124,1.653953860753318,1.3286402681409686,2.3355938144980914,0.9451714327134236,-1.0842124261595405,-1.7907615895870932,1.9189471357646823,2.6485890735945343,1.127029677186243
86.0,20.0,1383.447509765625,-3.3082885518053646,1.659723770537803,1.3286402681409686,2.2581979201732,0.832901012601766,-1.0816841426779584,-1.9360766305713704,1.9189471357646823,2.6477937861948333,0.9588369615124396
86.0,20.0,1384.55078125,-3.3082885518053646,1.659723770537803,1.3286402681409686,2.3351359203429847,0.832901012601766,-1.0816841426779584,-1.9360766305713704,1.9189471357646823,2.6477937861948333,0.9585946499710346
86.0,20.0,1387.29833984375,-3.08635867366273,1.6547346015759317,1.3245738492322023,2.333218447281069,0.9341481236161828,-1.0878435763710042,-1.772828621907789,1.919685795979428,2.6480350237809582,1.127029677186243
86.0,20.0,1395.6568603515625,-3.070092562236383,1.6461439612897169,1.3039902574387183,1.4914984702606646,0.9402134938399412,-1.4435415193732326,-1.088616074291885,1.813488825286696,2.647087947475012,1.1518457817607828
86.0,20.0,1403.513671875,-3.293920797073154,1.65149180968251,1.3286402681409686,2.2565134391088675,0.8302030642564027,-1.008317186825884,-1.9355402226585368,1.9206158255063173,2.6485724386417893,0.969834152738008
86.0,20.0,1403.927490234375,-3.292406760396987,1.65149180968251,1.3286402681409686,2.2565134391088675,0.8301407588974579,-1.008317186825884,-1.9356873166989912,1.9189471357646823,2.649350606440033,0.969834152738008
86.0,20.0,1405.936767578125,-3.30807004567984,1.248970705526577,1.3286402681409686,2.006337486949065,0.8347086901916352,-1.0837779791087954,-1.927358935989366,1.9189471357646823,2.647810069785556,1.119347221278474
86.0,20.0,1407.476806640625,-2.924420133587396,1.2343350715158006,1.3286402681409686,2.254637044423925,0.9359715026277226,-1.0078096741738765,-1.936040462845229,1.9998823909069552,2.6493097030665584,0.9662402739903015
86.0,20.0,1410.4061279296875,-3.299943006952589,1.2343350715158006,1.3286402681409686,2.33500711522031,0.9318502656911656,-1.0078096741738765,-1.936040462845229,1.9998823909069552,2.6493097030665584,0.971461853570834
86.0,20.0,1412.2681884765625,-3.27883179394903,1.659723770537803,1.3286402681409686,2.3351359203429847,0.9318582613921138,-1.0841823178823806,-1.9360741062747808,1.9189471357646823,2.647520239517834,0.9585946499710346
86.0,20.0,1412.978759765625,-3.284995701242164,1.6547346015759317,1.3286402681409686,2.335609822463361,0.9341481236161828,-1.0878435763710042,-1.9313372771742,1.9189471357646823,2.6485890735945343,1.127029677186243
86.0,20.0,1414.6197509765625,-2.884017618682891,1.2572203271050684,1.3281318849239474,2.2565134391088675,0.8300479979956701,-1.0078755031864597,-1.936041622739272,1.9189471357646823,2.644989827059829,0.9662771058788036
86.0,20.0,1414.959716796875,-2.8811633898674773,1.2632045871890816,1.3286402681409686,2.2565930667120706,0.8301431714335087,-1.012423318813352,-1.936041674415484,1.9189471357646823,2.648604096722096,0.9681939927439448
86.0,20.0,1415.285888671875,-3.08293543706324,1.632770930071886,-0.3626618806362416,2.1284074219871902,0.3348337445489108,-1.9371473479486008,-0.6500082214658769,1.911722210909495,2.6335346453657307,1.279620292682769
86.0,20.0,1415.285888671875,-3.08293543706324,1.632770930071886,-0.3626618806362416,2.1284074219871902,0.3348337445489108,-1.9371473479486008,-0.6500082214658769,1.911722210909495,2.6335346453657307,1.279620292682769
86.0,20.0,1416.495361328125,-3.27883179394903,1.6816195206793612,1.3286402681409686,2.3351519587322978,0.9318582613921138,-1.0841823178823806,-1.9360741062747808,1.9189471357646823,2.647520239517834,0.9611110204597
86.0,20.0,1416.652099609375,-3.267766420376496,1.290916302344885,1.3286402681409686,2.335609822463361,0.831272806114767,-1.0853126451412534,-1.9272076029038645,1.9189471357646823,2.6493362221714523,1.125873600506101
86.0,20.0,1416.721923828125,-2.8811633898674773,1.2572203271050684,1.3286402681409686,2.2565134391088675,0.8300479979956701,-1.0078755031864597,-1.936041622739272,1.9189471357646823,2.64938815647154,0.9662771058788036
86.0,20.0,1418.9404296875,-3.08252615257677,2.1756348200888604,0.0797392105344312,2.1377340471521005,0.9366931821872716,-1.923397697032517,-0.6487759847966976,1.9280389224659231,2.661331088743566,1.6179175168476798
86.0,20.0,1422.26123046875,-2.8838602041681978,1.2566322476020804,1.3281219797201964,2.3347143163363087,0.830965146854354,-1.0081642031236857,-1.9360778687881948,2.075521714802085,2.645831820970872,0.9590510538909128
86.0,20.0,1423.177001953125,-3.3723893207927893,1.2343350715158006,1.3286402681409686,2.33500711522031,0.9318502656911656,-1.0078096741738765,-1.936040462845229,1.9998823909069552,2.6493097030665584,0.971461853570834
86.0,20.0,1423.4248046875,-3.0770331050362945,1.6186558339270154,-0.2595737875722229,2.128104684566966,0.8904337695471619,-1.908778044485668,-0.7138748828811385,1.9420300878667225,2.669982702442248,1.5288975253972514
86.0,20.0,1423.831298828125,-3.0770331050362945,1.6186558339270154,-0.2595737875722229,2.1309642705106064,0.8904337695471619,-1.908778044485668,-0.7174596671625327,2.0273147602673864,2.6714838285617706,1.5288975253972514
86.0,20.0,1424.469970703125,-2.8838602041681978,1.2345234245673131,1.3281219797201964,2.3347143163363087,0.830965146854354,-1.0081642031236857,-1.9360778687881948,2.084884479787752,2.6451390300957733,0.9590322834364824
86.0,20.0,1424.691650390625,-3.2956661181019378,1.3172592624471189,1.3286402681409686,2.336728281828173,0.9330830695112108,-1.0014316591444452,-1.927358935989366,1.9189471357646823,2.6485890735945343,1.1168308507898086
86.0,20.0,1429.561767578125,-3.27883179394903,1.2475550530065072,1.2195752851929835,2.3351359203429847,0.828982943890698,-1.0853133818179603,-1.927652329963626,1.9189471357646823,2.6458072718895727,0.9587861079067148
86.0,21.0,1273.493408203125,-3.2937952961032453,1.646681505029903,1.303793726110807,2.254803660676186,0.8293902984476157,-1.4434960378232975,-1.0732993627122829,2.0755249503718813,2.6485890735945343,1.1519137387411904
86.0,21.0,1276.441162109375,-3.2799216145562946,1.6461439612897169,1.303155609545009,2.325822479523137,0.8247396026187338,-1.4409301399352723,-1.0745406836065456,2.0820913453026884,2.6485890735945343,1.1290854622418898
86.0,21.0,1286.864990234375,-3.292406760396987,1.6515364267056123,1.262631091446463,2.2567158510408465,0.5488004483669336,-1.008317186825884,-1.0646049369320123,1.9189471357646823,2.340261423093671,1.1389913977256576
86.0,21.0,1287.18701171875,-3.2937952961032453,1.6459992124615397,1.3038338191248964,2.254803660676186,0.8293902984476157,-1.4516286369569933,-1.0745406836065456,1.9298704312702688,2.6485890735945343,1.1519137387411904
86.0,21.0,1298.103759765625,-3.284913981597613,1.6340408280641476,1.298629651583048,2.3349940604311024,0.8979534128904181,-1.4045922750276632,-1.1221896129922064,1.9354847891391824,2.6485868967611665,1.1276301846364822
86.0,21.0,1302.5413818359375,-3.2937952961032453,1.6459992124615397,1.3222782918315332,2.254785563608637,0.9355476923483144,-1.4403409389943935,-1.0745406836065456,1.9298704312702688,2.6485894047406227,1.16636868390921
86.0,21.0,1302.6689453125,-3.0702206755486405,1.6461439612897169,1.3039902574387183,2.325822479523137,0.8252422301426601,-1.4409301399352723,-1.0745406836065456,2.0820913453026884,2.6485890735945343,1.1519137387411904
86.0,21.0,1310.152587890625,-3.070092562236383,1.6280203967285347,1.3039902574387183,2.335149104688047,0.8861437880670933,-1.4516286369569933,-1.0745406836065456,2.079528090909516,2.6485890735945343,1.1519137387411904
86.0,21.0,1310.861328125,-3.074572216487933,1.6466990061207838,1.298629651583048,2.334696333584782,0.8972764386787195,-1.4435415193732326,-1.118976292393547,2.0797084561517343,2.6485890735945343,1.1518457817607828
86.0,21.0,1310.861328125,-3.074572216487933,1.6466990061207838,1.298629651583048,2.334696333584782,0.8972764386787195,-1.4435415193732326,-1.118976292393547,2.0797084561517343,2.6485890735945343,1.1518457817607828
86.0,21.0,1310.862548828125,-3.070092562236383,1.6461439612897169,1.3039902574387183,2.335149104688047,0.8876835924894613,-1.4516286369569933,-1.0745406836065456,2.079528090909516,2.6485890735945343,1.1519137387411904
86.0,21.0,1310.862548828125,-3.070092562236383,1.6461439612897169,1.3039902574387183,2.335149104688047,0.8876835924894613,-1.4516286369569933,-1.0745406836065456,2.079528090909516,2.6485890735945343,1.1519137387411904
86.0,21.0,1310.9056396484375,-3.071775812727702,1.6461439612897169,1.3039902574387183,2.251430457094441,0.8341488450764954,-1.4516989401226237,-1.0922008585732788,1.9189238359220573,2.648552785667663,1.1518932744352663
86.0,21.0,1312.674072265625,-3.299987075173811,1.6513015306148533,1.330045155515596,2.252156801949218,0.929473441486118,-1.4488470347519624,-1.0645770227507727,2.082634308041195,2.648555174880883,0.9697607253803951
86.0,21.0,1313.33837890625,-3.073336789448142,1.582420316513739,1.329582369423172,2.3356225346881017,0.8332178214473674,-1.4139883345082649,-1.1082379785292304,1.9186953024639368,2.6486336463248152,1.1518457817607828
86.0,21.0,1320.989013671875,-3.292406760396987,1.6515364267056123,1.3291762674217529,2.336304443021132,0.947378934559896,-1.013391345045745,-1.0646049369320123,1.9189471357646823,2.340261423093671,1.138725118405649
86.0,21.0,1321.3548583984375,-3.0698873598351843,1.3649724336155558,1.303155609545009,2.325822479523137,0.8252337069741632,-1.4409301399352723,-1.0745406836065456,2.0820913453026884,2.6485890735945343,1.1290854622418898
86.0,21.0,1322.061279296875,-3.290164300565034,1.6340408280641476,1.298629651583048,2.334994815975556,0.8979534128904181,-1.4139883345082649,-1.118976292393547,1.7972643817613991,2.6486336463248152,1.1518457817607828
86.0,21.0,1322.5394287109375,-3.074572216487933,1.6181978073299503,1.298629651583048,2.3347027198386154,0.8972764386787195,-1.4435415193732326,-1.118976292393547,1.918360284065276,2.6485890735945343,1.1266683324365607
86.0,21.0,1323.36376953125,-3.070092562236383,1.6280203967285347,1.3039902574387183,2.468573197100693,0.8861437880670933,-1.4516286369569933,-1.0745406836065456,2.079528090909516,2.6485890735945343,1.1519137387411904
86.0,21.0,1324.402587890625,-3.299943006952589,1.6513015306148533,1.3286402681409686,2.252156801949218,0.929473441486118,-1.4487019600258306,-1.0650580019393447,1.9020078667953388,2.648555174880883,0.9843593870633328
86.0,21.0,1324.823486328125,-3.071775812727702,1.6461439612897169,1.3039902574387183,2.251412360026892,0.940306238977194,-1.440411242160024,-1.0922008585732788,1.9189238359220573,2.648553116813752,1.166348219603286
86.0,21.0,1325.30126953125,-3.284995701242164,1.653752718293103,1.3286402681409686,2.335609822463361,0.5839467801950844,-1.0841815812056737,-1.7849062530645652,1.9192058526054545,2.6485890735945343,1.127029677186243
86.0,21.0,1325.3851318359375,-3.071775812727702,1.6461439612897169,1.3039902574387183,2.251412360026892,0.940306238977194,-1.440411242160024,-1.0922008585732788,1.914577751002548,2.648553116813752,1.1669513970839085
86.0,21.0,1340.6287841796875,-3.070090162559277,1.6461439612897169,1.4660627903270895,2.335149104688047,0.8876835924894613,-1.4403274789528666,-1.0745406836065456,2.0819426194640265,2.6485890735945343,0.8391603680954962
86.0,21.0,1342.4215087890625,-3.284995701242164,1.653752718293103,1.3286402681409686,2.335609822463361,0.778461640601112,-1.0841815812056737,-1.7915795502776115,1.9192058526054545,2.648589249027858,1.1185416328487907
86.0,21.0,1342.8668212890625,-3.0710567832768945,1.6461439612897169,1.3012000398381545,2.649695217097997,0.8876835924894613,-1.4516286369569933,-0.910021631701539,1.998884985866868,2.526347128427496,0.8392465383704291
86.0,21.0,1349.035400390625,-3.071775812727702,1.6461439612897169,1.3818757888836763,2.251412360026892,0.7534970778368375,-1.440411242160024,-1.0922008585732788,2.34063156392796,2.860492414147928,1.1669513970839085
86.0,21.0,1349.5985107421875,-3.070092562236383,1.6461439612897169,1.3039902574387183,2.335149104688047,0.8876835924894613,-1.4516286369569933,-1.0745406836065456,2.079528090909516,2.6485890735945343,0.8391603680954962
86.0,21.0,1352.987060546875,-3.082654265889028,2.174492622245501,0.0797392105344312,2.1284074219871902,0.3496021751839618,-1.9126992000107963,-0.6487759847966976,1.9308608936998672,2.661331088743566,1.6179175168476798
86.0,21.0,1354.2855224609375,-3.070092562236383,1.6461439612897169,1.3039902574387183,1.4943580562043048,0.9402134938399412,-1.4435415193732326,-1.0922008585732788,2.079528090909516,2.6485890735945343,1.1518457817607828
86.0,21.0,1354.3817138671875,-3.2902460202095845,1.653752718293103,1.3286402681409686,2.3356105780078145,0.5839467801950844,-1.0935776406862752,-1.7816929324659054,1.7809854452276714,2.648635823158183,1.1512452743105432
86.0,21.0,1355.49755859375,-3.30807004567984,1.668538675386476,1.4392494538930738,2.3289395282586023,0.8349956119773618,-1.1074369840683362,-1.0919068351236172,2.082008045746324,2.648563250405534,1.1527648591596389
86.0,21.0,1355.77392578125,-3.08252615257677,2.174492622245501,0.0797392105344312,2.1377340471521005,0.3496021751839618,-1.923397697032517,-0.6487759847966976,1.9282976393066948,2.661331088743566,1.6179175168476798
86.0,21.0,1358.72802734375,-3.071775812727702,1.2318918898055466,1.5218238212632818,2.251412360026892,0.8287149108636913,-1.433565320342805,-1.0922008585732788,1.914577751002548,2.6485537763078963,0.7413399011000462
86.0,21.0,1360.905517578125,-2.927278089247056,1.6461439612897169,1.302585370064091,2.335149104688047,0.8876835924894613,-1.4514835622308615,-1.075021662795118,1.89890164966366,2.6485890735945343,1.1665124004241283
86.0,21.0,1372.43212890625,-3.2842937521253943,1.6174613226860308,1.3286402681409686,2.335609822463361,0.9341481236161828,-1.0841815812056737,-1.7849062530645652,1.9189471357646823,2.6485890735945343,1.1095252077701616
86.0,21.0,1372.7469482421875,-3.3082897701355143,1.659723770537803,1.3286402681409686,2.328619972361546,0.8328831982864299,-1.1070894058596092,-1.9077111480362727,1.9189471357646823,2.647794323528513,0.9585946499710346
86.0,21.0,1373.91748046875,-3.30807004567984,1.668538675386476,1.3286402681409686,2.3289395282586023,0.8349956119773618,-1.1074369840683362,-1.0919068351236172,2.082008045746324,2.648563250405534,1.1527648591596389
86.0,21.0,1376.59619140625,-3.075294762234509,1.2508802342485394,1.3294749160346782,2.335609822463361,0.8317754336386932,-1.0853126451412534,-1.7764844767534105,1.9189471357646823,2.6485890735945343,0.769858527152173
86.0,21.0,1378.271728515625,-3.284995701242164,1.654894916136462,1.3286402681409686,2.335609822463361,0.9341481236161828,-1.0841815812056737,-1.7849062530645652,1.9189471357646823,2.6485890735945343,1.127029677186243
86.0,21.0,1378.271728515625,-3.284995701242164,1.654894916136462,1.3286402681409686,2.335609822463361,0.9341481236161828,-1.0841815812056737,-1.7849062530645652,1.9189471357646823,2.6485890735945343,1.127029677186243
86.0,21.0,1378.765380859375,-3.284995701242164,1.2508802342485394,1.3286402681409686,2.335609822463361,0.831272806114767,-1.0853126451412534,-1.7764844767534105,1.9189471357646823,2.6485890735945343,1.127029677186243
86.0,21.0,1382.3519287109375,-3.278672714975124,1.653953860753318,1.3286402681409686,2.3355938144980914,0.9451714327134236,-1.0842124261595405,-1.7907615895870932,1.9189471357646823,2.6485890735945343,1.127029677186243
86.0,21.0,1383.447509765625,-3.3082885518053646,1.659723770537803,1.3286402681409686,2.2581979201732,0.832901012601766,-1.0816841426779584,-1.9360766305713704,1.9189471357646823,2.6477937861948333,0.9588369615124396
86.0,21.0,1383.495849609375,-3.30806882734969,1.668538675386476,1.3286402681409686,2.3354554762400404,0.8350134262926979,-1.0820317208866852,-1.120272317658714,2.082008045746324,2.648562713071854,1.1527648591596389
86.0,21.0,1384.55078125,-3.3082885518053646,1.659723770537803,1.3286402681409686,2.3351359203429847,0.832901012601766,-1.0816841426779584,-1.9360766305713704,1.9189471357646823,2.6477937861948333,0.9585946499710346
86.0,21.0,1387.29833984375,-3.08635867366273,1.6547346015759317,1.3245738492322023,2.333218447281069,0.9341481236161828,-1.0878435763710042,-1.772828621907789,1.919685795979428,2.6480350237809582,1.127029677186243
86.0,21.0,1389.03662109375,-3.074572216487933,1.6460167135524204,1.2986697445971374,2.334696333584782,0.8972764386787195,-1.4516741185069282,-0.6031905612980639,1.9340539370501213,2.6485890735945343,1.1518457817607828
86.0,21.0,1395.6568603515625,-3.070092562236383,1.6461439612897169,1.3039902574387183,1.4914984702606646,0.9402134938399412,-1.4435415193732326,-1.088616074291885,1.813488825286696,2.647087947475012,1.1518457817607828
86.0,22.0,1271.4310302734375,-3.290085916667715,1.646681505029903,1.303793726110807,2.254803660676186,0.8293902984476157,-1.4141739090300265,-1.119948668520664,2.083199743811487,2.64863276520899,1.1519137387411904
86.0,22.0,1273.236572265625,-3.2799216145562946,1.646000019983736,1.303155609545009,2.2542796048933216,0.8247380520733345,-1.4409301399352723,-1.0745406836065456,2.0820913453026884,2.6485890735945343,1.1286585052381812
86.0,22.0,1273.493408203125,-3.2937952961032453,1.646681505029903,1.303793726110807,2.254803660676186,0.8293902984476157,-1.4434960378232975,-1.0732993627122829,2.0755249503718813,2.6485890735945343,1.1519137387411904
86.0,22.0,1274.448486328125,-3.293367354836117,1.6461439612897169,1.321966875558612,2.326429358913124,0.8247396026187338,-1.4409301399352723,-1.0745406836065456,2.0820913453026884,2.6485890735945343,1.1633727225223038
86.0,22.0,1276.441162109375,-3.2799216145562946,1.6461439612897169,1.303155609545009,2.325822479523137,0.8247396026187338,-1.4409301399352723,-1.0745406836065456,2.0820913453026884,2.6485890735945343,1.1290854622418898
86.0,22.0,1286.864990234375,-3.292406760396987,1.6515364267056123,1.262631091446463,2.2567158510408465,0.5488004483669336,-1.008317186825884,-1.0646049369320123,1.9189471357646823,2.340261423093671,1.1389913977256576
86.0,22.0,1287.18701171875,-3.2937952961032453,1.6459992124615397,1.3038338191248964,2.254803660676186,0.8293902984476157,-1.4516286369569933,-1.0745406836065456,1.9298704312702688,2.6485890735945343,1.1519137387411904
86.0,22.0,1287.58056640625,-3.071775812727702,1.6281421946484744,1.5218238212632818,2.251412360026892,0.8287149108636913,-1.433568882789002,-1.0922008585732788,2.084971452552784,2.6485887591926605,1.1585342592316554
86.0,22.0,1287.818359375,-3.292406760396987,1.5831378016636737,1.262631091446463,2.2566541665614275,0.5563031471892901,-1.008317186825884,-1.0638258121405897,1.9189471357646823,2.3502314209946973,1.1389913977256576
86.0,22.0,1296.82958984375,-3.071789135216364,1.6461439612897169,1.301250680058998,2.251430457094441,0.8341488450764954,-1.4516989401226237,-1.087185339021576,1.9212645728140345,2.524788521847664,1.1518932744352663
86.0,22.0,1298.103759765625,-3.284913981597613,1.6340408280641476,1.298629651583048,2.3349940604311024,0.8979534128904181,-1.4045922750276632,-1.1221896129922064,1.9354847891391824,2.6485868967611665,1.1276301846364822
86.0,22.0,1298.5067138671875,-3.284913981597613,1.6340408280641476,1.298629651583048,2.3349940604311024,0.8979534128904181,-1.4115426921904353,-1.1221896129922064,1.9354847891391824,2.6485868967611665,1.1276301846364822
86.0,22.0,1302.5413818359375,-3.2937952961032453,1.6459992124615397,1.3222782918315332,2.254785563608637,0.9355476923483144,-1.4403409389943935,-1.0745406836065456,1.9298704312702688,2.6485894047406227,1.16636868390921
86.0,22.0,1302.6689453125,-3.0702206755486405,1.6461439612897169,1.3039902574387183,2.325822479523137,0.8252422301426601,-1.4409301399352723,-1.0745406836065456,2.0820913453026884,2.6485890735945343,1.1519137387411904
86.0,22.0,1310.0308837890625,-3.073336789448142,1.650818941555678,1.329582369423172,2.3356842191675207,0.825715122625011,-1.4139883345082649,-1.1090171033206535,1.9186953024639368,2.638663648423789,1.1518457817607828
86.0,22.0,1310.152587890625,-3.070092562236383,1.6280203967285347,1.3039902574387183,2.335149104688047,0.8861437880670933,-1.4516286369569933,-1.0745406836065456,2.079528090909516,2.6485890735945343,1.1519137387411904
86.0,22.0,1310.861328125,-3.074572216487933,1.6466990061207838,1.298629651583048,2.334696333584782,0.8972764386787195,-1.4435415193732326,-1.118976292393547,2.0797084561517343,2.6485890735945343,1.1518457817607828
86.0,22.0,1310.861328125,-3.074572216487933,1.6466990061207838,1.298629651583048,2.334696333584782,0.8972764386787195,-1.4435415193732326,-1.118976292393547,2.0797084561517343,2.6485890735945343,1.1518457817607828
86.0,22.0,1310.862548828125,-3.070092562236383,1.6461439612897169,1.3039902574387183,2.335149104688047,0.8876835924894613,-1.4516286369569933,-1.0745406836065456,2.079528090909516,2.6485890735945343,1.1519137387411904
86.0,22.0,1310.862548828125,-3.070092562236383,1.6461439612897169,1.3039902574387183,2.335149104688047,0.8876835924894613,-1.4516286369569933,-1.0745406836065456,2.079528090909516,2.6485890735945343,1.1519137387411904
86.0,22.0,1310.9056396484375,-3.071775812727702,1.6461439612897169,1.3039902574387183,2.251430457094441,0.8341488450764954,-1.4516989401226237,-1.0922008585732788,1.9189238359220573,2.648552785667663,1.1518932744352663
86.0,22.0,1311.6474609375,-3.071827989060062,1.6466951205484504,1.3039902574387183,2.25187666564904,0.8341488450764954,-1.4518023072474382,-1.0922008585732788,1.913652892462545,2.648552785667663,1.151846944840483
86.0,22.0,1312.674072265625,-3.299987075173811,1.6513015306148533,1.330045155515596,2.252156801949218,0.929473441486118,-1.4488470347519624,-1.0645770227507727,2.082634308041195,2.648555174880883,0.9697607253803951
86.0,22.0,1312.805419921875,-3.2937952961032453,1.6459992124615397,1.0606101926762777,2.254803660676186,0.8293902984476157,-1.4516286369569933,-1.0745406836065456,1.9298704312702688,2.6485890735945343,1.1519137387411904
86.0,22.0,1313.33837890625,-3.073336789448142,1.582420316513739,1.329582369423172,2.3356225346881017,0.8332178214473674,-1.4139883345082649,-1.1082379785292304,1.9186953024639368,2.6486336463248152,1.1518457817607828
86.0,22.0,1314.5687255859375,-3.070092562236383,1.6280203967285347,1.329851149079875,2.335149104688047,0.9296703807407692,-1.4486978314874612,-1.0745406836065456,2.082365857473633,2.648591108993468,1.129069536739542
86.0,22.0,1317.2059326171875,-3.070092562236383,1.6466785093567833,1.303994526044611,2.3430935421058927,0.8903635988815001,-1.4516286369569933,-1.0745406836065456,2.079528090909516,2.6485890735945343,1.2573739055971112
86.0,22.0,1320.989013671875,-3.292406760396987,1.6515364267056123,1.3291762674217529,2.336304443021132,0.947378934559896,-1.013391345045745,-1.0646049369320123,1.9189471357646823,2.340261423093671,1.138725118405649
86.0,22.0,1321.005126953125,-3.280349555823423,1.6459992124615397,1.3034670258179304,2.2541786842186498,0.9355476923483144,-1.4403409389943935,-1.0745406836065456,1.837710546783591,2.6485894047406227,1.1320814236287955
86.0,22.0,1321.3548583984375,-3.0698873598351843,1.3649724336155558,1.303155609545009,2.325822479523137,0.8252337069741632,-1.4409301399352723,-1.0745406836065456,2.0820913453026884,2.6485890735945343,1.1290854622418898
86.0,22.0,1322.061279296875,-3.290164300565034,1.6340408280641476,1.298629651583048,2.334994815975556,0.8979534128904181,-1.4139883345082649,-1.118976292393547,1.7972643817613991,2.6486336463248152,1.1518457817607828
86.0,22.0,1322.5394287109375,-3.074572216487933,1.6181978073299503,1.298629651583048,2.3347027198386154,0.8972764386787195,-1.4435415193732326,-1.118976292393547,1.918360284065276,2.6485890735945343,1.1266683324365607
86.0,22.0,1323.36376953125,-3.070092562236383,1.6280203967285347,1.3039902574387183,2.468573197100693,0.8861437880670933,-1.4516286369569933,-1.0745406836065456,2.079528090909516,2.6485890735945343,1.1519137387411904
86.0,22.0,1323.4364013671875,-3.070092562236383,1.617489964468473,1.3039902574387183,2.4672416234859647,0.8861437880670933,-1.4516286369569933,-1.0745406836065456,2.079528090909516,2.6485890735945343,1.1519137387411904
86.0,22.0,1323.4453125,-3.0815305082816664,1.6459992124615397,1.3222782918315332,2.333813210965571,0.9355476923483144,-1.440327255659834,-1.0745406836065456,1.934133874060155,2.648589072773206,1.16636868390921
86.0,22.0,1324.402587890625,-3.299943006952589,1.6513015306148533,1.3286402681409686,2.252156801949218,0.929473441486118,-1.4487019600258306,-1.0650580019393447,1.9020078667953388,2.648555174880883,0.9843593870633328
86.0,22.0,1324.823486328125,-3.071775812727702,1.6461439612897169,1.3039902574387183,2.251412360026892,0.940306238977194,-1.440411242160024,-1.0922008585732788,1.9189238359220573,2.648553116813752,1.166348219603286
86.0,22.0,1325.30126953125,-3.284995701242164,1.653752718293103,1.3286402681409686,2.335609822463361,0.5839467801950844,-1.0841815812056737,-1.7849062530645652,1.9192058526054545,2.6485890735945343,1.127029677186243
86.0,22.0,1325.3851318359375,-3.071775812727702,1.6461439612897169,1.3039902574387183,2.251412360026892,0.940306238977194,-1.440411242160024,-1.0922008585732788,1.914577751002548,2.648553116813752,1.1669513970839085
86.0,22.0,1326.02001953125,-3.2938736800005644,1.6340408280641476,1.298629651583048,2.334994815975556,0.8979534128904181,-1.443310463301536,-1.0723269865851657,1.7895895883217936,2.6485899547103595,1.1518457817607828
86.0,22.0,1338.4923095703125,-3.0698857130972583,1.6461439612897169,1.3039891646641877,2.496551542325813,0.8876835924894613,-1.4516286369569933,-1.0745406836065456,1.8993754716536424,2.6485890735945343,1.1519137387411904
86.0,22.0,1340.6287841796875,-3.070090162559277,1.6461439612897169,1.4660627903270895,2.335149104688047,0.8876835924894613,-1.4403274789528666,-1.0745406836065456,2.0819426194640265,2.6485890735945343,0.8391603680954962
86.0,22.0,1341.29736328125,-3.284995701242164,1.653752718293103,1.3286402681409686,2.335609822463361,0.778461640601112,-1.0841815812056737,-1.7846392094393522,1.9192058526054545,2.648589080486411,1.1186046006629866
86.0,22.0,1342.4215087890625,-3.284995701242164,1.653752718293103,1.3286402681409686,2.335609822463361,0.778461640601112,-1.0841815812056737,-1.7915795502776115,1.9192058526054545,2.648589249027858,1.1185416328487907
86.0,22.0,1342.8668212890625,-3.0710567832768945,1.6461439612897169,1.3012000398381545,2.649695217097997,0.8876835924894613,-1.4516286369569933,-0.910021631701539,1.998884985866868,2.526347128427496,0.8392465383704291
86.0,22.0,1343.1026611328125,-3.075294762234509,1.2508802342485394,1.3294749160346782,2.335609822463361,0.8317754336386932,-1.084872887340136,-1.7596614325039082,1.9189471357646823,2.3529204654172022,0.7679141289568537
86.0,22.0,1344.308837890625,-3.297083332112601,1.6462860979088834,1.305144638844976,2.2486345133159618,0.5488004483669336,-1.008317186825884,-1.5944537351943793,1.9173665375147524,2.647570766729616,1.1519557853279794
86.0,22.0,1347.840087890625,-2.937683238630472,1.6461431537675204,1.3038338191248964,2.3263465353060013,0.829391848993015,-1.4516286369569933,-1.0745406836065456,1.9298704312702688,2.6485890735945343,1.1523406957448992
86.0,22.0,1349.035400390625,-3.071775812727702,1.6461439612897169,1.3818757888836763,2.251412360026892,0.7534970778368375,-1.440411242160024,-1.0922008585732788,2.34063156392796,2.860492414147928,1.1669513970839085
86.0,22.0,1349.502685546875,-3.2734090100584914,1.2508802342485394,1.6315227008193705,2.335169420758896,0.8303534162939775,-1.0853126451412534,-1.7764844767534105,1.9193650391373405,2.6485890735945343,1.15242428496172
86.0,23.0,1271.4310302734375,-3.290085916667715,1.646681505029903,1.303793726110807,2.254803660676186,0.8293902984476157,-1.4141739090300265,-1.119948668520664,2.083199743811487,2.64863276520899,1.1519137387411904
86.0,23.0,1273.236572265625,-3.2799216145562946,1.646000019983736,1.303155609545009,2.2542796048933216,0.8247380520733345,-1.4409301399352723,-1.0745406836065456,2.0820913453026884,2.6485890735945343,1.1286585052381812
86.0,23.0,1273.493408203125,-3.2937952961032453,1.646681505029903,1.303793726110807,2.254803660676186,0.8293902984476157,-1.4434960378232975,-1.0732993627122829,2.0755249503718813,2.6485890735945343,1.1519137387411904
86.0,23.0,1273.9747314453125,-3.2939271446534875,1.651361877920063,1.303133333310878,2.2542796048933216,0.8247380520733345,-1.4533960488696482,-1.0745406836065456,2.0820913453026884,2.6485890735945343,1.1286585052381812
86.0,23.0,1274.448486328125,-3.293367354836117,1.6461439612897169,1.321966875558612,2.326429358913124,0.8247396026187338,-1.4409301399352723,-1.0745406836065456,2.0820913453026884,2.6485890735945343,1.1633727225223038
86.0,23.0,1276.441162109375,-3.2799216145562946,1.6461439612897169,1.303155609545009,2.325822479523137,0.8247396026187338,-1.4409301399352723,-1.0745406836065456,2.0820913453026884,2.6485890735945343,1.1290854622418898
86.0,23.0,1277.6788330078125,-3.2937952961032453,1.646681505029903,1.3303447182251726,2.334316261797763,0.8293902984476157,-1.4436352207848322,-0.9620972390454784,2.082438518836602,2.6485911648901297,1.1499734933731944
86.0,23.0,1285.59814453125,-3.2799216145562946,1.646000019983736,1.303155609545009,2.2542796048933216,0.8213700369061963,-1.4409301399352723,-1.0725390702576922,2.0820913453026884,2.6485890735945343,0.9917960556888464
86.0,23.0,1286.864990234375,-3.292406760396987,1.6515364267056123,1.262631091446463,2.2567158510408465,0.5488004483669336,-1.008317186825884,-1.0646049369320123,1.9189471357646823,2.340261423093671,1.1389913977256576
86.0,23.0,1286.864990234375,-3.292406760396987,1.6515364267056123,1.262631091446463,2.2567158510408465,0.5488004483669336,-1.008317186825884,-1.0646049369320123,1.9189471357646823,2.340261423093671,1.1389913977256576
86.0,23.0,1287.18701171875,-3.2937952961032453,1.6459992124615397,1.3038338191248964,2.254803660676186,0.8293902984476157,-1.4516286369569933,-1.0745406836065456,1.9298704312702688,2.6485890735945343,1.1519137387411904
86.0,23.0,1287.58056640625,-3.071775812727702,1.6281421946484744,1.5218238212632818,2.251412360026892,0.8287149108636913,-1.433568882789002,-1.0922008585732788,2.084971452552784,2.6485887591926605,1.1585342592316554
86.0,23.0,1287.818359375,-3.292406760396987,1.5831378016636737,1.262631091446463,2.2566541665614275,0.5563031471892901,-1.008317186825884,-1.0638258121405897,1.9189471357646823,2.3502314209946973,1.1389913977256576
86.0,23.0,1289.4013671875,-3.2799216145562946,1.6461439612897169,1.303155609545009,2.251694361385673,0.8247396026187338,-1.4409301399352723,-1.0745406836065456,2.387024836114116,2.6485890735945343,1.1290854622418898
86.0,23.0,1289.448974609375,-3.2938736800005644,1.6340408280641476,1.2985659895677326,2.3353266097484493,0.8957579175493888,-1.443291684887235,-1.0745183478862963,2.0563198362981163,2.6485899507588297,1.1506116796011203
86.0,23.0,1289.801025390625,-3.273435767357622,1.646000584854026,1.3034499620732392,2.251374797147648,0.8341488450764954,-1.4401503843470915,-1.0922008585732788,1.9103262111694383,2.648587462277168,1.1518932744352663
86.0,23.0,1296.82958984375,-3.071789135216364,1.6461439612897169,1.301250680058998,2.251430457094441,0.8341488450764954,-1.4516989401226237,-1.087185339021576,1.9212645728140345,2.524788521847664,1.1518932744352663
86.0,23.0,1296.82958984375,-3.071789135216364,1.6461439612897169,1.301250680058998,2.251430457094441,0.8341488450764954,-1.4516989401226237,-1.087185339021576,1.9212645728140345,2.524788521847664,1.1518932744352663
86.0,23.0,1296.9046630859375,-3.290085916667715,1.646681505029903,1.303793726110807,2.254803660676186,0.8293902984476157,-1.4141739090300265,-1.119948668520664,2.0727560953193804,2.43446665524619,1.1519137387411904
86.0,23.0,1297.0252685546875,-3.2937952961032453,1.6459992124615397,1.3038338191248964,2.4278731323940344,0.4547436062161828,-1.4516286369569933,-1.1340572690089172,1.9298704312702688,2.6485890735945343,1.1519137387411904
86.0,23.0,1297.687744140625,-3.097646335894588,1.6413505660188374,1.303793726110807,2.325811927768549,0.8298221519735566,-1.4434960378232975,-1.0734211096896344,2.0755249503718813,2.6485890735945343,1.1516419535479316
86.0,23.0,1298.103759765625,-3.284913981597613,1.6340408280641476,1.298629651583048,2.3349940604311024,0.8979534128904181,-1.4045922750276632,-1.1221896129922064,1.9354847891391824,2.6485868967611665,1.1276301846364822
86.0,23.0,1298.454345703125,-3.290903601919188,1.3703033726266216,1.303155609545009,2.254814212430774,0.8248018534482223,-1.4409301399352723,-1.074418936629194,2.0820913453026884,2.6485890735945343,1.1293572474351488
86.0,23.0,1298.5067138671875,-3.284913981597613,1.6340408280641476,1.298629651583048,2.3349940604311024,0.8979534128904181,-1.4115426921904353,-1.1221896129922064,1.9354847891391824,2.6485868967611665,1.1276301846364822
86.0,23.0,1298.5067138671875,-3.284913981597613,1.6340408280641476,1.298629651583048,2.3349940604311024,0.8979534128904181,-1.4115426921904353,-1.1221896129922064,1.9354847891391824,2.6485868967611665,1.1276301846364822
86.0,23.0,1302.5413818359375,-3.2937952961032453,1.6459992124615397,1.3222782918315332,2.254785563608637,0.9355476923483144,-1.4403409389943935,-1.0745406836065456,1.9298704312702688,2.6485894047406227,1.16636868390921
86.0,23.0,1302.6689453125,-3.0702206755486405,1.6461439612897169,1.3039902574387183,2.325822479523137,0.8252422301426601,-1.4409301399352723,-1.0745406836065456,2.0820913453026884,2.6485890735945343,1.1519137387411904
86.0,23.0,1303.1553955078125,-3.071789135216364,1.646143956263492,1.3011881175571545,2.326245635602891,0.8341488450764954,-1.4516989401226237,-1.087185339021576,1.9301265981590143,2.524788521847664,1.1523294106753297
86.0,23.0,1303.4183349609375,-3.074514686015556,1.6272718307312029,1.3036563968402244,2.248807351037871,0.8972764386787195,-1.4435415193732326,-1.1193508799942709,2.079582481712289,2.6485890735945343,1.1518457817607828
86.0,23.0,1305.7420654296875,-3.074572216487933,1.6466990061207838,1.298629651583048,2.2640148930832265,0.8972764386787195,-1.4435415193732326,-1.118976292393547,2.0797084561517343,2.6485890735945343,1.1518457817607828
86.0,23.0,1308.244384765625,-3.2799216145562946,1.6461439612897169,1.3032192715603244,2.3254906857502435,0.8269350979597629,-1.4409489183495732,-1.0723493223054148,1.8153610973263656,2.6485890775460645,1.130319564401552
86.0,23.0,1310.0308837890625,-3.073336789448142,1.650818941555678,1.329582369423172,2.3356842191675207,0.825715122625011,-1.4139883345082649,-1.1090171033206535,1.9186953024639368,2.638663648423789,1.1518457817607828
86.0,23.0,1310.031982421875,-3.073336789448142,1.650818941555678,1.329582369423172,2.3356842191675207,0.825715122625011,-1.4139883345082649,-1.1090171033206535,1.9186953024639368,2.638663648423789,1.1519371154234956
86.0,23.0,1310.152587890625,-3.070092562236383,1.6280203967285347,1.3039902574387183,2.335149104688047,0.8861437880670933,-1.4516286369569933,-1.0745406836065456,2.079528090909516,2.6485890735945343,1.1519137387411904
86.0,23.0,1310.8612060546875,-3.071775812727702,1.6461439612897169,1.3039902574387183,2.3255585752319043,0.8341488450764954,-1.4516989401226237,-1.0922008585732788,1.9189238359220573,2.453028968880694,1.1518932744352663
86.0,23.0,1310.861328125,-3.074572216487933,1.6466990061207838,1.298629651583048,2.334696333584782,0.8972764386787195,-1.4435415193732326,-1.118976292393547,2.0797084561517343,2.6485890735945343,1.1518457817607828
86.0,23.0,1310.861328125,-3.074572216487933,1.6466990061207838,1.298629651583048,2.334696333584782,0.8972764386787195,-1.4435415193732326,-1.118976292393547,2.0797084561517343,2.6485890735945343,1.1518457817607828
86.0,23.0,1310.862548828125,-3.070092562236383,1.6461439612897169,1.3039902574387183,2.335149104688047,0.8876835924894613,-1.4516286369569933,-1.0745406836065456,2.079528090909516,2.6485890735945343,1.1519137387411904
86.0,23.0,1310.862548828125,-3.070092562236383,1.6461439612897169,1.3039902574387183,2.335149104688047,0.8876835924894613,-1.4516286369569933,-1.0745406836065456,2.079528090909516,2.6485890735945343,1.1519137387411904
86.0,23.0,1310.862548828125,-3.070092562236383,1.6461439612897169,1.3039902574387183,2.335149104688047,0.8876835924894613,-1.4516286369569933,-1.0745406836065456,2.079528090909516,2.6485890735945343,1.1519137387411904
86.0,23.0,1310.862548828125,-3.070092562236383,1.6461439612897169,1.3039902574387183,2.335149104688047,0.8876835924894613,-1.4516286369569933,-1.0745406836065456,2.079528090909516,2.6485890735945343,1.1519137387411904
86.0,23.0,1310.9056396484375,-3.071775812727702,1.6461439612897169,1.3039902574387183,2.251430457094441,0.8341488450764954,-1.4516989401226237,-1.0922008585732788,1.9189238359220573,2.648552785667663,1.1518932744352663
86.0,23.0,1310.978759765625,-3.2939893418864723,1.645977615211523,1.0762038901251112,2.254803660676186,0.8293902984476157,-1.4508325462435927,-1.0745406836065456,1.9298704312702688,2.6485890735945343,1.1519137387411904
86.0,23.0,1311.345458984375,-3.070092562236383,1.6280203967285347,1.3033001569655094,2.25563650356647,0.9296703807407692,-1.448558648525927,-1.074596159297479,2.075452289008913,2.648589017697873,1.131009782107538
86.0,23.0,1311.6474609375,-3.071827989060062,1.6466951205484504,1.3039902574387183,2.25187666564904,0.8341488450764954,-1.4518023072474382,-1.0922008585732788,1.913652892462545,2.648552785667663,1.151846944840483
86.0,23.0,1312.36962890625,-3.2937952961032453,1.7698955416234528,1.3222782918315332,2.254785563608637,0.9355476923483144,-1.4403409389943935,-1.0745406836065456,1.919036356230724,2.6485894047406227,1.16636868390921
86.0,23.0,1312.674072265625,-3.299987075173811,1.6513015306148533,1.330045155515596,2.252156801949218,0.929473441486118,-1.4488470347519624,-1.0645770227507727,2.082634308041195,2.648555174880883,0.9697607253803951
86.0,23.0,1312.674072265625,-3.299987075173811,1.6513015306148533,1.330045155515596,2.252156801949218,0.929473441486118,-1.4488470347519624,-1.0645770227507727,2.082634308041195,2.648555174880883,0.9697607253803951
86.0,23.0,1312.805419921875,-3.2937952961032453,1.6459992124615397,1.0606101926762777,2.254803660676186,0.8293902984476157,-1.4516286369569933,-1.0745406836065456,1.9298704312702688,2.6485890735945343,1.1519137387411904
86.0,23.0,1313.33837890625,-3.073336789448142,1.582420316513739,1.329582369423172,2.3356225346881017,0.8332178214473674,-1.4139883345082649,-1.1082379785292304,1.9186953024639368,2.6486336463248152,1.1518457817607828
86.0,24.0,1257.004150390625,-3.2799216145562946,1.646000019983736,1.5343353032298157,2.2543551254680083,0.8247380520733345,-1.4339124024151668,-1.074778196162807,2.0820913453026884,2.6485890735945343,1.138783048059762
86.0,24.0,1257.8267822265625,-3.2799216145562946,1.646000019983736,1.5251679162752516,2.2517147038976706,0.8213700369061963,-1.4409301399352723,-1.0725390702576922,2.0820913453026884,2.6485890735945343,1.1225687457362186
86.0,24.0,1259.484130859375,-3.292458820152187,1.6513639140532803,1.303133333310878,2.2542796048933216,0.543835598382973,-1.4533960488696482,-1.0745406836065456,2.0820913453026884,2.6485890735945343,1.1286585052381812
86.0,24.0,1271.4310302734375,-3.290085916667715,1.646681505029903,1.303793726110807,2.254803660676186,0.8293902984476157,-1.4141739090300265,-1.119948668520664,2.083199743811487,2.64863276520899,1.1519137387411904
86.0,24.0,1271.4984130859375,-3.2937952961032453,1.6518702591725376,1.303793726110807,2.254803660676186,0.8293902984476157,-1.4434960378232975,-1.0642657837165148,2.111053648493764,2.625917724217355,1.1519137387411904
86.0,24.0,1273.236572265625,-3.2799216145562946,1.646000019983736,1.303155609545009,2.2542796048933216,0.8247380520733345,-1.4409301399352723,-1.0745406836065456,2.0820913453026884,2.6485890735945343,1.1286585052381812
86.0,24.0,1273.493408203125,-3.2937952961032453,1.646681505029903,1.303793726110807,2.254803660676186,0.8293902984476157,-1.4434960378232975,-1.0732993627122829,2.0755249503718813,2.6485890735945343,1.1519137387411904
86.0,24.0,1273.73046875,-3.2937952961032453,1.6459992124615397,1.3038338191248964,2.254803660676186,0.829612842467057,-1.4516286369569933,-1.0745406836065456,2.087803424954986,2.6485890735945343,1.1518984613435597
86.0,24.0,1273.9747314453125,-3.2939271446534875,1.651361877920063,1.303133333310878,2.2542796048933216,0.8247380520733345,-1.4533960488696482,-1.0745406836065456,2.0820913453026884,2.6485890735945343,1.1286585052381812
86.0,24.0,1274.448486328125,-3.293367354836117,1.6461439612897169,1.321966875558612,2.326429358913124,0.8247396026187338,-1.4409301399352723,-1.0745406836065456,2.0820913453026884,2.6485890735945343,1.1633727225223038
86.0,24.0,1276.441162109375,-3.2799216145562946,1.6461439612897169,1.303155609545009,2.325822479523137,0.8247396026187338,-1.4409301399352723,-1.0745406836065456,2.0820913453026884,2.6485890735945343,1.1290854622418898
86.0,24.0,1277.6788330078125,-3.2937952961032453,1.646681505029903,1.3303447182251726,2.334316261797763,0.8293902984476157,-1.4436352207848322,-0.9620972390454784,2.082438518836602,2.6485911648901297,1.1499734933731944
86.0,24.0,1278.216064453125,-3.2799216145562946,1.6461439612897169,1.303155609545009,2.33515966720063,0.8247396026187338,-1.443254161331186,-1.0745195170336534,2.0566219961303784,2.648589917101734,1.1290854622418898
86.0,24.0,1281.927001953125,-3.27958742203214,1.6460001038737506,1.3038338191248964,2.2652350107230284,0.4547436062161828,-1.4514722596459495,-1.1340572690089172,1.9298704312702688,2.6485890735945343,1.1519137387411904
86.0,24.0,1285.59814453125,-3.2799216145562946,1.646000019983736,1.303155609545009,2.2542796048933216,0.8213700369061963,-1.4409301399352723,-1.0725390702576922,2.0820913453026884,2.6485890735945343,0.9917960556888464
86.0,24.0,1285.6630859375,-3.2799216145562946,1.6344502514834651,1.303155609545009,2.2478467332664374,0.8220039868172878,-1.4409301399352723,-1.0725390702576922,2.057219749894194,2.648589076326296,0.9929491238776884
86.0,24.0,1286.023681640625,-3.294004846080801,1.634948903919321,1.303133333310878,2.2542796048933216,0.8247380520733345,-1.4519607404460757,-1.1220844015292777,1.9460399447802672,2.6485868994826203,1.1286585052381812
86.0,24.0,1286.2447509765625,-3.292406760396987,1.498582638813079,1.262631091446463,2.2567158510408465,0.5488004483669336,-1.008317186825884,-1.0646049369320123,1.9189471357646823,2.340261423093671,1.1389913977256576
86.0,24.0,1286.864990234375,-3.292406760396987,1.6515364267056123,1.262631091446463,2.2567158510408465,0.5488004483669336,-1.008317186825884,-1.0646049369320123,1.9189471357646823,2.340261423093671,1.1389913977256576
86.0,24.0,1286.864990234375,-3.292406760396987,1.6515364267056123,1.262631091446463,2.2567158510408465,0.5488004483669336,-1.008317186825884,-1.0646049369320123,1.9189471357646823,2.340261423093671,1.1389913977256576
86.0,24.0,1287.18701171875,-3.2937952961032453,1.6459992124615397,1.3038338191248964,2.254803660676186,0.8293902984476157,-1.4516286369569933,-1.0745406836065456,1.9298704312702688,2.6485890735945343,1.1519137387411904
86.0,24.0,1287.58056640625,-3.071775812727702,1.6281421946484744,1.5218238212632818,2.251412360026892,0.8287149108636913,-1.433568882789002,-1.0922008585732788,2.084971452552784,2.6485887591926605,1.1585342592316554
86.0,24.0,1287.818359375,-3.292406760396987,1.5831378016636737,1.262631091446463,2.2566541665614275,0.5563031471892901,-1.008317186825884,-1.0638258121405897,1.9189471357646823,2.3502314209946973,1.1389913977256576
86.0,24.0,1288.8927001953125,-3.2848362801703,1.6504538020648896,1.298629651583048,2.3349940604311024,0.8979534128904181,-1.4060275834512357,-1.0746458950694748,2.071536189661604,2.6485890708730806,1.1276301846364822
86.0,24.0,1288.9169921875,-3.0761960602322334,1.6461439612897169,1.3039902574387183,2.3200571957417293,0.8341488450764954,-1.414536192977934,-0.960225165252702,1.9189238359220573,2.453028968880694,1.1519133807403503
86.0,24.0,1289.4013671875,-3.2799216145562946,1.6461439612897169,1.303155609545009,2.251694361385673,0.8247396026187338,-1.4409301399352723,-1.0745406836065456,2.387024836114116,2.6485890735945343,1.1290854622418898
86.0,24.0,1289.448974609375,-3.2938736800005644,1.6340408280641476,1.2985659895677326,2.3353266097484493,0.8957579175493888,-1.443291684887235,-1.0745183478862963,2.0563198362981163,2.6485899507588297,1.1506116796011203
86.0,24.0,1289.801025390625,-3.273435767357622,1.646000584854026,1.3034499620732392,2.251374797147648,0.8341488450764954,-1.4401503843470915,-1.0922008585732788,1.9103262111694383,2.648587462277168,1.1518932744352663
86.0,24.0,1289.9473876953125,-3.071789135216364,1.6339019660478604,1.2985894265515905,2.251430457094441,0.8341488450764954,-1.4069795511241163,-1.120805957943515,1.9212645728140345,2.524788521847664,1.1518372700586694
86.0,24.0,1290.2755126953125,-3.2937952961032453,1.6466780633598528,1.3038338191248964,2.429203426960977,0.4029070734046267,-1.4516286369569933,-1.1340572690089172,2.0768338535006583,2.6485890735945343,1.1518791145923246
86.0,24.0,1291.168212890625,-3.273435767357622,1.646000584854026,1.298907634741802,2.251374797147648,0.835770730815496,-1.4407888741217956,-1.0922008585732788,1.909305227365601,2.648586872254432,1.127631729087342
86.0,24.0,1292.490478515625,-3.284609796287486,1.4258095939176234,1.298629651583048,2.2617548444176547,0.8979823475397244,-1.4115426921904353,-1.122345428051014,2.086171135934103,2.6485889573719343,1.1276301846364822
86.0,24.0,1294.88232421875,-3.071775812727702,1.6458497597987547,1.522509397258307,2.3261515752692112,0.8254897831097214,-1.433568882789002,-1.0745266566704894,2.0819726393867817,2.6485887591926605,1.1585342592316554
86.0,24.0,1296.1875,-3.0702206755486405,1.6284363961394366,1.3033046814436933,2.251083264280817,0.82846735789663,-1.4409301399352723,-1.0922148855093352,2.0850901584686903,2.6485890735945343,1.1519137387411904
86.0,24.0,1296.4434814453125,-3.284913981597613,1.6340408280641476,1.303171978914485,2.3349940604311024,0.8963315271514174,-1.403953785252959,-1.1221896129922064,1.9365057729430195,2.6485874867839025,1.1518917299844067
86.0,24.0,1296.82958984375,-3.071789135216364,1.6461439612897169,1.301250680058998,2.251430457094441,0.8341488450764954,-1.4516989401226237,-1.087185339021576,1.9212645728140345,2.524788521847664,1.1518932744352663
86.0,24.0,1296.82958984375,-3.071789135216364,1.6461439612897169,1.301250680058998,2.251430457094441,0.8341488450764954,-1.4516989401226237,-1.087185339021576,1.9212645728140345,2.524788521847664,1.1518932744352663
86.0,24.0,1296.9046630859375,-3.290085916667715,1.646681505029903,1.303793726110807,2.254803660676186,0.8293902984476157,-1.4141739090300265,-1.119948668520664,2.0727560953193804,2.43446665524619,1.1519137387411904
86.0,24.0,1297.0252685546875,-3.2937952961032453,1.6459992124615397,1.3038338191248964,2.4278731323940344,0.4547436062161828,-1.4516286369569933,-1.1340572690089172,1.9298704312702688,2.6485890735945343,1.1519137387411904
86.0,24.0,1297.687744140625,-3.097646335894588,1.6413505660188374,1.303793726110807,2.325811927768549,0.8298221519735566,-1.4434960378232975,-1.0734211096896344,2.0755249503718813,2.6485890735945343,1.1516419535479316
86.0,24.0,1298.103759765625,-3.284913981597613,1.6340408280641476,1.298629651583048,2.3349940604311024,0.8979534128904181,-1.4045922750276632,-1.1221896129922064,1.9354847891391824,2.6485868967611665,1.1276301846364822
86.0,24.0,1298.454345703125,-3.290903601919188,1.3703033726266216,1.303155609545009,2.254814212430774,0.8248018534482223,-1.4409301399352723,-1.074418936629194,2.0820913453026884,2.6485890735945343,1.1293572474351488
86.0,24.0,1298.5067138671875,-3.284913981597613,1.6340408280641476,1.298629651583048,2.3349940604311024,0.8979534128904181,-1.4115426921904353,-1.1221896129922064,1.9354847891391824,2.6485868967611665,1.1276301846364822
86.0,24.0,1298.5067138671875,-3.284913981597613,1.6340408280641476,1.298629651583048,2.3349940604311024,0.8979534128904181,-1.4115426921904353,-1.1221896129922064,1.9354847891391824,2.6485868967611665,1.1276301846364822
86.0,24.0,1299.0546875,-3.0755028936678936,1.646681505029903,1.3423617491284776,2.333480128886658,0.8293902984476157,-1.4141739090300265,-1.1199413452479785,2.083261012980042,2.648590109401389,1.1519137387411904
86.0,24.0,1302.114013671875,-3.2799216145562946,1.6461439612897169,1.303155609545009,2.254259262381325,0.8247396026187338,-1.4409301399352723,-1.0745406836065456,2.387024836114116,2.6485890735945343,0.9983127721945176
86.0,24.0,1302.5413818359375,-3.2937952961032453,1.6459992124615397,1.3222782918315332,2.254785563608637,0.9355476923483144,-1.4403409389943935,-1.0745406836065456,1.9298704312702688,2.6485894047406227,1.16636868390921
86.0,24.0,1302.6689453125,-3.0702206755486405,1.6461439612897169,1.3039902574387183,2.325822479523137,0.8252422301426601,-1.4409301399352723,-1.0745406836065456,2.0820913453026884,2.6485890735945343,1.1519137387411904
86.0,24.0,1303.1553955078125,-3.071789135216364,1.646143956263492,1.3011881175571545,2.326245635602891,0.8341488450764954,-1.4516989401226237,-1.087185339021576,1.9301265981590143,2.524788521847664,1.1523294106753297
86.0,24.0,1303.4183349609375,-3.074514686015556,1.6272718307312029,1.3036563968402244,2.248807351037871,0.8972764386787195,-1.4435415193732326,-1.1193508799942709,2.079582481712289,2.6485890735945343,1.1518457817607828
86.0,25.0,1257.004150390625,-3.2799216145562946,1.646000019983736,1.5343353032298157,2.2543551254680083,0.8247380520733345,-1.4339124024151668,-1.074778196162807,2.0820913453026884,2.6485890735945343,1.138783048059762
86.0,25.0,1257.8267822265625,-3.2799216145562946,1.646000019983736,1.5251679162752516,2.2517147038976706,0.8213700369061963,-1.4409301399352723,-1.0725390702576922,2.0820913453026884,2.6485890735945343,1.1225687457362186
86.0,25.0,1257.8267822265625,-3.2799216145562946,1.646000019983736,1.5251679162752516,2.2517147038976706,0.8213700369061963,-1.4409301399352723,-1.0725390702576922,2.0820913453026884,2.6485890735945343,1.1225687457362186
86.0,25.0,1259.484130859375,-3.292458820152187,1.6513639140532803,1.303133333310878,2.2542796048933216,0.543835598382973,-1.4533960488696482,-1.0745406836065456,2.0820913453026884,2.6485890735945343,1.1286585052381812
86.0,25.0,1259.8795166015625,-3.2938153090775644,1.645600293947751,1.303158147572735,2.2542743215194125,0.543835598382973,-1.4533960488696482,-1.0745406836065456,2.082286837507081,2.6485890735945343,1.1284966241194834
86.0,25.0,1266.380615234375,-3.294244182604668,1.646000019983736,1.5251679162752516,2.2517147038976706,0.4470929910359985,-1.4409301399352723,-1.1301455790338106,2.076816622555965,2.6485890735945343,1.1225687457362186
86.0,25.0,1271.4310302734375,-3.290085916667715,1.646681505029903,1.303793726110807,2.254803660676186,0.8293902984476157,-1.4141739090300265,-1.119948668520664,2.083199743811487,2.64863276520899,1.1519137387411904
86.0,25.0,1271.4984130859375,-3.2937952961032453,1.6518702591725376,1.303793726110807,2.254803660676186,0.8293902984476157,-1.4434960378232975,-1.0642657837165148,2.111053648493764,2.625917724217355,1.1519137387411904
86.0,25.0,1271.8638916015625,-3.290085916667715,1.634014663583932,1.303793726110807,2.254803660676186,0.8293902984476157,-1.4141368075287422,-1.119948668520664,2.083199743811487,2.64863276520899,1.1277800768181665
86.0,25.0,1272.419677734375,-3.2939271446534875,1.651361877920063,1.303133333310878,2.254803096301341,0.8247380520733345,-1.4434735462951556,-1.0745406836065456,2.1105929270035,2.648103191801328,1.1286585052381812
86.0,25.0,1272.7235107421875,-3.297580656524272,1.6283325190449494,1.3035371799135975,2.251519418368134,0.8293902984476157,-1.4434960378232975,-1.092776220631749,2.0848963210434595,2.625208661347754,1.1519137387411904
86.0,25.0,1273.236572265625,-3.2799216145562946,1.646000019983736,1.303155609545009,2.2542796048933216,0.8247380520733345,-1.4409301399352723,-1.0745406836065456,2.0820913453026884,2.6485890735945343,1.1286585052381812
86.0,25.0,1273.2874755859375,-3.2799216145562946,1.646000019983736,1.294511459693477,2.2543551254680083,0.8247380520733345,-1.4339124024151668,-1.1359906737509116,2.0820913453026884,2.6485890735945343,1.1510304003312668
86.0,25.0,1273.493408203125,-3.2937952961032453,1.646681505029903,1.303793726110807,2.254803660676186,0.8293902984476157,-1.4434960378232975,-1.0732993627122829,2.0755249503718813,2.6485890735945343,1.1519137387411904
86.0,25.0,1273.493408203125,-3.2937952961032453,1.646681505029903,1.303793726110807,2.254803660676186,0.8293902984476157,-1.4434960378232975,-1.0732993627122829,2.0755249503718813,2.6485890735945343,1.1519137387411904
86.0,25.0,1273.73046875,-3.2937952961032453,1.6459992124615397,1.3038338191248964,2.254803660676186,0.829612842467057,-1.4516286369569933,-1.0745406836065456,2.087803424954986,2.6485890735945343,1.1518984613435597
86.0,25.0,1273.7606201171875,-3.292438807177868,1.6517628325670688,1.3038090048630393,2.254808944050096,0.829612842467057,-1.4516286369569933,-1.0745406836065456,2.087607932750593,2.6485890735945343,1.1520603424622573
86.0,25.0,1273.9747314453125,-3.2939271446534875,1.651361877920063,1.303133333310878,2.2542796048933216,0.8247380520733345,-1.4533960488696482,-1.0745406836065456,2.0820913453026884,2.6485890735945343,1.1286585052381812
86.0,25.0,1274.2412109375,-3.2938687183653106,1.6343454016217387,1.298180782245516,2.254803660676186,0.829612842467057,-1.4513711033173389,-1.0745406836065456,2.087803424954986,2.6485889971771304,1.150613495355507
86.0,25.0,1274.448486328125,-3.293367354836117,1.6461439612897169,1.321966875558612,2.326429358913124,0.8247396026187338,-1.4409301399352723,-1.0745406836065456,2.0820913453026884,2.6485890735945343,1.1633727225223038
86.0,25.0,1274.448486328125,-3.293367354836117,1.6461439612897169,1.321966875558612,2.326429358913124,0.8247396026187338,-1.4409301399352723,-1.0745406836065456,2.0820913453026884,2.6485890735945343,1.1633727225223038
86.0,25.0,1276.22314453125,-3.279468723987689,1.646144940056293,1.3217859292824807,2.326429358913124,0.8247396026187338,-1.4409830937833463,-1.1343964683533128,2.0820913453026884,2.6485890735945343,1.163389313649076
86.0,25.0,1276.334228515625,-3.2799216145562946,1.6508948419340914,1.3031564698627645,2.323845170471131,0.824739494855525,-1.4409301399352723,-1.0745406836065456,2.0820913453026884,2.6485890735945343,1.129056461113342
86.0,25.0,1276.441162109375,-3.2799216145562946,1.6461439612897169,1.303155609545009,2.325822479523137,0.8247396026187338,-1.4409301399352723,-1.0745406836065456,2.0820913453026884,2.6485890735945343,1.1290854622418898
86.0,25.0,1277.6788330078125,-3.2937952961032453,1.646681505029903,1.3303447182251726,2.334316261797763,0.8293902984476157,-1.4436352207848322,-0.9620972390454784,2.082438518836602,2.6485911648901297,1.1499734933731944
86.0,25.0,1278.216064453125,-3.2799216145562946,1.6461439612897169,1.303155609545009,2.33515966720063,0.8247396026187338,-1.443254161331186,-1.0745195170336534,2.0566219961303784,2.648589917101734,1.1290854622418898
86.0,25.0,1279.039306640625,-3.289973169096651,1.646681505029903,1.3303447182251726,2.334316261797763,0.8293902984476157,-1.413188955692882,-0.9618473846357392,2.082438518836602,2.6485911648901297,1.151920593694753
86.0,25.0,1280.6033935546875,-3.27958742203214,1.6460001038737506,1.5436576626612348,2.2652350107230284,0.4547436062161828,-1.4514722596459495,-1.0728447914208123,1.9298704312702688,2.6485890735945343,1.1396663864696857
86.0,25.0,1281.927001953125,-3.27958742203214,1.6460001038737506,1.3038338191248964,2.2652350107230284,0.4547436062161828,-1.4514722596459495,-1.1340572690089172,1.9298704312702688,2.6485890735945343,1.1519137387411904
86.0,25.0,1283.9400634765625,-3.293486052880568,1.6459991251071744,1.3040147654010277,2.2652350107230284,0.4547436062161828,-1.4514193057978757,-0.996561695644642,1.9298704312702688,2.6485890735945343,1.1518971476144184
86.0,25.0,1285.59814453125,-3.2799216145562946,1.646000019983736,1.303155609545009,2.2542796048933216,0.8213700369061963,-1.4409301399352723,-1.0725390702576922,2.0820913453026884,2.6485890735945343,0.9917960556888464
86.0,25.0,1285.6630859375,-3.2799216145562946,1.6344502514834651,1.303155609545009,2.2478467332664374,0.8220039868172878,-1.4409301399352723,-1.0725390702576922,2.057219749894194,2.648589076326296,0.9929491238776884
86.0,25.0,1286.023681640625,-3.294004846080801,1.634948903919321,1.303133333310878,2.2542796048933216,0.8247380520733345,-1.4519607404460757,-1.1220844015292777,1.9460399447802672,2.6485868994826203,1.1286585052381812
86.0,25.0,1286.2447509765625,-3.292406760396987,1.498582638813079,1.262631091446463,2.2567158510408465,0.5488004483669336,-1.008317186825884,-1.0646049369320123,1.9189471357646823,2.340261423093671,1.1389913977256576
86.0,25.0,1286.864990234375,-3.292406760396987,1.6515364267056123,1.262631091446463,2.2567158510408465,0.5488004483669336,-1.008317186825884,-1.0646049369320123,1.9189471357646823,2.340261423093671,1.1389913977256576
86.0,25.0,1286.864990234375,-3.292406760396987,1.6515364267056123,1.262631091446463,2.2567158510408465,0.5488004483669336,-1.008317186825884,-1.0646049369320123,1.9189471357646823,2.340261423093671,1.1389913977256576
86.0,25.0,1287.18701171875,-3.2937952961032453,1.6459992124615397,1.3038338191248964,2.254803660676186,0.8293902984476157,-1.4516286369569933,-1.0745406836065456,1.9298704312702688,2.6485890735945343,1.1519137387411904
86.0,25.0,1287.18701171875,-3.2937952961032453,1.6459992124615397,1.3038338191248964,2.254803660676186,0.8293902984476157,-1.4516286369569933,-1.0745406836065456,1.9298704312702688,2.6485890735945343,1.1519137387411904
86.0,25.0,1287.3023681640625,-3.2799216145562946,1.646000019983736,1.303155609545009,2.2542796048933216,0.8248376243435783,-1.4409301399352723,-1.0745406836065456,2.370703345873874,2.6485890735945343,1.127709801805998
86.0,25.0,1287.58056640625,-3.071775812727702,1.6281421946484744,1.5218238212632818,2.251412360026892,0.8287149108636913,-1.433568882789002,-1.0922008585732788,2.084971452552784,2.6485887591926605,1.1585342592316554
86.0,25.0,1287.818359375,-3.292406760396987,1.5831378016636737,1.262631091446463,2.2566541665614275,0.5563031471892901,-1.008317186825884,-1.0638258121405897,1.9189471357646823,2.3502314209946973,1.1389913977256576
86.0,25.0,1288.858154296875,-3.2938002577384995,1.6456946389039486,1.304219026447113,2.3353266097484493,0.8957579175493888,-1.44354921852689,-1.0745183478862963,2.0563198362981163,2.6485900271762333,1.1518966455891733
86.0,25.0,1288.8927001953125,-3.2848362801703,1.6504538020648896,1.298629651583048,2.3349940604311024,0.8979534128904181,-1.4060275834512357,-1.0746458950694748,2.071536189661604,2.6485890708730806,1.1276301846364822
86.0,25.0,1288.9169921875,-3.0761960602322334,1.6461439612897169,1.3039902574387183,2.3200571957417293,0.8341488450764954,-1.414536192977934,-0.960225165252702,1.9189238359220573,2.453028968880694,1.1519133807403503
86.0,25.0,1289.4013671875,-3.2799216145562946,1.6461439612897169,1.303155609545009,2.251694361385673,0.8247396026187338,-1.4409301399352723,-1.0745406836065456,2.387024836114116,2.6485890735945343,1.1290854622418898
86.0,25.0,1289.448974609375,-3.2938736800005644,1.6340408280641476,1.2985659895677326,2.3353266097484493,0.8957579175493888,-1.443291684887235,-1.0745183478862963,2.0563198362981163,2.6485899507588297,1.1506116796011203
86.0,25.0,1289.570556640625,-3.2940346334734927,1.646000584854026,1.303146298001104,2.251241824579505,0.8247084906628054,-1.451730126762016,-1.0922008585732788,1.9100306284562416,2.6485875065727846,1.1528208662530053
86.0,25.0,1289.801025390625,-3.273435767357622,1.646000584854026,1.3034499620732392,2.251374797147648,0.8341488450764954,-1.4401503843470915,-1.0922008585732788,1.9103262111694383,2.648587462277168,1.1518932744352663
86.0,25.0,1289.9473876953125,-3.071789135216364,1.6339019660478604,1.2985894265515905,2.251430457094441,0.8341488450764954,-1.4069795511241163,-1.120805957943515,1.9212645728140345,2.524788521847664,1.1518372700586694
86.0,25.0,1290.2755126953125,-3.2937952961032453,1.6466780633598528,1.3038338191248964,2.429203426960977,0.4029070734046267,-1.4516286369569933,-1.1340572690089172,2.0768338535006583,2.6485890735945343,1.1518791145923246
86.0,26.0,1256.999755859375,-3.2799216145562946,1.646000019983736,1.5343353032298157,2.254276339081363,0.8247380520733345,-1.4339124024151668,-1.0748234194712334,2.0820913453026884,2.6485890735945343,1.138783048059762
86.0,26.0,1257.004150390625,-3.2799216145562946,1.646000019983736,1.5343353032298157,2.2543551254680083,0.8247380520733345,-1.4339124024151668,-1.074778196162807,2.0820913453026884,2.6485890735945343,1.138783048059762
86.0,26.0,1257.184326171875,-3.293011923794845,1.6458503559177726,1.5251679162752516,2.2517147038976706,0.8213940147511312,-1.4409301399352723,-1.0725390702576922,2.0820913453026884,2.6485890735945343,1.1225687457362186
86.0,26.0,1257.5155029296875,-3.293981984911498,1.6284194947298682,1.5245495231195896,2.2550231776121947,0.8287149108636913,-1.433569941056138,-1.0919691239667395,2.084971452552784,2.6485890692207668,1.15824291816266
86.0,26.0,1257.8267822265625,-3.2799216145562946,1.646000019983736,1.5251679162752516,2.2517147038976706,0.8213700369061963,-1.4409301399352723,-1.0725390702576922,2.0820913453026884,2.6485890735945343,1.1225687457362186
86.0,26.0,1257.8267822265625,-3.2799216145562946,1.646000019983736,1.5251679162752516,2.2517147038976706,0.8213700369061963,-1.4409301399352723,-1.0725390702576922,2.0820913453026884,2.6485890735945343,1.1225687457362186
86.0,26.0,1258.6419677734375,-3.2925255291954265,1.646000019983736,1.5251679162752516,2.2517147038976706,0.8216881880024184,-1.4515839240200874,-1.0725390702576922,2.0820913453026884,2.6485890735945343,1.1225687457362186
86.0,26.0,1259.484130859375,-3.292458820152187,1.6513639140532803,1.303133333310878,2.2542796048933216,0.543835598382973,-1.4533960488696482,-1.0745406836065456,2.0820913453026884,2.6485890735945343,1.1286585052381812
86.0,26.0,1259.8795166015625,-3.2938153090775644,1.645600293947751,1.303158147572735,2.2542743215194125,0.543835598382973,-1.4533960488696482,-1.0745406836065456,2.082286837507081,2.6485890735945343,1.1284966241194834
86.0,26.0,1260.5546875,-3.297775791491281,1.6281933759953515,1.303157874541272,2.2542743215194125,0.543835598382973,-1.4532819384373472,-1.092829899027454,2.082286837507081,2.62535233917998,1.1284966241194834
86.0,26.0,1266.169677734375,-3.2944326876718244,1.646000019983736,1.5196076747030616,2.2517147038976706,0.4470929910359985,-1.4409301399352723,-1.1301455790338106,2.076816622555965,2.6485890735945343,1.1225687457362186
86.0,26.0,1266.380615234375,-3.294244182604668,1.646000019983736,1.5251679162752516,2.2517147038976706,0.4470929910359985,-1.4409301399352723,-1.1301455790338106,2.076816622555965,2.6485890735945343,1.1225687457362186
86.0,26.0,1271.4310302734375,-3.290085916667715,1.646681505029903,1.303793726110807,2.254803660676186,0.8293902984476157,-1.4141739090300265,-1.119948668520664,2.083199743811487,2.64863276520899,1.1519137387411904
86.0,26.0,1271.440185546875,-3.2898811688790275,1.646681505029903,1.303793726110807,2.254946471416908,0.8293902984476157,-1.4141739090300265,-1.1340936670577024,2.083199743811487,2.64863276520899,1.1519137387411904
86.0,26.0,1271.4984130859375,-3.2937952961032453,1.6518702591725376,1.303793726110807,2.254803660676186,0.8293902984476157,-1.4434960378232975,-1.0642657837165148,2.111053648493764,2.625917724217355,1.1519137387411904
86.0,26.0,1271.8638916015625,-3.290085916667715,1.634014663583932,1.303793726110807,2.254803660676186,0.8293902984476157,-1.4141368075287422,-1.119948668520664,2.083199743811487,2.64863276520899,1.1277800768181665
86.0,26.0,1271.8638916015625,-3.290085916667715,1.634014663583932,1.303793726110807,2.254803660676186,0.8293902984476157,-1.4141368075287422,-1.119948668520664,2.083199743811487,2.64863276520899,1.1277800768181665
86.0,26.0,1272.419677734375,-3.2939271446534875,1.651361877920063,1.303133333310878,2.254803096301341,0.8247380520733345,-1.4434735462951556,-1.0745406836065456,2.1105929270035,2.648103191801328,1.1286585052381812
86.0,26.0,1272.5948486328125,-3.297580656524272,1.6283325190449494,1.3037960776662945,2.251453156996215,0.8293902984476157,-1.4434960378232975,-1.0894167536243289,2.0848963210434595,2.625208661347754,1.1519137387411904
86.0,26.0,1272.7235107421875,-3.297580656524272,1.6283325190449494,1.3035371799135975,2.251519418368134,0.8293902984476157,-1.4434960378232975,-1.092776220631749,2.0848963210434595,2.625208661347754,1.1519137387411904
86.0,26.0,1273.236572265625,-3.2799216145562946,1.646000019983736,1.303155609545009,2.2542796048933216,0.8247380520733345,-1.4409301399352723,-1.0745406836065456,2.0820913453026884,2.6485890735945343,1.1286585052381812
86.0,26.0,1273.2874755859375,-3.2799216145562946,1.646000019983736,1.294511459693477,2.2543551254680083,0.8247380520733345,-1.4339124024151668,-1.1359906737509116,2.0820913453026884,2.6485890735945343,1.1510304003312668
86.0,26.0,1273.2989501953125,-3.2936201741105555,1.6457394369973486,1.3035374529450603,1.9354226141124584,0.8293902984476157,-1.4436101482555987,-1.0744870052108406,2.0848963210434595,2.6484453957623084,1.1519137387411904
86.0,26.0,1273.493408203125,-3.2937952961032453,1.646681505029903,1.303793726110807,2.254803660676186,0.8293902984476157,-1.4434960378232975,-1.0732993627122829,2.0755249503718813,2.6485890735945343,1.1519137387411904
86.0,26.0,1273.493408203125,-3.2937952961032453,1.646681505029903,1.303793726110807,2.254803660676186,0.8293902984476157,-1.4434960378232975,-1.0732993627122829,2.0755249503718813,2.6485890735945343,1.1519137387411904
86.0,26.0,1273.493408203125,-3.2937952961032453,1.646681505029903,1.303793726110807,2.254803660676186,0.8293902984476157,-1.4434960378232975,-1.0732993627122829,2.0755249503718813,2.6485890735945343,1.1519137387411904
86.0,26.0,1273.5263671875,-3.292458820152187,1.6513621555354077,1.3031567873693957,2.2542796048933216,0.8271880564885623,-1.4409717006720155,-1.0745406836065456,2.0820913453026884,2.6485890735945343,1.1286585052381812
86.0,26.0,1273.73046875,-3.2937952961032453,1.6459992124615397,1.3038338191248964,2.254803660676186,0.829612842467057,-1.4516286369569933,-1.0745406836065456,2.087803424954986,2.6485890735945343,1.1518984613435597
86.0,26.0,1273.7606201171875,-3.292438807177868,1.6517628325670688,1.3038090048630393,2.254808944050096,0.829612842467057,-1.4516286369569933,-1.0745406836065456,2.087607932750593,2.6485890735945343,1.1520603424622573
86.0,26.0,1273.8001708984375,-3.292498685952676,1.6344559392896183,1.3038090048630393,2.254808944050096,0.829612842467057,-1.4516280897971658,-1.0745406836065456,2.087607932750593,2.648589000041718,1.1507876086078832
86.0,26.0,1273.9747314453125,-3.2939271446534875,1.651361877920063,1.303133333310878,2.2542796048933216,0.8247380520733345,-1.4533960488696482,-1.0745406836065456,2.0820913453026884,2.6485890735945343,1.1286585052381812
86.0,26.0,1274.2412109375,-3.2938687183653106,1.6343454016217387,1.298180782245516,2.254803660676186,0.829612842467057,-1.4513711033173389,-1.0745406836065456,2.087803424954986,2.6485889971771304,1.150613495355507
86.0,26.0,1274.3863525390625,-3.2946003911335087,1.646144940056293,1.3217859292824807,2.325557153341849,0.8247396026187338,-1.4408697719655548,-1.0756641132131728,2.0820913453026884,2.648590342693633,1.163389313649076
86.0,26.0,1274.448486328125,-3.293367354836117,1.6461439612897169,1.321966875558612,2.326429358913124,0.8247396026187338,-1.4409301399352723,-1.0745406836065456,2.0820913453026884,2.6485890735945343,1.1633727225223038
86.0,26.0,1274.448486328125,-3.293367354836117,1.6461439612897169,1.321966875558612,2.326429358913124,0.8247396026187338,-1.4409301399352723,-1.0745406836065456,2.0820913453026884,2.6485890735945343,1.1633727225223038
86.0,26.0,1275.3828125,-3.280704986864695,1.7423845920965917,1.303793726110807,2.254803660676186,0.8293663206026807,-1.4434960378232975,-1.0642657837165148,2.111053648493764,2.625917724217355,1.1519137387411904
86.0,26.0,1275.498291015625,-3.2799216145562946,1.6461439612897169,1.3212509840145592,2.33515966720063,0.8247396026187338,-1.44092985358003,-1.0745195170336534,2.0814421013340985,2.648589917101734,1.1290854622418898
86.0,26.0,1275.706298828125,-3.279673471776377,1.646144940056293,1.3217859292824807,2.326286548172402,0.8247396026187338,-1.4409830937833463,-1.1202514698162744,2.0820913453026884,2.6485890735945343,1.163389313649076
86.0,26.0,1275.7247314453125,-3.29381937800464,1.651361877920063,1.3038702624437437,2.254803096301341,0.8247380520733345,-1.4434735462951556,-1.0745406836065456,2.114009745351049,2.657391509365685,1.0856594396748558
86.0,26.0,1276.22314453125,-3.279468723987689,1.646144940056293,1.3217859292824807,2.326429358913124,0.8247396026187338,-1.4409830937833463,-1.1343964683533128,2.0820913453026884,2.6485890735945343,1.163389313649076
86.0,26.0,1276.334228515625,-3.2799216145562946,1.6508948419340914,1.3031564698627645,2.323845170471131,0.824739494855525,-1.4409301399352723,-1.0745406836065456,2.0820913453026884,2.6485890735945343,1.129056461113342
86.0,26.0,1276.441162109375,-3.2799216145562946,1.6461439612897169,1.303155609545009,2.325822479523137,0.8247396026187338,-1.4409301399352723,-1.0745406836065456,2.0820913453026884,2.6485890735945343,1.1290854622418898
86.0,26.0,1277.17431640625,-3.293367354836117,1.6461439612897169,1.3038715010890618,2.326429358913124,0.8247396026187338,-1.4432544476864284,-1.0745406836065456,2.0572712400989683,2.6485890735945343,1.1633727225223038
86.0,26.0,1277.6788330078125,-3.2937952961032453,1.646681505029903,1.3303447182251726,2.334316261797763,0.8293902984476157,-1.4436352207848322,-0.9620972390454784,2.082438518836602,2.6485911648901297,1.1499734933731944
86.0,26.0,1278.216064453125,-3.2799216145562946,1.6461439612897169,1.303155609545009,2.33515966720063,0.8247396026187338,-1.443254161331186,-1.0745195170336534,2.0566219961303784,2.648589917101734,1.1290854622418898
86.0,26.0,1278.2216796875,-3.279733109489137,1.6461439612897169,1.303155609545009,2.33515966720063,0.8247396026187338,-1.443254161331186,-1.0745195170336534,2.0566219961303784,2.648589917101734,1.1290854622418898
86.0,26.0,1279.039306640625,-3.289973169096651,1.646681505029903,1.3303447182251726,2.334316261797763,0.8293902984476157,-1.413188955692882,-0.9618473846357392,2.082438518836602,2.6485911648901297,1.151920593694753
86.0,26.0,1279.039306640625,-3.289973169096651,1.646681505029903,1.3303447182251726,2.334316261797763,0.8293902984476157,-1.413188955692882,-0.9618473846357392,2.082438518836602,2.6485911648901297,1.151920593694753
86.0,26.0,1280.6033935546875,-3.27958742203214,1.6460001038737506,1.5436576626612348,2.2652350107230284,0.4547436062161828,-1.4514722596459495,-1.0728447914208123,1.9298704312702688,2.6485890735945343,1.1396663864696857
86.0,26.0,1280.6033935546875,-3.27958742203214,1.6460001038737506,1.5436576626612348,2.2652350107230284,0.4547436062161828,-1.4514722596459495,-1.0728447914208123,1.9298704312702688,2.6485890735945343,1.1396663864696857
86.0,27.0,1256.999755859375,-3.2799216145562946,1.646000019983736,1.5343353032298157,2.254276339081363,0.8247380520733345,-1.4339124024151668,-1.0748234194712334,2.0820913453026884,2.6485890735945343,1.138783048059762
86.0,27.0,1257.004150390625,-3.2799216145562946,1.646000019983736,1.5343353032298157,2.2543551254680083,0.8247380520733345,-1.4339124024151668,-1.074778196162807,2.0820913453026884,2.6485890735945343,1.138783048059762
86.0,27.0,1257.184326171875,-3.293011923794845,1.6458503559177726,1.5251679162752516,2.2517147038976706,0.8213940147511312,-1.4409301399352723,-1.0725390702576922,2.0820913453026884,2.6485890735945343,1.1225687457362186
86.0,27.0,1257.5155029296875,-3.293981984911498,1.6284194947298682,1.5245495231195896,2.2550231776121947,0.8287149108636913,-1.433569941056138,-1.0919691239667395,2.084971452552784,2.6485890692207668,1.15824291816266
86.0,27.0,1257.8267822265625,-3.2799216145562946,1.646000019983736,1.5251679162752516,2.2517147038976706,0.8213700369061963,-1.4409301399352723,-1.0725390702576922,2.0820913453026884,2.6485890735945343,1.1225687457362186
86.0,27.0,1257.8267822265625,-3.2799216145562946,1.646000019983736,1.5251679162752516,2.2517147038976706,0.8213700369061963,-1.4409301399352723,-1.0725390702576922,2.0820913453026884,2.6485890735945343,1.1225687457362186
86.0,27.0,1257.8267822265625,-3.2799216145562946,1.646000019983736,1.5251679162752516,2.2517147038976706,0.8213700369061963,-1.4409301399352723,-1.0725390702576922,2.0820913453026884,2.6485890735945343,1.1225687457362186
86.0,27.0,1257.8916015625,-3.292458820152187,1.651562767151888,1.303133333310878,2.2542796048933216,0.543835598382973,-1.432738622769452,-1.0919661036159551,2.0820913453026884,2.6485890735945343,1.1286585052381812
86.0,27.0,1258.6419677734375,-3.2925255291954265,1.646000019983736,1.5251679162752516,2.2517147038976706,0.8216881880024184,-1.4515839240200874,-1.0725390702576922,2.0820913453026884,2.6485890735945343,1.1225687457362186
86.0,27.0,1258.91650390625,-3.2925255291954265,1.646000019983736,1.5251679162752516,2.2517147038976706,0.8245750731327746,-1.4515839240200874,-1.072572428946292,2.0820913453026884,2.6485890735945343,1.1225687457362186
86.0,27.0,1259.484130859375,-3.292458820152187,1.6513639140532803,1.303133333310878,2.2542796048933216,0.543835598382973,-1.4533960488696482,-1.0745406836065456,2.0820913453026884,2.6485890735945343,1.1286585052381812
86.0,27.0,1259.8795166015625,-3.2938153090775644,1.645600293947751,1.303158147572735,2.2542743215194125,0.543835598382973,-1.4533960488696482,-1.0745406836065456,2.082286837507081,2.6485890735945343,1.1284966241194834
86.0,27.0,1260.5546875,-3.297775791491281,1.6281933759953515,1.303157874541272,2.2542743215194125,0.543835598382973,-1.4532819384373472,-1.092829899027454,2.082286837507081,2.62535233917998,1.1284966241194834
86.0,27.0,1266.169677734375,-3.2944326876718244,1.646000019983736,1.5196076747030616,2.2517147038976706,0.4470929910359985,-1.4409301399352723,-1.1301455790338106,2.076816622555965,2.6485890735945343,1.1225687457362186
86.0,27.0,1266.380615234375,-3.294244182604668,1.646000019983736,1.5251679162752516,2.2517147038976706,0.4470929910359985,-1.4409301399352723,-1.1301455790338106,2.076816622555965,2.6485890735945343,1.1225687457362186
86.0,27.0,1267.9254150390625,-3.2942497583459724,1.646000019983736,1.5196215627058505,2.2517147038976706,0.4470929910359985,-1.4409301399352723,-1.1979954241341568,2.076816622555965,2.6485890735945343,1.1225687457362186
86.0,27.0,1270.9652099609375,-3.2936201741105555,1.6457394369973486,1.3035597431833448,2.188862868681712,0.8293902984476157,-1.4432528878174846,-1.07448645600235,2.0848963210434595,2.648575396879908,1.1519137387411904
86.0,27.0,1271.4310302734375,-3.290085916667715,1.646681505029903,1.303793726110807,2.254803660676186,0.8293902984476157,-1.4141739090300265,-1.119948668520664,2.083199743811487,2.64863276520899,1.1519137387411904
86.0,27.0,1271.440185546875,-3.2898811688790275,1.646681505029903,1.303793726110807,2.254946471416908,0.8293902984476157,-1.4141739090300265,-1.1340936670577024,2.083199743811487,2.64863276520899,1.1519137387411904
86.0,27.0,1271.4984130859375,-3.2937952961032453,1.6518702591725376,1.303793726110807,2.254803660676186,0.8293902984476157,-1.4434960378232975,-1.0642657837165148,2.111053648493764,2.625917724217355,1.1519137387411904
86.0,27.0,1271.566162109375,-3.2799216145562946,1.646000019983736,1.3032693333866223,2.251516129177348,0.8214054025644013,-1.4435329553942202,-1.0933281766748697,2.0821141177753346,2.62619622008804,1.1225687457362186
86.0,27.0,1271.8638916015625,-3.290085916667715,1.634014663583932,1.303793726110807,2.254803660676186,0.8293902984476157,-1.4141368075287422,-1.119948668520664,2.083199743811487,2.64863276520899,1.1277800768181665
86.0,27.0,1271.8638916015625,-3.290085916667715,1.634014663583932,1.303793726110807,2.254803660676186,0.8293902984476157,-1.4141368075287422,-1.119948668520664,2.083199743811487,2.64863276520899,1.1277800768181665
86.0,27.0,1272.419677734375,-3.2939271446534875,1.651361877920063,1.303133333310878,2.254803096301341,0.8247380520733345,-1.4434735462951556,-1.0745406836065456,2.1105929270035,2.648103191801328,1.1286585052381812
86.0,27.0,1272.5948486328125,-3.297580656524272,1.6283325190449494,1.3037960776662945,2.251453156996215,0.8293902984476157,-1.4434960378232975,-1.0894167536243289,2.0848963210434595,2.625208661347754,1.1519137387411904
86.0,27.0,1272.7235107421875,-3.297580656524272,1.6283325190449494,1.3035371799135975,2.251519418368134,0.8293902984476157,-1.4434960378232975,-1.092776220631749,2.0848963210434595,2.625208661347754,1.1519137387411904
86.0,27.0,1273.236572265625,-3.2799216145562946,1.646000019983736,1.303155609545009,2.2542796048933216,0.8247380520733345,-1.4409301399352723,-1.0745406836065456,2.0820913453026884,2.6485890735945343,1.1286585052381812
86.0,27.0,1273.236572265625,-3.2799216145562946,1.646000019983736,1.303155609545009,2.2542796048933216,0.8247380520733345,-1.4409301399352723,-1.0745406836065456,2.0820913453026884,2.6485890735945343,1.1286585052381812
86.0,27.0,1273.2874755859375,-3.2799216145562946,1.646000019983736,1.294511459693477,2.2543551254680083,0.8247380520733345,-1.4339124024151668,-1.1359906737509116,2.0820913453026884,2.6485890735945343,1.1510304003312668
86.0,27.0,1273.2989501953125,-3.2936201741105555,1.6457394369973486,1.3035374529450603,1.9354226141124584,0.8293902984476157,-1.4436101482555987,-1.0744870052108406,2.0848963210434595,2.6484453957623084,1.1519137387411904
86.0,27.0,1273.493408203125,-3.2937952961032453,1.646681505029903,1.303793726110807,2.254803660676186,0.8293902984476157,-1.4434960378232975,-1.0732993627122829,2.0755249503718813,2.6485890735945343,1.1519137387411904
86.0,27.0,1273.493408203125,-3.2937952961032453,1.646681505029903,1.303793726110807,2.254803660676186,0.8293902984476157,-1.4434960378232975,-1.0732993627122829,2.0755249503718813,2.6485890735945343,1.1519137387411904
86.0,27.0,1273.493408203125,-3.2937952961032453,1.646681505029903,1.303793726110807,2.254803660676186,0.8293902984476157,-1.4434960378232975,-1.0732993627122829,2.0755249503718813,2.6485890735945343,1.1519137387411904
86.0,27.0,1273.493408203125,-3.2937952961032453,1.646681505029903,1.303793726110807,2.254803660676186,0.8293902984476157,-1.4434960378232975,-1.0732993627122829,2.0755249503718813,2.6485890735945343,1.1519137387411904
86.0,27.0,1273.5263671875,-3.292458820152187,1.6513621555354077,1.3031567873693957,2.2542796048933216,0.8271880564885623,-1.4409717006720155,-1.0745406836065456,2.0820913453026884,2.6485890735945343,1.1286585052381812
86.0,27.0,1273.56103515625,-3.2937952961032453,1.6231673040429038,1.3038338191248964,2.254803660676186,0.829612842467057,-1.4516286369569933,-1.0745406836065456,2.087803424954986,2.630914489834973,1.1518984613435597
86.0,27.0,1273.73046875,-3.2937952961032453,1.6459992124615397,1.3038338191248964,2.254803660676186,0.829612842467057,-1.4516286369569933,-1.0745406836065456,2.087803424954986,2.6485890735945343,1.1518984613435597
86.0,27.0,1273.7606201171875,-3.292438807177868,1.6517628325670688,1.3038090048630393,2.254808944050096,0.829612842467057,-1.4516286369569933,-1.0745406836065456,2.087607932750593,2.6485890735945343,1.1520603424622573
86.0,27.0,1273.8001708984375,-3.292498685952676,1.6344559392896183,1.3038090048630393,2.254808944050096,0.829612842467057,-1.4516280897971658,-1.0745406836065456,2.087607932750593,2.648589000041718,1.1507876086078832
86.0,27.0,1273.9747314453125,-3.2939271446534875,1.651361877920063,1.303133333310878,2.2542796048933216,0.8247380520733345,-1.4533960488696482,-1.0745406836065456,2.0820913453026884,2.6485890735945343,1.1286585052381812
86.0,27.0,1274.0867919921875,-3.293367354836117,1.6461439612897169,1.321966875558612,2.326429358913124,0.8218527174883776,-1.4409301399352723,-1.074507324917946,2.0820913453026884,2.6485890735945343,1.1633727225223038
86.0,27.0,1274.101318359375,-3.2800393727901067,1.6510613771566414,1.303133333310878,2.2542796048933216,0.8246781741877858,-1.4533960488696482,-1.0745406836065456,2.0820913453026884,2.6485890735945343,1.1287146497833438
86.0,27.0,1274.118408203125,-3.290085916667715,1.634014663583932,1.303793726110807,2.254803660676186,0.8293902984476157,-1.4436990541935808,-1.119948668520664,2.0824600012703733,2.64863276520899,1.1276450939891451
86.0,27.0,1274.2412109375,-3.2938687183653106,1.6343454016217387,1.298180782245516,2.254803660676186,0.829612842467057,-1.4513711033173389,-1.0745406836065456,2.087803424954986,2.6485889971771304,1.150613495355507
86.0,27.0,1274.3863525390625,-3.2946003911335087,1.646144940056293,1.3217859292824807,2.325557153341849,0.8247396026187338,-1.4408697719655548,-1.0756641132131728,2.0820913453026884,2.648590342693633,1.163389313649076
86.0,27.0,1274.409423828125,-3.290085916667715,1.634041315391641,1.303793726110807,2.254803660676186,0.8293902984476157,-1.444040896956002,-1.119948668520664,2.0756476213944,2.6485916161877068,1.12963245927067
86.0,27.0,1274.448486328125,-3.293367354836117,1.6461439612897169,1.321966875558612,2.326429358913124,0.8247396026187338,-1.4409301399352723,-1.0745406836065456,2.0820913453026884,2.6485890735945343,1.1633727225223038
86.0,27.0,1274.448486328125,-3.293367354836117,1.6461439612897169,1.321966875558612,2.326429358913124,0.8247396026187338,-1.4409301399352723,-1.0745406836065456,2.0820913453026884,2.6485890735945343,1.1633727225223038
86.0,27.0,1274.5443115234375,-3.2938299201631733,1.6459992124615397,1.3038338191248964,2.251691209357114,0.829612842467057,-1.4496186202560166,-1.1286455994490212,2.087803424954986,2.6485890735945343,1.1518984613435597
86.0,27.0,1275.0302734375,-3.29381937800464,1.651361877920063,1.3038702624437437,2.2182908414103,0.8247380520733345,-1.4434735462951556,-1.0745406836065456,2.114009745351049,2.657391509365685,1.0856594396748558
86.0,28.0,1256.999755859375,-3.2799216145562946,1.646000019983736,1.5343353032298157,2.254276339081363,0.8247380520733345,-1.4339124024151668,-1.0748234194712334,2.0820913453026884,2.6485890735945343,1.138783048059762
86.0,28.0,1257.004150390625,-3.2799216145562946,1.646000019983736,1.5343353032298157,2.2543551254680083,0.8247380520733345,-1.4339124024151668,-1.074778196162807,2.0820913453026884,2.6485890735945343,1.138783048059762
86.0,28.0,1257.14990234375,-3.2907619647767867,1.6339096285991217,1.5343353032298157,2.254287061910668,0.8247489992322824,-1.4339124024151668,-1.1206965172587025,2.082112146076333,2.6485890735945343,1.138783048059762
86.0,28.0,1257.1815185546875,-3.2799216145562946,1.646000019983736,1.530947162720094,2.2543551254680083,0.8247380520733345,-1.434232299118532,-1.074778196162807,2.0820913453026884,2.6485890735945343,1.139805387736294
86.0,28.0,1257.184326171875,-3.293011923794845,1.6458503559177726,1.5251679162752516,2.2517147038976706,0.8213940147511312,-1.4409301399352723,-1.0725390702576922,2.0820913453026884,2.6485890735945343,1.1225687457362186
86.0,28.0,1257.250732421875,-3.2799216145562946,1.646000019983736,1.530030960126257,2.25430245173964,0.8247380520733345,-1.4343644939708406,-1.074796623998156,2.0846843719126213,2.6485890735945343,1.1512408853703728
86.0,28.0,1257.334228515625,-3.292458820152187,1.6460075590526455,1.5372494721701433,2.254501788731228,0.8271880564885623,-1.4409717006720155,-1.0745406836065456,2.0820913453026884,2.6485890735945343,1.1286585052381812
86.0,28.0,1257.5155029296875,-3.293981984911498,1.6284194947298682,1.5245495231195896,2.2550231776121947,0.8287149108636913,-1.433569941056138,-1.0919691239667395,2.084971452552784,2.6485890692207668,1.15824291816266
86.0,28.0,1257.5155029296875,-3.293981984911498,1.6284194947298682,1.5245495231195896,2.2550231776121947,0.8287149108636913,-1.433569941056138,-1.0919691239667395,2.084971452552784,2.6485890692207668,1.15824291816266
86.0,28.0,1257.8267822265625,-3.2799216145562946,1.646000019983736,1.5251679162752516,2.2517147038976706,0.8213700369061963,-1.4409301399352723,-1.0725390702576922,2.0820913453026884,2.6485890735945343,1.1225687457362186
86.0,28.0,1257.8267822265625,-3.2799216145562946,1.646000019983736,1.5251679162752516,2.2517147038976706,0.8213700369061963,-1.4409301399352723,-1.0725390702576922,2.0820913453026884,2.6485890735945343,1.1225687457362186
86.0,28.0,1257.8267822265625,-3.2799216145562946,1.646000019983736,1.5251679162752516,2.2517147038976706,0.8213700369061963,-1.4409301399352723,-1.0725390702576922,2.0820913453026884,2.6485890735945343,1.1225687457362186
86.0,28.0,1257.8267822265625,-3.2799216145562946,1.646000019983736,1.5251679162752516,2.2517147038976706,0.8213700369061963,-1.4409301399352723,-1.0725390702576922,2.0820913453026884,2.6485890735945343,1.1225687457362186
86.0,28.0,1257.8577880859375,-3.297580656524272,1.6283325190449494,1.3078415230171565,2.2515720920965028,0.6003432393196843,-1.4430439462676237,-1.0927577927964005,2.0823032944335265,2.625208661347754,1.1394559014305796
86.0,28.0,1257.8916015625,-3.292458820152187,1.651562767151888,1.303133333310878,2.2542796048933216,0.543835598382973,-1.432738622769452,-1.0919661036159551,2.0820913453026884,2.6485890735945343,1.1286585052381812
86.0,28.0,1257.8916015625,-3.292458820152187,1.651562767151888,1.303133333310878,2.2542796048933216,0.543835598382973,-1.432738622769452,-1.0919661036159551,2.0820913453026884,2.6485890735945343,1.1286585052381812
86.0,28.0,1258.6419677734375,-3.2925255291954265,1.646000019983736,1.5251679162752516,2.2517147038976706,0.8216881880024184,-1.4515839240200874,-1.0725390702576922,2.0820913453026884,2.6485890735945343,1.1225687457362186
86.0,28.0,1258.9056396484375,-3.293716668344394,1.6461371441049462,1.5251679162752516,2.251634636560192,0.8245750731327746,-1.45161581918632,-1.0745855722585125,2.081655550589906,2.6485890735945343,1.1227329933043686
86.0,28.0,1258.91650390625,-3.2925255291954265,1.646000019983736,1.5251679162752516,2.2517147038976706,0.8245750731327746,-1.4515839240200874,-1.072572428946292,2.0820913453026884,2.6485890735945343,1.1225687457362186
86.0,28.0,1259.244140625,-3.2803712987105627,1.6284194947298682,1.5245467681330236,2.2550231776121947,0.8290281584297906,-1.4405322777137703,-1.0919370762985583,2.084971452552784,2.6485890692207668,1.15824291816266
86.0,28.0,1259.484130859375,-3.292458820152187,1.6513639140532803,1.303133333310878,2.2542796048933216,0.543835598382973,-1.4533960488696482,-1.0745406836065456,2.0820913453026884,2.6485890735945343,1.1286585052381812
86.0,28.0,1259.484130859375,-3.292458820152187,1.6513639140532803,1.303133333310878,2.2542796048933216,0.543835598382973,-1.4533960488696482,-1.0745406836065456,2.0820913453026884,2.6485890735945343,1.1286585052381812
86.0,28.0,1259.53857421875,-3.297388881093987,1.6450385007142458,1.5251679162752516,2.2517147038976706,0.8245056284100003,-1.4532735043417135,-1.0722701578636236,2.0822964981515097,2.6265788129044134,1.1225687457362186
86.0,28.0,1259.6414794921875,-3.2937952961032453,1.6484688287840752,1.5359740942280158,2.254803660676186,0.8296254770666204,-1.4516286369569933,-1.0745406836065456,2.0818118970622868,2.632077635047746,1.1387154499865997
86.0,28.0,1259.8795166015625,-3.2938153090775644,1.645600293947751,1.303158147572735,2.2542743215194125,0.543835598382973,-1.4533960488696482,-1.0745406836065456,2.082286837507081,2.6485890735945343,1.1284966241194834
86.0,28.0,1260.5546875,-3.297775791491281,1.6281933759953515,1.303157874541272,2.2542743215194125,0.543835598382973,-1.4532819384373472,-1.092829899027454,2.082286837507081,2.62535233917998,1.1284966241194834
86.0,28.0,1261.599609375,-3.2919952473643623,1.6281933759953515,1.303157874541272,2.2542743215194125,0.543835598382973,-1.4532819384373472,-1.0732799350747464,2.082286837507081,2.6480239532098286,1.1282672873619302
86.0,28.0,1266.169677734375,-3.2944326876718244,1.646000019983736,1.5196076747030616,2.2517147038976706,0.4470929910359985,-1.4409301399352723,-1.1301455790338106,2.076816622555965,2.6485890735945343,1.1225687457362186
86.0,28.0,1266.189208984375,-3.294237070111956,1.646000019983736,1.5196076747030616,2.2517147038976706,0.4470929910359985,-1.4409301399352723,-1.1301455790338106,2.076816622555965,2.6485890735945343,1.1225687457362186
86.0,28.0,1266.3609619140625,-3.294439800164536,1.646000019983736,1.5251679162752516,2.2517147038976706,0.4470929910359985,-1.4409301399352723,-1.1301455790338106,2.076816622555965,2.6485890735945343,1.1225687457362186
86.0,28.0,1266.380615234375,-3.294244182604668,1.646000019983736,1.5251679162752516,2.2517147038976706,0.4470929910359985,-1.4409301399352723,-1.1301455790338106,2.076816622555965,2.6485890735945343,1.1225687457362186
86.0,28.0,1267.8765869140625,-3.2975529555541905,1.6283325190449494,1.3037937757868157,2.251477992174846,0.7873807007403925,-1.4434960378232975,-1.119549922668126,2.0848963210434595,2.625208661347754,1.1271435480936915
86.0,28.0,1267.9254150390625,-3.2942497583459724,1.646000019983736,1.5196215627058505,2.2517147038976706,0.4470929910359985,-1.4409301399352723,-1.1979954241341568,2.076816622555965,2.6485890735945343,1.1225687457362186
86.0,28.0,1270.578125,-3.290085916667715,1.634014663583932,1.303793726110807,2.254803660676186,0.8293902984476157,-1.4138234120874924,-1.072926687887474,2.0830753691248067,2.5411826915615285,1.1527185902266317
86.0,28.0,1270.9652099609375,-3.2936201741105555,1.6457394369973486,1.3035597431833448,2.188862868681712,0.8293902984476157,-1.4432528878174846,-1.07448645600235,2.0848963210434595,2.648575396879908,1.1519137387411904
86.0,28.0,1271.4310302734375,-3.290085916667715,1.646681505029903,1.303793726110807,2.254803660676186,0.8293902984476157,-1.4141739090300265,-1.119948668520664,2.083199743811487,2.64863276520899,1.1519137387411904
86.0,28.0,1271.440185546875,-3.2898811688790275,1.646681505029903,1.303793726110807,2.254946471416908,0.8293902984476157,-1.4141739090300265,-1.1340936670577024,2.083199743811487,2.64863276520899,1.1519137387411904
86.0,28.0,1271.440185546875,-3.2898811688790275,1.646681505029903,1.303793726110807,2.254946471416908,0.8293902984476157,-1.4141739090300265,-1.1340936670577024,2.083199743811487,2.64863276520899,1.1519137387411904
86.0,28.0,1271.4984130859375,-3.2937952961032453,1.6518702591725376,1.303793726110807,2.254803660676186,0.8293902984476157,-1.4434960378232975,-1.0642657837165148,2.111053648493764,2.625917724217355,1.1519137387411904
86.0,28.0,1271.566162109375,-3.2799216145562946,1.646000019983736,1.3032693333866223,2.251516129177348,0.8214054025644013,-1.4435329553942202,-1.0933281766748697,2.0821141177753346,2.62619622008804,1.1225687457362186
86.0,28.0,1271.8638916015625,-3.290085916667715,1.634014663583932,1.303793726110807,2.254803660676186,0.8293902984476157,-1.4141368075287422,-1.119948668520664,2.083199743811487,2.64863276520899,1.1277800768181665
86.0,28.0,1271.8638916015625,-3.290085916667715,1.634014663583932,1.303793726110807,2.254803660676186,0.8293902984476157,-1.4141368075287422,-1.119948668520664,2.083199743811487,2.64863276520899,1.1277800768181665
86.0,28.0,1271.90625,-3.2799216145562946,1.6206984952425645,1.302195028126696,2.254276339081363,0.8247254174737711,-1.4339124024151668,-1.0748234194712334,2.088082873195387,2.6474259283817614,1.151966059416722
86.0,28.0,1272.419677734375,-3.2939271446534875,1.651361877920063,1.303133333310878,2.254803096301341,0.8247380520733345,-1.4434735462951556,-1.0745406836065456,2.1105929270035,2.648103191801328,1.1286585052381812
86.0,28.0,1272.4400634765625,-3.29273600550452,1.6512247537988527,1.303133333310878,2.25488316363882,0.8247380520733345,-1.4434416511289232,-1.072527540294325,2.111028721716282,2.648103191801328,1.128494257670031
86.0,28.0,1272.5948486328125,-3.297580656524272,1.6283325190449494,1.3037960776662945,2.251453156996215,0.8293902984476157,-1.4434960378232975,-1.0894167536243289,2.0848963210434595,2.625208661347754,1.1519137387411904
86.0,28.0,1272.7235107421875,-3.297580656524272,1.6283325190449494,1.3035371799135975,2.251519418368134,0.8293902984476157,-1.4434960378232975,-1.092776220631749,2.0848963210434595,2.625208661347754,1.1519137387411904
86.0,28.0,1272.741943359375,-3.2936201741105555,1.6457594972275067,1.3035597431833448,2.2539769490500268,0.827260312790384,-1.4409712655402496,-1.074487937356103,2.0819512763849,2.648575396879908,1.1507542734908704
86.0,28.0,1272.95654296875,-3.2799216145562946,1.646000019983736,1.3065437500547306,2.2542796048933216,0.8247380520733345,-1.4406102432319072,-1.0745406836065456,2.0820913453026884,2.6485890735945343,1.1276361655616494
86.0,28.0,1273.236572265625,-3.2799216145562946,1.646000019983736,1.303155609545009,2.2542796048933216,0.8247380520733345,-1.4409301399352723,-1.0745406836065456,2.0820913453026884,2.6485890735945343,1.1286585052381812
86.0,29.0,1254.1978759765625,-3.27987934788738,1.651562767151888,1.540412092799084,2.254356899026626,0.7928246404814926,-1.432712048514288,-1.0919661036159551,2.0820913453026884,2.6485890735945343,1.1286585052381812
86.0,29.0,1256.541748046875,-3.2943776646751,1.646000019983736,1.5309786921202733,2.2544818156449904,0.8247380520733345,-1.434133855477253,-1.074778196162807,2.0768689396617463,2.6485890735945343,1.139805387736294
86.0,29.0,1256.999755859375,-3.2799216145562946,1.646000019983736,1.5343353032298157,2.254276339081363,0.8247380520733345,-1.4339124024151668,-1.0748234194712334,2.0820913453026884,2.6485890735945343,1.138783048059762
86.0,29.0,1256.999755859375,-3.2799216145562946,1.646000019983736,1.5343353032298157,2.254276339081363,0.8247380520733345,-1.4339124024151668,-1.0748234194712334,2.0820913453026884,2.6485890735945343,1.138783048059762
86.0,29.0,1257.004150390625,-3.2799216145562946,1.646000019983736,1.5343353032298157,2.2543551254680083,0.8247380520733345,-1.4339124024151668,-1.074778196162807,2.0820913453026884,2.6485890735945343,1.138783048059762
86.0,29.0,1257.0224609375,-3.2799216145562946,1.646000019983736,1.535958040301731,2.2548055350315868,0.8246817617035012,-1.4344933015603694,-1.074818116937533,2.0820913453026884,2.6485890735945343,1.138783048059762
86.0,29.0,1257.14990234375,-3.2907619647767867,1.6339096285991217,1.5343353032298157,2.254287061910668,0.8247489992322824,-1.4339124024151668,-1.1206965172587025,2.082112146076333,2.6485890735945343,1.138783048059762
86.0,29.0,1257.1815185546875,-3.2799216145562946,1.646000019983736,1.530947162720094,2.2543551254680083,0.8247380520733345,-1.434232299118532,-1.074778196162807,2.0820913453026884,2.6485890735945343,1.139805387736294
86.0,29.0,1257.184326171875,-3.293011923794845,1.6458503559177726,1.5251679162752516,2.2517147038976706,0.8213940147511312,-1.4409301399352723,-1.0725390702576922,2.0820913453026884,2.6485890735945343,1.1225687457362186
86.0,29.0,1257.250732421875,-3.2799216145562946,1.646000019983736,1.530030960126257,2.25430245173964,0.8247380520733345,-1.4343644939708406,-1.074796623998156,2.0846843719126213,2.6485890735945343,1.1512408853703728
86.0,29.0,1257.2548828125,-3.2925255291954265,1.6460084203410217,1.5251679162752516,2.2516883376175487,0.8217182159916456,-1.4410726534424303,-1.0744871168569516,2.0820913453026884,2.6485890735945343,1.1226760763688042
86.0,29.0,1257.334228515625,-3.292458820152187,1.6460075590526455,1.5372494721701433,2.254501788731228,0.8271880564885623,-1.4409717006720155,-1.0745406836065456,2.0820913453026884,2.6485890735945343,1.1286585052381812
86.0,29.0,1257.4561767578125,-3.2925255291954265,1.646000019983736,1.5251679162752516,2.2517147038976706,0.8245285599675398,-1.44052464898582,-1.0725389993971373,2.0820913453026884,2.6485890735945343,1.1225687457362186
86.0,29.0,1257.5155029296875,-3.293981984911498,1.6284194947298682,1.5245495231195896,2.2550231776121947,0.8287149108636913,-1.433569941056138,-1.0919691239667395,2.084971452552784,2.6485890692207668,1.15824291816266
86.0,29.0,1257.5155029296875,-3.293981984911498,1.6284194947298682,1.5245495231195896,2.2550231776121947,0.8287149108636913,-1.433569941056138,-1.0919691239667395,2.084971452552784,2.6485890692207668,1.15824291816266
86.0,29.0,1257.5155029296875,-3.293981984911498,1.6284194947298682,1.5245495231195896,2.2550231776121947,0.8287149108636913,-1.433569941056138,-1.0919691239667395,2.084971452552784,2.6485890692207668,1.15824291816266
86.0,29.0,1257.796630859375,-3.2799216145562946,1.6187290619141352,1.5251679162752516,2.2517147038976706,0.8213700369061963,-1.4409301399352723,-1.0725390702576922,2.0820913453026884,2.6485890735945343,1.1225687457362186
86.0,29.0,1257.8267822265625,-3.2799216145562946,1.646000019983736,1.5251679162752516,2.2517147038976706,0.8213700369061963,-1.4409301399352723,-1.0725390702576922,2.0820913453026884,2.6485890735945343,1.1225687457362186
86.0,29.0,1257.8267822265625,-3.2799216145562946,1.646000019983736,1.5251679162752516,2.2517147038976706,0.8213700369061963,-1.4409301399352723,-1.0725390702576922,2.0820913453026884,2.6485890735945343,1.1225687457362186
86.0,29.0,1257.8267822265625,-3.2799216145562946,1.646000019983736,1.5251679162752516,2.2517147038976706,0.8213700369061963,-1.4409301399352723,-1.0725390702576922,2.0820913453026884,2.6485890735945343,1.1225687457362186
86.0,29.0,1257.8267822265625,-3.2799216145562946,1.646000019983736,1.5251679162752516,2.2517147038976706,0.8213700369061963,-1.4409301399352723,-1.0725390702576922,2.0820913453026884,2.6485890735945343,1.1225687457362186
86.0,29.0,1257.8577880859375,-3.297580656524272,1.6283325190449494,1.3078415230171565,2.2515720920965028,0.6003432393196843,-1.4430439462676237,-1.0927577927964005,2.0823032944335265,2.625208661347754,1.1394559014305796
86.0,29.0,1257.8631591796875,-3.2796941903871213,1.646000019983736,1.5251679162752516,2.2517147038976706,0.8216151901237382,-1.4409301399352723,-1.0715628687693486,2.0820913453026884,2.6485890735945343,1.1225687457362186
86.0,29.0,1257.8916015625,-3.292458820152187,1.651562767151888,1.303133333310878,2.2542796048933216,0.543835598382973,-1.432738622769452,-1.0919661036159551,2.0820913453026884,2.6485890735945343,1.1286585052381812
86.0,29.0,1257.8916015625,-3.292458820152187,1.651562767151888,1.303133333310878,2.2542796048933216,0.543835598382973,-1.432738622769452,-1.0919661036159551,2.0820913453026884,2.6485890735945343,1.1286585052381812
86.0,29.0,1258.2989501953125,-3.280037031470096,1.646000019983736,1.5358670830056185,2.2517698069624448,0.543743769709204,-1.4407932298326969,-1.0725390702576922,2.0820913453026884,2.6485890735945343,1.1225687457362186
86.0,29.0,1258.5133056640625,-3.292390799183518,1.6466744201795511,1.539393097406696,2.254499501820975,0.8271745467471324,-1.4411673397108695,-1.1185529920176134,2.083199743811487,2.64863276520899,1.1521371728663052
86.0,29.0,1258.6419677734375,-3.2925255291954265,1.646000019983736,1.5251679162752516,2.2517147038976706,0.8216881880024184,-1.4515839240200874,-1.0725390702576922,2.0820913453026884,2.6485890735945343,1.1225687457362186
86.0,29.0,1258.9056396484375,-3.293716668344394,1.6461371441049462,1.5251679162752516,2.251634636560192,0.8245750731327746,-1.45161581918632,-1.0745855722585125,2.081655550589906,2.6485890735945343,1.1227329933043686
86.0,29.0,1258.91650390625,-3.2925255291954265,1.646000019983736,1.5251679162752516,2.2517147038976706,0.8245750731327746,-1.4515839240200874,-1.072572428946292,2.0820913453026884,2.6485890735945343,1.1225687457362186
86.0,29.0,1258.91650390625,-3.2925255291954265,1.646000019983736,1.5251679162752516,2.2517147038976706,0.8245750731327746,-1.4515839240200874,-1.072572428946292,2.0820913453026884,2.6485890735945343,1.1225687457362186
86.0,29.0,1259.244140625,-3.2803712987105627,1.6284194947298682,1.5245467681330236,2.2550231776121947,0.8290281584297906,-1.4405322777137703,-1.0919370762985583,2.084971452552784,2.6485890692207668,1.15824291816266
86.0,29.0,1259.244140625,-3.2803712987105627,1.6284194947298682,1.5245467681330236,2.2550231776121947,0.8290281584297906,-1.4405322777137703,-1.0919370762985583,2.084971452552784,2.6485890692207668,1.15824291816266
86.0,29.0,1259.3218994140625,-3.290818923350062,1.6345840063102506,1.5257788325535468,2.254287061910668,0.8247489992322824,-1.4327931039124433,-1.1206965172587025,2.030533793098663,2.6485890735945343,1.138783048059762
86.0,29.0,1259.444091796875,-3.304953696507317,1.650888389440759,1.3116898039871463,2.2542796048933216,0.7132902033269424,-1.4338579212721756,-1.0919661036159551,2.0820913453026884,2.6485890735945343,1.1286585052381812
86.0,29.0,1259.484130859375,-3.292458820152187,1.6513639140532803,1.303133333310878,2.2542796048933216,0.543835598382973,-1.4533960488696482,-1.0745406836065456,2.0820913453026884,2.6485890735945343,1.1286585052381812
86.0,29.0,1259.484130859375,-3.292458820152187,1.6513639140532803,1.303133333310878,2.2542796048933216,0.543835598382973,-1.4533960488696482,-1.0745406836065456,2.0820913453026884,2.6485890735945343,1.1286585052381812
86.0,29.0,1259.53857421875,-3.297388881093987,1.6450385007142458,1.5251679162752516,2.2517147038976706,0.8245056284100003,-1.4532735043417135,-1.0722701578636236,2.0822964981515097,2.6265788129044134,1.1225687457362186
86.0,29.0,1259.5577392578125,-3.2937952961032453,1.6484688287840752,1.5343513571561,2.2542744647259627,0.8296817674364538,-1.4510477378117907,-1.074545986140246,2.0818118970622868,2.632077635047746,1.1387154499865997
86.0,29.0,1259.6414794921875,-3.2937952961032453,1.6484688287840752,1.5359740942280158,2.254803660676186,0.8296254770666204,-1.4516286369569933,-1.0745406836065456,2.0818118970622868,2.632077635047746,1.1387154499865997
86.0,29.0,1259.6728515625,-3.292458820152187,1.6293330723937725,1.303133333310878,2.255005933759539,0.543835598382973,-1.432738622769452,-1.0919661036159551,2.0851238654791526,2.648589073734833,1.1308697498576987
86.0,29.0,1259.8795166015625,-3.2938153090775644,1.645600293947751,1.303158147572735,2.2542743215194125,0.543835598382973,-1.4533960488696482,-1.0745406836065456,2.082286837507081,2.6485890735945343,1.1284966241194834
86.0,29.0,1260.2791748046875,-3.292452470793778,1.651426705003352,1.5310768737884948,2.254860678912765,0.8346799634752525,-1.4515039640575411,-1.0745406836065456,2.082086457991535,2.632077635047746,1.137717415648943
86.0,29.0,1260.5546875,-3.297775791491281,1.6281933759953515,1.303157874541272,2.2542743215194125,0.543835598382973,-1.4532819384373472,-1.092829899027454,2.082286837507081,2.62535233917998,1.1284966241194834
86.0,29.0,1261.578857421875,-3.2919952473643623,1.6283902973903206,1.3031581466157074,2.2542743215194125,0.543835598382973,-1.4532819384373472,-1.0732621250219967,2.082286837507081,2.648006288711436,1.1282672873619302
86.0,29.0,1261.599609375,-3.2919952473643623,1.6281933759953515,1.303157874541272,2.2542743215194125,0.543835598382973,-1.4532819384373472,-1.0732799350747464,2.082286837507081,2.6480239532098286,1.1282672873619302
86.0,29.0,1264.8154296875,-3.294237070111956,1.646000019983736,1.5196076747030616,2.2517147038976706,0.4584830758781937,-1.4409301399352723,-1.1301455790338106,2.076816622555965,2.6485890735945343,1.122558979640642
86.0,29.0,1266.169677734375,-3.2944326876718244,1.646000019983736,1.5196076747030616,2.2517147038976706,0.4470929910359985,-1.4409301399352723,-1.1301455790338106,2.076816622555965,2.6485890735945343,1.1225687457362186
86.0,29.0,1266.189208984375,-3.294237070111956,1.646000019983736,1.5196076747030616,2.2517147038976706,0.4470929910359985,-1.4409301399352723,-1.1301455790338106,2.076816622555965,2.6485890735945343,1.1225687457362186
86.0,29.0,1266.3609619140625,-3.294439800164536,1.646000019983736,1.5251679162752516,2.2517147038976706,0.4470929910359985,-1.4409301399352723,-1.1301455790338106,2.076816622555965,2.6485890735945343,1.1225687457362186
86.0,30.0,1250.41162109375,-3.304953696507317,1.6511417255194203,1.5276093984893155,2.25502884836042,0.7132902033269424,-1.4338579212721756,-1.09196611719254,2.0820913453026884,2.6485890737080235,1.1585641033751648
86.0,30.0,1252.628662109375,-3.2799216145562946,1.646000019983736,1.530947162720094,2.2543380832194315,0.6387063140271874,-1.434232299118532,-1.0725946763298242,2.0820913453026884,2.6485890735945343,1.1390593223835987
86.0,30.0,1254.1978759765625,-3.27987934788738,1.651562767151888,1.540412092799084,2.254356899026626,0.7928246404814926,-1.432712048514288,-1.0919661036159551,2.0820913453026884,2.6485890735945343,1.1286585052381812
86.0,30.0,1254.260986328125,-3.27987934788738,1.651562767151888,1.5401239144632914,2.254356899026626,0.7928246404814926,-1.432711753002384,-1.0919661036159551,2.082268937077954,2.6485890735945343,1.140186910029372
86.0,30.0,1256.541748046875,-3.2943776646751,1.646000019983736,1.5309786921202733,2.2544818156449904,0.8247380520733345,-1.434133855477253,-1.074778196162807,2.0768689396617463,2.6485890735945343,1.139805387736294
86.0,30.0,1256.693115234375,-3.2936515289895274,1.646139102101834,1.531140860318163,2.2544745025415884,0.8247361501216062,-1.435143571716054,-1.0745835966090225,2.0818340012501104,2.6485890735945343,1.1227329933043686
86.0,30.0,1256.999755859375,-3.2799216145562946,1.646000019983736,1.5343353032298157,2.254276339081363,0.8247380520733345,-1.4339124024151668,-1.0748234194712334,2.0820913453026884,2.6485890735945343,1.138783048059762
86.0,30.0,1256.999755859375,-3.2799216145562946,1.646000019983736,1.5343353032298157,2.254276339081363,0.8247380520733345,-1.4339124024151668,-1.0748234194712334,2.0820913453026884,2.6485890735945343,1.138783048059762
86.0,30.0,1257.004150390625,-3.2799216145562946,1.646000019983736,1.5343353032298157,2.2543551254680083,0.8247380520733345,-1.4339124024151668,-1.074778196162807,2.0820913453026884,2.6485890735945343,1.138783048059762
86.0,30.0,1257.0224609375,-3.2799216145562946,1.646000019983736,1.535958040301731,2.2548055350315868,0.8246817617035012,-1.4344933015603694,-1.074818116937533,2.0820913453026884,2.6485890735945343,1.138783048059762
86.0,30.0,1257.05810546875,-3.2799216145562946,1.646000019983736,1.535958040301731,2.2548055350315868,0.8247405780323135,-1.4344933015603694,-1.0747985234691466,2.08468051962935,2.6485890735945343,1.1511794811742349
86.0,30.0,1257.072998046875,-3.2799216145562946,1.646000019983736,1.5343353032298157,2.2543551254680083,0.8247380520733345,-1.4338978872071677,-1.0917813425548597,2.0818966522840863,2.6485890735945343,1.138783048059762
86.0,30.0,1257.14990234375,-3.2907619647767867,1.6339096285991217,1.5343353032298157,2.254287061910668,0.8247489992322824,-1.4339124024151668,-1.1206965172587025,2.082112146076333,2.6485890735945343,1.138783048059762
86.0,30.0,1257.1815185546875,-3.2799216145562946,1.646000019983736,1.530947162720094,2.2543551254680083,0.8247380520733345,-1.434232299118532,-1.074778196162807,2.0820913453026884,2.6485890735945343,1.139805387736294
86.0,30.0,1257.184326171875,-3.293011923794845,1.6458503559177726,1.5251679162752516,2.2517147038976706,0.8213940147511312,-1.4409301399352723,-1.0725390702576922,2.0820913453026884,2.6485890735945343,1.1225687457362186
86.0,30.0,1257.1888427734375,-3.2925255291954265,1.6460084203410217,1.5251679162752516,2.2516883376175487,0.8217182159916456,-1.4410726534424303,-1.0747797948129756,2.0820913453026884,2.6485890735945343,1.1388778987646069
86.0,30.0,1257.250732421875,-3.2799216145562946,1.646000019983736,1.530030960126257,2.25430245173964,0.8247380520733345,-1.4343644939708406,-1.074796623998156,2.0846843719126213,2.6485890735945343,1.1512408853703728
86.0,30.0,1257.2548828125,-3.2925255291954265,1.6460084203410217,1.5251679162752516,2.2516883376175487,0.8217182159916456,-1.4410726534424303,-1.0744871168569516,2.0820913453026884,2.6485890735945343,1.1226760763688042
86.0,30.0,1257.334228515625,-3.292458820152187,1.6460075590526455,1.5372494721701433,2.254501788731228,0.8271880564885623,-1.4409717006720155,-1.0745406836065456,2.0820913453026884,2.6485890735945343,1.1286585052381812
86.0,30.0,1257.440673828125,-3.293981984911498,1.6284194947298682,1.524358970853125,2.2550231776121947,0.8287149108636913,-1.433029539600449,-1.0919691239667395,2.084971452552784,2.6485890736435818,1.15824291816266
86.0,30.0,1257.4561767578125,-3.2925255291954265,1.646000019983736,1.5251679162752516,2.2517147038976706,0.8245285599675398,-1.44052464898582,-1.0725389993971373,2.0820913453026884,2.6485890735945343,1.1225687457362186
86.0,30.0,1257.5155029296875,-3.293981984911498,1.6284194947298682,1.5245495231195896,2.2550231776121947,0.8287149108636913,-1.433569941056138,-1.0919691239667395,2.084971452552784,2.6485890692207668,1.15824291816266
86.0,30.0,1257.5155029296875,-3.293981984911498,1.6284194947298682,1.5245495231195896,2.2550231776121947,0.8287149108636913,-1.433569941056138,-1.0919691239667395,2.084971452552784,2.6485890692207668,1.15824291816266
86.0,30.0,1257.5155029296875,-3.293981984911498,1.6284194947298682,1.5245495231195896,2.2550231776121947,0.8287149108636913,-1.433569941056138,-1.0919691239667395,2.084971452552784,2.6485890692207668,1.15824291816266
86.0,30.0,1257.6885986328125,-3.292354403731701,1.646000019983736,1.5300430620767678,2.2517147038976706,0.8216881880024184,-1.435697078516339,-1.0725390702576922,2.0846773209937526,2.6813389780528056,1.1512416115872823
86.0,30.0,1257.796630859375,-3.2799216145562946,1.6187290619141352,1.5251679162752516,2.2517147038976706,0.8213700369061963,-1.4409301399352723,-1.0725390702576922,2.0820913453026884,2.6485890735945343,1.1225687457362186
86.0,30.0,1257.8267822265625,-3.2799216145562946,1.646000019983736,1.5251679162752516,2.2517147038976706,0.8213700369061963,-1.4409301399352723,-1.0725390702576922,2.0820913453026884,2.6485890735945343,1.1225687457362186
86.0,30.0,1257.8267822265625,-3.2799216145562946,1.646000019983736,1.5251679162752516,2.2517147038976706,0.8213700369061963,-1.4409301399352723,-1.0725390702576922,2.0820913453026884,2.6485890735945343,1.1225687457362186
86.0,30.0,1257.8267822265625,-3.2799216145562946,1.646000019983736,1.5251679162752516,2.2517147038976706,0.8213700369061963,-1.4409301399352723,-1.0725390702576922,2.0820913453026884,2.6485890735945343,1.1225687457362186
86.0,30.0,1257.8267822265625,-3.2799216145562946,1.646000019983736,1.5251679162752516,2.2517147038976706,0.8213700369061963,-1.4409301399352723,-1.0725390702576922,2.0820913453026884,2.6485890735945343,1.1225687457362186
86.0,30.0,1257.8577880859375,-3.297580656524272,1.6283325190449494,1.3078415230171565,2.2515720920965028,0.6003432393196843,-1.4430439462676237,-1.0927577927964005,2.0823032944335265,2.625208661347754,1.1394559014305796
86.0,30.0,1257.8631591796875,-3.2796941903871213,1.646000019983736,1.5251679162752516,2.2517147038976706,0.8216151901237382,-1.4409301399352723,-1.0715628687693486,2.0820913453026884,2.6485890735945343,1.1225687457362186
86.0,30.0,1257.8916015625,-3.292458820152187,1.651562767151888,1.303133333310878,2.2542796048933216,0.543835598382973,-1.432738622769452,-1.0919661036159551,2.0820913453026884,2.6485890735945343,1.1286585052381812
86.0,30.0,1257.8916015625,-3.292458820152187,1.651562767151888,1.303133333310878,2.2542796048933216,0.543835598382973,-1.432738622769452,-1.0919661036159551,2.0820913453026884,2.6485890735945343,1.1286585052381812
86.0,30.0,1258.059326171875,-3.292458820152187,1.651562767151888,1.2979612787743005,2.2542796048933216,0.543835598382973,-1.432738622769452,-1.0919661036159551,2.0820913453026884,2.6485890735945343,1.1286585052381812
86.0,30.0,1258.2989501953125,-3.280037031470096,1.646000019983736,1.5358670830056185,2.2517698069624448,0.543743769709204,-1.4407932298326969,-1.0725390702576922,2.0820913453026884,2.6485890735945343,1.1225687457362186
86.0,30.0,1258.5133056640625,-3.292390799183518,1.6466744201795511,1.539393097406696,2.254499501820975,0.8271745467471324,-1.4411673397108695,-1.1185529920176134,2.083199743811487,2.64863276520899,1.1521371728663052
86.0,30.0,1258.547119140625,-3.292452470793778,1.651426705003352,1.5310768737884948,2.254860678912765,0.8353613654989818,-1.4410459952870889,-1.0745406836065456,2.082086457991535,2.632077635047746,1.137717415648943
86.0,30.0,1258.6419677734375,-3.2925255291954265,1.646000019983736,1.5251679162752516,2.2517147038976706,0.8216881880024184,-1.4515839240200874,-1.0725390702576922,2.0820913453026884,2.6485890735945343,1.1225687457362186
86.0,30.0,1258.713623046875,-3.292318979626512,1.646057741431573,1.303046613274191,2.2542796048933216,0.5343178114963825,-1.432738622769452,-1.0919661036159551,2.0820913453026884,2.6485890735945343,1.1286585052381812
86.0,30.0,1258.844482421875,-3.279834030912796,1.6515050457040512,1.5252546363119388,2.2517147038976706,0.8311329770103286,-1.4409301399352723,-1.0715628687693486,2.0820913453026884,2.6485890735945343,1.1225687457362186
86.0,30.0,1258.9056396484375,-3.293716668344394,1.6461371441049462,1.5251679162752516,2.251634636560192,0.8245750731327746,-1.45161581918632,-1.0745855722585125,2.081655550589906,2.6485890735945343,1.1227329933043686
86.0,30.0,1258.91650390625,-3.2925255291954265,1.646000019983736,1.5251679162752516,2.2517147038976706,0.8245750731327746,-1.4515839240200874,-1.072572428946292,2.0820913453026884,2.6485890735945343,1.1225687457362186
86.0,30.0,1258.91650390625,-3.2925255291954265,1.646000019983736,1.5251679162752516,2.2517147038976706,0.8245750731327746,-1.4515839240200874,-1.072572428946292,2.0820913453026884,2.6485890735945343,1.1225687457362186
86.0,30.0,1259.002685546875,-3.2925255291954265,1.646000019983736,1.5251679162752516,2.2517147038976706,0.8245932693278292,-1.44052464898582,-1.144472566140481,2.0820913453026884,2.6485890735945343,1.1225687457362186
86.0,30.0,1259.244140625,-3.2803712987105627,1.6284194947298682,1.5245467681330236,2.2550231776121947,0.8290281584297906,-1.4405322777137703,-1.0919370762985583,2.084971452552784,2.6485890692207668,1.15824291816266
86.0,30.0,1259.244140625,-3.2803712987105627,1.6284194947298682,1.5245467681330236,2.2550231776121947,0.8290281584297906,-1.4405322777137703,-1.0919370762985583,2.084971452552784,2.6485890692207668,1.15824291816266
86.0,30.0,1259.3218994140625,-3.290818923350062,1.6345840063102506,1.5257788325535468,2.254287061910668,0.8247489992322824,-1.4327931039124433,-1.1206965172587025,2.030533793098663,2.6485890735945343,1.138783048059762
86.0,30.0,1259.444091796875,-3.304953696507317,1.650888389440759,1.3116898039871463,2.2542796048933216,0.7132902033269424,-1.4338579212721756,-1.0919661036159551,2.0820913453026884,2.6485890735945343,1.1286585052381812
86.0,30.0,1259.460693359375,-3.28009274002002,1.646000019983736,1.5251558143247408,2.25430245173964,0.8247380520733345,-1.450251339474589,-1.074796623998156,2.082098396221557,2.6485890735945343,1.122568019519309
86.0,31.0,1250.41162109375,-3.304953696507317,1.6511417255194203,1.5276093984893155,2.25502884836042,0.7132902033269424,-1.4338579212721756,-1.09196611719254,2.0820913453026884,2.6485890737080235,1.1585641033751648
86.0,31.0,1251.3853759765625,-3.293981984911498,1.645238523978406,1.524358970853125,2.2550231776121947,0.707828415284579,-1.433029539600449,-1.074771078273396,2.076732189696536,2.6485890736435818,1.1591776209320008
86.0,31.0,1252.104248046875,-3.292354403731701,1.6464326041410733,1.5302162268171888,2.2517147038976706,0.7077490059627038,-1.4355741952754333,-1.092884953678764,2.0818292781050984,2.6813389780528056,1.1512416115872823
86.0,31.0,1252.5308837890625,-3.27987934788738,1.646013402020522,1.5307068603327785,2.254356899026626,0.6331343422915805,-1.432712048514288,-1.0919661036159551,2.171941514977392,2.6485890735945343,1.1393125798316468
86.0,31.0,1252.628662109375,-3.2799216145562946,1.646000019983736,1.530947162720094,2.2543380832194315,0.6387063140271874,-1.434232299118532,-1.0725946763298242,2.0820913453026884,2.6485890735945343,1.1390593223835987
86.0,31.0,1252.628662109375,-3.2799216145562946,1.646000019983736,1.530947162720094,2.2543380832194315,0.6387063140271874,-1.434232299118532,-1.0725946763298242,2.0820913453026884,2.6485890735945343,1.1390593223835987
86.0,31.0,1254.1978759765625,-3.27987934788738,1.651562767151888,1.540412092799084,2.254356899026626,0.7928246404814926,-1.432712048514288,-1.0919661036159551,2.0820913453026884,2.6485890735945343,1.1286585052381812
86.0,31.0,1254.260986328125,-3.27987934788738,1.651562767151888,1.5401239144632914,2.254356899026626,0.7928246404814926,-1.432711753002384,-1.0919661036159551,2.082268937077954,2.6485890735945343,1.140186910029372
86.0,31.0,1254.2894287109375,-3.27987934788738,1.6462231577652624,1.5401239144632914,2.2543492610315483,0.7928246404814926,-1.432711753002384,-1.0919661036159551,2.082268937077954,2.6485890735945343,1.140643769353343
86.0,31.0,1254.6055908203125,-3.280364616499325,1.651562767151888,1.5237986119581468,2.2543462849088955,0.7908364312673912,-1.432712048514288,-1.0919664396238995,2.0820913453026884,2.6485890735945343,1.1279432585911118
86.0,31.0,1255.5718994140625,-3.27987934788738,1.6459103118525142,1.5249191402349949,2.2516022525149912,0.7920646513572193,-1.440448664476763,-1.0921699802700209,2.082268937077954,2.6485890735945343,1.1388322550020158
86.0,31.0,1256.348876953125,-3.291914868552691,1.645999463164611,1.5343353032298157,2.2543551254680083,0.8245811955909088,-1.4339124024151668,-1.074778196162807,2.0820913453026884,2.6485890735945343,1.138783048059762
86.0,31.0,1256.433349609375,-3.2908570193910136,1.6457964677312782,1.534166812242943,2.2544837387938164,0.8247489992322824,-1.4339101611525016,-1.0756315591701395,2.0818648592915903,2.6485890735945343,1.138783048059762
86.0,31.0,1256.541748046875,-3.2943776646751,1.646000019983736,1.5309786921202733,2.2544818156449904,0.8247380520733345,-1.434133855477253,-1.074778196162807,2.0768689396617463,2.6485890735945343,1.139805387736294
86.0,31.0,1256.6861572265625,-3.2799216145562946,1.646000019983736,1.5346203965999656,2.2517147038976706,0.8213700369061963,-1.4339345510063146,-1.0725390702576922,2.0820913453026884,2.6485890735945343,1.1225687457362186
86.0,31.0,1256.693115234375,-3.2936515289895274,1.646139102101834,1.531140860318163,2.2544745025415884,0.8247361501216062,-1.435143571716054,-1.0745835966090225,2.0818340012501104,2.6485890735945343,1.1227329933043686
86.0,31.0,1256.999755859375,-3.2799216145562946,1.646000019983736,1.5343353032298157,2.254276339081363,0.8247380520733345,-1.4339124024151668,-1.0748234194712334,2.0820913453026884,2.6485890735945343,1.138783048059762
86.0,31.0,1256.999755859375,-3.2799216145562946,1.646000019983736,1.5343353032298157,2.254276339081363,0.8247380520733345,-1.4339124024151668,-1.0748234194712334,2.0820913453026884,2.6485890735945343,1.138783048059762
86.0,31.0,1256.999755859375,-3.2799216145562946,1.646000019983736,1.5343353032298157,2.254276339081363,0.8247380520733345,-1.4339124024151668,-1.0748234194712334,2.0820913453026884,2.6485890735945343,1.138783048059762
86.0,31.0,1257.004150390625,-3.2799216145562946,1.646000019983736,1.5343353032298157,2.2543551254680083,0.8247380520733345,-1.4339124024151668,-1.074778196162807,2.0820913453026884,2.6485890735945343,1.138783048059762
86.0,31.0,1257.0224609375,-3.2799216145562946,1.646000019983736,1.535958040301731,2.2548055350315868,0.8246817617035012,-1.4344933015603694,-1.074818116937533,2.0820913453026884,2.6485890735945343,1.138783048059762
86.0,31.0,1257.05810546875,-3.2799216145562946,1.646000019983736,1.535958040301731,2.2548055350315868,0.8247405780323135,-1.4344933015603694,-1.0747985234691466,2.08468051962935,2.6485890735945343,1.1511794811742349
86.0,31.0,1257.072998046875,-3.2799216145562946,1.646000019983736,1.5343353032298157,2.2543551254680083,0.8247380520733345,-1.4338978872071677,-1.0917813425548597,2.0818966522840863,2.6485890735945343,1.138783048059762
86.0,31.0,1257.0755615234375,-3.280150835528938,1.6285111816116729,1.524543401450487,2.2549662815448914,0.8212360462483828,-1.433569941056138,-1.0723623711480303,2.082108740645446,2.6485890692207668,1.122688249205699
86.0,31.0,1257.14990234375,-3.2907619647767867,1.6339096285991217,1.5343353032298157,2.254287061910668,0.8247489992322824,-1.4339124024151668,-1.1206965172587025,2.082112146076333,2.6485890735945343,1.138783048059762
86.0,31.0,1257.1815185546875,-3.2799216145562946,1.646000019983736,1.530947162720094,2.2543551254680083,0.8247380520733345,-1.434232299118532,-1.074778196162807,2.0820913453026884,2.6485890735945343,1.139805387736294
86.0,31.0,1257.184326171875,-3.293011923794845,1.6458503559177726,1.5251679162752516,2.2517147038976706,0.8213940147511312,-1.4409301399352723,-1.0725390702576922,2.0820913453026884,2.6485890735945343,1.1225687457362186
86.0,31.0,1257.1888427734375,-3.2925255291954265,1.6460084203410217,1.5251679162752516,2.2516883376175487,0.8217182159916456,-1.4410726534424303,-1.0747797948129756,2.0820913453026884,2.6485890735945343,1.1388778987646069
86.0,31.0,1257.250732421875,-3.2799216145562946,1.646000019983736,1.530030960126257,2.25430245173964,0.8247380520733345,-1.4343644939708406,-1.074796623998156,2.0846843719126213,2.6485890735945343,1.1512408853703728
86.0,31.0,1257.2548828125,-3.2925255291954265,1.6460084203410217,1.5251679162752516,2.2516883376175487,0.8217182159916456,-1.4410726534424303,-1.0744871168569516,2.0820913453026884,2.6485890735945343,1.1226760763688042
86.0,31.0,1257.2919921875,-3.2942826100608724,1.6341131808515794,1.5311471831071457,2.254285138761842,0.8247380520733345,-1.4341360967399184,-1.1198431542513698,2.0771162264464893,2.6485890735945343,1.139805387736294
86.0,31.0,1257.334228515625,-3.292458820152187,1.6460075590526455,1.5372494721701433,2.254501788731228,0.8271880564885623,-1.4409717006720155,-1.0745406836065456,2.0820913453026884,2.6485890735945343,1.1286585052381812
86.0,31.0,1257.38671875,-3.292458820152187,1.6513471684392715,1.5372494721701433,2.254509426726306,0.8271880564885623,-1.4409717006720155,-1.0745406836065456,2.0820913453026884,2.6485890735945343,1.1282016459142103
86.0,31.0,1257.4127197265625,-3.2796941903871213,1.646000019983736,1.5344035684563946,2.2517147038976706,0.8216151901237382,-1.4409301399352723,-1.0715628687693486,2.0820913453026884,2.6485890735945343,1.1387477359446352
86.0,31.0,1257.440673828125,-3.293981984911498,1.6284194947298682,1.524358970853125,2.2550231776121947,0.8287149108636913,-1.433029539600449,-1.0919691239667395,2.084971452552784,2.6485890736435818,1.15824291816266
86.0,31.0,1257.4561767578125,-3.2925255291954265,1.646000019983736,1.5251679162752516,2.2517147038976706,0.8245285599675398,-1.44052464898582,-1.0725389993971373,2.0820913453026884,2.6485890735945343,1.1225687457362186
86.0,31.0,1257.5155029296875,-3.293981984911498,1.6284194947298682,1.5245495231195896,2.2550231776121947,0.8287149108636913,-1.433569941056138,-1.0919691239667395,2.084971452552784,2.6485890692207668,1.15824291816266
86.0,31.0,1257.5155029296875,-3.293981984911498,1.6284194947298682,1.5245495231195896,2.2550231776121947,0.8287149108636913,-1.433569941056138,-1.0919691239667395,2.084971452552784,2.6485890692207668,1.15824291816266
86.0,31.0,1257.5155029296875,-3.293981984911498,1.6284194947298682,1.5245495231195896,2.2550231776121947,0.8287149108636913,-1.433569941056138,-1.0919691239667395,2.084971452552784,2.6485890692207668,1.15824291816266
86.0,31.0,1257.619873046875,-3.2923201288912693,1.6460084203410217,1.5251679162752516,2.255010135988861,0.8217182159916456,-1.4414040188097226,-1.0928952756823624,2.0820913453026884,2.6485890735945343,1.1247672046258883
86.0,31.0,1257.6885986328125,-3.292354403731701,1.646000019983736,1.5300430620767678,2.2517147038976706,0.8216881880024184,-1.435697078516339,-1.0725390702576922,2.0846773209937526,2.6813389780528056,1.1512416115872823
86.0,31.0,1257.796630859375,-3.2799216145562946,1.6187290619141352,1.5251679162752516,2.2517147038976706,0.8213700369061963,-1.4409301399352723,-1.0725390702576922,2.0820913453026884,2.6485890735945343,1.1225687457362186
86.0,31.0,1257.8267822265625,-3.2799216145562946,1.646000019983736,1.5251679162752516,2.2517147038976706,0.8213700369061963,-1.4409301399352723,-1.0725390702576922,2.0820913453026884,2.6485890735945343,1.1225687457362186
86.0,31.0,1257.8267822265625,-3.2799216145562946,1.646000019983736,1.5251679162752516,2.2517147038976706,0.8213700369061963,-1.4409301399352723,-1.0725390702576922,2.0820913453026884,2.6485890735945343,1.1225687457362186
86.0,31.0,1257.8267822265625,-3.2799216145562946,1.646000019983736,1.5251679162752516,2.2517147038976706,0.8213700369061963,-1.4409301399352723,-1.0725390702576922,2.0820913453026884,2.6485890735945343,1.1225687457362186
86.0,31.0,1257.8267822265625,-3.2799216145562946,1.646000019983736,1.5251679162752516,2.2517147038976706,0.8213700369061963,-1.4409301399352723,-1.0725390702576922,2.0820913453026884,2.6485890735945343,1.1225687457362186
86.0,31.0,1257.8577880859375,-3.297580656524272,1.6283325190449494,1.3078415230171565,2.2515720920965028,0.6003432393196843,-1.4430439462676237,-1.0927577927964005,2.0823032944335265,2.625208661347754,1.1394559014305796
86.0,31.0,1257.8631591796875,-3.2796941903871213,1.646000019983736,1.5251679162752516,2.2517147038976706,0.8216151901237382,-1.4409301399352723,-1.0715628687693486,2.0820913453026884,2.6485890735945343,1.1225687457362186
86.0,31.0,1257.8916015625,-3.292458820152187,1.651562767151888,1.303133333310878,2.2542796048933216,0.543835598382973,-1.432738622769452,-1.0919661036159551,2.0820913453026884,2.6485890735945343,1.1286585052381812
86.0,31.0,1257.8916015625,-3.292458820152187,1.651562767151888,1.303133333310878,2.2542796048933216,0.543835598382973,-1.432738622769452,-1.0919661036159551,2.0820913453026884,2.6485890735945343,1.1286585052381812
86.0,32.0,1248.8577880859375,-3.304953696507317,1.7048985711888376,1.5276093984893155,2.254281665639955,0.7132902033269424,-1.3539252461980047,-1.092587859592747,2.0820913453026884,2.6485890737080235,1.1585641033751648
86.0,32.0,1250.41162109375,-3.304953696507317,1.6511417255194203,1.5276093984893155,2.25502884836042,0.7132902033269424,-1.4338579212721756,-1.09196611719254,2.0820913453026884,2.6485890737080235,1.1585641033751648
86.0,32.0,1251.11181640625,-3.293981984911498,1.645994566371311,1.524358970853125,2.254786770304269,0.707828415284579,-1.433029539600449,-1.0747709399308,2.084779469553566,2.6485890736435818,1.1591776209320008
86.0,32.0,1251.3853759765625,-3.293981984911498,1.645238523978406,1.524358970853125,2.2550231776121947,0.707828415284579,-1.433029539600449,-1.074771078273396,2.076732189696536,2.6485890736435818,1.1591776209320008
86.0,32.0,1252.104248046875,-3.292354403731701,1.6464326041410733,1.5302162268171888,2.2517147038976706,0.7077490059627038,-1.4355741952754333,-1.092884953678764,2.0818292781050984,2.6813389780528056,1.1512416115872823
86.0,32.0,1252.450927734375,-3.2799216145562946,1.6462238082858,1.530947162720094,2.2543380832194315,0.6387063140271874,-1.432703805999203,-1.073102597485777,2.0820913453026884,2.6485890735945343,1.1390593223835987
86.0,32.0,1252.5308837890625,-3.27987934788738,1.646013402020522,1.5307068603327785,2.254356899026626,0.6331343422915805,-1.432712048514288,-1.0919661036159551,2.171941514977392,2.6485890735945343,1.1393125798316468
86.0,32.0,1252.628662109375,-3.2799216145562946,1.646000019983736,1.530947162720094,2.2543380832194315,0.6387063140271874,-1.434232299118532,-1.0725946763298242,2.0820913453026884,2.6485890735945343,1.1390593223835987
86.0,32.0,1252.628662109375,-3.2799216145562946,1.646000019983736,1.530947162720094,2.2543380832194315,0.6387063140271874,-1.434232299118532,-1.0725946763298242,2.0820913453026884,2.6485890735945343,1.1390593223835987
86.0,32.0,1253.114501953125,-3.279854602907133,1.6464326041410733,1.5302162268171888,2.2517147038976706,0.7064412926704646,-1.434277179675597,-1.092884953678764,2.082078571487348,2.680965405494064,1.151224205338957
86.0,32.0,1253.2822265625,-3.27987934788738,1.6459470459520782,1.540412092799084,2.254356899026626,0.7778505805250252,-1.432712048514288,-1.0919661036159551,2.0820913453026884,2.6485890735945343,1.1286585052381812
86.0,32.0,1254.166015625,-3.2803655274179024,1.651451841690262,1.540412092799084,2.254356517199296,0.7928246404814926,-1.432712048514288,-1.0919661036159551,2.0820913453026884,2.6485890735945343,1.1286585052381812
86.0,32.0,1254.1978759765625,-3.27987934788738,1.651562767151888,1.540412092799084,2.254356899026626,0.7928246404814926,-1.432712048514288,-1.0919661036159551,2.0820913453026884,2.6485890735945343,1.1286585052381812
86.0,32.0,1254.260986328125,-3.27987934788738,1.651562767151888,1.5401239144632914,2.254356899026626,0.7928246404814926,-1.432711753002384,-1.0919661036159551,2.082268937077954,2.6485890735945343,1.140186910029372
86.0,32.0,1254.2894287109375,-3.27987934788738,1.6462231577652624,1.5401239144632914,2.2543492610315483,0.7928246404814926,-1.432711753002384,-1.0919661036159551,2.082268937077954,2.6485890735945343,1.140643769353343
86.0,32.0,1254.6055908203125,-3.280364616499325,1.651562767151888,1.5237986119581468,2.2543462849088955,0.7908364312673912,-1.432712048514288,-1.0919664396238995,2.0820913453026884,2.6485890735945343,1.1279432585911118
86.0,32.0,1254.6663818359375,-3.2943776646751,1.646000019983736,1.5309786921202733,2.2544818156449904,0.7906110936564361,-1.4407247223758408,-1.074778196162807,2.076935713606286,2.6485890735945343,1.138830211231814
86.0,32.0,1255.5718994140625,-3.27987934788738,1.6459103118525142,1.5249191402349949,2.2516022525149912,0.7920646513572193,-1.440448664476763,-1.0921699802700209,2.082268937077954,2.6485890735945343,1.1388322550020158
86.0,32.0,1256.348876953125,-3.291914868552691,1.645999463164611,1.5343353032298157,2.2543551254680083,0.8245811955909088,-1.4339124024151668,-1.074778196162807,2.0820913453026884,2.6485890735945343,1.138783048059762
86.0,32.0,1256.433349609375,-3.2908570193910136,1.6457964677312782,1.534166812242943,2.2544837387938164,0.8247489992322824,-1.4339101611525016,-1.0756315591701395,2.0818648592915903,2.6485890735945343,1.138783048059762
86.0,32.0,1256.5111083984375,-3.290904469746222,1.6457964677312782,1.534166812242943,2.2544837387938164,0.8247489992322824,-1.4339347375833271,-1.0756315591701395,2.081865157620413,2.6485890735945343,1.1513525886198603
86.0,32.0,1256.5159912109375,-3.290904239855277,1.6457976116568294,1.5343353032298157,2.2543551254680083,0.8247380520733345,-1.43391102315611,-1.0917813425548597,2.0818970643028605,2.6485890735945343,1.138783048059762
86.0,32.0,1256.541748046875,-3.2943776646751,1.646000019983736,1.5309786921202733,2.2544818156449904,0.8247380520733345,-1.434133855477253,-1.074778196162807,2.0768689396617463,2.6485890735945343,1.139805387736294
86.0,32.0,1256.6861572265625,-3.2799216145562946,1.646000019983736,1.5346203965999656,2.2517147038976706,0.8213700369061963,-1.4339345510063146,-1.0725390702576922,2.0820913453026884,2.6485890735945343,1.1225687457362186
86.0,32.0,1256.693115234375,-3.2936515289895274,1.646139102101834,1.531140860318163,2.2544745025415884,0.8247361501216062,-1.435143571716054,-1.0745835966090225,2.0818340012501104,2.6485890735945343,1.1227329933043686
86.0,32.0,1256.712646484375,-3.2925525258161104,1.6460037463649837,1.525739032937259,2.254286325871739,0.8245285599675398,-1.4328018587121718,-1.091763382816645,2.0820913453026884,2.6485890735945343,1.1222463398312554
86.0,32.0,1256.999755859375,-3.2799216145562946,1.646000019983736,1.5343353032298157,2.254276339081363,0.8247380520733345,-1.4339124024151668,-1.0748234194712334,2.0820913453026884,2.6485890735945343,1.138783048059762
86.0,32.0,1256.999755859375,-3.2799216145562946,1.646000019983736,1.5343353032298157,2.254276339081363,0.8247380520733345,-1.4339124024151668,-1.0748234194712334,2.0820913453026884,2.6485890735945343,1.138783048059762
86.0,32.0,1256.999755859375,-3.2799216145562946,1.646000019983736,1.5343353032298157,2.254276339081363,0.8247380520733345,-1.4339124024151668,-1.0748234194712334,2.0820913453026884,2.6485890735945343,1.138783048059762
86.0,32.0,1256.999755859375,-3.2799216145562946,1.646000019983736,1.5343353032298157,2.254276339081363,0.8247380520733345,-1.4339124024151668,-1.0748234194712334,2.0820913453026884,2.6485890735945343,1.138783048059762
86.0,32.0,1257.004150390625,-3.2799216145562946,1.646000019983736,1.5343353032298157,2.2543551254680083,0.8247380520733345,-1.4339124024151668,-1.074778196162807,2.0820913453026884,2.6485890735945343,1.138783048059762
86.0,32.0,1257.0224609375,-3.2799216145562946,1.646000019983736,1.535958040301731,2.2548055350315868,0.8246817617035012,-1.4344933015603694,-1.074818116937533,2.0820913453026884,2.6485890735945343,1.138783048059762
86.0,32.0,1257.053466796875,-3.279239580291092,1.646000019983736,1.5343353032298157,2.254515139391251,0.8247380520733345,-1.4339124024151668,-1.0748609486487235,2.0820913453026884,2.6485890735945343,1.138783048059762
86.0,32.0,1257.05810546875,-3.2799216145562946,1.646000019983736,1.535958040301731,2.2548055350315868,0.8247405780323135,-1.4344933015603694,-1.0747985234691466,2.08468051962935,2.6485890735945343,1.1511794811742349
86.0,32.0,1257.072998046875,-3.2799216145562946,1.646000019983736,1.5343353032298157,2.2543551254680083,0.8247380520733345,-1.4338978872071677,-1.0917813425548597,2.0818966522840863,2.6485890735945343,1.138783048059762
86.0,32.0,1257.0755615234375,-3.280150835528938,1.6285111816116729,1.524543401450487,2.2549662815448914,0.8212360462483828,-1.433569941056138,-1.0723623711480303,2.082108740645446,2.6485890692207668,1.122688249205699
86.0,32.0,1257.14990234375,-3.2907619647767867,1.6339096285991217,1.5343353032298157,2.254287061910668,0.8247489992322824,-1.4339124024151668,-1.1206965172587025,2.082112146076333,2.6485890735945343,1.138783048059762
86.0,32.0,1257.173583984375,-3.2800686839571265,1.646004810560704,1.530924684934303,2.2543551254680083,0.8247380520733345,-1.434232299118532,-1.07473445421122,2.0820913453026884,2.6485890735945343,1.1392157031308612
86.0,32.0,1257.1815185546875,-3.2799216145562946,1.646000019983736,1.530947162720094,2.2543551254680083,0.8247380520733345,-1.434232299118532,-1.074778196162807,2.0820913453026884,2.6485890735945343,1.139805387736294
86.0,32.0,1257.184326171875,-3.293011923794845,1.6458503559177726,1.5251679162752516,2.2517147038976706,0.8213940147511312,-1.4409301399352723,-1.0725390702576922,2.0820913453026884,2.6485890735945343,1.1225687457362186
86.0,32.0,1257.18505859375,-3.277197322466834,1.6459988760581843,1.534166812242943,2.2544837387938164,0.8247489992322824,-1.4338970252035594,-1.0756315591701395,2.0818644472728165,2.6485890735945343,1.138783048059762
86.0,32.0,1257.1888427734375,-3.2925255291954265,1.6460084203410217,1.5251679162752516,2.2516883376175487,0.8217182159916456,-1.4410726534424303,-1.0747797948129756,2.0820913453026884,2.6485890735945343,1.1388778987646069
86.0,32.0,1257.2430419921875,-3.2799216145562946,1.645243977590831,1.535958040301731,2.255041942339512,0.8247405780323135,-1.4344933015603694,-1.0747986618117429,2.0766332397723195,2.6485890735945343,1.1511794811742349
86.0,32.0,1257.250732421875,-3.2799216145562946,1.646000019983736,1.530030960126257,2.25430245173964,0.8247380520733345,-1.4343644939708406,-1.074796623998156,2.0846843719126213,2.6485890735945343,1.1512408853703728
86.0,32.0,1257.2548828125,-3.2925255291954265,1.6460084203410217,1.5251679162752516,2.2516883376175487,0.8217182159916456,-1.4410726534424303,-1.0744871168569516,2.0820913453026884,2.6485890735945343,1.1226760763688042
86.0,32.0,1257.2919921875,-3.2942826100608724,1.6341131808515794,1.5311471831071457,2.254285138761842,0.8247380520733345,-1.4341360967399184,-1.1198431542513698,2.0771162264464893,2.6485890735945343,1.139805387736294
86.0,32.0,1257.294921875,-3.2799216145562946,1.6460001882576625,1.530030960126257,2.25430245173964,0.8247380520733345,-1.434739939272658,-1.0747787816307277,2.0846843719126213,2.6485890735945343,1.1512408853703728
86.0,32.0,1257.334228515625,-3.292458820152187,1.6460075590526455,1.5372494721701433,2.254501788731228,0.8271880564885623,-1.4409717006720155,-1.0745406836065456,2.0820913453026884,2.6485890735945343,1.1286585052381812
86.0,32.0,1257.38671875,-3.292458820152187,1.6513471684392715,1.5372494721701433,2.254509426726306,0.8271880564885623,-1.4409717006720155,-1.0745406836065456,2.0820913453026884,2.6485890735945343,1.1282016459142103
86.0,32.0,1257.3907470703125,-3.280027025410381,1.6284194947298682,1.5396291966167566,2.254374431712016,0.8287149108636913,-1.4326811133555906,-1.091969500096342,2.0850936516324525,2.6485890692207668,1.1584816946000926
86.0,33.0,1248.8577880859375,-3.304953696507317,1.7048985711888376,1.5276093984893155,2.254281665639955,0.7132902033269424,-1.3539252461980047,-1.092587859592747,2.0820913453026884,2.6485890737080235,1.1585641033751648
86.0,33.0,1249.408935546875,-3.281336234038889,1.6460863827657244,1.5276093984893155,2.254281665639955,0.7132902033269424,-1.3539252461980047,-1.0925964846846972,2.0820913453026884,2.648589073581918,1.1585641033751648
86.0,33.0,1250.13037109375,-3.3048653932658945,1.6511417255194203,1.5276093984893155,2.2543005164401166,0.7132902033269424,-1.4338579212721756,-1.120729266354441,2.082092306248501,2.6485890737080235,1.1409245504647514
86.0,33.0,1250.368896484375,-3.293981984911498,1.645994566371311,1.524189439777933,2.254350157777992,0.707828415284579,-1.4267366868083249,-1.074955559523721,2.084779469553566,2.6485890736435818,1.1591776209320008
86.0,33.0,1250.388427734375,-3.3045733385152225,1.6511417255194203,1.5277555844921198,2.2544017306421584,0.7133236960654966,-1.4338579212721756,-1.09196611719254,2.0820913453026884,2.648589073594233,1.1585641033751648
86.0,33.0,1250.41162109375,-3.304953696507317,1.6511417255194203,1.5276093984893155,2.25502884836042,0.7132902033269424,-1.4338579212721756,-1.09196611719254,2.0820913453026884,2.6485890737080235,1.1585641033751648
86.0,33.0,1250.5806884765625,-3.2803655274179024,1.651451841690262,1.540412092799084,2.25173598099583,0.7103255886397442,-1.432712048514288,-1.0919661036159551,2.0820913453026884,2.643967000497725,1.1286585052381812
86.0,33.0,1250.6324462890625,-3.2938155539262874,1.645221692300764,1.5247020666316522,2.254335997205772,0.701558651882302,-1.4339124024151668,-1.074778196162807,2.0820913453026884,2.6485890735909283,1.138783048059762
86.0,33.0,1251.11181640625,-3.293981984911498,1.645994566371311,1.524358970853125,2.254786770304269,0.707828415284579,-1.433029539600449,-1.0747709399308,2.084779469553566,2.6485890736435818,1.1591776209320008
86.0,33.0,1251.3853759765625,-3.293981984911498,1.645238523978406,1.524358970853125,2.2550231776121947,0.707828415284579,-1.433029539600449,-1.074771078273396,2.076732189696536,2.6485890736435818,1.1591776209320008
86.0,33.0,1251.4228515625,-3.293981984911498,1.645238523978406,1.524358970853125,2.255002731901412,0.7077854155962569,-1.433029539600449,-1.0928502666036128,2.076732189696536,2.6485890737126616,1.1591776209320008
86.0,33.0,1251.468505859375,-3.293726376171947,1.646000019983736,1.5309530994313203,2.2543506292851747,0.6387063140271874,-1.4350968837859608,-1.0725946763298242,2.0820913453026884,2.6485890735945343,1.1390593223835987
86.0,33.0,1251.537353515625,-3.2799216145562946,1.6459851827538847,1.530578013622207,2.2543380832194315,0.7076345201764773,-1.432708453495693,-1.0727807238904083,2.0820913453026884,2.648589073594922,1.1390593223835987
86.0,33.0,1252.104248046875,-3.292354403731701,1.6464326041410733,1.5302162268171888,2.2517147038976706,0.7077490059627038,-1.4355741952754333,-1.092884953678764,2.0818292781050984,2.6813389780528056,1.1512416115872823
86.0,33.0,1252.2919921875,-3.279880742882304,1.646014387207308,1.530190243745741,2.251631650874287,0.6331343422915805,-1.432712048514288,-1.0929541811422825,2.171941514977392,2.6485890735945343,1.1393125798316468
86.0,33.0,1252.4256591796875,-3.2799216145562946,1.646000019983736,1.530947162720094,2.2543380832194315,0.6387063140271874,-1.4342571945129088,-1.091291261795333,2.0820913453026884,2.6485890735945343,1.1390593223835987
86.0,33.0,1252.45068359375,-3.27987934788738,1.6464257329555672,1.6742189447745124,2.2543492610315483,0.7928246404814926,-1.432711753002384,-1.0919661036159551,2.082268937077954,2.6762333128104547,1.140643769353343
86.0,33.0,1252.450927734375,-3.2799216145562946,1.6462238082858,1.530947162720094,2.2543380832194315,0.6387063140271874,-1.432703805999203,-1.073102597485777,2.0820913453026884,2.6485890735945343,1.1390593223835987
86.0,33.0,1252.5308837890625,-3.27987934788738,1.646013402020522,1.5307068603327785,2.254356899026626,0.6331343422915805,-1.432712048514288,-1.0919661036159551,2.171941514977392,2.6485890735945343,1.1393125798316468
86.0,33.0,1252.628662109375,-3.2799216145562946,1.646000019983736,1.530947162720094,2.2543380832194315,0.6387063140271874,-1.434232299118532,-1.0725946763298242,2.0820913453026884,2.6485890735945343,1.1390593223835987
86.0,33.0,1252.628662109375,-3.2799216145562946,1.646000019983736,1.530947162720094,2.2543380832194315,0.6387063140271874,-1.434232299118532,-1.0725946763298242,2.0820913453026884,2.6485890735945343,1.1390593223835987
86.0,33.0,1253.114501953125,-3.279854602907133,1.6464326041410733,1.5302162268171888,2.2517147038976706,0.7064412926704646,-1.434277179675597,-1.092884953678764,2.082078571487348,2.680965405494064,1.151224205338957
86.0,33.0,1253.2344970703125,-3.2948161097092723,1.651562767151888,1.5401239144632914,2.254356899026626,0.7906539876030104,-1.432711753002384,-1.0919661036159551,2.082268937077954,2.6485890735945343,1.140186910029372
86.0,33.0,1253.2822265625,-3.27987934788738,1.6459470459520782,1.540412092799084,2.254356899026626,0.7778505805250252,-1.432712048514288,-1.0919661036159551,2.0820913453026884,2.6485890735945343,1.1286585052381812
86.0,33.0,1253.295654296875,-3.279853207912209,1.6464316189542874,1.530732843404226,2.2544399520500096,0.7064412926704646,-1.434277179675597,-1.0918968761524368,2.082078571487348,2.680965405494064,1.151224205338957
86.0,33.0,1254.1602783203125,-3.2799216145562946,1.6460136686640068,1.53094667310272,2.251802882864451,0.6387063140271874,-1.434232299118532,-1.092979036613416,2.0820913453026884,2.681108856123742,1.1512510198494188
86.0,33.0,1254.166015625,-3.2803655274179024,1.651451841690262,1.540412092799084,2.254356517199296,0.7928246404814926,-1.432712048514288,-1.0919661036159551,2.0820913453026884,2.6485890735945343,1.1286585052381812
86.0,33.0,1254.1978759765625,-3.27987934788738,1.651562767151888,1.540412092799084,2.254356899026626,0.7928246404814926,-1.432712048514288,-1.0919661036159551,2.0820913453026884,2.6485890735945343,1.1286585052381812
86.0,33.0,1254.2593994140625,-3.27987934788738,1.651562767151888,1.5401239144632914,2.254356899026626,0.7928246404814926,-1.432711753002384,-1.091611187098465,2.082268937077954,2.6485890735945343,1.140186910029372
86.0,33.0,1254.260986328125,-3.27987934788738,1.651562767151888,1.5401239144632914,2.254356899026626,0.7928246404814926,-1.432711753002384,-1.0919661036159551,2.082268937077954,2.6485890735945343,1.140186910029372
86.0,33.0,1254.2894287109375,-3.27987934788738,1.6462231577652624,1.5401239144632914,2.2543492610315483,0.7928246404814926,-1.432711753002384,-1.0919661036159551,2.082268937077954,2.6485890735945343,1.140643769353343
86.0,33.0,1254.6055908203125,-3.280364616499325,1.651562767151888,1.5237986119581468,2.2543462849088955,0.7908364312673912,-1.432712048514288,-1.0919664396238995,2.0820913453026884,2.6485890735945343,1.1279432585911118
86.0,33.0,1254.6663818359375,-3.2943776646751,1.646000019983736,1.5309786921202733,2.2544818156449904,0.7906110936564361,-1.4407247223758408,-1.074778196162807,2.076935713606286,2.6485890735945343,1.138830211231814
86.0,33.0,1254.6663818359375,-3.2943776646751,1.646000019983736,1.5309786921202733,2.2544818156449904,0.7906110936564361,-1.4407247223758408,-1.074778196162807,2.076935713606286,2.6485890735945343,1.138830211231814
86.0,33.0,1254.7071533203125,-3.280364616499325,1.651562767151888,1.5237986119581468,2.2543462849088955,0.7908364312673912,-1.4326871531199112,-1.073269854158391,2.0820913453026884,2.6485890735945343,1.1279432585911118
86.0,33.0,1255.358154296875,-3.279894305181713,1.6550659454670893,1.530981794852917,2.251510721074682,0.7927819217840786,-1.4404635866784603,-1.0921422577483544,2.0820913453026884,2.6485890735945343,1.1388462475662051
86.0,33.0,1255.41748046875,-3.2802412384452384,1.6458073214157016,1.5851437115910734,2.2543551254680083,0.8247380520733345,-1.434225582035874,-1.0924118236630125,2.082080858214918,2.6485890735945343,1.1387643309617166
86.0,33.0,1255.545654296875,-3.292354403731701,1.6464326041410733,1.5302162268171888,2.254335240101137,0.7902480578044524,-1.4355741952754333,-1.092884953678764,2.0818292781050984,2.6859610511496146,1.1512416115872823
86.0,33.0,1255.5718994140625,-3.27987934788738,1.6459103118525142,1.5249191402349949,2.2516022525149912,0.7920646513572193,-1.440448664476763,-1.0921699802700209,2.082268937077954,2.6485890735945343,1.1388322550020158
86.0,33.0,1255.6573486328125,-3.279440902853207,1.646000019983736,1.5309786921202733,2.2544818156449904,0.7927817465349184,-1.4407247223758408,-1.074778196162807,2.076935713606286,2.6485890735945343,1.138830211231814
86.0,33.0,1256.348876953125,-3.291914868552691,1.645999463164611,1.5343353032298157,2.2543551254680083,0.8245811955909088,-1.4339124024151668,-1.074778196162807,2.0820913453026884,2.6485890735945343,1.138783048059762
86.0,33.0,1256.4315185546875,-3.290584615966333,1.645990310224864,1.5343353032298157,2.2543551254680083,0.8247380520733345,-1.433917740238768,-1.074147715054654,2.081907551390631,2.6485890735945343,1.1398241048343396
86.0,33.0,1256.433349609375,-3.2908570193910136,1.6457964677312782,1.534166812242943,2.2544837387938164,0.8247489992322824,-1.4339101611525016,-1.0756315591701395,2.0818648592915903,2.6485890735945343,1.138783048059762
86.0,33.0,1256.492431640625,-3.2925525258161104,1.6460037463649837,1.5313512547208217,2.2544688402199062,0.824740162863694,-1.4328018587121718,-1.091932338273006,2.081855229003536,2.6485890735945343,1.122260823374875
86.0,33.0,1256.5111083984375,-3.290904469746222,1.6457964677312782,1.534166812242943,2.2544837387938164,0.8247489992322824,-1.4339347375833271,-1.0756315591701395,2.081865157620413,2.6485890735945343,1.1513525886198603
86.0,33.0,1256.5159912109375,-3.290904239855277,1.6457976116568294,1.5343353032298157,2.2543551254680083,0.8247380520733345,-1.43391102315611,-1.0917813425548597,2.0818970643028605,2.6485890735945343,1.138783048059762
86.0,33.0,1256.541748046875,-3.2943776646751,1.646000019983736,1.5309786921202733,2.2544818156449904,0.8247380520733345,-1.434133855477253,-1.074778196162807,2.0768689396617463,2.6485890735945343,1.139805387736294
86.0,33.0,1256.666015625,-3.2909042389476286,1.6457976116568294,1.5343353032298157,2.2543551254680083,0.8247489926588258,-1.43391102315611,-1.092328106459881,2.0818970643028605,2.6485890735945343,1.1514639840732916
86.0,33.0,1256.6861572265625,-3.2799216145562946,1.646000019983736,1.5346203965999656,2.2517147038976706,0.8213700369061963,-1.4339345510063146,-1.0725390702576922,2.0820913453026884,2.6485890735945343,1.1225687457362186
86.0,33.0,1256.693115234375,-3.2936515289895274,1.646139102101834,1.531140860318163,2.2544745025415884,0.8247361501216062,-1.435143571716054,-1.0745835966090225,2.0818340012501104,2.6485890735945343,1.1227329933043686
86.0,34.0,1242.271728515625,-3.2938155539262874,1.645221692300764,1.5278374727390416,2.078659412820864,0.701558651882302,-1.4339124024151668,-1.074778196162807,2.0820913453026884,2.6485890735909283,1.139445555753542
86.0,34.0,1247.797119140625,-3.365473032704627,1.6550659454670893,1.530981794852917,2.059840736994939,0.7927819217840786,-1.4338384868137557,-1.074629466168714,2.0820913453026884,2.6485890735947124,1.1387828549375083
86.0,34.0,1248.8577880859375,-3.304953696507317,1.7048985711888376,1.5276093984893155,2.254281665639955,0.7132902033269424,-1.3539252461980047,-1.092587859592747,2.0820913453026884,2.6485890737080235,1.1585641033751648
86.0,34.0,1249.408935546875,-3.281336234038889,1.6460863827657244,1.5276093984893155,2.254281665639955,0.7132902033269424,-1.3539252461980047,-1.0925964846846972,2.0820913453026884,2.648589073581918,1.1585641033751648
86.0,34.0,1249.66943359375,-3.304953696507317,1.73807997887363,1.5276093984893155,2.25502884836042,0.7132902033269424,-1.4338579212721756,-1.0643128468900822,2.0820913453026884,2.6485890737080235,1.1585641033751648
86.0,34.0,1250.13037109375,-3.3048653932658945,1.6511417255194203,1.5276093984893155,2.2543005164401166,0.7132902033269424,-1.4338579212721756,-1.120729266354441,2.082092306248501,2.6485890737080235,1.1409245504647514
86.0,34.0,1250.134033203125,-3.304875978323661,1.6511417255194203,1.5277641322882174,2.2544043212179354,0.7132902033269424,-1.4338579212721756,-1.120729266354441,2.082091394026978,2.6485890737102125,1.1409245504647514
86.0,34.0,1250.1368408203125,-3.3048653932658945,1.6511417255194203,1.5276940740129872,2.2542975358300343,0.7132902033269424,-1.4338579212721756,-1.1208271159111094,2.081833272563072,2.6485890735946085,1.1409245504647514
86.0,34.0,1250.368896484375,-3.293981984911498,1.645994566371311,1.524189439777933,2.254350157777992,0.707828415284579,-1.4267366868083249,-1.074955559523721,2.084779469553566,2.6485890736435818,1.1591776209320008
86.0,34.0,1250.388427734375,-3.3045733385152225,1.6511417255194203,1.5277555844921198,2.2544017306421584,0.7133236960654966,-1.4338579212721756,-1.09196611719254,2.0820913453026884,2.648589073594233,1.1585641033751648
86.0,34.0,1250.41162109375,-3.304953696507317,1.6511417255194203,1.5276093984893155,2.25502884836042,0.7132902033269424,-1.4338579212721756,-1.09196611719254,2.0820913453026884,2.6485890737080235,1.1585641033751648
86.0,34.0,1250.414306640625,-3.304953696507317,1.6511417255194203,1.5276093984893155,2.25502884836042,0.7132902033269424,-1.4338579212721756,-1.0726022748544486,2.0820913453026884,2.6485890735928828,1.1605173703996263
86.0,34.0,1250.5806884765625,-3.2803655274179024,1.651451841690262,1.540412092799084,2.25173598099583,0.7103255886397442,-1.432712048514288,-1.0919661036159551,2.0820913453026884,2.643967000497725,1.1286585052381812
86.0,34.0,1250.6324462890625,-3.2938155539262874,1.645221692300764,1.5247020666316522,2.254335997205772,0.701558651882302,-1.4339124024151668,-1.074778196162807,2.0820913453026884,2.6485890735909283,1.138783048059762
86.0,34.0,1251.11181640625,-3.293981984911498,1.645994566371311,1.524358970853125,2.254786770304269,0.707828415284579,-1.433029539600449,-1.0747709399308,2.084779469553566,2.6485890736435818,1.1591776209320008
86.0,34.0,1251.11181640625,-3.293981984911498,1.645994566371311,1.524358970853125,2.254786770304269,0.707828415284579,-1.433029539600449,-1.0747709399308,2.084779469553566,2.6485890736435818,1.1591776209320008
86.0,34.0,1251.1654052734375,-3.293981984911498,1.645255988445668,1.524376603424432,2.2519643035511234,0.707828415284579,-1.435326363076883,-1.074771078273396,2.076732189696536,2.6485890736435818,1.1510809324767084
86.0,34.0,1251.298095703125,-3.2803655274179024,1.6446370628233051,1.540412092799084,2.2543576043847406,0.7068199405316428,-1.432712048514288,-1.0928350580846116,2.0820913453026884,2.6485890735945343,1.0759295442950554
86.0,34.0,1251.3785400390625,-3.293726376171947,1.646000019983736,1.5309531082094787,2.2543506292851747,0.6387063140271874,-1.4342899636496147,-1.0725946763298242,2.0820913453026884,2.6485890735945343,1.1390593223835987
86.0,34.0,1251.3853759765625,-3.293981984911498,1.645238523978406,1.524358970853125,2.2550231776121947,0.707828415284579,-1.433029539600449,-1.074771078273396,2.076732189696536,2.6485890736435818,1.1591776209320008
86.0,34.0,1251.4228515625,-3.293981984911498,1.645238523978406,1.524358970853125,2.255002731901412,0.7077854155962569,-1.433029539600449,-1.0928502666036128,2.076732189696536,2.6485890737126616,1.1591776209320008
86.0,34.0,1251.468505859375,-3.293726376171947,1.646000019983736,1.5309530994313203,2.2543506292851747,0.6387063140271874,-1.4350968837859608,-1.0725946763298242,2.0820913453026884,2.6485890735945343,1.1390593223835987
86.0,34.0,1251.484619140625,-3.293824845788379,1.645994566371311,1.5238115964294623,2.254350157777992,0.707828415284579,-1.4349345394448505,-1.092857185301073,2.081776248657358,2.648908433756517,1.1591776209320008
86.0,34.0,1251.537353515625,-3.2799216145562946,1.6459851827538847,1.530578013622207,2.2543380832194315,0.7076345201764773,-1.432708453495693,-1.0727807238904083,2.0820913453026884,2.648589073594922,1.1390593223835987
86.0,34.0,1251.537353515625,-3.2799216145562946,1.6459851827538847,1.530578013622207,2.2543380832194315,0.7076345201764773,-1.432708453495693,-1.0727807238904083,2.0820913453026884,2.648589073594922,1.1390593223835987
86.0,34.0,1251.715576171875,-3.2798474658600654,1.6464326041410733,1.52996472317119,2.251713821924793,0.7064412926704646,-1.4340372229446776,-1.092884953678764,2.082078571487348,2.6447951117059234,1.151224205338957
86.0,34.0,1251.8875732421875,-3.2925115428548195,1.6464326041410733,1.5305940701656593,2.2517147038976706,0.7077490059627038,-1.4273763426389074,-1.0749833279014125,2.084832499001306,2.6810196179398704,1.1512416115872823
86.0,34.0,1252.0621337890625,-3.2799216145562946,1.646000019983736,1.5309471539419353,2.2543380832194315,0.6387063140271874,-1.4350641146492549,-1.091291261795333,2.1403712630295284,2.6485890735945343,1.1390593223835987
86.0,34.0,1252.104248046875,-3.292354403731701,1.6464326041410733,1.5302162268171888,2.2517147038976706,0.7077490059627038,-1.4355741952754333,-1.092884953678764,2.0818292781050984,2.6813389780528056,1.1512416115872823
86.0,34.0,1252.1453857421875,-3.2799216145562946,1.6459851827538847,1.530385478065864,2.2543380832194315,0.7076345201764773,-1.4327064462675918,-1.0727807238904083,2.081613021888116,2.64858907364321,1.1597549383053969
86.0,34.0,1252.2919921875,-3.279880742882304,1.646014387207308,1.530190243745741,2.251631650874287,0.6331343422915805,-1.432712048514288,-1.0929541811422825,2.171941514977392,2.6485890735945343,1.1393125798316468
86.0,34.0,1252.3621826171875,-3.293981984911498,1.645238523978406,1.7248243506558043,2.255002731901412,0.7077854155962569,-1.433029539600449,-1.0928502666036128,2.0819477072424024,2.64844872885527,1.1292995837755602
86.0,34.0,1252.4256591796875,-3.2799216145562946,1.646000019983736,1.530947162720094,2.2543380832194315,0.6387063140271874,-1.4342571945129088,-1.091291261795333,2.0820913453026884,2.6485890735945343,1.1390593223835987
86.0,34.0,1252.45068359375,-3.27987934788738,1.6464257329555672,1.6742189447745124,2.2543492610315483,0.7928246404814926,-1.432711753002384,-1.0919661036159551,2.082268937077954,2.6762333128104547,1.140643769353343
86.0,34.0,1252.45068359375,-3.27987934788738,1.6464257329555672,1.6742189447745124,2.2543492610315483,0.7928246404814926,-1.432711753002384,-1.0919661036159551,2.082268937077954,2.6762333128104547,1.140643769353343
86.0,34.0,1252.450927734375,-3.2799216145562946,1.6462238082858,1.530947162720094,2.2543380832194315,0.6387063140271874,-1.432703805999203,-1.073102597485777,2.0820913453026884,2.6485890735945343,1.1390593223835987
86.0,34.0,1252.450927734375,-3.2799216145562946,1.6462238082858,1.530947162720094,2.2543380832194315,0.6387063140271874,-1.432703805999203,-1.073102597485777,2.0820913453026884,2.6485890735945343,1.1390593223835987
86.0,34.0,1252.5308837890625,-3.27987934788738,1.646013402020522,1.5307068603327785,2.254356899026626,0.6331343422915805,-1.432712048514288,-1.0919661036159551,2.171941514977392,2.6485890735945343,1.1393125798316468
86.0,34.0,1252.628662109375,-3.2799216145562946,1.646000019983736,1.530947162720094,2.2543380832194315,0.6387063140271874,-1.434232299118532,-1.0725946763298242,2.0820913453026884,2.6485890735945343,1.1390593223835987
86.0,34.0,1252.628662109375,-3.2799216145562946,1.646000019983736,1.530947162720094,2.2543380832194315,0.6387063140271874,-1.434232299118532,-1.0725946763298242,2.0820913453026884,2.6485890735945343,1.1390593223835987
86.0,34.0,1253.114501953125,-3.279854602907133,1.6464326041410733,1.5302162268171888,2.2517147038976706,0.7064412926704646,-1.434277179675597,-1.092884953678764,2.082078571487348,2.680965405494064,1.151224205338957
86.0,34.0,1253.2344970703125,-3.2948161097092723,1.651562767151888,1.5401239144632914,2.254356899026626,0.7906539876030104,-1.432711753002384,-1.0919661036159551,2.082268937077954,2.6485890735945343,1.140186910029372
86.0,34.0,1253.2822265625,-3.27987934788738,1.6459470459520782,1.540412092799084,2.254356899026626,0.7778505805250252,-1.432712048514288,-1.0919661036159551,2.0820913453026884,2.6485890735945343,1.1286585052381812
86.0,34.0,1253.295654296875,-3.279853207912209,1.6464316189542874,1.530732843404226,2.2544399520500096,0.7064412926704646,-1.434277179675597,-1.0918968761524368,2.082078571487348,2.680965405494064,1.151224205338957
86.0,34.0,1253.295654296875,-3.279853207912209,1.6464316189542874,1.530732843404226,2.2544399520500096,0.7064412926704646,-1.434277179675597,-1.0918968761524368,2.082078571487348,2.680965405494064,1.151224205338957
86.0,34.0,1254.1602783203125,-3.2799216145562946,1.6460136686640068,1.53094667310272,2.251802882864451,0.6387063140271874,-1.434232299118532,-1.092979036613416,2.0820913453026884,2.681108856123742,1.1512510198494188
86.0,34.0,1254.166015625,-3.2803655274179024,1.651451841690262,1.540412092799084,2.254356517199296,0.7928246404814926,-1.432712048514288,-1.0919661036159551,2.0820913453026884,2.6485890735945343,1.1286585052381812
86.0,34.0,1254.1978759765625,-3.27987934788738,1.651562767151888,1.540412092799084,2.254356899026626,0.7928246404814926,-1.432712048514288,-1.0919661036159551,2.0820913453026884,2.6485890735945343,1.1286585052381812
86.0,34.0,1254.2593994140625,-3.27987934788738,1.651562767151888,1.5401239144632914,2.254356899026626,0.7928246404814926,-1.432711753002384,-1.091611187098465,2.082268937077954,2.6485890735945343,1.140186910029372
86.0,34.0,1254.2593994140625,-3.27987934788738,1.651562767151888,1.5401239144632914,2.254356899026626,0.7928246404814926,-1.432711753002384,-1.091611187098465,2.082268937077954,2.6485890735945343,1.140186910029372
86.0,35.0,1240.51318359375,-3.2928256222885426,1.651451841690262,1.531282162637012,2.0392120389001978,0.6343328725423192,-1.435043758752388,-1.0936691383545605,2.0820913453026884,2.643967000497725,1.1281330486434749
86.0,35.0,1242.271728515625,-3.2938155539262874,1.645221692300764,1.5278374727390416,2.078659412820864,0.701558651882302,-1.4339124024151668,-1.074778196162807,2.0820913453026884,2.6485890735909283,1.139445555753542
86.0,35.0,1242.607177734375,-3.293824845788379,1.6459531255087818,1.5238859060093162,2.081370557481009,0.7083236181011375,-1.4339604121357985,-1.092857185301073,2.082124545677297,2.6485988568822325,1.1591776209320008
86.0,35.0,1247.5927734375,-3.293293126516008,1.6550659454670893,1.530981794852917,1.960344717197105,0.7927819217840786,-1.4338384868137557,-1.074629466168714,2.084765167107817,2.648589073642248,1.1578106570124675
86.0,35.0,1247.797119140625,-3.365473032704627,1.6550659454670893,1.530981794852917,2.059840736994939,0.7927819217840786,-1.4338384868137557,-1.074629466168714,2.0820913453026884,2.6485890735947124,1.1387828549375083
86.0,35.0,1248.8577880859375,-3.304953696507317,1.7048985711888376,1.5276093984893155,2.254281665639955,0.7132902033269424,-1.3539252461980047,-1.092587859592747,2.0820913453026884,2.6485890737080235,1.1585641033751648
86.0,35.0,1248.9019775390625,-3.365473032704627,1.6550659454670893,1.530981794852917,2.059840736994939,0.7928453276108037,-1.3507485996773492,-1.074629466168714,2.0820913453026884,2.6485890735947124,1.1583136985411562
86.0,35.0,1249.408935546875,-3.281336234038889,1.6460863827657244,1.5276093984893155,2.254281665639955,0.7132902033269424,-1.3539252461980047,-1.0925964846846972,2.0820913453026884,2.648589073581918,1.1585641033751648
86.0,35.0,1249.66943359375,-3.304953696507317,1.73807997887363,1.5276093984893155,2.25502884836042,0.7132902033269424,-1.4338579212721756,-1.0643128468900822,2.0820913453026884,2.6485890737080235,1.1585641033751648
86.0,35.0,1249.788818359375,-3.3057982547230744,1.6459851827538847,1.530578013622207,2.2550543313973046,0.7075390340802878,-1.4338620687969934,-1.091699569805956,2.0820913453026884,2.64858907372041,1.1390593223835987
86.0,35.0,1250.1265869140625,-3.3048653932658945,1.6511417255194203,1.527568548221909,2.2543005164401166,0.7133532039305364,-1.4339020388909047,-1.1201005023920731,2.082113415155068,2.6485890737080235,1.1409245504647514
86.0,35.0,1250.13037109375,-3.3048653932658945,1.6511417255194203,1.5276093984893155,2.2543005164401166,0.7132902033269424,-1.4338579212721756,-1.120729266354441,2.082092306248501,2.6485890737080235,1.1409245504647514
86.0,35.0,1250.13037109375,-3.3048653932658945,1.6511417255194203,1.5276093984893155,2.2543005164401166,0.7132902033269424,-1.4338579212721756,-1.120729266354441,2.082092306248501,2.6485890737080235,1.1409245504647514
86.0,35.0,1250.134033203125,-3.304875978323661,1.6511417255194203,1.5277641322882174,2.2544043212179354,0.7132902033269424,-1.4338579212721756,-1.120729266354441,2.082091394026978,2.6485890737102125,1.1409245504647514
86.0,35.0,1250.13671875,-3.3048653932658945,1.6511417255194203,1.5276940740129872,2.254295873192553,0.7132909846775453,-1.4338579212721756,-1.1208271159111094,2.081833272563072,2.6485890735946085,1.1409245504647514
86.0,35.0,1250.1368408203125,-3.3048653932658945,1.6511417255194203,1.5276940740129872,2.2542975358300343,0.7132902033269424,-1.4338579212721756,-1.1208271159111094,2.081833272563072,2.6485890735946085,1.1409245504647514
86.0,35.0,1250.1368408203125,-3.3048653932658945,1.6511417255194203,1.5276940740129872,2.2542975358300343,0.7132902033269424,-1.4338579212721756,-1.1208271159111094,2.081833272563072,2.6485890735946085,1.1409245504647514
86.0,35.0,1250.368896484375,-3.293981984911498,1.645994566371311,1.524189439777933,2.254350157777992,0.707828415284579,-1.4267366868083249,-1.074955559523721,2.084779469553566,2.6485890736435818,1.1591776209320008
86.0,35.0,1250.388427734375,-3.3045733385152225,1.6511417255194203,1.5277555844921198,2.2544017306421584,0.7133236960654966,-1.4338579212721756,-1.09196611719254,2.0820913453026884,2.648589073594233,1.1585641033751648
86.0,35.0,1250.41162109375,-3.304953696507317,1.6511417255194203,1.5276093984893155,2.25502884836042,0.7132902033269424,-1.4338579212721756,-1.09196611719254,2.0820913453026884,2.6485890737080235,1.1585641033751648
86.0,35.0,1250.414306640625,-3.304953696507317,1.6511417255194203,1.5276093984893155,2.25502884836042,0.7132902033269424,-1.4338579212721756,-1.0726022748544486,2.0820913453026884,2.6485890735928828,1.1605173703996263
86.0,35.0,1250.429443359375,-3.304953696507317,1.6509500189780977,1.5276579948878586,2.25502884836042,0.7138386359888773,-1.433854901656312,-1.0726022748544486,2.0820913453026884,2.6485890735928828,1.1605173703996263
86.0,35.0,1250.5194091796875,-3.293981984911498,1.645994566371311,1.5204241697343737,2.255008489830658,0.7077838065839526,-1.4334640755176338,-1.074955559523721,2.084779469553566,2.6485890736435818,1.1293140101220132
86.0,35.0,1250.5302734375,-3.2938155539262874,1.6452631331632934,1.527763163159188,2.2516390131178463,0.7010634490657436,-1.4348865297242188,-1.074778196162807,2.081743048282749,2.648898650465213,1.139445555753542
86.0,35.0,1250.5806884765625,-3.2803655274179024,1.651451841690262,1.540412092799084,2.25173598099583,0.7103255886397442,-1.432712048514288,-1.0919661036159551,2.0820913453026884,2.643967000497725,1.1286585052381812
86.0,35.0,1250.6220703125,-3.2938155539262874,1.645413398842087,1.5246534702331094,2.254335997205772,0.7010102192203671,-1.4339154220310304,-1.074778196162807,2.0820913453026884,2.6485890735909283,1.138783048059762
86.0,35.0,1250.6324462890625,-3.2938155539262874,1.645221692300764,1.5247020666316522,2.254335997205772,0.701558651882302,-1.4339124024151668,-1.074778196162807,2.0820913453026884,2.6485890735909283,1.138783048059762
86.0,35.0,1250.6444091796875,-3.292441859596193,1.6459852997667332,1.530736836975039,2.251793730528919,0.7078188217756007,-1.433029539600449,-1.0747775848942025,2.0847818411607,2.648584291473054,1.1516162753738484
86.0,35.0,1251.06591796875,-3.2803655274179024,1.651451841690262,1.540412092799084,2.254276600963155,0.7103255886397442,-1.4327087289023857,-1.0725052950928535,2.0820913453026884,2.643967000497725,1.1392322840159317
86.0,35.0,1251.085693359375,-3.304875978323661,1.632066530314994,1.5277641322882174,2.2544043212179354,0.7132902033269424,-1.4338579212721756,-1.120729266354441,2.082091394026978,2.6485890737102125,1.1409245504647514
86.0,35.0,1251.11181640625,-3.293981984911498,1.645994566371311,1.524358970853125,2.254786770304269,0.707828415284579,-1.433029539600449,-1.0747709399308,2.084779469553566,2.6485890736435818,1.1591776209320008
86.0,35.0,1251.11181640625,-3.293981984911498,1.645994566371311,1.524358970853125,2.254786770304269,0.707828415284579,-1.433029539600449,-1.0747709399308,2.084779469553566,2.6485890736435818,1.1591776209320008
86.0,35.0,1251.11181640625,-3.293981984911498,1.645994566371311,1.524358970853125,2.254786770304269,0.707828415284579,-1.433029539600449,-1.0747709399308,2.084779469553566,2.6485890736435818,1.1591776209320008
86.0,35.0,1251.1654052734375,-3.293981984911498,1.645255988445668,1.524376603424432,2.2519643035511234,0.707828415284579,-1.435326363076883,-1.074771078273396,2.076732189696536,2.6485890736435818,1.1510809324767084
86.0,35.0,1251.20458984375,-3.293981984911498,1.645255988445668,1.524376603424432,2.2519715009503742,0.7112687122317088,-1.435326363076883,-1.074771078273396,2.076732189696536,2.6485890736435818,1.1510809324767084
86.0,35.0,1251.298095703125,-3.2803655274179024,1.6446370628233051,1.540412092799084,2.2543576043847406,0.7068199405316428,-1.432712048514288,-1.0928350580846116,2.0820913453026884,2.6485890735945343,1.0759295442950554
86.0,35.0,1251.3699951171875,-3.293824845788379,1.6464551845695414,1.5238115964294623,2.2545059613258123,0.707828415284579,-1.4340443723445206,-1.092857185301073,2.0820833574318094,2.6491178870071352,1.159895109612771
86.0,35.0,1251.3785400390625,-3.293726376171947,1.646000019983736,1.5309531082094787,2.2543506292851747,0.6387063140271874,-1.4342899636496147,-1.0725946763298242,2.0820913453026884,2.6485890735945343,1.1390593223835987
86.0,35.0,1251.378662109375,-3.2812662813013067,1.646000019983736,1.540083029593392,2.254422620140393,0.7146990301246123,-1.4327651735478608,-1.070891641591219,2.0820913453026884,2.6485890735945343,1.1395847789783051
86.0,35.0,1251.3853759765625,-3.293981984911498,1.645238523978406,1.524358970853125,2.2550231776121947,0.707828415284579,-1.433029539600449,-1.074771078273396,2.076732189696536,2.6485890736435818,1.1591776209320008
86.0,35.0,1251.4228515625,-3.293981984911498,1.645238523978406,1.524358970853125,2.255002731901412,0.7077854155962569,-1.433029539600449,-1.0928502666036128,2.076732189696536,2.6485890737126616,1.1591776209320008
86.0,35.0,1251.468505859375,-3.293726376171947,1.646000019983736,1.5309530994313203,2.2543506292851747,0.6387063140271874,-1.4350968837859608,-1.0725946763298242,2.0820913453026884,2.6485890735945343,1.1390593223835987
86.0,35.0,1251.484619140625,-3.293824845788379,1.645994566371311,1.5238115964294623,2.254350157777992,0.707828415284579,-1.4349345394448505,-1.092857185301073,2.081776248657358,2.648908433756517,1.1591776209320008
86.0,35.0,1251.537353515625,-3.2799216145562946,1.6459851827538847,1.530578013622207,2.2543380832194315,0.7076345201764773,-1.432708453495693,-1.0727807238904083,2.0820913453026884,2.648589073594922,1.1390593223835987
86.0,35.0,1251.537353515625,-3.2799216145562946,1.6459851827538847,1.530578013622207,2.2543380832194315,0.7076345201764773,-1.432708453495693,-1.0727807238904083,2.0820913453026884,2.648589073594922,1.1390593223835987
86.0,35.0,1251.715576171875,-3.2798474658600654,1.6464326041410733,1.52996472317119,2.251713821924793,0.7064412926704646,-1.4340372229446776,-1.092884953678764,2.082078571487348,2.6447951117059234,1.151224205338957
86.0,35.0,1251.8875732421875,-3.2925115428548195,1.6464326041410733,1.5305940701656593,2.2517147038976706,0.7077490059627038,-1.4273763426389074,-1.0749833279014125,2.084832499001306,2.6810196179398704,1.1512416115872823
86.0,35.0,1252.0230712890625,-3.2799216145562946,1.6459370369431112,1.530385478065864,2.2543380832194315,0.7076345201764773,-1.4327064462675918,-1.0727807238904083,2.081613021888116,2.6379897313966336,1.1597980909835086
86.0,35.0,1252.053466796875,-3.279077056340537,1.6511417255194203,1.5276093984893155,2.254312600182547,0.7133856894231319,-1.4327043059708755,-1.0730472712769925,2.0820913453026884,2.6485890735825355,1.1585641033751648
86.0,35.0,1252.0621337890625,-3.2799216145562946,1.646000019983736,1.5309471539419353,2.2543380832194315,0.6387063140271874,-1.4350641146492549,-1.091291261795333,2.1403712630295284,2.6485890735945343,1.1390593223835987
86.0,36.0,1240.123291015625,-3.304886032857908,1.6522587864962424,1.5276093984893155,2.0337803794696665,0.6279044937428172,-1.4338579212721756,-1.0944736388290428,2.0820913453026884,2.6485890737080235,1.1286252319926449
86.0,36.0,1240.51318359375,-3.2928256222885426,1.651451841690262,1.531282162637012,2.0392120389001978,0.6343328725423192,-1.435043758752388,-1.0936691383545605,2.0820913453026884,2.643967000497725,1.1281330486434749
86.0,36.0,1242.271728515625,-3.2938155539262874,1.645221692300764,1.5278374727390416,2.078659412820864,0.701558651882302,-1.4339124024151668,-1.074778196162807,2.0820913453026884,2.6485890735909283,1.139445555753542
86.0,36.0,1242.271728515625,-3.2938155539262874,1.645221692300764,1.5278374727390416,2.078659412820864,0.701558651882302,-1.4339124024151668,-1.074778196162807,2.0820913453026884,2.6485890735909283,1.139445555753542
86.0,36.0,1242.607177734375,-3.293824845788379,1.6459531255087818,1.5238859060093162,2.081370557481009,0.7083236181011375,-1.4339604121357985,-1.092857185301073,2.082124545677297,2.6485988568822325,1.1591776209320008
86.0,36.0,1246.6671142578125,-3.367887935134385,1.7048985711888376,1.5241767081672497,2.254281665639955,0.7140029748683466,-1.3539252461980047,-1.0741678826345544,2.0820913453026884,2.648589073644903,1.2556687047875328
86.0,36.0,1247.0843505859375,-3.3045733385152225,1.6511417255194203,1.5277555844921198,2.2544017306421584,0.7133262707037378,-1.3557360251601365,-1.09195346071805,2.0820913453026884,2.648589073594233,1.1585641033751648
86.0,36.0,1247.285888671875,-3.293824845788379,1.6459529089688258,1.5238859060093162,2.081370557481009,0.708335371341233,-1.4339604121357985,-1.092857185301073,2.288638495041905,2.6485984642512146,1.1591776209320008
86.0,36.0,1247.5927734375,-3.293293126516008,1.6550659454670893,1.530981794852917,1.960344717197105,0.7927819217840786,-1.4338384868137557,-1.074629466168714,2.084765167107817,2.648589073642248,1.1578106570124675
86.0,36.0,1247.797119140625,-3.365473032704627,1.6550659454670893,1.530981794852917,2.059840736994939,0.7927819217840786,-1.4338384868137557,-1.074629466168714,2.0820913453026884,2.6485890735947124,1.1387828549375083
86.0,36.0,1248.3170166015625,-3.293293126516008,1.6550680053902982,1.530981794852917,1.960344717197105,0.7925141155232395,-1.4339013762868655,-1.0735971402303472,2.084860003529897,2.648589073642494,1.1406315951653117
86.0,36.0,1248.7919921875,-3.2803655274179024,1.6516446106314702,1.540412092799084,2.25173598099583,0.713343943455795,-1.3552577684218163,-1.0919661036159551,2.0820913453026884,2.643967000497725,1.1286585052381812
86.0,36.0,1248.8577880859375,-3.304953696507317,1.7048985711888376,1.5276093984893155,2.254281665639955,0.7132902033269424,-1.3539252461980047,-1.092587859592747,2.0820913453026884,2.6485890737080235,1.1585641033751648
86.0,36.0,1248.9019775390625,-3.365473032704627,1.6550659454670893,1.530981794852917,2.059840736994939,0.7928453276108037,-1.3507485996773492,-1.074629466168714,2.0820913453026884,2.6485890735947124,1.1583136985411562
86.0,36.0,1249.408935546875,-3.281336234038889,1.6460863827657244,1.5276093984893155,2.254281665639955,0.7132902033269424,-1.3539252461980047,-1.0925964846846972,2.0820913453026884,2.648589073581918,1.1585641033751648
86.0,36.0,1249.66943359375,-3.304953696507317,1.73807997887363,1.5276093984893155,2.25502884836042,0.7132902033269424,-1.4338579212721756,-1.0643128468900822,2.0820913453026884,2.6485890737080235,1.1585641033751648
86.0,36.0,1249.788818359375,-3.3057982547230744,1.6459851827538847,1.530578013622207,2.2550543313973046,0.7075390340802878,-1.4338620687969934,-1.091699569805956,2.0820913453026884,2.64858907372041,1.1390593223835987
86.0,36.0,1249.788818359375,-3.3057982547230744,1.6459851827538847,1.530578013622207,2.2550543313973046,0.7075390340802878,-1.4338620687969934,-1.091699569805956,2.0820913453026884,2.64858907372041,1.1390593223835987
86.0,36.0,1249.806640625,-3.305515927740176,1.645994566371311,1.5204241697343737,2.255008489830658,0.7077838065839526,-1.4338523839953885,-1.074955559523721,2.084779469553566,2.6485890736435818,1.129463417410694
86.0,36.0,1249.8463134765625,-3.3048653932658945,1.6511417255194203,1.5276095254460158,2.255036308217261,0.7133532039305364,-1.433902240855926,-1.0915747815669226,2.082113415155068,2.6485890737080235,1.1409245504647514
86.0,36.0,1249.858154296875,-3.304953696507317,1.6511417255194203,1.5642167372479074,2.25502884836042,0.7132902033269424,-1.4338579212721756,-1.0726022748544486,2.0820913453026884,2.6485890735928828,1.1605173703996263
86.0,36.0,1250.1265869140625,-3.3048653932658945,1.6511417255194203,1.527568548221909,2.2543005164401166,0.7133532039305364,-1.4339020388909047,-1.1201005023920731,2.082113415155068,2.6485890737080235,1.1409245504647514
86.0,36.0,1250.13037109375,-3.3048653932658945,1.6511417255194203,1.5276093984893155,2.2543005164401166,0.7132902033269424,-1.4338579212721756,-1.120729266354441,2.082092306248501,2.6485890737080235,1.1409245504647514
86.0,36.0,1250.13037109375,-3.3048653932658945,1.6511417255194203,1.5276093984893155,2.2543005164401166,0.7132902033269424,-1.4338579212721756,-1.120729266354441,2.082092306248501,2.6485890737080235,1.1409245504647514
86.0,36.0,1250.13037109375,-3.3048653932658945,1.6511417255194203,1.5276093984893155,2.2543005164401166,0.7132902033269424,-1.4338579212721756,-1.120729266354441,2.082092306248501,2.6485890737080235,1.1409245504647514
86.0,36.0,1250.13037109375,-3.3048653932658945,1.6511417255194203,1.5276093984893155,2.2543005164401166,0.7132902033269424,-1.4338579212721756,-1.120729266354441,2.082092306248501,2.6485890737080235,1.1409245504647514
86.0,36.0,1250.134033203125,-3.304875978323661,1.6511417255194203,1.5277641322882174,2.2544043212179354,0.7132902033269424,-1.4338579212721756,-1.120729266354441,2.082091394026978,2.6485890737102125,1.1409245504647514
86.0,36.0,1250.134033203125,-3.304875978323661,1.6511417255194203,1.5277641322882174,2.2544043212179354,0.7132902033269424,-1.4338579212721756,-1.120729266354441,2.082091394026978,2.6485890737102173,1.1409245504647514
86.0,36.0,1250.13671875,-3.3048653932658945,1.6511417255194203,1.5276940740129872,2.254295873192553,0.7132909846775453,-1.4338579212721756,-1.1208271159111094,2.081833272563072,2.6485890735946085,1.1409245504647514
86.0,36.0,1250.13671875,-3.3048653932658945,1.6511417255194203,1.5276940740129872,2.254295896783593,0.7132909808228095,-1.4338579212721756,-1.1208271159111094,2.081833272563072,2.6485890735946085,1.1409245504647514
86.0,36.0,1250.1368408203125,-3.3048653932658945,1.6511417255194203,1.5276940740129872,2.2542975358300343,0.7132902033269424,-1.4338579212721756,-1.1208271159111094,2.081833272563072,2.6485890735946085,1.1409245504647514
86.0,36.0,1250.1368408203125,-3.3048653932658945,1.6511417255194203,1.5276940740129872,2.2542975358300343,0.7132902033269424,-1.4338579212721756,-1.1208271159111094,2.081833272563072,2.6485890735946085,1.1409245504647514
86.0,36.0,1250.1368408203125,-3.3048653932658945,1.6511417255194203,1.5276940740129872,2.2542975122389945,0.7132902071816781,-1.4338579212721756,-1.1208271159111094,2.081833272563072,2.6485890735946085,1.1409245504647514
86.0,36.0,1250.14013671875,-3.3048653932658945,1.6511730225799557,1.5276940740129872,2.2542975358300343,0.7146447692139283,-1.4338579212721756,-1.1194974391485049,2.081833272563072,2.64858907359471,1.1409245504647514
86.0,36.0,1250.297607421875,-3.293985460817668,1.645994566371311,1.527892936529776,2.254350157777992,0.707828415284579,-1.4267366868083249,-1.074955559523721,2.084779469553566,2.648589073643516,1.1591776209320008
86.0,36.0,1250.368896484375,-3.293981984911498,1.645994566371311,1.524189439777933,2.254350157777992,0.707828415284579,-1.4267366868083249,-1.074955559523721,2.084779469553566,2.6485890736435818,1.1591776209320008
86.0,36.0,1250.388427734375,-3.3045733385152225,1.6511417255194203,1.5277555844921198,2.2544017306421584,0.7133236960654966,-1.4338579212721756,-1.09196611719254,2.0820913453026884,2.648589073594233,1.1585641033751648
86.0,36.0,1250.41162109375,-3.304953696507317,1.6511417255194203,1.5276093984893155,2.25502884836042,0.7132902033269424,-1.4338579212721756,-1.09196611719254,2.0820913453026884,2.6485890737080235,1.1585641033751648
86.0,36.0,1250.414306640625,-3.304953696507317,1.6511417255194203,1.5276093984893155,2.25502884836042,0.7132902033269424,-1.4338579212721756,-1.0726022748544486,2.0820913453026884,2.6485890735928828,1.1605173703996263
86.0,36.0,1250.429443359375,-3.304953696507317,1.6509500189780977,1.5276579948878586,2.25502884836042,0.7138386359888773,-1.433854901656312,-1.0726022748544486,2.0820913453026884,2.6485890735928828,1.1605173703996263
86.0,36.0,1250.5194091796875,-3.293981984911498,1.645994566371311,1.5204241697343737,2.255008489830658,0.7077838065839526,-1.4334640755176338,-1.074955559523721,2.084779469553566,2.6485890736435818,1.1293140101220132
86.0,36.0,1250.5302734375,-3.2938155539262874,1.6452631331632934,1.527763163159188,2.2516390131178463,0.7010634490657436,-1.4348865297242188,-1.074778196162807,2.081743048282749,2.648898650465213,1.139445555753542
86.0,36.0,1250.5806884765625,-3.2803655274179024,1.651451841690262,1.540412092799084,2.25173598099583,0.7103255886397442,-1.432712048514288,-1.0919661036159551,2.0820913453026884,2.643967000497725,1.1286585052381812
86.0,36.0,1250.6220703125,-3.2938155539262874,1.645413398842087,1.5246534702331094,2.254335997205772,0.7010102192203671,-1.4339154220310304,-1.074778196162807,2.0820913453026884,2.6485890735909283,1.138783048059762
86.0,36.0,1250.6324462890625,-3.2938155539262874,1.645221692300764,1.5247020666316522,2.254335997205772,0.701558651882302,-1.4339124024151668,-1.074778196162807,2.0820913453026884,2.6485890735909283,1.138783048059762
86.0,36.0,1250.6444091796875,-3.292441859596193,1.6459852997667332,1.530736836975039,2.251793730528919,0.7078188217756007,-1.433029539600449,-1.0747775848942025,2.0847818411607,2.648584291473054,1.1516162753738484
86.0,36.0,1250.65380859375,-3.291985597037685,1.6452631331632934,1.527847712062418,2.2516390131178463,0.7010634490657436,-1.4348865297242188,-1.074778196162807,2.081741021246013,2.648898650465213,1.1390744544005111
86.0,36.0,1250.8504638671875,-3.304953696507317,1.6511417255194203,1.5275684212652088,2.254293056583275,0.7132902033269424,-1.433857719307154,-1.1204918380176905,2.0820913453026884,2.6485890737080235,1.1585641033751648
86.0,36.0,1250.9111328125,-3.2928932859379527,1.73727303406765,1.531282162637012,2.2604605077909508,0.7197185821264444,-1.435043758752388,-1.0635083464156,2.0820913453026884,2.643967000497725,1.1580719200259948
86.0,36.0,1250.9962158203125,-3.293981984911498,1.645994566371311,1.5316368321268763,2.2558436734170635,0.707828415284579,-1.433029539600449,-1.0747709399308,2.084779469553566,2.6485890736435818,1.1573378382443569
86.0,37.0,1240.123291015625,-3.304886032857908,1.6522587864962424,1.5276093984893155,2.0337803794696665,0.6279044937428172,-1.4338579212721756,-1.0944736388290428,2.0820913453026884,2.6485890737080235,1.1286252319926449
86.0,37.0,1240.51318359375,-3.2928256222885426,1.651451841690262,1.531282162637012,2.0392120389001978,0.6343328725423192,-1.435043758752388,-1.0936691383545605,2.0820913453026884,2.643967000497725,1.1281330486434749
86.0,37.0,1240.759033203125,-3.29318512492811,1.6522626471718982,1.5276093984893155,2.0337803794696665,0.6345410453379715,-1.4338579212721756,-1.0944736388290428,2.0820913453026884,2.6485890737080235,1.1286605852800278
86.0,37.0,1241.697021484375,-3.3048653932658945,1.6447544596788437,1.5276093984893155,2.079102954315668,0.7013494309155108,-1.4339122283236645,-1.120729266354441,2.082091346640964,2.6485890737080235,1.139417618800408
86.0,37.0,1242.271728515625,-3.2938155539262874,1.645221692300764,1.5278374727390416,2.078659412820864,0.701558651882302,-1.4339124024151668,-1.074778196162807,2.0820913453026884,2.6485890735909283,1.139445555753542
86.0,37.0,1242.271728515625,-3.2938155539262874,1.645221692300764,1.5278374727390416,2.078659412820864,0.701558651882302,-1.4339124024151668,-1.074778196162807,2.0820913453026884,2.6485890735909283,1.139445555753542
86.0,37.0,1242.271728515625,-3.2938155539262874,1.645221692300764,1.5278374727390416,2.078659412820864,0.701558651882302,-1.4339124024151668,-1.074778196162807,2.0820913453026884,2.6485890735909283,1.139445555753542
86.0,37.0,1242.607177734375,-3.293824845788379,1.6459531255087818,1.5238859060093162,2.081370557481009,0.7083236181011375,-1.4339604121357985,-1.092857185301073,2.082124545677297,2.6485988568822325,1.1591776209320008
86.0,37.0,1243.7943115234375,-3.307906853605273,1.6511417255194203,1.5311187307590208,2.0212500836094884,0.7132902033269424,-1.4338383515225537,-1.120729266354441,2.0820913940989696,2.6485890737197666,1.2227696702995627
86.0,37.0,1244.098388671875,-3.3054432262916,1.6511417255194203,1.5246827080877965,2.141185440342351,0.7129711588327143,-1.4338562157785657,-1.121088787701891,2.0820923012628034,2.6485890737080235,1.1409245504647514
86.0,37.0,1245.477783203125,-3.293824845788379,1.6459529089688258,1.5238682009219098,2.082941074622061,0.708335371341233,-1.3524171550190265,-1.092857185301073,2.0732316782917843,2.6485984642512146,1.25883730795302
86.0,37.0,1246.659912109375,-3.367887935134385,1.7048985711888376,1.5278126166547852,2.254281665639955,0.7139572806873783,-1.3539252461980047,-1.0710680665538597,2.0820913944104342,2.6485890737081674,1.2556687047875328
86.0,37.0,1246.6671142578125,-3.367887935134385,1.7048985711888376,1.5241767081672497,2.254281665639955,0.7140029748683466,-1.3539252461980047,-1.0741678826345544,2.0820913453026884,2.648589073644903,1.2556687047875328
86.0,37.0,1246.9971923828125,-3.293824845788379,1.6459529089688258,1.5238859060093162,2.081370557481009,0.708335371341233,-1.4339604121357985,-1.092857185301073,2.285167499915325,2.6485984642512146,1.159070873899863
86.0,37.0,1247.0843505859375,-3.3045733385152225,1.6511417255194203,1.5277555844921198,2.2544017306421584,0.7133262707037378,-1.3557360251601365,-1.09195346071805,2.0820913453026884,2.648589073594233,1.1585641033751648
86.0,37.0,1247.2071533203125,-3.293812377036064,1.6550659454670893,1.5310209078578865,1.960344717197105,0.789109444398156,-1.4338384868137557,-1.074629466168714,2.084765167107817,2.648589073642248,1.1578106570124675
86.0,37.0,1247.285888671875,-3.293824845788379,1.6459529089688258,1.5238859060093162,2.081370557481009,0.708335371341233,-1.4339604121357985,-1.092857185301073,2.288638495041905,2.6485984642512146,1.1591776209320008
86.0,37.0,1247.5927734375,-3.293293126516008,1.6550659454670893,1.530981794852917,1.960344717197105,0.7927819217840786,-1.4338384868137557,-1.074629466168714,2.084765167107817,2.648589073642248,1.1578106570124675
86.0,37.0,1247.797119140625,-3.365473032704627,1.6550659454670893,1.530981794852917,2.059840736994939,0.7927819217840786,-1.4338384868137557,-1.074629466168714,2.0820913453026884,2.6485890735947124,1.1387828549375083
86.0,37.0,1248.3170166015625,-3.293293126516008,1.6550680053902982,1.530981794852917,1.960344717197105,0.7925141155232395,-1.4339013762868655,-1.0735971402303472,2.084860003529897,2.648589073642494,1.1406315951653117
86.0,37.0,1248.740478515625,-3.2803655274179024,1.6516446106314702,1.540412092799084,2.25173598099583,0.713343943455795,-1.3552577684218163,-1.0919661036159551,2.085562340429268,2.643967000497725,1.128765252270319
86.0,37.0,1248.7919921875,-3.2803655274179024,1.6516446106314702,1.540412092799084,2.25173598099583,0.713343943455795,-1.3552577684218163,-1.0919661036159551,2.0820913453026884,2.643967000497725,1.1286585052381812
86.0,37.0,1248.8577880859375,-3.304953696507317,1.7048985711888376,1.5276093984893155,2.254281665639955,0.7132902033269424,-1.3539252461980047,-1.092587859592747,2.0820913453026884,2.6485890737080235,1.1585641033751648
86.0,37.0,1248.9019775390625,-3.365473032704627,1.6550659454670893,1.530981794852917,2.059840736994939,0.7928453276108037,-1.3507485996773492,-1.074629466168714,2.0820913453026884,2.6485890735947124,1.1583136985411562
86.0,37.0,1249.2760009765625,-3.279499622542533,1.6514879573426913,1.5399746653345376,2.25173598099583,0.7134131846678171,-1.3504856638690237,-1.0919534119794052,2.0820913453026884,2.643967000497725,1.1286585052381812
86.0,37.0,1249.408935546875,-3.281336234038889,1.6460863827657244,1.5276093984893155,2.254281665639955,0.7132902033269424,-1.3539252461980047,-1.0925964846846972,2.0820913453026884,2.648589073581918,1.1585641033751648
86.0,37.0,1249.4786376953125,-3.304953696507317,1.73807997887363,1.527709470600697,2.25502884836042,0.7132902033269424,-1.4338579212721756,-1.0728724447448,2.0820913453026884,2.6485890735981847,1.1584162035050125
86.0,37.0,1249.66943359375,-3.304953696507317,1.73807997887363,1.5276093984893155,2.25502884836042,0.7132902033269424,-1.4338579212721756,-1.0643128468900822,2.0820913453026884,2.6485890737080235,1.1585641033751648
86.0,37.0,1249.7728271484375,-3.304849712946844,1.6511417255194203,1.5276093984893155,2.255011937748409,0.7132902033269424,-1.4338579212721756,-1.0785692420113182,2.084851913740051,2.6485890737080235,1.1406454798841277
86.0,37.0,1249.788818359375,-3.3057982547230744,1.6459851827538847,1.530578013622207,2.2550543313973046,0.7075390340802878,-1.4338620687969934,-1.091699569805956,2.0820913453026884,2.64858907372041,1.1390593223835987
86.0,37.0,1249.788818359375,-3.3057982547230744,1.6459851827538847,1.530578013622207,2.2550543313973046,0.7075390340802878,-1.4338620687969934,-1.091699569805956,2.0820913453026884,2.64858907372041,1.1390593223835987
86.0,37.0,1249.806640625,-3.305515927740176,1.645994566371311,1.5204241697343737,2.255008489830658,0.7077838065839526,-1.4338523839953885,-1.074955559523721,2.084779469553566,2.6485890736435818,1.129463417410694
86.0,37.0,1249.8463134765625,-3.3048653932658945,1.6511417255194203,1.5276095254460158,2.255036308217261,0.7133532039305364,-1.433902240855926,-1.0915747815669226,2.082113415155068,2.6485890737080235,1.1409245504647514
86.0,37.0,1249.858154296875,-3.304953696507317,1.6511417255194203,1.5642167372479074,2.25502884836042,0.7132902033269424,-1.4338579212721756,-1.0726022748544486,2.0820913453026884,2.6485890735928828,1.1605173703996263
86.0,37.0,1249.875732421875,-3.304953696507317,1.6511417255194203,1.564116665136526,2.25502884836042,0.7132902033269424,-1.4338579212721756,-1.0640426769997309,2.0820913453026884,2.6485890737027216,1.1606652702697793
86.0,37.0,1250.1265869140625,-3.3048653932658945,1.6511417255194203,1.527568548221909,2.2543005164401166,0.7133532039305364,-1.4339020388909047,-1.1201005023920731,2.082113415155068,2.6485890737080235,1.1409245504647514
86.0,37.0,1250.13037109375,-3.3048653932658945,1.6511417255194203,1.5276093984893155,2.2543005164401166,0.7132902033269424,-1.4338579212721756,-1.120729266354441,2.082092306248501,2.6485890737080235,1.1409245504647514
86.0,37.0,1250.13037109375,-3.3048653932658945,1.6511417255194203,1.5276093984893155,2.2543005164401166,0.7132902033269424,-1.4338579212721756,-1.120729266354441,2.082092306248501,2.6485890737080235,1.1409245504647514
86.0,37.0,1250.13037109375,-3.3048653932658945,1.6511417255194203,1.5276093984893155,2.2543005164401166,0.7132902033269424,-1.4338579212721756,-1.120729266354441,2.082092306248501,2.6485890737080235,1.1409245504647514
86.0,37.0,1250.13037109375,-3.3048653932658945,1.6511417255194203,1.5276093984893155,2.2543005164401166,0.7132902033269424,-1.4338579212721756,-1.120729266354441,2.082092306248501,2.6485890737080235,1.1409245504647514
86.0,37.0,1250.134033203125,-3.304875978323661,1.6511417255194203,1.5277641322882174,2.2544043212179354,0.7132902033269424,-1.4338579212721756,-1.120729266354441,2.082091394026978,2.6485890737102125,1.1409245504647514
86.0,37.0,1250.134033203125,-3.304875978323661,1.6511417255194203,1.5277641322882174,2.2544043212179354,0.7132902033269424,-1.4338579212721756,-1.120729266354441,2.082091394026978,2.6485890737102173,1.1409245504647514
86.0,37.0,1250.13671875,-3.3048653932658945,1.6511417255194203,1.5276940740129872,2.254295873192553,0.7132909846775453,-1.4338579212721756,-1.1208271159111094,2.081833272563072,2.6485890735946085,1.1409245504647514
86.0,37.0,1250.13671875,-3.3048653932658945,1.6511417255194203,1.5276940740129872,2.254295896783593,0.7132909808228095,-1.4338579212721756,-1.1208271159111094,2.081833272563072,2.6485890735946085,1.1409245504647514
86.0,37.0,1250.1368408203125,-3.3048653932658945,1.6511417255194203,1.5276940740129872,2.2542975358300343,0.7132902033269424,-1.4338579212721756,-1.1208271159111094,2.081833272563072,2.6485890735946085,1.1409245504647514
86.0,37.0,1250.1368408203125,-3.3048653932658945,1.6511417255194203,1.5276940740129872,2.2542975358300343,0.7132902033269424,-1.4338579212721756,-1.1208271159111094,2.081833272563072,2.6485890735946085,1.1409245504647514
86.0,37.0,1250.1368408203125,-3.3048653932658945,1.6511417255194203,1.5276940740129872,2.2542975122389945,0.7132902071816781,-1.4338579212721756,-1.1208271159111094,2.081833272563072,2.6485890735946085,1.1409245504647514
86.0,37.0,1250.138916015625,-3.3048653932658945,1.6511417255194203,1.5276947077188507,2.2542975122389945,0.7132902071816781,-1.4338579212721756,-1.1208271159111094,2.0818333871879706,2.6485890737044744,1.1409886436632874
86.0,37.0,1250.14013671875,-3.3048653932658945,1.6511730225799557,1.5276940740129872,2.2542975358300343,0.7146447692139283,-1.4338579212721756,-1.1194974391485049,2.081833272563072,2.64858907359471,1.1409245504647514
86.0,37.0,1250.297607421875,-3.293985460817668,1.645994566371311,1.527892936529776,2.254350157777992,0.707828415284579,-1.4267366868083249,-1.074955559523721,2.084779469553566,2.648589073643516,1.1591776209320008
86.0,38.0,1239.578125,-3.2938155539262874,1.645221692300764,1.755529556092695,2.078659412820864,0.7130293703016228,-1.407271981112606,-1.0744707229849657,2.0820913453026884,2.6485890735820847,1.139445555753542
86.0,38.0,1240.1197509765625,-3.304886032857908,1.6522587864962424,1.5276093984893155,2.0337803794696665,0.6282390580898826,-1.4338579212721756,-1.0944736388290428,2.0820913453026884,2.64858907359064,1.1286252319926449
86.0,38.0,1240.123291015625,-3.304886032857908,1.6522587864962424,1.5276093984893155,2.0337803794696665,0.6279044937428172,-1.4338579212721756,-1.0944736388290428,2.0820913453026884,2.6485890737080235,1.1286252319926449
86.0,38.0,1240.51318359375,-3.2928256222885426,1.651451841690262,1.531282162637012,2.0392120389001978,0.6343328725423192,-1.435043758752388,-1.0936691383545605,2.0820913453026884,2.643967000497725,1.1281330486434749
86.0,38.0,1240.550537109375,-3.29318512492811,1.65228854349698,1.5276093984893155,2.0337803794696665,0.6345410453379715,-1.4339014429672463,-1.1172871664366906,2.0820913453026884,2.6485890737080235,1.1286605852800278
86.0,38.0,1240.759033203125,-3.29318512492811,1.6522626471718982,1.5276093984893155,2.0337803794696665,0.6345410453379715,-1.4338579212721756,-1.0944736388290428,2.0820913453026884,2.6485890737080235,1.1286605852800278
86.0,38.0,1240.8785400390625,-3.29318512492811,1.6522626471718982,1.5239775277039354,2.0337803794696665,0.6312369344484433,-1.4339611794206018,-1.0944736388290428,2.0820931644616865,2.6485893956556184,1.1286605852800278
86.0,38.0,1241.697021484375,-3.3048653932658945,1.6447544596788437,1.5276093984893155,2.079102954315668,0.7013494309155108,-1.4339122283236645,-1.120729266354441,2.082091346640964,2.6485890737080235,1.139417618800408
86.0,38.0,1241.727783203125,-3.3048653932658945,1.6447544596788437,1.5276093984893155,2.079102954315668,0.7020071897045426,-1.4339117101342678,-1.120729266354441,2.081832901836401,2.6485890737080235,1.1395047559241176
86.0,38.0,1241.7442626953125,-3.29382487836604,1.645221692300764,1.5239945885900814,2.078727234365895,0.6785301517631637,-1.4339124024151668,-1.094926573097949,2.0820913453026884,2.6485896099855326,1.133071571653362
86.0,38.0,1241.981201171875,-3.2928256222885426,1.651451841690262,1.5313047469674983,2.0392120389001978,0.6343328725423192,-1.435043758752388,-1.036705203789917,2.082092292080417,2.643967000497725,1.1281330486434749
86.0,38.0,1242.1527099609375,-3.3048653932658945,1.6509975806010462,1.5277611830221238,2.079102954315668,0.7133168386855421,-1.4339122283236645,-1.120729266354441,2.0820913973168484,2.6485890737080235,1.139417618800408
86.0,38.0,1242.263427734375,-3.2938155539262874,1.645221692300764,1.5278374727390416,2.078659412820864,0.7012240875352366,-1.4339124024151668,-1.074778196162807,2.0820913453026884,2.6485890737083126,1.139445555753542
86.0,38.0,1242.271728515625,-3.2938155539262874,1.645221692300764,1.5278374727390416,2.078659412820864,0.701558651882302,-1.4339124024151668,-1.074778196162807,2.0820913453026884,2.6485890735909283,1.139445555753542
86.0,38.0,1242.271728515625,-3.2938155539262874,1.645221692300764,1.5278374727390416,2.078659412820864,0.701558651882302,-1.4339124024151668,-1.074778196162807,2.0820913453026884,2.6485890735909283,1.139445555753542
86.0,38.0,1242.271728515625,-3.2938155539262874,1.645221692300764,1.5278374727390416,2.078659412820864,0.701558651882302,-1.4339124024151668,-1.074778196162807,2.0820913453026884,2.6485890735909283,1.139445555753542
86.0,38.0,1242.607177734375,-3.293824845788379,1.6459531255087818,1.5238859060093162,2.081370557481009,0.7083236181011375,-1.4339604121357985,-1.092857185301073,2.082124545677297,2.6485988568822325,1.1591776209320008
86.0,38.0,1242.7003173828125,-3.293825078251541,1.6452603372575667,1.7333969923010166,2.0785020028238272,0.708335371341233,-1.3524171550190265,-1.092857185301073,2.0735310520679247,2.6485893090082224,1.25883730795302
86.0,38.0,1242.8538818359375,-3.293824845788379,1.645806042593838,1.5238817564638525,2.081370557481009,0.7083236181011375,-1.4339604121357985,-1.1211746172312154,2.082124545677297,2.64858972623042,1.1591776209320008
86.0,38.0,1243.794189453125,-3.307906853605273,1.6511417255194203,1.5311187307590208,2.0212500836094884,0.7132886505833086,-1.4338384491778202,-1.120728814823442,2.0820913940989696,2.648589073719686,1.2227696702995627
86.0,38.0,1243.7943115234375,-3.307906853605273,1.6511417255194203,1.5311187307590208,2.0212500836094884,0.7132902033269424,-1.4338383515225537,-1.120729266354441,2.0820913940989696,2.6485890737197666,1.2227696702995627
86.0,38.0,1243.923828125,-3.3054432262916,1.6512888084343642,1.5246868576332604,2.141185440342351,0.7129711588327143,-1.4338562157785657,-1.092771355771748,2.0820923012628034,2.648598204359837,1.1409245504647514
86.0,38.0,1244.098388671875,-3.3054432262916,1.6511417255194203,1.5246827080877965,2.141185440342351,0.7129711588327143,-1.4338562157785657,-1.121088787701891,2.0820923012628034,2.6485890737080235,1.1409245504647514
86.0,38.0,1245.477783203125,-3.293824845788379,1.6459529089688258,1.5238682009219098,2.082941074622061,0.708335371341233,-1.3524171550190265,-1.092857185301073,2.0732316782917843,2.6485984642512146,1.25883730795302
86.0,38.0,1246.659912109375,-3.367887935134385,1.7048985711888376,1.5278126166547852,2.254281665639955,0.7139572806873783,-1.3539252461980047,-1.0710680665538597,2.0820913944104342,2.6485890737081674,1.2556687047875328
86.0,38.0,1246.6671142578125,-3.367887935134385,1.7048985711888376,1.5241767081672497,2.254281665639955,0.7140029748683466,-1.3539252461980047,-1.0741678826345544,2.0820913453026884,2.648589073644903,1.2556687047875328
86.0,38.0,1246.9971923828125,-3.293824845788379,1.6459529089688258,1.5238859060093162,2.081370557481009,0.708335371341233,-1.4339604121357985,-1.092857185301073,2.285167499915325,2.6485984642512146,1.159070873899863
86.0,38.0,1247.0843505859375,-3.3045733385152225,1.6511417255194203,1.5277555844921198,2.2544017306421584,0.7133262707037378,-1.3557360251601365,-1.09195346071805,2.0820913453026884,2.648589073594233,1.1585641033751648
86.0,38.0,1247.2071533203125,-3.293812377036064,1.6550659454670893,1.5310209078578865,1.960344717197105,0.789109444398156,-1.4338384868137557,-1.074629466168714,2.084765167107817,2.648589073642248,1.1578106570124675
86.0,38.0,1247.285888671875,-3.293824845788379,1.6459529089688258,1.5238859060093162,2.081370557481009,0.708335371341233,-1.4339604121357985,-1.092857185301073,2.288638495041905,2.6485984642512146,1.1591776209320008
86.0,38.0,1247.517333984375,-3.293293126516008,1.6511686597185158,1.530981794852917,1.960344717197105,0.795353691423892,-1.433838119406685,-1.0784988906498472,2.084765167107817,2.6485890737166686,1.1578106570124675
86.0,38.0,1247.5927734375,-3.293293126516008,1.6550659454670893,1.530981794852917,1.960344717197105,0.7927819217840786,-1.4338384868137557,-1.074629466168714,2.084765167107817,2.648589073642248,1.1578106570124675
86.0,38.0,1247.7109375,-3.293293126516008,1.6550659454670893,1.530981794852917,1.960344717197105,0.7927832807345242,-1.4338384868137557,-1.074629466168714,2.082086199888984,2.648589073642248,1.1578106570124675
86.0,38.0,1247.7708740234375,-3.365473032704627,1.6550659454670893,1.5310827872720325,2.267694164671012,0.7089814816290184,-1.3511815347040408,-1.074629466168714,2.0820913453026884,2.648589073593388,1.2567556688048946
86.0,38.0,1247.797119140625,-3.365473032704627,1.6550659454670893,1.530981794852917,2.059840736994939,0.7927819217840786,-1.4338384868137557,-1.074629466168714,2.0820913453026884,2.6485890735947124,1.1387828549375083
86.0,38.0,1248.3170166015625,-3.293293126516008,1.6550680053902982,1.530981794852917,1.960344717197105,0.7925141155232395,-1.4339013762868655,-1.0735971402303472,2.084860003529897,2.648589073642494,1.1406315951653117
86.0,38.0,1248.71484375,-3.2804953916891675,1.6459073690280712,1.5232990917986995,2.086611644692908,0.708335371341233,-1.4339604121357985,-1.091961205671305,2.285167499915325,2.643975839011388,1.1291434263394475
86.0,38.0,1248.740478515625,-3.2803655274179024,1.6516446106314702,1.540412092799084,2.25173598099583,0.713343943455795,-1.3552577684218163,-1.0919661036159551,2.085562340429268,2.643967000497725,1.128765252270319
86.0,38.0,1248.7919921875,-3.2803655274179024,1.6516446106314702,1.540412092799084,2.25173598099583,0.713343943455795,-1.3552577684218163,-1.0919661036159551,2.0820913453026884,2.643967000497725,1.1286585052381812
86.0,38.0,1248.8577880859375,-3.304953696507317,1.7048985711888376,1.5276093984893155,2.254281665639955,0.7132902033269424,-1.3539252461980047,-1.092587859592747,2.0820913453026884,2.6485890737080235,1.1585641033751648
86.0,38.0,1248.9019775390625,-3.365473032704627,1.6550659454670893,1.530981794852917,2.059840736994939,0.7928453276108037,-1.3507485996773492,-1.074629466168714,2.0820913453026884,2.6485890735947124,1.1583136985411562
86.0,38.0,1249.2760009765625,-3.279499622542533,1.6514879573426913,1.5399746653345376,2.25173598099583,0.7134131846678171,-1.3504856638690237,-1.0919534119794052,2.0820913453026884,2.643967000497725,1.1286585052381812
86.0,38.0,1249.3984375,-3.281336234038889,1.6460863827657244,1.5276093984893155,2.254281665639955,0.7018194849076216,-1.3526646271191762,-1.0929039578625386,2.0820913453026884,2.6485890735907622,1.1585641033751648
86.0,38.0,1249.408935546875,-3.281336234038889,1.6460863827657244,1.5276093984893155,2.254281665639955,0.7132902033269424,-1.3539252461980047,-1.0925964846846972,2.0820913453026884,2.648589073581918,1.1585641033751648
86.0,38.0,1249.4776611328125,-3.304953696507317,1.738044570693969,1.527709470600697,2.25502884836042,0.7132902033269424,-1.4338579212721756,-1.0728836590643454,2.0820913453026884,2.6485890735981847,1.1584162035050125
86.0,38.0,1249.4786376953125,-3.304953696507317,1.73807997887363,1.527709470600697,2.25502884836042,0.7132902033269424,-1.4338579212721756,-1.0728724447448,2.0820913453026884,2.6485890735981847,1.1584162035050125
86.0,38.0,1249.6187744140625,-3.304849712946844,1.6550390112679938,1.5276093984893155,2.255011937748409,0.710718433687129,-1.4338582886792464,-1.074699817530185,2.084851913740051,2.648589073633602,1.1406454798841277
86.0,38.0,1249.66943359375,-3.304953696507317,1.73807997887363,1.5276093984893155,2.25502884836042,0.7132902033269424,-1.4338579212721756,-1.0643128468900822,2.0820913453026884,2.6485890737080235,1.1585641033751648
86.0,38.0,1249.7728271484375,-3.304849712946844,1.6511417255194203,1.5276093984893155,2.255011937748409,0.7132902033269424,-1.4338579212721756,-1.0785692420113182,2.084851913740051,2.6485890737080235,1.1406454798841277
86.0,38.0,1249.788818359375,-3.3057982547230744,1.6459851827538847,1.530578013622207,2.2550543313973046,0.7075390340802878,-1.4338620687969934,-1.091699569805956,2.0820913453026884,2.64858907372041,1.1390593223835987
86.0,39.0,1238.83447265625,-3.3054432262916,1.651138817698017,1.6724150077186055,2.023173650093269,0.7129760280638879,-1.4338562157785657,-1.1221159730239414,2.0820923012628034,2.6485891659140965,1.1403389749323796
86.0,39.0,1239.578125,-3.2938155539262874,1.645221692300764,1.755529556092695,2.078659412820864,0.7130293703016228,-1.407271981112606,-1.0744707229849657,2.0820913453026884,2.6485890735820847,1.139445555753542
86.0,39.0,1240.1197509765625,-3.304886032857908,1.6522587864962424,1.5276093984893155,2.0337803794696665,0.6282390580898826,-1.4338579212721756,-1.0944736388290428,2.0820913453026884,2.64858907359064,1.1286252319926449
86.0,39.0,1240.123291015625,-3.304886032857908,1.6522587864962424,1.5276093984893155,2.0337803794696665,0.6279044937428172,-1.4338579212721756,-1.0944736388290428,2.0820913453026884,2.6485890737080235,1.1286252319926449
86.0,39.0,1240.2279052734375,-3.2928256222885426,1.651451841690262,1.540658175138809,2.0392120389001978,0.6343328725423192,-1.435043758752388,-1.0936691383545605,2.0856267035301324,2.643967000497725,1.1281330486434749
86.0,39.0,1240.51318359375,-3.2928256222885426,1.651451841690262,1.531282162637012,2.0392120389001978,0.6343328725423192,-1.435043758752388,-1.0936691383545605,2.0820913453026884,2.643967000497725,1.1281330486434749
86.0,39.0,1240.5462646484375,-3.29318512492811,1.65228854349698,1.5276093984893155,2.0337803794696665,0.6345410453379715,-1.4338573613660572,-1.1175352129177003,2.0820913453026884,2.6485890737080235,1.1286605852800278
86.0,39.0,1240.550537109375,-3.29318512492811,1.65228854349698,1.5276093984893155,2.0337803794696665,0.6345410453379715,-1.4339014429672463,-1.1172871664366906,2.0820913453026884,2.6485890737080235,1.1286605852800278
86.0,39.0,1240.613525390625,-3.29318512492811,1.65228854349698,1.5276093984893155,2.0337803794696665,0.6351173570217803,-1.433903510325527,-1.1172871664366906,2.0820913453026884,2.6485890737080235,1.1411532586327569
86.0,39.0,1240.759033203125,-3.29318512492811,1.6522626471718982,1.5276093984893155,2.0337803794696665,0.6345410453379715,-1.4338579212721756,-1.0944736388290428,2.0820913453026884,2.6485890737080235,1.1286605852800278
86.0,39.0,1240.8785400390625,-3.29318512492811,1.6522626471718982,1.5239775277039354,2.0337803794696665,0.6312369344484433,-1.4339611794206018,-1.0944736388290428,2.0820931644616865,2.6485893956556184,1.1286605852800278
86.0,39.0,1240.9356689453125,-3.304865120092832,1.6522348303708534,1.5276093984893155,2.0337803794696665,0.7007849168893359,-1.4338579212721756,-1.0944736388290428,2.0820913453026884,2.6485890737080235,1.13918329846124
86.0,39.0,1241.1990966796875,-3.3041246057262668,1.645221692300764,1.527588272983906,2.078659412820864,0.6262025674699617,-1.4339124024151668,-1.094386487528262,2.0820913453026884,2.6485890737083126,1.12867062411807
86.0,39.0,1241.2640380859375,-3.3048863060309706,1.6447784158042325,1.5276093984893155,2.079102954315668,0.6291267665580238,-1.4339117101342678,-1.1448154092555365,2.081832901836401,2.6485890737080235,1.128946689455523
86.0,39.0,1241.6671142578125,-3.294576981057928,1.6522587864962424,1.5278585982444508,2.0337803794696665,0.702926013808092,-1.4338579212721756,-1.074865347463588,2.0820913453026884,2.6485890737080235,1.1394001636281172
86.0,39.0,1241.697021484375,-3.3048653932658945,1.6447544596788437,1.5276093984893155,2.079102954315668,0.7013494309155108,-1.4339122283236645,-1.120729266354441,2.082091346640964,2.6485890737080235,1.139417618800408
86.0,39.0,1241.697021484375,-3.3048653932658945,1.645260194792524,1.5276093984893155,2.079097367169796,0.7013494309155108,-1.4339122283236645,-1.120729266354441,2.082091346640964,2.6485890737080235,1.1394172121301422
86.0,39.0,1241.727783203125,-3.3048653932658945,1.6447544596788437,1.5276093984893155,2.079102954315668,0.7020071897045426,-1.4339117101342678,-1.120729266354441,2.081832901836401,2.6485890737080235,1.1395047559241176
86.0,39.0,1241.7442626953125,-3.29382487836604,1.645221692300764,1.5239945885900814,2.078727234365895,0.6785301517631637,-1.4339124024151668,-1.094926573097949,2.0820913453026884,2.6485896099855326,1.133071571653362
86.0,39.0,1241.981201171875,-3.2928256222885426,1.651451841690262,1.5313047469674983,2.0392120389001978,0.6343328725423192,-1.435043758752388,-1.036705203789917,2.082092292080417,2.643967000497725,1.1281330486434749
86.0,39.0,1242.0206298828125,-3.293815486933392,1.645221692300764,1.5239945885900814,2.078725368099953,0.6785301517631637,-1.4339124024151668,-1.0747666784732568,2.0820913453026884,2.6485896099855326,1.133071571653362
86.0,39.0,1242.1527099609375,-3.3048653932658945,1.6509975806010462,1.5277611830221238,2.079102954315668,0.7133168386855421,-1.4339122283236645,-1.120729266354441,2.0820913973168484,2.6485890737080235,1.139417618800408
86.0,39.0,1242.1900634765625,-3.2809007164741075,1.6457246715014953,1.5226522586587192,2.0334461368627257,0.7105247290421131,-1.4339604121357985,-1.091961205671305,2.083153910638763,2.643975839011388,1.128652806386245
86.0,39.0,1242.2532958984375,-3.2938155539262874,1.645221692300764,1.528139750145068,2.078653696984782,0.7012240875352366,-1.4339124024151668,-1.074778196162807,2.0820913453026884,2.6485890344020486,1.139445555753542
86.0,39.0,1242.263427734375,-3.2938155539262874,1.645221692300764,1.5278374727390416,2.078659412820864,0.7012240875352366,-1.4339124024151668,-1.074778196162807,2.0820913453026884,2.6485890737083126,1.139445555753542
86.0,39.0,1242.271728515625,-3.2938155539262874,1.645221692300764,1.5278374727390416,2.078659412820864,0.701558651882302,-1.4339124024151668,-1.074778196162807,2.0820913453026884,2.6485890735909283,1.139445555753542
86.0,39.0,1242.271728515625,-3.2938155539262874,1.645221692300764,1.5278374727390416,2.078659412820864,0.701558651882302,-1.4339124024151668,-1.074778196162807,2.0820913453026884,2.6485890735909283,1.139445555753542
86.0,39.0,1242.271728515625,-3.2938155539262874,1.645221692300764,1.5278374727390416,2.078659412820864,0.701558651882302,-1.4339124024151668,-1.074778196162807,2.0820913453026884,2.6485890735909283,1.139445555753542
86.0,39.0,1242.392578125,-3.2937700886441377,1.651451841690262,1.527874390966917,2.0392120389001978,0.6343328725423192,-1.4339007787311795,-1.0395987187527882,2.0820913654557294,2.648465372345179,1.1281330486434749
86.0,39.0,1242.607177734375,-3.293824845788379,1.6459531255087818,1.5238859060093162,2.081370557481009,0.7083236181011375,-1.4339604121357985,-1.092857185301073,2.082124545677297,2.6485988568822325,1.1591776209320008
86.0,39.0,1242.7003173828125,-3.293825078251541,1.6452603372575667,1.7333969923010166,2.0785020028238272,0.708335371341233,-1.3524171550190265,-1.092857185301073,2.0735310520679247,2.6485893090082224,1.25883730795302
86.0,39.0,1242.8538818359375,-3.293824845788379,1.645806042593838,1.5238817564638525,2.081370557481009,0.7083236181011375,-1.4339604121357985,-1.1211746172312154,2.082124545677297,2.64858972623042,1.1591776209320008
86.0,39.0,1242.9136962890625,-3.2937724066427547,1.6511417255194203,1.5312758274584113,2.012140576137952,0.7132902033269424,-1.4338376598810123,-1.0673082151969275,2.08209139818618,2.6485890737197666,1.2227696702995627
86.0,39.0,1243.0245361328125,-3.2938155539262874,1.6455687571097468,1.5278374727390416,2.0782414613989704,0.6968824264366331,-1.4339124024151668,-1.0386920971392308,2.0820913453026884,2.6481865203454733,1.139445555753542
86.0,39.0,1243.75146484375,-3.293825086406046,1.6459531255087818,1.5238859060093162,2.081370557481009,0.7083236181011375,-1.3512295753207997,-1.092857185301073,2.082124545677297,2.6485988568822325,1.1591776209320008
86.0,39.0,1243.794189453125,-3.307906853605273,1.6511417255194203,1.5311187307590208,2.0212500836094884,0.7132886505833086,-1.4338384491778202,-1.120728814823442,2.0820913940989696,2.648589073719686,1.2227696702995627
86.0,39.0,1243.7943115234375,-3.307906853605273,1.6511417255194203,1.5311187307590208,2.0212500836094884,0.7132902033269424,-1.4338383515225537,-1.120729266354441,2.0820913940989696,2.6485890737197666,1.2227696702995627
86.0,39.0,1243.923828125,-3.3054432262916,1.6512888084343642,1.5246868576332604,2.141185440342351,0.7129711588327143,-1.4338562157785657,-1.092771355771748,2.0820923012628034,2.648598204359837,1.1409245504647514
86.0,39.0,1243.9619140625,-3.3054432262916,1.6511417255194203,1.5246827080877965,2.141185440342351,0.7123948471489054,-1.4338541484202851,-1.121088787701891,2.0820923012628034,2.6485890737080235,1.1284318771120223
86.0,39.0,1244.098388671875,-3.3054432262916,1.6511417255194203,1.5246827080877965,2.141185440342351,0.7129711588327143,-1.4338562157785657,-1.121088787701891,2.0820923012628034,2.6485890737080235,1.1409245504647514
86.0,39.0,1245.4671630859375,-3.2938155539262874,1.645221692300764,1.755529556092695,2.07599198707343,0.6301560025109963,-1.4365968804185858,-1.095457456087252,2.0820913453026884,2.6485890735820847,1.1265835643047009
86.0,39.0,1245.477783203125,-3.293824845788379,1.6459529089688258,1.5238682009219098,2.082941074622061,0.708335371341233,-1.3524171550190265,-1.092857185301073,2.0732316782917843,2.6485984642512146,1.25883730795302
86.0,39.0,1246.005615234375,-3.3044807080729672,1.6524414840228183,1.528256231629296,2.086945887299849,0.6260497003890027,-1.4338579212721756,-1.0944736388290428,2.2841049345792515,2.64858907359064,1.1291158519458473
86.0,39.0,1246.43798828125,-3.404003291618192,1.645221692300764,1.531267828739623,2.078659412820864,0.701558651882302,-1.3137852782529509,-1.071884681199936,2.0820922719273764,2.644090701743474,1.139445555753542
86.0,39.0,1246.659912109375,-3.367887935134385,1.7048985711888376,1.5278126166547852,2.254281665639955,0.7139572806873783,-1.3539252461980047,-1.0710680665538597,2.0820913944104342,2.6485890737081674,1.2556687047875328
86.0,39.0,1246.6671142578125,-3.367887935134385,1.7048985711888376,1.5241767081672497,2.254281665639955,0.7140029748683466,-1.3539252461980047,-1.0741678826345544,2.0820913453026884,2.648589073644903,1.2556687047875328
86.0,39.0,1246.9971923828125,-3.293824845788379,1.6459529089688258,1.5238859060093162,2.081370557481009,0.708335371341233,-1.4339604121357985,-1.092857185301073,2.285167499915325,2.6485984642512146,1.159070873899863
86.0,39.0,1247.0035400390625,-3.307906853605273,1.6512917162557674,1.5311258170085424,2.1392618738585707,0.7132837813521351,-1.4338384491778202,-1.0913841975712488,2.0820913940989696,2.6485981121654265,1.2233552458319346
86.0,39.0,1247.0843505859375,-3.3045733385152225,1.6511417255194203,1.5277555844921198,2.2544017306421584,0.7133262707037378,-1.3557360251601365,-1.09195346071805,2.0820913453026884,2.648589073594233,1.1585641033751648
86.0,39.0,1247.1925048828125,-3.293293126516008,1.6507239216391096,1.530981794852917,1.960344717197105,0.795353691423892,-1.433899423772897,-1.0784988906498472,2.084765167107817,2.6485890737166686,1.168262198645062
86.0,40.0,1238.83447265625,-3.3054432262916,1.651138817698017,1.6724150077186055,2.023173650093269,0.7129760280638879,-1.4338562157785657,-1.1221159730239414,2.0820923012628034,2.6485891659140965,1.1403389749323796
86.0,40.0,1239.578125,-3.2938155539262874,1.645221692300764,1.755529556092695,2.078659412820864,0.7130293703016228,-1.407271981112606,-1.0744707229849657,2.0820913453026884,2.6485890735820847,1.139445555753542
86.0,40.0,1240.1197509765625,-3.304886032857908,1.6522587864962424,1.5276093984893155,2.0337803794696665,0.6282390580898826,-1.4338579212721756,-1.0944736388290428,2.0820913453026884,2.64858907359064,1.1286252319926449
86.0,40.0,1240.123291015625,-3.304886032857908,1.6522587864962424,1.5276093984893155,2.0337803794696665,0.6279044937428172,-1.4338579212721756,-1.0944736388290428,2.0820913453026884,2.6485890737080235,1.1286252319926449
86.0,40.0,1240.2279052734375,-3.2928256222885426,1.651451841690262,1.540658175138809,2.0392120389001978,0.6343328725423192,-1.435043758752388,-1.0936691383545605,2.0856267035301324,2.643967000497725,1.1281330486434749
86.0,40.0,1240.265869140625,-3.3048653932658945,1.6447544596788437,1.5276093984893155,2.035502311440338,0.6236269760922227,-1.4338598681189452,-1.0950806708129153,2.082091346640964,2.6485890737080235,1.139417618800408
86.0,40.0,1240.5072021484375,-3.2928256222885426,1.651451841690262,1.527446306786772,2.0392120389001978,0.6289780150895417,-1.4349791317709248,-1.0936691383545605,2.0856267035301324,2.6437099992640007,1.1281330486434749
86.0,40.0,1240.51318359375,-3.2928256222885426,1.651451841690262,1.531282162637012,2.0392120389001978,0.6343328725423192,-1.435043758752388,-1.0936691383545605,2.0820913453026884,2.643967000497725,1.1281330486434749
86.0,40.0,1240.5462646484375,-3.29318512492811,1.65228854349698,1.5276093984893155,2.0337803794696665,0.6345410453379715,-1.4338573613660572,-1.1175352129177003,2.0820913453026884,2.6485890737080235,1.1286605852800278
86.0,40.0,1240.550537109375,-3.29318512492811,1.65228854349698,1.5276093984893155,2.0337803794696665,0.6345410453379715,-1.4339014429672463,-1.1172871664366906,2.0820913453026884,2.6485890737080235,1.1286605852800278
86.0,40.0,1240.6129150390625,-3.29318512492811,1.6522626471718982,1.5276093984893155,2.0229774877710014,0.6371894344503584,-1.4338579212721756,-1.0944736388290428,2.0820913453026884,2.648589073767245,1.1286605852800278
86.0,40.0,1240.613525390625,-3.29318512492811,1.65228854349698,1.5276093984893155,2.0337803794696665,0.6351173570217803,-1.433903510325527,-1.1172871664366906,2.0820913453026884,2.6485890737080235,1.1411532586327569
86.0,40.0,1240.759033203125,-3.29318512492811,1.6522626471718982,1.5276093984893155,2.0337803794696665,0.6345410453379715,-1.4338579212721756,-1.0944736388290428,2.0820913453026884,2.6485890737080235,1.1286605852800278
86.0,40.0,1240.759033203125,-3.29318512492811,1.6522626471718982,1.5276093984893155,2.0337803794696665,0.6345410453379715,-1.4338579212721756,-1.0944736388290428,2.0820913453026884,2.6485890737080235,1.1286605852800278
86.0,40.0,1240.802490234375,-3.304865120092832,1.6522348303708534,1.531246772159069,2.0337803794696665,0.7007849168893359,-1.4338579212721756,-1.0944736388290428,2.0820913453026884,2.6485890737080235,1.13918329846124
86.0,40.0,1240.8785400390625,-3.29318512492811,1.6522626471718982,1.5239775277039354,2.0337803794696665,0.6312369344484433,-1.4339611794206018,-1.0944736388290428,2.0820931644616865,2.6485893956556184,1.1286605852800278
86.0,40.0,1240.9356689453125,-3.304865120092832,1.6522348303708534,1.5276093984893155,2.0337803794696665,0.7007849168893359,-1.4338579212721756,-1.0944736388290428,2.0820913453026884,2.6485890737080235,1.13918329846124
86.0,40.0,1240.9356689453125,-3.304865120092832,1.6522348303708534,1.5276093984893155,2.0337803794696665,0.7007849168893359,-1.4338579212721756,-1.0944736388290428,2.0820913453026884,2.6485890737080235,1.13918329846124
86.0,40.0,1241.037841796875,-3.3048863060309706,1.6447784158042325,1.5408212668413526,2.079102954315668,0.6344816240108013,-1.4339763371157306,-1.1448154092555365,2.081832901836401,2.648846074941748,1.128946689455523
86.0,40.0,1241.1546630859375,-3.30487027840396,1.645223414960368,1.5275875343395922,2.078659830558335,0.6262025674699617,-1.4339124024151668,-1.094386487528262,2.0820913453374894,2.6485890737083126,1.12867062411807
86.0,40.0,1241.1990966796875,-3.3041246057262668,1.645221692300764,1.527588272983906,2.078659412820864,0.6262025674699617,-1.4339124024151668,-1.094386487528262,2.0820913453026884,2.6485890737083126,1.12867062411807
86.0,40.0,1241.2178955078125,-3.292823968736824,1.651451841690262,1.5415323647065382,2.079708725693408,0.6343328725423192,-1.435043758752388,-1.0928534150022613,2.085619556410684,2.643967000497725,1.1281330486434749
86.0,40.0,1241.2640380859375,-3.3048863060309706,1.6447784158042325,1.5276093984893155,2.079102954315668,0.6291267665580238,-1.4339117101342678,-1.1448154092555365,2.081832901836401,2.6485890737080235,1.128946689455523
86.0,40.0,1241.6671142578125,-3.294576981057928,1.6522587864962424,1.5278585982444508,2.0337803794696665,0.702926013808092,-1.4338579212721756,-1.074865347463588,2.0820913453026884,2.6485890737080235,1.1394001636281172
86.0,40.0,1241.6719970703125,-3.294520572056084,1.6522587864962424,1.5278585982444508,2.0337803794696665,0.702926013808092,-1.433893259381121,-1.074865347463588,2.0820913453026884,2.6485958973037125,1.1394001636281172
86.0,40.0,1241.697021484375,-3.3048653932658945,1.6447544596788437,1.5276093984893155,2.079102954315668,0.7013494309155108,-1.4339122283236645,-1.120729266354441,2.082091346640964,2.6485890737080235,1.139417618800408
86.0,40.0,1241.697021484375,-3.3048653932658945,1.645260194792524,1.5276093984893155,2.079097367169796,0.7013494309155108,-1.4339122283236645,-1.120729266354441,2.082091346640964,2.6485890737080235,1.1394172121301422
86.0,40.0,1241.72021484375,-3.2928256222885426,1.6514481394826634,1.531211028265481,2.0392120389001978,0.7127214354388707,-1.435043758752388,-1.0936691383545605,2.0820923266888407,2.643967000497725,1.1284244049149506
86.0,40.0,1241.7247314453125,-3.304119720588201,1.6452584721329204,1.5276101371336297,2.0790969494323246,0.7013494309155108,-1.4339122283236645,-1.120729266354441,2.0820913466061626,2.6485890737080235,1.1394172121301422
86.0,40.0,1241.727783203125,-3.3048653932658945,1.6447544596788437,1.5276093984893155,2.079102954315668,0.7020071897045426,-1.4339117101342678,-1.120729266354441,2.081832901836401,2.6485890737080235,1.1395047559241176
86.0,40.0,1241.7442626953125,-3.29382487836604,1.645221692300764,1.5239945885900814,2.078727234365895,0.6785301517631637,-1.4339124024151668,-1.094926573097949,2.0820913453026884,2.6485896099855326,1.133071571653362
86.0,40.0,1241.7442626953125,-3.29382487836604,1.645221692300764,1.5239945885900814,2.078727234365895,0.6785301517631637,-1.4339124024151668,-1.094926573097949,2.0820913453026884,2.6485896099855326,1.133071571653362
86.0,40.0,1241.7513427734375,-3.29382487836604,1.64544751903568,1.5239945885900814,2.078727234365895,0.6785301517631637,-1.4339124024151668,-1.094108683181281,2.0820913453026884,2.6485896099855326,1.13317989016303
86.0,40.0,1241.981201171875,-3.2928256222885426,1.651451841690262,1.5313047469674983,2.0392120389001978,0.6343328725423192,-1.435043758752388,-1.036705203789917,2.082092292080417,2.643967000497725,1.1281330486434749
86.0,40.0,1242.0206298828125,-3.293815486933392,1.645221692300764,1.5239945885900814,2.078725368099953,0.6785301517631637,-1.4339124024151668,-1.0747666784732568,2.0820913453026884,2.6485896099855326,1.133071571653362
86.0,40.0,1242.1527099609375,-3.3048653932658945,1.6509975806010462,1.5277611830221238,2.079102954315668,0.7133168386855421,-1.4339122283236645,-1.120729266354441,2.0820913973168484,2.6485890737080235,1.139417618800408
86.0,40.0,1242.1900634765625,-3.2809007164741075,1.6457246715014953,1.5226522586587192,2.0334461368627257,0.7105247290421131,-1.4339604121357985,-1.091961205671305,2.083153910638763,2.643975839011388,1.128652806386245
86.0,40.0,1242.2532958984375,-3.2938155539262874,1.645221692300764,1.528139750145068,2.078653696984782,0.7012240875352366,-1.4339124024151668,-1.074778196162807,2.0820913453026884,2.6485890344020486,1.139445555753542
86.0,40.0,1242.263427734375,-3.2938155539262874,1.645221692300764,1.5278374727390416,2.078659412820864,0.7012240875352366,-1.4339124024151668,-1.074778196162807,2.0820913453026884,2.6485890737083126,1.139445555753542
86.0,40.0,1242.271728515625,-3.2938155539262874,1.645221692300764,1.5278374727390416,2.078659412820864,0.701558651882302,-1.4339124024151668,-1.074778196162807,2.0820913453026884,2.6485890735909283,1.139445555753542
86.0,40.0,1242.271728515625,-3.2938155539262874,1.645221692300764,1.5278374727390416,2.078659412820864,0.701558651882302,-1.4339124024151668,-1.074778196162807,2.0820913453026884,2.6485890735909283,1.139445555753542
86.0,40.0,1242.271728515625,-3.2938155539262874,1.645221692300764,1.5278374727390416,2.078659412820864,0.701558651882302,-1.4339124024151668,-1.074778196162807,2.0820913453026884,2.6485890735909283,1.139445555753542
86.0,40.0,1242.392578125,-3.2937700886441377,1.651451841690262,1.527874390966917,2.0392120389001978,0.6343328725423192,-1.4339007787311795,-1.0395987187527882,2.0820913654557294,2.648465372345179,1.1281330486434749
86.0,40.0,1242.6005859375,-3.29318512492811,1.6523244597653537,1.4882048158228955,2.075874909858154,0.637366842255689,-1.4056637851784872,-1.0751259583659811,2.0820913453026884,2.6485890735724937,1.1410801333187504
86.0,40.0,1242.607177734375,-3.293824845788379,1.6459531255087818,1.5238859060093162,2.081370557481009,0.7083236181011375,-1.4339604121357985,-1.092857185301073,2.082124545677297,2.6485988568822325,1.1591776209320008
86.0,40.0,1242.7003173828125,-3.293825078251541,1.6452603372575667,1.7333969923010166,2.0785020028238272,0.708335371341233,-1.3524171550190265,-1.092857185301073,2.0735310520679247,2.6485893090082224,1.25883730795302
86.0,40.0,1242.8538818359375,-3.293824845788379,1.645806042593838,1.5238817564638525,2.081370557481009,0.7083236181011375,-1.4339604121357985,-1.1211746172312154,2.082124545677297,2.64858972623042,1.1591776209320008
86.0,40.0,1242.9136962890625,-3.2937724066427547,1.6511417255194203,1.5312758274584113,2.012140576137952,0.7132902033269424,-1.4338376598810123,-1.0673082151969275,2.08209139818618,2.6485890737197666,1.2227696702995627
86.0,40.0,1243.0245361328125,-3.2938155539262874,1.6455687571097468,1.5278374727390416,2.0782414613989704,0.6968824264366331,-1.4339124024151668,-1.0386920971392308,2.0820913453026884,2.6481865203454733,1.139445555753542
86.0,40.0,1243.16748046875,-3.280907712062348,1.6457246715014953,1.523977261464427,2.0767075652028364,0.7105247290421131,-1.4339130555558612,-1.091961205671305,2.083146447030181,2.648653039374201,1.133089768032843
86.0,41.0,1238.46533203125,-3.3048653932658945,1.6447544596788437,1.757945880147744,2.0775107047152503,0.7102649359612065,-1.406978533187023,-1.0950806708129153,2.082091346589129,2.6485890737080235,1.139417618800408
86.0,41.0,1238.83447265625,-3.3054432262916,1.651138817698017,1.6724150077186055,2.023173650093269,0.7129760280638879,-1.4338562157785657,-1.1221159730239414,2.0820923012628034,2.6485891659140965,1.1403389749323796
86.0,41.0,1239.578125,-3.2938155539262874,1.645221692300764,1.755529556092695,2.078659412820864,0.7130293703016228,-1.407271981112606,-1.0744707229849657,2.0820913453026884,2.6485890735820847,1.139445555753542
86.0,41.0,1239.61376953125,-3.2938155539262874,1.645221692300764,1.756814282069264,2.078659412820864,0.7130293703016228,-1.407271981112606,-1.0744707229849657,2.0820913453026884,2.648589074050736,1.139445555753542
86.0,41.0,1239.614990234375,-3.3048653932658945,1.6447544596788437,1.6270009025644991,2.079102954315668,0.7013494309155108,-1.4338617507242968,-1.095116124770321,2.082091346640964,2.6485890737080235,1.139417618800408
86.0,41.0,1239.622802734375,-3.2945003686890377,1.6521777595137794,1.668443365290986,2.033343710754561,0.7137827785336479,-1.4338562157785657,-1.1221159730239414,2.0820923012628034,2.648596060048402,1.1403389749323796
86.0,41.0,1239.634765625,-3.3048653932658945,1.6527426068751268,1.5276093984893155,2.079097367169796,0.7013494309155108,-1.3997560560687516,-1.120729266354441,2.082091346613772,2.6485890737080235,1.1394172121301422
86.0,41.0,1240.1197509765625,-3.304886032857908,1.6522587864962424,1.5276093984893155,2.0337803794696665,0.6282390580898826,-1.4338579212721756,-1.0944736388290428,2.0820913453026884,2.64858907359064,1.1286252319926449
86.0,41.0,1240.123291015625,-3.304886032857908,1.6522587864962424,1.5276093984893155,2.0337803794696665,0.6279044937428172,-1.4338579212721756,-1.0944736388290428,2.0820913453026884,2.6485890737080235,1.1286252319926449
86.0,41.0,1240.1263427734375,-3.304813851348865,1.65228854349698,1.5276093984893155,2.0337803794696665,0.6291537354004464,-1.4339120294817704,-1.1458635115018945,2.0820913453026884,2.6485890737080235,1.128672565873058
86.0,41.0,1240.126953125,-3.304877636833845,1.6522553111721625,1.6892141235760545,2.03383759303036,0.6282390580898826,-1.4338564049816327,-1.0944736388290428,2.0820923636641093,2.648589171113986,1.1403685910443793
86.0,41.0,1240.2279052734375,-3.2928256222885426,1.651451841690262,1.540658175138809,2.0392120389001978,0.6343328725423192,-1.435043758752388,-1.0936691383545605,2.0856267035301324,2.643967000497725,1.1281330486434749
86.0,41.0,1240.265869140625,-3.3048653932658945,1.6447544596788437,1.5276093984893155,2.035502311440338,0.6236269760922227,-1.4338598681189452,-1.0950806708129153,2.082091346640964,2.6485890737080235,1.139417618800408
86.0,41.0,1240.5072021484375,-3.2928256222885426,1.651451841690262,1.527446306786772,2.0392120389001978,0.6289780150895417,-1.4349791317709248,-1.0936691383545605,2.0856267035301324,2.6437099992640007,1.1281330486434749
86.0,41.0,1240.508544921875,-3.2928256222885426,1.651451841690262,1.5276168178963652,2.0395412755999383,0.6289780150895417,-1.4349791317709248,-1.0936691383545605,2.0856673146963,2.6437099992640007,1.1281330486434749
86.0,41.0,1240.51318359375,-3.2928256222885426,1.651451841690262,1.531282162637012,2.0392120389001978,0.6343328725423192,-1.435043758752388,-1.0936691383545605,2.0820913453026884,2.643967000497725,1.1281330486434749
86.0,41.0,1240.5211181640625,-3.2928256222885426,1.651451841690262,1.531282162637012,2.0400425719757385,0.6343328725423192,-1.435043758752388,-1.0936691383545605,2.0820913453026884,2.6438918379131944,1.128650798404571
86.0,41.0,1240.5462646484375,-3.29318512492811,1.65228854349698,1.5276093984893155,2.0337803794696665,0.6345410453379715,-1.4338573613660572,-1.1175352129177003,2.0820913453026884,2.6485890737080235,1.1286605852800278
86.0,41.0,1240.5504150390625,-3.29318512492811,1.6523160865348732,1.5276093984893155,2.0337803794696665,0.6345410453379715,-1.4339014429672463,-1.1172871664366906,2.0820913453026884,2.6485890737080235,1.1286577505438946
86.0,41.0,1240.550537109375,-3.29318512492811,1.65228854349698,1.5276093984893155,2.0337803794696665,0.6345410453379715,-1.4339014429672463,-1.1172871664366906,2.0820913453026884,2.6485890737080235,1.1286605852800278
86.0,41.0,1240.6129150390625,-3.29318512492811,1.6522626471718982,1.5276093984893155,2.0229774877710014,0.6371894344503584,-1.4338579212721756,-1.0944736388290428,2.0820913453026884,2.648589073767245,1.1286605852800278
86.0,41.0,1240.613525390625,-3.29318512492811,1.65228854349698,1.5276093984893155,2.0337803794696665,0.6351173570217803,-1.433903510325527,-1.1172871664366906,2.0820913453026884,2.6485890737080235,1.1411532586327569
86.0,41.0,1240.707275390625,-3.29382487836604,1.645325441662439,1.5240092203844695,2.078727234365895,0.6785301517631637,-1.4339108000797949,-1.094926573097949,2.127567098919845,2.6485896099855326,1.133071571653362
86.0,41.0,1240.734130859375,-3.29318512492811,1.652287608600148,1.5276093984893155,2.0337803794696665,0.6345410453379715,-1.4338584075975045,-1.0944736388290428,2.0820913453026884,2.6485890737080235,1.1403452514720984
86.0,41.0,1240.759033203125,-3.29318512492811,1.6522626471718982,1.5276093984893155,2.0337803794696665,0.6345410453379715,-1.4338579212721756,-1.0944736388290428,2.0820913453026884,2.6485890737080235,1.1286605852800278
86.0,41.0,1240.759033203125,-3.29318512492811,1.6522626471718982,1.5276093984893155,2.0337803794696665,0.6345410453379715,-1.4338579212721756,-1.0944736388290428,2.0820913453026884,2.6485890737080235,1.1286605852800278
86.0,41.0,1240.802490234375,-3.304865120092832,1.6522348303708534,1.531246772159069,2.0337803794696665,0.7007849168893359,-1.4338579212721756,-1.0944736388290428,2.0820913453026884,2.6485890737080235,1.13918329846124
86.0,41.0,1240.8157958984375,-3.2937627042879978,1.6522626471718982,1.5276093984893155,2.0229774877710014,0.6371894344503584,-1.4338579212721756,-1.1444196914517764,2.0818250264104683,2.64858907370046,1.092210688101585
86.0,41.0,1240.862548828125,-3.29318512492811,1.6522626471718982,1.5248310850944509,2.0339534805464266,0.6312369344484433,-1.4339773323242346,-1.0944736388290428,2.0820931644616865,2.6485893956556184,1.128660802818147
86.0,41.0,1240.8785400390625,-3.29318512492811,1.6522626471718982,1.5239775277039354,2.0337803794696665,0.6312369344484433,-1.4339611794206018,-1.0944736388290428,2.0820931644616865,2.6485893956556184,1.1286605852800278
86.0,41.0,1240.9356689453125,-3.304865120092832,1.6522348303708534,1.5276093984893155,2.0337803794696665,0.7007849168893359,-1.4338579212721756,-1.0944736388290428,2.0820913453026884,2.6485890737080235,1.13918329846124
86.0,41.0,1240.9356689453125,-3.304865120092832,1.6522348303708534,1.5276093984893155,2.0337803794696665,0.7007849168893359,-1.4338579212721756,-1.0944736388290428,2.0820913453026884,2.6485890737080235,1.13918329846124
86.0,41.0,1241.037841796875,-3.3048863060309706,1.6447784158042325,1.5408212668413526,2.079102954315668,0.6344816240108013,-1.4339763371157306,-1.1448154092555365,2.081832901836401,2.648846074941748,1.128946689455523
86.0,41.0,1241.0408935546875,-3.304857159149807,1.6452592919315472,1.5275875343395922,2.0786628704599504,0.6262025674699617,-1.433912393368015,-1.1200379013345587,2.082091345320514,2.6485890737080124,1.12867062411807
86.0,41.0,1241.1546630859375,-3.30487027840396,1.645223414960368,1.5275875343395922,2.078659830558335,0.6262025674699617,-1.4339124024151668,-1.094386487528262,2.0820913453374894,2.6485890737083126,1.12867062411807
86.0,41.0,1241.1990966796875,-3.3041246057262668,1.645221692300764,1.527588272983906,2.078659412820864,0.6262025674699617,-1.4339124024151668,-1.094386487528262,2.0820913453026884,2.6485890737083126,1.12867062411807
86.0,41.0,1241.2178955078125,-3.292823968736824,1.651451841690262,1.5415323647065382,2.079708725693408,0.6343328725423192,-1.435043758752388,-1.0928534150022613,2.085619556410684,2.643967000497725,1.1281330486434749
86.0,41.0,1241.2640380859375,-3.3048863060309706,1.6447784158042325,1.5276093984893155,2.079102954315668,0.6291267665580238,-1.4339117101342678,-1.1448154092555365,2.081832901836401,2.6485890737080235,1.128946689455523
86.0,41.0,1241.6270751953125,-3.293257579610216,1.6447784158042325,1.5276093984893155,2.079102954315668,0.6345140764955488,-1.433901123619744,-1.1162390641903324,2.081832901836401,2.6485890737080235,1.1289347088624926
86.0,41.0,1241.6671142578125,-3.294576981057928,1.6522587864962424,1.5278585982444508,2.0337803794696665,0.702926013808092,-1.4338579212721756,-1.074865347463588,2.0820913453026884,2.6485890737080235,1.1394001636281172
86.0,41.0,1241.6719970703125,-3.294520572056084,1.6522587864962424,1.5278585982444508,2.0337803794696665,0.702926013808092,-1.433893259381121,-1.074865347463588,2.0820913453026884,2.6485958973037125,1.1394001636281172
86.0,41.0,1241.697021484375,-3.3048653932658945,1.6447544596788437,1.5276093984893155,2.079102954315668,0.7013494309155108,-1.4339122283236645,-1.120729266354441,2.082091346640964,2.6485890737080235,1.139417618800408
86.0,41.0,1241.697021484375,-3.3048653932658945,1.645260194792524,1.5276093984893155,2.079097367169796,0.7013494309155108,-1.4339122283236645,-1.120729266354441,2.082091346640964,2.6485890737080235,1.1394172121301422
86.0,41.0,1241.72021484375,-3.2928256222885426,1.6514481394826634,1.531211028265481,2.0392120389001978,0.7127214354388707,-1.435043758752388,-1.0936691383545605,2.0820923266888407,2.643967000497725,1.1284244049149506
86.0,41.0,1241.7247314453125,-3.304119720588201,1.6452584721329204,1.5276101371336297,2.0790969494323246,0.7013494309155108,-1.4339122283236645,-1.120729266354441,2.0820913466061626,2.6485890737080235,1.1394172121301422
86.0,41.0,1241.727783203125,-3.3048653932658945,1.6447544596788437,1.5276093984893155,2.079102954315668,0.7020071897045426,-1.4339117101342678,-1.120729266354441,2.081832901836401,2.6485890737080235,1.1395047559241176
86.0,41.0,1241.7442626953125,-3.29382487836604,1.645221692300764,1.5239945885900814,2.078727234365895,0.6785301517631637,-1.4339124024151668,-1.094926573097949,2.0820913453026884,2.6485896099855326,1.133071571653362
86.0,41.0,1241.7442626953125,-3.29382487836604,1.645221692300764,1.5239945885900814,2.078727234365895,0.6785301517631637,-1.4339124024151668,-1.094926573097949,2.0820913453026884,2.6485896099855326,1.133071571653362
86.0,41.0,1241.7513427734375,-3.29382487836604,1.64544751903568,1.5239945885900814,2.078727234365895,0.6785301517631637,-1.4339124024151668,-1.094108683181281,2.0820913453026884,2.6485896099855326,1.13317989016303
86.0,41.0,1241.9036865234375,-3.327260747021818,1.6511422930220971,1.5108102826318672,2.023116436532576,0.7129760280638879,-1.4338577320691086,-1.1221159730239414,2.082091282901383,2.6485890683907507,1.128595615880645
86.0,42.0,1238.3916015625,-3.304865120092832,1.6522348303708534,1.6695653208746917,2.0337803794696665,0.7007849168893359,-1.4338579212721756,-1.0944736388290428,2.0820913453026884,2.6485890737080235,1.13918329846124
86.0,42.0,1238.46533203125,-3.3048653932658945,1.6447544596788437,1.757945880147744,2.0775107047152503,0.7102649359612065,-1.406978533187023,-1.0950806708129153,2.082091346589129,2.6485890737080235,1.139417618800408
86.0,42.0,1238.83447265625,-3.3054432262916,1.651138817698017,1.6724150077186055,2.023173650093269,0.7129760280638879,-1.4338562157785657,-1.1221159730239414,2.0820923012628034,2.6485891659140965,1.1403389749323796
86.0,42.0,1239.26318359375,-3.3048653932658945,1.6447544596788437,1.5276093984893155,2.035502311440338,0.6236269760922227,-1.4020169440984402,-1.0937493273133234,2.0820913466417608,2.6485890737080235,1.1394176033799084
86.0,42.0,1239.578125,-3.2938155539262874,1.645221692300764,1.755529556092695,2.078659412820864,0.7130293703016228,-1.407271981112606,-1.0744707229849657,2.0820913453026884,2.6485890735820847,1.139445555753542
86.0,42.0,1239.61376953125,-3.2938155539262874,1.645221692300764,1.756814282069264,2.078659412820864,0.7130293703016228,-1.407271981112606,-1.0744707229849657,2.0820913453026884,2.648589074050736,1.139445555753542
86.0,42.0,1239.614990234375,-3.3048653932658945,1.6447544596788437,1.6270009025644991,2.079102954315668,0.7013494309155108,-1.4338617507242968,-1.095116124770321,2.082091346640964,2.6485890737080235,1.139417618800408
86.0,42.0,1239.622802734375,-3.2945003686890377,1.6521777595137794,1.668443365290986,2.033343710754561,0.7137827785336479,-1.4338562157785657,-1.1221159730239414,2.0820923012628034,2.648596060048402,1.1403389749323796
86.0,42.0,1239.634765625,-3.3048653932658945,1.6527426068751268,1.5276093984893155,2.079097367169796,0.7013494309155108,-1.3997560560687516,-1.120729266354441,2.082091346613772,2.6485890737080235,1.1394172121301422
86.0,42.0,1239.6669921875,-3.3054432262916,1.651138817698017,1.6724150077186055,2.023477319189739,0.7129760280638879,-1.4338562157785657,-1.145874316445077,2.0820913290943937,2.648589056371745,1.1403389749323796
86.0,42.0,1239.745361328125,-3.3053255477061114,1.651451841690262,1.527889800656782,2.0369137504104224,0.6343328725423192,-1.4339064323254682,-1.0936691383545605,2.081838620018903,2.6436921584377786,1.1281425377044978
86.0,42.0,1239.9915771484375,-3.2923863806134017,1.6447784158042325,1.5310017604695456,2.0814012428054425,0.6291267665580238,-1.413457268680736,-1.1448154092555365,2.082085627120186,2.64886391576797,1.1289372003944995
86.0,42.0,1240.1197509765625,-3.304886032857908,1.6522587864962424,1.5276093984893155,2.0337803794696665,0.6282390580898826,-1.4338579212721756,-1.0944736388290428,2.0820913453026884,2.64858907359064,1.1286252319926449
86.0,42.0,1240.123291015625,-3.304886032857908,1.6522587864962424,1.5276093984893155,2.0337803794696665,0.6279044937428172,-1.4338579212721756,-1.0944736388290428,2.0820913453026884,2.6485890737080235,1.1286252319926449
86.0,42.0,1240.1263427734375,-3.304813851348865,1.65228854349698,1.5276093984893155,2.0337803794696665,0.6291537354004464,-1.4339120294817704,-1.1458635115018945,2.0820913453026884,2.6485890737080235,1.128672565873058
86.0,42.0,1240.126953125,-3.304877636833845,1.6522553111721625,1.6892141235760545,2.03383759303036,0.6282390580898826,-1.4338564049816327,-1.0944736388290428,2.0820923636641093,2.648589171113986,1.1403685910443793
86.0,42.0,1240.1334228515625,-3.3047999606711342,1.6522553111721625,1.6892141235760545,2.03383759303036,0.6282284868153128,-1.4338564049816327,-1.09454848878038,2.0820923636641093,2.648589171113986,1.1403382227454597
86.0,42.0,1240.1817626953125,-3.3049027912128075,1.645221692300764,1.5271356036698218,2.0336695969042933,0.6262025674699617,-1.433912172122913,-1.0944717208721668,2.0820913453026884,2.6485890737083126,1.128381192928256
86.0,42.0,1240.2021484375,-3.2931801610709424,1.651451568009913,1.540658175138809,2.0394339486840694,0.6345393237957468,-1.4350512928867452,-1.0936691383545605,2.0856267035301324,2.6438881273000034,1.1281330486434749
86.0,42.0,1240.2279052734375,-3.2928256222885426,1.651451841690262,1.540658175138809,2.0392120389001978,0.6343328725423192,-1.435043758752388,-1.0936691383545605,2.0856267035301324,2.643967000497725,1.1281330486434749
86.0,42.0,1240.265869140625,-3.3048653932658945,1.6447544596788437,1.5276093984893155,2.035502311440338,0.6236269760922227,-1.4338598681189452,-1.0950806708129153,2.082091346640964,2.6485890737080235,1.139417618800408
86.0,42.0,1240.3154296875,-3.292979263248955,1.6447544596788437,1.6345604618901248,2.0794109184342413,0.7013494309155108,-1.4338617507242968,-1.0937000278062734,2.082091346640964,2.6480544936459367,1.1401186386108326
86.0,42.0,1240.5072021484375,-3.2928256222885426,1.651451841690262,1.527446306786772,2.0392120389001978,0.6289780150895417,-1.4349791317709248,-1.0936691383545605,2.0856267035301324,2.6437099992640007,1.1281330486434749
86.0,42.0,1240.508544921875,-3.2928256222885426,1.651451841690262,1.5276168178963652,2.0395412755999383,0.6289780150895417,-1.4349791317709248,-1.0936691383545605,2.0856673146963,2.6437099992640007,1.1281330486434749
86.0,42.0,1240.51318359375,-3.2928256222885426,1.651451841690262,1.531282162637012,2.0392120389001978,0.6343328725423192,-1.435043758752388,-1.0936691383545605,2.0820913453026884,2.643967000497725,1.1281330486434749
86.0,42.0,1240.5211181640625,-3.2928256222885426,1.651451841690262,1.531282162637012,2.0400425719757385,0.6343328725423192,-1.435043758752388,-1.0936691383545605,2.0820913453026884,2.6438918379131944,1.128650798404571
86.0,42.0,1240.52294921875,-3.304968877190505,1.6522348303708534,1.5276093984893155,2.033344391770381,0.637051761092784,-1.4338579212721756,-1.1598043661505535,2.0820913453026884,2.64858907370024,1.13918329846124
86.0,42.0,1240.525146484375,-3.2928305861457106,1.6522629208522468,1.5276093984893155,1.981803892288816,0.6343345940845437,-1.4338503871378183,-1.0944736388290428,2.0820913453026884,2.648667946905745,1.1286605852800278
86.0,42.0,1240.5462646484375,-3.29318512492811,1.65228854349698,1.5276093984893155,2.0337803794696665,0.6345410453379715,-1.4338573613660572,-1.1175352129177003,2.0820913453026884,2.6485890737080235,1.1286605852800278
86.0,42.0,1240.5504150390625,-3.29318512492811,1.6523160865348732,1.5276093984893155,2.0337803794696665,0.6345410453379715,-1.4339014429672463,-1.1172871664366906,2.0820913453026884,2.6485890737080235,1.1286577505438946
86.0,42.0,1240.550537109375,-3.29318512492811,1.65228854349698,1.5276093984893155,2.0337803794696665,0.6345410453379715,-1.4339014429672463,-1.1172871664366906,2.0820913453026884,2.6485890737080235,1.1286605852800278
86.0,42.0,1240.55810546875,-3.29318512492811,1.6523160865348732,1.5276093984893155,2.0337803794696665,0.6345410453379715,-1.4339014429672463,-1.1152795591572144,2.0820913453026884,2.6485890737080235,1.1286578115260295
86.0,42.0,1240.6129150390625,-3.29318512492811,1.6522626471718982,1.5276093984893155,2.0229774877710014,0.6371894344503584,-1.4338579212721756,-1.0944736388290428,2.0820913453026884,2.648589073767245,1.1286605852800278
86.0,42.0,1240.613525390625,-3.29318512492811,1.65228854349698,1.5276093984893155,2.0337803794696665,0.6351173570217803,-1.433903510325527,-1.1172871664366906,2.0820913453026884,2.6485890737080235,1.1411532586327569
86.0,42.0,1240.707275390625,-3.29382487836604,1.645325441662439,1.5240092203844695,2.078727234365895,0.6785301517631637,-1.4339108000797949,-1.094926573097949,2.127567098919845,2.6485896099855326,1.133071571653362
86.0,42.0,1240.716064453125,-3.2928256222885426,1.651451841690262,1.750442548345122,2.037843943800838,0.7152424655499342,-1.435043758752388,-1.0934042975437943,2.0820913453026884,2.6486764806856185,1.1390298506130143
86.0,42.0,1240.734130859375,-3.29318512492811,1.652287608600148,1.5276093984893155,2.0337803794696665,0.6345410453379715,-1.4338584075975045,-1.0944736388290428,2.0820913453026884,2.6485890737080235,1.1403452514720984
86.0,42.0,1240.759033203125,-3.29318512492811,1.6522626471718982,1.5276093984893155,2.0337803794696665,0.6345410453379715,-1.4338579212721756,-1.0944736388290428,2.0820913453026884,2.6485890737080235,1.1286605852800278
86.0,42.0,1240.759033203125,-3.29318512492811,1.6522626471718982,1.5276093984893155,2.0337803794696665,0.6345410453379715,-1.4338579212721756,-1.0944736388290428,2.0820913453026884,2.6485890737080235,1.1286605852800278
86.0,42.0,1240.7662353515625,-3.2938155539262874,1.645221692300764,1.536369170384585,2.0800275079202235,0.6321197772940078,-1.407271981112606,-1.0747355637957314,2.0820913453026884,2.643879593394192,1.1285487537840029
86.0,42.0,1240.802490234375,-3.304865120092832,1.6522348303708534,1.531246772159069,2.0337803794696665,0.7007849168893359,-1.4338579212721756,-1.0944736388290428,2.0820913453026884,2.6485890737080235,1.13918329846124
86.0,42.0,1240.8062744140625,-3.3048651157431173,1.6527572063542595,1.5314868815774114,2.0337803794696665,0.7007849168893359,-1.4338579212721756,-1.0944736388290428,2.0820913453026884,2.6485890737080235,1.13918329846124
86.0,42.0,1240.8157958984375,-3.2937627042879978,1.6522626471718982,1.5276093984893155,2.0229774877710014,0.6371894344503584,-1.4338579212721756,-1.1444196914517764,2.0818250264104683,2.64858907370046,1.092210688101585
86.0,42.0,1240.8621826171875,-3.29318512492811,1.6522626471718982,1.5248493278872015,2.0339534805464266,0.6312369344484433,-1.4339773323242346,-1.0944736388290428,2.082090880693235,2.648589389705267,1.1286607888048656
86.0,42.0,1240.862548828125,-3.29318512492811,1.6522626471718982,1.5248310850944509,2.0339534805464266,0.6312369344484433,-1.4339773323242346,-1.0944736388290428,2.0820931644616865,2.6485893956556184,1.128660802818147
86.0,42.0,1240.8785400390625,-3.29318512492811,1.6522626471718982,1.5239775277039354,2.0337803794696665,0.6312369344484433,-1.4339611794206018,-1.0944736388290428,2.0820931644616865,2.6485893956556184,1.1286605852800278
86.0,42.0,1240.9356689453125,-3.304865120092832,1.6522348303708534,1.5276093984893155,2.0337803794696665,0.7007849168893359,-1.4338579212721756,-1.0944736388290428,2.0820913453026884,2.6485890737080235,1.13918329846124
86.0,42.0,1240.9356689453125,-3.304865120092832,1.6522348303708534,1.5276093984893155,2.0337803794696665,0.7007849168893359,-1.4338579212721756,-1.0944736388290428,2.0820913453026884,2.6485890737080235,1.13918329846124
86.0,42.0,1241.037841796875,-3.3048863060309706,1.6447784158042325,1.5408212668413526,2.079102954315668,0.6344816240108013,-1.4339763371157306,-1.1448154092555365,2.081832901836401,2.648846074941748,1.128946689455523
86.0,42.0,1241.0408935546875,-3.304857159149807,1.6452592919315472,1.5275875343395922,2.0786628704599504,0.6262025674699617,-1.433912393368015,-1.1200379013345587,2.082091345320514,2.6485890737080124,1.12867062411807
86.0,43.0,1238.3525390625,-3.401464727798611,1.6447544596788437,1.627115856153574,2.078652756856413,0.7013494309155108,-1.4338617507242968,-1.0944071884139497,2.082091346640964,2.6485891665404075,1.140332207482402
86.0,43.0,1238.3916015625,-3.304865120092832,1.6522348303708534,1.6695653208746917,2.0337803794696665,0.7007849168893359,-1.4338579212721756,-1.0944736388290428,2.0820913453026884,2.6485890737080235,1.13918329846124
86.0,43.0,1238.46533203125,-3.3048653932658945,1.6447544596788437,1.757945880147744,2.0775107047152503,0.7102649359612065,-1.406978533187023,-1.0950806708129153,2.082091346589129,2.6485890737080235,1.139417618800408
86.0,43.0,1238.73974609375,-3.305039566328396,1.6514586881223106,1.6724150077186055,2.0237048540935247,0.7129760280638879,-1.4338562157785657,-1.120797469105325,2.0856347624538354,2.6485891659140965,1.1403389749323796
86.0,43.0,1238.83447265625,-3.3054432262916,1.651138817698017,1.6724150077186055,2.023173650093269,0.7129760280638879,-1.4338562157785657,-1.1221159730239414,2.0820923012628034,2.6485891659140965,1.1403389749323796
86.0,43.0,1239.248291015625,-3.2938155539262874,1.645221692300764,1.755529556092695,2.0726731693823166,0.7130293703016228,-1.407271981112606,-1.094476213736942,2.0820913453026884,2.648589073768202,1.1283299769682045
86.0,43.0,1239.26318359375,-3.3048653932658945,1.6447544596788437,1.5276093984893155,2.035502311440338,0.6236269760922227,-1.4020169440984402,-1.0937493273133234,2.0820913466417608,2.6485890737080235,1.1394176033799084
86.0,43.0,1239.358642578125,-3.305437923014093,1.6447591574070268,1.6238088725832087,2.023477319189739,0.7017491085141244,-1.433861687811289,-1.145874316445077,2.0820913290943937,2.648589056371745,1.1393671720877965
86.0,43.0,1239.578125,-3.2938155539262874,1.645221692300764,1.755529556092695,2.078659412820864,0.7130293703016228,-1.407271981112606,-1.0744707229849657,2.0820913453026884,2.6485890735820847,1.139445555753542
86.0,43.0,1239.6016845703125,-3.2945003686890377,1.6521777595137794,1.6688716306544091,2.033446928408831,0.7138019120577476,-1.4338562157785657,-1.1217119855609692,2.0820923012628034,2.648596060048402,1.1388355441317282
86.0,43.0,1239.61376953125,-3.2938155539262874,1.645221692300764,1.756814282069264,2.078659412820864,0.7130293703016228,-1.407271981112606,-1.0744707229849657,2.0820913453026884,2.648589074050736,1.139445555753542
86.0,43.0,1239.614990234375,-3.3048653932658945,1.6447544596788437,1.6270009025644991,2.079102954315668,0.7013494309155108,-1.4338617507242968,-1.095116124770321,2.082091346640964,2.6485890737080235,1.139417618800408
86.0,43.0,1239.622802734375,-3.2945003686890377,1.6521777595137794,1.668443365290986,2.033343710754561,0.7137827785336479,-1.4338562157785657,-1.1221159730239414,2.0820923012628034,2.648596060048402,1.1403389749323796
86.0,43.0,1239.634765625,-3.3048653932658945,1.6527426068751268,1.5276093984893155,2.079097367169796,0.7013494309155108,-1.3997560560687516,-1.120729266354441,2.082091346613772,2.6485890737080235,1.1394172121301422
86.0,43.0,1239.6669921875,-3.3054432262916,1.651138817698017,1.6724150077186055,2.023477319189739,0.7129760280638879,-1.4338562157785657,-1.145874316445077,2.0820913290943937,2.648589056371745,1.1403389749323796
86.0,43.0,1239.6732177734375,-3.304885893736794,1.651138817698017,1.6732971089528064,2.023477319189739,0.7114437534488252,-1.4338562327775335,-1.145874316445077,2.08209134520682,2.648589073301104,1.1404603246585572
86.0,43.0,1239.744873046875,-3.304870696543402,1.6511341199698335,1.675607037699896,2.079102954315668,0.7125763504652743,-1.4338562786915734,-1.095116124770321,2.082091346640964,2.6485890737080235,1.1403894216449912
86.0,43.0,1239.745361328125,-3.3053255477061114,1.651451841690262,1.527889800656782,2.0369137504104224,0.6343328725423192,-1.4339064323254682,-1.0936691383545605,2.081838620018903,2.6436921584377786,1.1281425377044978
86.0,43.0,1239.860107421875,-3.3048543747775367,1.645221692300764,1.527102215806029,2.033088867132756,0.6262025674699617,-1.433912172122913,-1.0936248885709272,2.0820913453026884,2.6440530956953,1.128381192928256
86.0,43.0,1239.8946533203125,-3.304865121994613,1.652121711047844,1.531246772159069,2.0337803794696665,0.7007849168893359,-1.4066961609236772,-1.0944736388290428,2.0820913465950706,2.6485890737080235,1.1394185898162323
86.0,43.0,1239.9027099609375,-3.2928256222885426,1.651451841690262,1.540658175138809,2.0383277543579976,0.6343328725423192,-1.413101275487156,-1.0936691383545605,2.0821116107459643,2.6488276998428506,1.1289187339648892
86.0,43.0,1239.9915771484375,-3.2923863806134017,1.6447784158042325,1.5310017604695456,2.0814012428054425,0.6291267665580238,-1.413457268680736,-1.1448154092555365,2.082085627120186,2.64886391576797,1.1289372003944995
86.0,43.0,1239.9947509765625,-3.3042419240692777,1.6447691885106637,1.5310728507702476,2.0800275079202235,0.6386149136006942,-1.407271981112606,-1.0747355637957314,2.0820913453026884,2.643714455462735,1.1285487537840029
86.0,43.0,1240.0567626953125,-3.3048653932658945,1.6515747342237987,1.5275984646380238,2.039059823243943,0.6288049284910251,-1.4338719450529127,-1.0936686836606946,2.085891395944343,2.64861112803618,1.139417618800408
86.0,43.0,1240.0955810546875,-3.3054433654127133,1.6522587864962424,1.5267272972551151,2.0337803794696665,0.6297713327049452,-1.4338579042732078,-1.0944736388290428,2.0820913291902623,2.6485890566612804,1.128503882266467
86.0,43.0,1240.0999755859375,-3.3053255477061114,1.651451841690262,1.527889800656782,2.0369137504104224,0.6343328725423192,-1.4339064323254682,-1.0936691383545605,2.082095470704855,2.648663543687222,1.1281425377044978
86.0,43.0,1240.107666015625,-3.293169842253296,1.6447544596788437,1.5276093984893155,2.035502311440338,0.6236269760922227,-1.4020169440984402,-1.0937493273133234,2.08214814599136,2.6485890737080235,1.1394176033799084
86.0,43.0,1240.1197509765625,-3.304886032857908,1.6522587864962424,1.5276093984893155,2.0337803794696665,0.6282390580898826,-1.4338579212721756,-1.0944736388290428,2.0820913453026884,2.64858907359064,1.1286252319926449
86.0,43.0,1240.1226806640625,-3.304813851348865,1.65228854349698,1.5276093984893155,2.0337803794696665,0.6291537354004464,-1.4339130322705935,-1.145601364676215,2.0820913453026884,2.6485890737080235,1.128660511935044
86.0,43.0,1240.123291015625,-3.304886032857908,1.6522587864962424,1.5276093984893155,2.0337803794696665,0.6279044937428172,-1.4338579212721756,-1.0944736388290428,2.0820913453026884,2.6485890737080235,1.1286252319926449
86.0,43.0,1240.1263427734375,-3.304813851348865,1.65228854349698,1.5276093984893155,2.0337803794696665,0.6291537354004464,-1.4339120294817704,-1.1458635115018945,2.0820913453026884,2.6485890737080235,1.128672565873058
86.0,43.0,1240.126953125,-3.304877636833845,1.6522553111721625,1.6892141235760545,2.03383759303036,0.6282390580898826,-1.4338564049816327,-1.0944736388290428,2.0820923636641093,2.648589171113986,1.1403685910443793
86.0,43.0,1240.133056640625,-3.304798841306123,1.6522553111721625,1.6892141235760545,2.03383759303036,0.6282392731164038,-1.4338564049816327,-1.0944736388290428,2.0820923636641093,2.648589171113986,1.1403685910443793
86.0,43.0,1240.1334228515625,-3.3047999606711342,1.6522553111721625,1.6892141235760545,2.03383759303036,0.6282284868153128,-1.4338564049816327,-1.09454848878038,2.0820923636641093,2.648589171113986,1.1403382227454597
86.0,43.0,1240.1817626953125,-3.3049027912128075,1.645221692300764,1.5271356036698218,2.0336695969042933,0.6262025674699617,-1.433912172122913,-1.0944717208721668,2.0820913453026884,2.6485890737083126,1.128381192928256
86.0,43.0,1240.2021484375,-3.2931801610709424,1.651451568009913,1.540658175138809,2.0394339486840694,0.6345393237957468,-1.4350512928867452,-1.0936691383545605,2.0856267035301324,2.6438881273000034,1.1281330486434749
86.0,43.0,1240.2279052734375,-3.2928256222885426,1.651451841690262,1.540658175138809,2.0392120389001978,0.6343328725423192,-1.435043758752388,-1.0936691383545605,2.0856267035301324,2.643967000497725,1.1281330486434749
86.0,43.0,1240.265869140625,-3.3048653932658945,1.6447544596788437,1.5276093984893155,2.035502311440338,0.6236269760922227,-1.4338598681189452,-1.0950806708129153,2.082091346640964,2.6485890737080235,1.139417618800408
86.0,43.0,1240.3154296875,-3.292979263248955,1.6447544596788437,1.6345604618901248,2.0794109184342413,0.7013494309155108,-1.4338617507242968,-1.0937000278062734,2.082091346640964,2.6480544936459367,1.1401186386108326
86.0,43.0,1240.3154296875,-3.292979263248955,1.6447544596788437,1.6345604618901248,2.0794109184342413,0.7013494309155108,-1.4338617507242968,-1.0937000278062734,2.082091346640964,2.6480544936459367,1.1401186386108326
86.0,43.0,1240.356201171875,-3.2928229538878,1.6522629208522468,1.5276093984893155,1.981803892288816,0.6343345940845437,-1.4335962027679892,-1.1446060765162236,2.0820913453026884,2.648666431346456,1.1286605852800278
86.0,43.0,1240.3897705078125,-3.3056203771845927,1.651451841690262,1.531282162637012,2.0400425719757385,0.6343328725423192,-1.4351189028953264,-1.1588353165574774,2.0820913453026884,2.6438918379131944,1.128510801967457
86.0,43.0,1240.46826171875,-3.29318512492811,1.6522626471718982,1.5248493278872015,2.0339534805464266,0.6312369344484433,-1.4339773323242346,-1.0944736388290428,2.081834030007283,2.643618004455824,1.1286607888048656
86.0,43.0,1240.5072021484375,-3.2928256222885426,1.651451841690262,1.527446306786772,2.0392120389001978,0.6289780150895417,-1.4349791317709248,-1.0936691383545605,2.0856267035301324,2.6437099992640007,1.1281330486434749
86.0,43.0,1240.508544921875,-3.2928256222885426,1.651451841690262,1.5276168178963652,2.0395412755999383,0.6289780150895417,-1.4349791317709248,-1.0936691383545605,2.0856673146963,2.6437099992640007,1.1281330486434749
86.0,43.0,1240.51318359375,-3.2928256222885426,1.651451841690262,1.531282162637012,2.0392120389001978,0.6343328725423192,-1.435043758752388,-1.0936691383545605,2.0820913453026884,2.643967000497725,1.1281330486434749
86.0,43.0,1240.5211181640625,-3.2928256222885426,1.651451841690262,1.531282162637012,2.0400425719757385,0.6343328725423192,-1.435043758752388,-1.0936691383545605,2.0820913453026884,2.6438918379131944,1.128650798404571
86.0,43.0,1240.52294921875,-3.304968877190505,1.6522348303708534,1.5276093984893155,2.033344391770381,0.637051761092784,-1.4338579212721756,-1.1598043661505535,2.0820913453026884,2.64858907370024,1.13918329846124
86.0,43.0,1240.525146484375,-3.2928305861457106,1.6522629208522468,1.5276093984893155,1.981803892288816,0.6343345940845437,-1.4338503871378183,-1.0944736388290428,2.0820913453026884,2.648667946905745,1.1286605852800278
86.0,43.0,1240.5462646484375,-3.29318512492811,1.65228854349698,1.5276093984893155,2.0337803794696665,0.6345410453379715,-1.4338573613660572,-1.1175352129177003,2.0820913453026884,2.6485890737080235,1.1286605852800278
86.0,44.0,1235.957275390625,-3.30485274325688,1.6447591952587637,1.6238088725832087,2.0353519341069344,0.6998545369660847,-1.3987552612996978,-1.145874316445077,2.0820913463573145,2.648589056371745,1.1394156304983936
86.0,44.0,1238.3525390625,-3.401464727798611,1.6447544596788437,1.627115856153574,2.078652756856413,0.7013494309155108,-1.4338617507242968,-1.0944071884139497,2.082091346640964,2.6485891665404075,1.140332207482402
86.0,44.0,1238.3916015625,-3.304865120092832,1.6522348303708534,1.6695653208746917,2.0337803794696665,0.7007849168893359,-1.4338579212721756,-1.0944736388290428,2.0820913453026884,2.6485890737080235,1.13918329846124
86.0,44.0,1238.46533203125,-3.3048653932658945,1.6447544596788437,1.757945880147744,2.0775107047152503,0.7102649359612065,-1.406978533187023,-1.0950806708129153,2.082091346589129,2.6485890737080235,1.139417618800408
86.0,44.0,1238.4698486328125,-3.3048599425998875,1.6446549379355169,1.757945880147744,2.0775107047152503,0.7098776312041858,-1.406978533187023,-1.0950806708129153,2.082091345804353,2.648589058038285,1.139417618800408
86.0,44.0,1238.73974609375,-3.305039566328396,1.6514586881223106,1.6724150077186055,2.0237048540935247,0.7129760280638879,-1.4338562157785657,-1.120797469105325,2.0856347624538354,2.6485891659140965,1.1403389749323796
86.0,44.0,1238.83447265625,-3.3054432262916,1.651138817698017,1.6724150077186055,2.023173650093269,0.7129760280638879,-1.4338562157785657,-1.1221159730239414,2.0820923012628034,2.6485891659140965,1.1403389749323796
86.0,44.0,1239.2313232421875,-3.3048653932658945,1.6447826197249558,1.6270009025644991,2.0344292259987062,0.6279769807981798,-1.4338617507242968,-1.095116124770321,2.082091345215284,2.6485890737080235,1.128071492757003
86.0,44.0,1239.248291015625,-3.2938155539262874,1.645221692300764,1.755529556092695,2.0726731693823166,0.7130293703016228,-1.407271981112606,-1.094476213736942,2.0820913453026884,2.648589073768202,1.1283299769682045
86.0,44.0,1239.26318359375,-3.3048653932658945,1.6447544596788437,1.5276093984893155,2.035502311440338,0.6236269760922227,-1.4020169440984402,-1.0937493273133234,2.0820913466417608,2.6485890737080235,1.1394176033799084
86.0,44.0,1239.358642578125,-3.305437923014093,1.6447591574070268,1.6238088725832087,2.023477319189739,0.7017491085141244,-1.433861687811289,-1.145874316445077,2.0820913290943937,2.648589056371745,1.1393671720877965
86.0,44.0,1239.3746337890625,-3.2938155539262874,1.645221692300764,1.755529556092695,2.0726731693823166,0.7013056429625212,-1.407271981112606,-1.0944828075639168,2.0820913453026884,2.648589073768202,1.140881997401862
86.0,44.0,1239.520263671875,-3.304885893736794,1.651138817698017,1.6732971089528064,2.023477319189739,0.7006677081188956,-1.433857901427074,-1.146357190131945,2.082091345203396,2.648589073309837,1.139148707904442
86.0,44.0,1239.578125,-3.2938155539262874,1.645221692300764,1.755529556092695,2.078659412820864,0.7130293703016228,-1.407271981112606,-1.0744707229849657,2.0820913453026884,2.6485890735820847,1.139445555753542
86.0,44.0,1239.6016845703125,-3.2945003686890377,1.6521777595137794,1.6688716306544091,2.033446928408831,0.7138019120577476,-1.4338562157785657,-1.1217119855609692,2.0820923012628034,2.648596060048402,1.1388355441317282
86.0,44.0,1239.61376953125,-3.2938155539262874,1.645221692300764,1.756814282069264,2.078659412820864,0.7130293703016228,-1.407271981112606,-1.0744707229849657,2.0820913453026884,2.648589074050736,1.139445555753542
86.0,44.0,1239.614990234375,-3.3048653932658945,1.6447544596788437,1.6270009025644991,2.079102954315668,0.7013494309155108,-1.4338617507242968,-1.095116124770321,2.082091346640964,2.6485890737080235,1.139417618800408
86.0,44.0,1239.622802734375,-3.2945003686890377,1.6521777595137794,1.668443365290986,2.033343710754561,0.7137827785336479,-1.4338562157785657,-1.1221159730239414,2.0820923012628034,2.648596060048402,1.1403389749323796
86.0,44.0,1239.634765625,-3.3048653932658945,1.6527426068751268,1.5276093984893155,2.079097367169796,0.7013494309155108,-1.3997560560687516,-1.120729266354441,2.082091346613772,2.6485890737080235,1.1394172121301422
86.0,44.0,1239.666748046875,-3.2945003686890377,1.6521777595137794,1.67575003914973,2.033343710754561,0.7137674452107111,-1.4338562157785657,-1.1221159730239414,2.0820923012628034,2.648596060048402,1.140388744824088
86.0,44.0,1239.6669921875,-3.3054432262916,1.651138817698017,1.6724150077186055,2.023477319189739,0.7129760280638879,-1.4338562157785657,-1.145874316445077,2.0820913290943937,2.648589056371745,1.1403389749323796
86.0,44.0,1239.6732177734375,-3.304885893736794,1.651138817698017,1.6732971089528064,2.023477319189739,0.7114437534488252,-1.4338562327775335,-1.145874316445077,2.08209134520682,2.648589073301104,1.1404603246585572
86.0,44.0,1239.705078125,-3.2954361969694337,1.645028970541633,1.6375326049161578,2.0392120389001978,0.6343328725423192,-1.43385921288561,-1.0936663352495883,2.08224719905444,2.643967000497725,1.1281330486434749
86.0,44.0,1239.744873046875,-3.304870696543402,1.6511341199698335,1.675607037699896,2.079102954315668,0.7125763504652743,-1.4338562786915734,-1.095116124770321,2.082091346640964,2.6485890737080235,1.1403894216449912
86.0,44.0,1239.745361328125,-3.3053255477061114,1.651451841690262,1.527889800656782,2.0369137504104224,0.6343328725423192,-1.4339064323254682,-1.0936691383545605,2.081838620018903,2.6436921584377786,1.1281425377044978
86.0,44.0,1239.860107421875,-3.3048543747775367,1.645221692300764,1.527102215806029,2.033088867132756,0.6262025674699617,-1.433912172122913,-1.0936248885709272,2.0820913453026884,2.6440530956953,1.128381192928256
86.0,44.0,1239.8946533203125,-3.304865121994613,1.652121711047844,1.531246772159069,2.0337803794696665,0.7007849168893359,-1.4066961609236772,-1.0944736388290428,2.0820913465950706,2.6485890737080235,1.1394185898162323
86.0,44.0,1239.9027099609375,-3.2928256222885426,1.651451841690262,1.540658175138809,2.0383277543579976,0.6343328725423192,-1.413101275487156,-1.0936691383545605,2.0821116107459643,2.6488276998428506,1.1289187339648892
86.0,44.0,1239.9915771484375,-3.2923863806134017,1.6447784158042325,1.5310017604695456,2.0814012428054425,0.6291267665580238,-1.413457268680736,-1.1448154092555365,2.082085627120186,2.64886391576797,1.1289372003944995
86.0,44.0,1239.9947509765625,-3.3042419240692777,1.6447691885106637,1.5310728507702476,2.0800275079202235,0.6386149136006942,-1.407271981112606,-1.0747355637957314,2.0820913453026884,2.643714455462735,1.1285487537840029
86.0,44.0,1240.041015625,-3.3048653932658945,1.6514762445946007,1.5276093984893155,2.0793566762529547,0.7130362901798619,-1.3998562785312365,-1.120729266354441,2.082091346613772,2.6485890733377286,1.1394172121301422
86.0,44.0,1240.0567626953125,-3.3048653932658945,1.6515747342237987,1.5275984646380238,2.039059823243943,0.6288049284910251,-1.4338719450529127,-1.0936686836606946,2.085891395944343,2.64861112803618,1.139417618800408
86.0,44.0,1240.064697265625,-3.304885053934424,1.651544369558936,1.5275984646380238,2.039059823243943,0.6288049284910251,-1.4338719450529127,-1.0944885793351364,2.0859535331486345,2.64861112803618,1.1268325090524294
86.0,44.0,1240.091796875,-3.3054488160787203,1.652358308239569,1.5267272972551151,2.0337803794696665,0.630158637461966,-1.4338579042732078,-1.0944736388290428,2.082091329975039,2.6485890723310184,1.128503882266467
86.0,44.0,1240.0955810546875,-3.3054433654127133,1.6522587864962424,1.5267272972551151,2.0337803794696665,0.6297713327049452,-1.4338579042732078,-1.0944736388290428,2.0820913291902623,2.6485890566612804,1.128503882266467
86.0,44.0,1240.0999755859375,-3.3053255477061114,1.651451841690262,1.527889800656782,2.0369137504104224,0.6343328725423192,-1.4339064323254682,-1.0936691383545605,2.082095470704855,2.648663543687222,1.1281425377044978
86.0,44.0,1240.101806640625,-3.3048003855265544,1.651138817698017,1.689253416854608,1.860197960271674,0.7114437534488252,-1.4338562327775335,-1.0965659601826057,2.0820923162030134,2.648589178113377,1.1404603246585572
86.0,44.0,1240.107666015625,-3.293169842253296,1.6447544596788437,1.5276093984893155,2.035502311440338,0.6236269760922227,-1.4020169440984402,-1.0937493273133234,2.08214814599136,2.6485890737080235,1.1394176033799084
86.0,44.0,1240.1197509765625,-3.304886032857908,1.6522587864962424,1.5276093984893155,2.0337803794696665,0.6282390580898826,-1.4338579212721756,-1.0944736388290428,2.0820913453026884,2.64858907359064,1.1286252319926449
86.0,44.0,1240.1226806640625,-3.304813851348865,1.65228854349698,1.5276093984893155,2.0337803794696665,0.6291537354004464,-1.4339130322705935,-1.145601364676215,2.0820913453026884,2.6485890737080235,1.128660511935044
86.0,44.0,1240.123291015625,-3.304886032857908,1.6522587864962424,1.5276093984893155,2.0337803794696665,0.6279044937428172,-1.4338579212721756,-1.0944736388290428,2.0820913453026884,2.6485890737080235,1.1286252319926449
86.0,44.0,1240.1263427734375,-3.304813851348865,1.65228854349698,1.5276093984893155,2.0337803794696665,0.6291537354004464,-1.4339120294817704,-1.1458635115018945,2.0820913453026884,2.6485890737080235,1.128672565873058
86.0,44.0,1240.126953125,-3.304877636833845,1.6522553111721625,1.6892141235760545,2.03383759303036,0.6282390580898826,-1.4338564049816327,-1.0944736388290428,2.0820923636641093,2.648589171113986,1.1403685910443793
86.0,44.0,1240.133056640625,-3.304798841306123,1.6522553111721625,1.6892141235760545,2.03383759303036,0.6282392731164038,-1.4338564049816327,-1.0944736388290428,2.0820923636641093,2.648589171113986,1.1403685910443793
86.0,44.0,1240.1334228515625,-3.3047999606711342,1.6522553111721625,1.6892141235760545,2.03383759303036,0.6282284868153128,-1.4338564049816327,-1.09454848878038,2.0820923636641093,2.648589171113986,1.1403382227454597
86.0,44.0,1240.1339111328125,-3.3047999606711342,1.6522553111721625,1.6946055823605877,2.03383759303036,0.6282284868153128,-1.4338929608697046,-1.09454848878038,2.0820923636641093,2.648589171113986,1.1285148156313252
86.0,44.0,1240.1556396484375,-3.2923863806134017,1.6521112608245816,1.6755362700570748,2.0769275022430875,0.6291267665580238,-1.4132246304512115,-1.142352445104066,2.082085627120186,2.64886391576797,1.1289372003944995
86.0,44.0,1240.1817626953125,-3.3049027912128075,1.645221692300764,1.5271356036698218,2.0336695969042933,0.6262025674699617,-1.433912172122913,-1.0944717208721668,2.0820913453026884,2.6485890737083126,1.128381192928256
86.0,44.0,1240.2021484375,-3.2931801610709424,1.651451568009913,1.540658175138809,2.0394339486840694,0.6345393237957468,-1.4350512928867452,-1.0936691383545605,2.0856267035301324,2.6438881273000034,1.1281330486434749
86.0,44.0,1240.2279052734375,-3.2928256222885426,1.651451841690262,1.540658175138809,2.0392120389001978,0.6343328725423192,-1.435043758752388,-1.0936691383545605,2.0856267035301324,2.643967000497725,1.1281330486434749
86.0,45.0,1235.281005859375,-3.401464727798611,1.6446533657843598,1.6261152724898484,2.077514415998322,0.7013494309155108,-1.4077987791280298,-1.0944071884139497,2.082091346645474,2.6485890594699644,1.140339311470197
86.0,45.0,1235.957275390625,-3.30485274325688,1.6447591952587637,1.6238088725832087,2.0353519341069344,0.6998545369660847,-1.3987552612996978,-1.145874316445077,2.0820913463573145,2.648589056371745,1.1394156304983936
86.0,45.0,1236.261474609375,-3.304813402886561,1.6522135223505134,1.6238088725832087,2.035328156381266,0.6999317680466379,-1.400119728412434,-1.145874316445077,2.0820913463573145,2.648589056371745,1.1394156304983936
86.0,45.0,1236.2662353515625,-3.304870662773026,1.6440745551221372,1.627004419485517,2.0358355681021294,0.7148384747261782,-1.399812088770385,-1.1457446224583716,2.0820913463573145,2.6485890547176725,1.139455345467741
86.0,45.0,1237.9090576171875,-3.3042419240692777,1.6447691885106637,1.6722936520373295,2.0800275079202235,0.7145898483761275,-1.407271981112606,-1.0747355637957314,2.0820913453026884,2.64863263124356,1.1285487537840029
86.0,45.0,1238.05419921875,-3.3048653932658945,1.6527426068751268,1.753233882060309,2.079030876279364,0.701307348400394,-1.3992113070611694,-1.1208652723001815,2.082091345235344,2.6485890737080235,1.1394172121301422
86.0,45.0,1238.15478515625,-3.305463779733802,1.6447591574070268,1.6732081472023586,2.005379883538691,0.7017491085141244,-1.433861687811289,-1.118886810529122,2.0856088479634285,2.648589056460902,1.1403711591614147
86.0,45.0,1238.3525390625,-3.401464727798611,1.6447544596788437,1.627115856153574,2.078652756856413,0.7013494309155108,-1.4338617507242968,-1.0944071884139497,2.082091346640964,2.6485891665404075,1.140332207482402
86.0,45.0,1238.3916015625,-3.304865120092832,1.6522348303708534,1.6695653208746917,2.0337803794696665,0.7007849168893359,-1.4338579212721756,-1.0944736388290428,2.0820913453026884,2.6485890737080235,1.13918329846124
86.0,45.0,1238.46533203125,-3.3048653932658945,1.6447544596788437,1.757945880147744,2.0775107047152503,0.7102649359612065,-1.406978533187023,-1.0950806708129153,2.082091346589129,2.6485890737080235,1.139417618800408
86.0,45.0,1238.4698486328125,-3.3048599425998875,1.6446549379355169,1.757945880147744,2.0775107047152503,0.7098776312041858,-1.406978533187023,-1.0950806708129153,2.082091345804353,2.648589058038285,1.139417618800408
86.0,45.0,1238.490478515625,-3.304864748238457,1.6522391940260854,1.6695653208746917,2.033766761240985,0.7114811237104367,-1.4338578793426786,-1.0944736388290428,2.082091345300612,2.6485890737080235,1.1392370533651357
86.0,45.0,1238.72998046875,-3.305039566328396,1.6515588766781877,1.669287155951558,2.0237048540935247,0.7129760280638879,-1.4338562157785657,-1.120797469105325,2.0856347624538354,2.6485891553900864,1.1403253269524602
86.0,45.0,1238.73974609375,-3.305039566328396,1.6514586881223106,1.6724150077186055,2.0237048540935247,0.7129760280638879,-1.4338562157785657,-1.120797469105325,2.0856347624538354,2.6485891659140965,1.1403389749323796
86.0,45.0,1238.818359375,-3.401732771341071,1.6447544596788437,1.6048334204642425,2.0774070811075647,0.7005856783017671,-1.4338617507242968,-1.0944071884139497,2.082091345812418,2.6485891665404075,1.140332207482402
86.0,45.0,1238.83447265625,-3.3054432262916,1.651138817698017,1.6724150077186055,2.023173650093269,0.7129760280638879,-1.4338562157785657,-1.1221159730239414,2.0820923012628034,2.6485891659140965,1.1403389749323796
86.0,45.0,1239.2313232421875,-3.3048653932658945,1.6447826197249558,1.6270009025644991,2.0344292259987062,0.6279769807981798,-1.4338617507242968,-1.095116124770321,2.082091345215284,2.6485890737080235,1.128071492757003
86.0,45.0,1239.248291015625,-3.2938155539262874,1.645221692300764,1.755529556092695,2.0726731693823166,0.7130293703016228,-1.407271981112606,-1.094476213736942,2.0820913453026884,2.648589073768202,1.1283299769682045
86.0,45.0,1239.26318359375,-3.3048653932658945,1.6447544596788437,1.5276093984893155,2.035502311440338,0.6236269760922227,-1.4020169440984402,-1.0937493273133234,2.0820913466417608,2.6485890737080235,1.1394176033799084
86.0,45.0,1239.358642578125,-3.305437923014093,1.6447591574070268,1.6238088725832087,2.023477319189739,0.7017491085141244,-1.433861687811289,-1.145874316445077,2.0820913290943937,2.648589056371745,1.1393671720877965
86.0,45.0,1239.3746337890625,-3.2938155539262874,1.645221692300764,1.755529556092695,2.0726731693823166,0.7013056429625212,-1.407271981112606,-1.0944828075639168,2.0820913453026884,2.648589073768202,1.140881997401862
86.0,45.0,1239.376953125,-3.3048653932658945,1.6507291656347216,1.5276093984893155,2.035502311440338,0.6236269760922227,-1.3995103464894458,-1.0937493273133234,2.082091346647358,2.648589073698992,1.139436850279397
86.0,45.0,1239.475341796875,-3.2938155539262874,1.645121503744887,1.7586574078597428,2.0726731693823166,0.7013056429625212,-1.407271981112606,-1.0944828075639168,2.0820913453026884,2.648589084292212,1.1408956453817816
86.0,45.0,1239.5126953125,-3.2945003686890377,1.6521777595137794,1.67575003914973,2.033343710754561,0.7137674452107111,-1.4338562157785657,-1.1221159730239414,2.0858934720482885,2.648596060048402,1.1278755328651375
86.0,45.0,1239.520263671875,-3.304885893736794,1.651138817698017,1.6732971089528064,2.023477319189739,0.7006677081188956,-1.433857901427074,-1.146357190131945,2.082091345203396,2.648589073309837,1.139148707904442
86.0,45.0,1239.5277099609375,-3.3048862655911684,1.6511344540427848,1.6732971089528064,2.023490937418421,0.7007475466277243,-1.4338562747070307,-1.145874316445077,2.0820913452088967,2.648589073301104,1.1404065697546617
86.0,45.0,1239.578125,-3.2938155539262874,1.645221692300764,1.755529556092695,2.078659412820864,0.7130293703016228,-1.407271981112606,-1.0744707229849657,2.0820913453026884,2.6485890735820847,1.139445555753542
86.0,45.0,1239.6016845703125,-3.2945003686890377,1.6521777595137794,1.6688716306544091,2.033446928408831,0.7138019120577476,-1.4338562157785657,-1.1217119855609692,2.0820923012628034,2.648596060048402,1.1388355441317282
86.0,45.0,1239.61376953125,-3.2938155539262874,1.645221692300764,1.756814282069264,2.078659412820864,0.7130293703016228,-1.407271981112606,-1.0744707229849657,2.0820913453026884,2.648589074050736,1.139445555753542
86.0,45.0,1239.614990234375,-3.3048653932658945,1.6447544596788437,1.6270009025644991,2.079102954315668,0.7013494309155108,-1.4338617507242968,-1.095116124770321,2.082091346640964,2.6485890737080235,1.139417618800408
86.0,45.0,1239.622802734375,-3.2945003686890377,1.6521777595137794,1.668443365290986,2.033343710754561,0.7137827785336479,-1.4338562157785657,-1.1221159730239414,2.0820923012628034,2.648596060048402,1.1403389749323796
86.0,45.0,1239.634765625,-3.3048653932658945,1.6527426068751268,1.5276093984893155,2.079097367169796,0.7013494309155108,-1.3997560560687516,-1.120729266354441,2.082091346613772,2.6485890737080235,1.1394172121301422
86.0,45.0,1239.666748046875,-3.2945003686890377,1.6521777595137794,1.67575003914973,2.033343710754561,0.7137674452107111,-1.4338562157785657,-1.1221159730239414,2.0820923012628034,2.648596060048402,1.140388744824088
86.0,45.0,1239.6669921875,-3.3054432262916,1.651138817698017,1.6724150077186055,2.023477319189739,0.7129760280638879,-1.4338562157785657,-1.145874316445077,2.0820913290943937,2.648589056371745,1.1403389749323796
86.0,45.0,1239.6732177734375,-3.304885893736794,1.651138817698017,1.6732971089528064,2.023477319189739,0.7114437534488252,-1.4338562327775335,-1.145874316445077,2.08209134520682,2.648589073301104,1.1404603246585572
86.0,45.0,1239.705078125,-3.2954361969694337,1.645028970541633,1.6375326049161578,2.0392120389001978,0.6343328725423192,-1.43385921288561,-1.0936663352495883,2.08224719905444,2.643967000497725,1.1281330486434749
86.0,45.0,1239.708984375,-3.2945003686890377,1.652179323884559,1.668443365290986,2.033777062239788,0.7185547533170207,-1.433857833754555,-1.1221159730239414,2.0820923012628034,2.6485890497054734,1.1403389749323796
86.0,45.0,1239.744873046875,-3.304870696543402,1.6511341199698335,1.675607037699896,2.079102954315668,0.7125763504652743,-1.4338562786915734,-1.095116124770321,2.082091346640964,2.6485890737080235,1.1403894216449912
86.0,45.0,1239.745361328125,-3.3053255477061114,1.651451841690262,1.527889800656782,2.0369137504104224,0.6343328725423192,-1.4339064323254682,-1.0936691383545605,2.081838620018903,2.6436921584377786,1.1281425377044978
86.0,45.0,1239.7880859375,-3.3050137096086867,1.6514586881223106,1.623015733099456,2.0237048540935247,0.7129760280638879,-1.4338562157785657,-1.1477849750212803,2.0821172435848,2.64858916582494,1.1393349878587613
86.0,45.0,1239.860107421875,-3.3048543747775367,1.645221692300764,1.527102215806029,2.033088867132756,0.6262025674699617,-1.433912172122913,-1.0936248885709272,2.0820913453026884,2.6440530956953,1.128381192928256
86.0,45.0,1239.8946533203125,-3.304865121994613,1.652121711047844,1.531246772159069,2.0337803794696665,0.7007849168893359,-1.4066961609236772,-1.0944736388290428,2.0820913465950706,2.6485890737080235,1.1394185898162323
86.0,45.0,1239.9027099609375,-3.2928256222885426,1.651451841690262,1.540658175138809,2.0383277543579976,0.6343328725423192,-1.413101275487156,-1.0936691383545605,2.0821116107459643,2.6488276998428506,1.1289187339648892
86.0,45.0,1239.9915771484375,-3.2923863806134017,1.6447784158042325,1.5310017604695456,2.0814012428054425,0.6291267665580238,-1.413457268680736,-1.1448154092555365,2.082085627120186,2.64886391576797,1.1289372003944995
86.0,45.0,1239.9947509765625,-3.3042419240692777,1.6447691885106637,1.5310728507702476,2.0800275079202235,0.6386149136006942,-1.407271981112606,-1.0747355637957314,2.0820913453026884,2.643714455462735,1.1285487537840029
86.0,45.0,1240.041015625,-3.3048653932658945,1.6514762445946007,1.5276093984893155,2.0793566762529547,0.7130362901798619,-1.3998562785312365,-1.120729266354441,2.082091346613772,2.6485890733377286,1.1394172121301422
86.0,45.0,1240.0567626953125,-3.3048653932658945,1.6515747342237987,1.5275984646380238,2.039059823243943,0.6288049284910251,-1.4338719450529127,-1.0936686836606946,2.085891395944343,2.64861112803618,1.139417618800408
86.0,45.0,1240.064697265625,-3.304885053934424,1.651544369558936,1.5275984646380238,2.039059823243943,0.6288049284910251,-1.4338719450529127,-1.0944885793351364,2.0859535331486345,2.64861112803618,1.1268325090524294
86.0,45.0,1240.0716552734375,-3.304853191719184,1.6448342164052303,1.5276093984893155,2.033804157195335,0.6290765043198931,-1.4325485651578576,-1.145601364676215,2.0820913453026884,2.6485890737080235,1.128660511935044
86.0,45.0,1240.091796875,-3.3054488160787203,1.652358308239569,1.5267272972551151,2.0337803794696665,0.630158637461966,-1.4338579042732078,-1.0944736388290428,2.082091329975039,2.6485890723310184,1.128503882266467
86.0,46.0,1235.281005859375,-3.401464727798611,1.6446533657843598,1.6261152724898484,2.077514415998322,0.7013494309155108,-1.4077987791280298,-1.0944071884139497,2.082091346645474,2.6485890594699644,1.140339311470197
86.0,46.0,1235.957275390625,-3.30485274325688,1.6447591952587637,1.6238088725832087,2.0353519341069344,0.6998545369660847,-1.3987552612996978,-1.145874316445077,2.0820913463573145,2.648589056371745,1.1394156304983936
86.0,46.0,1236.261474609375,-3.304813402886561,1.6522135223505134,1.6238088725832087,2.035328156381266,0.6999317680466379,-1.400119728412434,-1.145874316445077,2.0820913463573145,2.648589056371745,1.1394156304983936
86.0,46.0,1236.2662353515625,-3.304870662773026,1.6440745551221372,1.627004419485517,2.0358355681021294,0.7148384747261782,-1.399812088770385,-1.1457446224583716,2.0820913463573145,2.6485890547176725,1.139455345467741
86.0,46.0,1236.6107177734375,-3.452529658981196,1.6447544596788437,1.757945880147744,2.0775107047152503,0.747986081259999,-1.406978533187023,-1.0950806708129153,2.082091345796773,2.703588358239849,1.139417618800408
86.0,46.0,1236.6116943359375,-3.30485274325688,1.6447591952587637,1.6269910334960769,2.0784924995460368,0.6998545369660847,-1.3987552612996978,-1.145874316445077,2.082091346365848,2.648589056371745,1.1394109315470708
86.0,46.0,1236.93212890625,-3.304813402886561,1.652215768438811,1.6228741680015408,2.035328156381266,0.7005299720745403,-1.3995920537572035,-1.0946006130362973,2.0820913463573145,2.648589056875369,1.1394221110709917
86.0,46.0,1237.4127197265625,-3.3050313778221883,1.6511341199698335,1.675159822802862,2.077403392288188,0.7127002429323677,-1.4079570388581817,-1.0951189865548223,2.082091346645537,2.6485890737080235,1.1403380681641015
86.0,46.0,1237.9090576171875,-3.3042419240692777,1.6447691885106637,1.6722936520373295,2.0800275079202235,0.7145898483761275,-1.407271981112606,-1.0747355637957314,2.0820913453026884,2.64863263124356,1.1285487537840029
86.0,46.0,1238.05419921875,-3.3048653932658945,1.6527426068751268,1.753233882060309,2.079030876279364,0.701307348400394,-1.3992113070611694,-1.1208652723001815,2.082091345235344,2.6485890737080235,1.1394172121301422
86.0,46.0,1238.15478515625,-3.305463779733802,1.6447591574070268,1.6732081472023586,2.005379883538691,0.7017491085141244,-1.433861687811289,-1.118886810529122,2.0856088479634285,2.648589056460902,1.1403711591614147
86.0,46.0,1238.322998046875,-3.306034155031216,1.6523048945471344,1.669156387291436,2.0337803794696665,0.7007849168893359,-1.4338580213498215,-1.094408577429839,2.0820913453026884,2.6485891637814865,1.13918329846124
86.0,46.0,1238.3525390625,-3.401464727798611,1.6447544596788437,1.627115856153574,2.078652756856413,0.7013494309155108,-1.4338617507242968,-1.0944071884139497,2.082091346640964,2.6485891665404075,1.140332207482402
86.0,46.0,1238.3916015625,-3.304865120092832,1.6522348303708534,1.6695653208746917,2.0337803794696665,0.7007849168893359,-1.4338579212721756,-1.0944736388290428,2.0820913453026884,2.6485890737080235,1.13918329846124
86.0,46.0,1238.456298828125,-3.3048653932658945,1.6447826197249558,1.6721681895761489,2.0344292259987062,0.6279769807981798,-1.4074715048792683,-1.0747775968309612,2.0820913453029783,2.6485890737080235,1.128071492757003
86.0,46.0,1238.46533203125,-3.3048653932658945,1.6447544596788437,1.757945880147744,2.0775107047152503,0.7102649359612065,-1.406978533187023,-1.0950806708129153,2.082091346589129,2.6485890737080235,1.139417618800408
86.0,46.0,1238.4698486328125,-3.3048599425998875,1.6446549379355169,1.757945880147744,2.0775107047152503,0.7098776312041858,-1.406978533187023,-1.0950806708129153,2.082091345804353,2.648589058038285,1.139417618800408
86.0,46.0,1238.490478515625,-3.304864748238457,1.6522391940260854,1.6695653208746917,2.033766761240985,0.7114811237104367,-1.4338578793426786,-1.0944736388290428,2.082091345300612,2.6485890737080235,1.1392370533651357
86.0,46.0,1238.5926513671875,-3.304865035729179,1.6447035106979495,1.7597302840475764,2.0775107047152503,0.7102649359612065,-1.4079309124109347,-1.0943628523685371,2.082091346589129,2.648589073564403,1.139417618800408
86.0,46.0,1238.6981201171875,-3.3049419062887626,1.651122086241534,1.755529556092695,2.077875166771624,0.7130293703016228,-1.4079429571920867,-1.1212538654901485,2.0816179216238084,2.6485890735820847,1.139445555753542
86.0,46.0,1238.72998046875,-3.305039566328396,1.6515588766781877,1.669287155951558,2.0237048540935247,0.7129760280638879,-1.4338562157785657,-1.120797469105325,2.0856347624538354,2.6485891553900864,1.1403253269524602
86.0,46.0,1238.73974609375,-3.305039566328396,1.6514586881223106,1.6724150077186055,2.0237048540935247,0.7129760280638879,-1.4338562157785657,-1.120797469105325,2.0856347624538354,2.6485891659140965,1.1403389749323796
86.0,46.0,1238.7705078125,-3.400563736402687,1.6446843955025627,1.605242354047498,2.0774070811075647,0.7005856783017671,-1.4338616506466508,-1.0944722498131534,2.082091345812418,2.648589076466945,1.140332207482402
86.0,46.0,1238.7994384765625,-3.3054432262916,1.6515720218605432,1.6692907727706252,2.023215469003252,0.7129760280638879,-1.4338562157785657,-1.1209987195279534,2.082159270501094,2.6485891659140965,1.1403389749323796
86.0,46.0,1238.818359375,-3.401732771341071,1.6447544596788437,1.6048334204642425,2.0774070811075647,0.7005856783017671,-1.4338617507242968,-1.0944071884139497,2.082091345812418,2.6485891665404075,1.140332207482402
86.0,46.0,1238.83447265625,-3.3054432262916,1.651138817698017,1.6724150077186055,2.023173650093269,0.7129760280638879,-1.4338562157785657,-1.1221159730239414,2.0820923012628034,2.6485891659140965,1.1403389749323796
86.0,46.0,1239.2313232421875,-3.3048653932658945,1.6447826197249558,1.6270009025644991,2.0344292259987062,0.6279769807981798,-1.4338617507242968,-1.095116124770321,2.082091345215284,2.6485890737080235,1.128071492757003
86.0,46.0,1239.248291015625,-3.2938155539262874,1.645221692300764,1.755529556092695,2.0726731693823166,0.7130293703016228,-1.407271981112606,-1.094476213736942,2.0820913453026884,2.648589073768202,1.1283299769682045
86.0,46.0,1239.26318359375,-3.3048653932658945,1.6447544596788437,1.5276093984893155,2.035502311440338,0.6236269760922227,-1.4020169440984402,-1.0937493273133234,2.0820913466417608,2.6485890737080235,1.1394176033799084
86.0,46.0,1239.358642578125,-3.305437923014093,1.6447591574070268,1.6238088725832087,2.023477319189739,0.7017491085141244,-1.433861687811289,-1.145874316445077,2.0820913290943937,2.648589056371745,1.1393671720877965
86.0,46.0,1239.3746337890625,-3.2938155539262874,1.645221692300764,1.755529556092695,2.0726731693823166,0.7013056429625212,-1.407271981112606,-1.0944828075639168,2.0820913453026884,2.648589073768202,1.140881997401862
86.0,46.0,1239.376953125,-3.3048653932658945,1.6507291656347216,1.5276093984893155,2.035502311440338,0.6236269760922227,-1.3995103464894458,-1.0937493273133234,2.082091346647358,2.648589073698992,1.139436850279397
86.0,46.0,1239.475341796875,-3.2938155539262874,1.645121503744887,1.7586574078597428,2.0726731693823166,0.7013056429625212,-1.407271981112606,-1.0944828075639168,2.0820913453026884,2.648589084292212,1.1408956453817816
86.0,46.0,1239.475341796875,-3.2938155539262874,1.645121503744887,1.7586574078597428,2.0726731693823166,0.7013056429625212,-1.407271981112606,-1.0944828075639168,2.0820913453026884,2.648589084292212,1.1408956453817816
86.0,46.0,1239.475341796875,-3.2938155539262874,1.645121503744887,1.7586574078597428,2.0726731693823166,0.7013056429625212,-1.407271981112606,-1.0944828075639168,2.0820913453026884,2.648589084292212,1.1408956453817816
86.0,46.0,1239.5126953125,-3.2945003686890377,1.6521777595137794,1.67575003914973,2.033343710754561,0.7137674452107111,-1.4338562157785657,-1.1221159730239414,2.0858934720482885,2.648596060048402,1.1278755328651375
86.0,46.0,1239.5126953125,-3.2945003686890377,1.6521777595137794,1.67575003914973,2.033343710754561,0.7137674452107111,-1.4338562157785657,-1.1221159730239414,2.0858934720482885,2.648596060048402,1.1278755328651375
86.0,46.0,1239.520263671875,-3.304885893736794,1.651138817698017,1.6732971089528064,2.023477319189739,0.7006677081188956,-1.433857901427074,-1.146357190131945,2.082091345203396,2.648589073309837,1.139148707904442
86.0,46.0,1239.5277099609375,-3.3048862655911684,1.6511344540427848,1.6732971089528064,2.023490937418421,0.7007475466277243,-1.4338562747070307,-1.145874316445077,2.0820913452088967,2.648589073301104,1.1404065697546617
86.0,46.0,1239.578125,-3.2938155539262874,1.645221692300764,1.755529556092695,2.078659412820864,0.7130293703016228,-1.407271981112606,-1.0744707229849657,2.0820913453026884,2.6485890735820847,1.139445555753542
86.0,46.0,1239.6016845703125,-3.2945003686890377,1.6521777595137794,1.6688716306544091,2.033446928408831,0.7138019120577476,-1.4338562157785657,-1.1217119855609692,2.0820923012628034,2.648596060048402,1.1388355441317282
86.0,46.0,1239.6016845703125,-3.2945003686890377,1.6521777595137794,1.6688716306544091,2.033446928408831,0.7138019120577476,-1.4338562157785657,-1.1217119855609692,2.0820923012628034,2.648596060048402,1.1388355441317282
86.0,46.0,1239.61376953125,-3.2938155539262874,1.645221692300764,1.756814282069264,2.078659412820864,0.7130293703016228,-1.407271981112606,-1.0744707229849657,2.0820913453026884,2.648589074050736,1.139445555753542
86.0,46.0,1239.614990234375,-3.3048653932658945,1.6447544596788437,1.6270009025644991,2.079102954315668,0.7013494309155108,-1.4338617507242968,-1.095116124770321,2.082091346640964,2.6485890737080235,1.139417618800408
86.0,46.0,1239.622802734375,-3.2945003686890377,1.6521777595137794,1.668443365290986,2.033343710754561,0.7137827785336479,-1.4338562157785657,-1.1221159730239414,2.0820923012628034,2.648596060048402,1.1403389749323796
86.0,46.0,1239.634765625,-3.3048653932658945,1.6527426068751268,1.5276093984893155,2.079097367169796,0.7013494309155108,-1.3997560560687516,-1.120729266354441,2.082091346613772,2.6485890737080235,1.1394172121301422
86.0,46.0,1239.666748046875,-3.2945003686890377,1.6521777595137794,1.67575003914973,2.033343710754561,0.7137674452107111,-1.4338562157785657,-1.1221159730239414,2.0820923012628034,2.648596060048402,1.140388744824088
86.0,46.0,1239.6669921875,-3.3054432262916,1.651138817698017,1.6724150077186055,2.023477319189739,0.7129760280638879,-1.4338562157785657,-1.145874316445077,2.0820913290943937,2.648589056371745,1.1403389749323796
86.0,46.0,1239.6732177734375,-3.304885893736794,1.651138817698017,1.6732971089528064,2.023477319189739,0.7114437534488252,-1.4338562327775335,-1.145874316445077,2.08209134520682,2.648589073301104,1.1404603246585572
86.0,46.0,1239.705078125,-3.2954361969694337,1.645028970541633,1.6375326049161578,2.0392120389001978,0.6343328725423192,-1.43385921288561,-1.0936663352495883,2.08224719905444,2.643967000497725,1.1281330486434749
86.0,47.0,1235.281005859375,-3.401464727798611,1.6446533657843598,1.6261152724898484,2.077514415998322,0.7013494309155108,-1.4077987791280298,-1.0944071884139497,2.082091346645474,2.6485890594699644,1.140339311470197
86.0,47.0,1235.281005859375,-3.401464727798611,1.6446533657843598,1.6261152724898484,2.077514415998322,0.7013494309155108,-1.4077987791280298,-1.0944071884139497,2.082091346645474,2.6485890594699644,1.140339311470197
86.0,47.0,1235.804443359375,-3.452529658981196,1.6447544596788437,1.7539934193001252,2.0775107047152503,0.7272963399905638,-1.406974712151328,-1.0950806708129153,2.082091345793029,2.703588358239849,1.139417618800408
86.0,47.0,1235.957275390625,-3.30485274325688,1.6447591952587637,1.6238088725832087,2.0353519341069344,0.6998545369660847,-1.3987552612996978,-1.145874316445077,2.0820913463573145,2.648589056371745,1.1394156304983936
86.0,47.0,1236.261474609375,-3.304813402886561,1.6522135223505134,1.6238088725832087,2.035328156381266,0.6999317680466379,-1.400119728412434,-1.145874316445077,2.0820913463573145,2.648589056371745,1.1394156304983936
86.0,47.0,1236.2662353515625,-3.304870662773026,1.6440745551221372,1.627004419485517,2.0358355681021294,0.7148384747261782,-1.399812088770385,-1.1457446224583716,2.0820913463573145,2.6485890547176725,1.139455345467741
86.0,47.0,1236.4864501953125,-3.30485274325688,1.6447591575893767,1.6238088725832087,2.0238671925033174,0.6241805405228154,-1.3987552612996978,-1.145874316445077,2.082091330084591,2.648589056371745,1.1394156304983936
86.0,47.0,1236.5662841796875,-3.30485274325688,1.6447677551263602,1.669608640619641,2.0800251517746413,0.6998545369660847,-1.3987552612996978,-1.145874316445077,2.082091346365848,2.6486304662538025,1.1392578364627042
86.0,47.0,1236.6024169921875,-3.30485274325688,1.6447591952587637,1.6279027784354367,2.0784924995460368,0.6998545369660847,-1.3987552612996978,-1.1453750380069123,2.0820913452994505,2.648589055349723,1.139366131367885
86.0,47.0,1236.6107177734375,-3.452529658981196,1.6447544596788437,1.757945880147744,2.0775107047152503,0.747986081259999,-1.406978533187023,-1.0950806708129153,2.082091345796773,2.703588358239849,1.139417618800408
86.0,47.0,1236.6116943359375,-3.30485274325688,1.6447591952587637,1.6269910334960769,2.0784924995460368,0.6998545369660847,-1.3987552612996978,-1.145874316445077,2.082091346365848,2.648589056371745,1.1394109315470708
86.0,47.0,1236.93212890625,-3.304813402886561,1.652215768438811,1.6228741680015408,2.035328156381266,0.7005299720745403,-1.3995920537572035,-1.0946006130362973,2.0820913463573145,2.648589056875369,1.1394221110709917
86.0,47.0,1236.93212890625,-3.304813402886561,1.652215768438811,1.6228741680015408,2.035328156381266,0.7005299720745403,-1.3995920537572035,-1.0946006130362973,2.0820913463573145,2.648589056875369,1.1394221110709917
86.0,47.0,1237.0513916015625,-3.3055379164710432,1.6514830648156542,1.6692907727706252,2.0709442421361857,0.7129760280638879,-1.4072000636019084,-1.1197166135522196,2.082159270501094,2.6485891659140965,1.140203775463153
86.0,47.0,1237.2889404296875,-3.304865035729179,1.6447035106979495,1.6662204985267242,2.0775107047152503,0.7102649359612065,-1.4079309124109347,-1.0943629818635108,2.0820913453654484,2.648589073564403,1.139417618800408
86.0,47.0,1237.340576171875,-3.3050313778221883,1.6511341199698335,1.675159822802862,2.0774072516917443,0.7143790873335084,-1.4063021592287936,-1.0951189865548223,2.082091346645537,2.648589159106028,1.140337902880491
86.0,47.0,1237.4127197265625,-3.3050313778221883,1.6511341199698335,1.675159822802862,2.077403392288188,0.7127002429323677,-1.4079570388581817,-1.0951189865548223,2.082091346645537,2.6485890737080235,1.1403380681641015
86.0,47.0,1237.8223876953125,-3.400881731275656,1.6447826197249558,1.6270009025644991,2.0344292259987062,0.6279769807981798,-1.4338617507242968,-1.095116124770321,2.0471958133240435,2.6485890746844567,1.128071492757003
86.0,47.0,1237.88916015625,-3.3048653932658945,1.6512349569174858,1.6681126879136294,2.0345063635120257,0.6236269760922227,-1.402272492744966,-1.0937493273133234,2.0820913466417608,2.6485890737080235,1.1394176033799084
86.0,47.0,1237.9090576171875,-3.3042419240692777,1.6447691885106637,1.6722936520373295,2.0800275079202235,0.7145898483761275,-1.407271981112606,-1.0747355637957314,2.0820913453026884,2.64863263124356,1.1285487537840029
86.0,47.0,1238.05419921875,-3.3048653932658945,1.6527426068751268,1.753233882060309,2.079030876279364,0.701307348400394,-1.3992113070611694,-1.1208652723001815,2.082091345235344,2.6485890737080235,1.1394172121301422
86.0,47.0,1238.064453125,-3.304832898567432,1.6527426068751268,1.7557913826296507,2.079030876279364,0.701307348400394,-1.3981955830008173,-1.1208652723001815,2.0820923009922234,2.6485890737080235,1.1394172121301422
86.0,47.0,1238.15478515625,-3.305463779733802,1.6447591574070268,1.6732081472023586,2.005379883538691,0.7017491085141244,-1.433861687811289,-1.118886810529122,2.0856088479634285,2.648589056460902,1.1403711591614147
86.0,47.0,1238.322998046875,-3.306034155031216,1.6523048945471344,1.669156387291436,2.0337803794696665,0.7007849168893359,-1.4338580213498215,-1.094408577429839,2.0820913453026884,2.6485891637814865,1.13918329846124
86.0,47.0,1238.3525390625,-3.401464727798611,1.6447544596788437,1.627115856153574,2.078652756856413,0.7013494309155108,-1.4338617507242968,-1.0944071884139497,2.082091346640964,2.6485891665404075,1.140332207482402
86.0,47.0,1238.37890625,-3.304865120092832,1.6514394535090826,1.6696790670101482,2.0337803794696665,0.7007849168893359,-1.4338579212721756,-1.0944736388290428,2.082130727553504,2.6485891608709187,1.1392252487733645
86.0,47.0,1238.3916015625,-3.304865120092832,1.6522348303708534,1.6695653208746917,2.0337803794696665,0.7007849168893359,-1.4338579212721756,-1.0944736388290428,2.0820913453026884,2.6485890737080235,1.13918329846124
86.0,47.0,1238.456298828125,-3.3048653932658945,1.6447826197249558,1.6721681895761489,2.0344292259987062,0.6279769807981798,-1.4074715048792683,-1.0747775968309612,2.0820913453029783,2.6485890737080235,1.128071492757003
86.0,47.0,1238.457275390625,-3.3048653932658945,1.6447826197249558,1.6702256651733265,2.035396610039832,0.6279769807981798,-1.4074715048792683,-1.0747775968309612,2.082091346389288,2.648589072531521,1.128071492757003
86.0,47.0,1238.46533203125,-3.3048653932658945,1.6447544596788437,1.757945880147744,2.0775107047152503,0.7102649359612065,-1.406978533187023,-1.0950806708129153,2.082091346589129,2.6485890737080235,1.139417618800408
86.0,47.0,1238.4698486328125,-3.3048599425998875,1.6446549379355169,1.757945880147744,2.0775107047152503,0.7098776312041858,-1.406978533187023,-1.0950806708129153,2.082091345804353,2.648589058038285,1.139417618800408
86.0,47.0,1238.490478515625,-3.304864748238457,1.6522391940260854,1.6695653208746917,2.033766761240985,0.7114811237104367,-1.4338578793426786,-1.0944736388290428,2.082091345300612,2.6485890737080235,1.1392370533651357
86.0,47.0,1238.5926513671875,-3.304865035729179,1.6447035106979495,1.7597302840475764,2.0775107047152503,0.7102649359612065,-1.4079309124109347,-1.0943628523685371,2.082091346589129,2.648589073564403,1.139417618800408
86.0,47.0,1238.5926513671875,-3.304865035729179,1.6447035106979495,1.7597302840475764,2.0775107047152503,0.7102649359612065,-1.4079309124109347,-1.0943628523685371,2.082091346589129,2.648589073564403,1.139417618800408
86.0,47.0,1238.6981201171875,-3.3049419062887626,1.651122086241534,1.755529556092695,2.077875166771624,0.7130293703016228,-1.4079429571920867,-1.1212538654901485,2.0816179216238084,2.6485890735820847,1.139445555753542
86.0,47.0,1238.72998046875,-3.305039566328396,1.6515588766781877,1.669287155951558,2.0237048540935247,0.7129760280638879,-1.4338562157785657,-1.120797469105325,2.0856347624538354,2.6485891553900864,1.1403253269524602
86.0,47.0,1238.73974609375,-3.305039566328396,1.6514586881223106,1.6724150077186055,2.0237048540935247,0.7129760280638879,-1.4338562157785657,-1.120797469105325,2.0856347624538354,2.6485891659140965,1.1403389749323796
86.0,47.0,1238.7540283203125,-3.305039566328396,1.6522540649840811,1.6723012615831492,2.0237048540935247,0.7129760280638879,-1.4338562157785657,-1.120797469105325,2.08559538020302,2.6485890787512014,1.1402970246202553
86.0,47.0,1238.7705078125,-3.400563736402687,1.6446843955025627,1.605242354047498,2.0774070811075647,0.7005856783017671,-1.4338616506466508,-1.0944722498131534,2.082091345812418,2.648589076466945,1.140332207482402
86.0,47.0,1238.7994384765625,-3.3054432262916,1.6515720218605432,1.6692907727706252,2.023215469003252,0.7129760280638879,-1.4338562157785657,-1.1209987195279534,2.082159270501094,2.6485891659140965,1.1403389749323796
86.0,47.0,1238.81591796875,-3.307865073557733,1.6445609759114603,1.6023320510628474,2.023173650093269,0.7008147333919825,-1.433856368542839,-1.1221159730239414,2.0820923012628034,2.6485891659140965,1.140332341593839
86.0,47.0,1238.818359375,-3.401732771341071,1.6447544596788437,1.6048334204642425,2.0774070811075647,0.7005856783017671,-1.4338617507242968,-1.0944071884139497,2.082091345812418,2.6485891665404075,1.140332207482402
86.0,47.0,1238.83447265625,-3.3054432262916,1.651138817698017,1.6724150077186055,2.023173650093269,0.7129760280638879,-1.4338562157785657,-1.1221159730239414,2.0820923012628034,2.6485891659140965,1.1403389749323796
86.0,47.0,1239.0029296875,-3.401732771341071,1.6447544596788437,1.6048334204642425,2.077403221704008,0.6989068339006265,-1.4355166303536848,-1.0944071884139497,2.082091345812418,2.648589081142404,1.1403323727660126
86.0,47.0,1239.2313232421875,-3.3048653932658945,1.6447826197249558,1.6270009025644991,2.0344292259987062,0.6279769807981798,-1.4338617507242968,-1.095116124770321,2.082091345215284,2.6485890737080235,1.128071492757003
86.0,47.0,1239.248291015625,-3.2938155539262874,1.645221692300764,1.755529556092695,2.0726731693823166,0.7130293703016228,-1.407271981112606,-1.094476213736942,2.0820913453026884,2.648589073768202,1.1283299769682045
86.0,47.0,1239.26318359375,-3.3048653932658945,1.6447544596788437,1.5276093984893155,2.035502311440338,0.6236269760922227,-1.4020169440984402,-1.0937493273133234,2.0820913466417608,2.6485890737080235,1.1394176033799084
86.0,47.0,1239.3359375,-3.3048653932658945,1.644769491340014,1.6270009025644991,2.072660077091027,0.7013494309155108,-1.433060648339481,-1.095116124770321,2.082091346640964,2.648589084149674,1.1409396245438683
86.0,47.0,1239.358642578125,-3.305437923014093,1.6447591574070268,1.6238088725832087,2.023477319189739,0.7017491085141244,-1.433861687811289,-1.145874316445077,2.0820913290943937,2.648589056371745,1.1393671720877965
86.0,47.0,1239.3746337890625,-3.2938155539262874,1.645221692300764,1.755529556092695,2.0726731693823166,0.7013056429625212,-1.407271981112606,-1.0944828075639168,2.0820913453026884,2.648589073768202,1.140881997401862
86.0,48.0,1234.7034912109375,-3.401464727798611,1.6447544596788437,1.6270931038011145,2.078652756856413,0.7013494309155108,-1.4001220224606057,-1.0944071884139497,2.082091346640964,2.6485891665404075,1.140332207482402
86.0,48.0,1235.281005859375,-3.401464727798611,1.6446533657843598,1.6261152724898484,2.077514415998322,0.7013494309155108,-1.4077987791280298,-1.0944071884139497,2.082091346645474,2.6485890594699644,1.140339311470197
86.0,48.0,1235.281005859375,-3.401464727798611,1.6446533657843598,1.6261152724898484,2.077514415998322,0.7013494309155108,-1.4077987791280298,-1.0944071884139497,2.082091346645474,2.6485890594699644,1.140339311470197
86.0,48.0,1235.7337646484375,-3.401464727798611,1.6446533657843598,1.7527061563863426,2.077514415998322,0.7283044936015168,-1.406970801039242,-1.0944071884139497,2.0820913466283195,2.702762935627797,1.140339311470197
86.0,48.0,1235.783935546875,-3.452529658981196,1.6447544596788437,1.7539934193001252,2.0775107047152503,0.7272963399905638,-1.4061816882014997,-1.096164685794513,2.082091345282475,2.704081708771865,1.1394176252735668
86.0,48.0,1235.786865234375,-3.305039566328396,1.6522370403537654,1.6723012615831492,2.0237048540935247,0.7129760280638879,-1.3966742531213907,-1.120797469105325,2.08559538020302,2.648589078795728,1.1402970246202553
86.0,48.0,1235.804443359375,-3.452529658981196,1.6447544596788437,1.7539934193001252,2.0775107047152503,0.7272963399905638,-1.406974712151328,-1.0950806708129153,2.082091345793029,2.703588358239849,1.139417618800408
86.0,48.0,1235.957275390625,-3.30485274325688,1.6447591952587637,1.6238088725832087,2.0353519341069344,0.6998545369660847,-1.3987552612996978,-1.145874316445077,2.0820913463573145,2.648589056371745,1.1394156304983936
86.0,48.0,1236.261474609375,-3.304813402886561,1.6522135223505134,1.6238088725832087,2.035328156381266,0.6999317680466379,-1.400119728412434,-1.145874316445077,2.0820913463573145,2.648589056371745,1.1394156304983936
86.0,48.0,1236.2662353515625,-3.304870662773026,1.6440745551221372,1.627004419485517,2.0358355681021294,0.7148384747261782,-1.399812088770385,-1.1457446224583716,2.0820913463573145,2.6485890547176725,1.139455345467741
86.0,48.0,1236.3480224609375,-3.304813402886561,1.6512574064644396,1.6239355915156517,2.034462459653541,0.6999317680466379,-1.4022573680605328,-1.145874316445077,2.082091346342806,2.64858905541289,1.1394159057812907
86.0,48.0,1236.4864501953125,-3.30485274325688,1.6447591575893767,1.6238088725832087,2.0238671925033174,0.6241805405228154,-1.3987552612996978,-1.145874316445077,2.082091330084591,2.648589056371745,1.1394156304983936
86.0,48.0,1236.5662841796875,-3.30485274325688,1.6447677551263602,1.669608640619641,2.0800251517746413,0.6998545369660847,-1.3987552612996978,-1.145874316445077,2.082091346365848,2.6486304662538025,1.1392578364627042
86.0,48.0,1236.6024169921875,-3.30485274325688,1.6447591952587637,1.6279027784354367,2.0784924995460368,0.6998545369660847,-1.3987552612996978,-1.1453750380069123,2.0820913452994505,2.648589055349723,1.139366131367885
86.0,48.0,1236.6107177734375,-3.452529658981196,1.6447544596788437,1.757945880147744,2.0775107047152503,0.747986081259999,-1.406978533187023,-1.0950806708129153,2.082091345796773,2.703588358239849,1.139417618800408
86.0,48.0,1236.6116943359375,-3.30485274325688,1.6447591952587637,1.6269910334960769,2.0784924995460368,0.6998545369660847,-1.3987552612996978,-1.145874316445077,2.082091346365848,2.648589056371745,1.1394109315470708
86.0,48.0,1236.6868896484375,-3.30485274325688,1.6513153288686455,1.6729950200043684,2.077176017969077,0.7134501328160006,-1.3997010714484066,-1.1208239876329622,2.0856469883311104,2.6486304662538025,1.1404146002596918
86.0,48.0,1236.72265625,-3.3050313778221883,1.6511341199698335,1.626363969987435,2.037588432859584,0.700885008655015,-1.4079570388581817,-1.143069812393048,2.0820913463649298,2.6485890737080235,1.1394087860296471
86.0,48.0,1236.738525390625,-3.304863826324876,1.6447591952587637,1.6269910334960769,2.078561475083601,0.6998545369660847,-1.3987552612996978,-1.1196288111180648,2.082158841634045,2.648589166189961,1.140227547754064
86.0,48.0,1236.7437744140625,-3.30485274325688,1.6447591952587637,1.6726047253986358,2.0751668935355387,0.7116697712434373,-1.3987552612996978,-1.0979234906068511,2.082091346637922,2.648589056371745,1.140344912632848
86.0,48.0,1236.864501953125,-3.304850444241989,1.6514190087310483,1.6696705850713611,2.0238671925033174,0.6241805405228154,-1.3987552612996978,-1.145874316445077,2.082091330084591,2.648589055685134,1.1394156304983936
86.0,48.0,1236.8970947265625,-3.3050313778221883,1.6511341199698335,1.6276541643101268,2.025418137304748,0.7127002429323677,-1.4079800221908014,-1.1450378888936934,2.082091346645537,2.6485890737080235,1.1403380681641015
86.0,48.0,1236.922607421875,-3.304813402886561,1.652215768438811,1.6228741680015408,2.035328156381266,0.7005299720745403,-1.398732117523493,-1.094790216082246,2.082091345381322,2.648589056875369,1.1394222422317528
86.0,48.0,1236.93212890625,-3.304813402886561,1.652215768438811,1.6228741680015408,2.035328156381266,0.7005299720745403,-1.3995920537572035,-1.0946006130362973,2.0820913463573145,2.648589056875369,1.1394221110709917
86.0,48.0,1236.93212890625,-3.304813402886561,1.652215768438811,1.6228741680015408,2.035328156381266,0.7005299720745403,-1.3995920537572035,-1.0946006130362973,2.0820913463573145,2.648589056875369,1.1394221110709917
86.0,48.0,1237.0513916015625,-3.3055379164710432,1.6514830648156542,1.6692907727706252,2.0709442421361857,0.7129760280638879,-1.4072000636019084,-1.1197166135522196,2.082159270501094,2.6485891659140965,1.140203775463153
86.0,48.0,1237.2152099609375,-3.3055379164710432,1.6514812021796328,1.6692907727706252,2.077715451925808,0.7130281811285225,-1.4072035577672584,-1.1197166135522196,2.082159270501094,2.6485891659140965,1.140203775463153
86.0,48.0,1237.259521484375,-3.3055268334030465,1.6514830648156542,1.6692907727706252,2.070875266598621,0.7129760280638879,-1.4072000636019084,-1.1459621188792322,2.0820917752328976,2.6485890560958807,1.1393871592561602
86.0,48.0,1237.2821044921875,-3.304865035729179,1.644703089493723,1.6771319234613264,2.0775107047152503,0.7102649359612065,-1.4079309124109347,-1.0943628523685371,2.082088297039299,2.648589073564403,1.1404099678737802
86.0,48.0,1237.2889404296875,-3.304865035729179,1.6447035106979495,1.6662204985267242,2.0775107047152503,0.7102649359612065,-1.4079309124109347,-1.0943629818635108,2.0820913453654484,2.648589073564403,1.139417618800408
86.0,48.0,1237.340576171875,-3.3050313778221883,1.6511341199698335,1.675159822802862,2.0774072516917443,0.7143790873335084,-1.4063021592287936,-1.0951189865548223,2.082091346645537,2.648589159106028,1.140337902880491
86.0,48.0,1237.4127197265625,-3.3050313778221883,1.6511341199698335,1.675159822802862,2.077403392288188,0.7127002429323677,-1.4079570388581817,-1.0951189865548223,2.082091346645537,2.6485890737080235,1.1403380681641015
86.0,48.0,1237.48046875,-3.452529658981196,1.6447544596788437,1.627402535403631,2.0775107047152503,0.7003412773045576,-1.4078026902401153,-1.0950806708129153,2.082091345810184,2.6494144820820167,1.139417618800408
86.0,48.0,1237.8223876953125,-3.400881731275656,1.6447826197249558,1.6270009025644991,2.0344292259987062,0.6279769807981798,-1.4338617507242968,-1.095116124770321,2.0471958133240435,2.6485890746844567,1.128071492757003
86.0,48.0,1237.86669921875,-3.3048653932658945,1.6521910728035594,1.667985968981187,2.03537206023975,0.6236269760922227,-1.4001348530968674,-1.0937493273133234,2.082091346656269,2.648589074666878,1.1394173280970117
86.0,48.0,1237.88916015625,-3.3048653932658945,1.6512349569174858,1.6681126879136294,2.0345063635120257,0.6236269760922227,-1.402272492744966,-1.0937493273133234,2.0820913466417608,2.6485890737080235,1.1394176033799084
86.0,48.0,1237.9090576171875,-3.3042419240692777,1.6447691885106637,1.6722936520373295,2.0800275079202235,0.7145898483761275,-1.407271981112606,-1.0747355637957314,2.0820913453026884,2.64863263124356,1.1285487537840029
86.0,48.0,1238.05419921875,-3.3048653932658945,1.6527426068751268,1.753233882060309,2.079030876279364,0.701307348400394,-1.3992113070611694,-1.1208652723001815,2.082091345235344,2.6485890737080235,1.1394172121301422
86.0,48.0,1238.064453125,-3.304832898567432,1.6527426068751268,1.7557913826296507,2.079030876279364,0.701307348400394,-1.3981955830008173,-1.1208652723001815,2.0820923009922234,2.6485890737080235,1.1394172121301422
86.0,48.0,1238.15478515625,-3.305463779733802,1.6447591574070268,1.6732081472023586,2.005379883538691,0.7017491085141244,-1.433861687811289,-1.118886810529122,2.0856088479634285,2.648589056460902,1.1403711591614147
86.0,48.0,1238.21484375,-3.304832898567432,1.652739602139789,1.7557913826296507,2.079030876279364,0.7012989545007718,-1.3981955830008173,-1.0939179346204937,2.0820923009922234,2.648589164784332,1.1394113630958458
86.0,48.0,1238.2259521484375,-3.3042419240692777,1.6447691885106637,1.6788192008786142,2.0789950873650382,0.7014824171191381,-1.407271981112606,-1.121125924424344,2.0820913453026884,2.6485915695852307,1.0863019420183944
86.0,48.0,1238.2919921875,-3.304832898567432,1.6527426068751268,1.749265833788366,2.0800632968345494,0.7144147796573834,-1.3981955830008173,-1.0744749116715693,2.0820923009922234,2.648630135366353,1.1394172121301422
86.0,48.0,1238.322998046875,-3.306034155031216,1.6523048945471344,1.669156387291436,2.0337803794696665,0.7007849168893359,-1.4338580213498215,-1.094408577429839,2.0820913453026884,2.6485891637814865,1.13918329846124
86.0,48.0,1238.3525390625,-3.401464727798611,1.6447544596788437,1.627115856153574,2.078652756856413,0.7013494309155108,-1.4338617507242968,-1.0944071884139497,2.082091346640964,2.6485891665404075,1.140332207482402
86.0,48.0,1238.37890625,-3.304865120092832,1.6514394535090826,1.6696790670101482,2.0337803794696665,0.7007849168893359,-1.4338579212721756,-1.0944736388290428,2.082130727553504,2.6485891608709187,1.1392252487733645
86.0,48.0,1238.3916015625,-3.304865120092832,1.6522348303708534,1.6695653208746917,2.0337803794696665,0.7007849168893359,-1.4338579212721756,-1.0944736388290428,2.0820913453026884,2.6485890737080235,1.13918329846124
86.0,48.0,1238.456298828125,-3.3048653932658945,1.6447826197249558,1.6721681895761489,2.0344292259987062,0.6279769807981798,-1.4074715048792683,-1.0747775968309612,2.0820913453029783,2.6485890737080235,1.128071492757003
86.0,48.0,1238.457275390625,-3.3048653932658945,1.6447826197249558,1.6702256651733265,2.035396610039832,0.6279769807981798,-1.4074715048792683,-1.0747775968309612,2.082091346389288,2.648589072531521,1.128071492757003
86.0,48.0,1238.457275390625,-3.3048653932658945,1.6447826197249558,1.6702256651733265,2.035396610039832,0.6279769807981798,-1.4074715048792683,-1.0747775968309612,2.082091346389288,2.648589072531521,1.128071492757003
86.0,49.0,1234.67822265625,-3.403809546724041,1.5794352585600062,1.6272030204772403,2.0350909703515776,0.7013349920540143,-1.4001220224606057,-1.0944071884139497,2.082091346640964,2.6485891665404075,1.140332207482402
86.0,49.0,1234.7034912109375,-3.401464727798611,1.6447544596788437,1.6270931038011145,2.078652756856413,0.7013494309155108,-1.4001220224606057,-1.0944071884139497,2.082091346640964,2.6485891665404075,1.140332207482402
86.0,49.0,1235.281005859375,-3.401464727798611,1.6446533657843598,1.6261152724898484,2.077514415998322,0.7013494309155108,-1.4077987791280298,-1.0944071884139497,2.082091346645474,2.6485890594699644,1.140339311470197
86.0,49.0,1235.281005859375,-3.401464727798611,1.6446533657843598,1.6261152724898484,2.077514415998322,0.7013494309155108,-1.4077987791280298,-1.0944071884139497,2.082091346645474,2.6485890594699644,1.140339311470197
86.0,49.0,1235.7337646484375,-3.401464727798611,1.6446533657843598,1.7527061563863426,2.077514415998322,0.7283044936015168,-1.406970801039242,-1.0944071884139497,2.0820913466283195,2.702762935627797,1.140339311470197
86.0,49.0,1235.783935546875,-3.452529658981196,1.6447544596788437,1.7539934193001252,2.0775107047152503,0.7272963399905638,-1.4061816882014997,-1.096164685794513,2.082091345282475,2.704081708771865,1.1394176252735668
86.0,49.0,1235.786865234375,-3.305039566328396,1.6522370403537654,1.6723012615831492,2.0237048540935247,0.7129760280638879,-1.3966742531213907,-1.120797469105325,2.08559538020302,2.648589078795728,1.1402970246202553
86.0,49.0,1235.8013916015625,-3.305056059631721,1.6447591952587637,1.627415761094679,2.025487408481583,0.6987275756414194,-1.3987552612996978,-1.1453750380069123,2.082176222542952,2.648589055349723,1.139358338295412
86.0,49.0,1235.804443359375,-3.452529658981196,1.6447544596788437,1.7539934193001252,2.0775107047152503,0.7272963399905638,-1.406974712151328,-1.0950806708129153,2.082091345793029,2.703588358239849,1.139417618800408
86.0,49.0,1235.957275390625,-3.30485274325688,1.6447591952587637,1.6238088725832087,2.0353519341069344,0.6998545369660847,-1.3987552612996978,-1.145874316445077,2.0820913463573145,2.648589056371745,1.1394156304983936
86.0,49.0,1235.96630859375,-3.305043569117907,1.6522135223505134,1.6236949043606894,2.035328156381266,0.6999317680466379,-1.396655046584732,-1.145874316445077,2.085698357560358,2.6485890785143025,1.1394156304983936
86.0,49.0,1236.020263671875,-3.3048094000970494,1.6522370403537654,1.6724152298056685,2.0237048540935247,0.7129760280638879,-1.400138934949093,-1.120797469105325,2.0819883689999763,2.64858905665317,1.1402970246202553
86.0,49.0,1236.1307373046875,-3.405115230636879,1.6446513684617092,1.6261174675938468,2.0784924995460368,0.6998844011142281,-1.4081101723933849,-1.142951903987678,2.082091345308496,2.6485890552657727,1.139366131367885
86.0,49.0,1236.1715087890625,-3.462599044422342,1.6447544596788437,1.7539934193001252,2.0775107047152503,0.7271279142760212,-1.407930934210166,-1.0950806708129153,2.082091345793029,2.704751773667452,1.139417618800408
86.0,49.0,1236.210205078125,-3.30485274325688,1.6523941570704497,1.6726047253986358,2.0335306304613803,0.7002165647717952,-1.3987552612996978,-1.0979285766387157,2.082091346347556,2.648589056371745,1.1403006789255397
86.0,49.0,1236.22900390625,-3.304813402886561,1.651275215551837,1.6228741680015408,2.0354670940931983,0.7005246003554138,-1.3995920537572035,-1.147011678893209,2.0820913463441952,2.648589055370677,1.139415940404444
86.0,49.0,1236.261474609375,-3.304813402886561,1.6522135223505134,1.6238088725832087,2.035328156381266,0.6999317680466379,-1.400119728412434,-1.145874316445077,2.0820913463573145,2.648589056371745,1.1394156304983936
86.0,49.0,1236.261474609375,-3.304813402886561,1.6522135223505134,1.6238088725832087,2.035328156381266,0.6999317680466379,-1.400119728412434,-1.145874316445077,2.0820913463573145,2.648589056371745,1.1394156304983936
86.0,49.0,1236.2662353515625,-3.304870662773026,1.6440745551221372,1.627004419485517,2.0358355681021294,0.7148384747261782,-1.399812088770385,-1.1457446224583716,2.0820913463573145,2.6485890547176725,1.139455345467741
86.0,49.0,1236.3143310546875,-3.304870662773026,1.643962813614802,1.6237927362227538,2.0358355681021294,0.7148384747261782,-1.399822616840012,-1.1458729240464502,2.082091327931796,2.6485890547176725,1.139415219497799
86.0,49.0,1236.3480224609375,-3.304813402886561,1.6512574064644396,1.6239355915156517,2.034462459653541,0.6999317680466379,-1.4022573680605328,-1.145874316445077,2.082091346342806,2.64858905541289,1.1394159057812907
86.0,49.0,1236.45263671875,-3.4589723698671224,1.644703881445835,1.6642270699161337,2.0775107047152503,0.5856929990454226,-1.4061816882014997,-1.096164685794513,2.082091345282588,2.6490052909830446,1.1394176252735668
86.0,49.0,1236.485595703125,-3.304854698456777,1.6447591575893767,1.6228928568836267,2.0238671925033174,0.6241805405228154,-1.3987552612996978,-1.145874316445077,2.082091330084591,2.648589056371745,1.1394222626942
86.0,49.0,1236.4864501953125,-3.30485274325688,1.6447591575893767,1.6238088725832087,2.0238671925033174,0.6241805405228154,-1.3987552612996978,-1.145874316445077,2.082091330084591,2.648589056371745,1.1394156304983936
86.0,49.0,1236.491455078125,-3.30485274325688,1.644870899096712,1.6270205558459725,2.0238671925033174,0.6241805405228154,-1.398744733230071,-1.145746014856999,2.08209134851011,2.648589056371745,1.139455756468336
86.0,49.0,1236.5228271484375,-3.30485274325688,1.6447677551263602,1.669608640619641,2.078386614620628,0.6998545369660847,-1.3987552612996978,-1.145874316445077,2.082091346365848,2.6486304662538025,1.1392578364627042
86.0,49.0,1236.554443359375,-3.304836249953554,1.6522370403537654,1.672788278923907,2.0767099451579787,0.7141029893885532,-1.3966742531213907,-1.120797469105325,2.0855105029595182,2.648589078795728,1.140304817692728
86.0,49.0,1236.5662841796875,-3.30485274325688,1.6447677551263602,1.669608640619641,2.0800251517746413,0.6998545369660847,-1.3987552612996978,-1.145874316445077,2.082091346365848,2.6486304662538025,1.1392578364627042
86.0,49.0,1236.6024169921875,-3.30485274325688,1.6447591952587637,1.6279027784354367,2.0784924995460368,0.6998545369660847,-1.3987552612996978,-1.1453750380069123,2.0820913452994505,2.648589055349723,1.139366131367885
86.0,49.0,1236.6107177734375,-3.452529658981196,1.6447544596788437,1.757945880147744,2.0775107047152503,0.747986081259999,-1.406978533187023,-1.0950806708129153,2.082091345796773,2.703588358239849,1.139417618800408
86.0,49.0,1236.6116943359375,-3.30485274325688,1.6447591952587637,1.6269910334960769,2.0784924995460368,0.6998545369660847,-1.3987552612996978,-1.145874316445077,2.082091346365848,2.648589056371745,1.1394109315470708
86.0,49.0,1236.6494140625,-3.30485274325688,1.6447591952587637,1.6269910334960769,2.08013103670005,0.6998545369660847,-1.3987552612996978,-1.145874316445077,2.082091346365848,2.648589056371745,1.1394109315470708
86.0,49.0,1236.6868896484375,-3.30485274325688,1.6513153288686455,1.6729950200043684,2.077176017969077,0.7134501328160006,-1.3997010714484066,-1.1208239876329622,2.0856469883311104,2.6486304662538025,1.1404146002596918
86.0,49.0,1236.72265625,-3.3050313778221883,1.6511341199698335,1.626363969987435,2.037588432859584,0.700885008655015,-1.4079570388581817,-1.143069812393048,2.0820913463649298,2.6485890737080235,1.1394087860296471
86.0,49.0,1236.738525390625,-3.304863826324876,1.6447591952587637,1.6269910334960769,2.078561475083601,0.6998545369660847,-1.3987552612996978,-1.1196288111180648,2.082158841634045,2.648589166189961,1.140227547754064
86.0,49.0,1236.7437744140625,-3.30485274325688,1.6447591952587637,1.6726047253986358,2.0751668935355387,0.7116697712434373,-1.3987552612996978,-1.0979234906068511,2.082091346637922,2.648589056371745,1.140344912632848
86.0,49.0,1236.864501953125,-3.304850444241989,1.6514190087310483,1.6696705850713611,2.0238671925033174,0.6241805405228154,-1.3987552612996978,-1.145874316445077,2.082091330084591,2.648589055685134,1.1394156304983936
86.0,49.0,1236.8970947265625,-3.3050313778221883,1.6511341199698335,1.6276541643101268,2.025418137304748,0.7127002429323677,-1.4079800221908014,-1.1450378888936934,2.082091346645537,2.6485890737080235,1.1403380681641015
86.0,49.0,1236.9046630859375,-3.304811447686664,1.652215768438811,1.623790183701123,2.035328156381266,0.7005299720745403,-1.398732117523493,-1.094790216082246,2.082091345381322,2.648589056875369,1.1394156100359465
86.0,49.0,1236.922607421875,-3.304813402886561,1.652215768438811,1.6228741680015408,2.035328156381266,0.7005299720745403,-1.398732117523493,-1.094790216082246,2.082091345381322,2.648589056875369,1.1394222422317528
86.0,49.0,1236.922607421875,-3.304813402886561,1.652215768438811,1.6228741680015408,2.035328156381266,0.7005299720745403,-1.398732117523493,-1.094790216082246,2.082091345381322,2.648589056875369,1.1394222422317528
86.0,49.0,1236.93212890625,-3.304813402886561,1.652215768438811,1.6228741680015408,2.035328156381266,0.7005299720745403,-1.3995920537572035,-1.0946006130362973,2.0820913463573145,2.648589056875369,1.1394221110709917
86.0,49.0,1236.93212890625,-3.304813402886561,1.652215768438811,1.6228741680015408,2.035328156381266,0.7005299720745403,-1.3995920537572035,-1.0946006130362973,2.0820913463573145,2.648589056875369,1.1394221110709917
86.0,49.0,1236.93896484375,-3.304865035729179,1.6447035106979495,1.6662204985267242,2.0775107047152503,0.7098689079673715,-1.3999178549778932,-1.093732084821171,2.0820913453654484,2.648589073564403,1.139417618800408
86.0,49.0,1237.0513916015625,-3.3055379164710432,1.6514830648156542,1.6692907727706252,2.0709442421361857,0.7129760280638879,-1.4072000636019084,-1.1197166135522196,2.082159270501094,2.6485891659140965,1.140203775463153
86.0,49.0,1237.163330078125,-3.304865035729179,1.6446579610527792,1.669374423009237,2.0775107047152503,0.710277512696672,-1.4079309124109347,-1.1193160157710744,2.082088297039299,2.648589073564403,1.1402057924969893
86.0,49.0,1237.2152099609375,-3.3055379164710432,1.6514812021796328,1.6692907727706252,2.077715451925808,0.7130281811285225,-1.4072035577672584,-1.1197166135522196,2.082159270501094,2.6485891659140965,1.140203775463153
86.0,49.0,1237.2152099609375,-3.3055379164710432,1.6514812021796328,1.6692907727706252,2.077715451925808,0.7130281811285225,-1.4072035577672584,-1.1197166135522196,2.082159270501094,2.6485891659140965,1.140203775463153
86.0,49.0,1237.259521484375,-3.3055268334030465,1.6514830648156542,1.6692907727706252,2.070875266598621,0.7129760280638879,-1.4072000636019084,-1.1459621188792322,2.0820917752328976,2.6485890560958807,1.1393871592561602
86.0,49.0,1237.2821044921875,-3.304865035729179,1.644703089493723,1.6771319234613264,2.0775107047152503,0.7102649359612065,-1.4079309124109347,-1.0943628523685371,2.082088297039299,2.648589073564403,1.1404099678737802
86.0,50.0,1234.1551513671875,-3.403809546724041,1.577675228878449,1.6408311438589398,2.0231933223674528,0.7013349920540143,-1.4001381858722406,-1.0944071884139497,2.08212318084733,2.6485891665404075,1.140332207482402
86.0,50.0,1234.62158203125,-3.401464727798611,1.644758819466232,1.6270819986512528,2.078652756856413,0.7013494309155108,-1.3987899177678973,-1.0944071884139497,2.082091346640964,2.6485891665404075,1.1402866979633637
86.0,50.0,1234.67822265625,-3.403809546724041,1.5794352585600062,1.6272030204772403,2.0350909703515776,0.7013349920540143,-1.4001220224606057,-1.0944071884139497,2.082091346640964,2.6485891665404075,1.140332207482402
86.0,50.0,1234.7034912109375,-3.401464727798611,1.6447544596788437,1.6270931038011145,2.078652756856413,0.7013494309155108,-1.4001220224606057,-1.0944071884139497,2.082091346640964,2.6485891665404075,1.140332207482402
86.0,50.0,1234.7034912109375,-3.401464727798611,1.6447544596788437,1.6270931038011145,2.078652756856413,0.7013494309155108,-1.4001220224606057,-1.0944071884139497,2.082091346640964,2.6485891665404075,1.140332207482402
86.0,50.0,1234.71044921875,-3.401464727798611,1.6446477564685913,1.626082298932226,2.077514415998322,0.6274218420359533,-1.4077599902888531,-1.0944071884139497,2.082091346645474,2.6485890594699644,1.1394321210744092
86.0,50.0,1234.9342041015625,-3.401464727798611,1.6446533657843598,1.6261152724898484,2.0235395647489742,0.7128245149583949,-1.3968116671388155,-1.0944071884139497,2.082091346645474,2.648589059268088,1.1403023075294605
86.0,50.0,1235.091552734375,-3.401464727798611,1.6448905383330297,1.6697179104287827,2.077569949481737,0.6081554555000187,-1.4071768221821015,-1.0944071884139497,2.082091346645474,2.648589165375693,1.140339311470197
86.0,50.0,1235.281005859375,-3.401464727798611,1.6446533657843598,1.6261152724898484,2.077514415998322,0.7013494309155108,-1.4077987791280298,-1.0944071884139497,2.082091346645474,2.6485890594699644,1.140339311470197
86.0,50.0,1235.281005859375,-3.401464727798611,1.6446533657843598,1.6261152724898484,2.077514415998322,0.7013494309155108,-1.4077987791280298,-1.0944071884139497,2.082091346645474,2.6485890594699644,1.140339311470197
86.0,50.0,1235.565673828125,-3.318871006096168,1.6522135223505134,1.6238088725832087,2.035328156381266,0.6999317680466379,-1.400119728412434,-1.145874316445077,2.0820913463573145,2.648589056371745,1.1394156304983936
86.0,50.0,1235.5712890625,-3.452529658981196,1.6447593006418333,1.7539934193001252,2.0775107047152503,0.7272963399905638,-1.3989068146228116,-1.0950806708129153,2.082091346183124,2.7028274480942587,1.1394177598399546
86.0,50.0,1235.5955810546875,-3.304813402886561,1.6445827167558955,1.6238088725832087,2.036085581435037,0.6999317680466379,-1.400119728412434,-1.145874316445077,2.082091345785474,2.638451046146131,1.1394159348394104
86.0,50.0,1235.7337646484375,-3.401464727798611,1.6446533657843598,1.7527061563863426,2.077514415998322,0.7283044936015168,-1.406970801039242,-1.0944071884139497,2.0820913466283195,2.702762935627797,1.140339311470197
86.0,50.0,1235.783935546875,-3.452529658981196,1.6447544596788437,1.7539934193001252,2.0775107047152503,0.7272963399905638,-1.4061816882014997,-1.096164685794513,2.082091345282475,2.704081708771865,1.1394176252735668
86.0,50.0,1235.786865234375,-3.305039566328396,1.6522370403537654,1.6723012615831492,2.0237048540935247,0.7129760280638879,-1.3966742531213907,-1.120797469105325,2.08559538020302,2.648589078795728,1.1402970246202553
86.0,50.0,1235.801025390625,-3.305056059631721,1.6447591952587637,1.627415761094679,2.025487408481583,0.6987046536643823,-1.3987552612996978,-1.1453750380069123,2.082176222542952,2.648589055349723,1.1394146778907317
86.0,50.0,1235.8013916015625,-3.305056059631721,1.6447591952587637,1.627415761094679,2.025487408481583,0.6987275756414194,-1.3987552612996978,-1.1453750380069123,2.082176222542952,2.648589055349723,1.139358338295412
86.0,50.0,1235.804443359375,-3.452529658981196,1.6447544596788437,1.7539934193001252,2.0775107047152503,0.7272963399905638,-1.406974712151328,-1.0950806708129153,2.082091345793029,2.703588358239849,1.139417618800408
86.0,50.0,1235.81982421875,-3.305056059631721,1.6447591952587637,1.6273919114766082,2.025487408481583,0.699861494606366,-1.3987552612996978,-1.1453750380069123,2.082176222542952,2.648589055349723,1.139358994086555
86.0,50.0,1235.957275390625,-3.30485274325688,1.6447591952587637,1.6238088725832087,2.0353519341069344,0.6998545369660847,-1.3987552612996978,-1.145874316445077,2.0820913463573145,2.648589056371745,1.1394156304983936
86.0,50.0,1235.9576416015625,-3.30485274325688,1.6447591952587637,1.6238088725832087,2.0353519341069344,0.6998774589431217,-1.3987552612996978,-1.145874316445077,2.0820913463573145,2.648589056371745,1.1393592909030736
86.0,50.0,1235.96630859375,-3.305043569117907,1.6522135223505134,1.6236949043606894,2.035328156381266,0.6999317680466379,-1.396655046584732,-1.145874316445077,2.085698357560358,2.6485890785143025,1.1394156304983936
86.0,50.0,1236.020263671875,-3.3048094000970494,1.6522370403537654,1.6724152298056685,2.0237048540935247,0.7129760280638879,-1.400138934949093,-1.120797469105325,2.0819883689999763,2.64858905665317,1.1402970246202553
86.0,50.0,1236.1307373046875,-3.405115230636879,1.6446513684617092,1.6261174675938468,2.0784924995460368,0.6998844011142281,-1.4081101723933849,-1.142951903987678,2.082091345308496,2.6485890552657727,1.139366131367885
86.0,50.0,1236.1715087890625,-3.462599044422342,1.6447544596788437,1.7539934193001252,2.0775107047152503,0.7271279142760212,-1.407930934210166,-1.0950806708129153,2.082091345793029,2.704751773667452,1.139417618800408
86.0,50.0,1236.210205078125,-3.30485274325688,1.6523941570704497,1.6726047253986358,2.0335306304613803,0.7002165647717952,-1.3987552612996978,-1.0979285766387157,2.082091346347556,2.648589056371745,1.1403006789255397
86.0,50.0,1236.212646484375,-3.304813402886561,1.651275215551837,1.6239181653646606,2.0354670940931983,0.7005246003554138,-1.3995840345603023,-1.145860970917174,2.0820913463441566,2.648589055370677,1.139415940404444
86.0,50.0,1236.22900390625,-3.304813402886561,1.651275215551837,1.6228741680015408,2.0354670940931983,0.7005246003554138,-1.3995920537572035,-1.147011678893209,2.0820913463441952,2.648589055370677,1.139415940404444
86.0,50.0,1236.261474609375,-3.304813402886561,1.6522135223505134,1.6238088725832087,2.035328156381266,0.6999317680466379,-1.400119728412434,-1.145874316445077,2.0820913463573145,2.648589056371745,1.1394156304983936
86.0,50.0,1236.261474609375,-3.304813402886561,1.6522135223505134,1.6238088725832087,2.035328156381266,0.6999317680466379,-1.400119728412434,-1.145874316445077,2.0820913463573145,2.648589056371745,1.1394156304983936
86.0,50.0,1236.261474609375,-3.304813402886561,1.6522135223505134,1.6238088725832087,2.035328156381266,0.6999317680466379,-1.400119728412434,-1.145874316445077,2.0820913463573145,2.648589056371745,1.1394156304983936
86.0,50.0,1236.2662353515625,-3.304870662773026,1.6440745551221372,1.627004419485517,2.0358355681021294,0.7148384747261782,-1.399812088770385,-1.1457446224583716,2.0820913463573145,2.6485890547176725,1.139455345467741
86.0,50.0,1236.3095703125,-3.405098996916803,1.6446528622167784,1.6260759865280376,2.0784924995460368,0.6998562195310927,-1.4088791335317807,-1.1453750380069123,2.0820913452994505,2.648589055265147,1.139366131367885
86.0,50.0,1236.3143310546875,-3.304870662773026,1.643962813614802,1.6237927362227538,2.0358355681021294,0.7148384747261782,-1.399822616840012,-1.1458729240464502,2.082091327931796,2.6485890547176725,1.139415219497799
86.0,50.0,1236.3480224609375,-3.304813402886561,1.6512574064644396,1.6239355915156517,2.034462459653541,0.6999317680466379,-1.4022573680605328,-1.145874316445077,2.082091346342806,2.64858905541289,1.1394159057812907
86.0,50.0,1236.45263671875,-3.4589723698671224,1.644703881445835,1.6642270699161337,2.0775107047152503,0.5856929990454226,-1.4061816882014997,-1.096164685794513,2.082091345282588,2.6490052909830446,1.1394176252735668
86.0,50.0,1236.485595703125,-3.304854698456777,1.6447591575893767,1.6228928568836267,2.0238671925033174,0.6241805405228154,-1.3987552612996978,-1.145874316445077,2.082091330084591,2.648589056371745,1.1394222626942
86.0,50.0,1236.4864501953125,-3.30485274325688,1.6447591575893767,1.6238088725832087,2.0238671925033174,0.6241805405228154,-1.3987552612996978,-1.145874316445077,2.082091330084591,2.648589056371745,1.1394156304983936
86.0,50.0,1236.491455078125,-3.30485274325688,1.644870899096712,1.6270205558459725,2.0238671925033174,0.6241805405228154,-1.398744733230071,-1.145746014856999,2.08209134851011,2.648589056371745,1.139455756468336
86.0,50.0,1236.5228271484375,-3.30485274325688,1.6447677551263602,1.669608640619641,2.078386614620628,0.6998545369660847,-1.3987552612996978,-1.145874316445077,2.082091346365848,2.6486304662538025,1.1392578364627042
86.0,50.0,1236.5458984375,-3.304868976976956,1.6447577015036947,1.627944259501246,2.0784924995460368,0.69988271854922,-1.3979863001613018,-1.142951903987678,2.082091345308496,2.648589055350349,1.139366131367885
86.0,50.0,1236.554443359375,-3.304836249953554,1.6522370403537654,1.672788278923907,2.0767099451579787,0.7141029893885532,-1.3966742531213907,-1.120797469105325,2.0855105029595182,2.648589078795728,1.140304817692728
86.0,50.0,1236.5662841796875,-3.30485274325688,1.6447677551263602,1.669608640619641,2.0800251517746413,0.6998545369660847,-1.3987552612996978,-1.145874316445077,2.082091346365848,2.6486304662538025,1.1392578364627042
86.0,50.0,1236.6024169921875,-3.30485274325688,1.6447591952587637,1.6279027784354367,2.0784924995460368,0.6998545369660847,-1.3987552612996978,-1.1453750380069123,2.0820913452994505,2.648589055349723,1.139366131367885
86.0,50.0,1236.6107177734375,-3.452529658981196,1.6447544596788437,1.757945880147744,2.0775107047152503,0.747986081259999,-1.406978533187023,-1.0950806708129153,2.082091345796773,2.703588358239849,1.139417618800408
86.0,50.0,1236.6116943359375,-3.30485274325688,1.6447591952587637,1.6269910334960769,2.0784924995460368,0.6998545369660847,-1.3987552612996978,-1.145874316445077,2.082091346365848,2.648589056371745,1.1394109315470708
86.0,50.0,1236.6494140625,-3.30485274325688,1.6447591952587637,1.6269910334960769,2.08013103670005,0.6998545369660847,-1.3987552612996978,-1.145874316445077,2.082091346365848,2.648589056371745,1.1394109315470708
86.0,50.0,1236.6868896484375,-3.30485274325688,1.6513153288686455,1.6729950200043684,2.077176017969077,0.7134501328160006,-1.3997010714484066,-1.1208239876329622,2.0856469883311104,2.6486304662538025,1.1404146002596918
86.0,50.0,1236.6961669921875,-3.431842597944008,1.6447591952587637,1.749545687895845,2.08013103670005,0.6999804070305771,-1.4066338504801268,-1.145874316445077,2.082091346365848,2.648589056371745,1.1394109315470708
86.0,51.0,1234.1551513671875,-3.403809546724041,1.577675228878449,1.6408311438589398,2.0231933223674528,0.7013349920540143,-1.4001381858722406,-1.0944071884139497,2.08212318084733,2.6485891665404075,1.140332207482402
86.0,51.0,1234.5333251953125,-3.401464727798611,1.6446477564685913,1.6709397650199034,2.077514415998322,0.6271471781703988,-1.4077599902888531,-1.0944071884139497,2.082091346645474,2.6485891662150447,1.1394321210744092
86.0,51.0,1234.62158203125,-3.401464727798611,1.644758819466232,1.6270819986512528,2.078652756856413,0.7013494309155108,-1.3987899177678973,-1.0944071884139497,2.082091346640964,2.6485891665404075,1.1402866979633637
86.0,51.0,1234.67822265625,-3.403809546724041,1.5794352585600062,1.6272030204772403,2.0350909703515776,0.7013349920540143,-1.4001220224606057,-1.0944071884139497,2.082091346640964,2.6485891665404075,1.140332207482402
86.0,51.0,1234.7034912109375,-3.401464727798611,1.6447544596788437,1.6270931038011145,2.078652756856413,0.7013494309155108,-1.4001220224606057,-1.0944071884139497,2.082091346640964,2.6485891665404075,1.140332207482402
86.0,51.0,1234.7034912109375,-3.401464727798611,1.6447544596788437,1.6270931038011145,2.078652756856413,0.7013494309155108,-1.4001220224606057,-1.0944071884139497,2.082091346640964,2.6485891665404075,1.140332207482402
86.0,51.0,1234.71044921875,-3.401464727798611,1.6446477564685913,1.626082298932226,2.077514415998322,0.6274218420359533,-1.4077599902888531,-1.0944071884139497,2.082091346645474,2.6485890594699644,1.1394321210744092
86.0,51.0,1234.718505859375,-3.401464727798611,1.6446533657843598,1.6261152724898484,2.077514415998322,0.7013494309155108,-1.4001313242305276,-1.0944071884139497,2.082091346645474,2.6485891658660377,1.140339311470197
86.0,51.0,1234.74169921875,-3.401464727798611,1.6446452093305428,1.6261331588539678,2.078652756856413,0.7013373552944688,-1.4003025422499666,-1.0944071884139497,2.082091346640964,2.6485891665404075,1.1403032028216813
86.0,51.0,1234.9342041015625,-3.401464727798611,1.6446533657843598,1.6261152724898484,2.0235395647489742,0.7128245149583949,-1.3968116671388155,-1.0944071884139497,2.082091346645474,2.648589059268088,1.1403023075294605
86.0,51.0,1235.091552734375,-3.401464727798611,1.6448905383330297,1.6697179104287827,2.077569949481737,0.6081554555000187,-1.4071768221821015,-1.0944071884139497,2.082091346645474,2.648589165375693,1.140339311470197
86.0,51.0,1235.109619140625,-3.401464727798611,1.6448905383330297,1.624860444341105,2.077569949481737,0.6084301193655732,-1.4071768221821015,-1.0944071884139497,2.082091346645474,2.6485890586306127,1.140339311470197
86.0,51.0,1235.2698974609375,-3.401464727798611,1.6447544596788437,1.6270931038011145,2.078652756856413,0.7013494309155108,-1.4077894773581077,-1.0944071884139497,2.082091346640964,2.6485890601443343,1.140332207482402
86.0,51.0,1235.281005859375,-3.401464727798611,1.6446533657843598,1.6261152724898484,2.077514415998322,0.7013494309155108,-1.4077987791280298,-1.0944071884139497,2.082091346645474,2.6485890594699644,1.140339311470197
86.0,51.0,1235.281005859375,-3.401464727798611,1.6446533657843598,1.6261152724898484,2.077514415998322,0.7013494309155108,-1.4077987791280298,-1.0944071884139497,2.082091346645474,2.6485890594699644,1.140339311470197
86.0,51.0,1235.36962890625,-3.4027923648398297,1.6446477564685913,1.6260073531885124,2.077514415998322,0.7029782226069484,-1.4077599902888531,-1.0944071884139497,2.082091346351525,2.6485890594699644,1.1394321210744092
86.0,51.0,1235.5106201171875,-3.3070625440331693,1.5794352585600062,1.6272030204772403,2.0350954680040445,0.7013349920540143,-1.4001220224606057,-1.0944071884139497,2.082091346640964,2.6485891665404075,1.1403777569618765
86.0,51.0,1235.565673828125,-3.318871006096168,1.6522135223505134,1.6238088725832087,2.035328156381266,0.6999317680466379,-1.400119728412434,-1.145874316445077,2.0820913463573145,2.648589056371745,1.1394156304983936
86.0,51.0,1235.5712890625,-3.452529658981196,1.6447593006418333,1.7539934193001252,2.0775107047152503,0.7272963399905638,-1.3989068146228116,-1.0950806708129153,2.082091346183124,2.7028274480942587,1.1394177598399546
86.0,51.0,1235.5955810546875,-3.304813402886561,1.6445827167558955,1.6238088725832087,2.036085581435037,0.6999317680466379,-1.400119728412434,-1.145874316445077,2.082091345785474,2.638451046146131,1.1394159348394104
86.0,51.0,1235.7337646484375,-3.401464727798611,1.6446533657843598,1.7527061563863426,2.077514415998322,0.7283044936015168,-1.406970801039242,-1.0944071884139497,2.0820913466283195,2.702762935627797,1.140339311470197
86.0,51.0,1235.783935546875,-3.452529658981196,1.6447544596788437,1.7539934193001252,2.0775107047152503,0.7272963399905638,-1.4061816882014997,-1.096164685794513,2.082091345282475,2.704081708771865,1.1394176252735668
86.0,51.0,1235.786865234375,-3.305039566328396,1.6522370403537654,1.6723012615831492,2.0237048540935247,0.7129760280638879,-1.3966742531213907,-1.120797469105325,2.08559538020302,2.648589078795728,1.1402970246202553
86.0,51.0,1235.801025390625,-3.305056059631721,1.6447591952587637,1.627415761094679,2.025487408481583,0.6987046536643823,-1.3987552612996978,-1.1453750380069123,2.082176222542952,2.648589055349723,1.1394146778907317
86.0,51.0,1235.8013916015625,-3.305056059631721,1.6447591952587637,1.627415761094679,2.025487408481583,0.6987275756414194,-1.3987552612996978,-1.1453750380069123,2.082176222542952,2.648589055349723,1.139358338295412
86.0,51.0,1235.804443359375,-3.452529658981196,1.6447544596788437,1.7539934193001252,2.0775107047152503,0.7272963399905638,-1.406974712151328,-1.0950806708129153,2.082091345793029,2.703588358239849,1.139417618800408
86.0,51.0,1235.81982421875,-3.305056059631721,1.6447591952587637,1.6273919114766082,2.025487408481583,0.699861494606366,-1.3987552612996978,-1.1453750380069123,2.082176222542952,2.648589055349723,1.139358994086555
86.0,51.0,1235.8892822265625,-3.405115230636879,1.6446513684617092,1.623909311292133,2.030979039923809,0.6998842027182397,-1.4081126475046648,-1.142951903987678,2.082091345266288,2.6485890552657727,1.1393685564318192
86.0,51.0,1235.957275390625,-3.30485274325688,1.6447591952587637,1.6238088725832087,2.0353519341069344,0.6998545369660847,-1.3987552612996978,-1.145874316445077,2.0820913463573145,2.648589056371745,1.1394156304983936
86.0,51.0,1235.9576416015625,-3.30485274325688,1.6447591952587637,1.6238088725832087,2.0353519341069344,0.6998774589431217,-1.3987552612996978,-1.145874316445077,2.0820913463573145,2.648589056371745,1.1393592909030736
86.0,51.0,1235.96630859375,-3.305043569117907,1.6522135223505134,1.6236949043606894,2.035328156381266,0.6999317680466379,-1.396655046584732,-1.145874316445077,2.085698357560358,2.6485890785143025,1.1394156304983936
86.0,51.0,1236.020263671875,-3.3048094000970494,1.6522370403537654,1.6724152298056685,2.0237048540935247,0.7129760280638879,-1.400138934949093,-1.120797469105325,2.0819883689999763,2.64858905665317,1.1402970246202553
86.0,51.0,1236.06005859375,-3.403884760062076,1.6446533657843598,1.7406364232313254,2.077514327832358,0.7291725476576029,-1.4077987791280298,-1.094429659377724,2.082091346638384,2.70548657408642,1.140339311470197
86.0,51.0,1236.1307373046875,-3.405115230636879,1.6446513684617092,1.6261174675938468,2.0784924995460368,0.6998844011142281,-1.4081101723933849,-1.142951903987678,2.082091345308496,2.6485890552657727,1.139366131367885
86.0,51.0,1236.1630859375,-3.405115230636879,1.6440298187706064,1.626120695014741,2.08046470519574,0.6998844011142281,-1.4081101723933849,-1.142906792500006,2.082091345308496,2.6485890552638174,1.139366131367885
86.0,51.0,1236.1715087890625,-3.462599044422342,1.6447544596788437,1.7539934193001252,2.0775107047152503,0.7271279142760212,-1.407930934210166,-1.0950806708129153,2.082091345793029,2.704751773667452,1.139417618800408
86.0,51.0,1236.210205078125,-3.30485274325688,1.6523941570704497,1.6726047253986358,2.0335306304613803,0.7002165647717952,-1.3987552612996978,-1.0979285766387157,2.082091346347556,2.648589056371745,1.1403006789255397
86.0,51.0,1236.212646484375,-3.304813402886561,1.651275215551837,1.6239181653646606,2.0354670940931983,0.7005246003554138,-1.3995840345603023,-1.145860970917174,2.0820913463441566,2.648589055370677,1.139415940404444
86.0,51.0,1236.22900390625,-3.304813402886561,1.651275215551837,1.6228741680015408,2.0354670940931983,0.7005246003554138,-1.3995920537572035,-1.147011678893209,2.0820913463441952,2.648589055370677,1.139415940404444
86.0,51.0,1236.2490234375,-3.3050639861814948,1.6522135223505134,1.623697762636012,2.035328156381266,0.6999317680466379,-1.400119728412434,-1.145874316445077,2.0820913463573145,2.648589078251412,1.1394156304983936
86.0,51.0,1236.261474609375,-3.304813402886561,1.6522135223505134,1.6238088725832087,2.035328156381266,0.6999317680466379,-1.400119728412434,-1.145874316445077,2.0820913463573145,2.648589056371745,1.1394156304983936
86.0,51.0,1236.261474609375,-3.304813402886561,1.6522135223505134,1.6238088725832087,2.035328156381266,0.6999317680466379,-1.400119728412434,-1.145874316445077,2.0820913463573145,2.648589056371745,1.1394156304983936
86.0,51.0,1236.261474609375,-3.304813402886561,1.6522135223505134,1.6238088725832087,2.035328156381266,0.6999317680466379,-1.400119728412434,-1.145874316445077,2.0820913463573145,2.648589056371745,1.1394156304983936
86.0,51.0,1236.2662353515625,-3.304870662773026,1.6440745551221372,1.627004419485517,2.0358355681021294,0.7148384747261782,-1.399812088770385,-1.1457446224583716,2.0820913463573145,2.6485890547176725,1.139455345467741
86.0,51.0,1236.3095703125,-3.405098996916803,1.6446528622167784,1.6260759865280376,2.0784924995460368,0.6998562195310927,-1.4088791335317807,-1.1453750380069123,2.0820913452994505,2.648589055265147,1.139366131367885
86.0,51.0,1236.3143310546875,-3.304870662773026,1.643962813614802,1.6237927362227538,2.0358355681021294,0.7148384747261782,-1.399822616840012,-1.1458729240464502,2.082091327931796,2.6485890547176725,1.139415219497799
86.0,51.0,1236.3480224609375,-3.304813402886561,1.6512574064644396,1.6239355915156517,2.034462459653541,0.6999317680466379,-1.4022573680605328,-1.145874316445077,2.082091346342806,2.64858905541289,1.1394159057812907
86.0,51.0,1236.45263671875,-3.4589723698671224,1.644703881445835,1.6642270699161337,2.0775107047152503,0.5856929990454226,-1.4061816882014997,-1.096164685794513,2.082091345282588,2.6490052909830446,1.1394176252735668
86.0,51.0,1236.485595703125,-3.304854698456777,1.6447591575893767,1.6228928568836267,2.0238671925033174,0.6241805405228154,-1.3987552612996978,-1.145874316445077,2.082091330084591,2.648589056371745,1.1394222626942
86.0,51.0,1236.4864501953125,-3.30485274325688,1.6447591575893767,1.6238088725832087,2.0238671925033174,0.6241805405228154,-1.3987552612996978,-1.145874316445077,2.082091330084591,2.648589056371745,1.1394156304983936
86.0,52.0,1233.9017333984375,-3.405115230636879,1.644886329695965,1.6706722627206538,2.030979039923809,0.6998842027182397,-1.407152958516055,-1.0969208464344138,2.082091345266288,2.6485891618228163,1.1403531090863883
86.0,52.0,1234.0477294921875,-3.4041392066151857,1.6523941570704497,1.6726047253986358,2.032425034312319,0.7002165647717952,-1.407904749484315,-1.0979285766387157,2.082091346331447,2.648589056371745,1.140300759563066
86.0,52.0,1234.1551513671875,-3.403809546724041,1.577675228878449,1.6408311438589398,2.0231933223674528,0.7013349920540143,-1.4001381858722406,-1.0944071884139497,2.08212318084733,2.6485891665404075,1.140332207482402
86.0,52.0,1234.1551513671875,-3.403809546724041,1.577675228878449,1.6408311438589398,2.0231933223674528,0.7013349920540143,-1.4001381858722406,-1.0944071884139497,2.08212318084733,2.6485891665404075,1.140332207482402
86.0,52.0,1234.5333251953125,-3.401464727798611,1.6446477564685913,1.6709397650199034,2.077514415998322,0.6271471781703988,-1.4077599902888531,-1.0944071884139497,2.082091346645474,2.6485891662150447,1.1394321210744092
86.0,52.0,1234.5340576171875,-3.401464727798611,1.6446446586863284,1.6710997884884633,2.0775107105151136,0.6271471781703988,-1.4077599902888531,-1.0944071884139497,2.082091345408653,2.6484238623339422,1.1394321210744092
86.0,52.0,1234.62158203125,-3.401464727798611,1.644758819466232,1.6270819986512528,2.078652756856413,0.7013494309155108,-1.3987899177678973,-1.0944071884139497,2.082091346640964,2.6485891665404075,1.1402866979633637
86.0,52.0,1234.62158203125,-3.401464727798611,1.644758819466232,1.6270819986512528,2.078652756856413,0.7013494309155108,-1.3987899177678973,-1.0944071884139497,2.082091346640964,2.6485891665404075,1.1402866979633637
86.0,52.0,1234.6309814453125,-3.401464727798611,1.6446421907478783,1.6261882863021069,2.077509764995552,0.7012541360081449,-1.3987899177678973,-1.0944071884139497,2.082091346640964,2.648589064280131,1.1402866979633637
86.0,52.0,1234.67822265625,-3.403809546724041,1.5794352585600062,1.6272030204772403,2.0350909703515776,0.7013349920540143,-1.4001220224606057,-1.0944071884139497,2.082091346640964,2.6485891665404075,1.140332207482402
86.0,52.0,1234.7034912109375,-3.401464727798611,1.6447544596788437,1.6270931038011145,2.078652756856413,0.7013494309155108,-1.4001220224606057,-1.0944071884139497,2.082091346640964,2.6485891665404075,1.140332207482402
86.0,52.0,1234.7034912109375,-3.401464727798611,1.6447544596788437,1.6270931038011145,2.078652756856413,0.7013494309155108,-1.4001220224606057,-1.0944071884139497,2.082091346640964,2.6485891665404075,1.140332207482402
86.0,52.0,1234.71044921875,-3.401464727798611,1.6446477564685913,1.626082298932226,2.077514415998322,0.6274218420359533,-1.4077599902888531,-1.0944071884139497,2.082091346645474,2.6485890594699644,1.1394321210744092
86.0,52.0,1234.718505859375,-3.401464727798611,1.6446533657843598,1.6261152724898484,2.077514415998322,0.7013494309155108,-1.4001313242305276,-1.0944071884139497,2.082091346645474,2.6485891658660377,1.140339311470197
86.0,52.0,1234.718505859375,-3.401464727798611,1.6446533657843598,1.6261152724898484,2.077514415998322,0.7013494309155108,-1.4001313242305276,-1.0944071884139497,2.082091346645474,2.6485891658660377,1.140339311470197
86.0,52.0,1234.720703125,-3.401464727798611,1.644764385186945,1.6269760112813718,2.078657407859183,0.6275171369433193,-1.4077599902888531,-1.0944071884139497,2.082091346645474,2.648589161730241,1.1394321210744092
86.0,52.0,1234.74169921875,-3.401464727798611,1.6446452093305428,1.6261331588539678,2.078652756856413,0.7013373552944688,-1.4003025422499666,-1.0944071884139497,2.082091346640964,2.6485891665404075,1.1403032028216813
86.0,52.0,1234.9342041015625,-3.401464727798611,1.6446533657843598,1.6261152724898484,2.0235395647489742,0.7128245149583949,-1.3968116671388155,-1.0944071884139497,2.082091346645474,2.648589059268088,1.1403023075294605
86.0,52.0,1235.0311279296875,-3.401464727798611,1.6459346694852732,1.623687661361621,2.0342718572834846,0.6999123696608347,-1.4077987791280298,-1.0944071884139497,2.082091346645474,2.6485890594699644,1.140339311470197
86.0,52.0,1235.0445556640625,-3.401464727798611,1.6447544873887745,1.6270931038011145,2.078652756856413,0.6987654002170861,-1.4001220224606057,-1.1454064464705602,2.0820850694495907,2.6485890557283294,1.1394385190952998
86.0,52.0,1235.091552734375,-3.401464727798611,1.6448905383330297,1.6697179104287827,2.077569949481737,0.6081554555000187,-1.4071768221821015,-1.0944071884139497,2.082091346645474,2.648589165375693,1.140339311470197
86.0,52.0,1235.109619140625,-3.401464727798611,1.6448905383330297,1.624860444341105,2.077569949481737,0.6084301193655732,-1.4071768221821015,-1.0944071884139497,2.082091346645474,2.6485890586306127,1.140339311470197
86.0,52.0,1235.137939453125,-3.4108467437131336,1.6445827167558955,1.6238088725832087,2.037410762956977,0.6076492248864926,-1.406996864407167,-1.1440973720694507,2.082091345839403,2.638451046146131,1.1394159348394104
86.0,52.0,1235.177001953125,-3.401464727798611,1.6446477169697362,1.6261152724898484,2.077514415998322,0.6980634505305937,-1.4077987791280298,-1.0944071884139497,2.082091346645474,2.6485890594699644,1.1403223460901302
86.0,52.0,1235.2698974609375,-3.401464727798611,1.6447544596788437,1.6270931038011145,2.078652756856413,0.7013494309155108,-1.4077894773581077,-1.0944071884139497,2.082091346640964,2.6485890601443343,1.140332207482402
86.0,52.0,1235.281005859375,-3.401464727798611,1.6446533657843598,1.6261152724898484,2.077514415998322,0.7013494309155108,-1.4077987791280298,-1.0944071884139497,2.082091346645474,2.6485890594699644,1.140339311470197
86.0,52.0,1235.281005859375,-3.401464727798611,1.6446533657843598,1.6261152724898484,2.077514415998322,0.7013494309155108,-1.4077987791280298,-1.0944071884139497,2.082091346645474,2.6485890594699644,1.140339311470197
86.0,52.0,1235.36962890625,-3.4027923648398297,1.6446477564685913,1.6260073531885124,2.077514415998322,0.7029782226069484,-1.4077599902888531,-1.0944071884139497,2.082091346351525,2.6485890594699644,1.1394321210744092
86.0,52.0,1235.37158203125,-3.4028075413766703,1.6446367602926124,1.6260372783218506,2.077514415998322,0.7029782226069484,-1.4077891979520134,-1.0944071884139497,2.082091346351525,2.6485890595080903,1.1394321210744092
86.0,52.0,1235.5106201171875,-3.3070625440331693,1.5794352585600062,1.6272030204772403,2.0350954680040445,0.7013349920540143,-1.4001220224606057,-1.0944071884139497,2.082091346640964,2.6485891665404075,1.1403777569618765
86.0,52.0,1235.524658203125,-3.401464727798611,1.6446555770987736,1.622954959000262,2.077569949481737,0.6081554555000187,-1.4081365111707118,-1.1404382459672135,2.082091346645474,2.6485890588186494,1.139354758815628
86.0,52.0,1235.565673828125,-3.318871006096168,1.6522135223505134,1.6238088725832087,2.035328156381266,0.6999317680466379,-1.400119728412434,-1.145874316445077,2.0820913463573145,2.648589056371745,1.1394156304983936
86.0,52.0,1235.5712890625,-3.452529658981196,1.6447593006418333,1.7539934193001252,2.0775107047152503,0.7272963399905638,-1.3989068146228116,-1.0950806708129153,2.082091346183124,2.7028274480942587,1.1394177598399546
86.0,52.0,1235.5732421875,-3.452529658981196,1.6447593006418333,1.7539934193001252,2.0775107047152503,0.7272963399905638,-1.3989068146228116,-1.0950806708129153,2.0820913461755404,2.702862972761421,1.1394177598399546
86.0,52.0,1235.5955810546875,-3.304813402886561,1.6445827167558955,1.6238088725832087,2.036085581435037,0.6999317680466379,-1.400119728412434,-1.145874316445077,2.082091345785474,2.638451046146131,1.1394159348394104
86.0,52.0,1235.6234130859375,-3.3050826788951224,1.5541304433024454,1.623697762636012,2.035328156381266,0.6999317680466379,-1.400119728412434,-1.145874316445077,2.122355041636633,2.648589078251412,1.1394156304983936
86.0,52.0,1235.7337646484375,-3.401464727798611,1.6446533657843598,1.7527061563863426,2.077514415998322,0.7283044936015168,-1.406970801039242,-1.0944071884139497,2.0820913466283195,2.702762935627797,1.140339311470197
86.0,52.0,1235.783935546875,-3.452529658981196,1.6447544596788437,1.7539934193001252,2.0775107047152503,0.7272963399905638,-1.4061816882014997,-1.096164685794513,2.082091345282475,2.704081708771865,1.1394176252735668
86.0,52.0,1235.786865234375,-3.305039566328396,1.6522370403537654,1.6723012615831492,2.0237048540935247,0.7129760280638879,-1.3966742531213907,-1.120797469105325,2.08559538020302,2.648589078795728,1.1402970246202553
86.0,52.0,1235.801025390625,-3.305056059631721,1.6447591952587637,1.627415761094679,2.025487408481583,0.6987046536643823,-1.3987552612996978,-1.1453750380069123,2.082176222542952,2.648589055349723,1.1394146778907317
86.0,52.0,1235.8013916015625,-3.305056059631721,1.6447591952587637,1.627415761094679,2.025487408481583,0.6987275756414194,-1.3987552612996978,-1.1453750380069123,2.082176222542952,2.648589055349723,1.139358338295412
86.0,52.0,1235.802978515625,-3.452529658981196,1.6447544596788437,1.7539934193001252,2.0775107047152503,0.7272963399905638,-1.406974712151328,-1.0950806708129153,2.0820913458006127,2.703552833572687,1.139417618800408
86.0,52.0,1235.804443359375,-3.452529658981196,1.6447544596788437,1.7539934193001252,2.0775107047152503,0.7272963399905638,-1.406974712151328,-1.0950806708129153,2.082091345793029,2.703588358239849,1.139417618800408
86.0,52.0,1235.81982421875,-3.305056059631721,1.6447591952587637,1.6273919114766082,2.025487408481583,0.699861494606366,-1.3987552612996978,-1.1453750380069123,2.082176222542952,2.648589055349723,1.139358994086555
86.0,52.0,1235.8388671875,-3.4553163774356035,1.6447544596788437,1.7539934193001252,2.0775107047152503,0.7040093872152756,-1.407750556705312,-1.0962565857251028,2.082091345282475,2.652121687055151,1.1394176252735668
86.0,52.0,1235.8892822265625,-3.405115230636879,1.6446513684617092,1.623909311292133,2.030979039923809,0.6998842027182397,-1.4081126475046648,-1.142951903987678,2.082091345266288,2.6485890552657727,1.1393685564318192
86.0,52.0,1235.957275390625,-3.30485274325688,1.6447591952587637,1.6238088725832087,2.0353519341069344,0.6998545369660847,-1.3987552612996978,-1.145874316445077,2.0820913463573145,2.648589056371745,1.1394156304983936
86.0,52.0,1235.9576416015625,-3.30485274325688,1.6447591952587637,1.6238088725832087,2.0353519341069344,0.6998774589431217,-1.3987552612996978,-1.145874316445077,2.0820913463573145,2.648589056371745,1.1393592909030736
86.0,52.0,1235.9608154296875,-3.3048517622064786,1.6448777277397042,1.6238088725832087,2.035328453769453,0.6998774589431217,-1.3987552612996978,-1.145874316445077,2.0820913463573145,2.648589056371745,1.1393592909030736
86.0,52.0,1235.96630859375,-3.305043569117907,1.6522135223505134,1.6236949043606894,2.035328156381266,0.6999317680466379,-1.396655046584732,-1.145874316445077,2.085698357560358,2.6485890785143025,1.1394156304983936
86.0,53.0,1233.9017333984375,-3.405115230636879,1.644886329695965,1.6706722627206538,2.030979039923809,0.6998842027182397,-1.407152958516055,-1.0969208464344138,2.082091345266288,2.6485891618228163,1.1403531090863883
86.0,53.0,1234.0477294921875,-3.4041392066151857,1.6523941570704497,1.6726047253986358,2.032425034312319,0.7002165647717952,-1.407904749484315,-1.0979285766387157,2.082091346331447,2.648589056371745,1.140300759563066
86.0,53.0,1234.0477294921875,-3.4041392066151857,1.6523941570704497,1.6726047253986358,2.032425034312319,0.7002165647717952,-1.407904749484315,-1.0979285766387157,2.082091346331447,2.648589056371745,1.140300759563066
86.0,53.0,1234.1551513671875,-3.403809546724041,1.577675228878449,1.6408311438589398,2.0231933223674528,0.7013349920540143,-1.4001381858722406,-1.0944071884139497,2.08212318084733,2.6485891665404075,1.140332207482402
86.0,53.0,1234.1551513671875,-3.403809546724041,1.577675228878449,1.6408311438589398,2.0231933223674528,0.7013349920540143,-1.4001381858722406,-1.0944071884139497,2.08212318084733,2.6485891665404075,1.140332207482402
86.0,53.0,1234.1551513671875,-3.403809546724041,1.577675228878449,1.6408311438589398,2.0231933223674528,0.7013349920540143,-1.4001381858722406,-1.0944071884139497,2.08212318084733,2.6485891665404075,1.140332207482402
86.0,53.0,1234.5333251953125,-3.401464727798611,1.6446477564685913,1.6709397650199034,2.077514415998322,0.6271471781703988,-1.4077599902888531,-1.0944071884139497,2.082091346645474,2.6485891662150447,1.1394321210744092
86.0,53.0,1234.5340576171875,-3.401464727798611,1.6446446586863284,1.6710997884884633,2.0775107105151136,0.6271471781703988,-1.4077599902888531,-1.0944071884139497,2.082091345408653,2.6484238623339422,1.1394321210744092
86.0,53.0,1234.5833740234375,-3.4010084801457507,1.5794352585600062,1.6272030204772403,2.035090723281184,0.7013349920540143,-1.4001220224606057,-1.0944071884139497,2.082091346640964,2.6485891665404075,1.1403323053901435
86.0,53.0,1234.62158203125,-3.401464727798611,1.644758819466232,1.6270819986512528,2.078652756856413,0.7013494309155108,-1.3987899177678973,-1.0944071884139497,2.082091346640964,2.6485891665404075,1.1402866979633637
86.0,53.0,1234.62158203125,-3.401464727798611,1.644758819466232,1.6270819986512528,2.078652756856413,0.7013494309155108,-1.3987899177678973,-1.0944071884139497,2.082091346640964,2.6485891665404075,1.1402866979633637
86.0,53.0,1234.62158203125,-3.401464727798611,1.6447580256168066,1.6270819986512528,2.078652756856413,0.7013494309155108,-1.3987899177678973,-1.0944071884139497,2.082091346640964,2.648589056739062,1.1402866979633637
86.0,53.0,1234.621826171875,-3.401464727798611,1.644758819466232,1.627071655538418,2.078652756856413,0.7013494309155108,-1.3987899177678973,-1.0944071884139497,2.082091346640964,2.648589161552069,1.1402866979633637
86.0,53.0,1234.6256103515625,-3.401464727798611,1.6447546699083182,1.6270817898574153,2.078652756856413,0.7013494309155108,-1.3988579673907913,-1.0944071884139497,2.082091346640964,2.6485891665404075,1.1402866979633637
86.0,53.0,1234.6309814453125,-3.401464727798611,1.6446421907478783,1.6261882863021069,2.077509764995552,0.7012541360081449,-1.3987899177678973,-1.0944071884139497,2.082091346640964,2.648589064280131,1.1402866979633637
86.0,53.0,1234.67822265625,-3.403809546724041,1.5794352585600062,1.6272030204772403,2.0350909703515776,0.7013349920540143,-1.4001220224606057,-1.0944071884139497,2.082091346640964,2.6485891665404075,1.140332207482402
86.0,53.0,1234.69921875,-3.401464727798611,1.6447586092367572,1.6270933125949525,2.078652756856413,0.7013494309155108,-1.4000539728377113,-1.0944071884139497,2.082091346640964,2.6485891665404075,1.140332207482402
86.0,53.0,1234.7034912109375,-3.401464727798611,1.6447544596788437,1.6270931038011145,2.078652756856413,0.7013494309155108,-1.4001220224606057,-1.0944071884139497,2.082091346640964,2.6485891665404075,1.140332207482402
86.0,53.0,1234.7034912109375,-3.401464727798611,1.6447544596788437,1.6270931038011145,2.078652756856413,0.7013494309155108,-1.4001220224606057,-1.0944071884139497,2.082091346640964,2.6485891665404075,1.140332207482402
86.0,53.0,1234.71044921875,-3.401464727798611,1.6446477564685913,1.626082298932226,2.077514415998322,0.6274218420359533,-1.4077599902888531,-1.0944071884139497,2.082091346645474,2.6485890594699644,1.1394321210744092
86.0,53.0,1234.718505859375,-3.401464727798611,1.6446533657843598,1.6261152724898484,2.077514415998322,0.7013494309155108,-1.4001313242305276,-1.0944071884139497,2.082091346645474,2.6485891658660377,1.140339311470197
86.0,53.0,1234.718505859375,-3.401464727798611,1.6446533657843598,1.6261152724898484,2.077514415998322,0.7013494309155108,-1.4001313242305276,-1.0944071884139497,2.082091346645474,2.6485891658660377,1.140339311470197
86.0,53.0,1234.720703125,-3.401464727798611,1.644764385186945,1.6269760112813718,2.078657407859183,0.6275171369433193,-1.4077599902888531,-1.0944071884139497,2.082091346645474,2.648589161730241,1.1394321210744092
86.0,53.0,1234.74169921875,-3.401464727798611,1.6446452093305428,1.6261331588539678,2.078652756856413,0.7013373552944688,-1.4003025422499666,-1.0944071884139497,2.082091346640964,2.6485891665404075,1.1403032028216813
86.0,53.0,1234.9342041015625,-3.401464727798611,1.6446533657843598,1.6261152724898484,2.0235395647489742,0.7128245149583949,-1.3968116671388155,-1.0944071884139497,2.082091346645474,2.648589059268088,1.1403023075294605
86.0,53.0,1234.937255859375,-3.4013870592623303,1.6446533657843598,1.6258919822182694,2.0235395647489742,0.7127538435208753,-1.3968116671388155,-1.0944071884139497,2.082091345283985,2.648589056229127,1.1403015695592906
86.0,53.0,1235.0311279296875,-3.401464727798611,1.6459346694852732,1.623687661361621,2.0342718572834846,0.6999123696608347,-1.4077987791280298,-1.0944071884139497,2.082091346645474,2.6485890594699644,1.140339311470197
86.0,53.0,1235.0445556640625,-3.401464727798611,1.6447544873887745,1.6270931038011145,2.078652756856413,0.6987654002170861,-1.4001220224606057,-1.1454064464705602,2.0820850694495907,2.6485890557283294,1.1394385190952998
86.0,53.0,1235.09130859375,-3.401464727798611,1.6447544873887745,1.6270931038011145,2.0823301341338536,0.6987654002170861,-1.4001220224606057,-1.1454064464705602,2.0820850694495907,2.6485890557283294,1.1394385190952998
86.0,53.0,1235.091552734375,-3.401464727798611,1.6448905383330297,1.6697179104287827,2.077569949481737,0.6081554555000187,-1.4071768221821015,-1.0944071884139497,2.082091346645474,2.648589165375693,1.140339311470197
86.0,53.0,1235.109619140625,-3.401464727798611,1.6448905383330297,1.624860444341105,2.077569949481737,0.6084301193655732,-1.4071768221821015,-1.0944071884139497,2.082091346645474,2.6485890586306127,1.140339311470197
86.0,53.0,1235.1368408203125,-3.404705291468997,1.646207324180721,1.623687661361621,2.0342718572834846,0.6999123696608347,-1.4077987791280298,-1.093520662393103,2.082091346357213,2.6485890594699644,1.1393875229653048
86.0,53.0,1235.137939453125,-3.4108467437131336,1.6445827167558955,1.6238088725832087,2.037410762956977,0.6076492248864926,-1.406996864407167,-1.1440973720694507,2.082091345839403,2.638451046146131,1.1394159348394104
86.0,53.0,1235.177001953125,-3.401464727798611,1.6446477169697362,1.6261152724898484,2.077514415998322,0.6980634505305937,-1.4077987791280298,-1.0944071884139497,2.082091346645474,2.6485890594699644,1.1403223460901302
86.0,53.0,1235.26220703125,-3.4027194681781543,1.6446484104914276,1.6270931038011145,2.077593586550885,0.7013494309155108,-1.407557620949139,-1.0944071884139497,2.082091346640964,2.6485891665404075,1.140332207482402
86.0,53.0,1235.2698974609375,-3.401464727798611,1.6447544596788437,1.6270931038011145,2.078652756856413,0.7013494309155108,-1.4077894773581077,-1.0944071884139497,2.082091346640964,2.6485890601443343,1.140332207482402
86.0,53.0,1235.281005859375,-3.401464727798611,1.6446533657843598,1.6261152724898484,2.077514415998322,0.7013494309155108,-1.4077987791280298,-1.0944071884139497,2.082091346645474,2.6485890594699644,1.140339311470197
86.0,53.0,1235.281005859375,-3.401464727798611,1.6446533657843598,1.6261152724898484,2.077514415998322,0.7013494309155108,-1.4077987791280298,-1.0944071884139497,2.082091346645474,2.6485890594699644,1.140339311470197
86.0,53.0,1235.2847900390625,-3.401464727798611,1.6446477169697362,1.6261152724898484,2.077514415998322,0.7014644824723015,-1.4077987791280298,-1.0944071884139497,2.082091346645474,2.6485890594699644,1.140338897032057
86.0,53.0,1235.3084716796875,-3.401464727798611,1.6446533657843598,1.6261152724898484,2.078638345458421,0.7013490110638185,-1.4079398024963845,-1.0944071884139497,2.082091346645474,2.6485890594699644,1.140301565148811
86.0,53.0,1235.36962890625,-3.4027923648398297,1.6446477564685913,1.6260073531885124,2.077514415998322,0.7029782226069484,-1.4077599902888531,-1.0944071884139497,2.082091346351525,2.6485890594699644,1.1394321210744092
86.0,53.0,1235.3702392578125,-3.30986361061146,1.5794352585600062,1.6272030204772403,2.035095715074438,0.7013349920540143,-1.4001220224606057,-1.0944071884139497,2.082091346640964,2.6485891665404075,1.1403776590541348
86.0,53.0,1235.37158203125,-3.4028075413766703,1.6446367602926124,1.6260372783218506,2.077514415998322,0.7029782226069484,-1.4077891979520134,-1.0944071884139497,2.082091346351525,2.6485890595080903,1.1394321210744092
86.0,53.0,1235.382568359375,-3.4028075413766703,1.6446454449846877,1.6260372783218506,2.07865327237433,0.7030063715775243,-1.4077891979520134,-1.0944071884139497,2.0820913466372333,2.648589172740353,1.140308341979907
86.0,53.0,1235.5106201171875,-3.3070625440331693,1.5794352585600062,1.6272030204772403,2.0350954680040445,0.7013349920540143,-1.4001220224606057,-1.0944071884139497,2.082091346640964,2.6485891665404075,1.1403777569618765
86.0,53.0,1235.524658203125,-3.401464727798611,1.6446555770987736,1.622954959000262,2.077569949481737,0.6081554555000187,-1.4081365111707118,-1.1404382459672135,2.082091346645474,2.6485890588186494,1.139354758815628
86.0,53.0,1235.565673828125,-3.318871006096168,1.6522135223505134,1.6238088725832087,2.035328156381266,0.6999317680466379,-1.400119728412434,-1.145874316445077,2.0820913463573145,2.648589056371745,1.1394156304983936
86.0,53.0,1235.565673828125,-3.318871006096168,1.6522135223505134,1.6238088725832087,2.035328156381266,0.6999317680466379,-1.400119728412434,-1.145874316445077,2.0820913463573145,2.648589056371745,1.1394156304983936
86.0,53.0,1235.5712890625,-3.452529658981196,1.6447593006418333,1.7539934193001252,2.0775107047152503,0.7272963399905638,-1.3989068146228116,-1.0950806708129153,2.082091346183124,2.7028274480942587,1.1394177598399546
86.0,53.0,1235.5712890625,-3.452529658981196,1.6447593006418333,1.7539934193001252,2.0775107047152503,0.7272963399905638,-1.3989068146228116,-1.0950806708129153,2.082091346183124,2.7028274480942587,1.1394177598399546
86.0,54.0,1233.9017333984375,-3.405115230636879,1.644886329695965,1.6706722627206538,2.030979039923809,0.6998842027182397,-1.407152958516055,-1.0969208464344138,2.082091345266288,2.6485891618228163,1.1403531090863883
86.0,54.0,1233.913818359375,-3.405115230636879,1.644886329695965,1.6706722627206538,2.0324241316471463,0.6998793396302496,-1.407152958516055,-1.0979453413206266,2.082091345266288,2.6485891618228163,1.1403079080244836
86.0,54.0,1234.031982421875,-3.4014439033334067,1.6524575282425538,1.6726047253986358,2.032425034312319,0.7013661957332038,-1.407904749484315,-1.0979285766387157,2.0820913466819,2.6485890564707173,1.140300759563066
86.0,54.0,1234.038818359375,-3.4041392066151857,1.6523941570704497,1.6726047253986358,2.0309799425889823,0.7002214278597851,-1.407904749484315,-1.0969040817525029,2.082091346331447,2.648589056371745,1.140345960624971
86.0,54.0,1234.045654296875,-3.401464727798611,1.644764385186945,1.6269760112813718,2.078657407859183,0.6286506433474178,-1.3986184479149186,-1.0944071884139497,2.082091346645474,2.648589161731544,1.139495671668465
86.0,54.0,1234.0477294921875,-3.4041392066151857,1.6523941570704497,1.6726047253986358,2.032425034312319,0.7002165647717952,-1.407904749484315,-1.0979285766387157,2.082091346331447,2.648589056371745,1.140300759563066
86.0,54.0,1234.0477294921875,-3.4041392066151857,1.6523941570704497,1.6726047253986358,2.032425034312319,0.7002165647717952,-1.407904749484315,-1.0979285766387157,2.082091346331447,2.648589056371745,1.140300759563066
86.0,54.0,1234.06298828125,-3.401464727798611,1.644758819466232,1.6270819986512528,2.0774184597578773,0.6269170513932817,-1.3987899177678973,-1.0944071884139497,2.082091346645296,2.6485891665404075,1.1402866979633637
86.0,54.0,1234.114013671875,-3.4041392066151857,1.6523941570704497,1.6712953091907563,2.023224854072077,0.7013884456177129,-1.407904749484315,-1.0979285766387157,2.082090718534784,2.648589056371745,1.1403009227881795
86.0,54.0,1234.1544189453125,-3.403809546724041,1.577675228878449,1.6408311438589398,2.0231933223674528,0.7013349920540143,-1.400131205565032,-1.0944071884139497,2.08212318084733,2.6485891665404075,1.140332207482402
86.0,54.0,1234.1551513671875,-3.403809546724041,1.577675228878449,1.6408311438589398,2.0231933223674528,0.7013349920540143,-1.4001381858722406,-1.0944071884139497,2.08212318084733,2.6485891665404075,1.140332207482402
86.0,54.0,1234.1551513671875,-3.403809546724041,1.577675228878449,1.6408311438589398,2.0231933223674528,0.7013349920540143,-1.4001381858722406,-1.0944071884139497,2.08212318084733,2.6485891665404075,1.140332207482402
86.0,54.0,1234.1551513671875,-3.403809546724041,1.577675228878449,1.6408311438589398,2.0231933223674528,0.7013349920540143,-1.4001381858722406,-1.0944071884139497,2.08212318084733,2.6485891665404075,1.140332207482402
86.0,54.0,1234.1551513671875,-3.403809546724041,1.577675228878449,1.6408311438589398,2.0231933223674528,0.7013349920540143,-1.4001381858722406,-1.0944071884139497,2.08212318084733,2.6485891665404075,1.140332207482402
86.0,54.0,1234.345947265625,-3.4014913346497253,1.644886329695965,1.6706722627206538,2.0787065487204432,0.7013405436112465,-1.407112281492385,-1.0943450024646288,2.082091345266288,2.6485891618228163,1.1403531090863883
86.0,54.0,1234.5333251953125,-3.401464727798611,1.6446477564685913,1.6709397650199034,2.077514415998322,0.6271471781703988,-1.4077599902888531,-1.0944071884139497,2.082091346645474,2.6485891662150447,1.1394321210744092
86.0,54.0,1234.5340576171875,-3.401464727798611,1.6446446586863284,1.6710997884884633,2.0775107105151136,0.6271471781703988,-1.4077599902888531,-1.0944071884139497,2.082091345408653,2.6484238623339422,1.1394321210744092
86.0,54.0,1234.5833740234375,-3.4010084801457507,1.5794352585600062,1.6272030204772403,2.035090723281184,0.7013349920540143,-1.4001220224606057,-1.0944071884139497,2.082091346640964,2.6485891665404075,1.1403323053901435
86.0,54.0,1234.588623046875,-3.401448668746992,1.5794352585600062,1.6270816458167336,2.034374960589282,0.7013349920540143,-1.4001220224606057,-1.0944071884139497,2.082091346640964,2.6485891665404075,1.140334867436576
86.0,54.0,1234.595458984375,-3.401464727798611,1.6447580256168066,1.627047910039219,2.080243085966964,0.6999323549997593,-1.3987899177678973,-1.0944071884139497,2.082091346646564,2.648589056739062,1.1402651187265571
86.0,54.0,1234.6187744140625,-3.40102453919737,1.644758819466232,1.6272033733117597,2.0793685195483147,0.7013494309155108,-1.3987899177678973,-1.0944071884139497,2.082091346640964,2.6485891665404075,1.1402841359169311
86.0,54.0,1234.62158203125,-3.401464727798611,1.644758819466232,1.6270819986512528,2.078652756856413,0.7013494309155108,-1.3987899177678973,-1.0944071884139497,2.082091346640964,2.6485891665404075,1.1402866979633637
86.0,54.0,1234.62158203125,-3.401464727798611,1.644758819466232,1.6270819986512528,2.078652756856413,0.7013494309155108,-1.3987899177678973,-1.0944071884139497,2.082091346640964,2.6485891665404075,1.1402866979633637
86.0,54.0,1234.62158203125,-3.401464727798611,1.6447580256168066,1.6270819986512528,2.078652756856413,0.7013494309155108,-1.3987899177678973,-1.0944071884139497,2.082091346640964,2.648589056739062,1.1402866979633637
86.0,54.0,1234.621826171875,-3.401464727798611,1.644758819466232,1.627071655538418,2.078652756856413,0.7013494309155108,-1.3987899177678973,-1.0944071884139497,2.082091346640964,2.648589161552069,1.1402866979633637
86.0,54.0,1234.6256103515625,-3.401464727798611,1.6447546699083182,1.6270817898574153,2.078652756856413,0.7013494309155108,-1.3988579673907913,-1.0944071884139497,2.082091346640964,2.6485891665404075,1.1402866979633637
86.0,54.0,1234.6309814453125,-3.401464727798611,1.6446421907478783,1.6261882863021069,2.077509764995552,0.7012541360081449,-1.3987899177678973,-1.0944071884139497,2.082091346640964,2.648589064280131,1.1402866979633637
86.0,54.0,1234.67822265625,-3.403809546724041,1.5794352585600062,1.6272030204772403,2.0350909703515776,0.7013349920540143,-1.4001220224606057,-1.0944071884139497,2.082091346640964,2.6485891665404075,1.140332207482402
86.0,54.0,1234.69921875,-3.401464727798611,1.6447586092367572,1.6270933125949525,2.078652756856413,0.7013494309155108,-1.4000539728377113,-1.0944071884139497,2.082091346640964,2.6485891665404075,1.140332207482402
86.0,54.0,1234.7034912109375,-3.401464727798611,1.6447544596788437,1.6270931038011145,2.078652756856413,0.7013494309155108,-1.4001220224606057,-1.0944071884139497,2.082091346640964,2.6485891665404075,1.140332207482402
86.0,54.0,1234.7034912109375,-3.401464727798611,1.6447544596788437,1.6270931038011145,2.078652756856413,0.7013494309155108,-1.4001220224606057,-1.0944071884139497,2.082091346640964,2.6485891665404075,1.140332207482402
86.0,54.0,1234.71044921875,-3.401464727798611,1.6446477564685913,1.626082298932226,2.077514415998322,0.6274218420359533,-1.4077599902888531,-1.0944071884139497,2.082091346645474,2.6485890594699644,1.1394321210744092
86.0,54.0,1234.718505859375,-3.401464727798611,1.6446533657843598,1.6261152724898484,2.077514415998322,0.7013494309155108,-1.4001313242305276,-1.0944071884139497,2.082091346645474,2.6485891658660377,1.140339311470197
86.0,54.0,1234.718505859375,-3.401464727798611,1.6446533657843598,1.6261152724898484,2.077514415998322,0.7013494309155108,-1.4001313242305276,-1.0944071884139497,2.082091346645474,2.6485891658660377,1.140339311470197
86.0,54.0,1234.718505859375,-3.401464727798611,1.6446533657843598,1.6261152724898484,2.077514415998322,0.7013494309155108,-1.4001313242305276,-1.0944071884139497,2.082091346645474,2.6485891658660377,1.140339311470197
86.0,54.0,1234.720703125,-3.401464727798611,1.644764385186945,1.6269760112813718,2.078657407859183,0.6275171369433193,-1.4077599902888531,-1.0944071884139497,2.082091346645474,2.648589161730241,1.1394321210744092
86.0,54.0,1234.74169921875,-3.401464727798611,1.6446452093305428,1.6261331588539678,2.078652756856413,0.7013373552944688,-1.4003025422499666,-1.0944071884139497,2.082091346640964,2.6485891665404075,1.1403032028216813
86.0,54.0,1234.9342041015625,-3.401464727798611,1.6446533657843598,1.6261152724898484,2.0235395647489742,0.7128245149583949,-1.3968116671388155,-1.0944071884139497,2.082091346645474,2.648589059268088,1.1403023075294605
86.0,54.0,1234.9364013671875,-3.401464727798611,1.6446533657843598,1.6261152724898484,2.077380994167352,0.7128216411908339,-1.3966272105681805,-1.0944071884139497,2.0820913466271214,2.6485891658660377,1.1403403295005148
86.0,54.0,1234.937255859375,-3.4013870592623303,1.6446533657843598,1.6258919822182694,2.0235395647489742,0.7127538435208753,-1.3968116671388155,-1.0944071884139497,2.082091345283985,2.648589056229127,1.1403015695592906
86.0,54.0,1235.0311279296875,-3.401464727798611,1.6459346694852732,1.623687661361621,2.0342718572834846,0.6999123696608347,-1.4077987791280298,-1.0944071884139497,2.082091346645474,2.6485890594699644,1.140339311470197
86.0,54.0,1235.0445556640625,-3.401464727798611,1.6447544873887745,1.6270931038011145,2.078652756856413,0.6987654002170861,-1.4001220224606057,-1.1454064464705602,2.0820850694495907,2.6485890557283294,1.1394385190952998
86.0,54.0,1235.09130859375,-3.401464727798611,1.6447544873887745,1.6270931038011145,2.0823301341338536,0.6987654002170861,-1.4001220224606057,-1.1454064464705602,2.0820850694495907,2.6485890557283294,1.1394385190952998
86.0,54.0,1235.091552734375,-3.401464727798611,1.6448905383330297,1.6697179104287827,2.077569949481737,0.6081554555000187,-1.4071768221821015,-1.0944071884139497,2.082091346645474,2.648589165375693,1.140339311470197
86.0,54.0,1235.109619140625,-3.401464727798611,1.6448905383330297,1.624860444341105,2.077569949481737,0.6084301193655732,-1.4071768221821015,-1.0944071884139497,2.082091346645474,2.6485890586306127,1.140339311470197
86.0,54.0,1235.1368408203125,-3.404705291468997,1.646207324180721,1.623687661361621,2.0342718572834846,0.6999123696608347,-1.4077987791280298,-1.093520662393103,2.082091346357213,2.6485890594699644,1.1393875229653048
86.0,54.0,1235.137939453125,-3.4108467437131336,1.6445827167558955,1.6238088725832087,2.037410762956977,0.6076492248864926,-1.406996864407167,-1.1440973720694507,2.082091345839403,2.638451046146131,1.1394159348394104
86.0,54.0,1235.1583251953125,-3.401464727798611,1.6446477169697362,1.6261152724898484,2.0775158406620324,0.698017042631541,-1.4075892434804067,-1.0944071884139497,2.082091346645581,2.6485890594699644,1.1402867688694047
86.0,54.0,1235.177001953125,-3.401464727798611,1.6446477169697362,1.6261152724898484,2.077514415998322,0.6980634505305937,-1.4077987791280298,-1.0944071884139497,2.082091346645474,2.6485890594699644,1.1403223460901302
86.0,54.0,1235.1890869140625,-3.401464727798611,1.644764385186945,1.6269760112813718,2.078657407859183,0.6987447407865435,-1.4077176578191968,-1.0944071884139497,2.082091346645516,2.648589161730241,1.1394384007043
86.0,55.0,1233.9017333984375,-3.405115230636879,1.644886329695965,1.6706722627206538,2.030979039923809,0.6998842027182397,-1.407152958516055,-1.0969208464344138,2.082091345266288,2.6485891618228163,1.1403531090863883
86.0,55.0,1233.909912109375,-3.405115230636879,1.644886329695965,1.6706722627206538,2.0309722125431886,0.6998793139935345,-1.407152958516055,-1.0979453413206266,2.082091345266288,2.6485891618228163,1.1403079080244836
86.0,55.0,1233.913818359375,-3.405115230636879,1.644886329695965,1.6706722627206538,2.0324241316471463,0.6998793396302496,-1.407152958516055,-1.0979453413206266,2.082091345266288,2.6485891618228163,1.1403079080244836
86.0,55.0,1233.935546875,-3.4041392066151857,1.6448177392649914,1.670678348359444,2.023224854072077,0.699868373807823,-1.4078769194408955,-1.097927844241428,2.082090718534784,2.6485890535204657,1.1403078523744357
86.0,55.0,1234.031982421875,-3.4014439033334067,1.6524575282425538,1.6726047253986358,2.032425034312319,0.7013661957332038,-1.407904749484315,-1.0979285766387157,2.0820913466819,2.6485890564707173,1.140300759563066
86.0,55.0,1234.0384521484375,-3.4014439033334067,1.6524575282425538,1.6704901321370675,2.032425034312319,0.7013661957332038,-1.407802091996076,-1.0940568880627712,2.0820913466684514,2.6485890564707173,1.140291952654825
86.0,55.0,1234.038818359375,-3.4041392066151857,1.6523941570704497,1.6726047253986358,2.0309799425889823,0.7002214278597851,-1.407904749484315,-1.0969040817525029,2.082091346331447,2.648589056371745,1.140345960624971
86.0,55.0,1234.040283203125,-3.4041392066151857,1.6523941570704497,1.6726047253986358,2.032551087434566,0.7002166833929271,-1.407904749484315,-1.096868328792425,2.082091346331447,2.648589056371745,1.1403002956703212
86.0,55.0,1234.045654296875,-3.401464727798611,1.644764385186945,1.6269760112813718,2.078657407859183,0.6286506433474178,-1.3986184479149186,-1.0944071884139497,2.082091346645474,2.648589161731544,1.139495671668465
86.0,55.0,1234.04638671875,-3.4041392066151857,1.6523941570704497,1.6726047253986358,2.0308538894667354,0.7002213092386531,-1.407904749484315,-1.0979643295987938,2.082091346331447,2.648589056371745,1.140346424517716
86.0,55.0,1234.0477294921875,-3.4041392066151857,1.6523941570704497,1.6726047253986358,2.032425034312319,0.7002165647717952,-1.407904749484315,-1.0979285766387157,2.082091346331447,2.648589056371745,1.140300759563066
86.0,55.0,1234.0477294921875,-3.4041392066151857,1.6523941570704497,1.6726047253986358,2.032425034312319,0.7002165647717952,-1.407904749484315,-1.0979285766387157,2.082091346331447,2.648589056371745,1.140300759563066
86.0,55.0,1234.06298828125,-3.401464727798611,1.644758819466232,1.6270819986512528,2.0774184597578773,0.6269170513932817,-1.3987899177678973,-1.0944071884139497,2.082091346645296,2.6485891665404075,1.1402866979633637
86.0,55.0,1234.083984375,-3.401690868846316,1.577675228878449,1.6408108369710552,2.0231933223674528,0.7013354367483247,-1.4001381858722406,-1.0944071884139497,2.0821224968598697,2.6485891665404075,1.140332207482402
86.0,55.0,1234.114013671875,-3.4041392066151857,1.6523941570704497,1.6712953091907563,2.023224854072077,0.7013884456177129,-1.407904749484315,-1.0979285766387157,2.082090718534784,2.648589056371745,1.1403009227881795
86.0,55.0,1234.1295166015625,-3.401464727798611,1.576127275557211,1.6399787148334226,2.022769782150821,0.7013494309155108,-1.4001312067212488,-1.0944071884139497,2.0820904160812312,2.648589166507432,1.140339311470197
86.0,55.0,1234.1544189453125,-3.403809546724041,1.577675228878449,1.6408311438589398,2.0231933223674528,0.7013349920540143,-1.400131205565032,-1.0944071884139497,2.08212318084733,2.6485891665404075,1.140332207482402
86.0,55.0,1234.1551513671875,-3.403809546724041,1.577675228878449,1.6408311438589398,2.0231933223674528,0.7013349920540143,-1.4001381858722406,-1.0944071884139497,2.08212318084733,2.6485891665404075,1.140332207482402
86.0,55.0,1234.1551513671875,-3.403809546724041,1.577675228878449,1.6408311438589398,2.0231933223674528,0.7013349920540143,-1.4001381858722406,-1.0944071884139497,2.08212318084733,2.6485891665404075,1.140332207482402
86.0,55.0,1234.1551513671875,-3.403809546724041,1.577675228878449,1.6408311438589398,2.0231933223674528,0.7013349920540143,-1.4001381858722406,-1.0944071884139497,2.08212318084733,2.6485891665404075,1.140332207482402
86.0,55.0,1234.1551513671875,-3.403809546724041,1.577675228878449,1.6408311438589398,2.0231933223674528,0.7013349920540143,-1.4001381858722406,-1.0944071884139497,2.08212318084733,2.6485891665404075,1.140332207482402
86.0,55.0,1234.1551513671875,-3.403809546724041,1.577675228878449,1.6408311438589398,2.0231933223674528,0.7013349920540143,-1.4001381858722406,-1.0944071884139497,2.08212318084733,2.6485891665404075,1.140332207482402
86.0,55.0,1234.2049560546875,-3.4010084801457507,1.5793745925777505,1.6412350429439408,2.0345367211663103,0.7013349920540143,-1.4001220224606057,-1.0944071884139497,2.082125746192784,2.6485891665404075,1.1403323064572963
86.0,55.0,1234.226318359375,-3.403809546724041,1.6494305647456962,1.6405592223923513,2.0231933223674528,0.7013349920540143,-1.3986709339092291,-1.0944071884139497,2.08212318084733,2.64858916651453,1.140332207482402
86.0,55.0,1234.345947265625,-3.4014913346497253,1.644886329695965,1.6706722627206538,2.0787065487204432,0.7013405436112465,-1.407112281492385,-1.0943450024646288,2.082091345266288,2.6485891618228163,1.1403531090863883
86.0,55.0,1234.3466796875,-3.401464727798611,1.577784428219314,1.6270819986512528,2.024974046466543,0.7013494309155108,-1.3987955214323808,-1.0944071884139497,2.082122544554703,2.648589167460836,1.1402866979633637
86.0,55.0,1234.35400390625,-3.403809546724041,1.6446488262759418,1.6408311438589398,2.076872032757324,0.7013349920540143,-1.400132582207757,-1.0944071884139497,2.082091982933591,2.648589055818634,1.140332207482402
86.0,55.0,1234.5333251953125,-3.401464727798611,1.6446477564685913,1.6709397650199034,2.077514415998322,0.6271471781703988,-1.4077599902888531,-1.0944071884139497,2.082091346645474,2.6485891662150447,1.1394321210744092
86.0,55.0,1234.5340576171875,-3.401464727798611,1.6446446586863284,1.6710997884884633,2.0775107105151136,0.6271471781703988,-1.4077599902888531,-1.0944071884139497,2.082091345408653,2.6484238623339422,1.1394321210744092
86.0,55.0,1234.5567626953125,-3.401464727798611,1.6444506397962175,1.6270819986512528,2.0783563852970093,0.7002350392044745,-1.3987899177678973,-1.0978354534323769,2.0820913463321067,2.6485891708808924,1.1402866979633637
86.0,55.0,1234.5794677734375,-3.401448668746992,1.5796150969028455,1.627294203686519,2.034374960589282,0.7013349920540143,-1.4001375703681127,-1.0944071884139497,2.082091346640964,2.6485891665404075,1.1403325490294656
86.0,55.0,1234.5833740234375,-3.4010084801457507,1.5794352585600062,1.6272030204772403,2.035090723281184,0.7013349920540143,-1.4001220224606057,-1.0944071884139497,2.082091346640964,2.6485891665404075,1.1403323053901435
86.0,55.0,1234.588623046875,-3.401448668746992,1.5794352585600062,1.6270816458167336,2.034374960589282,0.7013349920540143,-1.4001220224606057,-1.0944071884139497,2.082091346640964,2.6485891665404075,1.140334867436576
86.0,55.0,1234.595458984375,-3.401464727798611,1.6447580256168066,1.627047910039219,2.080243085966964,0.6999323549997593,-1.3987899177678973,-1.0944071884139497,2.082091346646564,2.648589056739062,1.1402651187265571
86.0,55.0,1234.597900390625,-3.401450906549654,1.5794352585600062,1.627201833716111,2.0350909703515776,0.7013349920540143,-1.4001220224606057,-1.0944071884139497,2.082091346640964,2.6485891665404075,1.140332207482402
86.0,55.0,1234.6004638671875,-3.401464727798611,1.6447580256168066,1.627047910039219,2.0806646513092897,0.6999323549997593,-1.3987899177678973,-1.0944071884139497,2.082091346646564,2.6485890563439685,1.1402651187265571
86.0,55.0,1234.6187744140625,-3.40102453919737,1.644758819466232,1.6272033733117597,2.0793685195483147,0.7013494309155108,-1.3987899177678973,-1.0944071884139497,2.082091346640964,2.6485891665404075,1.1402841359169311
86.0,55.0,1234.6187744140625,-3.40102453919737,1.644758819466232,1.6272033733117597,2.0793685195483147,0.7013494309155108,-1.3987899177678973,-1.0944071884139497,2.082091346641123,2.6485891665405297,1.1402841359169311
86.0,55.0,1234.62158203125,-3.401464727798611,1.644758819466232,1.6270819986512528,2.078652756856413,0.7013494309155108,-1.3987899177678973,-1.0944071884139497,2.082091346640964,2.6485891665404075,1.1402866979633637
86.0,55.0,1234.62158203125,-3.401464727798611,1.644758819466232,1.6270819986512528,2.078652756856413,0.7013494309155108,-1.3987899177678973,-1.0944071884139497,2.082091346640964,2.6485891665404075,1.1402866979633637
86.0,55.0,1234.62158203125,-3.401464727798611,1.6447580256168066,1.6270819986512528,2.078652756856413,0.7013494309155108,-1.3987899177678973,-1.0944071884139497,2.082091346640964,2.648589056739062,1.1402866979633637
86.0,55.0,1234.621826171875,-3.401464727798611,1.644758819466232,1.627071655538418,2.078652756856413,0.7013494309155108,-1.3987899177678973,-1.0944071884139497,2.082091346640964,2.648589161552069,1.1402866979633637
86.0,55.0,1234.6256103515625,-3.401464727798611,1.6447546699083182,1.6270817898574153,2.078652756856413,0.7013494309155108,-1.3988579673907913,-1.0944071884139497,2.082091346640964,2.6485891665404075,1.1402866979633637
86.0,55.0,1234.62841796875,-3.401464727798611,1.6446451418937322,1.6262760174781126,2.077509764995552,0.7012541360081449,-1.3987899177678973,-1.0944071884139497,2.082091346640964,2.648589064280131,1.140287322318916
86.0,55.0,1234.6309814453125,-3.401464727798611,1.6446421907478783,1.6261882863021069,2.077509764995552,0.7012541360081449,-1.3987899177678973,-1.0944071884139497,2.082091346640964,2.648589064280131,1.1402866979633637
86.0,55.0,1234.6641845703125,-3.4038233679729983,1.644758819466232,1.6270831854123824,2.078652756856413,0.7013494309155108,-1.3987899177678973,-1.0944071884139497,2.082091346640964,2.6485891665404075,1.1402866979633637
86.0,55.0,1234.67822265625,-3.403809546724041,1.5794352585600062,1.6272030204772403,2.0350909703515776,0.7013349920540143,-1.4001220224606057,-1.0944071884139497,2.082091346640964,2.6485891665404075,1.140332207482402
86.0,55.0,1234.69921875,-3.401464727798611,1.6447586092367572,1.6270933125949525,2.078652756856413,0.7013494309155108,-1.4000539728377113,-1.0944071884139497,2.082091346640964,2.6485891665404075,1.140332207482402
86.0,55.0,1234.7034912109375,-3.401464727798611,1.6447544596788437,1.6270931038011145,2.078652756856413,0.7013494309155108,-1.4001220224606057,-1.0944071884139497,2.082091346640964,2.6485891665404075,1.140332207482402
86.0,55.0,1234.7034912109375,-3.401464727798611,1.6447544596788437,1.6270931038011145,2.078652756856413,0.7013494309155108,-1.4001220224606057,-1.0944071884139497,2.082091346640964,2.6485891665404075,1.140332207482402
86.0,56.0,1233.82373046875,-3.401744486708861,1.6446701923770264,1.670686983625737,2.030979039923809,0.6998842027182397,-1.407110871176875,-1.0969208464344138,2.082091345266288,2.6485891618228163,1.1403531090863883
86.0,56.0,1233.882568359375,-3.4041392066151857,1.6444909276371398,1.6726047253986358,2.0286576332051487,0.7002165647717952,-1.4074925768474855,-1.0979285766387157,2.0820913463150994,2.6485890563755885,1.140300759563066
86.0,56.0,1233.9017333984375,-3.405115230636879,1.644886329695965,1.6706722627206538,2.030979039923809,0.6998842027182397,-1.407152958516055,-1.0969208464344138,2.082091345266288,2.6485891618228163,1.1403531090863883
86.0,56.0,1233.909912109375,-3.405115230636879,1.644886329695965,1.6706722627206538,2.0309722125431886,0.6998793139935345,-1.407152958516055,-1.0979453413206266,2.082091345266288,2.6485891618228163,1.1403079080244836
86.0,56.0,1233.913818359375,-3.405115230636879,1.644886329695965,1.6706722627206538,2.0324241316471463,0.6998793396302496,-1.407152958516055,-1.0979453413206266,2.082091345266288,2.6485891618228163,1.1403079080244836
86.0,56.0,1233.935546875,-3.4041392066151857,1.6448177392649914,1.670678348359444,2.023224854072077,0.699868373807823,-1.4078769194408955,-1.097927844241428,2.082090718534784,2.6485890535204657,1.1403078523744357
86.0,56.0,1233.9417724609375,-3.4051254496985583,1.6457646619416793,1.6733379168055722,2.0323645202391423,0.7013872374038763,-1.4074641363296294,-1.0968550662376366,2.0820913451868472,2.648589161822257,1.1403066426932096
86.0,56.0,1233.9473876953125,-3.4041761143336973,1.6449319052485416,1.6707226551430967,2.0287881939456964,0.7002214278597851,-1.407904749484315,-1.0969040817525029,2.082091345262166,2.648589056371745,1.140345960624971
86.0,56.0,1234.031982421875,-3.4014439033334067,1.6524575282425538,1.6726047253986358,2.032425034312319,0.7013661957332038,-1.407904749484315,-1.0979285766387157,2.0820913466819,2.6485890564707173,1.140300759563066
86.0,56.0,1234.0384521484375,-3.4014439033334067,1.6524575282425538,1.6704901321370675,2.032425034312319,0.7013661957332038,-1.407802091996076,-1.0940568880627712,2.0820913466684514,2.6485890564707173,1.140291952654825
86.0,56.0,1234.038818359375,-3.4041392066151857,1.6523941570704497,1.6726047253986358,2.0309799425889823,0.7002214278597851,-1.407904749484315,-1.0969040817525029,2.082091346331447,2.648589056371745,1.140345960624971
86.0,56.0,1234.040283203125,-3.4041392066151857,1.6523941570704497,1.6726047253986358,2.032551087434566,0.7002166833929271,-1.407904749484315,-1.096868328792425,2.082091346331447,2.648589056371745,1.1403002956703212
86.0,56.0,1234.0435791015625,-3.403809546724041,1.577675228878449,1.6400688975143367,2.0231933223674528,0.7034925886737862,-1.398629037197512,-1.0944071884139497,2.082121091028948,2.6485891665404075,1.140332207482402
86.0,56.0,1234.045654296875,-3.401464727798611,1.644764385186945,1.6269760112813718,2.078657407859183,0.6286506433474178,-1.3986184479149186,-1.0944071884139497,2.082091346645474,2.648589161731544,1.139495671668465
86.0,56.0,1234.04638671875,-3.4041392066151857,1.6523941570704497,1.6726047253986358,2.0308538894667354,0.7002213092386531,-1.407904749484315,-1.0979643295987938,2.082091346331447,2.648589056371745,1.140346424517716
86.0,56.0,1234.046630859375,-3.4041392066151857,1.6523941570704497,1.6726047253986358,2.0308538894667354,0.7002163265169017,-1.407904749484315,-1.0979651303310705,2.082091346331447,2.648589056371745,1.1403004742842684
86.0,56.0,1234.0477294921875,-3.4041392066151857,1.6523941570704497,1.6726047253986358,2.032425034312319,0.7002165647717952,-1.407904749484315,-1.0979285766387157,2.082091346331447,2.648589056371745,1.140300759563066
86.0,56.0,1234.0477294921875,-3.4041392066151857,1.6523941570704497,1.6726047253986358,2.032425034312319,0.7002165647717952,-1.407904749484315,-1.0979285766387157,2.082091346331447,2.648589056371745,1.140300759563066
86.0,56.0,1234.06298828125,-3.401464727798611,1.644758819466232,1.6270819986512528,2.0774184597578773,0.6269170513932817,-1.3987899177678973,-1.0944071884139497,2.082091346645296,2.6485891665404075,1.1402866979633637
86.0,56.0,1234.06298828125,-3.401464727798611,1.644758819466232,1.6270819986512528,2.0774184597578773,0.6269170513932817,-1.3987899177678973,-1.0944071884139497,2.082091346645296,2.6485891665404075,1.1402866979633637
86.0,56.0,1234.080810546875,-3.401970291330864,1.577675228878449,1.6408108369710552,2.023219351337664,0.6996054361490189,-1.4001381858722406,-1.0944071884139497,2.0821224968598697,2.6485891665404075,1.140332207482402
86.0,56.0,1234.083984375,-3.401690868846316,1.577675228878449,1.6408108369710552,2.0231933223674528,0.7013354367483247,-1.4001381858722406,-1.0944071884139497,2.0821224968598697,2.6485891665404075,1.140332207482402
86.0,56.0,1234.114013671875,-3.4041392066151857,1.6523941570704497,1.6712953091907563,2.023224854072077,0.7013884456177129,-1.407904749484315,-1.0979285766387157,2.082090718534784,2.648589056371745,1.1403009227881795
86.0,56.0,1234.1295166015625,-3.401464727798611,1.576127275557211,1.6399787148334226,2.022769782150821,0.7013494309155108,-1.4001312067212488,-1.0944071884139497,2.0820904160812312,2.648589166507432,1.140339311470197
86.0,56.0,1234.149658203125,-3.4038046010800835,1.6495115530496944,1.6405592223923513,2.0231933223674528,0.6997884509270156,-1.3982457628815443,-1.0945678237232177,2.0821229614131616,2.64858916651453,1.1403321696524844
86.0,56.0,1234.1544189453125,-3.403809546724041,1.577675228878449,1.6408311438589398,2.0231933223674528,0.7013349920540143,-1.400131205565032,-1.0944071884139497,2.08212318084733,2.6485891665404075,1.140332207482402
86.0,56.0,1234.1544189453125,-3.403809546724041,1.577675228878449,1.6408311438589398,2.0231933223674528,0.7013349920540143,-1.400131205565032,-1.0944071884139497,2.08212318084733,2.6485891665404075,1.140332207482402
86.0,56.0,1234.1551513671875,-3.403809546724041,1.577675228878449,1.6408311438589398,2.0231933223674528,0.7013349920540143,-1.4001381858722406,-1.0944071884139497,2.08212318084733,2.6485891665404075,1.140332207482402
86.0,56.0,1234.1551513671875,-3.403809546724041,1.577675228878449,1.6408311438589398,2.0231933223674528,0.7013349920540143,-1.4001381858722406,-1.0944071884139497,2.08212318084733,2.6485891665404075,1.140332207482402
86.0,56.0,1234.1551513671875,-3.403809546724041,1.577675228878449,1.6408311438589398,2.0231933223674528,0.7013349920540143,-1.4001381858722406,-1.0944071884139497,2.08212318084733,2.6485891665404075,1.140332207482402
86.0,56.0,1234.1551513671875,-3.403809546724041,1.577675228878449,1.6408311438589398,2.0231933223674528,0.7013349920540143,-1.4001381858722406,-1.0944071884139497,2.08212318084733,2.6485891665404075,1.140332207482402
86.0,56.0,1234.1551513671875,-3.403809546724041,1.577675228878449,1.6408311438589398,2.0231933223674528,0.7013349920540143,-1.4001381858722406,-1.0944071884139497,2.08212318084733,2.6485891665404075,1.140332207482402
86.0,56.0,1234.1551513671875,-3.403809546724041,1.577675228878449,1.6408311438589398,2.0231933223674528,0.7013349920540143,-1.4001381858722406,-1.0944071884139497,2.08212318084733,2.6485891665404075,1.140332207482402
86.0,56.0,1234.166015625,-3.401464727798611,1.644764385186945,1.627738257625975,2.078657407859183,0.6264930467276459,-1.4001275965896471,-1.0944071884139497,2.0820934364638566,2.648589161731544,1.139495671668465
86.0,56.0,1234.2049560546875,-3.4010084801457507,1.5793745925777505,1.6412350429439408,2.0345367211663103,0.7013349920540143,-1.4001220224606057,-1.0944071884139497,2.082125746192784,2.6485891665404075,1.1403323064572963
86.0,56.0,1234.2066650390625,-3.4010084801457507,1.5793745925777505,1.6412350429439408,2.0345367211663103,0.7013349920540143,-1.4001388713945506,-1.0944071884139497,2.082125746192784,2.6485891665404075,1.140332207499399
86.0,56.0,1234.226318359375,-3.403809546724041,1.6494305647456962,1.6405592223923513,2.0231933223674528,0.7013349920540143,-1.3986709339092291,-1.0944071884139497,2.08212318084733,2.64858916651453,1.140332207482402
86.0,56.0,1234.345947265625,-3.4014913346497253,1.644886329695965,1.6706722627206538,2.0787065487204432,0.7013405436112465,-1.407112281492385,-1.0943450024646288,2.082091345266288,2.6485891618228163,1.1403531090863883
86.0,56.0,1234.3466796875,-3.401464727798611,1.577784428219314,1.6270819986512528,2.024974046466543,0.7013494309155108,-1.3987955214323808,-1.0944071884139497,2.082122544554703,2.648589167460836,1.1402866979633637
86.0,56.0,1234.35400390625,-3.403809546724041,1.6446488262759418,1.6408311438589398,2.076872032757324,0.7013349920540143,-1.400132582207757,-1.0944071884139497,2.082091982933591,2.648589055818634,1.140332207482402
86.0,56.0,1234.380126953125,-3.4014544269312137,1.652348581517873,1.6725543329761932,2.0808982973637287,0.7013405436112465,-1.407112281492385,-1.0943450024646288,2.082091346335569,2.6485891618228163,1.1403531090863883
86.0,56.0,1234.466064453125,-3.401464727798611,1.6444506397962175,1.6715376942243183,2.0783563852970093,0.7002350392044745,-1.4085233796295085,-1.0978342601374187,2.0820913539171464,2.6485891708808924,1.1402844890679469
86.0,56.0,1234.5157470703125,-3.404835471726629,1.644860796005267,1.6710850675833802,2.0775107105151136,0.6271471781703988,-1.407802077628033,-1.0944071884139497,2.082091345408653,2.6484238623339422,1.1394321210744092
86.0,56.0,1234.5333251953125,-3.401464727798611,1.6446477564685913,1.6709397650199034,2.077514415998322,0.6271471781703988,-1.4077599902888531,-1.0944071884139497,2.082091346645474,2.6485891662150447,1.1394321210744092
86.0,56.0,1234.5340576171875,-3.401464727798611,1.6446446586863284,1.6710997884884633,2.0775107105151136,0.6271471781703988,-1.4077599902888531,-1.0944071884139497,2.082091345408653,2.6484238623339422,1.1394321210744092
86.0,56.0,1234.5567626953125,-3.401464727798611,1.6444506397962175,1.6270819986512528,2.0783563852970093,0.7002350392044745,-1.3987899177678973,-1.0978354534323769,2.0820913463321067,2.6485891708808924,1.1402866979633637
86.0,56.0,1234.5794677734375,-3.401448668746992,1.5796150969028455,1.627294203686519,2.034374960589282,0.7013349920540143,-1.4001375703681127,-1.0944071884139497,2.082091346640964,2.6485891665404075,1.1403325490294656
86.0,56.0,1234.5833740234375,-3.4010084801457507,1.5794352585600062,1.6272030204772403,2.035090723281184,0.7013349920540143,-1.4001220224606057,-1.0944071884139497,2.082091346640964,2.6485891665404075,1.1403323053901435
86.0,56.0,1234.5833740234375,-3.4010084801457507,1.5794352585600062,1.6272030204772403,2.035090723281184,0.7013349920540143,-1.4001220224606057,-1.0944071884139497,2.082091346640964,2.6485891665404075,1.1403323053901435
86.0,56.0,1234.588623046875,-3.401448668746992,1.5794352585600062,1.6270816458167336,2.034374960589282,0.7013349920540143,-1.4001220224606057,-1.0944071884139497,2.082091346640964,2.6485891665404075,1.140334867436576
86.0,57.0,1232.978759765625,-3.401553177240213,1.6523941570704497,1.6726047253986358,2.032551087434566,0.6258366366441919,-1.3983312166315092,-1.096868328792425,2.0820913463062745,2.6485891825573047,1.1402999363825383
86.0,57.0,1233.82373046875,-3.401744486708861,1.6446701923770264,1.670686983625737,2.030979039923809,0.6998842027182397,-1.407110871176875,-1.0969208464344138,2.082091345266288,2.6485891618228163,1.1403531090863883
86.0,57.0,1233.8494873046875,-3.4014913346497253,1.644886329695965,1.6706722627206538,2.03172080885975,0.7013405436112465,-1.407112281492385,-1.0943450024646288,2.082091345266288,2.6485891618228163,1.1403531090863883
86.0,57.0,1233.856689453125,-3.4041392066151857,1.6444909276371398,1.6726047253986358,2.028648592653109,0.7002165647717952,-1.4074925768474855,-1.0945525118534098,2.0820913463150994,2.6485890563755885,1.140300759563066
86.0,57.0,1233.878662109375,-3.4041392066151857,1.6448177392649914,1.672559712384276,2.0285904890417723,0.6998434705397114,-1.407513066601095,-1.097927844241428,2.082090718534784,2.6485890535204657,1.1403078523744357
86.0,57.0,1233.882568359375,-3.4041392066151857,1.6444909276371398,1.6726047253986358,2.0286576332051487,0.7002165647717952,-1.4074925768474855,-1.0979285766387157,2.0820913463150994,2.6485890563755885,1.140300759563066
86.0,57.0,1233.8839111328125,-3.400939644071719,1.644886329695965,1.67067086732574,2.032380585368625,0.6999125965509301,-1.407921465517662,-1.0969208464344138,2.082091346700388,2.6485891618519624,1.1403010570394476
86.0,57.0,1233.9017333984375,-3.405115230636879,1.644886329695965,1.6706722627206538,2.030979039923809,0.6998842027182397,-1.407152958516055,-1.0969208464344138,2.082091345266288,2.6485891618228163,1.1403531090863883
86.0,57.0,1233.909912109375,-3.405115230636879,1.644886329695965,1.6706722627206538,2.0309722125431886,0.6998793139935345,-1.407152958516055,-1.0979453413206266,2.082091345266288,2.6485891618228163,1.1403079080244836
86.0,57.0,1233.91357421875,-3.404153867454068,1.6442612184016576,1.6726047253986358,2.032425034312319,0.699780895273829,-1.4079016660946155,-1.0979277710929405,2.0820913466819,2.6485890564707173,1.1403004916206605
86.0,57.0,1233.913818359375,-3.405115230636879,1.644886329695965,1.6706722627206538,2.0324241316471463,0.6998793396302496,-1.407152958516055,-1.0979453413206266,2.082091345266288,2.6485891618228163,1.1403079080244836
86.0,57.0,1233.9189453125,-3.4052209101002626,1.6450993239883054,1.6706722627206538,2.032532648882728,0.6998793139935345,-1.407156130395153,-1.097869769114938,2.082091345262665,2.6485891618228163,1.140305434321544
86.0,57.0,1233.923583984375,-3.4051254496985583,1.6457646619416793,1.6733379168055722,2.0323645202391423,0.7013872374038763,-1.4074641363296294,-1.094411086715134,2.0820913451868472,2.648589166410369,1.1403316602475442
86.0,57.0,1233.935546875,-3.4041392066151857,1.6448177392649914,1.670678348359444,2.023224854072077,0.699868373807823,-1.4078769194408955,-1.097927844241428,2.082090718534784,2.6485890535204657,1.1403078523744357
86.0,57.0,1233.9417724609375,-3.4051254496985583,1.6457646619416793,1.6733379168055722,2.0323645202391423,0.7013872374038763,-1.4074641363296294,-1.0968550662376366,2.0820913451868472,2.648589161822257,1.1403066426932096
86.0,57.0,1233.9473876953125,-3.4041761143336973,1.6449319052485416,1.6707226551430967,2.0287881939456964,0.7002214278597851,-1.407904749484315,-1.0969040817525029,2.082091345262166,2.648589056371745,1.140345960624971
86.0,57.0,1234.031982421875,-3.4014439033334067,1.6524575282425538,1.6726047253986358,2.032425034312319,0.7013661957332038,-1.407904749484315,-1.0979285766387157,2.0820913466819,2.6485890564707173,1.140300759563066
86.0,57.0,1234.0384521484375,-3.4014439033334067,1.6524575282425538,1.6704901321370675,2.032425034312319,0.7013661957332038,-1.407802091996076,-1.0940568880627712,2.0820913466684514,2.6485890564707173,1.140291952654825
86.0,57.0,1234.038818359375,-3.4041392066151857,1.6523941570704497,1.6726047253986358,2.0309799425889823,0.7002214278597851,-1.407904749484315,-1.0969040817525029,2.082091346331447,2.648589056371745,1.140345960624971
86.0,57.0,1234.040283203125,-3.4041392066151857,1.6523941570704497,1.6726047253986358,2.032551087434566,0.7002166833929271,-1.407904749484315,-1.096868328792425,2.082091346331447,2.648589056371745,1.1403002956703212
86.0,57.0,1234.0435791015625,-3.403809546724041,1.577675228878449,1.6400688975143367,2.0231933223674528,0.7034925886737862,-1.398629037197512,-1.0944071884139497,2.082121091028948,2.6485891665404075,1.140332207482402
86.0,57.0,1234.045654296875,-3.401464727798611,1.644764385186945,1.6269760112813718,2.078657407859183,0.6286506433474178,-1.3986184479149186,-1.0944071884139497,2.082091346645474,2.648589161731544,1.139495671668465
86.0,57.0,1234.04638671875,-3.4041392066151857,1.6523941570704497,1.6726047253986358,2.0308538894667354,0.7002213092386531,-1.407904749484315,-1.0979643295987938,2.082091346331447,2.648589056371745,1.140346424517716
86.0,57.0,1234.046630859375,-3.4041392066151857,1.6523941570704497,1.6726047253986358,2.0308538894667354,0.7002163265169017,-1.407904749484315,-1.0979651303310705,2.082091346331447,2.648589056371745,1.1403004742842684
86.0,57.0,1234.0477294921875,-3.4041392066151857,1.6523941570704497,1.6726047253986358,2.032425034312319,0.7002165647717952,-1.407904749484315,-1.0979285766387157,2.082091346331447,2.648589056371745,1.140300759563066
86.0,57.0,1234.0477294921875,-3.4041392066151857,1.6523941570704497,1.6726047253986358,2.032425034312319,0.7002165647717952,-1.407904749484315,-1.0979285766387157,2.082091346331447,2.648589056371745,1.140300759563066
86.0,57.0,1234.0479736328125,-3.404137166535908,1.6523941570704497,1.6726047253986358,2.032425034312319,0.7001776975787928,-1.407904749484315,-1.0981287775969637,2.082091102748492,2.648589056371745,1.1403005290631516
86.0,57.0,1234.05615234375,-3.4037259774030817,1.6524575282425538,1.6704901321370675,2.023181334460549,0.7013315513281577,-1.4073573081202568,-1.0940568880627712,2.08209071514724,2.6485890564707173,1.1402903204199637
86.0,57.0,1234.06298828125,-3.401464727798611,1.644758819466232,1.6270819986512528,2.0774184597578773,0.6269170513932817,-1.3987899177678973,-1.0944071884139497,2.082091346645296,2.6485891665404075,1.1402866979633637
86.0,57.0,1234.06298828125,-3.401464727798611,1.644758819466232,1.6270819986512528,2.0774184597578773,0.6269170513932817,-1.3987899177678973,-1.0944071884139497,2.082091346645296,2.6485891665404075,1.1402866979633637
86.0,57.0,1234.0643310546875,-3.401690782186726,1.6559185532703384,1.670686983625737,2.030613659875664,0.7013386147387437,-1.407110871176875,-1.0947459351659312,2.082122370897009,2.648589166472388,1.1403531090863883
86.0,57.0,1234.080078125,-3.401970291330864,1.577675228878449,1.6408108369710552,2.023219351337664,0.6996054361490189,-1.4001311995644634,-1.0944071884139497,2.0821220738955253,2.6485891665404075,1.140332207482402
86.0,57.0,1234.080810546875,-3.401970291330864,1.577675228878449,1.6408108369710552,2.023219351337664,0.6996054361490189,-1.4001381858722406,-1.0944071884139497,2.0821224968598697,2.6485891665404075,1.140332207482402
86.0,57.0,1234.08154296875,-3.4014292424945247,1.6530140491058871,1.670678348359444,2.023224854072077,0.7014536742671978,-1.4078800028305951,-1.0979286497872032,2.082090718534784,2.6485890535204657,1.1403081203168413
86.0,57.0,1234.083984375,-3.401690868846316,1.577675228878449,1.6408108369710552,2.0231933223674528,0.7013354367483247,-1.4001381858722406,-1.0944071884139497,2.0821224968598697,2.6485891665404075,1.140332207482402
86.0,57.0,1234.114013671875,-3.4041392066151857,1.6523941570704497,1.6712953091907563,2.023224854072077,0.7013884456177129,-1.407904749484315,-1.0979285766387157,2.082090718534784,2.648589056371745,1.1403009227881795
86.0,57.0,1234.1295166015625,-3.401464727798611,1.576127275557211,1.6399787148334226,2.022769782150821,0.7013494309155108,-1.4001312067212488,-1.0944071884139497,2.0820904160812312,2.648589166507432,1.140339311470197
86.0,57.0,1234.1302490234375,-3.401464727798611,1.576127275557211,1.6399787148334226,2.022769782150821,0.7013494309155108,-1.400138193029026,-1.0944071884139497,2.082090839045576,2.648589166507432,1.140339311470197
86.0,57.0,1234.149658203125,-3.4038046010800835,1.6495115530496944,1.6405592223923513,2.0231933223674528,0.6997884509270156,-1.3982457628815443,-1.0945678237232177,2.0821229614131616,2.64858916651453,1.1403321696524844
86.0,57.0,1234.1529541015625,-3.403811586803319,1.577675228878449,1.6408311438589398,2.0231933223674528,0.7013738592470167,-1.400131205565032,-1.094206987455702,2.0821234244302853,2.6485891665404075,1.1403324379823168
86.0,57.0,1234.1544189453125,-3.403809546724041,1.577675228878449,1.6408311438589398,2.0231933223674528,0.7013349920540143,-1.400131205565032,-1.0944071884139497,2.08212318084733,2.6485891665404075,1.140332207482402
86.0,57.0,1234.1544189453125,-3.403809546724041,1.577675228878449,1.6408311438589398,2.0231933223674528,0.7013349920540143,-1.400131205565032,-1.0944071884139497,2.08212318084733,2.6485891665404075,1.140332207482402
86.0,57.0,1234.1551513671875,-3.403809546724041,1.577675228878449,1.6408311438589398,2.0231933223674528,0.7013349920540143,-1.4001381858722406,-1.0944071884139497,2.08212318084733,2.6485891665404075,1.140332207482402
86.0,57.0,1234.1551513671875,-3.403809546724041,1.577675228878449,1.6408311438589398,2.0231933223674528,0.7013349920540143,-1.4001381858722406,-1.0944071884139497,2.08212318084733,2.6485891665404075,1.140332207482402
86.0,57.0,1234.1551513671875,-3.403809546724041,1.577675228878449,1.6408311438589398,2.0231933223674528,0.7013349920540143,-1.4001381858722406,-1.0944071884139497,2.08212318084733,2.6485891665404075,1.140332207482402
86.0,57.0,1234.1551513671875,-3.403809546724041,1.577675228878449,1.6408311438589398,2.0231933223674528,0.7013349920540143,-1.4001381858722406,-1.0944071884139497,2.08212318084733,2.6485891665404075,1.140332207482402
86.0,57.0,1234.1551513671875,-3.403809546724041,1.577675228878449,1.6408311438589398,2.0231933223674528,0.7013349920540143,-1.4001381858722406,-1.0944071884139497,2.08212318084733,2.6485891665404075,1.140332207482402
86.0,57.0,1234.1551513671875,-3.403809546724041,1.577675228878449,1.6408311438589398,2.0231933223674528,0.7013349920540143,-1.4001381858722406,-1.0944071884139497,2.08212318084733,2.6485891665404075,1.140332207482402
86.0,57.0,1234.166015625,-3.401464727798611,1.644764385186945,1.627738257625975,2.078657407859183,0.6264930467276459,-1.4001275965896471,-1.0944071884139497,2.0820934364638566,2.648589161731544,1.139495671668465
86.0,57.0,1234.1661376953125,-3.4038820462919053,1.644764385186945,1.627738257625975,2.078657407859183,0.6261815022805829,-1.4001275965896471,-1.0944071884139497,2.0820934364638566,2.64858916659296,1.139495671668465
86.0,58.0,1232.978759765625,-3.401553177240213,1.6523941570704497,1.6726047253986358,2.032551087434566,0.6258366366441919,-1.3983312166315092,-1.096868328792425,2.0820913463062745,2.6485891825573047,1.1402999363825383
86.0,58.0,1233.34033203125,-3.401599640363221,1.6523941570704497,1.67268982813088,2.032551087434566,0.6993462955352431,-1.3984739152083083,-1.09686795412778,2.082091346349043,2.6485891825573047,1.1402999363825383
86.0,58.0,1233.418701171875,-3.400722431271334,1.6481495567569115,1.67067086732574,2.032380585368625,0.701326616659354,-1.4000856778091202,-1.0944410285634978,2.082091346700388,2.6485891618519624,1.1403316516791069
86.0,58.0,1233.77880859375,-3.4018066990294664,1.6446688777589296,1.6726084862075112,2.031167329607252,0.6998842027182397,-1.407110871176875,-1.094599522001851,2.082091346241339,2.6485891618228163,1.1403531090863883
86.0,58.0,1233.7974853515625,-3.401738830529863,1.6446701923770264,1.672482181672525,2.030979039923809,0.6998842027182397,-1.4071550887770743,-1.096902897485325,2.082091345266288,2.6485891633957985,1.1403534996790163
86.0,58.0,1233.82373046875,-3.401744486708861,1.6446701923770264,1.670686983625737,2.030979039923809,0.6998842027182397,-1.407110871176875,-1.0969208464344138,2.082091345266288,2.6485891618228163,1.1403531090863883
86.0,58.0,1233.827880859375,-3.401227558053341,1.644886329695965,1.6706723657839806,2.0309722125431886,0.6998793139935345,-1.407152958516055,-1.0979453413206266,2.082091345266288,2.6485891618228163,1.140308121433195
86.0,58.0,1233.8494873046875,-3.4014913346497253,1.644886329695965,1.6706722627206538,2.03172080885975,0.7013405436112465,-1.407112281492385,-1.0943450024646288,2.082091345266288,2.6485891618228163,1.1403531090863883
86.0,58.0,1233.856689453125,-3.4041392066151857,1.6444909276371398,1.6726047253986358,2.028648592653109,0.7002165647717952,-1.4074925768474855,-1.0945525118534098,2.0820913463150994,2.6485890563755885,1.140300759563066
86.0,58.0,1233.878662109375,-3.4041392066151857,1.6448177392649914,1.672559712384276,2.0285904890417723,0.6998434705397114,-1.407513066601095,-1.097927844241428,2.082090718534784,2.6485890535204657,1.1403078523744357
86.0,58.0,1233.882568359375,-3.4041392066151857,1.6444909276371398,1.6726047253986358,2.0286576332051487,0.7002165647717952,-1.4074925768474855,-1.0979285766387157,2.0820913463150994,2.6485890563755885,1.140300759563066
86.0,58.0,1233.8839111328125,-3.400939644071719,1.644886329695965,1.67067086732574,2.032380585368625,0.6999125965509301,-1.407921465517662,-1.0969208464344138,2.082091346700388,2.6485891618519624,1.1403010570394476
86.0,58.0,1233.885986328125,-3.4052209101002626,1.6451266033592775,1.6726583046894368,2.032534095230913,0.6998791556825688,-1.407156130395153,-1.097869769114938,2.082091346647021,2.6485891618228163,1.140305434321544
86.0,58.0,1233.9017333984375,-3.405115230636879,1.644886329695965,1.6706722627206538,2.030979039923809,0.6998842027182397,-1.407152958516055,-1.0969208464344138,2.082091345266288,2.6485891618228163,1.1403531090863883
86.0,58.0,1233.905517578125,-3.404144862794184,1.6448177392649914,1.6707645143374878,2.0285904890417723,0.6998434705397114,-1.4074688490008955,-1.0979457931905168,2.082090718534784,2.648589051947483,1.1403074617818076
86.0,58.0,1233.909912109375,-3.405115230636879,1.644886329695965,1.6706722627206538,2.0309722125431886,0.6998793139935345,-1.407152958516055,-1.0979453413206266,2.082091345266288,2.6485891618228163,1.1403079080244836
86.0,58.0,1233.91357421875,-3.404153867454068,1.6442612184016576,1.6726047253986358,2.032425034312319,0.699780895273829,-1.4079016660946155,-1.0979277710929405,2.0820913466819,2.6485890564707173,1.1403004916206605
86.0,58.0,1233.913818359375,-3.405115230636879,1.644886329695965,1.6706722627206538,2.0324241316471463,0.6998793396302496,-1.407152958516055,-1.0979453413206266,2.082091345266288,2.6485891618228163,1.1403079080244836
86.0,58.0,1233.913818359375,-3.405115230636879,1.644886329695965,1.6706722627206538,2.0324241316471463,0.6998793396302496,-1.407152958516055,-1.0979453413206266,2.082091345266288,2.6485891618228163,1.1403079080244836
86.0,58.0,1233.9189453125,-3.4052209101002626,1.6450993239883054,1.6706722627206538,2.032532648882728,0.6998793139935345,-1.407156130395153,-1.097869769114938,2.082091345262665,2.6485891618228163,1.140305434321544
86.0,58.0,1233.923583984375,-3.4051254496985583,1.6457646619416793,1.6733379168055722,2.0323645202391423,0.7013872374038763,-1.4074641363296294,-1.094411086715134,2.0820913451868472,2.648589166410369,1.1403316602475442
86.0,58.0,1233.935546875,-3.4041392066151857,1.6448177392649914,1.670678348359444,2.023224854072077,0.699868373807823,-1.4078769194408955,-1.097927844241428,2.082090718534784,2.6485890535204657,1.1403078523744357
86.0,58.0,1233.9383544921875,-3.403812253155713,1.647276365650736,1.6712583429692915,2.0284921427224902,0.7002165647717952,-1.4074925768474855,-1.0979285766387157,2.082118861978384,2.648589169893132,1.140300759563066
86.0,58.0,1233.9417724609375,-3.4051254496985583,1.6457646619416793,1.6733379168055722,2.0323645202391423,0.7013872374038763,-1.4074641363296294,-1.0968550662376366,2.0820913451868472,2.648589161822257,1.1403066426932096
86.0,58.0,1233.9473876953125,-3.4041761143336973,1.6449319052485416,1.6707226551430967,2.0287881939456964,0.7002214278597851,-1.407904749484315,-1.0969040817525029,2.082091345262166,2.648589056371745,1.140345960624971
86.0,58.0,1233.9647216796875,-3.4048273166552567,1.644886329695965,1.6706707642624132,2.032380585368625,0.6999125965509301,-1.407921465517662,-1.0969208464344138,2.082091346700388,2.6485891618519624,1.140300843630736
86.0,58.0,1234.025390625,-3.4014439033334067,1.652394710732692,1.6712869721125023,2.023838751842607,0.7013661957332038,-1.407802091996076,-1.0940568880627712,2.0820913466684514,2.6485890564638783,1.140291952654825
86.0,58.0,1234.031982421875,-3.4014439033334067,1.6524575282425538,1.6726047253986358,2.032425034312319,0.7013661957332038,-1.407904749484315,-1.0979285766387157,2.0820913466819,2.6485890564707173,1.140300759563066
86.0,58.0,1234.0384521484375,-3.4014439033334067,1.6524575282425538,1.6704901321370675,2.032425034312319,0.7013661957332038,-1.407802091996076,-1.0940568880627712,2.0820913466684514,2.6485890564707173,1.140291952654825
86.0,58.0,1234.038818359375,-3.4041392066151857,1.6523941570704497,1.6726047253986358,2.0309799425889823,0.7002214278597851,-1.407904749484315,-1.0969040817525029,2.082091346331447,2.648589056371745,1.140345960624971
86.0,58.0,1234.0400390625,-3.4041392066151857,1.6523941570704497,1.6726047253986358,2.032551087434566,0.7002212187533191,-1.407904749484315,-1.096868328792425,2.082091346331447,2.648589056371745,1.1403471637917055
86.0,58.0,1234.040283203125,-3.4041392066151857,1.6523941570704497,1.6726047253986358,2.032551087434566,0.7002166833929271,-1.407904749484315,-1.096868328792425,2.082091346331447,2.648589056371745,1.1403002956703212
86.0,58.0,1234.040283203125,-3.4041392066151857,1.6523941570704497,1.6726047253986358,2.032551087434566,0.7002166833929271,-1.407904749484315,-1.096868328792425,2.082091346331447,2.648589056371745,1.1403002956703212
86.0,58.0,1234.0435791015625,-3.403809546724041,1.577675228878449,1.6400688975143367,2.0231933223674528,0.7034925886737862,-1.398629037197512,-1.0944071884139497,2.082121091028948,2.6485891665404075,1.140332207482402
86.0,58.0,1234.045654296875,-3.401464727798611,1.644764385186945,1.6269760112813718,2.078657407859183,0.6286506433474178,-1.3986184479149186,-1.0944071884139497,2.082091346645474,2.648589161731544,1.139495671668465
86.0,58.0,1234.04638671875,-3.4041392066151857,1.6523941570704497,1.6726047253986358,2.0308538894667354,0.7002213092386531,-1.407904749484315,-1.0979643295987938,2.082091346331447,2.648589056371745,1.140346424517716
86.0,58.0,1234.04638671875,-3.4041392066151857,1.6523941570704497,1.6726047253986358,2.0308538894667354,0.7002213092386531,-1.407904749484315,-1.0979643295987938,2.082091346331447,2.648589056371745,1.140346424517716
86.0,58.0,1234.046630859375,-3.4041392066151857,1.6523941570704497,1.6726047253986358,2.0308538894667354,0.7002163265169017,-1.407904749484315,-1.0979651303310705,2.082091346331447,2.648589056371745,1.1403004742842684
86.0,58.0,1234.0477294921875,-3.4041392066151857,1.6523941570704497,1.6726047253986358,2.032425034312319,0.7002165647717952,-1.407904749484315,-1.0979285766387157,2.082091346331447,2.648589056371745,1.140300759563066
86.0,58.0,1234.0477294921875,-3.4041392066151857,1.6523941570704497,1.6726047253986358,2.032425034312319,0.7002165647717952,-1.407904749484315,-1.0979285766387157,2.082091346331447,2.648589056371745,1.140300759563066
86.0,58.0,1234.0477294921875,-3.4041392066151857,1.6523941570704497,1.6726047253986358,2.032425034312319,0.7002165647717952,-1.407904749484315,-1.0979285766387157,2.082091346331447,2.648589056371745,1.140300759563066
86.0,58.0,1234.0479736328125,-3.404137166535908,1.6523941570704497,1.6726047253986358,2.032425034312319,0.7001776975787928,-1.407904749484315,-1.0981287775969637,2.082091102748492,2.648589056371745,1.1403005290631516
86.0,58.0,1234.05615234375,-3.4037259774030817,1.6524575282425538,1.6704901321370675,2.023181334460549,0.7013315513281577,-1.4073573081202568,-1.0940568880627712,2.08209071514724,2.6485890564707173,1.1402903204199637
86.0,58.0,1234.06298828125,-3.401464727798611,1.644758819466232,1.6270819986512528,2.0774184597578773,0.6269170513932817,-1.3987899177678973,-1.0944071884139497,2.082091346645296,2.6485891665404075,1.1402866979633637
86.0,58.0,1234.06298828125,-3.401464727798611,1.644758819466232,1.6270819986512528,2.0774184597578773,0.6269170513932817,-1.3987899177678973,-1.0944071884139497,2.082091346645296,2.6485891665404075,1.1402866979633637
86.0,58.0,1234.063720703125,-3.4014439033334067,1.6524575282425538,1.6707216789903698,2.0310875250504927,0.7013661957332038,-1.40791832388815,-1.0979285766387157,2.082091345261591,2.64858905858409,1.140300759563066
86.0,58.0,1234.0643310546875,-3.401690782186726,1.6559185532703384,1.670686983625737,2.030613659875664,0.7013386147387437,-1.407110871176875,-1.0947459351659312,2.082122370897009,2.648589166472388,1.1403531090863883
86.0,58.0,1234.080078125,-3.401970291330864,1.577675228878449,1.6408108369710552,2.023219351337664,0.6996054361490189,-1.4001311995644634,-1.0944071884139497,2.0821220738955253,2.6485891665404075,1.140332207482402
86.0,58.0,1234.080810546875,-3.401970291330864,1.577675228878449,1.6408108369710552,2.023219351337664,0.6996054361490189,-1.4001381858722406,-1.0944071884139497,2.0821224968598697,2.6485891665404075,1.140332207482402
86.0,58.0,1234.08154296875,-3.4014292424945247,1.6530140491058871,1.670678348359444,2.023224854072077,0.7014536742671978,-1.4078800028305951,-1.0979286497872032,2.082090718534784,2.6485890535204657,1.1403081203168413
86.0,59.0,1232.978759765625,-3.401553177240213,1.6523941570704497,1.6726047253986358,2.032551087434566,0.6258366366441919,-1.3983312166315092,-1.096868328792425,2.0820913463062745,2.6485891825573047,1.1402999363825383
86.0,59.0,1233.2957763671875,-3.4017642141767697,1.6523941570704497,1.67268982813088,2.0309783166781954,0.6993462955352431,-1.3975234189534314,-1.09686795412778,2.0820913453922825,2.6485891825573047,1.1402999363825383
86.0,59.0,1233.34033203125,-3.401599640363221,1.6523941570704497,1.67268982813088,2.032551087434566,0.6993462955352431,-1.3984739152083083,-1.09686795412778,2.082091346349043,2.6485891825573047,1.1402999363825383
86.0,59.0,1233.3419189453125,-3.401599640363221,1.6523941570704497,1.6726059323776492,2.032551087434566,0.6993462955352431,-1.3984739152083083,-1.09686795412778,2.082091346349043,2.6485891825573047,1.1402999386734871
86.0,59.0,1233.418701171875,-3.400722431271334,1.6481495567569115,1.67067086732574,2.032380585368625,0.701326616659354,-1.4000856778091202,-1.0944410285634978,2.082091346700388,2.6485891618519624,1.1403316516791069
86.0,59.0,1233.418701171875,-3.400722431271334,1.6481495567569115,1.67067086732574,2.032380585368625,0.701326616659354,-1.4000856778091202,-1.0944410285634978,2.082091346700388,2.6485891618519624,1.1403316516791069
86.0,59.0,1233.5445556640625,-3.401464727798611,1.6446683360648482,1.6270819986512528,2.0313656670263964,0.6253858090775612,-1.3987899177678973,-1.0944071884139497,2.082091346259834,2.6485891665404075,1.1402872273086069
86.0,59.0,1233.77880859375,-3.4018066990294664,1.6446688777589296,1.6726084862075112,2.031167329607252,0.6998842027182397,-1.407110871176875,-1.094599522001851,2.082091346241339,2.6485891618228163,1.1403531090863883
86.0,59.0,1233.7974853515625,-3.401738830529863,1.6446701923770264,1.672482181672525,2.030979039923809,0.6998842027182397,-1.4071550887770743,-1.096902897485325,2.082091345266288,2.6485891633957985,1.1403534996790163
86.0,59.0,1233.82373046875,-3.401744486708861,1.6446701923770264,1.670686983625737,2.030979039923809,0.6998842027182397,-1.407110871176875,-1.0969208464344138,2.082091345266288,2.6485891618228163,1.1403531090863883
86.0,59.0,1233.827880859375,-3.401227558053341,1.644886329695965,1.6706723657839806,2.0309722125431886,0.6998793139935345,-1.407152958516055,-1.0979453413206266,2.082091345266288,2.6485891618228163,1.140308121433195
86.0,59.0,1233.827880859375,-3.401227558053341,1.644886329695965,1.6706722643876732,2.030994343226914,0.6998793139935345,-1.407152958516055,-1.0979453413206266,2.082091345266288,2.6485891618228163,1.140308121433195
86.0,59.0,1233.8494873046875,-3.4014913346497253,1.644886329695965,1.6706722627206538,2.03172080885975,0.7013405436112465,-1.407112281492385,-1.0943450024646288,2.082091345266288,2.6485891618228163,1.1403531090863883
86.0,59.0,1233.855224609375,-3.4041392066151857,1.6444909276371398,1.6726886211518663,2.028648592653109,0.7002165647717952,-1.4074925768474855,-1.0945525118534098,2.0820913463150994,2.6485890563755885,1.140300757272117
86.0,59.0,1233.856689453125,-3.4041392066151857,1.6444909276371398,1.6726047253986358,2.028648592653109,0.7002165647717952,-1.4074925768474855,-1.0945525118534098,2.0820913463150994,2.6485890563755885,1.140300759563066
86.0,59.0,1233.878662109375,-3.4041392066151857,1.6448177392649914,1.672559712384276,2.0285904890417723,0.6998434705397114,-1.407513066601095,-1.097927844241428,2.082090718534784,2.6485890535204657,1.1403078523744357
86.0,59.0,1233.8822021484375,-3.404126057439549,1.6444909276371398,1.6726047253986358,2.0286372103483394,0.7002165647717952,-1.4074925768474855,-1.0979285766387157,2.0820913463150994,2.648589056388703,1.1402999818016315
86.0,59.0,1233.882568359375,-3.4041392066151857,1.6444909276371398,1.6726047253986358,2.0286576332051487,0.7002165647717952,-1.4074925768474855,-1.0979285766387157,2.0820913463150994,2.6485890563755885,1.140300759563066
86.0,59.0,1233.8839111328125,-3.400939644071719,1.644886329695965,1.67067086732574,2.032380585368625,0.6999125965509301,-1.407921465517662,-1.0969208464344138,2.082091346700388,2.6485891618519624,1.1403010570394476
86.0,59.0,1233.885986328125,-3.4052209101002626,1.6451266033592775,1.6726583046894368,2.032534095230913,0.6998791556825688,-1.407156130395153,-1.097869769114938,2.082091346647021,2.6485891618228163,1.140305434321544
86.0,59.0,1233.885986328125,-3.4052209101002626,1.6451266033592775,1.6726583046894368,2.032534095230913,0.6998791556825688,-1.407156130395153,-1.097869769114938,2.082091346647021,2.6485891618228163,1.140305434321544
86.0,59.0,1233.899169921875,-3.4048360063406924,1.644886329695965,1.6706722797755242,2.0324241316471463,0.6998793396302496,-1.407152958516055,-1.0968665539145626,2.0820913466404583,2.6485891618228163,1.1403079080244836
86.0,59.0,1233.9017333984375,-3.405115230636879,1.644886329695965,1.6706722627206538,2.030979039923809,0.6998842027182397,-1.407152958516055,-1.0969208464344138,2.082091345266288,2.6485891618228163,1.1403531090863883
86.0,59.0,1233.9044189453125,-3.401579912895312,1.6446701923770264,1.670686983625737,2.032551810680179,0.6998842027182397,-1.408061367431752,-1.0969208464344138,2.082091346223048,2.6485891618228163,1.1403531090863883
86.0,59.0,1233.905517578125,-3.404144862794184,1.6448177392649914,1.6707645143374878,2.0285904890417723,0.6998434705397114,-1.4074688490008955,-1.0979457931905168,2.082090718534784,2.648589051947483,1.1403074617818076
86.0,59.0,1233.909912109375,-3.405115230636879,1.644886329695965,1.6706722627206538,2.0309722125431886,0.6998793139935345,-1.407152958516055,-1.0979453413206266,2.082091345266288,2.6485891618228163,1.1403079080244836
86.0,59.0,1233.912353515625,-3.4041545858380524,1.6438562280087787,1.6726047253986358,2.032546763652668,0.7002166833929271,-1.407904749484315,-1.096868328792425,2.082091346690948,2.648589056371745,1.140300310703054
86.0,59.0,1233.91357421875,-3.404153867454068,1.6442612184016576,1.6726047253986358,2.032425034312319,0.699780895273829,-1.4079016660946155,-1.0979277710929405,2.0820913466819,2.6485890564707173,1.1403004916206605
86.0,59.0,1233.913818359375,-3.405115230636879,1.644886329695965,1.6706722627206538,2.0324241316471463,0.6998793396302496,-1.407152958516055,-1.0979453413206266,2.082091345266288,2.6485891618228163,1.1403079080244836
86.0,59.0,1233.913818359375,-3.405115230636879,1.644886329695965,1.6706722627206538,2.0324241316471463,0.6998793396302496,-1.407152958516055,-1.0979453413206266,2.082091345266288,2.6485891618228163,1.1403079080244836
86.0,59.0,1233.9141845703125,-3.4041392066151857,1.6444909276371398,1.6726783206644902,2.028662993287481,0.7002215120651043,-1.4078831380114298,-1.0979285766387157,2.0820913465018425,2.6485890563755885,1.140345443223977
86.0,59.0,1233.91650390625,-3.405012029501763,1.6456148714395544,1.6726047253986358,2.032551087434566,0.700214306471427,-1.4074701134938583,-1.096868328792425,2.082091346331447,2.6485890562457066,1.1403002956703212
86.0,59.0,1233.9189453125,-3.4052209101002626,1.6450993239883054,1.6706722627206538,2.032532648882728,0.6998793139935345,-1.407156130395153,-1.097869769114938,2.082091345262665,2.6485891618228163,1.140305434321544
86.0,59.0,1233.923583984375,-3.4051254496985583,1.6457646619416793,1.6733379168055722,2.0323645202391423,0.7013872374038763,-1.4074641363296294,-1.094411086715134,2.0820913451868472,2.648589166410369,1.1403316602475442
86.0,59.0,1233.9326171875,-3.4041392066151857,1.6451573745485002,1.6726047253986358,2.030968278182257,0.7002213092386531,-1.407904749484315,-1.097996146717773,2.082091346331447,2.648589056371745,1.140346424517716
86.0,59.0,1233.935546875,-3.4041392066151857,1.6448177392649914,1.670678348359444,2.023224854072077,0.699868373807823,-1.4078769194408955,-1.097927844241428,2.082090718534784,2.6485890535204657,1.1403078523744357
86.0,59.0,1233.9383544921875,-3.403812253155713,1.647276365650736,1.6712583429692915,2.0284921427224902,0.7002165647717952,-1.4074925768474855,-1.0979285766387157,2.082118861978384,2.648589169893132,1.140300759563066
86.0,59.0,1233.9417724609375,-3.4051254496985583,1.6457646619416793,1.6733379168055722,2.0323645202391423,0.7013872374038763,-1.4074641363296294,-1.0968550662376366,2.0820913451868472,2.648589161822257,1.1403066426932096
86.0,59.0,1233.9473876953125,-3.4041761143336973,1.6449319052485416,1.6707226551430967,2.0287881939456964,0.7002214278597851,-1.407904749484315,-1.0969040817525029,2.082091345262166,2.648589056371745,1.140345960624971
86.0,59.0,1233.9647216796875,-3.4048273166552567,1.644886329695965,1.6706707642624132,2.032380585368625,0.6999125965509301,-1.407921465517662,-1.0969208464344138,2.082091346700388,2.6485891618519624,1.140300843630736
86.0,59.0,1234.014404296875,-3.40293523904992,1.6523941570704497,1.6726047253986358,2.0308538894667354,0.7002163265169017,-1.407904749484315,-1.0968723320484746,2.082091346712536,2.6485891877148893,1.1403004742842684
86.0,59.0,1234.025390625,-3.4014439033334067,1.652394710732692,1.6712869721125023,2.023838751842607,0.7013661957332038,-1.407802091996076,-1.0940568880627712,2.0820913466684514,2.6485890564638783,1.140291952654825
86.0,59.0,1234.031494140625,-3.4051254496985583,1.6521270816982097,1.673296445587985,2.032564550078573,0.7013887441943658,-1.4074641363296294,-1.094411086715134,2.0820913451868472,2.648589166410369,1.140335181309664
86.0,59.0,1234.031982421875,-3.4014439033334067,1.6524575282425538,1.6726047253986358,2.032425034312319,0.7013661957332038,-1.407904749484315,-1.0979285766387157,2.0820913466819,2.6485890564707173,1.140300759563066
86.0,59.0,1234.0384521484375,-3.4014439033334067,1.6524575282425538,1.6704901321370675,2.032425034312319,0.7013661957332038,-1.407802091996076,-1.0940568880627712,2.0820913466684514,2.6485890564707173,1.140291952654825
86.0,59.0,1234.038818359375,-3.4041392066151857,1.6523941570704497,1.6726047253986358,2.0309799425889823,0.7002214278597851,-1.407904749484315,-1.0969040817525029,2.082091346331447,2.648589056371745,1.140345960624971
86.0,59.0,1234.0400390625,-3.4041392066151857,1.6523941570704497,1.6726047253986358,2.032551087434566,0.7002212187533191,-1.407904749484315,-1.096868328792425,2.082091346331447,2.648589056371745,1.1403471637917055
86.0,59.0,1234.0400390625,-3.4041392066151857,1.6523941570704497,1.6726047253986358,2.032551087434566,0.7002208478620062,-1.407904749484315,-1.096868328792425,2.082091346331447,2.648589056371745,1.1403450346395636
86.0,59.0,1234.040283203125,-3.4041392066151857,1.6523941570704497,1.6726047253986358,2.032551087434566,0.7002166833929271,-1.407904749484315,-1.096868328792425,2.082091346331447,2.648589056371745,1.1403002956703212
86.0,59.0,1234.040283203125,-3.4041392066151857,1.6523941570704497,1.6726047253986358,2.032551087434566,0.7002166833929271,-1.407904749484315,-1.096868328792425,2.082091346331447,2.648589056371745,1.1403002956703212
86.0,60.0,1232.978759765625,-3.401553177240213,1.6523941570704497,1.6726047253986358,2.032551087434566,0.6258366366441919,-1.3983312166315092,-1.096868328792425,2.0820913463062745,2.6485891825573047,1.1402999363825383
86.0,60.0,1233.154541015625,-3.4017431364627764,1.644886329695965,1.6706761745526215,2.0324241316471463,0.6993499848159213,-1.3975526020454785,-1.097943111414292,2.0820913452604675,2.6485891618228163,1.140300008313495
86.0,60.0,1233.21142578125,-3.401553177240213,1.6523941570704497,1.6725579644461193,2.032550054630979,0.6950548320094967,-1.3983312166315092,-1.0968517758352618,2.0820913463062745,2.6485891825573047,1.1402999363825383
86.0,60.0,1233.2957763671875,-3.4017642141767697,1.6523941570704497,1.67268982813088,2.0309783166781954,0.6993462955352431,-1.3975234189534314,-1.09686795412778,2.0820913453922825,2.6485891825573047,1.1402999363825383
86.0,60.0,1233.2957763671875,-3.4017642141767697,1.6523941570704497,1.67268982813088,2.0309783166781954,0.6993462955352431,-1.3975234189534314,-1.09686795412778,2.0820913453922825,2.6485891825573047,1.1402999363825383
86.0,60.0,1233.34033203125,-3.401599640363221,1.6523941570704497,1.67268982813088,2.032551087434566,0.6993462955352431,-1.3984739152083083,-1.09686795412778,2.082091346349043,2.6485891825573047,1.1402999363825383
86.0,60.0,1233.3404541015625,-3.401599640363221,1.6523941570704497,1.67268982813088,2.0324841710235315,0.6993462955352431,-1.3984739152083083,-1.09686795412778,2.082091346349043,2.6485891825573047,1.1402999363825383
86.0,60.0,1233.3419189453125,-3.401599640363221,1.6523941570704497,1.6726059323776492,2.032551087434566,0.6993462955352431,-1.3984739152083083,-1.09686795412778,2.082091346349043,2.6485891825573047,1.1402999386734871
86.0,60.0,1233.37451171875,-3.401646847433556,1.6523941570704497,1.6726880641371251,2.032551087434566,0.7001987041939296,-1.398612063761272,-1.09686795412778,2.08209134634912,2.6485891856862915,1.140300746603854
86.0,60.0,1233.418701171875,-3.400722431271334,1.6481495567569115,1.67067086732574,2.032380585368625,0.701326616659354,-1.4000856778091202,-1.0944410285634978,2.082091346700388,2.6485891618519624,1.1403316516791069
86.0,60.0,1233.418701171875,-3.400722431271334,1.6481495567569115,1.67067086732574,2.032380585368625,0.701326616659354,-1.4000856778091202,-1.0944410285634978,2.082091346700388,2.6485891618519624,1.1403316516791069
86.0,60.0,1233.421142578125,-3.4007147835090192,1.648248952229102,1.67067086732574,2.032380585368625,0.7013165173047885,-1.4000856778091202,-1.094365586936589,2.082091346700388,2.6485891618519624,1.1403004306608415
86.0,60.0,1233.4476318359375,-3.4007142735047733,1.6523941570704497,1.67067831713141,2.032551087434566,0.6993462955352431,-1.399964470312985,-1.096918363197104,2.082091346369092,2.6485891621650124,1.1402999386734871
86.0,60.0,1233.482421875,-3.401553177240213,1.6451234926663345,1.628704747243181,2.0313737478684795,0.6253826072668979,-1.398788890653159,-1.096868328792425,2.0820913462602086,2.6485891825573047,1.1402999363825383
86.0,60.0,1233.515869140625,-3.405115230636879,1.648073185299099,1.670670966400602,2.0324241316471463,0.7013157727359233,-1.4004638610411084,-1.0979453413206266,2.0820913467250595,2.648589161822722,1.1403079080244836
86.0,60.0,1233.5445556640625,-3.401464727798611,1.6446683360648482,1.6270819986512528,2.0313656670263964,0.6253858090775612,-1.3987899177678973,-1.0944071884139497,2.082091346259834,2.6485891665404075,1.1402872273086069
86.0,60.0,1233.5789794921875,-3.405115230636879,1.644886329695965,1.6707190236731706,2.0324251644507334,0.6306611442649448,-1.407152958516055,-1.0979618942777898,2.082091345266288,2.6485891618228163,1.1403079080244836
86.0,60.0,1233.77001953125,-3.401227558053341,1.644886099584011,1.6726929543690112,2.031170691082629,0.6998793139935345,-1.4071110172142642,-1.094616191612401,2.082091345266288,2.6485891618228163,1.140308121433195
86.0,60.0,1233.7724609375,-3.400722431271334,1.6449627011537775,1.670672163645792,2.032380585368625,0.6998901835536803,-1.4067747752840667,-1.0944410285634978,2.082091345241616,2.648589161852056,1.1403316516791069
86.0,60.0,1233.77880859375,-3.4018066990294664,1.6446688777589296,1.6726084862075112,2.031167329607252,0.6998842027182397,-1.407110871176875,-1.094599522001851,2.082091346241339,2.6485891618228163,1.1403531090863883
86.0,60.0,1233.7923583984375,-3.401738830529863,1.6446701923770264,1.6725760651361212,2.030979039923809,0.6998842027182397,-1.4071108218050332,-1.096902897485325,2.082091345266288,2.6485891633225283,1.1403534996790163
86.0,60.0,1233.7965087890625,-3.401227558053341,1.644897675019931,1.6725918949994136,2.030911332935133,0.6998793139935345,-1.407152958516055,-1.0979453413206266,2.082091345266288,2.6485891618228163,1.140308121433195
86.0,60.0,1233.7974853515625,-3.401738830529863,1.6446701923770264,1.672482181672525,2.030979039923809,0.6998842027182397,-1.4071550887770743,-1.096902897485325,2.082091345266288,2.6485891633957985,1.1403534996790163
86.0,60.0,1233.8212890625,-3.401252899642285,1.644886329695965,1.6706722643876732,2.0309948444081107,0.699879655184791,-1.407152958516055,-1.0969767039134186,2.082091345266288,2.6485891618228163,1.1403495058849002
86.0,60.0,1233.82373046875,-3.401744486708861,1.6446701923770264,1.670686983625737,2.030979039923809,0.6998842027182397,-1.407110871176875,-1.0969208464344138,2.082091345266288,2.6485891618228163,1.1403531090863883
86.0,60.0,1233.827880859375,-3.401227558053341,1.644886329695965,1.6706723657839806,2.0309722125431886,0.6998793139935345,-1.407152958516055,-1.0979453413206266,2.082091345266288,2.6485891618228163,1.140308121433195
86.0,60.0,1233.827880859375,-3.401227558053341,1.644886329695965,1.6706722643876732,2.030994343226914,0.6998793139935345,-1.407152958516055,-1.0979453413206266,2.082091345266288,2.6485891618228163,1.140308121433195
86.0,60.0,1233.8372802734375,-3.4018066990294664,1.6446691078708835,1.6705878976224804,2.0309688510678114,0.6998842027182397,-1.4071528124786656,-1.0979286717100762,2.082091346241339,2.6485891618228163,1.1403531090863883
86.0,60.0,1233.8494873046875,-3.4014913346497253,1.644886329695965,1.6706722627206538,2.03172080885975,0.7013405436112465,-1.407112281492385,-1.0943450024646288,2.082091345266288,2.6485891618228163,1.1403531090863883
86.0,60.0,1233.855224609375,-3.4041392066151857,1.6444909276371398,1.6726886211518663,2.028648592653109,0.7002165647717952,-1.4074925768474855,-1.0945525118534098,2.0820913463150994,2.6485890563755885,1.140300757272117
86.0,60.0,1233.856689453125,-3.4041392066151857,1.6444909276371398,1.6726047253986358,2.028648592653109,0.7002165647717952,-1.4074925768474855,-1.0945525118534098,2.0820913463150994,2.6485890563755885,1.140300759563066
86.0,60.0,1233.878662109375,-3.4041392066151857,1.6448177392649914,1.672559712384276,2.0285904890417723,0.6998434705397114,-1.407513066601095,-1.097927844241428,2.082090718534784,2.6485890535204657,1.1403078523744357
86.0,60.0,1233.8822021484375,-3.404126057439549,1.6444909276371398,1.6726047253986358,2.0286372103483394,0.7002165647717952,-1.4074925768474855,-1.0979285766387157,2.0820913463150994,2.648589056388703,1.1402999818016315
86.0,60.0,1233.8822021484375,-3.404126057439549,1.6444909276371398,1.6726047253986358,2.0286372103483394,0.7002165647717952,-1.4074925768474855,-1.0979285766387157,2.0820913463150994,2.648589056388703,1.1402999818016315
86.0,60.0,1233.882568359375,-3.4041392066151857,1.6444909276371398,1.6726047253986358,2.0286576332051487,0.7002165647717952,-1.4074925768474855,-1.0979285766387157,2.0820913463150994,2.6485890563755885,1.140300759563066
86.0,60.0,1233.882568359375,-3.4041392066151857,1.6444909276371398,1.6726047253986358,2.0286576332051487,0.7002165647717952,-1.4074925768474855,-1.0979285766387157,2.0820913463150994,2.6485890563755885,1.140300759563066
86.0,60.0,1233.882568359375,-3.4041392066151857,1.6444909276371398,1.6726047253986358,2.0286576332051487,0.7002165647717952,-1.4074925768474855,-1.0979285766387157,2.0820913463150994,2.6485890563755885,1.140300759563066
86.0,60.0,1233.88330078125,-3.4009472918340338,1.6447869342237746,1.67067086732574,2.032380585368625,0.6999226959054955,-1.407921465517662,-1.0969962880613229,2.082091346700388,2.6485891618519624,1.1403322780577128
86.0,60.0,1233.8839111328125,-3.400939644071719,1.644886329695965,1.67067086732574,2.032380585368625,0.6999125965509301,-1.407921465517662,-1.0969208464344138,2.082091346700388,2.6485891618519624,1.1403010570394476
86.0,60.0,1233.885986328125,-3.4052209101002626,1.6451266033592775,1.6726583046894368,2.032534095230913,0.6998791556825688,-1.407156130395153,-1.097869769114938,2.082091346647021,2.6485891618228163,1.140305434321544
86.0,60.0,1233.885986328125,-3.4052209101002626,1.6451266033592775,1.6726583046894368,2.032534095230913,0.6998791556825688,-1.407156130395153,-1.097869769114938,2.082091346647021,2.6485891618228163,1.140305434321544
86.0,60.0,1233.885986328125,-3.4052209101002626,1.6451266033592775,1.6726583046894368,2.032534095230913,0.6998791556825688,-1.407156130395153,-1.097869769114938,2.082091346647021,2.6485891618228163,1.140305434321544
86.0,60.0,1233.888916015625,-3.4041392066151857,1.6444909276371398,1.6726886211518663,2.028565423352399,0.7002209549272939,-1.4079075862236257,-1.0945525118534098,2.0820913463150994,2.6485890563717773,1.1402960874796495
86.0,60.0,1233.8948974609375,-3.401642241798829,1.6446467492030994,1.670686983625737,2.0310256401663693,0.6998842027182397,-1.407897028381897,-1.097967507544377,2.082091346223048,2.6485891618228163,1.1403091384254669
86.0,60.0,1233.8974609375,-3.4041392066151857,1.6451573745485002,1.6726047253986358,2.031051447482967,0.7002169190831543,-1.4074897401081754,-1.097996146717773,2.082091346331447,2.6485890563755565,1.140351094310183
86.0,60.0,1233.899169921875,-3.4048360063406924,1.644886329695965,1.6706722797755242,2.0324241316471463,0.6998793396302496,-1.407152958516055,-1.0968665539145626,2.0820913466404583,2.6485891618228163,1.1403079080244836
86.0,60.0,1233.9017333984375,-3.405115230636879,1.644886329695965,1.6706722627206538,2.030979039923809,0.6998842027182397,-1.407152958516055,-1.0969208464344138,2.082091345266288,2.6485891618228163,1.1403531090863883
86.0,60.0,1233.9044189453125,-3.401579912895312,1.6446701923770264,1.670686983625737,2.032551810680179,0.6998842027182397,-1.408061367431752,-1.0969208464344138,2.082091346223048,2.6485891618228163,1.1403531090863883
86.0,60.0,1233.9044189453125,-3.401579912895312,1.6446701923770264,1.670686983625737,2.032551810680179,0.6998842027182397,-1.408061367431752,-1.0969208464344138,2.082091346223048,2.6485891618228163,1.1403531090863883
86.0,60.0,1233.905517578125,-3.404144862794184,1.6448177392649914,1.6707645143374878,2.0285904890417723,0.6998434705397114,-1.4074688490008955,-1.0979457931905168,2.082090718534784,2.648589051947483,1.1403074617818076
86.0,61.0,1232.9559326171875,-3.401553937415719,1.6523941570704497,1.6726079232309872,2.032551087434566,0.627429431397268,-1.3984765173050602,-1.096868328792425,2.0820913463062745,2.6485891825573047,1.1402999363825383
86.0,61.0,1232.978759765625,-3.401553177240213,1.6523941570704497,1.6726047253986358,2.032551087434566,0.6258366366441919,-1.3983312166315092,-1.096868328792425,2.0820913463062745,2.6485891825573047,1.1402999363825383
86.0,61.0,1233.130126953125,-3.4017405958777265,1.6446701923770264,1.6725760651361212,2.030979039923809,0.6998818130955015,-1.3975542007100277,-1.0968683911248498,2.0820913453905363,2.648589182895931,1.1403531886330631
86.0,61.0,1233.154541015625,-3.4017431364627764,1.644886329695965,1.6706761745526215,2.0324241316471463,0.6993499848159213,-1.3975526020454785,-1.097943111414292,2.0820913452604675,2.6485891618228163,1.140300008313495
86.0,61.0,1233.154541015625,-3.4017431364627764,1.644886329695965,1.6706761745526215,2.0324241316471463,0.6993499848159213,-1.3975526020454785,-1.097943111414292,2.0820913452604675,2.6485891618228163,1.1402999358453954
86.0,61.0,1233.184326171875,-3.401227558053341,1.644897675019931,1.6714101841813418,2.0313784567975333,0.6963426733075592,-1.3997241481271276,-1.0979453413206266,2.082091345266288,2.6485891666098347,1.140308121433195
86.0,61.0,1233.21142578125,-3.401553177240213,1.6523941570704497,1.6725579644461193,2.032550054630979,0.6950548320094967,-1.3983312166315092,-1.0968517758352618,2.0820913463062745,2.6485891825573047,1.1402999363825383
86.0,61.0,1233.2957763671875,-3.4017642141767697,1.6523941570704497,1.67268982813088,2.0309783166781954,0.6993462955352431,-1.3975234189534314,-1.09686795412778,2.0820913453922825,2.6485891825573047,1.1402999363825383
86.0,61.0,1233.2957763671875,-3.4017642141767697,1.6523941570704497,1.67268982813088,2.0309783166781954,0.6993462955352431,-1.3975234189534314,-1.09686795412778,2.0820913453922825,2.6485891825573047,1.1402999363825383
86.0,61.0,1233.3018798828125,-3.4017388769174546,1.65263657189406,1.67268982813088,2.0309790480013934,0.6993462955352431,-1.3975234189534314,-1.09686795412778,2.0820913453922825,2.6485891825573047,1.1402999363825383
86.0,61.0,1233.34033203125,-3.401599640363221,1.6523941570704497,1.67268982813088,2.032551087434566,0.6993462955352431,-1.3984739152083083,-1.09686795412778,2.082091346349043,2.6485891825573047,1.1402999363825383
86.0,61.0,1233.3404541015625,-3.401599640363221,1.6523941570704497,1.67268982813088,2.0324841710235315,0.6993462955352431,-1.3984739152083083,-1.09686795412778,2.082091346349043,2.6485891825573047,1.1402999363825383
86.0,61.0,1233.3411865234375,-3.401765762518881,1.6523941570704497,1.67268982813088,2.0324841710235315,0.6993462955352431,-1.3984432022541875,-1.09686795412778,2.082091346349043,2.6485891825573047,1.1402999363825383
86.0,61.0,1233.3419189453125,-3.401599640363221,1.6523941570704497,1.6726059323776492,2.032551087434566,0.6993462955352431,-1.3984739152083083,-1.09686795412778,2.082091346349043,2.6485891825573047,1.1402999386734871
86.0,61.0,1233.358642578125,-3.4007142735047733,1.6523941570704497,1.670682425701284,2.032551095301991,0.6993462955352431,-1.398338879931922,-1.096918363197104,2.08209134630405,2.6485891612351864,1.1402999386734871
86.0,61.0,1233.37451171875,-3.401646847433556,1.6523941570704497,1.6726880641371251,2.032551087434566,0.7001987041939296,-1.398612063761272,-1.09686795412778,2.08209134634912,2.6485891856862915,1.140300746603854
86.0,61.0,1233.3858642578125,-3.401599640363221,1.6523941570704497,1.6726059323776492,2.032551087434566,0.7001975918966582,-1.398807135557614,-1.09686795412778,2.082091346349826,2.6485891825573047,1.1402999386734871
86.0,61.0,1233.387451171875,-3.404022530936164,1.6523941570704497,1.6726886326370232,2.0284614784180923,0.6993462955352431,-1.3984739152083083,-1.0968253241958903,2.082091346349043,2.6485891825573047,1.1402999363825383
86.0,61.0,1233.418701171875,-3.400722431271334,1.6481495567569115,1.67067086732574,2.032380585368625,0.701326616659354,-1.4000856778091202,-1.0944410285634978,2.082091346700388,2.6485891618519624,1.1403316516791069
86.0,61.0,1233.418701171875,-3.400722431271334,1.6481495567569115,1.67067086732574,2.032380585368625,0.701326616659354,-1.4000856778091202,-1.0944410285634978,2.082091346700388,2.6485891618519624,1.1403316516791069
86.0,61.0,1233.421142578125,-3.4007147835090192,1.648248952229102,1.67067086732574,2.032380585368625,0.7013165173047885,-1.4000856778091202,-1.094365586936589,2.082091346700388,2.6485891618519624,1.1403004306608415
86.0,61.0,1233.4420166015625,-3.40072850704726,1.6481495567569115,1.6706722633342814,2.032380585368625,0.701326616659354,-1.4004846334889651,-1.0944839538304114,2.082091346700388,2.6485891618519624,1.140331979679866
86.0,61.0,1233.4476318359375,-3.4007142735047733,1.6523941570704497,1.67067831713141,2.032551087434566,0.6993462955352431,-1.399964470312985,-1.096918363197104,2.082091346369092,2.6485891621650124,1.1402999386734871
86.0,61.0,1233.4532470703125,-3.4007951698515506,1.6482813598481676,1.67067086732574,2.032380585368625,0.7013165173047885,-1.4006015476390623,-1.094365586936589,2.082091346700388,2.6485891618519624,1.140300760245008
86.0,61.0,1233.482421875,-3.401553177240213,1.6451234926663345,1.628704747243181,2.0313737478684795,0.6253826072668979,-1.398788890653159,-1.096868328792425,2.0820913462602086,2.6485891825573047,1.1402999363825383
86.0,61.0,1233.515869140625,-3.405115230636879,1.648073185299099,1.670670966400602,2.0324241316471463,0.7013157727359233,-1.4004638610411084,-1.0979453413206266,2.0820913467250595,2.648589161822722,1.1403079080244836
86.0,61.0,1233.528564453125,-3.401221889615486,1.6446683360648482,1.6270819986512528,2.031354924582705,0.6270402896973555,-1.398926005580893,-1.0944071884139497,2.082091346259834,2.6485891665404075,1.1402872273086069
86.0,61.0,1233.5445556640625,-3.401464727798611,1.6446683360648482,1.6270819986512528,2.0313656670263964,0.6253858090775612,-1.3987899177678973,-1.0944071884139497,2.082091346259834,2.6485891665404075,1.1402872273086069
86.0,61.0,1233.5582275390625,-3.401553177240213,1.6451234926663345,1.628704747243181,2.0313737478684795,0.6204597921476442,-1.398788890653159,-1.096868328792425,2.0820913462602086,2.6485891825573047,1.1403002243242064
86.0,61.0,1233.5789794921875,-3.405115230636879,1.644886329695965,1.6707190236731706,2.0324251644507334,0.6306611442649448,-1.407152958516055,-1.0979618942777898,2.082091345266288,2.6485891618228163,1.1403079080244836
86.0,61.0,1233.5792236328125,-3.405115230636879,1.6448683279192675,1.6707190236731706,2.0324251644507334,0.6306611442649448,-1.407152958516055,-1.097962955324172,2.082091345266288,2.6485891618228163,1.1403096334576994
86.0,61.0,1233.77001953125,-3.401227558053341,1.644886099584011,1.6726929543690112,2.031170691082629,0.6998793139935345,-1.4071110172142642,-1.094616191612401,2.082091345266288,2.6485891618228163,1.140308121433195
86.0,61.0,1233.771240234375,-3.401227558053341,1.644886099584011,1.6726766731135247,2.031170691082629,0.6998793139935345,-1.40712128151733,-1.0946219795297445,2.082091345266288,2.648589161822978,1.140308121433195
86.0,61.0,1233.7713623046875,-3.400722431271334,1.6449627011537775,1.6706884449012784,2.032380585368625,0.6998901835536803,-1.406764510981001,-1.0944352406461546,2.082091345241616,2.6485891618518944,1.1403316516791069
86.0,61.0,1233.7724609375,-3.400722431271334,1.6449627011537775,1.670672163645792,2.032380585368625,0.6998901835536803,-1.4067747752840667,-1.0944410285634978,2.082091345241616,2.648589161852056,1.1403316516791069
86.0,61.0,1233.772705078125,-3.40130533589756,1.6448800904313818,1.6726929543690112,2.031170691082629,0.6998793139935345,-1.4071274706884926,-1.094616191612401,2.082091345266288,2.6485891618228163,1.1403081729181204
86.0,61.0,1233.7764892578125,-3.401470396236466,1.644886329695965,1.6706723657839806,2.03098295498688,0.6982248333737404,-1.407016870703059,-1.0979453413206266,2.082091345266288,2.6485891618228163,1.140308121433195
86.0,61.0,1233.77880859375,-3.4018066990294664,1.6446688777589296,1.6726084862075112,2.031167329607252,0.6998842027182397,-1.407110871176875,-1.094599522001851,2.082091346241339,2.6485891618228163,1.1403531090863883
86.0,61.0,1233.7923583984375,-3.401738830529863,1.6446701923770264,1.6725760651361212,2.030979039923809,0.6998842027182397,-1.4071108218050332,-1.096902897485325,2.082091345266288,2.6485891633225283,1.1403534996790163
86.0,61.0,1233.7965087890625,-3.401227558053341,1.644897675019931,1.6725918949994136,2.030911332935133,0.6998793139935345,-1.407152958516055,-1.0979453413206266,2.082091345266288,2.6485891618228163,1.140308121433195
86.0,61.0,1233.7974853515625,-3.401738830529863,1.6446701923770264,1.672482181672525,2.030979039923809,0.6998842027182397,-1.4071550887770743,-1.096902897485325,2.082091345266288,2.6485891633957985,1.1403534996790163
86.0,61.0,1233.8212890625,-3.401252899642285,1.644886329695965,1.6706722643876732,2.0309948444081107,0.699879655184791,-1.407152958516055,-1.0969767039134186,2.082091345266288,2.6485891618228163,1.1403495058849002
86.0,61.0,1233.82373046875,-3.401744486708861,1.6446701923770264,1.670686983625737,2.030979039923809,0.6998842027182397,-1.407110871176875,-1.0969208464344138,2.082091345266288,2.6485891618228163,1.1403531090863883
86.0,61.0,1233.82373046875,-3.401744486708861,1.6446701923770264,1.670686983625737,2.030979039923809,0.6998842027182397,-1.407110871176875,-1.0969208464344138,2.082091345266288,2.6485891618228163,1.1403531090863883
86.0,61.0,1233.827880859375,-3.401227558053341,1.644886329695965,1.6706723657839806,2.0309722125431886,0.6998793139935345,-1.407152958516055,-1.0979453413206266,2.082091345266288,2.6485891618228163,1.140308121433195
86.0,61.0,1233.827880859375,-3.401227558053341,1.644886329695965,1.6706722643876732,2.030994343226914,0.6998793139935345,-1.407152958516055,-1.0979453413206266,2.082091345266288,2.6485891618228163,1.140308121433195
86.0,61.0,1233.827880859375,-3.401227558053341,1.644886329695965,1.6706722643876732,2.030994343226914,0.6998793139935345,-1.407152958516055,-1.0979453413206266,2.082091345266288,2.6485891618228163,1.140308193901295
86.0,61.0,1233.8306884765625,-3.4041392066151857,1.6444909276371398,1.6726047253986358,2.0286576332051487,0.69936526841038,-1.40715935649818,-1.0979285766387157,2.0820913463143165,2.6485890563755885,1.140300759563066
86.0,61.0,1233.83154296875,-3.4018066990294664,1.6446691078708835,1.670674656802989,2.0309688510678114,0.6998703765733983,-1.407106085428086,-1.0979286717100762,2.082091346241339,2.6485891618228163,1.1403531090863883
86.0,61.0,1233.8372802734375,-3.4018066990294664,1.6446691078708835,1.6705878976224804,2.0309688510678114,0.6998842027182397,-1.4071528124786656,-1.0979286717100762,2.082091346241339,2.6485891618228163,1.1403531090863883
86.0,62.0,1232.9559326171875,-3.401553937415719,1.6523941570704497,1.6726079232309872,2.032551087434566,0.627429431397268,-1.3984765173050602,-1.096868328792425,2.0820913463062745,2.6485891825573047,1.1402999363825383
86.0,62.0,1232.978759765625,-3.401553177240213,1.6523941570704497,1.6726047253986358,2.032551087434566,0.6258366366441919,-1.3983312166315092,-1.096868328792425,2.0820913463062745,2.6485891825573047,1.1402999363825383
86.0,62.0,1233.1119384765625,-3.4017388769174546,1.6446596015886628,1.67268982813088,2.0309790480013934,0.6993462955352431,-1.3975540672349158,-1.0979069230456038,2.0820913453864143,2.6485891825573047,1.140299936360313
86.0,62.0,1233.11962890625,-3.4017405958777265,1.6446701923770264,1.6725760651361212,2.031168978142764,0.6998818130955015,-1.397367124107469,-1.0968683911248498,2.082091345387885,2.648589182895931,1.14035510731404
86.0,62.0,1233.130126953125,-3.4017405958777265,1.6446701923770264,1.6725760651361212,2.030979039923809,0.6998818130955015,-1.3975542007100277,-1.0968683911248498,2.0820913453905363,2.648589182895931,1.1403531886330631
86.0,62.0,1233.154541015625,-3.4017431364627764,1.644886329695965,1.6706761745526215,2.0324241316471463,0.6993499848159213,-1.3975526020454785,-1.097943111414292,2.0820913452604675,2.6485891618228163,1.140300008313495
86.0,62.0,1233.154541015625,-3.4017431364627764,1.644886329695965,1.6706761745526215,2.0324241316471463,0.6993499848159213,-1.3975526020454785,-1.097943111414292,2.0820913452604675,2.6485891618228163,1.1402999358453954
86.0,62.0,1233.16943359375,-3.4017431364627764,1.6448891363695552,1.670718419535301,2.0324241316471463,0.6999115309548148,-1.3975526020454785,-1.097943111414292,2.0820913452604675,2.6485891633151906,1.140300008313495
86.0,62.0,1233.184326171875,-3.401227558053341,1.644897675019931,1.6714101841813418,2.0313784567975333,0.6963426733075592,-1.3997241481271276,-1.0979453413206266,2.082091345266288,2.6485891666098347,1.140308121433195
86.0,62.0,1233.184326171875,-3.401227558053341,1.644897675019931,1.6714101841813418,2.0313784567975333,0.6963426733075592,-1.3997241481271276,-1.0979453413206266,2.082091345266288,2.6485891666098347,1.140308121433195
86.0,62.0,1233.1944580078125,-3.4007225424297647,1.6449627011537775,1.6727272063732357,2.0325509185872908,0.6998901835536803,-1.3987619350159892,-1.0944410285634978,2.082091346381011,2.648589161852056,1.1403316516791069
86.0,62.0,1233.21142578125,-3.401553177240213,1.6523941570704497,1.6725579644461193,2.032550054630979,0.6950548320094967,-1.3983312166315092,-1.0968517758352618,2.0820913463062745,2.6485891825573047,1.1402999363825383
86.0,62.0,1233.21142578125,-3.401553177240213,1.6523941570704497,1.6725579644461193,2.032550054630979,0.6950548320094967,-1.3983312166315092,-1.0968517758352618,2.0820913463062745,2.6485891825573047,1.1402999363825383
86.0,62.0,1233.2249755859375,-3.4011874494119168,1.6452150679899604,1.6726880641371251,2.03247325917427,0.7001987041939296,-1.39892328242359,-1.09452004531923,2.08209134634912,2.6485891856862915,1.140300746603854
86.0,62.0,1233.2891845703125,-3.401599310631272,1.6523941570704497,1.67268982813088,2.03273350139691,0.6993462955352431,-1.3975049140322182,-1.09686795412778,2.082091346312081,2.6485891825573047,1.1402999363825383
86.0,62.0,1233.2957763671875,-3.4017642141767697,1.6523941570704497,1.67268982813088,2.0309783166781954,0.6993462955352431,-1.3975234189534314,-1.09686795412778,2.0820913453922825,2.6485891825573047,1.1402999363825383
86.0,62.0,1233.2957763671875,-3.4017642141767697,1.6523941570704497,1.67268982813088,2.0309783166781954,0.6993462955352431,-1.3975234189534314,-1.09686795412778,2.0820913453922825,2.6485891825573047,1.1402999363825383
86.0,62.0,1233.3018798828125,-3.4017388769174546,1.65263657189406,1.67268982813088,2.0309790480013934,0.6993462955352431,-1.3975234189534314,-1.09686795412778,2.0820913453922825,2.6485891825573047,1.1402999363825383
86.0,62.0,1233.3018798828125,-3.4017390384958324,1.65263657189406,1.67268982813088,2.0309783087768767,0.6993462955352431,-1.3975234189534314,-1.09686795412778,2.0820913453922825,2.6485891825573047,1.1402999363825383
86.0,62.0,1233.34033203125,-3.401599640363221,1.6523941570704497,1.67268982813088,2.032551087434566,0.6993462955352431,-1.3984739152083083,-1.09686795412778,2.082091346349043,2.6485891825573047,1.1402999363825383
86.0,62.0,1233.3404541015625,-3.401599640363221,1.6523941570704497,1.67268982813088,2.0324841710235315,0.6993462955352431,-1.3984739152083083,-1.09686795412778,2.082091346349043,2.6485891825573047,1.1402999363825383
86.0,62.0,1233.3411865234375,-3.401765762518881,1.6523941570704497,1.67268982813088,2.0324841710235315,0.6993462955352431,-1.3984432022541875,-1.09686795412778,2.082091346349043,2.6485891825573047,1.1402999363825383
86.0,62.0,1233.3411865234375,-3.401765762518881,1.6523941570704497,1.67268982813088,2.0324841710235315,0.6993462955352431,-1.3984432022541875,-1.09686795412778,2.082091346349043,2.6485891825573047,1.1402999363825383
86.0,62.0,1233.3419189453125,-3.401599640363221,1.6523941570704497,1.6726059323776492,2.032551087434566,0.6993462955352431,-1.3984739152083083,-1.09686795412778,2.082091346349043,2.6485891825573047,1.1402999386734871
86.0,62.0,1233.358642578125,-3.4007142735047733,1.6523941570704497,1.670682425701284,2.032551095301991,0.6993462955352431,-1.398338879931922,-1.096918363197104,2.08209134630405,2.6485891612351864,1.1402999386734871
86.0,62.0,1233.3597412109375,-3.4007944410044684,1.6523941570704497,1.6706820125789197,2.0325428444118163,0.6993462955352431,-1.398338879931922,-1.096918363197104,2.08209134630405,2.6485891618183937,1.1403000083572885
86.0,62.0,1233.37451171875,-3.401646847433556,1.6523941570704497,1.6726880641371251,2.032551087434566,0.7001987041939296,-1.398612063761272,-1.09686795412778,2.08209134634912,2.6485891856862915,1.140300746603854
86.0,62.0,1233.3858642578125,-3.401599640363221,1.6523941570704497,1.6726059323776492,2.032551087434566,0.7001975918966582,-1.398807135557614,-1.09686795412778,2.082091346349826,2.6485891825573047,1.1402999386734871
86.0,62.0,1233.387451171875,-3.404022530936164,1.6523941570704497,1.6726886326370232,2.0284614784180923,0.6993462955352431,-1.3984739152083083,-1.0968253241958903,2.082091346349043,2.6485891825573047,1.1402999363825383
86.0,62.0,1233.3968505859375,-3.401620574578144,1.6523941570704497,1.6726233069848335,2.032551087434566,0.7011341989757052,-1.3984739152083083,-1.0969328861120204,2.0820913466976605,2.6485891825573047,1.140300772050635
86.0,62.0,1233.4013671875,-3.400774235636628,1.6482813598481676,1.6706534927185557,2.032380585368625,0.6995286138643264,-1.4006015476390623,-1.0943006549523484,2.08209134635177,2.6485891618519624,1.1402999268678602
86.0,62.0,1233.40771484375,-3.401546564208048,1.6523376553875273,1.672617766879078,2.032380585368625,0.7013165173047885,-1.3984461923342804,-1.094365586936589,2.082091346700388,2.6485891618519624,1.1403004306608415
86.0,62.0,1233.418701171875,-3.400722431271334,1.6481495567569115,1.67067086732574,2.032380585368625,0.701326616659354,-1.4000856778091202,-1.0944410285634978,2.082091346700388,2.6485891618519624,1.1403316516791069
86.0,62.0,1233.418701171875,-3.400722431271334,1.6481495567569115,1.67067086732574,2.032380585368625,0.701326616659354,-1.4000856778091202,-1.0944410285634978,2.082091346700388,2.6485891618519624,1.1403316516791069
86.0,62.0,1233.421142578125,-3.4007147835090192,1.648248952229102,1.67067086732574,2.032380585368625,0.7013165173047885,-1.4000856778091202,-1.094365586936589,2.082091346700388,2.6485891618519624,1.1403004306608415
86.0,62.0,1233.4366455078125,-3.401841658372501,1.6481495567569115,1.6706709429129407,2.0310217719614734,0.701326616659354,-1.4000856778091202,-1.0944410285634978,2.0820913451094154,2.6485891618519624,1.1403317485061748
86.0,62.0,1233.4420166015625,-3.40072850704726,1.6481495567569115,1.6706722633342814,2.032380585368625,0.701326616659354,-1.4004846334889651,-1.0944839538304114,2.082091346700388,2.6485891618519624,1.140331979679866
86.0,62.0,1233.4476318359375,-3.4007142735047733,1.6523941570704497,1.67067831713141,2.032551087434566,0.6993462955352431,-1.399964470312985,-1.096918363197104,2.082091346369092,2.6485891621650124,1.1402999386734871
86.0,62.0,1233.449951171875,-3.401561632057862,1.6525055878365893,1.628704747243181,2.031370863631531,0.6204597921476442,-1.3975324962007307,-1.096868328792425,2.082091346263755,2.6485891825573047,1.140300220230486
86.0,62.0,1233.4501953125,-3.404022530936164,1.6523910438368543,1.6728345160367917,2.0284614784180923,0.7012462589700837,-1.398420073391377,-1.094289530909747,2.08209134670639,2.648589183022863,1.1402999363825383
86.0,62.0,1233.4532470703125,-3.4007951698515506,1.6482813598481676,1.67067086732574,2.032380585368625,0.7013165173047885,-1.4006015476390623,-1.094365586936589,2.082091346700388,2.6485891618519624,1.140300760245008
86.0,62.0,1233.482421875,-3.401553177240213,1.6451234926663345,1.628704747243181,2.0313737478684795,0.6253826072668979,-1.398788890653159,-1.096868328792425,2.0820913462602086,2.6485891825573047,1.1402999363825383
86.0,62.0,1233.515869140625,-3.405115230636879,1.648073185299099,1.670670966400602,2.0324241316471463,0.7013157727359233,-1.4004638610411084,-1.0979453413206266,2.0820913467250595,2.648589161822722,1.1403079080244836
86.0,62.0,1233.515869140625,-3.405115230636879,1.648073185299099,1.670670966400602,2.0324241316471463,0.7013157727359233,-1.4004638610411084,-1.0979431322468782,2.0820913467034265,2.648589161822722,1.1403079080244836
86.0,62.0,1233.528564453125,-3.401221889615486,1.6446683360648482,1.6270819986512528,2.031354924582705,0.6270402896973555,-1.398926005580893,-1.0944071884139497,2.082091346259834,2.6485891665404075,1.1402872273086069
86.0,62.0,1233.5445556640625,-3.401464727798611,1.6446683360648482,1.6270819986512528,2.0313656670263964,0.6253858090775612,-1.3987899177678973,-1.0944071884139497,2.082091346259834,2.6485891665404075,1.1402872273086069
86.0,62.0,1233.5582275390625,-3.401553177240213,1.6451234926663345,1.628704747243181,2.0313737478684795,0.6204597921476442,-1.398788890653159,-1.096868328792425,2.0820913462602086,2.6485891825573047,1.1403002243242064
86.0,62.0,1233.5789794921875,-3.405115230636879,1.644886329695965,1.6707190236731706,2.0324251644507334,0.6306611442649448,-1.407152958516055,-1.0979618942777898,2.082091345266288,2.6485891618228163,1.1403079080244836
86.0,62.0,1233.5792236328125,-3.405115230636879,1.6448683279192675,1.6707190236731706,2.0324251644507334,0.6306611442649448,-1.407152958516055,-1.097962955324172,2.082091345266288,2.6485891618228163,1.1403096334576994
86.0,62.0,1233.77001953125,-3.401227558053341,1.644886099584011,1.6726929543690112,2.031170691082629,0.6998793139935345,-1.4071110172142642,-1.094616191612401,2.082091345266288,2.6485891618228163,1.140308121433195
86.0,63.0,1232.8770751953125,-3.4017642141767697,1.629197347397419,1.6726880854987254,2.0309519087825008,0.6993462955352431,-1.3975234189534314,-1.09686795412778,2.0820913453922825,2.6485891824870604,1.1402999363825383
86.0,63.0,1232.9495849609375,-3.401598823533576,1.6523941570704497,1.67268982813088,2.0324841710235315,0.6277117401287388,-1.3984739152083083,-1.0968679430623265,2.082091346349043,2.6485891825573047,1.1402999363825383
86.0,63.0,1232.9559326171875,-3.401553937415719,1.6523941570704497,1.6726079232309872,2.032551087434566,0.627429431397268,-1.3984765173050602,-1.096868328792425,2.0820913463062745,2.6485891825573047,1.1402999363825383
86.0,63.0,1232.9776611328125,-3.401559133456328,1.6523941570704497,1.6726968055970166,2.0325167295060407,0.6237434872904296,-1.397517877051117,-1.096867951441024,2.0820913463601505,2.6485891825573047,1.1402999363825383
86.0,63.0,1232.978759765625,-3.401553177240213,1.6523941570704497,1.6726047253986358,2.032551087434566,0.6258366366441919,-1.3983312166315092,-1.096868328792425,2.0820913463062745,2.6485891825573047,1.1402999363825383
86.0,63.0,1233.1119384765625,-3.4017388769174546,1.6446596015886628,1.67268982813088,2.0309790480013934,0.6993462955352431,-1.3975540672349158,-1.0979069230456038,2.0820913453864143,2.6485891825573047,1.140299936360313
86.0,63.0,1233.112060546875,-3.4017388769174546,1.644663439086046,1.67268982813088,2.0309790480013934,0.6993464016942654,-1.397554073951964,-1.0979069230456038,2.082091345264982,2.648589161831296,1.140299936360313
86.0,63.0,1233.11962890625,-3.4017405958777265,1.6446701923770264,1.6725760651361212,2.031168978142764,0.6998818130955015,-1.397367124107469,-1.0968683911248498,2.082091345387885,2.648589182895931,1.14035510731404
86.0,63.0,1233.130126953125,-3.4017405958777265,1.6446701923770264,1.6725760651361212,2.030979039923809,0.6998818130955015,-1.3975542007100277,-1.0968683911248498,2.0820913453905363,2.648589182895931,1.1403531886330631
86.0,63.0,1233.13623046875,-3.393446086701661,1.6523941570704497,1.67268982813088,2.0324840065838505,0.6948913068446938,-1.3984453825019725,-1.09686795412778,2.082091346349043,2.6485891825573047,1.1402999363825383
86.0,63.0,1233.1500244140625,-3.4017431364627764,1.644659586701694,1.6706761745526215,2.0324241316471463,0.6993499848159213,-1.3975532013465704,-1.097939988735699,2.082091345395616,2.648589160473536,1.1402999358453954
86.0,63.0,1233.154541015625,-3.4017431364627764,1.644886329695965,1.6706761745526215,2.0324241316471463,0.6993499848159213,-1.3975526020454785,-1.097943111414292,2.0820913452604675,2.6485891618228163,1.140300008313495
86.0,63.0,1233.154541015625,-3.4017431364627764,1.644886329695965,1.6706761745526215,2.0324241316471463,0.6993499848159213,-1.3975526020454785,-1.097943111414292,2.0820913452604675,2.6485891618228163,1.1402999358453954
86.0,63.0,1233.16943359375,-3.4017431364627764,1.6448891363695552,1.670718419535301,2.0324241316471463,0.6999115309548148,-1.3975526020454785,-1.097943111414292,2.0820913452604675,2.6485891633151906,1.140300008313495
86.0,63.0,1233.184326171875,-3.401227558053341,1.644897675019931,1.6714101841813418,2.0313784567975333,0.6963426733075592,-1.3997241481271276,-1.0979453413206266,2.082091345266288,2.6485891666098347,1.140308121433195
86.0,63.0,1233.184326171875,-3.401227558053341,1.644897675019931,1.6714101841813418,2.0313784567975333,0.6963426733075592,-1.3997241481271276,-1.0979453413206266,2.082091345266288,2.6485891666098347,1.140308121433195
86.0,63.0,1233.1856689453125,-3.4007142735047733,1.644844633952243,1.6706761827689085,2.032551095301991,0.6993461000073006,-1.398343247336252,-1.096918363197104,2.0820913452775742,2.6485891612351864,1.1402999357934518
86.0,63.0,1233.1944580078125,-3.4007225424297647,1.6449627011537775,1.6727272063732357,2.0325509185872908,0.6998901835536803,-1.3987619350159892,-1.0944410285634978,2.082091346381011,2.648589161852056,1.1403316516791069
86.0,63.0,1233.194580078125,-3.4007225424297647,1.6449627011537775,1.6727272063732357,2.0325509185872908,0.7002132788484401,-1.398611940588196,-1.0944410285634978,2.082091346381011,2.6485891878908627,1.1403316516791069
86.0,63.0,1233.21142578125,-3.401553177240213,1.6523941570704497,1.6725579644461193,2.032550054630979,0.6950548320094967,-1.3983312166315092,-1.0968517758352618,2.0820913463062745,2.6485891825573047,1.1402999363825383
86.0,63.0,1233.21142578125,-3.401553177240213,1.6523941570704497,1.6725579644461193,2.032550054630979,0.6950548320094967,-1.3983312166315092,-1.0968517758352618,2.0820913463062745,2.6485891825573047,1.1402999363825383
86.0,63.0,1233.21142578125,-3.401553177240213,1.6523941570704497,1.6725579644461193,2.032550054630979,0.6950548320094967,-1.3983312166315092,-1.0968517758352618,2.0820913463062745,2.6485891825573047,1.1402999363825383
86.0,63.0,1233.2249755859375,-3.4011874494119168,1.6452150679899604,1.6726880641371251,2.03247325917427,0.7001987041939296,-1.39892328242359,-1.09452004531923,2.08209134634912,2.6485891856862915,1.140300746603854
86.0,63.0,1233.2249755859375,-3.4011874494119168,1.6452150679899604,1.67268980676928,2.032499667069964,0.7001987041939296,-1.39892328242359,-1.09452004531923,2.08209134634912,2.648589185756536,1.140300746603854
86.0,63.0,1233.2308349609375,-3.400722431271334,1.6481495567569115,1.6726304073045135,2.032380585368625,0.6993128574545555,-1.3984255242819266,-1.0944410285634978,2.082091346685943,2.6485891618519624,1.1403307315439708
86.0,63.0,1233.2783203125,-3.4015539940698587,1.6523941570704497,1.6726047253986358,2.032551087434566,0.6974711920506961,-1.3983312166315092,-1.096868339857879,2.0820913463062745,2.6485891825573047,1.1402999363825383
86.0,63.0,1233.27978515625,-3.4016734836233566,1.6446701923770264,1.6725760651361212,2.031024147394536,0.6998818130955015,-1.400062551362197,-1.096915977222112,2.0820913453905363,2.648589159961756,1.1403531886330631
86.0,63.0,1233.2822265625,-3.400774235636628,1.644906314024807,1.6706534927185557,2.031464430345713,0.6995286138643264,-1.3997871597334002,-1.0943006549523484,2.082091345302264,2.6485891618519624,1.1402999268678602
86.0,63.0,1233.2891845703125,-3.401599310631272,1.6523941570704497,1.67268982813088,2.03273350139691,0.6993462955352431,-1.3975049140322182,-1.09686795412778,2.082091346312081,2.6485891825573047,1.1402999363825383
86.0,63.0,1233.2957763671875,-3.4017642141767697,1.6523941570704497,1.67268982813088,2.0309783166781954,0.6993462955352431,-1.3975234189534314,-1.09686795412778,2.0820913453922825,2.6485891825573047,1.1402999363825383
86.0,63.0,1233.2957763671875,-3.4017642141767697,1.6523941570704497,1.67268982813088,2.0309783166781954,0.6993462955352431,-1.3975234189534314,-1.09686795412778,2.0820913453922825,2.6485891825573047,1.1402999363825383
86.0,63.0,1233.2978515625,-3.4017642141767697,1.652469822184075,1.67268982813088,2.0309783202872302,0.6993462955352431,-1.3975238606498723,-1.09686795412778,2.0820913453922825,2.6485891825573047,1.1402999363822446
86.0,63.0,1233.2994384765625,-3.401227558053341,1.6482727208432917,1.6714101841813418,2.032294611820445,0.6963426733075592,-1.4005385360327902,-1.0979453413206266,2.082091346315794,2.6485891666098347,1.140308121433195
86.0,63.0,1233.3018798828125,-3.4017388769174546,1.65263657189406,1.67268982813088,2.0309790480013934,0.6993462955352431,-1.3975234189534314,-1.09686795412778,2.0820913453922825,2.6485891825573047,1.1402999363825383
86.0,63.0,1233.3018798828125,-3.4017390384958324,1.65263657189406,1.67268982813088,2.0309783087768767,0.6993462955352431,-1.3975234189534314,-1.09686795412778,2.0820913453922825,2.6485891825573047,1.1402999363825383
86.0,63.0,1233.33935546875,-3.401553177240213,1.6523941570704497,1.6725579644461193,2.0325502190706604,0.6995098207000461,-1.3983290363837244,-1.0968517758352618,2.0820913463062745,2.6485891825573047,1.1402999363825383
86.0,63.0,1233.34033203125,-3.401599640363221,1.6523941570704497,1.67268982813088,2.032551087434566,0.6993462955352431,-1.3984739152083083,-1.09686795412778,2.082091346349043,2.6485891825573047,1.1402999363825383
86.0,63.0,1233.3404541015625,-3.401599640363221,1.6523941570704497,1.67268982813088,2.0324841710235315,0.6993462955352431,-1.3984739152083083,-1.09686795412778,2.082091346349043,2.6485891825573047,1.1402999363825383
86.0,63.0,1233.3411865234375,-3.401765762518881,1.6523941570704497,1.67268982813088,2.0324841710235315,0.6993462955352431,-1.3984432022541875,-1.09686795412778,2.082091346349043,2.6485891825573047,1.1402999363825383
86.0,63.0,1233.3411865234375,-3.401765762518881,1.6523941570704497,1.67268982813088,2.0324841710235315,0.6993462955352431,-1.3984432022541875,-1.09686795412778,2.082091346349043,2.6485891825573047,1.1402999363825383
86.0,63.0,1233.3419189453125,-3.401599640363221,1.6523941570704497,1.6726059323776492,2.032551087434566,0.6993462955352431,-1.3984739152083083,-1.09686795412778,2.082091346349043,2.6485891825573047,1.1402999386734871
86.0,63.0,1233.358642578125,-3.4007142735047733,1.6523941570704497,1.670682425701284,2.032551095301991,0.6993462955352431,-1.398338879931922,-1.096918363197104,2.08209134630405,2.6485891612351864,1.1402999386734871
86.0,63.0,1233.3597412109375,-3.4007944410044684,1.6523941570704497,1.6706820125789197,2.0325428444118163,0.6993462955352431,-1.398338879931922,-1.096918363197104,2.08209134630405,2.6485891618183937,1.1403000083572885
86.0,63.0,1233.3726806640625,-3.401646847433556,1.6523941570704497,1.6726880641371251,2.032551087434566,0.6998756088991698,-1.3987620581890652,-1.09686795412778,2.08209134634912,2.6485891596474844,1.140300746603854
86.0,63.0,1233.37451171875,-3.401646847433556,1.6523941570704497,1.6726880641371251,2.032551087434566,0.7001987041939296,-1.398612063761272,-1.09686795412778,2.08209134634912,2.6485891856862915,1.140300746603854
86.0,63.0,1233.380859375,-3.4007228570819925,1.652337906192858,1.6726453766269858,2.032560496258142,0.7011405463538062,-1.3984590484854058,-1.0969328861120204,2.082091346697665,2.6485891842608686,1.1403306009668457
86.0,63.0,1233.3858642578125,-3.401599640363221,1.6523941570704497,1.6726059323776492,2.032551087434566,0.7001975918966582,-1.398807135557614,-1.09686795412778,2.082091346349826,2.6485891825573047,1.1402999386734871
86.0,63.0,1233.387451171875,-3.404022530936164,1.6523941570704497,1.6726886326370232,2.0284614784180923,0.6993462955352431,-1.3984739152083083,-1.0968253241958903,2.082091346349043,2.6485891825573047,1.1402999363825383
86.0,63.0,1233.3968505859375,-3.401620574578144,1.6523941570704497,1.6726233069848335,2.032551087434566,0.7011341989757052,-1.3984739152083083,-1.0969328861120204,2.0820913466976605,2.6485891825573047,1.140300772050635
86.0,63.0,1233.4013671875,-3.400774235636628,1.6482813598481676,1.6706534927185557,2.032380585368625,0.6995286138643264,-1.4006015476390623,-1.0943006549523484,2.08209134635177,2.6485891618519624,1.1402999268678602
86.0,64.0,1232.8719482421875,-3.401227558053341,1.644897675019931,1.6714101841813418,2.0313784567975333,0.6963426733075592,-1.3997241481271276,-1.0979453413206266,2.098875932267572,2.6485891666098347,1.140308121433195
86.0,64.0,1232.8770751953125,-3.4017642141767697,1.629197347397419,1.6726880854987254,2.0309519087825008,0.6993462955352431,-1.3975234189534314,-1.09686795412778,2.0820913453922825,2.6485891824870604,1.1402999363825383
86.0,64.0,1232.877685546875,-3.4017642141767697,1.6292571421686644,1.6726880854987254,2.030953684216133,0.6993462955352431,-1.3975234189534314,-1.09686795412778,2.082091345386336,2.6485891824893804,1.1402999363604895
86.0,64.0,1232.894775390625,-3.4017642141767697,1.6308444238921735,1.6726880854987254,2.0309519087825008,0.6993462928912882,-1.3975234189534314,-1.097927886444789,2.0820913453922825,2.6485891824870604,1.1402999363825383
86.0,64.0,1232.9495849609375,-3.401598823533576,1.6523941570704497,1.67268982813088,2.0324841710235315,0.6277117401287388,-1.3984739152083083,-1.0968679430623265,2.082091346349043,2.6485891825573047,1.1402999363825383
86.0,64.0,1232.9559326171875,-3.401553937415719,1.6523941570704497,1.6726079232309872,2.032551087434566,0.627429431397268,-1.3984765173050602,-1.096868328792425,2.0820913463062745,2.6485891825573047,1.1402999363825383
86.0,64.0,1232.9776611328125,-3.401559133456328,1.6523941570704497,1.6726968055970166,2.0325167295060407,0.6237434872904296,-1.397517877051117,-1.096867951441024,2.0820913463601505,2.6485891825573047,1.1402999363825383
86.0,64.0,1232.978759765625,-3.401553177240213,1.6523941570704497,1.6726047253986358,2.032551087434566,0.6258366366441919,-1.3983312166315092,-1.096868328792425,2.0820913463062745,2.6485891825573047,1.1402999363825383
86.0,64.0,1233.1119384765625,-3.4017388769174546,1.6446596015886628,1.67268982813088,2.0309790480013934,0.6993462955352431,-1.3975540672349158,-1.0979069230456038,2.0820913453864143,2.6485891825573047,1.140299936360313
86.0,64.0,1233.112060546875,-3.4017388769174546,1.644663439086046,1.67268982813088,2.0309790480013934,0.6993464016942654,-1.397554073951964,-1.0979069230456038,2.082091345264982,2.648589161831296,1.140299936360313
86.0,64.0,1233.11376953125,-3.4017431364627764,1.644659586701694,1.6726206977692248,2.0324241316471463,0.6993499848159213,-1.397550588669813,-1.097939988735699,2.082091346330707,2.6485891603067304,1.140299936374298
86.0,64.0,1233.114990234375,-3.4017405997237384,1.6446701923770264,1.6725758200219274,2.030979039923809,0.6993258340189337,-1.3975542007100277,-1.0968683911248498,2.082091345265692,2.648589162762422,1.1403531886330631
86.0,64.0,1233.11962890625,-3.4017405958777265,1.6446701923770264,1.6725760651361212,2.031168978142764,0.6998818130955015,-1.397367124107469,-1.0968683911248498,2.082091345387885,2.648589182895931,1.14035510731404
86.0,64.0,1233.127197265625,-3.401738873071442,1.644663439086046,1.6726900732450738,2.0309790480013934,0.6999023807708331,-1.397554073951964,-1.0979069230456038,2.0820913453898275,2.648589181964805,1.140299936360313
86.0,64.0,1233.130126953125,-3.4017405958777265,1.6446701923770264,1.6725760651361212,2.030979039923809,0.6998818130955015,-1.3975542007100277,-1.0968683911248498,2.0820913453905363,2.648589182895931,1.1403531886330631
86.0,64.0,1233.13623046875,-3.393446086701661,1.6523941570704497,1.67268982813088,2.0324840065838505,0.6948913068446938,-1.3984453825019725,-1.09686795412778,2.082091346349043,2.6485891825573047,1.1402999363825383
86.0,64.0,1233.1500244140625,-3.4017431364627764,1.644659586701694,1.6706761745526215,2.0324241316471463,0.6993499848159213,-1.3975532013465704,-1.097939988735699,2.082091345395616,2.648589160473536,1.1402999358453954
86.0,64.0,1233.150146484375,-3.401743661465402,1.6483975221747642,1.6706206085195896,2.0324222464282284,0.69642732233478,-1.3975526020454785,-1.0979429614738894,2.0820913462279944,2.6485891665036934,1.140308628347863
86.0,64.0,1233.154541015625,-3.4017431364627764,1.644886329695965,1.6706761745526215,2.0324241316471463,0.6993499848159213,-1.3975526020454785,-1.097943111414292,2.0820913452604675,2.6485891618228163,1.140300008313495
86.0,64.0,1233.154541015625,-3.4017431364627764,1.644886329695965,1.6706761745526215,2.0324241316471463,0.6993499848159213,-1.3975526020454785,-1.097943111414292,2.0820913452604675,2.6485891618228163,1.1402999358453954
86.0,64.0,1233.16943359375,-3.4017431364627764,1.6448891363695552,1.670718419535301,2.0324241316471463,0.6999115309548148,-1.3975526020454785,-1.097943111414292,2.0820913452604675,2.6485891633151906,1.140300008313495
86.0,64.0,1233.1806640625,-3.401769129908505,1.6450863919077054,1.67268982813088,2.0314631724373906,0.6993462955352431,-1.3984432022541875,-1.0941587228784644,2.082091345317726,2.6485891825573047,1.1402999363825383
86.0,64.0,1233.184326171875,-3.401227558053341,1.644897675019931,1.6714101841813418,2.0313784567975333,0.6963426733075592,-1.3997241481271276,-1.0979453413206266,2.082091345266288,2.6485891666098347,1.140308121433195
86.0,64.0,1233.184326171875,-3.401227558053341,1.644897675019931,1.6714101841813418,2.0313784567975333,0.6963426733075592,-1.3997241481271276,-1.0979453413206266,2.082091345266288,2.6485891666098347,1.140308121433195
86.0,64.0,1233.1856689453125,-3.4007142735047733,1.644844633952243,1.6706761827689085,2.032551095301991,0.6993461000073006,-1.398343247336252,-1.096918363197104,2.0820913452775742,2.6485891612351864,1.1402999357934518
86.0,64.0,1233.1944580078125,-3.4007225424297647,1.6449627011537775,1.6727272063732357,2.0325509185872908,0.6998901835536803,-1.3987619350159892,-1.0944410285634978,2.082091346381011,2.648589161852056,1.1403316516791069
86.0,64.0,1233.194580078125,-3.4007225424297647,1.6449627011537775,1.6727272063732357,2.0325509185872908,0.7002132788484401,-1.398611940588196,-1.0944410285634978,2.082091346381011,2.6485891878908627,1.1403316516791069
86.0,64.0,1233.194580078125,-3.4007225424297647,1.6449627011537775,1.6727274185477488,2.0325509240365363,0.7002132788484401,-1.3986120642743387,-1.0944410285634978,2.082091346381011,2.6485891856558115,1.1403281160091927
86.0,64.0,1233.20361328125,-3.400774235636628,1.644859345578305,1.6706534927185557,2.031467300499611,0.6995286138643264,-1.3984458769210466,-1.0944819980283098,2.08209134634932,2.648589182296864,1.1402999268678602
86.0,64.0,1233.207275390625,-3.401541257312348,1.6456292489133488,1.6714101841813418,2.0313784567975333,0.6963426733075592,-1.3998023177812329,-1.0979453413206266,2.082091346308493,2.6485891666098347,1.1403081095594674
86.0,64.0,1233.2083740234375,-3.393446086701661,1.652441125516952,1.67268982813088,2.0324811364299524,0.6948913068446938,-1.399786665314326,-1.0966866110518183,2.0820913453019863,2.648589162112404,1.1402999363825383
86.0,64.0,1233.21142578125,-3.401553177240213,1.6523941570704497,1.6725579644461193,2.032550054630979,0.6950548320094967,-1.3983312166315092,-1.0968517758352618,2.0820913463062745,2.6485891825573047,1.1402999363825383
86.0,64.0,1233.21142578125,-3.401553177240213,1.6523941570704497,1.6725579644461193,2.032550054630979,0.6950548320094967,-1.3983312166315092,-1.0968517758352618,2.0820913463062745,2.6485891825573047,1.1402999363825383
86.0,64.0,1233.21142578125,-3.401553177240213,1.6523941570704497,1.6725579644461193,2.032550054630979,0.6950548320094967,-1.3983312166315092,-1.0968517758352618,2.0820913463062745,2.6485891825573047,1.1402999363825383
86.0,64.0,1233.2249755859375,-3.4011874494119168,1.6452150679899604,1.6726880641371251,2.03247325917427,0.7001987041939296,-1.39892328242359,-1.09452004531923,2.08209134634912,2.6485891856862915,1.140300746603854
86.0,64.0,1233.2249755859375,-3.4011874494119168,1.6452150679899604,1.67268980676928,2.032499667069964,0.7001987041939296,-1.39892328242359,-1.09452004531923,2.08209134634912,2.648589185756536,1.140300746603854
86.0,64.0,1233.2308349609375,-3.400722431271334,1.6481495567569115,1.6726304073045135,2.032380585368625,0.6993128574545555,-1.3984255242819266,-1.0944410285634978,2.082091346685943,2.6485891618519624,1.1403307315439708
86.0,64.0,1233.231201171875,-3.400722431271334,1.6481495567569115,1.6726317271796922,2.032380585368625,0.6993128574545555,-1.3984255242819266,-1.0944410285634978,2.0820913467023945,2.64858916064149,1.1403002283252317
86.0,64.0,1233.235107421875,-3.4018131722551863,1.6454243860935402,1.67268806259266,2.03247325917427,0.7001987041939296,-1.39892328242359,-1.0967865804860786,2.0820913453848635,2.6485891856862915,1.140300746603854
86.0,64.0,1233.251953125,-3.401240294810852,1.6516625831770315,1.6726047253986358,2.032551087434566,0.6974711920506961,-1.398253046977404,-1.096868339857879,2.082091345264069,2.6485891825573047,1.140299948256266
86.0,64.0,1233.2783203125,-3.4015539940698587,1.6523941570704497,1.6726047253986358,2.032551087434566,0.6974711920506961,-1.3983312166315092,-1.096868339857879,2.0820913463062745,2.6485891825573047,1.1402999363825383
86.0,64.0,1233.27978515625,-3.4016734836233566,1.6446701923770264,1.6725760651361212,2.031024147394536,0.6998818130955015,-1.400062551362197,-1.096915977222112,2.0820913453905363,2.648589159961756,1.1403531886330631
86.0,64.0,1233.2822265625,-3.400774235636628,1.644906314024807,1.6706534927185557,2.031464430345713,0.6995286138643264,-1.3997871597334002,-1.0943006549523484,2.082091345302264,2.6485891618519624,1.1402999268678602
86.0,64.0,1233.2891845703125,-3.401599310631272,1.6523941570704497,1.67268982813088,2.03273350139691,0.6993462955352431,-1.3975049140322182,-1.09686795412778,2.082091346312081,2.6485891825573047,1.1402999363825383
86.0,64.0,1233.2957763671875,-3.4017642141767697,1.6523941570704497,1.67268982813088,2.0309783166781954,0.6993462955352431,-1.3975234189534314,-1.09686795412778,2.0820913453922825,2.6485891825573047,1.1402999363825383
86.0,64.0,1233.2957763671875,-3.4017642141767697,1.6523941570704497,1.67268982813088,2.0309783166781954,0.6993462955352431,-1.3975234189534314,-1.09686795412778,2.0820913453922825,2.6485891825573047,1.1402999363825383
86.0,64.0,1233.2978515625,-3.4017642141767697,1.652469822184075,1.67268982813088,2.0309783202872302,0.6993462955352431,-1.3975238606498723,-1.09686795412778,2.0820913453922825,2.6485891825573047,1.1402999363822446
86.0,64.0,1233.2994384765625,-3.401227558053341,1.6482727208432917,1.6714101841813418,2.032294611820445,0.6963426733075592,-1.4005385360327902,-1.0979453413206266,2.082091346315794,2.6485891666098347,1.140308121433195
86.0,64.0,1233.301025390625,-3.4017388769174546,1.6526392352769477,1.6726898122191094,2.0309790480013934,0.6993462955352431,-1.3975033876810528,-1.0968676815288598,2.0820913454405963,2.6485891825573047,1.1402999363825383
86.0,64.0,1233.3018798828125,-3.4017388769174546,1.65263657189406,1.67268982813088,2.0309790480013934,0.6993462955352431,-1.3975234189534314,-1.09686795412778,2.0820913453922825,2.6485891825573047,1.1402999363825383
86.0,65.0,1232.5140380859375,-3.401256204480615,1.6294594304248209,1.6714101841813418,2.031354632059924,0.6964953886580457,-1.3975099990949522,-1.0979453413206266,2.098875932267572,2.6485891665409813,1.140308121433195
86.0,65.0,1232.5640869140625,-3.4017642141767697,1.629197347397419,1.6727032731586395,2.0309519087825008,0.6993462955352431,-1.3975234189534314,-1.09686795412778,2.098051067426698,2.6485891824870604,1.1402999363825383
86.0,65.0,1232.8719482421875,-3.401227558053341,1.644897675019931,1.6714101841813418,2.0313784567975333,0.6963426733075592,-1.3997241481271276,-1.0979453413206266,2.098875932267572,2.6485891666098347,1.140308121433195
86.0,65.0,1232.8770751953125,-3.4017642141767697,1.629197347397419,1.6726880854987254,2.0309519087825008,0.6993462955352431,-1.3975234189534314,-1.09686795412778,2.0820913453922825,2.6485891824870604,1.1402999363825383
86.0,65.0,1232.877685546875,-3.4017642141767697,1.6292571421686644,1.6726880854987254,2.030953684216133,0.6993462955352431,-1.3975234189534314,-1.09686795412778,2.082091345386336,2.6485891824893804,1.1402999363604895
86.0,65.0,1232.894775390625,-3.4017642141767697,1.6308444238921735,1.6726880854987254,2.0309519087825008,0.6993462928912882,-1.3975234189534314,-1.097927886444789,2.0820913453922825,2.6485891824870604,1.1402999363825383
86.0,65.0,1232.90576171875,-3.401553937415719,1.6523941570704497,1.6726079232309872,2.032551087434566,0.627429431397268,-1.3975399687197636,-1.096868328792425,2.082091345400958,2.6485891825573047,1.140299936401236
86.0,65.0,1232.9495849609375,-3.401598823533576,1.6523941570704497,1.67268982813088,2.0324841710235315,0.6277117401287388,-1.3984739152083083,-1.0968679430623265,2.082091346349043,2.6485891825573047,1.1402999363825383
86.0,65.0,1232.9559326171875,-3.401553937415719,1.6523941570704497,1.6726079232309872,2.032551087434566,0.627429431397268,-1.3984765173050602,-1.096868328792425,2.0820913463062745,2.6485891825573047,1.1402999363825383
86.0,65.0,1232.9776611328125,-3.401559133456328,1.6523941570704497,1.6726968055970166,2.0325167295060407,0.6237434872904296,-1.397517877051117,-1.096867951441024,2.0820913463601505,2.6485891825573047,1.1402999363825383
86.0,65.0,1232.97802734375,-3.401562654581392,1.652324501158509,1.6726968055970166,2.0325167295060407,0.6237434872904296,-1.397517877051117,-1.096867951441024,2.0820913453351286,2.6485891825573047,1.1403019601737954
86.0,65.0,1232.978759765625,-3.401553177240213,1.6523941570704497,1.6726047253986358,2.032551087434566,0.6258366366441919,-1.3983312166315092,-1.096868328792425,2.0820913463062745,2.6485891825573047,1.1402999363825383
86.0,65.0,1232.978759765625,-3.401553177240213,1.6523941570704497,1.6726047253986358,2.032551087434566,0.6258366366441919,-1.3983312166315092,-1.096868328792425,2.0820913463062745,2.6485891825573047,1.1402999363825383
86.0,65.0,1233.0406494140625,-3.401553177240213,1.644556685954914,1.6726916638752405,2.031013593984752,0.694949467454729,-1.3983312166315092,-1.0979826612631796,2.0820913463062065,2.6485891825573047,1.1402999363825383
86.0,65.0,1233.1119384765625,-3.4017388769174546,1.6446596015886628,1.67268982813088,2.0309790480013934,0.6993462955352431,-1.3975540672349158,-1.0979069230456038,2.0820913453864143,2.6485891825573047,1.140299936360313
86.0,65.0,1233.112060546875,-3.4017388769174546,1.644663439086046,1.67268982813088,2.0309790480013934,0.6993464016942654,-1.397554073951964,-1.0979069230456038,2.082091345264982,2.648589161831296,1.140299936360313
86.0,65.0,1233.112060546875,-3.4017388729114604,1.644663439086046,1.67268982813088,2.0309790480013934,0.6993464016942654,-1.397554073951964,-1.0979069230456038,2.082091345264982,2.648589185501312,1.140299936360313
86.0,65.0,1233.11376953125,-3.4017431364627764,1.644659586701694,1.6726206977692248,2.0324241316471463,0.6993499848159213,-1.397550588669813,-1.097939988735699,2.082091346330707,2.6485891603067304,1.140299936374298
86.0,65.0,1233.114990234375,-3.4017405997237384,1.6446701923770264,1.6725758200219274,2.030979039923809,0.6993258340189337,-1.3975542007100277,-1.0968683911248498,2.082091345265692,2.648589162762422,1.1403531886330631
86.0,65.0,1233.11962890625,-3.4017405958777265,1.6446701923770264,1.6725760651361212,2.031168978142764,0.6998818130955015,-1.397367124107469,-1.0968683911248498,2.082091345387885,2.648589182895931,1.14035510731404
86.0,65.0,1233.1226806640625,-3.4017431364627764,1.644886329695965,1.6724098803097291,2.032463141051863,0.6993500334776495,-1.3975232711576018,-1.096890159204213,2.0820913453794323,2.648589180976337,1.1402999358453954
86.0,65.0,1233.127197265625,-3.401738873071442,1.644663439086046,1.6726900732450738,2.0309790480013934,0.6999023807708331,-1.397554073951964,-1.0979069230456038,2.0820913453898275,2.648589181964805,1.140299936360313
86.0,65.0,1233.127197265625,-3.4017388770774364,1.644663439086046,1.6726900732450738,2.0309790480013934,0.6999023807708331,-1.397554073951964,-1.0979069230456038,2.0820913453898275,2.6485891582947887,1.140299936360313
86.0,65.0,1233.130126953125,-3.4017405958777265,1.6446701923770264,1.6725760651361212,2.030979039923809,0.6998818130955015,-1.3975542007100277,-1.0968683911248498,2.0820913453905363,2.648589182895931,1.1403531886330631
86.0,65.0,1233.13623046875,-3.393446086701661,1.6523941570704497,1.67268982813088,2.0324840065838505,0.6948913068446938,-1.3984453825019725,-1.09686795412778,2.082091346349043,2.6485891825573047,1.1402999363825383
86.0,65.0,1233.13623046875,-3.393446086701661,1.6523941570704497,1.67268982813088,2.0324840065838505,0.6948913068446938,-1.3984453825019725,-1.09686795412778,2.082091346349043,2.6485891825573047,1.1402999363825383
86.0,65.0,1233.1500244140625,-3.4017431364627764,1.644659586701694,1.6706761745526215,2.0324241316471463,0.6993499848159213,-1.3975532013465704,-1.097939988735699,2.082091345395616,2.648589160473536,1.1402999358453954
86.0,65.0,1233.150146484375,-3.401743661465402,1.6483975221747642,1.6706206085195896,2.0324222464282284,0.69642732233478,-1.3975526020454785,-1.0979429614738894,2.0820913462279944,2.6485891665036934,1.140308628347863
86.0,65.0,1233.1541748046875,-3.4017640529760014,1.6483975221747642,1.6706206085195896,2.030906639655672,0.6965257846068776,-1.3975526020454785,-1.0979429614738894,2.08209134538798,2.648589166850626,1.140299973012401
86.0,65.0,1233.154541015625,-3.4017431364627764,1.644886329695965,1.6706761745526215,2.0324241316471463,0.6993499848159213,-1.3975526020454785,-1.097943111414292,2.0820913452604675,2.6485891618228163,1.140300008313495
86.0,65.0,1233.154541015625,-3.4017431364627764,1.644886329695965,1.6706761745526215,2.0324241316471463,0.6993499848159213,-1.3975526020454785,-1.097943111414292,2.0820913452604675,2.6485891618228163,1.1402999358453954
86.0,65.0,1233.154541015625,-3.4017431364627764,1.644886329695965,1.6706761745526215,2.0324241316471463,0.6993499848159213,-1.3975526020454785,-1.097943111414292,2.0820913453589,2.6485891618228163,1.140300008313495
86.0,65.0,1233.163818359375,-3.4015503911730858,1.6481291979663348,1.6726317271796922,2.032380585368625,0.62039065746961,-1.3984255242819266,-1.0944410285634978,2.0820913467023945,2.64858916064149,1.1402999139382373
86.0,65.0,1233.1649169921875,-3.401227558053341,1.644897675019931,1.671394996521428,2.0313784567975333,0.6963426733075592,-1.3997241481271276,-1.0979453413206266,2.082916210233156,2.6485891666098347,1.140308121433195
86.0,65.0,1233.16943359375,-3.4017431364627764,1.6448891363695552,1.670718419535301,2.0324241316471463,0.6999115309548148,-1.3975526020454785,-1.097943111414292,2.0820913452604675,2.6485891633151906,1.140300008313495
86.0,65.0,1233.16943359375,-3.4017431364627764,1.6448891363695552,1.670718419535301,2.0324241316471463,0.6999115309548148,-1.3975526020454785,-1.097943111414292,2.0820913452604675,2.6485891633151906,1.140300008313495
86.0,65.0,1233.1806640625,-3.401769129908505,1.6450863919077054,1.67268982813088,2.0314631724373906,0.6993462955352431,-1.3984432022541875,-1.0941587228784644,2.082091345317726,2.6485891825573047,1.1402999363825383
86.0,65.0,1233.184326171875,-3.401227558053341,1.644897675019931,1.6714101841813418,2.0313784567975333,0.6963426733075592,-1.3997241481271276,-1.0979453413206266,2.082091345266288,2.6485891666098347,1.140308121433195
86.0,65.0,1233.184326171875,-3.401227558053341,1.644897675019931,1.6714101841813418,2.0313784567975333,0.6963426733075592,-1.3997241481271276,-1.0979453413206266,2.082091345266288,2.6485891666098347,1.140308121433195
86.0,65.0,1233.184326171875,-3.401227558053341,1.644897675019931,1.6714101841813418,2.0313784567975333,0.6963426733075592,-1.3997241481271276,-1.0979453413206266,2.082091345266288,2.6485891666098347,1.140308121433195
86.0,65.0,1233.1845703125,-3.401227558053341,1.6449499758609385,1.6714101841813418,2.0312895117378647,0.6963426733075592,-1.3997145376889208,-1.0979453413206266,2.0820913453005536,2.6485891667728407,1.140300245724684
86.0,65.0,1233.1856689453125,-3.4007142735047733,1.644844633952243,1.6706761827689085,2.032551095301991,0.6993461000073006,-1.398343247336252,-1.096918363197104,2.0820913452775742,2.6485891612351864,1.1402999357934518
86.0,65.0,1233.1944580078125,-3.4007225424297647,1.6449627011537775,1.6727272063732357,2.0325509185872908,0.6998901835536803,-1.3987619350159892,-1.0944410285634978,2.082091346381011,2.648589161852056,1.1403316516791069
86.0,65.0,1233.194580078125,-3.4007225424297647,1.6449627011537775,1.6727272063732357,2.0325509185872908,0.7002132788484401,-1.398611940588196,-1.0944410285634978,2.082091346381011,2.6485891878908627,1.1403316516791069
86.0,65.0,1233.194580078125,-3.4007225424297647,1.6449627011537775,1.6727274185477488,2.0325509240365363,0.7002132788484401,-1.3986120642743387,-1.0944410285634978,2.082091346381011,2.6485891856558115,1.1403281160091927
86.0,65.0,1233.20361328125,-3.400774235636628,1.644859345578305,1.6706534927185557,2.031467300499611,0.6995286138643264,-1.3984458769210466,-1.0944819980283098,2.08209134634932,2.648589182296864,1.1402999268678602
86.0,65.0,1233.207275390625,-3.401541257312348,1.6456292489133488,1.6714101841813418,2.0313784567975333,0.6963426733075592,-1.3998023177812329,-1.0979453413206266,2.082091346308493,2.6485891666098347,1.1403081095594674
86.0,65.0,1233.2083740234375,-3.393446086701661,1.652441125516952,1.67268982813088,2.0324811364299524,0.6948913068446938,-1.399786665314326,-1.0966866110518183,2.0820913453019863,2.648589162112404,1.1402999363825383
86.0,65.0,1233.21142578125,-3.401553177240213,1.6523941570704497,1.6725579644461193,2.032550054630979,0.6950548320094967,-1.3983312166315092,-1.0968517758352618,2.0820913463062745,2.6485891825573047,1.1402999363825383
86.0,65.0,1233.21142578125,-3.401553177240213,1.6523941570704497,1.6725579644461193,2.032550054630979,0.6950548320094967,-1.3983312166315092,-1.0968517758352618,2.0820913463062745,2.6485891825573047,1.1402999363825383
86.0,66.0,1232.5113525390625,-3.401256148970566,1.6294594304248209,1.6714101841813418,2.031354632059924,0.6963428372618194,-1.3975099990949522,-1.0979453413206266,2.098875932267572,2.648589166533673,1.140308121433195
86.0,66.0,1232.5140380859375,-3.401256204480615,1.6294594304248209,1.6714101841813418,2.031354632059924,0.6964953886580457,-1.3975099990949522,-1.0979453413206266,2.098875932267572,2.6485891665409813,1.140308121433195
86.0,66.0,1232.5640869140625,-3.4017642141767697,1.629197347397419,1.6727032731586395,2.0309519087825008,0.6993462955352431,-1.3975234189534314,-1.09686795412778,2.098051067426698,2.6485891824870604,1.1402999363825383
86.0,66.0,1232.5640869140625,-3.4017642141767697,1.629197347397419,1.6727032731586395,2.0309519087825008,0.6993462955352431,-1.3975234189534314,-1.09686795412778,2.098051067426698,2.6485891824870604,1.1402999363825383
86.0,66.0,1232.5640869140625,-3.4017642141767697,1.629197347397419,1.6727032731586395,2.0309519087825008,0.6993462955352431,-1.3975234189534314,-1.09686795412778,2.098051067426698,2.6485891824870604,1.1402999363825383
86.0,66.0,1232.8719482421875,-3.401227558053341,1.644897675019931,1.6714101841813418,2.0313784567975333,0.6963426733075592,-1.3997241481271276,-1.0979453413206266,2.098875932267572,2.6485891666098347,1.140308121433195
86.0,66.0,1232.8770751953125,-3.4017642141767697,1.629197347397419,1.6726880854987254,2.0309519087825008,0.6993462955352431,-1.3975234189534314,-1.09686795412778,2.0820913453922825,2.6485891824870604,1.1402999363825383
86.0,66.0,1232.8770751953125,-3.4017642141767697,1.629197347397419,1.6726880854987254,2.0309519087825008,0.6993462955352431,-1.3975234189534314,-1.09686795412778,2.0820913453922825,2.6485891824870604,1.1402999363825383
86.0,66.0,1232.877685546875,-3.4017642141767697,1.6292571421686644,1.6726880854987254,2.030953684216133,0.6993462955352431,-1.3975234189534314,-1.09686795412778,2.082091345386336,2.6485891824893804,1.1402999363604895
86.0,66.0,1232.894775390625,-3.4017642141767697,1.6308444238921735,1.6726880854987254,2.0309519087825008,0.6993462928912882,-1.3975234189534314,-1.097927886444789,2.0820913453922825,2.6485891824870604,1.1402999363825383
86.0,66.0,1232.90576171875,-3.401553937415719,1.6523941570704497,1.6726079232309872,2.032551087434566,0.627429431397268,-1.3975399687197636,-1.096868328792425,2.082091345400958,2.6485891825573047,1.140299936401236
86.0,66.0,1232.92724609375,-3.401700432929349,1.6308444238921735,1.6713346375712368,2.0309519087825008,0.6993462928912882,-1.397526639019765,-1.097927886444789,2.0817098819021727,2.6485891824870604,1.1402999363825383
86.0,66.0,1232.9365234375,-3.401553177240213,1.6521958309634217,1.6726047253986358,2.0325544183185227,0.6258366366441919,-1.3975202780499472,-1.096868328792425,2.0820913463292774,2.648589183451699,1.140299936382165
86.0,66.0,1232.9495849609375,-3.401598823533576,1.6523941570704497,1.67268982813088,2.0324841710235315,0.6277117401287388,-1.3984739152083083,-1.0968679430623265,2.082091346349043,2.6485891825573047,1.1402999363825383
86.0,66.0,1232.9559326171875,-3.401553937415719,1.6523941570704497,1.6726079232309872,2.032551087434566,0.627429431397268,-1.3984765173050602,-1.096868328792425,2.0820913463062745,2.6485891825573047,1.1402999363825383
86.0,66.0,1232.96630859375,-3.401749104702057,1.644663439086046,1.672608031601159,2.0309790480013934,0.62836090135281,-1.3983031492833828,-1.0979069230456038,2.082091345264982,2.6485891826451224,1.1402999363812338
86.0,66.0,1232.9776611328125,-3.401559133456328,1.6523941570704497,1.6726968055970166,2.0325167295060407,0.6237434872904296,-1.397517877051117,-1.096867951441024,2.0820913463601505,2.6485891825573047,1.1402999363825383
86.0,66.0,1232.97802734375,-3.401562654581392,1.652324501158509,1.6726968055970166,2.0325167295060407,0.6237434872904296,-1.397517877051117,-1.096867951441024,2.0820913453351286,2.6485891825573047,1.1403019601737954
86.0,66.0,1232.978759765625,-3.401553177240213,1.6523941570704497,1.6726047253986358,2.032551087434566,0.6258366366441919,-1.3983312166315092,-1.096868328792425,2.0820913463062745,2.6485891825573047,1.1402999363825383
86.0,66.0,1232.978759765625,-3.401553177240213,1.6523941570704497,1.6726047253986358,2.032551087434566,0.6258366366441919,-1.3983312166315092,-1.096868328792425,2.0820913463062745,2.6485891825573047,1.1402999363825383
86.0,66.0,1232.9825439453125,-3.401553937415719,1.6523941570704497,1.6726079232309872,2.032551087434566,0.6257522666744892,-1.3983711760077302,-1.096868328792425,2.082091345400958,2.6485891825573047,1.140299936382285
86.0,66.0,1233.04052734375,-3.4015451738863445,1.644556685954914,1.6726916638752405,2.031013593984752,0.694949467454729,-1.3983312166315092,-1.0979826612631796,2.082091346318627,2.6485891825573047,1.1402999363825383
86.0,66.0,1233.0406494140625,-3.401553177240213,1.644556685954914,1.6726916638752405,2.031013593984752,0.694949467454729,-1.3983312166315092,-1.0979826612631796,2.0820913463062065,2.6485891825573047,1.1402999363825383
86.0,66.0,1233.0576171875,-3.4012267596724586,1.6444848564231935,1.6714101841813418,2.0313562919348875,0.6964971591304522,-1.3976098548059173,-1.0979453413206266,2.0818966939457826,2.6485891665409813,1.1403005134412416
86.0,66.0,1233.0833740234375,-3.401546457644641,1.6445590412480895,1.67268982813088,2.0325269664391463,0.6984218947593713,-1.3975185086049555,-1.0967665062197616,2.0820913453346948,2.648589161740702,1.140299936360313
86.0,66.0,1233.1119384765625,-3.4017388769174546,1.6446596015886628,1.67268982813088,2.0309790480013934,0.6993462955352431,-1.3975540672349158,-1.0979069230456038,2.0820913453864143,2.6485891825573047,1.140299936360313
86.0,66.0,1233.112060546875,-3.4017388769174546,1.644663439086046,1.67268982813088,2.0309790480013934,0.6993464016942654,-1.397554073951964,-1.0979069230456038,2.082091345264982,2.648589161831296,1.140299936360313
86.0,66.0,1233.112060546875,-3.4017388729114604,1.644663439086046,1.67268982813088,2.0309790480013934,0.6993464016942654,-1.397554073951964,-1.0979069230456038,2.082091345264982,2.648589185501312,1.140299936360313
86.0,66.0,1233.11376953125,-3.4017431364627764,1.644659586701694,1.6726206977692248,2.0324241316471463,0.6993499848159213,-1.397550588669813,-1.097939988735699,2.082091346330707,2.6485891603067304,1.140299936374298
86.0,66.0,1233.114990234375,-3.4017405997237384,1.6446701923770264,1.6725758200219274,2.030979039923809,0.6993258340189337,-1.3975542007100277,-1.0968683911248498,2.082091345265692,2.648589162762422,1.1403531886330631
86.0,66.0,1233.115234375,-3.4017405997237384,1.644682119503477,1.6725758200219274,2.030756805491852,0.6993253332545387,-1.3975542302067587,-1.0968683911248498,2.082091345265692,2.6485891618395856,1.1403531886330631
86.0,66.0,1233.11962890625,-3.4017405958777265,1.6446701923770264,1.6725760651361212,2.031168978142764,0.6998818130955015,-1.397367124107469,-1.0968683911248498,2.082091345387885,2.648589182895931,1.14035510731404
86.0,66.0,1233.1226806640625,-3.4017431364627764,1.644886329695965,1.6724098803097291,2.032463141051863,0.6993500334776495,-1.3975232711576018,-1.096890159204213,2.0820913453794323,2.648589180976337,1.1402999358453954
86.0,66.0,1233.127197265625,-3.401738873071442,1.644663439086046,1.6726900732450738,2.0309790480013934,0.6999023807708331,-1.397554073951964,-1.0979069230456038,2.0820913453898275,2.648589181964805,1.140299936360313
86.0,66.0,1233.127197265625,-3.4017388770774364,1.644663439086046,1.6726900732450738,2.0309790480013934,0.6999023807708331,-1.397554073951964,-1.0979069230456038,2.0820913453898275,2.6485891582947887,1.140299936360313
86.0,66.0,1233.130126953125,-3.4017405958777265,1.6446701923770264,1.6725760651361212,2.030979039923809,0.6998818130955015,-1.3975542007100277,-1.0968683911248498,2.0820913453905363,2.648589182895931,1.1403531886330631
86.0,66.0,1233.13623046875,-3.393446086701661,1.6523941570704497,1.67268982813088,2.0324840065838505,0.6948913068446938,-1.3984453825019725,-1.09686795412778,2.082091346349043,2.6485891825573047,1.1402999363825383
86.0,66.0,1233.13623046875,-3.393446086701661,1.6523941570704497,1.67268982813088,2.0324840065838505,0.6948913068446938,-1.3984453825019725,-1.09686795412778,2.082091346349043,2.6485891825573047,1.1402999363825383
86.0,66.0,1233.1490478515625,-3.4017431364627764,1.644659586701694,1.6707302468398595,2.0324241316471463,0.6993499848159213,-1.3975532013465704,-1.0979294951882506,2.082091346353573,2.6485891823997134,1.1402999363498798
86.0,66.0,1233.1500244140625,-3.4017431364627764,1.644659586701694,1.6706761745526215,2.0324241316471463,0.6993499848159213,-1.3975532013465704,-1.097939988735699,2.082091345395616,2.648589160473536,1.1402999358453954
86.0,66.0,1233.150146484375,-3.401743661465402,1.6483975221747642,1.6706206085195896,2.0324222464282284,0.69642732233478,-1.3975526020454785,-1.0979429614738894,2.0820913462279944,2.6485891665036934,1.140308628347863
86.0,66.0,1233.1514892578125,-3.4017640529760014,1.6483975221747642,1.6706206085195896,2.030908360904525,0.6964227764766063,-1.3975526020454785,-1.0979088180082817,2.0820913453880023,2.648589166850626,1.140299973012401
86.0,66.0,1233.1541748046875,-3.4017640529760014,1.6483975221747642,1.6706206085195896,2.030906639655672,0.6965257846068776,-1.3975526020454785,-1.0979429614738894,2.08209134538798,2.648589166850626,1.140299973012401
86.0,66.0,1233.154541015625,-3.4017431364627764,1.644886329695965,1.6706761745526215,2.0324241316471463,0.6993499848159213,-1.3975526020454785,-1.097943111414292,2.0820913452604675,2.6485891618228163,1.140300008313495
86.0,66.0,1233.154541015625,-3.4017431364627764,1.644886329695965,1.6706761745526215,2.0324241316471463,0.6993499848159213,-1.3975526020454785,-1.097943111414292,2.0820913452604675,2.6485891618228163,1.1402999358453954
86.0,66.0,1233.154541015625,-3.4017431364627764,1.644886329695965,1.6706761745526215,2.0324241316471463,0.6993499848159213,-1.3975526020454785,-1.097943111414292,2.0820913453589,2.6485891618228163,1.140300008313495
86.0,66.0,1233.163818359375,-3.4015503911730858,1.6481291979663348,1.6726317271796922,2.032380585368625,0.62039065746961,-1.3984255242819266,-1.0944410285634978,2.0820913467023945,2.64858916064149,1.1402999139382373
86.0,66.0,1233.1649169921875,-3.401227558053341,1.644897675019931,1.671394996521428,2.0313784567975333,0.6963426733075592,-1.3997241481271276,-1.0979453413206266,2.082916210233156,2.6485891666098347,1.140308121433195
86.0,66.0,1233.165771484375,-3.4017431364627764,1.6448579128087215,1.6726206977692248,2.0324208007631896,0.6993499848159213,-1.398361527251375,-1.097939988735699,2.0820913463077035,2.648589159412336,1.1402999363746709
86.0,66.0,1233.16943359375,-3.4017431364627764,1.6448891363695552,1.670718419535301,2.0324241316471463,0.6999115309548148,-1.3975526020454785,-1.097943111414292,2.0820913452604675,2.6485891633151906,1.140300008313495
86.0,67.0,1232.5113525390625,-3.401256148970566,1.6294594304248209,1.6714101841813418,2.031354632059924,0.6963428372618194,-1.3975099990949522,-1.0979453413206266,2.098875932267572,2.648589166533673,1.140308121433195
86.0,67.0,1232.5140380859375,-3.401256204480615,1.6294594304248209,1.6714101841813418,2.031354632059924,0.6964953886580457,-1.3975099990949522,-1.0979453413206266,2.098875932267572,2.6485891665409813,1.140308121433195
86.0,67.0,1232.5460205078125,-3.401760981589032,1.629197347397419,1.6727037063623171,2.0310388335737883,0.6983966854627075,-1.3975234189534314,-1.09686795412778,2.098051067426698,2.6485891824870604,1.1402999363825383
86.0,67.0,1232.5640869140625,-3.4017642141767697,1.629197347397419,1.6727032731586395,2.0309519087825008,0.6993462955352431,-1.3975234189534314,-1.09686795412778,2.098051067426698,2.6485891824870604,1.1402999363825383
86.0,67.0,1232.5640869140625,-3.4017642141767697,1.629197347397419,1.6727032731586395,2.0309519087825008,0.6993462955352431,-1.3975234189534314,-1.09686795412778,2.098051067426698,2.6485891824870604,1.1402999363825383
86.0,67.0,1232.5640869140625,-3.4017642141767697,1.629197347397419,1.6727032731586395,2.0309519087825008,0.6993462955352431,-1.3975234189534314,-1.09686795412778,2.098051067426698,2.6485891824870604,1.1402999363825383
86.0,67.0,1232.626953125,-3.4012277914021154,1.6518227543159285,1.6726079232309872,2.032551087434566,0.627429431397268,-1.3975678420081352,-1.096868328792425,2.100946527609361,2.6485891825573047,1.140299936401236
86.0,67.0,1232.6761474609375,-3.4012514119879484,1.652140433193113,1.6726047253986358,2.0325229789164734,0.6258366366441919,-1.3975202780499472,-1.096868328792425,2.0987832393947,2.648589183451699,1.140308247001948
86.0,67.0,1232.8121337890625,-3.401256148970566,1.6294594304248209,1.6714101841813418,2.031354632059924,0.6963428372618194,-1.397518585413026,-1.0978050301235427,2.0830887524023387,2.648589161388484,1.140308121433195
86.0,67.0,1232.8719482421875,-3.401227558053341,1.644897675019931,1.6714101841813418,2.0313784567975333,0.6963426733075592,-1.3997241481271276,-1.0979453413206266,2.098875932267572,2.6485891666098347,1.140308121433195
86.0,67.0,1232.8770751953125,-3.4017642141767697,1.629197347397419,1.6726880854987254,2.0309519087825008,0.6993462955352431,-1.3975234189534314,-1.09686795412778,2.0820913453922825,2.6485891824870604,1.1402999363825383
86.0,67.0,1232.8770751953125,-3.4017642141767697,1.629197347397419,1.6726880854987254,2.0309519087825008,0.6993462955352431,-1.3975234189534314,-1.09686795412778,2.0820913453922825,2.6485891824870604,1.1402999363825383
86.0,67.0,1232.877685546875,-3.4017642141767697,1.6292571421686644,1.6726880854987254,2.030953684216133,0.6993462955352431,-1.3975234189534314,-1.09686795412778,2.082091345386336,2.6485891824893804,1.1402999363604895
86.0,67.0,1232.87841796875,-3.401764235496059,1.629197347397419,1.6726880854987254,2.0309519087825008,0.6993462923245635,-1.3975232901118153,-1.098001369256364,2.0820913453922825,2.6485891824870604,1.1402999363825383
86.0,67.0,1232.8892822265625,-3.401743972662707,1.6446857320403347,1.6726904818852726,2.032551087434566,0.630882973431843,-1.39753944773605,-1.096868328792425,2.082091345386213,2.6485891825573047,1.140299936401236
86.0,67.0,1232.894775390625,-3.4017642141767697,1.6308444238921735,1.6726880854987254,2.0309519087825008,0.6993462928912882,-1.3975234189534314,-1.097927886444789,2.0820913453922825,2.6485891824870604,1.1402999363825383
86.0,67.0,1232.894775390625,-3.4017642141767697,1.629197347397419,1.6727032731586395,2.0309519087825008,0.6993462955352431,-1.3975234189534314,-1.09686795412778,2.0813778447579057,2.6485891824870604,1.1402999363825383
86.0,67.0,1232.90576171875,-3.401553937415719,1.6523941570704497,1.6726079232309872,2.032551087434566,0.627429431397268,-1.3975399687197636,-1.096868328792425,2.082091345400958,2.6485891825573047,1.140299936401236
86.0,67.0,1232.926513671875,-3.40170041161006,1.6308444238921735,1.6713346375712368,2.0309519087825008,0.6993462961019679,-1.397526767861381,-1.096794471316205,2.0817098819021727,2.6485891824870604,1.1402999363825383
86.0,67.0,1232.92724609375,-3.401700432929349,1.6308444238921735,1.6713346375712368,2.0309519087825008,0.6993462928912882,-1.397526639019765,-1.097927886444789,2.0817098819021727,2.6485891824870604,1.1402999363825383
86.0,67.0,1232.9365234375,-3.401553177240213,1.6521958309634217,1.6726047253986358,2.0325544183185227,0.6258366366441919,-1.3975202780499472,-1.096868328792425,2.0820913463292774,2.648589183451699,1.140299936382165
86.0,67.0,1232.9495849609375,-3.401598823533576,1.6523941570704497,1.67268982813088,2.0324841710235315,0.6277117401287388,-1.3984739152083083,-1.0968679430623265,2.082091346349043,2.6485891825573047,1.1402999363825383
86.0,67.0,1232.9559326171875,-3.401553937415719,1.6523941570704497,1.6726079232309872,2.032551087434566,0.627429431397268,-1.3984765173050602,-1.096868328792425,2.0820913463062745,2.6485891825573047,1.1402999363825383
86.0,67.0,1232.96630859375,-3.401749104702057,1.644663439086046,1.672608031601159,2.0309790480013934,0.62836090135281,-1.3983031492833828,-1.0979069230456038,2.082091345264982,2.6485891826451224,1.1402999363812338
86.0,67.0,1232.9776611328125,-3.401559133456328,1.6523941570704497,1.6726968055970166,2.0325167295060407,0.6237434872904296,-1.397517877051117,-1.096867951441024,2.0820913463601505,2.6485891825573047,1.1402999363825383
86.0,67.0,1232.97802734375,-3.401562654581392,1.652324501158509,1.6726968055970166,2.0325167295060407,0.6237434872904296,-1.397517877051117,-1.096867951441024,2.0820913453351286,2.6485891825573047,1.1403019601737954
86.0,67.0,1232.978759765625,-3.401553177240213,1.6523941570704497,1.6726047253986358,2.032551087434566,0.6258366366441919,-1.3983312166315092,-1.096868328792425,2.0820913463062745,2.6485891825573047,1.1402999363825383
86.0,67.0,1232.978759765625,-3.401553177240213,1.6523941570704497,1.6726047253986358,2.032551087434566,0.6258366366441919,-1.3983312166315092,-1.096868328792425,2.0820913463062745,2.6485891825573047,1.1402999363825383
86.0,67.0,1232.9825439453125,-3.401553937415719,1.6523941570704497,1.6726079232309872,2.032551087434566,0.6257522666744892,-1.3983711760077302,-1.096868328792425,2.082091345400958,2.6485891825573047,1.140299936382285
86.0,67.0,1233.012451171875,-3.401559133456328,1.6523941570704497,1.6726968055970166,2.0325167295060407,0.6221386759686063,-1.397517877051117,-1.096872610559959,2.0820913463588284,2.64858916657156,1.1403083131733334
86.0,67.0,1233.04052734375,-3.4015451738863445,1.644556685954914,1.6726916638752405,2.031013593984752,0.694949467454729,-1.3983312166315092,-1.0979826612631796,2.082091346318627,2.6485891825573047,1.1402999363825383
86.0,67.0,1233.0406494140625,-3.401553177240213,1.644556685954914,1.6726916638752405,2.031013593984752,0.694949467454729,-1.3983312166315092,-1.0979826612631796,2.0820913463062065,2.6485891825573047,1.1402999363825383
86.0,67.0,1233.0576171875,-3.4012267596724586,1.6444848564231935,1.6714101841813418,2.0313562919348875,0.6964971591304522,-1.3976098548059173,-1.0979453413206266,2.0818966939457826,2.6485891665409813,1.1403005134412416
86.0,67.0,1233.0833740234375,-3.401546457644641,1.6445590412480895,1.67268982813088,2.0325269664391463,0.6984218947593713,-1.3975185086049555,-1.0967665062197616,2.0820913453346948,2.648589161740702,1.140299936360313
86.0,67.0,1233.1119384765625,-3.4017388769174546,1.6446596015886628,1.67268982813088,2.0309790480013934,0.6993462955352431,-1.3975540672349158,-1.0979069230456038,2.0820913453864143,2.6485891825573047,1.140299936360313
86.0,67.0,1233.112060546875,-3.4017388769174546,1.644663439086046,1.67268982813088,2.0309790480013934,0.6993464016942654,-1.397554073951964,-1.0979069230456038,2.082091345264982,2.648589161831296,1.140299936360313
86.0,67.0,1233.112060546875,-3.4017388729114604,1.644663439086046,1.67268982813088,2.0309790480013934,0.6993464016942654,-1.397554073951964,-1.0979069230456038,2.082091345264982,2.648589185501312,1.140299936360313
86.0,67.0,1233.11376953125,-3.4017431364627764,1.644659586701694,1.6726206977692248,2.0324241316471463,0.6993499848159213,-1.397550588669813,-1.097939988735699,2.082091346330707,2.6485891603067304,1.140299936374298
86.0,67.0,1233.114990234375,-3.4017405997237384,1.6446701923770264,1.6725758200219274,2.030979039923809,0.6993258340189337,-1.3975542007100277,-1.0968683911248498,2.082091345265692,2.648589162762422,1.1403531886330631
86.0,67.0,1233.115234375,-3.4017405997237384,1.644682119503477,1.6725758200219274,2.030756805491852,0.6993253332545387,-1.3975542302067587,-1.0968683911248498,2.082091345265692,2.6485891618395856,1.1403531886330631
86.0,67.0,1233.11962890625,-3.4017405958777265,1.6446701923770264,1.6725760651361212,2.031168978142764,0.6998818130955015,-1.397367124107469,-1.0968683911248498,2.082091345387885,2.648589182895931,1.14035510731404
86.0,67.0,1233.1202392578125,-3.4017431364627764,1.6446656507312285,1.6724098803097291,2.032463141051863,0.6993602470549315,-1.3975538149631783,-1.096890159204213,2.082091345379446,2.648589180976337,1.140299935829113
86.0,67.0,1233.1226806640625,-3.4017431364627764,1.644886329695965,1.6724098803097291,2.032463141051863,0.6993500334776495,-1.3975232711576018,-1.096890159204213,2.0820913453794323,2.648589180976337,1.1402999358453954
86.0,67.0,1233.127197265625,-3.401738873071442,1.644663439086046,1.6726900732450738,2.0309790480013934,0.6999023807708331,-1.397554073951964,-1.0979069230456038,2.0820913453898275,2.648589181964805,1.140299936360313
86.0,67.0,1233.127197265625,-3.4017388770774364,1.644663439086046,1.6726900732450738,2.0309790480013934,0.6999023807708331,-1.397554073951964,-1.0979069230456038,2.0820913453898275,2.6485891582947887,1.140299936360313
86.0,67.0,1233.130126953125,-3.4017405958777265,1.6446701923770264,1.6725760651361212,2.030979039923809,0.6998818130955015,-1.3975542007100277,-1.0968683911248498,2.0820913453905363,2.648589182895931,1.1403531886330631
86.0,67.0,1233.135498046875,-3.4017642141767697,1.6308444238921735,1.6726880854987254,2.0309519087825008,0.6277550966104891,-1.397578579718436,-1.097927886444789,2.082091345340648,2.648589182484816,1.1402999363825383
86.0,67.0,1233.13623046875,-3.393446086701661,1.6523941570704497,1.67268982813088,2.0324840065838505,0.6948913068446938,-1.3984453825019725,-1.09686795412778,2.082091346349043,2.6485891825573047,1.1402999363825383
86.0,67.0,1233.13623046875,-3.393446086701661,1.6523941570704497,1.67268982813088,2.0324840065838505,0.6948913068446938,-1.3984453825019725,-1.09686795412778,2.082091346349043,2.6485891825573047,1.1402999363825383
86.0,67.0,1233.1490478515625,-3.4017431364627764,1.644659586701694,1.6707302468398595,2.0324241316471463,0.6993499848159213,-1.3975532013465704,-1.0979294951882506,2.082091346353573,2.6485891823997134,1.1402999363498798
86.0,68.0,1232.492919921875,-3.401256148970566,1.6294594304248209,1.7418666087180088,2.031354632059924,0.6963428372618194,-1.3975183671676594,-1.0968745020859183,2.0830887524023387,2.648589161388484,1.140308121433195
86.0,68.0,1232.509033203125,-3.401256148970566,1.6291946812781932,1.6714101841813418,2.031360606105474,0.6963428372618194,-1.3975099990949522,-1.098005519199234,2.098875932267572,2.648589165704909,1.1402999550220665
86.0,68.0,1232.5113525390625,-3.401256148970566,1.6294594304248209,1.6714101841813418,2.031354632059924,0.6963428372618194,-1.3975099990949522,-1.0979453413206266,2.098875932267572,2.648589166533673,1.140308121433195
86.0,68.0,1232.5115966796875,-3.401256204480615,1.629199048067327,1.6714101841813418,2.0313399342091447,0.6964953886580457,-1.3975099990949522,-1.0979775239465177,2.098875932267572,2.6485891665409813,1.140308121433195
86.0,68.0,1232.5140380859375,-3.401256204480615,1.6294594304248209,1.6714101841813418,2.031354632059924,0.6964953886580457,-1.3975099990949522,-1.0979453413206266,2.098875932267572,2.6485891665409813,1.140308121433195
86.0,68.0,1232.543212890625,-3.401256204480615,1.629440814703036,1.672710738459415,2.0309688236810275,0.6992532624372142,-1.3975099990949522,-1.0968497443582357,2.098875932267572,2.6485891665409813,1.1402999924193715
86.0,68.0,1232.5460205078125,-3.401760981589032,1.629197347397419,1.6727037063623171,2.0310388335737883,0.6983966854627075,-1.3975234189534314,-1.09686795412778,2.098051067426698,2.6485891824870604,1.1402999363825383
86.0,68.0,1232.5621337890625,-3.401760981589032,1.6308181722317767,1.6727037063623171,2.030961351184033,0.6983966854627075,-1.3975234956367466,-1.09686795412778,2.0980884424390904,2.6485891824870604,1.1402999363825383
86.0,68.0,1232.5640869140625,-3.4017642141767697,1.629197347397419,1.6727032731586395,2.0309519087825008,0.6993462955352431,-1.3975234189534314,-1.09686795412778,2.098051067426698,2.6485891824870604,1.1402999363825383
86.0,68.0,1232.5640869140625,-3.4017642141767697,1.629197347397419,1.6727032731586395,2.0309519087825008,0.6993462955352431,-1.3975234189534314,-1.09686795412778,2.098051067426698,2.6485891824870604,1.1402999363825383
86.0,68.0,1232.5640869140625,-3.4017642141767697,1.629197347397419,1.6727032731586395,2.0309519087825008,0.6993462955352431,-1.3975234189534314,-1.09686795412778,2.098051067426698,2.6485891824870604,1.1402999363825383
86.0,68.0,1232.5640869140625,-3.4017642141767697,1.629197347397419,1.6727032731586395,2.0309519087825008,0.6993462955352431,-1.3975234189534314,-1.09686795412778,2.098051067426698,2.6485891824870604,1.1402999363825383
86.0,68.0,1232.5809326171875,-3.4012275546228,1.6513752488542328,1.6726079232309872,2.0314060689750244,0.6307601995398726,-1.3975678420081352,-1.0968518498600623,2.0986497259308265,2.648589183966412,1.1403083102131748
86.0,68.0,1232.626953125,-3.4012277914021154,1.6518227543159285,1.6726079232309872,2.032551087434566,0.627429431397268,-1.3975678420081352,-1.096868328792425,2.100946527609361,2.6485891825573047,1.140299936401236
86.0,68.0,1232.6761474609375,-3.4012514119879484,1.652140433193113,1.6726047253986358,2.0325229789164734,0.6258366366441919,-1.3975202780499472,-1.096868328792425,2.0987832393947,2.648589183451699,1.140308247001948
86.0,68.0,1232.6761474609375,-3.4012514119879484,1.652140433193113,1.6726047253986358,2.0325229789164734,0.6258366366441919,-1.3975202780499472,-1.096868328792425,2.0987832393947,2.648589183451699,1.140308247001948
86.0,68.0,1232.80859375,-3.4017642141767697,1.6444614198765042,1.6727027584152432,2.0309519087825008,0.6993462955352431,-1.3975235242935922,-1.09686795412778,2.097991748810249,2.648589185540537,1.1402999363825383
86.0,68.0,1232.8121337890625,-3.401256148970566,1.6294594304248209,1.6714101841813418,2.031354632059924,0.6963428372618194,-1.397518585413026,-1.0978050301235427,2.0830887524023387,2.648589161388484,1.140308121433195
86.0,68.0,1232.826171875,-3.401227459192657,1.6517146930783488,1.6725206935347792,2.032620529747741,0.6948745217386154,-1.3975156386970946,-1.0969017300573105,2.1001840059086585,2.648589181690784,1.140299936401236
86.0,68.0,1232.8719482421875,-3.401227558053341,1.644897675019931,1.6714101841813418,2.0313784567975333,0.6963426733075592,-1.3997241481271276,-1.0979453413206266,2.098875932267572,2.6485891666098347,1.140308121433195
86.0,68.0,1232.8770751953125,-3.4017642141767697,1.629197347397419,1.6726880854987254,2.0309519087825008,0.6993462955352431,-1.3975234189534314,-1.09686795412778,2.0820913453922825,2.6485891824870604,1.1402999363825383
86.0,68.0,1232.8770751953125,-3.4017642141767697,1.629197347397419,1.6726880854987254,2.0309519087825008,0.6993462955352431,-1.3975234189534314,-1.09686795412778,2.0820913453922825,2.6485891824870604,1.1402999363825383
86.0,68.0,1232.8770751953125,-3.4017642141767697,1.6291955103069844,1.6726880854987254,2.030953684216133,0.6993462955352431,-1.3975234189534314,-1.09686795412778,2.082091345386292,2.648589182487129,1.1402999363604895
86.0,68.0,1232.877685546875,-3.4017642141767697,1.6292571421686644,1.6726880854987254,2.030953684216133,0.6993462955352431,-1.3975234189534314,-1.09686795412778,2.082091345386336,2.6485891824893804,1.1402999363604895
86.0,68.0,1232.87841796875,-3.401764235496059,1.629197347397419,1.6726880854987254,2.0309519087825008,0.6993462923245635,-1.3975232901118153,-1.098001369256364,2.0820913453922825,2.6485891824870604,1.1402999363825383
86.0,68.0,1232.8804931640625,-3.4017388729114604,1.6293993666069608,1.6726903428742763,2.0309790480013934,0.6993464016942654,-1.3975539686118037,-1.0979069230456038,2.082150663881431,2.648589182447836,1.140299936360313
86.0,68.0,1232.880859375,-3.401764235496059,1.6294620965440465,1.6726880854987254,2.0309459347369505,0.6993462923245635,-1.3975232901118153,-1.0979411913777564,2.0820913453922825,2.648589183315824,1.140308102793667
86.0,68.0,1232.88623046875,-3.401558377209967,1.6446857320403347,1.6726905087759496,2.032551087434566,0.6310125962915926,-1.397517472290808,-1.0968683307236446,2.082091345334663,2.6485891825573047,1.140299936401236
86.0,68.0,1232.8892822265625,-3.401743972662707,1.6446857320403347,1.6726904818852726,2.032551087434566,0.630882973431843,-1.39753944773605,-1.096868328792425,2.082091345386213,2.6485891825573047,1.140299936401236
86.0,68.0,1232.894775390625,-3.4017642141767697,1.6308444238921735,1.6726880854987254,2.0309519087825008,0.6993462928912882,-1.3975234189534314,-1.097927886444789,2.0820913453922825,2.6485891824870604,1.1402999363825383
86.0,68.0,1232.894775390625,-3.4017642141767697,1.629197347397419,1.6727032731586395,2.0309519087825008,0.6993462955352431,-1.3975234189534314,-1.09686795412778,2.0813778447579057,2.6485891824870604,1.1402999363825383
86.0,68.0,1232.896240234375,-3.40175420729801,1.6521324496756085,1.6726079232309872,2.030960532524316,0.627429431397268,-1.3975399687197636,-1.096868328792425,2.082091345400958,2.648589182481256,1.140299936401236
86.0,68.0,1232.90185546875,-3.401563944294479,1.6294590547922605,1.6727032731586395,2.032542463692751,0.6993462955352431,-1.3975234189534314,-1.09686795412778,2.0813778447579057,2.6485891825631094,1.1402999363825383
86.0,68.0,1232.90576171875,-3.401553937415719,1.6523941570704497,1.6726079232309872,2.032551087434566,0.627429431397268,-1.3975399687197636,-1.096868328792425,2.082091345400958,2.6485891825573047,1.140299936401236
86.0,68.0,1232.9122314453125,-3.401700432929349,1.6292235990578157,1.6713346375712368,2.031029391172256,0.6993462928912882,-1.3975265623364497,-1.097927886444789,2.08167250688978,2.6485891824870604,1.1402999363825383
86.0,68.0,1232.926513671875,-3.40170041161006,1.6308444238921735,1.6713346375712368,2.0309519087825008,0.6993462961019679,-1.397526767861381,-1.096794471316205,2.0817098819021727,2.6485891824870604,1.1402999363825383
86.0,68.0,1232.92724609375,-3.401700432929349,1.6308444238921735,1.6713346375712368,2.0309519087825008,0.6993462928912882,-1.397526639019765,-1.097927886444789,2.0817098819021727,2.6485891824870604,1.1402999363825383
86.0,68.0,1232.92724609375,-3.401700432929349,1.6308444238921735,1.6713346375712368,2.0309519087825008,0.6993462928912882,-1.397526639019765,-1.097927886444789,2.0817098819021727,2.6485891824870604,1.1402999363825383
86.0,68.0,1232.9365234375,-3.401553177240213,1.6521958309634217,1.6726047253986358,2.0325544183185227,0.6258366366441919,-1.3975202780499472,-1.096868328792425,2.0820913463292774,2.648589183451699,1.140299936382165
86.0,68.0,1232.9495849609375,-3.401598823533576,1.6523941570704497,1.67268982813088,2.0324841710235315,0.6277117401287388,-1.3984739152083083,-1.0968679430623265,2.082091346349043,2.6485891825573047,1.1402999363825383
86.0,68.0,1232.9559326171875,-3.401553937415719,1.6523941570704497,1.6726079232309872,2.032551087434566,0.627429431397268,-1.3984765173050602,-1.096868328792425,2.0820913463062745,2.6485891825573047,1.1402999363825383
86.0,68.0,1232.96630859375,-3.401749104702057,1.644663439086046,1.672608031601159,2.0309790480013934,0.62836090135281,-1.3983031492833828,-1.0979069230456038,2.082091345264982,2.6485891826451224,1.1402999363812338
86.0,68.0,1232.9776611328125,-3.401559133456328,1.6523941570704497,1.6726968055970166,2.0325167295060407,0.6237434872904296,-1.397517877051117,-1.096867951441024,2.0820913463601505,2.6485891825573047,1.1402999363825383
86.0,68.0,1232.9776611328125,-3.401559133456328,1.6523941570704497,1.6726968055970166,2.0325167295060407,0.6237434872904296,-1.397517877051117,-1.096867951441024,2.0820913463601505,2.6485891825573047,1.1402999363825383
86.0,68.0,1232.97802734375,-3.401562654581392,1.652324501158509,1.6726968055970166,2.0325167295060407,0.6237434872904296,-1.397517877051117,-1.096867951441024,2.0820913453351286,2.6485891825573047,1.1403019601737954
86.0,68.0,1232.978759765625,-3.401553177240213,1.6523941570704497,1.6726047253986358,2.032551087434566,0.6258366366441919,-1.3983312166315092,-1.096868328792425,2.0820913463062745,2.6485891825573047,1.1402999363825383
86.0,68.0,1232.978759765625,-3.401553177240213,1.6523941570704497,1.6726047253986358,2.032551087434566,0.6258366366441919,-1.3983312166315092,-1.096868328792425,2.0820913463062745,2.6485891825573047,1.1402999363825383
86.0,68.0,1232.980712890625,-3.401738781537598,1.644663439086046,1.67268982813088,2.0309790480013934,0.6260004379255386,-1.397554073951964,-1.0969143851264291,2.0820913463474016,2.648589161831296,1.1402999363837978
86.0,68.0,1232.9825439453125,-3.401553937415719,1.6523941570704497,1.6726079232309872,2.032551087434566,0.6257522666744892,-1.3983711760077302,-1.096868328792425,2.082091345400958,2.6485891825573047,1.140299936382285
86.0,68.0,1232.9931640625,-3.401562654581392,1.652324501158509,1.6726964023676982,2.0325167295060407,0.6237434872904296,-1.397517877051117,-1.096867951441024,2.081371838080173,2.648589182485746,1.1403019601737954
86.0,69.0,1232.4493408203125,-3.401558377209967,1.6446857320403347,1.6726905087759496,2.032551087434566,0.640192575657129,-1.397517323642672,-1.0968683307236446,2.0995017411341244,2.648589182631501,1.1403080491469983
86.0,69.0,1232.492919921875,-3.401256148970566,1.6294594304248209,1.7418666087180088,2.031354632059924,0.6963428372618194,-1.3975183671676594,-1.0968745020859183,2.0830887524023387,2.648589161388484,1.140308121433195
86.0,69.0,1232.4940185546875,-3.401256204480615,1.6294397524736357,1.6727786131919096,2.031359291978745,0.6965322616689563,-1.3975099990949522,-1.0979453413206266,2.098875932267572,2.6485891665409813,1.140308121433195
86.0,69.0,1232.509033203125,-3.401256148970566,1.6291946812781932,1.6714101841813418,2.031360606105474,0.6963428372618194,-1.3975099990949522,-1.098005519199234,2.098875932267572,2.648589165704909,1.1402999550220665
86.0,69.0,1232.509033203125,-3.401256148970566,1.6291946812781932,1.6714101841813418,2.031360606105474,0.6963428372618194,-1.3975099990949522,-1.098005519199234,2.098875932267572,2.648589165704909,1.1402999550220665
86.0,69.0,1232.5113525390625,-3.401256148970566,1.6294594304248209,1.6714101841813418,2.031354632059924,0.6963428372618194,-1.3975099990949522,-1.0979453413206266,2.098875932267572,2.648589166533673,1.140308121433195
86.0,69.0,1232.5115966796875,-3.401256204480615,1.629199048067327,1.6714101841813418,2.0313399342091447,0.6964953886580457,-1.3975099990949522,-1.0979775239465177,2.098875932267572,2.6485891665409813,1.140308121433195
86.0,69.0,1232.5140380859375,-3.401256204480615,1.6294594304248209,1.6714101841813418,2.031354632059924,0.6964953886580457,-1.3975099990949522,-1.0979453413206266,2.098875932267572,2.6485891665409813,1.140308121433195
86.0,69.0,1232.543212890625,-3.401256204480615,1.629440814703036,1.672710738459415,2.0309688236810275,0.6992532624372142,-1.3975099990949522,-1.0968497443582357,2.098875932267572,2.6485891665409813,1.1402999924193715
86.0,69.0,1232.543212890625,-3.401256204480615,1.62943687620156,1.672710738459415,2.0309688236810275,0.6992532624372142,-1.3975100600239985,-1.0968503624130053,2.098875932267572,2.648589167695957,1.1402999924193715
86.0,69.0,1232.5460205078125,-3.401760981589032,1.629197347397419,1.6727037063623171,2.0310388335737883,0.6983966854627075,-1.3975234189534314,-1.09686795412778,2.098051067426698,2.6485891824870604,1.1402999363825383
86.0,69.0,1232.546630859375,-3.401564082597915,1.6294924055904487,1.672703700327655,2.0325534917859005,0.6983966854627075,-1.3975234189534314,-1.09686795412778,2.098663854754346,2.648589182561806,1.1402999363825383
86.0,69.0,1232.5621337890625,-3.401760981589032,1.6308181722317767,1.6727037063623171,2.030961351184033,0.6983966854627075,-1.3975234956367466,-1.09686795412778,2.0980884424390904,2.6485891824870604,1.1402999363825383
86.0,69.0,1232.562255859375,-3.401760981589032,1.6308181722317767,1.6727032830520403,2.030961351184033,0.6983994654170873,-1.397523418908983,-1.09686795412778,2.0980884424390904,2.6485891824870604,1.1402999363825383
86.0,69.0,1232.56396484375,-3.4017642141767697,1.629197347397419,1.672703696468916,2.0309519087825008,0.6993435155808632,-1.3975234956811953,-1.09686795412778,2.098051067426698,2.6485891824870604,1.1402999363825383
86.0,69.0,1232.5640869140625,-3.4017642141767697,1.629197347397419,1.6727032731586395,2.0309519087825008,0.6993462955352431,-1.3975234189534314,-1.09686795412778,2.098051067426698,2.6485891824870604,1.1402999363825383
86.0,69.0,1232.5640869140625,-3.4017642141767697,1.629197347397419,1.6727032731586395,2.0309519087825008,0.6993462955352431,-1.3975234189534314,-1.09686795412778,2.098051067426698,2.6485891824870604,1.1402999363825383
86.0,69.0,1232.5640869140625,-3.4017642141767697,1.629197347397419,1.6727032731586395,2.0309519087825008,0.6993462955352431,-1.3975234189534314,-1.09686795412778,2.098051067426698,2.6485891824870604,1.1402999363825383
86.0,69.0,1232.5640869140625,-3.4017642141767697,1.629197347397419,1.6727032731586395,2.0309519087825008,0.6993462955352431,-1.3975234189534314,-1.09686795412778,2.098051067426698,2.6485891824870604,1.1402999363825383
86.0,69.0,1232.5640869140625,-3.4017642141767697,1.6292012858988951,1.6727032731586395,2.0309519087825008,0.6993462955352431,-1.397523358024385,-1.0968673360730103,2.098051067426698,2.6485891813320843,1.1402999363825383
86.0,69.0,1232.577880859375,-3.4017642141767697,1.630817335140659,1.6727032731586395,2.0309519087825008,0.6993462955879602,-1.3975234189534314,-1.09686795412778,2.0983372915452767,2.6485891824870604,1.1402999363825383
86.0,69.0,1232.5809326171875,-3.4012275546228,1.6513752488542328,1.6726079232309872,2.0314060689750244,0.6307601995398726,-1.3975678420081352,-1.0968518498600623,2.0986497259308265,2.648589183966412,1.1403083102131748
86.0,69.0,1232.626953125,-3.4012277914021154,1.6518227543159285,1.6726079232309872,2.032551087434566,0.627429431397268,-1.3975678420081352,-1.096868328792425,2.100946527609361,2.6485891825573047,1.140299936401236
86.0,69.0,1232.651611328125,-3.401771376284589,1.652140433193113,1.6726047253986358,2.0325229789164734,0.6273037431519521,-1.3975233761038626,-1.0968683276866062,2.0980456198901853,2.6485891824198813,1.140308247001948
86.0,69.0,1232.6761474609375,-3.4012514119879484,1.652140433193113,1.6726047253986358,2.0325229789164734,0.6258366366441919,-1.3975202780499472,-1.096868328792425,2.0987832393947,2.648589183451699,1.140308247001948
86.0,69.0,1232.6761474609375,-3.4012514119879484,1.652140433193113,1.6726047253986358,2.0325229789164734,0.6258366366441919,-1.3975202780499472,-1.096868328792425,2.0987832393947,2.648589183451699,1.140308247001948
86.0,69.0,1232.80859375,-3.4017642141767697,1.6444614198765042,1.6727027584152432,2.0309519087825008,0.6993462955352431,-1.3975235242935922,-1.09686795412778,2.097991748810249,2.648589185540537,1.1402999363825383
86.0,69.0,1232.8121337890625,-3.401256148970566,1.6294594304248209,1.6714101841813418,2.031354632059924,0.6963428372618194,-1.397518585413026,-1.0978050301235427,2.0830887524023387,2.648589161388484,1.140308121433195
86.0,69.0,1232.826171875,-3.401227459192657,1.6517146930783488,1.6725206935347792,2.032620529747741,0.6948745217386154,-1.3975156386970946,-1.0969017300573105,2.1001840059086585,2.648589181690784,1.140299936401236
86.0,69.0,1232.8487548828125,-3.401834141744552,1.6292007075741288,1.6714101841813418,2.031354632059924,0.6963267192438761,-1.397518585413026,-1.0978103395569252,2.0819038020334832,2.648589161388484,1.140308121433195
86.0,69.0,1232.8719482421875,-3.401227558053341,1.644897675019931,1.6714101841813418,2.0313784567975333,0.6963426733075592,-1.3997241481271276,-1.0979453413206266,2.098875932267572,2.6485891666098347,1.140308121433195
86.0,69.0,1232.87255859375,-3.4011910869724327,1.6293993666069608,1.6726903428742763,2.0309790480013934,0.6993797704743501,-1.397567665902429,-1.0979069230456038,2.082150663881431,2.648589182447836,1.140299936360313
86.0,69.0,1232.876708984375,-3.4017642141767697,1.629197347397419,1.6727051193097706,2.0309519087825008,0.6993462955352431,-1.3975234189534314,-1.09686795412778,2.0820913453922825,2.6485891824870604,1.1402999363825383
86.0,69.0,1232.8770751953125,-3.4017642141767697,1.629197347397419,1.6726880854987254,2.0309519087825008,0.6993462955352431,-1.3975234189534314,-1.09686795412778,2.0820913453922825,2.6485891824870604,1.1402999363825383
86.0,69.0,1232.8770751953125,-3.4017642141767697,1.629197347397419,1.6726880854987254,2.0309519087825008,0.6993462955352431,-1.3975234189534314,-1.09686795412778,2.0820913453922825,2.6485891824870604,1.1402999363825383
86.0,69.0,1232.8770751953125,-3.4017642141767697,1.6291955103069844,1.6726880854987254,2.030953684216133,0.6993462955352431,-1.3975234189534314,-1.09686795412778,2.082091345386292,2.648589182487129,1.1402999363604895
86.0,69.0,1232.877685546875,-3.4017642141767697,1.6292571421686644,1.6726880854987254,2.030953684216133,0.6993462955352431,-1.3975234189534314,-1.09686795412778,2.082091345386336,2.6485891824893804,1.1402999363604895
86.0,69.0,1232.87841796875,-3.401764235496059,1.629197347397419,1.6726880854987254,2.0309519087825008,0.6993462923245635,-1.3975232901118153,-1.098001369256364,2.0820913453922825,2.6485891824870604,1.1402999363825383
86.0,69.0,1232.8804931640625,-3.4017388729114604,1.6293993666069608,1.6726903428742763,2.0309790480013934,0.6993464016942654,-1.3975539686118037,-1.0979069230456038,2.082150663881431,2.648589182447836,1.140299936360313
86.0,69.0,1232.880859375,-3.401764235496059,1.6294620965440465,1.6726880854987254,2.0309459347369505,0.6993462923245635,-1.3975232901118153,-1.0979411913777564,2.0820913453922825,2.648589183315824,1.140308102793667
86.0,69.0,1232.8836669921875,-3.401256148970566,1.6512445161487668,1.6714101841813418,2.0313601084773327,0.6963428372618194,-1.3975091829613644,-1.098005519199234,2.098875932267572,2.648589165496363,1.1402989399205337
86.0,69.0,1232.88623046875,-3.401558377209967,1.6446857320403347,1.6726905087759496,2.032551087434566,0.6310125962915926,-1.397517472290808,-1.0968683307236446,2.082091345334663,2.6485891825573047,1.140299936401236
86.0,69.0,1232.8892822265625,-3.401743972662707,1.6446857320403347,1.6726904818852726,2.032551087434566,0.630882973431843,-1.39753944773605,-1.096868328792425,2.082091345386213,2.6485891825573047,1.140299936401236
86.0,69.0,1232.894775390625,-3.4017642141767697,1.6308444238921735,1.6726880854987254,2.0309519087825008,0.6993462928912882,-1.3975234189534314,-1.097927886444789,2.0820913453922825,2.6485891824870604,1.1402999363825383
86.0,69.0,1232.894775390625,-3.4017642141767697,1.629197347397419,1.6727032731586395,2.0309519087825008,0.6993462955352431,-1.3975234189534314,-1.09686795412778,2.0813778447579057,2.6485891824870604,1.1402999363825383
86.0,69.0,1232.894775390625,-3.4017642141767697,1.629197347397419,1.6727032731586395,2.0309519087825008,0.6993462955352431,-1.3975234189534314,-1.09686795412778,2.0813778447579057,2.6485891824870604,1.1402999363825383
86.0,69.0,1232.896240234375,-3.40175420729801,1.6521324496756085,1.6726079232309872,2.030960532524316,0.627429431397268,-1.3975399687197636,-1.096868328792425,2.082091345400958,2.648589182481256,1.140299936401236
86.0,69.0,1232.8978271484375,-3.4017642141767697,1.6308829252019552,1.6724829971479511,2.0309519087825008,0.6993462955352431,-1.3975234189534314,-1.09686795412778,2.0820913453922825,2.6485891824870604,1.1402999363825383
86.0,69.0,1232.90185546875,-3.401563944294479,1.6294590547922605,1.6727032731586395,2.032542463692751,0.6993462955352431,-1.3975234189534314,-1.09686795412778,2.0813778447579057,2.6485891825631094,1.1402999363825383
86.0,69.0,1232.90576171875,-3.401553937415719,1.6523941570704497,1.6726079232309872,2.032551087434566,0.627429431397268,-1.3975399687197636,-1.096868328792425,2.082091345400958,2.6485891825573047,1.140299936401236
86.0,70.0,1232.3505859375,-3.4012514119879484,1.652140433193113,1.6726059050133062,2.031329606110824,0.6590248942346071,-1.3975202780499472,-1.096868328792425,2.0987817953019707,2.648589183451699,1.1403081127700514
86.0,70.0,1232.4493408203125,-3.401558377209967,1.6446857320403347,1.6726905087759496,2.032551087434566,0.640192575657129,-1.397517323642672,-1.0968683307236446,2.0995017411341244,2.648589182631501,1.1403080491469983
86.0,70.0,1232.4755859375,-3.401255526640232,1.629427319614248,1.6727084690877525,2.032620529747741,0.6948745217386154,-1.3975156386970946,-1.0969017300573105,2.098846778582401,2.648589181690784,1.140299942633054
86.0,70.0,1232.492919921875,-3.401256148970566,1.6294594304248209,1.7418666087180088,2.031354632059924,0.6963428372618194,-1.3975183671676594,-1.0968745020859183,2.0830887524023387,2.648589161388484,1.140308121433195
86.0,70.0,1232.4940185546875,-3.401256204480615,1.6294397524736357,1.6727786131919096,2.031359291978745,0.6965322616689563,-1.3975099990949522,-1.0979453413206266,2.098875932267572,2.6485891665409813,1.140308121433195
86.0,70.0,1232.5013427734375,-3.401256148970566,1.6294594304248209,1.7419488803549812,2.031354632059924,0.6984008066191137,-1.3975184035332435,-1.0968745020859183,2.0830887524023387,2.648589161388484,1.140308121433195
86.0,70.0,1232.502197265625,-3.401256204480615,1.6294397524736357,1.6727774335772392,2.032552664784395,0.6965322616689563,-1.3975099990949522,-1.0979453413206266,2.098877376360301,2.6485891665409813,1.1403082556650916
86.0,70.0,1232.509033203125,-3.401256148970566,1.6291946812781932,1.6714101841813418,2.031360606105474,0.6963428372618194,-1.3975099990949522,-1.098005519199234,2.098875932267572,2.648589165704909,1.1402999550220665
86.0,70.0,1232.509033203125,-3.401256148970566,1.6291946812781932,1.6714101841813418,2.031360606105474,0.6963428372618194,-1.3975099990949522,-1.098005519199234,2.098875932267572,2.648589165704909,1.1402999550220665
86.0,70.0,1232.5113525390625,-3.401256148970566,1.6294594304248209,1.6714101841813418,2.031354632059924,0.6963428372618194,-1.3975099990949522,-1.0979453413206266,2.098875932267572,2.648589166533673,1.140308121433195
86.0,70.0,1232.5115966796875,-3.401256204480615,1.629199048067327,1.6714101841813418,2.0313399342091447,0.6964953886580457,-1.3975099990949522,-1.0979775239465177,2.098875932267572,2.6485891665409813,1.140308121433195
86.0,70.0,1232.5140380859375,-3.401256204480615,1.6294594304248209,1.6714101841813418,2.031354632059924,0.6964953886580457,-1.3975099990949522,-1.0979453413206266,2.098875932267572,2.6485891665409813,1.140308121433195
86.0,70.0,1232.543212890625,-3.401256204480615,1.629440814703036,1.672710738459415,2.0309688236810275,0.6992532624372142,-1.3975099990949522,-1.0968497443582357,2.098875932267572,2.6485891665409813,1.1402999924193715
86.0,70.0,1232.543212890625,-3.401256204480615,1.62943687620156,1.672710738459415,2.0309688236810275,0.6992532624372142,-1.3975100600239985,-1.0968503624130053,2.098875932267572,2.648589167695957,1.1402999924193715
86.0,70.0,1232.5460205078125,-3.401760981589032,1.629197347397419,1.6727037063623171,2.0310388335737883,0.6983966854627075,-1.3975234189534314,-1.09686795412778,2.098051067426698,2.6485891824870604,1.1402999363825383
86.0,70.0,1232.546630859375,-3.401564082597915,1.6294924055904487,1.672703700327655,2.0325534917859005,0.6983966854627075,-1.3975234189534314,-1.09686795412778,2.098663854754346,2.648589182561806,1.1402999363825383
86.0,70.0,1232.5621337890625,-3.401760981589032,1.6308181722317767,1.6727037063623171,2.030961351184033,0.6983966854627075,-1.3975234956367466,-1.09686795412778,2.0980884424390904,2.6485891824870604,1.1402999363825383
86.0,70.0,1232.562255859375,-3.401760981589032,1.6308181722317767,1.6727032830520403,2.030961351184033,0.6983994654170873,-1.397523418908983,-1.09686795412778,2.0980884424390904,2.6485891824870604,1.1402999363825383
86.0,70.0,1232.56396484375,-3.4017642141767697,1.629197347397419,1.672703696468916,2.0309519087825008,0.6993435155808632,-1.3975234956811953,-1.09686795412778,2.098051067426698,2.6485891824870604,1.1402999363825383
86.0,70.0,1232.5640869140625,-3.4017642141767697,1.629197347397419,1.6727032731586395,2.0309519087825008,0.6993462955352431,-1.3975234189534314,-1.09686795412778,2.098051067426698,2.6485891824870604,1.1402999363825383
86.0,70.0,1232.5640869140625,-3.4017642141767697,1.629197347397419,1.6727032731586395,2.0309519087825008,0.6993462955352431,-1.3975234189534314,-1.09686795412778,2.098051067426698,2.6485891824870604,1.1402999363825383
86.0,70.0,1232.5640869140625,-3.4017642141767697,1.629197347397419,1.6727032731586395,2.0309519087825008,0.6993462955352431,-1.3975234189534314,-1.09686795412778,2.098051067426698,2.6485891824870604,1.1402999363825383
86.0,70.0,1232.5640869140625,-3.4017642141767697,1.629197347397419,1.6727032731586395,2.0309519087825008,0.6993462955352431,-1.3975234189534314,-1.09686795412778,2.098051067426698,2.6485891824870604,1.1402999363825383
86.0,70.0,1232.5640869140625,-3.4017642141767697,1.6292012858988951,1.6727032731586395,2.0309519087825008,0.6993462955352431,-1.397523358024385,-1.0968673360730103,2.098051067426698,2.6485891813320843,1.1402999363825383
86.0,70.0,1232.5640869140625,-3.4017642141767697,1.629197347397419,1.6727032731586395,2.0309519087825008,0.6993462955352431,-1.3975234189534314,-1.09686795412778,2.098051067426698,2.6485891824870604,1.1402999363825383
86.0,70.0,1232.567138671875,-3.401760981589032,1.6294494897282727,1.6713876838072457,2.030961351184033,0.6983144319811366,-1.3975234956367466,-1.0978160148362193,2.0980884424390904,2.6485891824870604,1.1402999363825383
86.0,70.0,1232.577880859375,-3.4017642141767697,1.630817335140659,1.6727032731586395,2.0309519087825008,0.6993462955879602,-1.3975234189534314,-1.09686795412778,2.0983372915452767,2.6485891824870604,1.1402999363825383
86.0,70.0,1232.5809326171875,-3.4012275546228,1.6513752488542328,1.6726079232309872,2.0314060689750244,0.6307601995398726,-1.3975678420081352,-1.0968518498600623,2.0986497259308265,2.648589183966412,1.1403083102131748
86.0,70.0,1232.62548828125,-3.4012277914021154,1.6518227543159285,1.6726079232309872,2.032497707556801,0.627429431397268,-1.397524873249974,-1.096868328792425,2.100808196089054,2.648589182556284,1.1402999364016333
86.0,70.0,1232.626953125,-3.4012277914021154,1.6518227543159285,1.6726079232309872,2.032551087434566,0.627429431397268,-1.3975678420081352,-1.096868328792425,2.100946527609361,2.6485891825573047,1.140299936401236
86.0,70.0,1232.651611328125,-3.401771376284589,1.652140433193113,1.6726047253986358,2.0325229789164734,0.6273037431519521,-1.3975233761038626,-1.0968683276866062,2.0980456198901853,2.6485891824198813,1.140308247001948
86.0,70.0,1232.6600341796875,-3.401256148970566,1.6292126553783786,1.6714101841813418,2.0309386949585946,0.6963428372618194,-1.3996516832562853,-1.098005519199234,2.098875932267572,2.6485891655565936,1.1402999550220665
86.0,70.0,1232.662841796875,-3.401227643988783,1.6519029614010816,1.672644770918392,2.0325281428274784,0.6256423469713563,-1.397568121091883,-1.096868328792425,2.100946527609361,2.648589183414489,1.140299956599902
86.0,70.0,1232.6761474609375,-3.4012514119879484,1.652140433193113,1.6726047253986358,2.0325229789164734,0.6258366366441919,-1.3975202780499472,-1.096868328792425,2.0987832393947,2.648589183451699,1.140308247001948
86.0,70.0,1232.6761474609375,-3.4012514119879484,1.652140433193113,1.6726047253986358,2.0325229789164734,0.6258366366441919,-1.3975202780499472,-1.096868328792425,2.0987832393947,2.648589183451699,1.140308247001948
86.0,70.0,1232.7801513671875,-3.401256204480615,1.6464971559158694,1.6714101841813418,2.0313399342091447,0.6964900991497097,-1.3975690713951152,-1.0979775239465177,2.098875932267572,2.6485891666097463,1.140308121433195
86.0,70.0,1232.794189453125,-3.401760981589032,1.6448950851569186,1.6727037063623171,2.032579456043776,0.6983966854627075,-1.3975234956367466,-1.09686795871471,2.0980884424390904,2.6485891824870604,1.1402999363825383
86.0,70.0,1232.8074951171875,-3.4017642141767697,1.6444451311343873,1.672703274216206,2.0309519087825008,0.6993462955352431,-1.3975235270576891,-1.0968673360730103,2.098046886389672,2.6485891858541377,1.1402999363825383
86.0,70.0,1232.80859375,-3.4017642141767697,1.6444614198765042,1.6727027584152432,2.0309519087825008,0.6993462955352431,-1.3975235242935922,-1.09686795412778,2.097991748810249,2.648589185540537,1.1402999363825383
86.0,70.0,1232.8121337890625,-3.401256148970566,1.6294594304248209,1.6714101841813418,2.031354632059924,0.6963428372618194,-1.397518585413026,-1.0978050301235427,2.0830887524023387,2.648589161388484,1.140308121433195
86.0,70.0,1232.826171875,-3.401227459192657,1.6517146930783488,1.6725206935347792,2.032620529747741,0.6948745217386154,-1.3975156386970946,-1.0969017300573105,2.1001840059086585,2.648589181690784,1.140299936401236
86.0,70.0,1232.8487548828125,-3.401834141744552,1.6292007075741288,1.6714101841813418,2.031354632059924,0.6963267192438761,-1.397518585413026,-1.0978103395569252,2.0819038020334832,2.648589161388484,1.140308121433195
86.0,70.0,1232.85693359375,-3.401264979646596,1.6454048087720712,1.6726108863405074,2.032551087434566,0.6319042336275096,-1.397517887904811,-1.0978941805928344,2.082091345334663,2.6485891663793417,1.140300227554942
86.0,70.0,1232.870361328125,-3.401249953379146,1.6294294181232802,1.6726880854987254,2.0309684918178994,0.6993441862658875,-1.3975234189534314,-1.0968502228101933,2.0820913453922825,2.648589182063151,1.140299992028854
86.0,70.0,1232.8719482421875,-3.401227558053341,1.644897675019931,1.6714101841813418,2.0313784567975333,0.6963426733075592,-1.3997241481271276,-1.0979453413206266,2.098875932267572,2.6485891666098347,1.140308121433195
86.0,70.0,1232.87255859375,-3.4011910869724327,1.6293993666069608,1.6726903428742763,2.0309790480013934,0.6993797704743501,-1.397567665902429,-1.0979069230456038,2.082150663881431,2.648589182447836,1.140299936360313
86.0,70.0,1232.876708984375,-3.4017642141767697,1.629197347397419,1.6727051193097706,2.0309519087825008,0.6993462955352431,-1.3975234189534314,-1.09686795412778,2.0820913453922825,2.6485891824870604,1.1402999363825383
86.0,70.0,1232.8770751953125,-3.4017642141767697,1.629197347397419,1.6726880854987254,2.0309519087825008,0.6993462955352431,-1.3975234189534314,-1.09686795412778,2.0820913453922825,2.6485891824870604,1.1402999363825383
86.0,70.0,1232.8770751953125,-3.4017642141767697,1.629197347397419,1.6726880854987254,2.0309519087825008,0.6993462955352431,-1.3975234189534314,-1.09686795412778,2.0820913453922825,2.6485891824870604,1.1402999363825383
86.0,70.0,1232.8770751953125,-3.4017642141767697,1.6291955103069844,1.6726880854987254,2.030953684216133,0.6993462955352431,-1.3975234189534314,-1.09686795412778,2.082091345386292,2.648589182487129,1.1402999363604895
86.0,71.0,1232.3505859375,-3.4012514119879484,1.652140433193113,1.6726059050133062,2.031329606110824,0.6590248942346071,-1.3975202780499472,-1.096868328792425,2.0987817953019707,2.648589183451699,1.1403081127700514
86.0,71.0,1232.4493408203125,-3.401558377209967,1.6446857320403347,1.6726905087759496,2.032551087434566,0.640192575657129,-1.397517323642672,-1.0968683307236446,2.0995017411341244,2.648589182631501,1.1403080491469983
86.0,71.0,1232.4493408203125,-3.401558377209967,1.6446857320403347,1.6726905087759496,2.032551087434566,0.640192575657129,-1.397517323642672,-1.0968683307236446,2.0995017411341244,2.648589182631501,1.1403080491469983
86.0,71.0,1232.471923828125,-3.4012269693072006,1.629066944607793,1.6727774335772392,2.032551089947777,0.6965322616689563,-1.3975070746314573,-1.0979453413206266,2.100915758830696,2.648589182325443,1.1403082556650916
86.0,71.0,1232.4755859375,-3.401255526640232,1.629427319614248,1.6727084690877525,2.032620529747741,0.6948745217386154,-1.3975156386970946,-1.0969017300573105,2.098846778582401,2.648589181690784,1.140299942633054
86.0,71.0,1232.4903564453125,-3.4012636755340413,1.6291946812781932,1.6726672297578689,2.0313606122827523,0.6963428372618194,-1.3975099990949522,-1.098005519199234,2.098875932267572,2.648589165704909,1.1402999550220665
86.0,71.0,1232.492919921875,-3.401256148970566,1.6294594304248209,1.7418666087180088,2.031354632059924,0.6963428372618194,-1.3975183671676594,-1.0968745020859183,2.0830887524023387,2.648589161388484,1.140308121433195
86.0,71.0,1232.4930419921875,-3.401256148970566,1.6294757470026988,1.7418666087180088,2.0313624358339046,0.6963428372618194,-1.3975183671676594,-1.0968675282302294,2.0830887524023387,2.648589161388484,1.140308121433195
86.0,71.0,1232.4940185546875,-3.401256204480615,1.6294397524736357,1.6727786131919096,2.031359291978745,0.6965322616689563,-1.3975099990949522,-1.0979453413206266,2.098875932267572,2.6485891665409813,1.140308121433195
86.0,71.0,1232.4951171875,-3.4012561996234427,1.62943996490381,1.6727118915596186,2.031366583122868,0.6965112003105297,-1.3975156386970946,-1.0969345963747703,2.098846778582401,2.6485891812830777,1.140299942633054
86.0,71.0,1232.5013427734375,-3.401256148970566,1.6294594304248209,1.7419488803549812,2.031354632059924,0.6984008066191137,-1.3975184035332435,-1.0968745020859183,2.0830887524023387,2.648589161388484,1.140308121433195
86.0,71.0,1232.502197265625,-3.401256204480615,1.6294397524736357,1.6727774335772392,2.032552664784395,0.6965322616689563,-1.3975099990949522,-1.0979453413206266,2.098877376360301,2.6485891665409813,1.1403082556650916
86.0,71.0,1232.509033203125,-3.401256148970566,1.6291946812781932,1.6714101841813418,2.031360606105474,0.6963428372618194,-1.3975099990949522,-1.098005519199234,2.098875932267572,2.648589165704909,1.1402999550220665
86.0,71.0,1232.509033203125,-3.401256148970566,1.6291946812781932,1.6714101841813418,2.031360606105474,0.6963428372618194,-1.3975099990949522,-1.098005519199234,2.098875932267572,2.648589165704909,1.1402999550220665
86.0,71.0,1232.5113525390625,-3.401256148970566,1.6294594304248209,1.6714101841813418,2.031354632059924,0.6963428372618194,-1.3975099990949522,-1.0979453413206266,2.098875932267572,2.648589166533673,1.140308121433195
86.0,71.0,1232.5113525390625,-3.401256148970566,1.6294594304248209,1.6714101841813418,2.031354632059924,0.6963428372618194,-1.3975099990949522,-1.0979453413206266,2.098875932267572,2.648589166533673,1.140308121433195
86.0,71.0,1232.5115966796875,-3.401256204480615,1.629199048067327,1.6714101841813418,2.0313399342091447,0.6964953886580457,-1.3975099990949522,-1.0979775239465177,2.098875932267572,2.6485891665409813,1.140308121433195
86.0,71.0,1232.5140380859375,-3.401256204480615,1.6294594304248209,1.6714101841813418,2.031354632059924,0.6964953886580457,-1.3975099990949522,-1.0979453413206266,2.098875932267572,2.6485891665409813,1.140308121433195
86.0,71.0,1232.52490234375,-3.4017834169249253,1.6294594304248209,1.6714101841813418,2.031354632059924,0.6965266260831604,-1.3975243500436256,-1.097894710383301,2.098875932267572,2.6485891665409813,1.1402998721159583
86.0,71.0,1232.5423583984375,-3.4012540699529605,1.63084818124992,1.6727032830520403,2.030961351184033,0.6984294867643376,-1.3975104006130912,-1.0968434545909265,2.098876488874234,2.64858918235131,1.1403078388742602
86.0,71.0,1232.543212890625,-3.401256204480615,1.629440814703036,1.672710738459415,2.0309688236810275,0.6992532624372142,-1.3975099990949522,-1.0968497443582357,2.098875932267572,2.6485891665409813,1.1402999924193715
86.0,71.0,1232.543212890625,-3.401256204480615,1.62943687620156,1.672710738459415,2.0309688236810275,0.6992532624372142,-1.3975100600239985,-1.0968503624130053,2.098875932267572,2.648589167695957,1.1402999924193715
86.0,71.0,1232.544921875,-3.4017294036033388,1.62943687620156,1.672710738459415,2.0309610980424004,0.6983735366238475,-1.3975100600239985,-1.0968667585111609,2.098119948841416,2.648589167695957,1.1402999924193715
86.0,71.0,1232.5460205078125,-3.401760981589032,1.629197347397419,1.6727037063623171,2.0310388335737883,0.6983966854627075,-1.3975234189534314,-1.09686795412778,2.098051067426698,2.6485891824870604,1.1402999363825383
86.0,71.0,1232.546630859375,-3.401564082597915,1.6294924055904487,1.672703700327655,2.0325534917859005,0.6983966854627075,-1.3975234189534314,-1.09686795412778,2.098663854754346,2.648589182561806,1.1402999363825383
86.0,71.0,1232.5621337890625,-3.401760981589032,1.6308181722317767,1.6727037063623171,2.030961351184033,0.6983966854627075,-1.3975234956367466,-1.09686795412778,2.0980884424390904,2.6485891824870604,1.1402999363825383
86.0,71.0,1232.562255859375,-3.401760981589032,1.6308181722317767,1.6727032830520403,2.030961351184033,0.6983994654170873,-1.397523418908983,-1.09686795412778,2.0980884424390904,2.6485891824870604,1.1402999363825383
86.0,71.0,1232.56396484375,-3.4017642141767697,1.629197347397419,1.672703696468916,2.0309519087825008,0.6993435155808632,-1.3975234956811953,-1.09686795412778,2.098051067426698,2.6485891824870604,1.1402999363825383
86.0,71.0,1232.56396484375,-3.4017642141767697,1.629197347397419,1.672703696468916,2.0309519087825008,0.6993434426802712,-1.3975234956811953,-1.09686795412778,2.098051067426698,2.6485891824870604,1.1402999363825383
86.0,71.0,1232.5640869140625,-3.4017642141767697,1.629197347397419,1.6727032731586395,2.0309519087825008,0.6993462955352431,-1.3975234189534314,-1.09686795412778,2.098051067426698,2.6485891824870604,1.1402999363825383
86.0,71.0,1232.5640869140625,-3.4017642141767697,1.629197347397419,1.6727032731586395,2.0309519087825008,0.6993462955352431,-1.3975234189534314,-1.09686795412778,2.098051067426698,2.6485891824870604,1.1402999363825383
86.0,71.0,1232.5640869140625,-3.4017642141767697,1.629197347397419,1.6727032731586395,2.0309519087825008,0.6993462955352431,-1.3975234189534314,-1.09686795412778,2.098051067426698,2.6485891824870604,1.1402999363825383
86.0,71.0,1232.5640869140625,-3.4017642141767697,1.629197347397419,1.6727032731586395,2.0309519087825008,0.6993462955352431,-1.3975234189534314,-1.09686795412778,2.098051067426698,2.6485891824870604,1.1402999363825383
86.0,71.0,1232.5640869140625,-3.4017642141767697,1.6292012858988951,1.6727032731586395,2.0309519087825008,0.6993462955352431,-1.397523358024385,-1.0968673360730103,2.098051067426698,2.6485891813320843,1.1402999363825383
86.0,71.0,1232.5640869140625,-3.4017642141767697,1.629197347397419,1.6727032731586395,2.0309519087825008,0.6993462955352431,-1.3975234189534314,-1.09686795412778,2.098051067426698,2.6485891824870604,1.1402999363825383
86.0,71.0,1232.567138671875,-3.401760981589032,1.6294494897282727,1.6713876838072457,2.030961351184033,0.6983144319811366,-1.3975234956367466,-1.0978160148362193,2.0980884424390904,2.6485891824870604,1.1402999363825383
86.0,71.0,1232.577880859375,-3.4017642141767697,1.630817335140659,1.6727032731586395,2.0309519087825008,0.6993462955879602,-1.3975234189534314,-1.09686795412778,2.0983372915452767,2.6485891824870604,1.1402999363825383
86.0,71.0,1232.5780029296875,-3.4017642141767697,1.630817335140659,1.6727035513614603,2.030979533562862,0.6993462955879602,-1.3975234189534314,-1.09686795412778,2.0983372915452767,2.6485891824470085,1.1402999363595232
86.0,71.0,1232.5809326171875,-3.4012275546228,1.6513752488542328,1.6726079232309872,2.0314060689750244,0.6307601995398726,-1.3975678420081352,-1.0968518498600623,2.0986497259308265,2.648589183966412,1.1403083102131748
86.0,71.0,1232.62548828125,-3.4012277914021154,1.6518227543159285,1.6726079232309872,2.032497707556801,0.627429431397268,-1.397524873249974,-1.096868328792425,2.100808196089054,2.648589182556284,1.1402999364016333
86.0,71.0,1232.626953125,-3.4012277914021154,1.6518227543159285,1.6726079232309872,2.032551087434566,0.627429431397268,-1.3975678420081352,-1.096868328792425,2.100946527609361,2.6485891825573047,1.140299936401236
86.0,71.0,1232.6453857421875,-3.40125702657553,1.652195562181771,1.6726079232309872,2.032552662271184,0.627429431397268,-1.3975707664716304,-1.096868328792425,2.098908145138966,2.648589166772843,1.140299936401236
86.0,71.0,1232.651611328125,-3.401771376284589,1.652140433193113,1.6726047253986358,2.0325229789164734,0.6273037431519521,-1.3975233761038626,-1.0968683276866062,2.0980456198901853,2.6485891824198813,1.140308247001948
86.0,71.0,1232.6600341796875,-3.401256148970566,1.6292126553783786,1.6714101841813418,2.0309386949585946,0.6963428372618194,-1.3996516832562853,-1.098005519199234,2.098875932267572,2.6485891655565936,1.1402999550220665
86.0,71.0,1232.662841796875,-3.401227643988783,1.6519029614010816,1.672644770918392,2.0325281428274784,0.6256423469713563,-1.397568121091883,-1.096868328792425,2.100946527609361,2.648589183414489,1.140299956599902
86.0,71.0,1232.6761474609375,-3.4012514119879484,1.652140433193113,1.6726047253986358,2.0325229789164734,0.6258366366441919,-1.3975202780499472,-1.096868328792425,2.0987832393947,2.648589183451699,1.140308247001948
86.0,71.0,1232.6761474609375,-3.4012514119879484,1.652140433193113,1.6726047253986358,2.0325229789164734,0.6258366366441919,-1.3975202780499472,-1.096868328792425,2.0987832393947,2.648589183451699,1.140308247001948
86.0,71.0,1232.7801513671875,-3.401256204480615,1.6464971559158694,1.6714101841813418,2.0313399342091447,0.6964900991497097,-1.3975690713951152,-1.0979775239465177,2.098875932267572,2.6485891666097463,1.140308121433195
86.0,71.0,1232.7801513671875,-3.4012687788176725,1.644034641550301,1.6727027584152432,2.0313555981269147,0.6993462955352431,-1.3975235242935922,-1.0968806593903997,2.098900241363292,2.648589185540537,1.140308185123998
86.0,71.0,1232.794189453125,-3.401760981589032,1.6448950851569186,1.6727037063623171,2.032579456043776,0.6983966854627075,-1.3975234956367466,-1.09686795871471,2.0980884424390904,2.6485891824870604,1.1402999363825383
86.0,72.0,1232.350341796875,-3.4012561483464925,1.629461110831116,1.7419488803549812,2.032543571638917,0.6984120670831291,-1.3975184035332435,-1.0968802209831865,2.09689889756623,2.648589161388484,1.140308121433195
86.0,72.0,1232.3505859375,-3.4012514119879484,1.652140433193113,1.6726059050133062,2.031329606110824,0.6590248942346071,-1.3975202780499472,-1.096868328792425,2.0987817953019707,2.648589183451699,1.1403081127700514
86.0,72.0,1232.4493408203125,-3.401558377209967,1.6446857320403347,1.6726905087759496,2.032551087434566,0.640192575657129,-1.397517323642672,-1.0968683307236446,2.0995017411341244,2.648589182631501,1.1403080491469983
86.0,72.0,1232.4493408203125,-3.401558377209967,1.6446857320403347,1.6726905087759496,2.032551087434566,0.640192575657129,-1.397517323642672,-1.0968683307236446,2.0995017411341244,2.648589182631501,1.1403080491469983
86.0,72.0,1232.471923828125,-3.4012269693072006,1.629066944607793,1.6727774335772392,2.032551089947777,0.6965322616689563,-1.3975070746314573,-1.0979453413206266,2.100915758830696,2.648589182325443,1.1403082556650916
86.0,72.0,1232.471923828125,-3.4012269693072006,1.629066944607793,1.6727792231032406,2.032553955671869,0.6965322616689563,-1.3975070746314573,-1.0978984444640156,2.100915758830696,2.648589182325443,1.1403081442530802
86.0,72.0,1232.4755859375,-3.401255526640232,1.629427319614248,1.6727084690877525,2.032620529747741,0.6948745217386154,-1.3975156386970946,-1.0969017300573105,2.098846778582401,2.648589181690784,1.140299942633054
86.0,72.0,1232.4903564453125,-3.4012636755340413,1.6291946812781932,1.6726672297578689,2.0313606122827523,0.6963428372618194,-1.3975099990949522,-1.098005519199234,2.098875932267572,2.648589165704909,1.1402999550220665
86.0,72.0,1232.492919921875,-3.401256148970566,1.6294594304248209,1.7418666087180088,2.031354632059924,0.6963428372618194,-1.3975183671676594,-1.0968745020859183,2.0830887524023387,2.648589161388484,1.140308121433195
86.0,72.0,1232.4930419921875,-3.401256148970566,1.6294757470026988,1.7418666087180088,2.0313624358339046,0.6963428372618194,-1.3975183671676594,-1.0968675282302294,2.0830887524023387,2.648589161388484,1.140308121433195
86.0,72.0,1232.49365234375,-3.401256204480615,1.62943997122943,1.6727786131919096,2.031366509180088,0.6965322616689563,-1.3975097629554325,-1.0969019442476862,2.098875932267572,2.648589180787789,1.140307758490625
86.0,72.0,1232.4940185546875,-3.401256204480615,1.6294397524736357,1.6727786131919096,2.031359291978745,0.6965322616689563,-1.3975099990949522,-1.0979453413206266,2.098875932267572,2.6485891665409813,1.140308121433195
86.0,72.0,1232.4951171875,-3.4012561996234427,1.62943996490381,1.6727118915596186,2.031366583122868,0.6965112003105297,-1.3975156386970946,-1.0969345963747703,2.098846778582401,2.6485891812830777,1.140299942633054
86.0,72.0,1232.4962158203125,-3.4017669522759744,1.6295153835285925,1.7418666087180088,2.0313624358339046,0.6963428372618194,-1.3975183671676594,-1.0968675282302294,2.0830887524023387,2.648589161388484,1.140308121433195
86.0,72.0,1232.5013427734375,-3.401256148970566,1.6294594304248209,1.7419488803549812,2.031354632059924,0.6984008066191137,-1.3975184035332435,-1.0968745020859183,2.0830887524023387,2.648589161388484,1.140308121433195
86.0,72.0,1232.502197265625,-3.401256204480615,1.6294397524736357,1.6727774335772392,2.032552664784395,0.6965322616689563,-1.3975099990949522,-1.0979453413206266,2.098877376360301,2.6485891665409813,1.1403082556650916
86.0,72.0,1232.509033203125,-3.401256148970566,1.6291946812781932,1.6714101841813418,2.031360606105474,0.6963428372618194,-1.3975099990949522,-1.098005519199234,2.098875932267572,2.648589165704909,1.1402999550220665
86.0,72.0,1232.509033203125,-3.401256148970566,1.6291946812781932,1.6714101841813418,2.031360606105474,0.6963428372618194,-1.3975099990949522,-1.098005519199234,2.098875932267572,2.648589165704909,1.1402999550220665
86.0,72.0,1232.5113525390625,-3.401256148970566,1.6294594304248209,1.6714101841813418,2.031354632059924,0.6963428372618194,-1.3975099990949522,-1.0979453413206266,2.098875932267572,2.648589166533673,1.140308121433195
86.0,72.0,1232.5113525390625,-3.401256148970566,1.6294594304248209,1.6714101841813418,2.031354632059924,0.6963428372618194,-1.3975099990949522,-1.0979453413206266,2.098875932267572,2.648589166533673,1.140308121433195
86.0,72.0,1232.5115966796875,-3.401256204480615,1.629199048067327,1.6714101841813418,2.0313399342091447,0.6964953886580457,-1.3975099990949522,-1.0979775239465177,2.098875932267572,2.6485891665409813,1.140308121433195
86.0,72.0,1232.513671875,-3.401280655371848,1.6292108912016106,1.6714101841813418,2.031354632059924,0.6965258595291597,-1.3975243500436256,-1.097894710383301,2.098875932267572,2.6485891665409813,1.1403082777038882
86.0,72.0,1232.5140380859375,-3.401256204480615,1.6294594304248209,1.6714101841813418,2.031354632059924,0.6964953886580457,-1.3975099990949522,-1.0979453413206266,2.098875932267572,2.6485891665409813,1.140308121433195
86.0,72.0,1232.5147705078125,-3.401564082597915,1.629440119278426,1.6726967372995698,2.032552643189645,0.696659905946323,-1.3975234189534314,-1.0979439373232582,2.098664569753092,2.648589182561806,1.140300178986081
86.0,72.0,1232.515869140625,-3.401763150266296,1.6291946812781932,1.6714343410326782,2.0309310682199864,0.6963603255022867,-1.3975229287154476,-1.098005519199234,2.098875932267572,2.648589165704909,1.1402999368200673
86.0,72.0,1232.5166015625,-3.4012555265229123,1.6294740861706762,1.744547835566841,2.0313624358339046,0.6963428372618194,-1.3975156239059765,-1.096867518120338,2.0830887524023387,2.648589182175865,1.1403079885120355
86.0,72.0,1232.522705078125,-3.4017589660336927,1.6294475872905372,1.6714101841813418,2.0313399342091447,0.6964961552120466,-1.3975099990949522,-1.0979775239465177,2.098875932267572,2.6485891665409813,1.1402997158452652
86.0,72.0,1232.52490234375,-3.4017834169249253,1.6294594304248209,1.6714101841813418,2.031354632059924,0.6965266260831604,-1.3975243500436256,-1.097894710383301,2.098875932267572,2.6485891665409813,1.1402998721159583
86.0,72.0,1232.5333251953125,-3.401256148970566,1.6294594304248209,1.7462228965242528,2.031354632059924,0.6964908865743012,-1.3975183671676594,-1.0968745020859183,2.0830887524023387,2.648589166563011,1.140308121433195
86.0,72.0,1232.5338134765625,-3.401256204480615,1.6294920387856582,1.6727843966053244,2.03255351338065,0.6982690411853409,-1.3975099990949522,-1.0968693581251483,2.098876661361555,2.6485891665409813,1.1403080130615493
86.0,72.0,1232.533935546875,-3.401256148970566,1.6294594304248209,1.672730337398084,2.0325824239912538,0.6986226918183608,-1.3975099990949522,-1.0979453413206266,2.0994723166991087,2.648589182367791,1.140308123512459
86.0,72.0,1232.5350341796875,-3.4017294036033388,1.62943687620156,1.672710738459415,2.0309610980424004,0.6983735366238475,-1.3975112799781857,-1.0978612628998543,2.098887478849909,2.648589167695957,1.1402998715166617
86.0,72.0,1232.5423583984375,-3.4012540699529605,1.63084818124992,1.6727032830520403,2.030961351184033,0.6984294867643376,-1.3975104006130912,-1.0968434545909265,2.098876488874234,2.64858918235131,1.1403078388742602
86.0,72.0,1232.543212890625,-3.401256204480615,1.629440814703036,1.672710738459415,2.0309688236810275,0.6992532624372142,-1.3975099990949522,-1.0968497443582357,2.098875932267572,2.6485891665409813,1.1402999924193715
86.0,72.0,1232.543212890625,-3.401256204480615,1.62943687620156,1.672710738459415,2.0309688236810275,0.6992532624372142,-1.3975100600239985,-1.0968503624130053,2.098875932267572,2.648589167695957,1.1402999924193715
86.0,72.0,1232.544921875,-3.4017294036033388,1.62943687620156,1.672710738459415,2.0309610980424004,0.6983735366238475,-1.3975100600239985,-1.0968667585111609,2.098119948841416,2.648589167695957,1.1402999924193715
86.0,72.0,1232.5460205078125,-3.401760981589032,1.629197347397419,1.6727037063623171,2.0310388335737883,0.6983966854627075,-1.3975234189534314,-1.09686795412778,2.098051067426698,2.6485891824870604,1.1402999363825383
86.0,72.0,1232.546142578125,-3.4012540403582823,1.6311757927961608,1.6727032830520403,2.0309664227432074,0.6984294867643376,-1.3975104006130912,-1.0968681456711131,2.098876488874234,2.648589182267524,1.1403078388742602
86.0,72.0,1232.546630859375,-3.401564082597915,1.6294924055904487,1.672703700327655,2.0325534917859005,0.6983966854627075,-1.3975234189534314,-1.09686795412778,2.098663854754346,2.648589182561806,1.1402999363825383
86.0,72.0,1232.5621337890625,-3.401760981589032,1.6308181722317767,1.6727037063623171,2.030961351184033,0.6983966854627075,-1.3975234956367466,-1.09686795412778,2.0980884424390904,2.6485891824870604,1.1402999363825383
86.0,72.0,1232.562255859375,-3.401760981589032,1.6308181722317767,1.6727032830520403,2.030961351184033,0.6983994654170873,-1.397523418908983,-1.09686795412778,2.0980884424390904,2.6485891824870604,1.1402999363825383
86.0,72.0,1232.56396484375,-3.4017642141767697,1.629197347397419,1.672703696468916,2.0309519087825008,0.6993435155808632,-1.3975234956811953,-1.09686795412778,2.098051067426698,2.6485891824870604,1.1402999363825383
86.0,72.0,1232.56396484375,-3.4017642141767697,1.629197347397419,1.672703696468916,2.0309519087825008,0.6993434426802712,-1.3975234956811953,-1.09686795412778,2.098051067426698,2.6485891824870604,1.1402999363825383
86.0,72.0,1232.5640869140625,-3.4017642141767697,1.629197347397419,1.6727032731586395,2.0309519087825008,0.6993462955352431,-1.3975234189534314,-1.09686795412778,2.098051067426698,2.6485891824870604,1.1402999363825383
86.0,72.0,1232.5640869140625,-3.4017642141767697,1.629197347397419,1.6727032731586395,2.0309519087825008,0.6993462955352431,-1.3975234189534314,-1.09686795412778,2.098051067426698,2.6485891824870604,1.1402999363825383
86.0,72.0,1232.5640869140625,-3.4017642141767697,1.629197347397419,1.6727032731586395,2.0309519087825008,0.6993462955352431,-1.3975234189534314,-1.09686795412778,2.098051067426698,2.6485891824870604,1.1402999363825383
86.0,72.0,1232.5640869140625,-3.4017642141767697,1.629197347397419,1.6727032731586395,2.0309519087825008,0.6993462955352431,-1.3975234189534314,-1.09686795412778,2.098051067426698,2.6485891824870604,1.1402999363825383
86.0,72.0,1232.5640869140625,-3.4017642141767697,1.6292012858988951,1.6727032731586395,2.0309519087825008,0.6993462955352431,-1.397523358024385,-1.0968673360730103,2.098051067426698,2.6485891813320843,1.1402999363825383
86.0,72.0,1232.5640869140625,-3.4017642141767697,1.629197347397419,1.6727032731586395,2.0309519087825008,0.6993462955352431,-1.3975234189534314,-1.09686795412778,2.098051067426698,2.6485891824870604,1.1402999363825383
86.0,72.0,1232.5643310546875,-3.401761260954239,1.629197347397419,1.6727032731586395,2.0309519087825008,0.6993608845706833,-1.3975234189534314,-1.09686795412778,2.098051067426698,2.6485891824870604,1.1402999363825383
86.0,73.0,1232.350341796875,-3.4012561483464925,1.629461110831116,1.7419488803549812,2.032543571638917,0.6984120670831291,-1.3975184035332435,-1.0968802209831865,2.09689889756623,2.648589161388484,1.140308121433195
86.0,73.0,1232.350341796875,-3.4012561483464925,1.629461110831116,1.7419488803549812,2.032543571638917,0.6984120670831291,-1.3975184035332435,-1.0968802209831865,2.09689889756623,2.648589161388484,1.140308121433195
86.0,73.0,1232.3505859375,-3.4012514119879484,1.652140433193113,1.6726059050133062,2.031329606110824,0.6590248942346071,-1.3975202780499472,-1.096868328792425,2.0987817953019707,2.648589183451699,1.1403081127700514
86.0,73.0,1232.4493408203125,-3.401558377209967,1.6446857320403347,1.6726905087759496,2.032551087434566,0.640192575657129,-1.397517323642672,-1.0968683307236446,2.0995017411341244,2.648589182631501,1.1403080491469983
86.0,73.0,1232.4493408203125,-3.401558377209967,1.6446857320403347,1.6726905087759496,2.032551087434566,0.640192575657129,-1.397517323642672,-1.0968683307236446,2.0995017411341244,2.648589182631501,1.1403080491469983
86.0,73.0,1232.449462890625,-3.401558377209967,1.644653839004495,1.6726905087759496,2.032553965077338,0.640192575657129,-1.3975167577830738,-1.0968683307236446,2.0995017411341244,2.6485891826332955,1.1403080491469983
86.0,73.0,1232.471923828125,-3.4012269693072006,1.629066944607793,1.6727774335772392,2.032551089947777,0.6965322616689563,-1.3975070746314573,-1.0979453413206266,2.100915758830696,2.648589182325443,1.1403082556650916
86.0,73.0,1232.471923828125,-3.4012269693072006,1.629066944607793,1.6727792231032406,2.032553955671869,0.6965322616689563,-1.3975070746314573,-1.0978984444640156,2.100915758830696,2.648589182325443,1.1403081442530802
86.0,73.0,1232.4755859375,-3.401255526640232,1.629427319614248,1.6727084690877525,2.032620529747741,0.6948745217386154,-1.3975156386970946,-1.0969017300573105,2.098846778582401,2.648589181690784,1.140299942633054
86.0,73.0,1232.48974609375,-3.4012636755340413,1.6291924934263973,1.6726672297578689,2.031354557905784,0.6963428372618194,-1.3975099990949522,-1.096831230676215,2.098875932267572,2.648589165704909,1.1402999550220665
86.0,73.0,1232.4903564453125,-3.4012636755340413,1.6291946812781932,1.6726672297578689,2.0313606122827523,0.6963428372618194,-1.3975099990949522,-1.098005519199234,2.098875932267572,2.648589165704909,1.1402999550220665
86.0,73.0,1232.4912109375,-3.40178347595283,1.6295073115510093,1.7418666087180088,2.030948186086984,0.6963224286189451,-1.3975183671676594,-1.0968675282302294,2.0830887524023387,2.648589161114259,1.1402998690461392
86.0,73.0,1232.491943359375,-3.401256148970566,1.6294594304248209,1.741742612186076,2.031354632059924,0.6963428372618194,-1.3975183671676594,-1.0968745020859183,2.0830887524023387,2.648589166729729,1.140308121433195
86.0,73.0,1232.492919921875,-3.401256148970566,1.6294594304248209,1.7418666087180088,2.031354632059924,0.6963428372618194,-1.3975183671676594,-1.0968745020859183,2.0830887524023387,2.648589161388484,1.140308121433195
86.0,73.0,1232.4930419921875,-3.401256148970566,1.6294757470026988,1.7418666087180088,2.0313624358339046,0.6963428372618194,-1.3975183671676594,-1.0968675282302294,2.0830887524023387,2.648589161388484,1.140308121433195
86.0,73.0,1232.4930419921875,-3.40127219234463,1.629462159361334,1.741865737812496,2.0313624358339046,0.6963428372618194,-1.3975183671676594,-1.0968684431822426,2.0830887524023387,2.648589161388484,1.140308121433195
86.0,73.0,1232.49365234375,-3.401256204480615,1.62943997122943,1.6727786131919096,2.031366509180088,0.6965322616689563,-1.3975097629554325,-1.0969019442476862,2.098875932267572,2.648589180787789,1.140307758490625
86.0,73.0,1232.4940185546875,-3.401256204480615,1.6294397524736357,1.6727786131919096,2.031359291978745,0.6965322616689563,-1.3975099990949522,-1.0979453413206266,2.098875932267572,2.6485891665409813,1.140308121433195
86.0,73.0,1232.494140625,-3.401256204480615,1.62943997122943,1.6727786131919096,2.031368007088956,0.6965322616689563,-1.3975097616858436,-1.0979355956334145,2.098875932267572,2.6485891666988097,1.140307758490625
86.0,73.0,1232.4951171875,-3.4012561996234427,1.62943996490381,1.6727118915596186,2.031366583122868,0.6965112003105297,-1.3975156386970946,-1.0969345963747703,2.098846778582401,2.6485891812830777,1.140299942633054
86.0,73.0,1232.4951171875,-3.4012561996234427,1.62943996490381,1.6727118915596186,2.031366583122868,0.6965112003105297,-1.3975156386970946,-1.0969345963747703,2.098846778582401,2.6485891812830777,1.140299942633054
86.0,73.0,1232.4962158203125,-3.4017669522759744,1.6295153835285925,1.7418666087180088,2.0313624358339046,0.6963428372618194,-1.3975183671676594,-1.0968675282302294,2.0830887524023387,2.648589161388484,1.140308121433195
86.0,73.0,1232.5010986328125,-3.4012272116931204,1.6294448362311893,1.6727786131919096,2.032558015741189,0.6965322616689563,-1.3975071975298103,-1.0969019442476862,2.098875932267572,2.648589180787789,1.140307758490625
86.0,73.0,1232.5013427734375,-3.401256148970566,1.6294594304248209,1.7419488803549812,2.031354632059924,0.6984008066191137,-1.3975184035332435,-1.0968745020859183,2.0830887524023387,2.648589161388484,1.140308121433195
86.0,73.0,1232.502197265625,-3.401256204480615,1.6294397524736357,1.6727774335772392,2.032552664784395,0.6965322616689563,-1.3975099990949522,-1.0979453413206266,2.098877376360301,2.6485891665409813,1.1403082556650916
86.0,73.0,1232.5089111328125,-3.401256148970566,1.6291939938038882,1.6714101841813418,2.031354735407245,0.6963428372618194,-1.3975099990949522,-1.0979453413206266,2.098875932267572,2.648589166533673,1.140308121433195
86.0,73.0,1232.509033203125,-3.401256148970566,1.6291946812781932,1.6714101841813418,2.031360606105474,0.6963428372618194,-1.3975099990949522,-1.098005519199234,2.098875932267572,2.648589165704909,1.1402999550220665
86.0,73.0,1232.509033203125,-3.401256148970566,1.6291946812781932,1.6714101841813418,2.031360606105474,0.6963428372618194,-1.3975099990949522,-1.098005519199234,2.098875932267572,2.648589165704909,1.1402999550220665
86.0,73.0,1232.510986328125,-3.401256148970566,1.6294594304248209,1.7419488803549812,2.031354632059924,0.6984008066191137,-1.3975184035332435,-1.0978781234983133,2.0830887524023387,2.648589161367881,1.140308121433195
86.0,73.0,1232.5113525390625,-3.401256148970566,1.6294594304248209,1.6714101841813418,2.031354632059924,0.6963428372618194,-1.3975099990949522,-1.0979453413206266,2.098875932267572,2.648589166533673,1.140308121433195
86.0,73.0,1232.5113525390625,-3.401256148970566,1.6294594304248209,1.6714101841813418,2.031354632059924,0.6963428372618194,-1.3975099990949522,-1.0979453413206266,2.098875932267572,2.648589166533673,1.140308121433195
86.0,73.0,1232.5113525390625,-3.401256148970566,1.6294594304248209,1.6714101841813418,2.031360402522914,0.6963428372618194,-1.3975099990949522,-1.0979453351484516,2.098875932267572,2.648589166632411,1.140308121433195
86.0,73.0,1232.5115966796875,-3.401256204480615,1.629199048067327,1.6714101841813418,2.0313399342091447,0.6964953886580457,-1.3975099990949522,-1.0979775239465177,2.098875932267572,2.6485891665409813,1.140308121433195
86.0,73.0,1232.513671875,-3.401280655371848,1.6292108912016106,1.6714101841813418,2.031354632059924,0.6965258595291597,-1.3975243500436256,-1.097894710383301,2.098875932267572,2.6485891665409813,1.1403082777038882
86.0,73.0,1232.5137939453125,-3.401564082597915,1.629440119278426,1.6726967372995698,2.032552643189645,0.696659905946323,-1.3975179344307038,-1.0969056944649984,2.098664569753092,2.6485891826159498,1.1403078509672038
86.0,73.0,1232.5140380859375,-3.401256204480615,1.6294594304248209,1.6714101841813418,2.031354632059924,0.6964953886580457,-1.3975099990949522,-1.0979453413206266,2.098875932267572,2.6485891665409813,1.140308121433195
86.0,73.0,1232.5147705078125,-3.401564082597915,1.629440119278426,1.6726967372995698,2.032552643189645,0.696659905946323,-1.3975234189534314,-1.0979439373232582,2.098664569753092,2.648589182561806,1.140300178986081
86.0,73.0,1232.515869140625,-3.401763150266296,1.6291946812781932,1.6714343410326782,2.0309310682199864,0.6963603255022867,-1.3975229287154476,-1.098005519199234,2.098875932267572,2.648589165704909,1.1402999368200673
86.0,73.0,1232.5166015625,-3.4012555265229123,1.6294740861706762,1.744547835566841,2.0313624358339046,0.6963428372618194,-1.3975156239059765,-1.096867518120338,2.0830887524023387,2.648589182175865,1.1403079885120355
86.0,73.0,1232.522705078125,-3.4017589660336927,1.6294475872905372,1.6714101841813418,2.0313399342091447,0.6964961552120466,-1.3975099990949522,-1.0979775239465177,2.098875932267572,2.6485891665409813,1.1402997158452652
86.0,73.0,1232.5244140625,-3.4017834169249253,1.6294594304248209,1.6714101841813418,2.031354632059924,0.6965266260831604,-1.3975243500436256,-1.0968910889709065,2.098875932267572,2.6485891665615844,1.1402998721159583
86.0,73.0,1232.52490234375,-3.4017834169249253,1.6294594304248209,1.6714101841813418,2.031354632059924,0.6965266260831604,-1.3975243500436256,-1.097894710383301,2.098875932267572,2.6485891665409813,1.1402998721159583
86.0,73.0,1232.527099609375,-3.401252102412299,1.6294740861706762,1.746963754936049,2.0313624358339046,0.6963428372618194,-1.3975233398144589,-1.096867518120338,2.083971001637745,2.6485891825665586,1.140300258199368
86.0,73.0,1232.5333251953125,-3.401256148970566,1.6294594304248209,1.7462228965242528,2.031354632059924,0.6964908865743012,-1.3975183671676594,-1.0968745020859183,2.0830887524023387,2.648589166563011,1.140308121433195
86.0,73.0,1232.5338134765625,-3.401256204480615,1.6294920387856582,1.6727843966053244,2.03255351338065,0.6982690411853409,-1.3975099990949522,-1.0968693581251483,2.098876661361555,2.6485891665409813,1.1403080130615493
86.0,73.0,1232.533935546875,-3.401256148970566,1.6294594304248209,1.672730337398084,2.0325824239912538,0.6986226918183608,-1.3975099990949522,-1.0979453413206266,2.0994723166991087,2.648589182367791,1.140308123512459
86.0,73.0,1232.5350341796875,-3.4017294036033388,1.62943687620156,1.672710738459415,2.0309610980424004,0.6983735366238475,-1.3975112799781857,-1.0978612628998543,2.098887478849909,2.648589167695957,1.1402998715166617
86.0,73.0,1232.5423583984375,-3.4012540699529605,1.63084818124992,1.6727032830520403,2.030961351184033,0.6984294867643376,-1.3975104006130912,-1.0968434545909265,2.098876488874234,2.64858918235131,1.1403078388742602
86.0,73.0,1232.5430908203125,-3.401247724103316,1.629440814703036,1.672710738459415,2.0309688236810275,0.6992532624372142,-1.3975095328100318,-1.0968497443582357,2.098875932267572,2.6485891827225925,1.1402999924193715
86.0,73.0,1232.543212890625,-3.401256204480615,1.629440814703036,1.672710738459415,2.0309688236810275,0.6992532624372142,-1.3975099990949522,-1.0968497443582357,2.098875932267572,2.6485891665409813,1.1402999924193715
86.0,74.0,1232.2684326171875,-3.401256148970566,1.6291946812781932,1.736901348600684,2.0313602516533766,0.6963428372618194,-1.3975178637505736,-1.0968861055248054,2.098693277852863,2.6485891667645403,1.140307813050518
86.0,74.0,1232.3043212890625,-3.4012272116931204,1.6294448362311893,1.6727753531887182,2.0313356700538683,0.6603251527261793,-1.3975206142451804,-1.0969019442476862,2.0988742208792184,2.6485891804370816,1.1403081058306666
86.0,74.0,1232.309814453125,-3.401256148970566,1.6294594304248209,1.7422412549615511,2.031354632059924,0.698299660010738,-1.397507343017279,-1.0968025208447296,2.1012691154991714,2.648589161388484,1.1403081440963865
86.0,74.0,1232.324462890625,-3.401254591094343,1.6294594304248209,1.7427605899193817,2.0313620944823727,0.6965242730585658,-1.3975243500436256,-1.096879902581562,2.098875932267572,2.6485891665409813,1.1402998721159583
86.0,74.0,1232.350341796875,-3.4012561483464925,1.629461110831116,1.7419488803549812,2.032543571638917,0.6984120670831291,-1.3975184035332435,-1.0968802209831865,2.09689889756623,2.648589161388484,1.140308121433195
86.0,74.0,1232.350341796875,-3.4012561483464925,1.629461110831116,1.7419488803549812,2.032543571638917,0.6984120670831291,-1.3975184035332435,-1.0968802209831865,2.09689889756623,2.648589161388484,1.140308121433195
86.0,74.0,1232.3505859375,-3.4012514119879484,1.652140433193113,1.6726059050133062,2.031329606110824,0.6590248942346071,-1.3975202780499472,-1.096868328792425,2.0987817953019707,2.648589183451699,1.1403081127700514
86.0,74.0,1232.4493408203125,-3.401558377209967,1.6446857320403347,1.6726905087759496,2.032551087434566,0.640192575657129,-1.397517323642672,-1.0968683307236446,2.0995017411341244,2.648589182631501,1.1403080491469983
86.0,74.0,1232.4493408203125,-3.401558377209967,1.6446857320403347,1.6726905087759496,2.032551087434566,0.640192575657129,-1.397517323642672,-1.0968683307236446,2.0995017411341244,2.648589182631501,1.1403080491469983
86.0,74.0,1232.449462890625,-3.401558377209967,1.644653839004495,1.6726905087759496,2.032553965077338,0.640192575657129,-1.3975167577830738,-1.0968683307236446,2.0995017411341244,2.6485891826332955,1.1403080491469983
86.0,74.0,1232.453369140625,-3.401558377209967,1.643768339688642,1.6726970877257634,2.032551087434566,0.640192575657129,-1.397517469289894,-1.0968683307236446,2.0995017411341244,2.648589182637876,1.1403080491469983
86.0,74.0,1232.471923828125,-3.4012269693072006,1.629066944607793,1.6727774335772392,2.032551089947777,0.6965322616689563,-1.3975070746314573,-1.0979453413206266,2.100915758830696,2.648589182325443,1.1403082556650916
86.0,74.0,1232.471923828125,-3.4012269693072006,1.629066944607793,1.6727792231032406,2.032553955671869,0.6965322616689563,-1.3975070746314573,-1.0978984444640156,2.100915758830696,2.648589182325443,1.1403081442530802
86.0,74.0,1232.4730224609375,-3.401255251211808,1.6290772173444688,1.6727110549040292,2.032620529747741,0.6948896052611663,-1.3975158137369224,-1.0969017300573105,2.098846778582401,2.648589181690784,1.140299942633054
86.0,74.0,1232.4747314453125,-3.401227244735624,1.6294170468775726,1.6727748477609623,2.032551089947777,0.6965171781464053,-1.3975068995916298,-1.0979453413206266,2.100915758830696,2.648589182325443,1.1403082556650916
86.0,74.0,1232.4755859375,-3.401255526640232,1.629427319614248,1.6727084690877525,2.032620529747741,0.6948745217386154,-1.3975156386970946,-1.0969017300573105,2.098846778582401,2.648589181690784,1.140299942633054
86.0,74.0,1232.47607421875,-3.401255526640232,1.629439921228421,1.6727084690877525,2.032620529747741,0.6948745217386154,-1.397515925057666,-1.0978439258724584,2.098846778582401,2.64858916607078,1.1403000078017822
86.0,74.0,1232.48974609375,-3.4012636755340413,1.6291924934263973,1.6726672297578689,2.031354557905784,0.6963428372618194,-1.3975099990949522,-1.096831230676215,2.098875932267572,2.648589165704909,1.1402999550220665
86.0,74.0,1232.48974609375,-3.4012636755340413,1.6291926706881563,1.6726672297578689,2.031354557905784,0.6963428372618194,-1.3975099990949522,-1.096831230676215,2.098875932267572,2.648589165704909,1.1402999550220665
86.0,74.0,1232.4903564453125,-3.4012636755340413,1.6291946812781932,1.6726672297578689,2.0313606122827523,0.6963428372618194,-1.3975099990949522,-1.098005519199234,2.098875932267572,2.648589165704909,1.1402999550220665
86.0,74.0,1232.4903564453125,-3.4012636755340413,1.6291945040164335,1.6726672297578689,2.0313606122827523,0.6963428372618194,-1.3975099990949522,-1.098005519199234,2.098875932267572,2.648589165704909,1.1402999550220665
86.0,74.0,1232.4912109375,-3.40178347595283,1.6295073115510093,1.7418666087180088,2.030948186086984,0.6963224286189451,-1.3975183671676594,-1.0968675282302294,2.0830887524023387,2.648589161114259,1.1402998690461392
86.0,74.0,1232.4912109375,-3.40178347595283,1.6295073115510093,1.7418666087180088,2.030948186086984,0.6963224286189451,-1.3975183671676594,-1.0968675282302294,2.0830887524023387,2.648589161114259,1.1402998690461392
86.0,74.0,1232.491943359375,-3.401256148970566,1.6294594304248209,1.741742612186076,2.031354632059924,0.6963428372618194,-1.3975183671676594,-1.0968745020859183,2.0830887524023387,2.648589166729729,1.140308121433195
86.0,74.0,1232.492919921875,-3.401256148970566,1.6294594304248209,1.7418666087180088,2.031354632059924,0.6963428372618194,-1.3975183671676594,-1.0968745020859183,2.0830887524023387,2.648589161388484,1.140308121433195
86.0,74.0,1232.4930419921875,-3.401256148970566,1.6294757470026988,1.7418666087180088,2.0313624358339046,0.6963428372618194,-1.3975183671676594,-1.0968675282302294,2.0830887524023387,2.648589161388484,1.140308121433195
86.0,74.0,1232.4930419921875,-3.40127219234463,1.629462159361334,1.741865737812496,2.0313624358339046,0.6963428372618194,-1.3975183671676594,-1.0968684431822426,2.0830887524023387,2.648589161388484,1.140308121433195
86.0,74.0,1232.49365234375,-3.401256204480615,1.62943997122943,1.6727786131919096,2.031366509180088,0.6965322616689563,-1.3975097629554325,-1.0969019442476862,2.098875932267572,2.648589180787789,1.140307758490625
86.0,74.0,1232.4940185546875,-3.401256204480615,1.6294397524736357,1.6727786131919096,2.031359291978745,0.6965322616689563,-1.3975099990949522,-1.0979453413206266,2.098875932267572,2.6485891665409813,1.140308121433195
86.0,74.0,1232.494140625,-3.401256204480615,1.62943997122943,1.6727786131919096,2.031368007088956,0.6965322616689563,-1.3975097616858436,-1.0979355956334145,2.098875932267572,2.6485891666988097,1.140307758490625
86.0,74.0,1232.4942626953125,-3.4012638973532754,1.62943997122943,1.6727786131919096,2.031360472746228,0.6965322616689563,-1.3975100000483704,-1.0980081030677515,2.098875932267572,2.6485891666988097,1.140299939836926
86.0,74.0,1232.4951171875,-3.4012561996234427,1.62943996490381,1.6727118915596186,2.031366583122868,0.6965112003105297,-1.3975156386970946,-1.0969345963747703,2.098846778582401,2.6485891812830777,1.140299942633054
86.0,74.0,1232.4951171875,-3.4012561996234427,1.62943996490381,1.6727118915596186,2.031366583122868,0.6965112003105297,-1.3975156386970946,-1.0969345963747703,2.098846778582401,2.6485891812830777,1.140299942633054
86.0,74.0,1232.4962158203125,-3.4017669522759744,1.6295153835285925,1.7418666087180088,2.0313624358339046,0.6963428372618194,-1.3975183671676594,-1.0968675282302294,2.0830887524023387,2.648589161388484,1.140308121433195
86.0,74.0,1232.5010986328125,-3.4012272116931204,1.6294448362311893,1.6727786131919096,2.032558015741189,0.6965322616689563,-1.3975071975298103,-1.0969019442476862,2.098875932267572,2.648589180787789,1.140307758490625
86.0,74.0,1232.5013427734375,-3.401256148970566,1.6294594304248209,1.7419488803549812,2.031354632059924,0.6984008066191137,-1.3975184035332435,-1.0968745020859183,2.0830887524023387,2.648589161388484,1.140308121433195
86.0,74.0,1232.502197265625,-3.401256204480615,1.6294397524736357,1.6727774335772392,2.032552664784395,0.6965322616689563,-1.3975099990949522,-1.0979453413206266,2.098877376360301,2.6485891665409813,1.1403082556650916
86.0,74.0,1232.5089111328125,-3.401256148970566,1.6291939938038882,1.6714101841813418,2.031354735407245,0.6963428372618194,-1.3975099990949522,-1.0979453413206266,2.098875932267572,2.648589166533673,1.140308121433195
86.0,74.0,1232.5089111328125,-3.401256148970566,1.6291939938038882,1.6714101841813418,2.031354735407245,0.6963428372618194,-1.3975099990949522,-1.0979453413206266,2.098875932267572,2.6485891665181,1.14030817677138
86.0,74.0,1232.509033203125,-3.401256148970566,1.6291946812781932,1.6714101841813418,2.031360606105474,0.6963428372618194,-1.3975099990949522,-1.098005519199234,2.098875932267572,2.648589165704909,1.1402999550220665
86.0,74.0,1232.509033203125,-3.401256148970566,1.6291946812781932,1.6714101841813418,2.031360606105474,0.6963428372618194,-1.3975099990949522,-1.098005519199234,2.098875932267572,2.648589165704909,1.1402999550220665
86.0,74.0,1232.509033203125,-3.401256148970566,1.6291946812781932,1.6714101841813418,2.031360606105474,0.6963428372618194,-1.3975099990949522,-1.098005519199234,2.098875932267572,2.648589165720482,1.1402998996838816
86.0,74.0,1232.510986328125,-3.401256148970566,1.6294594304248209,1.7419488803549812,2.031354632059924,0.6984008066191137,-1.3975184035332435,-1.0978781234983133,2.0830887524023387,2.648589161367881,1.140308121433195
86.0,74.0,1232.5113525390625,-3.401256148970566,1.6294594304248209,1.6714101841813418,2.031354632059924,0.6963428372618194,-1.3975099990949522,-1.0979453413206266,2.098875932267572,2.648589166533673,1.140308121433195
86.0,74.0,1232.5113525390625,-3.401256148970566,1.6294594304248209,1.6714101841813418,2.031354632059924,0.6963428372618194,-1.3975099990949522,-1.0979453413206266,2.098875932267572,2.648589166533673,1.140308121433195
86.0,74.0,1232.5113525390625,-3.401256148970566,1.6294594304248209,1.6714101841813418,2.031360402522914,0.6963428372618194,-1.3975099990949522,-1.0979453351484516,2.098875932267572,2.648589166632411,1.140308121433195
86.0,74.0,1232.5115966796875,-3.401256204480615,1.629199048067327,1.6714101841813418,2.0313399342091447,0.6964953886580457,-1.3975099990949522,-1.0979775239465177,2.098875932267572,2.6485891665409813,1.140308121433195
86.0,74.0,1232.513671875,-3.401280655371848,1.6292108912016106,1.6714101841813418,2.031354632059924,0.6965258595291597,-1.3975243500436256,-1.097894710383301,2.098875932267572,2.6485891665409813,1.1403082777038882
86.0,74.0,1232.5137939453125,-3.401564082597915,1.629440119278426,1.6726967372995698,2.032552643189645,0.696659905946323,-1.3975179344307038,-1.0969056944649984,2.098664569753092,2.6485891826159498,1.1403078509672038
86.0,74.0,1232.5140380859375,-3.401256204480615,1.6294594304248209,1.6714101841813418,2.031354632059924,0.6964953886580457,-1.3975099990949522,-1.0979453413206266,2.098875932267572,2.6485891665409813,1.140308121433195
86.0,75.0,1231.421630859375,-3.4012514119879484,1.629507922615721,1.6726059050133062,2.031361144291312,0.6588249848609591,-1.37654664924476,-1.097962017007266,2.0988767160316266,2.6485891832206625,1.1403081127700514
86.0,75.0,1232.2684326171875,-3.401256148970566,1.6291946812781932,1.736901348600684,2.0313602516533766,0.6963428372618194,-1.3975178637505736,-1.0968861055248054,2.098693277852863,2.6485891667645403,1.140307813050518
86.0,75.0,1232.2684326171875,-3.401256148970566,1.6291946812781932,1.736901348600684,2.0313602516533766,0.6963428372618194,-1.3975178637505736,-1.0968861055248054,2.098693277852863,2.6485891667645403,1.140307813050518
86.0,75.0,1232.30078125,-3.40125481678083,1.6290671224677422,1.67271260659597,2.0313356700538683,0.6612500453894998,-1.3975203919873036,-1.0969019492412722,2.0988742208792184,2.6485891804370816,1.14030009177962
86.0,75.0,1232.3043212890625,-3.4012272116931204,1.6294448362311893,1.6727753531887182,2.0313356700538683,0.6603251527261793,-1.3975206142451804,-1.0969019442476862,2.0988742208792184,2.6485891804370816,1.1403081058306666
86.0,75.0,1232.3046875,-3.401262369697576,1.6294448362311893,1.6727753531887182,2.0313356700538683,0.6603251527261793,-1.397521050858721,-1.096895424525805,2.0988742208792184,2.648589166340711,1.1402999154115758
86.0,75.0,1232.309814453125,-3.401256148970566,1.6294594304248209,1.7422412549615511,2.031354632059924,0.698299660010738,-1.397507343017279,-1.0968025208447296,2.1012691154991714,2.648589161388484,1.1403081440963865
86.0,75.0,1232.324462890625,-3.401254591094343,1.6294594304248209,1.7427605899193817,2.0313620944823727,0.6965242730585658,-1.3975243500436256,-1.096879902581562,2.098875932267572,2.6485891665409813,1.1402998721159583
86.0,75.0,1232.338623046875,-3.4012561483464925,1.629461110831116,1.7422262851998729,2.0313606300317795,0.6984073513415947,-1.3975184035332435,-1.0968802209831865,2.096723893594978,2.648589161388484,1.1403081199609644
86.0,75.0,1232.350341796875,-3.4012561483464925,1.629461110831116,1.7419488803549812,2.032543571638917,0.6984120670831291,-1.3975184035332435,-1.0968802209831865,2.09689889756623,2.648589161388484,1.140308121433195
86.0,75.0,1232.350341796875,-3.4012561483464925,1.629461110831116,1.7419488803549812,2.032543571638917,0.6984120670831291,-1.3975184035332435,-1.0968802209831865,2.09689889756623,2.648589161388484,1.140308121433195
86.0,75.0,1232.3505859375,-3.4012514119879484,1.652140433193113,1.6726059050133062,2.031329606110824,0.6590248942346071,-1.3975202780499472,-1.096868328792425,2.0987817953019707,2.648589183451699,1.1403081127700514
86.0,75.0,1232.4127197265625,-3.401256148970566,1.6294594304248209,1.6789810597301618,2.031354632059924,0.698299660010738,-1.3975073545937715,-1.0968025208447296,2.1008917744411577,2.648589161388484,1.1403081440965912
86.0,75.0,1232.4493408203125,-3.401558377209967,1.6446857320403347,1.6726905087759496,2.032551087434566,0.640192575657129,-1.397517323642672,-1.0968683307236446,2.0995017411341244,2.648589182631501,1.1403080491469983
86.0,75.0,1232.4493408203125,-3.401558377209967,1.6446857320403347,1.6726905087759496,2.032551087434566,0.640192575657129,-1.397517323642672,-1.0968683307236446,2.0995017411341244,2.648589182631501,1.1403080491469983
86.0,75.0,1232.449462890625,-3.401558377209967,1.644653839004495,1.6726905087759496,2.032553965077338,0.640192575657129,-1.3975167577830738,-1.0968683307236446,2.0995017411341244,2.6485891826332955,1.1403080491469983
86.0,75.0,1232.453369140625,-3.401558377209967,1.643768339688642,1.6726970877257634,2.032551087434566,0.640192575657129,-1.397517469289894,-1.0968683307236446,2.0995017411341244,2.648589182637876,1.1403080491469983
86.0,75.0,1232.4652099609375,-3.401254862734596,1.6290668570294846,1.6726808863263545,2.0313501987049087,0.6965322616689563,-1.3975070900100153,-1.0979015595825006,2.100915758830696,2.648589182325443,1.1403081222365483
86.0,75.0,1232.471923828125,-3.4012269693072006,1.629066944607793,1.6727774335772392,2.032551089947777,0.6965322616689563,-1.3975070746314573,-1.0979453413206266,2.100915758830696,2.648589182325443,1.1403082556650916
86.0,75.0,1232.471923828125,-3.4012269693072006,1.629066944607793,1.6727792231032406,2.032553955671869,0.6965322616689563,-1.3975070746314573,-1.0978984444640156,2.100915758830696,2.648589182325443,1.1403081442530802
86.0,75.0,1232.4720458984375,-3.401227909007551,1.629066944607793,1.6727706695059703,2.0326812418247804,0.6965322616689563,-1.3975070746314573,-1.0979453413206266,2.1009928486927407,2.6485891825534247,1.1403082478705378
86.0,75.0,1232.4730224609375,-3.401255251211808,1.6290772173444688,1.6727110549040292,2.032620529747741,0.6948896052611663,-1.3975158137369224,-1.0969017300573105,2.098846778582401,2.648589181690784,1.140299942633054
86.0,75.0,1232.47412109375,-3.40125614044827,1.629178280705953,1.6727084690877525,2.032620529747741,0.6948745217386154,-1.3975159278986822,-1.09801067975654,2.098846778582401,2.64858916607078,1.1402999544372017
86.0,75.0,1232.4747314453125,-3.401227244735624,1.6294170468775726,1.6727748477609623,2.032551089947777,0.6965171781464053,-1.3975068995916298,-1.0979453413206266,2.100915758830696,2.648589182325443,1.1403082556650916
86.0,75.0,1232.4755859375,-3.401255526640232,1.629427319614248,1.6727084690877525,2.032620529747741,0.6948745217386154,-1.3975156386970946,-1.0969017300573105,2.098846778582401,2.648589181690784,1.140299942633054
86.0,75.0,1232.47607421875,-3.401255526640232,1.629439921228421,1.6727084690877525,2.032620529747741,0.6948745217386154,-1.397515925057666,-1.0978439258724584,2.098846778582401,2.64858916607078,1.1403000078017822
86.0,75.0,1232.48974609375,-3.4012636755340413,1.6291924934263973,1.6726672297578689,2.031354557905784,0.6963428372618194,-1.3975099990949522,-1.096831230676215,2.098875932267572,2.648589165704909,1.1402999550220665
86.0,75.0,1232.48974609375,-3.4012636755340413,1.6291926706881563,1.6726672297578689,2.031354557905784,0.6963428372618194,-1.3975099990949522,-1.096831230676215,2.098875932267572,2.648589165704909,1.1402999550220665
86.0,75.0,1232.48974609375,-3.401262735833692,1.6291926706881563,1.672673993829138,2.0312244060287807,0.6963428372618194,-1.3975099990949522,-1.096831230676215,2.098798842405527,2.648589165476927,1.1402999628166206
86.0,75.0,1232.4903564453125,-3.4012636755340413,1.6291946812781932,1.6726672297578689,2.0313606122827523,0.6963428372618194,-1.3975099990949522,-1.098005519199234,2.098875932267572,2.648589165704909,1.1402999550220665
86.0,75.0,1232.4903564453125,-3.4012636755340413,1.6291945040164335,1.6726672297578689,2.0313606122827523,0.6963428372618194,-1.3975099990949522,-1.098005519199234,2.098875932267572,2.648589165704909,1.1402999550220665
86.0,75.0,1232.490478515625,-3.4012636755340413,1.6291963093360489,1.6726672297578689,2.0313606122827523,0.6963428372618194,-1.3975099990949522,-1.0980224127421525,2.098875932267572,2.648589165704909,1.1402998320644953
86.0,75.0,1232.4912109375,-3.40178347595283,1.6295073115510093,1.7418666087180088,2.030948186086984,0.6963224286189451,-1.3975183671676594,-1.0968675282302294,2.0830887524023387,2.648589161114259,1.1402998690461392
86.0,75.0,1232.4912109375,-3.40178347595283,1.6295073115510093,1.7418666087180088,2.030948186086984,0.6963224286189451,-1.3975183671676594,-1.0968675282302294,2.0830887524023387,2.648589161114259,1.1402998690461392
86.0,75.0,1232.491943359375,-3.401256148970566,1.6294594304248209,1.741742612186076,2.031354632059924,0.6963428372618194,-1.3975183671676594,-1.0968745020859183,2.0830887524023387,2.648589166729729,1.140308121433195
86.0,75.0,1232.491943359375,-3.401256148970566,1.6294594304248209,1.741742612186076,2.031354632059924,0.6963428372618194,-1.3975183671676594,-1.0968745020859183,2.0830887524023387,2.648589166729729,1.140308121433195
86.0,75.0,1232.492919921875,-3.401256148970566,1.6294594304248209,1.7418666087180088,2.031354632059924,0.6963428372618194,-1.3975183671676594,-1.0968745020859183,2.0830887524023387,2.648589161388484,1.140308121433195
86.0,75.0,1232.492919921875,-3.401256148970566,1.6294594304248209,1.7418666087180088,2.031354632059924,0.6963428372618194,-1.3975183671676594,-1.0968745020859183,2.0830887524023387,2.648589161388484,1.140308121433195
86.0,75.0,1232.4930419921875,-3.401256148970566,1.6294757470026988,1.7418666087180088,2.0313624358339046,0.6963428372618194,-1.3975183671676594,-1.0968675282302294,2.0830887524023387,2.648589161388484,1.140308121433195
86.0,75.0,1232.4930419921875,-3.40127219234463,1.629462159361334,1.741865737812496,2.0313624358339046,0.6963428372618194,-1.3975183671676594,-1.0968684431822426,2.0830887524023387,2.648589161388484,1.140308121433195
86.0,75.0,1232.49365234375,-3.401256204480615,1.62943997122943,1.6727786131919096,2.031366509180088,0.6965322616689563,-1.3975097629554325,-1.0969019442476862,2.098875932267572,2.648589180787789,1.140307758490625
86.0,75.0,1232.4940185546875,-3.401256204480615,1.6294397524736357,1.6727786131919096,2.031359291978745,0.6965322616689563,-1.3975099990949522,-1.0979453413206266,2.098875932267572,2.6485891665409813,1.140308121433195
86.0,75.0,1232.494140625,-3.401256204480615,1.62943997122943,1.6727786131919096,2.031368007088956,0.6965322616689563,-1.3975097616858436,-1.0979355956334145,2.098875932267572,2.6485891666988097,1.140307758490625
86.0,75.0,1232.4942626953125,-3.4012638973532754,1.62943997122943,1.6727786131919096,2.031360472746228,0.6965322616689563,-1.3975100000483704,-1.0980081030677515,2.098875932267572,2.6485891666988097,1.140299939836926
86.0,75.0,1232.4951171875,-3.4012561996234427,1.62943996490381,1.6727118915596186,2.031366583122868,0.6965112003105297,-1.3975156386970946,-1.0969345963747703,2.098846778582401,2.6485891812830777,1.140299942633054
86.0,75.0,1232.4951171875,-3.4012561996234427,1.62943996490381,1.6727118915596186,2.031366583122868,0.6965112003105297,-1.3975156386970946,-1.0969345963747703,2.098846778582401,2.6485891812830777,1.140299942633054
86.0,75.0,1232.4962158203125,-3.4017669522759744,1.6295153835285925,1.7418666087180088,2.0313624358339046,0.6963428372618194,-1.3975183671676594,-1.0968675282302294,2.0830887524023387,2.648589161388484,1.140308121433195
86.0,75.0,1232.5010986328125,-3.4012272116931204,1.6294448362311893,1.6727786131919096,2.032558015741189,0.6965322616689563,-1.3975071975298103,-1.0969019442476862,2.098875932267572,2.648589180787789,1.140307758490625
86.0,75.0,1232.5010986328125,-3.4012561483464925,1.6450321136400023,1.7419488803549812,2.032550857958206,0.6984120670831291,-1.3975184035332435,-1.0968683996261233,2.09689889756623,2.648589161388484,1.140308121433195
86.0,75.0,1232.5013427734375,-3.401256148970566,1.6294594304248209,1.7419488803549812,2.031354632059924,0.6984008066191137,-1.3975184035332435,-1.0968745020859183,2.0830887524023387,2.648589161388484,1.140308121433195
86.0,76.0,1231.421630859375,-3.4012514119879484,1.629507922615721,1.6726059050133062,2.031361144291312,0.6588249848609591,-1.37654664924476,-1.097962017007266,2.0988767160316266,2.6485891832206625,1.1403081127700514
86.0,76.0,1232.2684326171875,-3.401256148970566,1.6291946812781932,1.736901348600684,2.0313602516533766,0.6963428372618194,-1.3975178637505736,-1.0968861055248054,2.098693277852863,2.6485891667645403,1.140307813050518
86.0,76.0,1232.2684326171875,-3.401256148970566,1.6291946812781932,1.736901348600684,2.0313602516533766,0.6963428372618194,-1.3975178637505736,-1.0968861055248054,2.098693277852863,2.6485891667645403,1.140307813050518
86.0,76.0,1232.2684326171875,-3.401256148970566,1.6291946812781932,1.736901348600684,2.0313602589347166,0.6963428372618194,-1.3975183752102094,-1.0968861055248054,2.098693277852863,2.6485891615011106,1.140307813050518
86.0,76.0,1232.28271484375,-3.401256148970566,1.6291791176146158,1.736901348600684,2.0313602516533766,0.6963641857528816,-1.3975178637505736,-1.0968861055248054,2.0967478855213457,2.648589161648273,1.140307813050518
86.0,76.0,1232.30078125,-3.40125481678083,1.6290671224677422,1.67271260659597,2.0313356700538683,0.6612500453894998,-1.3975203919873036,-1.0969019492412722,2.0988742208792184,2.6485891804370816,1.14030009177962
86.0,76.0,1232.3043212890625,-3.4012272116931204,1.6294448362311893,1.6727753531887182,2.0313356700538683,0.6603251527261793,-1.3975206142451804,-1.0969019442476862,2.0988742208792184,2.6485891804370816,1.1403081058306666
86.0,76.0,1232.3046875,-3.401262369697576,1.6294448362311893,1.6727753531887182,2.0313356700538683,0.6603251527261793,-1.397521050858721,-1.096895424525805,2.0988742208792184,2.648589166340711,1.1402999154115758
86.0,76.0,1232.3046875,-3.401262369697576,1.6294448362311893,1.6727753531887182,2.0313356700538683,0.6603251527261793,-1.397521050858721,-1.096895424525805,2.0988742208792184,2.648589166340711,1.1402999154115758
86.0,76.0,1232.3072509765625,-3.401201595372394,1.6294448362311893,1.6726922024076911,2.0313356700538683,0.6599813066242519,-1.3975206142451804,-1.0969019442476862,2.0988742208792184,2.648589180318963,1.14030810371017
86.0,76.0,1232.3094482421875,-3.401254591094343,1.6294594304248209,1.7427605899193817,2.0313620944823727,0.6965242730585658,-1.3975243500436256,-1.0950615973884466,2.098875932267572,2.6485891665409813,1.1402998721159583
86.0,76.0,1232.3096923828125,-3.4012269693072006,1.6294233202771276,1.741074812677211,2.0325274397901127,0.6965322616689563,-1.3975070746314573,-1.0968574054085705,2.1010676758939137,2.648589182325443,1.1403081442530802
86.0,76.0,1232.309814453125,-3.401256148970566,1.6294594304248209,1.7422412549615511,2.031354632059924,0.698299660010738,-1.397507343017279,-1.0968025208447296,2.1012691154991714,2.648589161388484,1.1403081440963865
86.0,76.0,1232.324462890625,-3.401254591094343,1.6294594304248209,1.7427605899193817,2.0313620944823727,0.6965242730585658,-1.3975243500436256,-1.096879902581562,2.098875932267572,2.6485891665409813,1.1402998721159583
86.0,76.0,1232.325439453125,-3.4012561483464925,1.6294766744946931,1.7422262851998729,2.0313606300317795,0.6983860028505325,-1.3975184035332435,-1.0968802209831865,2.098669285926495,2.6485891665047507,1.1403081199609644
86.0,76.0,1232.338623046875,-3.4012561483464925,1.629461110831116,1.7422262851998729,2.0313606300317795,0.6984073513415947,-1.3975184035332435,-1.0968802209831865,2.096723893594978,2.648589161388484,1.1403081199609644
86.0,76.0,1232.350341796875,-3.4012561483464925,1.629461110831116,1.7419488803549812,2.032543571638917,0.6984120670831291,-1.3975184035332435,-1.0968802209831865,2.09689889756623,2.648589161388484,1.140308121433195
86.0,76.0,1232.350341796875,-3.4012561483464925,1.629461110831116,1.7419488803549812,2.032543571638917,0.6984120670831291,-1.3975184035332435,-1.0968802209831865,2.09689889756623,2.648589161388484,1.140308121433195
86.0,76.0,1232.350341796875,-3.4012561483464925,1.629461110831116,1.7419488803549812,2.032543571638917,0.6984120670831291,-1.397517862459139,-1.0968861080028678,2.09689889756623,2.648589161388484,1.1403081321060795
86.0,76.0,1232.3505859375,-3.4012514119879484,1.652140433193113,1.6726059050133062,2.031329606110824,0.6590248942346071,-1.3975202780499472,-1.096868328792425,2.0987817953019707,2.648589183451699,1.1403081127700514
86.0,76.0,1232.3511962890625,-3.4012561483464925,1.629461110831116,1.7419488803549812,2.0326161121628337,0.6984120670831291,-1.397515876869119,-1.096904987041575,2.0969262183392248,2.648589161303469,1.140308121433195
86.0,76.0,1232.3834228515625,-3.4012562048075377,1.629507922615721,1.6726081309228271,2.0313611747317366,0.6588249848609591,-1.3984951283025746,-1.097962017007266,2.0988767305217726,2.6485891832206625,1.1403081071011765
86.0,76.0,1232.40673828125,-3.401256148970566,1.6288319140042238,1.6789810597301618,2.031354632059924,0.698299660010738,-1.397520812347024,-1.0968025208447296,2.100977784436213,2.648589183608616,1.1403081440965912
86.0,76.0,1232.4127197265625,-3.401256148970566,1.6294594304248209,1.6789810597301618,2.031354632059924,0.698299660010738,-1.3975073545937715,-1.0968025208447296,2.1008917744411577,2.648589161388484,1.1403081440965912
86.0,76.0,1232.4442138671875,-3.4015839935306933,1.644653839004495,1.6727736595569764,2.032553965077338,0.6405364217590563,-1.3975167577830738,-1.0968683307236446,2.0995017411341244,2.648589182751414,1.1403080512674948
86.0,76.0,1232.4493408203125,-3.401558377209967,1.6446857320403347,1.6726905087759496,2.032551087434566,0.640192575657129,-1.397517323642672,-1.0968683307236446,2.0995017411341244,2.648589182631501,1.1403080491469983
86.0,76.0,1232.4493408203125,-3.401558377209967,1.6446857320403347,1.6726905087759496,2.032551087434566,0.640192575657129,-1.397517323642672,-1.0968683307236446,2.0995017411341244,2.648589182631501,1.1403080491469983
86.0,76.0,1232.449462890625,-3.401558377209967,1.644653839004495,1.6726905087759496,2.032553965077338,0.640192575657129,-1.3975167577830738,-1.0968683307236446,2.0995017411341244,2.6485891826332955,1.1403080491469983
86.0,76.0,1232.453369140625,-3.401558377209967,1.643768339688642,1.6726970877257634,2.032551087434566,0.640192575657129,-1.397517469289894,-1.0968683307236446,2.0995017411341244,2.648589182637876,1.1403080491469983
86.0,76.0,1232.453369140625,-3.401558377209967,1.6437615079692185,1.6726905087759496,2.032551087434566,0.640192575657129,-1.397517323642672,-1.0968683307236446,2.0995017411341244,2.648589182631228,1.1403080491469983
86.0,76.0,1232.463623046875,-3.4012282265368925,1.629066944607793,1.6727755323512103,2.031381530159364,0.6965322616689563,-1.3975070746314573,-1.097945635549395,2.100915367805763,2.6485891825534247,1.1403082400893434
86.0,76.0,1232.4652099609375,-3.401254862734596,1.6290668570294846,1.6726808863263545,2.0313501987049087,0.6965322616689563,-1.3975070900100153,-1.0979015595825006,2.100915758830696,2.648589182325443,1.1403081222365483
86.0,76.0,1232.471923828125,-3.4012269693072006,1.629066944607793,1.6727774335772392,2.032551089947777,0.6965322616689563,-1.3975070746314573,-1.0979453413206266,2.100915758830696,2.648589182325443,1.1403082556650916
86.0,76.0,1232.471923828125,-3.4012269693072006,1.629066944607793,1.6727792231032406,2.032553955671869,0.6965322616689563,-1.3975070746314573,-1.0978984444640156,2.100915758830696,2.648589182325443,1.1403081442530802
86.0,76.0,1232.4720458984375,-3.401227909007551,1.629066944607793,1.6727706695059703,2.0326812418247804,0.6965322616689563,-1.3975070746314573,-1.0979453413206266,2.1009928486927407,2.6485891825534247,1.1403082478705378
86.0,76.0,1232.4730224609375,-3.401255251211808,1.6290772173444688,1.6727110549040292,2.032620529747741,0.6948896052611663,-1.3975158137369224,-1.0969017300573105,2.098846778582401,2.648589181690784,1.140299942633054
86.0,76.0,1232.4730224609375,-3.401255251211808,1.6290772173444688,1.6727110549040292,2.0325479892238247,0.6948896052611663,-1.3975183404010472,-1.0968769639989215,2.098819457809406,2.6485891817757987,1.140299942633054
86.0,76.0,1232.4735107421875,-3.4012545452052545,1.6290668570294846,1.6726760234811144,2.032649910370325,0.6965322616689563,-1.3975070900100153,-1.097901265353732,2.1009932397176745,2.648589182325443,1.1403081300177431
86.0,76.0,1232.47412109375,-3.40125614044827,1.629178280705953,1.6727084690877525,2.032620529747741,0.6948745217386154,-1.3975159278986822,-1.09801067975654,2.098846778582401,2.64858916607078,1.1402999544372017
86.0,76.0,1232.4744873046875,-3.401228130951422,1.629439921228421,1.6727084690877525,2.0325543999305524,0.6948745217386154,-1.397507138537163,-1.0978534053259414,2.098846778582401,2.648589166606396,1.140299953971274
86.0,76.0,1232.4747314453125,-3.401227244735624,1.6294170468775726,1.6727748477609623,2.032551089947777,0.6965171781464053,-1.3975068995916298,-1.0979453413206266,2.100915758830696,2.648589182325443,1.1403082556650916
86.0,76.0,1232.4755859375,-3.401255526640232,1.629427319614248,1.6727084690877525,2.032620529747741,0.6948745217386154,-1.3975156386970946,-1.0969017300573105,2.098846778582401,2.648589181690784,1.140299942633054
86.0,76.0,1232.47607421875,-3.401255526640232,1.629439921228421,1.6727084690877525,2.032620529747741,0.6948745217386154,-1.397515925057666,-1.0978439258724584,2.098846778582401,2.64858916607078,1.1403000078017822
86.0,76.0,1232.476318359375,-3.4012624603841712,1.6294170468775726,1.6727753384033976,2.032551089947777,0.6965171781464053,-1.3975210787502768,-1.0979453413206266,2.100915758830696,2.648589166096575,1.1403082556650916
86.0,76.0,1232.489501953125,-3.4012636755340413,1.6291815231549052,1.6726672297578689,2.0313546418018467,0.6963428372618194,-1.3975099990949522,-1.096831230676215,2.098875932267572,2.648589165704909,1.140308088195176
86.0,76.0,1232.48974609375,-3.4012636755340413,1.6291924934263973,1.6726672297578689,2.031354557905784,0.6963428372618194,-1.3975099990949522,-1.096831230676215,2.098875932267572,2.648589165704909,1.1402999550220665
86.0,76.0,1232.48974609375,-3.4012636755340413,1.6291926706881563,1.6726672297578689,2.031354557905784,0.6963428372618194,-1.3975099990949522,-1.096831230676215,2.098875932267572,2.648589165704909,1.1402999550220665
86.0,76.0,1232.48974609375,-3.401262735833692,1.6291926706881563,1.672673993829138,2.0312244060287807,0.6963428372618194,-1.3975099990949522,-1.096831230676215,2.098798842405527,2.648589165476927,1.1402999628166206
86.0,76.0,1232.4903564453125,-3.4012636755340413,1.6291946812781932,1.6726672297578689,2.0313606122827523,0.6963428372618194,-1.3975099990949522,-1.098005519199234,2.098875932267572,2.648589165704909,1.1402999550220665
86.0,76.0,1232.4903564453125,-3.4012636755340413,1.6291945040164335,1.6726672297578689,2.0313606122827523,0.6963428372618194,-1.3975099990949522,-1.098005519199234,2.098875932267572,2.648589165704909,1.1402999550220665
86.0,77.0,1231.056396484375,-3.401256373373247,1.629170928545549,1.7346694926236177,2.031361144291312,0.6961376738071187,-1.37654664924476,-1.097962017007266,2.0988809730527405,2.6485891832206625,1.140110527692797
86.0,77.0,1231.1239013671875,-3.4012515392960254,1.6295059812374455,1.7437471640959026,2.0326161121628337,0.6969961838865656,-1.3762071991219995,-1.0969011845803356,2.0969262183392248,2.648589184390484,1.140308121433195
86.0,77.0,1231.421630859375,-3.4012514119879484,1.629507922615721,1.6726059050133062,2.031361144291312,0.6588249848609591,-1.37654664924476,-1.097962017007266,2.0988767160316266,2.6485891832206625,1.1403081127700514
86.0,77.0,1232.2684326171875,-3.401256148970566,1.6291946812781932,1.736901348600684,2.0313602516533766,0.6963428372618194,-1.3975178637505736,-1.0968861055248054,2.098693277852863,2.6485891667645403,1.140307813050518
86.0,77.0,1232.2684326171875,-3.401256148970566,1.6291946812781932,1.736901348600684,2.0313602516533766,0.6963428372618194,-1.3975178637505736,-1.0968861055248054,2.098693277852863,2.6485891667645403,1.140307813050518
86.0,77.0,1232.2684326171875,-3.401256148970566,1.6291946812781932,1.736901348600684,2.0313602589347166,0.6963428372618194,-1.3975183752102094,-1.0968861055248054,2.098693277852863,2.6485891615011106,1.140307813050518
86.0,77.0,1232.2706298828125,-3.401256148970566,1.6291946812781932,1.737092187135189,2.031360185064764,0.6963428372618194,-1.3975245904355391,-1.09688618384108,2.098692238474012,2.648589161436272,1.1402995818040016
86.0,77.0,1232.27099609375,-3.401257302552364,1.6291964887191996,1.7370665836543435,2.031410275833314,0.6965322616689563,-1.3975070746314573,-1.0968861150563385,2.0985800759156983,2.648589182325443,1.1403078297264555
86.0,77.0,1232.272216796875,-3.4012269693072006,1.6294483988533173,1.7371052897934869,2.0325274397901127,0.6965322616689563,-1.3975070746314573,-1.0968574054085705,2.1010555928413983,2.648589182325443,1.1403081442530802
86.0,77.0,1232.28271484375,-3.401256148970566,1.6291791176146158,1.736901348600684,2.0313602516533766,0.6963641857528816,-1.3975178637505736,-1.0968861055248054,2.0967478855213457,2.648589161648273,1.140307813050518
86.0,77.0,1232.28271484375,-3.401256148970566,1.6291791176146158,1.736901348600684,2.0313602516533766,0.6963641857528816,-1.3975178637505736,-1.0968861055248054,2.0967478855213457,2.648589161648273,1.140307813050518
86.0,77.0,1232.298095703125,-3.4012276681035334,1.629435472987939,1.6727777036618023,2.0313356700538683,0.6612500453894998,-1.3975203919873036,-1.0969019442381087,2.0988742208792184,2.6485891804370816,1.1403087865562762
86.0,77.0,1232.30078125,-3.40125481678083,1.6290671224677422,1.67271260659597,2.0313356700538683,0.6612500453894998,-1.3975203919873036,-1.0969019492412722,2.0988742208792184,2.6485891804370816,1.14030009177962
86.0,77.0,1232.3043212890625,-3.4012272116931204,1.6294448362311893,1.6727753531887182,2.0313356700538683,0.6603251527261793,-1.3975206142451804,-1.0969019442476862,2.0988742208792184,2.6485891804370816,1.1403081058306666
86.0,77.0,1232.3043212890625,-3.4012272116931204,1.6294448362311893,1.6727753531887182,2.0313356700538683,0.6603251527261793,-1.3975206142451804,-1.0969019442476862,2.0988742208792184,2.6485891804370816,1.1403081058306666
86.0,77.0,1232.3046875,-3.401262369697576,1.6294448362311893,1.6727753531887182,2.0313356700538683,0.6603251527261793,-1.397521050858721,-1.096895424525805,2.0988742208792184,2.648589166340711,1.1402999154115758
86.0,77.0,1232.3046875,-3.401262369697576,1.6294448362311893,1.6727753531887182,2.0313356700538683,0.6603251527261793,-1.397521050858721,-1.096895424525805,2.0988742208792184,2.648589166340711,1.1402999154115758
86.0,77.0,1232.3046875,-3.4012636929608058,1.6294448362311893,1.6727756112840868,2.0313356700538683,0.6603251527261793,-1.3975210858061475,-1.096902397762568,2.0988742208792184,2.6485891798685897,1.1402999154115758
86.0,77.0,1232.3072509765625,-3.401201595372394,1.6294448362311893,1.6726922024076911,2.0313356700538683,0.6599813066242519,-1.3975206142451804,-1.0969019442476862,2.0988742208792184,2.648589180318963,1.14030810371017
86.0,77.0,1232.3072509765625,-3.4012543603704164,1.6290764857109925,1.6727102561228857,2.0313356700538683,0.6603251527261793,-1.3975206142451804,-1.0969019492508496,2.0988742208792184,2.6485891804370816,1.14029941105401
86.0,77.0,1232.3072509765625,-3.4012258157254034,1.629421512836121,1.7409095776235513,2.032477415610176,0.6963428372618194,-1.3975178637505736,-1.0968573958770376,2.1011808778310788,2.6485891667645403,1.1403081275771425
86.0,77.0,1232.3094482421875,-3.401254591094343,1.6294594304248209,1.7427605899193817,2.0313620944823727,0.6965242730585658,-1.3975243500436256,-1.0950615973884466,2.098875932267572,2.6485891665409813,1.1402998721159583
86.0,77.0,1232.3096923828125,-3.4012269693072006,1.6294233202771276,1.741074812677211,2.0325274397901127,0.6965322616689563,-1.3975070746314573,-1.0968574054085705,2.1010676758939137,2.648589182325443,1.1403081442530802
86.0,77.0,1232.309814453125,-3.401256148970566,1.6294594304248209,1.7422412549615511,2.031354632059924,0.698299660010738,-1.397507343017279,-1.0968025208447296,2.1012691154991714,2.648589161388484,1.1403081440963865
86.0,77.0,1232.324462890625,-3.401254591094343,1.6294594304248209,1.7427605899193817,2.0313620944823727,0.6965242730585658,-1.3975243500436256,-1.096879902581562,2.098875932267572,2.6485891665409813,1.1402998721159583
86.0,77.0,1232.325439453125,-3.4012561483464925,1.6294766744946931,1.7422262851998729,2.0313606300317795,0.6983860028505325,-1.3975184035332435,-1.0968802209831865,2.098669285926495,2.6485891665047507,1.1403081199609644
86.0,77.0,1232.3284912109375,-3.401251187585268,1.6295161116847878,1.6748377609903722,2.0313602516533766,0.6590514968067219,-1.3975178637505736,-1.0968861055248054,2.096743628500232,2.648589161648273,1.140308103811129
86.0,77.0,1232.338623046875,-3.4012561483464925,1.629461110831116,1.7422262851998729,2.0313606300317795,0.6984073513415947,-1.3975184035332435,-1.0968802209831865,2.096723893594978,2.648589161388484,1.1403081199609644
86.0,77.0,1232.340087890625,-3.401256021038415,1.6294630522093914,1.670807621272385,2.031361144291312,0.6602408680575226,-1.3978553269918794,-1.0979658194685056,2.0988767160316266,2.6485891601336475,1.1403081127700514
86.0,77.0,1232.350341796875,-3.4012561483464925,1.629461110831116,1.7419488803549812,2.032543571638917,0.6984120670831291,-1.3975184035332435,-1.0968802209831865,2.09689889756623,2.648589161388484,1.140308121433195
86.0,77.0,1232.350341796875,-3.4012561483464925,1.629461110831116,1.7419488803549812,2.032543571638917,0.6984120670831291,-1.3975184035332435,-1.0968802209831865,2.09689889756623,2.648589161388484,1.140308121433195
86.0,77.0,1232.350341796875,-3.4012561483464925,1.629461110831116,1.7419488803549812,2.032543571638917,0.6984120670831291,-1.397517862459139,-1.0968861080028678,2.09689889756623,2.648589161388484,1.1403081321060795
86.0,77.0,1232.3504638671875,-3.4012561483464925,1.629461110831116,1.7419488803549812,2.032543571638917,0.6984120670831291,-1.3975183656899706,-1.0968860200337511,2.09689889756623,2.648589161388484,1.1403081321060795
86.0,77.0,1232.3505859375,-3.4012514119879484,1.652140433193113,1.6726059050133062,2.031329606110824,0.6590248942346071,-1.3975202780499472,-1.096868328792425,2.0987817953019707,2.648589183451699,1.1403081127700514
86.0,77.0,1232.3511962890625,-3.4012561483464925,1.629461110831116,1.7419488803549812,2.0326161121628337,0.6984120670831291,-1.397515876869119,-1.096904987041575,2.0969262183392248,2.648589161303469,1.140308121433195
86.0,77.0,1232.3834228515625,-3.4012562048075377,1.629507922615721,1.6726081309228271,2.0313611747317366,0.6588249848609591,-1.3984951283025746,-1.097962017007266,2.0988767305217726,2.6485891832206625,1.1403081071011765
86.0,77.0,1232.40673828125,-3.401256148970566,1.6288319140042238,1.6789810597301618,2.031354632059924,0.698299660010738,-1.397520812347024,-1.0968025208447296,2.100977784436213,2.648589183608616,1.1403081440965912
86.0,77.0,1232.4127197265625,-3.401256148970566,1.6294594304248209,1.6789810597301618,2.031354632059924,0.698299660010738,-1.3975073545937715,-1.0968025208447296,2.1008917744411577,2.648589161388484,1.1403081440965912
86.0,77.0,1232.4127197265625,-3.401256148970566,1.6294594304248209,1.6789810597301618,2.031354632059924,0.698299660010738,-1.3975073545937715,-1.0968025208447296,2.1008917744411577,2.648589161388484,1.1403081440965912
86.0,77.0,1232.4375,-3.4012470321987984,1.6450997159576783,1.7427605899193817,2.0313620944823727,0.6941942060155757,-1.3975243500436256,-1.0950996553268335,2.0995133708411737,2.6485891822550447,1.1402998721159583
86.0,77.0,1232.4381103515625,-3.401256148970566,1.6291715415561407,1.6789810597301618,2.031353871869973,0.698299660010738,-1.3975073545937715,-1.0968025208447296,2.0986385234832308,2.648589161388484,1.1403081440965912
86.0,77.0,1232.4442138671875,-3.4015839935306933,1.644653839004495,1.6727736595569764,2.032553965077338,0.6405364217590563,-1.3975167577830738,-1.0968683307236446,2.0995017411341244,2.648589182751414,1.1403080512674948
86.0,77.0,1232.4493408203125,-3.401558377209967,1.6446857320403347,1.6726905087759496,2.032551087434566,0.640192575657129,-1.397517323642672,-1.0968683307236446,2.0995017411341244,2.648589182631501,1.1403080491469983
86.0,77.0,1232.4493408203125,-3.401558377209967,1.6446857320403347,1.6726905087759496,2.032551087434566,0.640192575657129,-1.397517323642672,-1.0968683307236446,2.0995017411341244,2.648589182631501,1.1403080491469983
86.0,77.0,1232.449462890625,-3.401558377209967,1.644653839004495,1.6726905087759496,2.032553965077338,0.640192575657129,-1.3975167577830738,-1.0968683307236446,2.0995017411341244,2.6485891826332955,1.1403080491469983
86.0,77.0,1232.449462890625,-3.401558377209967,1.644653872265451,1.6726905087759496,2.032554120064136,0.640192575657129,-1.3975167577830738,-1.0968683307236446,2.0995017411341244,2.6485891826333874,1.1403080491469983
86.0,77.0,1232.453369140625,-3.401558377209967,1.643768339688642,1.6726970877257634,2.032551087434566,0.640192575657129,-1.397517469289894,-1.0968683307236446,2.0995017411341244,2.648589182637876,1.1403080491469983
86.0,77.0,1232.453369140625,-3.401558377209967,1.6437615079692185,1.6726905087759496,2.032551087434566,0.640192575657129,-1.397517323642672,-1.0968683307236446,2.0995017411341244,2.648589182631228,1.1403080491469983
86.0,77.0,1232.453369140625,-3.401558377209967,1.6437615079692185,1.6726905087759496,2.032551087434566,0.640192575657129,-1.397517468643941,-1.0968683307236446,2.0995017411341244,2.6485891826310684,1.1403080491469983
86.0,77.0,1232.453369140625,-3.401558377209967,1.643768339688642,1.6726970877257634,2.032551087434566,0.640192575657129,-1.397517324288625,-1.0968683307236446,2.0995017411341244,2.648589182638036,1.1403080491469983
86.0,78.0,1231.056396484375,-3.401256373373247,1.629170928545549,1.7346694926236177,2.031361144291312,0.6961376738071187,-1.37654664924476,-1.097962017007266,2.0988809730527405,2.6485891832206625,1.140110527692797
86.0,78.0,1231.078857421875,-3.4012515392960254,1.6295059812374455,1.7437471640959026,2.0326161121628337,0.6966358254170368,-1.375106008529346,-1.0969011397498156,2.098858161622455,2.648589184390484,1.140308121433195
86.0,78.0,1231.1199951171875,-3.40125643867338,1.6291963203390687,1.7346694926236177,2.031361144291312,0.6961376738071187,-1.3782805234434945,-1.0969505855583532,2.0988809730527405,2.6485891832206625,1.1403068569905717
86.0,78.0,1231.1239013671875,-3.4012515392960254,1.6295059812374455,1.7437471640959026,2.0326161121628337,0.6969961838865656,-1.3762071991219995,-1.0969011845803356,2.0969262183392248,2.648589184390484,1.140308121433195
86.0,78.0,1231.2906494140625,-3.4012276681035334,1.629435472987939,1.7380488353553032,2.031431692761011,0.6613378109253238,-1.3732665326783662,-1.0969019442381087,2.098830204425618,2.6485891843357727,1.140308804404713
86.0,78.0,1231.418212890625,-3.4012514119879484,1.6294464859624027,1.6726059050133062,2.031361876656697,0.6602765743151946,-1.3770329657140532,-1.0979809938489655,2.09887416784606,2.6485891832206625,1.1403079576008002
86.0,78.0,1231.421630859375,-3.4012514119879484,1.629507922615721,1.6726059050133062,2.031361144291312,0.6588249848609591,-1.37654664924476,-1.097962017007266,2.0988767160316266,2.6485891832206625,1.1403081127700514
86.0,78.0,1231.421630859375,-3.4012514119879484,1.629507922615721,1.6726059050133062,2.031361144291312,0.6588249848609591,-1.37654664924476,-1.097962017007266,2.0988767160316266,2.6485891832206625,1.1403081127700514
86.0,78.0,1232.13623046875,-3.40125723725223,1.6291710969256796,1.7370665836543435,2.031410275833314,0.6965322616689563,-1.3957732004327226,-1.0978975465052516,2.0985800759156983,2.648589182325443,1.1401115004286808
86.0,78.0,1232.245849609375,-3.4012636929608058,1.6294448362311893,1.7005786473073716,2.0313356700538683,0.6603251527261793,-1.3975210858061475,-1.096902397762568,2.0988742208792184,2.6485891827893293,1.1403076516285835
86.0,78.0,1232.2684326171875,-3.401256148970566,1.6291946812781932,1.736901348600684,2.0313602516533766,0.6963428372618194,-1.3975178637505736,-1.0968861055248054,2.098693277852863,2.6485891667645403,1.140307813050518
86.0,78.0,1232.2684326171875,-3.401256148970566,1.6291946812781932,1.736901348600684,2.0313602516533766,0.6963428372618194,-1.3975178637505736,-1.0968861055248054,2.098693277852863,2.6485891667645403,1.140307813050518
86.0,78.0,1232.2684326171875,-3.401256148970566,1.6291946812781932,1.736901348600684,2.0313602589347166,0.6963428372618194,-1.3975183752102094,-1.0968861055248054,2.098693277852863,2.6485891615011106,1.140307813050518
86.0,78.0,1232.2706298828125,-3.401256148970566,1.6291946812781932,1.737092187135189,2.031360185064764,0.6963428372618194,-1.3975245904355391,-1.09688618384108,2.098692238474012,2.648589161436272,1.1402995818040016
86.0,78.0,1232.27099609375,-3.401257302552364,1.6291964887191996,1.7370665836543435,2.031410275833314,0.6965322616689563,-1.3975070746314573,-1.0968861150563385,2.0985800759156983,2.648589182325443,1.1403078297264555
86.0,78.0,1232.272216796875,-3.4012269693072006,1.6294483988533173,1.7371052897934869,2.0325274397901127,0.6965322616689563,-1.3975070746314573,-1.0968574054085705,2.1010555928413983,2.648589182325443,1.1403081442530802
86.0,78.0,1232.277099609375,-3.4012561514041177,1.629171491600815,1.736901348600684,2.031361174706676,0.6963428372618194,-1.3975178637505736,-1.0979317583226376,2.098693277852863,2.6485891667645403,1.140307813050518
86.0,78.0,1232.28271484375,-3.401256148970566,1.6291791176146158,1.736901348600684,2.0313602516533766,0.6963641857528816,-1.3975178637505736,-1.0968861055248054,2.0967478855213457,2.648589161648273,1.140307813050518
86.0,78.0,1232.28271484375,-3.401256148970566,1.6291791176146158,1.736901348600684,2.0313602516533766,0.6963641857528816,-1.3975178637505736,-1.0968861055248054,2.0967478855213457,2.648589161648273,1.140307813050518
86.0,78.0,1232.2833251953125,-3.401256148970566,1.6291946812781932,1.736901348600684,2.0313602516533766,0.6963428372618194,-1.3975178637505736,-1.0968861055248054,2.096668524857926,2.6485891667645403,1.140307813050518
86.0,78.0,1232.28857421875,-3.4012561483464925,1.6291936685276551,1.736419314022747,2.032543571638917,0.6984080480723361,-1.3975183656899706,-1.0968860200337511,2.098682866701441,2.648589161388484,1.1403078155215276
86.0,78.0,1232.298095703125,-3.4012276681035334,1.629435472987939,1.6727777036618023,2.0313356700538683,0.6612500453894998,-1.3975203919873036,-1.0969019442381087,2.0988742208792184,2.6485891804370816,1.1403087865562762
86.0,78.0,1232.300537109375,-3.4012561416256326,1.6290685861933696,1.67271260659597,2.0313356700538683,0.6616628313319635,-1.3975246427803707,-1.0969019492412722,2.098705505819127,2.6485891804370816,1.14030009177962
86.0,78.0,1232.30078125,-3.40125481678083,1.6290671224677422,1.67271260659597,2.0313356700538683,0.6612500453894998,-1.3975203919873036,-1.0969019492412722,2.0988742208792184,2.6485891804370816,1.14030009177962
86.0,78.0,1232.3040771484375,-3.4012541158929235,1.6294448362311893,1.6727753531887182,2.0313356700538683,0.6603251527261793,-1.397520791211148,-1.0970691652103244,2.0988742842517545,2.6485891663652392,1.1403081058306666
86.0,78.0,1232.3043212890625,-3.4012272116931204,1.6294448362311893,1.6727753531887182,2.0313356700538683,0.6603251527261793,-1.3975206142451804,-1.0969019442476862,2.0988742208792184,2.6485891804370816,1.1403081058306666
86.0,78.0,1232.3043212890625,-3.4012272116931204,1.6294448362311893,1.6727753531887182,2.0313356700538683,0.6603251527261793,-1.3975206142451804,-1.0969019442476862,2.0988742208792184,2.6485891804370816,1.1403081058306666
86.0,78.0,1232.3043212890625,-3.4012272116931204,1.6294448362311893,1.6727753531887182,2.0313356700538683,0.6603251527261793,-1.3975206142451804,-1.0968955986552391,2.0988742208792184,2.6485891804370816,1.140308014565182
86.0,78.0,1232.3046875,-3.401262369697576,1.6294448362311893,1.6727753531887182,2.0313356700538683,0.6603251527261793,-1.397521050858721,-1.096895424525805,2.0988742208792184,2.648589166340711,1.1402999154115758
86.0,78.0,1232.3046875,-3.401262369697576,1.6294448362311893,1.6727753531887182,2.0313356700538683,0.6603251527261793,-1.397521050858721,-1.096895424525805,2.0988742208792184,2.648589166340711,1.1402999154115758
86.0,78.0,1232.3046875,-3.4012636929608058,1.6294448362311893,1.6727756112840868,2.0313356700538683,0.6603251527261793,-1.3975210858061475,-1.096902397762568,2.0988742208792184,2.6485891798685897,1.1402999154115758
86.0,78.0,1232.3072509765625,-3.401201595372394,1.6294448362311893,1.6726922024076911,2.0313356700538683,0.6599813066242519,-1.3975206142451804,-1.0969019442476862,2.0988742208792184,2.648589180318963,1.14030810371017
86.0,78.0,1232.3072509765625,-3.4012543603704164,1.6290764857109925,1.6727102561228857,2.0313356700538683,0.6603251527261793,-1.3975206142451804,-1.0969019492508496,2.0988742208792184,2.6485891804370816,1.14029941105401
86.0,78.0,1232.3072509765625,-3.4012258157254034,1.629421512836121,1.7409095776235513,2.032477415610176,0.6963428372618194,-1.3975178637505736,-1.0968573958770376,2.1011808778310788,2.6485891667645403,1.1403081275771425
86.0,78.0,1232.3094482421875,-3.401254591094343,1.6294594304248209,1.7427605899193817,2.0313620944823727,0.6965242730585658,-1.3975243500436256,-1.0950615973884466,2.098875932267572,2.6485891665409813,1.1402998721159583
86.0,78.0,1232.3096923828125,-3.4012269693072006,1.6294233202771276,1.741074812677211,2.0325274397901127,0.6965322616689563,-1.3975070746314573,-1.0968574054085705,2.1010676758939137,2.648589182325443,1.1403081442530802
86.0,78.0,1232.309814453125,-3.401256148970566,1.6294594304248209,1.7422412549615511,2.031354632059924,0.698299660010738,-1.397507343017279,-1.0968025208447296,2.1012691154991714,2.648589161388484,1.1403081440963865
86.0,78.0,1232.317138671875,-3.4012561510721606,1.629507922615721,1.6726081309228271,2.0313611747317366,0.6588249848609591,-1.397519967673345,-1.0968831346097685,2.0988612834132736,2.6485891832206625,1.1403081218390212
86.0,78.0,1232.324462890625,-3.401254591094343,1.6294594304248209,1.7427605899193817,2.0313620944823727,0.6965242730585658,-1.3975243500436256,-1.096879902581562,2.098875932267572,2.6485891665409813,1.1402998721159583
86.0,78.0,1232.325439453125,-3.4012561483464925,1.6294766744946931,1.7422262851998729,2.0313606300317795,0.6983860028505325,-1.3975184035332435,-1.0968802209831865,2.098669285926495,2.6485891665047507,1.1403081199609644
86.0,78.0,1232.3284912109375,-3.401251187585268,1.6295161116847878,1.6748377609903722,2.0313602516533766,0.6590514968067219,-1.3975178637505736,-1.0968861055248054,2.096743628500232,2.648589161648273,1.140308103811129
86.0,78.0,1232.338623046875,-3.4012561483464925,1.629461110831116,1.7422262851998729,2.0313606300317795,0.6984073513415947,-1.3975184035332435,-1.0968802209831865,2.096723893594978,2.648589161388484,1.1403081199609644
86.0,78.0,1232.340087890625,-3.401256021038415,1.6294630522093914,1.670807621272385,2.031361144291312,0.6602408680575226,-1.3978553269918794,-1.0979658194685056,2.0988767160316266,2.6485891601336475,1.1403081127700514
86.0,78.0,1232.350341796875,-3.4012561483464925,1.629461110831116,1.7419488803549812,2.032543571638917,0.6984120670831291,-1.3975184035332435,-1.0968802209831865,2.09689889756623,2.648589161388484,1.140308121433195
86.0,78.0,1232.350341796875,-3.4012561483464925,1.629461110831116,1.7419488803549812,2.032543571638917,0.6984120670831291,-1.3975184035332435,-1.0968802209831865,2.09689889756623,2.648589161388484,1.140308121433195
86.0,78.0,1232.350341796875,-3.4012561483464925,1.629461110831116,1.7419488803549812,2.032543571638917,0.6984120670831291,-1.397517862459139,-1.0968861080028678,2.09689889756623,2.648589161388484,1.1403081321060795
86.0,78.0,1232.3504638671875,-3.4012561483464925,1.629461110831116,1.7419488803549812,2.032543571638917,0.6984120670831291,-1.3975183656899706,-1.0968860200337511,2.09689889756623,2.648589161388484,1.1403081321060795
86.0,78.0,1232.3505859375,-3.4012514119879484,1.652140433193113,1.6726059050133062,2.031329606110824,0.6590248942346071,-1.3975202780499472,-1.096868328792425,2.0987817953019707,2.648589183451699,1.1403081127700514
86.0,78.0,1232.3511962890625,-3.4012561483464925,1.629461110831116,1.7419488803549812,2.0326161121628337,0.6984120670831291,-1.397515876869119,-1.096904987041575,2.0969262183392248,2.648589161303469,1.140308121433195
86.0,78.0,1232.3834228515625,-3.4012562048075377,1.629507922615721,1.6726081309228271,2.0313611747317366,0.6588249848609591,-1.3984951283025746,-1.097962017007266,2.0988767305217726,2.6485891832206625,1.1403081071011765
86.0,79.0,1231.0185546875,-3.4012276681035334,1.629435472987939,1.7422935667909447,2.031431692761011,0.6971820949742642,-1.3732665326783662,-1.0969019442381087,2.098830204425618,2.648589184026259,1.140308804404713
86.0,79.0,1231.05615234375,-3.401256401647154,1.6291671087554789,1.7346694926236177,2.03134408943316,0.6961376738071187,-1.37654664924476,-1.097962017007266,2.0988809730527405,2.6485891832206625,1.140110527692797
86.0,79.0,1231.056396484375,-3.401256373373247,1.629170928545549,1.7346694926236177,2.031361144291312,0.6961376738071187,-1.37654664924476,-1.097962017007266,2.0988809730527405,2.6485891832206625,1.140110527692797
86.0,79.0,1231.0601806640625,-3.401256373373247,1.6291543585477808,1.7347132302729331,2.031361144291312,0.6969963256829179,-1.37654664924476,-1.097962017007266,2.0988809730527405,2.6485891832094963,1.1401038580835894
86.0,79.0,1231.078857421875,-3.4012515392960254,1.6295059812374455,1.7437471640959026,2.0326161121628337,0.6966358254170368,-1.375106008529346,-1.0969011397498156,2.098858161622455,2.648589184390484,1.140308121433195
86.0,79.0,1231.113037109375,-3.4012515392960254,1.6295061116852303,1.7439047825540672,2.0326161121628337,0.6969624729434444,-1.3762071991219995,-1.0969011845803356,2.0987740822456007,2.648589184218733,1.140308121433195
86.0,79.0,1231.1199951171875,-3.40125643867338,1.6291963203390687,1.7346694926236177,2.031361144291312,0.6961376738071187,-1.3782805234434945,-1.0969505855583532,2.0988809730527405,2.6485891832206625,1.1403068569905717
86.0,79.0,1231.1239013671875,-3.4012515392960254,1.6295059812374455,1.7437471640959026,2.0326161121628337,0.6969961838865656,-1.3762071991219995,-1.0969011845803356,2.0969262183392248,2.648589184390484,1.140308121433195
86.0,79.0,1231.2906494140625,-3.4012276681035334,1.629435472987939,1.7380488353553032,2.031431692761011,0.6613378109253238,-1.3732665326783662,-1.0969019442381087,2.098830204425618,2.6485891843357727,1.140308804404713
86.0,79.0,1231.4119873046875,-3.401254834478092,1.6294395451818688,1.6725994572065084,2.031362069818466,0.6612512254761888,-1.3770329657140532,-1.0979809938489655,2.098874219244188,2.648589183127404,1.1403079576008002
86.0,79.0,1231.418212890625,-3.4012514119879484,1.6294464859624027,1.6726059050133062,2.031361876656697,0.6602765743151946,-1.3770329657140532,-1.0979809938489655,2.09887416784606,2.6485891832206625,1.1403079576008002
86.0,79.0,1231.421630859375,-3.4012514119879484,1.629507922615721,1.6726059050133062,2.031361144291312,0.6588249848609591,-1.37654664924476,-1.097962017007266,2.0988767160316266,2.6485891832206625,1.1403081127700514
86.0,79.0,1231.421630859375,-3.4012514119879484,1.629507922615721,1.6726059050133062,2.031361144291312,0.6588249848609591,-1.37654664924476,-1.097962017007266,2.0988767160316266,2.6485891832206625,1.1403081127700514
86.0,79.0,1231.566650390625,-3.401257235066096,1.6291687425729076,1.6726059050133062,2.051211564063354,0.6602765743151946,-1.3770329657140532,-1.0979809938489655,2.098881496688923,2.648589183229771,1.140306296508825
86.0,79.0,1231.64990234375,-3.4012515392960254,1.6294367784160475,1.673191153214663,2.0326161121628337,0.6985956293277762,-1.375106008529346,-1.0969011397498156,2.098858161622455,2.6485891797015624,1.1403081980212657
86.0,79.0,1232.1358642578125,-3.401256125773265,1.6291948279821855,1.7370665836543435,2.031410275833314,0.6965284840768854,-1.3957732004327226,-1.097834093799576,2.0985800759156983,2.648589182325443,1.140115106398483
86.0,79.0,1232.13623046875,-3.40125723725223,1.6291710969256796,1.7370665836543435,2.031410275833314,0.6965322616689563,-1.3957732004327226,-1.0978975465052516,2.0985800759156983,2.648589182325443,1.1401115004286808
86.0,79.0,1232.1376953125,-3.401251414174083,1.6294488403151748,1.7370665836543435,2.031410275833314,0.6965322616689563,-1.3957732004327226,-1.0978975465052516,2.098572747072835,2.648589182316335,1.140113161520656
86.0,79.0,1232.245849609375,-3.4012636929608058,1.6294448362311893,1.7005786473073716,2.0313356700538683,0.6603251527261793,-1.3975210858061475,-1.096902397762568,2.0988742208792184,2.6485891827893293,1.1403076516285835
86.0,79.0,1232.260986328125,-3.4012561490519144,1.6291964887191996,1.7370665836543435,2.031359173933488,0.698283045300634,-1.3975070746314573,-1.0967997228184876,2.101245074171711,2.648589182325443,1.1403078297264555
86.0,79.0,1232.2684326171875,-3.401256148970566,1.6291946812781932,1.736901348600684,2.0313602516533766,0.6963428372618194,-1.3975178637505736,-1.0968861055248054,2.098693277852863,2.6485891667645403,1.140307813050518
86.0,79.0,1232.2684326171875,-3.401256148970566,1.6291946812781932,1.736901348600684,2.0313602516533766,0.6963428372618194,-1.3975178637505736,-1.0968861055248054,2.098693277852863,2.6485891667645403,1.140307813050518
86.0,79.0,1232.2684326171875,-3.401256148970566,1.6291946812781932,1.736901348600684,2.0313602589347166,0.6963428372618194,-1.3975183752102094,-1.0968861055248054,2.098693277852863,2.6485891615011106,1.140307813050518
86.0,79.0,1232.268798828125,-3.401257260449531,1.6291709502216871,1.736901348600684,2.0313602516533766,0.6963466148538903,-1.3975178637505736,-1.096949558230481,2.098693277852863,2.6485891667645403,1.140304207080716
86.0,79.0,1232.2706298828125,-3.401256148970566,1.6291946812781932,1.737092187135189,2.031360185064764,0.6963428372618194,-1.3975245904355391,-1.09688618384108,2.098692238474012,2.648589161436272,1.1402995818040016
86.0,79.0,1232.270751953125,-3.401254339220038,1.6291946812781932,1.7378236100694275,2.031360185064764,0.6938197831281309,-1.3975206551544588,-1.096885975255604,2.098692238474012,2.6485891800322463,1.140299580183916
86.0,79.0,1232.27099609375,-3.401257302552364,1.6291964887191996,1.7370665836543435,2.031410275833314,0.6965322616689563,-1.3975070746314573,-1.0968861150563385,2.0985800759156983,2.648589182325443,1.1403078297264555
86.0,79.0,1232.272216796875,-3.4012269693072006,1.6294483988533173,1.7371052897934869,2.0325274397901127,0.6965322616689563,-1.3975070746314573,-1.0968574054085705,2.1010555928413983,2.648589182325443,1.1403081442530802
86.0,79.0,1232.277099609375,-3.4012561514041177,1.629171491600815,1.736901348600684,2.031361174706676,0.6963428372618194,-1.3975178637505736,-1.0979317583226376,2.098693277852863,2.6485891667645403,1.140307813050518
86.0,79.0,1232.28076171875,-3.401256148970566,1.6291945508304084,1.7367437301425193,2.0313602516533766,0.6963765482049405,-1.3975178637505736,-1.0968861055248054,2.0968454139464865,2.648589166936291,1.140307813050518
86.0,79.0,1232.2825927734375,-3.401256148970566,1.62917910206614,1.736901348600684,2.0313602516533766,0.6963432457600984,-1.3975178637505736,-1.0968861055248054,2.096749441136499,2.648589161648273,1.140307813050518
86.0,79.0,1232.28271484375,-3.401256148970566,1.6291791176146158,1.736901348600684,2.0313602516533766,0.6963641857528816,-1.3975178637505736,-1.0968861055248054,2.0967478855213457,2.648589161648273,1.140307813050518
86.0,79.0,1232.28271484375,-3.401256148970566,1.6291791176146158,1.736901348600684,2.0313602516533766,0.6963641857528816,-1.3975178637505736,-1.0968861055248054,2.0967478855213457,2.648589161648273,1.140307813050518
86.0,79.0,1232.28271484375,-3.401256148970566,1.6291930626274695,1.736901348600684,2.031337878625122,0.6964271263174224,-1.3975184109507748,-1.0968861055248054,2.0967478855213457,2.648589161386652,1.1403078122052928
86.0,79.0,1232.2833251953125,-3.401256148970566,1.6291946812781932,1.736901348600684,2.0313602516533766,0.6963428372618194,-1.3975178637505736,-1.0968861055248054,2.096668524857926,2.6485891667645403,1.140307813050518
86.0,79.0,1232.28857421875,-3.4012561483464925,1.6291936685276551,1.736419314022747,2.032543571638917,0.6984080480723361,-1.3975183656899706,-1.0968860200337511,2.098682866701441,2.648589161388484,1.1403078155215276
86.0,79.0,1232.29736328125,-3.4012636929608058,1.6294448362311893,1.6727756112840868,2.0313356700538683,0.6802630122366906,-1.3975210858061475,-1.096902397762568,2.098874166273484,2.6485891798685897,1.1402996838060695
86.0,79.0,1232.298095703125,-3.4012276681035334,1.629435472987939,1.6727777036618023,2.0313356700538683,0.6612500453894998,-1.3975203919873036,-1.0969019442381087,2.0988742208792184,2.6485891804370816,1.1403087865562762
86.0,79.0,1232.3001708984375,-3.401261431256471,1.6294448362311893,1.6734156349835594,2.0313356700538683,0.6603251527261793,-1.3975210799723186,-1.096902412427429,2.0988742208792184,2.648589180404128,1.1403076663946878
86.0,79.0,1232.300537109375,-3.4012561416256326,1.6290685861933696,1.67271260659597,2.0313356700538683,0.6616628313319635,-1.3975246427803707,-1.0969019492412722,2.098705505819127,2.6485891804370816,1.14030009177962
86.0,79.0,1232.30078125,-3.40125481678083,1.6290671224677422,1.67271260659597,2.0313356700538683,0.6612500453894998,-1.3975203919873036,-1.0969019492412722,2.0988742208792184,2.6485891804370816,1.14030009177962
86.0,79.0,1232.3040771484375,-3.4012541158929235,1.6294448362311893,1.6727753531887182,2.0313356700538683,0.6603251527261793,-1.397520791211148,-1.0970691652103244,2.0988742842517545,2.6485891663652392,1.1403081058306666
86.0,79.0,1232.3043212890625,-3.4012272116931204,1.6294448362311893,1.6727753531887182,2.0313356700538683,0.6603251527261793,-1.3975206142451804,-1.0969019442476862,2.0988742208792184,2.6485891804370816,1.1403081058306666
86.0,79.0,1232.3043212890625,-3.4012272116931204,1.6294448362311893,1.6727753531887182,2.0313356700538683,0.6603251527261793,-1.3975206142451804,-1.0969019442476862,2.0988742208792184,2.6485891804370816,1.1403081058306666
86.0,79.0,1232.3043212890625,-3.4012272116931204,1.6294448362311893,1.6727753531887182,2.0313356700538683,0.6603251527261793,-1.3975206142451804,-1.0968955986552391,2.0988742208792184,2.6485891804370816,1.140308014565182
86.0,79.0,1232.3045654296875,-3.4012541158929235,1.6294448362311893,1.6727753531887182,2.0313356700538683,0.6603251527261793,-1.3975207897248194,-1.0969009028702186,2.0988742842517545,2.6485891663652392,1.1402998573640315
86.0,79.0,1232.3046875,-3.401262369697576,1.6294448362311893,1.6727753531887182,2.0313356700538683,0.6603251527261793,-1.397521050858721,-1.096895424525805,2.0988742208792184,2.648589166340711,1.1402999154115758
86.0,79.0,1232.3046875,-3.401262369697576,1.6294448362311893,1.6727753531887182,2.0313356700538683,0.6603251527261793,-1.397521050858721,-1.096895424525805,2.0988742208792184,2.648589166340711,1.1402999154115758
86.0,79.0,1232.3046875,-3.4012636929608058,1.6294448362311893,1.6727756112840868,2.0313356700538683,0.6603251527261793,-1.3975210858061475,-1.096902397762568,2.0988742208792184,2.6485891798685897,1.1402999154115758
86.0,79.0,1232.3072509765625,-3.401201595372394,1.6294448362311893,1.6726922024076911,2.0313356700538683,0.6599813066242519,-1.3975206142451804,-1.0969019442476862,2.0988742208792184,2.648589180318963,1.14030810371017
86.0,80.0,1231.0147705078125,-3.4012543761216123,1.6291671087554789,1.7377722801820066,2.031343922436782,0.6961376738071187,-1.3747314548676548,-1.097962017007266,2.0988809730527405,2.6485891800235266,1.140110527692797
86.0,80.0,1231.0185546875,-3.4012276681035334,1.629435472987939,1.7422935667909447,2.031431692761011,0.6971820949742642,-1.3732665326783662,-1.0969019442381087,2.098830204425618,2.648589184026259,1.140308804404713
86.0,80.0,1231.0194091796875,-3.401229249018183,1.629435472987939,1.7422935667909447,2.0314336130303814,0.6971769770432371,-1.3732665326783662,-1.096837488874789,2.0988309080611858,2.648589184026259,1.140308804404713
86.0,80.0,1231.05615234375,-3.401256401647154,1.6291671087554789,1.7346694926236177,2.03134408943316,0.6961376738071187,-1.37654664924476,-1.097962017007266,2.0988809730527405,2.6485891832206625,1.140110527692797
86.0,80.0,1231.056396484375,-3.401256373373247,1.629170928545549,1.7346694926236177,2.031361144291312,0.6961376738071187,-1.37654664924476,-1.097962017007266,2.0988809730527405,2.6485891832206625,1.140110527692797
86.0,80.0,1231.0601806640625,-3.401256373373247,1.6291543585477808,1.7347132302729331,2.031361144291312,0.6969963256829179,-1.37654664924476,-1.097962017007266,2.0988809730527405,2.6485891832094963,1.1401038580835894
86.0,80.0,1231.0601806640625,-3.401256373373247,1.6291543585477808,1.7347132302729331,2.031361144291312,0.6969963256829179,-1.37654664924476,-1.097962017007266,2.0988809730527405,2.6485891832094963,1.1401038580835894
86.0,80.0,1231.078857421875,-3.4012515392960254,1.6295059812374455,1.7437471640959026,2.0326161121628337,0.6966358254170368,-1.375106008529346,-1.0969011397498156,2.098858161622455,2.648589184390484,1.140308121433195
86.0,80.0,1231.0810546875,-3.4012515392960254,1.6295061116852303,1.7439047825540672,1.9960781700291368,0.6984059701806313,-1.3762071991219995,-1.096900909375811,2.0987754367532188,2.648589184218733,1.140308121433195
86.0,80.0,1231.113037109375,-3.4012515392960254,1.6295061116852303,1.7439047825540672,2.0326161121628337,0.6969624729434444,-1.3762071991219995,-1.0969011845803356,2.0987740822456007,2.648589184218733,1.140308121433195
86.0,80.0,1231.1199951171875,-3.40125643867338,1.6291963203390687,1.7346694926236177,2.031361144291312,0.6961376738071187,-1.3782805234434945,-1.0969505855583532,2.0988809730527405,2.6485891832206625,1.1403068569905717
86.0,80.0,1231.1239013671875,-3.4012515392960254,1.6295059812374455,1.7437471640959026,2.0326161121628337,0.6969961838865656,-1.3762071991219995,-1.0969011845803356,2.0969262183392248,2.648589184390484,1.140308121433195
86.0,80.0,1231.1259765625,-3.4012515392960254,1.6295059812374455,1.7443429447960828,2.0326161121628337,0.6969327100973709,-1.3765592497729826,-1.0969011845803356,2.0988696553063053,2.648589183298555,1.140308121433195
86.0,80.0,1231.1341552734375,-3.401256148970566,1.6291945473038412,1.7369282394527046,2.031361135759103,0.6969806432481688,-1.377898435823348,-1.0969344717737868,2.096668524857926,2.648589183477831,1.140309061386
86.0,80.0,1231.1807861328125,-3.4012562505959507,1.6295057755663835,1.7006435689133106,2.0313602516533766,0.6966325976834032,-1.3747757687495517,-1.0968861055248054,2.098836499513076,2.648589161648273,1.1403081090852312
86.0,80.0,1231.26953125,-3.401257235066096,1.6291687425729076,1.7409282346504993,2.051211564063354,0.6973806850048397,-1.3762371152201462,-1.0979809938489655,2.098881496688923,2.648589183229771,1.1403081580125656
86.0,80.0,1231.2906494140625,-3.4012276681035334,1.629435472987939,1.7380488353553032,2.031431692761011,0.6613378109253238,-1.3732665326783662,-1.0969019442381087,2.098830204425618,2.6485891843357727,1.140308804404713
86.0,80.0,1231.2906494140625,-3.4012276681035334,1.629435472987939,1.7380488353553032,2.031431692761011,0.6613378109253238,-1.3732665326783662,-1.0969019442381087,2.098830204425618,2.6485891843357727,1.140308804404713
86.0,80.0,1231.4119873046875,-3.401254834478092,1.6294395451818688,1.6725994572065084,2.031362069818466,0.6612512254761888,-1.3770329657140532,-1.0979809938489655,2.098874219244188,2.648589183127404,1.1403079576008002
86.0,80.0,1231.4161376953125,-3.4012514119879484,1.629507922615721,1.6751247236433722,2.031361144291312,0.6588249848609591,-1.37654664924476,-1.0969188111713348,2.0988767160316266,2.6485891832206625,1.140307656747138
86.0,80.0,1231.418212890625,-3.4012514119879484,1.6294464859624027,1.6726059050133062,2.031361876656697,0.6602765743151946,-1.3770329657140532,-1.0979809938489655,2.09887416784606,2.6485891832206625,1.1403079576008002
86.0,80.0,1231.421630859375,-3.4012514119879484,1.629507922615721,1.6726059050133062,2.031361144291312,0.6588249848609591,-1.37654664924476,-1.097962017007266,2.0988767160316266,2.6485891832206625,1.1403081127700514
86.0,80.0,1231.421630859375,-3.4012514119879484,1.629507922615721,1.6726059050133062,2.031361144291312,0.6588249848609591,-1.37654664924476,-1.097962017007266,2.0988767160316266,2.6485891832206625,1.1403081127700514
86.0,80.0,1231.510498046875,-3.401256373373247,1.629170928545549,1.7340737119234375,2.031361144291312,0.6962011475963134,-1.376194598593777,-1.1625709178214487,2.0969375360856604,2.648589184312592,1.140110527692797
86.0,80.0,1231.566650390625,-3.401257235066096,1.6291687425729076,1.6726059050133062,2.051211564063354,0.6602765743151946,-1.3770329657140532,-1.0979809938489655,2.098881496688923,2.648589183229771,1.140306296508825
86.0,80.0,1231.64990234375,-3.4012515392960254,1.6294367784160475,1.673191153214663,2.0326161121628337,0.6985956293277762,-1.375106008529346,-1.0969011397498156,2.098858161622455,2.6485891797015624,1.1403081980212657
86.0,80.0,1232.1358642578125,-3.401256125773265,1.6291948279821855,1.7370665836543435,2.031410275833314,0.6965284840768854,-1.3957732004327226,-1.097834093799576,2.0985800759156983,2.648589182325443,1.140115106398483
86.0,80.0,1232.13623046875,-3.40125723725223,1.6291710969256796,1.7370665836543435,2.031410275833314,0.6965322616689563,-1.3957732004327226,-1.0978975465052516,2.0985800759156983,2.648589182325443,1.1401115004286808
86.0,80.0,1232.1376953125,-3.401251414174083,1.6294488403151748,1.7370665836543435,2.031410275833314,0.6965322616689563,-1.3957732004327226,-1.0978975465052516,2.098572747072835,2.648589182316335,1.140113161520656
86.0,80.0,1232.1512451171875,-3.40125643867338,1.6291963203390687,1.7346694926236177,2.031361144291312,0.6961376738071187,-1.3963123459395987,-1.0969505855583532,2.098692089802166,2.648589167374498,1.1403068550381754
86.0,80.0,1232.2406005859375,-3.4012636929608058,1.6294448362311893,1.6980598286773056,2.0313356700538683,0.6603251527261793,-1.3975210858061475,-1.0979456035984996,2.0988742208792184,2.6485891827893293,1.1403081076514971
86.0,80.0,1232.245849609375,-3.4012636929608058,1.6294448362311893,1.7005786473073716,2.0313356700538683,0.6603251527261793,-1.3975210858061475,-1.096902397762568,2.0988742208792184,2.6485891827893293,1.1403076516285835
86.0,80.0,1232.245849609375,-3.4012636929608058,1.6294448362311893,1.7005786473073716,2.0313356700538683,0.6603251527261793,-1.3975210858061475,-1.096902397762568,2.0988742208792184,2.6485891827893293,1.140307696605157
86.0,80.0,1232.260986328125,-3.4012561490519144,1.6291964887191996,1.7370665836543435,2.031359173933488,0.698283045300634,-1.3975070746314573,-1.0967997228184876,2.101245074171711,2.648589182325443,1.1403078297264555
86.0,80.0,1232.2684326171875,-3.401256148970566,1.6291946812781932,1.736901348600684,2.0313602516533766,0.6963428372618194,-1.3975178637505736,-1.0968861055248054,2.098693277852863,2.6485891667645403,1.140307813050518
86.0,80.0,1232.2684326171875,-3.401256148970566,1.6291946812781932,1.736901348600684,2.0313602516533766,0.6963428372618194,-1.3975178637505736,-1.0968861055248054,2.098693277852863,2.6485891667645403,1.140307813050518
86.0,80.0,1232.2684326171875,-3.401256148970566,1.6291946812781932,1.736901348600684,2.0313602589347166,0.6963428372618194,-1.3975183752102094,-1.0968861055248054,2.098693277852863,2.6485891615011106,1.140307813050518
86.0,80.0,1232.2684326171875,-3.401256171854982,1.6291946812781932,1.736901348600684,2.0313602516533766,0.6963428372618194,-1.3975178637505736,-1.0968874138645723,2.098693277852863,2.6485891667645403,1.140307813050518
86.0,80.0,1232.268798828125,-3.401257260449531,1.6291709502216871,1.736901348600684,2.0313602516533766,0.6963466148538903,-1.3975178637505736,-1.096949558230481,2.098693277852863,2.6485891667645403,1.140304207080716
86.0,80.0,1232.2691650390625,-3.401256148970566,1.629495700164162,1.736901348600684,2.0313602516533766,0.6965809008734932,-1.3975178637505736,-1.0968861055248054,2.0988924862894467,2.6485891667645403,1.1403081132856117
86.0,80.0,1232.2706298828125,-3.401256148970566,1.6291946812781932,1.737092187135189,2.031360185064764,0.6963428372618194,-1.3975245904355391,-1.09688618384108,2.098692238474012,2.648589161436272,1.1402995818040016
86.0,80.0,1232.270751953125,-3.401254339220038,1.6291946812781932,1.7378236100694275,2.031360185064764,0.6938197831281309,-1.3975206551544588,-1.096885975255604,2.098692238474012,2.6485891800322463,1.140299580183916
86.0,80.0,1232.27099609375,-3.401257302552364,1.6291964887191996,1.7370665836543435,2.031410275833314,0.6965322616689563,-1.3975070746314573,-1.0968861150563385,2.0985800759156983,2.648589182325443,1.1403078297264555
86.0,80.0,1232.272216796875,-3.4012269693072006,1.6294483988533173,1.7371052897934869,2.0325274397901127,0.6965322616689563,-1.3975070746314573,-1.0968574054085705,2.1010555928413983,2.648589182325443,1.1403081442530802
86.0,80.0,1232.277099609375,-3.4012561514041177,1.629171491600815,1.736901348600684,2.031361174706676,0.6963428372618194,-1.3975178637505736,-1.0979317583226376,2.098693277852863,2.6485891667645403,1.140307813050518
86.0,80.0,1232.277587890625,-3.4012561483464925,1.6291936685276551,1.736419314022747,2.032616537572833,0.6951220555521815,-1.3975183656899706,-1.096886295238276,2.098681512193823,2.648589161388484,1.1403078155215276
86.0,80.0,1232.27783203125,-3.401251414174083,1.6294488403151748,1.7370665836543435,2.031361185052213,0.696600867717827,-1.3974815493173711,-1.0978975465052516,2.098572747072835,2.648589182316335,1.140309291569804
86.0,80.0,1232.28076171875,-3.401256148970566,1.6291945508304084,1.7367437301425193,2.0313602516533766,0.6963765482049405,-1.3975178637505736,-1.0968861055248054,2.0968454139464865,2.648589166936291,1.140307813050518
86.0,80.0,1232.2825927734375,-3.401256148970566,1.62917910206614,1.736901348600684,2.0313602516533766,0.6963432457600984,-1.3975178637505736,-1.0968861055248054,2.096749441136499,2.648589161648273,1.140307813050518
86.0,80.0,1232.28271484375,-3.401256148970566,1.6291791176146158,1.736901348600684,2.0313602516533766,0.6963641857528816,-1.3975178637505736,-1.0968861055248054,2.0967478855213457,2.648589161648273,1.140307813050518
86.0,81.0,1231.0147705078125,-3.4012543761216123,1.6291671087554789,1.7377722801820066,2.031343922436782,0.6961376738071187,-1.3747314548676548,-1.097962017007266,2.0988809730527405,2.6485891800235266,1.140110527692797
86.0,81.0,1231.01708984375,-3.401256373373247,1.6294332929794846,1.741753326709957,2.031361144291312,0.6969963256829179,-1.3733149169623051,-1.0968128296805373,2.0988809730527405,2.6485891839811333,1.1403044729201817
86.0,81.0,1231.0185546875,-3.4012276681035334,1.629435472987939,1.7422935667909447,2.031431692761011,0.6971820949742642,-1.3732665326783662,-1.0969019442381087,2.098830204425618,2.648589184026259,1.140308804404713
86.0,81.0,1231.0194091796875,-3.401229249018183,1.629435472987939,1.7422935667909447,2.0314336130303814,0.6971769770432371,-1.3732665326783662,-1.096837488874789,2.0988309080611858,2.648589184026259,1.140308804404713
86.0,81.0,1231.0291748046875,-3.401251504777661,1.6294495982276167,1.7331341586906022,2.0314082027947107,0.6966325489490859,-1.3747757687495517,-1.0968355335277191,2.0988377713623385,2.648589161469169,1.1401127324221956
86.0,81.0,1231.0400390625,-3.4012563419111186,1.6291671087554789,1.73399267751134,2.031343317714266,0.6961376738071187,-1.3760522491103175,-1.097962017007266,2.0988809730527405,2.648589180045897,1.140110527692797
86.0,81.0,1231.05615234375,-3.401256401647154,1.6291671087554789,1.7346694926236177,2.03134408943316,0.6961376738071187,-1.37654664924476,-1.097962017007266,2.0988809730527405,2.6485891832206625,1.140110527692797
86.0,81.0,1231.056396484375,-3.401256373373247,1.629170928545549,1.7346694926236177,2.031361144291312,0.6961376738071187,-1.37654664924476,-1.097962017007266,2.0988809730527405,2.6485891832206625,1.140110527692797
86.0,81.0,1231.05908203125,-3.401251478748566,1.6291945473038412,1.7395452628930494,2.031361135759103,0.6969806432481688,-1.3750680785715232,-1.0969344717737868,2.096668524857926,2.648589183477831,1.1403090290970168
86.0,81.0,1231.059326171875,-3.401256435948352,1.6291980411395195,1.7346694926236177,2.031361144291312,0.6961376738071187,-1.3763278009306996,-1.0969505855583532,2.0988809730527405,2.6485891832206625,1.1403068569905717
86.0,81.0,1231.0601806640625,-3.401256373373247,1.6291543585477808,1.7347132302729331,2.031361144291312,0.6969963256829179,-1.37654664924476,-1.097962017007266,2.0988809730527405,2.6485891832094963,1.1401038580835894
86.0,81.0,1231.0601806640625,-3.401256373373247,1.6291543585477808,1.7347132302729331,2.031361144291312,0.6969963256829179,-1.37654664924476,-1.097962017007266,2.0988809730527405,2.6485891832094963,1.1401038580835894
86.0,81.0,1231.0601806640625,-3.4012563729461305,1.6291543585477808,1.7347132302729331,2.0313612717270337,0.6969963256829179,-1.37654664924476,-1.097962017007266,2.0988809730527405,2.648589183210076,1.1401038445821956
86.0,81.0,1231.078857421875,-3.4012515392960254,1.6295059812374455,1.7437471640959026,2.0326161121628337,0.6966358254170368,-1.375106008529346,-1.0969011397498156,2.098858161622455,2.648589184390484,1.140308121433195
86.0,81.0,1231.0810546875,-3.4012515392960254,1.6295061116852303,1.7439047825540672,1.9960781700291368,0.6984059701806313,-1.3762071991219995,-1.096900909375811,2.0987754367532188,2.648589184218733,1.140308121433195
86.0,81.0,1231.081298828125,-3.401251448258276,1.6295061116852303,1.7440108518720667,1.9960781700291368,0.6984059701806313,-1.3762071991219995,-1.096900909375811,2.0987754367532188,2.648589184205896,1.1403043794735055
86.0,81.0,1231.113037109375,-3.4012515392960254,1.6295061116852303,1.7439047825540672,2.0326161121628337,0.6969624729434444,-1.3762071991219995,-1.0969011845803356,2.0987740822456007,2.648589184218733,1.140308121433195
86.0,81.0,1231.113037109375,-3.4012515392960254,1.6295061024039712,1.7439047825540672,2.0326161121628337,0.6969632166339138,-1.3762071991219995,-1.0969011845803356,2.0987740822456007,2.648589184218733,1.140308121433195
86.0,81.0,1231.11865234375,-3.4012514798432063,1.6291945473038412,1.7369282394527046,2.0314887753204904,0.6969806432481688,-1.377898435823348,-1.0969344717737868,2.098936432509843,2.648589183477831,1.1403090270909562
86.0,81.0,1231.1199951171875,-3.40125643867338,1.6291963203390687,1.7346694926236177,2.031361144291312,0.6961376738071187,-1.3782805234434945,-1.0969505855583532,2.0988809730527405,2.6485891832206625,1.1403068569905717
86.0,81.0,1231.1239013671875,-3.4012515392960254,1.6295059812374455,1.7437471640959026,2.0326161121628337,0.6969961838865656,-1.3762071991219995,-1.0969011845803356,2.0969262183392248,2.648589184390484,1.140308121433195
86.0,81.0,1231.1240234375,-3.4012515392960254,1.6295059812374455,1.7437479665228917,2.0326161121628337,0.6969327100973709,-1.3766114554042823,-1.096901183724345,2.0988580448828262,2.648589183298555,1.140308121433195
86.0,81.0,1231.1259765625,-3.4012515392960254,1.6295059812374455,1.7443429447960828,2.0326161121628337,0.6969327100973709,-1.3765592497729826,-1.0969011845803356,2.0988696553063053,2.648589183298555,1.140308121433195
86.0,81.0,1231.1341552734375,-3.401256148970566,1.6291945473038412,1.7369282394527046,2.031361135759103,0.6969806432481688,-1.377898435823348,-1.0969344717737868,2.096668524857926,2.648589183477831,1.140309061386
86.0,81.0,1231.1807861328125,-3.4012562505959507,1.6295057755663835,1.7006435689133106,2.0313602516533766,0.6966325976834032,-1.3747757687495517,-1.0968861055248054,2.098836499513076,2.648589161648273,1.1403081090852312
86.0,81.0,1231.26953125,-3.401257235066096,1.6291687425729076,1.7409282346504993,2.051211564063354,0.6973806850048397,-1.3762371152201462,-1.0979809938489655,2.098881496688923,2.648589183229771,1.1403081580125656
86.0,81.0,1231.26953125,-3.401257235066096,1.6291687425729076,1.7409282346504993,2.051211564063354,0.6973806850048397,-1.3762371152201462,-1.0979809938489655,2.098881496688923,2.648589183229771,1.1403081580125656
86.0,81.0,1231.26953125,-3.401257235066096,1.6291687425729076,1.7409282346504993,2.051211564063354,0.6973806850048397,-1.3762371152201462,-1.0979809938489655,2.098881496688923,2.648589183229771,1.1403081580125656
86.0,81.0,1231.2906494140625,-3.4012276681035334,1.629435472987939,1.7380488353553032,2.031431692761011,0.6613378109253238,-1.3732665326783662,-1.0969019442381087,2.098830204425618,2.6485891843357727,1.140308804404713
86.0,81.0,1231.2906494140625,-3.4012276681035334,1.629435472987939,1.7380488353553032,2.031431692761011,0.6613378109253238,-1.3732665326783662,-1.0969019442381087,2.098830204425618,2.6485891843357727,1.140308804404713
86.0,81.0,1231.2906494140625,-3.4012276681035334,1.629435472987939,1.7380488353553032,2.031431692761011,0.6613378109253238,-1.3732665326783662,-1.0969019442381087,2.098830204425618,2.6485891843357727,1.140308804404713
86.0,81.0,1231.3974609375,-3.4012514119879484,1.6295079207923209,1.6748330449152384,2.031360271550988,0.6588249848609591,-1.374838654858458,-1.0969168954471782,2.0988767160316266,2.648589184724084,1.140307656747138
86.0,81.0,1231.4119873046875,-3.401254834478092,1.6294395451818688,1.6725994572065084,2.031362069818466,0.6612512254761888,-1.3770329657140532,-1.0979809938489655,2.098874219244188,2.648589183127404,1.1403079576008002
86.0,81.0,1231.4161376953125,-3.4012514119879484,1.629507922615721,1.6751247236433722,2.031361144291312,0.6588249848609591,-1.37654664924476,-1.0969188111713348,2.0988767160316266,2.6485891832206625,1.140307656747138
86.0,81.0,1231.418212890625,-3.4012514119879484,1.6294464859624027,1.6726059050133062,2.031361876656697,0.6602765743151946,-1.3770329657140532,-1.0979809938489655,2.09887416784606,2.6485891832206625,1.1403079576008002
86.0,81.0,1231.421630859375,-3.4012514119879484,1.629507922615721,1.6726059050133062,2.031361144291312,0.6588249848609591,-1.37654664924476,-1.097962017007266,2.0988767160316266,2.6485891832206625,1.1403081127700514
86.0,81.0,1231.421630859375,-3.4012514119879484,1.629507922615721,1.6726059050133062,2.031361144291312,0.6588249848609591,-1.37654664924476,-1.097962017007266,2.0988767160316266,2.6485891832206625,1.1403081127700514
86.0,81.0,1231.43505859375,-3.4012544075837403,1.629170928545549,1.737853314594104,2.0313617490138283,0.6962011475963134,-1.374873804351114,-1.1625709178214487,2.0969375360856604,2.648589184290221,1.140110527692797
86.0,81.0,1231.510498046875,-3.401256373373247,1.629170928545549,1.7340737119234375,2.031361144291312,0.6962011475963134,-1.376194598593777,-1.1625709178214487,2.0969375360856604,2.648589184312592,1.140110527692797
86.0,81.0,1231.5501708984375,-3.401254834478092,1.629502979347208,1.7485641934195928,2.032605780393408,0.6612512254761888,-1.3770329657140532,-1.0968496793557043,2.0987499652891706,2.6485891843700187,1.140308120871668
86.0,81.0,1231.566650390625,-3.401257235066096,1.6291687425729076,1.6726059050133062,2.051211564063354,0.6602765743151946,-1.3770329657140532,-1.0979809938489655,2.098881496688923,2.648589183229771,1.140306296508825
86.0,81.0,1231.64990234375,-3.4012515392960254,1.6294367784160475,1.673191153214663,2.0326161121628337,0.6985956293277762,-1.375106008529346,-1.0969011397498156,2.098858161622455,2.6485891797015624,1.1403081980212657
86.0,81.0,1231.64990234375,-3.4012515392960254,1.6294367784160475,1.673191153214663,2.0326161121628337,0.6985956293277762,-1.375106008529346,-1.0969011397498156,2.098858161622455,2.6485891797015624,1.1403081980212657
86.0,81.0,1231.65673828125,-3.4012513612883013,1.629507922615721,1.6726059050133062,2.031361144291312,0.6973467269149334,-1.37654664924476,-1.0969083957703798,2.0988767160316266,2.6485891832206625,1.140307698459432
86.0,81.0,1231.9822998046875,-3.401257191367232,1.629435472987939,1.7422935667909447,2.031433224313879,0.6971820949742642,-1.3724944219143291,-1.0969019442381087,2.098580988982009,2.648589184026259,1.1117188827398452
86.0,81.0,1232.1358642578125,-3.401256125773265,1.6291948279821855,1.7370665836543435,2.031410275833314,0.6965284840768854,-1.3957732004327226,-1.097834093799576,2.0985800759156983,2.648589182325443,1.140115106398483
86.0,81.0,1232.13623046875,-3.40125723725223,1.6291710969256796,1.7370665836543435,2.031410275833314,0.6965322616689563,-1.3957732004327226,-1.0978975465052516,2.0985800759156983,2.648589182325443,1.1401115004286808
86.0,81.0,1232.1376953125,-3.401251414174083,1.6294488403151748,1.7370665836543435,2.031410275833314,0.6965322616689563,-1.3957732004327226,-1.0978975465052516,2.098572747072835,2.648589182316335,1.140113161520656
86.0,81.0,1232.1512451171875,-3.40125643867338,1.6291963203390687,1.7346694926236177,2.031361144291312,0.6961376738071187,-1.3963123459395987,-1.0969505855583532,2.098692089802166,2.648589167374498,1.1403068550381754
86.0,81.0,1232.232421875,-3.401256401647154,1.629195576274844,1.7347127733249492,2.03134408943316,0.6961376738071187,-1.3973973111621822,-1.0979348564225055,2.101318383759774,2.6485891823169987,1.140305606066752
86.0,82.0,1231.0147705078125,-3.4012543761216123,1.6291671087554789,1.7377722801820066,2.031343922436782,0.6961376738071187,-1.3747314548676548,-1.097962017007266,2.0988809730527405,2.6485891800235266,1.140110527692797
86.0,82.0,1231.0162353515625,-3.4012278863582828,1.6294332929794846,1.741753326709957,2.0313628188595447,0.6969963256829179,-1.3732676528449297,-1.0968128296805373,2.0988809730527405,2.6485891839811333,1.1403044729201817
86.0,82.0,1231.01708984375,-3.401256373373247,1.6294332929794846,1.741753326709957,2.031361144291312,0.6969963256829179,-1.3733149169623051,-1.0968128296805373,2.0988809730527405,2.6485891839811333,1.1403044729201817
86.0,82.0,1231.0185546875,-3.4012276681035334,1.629435472987939,1.7422935667909447,2.031431692761011,0.6971820949742642,-1.3732665326783662,-1.0969019442381087,2.098830204425618,2.648589184026259,1.140308804404713
86.0,82.0,1231.0194091796875,-3.401229249018183,1.629435472987939,1.7422935667909447,2.0314336130303814,0.6971769770432371,-1.3732665326783662,-1.096837488874789,2.0988309080611858,2.648589184026259,1.140308804404713
86.0,82.0,1231.0291748046875,-3.401251504777661,1.6294495982276167,1.7331341586906022,2.0314082027947107,0.6966325489490859,-1.3747757687495517,-1.0968355335277191,2.0988377713623385,2.648589161469169,1.1401127324221956
86.0,82.0,1231.0400390625,-3.4012563419111186,1.6291671087554789,1.73399267751134,2.031343317714266,0.6961376738071187,-1.3760522491103175,-1.097962017007266,2.0988809730527405,2.648589180045897,1.140110527692797
86.0,82.0,1231.0400390625,-3.4012563419111186,1.6291671087554789,1.73399267751134,2.031343317714266,0.6961376738071187,-1.3760522491103175,-1.097962017007266,2.0988809730527405,2.648589180045897,1.140110527692797
86.0,82.0,1231.05615234375,-3.401256401647154,1.6291671087554789,1.7346694926236177,2.03134408943316,0.6961376738071187,-1.37654664924476,-1.097962017007266,2.0988809730527405,2.6485891832206625,1.140110527692797
86.0,82.0,1231.056396484375,-3.401256373373247,1.629170928545549,1.7346694926236177,2.031361144291312,0.6961376738071187,-1.37654664924476,-1.097962017007266,2.0988809730527405,2.6485891832206625,1.140110527692797
86.0,82.0,1231.0579833984375,-3.401256435948352,1.6291980411395195,1.7346694926236177,2.031361144291312,0.6961376738071187,-1.376285428511315,-1.0969505855583532,2.0988809730527405,2.6485891832206625,1.1403132612576603
86.0,82.0,1231.05908203125,-3.401251478748566,1.6291945473038412,1.7395452628930494,2.031361135759103,0.6969806432481688,-1.3750680785715232,-1.0969344717737868,2.096668524857926,2.648589183477831,1.1403090290970168
86.0,82.0,1231.059326171875,-3.401256435948352,1.6291980411395195,1.7346694926236177,2.031361144291312,0.6961376738071187,-1.3763278009306996,-1.0969505855583532,2.0988809730527405,2.6485891832206625,1.1403068569905717
86.0,82.0,1231.0601806640625,-3.401256373373247,1.6291543585477808,1.7347132302729331,2.031361144291312,0.6969963256829179,-1.37654664924476,-1.097962017007266,2.0988809730527405,2.6485891832094963,1.1401038580835894
86.0,82.0,1231.0601806640625,-3.401256373373247,1.6291543585477808,1.7347132302729331,2.031361144291312,0.6969963256829179,-1.37654664924476,-1.097962017007266,2.0988809730527405,2.6485891832094963,1.1401038580835894
86.0,82.0,1231.0601806640625,-3.4012563729461305,1.6291543585477808,1.7347132302729331,2.0313612717270337,0.6969963256829179,-1.37654664924476,-1.097962017007266,2.0988809730527405,2.648589183210076,1.1401038445821956
86.0,82.0,1231.062744140625,-3.4012514798432063,1.6291945473038412,1.7369282394527046,2.0314897608834093,0.6969806432481688,-1.3760808666071689,-1.0969344717737868,2.098936432509843,2.648589183477831,1.1403071235721318
86.0,82.0,1231.06640625,-3.401256401647154,1.6295076821310497,1.7346694926236177,2.03134408943316,0.6968916854538825,-1.37654664924476,-1.097962017007266,2.0988809730527405,2.6485891832206625,1.1401141813291742
86.0,82.0,1231.06640625,-3.4012543761216123,1.6291670485935572,1.7379046515166712,2.031343922436782,0.6961376738071187,-1.3765353643631577,-1.097962017007266,2.0988809730527405,2.6485891800235266,1.140110527692797
86.0,82.0,1231.0693359375,-3.4012563592558056,1.6291964759201345,1.7346657876021758,2.031361145212253,0.6969767978610893,-1.3764137758463548,-1.0969505855583532,2.0988809730527405,2.6485891832206625,1.1400949142012748
86.0,82.0,1231.078857421875,-3.4012515392960254,1.6295059812374455,1.7437471640959026,2.0326161121628337,0.6966358254170368,-1.375106008529346,-1.0969011397498156,2.098858161622455,2.648589184390484,1.140308121433195
86.0,82.0,1231.0810546875,-3.4012515392960254,1.6295061116852303,1.7439047825540672,1.9960781700291368,0.6984059701806313,-1.3762071991219995,-1.096900909375811,2.0987754367532188,2.648589184218733,1.140308121433195
86.0,82.0,1231.0810546875,-3.401251449709516,1.6295061116852303,1.7439047825540672,1.9960781700291368,0.6984059701806313,-1.3762071991219995,-1.096900909375811,2.0987754367532188,2.648589184217854,1.140308121433195
86.0,82.0,1231.0811767578125,-3.4012514479295555,1.6295148062248204,1.744202381768412,1.9960781700291368,0.6983075155423195,-1.3762071991219995,-1.096900909375811,2.0987754367532188,2.648589184205896,1.140309007594399
86.0,82.0,1231.081298828125,-3.401251448258276,1.6295061116852303,1.7440108518720667,1.9960781700291368,0.6984059701806313,-1.3762071991219995,-1.096900909375811,2.0987754367532188,2.648589184205896,1.1403043794735055
86.0,82.0,1231.0950927734375,-3.401229249018183,1.629435472987939,1.7423164472806183,2.0314336130303814,0.6969642584459739,-1.3762038797323746,-1.096837488874789,2.098774664092044,2.648589184026259,1.1403080085064352
86.0,82.0,1231.09765625,-3.401256373373247,1.6291543585477808,1.7441990725434304,2.031361144291312,0.6969963256829179,-1.37654664924476,-1.097962017007266,2.098881370817668,2.648589183299341,1.140290075346455
86.0,82.0,1231.113037109375,-3.4012515392960254,1.6295061116852303,1.7439047825540672,2.0326161121628337,0.6969624729434444,-1.3762071991219995,-1.0969011845803356,2.0987740822456007,2.648589184218733,1.140308121433195
86.0,82.0,1231.113037109375,-3.4012515392960254,1.6295061024039712,1.7439047825540672,2.0326161121628337,0.6969632166339138,-1.3762071991219995,-1.0969011845803356,2.0987740822456007,2.648589184218733,1.140308121433195
86.0,82.0,1231.11865234375,-3.4012514798432063,1.6291945473038412,1.7369282394527046,2.0314887753204904,0.6969806432481688,-1.377898435823348,-1.0969344717737868,2.098936432509843,2.648589183477831,1.1403090270909562
86.0,82.0,1231.1199951171875,-3.40125643867338,1.6291963203390687,1.7346694926236177,2.031361144291312,0.6961376738071187,-1.3782805234434945,-1.0969505855583532,2.0988809730527405,2.6485891832206625,1.1403068569905717
86.0,82.0,1231.1239013671875,-3.4012515392960254,1.6295059812374455,1.7437471640959026,2.0326161121628337,0.6969961838865656,-1.3762071991219995,-1.0969011845803356,2.0969262183392248,2.648589184390484,1.140308121433195
86.0,82.0,1231.1240234375,-3.4012515392960254,1.6295059812374455,1.7437479665228917,2.0326161121628337,0.6969327100973709,-1.3766114554042823,-1.096901183724345,2.0988580448828262,2.648589183298555,1.140308121433195
86.0,82.0,1231.12548828125,-3.40125643867338,1.6294950679478937,1.7346694926236177,2.031361144291312,0.6961376738071187,-1.3782805234434945,-1.0969505855583532,2.098881092758282,2.6485891832206625,1.140308109021043
86.0,82.0,1231.1259765625,-3.4012515392960254,1.6295059812374455,1.7443429447960828,2.0326161121628337,0.6969327100973709,-1.3765592497729826,-1.0969011845803356,2.0988696553063053,2.648589183298555,1.140308121433195
86.0,82.0,1231.1341552734375,-3.401256148970566,1.6291945473038412,1.7369282394527046,2.031361135759103,0.6969806432481688,-1.377898435823348,-1.0969344717737868,2.096668524857926,2.648589183477831,1.140309061386
86.0,82.0,1231.1427001953125,-3.401256148970566,1.6294373796832966,1.7380692899687653,2.031361135759103,0.6969806432481688,-1.377898435823348,-1.0969344717737868,2.096668524857926,2.648589183477831,1.140309061386
86.0,82.0,1231.1807861328125,-3.4012562505959507,1.6295057755663835,1.7006435689133106,2.0313602516533766,0.6966325976834032,-1.3747757687495517,-1.0968861055248054,2.098836499513076,2.648589161648273,1.1403081090852312
86.0,82.0,1231.1942138671875,-3.4012564348105774,1.6291687425729076,1.7409282346504993,2.0517899988300177,0.6973806850048397,-1.3731938573459133,-1.0967853059076471,2.0988814605048804,2.648589183229771,1.1403081260378625
86.0,82.0,1231.26953125,-3.401257235066096,1.6291687425729076,1.7409282346504993,2.051211564063354,0.6973806850048397,-1.3762371152201462,-1.0979809938489655,2.098881496688923,2.648589183229771,1.1403081580125656
86.0,82.0,1231.26953125,-3.401257235066096,1.6291687425729076,1.7409282346504993,2.051211564063354,0.6973806850048397,-1.3762371152201462,-1.0979809938489655,2.098881496688923,2.648589183229771,1.1403081580125656
86.0,82.0,1231.26953125,-3.401257235066096,1.6291687425729076,1.7409282346504993,2.051211564063354,0.6973806850048397,-1.3762371152201462,-1.0979809938489655,2.098881496688923,2.648589183229771,1.1403081580125656
86.0,82.0,1231.2906494140625,-3.4012276681035334,1.629435472987939,1.7380488353553032,2.031431692761011,0.6613378109253238,-1.3732665326783662,-1.0969019442381087,2.098830204425618,2.6485891843357727,1.140308804404713
86.0,82.0,1231.2906494140625,-3.4012276681035334,1.629435472987939,1.7380488353553032,2.031431692761011,0.6613378109253238,-1.3732665326783662,-1.0969019442381087,2.098830204425618,2.6485891843357727,1.140308804404713
86.0,82.0,1231.2906494140625,-3.4012276681035334,1.629435472987939,1.7380488353553032,2.031431692761011,0.6613378109253238,-1.3732665326783662,-1.0969019442381087,2.098830204425618,2.6485891843357727,1.140308804404713
86.0,82.0,1231.3974609375,-3.4012514119879484,1.6295079207923209,1.6748330449152384,2.031360271550988,0.6588249848609591,-1.374838654858458,-1.0969168954471782,2.0988767160316266,2.648589184724084,1.140307656747138
86.0,82.0,1231.4119873046875,-3.401254834478092,1.6294395451818688,1.6725994572065084,2.031362069818466,0.6612512254761888,-1.3770329657140532,-1.0979809938489655,2.098874219244188,2.648589183127404,1.1403079576008002
86.0,82.0,1231.4161376953125,-3.4012514119879484,1.629507922615721,1.6751247236433722,2.031361144291312,0.6588249848609591,-1.37654664924476,-1.0969188111713348,2.0988767160316266,2.6485891832206625,1.140307656747138
86.0,82.0,1231.418212890625,-3.4012514119879484,1.6294464859624027,1.6726059050133062,2.031361876656697,0.6602765743151946,-1.3770329657140532,-1.0979809938489655,2.09887416784606,2.6485891832206625,1.1403079576008002
86.0,82.0,1231.4197998046875,-3.4012514119879484,1.6291673492401504,1.6751247236433722,2.031361144291312,0.6580709732141954,-1.37654664924476,-1.0969188111713348,2.0988767160316266,2.6485891832206625,1.1403040031107607
86.0,83.0,1231.0147705078125,-3.4012543761216123,1.6291671087554789,1.7377722801820066,2.031343922436782,0.6961376738071187,-1.3747314548676548,-1.097962017007266,2.0988809730527405,2.6485891800235266,1.140110527692797
86.0,83.0,1231.015625,-3.401253246584962,1.6294332929794846,1.741821033546993,2.0313628188595447,0.6969963256829179,-1.3732676528449297,-1.0969067512404724,2.098776792289427,2.6485891839811333,1.1403044729201817
86.0,83.0,1231.01611328125,-3.401256373373247,1.6294332929794846,1.7421641271811776,2.031361115364604,0.696089701589992,-1.3733149169623051,-1.0968128296805373,2.0988809730527405,2.6485891839811333,1.1403044729201817
86.0,83.0,1231.0162353515625,-3.4012278863582828,1.6294332929794846,1.741753326709957,2.0313628188595447,0.6969963256829179,-1.3732676528449297,-1.0968128296805373,2.0988809730527405,2.6485891839811333,1.1403044729201817
86.0,83.0,1231.01708984375,-3.401256373373247,1.6294332929794846,1.741753326709957,2.031361144291312,0.6969963256829179,-1.3733149169623051,-1.0968128296805373,2.0988809730527405,2.6485891839811333,1.1403044729201817
86.0,83.0,1231.0185546875,-3.4012276681035334,1.629435472987939,1.7422935667909447,2.031431692761011,0.6971820949742642,-1.3732665326783662,-1.0969019442381087,2.098830204425618,2.648589184026259,1.140308804404713
86.0,83.0,1231.0194091796875,-3.401229249018183,1.629435472987939,1.7422935667909447,2.0314336130303814,0.6971769770432371,-1.3732665326783662,-1.096837488874789,2.0988309080611858,2.648589184026259,1.140308804404713
86.0,83.0,1231.0291748046875,-3.401251504777661,1.6294495982276167,1.7331341586906022,2.0314082027947107,0.6966325489490859,-1.3747757687495517,-1.0968355335277191,2.0988377713623385,2.648589161469169,1.1401127324221956
86.0,83.0,1231.0400390625,-3.4012563419111186,1.6291671087554789,1.73399267751134,2.031343317714266,0.6961376738071187,-1.3760522491103175,-1.097962017007266,2.0988809730527405,2.648589180045897,1.140110527692797
86.0,83.0,1231.0400390625,-3.4012563419111186,1.6291671087554789,1.73399267751134,2.031343317714266,0.6961376738071187,-1.3760522491103175,-1.097962017007266,2.0988809730527405,2.648589180045897,1.140110527692797
86.0,83.0,1231.0435791015625,-3.4012563419111186,1.6291671087554789,1.7335818770401197,2.031343346640973,0.6970442979000447,-1.3760522491103175,-1.097962017007266,2.0988809730527405,2.648589180045897,1.140110527692797
86.0,83.0,1231.05224609375,-3.4012563607092225,1.6291977552694512,1.7346582223900255,2.0313607046585447,0.6961376738071187,-1.3764158928525414,-1.098024834210334,2.0988809730527405,2.648589180000718,1.1401100592524571
86.0,83.0,1231.055419921875,-3.4012564720267897,1.6291945473038412,1.7346504323907386,2.0313658636350054,0.6969806432481688,-1.3760808666071689,-1.0969344717737868,2.098937742594684,2.648589183190193,1.1403383725085348
86.0,83.0,1231.05615234375,-3.401256401647154,1.6291671087554789,1.7346694926236177,2.03134408943316,0.6961376738071187,-1.37654664924476,-1.097962017007266,2.0988809730527405,2.6485891832206625,1.140110527692797
86.0,83.0,1231.05615234375,-3.401256401647154,1.6291671087554789,1.7346694926236177,2.03134408943316,0.6961376738071187,-1.37654664924476,-1.097962017007266,2.0988809730527405,2.6485891832206625,1.140110527692797
86.0,83.0,1231.056396484375,-3.401256373373247,1.629170928545549,1.7346694926236177,2.031361144291312,0.6961376738071187,-1.37654664924476,-1.097962017007266,2.0988809730527405,2.6485891832206625,1.140110527692797
86.0,83.0,1231.0579833984375,-3.401256435948352,1.6291980411395195,1.7346694926236177,2.031361144291312,0.6961376738071187,-1.376285428511315,-1.0969505855583532,2.0988809730527405,2.6485891832206625,1.1403132612576603
86.0,83.0,1231.05908203125,-3.401251478748566,1.6291945473038412,1.7395452628930494,2.031361135759103,0.6969806432481688,-1.3750680785715232,-1.0969344717737868,2.096668524857926,2.648589183477831,1.1403090290970168
86.0,83.0,1231.059326171875,-3.401256435948352,1.6291980411395195,1.7346694926236177,2.031361144291312,0.6961376738071187,-1.3763278009306996,-1.0969505855583532,2.0988809730527405,2.6485891832206625,1.1403068569905717
86.0,83.0,1231.059326171875,-3.401256435948352,1.6291980411395195,1.7346694926236177,2.031361221779102,0.6961376738071187,-1.3763278009306996,-1.0969488023492198,2.0988807618016296,2.6485891832206625,1.1403088536838744
86.0,83.0,1231.0599365234375,-3.401256372219448,1.6291543585477808,1.7347132794168192,2.0313612717270337,0.6969963256829179,-1.37654664924476,-1.097962017007266,2.0988809730527405,2.648589183210076,1.140114230028748
86.0,83.0,1231.0601806640625,-3.401256373373247,1.6291543585477808,1.7347132302729331,2.031361144291312,0.6969963256829179,-1.37654664924476,-1.097962017007266,2.0988809730527405,2.6485891832094963,1.1401038580835894
86.0,83.0,1231.0601806640625,-3.401256373373247,1.6291543585477808,1.7347132302729331,2.031361144291312,0.6969963256829179,-1.37654664924476,-1.097962017007266,2.0988809730527405,2.6485891832094963,1.1401038580835894
86.0,83.0,1231.0601806640625,-3.4012563729461305,1.6291543585477808,1.7347132302729331,2.0313612717270337,0.6969963256829179,-1.37654664924476,-1.097962017007266,2.0988809730527405,2.648589183210076,1.1401038445821956
86.0,83.0,1231.0601806640625,-3.401256373373247,1.6291543585477808,1.7347132302729331,2.031361144291312,0.6969963256829179,-1.37654664924476,-1.097962017007266,2.0988809730527405,2.6485891832094963,1.1401038580835894
86.0,83.0,1231.060302734375,-3.401251478748566,1.629166141341696,1.7339991990236348,2.031361135759103,0.6969806432481688,-1.3760311909069662,-1.0979634949433217,2.096668524857926,2.648589180055808,1.1401073303556777
86.0,83.0,1231.062744140625,-3.4012514798432063,1.6291945473038412,1.7369282394527046,2.0314897608834093,0.6969806432481688,-1.3760808666071689,-1.0969344717737868,2.098936432509843,2.648589183477831,1.1403071235721318
86.0,83.0,1231.064697265625,-3.401251381189664,1.629170928545549,1.7369472996855837,2.0314850415397148,0.6961376738071187,-1.37654664924476,-1.097962017007266,2.0988796629678994,2.6485891835083004,1.1400792787563945
86.0,83.0,1231.06640625,-3.401256401647154,1.6295076821310497,1.7346694926236177,2.03134408943316,0.6968916854538825,-1.37654664924476,-1.097962017007266,2.0988809730527405,2.6485891832206625,1.1401141813291742
86.0,83.0,1231.06640625,-3.4012543761216123,1.6291670485935572,1.7379046515166712,2.031343922436782,0.6961376738071187,-1.3765353643631577,-1.097962017007266,2.0988809730527405,2.6485891800235266,1.140110527692797
86.0,83.0,1231.067138671875,-3.401251504777661,1.6294495982276167,1.7346776873950809,2.031360988907046,0.6966369549021401,-1.3761575139600395,-1.0968368986047294,2.0988377713623385,2.648589181989196,1.1401127324221956
86.0,83.0,1231.0673828125,-3.4012543761216123,1.6291670082254943,1.7379046515166712,2.031500332647354,0.6961376738071187,-1.3765353643631577,-1.097962017007266,2.098878968888604,2.6485891800235266,1.140110527692797
86.0,83.0,1231.0693359375,-3.4012563592558056,1.6291964759201345,1.7346657876021758,2.031361145212253,0.6969767978610893,-1.3764137758463548,-1.0969505855583532,2.0988809730527405,2.6485891832206625,1.1400949142012748
86.0,83.0,1231.076416015625,-3.4012288534174457,1.6294434030414082,1.7347132302729331,2.031361144291312,0.69717786793176,-1.37654664924476,-1.0968589664171178,2.0988809730527405,2.648589184015811,1.140315130565882
86.0,83.0,1231.078857421875,-3.4012515392960254,1.6295059812374455,1.7437471640959026,2.0326161121628337,0.6966358254170368,-1.375106008529346,-1.0969011397498156,2.098858161622455,2.648589184390484,1.140308121433195
86.0,83.0,1231.0810546875,-3.4012515392960254,1.6295061116852303,1.7439047825540672,1.9960781700291368,0.6984059701806313,-1.3762071991219995,-1.096900909375811,2.0987754367532188,2.648589184218733,1.140308121433195
86.0,83.0,1231.0810546875,-3.401251449709516,1.6295061116852303,1.7439047825540672,1.9960781700291368,0.6984059701806313,-1.3762071991219995,-1.096900909375811,2.0987754367532188,2.648589184217854,1.140308121433195
86.0,83.0,1231.0811767578125,-3.4012514479295555,1.6295148062248204,1.744202381768412,1.9960781700291368,0.6983075155423195,-1.3762071991219995,-1.096900909375811,2.0987754367532188,2.648589184205896,1.140309007594399
86.0,83.0,1231.081298828125,-3.401251448258276,1.6295061116852303,1.7440108518720667,1.9960781700291368,0.6984059701806313,-1.3762071991219995,-1.096900909375811,2.0987754367532188,2.648589184205896,1.1403043794735055
86.0,83.0,1231.0950927734375,-3.401229249018183,1.629435472987939,1.7423164472806183,2.0314336130303814,0.6969642584459739,-1.3762038797323746,-1.096837488874789,2.098774664092044,2.648589184026259,1.1403080085064352
86.0,83.0,1231.09765625,-3.401256373373247,1.6291543585477808,1.7441990725434304,2.031361144291312,0.6969963256829179,-1.37654664924476,-1.097962017007266,2.098881370817668,2.648589183299341,1.140290075346455
86.0,83.0,1231.1090087890625,-3.401251478673584,1.6295061116852303,1.7440108518720667,1.9960781700291368,0.6970312610236903,-1.377967469951022,-1.0969333225989404,2.098775872359837,2.6485891834771857,1.1403043794735055
86.0,83.0,1231.1123046875,-3.4012515392960254,1.6295061024039712,1.7439047825540672,2.0326161121628337,0.6969632166339138,-1.3762071991219995,-1.0969117465052172,2.098876252807996,2.648589184218733,1.140309733473118
86.0,83.0,1231.113037109375,-3.4012515392960254,1.6295061116852303,1.7439047825540672,2.0326161121628337,0.6969624729434444,-1.3762071991219995,-1.0969011845803356,2.0987740822456007,2.648589184218733,1.140308121433195
86.0,83.0,1231.113037109375,-3.4012515392960254,1.6295061024039712,1.7439047825540672,2.0326161121628337,0.6969632166339138,-1.3762071991219995,-1.0969011845803356,2.0987740822456007,2.648589184218733,1.140308121433195
86.0,83.0,1231.1185302734375,-3.401256148970566,1.6291961697289443,1.7370317181539732,2.031361143881672,0.6969806432481688,-1.3779007235621434,-1.0969355274643715,2.098882262712228,2.648589183477831,1.140309166154683
86.0,83.0,1231.11865234375,-3.4012514798432063,1.6291945473038412,1.7369282394527046,2.0314887753204904,0.6969806432481688,-1.377898435823348,-1.0969344717737868,2.098936432509843,2.648589183477831,1.1403090270909562
86.0,83.0,1231.1199951171875,-3.40125643867338,1.6291963203390687,1.7346694926236177,2.031361144291312,0.6961376738071187,-1.3782805234434945,-1.0969505855583532,2.0988809730527405,2.6485891832206625,1.1403068569905717
86.0,83.0,1231.1239013671875,-3.4012515392960254,1.6295059812374455,1.7437471640959026,2.0326161121628337,0.6969961838865656,-1.3762071991219995,-1.0969011845803356,2.0969262183392248,2.648589184390484,1.140308121433195
86.0,83.0,1231.1240234375,-3.4012515392960254,1.6295059812374455,1.7437479665228917,2.0326161121628337,0.6969327100973709,-1.3766114554042823,-1.096901183724345,2.0988580448828262,2.648589183298555,1.140308121433195
86.0,84.0,1230.9884033203125,-3.401256435948352,1.6291990189644776,1.7346694926236177,2.031361131154425,0.6969828527760661,-1.3732829474271948,-1.0969488023492198,2.098880356199877,2.6485891832206625,1.1403088536838744
86.0,84.0,1230.9896240234375,-3.401256373373247,1.629170928545549,1.7415360596977716,2.031361144291312,0.6961376738071187,-1.3732464330972054,-1.097962017007266,2.0988809730527405,2.648589184034529,1.1403122889916062
86.0,84.0,1231.006103515625,-3.4012564720267897,1.6295061189867566,1.7346504323907386,2.012961794969325,0.6966560995818369,-1.3760808666071689,-1.0969006296817074,2.098937742594684,2.6485891842939573,1.1403383725085348
86.0,84.0,1231.0062255859375,-3.4012547750401,1.6291663438008817,1.7347119749209698,2.031343922436782,0.6961376738071187,-1.3747314548676548,-1.097962017007266,2.0988809730527405,2.6485891800235266,1.140110527692797
86.0,84.0,1231.0147705078125,-3.4012543761216123,1.6291671087554789,1.7377722801820066,2.031343922436782,0.6961376738071187,-1.3747314548676548,-1.097962017007266,2.0988809730527405,2.6485891800235266,1.140110527692797
86.0,84.0,1231.015380859375,-3.401256037029865,1.577088755129051,1.7377297978846544,2.031361144291312,0.6961376738071187,-1.3763278009306996,-1.0969505855583532,2.0988809730527405,2.6485891832206625,1.1403068569905717
86.0,84.0,1231.015625,-3.401253246584962,1.6294332929794846,1.741821033546993,2.0313628188595447,0.6969963256829179,-1.3732676528449297,-1.0969067512404724,2.098776792289427,2.6485891839811333,1.1403044729201817
86.0,84.0,1231.01611328125,-3.401256373373247,1.6294332929794846,1.7421641271811776,2.031361115364604,0.696089701589992,-1.3733149169623051,-1.0968128296805373,2.0988809730527405,2.6485891839811333,1.1403044729201817
86.0,84.0,1231.0162353515625,-3.4012278863582828,1.6294332929794846,1.741753326709957,2.0313628188595447,0.6969963256829179,-1.3732676528449297,-1.0968128296805373,2.0988809730527405,2.6485891839811333,1.1403044729201817
86.0,84.0,1231.016357421875,-3.401253246584962,1.6294354875045465,1.741808295862492,2.0313653395000326,0.6971875392060519,-1.3732676528449297,-1.0969067512404724,2.098776792289427,2.6485891839811333,1.1403044729201817
86.0,84.0,1231.01708984375,-3.401256373373247,1.6294332929794846,1.741753326709957,2.031361144291312,0.6969963256829179,-1.3733149169623051,-1.0968128296805373,2.0988809730527405,2.6485891839811333,1.1403044729201817
86.0,84.0,1231.0185546875,-3.4012276681035334,1.629435472987939,1.7422935667909447,2.031431692761011,0.6971820949742642,-1.3732665326783662,-1.0969019442381087,2.098830204425618,2.648589184026259,1.140308804404713
86.0,84.0,1231.0185546875,-3.401256373373247,1.6294219023713048,1.742446622332603,2.031360604415956,0.696089701589992,-1.3733399514990794,-1.0967551614648412,2.0988809730527405,2.6485891839811333,1.140305801389168
86.0,84.0,1231.018798828125,-3.4012276681035334,1.629435472987939,1.742446578799443,2.031439530017943,0.697176334445476,-1.3732665326783662,-1.0969019442381087,2.0988826483832907,2.6485891840295155,1.140313245639351
86.0,84.0,1231.0194091796875,-3.401229249018183,1.629435472987939,1.7422935667909447,2.0314336130303814,0.6971769770432371,-1.3732665326783662,-1.096837488874789,2.0988309080611858,2.648589184026259,1.140308804404713
86.0,84.0,1231.0211181640625,-3.40125146722357,1.6294332929794846,1.742295767630078,2.031361115364604,0.696089701589992,-1.373511089614194,-1.096812047520411,2.0988809730527405,2.6485891839846203,1.140308961304431
86.0,84.0,1231.0291748046875,-3.401251504777661,1.6294495982276167,1.7331341586906022,2.0314082027947107,0.6966325489490859,-1.3747757687495517,-1.0968355335277191,2.0988377713623385,2.648589161469169,1.1401127324221956
86.0,84.0,1231.039306640625,-3.4012563419111186,1.6291671087554789,1.7335818770401197,2.031343346640973,0.6960339669093849,-1.3760741394920537,-1.097962017007266,2.0988809730527405,2.6485891834736166,1.140110527692797
86.0,84.0,1231.0400390625,-3.4012563419111186,1.6291671087554789,1.73399267751134,2.031343317714266,0.6961376738071187,-1.3760522491103175,-1.097962017007266,2.0988809730527405,2.648589180045897,1.140110527692797
86.0,84.0,1231.0400390625,-3.4012563419111186,1.6291671087554789,1.73399267751134,2.031343317714266,0.6961376738071187,-1.3760522491103175,-1.097962017007266,2.0988809730527405,2.648589180045897,1.140110527692797
86.0,84.0,1231.0435791015625,-3.4012563419111186,1.6291671087554789,1.7335818770401197,2.031343346640973,0.6970442979000447,-1.3760522491103175,-1.097962017007266,2.0988809730527405,2.648589180045897,1.140110527692797
86.0,84.0,1231.05126953125,-3.4012563419111186,1.6291670914076657,1.7335742600420403,2.0313432824485176,0.6969998221478964,-1.376329803866278,-1.097962017007266,2.098880968522796,2.648589180045897,1.140110527692797
86.0,84.0,1231.05224609375,-3.4012563607092225,1.6291977552694512,1.7346582223900255,2.0313607046585447,0.6961376738071187,-1.3764158928525414,-1.098024834210334,2.0988809730527405,2.648589180000718,1.1401100592524571
86.0,84.0,1231.0533447265625,-3.401229249018183,1.6294361145168614,1.7423164472806183,2.0314336130303814,0.6969642584459739,-1.3746973218968623,-1.096837488874789,2.0987750059390864,2.648589184026259,1.1403080085064352
86.0,84.0,1231.053466796875,-3.401256384898244,1.6291945473038412,1.739413622444149,2.031361135759103,0.6969806432481688,-1.3748719059196342,-1.0969352539339128,2.096668524857926,2.648589183474344,1.1403045407127672
86.0,84.0,1231.05419921875,-3.401256401647154,1.6291784993636589,1.7343869974721922,2.031344600381808,0.6961376738071187,-1.376521614707986,-1.098019685222962,2.0988809730527405,2.6485891832206625,1.1401091992238106
86.0,84.0,1231.054443359375,-3.4012563419111186,1.629167113430196,1.73399267751134,2.031343317714266,0.6961376738071187,-1.3765449183805292,-1.097962017007266,2.098879043554951,2.64858918002376,1.140110527692797
86.0,84.0,1231.055419921875,-3.4012564720267897,1.6291945473038412,1.7346504323907386,2.0313658636350054,0.6969806432481688,-1.3760808666071689,-1.0969344717737868,2.098937742594684,2.648589183190193,1.1403383725085348
86.0,84.0,1231.0556640625,-3.4012514798432063,1.6291945473038412,1.7346076673163806,2.0313383283640496,0.6961604073749296,-1.3760808666071689,-1.0969344717737868,2.098887499451991,2.648589183477831,1.1401200858926752
86.0,84.0,1231.05615234375,-3.401256401647154,1.6291671087554789,1.7346694926236177,2.03134408943316,0.6961376738071187,-1.37654664924476,-1.097962017007266,2.0988809730527405,2.6485891832206625,1.140110527692797
86.0,84.0,1231.05615234375,-3.401256401647154,1.6291671087554789,1.7346694926236177,2.03134408943316,0.6961376738071187,-1.37654664924476,-1.097962017007266,2.0988809730527405,2.6485891832206625,1.140110527692797
86.0,84.0,1231.056396484375,-3.401256373373247,1.629170928545549,1.7346694926236177,2.031361144291312,0.6961376738071187,-1.37654664924476,-1.097962017007266,2.0988809730527405,2.6485891832206625,1.140110527692797
86.0,84.0,1231.056396484375,-3.401256435948352,1.629163514139954,1.7338960594475874,2.0313433192217887,0.6961376738071187,-1.3763115653443097,-1.0969505855583532,2.0988809730527405,2.6485891832206625,1.1403068569905717
86.0,84.0,1231.0579833984375,-3.401256435948352,1.6291980411395195,1.7346694926236177,2.031361144291312,0.6961376738071187,-1.376285428511315,-1.0969505855583532,2.0988809730527405,2.6485891832206625,1.1403132612576603
86.0,84.0,1231.05908203125,-3.401251478748566,1.6291945473038412,1.7395452628930494,2.031361135759103,0.6969806432481688,-1.3750680785715232,-1.0969344717737868,2.096668524857926,2.648589183477831,1.1403090290970168
86.0,84.0,1231.059326171875,-3.401256435948352,1.6291980411395195,1.7346694926236177,2.031361144291312,0.6961376738071187,-1.3763278009306996,-1.0969505855583532,2.0988809730527405,2.6485891832206625,1.1403068569905717
86.0,84.0,1231.059326171875,-3.401256435948352,1.6291980411395195,1.7346694926236177,2.031361221779102,0.6961376738071187,-1.3763278009306996,-1.0969488023492198,2.0988807618016296,2.6485891832206625,1.1403088536838744
86.0,84.0,1231.0599365234375,-3.401256372219448,1.6291543585477808,1.7347132794168192,2.0313612717270337,0.6969963256829179,-1.37654664924476,-1.097962017007266,2.0988809730527405,2.648589183210076,1.140114230028748
86.0,84.0,1231.0601806640625,-3.401256373373247,1.6291543585477808,1.7347132302729331,2.031361144291312,0.6969963256829179,-1.37654664924476,-1.097962017007266,2.0988809730527405,2.6485891832094963,1.1401038580835894
86.0,84.0,1231.0601806640625,-3.401256373373247,1.6291543585477808,1.7347132302729331,2.031361144291312,0.6969963256829179,-1.37654664924476,-1.097962017007266,2.0988809730527405,2.6485891832094963,1.1401038580835894
86.0,84.0,1231.0601806640625,-3.4012563729461305,1.6291543585477808,1.7347132302729331,2.0313612717270337,0.6969963256829179,-1.37654664924476,-1.097962017007266,2.0988809730527405,2.648589183210076,1.1401038445821956
86.0,84.0,1231.0601806640625,-3.401256373373247,1.6291543585477808,1.7347132302729331,2.031361144291312,0.6969963256829179,-1.37654664924476,-1.097962017007266,2.0988809730527405,2.6485891832094963,1.1401038580835894
86.0,84.0,1231.060302734375,-3.401251478748566,1.629166141341696,1.7339991990236348,2.031361135759103,0.6969806432481688,-1.3760311909069662,-1.0979634949433217,2.096668524857926,2.648589180055808,1.1401073303556777
86.0,84.0,1231.060302734375,-3.401251478748566,1.629166141341696,1.7339991990236348,2.031361135759103,0.6969806432481688,-1.3760311909069662,-1.0979634949433217,2.096668524857926,2.648589180055808,1.1401073303556777
86.0,84.0,1231.062744140625,-3.4012514798432063,1.6291945473038412,1.7369282394527046,2.0314897608834093,0.6969806432481688,-1.3760808666071689,-1.0969344717737868,2.098936432509843,2.648589183477831,1.1403071235721318
86.0,84.0,1231.06396484375,-3.401256401647154,1.6291671087554789,1.7369900647599417,2.031495521952519,0.6969579096803579,-1.37654664924476,-1.097962017007266,2.0989299061105924,2.6485891832206625,1.1402975653722538
86.0,84.0,1231.064697265625,-3.401251381189664,1.629170928545549,1.7369472996855837,2.0314850415397148,0.6961376738071187,-1.37654664924476,-1.097962017007266,2.0988796629678994,2.6485891835083004,1.1400792787563945
86.0,84.0,1231.06640625,-3.401256401647154,1.6295076821310497,1.7346694926236177,2.03134408943316,0.6968916854538825,-1.37654664924476,-1.097962017007266,2.0988809730527405,2.6485891832206625,1.1401141813291742
86.0,84.0,1231.06640625,-3.4012543761216123,1.6291670485935572,1.7379046515166712,2.031343922436782,0.6961376738071187,-1.3765353643631577,-1.097962017007266,2.0988809730527405,2.6485891800235266,1.140110527692797
86.0,84.0,1231.067138671875,-3.401251504777661,1.6294495982276167,1.7346776873950809,2.031360988907046,0.6966369549021401,-1.3761575139600395,-1.0968368986047294,2.0988377713623385,2.648589181989196,1.1401127324221956
86.0,85.0,1230.9881591796875,-3.401256435948352,1.6291990189644776,1.7346694926236177,2.031361543104988,0.6969828841189386,-1.3732672095251326,-1.0969488023492198,2.098880438491262,2.6485891831879487,1.1403088536838744
86.0,85.0,1230.9884033203125,-3.401256435948352,1.6291990189644776,1.7346694926236177,2.031361131154425,0.6969828527760661,-1.3732829474271948,-1.0969488023492198,2.098880356199877,2.6485891832206625,1.1403088536838744
86.0,85.0,1230.9896240234375,-3.401256373373247,1.629170928545549,1.7415360596977716,2.031361144291312,0.6961376738071187,-1.3732464330972054,-1.097962017007266,2.0988809730527405,2.648589184034529,1.1403122889916062
86.0,85.0,1230.990234375,-3.401256372219448,1.6291537542048284,1.7416151814527103,2.0313612717270337,0.6969963256829179,-1.3729896660688667,-1.097962017007266,2.0988809730527405,2.6485891840469,1.140114230028748
86.0,85.0,1230.999267578125,-3.40125678681734,1.6291945473038412,1.7346075740879694,2.0140387071244987,0.6961601005553917,-1.3760808666071689,-1.0969344717737868,2.0988872716122304,2.648589183477831,1.14012609935003
86.0,85.0,1231.0048828125,-3.401254783553329,1.6291662916377978,1.7340026662784322,2.031343922436782,0.6961376738071187,-1.3747367636701833,-1.097962017007266,2.0988809730527405,2.648589180045686,1.140110527692797
86.0,85.0,1231.006103515625,-3.4012564720267897,1.6295061189867566,1.7346504323907386,2.012961794969325,0.6966560995818369,-1.3760808666071689,-1.0969006296817074,2.098937742594684,2.6485891842939573,1.1403383725085348
86.0,85.0,1231.006103515625,-3.4012547817269034,1.6291658762916228,1.7347119749209698,2.031343922436782,0.6961376738071187,-1.3747314548676548,-1.097962017007266,2.0988809730527405,2.6485891800235266,1.1401129418274425
86.0,85.0,1231.0062255859375,-3.4012547750401,1.6291663438008817,1.7347119749209698,2.031343922436782,0.6961376738071187,-1.3747314548676548,-1.097962017007266,2.0988809730527405,2.6485891800235266,1.140110527692797
86.0,85.0,1231.0147705078125,-3.4012543761216123,1.6291671087554789,1.7377722801820066,2.031343922436782,0.6961376738071187,-1.3747314548676548,-1.097962017007266,2.0988809730527405,2.6485891800235266,1.140110527692797
86.0,85.0,1231.0147705078125,-3.4012543761216123,1.6291671087554789,1.7377722801820066,2.031343914468143,0.6961376738071187,-1.3747314548676548,-1.097962017007266,2.0988809730527405,2.648589180024002,1.140110527692797
86.0,85.0,1231.014892578125,-3.401253275898775,1.6294370364722954,1.741649639187039,2.0313653395000326,0.697141757300417,-1.373241395555269,-1.0969067512404724,2.098776792289427,2.6485891839811333,1.1403044729201817
86.0,85.0,1231.015380859375,-3.401256037029865,1.577088755129051,1.7377297978846544,2.031361144291312,0.6961376738071187,-1.3763278009306996,-1.0969505855583532,2.0988809730527405,2.6485891832206625,1.1403068569905717
86.0,85.0,1231.015625,-3.401253246584962,1.6294332929794846,1.741821033546993,2.0313628188595447,0.6969963256829179,-1.3732676528449297,-1.0969067512404724,2.098776792289427,2.6485891839811333,1.1403044729201817
86.0,85.0,1231.0157470703125,-3.401256373373247,1.6294332875752735,1.7417682510996784,2.031360604415956,0.696089701589992,-1.3733399514990794,-1.0967551614648412,2.0988809730527405,2.6485891839811333,1.1403046032999595
86.0,85.0,1231.01611328125,-3.401256373373247,1.6294332929794846,1.7421641271811776,2.031361115364604,0.696089701589992,-1.3733149169623051,-1.0968128296805373,2.0988809730527405,2.6485891839811333,1.1403044729201817
86.0,85.0,1231.0162353515625,-3.4012278863582828,1.6294332929794846,1.741753326709957,2.0313628188595447,0.6969963256829179,-1.3732676528449297,-1.0968128296805373,2.0988809730527405,2.6485891839811333,1.1403044729201817
86.0,85.0,1231.016357421875,-3.401253246584962,1.6294354875045465,1.741808295862492,2.0313653395000326,0.6971875392060519,-1.3732676528449297,-1.0969067512404724,2.098776792289427,2.6485891839811333,1.1403044729201817
86.0,85.0,1231.01708984375,-3.401256373373247,1.6294332929794846,1.741753326709957,2.031361144291312,0.6969963256829179,-1.3733149169623051,-1.0968128296805373,2.0988809730527405,2.6485891839811333,1.1403044729201817
86.0,85.0,1231.0181884765625,-3.4012271430591494,1.6294216475110932,1.7422935667909447,2.0314315745015064,0.6971820949742642,-1.3732665326783662,-1.0969019442381087,2.0988311413087186,2.6485891840232942,1.140306041647549
86.0,85.0,1231.0185546875,-3.4012276681035334,1.629435472987939,1.7422935667909447,2.031431692761011,0.6971820949742642,-1.3732665326783662,-1.0969019442381087,2.098830204425618,2.648589184026259,1.140308804404713
86.0,85.0,1231.0185546875,-3.401256373373247,1.6294219023713048,1.742446622332603,2.031360604415956,0.696089701589992,-1.3733399514990794,-1.0967551614648412,2.0988809730527405,2.6485891839811333,1.140305801389168
86.0,85.0,1231.018798828125,-3.4012276681035334,1.629435472987939,1.742446578799443,2.031439530017943,0.697176334445476,-1.3732665326783662,-1.0969019442381087,2.0988826483832907,2.6485891840295155,1.140313245639351
86.0,85.0,1231.0191650390625,-3.4012276681035334,1.629435472987939,1.742446578799443,2.03143911806738,0.6971763031026034,-1.3732822705804284,-1.0969019442381087,2.098882566091906,2.648589184062229,1.140313245639351
86.0,85.0,1231.0194091796875,-3.401229249018183,1.629435472987939,1.7422935667909447,2.0314336130303814,0.6971769770432371,-1.3732665326783662,-1.096837488874789,2.0988309080611858,2.648589184026259,1.140308804404713
86.0,85.0,1231.019775390625,-3.401256373373247,1.6294219077755157,1.7424316979428816,2.031361144291312,0.6969963256829179,-1.3733149169623051,-1.0968128296805373,2.0988809730527405,2.6485891839811333,1.1403056710093902
86.0,85.0,1231.0211181640625,-3.40125146722357,1.6294332929794846,1.742295767630078,2.031361115364604,0.696089701589992,-1.373511089614194,-1.096812047520411,2.0988809730527405,2.6485891839846203,1.140308961304431
86.0,85.0,1231.0244140625,-3.4012563419111186,1.6291671087554789,1.7335818770401197,2.031343346640973,0.6970442979000447,-1.374727053852099,-1.0967984915214914,2.0988809730527405,2.6485891799917107,1.140112459806306
86.0,85.0,1231.0291748046875,-3.401251504777661,1.6294495982276167,1.7331341586906022,2.0314082027947107,0.6966325489490859,-1.3747757687495517,-1.0968355335277191,2.0988377713623385,2.648589161469169,1.1401127324221956
86.0,85.0,1231.0308837890625,-3.401251477709006,1.6294495982276167,1.7331341586906022,2.0314084116853675,0.6966325489490859,-1.3747757687495517,-1.0968355335277191,2.0985997257135267,2.648589161469169,1.1401127324221956
86.0,85.0,1231.0308837890625,-3.401251504777661,1.6294568824141311,1.7331341586906022,2.0314082279779924,0.696999959448321,-1.3747645709625622,-1.0968355335277191,2.0988508260596497,2.6485891809493496,1.1401127421999673
86.0,85.0,1231.039306640625,-3.4012563419111186,1.6291671087554789,1.7335818770401197,2.031343346640973,0.6960339669093849,-1.3760741394920537,-1.097962017007266,2.0988809730527405,2.6485891834736166,1.140110527692797
86.0,85.0,1231.0400390625,-3.4012563419111186,1.6291671087554789,1.73399267751134,2.031343317714266,0.6961376738071187,-1.3760522491103175,-1.097962017007266,2.0988809730527405,2.648589180045897,1.140110527692797
86.0,85.0,1231.0400390625,-3.4012563419111186,1.6291671087554789,1.73399267751134,2.031343317714266,0.6961376738071187,-1.3760522491103175,-1.097962017007266,2.0988809730527405,2.648589180045897,1.140110527692797
86.0,85.0,1231.0406494140625,-3.401256312597306,1.6291655597877297,1.7337405337155722,2.031343346640973,0.6960797488150197,-1.3761003967817145,-1.097962017007266,2.0988809730527405,2.6485891834736166,1.140110527692797
86.0,85.0,1231.0435791015625,-3.4012563419111186,1.6291671087554789,1.7335818770401197,2.031343346640973,0.6970442979000447,-1.3760522491103175,-1.097962017007266,2.0988809730527405,2.648589180045897,1.140110527692797
86.0,85.0,1231.05126953125,-3.4012563419111186,1.6291670914076657,1.7335742600420403,2.0313432824485176,0.6969998221478964,-1.376329803866278,-1.097962017007266,2.098880968522796,2.648589180045897,1.140110527692797
86.0,85.0,1231.05224609375,-3.4012563607092225,1.6291977552694512,1.7346582223900255,2.0313607046585447,0.6961376738071187,-1.3764158928525414,-1.098024834210334,2.0988809730527405,2.648589180000718,1.1401100592524571
86.0,85.0,1231.0533447265625,-3.401229249018183,1.6294361145168614,1.7423164472806183,2.0314336130303814,0.6969642584459739,-1.3746973218968623,-1.096837488874789,2.0987750059390864,2.648589184026259,1.1403080085064352
86.0,85.0,1231.053466796875,-3.401256384898244,1.6291945473038412,1.739413622444149,2.031361135759103,0.6969806432481688,-1.3748719059196342,-1.0969352539339128,2.096668524857926,2.648589183474344,1.1403045407127672
86.0,85.0,1231.05419921875,-3.401256401647154,1.6291784993636589,1.7343869974721922,2.031344600381808,0.6961376738071187,-1.376521614707986,-1.098019685222962,2.0988809730527405,2.6485891832206625,1.1401091992238106
86.0,85.0,1231.0543212890625,-3.4012511650526567,1.6295061189867566,1.7346505256191496,2.030261416208876,0.6966564064013749,-1.3760808666071689,-1.0969006296817074,2.098937970434444,2.6485891842939573,1.1403323590511798
86.0,85.0,1231.054443359375,-3.4012563419111186,1.629167113430196,1.73399267751134,2.031343317714266,0.6961376738071187,-1.3765449183805292,-1.097962017007266,2.098879043554951,2.64858918002376,1.140110527692797
86.0,85.0,1231.055419921875,-3.4012564720267897,1.6291945473038412,1.7346504323907386,2.0313658636350054,0.6969806432481688,-1.3760808666071689,-1.0969344717737868,2.098937742594684,2.648589183190193,1.1403383725085348
86.0,85.0,1231.0556640625,-3.4012514798432063,1.6291945473038412,1.7346076673163806,2.0313383283640496,0.6961604073749296,-1.3760808666071689,-1.0969344717737868,2.098887499451991,2.648589183477831,1.1401200858926752
86.0,85.0,1231.0556640625,-3.401229249018183,1.629453128559864,1.7427855409736075,2.0314323896732893,0.6969814203198876,-1.3746973218968623,-1.096837488874789,2.098879826741622,2.648589184026259,1.1402957673599394
86.0,85.0,1231.05615234375,-3.401256401647154,1.6291671087554789,1.7346694926236177,2.03134408943316,0.6961376738071187,-1.37654664924476,-1.097962017007266,2.0988809730527405,2.6485891832206625,1.140110527692797
86.0,85.0,1231.05615234375,-3.401256401647154,1.6291671087554789,1.7346694926236177,2.03134408943316,0.6961376738071187,-1.37654664924476,-1.097962017007266,2.0988809730527405,2.6485891832206625,1.140110527692797
86.0,85.0,1231.056396484375,-3.401256373373247,1.629170928545549,1.7346694926236177,2.031361144291312,0.6961376738071187,-1.37654664924476,-1.097962017007266,2.0988809730527405,2.6485891832206625,1.140110527692797
86.0,85.0,1231.056396484375,-3.401256435948352,1.629163514139954,1.7338960594475874,2.0313433192217887,0.6961376738071187,-1.3763115653443097,-1.0969505855583532,2.0988809730527405,2.6485891832206625,1.1403068569905717
86.0,86.0,1230.9881591796875,-3.401256435948352,1.6291990189644776,1.7346694926236177,2.031361543104988,0.6969828841189386,-1.3732672095251326,-1.0969488023492198,2.098880438491262,2.6485891831879487,1.1403088536838744
86.0,86.0,1230.9884033203125,-3.401256435948352,1.6291990189644776,1.7346694926236177,2.031361131154425,0.6969828527760661,-1.3732829474271948,-1.0969488023492198,2.098880356199877,2.6485891832206625,1.1403088536838744
86.0,86.0,1230.9886474609375,-3.401256435948352,1.6291990189644776,1.7346803205874772,2.031361131154425,0.6969601445919461,-1.3732829474271948,-1.0969488023492198,2.098880356199877,2.648589183108739,1.140298691518688
86.0,86.0,1230.98876953125,-3.401256435948352,1.6291990189644776,1.7346694926236177,2.031361543104988,0.6969828841189386,-1.3732672095251326,-1.096908801921898,2.0988788933343625,2.6485891831879487,1.1403088536838744
86.0,86.0,1230.9896240234375,-3.401256373373247,1.629170928545549,1.7415360596977716,2.031361144291312,0.6961376738071187,-1.3732464330972054,-1.097962017007266,2.0988809730527405,2.648589184034529,1.1403122889916062
86.0,86.0,1230.990234375,-3.401256372219448,1.6291537542048284,1.7416151814527103,2.0313612717270337,0.6969963256829179,-1.3729896660688667,-1.097962017007266,2.0988809730527405,2.6485891840469,1.140114230028748
86.0,86.0,1230.99365234375,-3.401256373954143,1.6294216453850607,1.734702388077497,2.0313610998009795,0.6970131013432582,-1.3732829474271948,-1.096951965357527,2.098880356199877,2.6485891840107105,1.1403088536838744
86.0,86.0,1230.9967041015625,-3.401229058322316,1.6294541459241747,1.7343930425961982,2.030961541803545,0.6971763031026034,-1.3732822705804284,-1.0969343945404764,2.0988872146592,2.648589184062229,1.1401272015938009
86.0,86.0,1230.9970703125,-3.4012563419111186,1.629434107084884,1.7335818770401197,2.031343346640973,0.6969543539989097,-1.373181249260303,-1.0967607117152274,2.0988809730527405,2.648589184007742,1.140110527692797
86.0,86.0,1230.9990234375,-3.401251184208016,1.6294495982276167,1.7331341586906022,2.031409467085275,0.6966325489490859,-1.3733736715133382,-1.096907601975703,2.0985997257135267,2.6485891631547287,1.1401127324221956
86.0,86.0,1230.999267578125,-3.40125678681734,1.6291945473038412,1.7346075740879694,2.0140387071244987,0.6961601005553917,-1.3760808666071689,-1.0969344717737868,2.0988872716122304,2.648589183477831,1.14012609935003
86.0,86.0,1231.0009765625,-3.401228057515324,1.6294364798421894,1.7426843003998655,2.031343922436782,0.6961376738071187,-1.3732610563522438,-1.097962017007266,2.098885309734821,2.648589184408892,1.140313561135366
86.0,86.0,1231.0013427734375,-3.401256373373247,1.6294219077755157,1.7424316979428816,2.031361294932081,0.6961731246895887,-1.3733991206317453,-1.0980665365082134,2.0988809730527405,2.6485891839811333,1.1403167743272498
86.0,86.0,1231.004150390625,-3.401254783553329,1.6291683434056377,1.7338617037487936,2.0313446226498075,0.6960918508756089,-1.3747226392880012,-1.097962017007266,2.0988809730527405,2.648589180045686,1.140110527692797
86.0,86.0,1231.0047607421875,-3.401254783553329,1.6291662916377978,1.7339918383145727,2.031343922436782,0.6961603819912386,-1.3747367636701833,-1.097962017007266,2.0988809730527405,2.64858918015761,1.1401206898579832
86.0,86.0,1231.0048828125,-3.401254783553329,1.6291662916377978,1.7340026662784322,2.031343922436782,0.6961376738071187,-1.3747367636701833,-1.097962017007266,2.0988809730527405,2.648589180045686,1.140110527692797
86.0,86.0,1231.006103515625,-3.4012564720267897,1.6295061189867566,1.7346504323907386,2.012961794969325,0.6966560995818369,-1.3760808666071689,-1.0969006296817074,2.098937742594684,2.6485891842939573,1.1403383725085348
86.0,86.0,1231.006103515625,-3.4012547817269034,1.6291658762916228,1.7347119749209698,2.031343922436782,0.6961376738071187,-1.3747314548676548,-1.097962017007266,2.0988809730527405,2.6485891800235266,1.1401129418274425
86.0,86.0,1231.0062255859375,-3.4012547750401,1.6291663438008817,1.7347119749209698,2.031343922436782,0.6961376738071187,-1.3747314548676548,-1.097962017007266,2.0988809730527405,2.6485891800235266,1.140110527692797
86.0,86.0,1231.0062255859375,-3.4012548360951285,1.6291671392814424,1.7347119749209698,2.031343922436782,0.6961376738071187,-1.3747314548676548,-1.097962017007266,2.0988809730527405,2.6485891800235266,1.140110527692797
86.0,86.0,1231.0107421875,-3.401253246584962,1.6292037191435027,1.741808295862492,2.0313659117018346,0.6971875392060519,-1.3732676528449297,-1.0969339051058842,2.098776792289427,2.648589183998152,1.1403044729201817
86.0,86.0,1231.013916015625,-3.401255396598557,1.6291758743676052,1.7426611102912142,2.014516283388334,0.6961601005553917,-1.3760808666071689,-1.096902021471419,2.098882623044936,2.648589183477831,1.1403121433955803
86.0,86.0,1231.013916015625,-3.401256373373247,1.6294309716062578,1.7415360596977716,2.031361144291312,0.6961388955021778,-1.3732464330972054,-1.0966735331980777,2.0988809730527405,2.648589184038061,1.140312352946041
86.0,86.0,1231.014404296875,-3.4012543761216123,1.6291629448131708,1.7377722801820066,2.031343922436782,0.6961376738071187,-1.374706607296444,-1.0979354620263777,2.0988809730527405,2.6485891800235266,1.1401096193297804
86.0,86.0,1231.0147705078125,-3.4012543761216123,1.6291671087554789,1.7377722801820066,2.031343922436782,0.6961376738071187,-1.3747314548676548,-1.097962017007266,2.0988809730527405,2.6485891800235266,1.140110527692797
86.0,86.0,1231.0147705078125,-3.4012543761216123,1.6291671087554789,1.7377722801820066,2.031343914468143,0.6961376738071187,-1.3747314548676548,-1.097962017007266,2.0988809730527405,2.648589180024002,1.140110527692797
86.0,86.0,1231.014892578125,-3.401253275898775,1.6294370364722954,1.741649639187039,2.0313653395000326,0.697141757300417,-1.373241395555269,-1.0969067512404724,2.098776792289427,2.6485891839811333,1.1403044729201817
86.0,86.0,1231.014892578125,-3.401253275898775,1.6294370364722954,1.741649639187039,2.0313653395000326,0.697141757300417,-1.373241395555269,-1.0969067512404724,2.098776792289427,2.6485891839811333,1.1403044729201817
86.0,86.0,1231.015380859375,-3.401256037029865,1.577088755129051,1.7377297978846544,2.031361144291312,0.6961376738071187,-1.3763278009306996,-1.0969505855583532,2.0988809730527405,2.6485891832206625,1.1403068569905717
86.0,86.0,1231.015625,-3.401253246584962,1.6294332929794846,1.741821033546993,2.0313628188595447,0.6969963256829179,-1.3732676528449297,-1.0969067512404724,2.098776792289427,2.6485891839811333,1.1403044729201817
86.0,86.0,1231.0157470703125,-3.401256373373247,1.6294332875752735,1.7417682510996784,2.031360604415956,0.696089701589992,-1.3733399514990794,-1.0967551614648412,2.0988809730527405,2.6485891839811333,1.1403046032999595
86.0,86.0,1231.0157470703125,-3.401256373373247,1.6294332875752735,1.7417682510996784,2.031360604415956,0.696089701589992,-1.3733399514990794,-1.0967551614648412,2.0988809730527405,2.6485891839811333,1.1403046032999595
86.0,86.0,1231.01611328125,-3.401256373373247,1.6294332929794846,1.7421641271811776,2.031361115364604,0.696089701589992,-1.3733149169623051,-1.0968128296805373,2.0988809730527405,2.6485891839811333,1.1403044729201817
86.0,86.0,1231.0162353515625,-3.4012278863582828,1.6294332929794846,1.741753326709957,2.0313628188595447,0.6969963256829179,-1.3732676528449297,-1.0968128296805373,2.0988809730527405,2.6485891839811333,1.1403044729201817
86.0,86.0,1231.016357421875,-3.401253246584962,1.6294354875045465,1.741808295862492,2.0313653395000326,0.6971875392060519,-1.3732676528449297,-1.0969067512404724,2.098776792289427,2.6485891839811333,1.1403044729201817
86.0,86.0,1231.01708984375,-3.401256373373247,1.6294332929794846,1.741753326709957,2.031361144291312,0.6969963256829179,-1.3733149169623051,-1.0968128296805373,2.0988809730527405,2.6485891839811333,1.1403044729201817
86.0,86.0,1231.0181884765625,-3.4012271430591494,1.6294216475110932,1.7422935667909447,2.0314315745015064,0.6971820949742642,-1.3732665326783662,-1.0969019442381087,2.0988311413087186,2.6485891840232942,1.140306041647549
86.0,86.0,1231.0185546875,-3.4012276681035334,1.629435472987939,1.7422935667909447,2.031431692761011,0.6971820949742642,-1.3732665326783662,-1.0969019442381087,2.098830204425618,2.648589184026259,1.140308804404713
86.0,86.0,1231.0185546875,-3.401256373373247,1.6294219023713048,1.742446622332603,2.031360604415956,0.696089701589992,-1.3733399514990794,-1.0967551614648412,2.0988809730527405,2.6485891839811333,1.140305801389168
86.0,86.0,1231.0185546875,-3.4012276681035334,1.629435472987939,1.742461527923971,2.0314391802672924,0.6971348973724875,-1.3732665326783662,-1.096896430621982,2.0988826483832907,2.6485891840295155,1.1403225613045966
86.0,86.0,1231.018798828125,-3.4012276681035334,1.629435472987939,1.742446578799443,2.031439530017943,0.697176334445476,-1.3732665326783662,-1.0969019442381087,2.0988826483832907,2.6485891840295155,1.140313245639351
86.0,86.0,1231.018798828125,-3.401256104097496,1.629421654278323,1.7424316979428816,2.031429495114387,0.6969963256829179,-1.3733149169623051,-1.0969055435554065,2.098883695371328,2.648589184020313,1.1403056710093902
86.0,86.0,1231.0191650390625,-3.4012276681035334,1.629435472987939,1.742446578799443,2.03143911806738,0.6971763031026034,-1.3732822705804284,-1.0969019442381087,2.098882566091906,2.648589184062229,1.140313245639351
86.0,86.0,1231.0191650390625,-3.4012274123349004,1.6294219010082858,1.7422935667909447,2.0313632236784303,0.6971820949742642,-1.3732665326783662,-1.0968092303632395,2.098828418990131,2.6485891839841145,1.140306041647549
86.0,86.0,1231.0194091796875,-3.401229249018183,1.629435472987939,1.7422935667909447,2.0314336130303814,0.6971769770432371,-1.3732665326783662,-1.096837488874789,2.0988309080611858,2.648589184026259,1.140308804404713
86.0,86.0,1231.0194091796875,-3.401229249018183,1.629435472987939,1.7422935667909447,2.0314336130303814,0.6971769770432371,-1.3732665326783662,-1.096837488874789,2.0988309080611858,2.648589184026259,1.140308804404713
86.0,86.0,1231.019775390625,-3.401256373373247,1.6294219077755157,1.7424316979428816,2.031361144291312,0.6969963256829179,-1.3733149169623051,-1.0968128296805373,2.0988809730527405,2.6485891839811333,1.1403056710093902
86.0,86.0,1231.0211181640625,-3.40125146722357,1.6294332929794846,1.742295767630078,2.031361115364604,0.696089701589992,-1.373511089614194,-1.096812047520411,2.0988809730527405,2.6485891839846203,1.140308961304431
86.0,86.0,1231.022216796875,-3.40125146722357,1.6294312412116447,1.7424367301597168,2.0313604151515787,0.6961355245215017,-1.3735252139963765,-1.096812047520411,2.0988809730527405,2.6485891839846203,1.140308961304431
86.0,86.0,1231.0244140625,-3.4012563419111186,1.6291671087554789,1.7335818770401197,2.031343346640973,0.6970442979000447,-1.374727053852099,-1.0967984915214914,2.0988809730527405,2.6485891799917107,1.140112459806306
86.0,87.0,1230.818115234375,-3.401256037029865,1.577088755129051,1.7377297978846544,2.031361144291312,0.6961376738071187,-1.373268558180404,-1.0969101062114608,2.0988809730527405,2.6485891832206625,1.140311671421612
86.0,87.0,1230.9578857421875,-3.4012564720267897,1.6295061189867566,1.7346504323907386,2.012961794969325,0.6966560995818369,-1.3734821446568,-1.0969006296817074,2.098937742594684,2.6485891842939573,1.1403383725085348
86.0,87.0,1230.9700927734375,-3.401256435105466,1.6291537542048284,1.7349638198356798,2.0313612717270337,0.6969822407878254,-1.3729896660688667,-1.09796397880391,2.098880282025135,2.6485891840469,1.1401169301908425
86.0,87.0,1230.981201171875,-3.4012548500773447,1.629524785989758,1.7346504323907386,2.012961794969325,0.6966560995818369,-1.374807673108823,-1.096869796134142,2.098937742594684,2.6485891842939573,1.1403383725085348
86.0,87.0,1230.98779296875,-3.4012564172215187,1.6291990189644776,1.734353011491151,2.031361543104988,0.6969873263543435,-1.3732672095251326,-1.0969489018610543,2.098880438491262,2.6485891830970867,1.1403045171737134
86.0,87.0,1230.9879150390625,-3.401256435948352,1.6291915736690117,1.7346684155631538,2.0313610959036947,0.6969830793128928,-1.3732672095251326,-1.0969520565006698,2.098880438491262,2.6485891831976733,1.1403088536838744
86.0,87.0,1230.988037109375,-3.4012543761216123,1.629438609606363,1.7377722801820066,2.0313601730798734,0.6961375799081458,-1.3733810262352797,-1.097962017007266,2.0988809730527405,2.648589179760111,1.140110527692797
86.0,87.0,1230.9881591796875,-3.401256435948352,1.6291990189644776,1.7346694926236177,2.031361543104988,0.6969828841189386,-1.3732672095251326,-1.0969488023492198,2.098880438491262,2.6485891831879487,1.1403088536838744
86.0,87.0,1230.9884033203125,-3.401256435948352,1.6291990189644776,1.7346694926236177,2.031361131154425,0.6969828527760661,-1.3732829474271948,-1.0969488023492198,2.098880356199877,2.6485891832206625,1.1403088536838744
86.0,87.0,1230.9886474609375,-3.401256435948352,1.6291990189644776,1.7346803205874772,2.031361131154425,0.6969601445919461,-1.3732829474271948,-1.0969488023492198,2.098880356199877,2.648589183108739,1.140298691518688
86.0,87.0,1230.98876953125,-3.401256435948352,1.6291990189644776,1.7346694926236177,2.031361543104988,0.6969828841189386,-1.3732672095251326,-1.096908801921898,2.0988788933343625,2.6485891831879487,1.1403088536838744
86.0,87.0,1230.98876953125,-3.401256435948352,1.6291990189644776,1.7346694926236177,2.031361543104988,0.6969828841189386,-1.3732672095251326,-1.096908801921898,2.0988788933343625,2.6485891831879487,1.1403088536838744
86.0,87.0,1230.9896240234375,-3.401256373373247,1.629170928545549,1.7415360596977716,2.031361144291312,0.6961376738071187,-1.3732464330972054,-1.097962017007266,2.0988809730527405,2.648589184034529,1.1403122889916062
86.0,87.0,1230.9896240234375,-3.401254809718647,1.6291709071701346,1.7415360596977716,2.031361144291312,0.6961376738071187,-1.3732464330972054,-1.097962017007266,2.0988809730527405,2.648589184034529,1.1403122889916062
86.0,87.0,1230.990234375,-3.401256372219448,1.6291537542048284,1.7416151814527103,2.0313612717270337,0.6969963256829179,-1.3729896660688667,-1.097962017007266,2.0988809730527405,2.6485891840469,1.140114230028748
86.0,87.0,1230.9908447265625,-3.401254819134811,1.629197431245571,1.734712363121046,2.0313606879408983,0.6969434076212815,-1.3733967946818202,-1.0969488023492198,2.0988809719050887,2.648589183108739,1.140298081426108
86.0,87.0,1230.99365234375,-3.401256373954143,1.6294216453850607,1.734702388077497,2.0313610998009795,0.6970131013432582,-1.3732829474271948,-1.096951965357527,2.098880356199877,2.6485891840107105,1.1403088536838744
86.0,87.0,1230.993896484375,-3.401256373954143,1.629429090680527,1.7347034651379607,2.031361547002273,0.697012906149304,-1.3732829474271948,-1.096948711206077,2.098880356199877,2.6485891840009863,1.1403088536838744
86.0,87.0,1230.9947509765625,-3.4012563419111186,1.629434638396153,1.7347157559048971,2.031361783065715,0.6969543539989097,-1.373181249260303,-1.0967607117152274,2.098880957048158,2.648589184007742,1.1403043880306083
86.0,87.0,1230.9967041015625,-3.401229058322316,1.6294541459241747,1.7343930425961982,2.030961541803545,0.6971763031026034,-1.3732822705804284,-1.0969343945404764,2.0988872146592,2.648589184062229,1.1401272015938009
86.0,87.0,1230.9967041015625,-3.401229058322316,1.6294541459241747,1.7343930425961982,2.030961541803545,0.6971763031026034,-1.3732822705804284,-1.0969343945404764,2.0988872146592,2.648589184062229,1.1401272015938009
86.0,87.0,1230.9970703125,-3.4012563419111186,1.629434107084884,1.7335818770401197,2.031343346640973,0.6969543539989097,-1.373181249260303,-1.0967607117152274,2.0988809730527405,2.648589184007742,1.140110527692797
86.0,87.0,1230.9990234375,-3.401251184208016,1.6294495982276167,1.7331341586906022,2.031409467085275,0.6966325489490859,-1.3733736715133382,-1.096907601975703,2.0985997257135267,2.6485891631547287,1.1401127324221956
86.0,87.0,1230.9990234375,-3.401253275898775,1.6294372418602026,1.741649639187039,2.031366716333116,0.697141757300417,-1.373180086863296,-1.0981319464946435,2.098884467925126,2.6485891839156936,1.1401152894430255
86.0,87.0,1230.999267578125,-3.40125678681734,1.6291945473038412,1.7346075740879694,2.0140387071244987,0.6961601005553917,-1.3760808666071689,-1.0969344717737868,2.0988872716122304,2.648589183477831,1.14012609935003
86.0,87.0,1230.999267578125,-3.40125678681734,1.6291945473038412,1.7346075740879694,2.0140387071244987,0.6961601005553917,-1.3760808666071689,-1.0969344717737868,2.0988872716122304,2.648589183477831,1.14012609935003
86.0,87.0,1231.0009765625,-3.401228057515324,1.6294364798421894,1.7426843003998655,2.031343922436782,0.6961376738071187,-1.3732610563522438,-1.097962017007266,2.098885309734821,2.648589184408892,1.140313561135366
86.0,87.0,1231.0009765625,-3.401228057515324,1.6294364798421894,1.7426843003998655,2.031343922436782,0.6961376738071187,-1.3732610563522438,-1.097962017007266,2.098885309734821,2.648589184408892,1.140313561135366
86.0,87.0,1231.0013427734375,-3.401256373373247,1.6294219077755157,1.7424316979428816,2.031361294932081,0.6961731246895887,-1.3733991206317453,-1.0980665365082134,2.0988809730527405,2.6485891839811333,1.1403167743272498
86.0,87.0,1231.0013427734375,-3.401256373373247,1.6294219077755157,1.7424316979428816,2.031361294932081,0.6961731246895887,-1.3733991206317453,-1.0980665365082134,2.0988809730527405,2.6485891839811333,1.1403167743272498
86.0,87.0,1231.004150390625,-3.401254783553329,1.6291683434056377,1.7338617037487936,2.0313446226498075,0.6960918508756089,-1.3747226392880012,-1.097962017007266,2.0988809730527405,2.648589180045686,1.140110527692797
86.0,87.0,1231.0047607421875,-3.401254783553329,1.6291662916377978,1.7339918383145727,2.031343922436782,0.6961603819912386,-1.3747367636701833,-1.097962017007266,2.0988809730527405,2.64858918015761,1.1401206898579832
86.0,87.0,1231.0048828125,-3.401254783553329,1.6291662916377978,1.7340026662784322,2.031343922436782,0.6961376738071187,-1.3747367636701833,-1.097962017007266,2.0988809730527405,2.648589180045686,1.140110527692797
86.0,87.0,1231.00537109375,-3.401227126513992,1.6294216475110932,1.7426796388024546,2.0314315745015064,0.6971820949742642,-1.3732664983668277,-1.0979331136356798,2.0988311413087186,2.6485891840232942,1.140306041647549
86.0,87.0,1231.006103515625,-3.4012564720267897,1.6295061189867566,1.7346504323907386,2.012961794969325,0.6966560995818369,-1.3760808666071689,-1.0969006296817074,2.098937742594684,2.6485891842939573,1.1403383725085348
86.0,87.0,1231.006103515625,-3.4012547817269034,1.6291658762916228,1.7347119749209698,2.031343922436782,0.6961376738071187,-1.3747314548676548,-1.097962017007266,2.0988809730527405,2.6485891800235266,1.1401129418274425
86.0,87.0,1231.006103515625,-3.4012547817269034,1.6291660139353008,1.7347119749209698,2.031343922436782,0.6961376738071187,-1.3747314548676548,-1.0979622485462257,2.0988809730527405,2.6485891800235266,1.1401129289378642
86.0,87.0,1231.0062255859375,-3.4012547750401,1.6291663438008817,1.7347119749209698,2.031343922436782,0.6961376738071187,-1.3747314548676548,-1.097962017007266,2.0988809730527405,2.6485891800235266,1.140110527692797
86.0,87.0,1231.0062255859375,-3.4012548360951285,1.6291671392814424,1.7347119749209698,2.031343922436782,0.6961376738071187,-1.3747314548676548,-1.097962017007266,2.0988809730527405,2.6485891800235266,1.140110527692797
86.0,87.0,1231.009765625,-3.401256436020118,1.6294309716062578,1.7415360596977716,2.031361144291312,0.6961388955021778,-1.3732464330972054,-1.0969482736151046,2.0988809730527405,2.648589184038061,1.140312352946041
86.0,87.0,1231.0107421875,-3.401253246584962,1.6292037191435027,1.741808295862492,2.0313659117018346,0.6971875392060519,-1.3732676528449297,-1.0969339051058842,2.098776792289427,2.648589183998152,1.1403044729201817
86.0,87.0,1231.0120849609375,-3.401253265311796,1.6292037191435027,1.7421247769949588,2.0313659117018346,0.6971830969706471,-1.3732676528449297,-1.0969338055940494,2.098776792289427,2.648589184089014,1.1403088094303426
86.0,87.0,1231.013916015625,-3.401255396598557,1.6291758743676052,1.7426611102912142,2.014516283388334,0.6961601005553917,-1.3760808666071689,-1.096902021471419,2.098882623044936,2.648589183477831,1.1403121433955803
86.0,87.0,1231.013916015625,-3.401256373373247,1.6294309716062578,1.7415360596977716,2.031361144291312,0.6961388955021778,-1.3732464330972054,-1.0966735331980777,2.0988809730527405,2.648589184038061,1.140312352946041
86.0,87.0,1231.013916015625,-3.401228074060482,1.6294364798421894,1.742298228388356,2.031343922436782,0.6961376738071187,-1.3732610906637823,-1.0969308476096948,2.098885309734821,2.648589184408892,1.140313561135366
86.0,87.0,1231.014404296875,-3.4012543761216123,1.6291629448131708,1.7377722801820066,2.031343922436782,0.6961376738071187,-1.374706607296444,-1.0979354620263777,2.0988809730527405,2.6485891800235266,1.1401096193297804
86.0,87.0,1231.0147705078125,-3.4012543761216123,1.6291671087554789,1.7377722801820066,2.031343922436782,0.6961376738071187,-1.3747314548676548,-1.097962017007266,2.0988809730527405,2.6485891800235266,1.140110527692797
86.0,87.0,1231.0147705078125,-3.4012543761216123,1.6291671087554789,1.7377722801820066,2.031343914468143,0.6961376738071187,-1.3747314548676548,-1.097962017007266,2.0988809730527405,2.648589180024002,1.140110527692797
86.0,87.0,1231.014892578125,-3.401253275898775,1.6294370364722954,1.741649639187039,2.0313653395000326,0.697141757300417,-1.373241395555269,-1.0969067512404724,2.098776792289427,2.6485891839811333,1.1403044729201817
86.0,87.0,1231.014892578125,-3.401253275898775,1.6294370364722954,1.741649639187039,2.0313653395000326,0.697141757300417,-1.373241395555269,-1.0969067512404724,2.098776792289427,2.6485891839811333,1.1403044729201817
86.0,88.0,1230.818115234375,-3.401256037029865,1.577088755129051,1.7377297978846544,2.031361144291312,0.6961376738071187,-1.373268558180404,-1.0969101062114608,2.0988809730527405,2.6485891832206625,1.140311671421612
86.0,88.0,1230.8375244140625,-3.401256023847356,1.57471854288108,1.7377297978846544,2.031361265780488,0.6969967687597702,-1.3732904298499158,-1.0979268651724103,2.0988809730527405,2.648589184000965,1.140313140404137
86.0,88.0,1230.9578857421875,-3.4012564720267897,1.6295061189867566,1.7346504323907386,2.012961794969325,0.6966560995818369,-1.3734821446568,-1.0969006296817074,2.098937742594684,2.6485891842939573,1.1403383725085348
86.0,88.0,1230.96630859375,-3.401256456097496,1.629506193050563,1.7412895198726934,2.0128789206759867,0.6966560995818369,-1.373481187709807,-1.0969006296817074,2.098890192739215,2.6485891842939573,1.1403113178066
86.0,88.0,1230.9678955078125,-3.401254825647941,1.6291708331063284,1.7348969722158167,2.03144401858465,0.6961376738071187,-1.3732473900441986,-1.097962017007266,2.0989285229082086,2.648589184034529,1.140339343693541
86.0,88.0,1230.9700927734375,-3.401256435105466,1.6291537542048284,1.7349638198356798,2.0313612717270337,0.6969822407878254,-1.3729896660688667,-1.09796397880391,2.098880282025135,2.6485891840469,1.1401169301908425
86.0,88.0,1230.9735107421875,-3.401253275898775,1.628162710021254,1.741649639187039,2.031366716333116,0.697141757300417,-1.3732681263553348,-1.0981319464946435,2.098884467925126,2.6485891831898734,1.140114468413825
86.0,88.0,1230.9774169921875,-3.401256435105466,1.629163030433048,1.73788598686828,2.0313612717270337,0.6969822407878254,-1.3729896660688667,-1.0979374919662657,2.0988810162123386,2.6485891838333258,1.140117146074799
86.0,88.0,1230.981201171875,-3.4012548500773447,1.629524785989758,1.7346504323907386,2.012961794969325,0.6966560995818369,-1.374807673108823,-1.096869796134142,2.098937742594684,2.6485891842939573,1.1403383725085348
86.0,88.0,1230.984619140625,-3.401254918326347,1.6291663438008817,1.7347126701071232,2.0313605609746705,0.6961376738071187,-1.37331386454113,-1.0969398847749263,2.098880976463324,2.6485891800235266,1.14031297343478
86.0,88.0,1230.98779296875,-3.4012564172215187,1.6291990189644776,1.734353011491151,2.031361543104988,0.6969873263543435,-1.3732672095251326,-1.0969489018610543,2.098880438491262,2.6485891830970867,1.1403045171737134
86.0,88.0,1230.9879150390625,-3.401256435948352,1.6291915736690117,1.7346684155631538,2.0313610959036947,0.6969830793128928,-1.3732672095251326,-1.0969520565006698,2.098880438491262,2.6485891831976733,1.1403088536838744
86.0,88.0,1230.988037109375,-3.4012543761216123,1.629438609606363,1.7377722801820066,2.0313601730798734,0.6961375799081458,-1.3733810262352797,-1.097962017007266,2.0988809730527405,2.648589179760111,1.140110527692797
86.0,88.0,1230.9881591796875,-3.401256435948352,1.6291990189644776,1.7346694926236177,2.031361543104988,0.6969828841189386,-1.3732672095251326,-1.0969488023492198,2.098880438491262,2.6485891831879487,1.1403088536838744
86.0,88.0,1230.9884033203125,-3.401256435948352,1.6291990189644776,1.7346694926236177,2.031361131154425,0.6969828527760661,-1.3732829474271948,-1.0969488023492198,2.098880356199877,2.6485891832206625,1.1403088536838744
86.0,88.0,1230.9886474609375,-3.401256435948352,1.6291990189644776,1.7346803205874772,2.031361131154425,0.6969601445919461,-1.3732829474271948,-1.0969488023492198,2.098880356199877,2.648589183108739,1.140298691518688
86.0,88.0,1230.98876953125,-3.401256435948352,1.6291990189644776,1.7346694926236177,2.031361543104988,0.6969828841189386,-1.3732672095251326,-1.096908801921898,2.0988788933343625,2.6485891831879487,1.1403088536838744
86.0,88.0,1230.98876953125,-3.401256435948352,1.6291990189644776,1.7346694926236177,2.031361543104988,0.6969828841189386,-1.3732672095251326,-1.096908801921898,2.0988788933343625,2.6485891831879487,1.1403088536838744
86.0,88.0,1230.989501953125,-3.4012564172215187,1.6291989719013702,1.7346179690720145,2.031361543104988,0.6969873263543435,-1.3731586021936553,-1.0969489018610543,2.098880438491262,2.648589183098287,1.1401255569261013
86.0,88.0,1230.9896240234375,-3.401256373373247,1.629170928545549,1.7415360596977716,2.031361144291312,0.6961376738071187,-1.3732464330972054,-1.097962017007266,2.0988809730527405,2.648589184034529,1.1403122889916062
86.0,88.0,1230.9896240234375,-3.401254809718647,1.6291709071701346,1.7415360596977716,2.031361144291312,0.6961376738071187,-1.3732464330972054,-1.097962017007266,2.0988809730527405,2.648589184034529,1.1403122889916062
86.0,88.0,1230.990234375,-3.401256372219448,1.6291537542048284,1.7416151814527103,2.0313612717270337,0.6969963256829179,-1.3729896660688667,-1.097962017007266,2.0988809730527405,2.6485891840469,1.140114230028748
86.0,88.0,1230.9908447265625,-3.401254819134811,1.629197431245571,1.734712363121046,2.0313606879408983,0.6969434076212815,-1.3733967946818202,-1.0969488023492198,2.0988809719050887,2.648589183108739,1.140298081426108
86.0,88.0,1230.9935302734375,-3.401256373954143,1.6294216453850607,1.734702388077497,2.031344029643241,0.6970131013432582,-1.3732829474271948,-1.096951965357527,2.098880356199877,2.648589180398985,1.1403088536838744
86.0,88.0,1230.9935302734375,-3.401256373954143,1.629429090680527,1.7347029684136246,2.0313615721219813,0.697012906149304,-1.3732673244388027,-1.096948711206077,2.098880435181344,2.6485891840009863,1.1403088536838744
86.0,88.0,1230.99365234375,-3.401256373954143,1.6294216453850607,1.734702388077497,2.0313610998009795,0.6970131013432582,-1.3732829474271948,-1.096951965357527,2.098880356199877,2.6485891840107105,1.1403088536838744
86.0,88.0,1230.993896484375,-3.401256373954143,1.629429090680527,1.7347034651379607,2.031361547002273,0.697012906149304,-1.3732829474271948,-1.096948711206077,2.098880356199877,2.6485891840009863,1.1403088536838744
86.0,88.0,1230.9947509765625,-3.4012563419111186,1.629434638396153,1.7347157559048971,2.031361783065715,0.6969543539989097,-1.373181249260303,-1.0967607117152274,2.098880957048158,2.648589184007742,1.1403043880306083
86.0,88.0,1230.994873046875,-3.401256373954143,1.6294216474212566,1.734702388077497,2.0313610998009795,0.6971756973555671,-1.3732834667109657,-1.096951965357527,2.098829885417817,2.648589184010373,1.140308763118768
86.0,88.0,1230.9949951171875,-3.401256344470485,1.6295061189867566,1.7346504323907386,2.0311800386927024,0.6969514093233767,-1.3733290588893556,-1.0969006296817074,2.0989383350986763,2.648589184303676,1.140338523386207
86.0,88.0,1230.9957275390625,-3.4012562094503003,1.629434638396153,1.7343970215108853,2.030950425635889,0.6969543539989097,-1.373181249260303,-1.0967607117152274,2.098880957048158,2.648589184007823,1.1401268830122355
86.0,88.0,1230.9967041015625,-3.401229058322316,1.6294541459241747,1.7343930425961982,2.030961541803545,0.6971763031026034,-1.3732822705804284,-1.0969343945404764,2.0988872146592,2.648589184062229,1.1401272015938009
86.0,88.0,1230.9967041015625,-3.401229058322316,1.6294541459241747,1.7343930425961982,2.030961541803545,0.6971763031026034,-1.3732822705804284,-1.0969343945404764,2.0988872146592,2.648589184062229,1.1401272015938009
86.0,88.0,1230.9970703125,-3.4012563419111186,1.629434107084884,1.7335818770401197,2.031343346640973,0.6969543539989097,-1.373181249260303,-1.0967607117152274,2.0988809730527405,2.648589184007742,1.140110527692797
86.0,88.0,1230.9970703125,-3.4012562087390066,1.629434107084884,1.7335818770401197,2.031343346640973,0.6961588462564887,-1.3733760169226972,-1.0967607117152274,2.0988809730527405,2.648589179825892,1.140110527692797
86.0,88.0,1230.997802734375,-3.401256373954143,1.6294287520446735,1.7347034651379607,2.031361547002273,0.697012906149304,-1.3733854608131189,-1.0969482221769398,2.09861906906056,2.6485891840009863,1.1403088536838744
86.0,88.0,1230.9979248046875,-3.40125678681734,1.6291945943669486,1.734342616507106,2.0140387071244987,0.6961601005553917,-1.3761894739386464,-1.0969344717737868,2.0988872716122304,2.64858918347663,1.1403050595976418
86.0,88.0,1230.998046875,-3.401256435948352,1.6295036944658063,1.7346699326713029,2.031457341085684,0.6966656716147857,-1.373493095591008,-1.0969500252130868,2.098880356199877,2.64858918431528,1.1403400340247771
86.0,88.0,1230.9990234375,-3.401251184208016,1.6294495982276167,1.7331341586906022,2.031409467085275,0.6966325489490859,-1.3733736715133382,-1.096907601975703,2.0985997257135267,2.6485891631547287,1.1401127324221956
86.0,88.0,1230.9990234375,-3.401253275898775,1.6294372418602026,1.741649639187039,2.031366716333116,0.697141757300417,-1.373180086863296,-1.0981319464946435,2.098884467925126,2.6485891839156936,1.1401152894430255
86.0,88.0,1230.999267578125,-3.40125678681734,1.6291945473038412,1.7346075740879694,2.0140387071244987,0.6961601005553917,-1.3760808666071689,-1.0969344717737868,2.0988872716122304,2.648589183477831,1.14012609935003
86.0,88.0,1230.999267578125,-3.40125678681734,1.6291945473038412,1.7346075740879694,2.0140387071244987,0.6961601005553917,-1.3760808666071689,-1.0969344717737868,2.0988872716122304,2.648589183477831,1.14012609935003
86.0,88.0,1230.999267578125,-3.40125678681734,1.6291945473038412,1.7346075740879694,2.0140387071244987,0.6961601005553917,-1.3760808666071689,-1.0969344717737868,2.0988872716122304,2.648589183477831,1.14012609935003
86.0,88.0,1231.0009765625,-3.401228057515324,1.6294364798421894,1.7426843003998655,2.031343922436782,0.6961376738071187,-1.3732610563522438,-1.097962017007266,2.098885309734821,2.648589184408892,1.140313561135366
86.0,88.0,1231.0009765625,-3.401228057515324,1.6294364798421894,1.7426843003998655,2.031343922436782,0.6961376738071187,-1.3732610563522438,-1.097962017007266,2.098885309734821,2.648589184408892,1.140313561135366
86.0,88.0,1231.0013427734375,-3.401256373373247,1.6294219077755157,1.7424316979428816,2.031361294932081,0.6961731246895887,-1.3733991206317453,-1.0980665365082134,2.0988809730527405,2.6485891839811333,1.1403167743272498
86.0,88.0,1231.0013427734375,-3.401256373373247,1.6294219077755157,1.7424316979428816,2.031361294932081,0.6961731246895887,-1.3733991206317453,-1.0980665365082134,2.0988809730527405,2.6485891839811333,1.1403167743272498
86.0,88.0,1231.004150390625,-3.401254783553329,1.6291683434056377,1.7338617037487936,2.0313446226498075,0.6960918508756089,-1.3747226392880012,-1.097962017007266,2.0988809730527405,2.648589180045686,1.140110527692797
86.0,88.0,1231.0045166015625,-3.401227126513992,1.6294216454748975,1.7426796388024546,2.0314315745015064,0.6970194989619555,-1.3732659790830564,-1.0979331136356798,2.098881612090779,2.648589184023632,1.140306132212655
86.0,88.0,1231.0047607421875,-3.401254783553329,1.6291662916377978,1.7339918383145727,2.031343922436782,0.6961603819912386,-1.3747367636701833,-1.097962017007266,2.0988809730527405,2.64858918015761,1.1401206898579832
86.0,89.0,1230.818115234375,-3.401256037029865,1.577088755129051,1.7377297978846544,2.031361144291312,0.6961376738071187,-1.373268558180404,-1.0969101062114608,2.0988809730527405,2.6485891832206625,1.140311671421612
86.0,89.0,1230.8375244140625,-3.401256023847356,1.57471854288108,1.7377297978846544,2.031361265780488,0.6969967687597702,-1.3732904298499158,-1.0979268651724103,2.0988809730527405,2.648589184000965,1.140313140404137
86.0,89.0,1230.8408203125,-3.401256023847356,1.57471854288108,1.737643659133803,2.031361265780488,0.6969983454868589,-1.3732891186155307,-1.096902589330881,2.0988809730408686,2.6485891840016444,1.140313140404137
86.0,89.0,1230.9476318359375,-3.401256456097496,1.6294416381227954,1.7376969837736662,2.0128789206759867,0.6966560995818369,-1.373481187709807,-1.0979671383496357,2.098890192739215,2.6485891842939573,1.1401093446149109
86.0,89.0,1230.9542236328125,-3.401256456097496,1.6291698998959958,1.7412729824650237,2.0128789206759867,0.6961387264822159,-1.3734667171371813,-1.0969006296817074,2.0988810007599845,2.648589184032712,1.1403113178066
86.0,89.0,1230.956298828125,-3.4012548500773447,1.629524785989758,1.7346504323907386,2.012961794969325,0.6966528036947216,-1.3733092758827494,-1.096869796134142,2.098937742594684,2.6485891842907834,1.1403383725085348
86.0,89.0,1230.9576416015625,-3.4012564720267897,1.6295059217942416,1.7346504323907386,2.012961794969325,0.6966560995818369,-1.3734821446568,-1.0969006296817074,2.098937742594684,2.6485891839127595,1.140349794841762
86.0,89.0,1230.9578857421875,-3.4012564720267897,1.6295061189867566,1.7346504323907386,2.012961794969325,0.6966560995818369,-1.3734821446568,-1.0969006296817074,2.098937742594684,2.6485891842939573,1.1403383725085348
86.0,89.0,1230.96630859375,-3.401256456097496,1.629506193050563,1.7412895198726934,2.0128789206759867,0.6966560995818369,-1.373481187709807,-1.0969006296817074,2.098890192739215,2.6485891842939573,1.1403113178066
86.0,89.0,1230.9678955078125,-3.401254825647941,1.6291708331063284,1.7348969722158167,2.03144401858465,0.6961376738071187,-1.3732473900441986,-1.097962017007266,2.0989285229082086,2.648589184034529,1.140339343693541
86.0,89.0,1230.9681396484375,-3.4012548500773447,1.629524785989758,1.7346267962515864,2.012961794969325,0.6966560995818369,-1.374807673108823,-1.0982035154106786,2.098937742594684,2.648589183175652,1.1401179929083232
86.0,89.0,1230.9700927734375,-3.401256435105466,1.6291537542048284,1.7349638198356798,2.0313612717270337,0.6969822407878254,-1.3729896660688667,-1.09796397880391,2.098880282025135,2.6485891840469,1.1401169301908425
86.0,89.0,1230.9735107421875,-3.401253275898775,1.628162710021254,1.741649639187039,2.031366716333116,0.697141757300417,-1.3732681263553348,-1.0981319464946435,2.098884467925126,2.6485891831898734,1.140114468413825
86.0,89.0,1230.9757080078125,-3.401254819134811,1.629197431245571,1.7347985018718974,2.0313606879408983,0.6969418308941928,-1.3733981059162053,-1.097973078190749,2.0988809719169605,2.648589183108061,1.140298081426108
86.0,89.0,1230.9774169921875,-3.401256435105466,1.629163030433048,1.73788598686828,2.0313612717270337,0.6969822407878254,-1.3729896660688667,-1.0979374919662657,2.0988810162123386,2.6485891838333258,1.140117146074799
86.0,89.0,1230.981201171875,-3.4012548500773447,1.629524785989758,1.7346504323907386,2.012961794969325,0.6966560995818369,-1.374807673108823,-1.096869796134142,2.098937742594684,2.6485891842939573,1.1403383725085348
86.0,89.0,1230.9833984375,-3.401256789757959,1.6291990189644776,1.7343354758281304,2.031361131154425,0.6960972642104796,-1.3732571643917373,-1.0969488023492198,2.098880356199877,2.648589183219108,1.1403084611652323
86.0,89.0,1230.984619140625,-3.401254918326347,1.6291663438008817,1.7347126701071232,2.0313605609746705,0.6961376738071187,-1.37331386454113,-1.0969398847749263,2.098880976463324,2.6485891800235266,1.14031297343478
86.0,89.0,1230.9853515625,-3.401254918326347,1.6292016792717223,1.7347126701071232,2.0313605609746705,0.6961376738071187,-1.37331386454113,-1.0969398847749263,2.098880976463324,2.6485891829889097,1.1403170925912602
86.0,89.0,1230.98779296875,-3.4012564172215187,1.6291990189644776,1.734353011491151,2.031361543104988,0.6969873263543435,-1.3732672095251326,-1.0969489018610543,2.098880438491262,2.6485891830970867,1.1403045171737134
86.0,89.0,1230.9879150390625,-3.401256435948352,1.6291915736690117,1.7346684155631538,2.0313610959036947,0.6969830793128928,-1.3732672095251326,-1.0969520565006698,2.098880438491262,2.6485891831976733,1.1403088536838744
86.0,89.0,1230.988037109375,-3.4012543761216123,1.629438609606363,1.7377722801820066,2.0313601730798734,0.6961375799081458,-1.3733810262352797,-1.097962017007266,2.0988809730527405,2.648589179760111,1.140110527692797
86.0,89.0,1230.9881591796875,-3.401256435948352,1.6291990189644776,1.7346694926236177,2.031361543104988,0.6969828841189386,-1.3732672095251326,-1.0969488023492198,2.098880438491262,2.6485891831879487,1.1403088536838744
86.0,89.0,1230.9884033203125,-3.401256435948352,1.6291990189644776,1.7346694926236177,2.031361131154425,0.6969828527760661,-1.3732829474271948,-1.0969488023492198,2.098880356199877,2.6485891832206625,1.1403088536838744
86.0,89.0,1230.9886474609375,-3.401256435948352,1.6291990189644776,1.7346803205874772,2.031361131154425,0.6969601445919461,-1.3732829474271948,-1.0969488023492198,2.098880356199877,2.648589183108739,1.140298691518688
86.0,89.0,1230.98876953125,-3.401256435948352,1.6291990189644776,1.7346694926236177,2.031361543104988,0.6969828841189386,-1.3732672095251326,-1.096908801921898,2.0988788933343625,2.6485891831879487,1.1403088536838744
86.0,89.0,1230.98876953125,-3.401256435948352,1.6291990189644776,1.7346694926236177,2.031361543104988,0.6969828841189386,-1.3732672095251326,-1.096908801921898,2.0988788933343625,2.6485891831879487,1.1403088536838744
86.0,89.0,1230.989501953125,-3.4012564172215187,1.6291989719013702,1.7346179690720145,2.031361543104988,0.6969873263543435,-1.3731586021936553,-1.0969489018610543,2.098880438491262,2.648589183098287,1.1401255569261013
86.0,89.0,1230.9896240234375,-3.401256373373247,1.629170928545549,1.7415360596977716,2.031361144291312,0.6961376738071187,-1.3732464330972054,-1.097962017007266,2.0988809730527405,2.648589184034529,1.1403122889916062
86.0,89.0,1230.9896240234375,-3.401254809718647,1.6291709071701346,1.7415360596977716,2.031361144291312,0.6961376738071187,-1.3732464330972054,-1.097962017007266,2.0988809730527405,2.648589184034529,1.1403122889916062
86.0,89.0,1230.9896240234375,-3.401254820756923,1.6291709071701346,1.7415360596977716,2.031361269053375,0.6961376738071187,-1.3732464330972054,-1.097962017007266,2.0988809730527405,2.648589184034529,1.140311648523174
86.0,89.0,1230.990234375,-3.401256372219448,1.6291537542048284,1.7416151814527103,2.0313612717270337,0.6969963256829179,-1.3729896660688667,-1.097962017007266,2.0988809730527405,2.6485891840469,1.140114230028748
86.0,89.0,1230.9908447265625,-3.401254819134811,1.629197431245571,1.734712363121046,2.0313606879408983,0.6969434076212815,-1.3733967946818202,-1.0969488023492198,2.0988809719050887,2.648589183108739,1.140298081426108
86.0,89.0,1230.9910888671875,-3.401259300754252,1.629201474760875,1.7343986050576532,2.030961541803545,0.6971763031026034,-1.3732822705804284,-1.0969343945404764,2.098880383392697,2.648589184062229,1.1401154176714334
86.0,89.0,1230.9923095703125,-3.4012564371374228,1.6291990189644776,1.7346721412229993,2.031361131154425,0.6969601445919461,-1.3732784300769272,-1.0969488023492198,2.0988803576102875,2.648589183108739,1.1401046138282558
86.0,89.0,1230.9930419921875,-3.401256374004504,1.629429090680527,1.7343504777681136,2.031361543455138,0.697012906149304,-1.3732673244147997,-1.0969489047056766,2.098880435181344,2.6485891840896336,1.1403088536838744
86.0,89.0,1230.9931640625,-3.4012562094503003,1.629434638396153,1.7343970215108853,2.030950425635889,0.6961345359802801,-1.373246181271693,-1.0967607117152274,2.0988810230203825,2.648589184007823,1.1401268830122355
86.0,89.0,1230.9931640625,-3.4012563407220484,1.629434107084884,1.7335900564045974,2.031343346640973,0.6969543539989097,-1.373185766610571,-1.0967607117152274,2.0988809716423305,2.648589184007742,1.1403046053832293
86.0,89.0,1230.9935302734375,-3.401256373954143,1.6294216453850607,1.734702388077497,2.031344029643241,0.6970131013432582,-1.3732829474271948,-1.096951965357527,2.098880356199877,2.648589180398985,1.1403088536838744
86.0,89.0,1230.9935302734375,-3.401256373954143,1.629429090680527,1.7347029684136246,2.0313615721219813,0.697012906149304,-1.3732673244388027,-1.096948711206077,2.098880435181344,2.6485891840009863,1.1403088536838744
86.0,89.0,1230.99365234375,-3.401256373954143,1.6294216453850607,1.734702388077497,2.0313610998009795,0.6970131013432582,-1.3732829474271948,-1.096951965357527,2.098880356199877,2.6485891840107105,1.1403088536838744
86.0,89.0,1230.9937744140625,-3.4012563419111186,1.62922055072029,1.7335706357956588,2.031343346640973,0.6969543539989097,-1.3732668798076144,-1.0967607117152274,2.0988809730527405,2.648589184007742,1.140110527692797
86.0,89.0,1230.993896484375,-3.401256373954143,1.629429090680527,1.7347034651379607,2.031361547002273,0.697012906149304,-1.3732829474271948,-1.096948711206077,2.098880356199877,2.6485891840009863,1.1403088536838744
86.0,89.0,1230.9947509765625,-3.4012563419111186,1.629434638396153,1.7347157559048971,2.031361783065715,0.6969543539989097,-1.373181249260303,-1.0967607117152274,2.098880957048158,2.648589184007742,1.1403043880306083
86.0,89.0,1230.994873046875,-3.401256373954143,1.6294216474212566,1.734702388077497,2.0313610998009795,0.6971756973555671,-1.3732834667109657,-1.096951965357527,2.098829885417817,2.648589184010373,1.140308763118768
86.0,89.0,1230.9949951171875,-3.401256344470485,1.6295061189867566,1.7346504323907386,2.0311800386927024,0.6969514093233767,-1.3733290588893556,-1.0969006296817074,2.0989383350986763,2.648589184303676,1.140338523386207
86.0,89.0,1230.9957275390625,-3.4012562094503003,1.629434638396153,1.7343970215108853,2.030950425635889,0.6969543539989097,-1.373181249260303,-1.0967607117152274,2.098880957048158,2.648589184007823,1.1401268830122355
86.0,89.0,1230.9967041015625,-3.401229058322316,1.6294541459241747,1.7343930425961982,2.030961541803545,0.6971763031026034,-1.3732822705804284,-1.0969343945404764,2.0988872146592,2.648589184062229,1.1401272015938009
86.0,89.0,1230.9967041015625,-3.401229058322316,1.6294541459241747,1.7343930425961982,2.030961541803545,0.6971763031026034,-1.3732822705804284,-1.0969343945404764,2.0988872146592,2.648589184062229,1.1401272015938009
86.0,89.0,1230.996826171875,-3.401256439373181,1.6291990189644776,1.7376208316368726,2.03136157169155,0.6969828841189386,-1.3733769742916322,-1.0969382085934267,2.098880438491262,2.64858918326779,1.1403123810278843
86.0,90.0,1230.818115234375,-3.401256037029865,1.577088755129051,1.7377297978846544,2.031361144291312,0.6961376738071187,-1.373268558180404,-1.0969101062114608,2.0988809730527405,2.6485891832206625,1.140311671421612
86.0,90.0,1230.8218994140625,-3.401256023847356,1.57471854288108,1.73463615019516,2.031361265780488,0.6969983454868589,-1.3733126474233877,-1.0969394140541704,2.098880972925476,2.6485891840016444,1.140313140404137
86.0,90.0,1230.8375244140625,-3.401256023847356,1.57471854288108,1.7377297978846544,2.031361265780488,0.6969967687597702,-1.3732904298499158,-1.0979268651724103,2.0988809730527405,2.648589184000965,1.140313140404137
86.0,90.0,1230.8402099609375,-3.401256023847356,1.57471854288108,1.737643659133803,2.031361265780488,0.6969983454868589,-1.373287692884459,-1.096902589330881,2.098937727811898,2.6485891840016444,1.1403390190866955
86.0,90.0,1230.8408203125,-3.401256023847356,1.57471854288108,1.737643659133803,2.031361265780488,0.6969983454868589,-1.3732891186155307,-1.096902589330881,2.0988809730408686,2.6485891840016444,1.140313140404137
86.0,90.0,1230.8421630859375,-3.401256418797831,1.573443135513089,1.7349638198356798,2.0313612717270337,0.6969822407878254,-1.3733201588115338,-1.09796397880391,2.0988802490430927,2.648589184000991,1.1401169301908425
86.0,90.0,1230.9263916015625,-3.401254820756923,1.6291704324236276,1.735123863534188,2.013339120772833,0.6961123462242867,-1.3732464330972054,-1.0979749497607063,2.09887497511341,2.648589183894482,1.1403099874460876
86.0,90.0,1230.9476318359375,-3.401256456097496,1.6294416381227954,1.7376969837736662,2.0128789206759867,0.6966560995818369,-1.373481187709807,-1.0979671383496357,2.098890192739215,2.6485891842939573,1.1401093446149109
86.0,90.0,1230.9512939453125,-3.401256370929384,1.6291698998959958,1.7412729824650237,2.0128789206759867,0.6970496112046219,-1.372997826125809,-1.0969006296817074,2.0988810007599845,2.648589184032712,1.1403093909426425
86.0,90.0,1230.9542236328125,-3.401256456097496,1.6291698998959958,1.7412729824650237,2.0128789206759867,0.6961387264822159,-1.3734667171371813,-1.0969006296817074,2.0988810007599845,2.648589184032712,1.1403113178066
86.0,90.0,1230.956298828125,-3.4012548500773447,1.629524785989758,1.7346504323907386,2.012961794969325,0.6966528036947216,-1.3733092758827494,-1.096869796134142,2.098937742594684,2.6485891842907834,1.1403383725085348
86.0,90.0,1230.9576416015625,-3.4012564720267897,1.6295059217942416,1.7346504323907386,2.012961794969325,0.6966560995818369,-1.3734821446568,-1.0969006296817074,2.098937742594684,2.6485891839127595,1.140349794841762
86.0,90.0,1230.9578857421875,-3.4012564720267897,1.6295061189867566,1.7346504323907386,2.012961794969325,0.6966560995818369,-1.3734821446568,-1.0969006296817074,2.098937742594684,2.6485891842939573,1.1403383725085348
86.0,90.0,1230.9627685546875,-3.4012548500773447,1.629437940887404,1.7346267962515864,2.0129038051003767,0.6961309137486326,-1.374831828145668,-1.0982340744821195,2.098884791740304,2.648589183175652,1.1401179929083232
86.0,90.0,1230.96630859375,-3.401256456097496,1.629506193050563,1.7412895198726934,2.0128789206759867,0.6966560995818369,-1.373481187709807,-1.0969006296817074,2.098890192739215,2.6485891842939573,1.1403113178066
86.0,90.0,1230.966796875,-3.4012548500773447,1.629524785989758,1.7346548183567312,2.012961794969325,0.6966574762161899,-1.374807673108823,-1.0979885426064278,2.098881701580221,2.6485891840583373,1.1403383725085348
86.0,90.0,1230.967041015625,-3.401256456097496,1.62949662187314,1.7411674409782074,2.0133897769032427,0.6969466915365469,-1.3734667171371813,-1.0969006296817074,2.0988810007599845,2.648589184032712,1.1403113178066
86.0,90.0,1230.9678955078125,-3.401254825647941,1.6291708331063284,1.7348969722158167,2.03144401858465,0.6961376738071187,-1.3732473900441986,-1.097962017007266,2.0989285229082086,2.648589184034529,1.140339343693541
86.0,90.0,1230.9678955078125,-3.401254825647941,1.6291708331063284,1.734990761443714,2.0313630036733,0.6961376738071187,-1.3732473900441986,-1.097962017007266,2.0988808940257804,2.648589184034529,1.1403399273191308
86.0,90.0,1230.9678955078125,-3.401254825647941,1.6291708331063284,1.7348969722158167,2.03144401858465,0.6961376738071187,-1.3732473900441986,-1.097962017007266,2.0989285229082086,2.648589184034529,1.140339343693541
86.0,90.0,1230.9681396484375,-3.4012548500773447,1.629524785989758,1.7346267962515864,2.012961794969325,0.6966560995818369,-1.374807673108823,-1.0982035154106786,2.098937742594684,2.648589183175652,1.1401179929083232
86.0,90.0,1230.968505859375,-3.4012548500773447,1.629524785989758,1.7346267962515864,2.012961794969325,0.6966560995818369,-1.374807673108823,-1.0982034605235778,2.098881342199985,2.648589183157461,1.140125153292748
86.0,90.0,1230.9700927734375,-3.401256435105466,1.6291537542048284,1.7349638198356798,2.0313612717270337,0.6969822407878254,-1.3729896660688667,-1.09796397880391,2.098880282025135,2.6485891840469,1.1401169301908425
86.0,90.0,1230.9735107421875,-3.401253275898775,1.628162710021254,1.741649639187039,2.031366716333116,0.697141757300417,-1.3732681263553348,-1.0981319464946435,2.098884467925126,2.6485891831898734,1.140114468413825
86.0,90.0,1230.9747314453125,-3.401256435948352,1.6291990189644776,1.7346803205874772,2.031361131154425,0.6969601445919461,-1.3732829474271948,-1.0981114633560067,2.098880356199877,2.6485891831096984,1.1401115178247276
86.0,90.0,1230.9757080078125,-3.401254819134811,1.629197431245571,1.7347985018718974,2.0313606879408983,0.6969418308941928,-1.3733981059162053,-1.097973078190749,2.0988809719169605,2.648589183108061,1.140298081426108
86.0,90.0,1230.9774169921875,-3.401256435105466,1.629163030433048,1.73788598686828,2.0313612717270337,0.6969822407878254,-1.3729896660688667,-1.0979374919662657,2.0988810162123386,2.6485891838333258,1.140117146074799
86.0,90.0,1230.97998046875,-3.4012548500773447,1.6294257275269053,1.7336316271410266,2.012759018616788,0.6966474754171209,-1.374807673108823,-1.096869796134142,2.0988768859564093,2.6485891842939573,1.1403014706677306
86.0,90.0,1230.981201171875,-3.4012548500773447,1.629524785989758,1.7346504323907386,2.012961794969325,0.6966560995818369,-1.374807673108823,-1.096869796134142,2.098937742594684,2.6485891842939573,1.1403383725085348
86.0,90.0,1230.9833984375,-3.401256789757959,1.6291990189644776,1.7343354758281304,2.031361131154425,0.6960972642104796,-1.3732571643917373,-1.0969488023492198,2.098880356199877,2.648589183219108,1.1403084611652323
86.0,90.0,1230.984619140625,-3.401254918326347,1.6291663438008817,1.7347126701071232,2.0313605609746705,0.6961376738071187,-1.37331386454113,-1.0969398847749263,2.098880976463324,2.6485891800235266,1.14031297343478
86.0,90.0,1230.9853515625,-3.401254918326347,1.6292016792717223,1.7347126701071232,2.0313605609746705,0.6961376738071187,-1.37331386454113,-1.0969398847749263,2.098880976463324,2.6485891829889097,1.1403170925912602
86.0,90.0,1230.9862060546875,-3.401253275898775,1.628162710021254,1.741649639187039,2.031366716333116,0.697141757300417,-1.3732681263553348,-1.0969692854878563,2.098884467925126,2.648589183188914,1.1403016421077852
86.0,90.0,1230.987060546875,-3.401256435105466,1.6291537542048284,1.7349594338696872,2.0313612717270337,0.6969808641534725,-1.3729896660688667,-1.0968452323316242,2.098936323039598,2.64858918428252,1.1401169301908425
86.0,90.0,1230.9876708984375,-3.401256434003519,1.6291990189644776,1.7343476258716248,2.031361543104988,0.6969828841189386,-1.3732672095251326,-1.0969488019790194,2.098880438513017,2.648589184108399,1.1403088536838744
86.0,90.0,1230.98779296875,-3.4012564172215187,1.6291990189644776,1.734353011491151,2.031361543104988,0.6969873263543435,-1.3732672095251326,-1.0969489018610543,2.098880438491262,2.6485891830970867,1.1403045171737134
86.0,90.0,1230.9879150390625,-3.401256435948352,1.6291915736690117,1.7346684155631538,2.0313610959036947,0.6969830793128928,-1.3732672095251326,-1.0969520565006698,2.098880438491262,2.6485891831976733,1.1403088536838744
86.0,90.0,1230.988037109375,-3.4012543761216123,1.629438609606363,1.7377722801820066,2.0313601730798734,0.6961375799081458,-1.3733810262352797,-1.097962017007266,2.0988809730527405,2.648589179760111,1.140110527692797
86.0,90.0,1230.9881591796875,-3.401256435948352,1.6291990189644776,1.7346694926236177,2.031361543104988,0.6969828841189386,-1.3732672095251326,-1.0969488023492198,2.098880438491262,2.6485891831879487,1.1403088536838744
86.0,90.0,1230.9881591796875,-3.401256435948352,1.6291990189644776,1.7346694926236177,2.031361131154425,0.6969828527760661,-1.3732658423199322,-1.0969488023492198,2.098880319345277,2.64858918322082,1.1403088536838744
86.0,90.0,1230.9881591796875,-3.4012564158500256,1.6291990189644776,1.7345779341339131,2.031361543104988,0.6969828841189386,-1.3732597467767182,-1.0969488023492198,2.098880438491262,2.6485891797283543,1.1402943145014348
86.0,90.0,1230.9884033203125,-3.401256435948352,1.6291990189644776,1.7346694926236177,2.031361131154425,0.6969828527760661,-1.3732829474271948,-1.0969488023492198,2.098880356199877,2.6485891832206625,1.1403088536838744
86.0,90.0,1230.988525390625,-3.401254803528046,1.6291990189644776,1.7346721412229993,2.031361131154425,0.6969602000264146,-1.3732818055292122,-1.0969488023492198,2.0988803576102875,2.648589183108739,1.1402991194837906
86.0,90.0,1230.9886474609375,-3.401256435948352,1.6291990189644776,1.7346803205874772,2.031361131154425,0.6969601445919461,-1.3732829474271948,-1.0969488023492198,2.098880356199877,2.648589183108739,1.140298691518688
86.0,90.0,1230.98876953125,-3.401256435948352,1.6291990189644776,1.7346694926236177,2.031361543104988,0.6969828841189386,-1.3732672095251326,-1.096908801921898,2.0988788933343625,2.6485891831879487,1.1403088536838744
86.0,90.0,1230.98876953125,-3.401256435948352,1.6291990189644776,1.7346694926236177,2.031361543104988,0.6969828841189386,-1.3732672095251326,-1.096908801921898,2.0988788933343625,2.6485891831879487,1.1403088536838744
86.0,90.0,1230.989501953125,-3.4012564172215187,1.6291989719013702,1.7346179690720145,2.031361543104988,0.6969873263543435,-1.3731586021936553,-1.0969489018610543,2.098880438491262,2.648589183098287,1.1401255569261013
86.0,90.0,1230.9896240234375,-3.401256373373247,1.629170928545549,1.7415360596977716,2.031361144291312,0.6961376738071187,-1.3732464330972054,-1.097962017007266,2.0988809730527405,2.648589184034529,1.1403122889916062
86.0,90.0,1230.9896240234375,-3.401254809718647,1.6291709071701346,1.7415360596977716,2.031361144291312,0.6961376738071187,-1.3732464330972054,-1.097962017007266,2.0988809730527405,2.648589184034529,1.1403122889916062
86.0,90.0,1230.9896240234375,-3.401254820756923,1.6291709071701346,1.7415360596977716,2.031361269053375,0.6961376738071187,-1.3732464330972054,-1.097962017007266,2.0988809730527405,2.648589184034529,1.140311648523174
86.0,91.0,1230.5223388671875,-3.401256459297388,1.5734228150269534,1.7354941321132524,2.013283340395506,0.6961387264822159,-1.3734806202019871,-1.0969006296817074,2.0988810007599845,2.648589184032712,1.1403113178066
86.0,91.0,1230.811767578125,-3.401256426993156,1.5750798868077105,1.734353011491151,2.031361266153185,0.6969878460929594,-1.3732672095251326,-1.0969489018610543,2.098880438491262,2.6485891830970867,1.1403045171737134
86.0,91.0,1230.818115234375,-3.401256037029865,1.577088755129051,1.7377297978846544,2.031361144291312,0.6961376738071187,-1.373268558180404,-1.0969101062114608,2.0988809730527405,2.6485891832206625,1.140311671421612
86.0,91.0,1230.8218994140625,-3.401256023847356,1.57471854288108,1.73463615019516,2.031361265780488,0.6969983454868589,-1.3733126474233877,-1.0969394140541704,2.098880972925476,2.6485891840016444,1.140313140404137
86.0,91.0,1230.8228759765625,-3.401256023847356,1.57471854288108,1.7347596077206813,2.031361265780488,0.6969983454868589,-1.3733124973150057,-1.096902589330881,2.0988809730408686,2.6485891840016444,1.140313140404137
86.0,91.0,1230.8375244140625,-3.401256023847356,1.57471854288108,1.7377297978846544,2.031361265780488,0.6969967687597702,-1.3732904298499158,-1.0979268651724103,2.0988809730527405,2.648589184000965,1.140313140404137
86.0,91.0,1230.8397216796875,-3.401256023847356,1.57471854288108,1.7375202016082816,2.031361265780488,0.6969983454868589,-1.3732892687239129,-1.0969394140541704,2.098880972925476,2.6485891840016444,1.140313140404137
86.0,91.0,1230.8402099609375,-3.401256023847356,1.57471854288108,1.737643659133803,2.031361265780488,0.6969983454868589,-1.373287692884459,-1.096902589330881,2.098937727811898,2.6485891840016444,1.1403390190866955
86.0,91.0,1230.8408203125,-3.401256023847356,1.57471854288108,1.737643659133803,2.031361265780488,0.6969983454868589,-1.3732891186155307,-1.096902589330881,2.0988809730408686,2.6485891840016444,1.140313140404137
86.0,91.0,1230.8421630859375,-3.401256418797831,1.573443135513089,1.7349638198356798,2.0313612717270337,0.6969822407878254,-1.3733201588115338,-1.09796397880391,2.0988802490430927,2.648589184000991,1.1401169301908425
86.0,91.0,1230.9012451171875,-3.401254820756923,1.6291704324236276,1.737904732115113,2.013133908856344,0.6961123462242867,-1.3732464330972054,-1.0979377098035954,2.09887497511341,2.648589183894482,1.1416591233573743
86.0,91.0,1230.9033203125,-3.40125605368391,1.6276373498738377,1.734983299172759,2.012961794969325,0.6966706531041416,-1.373292078074704,-1.0968999813438849,2.098937742594684,2.6485891842907834,1.1403383725085348
86.0,91.0,1230.90966796875,-3.4012549122872824,1.6295258136964674,1.7412729824650237,2.0129592074058453,0.6961387264822159,-1.3735363722937346,-1.1402870526852098,2.0988810007599845,2.6485891839891225,1.1403113178066
86.0,91.0,1230.9263916015625,-3.401254820756923,1.6291704324236276,1.735123863534188,2.013339120772833,0.6961123462242867,-1.3732464330972054,-1.0979749497607063,2.09887497511341,2.648589183894482,1.1403099874460876
86.0,91.0,1230.9359130859375,-3.4012564720267897,1.6295051571008774,1.7346504323907386,2.012961794969325,0.6967021746907109,-1.3734821446568,-1.0984336548226536,2.098937742594684,2.6485891842939573,1.1403383725085348
86.0,91.0,1230.9476318359375,-3.401256456097496,1.6294416381227954,1.7376969837736662,2.0128789206759867,0.6966560995818369,-1.373481187709807,-1.0979671383496357,2.098890192739215,2.6485891842939573,1.1401093446149109
86.0,91.0,1230.9512939453125,-3.401256370929384,1.6291698998959958,1.7412729824650237,2.0128789206759867,0.6970496112046219,-1.372997826125809,-1.0969006296817074,2.0988810007599845,2.648589184032712,1.1403093909426425
86.0,91.0,1230.9512939453125,-3.401256370929384,1.6291698998959958,1.7412729824650237,2.0128789206759867,0.6970496112046219,-1.372997826125809,-1.0969006296817074,2.0988810007599845,2.648589184032712,1.1403093909426425
86.0,91.0,1230.9542236328125,-3.401256456097496,1.6291698998959958,1.7412729824650237,2.0128789206759867,0.6961387264822159,-1.3734667171371813,-1.0969006296817074,2.0988810007599845,2.648589184032712,1.1403113178066
86.0,91.0,1230.956298828125,-3.4012548500773447,1.629524785989758,1.7346504323907386,2.012961794969325,0.6966528036947216,-1.3733092758827494,-1.096869796134142,2.098937742594684,2.6485891842907834,1.1403383725085348
86.0,91.0,1230.956298828125,-3.4012548500773447,1.629524785989758,1.7346504323907386,2.012961794969325,0.6966528036947216,-1.3733092758827494,-1.096869796134142,2.098937742594684,2.6485891842907834,1.1403383725085348
86.0,91.0,1230.9576416015625,-3.4012564720267897,1.6295059217942416,1.7346504323907386,2.012961794969325,0.6966560995818369,-1.3734821446568,-1.0969006296817074,2.098937742594684,2.6485891839127595,1.140349794841762
86.0,91.0,1230.957763671875,-3.401256371178649,1.6295059217942416,1.7346504323907386,2.012961794969325,0.6966560995818369,-1.3734866185793304,-1.0969006296817074,2.098937742594684,2.648589183899696,1.140349778544561
86.0,91.0,1230.9578857421875,-3.4012564720267897,1.6295061189867566,1.7346504323907386,2.012961794969325,0.6966560995818369,-1.3734821446568,-1.0969006296817074,2.098937742594684,2.6485891842939573,1.1403383725085348
86.0,91.0,1230.9578857421875,-3.4012564720267897,1.6295061189867566,1.7346504323907386,2.012961794969325,0.6966560995818369,-1.3734812626199473,-1.0969006296817074,2.098938685002558,2.6485891842939573,1.140339304142881
86.0,91.0,1230.958251953125,-3.4012548870421617,1.6295059217942416,1.7346599246231973,2.012961794969325,0.6966560995818369,-1.373416259793579,-1.0968672972881004,2.098937742594684,2.6485891839127595,1.1402996729071784
86.0,91.0,1230.9627685546875,-3.4012548500773447,1.629437940887404,1.7346267962515864,2.0129038051003767,0.6961309137486326,-1.374831828145668,-1.0982340744821195,2.098884791740304,2.648589183175652,1.1401179929083232
86.0,91.0,1230.96630859375,-3.401256456097496,1.629506193050563,1.7412895198726934,2.0128789206759867,0.6966560995818369,-1.373481187709807,-1.0969006296817074,2.098890192739215,2.6485891842939573,1.1403113178066
86.0,91.0,1230.966796875,-3.4012548500773447,1.629524785989758,1.7346548183567312,2.012961794969325,0.6966574762161899,-1.374807673108823,-1.0979885426064278,2.098881701580221,2.6485891840583373,1.1403383725085348
86.0,91.0,1230.9669189453125,-3.4012548500773447,1.629524785989758,1.7347129339044332,2.0125548408545284,0.6966574762161899,-1.374807673108823,-1.0979964053538191,2.0988817198796017,2.6485891829668944,1.1403383725085348
86.0,91.0,1230.967041015625,-3.401256456097496,1.62949662187314,1.7411674409782074,2.0133897769032427,0.6969466915365469,-1.3734667171371813,-1.0969006296817074,2.0988810007599845,2.648589184032712,1.1403113178066
86.0,91.0,1230.9676513671875,-3.401256435105466,1.629163030433048,1.7351051182873545,2.031566483643522,0.6969822407878254,-1.3729896660688667,-1.0979747319233768,2.0988810162123386,2.6485891838333258,1.1403167355163677
86.0,91.0,1230.9678955078125,-3.401254825647941,1.6291708331063284,1.7348969722158167,2.03144401858465,0.6961376738071187,-1.3732473900441986,-1.097962017007266,2.0989285229082086,2.648589184034529,1.140339343693541
86.0,91.0,1230.9678955078125,-3.401254825647941,1.6291708331063284,1.734990761443714,2.0313630036733,0.6961376738071187,-1.3732473900441986,-1.097962017007266,2.0988808940257804,2.648589184034529,1.1403399273191308
86.0,91.0,1230.9678955078125,-3.401254825647941,1.6291708331063284,1.7348969722158167,2.03144401858465,0.6961376738071187,-1.3732473900441986,-1.097962017007266,2.0989285229082086,2.648589184034529,1.140339343693541
86.0,91.0,1230.9681396484375,-3.4012548500773447,1.629524785989758,1.7346267962515864,2.012961794969325,0.6966560995818369,-1.374807673108823,-1.0982035154106786,2.098937742594684,2.648589183175652,1.1401179929083232
86.0,91.0,1230.9681396484375,-3.401254825647941,1.6291708331063284,1.7348899817617685,2.03144401858465,0.6961376738071187,-1.3732473900441986,-1.097962017007266,2.09888234795084,2.648589184034529,1.140339343693541
86.0,91.0,1230.968505859375,-3.4012548500773447,1.629524785989758,1.7346267962515864,2.012961794969325,0.6966560995818369,-1.374807673108823,-1.0982034605235778,2.098881342199985,2.648589183157461,1.140125153292748
86.0,91.0,1230.9700927734375,-3.401256435105466,1.6291537542048284,1.7349638198356798,2.0313612717270337,0.6969822407878254,-1.3729896660688667,-1.09796397880391,2.098880282025135,2.6485891840469,1.1401169301908425
86.0,91.0,1230.9735107421875,-3.401253275898775,1.628162710021254,1.741649639187039,2.031366716333116,0.697141757300417,-1.3732681263553348,-1.0981319464946435,2.098884467925126,2.6485891831898734,1.140114468413825
86.0,91.0,1230.9735107421875,-3.401253275898775,1.628162710021254,1.741649639187039,2.031366716333116,0.697141757300417,-1.3732681263553348,-1.0981319464946435,2.098884467925126,2.6485891831898734,1.140114468413825
86.0,91.0,1230.9747314453125,-3.401256435948352,1.6291990189644776,1.7346803205874772,2.031361131154425,0.6969601445919461,-1.3732829474271948,-1.0981114633560067,2.098880356199877,2.6485891831096984,1.1401115178247276
86.0,91.0,1230.9757080078125,-3.401254819134811,1.629197431245571,1.7347985018718974,2.0313606879408983,0.6969418308941928,-1.3733981059162053,-1.097973078190749,2.0988809719169605,2.648589183108061,1.140298081426108
86.0,91.0,1230.9769287109375,-3.401254819134811,1.629197431245571,1.7347985018718974,2.0313663019417367,0.6969418308941928,-1.3733981059162053,-1.0981351730009254,2.0988809719169605,2.648589183108061,1.1401121169560064
86.0,91.0,1230.9774169921875,-3.401256435105466,1.629163030433048,1.73788598686828,2.0313612717270337,0.6969822407878254,-1.3729896660688667,-1.0979374919662657,2.0988810162123386,2.6485891838333258,1.140117146074799
86.0,91.0,1230.97998046875,-3.4012548500773447,1.6294257275269053,1.7336316271410266,2.012759018616788,0.6966474754171209,-1.374807673108823,-1.096869796134142,2.0988768859564093,2.6485891842939573,1.1403014706677306
86.0,91.0,1230.981201171875,-3.4012548500773447,1.629524785989758,1.7346504323907386,2.012961794969325,0.6966560995818369,-1.374807673108823,-1.096869796134142,2.098937742594684,2.6485891842939573,1.1403383725085348
86.0,91.0,1230.983154296875,-3.4012548500773447,1.629438902773283,1.7346267962515864,2.0129038051003767,0.6960848386397585,-1.374831828145668,-1.0967010493411735,2.098884791740304,2.648589183175652,1.1401179929083232
86.0,91.0,1230.9833984375,-3.401256789757959,1.6291990189644776,1.7343354758281304,2.031361131154425,0.6960972642104796,-1.3732571643917373,-1.0969488023492198,2.098880356199877,2.648589183219108,1.1403084611652323
86.0,91.0,1230.984619140625,-3.401254918326347,1.6291663438008817,1.7347126701071232,2.0313605609746705,0.6961376738071187,-1.37331386454113,-1.0969398847749263,2.098880976463324,2.6485891800235266,1.14031297343478
86.0,92.0,1230.420166015625,-3.401256370929384,1.5913930403175447,1.7412729824650237,2.012875979110836,0.6970496112046219,-1.3733135189511163,-1.0969003151759324,2.0988810786660186,2.648589184032712,1.1403093909426425
86.0,92.0,1230.4669189453125,-3.4012548500773447,1.575880119707614,1.7346504323907386,2.012961794969325,0.6966528036947216,-1.373309235538964,-1.0968708982109276,2.098937742594684,2.6485891840068327,1.1403383725085348
86.0,92.0,1230.5223388671875,-3.401256459297388,1.5734228150269534,1.7354941321132524,2.013283340395506,0.6961387264822159,-1.3734806202019871,-1.0969006296817074,2.0988810007599845,2.648589184032712,1.1403113178066
86.0,92.0,1230.638916015625,-3.4012560381103696,1.577088755129051,1.7377372164813,2.031361144291312,0.7348419870215195,-1.3734947150868255,-1.0969101062114608,2.0989349487014275,2.6485891832206625,1.1403104202681729
86.0,92.0,1230.811767578125,-3.401256426993156,1.5750798868077105,1.734353011491151,2.031361266153185,0.6969878460929594,-1.3732672095251326,-1.0969489018610543,2.098880438491262,2.6485891830970867,1.1403045171737134
86.0,92.0,1230.818115234375,-3.401256037029865,1.577088755129051,1.7377297978846544,2.031361144291312,0.6961376738071187,-1.373268558180404,-1.0969101062114608,2.0988809730527405,2.6485891832206625,1.140311671421612
86.0,92.0,1230.81884765625,-3.401256023847356,1.57471854288108,1.7343205794030745,2.031361265783833,0.6969878623986848,-1.3732894745114088,-1.0969486717742645,2.098880972925476,2.6485891840016444,1.140313140404137
86.0,92.0,1230.820556640625,-3.401256023847356,1.57471854288108,1.7345128130613647,2.031361265780488,0.6969983454868589,-1.3733015985182488,-1.0969394140541704,2.098880972413643,2.6485891840016444,1.140309382682858
86.0,92.0,1230.8218994140625,-3.401256023847356,1.57471854288108,1.73463615019516,2.031361265780488,0.6969983454868589,-1.3733126474233877,-1.0969394140541704,2.098880972925476,2.6485891840016444,1.140313140404137
86.0,92.0,1230.8221435546875,-3.401256049828247,1.5748799175150592,1.7349638198356798,2.0313612654499704,0.6969822407878254,-1.3733214284988218,-1.096948742541038,2.0988802490430927,2.64858918400098,1.1401169301908425
86.0,92.0,1230.8228759765625,-3.401256023847356,1.57471854288108,1.7347596077206813,2.031361265780488,0.6969983454868589,-1.3733124973150057,-1.096902589330881,2.0988809730408686,2.6485891840016444,1.140313140404137
86.0,92.0,1230.824462890625,-3.4012548198803563,1.57471854288108,1.737547798941707,2.030876029129241,0.6969983454868589,-1.3732131066008502,-1.0969394140541704,2.098880972925476,2.648589184002029,1.1403375954950006
86.0,92.0,1230.8326416015625,-3.401256426993156,1.5750798868077105,1.7375526336963585,2.03136126614984,0.6969983291811334,-1.3732670037376369,-1.096939644140961,2.098880438491262,2.6485891830970867,1.1403045171737134
86.0,92.0,1230.8375244140625,-3.401256023847356,1.57471854288108,1.7377297978846544,2.031361265780488,0.6969967687597702,-1.3732904298499158,-1.0979268651724103,2.0988809730527405,2.648589184000965,1.140313140404137
86.0,92.0,1230.8375244140625,-3.401256023847356,1.57471854288108,1.7377297978846544,2.031361265780488,0.6969967687597702,-1.3732904298499158,-1.0979268651724103,2.0988810008823324,2.648589183998369,1.1403091654225057
86.0,92.0,1230.8397216796875,-3.401256023847356,1.57471854288108,1.7375202016082816,2.031361265780488,0.6969983454868589,-1.3732892687239129,-1.0969394140541704,2.098880972925476,2.6485891840016444,1.140313140404137
86.0,92.0,1230.8402099609375,-3.401256023847356,1.57471854288108,1.737643659133803,2.031361265780488,0.6969983454868589,-1.373287692884459,-1.096902589330881,2.098937727811898,2.6485891840016444,1.1403390190866955
86.0,92.0,1230.8408203125,-3.401256023847356,1.57471854288108,1.737643659133803,2.031361265780488,0.6969983454868589,-1.3732891186155307,-1.096902589330881,2.0988809730408686,2.6485891840016444,1.140313140404137
86.0,92.0,1230.8409423828125,-3.401256023847356,1.5747153573420702,1.737643659133803,2.031361266504844,0.6969824015463572,-1.373287692884459,-1.0969259332329366,2.098881078142558,2.648589184001666,1.1403390190866955
86.0,92.0,1230.8421630859375,-3.401256418797831,1.573443135513089,1.7349638198356798,2.0313612717270337,0.6969822407878254,-1.3733201588115338,-1.09796397880391,2.0988802490430927,2.648589184000991,1.1401169301908425
86.0,92.0,1230.861083984375,-3.4012563928169395,1.5732817608791092,1.737643659133803,2.031361272057552,0.6969983454868589,-1.373286423197171,-1.097917825593753,2.098937727811898,2.6485891840016555,1.1403390190866955
86.0,92.0,1230.8671875,-3.401255966823643,1.573044517660944,1.7377974908164375,2.0313630494500887,0.6969967687597702,-1.3732911854197922,-1.097960840904284,2.0988809730527405,2.648589184000965,1.1403397918366402
86.0,92.0,1230.8804931640625,-3.401256023847356,1.57471854288108,1.7412578202906286,2.031361265780488,0.6969708236239632,-1.3734517773828776,-1.096902589330881,2.0988809730408686,2.6485891840016444,1.1403112883580655
86.0,92.0,1230.9012451171875,-3.401254820756923,1.6291704324236276,1.737904732115113,2.013133908856344,0.6961123462242867,-1.3732464330972054,-1.0979377098035954,2.09887497511341,2.648589183894482,1.1416591233573743
86.0,92.0,1230.9033203125,-3.40125605368391,1.6276373498738377,1.734983299172759,2.012961794969325,0.6966706531041416,-1.373292078074704,-1.0968999813438849,2.098937742594684,2.6485891842907834,1.1403383725085348
86.0,92.0,1230.90966796875,-3.4012549122872824,1.6295258136964674,1.7412729824650237,2.0129592074058453,0.6961387264822159,-1.3735363722937346,-1.1402870526852098,2.0988810007599845,2.6485891839891225,1.1403113178066
86.0,92.0,1230.9150390625,-3.4012548283030544,1.6294416381227954,1.7379083520824363,2.0131215276784777,0.6966560995818369,-1.373481187709807,-1.0979349470032596,2.098890134846134,2.6485891842939573,1.1416913095155454
86.0,92.0,1230.9263916015625,-3.401254820756923,1.6291704324236276,1.735123863534188,2.013339120772833,0.6961123462242867,-1.3732464330972054,-1.0979749497607063,2.09887497511341,2.648589183894482,1.1403099874460876
86.0,92.0,1230.9359130859375,-3.4012564720267897,1.6295051571008774,1.7346504323907386,2.012961794969325,0.6967021746907109,-1.3734821446568,-1.0984336548226536,2.098937742594684,2.6485891842939573,1.1403383725085348
86.0,92.0,1230.9376220703125,-3.4012548500773447,1.629524785989758,1.7346504323907386,2.012961794969325,0.6961617026384632,-1.3733092758827494,-1.097951389802509,2.098937742594684,2.648589183915446,1.140308031923713
86.0,92.0,1230.9476318359375,-3.401256456097496,1.6294416381227954,1.7376969837736662,2.0128789206759867,0.6966560995818369,-1.373481187709807,-1.0979671383496357,2.098890192739215,2.6485891842939573,1.1401093446149109
86.0,92.0,1230.94873046875,-3.401256370929384,1.6291698998959958,1.7412156072875515,2.0128789206759867,0.6966962604960997,-1.3729985781296288,-1.0969006296817074,2.0988810007599845,2.6485891840268985,1.1403369418216542
86.0,92.0,1230.9512939453125,-3.401256370929384,1.6291698998959958,1.7412729824650237,2.0128789206759867,0.6970496112046219,-1.372997826125809,-1.0969006296817074,2.0988810007599845,2.648589184032712,1.1403093909426425
86.0,92.0,1230.9512939453125,-3.401256370929384,1.6291698998959958,1.7412729824650237,2.0128789206759867,0.6970496112046219,-1.372997826125809,-1.0969006296817074,2.0988810007599845,2.648589184032712,1.1403093909426425
86.0,92.0,1230.9517822265625,-3.4012548500773447,1.629524785989758,1.7346504323907386,2.012964736534476,0.6966528036947216,-1.3729935830574418,-1.096870110639917,2.0989376646886497,2.6485891842907834,1.1403383725085348
86.0,92.0,1230.9542236328125,-3.401256456097496,1.6291698998959958,1.7412729824650237,2.0128789206759867,0.6961387264822159,-1.3734667171371813,-1.0969006296817074,2.0988810007599845,2.648589184032712,1.1403113178066
86.0,92.0,1230.956298828125,-3.4012548500773447,1.629524785989758,1.7346504323907386,2.012961794969325,0.6966528036947216,-1.3733092758827494,-1.096869796134142,2.098937742594684,2.6485891842907834,1.1403383725085348
86.0,92.0,1230.956298828125,-3.4012548500773447,1.629524785989758,1.7346504323907386,2.012961794969325,0.6966528036947216,-1.3733092758827494,-1.096869796134142,2.098937742594684,2.6485891842907834,1.1403383725085348
86.0,92.0,1230.9576416015625,-3.4012564720267897,1.6295059217942416,1.7346504323907386,2.012961794969325,0.6966560995818369,-1.3734821446568,-1.0969006296817074,2.098937742594684,2.6485891839127595,1.140349794841762
86.0,92.0,1230.957763671875,-3.401256371178649,1.6295059217942416,1.7346504323907386,2.012961794969325,0.6966560995818369,-1.3734866185793304,-1.0969006296817074,2.098937742594684,2.648589183899696,1.140349778544561
86.0,92.0,1230.957763671875,-3.401256371178649,1.6295059217942416,1.7346504323907386,2.012961794969325,0.6966560995818369,-1.3734866185793304,-1.0969006296817074,2.098937742594684,2.648589183899696,1.140349778544561
86.0,92.0,1230.9578857421875,-3.4012564720267897,1.6295061189867566,1.7346504323907386,2.012961794969325,0.6966560995818369,-1.3734821446568,-1.0969006296817074,2.098937742594684,2.6485891842939573,1.1403383725085348
86.0,92.0,1230.9578857421875,-3.4012564720267897,1.6295061189867566,1.7346504323907386,2.012961794969325,0.6966560995818369,-1.3734812626199473,-1.0969006296817074,2.098938685002558,2.6485891842939573,1.140339304142881
86.0,92.0,1230.958251953125,-3.4012548870421617,1.6295059217942416,1.7346599246231973,2.012961794969325,0.6966560995818369,-1.373416259793579,-1.0968672972881004,2.098937742594684,2.6485891839127595,1.1402996729071784
86.0,92.0,1230.9588623046875,-3.401256456097496,1.6295061940155506,1.7347155620897092,2.012962176351682,0.6966560995818369,-1.373481263375082,-1.0969006296817074,2.0988917983438604,2.6485891842939573,1.1403113178066
86.0,92.0,1230.9627685546875,-3.4012548500773447,1.629437940887404,1.7346267962515864,2.0129038051003767,0.6961309137486326,-1.374831828145668,-1.0982340744821195,2.098884791740304,2.648589183175652,1.1401179929083232
86.0,92.0,1230.9638671875,-3.401256023847356,1.6296798818955718,1.7346414880236196,2.012216801244449,0.6969983454868589,-1.373289427108926,-1.096902589330881,2.0989357388483083,2.6485891840016444,1.140313140404137
86.0,92.0,1230.96630859375,-3.401256456097496,1.629506193050563,1.7412895198726934,2.0128789206759867,0.6966560995818369,-1.373481187709807,-1.0969006296817074,2.098890192739215,2.6485891842939573,1.1403113178066
86.0,92.0,1230.966796875,-3.4012548500773447,1.629524785989758,1.7346548183567312,2.012961794969325,0.6966574762161899,-1.374807673108823,-1.0979885426064278,2.098881701580221,2.6485891840583373,1.1403383725085348
86.0,92.0,1230.9669189453125,-3.4012548500773447,1.629524785989758,1.7347129339044332,2.0125548408545284,0.6966574762161899,-1.374807673108823,-1.0979964053538191,2.0988817198796017,2.6485891829668944,1.1403383725085348
86.0,93.0,1230.420166015625,-3.401256370929384,1.5913930403175447,1.7412729824650237,2.012875979110836,0.6970496112046219,-1.3733135189511163,-1.0969003151759324,2.0988810786660186,2.648589184032712,1.1403093909426425
86.0,93.0,1230.4669189453125,-3.4012548500773447,1.575880119707614,1.7346504323907386,2.012961794969325,0.6966528036947216,-1.373309235538964,-1.0968708982109276,2.098937742594684,2.6485891840068327,1.1403383725085348
86.0,93.0,1230.4674072265625,-3.40125607889633,1.575880119707614,1.734595336561929,2.012961794969325,0.6966528036947216,-1.373309235538964,-1.0968708982109276,2.098937742594684,2.648589184001029,1.1401128766110746
86.0,93.0,1230.503173828125,-3.4012564288571703,1.5709740571190778,1.7342310690034854,2.0128789206759867,0.6966962604960997,-1.3729985781296288,-1.096952742235496,2.0988810007599845,2.6485891830651083,1.1403051490658618
86.0,93.0,1230.5220947265625,-3.401256462934556,1.5734228150269534,1.7355147115917675,2.013283340395506,0.6961387264822159,-1.3734771525163565,-1.096941085082072,2.0988804342163334,2.648589183114721,1.1403045901910067
86.0,93.0,1230.5223388671875,-3.401256459297388,1.5734228150269534,1.7354941321132524,2.013283340395506,0.6961387264822159,-1.3734806202019871,-1.0969006296817074,2.0988810007599845,2.648589184032712,1.1403113178066
86.0,93.0,1230.5223388671875,-3.401256459297388,1.5734228150269534,1.7354941321132524,2.013283340395506,0.6961387264822159,-1.3734806202019871,-1.0969006296817074,2.0988810007599845,2.648589184032712,1.1403113178066
86.0,93.0,1230.52880859375,-3.401256370929384,1.574421521607181,1.7412729824650237,2.0138772004771126,0.6970496112046219,-1.3733135189511163,-1.0969469219176822,2.098880972161908,2.648589184032712,1.1403091428748806
86.0,93.0,1230.638916015625,-3.4012560381103696,1.577088755129051,1.7377372164813,2.031361144291312,0.7348419870215195,-1.3734947150868255,-1.0969101062114608,2.0989349487014275,2.6485891832206625,1.1403104202681729
86.0,93.0,1230.8062744140625,-3.401256023847356,1.6242418280532789,1.7377289795385562,2.012184233427001,0.6969967687597702,-1.3732879867410128,-1.0979268651724103,2.0988810008823324,2.6485891842907967,1.1403091654225057
86.0,93.0,1230.811767578125,-3.401256426993156,1.5750798868077105,1.734353011491151,2.031361266153185,0.6969878460929594,-1.3732672095251326,-1.0969489018610543,2.098880438491262,2.6485891830970867,1.1403045171737134
86.0,93.0,1230.817626953125,-3.401254912229432,1.6295258136964674,1.7417666887962444,2.0129592074058453,0.6967448096801607,-1.3735363722937346,-1.1273067472051996,2.0988810007599845,2.6485891839891225,1.1403113178066
86.0,93.0,1230.818115234375,-3.401256037029865,1.577088755129051,1.7377297978846544,2.031361144291312,0.6961376738071187,-1.373268558180404,-1.0969101062114608,2.0988809730527405,2.6485891832206625,1.140311671421612
86.0,93.0,1230.8184814453125,-3.401256037029865,1.577088755129051,1.7377891246057229,2.031361144291312,0.6961376738071187,-1.3732665839907947,-1.0969101062114608,2.0988809730527405,2.6485891832206625,1.14031123008899
86.0,93.0,1230.81884765625,-3.401256023847356,1.57471854288108,1.7343205794030745,2.031361265783833,0.6969878623986848,-1.3732894745114088,-1.0969486717742645,2.098880972925476,2.6485891840016444,1.140313140404137
86.0,93.0,1230.8193359375,-3.401256049828247,1.5748799175150592,1.7351829791761164,2.0313612654536315,0.6969822407878254,-1.3733214284988218,-1.0979161926834549,2.0988802490430927,2.64858918400098,1.1401169301908425
86.0,93.0,1230.820556640625,-3.401256023847356,1.57471854288108,1.7345128130613647,2.031361265780488,0.6969983454868589,-1.3733015985182488,-1.0969394140541704,2.098880972413643,2.6485891840016444,1.140309382682858
86.0,93.0,1230.8218994140625,-3.401256023847356,1.57471854288108,1.73463615019516,2.031361265780488,0.6969983454868589,-1.3733126474233877,-1.0969394140541704,2.098880972925476,2.6485891840016444,1.140313140404137
86.0,93.0,1230.8221435546875,-3.401256049828247,1.5748799175150592,1.7349638198356798,2.0313612654499704,0.6969822407878254,-1.3733214284988218,-1.096948742541038,2.0988802490430927,2.64858918400098,1.1401169301908425
86.0,93.0,1230.822509765625,-3.4012548210092617,1.5748799175150592,1.7350189156644893,2.0313612654499704,0.6969822407878254,-1.3733214284988218,-1.096948742541038,2.0988802490430927,2.6485891840067834,1.1403424260883028
86.0,93.0,1230.8228759765625,-3.401256023847356,1.57471854288108,1.7347596077206813,2.031361265780488,0.6969983454868589,-1.3733124973150057,-1.096902589330881,2.0988809730408686,2.6485891840016444,1.140313140404137
86.0,93.0,1230.823486328125,-3.401256034511272,1.5746514171722858,1.7347596077206813,2.031361265780488,0.6969983454868589,-1.3733123741668452,-1.096902589330881,2.09893791217224,2.648589184001509,1.1403368902594289
86.0,93.0,1230.824462890625,-3.4012548198803563,1.57471854288108,1.737547798941707,2.030876029129241,0.6969983454868589,-1.3732131066008502,-1.0969394140541704,2.098880972925476,2.648589184002029,1.1403375954950006
86.0,93.0,1230.8326416015625,-3.401256426993156,1.5750798868077105,1.7375526336963585,2.03136126614984,0.6969983291811334,-1.3732670037376369,-1.096939644140961,2.098880438491262,2.6485891830970867,1.1403045171737134
86.0,93.0,1230.8375244140625,-3.401256023847356,1.57471854288108,1.7377297978846544,2.031361265780488,0.6969967687597702,-1.3732904298499158,-1.0979268651724103,2.0988809730527405,2.648589184000965,1.140313140404137
86.0,93.0,1230.8375244140625,-3.401256023847356,1.57471854288108,1.7377297978846544,2.031361265780488,0.6969967687597702,-1.3732904298499158,-1.0979268651724103,2.0988810008823324,2.648589183998369,1.1403091654225057
86.0,93.0,1230.839599609375,-3.401256023847356,1.57471854288108,1.7375106385442176,2.0313612657768263,0.6969967687597702,-1.3732904298499158,-1.0969594150299933,2.0988809730527405,2.648589184000965,1.140313140404137
86.0,93.0,1230.8397216796875,-3.401256023847356,1.57471854288108,1.7375202016082816,2.031361265780488,0.6969983454868589,-1.3732892687239129,-1.0969394140541704,2.098880972925476,2.6485891840016444,1.140313140404137
86.0,93.0,1230.8399658203125,-3.401256023847356,1.57471854288108,1.737643659133803,2.031361265780488,0.6969983454868589,-1.3732769714790694,-1.096902589330881,2.0988809730408686,2.6485891840029194,1.140313140404137
86.0,93.0,1230.8402099609375,-3.401256023847356,1.57471854288108,1.737643659133803,2.031361265780488,0.6969983454868589,-1.373287692884459,-1.096902589330881,2.098937727811898,2.6485891840016444,1.1403390190866955
86.0,93.0,1230.8402099609375,-3.401256023847356,1.57471854288108,1.737643659133803,2.031361265780488,0.6969983454868589,-1.373287686691374,-1.096901980984024,2.09893722127589,2.6485891840016444,1.1403390190866955
86.0,93.0,1230.8408203125,-3.401256023847356,1.57471854288108,1.737643659133803,2.031361265780488,0.6969983454868589,-1.3732891186155307,-1.096902589330881,2.0988809730408686,2.6485891840016444,1.140313140404137
86.0,93.0,1230.8409423828125,-3.401256023847356,1.5747153573420702,1.737643659133803,2.031361266504844,0.6969824015463572,-1.373287692884459,-1.0969259332329366,2.098881078142558,2.648589184001666,1.1403390190866955
86.0,93.0,1230.8421630859375,-3.401256418797831,1.573443135513089,1.7349638198356798,2.0313612717270337,0.6969822407878254,-1.3733201588115338,-1.09796397880391,2.0988802490430927,2.648589184000991,1.1401169301908425
86.0,93.0,1230.8424072265625,-3.401256023847356,1.57471854288108,1.737658598260465,2.031361265780488,0.6969967469306564,-1.3733124973150057,-1.096902589330881,2.0988809730408686,2.6485891840016444,1.1403131056039828
86.0,93.0,1230.861083984375,-3.4012563928169395,1.5732817608791092,1.737643659133803,2.031361272057552,0.6969983454868589,-1.373286423197171,-1.097917825593753,2.098937727811898,2.6485891840016555,1.1403390190866955
86.0,93.0,1230.8671875,-3.401255966823643,1.573044517660944,1.7377974908164375,2.0313630494500887,0.6969967687597702,-1.3732911854197922,-1.097960840904284,2.0988809730527405,2.648589184000965,1.1403397918366402
86.0,93.0,1230.878662109375,-3.401256023847356,1.573210939929779,1.737643659133803,2.031060764476918,0.6966564963279918,-1.3734880721860565,-1.096902589330881,2.098937727811898,2.6485891840016444,1.1403390190866955
86.0,93.0,1230.880126953125,-3.401256023847356,1.57471854288108,1.74119849356956,2.031361265780488,0.6969708236239632,-1.3734537515724872,-1.096902589330881,2.0988809730408686,2.6485891840016444,1.1403117296906875
86.0,93.0,1230.8804931640625,-3.401256023847356,1.57471854288108,1.7412578202906286,2.031361265780488,0.6969708236239632,-1.3734517773828776,-1.096902589330881,2.0988809730408686,2.6485891840016444,1.1403112883580655
86.0,93.0,1230.9012451171875,-3.401254820756923,1.6291704324236276,1.737904732115113,2.013133908856344,0.6961123462242867,-1.3732464330972054,-1.0979377098035954,2.09887497511341,2.648589183894482,1.1416591233573743
86.0,93.0,1230.9033203125,-3.40125605368391,1.6276373498738377,1.734983299172759,2.012961794969325,0.6966706531041416,-1.373292078074704,-1.0968999813438849,2.098937742594684,2.6485891842907834,1.1403383725085348
86.0,93.0,1230.90966796875,-3.4012549122872824,1.6295258136964674,1.7412729824650237,2.0129592074058453,0.6961387264822159,-1.3735363722937346,-1.1402870526852098,2.0988810007599845,2.6485891839891225,1.1403113178066
86.0,93.0,1230.9150390625,-3.4012548283030544,1.6294416381227954,1.7379083520824363,2.0131215276784777,0.6966560995818369,-1.373481187709807,-1.0979349470032596,2.098890134846134,2.6485891842939573,1.1416913095155454
86.0,93.0,1230.9150390625,-3.4012548283030544,1.6294416381227954,1.7379083520824363,2.0131215276784777,0.6966560995818369,-1.373481187709807,-1.0979349470032596,2.098890134846134,2.6485891842939573,1.1416913095155454
86.0,93.0,1230.9263916015625,-3.401254820756923,1.6291704324236276,1.735123863534188,2.013339120772833,0.6961123462242867,-1.3732464330972054,-1.0979749497607063,2.09887497511341,2.648589183894482,1.1403099874460876
86.0,93.0,1230.928466796875,-3.4012559616297726,1.5698575742605374,1.7377974908164375,2.0313630494500887,0.6969967687597702,-1.3732911854197922,-1.097960840904284,2.0988809730527405,2.648589184000965,1.1403427770825838
86.0,93.0,1230.9359130859375,-3.4012564720267897,1.6295051571008774,1.7346504323907386,2.012961794969325,0.6967021746907109,-1.3734821446568,-1.0984336548226536,2.098937742594684,2.6485891842939573,1.1403383725085348
86.0,93.0,1230.9376220703125,-3.4012548500773447,1.629524785989758,1.7346504323907386,2.012961794969325,0.6961617026384632,-1.3733092758827494,-1.097951389802509,2.098937742594684,2.648589183915446,1.140308031923713
86.0,93.0,1230.9381103515625,-3.4012548500773447,1.629524785989758,1.7346745676237434,2.012959407657927,0.6961617026384632,-1.373309440987552,-1.097951389802509,2.0988747255144244,2.648589183894779,1.140308031923713
86.0,94.0,1230.420166015625,-3.401256370929384,1.5913930403175447,1.7412729824650237,2.012875979110836,0.6970496112046219,-1.3733135189511163,-1.0969003151759324,2.0988810786660186,2.648589184032712,1.1403093909426425
86.0,94.0,1230.4669189453125,-3.4012548500773447,1.575880119707614,1.7346504323907386,2.012961794969325,0.6966528036947216,-1.373309235538964,-1.0968708982109276,2.098937742594684,2.6485891840068327,1.1403383725085348
86.0,94.0,1230.4674072265625,-3.40125607889633,1.575880119707614,1.734595336561929,2.012961794969325,0.6966528036947216,-1.373309235538964,-1.0968708982109276,2.098937742594684,2.648589184001029,1.1401128766110746
86.0,94.0,1230.4674072265625,-3.40125607889633,1.575880119707614,1.734595336561929,2.012961794969325,0.6966528036947216,-1.373309235538964,-1.0968708982109276,2.098937742594684,2.648589184001029,1.1401128766110746
86.0,94.0,1230.471923828125,-3.4012548210092617,1.5748799175150592,1.7350189156644893,2.0127225085128573,0.6969822407878254,-1.3733414418749248,-1.0969526182895468,2.0988802490430927,2.6485891830693338,1.1403424260883028
86.0,94.0,1230.4752197265625,-3.401256462934556,1.5759430720829488,1.735463940097287,2.0132907108370595,0.6966562770128387,-1.3733015553620425,-1.0968658799734037,2.0988804342163334,2.648589183998876,1.1403045901910067
86.0,94.0,1230.503173828125,-3.4012564288571703,1.5709740571190778,1.7342310690034854,2.0128789206759867,0.6966962604960997,-1.3729985781296288,-1.096952742235496,2.0988810007599845,2.6485891830651083,1.1403051490658618
86.0,94.0,1230.5220947265625,-3.401256462934556,1.5734228150269534,1.7355147115917675,2.013283340395506,0.6961387264822159,-1.3734771525163565,-1.096941085082072,2.0988804342163334,2.648589183114721,1.1403045901910067
86.0,94.0,1230.5223388671875,-3.401256459297388,1.5734228150269534,1.7354941321132524,2.013283340395506,0.6961387264822159,-1.3734806202019871,-1.0969006296817074,2.0988810007599845,2.648589184032712,1.1403113178066
86.0,94.0,1230.5223388671875,-3.401256459297388,1.5734228150269534,1.7354941321132524,2.013283340395506,0.6961387264822159,-1.3734806202019871,-1.0969006296817074,2.0988810007599845,2.648589184032712,1.1403113178066
86.0,94.0,1230.5223388671875,-3.401256019948125,1.5734228150269534,1.7354941321132524,2.013283340395506,0.6961387264822159,-1.3734806202019871,-1.0969006296817074,2.098880973064702,2.648589184032712,1.1403113178066
86.0,94.0,1230.5245361328125,-3.40125477883346,1.5709963065969252,1.7346504323907386,2.012961794969325,0.6966528036947216,-1.373309235538964,-1.0969496559283358,2.0989393825907943,2.6485891829801056,1.140338837900588
86.0,94.0,1230.5247802734375,-3.401256462934556,1.57338657240573,1.7355147115917675,2.013283340395506,0.6960152446569231,-1.3734771525163565,-1.0969410984468042,2.0988804342163334,2.648589183114721,1.1403045901910067
86.0,94.0,1230.5283203125,-3.4012563770909336,1.574421521607181,1.7412729824650237,2.0138772004771126,0.6970770395655276,-1.3733135189511163,-1.0969469219176822,2.098881002781434,2.648589184032712,1.1403091428748806
86.0,94.0,1230.52880859375,-3.401256370929384,1.574421521607181,1.7412729824650237,2.0138772004771126,0.6970496112046219,-1.3733135189511163,-1.0969469219176822,2.098880972161908,2.648589184032712,1.1403091428748806
86.0,94.0,1230.6292724609375,-3.401256023847356,1.57471854288108,1.7377846889283677,2.031361265780488,0.735160140495106,-1.3732904298499158,-1.0979268651724103,2.098880972376432,2.6485891840009974,1.1403096640908146
86.0,94.0,1230.638916015625,-3.4012560381103696,1.577088755129051,1.7377372164813,2.031361144291312,0.7348419870215195,-1.3734947150868255,-1.0969101062114608,2.0989349487014275,2.6485891832206625,1.1403104202681729
86.0,94.0,1230.7216796875,-3.4167026260742905,1.5767986639739722,1.737822306118917,2.013304515105629,0.6961387264822159,-1.373471882199927,-1.096910269459205,2.0988810007599845,2.648589184032712,1.140311230678454
86.0,94.0,1230.8062744140625,-3.401256023847356,1.6242418280532789,1.7377289795385562,2.012184233427001,0.6969967687597702,-1.3732879867410128,-1.0979268651724103,2.0988810008823324,2.6485891842907967,1.1403091654225057
86.0,94.0,1230.811767578125,-3.401256426993156,1.5750798868077105,1.734353011491151,2.031361266153185,0.6969878460929594,-1.3732672095251326,-1.0969489018610543,2.098880438491262,2.6485891830970867,1.1403045171737134
86.0,94.0,1230.817626953125,-3.401254912229432,1.6295258136964674,1.7417666887962444,2.0129592074058453,0.6967448096801607,-1.3735363722937346,-1.1273067472051996,2.0988810007599845,2.6485891839891225,1.1403113178066
86.0,94.0,1230.818115234375,-3.401256037029865,1.577088755129051,1.7377297978846544,2.031361144291312,0.6961376738071187,-1.373268558180404,-1.0969101062114608,2.0988809730527405,2.6485891832206625,1.140311671421612
86.0,94.0,1230.818115234375,-3.401256037029865,1.577088755129051,1.7377297978846544,2.031361144291312,0.6961376738071187,-1.373268558180404,-1.0969100962992695,2.098880970320179,2.6485891832206625,1.1403116270616485
86.0,94.0,1230.8184814453125,-3.401256037029865,1.577088755129051,1.7377891246057229,2.031361144291312,0.6961376738071187,-1.3732665839907947,-1.0969101062114608,2.0988809730527405,2.6485891832206625,1.14031123008899
86.0,94.0,1230.81884765625,-3.401256023847356,1.57471854288108,1.7343205794030745,2.031361265783833,0.6969878623986848,-1.3732894745114088,-1.0969486717742645,2.098880972925476,2.6485891840016444,1.140313140404137
86.0,94.0,1230.8193359375,-3.401256049828247,1.5748799175150592,1.7351829791761164,2.0313612654536315,0.6969822407878254,-1.3733214284988218,-1.0979161926834549,2.0988802490430927,2.64858918400098,1.1401169301908425
86.0,94.0,1230.8193359375,-3.401256049828247,1.5748799175150592,1.7351829791761164,2.0313612654536315,0.6969822407878254,-1.3733214284988218,-1.0979161926834549,2.0988802490430927,2.64858918400098,1.1401169301908425
86.0,94.0,1230.8201904296875,-3.401256023847356,1.57471854288108,1.7344579220176517,2.031361265780488,0.6969983454868589,-1.3733015985182488,-1.0969394140541704,2.098880973089952,2.648589184001613,1.1403128589961806
86.0,94.0,1230.820556640625,-3.401256023847356,1.57471854288108,1.7345128130613647,2.031361265780488,0.6969983454868589,-1.3733015985182488,-1.0969394140541704,2.098880972413643,2.6485891840016444,1.140309382682858
86.0,94.0,1230.821044921875,-3.40125636078336,1.577076252393659,1.7377297978846544,2.031361144291312,0.6961378246048415,-1.3733133683706755,-1.0969098507712367,2.0988809730527405,2.6485891832206625,1.1403092944691542
86.0,94.0,1230.8218994140625,-3.401256023847356,1.57471854288108,1.73463615019516,2.031361265780488,0.6969983454868589,-1.3733126474233877,-1.0969394140541704,2.098880972925476,2.6485891840016444,1.140313140404137
86.0,94.0,1230.8218994140625,-3.401256049828247,1.5748799175150592,1.7349638198356798,2.031361265462819,0.6969979600828565,-1.3733214284988218,-1.096948742541038,2.0988802490430927,2.648589184000982,1.1403348037396086
86.0,94.0,1230.8221435546875,-3.401256049828247,1.5748799175150592,1.7349638198356798,2.0313612654499704,0.6969822407878254,-1.3733214284988218,-1.096948742541038,2.0988802490430927,2.64858918400098,1.1401169301908425
86.0,94.0,1230.822509765625,-3.4012548210092617,1.5748799175150592,1.7350189156644893,2.0313612654499704,0.6969822407878254,-1.3733214284988218,-1.096948742541038,2.0988802490430927,2.6485891840067834,1.1403424260883028
86.0,94.0,1230.8228759765625,-3.401256023847356,1.57471854288108,1.7347596077206813,2.031361265780488,0.6969983454868589,-1.3733124973150057,-1.096902589330881,2.0988809730408686,2.6485891840016444,1.140313140404137
86.0,94.0,1230.8228759765625,-3.401256023847356,1.57471854288108,1.7347596077206813,2.031361265780488,0.6969983454868589,-1.3733124973150057,-1.096902589330881,2.0988809730408686,2.6485891840016444,1.140313140404137
86.0,94.0,1230.823486328125,-3.401256034511272,1.5746514171722858,1.7347596077206813,2.031361265780488,0.6969983454868589,-1.3733123741668452,-1.096902589330881,2.09893791217224,2.648589184001509,1.1403368902594289
86.0,94.0,1230.824462890625,-3.4012548198803563,1.57471854288108,1.737547798941707,2.030876029129241,0.6969983454868589,-1.3732131066008502,-1.0969394140541704,2.098880972925476,2.648589184002029,1.1403375954950006
86.0,94.0,1230.824462890625,-3.4012548198803563,1.57471854288108,1.737547798941707,2.030876029129241,0.6969983454868589,-1.3732131066008502,-1.0969394140541704,2.098880972925476,2.648589184002029,1.1403375954950006
86.0,94.0,1230.8326416015625,-3.401256426993156,1.5750798868077105,1.7375526336963585,2.03136126614984,0.6969983291811334,-1.3732670037376369,-1.096939644140961,2.098880438491262,2.6485891830970867,1.1403045171737134
86.0,94.0,1230.8375244140625,-3.401256023847356,1.57471854288108,1.7377297978846544,2.031361265780488,0.6969967687597702,-1.3732904298499158,-1.0979268651724103,2.0988809730527405,2.648589184000965,1.140313140404137
86.0,94.0,1230.8375244140625,-3.401256023847356,1.57471854288108,1.7377297978846544,2.031361265780488,0.6969967687597702,-1.3732904298499158,-1.0979268651724103,2.0988810008823324,2.648589183998369,1.1403091654225057
86.0,94.0,1230.839599609375,-3.401256023847356,1.57471854288108,1.7375106385442176,2.0313612657768263,0.6969967687597702,-1.3732904298499158,-1.0969594150299933,2.0988809730527405,2.648589184000965,1.140313140404137
86.0,94.0,1230.8397216796875,-3.401256023847356,1.57471854288108,1.7375202016082816,2.031361265780488,0.6969983454868589,-1.3732892687239129,-1.0969394140541704,2.098880972925476,2.6485891840016444,1.140313140404137
86.0,94.0,1230.8399658203125,-3.401256023847356,1.57471854288108,1.737643659133803,2.031361265780488,0.6969983454868589,-1.3732769714790694,-1.096902589330881,2.0988809730408686,2.6485891840029194,1.140313140404137
86.0,94.0,1230.8399658203125,-3.401256023847356,1.57471854288108,1.737643659133803,2.031361265780488,0.6969983454868589,-1.3732769714790694,-1.096902589330881,2.0988809730408686,2.6485891840029194,1.140313140404137
86.0,94.0,1230.8402099609375,-3.401256023847356,1.57471854288108,1.737643659133803,2.031361265780488,0.6969983454868589,-1.373287692884459,-1.096902589330881,2.098937727811898,2.6485891840016444,1.1403390190866955
86.0,94.0,1230.8402099609375,-3.401256023847356,1.57471854288108,1.737643659133803,2.031361265780488,0.6969983454868589,-1.373287686691374,-1.096901980984024,2.09893722127589,2.6485891840016444,1.1403390190866955
86.0,94.0,1230.8406982421875,-3.401256023847356,1.57471854288108,1.737643659133803,2.031361265780488,0.6969983454868589,-1.373287686691374,-1.0969025856479098,2.098878629119324,2.6485891840016444,1.1403390190866955
86.0,94.0,1230.8408203125,-3.401256023847356,1.57471854288108,1.737643659133803,2.031361265780488,0.6969983454868589,-1.3732891186155307,-1.096902589330881,2.0988809730408686,2.6485891840016444,1.140313140404137
86.0,95.0,1230.32421875,-3.4012548210092617,1.5748799175150592,1.7350189156644893,2.002092158828571,0.6969822407878254,-1.3733414418749248,-1.0969526182895468,2.0988802490430927,2.6485891830693338,1.1403424260883028
86.0,95.0,1230.420166015625,-3.401256370929384,1.5913930403175447,1.7412729824650237,2.012875979110836,0.6970496112046219,-1.3733135189511163,-1.0969003151759324,2.0988810786660186,2.648589184032712,1.1403093909426425
86.0,95.0,1230.420166015625,-3.401256370929384,1.5913930403175447,1.7412729824650237,2.012875979110836,0.6970496112046219,-1.3733135189511163,-1.0969003151759324,2.0988810786660186,2.648589184032712,1.1403093909426425
86.0,95.0,1230.4669189453125,-3.4012548500773447,1.575880119707614,1.7346504323907386,2.012961794969325,0.6966528036947216,-1.373309235538964,-1.0968708982109276,2.098937742594684,2.6485891840068327,1.1403383725085348
86.0,95.0,1230.4674072265625,-3.40125607889633,1.575880119707614,1.734595336561929,2.012961794969325,0.6966528036947216,-1.373309235538964,-1.0968708982109276,2.098937742594684,2.648589184001029,1.1401128766110746
86.0,95.0,1230.4674072265625,-3.40125607889633,1.575880119707614,1.734595336561929,2.012961794969325,0.6966528036947216,-1.373309235538964,-1.0968708982109276,2.098937742594684,2.648589184001029,1.1401128766110746
86.0,95.0,1230.471923828125,-3.4012548210092617,1.5748799175150592,1.7350189156644893,2.0127225085128573,0.6969822407878254,-1.3733414418749248,-1.0969526182895468,2.0988802490430927,2.6485891830693338,1.1403424260883028
86.0,95.0,1230.4752197265625,-3.401256462934556,1.5759430720829488,1.735463940097287,2.0132907108370595,0.6966562770128387,-1.3733015553620425,-1.0968658799734037,2.0988804342163334,2.648589183998876,1.1403045901910067
86.0,95.0,1230.503173828125,-3.4012564288571703,1.5709740571190778,1.7342310690034854,2.0128789206759867,0.6966962604960997,-1.3729985781296288,-1.096952742235496,2.0988810007599845,2.6485891830651083,1.1403051490658618
86.0,95.0,1230.507568359375,-3.401256462934556,1.5746651398187106,1.735436921385069,2.013283340395506,0.6961387264822159,-1.3734881502941534,-1.096941085082072,2.0988804342163334,2.648589183114721,1.1403045901910067
86.0,95.0,1230.510009765625,-3.401256019948125,1.5733141055999482,1.7347794492496782,2.013283340395506,0.6961387264822159,-1.3733119966579797,-1.0969006046625724,2.0989398689858696,2.648589184032712,1.1403120092909866
86.0,95.0,1230.5220947265625,-3.401256462934556,1.5734228150269534,1.7355147115917675,2.013283340395506,0.6961387264822159,-1.3734771525163565,-1.096941085082072,2.0988804342163334,2.648589183114721,1.1403045901910067
86.0,95.0,1230.5223388671875,-3.401256459297388,1.5734228150269534,1.7354941321132524,2.013283340395506,0.6961387264822159,-1.3734806202019871,-1.0969006296817074,2.0988810007599845,2.648589184032712,1.1403113178066
86.0,95.0,1230.5223388671875,-3.401256459297388,1.5734228150269534,1.7354941321132524,2.013283340395506,0.6961387264822159,-1.3734806202019871,-1.0969006296817074,2.0988810007599845,2.648589184032712,1.1403113178066
86.0,95.0,1230.5223388671875,-3.401256019948125,1.5734228150269534,1.7354941321132524,2.013283340395506,0.6961387264822159,-1.3734806202019871,-1.0969006296817074,2.098880973064702,2.648589184032712,1.1403113178066
86.0,95.0,1230.5224609375,-3.4012564282888205,1.5734228150269534,1.7354941321132524,2.013283340395506,0.6961387264822159,-1.3734827421662297,-1.0969006296817074,2.0988804575465734,2.648589183097833,1.1403113178066
86.0,95.0,1230.5245361328125,-3.40125477883346,1.5709963065969252,1.7346504323907386,2.012961794969325,0.6966528036947216,-1.373309235538964,-1.0969496559283358,2.0989393825907943,2.6485891829801056,1.140338837900588
86.0,95.0,1230.5247802734375,-3.401256462934556,1.57338657240573,1.7355147115917675,2.013283340395506,0.6960152446569231,-1.3734771525163565,-1.0969410984468042,2.0988804342163334,2.648589183114721,1.1403045901910067
86.0,95.0,1230.5247802734375,-3.401256462934556,1.57338657240573,1.7355147115917675,2.013283340395506,0.6960152446569231,-1.3734771525163565,-1.0969410984468042,2.0988804342163334,2.648589183114721,1.1403045901910067
86.0,95.0,1230.5283203125,-3.4012563770909336,1.574421521607181,1.7412729824650237,2.0138772004771126,0.6970770395655276,-1.3733135189511163,-1.0969469219176822,2.098881002781434,2.648589184032712,1.1403091428748806
86.0,95.0,1230.52880859375,-3.401256370929384,1.574421521607181,1.7412729824650237,2.0138772004771126,0.6970496112046219,-1.3733135189511163,-1.0969469219176822,2.098880972161908,2.648589184032712,1.1403091428748806
86.0,95.0,1230.52978515625,-3.401254899313039,1.5744196945414592,1.7412729824650237,2.0138772004771126,0.6969991719752497,-1.3733135189511163,-1.096947024980787,2.098880972164717,2.648589184032108,1.1403111745462935
86.0,95.0,1230.6292724609375,-3.401256023847356,1.57471854288108,1.7377846889283677,2.031361265780488,0.735160140495106,-1.3732904298499158,-1.0979268651724103,2.098880972376432,2.6485891840009974,1.1403096640908146
86.0,95.0,1230.638916015625,-3.4012560381103696,1.577088755129051,1.7377372164813,2.031361144291312,0.7348419870215195,-1.3734947150868255,-1.0969101062114608,2.0989349487014275,2.6485891832206625,1.1403104202681729
86.0,95.0,1230.7216796875,-3.4167026260742905,1.5767986639739722,1.737822306118917,2.013304515105629,0.6961387264822159,-1.373471882199927,-1.096910269459205,2.0988810007599845,2.648589184032712,1.140311230678454
86.0,95.0,1230.803466796875,-3.4012560256646256,1.577088755129051,1.737967990712976,2.031361144291312,0.6970524394263744,-1.373268686275775,-1.0969087718062245,2.0988809730527405,2.6485891832206625,1.140311671421612
86.0,95.0,1230.8062744140625,-3.401256023847356,1.6242418280532789,1.7377289795385562,2.012184233427001,0.6969967687597702,-1.3732879867410128,-1.0979268651724103,2.0988810008823324,2.6485891842907967,1.1403091654225057
86.0,95.0,1230.811767578125,-3.401256426993156,1.5750798868077105,1.734353011491151,2.031361266153185,0.6969878460929594,-1.3732672095251326,-1.0969489018610543,2.098880438491262,2.6485891830970867,1.1403045171737134
86.0,95.0,1230.811767578125,-3.401256413229667,1.5750798868077105,1.734353011491151,2.0313611469820585,0.6969878460929594,-1.3732672095251326,-1.0969502092112002,2.098880437980416,2.6485891830970867,1.1403044887771945
86.0,95.0,1230.8172607421875,-3.4012560501301947,1.5748799175150592,1.7351678712673908,2.0313612657842226,0.6969879458438694,-1.3732896456987886,-1.0979161926834549,2.0988802490430927,2.648589184000983,1.140306768459342
86.0,95.0,1230.817626953125,-3.401254912229432,1.6295258136964674,1.7417666887962444,2.0129592074058453,0.6967448096801607,-1.3735363722937346,-1.1273067472051996,2.0988810007599845,2.6485891839891225,1.1403113178066
86.0,95.0,1230.818115234375,-3.401256037029865,1.577088755129051,1.7377297978846544,2.031361144291312,0.6961376738071187,-1.373268558180404,-1.0969101062114608,2.0988809730527405,2.6485891832206625,1.140311671421612
86.0,95.0,1230.818115234375,-3.401256037029865,1.577088755129051,1.7377297978846544,2.031361144291312,0.6961376738071187,-1.373268558180404,-1.0969100962992695,2.098880970320179,2.6485891832206625,1.1403116270616485
86.0,95.0,1230.8184814453125,-3.401256037029865,1.577088755129051,1.7377891246057229,2.031361144291312,0.6961376738071187,-1.3732665839907947,-1.0969101062114608,2.0988809730527405,2.6485891832206625,1.14031123008899
86.0,95.0,1230.81884765625,-3.401256023847356,1.57471854288108,1.7343205794030745,2.031361265783833,0.6969878623986848,-1.3732894745114088,-1.0969486717742645,2.098880972925476,2.6485891840016444,1.140313140404137
86.0,95.0,1230.8193359375,-3.401256049828247,1.5748799175150592,1.7351829791761164,2.0313612654536315,0.6969822407878254,-1.3733214284988218,-1.0979161926834549,2.0988802490430927,2.64858918400098,1.1401169301908425
86.0,95.0,1230.8193359375,-3.401256049828247,1.5748799175150592,1.7351829791761164,2.0313612654536315,0.6969822407878254,-1.3733214284988218,-1.0979161926834549,2.0988802490430927,2.64858918400098,1.1401169301908425
86.0,95.0,1230.8193359375,-3.401254819160296,1.577088755129051,1.7378982493061446,2.031361144291312,0.6961376738071187,-1.3732665839907947,-1.0969086984263374,2.0988810243544527,2.648589183225189,1.14031123008899
86.0,95.0,1230.8201904296875,-3.401256023847356,1.57471854288108,1.7344579220176517,2.031361265780488,0.6969983454868589,-1.3733015985182488,-1.0969394140541704,2.098880973089952,2.648589184001613,1.1403128589961806
86.0,95.0,1230.820556640625,-3.401256023847356,1.57471854288108,1.7345128130613647,2.031361265780488,0.6969983454868589,-1.3733015985182488,-1.0969394140541704,2.098880972413643,2.6485891840016444,1.140309382682858
86.0,95.0,1230.82080078125,-3.401254912229432,1.6295258136964674,1.7419678195458563,2.012878735779534,0.6967448096801607,-1.3735274801718345,-1.1278473813611851,2.0988810007599845,2.648589183928607,1.1403113178066
86.0,95.0,1230.8209228515625,-3.401256023545408,1.57471854288108,1.7343356873118,2.031361265453242,0.696982157342641,-1.373321257311442,-1.0969486717742645,2.098880972925476,2.6485891840016413,1.1401233021356376
86.0,95.0,1230.821044921875,-3.40125636078336,1.577076252393659,1.7377297978846544,2.031361144291312,0.6961378246048415,-1.3733133683706755,-1.0969098507712367,2.0988809730527405,2.6485891832206625,1.1403092944691542
86.0,95.0,1230.8218994140625,-3.401256023847356,1.57471854288108,1.73463615019516,2.031361265780488,0.6969983454868589,-1.3733126474233877,-1.0969394140541704,2.098880972925476,2.6485891840016444,1.140313140404137
86.0,95.0,1230.8218994140625,-3.401256049828247,1.5748799175150592,1.7349638198356798,2.031361265462819,0.6969979600828565,-1.3733214284988218,-1.096948742541038,2.0988802490430927,2.648589184000982,1.1403348037396086
86.0,95.0,1230.8221435546875,-3.401256049828247,1.5748799175150592,1.7349638198356798,2.0313612654499704,0.6969822407878254,-1.3733214284988218,-1.096948742541038,2.0988802490430927,2.64858918400098,1.1401169301908425
86.0,95.0,1230.822509765625,-3.4012548210092617,1.5748799175150592,1.7350189156644893,2.0313612654499704,0.6969822407878254,-1.3733214284988218,-1.096948742541038,2.0988802490430927,2.6485891840067834,1.1403424260883028
86.0,95.0,1230.8228759765625,-3.401256023847356,1.57471854288108,1.7347596077206813,2.031361265780488,0.6969983454868589,-1.3733124973150057,-1.096902589330881,2.0988809730408686,2.6485891840016444,1.140313140404137
86.0,95.0,1230.8228759765625,-3.401256023847356,1.57471854288108,1.7347596077206813,2.031361265780488,0.6969983454868589,-1.3733124973150057,-1.096902589330881,2.0988809730408686,2.6485891840016444,1.140313140404137
86.0,95.0,1230.823486328125,-3.401256034511272,1.5746514171722858,1.7347596077206813,2.031361265780488,0.6969983454868589,-1.3733123741668452,-1.096902589330881,2.09893791217224,2.648589184001509,1.1403368902594289
86.0,96.0,1230.291015625,-3.401256146983227,1.5748799175150592,1.7351678712673908,1.9997222012944933,0.6969879458438694,-1.3732896456987886,-1.0979161926834549,2.0988802490430927,2.648589184000983,1.1403049997100836
86.0,96.0,1230.32421875,-3.4012548210092617,1.5748799175150592,1.7350189156644893,2.002092158828571,0.6969822407878254,-1.3733414418749248,-1.0969526182895468,2.0988802490430927,2.6485891830693338,1.1403424260883028
86.0,96.0,1230.4044189453125,-3.401256370929384,1.5913930403175447,1.7356259539711982,2.012875979110836,0.6961326926985978,-1.3733135189511163,-1.0969003151759324,2.0988804565589603,2.648589183039692,1.1403045804155798
86.0,96.0,1230.420166015625,-3.401256370929384,1.5913930403175447,1.7412729824650237,2.012875979110836,0.6970496112046219,-1.3733135189511163,-1.0969003151759324,2.0988810786660186,2.648589184032712,1.1403093909426425
86.0,96.0,1230.420166015625,-3.401256370929384,1.5913930403175447,1.7412729824650237,2.012875979110836,0.6970496112046219,-1.3733135189511163,-1.0969003151759324,2.0988810786660186,2.648589184032712,1.1403093909426425
86.0,96.0,1230.4510498046875,-3.4012560777422363,1.575880119707614,1.7345927970055828,2.012204099543147,0.6966528036947216,-1.3733102677273317,-1.0979863852898994,2.098937742594684,2.648589184001018,1.1400968246968164
86.0,96.0,1230.4669189453125,-3.4012548500773447,1.575880119707614,1.7346504323907386,2.012961794969325,0.6966528036947216,-1.373309235538964,-1.0968708982109276,2.098937742594684,2.6485891840068327,1.1403383725085348
86.0,96.0,1230.4674072265625,-3.40125607889633,1.575880119707614,1.734595336561929,2.012961794969325,0.6966528036947216,-1.373309235538964,-1.0968708982109276,2.098937742594684,2.648589184001029,1.1401128766110746
86.0,96.0,1230.4674072265625,-3.40125607889633,1.575880119707614,1.734595336561929,2.012961794969325,0.6966528036947216,-1.373309235538964,-1.0968708982109276,2.098937742594684,2.648589184001029,1.1401128766110746
86.0,96.0,1230.471923828125,-3.4012548210092617,1.5748799175150592,1.7350189156644893,2.0127225085128573,0.6969822407878254,-1.3733414418749248,-1.0969526182895468,2.0988802490430927,2.6485891830693338,1.1403424260883028
86.0,96.0,1230.4752197265625,-3.401256462934556,1.5759430720829488,1.735463940097287,2.0132907108370595,0.6966562770128387,-1.3733015553620425,-1.0968658799734037,2.0988804342163334,2.648589183998876,1.1403045901910067
86.0,96.0,1230.4849853515625,-3.4012564282888205,1.5744103601756485,1.7354941321132524,2.013283340395506,0.6970727364357507,-1.3733066023898497,-1.096902522111812,2.09888101749585,2.6485891840060773,1.1403113575295567
86.0,96.0,1230.4864501953125,-3.40125607889633,1.5758535616786746,1.735466080365069,2.013283566859992,0.6966528036947216,-1.3734781621446572,-1.0968712508966287,2.0988782961504047,2.6485891831138644,1.1401128766110746
86.0,96.0,1230.498046875,-3.401256044423429,1.574433841956788,1.7347794492496782,2.013283340395506,0.6960570939147719,-1.3733119966579797,-1.0969006046625724,2.0989398689858696,2.648589184032712,1.1403112122114645
86.0,96.0,1230.503173828125,-3.4012564288571703,1.5709740571190778,1.7342310690034854,2.0128789206759867,0.6966962604960997,-1.3729985781296288,-1.096952742235496,2.0988810007599845,2.6485891830651083,1.1403051490658618
86.0,96.0,1230.5042724609375,-3.401256352030788,1.5709961149843925,1.7346369531160373,2.0128789206759867,0.6966962604960997,-1.3729922533473962,-1.096952742235496,2.0988810007599845,2.6485891830651083,1.1403381179295793
86.0,96.0,1230.507568359375,-3.401256462934556,1.5746651398187106,1.735436921385069,2.013283340395506,0.6961387264822159,-1.3734881502941534,-1.096941085082072,2.0988804342163334,2.648589183114721,1.1403045901910067
86.0,96.0,1230.510009765625,-3.401256019948125,1.5733141055999482,1.7347794492496782,2.013283340395506,0.6961387264822159,-1.3733119966579797,-1.0969006046625724,2.0989398689858696,2.648589184032712,1.1403120092909866
86.0,96.0,1230.510009765625,-3.401256017935353,1.5733141055999482,1.7347794492496782,2.013283340395506,0.6961387264822159,-1.3733119966579797,-1.0969004521043464,2.0989398689858696,2.648589184072896,1.1403119294627952
86.0,96.0,1230.5220947265625,-3.401256462934556,1.5734228150269534,1.7355147115917675,2.013283340395506,0.6961387264822159,-1.3734771525163565,-1.096941085082072,2.0988804342163334,2.648589183114721,1.1403045901910067
86.0,96.0,1230.5223388671875,-3.401256459297388,1.5734228150269534,1.7354941321132524,2.013283340395506,0.6961387264822159,-1.3734806202019871,-1.0969006296817074,2.0988810007599845,2.648589184032712,1.1403113178066
86.0,96.0,1230.5223388671875,-3.401256459297388,1.5734228150269534,1.7354941321132524,2.013283340395506,0.6961387264822159,-1.3734806202019871,-1.0969006296817074,2.0988810007599845,2.648589184032712,1.1403113178066
86.0,96.0,1230.5223388671875,-3.401256019948125,1.5734228150269534,1.7354941321132524,2.013283340395506,0.6961387264822159,-1.3734806202019871,-1.0969006296817074,2.098880973064702,2.648589184032712,1.1403113178066
86.0,96.0,1230.5223388671875,-3.4012564604748228,1.5734228150269534,1.7354941321132524,2.013283340395506,0.6961692197806716,-1.3734888265061866,-1.0969006296817074,2.098880973064702,2.64858918403304,1.1403113178066
86.0,96.0,1230.5224609375,-3.4012564282888205,1.5734228150269534,1.7354941321132524,2.013283340395506,0.6961387264822159,-1.3734827421662297,-1.0969006296817074,2.0988804575465734,2.648589183097833,1.1403113178066
86.0,96.0,1230.5238037109375,-3.401256485531071,1.5733742206338337,1.7354941321132524,2.013283340395506,0.6961387264822159,-1.3734961328695372,-1.0969006034325586,2.09887965782771,2.648589184032712,1.1403113178066
86.0,96.0,1230.5245361328125,-3.40125477883346,1.5709963065969252,1.7346504323907386,2.012961794969325,0.6966528036947216,-1.373309235538964,-1.0969496559283358,2.0989393825907943,2.6485891829801056,1.140338837900588
86.0,96.0,1230.5247802734375,-3.401256462934556,1.57338657240573,1.7355147115917675,2.013283340395506,0.6960152446569231,-1.3734771525163565,-1.0969410984468042,2.0988804342163334,2.648589183114721,1.1403045901910067
86.0,96.0,1230.5247802734375,-3.401256462934556,1.57338657240573,1.7355147115917675,2.013283340395506,0.6960152446569231,-1.3734771525163565,-1.0969410984468042,2.0988804342163334,2.648589183114721,1.1403045901910067
86.0,96.0,1230.5247802734375,-3.4012564649473287,1.57338657240573,1.7355147115917675,2.013283340395506,0.6960152446569231,-1.3734771525163565,-1.0969412510050305,2.0988804342163334,2.648589183074537,1.140304670019198
86.0,96.0,1230.5283203125,-3.4012563770909336,1.574421521607181,1.7412729824650237,2.0138772004771126,0.6970770395655276,-1.3733135189511163,-1.0969469219176822,2.098881002781434,2.648589184032712,1.1403091428748806
86.0,96.0,1230.52880859375,-3.401256370929384,1.574421521607181,1.7412729824650237,2.0138772004771126,0.6970496112046219,-1.3733135189511163,-1.0969469219176822,2.098880972161908,2.648589184032712,1.1403091428748806
86.0,96.0,1230.529541015625,-3.4012564275236694,1.5710449566124574,1.7342825270450115,2.0129283768658595,0.6961412497440884,-1.3732769206336275,-1.096952742235496,2.0988810007599845,2.6485891830651083,1.1403052759465917
86.0,96.0,1230.52978515625,-3.401254899313039,1.5744196945414592,1.7412729824650237,2.0138772004771126,0.6969991719752497,-1.3733135189511163,-1.096947024980787,2.098880972164717,2.648589184032108,1.1403111745462935
86.0,96.0,1230.568115234375,-3.4012563770909336,1.573433976458486,1.7412729824650237,2.0138772004771126,0.6961430296119928,-1.3734896587274965,-1.0969450294875775,2.098880442832157,2.648589183124468,1.1403091031519237
86.0,96.0,1230.6292724609375,-3.401256023847356,1.57471854288108,1.7377846889283677,2.031361265780488,0.735160140495106,-1.3732904298499158,-1.0979268651724103,2.098880972376432,2.6485891840009974,1.1403096640908146
86.0,96.0,1230.638916015625,-3.4012560381103696,1.577088755129051,1.7377372164813,2.031361144291312,0.7348419870215195,-1.3734947150868255,-1.0969101062114608,2.0989349487014275,2.6485891832206625,1.1403104202681729
86.0,96.0,1230.6982421875,-3.401256370929384,1.5913930403175447,1.7413003917951717,2.0319898907920035,0.6970800520724852,-1.3733135189511163,-1.0969003151759324,2.0988810786660186,2.6485891840158544,1.1403093909426425
86.0,96.0,1230.7216796875,-3.4167026260742905,1.5767986639739722,1.737822306118917,2.013304515105629,0.6961387264822159,-1.373471882199927,-1.096910269459205,2.0988810007599845,2.648589184032712,1.140311230678454
86.0,96.0,1230.791259765625,-3.4012560383633663,1.577017855635671,1.7377376665641966,2.031311688101438,0.6966926845591299,-1.3729882414867958,-1.0969101062114608,2.0988809730527405,2.6485891832206625,1.1403111032082602
86.0,96.0,1230.803466796875,-3.4012560256646256,1.577088755129051,1.737967990712976,2.031361144291312,0.6970524394263744,-1.373268686275775,-1.0969087718062245,2.0988809730527405,2.6485891832206625,1.140311671421612
86.0,96.0,1230.8062744140625,-3.401256023847356,1.6242418280532789,1.7377289795385562,2.012184233427001,0.6969967687597702,-1.3732879867410128,-1.0979268651724103,2.0988810008823324,2.6485891842907967,1.1403091654225057
86.0,96.0,1230.811767578125,-3.401256426993156,1.5750798868077105,1.734353011491151,2.031361266153185,0.6969878460929594,-1.3732672095251326,-1.0969489018610543,2.098880438491262,2.6485891830970867,1.1403045171737134
86.0,96.0,1230.811767578125,-3.401256413229667,1.5750798868077105,1.734353011491151,2.0313611469820585,0.6969878460929594,-1.3732672095251326,-1.0969502092112002,2.098880437980416,2.6485891830970867,1.1403044887771945
86.0,96.0,1230.8128662109375,-3.4012564254104527,1.5750969030017186,1.734353011491151,2.0313611469820585,0.6969878460929594,-1.3732902322416571,-1.0969502092112002,2.098880984144078,2.648589183153147,1.1403096081031248
86.0,96.0,1230.8172607421875,-3.4012560501301947,1.5748799175150592,1.7351678712673908,2.0313612657842226,0.6969879458438694,-1.3732896456987886,-1.0979161926834549,2.0988802490430927,2.648589184000983,1.140306768459342
86.0,96.0,1230.817626953125,-3.401254912229432,1.6295258136964674,1.7417666887962444,2.0129592074058453,0.6967448096801607,-1.3735363722937346,-1.1273067472051996,2.0988810007599845,2.6485891839891225,1.1403113178066
86.0,96.0,1230.818115234375,-3.401256037029865,1.577088755129051,1.7377297978846544,2.031361144291312,0.6961376738071187,-1.373268558180404,-1.0969101062114608,2.0988809730527405,2.6485891832206625,1.140311671421612
86.0,96.0,1230.818115234375,-3.401256037029865,1.577088755129051,1.7377297978846544,2.031361144291312,0.6961376738071187,-1.373268558180404,-1.0969100962992695,2.098880970320179,2.6485891832206625,1.1403116270616485
86.0,96.0,1230.8184814453125,-3.401256037029865,1.577088755129051,1.7377891246057229,2.031361144291312,0.6961376738071187,-1.3732665839907947,-1.0969101062114608,2.0988809730527405,2.6485891832206625,1.14031123008899
86.0,97.0,1230.279541015625,-3.4012560777422363,1.575880119707614,1.7345927970055828,1.99886281049555,0.6966528036947216,-1.3733102677273317,-1.0979863852898994,2.098937742594684,2.648589184001018,1.1400968246968164
86.0,97.0,1230.291015625,-3.401256146983227,1.5748799175150592,1.7351678712673908,1.9997222012944933,0.6969879458438694,-1.3732896456987886,-1.0979161926834549,2.0988802490430927,2.648589184000983,1.1403049997100836
86.0,97.0,1230.2916259765625,-3.401256105953556,1.5748799175150592,1.7354791441194062,1.9997222012944933,0.6970105310095659,-1.3732888060457216,-1.0979161926834549,2.0988802490430927,2.648589184000983,1.1403114335062932
86.0,97.0,1230.32421875,-3.4012548210092617,1.5748799175150592,1.7350189156644893,2.002092158828571,0.6969822407878254,-1.3733414418749248,-1.0969526182895468,2.0988802490430927,2.6485891830693338,1.1403424260883028
86.0,97.0,1230.32421875,-3.4012548210092617,1.5748799175150592,1.7350189156644893,2.002092158828571,0.6969822407878254,-1.3733414418749248,-1.0969526182895468,2.0988802490430927,2.6485891830693338,1.1403424260883028
86.0,97.0,1230.4044189453125,-3.401256370929384,1.5913930403175447,1.7356259539711982,2.012875979110836,0.6961326926985978,-1.3733135189511163,-1.0969003151759324,2.0988804565589603,2.648589183039692,1.1403045804155798
86.0,97.0,1230.408447265625,-3.401256370929384,1.5914111840684289,1.7354811439585405,2.0132916572335136,0.6961326926985978,-1.3733135189511163,-1.0969006321453438,2.098880980692554,2.6485891839870623,1.1403112120897234
86.0,97.0,1230.419189453125,-3.401256367077141,1.5913930403175447,1.7410067204207424,2.012875979110836,0.6970081438716785,-1.3733135189511163,-1.0969006219589417,2.0988810786660186,2.648589184032712,1.140309307761498
86.0,97.0,1230.420166015625,-3.401256370929384,1.5913930403175447,1.7412729824650237,2.012875979110836,0.6970496112046219,-1.3733135189511163,-1.0969003151759324,2.0988810786660186,2.648589184032712,1.1403093909426425
86.0,97.0,1230.420166015625,-3.401256370929384,1.5913930403175447,1.7412729824650237,2.012875979110836,0.6970496112046219,-1.3733135189511163,-1.0969003151759324,2.0988810786660186,2.648589184032712,1.1403093909426425
86.0,97.0,1230.420166015625,-3.401256370929384,1.5913930403175447,1.7412729824650237,2.012875979110836,0.6970496112046219,-1.3733135189511163,-1.0969003151759324,2.0988810786660186,2.648589184032712,1.1403093909426425
86.0,97.0,1230.4510498046875,-3.4012560777422363,1.575880119707614,1.7345927970055828,2.012204099543147,0.6966528036947216,-1.3733102677273317,-1.0979863852898994,2.098937742594684,2.648589184001018,1.1400968246968164
86.0,97.0,1230.4669189453125,-3.4012548500773447,1.575880119707614,1.7346504323907386,2.012961794969325,0.6966528036947216,-1.373309235538964,-1.0968708982109276,2.098937742594684,2.6485891840068327,1.1403383725085348
86.0,97.0,1230.4669189453125,-3.4012548500773447,1.575880119707614,1.7346504323907386,2.012961794969325,0.6966528036947216,-1.373309235538964,-1.0968708982109276,2.098937742594684,2.6485891840068327,1.1403383725085348
86.0,97.0,1230.4674072265625,-3.40125607889633,1.575880119707614,1.734595336561929,2.012961794969325,0.6966528036947216,-1.373309235538964,-1.0968708982109276,2.098937742594684,2.648589184001029,1.1401128766110746
86.0,97.0,1230.4674072265625,-3.40125607889633,1.575880119707614,1.734595336561929,2.012961794969325,0.6966528036947216,-1.373309235538964,-1.0968708982109276,2.098937742594684,2.648589184001029,1.1401128766110746
86.0,97.0,1230.4674072265625,-3.40125607889633,1.575880119707614,1.734595336561929,2.012961794969325,0.6966528036947216,-1.373309235538964,-1.0968708982109276,2.098937742594684,2.648589184001029,1.1401128766110746
86.0,97.0,1230.4674072265625,-3.40125607889633,1.575880119707614,1.734595336561929,2.012961794969325,0.6966528036947216,-1.373309235538964,-1.0968708982109276,2.098937742594684,2.648589184001029,1.1401128766110746
86.0,97.0,1230.471923828125,-3.4012548210092617,1.5748799175150592,1.7350189156644893,2.0127225085128573,0.6969822407878254,-1.3733414418749248,-1.0969526182895468,2.0988802490430927,2.6485891830693338,1.1403424260883028
86.0,97.0,1230.471923828125,-3.4012548210092617,1.5748799175150592,1.735012252345556,2.0127225085128573,0.6969822407878254,-1.3733414418749248,-1.0969557470185267,2.0988802490430927,2.648589184080905,1.1403129022048848
86.0,97.0,1230.4752197265625,-3.401256462934556,1.5759430720829488,1.735463940097287,2.0132907108370595,0.6966562770128387,-1.3733015553620425,-1.0968658799734037,2.0988804342163334,2.648589183998876,1.1403045901910067
86.0,97.0,1230.4752197265625,-3.401256462934556,1.5759430720829488,1.735463940097287,2.0132907108370595,0.6966562770128387,-1.3733015553620425,-1.0968658799734037,2.0988804342163334,2.648589183998876,1.1403045901910067
86.0,97.0,1230.4832763671875,-3.401256426993156,1.573484335818458,1.734353011491151,2.0129052940280303,0.6969878460929594,-1.3732672095251326,-1.0969489018610543,2.09888043819623,2.648589183097076,1.1403046091753504
86.0,97.0,1230.4849853515625,-3.4012564282888205,1.5744103601756485,1.7354941321132524,2.013283340395506,0.6970727364357507,-1.3733066023898497,-1.096902522111812,2.09888101749585,2.6485891840060773,1.1403113575295567
86.0,97.0,1230.4864501953125,-3.40125607889633,1.5758535616786746,1.735466080365069,2.013283566859992,0.6966528036947216,-1.3734781621446572,-1.0968712508966287,2.0988782961504047,2.6485891831138644,1.1401128766110746
86.0,97.0,1230.498046875,-3.401256044423429,1.574433841956788,1.7347794492496782,2.013283340395506,0.6960570939147719,-1.3733119966579797,-1.0969006046625724,2.0989398689858696,2.648589184032712,1.1403112122114645
86.0,97.0,1230.503173828125,-3.4012564288571703,1.5709740571190778,1.7342310690034854,2.0128789206759867,0.6966962604960997,-1.3729985781296288,-1.096952742235496,2.0988810007599845,2.6485891830651083,1.1403051490658618
86.0,97.0,1230.504150390625,-3.4012549069754456,1.5709961149843925,1.7346051703523526,2.0128789206759867,0.6966962604960997,-1.3729922533473962,-1.096952742235496,2.0988809716382155,2.6485891830651083,1.1403381179295793
86.0,97.0,1230.5042724609375,-3.401256352030788,1.5709961149843925,1.7346369531160373,2.0128789206759867,0.6966962604960997,-1.3729922533473962,-1.096952742235496,2.0988810007599845,2.6485891830651083,1.1403381179295793
86.0,97.0,1230.507568359375,-3.401256462934556,1.5746651398187106,1.735436921385069,2.013283340395506,0.6961387264822159,-1.3734881502941534,-1.096941085082072,2.0988804342163334,2.648589183114721,1.1403045901910067
86.0,97.0,1230.5084228515625,-3.401256459297388,1.5734228150269534,1.7355089153057237,2.0129670744196564,0.6966451046630148,-1.3734806202019871,-1.0969006296817074,2.098882980390592,2.648589184032712,1.1403113178066
86.0,97.0,1230.5086669921875,-3.401256449526762,1.5734228150269534,1.7354941321132524,2.013283340395506,0.6969823122531293,-1.3734921119080812,-1.0968592762383322,2.09888023165492,2.648589184032712,1.1403039847747347
86.0,97.0,1230.510009765625,-3.401256019948125,1.5733141055999482,1.7347794492496782,2.013283340395506,0.6961387264822159,-1.3733119966579797,-1.0969006046625724,2.0989398689858696,2.648589184032712,1.1403120092909866
86.0,97.0,1230.510009765625,-3.401256017935353,1.5733141055999482,1.7347794492496782,2.013283340395506,0.6961387264822159,-1.3733119966579797,-1.0969004521043464,2.0989398689858696,2.648589184072896,1.1403119294627952
86.0,97.0,1230.510009765625,-3.401256017935353,1.5733141055999482,1.7347794492496782,2.013283340395506,0.6961387264822159,-1.3733119966579797,-1.0969004521043464,2.0989398689858696,2.648589184072896,1.1403119294627952
86.0,97.0,1230.5220947265625,-3.401256462934556,1.5734228150269534,1.7355147115917675,2.013283340395506,0.6961387264822159,-1.3734771525163565,-1.096941085082072,2.0988804342163334,2.648589183114721,1.1403045901910067
86.0,97.0,1230.5223388671875,-3.401256459297388,1.5734228150269534,1.7354941321132524,2.013283340395506,0.6961387264822159,-1.3734806202019871,-1.0969006296817074,2.0988810007599845,2.648589184032712,1.1403113178066
86.0,97.0,1230.5223388671875,-3.401256459297388,1.5734228150269534,1.7354941321132524,2.013283340395506,0.6961387264822159,-1.3734806202019871,-1.0969006296817074,2.0988810007599845,2.648589184032712,1.1403113178066
86.0,97.0,1230.5223388671875,-3.401256019948125,1.5734228150269534,1.7354941321132524,2.013283340395506,0.6961387264822159,-1.3734806202019871,-1.0969006296817074,2.098880973064702,2.648589184032712,1.1403113178066
86.0,97.0,1230.5223388671875,-3.4012564604748228,1.5734228150269534,1.7354941321132524,2.013283340395506,0.6961692197806716,-1.3734888265061866,-1.0969006296817074,2.098880973064702,2.64858918403304,1.1403113178066
86.0,97.0,1230.5224609375,-3.4012564282888205,1.5734228150269534,1.7354941321132524,2.013283340395506,0.6961387264822159,-1.3734827421662297,-1.0969006296817074,2.0988804575465734,2.648589183097833,1.1403113178066
86.0,97.0,1230.5225830078125,-3.401256462934556,1.57338657240573,1.7355147115917675,2.013283340395506,0.6961377903006144,-1.3734771525163565,-1.0969410984468042,2.0988804342163334,2.648589183114721,1.1403045901910067
86.0,97.0,1230.5238037109375,-3.401256485531071,1.5733742206338337,1.7354941321132524,2.013283340395506,0.6961387264822159,-1.3734961328695372,-1.0969006034325586,2.09887965782771,2.648589184032712,1.1403113178066
86.0,97.0,1230.5238037109375,-3.401256466784799,1.5734218373467674,1.7356598478038447,2.0132912523327446,0.6961387179983396,-1.3734908174996454,-1.096941085082072,2.0988804345811216,2.6485891831149853,1.1403045901910067
86.0,97.0,1230.5245361328125,-3.40125477883346,1.5709963065969252,1.7346504323907386,2.012961794969325,0.6966528036947216,-1.373309235538964,-1.0969496559283358,2.0989393825907943,2.6485891829801056,1.140338837900588
86.0,97.0,1230.5247802734375,-3.401256462934556,1.57338657240573,1.7355147115917675,2.013283340395506,0.6960152446569231,-1.3734771525163565,-1.0969410984468042,2.0988804342163334,2.648589183114721,1.1403045901910067
86.0,97.0,1230.5247802734375,-3.401256462934556,1.57338657240573,1.7355147115917675,2.013283340395506,0.6960152446569231,-1.3734771525163565,-1.0969410984468042,2.0988804342163334,2.648589183114721,1.1403045901910067
86.0,97.0,1230.5247802734375,-3.4012564649473287,1.57338657240573,1.7355147115917675,2.013283340395506,0.6960152446569231,-1.3734771525163565,-1.0969412510050305,2.0988804342163334,2.648589183074537,1.140304670019198
86.0,97.0,1230.525390625,-3.40125607889633,1.5758634167520682,1.734595336561929,2.012961794969325,0.6961549336711619,-1.373309235538964,-1.119755780068108,2.098937742594684,2.648589184001029,1.1401128766110746
86.0,97.0,1230.5283203125,-3.4012563770909336,1.574421521607181,1.7412729824650237,2.0138772004771126,0.6970770395655276,-1.3733135189511163,-1.0969469219176822,2.098881002781434,2.648589184032712,1.1403091428748806
86.0,98.0,1230.279541015625,-3.4012560777422363,1.575880119707614,1.7345927970055828,1.99886281049555,0.6966528036947216,-1.3733102677273317,-1.0979863852898994,2.098937742594684,2.648589184001018,1.1400968246968164
86.0,98.0,1230.284423828125,-3.4012560777422363,1.575880119707614,1.7345927970055828,1.99886281049555,0.6966528036947216,-1.3733183650479133,-1.0968485114697708,2.0989377022109093,2.648589184002448,1.1400968246968164
86.0,98.0,1230.2904052734375,-3.401254841784416,1.5748799175150592,1.7354642793687278,1.9996071472267696,0.6970139719369202,-1.3732893320349435,-1.0978515108434337,2.0988802490430927,2.6485891830693338,1.1403424260883028
86.0,98.0,1230.291015625,-3.401256146983227,1.5748799175150592,1.7351678712673908,1.9997222012944933,0.6969879458438694,-1.3732896456987886,-1.0979161926834549,2.0988802490430927,2.648589184000983,1.1403049997100836
86.0,98.0,1230.2916259765625,-3.401256105953556,1.5748799175150592,1.7354791441194062,1.9997222012944933,0.6970105310095659,-1.3732888060457216,-1.0979161926834549,2.0988802490430927,2.648589184000983,1.1403114335062932
86.0,98.0,1230.2933349609375,-3.401256105953556,1.5749179849142354,1.7346223897630768,1.999592178787391,0.6966523726845142,-1.3732888060457216,-1.0979185840514971,2.0988802490430927,2.648589184000983,1.1401055487745169
86.0,98.0,1230.32421875,-3.4012548210092617,1.5748799175150592,1.7350189156644893,2.002092158828571,0.6969822407878254,-1.3733414418749248,-1.0969526182895468,2.0988802490430927,2.6485891830693338,1.1403424260883028
86.0,98.0,1230.32421875,-3.4012548210092617,1.5748799175150592,1.7350189156644893,2.002092158828571,0.6969822407878254,-1.3733414418749248,-1.0969526182895468,2.0988802490430927,2.6485891830693338,1.1403424260883028
86.0,98.0,1230.3338623046875,-3.4012564524540263,1.5746659896495938,1.735436921385069,1.999680876313696,0.6952691344480797,-1.3734881502941534,-1.096941085082072,2.0988804342163334,2.6485891831650794,1.1403045901910067
86.0,98.0,1230.39892578125,-3.401256370929384,1.5913930403175447,1.7356259539711982,2.012363266303586,0.6961326926985978,-1.3733135189511163,-1.0969003151759324,2.0988804565589603,2.6485891840932254,1.1403041853764453
86.0,98.0,1230.40380859375,-3.401256367104626,1.5914111976771002,1.7354811439585405,2.012874177340281,0.6961326926985978,-1.3733135189511163,-1.0969006218407906,2.098880980692554,2.6485891839886,1.1403112120897234
86.0,98.0,1230.4044189453125,-3.401256370929384,1.5913930403175447,1.7356259539711982,2.012875979110836,0.6961326926985978,-1.3733135189511163,-1.0969003151759324,2.0988804565589603,2.648589183039692,1.1403045804155798
86.0,98.0,1230.408447265625,-3.401256370929384,1.5914111840684289,1.7354811439585405,2.0132916572335136,0.6961326926985978,-1.3733135189511163,-1.0969006321453438,2.098880980692554,2.6485891839870623,1.1403112120897234
86.0,98.0,1230.419189453125,-3.401256367077141,1.5913930403175447,1.7410067204207424,2.012875979110836,0.6970081438716785,-1.3733135189511163,-1.0969006219589417,2.0988810786660186,2.648589184032712,1.140309307761498
86.0,98.0,1230.420166015625,-3.401256370929384,1.5913930403175447,1.7412729824650237,2.012875979110836,0.6970496112046219,-1.3733135189511163,-1.0969003151759324,2.0988810786660186,2.648589184032712,1.1403093909426425
86.0,98.0,1230.420166015625,-3.401256370929384,1.5913930403175447,1.7412729824650237,2.012875979110836,0.6970496112046219,-1.3733135189511163,-1.0969003151759324,2.0988810786660186,2.648589184032712,1.1403093909426425
86.0,98.0,1230.420166015625,-3.401256370929384,1.5913930403175447,1.7412729824650237,2.012875979110836,0.6970496112046219,-1.3733135189511163,-1.0969003151759324,2.0988810786660186,2.648589184032712,1.1403093909426425
86.0,98.0,1230.42041015625,-3.401256370929384,1.5913930403175447,1.7412729824650237,2.0128724731048235,0.6970353994490452,-1.3733101771258966,-1.0968638425055206,2.0988810786660186,2.648589184032712,1.1403093909426425
86.0,98.0,1230.4219970703125,-3.401256370929384,1.5928659969364514,1.7412729824650237,2.012875979110836,0.6970604271613451,-1.3733135189511163,-1.096870302264848,2.098880950347836,2.648589184032712,1.1403093909426425
86.0,98.0,1230.4239501953125,-3.4012563709018995,1.5913930267088736,1.7410067204207424,2.013293459004068,0.6970081438716785,-1.3733135189511163,-1.096900632263495,2.0988810786660186,2.6485891840311746,1.140309307761498
86.0,98.0,1230.4510498046875,-3.4012560777422363,1.575880119707614,1.7345927970055828,2.012204099543147,0.6966528036947216,-1.3733102677273317,-1.0979863852898994,2.098937742594684,2.648589184001018,1.1400968246968164
86.0,98.0,1230.45458984375,-3.4012564288571703,1.5749379419703828,1.7350316251783164,2.0128789206759867,0.6969908101665041,-1.3729985781296288,-1.096952742235496,2.098880989423585,2.6485891830651083,1.1403051490658618
86.0,98.0,1230.4603271484375,-3.40125607889633,1.5759287001072606,1.734595336561929,2.01296107108644,0.6970606622065704,-1.373309235538964,-1.0969000668255275,2.098939263315425,2.648589184000969,1.1400838145559
86.0,98.0,1230.46630859375,-3.40125607889633,1.575889867747111,1.734595336561929,2.012961794969325,0.6966528036947216,-1.373290701381802,-1.0968668382073408,2.0989368094525367,2.648589184001028,1.1401128766110746
86.0,98.0,1230.4669189453125,-3.4012548500773447,1.575880119707614,1.7346504323907386,2.012961794969325,0.6966528036947216,-1.373309235538964,-1.0968708982109276,2.098937742594684,2.6485891840068327,1.1403383725085348
86.0,98.0,1230.4669189453125,-3.4012548500773447,1.575880119707614,1.7346504323907386,2.012961794969325,0.6966528036947216,-1.373309235538964,-1.0968708982109276,2.098937742594684,2.6485891840068327,1.1403383725085348
86.0,98.0,1230.4674072265625,-3.40125607889633,1.575880119707614,1.734595336561929,2.012961794969325,0.6966528036947216,-1.373309235538964,-1.0968708982109276,2.098937742594684,2.648589184001029,1.1401128766110746
86.0,98.0,1230.4674072265625,-3.40125607889633,1.575880119707614,1.734595336561929,2.012961794969325,0.6966528036947216,-1.373309235538964,-1.0968708982109276,2.098937742594684,2.648589184001029,1.1401128766110746
86.0,98.0,1230.4674072265625,-3.40125607889633,1.575880119707614,1.734595336561929,2.012961794969325,0.6966528036947216,-1.373309235538964,-1.0968708982109276,2.098937742594684,2.648589184001029,1.1401128766110746
86.0,98.0,1230.4674072265625,-3.40125607889633,1.575880119707614,1.734595336561929,2.012961794969325,0.6966528036947216,-1.373309235538964,-1.0968708982109276,2.098937742594684,2.648589184001029,1.1401128766110746
86.0,98.0,1230.4674072265625,-3.40125607889633,1.575880119707614,1.734595336561929,2.012961794969325,0.6966528036947216,-1.373309235538964,-1.0968708982109276,2.098937742594684,2.648589184001029,1.1401128766110746
86.0,98.0,1230.468017578125,-3.4012564222286845,1.5754457684258545,1.7354705698303097,2.012875979110836,0.6970496060901581,-1.3733135189511163,-1.0969003151759324,2.0988810768189463,2.648589184032712,1.140309202210544
86.0,98.0,1230.468994140625,-3.401256070745202,1.5758817305170505,1.7346039753240703,2.013028540610855,0.6966562944053403,-1.373309235538964,-1.096865875826443,2.098879588192666,2.648589184001029,1.1401042901254146
86.0,98.0,1230.4705810546875,-3.401256462934556,1.5759430720829488,1.735463940097287,2.0129646092249884,0.6966562770128387,-1.3733094986736651,-1.0968658799734037,2.098880426105531,2.648589183998876,1.1403019606295524
86.0,98.0,1230.471923828125,-3.4012548210092617,1.5748799175150592,1.7350189156644893,2.0127225085128573,0.6969822407878254,-1.3733414418749248,-1.0969526182895468,2.0988802490430927,2.6485891830693338,1.1403424260883028
86.0,98.0,1230.471923828125,-3.4012548210092617,1.5748799175150592,1.735012252345556,2.0127225085128573,0.6969822407878254,-1.3733414418749248,-1.0969557470185267,2.0988802490430927,2.648589184080905,1.1403129022048848
86.0,98.0,1230.4752197265625,-3.401256462934556,1.5759430720829488,1.735463940097287,2.0132907108370595,0.6966562770128387,-1.3733015553620425,-1.0968658799734037,2.0988804342163334,2.648589183998876,1.1403045901910067
86.0,98.0,1230.4752197265625,-3.401256462934556,1.5759430720829488,1.735463940097287,2.0132907108370595,0.6966562770128387,-1.3733015553620425,-1.0968658799734037,2.0988804342163334,2.648589183998876,1.1403045901910067
86.0,98.0,1230.483154296875,-3.401256076477779,1.5736404110116164,1.734353011491151,2.0129052940280303,0.6970331295320291,-1.3733100781900918,-1.0969489018610543,2.09888043819623,2.648589183097076,1.1403046091753504
86.0,98.0,1230.4832763671875,-3.401256426993156,1.573484335818458,1.734353011491151,2.0129052940280303,0.6969878460929594,-1.3732672095251326,-1.0969489018610543,2.09888043819623,2.648589183097076,1.1403046091753504
86.0,98.0,1230.4849853515625,-3.4012564282888205,1.5744103601756485,1.7354941321132524,2.013283340395506,0.6970727364357507,-1.3733066023898497,-1.096902522111812,2.09888101749585,2.6485891840060773,1.1403113575295567
86.0,98.0,1230.4864501953125,-3.40125607889633,1.5758535616786746,1.735466080365069,2.013283566859992,0.6966528036947216,-1.3734781621446572,-1.0968712508966287,2.0988782961504047,2.6485891831138644,1.1401128766110746
86.0,98.0,1230.498046875,-3.401256044423429,1.574433841956788,1.7347794492496782,2.013283340395506,0.6960570939147719,-1.3733119966579797,-1.0969006046625724,2.0989398689858696,2.648589184032712,1.1403112122114645
86.0,98.0,1230.4990234375,-3.4012548220737435,1.5708047860037089,1.7346073448689043,2.012721399874835,0.6969795489174304,-1.3729922533473962,-1.096952742235496,2.0988810037088586,2.6485891830651083,1.1403383691986044
86.0,98.0,1230.5025634765625,-3.40125607889633,1.5743806050597682,1.735466080365069,2.013283566859992,0.6966419877379985,-1.3734781621446572,-1.0969012638077131,2.098878424468587,2.6485891831138644,1.1401128766110746
86.0,98.0,1230.503173828125,-3.4012564288571703,1.5709740571190778,1.7342310690034854,2.0128789206759867,0.6966962604960997,-1.3729985781296288,-1.096952742235496,2.0988810007599845,2.6485891830651083,1.1403051490658618
86.0,98.0,1230.504150390625,-3.4012549069754456,1.5709961149843925,1.7346051703523526,2.0128789206759867,0.6966962604960997,-1.3729922533473962,-1.096952742235496,2.0988809716382155,2.6485891830651083,1.1403381179295793
86.0,98.0,1230.5042724609375,-3.401256352030788,1.5709961149843925,1.7346369531160373,2.0128789206759867,0.6966962604960997,-1.3729922533473962,-1.096952742235496,2.0988810007599845,2.6485891830651083,1.1403381179295793
86.0,98.0,1230.507568359375,-3.401256462934556,1.5746651398187106,1.735436921385069,2.013283340395506,0.6961387264822159,-1.3734881502941534,-1.096941085082072,2.0988804342163334,2.648589183114721,1.1403045901910067
86.0,98.0,1230.5079345703125,-3.401256449452462,1.5734228150269534,1.7354941321132524,2.0132631720857184,0.6969823122531293,-1.3734921119080812,-1.096950801980803,2.09888023165492,2.648589184032712,1.1403039847747347
86.0,99.0,1230.2783203125,-3.4012560777422363,1.575880119707614,1.7345927970055828,1.99886281049555,0.6966528036947216,-1.3733102677273317,-1.0979863852898994,2.098937742594684,2.648589184001018,1.1403719676942388
86.0,99.0,1230.279541015625,-3.4012560777422363,1.575880119707614,1.7345927970055828,1.99886281049555,0.6966528036947216,-1.3733102677273317,-1.0979863852898994,2.098937742594684,2.648589184001018,1.1400968246968164
86.0,99.0,1230.279541015625,-3.4012560777422363,1.575880119707614,1.7345927970055828,1.99886281049555,0.6966528036947216,-1.3733103196134264,-1.0979598851342491,2.098937742594684,2.6485891840405205,1.1400942074980975
86.0,99.0,1230.284423828125,-3.4012560777422363,1.575880119707614,1.7345927970055828,1.99886281049555,0.6966528036947216,-1.3733183650479133,-1.0968485114697708,2.0989377022109093,2.648589184002448,1.1400968246968164
86.0,99.0,1230.2904052734375,-3.401254841784416,1.5748799175150592,1.7354642793687278,1.9996071472267696,0.6970139719369202,-1.3732893320349435,-1.0978515108434337,2.0988802490430927,2.6485891830693338,1.1403424260883028
86.0,99.0,1230.2906494140625,-3.401256146983227,1.5749342787820493,1.7351678712673908,1.9997222012944933,0.6969879458438694,-1.3732896456987886,-1.0979161926834549,2.0988802490430927,2.6485891840921494,1.1403049997100836
86.0,99.0,1230.291015625,-3.401256146983227,1.5748799175150592,1.7351678712673908,1.9997222012944933,0.6969879458438694,-1.3732896456987886,-1.0979161926834549,2.0988802490430927,2.648589184000983,1.1403049997100836
86.0,99.0,1230.2916259765625,-3.401256105953556,1.5748799175150592,1.7354791441194062,1.9997222012944933,0.6970105310095659,-1.3732888060457216,-1.0979161926834549,2.0988802490430927,2.648589184000983,1.1403114335062932
86.0,99.0,1230.2933349609375,-3.401256105953556,1.5749179849142354,1.7346223897630768,1.999592178787391,0.6966523726845142,-1.3732888060457216,-1.0979185840514971,2.0988802490430927,2.648589184000983,1.1401055487745169
86.0,99.0,1230.2947998046875,-3.401256146983227,1.5748799175150592,1.7351678712673908,1.9997222012944933,0.6969879458438694,-1.3732891067092692,-1.096871170215297,2.0988836313125976,2.648589184000983,1.1403023663531715
86.0,99.0,1230.2969970703125,-3.401256089506357,1.574921105867268,1.7354642793687278,1.999587151094104,0.6966687735637573,-1.3733097339514748,-1.0978464972776538,2.098883699294821,2.6485891830693338,1.1401202691237435
86.0,99.0,1230.32421875,-3.4012548210092617,1.5748799175150592,1.7350189156644893,2.002092158828571,0.6969822407878254,-1.3733414418749248,-1.0969526182895468,2.0988802490430927,2.6485891830693338,1.1403424260883028
86.0,99.0,1230.32421875,-3.4012548210092617,1.5748799175150592,1.7350189156644893,2.002092158828571,0.6969822407878254,-1.3733414418749248,-1.0969526182895468,2.0988802490430927,2.6485891830693338,1.1403424260883028
86.0,99.0,1230.332275390625,-3.4012564588100984,1.574478434409045,1.7345822218824838,1.999680876313696,0.6952691344480797,-1.3734881502941534,-1.0969436925478804,2.0988804342163334,2.648589183119235,1.1403045901910067
86.0,99.0,1230.3338623046875,-3.4012564524540263,1.5746659896495938,1.735436921385069,1.999680876313696,0.6952691344480797,-1.3734881502941534,-1.096941085082072,2.0988804342163334,2.6485891831650794,1.1403045901910067
86.0,99.0,1230.39892578125,-3.401256370929384,1.5913930403175447,1.7356259539711982,2.012363266303586,0.6961326926985978,-1.3733135189511163,-1.0969003151759324,2.0988804565589603,2.6485891840932254,1.1403041853764453
86.0,99.0,1230.40380859375,-3.401256367104626,1.5914111976771002,1.7354811439585405,2.012874177340281,0.6961326926985978,-1.3733135189511163,-1.0969006218407906,2.098880980692554,2.6485891839886,1.1403112120897234
86.0,99.0,1230.4044189453125,-3.401256370929384,1.5913930403175447,1.7356259539711982,2.012875979110836,0.6961326926985978,-1.3733135189511163,-1.0969003151759324,2.0988804565589603,2.648589183039692,1.1403045804155798
86.0,99.0,1230.408447265625,-3.401256370929384,1.5914111840684289,1.7354811439585405,2.0132916572335136,0.6961326926985978,-1.3733135189511163,-1.0969006321453438,2.098880980692554,2.6485891839870623,1.1403112120897234
86.0,99.0,1230.419189453125,-3.401256367077141,1.5913930403175447,1.7410067204207424,2.012875979110836,0.6970081438716785,-1.3733135189511163,-1.0969006219589417,2.0988810786660186,2.648589184032712,1.140309307761498
86.0,99.0,1230.420166015625,-3.401256370929384,1.5913930403175447,1.7412729824650237,2.012875979110836,0.6970496112046219,-1.3733135189511163,-1.0969003151759324,2.0988810786660186,2.648589184032712,1.1403093909426425
86.0,99.0,1230.420166015625,-3.401256370929384,1.5913930403175447,1.7412729824650237,2.012875979110836,0.6970496112046219,-1.3733135189511163,-1.0969003151759324,2.0988810786660186,2.648589184032712,1.1403093909426425
86.0,99.0,1230.420166015625,-3.401256370929384,1.5913930403175447,1.7412729824650237,2.012875979110836,0.6970496112046219,-1.3733135189511163,-1.0969003151759324,2.0988810786660186,2.648589184032712,1.1403093909426425
86.0,99.0,1230.42041015625,-3.401256370929384,1.5913930403175447,1.7412729824650237,2.0128724731048235,0.6970353994490452,-1.3733101771258966,-1.0968638425055206,2.0988810786660186,2.648589184032712,1.1403093909426425
86.0,99.0,1230.4219970703125,-3.401256370929384,1.5928659969364514,1.7412729824650237,2.012875979110836,0.6970604271613451,-1.3733135189511163,-1.096870302264848,2.098880950347836,2.648589184032712,1.1403093909426425
86.0,99.0,1230.4219970703125,-3.401256370929384,1.5928791418052035,1.7412729824650237,2.012875979110836,0.6970496112046219,-1.3733135189511163,-1.0969003151759324,2.098881083190299,2.648589184032712,1.1403093909426425
86.0,99.0,1230.4239501953125,-3.4012563709018995,1.5913930267088736,1.7410067204207424,2.013293459004068,0.6970081438716785,-1.3733135189511163,-1.096900632263495,2.0988810786660186,2.6485891840311746,1.140309307761498
86.0,99.0,1230.4510498046875,-3.4012560777422363,1.575880119707614,1.7345927970055828,2.012204099543147,0.6966528036947216,-1.3733102677273317,-1.0979863852898994,2.098937742594684,2.648589184001018,1.1400968246968164
86.0,99.0,1230.45458984375,-3.4012564288571703,1.5749379419703828,1.7350316251783164,2.0128789206759867,0.6969908101665041,-1.3729985781296288,-1.096952742235496,2.098880989423585,2.6485891830651083,1.1403051490658618
86.0,99.0,1230.45458984375,-3.4012564288571703,1.5749379419703828,1.7350316251783164,2.0128789206759867,0.6969908101665041,-1.3729985781296288,-1.096952742235496,2.098880989423585,2.6485891830651083,1.1403051490658618
86.0,99.0,1230.4556884765625,-3.401256367077141,1.5913930403175447,1.7410740660602015,2.0128718518172164,0.6970081438716785,-1.373309527932714,-1.0969036620332848,2.0988810786660186,2.648589183999892,1.1366276151180823
86.0,99.0,1230.459228515625,-3.401256105953556,1.5749175404102025,1.7346223897630768,2.0121844177097348,0.6966565432079582,-1.3732772475712562,-1.0979185840514971,2.098880955019645,2.648589184000983,1.140302907174513
86.0,99.0,1230.4598388671875,-3.40125607889633,1.5759287001072606,1.734595336561929,2.01296107108644,0.6970606622065704,-1.37329999855714,-1.0969000668255275,2.098939263315425,2.648589184000969,1.1400838145559
86.0,99.0,1230.4603271484375,-3.40125607889633,1.5759287001072606,1.734595336561929,2.01296107108644,0.6970606622065704,-1.373309235538964,-1.0969000668255275,2.098939263315425,2.648589184000969,1.1400838145559
86.0,99.0,1230.46044921875,-3.40125607889633,1.575929227523159,1.734595336561929,2.01296107108644,0.6970552860746938,-1.373309235538964,-1.0968704359737933,2.098939299012305,2.648589184000969,1.140112235482476
86.0,99.0,1230.4608154296875,-3.401254831174388,1.5758389313554049,1.734595336561929,2.012981791101991,0.6969980020678843,-1.3732888336224327,-1.0968759117767075,2.0989342923429555,2.648589184001029,1.140335033575634
86.0,99.0,1230.4608154296875,-3.401254841784416,1.5758708403262962,1.735486918376378,2.0129896195309875,0.6970097832936913,-1.3732893320349435,-1.0978515108434337,2.0988802490430927,2.6485891830693338,1.1403424260883028
86.0,99.0,1230.46630859375,-3.40125607889633,1.575889867747111,1.734595336561929,2.012961794969325,0.6966528036947216,-1.373290701381802,-1.0968668382073408,2.0989368094525367,2.648589184001028,1.1401128766110746
86.0,99.0,1230.4664306640625,-3.4012560777422363,1.575880119707614,1.7345927970055828,2.013303010502697,0.6970174686385685,-1.373310387414049,-1.0969777787059352,2.0989362050246405,2.648589184001018,1.1400968246968164
86.0,99.0,1230.4669189453125,-3.4012548500773447,1.575880119707614,1.7346504323907386,2.012961794969325,0.6966528036947216,-1.373309235538964,-1.0968708982109276,2.098937742594684,2.6485891840068327,1.1403383725085348
86.0,99.0,1230.4669189453125,-3.4012548500773447,1.575880119707614,1.7346504323907386,2.012961794969325,0.6966528036947216,-1.373309235538964,-1.0968708982109276,2.098937742594684,2.6485891840068327,1.1403383725085348
86.0,99.0,1230.46728515625,-3.40125607889633,1.575879592291716,1.734595336561929,2.012961794969325,0.6966581798265982,-1.373309235538964,-1.0969005290626617,2.098937706897804,2.648589184001029,1.1400844556844985
86.0,99.0,1230.4674072265625,-3.40125607889633,1.575880119707614,1.734595336561929,2.012961794969325,0.6966528036947216,-1.373309235538964,-1.0968708982109276,2.098937742594684,2.648589184001029,1.1401128766110746
86.0,99.0,1230.4674072265625,-3.40125607889633,1.575880119707614,1.734595336561929,2.012961794969325,0.6966528036947216,-1.373309235538964,-1.0968708982109276,2.098937742594684,2.648589184001029,1.1401128766110746
86.0,99.0,1230.4674072265625,-3.40125607889633,1.575880119707614,1.734595336561929,2.012961794969325,0.6966528036947216,-1.373309235538964,-1.0968708982109276,2.098937742594684,2.648589184001029,1.1401128766110746
86.0,99.0,1230.4674072265625,-3.40125607889633,1.575880119707614,1.734595336561929,2.012961794969325,0.6966528036947216,-1.373309235538964,-1.0968708982109276,2.098937742594684,2.648589184001029,1.1401128766110746
86.0,99.0,1230.4674072265625,-3.40125607889633,1.575880119707614,1.734595336561929,2.012961794969325,0.6966528036947216,-1.373309235538964,-1.0968708982109276,2.098937742594684,2.648589184001029,1.1401128766110746
86.0,99.0,1230.468017578125,-3.4012564222286845,1.5754457684258545,1.7354705698303097,2.012875979110836,0.6970496060901581,-1.3733135189511163,-1.0969003151759324,2.0988810768189463,2.648589184032712,1.140309202210544
86.0,99.0,1230.468017578125,-3.4012564222286845,1.5754457684258545,1.7354705698303097,2.012875979110836,0.6970496060901581,-1.3733135189511163,-1.0969003151759324,2.0988810768189463,2.648589184032712,1.140309202210544
86.0,99.0,1230.468994140625,-3.401256070745202,1.5758817305170505,1.7346039753240703,2.013028540610855,0.6966562944053403,-1.373309235538964,-1.096865875826443,2.098879588192666,2.648589184001029,1.1401042901254146
86.0,100.0,1230.27734375,-3.4012560777422363,1.575880119707614,1.7345927970055828,1.998566250413898,0.6966528036947216,-1.3733134279191266,-1.0979598851342491,2.0988722161781856,2.648589184036695,1.1400942074980975
86.0,100.0,1230.2783203125,-3.4012560777422363,1.575880119707614,1.7345927970055828,1.99886281049555,0.6966528036947216,-1.3733102677273317,-1.0979863852898994,2.098937742594684,2.648589184001018,1.1403719676942388
86.0,100.0,1230.2794189453125,-3.4012560777422363,1.5758999559315592,1.7345927970055828,1.9988731434687943,0.6966528036947216,-1.3733102677273317,-1.0979863852898994,2.098937742594684,2.6485891840010183,1.1400968246968164
86.0,100.0,1230.279541015625,-3.4012560777422363,1.575880119707614,1.7345927970055828,1.99886281049555,0.6966528036947216,-1.3733102677273317,-1.0979863852898994,2.098937742594684,2.648589184001018,1.1400968246968164
86.0,100.0,1230.279541015625,-3.4012560777422363,1.575880119707614,1.7345927970055828,1.99886281049555,0.6966528036947216,-1.3733103196134264,-1.0979598851342491,2.098937742594684,2.6485891840405205,1.1400942074980975
86.0,100.0,1230.284423828125,-3.4012560777422363,1.575880119707614,1.7345927970055828,1.99886281049555,0.6966528036947216,-1.3733183650479133,-1.0968485114697708,2.0989377022109093,2.648589184002448,1.1400968246968164
86.0,100.0,1230.2904052734375,-3.401254841784416,1.5748799175150592,1.7354642793687278,1.9996071472267696,0.6970139719369202,-1.3732893320349435,-1.0978515108434337,2.0988802490430927,2.6485891830693338,1.1403424260883028
86.0,100.0,1230.2906494140625,-3.401256146983227,1.5749342787820493,1.7351678712673908,1.9997222012944933,0.6969879458438694,-1.3732896456987886,-1.0979161926834549,2.0988802490430927,2.6485891840921494,1.1403049997100836
86.0,100.0,1230.2906494140625,-3.401256146983227,1.5749342787820493,1.7351678712673908,1.9997222012944933,0.696990876710249,-1.3732896456987886,-1.0979161926834549,2.098880205679252,2.6485891840921494,1.1403050140909192
86.0,100.0,1230.2906494140625,-3.401256146983227,1.5749342787820493,1.7351678712673908,1.9997222012944933,0.6969879458438694,-1.3732896456987886,-1.0979161926834549,2.0988802490430927,2.6485891840921494,1.1403049997100836
86.0,100.0,1230.291015625,-3.401256146983227,1.5748799175150592,1.7351678712673908,1.9997222012944933,0.6969879458438694,-1.3732896456987886,-1.0979161926834549,2.0988802490430927,2.648589184000983,1.1403049997100836
86.0,100.0,1230.291259765625,-3.401254841784416,1.5748799175150592,1.7354642793687278,1.9996071472267696,0.697063797463528,-1.3733001071059312,-1.0978515108434337,2.098880791596744,2.6485891830693338,1.140088429707437
86.0,100.0,1230.2916259765625,-3.401256105953556,1.5748799175150592,1.7354791441194062,1.9997222012944933,0.6970105310095659,-1.3732888060457216,-1.0979161926834549,2.0988802490430927,2.648589184000983,1.1403114335062932
86.0,100.0,1230.291748046875,-3.401256151059753,1.5748799175150592,1.7354791441194062,1.9997222012944933,0.6969880241236841,-1.3732891661663806,-1.0980039772738084,2.0988802490430927,2.648589184000983,1.140302400982259
86.0,100.0,1230.291748046875,-3.401256105953556,1.5748600812911138,1.7354791441194062,1.9997118683212496,0.6970105310095659,-1.3732888060457216,-1.0979161926834549,2.0988802490430927,2.6485891840009828,1.1403114335062932
86.0,100.0,1230.2933349609375,-3.401256105953556,1.5749179849142354,1.7346223897630768,1.999592178787391,0.6966523726845142,-1.3732888060457216,-1.0979185840514971,2.0988802490430927,2.648589184000983,1.1401055487745169
86.0,100.0,1230.2947998046875,-3.401256146983227,1.5748799175150592,1.7351678712673908,1.9997222012944933,0.6969879458438694,-1.3732891067092692,-1.096871170215297,2.0988836313125976,2.648589184000983,1.1403023663531715
86.0,100.0,1230.2969970703125,-3.401256089506357,1.574921105867268,1.7354642793687278,1.999587151094104,0.6966687735637573,-1.3733097339514748,-1.0978464972776538,2.098883699294821,2.6485891830693338,1.1401202691237435
86.0,100.0,1230.30126953125,-3.401256370929384,1.5754181345501836,1.7411541548838407,1.9983235304371536,0.6970324269634052,-1.3733102676050513,-1.0968638425055206,2.0988810786660186,2.6485891840016325,1.1403717947500571
86.0,100.0,1230.3017578125,-3.401256363038743,1.5907454135640224,1.7354811439585405,2.0015016367901484,0.6960241315913198,-1.3733425228432103,-1.09695345579687,2.098880980692554,2.6485891839870623,1.1403428546228909
86.0,100.0,1230.309814453125,-3.4012564524540263,1.5891681689362491,1.7409292518394004,1.999680876313696,0.6952691344480797,-1.3733107012046817,-1.096941085082072,2.098881066371413,2.6485891831650794,1.1403088900353575
86.0,100.0,1230.311279296875,-3.401256087219081,1.575880119707614,1.741086272465588,1.99886281049555,0.6966528036947216,-1.3733183650479133,-1.096847786190402,2.0989377022109093,2.648589184002448,1.1400968246968164
86.0,100.0,1230.32421875,-3.4012548210092617,1.5748799175150592,1.7350189156644893,2.002092158828571,0.6969822407878254,-1.3733414418749248,-1.0969526182895468,2.0988802490430927,2.6485891830693338,1.1403424260883028
86.0,100.0,1230.32421875,-3.4012548210092617,1.5748799175150592,1.7350189156644893,2.002092158828571,0.6969822407878254,-1.3733414418749248,-1.0969526182895468,2.0988802490430927,2.6485891830693338,1.1403424260883028
86.0,100.0,1230.332275390625,-3.4012564588100984,1.574478434409045,1.7345822218824838,1.999680876313696,0.6952691344480797,-1.3734881502941534,-1.0969436925478804,2.0988804342163334,2.648589183119235,1.1403045901910067
86.0,100.0,1230.3338623046875,-3.4012564524540263,1.5746659896495938,1.735436921385069,1.999680876313696,0.6952691344480797,-1.3734881502941534,-1.096941085082072,2.0988804342163334,2.6485891831650794,1.1403045901910067
86.0,100.0,1230.392333984375,-3.401256357600297,1.5913930403175447,1.7345132449607372,2.012875979110836,0.6970081438716785,-1.3733135189511163,-1.0969013472383105,2.0988810786660186,2.648589184032712,1.140309307761498
86.0,100.0,1230.393798828125,-3.4012560777422363,1.591855025474975,1.7347116245867653,2.0134117531632194,0.6966557761803616,-1.3733101772481768,-1.0979863852898994,2.098937742594684,2.648589184032098,1.1403095638868237
86.0,100.0,1230.3946533203125,-3.401256365352266,1.5914111976771002,1.7354811439585405,2.012874322282135,0.6970895320506999,-1.3733169346693486,-1.0969016490567145,2.0988809804919164,2.648589183988652,1.1403112120897234
86.0,100.0,1230.398681640625,-3.401256370929384,1.5913930403175447,1.7356259539711982,2.012363266303586,0.6961326926985978,-1.3733102472407357,-1.0969188082516923,2.0988804565589603,2.6485891840932254,1.14029603060023
86.0,100.0,1230.39892578125,-3.401256370929384,1.5913930403175447,1.7356259539711982,2.012363266303586,0.6961326926985978,-1.3733135189511163,-1.0969003151759324,2.0988804565589603,2.6485891840932254,1.1403041853764453
86.0,100.0,1230.4013671875,-3.401256370929384,1.5913930403175447,1.7356259539711982,2.0126598263852387,0.6961326926985978,-1.373310410645416,-1.0969003151759324,2.098945982975459,2.6485891840970512,1.1403041853764453
86.0,100.0,1230.40380859375,-3.401256367104626,1.5914111976771002,1.7354811439585405,2.012874177340281,0.6961326926985978,-1.3733135189511163,-1.0969006218407906,2.098880980692554,2.6485891839886,1.1403112120897234
86.0,100.0,1230.40380859375,-3.401256367104626,1.5914111976771002,1.7354811439585405,2.012874177340281,0.6961326926985978,-1.3733135189511163,-1.0969006218407906,2.098880980692554,2.6485891839886,1.1403112120897234
86.0,100.0,1230.4044189453125,-3.401256370929384,1.5913930403175447,1.7356259539711982,2.012875979110836,0.6961326926985978,-1.3733135189511163,-1.0969003151759324,2.0988804565589603,2.648589183039692,1.1403045804155798
86.0,100.0,1230.408447265625,-3.401256370929384,1.5914111840684289,1.7354811439585405,2.0132916572335136,0.6961326926985978,-1.3733135189511163,-1.0969006321453438,2.098880980692554,2.6485891839870623,1.1403112120897234
86.0,100.0,1230.40869140625,-3.401256370929384,1.5912125075077177,1.7354811439585405,2.0132916572335136,0.6960988764738981,-1.3733135189511163,-1.0969006321453438,2.098880980692554,2.6485891839870623,1.1403112120897234
86.0,100.0,1230.419189453125,-3.401256367077141,1.5913930403175447,1.7410067204207424,2.012875979110836,0.6970081438716785,-1.3733135189511163,-1.0969006219589417,2.0988810786660186,2.648589184032712,1.140309307761498
86.0,100.0,1230.420166015625,-3.401256370929384,1.5913930403175447,1.7412729824650237,2.012875979110836,0.6970496112046219,-1.3733135189511163,-1.0969003151759324,2.0988810786660186,2.648589184032712,1.1403093909426425
86.0,100.0,1230.420166015625,-3.401256370929384,1.5913930403175447,1.7412729824650237,2.012875979110836,0.6970496112046219,-1.3733135189511163,-1.0969003151759324,2.0988810786660186,2.648589184032712,1.1403093909426425
86.0,100.0,1230.420166015625,-3.401256370929384,1.5913930403175447,1.7412729824650237,2.012875979110836,0.6970496112046219,-1.3733135189511163,-1.0969003151759324,2.0988810786660186,2.648589184032712,1.1403093909426425
86.0,100.0,1230.42041015625,-3.401256370929384,1.5913930403175447,1.7412729824650237,2.0128724731048235,0.6970353994490452,-1.3733101771258966,-1.0968638425055206,2.0988810786660186,2.648589184032712,1.1403093909426425
86.0,100.0,1230.4219970703125,-3.401256370929384,1.5928659969364514,1.7412729824650237,2.012875979110836,0.6970604271613451,-1.3733135189511163,-1.096870302264848,2.098880950347836,2.648589184032712,1.1403093909426425
86.0,100.0,1230.4219970703125,-3.401256370929384,1.5928791418052035,1.7412729824650237,2.012875979110836,0.6970496112046219,-1.3733135189511163,-1.0969003151759324,2.098881083190299,2.648589184032712,1.1403093909426425
86.0,100.0,1230.4239501953125,-3.4012563709018995,1.5913930267088736,1.7410067204207424,2.013293459004068,0.6970081438716785,-1.3733135189511163,-1.096900632263495,2.0988810786660186,2.6485891840311746,1.140309307761498
86.0,100.0,1230.4510498046875,-3.4012560777422363,1.575880119707614,1.7345927970055828,2.012204099543147,0.6966528036947216,-1.3733102677273317,-1.0979863852898994,2.098937742594684,2.648589184001018,1.1400968246968164
86.0,100.0,1230.4539794921875,-3.401256367077141,1.5913930403175447,1.735043106177173,2.0128718518172164,0.6953511886418283,-1.3734841251609455,-1.0969432905177408,2.0988810786660186,2.648589183999892,1.136616120699932
86.0,100.0,1230.45458984375,-3.4012564288571703,1.5749379419703828,1.7350316251783164,2.0128789206759867,0.6969908101665041,-1.3729985781296288,-1.096952742235496,2.098880989423585,2.6485891830651083,1.1403051490658618
86.0,100.0,1230.45458984375,-3.4012564288571703,1.5749379419703828,1.7350316251783164,2.0128789206759867,0.6969908101665041,-1.3729985781296288,-1.096952742235496,2.098880989423585,2.6485891830651083,1.1403051490658618
86.0,100.0,1230.4547119140625,-3.4012564288571703,1.5749379419703828,1.7350316251783164,2.0128789206759867,0.6969878793001246,-1.3729985781296288,-1.096952742235496,2.098881032787426,2.6485891830651083,1.1403051346850264
86.0,101.0,1230.2772216796875,-3.4012560777422363,1.5758799823936736,1.7345927970055828,1.998566250413898,0.6966528036947216,-1.3733106084967257,-1.0979598851342491,2.0988722161781856,2.648589184001568,1.1400942074980975
86.0,101.0,1230.27734375,-3.4012560777422363,1.575880119707614,1.7345927970055828,1.998566250413898,0.6966528036947216,-1.3733134279191266,-1.0979598851342491,2.0988722161781856,2.648589184036695,1.1400942074980975
86.0,101.0,1230.2783203125,-3.4012560777422363,1.575880119707614,1.7345927970055828,1.99886281049555,0.6966528036947216,-1.3733102677273317,-1.0979863852898994,2.098937742594684,2.648589184001018,1.1403719676942388
86.0,101.0,1230.2794189453125,-3.4012560777422363,1.5758999559315592,1.7345927970055828,1.9988731434687943,0.6966528036947216,-1.3733102677273317,-1.0979863852898994,2.098937742594684,2.6485891840010183,1.1400968246968164
86.0,101.0,1230.279541015625,-3.4012560777422363,1.575880119707614,1.7345927970055828,1.99886281049555,0.6966528036947216,-1.3733102677273317,-1.0979863852898994,2.098937742594684,2.648589184001018,1.1400968246968164
86.0,101.0,1230.279541015625,-3.4012560777422363,1.575880119707614,1.7345927970055828,1.99886281049555,0.6966528036947216,-1.3733103196134264,-1.0979598851342491,2.098937742594684,2.6485891840405205,1.1400942074980975
86.0,101.0,1230.284423828125,-3.4012560777422363,1.575880119707614,1.7345927970055828,1.99886281049555,0.6966528036947216,-1.3733183650479133,-1.0968485114697708,2.0989377022109093,2.648589184002448,1.1400968246968164
86.0,101.0,1230.2891845703125,-3.4012563708431123,1.5913930403175447,1.7410067204207424,1.9979480132703955,0.6970081438716785,-1.373313580464642,-1.0969006219589417,2.0988810786660186,2.648589184032712,1.140309307761498
86.0,101.0,1230.2904052734375,-3.401254841784416,1.5748799175150592,1.7354642793687278,1.9996071472267696,0.6970139719369202,-1.3732893320349435,-1.0978515108434337,2.0988802490430927,2.6485891830693338,1.1403424260883028
86.0,101.0,1230.2904052734375,-3.401254937986059,1.5748799175150592,1.7354642793687278,1.9996071472267696,0.6970139719369202,-1.3732893320349435,-1.0978505448484388,2.0988802490430927,2.6485891839671374,1.1403424260883028
86.0,101.0,1230.2906494140625,-3.401256146983227,1.5749342787820493,1.7351678712673908,1.9997222012944933,0.6969879458438694,-1.3732896456987886,-1.0979161926834549,2.0988802490430927,2.6485891840921494,1.1403049997100836
86.0,101.0,1230.2906494140625,-3.401256146983227,1.5749342787820493,1.7351678712673908,1.9997222012944933,0.696990876710249,-1.3732896456987886,-1.0979161926834549,2.098880205679252,2.6485891840921494,1.1403050140909192
86.0,101.0,1230.2906494140625,-3.401256146983227,1.5749342787820493,1.7351678712673908,1.9997222012944933,0.6969879458438694,-1.3732896456987886,-1.0979161926834549,2.0988802490430927,2.6485891840921494,1.1403049997100836
86.0,101.0,1230.2908935546875,-3.401254841784416,1.5748799175150592,1.7354642793687278,1.9996071472267696,0.6970140762182675,-1.3733001071059312,-1.0978515108434337,2.098880793371225,2.6485891830693338,1.1403498181124303
86.0,101.0,1230.291015625,-3.401256146983227,1.5748799175150592,1.7351678712673908,1.9997222012944933,0.6969879458438694,-1.3732896456987886,-1.0979161926834549,2.0988802490430927,2.648589184000983,1.1403049997100836
86.0,101.0,1230.291015625,-3.4012560507815848,1.5748799175150592,1.7351678712673908,1.9997222012944933,0.6969879458438694,-1.3732896456987886,-1.0979171586784495,2.0988802490430927,2.64858918310318,1.1403049997100836
86.0,101.0,1230.291259765625,-3.401254841784416,1.5748799175150592,1.7354642793687278,1.9996071472267696,0.697063797463528,-1.3733001071059312,-1.0978515108434337,2.098880791596744,2.6485891830693338,1.140088429707437
86.0,101.0,1230.2916259765625,-3.401256105953556,1.5748799175150592,1.7354791441194062,1.9997222012944933,0.6970105310095659,-1.3732888060457216,-1.0979161926834549,2.0988802490430927,2.648589184000983,1.1403114335062932
86.0,101.0,1230.291748046875,-3.401256151059753,1.5748799175150592,1.7354791441194062,1.9997222012944933,0.6969880241236841,-1.3732891661663806,-1.0980039772738084,2.0988802490430927,2.648589184000983,1.140302400982259
86.0,101.0,1230.291748046875,-3.401256105953556,1.5748600812911138,1.7354791441194062,1.9997118683212496,0.6970105310095659,-1.3732888060457216,-1.0979161926834549,2.0988802490430927,2.6485891840009828,1.1403114335062932
86.0,101.0,1230.291748046875,-3.401256151113889,1.5748799175150592,1.7354791441194062,1.9997222012944933,0.6969880241236841,-1.3732891895663786,-1.0980039772738084,2.0988802490430927,2.648589184000983,1.1403022542327066
86.0,101.0,1230.291748046875,-3.401256151059753,1.5748799175150592,1.7354791441194062,1.9997222012944933,0.6969880241236841,-1.3732891661663806,-1.0980039772738084,2.0988802490430927,2.648589184000983,1.140302400982259
86.0,101.0,1230.2919921875,-3.4012564469425306,1.5749179849142354,1.7346223897630768,1.999592178787391,0.6967458365211935,-1.3732888060457216,-1.097896762051234,2.09888026317402,2.6485891839963105,1.1401055487745169
86.0,101.0,1230.2921142578125,-3.401256106072378,1.5748799175150592,1.7354881720449842,1.9997222012944933,0.6969879458438694,-1.3732896085590045,-1.0979161926834549,2.0988802490430927,2.648589184000983,1.1403051379844225
86.0,101.0,1230.2933349609375,-3.401256105953556,1.5749179849142354,1.7346223897630768,1.999592178787391,0.6966523726845142,-1.3732888060457216,-1.0979185840514971,2.0988802490430927,2.648589184000983,1.1401055487745169
86.0,101.0,1230.2935791015625,-3.401256121694697,1.5749342787820493,1.7351678712673908,1.9997222012944933,0.696982231332845,-1.3733440474642766,-1.0979161926834549,2.0988802490430927,2.6485891840921494,1.140308069565235
86.0,101.0,1230.2947998046875,-3.401256146983227,1.5748799175150592,1.7351678712673908,1.9997222012944933,0.6969879458438694,-1.3732891067092692,-1.096871170215297,2.0988836313125976,2.648589184000983,1.1403023663531715
86.0,101.0,1230.2969970703125,-3.401256089506357,1.574921105867268,1.7354642793687278,1.999587151094104,0.6966687735637573,-1.3733097339514748,-1.0978464972776538,2.098883699294821,2.6485891830693338,1.1401202691237435
86.0,101.0,1230.2969970703125,-3.401256089506357,1.574921105867268,1.7354642793687278,1.999587151094104,0.6966687735637573,-1.3733097339514748,-1.0978464972776538,2.098883699294821,2.6485891830693338,1.1401202691237435
86.0,101.0,1230.30126953125,-3.401256370929384,1.5754181345501836,1.7411541548838407,1.9983235304371536,0.6970324269634052,-1.3733102676050513,-1.0968638425055206,2.0988810786660186,2.6485891840016325,1.1403717947500571
86.0,101.0,1230.3017578125,-3.401256363038743,1.5907454135640224,1.7354811439585405,2.0015016367901484,0.6960241315913198,-1.3733425228432103,-1.09695345579687,2.098880980692554,2.6485891839870623,1.1403428546228909
86.0,101.0,1230.309814453125,-3.4012564524540263,1.5891681689362491,1.7409292518394004,1.999680876313696,0.6952691344480797,-1.3733107012046817,-1.096941085082072,2.098881066371413,2.6485891831650794,1.1403088900353575
86.0,101.0,1230.311279296875,-3.401256087219081,1.575880119707614,1.741086272465588,1.99886281049555,0.6966528036947216,-1.3733183650479133,-1.096847786190402,2.0989377022109093,2.648589184002448,1.1400968246968164
86.0,101.0,1230.3212890625,-3.401254846297791,1.5748799175150592,1.7350189156644893,2.002092158828571,0.6969879552988499,-1.3732870401094368,-1.0969526182895468,2.0988802490430927,2.6485891830693338,1.1403393562331514
86.0,101.0,1230.32421875,-3.4012548210092617,1.5748799175150592,1.7350189156644893,2.002092158828571,0.6969822407878254,-1.3733414418749248,-1.0969526182895468,2.0988802490430927,2.6485891830693338,1.1403424260883028
86.0,101.0,1230.32421875,-3.4012548210092617,1.5748799175150592,1.7350189156644893,2.002092158828571,0.6969822407878254,-1.3733414418749248,-1.0969526182895468,2.0988802490430927,2.6485891830693338,1.1403424260883028
86.0,101.0,1230.3271484375,-3.401256105953556,1.5746599270753432,1.7346223897630768,1.999592178787391,0.6952573412118205,-1.373483260831711,-1.0978980143040376,2.0988802685219623,2.648589183183602,1.14010872548293
86.0,101.0,1230.32763671875,-3.4012563700377063,1.573865632351918,1.73462225842754,1.999680876313696,0.6952667024333812,-1.3733023522802243,-1.0969027733937116,2.0988804342163334,2.648589183119235,1.1403045901910067
86.0,101.0,1230.332275390625,-3.4012564588100984,1.574478434409045,1.7345822218824838,1.999680876313696,0.6952691344480797,-1.3734881502941534,-1.0969436925478804,2.0988804342163334,2.648589183119235,1.1403045901910067
86.0,101.0,1230.3338623046875,-3.4012564524540263,1.5746659896495938,1.735436921385069,1.999680876313696,0.6952691344480797,-1.3734881502941534,-1.096941085082072,2.0988804342163334,2.6485891831650794,1.1403045901910067
86.0,101.0,1230.392333984375,-3.401256357600297,1.5913930403175447,1.7345132449607372,2.012875979110836,0.6970081438716785,-1.3733135189511163,-1.0969013472383105,2.0988810786660186,2.648589184032712,1.140309307761498
86.0,101.0,1230.392822265625,-3.4012560777422363,1.5910940722071658,1.7347086653808856,2.0134117531632194,0.696655612729871,-1.3733101772481768,-1.0979863852898994,2.098937742594684,2.648589184032098,1.1403773325650952
86.0,101.0,1230.393798828125,-3.4012560777422363,1.591855025474975,1.7347116245867653,2.0134117531632194,0.6966557761803616,-1.3733101772481768,-1.0979863852898994,2.098937742594684,2.648589184032098,1.1403095638868237
86.0,101.0,1230.3946533203125,-3.401256365352266,1.5914111976771002,1.7354811439585405,2.012874322282135,0.6970895320506999,-1.3733169346693486,-1.0969016490567145,2.0988809804919164,2.648589183988652,1.1403112120897234
86.0,101.0,1230.398681640625,-3.401256370929384,1.5913930403175447,1.7356259539711982,2.012363266303586,0.6961326926985978,-1.3733102472407357,-1.0969188082516923,2.0988804565589603,2.6485891840932254,1.14029603060023
86.0,101.0,1230.39892578125,-3.401256370929384,1.5913930403175447,1.7356259539711982,2.012363266303586,0.6961326926985978,-1.3733135189511163,-1.0969003151759324,2.0988804565589603,2.6485891840932254,1.1403041853764453
86.0,101.0,1230.4013671875,-3.401256370929384,1.5913930403175447,1.7356259539711982,2.0126598263852387,0.6961326926985978,-1.373310410645416,-1.0969003151759324,2.098945982975459,2.6485891840970512,1.1403041853764453
86.0,101.0,1230.40380859375,-3.401256367104626,1.5914111976771002,1.7354811439585405,2.012874177340281,0.6961326926985978,-1.3733135189511163,-1.0969006218407906,2.098880980692554,2.6485891839886,1.1403112120897234
86.0,101.0,1230.40380859375,-3.401256367104626,1.5914111976771002,1.7354811439585405,2.012874177340281,0.6961326926985978,-1.3733135189511163,-1.0969006218407906,2.098880980692554,2.6485891839886,1.1403112120897234
86.0,101.0,1230.4044189453125,-3.401256370929384,1.5913930403175447,1.7356259539711982,2.012875979110836,0.6961326926985978,-1.3733135189511163,-1.0969003151759324,2.0988804565589603,2.648589183039692,1.1403045804155798
86.0,102.0,1230.1617431640625,-3.401256151059753,1.5748799175150592,1.7354791441194062,1.9526159068179456,0.6969880241236841,-1.3732891663278537,-1.0980061743595055,2.0988802490430927,2.648589184000983,1.140302400982259
86.0,102.0,1230.2772216796875,-3.4012560777422363,1.5758799823936736,1.7345927970055828,1.998566250413898,0.6966528036947216,-1.3733106084967257,-1.0979598851342491,2.0988722161781856,2.648589184001568,1.1400942074980975
86.0,102.0,1230.27734375,-3.4012560777422363,1.575880119707614,1.7345927970055828,1.998566250413898,0.6966528036947216,-1.3733134279191266,-1.0979598851342491,2.0988722161781856,2.648589184036695,1.1400942074980975
86.0,102.0,1230.2783203125,-3.4012560777422363,1.575880119707614,1.7345927970055828,1.99886281049555,0.6966528036947216,-1.3733102677273317,-1.0979863852898994,2.098937742594684,2.648589184001018,1.1403719676942388
86.0,102.0,1230.2794189453125,-3.4012560777422363,1.5758999559315592,1.7345927970055828,1.9988731434687943,0.6966528036947216,-1.3733102677273317,-1.0979863852898994,2.098937742594684,2.6485891840010183,1.1400968246968164
86.0,102.0,1230.279541015625,-3.4012560777422363,1.575880119707614,1.7345927970055828,1.99886281049555,0.6966528036947216,-1.3733102677273317,-1.0979863852898994,2.098937742594684,2.648589184001018,1.1400968246968164
86.0,102.0,1230.279541015625,-3.4012560777422363,1.575880119707614,1.7345927970055828,1.99886281049555,0.6966528036947216,-1.3733103196134264,-1.0979598851342491,2.098937742594684,2.6485891840405205,1.1400942074980975
86.0,102.0,1230.2825927734375,-3.401256146983227,1.5749342787820493,1.7351678712673908,1.998541546610616,0.696658266702265,-1.3732896456987886,-1.0979159637754956,2.098880205679252,2.6485891840922,1.1402996741915974
86.0,102.0,1230.284423828125,-3.4012560777422363,1.575880119707614,1.7345927970055828,1.99886281049555,0.6966528036947216,-1.3733183650479133,-1.0968485114697708,2.0989377022109093,2.648589184002448,1.1400968246968164
86.0,102.0,1230.284423828125,-3.401256105463551,1.5749353433958524,1.7345895277152883,1.99886281049555,0.6966528036947216,-1.3733093392174385,-1.0979864255131448,2.098937742594684,2.648589184000984,1.1403064702590973
86.0,102.0,1230.2891845703125,-3.4012563708431123,1.5913930403175447,1.7410067204207424,1.9979480132703955,0.6970081438716785,-1.373313580464642,-1.0969006219589417,2.0988810786660186,2.648589184032712,1.140309307761498
86.0,102.0,1230.290283203125,-3.4012560776786693,1.5749342787820493,1.7351678712673908,1.9996883800768464,0.696990876710249,-1.3732896456987886,-1.0979161926834549,2.098880068102644,2.648589184091465,1.1403050140909192
86.0,102.0,1230.2904052734375,-3.401254841784416,1.5748799175150592,1.7354642793687278,1.9996071472267696,0.6970139719369202,-1.3732893320349435,-1.0978515108434337,2.0988802490430927,2.6485891830693338,1.1403424260883028
86.0,102.0,1230.2904052734375,-3.401254937986059,1.5748799175150592,1.7354642793687278,1.9996071472267696,0.6970139719369202,-1.3732893320349435,-1.0978505448484388,2.0988802490430927,2.6485891839671374,1.1403424260883028
86.0,102.0,1230.2904052734375,-3.401254841784416,1.5748799175150592,1.7354642793687278,1.9996101536024191,0.6970139719369202,-1.3732893318734705,-1.0978493137577363,2.0988802490430927,2.6485891830693338,1.1403424260883028
86.0,102.0,1230.2906494140625,-3.401256146983227,1.5749342787820493,1.7351678712673908,1.9997222012944933,0.6969879458438694,-1.3732896456987886,-1.0979161926834549,2.0988802490430927,2.6485891840921494,1.1403049997100836
86.0,102.0,1230.2906494140625,-3.401256146983227,1.5749342787820493,1.7351678712673908,1.9997222012944933,0.696990876710249,-1.3732896456987886,-1.0979161926834549,2.098880205679252,2.6485891840921494,1.1403050140909192
86.0,102.0,1230.2906494140625,-3.401256146983227,1.5749342787820493,1.7351678712673908,1.9997222012944933,0.6969879458438694,-1.3732896456987886,-1.0979161926834549,2.0988802490430927,2.6485891840921494,1.1403049997100836
86.0,102.0,1230.2906494140625,-3.401256146983227,1.5749342338468824,1.7351678712673908,1.9997222012944933,0.6969853392084282,-1.3732896456987886,-1.0979161926834549,2.0988802490430927,2.648589184081252,1.1403049997100836
86.0,102.0,1230.2908935546875,-3.401254841784416,1.5748799175150592,1.7354642793687278,1.9996071472267696,0.6970140762182675,-1.3733001071059312,-1.0978515108434337,2.098880793371225,2.6485891830693338,1.1403498181124303
86.0,102.0,1230.291015625,-3.401256146983227,1.5748799175150592,1.7351678712673908,1.9997222012944933,0.6969879458438694,-1.3732896456987886,-1.0979161926834549,2.0988802490430927,2.648589184000983,1.1403049997100836
86.0,102.0,1230.291015625,-3.4012560507815848,1.5748799175150592,1.7351678712673908,1.9997222012944933,0.6969879458438694,-1.3732896456987886,-1.0979171586784495,2.0988802490430927,2.64858918310318,1.1403049997100836
86.0,102.0,1230.291015625,-3.4012560507815848,1.5748799175150592,1.7351678712673908,1.9997222012944933,0.6969880255884152,-1.3732891654841983,-1.097917031491856,2.0988802490430927,2.64858918310318,1.1403051322517834
86.0,102.0,1230.291259765625,-3.401254841784416,1.5748799175150592,1.7354642793687278,1.9996071472267696,0.697063797463528,-1.3733001071059312,-1.0978515108434337,2.098880791596744,2.6485891830693338,1.140088429707437
86.0,102.0,1230.2916259765625,-3.401256105953556,1.5748799175150592,1.7354791441194062,1.9997222012944933,0.6970105310095659,-1.3732888060457216,-1.0979161926834549,2.0988802490430927,2.648589184000983,1.1403114335062932
86.0,102.0,1230.291748046875,-3.401256151059753,1.5748799175150592,1.7354791441194062,1.9997222012944933,0.6969880241236841,-1.3732891661663806,-1.0980039772738084,2.0988802490430927,2.648589184000983,1.140302400982259
86.0,102.0,1230.291748046875,-3.401256105953556,1.5748600812911138,1.7354791441194062,1.9997118683212496,0.6970105310095659,-1.3732888060457216,-1.0979161926834549,2.0988802490430927,2.6485891840009828,1.1403114335062932
86.0,102.0,1230.291748046875,-3.401256151113889,1.5748799175150592,1.7354791441194062,1.9997222012944933,0.6969880241236841,-1.3732891895663786,-1.0980039772738084,2.0988802490430927,2.648589184000983,1.1403022542327066
86.0,102.0,1230.291748046875,-3.401256151059753,1.5748799175150592,1.7354791441194062,1.9997222012944933,0.6969880241236841,-1.3732891661663806,-1.0980039772738084,2.0988802490430927,2.648589184000983,1.140302400982259
86.0,102.0,1230.2918701171875,-3.401254937986059,1.5748799175150592,1.7354642793687278,1.999728260605358,0.6969878307513104,-1.3732896142039217,-1.0979172070027774,2.0988802490430927,2.648589183973141,1.1403424260883028
86.0,102.0,1230.2919921875,-3.4012564469425306,1.5749179849142354,1.7346223897630768,1.999592178787391,0.6967458365211935,-1.3732888060457216,-1.097896762051234,2.09888026317402,2.6485891839963105,1.1401055487745169
86.0,102.0,1230.2921142578125,-3.401256106072378,1.5748799175150592,1.7354881720449842,1.9997222012944933,0.6969879458438694,-1.3732896085590045,-1.0979161926834549,2.0988802490430927,2.648589184000983,1.1403051379844225
86.0,102.0,1230.292236328125,-3.4012548807316985,1.5905267491776196,1.7354811439585405,2.0015016367901484,0.6969888181097059,-1.3733414470897318,-1.09695345579687,2.098880980692554,2.6485891839870623,1.1403428546228909
86.0,102.0,1230.2933349609375,-3.401256105953556,1.5749179849142354,1.7346223897630768,1.999592178787391,0.6966523726845142,-1.3732888060457216,-1.0979185840514971,2.0988802490430927,2.648589184000983,1.1401055487745169
86.0,102.0,1230.2935791015625,-3.401256121694697,1.5749342787820493,1.7351678712673908,1.9997222012944933,0.696982231332845,-1.3733440474642766,-1.0979161926834549,2.0988802490430927,2.6485891840921494,1.140308069565235
86.0,102.0,1230.2947998046875,-3.401256146983227,1.5748799175150592,1.7351678712673908,1.9997222012944933,0.6969879458438694,-1.3732891067092692,-1.096871170215297,2.0988836313125976,2.648589184000983,1.1403023663531715
86.0,102.0,1230.2969970703125,-3.401256089506357,1.574921105867268,1.7354642793687278,1.999587151094104,0.6966687735637573,-1.3733097339514748,-1.0978464972776538,2.098883699294821,2.6485891830693338,1.1401202691237435
86.0,102.0,1230.2969970703125,-3.401256089506357,1.574921105867268,1.7354642793687278,1.999587151094104,0.6966687735637573,-1.3733097339514748,-1.0978464972776538,2.098883699294821,2.6485891830693338,1.1401202691237435
86.0,102.0,1230.2969970703125,-3.401256089506357,1.574921150802435,1.7354642793687278,1.999587151094104,0.6966713801991986,-1.3733097339514748,-1.0978464972776538,2.098883699294821,2.648589183080232,1.1401202691237435
86.0,102.0,1230.30126953125,-3.401256370929384,1.5754181345501836,1.7411541548838407,1.9983235304371536,0.6970324269634052,-1.3733102676050513,-1.0968638425055206,2.0988810786660186,2.6485891840016325,1.1403717947500571
86.0,102.0,1230.3017578125,-3.401256363038743,1.5907454135640224,1.7354811439585405,2.0015016367901484,0.6960241315913198,-1.3733425228432103,-1.09695345579687,2.098880980692554,2.6485891839870623,1.1403428546228909
86.0,102.0,1230.309814453125,-3.4012564524540263,1.5891681689362491,1.7409292518394004,1.999680876313696,0.6952691344480797,-1.3733107012046817,-1.096941085082072,2.098881066371413,2.6485891831650794,1.1403088900353575
86.0,102.0,1230.311279296875,-3.401256087219081,1.575880119707614,1.741086272465588,1.99886281049555,0.6966528036947216,-1.3733183650479133,-1.096847786190402,2.0989377022109093,2.648589184002448,1.1400968246968164
86.0,102.0,1230.314697265625,-3.401254837298981,1.5748799175150592,1.7350223935757534,2.001955231998166,0.6970031832004594,-1.3733414418749248,-1.0969526182895468,2.0988802490430927,2.639295732185817,1.140347913568342
86.0,102.0,1230.31787109375,-3.401256081216621,1.5749342787820493,1.7351678712673908,1.99887818518982,0.6969879458438694,-1.3732889645473514,-1.0979161926834549,2.0988802490430927,2.6514336868736867,1.1403011880706515
86.0,102.0,1230.3212890625,-3.401254846297791,1.5748799175150592,1.7350189156644893,2.002092158828571,0.6969879552988499,-1.3732870401094368,-1.0969526182895468,2.0988802490430927,2.6485891830693338,1.1403393562331514
86.0,102.0,1230.32421875,-3.4012548210092617,1.5748799175150592,1.7350189156644893,2.002092158828571,0.6969822407878254,-1.3733414418749248,-1.0969526182895468,2.0988802490430927,2.6485891830693338,1.1403424260883028
86.0,102.0,1230.32421875,-3.4012548210092617,1.5748799175150592,1.7350189156644893,2.002092158828571,0.6969822407878254,-1.3733414418749248,-1.0969526182895468,2.0988802490430927,2.6485891830693338,1.1403424260883028
86.0,102.0,1230.3243408203125,-3.4012548210092617,1.5748799175150592,1.7350038642066947,2.002092158828571,0.6969822407878254,-1.3733439537140888,-1.0969526182895468,2.0988802490430927,2.648589183070264,1.1403424260883028
86.0,102.0,1230.3271484375,-3.401256105953556,1.5746599270753432,1.7346223897630768,1.999592178787391,0.6952573412118205,-1.373483260831711,-1.0978980143040376,2.0988802685219623,2.648589183183602,1.14010872548293
86.0,103.0,1230.1617431640625,-3.401256151059753,1.5748799175150592,1.7354791441194062,1.9526159068179456,0.6969880241236841,-1.3732891663278537,-1.0980061743595055,2.0988802490430927,2.648589184000983,1.140302400982259
86.0,103.0,1230.2772216796875,-3.4012560777422363,1.5758799823936736,1.7345927970055828,1.998566250413898,0.6966528036947216,-1.3733106084967257,-1.0979598851342491,2.0988722161781856,2.648589184001568,1.1400942074980975
86.0,103.0,1230.27734375,-3.4012560777422363,1.575880119707614,1.7345927970055828,1.998566250413898,0.6966528036947216,-1.3733134279191266,-1.0979598851342491,2.0988722161781856,2.648589184036695,1.1400942074980975
86.0,103.0,1230.2779541015625,-3.401256074755318,1.575743502391496,1.7345927970055828,1.998566250413898,0.6966528036947216,-1.3733106084967257,-1.0979598851342491,2.0988804209124177,2.648589184001568,1.1400942074980975
86.0,103.0,1230.2783203125,-3.4012560777422363,1.575880119707614,1.7345927970055828,1.99886281049555,0.6966528036947216,-1.3733102677273317,-1.0979863852898994,2.098937742594684,2.648589184001018,1.1403719676942388
86.0,103.0,1230.2784423828125,-3.401256105463551,1.575892347633398,1.7345893456843953,1.99886281049555,0.6966528036947216,-1.3733093392174385,-1.0979864255131448,2.098937742594684,2.648589184000984,1.1403064702590973
86.0,103.0,1230.2794189453125,-3.4012560777422363,1.5758999559315592,1.7345927970055828,1.9988731434687943,0.6966528036947216,-1.3733102677273317,-1.0979863852898994,2.098937742594684,2.6485891840010183,1.1400968246968164
86.0,103.0,1230.279541015625,-3.4012560777422363,1.575880119707614,1.7345927970055828,1.99886281049555,0.6966528036947216,-1.3733102677273317,-1.0979863852898994,2.098937742594684,2.648589184001018,1.1400968246968164
86.0,103.0,1230.279541015625,-3.4012560777422363,1.575880119707614,1.7345927970055828,1.99886281049555,0.6966528036947216,-1.3733103196134264,-1.0979598851342491,2.098937742594684,2.6485891840405205,1.1400942074980975
86.0,103.0,1230.28076171875,-3.4012560777422363,1.575880119707614,1.7345927970055828,1.99886281049555,0.6966528036947216,-1.3733183650479133,-1.0979277723864025,2.098878470276219,2.648589184002448,1.1400968246968164
86.0,103.0,1230.2825927734375,-3.401256146983227,1.5749342787820493,1.7351678712673908,1.998541546610616,0.696658266702265,-1.3732896456987886,-1.0979159637754956,2.098880205679252,2.6485891840922,1.1402996741915974
86.0,103.0,1230.2825927734375,-3.401256146983227,1.5749342787820493,1.7351678712673908,1.998541546610616,0.696658266702265,-1.3732896456987886,-1.0979159637754956,2.098880205679252,2.6485891840922,1.1402996741915974
86.0,103.0,1230.284423828125,-3.4012560777422363,1.575880119707614,1.7345927970055828,1.99886281049555,0.6966528036947216,-1.3733183650479133,-1.0968485114697708,2.0989377022109093,2.648589184002448,1.1400968246968164
86.0,103.0,1230.284423828125,-3.401256105463551,1.5749353433958524,1.7345895277152883,1.99886281049555,0.6966528036947216,-1.3733093392174385,-1.0979864255131448,2.098937742594684,2.648589184000984,1.1403064702590973
86.0,103.0,1230.28466796875,-3.4012560777422363,1.574938821908649,1.7346047291426865,1.998870279406492,0.6966535151860542,-1.3733102677273317,-1.0979863852898994,2.098937742594684,2.648589183994152,1.140308025082251
86.0,103.0,1230.28466796875,-3.4012560742374465,1.5758979151330963,1.735528661728045,1.9997222012944933,0.6969880241236841,-1.3732891661663806,-1.0980039772738084,2.098937664396608,2.648589184001018,1.140302400982259
86.0,103.0,1230.2855224609375,-3.4012560777422363,1.5749231154700685,1.7345929790364758,1.99886281049555,0.6966528036947216,-1.3733102677273317,-1.0979863852898994,2.098937742594684,2.648589184001018,1.1400968246968164
86.0,103.0,1230.28759765625,-3.4012549458455617,1.5749353433958524,1.7345895277152883,1.999702408724447,0.697012768958521,-1.373289312255804,-1.0978534822635937,2.098937742594684,2.6485891840001,1.1403433645998369
86.0,103.0,1230.288330078125,-3.401256089506357,1.574921105867268,1.7354642793687278,1.998836610706392,0.6966687735637573,-1.3733097339514748,-1.0979650391393767,2.098883699294821,2.6485891830693338,1.1401202691237435
86.0,103.0,1230.2891845703125,-3.4012563708431123,1.5913930403175447,1.7410067204207424,1.9979480132703955,0.6970081438716785,-1.373313580464642,-1.0969006219589417,2.0988810786660186,2.648589184032712,1.140309307761498
86.0,103.0,1230.2894287109375,-3.40125608949734,1.5905517014131607,1.740848412954562,1.999745574307232,0.6969879458438694,-1.3732896085590045,-1.0979161926834549,2.098881005570685,2.648589184031788,1.1403051379844225
86.0,103.0,1230.290283203125,-3.4012560776786693,1.5749342787820493,1.7351678712673908,1.9996883800768464,0.696990876710249,-1.3732896456987886,-1.0979161926834549,2.098880068102644,2.648589184091465,1.1403050140909192
86.0,103.0,1230.2904052734375,-3.401254841784416,1.5748799175150592,1.7354642793687278,1.9996071472267696,0.6970139719369202,-1.3732893320349435,-1.0978515108434337,2.0988802490430927,2.6485891830693338,1.1403424260883028
86.0,103.0,1230.2904052734375,-3.401254937986059,1.5748799175150592,1.7354642793687278,1.9996071472267696,0.6970139719369202,-1.3732893320349435,-1.0978505448484388,2.0988802490430927,2.6485891839671374,1.1403424260883028
86.0,103.0,1230.2904052734375,-3.401254841784416,1.5748799175150592,1.7354642793687278,1.9996101536024191,0.6970139719369202,-1.3732893318734705,-1.0978493137577363,2.0988802490430927,2.6485891830693338,1.1403424260883028
86.0,103.0,1230.2904052734375,-3.401254841784416,1.5748799175150592,1.7354642793687278,1.9996101536024191,0.6970139719369202,-1.373289331882262,-1.0978493137577363,2.0988802490430927,2.6485891830693338,1.1403424260883028
86.0,103.0,1230.2906494140625,-3.401256146983227,1.5749342787820493,1.7351678712673908,1.9997222012944933,0.6969879458438694,-1.3732896456987886,-1.0979161926834549,2.0988802490430927,2.6485891840921494,1.1403049997100836
86.0,103.0,1230.2906494140625,-3.401256146983227,1.5749342787820493,1.7351678712673908,1.9997222012944933,0.696990876710249,-1.3732896456987886,-1.0979161926834549,2.098880205679252,2.6485891840921494,1.1403050140909192
86.0,103.0,1230.2906494140625,-3.401256146983227,1.5749342787820493,1.7351678712673908,1.9997222012944933,0.6969879458438694,-1.3732896456987886,-1.0979161926834549,2.0988802490430927,2.6485891840921494,1.1403049997100836
86.0,103.0,1230.2906494140625,-3.401256146983227,1.5749342338468824,1.7351678712673908,1.9997222012944933,0.6969853392084282,-1.3732896456987886,-1.0979161926834549,2.0988802490430927,2.648589184081252,1.1403049997100836
86.0,103.0,1230.290771484375,-3.4012560507815848,1.574918276429563,1.7351678712673908,1.9997222012944933,0.6969880255884152,-1.3732891654841983,-1.097917031491856,2.0988802490430927,2.6485891840960383,1.1403051322517834
86.0,103.0,1230.2908935546875,-3.401254841784416,1.5748799175150592,1.7354642793687278,1.9996071472267696,0.6970140762182675,-1.3733001071059312,-1.0978515108434337,2.098880793371225,2.6485891830693338,1.1403498181124303
86.0,103.0,1230.291015625,-3.401256146983227,1.5748799175150592,1.7351678712673908,1.9997222012944933,0.6969879458438694,-1.3732896456987886,-1.0979161926834549,2.0988802490430927,2.648589184000983,1.1403049997100836
86.0,103.0,1230.291015625,-3.4012560507815848,1.5748799175150592,1.7351678712673908,1.9997222012944933,0.6969879458438694,-1.3732896456987886,-1.0979171586784495,2.0988802490430927,2.64858918310318,1.1403049997100836
86.0,103.0,1230.291015625,-3.4012560507815848,1.5748799175150592,1.7351678712673908,1.9997222012944933,0.6969880255884152,-1.3732891654841983,-1.097917031491856,2.0988802490430927,2.64858918310318,1.1403051322517834
86.0,103.0,1230.2911376953125,-3.401254841784416,1.5748799175150592,1.7354642793687278,1.9996080115383623,0.6970140762182675,-1.3733003241826167,-1.0978515108434337,2.098880793371225,2.6485891830693338,1.1403037378130625
86.0,103.0,1230.291259765625,-3.401254841784416,1.5748799175150592,1.7354642793687278,1.9996071472267696,0.697063797463528,-1.3733001071059312,-1.0978515108434337,2.098880791596744,2.6485891830693338,1.140088429707437
86.0,103.0,1230.2916259765625,-3.401256105953556,1.5748799175150592,1.7354791441194062,1.9997222012944933,0.6970105310095659,-1.3732888060457216,-1.0979161926834549,2.0988802490430927,2.648589184000983,1.1403114335062932
86.0,103.0,1230.291748046875,-3.401256151059753,1.5748799175150592,1.7354791441194062,1.9997222012944933,0.6969880241236841,-1.3732891661663806,-1.0980039772738084,2.0988802490430927,2.648589184000983,1.140302400982259
86.0,103.0,1230.291748046875,-3.401256105953556,1.5748600812911138,1.7354791441194062,1.9997118683212496,0.6970105310095659,-1.3732888060457216,-1.0979161926834549,2.0988802490430927,2.6485891840009828,1.1403114335062932
86.0,103.0,1230.291748046875,-3.401256151113889,1.5748799175150592,1.7354791441194062,1.9997222012944933,0.6969880241236841,-1.3732891895663786,-1.0980039772738084,2.0988802490430927,2.648589184000983,1.1403022542327066
86.0,103.0,1230.291748046875,-3.401256151059753,1.5748799175150592,1.7354791441194062,1.9997222012944933,0.6969880241236841,-1.3732891661663806,-1.0980039772738084,2.0988802490430927,2.648589184000983,1.140302400982259
86.0,103.0,1230.291748046875,-3.4012560776786693,1.5749342787820493,1.7355029366483308,1.9997213580723807,0.696990876710249,-1.3732896456987886,-1.0979161926834549,2.0988802607201515,2.6485891840932747,1.1403050140909192
86.0,103.0,1230.2918701171875,-3.401254937986059,1.5748799175150592,1.7354642793687278,1.999728260605358,0.6969878307513104,-1.3732896142039217,-1.0979172070027774,2.0988802490430927,2.648589183973141,1.1403424260883028
86.0,103.0,1230.2919921875,-3.4012564469425306,1.5749179849142354,1.7346223897630768,1.999592178787391,0.6967458365211935,-1.3732888060457216,-1.097896762051234,2.09888026317402,2.6485891839963105,1.1401055487745169
86.0,103.0,1230.2919921875,-3.401256068559501,1.5748799175150592,1.7354642793687278,1.999660129948752,0.6970139719369202,-1.3732893320349435,-1.0978505448484388,2.0988802490430927,2.6485891839989737,1.140096143612296
86.0,103.0,1230.2921142578125,-3.401256106072378,1.5748799175150592,1.7354881720449842,1.9997222012944933,0.6969879458438694,-1.3732896085590045,-1.0979161926834549,2.0988802490430927,2.648589184000983,1.1403051379844225
86.0,103.0,1230.292236328125,-3.4012548807316985,1.5905267491776196,1.7354811439585405,2.0015016367901484,0.6969888181097059,-1.3733414470897318,-1.09695345579687,2.098880980692554,2.6485891839870623,1.1403428546228909
86.0,103.0,1230.2930908203125,-3.4012564394047966,1.5749178354163265,1.7346332457024742,1.9995872993183468,0.6967458365211935,-1.3733099672741844,-1.0978970667657235,2.0988802759782867,2.6485891839963105,1.1401058849746315
86.0,103.0,1230.2933349609375,-3.401256105953556,1.5749179849142354,1.7346223897630768,1.999592178787391,0.6966523726845142,-1.3732888060457216,-1.0979185840514971,2.0988802490430927,2.648589184000983,1.1401055487745169
86.0,104.0,1230.1309814453125,-3.401254841784416,1.5748799175150592,1.7354795678153936,1.959374283883384,0.6969836773598693,-1.3732891936105789,-1.0978515108434337,2.098880808356438,2.6485891830693338,1.140274592852125
86.0,104.0,1230.1617431640625,-3.401256151059753,1.5748799175150592,1.7354791441194062,1.9526159068179456,0.6969880241236841,-1.3732891663278537,-1.0980061743595055,2.0988802490430927,2.648589184000983,1.140302400982259
86.0,104.0,1230.2720947265625,-3.401256090001992,1.5905517014131607,1.7354570339234392,1.999721547248135,0.696987945514899,-1.3732896085590045,-1.0979161926834549,2.098881031627014,2.6485891840011924,1.1403051379844225
86.0,104.0,1230.27392578125,-3.4012560766111424,1.575880119707614,1.7345735036801124,1.9988607382597487,0.6969846871294588,-1.3733093713067848,-1.0979863852898994,2.098879195186087,2.648589184097708,1.1403712907527828
86.0,104.0,1230.2772216796875,-3.4012560777422363,1.5758799823936736,1.7345927970055828,1.998566250413898,0.6966528036947216,-1.3733106084967257,-1.0979598851342491,2.0988722161781856,2.648589184001568,1.1400942074980975
86.0,104.0,1230.27734375,-3.4012560777422363,1.575880119707614,1.7345927970055828,1.998566250413898,0.6966528036947216,-1.3733134279191266,-1.0979598851342491,2.0988722161781856,2.648589184036695,1.1400942074980975
86.0,104.0,1230.277587890625,-3.401256074755318,1.575743502391496,1.7345927970055828,1.998541143133604,0.6966528036947216,-1.3733106084967257,-1.0979606855486206,2.0988804209124177,2.648589184001568,1.1400942074980975
86.0,104.0,1230.277587890625,-3.401256146983227,1.5749342787820493,1.7351678712673908,1.998541546610616,0.6969944114195638,-1.3732896456987886,-1.0979159614670877,2.098880205494334,2.648589184092176,1.1402996741915974
86.0,104.0,1230.2779541015625,-3.401256074755318,1.575743502391496,1.7345927970055828,1.998566250413898,0.6966528036947216,-1.3733106084967257,-1.0979598851342491,2.0988804209124177,2.648589184001568,1.1400942074980975
86.0,104.0,1230.2783203125,-3.4012560777422363,1.575880119707614,1.7345927970055828,1.99886281049555,0.6966528036947216,-1.3733102677273317,-1.0979863852898994,2.098937742594684,2.648589184001018,1.1403719676942388
86.0,104.0,1230.2784423828125,-3.401256105463551,1.575892347633398,1.7345893456843953,1.99886281049555,0.6966528036947216,-1.3733093392174385,-1.0979864255131448,2.098937742594684,2.648589184000984,1.1403064702590973
86.0,104.0,1230.2794189453125,-3.4012560777422363,1.5758999559315592,1.7345927970055828,1.9988731434687943,0.6966528036947216,-1.3733102677273317,-1.0979863852898994,2.098937742594684,2.6485891840010183,1.1400968246968164
86.0,104.0,1230.279541015625,-3.4012560777422363,1.575880119707614,1.7345927970055828,1.99886281049555,0.6966528036947216,-1.3733102677273317,-1.0979863852898994,2.098937742594684,2.648589184001018,1.1400968246968164
86.0,104.0,1230.279541015625,-3.4012560777422363,1.575880119707614,1.7345927970055828,1.99886281049555,0.6966528036947216,-1.3733103196134264,-1.0979598851342491,2.098937742594684,2.6485891840405205,1.1400942074980975
86.0,104.0,1230.279541015625,-3.4012560777422363,1.575880119707614,1.7345927970055828,1.99886281049555,0.6966528036947216,-1.3733102677273317,-1.0979863852898994,2.098937742594684,2.648589184001018,1.1400968246968164
86.0,104.0,1230.27978515625,-3.401256103009414,1.57589250846624,1.7345896282348163,1.99886281049555,0.6966528036947216,-1.3733183650479133,-1.0979948897623106,2.098937743077383,2.6485891840010045,1.1400968246968164
86.0,104.0,1230.2806396484375,-3.401256130940358,1.5749361255593046,1.7345895277152883,1.9988717483847604,0.697012768958521,-1.3733101978735796,-1.0978534822635937,2.098937742594684,2.648589184000126,1.1400981341749228
86.0,104.0,1230.28076171875,-3.4012560777422363,1.575880119707614,1.7345927970055828,1.99886281049555,0.6966528036947216,-1.3733183650479133,-1.0979277723864025,2.098878470276219,2.648589184002448,1.1400968246968164
86.0,104.0,1230.28076171875,-3.401256147710765,1.575880119707614,1.7345783890171869,1.99886281049555,0.6966528036947216,-1.3733176204464232,-1.0979281123808289,2.098878539068868,2.6485891840031863,1.1400968246968164
86.0,104.0,1230.282470703125,-3.401256146983227,1.5749342787820493,1.7351678712673908,1.9985314255101776,0.6966603567218421,-1.3732896456987886,-1.0979159637754956,2.0988810703778897,2.6485891840298312,1.1402997761283036
86.0,104.0,1230.2825927734375,-3.401256146983227,1.5749342787820493,1.7351678712673908,1.998541546610616,0.696658266702265,-1.3732896456987886,-1.0979159637754956,2.098880205679252,2.6485891840922,1.1402996741915974
86.0,104.0,1230.2825927734375,-3.401256146983227,1.5749342787820493,1.7351678712673908,1.998541546610616,0.696658266702265,-1.3732896456987886,-1.0979159637754956,2.098880205679252,2.6485891840922,1.1402996741915974
86.0,104.0,1230.28271484375,-3.4012561479381285,1.5749431624526538,1.7345927970055828,1.998566250413898,0.6966604137627912,-1.373308295469256,-1.0979623886301413,2.098872623589824,2.648589184001568,1.1400942074980975
86.0,104.0,1230.2835693359375,-3.401256105953556,1.5748824281932532,1.735488814566498,1.9988738297428672,0.6970017106566728,-1.3733106006713065,-1.0979139845761947,2.0988802490430927,2.648589184000983,1.1403116701526543
86.0,104.0,1230.284423828125,-3.4012560777422363,1.575880119707614,1.7345927970055828,1.99886281049555,0.6966528036947216,-1.3733183650479133,-1.0968485114697708,2.0989377022109093,2.648589184002448,1.1400968246968164
86.0,104.0,1230.284423828125,-3.401256105463551,1.5749353433958524,1.7345895277152883,1.99886281049555,0.6966528036947216,-1.3733093392174385,-1.0979864255131448,2.098937742594684,2.648589184000984,1.1403064702590973
86.0,104.0,1230.2845458984375,-3.401254841784416,1.5758938786152137,1.7354642793687278,1.9996853635477936,0.6970188363395451,-1.373288665817111,-1.0978515108434337,2.098880209257329,2.6485891840699622,1.140344958776543
86.0,104.0,1230.28466796875,-3.4012560777422363,1.574938821908649,1.7346047291426865,1.998870279406492,0.6966535151860542,-1.3733102677273317,-1.0979863852898994,2.098937742594684,2.648589183994152,1.140308025082251
86.0,104.0,1230.28466796875,-3.4012560742374465,1.5758979151330963,1.735528661728045,1.9997222012944933,0.6969880241236841,-1.3732891661663806,-1.0980039772738084,2.098937664396608,2.648589184001018,1.140302400982259
86.0,104.0,1230.28515625,-3.4012560767873348,1.575816737456079,1.7351678712673908,1.9997222012944933,0.6969803357757998,-1.3732919587262582,-1.0979136891875627,2.098879841631454,2.648589184000983,1.1403049997100836
86.0,104.0,1230.2855224609375,-3.4012560777422363,1.5749231154700685,1.7345929790364758,1.99886281049555,0.6966528036947216,-1.3733102677273317,-1.0979863852898994,2.098937742594684,2.648589184001018,1.1400968246968164
86.0,104.0,1230.28564453125,-3.401256089506357,1.5749945322861627,1.7346278459291498,1.998836610706392,0.6966687735637573,-1.373318298396669,-1.0979650391393767,2.098878372379174,2.6485891830693338,1.1401202691237435
86.0,104.0,1230.2872314453125,-3.4012548902555704,1.5748799175150592,1.7346090330962989,1.9996071472267696,0.6970064191410364,-1.3732893320349435,-1.0979929568303717,2.0988802490430927,2.6485891840001035,1.1403424260883028
86.0,104.0,1230.28759765625,-3.4012549458455617,1.5749353433958524,1.7345895277152883,1.999702408724447,0.697012768958521,-1.373289312255804,-1.0978534822635937,2.098937742594684,2.6485891840001,1.1403433645998369
86.0,104.0,1230.28759765625,-3.401256153194039,1.5749353433958524,1.7354447739877172,1.99886281049555,0.6966603564906052,-1.3733093392174385,-1.0978440135312124,2.098937742594684,2.648589183968018,1.1403064702590973
86.0,104.0,1230.288330078125,-3.401256089506357,1.574921105867268,1.7354642793687278,1.998836610706392,0.6966687735637573,-1.3733097339514748,-1.0979650391393767,2.098883699294821,2.6485891830693338,1.1401202691237435
86.0,104.0,1230.28857421875,-3.4012560753477112,1.574921105867268,1.7354642793687278,1.9988537015707832,0.6966685932661031,-1.373309716218931,-1.0979650391393767,2.0988835565068173,2.6485891830693338,1.1401202876816443
86.0,104.0,1230.2891845703125,-3.4012563708431123,1.5913930403175447,1.7410067204207424,1.9979480132703955,0.6970081438716785,-1.373313580464642,-1.0969006219589417,2.0988810786660186,2.648589184032712,1.140309307761498
86.0,104.0,1230.2891845703125,-3.4012563708431123,1.5913930403175447,1.7410067204207424,1.997939163499285,0.6970081438716785,-1.3733147667527308,-1.0969006219589417,2.098880200603596,2.6485891840314304,1.140309307761498
86.0,104.0,1230.289306640625,-3.4012563708431123,1.5913930403175447,1.7410067204207424,1.9979581343708328,0.6970060538521015,-1.373313580464642,-1.0969006219589417,2.09888021396738,2.6485891840950804,1.1403092058247917
86.0,104.0,1230.2894287109375,-3.40125608949734,1.5905517014131607,1.740848412954562,1.999745574307232,0.6969879458438694,-1.3732896085590045,-1.0979161926834549,2.098881005570685,2.648589184031788,1.1403051379844225
86.0,104.0,1230.290283203125,-3.4012560776786693,1.5749342787820493,1.7351678712673908,1.9996883800768464,0.696990876710249,-1.3732896456987886,-1.0979161926834549,2.098880068102644,2.648589184091465,1.1403050140909192
86.0,104.0,1230.2904052734375,-3.401254841784416,1.5748799175150592,1.7354642793687278,1.9996071472267696,0.6970139719369202,-1.3732893320349435,-1.0978515108434337,2.0988802490430927,2.6485891830693338,1.1403424260883028
86.0,104.0,1230.2904052734375,-3.401254937986059,1.5748799175150592,1.7354642793687278,1.9996071472267696,0.6970139719369202,-1.3732893320349435,-1.0978505448484388,2.0988802490430927,2.6485891839671374,1.1403424260883028
86.0,104.0,1230.2904052734375,-3.401254841784416,1.5748799175150592,1.7354642793687278,1.9996101536024191,0.6970139719369202,-1.3732893318734705,-1.0978493137577363,2.0988802490430927,2.6485891830693338,1.1403424260883028
86.0,104.0,1230.2904052734375,-3.401254841784416,1.5748799175150592,1.7354642793687278,1.9996101536024191,0.6970139719369202,-1.373289331882262,-1.0978493137577363,2.0988802490430927,2.6485891830693338,1.1403424260883028
86.0,104.0,1230.2904052734375,-3.401254841784416,1.5748799175150592,1.7354642793687278,1.9996071472267696,0.6970139719369202,-1.3732893320349435,-1.0978515108434337,2.0988802490430927,2.6485891830693338,1.1403424260883028
86.0,104.0,1230.2906494140625,-3.401256146983227,1.5749342787820493,1.7351678712673908,1.9997222012944933,0.6969879458438694,-1.3732896456987886,-1.0979161926834549,2.0988802490430927,2.6485891840921494,1.1403049997100836
86.0,104.0,1230.2906494140625,-3.401256146983227,1.5749342787820493,1.7351678712673908,1.9997222012944933,0.696990876710249,-1.3732896456987886,-1.0979161926834549,2.098880205679252,2.6485891840921494,1.1403050140909192
86.0,104.0,1230.2906494140625,-3.401256146983227,1.5749342787820493,1.7351678712673908,1.9997222012944933,0.6969879458438694,-1.3732896456987886,-1.0979161926834549,2.0988802490430927,2.6485891840921494,1.1403049997100836
86.0,105.0,1230.1309814453125,-3.401254841784416,1.5748799175150592,1.7354795678153936,1.959374283883384,0.6969836773598693,-1.3732891936105789,-1.0978515108434337,2.098880808356438,2.6485891830693338,1.140274592852125
86.0,105.0,1230.1322021484375,-3.401256073478565,1.5748799175150592,1.7345954532466203,1.961389008149005,0.6966224782912455,-1.373313805717692,-1.0978515108434337,2.098871060313056,2.6485891830693338,1.1400968594372938
86.0,105.0,1230.135498046875,-3.401256106671288,1.575880307548386,1.7345895096683834,1.976080143812599,0.6966528036947216,-1.3733183650479133,-1.0968485114697708,2.0989377444234583,2.648589184002448,1.1401025932109203
86.0,105.0,1230.1617431640625,-3.401256151059753,1.5748799175150592,1.7354791441194062,1.9526159068179456,0.6969880241236841,-1.3732891663278537,-1.0980061743595055,2.0988802490430927,2.648589184000983,1.140302400982259
86.0,105.0,1230.2720947265625,-3.401256090001992,1.5905517014131607,1.7354570339234392,1.999721547248135,0.696987945514899,-1.3732896085590045,-1.0979161926834549,2.098881031627014,2.6485891840011924,1.1403051379844225
86.0,105.0,1230.27392578125,-3.4012560766111424,1.575880119707614,1.7345735036801124,1.9988607382597487,0.6969846871294588,-1.3733093713067848,-1.0979863852898994,2.098879195186087,2.648589184097708,1.1403712907527828
86.0,105.0,1230.275146484375,-3.4012560779519507,1.5758647835909194,1.7351678712673908,1.998867226541576,0.6969944114195638,-1.3732899076305722,-1.0979934795786483,2.098878572049624,2.648589184092176,1.1402996741915974
86.0,105.0,1230.2755126953125,-3.401256078070833,1.5758979151330963,1.7346127534433493,1.998912103023328,0.6969880241236841,-1.373320066679207,-1.0980036665888129,2.098937664396608,2.648589184000994,1.1400986885683198
86.0,105.0,1230.27685546875,-3.401256076773933,1.575743502391496,1.7345927970055828,1.998566250413898,0.6966528036947216,-1.3732908587994337,-1.0979598851342491,2.0988804209124177,2.648589184000997,1.1400942074980975
86.0,105.0,1230.277099609375,-3.401256146983227,1.5911123318486695,1.7351678712673908,1.9997654025648248,0.6966603567218421,-1.373289607713622,-1.0979159637754956,2.0988810703778897,2.6485891840298312,1.1402997761283036
86.0,105.0,1230.2772216796875,-3.4012560777422363,1.5758799823936736,1.7345927970055828,1.998566250413898,0.6966528036947216,-1.3733106084967257,-1.0979598851342491,2.0988722161781856,2.648589184001568,1.1400942074980975
86.0,105.0,1230.2772216796875,-3.4012560777422363,1.5758799863098525,1.7345927970055828,1.998566250413898,0.6966528036947216,-1.3733106084967257,-1.0979598851342491,2.0988722161781856,2.648589184002467,1.1400942074980975
86.0,105.0,1230.27734375,-3.4012560777422363,1.575880119707614,1.7345927970055828,1.998566250413898,0.6966528036947216,-1.3733134279191266,-1.0979598851342491,2.0988722161781856,2.648589184036695,1.1400942074980975
86.0,105.0,1230.27734375,-3.4012561292696417,1.5749362029455116,1.735159377925234,1.998541546610616,0.6970133047897259,-1.3732896456987886,-1.0979159614670877,2.098880205494334,2.648589184092592,1.1402996741915974
86.0,105.0,1230.277587890625,-3.401256074755318,1.575743502391496,1.7345927970055828,1.998541143133604,0.6966528036947216,-1.3733106084967257,-1.0979606855486206,2.0988804209124177,2.648589184001568,1.1400942074980975
86.0,105.0,1230.277587890625,-3.401256146983227,1.5749342787820493,1.7351678712673908,1.998541546610616,0.6969944114195638,-1.3732896456987886,-1.0979159614670877,2.098880205494334,2.648589184092176,1.1402996741915974
86.0,105.0,1230.2779541015625,-3.401256074755318,1.575743502391496,1.7345927970055828,1.998566250413898,0.6966528036947216,-1.3733106084967257,-1.0979598851342491,2.0988804209124177,2.648589184001568,1.1400942074980975
86.0,105.0,1230.2779541015625,-3.401256074755318,1.575743502391496,1.7345927970055828,1.9985661083785915,0.6966528036947216,-1.3733106084967257,-1.0979599049831452,2.0988804209124177,2.648589184001568,1.1400942074980975
86.0,105.0,1230.2783203125,-3.4012560777422363,1.575880119707614,1.7345927970055828,1.99886281049555,0.6966528036947216,-1.3733102677273317,-1.0979863852898994,2.098937742594684,2.648589184001018,1.1403719676942388
86.0,105.0,1230.2783203125,-3.4012560777422363,1.575880119707614,1.7345927970055828,1.9988606930141213,0.6966509915968593,-1.3733103196134264,-1.09798712534302,2.0989381142338885,2.6485891840405205,1.1403701820339094
86.0,105.0,1230.2784423828125,-3.401256105463551,1.575892347633398,1.7345893456843953,1.99886281049555,0.6966528036947216,-1.3733093392174385,-1.0979864255131448,2.098937742594684,2.648589184000984,1.1403064702590973
86.0,105.0,1230.2784423828125,-3.401256105463551,1.575892347633398,1.7345893456843953,1.9988616340322976,0.6966528036947216,-1.3733093392174385,-1.0979864255131448,2.098937659167043,2.648589184000984,1.1403064702590973
86.0,105.0,1230.2784423828125,-3.4012560777422363,1.5758999559315592,1.7345927970055828,1.9988731434687943,0.6966528036947216,-1.3732898740295063,-1.0979863852898994,2.0989368613803028,2.6485891840010183,1.1400968246968164
86.0,105.0,1230.2794189453125,-3.4012560777422363,1.5758999559315592,1.7345927970055828,1.9988731434687943,0.6966528036947216,-1.3733102677273317,-1.0979863852898994,2.098937742594684,2.6485891840010183,1.1400968246968164
86.0,105.0,1230.2794189453125,-3.4012561479381285,1.5759580940771984,1.7345927970055828,1.9988542053229177,0.6966604137627912,-1.3733081268039062,-1.0979623886301413,2.098878043083747,2.648589184002551,1.1400942074980975
86.0,105.0,1230.279541015625,-3.4012560777422363,1.575880119707614,1.7345927970055828,1.99886281049555,0.6966528036947216,-1.3733102677273317,-1.0979863852898994,2.098937742594684,2.648589184001018,1.1400968246968164
86.0,105.0,1230.279541015625,-3.4012560777422363,1.575880119707614,1.7345927970055828,1.99886281049555,0.6966528036947216,-1.3733103196134264,-1.0979598851342491,2.098937742594684,2.6485891840405205,1.1400942074980975
86.0,105.0,1230.279541015625,-3.4012560777422363,1.575880119707614,1.7345927970055828,1.99886281049555,0.6966528036947216,-1.3733102677273317,-1.0979863852898994,2.098937742594684,2.648589184001018,1.1400968246968164
86.0,105.0,1230.27978515625,-3.401256103009414,1.57589250846624,1.7345896282348163,1.99886281049555,0.6966528036947216,-1.3733183650479133,-1.0979948897623106,2.098937743077383,2.6485891840010045,1.1400968246968164
86.0,105.0,1230.27978515625,-3.401256103009414,1.57589250846624,1.7345896282348163,1.99886281049555,0.6966528036947216,-1.3733183650479133,-1.0979948897623106,2.098937743077383,2.6485891840010045,1.1400968246968164
86.0,105.0,1230.2806396484375,-3.401256130940358,1.5749361255593046,1.7345895277152883,1.9988717483847604,0.697012768958521,-1.3733101978735796,-1.0978534822635937,2.098937742594684,2.648589184000126,1.1400981341749228
86.0,105.0,1230.2806396484375,-3.4012560777422363,1.5758999559315592,1.7345927970055828,1.9988731434687943,0.6966347864996509,-1.3733102677273317,-1.0979163463838568,2.098881092913566,2.6485891840013056,1.1400968246968164
86.0,105.0,1230.28076171875,-3.4012560777422363,1.575880119707614,1.7345927970055828,1.99886281049555,0.6966528036947216,-1.3733183650479133,-1.0979277723864025,2.098878470276219,2.648589184002448,1.1400968246968164
86.0,105.0,1230.28076171875,-3.401256147710765,1.575880119707614,1.7345783890171869,1.99886281049555,0.6966528036947216,-1.3733176204464232,-1.0979281123808289,2.098878539068868,2.6485891840031863,1.1400968246968164
86.0,105.0,1230.281982421875,-3.4012561467735125,1.5749496148987436,1.7345927970055828,1.9985371305645905,0.6966528036947216,-1.373310005795548,-1.0979088671783386,2.098939376039393,2.648589184001018,1.1400968246968164
86.0,105.0,1230.282470703125,-3.401256146983227,1.5749342787820493,1.7351678712673908,1.9985314255101776,0.6966603567218421,-1.3732896456987886,-1.0979159637754956,2.0988810703778897,2.6485891840298312,1.1402997761283036
86.0,105.0,1230.282470703125,-3.401256146983227,1.5749342787820493,1.7351678712673908,1.9985315447149463,0.6966582338076067,-1.3732896456987886,-1.0979159637754956,2.0988810703778897,2.6485891840286007,1.1402997761283036
86.0,105.0,1230.2825927734375,-3.401256146983227,1.5749342787820493,1.7351678712673908,1.998541546610616,0.696658266702265,-1.3732896456987886,-1.0979159637754956,2.098880205679252,2.6485891840922,1.1402996741915974
86.0,105.0,1230.2825927734375,-3.401256146983227,1.5749342787820493,1.7351678712673908,1.998541546610616,0.696658266702265,-1.3732896456987886,-1.0979159637754956,2.098880205679252,2.6485891840922,1.1402996741915974
86.0,105.0,1230.28271484375,-3.4012561479381285,1.5749431624526538,1.7345927970055828,1.998566250413898,0.6966604137627912,-1.373308295469256,-1.0979623886301413,2.098872623589824,2.648589184001568,1.1400942074980975
86.0,105.0,1230.2835693359375,-3.401256105953556,1.5748824281932532,1.735488814566498,1.9988738297428672,0.6970017106566728,-1.3733106006713065,-1.0979139845761947,2.0988802490430927,2.648589184000983,1.1403116701526543
86.0,105.0,1230.284423828125,-3.4012560777422363,1.575880119707614,1.7345927970055828,1.99886281049555,0.6966528036947216,-1.3733183650479133,-1.0968485114697708,2.0989377022109093,2.648589184002448,1.1400968246968164
86.0,105.0,1230.284423828125,-3.401256105463551,1.5749353433958524,1.7345895277152883,1.99886281049555,0.6966528036947216,-1.3733093392174385,-1.0979864255131448,2.098937742594684,2.648589184000984,1.1403064702590973
86.0,105.0,1230.2845458984375,-3.401254841784416,1.5758938786152137,1.7354642793687278,1.9996853635477936,0.6970188363395451,-1.373288665817111,-1.0978515108434337,2.098880209257329,2.6485891840699622,1.140344958776543
86.0,105.0,1230.28466796875,-3.4012560777422363,1.574938821908649,1.7346047291426865,1.998870279406492,0.6966535151860542,-1.3733102677273317,-1.0979863852898994,2.098937742594684,2.648589183994152,1.140308025082251
86.0,105.0,1230.28466796875,-3.4012560742374465,1.5758979151330963,1.735528661728045,1.9997222012944933,0.6969880241236841,-1.3732891661663806,-1.0980039772738084,2.098937664396608,2.648589184001018,1.140302400982259
86.0,105.0,1230.28466796875,-3.401256146983227,1.5749334655079623,1.7354696794789992,1.998541546610616,0.696658266702265,-1.373310638143045,-1.0979159637754956,2.098880205679252,2.6485891840922,1.1403106443241906
86.0,105.0,1230.28515625,-3.4012560767873348,1.575816737456079,1.7351678712673908,1.9997222012944933,0.6969803357757998,-1.3732919587262582,-1.0979136891875627,2.098879841631454,2.648589184000983,1.1403049997100836
86.0,105.0,1230.2855224609375,-3.4012560777422363,1.5749231154700685,1.7345929790364758,1.99886281049555,0.6966528036947216,-1.3733102677273317,-1.0979863852898994,2.098937742594684,2.648589184001018,1.1400968246968164
86.0,105.0,1230.28564453125,-3.401256089506357,1.5749945322861627,1.7346278459291498,1.998836610706392,0.6966687735637573,-1.373318298396669,-1.0979650391393767,2.098878372379174,2.6485891830693338,1.1401202691237435
86.0,106.0,1230.1309814453125,-3.401254841784416,1.5748799175150592,1.7354795678153936,1.959374283883384,0.6969836773598693,-1.3732891936105789,-1.0978515108434337,2.098880808356438,2.6485891830693338,1.140274592852125
86.0,106.0,1230.1309814453125,-3.401254841784416,1.5748799175150592,1.7354795678153936,1.959374283883384,0.6969836773598693,-1.3732891936105789,-1.0978515108434337,2.098880808356438,2.6485891830693338,1.140274592852125
86.0,106.0,1230.1312255859375,-3.401254841784416,1.5749334822600929,1.7354795678153936,1.959374283883384,0.6969836773598693,-1.3732891936105789,-1.0978515108434337,2.098880808356438,2.648589184153016,1.140274592852125
86.0,106.0,1230.1322021484375,-3.401256073478565,1.5748799175150592,1.7345954532466203,1.961389008149005,0.6966224782912455,-1.373313805717692,-1.0978515108434337,2.098871060313056,2.6485891830693338,1.1400968594372938
86.0,106.0,1230.135498046875,-3.401256106671288,1.575880307548386,1.7345895096683834,1.976080143812599,0.6966528036947216,-1.3733183650479133,-1.0968485114697708,2.0989377444234583,2.648589184002448,1.1401025932109203
86.0,106.0,1230.1617431640625,-3.401256151059753,1.5748799175150592,1.7354791441194062,1.9526159068179456,0.6969880241236841,-1.3732891663278537,-1.0980061743595055,2.0988802490430927,2.648589184000983,1.140302400982259
86.0,106.0,1230.16796875,-3.401256151059753,1.5748799175150592,1.7354791441194062,1.9526159068179456,0.6966753889974296,-1.373310506212388,-1.0980061743595055,2.0988802490430927,2.648589184000983,1.140097525367369
86.0,106.0,1230.2720947265625,-3.401256090001992,1.5905517014131607,1.7354570339234392,1.999721547248135,0.696987945514899,-1.3732896085590045,-1.0979161926834549,2.098881031627014,2.6485891840011924,1.1403051379844225
86.0,106.0,1230.27392578125,-3.4012560766111424,1.575880119707614,1.7345735036801124,1.9988607382597487,0.6969846871294588,-1.3733093713067848,-1.0979863852898994,2.098879195186087,2.648589184097708,1.1403712907527828
86.0,106.0,1230.27392578125,-3.401256105463551,1.575892347633398,1.734590120792617,1.998909210883821,0.6969923429532593,-1.373309312758964,-1.0980046069998337,2.098937742594684,2.648589184000984,1.1403201239877945
86.0,106.0,1230.275146484375,-3.4012560779519507,1.5758647835909194,1.7351678712673908,1.998867226541576,0.6969944114195638,-1.3732899076305722,-1.0979934795786483,2.098878572049624,2.648589184092176,1.1402996741915974
86.0,106.0,1230.2755126953125,-3.401256078070833,1.5758979151330963,1.7346127534433493,1.998912103023328,0.6969880241236841,-1.373320066679207,-1.0980036665888129,2.098937664396608,2.648589184000994,1.1400986885683198
86.0,106.0,1230.27685546875,-3.401256076773933,1.575743502391496,1.7345927970055828,1.998566250413898,0.6966528036947216,-1.3732908587994337,-1.0979598851342491,2.0988804209124177,2.648589184000997,1.1400942074980975
86.0,106.0,1230.277099609375,-3.401256146983227,1.5911123318486695,1.7351678712673908,1.9997654025648248,0.6966603567218421,-1.373289607713622,-1.0979159637754956,2.0988810703778897,2.6485891840298312,1.1402997761283036
86.0,106.0,1230.277099609375,-3.4012560777422363,1.5758799863098525,1.7345756191338175,1.998559074518105,0.6966528036947216,-1.3733106084967257,-1.0979598851342491,2.0988722161781856,2.648589184002467,1.1400942074980975
86.0,106.0,1230.277099609375,-3.401256146983227,1.5911123318486695,1.7351850491391565,1.9997725784606173,0.6966603567218421,-1.373289607713622,-1.0979159637754956,2.0988810703778897,2.6485891840298312,1.1402997761283036
86.0,106.0,1230.2772216796875,-3.4012560777422363,1.5758799823936736,1.7345927970055828,1.998566250413898,0.6966528036947216,-1.3733106084967257,-1.0979598851342491,2.0988722161781856,2.648589184001568,1.1400942074980975
86.0,106.0,1230.2772216796875,-3.4012560777422363,1.5758799863098525,1.7345927970055828,1.998566250413898,0.6966528036947216,-1.3733106084967257,-1.0979598851342491,2.0988722161781856,2.648589184002467,1.1400942074980975
86.0,106.0,1230.2772216796875,-3.401256074766927,1.5758799823936736,1.7345927970055828,1.998566250413898,0.6966528036947216,-1.3733106084967257,-1.0979598851342491,2.0988722161781856,2.648589184001568,1.1400942074980975
86.0,106.0,1230.27734375,-3.4012560777422363,1.575880119707614,1.7345927970055828,1.998566250413898,0.6966528036947216,-1.3733134279191266,-1.0979598851342491,2.0988722161781856,2.648589184036695,1.1400942074980975
86.0,106.0,1230.27734375,-3.4012561292696417,1.5749362029455116,1.735159377925234,1.998541546610616,0.6970133047897259,-1.3732896456987886,-1.0979159614670877,2.098880205494334,2.648589184092592,1.1402996741915974
86.0,106.0,1230.277587890625,-3.401256074755318,1.575743502391496,1.7345927970055828,1.998541143133604,0.6966528036947216,-1.3733106084967257,-1.0979606855486206,2.0988804209124177,2.648589184001568,1.1400942074980975
86.0,106.0,1230.277587890625,-3.401256146983227,1.5749342787820493,1.7351678712673908,1.998541546610616,0.6969944114195638,-1.3732896456987886,-1.0979159614670877,2.098880205494334,2.648589184092176,1.1402996741915974
86.0,106.0,1230.2779541015625,-3.401256074755318,1.575743502391496,1.7345927970055828,1.998566250413898,0.6966528036947216,-1.3733106084967257,-1.0979598851342491,2.0988804209124177,2.648589184001568,1.1400942074980975
86.0,106.0,1230.2779541015625,-3.401256074755318,1.575743502391496,1.7345927970055828,1.9985661083785915,0.6966528036947216,-1.3733106084967257,-1.0979599049831452,2.0988804209124177,2.648589184001568,1.1400942074980975
86.0,106.0,1230.2779541015625,-3.401256077730628,1.575743502391496,1.7345927970055828,1.998566250413898,0.6966528036947216,-1.3733106084967257,-1.0979598851342491,2.0988804209124177,2.648589184001568,1.1400942074980975
86.0,106.0,1230.2779541015625,-3.401256074673219,1.575743502391496,1.7345927970055828,1.998566256567557,0.6966528036947216,-1.3733106084967257,-1.0979598971211677,2.098879808596613,2.648589184001568,1.1400942074980975
86.0,106.0,1230.2783203125,-3.4012560777422363,1.575880119707614,1.7345927970055828,1.99886281049555,0.6966528036947216,-1.3733102677273317,-1.0979863852898994,2.098937742594684,2.648589184001018,1.1403719676942388
86.0,106.0,1230.2783203125,-3.4012560777422363,1.575880119707614,1.7345927970055828,1.9988606930141213,0.6966509915968593,-1.3733103196134264,-1.09798712534302,2.0989381142338885,2.6485891840405205,1.1403701820339094
86.0,106.0,1230.2784423828125,-3.401256105463551,1.575892347633398,1.7345893456843953,1.99886281049555,0.6966528036947216,-1.3733093392174385,-1.0979864255131448,2.098937742594684,2.648589184000984,1.1403064702590973
86.0,106.0,1230.2784423828125,-3.401256105463551,1.575892347633398,1.7345893456843953,1.9988616340322976,0.6966528036947216,-1.3733093392174385,-1.0979864255131448,2.098937659167043,2.648589184000984,1.1403064702590973
86.0,106.0,1230.2784423828125,-3.4012560777422363,1.5758999559315592,1.7345927970055828,1.9988731434687943,0.6966528036947216,-1.3732898740295063,-1.0979863852898994,2.0989368613803028,2.6485891840010183,1.1400968246968164
86.0,106.0,1230.2794189453125,-3.4012560777422363,1.5758999559315592,1.7345927970055828,1.9988731434687943,0.6966528036947216,-1.3733102677273317,-1.0979863852898994,2.098937742594684,2.6485891840010183,1.1400968246968164
86.0,106.0,1230.2794189453125,-3.4012561479381285,1.5759580940771984,1.7345927970055828,1.9988542053229177,0.6966604137627912,-1.3733081268039062,-1.0979623886301413,2.098878043083747,2.648589184002551,1.1400942074980975
86.0,106.0,1230.2794189453125,-3.401256074755318,1.575743502391496,1.7351776957960685,1.9985453259163737,0.6966528036947216,-1.3733105803678192,-1.097999050269906,2.0988804209124177,2.64858918409135,1.1400871378713524
86.0,106.0,1230.2794189453125,-3.4012560777422363,1.5758999559315592,1.7345927970055828,1.9988731434687943,0.6966528036947216,-1.3733102677273317,-1.0979863852898994,2.098937742594684,2.6485891840010183,1.1400968246968164
86.0,106.0,1230.279541015625,-3.4012560777422363,1.575880119707614,1.7345927970055828,1.99886281049555,0.6966528036947216,-1.3733102677273317,-1.0979863852898994,2.098937742594684,2.648589184001018,1.1400968246968164
86.0,106.0,1230.279541015625,-3.4012560777422363,1.575880119707614,1.7345927970055828,1.99886281049555,0.6966528036947216,-1.3733103196134264,-1.0979598851342491,2.098937742594684,2.6485891840405205,1.1400942074980975
86.0,106.0,1230.279541015625,-3.4012560777422363,1.575880119707614,1.7345927970055828,1.99886281049555,0.6966528036947216,-1.3733102677273317,-1.0979863852898994,2.098937742594684,2.648589184001018,1.1400968246968164
86.0,106.0,1230.279541015625,-3.4012560777422363,1.575880119707614,1.7345927970055828,1.99886281049555,0.6966528036947216,-1.3733102677273317,-1.0979863852898994,2.098937742594684,2.648589184001018,1.1400968246968164
86.0,106.0,1230.27978515625,-3.401256103009414,1.57589250846624,1.7345896282348163,1.99886281049555,0.6966528036947216,-1.3733183650479133,-1.0979948897623106,2.098937743077383,2.6485891840010045,1.1400968246968164
86.0,106.0,1230.27978515625,-3.401256103009414,1.57589250846624,1.7345896282348163,1.99886281049555,0.6966528036947216,-1.3733183650479133,-1.0979948897623106,2.098937743077383,2.6485891840010045,1.1400968246968164
86.0,106.0,1230.280029296875,-3.401256078070833,1.5758979151330963,1.7346119783351273,1.9988657026350567,0.6966484848651465,-1.3733200931376812,-1.0979854851021236,2.098937664396608,2.648589184000994,1.1400850348396223
86.0,106.0,1230.2806396484375,-3.401256130940358,1.5749361255593046,1.7345895277152883,1.9988717483847604,0.697012768958521,-1.3733101978735796,-1.0978534822635937,2.098937742594684,2.648589184000126,1.1400981341749228
86.0,106.0,1230.2806396484375,-3.4012560777422363,1.5758999559315592,1.7345927970055828,1.9988731434687943,0.6966347864996509,-1.3733102677273317,-1.0979163463838568,2.098881092913566,2.6485891840013056,1.1400968246968164
86.0,106.0,1230.2806396484375,-3.4012560777422363,1.575880119707614,1.7345927970055828,1.99886281049555,0.6966528036947216,-1.3733183650479133,-1.0979591758466194,2.098878470276219,2.648589184002448,1.1400968246968164
86.0,106.0,1230.28076171875,-3.4012560777422363,1.575880119707614,1.7345927970055828,1.99886281049555,0.6966528036947216,-1.3733183650479133,-1.0979277723864025,2.098878470276219,2.648589184002448,1.1400968246968164
86.0,106.0,1230.28076171875,-3.401256147710765,1.575880119707614,1.7345783890171869,1.99886281049555,0.6966528036947216,-1.3733176204464232,-1.0979281123808289,2.098878539068868,2.6485891840031863,1.1400968246968164
86.0,106.0,1230.28125,-3.401256105463551,1.5749342767883148,1.734630892200682,1.9985389879462945,0.6966469184365388,-1.3733105706086226,-1.0979864255131448,2.098937742594684,2.6485891839973656,1.1403064702590973
86.0,106.0,1230.281982421875,-3.4012561467735125,1.5749496148987436,1.7345927970055828,1.9985371305645905,0.6966528036947216,-1.373310005795548,-1.0979088671783386,2.098939376039393,2.648589184001018,1.1400968246968164
86.0,107.0,1230.120361328125,-3.4012560777422363,1.575880119707614,1.7345987594011618,1.9557944813857928,0.6966528036947216,-1.3733111583176492,-1.0979863852898994,2.098937742594684,2.6251590401621723,1.140275472793208
86.0,107.0,1230.126953125,-3.4012547996787608,1.5748799175150592,1.7345954532466203,1.961389008149005,0.6969842771728844,-1.373289135159817,-1.0978515108434337,2.098880109986984,2.6485891830693338,1.1400968594372938
86.0,107.0,1230.12841796875,-3.4012548011987,1.5735853281751822,1.7354795678153936,1.9592484855395025,0.6966675797135959,-1.3732892134179278,-1.097851668919987,2.098880808356438,2.6485891839648152,1.140297785416496
86.0,107.0,1230.1309814453125,-3.401254841784416,1.5748799175150592,1.7354795678153936,1.959374283883384,0.6969836773598693,-1.3732891936105789,-1.0978515108434337,2.098880808356438,2.6485891830693338,1.140274592852125
86.0,107.0,1230.1309814453125,-3.401254841784416,1.5748799175150592,1.7354795678153936,1.959374283883384,0.6969836773598693,-1.3732891936105789,-1.0978515108434337,2.098880808356438,2.6485891830693338,1.140274592852125
86.0,107.0,1230.1312255859375,-3.401254841784416,1.5749334822600929,1.7354795678153936,1.959374283883384,0.6969836773598693,-1.3732891936105789,-1.0978515108434337,2.098880808356438,2.648589184153016,1.140274592852125
86.0,107.0,1230.1322021484375,-3.401256073478565,1.5748799175150592,1.7345954532466203,1.961389008149005,0.6966224782912455,-1.373313805717692,-1.0978515108434337,2.098871060313056,2.6485891830693338,1.1400968594372938
86.0,107.0,1230.13525390625,-3.401256073271287,1.5749320416873156,1.7346009400592646,1.959374283883384,0.6966558217222875,-1.3732891936105789,-1.0979521869380764,2.0988804278035613,2.648589184001875,1.140274592852125
86.0,107.0,1230.135498046875,-3.401256106671288,1.575880307548386,1.7345895096683834,1.976080143812599,0.6966528036947216,-1.3733183650479133,-1.0968485114697708,2.0989377444234583,2.648589184002448,1.1401025932109203
86.0,107.0,1230.135498046875,-3.4012561085702187,1.575880307548386,1.7345895096683834,1.9760776754434144,0.6966533369930761,-1.3733183650479133,-1.0968485114697708,2.0989377444234583,2.648589184002448,1.1401025932109203
86.0,107.0,1230.136962890625,-3.401256073478565,1.5758248626002005,1.7345928433403703,1.961389008149005,0.6966224782912455,-1.3733104301801835,-1.0978525052851262,2.098871060313056,2.6485891830693338,1.1400968594372938
86.0,107.0,1230.1617431640625,-3.401256151059753,1.5748799175150592,1.7354791441194062,1.9526159068179456,0.6969880241236841,-1.3732891663278537,-1.0980061743595055,2.0988802490430927,2.648589184000983,1.140302400982259
86.0,107.0,1230.16796875,-3.401256151059753,1.5748799175150592,1.7354791441194062,1.9526159068179456,0.6966753889974296,-1.373310506212388,-1.0980061743595055,2.0988802490430927,2.648589184000983,1.140097525367369
86.0,107.0,1230.267333984375,-3.4012560776733465,1.5893572890082324,1.7354586373215632,1.999721547248135,0.696987945514899,-1.3732896085590045,-1.0979156493564324,2.098881050112956,2.6485891840011924,1.1403051379844225
86.0,107.0,1230.2711181640625,-3.401256129827648,1.5759577872262154,1.735159377925234,1.998541546610616,0.6970133047897259,-1.3732896456987886,-1.0979159614670877,2.0988788359203627,2.648589184092592,1.1402882321882084
86.0,107.0,1230.2720947265625,-3.401256090001992,1.5905517014131607,1.7354570339234392,1.999721547248135,0.696987945514899,-1.3732896085590045,-1.0979161926834549,2.098881031627014,2.6485891840011924,1.1403051379844225
86.0,107.0,1230.2738037109375,-3.401256105924253,1.575892347633398,1.734590120792617,1.998909210883821,0.6969927215969897,-1.373309312758964,-1.0980045639698732,2.0989412164262373,2.648589184000984,1.1403211172800496
86.0,107.0,1230.27392578125,-3.4012560766111424,1.575880119707614,1.7345735036801124,1.9988607382597487,0.6969846871294588,-1.3733093713067848,-1.0979863852898994,2.098879195186087,2.648589184097708,1.1403712907527828
86.0,107.0,1230.27392578125,-3.401256105463551,1.575892347633398,1.734590120792617,1.998909210883821,0.6969923429532593,-1.373309312758964,-1.0980046069998337,2.098937742594684,2.648589184000984,1.1403201239877945
86.0,107.0,1230.27392578125,-3.4012560766111424,1.575893032189981,1.7345735735164916,1.99886071364228,0.6969846871294588,-1.3733093713067848,-1.0979870703561951,2.098879195186087,2.648589184097708,1.1403712907527828
86.0,107.0,1230.275146484375,-3.4012560779519507,1.5758647835909194,1.7351678712673908,1.998867226541576,0.6969944114195638,-1.3732899076305722,-1.0979934795786483,2.098878572049624,2.648589184092176,1.1402996741915974
86.0,107.0,1230.2755126953125,-3.401256078070833,1.5758979151330963,1.7346127534433493,1.998912103023328,0.6969880241236841,-1.373320066679207,-1.0980036665888129,2.098937664396608,2.648589184000994,1.1400986885683198
86.0,107.0,1230.27685546875,-3.401256076773933,1.575743502391496,1.7345927970055828,1.998566250413898,0.6966528036947216,-1.3732908587994337,-1.0979598851342491,2.0988804209124177,2.648589184000997,1.1400942074980975
86.0,107.0,1230.27685546875,-3.4012560758264487,1.5911123318486695,1.7351147410286778,1.9997654025648248,0.6966605014106811,-1.373289607713622,-1.0979159637754956,2.0988810191933687,2.648589184030116,1.1402997761283036
86.0,107.0,1230.277099609375,-3.401256146983227,1.5911123318486695,1.7351678712673908,1.9997654025648248,0.6966603567218421,-1.373289607713622,-1.0979159637754956,2.0988810703778897,2.6485891840298312,1.1402997761283036
86.0,107.0,1230.277099609375,-3.4012560777422363,1.5758799863098525,1.7345756191338175,1.998559074518105,0.6966528036947216,-1.3733106084967257,-1.0979598851342491,2.0988722161781856,2.648589184002467,1.1400942074980975
86.0,107.0,1230.277099609375,-3.401256146983227,1.5911123318486695,1.7351850491391565,1.9997725784606173,0.6966603567218421,-1.373289607713622,-1.0979159637754956,2.0988810703778897,2.6485891840298312,1.1402997761283036
86.0,107.0,1230.2772216796875,-3.4012560777422363,1.5758799823936736,1.7345927970055828,1.998566250413898,0.6966528036947216,-1.3733106084967257,-1.0979598851342491,2.0988722161781856,2.648589184001568,1.1400942074980975
86.0,107.0,1230.2772216796875,-3.4012560777422363,1.5758799863098525,1.7345927970055828,1.998566250413898,0.6966528036947216,-1.3733106084967257,-1.0979598851342491,2.0988722161781856,2.648589184002467,1.1400942074980975
86.0,107.0,1230.2772216796875,-3.401256074766927,1.5758799823936736,1.7345927970055828,1.998566250413898,0.6966528036947216,-1.3733106084967257,-1.0979598851342491,2.0988722161781856,2.648589184001568,1.1400942074980975
86.0,107.0,1230.2772216796875,-3.4012560777422363,1.5758799825853818,1.7345927970055828,1.9985662813222835,0.6966528036947216,-1.3733106084967257,-1.0979598851342491,2.0988722161781856,2.648589184002452,1.1400942074980975
86.0,107.0,1230.27734375,-3.4012560777422363,1.575880119707614,1.7345927970055828,1.998566250413898,0.6966528036947216,-1.3733134279191266,-1.0979598851342491,2.0988722161781856,2.648589184036695,1.1400942074980975
86.0,107.0,1230.27734375,-3.4012561292696417,1.5749362029455116,1.735159377925234,1.998541546610616,0.6970133047897259,-1.3732896456987886,-1.0979159614670877,2.098880205494334,2.648589184092592,1.1402996741915974
86.0,107.0,1230.277587890625,-3.401256074755318,1.575743502391496,1.7345927970055828,1.998541143133604,0.6966528036947216,-1.3733106084967257,-1.0979606855486206,2.0988804209124177,2.648589184001568,1.1400942074980975
86.0,107.0,1230.277587890625,-3.401256146983227,1.5749342787820493,1.7351678712673908,1.998541546610616,0.6969944114195638,-1.3732896456987886,-1.0979159614670877,2.098880205494334,2.648589184092176,1.1402996741915974
86.0,107.0,1230.2779541015625,-3.401256074755318,1.575743502391496,1.7345927970055828,1.998566250413898,0.6966528036947216,-1.3733106084967257,-1.0979598851342491,2.0988804209124177,2.648589184001568,1.1400942074980975
86.0,107.0,1230.2779541015625,-3.401256074755318,1.575743502391496,1.7345927970055828,1.9985661083785915,0.6966528036947216,-1.3733106084967257,-1.0979599049831452,2.0988804209124177,2.648589184001568,1.1400942074980975
86.0,107.0,1230.2779541015625,-3.401256077730628,1.575743502391496,1.7345927970055828,1.998566250413898,0.6966528036947216,-1.3733106084967257,-1.0979598851342491,2.0988804209124177,2.648589184001568,1.1400942074980975
86.0,107.0,1230.2779541015625,-3.401256074673219,1.575743502391496,1.7345927970055828,1.998566256567557,0.6966528036947216,-1.3733106084967257,-1.0979598971211677,2.098879808596613,2.648589184001568,1.1400942074980975
86.0,107.0,1230.2783203125,-3.4012560777422363,1.575880119707614,1.7345927970055828,1.99886281049555,0.6966528036947216,-1.3733102677273317,-1.0979863852898994,2.098937742594684,2.648589184001018,1.1403719676942388
86.0,107.0,1230.2783203125,-3.4012560777422363,1.575880119707614,1.7345927970055828,1.9988606930141213,0.6966509915968593,-1.3733103196134264,-1.09798712534302,2.0989381142338885,2.6485891840405205,1.1403701820339094
86.0,107.0,1230.2784423828125,-3.401256105463551,1.575892347633398,1.7345893456843953,1.99886281049555,0.6966528036947216,-1.3733093392174385,-1.0979864255131448,2.098937742594684,2.648589184000984,1.1403064702590973
86.0,107.0,1230.2784423828125,-3.401256105463551,1.575892347633398,1.7345893456843953,1.9988616340322976,0.6966528036947216,-1.3733093392174385,-1.0979864255131448,2.098937659167043,2.648589184000984,1.1403064702590973
86.0,107.0,1230.2784423828125,-3.4012560777422363,1.5758999559315592,1.7345927970055828,1.9988731434687943,0.6966528036947216,-1.3732898740295063,-1.0979863852898994,2.0989368613803028,2.6485891840010183,1.1400968246968164
86.0,107.0,1230.2794189453125,-3.4012560777422363,1.5758999559315592,1.7345927970055828,1.9988731434687943,0.6966528036947216,-1.3733102677273317,-1.0979863852898994,2.098937742594684,2.6485891840010183,1.1400968246968164
86.0,107.0,1230.2794189453125,-3.4012561479381285,1.5759580940771984,1.7345927970055828,1.9988542053229177,0.6966604137627912,-1.3733081268039062,-1.0979623886301413,2.098878043083747,2.648589184002551,1.1400942074980975
86.0,107.0,1230.2794189453125,-3.401256074755318,1.575743502391496,1.7351776957960685,1.9985453259163737,0.6966528036947216,-1.3733105803678192,-1.097999050269906,2.0988804209124177,2.64858918409135,1.1400871378713524
86.0,107.0,1230.2794189453125,-3.4012560777422363,1.5758999559315592,1.7345927970055828,1.9988731434687943,0.6966528036947216,-1.3733102677273317,-1.0979863852898994,2.098937742594684,2.6485891840010183,1.1400968246968164
86.0,107.0,1230.2794189453125,-3.4012561299998367,1.5758999559315592,1.7345927970055828,1.9988731434687943,0.6966580419825321,-1.3733102677273317,-1.0979863852898994,2.098937742594684,2.6485891840010183,1.1400968246968164
86.0,107.0,1230.279541015625,-3.4012560777422363,1.575880119707614,1.7345927970055828,1.99886281049555,0.6966528036947216,-1.3733102677273317,-1.0979863852898994,2.098937742594684,2.648589184001018,1.1400968246968164
86.0,108.0,1230.11962890625,-3.4012560777422363,1.575879987031602,1.7345987594011618,1.9557944813857928,0.6966528036947216,-1.3733111609689013,-1.0979854350514031,2.098937742594684,2.6251590401621723,1.1400847590541725
86.0,108.0,1230.120361328125,-3.4012560777422363,1.575880119707614,1.7345987594011618,1.9557944813857928,0.6966528036947216,-1.3733111583176492,-1.0979863852898994,2.098937742594684,2.6251590401621723,1.140275472793208
86.0,108.0,1230.1251220703125,-3.401254841784416,1.5748799175150592,1.7354808635148211,1.9612858684358725,0.6969836773598693,-1.373289083785358,-1.0978515108434337,2.098880808356438,2.6485891830693338,1.1402756126858575
86.0,108.0,1230.1253662109375,-3.4012549109890124,1.5749334822600929,1.7354795678153936,1.9613115873306788,0.6969836773598693,-1.373288911616959,-1.0978514686040728,2.098880808356438,2.648589184242189,1.140274592852125
86.0,108.0,1230.126953125,-3.4012547996787608,1.5748799175150592,1.7345954532466203,1.961389008149005,0.6969842771728844,-1.373289135159817,-1.0978515108434337,2.098880109986984,2.6485891830693338,1.1400968594372938
86.0,108.0,1230.126953125,-3.4012547996787608,1.5748799175150592,1.7345954532466203,1.9605451661933115,0.6969846847284246,-1.373289135159817,-1.0978377133922113,2.098879248551636,2.6485891830693338,1.1403645987668998
86.0,108.0,1230.12841796875,-3.4012548011987,1.5735853281751822,1.7354795678153936,1.9592484855395025,0.6966675797135959,-1.3732892134179278,-1.097851668919987,2.098880808356438,2.6485891839648152,1.140297785416496
86.0,108.0,1230.1309814453125,-3.401254841784416,1.5748799175150592,1.7354795678153936,1.959374283883384,0.6969836773598693,-1.3732891936105789,-1.0978515108434337,2.098880808356438,2.6485891830693338,1.140274592852125
86.0,108.0,1230.1309814453125,-3.401254841784416,1.5748799175150592,1.7354795678153936,1.959374283883384,0.6969836773598693,-1.3732891936105789,-1.0978515108434337,2.098880808356438,2.6485891830693338,1.140274592852125
86.0,108.0,1230.1312255859375,-3.401254841784416,1.5749334822600929,1.7354795678153936,1.959374283883384,0.6969836773598693,-1.3732891936105789,-1.0978515108434337,2.098880808356438,2.648589184153016,1.140274592852125
86.0,108.0,1230.1314697265625,-3.401256105090037,1.575746832215702,1.7345931522046445,1.976080143812599,0.6966528036947216,-1.3733183650479133,-1.09806134238757,2.0989377444234583,2.6485891840021365,1.140086868133996
86.0,108.0,1230.1322021484375,-3.401256073478565,1.5748799175150592,1.7345954532466203,1.961389008149005,0.6966224782912455,-1.373313805717692,-1.0978515108434337,2.098871060313056,2.6485891830693338,1.1400968594372938
86.0,108.0,1230.13232421875,-3.401256073478565,1.5748799175150592,1.7345954532466203,1.961389008149005,0.6966224782912455,-1.3733111139469567,-1.0978515108434337,2.098871060313056,2.6485891830693338,1.1400632555129937
86.0,108.0,1230.133056640625,-3.4012547996787608,1.5748799175150592,1.7345714982948517,1.9594163026503373,0.6969842771728844,-1.373289190821754,-1.0978515108434337,2.098880109986984,2.6485891830693338,1.1400968594372938
86.0,108.0,1230.1341552734375,-3.401256109537053,1.5758799901327272,1.7345894376030953,1.9766696679531848,0.6966528023554986,-1.3733183030176288,-1.0979598851342491,2.0988719589035094,2.648589184001568,1.1400948239553943
86.0,108.0,1230.13525390625,-3.401256073271287,1.5749320416873156,1.7346009400592646,1.959374283883384,0.6966558217222875,-1.3732891936105789,-1.0979521869380764,2.0988804278035613,2.648589184001875,1.140274592852125
86.0,108.0,1230.135498046875,-3.401256106671288,1.575880307548386,1.7345895096683834,1.976080143812599,0.6966528036947216,-1.3733183650479133,-1.0968485114697708,2.0989377444234583,2.648589184002448,1.1401025932109203
86.0,108.0,1230.135498046875,-3.4012561085702187,1.575880307548386,1.7345895096683834,1.9760776754434144,0.6966533369930761,-1.3733183650479133,-1.0968485114697708,2.0989377444234583,2.648589184002448,1.1401025932109203
86.0,108.0,1230.136962890625,-3.401256073478565,1.5758248626002005,1.7345928433403703,1.961389008149005,0.6966224782912455,-1.3733104301801835,-1.0978525052851262,2.098871060313056,2.6485891830693338,1.1400968594372938
86.0,108.0,1230.1380615234375,-3.401256073478565,1.5748799175150592,1.7345941575471926,1.9594774235965169,0.6966224782912455,-1.3733139155429126,-1.0978515108434337,2.098871060313056,2.6485891830693338,1.1400958396035614
86.0,108.0,1230.1434326171875,-3.401256004273969,1.5758248626002005,1.7345928433403703,1.9594517047017104,0.6966224782912455,-1.3733107121738033,-1.0978525475244871,2.098871060313056,2.64858918298016,1.1400968594372938
86.0,108.0,1230.1617431640625,-3.401256151059753,1.5748799175150592,1.7354791441194062,1.9526159068179456,0.6969880241236841,-1.3732891663278537,-1.0980061743595055,2.0988802490430927,2.648589184000983,1.140302400982259
86.0,108.0,1230.163818359375,-3.401256155336085,1.5748429489652802,1.734615209050424,1.9526159068179456,0.6969880241236841,-1.3732891663278537,-1.0980061743595055,2.098936993888207,2.648589184000983,1.1400957359721575
86.0,108.0,1230.165771484375,-3.401256151059753,1.5748799175150592,1.735497049512529,1.9526159068179456,0.6966753889974296,-1.373310506212388,-1.0980045485026668,2.0988794371245354,2.648589184000983,1.140312561348486
86.0,108.0,1230.16796875,-3.401256151059753,1.5748799175150592,1.7354791441194062,1.9526159068179456,0.6966753889974296,-1.373310506212388,-1.0980061743595055,2.0988802490430927,2.648589184000983,1.140097525367369
86.0,108.0,1230.23583984375,-3.401254832729483,1.5755918780741434,1.7355189583038864,1.9940978135470613,0.6966680170823852,-1.373289213552716,-1.097853788580148,2.0988804209124177,2.648589184003916,1.1402983386740857
86.0,108.0,1230.267333984375,-3.4012560776733465,1.5893572890082324,1.7354586373215632,1.999721547248135,0.696987945514899,-1.3732896085590045,-1.0979156493564324,2.098881050112956,2.6485891840011924,1.1403051379844225
86.0,108.0,1230.2674560546875,-3.4012560776733465,1.5893572890082324,1.7354761153333942,1.9997226237361705,0.696987945514899,-1.3732896085590045,-1.0979104741165475,2.098881050112956,2.6485891840011924,1.1403051379844225
86.0,108.0,1230.2711181640625,-3.401256129827648,1.5759577872262154,1.735159377925234,1.998541546610616,0.6970133047897259,-1.3732896456987886,-1.0979159614670877,2.0988788359203627,2.648589184092592,1.1402882321882084
86.0,108.0,1230.27197265625,-3.401256129692136,1.5759580909172664,1.735159377925234,1.998565987639562,0.6970203653614904,-1.3732896456987886,-1.0979618853191095,2.0988788359203627,2.648589184092592,1.140093415966435
86.0,108.0,1230.2720947265625,-3.401256090001992,1.5905517014131607,1.7354570339234392,1.999721547248135,0.696987945514899,-1.3732896085590045,-1.0979161926834549,2.098881031627014,2.6485891840011924,1.1403051379844225
86.0,108.0,1230.2733154296875,-3.4012560766111424,1.575880119707614,1.7345735036801124,1.9988607382597487,0.6969846841543524,-1.3732889554031638,-1.09798823944154,2.098879191862019,2.648589184097708,1.1402734235634722
86.0,108.0,1230.2738037109375,-3.401256105924253,1.575892347633398,1.734590120792617,1.998909210883821,0.6969927215969897,-1.373309312758964,-1.0980045639698732,2.0989412164262373,2.648589184000984,1.1403211172800496
86.0,108.0,1230.2738037109375,-3.401256105924253,1.575892347633398,1.7345726427807864,1.9989081343957853,0.6969927215969897,-1.373309312758964,-1.098009739209758,2.0989412164262373,2.648589184000984,1.1403211172800496
86.0,108.0,1230.27392578125,-3.4012560766111424,1.575880119707614,1.7345735036801124,1.9988607382597487,0.6969846871294588,-1.3733093713067848,-1.0979863852898994,2.098879195186087,2.648589184097708,1.1403712907527828
86.0,108.0,1230.27392578125,-3.401256105463551,1.575892347633398,1.734590120792617,1.998909210883821,0.6969923429532593,-1.373309312758964,-1.0980046069998337,2.098937742594684,2.648589184000984,1.1403201239877945
86.0,108.0,1230.27392578125,-3.4012560766111424,1.575893032189981,1.7345735735164916,1.99886071364228,0.6969846871294588,-1.3733093713067848,-1.0979870703561951,2.098879195186087,2.648589184097708,1.1403712907527828
86.0,108.0,1230.274169921875,-3.401256076701785,1.5758935182600269,1.7345737171013211,1.9988611851290208,0.6969944809285138,-1.3733096340232174,-1.0979870037941333,2.098878572049624,2.6485891840922,1.1402996741915974
86.0,108.0,1230.27490234375,-3.401256077861308,1.575864297520874,1.7351677276825614,1.998866755054835,0.6969846176205088,-1.3732896449141396,-1.0979935461407102,2.098879195186087,2.6485891840976845,1.1403712907527828
86.0,108.0,1230.275146484375,-3.4012560779519507,1.5758647835909194,1.7351678712673908,1.998867226541576,0.6969944114195638,-1.3732899076305722,-1.0979934795786483,2.098878572049624,2.648589184092176,1.1402996741915974
86.0,108.0,1230.2755126953125,-3.401256078070833,1.5758979151330963,1.7346127534433493,1.998912103023328,0.6969880241236841,-1.373320066679207,-1.0980036665888129,2.098937664396608,2.648589184000994,1.1400986885683198
86.0,108.0,1230.2763671875,-3.4012560777422363,1.5758801189858642,1.7345927970055828,1.998566250413898,0.6966528036947216,-1.3733106058454736,-1.0979608353727452,2.0988722161781856,2.648589184002467,1.140284921237133
86.0,108.0,1230.27685546875,-3.401256076773933,1.575743502391496,1.7345927970055828,1.998566250413898,0.6966528036947216,-1.3732908587994337,-1.0979598851342491,2.0988804209124177,2.648589184000997,1.1400942074980975
86.0,108.0,1230.27685546875,-3.4012560758264487,1.5911123318486695,1.7351147410286778,1.9997654025648248,0.6966605014106811,-1.373289607713622,-1.0979159637754956,2.0988810191933687,2.648589184030116,1.1402997761283036
86.0,108.0,1230.277099609375,-3.401256146983227,1.5911123318486695,1.7351678712673908,1.9997654025648248,0.6966603567218421,-1.373289607713622,-1.0979159637754956,2.0988810703778897,2.6485891840298312,1.1402997761283036
86.0,108.0,1230.277099609375,-3.4012560777422363,1.5758799863098525,1.7345756191338175,1.998559074518105,0.6966528036947216,-1.3733106084967257,-1.0979598851342491,2.0988722161781856,2.648589184002467,1.1400942074980975
86.0,108.0,1230.277099609375,-3.401256146983227,1.5911123318486695,1.7351850491391565,1.9997725784606173,0.6966603567218421,-1.373289607713622,-1.0979159637754956,2.0988810703778897,2.6485891840298312,1.1402997761283036
86.0,108.0,1230.2772216796875,-3.4012560777422363,1.5758799823936736,1.7345927970055828,1.998566250413898,0.6966528036947216,-1.3733106084967257,-1.0979598851342491,2.0988722161781856,2.648589184001568,1.1400942074980975
86.0,108.0,1230.2772216796875,-3.4012560777422363,1.5758799863098525,1.7345927970055828,1.998566250413898,0.6966528036947216,-1.3733106084967257,-1.0979598851342491,2.0988722161781856,2.648589184002467,1.1400942074980975
86.0,108.0,1230.2772216796875,-3.401256074766927,1.5758799823936736,1.7345927970055828,1.998566250413898,0.6966528036947216,-1.3733106084967257,-1.0979598851342491,2.0988722161781856,2.648589184001568,1.1400942074980975
86.0,109.0,1230.065185546875,-3.3729540058888485,1.5749334837852798,1.7354795678153936,1.9613115873306788,0.6969836773598693,-1.373288911616959,-1.0979566582881837,2.098880808356438,2.648589184021517,1.140274592852125
86.0,109.0,1230.11962890625,-3.4012560777422363,1.575879987031602,1.7345987594011618,1.9557944813857928,0.6966528036947216,-1.3733111609689013,-1.0979854350514031,2.098937742594684,2.6251590401621723,1.1400847590541725
86.0,109.0,1230.11962890625,-3.4012560777422363,1.575879987031602,1.7345987594011618,1.9557944813857928,0.6966528036947216,-1.3733111609689013,-1.0979854350514031,2.098937742594684,2.6251590401621723,1.1400847590541725
86.0,109.0,1230.120361328125,-3.4012560777422363,1.575880119707614,1.7345987594011618,1.9557944813857928,0.6966528036947216,-1.3733111583176492,-1.0979863852898994,2.098937742594684,2.6251590401621723,1.140275472793208
86.0,109.0,1230.1248779296875,-3.401256126882032,1.5748799175150592,1.7354791588041736,1.9612858684358725,0.6969836773598693,-1.373289083785358,-1.097999881904722,2.098880808356438,2.6485891830693338,1.140276509201165
86.0,109.0,1230.1251220703125,-3.401254841784416,1.5748799175150592,1.7354808635148211,1.9612858684358725,0.6969836773598693,-1.373289083785358,-1.0978515108434337,2.098880808356438,2.6485891830693338,1.1402756126858575
86.0,109.0,1230.1253662109375,-3.4012549109890124,1.5749334822600929,1.7354795678153936,1.9613115873306788,0.6969836773598693,-1.373288911616959,-1.0978514686040728,2.098880808356438,2.648589184242189,1.140274592852125
86.0,109.0,1230.1253662109375,-3.4012549109890124,1.5749334822600929,1.7354795678153936,1.9613115873306788,0.6969836773598693,-1.373288911616959,-1.0978514686040728,2.098880808356438,2.648589184242189,1.140274592852125
86.0,109.0,1230.125732421875,-3.401254716972172,1.5748799175150592,1.7354783279365111,1.9759076857904936,0.6969836773598693,-1.3732888948038269,-1.0978515108434337,2.098880808356438,2.648589183979087,1.1402768710806854
86.0,109.0,1230.126953125,-3.4012547996787608,1.5748799175150592,1.7345954532466203,1.961389008149005,0.6969842771728844,-1.373289135159817,-1.0978515108434337,2.098880109986984,2.6485891830693338,1.1400968594372938
86.0,109.0,1230.126953125,-3.4012547996787608,1.5748799175150592,1.7345954532466203,1.9605451661933115,0.6969846847284246,-1.373289135159817,-1.0978377133922113,2.098879248551636,2.6485891830693338,1.1403645987668998
86.0,109.0,1230.12841796875,-3.4012548011987,1.5735853281751822,1.7354795678153936,1.9592484855395025,0.6966675797135959,-1.3732892134179278,-1.097851668919987,2.098880808356438,2.6485891839648152,1.140297785416496
86.0,109.0,1230.12841796875,-3.4012548011987,1.5735853281751822,1.7354795678153936,1.9592484855395025,0.6966675797135959,-1.3732892134179278,-1.097851668919987,2.098880808356438,2.6485891839648152,1.140297785416496
86.0,109.0,1230.1300048828125,-3.401256073186718,1.5748799175150592,1.7345954340536958,1.961389008149005,0.6966527852904758,-1.373310961890336,-1.0978515108434337,2.0988721834023,2.6485891830693338,1.1402856265566486
86.0,109.0,1230.1309814453125,-3.401254841784416,1.5748799175150592,1.7354795678153936,1.959374283883384,0.6969836773598693,-1.3732891936105789,-1.0978515108434337,2.098880808356438,2.6485891830693338,1.140274592852125
86.0,109.0,1230.1309814453125,-3.401254841784416,1.5748799175150592,1.7354795678153936,1.959374283883384,0.6969836773598693,-1.3732891936105789,-1.0978515108434337,2.098880808356438,2.6485891830693338,1.140274592852125
86.0,109.0,1230.1312255859375,-3.401254841784416,1.5749334822600929,1.7354795678153936,1.959374283883384,0.6969836773598693,-1.3732891936105789,-1.0978515108434337,2.098880808356438,2.648589184153016,1.140274592852125
86.0,109.0,1230.1312255859375,-3.401254841784416,1.5749334822600929,1.7354795678153936,1.959374283883384,0.6969836773598693,-1.3732891936105789,-1.0978515108434337,2.098880808356438,2.648589184153016,1.140274592852125
86.0,109.0,1230.1314697265625,-3.401256105090037,1.575746832215702,1.7345931522046445,1.976080143812599,0.6966528036947216,-1.3733183650479133,-1.09806134238757,2.0989377444234583,2.6485891840021365,1.140086868133996
86.0,109.0,1230.1319580078125,-3.4012561057862545,1.5748799175150592,1.7346018767123288,1.961389008149005,0.6966647951569015,-1.3733114923559042,-1.0978515108434337,2.0988713248253403,2.6485891830693338,1.1400632555129937
86.0,109.0,1230.1322021484375,-3.401256073478565,1.5748799175150592,1.7345954532466203,1.961389008149005,0.6966224782912455,-1.373313805717692,-1.0978515108434337,2.098871060313056,2.6485891830693338,1.1400968594372938
86.0,109.0,1230.13232421875,-3.401256073478565,1.5748799175150592,1.7345954532466203,1.961389008149005,0.6966224782912455,-1.3733111139469567,-1.0978515108434337,2.098871060313056,2.6485891830693338,1.1400632555129937
86.0,109.0,1230.133056640625,-3.4012547996787608,1.5748799175150592,1.7345714982948517,1.9594163026503373,0.6969842771728844,-1.373289190821754,-1.0978515108434337,2.098880109986984,2.6485891830693338,1.1400968594372938
86.0,109.0,1230.133056640625,-3.4012547996787608,1.5748799175150592,1.7345714982948517,1.9594738205067657,0.696983674525708,-1.373289190821754,-1.0978515108434337,2.098880109986984,2.6485891830693338,1.140084090164985
86.0,109.0,1230.13330078125,-3.401256109537053,1.5758799806488086,1.7345895124605475,1.9766696679531848,0.6966528023554986,-1.3733183030176288,-1.0979623838353243,2.098936319749535,2.64858918400247,1.1400948239553943
86.0,109.0,1230.1341552734375,-3.401256109537053,1.5758799901327272,1.7345894376030953,1.9766696679531848,0.6966528023554986,-1.3733183030176288,-1.0979598851342491,2.0988719589035094,2.648589184001568,1.1400948239553943
86.0,109.0,1230.13525390625,-3.401256073271287,1.5749320416873156,1.7346009400592646,1.959374283883384,0.6966558217222875,-1.3732891936105789,-1.0979521869380764,2.0988804278035613,2.648589184001875,1.140274592852125
86.0,109.0,1230.135498046875,-3.401256106671288,1.575880307548386,1.7345895096683834,1.976080143812599,0.6966528036947216,-1.3733183650479133,-1.0968485114697708,2.0989377444234583,2.648589184002448,1.1401025932109203
86.0,109.0,1230.135498046875,-3.4012561085702187,1.575880307548386,1.7345895096683834,1.9760776754434144,0.6966533369930761,-1.3733183650479133,-1.0968485114697708,2.0989377444234583,2.648589184002448,1.1401025932109203
86.0,109.0,1230.135498046875,-3.4012560754585843,1.5749320401621285,1.7346009400592646,1.959374283883384,0.6966558217222875,-1.3732891936105789,-1.0978469972539655,2.0988804278035613,2.6485891842225464,1.140274592852125
86.0,109.0,1230.135498046875,-3.4012561085702187,1.575880307548386,1.7345895096683834,1.9760776754434144,0.6966533369930761,-1.3733183650479133,-1.0968485114697708,2.0989377444234583,2.648589184002448,1.1401025932109203
86.0,109.0,1230.1357421875,-3.401256197357203,1.575880307548386,1.7345895096683834,1.976080143812599,0.6966274739168424,-1.3733183650479133,-1.0968662494975672,2.0989377444234583,2.648589184002448,1.1401025932109203
86.0,109.0,1230.1363525390625,-3.4012561085702187,1.5758803170323044,1.734589434810931,1.9760776754434144,0.6966533369930761,-1.3733183650479133,-1.0968460127686956,2.0988733835774327,2.6485891840015454,1.1401025932109203
86.0,109.0,1230.136962890625,-3.401256073478565,1.5758248626002005,1.7345928433403703,1.961389008149005,0.6966224782912455,-1.3733104301801835,-1.0978525052851262,2.098871060313056,2.6485891830693338,1.1400968594372938
86.0,109.0,1230.136962890625,-3.401256073478565,1.5758248626002005,1.7345928433403703,1.961389008149005,0.6966224782912455,-1.3733104301801835,-1.0978525052851262,2.098871060313056,2.6485891830693338,1.1400968594372938
86.0,109.0,1230.1380615234375,-3.401256073478565,1.5748799175150592,1.7345941575471926,1.9594774235965169,0.6966224782912455,-1.3733139155429126,-1.0978515108434337,2.098871060313056,2.6485891830693338,1.1400958396035614
86.0,109.0,1230.1380615234375,-3.401256073478565,1.5748799175150592,1.7345941575471926,1.9594774235965169,0.6966224782912455,-1.3733139155429126,-1.0978515108434337,2.098871060313056,2.6485891830693338,1.1400958396035614
86.0,109.0,1230.142822265625,-3.4012547996787608,1.5748799175150592,1.7354717197455298,1.9605451661933115,0.7304225371942131,-1.3732903193544554,-1.097855420414992,2.098879248551636,2.6485891830693338,1.140367488190031
86.0,109.0,1230.1434326171875,-3.401256004273969,1.5758248626002005,1.7345928433403703,1.9594517047017104,0.6966224782912455,-1.3733107121738033,-1.0978525475244871,2.098871060313056,2.64858918298016,1.1400968594372938
86.0,109.0,1230.14697265625,-3.4012561535382964,1.5748370329973338,1.7345735036801124,1.9558901027423647,0.6969846841543524,-1.373289162134674,-1.0980072941344794,2.0988791127369923,2.6485891840023426,1.1400987333952377
86.0,109.0,1230.1617431640625,-3.401256151059753,1.5748799175150592,1.7354791441194062,1.9526159068179456,0.6969880241236841,-1.3732891663278537,-1.0980061743595055,2.0988802490430927,2.648589184000983,1.140302400982259
86.0,109.0,1230.163818359375,-3.401256155336085,1.5748429489652802,1.734615209050424,1.9526159068179456,0.6969880241236841,-1.3732891663278537,-1.0980061743595055,2.098936993888207,2.648589184000983,1.1400957359721575
86.0,109.0,1230.163818359375,-3.401256155336085,1.5748429489652802,1.734615209050424,1.9526159068179456,0.6969880241236841,-1.3732891663278537,-1.0980061743595055,2.098936993888207,2.648589184000983,1.1400957359721575
86.0,109.0,1230.165771484375,-3.401256151059753,1.5748799175150592,1.735497049512529,1.9526159068179456,0.6966753889974296,-1.373310506212388,-1.0980045485026668,2.0988794371245354,2.648589184000983,1.140312561348486
86.0,109.0,1230.1668701171875,-3.401256151059753,1.5748799175150592,1.734620783013619,1.9526159068179456,0.6966753889974296,-1.37330932201775,-1.097986841479886,2.0988794371245354,2.648589184000983,1.1403096719253547
86.0,109.0,1230.16796875,-3.401256151059753,1.5748799175150592,1.7354791441194062,1.9526159068179456,0.6966753889974296,-1.373310506212388,-1.0980061743595055,2.0988802490430927,2.648589184000983,1.140097525367369
86.0,109.0,1230.23583984375,-3.401254832729483,1.5755918780741434,1.7355189583038864,1.9940978135470613,0.6966680170823852,-1.373289213552716,-1.097853788580148,2.0988804209124177,2.648589184003916,1.1402983386740857
86.0,109.0,1230.240234375,-3.4012560784089314,1.5758860356755604,1.734615209050424,1.9955865423353296,0.6969880241236841,-1.3732889595963436,-1.0979871196665665,2.098937073013233,2.648589184096349,1.1402704261403922
86.0,109.0,1230.267333984375,-3.4012560776733465,1.5893572890082324,1.7354586373215632,1.999721547248135,0.696987945514899,-1.3732896085590045,-1.0979156493564324,2.098881050112956,2.6485891840011924,1.1403051379844225
86.0,109.0,1230.2674560546875,-3.4012560776733465,1.5893572890082324,1.7354761153333942,1.9997226237361705,0.696987945514899,-1.3732896085590045,-1.0979104741165475,2.098881050112956,2.6485891840011924,1.1403051379844225
86.0,110.0,1230.065185546875,-3.3729540058888485,1.5749334837852798,1.7354795678153936,1.9613115873306788,0.6969836773598693,-1.373288911616959,-1.0979566582881837,2.098880808356438,2.648589184021517,1.140274592852125
86.0,110.0,1230.0924072265625,-3.4012548011987,1.5759028937358457,1.7354795678153936,1.9591482936542903,0.6966680431578949,-1.373311707277751,-1.0978601744851992,2.137513043898341,2.643818477898787,1.140297785416496
86.0,110.0,1230.1153564453125,-3.4012560777422363,1.575879987031602,1.7345987594011618,1.9567649684963653,0.6969921763800728,-1.3732872798764706,-1.0978497388454742,2.098880870211669,2.6251590401621723,1.1400847590541725
86.0,110.0,1230.11962890625,-3.4012560777422363,1.575879987031602,1.7345987594011618,1.9557944813857928,0.6966528036947216,-1.3733111609689013,-1.0979854350514031,2.098937742594684,2.6251590401621723,1.1400847590541725
86.0,110.0,1230.11962890625,-3.4012560777422363,1.575879987031602,1.7345987594011618,1.9557944813857928,0.6966528036947216,-1.3733111609689013,-1.0979854350514031,2.098937742594684,2.6251590401621723,1.1400847590541725
86.0,110.0,1230.1201171875,-3.401256078063497,1.575880119707614,1.7345987582842768,1.9557944813857928,0.696652811017627,-1.3733111583176492,-1.0979863852898994,2.098937742594684,2.6251725516260174,1.140275472793208
86.0,110.0,1230.120361328125,-3.4012560777422363,1.575880119707614,1.7345987594011618,1.9557944813857928,0.6966528036947216,-1.3733111583176492,-1.0979863852898994,2.098937742594684,2.6251590401621723,1.140275472793208
86.0,110.0,1230.1248779296875,-3.401256126882032,1.5748799175150592,1.7354791588041736,1.9612858684358725,0.6969836773598693,-1.373289083785358,-1.097999881904722,2.098880808356438,2.6485891830693338,1.140276509201165
86.0,110.0,1230.1248779296875,-3.401256126882032,1.5748799175150592,1.7354791360859214,1.961286410897488,0.6969836773598693,-1.373289083785358,-1.0980026489181554,2.098880808356438,2.648589183062401,1.1402746270212731
86.0,110.0,1230.125,-3.401256088381828,1.574877836468174,1.7346089930418598,1.9759076857904936,0.6969836773598693,-1.3732891956244124,-1.0978515108434337,2.09888045012653,2.648589183979087,1.1402745397236218
86.0,110.0,1230.1251220703125,-3.401254841784416,1.5748799175150592,1.7354808635148211,1.9612858684358725,0.6969836773598693,-1.373289083785358,-1.0978515108434337,2.098880808356438,2.6485891830693338,1.1402756126858575
86.0,110.0,1230.1251220703125,-3.401254841784416,1.5748799175150592,1.7354808635148211,1.9612858684358725,0.6969836773598693,-1.3732889091714675,-1.0978515108434337,2.098880747994677,2.6485891830693338,1.1402756126858575
86.0,110.0,1230.1253662109375,-3.4012549109890124,1.5749334822600929,1.7354795678153936,1.9613115873306788,0.6969836773598693,-1.373288911616959,-1.0978514686040728,2.098880808356438,2.648589184242189,1.140274592852125
86.0,110.0,1230.1253662109375,-3.4012549109890124,1.5749334822600929,1.7354795678153936,1.9613115873306788,0.6969836773598693,-1.373288911616959,-1.0978514686040728,2.098880808356438,2.648589184242189,1.140274592852125
86.0,110.0,1230.125732421875,-3.401254716972172,1.5748799175150592,1.7354783279365111,1.9759076857904936,0.6969836773598693,-1.3732888948038269,-1.0978515108434337,2.098880808356438,2.648589183979087,1.1402768710806854
86.0,110.0,1230.126953125,-3.4012547996787608,1.5748799175150592,1.7345954532466203,1.961389008149005,0.6969842771728844,-1.373289135159817,-1.0978515108434337,2.098880109986984,2.6485891830693338,1.1400968594372938
86.0,110.0,1230.126953125,-3.4012547996787608,1.5748799175150592,1.7345954532466203,1.9605451661933115,0.6969846847284246,-1.373289135159817,-1.0978377133922113,2.098879248551636,2.6485891830693338,1.1403645987668998
86.0,110.0,1230.12841796875,-3.4012548011987,1.5735853281751822,1.7354795678153936,1.9592484855395025,0.6966675797135959,-1.3732892134179278,-1.097851668919987,2.098880808356438,2.6485891839648152,1.140297785416496
86.0,110.0,1230.12841796875,-3.4012548011987,1.5735853281751822,1.7354795678153936,1.9592484855395025,0.6966675797135959,-1.3732892134179278,-1.097851668919987,2.098880808356438,2.6485891839648152,1.140297785416496
86.0,110.0,1230.1300048828125,-3.401256073186718,1.5748799175150592,1.7345954340536958,1.961389008149005,0.6966527852904758,-1.373310961890336,-1.0978515108434337,2.0988721834023,2.6485891830693338,1.1402856265566486
86.0,110.0,1230.1300048828125,-3.401256073186718,1.5748799175150592,1.7345954340536958,1.961389008149005,0.6966527852904758,-1.3733111365042263,-1.0978515108434337,2.098872243764061,2.6485891830693338,1.1402856265566486
86.0,110.0,1230.1309814453125,-3.401254841784416,1.5748799175150592,1.7354795678153936,1.959374283883384,0.6969836773598693,-1.3732891936105789,-1.0978515108434337,2.098880808356438,2.6485891830693338,1.140274592852125
86.0,110.0,1230.1309814453125,-3.401254841784416,1.5748799175150592,1.7354795678153936,1.959374283883384,0.6969836773598693,-1.3732891936105789,-1.0978515108434337,2.098880808356438,2.6485891830693338,1.140274592852125
86.0,110.0,1230.1309814453125,-3.401254796864048,1.5748799175150592,1.735453583336128,1.959374283883384,0.6969836773355386,-1.3732891936105789,-1.0978515108434337,2.098880808356438,2.6485891830693338,1.140274592852125
86.0,110.0,1230.1312255859375,-3.401254841784416,1.5749334822600929,1.7354795678153936,1.959374283883384,0.6969836773598693,-1.3732891936105789,-1.0978515108434337,2.098880808356438,2.648589184153016,1.140274592852125
86.0,110.0,1230.1312255859375,-3.401254841784416,1.5749334822600929,1.7354795678153936,1.959374283883384,0.6969836773598693,-1.3732891936105789,-1.0978515108434337,2.098880808356438,2.648589184153016,1.140274592852125
86.0,110.0,1230.1314697265625,-3.401256105090037,1.575746832215702,1.7345931522046445,1.976080143812599,0.6966528036947216,-1.3733183650479133,-1.09806134238757,2.0989377444234583,2.6485891840021365,1.140086868133996
86.0,110.0,1230.1319580078125,-3.4012561057862545,1.5748799175150592,1.7346018767123288,1.961389008149005,0.6966647951569015,-1.3733114923559042,-1.0978515108434337,2.0988713248253403,2.6485891830693338,1.1400632555129937
86.0,110.0,1230.132080078125,-3.401256105090037,1.575746832215702,1.735449708166337,1.976080143812599,0.6966678882360187,-1.3733183650479133,-1.09806134238757,2.0989377444234583,2.6485891840021267,1.140086868133996
86.0,110.0,1230.1322021484375,-3.401256073478565,1.5748799175150592,1.7345954532466203,1.961389008149005,0.6966224782912455,-1.373313805717692,-1.0978515108434337,2.098871060313056,2.6485891830693338,1.1400968594372938
86.0,110.0,1230.13232421875,-3.401256073478565,1.5748799175150592,1.7345954532466203,1.961389008149005,0.6966224782912455,-1.3733111139469567,-1.0978515108434337,2.098871060313056,2.6485891830693338,1.1400632555129937
86.0,110.0,1230.13232421875,-3.401256073478565,1.5748799175150592,1.7345954532466203,1.961389008149005,0.6966224782912455,-1.3733111139469567,-1.0978515108434337,2.098871060313056,2.6485891830693338,1.1400632555129937
86.0,110.0,1230.1326904296875,-3.4012561069162843,1.5758799901327272,1.7345890947301672,1.9629207318284896,0.6966528023554986,-1.3733183030176288,-1.0979598851342491,2.0988721811851088,2.648589184001568,1.1400948239553943
86.0,110.0,1230.133056640625,-3.4012547996787608,1.5748799175150592,1.7345714982948517,1.9594163026503373,0.6969842771728844,-1.373289190821754,-1.0978515108434337,2.098880109986984,2.6485891830693338,1.1400968594372938
86.0,110.0,1230.133056640625,-3.4012547996787608,1.5748799175150592,1.7345714982948517,1.9594738205067657,0.696983674525708,-1.373289190821754,-1.0978515108434337,2.098880109986984,2.6485891830693338,1.140084090164985
86.0,110.0,1230.133056640625,-3.4012547996787608,1.5748799175150592,1.7345714982948517,1.9594163026503373,0.6969842771728844,-1.373289190821754,-1.0978515108434337,2.098880109986984,2.6485891830693338,1.1400968594372938
86.0,110.0,1230.13330078125,-3.401256109537053,1.5758799806488086,1.7345895124605475,1.9766696679531848,0.6966528023554986,-1.3733183030176288,-1.0979623838353243,2.098936319749535,2.64858918400247,1.1400948239553943
86.0,110.0,1230.133544921875,-3.4018037744165577,1.5749334822276844,1.7354795678153936,1.9613115873306788,0.6969836773598693,-1.373288911616959,-1.0979556290216737,2.098880808356438,2.648589184028996,1.140274592852125
86.0,110.0,1230.134033203125,-3.4012548479038816,1.575879987031602,1.7345987594011618,1.9613641574691327,0.6966528036947216,-1.3732902129134876,-1.0978372976273434,2.098937742594684,2.6251590401621723,1.1400847590541725
86.0,110.0,1230.1341552734375,-3.401256109537053,1.5758799901327272,1.7345894376030953,1.9766696679531848,0.6966528023554986,-1.3733183030176288,-1.0979598851342491,2.0988719589035094,2.648589184001568,1.1400948239553943
86.0,110.0,1230.1351318359375,-3.401256075137324,1.5749320401621285,1.7346009411761494,1.959374283883384,0.6966558143993821,-1.3732891936105789,-1.0978469972539655,2.0988804278035613,2.648575672758701,1.140274592852125
86.0,110.0,1230.13525390625,-3.401256073271287,1.5749320416873156,1.7346009400592646,1.959374283883384,0.6966558217222875,-1.3732891936105789,-1.0979521869380764,2.0988804278035613,2.648589184001875,1.140274592852125
86.0,110.0,1230.135498046875,-3.401256106671288,1.575880307548386,1.7345895096683834,1.976080143812599,0.6966528036947216,-1.3733183650479133,-1.0968485114697708,2.0989377444234583,2.648589184002448,1.1401025932109203
86.0,110.0,1230.135498046875,-3.4012561085702187,1.575880307548386,1.7345895096683834,1.9760776754434144,0.6966533369930761,-1.3733183650479133,-1.0968485114697708,2.0989377444234583,2.648589184002448,1.1401025932109203
86.0,110.0,1230.135498046875,-3.4012560754585843,1.5749320401621285,1.7346009400592646,1.959374283883384,0.6966558217222875,-1.3732891936105789,-1.0978469972539655,2.0988804278035613,2.6485891842225464,1.140274592852125
86.0,110.0,1230.135498046875,-3.4012561085702187,1.575880307548386,1.7345895096683834,1.9760776754434144,0.6966533369930761,-1.3733183650479133,-1.0968485114697708,2.0989377444234583,2.648589184002448,1.1401025932109203
86.0,110.0,1230.135498046875,-3.4012561094165656,1.5758799838305133,1.7345894371438495,1.9760821050470725,0.6966528036947216,-1.373318365212313,-1.0968485114697708,2.0989377444234583,2.648589184002448,1.1401025932109203
86.0,110.0,1230.1357421875,-3.401256197357203,1.575880307548386,1.7345895096683834,1.976080143812599,0.6966274739168424,-1.3733183650479133,-1.0968662494975672,2.0989377444234583,2.648589184002448,1.1401025932109203
86.0,110.0,1230.1363525390625,-3.4012561085702187,1.5758803170323044,1.734589434810931,1.9760776754434144,0.6966533369930761,-1.3733183650479133,-1.0968460127686956,2.0988733835774327,2.6485891840015454,1.1401025932109203
86.0,110.0,1230.136962890625,-3.401256073478565,1.5758248626002005,1.7345928433403703,1.961389008149005,0.6966224782912455,-1.3733104301801835,-1.0978525052851262,2.098871060313056,2.6485891830693338,1.1400968594372938
86.0,111.0,1230.0621337890625,-3.3729540058888485,1.5749334837852798,1.734656276498405,1.961618917420936,0.6969836773598693,-1.3732871919424972,-1.0979554721975628,2.098880808356438,2.648589184021517,1.1402757264018015
86.0,111.0,1230.065185546875,-3.3729540058888485,1.5749334837852798,1.7354795678153936,1.9613115873306788,0.6969836773598693,-1.373288911616959,-1.0979566582881837,2.098880808356438,2.648589184021517,1.140274592852125
86.0,111.0,1230.0924072265625,-3.4012548011987,1.5759028937358457,1.7354795678153936,1.9591482936542903,0.6966680431578949,-1.373311707277751,-1.0978601744851992,2.137513043898341,2.643818477898787,1.140297785416496
86.0,111.0,1230.099853515625,-3.401595174385676,1.5749334837852798,1.7354795678153936,1.9589765120728608,0.6969836773598693,-1.373288911616959,-1.0979566582881837,2.1016860888205366,2.648589184021517,1.1402754067547534
86.0,111.0,1230.1153564453125,-3.4012560777422363,1.575879987031602,1.7345987594011618,1.9567649684963653,0.6969921763800728,-1.3732872798764706,-1.0978497388454742,2.098880870211669,2.6251590401621723,1.1400847590541725
86.0,111.0,1230.11962890625,-3.4012560777422363,1.575879987031602,1.7345987594011618,1.9557944813857928,0.6966528036947216,-1.3733111609689013,-1.0979854350514031,2.098937742594684,2.6251590401621723,1.1400847590541725
86.0,111.0,1230.11962890625,-3.4012560777422363,1.575879987031602,1.7345987594011618,1.9557944813857928,0.6966528036947216,-1.3733111609689013,-1.0979854350514031,2.098937742594684,2.6251590401621723,1.1400847590541725
86.0,111.0,1230.1201171875,-3.401256078063497,1.575880119707614,1.7345987582842768,1.9557944813857928,0.696652811017627,-1.3733111583176492,-1.0979863852898994,2.098937742594684,2.6251725516260174,1.140275472793208
86.0,111.0,1230.120361328125,-3.4012560777422363,1.575880119707614,1.7345987594011618,1.9557944813857928,0.6966528036947216,-1.3733111583176492,-1.0979863852898994,2.098937742594684,2.6251590401621723,1.140275472793208
86.0,111.0,1230.1209716796875,-3.4012560777422363,1.575879987031602,1.73542205071815,1.9564576384061083,0.6969921763800728,-1.3732889995509323,-1.0978509249360948,2.098880870211669,2.6251590401621723,1.1400836255044955
86.0,111.0,1230.1240234375,-3.4012548011987,1.574837545792208,1.7355000305779265,1.9615258826416733,0.6969944201604055,-1.3732891350917276,-1.0978514983185026,2.098880808356438,2.6485891839648152,1.140304710208443
86.0,111.0,1230.1248779296875,-3.401256126882032,1.5748799175150592,1.7354791588041736,1.9612858684358725,0.6969836773598693,-1.373289083785358,-1.097999881904722,2.098880808356438,2.6485891830693338,1.140276509201165
86.0,111.0,1230.1248779296875,-3.401256126882032,1.5748799175150592,1.7354791360859214,1.961286410897488,0.6969836773598693,-1.373289083785358,-1.0980026489181554,2.098880808356438,2.648589183062401,1.1402746270212731
86.0,111.0,1230.1248779296875,-3.401256126882032,1.5748799175150592,1.7354791221119774,1.961285826252008,0.6969836773598693,-1.373289083785358,-1.0980026489181554,2.098880808356438,2.648589183062401,1.1402756264329397
86.0,111.0,1230.1248779296875,-3.401256126882032,1.5748799175150592,1.7354791360859214,1.961286410897488,0.6969836773598693,-1.373289083785358,-1.0980026489181554,2.098880808356438,2.648589183062401,1.1402746270212731
86.0,111.0,1230.125,-3.401256088381828,1.574877836468174,1.7346089930418598,1.9759076857904936,0.6969836773598693,-1.3732891956244124,-1.0978515108434337,2.09888045012653,2.648589183979087,1.1402745397236218
86.0,111.0,1230.1251220703125,-3.401254841784416,1.5748799175150592,1.7354808635148211,1.9612858684358725,0.6969836773598693,-1.373289083785358,-1.0978515108434337,2.098880808356438,2.6485891830693338,1.1402756126858575
86.0,111.0,1230.1251220703125,-3.401254841784416,1.5748799175150592,1.7354808635148211,1.9612858684358725,0.6969836773598693,-1.3732889091714675,-1.0978515108434337,2.098880747994677,2.6485891830693338,1.1402756126858575
86.0,111.0,1230.1251220703125,-3.401254841784416,1.5748799175150592,1.7354808635148211,1.9612858684358725,0.6969836773598693,-1.373289083785358,-1.0978515108434337,2.098880808356438,2.6485891830693338,1.1402756126858575
86.0,111.0,1230.1253662109375,-3.4012549109890124,1.5749334822600929,1.7354795678153936,1.9613115873306788,0.6969836773598693,-1.373288911616959,-1.0978514686040728,2.098880808356438,2.648589184242189,1.140274592852125
86.0,111.0,1230.1253662109375,-3.4012549109890124,1.5749334822600929,1.7354795678153936,1.9613115873306788,0.6969836773598693,-1.373288911616959,-1.0978514686040728,2.098880808356438,2.648589184242189,1.140274592852125
86.0,111.0,1230.12548828125,-3.401254798177027,1.5749339623609446,1.7354795678153936,1.9613115873306788,0.6969842838139839,-1.3732889088587044,-1.0978514686040728,2.098880784007347,2.648589184242189,1.1402690525239014
86.0,111.0,1230.125732421875,-3.401254716972172,1.5748799175150592,1.7354783279365111,1.9759076857904936,0.6969836773598693,-1.3732888948038269,-1.0978515108434337,2.098880808356438,2.648589183979087,1.1402768710806854
86.0,111.0,1230.126708984375,-3.401256105090037,1.575746832215702,1.735449708166337,1.976065730728846,0.6969898926781253,-1.3733183650479133,-1.0980578331040014,2.0989377444234583,2.6485891840013007,1.1402738347545336
86.0,111.0,1230.126953125,-3.4012547996787608,1.5748799175150592,1.7345954532466203,1.961389008149005,0.6969842771728844,-1.373289135159817,-1.0978515108434337,2.098880109986984,2.6485891830693338,1.1400968594372938
86.0,111.0,1230.126953125,-3.4012547996787608,1.5748799175150592,1.7345954532466203,1.9605451661933115,0.6969846847284246,-1.373289135159817,-1.0978377133922113,2.098879248551636,2.6485891830693338,1.1403645987668998
86.0,111.0,1230.1278076171875,-3.401255957476278,1.5749334822600929,1.7354795678153936,1.961387009572964,0.6969836773598693,-1.373313395851219,-1.0978514686040728,2.098881613996994,2.648589184242189,1.1400932580845016
86.0,111.0,1230.1278076171875,-3.401256077236738,1.574890118511095,1.7345985981046728,1.961389008149005,0.6966647951569015,-1.3733111668050595,-1.0978515108434337,2.0988713248253403,2.625864199152148,1.140086063721656
86.0,111.0,1230.128173828125,-3.4012548011987,1.5735245434718446,1.7354795678153936,1.9592484855395025,0.6966675797135959,-1.3732892134179278,-1.097851668919987,2.098880808356438,2.6485891839648152,1.140297785416496
86.0,111.0,1230.12841796875,-3.4012548011987,1.5735853281751822,1.7354795678153936,1.9592484855395025,0.6966675797135959,-1.3732892134179278,-1.097851668919987,2.098880808356438,2.6485891839648152,1.140297785416496
86.0,111.0,1230.12841796875,-3.4012548011987,1.5735853281751822,1.7354795678153936,1.9592484855395025,0.6966675797135959,-1.3732892134179278,-1.097851668919987,2.098880808356438,2.6485891839648152,1.140297785416496
86.0,111.0,1230.129638671875,-3.401256088381828,1.574877836468174,1.7346089930418598,1.9759076857904936,0.6969836773598693,-1.373317769120053,-1.096774516751354,2.09888045012653,2.648589183979087,1.14027461716651
86.0,111.0,1230.1297607421875,-3.401255026991299,1.5748799175150592,1.7345954532466203,1.9613135859067203,0.6966224782912455,-1.373289321483432,-1.0978515108434337,2.0988702546725,2.6485891830693338,1.1402781942049174
86.0,111.0,1230.1300048828125,-3.401256073186718,1.5748799175150592,1.7345954340536958,1.961389008149005,0.6966527852904758,-1.373310961890336,-1.0978515108434337,2.0988721834023,2.6485891830693338,1.1402856265566486
86.0,111.0,1230.1300048828125,-3.401256073186718,1.5748799175150592,1.7345954340536958,1.961389008149005,0.6966527852904758,-1.3733111365042263,-1.0978515108434337,2.098872243764061,2.6485891830693338,1.1402856265566486
86.0,111.0,1230.1304931640625,-3.401254797024611,1.5749334822600929,1.7354561977545369,1.959374283883384,0.6969846860574462,-1.3732891894350885,-1.0978376665897172,2.098880808356438,2.648589184145929,1.1403585597213122
86.0,111.0,1230.1309814453125,-3.401254841784416,1.5748799175150592,1.7354795678153936,1.959374283883384,0.6969836773598693,-1.3732891936105789,-1.0978515108434337,2.098880808356438,2.6485891830693338,1.140274592852125
86.0,111.0,1230.1309814453125,-3.401254841784416,1.5748799175150592,1.7354795678153936,1.959374283883384,0.6969836773598693,-1.3732891936105789,-1.0978515108434337,2.098880808356438,2.6485891830693338,1.140274592852125
86.0,111.0,1230.1309814453125,-3.401254796864048,1.5748799175150592,1.735453583336128,1.959374283883384,0.6969836773355386,-1.3732891936105789,-1.0978515108434337,2.098880808356438,2.6485891830693338,1.140274592852125
86.0,111.0,1230.1309814453125,-3.401254796864048,1.5748775421835128,1.735453583336128,1.959374283883384,0.6969836773355386,-1.3732891936105789,-1.0978515108434337,2.098880808356438,2.6485891830693338,1.140274592852125
86.0,111.0,1230.1312255859375,-3.401254841784416,1.5749334822600929,1.7354795678153936,1.959374283883384,0.6969836773598693,-1.3732891936105789,-1.0978515108434337,2.098880808356438,2.648589184153016,1.140274592852125
86.0,111.0,1230.1312255859375,-3.401254841784416,1.5749334822600929,1.7354795678153936,1.959374283883384,0.6969836773598693,-1.3732891936105789,-1.0978515108434337,2.098880808356438,2.648589184153016,1.140274592852125
86.0,111.0,1230.1314697265625,-3.401256105090037,1.575746832215702,1.7345931522046445,1.976080143812599,0.6966528036947216,-1.3733183650479133,-1.09806134238757,2.0989377444234583,2.6485891840021365,1.140086868133996
86.0,111.0,1230.1314697265625,-3.401256105090037,1.575746832215702,1.7345931522046445,1.9761057147362324,0.6966528036947216,-1.3733183650479133,-1.09806134238757,2.098938461683388,2.6485891840021365,1.140086868133996
86.0,111.0,1230.1319580078125,-3.4012561057862545,1.5748799175150592,1.7346018767123288,1.961389008149005,0.6966647951569015,-1.3733114923559042,-1.0978515108434337,2.0988713248253403,2.6485891830693338,1.1400632555129937
86.0,111.0,1230.132080078125,-3.401256105090037,1.575746832215702,1.735449708166337,1.976080143812599,0.6966678882360187,-1.3733183650479133,-1.09806134238757,2.0989377444234583,2.6485891840021267,1.140086868133996
86.0,111.0,1230.1322021484375,-3.401256073478565,1.5748799175150592,1.7345954532466203,1.961389008149005,0.6966224782912455,-1.373313805717692,-1.0978515108434337,2.098871060313056,2.6485891830693338,1.1400968594372938
86.0,111.0,1230.13232421875,-3.401256073478565,1.5748799175150592,1.7345954532466203,1.961389008149005,0.6966224782912455,-1.3733111139469567,-1.0978515108434337,2.098871060313056,2.6485891830693338,1.1400632555129937
86.0,111.0,1230.13232421875,-3.401256073478565,1.5748799175150592,1.7345954532466203,1.961389008149005,0.6966224782912455,-1.3733111139469567,-1.0978515108434337,2.098871060313056,2.6485891830693338,1.1400632555129937
86.0,111.0,1230.1326904296875,-3.4012561069162843,1.5758799901327272,1.7345890947301672,1.9629207318284896,0.6966528023554986,-1.3733183030176288,-1.0979598851342491,2.0988721811851088,2.648589184001568,1.1400948239553943
86.0,112.0,1230.00341796875,-3.341998420717104,1.575879987031602,1.7345987594011618,1.9557944813857928,0.6966528036947216,-1.3733111583683484,-1.0979854350514031,2.098937742594684,2.6251590401621723,1.1400847590541725
86.0,112.0,1230.0469970703125,-3.374527226762159,1.5749334837852798,1.734656276498405,1.961618917420936,0.6969836773598693,-1.3732871919424972,-1.0978598535021378,2.098880808356438,2.648589184021517,1.14030110581732
86.0,112.0,1230.0621337890625,-3.3729540058888485,1.5749334837852798,1.734656276498405,1.961618917420936,0.6969836773598693,-1.3732871919424972,-1.0979554721975628,2.098880808356438,2.648589184021517,1.1402757264018015
86.0,112.0,1230.0650634765625,-3.3996815803253897,1.5759028937358457,1.7354795678153936,1.9591482936542903,0.6966680431578949,-1.373311707277751,-1.0979557931806243,2.137513043898341,2.643818477898787,1.1402724060009777
86.0,112.0,1230.065185546875,-3.3729540058888485,1.5749334837852798,1.7354795678153936,1.9613115873306788,0.6969836773598693,-1.373288911616959,-1.0979566582881837,2.098880808356438,2.648589184021517,1.140274592852125
86.0,112.0,1230.08837890625,-3.401255030188515,1.574884429784811,1.7354795678153936,1.9592287767696608,0.6966680431578949,-1.373311707277751,-1.0978601744851992,2.137513043898341,2.643818477898787,1.14027846359771
86.0,112.0,1230.0924072265625,-3.4012548011987,1.5759028937358457,1.7354795678153936,1.9591482936542903,0.6966680431578949,-1.373311707277751,-1.0978601744851992,2.137513043898341,2.643818477898787,1.140297785416496
86.0,112.0,1230.092529296875,-3.401595174385676,1.5749334837852798,1.7354795678153936,1.961494346285661,0.6969943523272822,-1.3732889106340609,-1.0979566582881837,2.1016860888205366,2.6485891840207523,1.1402754067547534
86.0,112.0,1230.095458984375,-3.4015865988867486,1.5749334837852798,1.7354795429400036,1.9759653337510992,0.6969836773598693,-1.373288911566586,-1.0978519506355315,2.101782407059533,2.648589184021087,1.1402768852612006
86.0,112.0,1230.099853515625,-3.401595174385676,1.5749334837852798,1.7354795678153936,1.9589765120728608,0.6969836773598693,-1.373288911616959,-1.0979566582881837,2.1016860888205366,2.648589184021517,1.1402754067547534
86.0,112.0,1230.1109619140625,-3.4012560777422363,1.575879987031602,1.7345987594011618,1.955784175588012,0.6966528036947216,-1.373311159747911,-1.0979854350514031,2.098873361497278,2.6255982365120136,1.1400853341415051
86.0,112.0,1230.1153564453125,-3.4012560777422363,1.575879987031602,1.7345987594011618,1.9567649684963653,0.6969921763800728,-1.3732872798764706,-1.0978497388454742,2.098880870211669,2.6251590401621723,1.1400847590541725
86.0,112.0,1230.1158447265625,-3.401254796864048,1.5748799175150592,1.7346065219266629,1.9671100379116515,0.6969836026028625,-1.3732891936105789,-1.0978515108434337,2.098880808356438,2.6485891830693338,1.140274592852125
86.0,112.0,1230.11962890625,-3.4012560777422363,1.575879987031602,1.7345987594011618,1.9557944813857928,0.6966528036947216,-1.3733111609689013,-1.0979854350514031,2.098937742594684,2.6251590401621723,1.1400847590541725
86.0,112.0,1230.11962890625,-3.4012560777422363,1.575879987031602,1.7345987594011618,1.9557944813857928,0.6966528036947216,-1.3733111609689013,-1.0979854350514031,2.098937742594684,2.6251590401621723,1.1400847590541725
86.0,112.0,1230.11962890625,-3.401256073186718,1.5748799175150592,1.7345954340536958,1.961399313946787,0.6966527852904758,-1.3733109631113265,-1.0978515108434337,2.0989365644997053,2.648149986719492,1.140285051469316
86.0,112.0,1230.1201171875,-3.401256078063497,1.575880119707614,1.7345987582842768,1.9557944813857928,0.696652811017627,-1.3733111583176492,-1.0979863852898994,2.098937742594684,2.6251725516260174,1.140275472793208
86.0,112.0,1230.1202392578125,-3.401256077231239,1.575987650863153,1.734598755440287,1.961389008149005,0.6966647951569015,-1.3733111668050595,-1.0978515108434337,2.0988713248253403,2.625864199152148,1.140086063721656
86.0,112.0,1230.120361328125,-3.4012560777422363,1.575880119707614,1.7345987594011618,1.9557944813857928,0.6966528036947216,-1.3733111583176492,-1.0979863852898994,2.098937742594684,2.6251590401621723,1.140275472793208
86.0,112.0,1230.120849609375,-3.4012560777422363,1.575879987031602,1.7354205660461537,1.9564031927843104,0.6969922513495193,-1.3732889995509323,-1.0978514971024396,2.098880870211669,2.6251590401621723,1.1400836255044955
86.0,112.0,1230.1209716796875,-3.4012560777422363,1.575879987031602,1.73542205071815,1.9564576384061083,0.6969921763800728,-1.3732889995509323,-1.0978509249360948,2.098880870211669,2.6251590401621723,1.1400836255044955
86.0,112.0,1230.1209716796875,-3.4012560777422363,1.575879987031602,1.7354223401578095,1.9564576384061083,0.6969921763800728,-1.373288888155177,-1.0978509249360948,2.098880870211669,2.6251590401621723,1.1400836255044955
86.0,112.0,1230.123779296875,-3.4012548011987,1.574837545792208,1.735501515249923,1.961580328263472,0.696994345190959,-1.3732891350917276,-1.0978509261521578,2.098880808356438,2.6485891839648152,1.140304710208443
86.0,112.0,1230.1240234375,-3.4012548011987,1.574837545792208,1.7355000305779265,1.9615258826416733,0.6969944201604055,-1.3732891350917276,-1.0978514983185026,2.098880808356438,2.6485891839648152,1.140304710208443
86.0,112.0,1230.1248779296875,-3.401256126882032,1.5748799175150592,1.7354791588041736,1.9612858684358725,0.6969836773598693,-1.373289083785358,-1.097999881904722,2.098880808356438,2.6485891830693338,1.140276509201165
86.0,112.0,1230.1248779296875,-3.401256126882032,1.5748799175150592,1.7354791360859214,1.961286410897488,0.6969836773598693,-1.373289083785358,-1.0980026489181554,2.098880808356438,2.648589183062401,1.1402746270212731
86.0,112.0,1230.1248779296875,-3.401256126882032,1.5748799175150592,1.7354791221119774,1.961285826252008,0.6969836773598693,-1.373289083785358,-1.0980026489181554,2.098880808356438,2.648589183062401,1.1402756264329397
86.0,112.0,1230.1248779296875,-3.401256126882032,1.5748799175150592,1.7354791360859214,1.961286410897488,0.6969836773598693,-1.373289083785358,-1.0980026489181554,2.098880808356438,2.648589183062401,1.1402746270212731
86.0,112.0,1230.125,-3.401256088381828,1.574877836468174,1.7346089930418598,1.9759076857904936,0.6969836773598693,-1.3732891956244124,-1.0978515108434337,2.09888045012653,2.648589183979087,1.1402745397236218
86.0,112.0,1230.1251220703125,-3.401254841784416,1.5748799175150592,1.7354808635148211,1.9612858684358725,0.6969836773598693,-1.373289083785358,-1.0978515108434337,2.098880808356438,2.6485891830693338,1.1402756126858575
86.0,112.0,1230.1251220703125,-3.401254841784416,1.5748799175150592,1.7354808635148211,1.9612858684358725,0.6969836773598693,-1.3732889091714675,-1.0978515108434337,2.098880747994677,2.6485891830693338,1.1402756126858575
86.0,112.0,1230.1251220703125,-3.401254841784416,1.5748799175150592,1.7354808635148211,1.9612858684358725,0.6969836773598693,-1.373289083785358,-1.0978515108434337,2.098880808356438,2.6485891830693338,1.1402756126858575
86.0,112.0,1230.1253662109375,-3.4012549109890124,1.5749334822600929,1.7354795678153936,1.9613115873306788,0.6969836773598693,-1.373288911616959,-1.0978514686040728,2.098880808356438,2.648589184242189,1.140274592852125
86.0,112.0,1230.1253662109375,-3.4012549109890124,1.5749334822600929,1.7354795678153936,1.9613115873306788,0.6969836773598693,-1.373288911616959,-1.0978514686040728,2.098880808356438,2.648589184242189,1.140274592852125
86.0,112.0,1230.1253662109375,-3.4012548005531222,1.5748799175150592,1.7345954532466203,1.961389008149005,0.6969842771728844,-1.373289135159817,-1.0978497243486336,2.098880109986984,2.648589183069444,1.1402714292979703
86.0,112.0,1230.12548828125,-3.401254798177027,1.5749339623609446,1.7354795678153936,1.9613115873306788,0.6969842838139839,-1.3732889088587044,-1.0978514686040728,2.098880784007347,2.648589184242189,1.1402690525239014
86.0,112.0,1230.125732421875,-3.401254716972172,1.5748799175150592,1.7354783279365111,1.9759076857904936,0.6969836773598693,-1.3732888948038269,-1.0978515108434337,2.098880808356438,2.648589183979087,1.1402768710806854
86.0,112.0,1230.125732421875,-3.401254716972172,1.5748799175150592,1.7354780384968516,1.9759076857904936,0.6969836773598693,-1.3732890061995824,-1.0978515108434337,2.098880808356438,2.648589183979087,1.1402768710806854
86.0,112.0,1230.12646484375,-3.40125612600767,1.5748799175150592,1.7354791360859214,1.961286410897488,0.6969836773598693,-1.373289083785358,-1.0980044354129554,2.098880808356438,2.6485891830622914,1.1401000571605964
86.0,112.0,1230.126708984375,-3.401256105090037,1.575746832215702,1.735449708166337,1.976065730728846,0.6969898926781253,-1.3733183650479133,-1.0980578331040014,2.0989377444234583,2.6485891840013007,1.1402738347545336
86.0,112.0,1230.1268310546875,-3.401256077747735,1.5747825873555563,1.7345986020655475,1.9557944813857928,0.6966528036947216,-1.3733111583176492,-1.0979863852898994,2.098937742594684,2.6251590401621723,1.140275472793208
86.0,112.0,1230.126953125,-3.4012547996787608,1.5748799175150592,1.7345954532466203,1.961389008149005,0.6969842771728844,-1.373289135159817,-1.0978515108434337,2.098880109986984,2.6485891830693338,1.1400968594372938
86.0,112.0,1230.126953125,-3.4012547996787608,1.5748799175150592,1.7345954532466203,1.9605451661933115,0.6969846847284246,-1.373289135159817,-1.0978377133922113,2.098879248551636,2.6485891830693338,1.1403645987668998
86.0,112.0,1230.1278076171875,-3.401255957476278,1.5749334822600929,1.7354795678153936,1.961387009572964,0.6969836773598693,-1.373313395851219,-1.0978514686040728,2.098881613996994,2.648589184242189,1.1400932580845016
86.0,112.0,1230.1278076171875,-3.401256077236738,1.574890118511095,1.7345985981046728,1.961389008149005,0.6966647951569015,-1.3733111668050595,-1.0978515108434337,2.0988713248253403,2.625864199152148,1.140086063721656
86.0,112.0,1230.128173828125,-3.4012548011987,1.5735245434718446,1.7354795678153936,1.9592484855395025,0.6966675797135959,-1.3732892134179278,-1.097851668919987,2.098880808356438,2.6485891839648152,1.140297785416496
86.0,112.0,1230.12841796875,-3.4012548011987,1.5735853281751822,1.7354795678153936,1.9592484855395025,0.6966675797135959,-1.3732892134179278,-1.097851668919987,2.098880808356438,2.6485891839648152,1.140297785416496
86.0,112.0,1230.12841796875,-3.4012548011987,1.5735853281751822,1.7354795678153936,1.9592484855395025,0.6966675797135959,-1.3732892134179278,-1.097851668919987,2.098880808356438,2.6485891839648152,1.140297785416496
86.0,112.0,1230.129638671875,-3.401256088381828,1.574877836468174,1.7346089930418598,1.9759076857904936,0.6969836773598693,-1.373317769120053,-1.096774516751354,2.09888045012653,2.648589183979087,1.14027461716651
86.0,112.0,1230.1297607421875,-3.401255026991299,1.5748799175150592,1.7345954532466203,1.9613135859067203,0.6966224782912455,-1.373289321483432,-1.0978515108434337,2.0988702546725,2.6485891830693338,1.1402781942049174
86.0,113.0,1230.00341796875,-3.341998420717104,1.575879987031602,1.7345987594011618,1.9557944813857928,0.6966528036947216,-1.3733111583683484,-1.0979854350514031,2.098937742594684,2.6251590401621723,1.1400847590541725
86.0,113.0,1230.0469970703125,-3.374527226762159,1.5749334837852798,1.734656276498405,1.961618917420936,0.6969836773598693,-1.3732871919424972,-1.0978598535021378,2.098880808356438,2.648589184021517,1.14030110581732
86.0,113.0,1230.0501708984375,-3.374527226762159,1.5749339333459205,1.7355045778595828,1.961618917420936,0.6969843682900103,-1.3732870811885802,-1.0978598535021378,2.098880808356438,2.648589184021517,1.14030110581732
86.0,113.0,1230.061279296875,-3.3733872112371124,1.5748799175150592,1.7354785228696457,1.9616166986060144,0.6969836773598693,-1.3732889091714675,-1.0978515108434337,2.098880747994677,2.6485891830693338,1.1402756126858575
86.0,113.0,1230.0621337890625,-3.3729540058888485,1.5749334837852798,1.734656276498405,1.961618917420936,0.6969836773598693,-1.3732871919424972,-1.0979554721975628,2.098880808356438,2.648589184021517,1.1402757264018015
86.0,113.0,1230.0650634765625,-3.3996815803253897,1.5759028937358457,1.7354795678153936,1.9591482936542903,0.6966680431578949,-1.373311707277751,-1.0979557931806243,2.137513043898341,2.643818477898787,1.1402724060009777
86.0,113.0,1230.065185546875,-3.3729540058888485,1.5749334837852798,1.7354795678153936,1.9613115873306788,0.6969836773598693,-1.373288911616959,-1.0979566582881837,2.098880808356438,2.648589184021517,1.140274592852125
86.0,113.0,1230.065185546875,-3.3729540058888485,1.5749334837852798,1.7354795678153936,1.9613115873306788,0.6969836773598693,-1.373288911616959,-1.0979566582881837,2.098880808356438,2.648589184021517,1.140274592852125
86.0,113.0,1230.085693359375,-3.3729540058888485,1.5759024738082354,1.734656276498405,1.955976500831798,0.6969824554232368,-1.3732889636156158,-1.0979554721975628,2.098880805975777,2.648892623632717,1.1402806338539684
86.0,113.0,1230.08837890625,-3.401255030188515,1.574884429784811,1.7354795678153936,1.9592287767696608,0.6966680431578949,-1.373311707277751,-1.0978601744851992,2.137513043898341,2.643818477898787,1.14027846359771
86.0,113.0,1230.0924072265625,-3.4012548011987,1.5759028937358457,1.7354795678153936,1.9591482936542903,0.6966680431578949,-1.373311707277751,-1.0978601744851992,2.137513043898341,2.643818477898787,1.140297785416496
86.0,113.0,1230.092529296875,-3.401595174385676,1.5749334837852798,1.7354795678153936,1.961494346285661,0.6969943523272822,-1.3732889106340609,-1.0979566582881837,2.1016860888205366,2.6485891840207523,1.1402754067547534
86.0,113.0,1230.095458984375,-3.4015865988867486,1.5749334837852798,1.7354795429400036,1.9759653337510992,0.6969836773598693,-1.373288911566586,-1.0978519506355315,2.101782407059533,2.648589184021087,1.1402768852612006
86.0,113.0,1230.099853515625,-3.401595174385676,1.5749334837852798,1.7354795678153936,1.9589765120728608,0.6969836773598693,-1.373288911616959,-1.0979566582881837,2.1016860888205366,2.648589184021517,1.1402754067547534
86.0,113.0,1230.100341796875,-3.4016423422759425,1.574874451147986,1.7354791699371317,1.9589765120728608,0.6969836773598693,-1.373288904019853,-1.0979566582881837,2.1016860888205366,2.648589184021517,1.1402754067547534
86.0,113.0,1230.104248046875,-3.373521870065898,1.574886518581677,1.7354795678153936,1.9592287767696608,0.6966680431578949,-1.373289137102146,-1.0978601744851992,2.0963611630069288,2.6486053506879195,1.14027846359771
86.0,113.0,1230.1109619140625,-3.4012560777422363,1.575879987031602,1.7345987594011618,1.955784175588012,0.6966528036947216,-1.373311159747911,-1.0979854350514031,2.098873361497278,2.6255982365120136,1.1400853341415051
86.0,113.0,1230.1153564453125,-3.4012560777422363,1.575879987031602,1.7345987594011618,1.9567649684963653,0.6969921763800728,-1.3732872798764706,-1.0978497388454742,2.098880870211669,2.6251590401621723,1.1400847590541725
86.0,113.0,1230.1156005859375,-3.401256073186718,1.5748799175150592,1.734581644331413,1.9750700718343928,0.6969713540008862,-1.3733105347782033,-1.0978515108434337,2.0989365644997053,2.648149986719492,1.1402858587465892
86.0,113.0,1230.1158447265625,-3.401254796864048,1.5748799175150592,1.7346065219266629,1.9671100379116515,0.6969836026028625,-1.3732891936105789,-1.0978515108434337,2.098880808356438,2.6485891830693338,1.140274592852125
86.0,113.0,1230.11962890625,-3.4012560777422363,1.575879987031602,1.7345987594011618,1.9557944813857928,0.6966528036947216,-1.3733111609689013,-1.0979854350514031,2.098937742594684,2.6251590401621723,1.1400847590541725
86.0,113.0,1230.11962890625,-3.4012560777422363,1.575879987031602,1.7345987594011618,1.9557944813857928,0.6966528036947216,-1.3733111609689013,-1.0979854350514031,2.098937742594684,2.6251590401621723,1.1400847590541725
86.0,113.0,1230.11962890625,-3.401256073186718,1.5748799175150592,1.7345954340536958,1.961399313946787,0.6966527852904758,-1.3733109631113265,-1.0978515108434337,2.0989365644997053,2.648149986719492,1.140285051469316
86.0,113.0,1230.1201171875,-3.401256078063497,1.575880119707614,1.7345987582842768,1.9557944813857928,0.696652811017627,-1.3733111583176492,-1.0979863852898994,2.098937742594684,2.6251725516260174,1.140275472793208
86.0,113.0,1230.1202392578125,-3.401256077231239,1.575987650863153,1.734598755440287,1.961389008149005,0.6966647951569015,-1.3733111668050595,-1.0978515108434337,2.0988713248253403,2.625864199152148,1.140086063721656
86.0,113.0,1230.120361328125,-3.4012560777422363,1.575880119707614,1.7345987594011618,1.9557944813857928,0.6966528036947216,-1.3733111583176492,-1.0979863852898994,2.098937742594684,2.6251590401621723,1.140275472793208
86.0,113.0,1230.120849609375,-3.4012560777422363,1.575879987031602,1.7354205660461537,1.9564031927843104,0.6969922513495193,-1.3732889995509323,-1.0978514971024396,2.098880870211669,2.6251590401621723,1.1400836255044955
86.0,113.0,1230.1209716796875,-3.4012560777422363,1.575879987031602,1.73542205071815,1.9564576384061083,0.6969921763800728,-1.3732889995509323,-1.0978509249360948,2.098880870211669,2.6251590401621723,1.1400836255044955
86.0,113.0,1230.1209716796875,-3.4012560777422363,1.575879987031602,1.7354223401578095,1.9564576384061083,0.6969921763800728,-1.373288888155177,-1.0978509249360948,2.098880870211669,2.6251590401621723,1.1400836255044955
86.0,113.0,1230.1209716796875,-3.401256148559052,1.575880119707614,1.7345987594011618,1.9559213023031057,0.6966145078163095,-1.3733111583176492,-1.097983834912514,2.098937742594684,2.6251590401621723,1.140275472793208
86.0,113.0,1230.12255859375,-3.4012560777422363,1.5758379020027655,1.73542205071815,1.9564576384061083,0.6969912665434018,-1.3733099517284857,-1.097851547589522,2.098940157157436,2.6251590401621723,1.1400812501045412
86.0,113.0,1230.123779296875,-3.4012548011987,1.574837545792208,1.735501515249923,1.961580328263472,0.696994345190959,-1.3732891350917276,-1.0978509261521578,2.098880808356438,2.6485891839648152,1.140304710208443
86.0,113.0,1230.1240234375,-3.4012548011987,1.574837545792208,1.7355000305779265,1.9615258826416733,0.6969944201604055,-1.3732891350917276,-1.0978514983185026,2.098880808356438,2.6485891839648152,1.140304710208443
86.0,113.0,1230.1240234375,-3.4012560777422363,1.575879987031602,1.7354223401578095,1.9564576384061083,0.6966701016346496,-1.373289756350934,-1.0978509249360948,2.098873248795237,2.6251590401621723,1.1400855891040511
86.0,113.0,1230.1241455078125,-3.4012547910792508,1.5749334822600929,1.7354795678153936,1.9617971748824528,0.6969835986106132,-1.373288911616959,-1.0978515104981312,2.098880808356438,2.648589184242189,1.140274592852125
86.0,113.0,1230.1243896484375,-3.4012089589917656,1.5749389501523527,1.7354795566824357,1.9612858684358725,0.6969836773598693,-1.3732890913824642,-1.097999881904722,2.098880808356438,2.6485891830693338,1.140276509201165
86.0,113.0,1230.1248779296875,-3.401256126882032,1.5748799175150592,1.7354791588041736,1.9612858684358725,0.6969836773598693,-1.373289083785358,-1.097999881904722,2.098880808356438,2.6485891830693338,1.140276509201165
86.0,113.0,1230.1248779296875,-3.401256126882032,1.5748799175150592,1.7354791360859214,1.961286410897488,0.6969836773598693,-1.373289083785358,-1.0980026489181554,2.098880808356438,2.648589183062401,1.1402746270212731
86.0,113.0,1230.1248779296875,-3.401256126882032,1.5748799175150592,1.7354791221119774,1.961285826252008,0.6969836773598693,-1.373289083785358,-1.0980026489181554,2.098880808356438,2.648589183062401,1.1402756264329397
86.0,113.0,1230.1248779296875,-3.401256126882032,1.5748799175150592,1.7354791360859214,1.961286410897488,0.6969836773598693,-1.373289083785358,-1.0980026489181554,2.098880808356438,2.648589183062401,1.1402746270212731
86.0,113.0,1230.125,-3.401256088381828,1.574877836468174,1.7346089930418598,1.9759076857904936,0.6969836773598693,-1.3732891956244124,-1.0978515108434337,2.09888045012653,2.648589183979087,1.1402745397236218
86.0,113.0,1230.1251220703125,-3.401254841784416,1.5748799175150592,1.7354808635148211,1.9612858684358725,0.6969836773598693,-1.373289083785358,-1.0978515108434337,2.098880808356438,2.6485891830693338,1.1402756126858575
86.0,113.0,1230.1251220703125,-3.401254841784416,1.5748799175150592,1.7354808635148211,1.9612858684358725,0.6969836773598693,-1.3732889091714675,-1.0978515108434337,2.098880747994677,2.6485891830693338,1.1402756126858575
86.0,113.0,1230.1251220703125,-3.401254841784416,1.5748799175150592,1.7354808635148211,1.9612858684358725,0.6969836773598693,-1.373289083785358,-1.0978515108434337,2.098880808356438,2.6485891830693338,1.1402756126858575
86.0,113.0,1230.1253662109375,-3.4012549109890124,1.5749334822600929,1.7354795678153936,1.9613115873306788,0.6969836773598693,-1.373288911616959,-1.0978514686040728,2.098880808356438,2.648589184242189,1.140274592852125
86.0,113.0,1230.1253662109375,-3.4012549109890124,1.5749334822600929,1.7354795678153936,1.9613115873306788,0.6969836773598693,-1.373288911616959,-1.0978514686040728,2.098880808356438,2.648589184242189,1.140274592852125
86.0,113.0,1230.1253662109375,-3.4012548005531222,1.5748799175150592,1.7345954532466203,1.961389008149005,0.6969842771728844,-1.373289135159817,-1.0978497243486336,2.098880109986984,2.648589183069444,1.1402714292979703
86.0,113.0,1230.12548828125,-3.401254798177027,1.5749339623609446,1.7354795678153936,1.9613115873306788,0.6969842838139839,-1.3732889088587044,-1.0978514686040728,2.098880784007347,2.648589184242189,1.1402690525239014
86.0,113.0,1230.125732421875,-3.401254716972172,1.5748799175150592,1.7354783279365111,1.9759076857904936,0.6969836773598693,-1.3732888948038269,-1.0978515108434337,2.098880808356438,2.648589183979087,1.1402768710806854
86.0,113.0,1230.125732421875,-3.401254716972172,1.5748799175150592,1.7354780384968516,1.9759076857904936,0.6969836773598693,-1.3732890061995824,-1.0978515108434337,2.098880808356438,2.648589183979087,1.1402768710806854
86.0,114.0,1229.710693359375,-3.374373091184084,1.575880119707614,1.7345976683801083,1.961634263481829,0.696652811017627,-1.3733109041733595,-1.0979966141728532,2.098883868263802,2.625538324626486,1.140275472793208
86.0,114.0,1229.9979248046875,-3.3422377052451666,1.575879987031602,1.7345987594011618,1.9557944813857928,0.6966528036947216,-1.3733111583683484,-1.0979873035008298,2.09887319007066,2.6251590401621723,1.1400847590541725
86.0,114.0,1230.00341796875,-3.341998420717104,1.575879987031602,1.7345987594011618,1.9557944813857928,0.6966528036947216,-1.3733111583683484,-1.0979854350514031,2.098937742594684,2.6251590401621723,1.1400847590541725
86.0,114.0,1230.0128173828125,-3.3996815803253897,1.574887448771236,1.7354795678153936,1.961311102219636,0.6966680431578949,-1.3733115378763312,-1.097956706037149,2.099630709886425,2.643818477898787,1.1402724078080948
86.0,114.0,1230.0413818359375,-3.375547595583169,1.5749334723783384,1.7354800718569248,1.9616197362859475,0.6969836607340204,-1.373288911616959,-1.0978514686040728,2.098880808356438,2.648589184242189,1.140274592852125
86.0,114.0,1230.0469970703125,-3.374527226762159,1.5749334837852798,1.734656276498405,1.961618917420936,0.6969836773598693,-1.3732871919424972,-1.0978598535021378,2.098880808356438,2.648589184021517,1.14030110581732
86.0,114.0,1230.0501708984375,-3.374527226762159,1.5749339333459205,1.7355045778595828,1.961618917420936,0.6969843682900103,-1.3732870811885802,-1.0978598535021378,2.098880808356438,2.648589184021517,1.14030110581732
86.0,114.0,1230.061279296875,-3.3733872112371124,1.5748799175150592,1.7354785228696457,1.9616166986060144,0.6969836773598693,-1.3732889091714675,-1.0978515108434337,2.098880747994677,2.6485891830693338,1.1402756126858575
86.0,114.0,1230.0621337890625,-3.3729540058888485,1.5749334837852798,1.734656276498405,1.961618917420936,0.6969836773598693,-1.3732871919424972,-1.0979554721975628,2.098880808356438,2.648589184021517,1.1402757264018015
86.0,114.0,1230.0650634765625,-3.3996815803253897,1.5759028937358457,1.7354795678153936,1.9591482936542903,0.6966680431578949,-1.373311707277751,-1.0979557931806243,2.137513043898341,2.643818477898787,1.1402724060009777
86.0,114.0,1230.065185546875,-3.3729540058888485,1.5749334837852798,1.7354795678153936,1.9613115873306788,0.6969836773598693,-1.373288911616959,-1.0979566582881837,2.098880808356438,2.648589184021517,1.140274592852125
86.0,114.0,1230.065185546875,-3.3729540058888485,1.5749334837852798,1.7354795678153936,1.9613115873306788,0.6969836773598693,-1.373288911616959,-1.0979566582881837,2.098880808356438,2.648589184021517,1.140274592852125
86.0,114.0,1230.065185546875,-3.3729540058888485,1.5749334837852798,1.7354795678153936,1.9613115873306788,0.6969836773598693,-1.373288911616959,-1.0979566582881837,2.098880808356438,2.648589184021517,1.140274592852125
86.0,114.0,1230.0770263671875,-3.4012838153405505,1.5758799998500113,1.7354886387967643,1.9591482936542903,0.6966680431578949,-1.373311719039866,-1.0979557931806243,2.0972375241790657,2.643818477898787,1.1402723418362266
86.0,114.0,1230.07861328125,-3.401382074581392,1.5758937660891743,1.7345994896201875,1.9567649684963653,0.6969921763800728,-1.3732872798764706,-1.0978497388454742,2.098880811239873,2.6272686281712234,1.1400847590541725
86.0,114.0,1230.085693359375,-3.3729540058888485,1.5759024738082354,1.734656276498405,1.955976500831798,0.6969824554232368,-1.3732889636156158,-1.0979554721975628,2.098880805975777,2.648892623632717,1.1402806338539684
86.0,114.0,1230.08837890625,-3.401255030188515,1.574884429784811,1.7354795678153936,1.9592287767696608,0.6966680431578949,-1.373311707277751,-1.0978601744851992,2.137513043898341,2.643818477898787,1.14027846359771
86.0,114.0,1230.0924072265625,-3.4012548011987,1.5759028937358457,1.7354795678153936,1.9591482936542903,0.6966680431578949,-1.373311707277751,-1.0978601744851992,2.137513043898341,2.643818477898787,1.140297785416496
86.0,114.0,1230.092529296875,-3.401595174385676,1.5749334837852798,1.7354795678153936,1.961494346285661,0.6969943523272822,-1.3732889106340609,-1.0979566582881837,2.1016860888205366,2.6485891840207523,1.1402754067547534
86.0,114.0,1230.095458984375,-3.4015865988867486,1.5749334837852798,1.7354795429400036,1.9759653337510992,0.6969836773598693,-1.373288911566586,-1.0978519506355315,2.101782407059533,2.648589184021087,1.1402768852612006
86.0,114.0,1230.095458984375,-3.4015865988867486,1.5749334837852798,1.7354795429400036,1.9759653337510992,0.6969836773598693,-1.373288911566586,-1.0978519506355315,2.101782407059533,2.648589184021087,1.1402768852612006
86.0,114.0,1230.099853515625,-3.401595174385676,1.5749334837852798,1.7354795678153936,1.9589765120728608,0.6969836773598693,-1.373288911616959,-1.0979566582881837,2.1016860888205366,2.648589184021517,1.1402754067547534
86.0,114.0,1230.100341796875,-3.4016423422759425,1.574874451147986,1.7354791699371317,1.9589765120728608,0.6969836773598693,-1.373288904019853,-1.0979566582881837,2.1016860888205366,2.648589184021517,1.1402754067547534
86.0,114.0,1230.104248046875,-3.373521870065898,1.574886518581677,1.7354795678153936,1.9592287767696608,0.6966680431578949,-1.373289137102146,-1.0978601744851992,2.0963611630069288,2.6486053506879195,1.14027846359771
86.0,114.0,1230.109619140625,-3.401257493998806,1.5749334837852798,1.7354795678153936,1.961194344173504,0.6969823424245909,-1.3732889106340609,-1.097957980617154,2.101745090964843,2.649623061319506,1.1402754067547534
86.0,114.0,1230.1109619140625,-3.4012560777422363,1.575879987031602,1.7345987594011618,1.955784175588012,0.6966528036947216,-1.373311159747911,-1.0979854350514031,2.098873361497278,2.6255982365120136,1.1400853341415051
86.0,114.0,1230.1153564453125,-3.4012560777422363,1.575879987031602,1.7345987594011618,1.9567649684963653,0.6969921763800728,-1.3732872798764706,-1.0978497388454742,2.098880870211669,2.6251590401621723,1.1400847590541725
86.0,114.0,1230.1156005859375,-3.401256073186718,1.5748799175150592,1.734581644331413,1.9750700718343928,0.6969713540008862,-1.3733105347782033,-1.0978515108434337,2.0989365644997053,2.648149986719492,1.1402858587465892
86.0,114.0,1230.1158447265625,-3.401254796864048,1.5748799175150592,1.7346065219266629,1.9671100379116515,0.6969836026028625,-1.3732891936105789,-1.0978515108434337,2.098880808356438,2.6485891830693338,1.140274592852125
86.0,114.0,1230.11767578125,-3.4012560777422363,1.575879987031602,1.7345987594011618,1.9567649684963653,0.6966556033398246,-1.3732867407613154,-1.0978515632399424,2.0988810266881286,2.6251885354123567,1.1400847590541725
86.0,114.0,1230.11767578125,-3.401256077231239,1.575987650863153,1.734598755440287,1.961389008149005,0.6970013681971499,-1.373311705920215,-1.0978496864489655,2.0988711683488805,2.6258347039019627,1.140086063721656
86.0,114.0,1230.1195068359375,-3.401015516670637,1.574837545792208,1.7355000305779265,1.9615258826416733,0.6969944201604055,-1.3732891350917276,-1.097849629869076,2.098945360880462,2.6485891839648152,1.140304710208443
86.0,114.0,1230.11962890625,-3.4012560777422363,1.575879987031602,1.7345987594011618,1.9557944813857928,0.6966528036947216,-1.3733111609689013,-1.0979854350514031,2.098937742594684,2.6251590401621723,1.1400847590541725
86.0,114.0,1230.11962890625,-3.4012560777422363,1.575879987031602,1.7345987594011618,1.9557944813857928,0.6966528036947216,-1.3733111609689013,-1.0979854350514031,2.098937742594684,2.6251590401621723,1.1400847590541725
86.0,114.0,1230.11962890625,-3.401256073186718,1.5748799175150592,1.7345954340536958,1.961399313946787,0.6966527852904758,-1.3733109631113265,-1.0978515108434337,2.0989365644997053,2.648149986719492,1.140285051469316
86.0,114.0,1230.1201171875,-3.401256078063497,1.575880119707614,1.7345987582842768,1.9557944813857928,0.696652811017627,-1.3733111583176492,-1.0979863852898994,2.098937742594684,2.6251725516260174,1.140275472793208
86.0,114.0,1230.1202392578125,-3.401256077231239,1.575987650863153,1.734598755440287,1.961389008149005,0.6966647951569015,-1.3733111668050595,-1.0978515108434337,2.0988713248253403,2.625864199152148,1.140086063721656
86.0,114.0,1230.120361328125,-3.4012560777422363,1.575880119707614,1.7345987594011618,1.9557944813857928,0.6966528036947216,-1.3733111583176492,-1.0979863852898994,2.098937742594684,2.6251590401621723,1.140275472793208
86.0,114.0,1230.120849609375,-3.4012560777422363,1.575879987031602,1.7354205660461537,1.9564031927843104,0.6969922513495193,-1.3732889995509323,-1.0978514971024396,2.098880870211669,2.6251590401621723,1.1400836255044955
86.0,114.0,1230.1209716796875,-3.4012560777422363,1.575879987031602,1.73542205071815,1.9564576384061083,0.6969921763800728,-1.3732889995509323,-1.0978509249360948,2.098880870211669,2.6251590401621723,1.1400836255044955
86.0,114.0,1230.1209716796875,-3.4012560777422363,1.575879987031602,1.7354223401578095,1.9564576384061083,0.6969921763800728,-1.373288888155177,-1.0978509249360948,2.098880870211669,2.6251590401621723,1.1400836255044955
86.0,114.0,1230.1209716796875,-3.401256148559052,1.575880119707614,1.7345987594011618,1.9559213023031057,0.6966145078163095,-1.3733111583176492,-1.097983834912514,2.098937742594684,2.6251590401621723,1.140275472793208
86.0,114.0,1230.12255859375,-3.4012560777422363,1.5758379020027655,1.73542205071815,1.9564576384061083,0.6969912665434018,-1.3733099517284857,-1.097851547589522,2.098940157157436,2.6251590401621723,1.1400812501045412
86.0,114.0,1230.123779296875,-3.4012548011987,1.574837545792208,1.735501515249923,1.961580328263472,0.696994345190959,-1.3732891350917276,-1.0978509261521578,2.098880808356438,2.6485891839648152,1.140304710208443
86.0,114.0,1230.123779296875,-3.4012560777422363,1.574900729135912,1.7354205660461537,1.9564031927843104,0.6969840036901019,-1.3732890835630118,-1.0978514971024396,2.0988808067560365,2.62528589402244,1.1400801709842605
86.0,114.0,1230.1240234375,-3.4012548011987,1.574837545792208,1.7355000305779265,1.9615258826416733,0.6969944201604055,-1.3732891350917276,-1.0978514983185026,2.098880808356438,2.6485891839648152,1.140304710208443
86.0,114.0,1230.1240234375,-3.4012560777422363,1.575879987031602,1.7354223401578095,1.9564576384061083,0.6966701016346496,-1.373289756350934,-1.0978509249360948,2.098873248795237,2.6251590401621723,1.1400855891040511
86.0,114.0,1230.1241455078125,-3.4012547910792508,1.5749334822600929,1.7354795678153936,1.9617971748824528,0.6969835986106132,-1.373288911616959,-1.0978515104981312,2.098880808356438,2.648589184242189,1.140274592852125
86.0,114.0,1230.1243896484375,-3.4012089589917656,1.5749389501523527,1.7354795566824357,1.9612858684358725,0.6969836773598693,-1.3732890913824642,-1.097999881904722,2.098880808356438,2.6485891830693338,1.140276509201165
86.0,114.0,1230.12451171875,-3.4012089589917656,1.5749336732267532,1.735479568525644,1.9612858684358725,0.6969836773598693,-1.3732888967900945,-1.097956926482978,2.098880808356438,2.6485891830693338,1.140276509201165
86.0,115.0,1229.6668701171875,-3.3761647024386265,1.5749334837852798,1.7345984172574478,1.955797838469702,0.6969836773598693,-1.3732871919424972,-1.0979854943311862,2.098880808356438,2.627148744567483,1.1400859424629275
86.0,115.0,1229.69775390625,-3.3729540058888485,1.5749334837852798,1.734598909800166,1.9616343005642427,0.6969414960135797,-1.3733102675056157,-1.0979563752662065,2.098880803435988,2.626712170394211,1.1402754667757442
86.0,115.0,1229.710693359375,-3.374373091184084,1.575880119707614,1.7345976683801083,1.961634263481829,0.696652811017627,-1.3733109041733595,-1.0979966141728532,2.098883868263802,2.625538324626486,1.140275472793208
86.0,115.0,1229.9979248046875,-3.3422377052451666,1.575879987031602,1.7345987594011618,1.9557944813857928,0.6966528036947216,-1.3733111583683484,-1.0979873035008298,2.09887319007066,2.6251590401621723,1.1400847590541725
86.0,115.0,1230.00341796875,-3.341998420717104,1.575879987031602,1.7345987594011618,1.9557944813857928,0.6966528036947216,-1.3733111583683484,-1.0979854350514031,2.098937742594684,2.6251590401621723,1.1400847590541725
86.0,115.0,1230.00830078125,-3.3996815803253897,1.5749336382795267,1.7354795678153936,1.961311102219636,0.6969723156410035,-1.3732892506340044,-1.097956706037149,2.099630709886425,2.643818477898787,1.1402745258801297
86.0,115.0,1230.0128173828125,-3.3996815803253897,1.574887448771236,1.7354795678153936,1.961311102219636,0.6966680431578949,-1.3733115378763312,-1.097956706037149,2.099630709886425,2.643818477898787,1.1402724078080948
86.0,115.0,1230.0413818359375,-3.375547595583169,1.5749334723783384,1.7354800718569248,1.9616197362859475,0.6969836607340204,-1.373288911616959,-1.0978514686040728,2.098880808356438,2.648589184242189,1.140274592852125
86.0,115.0,1230.0469970703125,-3.374527226762159,1.5749334837852798,1.734656276498405,1.961618917420936,0.6969836773598693,-1.3732871919424972,-1.0978598535021378,2.098880808356438,2.648589184021517,1.14030110581732
86.0,115.0,1230.0501708984375,-3.374527226762159,1.5749339333459205,1.7355045778595828,1.961618917420936,0.6969843682900103,-1.3732870811885802,-1.0978598535021378,2.098880808356438,2.648589184021517,1.14030110581732
86.0,115.0,1230.061279296875,-3.3733872112371124,1.5748799175150592,1.7354785228696457,1.9616166986060144,0.6969836773598693,-1.3732889091714675,-1.0978515108434337,2.098880747994677,2.6485891830693338,1.1402756126858575
86.0,115.0,1230.0621337890625,-3.3729540058888485,1.5749334837852798,1.734656276498405,1.961618917420936,0.6969836773598693,-1.3732871919424972,-1.0979554721975628,2.098880808356438,2.648589184021517,1.1402757264018015
86.0,115.0,1230.0650634765625,-3.3996815803253897,1.5759028937358457,1.7354795678153936,1.9591482936542903,0.6966680431578949,-1.373311707277751,-1.0979557931806243,2.137513043898341,2.643818477898787,1.1402724060009777
86.0,115.0,1230.065185546875,-3.3729540058888485,1.5749334837852798,1.7354795678153936,1.9613115873306788,0.6969836773598693,-1.373288911616959,-1.0979566582881837,2.098880808356438,2.648589184021517,1.140274592852125
86.0,115.0,1230.065185546875,-3.3729540058888485,1.5749334837852798,1.7354795678153936,1.9613115873306788,0.6969836773598693,-1.373288911616959,-1.0979566582881837,2.098880808356438,2.648589184021517,1.140274592852125
86.0,115.0,1230.065185546875,-3.3729540058888485,1.5749334837852798,1.7354795678153936,1.9613115873306788,0.6969836773598693,-1.373288911616959,-1.0979566582881837,2.098880808356438,2.648589184021517,1.140274592852125
86.0,115.0,1230.065185546875,-3.3729540058888485,1.5749335147111705,1.7354876236421024,1.9613972283045968,0.6969836773598693,-1.373288989295803,-1.0979566582881837,2.098880808356438,2.648587729496084,1.140274592852125
86.0,115.0,1230.0654296875,-3.3729540058888485,1.5749534008151935,1.7354795678153936,1.9613342672329108,0.6969836773598693,-1.373288911616959,-1.0979534704933218,2.098880808356438,2.648589184021517,1.140274592852125
86.0,115.0,1230.068115234375,-3.3727468161914698,1.5748798717686427,1.7354791656961444,1.9616166986060144,0.6969836773598693,-1.373288904006346,-1.0978515108434337,2.098880747994677,2.6485891840317275,1.1402756079766507
86.0,115.0,1230.0712890625,-3.3729540058888485,1.574887294276989,1.7354795678153936,1.9613115873306788,0.6966794048767608,-1.373311198859286,-1.0979566582881837,2.098880808356438,2.648589184021517,1.14027247478009
86.0,115.0,1230.0770263671875,-3.4012838153405505,1.5758799998500113,1.7354886387967643,1.9591482936542903,0.6966680431578949,-1.373311719039866,-1.0979557931806243,2.0972375241790657,2.643818477898787,1.1402723418362266
86.0,115.0,1230.07861328125,-3.401382074581392,1.5758937660891743,1.7345994896201875,1.9567649684963653,0.6969921763800728,-1.3732872798764706,-1.0978497388454742,2.098880811239873,2.6272686281712234,1.1400847590541725
86.0,115.0,1230.078857421875,-3.4012838153405505,1.575880000246599,1.735488968697826,1.958910821780795,0.6966680431578949,-1.3733111497632533,-1.097955830952375,2.0972375241790657,2.6439096283244345,1.1402723418362266
86.0,115.0,1230.0792236328125,-3.4012560456936383,1.574884429784811,1.7354786367589652,1.9592287767696608,0.6966680431578949,-1.373311707277751,-1.0978517601052098,2.1368642142889143,2.643818477898787,1.14027846359771
86.0,115.0,1230.085693359375,-3.3729540058888485,1.5759024738082354,1.734656276498405,1.955976500831798,0.6969824554232368,-1.3732889636156158,-1.0979554721975628,2.098880805975777,2.648892623632717,1.1402806338539684
86.0,115.0,1230.08837890625,-3.401255030188515,1.574884429784811,1.7354795678153936,1.9592287767696608,0.6966680431578949,-1.373311707277751,-1.0978601744851992,2.137513043898341,2.643818477898787,1.14027846359771
86.0,115.0,1230.0924072265625,-3.4012548011987,1.5759028937358457,1.7354795678153936,1.9591482936542903,0.6966680431578949,-1.373311707277751,-1.0978601744851992,2.137513043898341,2.643818477898787,1.140297785416496
86.0,115.0,1230.092529296875,-3.401595174385676,1.5749334837852798,1.7354795678153936,1.961494346285661,0.6969943523272822,-1.3732889106340609,-1.0979566582881837,2.1016860888205366,2.6485891840207523,1.1402754067547534
86.0,115.0,1230.092529296875,-3.401595174385676,1.5749334837852798,1.7354795678153936,1.961494346285661,0.696994345002652,-1.3732889106340609,-1.0979520148368718,2.1016860888205366,2.6485891840207523,1.140272501964399
86.0,115.0,1230.092529296875,-3.401595174385676,1.5749334837852798,1.7354795692959524,1.961494346285661,0.6969943523272822,-1.3732889106340609,-1.0979566582881837,2.1016860888205366,2.648589184021516,1.1402754067547534
86.0,115.0,1230.095458984375,-3.4015865988867486,1.5749334837852798,1.7354795429400036,1.9759653337510992,0.6969836773598693,-1.373288911566586,-1.0978519506355315,2.101782407059533,2.648589184021087,1.1402768852612006
86.0,115.0,1230.095458984375,-3.4015865988867486,1.5749334837852798,1.7354795429400036,1.9759653337510992,0.6969836773598693,-1.373288911566586,-1.0978519506355315,2.101782407059533,2.648589184021087,1.1402768852612006
86.0,115.0,1230.099853515625,-3.401595174385676,1.5749334837852798,1.7354795678153936,1.9589765120728608,0.6969836773598693,-1.373288911616959,-1.0979566582881837,2.1016860888205366,2.648589184021517,1.1402754067547534
86.0,115.0,1230.100341796875,-3.4016423422759425,1.574874451147986,1.7354791699371317,1.9589765120728608,0.6969836773598693,-1.373288904019853,-1.0979566582881837,2.1016860888205366,2.648589184021517,1.1402754067547534
86.0,115.0,1230.100341796875,-3.4016423422759425,1.574874451147986,1.735479168456573,1.9589765120728608,0.6969836773598693,-1.373288904019853,-1.0979566582881837,2.1016860888205366,2.648589184020753,1.1402754067547534
86.0,115.0,1230.104248046875,-3.373521870065898,1.574886518581677,1.7354795678153936,1.9592287767696608,0.6966680431578949,-1.373289137102146,-1.0978601744851992,2.0963611630069288,2.6486053506879195,1.14027846359771
86.0,115.0,1230.109619140625,-3.401257493998806,1.5749334837852798,1.7354795678153936,1.961194344173504,0.6969823424245909,-1.3732889106340609,-1.097957980617154,2.101745090964843,2.649623061319506,1.1402754067547534
86.0,115.0,1230.1109619140625,-3.4012560777422363,1.575879987031602,1.7345987594011618,1.955784175588012,0.6966528036947216,-1.373311159747911,-1.0979854350514031,2.098873361497278,2.6255982365120136,1.1400853341415051
86.0,115.0,1230.1153564453125,-3.4012560777422363,1.575879987031602,1.7345987594011618,1.9567649684963653,0.6969921763800728,-1.3732872798764706,-1.0978497388454742,2.098880870211669,2.6251590401621723,1.1400847590541725
86.0,115.0,1230.1156005859375,-3.401256073186718,1.5748799175150592,1.734581644331413,1.9750700718343928,0.6969713540008862,-1.3733105347782033,-1.0978515108434337,2.0989365644997053,2.648149986719492,1.1402858587465892
86.0,115.0,1230.1158447265625,-3.401254796864048,1.5748799175150592,1.7346065219266629,1.9671100379116515,0.6969836026028625,-1.3732891936105789,-1.0978515108434337,2.098880808356438,2.6485891830693338,1.140274592852125
86.0,115.0,1230.11767578125,-3.4012560777422363,1.575879987031602,1.7345987594011618,1.9567649684963653,0.6966556033398246,-1.3732867407613154,-1.0978515632399424,2.0988810266881286,2.6251885354123567,1.1400847590541725
86.0,115.0,1230.11767578125,-3.401256077231239,1.575987650863153,1.734598755440287,1.961389008149005,0.6970013681971499,-1.373311705920215,-1.0978496864489655,2.0988711683488805,2.6258347039019627,1.140086063721656
86.0,115.0,1230.1195068359375,-3.401015516670637,1.574837545792208,1.7355000305779265,1.9615258826416733,0.6969944201604055,-1.3732891350917276,-1.097849629869076,2.098945360880462,2.6485891839648152,1.140304710208443
86.0,115.0,1230.11962890625,-3.4012560777422363,1.575879987031602,1.7345987594011618,1.9557944813857928,0.6966528036947216,-1.3733111609689013,-1.0979854350514031,2.098937742594684,2.6251590401621723,1.1400847590541725
86.0,115.0,1230.11962890625,-3.4012560777422363,1.575879987031602,1.7345987594011618,1.9557944813857928,0.6966528036947216,-1.3733111609689013,-1.0979854350514031,2.098937742594684,2.6251590401621723,1.1400847590541725
86.0,115.0,1230.11962890625,-3.401256073186718,1.5748799175150592,1.7345954340536958,1.961399313946787,0.6966527852904758,-1.3733109631113265,-1.0978515108434337,2.0989365644997053,2.648149986719492,1.140285051469316
86.0,115.0,1230.119873046875,-3.401256073186718,1.5748798865891684,1.734587378226987,1.9613136729728688,0.6966527852904758,-1.3733108854324825,-1.0978515108434337,2.0989365644997053,2.6481514412449254,1.140285051469316
86.0,115.0,1230.1201171875,-3.401256078063497,1.575880119707614,1.7345987582842768,1.9557944813857928,0.696652811017627,-1.3733111583176492,-1.0979863852898994,2.098937742594684,2.6251725516260174,1.140275472793208
86.0,115.0,1230.1202392578125,-3.401256077231239,1.575987650863153,1.734598755440287,1.961389008149005,0.6966647951569015,-1.3733111668050595,-1.0978515108434337,2.0988713248253403,2.625864199152148,1.140086063721656
86.0,116.0,1229.6668701171875,-3.3761647024386265,1.5749334837852798,1.7345984172574478,1.955797838469702,0.6969836773598693,-1.3732871919424972,-1.0979854943311862,2.098880808356438,2.627148744567483,1.1400859424629275
86.0,116.0,1229.670166015625,-3.3665887149110443,1.5749334837852798,1.7345984172574478,1.9558230780606287,0.6969430848323563,-1.373311551135749,-1.0979854943311862,2.0978305817533296,2.627148744567483,1.1402911950060084
86.0,116.0,1229.69775390625,-3.3729540058888485,1.5749334837852798,1.734598909800166,1.9616343005642427,0.6969414960135797,-1.3733102675056157,-1.0979563752662065,2.098880803435988,2.626712170394211,1.1402754667757442
86.0,116.0,1229.6995849609375,-3.3754647774486286,1.5749334837852798,1.7345944786776644,1.961618917420936,0.6966810638786968,-1.3732871919424972,-1.0979906067342058,2.0988771987753867,2.6297086854471976,1.14030110581732
86.0,116.0,1229.710693359375,-3.374373091184084,1.575880119707614,1.7345976683801083,1.961634263481829,0.696652811017627,-1.3733109041733595,-1.0979966141728532,2.098883868263802,2.625538324626486,1.140275472793208
86.0,116.0,1229.962646484375,-3.377861596700161,1.5749300798181611,1.7345984172574478,1.9591665248790984,0.6969926159188186,-1.373286265289161,-1.0978721779355405,2.137157668667048,2.627148744567483,1.1402813556742564
86.0,116.0,1229.9979248046875,-3.3422377052451666,1.575879987031602,1.7345987594011618,1.9557944813857928,0.6966528036947216,-1.3733111583683484,-1.0979873035008298,2.09887319007066,2.6251590401621723,1.1400847590541725
86.0,116.0,1230.000244140625,-3.3729540058888485,1.546561770895511,1.7354806120288122,1.961618917420936,0.6969836773598693,-1.3732871919424972,-1.0979554721975628,2.0996302169801577,2.644160016416551,1.1402757906534826
86.0,116.0,1230.00341796875,-3.341998420717104,1.575879987031602,1.7345987594011618,1.9557944813857928,0.6966528036947216,-1.3733111583683484,-1.0979854350514031,2.098937742594684,2.6251590401621723,1.1400847590541725
86.0,116.0,1230.00732421875,-3.374527226762159,1.5749334837852798,1.734656276498405,1.961618917420936,0.696982843609786,-1.3732871919424972,-1.0979496959313415,2.101755215048494,2.648589184021517,1.14030110581732
86.0,116.0,1230.00830078125,-3.3996815803253897,1.5749336382795267,1.7354795678153936,1.961311102219636,0.6969723156410035,-1.3732892506340044,-1.097956706037149,2.099630709886425,2.643818477898787,1.1402745258801297
86.0,116.0,1230.0128173828125,-3.3996815803253897,1.574887448771236,1.7354795678153936,1.961311102219636,0.6966680431578949,-1.3733115378763312,-1.097956706037149,2.099630709886425,2.643818477898787,1.1402724078080948
86.0,116.0,1230.0128173828125,-3.3996815803253897,1.574887448771236,1.7354795678153936,1.961311102219636,0.6966680431578949,-1.3733115378763312,-1.097956706037149,2.099630709886425,2.643818477898787,1.1402724078080948
86.0,116.0,1230.015869140625,-3.400096151266044,1.5749334837852798,1.734598909800166,1.9616343005642427,0.6969717832057908,-1.3733102675056157,-1.0979563752662065,2.099625539671613,2.6439201785090343,1.140275487043267
86.0,116.0,1230.0413818359375,-3.375547595583169,1.5749334723783384,1.7354800718569248,1.9616197362859475,0.6969836607340204,-1.373288911616959,-1.0978514686040728,2.098880808356438,2.648589184242189,1.140274592852125
86.0,116.0,1230.0469970703125,-3.374527226762159,1.5749334837852798,1.734656276498405,1.961618917420936,0.6969836773598693,-1.3732871919424972,-1.0978598535021378,2.098880808356438,2.648589184021517,1.14030110581732
86.0,116.0,1230.0501708984375,-3.374527226762159,1.5749339333459205,1.7355045778595828,1.961618917420936,0.6969843682900103,-1.3732870811885802,-1.0978598535021378,2.098880808356438,2.648589184021517,1.14030110581732
86.0,116.0,1230.05029296875,-3.374530933098816,1.5749377228244292,1.7355045778595828,1.9616188209140708,0.6969843904073819,-1.3732870811885802,-1.0978598535021378,2.098880808356438,2.648589184021517,1.14030110581732
86.0,116.0,1230.061279296875,-3.3733872112371124,1.5748799175150592,1.7354785228696457,1.9616166986060144,0.6969836773598693,-1.3732889091714675,-1.0978515108434337,2.098880747994677,2.6485891830693338,1.1402756126858575
86.0,116.0,1230.061279296875,-3.3733835049004552,1.5748761280365506,1.7354785228696457,1.96161679511288,0.6969836552424976,-1.3732889091714675,-1.0978515108434337,2.098880747994677,2.6485891830693338,1.1402756126858575
86.0,116.0,1230.0621337890625,-3.3729540058888485,1.5749334837852798,1.734656276498405,1.961618917420936,0.6969836773598693,-1.3732871919424972,-1.0979554721975628,2.098880808356438,2.648589184021517,1.1402757264018015
86.0,116.0,1230.0628662109375,-3.373169188081164,1.5759773582587393,1.7354791656961444,1.961774790686632,0.6969836773598693,-1.373288904006346,-1.0978495568968654,2.098880747994677,2.6482908821492983,1.1402836559376963
86.0,116.0,1230.06494140625,-3.3996815803253897,1.5758820017524973,1.7354795678153936,1.9591482936542903,0.6966680431578949,-1.373311707277751,-1.0979557931806243,2.137513043898341,2.643818477898787,1.1402724060009777
86.0,116.0,1230.0650634765625,-3.3996815803253897,1.5759028937358457,1.7354795678153936,1.9591482936542903,0.6966680431578949,-1.373311707277751,-1.0979557931806243,2.137513043898341,2.643818477898787,1.1402724060009777
86.0,116.0,1230.065185546875,-3.3729540058888485,1.5749334837852798,1.7354795678153936,1.9613115873306788,0.6969836773598693,-1.373288911616959,-1.0979566582881837,2.098880808356438,2.648589184021517,1.140274592852125
86.0,116.0,1230.065185546875,-3.3729540058888485,1.5749334837852798,1.7354795678153936,1.9613115873306788,0.6969836773598693,-1.373288911616959,-1.0979566582881837,2.098880808356438,2.648589184021517,1.140274592852125
86.0,116.0,1230.065185546875,-3.3729540058888485,1.5749334837852798,1.7354795678153936,1.9613115873306788,0.6969836773598693,-1.373288911616959,-1.0979566582881837,2.098880808356438,2.648589184021517,1.140274592852125
86.0,116.0,1230.065185546875,-3.3729540058888485,1.5749335147111705,1.7354876236421024,1.9613972283045968,0.6969836773598693,-1.373288989295803,-1.0979566582881837,2.098880808356438,2.648587729496084,1.140274592852125
86.0,116.0,1230.065185546875,-3.3729540058888485,1.5749334837852798,1.7354795678153936,1.9613115873306788,0.6969836773598693,-1.37328898949264,-1.0979566582881837,2.098880808356438,2.648589184021517,1.140274592852125
86.0,116.0,1230.0654296875,-3.3729540058888485,1.5749534008151935,1.7354795678153936,1.9613342672329108,0.6969836773598693,-1.373288911616959,-1.0979534704933218,2.098880808356438,2.648589184021517,1.140274592852125
86.0,116.0,1230.06640625,-3.3727468161914698,1.5748798717686427,1.7354795588272525,1.9590446560180068,0.6969836773598693,-1.3732889110627076,-1.0978511351434248,2.098880747994677,2.6485891840317275,1.1402756079766507
86.0,116.0,1230.068115234375,-3.3727468161914698,1.5748798717686427,1.7354791656961444,1.9616166986060144,0.6969836773598693,-1.373288904006346,-1.0978515108434337,2.098880747994677,2.6485891840317275,1.1402756079766507
86.0,116.0,1230.0712890625,-3.3729540058888485,1.574887294276989,1.7354795678153936,1.9613115873306788,0.6966794048767608,-1.373311198859286,-1.0979566582881837,2.098880808356438,2.648589184021517,1.14027247478009
86.0,116.0,1230.07470703125,-3.40125485070364,1.574884429784811,1.7354786367589652,1.958994136964806,0.69702996985332,-1.373311707277751,-1.0978517594157806,2.1368642142889143,2.6436899750585856,1.1402784290586652
86.0,116.0,1230.0770263671875,-3.4012838153405505,1.5758799998500113,1.7354886387967643,1.9591482936542903,0.6966680431578949,-1.373311719039866,-1.0979557931806243,2.0972375241790657,2.643818477898787,1.1402723418362266
86.0,116.0,1230.07861328125,-3.401382074581392,1.5758937660891743,1.7345994896201875,1.9567649684963653,0.6969921763800728,-1.3732872798764706,-1.0978497388454742,2.098880811239873,2.6272686281712234,1.1400847590541725
86.0,116.0,1230.07861328125,-3.401382074581392,1.5758937660891743,1.7345996207860317,1.9567649684963653,0.6969921763800728,-1.3732872798764706,-1.0978497388454742,2.098880811239873,2.6272686281712234,1.1400847590541725
86.0,116.0,1230.078857421875,-3.4012838153405505,1.575880000246599,1.735488968697826,1.958910821780795,0.6966680431578949,-1.3733111497632533,-1.097955830952375,2.0972375241790657,2.6439096283244345,1.1402723418362266
86.0,116.0,1230.0792236328125,-3.4012560456936383,1.574884429784811,1.7354786367589652,1.9592287767696608,0.6966680431578949,-1.373311707277751,-1.0978517601052098,2.1368642142889143,2.643818477898787,1.14027846359771
86.0,116.0,1230.08154296875,-3.373636173721826,1.5759023960349006,1.7355019253209476,1.959150539826913,0.6970043293023789,-1.3732889636156158,-1.0979554827607243,2.098805851124085,2.648948743287964,1.1402806338539684
86.0,116.0,1230.085693359375,-3.3729540058888485,1.5759024738082354,1.734656276498405,1.955976500831798,0.6969824554232368,-1.3732889636156158,-1.0979554721975628,2.098880805975777,2.648892623632717,1.1402806338539684
86.0,116.0,1230.08837890625,-3.401255030188515,1.574884429784811,1.7354795678153936,1.9592287767696608,0.6966680431578949,-1.373311707277751,-1.0978601744851992,2.137513043898341,2.643818477898787,1.14027846359771
86.0,116.0,1230.0924072265625,-3.4012548011987,1.5759028937358457,1.7354795678153936,1.9591482936542903,0.6966680431578949,-1.373311707277751,-1.0978601744851992,2.137513043898341,2.643818477898787,1.140297785416496
86.0,116.0,1230.092529296875,-3.401595174385676,1.5749334837852798,1.7354795678153936,1.961494346285661,0.6969943523272822,-1.3732889106340609,-1.0979566582881837,2.1016860888205366,2.6485891840207523,1.1402754067547534
86.0,116.0,1230.092529296875,-3.401595174385676,1.5749334837852798,1.7354795678153936,1.961494346285661,0.696994345002652,-1.3732889106340609,-1.0979520148368718,2.1016860888205366,2.6485891840207523,1.140272501964399
86.0,116.0,1230.092529296875,-3.401595174385676,1.5749334837852798,1.7354795692959524,1.961494346285661,0.6969943523272822,-1.3732889106340609,-1.0979566582881837,2.1016860888205366,2.648589184021516,1.1402754067547534
86.0,116.0,1230.092529296875,-3.401595174385676,1.5749334837852798,1.7354791746842857,1.961548554660868,0.6969836773598693,-1.3732889045605976,-1.0979570339881928,2.1016860888205366,2.648589184021517,1.1402754067547534
86.0,116.0,1230.095458984375,-3.4015865988867486,1.5749334837852798,1.7354795429400036,1.9759653337510992,0.6969836773598693,-1.373288911566586,-1.0978519506355315,2.101782407059533,2.648589184021087,1.1402768852612006
86.0,116.0,1230.095458984375,-3.4015865988867486,1.5749334837852798,1.7354795429400036,1.9759653337510992,0.6969836773598693,-1.373288911566586,-1.0978519506355315,2.101782407059533,2.648589184021087,1.1402768852612006
86.0,116.0,1230.09912109375,-3.401595174385676,1.5758636004493367,1.7354818507973806,1.961494346285661,0.696994345002652,-1.3732871304361405,-1.0979533848898972,2.1016860888205366,2.6485891840207523,1.1400879936327857
86.0,117.0,1229.6668701171875,-3.3761647024386265,1.5749334837852798,1.7345984172574478,1.955797838469702,0.6969836773598693,-1.3732871919424972,-1.0979854943311862,2.098880808356438,2.627148744567483,1.1400859424629275
86.0,117.0,1229.670166015625,-3.3665887149110443,1.5749334837852798,1.7345984172574478,1.9558230780606287,0.6969430848323563,-1.373311551135749,-1.0979854943311862,2.0978305817533296,2.627148744567483,1.1402911950060084
86.0,117.0,1229.674560546875,-3.377861596700161,1.5748882082541815,1.7345984172574478,1.9591811612378387,0.6969926159188186,-1.373310783142166,-1.0979568460643785,2.1039031656353564,2.627148744567483,1.1402720895324168
86.0,117.0,1229.689697265625,-3.377548948014888,1.5749300798181611,1.7345989083495577,1.9591797949830168,0.6969833400149446,-1.373286265289161,-1.0978721779355405,2.099272271727649,2.627322718194708,1.1402813556742564
86.0,117.0,1229.69775390625,-3.3729540058888485,1.5749334837852798,1.734598909800166,1.9616343005642427,0.6969414960135797,-1.3733102675056157,-1.0979563752662065,2.098880803435988,2.626712170394211,1.1402754667757442
86.0,117.0,1229.6995849609375,-3.3754647774486286,1.5749334837852798,1.7345944786776644,1.961618917420936,0.6966810638786968,-1.3732871919424972,-1.0979906067342058,2.0988771987753867,2.6297086854471976,1.14030110581732
86.0,117.0,1229.710693359375,-3.374373091184084,1.575880119707614,1.7345976683801083,1.961634263481829,0.696652811017627,-1.3733109041733595,-1.0979966141728532,2.098883868263802,2.625538324626486,1.140275472793208
86.0,117.0,1229.962646484375,-3.377861596700161,1.5749300798181611,1.7345984172574478,1.9591665248790984,0.6969926159188186,-1.373286265289161,-1.0978721779355405,2.137157668667048,2.627148744567483,1.1402813556742564
86.0,117.0,1229.9979248046875,-3.3422377052451666,1.575879987031602,1.7345987594011618,1.9557944813857928,0.6966528036947216,-1.3733111583683484,-1.0979873035008298,2.09887319007066,2.6251590401621723,1.1400847590541725
86.0,117.0,1230.000244140625,-3.3729540058888485,1.546561770895511,1.7354806120288122,1.961618917420936,0.6969836773598693,-1.3732871919424972,-1.0979554721975628,2.0996302169801577,2.644160016416551,1.1402757906534826
86.0,117.0,1230.0030517578125,-3.3755037639860834,1.5749334837852798,1.7355057583147464,1.9616183276992647,0.6969949348450544,-1.3732870912269508,-1.0979566582881837,2.101685645465722,2.648589184021516,1.1402754067547534
86.0,117.0,1230.0032958984375,-3.342006175387004,1.575879987031602,1.7345987594011618,1.9557944813857928,0.6966528036947216,-1.3733111583683484,-1.09798529802005,2.098933600979597,2.6251590401621723,1.1400847590541725
86.0,117.0,1230.00341796875,-3.341998420717104,1.575879987031602,1.7345987594011618,1.9557944813857928,0.6966528036947216,-1.3733111583683484,-1.0979854350514031,2.098937742594684,2.6251590401621723,1.1400847590541725
86.0,117.0,1230.00732421875,-3.374527226762159,1.5749334837852798,1.734656276498405,1.961618917420936,0.696982843609786,-1.3732871919424972,-1.0979496959313415,2.101755215048494,2.648589184021517,1.14030110581732
86.0,117.0,1230.00830078125,-3.3996815803253897,1.5749336382795267,1.7354795678153936,1.961311102219636,0.6969723156410035,-1.3732892506340044,-1.097956706037149,2.099630709886425,2.643818477898787,1.1402745258801297
86.0,117.0,1230.0128173828125,-3.3996815803253897,1.574887448771236,1.7354795678153936,1.961311102219636,0.6966680431578949,-1.3733115378763312,-1.097956706037149,2.099630709886425,2.643818477898787,1.1402724078080948
86.0,117.0,1230.0128173828125,-3.3996815803253897,1.574887448771236,1.7354795678153936,1.961311102219636,0.6966680431578949,-1.3733115378763312,-1.097956706037149,2.099630709886425,2.643818477898787,1.1402724078080948
86.0,117.0,1230.012939453125,-3.3996815803253897,1.574887448771236,1.7354818422517166,1.9615810530182485,0.6966666058463393,-1.3733115378763312,-1.097958003373449,2.099609925497538,2.643818477898787,1.1402724078080948
86.0,117.0,1230.015869140625,-3.400096151266044,1.5749334837852798,1.734598909800166,1.9616343005642427,0.6969717832057908,-1.3733102675056157,-1.0979563752662065,2.099625539671613,2.6439201785090343,1.140275487043267
86.0,117.0,1230.025390625,-3.373631514310686,1.543996917464494,1.6631085974063424,1.9557944813857928,0.6966529366632583,-1.3733111583683484,-1.0979873035008298,2.09887319007066,2.6246296466805594,1.140092732596751
86.0,117.0,1230.038818359375,-3.4012838153405505,1.5758799998500113,1.735437912727649,1.96159402843807,0.6969647933631371,-1.373310132039657,-1.0979557931806243,2.0997311391165514,2.6439128287552687,1.1402753514137074
86.0,117.0,1230.0413818359375,-3.375547595583169,1.5749334723783384,1.7354800718569248,1.9616197362859475,0.6969836607340204,-1.373288911616959,-1.0978514686040728,2.098880808356438,2.648589184242189,1.140274592852125
86.0,117.0,1230.0413818359375,-3.375547595583169,1.5749334723783384,1.7354800718569248,1.9616197362859475,0.6969836607340204,-1.373288911616959,-1.0978514686040728,2.098880808356438,2.648589184242189,1.140274592852125
86.0,117.0,1230.0469970703125,-3.374527226762159,1.5749334837852798,1.734656276498405,1.961618917420936,0.6969836773598693,-1.3732871919424972,-1.0978598535021378,2.098880808356438,2.648589184021517,1.14030110581732
86.0,117.0,1230.0501708984375,-3.374527226762159,1.5749339333459205,1.7355045778595828,1.961618917420936,0.6969843682900103,-1.3732870811885802,-1.0978598535021378,2.098880808356438,2.648589184021517,1.14030110581732
86.0,117.0,1230.05029296875,-3.374530933098816,1.5749377228244292,1.7355045778595828,1.9616188209140708,0.6969843904073819,-1.3732870811885802,-1.0978598535021378,2.098880808356438,2.648589184021517,1.14030110581732
86.0,117.0,1230.05029296875,-3.374530933098816,1.5749377228244292,1.7355045778595828,1.9616188209140708,0.6969843904073819,-1.3732870811885802,-1.0978598535021378,2.098880808356438,2.648589184021517,1.14030110581732
86.0,117.0,1230.0538330078125,-3.400096151266044,1.5749334837852798,1.7346496358692811,1.959188565780463,0.6966750330005487,-1.3733118545058245,-1.0979563752662065,2.0971319247341267,2.643825827652553,1.140272477465786
86.0,117.0,1230.061279296875,-3.3733872112371124,1.5748799175150592,1.7354785228696457,1.9616166986060144,0.6969836773598693,-1.3732889091714675,-1.0978515108434337,2.098880747994677,2.6485891830693338,1.1402756126858575
86.0,117.0,1230.061279296875,-3.3733835049004552,1.5748761280365506,1.7354785228696457,1.96161679511288,0.6969836552424976,-1.3732889091714675,-1.0978515108434337,2.098880747994677,2.6485891830693338,1.1402756126858575
86.0,117.0,1230.061279296875,-3.3733872112371124,1.5748799175150592,1.7354785228696457,1.9616166986060144,0.6969836773598693,-1.3732889091714675,-1.0978515108434337,2.098880747994677,2.6485891830693338,1.1402756126858575
86.0,117.0,1230.0614013671875,-3.37338368450958,1.5748761280365506,1.7354785158908586,1.961786859772172,0.6969836546370515,-1.3732889091886458,-1.0978515108434337,2.098880747994677,2.6485891830693338,1.1402756126858575
86.0,117.0,1230.0621337890625,-3.3729540058888485,1.5749334837852798,1.734656276498405,1.961618917420936,0.6969836773598693,-1.3732871919424972,-1.0979554721975628,2.098880808356438,2.648589184021517,1.1402757264018015
86.0,117.0,1230.0628662109375,-3.373169188081164,1.5759773582587393,1.7354791656961444,1.961774790686632,0.6969836773598693,-1.373288904006346,-1.0978495568968654,2.098880747994677,2.6482908821492983,1.1402836559376963
86.0,117.0,1230.064453125,-3.374527226762159,1.5749334837852798,1.7346496680909826,1.9615996156333384,0.6969822207363425,-1.3732871919424972,-1.0978598535021378,2.098880808356438,2.6490551281344805,1.14030110581732
86.0,117.0,1230.06494140625,-3.3996815803253897,1.5758820017524973,1.7354795678153936,1.9591482936542903,0.6966680431578949,-1.373311707277751,-1.0979557931806243,2.137513043898341,2.643818477898787,1.1402724060009777
86.0,117.0,1230.0650634765625,-3.3996815803253897,1.5759028937358457,1.7354795678153936,1.9591482936542903,0.6966680431578949,-1.373311707277751,-1.0979557931806243,2.137513043898341,2.643818477898787,1.1402724060009777
86.0,117.0,1230.065185546875,-3.3729540058888485,1.5749334837852798,1.7354795678153936,1.9613115873306788,0.6969836773598693,-1.373288911616959,-1.0979566582881837,2.098880808356438,2.648589184021517,1.140274592852125
86.0,117.0,1230.065185546875,-3.3729540058888485,1.5749334837852798,1.7354795678153936,1.9613115873306788,0.6969836773598693,-1.373288911616959,-1.0979566582881837,2.098880808356438,2.648589184021517,1.140274592852125
86.0,117.0,1230.065185546875,-3.3729540058888485,1.5749334837852798,1.7354795678153936,1.9613115873306788,0.6969836773598693,-1.373288911616959,-1.0979566582881837,2.098880808356438,2.648589184021517,1.140274592852125
86.0,117.0,1230.065185546875,-3.3729540058888485,1.5749335147111705,1.7354876236421024,1.9613972283045968,0.6969836773598693,-1.373288989295803,-1.0979566582881837,2.098880808356438,2.648587729496084,1.140274592852125
86.0,117.0,1230.065185546875,-3.3729540058888485,1.5749334837852798,1.7354795678153936,1.9613115873306788,0.6969836773598693,-1.37328898949264,-1.0979566582881837,2.098880808356438,2.648589184021517,1.140274592852125
86.0,117.0,1230.065185546875,-3.3729540058888485,1.5749334837852798,1.7354795678153936,1.9613115873306788,0.6969836773598693,-1.373288911616959,-1.0979566582881837,2.098880808356438,2.648589184021517,1.140274592852125
86.0,117.0,1230.0654296875,-3.3729540058888485,1.5749534008151935,1.7354795678153936,1.9613342672329108,0.6969836773598693,-1.373288911616959,-1.0979534704933218,2.098880808356438,2.648589184021517,1.140274592852125
86.0,117.0,1230.06640625,-3.3727468161914698,1.5748798717686427,1.7354795588272525,1.9590446560180068,0.6969836773598693,-1.3732889110627076,-1.0978511351434248,2.098880747994677,2.6485891840317275,1.1402756079766507
86.0,117.0,1230.068115234375,-3.3727468161914698,1.5748798717686427,1.7354791656961444,1.9616166986060144,0.6969836773598693,-1.373288904006346,-1.0978515108434337,2.098880747994677,2.6485891840317275,1.1402756079766507
86.0,117.0,1230.068603515625,-3.401446079496379,1.5759015464705883,1.7354795678192316,1.961187744788958,0.6969943523272822,-1.3732889106340609,-1.0979557507819124,2.135685661783262,2.643648252236665,1.1402754067547534
86.0,117.0,1230.0711669921875,-3.3729540058888485,1.5749018768331966,1.7354817334422457,1.9613115873306788,0.696690858863673,-1.373311198859286,-1.0979566582881837,2.098880808356438,2.648589184021517,1.1402722744906468
86.0,117.0,1230.0712890625,-3.3729540058888485,1.574887294276989,1.7354795678153936,1.9613115873306788,0.6966794048767608,-1.373311198859286,-1.0979566582881837,2.098880808356438,2.648589184021517,1.14027247478009
86.0,117.0,1230.07470703125,-3.40125485070364,1.574884429784811,1.7354786367589652,1.958994136964806,0.69702996985332,-1.373311707277751,-1.0978517594157806,2.1368642142889143,2.6436899750585856,1.1402784290586652
86.0,118.0,1229.654541015625,-3.372880817523303,1.5749339250764267,1.7345984172574478,1.9591811612378387,0.6969926159188186,-1.373310783142166,-1.0979563731628592,2.1039031656353564,2.627138878883122,1.1402720895324168
86.0,118.0,1229.6636962890625,-3.376139539774606,1.5749334724750457,1.7345939230023173,1.955623376035126,0.6969836607340204,-1.373288911616959,-1.0979808259680526,2.098880808356438,2.628104994943268,1.1400843551980049
86.0,118.0,1229.6668701171875,-3.3761647024386265,1.5749334837852798,1.7345984172574478,1.955797838469702,0.6969836773598693,-1.3732871919424972,-1.0979854943311862,2.098880808356438,2.627148744567483,1.1400859424629275
86.0,118.0,1229.6689453125,-3.3761647024386265,1.5749334888932949,1.7346814301291056,1.9559690192828565,0.6969836773598693,-1.3732893729214355,-1.0979891591688262,2.0987734276484096,2.627303370315189,1.1400859424629275
86.0,118.0,1229.670166015625,-3.3665887149110443,1.5749334837852798,1.7345984172574478,1.9558230780606287,0.6969430848323563,-1.373311551135749,-1.0979854943311862,2.0978305817533296,2.627148744567483,1.1402911950060084
86.0,118.0,1229.674560546875,-3.377861596700161,1.5748882082541815,1.7345984172574478,1.9591811612378387,0.6969926159188186,-1.373310783142166,-1.0979568460643785,2.1039031656353564,2.627148744567483,1.1402720895324168
86.0,118.0,1229.67822265625,-3.375547595583169,1.5749452155587145,1.73546633762637,1.9558066879387408,0.6969836607340204,-1.373288911616959,-1.0978514686040728,2.098880808356438,2.6259240509956587,1.140274592852125
86.0,118.0,1229.689697265625,-3.377548948014888,1.5749300798181611,1.7345989083495577,1.9591797949830168,0.6969833400149446,-1.373286265289161,-1.0978721779355405,2.099272271727649,2.627322718194708,1.1402813556742564
86.0,118.0,1229.69775390625,-3.3729540058888485,1.5749334837852798,1.734598909800166,1.9616343005642427,0.6969414960135797,-1.3733102675056157,-1.0979563752662065,2.098880803435988,2.626712170394211,1.1402754667757442
86.0,118.0,1229.69775390625,-3.3729540058888485,1.5749334837852798,1.734598909800166,1.9616343005642427,0.6969414960135797,-1.3733102675056157,-1.0979563752662065,2.098880803435988,2.626712170394211,1.1402754667757442
86.0,118.0,1229.6995849609375,-3.3754647774486286,1.5749334837852798,1.7345944786776644,1.961618917420936,0.6966810638786968,-1.3732871919424972,-1.0979906067342058,2.0988771987753867,2.6297086854471976,1.14030110581732
86.0,118.0,1229.702880859375,-3.3665887149110443,1.5749334837852798,1.7345984172574478,1.961480331110835,0.6969430848323563,-1.373289002832382,-1.0979854943311862,2.0988616418503017,2.627148744567483,1.1402923924378527
86.0,118.0,1229.7080078125,-3.375545608456369,1.5749334833218576,1.7354800718569248,1.9616197362859475,0.696974781293638,-1.373288911616959,-1.0978533689235943,2.098880808356438,2.627571873518069,1.1403010664201465
86.0,118.0,1229.710693359375,-3.374373091184084,1.575880119707614,1.7345976683801083,1.961634263481829,0.696652811017627,-1.3733109041733595,-1.0979966141728532,2.098883868263802,2.625538324626486,1.140275472793208
86.0,118.0,1229.8721923828125,-3.377970563658608,1.5758799998500113,1.7346361817160934,1.95907770404672,0.6969647933631371,-1.373310132039657,-1.0979575081686417,2.0997141299821496,2.6439128287552687,1.1402753514137074
86.0,118.0,1229.962646484375,-3.377861596700161,1.5749300798181611,1.7345984172574478,1.9591665248790984,0.6969926159188186,-1.373286265289161,-1.0978721779355405,2.137157668667048,2.627148744567483,1.1402813556742564
86.0,118.0,1229.9979248046875,-3.3422377052451666,1.575879987031602,1.7345987594011618,1.9557944813857928,0.6966528036947216,-1.3733111583683484,-1.0979873035008298,2.09887319007066,2.6251590401621723,1.1400847590541725
86.0,118.0,1230.000244140625,-3.3729540058888485,1.546561770895511,1.7354806120288122,1.961618917420936,0.6969836773598693,-1.3732871919424972,-1.0979554721975628,2.0996302169801577,2.644160016416551,1.1402757906534826
86.0,118.0,1230.0030517578125,-3.3755037639860834,1.5749334837852798,1.7355057583147464,1.9616183276992647,0.6969949348450544,-1.3732870912269508,-1.0979566582881837,2.101685645465722,2.648589184021516,1.1402754067547534
86.0,118.0,1230.0032958984375,-3.342006175387004,1.575879987031602,1.7345987594011618,1.9557944813857928,0.6966528036947216,-1.3733111583683484,-1.09798529802005,2.098933600979597,2.6251590401621723,1.1400847590541725
86.0,118.0,1230.00341796875,-3.341998420717104,1.575879987031602,1.7345987594011618,1.9557944813857928,0.6966528036947216,-1.3733111583683484,-1.0979854350514031,2.098937742594684,2.6251590401621723,1.1400847590541725
86.0,118.0,1230.0050048828125,-3.3996815803253897,1.574933633171512,1.7353965549437358,1.961139921406481,0.6969723156410035,-1.3732870696550663,-1.0979530411995089,2.099738090594454,2.643663852151081,1.1402745258801297
86.0,118.0,1230.00732421875,-3.374527226762159,1.5749334837852798,1.734656276498405,1.961618917420936,0.696982843609786,-1.3732871919424972,-1.0979496959313415,2.101755215048494,2.648589184021517,1.14030110581732
86.0,118.0,1230.00830078125,-3.3996815803253897,1.5749336382795267,1.7354795678153936,1.961311102219636,0.6969723156410035,-1.3732892506340044,-1.097956706037149,2.099630709886425,2.643818477898787,1.1402745258801297
86.0,118.0,1230.0128173828125,-3.3996815803253897,1.574887448771236,1.7354795678153936,1.961311102219636,0.6966680431578949,-1.3733115378763312,-1.097956706037149,2.099630709886425,2.643818477898787,1.1402724078080948
86.0,118.0,1230.0128173828125,-3.3996815803253897,1.574887448771236,1.7354795678153936,1.961311102219636,0.6966680431578949,-1.3733115378763312,-1.097956706037149,2.099630709886425,2.643818477898787,1.1402724078080948
86.0,118.0,1230.012939453125,-3.3996815803253897,1.574887448771236,1.7354818422517166,1.9615810530182485,0.6966666058463393,-1.3733115378763312,-1.097958003373449,2.099609925497538,2.643818477898787,1.1402724078080948
86.0,118.0,1230.015869140625,-3.400096151266044,1.5749334837852798,1.734598909800166,1.9616343005642427,0.6969717832057908,-1.3733102675056157,-1.0979563752662065,2.099625539671613,2.6439201785090343,1.140275487043267
86.0,118.0,1230.025390625,-3.373631514310686,1.543996917464494,1.6631085974063424,1.9557944813857928,0.6966529366632583,-1.3733111583683484,-1.0979873035008298,2.09887319007066,2.6246296466805594,1.140092732596751
86.0,118.0,1230.0301513671875,-3.373572239054852,1.540844966367761,1.7354795678153936,1.9560836392890308,0.6966679644806612,-1.373311707277751,-1.0979566575877184,2.1379453488593367,2.643002602535531,1.1402724060009777
86.0,118.0,1230.03857421875,-3.3753704551521584,1.5749334837852798,1.734656276498405,1.9616183326916847,0.6969835588456198,-1.3732871909141828,-1.0979554721975628,2.0989215398586327,2.648589184021517,1.1402757264018015
86.0,118.0,1230.038818359375,-3.4012838153405505,1.5758799998500113,1.735437912727649,1.96159402843807,0.6969647933631371,-1.373310132039657,-1.0979557931806243,2.0997311391165514,2.6439128287552687,1.1402753514137074
86.0,118.0,1230.0413818359375,-3.375547595583169,1.5749334723783384,1.7354800718569248,1.9616197362859475,0.6969836607340204,-1.373288911616959,-1.0978514686040728,2.098880808356438,2.648589184242189,1.140274592852125
86.0,118.0,1230.0413818359375,-3.375547595583169,1.5749334723783384,1.7354800718569248,1.9616197362859475,0.6969836607340204,-1.373288911616959,-1.0978514686040728,2.098880808356438,2.648589184242189,1.140274592852125
86.0,118.0,1230.046875,-3.399680415150406,1.5749334837852798,1.7346496358692811,1.959188565780463,0.6966750330005487,-1.3733118545058245,-1.097956341071559,2.0971319247341267,2.643825827652553,1.1402724077224415
86.0,118.0,1230.0469970703125,-3.374527226762159,1.5749334837852798,1.734656276498405,1.961618917420936,0.6969836773598693,-1.3732871919424972,-1.0978598535021378,2.098880808356438,2.648589184021517,1.14030110581732
86.0,118.0,1230.048095703125,-3.399730011592136,1.574886154828654,1.7345757879272754,1.9592076306990125,0.6966452822601787,-1.373309379003119,-1.0978721779355405,2.099272271727649,2.627322718194708,1.1402813556742564
86.0,118.0,1230.0501708984375,-3.374527226762159,1.5749339333459205,1.7355045778595828,1.961618917420936,0.6969843682900103,-1.3732870811885802,-1.0978598535021378,2.098880808356438,2.648589184021517,1.14030110581732
86.0,118.0,1230.05029296875,-3.374530933098816,1.5749377228244292,1.7355045778595828,1.9616188209140708,0.6969843904073819,-1.3732870811885802,-1.0978598535021378,2.098880808356438,2.648589184021517,1.14030110581732
86.0,118.0,1230.05029296875,-3.374530933098816,1.5749377228244292,1.7355045778595828,1.9616188209140708,0.6969843904073819,-1.3732870811885802,-1.0978598535021378,2.098880808356438,2.648589184021517,1.14030110581732
86.0,118.0,1230.0538330078125,-3.400096151266044,1.5749334837852798,1.7346496358692811,1.959188565780463,0.6966750330005487,-1.3733118545058245,-1.0979563752662065,2.0971319247341267,2.643825827652553,1.140272477465786
86.0,118.0,1230.061279296875,-3.3733872112371124,1.5748799175150592,1.7354785228696457,1.9616166986060144,0.6969836773598693,-1.3732889091714675,-1.0978515108434337,2.098880747994677,2.6485891830693338,1.1402756126858575
86.0,118.0,1230.061279296875,-3.3733835049004552,1.5748761280365506,1.7354785228696457,1.96161679511288,0.6969836552424976,-1.3732889091714675,-1.0978515108434337,2.098880747994677,2.6485891830693338,1.1402756126858575
86.0,118.0,1230.061279296875,-3.3733872112371124,1.5748799175150592,1.7354785228696457,1.9616166986060144,0.6969836773598693,-1.3732889091714675,-1.0978515108434337,2.098880747994677,2.6485891830693338,1.1402756126858575
86.0,118.0,1230.0614013671875,-3.37338368450958,1.5748761280365506,1.7354785158908586,1.961786859772172,0.6969836546370515,-1.3732889091886458,-1.0978515108434337,2.098880747994677,2.6485891830693338,1.1402756126858575
86.0,118.0,1230.0621337890625,-3.3729540058888485,1.5749334837852798,1.734656276498405,1.961618917420936,0.6969836773598693,-1.3732871919424972,-1.0979554721975628,2.098880808356438,2.648589184021517,1.1402757264018015
86.0,118.0,1230.0628662109375,-3.373169188081164,1.5759773582587393,1.7354791656961444,1.961774790686632,0.6969836773598693,-1.373288904006346,-1.0978495568968654,2.098880747994677,2.6482908821492983,1.1402836559376963
86.0,118.0,1230.064453125,-3.374527226762159,1.5749334837852798,1.7346496680909826,1.9615996156333384,0.6969822207363425,-1.3732871919424972,-1.0978598535021378,2.098880808356438,2.6490551281344805,1.14030110581732
86.0,118.0,1230.06494140625,-3.3996815803253897,1.5758820017524973,1.7354795678153936,1.9591482936542903,0.6966680431578949,-1.373311707277751,-1.0979557931806243,2.137513043898341,2.643818477898787,1.1402724060009777
86.0,118.0,1230.0650634765625,-3.3996815803253897,1.5759028937358457,1.7354795678153936,1.9591482936542903,0.6966680431578949,-1.373311707277751,-1.0979557931806243,2.137513043898341,2.643818477898787,1.1402724060009777
86.0,119.0,1229.654541015625,-3.372880817523303,1.5749339250764267,1.7345984172574478,1.9591811612378387,0.6969926159188186,-1.373310783142166,-1.0979563731628592,2.1039031656353564,2.627138878883122,1.1402720895324168
86.0,119.0,1229.654541015625,-3.372880817523303,1.5749339250764267,1.7345984172574478,1.9591811612378387,0.6969926159188186,-1.373310783142166,-1.0979563731628592,2.1039031656353564,2.627138878883122,1.1402720895324168
86.0,119.0,1229.6546630859375,-3.372880817523303,1.574933941677841,1.7345984172574478,1.9591956866657123,0.6969929193615638,-1.373310783142166,-1.0979563731628592,2.1039031656353564,2.627138878883122,1.140268353736111
86.0,119.0,1229.6624755859375,-3.365410535547704,1.5749334837852798,1.7345984172574478,1.9558230780606287,0.6969430848323563,-1.373311551135749,-1.097955421578628,2.099651383533714,2.627148744567483,1.1402911950060084
86.0,119.0,1229.6636962890625,-3.376139539774606,1.5749334724750457,1.7345939230023173,1.955623376035126,0.6969836607340204,-1.373288911616959,-1.0979808259680526,2.098880808356438,2.628104994943268,1.1400843551980049
86.0,119.0,1229.6668701171875,-3.3761647024386265,1.5749334837852798,1.7345984172574478,1.955797838469702,0.6969836773598693,-1.3732871919424972,-1.0979854943311862,2.098880808356438,2.627148744567483,1.1400859424629275
86.0,119.0,1229.6668701171875,-3.376154623922272,1.5749334837852798,1.7345984172574478,1.9557971919888344,0.6969836604770421,-1.3732889500757484,-1.0979854943311862,2.098880808356438,2.627148744567483,1.1400896814912846
86.0,119.0,1229.6689453125,-3.3761647024386265,1.5749334888932949,1.7346814301291056,1.9559690192828565,0.6969836773598693,-1.3732893729214355,-1.0979891591688262,2.0987734276484096,2.627303370315189,1.1400859424629275
86.0,119.0,1229.670166015625,-3.3665887149110443,1.5749334837852798,1.7345984172574478,1.9558230780606287,0.6969430848323563,-1.373311551135749,-1.0979854943311862,2.0978305817533296,2.627148744567483,1.1402911950060084
86.0,119.0,1229.674560546875,-3.377861596700161,1.5748882082541815,1.7345984172574478,1.9591811612378387,0.6969926159188186,-1.373310783142166,-1.0979568460643785,2.1039031656353564,2.627148744567483,1.1402720895324168
86.0,119.0,1229.67626953125,-3.366407747671524,1.5749334837852798,1.7345984172574478,1.955795114287656,0.6966531613887407,-1.373311551135749,-1.0979854860508913,2.0978015104538,2.627148744567483,1.1402911950060084
86.0,119.0,1229.6781005859375,-3.3755576740995235,1.5749452155587145,1.73546633762637,1.9558073344196083,0.6969836776168477,-1.373287153483708,-1.0978514686040728,2.098880808356438,2.6259240509956587,1.140270853823768
86.0,119.0,1229.67822265625,-3.375547595583169,1.5749452155587145,1.73546633762637,1.9558066879387408,0.6969836607340204,-1.373288911616959,-1.0978514686040728,2.098880808356438,2.6259240509956587,1.140274592852125
86.0,119.0,1229.6875,-3.377974955656746,1.5758799998500113,1.7346361817160934,1.9590806610504703,0.6969647933631371,-1.3733107422740725,-1.0979575081686417,2.0997141299821496,2.6279757802010875,1.1402753514137074
86.0,119.0,1229.689697265625,-3.377548948014888,1.5749300798181611,1.7345989083495577,1.9591797949830168,0.6969833400149446,-1.373286265289161,-1.0978721779355405,2.099272271727649,2.627322718194708,1.1402813556742564
86.0,119.0,1229.69775390625,-3.3729540058888485,1.5749334837852798,1.734598909800166,1.9616343005642427,0.6969414960135797,-1.3733102675056157,-1.0979563752662065,2.098880803435988,2.626712170394211,1.1402754667757442
86.0,119.0,1229.69775390625,-3.3729540058888485,1.5749334837852798,1.734598909800166,1.9616343005642427,0.6969414960135797,-1.3733102675056157,-1.0979563752662065,2.098880803435988,2.626712170394211,1.1402754667757442
86.0,119.0,1229.69775390625,-3.374515529520296,1.574937764899862,1.7345796294904088,1.961618917420936,0.6966810638786968,-1.3732871919424972,-1.0979906067342058,2.0988808085653425,2.629663475886861,1.14030110581732
86.0,119.0,1229.6983642578125,-3.376139539774606,1.5749334724750457,1.7345939230023173,1.9616937683909013,0.6969858281125656,-1.3732887899737178,-1.097956752750834,2.098880808356438,2.6282179423749508,1.1400843551980049
86.0,119.0,1229.6995849609375,-3.3754647774486286,1.5749334837852798,1.7345944786776644,1.961618917420936,0.6966810638786968,-1.3732871919424972,-1.0979906067342058,2.0988771987753867,2.6297086854471976,1.14030110581732
86.0,119.0,1229.6995849609375,-3.3754647774486286,1.5749334837852798,1.7345944786776644,1.961618917420936,0.6966810638786968,-1.3732871919424972,-1.0979906067342058,2.0988771987753867,2.6297086854471976,1.14030110581732
86.0,119.0,1229.702880859375,-3.3665887149110443,1.5749334837852798,1.7345984172574478,1.961480331110835,0.6969430848323563,-1.373289002832382,-1.0979854943311862,2.0988616418503017,2.627148744567483,1.1402923924378527
86.0,119.0,1229.7056884765625,-3.377548948014888,1.5749300798181611,1.7345989083495577,1.9616189755180888,0.6969835596071666,-1.373286265289161,-1.0978721779355405,2.099272271727649,2.627322718194708,1.1402814833757362
86.0,119.0,1229.7080078125,-3.375545608456369,1.5749334833218576,1.7354800718569248,1.9616197362859475,0.696974781293638,-1.373288911616959,-1.0978533689235943,2.098880808356438,2.627571873518069,1.1403010664201465
86.0,119.0,1229.70849609375,-3.3755026610583387,1.5749334833218576,1.7354800718569248,1.9616197362859475,0.696974781293638,-1.3732870771626549,-1.097954985922443,2.098880808356438,2.627571873518069,1.1402740441078627
86.0,119.0,1229.710693359375,-3.374373091184084,1.575880119707614,1.7345976683801083,1.961634263481829,0.696652811017627,-1.3733109041733595,-1.0979966141728532,2.098883868263802,2.625538324626486,1.140275472793208
86.0,119.0,1229.799560546875,-3.3778572047020234,1.5748882082541815,1.7345984172574478,1.9591782042340888,0.6969926159188186,-1.3733101729077504,-1.0979568460643785,2.1039031656353564,2.643085793121664,1.1402720895324168
86.0,119.0,1229.8721923828125,-3.377970563658608,1.5758799998500113,1.7346361817160934,1.95907770404672,0.6969647933631371,-1.373310132039657,-1.0979575081686417,2.0997141299821496,2.6439128287552687,1.1402753514137074
86.0,119.0,1229.904052734375,-3.373572239054852,1.5747467261093533,1.7354795678153936,1.9560836392890308,0.6969791666425009,-1.373311707277751,-1.0978697807013549,2.1379453488593367,2.643002602535531,1.1402814193463529
86.0,119.0,1229.948486328125,-3.3724920223241206,1.5749300798181611,1.7354655290188283,1.96169635700898,0.6969934032471063,-1.3732862776740742,-1.0978721779355405,2.137157668667048,2.6445031254623674,1.14027578781083
86.0,119.0,1229.962646484375,-3.377861596700161,1.5749300798181611,1.7345984172574478,1.9591665248790984,0.6969926159188186,-1.373286265289161,-1.0978721779355405,2.137157668667048,2.627148744567483,1.1402813556742564
86.0,119.0,1229.991455078125,-3.375511706758789,1.574931525103615,1.7355017767415353,1.9591811612378387,0.6969926533062778,-1.373287942709169,-1.097849614653414,2.1039031656353564,2.6490309830097982,1.140274557408731
86.0,119.0,1229.9918212890625,-3.3421871426265244,1.575879987031602,1.7345987594011618,1.955822445158766,0.6969427271383374,-1.3733111583683484,-1.0979853063003449,2.098962672279128,2.6251590401621723,1.1400847590541725
86.0,119.0,1229.9979248046875,-3.3422377052451666,1.575879987031602,1.7345987594011618,1.9557944813857928,0.6966528036947216,-1.3733111583683484,-1.0979873035008298,2.09887319007066,2.6251590401621723,1.1400847590541725
86.0,119.0,1230.000244140625,-3.3729540058888485,1.546561770895511,1.7354806120288122,1.961618917420936,0.6969836773598693,-1.3732871919424972,-1.0979554721975628,2.0996302169801577,2.644160016416551,1.1402757906534826
86.0,119.0,1230.0030517578125,-3.3755037639860834,1.5749334837852798,1.7355057583147464,1.9616183276992647,0.6969949348450544,-1.3732870912269508,-1.0979566582881837,2.101685645465722,2.648589184021516,1.1402754067547534
86.0,119.0,1230.003173828125,-3.3755467113841133,1.5749334837852798,1.7355057583147464,1.9616183276992647,0.6969949348450544,-1.3732889256812553,-1.0978550412893358,2.101685645465722,2.648589184021516,1.140302429067037
86.0,119.0,1230.0032958984375,-3.342006175387004,1.575879987031602,1.7345987594011618,1.9557944813857928,0.6966528036947216,-1.3733111583683484,-1.09798529802005,2.098933600979597,2.6251590401621723,1.1400847590541725
86.0,119.0,1230.00341796875,-3.341998420717104,1.575879987031602,1.7345987594011618,1.9557944813857928,0.6966528036947216,-1.3733111583683484,-1.0979854350514031,2.098937742594684,2.6251590401621723,1.1400847590541725
86.0,119.0,1230.0050048828125,-3.3996815803253897,1.574933633171512,1.7353965549437358,1.961139921406481,0.6969723156410035,-1.3732870696550663,-1.0979530411995089,2.099738090594454,2.643663852151081,1.1402745258801297
86.0,119.0,1230.0050048828125,-3.3996815803253897,1.574933633171512,1.7353965549437358,1.961139921406481,0.6969723156410035,-1.3732870696550663,-1.0979530411995089,2.099738090594454,2.643663852151081,1.1402745258801297
86.0,119.0,1230.00732421875,-3.374527226762159,1.5749334837852798,1.734656276498405,1.961618917420936,0.696982843609786,-1.3732871919424972,-1.0979496959313415,2.101755215048494,2.648589184021517,1.14030110581732
86.0,119.0,1230.00732421875,-3.374527226762159,1.5749334837852798,1.734656276498405,1.961618917420936,0.696982843609786,-1.3732871919424972,-1.0979496959313415,2.101755215048494,2.648589184021517,1.14030110581732
86.0,119.0,1230.00830078125,-3.3996815803253897,1.5749336382795267,1.7354795678153936,1.961311102219636,0.6969723156410035,-1.3732892506340044,-1.097956706037149,2.099630709886425,2.643818477898787,1.1402745258801297
86.0,119.0,1230.0128173828125,-3.3996815803253897,1.574887448771236,1.7354795678153936,1.961311102219636,0.6966680431578949,-1.3733115378763312,-1.097956706037149,2.099630709886425,2.643818477898787,1.1402724078080948
86.0,119.0,1230.0128173828125,-3.3996815803253897,1.574887448771236,1.7354795678153936,1.961311102219636,0.6966680431578949,-1.3733115378763312,-1.097956706037149,2.099630709886425,2.643818477898787,1.1402724078080948
86.0,119.0,1230.012939453125,-3.3996815803253897,1.574887448771236,1.7354818422517166,1.9615810530182485,0.6966666058463393,-1.3733115378763312,-1.097958003373449,2.099609925497538,2.643818477898787,1.1402724078080948
86.0,119.0,1230.015869140625,-3.400096151266044,1.5749334837852798,1.734598909800166,1.9616343005642427,0.6969717832057908,-1.3733102675056157,-1.0979563752662065,2.099625539671613,2.6439201785090343,1.140275487043267
86.0,119.0,1230.0216064453125,-3.3741321852521886,1.546561770895511,1.7354806120288122,1.961618917420936,0.6969836773598693,-1.3732871919424972,-1.0979855449501208,2.097809415199774,2.644160016416551,1.1402757906534826
86.0,119.0,1230.025390625,-3.373631514310686,1.543996917464494,1.6631085974063424,1.9557944813857928,0.6966529366632583,-1.3733111583683484,-1.0979873035008298,2.09887319007066,2.6246296466805594,1.140092732596751
86.0,120.0,1229.612060546875,-3.3755576740995235,1.5749334646386255,1.73546633762637,1.9558802778243312,0.6969836776168477,-1.3732887915700644,-1.076902783966893,2.098880808356438,2.6259240509956587,1.140270853823768
86.0,120.0,1229.636962890625,-3.366407747671524,1.574933902705138,1.7345984172574478,1.9557704320111309,0.6969654018850325,-1.373311551135749,-1.0979854860508913,2.10427439207508,2.627148744567483,1.1402911950060084
86.0,120.0,1229.654541015625,-3.372880817523303,1.5749339250764267,1.7345984172574478,1.9591811612378387,0.6969926159188186,-1.373310783142166,-1.0979563731628592,2.1039031656353564,2.627138878883122,1.1402720895324168
86.0,120.0,1229.654541015625,-3.372880817523303,1.5749339250764267,1.7345984172574478,1.9591811612378387,0.6969926159188186,-1.373310783142166,-1.0979563731628592,2.1039031656353564,2.627138878883122,1.1402720895324168
86.0,120.0,1229.654541015625,-3.372880817523303,1.5749339250764267,1.7345984172574478,1.9591811612378387,0.6969926159188186,-1.373310783142166,-1.0979563731628592,2.1039031656353564,2.627138878883122,1.1402720895324168
86.0,120.0,1229.6546630859375,-3.372880817523303,1.574933941677841,1.7345984172574478,1.9591956866657123,0.6969929193615638,-1.373310783142166,-1.0979563731628592,2.1039031656353564,2.627138878883122,1.140268353736111
86.0,120.0,1229.6572265625,-3.3778572047020234,1.5748889839554463,1.7345984150823237,1.955504737835586,0.6969926159188186,-1.3733101729077504,-1.0979567784518829,2.1037509360773927,2.6265620113884087,1.140280022202708
86.0,120.0,1229.6624755859375,-3.365410535547704,1.5749334837852798,1.7345984172574478,1.9558230780606287,0.6969430848323563,-1.373311551135749,-1.097955421578628,2.099651383533714,2.627148744567483,1.1402911950060084
86.0,120.0,1229.6636962890625,-3.376139539774606,1.5749334724750457,1.7345939230023173,1.955623376035126,0.6969836607340204,-1.373288911616959,-1.0979808259680526,2.098880808356438,2.628104994943268,1.1400843551980049
86.0,120.0,1229.6636962890625,-3.376139539774606,1.5749334724750457,1.7345939230023173,1.955623376035126,0.6969836607340204,-1.373288911616959,-1.0979808259680526,2.098880808356438,2.628104994943268,1.1400843551980049
86.0,120.0,1229.6668701171875,-3.3761647024386265,1.5749334837852798,1.7345984172574478,1.955797838469702,0.6969836773598693,-1.3732871919424972,-1.0979854943311862,2.098880808356438,2.627148744567483,1.1400859424629275
86.0,120.0,1229.6668701171875,-3.376154623922272,1.5749334837852798,1.7345984172574478,1.9557971919888344,0.6969836604770421,-1.3732889500757484,-1.0979854943311862,2.098880808356438,2.627148744567483,1.1400896814912846
86.0,120.0,1229.6668701171875,-3.376154623922272,1.5749334837852798,1.7345984172574478,1.9557971919888344,0.6969836604770421,-1.3732889500757484,-1.0979854943311862,2.098880808356438,2.627148744567483,1.1400896814912846
86.0,120.0,1229.6689453125,-3.3761647024386265,1.5749334888932949,1.7346814301291056,1.9559690192828565,0.6969836773598693,-1.3732893729214355,-1.0979891591688262,2.0987734276484096,2.627303370315189,1.1400859424629275
86.0,120.0,1229.6689453125,-3.3761647024386265,1.5749334888932949,1.7346814301291056,1.9559690192828565,0.6969836773598693,-1.3732893729214355,-1.0979891591688262,2.0987734276484096,2.627303370315189,1.1400859424629275
86.0,120.0,1229.670166015625,-3.3665887149110443,1.5749334837852798,1.7345984172574478,1.9558230780606287,0.6969430848323563,-1.373311551135749,-1.0979854943311862,2.0978305817533296,2.627148744567483,1.1402911950060084
86.0,120.0,1229.670166015625,-3.377548948014888,1.5749300194382192,1.7345989083495577,1.9591812296121327,0.6969833400149446,-1.373286265289161,-1.0978721779355405,2.103972256041606,2.627138712532328,1.1402810519658138
86.0,120.0,1229.6708984375,-3.3665887149110443,1.5749457126277286,1.7354578445730755,1.9558230780606287,0.6969441390116944,-1.3732884800562246,-1.097985575912556,2.0989310517065225,2.625819817304018,1.1402911950060084
86.0,120.0,1229.67138671875,-3.376871615987792,1.5749334837852798,1.7345984172574478,1.9557971919888344,0.6969436629302105,-1.3732889500757484,-1.0979854943311862,2.098880808356438,2.627148744567483,1.1400896814912846
86.0,120.0,1229.674560546875,-3.377861596700161,1.5748882082541815,1.7345984172574478,1.9591811612378387,0.6969926159188186,-1.373310783142166,-1.0979568460643785,2.1039031656353564,2.627148744567483,1.1402720895324168
86.0,120.0,1229.6761474609375,-3.377548948014888,1.5749300798181611,1.7344195025282816,1.9557803570131795,0.6969833400149446,-1.373286265289161,-1.097872650597518,2.099272271727649,2.625944109174688,1.1402746564258452
86.0,120.0,1229.67626953125,-3.366407747671524,1.5749334837852798,1.7345984172574478,1.955795114287656,0.6966531613887407,-1.373311551135749,-1.0979854860508913,2.0978015104538,2.627148744567483,1.1402911950060084
86.0,120.0,1229.67626953125,-3.366407747671524,1.5749334837852798,1.7345984172574478,1.955795114287656,0.6966531613887407,-1.373311551135749,-1.0979854860508913,2.0978015104538,2.627148744567483,1.1402911950060084
86.0,120.0,1229.6781005859375,-3.3755576740995235,1.5749452155587145,1.73546633762637,1.9558073344196083,0.6969836776168477,-1.373287153483708,-1.0978514686040728,2.098880808356438,2.6259240509956587,1.140270853823768
86.0,120.0,1229.67822265625,-3.375547595583169,1.5749452155587145,1.73546633762637,1.9558066879387408,0.6969836607340204,-1.373288911616959,-1.0978514686040728,2.098880808356438,2.6259240509956587,1.140274592852125
86.0,120.0,1229.6861572265625,-3.3726980220749665,1.5749334833218576,1.7354800718569248,1.959186267642455,0.696974781293638,-1.3732869347951373,-1.097954985922443,2.098880808356438,2.62713636700366,1.1402740731642331
86.0,120.0,1229.6875,-3.377974955656746,1.5758799998500113,1.7346361817160934,1.9590806610504703,0.6969647933631371,-1.3733107422740725,-1.0979575081686417,2.0997141299821496,2.6279757802010875,1.1402753514137074
86.0,120.0,1229.6875,-3.377974955656746,1.5758799998500113,1.7346361817160934,1.9590806610504703,0.6969647933631371,-1.3733107422740725,-1.0979575081686417,2.0997141299821496,2.6279757802010875,1.1402753514137074
86.0,120.0,1229.689697265625,-3.377548948014888,1.5749300798181611,1.7345989083495577,1.9591797949830168,0.6969833400149446,-1.373286265289161,-1.0978721779355405,2.099272271727649,2.627322718194708,1.1402813556742564
86.0,120.0,1229.6929931640625,-3.372880817523303,1.5749335061565686,1.7345984172574478,1.9592058435143644,0.6966803754225267,-1.373310783142166,-1.0979563731628592,2.0974302840140755,2.627138878883122,1.1402720895324168
86.0,120.0,1229.694091796875,-3.375547595583169,1.5749452155587145,1.735645743447646,1.9592061259085785,0.6969836607340204,-1.373288911616959,-1.097850995942095,2.098880808356438,2.6273026600156784,1.1402812921005363
86.0,120.0,1229.69775390625,-3.3729540058888485,1.5749334837852798,1.734598909800166,1.9616343005642427,0.6969414960135797,-1.3733102675056157,-1.0979563752662065,2.098880803435988,2.626712170394211,1.1402754667757442
86.0,120.0,1229.69775390625,-3.3729540058888485,1.5749334837852798,1.734598909800166,1.9616343005642427,0.6969414960135797,-1.3733102675056157,-1.0979563752662065,2.098880803435988,2.626712170394211,1.1402754667757442
86.0,120.0,1229.69775390625,-3.374515529520296,1.574937764899862,1.7345796294904088,1.961618917420936,0.6966810638786968,-1.3732871919424972,-1.0979906067342058,2.0988808085653425,2.629663475886861,1.14030110581732
86.0,120.0,1229.6983642578125,-3.376139539774606,1.5749334724750457,1.7345939230023173,1.9616937683909013,0.6969858281125656,-1.3732887899737178,-1.097956752750834,2.098880808356438,2.6282179423749508,1.1400843551980049
86.0,120.0,1229.6995849609375,-3.3754647774486286,1.5749334837852798,1.7345944786776644,1.961618917420936,0.6966810638786968,-1.3732871919424972,-1.0979906067342058,2.0988771987753867,2.6297086854471976,1.14030110581732
86.0,120.0,1229.6995849609375,-3.3754647774486286,1.5749334837852798,1.7345944786776644,1.961618917420936,0.6966810638786968,-1.3732871919424972,-1.0979906067342058,2.0988771987753867,2.6297086854471976,1.14030110581732
86.0,120.0,1229.702880859375,-3.3665887149110443,1.5749334837852798,1.7345984172574478,1.961480331110835,0.6969430848323563,-1.373289002832382,-1.0979854943311862,2.0988616418503017,2.627148744567483,1.1402923924378527
86.0,120.0,1229.70556640625,-3.365871722845524,1.5749334837852798,1.7345984172574478,1.961480331110835,0.6969830823791879,-1.373289002832382,-1.0979854943311862,2.0988616418503017,2.627148744567483,1.1402923924378527
86.0,120.0,1229.7056884765625,-3.377548948014888,1.5749300798181611,1.7345989083495577,1.9616189755180888,0.6969835596071666,-1.373286265289161,-1.0978721779355405,2.099272271727649,2.627322718194708,1.1402814833757362
86.0,120.0,1229.7080078125,-3.375545608456369,1.5749334833218576,1.7354800718569248,1.9616197362859475,0.696974781293638,-1.373288911616959,-1.0978533689235943,2.098880808356438,2.627571873518069,1.1403010664201465
86.0,120.0,1229.70849609375,-3.3755026610583387,1.5749334833218576,1.7354800718569248,1.9616197362859475,0.696974781293638,-1.3732870771626549,-1.097954985922443,2.098880808356438,2.627571873518069,1.1402740441078627
86.0,120.0,1229.710693359375,-3.374373091184084,1.575880119707614,1.7345976683801083,1.961634263481829,0.696652811017627,-1.3733109041733595,-1.0979966141728532,2.098883868263802,2.625538324626486,1.140275472793208
86.0,120.0,1229.7686767578125,-3.3729540058888485,1.5749334837852798,1.734598909800166,1.9693557738215377,0.6969414960135797,-1.3733102675056157,-1.0979563752662065,2.098880803435988,2.626712170394211,1.1402754667757442
86.0,120.0,1229.799560546875,-3.3778572047020234,1.5748882082541815,1.7345984172574478,1.9591782042340888,0.6969926159188186,-1.3733101729077504,-1.0979568460643785,2.1039031656353564,2.643085793121664,1.1402720895324168
86.0,120.0,1229.8721923828125,-3.377970563658608,1.5758799998500113,1.7346361817160934,1.95907770404672,0.6969647933631371,-1.373310132039657,-1.0979575081686417,2.0997141299821496,2.6439128287552687,1.1402753514137074
86.0,120.0,1229.874755859375,-3.3761647024386265,1.5759002833899018,1.7346834485543792,1.9559690192828565,0.6969836773598693,-1.3732904890606168,-1.0979891591688262,2.0987734276484096,2.643385158037238,1.1402799351503896
86.0,120.0,1229.904052734375,-3.373572239054852,1.5747467261093533,1.7354795678153936,1.9560836392890308,0.6969791666425009,-1.373311707277751,-1.0978697807013549,2.1379453488593367,2.643002602535531,1.1402814193463529
86.0,120.0,1229.94775390625,-3.377861596700161,1.5748882082541815,1.7345984172574478,1.9617285825216453,0.6969926159188186,-1.373310783142166,-1.079431518296791,2.1372185780692434,2.627148744567483,1.1402758312916608
86.0,120.0,1229.948486328125,-3.3724920223241206,1.5749300798181611,1.7354655290188283,1.96169635700898,0.6969934032471063,-1.3732862776740742,-1.0978721779355405,2.137157668667048,2.6445031254623674,1.14027578781083
86.0,121.0,1229.612060546875,-3.3755576740995235,1.5749334646386255,1.73546633762637,1.9558802778243312,0.6969836776168477,-1.3732887915700644,-1.076902783966893,2.098880808356438,2.6259240509956587,1.140270853823768
86.0,121.0,1229.615478515625,-3.3662609674719066,1.5749334837852798,1.7345984172574478,1.951603851084991,0.6969836604770421,-1.3732889500757484,-1.0979854943311862,2.115020881209373,2.627148744567483,1.1402907275603962
86.0,121.0,1229.636962890625,-3.366407747671524,1.574933902705138,1.7345984172574478,1.9557704320111309,0.6969654018850325,-1.373311551135749,-1.0979854860508913,2.10427439207508,2.627148744567483,1.1402911950060084
86.0,121.0,1229.644287109375,-3.366407747671524,1.574933902705138,1.7345945315034728,1.9560283052052456,0.6966655526825721,-1.3733110015050671,-1.0979854860508913,2.10427439207508,2.627148744567483,1.1402911950060084
86.0,121.0,1229.6524658203125,-3.375488469645737,1.5749460176588352,1.73546633762637,1.9558133466232568,0.6969926218994006,-1.373287153483708,-1.0978524339830882,2.103719797678308,2.626557112372156,1.140270853823768
86.0,121.0,1229.6533203125,-3.36945641260877,1.5749334837852798,1.7345984172574478,1.9557971919888344,0.6969836604770421,-1.3732889500757484,-1.0979854943311862,2.098880808356438,2.627148744567483,1.1400896814912846
86.0,121.0,1229.653564453125,-3.3729085205369733,1.5749339250764267,1.734598914533289,1.9591811612378387,0.6969924685265173,-1.373310783142166,-1.0978699899841946,2.104053373501725,2.627138878883122,1.1402812540990614
86.0,121.0,1229.654541015625,-3.372880817523303,1.5749339250764267,1.7345984172574478,1.9591811612378387,0.6969926159188186,-1.373310783142166,-1.0979563731628592,2.1039031656353564,2.627138878883122,1.1402720895324168
86.0,121.0,1229.654541015625,-3.372880817523303,1.5749339250764267,1.7345984172574478,1.9591811612378387,0.6969926159188186,-1.373310783142166,-1.0979563731628592,2.1039031656353564,2.627138878883122,1.1402720895324168
86.0,121.0,1229.654541015625,-3.372880817523303,1.5749339250764267,1.7345984172574478,1.9591811612378387,0.6969926159188186,-1.373310783142166,-1.0979563731628592,2.1039031656353564,2.627138878883122,1.1402720895324168
86.0,121.0,1229.654541015625,-3.372880817523303,1.5749339250764267,1.7345984172574478,1.9591811612378387,0.6969926159188186,-1.373310783142166,-1.0979563731628592,2.1039031656353564,2.627138878883122,1.1402720895324168
86.0,121.0,1229.6546630859375,-3.372880817523303,1.574933941677841,1.7345984172574478,1.9591956866657123,0.6969929193615638,-1.373310783142166,-1.0979563731628592,2.1039031656353564,2.627138878883122,1.140268353736111
86.0,121.0,1229.6572265625,-3.3778572047020234,1.5748889839554463,1.7345984150823237,1.955504737835586,0.6969926159188186,-1.3733101729077504,-1.0979567784518829,2.1037509360773927,2.6265620113884087,1.140280022202708
86.0,121.0,1229.6622314453125,-3.3760314559097613,1.5749300194382192,1.7345989083495577,1.959089471292032,0.6969833400149446,-1.373286265289161,-1.0979826194325568,2.1040286315330428,2.627138712532328,1.1402707676486326
86.0,121.0,1229.6624755859375,-3.365410535547704,1.5749334837852798,1.7345984172574478,1.9558230780606287,0.6969430848323563,-1.373311551135749,-1.097955421578628,2.099651383533714,2.627148744567483,1.1402911950060084
86.0,121.0,1229.6636962890625,-3.376139539774606,1.5749334724750457,1.7345939230023173,1.955623376035126,0.6969836607340204,-1.373288911616959,-1.0979808259680526,2.098880808356438,2.628104994943268,1.1400843551980049
86.0,121.0,1229.6636962890625,-3.376139539774606,1.5749334724750457,1.7345939230023173,1.955623376035126,0.6969836607340204,-1.373288911616959,-1.0979808259680526,2.098880808356438,2.628104994943268,1.1400843551980049
86.0,121.0,1229.6668701171875,-3.3761647024386265,1.5749334837852798,1.7345984172574478,1.955797838469702,0.6969836773598693,-1.3732871919424972,-1.0979854943311862,2.098880808356438,2.627148744567483,1.1400859424629275
86.0,121.0,1229.6668701171875,-3.376154623922272,1.5749334837852798,1.7345984172574478,1.9557971919888344,0.6969836604770421,-1.3732889500757484,-1.0979854943311862,2.098880808356438,2.627148744567483,1.1400896814912846
86.0,121.0,1229.6668701171875,-3.376154623922272,1.5749334837852798,1.7345984172574478,1.9557971919888344,0.6969836604770421,-1.3732889500757484,-1.0979854943311862,2.098880808356438,2.627148744567483,1.1400896814912846
86.0,121.0,1229.6668701171875,-3.376154623922272,1.5749334837852798,1.7345984172574478,1.9557971989921388,0.6969836604770421,-1.3732891151243671,-1.0979854943311862,2.098880808356438,2.627148744567483,1.1400896814912846
86.0,121.0,1229.6689453125,-3.3761647024386265,1.5749334888932949,1.7346814301291056,1.9559690192828565,0.6969836773598693,-1.3732893729214355,-1.0979891591688262,2.0987734276484096,2.627303370315189,1.1400859424629275
86.0,121.0,1229.6689453125,-3.3761647024386265,1.5749334888932949,1.7346814301291056,1.9559690192828565,0.6969836773598693,-1.3732893729214355,-1.0979891591688262,2.0987734276484096,2.627303370315189,1.1400859424629275
86.0,121.0,1229.670166015625,-3.3665887149110443,1.5749334837852798,1.7345984172574478,1.9558230780606287,0.6969430848323563,-1.373311551135749,-1.0979854943311862,2.0978305817533296,2.627148744567483,1.1402911950060084
86.0,121.0,1229.670166015625,-3.377548948014888,1.5749300194382192,1.7345989083495577,1.9591812296121327,0.6969833400149446,-1.373286265289161,-1.0978721779355405,2.103972256041606,2.627138712532328,1.1402810519658138
86.0,121.0,1229.6708984375,-3.3665887149110443,1.5749457126277286,1.7354578445730755,1.9558230780606287,0.6969441390116944,-1.3732884800562246,-1.097985575912556,2.0989310517065225,2.625819817304018,1.1402911950060084
86.0,121.0,1229.67138671875,-3.376871615987792,1.5749334837852798,1.7345984172574478,1.9557971919888344,0.6969436629302105,-1.3732889500757484,-1.0979854943311862,2.098880808356438,2.627148744567483,1.1400896814912846
86.0,121.0,1229.674560546875,-3.377861596700161,1.5748882082541815,1.7345984172574478,1.9591811612378387,0.6969926159188186,-1.373310783142166,-1.0979568460643785,2.1039031656353564,2.627148744567483,1.1402720895324168
86.0,121.0,1229.6751708984375,-3.377861596700161,1.5749329451283636,1.7346803578196182,1.9591811612378387,0.6969836958570261,-1.373310783142166,-1.0979568460643785,2.1039031656353564,2.627148744567483,1.1400845141794416
86.0,121.0,1229.6761474609375,-3.377548948014888,1.5749300798181611,1.7344195025282816,1.9557803570131795,0.6969833400149446,-1.373286265289161,-1.097872650597518,2.099272271727649,2.625944109174688,1.1402746564258452
86.0,121.0,1229.67626953125,-3.366407747671524,1.5749334837852798,1.7345984172574478,1.955795114287656,0.6966531613887407,-1.373311551135749,-1.0979854860508913,2.0978015104538,2.627148744567483,1.1402911950060084
86.0,121.0,1229.67626953125,-3.366407747671524,1.5749334837852798,1.7345984172574478,1.955795114287656,0.6966531613887407,-1.373311551135749,-1.0979854860508913,2.0978015104538,2.627148744567483,1.1402911950060084
86.0,121.0,1229.6778564453125,-3.3729540058888485,1.5749334837852798,1.7345984147279547,1.9590128119376933,0.6969883092220865,-1.3733102675056157,-1.0979563752662065,2.098880803435988,2.626712170394211,1.1402754667757442
86.0,121.0,1229.6781005859375,-3.3755576740995235,1.5749452155587145,1.73546633762637,1.9558073344196083,0.6969836776168477,-1.373287153483708,-1.0978514686040728,2.098880808356438,2.6259240509956587,1.140270853823768
86.0,121.0,1229.67822265625,-3.375547595583169,1.5749452155587145,1.73546633762637,1.9558066879387408,0.6969836607340204,-1.373288911616959,-1.0978514686040728,2.098880808356438,2.6259240509956587,1.140274592852125
86.0,121.0,1229.6785888671875,-3.377677664388374,1.5749300798181611,1.7346047752776574,1.9557803570131795,0.696982999474072,-1.373286265289161,-1.097872650597518,2.099272271727649,2.62601578012941,1.1402746564258452
86.0,121.0,1229.6800537109375,-3.3726185398387334,1.5749457126277286,1.7345796094903891,1.9590326271311933,0.6969441390116944,-1.3732884800562246,-1.097985575912556,2.0989310517065225,2.625819817304018,1.1402911950060084
86.0,121.0,1229.6861572265625,-3.3726980220749665,1.5749334833218576,1.7354800718569248,1.959186267642455,0.696974781293638,-1.3732869347951373,-1.097954985922443,2.098880808356438,2.62713636700366,1.1402740731642331
86.0,121.0,1229.6875,-3.377974955656746,1.5758799998500113,1.7346361817160934,1.9590806610504703,0.6969647933631371,-1.3733107422740725,-1.0979575081686417,2.0997141299821496,2.6279757802010875,1.1402753514137074
86.0,121.0,1229.6875,-3.377974955656746,1.5758799998500113,1.7346361817160934,1.9590806610504703,0.6969647933631371,-1.3733107422740725,-1.0979575081686417,2.0997141299821496,2.6279757802010875,1.1402753514137074
86.0,121.0,1229.689697265625,-3.377548948014888,1.5749300798181611,1.7345989083495577,1.9591797949830168,0.6969833400149446,-1.373286265289161,-1.0978721779355405,2.099272271727649,2.627322718194708,1.1402813556742564
86.0,121.0,1229.691162109375,-3.377521245001218,1.5749300798181611,1.7345984110737167,1.9591797949830168,0.6969834874072457,-1.373286265289161,-1.0979585611142049,2.09912206386128,2.627322718194708,1.1402721911076117
86.0,121.0,1229.6929931640625,-3.372880817523303,1.5749335061565686,1.7345984172574478,1.9592058435143644,0.6966803754225267,-1.373310783142166,-1.0979563731628592,2.0974302840140755,2.627138878883122,1.1402720895324168
86.0,121.0,1229.694091796875,-3.375547595583169,1.5749452155587145,1.735645743447646,1.9592061259085785,0.6969836607340204,-1.373288911616959,-1.097850995942095,2.098880808356438,2.6273026600156784,1.1402812921005363
86.0,121.0,1229.69775390625,-3.3729540058888485,1.5749334837852798,1.734598909800166,1.9616343005642427,0.6969414960135797,-1.3733102675056157,-1.0979563752662065,2.098880803435988,2.626712170394211,1.1402754667757442
86.0,121.0,1229.69775390625,-3.3729540058888485,1.5749334837852798,1.734598909800166,1.9616343005642427,0.6969414960135797,-1.3733102675056157,-1.0979563752662065,2.098880803435988,2.626712170394211,1.1402754667757442
86.0,121.0,1229.69775390625,-3.374515529520296,1.574937764899862,1.7345796294904088,1.961618917420936,0.6966810638786968,-1.3732871919424972,-1.0979906067342058,2.0988808085653425,2.629663475886861,1.14030110581732
86.0,121.0,1229.6983642578125,-3.376139539774606,1.5749334724750457,1.7345939230023173,1.9616937683909013,0.6969858281125656,-1.3732887899737178,-1.097956752750834,2.098880808356438,2.6282179423749508,1.1400843551980049
86.0,121.0,1229.6995849609375,-3.3754647774486286,1.5749334837852798,1.7345944786776644,1.961618917420936,0.6966810638786968,-1.3732871919424972,-1.0979906067342058,2.0988771987753867,2.6297086854471976,1.14030110581732
86.0,121.0,1229.6995849609375,-3.3754647774486286,1.5749334837852798,1.7345944786776644,1.961618917420936,0.6966810638786968,-1.3732871919424972,-1.0979906067342058,2.0988771987753867,2.6297086854471976,1.14030110581732
86.0,122.0,1229.612060546875,-3.3755576740995235,1.5749334646386255,1.73546633762637,1.9558802778243312,0.6969836776168477,-1.3732887915700644,-1.076902783966893,2.098880808356438,2.6259240509956587,1.140270853823768
86.0,122.0,1229.615478515625,-3.3662609674719066,1.5749334837852798,1.7345984172574478,1.951603851084991,0.6969836604770421,-1.3732889500757484,-1.0979854943311862,2.115020881209373,2.627148744567483,1.1402907275603962
86.0,122.0,1229.6322021484375,-3.372880817523303,1.574890878743669,1.7345984172925146,1.9553074619448727,0.6969926159188186,-1.373310783142166,-1.0979563731628592,2.103750822718814,2.626589605737577,1.1402720895324168
86.0,122.0,1229.633056640625,-3.372946211030792,1.5749339017317974,1.7345984172574478,1.9557704320111309,0.6969654018850325,-1.373311551135749,-1.0979855090969997,2.103917340884203,2.627148744567483,1.1402911950060084
86.0,122.0,1229.634521484375,-3.365963176721249,1.5749335827155206,1.7345984172574478,1.9517167044446848,0.6969836783019578,-1.3732889500757484,-1.0979854943311862,2.099236317331341,2.625928550714709,1.1402703408305817
86.0,122.0,1229.6348876953125,-3.3664335690416816,1.5749334724750457,1.7345939230023173,1.955623376035126,0.6969761636688813,-1.3732897132833646,-1.0979808259680526,2.104393658215913,2.6282415946550683,1.1402898054095385
86.0,122.0,1229.636962890625,-3.366407747671524,1.574933902705138,1.7345984172574478,1.9557704320111309,0.6969654018850325,-1.373311551135749,-1.0979854860508913,2.10427439207508,2.627148744567483,1.1402911950060084
86.0,122.0,1229.644287109375,-3.366407747671524,1.574933902705138,1.7345945315034728,1.9560283052052456,0.6966655526825721,-1.3733110015050671,-1.0979854860508913,2.10427439207508,2.627148744567483,1.1402911950060084
86.0,122.0,1229.65185546875,-3.372280328369093,1.5749334837852798,1.7345984172574478,1.9558230780606287,0.6969430848323563,-1.3733115626828605,-1.097955421578628,2.099651383533714,2.627148744567483,1.1402911950060084
86.0,122.0,1229.6524658203125,-3.375488469645737,1.5749460176588352,1.73546633762637,1.9558133466232568,0.6969926218994006,-1.373287153483708,-1.0978524339830882,2.103719797678308,2.626557112372156,1.140270853823768
86.0,122.0,1229.6531982421875,-3.369563522505626,1.5749334837852798,1.7345984172574478,1.9557971919888344,0.6969836604770421,-1.3732889500757484,-1.0979854943311862,2.098880808356438,2.627148744567483,1.1400896814912846
86.0,122.0,1229.6533203125,-3.36945641260877,1.5749334837852798,1.7345984172574478,1.9557971919888344,0.6969836604770421,-1.3732889500757484,-1.0979854943311862,2.098880808356438,2.627148744567483,1.1400896814912846
86.0,122.0,1229.653564453125,-3.3729085205369733,1.5749339250764267,1.734598914533289,1.9591811612378387,0.6969924685265173,-1.373310783142166,-1.0978699899841946,2.104053373501725,2.627138878883122,1.1402812540990614
86.0,122.0,1229.654541015625,-3.372880817523303,1.5749339250764267,1.7345984172574478,1.9591811612378387,0.6969926159188186,-1.373310783142166,-1.0979563731628592,2.1039031656353564,2.627138878883122,1.1402720895324168
86.0,122.0,1229.654541015625,-3.372880817523303,1.5749339250764267,1.7345984172574478,1.9591811612378387,0.6969926159188186,-1.373310783142166,-1.0979563731628592,2.1039031656353564,2.627138878883122,1.1402720895324168
86.0,122.0,1229.654541015625,-3.372880817523303,1.5749339250764267,1.7345984172574478,1.9591811612378387,0.6969926159188186,-1.373310783142166,-1.0979563731628592,2.1039031656353564,2.627138878883122,1.1402720895324168
86.0,122.0,1229.654541015625,-3.372880817523303,1.5749339250764267,1.7345984172574478,1.9591811612378387,0.6969926159188186,-1.373310783142166,-1.0979563731628592,2.1039031656353564,2.627138878883122,1.1402720895324168
86.0,122.0,1229.6546630859375,-3.372880817523303,1.574933941677841,1.7345984172574478,1.9591956866657123,0.6969929193615638,-1.373310783142166,-1.0979563731628592,2.1039031656353564,2.627138878883122,1.140268353736111
86.0,122.0,1229.6572265625,-3.3778572047020234,1.5748889839554463,1.7345984150823237,1.955504737835586,0.6969926159188186,-1.3733101729077504,-1.0979567784518829,2.1037509360773927,2.6265620113884087,1.140280022202708
86.0,122.0,1229.65771484375,-3.375855464850181,1.5749451166284734,1.73546633762637,1.9556944810599144,0.6969836597919319,-1.373287153483708,-1.0978514686040728,2.114665372234469,2.627144244848433,1.1402912405535828
86.0,122.0,1229.6605224609375,-3.373095837118401,1.5749445917370757,1.7354506201685016,1.9590930817847945,0.6969934647853365,-1.3732874153268724,-1.0978474433193308,2.104583235676202,2.627138878883122,1.1402738866640885
86.0,122.0,1229.66064453125,-3.366407747671524,1.5749338977989176,1.7345984172572968,1.959021395363012,0.6969654018850325,-1.373311551135749,-1.0979545023968829,2.10427439207508,2.627151595198819,1.1402912262409264
86.0,122.0,1229.6622314453125,-3.3760314559097613,1.5749300194382192,1.7345989083495577,1.959089471292032,0.6969833400149446,-1.373286265289161,-1.0979826194325568,2.1040286315330428,2.627138712532328,1.1402707676486326
86.0,122.0,1229.6624755859375,-3.365410535547704,1.5749334837852798,1.7345984172574478,1.9558230780606287,0.6969430848323563,-1.373311551135749,-1.097955421578628,2.099651383533714,2.627148744567483,1.1402911950060084
86.0,122.0,1229.6624755859375,-3.365410535547704,1.5749334837852798,1.7345984172574478,1.9558230780606287,0.6969430848323563,-1.373311551135749,-1.097955421578628,2.099651383533714,2.627148744567483,1.1402911950060084
86.0,122.0,1229.6636962890625,-3.376139539774606,1.5749334724750457,1.7345939230023173,1.955623376035126,0.6969836607340204,-1.373288911616959,-1.0979808259680526,2.098880808356438,2.628104994943268,1.1400843551980049
86.0,122.0,1229.6636962890625,-3.376139539774606,1.5749334724750457,1.7345939230023173,1.955623376035126,0.6969836607340204,-1.373288911616959,-1.0979808259680526,2.098880808356438,2.628104994943268,1.1400843551980049
86.0,122.0,1229.6640625,-3.366011024701914,1.5749339250764267,1.7345984172574478,1.9591811612378387,0.6969926159188186,-1.3733107715950548,-1.0979563731628592,2.1039031656353564,2.627138878883122,1.1402720895324168
86.0,122.0,1229.6663818359375,-3.376047514025416,1.5749334837852798,1.7345984172574478,1.9557971919888344,0.6969836604770421,-1.3732889500757484,-1.0979854943311862,2.098880808356438,2.627148744567483,1.1400896814912846
86.0,122.0,1229.6668701171875,-3.3761647024386265,1.5749334837852798,1.7345984172574478,1.955797838469702,0.6969836773598693,-1.3732871919424972,-1.0979854943311862,2.098880808356438,2.627148744567483,1.1400859424629275
86.0,122.0,1229.6668701171875,-3.376154623922272,1.5749334837852798,1.7345984172574478,1.9557971919888344,0.6969836604770421,-1.3732889500757484,-1.0979854943311862,2.098880808356438,2.627148744567483,1.1400896814912846
86.0,122.0,1229.6668701171875,-3.376154623922272,1.5749334837852798,1.7345984172574478,1.9557971919888344,0.6969836604770421,-1.3732889500757484,-1.0979854943311862,2.098880808356438,2.627148744567483,1.1400896814912846
86.0,122.0,1229.6668701171875,-3.376154623922272,1.5749334837852798,1.7345984172574478,1.9557971989921388,0.6969836604770421,-1.3732891151243671,-1.0979854943311862,2.098880808356438,2.627148744567483,1.1400896814912846
86.0,122.0,1229.6689453125,-3.3761647024386265,1.5749334888932949,1.7346814301291056,1.9559690192828565,0.6969836773598693,-1.3732893729214355,-1.0979891591688262,2.0987734276484096,2.627303370315189,1.1400859424629275
86.0,122.0,1229.6689453125,-3.3761647024386265,1.5749334888932949,1.7346814301291056,1.9559690192828565,0.6969836773598693,-1.3732893729214355,-1.0979891591688262,2.0987734276484096,2.627303370315189,1.1400859424629275
86.0,122.0,1229.6695556640625,-3.377856849238276,1.5749329451283636,1.7346803578196182,1.9591811612378387,0.6969836958570261,-1.3733107419106536,-1.0979568460643785,2.1039031656353564,2.6280046501035645,1.1400845141794416
86.0,122.0,1229.670166015625,-3.3665887149110443,1.5749334837852798,1.7345984172574478,1.9558230780606287,0.6969430848323563,-1.373311551135749,-1.0979854943311862,2.0978305817533296,2.627148744567483,1.1402911950060084
86.0,122.0,1229.670166015625,-3.377548948014888,1.5749300194382192,1.7345989083495577,1.9591812296121327,0.6969833400149446,-1.373286265289161,-1.0978721779355405,2.103972256041606,2.627138712532328,1.1402810519658138
86.0,122.0,1229.6708984375,-3.3665887149110443,1.5749457126277286,1.7354578445730755,1.9558230780606287,0.6969441390116944,-1.3732884800562246,-1.097985575912556,2.0989310517065225,2.625819817304018,1.1402911950060084
86.0,122.0,1229.67138671875,-3.376871615987792,1.5749334837852798,1.7345984172574478,1.9557971919888344,0.6969436629302105,-1.3732889500757484,-1.0979854943311862,2.098880808356438,2.627148744567483,1.1400896814912846
86.0,122.0,1229.674560546875,-3.377861596700161,1.5748882082541815,1.7345984172574478,1.9591811612378387,0.6969926159188186,-1.373310783142166,-1.0979568460643785,2.1039031656353564,2.627148744567483,1.1402720895324168
86.0,122.0,1229.6751708984375,-3.377861596700161,1.5749329451283636,1.7346803578196182,1.9591811612378387,0.6969836958570261,-1.373310783142166,-1.0979568460643785,2.1039031656353564,2.627148744567483,1.1400845141794416
86.0,122.0,1229.6761474609375,-3.377548948014888,1.5749300798181611,1.7344195025282816,1.9557803570131795,0.6969833400149446,-1.373286265289161,-1.097872650597518,2.099272271727649,2.625944109174688,1.1402746564258452
86.0,122.0,1229.67626953125,-3.366407747671524,1.5749334837852798,1.7345984172574478,1.955795114287656,0.6966531613887407,-1.373311551135749,-1.0979854860508913,2.0978015104538,2.627148744567483,1.1402911950060084
86.0,122.0,1229.67626953125,-3.366407747671524,1.5749334837852798,1.7345984172574478,1.955795114287656,0.6966531613887407,-1.373311551135749,-1.0979854860508913,2.0978015104538,2.627148744567483,1.1402911950060084
86.0,122.0,1229.6778564453125,-3.3729540058888485,1.5749334837852798,1.7345984147279547,1.9590128119376933,0.6969883092220865,-1.3733102675056157,-1.0979563752662065,2.098880803435988,2.626712170394211,1.1402754667757442
86.0,122.0,1229.6781005859375,-3.3755576740995235,1.5749452155587145,1.73546633762637,1.9558073344196083,0.6969836776168477,-1.373287153483708,-1.0978514686040728,2.098880808356438,2.6259240509956587,1.140270853823768
86.0,122.0,1229.67822265625,-3.375547595583169,1.5749452155587145,1.73546633762637,1.9558066879387408,0.6969836607340204,-1.373288911616959,-1.0978514686040728,2.098880808356438,2.6259240509956587,1.140274592852125
86.0,122.0,1229.6785888671875,-3.377677664388374,1.5749300798181611,1.7346047752776574,1.9557803570131795,0.696982999474072,-1.373286265289161,-1.097872650597518,2.099272271727649,2.62601578012941,1.1402746564258452
86.0,122.0,1229.6800537109375,-3.3726185398387334,1.5749457126277286,1.7345796094903891,1.9590326271311933,0.6969441390116944,-1.3732884800562246,-1.097985575912556,2.0989310517065225,2.625819817304018,1.1402911950060084
86.0,123.0,1229.611572265625,-3.3755576740995235,1.5749334646386255,1.73546633762637,1.9558802778243312,0.6969836776168477,-1.3732887915700644,-1.076902783966893,2.098880808356438,2.6258715431336315,1.140270853823768
86.0,123.0,1229.612060546875,-3.3755576740995235,1.5749334646386255,1.73546633762637,1.9558802778243312,0.6969836776168477,-1.3732887915700644,-1.076902783966893,2.098880808356438,2.6259240509956587,1.140270853823768
86.0,123.0,1229.6134033203125,-3.3662609674719066,1.5748880485570431,1.7345984172574478,1.9517941629523048,0.6969925904355385,-1.3732885865582267,-1.0979570813115471,2.103633243957183,2.627148744567483,1.1402705048032924
86.0,123.0,1229.615478515625,-3.3662609674719066,1.5749334837852798,1.7345984172574478,1.951603851084991,0.6969836604770421,-1.3732889500757484,-1.0979854943311862,2.115020881209373,2.627148744567483,1.1402907275603962
86.0,123.0,1229.6322021484375,-3.372880817523303,1.574890878743669,1.7345984172925146,1.9553074619448727,0.6969926159188186,-1.373310783142166,-1.0979563731628592,2.103750822718814,2.626589605737577,1.1402720895324168
86.0,123.0,1229.633056640625,-3.372946211030792,1.5749339017317974,1.7345984172574478,1.9557704320111309,0.6969654018850325,-1.373311551135749,-1.0979855090969997,2.103917340884203,2.627148744567483,1.1402911950060084
86.0,123.0,1229.633056640625,-3.372946211030792,1.5749339243747706,1.7345984172574478,1.9557704320111309,0.6969654018850325,-1.373311551135749,-1.0979855090969997,2.103917529438232,2.6271484327889825,1.1402932459881123
86.0,123.0,1229.6337890625,-3.373212314499462,1.574933902705138,1.7345984172574478,1.9557704320111309,0.6969649802523257,-1.373311551135749,-1.0979853135459638,2.1039007714835547,2.627148744567483,1.1402721552228816
86.0,123.0,1229.634521484375,-3.365963176721249,1.5749335827155206,1.7345984172574478,1.9517167044446848,0.6969836783019578,-1.3732889500757484,-1.0979854943311862,2.099236317331341,2.625928550714709,1.1402703408305817
86.0,123.0,1229.6348876953125,-3.3664335690416816,1.5749334724750457,1.7345939230023173,1.955623376035126,0.6969761636688813,-1.3732897132833646,-1.0979808259680526,2.104393658215913,2.6282415946550683,1.1402898054095385
86.0,123.0,1229.636962890625,-3.366407747671524,1.574933902705138,1.7345984172574478,1.9557704320111309,0.6969654018850325,-1.373311551135749,-1.0979854860508913,2.10427439207508,2.627148744567483,1.1402911950060084
86.0,123.0,1229.6414794921875,-3.3754192714493727,1.5749342187361648,1.7346553880531634,1.956030174694363,0.6970130554605505,-1.3733110015050671,-1.0979854860508913,2.104272611249179,2.627152351230459,1.140270898654282
86.0,123.0,1229.6424560546875,-3.366432049705216,1.5749334724750457,1.734594023129724,1.955620711901214,0.6966563760340103,-1.373312335126102,-1.097985394997182,2.104393658215913,2.6282415946550683,1.1402898054095385
86.0,123.0,1229.644287109375,-3.366407747671524,1.574933902705138,1.7345945315034728,1.9560283052052456,0.6966655526825721,-1.3733110015050671,-1.0979854860508913,2.10427439207508,2.627148744567483,1.1402911950060084
86.0,123.0,1229.65185546875,-3.372280328369093,1.5749334837852798,1.7345984172574478,1.9558230780606287,0.6969430848323563,-1.3733115626828605,-1.097955421578628,2.099651383533714,2.627148744567483,1.1402911950060084
86.0,123.0,1229.65234375,-3.377548948014888,1.5749300194382192,1.7345989083495577,1.955551420834682,0.6969833400149446,-1.373286265289161,-1.0978721779355405,2.103972256041606,2.6265620556286216,1.14028004684174
86.0,123.0,1229.6524658203125,-3.375488469645737,1.5749460176588352,1.73546633762637,1.9558133466232568,0.6969926218994006,-1.373287153483708,-1.0978524339830882,2.103719797678308,2.626557112372156,1.140270853823768
86.0,123.0,1229.6529541015625,-3.366476945867889,1.5749457016278086,1.7354054810766797,1.9558114771341404,0.6966451191214222,-1.373287153483708,-1.0978524339830882,2.103721578504209,2.62655350570918,1.1402911501754944
86.0,123.0,1229.6531982421875,-3.369563522505626,1.5749334837852798,1.7345984172574478,1.9557971919888344,0.6969836604770421,-1.3732889500757484,-1.0979854943311862,2.098880808356438,2.627148744567483,1.1400896814912846
86.0,123.0,1229.6533203125,-3.36945641260877,1.5749334837852798,1.7345984172574478,1.9557971919888344,0.6969836604770421,-1.3732889500757484,-1.0979854943311862,2.098880808356438,2.627148744567483,1.1400896814912846
86.0,123.0,1229.653564453125,-3.3729085205369733,1.5749339250764267,1.734598914533289,1.9591811612378387,0.6969924685265173,-1.373310783142166,-1.0978699899841946,2.104053373501725,2.627138878883122,1.1402812540990614
86.0,123.0,1229.6541748046875,-3.3729085205369733,1.5749339250764267,1.734598903285005,1.9592574311667523,0.6969913033369055,-1.373310783142166,-1.0978699899841946,2.104053373501725,2.627138878883122,1.1402812540990614
86.0,123.0,1229.654541015625,-3.372880817523303,1.5749339250764267,1.7345984172574478,1.9591811612378387,0.6969926159188186,-1.373310783142166,-1.0979563731628592,2.1039031656353564,2.627138878883122,1.1402720895324168
86.0,123.0,1229.654541015625,-3.372880817523303,1.5749339250764267,1.7345984172574478,1.9591811612378387,0.6969926159188186,-1.373310783142166,-1.0979563731628592,2.1039031656353564,2.627138878883122,1.1402720895324168
86.0,123.0,1229.654541015625,-3.372880817523303,1.5749339250764267,1.7345984172574478,1.9591811612378387,0.6969926159188186,-1.373310783142166,-1.0979563731628592,2.1039031656353564,2.627138878883122,1.1402720895324168
86.0,123.0,1229.654541015625,-3.372880817523303,1.5749339250764267,1.7345984172574478,1.9591811612378387,0.6969926159188186,-1.373310783142166,-1.0979563731628592,2.1039031656353564,2.627138878883122,1.1402720895324168
86.0,123.0,1229.6546630859375,-3.372880817523303,1.574933941677841,1.7345984172574478,1.9591956866657123,0.6969929193615638,-1.373310783142166,-1.0979563731628592,2.1039031656353564,2.627138878883122,1.140268353736111
86.0,123.0,1229.6552734375,-3.372880817523303,1.5749335472158927,1.734683120837663,1.9592094221405016,0.6969924748757071,-1.373310783142166,-1.0979563731628592,2.1040261531205995,2.627138878883122,1.1401090824930866
86.0,123.0,1229.6572265625,-3.3778572047020234,1.5748889839554463,1.7345984150823237,1.955504737835586,0.6969926159188186,-1.3733101729077504,-1.0979567784518829,2.1037509360773927,2.6265620113884087,1.140280022202708
86.0,123.0,1229.6572265625,-3.3778572047020234,1.5748889839554463,1.7345984150823237,1.955504737835586,0.6969926159188186,-1.3733101729077504,-1.0979567784518829,2.1037509360773927,2.6265620113884087,1.140280022202708
86.0,123.0,1229.65771484375,-3.375855464850181,1.5749451166284734,1.73546633762637,1.9556944810599144,0.6969836597919319,-1.373287153483708,-1.0978514686040728,2.114665372234469,2.627144244848433,1.1402912405535828
86.0,123.0,1229.6605224609375,-3.373095837118401,1.5749445917370757,1.7354506201685016,1.9590930817847945,0.6969934647853365,-1.3732874153268724,-1.0978474433193308,2.104583235676202,2.627138878883122,1.1402738866640885
86.0,123.0,1229.66064453125,-3.366407747671524,1.5749338977989176,1.7345984172572968,1.959021395363012,0.6969654018850325,-1.373311551135749,-1.0979545023968829,2.10427439207508,2.627151595198819,1.1402912262409264
86.0,123.0,1229.6622314453125,-3.3760314559097613,1.5749300194382192,1.7345989083495577,1.959089471292032,0.6969833400149446,-1.373286265289161,-1.0979826194325568,2.1040286315330428,2.627138712532328,1.1402707676486326
86.0,123.0,1229.662353515625,-3.3662313541879283,1.574933393316288,1.7345984172925146,1.9590401531984711,0.6969926159188186,-1.373310780981962,-1.0979544392391851,2.103750822718814,2.627179646227259,1.1402720895324168
86.0,123.0,1229.6624755859375,-3.365410535547704,1.5749334837852798,1.7345984172574478,1.9558230780606287,0.6969430848323563,-1.373311551135749,-1.097955421578628,2.099651383533714,2.627148744567483,1.1402911950060084
86.0,123.0,1229.6624755859375,-3.365410535547704,1.5749334837852798,1.7345984172574478,1.9558230780606287,0.6969430848323563,-1.373311551135749,-1.097955421578628,2.099651383533714,2.627148744567483,1.1402911950060084
86.0,123.0,1229.6627197265625,-3.366076250695365,1.5749339250764267,1.7345984172574478,1.9591811612378387,0.6969930375515254,-1.373310783142166,-1.0979565456677864,2.1042767862268823,2.627138878883122,1.1402911293155436
86.0,123.0,1229.6632080078125,-3.373095837118401,1.5749445917370757,1.7354506201685016,1.955495732639413,0.6969934647853365,-1.3732874153268724,-1.0978474433193308,2.098807831877364,2.627132482889732,1.1402738866640885
86.0,123.0,1229.6636962890625,-3.376139539774606,1.5749334724750457,1.7345939230023173,1.955623376035126,0.6969836607340204,-1.373288911616959,-1.0979808259680526,2.098880808356438,2.628104994943268,1.1400843551980049
86.0,123.0,1229.6636962890625,-3.376139539774606,1.5749334724750457,1.7345939230023173,1.955623376035126,0.6969836607340204,-1.373288911616959,-1.0979808259680526,2.098880808356438,2.628104994943268,1.1400843551980049
86.0,123.0,1229.6640625,-3.366011024701914,1.5749339250764267,1.7345984172574478,1.9591811612378387,0.6969926159188186,-1.3733107715950548,-1.0979563731628592,2.1039031656353564,2.627138878883122,1.1402720895324168
86.0,123.0,1229.6663818359375,-3.376047514025416,1.5749334837852798,1.7345984172574478,1.9557971919888344,0.6969836604770421,-1.3732889500757484,-1.0979854943311862,2.098880808356438,2.627148744567483,1.1400896814912846
86.0,123.0,1229.6668701171875,-3.3761647024386265,1.5749334837852798,1.7345984172574478,1.955797838469702,0.6969836773598693,-1.3732871919424972,-1.0979854943311862,2.098880808356438,2.627148744567483,1.1400859424629275
86.0,123.0,1229.6668701171875,-3.376154623922272,1.5749334837852798,1.7345984172574478,1.9557971919888344,0.6969836604770421,-1.3732889500757484,-1.0979854943311862,2.098880808356438,2.627148744567483,1.1400896814912846
86.0,123.0,1229.6668701171875,-3.376154623922272,1.5749334837852798,1.7345984172574478,1.9557971919888344,0.6969836604770421,-1.3732889500757484,-1.0979854943311862,2.098880808356438,2.627148744567483,1.1400896814912846
86.0,123.0,1229.6668701171875,-3.376154623922272,1.5749334837852798,1.7345984172574478,1.9557971989921388,0.6969836604770421,-1.3732891151243671,-1.0979854943311862,2.098880808356438,2.627148744567483,1.1400896814912846
86.0,123.0,1229.668212890625,-3.377856849238276,1.5749329451283636,1.7346793273711592,1.9591340244958948,0.6969747399316117,-1.3733107319926412,-1.0979559329419188,2.104280609092026,2.6280046501035645,1.1400845141794416
86.0,123.0,1229.6688232421875,-3.36640926700799,1.5749334837852798,1.7345983171300408,1.9557977784215683,0.6969729490236116,-1.3732889292930113,-1.0979809170217618,2.0978015104538,2.627148744567483,1.1402911950060084
86.0,123.0,1229.6689453125,-3.3761647024386265,1.5749334888932949,1.7346814301291056,1.9559690192828565,0.6969836773598693,-1.3732893729214355,-1.0979891591688262,2.0987734276484096,2.627303370315189,1.1400859424629275
86.0,124.0,1229.611572265625,-3.3755576740995235,1.5749334646386255,1.73546633762637,1.9558802778243312,0.6969836776168477,-1.3732887915700644,-1.076902783966893,2.098880808356438,2.6258715431336315,1.140270853823768
86.0,124.0,1229.611572265625,-3.3755576740995235,1.5749334646386255,1.73546633762637,1.9558802778243312,0.6969836776168477,-1.3732887915700644,-1.076902783966893,2.098880808356438,2.625876743281305,1.140270853823768
86.0,124.0,1229.612060546875,-3.3755576740995235,1.5749334646386255,1.73546633762637,1.9558802778243312,0.6969836776168477,-1.3732887915700644,-1.076902783966893,2.098880808356438,2.6259240509956587,1.140270853823768
86.0,124.0,1229.6134033203125,-3.3662609674719066,1.5748880485570431,1.7345984172574478,1.9517941629523048,0.6969925904355385,-1.3732885865582267,-1.0979570813115471,2.103633243957183,2.627148744567483,1.1402705048032924
86.0,124.0,1229.615478515625,-3.3662609674719066,1.5749334837852798,1.7345984172574478,1.951603851084991,0.6969836604770421,-1.3732889500757484,-1.0979854943311862,2.115020881209373,2.627148744567483,1.1402907275603962
86.0,124.0,1229.62353515625,-3.375065758616672,1.5749334837852798,1.7345942273231696,1.951603851084991,0.6969799544662341,-1.373309667837075,-1.0979854950321657,2.115020881209373,2.627148744567483,1.1402907275603962
86.0,124.0,1229.630859375,-3.3729085205369733,1.5749339250764267,1.734598914533289,1.9556864684268271,0.6969837658393988,-1.373310783142166,-1.097869805064192,2.104053373501725,2.627138878883122,1.1402811737180285
86.0,124.0,1229.63134765625,-3.3729085205369733,1.5749339250764267,1.734598903285005,1.9557849814100217,0.6969913033369055,-1.373310783142166,-1.0978699899841946,2.104053373501725,2.627138954349346,1.1402816115792709
86.0,124.0,1229.6322021484375,-3.372880817523303,1.574890878743669,1.7345984172925146,1.9553074619448727,0.6969926159188186,-1.373310783142166,-1.0979563731628592,2.103750822718814,2.626589605737577,1.1402720895324168
86.0,124.0,1229.6329345703125,-3.37298017826128,1.5749334794572656,1.7345984172574478,1.955762664679853,0.696976181567478,-1.373311551135749,-1.0979855090969997,2.103917340884203,2.627148744567483,1.1402911950060084
86.0,124.0,1229.633056640625,-3.372946211030792,1.5749339017317974,1.7345984172574478,1.9557704320111309,0.6969654018850325,-1.373311551135749,-1.0979855090969997,2.103917340884203,2.627148744567483,1.1402911950060084
86.0,124.0,1229.633056640625,-3.372946211030792,1.5749339243747706,1.7345984172574478,1.9557704320111309,0.6969654018850325,-1.373311551135749,-1.0979855090969997,2.103917529438232,2.6271484327889825,1.1402932459881123
86.0,124.0,1229.633056640625,-3.37287341206016,1.574933902705138,1.7345984172921471,1.9557704320111309,0.6969649802523257,-1.373311536275595,-1.0979853135459638,2.1039007714835547,2.6271166530300425,1.1402720852060129
86.0,124.0,1229.6337890625,-3.373212314499462,1.574933902705138,1.7345984172574478,1.9557704320111309,0.6969649802523257,-1.373311551135749,-1.0979853135459638,2.1039007714835547,2.627148744567483,1.1402721552228816
86.0,124.0,1229.634521484375,-3.365963176721249,1.5749335827155206,1.7345984172574478,1.9517167044446848,0.6969836783019578,-1.3732889500757484,-1.0979854943311862,2.099236317331341,2.625928550714709,1.1402703408305817
86.0,124.0,1229.6348876953125,-3.3664335690416816,1.5749334724750457,1.7345939230023173,1.955623376035126,0.6969761636688813,-1.3732897132833646,-1.0979808259680526,2.104393658215913,2.6282415946550683,1.1402898054095385
86.0,124.0,1229.6363525390625,-3.366614480304608,1.5749342187361648,1.7346595779874416,1.956030174694363,0.6970167614713585,-1.3732902837437406,-1.097985485349912,2.104272611249179,2.627152351230459,1.140270898654282
86.0,124.0,1229.636962890625,-3.366407747671524,1.574933902705138,1.7345984172574478,1.9557704320111309,0.6969654018850325,-1.373311551135749,-1.0979854860508913,2.10427439207508,2.627148744567483,1.1402911950060084
86.0,124.0,1229.6414794921875,-3.3754192714493727,1.5749342187361648,1.7346553880531634,1.956030174694363,0.6970130554605505,-1.3733110015050671,-1.0979854860508913,2.104272611249179,2.627152351230459,1.140270898654282
86.0,124.0,1229.6416015625,-3.375433250558742,1.5749342148196923,1.734658218347911,1.956030174694363,0.6970132566151497,-1.3733110015050671,-1.0979854860508913,2.104272611249179,2.627152351230459,1.1402612749004863
86.0,124.0,1229.6424560546875,-3.366432049705216,1.5749334724750457,1.734594023129724,1.955620711901214,0.6966563760340103,-1.373312335126102,-1.097985394997182,2.104393658215913,2.6282415946550683,1.1402898054095385
86.0,124.0,1229.644287109375,-3.366407747671524,1.574933902705138,1.7345945315034728,1.9560283052052456,0.6966655526825721,-1.3733110015050671,-1.0979854860508913,2.10427439207508,2.627148744567483,1.1402911950060084
86.0,124.0,1229.64501953125,-3.366710057992349,1.5749334724750457,1.7354508374687223,1.955816597866476,0.6969947474049472,-1.3732873071102525,-1.0979808259680526,2.1043748371895026,2.6281342441132085,1.1402910416165246
86.0,124.0,1229.650146484375,-3.373095837118401,1.5749445917370757,1.7346424509944982,1.959024435411019,0.6969934647853365,-1.3732874153268724,-1.0978474433193308,2.104583235676202,2.627138878883122,1.14027413642869
86.0,124.0,1229.65185546875,-3.372280328369093,1.5749334837852798,1.7345984172574478,1.9558230780606287,0.6969430848323563,-1.3733115626828605,-1.097955421578628,2.099651383533714,2.627148744567483,1.1402911950060084
86.0,124.0,1229.65234375,-3.377548948014888,1.5749300194382192,1.7345989083495577,1.955551420834682,0.6969833400149446,-1.373286265289161,-1.0978721779355405,2.103972256041606,2.6265620556286216,1.14028004684174
86.0,124.0,1229.6524658203125,-3.375488469645737,1.5749460176588352,1.73546633762637,1.9558133466232568,0.6969926218994006,-1.373287153483708,-1.0978524339830882,2.103719797678308,2.626557112372156,1.140270853823768
86.0,124.0,1229.6524658203125,-3.3729085205369733,1.5749339314541149,1.734598903285005,1.9592574311667523,0.6969913033369055,-1.3732887628262662,-1.0978699899841946,2.104053373501725,2.627180133714988,1.1402808844237804
86.0,124.0,1229.6529541015625,-3.366476945867889,1.5749457016278086,1.7354054810766797,1.9558114771341404,0.6966451191214222,-1.373287153483708,-1.0978524339830882,2.103721578504209,2.62655350570918,1.1402911501754944
86.0,124.0,1229.6531982421875,-3.369563522505626,1.5749334837852798,1.7345984172574478,1.9557971919888344,0.6969836604770421,-1.3732889500757484,-1.0979854943311862,2.098880808356438,2.627148744567483,1.1400896814912846
86.0,124.0,1229.6531982421875,-3.369563522505626,1.5748896147691356,1.7345984172574478,1.9557971919888344,0.6969835542104879,-1.3732889458590092,-1.0979843936649305,2.098880808356438,2.627148744567483,1.1400896814912846
86.0,124.0,1229.6533203125,-3.36945641260877,1.5749334837852798,1.7345984172574478,1.9557971919888344,0.6969836604770421,-1.3732889500757484,-1.0979854943311862,2.098880808356438,2.627148744567483,1.1400896814912846
86.0,124.0,1229.653564453125,-3.3729085205369733,1.5749339250764267,1.734598914533289,1.9591811612378387,0.6969924685265173,-1.373310783142166,-1.0978699899841946,2.104053373501725,2.627138878883122,1.1402812540990614
86.0,124.0,1229.6541748046875,-3.3729085205369733,1.5749339250764267,1.734598903285005,1.9592574311667523,0.6969913033369055,-1.373310783142166,-1.0978699899841946,2.104053373501725,2.627138878883122,1.1402812540990614
86.0,124.0,1229.654296875,-3.372880817523303,1.5749334635090284,1.7345984172574478,1.9591811612378387,0.6969843791156829,-1.3733092082243756,-1.0979563731628592,2.1039031656353564,2.6271385448033224,1.1400939681251647
86.0,124.0,1229.654541015625,-3.372880817523303,1.5749339250764267,1.7345984172574478,1.9591811612378387,0.6969926159188186,-1.373310783142166,-1.0979563731628592,2.1039031656353564,2.627138878883122,1.1402720895324168
86.0,124.0,1229.654541015625,-3.372880817523303,1.5749339250764267,1.7345984172574478,1.9591811612378387,0.6969926159188186,-1.373310783142166,-1.0979563731628592,2.1039031656353564,2.627138878883122,1.1402720895324168
86.0,124.0,1229.654541015625,-3.372880817523303,1.5749339250764267,1.7345984172574478,1.9591811612378387,0.6969926159188186,-1.373310783142166,-1.0979563731628592,2.1039031656353564,2.627138878883122,1.1402720895324168
86.0,124.0,1229.654541015625,-3.372880817523303,1.5749339250764267,1.7345984172574478,1.9591811612378387,0.6969926159188186,-1.373310783142166,-1.0979563731628592,2.1039031656353564,2.627138878883122,1.1402720895324168
86.0,124.0,1229.6546630859375,-3.372880817523303,1.574933941677841,1.7345984172574478,1.9591956866657123,0.6969929193615638,-1.373310783142166,-1.0979563731628592,2.1039031656353564,2.627138878883122,1.140268353736111
86.0,124.0,1229.6552734375,-3.372880817523303,1.5749335472158927,1.734683120837663,1.9592094221405016,0.6969924748757071,-1.373310783142166,-1.0979563731628592,2.1040261531205995,2.627138878883122,1.1401090824930866
86.0,124.0,1229.6572265625,-3.3778572047020234,1.5748889839554463,1.7345984150823237,1.955504737835586,0.6969926159188186,-1.3733101729077504,-1.0979567784518829,2.1037509360773927,2.6265620113884087,1.140280022202708
86.0,124.0,1229.6572265625,-3.3778572047020234,1.5748889839554463,1.7345984150823237,1.955504737835586,0.6969926159188186,-1.3733101729077504,-1.0979567784518829,2.1037509360773927,2.6265620113884087,1.140280022202708
86.0,124.0,1229.657470703125,-3.375855464850181,1.5749451166284734,1.735444381867414,1.9556944810599144,0.6969836597919319,-1.3732862763929523,-1.0978551411104611,2.114665372234469,2.627144244848433,1.1402912405535828
86.0,124.0,1229.65771484375,-3.375855464850181,1.5749451166284734,1.73546633762637,1.9556944810599144,0.6969836597919319,-1.373287153483708,-1.0978514686040728,2.114665372234469,2.627144244848433,1.1402912405535828
86.0,124.0,1229.6580810546875,-3.372666312434135,1.5749367046117615,1.7345984172574478,1.9597070213820087,0.6969926159188186,-1.373310783142166,-1.0979563731628592,2.1039031656353564,2.627138741987466,1.1402720895324168
86.0,124.0,1229.6605224609375,-3.373095837118401,1.5749445917370757,1.7354506201685016,1.9590930817847945,0.6969934647853365,-1.3732874153268724,-1.0978474433193308,2.104583235676202,2.627138878883122,1.1402738866640885
86.0,124.0,1229.66064453125,-3.366407747671524,1.5749338977989176,1.7345984172572968,1.959021395363012,0.6969654018850325,-1.373311551135749,-1.0979545023968829,2.10427439207508,2.627151595198819,1.1402912262409264
86.0,124.0,1229.662109375,-3.366370934905756,1.574933941677841,1.7345984172574478,1.959125072668282,0.696992918554091,-1.373310783142166,-1.0979565238373548,2.1039031656353564,2.627138878883122,1.140291538383372
86.0,124.0,1229.6622314453125,-3.3760314559097613,1.5749300194382192,1.7345989083495577,1.959089471292032,0.6969833400149446,-1.373286265289161,-1.0979826194325568,2.1040286315330428,2.627138712532328,1.1402707676486326
86.0,125.0,1229.611572265625,-3.3755576740995235,1.5749334646386255,1.73546633762637,1.9558802778243312,0.6969836776168477,-1.3732887915700644,-1.076902783966893,2.098880808356438,2.6258715431336315,1.140270853823768
86.0,125.0,1229.611572265625,-3.3755576740995235,1.5749334646386255,1.73546633762637,1.9558802778243312,0.6969836776168477,-1.3732887915700644,-1.076902783966893,2.098880808356438,2.625876743281305,1.140270853823768
86.0,125.0,1229.612060546875,-3.3755576740995235,1.5749334646386255,1.73546633762637,1.9558802778243312,0.6969836776168477,-1.3732887915700644,-1.076902783966893,2.098880808356438,2.6259240509956587,1.140270853823768
86.0,125.0,1229.6134033203125,-3.3662609674719066,1.5748880485570431,1.7345984172574478,1.9517941629523048,0.6969925904355385,-1.3732885865582267,-1.0979570813115471,2.103633243957183,2.627148744567483,1.1402705048032924
86.0,125.0,1229.6134033203125,-3.3662609674719066,1.5748880485570431,1.7345984172574478,1.9517941629523048,0.6969925904355385,-1.3732885865582267,-1.0979570813115471,2.103633243957183,2.627148744567483,1.1402705048032924
86.0,125.0,1229.615478515625,-3.3662609674719066,1.5749334837852798,1.7345984172574478,1.951603851084991,0.6969836604770421,-1.3732889500757484,-1.0979854943311862,2.115020881209373,2.627148744567483,1.1402907275603962
86.0,125.0,1229.62353515625,-3.375065758616672,1.5749334837852798,1.7345942273231696,1.951603851084991,0.6969799544662341,-1.373309667837075,-1.0979854950321657,2.115020881209373,2.627148744567483,1.1402907275603962
86.0,125.0,1229.6236572265625,-3.375065758616672,1.5749339304052463,1.7345942273231696,1.951603851084991,0.6969799544662341,-1.373309667837075,-1.0979854950321657,2.1150347305812023,2.627148744567483,1.1402904293487928
86.0,125.0,1229.630859375,-3.3729085205369733,1.5749339250764267,1.734598914533289,1.9556864684268271,0.6969837658393988,-1.373310783142166,-1.097869805064192,2.104053373501725,2.627138878883122,1.1402811737180285
86.0,125.0,1229.63134765625,-3.3729085205369733,1.5749339250764267,1.734598903285005,1.9557849814100217,0.6969913033369055,-1.373310783142166,-1.0978699899841946,2.104053373501725,2.627138954349346,1.1402816115792709
86.0,125.0,1229.63134765625,-3.3729085205369733,1.5749334784564604,1.734598903285005,1.9557849814100217,0.6969913033369055,-1.373310783142166,-1.0978699899841946,2.104039524129896,2.627138954349346,1.140281909790874
86.0,125.0,1229.6322021484375,-3.372880817523303,1.574890878743669,1.7345984172925146,1.9553074619448727,0.6969926159188186,-1.373310783142166,-1.0979563731628592,2.103750822718814,2.626589605737577,1.1402720895324168
86.0,125.0,1229.6326904296875,-3.37287341206016,1.5749339251246874,1.7345984172921471,1.955785550680048,0.6969894972951799,-1.3733115394148687,-1.0979848008410942,2.1039007714835547,2.6271166530300425,1.1402720852060129
86.0,125.0,1229.6329345703125,-3.37298017826128,1.5749334794572656,1.7345984172574478,1.955762664679853,0.696976181567478,-1.373311551135749,-1.0979855090969997,2.103917340884203,2.627148744567483,1.1402911950060084
86.0,125.0,1229.633056640625,-3.372946211030792,1.5749339017317974,1.7345984172574478,1.9557704320111309,0.6969654018850325,-1.373311551135749,-1.0979855090969997,2.103917340884203,2.627148744567483,1.1402911950060084
86.0,125.0,1229.633056640625,-3.372946211030792,1.5749339243747706,1.7345984172574478,1.9557704320111309,0.6969654018850325,-1.373311551135749,-1.0979855090969997,2.103917529438232,2.6271484327889825,1.1402932459881123
86.0,125.0,1229.633056640625,-3.37287341206016,1.574933902705138,1.7345984172921471,1.9557704320111309,0.6969649802523257,-1.373311536275595,-1.0979853135459638,2.1039007714835547,2.6271166530300425,1.1402720852060129
86.0,125.0,1229.633056640625,-3.37287341206016,1.5749339021156612,1.7345984172921471,1.9557704320111309,0.6969649518499558,-1.3733115515126917,-1.0979853135459638,2.103900655078976,2.627114624523892,1.1402720852060129
86.0,125.0,1229.633056640625,-3.372946211030792,1.5749339017317974,1.7345984172574478,1.9557704320111309,0.6969654018850325,-1.373311551135749,-1.0979855090969997,2.103917340884203,2.627148744567483,1.1402911950060084
86.0,125.0,1229.633056640625,-3.372946211030792,1.5749339249642478,1.7345984172574478,1.9557704320111309,0.6969654302874025,-1.3733115358986523,-1.0979855090969997,2.103917645842811,2.627150461295133,1.1402932459881123
86.0,125.0,1229.6337890625,-3.373212314499462,1.574933902705138,1.7345984172574478,1.9557704320111309,0.6969649802523257,-1.373311551135749,-1.0979853135459638,2.1039007714835547,2.627148744567483,1.1402721552228816
86.0,125.0,1229.634521484375,-3.365963176721249,1.5749335827155206,1.7345984172574478,1.9517167044446848,0.6969836783019578,-1.3732889500757484,-1.0979854943311862,2.099236317331341,2.625928550714709,1.1402703408305817
86.0,125.0,1229.6348876953125,-3.3664335690416816,1.5749334724750457,1.7345939230023173,1.955623376035126,0.6969761636688813,-1.3732897132833646,-1.0979808259680526,2.104393658215913,2.6282415946550683,1.1402898054095385
86.0,125.0,1229.6363525390625,-3.366614480304608,1.5749342187361648,1.7346595779874416,1.956030174694363,0.6970167614713585,-1.3732902837437406,-1.097985485349912,2.104272611249179,2.627152351230459,1.140270898654282
86.0,125.0,1229.636962890625,-3.366407747671524,1.574933902705138,1.7345984172574478,1.9557704320111309,0.6969654018850325,-1.373311551135749,-1.0979854860508913,2.10427439207508,2.627148744567483,1.1402911950060084
86.0,125.0,1229.638427734375,-3.372893334389188,1.5749339364052148,1.7354508374687223,1.955816597866476,0.6969947682728146,-1.3733120754410937,-1.0979808259680526,2.1043748371895026,2.6281365099243903,1.1402910416165246
86.0,125.0,1229.6414794921875,-3.3754192714493727,1.5749342187361648,1.7346553880531634,1.956030174694363,0.6970130554605505,-1.3733110015050671,-1.0979854860508913,2.104272611249179,2.627152351230459,1.140270898654282
86.0,125.0,1229.6416015625,-3.375433250558742,1.5749342148196923,1.734658218347911,1.956030174694363,0.6970132566151497,-1.3733110015050671,-1.0979854860508913,2.104272611249179,2.627152351230459,1.1402612749004863
86.0,125.0,1229.6424560546875,-3.366432049705216,1.5749334724750457,1.734594023129724,1.955620711901214,0.6966563760340103,-1.373312335126102,-1.097985394997182,2.104393658215913,2.6282415946550683,1.1402898054095385
86.0,125.0,1229.6434326171875,-3.3754192714493727,1.5749342187361648,1.7346551932781291,1.956030174694363,0.6969690725270838,-1.3733110015050671,-1.0979854860508913,2.1038775696088137,2.627152351230459,1.1402708590205417
86.0,125.0,1229.644287109375,-3.366407747671524,1.574933902705138,1.7345945315034728,1.9560283052052456,0.6966655526825721,-1.3733110015050671,-1.0979854860508913,2.10427439207508,2.627148744567483,1.1402911950060084
86.0,125.0,1229.64501953125,-3.366710057992349,1.5749334724750457,1.7354508374687223,1.955816597866476,0.6969947474049472,-1.3732873071102525,-1.0979808259680526,2.1043748371895026,2.6281342441132085,1.1402910416165246
86.0,125.0,1229.650146484375,-3.373095837118401,1.5749445917370757,1.7346424509944982,1.959024435411019,0.6969934647853365,-1.3732874153268724,-1.0978474433193308,2.104583235676202,2.627138878883122,1.14027413642869
86.0,125.0,1229.650146484375,-3.372280328369093,1.574944098903266,1.7345984172574478,1.959107725939612,0.6969430848323563,-1.373289281401341,-1.09785658131141,2.104582622644201,2.627148744567483,1.1402911950060084
86.0,125.0,1229.651123046875,-3.372280328369093,1.5749334837852798,1.7345909968588102,1.9558230780606287,0.6969430848323563,-1.3733115626828605,-1.0974947112498437,2.099651383533714,2.625936107903723,1.1402907440627692
86.0,125.0,1229.6513671875,-3.373074222357112,1.5749334794572656,1.735482756764816,1.955762664679853,0.6969835656033312,-1.373311551135749,-1.097852251542435,2.1149284822693204,2.627148744567483,1.140291195668656
86.0,125.0,1229.65185546875,-3.372280328369093,1.5749334837852798,1.7345984172574478,1.9558230780606287,0.6969430848323563,-1.3733115626828605,-1.097955421578628,2.099651383533714,2.627148744567483,1.1402911950060084
86.0,125.0,1229.65185546875,-3.3696012232672734,1.5749334837852798,1.7345984172574478,1.9557971919888344,0.6969836604770421,-1.3732889500757484,-1.0979854943311862,2.099222568139544,2.625981185272211,1.1400896814912846
86.0,125.0,1229.65185546875,-3.3729085205369733,1.574933930774438,1.734598903285005,1.959185227709071,0.6969946219241712,-1.3732888632525082,-1.0978699899841946,2.104053373501725,2.627180865307321,1.1402808844237804
86.0,125.0,1229.6519775390625,-3.372819440511628,1.5749447463995696,1.73546633762637,1.955768401103933,0.6969814776715378,-1.3732865721989929,-1.0978514686040728,2.1155183165377327,2.627144244848433,1.1402912405535828
86.0,125.0,1229.65234375,-3.377548948014888,1.5749300194382192,1.7345989083495577,1.955551420834682,0.6969833400149446,-1.373286265289161,-1.0978721779355405,2.103972256041606,2.6265620556286216,1.14028004684174
86.0,125.0,1229.65234375,-3.373095837118401,1.5749339766190893,1.7346424509944982,1.955739787532036,0.6969934647853365,-1.3733096966083913,-1.097946283586549,2.099651996565715,2.627138878883122,1.14027413642869
86.0,125.0,1229.6524658203125,-3.375488469645737,1.5749460176588352,1.73546633762637,1.9558133466232568,0.6969926218994006,-1.373287153483708,-1.0978524339830882,2.103719797678308,2.626557112372156,1.140270853823768
86.0,125.0,1229.6524658203125,-3.3729085205369733,1.5749339314541149,1.734598903285005,1.9592574311667523,0.6969913033369055,-1.3732887628262662,-1.0978699899841946,2.104053373501725,2.627180133714988,1.1402808844237804
86.0,125.0,1229.6529541015625,-3.366476945867889,1.5749457016278086,1.7354054810766797,1.9558114771341404,0.6966451191214222,-1.373287153483708,-1.0978524339830882,2.103721578504209,2.62655350570918,1.1402911501754944
86.0,125.0,1229.6531982421875,-3.369563522505626,1.5749334837852798,1.7345984172574478,1.9557971919888344,0.6969836604770421,-1.3732889500757484,-1.0979854943311862,2.098880808356438,2.627148744567483,1.1400896814912846
86.0,125.0,1229.6531982421875,-3.369563522505626,1.5748896147691356,1.7345984172574478,1.9557971919888344,0.6969835542104879,-1.3732889458590092,-1.0979843936649305,2.098880808356438,2.627148744567483,1.1400896814912846
86.0,125.0,1229.6533203125,-3.36945641260877,1.5749334837852798,1.7345984172574478,1.9557971919888344,0.6969836604770421,-1.3732889500757484,-1.0979854943311862,2.098880808356438,2.627148744567483,1.1400896814912846
86.0,125.0,1229.6533203125,-3.375488469645737,1.5749460176588352,1.73546633762637,1.95581950451047,0.6969926218994006,-1.3733107348591451,-1.0978717664598208,2.104076000688348,2.6265591544208213,1.1402707578665807
86.0,125.0,1229.653564453125,-3.3729085205369733,1.5749339250764267,1.734598914533289,1.9591811612378387,0.6969924685265173,-1.373310783142166,-1.0978699899841946,2.104053373501725,2.627138878883122,1.1402812540990614
86.0,126.0,1229.583740234375,-3.3753878206634083,1.5749339183830458,1.7345972433153432,1.9556764141223253,0.6969836776168477,-1.3732887915700644,-1.076902783966893,2.103928364712892,2.625876743281305,1.140270853823768
86.0,126.0,1229.5899658203125,-3.3755576740995235,1.5749334645291182,1.73546633762637,1.9518319069193688,0.6969836776168477,-1.3733092073194644,-1.076902783966893,2.0990162181867,2.6259240509956587,1.1402726935819572
86.0,126.0,1229.60400390625,-3.367332573305013,1.574933902705138,1.7345792407214695,1.9560283052052456,0.6969821537651637,-1.3732885733342288,-1.0772306470318138,2.1043042347199914,2.625841752430016,1.1402911950060084
86.0,126.0,1229.611572265625,-3.3755576740995235,1.5749334646386255,1.73546633762637,1.9558802778243312,0.6969836776168477,-1.3732887915700644,-1.076902783966893,2.098880808356438,2.6258715431336315,1.140270853823768
86.0,126.0,1229.611572265625,-3.3755576740995235,1.5749334646386255,1.73546633762637,1.9558802778243312,0.6969836776168477,-1.3732887915700644,-1.076902783966893,2.098880808356438,2.625876743281305,1.140270853823768
86.0,126.0,1229.612060546875,-3.3755576740995235,1.5749334646386255,1.73546633762637,1.9558802778243312,0.6969836776168477,-1.3732887915700644,-1.076902783966893,2.098880808356438,2.6259240509956587,1.140270853823768
86.0,126.0,1229.6134033203125,-3.3662609674719066,1.5748880485570431,1.7345984172574478,1.9517941629523048,0.6969925904355385,-1.3732885865582267,-1.0979570813115471,2.103633243957183,2.627148744567483,1.1402705048032924
86.0,126.0,1229.6134033203125,-3.3662609674719066,1.5748880485570431,1.7345984172574478,1.9517941629523048,0.6969925904355385,-1.3732885865582267,-1.0979570813115471,2.103633243957183,2.627148744567483,1.1402705048032924
86.0,126.0,1229.61474609375,-3.375091100433764,1.574944098903266,1.7345984172574478,1.9514512184748969,0.6969430848323563,-1.373289281401341,-1.09785658131141,2.1045361901444988,2.627148744567483,1.1402911950060084
86.0,126.0,1229.615478515625,-3.3662609674719066,1.5749334837852798,1.7345984172574478,1.951603851084991,0.6969836604770421,-1.3732889500757484,-1.0979854943311862,2.115020881209373,2.627148744567483,1.1402907275603962
86.0,126.0,1229.6226806640625,-3.374986508109051,1.5749334784368074,1.7345942812295077,1.951603851084991,0.6969913616456228,-1.373309675416443,-1.0979854950321657,2.1149432429246264,2.627148744567483,1.1402908726268877
86.0,126.0,1229.62353515625,-3.375065758616672,1.5749334837852798,1.7345942273231696,1.951603851084991,0.6969799544662341,-1.373309667837075,-1.0979854950321657,2.115020881209373,2.627148744567483,1.1402907275603962
86.0,126.0,1229.6236572265625,-3.375065758616672,1.5749339304052463,1.7345942273231696,1.951603851084991,0.6969799544662341,-1.373309667837075,-1.0979854950321657,2.1150347305812023,2.627148744567483,1.1402904293487928
86.0,126.0,1229.630859375,-3.3729085205369733,1.5749339250764267,1.734598914533289,1.9556864684268271,0.6969837658393988,-1.373310783142166,-1.097869805064192,2.104053373501725,2.627138878883122,1.1402811737180285
86.0,126.0,1229.63134765625,-3.3729085205369733,1.5749339250764267,1.734598903285005,1.9557849814100217,0.6969913033369055,-1.373310783142166,-1.0978699899841946,2.104053373501725,2.627138954349346,1.1402816115792709
86.0,126.0,1229.63134765625,-3.3729085205369733,1.5749334784564604,1.734598903285005,1.9557849814100217,0.6969913033369055,-1.373310783142166,-1.0978699899841946,2.104039524129896,2.627138954349346,1.140281909790874
86.0,126.0,1229.6314697265625,-3.372987771044594,1.5749334838049325,1.734598849378667,1.9557849814100217,0.6969798961575168,-1.3733107755627978,-1.0978699899841946,2.104117162414642,2.627138954349346,1.1402817647243826
86.0,126.0,1229.6322021484375,-3.372880817523303,1.574890878743669,1.7345984172925146,1.9553074619448727,0.6969926159188186,-1.373310783142166,-1.0979563731628592,2.103750822718814,2.626589605737577,1.1402720895324168
86.0,126.0,1229.6326904296875,-3.37287341206016,1.5749339251246874,1.7345984172921471,1.955785550680048,0.6969894972951799,-1.3733115394148687,-1.0979848008410942,2.1039007714835547,2.6271166530300425,1.1402720852060129
86.0,126.0,1229.6328125,-3.372837941194784,1.57493390365058,1.734597568754188,1.9557704320111309,0.6969649802523257,-1.3733115032964118,-1.0979853135459638,2.1039007714835547,2.627151733991206,1.1402721196493597
86.0,126.0,1229.6329345703125,-3.37298017826128,1.5749334794572656,1.7345984172574478,1.955762664679853,0.696976181567478,-1.373311551135749,-1.0979855090969997,2.103917340884203,2.627148744567483,1.1402911950060084
86.0,126.0,1229.6329345703125,-3.372946211030792,1.574933485887799,1.7345984172574478,1.9557704320111309,0.6969760459145703,-1.373311551135749,-1.0979855090969997,2.103917340884203,2.627148744567483,1.1402911950060084
86.0,126.0,1229.633056640625,-3.372946211030792,1.5749339017317974,1.7345984172574478,1.9557704320111309,0.6969654018850325,-1.373311551135749,-1.0979855090969997,2.103917340884203,2.627148744567483,1.1402911950060084
86.0,126.0,1229.633056640625,-3.372946211030792,1.5749339243747706,1.7345984172574478,1.9557704320111309,0.6969654018850325,-1.373311551135749,-1.0979855090969997,2.103917529438232,2.6271484327889825,1.1402932459881123
86.0,126.0,1229.633056640625,-3.37287341206016,1.574933902705138,1.7345984172921471,1.9557704320111309,0.6969649802523257,-1.373311536275595,-1.0979853135459638,2.1039007714835547,2.6271166530300425,1.1402720852060129
86.0,126.0,1229.633056640625,-3.37287341206016,1.5749339021156612,1.7345984172921471,1.9557704320111309,0.6969649518499558,-1.3733115515126917,-1.0979853135459638,2.103900655078976,2.627114624523892,1.1402720852060129
86.0,126.0,1229.633056640625,-3.372946211030792,1.5749339017317974,1.7345984172574478,1.9557704320111309,0.6969654018850325,-1.373311551135749,-1.0979855090969997,2.103917340884203,2.627148744567483,1.1402911950060084
86.0,126.0,1229.633056640625,-3.372946211030792,1.5749339249642478,1.7345984172574478,1.9557704320111309,0.6969654302874025,-1.3733115358986523,-1.0979855090969997,2.103917645842811,2.627150461295133,1.1402932459881123
86.0,126.0,1229.633056640625,-3.372946211030792,1.5749339249642478,1.7345984172574478,1.9557704320111309,0.6969654302874025,-1.3733115358986523,-1.0979855090969997,2.103917645842811,2.627150461295133,1.1402932459881123
86.0,126.0,1229.633056640625,-3.372946211030792,1.5749339243747706,1.7345984172574478,1.9557704320111309,0.6969654018850325,-1.373311551135749,-1.0979855090969997,2.103917529438232,2.6271484327889825,1.1402932459881123
86.0,126.0,1229.633056640625,-3.37298017826128,1.574933895301264,1.7345984172574478,1.955762664679853,0.6969655375379403,-1.373311551135749,-1.0979855090969997,2.103917340884203,2.627148744567483,1.1402911950060084
86.0,126.0,1229.633056640625,-3.3696012232672734,1.5749334837852798,1.7345984172574478,1.9557971919888344,0.696992253649917,-1.3732889500757484,-1.0979854943311862,2.103617023322998,2.625981185272211,1.1402597310124358
86.0,126.0,1229.6337890625,-3.373212314499462,1.574933902705138,1.7345984172574478,1.9557704320111309,0.6969649802523257,-1.373311551135749,-1.0979853135459638,2.1039007714835547,2.627148744567483,1.1402721552228816
86.0,126.0,1229.634521484375,-3.365963176721249,1.5749335827155206,1.7345984172574478,1.9517167044446848,0.6969836783019578,-1.3732889500757484,-1.0979854943311862,2.099236317331341,2.625928550714709,1.1402703408305817
86.0,126.0,1229.6348876953125,-3.3664335690416816,1.5749334724750457,1.7345939230023173,1.955623376035126,0.6969761636688813,-1.3732897132833646,-1.0979808259680526,2.104393658215913,2.6282415946550683,1.1402898054095385
86.0,126.0,1229.63623046875,-3.3662609674719066,1.5748880485570431,1.7345984172574478,1.9517941629523048,0.6969839972626636,-1.3732885865582267,-1.0979570813115471,2.099238788773729,2.627148744567483,1.1401004552821412
86.0,126.0,1229.6363525390625,-3.366614480304608,1.5749342187361648,1.7346595779874416,1.956030174694363,0.6970167614713585,-1.3732902837437406,-1.097985485349912,2.104272611249179,2.627152351230459,1.140270898654282
86.0,126.0,1229.636962890625,-3.366407747671524,1.574933902705138,1.7345984172574478,1.9557704320111309,0.6969654018850325,-1.373311551135749,-1.0979854860508913,2.10427439207508,2.627148744567483,1.1402911950060084
86.0,126.0,1229.6373291015625,-3.373011458208805,1.5749334769226515,1.7345984172574478,1.9517167044446848,0.6969836783019578,-1.3733136613868904,-1.0979855103016494,2.099317482929264,2.625928550714709,1.1402706260146491
86.0,126.0,1229.638427734375,-3.372893334389188,1.5749339364052148,1.7354508374687223,1.955816597866476,0.6969947682728146,-1.3733120754410937,-1.0979808259680526,2.1043748371895026,2.6281365099243903,1.1402910416165246
86.0,126.0,1229.6414794921875,-3.3754192714493727,1.5749342187361648,1.7346553880531634,1.956030174694363,0.6970130554605505,-1.3733110015050671,-1.0979854860508913,2.104272611249179,2.627152351230459,1.140270898654282
86.0,126.0,1229.6416015625,-3.375433250558742,1.5749342148196923,1.734658218347911,1.956030174694363,0.6970132566151497,-1.3733110015050671,-1.0979854860508913,2.104272611249179,2.627152351230459,1.1402612749004863
86.0,126.0,1229.641845703125,-3.375378449283137,1.5749459312647438,1.7346633723932336,1.9558230780606287,0.6969430848323563,-1.3733115626828605,-1.0979668429530267,2.104095559603343,2.627149238749817,1.1402923532672875
86.0,126.0,1229.6424560546875,-3.366432049705216,1.5749334724750457,1.734594023129724,1.955620711901214,0.6966563760340103,-1.373312335126102,-1.097985394997182,2.104393658215913,2.6282415946550683,1.1402898054095385
86.0,126.0,1229.6434326171875,-3.3754192714493727,1.5749342187361648,1.7346551932781291,1.956030174694363,0.6969690725270838,-1.3733110015050671,-1.0979854860508913,2.1038775696088137,2.627152351230459,1.1402708590205417
86.0,126.0,1229.644287109375,-3.366407747671524,1.574933902705138,1.7345945315034728,1.9560283052052456,0.6966655526825721,-1.3733110015050671,-1.0979854860508913,2.10427439207508,2.627148744567483,1.1402911950060084
86.0,126.0,1229.64501953125,-3.366710057992349,1.5749334724750457,1.7354508374687223,1.955816597866476,0.6969947474049472,-1.3732873071102525,-1.0979808259680526,2.1043748371895026,2.6281342441132085,1.1402910416165246
86.0,126.0,1229.650146484375,-3.373095837118401,1.5749445917370757,1.7346424509944982,1.959024435411019,0.6969934647853365,-1.3732874153268724,-1.0978474433193308,2.104583235676202,2.627138878883122,1.14027413642869
86.0,126.0,1229.650146484375,-3.372280328369093,1.574944098903266,1.7345984172574478,1.959107725939612,0.6969430848323563,-1.373289281401341,-1.09785658131141,2.104582622644201,2.627148744567483,1.1402911950060084
86.0,126.0,1229.65087890625,-3.372280328369093,1.5749339573276795,1.7345982832782123,1.9558230780606287,0.6969647491381192,-1.3733115513395835,-1.0974947112498437,2.099651383533714,2.625936107903723,1.1402907440627692
86.0,127.0,1229.5107421875,-3.3753878206634083,1.5749458909116831,1.7345972433153432,1.9556764141223253,0.7445145575314359,-1.3732895866340131,-1.076902783966893,2.104085069613268,2.625876743281305,1.1402928791357372
86.0,127.0,1229.583740234375,-3.3753878206634083,1.5749339183830458,1.7345972433153432,1.9556764141223253,0.6969836776168477,-1.3732887915700644,-1.076902783966893,2.103928364712892,2.625876743281305,1.140270853823768
86.0,127.0,1229.5877685546875,-3.3727163191298994,1.5749334645291182,1.73546633762637,1.9518319069193688,0.6969836776168477,-1.373309181913343,-1.0773346401397226,2.0990162181867,2.6259240509956587,1.1402815254844485
86.0,127.0,1229.5899658203125,-3.3755576740995235,1.5749334645291182,1.73546633762637,1.9518319069193688,0.6969836776168477,-1.3733092073194644,-1.076902783966893,2.0990162181867,2.6259240509956587,1.1402726935819572
86.0,127.0,1229.60400390625,-3.367332573305013,1.574933902705138,1.7345792407214695,1.9560283052052456,0.6969821537651637,-1.3732885733342288,-1.0772306470318138,2.1043042347199914,2.625841752430016,1.1402911950060084
86.0,127.0,1229.611572265625,-3.3755576740995235,1.5749334646386255,1.73546633762637,1.9558802778243312,0.6969836776168477,-1.3732887915700644,-1.076902783966893,2.098880808356438,2.6258715431336315,1.140270853823768
86.0,127.0,1229.611572265625,-3.3755576740995235,1.5749334646386255,1.73546633762637,1.9558802778243312,0.6969836776168477,-1.3732887915700644,-1.076902783966893,2.098880808356438,2.625876743281305,1.140270853823768
86.0,127.0,1229.612060546875,-3.3755576740995235,1.5749334646386255,1.73546633762637,1.9558802778243312,0.6969836776168477,-1.3732887915700644,-1.076902783966893,2.098880808356438,2.6259240509956587,1.140270853823768
86.0,127.0,1229.612060546875,-3.3755576740995235,1.5749334646386255,1.73546633762637,1.9558802778243312,0.6969836776168477,-1.3732887915700644,-1.076902783966893,2.098880808356438,2.6259240509956587,1.140270853823768
86.0,127.0,1229.6134033203125,-3.3662609674719066,1.5748880485570431,1.7345984172574478,1.9517941629523048,0.6969925904355385,-1.3732885865582267,-1.0979570813115471,2.103633243957183,2.627148744567483,1.1402705048032924
86.0,127.0,1229.6134033203125,-3.3662609674719066,1.5748880485570431,1.7345984172574478,1.9517941629523048,0.6969925904355385,-1.3732885865582267,-1.0979570813115471,2.103633243957183,2.627148744567483,1.1402705048032924
86.0,127.0,1229.61376953125,-3.3728003952890755,1.57488791061738,1.7345984172574478,1.9517941629523048,0.6969925904355385,-1.3733112831155847,-1.0979570813115471,2.103633243957183,2.6265862346137867,1.1402705048032924
86.0,127.0,1229.61474609375,-3.375091100433764,1.574944098903266,1.7345984172574478,1.9514512184748969,0.6969430848323563,-1.373289281401341,-1.09785658131141,2.1045361901444988,2.627148744567483,1.1402911950060084
86.0,127.0,1229.615234375,-3.366425749161855,1.5749334837852798,1.7345984172574478,1.951603851084991,0.6969914115199832,-1.3732889500757484,-1.0979854943311862,2.115142279830141,2.627148744567483,1.1402907275603962
86.0,127.0,1229.615478515625,-3.3662609674719066,1.5749334837852798,1.7345984172574478,1.951603851084991,0.6969836604770421,-1.3732889500757484,-1.0979854943311862,2.115020881209373,2.627148744567483,1.1402907275603962
86.0,127.0,1229.6158447265625,-3.3662609674719066,1.5749340451712883,1.7345984172574478,1.9517882964403723,0.696992616281373,-1.3732895541439805,-1.0979570813115471,2.1149115430045,2.627148744567483,1.1402705048032924
86.0,127.0,1229.615966796875,-3.3755576740995235,1.5749334834895012,1.73546633762637,1.9559822495333663,0.6969838321354163,-1.3732881219342374,-1.0757263223400622,2.098880808356438,2.6258715431336315,1.140270853823768
86.0,127.0,1229.616455078125,-3.365942369447924,1.5749336358015693,1.7345984172574478,1.9517941629523048,0.6969659815338916,-1.3733103891596972,-1.0979570813115471,2.103633243957183,2.627148744567483,1.1402705048032924
86.0,127.0,1229.618408203125,-3.374902858257624,1.5749334787668197,1.7345942812295077,1.951603851084991,0.6969653282693449,-1.373309675416443,-1.0979854950321657,2.103933632054826,2.627148441800212,1.1402908460242167
86.0,127.0,1229.61962890625,-3.375065758616672,1.5748874871710343,1.7345942273231696,1.951609717596923,0.6969799286203996,-1.3733087002513211,-1.0979854950321657,2.103742582162056,2.627148744567483,1.1402907275603962
86.0,127.0,1229.6226806640625,-3.374986508109051,1.5749334784368074,1.7345942812295077,1.951603851084991,0.6969913616456228,-1.373309675416443,-1.0979854950321657,2.1149432429246264,2.627148744567483,1.1402908726268877
86.0,127.0,1229.6226806640625,-3.374986508109051,1.5749334784368074,1.7345942812295077,1.951603851084991,0.6969913214584051,-1.373309675416443,-1.0979854950321657,2.1149432429246264,2.627148744567483,1.1402908852148337
86.0,127.0,1229.62353515625,-3.375065758616672,1.5749334837852798,1.7345942273231696,1.951603851084991,0.6969799544662341,-1.373309667837075,-1.0979854950321657,2.115020881209373,2.627148744567483,1.1402907275603962
86.0,127.0,1229.6236572265625,-3.375065758616672,1.5749339304052463,1.7345942273231696,1.951603851084991,0.6969799544662341,-1.373309667837075,-1.0979854950321657,2.1150347305812023,2.627148744567483,1.1402904293487928
86.0,127.0,1229.6236572265625,-3.375065758616672,1.5749339304052463,1.7345942273231696,1.951603851084991,0.6969799946534516,-1.373309667837075,-1.0979854950321657,2.1150347305812023,2.627148744567483,1.1402904167608472
86.0,127.0,1229.6243896484375,-3.375065758616672,1.5749436720799426,1.734598492519319,1.951603851084991,0.6969398124492161,-1.3733103960955508,-1.0979767598162515,2.1150347305812023,2.627148744567483,1.1402904420428472
86.0,127.0,1229.630859375,-3.3729085205369733,1.5749339250764267,1.734598914533289,1.9556864684268271,0.6969837658393988,-1.373310783142166,-1.097869805064192,2.104053373501725,2.627138878883122,1.1402811737180285
86.0,127.0,1229.63134765625,-3.3729085205369733,1.5749339250764267,1.734598903285005,1.9557849814100217,0.6969913033369055,-1.373310783142166,-1.0978699899841946,2.104053373501725,2.627138954349346,1.1402816115792709
86.0,127.0,1229.63134765625,-3.3729085205369733,1.5749334784564604,1.734598903285005,1.9557849814100217,0.6969913033369055,-1.373310783142166,-1.0978699899841946,2.104039524129896,2.627138954349346,1.140281909790874
86.0,127.0,1229.6314697265625,-3.372987771044594,1.5749334838049325,1.734598849378667,1.9557849814100217,0.6969798961575168,-1.3733107755627978,-1.0978699899841946,2.104117162414642,2.627138954349346,1.1402817647243826
86.0,127.0,1229.6322021484375,-3.372880817523303,1.574890878743669,1.7345984172925146,1.9553074619448727,0.6969926159188186,-1.373310783142166,-1.0979563731628592,2.103750822718814,2.626589605737577,1.1402720895324168
86.0,127.0,1229.6326904296875,-3.37287341206016,1.5749339251246874,1.7345984172921471,1.955785550680048,0.6969894972951799,-1.3733115394148687,-1.0979848008410942,2.1039007714835547,2.6271166530300425,1.1402720852060129
86.0,127.0,1229.6328125,-3.372837941194784,1.57493390365058,1.734597568754188,1.9557704320111309,0.6969649802523257,-1.3733115032964118,-1.0979853135459638,2.1039007714835547,2.627151733991206,1.1402721196493597
86.0,127.0,1229.6329345703125,-3.37298017826128,1.5749334794572656,1.7345984172574478,1.955762664679853,0.696976181567478,-1.373311551135749,-1.0979855090969997,2.103917340884203,2.627148744567483,1.1402911950060084
86.0,127.0,1229.6329345703125,-3.372946211030792,1.574933485887799,1.7345984172574478,1.9557704320111309,0.6969760459145703,-1.373311551135749,-1.0979855090969997,2.103917340884203,2.627148744567483,1.1402911950060084
86.0,127.0,1229.633056640625,-3.372946211030792,1.5749339017317974,1.7345984172574478,1.9557704320111309,0.6969654018850325,-1.373311551135749,-1.0979855090969997,2.103917340884203,2.627148744567483,1.1402911950060084
86.0,127.0,1229.633056640625,-3.372946211030792,1.5749339243747706,1.7345984172574478,1.9557704320111309,0.6969654018850325,-1.373311551135749,-1.0979855090969997,2.103917529438232,2.6271484327889825,1.1402932459881123
86.0,127.0,1229.633056640625,-3.37287341206016,1.574933902705138,1.7345984172921471,1.9557704320111309,0.6969649802523257,-1.373311536275595,-1.0979853135459638,2.1039007714835547,2.6271166530300425,1.1402720852060129
86.0,127.0,1229.633056640625,-3.37287341206016,1.5749339021156612,1.7345984172921471,1.9557704320111309,0.6969649518499558,-1.3733115515126917,-1.0979853135459638,2.103900655078976,2.627114624523892,1.1402720852060129
86.0,127.0,1229.633056640625,-3.372946211030792,1.5749339017317974,1.7345984172574478,1.9557704320111309,0.6969654018850325,-1.373311551135749,-1.0979855090969997,2.103917340884203,2.627148744567483,1.1402911950060084
86.0,127.0,1229.633056640625,-3.372946211030792,1.5749339249642478,1.7345984172574478,1.9557704320111309,0.6969654302874025,-1.3733115358986523,-1.0979855090969997,2.103917645842811,2.627150461295133,1.1402932459881123
86.0,127.0,1229.633056640625,-3.372946211030792,1.5749339249642478,1.7345984172574478,1.9557704320111309,0.6969654302874025,-1.3733115358986523,-1.0979855090969997,2.103917645842811,2.627150461295133,1.1402932459881123
86.0,127.0,1229.633056640625,-3.372946211030792,1.5749339243747706,1.7345984172574478,1.9557704320111309,0.6969654018850325,-1.373311551135749,-1.0979855090969997,2.103917529438232,2.6271484327889825,1.1402932459881123
86.0,127.0,1229.633056640625,-3.37298017826128,1.574933895301264,1.7345984172574478,1.955762664679853,0.6969655375379403,-1.373311551135749,-1.0979855090969997,2.103917340884203,2.627148744567483,1.1402911950060084
86.0,127.0,1229.633056640625,-3.3696012232672734,1.5749334837852798,1.7345984172574478,1.9557971919888344,0.696992253649917,-1.3732889500757484,-1.0979854943311862,2.103617023322998,2.625981185272211,1.1402597310124358
86.0,127.0,1229.633544921875,-3.369436441577325,1.5749334837852798,1.7345984172574478,1.9557971919888344,0.696984502606976,-1.3732889500757484,-1.0979854943311862,2.10349562470223,2.625981185272211,1.1402597310124358
86.0,127.0,1229.6337890625,-3.373212314499462,1.574933902705138,1.7345984172574478,1.9557704320111309,0.6969649802523257,-1.373311551135749,-1.0979853135459638,2.1039007714835547,2.627148744567483,1.1402721552228816
86.0,127.0,1229.6343994140625,-3.3732593058778337,1.5749342208236987,1.734651822552146,1.9557704320111309,0.6969688477100454,-1.373311551135749,-1.0979853135459638,2.1039007714835547,2.627148744567483,1.1402720697298787
86.0,127.0,1229.634521484375,-3.365963176721249,1.5749335827155206,1.7345984172574478,1.9517167044446848,0.6969836783019578,-1.3732889500757484,-1.0979854943311862,2.099236317331341,2.625928550714709,1.1402703408305817
86.0,127.0,1229.6348876953125,-3.3664335690416816,1.5749334724750457,1.7345939230023173,1.955623376035126,0.6969761636688813,-1.3732897132833646,-1.0979808259680526,2.104393658215913,2.6282415946550683,1.1402898054095385
86.0,128.0,1229.5107421875,-3.3753878206634083,1.5749458909116831,1.7345972433153432,1.9556764141223253,0.7445145575314359,-1.3732895866340131,-1.076902783966893,2.104085069613268,2.625876743281305,1.1402928791357372
86.0,128.0,1229.583740234375,-3.3753878206634083,1.5749339183830458,1.7345972433153432,1.9556764141223253,0.6969836776168477,-1.3732887915700644,-1.076902783966893,2.103928364712892,2.625876743281305,1.140270853823768
86.0,128.0,1229.583740234375,-3.3753878206634083,1.5749339015319046,1.7345972433153432,1.9556764141223253,0.6969836776168477,-1.3732887915700644,-1.076902783966893,2.103928364712892,2.625876743281305,1.140270853823768
86.0,128.0,1229.5877685546875,-3.3727163191298994,1.5749334645291182,1.73546633762637,1.9518319069193688,0.6969836776168477,-1.373309181913343,-1.0773346401397226,2.0990162181867,2.6259240509956587,1.1402815254844485
86.0,128.0,1229.5889892578125,-3.3755576740995235,1.5749334646386255,1.73546633762637,1.951792309796197,0.6969836776168477,-1.3732887915700644,-1.076902783966893,2.098880808356438,2.625876743281305,1.140270853823768
86.0,128.0,1229.5899658203125,-3.3755576740995235,1.5749334645291182,1.73546633762637,1.9518319069193688,0.6969836776168477,-1.3733092073194644,-1.076902783966893,2.0990162181867,2.6259240509956587,1.1402726935819572
86.0,128.0,1229.593017578125,-3.3755576740995235,1.5749334646386255,1.7354770481888289,1.955835812301269,0.6969927130446575,-1.3732887915700644,-1.076902783966893,2.103835627625501,2.6258715431336315,1.1402708615682735
86.0,128.0,1229.60400390625,-3.367332573305013,1.574933902705138,1.7345792407214695,1.9560283052052456,0.6969821537651637,-1.3732885733342288,-1.0772306470318138,2.1043042347199914,2.625841752430016,1.1402911950060084
86.0,128.0,1229.607421875,-3.367332573305013,1.5749338687980587,1.7345792322519424,1.9560283052052456,0.6969821537651637,-1.3732890134339664,-1.0765554883119626,2.1042365361267006,2.625841752430016,1.1402911950060084
86.0,128.0,1229.6090087890625,-3.3730039378279364,1.5749342810637834,1.7345984172574478,1.9514512184748969,0.6969665955543075,-1.3733110701381157,-1.097985837142162,2.1045361901444988,2.627148744567483,1.1402911950060084
86.0,128.0,1229.6114501953125,-3.372946211030792,1.5749334838133942,1.7345984172574478,1.9516204545258544,0.6969760459145703,-1.3733114367842725,-1.0979855091637054,2.103917340884203,2.627148744567483,1.1402907211809268
86.0,128.0,1229.611572265625,-3.3755576740995235,1.5749334646386255,1.73546633762637,1.9558802778243312,0.6969836776168477,-1.3732887915700644,-1.076902783966893,2.098880808356438,2.6258715431336315,1.140270853823768
86.0,128.0,1229.611572265625,-3.3755576740995235,1.5749334646386255,1.73546633762637,1.9558802778243312,0.6969836776168477,-1.3732887915700644,-1.076902783966893,2.098880808356438,2.625876743281305,1.140270853823768
86.0,128.0,1229.61181640625,-3.3727648350888138,1.5749334834895012,1.7354966768603632,1.9559822495333663,0.6969838321354163,-1.3732879491337695,-1.0748932908761677,2.103851636395288,2.6266250268993017,1.1402708645659725
86.0,128.0,1229.612060546875,-3.3755576740995235,1.5749334646386255,1.73546633762637,1.9558802778243312,0.6969836776168477,-1.3732887915700644,-1.076902783966893,2.098880808356438,2.6259240509956587,1.140270853823768
86.0,128.0,1229.612060546875,-3.3755576740995235,1.5749334646386255,1.73546633762637,1.9558802778243312,0.6969836776168477,-1.3732887915700644,-1.076902783966893,2.098880808356438,2.6259240509956587,1.140270853823768
86.0,128.0,1229.612060546875,-3.3755576740995235,1.574933481489767,1.73546633762637,1.9558802778243312,0.6969836776168477,-1.3732887915700644,-1.076902783966893,2.098880808356438,2.6259240509956587,1.140270853823768
86.0,128.0,1229.6134033203125,-3.3662609674719066,1.5748880485570431,1.7345984172574478,1.9517941629523048,0.6969925904355385,-1.3732885865582267,-1.0979570813115471,2.103633243957183,2.627148744567483,1.1402705048032924
86.0,128.0,1229.6134033203125,-3.3662609674719066,1.5748880485570431,1.7345984172574478,1.9517941629523048,0.6969925904355385,-1.3732885865582267,-1.0979570813115471,2.103633243957183,2.627148744567483,1.1402705048032924
86.0,128.0,1229.6134033203125,-3.3728003952890755,1.574890877166639,1.7345984172574478,1.9517941629523048,0.696992615507288,-1.3733112831155847,-1.0979570813115471,2.1037575352240507,2.6265862346137867,1.1402722269382315
86.0,128.0,1229.61376953125,-3.3728003952890755,1.57488791061738,1.7345984172574478,1.9517941629523048,0.6969925904355385,-1.3733112831155847,-1.0979570813115471,2.103633243957183,2.6265862346137867,1.1402705048032924
86.0,128.0,1229.61474609375,-3.375091100433764,1.574944098903266,1.7345984172574478,1.9514512184748969,0.6969430848323563,-1.373289281401341,-1.09785658131141,2.1045361901444988,2.627148744567483,1.1402911950060084
86.0,128.0,1229.615234375,-3.366425749161855,1.5749334837852798,1.7345984172574478,1.951603851084991,0.6969914115199832,-1.3732889500757484,-1.0979854943311862,2.115142279830141,2.627148744567483,1.1402907275603962
86.0,128.0,1229.615478515625,-3.3662609674719066,1.5749334837852798,1.7345984172574478,1.951603851084991,0.6969836604770421,-1.3732889500757484,-1.0979854943311862,2.115020881209373,2.627148744567483,1.1402907275603962
86.0,128.0,1229.6158447265625,-3.3662609674719066,1.5749340451712883,1.7345984172574478,1.9517882964403723,0.696992616281373,-1.3732895541439805,-1.0979570813115471,2.1149115430045,2.627148744567483,1.1402705048032924
86.0,128.0,1229.615966796875,-3.3755576740995235,1.5749334834895012,1.73546633762637,1.9559822495333663,0.6969838321354163,-1.3732881219342374,-1.0757263223400622,2.098880808356438,2.6258715431336315,1.140270853823768
86.0,128.0,1229.616455078125,-3.365942369447924,1.5749336358015693,1.7345984172574478,1.9517941629523048,0.6969659815338916,-1.3733103891596972,-1.0979570813115471,2.103633243957183,2.627148744567483,1.1402705048032924
86.0,128.0,1229.6171875,-3.375091100433764,1.574944098903266,1.734597551253179,1.9514512184748969,0.6969419753271002,-1.3733107803308615,-1.0979848049052705,2.104531760718696,2.6271487282199053,1.140272633683962
86.0,128.0,1229.618408203125,-3.374902858257624,1.5749334787668197,1.7345942812295077,1.951603851084991,0.6969653282693449,-1.373309675416443,-1.0979854950321657,2.103933632054826,2.627148441800212,1.1402908460242167
86.0,128.0,1229.61962890625,-3.375065758616672,1.5748874871710343,1.7345942273231696,1.951609717596923,0.6969799286203996,-1.3733087002513211,-1.0979854950321657,2.103742582162056,2.627148744567483,1.1402907275603962
86.0,128.0,1229.619873046875,-3.3728552490678685,1.574933450975029,1.734619156728313,1.9558802778243312,0.6969836776168477,-1.3732887940146434,-1.076902783966893,2.098880808356438,2.6270969412376024,1.140270853823768
86.0,128.0,1229.62060546875,-3.375065758616672,1.5749436720799426,1.734598492519319,1.951603851084991,0.6969387353020038,-1.3733106493305025,-1.0974907677257075,2.1150347305812023,2.627148744567483,1.140271245463959
86.0,128.0,1229.6226806640625,-3.374986508109051,1.5749334784368074,1.7345942812295077,1.951603851084991,0.6969913616456228,-1.373309675416443,-1.0979854950321657,2.1149432429246264,2.627148744567483,1.1402908726268877
86.0,128.0,1229.6226806640625,-3.374986508109051,1.5749334784368074,1.7345942812295077,1.951603851084991,0.6969913214584051,-1.373309675416443,-1.0979854950321657,2.1149432429246264,2.627148744567483,1.1402908852148337
86.0,128.0,1229.62353515625,-3.375065758616672,1.5749334837852798,1.7345942273231696,1.951603851084991,0.6969799544662341,-1.373309667837075,-1.0979854950321657,2.115020881209373,2.627148744567483,1.1402907275603962
86.0,128.0,1229.6236572265625,-3.375065758616672,1.5749339304052463,1.7345942273231696,1.951603851084991,0.6969799544662341,-1.373309667837075,-1.0979854950321657,2.1150347305812023,2.627148744567483,1.1402904293487928
86.0,128.0,1229.6236572265625,-3.375065758616672,1.5749339304052463,1.7345942273231696,1.951603851084991,0.6969799946534516,-1.373309667837075,-1.0979854950321657,2.1150347305812023,2.627148744567483,1.1402904167608472
86.0,128.0,1229.6243896484375,-3.375065758616672,1.5749436720799426,1.734598492519319,1.951603851084991,0.6969398124492161,-1.3733103960955508,-1.0979767598162515,2.1150347305812023,2.627148744567483,1.1402904420428472
86.0,128.0,1229.6243896484375,-3.375065758616672,1.5749436720799426,1.734598492519319,1.951603851084991,0.6969398124492161,-1.3733103960955508,-1.0979767598162515,2.1150347305812023,2.627148744567483,1.1402904420428472
86.0,128.0,1229.625732421875,-3.374986508109051,1.5749334784368074,1.7345942812295077,1.951795598016407,0.6969913616456228,-1.373309675416443,-1.0979581097685456,2.1154729746792804,2.627148744567483,1.140290831624284
86.0,128.0,1229.62939453125,-3.375065758616672,1.5749335176923591,1.734594235792697,1.951603851084991,0.6969799544662341,-1.3733092277373375,-1.098660653752017,2.115088579802664,2.627148744567483,1.1402907275603962
86.0,128.0,1229.630859375,-3.3729085205369733,1.5749339250764267,1.734598914533289,1.9556864684268271,0.6969837658393988,-1.373310783142166,-1.097869805064192,2.104053373501725,2.627138878883122,1.1402811737180285
86.0,128.0,1229.63134765625,-3.3729085205369733,1.5749339250764267,1.734598903285005,1.9557849814100217,0.6969913033369055,-1.373310783142166,-1.0978699899841946,2.104053373501725,2.627138954349346,1.1402816115792709
86.0,128.0,1229.63134765625,-3.3729085205369733,1.5749334784564604,1.734598903285005,1.9557849814100217,0.6969913033369055,-1.373310783142166,-1.0978699899841946,2.104039524129896,2.627138954349346,1.140281909790874
86.0,128.0,1229.6314697265625,-3.372987771044594,1.5749334838049325,1.734598849378667,1.9557849814100217,0.6969798961575168,-1.3733107755627978,-1.0978699899841946,2.104117162414642,2.627138954349346,1.1402817647243826
86.0,128.0,1229.6322021484375,-3.372880817523303,1.574890878743669,1.7345984172925146,1.9553074619448727,0.6969926159188186,-1.373310783142166,-1.0979563731628592,2.103750822718814,2.626589605737577,1.1402720895324168
86.0,128.0,1229.632568359375,-3.372880817523303,1.57488791219441,1.7345984172925146,1.9553074619448727,0.696992590847069,-1.373310783142166,-1.0979563731628592,2.1036265314519467,2.626589605737577,1.1402703673974774
86.0,128.0,1229.6326904296875,-3.37287341206016,1.5749339251246874,1.7345984172921471,1.955785550680048,0.6969894972951799,-1.3733115394148687,-1.0979848008410942,2.1039007714835547,2.6271166530300425,1.1402720852060129
86.0,128.0,1229.6328125,-3.372837941194784,1.57493390365058,1.734597568754188,1.9557704320111309,0.6969649802523257,-1.3733115032964118,-1.0979853135459638,2.1039007714835547,2.627151733991206,1.1402721196493597
86.0,128.0,1229.6329345703125,-3.37298017826128,1.5749334794572656,1.7345984172574478,1.955762664679853,0.696976181567478,-1.373311551135749,-1.0979855090969997,2.103917340884203,2.627148744567483,1.1402911950060084
86.0,129.0,1229.5107421875,-3.3753878206634083,1.5749458909116831,1.7345972433153432,1.9556764141223253,0.7445145575314359,-1.3732895866340131,-1.076902783966893,2.104085069613268,2.625876743281305,1.1402928791357372
86.0,129.0,1229.5701904296875,-3.3729937151287004,1.5749334985186585,1.73546633762637,1.9514520073630943,0.6969649031656318,-1.3733092073194644,-1.0759993684184603,2.1043805923711068,2.6259240509956587,1.1402726935819572
86.0,129.0,1229.574951171875,-3.3728003952890755,1.5749357237743429,1.7345979390644215,1.9517941629523048,0.6969925904355385,-1.373289535765752,-1.07524349299725,2.1042461690353647,2.6266024410645827,1.1402917694911503
86.0,129.0,1229.580078125,-3.37539805433038,1.5749334641748896,1.735496308824436,1.955836106380281,0.696983785424994,-1.3732887915700644,-1.074411322331402,2.103835627625501,2.6219718567225185,1.1402708646490798
86.0,129.0,1229.583740234375,-3.3753878206634083,1.5749339183830458,1.7345972433153432,1.9556764141223253,0.6969836776168477,-1.3732887915700644,-1.076902783966893,2.103928364712892,2.625876743281305,1.140270853823768
86.0,129.0,1229.583740234375,-3.3753878206634083,1.5749339015319046,1.7345972433153432,1.9556764141223253,0.6969836776168477,-1.3732887915700644,-1.076902783966893,2.103928364712892,2.625876743281305,1.140270853823768
86.0,129.0,1229.5877685546875,-3.3727163191298994,1.5749334645291182,1.73546633762637,1.9518319069193688,0.6969836776168477,-1.373309181913343,-1.0773346401397226,2.0990162181867,2.6259240509956587,1.1402815254844485
86.0,129.0,1229.5889892578125,-3.3755576740995235,1.5749334646386255,1.73546633762637,1.951792309796197,0.6969836776168477,-1.3732887915700644,-1.076902783966893,2.098880808356438,2.625876743281305,1.140270853823768
86.0,129.0,1229.5899658203125,-3.3755576740995235,1.5749334645291182,1.73546633762637,1.9518319069193688,0.6969836776168477,-1.3733092073194644,-1.076902783966893,2.0990162181867,2.6259240509956587,1.1402726935819572
86.0,129.0,1229.593017578125,-3.3755576740995235,1.5749334646386255,1.7354770481888289,1.955835812301269,0.6969927130446575,-1.3732887915700644,-1.076902783966893,2.103835627625501,2.6258715431336315,1.1402708615682735
86.0,129.0,1229.59326171875,-3.3755576740995235,1.574933449571135,1.7354770481888289,1.95585254631426,0.6969926155165211,-1.373289569324477,-1.0771309717683342,2.103835627625501,2.625973208129172,1.140270506765645
86.0,129.0,1229.593505859375,-3.3755576740995235,1.574933915011127,1.735488916918957,1.9558709024551089,0.6969836776168477,-1.3732887915700644,-1.076902783966893,2.1038523672973146,2.625876635333284,1.140270853823768
86.0,129.0,1229.5997314453125,-3.3729244548579578,1.5749334839532374,1.7354774162247562,1.9559819554543545,0.6969927597550799,-1.3732879491337695,-1.0773847525116589,2.103851636395288,2.6266250268993017,1.1402708614851662
86.0,129.0,1229.6021728515625,-3.3753878206634083,1.5749334511594033,1.7345746640227564,1.955685789491548,0.6969836776168477,-1.3732887915700644,-1.076902783966893,2.098956805772015,2.625871651081652,1.140270853823768
86.0,129.0,1229.60302734375,-3.3755576740995235,1.574933927690007,1.7345336944285434,1.9559822495333663,0.696983825703373,-1.3732881219342374,-1.0772754161490194,2.098880808356438,2.6258715431336315,1.1402910958636248
86.0,129.0,1229.60400390625,-3.367332573305013,1.574933902705138,1.7345792407214695,1.9560283052052456,0.6969821537651637,-1.3732885733342288,-1.0772306470318138,2.1043042347199914,2.625841752430016,1.1402911950060084
86.0,129.0,1229.60400390625,-3.3753872711969954,1.5749334646386255,1.734603159330287,1.9558802778243312,0.6969836776168477,-1.3732887915700644,-1.076902783966893,2.098880808356438,2.6258715431336315,1.140270853823768
86.0,129.0,1229.6060791015625,-3.3662609674719066,1.5748880485570431,1.7345984172574478,1.9517942143445035,0.6969928337474539,-1.3732885871327605,-1.0766879147443744,2.103506136310729,2.6271388991593545,1.140270851283929
86.0,129.0,1229.607421875,-3.367332573305013,1.5749338687980587,1.7345792322519424,1.9560283052052456,0.6969821537651637,-1.3732890134339664,-1.0765554883119626,2.1042365361267006,2.625841752430016,1.1402911950060084
86.0,129.0,1229.607421875,-3.367332573305013,1.5749338687980587,1.7345792322519424,1.9560283052052456,0.6969821537651637,-1.3732890134339664,-1.0765554883119626,2.1042365361267006,2.625841752430016,1.1402911950060084
86.0,129.0,1229.6090087890625,-3.3730039378279364,1.5749342810637834,1.7345984172574478,1.9514512184748969,0.6969665955543075,-1.3733110701381157,-1.097985837142162,2.1045361901444988,2.627148744567483,1.1402911950060084
86.0,129.0,1229.6114501953125,-3.372946211030792,1.5749334838133942,1.7345984172574478,1.9516204545258544,0.6969760459145703,-1.3733114367842725,-1.0979855091637054,2.103917340884203,2.627148744567483,1.1402907211809268
86.0,129.0,1229.611572265625,-3.3755576740995235,1.5749334646386255,1.73546633762637,1.9558802778243312,0.6969836776168477,-1.3732887915700644,-1.076902783966893,2.098880808356438,2.6258715431336315,1.140270853823768
86.0,129.0,1229.611572265625,-3.3755576740995235,1.5749334646386255,1.73546633762637,1.9558802778243312,0.6969836776168477,-1.3732887915700644,-1.076902783966893,2.098880808356438,2.625876743281305,1.140270853823768
86.0,129.0,1229.61181640625,-3.3727648350888138,1.5749334834895012,1.7354966768603632,1.9559822495333663,0.6969838321354163,-1.3732879491337695,-1.0748932908761677,2.103851636395288,2.6266250268993017,1.1402708645659725
86.0,129.0,1229.61181640625,-3.3727648350888138,1.5749334834895012,1.7354966768603632,1.9559822495333663,0.6969838321354163,-1.3732879491337695,-1.0748932908761677,2.103851636395288,2.6266250268993017,1.1402708645659725
86.0,129.0,1229.612060546875,-3.3755576740995235,1.5749334646386255,1.73546633762637,1.9558802778243312,0.6969836776168477,-1.3732887915700644,-1.076902783966893,2.098880808356438,2.6259240509956587,1.140270853823768
86.0,129.0,1229.612060546875,-3.3755576740995235,1.5749334646386255,1.73546633762637,1.9558802778243312,0.6969836776168477,-1.3732887915700644,-1.076902783966893,2.098880808356438,2.6259240509956587,1.140270853823768
86.0,129.0,1229.612060546875,-3.3755576740995235,1.574933481489767,1.73546633762637,1.9558802778243312,0.6969836776168477,-1.3732887915700644,-1.076902783966893,2.098880808356438,2.6259240509956587,1.140270853823768
86.0,129.0,1229.6134033203125,-3.3662609674719066,1.5748880485570431,1.7345984172574478,1.9517941629523048,0.6969925904355385,-1.3732885865582267,-1.0979570813115471,2.103633243957183,2.627148744567483,1.1402705048032924
86.0,129.0,1229.6134033203125,-3.3662609674719066,1.5748880485570431,1.7345984172574478,1.9517941629523048,0.6969925904355385,-1.3732885865582267,-1.0979570813115471,2.103633243957183,2.627148744567483,1.1402705048032924
86.0,129.0,1229.6134033203125,-3.3728003952890755,1.574890877166639,1.7345984172574478,1.9517941629523048,0.696992615507288,-1.3733112831155847,-1.0979570813115471,2.1037575352240507,2.6265862346137867,1.1402722269382315
86.0,129.0,1229.6134033203125,-3.3728003952890755,1.574890877166639,1.7345984172574478,1.9517941629523048,0.696992615507288,-1.3733112831155847,-1.0979570813115471,2.1037575352240507,2.6265862346137867,1.1402722269382315
86.0,129.0,1229.61376953125,-3.3728003952890755,1.57488791061738,1.7345984172574478,1.9517941629523048,0.6969925904355385,-1.3733112831155847,-1.0979570813115471,2.103633243957183,2.6265862346137867,1.1402705048032924
86.0,129.0,1229.614501953125,-3.3662609674719066,1.5749340602387796,1.7345984172574478,1.9517715624273813,0.6969927138095093,-1.3732887763895676,-1.0977288935101064,2.1149115430045,2.6270470795719425,1.1402708596059214
86.0,129.0,1229.61474609375,-3.375091100433764,1.574944098903266,1.7345984172574478,1.9514512184748969,0.6969430848323563,-1.373289281401341,-1.09785658131141,2.1045361901444988,2.627148744567483,1.1402911950060084
86.0,129.0,1229.615234375,-3.366425749161855,1.5749334837852798,1.7345984172574478,1.951603851084991,0.6969914115199832,-1.3732889500757484,-1.0979854943311862,2.115142279830141,2.627148744567483,1.1402907275603962
86.0,129.0,1229.615478515625,-3.3662609674719066,1.5749334837852798,1.7345984172574478,1.951603851084991,0.6969836604770421,-1.3732889500757484,-1.0979854943311862,2.115020881209373,2.627148744567483,1.1402907275603962
86.0,129.0,1229.6158447265625,-3.3662609674719066,1.5749340451712883,1.7345984172574478,1.9517882964403723,0.696992616281373,-1.3732895541439805,-1.0979570813115471,2.1149115430045,2.627148744567483,1.1402705048032924
86.0,129.0,1229.615966796875,-3.3755576740995235,1.5749334834895012,1.73546633762637,1.9559822495333663,0.6969838321354163,-1.3732881219342374,-1.0757263223400622,2.098880808356438,2.6258715431336315,1.140270853823768
86.0,129.0,1229.615966796875,-3.375067016239564,1.5749334646386255,1.7355053809677818,1.9558802778243312,0.696981615611595,-1.3732887915700644,-1.076902783966893,2.113977758615913,2.6272195934483973,1.140270853823768
86.0,129.0,1229.616455078125,-3.365942369447924,1.5749336358015693,1.7345984172574478,1.9517941629523048,0.6969659815338916,-1.3733103891596972,-1.0979570813115471,2.103633243957183,2.627148744567483,1.1402705048032924
86.0,129.0,1229.6171875,-3.375091100433764,1.574944098903266,1.734597551253179,1.9514512184748969,0.6969419753271002,-1.3733107803308615,-1.0979848049052705,2.104531760718696,2.6271487282199053,1.140272633683962
86.0,129.0,1229.618408203125,-3.374902858257624,1.5749334787668197,1.7345942812295077,1.951603851084991,0.6969653282693449,-1.373309675416443,-1.0979854950321657,2.103933632054826,2.627148441800212,1.1402908460242167
86.0,129.0,1229.61962890625,-3.375065758616672,1.5748874871710343,1.7345942273231696,1.951609717596923,0.6969799286203996,-1.3733087002513211,-1.0979854950321657,2.103742582162056,2.627148744567483,1.1402907275603962
86.0,129.0,1229.619873046875,-3.3728552490678685,1.574933450975029,1.734619156728313,1.9558802778243312,0.6969836776168477,-1.3732887940146434,-1.076902783966893,2.098880808356438,2.6270969412376024,1.140270853823768
86.0,129.0,1229.62060546875,-3.375065758616672,1.5749436720799426,1.734598492519319,1.951603851084991,0.6969387353020038,-1.3733106493305025,-1.0974907677257075,2.1150347305812023,2.627148744567483,1.140271245463959
86.0,129.0,1229.6226806640625,-3.374986508109051,1.5749334784368074,1.7345942812295077,1.951603851084991,0.6969913616456228,-1.373309675416443,-1.0979854950321657,2.1149432429246264,2.627148744567483,1.1402908726268877
86.0,129.0,1229.6226806640625,-3.374986508109051,1.5749334784368074,1.7345942812295077,1.951603851084991,0.6969913214584051,-1.373309675416443,-1.0979854950321657,2.1149432429246264,2.627148744567483,1.1402908852148337
86.0,129.0,1229.62353515625,-3.375065758616672,1.5749334837852798,1.7345942273231696,1.951603851084991,0.6969799544662341,-1.373309667837075,-1.0979854950321657,2.115020881209373,2.627148744567483,1.1402907275603962
86.0,130.0,1229.5107421875,-3.3753878206634083,1.5749458909116831,1.7345972433153432,1.9556764141223253,0.7445145575314359,-1.3732895866340131,-1.076902783966893,2.104085069613268,2.625876743281305,1.1402928791357372
86.0,130.0,1229.560546875,-3.372986180554704,1.5748880485570431,1.7346180270384184,1.9514502004436496,0.6969928337474539,-1.373308835044239,-1.0766394288970038,2.103506136310729,2.6258570953887457,1.140270851283929
86.0,130.0,1229.5701904296875,-3.3729937151287004,1.5749334985186585,1.73546633762637,1.9514520073630943,0.6969649031656318,-1.3733092073194644,-1.0759993684184603,2.1043805923711068,2.6259240509956587,1.1402726935819572
86.0,130.0,1229.5726318359375,-3.375091100433764,1.574944161809127,1.7345984172574478,1.95182547723719,0.6969430848323563,-1.3732901504508224,-1.077024956900265,2.1046643651709576,2.627143341617982,1.1402911950060084
86.0,130.0,1229.572998046875,-3.367332573305013,1.5749334505540142,1.7345792322519424,1.956037076715796,0.6969821537651637,-1.3732890134339664,-1.0765554883119626,2.1042365361267006,2.6219649791115165,1.14029292208335
86.0,130.0,1229.5732421875,-3.372990176181781,1.574933511496001,1.734635250111388,1.951452572431368,0.6969925904355385,-1.373289535765752,-1.07524349299725,2.104221612880848,2.6266024410645827,1.1402917694911503
86.0,130.0,1229.574951171875,-3.3728003952890755,1.5749357237743429,1.7345979390644215,1.9517941629523048,0.6969925904355385,-1.373289535765752,-1.07524349299725,2.1042461690353647,2.6266024410645827,1.1402917694911503
86.0,130.0,1229.580078125,-3.37539805433038,1.5749334641748896,1.735496308824436,1.955836106380281,0.696983785424994,-1.3732887915700644,-1.074411322331402,2.103835627625501,2.6219718567225185,1.1402708646490798
86.0,130.0,1229.5836181640625,-3.3753878206634083,1.5749339812623595,1.7345744893931785,1.955685975458923,0.6969836776168477,-1.3732887915700644,-1.076902783966893,2.103928364712892,2.6258768090309688,1.140270853823768
86.0,130.0,1229.583740234375,-3.3753878206634083,1.5749339183830458,1.7345972433153432,1.9556764141223253,0.6969836776168477,-1.3732887915700644,-1.076902783966893,2.103928364712892,2.625876743281305,1.140270853823768
86.0,130.0,1229.583740234375,-3.3753878206634083,1.5749339015319046,1.7345972433153432,1.9556764141223253,0.6969836776168477,-1.3732887915700644,-1.076902783966893,2.103928364712892,2.625876743281305,1.140270853823768
86.0,130.0,1229.587646484375,-3.3755576740995235,1.5749334646386255,1.73546633762637,1.9515033763739744,0.6969836776168477,-1.3732887915700644,-1.076902783966893,2.098880808356438,2.625876743281305,1.1402707161267238
86.0,130.0,1229.5877685546875,-3.3727163191298994,1.5749334645291182,1.73546633762637,1.9518319069193688,0.6969836776168477,-1.373309181913343,-1.0773346401397226,2.0990162181867,2.6259240509956587,1.1402815254844485
86.0,130.0,1229.5889892578125,-3.3755576740995235,1.5749334646386255,1.73546633762637,1.951792309796197,0.6969836776168477,-1.3732887915700644,-1.076902783966893,2.098880808356438,2.625876743281305,1.140270853823768
86.0,130.0,1229.5899658203125,-3.3755576740995235,1.5749334645291182,1.73546633762637,1.9518319069193688,0.6969836776168477,-1.3733092073194644,-1.076902783966893,2.0990162181867,2.6259240509956587,1.1402726935819572
86.0,130.0,1229.593017578125,-3.3755576740995235,1.5749334646386255,1.7354770481888289,1.955835812301269,0.6969927130446575,-1.3732887915700644,-1.076902783966893,2.103835627625501,2.6258715431336315,1.1402708615682735
86.0,130.0,1229.59326171875,-3.3755576740995235,1.574933449571135,1.7354770481888289,1.95585254631426,0.6969926155165211,-1.373289569324477,-1.0771309717683342,2.103835627625501,2.625973208129172,1.140270506765645
86.0,130.0,1229.593505859375,-3.3755576740995235,1.574933915011127,1.735488916918957,1.9558709024551089,0.6969836776168477,-1.3732887915700644,-1.076902783966893,2.1038523672973146,2.625876635333284,1.140270853823768
86.0,130.0,1229.5997314453125,-3.3729244548579578,1.5749334839532374,1.7354774162247562,1.9559819554543545,0.6969927597550799,-1.3732879491337695,-1.0773847525116589,2.103851636395288,2.6266250268993017,1.1402708614851662
86.0,130.0,1229.5997314453125,-3.3729244548579578,1.5749334839532374,1.7354774162247562,1.9559819554543545,0.6969927597550799,-1.3732879491337695,-1.0773847525116589,2.103851636395288,2.6266250268993017,1.1402708614851662
86.0,130.0,1229.6014404296875,-3.37289932483488,1.5749357237743429,1.7345979302166743,1.9515683535887365,0.696983259533899,-1.3732895357737118,-1.09696498084149,2.1044304503210705,2.6266024410645827,1.1402917694911503
86.0,130.0,1229.6021728515625,-3.3753878206634083,1.5749334511594033,1.7345746640227564,1.955685789491548,0.6969836776168477,-1.3732887915700644,-1.076902783966893,2.098956805772015,2.625871651081652,1.140270853823768
86.0,130.0,1229.60302734375,-3.3755576740995235,1.574933927690007,1.7345336944285434,1.9559822495333663,0.696983825703373,-1.3732881219342374,-1.0772754161490194,2.098880808356438,2.6258715431336315,1.1402910958636248
86.0,130.0,1229.60400390625,-3.367332573305013,1.574933902705138,1.7345792407214695,1.9560283052052456,0.6969821537651637,-1.3732885733342288,-1.0772306470318138,2.1043042347199914,2.625841752430016,1.1402911950060084
86.0,130.0,1229.60400390625,-3.3753872711969954,1.5749334646386255,1.734603159330287,1.9558802778243312,0.6969836776168477,-1.3732887915700644,-1.076902783966893,2.098880808356438,2.6258715431336315,1.140270853823768
86.0,130.0,1229.60400390625,-3.3753872711969954,1.5749334646386255,1.734603159330287,1.9558802778243312,0.6969836776168477,-1.3732887915700644,-1.076902783966893,2.098880808356438,2.6258715431336315,1.140270853823768
86.0,130.0,1229.60400390625,-3.3753872711969954,1.5749334646386255,1.734603159330287,1.9558802778243312,0.6969836776168477,-1.3732887915700644,-1.076902783966893,2.098880808356438,2.6258715431336315,1.140270853823768
86.0,130.0,1229.6060791015625,-3.3662609674719066,1.5748880485570431,1.7345984172574478,1.9517942143445035,0.6969928337474539,-1.3732885871327605,-1.0766879147443744,2.103506136310729,2.6271388991593545,1.140270851283929
86.0,130.0,1229.606689453125,-3.3728043636147302,1.5749324968630358,1.7345984172574478,1.9558988430503683,0.696992615507288,-1.3733112831155847,-1.0743340750219952,2.1037575352240507,2.6265847517246543,1.1402722269382315
86.0,130.0,1229.607421875,-3.367332573305013,1.5749338687980587,1.7345792322519424,1.9560283052052456,0.6969821537651637,-1.3732890134339664,-1.0765554883119626,2.1042365361267006,2.625841752430016,1.1402911950060084
86.0,130.0,1229.607421875,-3.367332573305013,1.5749338687980587,1.7345792322519424,1.9560283052052456,0.6969821537651637,-1.3732890134339664,-1.0765554883119626,2.1042365361267006,2.625841752430016,1.1402911950060084
86.0,130.0,1229.6090087890625,-3.3730039378279364,1.5749342810637834,1.7345984172574478,1.9514512184748969,0.6969665955543075,-1.3733110701381157,-1.097985837142162,2.1045361901444988,2.627148744567483,1.1402911950060084
86.0,130.0,1229.6114501953125,-3.372946211030792,1.5749334838133942,1.7345984172574478,1.9516204545258544,0.6969760459145703,-1.3733114367842725,-1.0979855091637054,2.103917340884203,2.627148744567483,1.1402907211809268
86.0,130.0,1229.611572265625,-3.3755576740995235,1.5749334646386255,1.73546633762637,1.9558802778243312,0.6969836776168477,-1.3732887915700644,-1.076902783966893,2.098880808356438,2.6258715431336315,1.140270853823768
86.0,130.0,1229.611572265625,-3.3755576740995235,1.5749334646386255,1.73546633762637,1.9558802778243312,0.6969836776168477,-1.3732887915700644,-1.076902783966893,2.098880808356438,2.625876743281305,1.140270853823768
86.0,130.0,1229.611572265625,-3.3755576740995235,1.5749334739598797,1.73546633762637,1.9558802778243312,0.6969836776168477,-1.3732887915700644,-1.076902783966893,2.098880808356438,2.625876629780312,1.140270853823768
86.0,130.0,1229.61181640625,-3.3727648350888138,1.5749334834895012,1.7354966768603632,1.9559822495333663,0.6969838321354163,-1.3732879491337695,-1.0748932908761677,2.103851636395288,2.6266250268993017,1.1402708645659725
86.0,130.0,1229.61181640625,-3.3727648350888138,1.5749334834895012,1.7354966768603632,1.9559822495333663,0.6969838321354163,-1.3732879491337695,-1.0748932908761677,2.103851636395288,2.6266250268993017,1.1402708645659725
86.0,130.0,1229.612060546875,-3.3755576740995235,1.5749334646386255,1.73546633762637,1.9558802778243312,0.6969836776168477,-1.3732887915700644,-1.076902783966893,2.098880808356438,2.6259240509956587,1.140270853823768
86.0,130.0,1229.612060546875,-3.3755576740995235,1.5749334646386255,1.73546633762637,1.9558802778243312,0.6969836776168477,-1.3732887915700644,-1.076902783966893,2.098880808356438,2.6259240509956587,1.140270853823768
86.0,130.0,1229.612060546875,-3.3755576740995235,1.574933481489767,1.73546633762637,1.9558802778243312,0.6969836776168477,-1.3732887915700644,-1.076902783966893,2.098880808356438,2.6259240509956587,1.140270853823768
86.0,130.0,1229.6134033203125,-3.3662609674719066,1.5748880485570431,1.7345984172574478,1.9517941629523048,0.6969925904355385,-1.3732885865582267,-1.0979570813115471,2.103633243957183,2.627148744567483,1.1402705048032924
86.0,130.0,1229.6134033203125,-3.3662609674719066,1.5748880485570431,1.7345984172574478,1.9517941629523048,0.6969925904355385,-1.3732885865582267,-1.0979570813115471,2.103633243957183,2.627148744567483,1.1402705048032924
86.0,130.0,1229.6134033203125,-3.3728003952890755,1.574890877166639,1.7345984172574478,1.9517941629523048,0.696992615507288,-1.3733112831155847,-1.0979570813115471,2.1037575352240507,2.6265862346137867,1.1402722269382315
86.0,130.0,1229.6134033203125,-3.3728003952890755,1.574890877166639,1.7345984172574478,1.9517941629523048,0.696992615507288,-1.3733112831155847,-1.0979570813115471,2.1037575352240507,2.6265862346137867,1.1402722269382315
86.0,130.0,1229.6134033203125,-3.3728003952890755,1.574890877166639,1.7345984172574478,1.9517941629523048,0.696992615507288,-1.3733112831155847,-1.0979570813115471,2.1037575352240507,2.6265862346137867,1.1402722269382315
86.0,130.0,1229.61376953125,-3.3728003952890755,1.57488791061738,1.7345984172574478,1.9517941629523048,0.6969925904355385,-1.3733112831155847,-1.0979570813115471,2.103633243957183,2.6265862346137867,1.1402705048032924
86.0,130.0,1229.614501953125,-3.3662609674719066,1.5749340602387796,1.7345984172574478,1.9517715624273813,0.6969927138095093,-1.3732887763895676,-1.0977288935101064,2.1149115430045,2.6270470795719425,1.1402708596059214
86.0,130.0,1229.61474609375,-3.375091100433764,1.574944098903266,1.7345984172574478,1.9514512184748969,0.6969430848323563,-1.373289281401341,-1.09785658131141,2.1045361901444988,2.627148744567483,1.1402911950060084
86.0,130.0,1229.6151123046875,-3.3658967710768626,1.5749336358015693,1.7345984172574478,1.9517941629523048,0.6969659815338916,-1.3733103891596972,-1.0980496579793997,2.1042236873532176,2.627148744567483,1.1402712956178862
86.0,131.0,1229.3858642578125,-3.3753878206634083,1.5175337369552788,1.7345972433153432,1.9558336729125507,0.7453586304578587,-1.373288820737006,-1.076902783966893,2.104088518079373,2.625876743281305,1.1402930966882274
86.0,131.0,1229.5107421875,-3.3753878206634083,1.5749458909116831,1.7345972433153432,1.9556764141223253,0.7445145575314359,-1.3732895866340131,-1.076902783966893,2.104085069613268,2.625876743281305,1.1402928791357372
86.0,131.0,1229.560546875,-3.372986180554704,1.5748880485570431,1.7346180270384184,1.9514502004436496,0.6969928337474539,-1.373308835044239,-1.0766394288970038,2.103506136310729,2.6258570953887457,1.140270851283929
86.0,131.0,1229.5673828125,-3.372848156790454,1.5749334646386255,1.73546633762637,1.9518093093329465,0.6969836606829349,-1.3732897132701325,-1.076902783966893,2.1044788960354808,2.6259232839302022,1.140270853823768
86.0,131.0,1229.5687255859375,-3.3754982808249903,1.5749334646386255,1.7354770481888289,1.951439818129112,0.6969928343196793,-1.3733076133323467,-1.076902783966893,2.103508325889645,2.625857030889647,1.1402708510403785
86.0,131.0,1229.5701904296875,-3.3729937151287004,1.5749334985186585,1.73546633762637,1.9514520073630943,0.6969649031656318,-1.3733092073194644,-1.0759993684184603,2.1043805923711068,2.6259240509956587,1.1402726935819572
86.0,131.0,1229.5726318359375,-3.375091100433764,1.574944161809127,1.7345984172574478,1.95182547723719,0.6969430848323563,-1.3732901504508224,-1.077024956900265,2.1046643651709576,2.627143341617982,1.1402911950060084
86.0,131.0,1229.5728759765625,-3.3728803785620403,1.574933512695782,1.7345793158944047,1.951452572431368,0.6969925904355385,-1.3732895242725305,-1.07524349299725,2.104221612880848,2.6266024410645827,1.1402917694911503
86.0,131.0,1229.572998046875,-3.367332573305013,1.5749334505540142,1.7345792322519424,1.956037076715796,0.6969821537651637,-1.3732890134339664,-1.0765554883119626,2.1042365361267006,2.6219649791115165,1.14029292208335
86.0,131.0,1229.5732421875,-3.372990176181781,1.574933511496001,1.734635250111388,1.951452572431368,0.6969925904355385,-1.373289535765752,-1.07524349299725,2.104221612880848,2.6266024410645827,1.1402917694911503
86.0,131.0,1229.573974609375,-3.375084487765502,1.574944161809127,1.7346030650024007,1.95206678541466,0.696984577137313,-1.373288865509129,-1.077024956900265,2.104305925071275,2.627143341617982,1.1402919827629734
86.0,131.0,1229.574951171875,-3.3728003952890755,1.5749357237743429,1.7345979390644215,1.9517941629523048,0.6969925904355385,-1.373289535765752,-1.07524349299725,2.1042461690353647,2.6266024410645827,1.1402917694911503
86.0,131.0,1229.580078125,-3.37539805433038,1.5749334641748896,1.735496308824436,1.955836106380281,0.696983785424994,-1.3732887915700644,-1.074411322331402,2.103835627625501,2.6219718567225185,1.1402708646490798
86.0,131.0,1229.5836181640625,-3.3753878206634083,1.5749339812623595,1.7345744893931785,1.955685975458923,0.6969836776168477,-1.3732887915700644,-1.076902783966893,2.103928364712892,2.6258768090309688,1.140270853823768
86.0,131.0,1229.583740234375,-3.3753878206634083,1.5749339183830458,1.7345972433153432,1.9556764141223253,0.6969836776168477,-1.3732887915700644,-1.076902783966893,2.103928364712892,2.625876743281305,1.140270853823768
86.0,131.0,1229.583740234375,-3.3753878206634083,1.5749339015319046,1.7345972433153432,1.9556764141223253,0.6969836776168477,-1.3732887915700644,-1.076902783966893,2.103928364712892,2.625876743281305,1.140270853823768
86.0,131.0,1229.583740234375,-3.3753878206634083,1.5749339015319046,1.7345972433153432,1.9556851084533249,0.6969836776168477,-1.3732887915700644,-1.076902783966893,2.103928364712892,2.6258764702630986,1.140270853823768
86.0,131.0,1229.587646484375,-3.3755576740995235,1.5749334646386255,1.73546633762637,1.9515033763739744,0.6969836776168477,-1.3732887915700644,-1.076902783966893,2.098880808356438,2.625876743281305,1.1402707161267238
86.0,131.0,1229.587646484375,-3.3662609674719066,1.5748880485570431,1.7345984172574478,1.9517942143445035,0.6969928337474539,-1.3733099191121128,-1.0766879147443744,2.103506136310729,2.625921886194413,1.140270851283929
86.0,131.0,1229.5877685546875,-3.3727163191298994,1.5749334645291182,1.73546633762637,1.9518319069193688,0.6969836776168477,-1.373309181913343,-1.0773346401397226,2.0990162181867,2.6259240509956587,1.1402815254844485
86.0,131.0,1229.5889892578125,-3.3755576740995235,1.5749334646386255,1.73546633762637,1.951792309796197,0.6969836776168477,-1.3732887915700644,-1.076902783966893,2.098880808356438,2.625876743281305,1.140270853823768
86.0,131.0,1229.5899658203125,-3.3755576740995235,1.5749334645291182,1.73546633762637,1.9518319069193688,0.6969836776168477,-1.3733092073194644,-1.076902783966893,2.0990162181867,2.6259240509956587,1.1402726935819572
86.0,131.0,1229.593017578125,-3.3755576740995235,1.5749334646386255,1.7354770481888289,1.955835812301269,0.6969927130446575,-1.3732887915700644,-1.076902783966893,2.103835627625501,2.6258715431336315,1.1402708615682735
86.0,131.0,1229.59326171875,-3.3755576740995235,1.574933449571135,1.7354770481888289,1.95585254631426,0.6969926155165211,-1.373289569324477,-1.0771309717683342,2.103835627625501,2.625973208129172,1.140270506765645
86.0,131.0,1229.593505859375,-3.3755576740995235,1.574933915011127,1.735488916918957,1.9558709024551089,0.6969836776168477,-1.3732887915700644,-1.076902783966893,2.1038523672973146,2.625876635333284,1.140270853823768
86.0,131.0,1229.593505859375,-3.375557402188579,1.574933915022266,1.735488916918957,1.9558709024551089,0.6969836776168477,-1.3732887915700644,-1.076902783966893,2.1038523672973146,2.625876635333284,1.140270853823768
86.0,131.0,1229.5989990234375,-3.3729244548579578,1.5749334839532374,1.7354774162247562,1.9558819775511715,0.6969927597550799,-1.3732879681356598,-1.0773755157800524,2.103851636395288,2.6266250268993017,1.1402708538331927
86.0,131.0,1229.5997314453125,-3.3729244548579578,1.5749334839532374,1.7354774162247562,1.9559819554543545,0.6969927597550799,-1.3732879491337695,-1.0773847525116589,2.103851636395288,2.6266250268993017,1.1402708614851662
86.0,131.0,1229.5997314453125,-3.3729244548579578,1.5749334839532374,1.7354774162247562,1.9559819554543545,0.6969927597550799,-1.3732879491337695,-1.0773847525116589,2.103851636395288,2.6266250268993017,1.1402708614851662
86.0,131.0,1229.6014404296875,-3.37289932483488,1.5749357237743429,1.7345979302166743,1.9515683535887365,0.696983259533899,-1.3732895357737118,-1.09696498084149,2.1044304503210705,2.6266024410645827,1.1402917694911503
86.0,131.0,1229.6016845703125,-3.372860114722976,1.574933484268174,1.7354774162247562,1.9559795908926143,0.6969932204649691,-1.3732879549320351,-1.0769071576658586,2.103851636395288,2.6266274330212247,1.1402708614851662
86.0,131.0,1229.60205078125,-3.3753878206634083,1.5749334511594033,1.7345746640227564,1.9556770951605489,0.6969836776168477,-1.3732887915700644,-1.076902783966893,2.098956805772015,2.625871924099859,1.140270853823768
86.0,131.0,1229.6021728515625,-3.3753878206634083,1.5749334511594033,1.7345746640227564,1.955685789491548,0.6969836776168477,-1.3732887915700644,-1.076902783966893,2.098956805772015,2.625871651081652,1.140270853823768
86.0,131.0,1229.60302734375,-3.3755576740995235,1.574933927690007,1.7345336944285434,1.9559822495333663,0.696983825703373,-1.3732881219342374,-1.0772754161490194,2.098880808356438,2.6258715431336315,1.1402910958636248
86.0,131.0,1229.60400390625,-3.367332573305013,1.574933902705138,1.7345792407214695,1.9560283052052456,0.6969821537651637,-1.3732885733342288,-1.0772306470318138,2.1043042347199914,2.625841752430016,1.1402911950060084
86.0,131.0,1229.60400390625,-3.3753872711969954,1.5749334646386255,1.734603159330287,1.9558802778243312,0.6969836776168477,-1.3732887915700644,-1.076902783966893,2.098880808356438,2.6258715431336315,1.140270853823768
86.0,131.0,1229.60400390625,-3.3753872711969954,1.5749334646386255,1.734603159330287,1.9558802778243312,0.6969836776168477,-1.3732887915700644,-1.076902783966893,2.098880808356438,2.6258715431336315,1.140270853823768
86.0,131.0,1229.60400390625,-3.3753872711969954,1.5749334646386255,1.734603159330287,1.9558802778243312,0.6969836776168477,-1.3732887915700644,-1.076902783966893,2.098880808356438,2.6258715431336315,1.140270853823768
86.0,131.0,1229.6060791015625,-3.3662609674719066,1.5748880485570431,1.7345984172574478,1.9517942143445035,0.6969928337474539,-1.3732885871327605,-1.0766879147443744,2.103506136310729,2.6271388991593545,1.140270851283929
86.0,131.0,1229.606689453125,-3.3728043636147302,1.5749324968630358,1.7345984172574478,1.9558988430503683,0.696992615507288,-1.3733112831155847,-1.0743340750219952,2.1037575352240507,2.6265847517246543,1.1402722269382315
86.0,131.0,1229.6070556640625,-3.367332573305013,1.5749338687980587,1.7345792322519424,1.9560283052052456,0.696982129833948,-1.3732890134339664,-1.0765554883119626,2.104391060334662,2.625839645605541,1.1402905437497255
86.0,131.0,1229.6070556640625,-3.3755576740995235,1.574933927690007,1.7345336944285434,1.9558401670093848,0.696983825703373,-1.3732881128439218,-1.0772754161490194,2.09835474734776,2.626062551751638,1.1402910958636248
86.0,131.0,1229.607421875,-3.367332573305013,1.5749338687980587,1.7345792322519424,1.9560283052052456,0.6969821537651637,-1.3732890134339664,-1.0765554883119626,2.1042365361267006,2.625841752430016,1.1402911950060084
86.0,131.0,1229.607421875,-3.367332573305013,1.5749338687980587,1.7345792322519424,1.9560283052052456,0.6969821537651637,-1.3732890134339664,-1.0765554883119626,2.1042365361267006,2.625841752430016,1.1402911950060084
86.0,131.0,1229.6077880859375,-3.3755576740995235,1.5749334646386255,1.7354770481888289,1.955678553511044,0.6961486401182347,-1.3732895574670718,-1.076902783966893,2.1038321791593964,2.6258715431336315,1.1402706440157837
86.0,131.0,1229.6090087890625,-3.3730039378279364,1.5749342810637834,1.7345984172574478,1.9514512184748969,0.6969665955543075,-1.3733110701381157,-1.097985837142162,2.1045361901444988,2.627148744567483,1.1402911950060084
86.0,131.0,1229.6114501953125,-3.372946211030792,1.5749334838133942,1.7345984172574478,1.9516204545258544,0.6969760459145703,-1.3733114367842725,-1.0979855091637054,2.103917340884203,2.627148744567483,1.1402907211809268
86.0,131.0,1229.6114501953125,-3.372991903306823,1.5749334839586095,1.7345984172574478,1.9516204545258544,0.6969652232057957,-1.3733114367842725,-1.0981483156381615,2.1043763867191174,2.6271853035635955,1.1402907211809268
86.0,131.0,1229.611572265625,-3.3755576740995235,1.5749334646386255,1.73546633762637,1.9558802778243312,0.6969836776168477,-1.3732887915700644,-1.076902783966893,2.098880808356438,2.6258715431336315,1.140270853823768
86.0,131.0,1229.611572265625,-3.3755576740995235,1.5749334646386255,1.73546633762637,1.9558802778243312,0.6969836776168477,-1.3732887915700644,-1.076902783966893,2.098880808356438,2.625876743281305,1.140270853823768
86.0,132.0,1229.3858642578125,-3.3753878206634083,1.5175337369552788,1.7345972433153432,1.9558336729125507,0.7453586304578587,-1.373288820737006,-1.076902783966893,2.104088518079373,2.625876743281305,1.1402930966882274
86.0,132.0,1229.5103759765625,-3.3753878206634083,1.57494548464944,1.7346188146784802,1.9556764141223253,0.7445145575314359,-1.3732895866340131,-1.0766134579374886,2.104106941765793,2.6258772806697563,1.1402935647402193
86.0,132.0,1229.5107421875,-3.3753878206634083,1.5749458909116831,1.7345972433153432,1.9556764141223253,0.7445145575314359,-1.3732895866340131,-1.076902783966893,2.104085069613268,2.625876743281305,1.1402928791357372
86.0,132.0,1229.530517578125,-3.375395328819333,1.5757764672213974,1.7346218175038617,1.9559819554543545,0.7441574885106096,-1.373288824462556,-1.0769052790951064,2.1038394688499698,2.6266250268993017,1.1402942862699728
86.0,132.0,1229.53759765625,-3.367332573305013,1.5749334679413074,1.7345791775729236,1.9515917734711203,0.6969657549821218,-1.3732890134339664,-1.0765554883119626,2.1042365361267006,2.6220261537167566,1.14029292208335
86.0,132.0,1229.5584716796875,-3.37539805433038,1.5749334641748896,1.7354966620894037,1.932376289193824,0.6969937248554418,-1.373287968603606,-1.0744191221568276,2.103835627625501,2.626602980920159,1.1402708646921864
86.0,132.0,1229.560546875,-3.372986180554704,1.5748880485570431,1.7346180270384184,1.9514502004436496,0.6969928337474539,-1.373308835044239,-1.0766394288970038,2.103506136310729,2.6258570953887457,1.140270851283929
86.0,132.0,1229.561767578125,-3.3729891137667054,1.5749334985186585,1.7345737041595195,1.951443596486057,0.6969927703936041,-1.3733092073194644,-1.0759993684184603,2.10424843187354,2.6259240509956587,1.1402726935819572
86.0,132.0,1229.5670166015625,-3.3728414784472545,1.5749339020448578,1.7354279414261828,1.9518093093329465,0.6969836768630017,-1.3732887683553472,-1.076902783966893,2.104478846981658,2.625929615989177,1.140270853823768
86.0,132.0,1229.5673828125,-3.372848156790454,1.5749334646386255,1.73546633762637,1.9518093093329465,0.6969836606829349,-1.3732897132701325,-1.076902783966893,2.1044788960354808,2.6259232839302022,1.140270853823768
86.0,132.0,1229.5687255859375,-3.3754982808249903,1.5749334646386255,1.7354770481888289,1.951439818129112,0.6969928343196793,-1.3733076133323467,-1.076902783966893,2.103508325889645,2.625857030889647,1.1402708510403785
86.0,132.0,1229.5692138671875,-3.3754982808249903,1.5749334646386255,1.7354770481888289,1.951505790706852,0.6969928343196793,-1.3733076133323467,-1.076902783966893,2.103508325889645,2.6258767013730897,1.1402708510403785
86.0,132.0,1229.5693359375,-3.37533453646438,1.5749334852157495,1.7345792322519424,1.956037076715796,0.6969821499824298,-1.373288995278751,-1.076932065726432,2.1039458053873887,2.6219649791115165,1.1402709701952454
86.0,132.0,1229.5701904296875,-3.3729937151287004,1.5749334985186585,1.73546633762637,1.9514520073630943,0.6969649031656318,-1.3733092073194644,-1.0759993684184603,2.1043805923711068,2.6259240509956587,1.1402726935819572
86.0,132.0,1229.5726318359375,-3.375091100433764,1.574944161809127,1.7345984172574478,1.95182547723719,0.6969430848323563,-1.3732901504508224,-1.077024956900265,2.1046643651709576,2.627143341617982,1.1402911950060084
86.0,132.0,1229.5728759765625,-3.3728803785620403,1.574933512695782,1.7345793158944047,1.951452572431368,0.6969925904355385,-1.3732895242725305,-1.07524349299725,2.104221612880848,2.6266024410645827,1.1402917694911503
86.0,132.0,1229.572998046875,-3.367332573305013,1.5749334505540142,1.7345792322519424,1.956037076715796,0.6969821537651637,-1.3732890134339664,-1.0765554883119626,2.1042365361267006,2.6219649791115165,1.14029292208335
86.0,132.0,1229.5731201171875,-3.3728844009284846,1.5749339410772183,1.7345781238840696,1.951452572431368,0.6969925904355385,-1.3732880769202962,-1.07524349299725,2.104221612880848,2.626627597551439,1.1402917639877137
86.0,132.0,1229.5732421875,-3.372990176181781,1.574933511496001,1.734635250111388,1.951452572431368,0.6969925904355385,-1.373289535765752,-1.07524349299725,2.104221612880848,2.6266024410645827,1.1402917694911503
86.0,132.0,1229.573974609375,-3.375084487765502,1.574944161809127,1.7346030650024007,1.95206678541466,0.696984577137313,-1.373288865509129,-1.077024956900265,2.104305925071275,2.627143341617982,1.1402919827629734
86.0,132.0,1229.574951171875,-3.3728003952890755,1.5749357237743429,1.7345979390644215,1.9517941629523048,0.6969925904355385,-1.373289535765752,-1.07524349299725,2.1042461690353647,2.6266024410645827,1.1402917694911503
86.0,132.0,1229.580078125,-3.37539805433038,1.5749334641748896,1.735496308824436,1.955836106380281,0.696983785424994,-1.3732887915700644,-1.074411322331402,2.103835627625501,2.6219718567225185,1.1402708646490798
86.0,132.0,1229.5836181640625,-3.3753878206634083,1.5749339812623595,1.7345744893931785,1.955685975458923,0.6969836776168477,-1.3732887915700644,-1.076902783966893,2.103928364712892,2.6258768090309688,1.140270853823768
86.0,132.0,1229.583740234375,-3.3753878206634083,1.5749339183830458,1.7345972433153432,1.9556764141223253,0.6969836776168477,-1.3732887915700644,-1.076902783966893,2.103928364712892,2.625876743281305,1.140270853823768
86.0,132.0,1229.583740234375,-3.3753878206634083,1.5749339015319046,1.7345972433153432,1.9556764141223253,0.6969836776168477,-1.3732887915700644,-1.076902783966893,2.103928364712892,2.625876743281305,1.140270853823768
86.0,132.0,1229.583740234375,-3.3753878206634083,1.5749339015319046,1.7345972433153432,1.9556851084533249,0.6969836776168477,-1.3732887915700644,-1.076902783966893,2.103928364712892,2.6258764702630986,1.140270853823768
86.0,132.0,1229.5841064453125,-3.375394499006608,1.5749334809768138,1.7346356395155302,1.9556764141223253,0.6969836614367809,-1.3732897364848495,-1.076902783966893,2.103928413766716,2.62587041122233,1.140270853823768
86.0,132.0,1229.58544921875,-3.3753878206634083,1.5749339812623595,1.7345744893931785,1.955685975458923,0.6969643945074464,-1.3733091472154288,-1.0768026215984094,2.1038895650678704,2.6258765497099823,1.140270853823768
86.0,132.0,1229.587158203125,-3.3755576740995235,1.5749334646386255,1.73546633762637,1.951437403796234,0.6969836776168477,-1.3732887915700644,-1.076902783966893,2.098880808356438,2.6258570727978623,1.1402707161267238
86.0,132.0,1229.587646484375,-3.3755576740995235,1.5749334646386255,1.73546633762637,1.9515033763739744,0.6969836776168477,-1.3732887915700644,-1.076902783966893,2.098880808356438,2.625876743281305,1.1402707161267238
86.0,132.0,1229.587646484375,-3.3662609674719066,1.5748880485570431,1.7345984172574478,1.9517942143445035,0.6969928337474539,-1.3733099191121128,-1.0766879147443744,2.103506136310729,2.625921886194413,1.140270851283929
86.0,132.0,1229.5877685546875,-3.3727163191298994,1.5749334645291182,1.73546633762637,1.9518319069193688,0.6969836776168477,-1.373309181913343,-1.0773346401397226,2.0990162181867,2.6259240509956587,1.1402815254844485
86.0,132.0,1229.5889892578125,-3.3755576740995235,1.5749334646386255,1.73546633762637,1.951792309796197,0.6969836776168477,-1.3732887915700644,-1.076902783966893,2.098880808356438,2.625876743281305,1.140270853823768
86.0,132.0,1229.5899658203125,-3.3755576740995235,1.5749334645291182,1.73546633762637,1.9518319069193688,0.6969836776168477,-1.3733092073194644,-1.076902783966893,2.0990162181867,2.6259240509956587,1.1402726935819572
86.0,132.0,1229.5899658203125,-3.3755576740995235,1.5749334645291182,1.73546633762637,1.9518319069193688,0.6969836776168477,-1.3733092073194644,-1.076902783966893,2.0990162181867,2.6259240509956587,1.1402726935819572
86.0,132.0,1229.593017578125,-3.3755576740995235,1.5749334646386255,1.7354770481888289,1.955835812301269,0.6969927130446575,-1.3732887915700644,-1.076902783966893,2.103835627625501,2.6258715431336315,1.1402708615682735
86.0,132.0,1229.59326171875,-3.3755576740995235,1.574933449571135,1.7354770481888289,1.95585254631426,0.6969926155165211,-1.373289569324477,-1.0771309717683342,2.103835627625501,2.625973208129172,1.140270506765645
86.0,132.0,1229.5933837890625,-3.375399308314613,1.5749339047675004,1.735488916918957,1.955872498867253,0.6969836776168477,-1.3732887915700644,-1.076902783966893,2.1038523672973146,2.625871339330726,1.140270853823768
86.0,132.0,1229.593505859375,-3.3755576740995235,1.574933915011127,1.735488916918957,1.9558709024551089,0.6969836776168477,-1.3732887915700644,-1.076902783966893,2.1038523672973146,2.625876635333284,1.140270853823768
86.0,132.0,1229.593505859375,-3.375557402188579,1.574933915022266,1.735488916918957,1.9558709024551089,0.6969836776168477,-1.3732887915700644,-1.076902783966893,2.1038523672973146,2.625876635333284,1.140270853823768
86.0,132.0,1229.5946044921875,-3.375557402188579,1.574933915022266,1.735488916918957,1.955934207662096,0.6969926425456532,-1.3732895008448665,-1.07665027644699,2.1038523672973146,2.6258743183719644,1.140270853823768
86.0,132.0,1229.596435546875,-3.372990176181781,1.5749334648856388,1.7346346405957829,1.951452572431368,0.6969841089149276,-1.373289535765752,-1.07524349299725,2.098837263725456,2.6266024410645827,1.1402917694911503
86.0,132.0,1229.597412109375,-3.372983203775419,1.574933511496001,1.7346354208123258,1.9555319400285984,0.6969926286168642,-1.3732887050422022,-1.0752412231656696,2.1042142238714217,2.6266024410645827,1.1402917694911503
86.0,132.0,1229.5989990234375,-3.3729244548579578,1.5749334839532374,1.7354774162247562,1.9558819775511715,0.6969927597550799,-1.3732879681356598,-1.0773755157800524,2.103851636395288,2.6266250268993017,1.1402708538331927
86.0,132.0,1229.5997314453125,-3.3729244548579578,1.5749334839532374,1.7354774162247562,1.9559819554543545,0.6969927597550799,-1.3732879491337695,-1.0773847525116589,2.103851636395288,2.6266250268993017,1.1402708614851662
86.0,132.0,1229.5997314453125,-3.3729244548579578,1.5749334839532374,1.7354774162247562,1.9559819554543545,0.6969927597550799,-1.3732879491337695,-1.0773847525116589,2.103851636395288,2.6266250268993017,1.1402708614851662
86.0,132.0,1229.5999755859375,-3.37289932483488,1.5749340365526054,1.7345792520417147,1.9512237396531869,0.696983259533899,-1.373289520365932,-1.09696498084149,2.1043043925878253,2.6266024410645827,1.1402911960434947
86.0,132.0,1229.6014404296875,-3.37289932483488,1.5749357237743429,1.7345979302166743,1.9515683535887365,0.696983259533899,-1.3732895357737118,-1.09696498084149,2.1044304503210705,2.6266024410645827,1.1402917694911503
86.0,132.0,1229.6016845703125,-3.372860114722976,1.574933484268174,1.7354774162247562,1.9559795908926143,0.6969932204649691,-1.3732879549320351,-1.0769071576658586,2.103851636395288,2.6266274330212247,1.1402708614851662
86.0,132.0,1229.60205078125,-3.3753878206634083,1.5749334511594033,1.7345746640227564,1.9556770951605489,0.6969836776168477,-1.3732887915700644,-1.076902783966893,2.098956805772015,2.625871924099859,1.140270853823768
86.0,133.0,1229.3858642578125,-3.3753878206634083,1.5175337369552788,1.7345972433153432,1.9558336729125507,0.7453586304578587,-1.373288820737006,-1.076902783966893,2.104088518079373,2.625876743281305,1.1402930966882274
86.0,133.0,1229.3858642578125,-3.3753878206634083,1.5175337369552788,1.7345972433153432,1.9558336729125507,0.7453586304578587,-1.373288820737006,-1.076902783966893,2.104088518079373,2.625876743281305,1.1402930966882274
86.0,133.0,1229.4085693359375,-3.375960288648997,1.574933451842785,1.73457733822562,1.9556764141223253,0.7086383742213621,-1.3732897364848495,-1.0769001179128506,2.103935230855196,2.622044573016993,1.1402707226579951
86.0,133.0,1229.501953125,-3.375359890709944,1.5749815717122928,1.734617971728526,1.9516268034117987,0.7441574885106096,-1.373288824462556,-1.0769056916254616,2.1035195652767693,2.6258245451702207,1.1402711322326344
86.0,133.0,1229.509765625,-3.3753400031603684,1.574933520555788,1.734598914533897,1.9556764141223253,0.7445145575314359,-1.373289587017584,-1.076902783966893,2.104085069613268,2.625876743281305,1.1402928791357372
86.0,133.0,1229.5103759765625,-3.3753878206634083,1.57494548464944,1.7346188146784802,1.9556764141223253,0.7445145575314359,-1.3732895866340131,-1.0766134579374886,2.104106941765793,2.6258772806697563,1.1402935647402193
86.0,133.0,1229.5107421875,-3.3753878206634083,1.5749458909116831,1.7345972433153432,1.9556764141223253,0.7445145575314359,-1.3732895866340131,-1.076902783966893,2.104085069613268,2.625876743281305,1.1402928791357372
86.0,133.0,1229.5107421875,-3.3753878206634083,1.5749458909116831,1.7345972433153432,1.9556764141223253,0.7445145575314359,-1.3732895866340131,-1.076902783966893,2.104085069613268,2.625876743281305,1.1402928791357372
86.0,133.0,1229.513671875,-3.375072808928849,1.5749455101331185,1.7346188146784802,1.9556761145913728,0.7445145575314359,-1.373289609441816,-1.0766134579374886,2.104106941765793,2.627095251905452,1.1402935647402193
86.0,133.0,1229.5274658203125,-3.3755576740995235,1.5757724601813703,1.735488916918957,1.955981093150216,0.7439228639259511,-1.3732887915700644,-1.076902808517593,2.103852396604127,2.6265732873994208,1.140270853823768
86.0,133.0,1229.530517578125,-3.375395328819333,1.5757764672213974,1.7346218175038617,1.9559819554543545,0.7441574885106096,-1.373288824462556,-1.0769052790951064,2.1038394688499698,2.6266250268993017,1.1402942862699728
86.0,133.0,1229.53759765625,-3.367332573305013,1.5749334679413074,1.7345791775729236,1.9515917734711203,0.6969657549821218,-1.3732890134339664,-1.0765554883119626,2.1042365361267006,2.6220261537167566,1.14029292208335
86.0,133.0,1229.5584716796875,-3.37539805433038,1.5749334641748896,1.7354966620894037,1.932376289193824,0.6969937248554418,-1.373287968603606,-1.0744191221568276,2.103835627625501,2.626602980920159,1.1402708646921864
86.0,133.0,1229.558837890625,-3.375553512725757,1.5749334641748896,1.735497079921151,1.9323592776529424,0.6969926071521662,-1.3732895823118831,-1.0744191221568276,2.103835627625501,2.6265880476248733,1.1402708646921864
86.0,133.0,1229.560546875,-3.372986180554704,1.5748880485570431,1.7346180270384184,1.9514502004436496,0.6969928337474539,-1.373308835044239,-1.0766394288970038,2.103506136310729,2.6258570953887457,1.140270851283929
86.0,133.0,1229.561767578125,-3.3729891137667054,1.5749334985186585,1.7345737041595195,1.951443596486057,0.6969927703936041,-1.3733092073194644,-1.0759993684184603,2.10424843187354,2.6259240509956587,1.1402726935819572
86.0,133.0,1229.56201171875,-3.3729891137667054,1.5749334985186585,1.7345702260521227,1.951443596486057,0.6969927703936041,-1.3733092073194644,-1.0759993684184603,2.103939328180384,2.6258769354046447,1.1402726935819572
86.0,133.0,1229.5670166015625,-3.3728414784472545,1.5749339020448578,1.7354279414261828,1.9518093093329465,0.6969836768630017,-1.3732887683553472,-1.076902783966893,2.104478846981658,2.625929615989177,1.140270853823768
86.0,133.0,1229.5673828125,-3.372848156790454,1.5749334646386255,1.73546633762637,1.9518093093329465,0.6969836606829349,-1.3732897132701325,-1.076902783966893,2.1044788960354808,2.6259232839302022,1.140270853823768
86.0,133.0,1229.5687255859375,-3.3754982808249903,1.5749334646386255,1.7354770481888289,1.951439818129112,0.6969928343196793,-1.3733076133323467,-1.076902783966893,2.103508325889645,2.625857030889647,1.1402708510403785
86.0,133.0,1229.5687255859375,-3.3754982808249903,1.5749334646386255,1.7354770481888289,1.951439818129112,0.6969928343196793,-1.3733076133323467,-1.076902783966893,2.103508325889645,2.625857030889647,1.1402708510403785
86.0,133.0,1229.5692138671875,-3.3754982808249903,1.5749334646386255,1.7354770481888289,1.951505790706852,0.6969928343196793,-1.3733076133323467,-1.076902783966893,2.103508325889645,2.6258767013730897,1.1402708510403785
86.0,133.0,1229.5693359375,-3.37533453646438,1.5749334852157495,1.7345792322519424,1.956037076715796,0.6969821499824298,-1.373288995278751,-1.076932065726432,2.1039458053873887,2.6219649791115165,1.1402709701952454
86.0,133.0,1229.5701904296875,-3.3729937151287004,1.5749334985186585,1.73546633762637,1.9514520073630943,0.6969649031656318,-1.3733092073194644,-1.0759993684184603,2.1043805923711068,2.6259240509956587,1.1402726935819572
86.0,133.0,1229.5726318359375,-3.375091100433764,1.574944161809127,1.7345984172574478,1.95182547723719,0.6969430848323563,-1.3732901504508224,-1.077024956900265,2.1046643651709576,2.627143341617982,1.1402911950060084
86.0,133.0,1229.5728759765625,-3.3728803785620403,1.574933512695782,1.7345793158944047,1.951452572431368,0.6969925904355385,-1.3732895242725305,-1.07524349299725,2.104221612880848,2.6266024410645827,1.1402917694911503
86.0,133.0,1229.572998046875,-3.367332573305013,1.5749334505540142,1.7345792322519424,1.956037076715796,0.6969821537651637,-1.3732890134339664,-1.0765554883119626,2.1042365361267006,2.6219649791115165,1.14029292208335
86.0,133.0,1229.5731201171875,-3.3728844009284846,1.5749339410772183,1.7345781238840696,1.951452572431368,0.6969925904355385,-1.3732880769202962,-1.07524349299725,2.104221612880848,2.626627597551439,1.1402917639877137
86.0,133.0,1229.5732421875,-3.372990176181781,1.574933511496001,1.734635250111388,1.951452572431368,0.6969925904355385,-1.373289535765752,-1.07524349299725,2.104221612880848,2.6266024410645827,1.1402917694911503
86.0,133.0,1229.5732421875,-3.3730379936848207,1.5749458818518964,1.7346335788928344,1.951452572431368,0.6969925904355385,-1.3732895353821817,-1.07524349299725,2.104221612880848,2.6266024410645827,1.1402917694911503
86.0,133.0,1229.573974609375,-3.375084487765502,1.574944161809127,1.7346030650024007,1.95206678541466,0.696984577137313,-1.373288865509129,-1.077024956900265,2.104305925071275,2.627143341617982,1.1402919827629734
86.0,133.0,1229.574951171875,-3.3728003952890755,1.5749357237743429,1.7345979390644215,1.9517941629523048,0.6969925904355385,-1.373289535765752,-1.07524349299725,2.1042461690353647,2.6266024410645827,1.1402917694911503
86.0,133.0,1229.57958984375,-3.3755576740995235,1.57493313911474,1.7346099447663637,1.9515033763739744,0.6969836776168477,-1.373290132986431,-1.076902783966893,2.099074648137902,2.625876743281305,1.1402707161267238
86.0,133.0,1229.580078125,-3.37539805433038,1.5749334641748896,1.735496308824436,1.955836106380281,0.696983785424994,-1.3732887915700644,-1.074411322331402,2.103835627625501,2.6219718567225185,1.1402708646490798
86.0,133.0,1229.58154296875,-3.375395328819333,1.574937922051154,1.7346218175038617,1.955871764759248,0.697218302201506,-1.373288824462556,-1.0769052545444064,2.103839439543157,2.625928374833165,1.1402942862699728
86.0,133.0,1229.5836181640625,-3.3753878206634083,1.5749339812623595,1.7345744893931785,1.955685975458923,0.6969836776168477,-1.3732887915700644,-1.076902783966893,2.103928364712892,2.6258768090309688,1.140270853823768
86.0,133.0,1229.5836181640625,-3.3753878206634083,1.5749339183830458,1.7346007214227404,1.9556764141223253,0.6969836776168477,-1.3732887915700644,-1.076902783966893,2.104237468406047,2.625923858872319,1.140270853823768
86.0,133.0,1229.583740234375,-3.3753878206634083,1.5749339183830458,1.7345972433153432,1.9556764141223253,0.6969836776168477,-1.3732887915700644,-1.076902783966893,2.103928364712892,2.625876743281305,1.140270853823768
86.0,133.0,1229.583740234375,-3.3753878206634083,1.5749339015319046,1.7345972433153432,1.9556764141223253,0.6969836776168477,-1.3732887915700644,-1.076902783966893,2.103928364712892,2.625876743281305,1.140270853823768
86.0,133.0,1229.583740234375,-3.3753878206634083,1.5749339015319046,1.7345972433153432,1.9556851084533249,0.6969836776168477,-1.3732887915700644,-1.076902783966893,2.103928364712892,2.6258764702630986,1.140270853823768
86.0,133.0,1229.583740234375,-3.3753878206634083,1.5749339398038469,1.7345972433153432,1.9556764141223253,0.6969925757091243,-1.3732881015929748,-1.076902783966893,2.103928364712892,2.625901760551068,1.1402716232826524
86.0,133.0,1229.5841064453125,-3.375394499006608,1.5749334809768138,1.7346356395155302,1.9556764141223253,0.6969836614367809,-1.3732897364848495,-1.076902783966893,2.103928413766716,2.62587041122233,1.140270853823768
86.0,133.0,1229.58544921875,-3.3753878206634083,1.5749339812623595,1.7345744893931785,1.955685975458923,0.6969643945074464,-1.3733091472154288,-1.0768026215984094,2.1038895650678704,2.6258765497099823,1.140270853823768
86.0,133.0,1229.587158203125,-3.3755576740995235,1.5749334646386255,1.73546633762637,1.951437403796234,0.6969836776168477,-1.3732887915700644,-1.076902783966893,2.098880808356438,2.6258570727978623,1.1402707161267238
86.0,133.0,1229.587646484375,-3.3755576740995235,1.5749334646386255,1.73546633762637,1.9515033763739744,0.6969836776168477,-1.3732887915700644,-1.076902783966893,2.098880808356438,2.625876743281305,1.1402707161267238
86.0,133.0,1229.587646484375,-3.3662609674719066,1.5748880485570431,1.7345984172574478,1.9517942143445035,0.6969928337474539,-1.3733099191121128,-1.0766879147443744,2.103506136310729,2.625921886194413,1.140270851283929
86.0,133.0,1229.5877685546875,-3.3727163191298994,1.5749334645291182,1.73546633762637,1.9518319069193688,0.6969836776168477,-1.373309181913343,-1.0773346401397226,2.0990162181867,2.6259240509956587,1.1402815254844485
86.0,133.0,1229.5889892578125,-3.3755576740995235,1.5749334646386255,1.73546633762637,1.951792309796197,0.6969836776168477,-1.3732887915700644,-1.076902783966893,2.098880808356438,2.625876743281305,1.140270853823768
86.0,133.0,1229.5899658203125,-3.3755576740995235,1.5749334645291182,1.73546633762637,1.9518319069193688,0.6969836776168477,-1.3733092073194644,-1.076902783966893,2.0990162181867,2.6259240509956587,1.1402726935819572
86.0,133.0,1229.5899658203125,-3.3755576740995235,1.5749334645291182,1.73546633762637,1.9518319069193688,0.6969836776168477,-1.3733092073194644,-1.076902783966893,2.0990162181867,2.6259240509956587,1.1402726935819572
86.0,134.0,1229.3802490234375,-3.375395328819333,1.517467829763773,1.7346218175038617,1.9558381286989648,0.7441574885106096,-1.3732888240079857,-1.0769052790951064,2.1038394688499698,2.6266250268993017,1.1402942862699728
86.0,134.0,1229.3858642578125,-3.3753878206634083,1.5175337369552788,1.7345972433153432,1.9558336729125507,0.7453586304578587,-1.373288820737006,-1.076902783966893,2.104088518079373,2.625876743281305,1.1402930966882274
86.0,134.0,1229.3858642578125,-3.3753878206634083,1.5175337369552788,1.7345972433153432,1.9558336729125507,0.7453586304578587,-1.373288820737006,-1.076902783966893,2.104088518079373,2.625876743281305,1.1402930966882274
86.0,134.0,1229.4044189453125,-3.375960288648997,1.5749452526627952,1.7345758037778658,1.9556764141223253,0.7090647623814177,-1.3732897364848495,-1.0768968948296496,2.104109369801613,2.6219155742483773,1.1402707226579951
86.0,134.0,1229.4061279296875,-3.375565319386153,1.574933451842785,1.7346093635787707,1.9556764141223253,0.7086383742213621,-1.3732897364848495,-1.0769028416853004,2.103935230855196,2.622044573016993,1.1402707226579951
86.0,134.0,1229.4085693359375,-3.375960288648997,1.574933451842785,1.73457733822562,1.9556764141223253,0.7086383742213621,-1.3732897364848495,-1.0769001179128506,2.103935230855196,2.622044573016993,1.1402707226579951
86.0,134.0,1229.4678955078125,-3.3754970624386016,1.5749334646386255,1.73539303316855,1.951439818129112,0.7418043165461133,-1.3733076397372952,-1.076902783966893,2.103508325889645,2.625857030889647,1.140270677352375
86.0,134.0,1229.4998779296875,-3.375072808928849,1.574933466926436,1.7346188146784802,1.9515245092079647,0.7445145575314359,-1.3732897147234748,-1.0769003221736926,2.104106941765793,2.6259019110803,1.1402935647402193
86.0,134.0,1229.501953125,-3.375359890709944,1.5749815717122928,1.734617971728526,1.9516268034117987,0.7441574885106096,-1.373288824462556,-1.0769056916254616,2.1035195652767693,2.6258245451702207,1.1402711322326344
86.0,134.0,1229.503173828125,-3.375460646578031,1.5749815717122928,1.7346469741441644,1.9516268034117987,0.7441574885106096,-1.373288824462556,-1.076905665745516,2.103572979648289,2.6258245451702207,1.1402711322326344
86.0,134.0,1229.5040283203125,-3.3753878206634083,1.574945845351328,1.7345972433153432,1.95553756937637,0.7440908648629122,-1.3732895866340131,-1.0770318368576326,2.104085069613268,2.625876743281305,1.1402911470615296
86.0,134.0,1229.509765625,-3.3753400031603684,1.574933520555788,1.734598914533897,1.9556764141223253,0.7445145575314359,-1.373289587017584,-1.076902783966893,2.104085069613268,2.625876743281305,1.1402928791357372
86.0,134.0,1229.5103759765625,-3.3753878206634083,1.57494548464944,1.7346188146784802,1.9556764141223253,0.7445145575314359,-1.3732895866340131,-1.0766134579374886,2.104106941765793,2.6258772806697563,1.1402935647402193
86.0,134.0,1229.5107421875,-3.3753878206634083,1.5749458909116831,1.7345972433153432,1.9556764141223253,0.7445145575314359,-1.3732895866340131,-1.076902783966893,2.104085069613268,2.625876743281305,1.1402928791357372
86.0,134.0,1229.5107421875,-3.3753878206634083,1.5749458909116831,1.7345972433153432,1.9556764141223253,0.7445145575314359,-1.3732895866340131,-1.076902783966893,2.104085069613268,2.625876743281305,1.1402928791357372
86.0,134.0,1229.513671875,-3.375072808928849,1.5749455101331185,1.7346188146784802,1.9556761145913728,0.7445145575314359,-1.373289609441816,-1.0766134579374886,2.104106941765793,2.627095251905452,1.1402935647402193
86.0,134.0,1229.5274658203125,-3.3755576740995235,1.5757724601813703,1.735488916918957,1.955981093150216,0.7439228639259511,-1.3732887915700644,-1.076902808517593,2.103852396604127,2.6265732873994208,1.140270853823768
86.0,134.0,1229.530517578125,-3.375395328819333,1.5757764672213974,1.7346218175038617,1.9559819554543545,0.7441574885106096,-1.373288824462556,-1.0769052790951064,2.1038394688499698,2.6266250268993017,1.1402942862699728
86.0,134.0,1229.5369873046875,-3.367332573305013,1.5749334679413074,1.7345791775729236,1.9515917734711203,0.6969657549821218,-1.3732897221450209,-1.0768947555354589,2.104234810863601,2.6220261537167566,1.14029292208335
86.0,134.0,1229.53759765625,-3.367332573305013,1.5749334679413074,1.7345791775729236,1.9515917734711203,0.6969657549821218,-1.3732890134339664,-1.0765554883119626,2.1042365361267006,2.6220261537167566,1.14029292208335
86.0,134.0,1229.5457763671875,-3.3753878206634083,1.575842374412903,1.7345972433153432,1.9559774996679404,0.7453586304578587,-1.3732888211915766,-1.076902783966893,2.104088518079373,2.625876743281305,1.1402930966882274
86.0,134.0,1229.5545654296875,-3.375553512725757,1.5749334641748896,1.735497079921151,1.9318946710162264,0.6969926071521662,-1.3733091095344334,-1.0760271281271188,2.103835627625501,2.6265880476248733,1.1402708468203202
86.0,134.0,1229.5584716796875,-3.37539805433038,1.5749334641748896,1.7354966620894037,1.932376289193824,0.6969937248554418,-1.373287968603606,-1.0744191221568276,2.103835627625501,2.626602980920159,1.1402708646921864
86.0,134.0,1229.558837890625,-3.375553512725757,1.5749334641748896,1.735497079921151,1.9323592776529424,0.6969926071521662,-1.3732895823118831,-1.0744191221568276,2.103835627625501,2.6265880476248733,1.1402708646921864
86.0,134.0,1229.560546875,-3.372986180554704,1.5748880485570431,1.7346180270384184,1.9514502004436496,0.6969928337474539,-1.373308835044239,-1.0766394288970038,2.103506136310729,2.6258570953887457,1.140270851283929
86.0,134.0,1229.5606689453125,-3.375091100433764,1.574944161809127,1.7345972436646884,1.951830848221223,0.6969430848323563,-1.3732901504508224,-1.07702613187766,2.104144318682849,2.6258752349922965,1.1402912088872523
86.0,134.0,1229.56103515625,-3.3729970819536894,1.5748880485570431,1.7346181487684986,1.9515373047546587,0.6969926545366323,-1.373308835044239,-1.0766394288970038,2.103506136310729,2.6258570953887457,1.140270851283929
86.0,134.0,1229.561767578125,-3.3729891137667054,1.5749334985186585,1.7345737041595195,1.951443596486057,0.6969927703936041,-1.3733092073194644,-1.0759993684184603,2.10424843187354,2.6259240509956587,1.1402726935819572
86.0,134.0,1229.56201171875,-3.3729891137667054,1.5749334985186585,1.7345702260521227,1.951443596486057,0.6969927703936041,-1.3733092073194644,-1.0759993684184603,2.103939328180384,2.6258769354046447,1.1402726935819572
86.0,134.0,1229.56689453125,-3.375446337290944,1.57493342433961,1.7345984959980032,1.9556764141223253,0.6969836678098621,-1.3732890031531346,-1.076902783966893,2.1042322439230627,2.621844070837596,1.1402711373338648
86.0,134.0,1229.5670166015625,-3.3728414784472545,1.5749339020448578,1.7354279414261828,1.9518093093329465,0.6969836768630017,-1.3732887683553472,-1.076902783966893,2.104478846981658,2.625929615989177,1.140270853823768
86.0,134.0,1229.5673828125,-3.372848156790454,1.5749334646386255,1.73546633762637,1.9518093093329465,0.6969836606829349,-1.3732897132701325,-1.076902783966893,2.1044788960354808,2.6259232839302022,1.140270853823768
86.0,134.0,1229.5675048828125,-3.375257985947574,1.5749458818518964,1.7346335788928344,1.9514756275295264,0.6969925904355385,-1.3732895353821817,-1.0765074874489575,2.1042208889185674,2.6266024410645827,1.1402917694911503
86.0,134.0,1229.568359375,-3.375380462763013,1.57493383918104,1.7345744893931785,1.955685975458923,0.6978427764234783,-1.3732895878906004,-1.076902783966893,2.103928364712892,2.6258768090309688,1.140270853823768
86.0,134.0,1229.568603515625,-3.372848156790454,1.5749334646386255,1.73546633762637,1.9518093093329465,0.6969836606829349,-1.3732890045590782,-1.076563516743397,2.1044806212985803,2.6259232839302022,1.140270853823768
86.0,134.0,1229.5687255859375,-3.3754982808249903,1.5749334646386255,1.7354770481888289,1.951439818129112,0.6969928343196793,-1.3733076133323467,-1.076902783966893,2.103508325889645,2.625857030889647,1.1402708510403785
86.0,134.0,1229.5687255859375,-3.3754982808249903,1.5749334646386255,1.7354770481888289,1.951439818129112,0.6969928343196793,-1.3733076133323467,-1.076902783966893,2.103508325889645,2.625857030889647,1.1402708510403785
86.0,134.0,1229.5692138671875,-3.3754982808249903,1.5749334646386255,1.7354770481888289,1.951505790706852,0.6969928343196793,-1.3733076133323467,-1.076902783966893,2.103508325889645,2.6258767013730897,1.1402708510403785
86.0,134.0,1229.5693359375,-3.37533453646438,1.5749334852157495,1.7345792322519424,1.956037076715796,0.6969821499824298,-1.373288995278751,-1.076932065726432,2.1039458053873887,2.6219649791115165,1.1402709701952454
86.0,134.0,1229.5701904296875,-3.3729937151287004,1.5749334985186585,1.73546633762637,1.9514520073630943,0.6969649031656318,-1.3733092073194644,-1.0759993684184603,2.1043805923711068,2.6259240509956587,1.1402726935819572
86.0,134.0,1229.5709228515625,-3.3729891137667054,1.5749334985186585,1.7345702260521227,1.951908203122773,0.6969927703936041,-1.373289680096914,-1.0743913624481694,2.103939328180384,2.6258769354046447,1.1402727114538234
86.0,134.0,1229.5726318359375,-3.375091100433764,1.574944161809127,1.7345984172574478,1.95182547723719,0.6969430848323563,-1.3732901504508224,-1.077024956900265,2.1046643651709576,2.627143341617982,1.1402911950060084
86.0,134.0,1229.5728759765625,-3.3728803785620403,1.574933512695782,1.7345793158944047,1.951452572431368,0.6969925904355385,-1.3732895242725305,-1.07524349299725,2.104221612880848,2.6266024410645827,1.1402917694911503
86.0,134.0,1229.572998046875,-3.367332573305013,1.5749334505540142,1.7345792322519424,1.956037076715796,0.6969821537651637,-1.3732890134339664,-1.0765554883119626,2.1042365361267006,2.6219649791115165,1.14029292208335
86.0,134.0,1229.5731201171875,-3.3728844009284846,1.5749339410772183,1.7345781238840696,1.951452572431368,0.6969925904355385,-1.3732880769202962,-1.07524349299725,2.104221612880848,2.626627597551439,1.1402917639877137
86.0,134.0,1229.5732421875,-3.372990176181781,1.574933511496001,1.734635250111388,1.951452572431368,0.6969925904355385,-1.373289535765752,-1.07524349299725,2.104221612880848,2.6266024410645827,1.1402917694911503
86.0,134.0,1229.5732421875,-3.3730379936848207,1.5749458818518964,1.7346335788928344,1.951452572431368,0.6969925904355385,-1.3732895353821817,-1.07524349299725,2.104221612880848,2.6266024410645827,1.1402917694911503
86.0,134.0,1229.573974609375,-3.375084487765502,1.574944161809127,1.7346030650024007,1.95206678541466,0.696984577137313,-1.373288865509129,-1.077024956900265,2.104305925071275,2.627143341617982,1.1402919827629734
86.0,134.0,1229.574951171875,-3.3728003952890755,1.5749357237743429,1.7345979390644215,1.9517941629523048,0.6969925904355385,-1.373289535765752,-1.07524349299725,2.1042461690353647,2.6266024410645827,1.1402917694911503
86.0,134.0,1229.57958984375,-3.3755576740995235,1.57493313911474,1.7346099447663637,1.9515033763739744,0.6969836776168477,-1.373290132986431,-1.076902783966893,2.099074648137902,2.625876743281305,1.1402707161267238
86.0,135.0,1229.337158203125,-3.3753511565177803,1.5749334852157495,1.7345792322519424,1.956037076715796,0.7231786789124224,-1.373288995278751,-1.0769036715974545,2.1039458053873887,2.6220450364572425,1.1402709701952454
86.0,135.0,1229.380126953125,-3.3753952796779783,1.5182667149491502,1.7345972433153432,1.95553756937637,0.7440908648629122,-1.3732895866340131,-1.0770318368576326,2.103838207932028,2.625876743281305,1.140294573784853
86.0,135.0,1229.3802490234375,-3.375395328819333,1.517467829763773,1.7346218175038617,1.9558381286989648,0.7441574885106096,-1.3732888240079857,-1.0769052790951064,2.1038394688499698,2.6266250268993017,1.1402942862699728
86.0,135.0,1229.3841552734375,-3.3753878206634083,1.5749458909116831,1.7345765473795876,1.9556764141223253,0.7108969098958556,-1.3732895866340131,-1.076902783966893,2.104085069613268,2.622138218056969,1.1402709121729755
86.0,135.0,1229.3858642578125,-3.3753878206634083,1.5175337369552788,1.7345972433153432,1.9558336729125507,0.7453586304578587,-1.373288820737006,-1.076902783966893,2.104088518079373,2.625876743281305,1.1402930966882274
86.0,135.0,1229.3858642578125,-3.3753878206634083,1.5175337369552788,1.7345972433153432,1.9558336729125507,0.7453586304578587,-1.373288820737006,-1.076902783966893,2.104088518079373,2.625876743281305,1.1402930966882274
86.0,135.0,1229.3858642578125,-3.3753878206634083,1.5175337369552788,1.7345972433153432,1.9558336729125507,0.7453586304578587,-1.373288820737006,-1.076902783966893,2.104088518079373,2.625876743281305,1.1402930966882274
86.0,135.0,1229.4031982421875,-3.375091100433764,1.574944161809127,1.7345984172574478,1.95182547723719,0.7093638603894201,-1.3732901378874678,-1.077024956900265,2.1041220130801794,2.627143341617982,1.1402911950060084
86.0,135.0,1229.4044189453125,-3.375960288648997,1.5749452526627952,1.7345758037778658,1.9556764141223253,0.7090647623814177,-1.3732897364848495,-1.0768968948296496,2.104109369801613,2.6219155742483773,1.1402707226579951
86.0,135.0,1229.406005859375,-3.375548699332752,1.574933451842785,1.7346093635787707,1.9556764141223253,0.7086383742213621,-1.3732897364848495,-1.076931235814278,2.103935230855196,2.6219645156712668,1.1402707226579951
86.0,135.0,1229.4061279296875,-3.375565319386153,1.574933451842785,1.7346093635787707,1.9556764141223253,0.7086383742213621,-1.3732897364848495,-1.0769028416853004,2.103935230855196,2.622044573016993,1.1402707226579951
86.0,135.0,1229.4061279296875,-3.375565319386153,1.5749335111568938,1.7345975156463902,1.9556764141223253,0.7086383742213621,-1.3732897364848495,-1.0770316077405544,2.1039436765951374,2.6222826934466825,1.1402707226579951
86.0,135.0,1229.4085693359375,-3.375960288648997,1.574933451842785,1.73457733822562,1.9556764141223253,0.7086383742213621,-1.3732897364848495,-1.0769001179128506,2.103935230855196,2.622044573016993,1.1402707226579951
86.0,135.0,1229.4111328125,-3.3759569057033616,1.574933451842785,1.73457733822562,1.9556764141223253,0.7083612755616302,-1.3732897129640065,-1.0769027745986677,2.103935230855196,2.622044573016993,1.1402707226579951
86.0,135.0,1229.4678955078125,-3.3754970624386016,1.5749334646386255,1.73539303316855,1.951439818129112,0.7418043165461133,-1.3733076397372952,-1.076902783966893,2.103508325889645,2.625857030889647,1.140270677352375
86.0,135.0,1229.4913330078125,-3.375387869804763,1.574146960165951,1.7346218175038617,1.9558381286989648,0.7441574885106096,-1.3732888240079857,-1.0769052790951064,2.1040863305312096,2.6266250268993017,1.1402908595466494
86.0,135.0,1229.4998779296875,-3.375072808928849,1.574933466926436,1.7346188146784802,1.9515245092079647,0.7445145575314359,-1.3732897147234748,-1.0769003221736926,2.104106941765793,2.6259019110803,1.1402935647402193
86.0,135.0,1229.501953125,-3.375359890709944,1.5749815717122928,1.734617971728526,1.9516268034117987,0.7441574885106096,-1.373288824462556,-1.0769056916254616,2.1035195652767693,2.6258245451702207,1.1402711322326344
86.0,135.0,1229.50244140625,-3.375387814296736,1.5749815717122928,1.734617971728526,1.9516268034117987,0.7441649239118014,-1.373288824462556,-1.0769056916254616,2.1035195652767693,2.6258245451702207,1.1402711322326344
86.0,135.0,1229.503173828125,-3.375460646578031,1.5749815717122928,1.7346469741441644,1.9516268034117987,0.7441574885106096,-1.373288824462556,-1.076905665745516,2.103572979648289,2.6258245451702207,1.1402711322326344
86.0,135.0,1229.503173828125,-3.375460646578031,1.5749815717122928,1.7346469741441644,1.9516268034117987,0.7441574885106096,-1.373288824462556,-1.076905665745516,2.103572979648289,2.6258245451702207,1.1402711322326344
86.0,135.0,1229.5040283203125,-3.3753878206634083,1.574945845351328,1.7345972433153432,1.95553756937637,0.7440908648629122,-1.3732895866340131,-1.0770318368576326,2.104085069613268,2.625876743281305,1.1402911470615296
86.0,135.0,1229.5062255859375,-3.375395458990308,1.574924343369236,1.7345751535786071,1.9559819554543545,0.7441574885106096,-1.373288824462556,-1.0769052108232322,2.1038394688499698,2.6257748300925816,1.1402694711079209
86.0,135.0,1229.509765625,-3.3753400031603684,1.574933520555788,1.734598914533897,1.9556764141223253,0.7445145575314359,-1.373289587017584,-1.076902783966893,2.104085069613268,2.625876743281305,1.1402928791357372
86.0,135.0,1229.5103759765625,-3.3753878206634083,1.57494548464944,1.7346188146784802,1.9556764141223253,0.7445145575314359,-1.3732895866340131,-1.0766134579374886,2.104106941765793,2.6258772806697563,1.1402935647402193
86.0,135.0,1229.510498046875,-3.375395328819333,1.574924344382646,1.7345995012231183,1.9559819554543545,0.7441574885106096,-1.373288912299785,-1.0769054756404235,2.1038394688499698,2.6266250268993017,1.14029285292462
86.0,135.0,1229.5107421875,-3.3753878206634083,1.5749458909116831,1.7345972433153432,1.9556764141223253,0.7445145575314359,-1.3732895866340131,-1.076902783966893,2.104085069613268,2.625876743281305,1.1402928791357372
86.0,135.0,1229.5107421875,-3.3753878206634083,1.5749458909116831,1.7345972433153432,1.9556764141223253,0.7445145575314359,-1.3732895866340131,-1.076902783966893,2.104085069613268,2.625876743281305,1.1402928791357372
86.0,135.0,1229.513671875,-3.375072808928849,1.5749455101331185,1.7346188146784802,1.9556761145913728,0.7445145575314359,-1.373289609441816,-1.0766134579374886,2.104106941765793,2.627095251905452,1.1402935647402193
86.0,135.0,1229.5274658203125,-3.3755576740995235,1.5757724601813703,1.735488916918957,1.955981093150216,0.7439228639259511,-1.3732887915700644,-1.076902808517593,2.103852396604127,2.6265732873994208,1.140270853823768
86.0,135.0,1229.5296630859375,-3.3753400031603684,1.5757856433945394,1.73462123081464,1.9556764141223253,0.7445145575314359,-1.3732894991803553,-1.076902587421576,2.104085069613268,2.625876743281305,1.1402943124810905
86.0,135.0,1229.530517578125,-3.375395328819333,1.5757764672213974,1.7346218175038617,1.9559819554543545,0.7441574885106096,-1.373288824462556,-1.0769052790951064,2.1038394688499698,2.6266250268993017,1.1402942862699728
86.0,135.0,1229.53076171875,-3.375072808928849,1.5749338988062416,1.7346188146784802,1.9515245092079647,0.7463712065300003,-1.3732897147234748,-1.0769003221736926,2.104106941765793,2.6259019110803,1.1402712654779803
86.0,135.0,1229.5364990234375,-3.375446337290944,1.57493342433961,1.7345984959980032,1.9514373205993107,0.6969836678098621,-1.3732890031531346,-1.076902783966893,2.1042322439230627,2.621528516779578,1.1402708510211
86.0,135.0,1229.5369873046875,-3.367332573305013,1.5749334679413074,1.7345791775729236,1.9515917734711203,0.6969657549821218,-1.3732897221450209,-1.0768947555354589,2.104234810863601,2.6220261537167566,1.14029292208335
86.0,135.0,1229.53759765625,-3.367332573305013,1.5749334679413074,1.7345791775729236,1.9515917734711203,0.6969657549821218,-1.3732890134339664,-1.0765554883119626,2.1042365361267006,2.6220261537167566,1.14029292208335
86.0,135.0,1229.5457763671875,-3.3753878206634083,1.575842374412903,1.7345972433153432,1.9559774996679404,0.7453586304578587,-1.3732888211915766,-1.076902783966893,2.104088518079373,2.625876743281305,1.1402930966882274
86.0,135.0,1229.55322265625,-3.375553512725757,1.5749334641748896,1.735497079921151,1.9318946710162264,0.69699261486159,-1.373309184222964,-1.0768949578988734,2.1035229047720545,2.6265880476248733,1.140270846895602
86.0,135.0,1229.5545654296875,-3.375553512725757,1.5749334641748896,1.735497079921151,1.9318946710162264,0.6969926071521662,-1.3733091095344334,-1.0760271281271188,2.103835627625501,2.6265880476248733,1.1402708468203202
86.0,135.0,1229.5584716796875,-3.37539805433038,1.5749334641748896,1.7354966620894037,1.932376289193824,0.6969937248554418,-1.373287968603606,-1.0744191221568276,2.103835627625501,2.626602980920159,1.1402708646921864
86.0,135.0,1229.558837890625,-3.375553512725757,1.5749334641748896,1.735497079921151,1.9323592776529424,0.6969926071521662,-1.3732895823118831,-1.0744191221568276,2.103835627625501,2.6265880476248733,1.1402708646921864
86.0,135.0,1229.5595703125,-3.3733263594983525,1.5749334985186585,1.7345701636535025,1.951443596486057,0.6969927703936041,-1.3733094326494533,-1.076558488897147,2.1039450471660417,2.6258769354046447,1.1402726935819572
86.0,135.0,1229.560546875,-3.372986180554704,1.5748880485570431,1.7346180270384184,1.9514502004436496,0.6969928337474539,-1.373308835044239,-1.0766394288970038,2.103506136310729,2.6258570953887457,1.140270851283929
86.0,135.0,1229.560546875,-3.3729891137667054,1.5749334985186585,1.734569810605454,1.951443596486057,0.6969927703936041,-1.3732896485260702,-1.0759993684184603,2.104142324718389,2.625877017812567,1.1402726935819572
86.0,135.0,1229.5606689453125,-3.375091100433764,1.574944161809127,1.7345972436646884,1.951830848221223,0.6969430848323563,-1.3732901504508224,-1.07702613187766,2.104144318682849,2.6258752349922965,1.1402912088872523
86.0,135.0,1229.56103515625,-3.3729970819536894,1.5748880485570431,1.7346181487684986,1.9515373047546587,0.6969926545366323,-1.373308835044239,-1.0766394288970038,2.103506136310729,2.6258570953887457,1.140270851283929
86.0,135.0,1229.561767578125,-3.3729891137667054,1.5749334985186585,1.7345737041595195,1.951443596486057,0.6969927703936041,-1.3733092073194644,-1.0759993684184603,2.10424843187354,2.6259240509956587,1.1402726935819572
86.0,135.0,1229.56201171875,-3.3729891137667054,1.5749334985186585,1.7345702260521227,1.951443596486057,0.6969927703936041,-1.3733092073194644,-1.0759993684184603,2.103939328180384,2.6258769354046447,1.1402726935819572
86.0,135.0,1229.56689453125,-3.375446337290944,1.57493342433961,1.7345984959980032,1.9556764141223253,0.6969836678098621,-1.3732890031531346,-1.076902783966893,2.1042322439230627,2.621844070837596,1.1402711373338648
86.0,135.0,1229.5670166015625,-3.3728414784472545,1.5749339020448578,1.7354279414261828,1.9518093093329465,0.6969836768630017,-1.3732887683553472,-1.076902783966893,2.104478846981658,2.625929615989177,1.140270853823768
86.0,136.0,1229.2393798828125,-3.375395328819333,1.517447651082673,1.7346218175038617,1.9558381286989648,0.7445104659395391,-1.2473402573822678,-1.2603790897257674,2.10409656594879,2.6266250268993017,1.140293594549803
86.0,136.0,1229.337158203125,-3.3753511565177803,1.5749334852157495,1.7345792322519424,1.956037076715796,0.7231786789124224,-1.373288995278751,-1.0769036715974545,2.1039458053873887,2.6220450364572425,1.1402709701952454
86.0,136.0,1229.3740234375,-3.375089706209714,1.517467829763773,1.7346218175038617,1.9558672997942448,0.7441574885106096,-1.3732888240079857,-1.0769052790951064,2.1038394688499698,2.6266250268993017,1.1402942862699728
86.0,136.0,1229.3780517578125,-3.3753880890618952,1.5182667149491502,1.7345972433153432,1.95553756937637,0.7440908648629122,-1.3732895866340131,-1.076894023337207,2.103838207932028,2.6258863060857243,1.140294182238991
86.0,136.0,1229.380126953125,-3.3753952796779783,1.5182667149491502,1.7345972433153432,1.95553756937637,0.7440908648629122,-1.3732895866340131,-1.0770318368576326,2.103838207932028,2.625876743281305,1.140294573784853
86.0,136.0,1229.3802490234375,-3.375395328819333,1.517467829763773,1.7346218175038617,1.9558381286989648,0.7441574885106096,-1.3732888240079857,-1.0769052790951064,2.1038394688499698,2.6266250268993017,1.1402942862699728
86.0,136.0,1229.3841552734375,-3.3753878206634083,1.5749458909116831,1.7345765473795876,1.9556764141223253,0.7108969098958556,-1.3732895866340131,-1.076902783966893,2.104085069613268,2.622138218056969,1.1402709121729755
86.0,136.0,1229.384765625,-3.3753878206634083,1.5175931767279465,1.7346187345999018,1.9558336729125507,0.7453586304578587,-1.373289561781997,-1.0768972125671448,2.104088518079373,2.625876743281305,1.1402930966882274
86.0,136.0,1229.3858642578125,-3.3753878206634083,1.5175337369552788,1.7345972433153432,1.9558336729125507,0.7453586304578587,-1.373288820737006,-1.076902783966893,2.104088518079373,2.625876743281305,1.1402930966882274
86.0,136.0,1229.3858642578125,-3.3753878206634083,1.5175337369552788,1.7345972433153432,1.9558336729125507,0.7453586304578587,-1.373288820737006,-1.076902783966893,2.104088518079373,2.625876743281305,1.1402930966882274
86.0,136.0,1229.3858642578125,-3.3753878206634083,1.5175337369552788,1.7345972433153432,1.9558336729125507,0.7453586304578587,-1.373288820737006,-1.076902783966893,2.104088518079373,2.625876743281305,1.1402930966882274
86.0,136.0,1229.3858642578125,-3.3753878206634083,1.5175337369552788,1.7345972433153432,1.9558336729125507,0.7453586304578587,-1.373288820737006,-1.076902783966893,2.104088518079373,2.625876743281305,1.1402930966882274
86.0,136.0,1229.4017333984375,-3.375548699332752,1.5749327250076033,1.7345761693665225,1.9556764141223253,0.7090609777985134,-1.3732897364848495,-1.0768974081849747,2.103929022585745,2.621969349068145,1.1402707226579951
86.0,136.0,1229.4031982421875,-3.375091100433764,1.574944161809127,1.7345984172574478,1.95182547723719,0.7093638603894201,-1.3732901378874678,-1.077024956900265,2.1041220130801794,2.627143341617982,1.1402911950060084
86.0,136.0,1229.4044189453125,-3.375960288648997,1.5749452526627952,1.7345758037778658,1.9556764141223253,0.7090647623814177,-1.3732897364848495,-1.0768968948296496,2.104109369801613,2.6219155742483773,1.1402707226579951
86.0,136.0,1229.406005859375,-3.375548699332752,1.574933451842785,1.7346093635787707,1.9556764141223253,0.7086383742213621,-1.3732897364848495,-1.076931235814278,2.103935230855196,2.6219645156712668,1.1402707226579951
86.0,136.0,1229.4061279296875,-3.375565319386153,1.574933451842785,1.7346093635787707,1.9556764141223253,0.7086383742213621,-1.3732897364848495,-1.0769028416853004,2.103935230855196,2.622044573016993,1.1402707226579951
86.0,136.0,1229.4061279296875,-3.375565319386153,1.5749335111568938,1.7345975156463902,1.9556764141223253,0.7086383742213621,-1.3732897364848495,-1.0770316077405544,2.1039436765951374,2.6222826934466825,1.1402707226579951
86.0,136.0,1229.4061279296875,-3.375563332853461,1.5749329708262405,1.7346093635787707,1.9556764141223253,0.7086383742213621,-1.3732897364848495,-1.0769028532568448,2.103935230855196,2.622044573016993,1.1402707226579951
86.0,136.0,1229.40625,-3.375572510002236,1.574933451842785,1.7346093635787707,1.9556764141223253,0.7086383742213621,-1.3732897364848495,-1.077040655205726,2.103935230855196,2.6220350102125733,1.1402711142038573
86.0,136.0,1229.408203125,-3.375960288648997,1.574933451842785,1.73457733822562,1.9556764141223253,0.7086383742213621,-1.3732897364848495,-1.0756528529035174,2.103935230855196,2.622044573016993,1.1402707226579951
86.0,136.0,1229.4085693359375,-3.375960288648997,1.574933451842785,1.73457733822562,1.9556764141223253,0.7086383742213621,-1.3732897364848495,-1.0769001179128506,2.103935230855196,2.622044573016993,1.1402707226579951
86.0,136.0,1229.40869140625,-3.375960288648997,1.574945979497977,1.734608997990114,1.9556764141223253,0.7086421588042663,-1.3732897364848495,-1.0769307224589528,2.104115578071064,2.621910740851499,1.1402707226579951
86.0,136.0,1229.4111328125,-3.3759569057033616,1.574933451842785,1.73457733822562,1.9556764141223253,0.7083612755616302,-1.3732897129640065,-1.0769027745986677,2.103935230855196,2.622044573016993,1.1402707226579951
86.0,136.0,1229.411865234375,-3.375960288648997,1.5749251952905663,1.7346241426695812,1.9556656882398689,0.7083167454366734,-1.3732888576733715,-1.0769001179128506,2.103935230855196,2.622044573016993,1.1402707226579951
86.0,136.0,1229.41259765625,-3.375960288648997,1.5749795644198217,1.7345757318785875,1.9518079573292848,0.7059961502265365,-1.3732897364848495,-1.0768968948296496,2.104109369801613,2.6219155742483773,1.140271138839384
86.0,136.0,1229.4678955078125,-3.3754970624386016,1.5749334646386255,1.73539303316855,1.951439818129112,0.7418043165461133,-1.3733076397372952,-1.076902783966893,2.103508325889645,2.625857030889647,1.140270677352375
86.0,136.0,1229.4732666015625,-3.3753504670149934,1.5749334631540206,1.735375236495893,1.9558901712242056,0.7418043165461133,-1.3732893186167896,-1.076902783966893,2.103508325889645,2.6259442974259564,1.1402709633201176
86.0,136.0,1229.4913330078125,-3.375387869804763,1.574146960165951,1.7346218175038617,1.9558381286989648,0.7441574885106096,-1.3732888240079857,-1.0769052790951064,2.1040863305312096,2.6266250268993017,1.1402908595466494
86.0,136.0,1229.4998779296875,-3.375072808928849,1.574933466926436,1.7346188146784802,1.9515245092079647,0.7445145575314359,-1.3732897147234748,-1.0769003221736926,2.104106941765793,2.6259019110803,1.1402935647402193
86.0,136.0,1229.501953125,-3.375359890709944,1.5749815717122928,1.734617971728526,1.9516268034117987,0.7441574885106096,-1.373288824462556,-1.0769056916254616,2.1035195652767693,2.6258245451702207,1.1402711322326344
86.0,136.0,1229.50244140625,-3.375387814296736,1.5749815717122928,1.734617971728526,1.9516268034117987,0.7441649239118014,-1.373288824462556,-1.0769056916254616,2.1035195652767693,2.6258245451702207,1.1402711322326344
86.0,136.0,1229.503173828125,-3.375460646578031,1.5749815717122928,1.7346469741441644,1.9516268034117987,0.7441574885106096,-1.373288824462556,-1.076905665745516,2.103572979648289,2.6258245451702207,1.1402711322326344
86.0,136.0,1229.503173828125,-3.375460646578031,1.5749815717122928,1.7346469741441644,1.9516268034117987,0.7441574885106096,-1.373288824462556,-1.076905665745516,2.103572979648289,2.6258245451702207,1.1402711322326344
86.0,136.0,1229.5040283203125,-3.3753878206634083,1.574945845351328,1.7345972433153432,1.95553756937637,0.7440908648629122,-1.3732895866340131,-1.0770318368576326,2.104085069613268,2.625876743281305,1.1402911470615296
86.0,136.0,1229.5062255859375,-3.375395458990308,1.574924343369236,1.7345751535786071,1.9559819554543545,0.7441574885106096,-1.373288824462556,-1.0769052108232322,2.1038394688499698,2.6257748300925816,1.1402694711079209
86.0,136.0,1229.5062255859375,-3.375395458990308,1.574924343369236,1.7345751535786071,1.9559819554543545,0.7441574885106096,-1.373288824462556,-1.0769052108232322,2.1038394688499698,2.6257748300925816,1.1402694711079209
86.0,136.0,1229.509033203125,-3.3753878206634083,1.574886044876772,1.7345973233939216,1.9556764141223253,0.7445145575314359,-1.3732888455890222,-1.0766190293372369,2.104106941765793,2.6258772806697563,1.1402935647402193
86.0,136.0,1229.509765625,-3.3753400031603684,1.574933520555788,1.734598914533897,1.9556764141223253,0.7445145575314359,-1.373289587017584,-1.076902783966893,2.104085069613268,2.625876743281305,1.1402928791357372
86.0,136.0,1229.5103759765625,-3.3753878206634083,1.57494548464944,1.7346188146784802,1.9556764141223253,0.7445145575314359,-1.3732895866340131,-1.0766134579374886,2.104106941765793,2.6258772806697563,1.1402935647402193
86.0,136.0,1229.510498046875,-3.375395328819333,1.574924344382646,1.7345995012231183,1.9559819554543545,0.7441574885106096,-1.373288912299785,-1.0769054756404235,2.1038394688499698,2.6266250268993017,1.14029285292462
86.0,136.0,1229.5107421875,-3.3753878206634083,1.5749458909116831,1.7345972433153432,1.9556764141223253,0.7445145575314359,-1.3732895866340131,-1.076902783966893,2.104085069613268,2.625876743281305,1.1402928791357372
86.0,136.0,1229.5107421875,-3.3753878206634083,1.5749458909116831,1.7345972433153432,1.9556764141223253,0.7445145575314359,-1.3732895866340131,-1.076902783966893,2.104085069613268,2.625876743281305,1.1402928791357372
86.0,136.0,1229.5107421875,-3.3753878206634083,1.5749458909116831,1.7345972433153432,1.9556764141223253,0.7445145575314359,-1.3732895866340131,-1.076902783966893,2.104085069613268,2.625876743281305,1.1402928791357372
86.0,136.0,1229.5130615234375,-3.375395328819333,1.5749805965476942,1.7345982615345017,1.9559819554543545,0.7441574885106096,-1.373288912299785,-1.0769054756404235,2.1035441667494363,2.626614132105765,1.14029285292462
86.0,136.0,1229.513671875,-3.375072808928849,1.5749455101331185,1.7346188146784802,1.9556761145913728,0.7445145575314359,-1.373289609441816,-1.0766134579374886,2.104106941765793,2.627095251905452,1.1402935647402193
86.0,136.0,1229.5274658203125,-3.3755576740995235,1.5757724601813703,1.735488916918957,1.955981093150216,0.7439228639259511,-1.3732887915700644,-1.076902808517593,2.103852396604127,2.6265732873994208,1.140270853823768
86.0,136.0,1229.5296630859375,-3.3753400031603684,1.5757856433945394,1.73462123081464,1.9556764141223253,0.7445145575314359,-1.3732894991803553,-1.076902587421576,2.104085069613268,2.625876743281305,1.1402943124810905
86.0,136.0,1229.530517578125,-3.375395328819333,1.5757764672213974,1.7346218175038617,1.9559819554543545,0.7441574885106096,-1.373288824462556,-1.0769052790951064,2.1038394688499698,2.6266250268993017,1.1402942862699728
86.0,136.0,1229.530517578125,-3.375395328819333,1.5757764672213974,1.7346218175038617,1.9559819554543545,0.7441574885106096,-1.373288824462556,-1.0769052790951064,2.1038394688499698,2.6266250268993017,1.1402942862699728
86.0,137.0,1229.2393798828125,-3.375395328819333,1.517447651082673,1.7346218175038617,1.9558381286989648,0.7445104659395391,-1.2473402573822678,-1.2603790897257674,2.10409656594879,2.6266250268993017,1.140293594549803
86.0,137.0,1229.2880859375,-3.3753971846344184,1.517467829763773,1.7346224053141666,1.951136014182472,0.7445027872226055,-1.3732897086638651,-1.076905275150437,2.1038368991231047,2.6265966485169034,1.1402943593180723
86.0,137.0,1229.33203125,-3.3751096919617485,1.517467829763773,1.7346186983903331,1.9558672997942448,0.7505354053310647,-1.3732888240079857,-1.0769052790951064,2.1038394688499698,2.6265906528417293,1.1402942862699728
86.0,137.0,1229.337158203125,-3.3753511565177803,1.5749334852157495,1.7345792322519424,1.956037076715796,0.7231786789124224,-1.373288995278751,-1.0769036715974545,2.1039458053873887,2.6220450364572425,1.1402709701952454
86.0,137.0,1229.337890625,-3.3753511565177803,1.574933485305759,1.7346088935246535,1.9560392962302848,0.7239584592830992,-1.373289003915846,-1.0769101439341302,2.1039458053873887,2.6220450677237093,1.140271106713422
86.0,137.0,1229.3604736328125,-3.37538811163772,1.5182667149491502,1.7345995222052388,1.95553756937637,0.7441563093901045,-1.3732895866340131,-1.0768943564346396,2.1038394494823023,2.6265768194853245,1.1402941839361111
86.0,137.0,1229.3646240234375,-3.375960288648997,1.5214720554317365,1.7345972215140366,1.9518079573292848,0.7453577306633452,-1.3732897364848495,-1.0769031475025677,2.1040911427202187,2.6219155742483773,1.140271731505672
86.0,137.0,1229.3740234375,-3.375089706209714,1.517467829763773,1.7346218175038617,1.9558672997942448,0.7441574885106096,-1.3732888240079857,-1.0769052790951064,2.1038394688499698,2.6266250268993017,1.1402942862699728
86.0,137.0,1229.3780517578125,-3.3753880890618952,1.5182667149491502,1.7345972433153432,1.95553756937637,0.7440908648629122,-1.3732895866340131,-1.076894023337207,2.103838207932028,2.6258863060857243,1.140294182238991
86.0,137.0,1229.380126953125,-3.3753952796779783,1.5182667149491502,1.7345972433153432,1.95553756937637,0.7440908648629122,-1.3732895866340131,-1.0770318368576326,2.103838207932028,2.625876743281305,1.140294573784853
86.0,137.0,1229.3802490234375,-3.375395328819333,1.517467829763773,1.7346218175038617,1.9558381286989648,0.7441574885106096,-1.3732888240079857,-1.0769052790951064,2.1038394688499698,2.6266250268993017,1.1402942862699728
86.0,137.0,1229.3814697265625,-3.375422735364946,1.5175931767279465,1.7346187345999018,1.9556351229152984,0.7453586304578587,-1.373289561781997,-1.076899990323024,2.104091479295627,2.625876743281305,1.1402707117747102
86.0,137.0,1229.3841552734375,-3.3753878206634083,1.5749458909116831,1.7345765473795876,1.9556764141223253,0.7108969098958556,-1.3732895866340131,-1.076902783966893,2.104085069613268,2.622138218056969,1.1402709121729755
86.0,137.0,1229.384765625,-3.3753878206634083,1.5175931767279465,1.7346187345999018,1.9558336729125507,0.7453586304578587,-1.373289561781997,-1.0768972125671448,2.104088518079373,2.625876743281305,1.1402930966882274
86.0,137.0,1229.3858642578125,-3.3753878206634083,1.5175337369552788,1.7345972433153432,1.9558336729125507,0.7453586304578587,-1.373288820737006,-1.076902783966893,2.104088518079373,2.625876743281305,1.1402930966882274
86.0,137.0,1229.3858642578125,-3.3753878206634083,1.5175337369552788,1.7345972433153432,1.9558336729125507,0.7453586304578587,-1.373288820737006,-1.076902783966893,2.104088518079373,2.625876743281305,1.1402930966882274
86.0,137.0,1229.3858642578125,-3.3753878206634083,1.5175337369552788,1.7345972433153432,1.9558336729125507,0.7453586304578587,-1.373288820737006,-1.076902783966893,2.104088518079373,2.625876743281305,1.1402930966882274
86.0,137.0,1229.3858642578125,-3.3753878206634083,1.5175337369552788,1.7345972433153432,1.9558336729125507,0.7453586304578587,-1.373288820737006,-1.076902783966893,2.104088518079373,2.625876743281305,1.1402930966882274
86.0,137.0,1229.3939208984375,-3.3753678349113736,1.5175931767279465,1.73462185371343,1.9558336729125507,0.7441253777667509,-1.373289561781997,-1.0768972125671448,2.104088518079373,2.6259111173388767,1.1402930966882274
86.0,137.0,1229.4017333984375,-3.375548699332752,1.5749327250076033,1.7345761693665225,1.9556764141223253,0.7090609777985134,-1.3732897364848495,-1.0768974081849747,2.103929022585745,2.621969349068145,1.1402707226579951
86.0,137.0,1229.40234375,-3.375572510002236,1.574933452927018,1.734609599819307,1.9556764141223253,0.7090308142445044,-1.3732897364848495,-1.0768979598991264,2.103935444478582,2.6220350102125733,1.1402711062962845
86.0,137.0,1229.4031982421875,-3.375091100433764,1.574944161809127,1.7345984172574478,1.95182547723719,0.7093638603894201,-1.3732901378874678,-1.077024956900265,2.1041220130801794,2.627143341617982,1.1402911950060084
86.0,137.0,1229.404296875,-3.375932565118662,1.5749449055681142,1.734579632299306,1.9556826367038649,0.7090647623814177,-1.373289007314726,-1.076897071322514,2.104109369801613,2.6219155742483773,1.1402707248117234
86.0,137.0,1229.4044189453125,-3.375960288648997,1.5749452526627952,1.7345758037778658,1.9556764141223253,0.7090647623814177,-1.3732897364848495,-1.0768968948296496,2.104109369801613,2.6219155742483773,1.1402707226579951
86.0,137.0,1229.406005859375,-3.375548699332752,1.574933451842785,1.7346093635787707,1.9556764141223253,0.7086383742213621,-1.3732897364848495,-1.076931235814278,2.103935230855196,2.6219645156712668,1.1402707226579951
86.0,137.0,1229.4061279296875,-3.375565319386153,1.574933451842785,1.7346093635787707,1.9556764141223253,0.7086383742213621,-1.3732897364848495,-1.0769028416853004,2.103935230855196,2.622044573016993,1.1402707226579951
86.0,137.0,1229.4061279296875,-3.375565319386153,1.5749335111568938,1.7345975156463902,1.9556764141223253,0.7086383742213621,-1.3732897364848495,-1.0770316077405544,2.1039436765951374,2.6222826934466825,1.1402707226579951
86.0,137.0,1229.4061279296875,-3.375563332853461,1.5749329708262405,1.7346093635787707,1.9556764141223253,0.7086383742213621,-1.3732897364848495,-1.0769028532568448,2.103935230855196,2.622044573016993,1.1402707226579951
86.0,137.0,1229.40625,-3.375572510002236,1.574933451842785,1.7346093635787707,1.9556764141223253,0.7086383742213621,-1.3732897364848495,-1.077040655205726,2.103935230855196,2.6220350102125733,1.1402711142038573
86.0,137.0,1229.408203125,-3.375960288648997,1.574933451842785,1.73457733822562,1.9556764141223253,0.7086383742213621,-1.3732897364848495,-1.0756528529035174,2.103935230855196,2.622044573016993,1.1402707226579951
86.0,137.0,1229.408447265625,-3.375960288648997,1.574933451842785,1.7345785466675587,1.9556764141223253,0.7086419659959652,-1.3732897364848495,-1.0769636843872823,2.1041134330409186,2.621910481704381,1.1402707226579951
86.0,137.0,1229.4085693359375,-3.375960288648997,1.574933451842785,1.73457733822562,1.9556764141223253,0.7086383742213621,-1.3732897364848495,-1.0769001179128506,2.103935230855196,2.622044573016993,1.1402707226579951
86.0,137.0,1229.40869140625,-3.375960288648997,1.574945979497977,1.734608997990114,1.9556764141223253,0.7086421588042663,-1.3732897364848495,-1.0769307224589528,2.104115578071064,2.621910740851499,1.1402707226579951
86.0,137.0,1229.4111328125,-3.3759569057033616,1.574933451842785,1.73457733822562,1.9556764141223253,0.7083612755616302,-1.3732897129640065,-1.0769027745986677,2.103935230855196,2.622044573016993,1.1402707226579951
86.0,137.0,1229.411865234375,-3.375960288648997,1.5749251952905663,1.7346241426695812,1.9556656882398689,0.7083167454366734,-1.3732888576733715,-1.0769001179128506,2.103935230855196,2.622044573016993,1.1402707226579951
86.0,137.0,1229.41259765625,-3.375960288648997,1.5749795644198217,1.7345757318785875,1.9518079573292848,0.7059961502265365,-1.3732897364848495,-1.0768968948296496,2.104109369801613,2.6219155742483773,1.140271138839384
86.0,137.0,1229.4130859375,-3.3753961735769864,1.5749458865834218,1.7345984172574478,1.95182547723719,0.7084811846388988,-1.3732901446175287,-1.0770252420228683,2.104121370388901,2.627143341617982,1.140291209036556
86.0,137.0,1229.4281005859375,-3.3753878206634083,1.5710412459433638,1.7345757536798938,1.9558336729125507,0.70599705002105,-1.373288820737006,-1.0768965312939751,2.104106745160768,2.625876743281305,1.1402925040219396
86.0,137.0,1229.4508056640625,-3.3754970624386016,1.5741883535578045,1.7346495584639072,1.951439818129112,0.7417347943244049,-1.3733076397372952,-1.076905433724392,2.103508325889645,2.62583444943846,1.140270677352375
86.0,137.0,1229.4678955078125,-3.3754970624386016,1.5749334646386255,1.73539303316855,1.951439818129112,0.7418043165461133,-1.3733076397372952,-1.076902783966893,2.103508325889645,2.625857030889647,1.140270677352375
86.0,137.0,1229.4732666015625,-3.3753504670149934,1.5749334631540206,1.735375236495893,1.9558901712242056,0.7418043165461133,-1.3732893186167896,-1.076902783966893,2.103508325889645,2.6259442974259564,1.1402709633201176
86.0,137.0,1229.4781494140625,-3.3753878206634083,1.5175337369552788,1.7345972455617331,1.9558336729125507,0.7453586304578587,-1.373288820737006,-1.076902783966893,2.104090020073444,2.622695413717898,1.1402720102457162
86.0,137.0,1229.4913330078125,-3.375387869804763,1.574146960165951,1.7346218175038617,1.9558381286989648,0.7441574885106096,-1.3732888240079857,-1.0769052790951064,2.1040863305312096,2.6266250268993017,1.1402908595466494
86.0,137.0,1229.4998779296875,-3.375072808928849,1.574933466926436,1.7346188146784802,1.9515245092079647,0.7445145575314359,-1.3732897147234748,-1.0769003221736926,2.104106941765793,2.6259019110803,1.1402935647402193
86.0,137.0,1229.501953125,-3.375359890709944,1.5749815717122928,1.734617971728526,1.9516268034117987,0.7441574885106096,-1.373288824462556,-1.0769056916254616,2.1035195652767693,2.6258245451702207,1.1402711322326344
86.0,137.0,1229.50244140625,-3.375387814296736,1.5749815717122928,1.734617971728526,1.9516268034117987,0.7441649239118014,-1.373288824462556,-1.0769056916254616,2.1035195652767693,2.6258245451702207,1.1402711322326344
86.0,137.0,1229.503173828125,-3.375460646578031,1.5749815717122928,1.7346469741441644,1.9516268034117987,0.7441574885106096,-1.373288824462556,-1.076905665745516,2.103572979648289,2.6258245451702207,1.1402711322326344
86.0,137.0,1229.503173828125,-3.375460646578031,1.5749815717122928,1.7346469741441644,1.9516268034117987,0.7441574885106096,-1.373288824462556,-1.076905665745516,2.103572979648289,2.6258245451702207,1.1402711322326344
86.0,137.0,1229.5040283203125,-3.3753878206634083,1.574945845351328,1.7345972433153432,1.95553756937637,0.7440908648629122,-1.3732895866340131,-1.0770318368576326,2.104085069613268,2.625876743281305,1.1402911470615296
86.0,137.0,1229.5057373046875,-3.375395306243509,1.574924344382646,1.7345972223332224,1.9559819554543545,0.7440920439834173,-1.373288912299785,-1.076905142542991,2.103838227299696,2.625934513499702,1.1402928512274997
86.0,138.0,1229.2393798828125,-3.375395328819333,1.517447651082673,1.7346218175038617,1.9558381286989648,0.7445104659395391,-1.2473402573822678,-1.2603790897257674,2.10409656594879,2.6266250268993017,1.140293594549803
86.0,138.0,1229.2880859375,-3.3753971846344184,1.517467829763773,1.7346224053141666,1.951136014182472,0.7445027872226055,-1.3732897086638651,-1.076905275150437,2.1038368991231047,2.6265966485169034,1.1402943593180723
86.0,138.0,1229.3154296875,-3.3753671499330906,1.5234756486532348,1.73462185371343,1.9558336729125507,0.7417776971046189,-1.373289561781997,-1.0769030038685967,2.103498248891211,2.6259111173388767,1.1402930966882274
86.0,138.0,1229.33203125,-3.3751096919617485,1.517467829763773,1.7346186983903331,1.9558672997942448,0.7505354053310647,-1.3732888240079857,-1.0769052790951064,2.1038394688499698,2.6265906528417293,1.1402942862699728
86.0,138.0,1229.337158203125,-3.3753511565177803,1.5749334852157495,1.7345792322519424,1.956037076715796,0.7231786789124224,-1.373288995278751,-1.0769036715974545,2.1039458053873887,2.6220450364572425,1.1402709701952454
86.0,138.0,1229.337890625,-3.3753511565177803,1.574933485305759,1.7346088935246535,1.9560392962302848,0.7239584592830992,-1.373289003915846,-1.0769101439341302,2.1039458053873887,2.6220450677237093,1.140271106713422
86.0,138.0,1229.338134765625,-3.3754005882335547,1.517467829763773,1.7346225169151774,1.9558244892647467,0.7505354053310647,-1.3732888240079857,-1.0769052790951064,2.103836954308499,2.6265907258680845,1.1402942862699728
86.0,138.0,1229.3604736328125,-3.37538811163772,1.5182667149491502,1.7345995222052388,1.95553756937637,0.7441563093901045,-1.3732895866340131,-1.0768943564346396,2.1038394494823023,2.6265768194853245,1.1402941839361111
86.0,138.0,1229.3636474609375,-3.3754970624386016,1.5741442927215796,1.7346495584639072,1.9608252962973336,0.7241038165370974,-1.3733076397372952,-1.076905433724392,2.103508325889645,2.621961047215238,1.1402706816302677
86.0,138.0,1229.3646240234375,-3.375960288648997,1.5214720554317365,1.7345972215140366,1.9518079573292848,0.7453577306633452,-1.3732897364848495,-1.0769031475025677,2.1040911427202187,2.6219155742483773,1.140271731505672
86.0,138.0,1229.3740234375,-3.375089706209714,1.517467829763773,1.7346218175038617,1.9558672997942448,0.7441574885106096,-1.3732888240079857,-1.0769052790951064,2.1038394688499698,2.6266250268993017,1.1402942862699728
86.0,138.0,1229.3780517578125,-3.3753880890618952,1.5182667149491502,1.7345972433153432,1.95553756937637,0.7440908648629122,-1.3732895866340131,-1.076894023337207,2.103838207932028,2.6258863060857243,1.140294182238991
86.0,138.0,1229.380126953125,-3.3753952796779783,1.5182667149491502,1.7345972433153432,1.95553756937637,0.7440908648629122,-1.3732895866340131,-1.0770318368576326,2.103838207932028,2.625876743281305,1.140294573784853
86.0,138.0,1229.3802490234375,-3.375395328819333,1.517467829763773,1.7346218175038617,1.9558381286989648,0.7441574885106096,-1.3732888240079857,-1.0769052790951064,2.1038394688499698,2.6266250268993017,1.1402942862699728
86.0,138.0,1229.3814697265625,-3.375422735364946,1.5175931767279465,1.7346187345999018,1.9556351229152984,0.7453586304578587,-1.373289561781997,-1.076899990323024,2.104091479295627,2.625876743281305,1.1402707117747102
86.0,138.0,1229.382568359375,-3.375351151993277,1.5690509912287325,1.735375236495893,1.9558901712242056,0.7441519972082452,-1.3732893186167896,-1.076896992665441,2.104098595077807,2.6259442974259564,1.1402709633201176
86.0,138.0,1229.3841552734375,-3.3753878206634083,1.5749458909116831,1.7345765473795876,1.9556764141223253,0.7108969098958556,-1.3732895866340131,-1.076902783966893,2.104085069613268,2.622138218056969,1.1402709121729755
86.0,138.0,1229.384765625,-3.3753878206634083,1.5175931767279465,1.7346187345999018,1.9558336729125507,0.7453586304578587,-1.373289561781997,-1.0768972125671448,2.104088518079373,2.625876743281305,1.1402930966882274
86.0,138.0,1229.384765625,-3.3753878206634083,1.5175931767279465,1.7346187345999018,1.9558336729125507,0.7453586304578587,-1.373289547842142,-1.0768972350455328,2.104088518079373,2.625876743281305,1.1402930966882274
86.0,138.0,1229.3858642578125,-3.3753878206634083,1.5175337369552788,1.7345972433153432,1.9558336729125507,0.7453586304578587,-1.373288820737006,-1.076902783966893,2.104088518079373,2.625876743281305,1.1402930966882274
86.0,138.0,1229.3858642578125,-3.3753878206634083,1.5175337369552788,1.7345972433153432,1.9558336729125507,0.7453586304578587,-1.373288820737006,-1.076902783966893,2.104088518079373,2.625876743281305,1.1402930966882274
86.0,138.0,1229.3858642578125,-3.3753878206634083,1.5175337369552788,1.7345972433153432,1.9558336729125507,0.7453586304578587,-1.373288820737006,-1.076902783966893,2.104088518079373,2.625876743281305,1.1402930966882274
86.0,138.0,1229.3858642578125,-3.3753878206634083,1.5175337369552788,1.7345972433153432,1.9558336729125507,0.7453586304578587,-1.373288820737006,-1.076902783966893,2.104088518079373,2.625876743281305,1.1402930966882274
86.0,138.0,1229.3878173828125,-3.375947805404818,1.5749449055681142,1.734579822157681,1.9555241338155616,0.7108426142127119,-1.373289007314726,-1.076897071322514,2.104109369801613,2.621807589223579,1.1402714309324349
86.0,138.0,1229.3939208984375,-3.3753678349113736,1.5175931767279465,1.73462185371343,1.9558336729125507,0.7441253777667509,-1.373289561781997,-1.0768972125671448,2.104088518079373,2.6259111173388767,1.1402930966882274
86.0,138.0,1229.4017333984375,-3.375548699332752,1.5749327250076033,1.7345761693665225,1.9556764141223253,0.7090609777985134,-1.3732897364848495,-1.0768974081849747,2.103929022585745,2.621969349068145,1.1402707226579951
86.0,138.0,1229.40234375,-3.375572510002236,1.574933452927018,1.734609599819307,1.9556764141223253,0.7090308142445044,-1.3732897364848495,-1.0768979598991264,2.103935444478582,2.6220350102125733,1.1402711062962845
86.0,138.0,1229.4031982421875,-3.375091100433764,1.574944161809127,1.7345984172574478,1.95182547723719,0.7093638603894201,-1.3732901378874678,-1.077024956900265,2.1041220130801794,2.627143341617982,1.1402911950060084
86.0,138.0,1229.4041748046875,-3.375932565118662,1.5749449055681142,1.734579632299306,1.9556826367038649,0.7090647623814177,-1.373288905534877,-1.076897071322514,2.1041193150176576,2.6219155742483773,1.1402706759618164
86.0,138.0,1229.404296875,-3.375932565118662,1.5749449055681142,1.734579632299306,1.9556826367038649,0.7090647623814177,-1.373289007314726,-1.076897071322514,2.104109369801613,2.6219155742483773,1.1402707248117234
86.0,138.0,1229.4044189453125,-3.375960288648997,1.5749452526627952,1.7345758037778658,1.9556764141223253,0.7090647623814177,-1.3732897364848495,-1.0768968948296496,2.104109369801613,2.6219155742483773,1.1402707226579951
86.0,138.0,1229.4044189453125,-3.375960288648997,1.5749452526627952,1.7345758037778658,1.9556764141223253,0.7090647623814177,-1.3732897364848495,-1.0768968948296496,2.104109369801613,2.6219155742483773,1.1402707226579951
86.0,138.0,1229.4044189453125,-3.375960288648997,1.5749452526627952,1.7345758037778658,1.9556764141223253,0.7090647623814177,-1.3732897096135035,-1.0768968948296496,2.104109369801613,2.6219155742483773,1.1402698418724344
86.0,138.0,1229.406005859375,-3.375548699332752,1.574933451842785,1.7346093635787707,1.9556764141223253,0.7086383742213621,-1.3732897364848495,-1.076931235814278,2.103935230855196,2.6219645156712668,1.1402707226579951
86.0,138.0,1229.4061279296875,-3.375565319386153,1.574933451842785,1.7346093635787707,1.9556764141223253,0.7086383742213621,-1.3732897364848495,-1.0769028416853004,2.103935230855196,2.622044573016993,1.1402707226579951
86.0,138.0,1229.4061279296875,-3.375565319386153,1.5749335111568938,1.7345975156463902,1.9556764141223253,0.7086383742213621,-1.3732897364848495,-1.0770316077405544,2.1039436765951374,2.6222826934466825,1.1402707226579951
86.0,138.0,1229.4061279296875,-3.375563332853461,1.5749329708262405,1.7346093635787707,1.9556764141223253,0.7086383742213621,-1.3732897364848495,-1.0769028532568448,2.103935230855196,2.622044573016993,1.1402707226579951
86.0,138.0,1229.40625,-3.375572510002236,1.574933451842785,1.7346093635787707,1.9556764141223253,0.7086383742213621,-1.3732897364848495,-1.077040655205726,2.103935230855196,2.6220350102125733,1.1402711142038573
86.0,138.0,1229.407958984375,-3.375565319386153,1.5752271726402054,1.7345975156463902,1.9556764141223253,0.7086383742213621,-1.3732897364848495,-1.076901330956512,2.10383101306296,2.622416138760657,1.140270313410532
86.0,138.0,1229.408203125,-3.375960288648997,1.574933451842785,1.73457733822562,1.9556764141223253,0.7086383742213621,-1.3732897364848495,-1.0756528529035174,2.103935230855196,2.622044573016993,1.1402707226579951
86.0,138.0,1229.408447265625,-3.375960288648997,1.574933451842785,1.7345785466675587,1.9556764141223253,0.7086419659959652,-1.3732897364848495,-1.0769636843872823,2.1041134330409186,2.621910481704381,1.1402707226579951
86.0,138.0,1229.4085693359375,-3.375960288648997,1.574933451842785,1.73457733822562,1.9556764141223253,0.7086383742213621,-1.3732897364848495,-1.0769001179128506,2.103935230855196,2.622044573016993,1.1402707226579951
86.0,138.0,1229.40869140625,-3.375960288648997,1.574945979497977,1.734608997990114,1.9556764141223253,0.7086421588042663,-1.3732897364848495,-1.0769307224589528,2.104115578071064,2.621910740851499,1.1402707226579951
86.0,138.0,1229.4111328125,-3.3759569057033616,1.574933451842785,1.73457733822562,1.9556764141223253,0.7083612755616302,-1.3732897129640065,-1.0769027745986677,2.103935230855196,2.622044573016993,1.1402707226579951
86.0,138.0,1229.411865234375,-3.375960288648997,1.5749251952905663,1.7346241426695812,1.9556656882398689,0.7083167454366734,-1.3732888576733715,-1.0769001179128506,2.103935230855196,2.622044573016993,1.1402707226579951
86.0,138.0,1229.41259765625,-3.375960288648997,1.5749795644198217,1.7345757318785875,1.9518079573292848,0.7059961502265365,-1.3732897364848495,-1.0768968948296496,2.104109369801613,2.6219155742483773,1.140271138839384
86.0,138.0,1229.4130859375,-3.3753961735769864,1.5749458865834218,1.7345984172574478,1.95182547723719,0.7084811846388988,-1.3732901446175287,-1.0770252420228683,2.104121370388901,2.627143341617982,1.140291209036556
86.0,138.0,1229.4171142578125,-3.375960288648997,1.574945979497977,1.7345967382288776,1.9518450530596432,0.7056130226356998,-1.3732897364848495,-1.0769307224589528,2.104091482067564,2.6219106020328686,1.1402706358472472
86.0,138.0,1229.4281005859375,-3.3753878206634083,1.5710412459433638,1.7345757536798938,1.9558336729125507,0.70599705002105,-1.373288820737006,-1.0768965312939751,2.104106745160768,2.625876743281305,1.1402925040219396
86.0,138.0,1229.4481201171875,-3.3753511063001693,1.5713307400208834,1.734597125995142,1.956035660253807,0.7453128604695964,-1.373288995278751,-1.0769036715974545,2.1039458053873887,2.6220450364572425,1.1402709701952454
86.0,139.0,1229.2393798828125,-3.375395328819333,1.517447651082673,1.7346218175038617,1.9558381286989648,0.7445104659395391,-1.2473402573822678,-1.2603790897257674,2.10409656594879,2.6266250268993017,1.140293594549803
86.0,139.0,1229.2498779296875,-3.3753971846344184,1.517467829763773,1.7346224053141666,1.951082705361098,0.7505716018203102,-1.3732897086638651,-1.0769052790801836,2.103836901594178,2.626590640111416,1.1402942851228273
86.0,139.0,1229.2880859375,-3.3753971846344184,1.517467829763773,1.7346224053141666,1.951136014182472,0.7445027872226055,-1.3732897086638651,-1.076905275150437,2.1038368991231047,2.6265966485169034,1.1402943593180723
86.0,139.0,1229.3154296875,-3.3753671499330906,1.5234756486532348,1.73462185371343,1.9558336729125507,0.7417776971046189,-1.373289561781997,-1.0769030038685967,2.103498248891211,2.6259111173388767,1.1402930966882274
86.0,139.0,1229.33203125,-3.3751096919617485,1.517467829763773,1.7346186983903331,1.9558672997942448,0.7505354053310647,-1.3732888240079857,-1.0769052790951064,2.1038394688499698,2.6265906528417293,1.1402942862699728
86.0,139.0,1229.337158203125,-3.3753511565177803,1.5749334852157495,1.7345792322519424,1.956037076715796,0.7231786789124224,-1.373288995278751,-1.0769036715974545,2.1039458053873887,2.6220450364572425,1.1402709701952454
86.0,139.0,1229.337158203125,-3.3753511565177803,1.5749334852157495,1.7345792322519424,1.956037076715796,0.7231786789124224,-1.373288995278751,-1.0769036715974545,2.1039458053873887,2.6220450364572425,1.1402709701952454
86.0,139.0,1229.3372802734375,-3.3753511565177803,1.574933485305759,1.7346061363879828,1.9560392962302848,0.7234745837973173,-1.3732893142335203,-1.0769101439341302,2.103946997929064,2.622253744020859,1.140271106713422
86.0,139.0,1229.337890625,-3.3753511565177803,1.574933485305759,1.7346088935246535,1.9560392962302848,0.7239584592830992,-1.373289003915846,-1.0769101439341302,2.1039458053873887,2.6220450677237093,1.140271106713422
86.0,139.0,1229.338134765625,-3.3754005882335547,1.517467829763773,1.7346225169151774,1.9558244892647467,0.7505354053310647,-1.3732888240079857,-1.0769052790951064,2.103836954308499,2.6265907258680845,1.1402942862699728
86.0,139.0,1229.3604736328125,-3.37538811163772,1.5182667149491502,1.7345995222052388,1.95553756937637,0.7441563093901045,-1.3732895866340131,-1.0768943564346396,2.1038394494823023,2.6265768194853245,1.1402941839361111
86.0,139.0,1229.3636474609375,-3.3754970624386016,1.5741442927215796,1.7346495584639072,1.9608252962973336,0.7241038165370974,-1.3733076397372952,-1.076905433724392,2.103508325889645,2.621961047215238,1.1402706816302677
86.0,139.0,1229.3646240234375,-3.375960288648997,1.5214720554317365,1.7345972215140366,1.9518079573292848,0.7453577306633452,-1.3732897364848495,-1.0769031475025677,2.1040911427202187,2.6219155742483773,1.140271731505672
86.0,139.0,1229.3660888671875,-3.375393331754245,1.517472384468502,1.7346187345999018,1.9556351229152984,0.7453586304578587,-1.373289561781997,-1.0769001977578558,2.1038051575962906,2.626622407779923,1.1402971777006656
86.0,139.0,1229.3740234375,-3.375089706209714,1.517467829763773,1.7346218175038617,1.9558672997942448,0.7441574885106096,-1.3732888240079857,-1.0769052790951064,2.1038394688499698,2.6266250268993017,1.1402942862699728
86.0,139.0,1229.3780517578125,-3.3753880890618952,1.5182667149491502,1.7345972433153432,1.95553756937637,0.7440908648629122,-1.3732895866340131,-1.076894023337207,2.103838207932028,2.6258863060857243,1.140294182238991
86.0,139.0,1229.3780517578125,-3.375385238455265,1.5182667149491502,1.734610330692981,1.95553756937637,0.7440908648629122,-1.3732895897399464,-1.076894023337207,2.103838207932028,2.6258863060857243,1.140294182238991
86.0,139.0,1229.3795166015625,-3.3754005882335547,1.517467829763773,1.7346218110016198,1.9558244892647467,0.7443147524884952,-1.3732888240079857,-1.0769052790951064,2.103837156770135,2.6265907258680845,1.1402942862699728
86.0,139.0,1229.380126953125,-3.3753952796779783,1.5182667149491502,1.7345972433153432,1.95553756937637,0.7440908648629122,-1.3732895866340131,-1.0770318368576326,2.103838207932028,2.625876743281305,1.140294573784853
86.0,139.0,1229.3802490234375,-3.375395328819333,1.517467829763773,1.7346218175038617,1.9558381286989648,0.7441574885106096,-1.3732888240079857,-1.0769052790951064,2.1038394688499698,2.6266250268993017,1.1402942862699728
86.0,139.0,1229.3814697265625,-3.375422735364946,1.5175931767279465,1.7346187345999018,1.9556351229152984,0.7453586304578587,-1.373289561781997,-1.076899990323024,2.104091479295627,2.625876743281305,1.1402707117747102
86.0,139.0,1229.382568359375,-3.375351151993277,1.5690509912287325,1.735375236495893,1.9558901712242056,0.7441519972082452,-1.3732893186167896,-1.076896992665441,2.104098595077807,2.6259442974259564,1.1402709633201176
86.0,139.0,1229.3841552734375,-3.3753878206634083,1.5749458909116831,1.7345765473795876,1.9556764141223253,0.7108969098958556,-1.3732895866340131,-1.076902783966893,2.104085069613268,2.622138218056969,1.1402709121729755
86.0,139.0,1229.3841552734375,-3.3753878206634083,1.5749458909116831,1.7345765473795876,1.9556764141223253,0.7108969098958556,-1.373289736295463,-1.076902783966893,2.104085069613268,2.622048587761502,1.1402709121729755
86.0,139.0,1229.384765625,-3.3753878206634083,1.5175931767279465,1.7346187345999018,1.9558336729125507,0.7453586304578587,-1.373289561781997,-1.0768972125671448,2.104088518079373,2.625876743281305,1.1402930966882274
86.0,139.0,1229.384765625,-3.3753878206634083,1.5175931767279465,1.7346187345999018,1.9558336729125507,0.7453586304578587,-1.373289547842142,-1.0768972350455328,2.104088518079373,2.625876743281305,1.1402930966882274
86.0,139.0,1229.3858642578125,-3.3753878206634083,1.5175337369552788,1.7345972433153432,1.9558336729125507,0.7453586304578587,-1.373288820737006,-1.076902783966893,2.104088518079373,2.625876743281305,1.1402930966882274
86.0,139.0,1229.3858642578125,-3.3753878206634083,1.5175337369552788,1.7345972433153432,1.9558336729125507,0.7453586304578587,-1.373288820737006,-1.076902783966893,2.104088518079373,2.625876743281305,1.1402930966882274
86.0,139.0,1229.3858642578125,-3.3753878206634083,1.5175337369552788,1.7345972433153432,1.9558336729125507,0.7453586304578587,-1.373288820737006,-1.076902783966893,2.104088518079373,2.625876743281305,1.1402930966882274
86.0,139.0,1229.3858642578125,-3.3753878206634083,1.5175337369552788,1.7345972433153432,1.9558336729125507,0.7453586304578587,-1.373288820737006,-1.076902783966893,2.104088518079373,2.625876743281305,1.1402930966882274
86.0,139.0,1229.3858642578125,-3.3753878206634083,1.5175337369552788,1.7345972433153432,1.9558336729125507,0.7453586304578587,-1.373288820737006,-1.076902783966893,2.104088518079373,2.625876743281305,1.1402930966882274
86.0,139.0,1229.3878173828125,-3.375947805404818,1.5749449055681142,1.734579822157681,1.9555241338155616,0.7108426142127119,-1.373289007314726,-1.076897071322514,2.104109369801613,2.621807589223579,1.1402714309324349
86.0,139.0,1229.3878173828125,-3.375947852515065,1.5749449055681142,1.7345796374465026,1.955524819423169,0.7108426142127119,-1.373289007314726,-1.076897071322514,2.104109369801613,2.621807589223579,1.1402714309324349
86.0,139.0,1229.388916015625,-3.3759476166089213,1.5749452583829469,1.734579822157681,1.95568767896744,0.7108426142127119,-1.373289007314726,-1.0768970703433187,2.104109369801613,2.621807589223579,1.1402707228604
86.0,139.0,1229.3939208984375,-3.3753678349113736,1.5175931767279465,1.73462185371343,1.9558336729125507,0.7441253777667509,-1.373289561781997,-1.0768972125671448,2.104088518079373,2.6259111173388767,1.1402930966882274
86.0,139.0,1229.3955078125,-3.375424732430035,1.517588622023217,1.7346218175038617,1.9558381286989648,0.7441574885106096,-1.3732888240079857,-1.0769050716602744,2.1041257905493063,2.625879362400683,1.1402678203440173
86.0,139.0,1229.4017333984375,-3.375548699332752,1.5749327250076033,1.7345761693665225,1.9556764141223253,0.7090609777985134,-1.3732897364848495,-1.0768974081849747,2.103929022585745,2.621969349068145,1.1402707226579951
86.0,139.0,1229.40234375,-3.375572510002236,1.574933452927018,1.734609599819307,1.9556764141223253,0.7090308142445044,-1.3732897364848495,-1.0768979598991264,2.103935444478582,2.6220350102125733,1.1402711062962845
86.0,139.0,1229.4031982421875,-3.375091100433764,1.574944161809127,1.7345984172574478,1.95182547723719,0.7093638603894201,-1.3732901378874678,-1.077024956900265,2.1041220130801794,2.627143341617982,1.1402911950060084
86.0,139.0,1229.4041748046875,-3.375932565118662,1.5749449055681142,1.734579632299306,1.9556826367038649,0.7090647623814177,-1.373288905534877,-1.076897071322514,2.1041193150176576,2.6219155742483773,1.1402706759618164
86.0,139.0,1229.404296875,-3.375932565118662,1.5749449055681142,1.734579632299306,1.9556826367038649,0.7090647623814177,-1.373289007314726,-1.076897071322514,2.104109369801613,2.6219155742483773,1.1402707248117234
86.0,139.0,1229.404296875,-3.375932518008415,1.5749449055681142,1.7345798170104845,1.955681951096258,0.7090647623814177,-1.373289007314726,-1.076897071322514,2.104109369801613,2.6219155742483773,1.1402707248117234
86.0,139.0,1229.4044189453125,-3.375960288648997,1.5749452526627952,1.7345758037778658,1.9556764141223253,0.7090647623814177,-1.3732897364848495,-1.0768968948296496,2.104109369801613,2.6219155742483773,1.1402707226579951
86.0,139.0,1229.4044189453125,-3.375960288648997,1.5749452526627952,1.7345758037778658,1.9556764141223253,0.7090647623814177,-1.3732897364848495,-1.0768968948296496,2.104109369801613,2.6219155742483773,1.1402707226579951
86.0,139.0,1229.4044189453125,-3.375960288648997,1.5749452526627952,1.7345758037778658,1.9556764141223253,0.7090647623814177,-1.3732897096135035,-1.0768968948296496,2.104109369801613,2.6219155742483773,1.1402698418724344
86.0,139.0,1229.406005859375,-3.375548699332752,1.574933451842785,1.7346093635787707,1.9556764141223253,0.7086383742213621,-1.3732897364848495,-1.076931235814278,2.103935230855196,2.6219645156712668,1.1402707226579951
86.0,139.0,1229.406005859375,-3.375551549939382,1.574933451842785,1.7345962762011329,1.9556764141223253,0.7086383742213621,-1.3732897333789165,-1.076931235814278,2.103935230855196,2.6219645156712668,1.1402707226579951
86.0,139.0,1229.4061279296875,-3.375565319386153,1.574933451842785,1.7346093635787707,1.9556764141223253,0.7086383742213621,-1.3732897364848495,-1.0769028416853004,2.103935230855196,2.622044573016993,1.1402707226579951
86.0,139.0,1229.4061279296875,-3.375565319386153,1.5749335111568938,1.7345975156463902,1.9556764141223253,0.7086383742213621,-1.3732897364848495,-1.0770316077405544,2.1039436765951374,2.6222826934466825,1.1402707226579951
86.0,139.0,1229.4061279296875,-3.375563332853461,1.5749329708262405,1.7346093635787707,1.9556764141223253,0.7086383742213621,-1.3732897364848495,-1.0769028532568448,2.103935230855196,2.622044573016993,1.1402707226579951
86.0,140.0,1229.2393798828125,-3.375395328819333,1.517447651082673,1.7346218175038617,1.9558381286989648,0.7445104659395391,-1.2473402573822678,-1.2603790897257674,2.10409656594879,2.6266250268993017,1.140293594549803
86.0,140.0,1229.240478515625,-3.3751096919617485,1.517467829763773,1.7346186983903331,1.9558672997942448,0.7505354053310647,-1.3732888240079857,-1.046552366917857,2.1038394688499698,2.6265906528417293,1.1402942862699728
86.0,140.0,1229.2498779296875,-3.3753971846344184,1.517467829763773,1.7346224053141666,1.951082705361098,0.7505716018203102,-1.3732897086638651,-1.0769052790801836,2.103836901594178,2.626590640111416,1.1402942851228273
86.0,140.0,1229.2880859375,-3.3753971846344184,1.517467829763773,1.7346224053141666,1.951136014182472,0.7445027872226055,-1.3732897086638651,-1.076905275150437,2.1038368991231047,2.6265966485169034,1.1402943593180723
86.0,140.0,1229.3154296875,-3.3753671499330906,1.5234756486532348,1.73462185371343,1.9558336729125507,0.7417776971046189,-1.373289561781997,-1.0769030038685967,2.103498248891211,2.6259111173388767,1.1402930966882274
86.0,140.0,1229.318359375,-3.3753671499330906,1.5234756486532348,1.73462185371343,1.9560363196049324,0.7418697552593606,-1.373289561781997,-1.0769030038685967,2.103498248891211,2.6259111173388767,1.1402936317919117
86.0,140.0,1229.33203125,-3.3751096919617485,1.517467829763773,1.7346186983903331,1.9558672997942448,0.7505354053310647,-1.3732888240079857,-1.0769052790951064,2.1038394688499698,2.6265906528417293,1.1402942862699728
86.0,140.0,1229.337158203125,-3.3753511565177803,1.5749334852157495,1.7345792322519424,1.956037076715796,0.7231786789124224,-1.373288995278751,-1.0769036715974545,2.1039458053873887,2.6220450364572425,1.1402709701952454
86.0,140.0,1229.337158203125,-3.3753511565177803,1.5749334852157495,1.7345792322519424,1.956037076715796,0.7231786789124224,-1.373288995278751,-1.0769036715974545,2.1039458053873887,2.6220450364572425,1.1402709701952454
86.0,140.0,1229.3372802734375,-3.3753511565177803,1.574933485305759,1.7346061363879828,1.9560392962302848,0.7234745837973173,-1.3732893142335203,-1.0769101439341302,2.103946997929064,2.622253744020859,1.140271106713422
86.0,140.0,1229.3372802734375,-3.3753511565177803,1.5749334852142416,1.7345792848533446,1.9560392962302848,0.7231818553576187,-1.373289003915846,-1.0769101439341302,2.1039458053873887,2.622045036934455,1.140271106713422
86.0,140.0,1229.3372802734375,-3.3753500070541644,1.5749334852157495,1.7345792322519424,1.956037076715796,0.7231786789124224,-1.373288995278751,-1.0768943512791531,2.1038390061675627,2.6220450364572425,1.1402710219418373
86.0,140.0,1229.337890625,-3.3753511565177803,1.574933485305759,1.7346088935246535,1.9560392962302848,0.7239584592830992,-1.373289003915846,-1.0769101439341302,2.1039458053873887,2.6220450677237093,1.140271106713422
86.0,140.0,1229.337890625,-3.3753511565177803,1.574933485305759,1.7346088935246535,1.9560392962302848,0.7239584592830992,-1.373289003915846,-1.0769101439341302,2.1039458053873887,2.6220450677237093,1.140271106713422
86.0,140.0,1229.338134765625,-3.3754005882335547,1.517467829763773,1.7346225169151774,1.9558244892647467,0.7505354053310647,-1.3732888240079857,-1.0769052790951064,2.103836954308499,2.6265907258680845,1.1402942862699728
86.0,140.0,1229.3599853515625,-3.3753892611013354,1.5182667149491502,1.7345995222052388,1.95553756937637,0.7441563093901045,-1.3732895866340131,-1.0769036767529407,2.1039462487021283,2.6265768194853245,1.1402941321895197
86.0,140.0,1229.3602294921875,-3.375089706209714,1.517599928460732,1.7346218175038617,1.9558671046573928,0.7454098893932355,-1.3732888227892874,-1.0768969755723723,2.1038394688499698,2.6266463967733205,1.1402943131596144
86.0,140.0,1229.3604736328125,-3.37538811163772,1.5182667149491502,1.7345995222052388,1.95553756937637,0.7441563093901045,-1.3732895866340131,-1.0768943564346396,2.1038394494823023,2.6265768194853245,1.1402941839361111
86.0,140.0,1229.3636474609375,-3.3754970624386016,1.5741442927215796,1.7346495584639072,1.9608252962973336,0.7241038165370974,-1.3733076397372952,-1.076905433724392,2.103508325889645,2.621961047215238,1.1402706816302677
86.0,140.0,1229.3646240234375,-3.375960288648997,1.5214720554317365,1.7345972215140366,1.9518079573292848,0.7453577306633452,-1.3732897364848495,-1.0769031475025677,2.1040911427202187,2.6219155742483773,1.140271731505672
86.0,140.0,1229.3660888671875,-3.375393331754245,1.517472384468502,1.7346187345999018,1.9556351229152984,0.7453586304578587,-1.373289561781997,-1.0769001977578558,2.1038051575962906,2.626622407779923,1.1402971777006656
86.0,140.0,1229.3740234375,-3.375089706209714,1.517467829763773,1.7346218175038617,1.9558672997942448,0.7441574885106096,-1.3732888240079857,-1.0769052790951064,2.1038394688499698,2.6266250268993017,1.1402942862699728
86.0,140.0,1229.3780517578125,-3.3753880890618952,1.5182667149491502,1.7345972433153432,1.95553756937637,0.7440908648629122,-1.3732895866340131,-1.076894023337207,2.103838207932028,2.6258863060857243,1.140294182238991
86.0,140.0,1229.3780517578125,-3.375385238455265,1.5182667149491502,1.734610330692981,1.95553756937637,0.7440908648629122,-1.3732895897399464,-1.076894023337207,2.103838207932028,2.6258863060857243,1.140294182238991
86.0,140.0,1229.3795166015625,-3.3754005882335547,1.517467829763773,1.7346218110016198,1.9558244892647467,0.7443147524884952,-1.3732888240079857,-1.0769052790951064,2.103837156770135,2.6265907258680845,1.1402942862699728
86.0,140.0,1229.3795166015625,-3.3753880890618952,1.5182667149491502,1.7345971898851915,1.955675821853574,0.7440908648629122,-1.3732895866340131,-1.0769034348962785,2.1038327326956843,2.6259430195657454,1.140294182238991
86.0,140.0,1229.3795166015625,-3.3754026331755584,1.5174992477161957,1.7346218110016198,1.9558244892647467,0.7443212438614145,-1.373288825803054,-1.0768944476021602,2.103837156770135,2.626561165361483,1.1402942862699728
86.0,140.0,1229.380126953125,-3.3753952796779783,1.5182667149491502,1.7345972433153432,1.95553756937637,0.7440908648629122,-1.3732895866340131,-1.0770318368576326,2.103838207932028,2.625876743281305,1.140294573784853
86.0,140.0,1229.3802490234375,-3.375395328819333,1.517467829763773,1.7346218175038617,1.9558381286989648,0.7441574885106096,-1.3732888240079857,-1.0769052790951064,2.1038394688499698,2.6266250268993017,1.1402942862699728
86.0,140.0,1229.3814697265625,-3.375422735364946,1.5175931767279465,1.7346187345999018,1.9556351229152984,0.7453586304578587,-1.373289561781997,-1.076899990323024,2.104091479295627,2.625876743281305,1.1402707117747102
86.0,140.0,1229.382568359375,-3.375351151993277,1.5690509912287325,1.735375236495893,1.9558901712242056,0.7441519972082452,-1.3732893186167896,-1.076896992665441,2.104098595077807,2.6259442974259564,1.1402709633201176
86.0,140.0,1229.382568359375,-3.375351238724051,1.5690509912287325,1.735375236495893,1.9558901712242056,0.7441568150896015,-1.3732888589173813,-1.0768961038807403,2.1041239254808124,2.6259442974259564,1.1402709886218627
86.0,140.0,1229.38330078125,-3.3753878206634083,1.5749458909116831,1.7345766008097387,1.955538161645122,0.7108969098958556,-1.3732895866340131,-1.0768933724078211,2.104090544849612,2.6220815045769483,1.1402709121729755
86.0,140.0,1229.3841552734375,-3.3753878206634083,1.5749458909116831,1.7345765473795876,1.9556764141223253,0.7108969098958556,-1.3732895866340131,-1.076902783966893,2.104085069613268,2.622138218056969,1.1402709121729755
86.0,140.0,1229.3841552734375,-3.3753878206634083,1.5749458909116831,1.7345765473795876,1.9556764141223253,0.7108969098958556,-1.373289736295463,-1.076902783966893,2.104085069613268,2.622048587761502,1.1402709121729755
86.0,140.0,1229.384765625,-3.3753878206634083,1.5175931767279465,1.7346187345999018,1.9558336729125507,0.7453586304578587,-1.373289561781997,-1.0768972125671448,2.104088518079373,2.625876743281305,1.1402930966882274
86.0,140.0,1229.384765625,-3.3753878206634083,1.5175931767279465,1.7346187345999018,1.9558336729125507,0.7453586304578587,-1.373289547842142,-1.0768972350455328,2.104088518079373,2.625876743281305,1.1402930966882274
86.0,140.0,1229.384765625,-3.3753878206634083,1.5175931767279465,1.7346187345999018,1.9558336729125507,0.7453586304578587,-1.3732895378464065,-1.0768972125671448,2.104088518079373,2.625876743281305,1.1402942830149114
86.0,140.0,1229.3858642578125,-3.3753878206634083,1.5175337369552788,1.7345972433153432,1.9558336729125507,0.7453586304578587,-1.373288820737006,-1.076902783966893,2.104088518079373,2.625876743281305,1.1402930966882274
86.0,140.0,1229.3858642578125,-3.3753878206634083,1.5175337369552788,1.7345972433153432,1.9558336729125507,0.7453586304578587,-1.373288820737006,-1.076902783966893,2.104088518079373,2.625876743281305,1.1402930966882274
86.0,140.0,1229.3858642578125,-3.3753878206634083,1.5175337369552788,1.7345972433153432,1.9558336729125507,0.7453586304578587,-1.373288820737006,-1.076902783966893,2.104088518079373,2.625876743281305,1.1402930966882274
86.0,140.0,1229.3858642578125,-3.3753878206634083,1.5175337369552788,1.7345972433153432,1.9558336729125507,0.7453586304578587,-1.373288820737006,-1.076902783966893,2.104088518079373,2.625876743281305,1.1402930966882274
86.0,140.0,1229.3858642578125,-3.3753878206634083,1.5175337369552788,1.7345972433153432,1.9558336729125507,0.7453586304578587,-1.373288820737006,-1.076902783966893,2.104088518079373,2.625876743281305,1.1402930966882274
86.0,140.0,1229.3878173828125,-3.375947805404818,1.5749449055681142,1.734579822157681,1.9555241338155616,0.7108426142127119,-1.373289007314726,-1.076897071322514,2.104109369801613,2.621807589223579,1.1402714309324349
86.0,140.0,1229.3878173828125,-3.375947852515065,1.5749449055681142,1.7345796374465026,1.955524819423169,0.7108426142127119,-1.373289007314726,-1.076897071322514,2.104109369801613,2.621807589223579,1.1402714309324349
86.0,140.0,1229.387939453125,-3.375947852515065,1.5749449055681142,1.734578929367369,1.9555374455280377,0.7108426142127119,-1.373289007314726,-1.076897071322514,2.104109369801613,2.621807589223579,1.1402714309324349
86.0,140.0,1229.388916015625,-3.3759476166089213,1.5749452583829469,1.734579822157681,1.95568767896744,0.7108426142127119,-1.373289007314726,-1.0768970703433187,2.104109369801613,2.621807589223579,1.1402707228604
86.0,140.0,1229.3917236328125,-3.3753878206634083,1.5175931767279465,1.734618820192336,1.9558336729125507,0.744497562750246,-1.373289547842142,-1.0768972350455328,2.1040908193135333,2.625885681473964,1.1402931418937106
86.0,140.0,1229.3939208984375,-3.3753678349113736,1.5175931767279465,1.73462185371343,1.9558336729125507,0.7441253777667509,-1.373289561781997,-1.0768972125671448,2.104088518079373,2.6259111173388767,1.1402930966882274
86.0,140.0,1229.3955078125,-3.375424732430035,1.517588622023217,1.7346218175038617,1.9558381286989648,0.7441574885106096,-1.3732888240079857,-1.0769050716602744,2.1041257905493063,2.625879362400683,1.1402678203440173
86.0,141.0,1229.2393798828125,-3.375395328819333,1.517447651082673,1.7346218175038617,1.9558381286989648,0.7445104659395391,-1.2473402573822678,-1.2603790897257674,2.10409656594879,2.6266250268993017,1.140293594549803
86.0,141.0,1229.240478515625,-3.3751096919617485,1.517467829763773,1.7346186983903331,1.9558672997942448,0.7505354053310647,-1.3732888240079857,-1.046552366917857,2.1038394688499698,2.6265906528417293,1.1402942862699728
86.0,141.0,1229.2498779296875,-3.3753971846344184,1.517467829763773,1.7346224053141666,1.951082705361098,0.7505716018203102,-1.3732897086638651,-1.0769052790801836,2.103836901594178,2.626590640111416,1.1402942851228273
86.0,141.0,1229.2880859375,-3.3753971846344184,1.517467829763773,1.7346224053141666,1.951136014182472,0.7445027872226055,-1.3732897086638651,-1.076905275150437,2.1038368991231047,2.6265966485169034,1.1402943593180723
86.0,141.0,1229.2880859375,-3.3753971846344184,1.517467829763773,1.7346224053141666,1.951136014182472,0.7445027872226055,-1.3732897086638651,-1.0769024229230153,2.1038368991231047,2.62659406902371,1.1402943593180723
86.0,141.0,1229.3154296875,-3.3753671499330906,1.5234756486532348,1.73462185371343,1.9558336729125507,0.7417776971046189,-1.373289561781997,-1.0769030038685967,2.103498248891211,2.6259111173388767,1.1402930966882274
86.0,141.0,1229.318359375,-3.3753671499330906,1.5234756486532348,1.73462185371343,1.9560363196049324,0.7418697552593606,-1.373289561781997,-1.0769030038685967,2.103498248891211,2.6259111173388767,1.1402936317919117
86.0,141.0,1229.33203125,-3.3751096919617485,1.517467829763773,1.7346186983903331,1.9558672997942448,0.7505354053310647,-1.3732888240079857,-1.0769052790951064,2.1038394688499698,2.6265906528417293,1.1402942862699728
86.0,141.0,1229.3369140625,-3.3754005882335547,1.517467829763773,1.7346218110016198,1.9558244892647467,0.7508267399034142,-1.3732888240079857,-1.0769052790951064,2.103837156770135,2.6265907258680845,1.1402942862699728
86.0,141.0,1229.337158203125,-3.3753511565177803,1.5749334852157495,1.7345792322519424,1.956037076715796,0.7231786789124224,-1.373288995278751,-1.0769036715974545,2.1039458053873887,2.6220450364572425,1.1402709701952454
86.0,141.0,1229.337158203125,-3.3753511565177803,1.5749334852157495,1.7345792322519424,1.956037076715796,0.7231786789124224,-1.373288995278751,-1.0769036715974545,2.1039458053873887,2.6220450364572425,1.1402709701952454
86.0,141.0,1229.337158203125,-3.3753511565177803,1.5749334852157495,1.7345792322519424,1.956037076715796,0.7231786789124224,-1.373288995278751,-1.0769036715974545,2.1039458053873887,2.6220450364572425,1.1402709701952454
86.0,141.0,1229.3372802734375,-3.3753511565177803,1.574933485305759,1.7346061363879828,1.9560392962302848,0.7234745837973173,-1.3732893142335203,-1.0769101439341302,2.103946997929064,2.622253744020859,1.140271106713422
86.0,141.0,1229.3372802734375,-3.3753511565177803,1.5749334852142416,1.7345792848533446,1.9560392962302848,0.7231818553576187,-1.373289003915846,-1.0769101439341302,2.1039458053873887,2.622045036934455,1.140271106713422
86.0,141.0,1229.3372802734375,-3.3753500070541644,1.5749334852157495,1.7345792322519424,1.956037076715796,0.7231786789124224,-1.373288995278751,-1.0768943512791531,2.1038390061675627,2.6220450364572425,1.1402710219418373
86.0,141.0,1229.33740234375,-3.3753668723725805,1.5749334852157495,1.7345794364967095,1.9560362768741568,0.7231786789124224,-1.373288995278751,-1.0769030674735751,2.1039458053873887,2.6220450364572425,1.1402709701952454
86.0,141.0,1229.337890625,-3.3753511565177803,1.574933485305759,1.7346088935246535,1.9560392962302848,0.7239584592830992,-1.373289003915846,-1.0769101439341302,2.1039458053873887,2.6220450677237093,1.140271106713422
86.0,141.0,1229.337890625,-3.3753511565177803,1.574933485305759,1.7346088935246535,1.9560392962302848,0.7239584592830992,-1.373289003915846,-1.0769101439341302,2.1039458053873887,2.6220450677237093,1.140271106713422
86.0,141.0,1229.338134765625,-3.3754005882335547,1.517467829763773,1.7346225169151774,1.9558244892647467,0.7505354053310647,-1.3732888240079857,-1.0769052790951064,2.103836954308499,2.6265907258680845,1.1402942862699728
86.0,141.0,1229.3443603515625,-3.3753511533800773,1.5745951310704394,1.735375236495893,1.9558901712242056,0.7233357565453115,-1.3732893410596645,-1.076896992665441,2.104093004846227,2.6259442974259564,1.1402709633201176
86.0,141.0,1229.3599853515625,-3.3753892611013354,1.5182667149491502,1.7345995222052388,1.95553756937637,0.7441563093901045,-1.3732895866340131,-1.0769036767529407,2.1039462487021283,2.6265768194853245,1.1402941321895197
86.0,141.0,1229.3599853515625,-3.3753892611013354,1.5182667149491502,1.7345995222052388,1.95553756937637,0.7441563093901045,-1.3732895866340131,-1.0769036767529407,2.1039462487021283,2.6265768194853245,1.1402941321895197
86.0,141.0,1229.3602294921875,-3.375089706209714,1.517599928460732,1.7346218175038617,1.9558671046573928,0.7454098893932355,-1.3732888227892874,-1.0768969755723723,2.1038394688499698,2.6266463967733205,1.1402943131596144
86.0,141.0,1229.3604736328125,-3.37538811163772,1.5182667149491502,1.7345995222052388,1.95553756937637,0.7441563093901045,-1.3732895866340131,-1.0768943564346396,2.1038394494823023,2.6265768194853245,1.1402941839361111
86.0,141.0,1229.36279296875,-3.375393337557407,1.5182667149491502,1.7345995222052388,1.9556400035914845,0.744144107533357,-1.3732895866340131,-1.076900172124159,2.103837085596197,2.6265750917643325,1.140297042443785
86.0,141.0,1229.3636474609375,-3.3754970624386016,1.5741442927215796,1.7346495584639072,1.9608252962973336,0.7241038165370974,-1.3733076397372952,-1.076905433724392,2.103508325889645,2.621961047215238,1.1402706816302677
86.0,141.0,1229.3646240234375,-3.375960288648997,1.5214720554317365,1.7345972215140366,1.9518079573292848,0.7453577306633452,-1.3732897364848495,-1.0769031475025677,2.1040911427202187,2.6219155742483773,1.140271731505672
86.0,141.0,1229.3660888671875,-3.375393331754245,1.517472384468502,1.7346187345999018,1.9556351229152984,0.7453586304578587,-1.373289561781997,-1.0769001977578558,2.1038051575962906,2.626622407779923,1.1402971777006656
86.0,141.0,1229.3660888671875,-3.375393331754245,1.517472384468502,1.7346187345999018,1.9556351229152984,0.7453586304578587,-1.373289561781997,-1.0769001977578558,2.1038051575962906,2.626622407779923,1.1402971777006656
86.0,141.0,1229.3740234375,-3.375089706209714,1.517467829763773,1.7346218175038617,1.9558672997942448,0.7441574885106096,-1.3732888240079857,-1.0769052790951064,2.1038394688499698,2.6266250268993017,1.1402942862699728
86.0,141.0,1229.3780517578125,-3.3753880890618952,1.5182667149491502,1.7345972433153432,1.95553756937637,0.7440908648629122,-1.3732895866340131,-1.076894023337207,2.103838207932028,2.6258863060857243,1.140294182238991
86.0,141.0,1229.3780517578125,-3.375385238455265,1.5182667149491502,1.734610330692981,1.95553756937637,0.7440908648629122,-1.3732895897399464,-1.076894023337207,2.103838207932028,2.6258863060857243,1.140294182238991
86.0,141.0,1229.3795166015625,-3.3754005882335547,1.517467829763773,1.7346218110016198,1.9558244892647467,0.7443147524884952,-1.3732888240079857,-1.0769052790951064,2.103837156770135,2.6265907258680845,1.1402942862699728
86.0,141.0,1229.3795166015625,-3.3753880890618952,1.5182667149491502,1.7345971898851915,1.955675821853574,0.7440908648629122,-1.3732895866340131,-1.0769034348962785,2.1038327326956843,2.6259430195657454,1.140294182238991
86.0,141.0,1229.3795166015625,-3.3754026331755584,1.5174992477161957,1.7346218110016198,1.9558244892647467,0.7443212438614145,-1.373288825803054,-1.0768944476021602,2.103837156770135,2.626561165361483,1.1402942862699728
86.0,141.0,1229.3797607421875,-3.3753569672362604,1.517467829763773,1.7345778540216996,1.9558672997942448,0.7441574885106096,-1.3732888240079857,-1.0769102245793831,2.1038394671236214,2.6266250268993017,1.140271949649192
86.0,141.0,1229.380126953125,-3.3753952796779783,1.5182667149491502,1.7345972433153432,1.95553756937637,0.7440908648629122,-1.3732895866340131,-1.0770318368576326,2.103838207932028,2.625876743281305,1.140294573784853
86.0,141.0,1229.3802490234375,-3.375395328819333,1.517467829763773,1.7346218175038617,1.9558381286989648,0.7441574885106096,-1.3732888240079857,-1.0769052790951064,2.1038394688499698,2.6266250268993017,1.1402942862699728
86.0,141.0,1229.3802490234375,-3.375395328819333,1.517467829763773,1.7346218175038617,1.9558381286989648,0.7441574885106096,-1.3732888240079857,-1.0769052790951064,2.1038394688499698,2.6266250268993017,1.1402942862699728
86.0,141.0,1229.3812255859375,-3.375422735364946,1.5176089351651023,1.7346181529751872,1.9556370721295075,0.7453586304578587,-1.3732895863296846,-1.076899990323024,2.104093869744875,2.6258762481524176,1.1402707117747102
86.0,141.0,1229.3814697265625,-3.375422735364946,1.5175931767279465,1.7346187345999018,1.9556351229152984,0.7453586304578587,-1.373289561781997,-1.076899990323024,2.104091479295627,2.625876743281305,1.1402707117747102
86.0,141.0,1229.382080078125,-3.3754005882335547,1.517467829763773,1.7346225169151774,1.9558244892647467,0.7440234179161457,-1.3732888240079857,-1.0769052790951064,2.103836954308499,2.6265907258680845,1.1402942862699728
86.0,141.0,1229.382568359375,-3.375351151993277,1.5690509912287325,1.735375236495893,1.9558901712242056,0.7441519972082452,-1.3732893186167896,-1.076896992665441,2.104098595077807,2.6259442974259564,1.1402709633201176
86.0,141.0,1229.382568359375,-3.375351238724051,1.5690509912287325,1.735375236495893,1.9558901712242056,0.7441568150896015,-1.3732888589173813,-1.0768961038807403,2.1041239254808124,2.6259442974259564,1.1402709886218627
86.0,141.0,1229.38330078125,-3.3753878206634083,1.5749458909116831,1.7345766008097387,1.955538161645122,0.7108969098958556,-1.3732895866340131,-1.0768933724078211,2.104090544849612,2.6220815045769483,1.1402709121729755
86.0,141.0,1229.3841552734375,-3.3753878206634083,1.5749458909116831,1.7345765473795876,1.9556764141223253,0.7108969098958556,-1.3732895866340131,-1.076902783966893,2.104085069613268,2.622138218056969,1.1402709121729755
86.0,141.0,1229.3841552734375,-3.3753878206634083,1.5749458909116831,1.7345765473795876,1.9556764141223253,0.7108969098958556,-1.373289736295463,-1.076902783966893,2.104085069613268,2.622048587761502,1.1402709121729755
86.0,141.0,1229.384765625,-3.3753878206634083,1.5175931767279465,1.7346187345999018,1.9558336729125507,0.7453586304578587,-1.373289561781997,-1.0768972125671448,2.104088518079373,2.625876743281305,1.1402930966882274
86.0,141.0,1229.384765625,-3.3753878206634083,1.5175931767279465,1.7346187345999018,1.9558336729125507,0.7453586304578587,-1.373289547842142,-1.0768972350455328,2.104088518079373,2.625876743281305,1.1402930966882274
86.0,141.0,1229.384765625,-3.3753878206634083,1.5175931767279465,1.7346187345999018,1.9558336729125507,0.7453586304578587,-1.3732895378464065,-1.0768972125671448,2.104088518079373,2.625876743281305,1.1402942830149114
86.0,142.0,1228.9417724609375,-3.375109966836935,1.517467829763773,1.7346186983903331,1.8797288042538325,0.7505533931048859,-1.3732888240079857,-1.0774020161804598,2.1038394688499698,2.626590728973487,1.1402942862699728
86.0,142.0,1229.2393798828125,-3.375395328819333,1.517447651082673,1.7346218175038617,1.9558381286989648,0.7445104659395391,-1.2473402573822678,-1.2603790897257674,2.10409656594879,2.6266250268993017,1.140293594549803
86.0,142.0,1229.240478515625,-3.3751096919617485,1.517467829763773,1.7346186983903331,1.9558672997942448,0.7505354053310647,-1.3732888240079857,-1.046552366917857,2.1038394688499698,2.6265906528417293,1.1402942862699728
86.0,142.0,1229.240478515625,-3.3751096919617485,1.517467829763773,1.7346186983903331,1.9558672997942448,0.7505354053310647,-1.3732888240079857,-1.046552366917857,2.1038394688499698,2.6265906528417293,1.1402942862699728
86.0,142.0,1229.2498779296875,-3.3753971846344184,1.517467829763773,1.7346224053141666,1.951082705361098,0.7505716018203102,-1.3732897086638651,-1.0769052790801836,2.103836901594178,2.626590640111416,1.1402942851228273
86.0,142.0,1229.2880859375,-3.3753971846344184,1.517467829763773,1.7346224053141666,1.951136014182472,0.7445027872226055,-1.3732897086638651,-1.076905275150437,2.1038368991231047,2.6265966485169034,1.1402943593180723
86.0,142.0,1229.2880859375,-3.3753971846344184,1.517467829763773,1.7346224053141666,1.951136014182472,0.7445027872226055,-1.3732897086638651,-1.0769024229230153,2.1038368991231047,2.62659406902371,1.1402943593180723
86.0,142.0,1229.28857421875,-3.3754070515736743,1.517467829763773,1.7346218175038617,1.950933855177568,0.7440447075553924,-1.3732888240079857,-1.0769052790949336,2.1038394688499698,2.626590380633006,1.1402942862699728
86.0,142.0,1229.3001708984375,-3.3754005882335547,1.5235213948291595,1.7346218640957836,1.9560332603717736,0.7440205499083118,-1.3732888049340952,-1.07690528836864,2.103836954308499,2.625931591808605,1.140293622684906
86.0,142.0,1229.30517578125,-3.3754003133583685,1.517467829763773,1.7346218110016198,1.9558244892647467,0.744296764714674,-1.3732888240079857,-1.0460556298325034,2.103837156770135,2.6265906497363263,1.1402942862699728
86.0,142.0,1229.3154296875,-3.3753671499330906,1.5234756486532348,1.73462185371343,1.9558336729125507,0.7417776971046189,-1.373289561781997,-1.0769030038685967,2.103498248891211,2.6259111173388767,1.1402930966882274
86.0,142.0,1229.318359375,-3.3753671499330906,1.5234756486532348,1.73462185371343,1.9560363196049324,0.7418697552593606,-1.373289561781997,-1.0769030038685967,2.103498248891211,2.6259111173388767,1.1402936317919117
86.0,142.0,1229.3192138671875,-3.3753671499330906,1.5234756486532348,1.73462185371343,1.9560385741875923,0.7417788769632538,-1.373289561781997,-1.0769030038685967,2.103498248891211,2.6259111173388767,1.1402936317919117
86.0,142.0,1229.33203125,-3.3751096919617485,1.517467829763773,1.7346186983903331,1.9558672997942448,0.7505354053310647,-1.3732888240079857,-1.0769052790951064,2.1038394688499698,2.6265906528417293,1.1402942862699728
86.0,142.0,1229.33203125,-3.3751096919617485,1.517467829763773,1.7346186983903331,1.9558672997942448,0.7505354053310647,-1.3732888240079857,-1.0769052790951064,2.1038394688499698,2.6265906528417293,1.1402942862699728
86.0,142.0,1229.3369140625,-3.3754005882335547,1.517467829763773,1.7346218110016198,1.9558244892647467,0.7508267399034142,-1.3732888240079857,-1.0769052790951064,2.103837156770135,2.6265907258680845,1.1402942862699728
86.0,142.0,1229.337158203125,-3.3753511565177803,1.5749334852157495,1.7345792322519424,1.956037076715796,0.7231786789124224,-1.373288995278751,-1.0769036715974545,2.1039458053873887,2.6220450364572425,1.1402709701952454
86.0,142.0,1229.337158203125,-3.3753511565177803,1.5749334852157495,1.7345792322519424,1.956037076715796,0.7231786789124224,-1.373288995278751,-1.0769036715974545,2.1039458053873887,2.6220450364572425,1.1402709701952454
86.0,142.0,1229.337158203125,-3.3753511565177803,1.5749334852157495,1.7345792322519424,1.956037076715796,0.7231786789124224,-1.373288995278751,-1.0769036715974545,2.1039458053873887,2.6220450364572425,1.1402709701952454
86.0,142.0,1229.3372802734375,-3.3753511565177803,1.574933485305759,1.7346061363879828,1.9560392962302848,0.7234745837973173,-1.3732893142335203,-1.0769101439341302,2.103946997929064,2.622253744020859,1.140271106713422
86.0,142.0,1229.3372802734375,-3.3753511565177803,1.5749334852142416,1.7345792848533446,1.9560392962302848,0.7231818553576187,-1.373289003915846,-1.0769101439341302,2.1039458053873887,2.622045036934455,1.140271106713422
86.0,142.0,1229.3372802734375,-3.3753500070541644,1.5749334852157495,1.7345792322519424,1.956037076715796,0.7231786789124224,-1.373288995278751,-1.0768943512791531,2.1038390061675627,2.6220450364572425,1.1402710219418373
86.0,142.0,1229.33740234375,-3.3753668723725805,1.5749334852157495,1.7345794364967095,1.9560362768741568,0.7231786789124224,-1.373288995278751,-1.0769030674735751,2.1039458053873887,2.6220450364572425,1.1402709701952454
86.0,142.0,1229.337890625,-3.3753511565177803,1.574933485305759,1.7346088935246535,1.9560392962302848,0.7239584592830992,-1.373289003915846,-1.0769101439341302,2.1039458053873887,2.6220450677237093,1.140271106713422
86.0,142.0,1229.337890625,-3.3753511565177803,1.574933485305759,1.7346088935246535,1.9560392962302848,0.7239584592830992,-1.373289003915846,-1.0769101439341302,2.1039458053873887,2.6220450677237093,1.140271106713422
86.0,142.0,1229.338134765625,-3.3754005882335547,1.517467829763773,1.7346225169151774,1.9558244892647467,0.7505354053310647,-1.3732888240079857,-1.0769052790951064,2.103836954308499,2.6265907258680845,1.1402942862699728
86.0,142.0,1229.34228515625,-3.3751096919617485,1.517467829763773,1.7389671820032802,1.9558672997942448,0.7505354053310647,-1.3732888240079857,-1.0769052790951064,2.1038394688499698,2.6265906528417293,1.1402942862699728
86.0,142.0,1229.3443603515625,-3.3753511533800773,1.5745951310704394,1.735375236495893,1.9558901712242056,0.7233357565453115,-1.3732893410596645,-1.076896992665441,2.104093004846227,2.6259442974259564,1.1402709633201176
86.0,142.0,1229.3460693359375,-3.3753491852246578,1.5744357649685412,1.7346216993333414,1.9560351101311928,0.7239584592830992,-1.373289003915846,-1.0769101439341302,2.1040912413798405,2.626794902721117,1.140271106713422
86.0,142.0,1229.3599853515625,-3.3753892611013354,1.5182667149491502,1.7345995222052388,1.95553756937637,0.7441563093901045,-1.3732895866340131,-1.0769036767529407,2.1039462487021283,2.6265768194853245,1.1402941321895197
86.0,142.0,1229.3599853515625,-3.3753892611013354,1.5182667149491502,1.7345995222052388,1.95553756937637,0.7441563093901045,-1.3732895866340131,-1.0769036767529407,2.1039462487021283,2.6265768194853245,1.1402941321895197
86.0,142.0,1229.3602294921875,-3.375089706209714,1.517599928460732,1.7346218175038617,1.9558671046573928,0.7454098893932355,-1.3732888227892874,-1.0768969755723723,2.1038394688499698,2.6266463967733205,1.1402943131596144
86.0,142.0,1229.3604736328125,-3.37538811163772,1.5182667149491502,1.7345995222052388,1.95553756937637,0.7441563093901045,-1.3732895866340131,-1.0768943564346396,2.1038394494823023,2.6265768194853245,1.1402941839361111
86.0,142.0,1229.36279296875,-3.375393337557407,1.5182667149491502,1.7345995222052388,1.9556400035914845,0.744144107533357,-1.3732895866340131,-1.076900172124159,2.103837085596197,2.6265750917643325,1.140297042443785
86.0,142.0,1229.3636474609375,-3.3754970624386016,1.5741442927215796,1.7346495584639072,1.9608252962973336,0.7241038165370974,-1.3733076397372952,-1.076905433724392,2.103508325889645,2.621961047215238,1.1402706816302677
86.0,142.0,1229.3646240234375,-3.375960288648997,1.5214720554317365,1.7345972215140366,1.9518079573292848,0.7453577306633452,-1.3732897364848495,-1.0769031475025677,2.1040911427202187,2.6219155742483773,1.140271731505672
86.0,142.0,1229.3660888671875,-3.375393331754245,1.517472384468502,1.7346187345999018,1.9556351229152984,0.7453586304578587,-1.373289561781997,-1.0769001977578558,2.1038051575962906,2.626622407779923,1.1402971777006656
86.0,142.0,1229.3660888671875,-3.375393331754245,1.517472384468502,1.7346187345999018,1.9556351229152984,0.7453586304578587,-1.373289561781997,-1.0769001977578558,2.1038051575962906,2.626622407779923,1.1402971777006656
86.0,142.0,1229.3740234375,-3.375089706209714,1.517467829763773,1.7346218175038617,1.9558672997942448,0.7441574885106096,-1.3732888240079857,-1.0769052790951064,2.1038394688499698,2.6266250268993017,1.1402942862699728
86.0,142.0,1229.3780517578125,-3.3753880890618952,1.5182667149491502,1.7345972433153432,1.95553756937637,0.7440908648629122,-1.3732895866340131,-1.076894023337207,2.103838207932028,2.6258863060857243,1.140294182238991
86.0,142.0,1229.3780517578125,-3.375385238455265,1.5182667149491502,1.734610330692981,1.95553756937637,0.7440908648629122,-1.3732895897399464,-1.076894023337207,2.103838207932028,2.6258863060857243,1.140294182238991
86.0,142.0,1229.3780517578125,-3.375422165769705,1.517607371434773,1.7346218110016198,1.9558196087639608,0.7443264893756963,-1.37328959763765,-1.076899907600138,2.103830234114964,2.626561165361483,1.1402937648016804
86.0,142.0,1229.37939453125,-3.375389179095287,1.5182667149491502,1.7345971898851915,1.95567637434244,0.7440908648629122,-1.3732895866340131,-1.076903439808211,2.1038327326956843,2.6259490973307447,1.140294182238991
86.0,142.0,1229.3795166015625,-3.3754005882335547,1.517467829763773,1.7346218110016198,1.9558244892647467,0.7443147524884952,-1.3732888240079857,-1.0769052790951064,2.103837156770135,2.6265907258680845,1.1402942862699728
86.0,142.0,1229.3795166015625,-3.3753880890618952,1.5182667149491502,1.7345971898851915,1.955675821853574,0.7440908648629122,-1.3732895866340131,-1.0769034348962785,2.1038327326956843,2.6259430195657454,1.140294182238991
86.0,142.0,1229.3795166015625,-3.3754026331755584,1.5174992477161957,1.7346218110016198,1.9558244892647467,0.7443212438614145,-1.373288825803054,-1.0768944476021602,2.103837156770135,2.626561165361483,1.1402942862699728
86.0,142.0,1229.3797607421875,-3.3753569672362604,1.517467829763773,1.7345778540216996,1.9558672997942448,0.7441574885106096,-1.3732888240079857,-1.0769102245793831,2.1038394671236214,2.6266250268993017,1.140271949649192
86.0,142.0,1229.380126953125,-3.3753952796779783,1.5182667149491502,1.7345972433153432,1.95553756937637,0.7440908648629122,-1.3732895866340131,-1.0770318368576326,2.103838207932028,2.625876743281305,1.140294573784853
86.0,142.0,1229.3802490234375,-3.375395328819333,1.517467829763773,1.7346218175038617,1.9558381286989648,0.7441574885106096,-1.3732888240079857,-1.0769052790951064,2.1038394688499698,2.6266250268993017,1.1402942862699728
86.0,142.0,1229.3802490234375,-3.375395328819333,1.517467829763773,1.7346218175038617,1.9558381286989648,0.7441574885106096,-1.3732888240079857,-1.0769052790951064,2.1038394688499698,2.6266250268993017,1.1402942862699728
86.0,143.0,1228.9417724609375,-3.375109966836935,1.517467829763773,1.7346186983903331,1.8797288042538325,0.7505533931048859,-1.3732888240079857,-1.0774020161804598,2.1038394688499698,2.626590728973487,1.1402942862699728
86.0,143.0,1229.2393798828125,-3.375395328819333,1.517447651082673,1.7346218175038617,1.9558381286989648,0.7445104659395391,-1.2473402573822678,-1.2603790897257674,2.10409656594879,2.6266250268993017,1.140293594549803
86.0,143.0,1229.240478515625,-3.3751096919617485,1.517467829763773,1.7346186983903331,1.9558672997942448,0.7505354053310647,-1.3732888240079857,-1.046552366917857,2.1038394688499698,2.6265906528417293,1.1402942862699728
86.0,143.0,1229.240478515625,-3.3751096919617485,1.517467829763773,1.7346186983903331,1.9558672997942448,0.7505354053310647,-1.3732888240079857,-1.046552366917857,2.1038394688499698,2.6265906528417293,1.1402942862699728
86.0,143.0,1229.240478515625,-3.3751096919617485,1.517467829763773,1.7346186983903331,1.9558672997942448,0.7505354053310647,-1.3732888240079857,-1.046552366917857,2.1038394688499698,2.6265906528417293,1.1402942862699728
86.0,143.0,1229.2498779296875,-3.3753971846344184,1.517467829763773,1.7346224053141666,1.951082705361098,0.7505716018203102,-1.3732897086638651,-1.0769052790801836,2.103836901594178,2.626590640111416,1.1402942851228273
86.0,143.0,1229.2880859375,-3.3753971846344184,1.517467829763773,1.7346224053141666,1.951136014182472,0.7445027872226055,-1.3732897086638651,-1.076905275150437,2.1038368991231047,2.6265966485169034,1.1402943593180723
86.0,143.0,1229.2880859375,-3.3753971846344184,1.517467829763773,1.7346224053141666,1.951136014182472,0.7445027872226055,-1.3732897086638651,-1.0769024229230153,2.1038368991231047,2.62659406902371,1.1402943593180723
86.0,143.0,1229.28857421875,-3.3754070515736743,1.517467829763773,1.7346218175038617,1.950933855177568,0.7440447075553924,-1.3732888240079857,-1.0769052790949336,2.1038394688499698,2.626590380633006,1.1402942862699728
86.0,143.0,1229.3001708984375,-3.3754005882335547,1.5235213948291595,1.7346218640957836,1.9560332603717736,0.7440205499083118,-1.3732888049340952,-1.07690528836864,2.103836954308499,2.625931591808605,1.140293622684906
86.0,143.0,1229.301025390625,-3.3753971846344184,1.5167107017081596,1.7345780806242128,1.951136014182472,0.7445027872226055,-1.3732897086638651,-1.0769036623592672,2.103839560204917,2.62659406902371,1.1402712646399744
86.0,143.0,1229.30517578125,-3.3754003133583685,1.517467829763773,1.7346218110016198,1.9558244892647467,0.744296764714674,-1.3732888240079857,-1.0460556298325034,2.103837156770135,2.6265906497363263,1.1402942862699728
86.0,143.0,1229.3154296875,-3.3753671499330906,1.5234756486532348,1.73462185371343,1.9558336729125507,0.7417776971046189,-1.373289561781997,-1.0769030038685967,2.103498248891211,2.6259111173388767,1.1402930966882274
86.0,143.0,1229.3154296875,-3.3753671499330906,1.5234756486532348,1.73462185371343,1.9558336729125507,0.7417776971046189,-1.373289561781997,-1.0769030038685967,2.103498248891211,2.6259111173388767,1.1402930966882274
86.0,143.0,1229.318359375,-3.3753671499330906,1.5234756486532348,1.73462185371343,1.9560363196049324,0.7418697552593606,-1.373289561781997,-1.0769030038685967,2.103498248891211,2.6259111173388767,1.1402936317919117
86.0,143.0,1229.318359375,-3.3753671499330906,1.5234756486532348,1.73462185371343,1.9560363196049324,0.7418697552593606,-1.3732896023343495,-1.0769030038685967,2.103498248891211,2.6259111173388767,1.1402936317919117
86.0,143.0,1229.3192138671875,-3.3753671499330906,1.5234756486532348,1.73462185371343,1.9560385741875923,0.7417788769632538,-1.373289561781997,-1.0769030038685967,2.103498248891211,2.6259111173388767,1.1402936317919117
86.0,143.0,1229.3251953125,-3.3753881449231864,1.5182816209422751,1.7345971898851915,1.955822800960043,0.7505252572407124,-1.3732895866340131,-1.076903348601699,2.1038327326956843,2.6265872528357352,1.140294182238991
86.0,143.0,1229.33203125,-3.3751096919617485,1.517467829763773,1.7346186983903331,1.9558672997942448,0.7505354053310647,-1.3732888240079857,-1.0769052790951064,2.1038394688499698,2.6265906528417293,1.1402942862699728
86.0,143.0,1229.33203125,-3.3751096919617485,1.517467829763773,1.7346186983903331,1.9558672997942448,0.7505354053310647,-1.3732888240079857,-1.0769052790951064,2.1038394688499698,2.6265906528417293,1.1402942862699728
86.0,143.0,1229.33447265625,-3.3751096919617485,1.517467829763773,1.7346186983903331,1.955991582353282,0.7505354053310647,-1.3732888240079857,-1.0769052790951064,2.1038394688499698,2.6265906528417293,1.1402942862699728
86.0,143.0,1229.3369140625,-3.3754005882335547,1.517467829763773,1.7346218110016198,1.9558244892647467,0.7508267399034142,-1.3732888240079857,-1.0769052790951064,2.103837156770135,2.6265907258680845,1.1402942862699728
86.0,143.0,1229.337158203125,-3.3753511565177803,1.5749334852157495,1.7345792322519424,1.956037076715796,0.7231786789124224,-1.373288995278751,-1.0769036715974545,2.1039458053873887,2.6220450364572425,1.1402709701952454
86.0,143.0,1229.337158203125,-3.3753511565177803,1.5749334852157495,1.7345792322519424,1.956037076715796,0.7231786789124224,-1.373288995278751,-1.0769036715974545,2.1039458053873887,2.6220450364572425,1.1402709701952454
86.0,143.0,1229.337158203125,-3.3753511565177803,1.5749334852157495,1.7345792322519424,1.956037076715796,0.7231786789124224,-1.373288995278751,-1.0769036715974545,2.1039458053873887,2.6220450364572425,1.1402709701952454
86.0,143.0,1229.337158203125,-3.3753511565177803,1.5749334852142416,1.734579286226854,1.9560392962302848,0.7231823512850215,-1.373289003915846,-1.0769036337427336,2.1039458053873887,2.622045036934455,1.140271106713422
86.0,143.0,1229.3372802734375,-3.3753511565177803,1.574933485305759,1.7346061363879828,1.9560392962302848,0.7234745837973173,-1.3732893142335203,-1.0769101439341302,2.103946997929064,2.622253744020859,1.140271106713422
86.0,143.0,1229.3372802734375,-3.3753511565177803,1.5749334852142416,1.7345792848533446,1.9560392962302848,0.7231818553576187,-1.373289003915846,-1.0769101439341302,2.1039458053873887,2.622045036934455,1.140271106713422
86.0,143.0,1229.3372802734375,-3.3753500070541644,1.5749334852157495,1.7345792322519424,1.956037076715796,0.7231786789124224,-1.373288995278751,-1.0768943512791531,2.1038390061675627,2.6220450364572425,1.1402710219418373
86.0,143.0,1229.3372802734375,-3.3753511565177803,1.5749334852165633,1.7345767769923168,1.9560369197167284,0.7232066798702471,-1.373288995278751,-1.0769109345643375,2.1039458053873887,2.622045035734069,1.1402709701952454
86.0,143.0,1229.3372802734375,-3.3753536254641583,1.5749334852157495,1.7345792322519424,1.956037076715796,0.723211193922406,-1.373288995278751,-1.0769036715974545,2.1039458053873887,2.6220450364572425,1.1402709701952454
86.0,143.0,1229.33740234375,-3.3753668723725805,1.5749334852157495,1.7345794364967095,1.9560362768741568,0.7231786789124224,-1.373288995278751,-1.0769030674735751,2.1039458053873887,2.6220450364572425,1.1402709701952454
86.0,143.0,1229.337890625,-3.3753511565177803,1.574933485305759,1.7346088935246535,1.9560392962302848,0.7239584592830992,-1.373289003915846,-1.0769101439341302,2.1039458053873887,2.6220450677237093,1.140271106713422
86.0,143.0,1229.337890625,-3.3753511565177803,1.574933485305759,1.7346088935246535,1.9560392962302848,0.7239584592830992,-1.373289003915846,-1.0769101439341302,2.1039458053873887,2.6220450677237093,1.140271106713422
86.0,143.0,1229.338134765625,-3.3754005882335547,1.517467829763773,1.7346225169151774,1.9558244892647467,0.7505354053310647,-1.3732888240079857,-1.0769052790951064,2.103836954308499,2.6265907258680845,1.1402942862699728
86.0,143.0,1229.34228515625,-3.3751096919617485,1.517467829763773,1.7389671820032802,1.9558672997942448,0.7505354053310647,-1.3732888240079857,-1.0769052790951064,2.1038394688499698,2.6265906528417293,1.1402942862699728
86.0,143.0,1229.3438720703125,-3.3753511533800773,1.5745951310704394,1.735398398891545,1.9558901712242056,0.7233357565453115,-1.3732893461892828,-1.0776962030132622,2.104093004846227,2.6259442974259564,1.1402709633201176
86.0,143.0,1229.3443603515625,-3.3753511533800773,1.5745951310704394,1.735375236495893,1.9558901712242056,0.7233357565453115,-1.3732893410596645,-1.076896992665441,2.104093004846227,2.6259442974259564,1.1402709633201176
86.0,143.0,1229.3460693359375,-3.3753491852246578,1.5744357649685412,1.7346216993333414,1.9560351101311928,0.7239584592830992,-1.373289003915846,-1.0769101439341302,2.1040912413798405,2.626794902721117,1.140271106713422
86.0,143.0,1229.346923828125,-3.375349691728969,1.5749334852157495,1.7346214357951737,1.956037076715796,0.7231786789124224,-1.373288995278751,-1.0768943512791531,2.1038390061675627,2.625801428296662,1.1402710219418373
86.0,143.0,1229.353515625,-3.3753511565177803,1.5749334852142416,1.7345792848533446,1.9562798521580889,0.7231818553576187,-1.3732889697645525,-1.0769050977965504,2.1039458053873887,2.62669505814023,1.140293399907359
86.0,143.0,1229.3599853515625,-3.3753892611013354,1.5182667149491502,1.7345995222052388,1.95553756937637,0.7441563093901045,-1.3732895866340131,-1.0769036767529407,2.1039462487021283,2.6265768194853245,1.1402941321895197
86.0,143.0,1229.3599853515625,-3.3753892611013354,1.5182667149491502,1.7345995222052388,1.95553756937637,0.7441563093901045,-1.3732895866340131,-1.0769036767529407,2.1039462487021283,2.6265768194853245,1.1402941321895197
86.0,143.0,1229.3599853515625,-3.375422165769705,1.517463708424653,1.7346218110016198,1.9558196087639608,0.7443264893756963,-1.37328959763765,-1.0750493805436414,2.103830199598921,2.626561165361483,1.1402937648016804
86.0,143.0,1229.3602294921875,-3.375089706209714,1.517599928460732,1.7346218175038617,1.9558671046573928,0.7454098893932355,-1.3732888227892874,-1.0768969755723723,2.1038394688499698,2.6266463967733205,1.1402943131596144
86.0,143.0,1229.3604736328125,-3.37538811163772,1.5182667149491502,1.7345995222052388,1.95553756937637,0.7441563093901045,-1.3732895866340131,-1.0768943564346396,2.1038394494823023,2.6265768194853245,1.1402941839361111
86.0,143.0,1229.36279296875,-3.375393337557407,1.5182667149491502,1.7345995222052388,1.9556400035914845,0.744144107533357,-1.3732895866340131,-1.076900172124159,2.103837085596197,2.6265750917643325,1.140297042443785
86.0,143.0,1229.3636474609375,-3.3754970624386016,1.5741442927215796,1.7346495584639072,1.9608252962973336,0.7241038165370974,-1.3733076397372952,-1.076905433724392,2.103508325889645,2.621961047215238,1.1402706816302677
86.0,143.0,1229.3646240234375,-3.375960288648997,1.5214720554317365,1.7345972215140366,1.9518079573292848,0.7453577306633452,-1.3732897364848495,-1.0769031475025677,2.1040911427202187,2.6219155742483773,1.140271731505672
86.0,143.0,1229.3660888671875,-3.375393331754245,1.517472384468502,1.7346187345999018,1.9556351229152984,0.7453586304578587,-1.373289561781997,-1.0769001977578558,2.1038051575962906,2.626622407779923,1.1402971777006656
86.0,144.0,1228.9417724609375,-3.375109966836935,1.517467829763773,1.7346186983903331,1.8797288042538325,0.7505533931048859,-1.3732888240079857,-1.0774020161804598,2.1038394688499698,2.626590728973487,1.1402942862699728
86.0,144.0,1229.218505859375,-3.3753971846344184,1.523364401275336,1.7346198461868474,1.951136014182472,0.7417822847124157,-1.3732897086638651,-1.0769030147854624,2.103839560204917,2.6265987180302,1.1402949664696265
86.0,144.0,1229.2393798828125,-3.375395328819333,1.517447651082673,1.7346218175038617,1.9558381286989648,0.7445104659395391,-1.2473402573822678,-1.2603790897257674,2.10409656594879,2.6266250268993017,1.140293594549803
86.0,144.0,1229.240478515625,-3.3751096919617485,1.517467829763773,1.7346186983903331,1.9558672997942448,0.7505354053310647,-1.3732888240079857,-1.046552366917857,2.1038394688499698,2.6265906528417293,1.1402942862699728
86.0,144.0,1229.240478515625,-3.3751096919617485,1.517467829763773,1.7346186983903331,1.9558672997942448,0.7505354053310647,-1.3732888240079857,-1.046552366917857,2.1038394688499698,2.6265906528417293,1.1402942862699728
86.0,144.0,1229.240478515625,-3.3751096919617485,1.517467829763773,1.7346186983903331,1.9558672997942448,0.7505354053310647,-1.3732888240079857,-1.046552366917857,2.1038394688499698,2.6265906528417293,1.1402942862699728
86.0,144.0,1229.240478515625,-3.3751096919617485,1.517467829763773,1.7346186983903331,1.9558672997942448,0.7505354053310647,-1.3732888240079857,-1.046552366917857,2.1038394688499698,2.6265906528417293,1.1402942862699728
86.0,144.0,1229.240478515625,-3.3751096919617485,1.517467829763773,1.7346186983903331,1.9558672997942448,0.7505354053310647,-1.3732888108567358,-1.046552366917857,2.1038394688499698,2.6265906528417293,1.140294633535038
86.0,144.0,1229.240478515625,-3.3751096919617485,1.517467829763773,1.7346186983903331,1.9558672997942448,0.7505354053310647,-1.3732888240079857,-1.046552366917857,2.1038394688499698,2.6265906528417293,1.1402942862699728
86.0,144.0,1229.245849609375,-3.3753639326650875,1.5175672252225834,1.7346185356971937,1.9558584757998447,0.7505354053310647,-1.3732888240079857,-1.046552366917857,2.1035164441865124,2.6265906528417293,1.1402936508650003
86.0,144.0,1229.2498779296875,-3.3753971846344184,1.517467829763773,1.7346224053141666,1.951082705361098,0.7505716018203102,-1.3732897086638651,-1.0769052790801836,2.103836901594178,2.626590640111416,1.1402942851228273
86.0,144.0,1229.265380859375,-3.3750360595364555,1.5234207744086037,1.7346219448177256,1.9560332603717736,0.7504054026362986,-1.3732888049340952,-1.07690220817497,2.103836954308499,2.625931591808605,1.140293622684906
86.0,144.0,1229.2880859375,-3.3753971846344184,1.517467829763773,1.7346224053141666,1.951136014182472,0.7445027872226055,-1.3732897086638651,-1.076905275150437,2.1038368991231047,2.6265966485169034,1.1402943593180723
86.0,144.0,1229.2880859375,-3.3753971846344184,1.517467829763773,1.7346224053141666,1.951136014182472,0.7445027872226055,-1.3732897086638651,-1.0769024229230153,2.1038368991231047,2.62659406902371,1.1402943593180723
86.0,144.0,1229.2882080078125,-3.3753971846344184,1.517467829763773,1.7346068638101797,1.951136014182472,0.7445027872226055,-1.3732896745592773,-1.0769099527309005,2.103836759860849,2.62659406902371,1.1402943593180723
86.0,144.0,1229.28857421875,-3.3754070515736743,1.517467829763773,1.7346218175038617,1.950933855177568,0.7440447075553924,-1.3732888240079857,-1.0769052790949336,2.1038394688499698,2.626590380633006,1.1402942862699728
86.0,144.0,1229.2886962890625,-3.3754070515736743,1.517467829763773,1.7346218175038617,1.950933855177568,0.7440443683434699,-1.3732896552969578,-1.0769052727226407,2.1038372377306187,2.6265904567136107,1.1402943583435723
86.0,144.0,1229.3001708984375,-3.3754005882335547,1.5235213948291595,1.7346218640957836,1.9560332603717736,0.7440205499083118,-1.3732888049340952,-1.07690528836864,2.103836954308499,2.625931591808605,1.140293622684906
86.0,144.0,1229.301025390625,-3.3753971846344184,1.5167107017081596,1.7345780806242128,1.951136014182472,0.7445027872226055,-1.3732897086638651,-1.0769036623592672,2.103839560204917,2.62659406902371,1.1402712646399744
86.0,144.0,1229.30517578125,-3.3754003133583685,1.517467829763773,1.7346218110016198,1.9558244892647467,0.744296764714674,-1.3732888240079857,-1.0460556298325034,2.103837156770135,2.6265906497363263,1.1402942862699728
86.0,144.0,1229.309326171875,-3.375399038434695,1.517467829763773,1.7346218110016198,1.9560376309373173,0.744296764714674,-1.3732888200485271,-1.0460556298325034,2.103837156770135,2.626729471593708,1.1402936860725787
86.0,144.0,1229.313720703125,-3.375368543947553,1.517467829763773,1.7346187019230594,1.9558672997942448,0.7505354053310647,-1.3732889910432913,-1.0747883478809073,2.103838974923033,2.6265906528417293,1.1402715676610793
86.0,144.0,1229.3154296875,-3.3753671499330906,1.5234756486532348,1.73462185371343,1.9558336729125507,0.7417776971046189,-1.373289561781997,-1.0769030038685967,2.103498248891211,2.6259111173388767,1.1402930966882274
86.0,144.0,1229.3154296875,-3.3753671499330906,1.5234756486532348,1.73462185371343,1.9558336729125507,0.7417776971046189,-1.373289561781997,-1.0769030038685967,2.103498248891211,2.6259111173388767,1.1402930966882274
86.0,144.0,1229.318359375,-3.3753671499330906,1.5234756486532348,1.73462185371343,1.9560363196049324,0.7418697552593606,-1.373289561781997,-1.0769030038685967,2.103498248891211,2.6259111173388767,1.1402936317919117
86.0,144.0,1229.318359375,-3.3753671499330906,1.5234756486532348,1.73462185371343,1.9560363196049324,0.7418697552593606,-1.3732896023343495,-1.0769030038685967,2.103498248891211,2.6259111173388767,1.1402936317919117
86.0,144.0,1229.3192138671875,-3.3753671499330906,1.5234756486532348,1.73462185371343,1.9560385741875923,0.7417788769632538,-1.373289561781997,-1.0769030038685967,2.103498248891211,2.6259111173388767,1.1402936317919117
86.0,144.0,1229.3251953125,-3.3753881449231864,1.5182816209422751,1.7345971898851915,1.955822800960043,0.7505252572407124,-1.3732895866340131,-1.076903348601699,2.1038327326956843,2.6265872528357352,1.140294182238991
86.0,144.0,1229.33203125,-3.3751096919617485,1.517467829763773,1.7346186983903331,1.9558672997942448,0.7505354053310647,-1.3732888240079857,-1.0769052790951064,2.1038394688499698,2.6265906528417293,1.1402942862699728
86.0,144.0,1229.33203125,-3.3751096919617485,1.517467829763773,1.7346186983903331,1.9558672997942448,0.7505354053310647,-1.3732888240079857,-1.0769052790951064,2.1038394688499698,2.6265906528417293,1.1402942862699728
86.0,144.0,1229.33447265625,-3.3751096919617485,1.517467829763773,1.7346186983903331,1.955991582353282,0.7505354053310647,-1.3732888240079857,-1.0769052790951064,2.1038394688499698,2.6265906528417293,1.1402942862699728
86.0,144.0,1229.336181640625,-3.375352431441454,1.5749334852165633,1.7345767769923168,1.955823778044158,0.7232066798702471,-1.3732889992382094,-1.0769109345643375,2.1039458053873887,2.6219062138766875,1.1402715703926394
86.0,144.0,1229.3369140625,-3.3754005882335547,1.517467829763773,1.7346218110016198,1.9558244892647467,0.7508267399034142,-1.3732888240079857,-1.0769052790951064,2.103837156770135,2.6265907258680845,1.1402942862699728
86.0,144.0,1229.337158203125,-3.3753511565177803,1.5749334852157495,1.7345792322519424,1.956037076715796,0.7231786789124224,-1.373288995278751,-1.0769036715974545,2.1039458053873887,2.6220450364572425,1.1402709701952454
86.0,144.0,1229.337158203125,-3.3753511565177803,1.5749334852157495,1.7345792322519424,1.956037076715796,0.7231786789124224,-1.373288995278751,-1.0769036715974545,2.1039458053873887,2.6220450364572425,1.1402709701952454
86.0,144.0,1229.337158203125,-3.3753511565177803,1.5749334852157495,1.7345792322519424,1.956037076715796,0.7231786789124224,-1.373288995278751,-1.0769036715974545,2.1039458053873887,2.6220450364572425,1.1402709701952454
86.0,144.0,1229.337158203125,-3.3753511565177803,1.5749334852142416,1.734579286226854,1.9560392962302848,0.7231823512850215,-1.373289003915846,-1.0769036337427336,2.1039458053873887,2.622045036934455,1.140271106713422
86.0,144.0,1229.337158203125,-3.3753511565177803,1.5749334852157495,1.7345792322519424,1.956037076715796,0.7231786789124224,-1.373288995278751,-1.0769036715974545,2.1039458053873887,2.6220450364572425,1.1402709701952454
86.0,144.0,1229.337158203125,-3.3753511565177803,1.574933485305759,1.7346088935246535,1.956039921875528,0.7233645035402183,-1.373289003915846,-1.0769101439341302,2.1040931296366154,2.622099876067133,1.140271102027195
86.0,144.0,1229.3372802734375,-3.3753511565177803,1.574933485305759,1.7346061363879828,1.9560392962302848,0.7234745837973173,-1.3732893142335203,-1.0769101439341302,2.103946997929064,2.622253744020859,1.140271106713422
86.0,144.0,1229.3372802734375,-3.3753511565177803,1.5749334852142416,1.7345792848533446,1.9560392962302848,0.7231818553576187,-1.373289003915846,-1.0769101439341302,2.1039458053873887,2.622045036934455,1.140271106713422
86.0,144.0,1229.3372802734375,-3.3753500070541644,1.5749334852157495,1.7345792322519424,1.956037076715796,0.7231786789124224,-1.373288995278751,-1.0768943512791531,2.1038390061675627,2.6220450364572425,1.1402710219418373
86.0,144.0,1229.3372802734375,-3.3753511565177803,1.5749334852165633,1.7345767769923168,1.9560369197167284,0.7232066798702471,-1.373288995278751,-1.0769109345643375,2.1039458053873887,2.622045035734069,1.1402709701952454
86.0,144.0,1229.3372802734375,-3.3753536254641583,1.5749334852157495,1.7345792322519424,1.956037076715796,0.723211193922406,-1.373288995278751,-1.0769036715974545,2.1039458053873887,2.6220450364572425,1.1402709701952454
86.0,144.0,1229.33740234375,-3.3753668723725805,1.5749334852157495,1.7345794364967095,1.9560362768741568,0.7231786789124224,-1.373288995278751,-1.0769030674735751,2.1039458053873887,2.6220450364572425,1.1402709701952454
86.0,144.0,1229.33740234375,-3.3753511565177803,1.574933485305759,1.7346216778919694,1.9560392962302848,0.7234745837973173,-1.3732893483381086,-1.076902614126245,2.1039471371913194,2.622253744020859,1.140271106713422
86.0,144.0,1229.337890625,-3.3753511565177803,1.574933485305759,1.7346088935246535,1.9560392962302848,0.7239584592830992,-1.373289003915846,-1.0769101439341302,2.1039458053873887,2.6220450677237093,1.140271106713422
86.0,144.0,1229.337890625,-3.3753511565177803,1.574933485305759,1.7346088935246535,1.9560392962302848,0.7239584592830992,-1.373289003915846,-1.0769101439341302,2.1039458053873887,2.6220450677237093,1.140271106713422
86.0,144.0,1229.338134765625,-3.3754005882335547,1.517467829763773,1.7346225169151774,1.9558244892647467,0.7505354053310647,-1.3732888240079857,-1.0769052790951064,2.103836954308499,2.6265907258680845,1.1402942862699728
86.0,144.0,1229.338134765625,-3.3754005882335547,1.517467829763773,1.7346225169151774,1.9558244892647467,0.7505354053310647,-1.3732888240079857,-1.0769052790951064,2.103836954308499,2.6265907258680845,1.1402942862699728
86.0,145.0,1228.1876220703125,-3.375425309337756,1.517467829763773,1.73461868140597,1.9558400180300952,0.7450763822612129,-1.3557098644661572,-1.0769052790951064,2.1038394688499698,2.626589694724025,1.140293625077746
86.0,145.0,1228.9306640625,-3.3753620110463345,1.517391884635146,1.7346180747405138,1.884020285228473,0.7420124945649496,-1.373289525046837,-1.0774020161804598,2.103503558686397,2.626590728973487,1.1402942862699728
86.0,145.0,1228.9417724609375,-3.375109966836935,1.517467829763773,1.7346186983903331,1.8797288042538325,0.7505533931048859,-1.3732888240079857,-1.0774020161804598,2.1038394688499698,2.626590728973487,1.1402942862699728
86.0,145.0,1229.218505859375,-3.3753971846344184,1.523364401275336,1.7346198461868474,1.951136014182472,0.7417822847124157,-1.3732897086638651,-1.0769030147854624,2.103839560204917,2.6265987180302,1.1402949664696265
86.0,145.0,1229.2393798828125,-3.375395328819333,1.517447651082673,1.7346218175038617,1.9558381286989648,0.7445104659395391,-1.2473402573822678,-1.2603790897257674,2.10409656594879,2.6266250268993017,1.140293594549803
86.0,145.0,1229.240478515625,-3.3751096919617485,1.517467829763773,1.7346186983903331,1.9558672997942448,0.7505354053310647,-1.3732888240079857,-1.046552366917857,2.1038394688499698,2.6265906528417293,1.1402942862699728
86.0,145.0,1229.240478515625,-3.3751096919617485,1.517467829763773,1.7346186983903331,1.9558672997942448,0.7505354053310647,-1.3732888240079857,-1.046552366917857,2.1038394688499698,2.6265906528417293,1.1402942862699728
86.0,145.0,1229.240478515625,-3.3751096919617485,1.517467829763773,1.7346186983903331,1.9558672997942448,0.7505354053310647,-1.3732888240079857,-1.046552366917857,2.1038394688499698,2.6265906528417293,1.1402942862699728
86.0,145.0,1229.240478515625,-3.3751096919617485,1.517467829763773,1.7346186983903331,1.9558672997942448,0.7505354053310647,-1.3732888240079857,-1.046552366917857,2.1038394688499698,2.6265906528417293,1.1402942862699728
86.0,145.0,1229.240478515625,-3.3751096919617485,1.517467829763773,1.7346186983903331,1.9558672997942448,0.7505354053310647,-1.3732888108567358,-1.046552366917857,2.1038394688499698,2.6265906528417293,1.140294633535038
86.0,145.0,1229.240478515625,-3.3751096919617485,1.517467829763773,1.7346186983903331,1.9558672997942448,0.7505354053310647,-1.3732888240079857,-1.046552366917857,2.1038394688499698,2.6265906528417293,1.1402942862699728
86.0,145.0,1229.240478515625,-3.3751096919617485,1.517467829763773,1.7346187650406095,1.9558672997942448,0.7505354053310647,-1.3732888240079857,-1.046552366917857,2.1038368675156915,2.6265906528417293,1.140294285999475
86.0,145.0,1229.240478515625,-3.3751096919617485,1.517467829763773,1.7346186983903331,1.9558672997942448,0.7505354053310647,-1.3732888240079857,-1.046552366917857,2.1038394688499698,2.6265906528417293,1.1402942862699728
86.0,145.0,1229.240478515625,-3.3751096919617485,1.517467829763773,1.7346186983903331,1.9558672997942448,0.7505354053310647,-1.3732888240079857,-1.046552366917857,2.1038394688499698,2.6265906528417293,1.1402942862699728
86.0,145.0,1229.245849609375,-3.3753639326650875,1.5175672252225834,1.7346185356971937,1.9558584757998447,0.7505354053310647,-1.3732888240079857,-1.046552366917857,2.1035164441865124,2.6265906528417293,1.1402936508650003
86.0,145.0,1229.2498779296875,-3.3753971846344184,1.517467829763773,1.7346224053141666,1.951082705361098,0.7505716018203102,-1.3732897086638651,-1.0769052790801836,2.103836901594178,2.626590640111416,1.1402942851228273
86.0,145.0,1229.26513671875,-3.3750360595364555,1.5234207744086037,1.7346219448177256,1.9560332603717736,0.7504054026362986,-1.3732888049340952,-1.07690220817497,2.10387058799524,2.625931591808605,1.1402936494753892
86.0,145.0,1229.265380859375,-3.3750360595364555,1.5234207744086037,1.7346219448177256,1.9560332603717736,0.7504054026362986,-1.3732888049340952,-1.07690220817497,2.103836954308499,2.625931591808605,1.140293622684906
86.0,145.0,1229.27392578125,-3.3753971846344184,1.5158881312201542,1.7346218704840175,1.951082705361098,0.7505716018203102,-1.3732897086638651,-1.0769052790801836,2.103836901594178,2.626590640111416,1.1402942678012429
86.0,145.0,1229.2744140625,-3.3751096919617485,1.517467829763773,1.7345781697496632,1.9558628108324287,0.7505354053310647,-1.3732888240079857,-1.046552366917857,2.1038419459636404,2.6218845476043846,1.1402942862699728
86.0,145.0,1229.28759765625,-3.3753660318030154,1.5174378183874102,1.73457236842038,1.951136014182472,0.7445027872226055,-1.3732897086638651,-1.0769036623592672,2.1038389651285985,2.62659406902371,1.1402712646399744
86.0,145.0,1229.2880859375,-3.3753971846344184,1.517467829763773,1.7346224053141666,1.951136014182472,0.7445027872226055,-1.3732897086638651,-1.076905275150437,2.1038368991231047,2.6265966485169034,1.1402943593180723
86.0,145.0,1229.2880859375,-3.3753971846344184,1.517467829763773,1.7346224053141666,1.951136014182472,0.7445027872226055,-1.3732897086638651,-1.0769024229230153,2.1038368991231047,2.62659406902371,1.1402943593180723
86.0,145.0,1229.2880859375,-3.375396747063716,1.517467829763773,1.7346070082545046,1.951136014182472,0.7445027872226055,-1.3732896745592773,-1.0769099527309005,2.103836759860849,2.62659406902371,1.1402710110217202
86.0,145.0,1229.2882080078125,-3.3753971846344184,1.517467829763773,1.7346068638101797,1.951136014182472,0.7445027872226055,-1.3732896745592773,-1.0769099527309005,2.103836759860849,2.62659406902371,1.1402943593180723
86.0,145.0,1229.28857421875,-3.3754070515736743,1.517467829763773,1.7346218175038617,1.950933855177568,0.7440447075553924,-1.3732888240079857,-1.0769052790949336,2.1038394688499698,2.626590380633006,1.1402942862699728
86.0,145.0,1229.28857421875,-3.375407111520508,1.517467829763773,1.7346218175038617,1.950936083583986,0.7440447075553924,-1.3732888240079857,-1.0769052790949336,2.1038394688499698,2.626590380633006,1.1402942862699728
86.0,145.0,1229.2886962890625,-3.3754070515736743,1.517467829763773,1.7346218175038617,1.950933855177568,0.7440443683434699,-1.3732896552969578,-1.0769052727226407,2.1038372377306187,2.6265904567136107,1.1402943583435723
86.0,145.0,1229.294677734375,-3.3753974050746764,1.5234756486532348,1.73462185371343,1.955688650484648,0.7444298067974086,-1.373289561781997,-1.0769030038685967,2.1034948674575897,2.6258943896191287,1.1402930966882274
86.0,145.0,1229.3001708984375,-3.3754005882335547,1.5235213948291595,1.7346218640957836,1.9560332603717736,0.7440205499083118,-1.3732888049340952,-1.07690528836864,2.103836954308499,2.625931591808605,1.140293622684906
86.0,145.0,1229.3006591796875,-3.3753971846344184,1.5167306457439325,1.734575677290883,1.951136014182472,0.7445027872226055,-1.3732897086638651,-1.0769024229230153,2.1038369106085733,2.62659406902371,1.140273119669031
86.0,145.0,1229.301025390625,-3.3753971846344184,1.5167107017081596,1.7345780806242128,1.951136014182472,0.7445027872226055,-1.3732897086638651,-1.0769036623592672,2.103839560204917,2.62659406902371,1.1402712646399744
86.0,145.0,1229.30517578125,-3.3754003133583685,1.517467829763773,1.7346218110016198,1.9558244892647467,0.744296764714674,-1.3732888240079857,-1.0460556298325034,2.103837156770135,2.6265906497363263,1.1402942862699728
86.0,145.0,1229.309326171875,-3.375399038434695,1.517467829763773,1.7346218110016198,1.9560376309373173,0.744296764714674,-1.3732888200485271,-1.0460556298325034,2.103837156770135,2.626729471593708,1.1402936860725787
86.0,145.0,1229.313232421875,-3.3753876075934297,1.5174744030087912,1.7346187019230594,1.9558203172810635,0.7505253329779533,-1.3732889910432913,-1.0747883478809073,2.103832449606106,2.6265906528417293,1.1402715676610793
86.0,145.0,1229.313720703125,-3.375368543947553,1.517467829763773,1.7346187019230594,1.9558672997942448,0.7505354053310647,-1.3732889910432913,-1.0747883478809073,2.103838974923033,2.6265906528417293,1.1402715676610793
86.0,145.0,1229.3143310546875,-3.375366929492833,1.517467829763773,1.7346224053141666,1.9512810366103743,0.7418506775298158,-1.3732897086638651,-1.076905275150437,2.1038402805567262,2.6266133762366515,1.1402943593180723
86.0,145.0,1229.3154296875,-3.3753671499330906,1.5234756486532348,1.73462185371343,1.9558336729125507,0.7417776971046189,-1.373289561781997,-1.0769030038685967,2.103498248891211,2.6259111173388767,1.1402930966882274
86.0,145.0,1229.3154296875,-3.3753671499330906,1.5234756486532348,1.73462185371343,1.9558336729125507,0.7417776971046189,-1.373289561781997,-1.0769030038685967,2.103498248891211,2.6259111173388767,1.1402930966882274
86.0,145.0,1229.318359375,-3.3753671499330906,1.5234756486532348,1.73462185371343,1.9560363196049324,0.7418697552593606,-1.373289561781997,-1.0769030038685967,2.103498248891211,2.6259111173388767,1.1402936317919117
86.0,145.0,1229.318359375,-3.3753671499330906,1.5234756486532348,1.73462185371343,1.9560363196049324,0.7418697552593606,-1.3732896023343495,-1.0769030038685967,2.103498248891211,2.6259111173388767,1.1402936317919117
86.0,145.0,1229.3192138671875,-3.3753671499330906,1.5234756486532348,1.73462185371343,1.9560385741875923,0.7417788769632538,-1.373289561781997,-1.0769030038685967,2.103498248891211,2.6259111173388767,1.1402936317919117
86.0,145.0,1229.3199462890625,-3.37540041452233,1.5234756486532348,1.7346218536688756,1.9558335257748856,0.7413358906594413,-1.3732888086859238,-1.076903013061682,2.1034657216908026,2.6259111173388767,1.140293069027058
86.0,145.0,1229.3251953125,-3.3753881449231864,1.5182816209422751,1.7345971898851915,1.955822800960043,0.7505252572407124,-1.3732895866340131,-1.076903348601699,2.1038327326956843,2.6265872528357352,1.140294182238991
86.0,145.0,1229.32568359375,-3.3753690812773094,1.5182750476972569,1.7345971898851915,1.955869783473225,0.7505353295938237,-1.3732895866340131,-1.076903348601699,2.103839258012612,2.6265872528357352,1.140294182238991
86.0,145.0,1229.33203125,-3.3751096919617485,1.517467829763773,1.7346186983903331,1.9558672997942448,0.7505354053310647,-1.3732888240079857,-1.0769052790951064,2.1038394688499698,2.6265906528417293,1.1402942862699728
86.0,145.0,1229.33203125,-3.3751096919617485,1.517467829763773,1.7346186983903331,1.9558672997942448,0.7505354053310647,-1.3732888240079857,-1.0769052790951064,2.1038394688499698,2.6265906528417293,1.1402942862699728
86.0,145.0,1229.33447265625,-3.3751096919617485,1.517467829763773,1.7346186983903331,1.955991582353282,0.7505354053310647,-1.3732888240079857,-1.0769052790951064,2.1038394688499698,2.6265906528417293,1.1402942862699728
86.0,145.0,1229.33447265625,-3.3751096320149148,1.517467829763773,1.7346186983903331,1.955989353946864,0.7505354053310647,-1.3732888240079857,-1.0769052790951064,2.1038394688499698,2.6265906528417293,1.1402942862699728
86.0,145.0,1229.3348388671875,-3.3751096919617485,1.517467829763773,1.7346186983903331,1.9560369472671435,0.7506480621366963,-1.3732888240079857,-1.0769052790951064,2.1038394688499698,2.6265906528417293,1.1402943277643556
86.0,146.0,1228.1876220703125,-3.375425309337756,1.517467829763773,1.73461868140597,1.9558400180300952,0.7450763822612129,-1.3557098644661572,-1.0769052790951064,2.1038394688499698,2.626589694724025,1.140293625077746
86.0,146.0,1228.9306640625,-3.3753620110463345,1.517391884635146,1.7346180747405138,1.884020285228473,0.7420124945649496,-1.373289525046837,-1.0774020161804598,2.103503558686397,2.626590728973487,1.1402942862699728
86.0,146.0,1228.9306640625,-3.3753620110463345,1.517391884635146,1.7346180747405138,1.884020285228473,0.7420124945649496,-1.373289525046837,-1.0774020161804598,2.103503558686397,2.626590728973487,1.1402942862699728
86.0,146.0,1228.9417724609375,-3.375109966836935,1.517467829763773,1.7346186983903331,1.8797288042538325,0.7505533931048859,-1.3732888240079857,-1.0774020161804598,2.1038394688499698,2.626590728973487,1.1402942862699728
86.0,146.0,1229.1748046875,-3.375108148944212,1.5233531331665588,1.7346198461868474,1.951136014182472,0.7417822847124157,-1.3732897086638651,-1.0464550841169122,2.103839560458096,2.6265987180302,1.1402950052693692
86.0,146.0,1229.202392578125,-3.3754153874119464,1.517467829763773,1.7346183551533316,1.951136014182472,0.7445027872226055,-1.3732897056412174,-1.0470847535300232,2.1038368991231047,2.626594060695449,1.1402942855212388
86.0,146.0,1229.2181396484375,-3.3753609808571445,1.5174822687547938,1.73462185371343,1.9558344183630991,0.7632209508936063,-1.3732888258723386,-1.0461462096502752,2.103498248891211,2.626608670562776,1.140293109658456
86.0,146.0,1229.218505859375,-3.3753971846344184,1.523364401275336,1.7346198461868474,1.951136014182472,0.7417822847124157,-1.3732897086638651,-1.0769030147854624,2.103839560204917,2.6265987180302,1.1402949664696265
86.0,146.0,1229.218505859375,-3.3753971846344184,1.523364401275336,1.7346197429486427,1.951136014182472,0.7417822847124157,-1.3732897086638651,-1.0769024261593,2.103839560204917,2.626598878085624,1.1402949664696265
86.0,146.0,1229.2393798828125,-3.375395328819333,1.517447651082673,1.7346218175038617,1.9558381286989648,0.7445104659395391,-1.2473402573822678,-1.2603790897257674,2.10409656594879,2.6266250268993017,1.140293594549803
86.0,146.0,1229.240478515625,-3.3751096919617485,1.517467829763773,1.7346186983903331,1.9558672997942448,0.7505354053310647,-1.3732888240079857,-1.046552366917857,2.1038394688499698,2.6265906528417293,1.1402942862699728
86.0,146.0,1229.240478515625,-3.3751096919617485,1.517467829763773,1.7346186983903331,1.9558672997942448,0.7505354053310647,-1.3732888240079857,-1.046552366917857,2.1038394688499698,2.6265906528417293,1.1402942862699728
86.0,146.0,1229.240478515625,-3.3751096919617485,1.517467829763773,1.7346186983903331,1.9558672997942448,0.7505354053310647,-1.3732888240079857,-1.046552366917857,2.1038394688499698,2.6265906528417293,1.1402942862699728
86.0,146.0,1229.240478515625,-3.3751096919617485,1.517467829763773,1.7346186983903331,1.9558672997942448,0.7505354053310647,-1.3732888240079857,-1.046552366917857,2.1038394688499698,2.6265906528417293,1.1402942862699728
86.0,146.0,1229.240478515625,-3.3751096919617485,1.517467829763773,1.7346186983903331,1.9558672997942448,0.7505354053310647,-1.3732888108567358,-1.046552366917857,2.1038394688499698,2.6265906528417293,1.140294633535038
86.0,146.0,1229.240478515625,-3.3751096919617485,1.517467829763773,1.7346186983903331,1.9558672997942448,0.7505354053310647,-1.3732888240079857,-1.046552366917857,2.1038394688499698,2.6265906528417293,1.1402942862699728
86.0,146.0,1229.240478515625,-3.3751096919617485,1.517467829763773,1.7346187650406095,1.9558672997942448,0.7505354053310647,-1.3732888240079857,-1.046552366917857,2.1038368675156915,2.6265906528417293,1.140294285999475
86.0,146.0,1229.240478515625,-3.3751096919617485,1.517467829763773,1.7346186983903331,1.9558672997942448,0.7505354053310647,-1.3732888240079857,-1.046552366917857,2.1038394688499698,2.6265906528417293,1.1402942862699728
86.0,146.0,1229.240478515625,-3.3751096919617485,1.517467829763773,1.7346186983903331,1.9558672997942448,0.7505354053310647,-1.3732888240079857,-1.046552366917857,2.1038394688499698,2.6265906528417293,1.1402942862699728
86.0,146.0,1229.240478515625,-3.3751096919617485,1.517467829763773,1.73457901191552,1.9558628661402389,0.7505354053310647,-1.3732888240079857,-1.046552366917857,2.1038394688499698,2.626577546834895,1.1402942862699728
86.0,146.0,1229.240478515625,-3.3751096919617485,1.517467829763773,1.7346186983903331,1.9558672997942448,0.7505354053310647,-1.3732888240079857,-1.046552366917857,2.1038394688499698,2.6265906528417293,1.1402942862699728
86.0,146.0,1229.244384765625,-3.3754070515736743,1.5175643701116863,1.7346218175038617,1.950933855177568,0.7509850029645879,-1.3732888240079857,-1.0769052790949336,2.103834940669609,2.62659065626846,1.1402942640476603
86.0,146.0,1229.2457275390625,-3.3754416674347825,1.517467829763773,1.7346219492878876,1.9558672997942448,0.7505354053310647,-1.3732888166127182,-1.0466941648686394,2.1038369029899826,2.6265906534862267,1.1402942860645435
86.0,146.0,1229.245849609375,-3.3753639326650875,1.5175672252225834,1.7346185356971937,1.9558584757998447,0.7505354053310647,-1.3732888240079857,-1.046552366917857,2.1035164441865124,2.6265906528417293,1.1402936508650003
86.0,146.0,1229.2496337890625,-3.3751096919617485,1.517467829763773,1.7346187650406095,1.9558672997942448,0.7505770422825101,-1.3732888240079857,-1.0451137834709328,2.1038368675156915,2.6265906528417293,1.140294285999475
86.0,146.0,1229.2498779296875,-3.3753971846344184,1.517467829763773,1.7346224053141666,1.951082705361098,0.7505716018203102,-1.3732897086638651,-1.0769052790801836,2.103836901594178,2.626590640111416,1.1402942851228273
86.0,146.0,1229.263916015625,-3.3750652091613844,1.5158881312201542,1.7346186195864632,1.951082705361098,0.7505716018203102,-1.3732897160591324,-1.0767634811294011,2.103839467454165,2.6265906394669183,1.140294268006672
86.0,146.0,1229.26513671875,-3.3750360595364555,1.5234207744086037,1.7346219448177256,1.9560332603717736,0.7504054026362986,-1.3732888049340952,-1.07690220817497,2.10387058799524,2.625931591808605,1.1402936494753892
86.0,146.0,1229.265380859375,-3.3750360595364555,1.5234207744086037,1.7346219448177256,1.9560332603717736,0.7504054026362986,-1.3732888049340952,-1.07690220817497,2.103836954308499,2.625931591808605,1.140293622684906
86.0,146.0,1229.265380859375,-3.3750360595364555,1.5234207744086037,1.7346219448177256,1.9560332603717736,0.7504054026362986,-1.3732888049340952,-1.07690220817497,2.103836954308499,2.625931591808605,1.140293622684906
86.0,146.0,1229.2689208984375,-3.3751158610376946,1.523461209662214,1.7346186983903331,1.955866554343697,0.7506053300833666,-1.373289559917644,-1.0773091611361787,2.1038394688499698,2.62589309961783,1.140294273299744
86.0,146.0,1229.27392578125,-3.3753971846344184,1.5158881312201542,1.7346218704840175,1.951082705361098,0.7505716018203102,-1.3732897086638651,-1.0769052790801836,2.103836901594178,2.626590640111416,1.1402942678012429
86.0,146.0,1229.2742919921875,-3.3751096919617485,1.517467829763773,1.7346178562244765,1.955867244486436,0.7505354053310647,-1.3732888240079857,-1.046552366917857,2.1038419459636404,2.621897653611219,1.1402942862699728
86.0,146.0,1229.2744140625,-3.3751096919617485,1.517467829763773,1.7345781697496632,1.9558628108324287,0.7505354053310647,-1.3732888240079857,-1.046552366917857,2.1038419459636404,2.6218845476043846,1.1402942862699728
86.0,146.0,1229.28759765625,-3.3753660318030154,1.5174378183874102,1.73457236842038,1.951136014182472,0.7445027872226055,-1.3732897086638651,-1.0769036623592672,2.1038389651285985,2.62659406902371,1.1402712646399744
86.0,146.0,1229.2880859375,-3.3753971846344184,1.517467829763773,1.7346224053141666,1.951136014182472,0.7445027872226055,-1.3732897086638651,-1.076905275150437,2.1038368991231047,2.6265966485169034,1.1402943593180723
86.0,146.0,1229.2880859375,-3.3753971846344184,1.517467829763773,1.7346224053141666,1.951136014182472,0.7445027872226055,-1.3732897086638651,-1.0769024229230153,2.1038368991231047,2.62659406902371,1.1402943593180723
86.0,146.0,1229.2880859375,-3.375396747063716,1.517467829763773,1.7346070082545046,1.951136014182472,0.7445027872226055,-1.3732896745592773,-1.0769099527309005,2.103836759860849,2.62659406902371,1.1402710110217202
86.0,146.0,1229.2882080078125,-3.3753971846344184,1.517467829763773,1.7346068638101797,1.951136014182472,0.7445027872226055,-1.3732896745592773,-1.0769099527309005,2.103836759860849,2.62659406902371,1.1402943593180723
86.0,146.0,1229.28857421875,-3.3754070515736743,1.517467829763773,1.7346218175038617,1.950933855177568,0.7440447075553924,-1.3732888240079857,-1.0769052790949336,2.1038394688499698,2.626590380633006,1.1402942862699728
86.0,146.0,1229.28857421875,-3.375407111520508,1.517467829763773,1.7346218175038617,1.950936083583986,0.7440447075553924,-1.3732888240079857,-1.0769052790949336,2.1038394688499698,2.626590380633006,1.1402942862699728
86.0,146.0,1229.28857421875,-3.3754070515736743,1.517467829763773,1.7346218175038617,1.950933855177568,0.7440443587740824,-1.3732888240079857,-1.0769052788975289,2.1038394688499698,2.626590380633006,1.1402942875541904
86.0,146.0,1229.2886962890625,-3.3754070515736743,1.517467829763773,1.7346218175038617,1.950933855177568,0.7440443683434699,-1.3732896552969578,-1.0769052727226407,2.1038372377306187,2.6265904567136107,1.1402943583435723
86.0,146.0,1229.294677734375,-3.3753974050746764,1.5234756486532348,1.73462185371343,1.955688650484648,0.7444298067974086,-1.373289561781997,-1.0769030038685967,2.1034948674575897,2.6258943896191287,1.1402930966882274
86.0,146.0,1229.3001708984375,-3.3754005882335547,1.5235213948291595,1.7346218640957836,1.9560332603717736,0.7440205499083118,-1.3732888049340952,-1.07690528836864,2.103836954308499,2.625931591808605,1.140293622684906
86.0,146.0,1229.3006591796875,-3.3753971846344184,1.5167306457439325,1.734575677290883,1.951136014182472,0.7445027872226055,-1.3732897086638651,-1.0769024229230153,2.1038369106085733,2.62659406902371,1.140273119669031
86.0,146.0,1229.3006591796875,-3.3753971846344184,1.5167306457439325,1.7345757805290878,1.951136014182472,0.7445027872226055,-1.3732897086638651,-1.0769030115491776,2.1038369106085733,2.6265939089682866,1.140273119669031
86.0,146.0,1229.3006591796875,-3.3753971846344184,1.5167306457439325,1.734575677290883,1.951136014182472,0.7445027872226055,-1.3732897084837006,-1.0769024229230153,2.103838001059179,2.62659406902371,1.140271961178258
86.0,146.0,1229.301025390625,-3.3753971846344184,1.5167107017081596,1.7345780806242128,1.951136014182472,0.7445027872226055,-1.3732897086638651,-1.0769036623592672,2.103839560204917,2.62659406902371,1.1402712646399744
86.0,146.0,1229.30517578125,-3.3754003133583685,1.517467829763773,1.7346218110016198,1.9558244892647467,0.744296764714674,-1.3732888240079857,-1.0460556298325034,2.103837156770135,2.6265906497363263,1.1402942862699728
86.0,147.0,1228.1876220703125,-3.375425309337756,1.517467829763773,1.73461868140597,1.9558400180300952,0.7450763822612129,-1.3557098644661572,-1.0769052790951064,2.1038394688499698,2.626589694724025,1.140293625077746
86.0,147.0,1228.691162109375,-3.375110220748754,1.523560289556513,1.7346186655111944,1.9558400180300952,0.7450763822612129,-1.355419219750064,-1.044197538233821,2.1038394688499698,2.62659899225388,1.140293565332068
86.0,147.0,1228.76220703125,-3.3754190069544627,1.517467829763773,1.7346186983903331,1.8797288042538325,0.7505533931048859,-1.3732888240079857,-1.0472943361763924,2.1038394688499698,2.6265907701701305,1.1402942862699728
86.0,147.0,1228.9306640625,-3.3753620110463345,1.517391884635146,1.7346180747405138,1.884020285228473,0.7420124945649496,-1.373289525046837,-1.0774020161804598,2.103503558686397,2.626590728973487,1.1402942862699728
86.0,147.0,1228.9306640625,-3.3753620110463345,1.517391884635146,1.7346180747405138,1.884020285228473,0.7420124945649496,-1.373289525046837,-1.0774020161804598,2.103503558686397,2.626590728973487,1.1402942862699728
86.0,147.0,1228.9317626953125,-3.375396187401204,1.517391884635146,1.7346180747405138,1.884020285228473,0.7420124945649496,-1.373289525046837,-1.0774020161804598,2.103503558686397,2.626590728973487,1.1402942862699728
86.0,147.0,1228.9417724609375,-3.375109966836935,1.517467829763773,1.7346186983903331,1.8797288042538325,0.7505533931048859,-1.3732888240079857,-1.0774020161804598,2.1038394688499698,2.626590728973487,1.1402942862699728
86.0,147.0,1229.0548095703125,-3.375390680011266,1.515919224523555,1.7346218704840175,1.8803963716567311,0.7505541969909982,-1.373289702198945,-1.077405715904767,2.096254907756768,2.6265906439368623,1.1402942678012429
86.0,147.0,1229.1458740234375,-3.3751096919617485,1.517467829763773,1.734618306588819,1.9510323368281752,0.7505354053310647,-1.3732897249864024,-1.046552366917857,2.1038368659505515,2.6265906528417293,1.140294285999475
86.0,147.0,1229.1611328125,-3.3750652091613844,1.5158881312201542,1.734617889182681,1.951082705361098,0.7505710883058251,-1.3732888219519053,-1.0463652686345948,2.103839467454165,2.626590713694793,1.140294268006672
86.0,147.0,1229.1748046875,-3.375108148944212,1.5233531331665588,1.7346198461868474,1.951136014182472,0.7417822847124157,-1.3732897086638651,-1.0464550841169122,2.103839560458096,2.6265987180302,1.1402950052693692
86.0,147.0,1229.17529296875,-3.3753971846344184,1.5235068367091988,1.7346224053141666,1.951136647032208,0.7507422418387704,-1.3732897086638651,-1.0769052790801836,2.1038395788302857,2.626590640111416,1.1402949597086225
86.0,147.0,1229.1907958984375,-3.3750973499170653,1.5230729868517168,1.7346186983903331,1.955657417194108,0.7505354053310647,-1.373288810799057,-1.0466637711972189,2.1038395600027777,2.6265906528417293,1.140294633535038
86.0,147.0,1229.1910400390625,-3.3751085574252624,1.5234207744086037,1.734621781602311,1.9560332603717736,0.7504054026362986,-1.3732888049340952,-1.0474185509537617,2.10387067456078,2.6265884153136034,1.1402936494753892
86.0,147.0,1229.202392578125,-3.3754153874119464,1.517467829763773,1.7346183551533316,1.951136014182472,0.7445027872226055,-1.3732897056412174,-1.0470847535300232,2.1038368991231047,2.626594060695449,1.1402942855212388
86.0,147.0,1229.209716796875,-3.3751096919617485,1.517467829763773,1.7345797423193028,1.9558628661402389,0.7505359188455497,-1.3732897181152124,-1.057261557350001,2.1038394688499698,2.6265774726070203,1.1402942862699728
86.0,147.0,1229.214599609375,-3.3753971846344184,1.523364401275336,1.7346197429486427,1.9508840655821813,0.7417434668315672,-1.3732898341988786,-1.0769024261593,2.103839551129952,2.626598878085624,1.1402949664696265
86.0,147.0,1229.2158203125,-3.3753971846344184,1.523320727651884,1.7346198058989633,1.9509461109324784,0.7417822847124157,-1.3732887372345413,-1.0769024261593,2.103839560204917,2.626598878085624,1.1402949581473234
86.0,147.0,1229.2181396484375,-3.3753609808571445,1.5174822687547938,1.73462185371343,1.9558344183630991,0.7632209508936063,-1.3732888258723386,-1.0461462096502752,2.103498248891211,2.626608670562776,1.140293109658456
86.0,147.0,1229.218505859375,-3.3753971846344184,1.523364401275336,1.7346198461868474,1.951136014182472,0.7417822847124157,-1.3732897086638651,-1.0769030147854624,2.103839560204917,2.6265987180302,1.1402949664696265
86.0,147.0,1229.218505859375,-3.3753971846344184,1.523364401275336,1.7346197429486427,1.951136014182472,0.7417822847124157,-1.3732897086638651,-1.0769024261593,2.103839560204917,2.626598878085624,1.1402949664696265
86.0,147.0,1229.2393798828125,-3.375395328819333,1.517447651082673,1.7346218175038617,1.9558381286989648,0.7445104659395391,-1.2473402573822678,-1.2603790897257674,2.10409656594879,2.6266250268993017,1.140293594549803
86.0,147.0,1229.239990234375,-3.3751096919617485,1.517467829763773,1.7346186983903331,1.9558211540207968,0.7504701900480906,-1.3732888240079857,-1.046552366917857,2.103839479310829,2.6265906528417293,1.1402942862699728
86.0,147.0,1229.240478515625,-3.3751096919617485,1.517467829763773,1.7346186983903331,1.9558672997942448,0.7505354053310647,-1.3732888240079857,-1.046552366917857,2.1038394688499698,2.6265906528417293,1.1402942862699728
86.0,147.0,1229.240478515625,-3.3751096919617485,1.517467829763773,1.7346186983903331,1.9558672997942448,0.7505354053310647,-1.3732888240079857,-1.046552366917857,2.1038394688499698,2.6265906528417293,1.1402942862699728
86.0,147.0,1229.240478515625,-3.3751096919617485,1.517467829763773,1.7346186983903331,1.9558672997942448,0.7505354053310647,-1.3732888240079857,-1.046552366917857,2.1038394688499698,2.6265906528417293,1.1402942862699728
86.0,147.0,1229.240478515625,-3.3751096919617485,1.517467829763773,1.7346186983903331,1.9558672997942448,0.7505354053310647,-1.3732888240079857,-1.046552366917857,2.1038394688499698,2.6265906528417293,1.1402942862699728
86.0,147.0,1229.240478515625,-3.3751096919617485,1.517467829763773,1.7346186983903331,1.9558672997942448,0.7505354053310647,-1.3732888108567358,-1.046552366917857,2.1038394688499698,2.6265906528417293,1.140294633535038
86.0,147.0,1229.240478515625,-3.3751096919617485,1.517467829763773,1.7346186983903331,1.9558672997942448,0.7505354053310647,-1.3732888240079857,-1.046552366917857,2.1038394688499698,2.6265906528417293,1.1402942862699728
86.0,147.0,1229.240478515625,-3.3751096919617485,1.517467829763773,1.7346187650406095,1.9558672997942448,0.7505354053310647,-1.3732888240079857,-1.046552366917857,2.1038368675156915,2.6265906528417293,1.140294285999475
86.0,147.0,1229.240478515625,-3.3751096919617485,1.517467829763773,1.7346186983903331,1.9558672997942448,0.7505354053310647,-1.3732888240079857,-1.046552366917857,2.1038394688499698,2.6265906528417293,1.1402942862699728
86.0,147.0,1229.240478515625,-3.3751096919617485,1.517467829763773,1.7346186983903331,1.9558672997942448,0.7505354053310647,-1.3732888240079857,-1.046552366917857,2.1038394688499698,2.6265906528417293,1.1402942862699728
86.0,147.0,1229.240478515625,-3.3751096919617485,1.517467829763773,1.73457901191552,1.9558628661402389,0.7505354053310647,-1.3732888240079857,-1.046552366917857,2.1038394688499698,2.626577546834895,1.1402942862699728
86.0,147.0,1229.240478515625,-3.3751096919617485,1.517467829763773,1.7346186983903331,1.9558672997942448,0.7505354053310647,-1.3732888240079857,-1.046552366917857,2.1038394688499698,2.6265906528417293,1.1402942862699728
86.0,147.0,1229.240478515625,-3.3751096919617485,1.517467829763773,1.7346186983903331,1.9558672997942448,0.7505354053310647,-1.3732888240079857,-1.046552366917857,2.1038394688499698,2.6265906528417293,1.1402942862699728
86.0,147.0,1229.240478515625,-3.3751096919617485,1.517467829763773,1.734620841106268,1.9558628661402389,0.7505354053310647,-1.3732888240079857,-1.046552366917857,2.1038394688499698,2.626577546834895,1.1402942862699728
86.0,147.0,1229.244384765625,-3.3754070515736743,1.5175643701116863,1.7346218175038617,1.950933855177568,0.7509850029645879,-1.3732888240079857,-1.0769052790949336,2.103834940669609,2.62659065626846,1.1402942640476603
86.0,147.0,1229.2457275390625,-3.3754416674347825,1.517467829763773,1.7346219492878876,1.9558672997942448,0.7505354053310647,-1.3732888166127182,-1.0466941648686394,2.1038369029899826,2.6265906534862267,1.1402942860645435
86.0,147.0,1229.245849609375,-3.3753639326650875,1.5175672252225834,1.7346185356971937,1.9558584757998447,0.7505354053310647,-1.3732888240079857,-1.046552366917857,2.1035164441865124,2.6265906528417293,1.1402936508650003
86.0,147.0,1229.2490234375,-3.375363008279549,1.517467829763773,1.7346224053141666,1.951082705361098,0.7505716018203102,-1.3732897086638651,-1.0769052790801836,2.103836901594178,2.626590640111416,1.1402942851228273
86.0,147.0,1229.2496337890625,-3.3751096919617485,1.517467829763773,1.7346187650406095,1.9558672997942448,0.7505770422825101,-1.3732888240079857,-1.0451137834709328,2.1038368675156915,2.6265906528417293,1.140294285999475
86.0,147.0,1229.2498779296875,-3.3753971846344184,1.517467829763773,1.7346224053141666,1.951082705361098,0.7505716018203102,-1.3732897086638651,-1.0769052790801836,2.103836901594178,2.626590640111416,1.1402942851228273
86.0,147.0,1229.263916015625,-3.3750652091613844,1.5158881312201542,1.7346186195864632,1.951082705361098,0.7505716018203102,-1.3732897160591324,-1.0767634811294011,2.103839467454165,2.6265906394669183,1.140294268006672
86.0,147.0,1229.26513671875,-3.3750360595364555,1.5234207744086037,1.7346219448177256,1.9560332603717736,0.7504054026362986,-1.3732888049340952,-1.07690220817497,2.10387058799524,2.625931591808605,1.1402936494753892
86.0,147.0,1229.265380859375,-3.3750360595364555,1.5234207744086037,1.7346219448177256,1.9560332603717736,0.7504054026362986,-1.3732888049340952,-1.07690220817497,2.103836954308499,2.625931591808605,1.140293622684906
86.0,147.0,1229.265380859375,-3.3750360595364555,1.5234207744086037,1.7346219448177256,1.9560332603717736,0.7504054026362986,-1.3732888049340952,-1.07690220817497,2.103836954308499,2.625931591808605,1.140293622684906
86.0,147.0,1229.2689208984375,-3.3751158610376946,1.523461209662214,1.7346186983903331,1.955866554343697,0.7506053300833666,-1.373289559917644,-1.0773091611361787,2.1038394688499698,2.62589309961783,1.140294273299744
86.0,147.0,1229.27392578125,-3.3753971846344184,1.5158881312201542,1.7346218704840175,1.951082705361098,0.7505716018203102,-1.3732897086638651,-1.0769052790801836,2.103836901594178,2.626590640111416,1.1402942678012429
86.0,147.0,1229.2742919921875,-3.3751096919617485,1.517467829763773,1.7346178562244765,1.955867244486436,0.7505354053310647,-1.3732888240079857,-1.046552366917857,2.1038419459636404,2.621897653611219,1.1402942862699728
86.0,147.0,1229.2744140625,-3.3751096919617485,1.517467829763773,1.7345781697496632,1.9558628108324287,0.7505354053310647,-1.3732888240079857,-1.046552366917857,2.1038419459636404,2.6218845476043846,1.1402942862699728
86.0,148.0,1228.1876220703125,-3.375425309337756,1.517467829763773,1.73461868140597,1.9558400180300952,0.7450763822612129,-1.3557098644661572,-1.0769052790951064,2.1038394688499698,2.626589694724025,1.140293625077746
86.0,148.0,1228.691162109375,-3.375110220748754,1.523560289556513,1.7346186655111944,1.9558400180300952,0.7450763822612129,-1.355419219750064,-1.044197538233821,2.1038394688499698,2.62659899225388,1.140293565332068
86.0,148.0,1228.76220703125,-3.3754190069544627,1.517467829763773,1.7346186983903331,1.8797288042538325,0.7505533931048859,-1.3732888240079857,-1.0472943361763924,2.1038394688499698,2.6265907701701305,1.1402942862699728
86.0,148.0,1228.91650390625,-3.3753620110463345,1.517391884635146,1.734622015234151,1.884020285228473,0.7507903340189434,-1.373289525046837,-1.07738591729863,2.1034767130771703,2.62659062536623,1.1402949747609044
86.0,148.0,1228.9306640625,-3.3753620110463345,1.517391884635146,1.7346180747405138,1.884020285228473,0.7420124945649496,-1.373289525046837,-1.0774020161804598,2.103503558686397,2.626590728973487,1.1402942862699728
86.0,148.0,1228.9306640625,-3.3753620110463345,1.517391884635146,1.7346180747405138,1.884020285228473,0.7420124945649496,-1.373289525046837,-1.0774020161804598,2.103503558686397,2.626590728973487,1.1402942862699728
86.0,148.0,1228.9317626953125,-3.375396187401204,1.517391884635146,1.7346180747405138,1.884020285228473,0.7420124945649496,-1.373289525046837,-1.0774020161804598,2.103503558686397,2.626590728973487,1.1402942862699728
86.0,148.0,1228.9417724609375,-3.375109966836935,1.517467829763773,1.7346186983903331,1.8797288042538325,0.7505533931048859,-1.3732888240079857,-1.0774020161804598,2.1038394688499698,2.626590728973487,1.1402942862699728
86.0,148.0,1228.9466552734375,-3.375109966836935,1.517467829763773,1.7346186983903331,1.8796701366542123,0.7505533931048859,-1.3732894963939286,-1.0774020161804598,2.1035111012055654,2.626590728973487,1.1402942862699728
86.0,148.0,1229.0548095703125,-3.375390680011266,1.515919224523555,1.7346218704840175,1.8803963716567311,0.7505541969909982,-1.373289702198945,-1.077405715904767,2.096254907756768,2.6265906439368623,1.1402942678012429
86.0,148.0,1229.1109619140625,-3.375363008279549,1.523284337781206,1.7346224625278086,1.951082705361098,0.7505716018203102,-1.3732897086638651,-1.0469420890981116,2.1038368194471646,2.626590640111416,1.140295009262938
86.0,148.0,1229.135498046875,-3.375390680011266,1.515919224523555,1.7346218704840175,1.884013338735954,0.7243237907932735,-1.373289702198945,-1.077405715904767,2.1036719840355937,2.6265907286046466,1.1402942678012429
86.0,148.0,1229.1458740234375,-3.3751096919617485,1.517467829763773,1.734618306588819,1.9510323368281752,0.7505354053310647,-1.3732897249864024,-1.046552366917857,2.1038368659505515,2.6265906528417293,1.140294285999475
86.0,148.0,1229.1611328125,-3.3750652091613844,1.5158881312201542,1.734617889182681,1.951082705361098,0.7505710883058251,-1.3732888219519053,-1.0463652686345948,2.103839467454165,2.626590713694793,1.140294268006672
86.0,148.0,1229.1748046875,-3.375108148944212,1.5233531331665588,1.7346198461868474,1.951136014182472,0.7417822847124157,-1.3732897086638651,-1.0464550841169122,2.103839560458096,2.6265987180302,1.1402950052693692
86.0,148.0,1229.17529296875,-3.3753971846344184,1.5235068367091988,1.7346224053141666,1.951136647032208,0.7507422418387704,-1.3732897086638651,-1.0769052790801836,2.1038395788302857,2.626590640111416,1.1402949597086225
86.0,148.0,1229.1907958984375,-3.3750973499170653,1.5230729868517168,1.7346186983903331,1.955657417194108,0.7505354053310647,-1.373288810799057,-1.0466637711972189,2.1038395600027777,2.6265906528417293,1.140294633535038
86.0,148.0,1229.1910400390625,-3.3751085574252624,1.5234207744086037,1.734621781602311,1.9560332603717736,0.7504054026362986,-1.3732888049340952,-1.0474185509537617,2.10387067456078,2.6265884153136034,1.1402936494753892
86.0,148.0,1229.19384765625,-3.3751096919617485,1.5233902692229342,1.7346187650406095,1.9558672997942448,0.7505354053310647,-1.3732888130428107,-1.046552366917857,2.103839691833443,2.6265906528417293,1.140294285999475
86.0,148.0,1229.202392578125,-3.3754153874119464,1.517467829763773,1.7346183551533316,1.951136014182472,0.7445027872226055,-1.3732897056412174,-1.0470847535300232,2.1038368991231047,2.626594060695449,1.1402942855212388
86.0,148.0,1229.209228515625,-3.3753971846344184,1.5170021395329574,1.7346187051396225,1.951136647032208,0.7507422418387704,-1.3732888372993866,-1.0397302836065725,2.1038395788302857,2.626590652838827,1.1402949597086225
86.0,148.0,1229.209716796875,-3.3751096919617485,1.517467829763773,1.7345797423193028,1.9558628661402389,0.7505359188455497,-1.3732897181152124,-1.057261557350001,2.1038394688499698,2.6265774726070203,1.1402942862699728
86.0,148.0,1229.209716796875,-3.3751096919617485,1.517467829763773,1.7346186983903331,1.9558672997942448,0.7505354002946641,-1.3732888240079857,-1.0565565514361404,2.1038394688499698,2.6265775904803315,1.1402942862699728
86.0,148.0,1229.214599609375,-3.3753971846344184,1.523364401275336,1.7346197429486427,1.9508840655821813,0.7417434668315672,-1.3732898341988786,-1.0769024261593,2.103839551129952,2.626598878085624,1.1402949664696265
86.0,148.0,1229.2158203125,-3.3753971846344184,1.523320727651884,1.7346198058989633,1.9509461109324784,0.7417822847124157,-1.3732887372345413,-1.0769024261593,2.103839560204917,2.626598878085624,1.1402949581473234
86.0,148.0,1229.216064453125,-3.3753968984032774,1.523320727651884,1.7346198058989633,1.9509462506012685,0.7417822847124157,-1.3732896955165883,-1.0769024261593,2.103839474272647,2.626593803892204,1.140294928789975
86.0,148.0,1229.2181396484375,-3.3753609808571445,1.5174822687547938,1.73462185371343,1.9558344183630991,0.7632209508936063,-1.3732888258723386,-1.0461462096502752,2.103498248891211,2.626608670562776,1.140293109658456
86.0,148.0,1229.218505859375,-3.3753971846344184,1.523364401275336,1.7346198461868474,1.951136014182472,0.7417822847124157,-1.3732897086638651,-1.0769030147854624,2.103839560204917,2.6265987180302,1.1402949664696265
86.0,148.0,1229.218505859375,-3.3753971846344184,1.523364401275336,1.7346197429486427,1.951136014182472,0.7417822847124157,-1.3732897086638651,-1.0769024261593,2.103839560204917,2.626598878085624,1.1402949664696265
86.0,148.0,1229.2364501953125,-3.3751096919617485,1.517467829763773,1.7345797423193028,1.9558628661402389,0.7505359238819503,-1.3732897181152124,-1.0472573728317176,2.1038394688499698,2.626590534968418,1.1402942862699728
86.0,148.0,1229.2393798828125,-3.375395328819333,1.517447651082673,1.7346218175038617,1.9558381286989648,0.7445104659395391,-1.2473402573822678,-1.2603790897257674,2.10409656594879,2.6266250268993017,1.140293594549803
86.0,148.0,1229.2393798828125,-3.375395328819333,1.517447651082673,1.7346218175038617,1.9558381286989648,0.7445104659395391,-1.2473402573822678,-1.2603790897257674,2.10409656594879,2.6266250268993017,1.140293594549803
86.0,148.0,1229.239990234375,-3.3751096919617485,1.517467829763773,1.7346186983903331,1.9558211540207968,0.7504701900480906,-1.3732888240079857,-1.046552366917857,2.103839479310829,2.6265906528417293,1.1402942862699728
86.0,148.0,1229.240478515625,-3.3751096919617485,1.517467829763773,1.7346186983903331,1.9558672997942448,0.7505354053310647,-1.3732888240079857,-1.046552366917857,2.1038394688499698,2.6265906528417293,1.1402942862699728
86.0,148.0,1229.240478515625,-3.3751096919617485,1.517467829763773,1.7346186983903331,1.9558672997942448,0.7505354053310647,-1.3732888240079857,-1.046552366917857,2.1038394688499698,2.6265906528417293,1.1402942862699728
86.0,148.0,1229.240478515625,-3.3751096919617485,1.517467829763773,1.7346186983903331,1.9558672997942448,0.7505354053310647,-1.3732888240079857,-1.046552366917857,2.1038394688499698,2.6265906528417293,1.1402942862699728
86.0,148.0,1229.240478515625,-3.3751096919617485,1.517467829763773,1.7346186983903331,1.9558672997942448,0.7505354053310647,-1.3732888240079857,-1.046552366917857,2.1038394688499698,2.6265906528417293,1.1402942862699728
86.0,148.0,1229.240478515625,-3.3751096919617485,1.517467829763773,1.7346186983903331,1.9558672997942448,0.7505354053310647,-1.3732888108567358,-1.046552366917857,2.1038394688499698,2.6265906528417293,1.140294633535038
86.0,148.0,1229.240478515625,-3.3751096919617485,1.517467829763773,1.7346186983903331,1.9558672997942448,0.7505354053310647,-1.3732888240079857,-1.046552366917857,2.1038394688499698,2.6265906528417293,1.1402942862699728
86.0,148.0,1229.240478515625,-3.3751096919617485,1.517467829763773,1.7346187650406095,1.9558672997942448,0.7505354053310647,-1.3732888240079857,-1.046552366917857,2.1038368675156915,2.6265906528417293,1.140294285999475
86.0,148.0,1229.240478515625,-3.3751096919617485,1.517467829763773,1.7346186983903331,1.9558672997942448,0.7505354053310647,-1.3732888240079857,-1.046552366917857,2.1038394688499698,2.6265906528417293,1.1402942862699728
86.0,148.0,1229.240478515625,-3.3751096919617485,1.517467829763773,1.7346186983903331,1.9558672997942448,0.7505354053310647,-1.3732888240079857,-1.046552366917857,2.1038394688499698,2.6265906528417293,1.1402942862699728
86.0,148.0,1229.240478515625,-3.3751096919617485,1.517467829763773,1.73457901191552,1.9558628661402389,0.7505354053310647,-1.3732888240079857,-1.046552366917857,2.1038394688499698,2.626577546834895,1.1402942862699728
86.0,148.0,1229.240478515625,-3.3751096919617485,1.517467829763773,1.7346186983903331,1.9558672997942448,0.7505354053310647,-1.3732888240079857,-1.046552366917857,2.1038394688499698,2.6265906528417293,1.1402942862699728
86.0,148.0,1229.240478515625,-3.3751096919617485,1.517467829763773,1.7346186983903331,1.9558672997942448,0.7505354053310647,-1.3732888240079857,-1.046552366917857,2.1038394688499698,2.6265906528417293,1.1402942862699728
86.0,148.0,1229.240478515625,-3.3751096919617485,1.517467829763773,1.734620841106268,1.9558628661402389,0.7505354053310647,-1.3732888240079857,-1.046552366917857,2.1038394688499698,2.626577546834895,1.1402942862699728
86.0,148.0,1229.244384765625,-3.3754070515736743,1.5175643701116863,1.7346218175038617,1.950933855177568,0.7509850029645879,-1.3732888240079857,-1.0769052790949336,2.103834940669609,2.62659065626846,1.1402942640476603
86.0,148.0,1229.2457275390625,-3.3754416674347825,1.517467829763773,1.7346219492878876,1.9558672997942448,0.7505354053310647,-1.3732888166127182,-1.0466941648686394,2.1038369029899826,2.6265906534862267,1.1402942860645435
86.0,148.0,1229.245849609375,-3.3753639326650875,1.5175672252225834,1.7346185356971937,1.9558584757998447,0.7505354053310647,-1.3732888240079857,-1.046552366917857,2.1035164441865124,2.6265906528417293,1.1402936508650003
86.0,148.0,1229.2469482421875,-3.3753971846344184,1.517467829763773,1.7346224053141666,1.9510858696996471,0.7505716018203102,-1.373289704784128,-1.0766626947452471,2.103836849770591,2.626590640111416,1.140294618777726
86.0,149.0,1228.1876220703125,-3.375425309337756,1.517467829763773,1.73461868140597,1.9558400180300952,0.7450763822612129,-1.3557098644661572,-1.0769052790951064,2.1038394688499698,2.626589694724025,1.140293625077746
86.0,149.0,1228.691162109375,-3.375110220748754,1.523560289556513,1.7346186655111944,1.9558400180300952,0.7450763822612129,-1.355419219750064,-1.044197538233821,2.1038394688499698,2.62659899225388,1.140293565332068
86.0,149.0,1228.699462890625,-3.375410951164474,1.523560289556513,1.7346186812598574,1.9558400180300952,0.7450763822612129,-1.35570842665156,-1.0440738191564372,2.1038394688499698,2.62659899225388,1.140293565332068
86.0,149.0,1228.7593994140625,-3.3754190069544627,1.517467829763773,1.7346219055697427,1.8797288042538325,0.7505541546640071,-1.3732888240079857,-1.046457026056677,2.1042692735300075,2.626590782500989,1.1402942862699728
86.0,149.0,1228.76220703125,-3.3754190069544627,1.517467829763773,1.7346186983903331,1.8797288042538325,0.7505533931048859,-1.3732888240079857,-1.0472943361763924,2.1038394688499698,2.6265907701701305,1.1402942862699728
86.0,149.0,1228.91650390625,-3.3753620110463345,1.517391884635146,1.734622015234151,1.884020285228473,0.7507903340189434,-1.373289525046837,-1.07738591729863,2.1034767130771703,2.62659062536623,1.1402949747609044
86.0,149.0,1228.916748046875,-3.3753620110463345,1.517391884635146,1.7346181260723574,1.884020285228473,0.7507903340189434,-1.373289525046837,-1.0774015272039663,2.103476438730793,2.626590628440811,1.1402942556218758
86.0,149.0,1228.9281005859375,-3.375109966836935,1.517467829763773,1.7346186983903331,1.8811788706310035,0.7505351836357904,-1.3732888228528304,-1.0774020161804598,2.103839561108901,2.626590728973487,1.1402942863553351
86.0,149.0,1228.930419921875,-3.3753620110463345,1.517391884635146,1.7346219639023073,1.884020285228473,0.7420124945649496,-1.373289525046837,-1.0773864062751235,2.1035038330327747,2.626590725898906,1.140295005409001
86.0,149.0,1228.9306640625,-3.3753620110463345,1.517391884635146,1.7346180747405138,1.884020285228473,0.7420124945649496,-1.373289525046837,-1.0774020161804598,2.103503558686397,2.626590728973487,1.1402942862699728
86.0,149.0,1228.9306640625,-3.3753620110463345,1.517391884635146,1.7346180747405138,1.884020285228473,0.7420124945649496,-1.373289525046837,-1.0774020161804598,2.103503558686397,2.626590728973487,1.1402942862699728
86.0,149.0,1228.9317626953125,-3.375396187401204,1.517391884635146,1.7346180747405138,1.884020285228473,0.7420124945649496,-1.373289525046837,-1.0774020161804598,2.103503558686397,2.626590728973487,1.1402942862699728
86.0,149.0,1228.9317626953125,-3.375396187401204,1.517391884635146,1.7346180747405138,1.884020285228473,0.7420124945649496,-1.373289525046837,-1.0774020161804598,2.103503558686397,2.626590728973487,1.1402942862699728
86.0,149.0,1228.9417724609375,-3.375109966836935,1.517467829763773,1.7346186983903331,1.8797288042538325,0.7505533931048859,-1.3732888240079857,-1.0774020161804598,2.1038394688499698,2.626590728973487,1.1402942862699728
86.0,149.0,1228.9466552734375,-3.375109966836935,1.517467829763773,1.7346186983903331,1.8796701366542123,0.7505533931048859,-1.3732894963939286,-1.0774020161804598,2.1035111012055654,2.626590728973487,1.1402942862699728
86.0,149.0,1228.9483642578125,-3.3753955928995274,1.523227449355241,1.7346217793336816,1.882207200819845,0.7504054026362986,-1.3732888049340952,-1.0474185509537617,2.0954738067644336,2.6265883800328367,1.1402936494753892
86.0,149.0,1229.0548095703125,-3.375390680011266,1.515919224523555,1.7346218704840175,1.8803963716567311,0.7505541969909982,-1.373289702198945,-1.077405715904767,2.096254907756768,2.6265906439368623,1.1402942678012429
86.0,149.0,1229.06396484375,-3.375390680011266,1.515919224523555,1.7366682445972073,1.8803963716567311,0.750553435431877,-1.373289702198945,-1.0782430260244826,2.0958251030767303,2.626590631606004,1.1402942678012429
86.0,149.0,1229.104736328125,-3.3754000808921947,1.5233901283935107,1.7346197894708053,1.9512856112474763,0.7505354053310647,-1.3732888899924385,-1.048505241150827,2.103839691833443,2.6265906528417293,1.140294285999475
86.0,149.0,1229.1109619140625,-3.375363008279549,1.523284337781206,1.7346224625278086,1.951082705361098,0.7505716018203102,-1.3732897086638651,-1.0469420890981116,2.1038368194471646,2.626590640111416,1.140295009262938
86.0,149.0,1229.135498046875,-3.375390680011266,1.515919224523555,1.7346218704840175,1.884013338735954,0.7243237907932735,-1.373289702198945,-1.077405715904767,2.1036719840355937,2.6265907286046466,1.1402942678012429
86.0,149.0,1229.142333984375,-3.375423904746461,1.516025163919865,1.7346218704840175,1.882930072640528,0.7243237907932735,-1.373289702198945,-1.0774241438671723,2.1036719840355937,2.626589622572315,1.1402942678012429
86.0,149.0,1229.1458740234375,-3.3751096919617485,1.517467829763773,1.734618306588819,1.9510323368281752,0.7505354053310647,-1.3732897249864024,-1.046552366917857,2.1038368659505515,2.6265906528417293,1.140294285999475
86.0,149.0,1229.1458740234375,-3.3751096919617485,1.517467829763773,1.734618306588819,1.9510323368281752,0.7505354053310647,-1.3732897249864024,-1.046552366917857,2.1038368659505515,2.6265906528417293,1.140294285999475
86.0,149.0,1229.15087890625,-3.375403753832449,1.5178718947273817,1.734618673199714,1.9511909758648247,0.7505354053310647,-1.37328973234894,-1.046552366917857,2.103839470252259,2.6265906528417293,1.1402942555197997
86.0,149.0,1229.1611328125,-3.3750652091613844,1.5158881312201542,1.734617889182681,1.951082705361098,0.7505710883058251,-1.3732888219519053,-1.0463652686345948,2.103839467454165,2.626590713694793,1.140294268006672
86.0,149.0,1229.1748046875,-3.375108148944212,1.5233531331665588,1.7346198461868474,1.951136014182472,0.7417822847124157,-1.3732897086638651,-1.0464550841169122,2.103839560458096,2.6265987180302,1.1402950052693692
86.0,149.0,1229.17529296875,-3.3753971846344184,1.5235068367091988,1.7346224053141666,1.951136647032208,0.7507422418387704,-1.3732897086638651,-1.0769052790801836,2.1038395788302857,2.626590640111416,1.1402949597086225
86.0,149.0,1229.1907958984375,-3.3750973499170653,1.5230729868517168,1.7346186983903331,1.955657417194108,0.7505354053310647,-1.373288810799057,-1.0466637711972189,2.1038395600027777,2.6265906528417293,1.140294633535038
86.0,149.0,1229.1910400390625,-3.3751085574252624,1.5234207744086037,1.734621781602311,1.9560332603717736,0.7504054026362986,-1.3732888049340952,-1.0474185509537617,2.10387067456078,2.6265884153136034,1.1402936494753892
86.0,149.0,1229.1910400390625,-3.3751085574252624,1.5234207744086037,1.734621781602311,1.9560332603717736,0.7504054026362986,-1.3732888049340952,-1.0474185509537617,2.10387067456078,2.6265884153136034,1.1402936494753892
86.0,149.0,1229.19384765625,-3.3751096919617485,1.5233902692229342,1.7346187650406095,1.9558672997942448,0.7505354053310647,-1.3732888130428107,-1.046552366917857,2.103839691833443,2.6265906528417293,1.140294285999475
86.0,149.0,1229.202392578125,-3.3754153874119464,1.517467829763773,1.7346183551533316,1.951136014182472,0.7445027872226055,-1.3732897056412174,-1.0470847535300232,2.1038368991231047,2.626594060695449,1.1402942855212388
86.0,149.0,1229.202392578125,-3.3754153874119464,1.517467829763773,1.7346183551533316,1.951136014182472,0.7445027872226055,-1.3732897056412174,-1.0470847535300232,2.1038368991231047,2.626594060695449,1.1402942855212388
86.0,149.0,1229.20263671875,-3.3754153874119464,1.517447258701995,1.7346183551533316,1.951136014182472,0.7445029557221606,-1.3732897056412174,-1.0470847535300232,2.1038368991231047,2.6265954356215544,1.1402936577793987
86.0,149.0,1229.209228515625,-3.3753971846344184,1.5170021395329574,1.7346187051396225,1.951136647032208,0.7507422418387704,-1.3732888372993866,-1.0397302836065725,2.1038395788302857,2.626590652838827,1.1402949597086225
86.0,149.0,1229.209716796875,-3.3751096919617485,1.517467829763773,1.7345797423193028,1.9558628661402389,0.7505359188455497,-1.3732897181152124,-1.057261557350001,2.1038394688499698,2.6265774726070203,1.1402942862699728
86.0,149.0,1229.209716796875,-3.3751096919617485,1.517467829763773,1.7346186983903331,1.9558672997942448,0.7505354002946641,-1.3732888240079857,-1.0565565514361404,2.1038394688499698,2.6265775904803315,1.1402942862699728
86.0,149.0,1229.2117919921875,-3.37510431199149,1.5231193367457738,1.7346197365729648,1.9508840655821813,0.7417434668315672,-1.3732898341988786,-1.0769024261593,2.103839551129952,2.626598931726324,1.1402949664696265
86.0,149.0,1229.2132568359375,-3.375114109955568,1.523364401275336,1.7346197429486427,1.951136014182472,0.7417822847124157,-1.3732897086638651,-1.0769725359135929,2.103839471204388,2.626598878085624,1.1402949486937737
86.0,149.0,1229.214599609375,-3.3753971846344184,1.523364401275336,1.7346197429486427,1.9508840655821813,0.7417434668315672,-1.3732898341988786,-1.0769024261593,2.103839551129952,2.626598878085624,1.1402949664696265
86.0,149.0,1229.2158203125,-3.3753971846344184,1.523320727651884,1.7346198058989633,1.9509461109324784,0.7417822847124157,-1.3732887372345413,-1.0769024261593,2.103839560204917,2.626598878085624,1.1402949581473234
86.0,149.0,1229.216064453125,-3.3753968984032774,1.523320727651884,1.7346198058989633,1.9509462506012685,0.7417822847124157,-1.3732896955165883,-1.0769024261593,2.103839474272647,2.626593803892204,1.140294928789975
86.0,149.0,1229.2181396484375,-3.3753609808571445,1.5174822687547938,1.73462185371343,1.9558344183630991,0.7632209508936063,-1.3732888258723386,-1.0461462096502752,2.103498248891211,2.626608670562776,1.140293109658456
86.0,149.0,1229.218505859375,-3.3753971846344184,1.523364401275336,1.7346198461868474,1.951136014182472,0.7417822847124157,-1.3732897086638651,-1.0769030147854624,2.103839560204917,2.6265987180302,1.1402949664696265
86.0,149.0,1229.218505859375,-3.3753971846344184,1.523364401275336,1.7346197429486427,1.951136014182472,0.7417822847124157,-1.3732897086638651,-1.0769024261593,2.103839560204917,2.626598878085624,1.1402949664696265
86.0,149.0,1229.2364501953125,-3.3751096919617485,1.517467829763773,1.7345797423193028,1.9558628661402389,0.7505359238819503,-1.3732897181152124,-1.0472573728317176,2.1038394688499698,2.626590534968418,1.1402942862699728
86.0,149.0,1229.2393798828125,-3.375395328819333,1.517447651082673,1.7346218175038617,1.9558381286989648,0.7445104659395391,-1.2473402573822678,-1.2603790897257674,2.10409656594879,2.6266250268993017,1.140293594549803
86.0,149.0,1229.2393798828125,-3.375395328819333,1.517447651082673,1.7346218175038617,1.9558381286989648,0.7445104659395391,-1.2473402573822678,-1.2603790897257674,2.10409656594879,2.6266250268993017,1.140293594549803
86.0,149.0,1229.239990234375,-3.3751096919617485,1.517467829763773,1.7346186983903331,1.9558211540207968,0.7504701900480906,-1.3732888240079857,-1.046552366917857,2.103839479310829,2.6265906528417293,1.1402942862699728
86.0,150.0,1228.1876220703125,-3.375425309337756,1.517467829763773,1.73461868140597,1.9558400180300952,0.7450763822612129,-1.3557098644661572,-1.0769052790951064,2.1038394688499698,2.626589694724025,1.140293625077746
86.0,150.0,1228.691162109375,-3.375110220748754,1.523560289556513,1.7346186655111944,1.9558400180300952,0.7450763822612129,-1.355419219750064,-1.044197538233821,2.1038394688499698,2.62659899225388,1.140293565332068
86.0,150.0,1228.699462890625,-3.375410951164474,1.523560289556513,1.7346186812598574,1.9558400180300952,0.7450763822612129,-1.35570842665156,-1.0440738191564372,2.1038394688499698,2.62659899225388,1.140293565332068
86.0,150.0,1228.73779296875,-3.375403753832449,1.5178718947273817,1.734618673199714,1.8838512512000527,0.7504138674380787,-1.37328973234894,-1.046552366917857,2.103839470252259,2.62659065492166,1.1402942555197997
86.0,150.0,1228.7593994140625,-3.3754190069544627,1.517467829763773,1.7346219055697427,1.8797288042538325,0.7505541546640071,-1.3732888240079857,-1.046457026056677,2.1042692735300075,2.626590782500989,1.1402942862699728
86.0,150.0,1228.76220703125,-3.3754190069544627,1.517467829763773,1.7346186983903331,1.8797288042538325,0.7505533931048859,-1.3732888240079857,-1.0472943361763924,2.1038394688499698,2.6265907701701305,1.1402942862699728
86.0,150.0,1228.76220703125,-3.3754190069544627,1.517467829763773,1.7346186983903331,1.8797288042538325,0.7505533931048859,-1.3732888240079857,-1.0472943361763924,2.103836874642022,2.6265907701701305,1.1402942862699728
86.0,150.0,1228.814697265625,-3.375363008279549,1.523284337781206,1.7346226417753383,1.884093247705218,0.7507926411926948,-1.3732897086638651,-1.046302433096843,2.103841341479855,2.626590628596845,1.140295009262938
86.0,150.0,1228.8460693359375,-3.3753955928995274,1.515775773206401,1.7346904851725709,1.882207200819845,0.7504054026362986,-1.3732896834110804,-1.0474185509537617,2.095468607825409,2.6265883800328367,1.1402936494753892
86.0,150.0,1228.91650390625,-3.3753620110463345,1.517391884635146,1.734622015234151,1.884020285228473,0.7507903340189434,-1.373289525046837,-1.07738591729863,2.1034767130771703,2.62659062536623,1.1402949747609044
86.0,150.0,1228.91650390625,-3.3753620110463345,1.517391884635146,1.734622015234151,1.884020285228473,0.7507903340189434,-1.3732895461720596,-1.07738591729863,2.1034767130771703,2.626590625612659,1.1402949747609044
86.0,150.0,1228.916748046875,-3.3753620110463345,1.517391884635146,1.7346181260723574,1.884020285228473,0.7507903340189434,-1.373289525046837,-1.0774015272039663,2.103476438730793,2.626590628440811,1.1402942556218758
86.0,150.0,1228.922119140625,-3.375392060608774,1.5159868710341116,1.7347342539593646,1.884020285228473,0.7505533486963937,-1.373289703883101,-1.078241472548234,2.103476438730793,2.626590628268697,1.1402942556218758
86.0,150.0,1228.9281005859375,-3.375109966836935,1.517467829763773,1.7346186983903331,1.8811788706310035,0.7505351836357904,-1.3732888228528304,-1.0774020161804598,2.103839561108901,2.626590728973487,1.1402942863553351
86.0,150.0,1228.930419921875,-3.3753620110463345,1.517391884635146,1.7346219639023073,1.884020285228473,0.7420124945649496,-1.373289525046837,-1.0773864062751235,2.1035038330327747,2.626590725898906,1.140295005409001
86.0,150.0,1228.9306640625,-3.3753620110463345,1.517391884635146,1.7346180747405138,1.884020285228473,0.7420124945649496,-1.373289525046837,-1.0774020161804598,2.103503558686397,2.626590728973487,1.1402942862699728
86.0,150.0,1228.9306640625,-3.3753620110463345,1.517391884635146,1.7346180747405138,1.884020285228473,0.7420124945649496,-1.373289525046837,-1.0774020161804598,2.103503558686397,2.626590728973487,1.1402942862699728
86.0,150.0,1228.9317626953125,-3.375396187401204,1.517391884635146,1.7346180747405138,1.884020285228473,0.7420124945649496,-1.373289525046837,-1.0774020161804598,2.103503558686397,2.626590728973487,1.1402942862699728
86.0,150.0,1228.9317626953125,-3.375396187401204,1.517391884635146,1.7346180747405138,1.884020285228473,0.7420124945649496,-1.373289525046837,-1.0774020161804598,2.103503558686397,2.626590728973487,1.1402942862699728
86.0,150.0,1228.9417724609375,-3.375109966836935,1.517467829763773,1.7346186983903331,1.8797288042538325,0.7505533931048859,-1.3732888240079857,-1.0774020161804598,2.1038394688499698,2.626590728973487,1.1402942862699728
86.0,150.0,1228.9466552734375,-3.375109966836935,1.517467829763773,1.7346186983903331,1.8796701366542123,0.7505533931048859,-1.3732894963939286,-1.0774020161804598,2.1035111012055654,2.626590728973487,1.1402942862699728
86.0,150.0,1228.9481201171875,-3.375110068969315,1.517467829763773,1.7346219055697427,1.8797298673919087,0.7505541546640071,-1.373288827698498,-1.0781779334760508,2.1042623984422755,2.62659072944115,1.1402942862699728
86.0,150.0,1228.9483642578125,-3.3753955928995274,1.523227449355241,1.7346217793336816,1.882207200819845,0.7504054026362986,-1.3732888049340952,-1.0474185509537617,2.0954738067644336,2.6265883800328367,1.1402936494753892
86.0,150.0,1229.0548095703125,-3.375390680011266,1.515919224523555,1.7346218704840175,1.8803963716567311,0.7505541969909982,-1.373289702198945,-1.077405715904767,2.096254907756768,2.6265906439368623,1.1402942678012429
86.0,150.0,1229.06396484375,-3.375390680011266,1.515919224523555,1.7366682445972073,1.8803963716567311,0.750553435431877,-1.373289702198945,-1.0782430260244826,2.0958251030767303,2.626590631606004,1.1402942678012429
86.0,150.0,1229.104736328125,-3.3754000808921947,1.5233901283935107,1.7346197894708053,1.9512856112474763,0.7505354053310647,-1.3732888899924385,-1.048505241150827,2.103839691833443,2.6265906528417293,1.140294285999475
86.0,150.0,1229.1109619140625,-3.375363008279549,1.523284337781206,1.7346224625278086,1.951082705361098,0.7505716018203102,-1.3732897086638651,-1.0469420890981116,2.1038368194471646,2.626590640111416,1.140295009262938
86.0,150.0,1229.1256103515625,-3.375390680011266,1.523370900672395,1.7365995387583182,1.8803963716567311,0.750553435431877,-1.3732888237219596,-1.0782430260244826,2.095830302015756,2.626590631606004,1.1402942678012429
86.0,150.0,1229.1265869140625,-3.375059413735217,1.515919224523555,1.7346218704840175,1.884013338735954,0.7243237907932735,-1.373288809982432,-1.077405715904767,2.10367282896262,2.626590714437332,1.140294267801125
86.0,150.0,1229.135498046875,-3.375390680011266,1.515919224523555,1.7346218704840175,1.884013338735954,0.7243237907932735,-1.373289702198945,-1.077405715904767,2.1036719840355937,2.6265907286046466,1.1402942678012429
86.0,150.0,1229.142333984375,-3.375423904746461,1.516025163919865,1.7346218704840175,1.882930072640528,0.7243237907932735,-1.373289702198945,-1.0774241438671723,2.1036719840355937,2.626589622572315,1.1402942678012429
86.0,150.0,1229.1458740234375,-3.3751096919617485,1.517467829763773,1.734618306588819,1.9510323368281752,0.7505354053310647,-1.3732897249864024,-1.046552366917857,2.1038368659505515,2.6265906528417293,1.140294285999475
86.0,150.0,1229.1458740234375,-3.3751096919617485,1.517467829763773,1.734618306588819,1.9510323368281752,0.7505354053310647,-1.3732897249864024,-1.046552366917857,2.1038368659505515,2.6265906528417293,1.140294285999475
86.0,150.0,1229.15087890625,-3.375403753832449,1.5178718947273817,1.734618673199714,1.9511909758648247,0.7505354053310647,-1.37328973234894,-1.046552366917857,2.103839470252259,2.6265906528417293,1.1402942555197997
86.0,150.0,1229.1611328125,-3.3750652091613844,1.5158881312201542,1.734617889182681,1.951082705361098,0.7505710883058251,-1.3732888219519053,-1.0463652686345948,2.103839467454165,2.626590713694793,1.140294268006672
86.0,150.0,1229.1617431640625,-3.3753620110463345,1.517391884635146,1.7346220161404275,1.951434559766032,0.7505096550961211,-1.373289526282077,-1.0464417726989077,2.1034767130771703,2.6265906542611206,1.1402949747609044
86.0,150.0,1229.1748046875,-3.375108148944212,1.5233531331665588,1.7346198461868474,1.951136014182472,0.7417822847124157,-1.3732897086638651,-1.0464550841169122,2.103839560458096,2.6265987180302,1.1402950052693692
86.0,150.0,1229.17529296875,-3.3753971846344184,1.5235068367091988,1.7346224053141666,1.951136647032208,0.7507422418387704,-1.3732897086638651,-1.0769052790801836,2.1038395788302857,2.626590640111416,1.1402949597086225
86.0,150.0,1229.190673828125,-3.37508225817984,1.5234207744086037,1.7346218959530446,1.9560332603717736,0.7504054026362986,-1.3732887839535075,-1.0474185509537617,2.1038704821974434,2.626594038058713,1.1402936494753892
86.0,150.0,1229.1907958984375,-3.3750973499170653,1.5230729868517168,1.7346186983903331,1.955657417194108,0.7505354053310647,-1.373288810799057,-1.0466637711972189,2.1038395600027777,2.6265906528417293,1.140294633535038
86.0,150.0,1229.1910400390625,-3.3751085574252624,1.5234207744086037,1.734621781602311,1.9560332603717736,0.7504054026362986,-1.3732888049340952,-1.0474185509537617,2.10387067456078,2.6265884153136034,1.1402936494753892
86.0,150.0,1229.1910400390625,-3.3751085574252624,1.5234207744086037,1.734621781602311,1.9560332603717736,0.7504054026362986,-1.3732888049340952,-1.0474185509537617,2.10387067456078,2.6265884153136034,1.1402936494753892
86.0,150.0,1229.19384765625,-3.3751096919617485,1.5233902692229342,1.7346187650406095,1.9558672997942448,0.7505354053310647,-1.3732888130428107,-1.046552366917857,2.103839691833443,2.6265906528417293,1.140294285999475
86.0,150.0,1229.202392578125,-3.3754153874119464,1.517467829763773,1.7346183551533316,1.951136014182472,0.7445027872226055,-1.3732897056412174,-1.0470847535300232,2.1038368991231047,2.626594060695449,1.1402942855212388
86.0,150.0,1229.202392578125,-3.3754153874119464,1.517467829763773,1.7346183551533316,1.951136014182472,0.7445027872226055,-1.3732897056412174,-1.0470847535300232,2.1038368991231047,2.626594060695449,1.1402942855212388
86.0,150.0,1229.20263671875,-3.3754153874119464,1.517447258701995,1.7346183551533316,1.951136014182472,0.7445029557221606,-1.3732897056412174,-1.0470847535300232,2.1038368991231047,2.6265954356215544,1.1402936577793987
86.0,150.0,1229.20263671875,-3.3754153874119464,1.517447258701995,1.7346197825238947,1.951136014182472,0.7445029557221606,-1.3732898339688313,-1.0470847535300232,2.1038368991231047,2.6265954356215544,1.1402936577793987
86.0,150.0,1229.202880859375,-3.3754416866573687,1.517467829763773,1.734618240802598,1.951136014182472,0.7445027872226055,-1.373289726621805,-1.0470847535300232,2.10383709148644,2.6265884379503404,1.1402942855212388
86.0,150.0,1229.209228515625,-3.3753971846344184,1.5170021395329574,1.7346187051396225,1.951136647032208,0.7507422418387704,-1.3732888372993866,-1.0397302836065725,2.1038395788302857,2.626590652838827,1.1402949597086225
86.0,150.0,1229.209716796875,-3.3751096919617485,1.517467829763773,1.7345797423193028,1.9558628661402389,0.7505359188455497,-1.3732897181152124,-1.057261557350001,2.1038394688499698,2.6265774726070203,1.1402942862699728
86.0,151.0,1228.1826171875,-3.375425309337756,1.5180321070015663,1.73461868140597,1.9558400180300952,0.7450763822612129,-1.3557098644661572,-1.0773512176478106,2.1038394546505432,2.626589694724025,1.1402935931254077
86.0,151.0,1228.1876220703125,-3.375425309337756,1.517467829763773,1.73461868140597,1.9558400180300952,0.7450763822612129,-1.3557098644661572,-1.0769052790951064,2.1038394688499698,2.626589694724025,1.140293625077746
86.0,151.0,1228.669677734375,-3.375110220748754,1.523560289556513,1.7346186655111944,1.878624700067835,0.7453802830056213,-1.355419219750064,-1.0464537461701038,2.103839470241506,2.62659899225388,1.140293565332068
86.0,151.0,1228.691162109375,-3.375110220748754,1.523560289556513,1.7346186655111944,1.9558400180300952,0.7450763822612129,-1.355419219750064,-1.044197538233821,2.1038394688499698,2.62659899225388,1.140293565332068
86.0,151.0,1228.699462890625,-3.375410951164474,1.523560289556513,1.7346186812598574,1.9558400180300952,0.7450763822612129,-1.35570842665156,-1.0440738191564372,2.1038394688499698,2.62659899225388,1.140293565332068
86.0,151.0,1228.70703125,-3.375392060608774,1.5158704651891473,1.7347342539593646,1.8846704145169284,0.750485816109375,-1.3732897039146676,-1.0467937793009447,2.103838014714276,2.62659056258874,1.1402942556218758
86.0,151.0,1228.7281494140625,-3.375395571694699,1.517417047437347,1.7346180747405138,1.884020285228473,0.7499473028076219,-1.373289525046837,-1.0497453462353283,2.103503558686397,2.626590601496364,1.1402943516832609
86.0,151.0,1228.73779296875,-3.375403753832449,1.5178718947273817,1.734618673199714,1.8838512512000527,0.7504138674380787,-1.37328973234894,-1.046552366917857,2.103839470252259,2.62659065492166,1.1402942555197997
86.0,151.0,1228.75927734375,-3.3754190069544627,1.5174668117711465,1.7346219055697427,1.8797288042538325,0.7507594146533306,-1.3732888419911642,-1.046457026056677,2.1042692735300075,2.626590782500989,1.1402942862699728
86.0,151.0,1228.7593994140625,-3.3754190069544627,1.517467829763773,1.7346219055697427,1.8797288042538325,0.7505541546640071,-1.3732888240079857,-1.046457026056677,2.1042692735300075,2.626590782500989,1.1402942862699728
86.0,151.0,1228.76220703125,-3.3754190069544627,1.517467829763773,1.7346186983903331,1.8797288042538325,0.7505533931048859,-1.3732888240079857,-1.0472943361763924,2.1038394688499698,2.6265907701701305,1.1402942862699728
86.0,151.0,1228.76220703125,-3.3754190069544627,1.517467829763773,1.7346186983903331,1.8797288042538325,0.7505533931048859,-1.3732888240079857,-1.0472943361763924,2.103836874642022,2.6265907701701305,1.1402942862699728
86.0,151.0,1228.76220703125,-3.3754190069544627,1.517467829763773,1.7346186983903331,1.8797288042538325,0.7505533931048859,-1.3732888240079857,-1.0472943361763924,2.1038394688499698,2.6265907701701305,1.1402942862699728
86.0,151.0,1228.814697265625,-3.375363008279549,1.523284337781206,1.7346226417753383,1.884093247705218,0.7507926411926948,-1.3732897086638651,-1.046302433096843,2.103841341479855,2.626590628596845,1.140295009262938
86.0,151.0,1228.8179931640625,-3.3753620110463345,1.5231294885179558,1.7346180747405138,1.8840021371919329,0.7508854422216055,-1.373289525046837,-1.0460846046007817,2.103503558686397,2.626590728973487,1.1402942968476022
86.0,151.0,1228.844482421875,-3.375361943902267,1.5169847310932365,1.7346217793336816,1.8841381604857808,0.7508390267110472,-1.3732888049340952,-1.0474185509537617,2.0954738067644336,2.6265883800328367,1.1402936494753892
86.0,151.0,1228.8460693359375,-3.3753955928995274,1.515775773206401,1.7346904851725709,1.882207200819845,0.7504054026362986,-1.3732896834110804,-1.0474185509537617,2.095468607825409,2.6265883800328367,1.1402936494753892
86.0,151.0,1228.91650390625,-3.3753620110463345,1.517391884635146,1.734622015234151,1.884020285228473,0.7507903340189434,-1.373289525046837,-1.07738591729863,2.1034767130771703,2.62659062536623,1.1402949747609044
86.0,151.0,1228.91650390625,-3.3753620110463345,1.517391884635146,1.734622015234151,1.884020285228473,0.7507903340189434,-1.3732895461720596,-1.07738591729863,2.1034767130771703,2.626590625612659,1.1402949747609044
86.0,151.0,1228.91650390625,-3.3753620110463345,1.517391884635146,1.734622015234151,1.884020285228473,0.7507903340189434,-1.3732895465071326,-1.07738591729863,2.1034767130771703,2.626590625380613,1.1402949747609044
86.0,151.0,1228.91650390625,-3.3753620110463345,1.517391884635146,1.734622015234151,1.884020285228473,0.7507903340189434,-1.3732895247117645,-1.07738591729863,2.1034767130771703,2.626590625598276,1.1402949747609044
86.0,151.0,1228.916748046875,-3.3753620110463345,1.517391884635146,1.7346181260723574,1.884020285228473,0.7507903340189434,-1.373289525046837,-1.0774015272039663,2.103476438730793,2.626590628440811,1.1402942556218758
86.0,151.0,1228.922119140625,-3.375392060608774,1.5159868710341116,1.7347342539593646,1.884020285228473,0.7505533486963937,-1.373289703883101,-1.078241472548234,2.103476438730793,2.626590628268697,1.1402942556218758
86.0,151.0,1228.927001953125,-3.375390680011266,1.517415035399703,1.7346218704840175,1.884013338735954,0.7426072659226576,-1.3732895215677934,-1.077405715904767,2.1036719840355937,2.6265907286046466,1.1402942678012429
86.0,151.0,1228.9281005859375,-3.375109966836935,1.517467829763773,1.7346186983903331,1.8811788706310035,0.7505351836357904,-1.3732888228528304,-1.0774020161804598,2.103839561108901,2.626590728973487,1.1402942863553351
86.0,151.0,1228.930419921875,-3.3753620110463345,1.517391884635146,1.7346219639023073,1.884020285228473,0.7420124945649496,-1.373289525046837,-1.0773864062751235,2.1035038330327747,2.626590725898906,1.140295005409001
86.0,151.0,1228.9306640625,-3.3753620110463345,1.517391884635146,1.7346180747405138,1.884020285228473,0.7420124945649496,-1.373289525046837,-1.0774020161804598,2.103503558686397,2.626590728973487,1.1402942862699728
86.0,151.0,1228.9306640625,-3.3753620110463345,1.517391884635146,1.7346180747405138,1.884020285228473,0.7420124945649496,-1.373289525046837,-1.0774020161804598,2.103503558686397,2.626590728973487,1.1402942862699728
86.0,151.0,1228.9317626953125,-3.375396187401204,1.517391884635146,1.7346180747405138,1.884020285228473,0.7420124945649496,-1.373289525046837,-1.0774020161804598,2.103503558686397,2.626590728973487,1.1402942862699728
86.0,151.0,1228.9317626953125,-3.375396187401204,1.517391884635146,1.7346180747405138,1.884020285228473,0.7420124945649496,-1.373289525046837,-1.0774020161804598,2.103503558686397,2.626590728973487,1.1402942862699728
86.0,151.0,1228.9327392578125,-3.375396187401204,1.5173929026277724,1.7346180747405138,1.884020285228473,0.741807234575626,-1.3732895070636586,-1.0774020161804598,2.103503558686397,2.626590728973487,1.1402942862699728
86.0,151.0,1228.941162109375,-3.3754190069544627,1.517467829763773,1.7346186983903331,1.879766211458036,0.7505533931048859,-1.3732888239857088,-1.0766796277369683,2.103839462480123,2.6265907701701305,1.1402942863586034
86.0,151.0,1228.9417724609375,-3.375109966836935,1.517467829763773,1.7346186983903331,1.8797288042538325,0.7505533931048859,-1.3732888240079857,-1.0774020161804598,2.1038394688499698,2.626590728973487,1.1402942862699728
86.0,151.0,1228.9466552734375,-3.375109966836935,1.517467829763773,1.7346186983903331,1.8796701366542123,0.7505533931048859,-1.3732894963939286,-1.0774020161804598,2.1035111012055654,2.626590728973487,1.1402942862699728
86.0,151.0,1228.9466552734375,-3.375109966836935,1.517467829763773,1.7346186983903331,1.8796701366542123,0.7505533931048859,-1.3732894963939286,-1.0774020161804598,2.1035111012055654,2.626590728973487,1.1402942862699728
86.0,151.0,1228.9481201171875,-3.375110068969315,1.517467829763773,1.7346219055697427,1.8797298673919087,0.7505541546640071,-1.373288827698498,-1.0781779334760508,2.1042623984422755,2.62659072944115,1.1402942862699728
86.0,151.0,1228.9483642578125,-3.3753955928995274,1.523227449355241,1.7346217793336816,1.882207200819845,0.7504054026362986,-1.3732888049340952,-1.0474185509537617,2.0954738067644336,2.6265883800328367,1.1402936494753892
86.0,151.0,1228.95166015625,-3.3753620110463345,1.517391884635146,1.734622015234151,1.8840126287016143,0.7507903340189434,-1.3732895461720596,-1.07990490686754,2.103840027799861,2.626590655082506,1.1402942302308183
86.0,151.0,1228.9832763671875,-3.375362143833977,1.523284337781206,1.7346226417753383,1.884020495078316,0.7507903429472303,-1.3732897086638651,-1.0786059365427618,2.1034767449910183,2.626590625396627,1.140295009262938
86.0,151.0,1229.031982421875,-3.3753962086060323,1.5157506104042002,1.7346904851725709,1.882207200819845,0.7424705943936262,-1.3732896834110804,-1.0750752208988927,2.095468607825409,2.62658850750996,1.140293584062101
86.0,151.0,1229.0548095703125,-3.375390680011266,1.515919224523555,1.7346218704840175,1.8803963716567311,0.7505541969909982,-1.373289702198945,-1.077405715904767,2.096254907756768,2.6265906439368623,1.1402942678012429
86.0,151.0,1229.06396484375,-3.375390680011266,1.515919224523555,1.7366682445972073,1.8803963716567311,0.750553435431877,-1.373289702198945,-1.0782430260244826,2.0958251030767303,2.626590631606004,1.1402942678012429
86.0,151.0,1229.078369140625,-3.375390680011266,1.523533255217872,1.7365995387583182,1.883825678728976,0.7511748938435702,-1.373288820978675,-1.0773402535153969,2.095830302015756,2.626590728262683,1.1402942678012429
86.0,151.0,1229.09326171875,-3.3753955928995274,1.517489845472431,1.7346217793336816,1.882225348856386,0.7415324549796426,-1.3732888049340952,-1.0787359625334394,2.0954738067644336,2.6265883800328367,1.1402936388977596
86.0,151.0,1229.104736328125,-3.3754000808921947,1.5233901283935107,1.7346197894708053,1.9512856112474763,0.7505354053310647,-1.3732888899924385,-1.048505241150827,2.103839691833443,2.6265906528417293,1.140294285999475
86.0,151.0,1229.1109619140625,-3.375363008279549,1.523284337781206,1.7346224625278086,1.951082705361098,0.7505716018203102,-1.3732897086638651,-1.0469420890981116,2.1038368194471646,2.626590640111416,1.140295009262938
86.0,151.0,1229.1256103515625,-3.375390680011266,1.523370900672395,1.7365995387583182,1.8803963716567311,0.750553435431877,-1.3732888237219596,-1.0782430260244826,2.095830302015756,2.626590631606004,1.1402942678012429
86.0,151.0,1229.1265869140625,-3.375059413735217,1.515919224523555,1.7346218704840175,1.884013338735954,0.7243237907932735,-1.373288809982432,-1.077405715904767,2.10367282896262,2.626590714437332,1.140294267801125
86.0,151.0,1229.135498046875,-3.375390680011266,1.515919224523555,1.7346218704840175,1.884013338735954,0.7243237907932735,-1.373289702198945,-1.077405715904767,2.1036719840355937,2.6265907286046466,1.1402942678012429
86.0,151.0,1229.142333984375,-3.375423904746461,1.516025163919865,1.7346218704840175,1.882930072640528,0.7243237907932735,-1.373289702198945,-1.0774241438671723,2.1036719840355937,2.626589622572315,1.1402942678012429
86.0,152.0,1228.1708984375,-3.375425250034607,1.5179084214907663,1.7346186812598574,1.9558400180300952,0.7450763822612129,-1.3557098533253822,-1.0804595894030444,2.103839454592104,2.626589784140238,1.140293565615922
86.0,152.0,1228.1826171875,-3.375425309337756,1.5180321070015663,1.73461868140597,1.9558400180300952,0.7450763822612129,-1.3557098644661572,-1.0773512176478106,2.1038394546505432,2.626589694724025,1.1402935931254077
86.0,152.0,1228.1876220703125,-3.375425309337756,1.517467829763773,1.73461868140597,1.9558400180300952,0.7450763822612129,-1.3557098644661572,-1.0769052790951064,2.1038394688499698,2.626589694724025,1.140293625077746
86.0,152.0,1228.5582275390625,-3.375403841314054,1.5180321070015663,1.7346186812654003,1.9558400180300952,0.750637520861219,-1.3560108384799183,-1.0474474664236173,2.1038394546505432,2.626589694724025,1.1402942400977956
86.0,152.0,1228.591064453125,-3.375114754763428,1.523560289556513,1.7346186655111944,1.9558400180300952,0.7507321313457614,-1.3546597305650598,-1.0465700488932084,2.1038394688499698,2.62659899225388,1.140293565332068
86.0,152.0,1228.669677734375,-3.375110220748754,1.523560289556513,1.7346186655111944,1.878624700067835,0.7453802830056213,-1.355419219750064,-1.0464537461701038,2.103839470241506,2.62659899225388,1.140293565332068
86.0,152.0,1228.691162109375,-3.375110220748754,1.523560289556513,1.7346186655111944,1.9558400180300952,0.7450763822612129,-1.355419219750064,-1.044197538233821,2.1038394688499698,2.62659899225388,1.140293565332068
86.0,152.0,1228.699462890625,-3.375410951164474,1.523560289556513,1.7346186812598574,1.9558400180300952,0.7450763822612129,-1.35570842665156,-1.0440738191564372,2.1038394688499698,2.62659899225388,1.140293565332068
86.0,152.0,1228.70263671875,-3.375413582864924,1.523560289556513,1.7346180748740772,1.9558400180300952,0.7450763822612129,-1.35570842665156,-1.0439525119319362,2.1038394688499698,2.62659861671174,1.140293565332068
86.0,152.0,1228.70703125,-3.375392060608774,1.5158704651891473,1.7347342539593646,1.8846704145169284,0.750485816109375,-1.3732897039146676,-1.0467937793009447,2.103838014714276,2.62659056258874,1.1402942556218758
86.0,152.0,1228.710205078125,-3.375392060608774,1.5158704651891473,1.7347342539593646,1.8840262243491088,0.7499463823744329,-1.373289694483517,-1.0498703701061325,2.1035066732533343,2.626590564114367,1.1402942556218758
86.0,152.0,1228.7281494140625,-3.375395571694699,1.517417047437347,1.7346180747405138,1.884020285228473,0.7499473028076219,-1.373289525046837,-1.0497453462353283,2.103503558686397,2.626590601496364,1.1402943516832609
86.0,152.0,1228.73779296875,-3.375403753832449,1.5178718947273817,1.734618673199714,1.8838512512000527,0.7504138674380787,-1.37328973234894,-1.046552366917857,2.103839470252259,2.62659065492166,1.1402942555197997
86.0,152.0,1228.751220703125,-3.3753991761603745,1.5174619768501232,1.7346188113308298,1.8811973707405167,0.7505351836357904,-1.3732888272252632,-1.0467384337037324,2.103839561108901,2.62659057956339,1.1402942863553351
86.0,152.0,1228.75927734375,-3.3754190069544627,1.5174668117711465,1.7346219055697427,1.8797288042538325,0.7507594146533306,-1.3732888419911642,-1.046457026056677,2.1042692735300075,2.626590782500989,1.1402942862699728
86.0,152.0,1228.7593994140625,-3.3754190069544627,1.517467829763773,1.7346219055697427,1.8797288042538325,0.7505541546640071,-1.3732888240079857,-1.046457026056677,2.1042692735300075,2.626590782500989,1.1402942862699728
86.0,152.0,1228.76220703125,-3.3754190069544627,1.517467829763773,1.7346186983903331,1.8797288042538325,0.7505533931048859,-1.3732888240079857,-1.0472943361763924,2.1038394688499698,2.6265907701701305,1.1402942862699728
86.0,152.0,1228.76220703125,-3.3754190069544627,1.517467829763773,1.7346186983903331,1.8797288042538325,0.7505533931048859,-1.3732888240079857,-1.0472943361763924,2.103836874642022,2.6265907701701305,1.1402942862699728
86.0,152.0,1228.76220703125,-3.3754190069544627,1.517467829763773,1.7346186983903331,1.8797288042538325,0.7505533931048859,-1.3732888240079857,-1.0472943361763924,2.1038394688499698,2.6265907701701305,1.1402942862699728
86.0,152.0,1228.76220703125,-3.3754190069544627,1.517467829763773,1.7346186983903331,1.8797288042538325,0.7505533931048859,-1.3732888240079857,-1.0472943361763924,2.1038394688499698,2.6265907701701305,1.1402942862699728
86.0,152.0,1228.76220703125,-3.3754190069544627,1.517467829763773,1.7346186983903331,1.8797288042538325,0.7505533931048859,-1.3732888240079857,-1.0472943361763924,2.103836874642022,2.6265907701701305,1.1402942862699728
86.0,152.0,1228.7696533203125,-3.3754190069544627,1.5174668117711465,1.7346219055697427,1.879704009906171,0.7499551182370656,-1.3732895271792696,-1.046457026056677,2.1034887071782107,2.626590782500989,1.1402942862699728
86.0,152.0,1228.814697265625,-3.375363008279549,1.523284337781206,1.7346226417753383,1.884093247705218,0.7507926411926948,-1.3732897086638651,-1.046302433096843,2.103841341479855,2.626590628596845,1.140295009262938
86.0,152.0,1228.8179931640625,-3.3753620110463345,1.5231294885179558,1.7346180747405138,1.8840021371919329,0.7508854422216055,-1.373289525046837,-1.0460846046007817,2.103503558686397,2.626590728973487,1.1402942968476022
86.0,152.0,1228.8189697265625,-3.375397647754495,1.5231294885179558,1.7346151297473256,1.8840021371919329,0.7508854422216055,-1.373289525046837,-1.0460846046007817,2.103503558686397,2.626590728973487,1.1402942968476022
86.0,152.0,1228.844482421875,-3.375361943902267,1.5169847310932365,1.7346217793336816,1.8841381604857808,0.7508390267110472,-1.3732888049340952,-1.0474185509537617,2.0954738067644336,2.6265883800328367,1.1402936494753892
86.0,152.0,1228.8460693359375,-3.3753955928995274,1.515775773206401,1.7346904851725709,1.882207200819845,0.7504054026362986,-1.3732896834110804,-1.0474185509537617,2.095468607825409,2.6265883800328367,1.1402936494753892
86.0,152.0,1228.8902587890625,-3.3751028512853343,1.5158763181027972,1.7347341410188677,1.884651914407415,0.750485816109375,-1.3732896995422348,-1.0774573617776722,2.103838014714276,2.6265907119988365,1.1402942556218758
86.0,152.0,1228.91650390625,-3.3753620110463345,1.517391884635146,1.734622015234151,1.884020285228473,0.7507903340189434,-1.373289525046837,-1.07738591729863,2.1034767130771703,2.62659062536623,1.1402949747609044
86.0,152.0,1228.91650390625,-3.3753620110463345,1.517391884635146,1.734622015234151,1.884020285228473,0.7507903340189434,-1.3732895461720596,-1.07738591729863,2.1034767130771703,2.626590625612659,1.1402949747609044
86.0,152.0,1228.91650390625,-3.3753620110463345,1.517391884635146,1.734622015234151,1.884020285228473,0.7507903340189434,-1.3732895465071326,-1.07738591729863,2.1034767130771703,2.626590625380613,1.1402949747609044
86.0,152.0,1228.91650390625,-3.3753620110463345,1.517391884635146,1.734622015234151,1.884020285228473,0.7507903340189434,-1.3732895247117645,-1.07738591729863,2.1034767130771703,2.626590625598276,1.1402949747609044
86.0,152.0,1228.916748046875,-3.3753620110463345,1.517391884635146,1.7346181260723574,1.884020285228473,0.7507903340189434,-1.373289525046837,-1.0774015272039663,2.103476438730793,2.626590628440811,1.1402942556218758
86.0,152.0,1228.922119140625,-3.375392060608774,1.5159868710341116,1.7347342539593646,1.884020285228473,0.7505533486963937,-1.373289703883101,-1.078241472548234,2.103476438730793,2.626590628268697,1.1402942556218758
86.0,152.0,1228.926025390625,-3.3753953778764,1.517391884635146,1.739842206598572,1.8822195964686743,0.7418630898081143,-1.373289525046837,-1.0769197883070911,2.103503558686397,2.6265896677125125,1.140293615903096
86.0,152.0,1228.927001953125,-3.375390680011266,1.517415035399703,1.7346218704840175,1.884013338735954,0.7426072659226576,-1.3732895215677934,-1.077405715904767,2.1036719840355937,2.6265907286046466,1.1402942678012429
86.0,152.0,1228.9281005859375,-3.375109966836935,1.517467829763773,1.7346186983903331,1.8811788706310035,0.7505351836357904,-1.3732888228528304,-1.0774020161804598,2.103839561108901,2.626590728973487,1.1402942863553351
86.0,152.0,1228.930419921875,-3.3753620110463345,1.517391884635146,1.7346219639023073,1.884020285228473,0.7420124945649496,-1.373289525046837,-1.0773864062751235,2.1035038330327747,2.626590725898906,1.140295005409001
86.0,152.0,1228.9306640625,-3.3753620110463345,1.517391884635146,1.7346180747405138,1.884020285228473,0.7420124945649496,-1.373289525046837,-1.0774020161804598,2.103503558686397,2.626590728973487,1.1402942862699728
86.0,152.0,1228.9306640625,-3.3753620110463345,1.517391884635146,1.7346180747405138,1.884020285228473,0.7420124945649496,-1.373289525046837,-1.0774020161804598,2.103503558686397,2.626590728973487,1.1402942862699728
86.0,152.0,1228.9306640625,-3.3753620110463345,1.517391884635146,1.7346180747405138,1.884020285228473,0.7420124945649496,-1.373289525046837,-1.0774020161804598,2.103503558686397,2.626590728973487,1.1402942862699728
86.0,152.0,1228.9317626953125,-3.375396187401204,1.517391884635146,1.7346180747405138,1.884020285228473,0.7420124945649496,-1.373289525046837,-1.0774020161804598,2.103503558686397,2.626590728973487,1.1402942862699728
86.0,152.0,1228.9317626953125,-3.375396187401204,1.517391884635146,1.7346180747405138,1.884020285228473,0.7420124945649496,-1.373289525046837,-1.0774020161804598,2.103503558686397,2.626590728973487,1.1402942862699728
86.0,152.0,1228.9327392578125,-3.375396187401204,1.5173929026277724,1.7346180747405138,1.884020285228473,0.741807234575626,-1.3732895070636586,-1.0774020161804598,2.103503558686397,2.626590728973487,1.1402942862699728
86.0,152.0,1228.941162109375,-3.3754190069544627,1.517467829763773,1.7346186983903331,1.879766211458036,0.7505533931048859,-1.3732888239857088,-1.0766796277369683,2.103839462480123,2.6265907701701305,1.1402942863586034
86.0,152.0,1228.9417724609375,-3.375109966836935,1.517467829763773,1.7346186983903331,1.8797288042538325,0.7505533931048859,-1.3732888240079857,-1.0774020161804598,2.1038394688499698,2.626590728973487,1.1402942862699728
86.0,152.0,1228.9466552734375,-3.375109966836935,1.517467829763773,1.7346186983903331,1.8796701366542123,0.7505533931048859,-1.3732894963939286,-1.0774020161804598,2.1035111012055654,2.626590728973487,1.1402942862699728
86.0,152.0,1228.9466552734375,-3.375109966836935,1.517467829763773,1.7346186983903331,1.8796701366542123,0.7505533931048859,-1.3732894963939286,-1.0774020161804598,2.1035111012055654,2.626590728973487,1.1402942862699728
86.0,152.0,1228.9481201171875,-3.375110068969315,1.517467829763773,1.7346219055697427,1.8797298673919087,0.7505541546640071,-1.373288827698498,-1.0781779334760508,2.1042623984422755,2.62659072944115,1.1402942862699728
86.0,152.0,1228.9483642578125,-3.3753955928995274,1.523227449355241,1.7346217793336816,1.882207200819845,0.7504054026362986,-1.3732888049340952,-1.0474185509537617,2.0954738067644336,2.6265883800328367,1.1402936494753892
86.0,153.0,1228.1708984375,-3.375425250034607,1.5179084214907663,1.7346186812598574,1.9558400180300952,0.7450763822612129,-1.3557098533253822,-1.0804595894030444,2.103839454592104,2.626589784140238,1.140293565615922
86.0,153.0,1228.181396484375,-3.375426852057772,1.5180321070015663,1.73461868140597,1.9558400180300952,0.7450763822612129,-1.3557098468482325,-1.0776070250621104,2.1038394546505432,2.626589694724025,1.1402935655842508
86.0,153.0,1228.1826171875,-3.375425309337756,1.5180321070015663,1.73461868140597,1.9558400180300952,0.7450763822612129,-1.3557098644661572,-1.0773512176478106,2.1038394546505432,2.626589694724025,1.1402935931254077
86.0,153.0,1228.1876220703125,-3.375425309337756,1.517467829763773,1.73461868140597,1.9558400180300952,0.7450763822612129,-1.3557098644661572,-1.0769052790951064,2.1038394688499698,2.626589694724025,1.140293625077746
86.0,153.0,1228.4744873046875,-3.375419399560232,1.5174668117711465,1.7346219055697427,1.8797288042538325,0.7507437591208522,-1.3560183340958618,-1.046457026056677,2.104269653045128,2.626590790574648,1.1402942862699728
86.0,153.0,1228.4969482421875,-3.3680942376382097,1.5174099636457523,1.7346186812654003,1.9558400180300952,0.750637520861219,-1.3560108384799183,-1.0474474664236173,2.103506306046668,2.626589694724025,1.14029424200541
86.0,153.0,1228.534423828125,-3.375403841314054,1.5180295410506714,1.734618673001372,1.9558400180300952,0.7499485048719231,-1.3571560205053863,-1.0498520066593326,2.103852366736356,2.626589694724025,1.140294351266221
86.0,153.0,1228.5582275390625,-3.375403841314054,1.5180321070015663,1.7346186812654003,1.9558400180300952,0.750637520861219,-1.3560108384799183,-1.0474474664236173,2.1038394546505432,2.626589694724025,1.1402942400977956
86.0,153.0,1228.58935546875,-3.375425309337756,1.5173166909484157,1.73461868140597,1.9558400180300952,0.7505212552011413,-1.3564613522083964,-1.0463403769330328,2.103839427723686,2.626590543711441,1.140293625077746
86.0,153.0,1228.591064453125,-3.375114754763428,1.523560289556513,1.7346186655111944,1.9558400180300952,0.7507321313457614,-1.3546597305650598,-1.0465700488932084,2.1038394688499698,2.62659899225388,1.140293565332068
86.0,153.0,1228.669677734375,-3.375110220748754,1.523560289556513,1.7346186655111944,1.878624700067835,0.7453802830056213,-1.355419219750064,-1.0464537461701038,2.103839470241506,2.62659899225388,1.140293565332068
86.0,153.0,1228.691162109375,-3.375110220748754,1.523560289556513,1.7346186655111944,1.9558400180300952,0.7450763822612129,-1.355419219750064,-1.044197538233821,2.1038394688499698,2.62659899225388,1.140293565332068
86.0,153.0,1228.699462890625,-3.375410951164474,1.523560289556513,1.7346186812598574,1.9558400180300952,0.7450763822612129,-1.35570842665156,-1.0440738191564372,2.1038394688499698,2.62659899225388,1.140293565332068
86.0,153.0,1228.70263671875,-3.375413582864924,1.523560289556513,1.7346180748740772,1.9558400180300952,0.7450763822612129,-1.35570842665156,-1.0439525119319362,2.1038394688499698,2.62659861671174,1.140293565332068
86.0,153.0,1228.70703125,-3.375392060608774,1.5158704651891473,1.7347342539593646,1.8846704145169284,0.750485816109375,-1.3732897039146676,-1.0467937793009447,2.103838014714276,2.62659056258874,1.1402942556218758
86.0,153.0,1228.710205078125,-3.375392060608774,1.5158704651891473,1.7347342539593646,1.8840262243491088,0.7499463823744329,-1.373289694483517,-1.0498703701061325,2.1035066732533343,2.626590564114367,1.1402942556218758
86.0,153.0,1228.7281494140625,-3.375395571694699,1.517417047437347,1.7346180747405138,1.884020285228473,0.7499473028076219,-1.373289525046837,-1.0497453462353283,2.103503558686397,2.626590601496364,1.1402943516832609
86.0,153.0,1228.728515625,-3.3753955928995274,1.515775773206401,1.7346268626747463,1.882207200819845,0.7504054026362986,-1.3732896834110804,-1.043933000306226,2.104228483784502,2.6265883800328367,1.140293565745405
86.0,153.0,1228.7293701171875,-3.375362807801359,1.517470201807217,1.734622015234151,1.8842336411504017,0.7507903340189434,-1.3732888087432291,-1.0478151536481262,2.1034767130771703,2.626590625612659,1.1402949747609044
86.0,153.0,1228.73779296875,-3.375403753832449,1.5178718947273817,1.734618673199714,1.8838512512000527,0.7504138674380787,-1.37328973234894,-1.046552366917857,2.103839470252259,2.62659065492166,1.1402942555197997
86.0,153.0,1228.751220703125,-3.3753991761603745,1.5174619768501232,1.7346188113308298,1.8811973707405167,0.7505351836357904,-1.3732888272252632,-1.0467384337037324,2.103839561108901,2.62659057956339,1.1402942863553351
86.0,153.0,1228.751220703125,-3.3753991761603745,1.5174619871176418,1.7346188113308298,1.8811973707405167,0.7505351836357904,-1.3732888238903818,-1.0467384337037324,2.103836747052842,2.62659057956339,1.1402942862703014
86.0,153.0,1228.75341796875,-3.3754190069544627,1.5174667250926748,1.7346222039967252,1.8811895522555249,0.7499551182370656,-1.3732895271792696,-1.046457026056677,2.103839133065262,2.62659078069272,1.1402942862699728
86.0,153.0,1228.75927734375,-3.3754190069544627,1.5174668117711465,1.7346219055697427,1.8797288042538325,0.7507594146533306,-1.3732888419911642,-1.046457026056677,2.1042692735300075,2.626590782500989,1.1402942862699728
86.0,153.0,1228.7593994140625,-3.3754190069544627,1.517467829763773,1.7346219055697427,1.8797288042538325,0.7505541546640071,-1.3732888240079857,-1.046457026056677,2.1042692735300075,2.626590782500989,1.1402942862699728
86.0,153.0,1228.76220703125,-3.3754190069544627,1.517467829763773,1.7346186983903331,1.8797288042538325,0.7505533931048859,-1.3732888240079857,-1.0472943361763924,2.1038394688499698,2.6265907701701305,1.1402942862699728
86.0,153.0,1228.76220703125,-3.3754190069544627,1.517467829763773,1.7346186983903331,1.8797288042538325,0.7505533931048859,-1.3732888240079857,-1.0472943361763924,2.103836874642022,2.6265907701701305,1.1402942862699728
86.0,153.0,1228.76220703125,-3.3754190069544627,1.517467829763773,1.7346186983903331,1.8797288042538325,0.7505533931048859,-1.3732888240079857,-1.0472943361763924,2.1038394688499698,2.6265907701701305,1.1402942862699728
86.0,153.0,1228.76220703125,-3.3754190069544627,1.517467829763773,1.7346186983903331,1.8797288042538325,0.7505533931048859,-1.3732888240079857,-1.0472943361763924,2.1038394688499698,2.6265907701701305,1.1402942862699728
86.0,153.0,1228.76220703125,-3.3754190069544627,1.517467829763773,1.7346186983903331,1.8797288042538325,0.7505533931048859,-1.3732888240079857,-1.0472943361763924,2.103836874642022,2.6265907701701305,1.1402942862699728
86.0,153.0,1228.76220703125,-3.3754190069544627,1.517443638739549,1.7346186983903331,1.879699953912357,0.7505533931048859,-1.3732888240079857,-1.0472943361763924,2.103837990513246,2.6265907701701305,1.1402942862699728
86.0,153.0,1228.7696533203125,-3.3754190069544627,1.5174668117711465,1.7346219055697427,1.879704009906171,0.7499551182370656,-1.3732895271792696,-1.046457026056677,2.1034887071782107,2.626590782500989,1.1402942862699728
86.0,153.0,1228.814697265625,-3.375363008279549,1.523284337781206,1.7346226417753383,1.884093247705218,0.7507926411926948,-1.3732897086638651,-1.046302433096843,2.103841341479855,2.626590628596845,1.140295009262938
86.0,153.0,1228.8179931640625,-3.3753620110463345,1.5231294885179558,1.7346180747405138,1.8840021371919329,0.7508854422216055,-1.373289525046837,-1.0460846046007817,2.103503558686397,2.626590728973487,1.1402942968476022
86.0,153.0,1228.8189697265625,-3.375397647754495,1.5231294885179558,1.7346151297473256,1.8840021371919329,0.7508854422216055,-1.373289525046837,-1.0460846046007817,2.103503558686397,2.626590728973487,1.1402942968476022
86.0,153.0,1228.844482421875,-3.375361943902267,1.5169847310932365,1.7346217793336816,1.8841381604857808,0.7508390267110472,-1.3732888049340952,-1.0474185509537617,2.0954738067644336,2.6265883800328367,1.1402936494753892
86.0,153.0,1228.8460693359375,-3.3753955928995274,1.515775773206401,1.7346904851725709,1.882207200819845,0.7504054026362986,-1.3732896834110804,-1.0474185509537617,2.095468607825409,2.6265883800328367,1.1402936494753892
86.0,153.0,1228.8714599609375,-3.375363008279549,1.523284337781206,1.7346226417753383,1.8781575328511264,0.7507926411926948,-1.3732897086638651,-1.0464554672702795,2.103839428958304,2.6265903556866568,1.1402935678268729
86.0,153.0,1228.8902587890625,-3.3751028512853343,1.5158763181027972,1.7347341410188677,1.884651914407415,0.750485816109375,-1.3732896995422348,-1.0774573617776722,2.103838014714276,2.6265907119988365,1.1402942556218758
86.0,153.0,1228.906005859375,-3.3753616835588627,1.5175381889036956,1.7346219639023073,1.8847295115505325,0.7501455780843397,-1.373289525046837,-1.0773864062751235,2.103867929747594,2.626590725898906,1.14029503781326
86.0,153.0,1228.91650390625,-3.3753620110463345,1.517391884635146,1.734622015234151,1.884020285228473,0.7507903340189434,-1.373289525046837,-1.07738591729863,2.1034767130771703,2.62659062536623,1.1402949747609044
86.0,153.0,1228.91650390625,-3.3753620110463345,1.517391884635146,1.734622015234151,1.884020285228473,0.7507903340189434,-1.3732895461720596,-1.07738591729863,2.1034767130771703,2.626590625612659,1.1402949747609044
86.0,153.0,1228.91650390625,-3.3753620110463345,1.517391884635146,1.734622015234151,1.884020285228473,0.7507903340189434,-1.3732895465071326,-1.07738591729863,2.1034767130771703,2.626590625380613,1.1402949747609044
86.0,153.0,1228.91650390625,-3.3753620110463345,1.517391884635146,1.734622015234151,1.884020285228473,0.7507903340189434,-1.3732895247117645,-1.07738591729863,2.1034767130771703,2.626590625598276,1.1402949747609044
86.0,153.0,1228.916748046875,-3.3753620110463345,1.517391884635146,1.7346181260723574,1.884020285228473,0.7507903340189434,-1.373289525046837,-1.0774015272039663,2.103476438730793,2.626590628440811,1.1402942556218758
86.0,153.0,1228.922119140625,-3.375392060608774,1.5159868710341116,1.7347342539593646,1.884020285228473,0.7505533486963937,-1.373289703883101,-1.078241472548234,2.103476438730793,2.626590628268697,1.1402942556218758
86.0,153.0,1228.926025390625,-3.3753953778764,1.517391884635146,1.739842206598572,1.8822195964686743,0.7418630898081143,-1.373289525046837,-1.0769197883070911,2.103503558686397,2.6265896677125125,1.140293615903096
86.0,153.0,1228.927001953125,-3.375390680011266,1.517415035399703,1.7346218704840175,1.884013338735954,0.7426072659226576,-1.3732895215677934,-1.077405715904767,2.1036719840355937,2.6265907286046466,1.1402942678012429
86.0,153.0,1228.9278564453125,-3.375418210199438,1.5173895125917016,1.7346219055697427,1.879515448331904,0.7505541546640071,-1.373289561436816,-1.0760277897071808,2.1042692735300075,2.626590782500989,1.1402942862699728
86.0,153.0,1228.9281005859375,-3.375109966836935,1.517467829763773,1.7346186983903331,1.8811788706310035,0.7505351836357904,-1.3732888228528304,-1.0774020161804598,2.103839561108901,2.626590728973487,1.1402942863553351
86.0,154.0,1228.1708984375,-3.375425250034607,1.5179084214907663,1.7346186812598574,1.9558400180300952,0.7450763822612129,-1.3557098533253822,-1.0804595894030444,2.103839454592104,2.626589784140238,1.140293565615922
86.0,154.0,1228.181396484375,-3.375426852057772,1.5180321070015663,1.73461868140597,1.9558400180300952,0.7450763822612129,-1.3557098468482325,-1.0776070250621104,2.1038394546505432,2.626589694724025,1.1402935655842508
86.0,154.0,1228.1826171875,-3.375425309337756,1.5180321070015663,1.73461868140597,1.9558400180300952,0.7450763822612129,-1.3557098644661572,-1.0773512176478106,2.1038394546505432,2.626589694724025,1.1402935931254077
86.0,154.0,1228.1876220703125,-3.375425309337756,1.517467829763773,1.73461868140597,1.9558400180300952,0.7450763822612129,-1.3557098644661572,-1.0769052790951064,2.1038394688499698,2.626589694724025,1.140293625077746
86.0,154.0,1228.194580078125,-3.375425309337756,1.5180321070015663,1.7346186814151023,1.9558400180300952,0.7450763822612129,-1.3559736035635024,-1.0773512176478106,2.1038383826866065,2.626589694724025,1.1402935931254077
86.0,154.0,1228.3983154296875,-3.375425309337756,1.5173166909484157,1.73461868140597,1.8843001906938897,0.7505212552011413,-1.3564613522083964,-1.0477053375306902,2.1034809975006925,2.626590547367358,1.1402936184770591
86.0,154.0,1228.4522705078125,-3.3753991761603745,1.5174619871176418,1.7346218780765723,1.8813238967977248,0.7507482572197317,-1.3562243663448632,-1.0464654542740863,2.1042567933364795,2.62659057956339,1.1402942862703014
86.0,154.0,1228.47265625,-3.3754190076805872,1.5174668117711465,1.7346219055697427,1.879729704386042,0.750717878267473,-1.356356572835416,-1.046457026056677,2.1042796438950355,2.626590782500989,1.1402942862699728
86.0,154.0,1228.4744873046875,-3.375419399560232,1.5174668117711465,1.7346219055697427,1.8797288042538325,0.7507437591208522,-1.3560183340958618,-1.046457026056677,2.104269653045128,2.626590790574648,1.1402942862699728
86.0,154.0,1228.4969482421875,-3.3680942376382097,1.5174099636457523,1.7346186812654003,1.9558400180300952,0.750637520861219,-1.3560108384799183,-1.0474474664236173,2.103506306046668,2.626589694724025,1.14029424200541
86.0,154.0,1228.534423828125,-3.375403841314054,1.5180295410506714,1.734618673001372,1.9558400180300952,0.7499485048719231,-1.3571560205053863,-1.0498520066593326,2.103852366736356,2.626589694724025,1.140294351266221
86.0,154.0,1228.5582275390625,-3.375403841314054,1.5180321070015663,1.7346186812654003,1.9558400180300952,0.750637520861219,-1.3560108384799183,-1.0474474664236173,2.1038394546505432,2.626589694724025,1.1402942400977956
86.0,154.0,1228.5606689453125,-3.3754190069544627,1.5174668117711465,1.7346219055697427,1.956397489031031,0.751188083625908,-1.35404767418557,-1.0462863363873771,2.1038387999403643,2.626590356694048,1.1402935654505195
86.0,154.0,1228.58935546875,-3.375425309337756,1.5173166909484157,1.73461868140597,1.9558400180300952,0.7505212552011413,-1.3564613522083964,-1.0463403769330328,2.103839427723686,2.626590543711441,1.140293625077746
86.0,154.0,1228.591064453125,-3.375114754763428,1.523560289556513,1.7346186655111944,1.9558400180300952,0.7507321313457614,-1.3546597305650598,-1.0465700488932084,2.1038394688499698,2.62659899225388,1.140293565332068
86.0,154.0,1228.62548828125,-3.375409721739483,1.523560289556513,1.7346186652690725,1.9558400180300952,0.745166225191539,-1.3546597305650598,-1.0465700488932084,2.1038394688499698,2.62659899225388,1.1402935652434023
86.0,154.0,1228.6531982421875,-3.375110220748754,1.523560289556513,1.7346186655111944,1.879665914722066,0.7453802830056213,-1.355074541952511,-1.0464538012671607,2.104275477236359,2.62659899225388,1.140293565332068
86.0,154.0,1228.657470703125,-3.375110220748754,1.523597108107592,1.7346186655111944,1.878624700067835,0.750683468266571,-1.355419219750064,-1.0472796551871986,2.103839470241506,2.62659899225388,1.140293565332068
86.0,154.0,1228.669677734375,-3.375110220748754,1.523560289556513,1.7346186655111944,1.878624700067835,0.7453802830056213,-1.355419219750064,-1.0464537461701038,2.103839470241506,2.62659899225388,1.140293565332068
86.0,154.0,1228.691162109375,-3.375110220748754,1.523560289556513,1.7346186655111944,1.9558400180300952,0.7450763822612129,-1.355419219750064,-1.044197538233821,2.1038394688499698,2.62659899225388,1.140293565332068
86.0,154.0,1228.6982421875,-3.3753641036873097,1.5180107463764982,1.734622015234151,1.884020285228473,0.7507903340189434,-1.3548408904454026,-1.1273196473678793,2.1034767130771703,2.626590610987477,1.1402949747609044
86.0,154.0,1228.699462890625,-3.375410951164474,1.523560289556513,1.7346186812598574,1.9558400180300952,0.7450763822612129,-1.35570842665156,-1.0440738191564372,2.1038394688499698,2.62659899225388,1.140293565332068
86.0,154.0,1228.70263671875,-3.375413582864924,1.523560289556513,1.7346180748740772,1.9558400180300952,0.7450763822612129,-1.35570842665156,-1.0439525119319362,2.1038394688499698,2.62659861671174,1.140293565332068
86.0,154.0,1228.70263671875,-3.375413582864924,1.523560289556513,1.7346180748740772,1.9558400180300952,0.7450763822612129,-1.35570842665156,-1.0439525119319362,2.1038394688499698,2.62659861671174,1.140293565332068
86.0,154.0,1228.70703125,-3.375392060608774,1.5158704651891473,1.7347342539593646,1.8846704145169284,0.750485816109375,-1.3732897039146676,-1.0467937793009447,2.103838014714276,2.62659056258874,1.1402942556218758
86.0,154.0,1228.710205078125,-3.375392060608774,1.5158704651891473,1.7347342539593646,1.8840262243491088,0.7499463823744329,-1.373289694483517,-1.0498703701061325,2.1035066732533343,2.626590564114367,1.1402942556218758
86.0,154.0,1228.7144775390625,-3.3753919449324794,1.5158677912097689,1.734734942810539,1.8840595029765617,0.7505351836357904,-1.3732888238903818,-1.0467384337037324,2.103515912263318,2.626590563937428,1.1402942862703014
86.0,154.0,1228.72412109375,-3.375395571694699,1.517417047437347,1.7346180747405138,1.884020285228473,0.7499473028076219,-1.373289525046837,-1.0497453462353283,2.103848442239356,2.6265907824351955,1.1402943458155643
86.0,154.0,1228.727294921875,-3.3754190069544627,1.517467829763773,1.734616491235688,1.8844978499417488,0.7505533931048859,-1.3732888240079857,-1.0470307404136885,2.103839553024504,2.6265907701701305,1.140294256185356
86.0,154.0,1228.7281494140625,-3.375395571694699,1.517417047437347,1.7346180747405138,1.884020285228473,0.7499473028076219,-1.373289525046837,-1.0497453462353283,2.103503558686397,2.626590601496364,1.1402943516832609
86.0,154.0,1228.728515625,-3.3753955928995274,1.515775773206401,1.7346268626747463,1.882207200819845,0.7504054026362986,-1.3732896834110804,-1.043933000306226,2.104228483784502,2.6265883800328367,1.140293565745405
86.0,154.0,1228.728759765625,-3.3753929048517946,1.5174799604440905,1.7346186983903331,1.8840789682568344,0.7505399178835752,-1.3732888625985915,-1.0472943361763924,2.1038394688499698,2.6265907701701305,1.1402942862699728
86.0,154.0,1228.7293701171875,-3.375362807801359,1.517470201807217,1.734622015234151,1.8842336411504017,0.7507903340189434,-1.3732888087432291,-1.0478151536481262,2.1034767130771703,2.626590625612659,1.1402949747609044
86.0,154.0,1228.73779296875,-3.375403753832449,1.5178718947273817,1.734618673199714,1.8838512512000527,0.7504138674380787,-1.37328973234894,-1.046552366917857,2.103839470252259,2.62659065492166,1.1402942555197997
86.0,154.0,1228.7420654296875,-3.375418162711443,1.51585833450883,1.7347342539593646,1.8796760603461065,0.7499598575957436,-1.373289655892911,-1.0498703701061325,2.1035066732533343,2.626590564114367,1.1402942556218758
86.0,154.0,1228.751220703125,-3.3753991761603745,1.5174619768501232,1.7346188113308298,1.8811973707405167,0.7505351836357904,-1.3732888272252632,-1.0467384337037324,2.103839561108901,2.62659057956339,1.1402942863553351
86.0,154.0,1228.751220703125,-3.3753991761603745,1.5174619871176418,1.7346188113308298,1.8811973707405167,0.7505351836357904,-1.3732888238903818,-1.0467384337037324,2.103836747052842,2.62659057956339,1.1402942862703014
86.0,154.0,1228.75341796875,-3.3754190069544627,1.5174667250926748,1.7346222039967252,1.8811895522555249,0.7499551182370656,-1.3732895271792696,-1.046457026056677,2.103839133065262,2.62659078069272,1.1402942862699728
86.0,154.0,1228.75927734375,-3.3754190069544627,1.5174668117711465,1.7346219055697427,1.8797288042538325,0.7507594146533306,-1.3732888419911642,-1.046457026056677,2.1042692735300075,2.626590782500989,1.1402942862699728
86.0,154.0,1228.7593994140625,-3.3754190069544627,1.517467829763773,1.7346219055697427,1.8797288042538325,0.7505541546640071,-1.3732888240079857,-1.046457026056677,2.1042692735300075,2.626590782500989,1.1402942862699728
86.0,154.0,1228.76220703125,-3.3754190069544627,1.517467829763773,1.7346186983903331,1.8797288042538325,0.7505533931048859,-1.3732888240079857,-1.0472943361763924,2.1038394688499698,2.6265907701701305,1.1402942862699728
86.0,154.0,1228.76220703125,-3.3754190069544627,1.517467829763773,1.7346186983903331,1.8797288042538325,0.7505533931048859,-1.3732888240079857,-1.0472943361763924,2.103836874642022,2.6265907701701305,1.1402942862699728
86.0,154.0,1228.76220703125,-3.3754190069544627,1.517467829763773,1.7346186983903331,1.8797288042538325,0.7505533931048859,-1.3732888240079857,-1.0472943361763924,2.1038394688499698,2.6265907701701305,1.1402942862699728
86.0,154.0,1228.76220703125,-3.3754190069544627,1.517467829763773,1.7346186983903331,1.8797288042538325,0.7505533931048859,-1.3732888240079857,-1.0472943361763924,2.1038394688499698,2.6265907701701305,1.1402942862699728
86.0,154.0,1228.76220703125,-3.3754190069544627,1.517467829763773,1.7346186983903331,1.8797288042538325,0.7505533931048859,-1.3732888240079857,-1.0472943361763924,2.103836874642022,2.6265907701701305,1.1402942862699728
86.0,154.0,1228.76220703125,-3.3754190069544627,1.517443638739549,1.7346186983903331,1.879699953912357,0.7505533931048859,-1.3732888240079857,-1.0472943361763924,2.103837990513246,2.6265907701701305,1.1402942862699728
86.0,154.0,1228.763671875,-3.3753991761603745,1.5174619768501232,1.734618698167968,1.8796626050319345,0.7505351836357904,-1.3732888272252632,-1.0467384337037324,2.103837982383425,2.6265907716190537,1.1402942862668044
86.0,154.0,1228.7696533203125,-3.3754190069544627,1.5174668117711465,1.7346219055697427,1.879704009906171,0.7499551182370656,-1.3732895271792696,-1.046457026056677,2.1034887071782107,2.626590782500989,1.1402942862699728
86.0,154.0,1228.791259765625,-3.375403841314054,1.51802477203953,1.7346216838003523,1.881638144766537,0.7500347097680824,-1.3742717816833168,-1.049897279494893,2.103852366736356,2.626589694724025,1.140294351266221
86.0,154.0,1228.814697265625,-3.375363008279549,1.523284337781206,1.7346226417753383,1.884093247705218,0.7507926411926948,-1.3732897086638651,-1.046302433096843,2.103841341479855,2.626590628596845,1.140295009262938
86.0,155.0,1228.107177734375,-3.3754190069544627,1.517467829763773,1.734618683142824,1.886537262576797,0.7505533931048859,-1.35730274548013,-1.079204002374211,2.1038394688499698,2.626589646718544,1.1402942862699728
86.0,155.0,1228.17041015625,-3.3754268101967773,1.5180321070015663,1.73461868140597,1.9558400180300952,0.7450763822612129,-1.3557098468482325,-1.080396092856167,2.103839454591348,2.626589694724025,1.1402935655842508
86.0,155.0,1228.1708984375,-3.375425250034607,1.5179084214907663,1.7346186812598574,1.9558400180300952,0.7450763822612129,-1.3557098533253822,-1.0804595894030444,2.103839454592104,2.626589784140238,1.140293565615922
86.0,155.0,1228.1754150390625,-3.375425309337756,1.5180267268314405,1.734621957819776,1.9558400180300952,0.7453396937756668,-1.3557098644661572,-1.0780126261222782,2.104227388382154,2.626589711274141,1.1402943249958737
86.0,155.0,1228.1781005859375,-3.375110220748754,1.5177703651988446,1.734618666790953,1.8784586908896013,0.745076272581145,-1.355975320850083,-1.076084555411873,2.103839470241506,2.626589701006692,1.1402935671076215
86.0,155.0,1228.181396484375,-3.375426852057772,1.5180321070015663,1.73461868140597,1.9558400180300952,0.7450763822612129,-1.3557098468482325,-1.0776070250621104,2.1038394546505432,2.626589694724025,1.1402935655842508
86.0,155.0,1228.1826171875,-3.375425309337756,1.5180321070015663,1.73461868140597,1.9558400180300952,0.7450763822612129,-1.3557098644661572,-1.0773512176478106,2.1038394546505432,2.626589694724025,1.1402935931254077
86.0,155.0,1228.1876220703125,-3.375425309337756,1.517467829763773,1.73461868140597,1.9558400180300952,0.7450763822612129,-1.3557098644661572,-1.0769052790951064,2.1038394688499698,2.626589694724025,1.140293625077746
86.0,155.0,1228.194580078125,-3.375425309337756,1.5180321070015663,1.7346186814151023,1.9558400180300952,0.7450763822612129,-1.3559736035635024,-1.0773512176478106,2.1038383826866065,2.626589694724025,1.1402935931254077
86.0,155.0,1228.376220703125,-3.3754623349225845,1.5174098219423573,1.7346180533461024,1.887108929524575,0.7499537428330793,-1.3561827193978329,-1.0474474664236173,2.103506306046668,2.626589694724025,1.14029424200541
86.0,155.0,1228.3902587890625,-3.375425309337756,1.5173166909484157,1.73461868140597,1.885001664215341,0.7505212552011413,-1.3564613522083964,-1.04771315442721,2.1034809975006925,2.626589714333823,1.1402936184770591
86.0,155.0,1228.3983154296875,-3.375425309337756,1.5173166909484157,1.73461868140597,1.8843001906938897,0.7505212552011413,-1.3564613522083964,-1.0477053375306902,2.1034809975006925,2.626590547367358,1.1402936184770591
86.0,155.0,1228.407470703125,-3.3754264096931577,1.5173165368594832,1.73461868140597,1.883823228736346,0.7505212552011413,-1.3553976493738078,-1.0477053375306902,2.1034809975006925,2.626590547367358,1.1402936184770591
86.0,155.0,1228.4522705078125,-3.3753991761603745,1.5174619871176418,1.7346218780765723,1.8813238967977248,0.7507482572197317,-1.3562243663448632,-1.0464654542740863,2.1042567933364795,2.62659057956339,1.1402942862703014
86.0,155.0,1228.4522705078125,-3.3753991761603745,1.5174619871176418,1.7346218780765723,1.8813238967977248,0.7507482572197317,-1.3562243663448632,-1.0464654542740863,2.1042567933364795,2.62659057956339,1.1402942862703014
86.0,155.0,1228.47265625,-3.3754190076805872,1.5174668117711465,1.7346219055697427,1.879729704386042,0.750717878267473,-1.356356572835416,-1.046457026056677,2.1042796438950355,2.626590782500989,1.1402942862699728
86.0,155.0,1228.4727783203125,-3.375419399560232,1.5174668117711465,1.7346219055697427,1.8797288042538325,0.7507192536459457,-1.356353368649335,-1.046457026056677,2.104269653045128,2.626590790574648,1.1402942862699728
86.0,155.0,1228.4744873046875,-3.375419399560232,1.5174668117711465,1.7346219055697427,1.8797288042538325,0.7507437591208522,-1.3560183340958618,-1.046457026056677,2.104269653045128,2.626590790574648,1.1402942862699728
86.0,155.0,1228.4969482421875,-3.3680942376382097,1.5174099636457523,1.7346186812654003,1.9558400180300952,0.750637520861219,-1.3560108384799183,-1.0474474664236173,2.103506306046668,2.626589694724025,1.14029424200541
86.0,155.0,1228.534423828125,-3.375403841314054,1.5180295410506714,1.734618673001372,1.9558400180300952,0.7499485048719231,-1.3571560205053863,-1.0498520066593326,2.103852366736356,2.626589694724025,1.140294351266221
86.0,155.0,1228.5543212890625,-3.375403841314054,1.5234602103311443,1.734618672783187,1.9558400180300952,0.7498413754664232,-1.3571560205053863,-1.0498520066593326,2.103852366736356,2.626589694724025,1.1402943663311342
86.0,155.0,1228.5582275390625,-3.375403841314054,1.5180321070015663,1.7346186812654003,1.9558400180300952,0.750637520861219,-1.3560108384799183,-1.0474474664236173,2.1038394546505432,2.626589694724025,1.1402942400977956
86.0,155.0,1228.5606689453125,-3.3754190069544627,1.5174668117711465,1.7346219055697427,1.956397489031031,0.751188083625908,-1.35404767418557,-1.0462863363873771,2.1038387999403643,2.626590356694048,1.1402935654505195
86.0,155.0,1228.560791015625,-3.3754190069544627,1.5174668117711465,1.7346219634701836,1.956397489031031,0.751188083625908,-1.3540528833383072,-1.0462863363873771,2.1038387999403643,2.626590356694048,1.140293565449908
86.0,155.0,1228.58935546875,-3.375425309337756,1.5173166909484157,1.73461868140597,1.9558400180300952,0.7505212552011413,-1.3564613522083964,-1.0463403769330328,2.103839427723686,2.626590543711441,1.140293625077746
86.0,155.0,1228.591064453125,-3.375114754763428,1.523560289556513,1.7346186655111944,1.9558400180300952,0.7507321313457614,-1.3546597305650598,-1.0465700488932084,2.1038394688499698,2.62659899225388,1.140293565332068
86.0,155.0,1228.62548828125,-3.375409721739483,1.523560289556513,1.7346186652690725,1.9558400180300952,0.745166225191539,-1.3546597305650598,-1.0465700488932084,2.1038394688499698,2.62659899225388,1.1402935652434023
86.0,155.0,1228.62548828125,-3.375409721739483,1.523560289556513,1.7346186073686318,1.9558400180300952,0.745166225191539,-1.354654521412323,-1.0465700488932084,2.1038394688499698,2.62659899225388,1.140293565244014
86.0,155.0,1228.63623046875,-3.375117257867736,1.5233922478932274,1.7346222092773886,1.881005709324384,0.7453802830056213,-1.3548470338479393,-1.0464537461701038,2.103839476515117,2.6265989722752825,1.140294257372533
86.0,155.0,1228.6531982421875,-3.375110220748754,1.523560289556513,1.7346186655111944,1.879665914722066,0.7453802830056213,-1.355074541952511,-1.0464538012671607,2.104275477236359,2.62659899225388,1.140293565332068
86.0,155.0,1228.657470703125,-3.375110220748754,1.523597108107592,1.7346186655111944,1.878624700067835,0.750683468266571,-1.355419219750064,-1.0472796551871986,2.103839470241506,2.62659899225388,1.140293565332068
86.0,155.0,1228.669677734375,-3.375110220748754,1.523560289556513,1.7346186655111944,1.878624700067835,0.7453802830056213,-1.355419219750064,-1.0464537461701038,2.103839470241506,2.62659899225388,1.140293565332068
86.0,155.0,1228.6807861328125,-3.375411964913732,1.5178234295182662,1.7346180748740772,1.9558400180300952,0.7450763822612129,-1.3557098235231515,-1.0439525119319362,2.1038394676696406,2.62659861671174,1.1402935653373485
86.0,155.0,1228.691162109375,-3.375110220748754,1.523560289556513,1.7346186655111944,1.9558400180300952,0.7450763822612129,-1.355419219750064,-1.044197538233821,2.1038394688499698,2.62659899225388,1.140293565332068
86.0,155.0,1228.6912841796875,-3.375110370461141,1.523560289556513,1.734618669903039,1.9558400180300952,0.7450763822612129,-1.3554243867656468,-1.044197538233821,2.1038394688499698,2.626599044499821,1.140293565332068
86.0,155.0,1228.6982421875,-3.3753641036873097,1.5180107463764982,1.734622015234151,1.884020285228473,0.7507903340189434,-1.3548408904454026,-1.1273196473678793,2.1034767130771703,2.626590610987477,1.1402949747609044
86.0,155.0,1228.699462890625,-3.375410951164474,1.523560289556513,1.7346186812598574,1.9558400180300952,0.7450763822612129,-1.35570842665156,-1.0440738191564372,2.1038394688499698,2.62659899225388,1.140293565332068
86.0,155.0,1228.70263671875,-3.375413582864924,1.523560289556513,1.7346180748740772,1.9558400180300952,0.7450763822612129,-1.35570842665156,-1.0439525119319362,2.1038394688499698,2.62659861671174,1.140293565332068
86.0,155.0,1228.70263671875,-3.375413582864924,1.523560289556513,1.7346180748740772,1.9558400180300952,0.7450763822612129,-1.35570842665156,-1.0439525119319362,2.1038394688499698,2.62659861671174,1.140293565332068
86.0,155.0,1228.70703125,-3.375392060608774,1.5158704651891473,1.7347342539593646,1.8846704145169284,0.750485816109375,-1.3732897039146676,-1.0467937793009447,2.103838014714276,2.62659056258874,1.1402942556218758
86.0,155.0,1228.710205078125,-3.375392060608774,1.5158704651891473,1.7347342539593646,1.8840262243491088,0.7499463823744329,-1.373289694483517,-1.0498703701061325,2.1035066732533343,2.626590564114367,1.1402942556218758
86.0,155.0,1228.7144775390625,-3.3753919449324794,1.5158677912097689,1.734734942810539,1.8840595029765617,0.7505351836357904,-1.3732888238903818,-1.0467384337037324,2.103515912263318,2.626590563937428,1.1402942862703014
86.0,155.0,1228.72412109375,-3.375395571694699,1.517417047437347,1.7346180747405138,1.884020285228473,0.7499473028076219,-1.373289525046837,-1.0497453462353283,2.103848442239356,2.6265907824351955,1.1402943458155643
86.0,155.0,1228.727294921875,-3.3754190069544627,1.517467829763773,1.734616491235688,1.8844978499417488,0.7505533931048859,-1.3732888240079857,-1.0470307404136885,2.103839553024504,2.6265907701701305,1.140294256185356
86.0,155.0,1228.7281494140625,-3.375395571694699,1.517417047437347,1.7346180747405138,1.884020285228473,0.7499473028076219,-1.373289525046837,-1.0497453462353283,2.103503558686397,2.626590601496364,1.1402943516832609
86.0,155.0,1228.728515625,-3.3753955928995274,1.515775773206401,1.7346268626747463,1.882207200819845,0.7504054026362986,-1.3732896834110804,-1.043933000306226,2.104228483784502,2.6265883800328367,1.140293565745405
86.0,155.0,1228.728515625,-3.3753955928995274,1.515775773206401,1.7346268626747463,1.882207200819845,0.7504054026362986,-1.3732896834110804,-1.043933000306226,2.104228483784502,2.6265883800328367,1.140293565745405
86.0,155.0,1228.728759765625,-3.3753929048517946,1.5174799604440905,1.7346186983903331,1.8840789682568344,0.7505399178835752,-1.3732888625985915,-1.0472943361763924,2.1038394688499698,2.6265907701701305,1.1402942862699728
86.0,155.0,1228.7293701171875,-3.375362807801359,1.517470201807217,1.734622015234151,1.8842336411504017,0.7507903340189434,-1.3732888087432291,-1.0478151536481262,2.1034767130771703,2.626590625612659,1.1402949747609044
86.0,155.0,1228.7327880859375,-3.375403753832449,1.5174676317632398,1.7346187084759712,1.8838512512000527,0.7504138674380787,-1.3732898006525225,-1.046552366917857,2.103839554567554,2.62659065998817,1.140294255499115
86.0,156.0,1228.078857421875,-3.3682787622146315,1.5180359387873317,1.73461868140597,1.9558400180300952,0.7450763822612129,-1.3557098468482325,-1.080396092856167,2.103839454591348,2.626589694724025,1.1402935655842508
86.0,156.0,1228.10693359375,-3.3754252583485846,1.517467829763773,1.7346186813045572,1.886537262576797,0.7505533931048859,-1.3572917071879331,-1.079204002374211,2.103839454095153,2.626589649973217,1.1402942862699728
86.0,156.0,1228.107177734375,-3.3754190069544627,1.517467829763773,1.734618683142824,1.886537262576797,0.7505533931048859,-1.35730274548013,-1.079204002374211,2.1038394688499698,2.626589646718544,1.1402942862699728
86.0,156.0,1228.107421875,-3.3531296350894766,1.5180317695607184,1.7346186814089135,1.8939580864934404,0.7505155327637073,-1.3560108384799183,-1.0474474664236173,2.103839469406932,2.626589694724025,1.1402942068406632
86.0,156.0,1228.1595458984375,-3.375409721739483,1.523560289556513,1.7346186073686318,1.9558400180300952,0.7451833565703673,-1.3557102591371828,-1.078684346515632,2.1038394688499698,2.6265898346218024,1.1402935447008284
86.0,156.0,1228.17041015625,-3.3754268101967773,1.5180321070015663,1.73461868140597,1.9558400180300952,0.7450763822612129,-1.3557098468482325,-1.080396092856167,2.103839454591348,2.626589694724025,1.1402935655842508
86.0,156.0,1228.1708984375,-3.375425250034607,1.5179084214907663,1.7346186812598574,1.9558400180300952,0.7450763822612129,-1.3557098533253822,-1.0804595894030444,2.103839454592104,2.626589784140238,1.140293565615922
86.0,156.0,1228.1754150390625,-3.375425309337756,1.5180267268314405,1.734621957819776,1.9558400180300952,0.7453396937756668,-1.3557098644661572,-1.0780126261222782,2.104227388382154,2.626589711274141,1.1402943249958737
86.0,156.0,1228.1781005859375,-3.375110220748754,1.5177703651988446,1.734618666790953,1.8784586908896013,0.745076272581145,-1.355975320850083,-1.076084555411873,2.103839470241506,2.626589701006692,1.1402935671076215
86.0,156.0,1228.181396484375,-3.375426852057772,1.5180321070015663,1.73461868140597,1.9558400180300952,0.7450763822612129,-1.3557098468482325,-1.0776070250621104,2.1038394546505432,2.626589694724025,1.1402935655842508
86.0,156.0,1228.181396484375,-3.3754252604775163,1.5180321070015663,1.7346186814041469,1.9558400180300952,0.7450763822612129,-1.3557098468482325,-1.0776070250621104,2.1038394546505432,2.6265897831086145,1.140293565614352
86.0,156.0,1228.1826171875,-3.375425309337756,1.5180321070015663,1.73461868140597,1.9558400180300952,0.7450763822612129,-1.3557098644661572,-1.0773512176478106,2.1038394546505432,2.626589694724025,1.1402935931254077
86.0,156.0,1228.186767578125,-3.375425309337756,1.5174681672046209,1.7346186812624569,1.9558400180300952,0.7451983703587245,-1.3557098644661572,-1.0769052790951064,2.103839454093581,2.626589694724025,1.1402936583348784
86.0,156.0,1228.1876220703125,-3.375425309337756,1.517467829763773,1.73461868140597,1.9558400180300952,0.7450763822612129,-1.3557098644661572,-1.0769052790951064,2.1038394688499698,2.626589694724025,1.140293625077746
86.0,156.0,1228.193359375,-3.375425309337756,1.5180321070015663,1.7346186814151023,1.9558400180300952,0.7450761322402364,-1.3559474143131065,-1.0773512176478106,2.103838348156444,2.626589694724025,1.1402935931254077
86.0,156.0,1228.194580078125,-3.375425309337756,1.5180321070015663,1.7346186814151023,1.9558400180300952,0.7450763822612129,-1.3559736035635024,-1.0773512176478106,2.1038383826866065,2.626589694724025,1.1402935931254077
86.0,156.0,1228.376220703125,-3.3754623349225845,1.5174098219423573,1.7346180533461024,1.887108929524575,0.7499537428330793,-1.3561827193978329,-1.0474474664236173,2.103506306046668,2.626589694724025,1.14029424200541
86.0,156.0,1228.3902587890625,-3.375425309337756,1.5173166909484157,1.73461868140597,1.885001664215341,0.7505212552011413,-1.3564613522083964,-1.04771315442721,2.1034809975006925,2.626589714333823,1.1402936184770591
86.0,156.0,1228.398193359375,-3.375425309337756,1.5173166909484157,1.7346186814093452,1.8843001906938897,0.750521529696548,-1.3564613522083964,-1.0477053375306902,2.1034809975006925,2.626589626139919,1.1402943030868011
86.0,156.0,1228.3983154296875,-3.375425309337756,1.5173166909484157,1.73461868140597,1.8843001906938897,0.7505212552011413,-1.3564613522083964,-1.0477053375306902,2.1034809975006925,2.626590547367358,1.1402936184770591
86.0,156.0,1228.407470703125,-3.3754264096931577,1.5173165368594832,1.73461868140597,1.883823228736346,0.7505212552011413,-1.3553976493738078,-1.0477053375306902,2.1034809975006925,2.626590547367358,1.1402936184770591
86.0,156.0,1228.4522705078125,-3.3753991761603745,1.5174619871176418,1.7346218780765723,1.8813238967977248,0.7507482572197317,-1.3562243663448632,-1.0464654542740863,2.1042567933364795,2.62659057956339,1.1402942862703014
86.0,156.0,1228.4522705078125,-3.3753991761603745,1.5174619871176418,1.7346218780765723,1.8813238967977248,0.7507482572197317,-1.3562243663448632,-1.0464654542740863,2.1042567933364795,2.62659057956339,1.1402942862703014
86.0,156.0,1228.4725341796875,-3.375398013123029,1.517466851655512,1.7346219055697427,1.8797288042538325,0.7507192536459457,-1.356346992429729,-1.046457026056677,2.1042565694860857,2.6265907907965333,1.1402942862699728
86.0,156.0,1228.47265625,-3.3754190076805872,1.5174668117711465,1.7346219055697427,1.879729704386042,0.750717878267473,-1.356356572835416,-1.046457026056677,2.1042796438950355,2.626590782500989,1.1402942862699728
86.0,156.0,1228.4727783203125,-3.375419399560232,1.5174668117711465,1.7346219055697427,1.8797288042538325,0.7507192536459457,-1.356353368649335,-1.046457026056677,2.104269653045128,2.626590790574648,1.1402942862699728
86.0,156.0,1228.4744873046875,-3.375419399560232,1.5174668117711465,1.7346219055697427,1.8797288042538325,0.7507437591208522,-1.3560183340958618,-1.046457026056677,2.104269653045128,2.626590790574648,1.1402942862699728
86.0,156.0,1228.4744873046875,-3.375419399560232,1.5174668117711465,1.7346219055697427,1.8797288042538325,0.7507437591208522,-1.3560183340958618,-1.046457026056677,2.104269653045128,2.626590790574648,1.1402942862699728
86.0,156.0,1228.49072265625,-3.375396244544566,1.5178684027886942,1.7346222092773886,1.881005709324384,0.7453802830056213,-1.3548470338479393,-1.0464537461701038,2.103839476515117,2.6265908051829268,1.140294257372533
86.0,156.0,1228.4969482421875,-3.3680942376382097,1.5174099636457523,1.7346186812654003,1.9558400180300952,0.750637520861219,-1.3560108384799183,-1.0474474664236173,2.103506306046668,2.626589694724025,1.14029424200541
86.0,156.0,1228.534423828125,-3.375403841314054,1.5180295410506714,1.734618673001372,1.9558400180300952,0.7499485048719231,-1.3571560205053863,-1.0498520066593326,2.103852366736356,2.626589694724025,1.140294351266221
86.0,156.0,1228.5543212890625,-3.375403841314054,1.5234602103311443,1.734618672783187,1.9558400180300952,0.7498413754664232,-1.3571560205053863,-1.0498520066593326,2.103852366736356,2.626589694724025,1.1402943663311342
86.0,156.0,1228.5545654296875,-3.375403841314054,1.5234602103311443,1.734618672783187,1.9558400180300952,0.7497904538104758,-1.3571560205053863,-1.0498520066593326,2.103852366736356,2.6265896941919404,1.1402943663311342
86.0,156.0,1228.55615234375,-3.3752422856203554,1.5174061318599874,1.7346186812654003,1.9558400180300952,0.750637520861219,-1.3560108384799183,-1.0474474664236173,2.103506306046668,2.626589694724025,1.14029424200541
86.0,156.0,1228.5582275390625,-3.375403841314054,1.5180321070015663,1.7346186812654003,1.9558400180300952,0.750637520861219,-1.3560108384799183,-1.0474474664236173,2.1038394546505432,2.626589694724025,1.1402942400977956
86.0,156.0,1228.5606689453125,-3.3754190069544627,1.5174668117711465,1.7346219055697427,1.956397489031031,0.751188083625908,-1.35404767418557,-1.0462863363873771,2.1038387999403643,2.626590356694048,1.1402935654505195
86.0,156.0,1228.560791015625,-3.3754190069544627,1.5174668117711465,1.7346219634701836,1.956397489031031,0.751188083625908,-1.3540528833383072,-1.0462863363873771,2.1038387999403643,2.626590356694048,1.140293565449908
86.0,156.0,1228.58935546875,-3.375425309337756,1.5173166909484157,1.73461868140597,1.9558400180300952,0.7505212552011413,-1.3564613522083964,-1.0463403769330328,2.103839427723686,2.626590543711441,1.140293625077746
86.0,156.0,1228.591064453125,-3.375114754763428,1.523560289556513,1.7346186655111944,1.9558400180300952,0.7507321313457614,-1.3546597305650598,-1.0465700488932084,2.1038394688499698,2.62659899225388,1.140293565332068
86.0,156.0,1228.591064453125,-3.375114754763428,1.523560289556513,1.7346186655111944,1.9558400180300952,0.7507321313457614,-1.3546597305650598,-1.0465700488932084,2.1038394688499698,2.62659899225388,1.140293565332068
86.0,156.0,1228.594482421875,-3.375140020277632,1.5229906568756797,1.7346219055697427,1.956397489031031,0.751188083625908,-1.35404767418557,-1.0462863363873771,2.1038387999403643,2.626598523786404,1.1402935654505195
86.0,156.0,1228.6033935546875,-3.375114479191795,1.5234602103311443,1.734618672783187,1.9558400180300952,0.7498628930264936,-1.3548608975223069,-1.0462512233986252,2.103852366736356,2.6265991007733853,1.1402943663311342
86.0,156.0,1228.615478515625,-3.375425309337756,1.5180267268314405,1.734621957819776,1.9558400180300952,0.7453225623968384,-1.3546541267412968,-1.0458983284998544,2.104227388382154,2.626598868906219,1.1402943455390593
86.0,156.0,1228.62548828125,-3.375409721739483,1.523560289556513,1.7346186652690725,1.9558400180300952,0.745166225191539,-1.3546597305650598,-1.0465700488932084,2.1038394688499698,2.62659899225388,1.1402935652434023
86.0,156.0,1228.62548828125,-3.375409721739483,1.523560289556513,1.7346186073686318,1.9558400180300952,0.745166225191539,-1.354654521412323,-1.0465700488932084,2.1038394688499698,2.62659899225388,1.140293565244014
86.0,156.0,1228.625732421875,-3.375409721739483,1.523560289556513,1.7346186652690725,1.9558400180300952,0.7451664752125156,-1.3546859198154555,-1.0465700488932084,2.1038395033801325,2.62659899225388,1.1402935652434023
86.0,156.0,1228.6322021484375,-3.3754268101967773,1.5180399995208216,1.73461868140597,1.9526647849755188,0.7450858627964511,-1.3557098468482325,-1.08104440337485,2.0741447219095126,2.62658969424906,1.1402936134578128
86.0,156.0,1228.63623046875,-3.375117257867736,1.5233922478932274,1.7346222092773886,1.881005709324384,0.7453802830056213,-1.3548470338479393,-1.0464537461701038,2.103839476515117,2.6265989722752825,1.140294257372533
86.0,156.0,1228.6531982421875,-3.375110220748754,1.523560289556513,1.7346186655111944,1.879665914722066,0.7453802830056213,-1.355074541952511,-1.0464538012671607,2.104275477236359,2.62659899225388,1.140293565332068
86.0,156.0,1228.657470703125,-3.375110220748754,1.523597108107592,1.7346186655111944,1.878624700067835,0.750683468266571,-1.355419219750064,-1.0472796551871986,2.103839470241506,2.62659899225388,1.140293565332068
86.0,157.0,1228.0455322265625,-3.3682787622146315,1.5175427154597043,1.73461868140597,1.8768178886038285,0.7450763822612129,-1.3563367502394212,-1.0774855958862664,2.103839454591348,2.626589694724025,1.1402935655842508
86.0,157.0,1228.0556640625,-3.3754264096931577,1.5173165368594832,1.73461868323163,1.886577029138262,0.7505212552011413,-1.3553976493738078,-1.0789697364839104,2.1034809975006925,2.626590547367358,1.1402936184770591
86.0,157.0,1228.078857421875,-3.3682787622146315,1.5180359387873317,1.73461868140597,1.9558400180300952,0.7450763822612129,-1.3557098468482325,-1.080396092856167,2.103839454591348,2.626589694724025,1.1402935655842508
86.0,157.0,1228.085693359375,-3.367949297180618,1.5180359387873317,1.734618686961914,1.9558400180300952,0.7450876408529131,-1.355709847328951,-1.0780210638449037,2.1042581722031706,2.626589694724025,1.1402935655842508
86.0,157.0,1228.0919189453125,-3.3531296350894766,1.5180317695607184,1.7346186814089135,1.89776240802496,0.7505155327637073,-1.356022747710944,-1.0474474664236173,2.103839469406932,2.626589694724025,1.140294242965746
86.0,157.0,1228.10693359375,-3.3754252583485846,1.517467829763773,1.7346186813045572,1.886537262576797,0.7505533931048859,-1.3572917071879331,-1.079204002374211,2.103839454095153,2.626589649973217,1.1402942862699728
86.0,157.0,1228.107177734375,-3.3754190069544627,1.517467829763773,1.734618683142824,1.886537262576797,0.7505533931048859,-1.35730274548013,-1.079204002374211,2.1038394688499698,2.626589646718544,1.1402942862699728
86.0,157.0,1228.107421875,-3.3531296350894766,1.5180317695607184,1.7346186814089135,1.8939580864934404,0.7505155327637073,-1.3560108384799183,-1.0474474664236173,2.103839469406932,2.626589694724025,1.1402942068406632
86.0,157.0,1228.113037109375,-3.375425309337756,1.517328018952676,1.73461868140597,1.8843001906938897,0.7505212552011413,-1.3564873845094754,-1.0785697462335448,2.1034809975006925,2.626589790265476,1.1402936184770591
86.0,157.0,1228.141357421875,-3.3754252583485846,1.5174299748933215,1.7346186813045572,1.883685672508376,0.7505533931048859,-1.3572917071879331,-1.079204002374211,2.103839454095153,2.6265896440118146,1.1402942862699728
86.0,157.0,1228.1595458984375,-3.375409721739483,1.523560289556513,1.7346186073686318,1.9558400180300952,0.7451833565703673,-1.3557102591371828,-1.078684346515632,2.1038394688499698,2.6265898346218024,1.1402935447008284
86.0,157.0,1228.1624755859375,-3.37541940413148,1.5174668117711465,1.7346219055697427,1.8797255549153773,0.7507437591208522,-1.3560183340958618,-1.0797490619686552,2.103846556388069,2.626589557103559,1.1402942862699728
86.0,157.0,1228.17041015625,-3.3754268101967773,1.5180321070015663,1.73461868140597,1.9558400180300952,0.7450763822612129,-1.3557098468482325,-1.080396092856167,2.103839454591348,2.626589694724025,1.1402935655842508
86.0,157.0,1228.1708984375,-3.375425250034607,1.5179084214907663,1.7346186812598574,1.9558400180300952,0.7450763822612129,-1.3557098533253822,-1.0804595894030444,2.103839454592104,2.626589784140238,1.140293565615922
86.0,157.0,1228.1754150390625,-3.375425309337756,1.5180267268314405,1.734621957819776,1.9558400180300952,0.7453396937756668,-1.3557098644661572,-1.0780126261222782,2.104227388382154,2.626589711274141,1.1402943249958737
86.0,157.0,1228.1781005859375,-3.375110220748754,1.5177703651988446,1.734618666790953,1.8784586908896013,0.745076272581145,-1.355975320850083,-1.076084555411873,2.103839470241506,2.626589701006692,1.1402935671076215
86.0,157.0,1228.1798095703125,-3.375110220748754,1.5177703651988446,1.734618666790953,1.878342677407844,0.7450762698968796,-1.355975320850083,-1.076107433171461,2.103839470241506,2.626589700992757,1.1402935671076215
86.0,157.0,1228.181396484375,-3.375426852057772,1.5180321070015663,1.73461868140597,1.9558400180300952,0.7450763822612129,-1.3557098468482325,-1.0776070250621104,2.1038394546505432,2.626589694724025,1.1402935655842508
86.0,157.0,1228.181396484375,-3.3754252604775163,1.5180321070015663,1.7346186814041469,1.9558400180300952,0.7450763822612129,-1.3557098468482325,-1.0776070250621104,2.1038394546505432,2.6265897831086145,1.140293565614352
86.0,157.0,1228.1826171875,-3.375425309337756,1.5180321070015663,1.73461868140597,1.9558400180300952,0.7450763822612129,-1.3557098644661572,-1.0773512176478106,2.1038394546505432,2.626589694724025,1.1402935931254077
86.0,157.0,1228.185302734375,-3.375425309337756,1.517467829763773,1.7346216048015737,1.9558400180300952,0.7451533232298208,-1.3557222223043734,-1.0769052790951064,2.104259592688832,2.6265897163403,1.140293625077746
86.0,157.0,1228.186767578125,-3.375425309337756,1.5174681672046209,1.7346186812624569,1.9558400180300952,0.7451983703587245,-1.3557098644661572,-1.0769052790951064,2.103839454093581,2.626589694724025,1.1402936583348784
86.0,157.0,1228.1876220703125,-3.375425309337756,1.517467829763773,1.73461868140597,1.9558400180300952,0.7450763822612129,-1.3557098644661572,-1.0769052790951064,2.1038394688499698,2.626589694724025,1.140293625077746
86.0,157.0,1228.189453125,-3.375425309337756,1.517467829763773,1.73461868140597,1.9559560315118525,0.7450763849454782,-1.3557098644661572,-1.0768824013355185,2.1038394688499698,2.62658969473796,1.140293625077746
86.0,157.0,1228.193359375,-3.375425309337756,1.5180321070015663,1.7346186814151023,1.9558400180300952,0.7450761322402364,-1.3559474143131065,-1.0773512176478106,2.103838348156444,2.626589694724025,1.1402935931254077
86.0,157.0,1228.194580078125,-3.375425309337756,1.5180321070015663,1.7346186814151023,1.9558400180300952,0.7450763822612129,-1.3559736035635024,-1.0773512176478106,2.1038383826866065,2.626589694724025,1.1402935931254077
86.0,157.0,1228.2314453125,-3.375425315864838,1.5174668117711465,1.7346219055697427,1.8753633523689164,0.7507437591208522,-1.3560183340958618,-1.0793653396440033,2.103835381524944,2.626590790574648,1.1402942862699728
86.0,157.0,1228.276611328125,-3.375409721739483,1.523560289556513,1.7346186469519804,1.879687274034271,0.7451833565703673,-1.3557102591371828,-1.078684346515632,2.103840191031565,2.6265898346218024,1.140293540526709
86.0,157.0,1228.3023681640625,-3.3754194097635413,1.5179657921722212,1.7346186373766777,1.9617301813802213,0.7452748187494618,-1.356360642332051,-1.0776070250621104,2.1038394546505432,2.6265897831086145,1.1402942847147353
86.0,157.0,1228.3470458984375,-3.375419399560232,1.5174668117711465,1.7346219657349595,1.8797288042538325,0.7498825876773335,-1.3563584614859787,-1.054262545285014,2.1038370051417816,2.6265896932542883,1.1402942862699728
86.0,157.0,1228.3677978515625,-3.375144181342743,1.5174098219423573,1.734618675053998,1.8870997614123568,0.7498039776957739,-1.3559842866202054,-1.0473887721559365,2.1038305540664344,2.626589700761526,1.140294210953989
86.0,157.0,1228.376220703125,-3.3754623349225845,1.5174098219423573,1.7346180533461024,1.887108929524575,0.7499537428330793,-1.3561827193978329,-1.0474474664236173,2.103506306046668,2.626589694724025,1.14029424200541
86.0,157.0,1228.3902587890625,-3.375425309337756,1.5173166909484157,1.73461868140597,1.885001664215341,0.7505212552011413,-1.3564613522083964,-1.04771315442721,2.1034809975006925,2.626589714333823,1.1402936184770591
86.0,157.0,1228.3936767578125,-3.37542496934812,1.5173166909484157,1.73461868140597,1.884690559245248,0.7505212552011413,-1.356402308755614,-1.0477189843433166,2.1034809975006925,2.626589845054326,1.1402935647475865
86.0,157.0,1228.398193359375,-3.375425309337756,1.5173166909484157,1.7346186814093452,1.8843001906938897,0.750521529696548,-1.3564613522083964,-1.0477053375306902,2.1034809975006925,2.626589626139919,1.1402943030868011
86.0,157.0,1228.398193359375,-3.375425309337756,1.5173166909484157,1.7346186814093452,1.8843001906938897,0.750521529696548,-1.3564613522083964,-1.0477053375306902,2.1034809975006925,2.626589626139919,1.1402943030868011
86.0,157.0,1228.3983154296875,-3.375425309337756,1.5173166909484157,1.73461868140597,1.8843001906938897,0.7505212552011413,-1.3564613522083964,-1.0477053375306902,2.1034809975006925,2.626590547367358,1.1402936184770591
86.0,157.0,1228.4010009765625,-3.3754190023832145,1.517467829763773,1.734618683142824,1.8865405119152523,0.7505533931048859,-1.35730274548013,-1.0459119664622327,2.104262565507028,2.6265908801896325,1.1402942862699728
86.0,157.0,1228.407470703125,-3.3754264096931577,1.5173165368594832,1.73461868140597,1.883823228736346,0.7505212552011413,-1.3553976493738078,-1.0477053375306902,2.1034809975006925,2.626590547367358,1.1402936184770591
86.0,157.0,1228.4522705078125,-3.3753991761603745,1.5174619871176418,1.7346218780765723,1.8813238967977248,0.7507482572197317,-1.3562243663448632,-1.0464654542740863,2.1042567933364795,2.62659057956339,1.1402942862703014
86.0,157.0,1228.4522705078125,-3.3753991761603745,1.5174619871176418,1.7346218780765723,1.8813238967977248,0.7507482572197317,-1.3562243663448632,-1.0464654542740863,2.1042567933364795,2.62659057956339,1.1402942862703014
86.0,157.0,1228.4725341796875,-3.375398013123029,1.517466851655512,1.7346219055697427,1.8797288042538325,0.7507192536459457,-1.356346992429729,-1.046457026056677,2.1042565694860857,2.6265907907965333,1.1402942862699728
86.0,157.0,1228.47265625,-3.3754190076805872,1.5174668117711465,1.7346219055697427,1.879729704386042,0.750717878267473,-1.356356572835416,-1.046457026056677,2.1042796438950355,2.626590782500989,1.1402942862699728
86.0,157.0,1228.4727783203125,-3.375419399560232,1.5174668117711465,1.7346219055697427,1.8797288042538325,0.7507192536459457,-1.356353368649335,-1.046457026056677,2.104269653045128,2.626590790574648,1.1402942862699728
86.0,157.0,1228.4744873046875,-3.375419399560232,1.5174668117711465,1.7346219055697427,1.8797288042538325,0.7507437591208522,-1.3560183340958618,-1.046457026056677,2.104269653045128,2.626590790574648,1.1402942862699728
86.0,157.0,1228.4744873046875,-3.375419399560232,1.5174668117711465,1.7346219055697427,1.8797288042538325,0.7507437591208522,-1.3560183340958618,-1.046457026056677,2.104269653045128,2.626590790574648,1.1402942862699728
86.0,157.0,1228.4744873046875,-3.375419399560232,1.5174668117711465,1.7346219055697427,1.8797288042538325,0.7507437591208522,-1.3560183340958618,-1.046457026056677,2.104269653045128,2.626590790574648,1.1402942862699728
86.0,157.0,1228.49072265625,-3.375396244544566,1.5178684027886942,1.7346222092773886,1.881005709324384,0.7453802830056213,-1.3548470338479393,-1.0464537461701038,2.103839476515117,2.6265908051829268,1.140294257372533
86.0,157.0,1228.4969482421875,-3.3680942376382097,1.5174099636457523,1.7346186812654003,1.9558400180300952,0.750637520861219,-1.3560108384799183,-1.0474474664236173,2.103506306046668,2.626589694724025,1.14029424200541
86.0,157.0,1228.534423828125,-3.375403841314054,1.5180295410506714,1.734618673001372,1.9558400180300952,0.7499485048719231,-1.3571560205053863,-1.0498520066593326,2.103852366736356,2.626589694724025,1.140294351266221
86.0,158.0,1227.77978515625,-3.375425367441128,1.517468929424744,1.73461870118942,1.9558400180300952,0.7450763822612129,-1.343436658177362,-1.0804595894030444,2.1038309350587205,2.626589784140238,1.140293565615922
86.0,158.0,1227.8809814453125,-3.367949297180618,1.5180359387873317,1.734618683289774,1.8886537861099884,0.7450876408529131,-1.3557073285255217,-1.0789721493957958,2.1042581722031706,2.6265896940356144,1.1402935636991245
86.0,158.0,1227.9676513671875,-3.352867164435549,1.517467829763773,1.73461868140597,1.9550892791273216,0.7514611667938678,-1.3557098644661572,-1.0791703357944584,2.1038394688499698,2.626589694737563,1.1402936097743477
86.0,158.0,1227.9700927734375,-3.3744528212732,1.5174520048392857,1.7346186814060511,1.8939580864934404,0.7505155327637073,-1.3560108384799183,-1.076892434206201,2.103839469406932,2.6265896947231475,1.1402942068406632
86.0,158.0,1228.0455322265625,-3.3682787622146315,1.5175427154597043,1.73461868140597,1.8768178886038285,0.7450763822612129,-1.3563367502394212,-1.0774855958862664,2.103839454591348,2.626589694724025,1.1402935655842508
86.0,158.0,1228.0556640625,-3.3754264096931577,1.5173165368594832,1.73461868323163,1.886577029138262,0.7505212552011413,-1.3553976493738078,-1.0789697364839104,2.1034809975006925,2.626590547367358,1.1402936184770591
86.0,158.0,1228.0596923828125,-3.375425309337756,1.517467829763773,1.7346216048015737,1.886738675131118,0.7506870035201527,-1.3557705120922814,-1.0769203861624324,2.104259592688832,2.6265897163403,1.140293625077746
86.0,158.0,1228.078857421875,-3.3682787622146315,1.5180359387873317,1.73461868140597,1.9558400180300952,0.7450763822612129,-1.3557098468482325,-1.080396092856167,2.103839454591348,2.626589694724025,1.1402935655842508
86.0,158.0,1228.085693359375,-3.367949297180618,1.5180359387873317,1.734618686961914,1.9558400180300952,0.7450876408529131,-1.355709847328951,-1.0780210638449037,2.1042581722031706,2.626589694724025,1.1402935655842508
86.0,158.0,1228.0919189453125,-3.3531296350894766,1.5180317695607184,1.7346186814089135,1.89776240802496,0.7505155327637073,-1.356022747710944,-1.0474474664236173,2.103839469406932,2.626589694724025,1.140294242965746
86.0,158.0,1228.09326171875,-3.3682787622146315,1.5180359387873317,1.73461868140597,1.9558400180300952,0.7450763822612129,-1.3557098468482325,-1.077657490757682,2.103839454649848,2.626589694724025,1.1402935656146909
86.0,158.0,1228.097412109375,-3.3682787622146315,1.5180359387873317,1.73461868140597,1.9558400180300952,0.7450763822612129,-1.3557098468482325,-1.080396092856167,2.122488975409957,2.626589694724025,1.1402935655842508
86.0,158.0,1228.10693359375,-3.3754252583485846,1.517467829763773,1.7346186813045572,1.886537262576797,0.7505533931048859,-1.3572917071879331,-1.079204002374211,2.103839454095153,2.626589649973217,1.1402942862699728
86.0,158.0,1228.107177734375,-3.3754190069544627,1.517467829763773,1.734618683142824,1.886537262576797,0.7505533931048859,-1.35730274548013,-1.079204002374211,2.1038394688499698,2.626589646718544,1.1402942862699728
86.0,158.0,1228.107177734375,-3.3754191505100293,1.517467829763773,1.7346186483810315,1.886537262576797,0.7505533931048859,-1.35730274548013,-1.079194756686752,2.1038394688499698,2.6265896566468814,1.1402942862699728
86.0,158.0,1228.107421875,-3.3531296350894766,1.5180317695607184,1.7346186814089135,1.8939580864934404,0.7505155327637073,-1.3560108384799183,-1.0474474664236173,2.103839469406932,2.626589694724025,1.1402942068406632
86.0,158.0,1228.111328125,-3.3754264096931577,1.5173165368594832,1.73461868690377,1.953763261058369,0.7505212552011413,-1.3554001681772374,-1.078018650933018,2.1034809975006925,2.6265905480557685,1.1402936203621856
86.0,158.0,1228.113037109375,-3.375425309337756,1.517328018952676,1.73461868140597,1.8843001906938897,0.7505212552011413,-1.3564873845094754,-1.0785697462335448,2.1034809975006925,2.626589790265476,1.1402936184770591
86.0,158.0,1228.11572265625,-3.375425309337756,1.517471201341383,1.73461868140597,1.8843001906938897,0.7505212552011413,-1.3564873845094754,-1.07856426247699,2.1034809975006925,2.626589790265476,1.1402942811344985
86.0,158.0,1228.141357421875,-3.3754252583485846,1.5174299748933215,1.7346186813045572,1.883685672508376,0.7505533931048859,-1.3572917071879331,-1.079204002374211,2.103839454095153,2.6265896440118146,1.1402942862699728
86.0,158.0,1228.1595458984375,-3.375409721739483,1.523560289556513,1.7346186073686318,1.9558400180300952,0.7451833565703673,-1.3557102591371828,-1.078684346515632,2.1038394688499698,2.6265898346218024,1.1402935447008284
86.0,158.0,1228.15966796875,-3.375409721739483,1.5234850792223604,1.7346186091906357,1.9558400180300952,0.7451786548183208,-1.3557102549375326,-1.078684346515632,2.1038394545987984,2.626589693181029,1.1402935447008284
86.0,158.0,1228.1624755859375,-3.37541940413148,1.5174668117711465,1.7346219055697427,1.8797255549153773,0.7507437591208522,-1.3560183340958618,-1.0797490619686552,2.103846556388069,2.626589557103559,1.1402942862699728
86.0,158.0,1228.17041015625,-3.3754268101967773,1.5180321070015663,1.73461868140597,1.9558400180300952,0.7450763822612129,-1.3557098468482325,-1.080396092856167,2.103839454591348,2.626589694724025,1.1402935655842508
86.0,158.0,1228.1705322265625,-3.3754252604775163,1.5180321070015663,1.7346186814041469,1.9558400180300952,0.7450763822612129,-1.3557098468482325,-1.080345627160595,2.103839454592044,2.6265897831086145,1.140293565583912
86.0,158.0,1228.1708984375,-3.375425250034607,1.5179084214907663,1.7346186812598574,1.9558400180300952,0.7450763822612129,-1.3557098533253822,-1.0804595894030444,2.103839454592104,2.626589784140238,1.140293565615922
86.0,158.0,1228.1708984375,-3.375425250034607,1.5179009496893534,1.7346186812598574,1.9558400180300952,0.7450763822612129,-1.355708512135488,-1.0804595894030444,2.103839454467871,2.626589784140238,1.1402935572757018
86.0,158.0,1228.1754150390625,-3.375425309337756,1.5180267268314405,1.734621957819776,1.9558400180300952,0.7453396937756668,-1.3557098644661572,-1.0780126261222782,2.104227388382154,2.626589711274141,1.1402943249958737
86.0,158.0,1228.1781005859375,-3.375110220748754,1.5177703651988446,1.734618666790953,1.8784586908896013,0.745076272581145,-1.355975320850083,-1.076084555411873,2.103839470241506,2.626589701006692,1.1402935671076215
86.0,158.0,1228.1798095703125,-3.375110220748754,1.5177703651988446,1.734618666790953,1.878342677407844,0.7450762698968796,-1.355975320850083,-1.076107433171461,2.103839470241506,2.626589700992757,1.1402935671076215
86.0,158.0,1228.179931640625,-3.375425309337756,1.517467829763773,1.734618662483718,1.9558400180300952,0.7450871755621363,-1.3557096569116072,-1.0779916939817529,2.104259592688832,2.6265897171145616,1.1402936208913534
86.0,158.0,1228.181396484375,-3.375426852057772,1.5180321070015663,1.73461868140597,1.9558400180300952,0.7450763822612129,-1.3557098468482325,-1.0776070250621104,2.1038394546505432,2.626589694724025,1.1402935655842508
86.0,158.0,1228.181396484375,-3.3754252604775163,1.5180321070015663,1.7346186814041469,1.9558400180300952,0.7450763822612129,-1.3557098468482325,-1.0776070250621104,2.1038394546505432,2.6265897831086145,1.140293565614352
86.0,158.0,1228.1826171875,-3.375425309337756,1.5180321070015663,1.73461868140597,1.9558400180300952,0.7450763822612129,-1.3557098644661572,-1.0773512176478106,2.1038394546505432,2.626589694724025,1.1402935931254077
86.0,158.0,1228.1834716796875,-3.375425309337756,1.5177685400571108,1.734618666840022,1.9558400180300952,0.7450763822612129,-1.3557098644661572,-1.0774470418160766,2.1038394546505432,2.626589694724025,1.1402935654554611
86.0,158.0,1228.18505859375,-3.375110220748754,1.5180339321432998,1.734618681356901,1.878342677407844,0.7450762698968796,-1.355975320850083,-1.0760116090031953,2.103839470241506,2.626589700992757,1.140293594777568
86.0,158.0,1228.185302734375,-3.375425309337756,1.517467829763773,1.7346216048015737,1.9558400180300952,0.7451533232298208,-1.3557222223043734,-1.0769052790951064,2.104259592688832,2.6265897163403,1.140293625077746
86.0,158.0,1228.186767578125,-3.375425309337756,1.5174681672046209,1.7346186812624569,1.9558400180300952,0.7451983703587245,-1.3557098644661572,-1.0769052790951064,2.103839454093581,2.626589694724025,1.1402936583348784
86.0,158.0,1228.1876220703125,-3.375425309337756,1.517467829763773,1.73461868140597,1.9558400180300952,0.7450763822612129,-1.3557098644661572,-1.0769052790951064,2.1038394688499698,2.626589694724025,1.140293625077746
86.0,158.0,1228.18798828125,-3.3681216027857266,1.5235074209418686,1.7346186073686318,1.8754570808536168,0.7451833565703673,-1.3557102591371828,-1.07745378251478,2.1038394544947283,2.6265896947455505,1.1402935447008284
86.0,158.0,1228.189453125,-3.375425309337756,1.517467829763773,1.73461868140597,1.9559560315118525,0.7450763849454782,-1.3557098644661572,-1.0768824013355185,2.1038394688499698,2.62658969473796,1.140293625077746
86.0,158.0,1228.193359375,-3.375425309337756,1.5180321070015663,1.7346186814151023,1.9558400180300952,0.7450761322402364,-1.3559474143131065,-1.0773512176478106,2.103838348156444,2.626589694724025,1.1402935931254077
86.0,158.0,1228.193359375,-3.375425310390204,1.5180321070015663,1.7346186814030904,1.9558400180300952,0.7450761322402364,-1.35594796709214,-1.0773512176478106,2.103838413111472,2.626589694724025,1.1402935931254077
86.0,158.0,1228.194580078125,-3.375425309337756,1.5180321070015663,1.7346186814151023,1.9558400180300952,0.7450763822612129,-1.3559736035635024,-1.0773512176478106,2.1038383826866065,2.626589694724025,1.1402935931254077
86.0,158.0,1228.208740234375,-3.3754252583485846,1.5174299748933215,1.7346186813045572,1.952787015407353,0.7450197128145539,-1.357243417400025,-1.079188895306885,2.103839454095153,2.6265896440118146,1.1402942862699728
86.0,158.0,1228.2314453125,-3.375425315864838,1.5174668117711465,1.7346219055697427,1.8753633523689164,0.7507437591208522,-1.3560183340958618,-1.0793653396440033,2.103835381524944,2.626590790574648,1.1402942862699728
86.0,158.0,1228.23388671875,-3.3682787622146315,1.5257276440159986,1.73461868140597,1.8768178886038285,0.7450763822612129,-1.3563367502394212,-1.0774855958862664,2.103839454591348,2.626589694724025,1.1402935655842508
86.0,158.0,1228.276611328125,-3.375409721739483,1.523560289556513,1.7346186469519804,1.879687274034271,0.7451833565703673,-1.3557102591371828,-1.078684346515632,2.103840191031565,2.6265898346218024,1.140293540526709
86.0,158.0,1228.3023681640625,-3.3754194097635413,1.5179657921722212,1.7346186373766777,1.9617301813802213,0.7452748187494618,-1.356360642332051,-1.0776070250621104,2.1038394546505432,2.6265897831086145,1.1402942847147353
86.0,158.0,1228.3470458984375,-3.375419399560232,1.5174668117711465,1.7346219657349595,1.8797288042538325,0.7498825876773335,-1.3563584614859787,-1.054262545285014,2.1038370051417816,2.6265896932542883,1.1402942862699728
86.0,159.0,1227.779541015625,-3.375410308240002,1.517468929424744,1.73461870118942,1.9558400180300952,0.7450723694145104,-1.343436658177362,-1.0804595894030444,2.1038309350587205,2.6265897847978343,1.1402935442440043
86.0,159.0,1227.77978515625,-3.375425367441128,1.517468929424744,1.73461870118942,1.9558400180300952,0.7450763822612129,-1.343436658177362,-1.0804595894030444,2.1038309350587205,2.626589784140238,1.140293565615922
86.0,159.0,1227.8253173828125,-3.375425369950059,1.517467829763773,1.73461868140597,1.9558400180300952,0.7450763822612129,-1.3426427246461925,-1.076934477403532,2.103839078289006,2.626589694724025,1.1402935652020647
86.0,159.0,1227.8809814453125,-3.367949297180618,1.5180359387873317,1.734618683289774,1.8886537861099884,0.7450876408529131,-1.3557073285255217,-1.0789721493957958,2.1042581722031706,2.6265896940356144,1.1402935636991245
86.0,159.0,1227.8819580078125,-3.367849149253036,1.5173165368594832,1.7346186873523033,1.886577029138262,0.7506290225829076,-1.3553939926938534,-1.078042572380777,2.1034809975006925,2.626590547367358,1.1402936184770591
86.0,159.0,1227.9676513671875,-3.352867164435549,1.517467829763773,1.73461868140597,1.9550892791273216,0.7514611667938678,-1.3557098644661572,-1.0791703357944584,2.1038394688499698,2.626589694737563,1.1402936097743477
86.0,159.0,1227.9700927734375,-3.3744528212732,1.5174520048392857,1.7346186814060511,1.8939580864934404,0.7505155327637073,-1.3560108384799183,-1.076892434206201,2.103839469406932,2.6265896947231475,1.1402942068406632
86.0,159.0,1227.9700927734375,-3.3744528212732,1.5174520048392857,1.7346186814060511,1.8939580864934404,0.7505155327637073,-1.3560108384799183,-1.076892434206201,2.103839469406932,2.6265896947231475,1.1402942068406632
86.0,159.0,1228.0455322265625,-3.3682787622146315,1.5175427154597043,1.73461868140597,1.8768178886038285,0.7450763822612129,-1.3563367502394212,-1.0774855958862664,2.103839454591348,2.626589694724025,1.1402935655842508
86.0,159.0,1228.0556640625,-3.3754264096931577,1.5173165368594832,1.73461868323163,1.886577029138262,0.7505212552011413,-1.3553976493738078,-1.0789697364839104,2.1034809975006925,2.626590547367358,1.1402936184770591
86.0,159.0,1228.0596923828125,-3.375425309337756,1.517467829763773,1.7346216048015737,1.886738675131118,0.7506870035201527,-1.3557705120922814,-1.0769203861624324,2.104259592688832,2.6265897163403,1.140293625077746
86.0,159.0,1228.0615234375,-3.375425250118121,1.517467829763773,1.734618681304532,1.886537262576797,0.7505533931048859,-1.3556812612154625,-1.0792990923704,2.103839454095153,2.626589784130038,1.1402943126275402
86.0,159.0,1228.078857421875,-3.3682787622146315,1.5180359387873317,1.73461868140597,1.9558400180300952,0.7450763822612129,-1.3557098468482325,-1.080396092856167,2.103839454591348,2.626589694724025,1.1402935655842508
86.0,159.0,1228.078857421875,-3.3682787622146315,1.5180359387873317,1.73461868140597,1.9558400180300952,0.7450763822612129,-1.3557098468482325,-1.080396092856167,2.103839454591348,2.626589694724025,1.1402935655842508
86.0,159.0,1228.085693359375,-3.367949297180618,1.5180359387873317,1.734618686961914,1.9558400180300952,0.7450876408529131,-1.355709847328951,-1.0780210638449037,2.1042581722031706,2.626589694724025,1.1402935655842508
86.0,159.0,1228.0888671875,-3.3683757571172523,1.5180402178552326,1.7346186869076143,1.9558400180300952,0.7450880524888911,-1.355709847328951,-1.0781389869342084,2.104260156251957,2.626589694724025,1.140293565614377
86.0,159.0,1228.0919189453125,-3.3531296350894766,1.5180317695607184,1.7346186814089135,1.89776240802496,0.7505155327637073,-1.356022747710944,-1.0474474664236173,2.103839469406932,2.626589694724025,1.140294242965746
86.0,159.0,1228.09326171875,-3.3682787622146315,1.5180359387873317,1.73461868140597,1.9558400180300952,0.7450763822612129,-1.3557098468482325,-1.077657490757682,2.103839454649848,2.626589694724025,1.1402935656146909
86.0,159.0,1228.0946044921875,-3.375093967362042,1.517467829763773,1.7346186830283046,1.8867170212003448,0.7505533931048859,-1.3572496211841276,-1.079204002374211,2.103839468773799,2.626589701894234,1.14029356568575
86.0,159.0,1228.097412109375,-3.3682787622146315,1.5180359387873317,1.73461868140597,1.9558400180300952,0.7450763822612129,-1.3557098468482325,-1.080396092856167,2.122488975409957,2.626589694724025,1.1402935655842508
86.0,159.0,1228.097412109375,-3.3682787622146315,1.5180359387873317,1.73461868140597,1.9558400180300952,0.7450763822612129,-1.3557098468289994,-1.080396092856167,2.122488975409957,2.626589694724048,1.1402936277640572
86.0,159.0,1228.1055908203125,-3.375425309337756,1.5180490165255716,1.734618683298632,1.8843001906938897,0.7444948174915104,-1.3557509903899585,-1.0785740870959502,2.1034961887967483,2.626589790265476,1.140293564208011
86.0,159.0,1228.10693359375,-3.3754252583485846,1.517467829763773,1.7346186813045572,1.886537262576797,0.7505533931048859,-1.3572917071879331,-1.079204002374211,2.103839454095153,2.626589649973217,1.1402942862699728
86.0,159.0,1228.107177734375,-3.3754190069544627,1.517467829763773,1.734618683142824,1.886537262576797,0.7505533931048859,-1.35730274548013,-1.079204002374211,2.1038394688499698,2.626589646718544,1.1402942862699728
86.0,159.0,1228.107177734375,-3.3754191505100293,1.517467829763773,1.7346186483810315,1.886537262576797,0.7505533931048859,-1.35730274548013,-1.079194756686752,2.1038394688499698,2.6265896566468814,1.1402942862699728
86.0,159.0,1228.107421875,-3.3531296350894766,1.5180317695607184,1.7346186814089135,1.8939580864934404,0.7505155327637073,-1.3560108384799183,-1.0474474664236173,2.103839469406932,2.626589694724025,1.1402942068406632
86.0,159.0,1228.111328125,-3.3754264096931577,1.5173165368594832,1.73461868690377,1.953763261058369,0.7505212552011413,-1.3554001681772374,-1.078018650933018,2.1034809975006925,2.6265905480557685,1.1402936203621856
86.0,159.0,1228.113037109375,-3.375425309337756,1.517328018952676,1.73461868140597,1.8843001906938897,0.7505212552011413,-1.3564873845094754,-1.0785697462335448,2.1034809975006925,2.626589790265476,1.1402936184770591
86.0,159.0,1228.115478515625,-3.375425309337756,1.5174620167560038,1.73461868140597,1.8843001906938897,0.7505212552011413,-1.3564873845094754,-1.07856426247699,2.1034809975006925,2.626589698648868,1.1402942811344985
86.0,159.0,1228.11572265625,-3.375425309337756,1.517471201341383,1.73461868140597,1.8843001906938897,0.7505212552011413,-1.3564873845094754,-1.07856426247699,2.1034809975006925,2.626589790265476,1.1402942811344985
86.0,159.0,1228.141357421875,-3.3754252583485846,1.5174299748933215,1.7346186813045572,1.883685672508376,0.7505533931048859,-1.3572917071879331,-1.079204002374211,2.103839454095153,2.6265896440118146,1.1402942862699728
86.0,159.0,1228.1446533203125,-3.3754252604775163,1.5180321070015663,1.7346218566614784,1.9558400180300952,0.7504938767501101,-1.355770133433453,-1.080345627160595,2.1038248994725057,2.6265897831086145,1.140293626140132
86.0,159.0,1228.1595458984375,-3.375409721739483,1.523560289556513,1.7346186073686318,1.9558400180300952,0.7451833565703673,-1.3557102591371828,-1.078684346515632,2.1038394688499698,2.6265898346218024,1.1402935447008284
86.0,159.0,1228.15966796875,-3.375409721739483,1.5234850792223604,1.7346186091906357,1.9558400180300952,0.7451786548183208,-1.3557102549375326,-1.078684346515632,2.1038394545987984,2.626589693181029,1.1402935447008284
86.0,159.0,1228.1624755859375,-3.37541940413148,1.5174668117711465,1.7346219055697427,1.8797255549153773,0.7507437591208522,-1.3560183340958618,-1.0797490619686552,2.103846556388069,2.626589557103559,1.1402942862699728
86.0,159.0,1228.1644287109375,-3.374998790097973,1.517896670621452,1.734618681314157,1.9558400180300952,0.7450759706252349,-1.355708512135488,-1.0803416663137395,2.1038374704190845,2.626589784140238,1.140293557245576
86.0,159.0,1228.17041015625,-3.3754268101967773,1.5180321070015663,1.73461868140597,1.9558400180300952,0.7450763822612129,-1.3557098468482325,-1.080396092856167,2.103839454591348,2.626589694724025,1.1402935655842508
86.0,159.0,1228.1705322265625,-3.3754252604775163,1.5180321070015663,1.7346186814041469,1.9558400180300952,0.7450763822612129,-1.3557098468482325,-1.080345627160595,2.103839454592044,2.6265897831086145,1.140293565583912
86.0,159.0,1228.1708984375,-3.375425250034607,1.5179084214907663,1.7346186812598574,1.9558400180300952,0.7450763822612129,-1.3557098533253822,-1.0804595894030444,2.103839454592104,2.626589784140238,1.140293565615922
86.0,159.0,1228.1708984375,-3.375425250034607,1.5179009496893534,1.7346186812598574,1.9558400180300952,0.7450763822612129,-1.355708512135488,-1.0804595894030444,2.103839454467871,2.626589784140238,1.1402935572757018
86.0,159.0,1228.174560546875,-3.375110220748754,1.517748537081288,1.734618666866338,1.8784586908896013,0.745076272581145,-1.355974990002648,-1.0776450941349782,2.103839455626183,2.626589701006692,1.1402935671076215
86.0,159.0,1228.1754150390625,-3.375425309337756,1.5180267268314405,1.734621957819776,1.9558400180300952,0.7453396937756668,-1.3557098644661572,-1.0780126261222782,2.104227388382154,2.626589711274141,1.1402943249958737
86.0,159.0,1228.1754150390625,-3.375425309337756,1.5180267268314405,1.734621957819776,1.9558400180300952,0.7453396937756668,-1.3557098644661572,-1.0780126261222782,2.104227388382154,2.626589711274141,1.1402943249958737
86.0,159.0,1228.1781005859375,-3.375110220748754,1.5177703651988446,1.734618666790953,1.8784586908896013,0.745076272581145,-1.355975320850083,-1.076084555411873,2.103839470241506,2.626589701006692,1.1402935671076215
86.0,159.0,1228.17822265625,-3.375110220748754,1.5177795497842237,1.734618666790953,1.8784586908896013,0.745076272581145,-1.355975320850083,-1.076084555411873,2.103839470241506,2.6265897926233,1.1402935671076215
86.0,159.0,1228.1783447265625,-3.375159061054963,1.5174664412374574,1.734618662483718,1.9558400180300952,0.7450762030007296,-1.3557096569116072,-1.0779833332074524,2.1038476348092674,2.6265897171145616,1.1402936208913534
86.0,159.0,1228.1798095703125,-3.375110220748754,1.5177703651988446,1.734618666790953,1.878342677407844,0.7450762698968796,-1.355975320850083,-1.076107433171461,2.103839470241506,2.626589700992757,1.1402935671076215
86.0,159.0,1228.179931640625,-3.375425309337756,1.517467829763773,1.734618662483718,1.9558400180300952,0.7450871755621363,-1.3557096569116072,-1.0779916939817529,2.104259592688832,2.6265897171145616,1.1402936208913534
86.0,159.0,1228.181396484375,-3.375426852057772,1.5180321070015663,1.73461868140597,1.9558400180300952,0.7450763822612129,-1.3557098468482325,-1.0776070250621104,2.1038394546505432,2.626589694724025,1.1402935655842508
86.0,159.0,1228.181396484375,-3.3754252604775163,1.5180321070015663,1.7346186814041469,1.9558400180300952,0.7450763822612129,-1.3557098468482325,-1.0776070250621104,2.1038394546505432,2.6265897831086145,1.140293565614352
86.0,160.0,1227.7481689453125,-3.3682787622146315,1.5180359387873317,1.73461868140597,1.9558400180300952,0.7450763822612129,-1.343345104550232,-1.080396092856167,2.122356345240376,2.626589781043659,1.1402936277640572
86.0,160.0,1227.7535400390625,-3.3754190069544627,1.517467829763773,1.7346187000699638,1.954684193289822,0.7505533931048859,-1.343108041312039,-1.079204002374211,2.1038394688499698,2.626589787311746,1.1402942946680297
86.0,160.0,1227.7733154296875,-3.3682787622146315,1.5180359387873317,1.73461868140597,1.8915432080895456,0.7450763822612129,-1.3557098468289994,-1.080396092856167,2.122488975409957,2.6265896947231675,1.1402936320508854
86.0,160.0,1227.779541015625,-3.375410308240002,1.517468929424744,1.73461870118942,1.9558400180300952,0.7450723694145104,-1.343436658177362,-1.0804595894030444,2.1038309350587205,2.6265897847978343,1.1402935442440043
86.0,160.0,1227.77978515625,-3.375425367441128,1.517468929424744,1.73461870118942,1.9558400180300952,0.7450763822612129,-1.343436658177362,-1.0804595894030444,2.1038309350587205,2.626589784140238,1.140293565615922
86.0,160.0,1227.8226318359375,-3.3678283701998506,1.5174520048392857,1.7346186834092177,1.8939433477636256,0.7507378368198975,-1.3560108384799183,-1.076892434206201,2.1042536959363973,2.6265896947535183,1.1402941958756436
86.0,160.0,1227.8253173828125,-3.375425369950059,1.517467829763773,1.73461868140597,1.9558400180300952,0.7450763822612129,-1.3426427246461925,-1.076934477403532,2.103839078289006,2.626589694724025,1.1402935652020647
86.0,160.0,1227.8809814453125,-3.367949297180618,1.5180359387873317,1.734618683289774,1.8886537861099884,0.7450876408529131,-1.3557073285255217,-1.0789721493957958,2.1042581722031706,2.6265896940356144,1.1402935636991245
86.0,160.0,1227.8819580078125,-3.367849149253036,1.5173165368594832,1.7346186873523033,1.886577029138262,0.7506290225829076,-1.3553939926938534,-1.078042572380777,2.1034809975006925,2.626590547367358,1.1402936184770591
86.0,160.0,1227.890625,-3.368276582838276,1.5173136859190794,1.7346186873523033,1.886516883465371,0.7506290225829076,-1.355376298229318,-1.078042572380777,2.1034809975006925,2.626590547367358,1.1402936153461745
86.0,160.0,1227.9613037109375,-3.3682787622146315,1.5175427154597043,1.73461868140597,1.883226050366925,0.7450763822612129,-1.3563367502394212,-1.0774855958862664,2.1038394540884404,2.626589644233922,1.1402935514504244
86.0,160.0,1227.9676513671875,-3.352867164435549,1.517467829763773,1.73461868140597,1.9550892791273216,0.7514611667938678,-1.3557098644661572,-1.0791703357944584,2.1038394688499698,2.626589694737563,1.1402936097743477
86.0,160.0,1227.969970703125,-3.3744528212732,1.5174520048392857,1.7346186814060511,1.8939580864934404,0.7505155327637073,-1.3560108384799183,-1.0769212082929676,2.103839469406932,2.6265896949766785,1.1402942068406632
86.0,160.0,1227.9700927734375,-3.3744528212732,1.5174520048392857,1.7346186814060511,1.8939580864934404,0.7505155327637073,-1.3560108384799183,-1.076892434206201,2.103839469406932,2.6265896947231475,1.1402942068406632
86.0,160.0,1227.9700927734375,-3.3744528212732,1.5174520048392857,1.7346186814060511,1.8939580864934404,0.7505155327637073,-1.3560108384799183,-1.076892434206201,2.103839469406932,2.6265896947231475,1.1402942068406632
86.0,160.0,1228.0455322265625,-3.3682787622146315,1.5175427154597043,1.73461868140597,1.8768178886038285,0.7450763822612129,-1.3563367502394212,-1.0774855958862664,2.103839454591348,2.626589694724025,1.1402935655842508
86.0,160.0,1228.04931640625,-3.3682787622146315,1.5180359387873317,1.73461868679762,1.9564922628577668,0.7504608972983033,-1.3553837845162044,-1.077657490757682,2.103853962510548,2.626590506861926,1.1402935656146909
86.0,160.0,1228.0546875,-3.368564988141239,1.5180402178552326,1.7346186869076143,1.9558400180300952,0.7506295691935986,-1.355709847328951,-1.078140506875757,2.1035027704429123,2.626589694724025,1.140293565614377
86.0,160.0,1228.0556640625,-3.3754264096931577,1.5173165368594832,1.73461868323163,1.886577029138262,0.7505212552011413,-1.3553976493738078,-1.0789697364839104,2.1034809975006925,2.626590547367358,1.1402936184770591
86.0,160.0,1228.0596923828125,-3.375425309337756,1.517467829763773,1.7346216048015737,1.886738675131118,0.7506870035201527,-1.3557705120922814,-1.0769203861624324,2.104259592688832,2.6265897163403,1.140293625077746
86.0,160.0,1228.0615234375,-3.375425250118121,1.517467829763773,1.734618681304532,1.886537262576797,0.7505533931048859,-1.3556812612154625,-1.0792990923704,2.103839454095153,2.626589784130038,1.1402943126275402
86.0,160.0,1228.0615234375,-3.3754252501240423,1.517467829763773,1.734618681304532,1.886537262576797,0.7505533931048859,-1.3556812612154625,-1.0792990923704,2.103839454095153,2.626589784130851,1.1402943126275402
86.0,160.0,1228.0628662109375,-3.3754190069544627,1.517467829763773,1.734618683142824,1.886537262576797,0.7511913579413262,-1.3556787566811022,-1.079204002374211,2.103839468116699,2.626589646718544,1.1402942862699728
86.0,160.0,1228.078857421875,-3.3682787622146315,1.5180359387873317,1.73461868140597,1.9558400180300952,0.7450763822612129,-1.3557098468482325,-1.080396092856167,2.103839454591348,2.626589694724025,1.1402935655842508
86.0,160.0,1228.078857421875,-3.3682787622146315,1.5180359387873317,1.73461868140597,1.9558400180300952,0.7450763822612129,-1.3557098468482325,-1.080396092856167,2.103839454591348,2.626589694724025,1.1402935655842508
86.0,160.0,1228.085693359375,-3.367949297180618,1.5180359387873317,1.734618686961914,1.9558400180300952,0.7450876408529131,-1.355709847328951,-1.0780210638449037,2.1042581722031706,2.626589694724025,1.1402935655842508
86.0,160.0,1228.0888671875,-3.3683757571172523,1.5180402178552326,1.7346186869076143,1.9558400180300952,0.7450880524888911,-1.355709847328951,-1.0781389869342084,2.104260156251957,2.626589694724025,1.140293565614377
86.0,160.0,1228.0919189453125,-3.3531296350894766,1.5180317695607184,1.7346186814089135,1.89776240802496,0.7505155327637073,-1.356022747710944,-1.0474474664236173,2.103839469406932,2.626589694724025,1.140294242965746
86.0,160.0,1228.09326171875,-3.3682787622146315,1.5180359387873317,1.73461868140597,1.9558400180300952,0.7450763822612129,-1.3557098468482325,-1.077657490757682,2.103839454649848,2.626589694724025,1.1402935656146909
86.0,160.0,1228.0946044921875,-3.375093967362042,1.517467829763773,1.7346186830283046,1.8867170212003448,0.7505533931048859,-1.3572496211841276,-1.079204002374211,2.103839468773799,2.626589701894234,1.14029356568575
86.0,160.0,1228.09521484375,-3.367851328629392,1.5180387897277354,1.73461868140597,1.9559001637029865,0.7450763822612129,-1.3557275413127676,-1.080396092856167,2.122488975409957,2.626589694724025,1.1402935687151354
86.0,160.0,1228.096923828125,-3.375425370015569,1.5180490165255716,1.7346186833236517,1.878613632491014,0.7444948174915104,-1.3425797712904983,-1.0785740870959502,2.1038475514120267,2.626589790265476,1.140293564207892
86.0,160.0,1228.097412109375,-3.3682787622146315,1.5180359387873317,1.73461868140597,1.9558400180300952,0.7450763822612129,-1.3557098468482325,-1.080396092856167,2.122488975409957,2.626589694724025,1.1402935655842508
86.0,160.0,1228.097412109375,-3.3682787622146315,1.5180359387873317,1.73461868140597,1.9558400180300952,0.7450763822612129,-1.3557098468289994,-1.080396092856167,2.122488975409957,2.626589694724048,1.1402936277640572
86.0,160.0,1228.09814453125,-3.3682787622146315,1.5180290506143808,1.73461868140597,1.9558400180300952,0.7450763822612129,-1.3557098468482325,-1.0769041649470226,2.103839454591348,2.626589694724025,1.140293565146698
86.0,160.0,1228.1055908203125,-3.375425309337756,1.5180490165255716,1.734618683298632,1.8843001906938897,0.7444948174915104,-1.3557509903899585,-1.0785740870959502,2.1034961887967483,2.626589790265476,1.140293564208011
86.0,160.0,1228.10693359375,-3.3754252583485846,1.517467829763773,1.7346186813045572,1.886537262576797,0.7505533931048859,-1.3572917071879331,-1.079204002374211,2.103839454095153,2.626589649973217,1.1402942862699728
86.0,160.0,1228.107177734375,-3.3754190069544627,1.517467829763773,1.734618683142824,1.886537262576797,0.7505533931048859,-1.35730274548013,-1.079204002374211,2.1038394688499698,2.626589646718544,1.1402942862699728
86.0,160.0,1228.107177734375,-3.3754191505100293,1.517467829763773,1.7346186483810315,1.886537262576797,0.7505533931048859,-1.35730274548013,-1.079194756686752,2.1038394688499698,2.6265896566468814,1.1402942862699728
86.0,160.0,1228.107421875,-3.3531296350894766,1.5180317695607184,1.7346186814089135,1.8939580864934404,0.7505155327637073,-1.3560108384799183,-1.0474474664236173,2.103839469406932,2.626589694724025,1.1402942068406632
86.0,160.0,1228.111328125,-3.3754264096931577,1.5173165368594832,1.73461868690377,1.953763261058369,0.7505212552011413,-1.3554001681772374,-1.078018650933018,2.1034809975006925,2.6265905480557685,1.1402936203621856
86.0,160.0,1228.113037109375,-3.375425309337756,1.517328018952676,1.73461868140597,1.8843001906938897,0.7505212552011413,-1.3564873845094754,-1.0785697462335448,2.1034809975006925,2.626589790265476,1.1402936184770591
86.0,160.0,1228.115478515625,-3.375425309337756,1.5174620167560038,1.73461868140597,1.8843001906938897,0.7505212552011413,-1.3564873845094754,-1.07856426247699,2.1034809975006925,2.626589698648868,1.1402942811344985
86.0,160.0,1228.11572265625,-3.375425309337756,1.517471201341383,1.73461868140597,1.8843001906938897,0.7505212552011413,-1.3564873845094754,-1.07856426247699,2.1034809975006925,2.626589790265476,1.1402942811344985
86.0,160.0,1228.126708984375,-3.375425309337756,1.5180705465283677,1.73461868140597,1.8843001906938897,0.7504812147347046,-1.3564873845094754,-1.07856426247699,2.1034960865679326,2.626589698648868,1.1402942638389786
86.0,160.0,1228.141357421875,-3.3754252583485846,1.5174299748933215,1.7346186813045572,1.883685672508376,0.7505533931048859,-1.3572917071879331,-1.079204002374211,2.103839454095153,2.6265896440118146,1.1402942862699728
86.0,160.0,1228.1446533203125,-3.3754252604775163,1.5180321070015663,1.7346218566614784,1.9558400180300952,0.7504938767501101,-1.355770133433453,-1.080345627160595,2.1038248994725057,2.6265897831086145,1.140293626140132
86.0,160.0,1228.1595458984375,-3.375409721739483,1.523560289556513,1.7346186073686318,1.9558400180300952,0.7451833565703673,-1.3557102591371828,-1.078684346515632,2.1038394688499698,2.6265898346218024,1.1402935447008284
86.0,160.0,1228.15966796875,-3.375409721739483,1.5234850792223604,1.7346186091906357,1.9558400180300952,0.7451786548183208,-1.3557102549375326,-1.078684346515632,2.1038394545987984,2.626589693181029,1.1402935447008284
86.0,160.0,1228.15966796875,-3.375409721739483,1.523459716268352,1.7346186091906357,1.9558400180300952,0.7451773435983142,-1.3557098699287935,-1.078684346515632,2.1038394545987984,2.626589693181029,1.1402935447008284
86.0,161.0,1227.626220703125,-3.3531296350894766,1.5180317695607184,1.7346186814089135,1.898767504179273,0.7505155327637073,-1.356022747710944,-1.0798953990874398,2.103839469406932,2.626589694724025,1.1402935267092815
86.0,161.0,1227.7481689453125,-3.3682787622146315,1.5180359387873317,1.73461868140597,1.9558400180300952,0.7450763822612129,-1.343345104550232,-1.080396092856167,2.122356345240376,2.626589781043659,1.1402936277640572
86.0,161.0,1227.7535400390625,-3.3754190069544627,1.517467829763773,1.7346187000699638,1.954684193289822,0.7505533931048859,-1.343108041312039,-1.079204002374211,2.1038394688499698,2.626589787311746,1.1402942946680297
86.0,161.0,1227.7733154296875,-3.3682787622146315,1.5180359387873317,1.73461868140597,1.8915432080895456,0.7450763822612129,-1.3557098468289994,-1.080396092856167,2.122488975409957,2.6265896947231675,1.1402936320508854
86.0,161.0,1227.779541015625,-3.375410308240002,1.517468929424744,1.73461870118942,1.9558400180300952,0.7450723694145104,-1.343436658177362,-1.0804595894030444,2.1038309350587205,2.6265897847978343,1.1402935442440043
86.0,161.0,1227.779541015625,-3.375410308240002,1.517468929424744,1.73461870118942,1.9558400180300952,0.7450723694145104,-1.343436658177362,-1.0804595894030444,2.1038309350587205,2.6265897847978343,1.1402935442440043
86.0,161.0,1227.77978515625,-3.375425367441128,1.517468929424744,1.73461870118942,1.9558400180300952,0.7450763822612129,-1.343436658177362,-1.0804595894030444,2.1038309350587205,2.626589784140238,1.140293565615922
86.0,161.0,1227.7813720703125,-3.3754190069544627,1.517467829763773,1.734618702385729,1.954703870070664,0.7451100428532244,-1.34311150756848,-1.079204002374211,2.10383908230319,2.626589787311746,1.1402935313086058
86.0,161.0,1227.7835693359375,-3.3682787622146315,1.5180359387873317,1.7346186813532736,1.8901902185990955,0.7450763822612129,-1.3557098468289994,-1.080396092856167,2.122488975409957,2.626589694723139,1.1402935649598531
86.0,161.0,1227.7958984375,-3.375425369950059,1.517467829763773,1.7346186790902047,1.9558203412492527,0.7505197325128744,-1.3426392583897515,-1.076934477403532,2.1038394648357865,2.626589694724025,1.1402943285614882
86.0,161.0,1227.8226318359375,-3.3678283701998506,1.5174520048392857,1.7346186834092177,1.8939433477636256,0.7507378368198975,-1.3560108384799183,-1.076892434206201,2.1042536959363973,2.6265896947535183,1.1402941958756436
86.0,161.0,1227.8253173828125,-3.375425369950059,1.517467829763773,1.73461868140597,1.9558400180300952,0.7450763822612129,-1.3426427246461925,-1.076934477403532,2.103839078289006,2.626589694724025,1.1402935652020647
86.0,161.0,1227.8809814453125,-3.367949297180618,1.5180359387873317,1.734618683289774,1.8886537861099884,0.7450876408529131,-1.3557073285255217,-1.0789721493957958,2.1042581722031706,2.6265896940356144,1.1402935636991245
86.0,161.0,1227.8819580078125,-3.367849149253036,1.5173165368594832,1.7346186873523033,1.886577029138262,0.7506290225829076,-1.3553939926938534,-1.078042572380777,2.1034809975006925,2.626590547367358,1.1402936184770591
86.0,161.0,1227.890625,-3.368276582838276,1.5173136859190794,1.7346186873523033,1.886516883465371,0.7506290225829076,-1.355376298229318,-1.078042572380777,2.1034809975006925,2.626590547367358,1.1402936153461745
86.0,161.0,1227.9287109375,-3.368296022246671,1.5173095503451834,1.7346186874000198,1.8835226222252208,0.7506290225829076,-1.355398010973361,-1.078042572380777,2.103327818314205,2.626590547367358,1.1402936184415324
86.0,161.0,1227.9466552734375,-3.3754264096931577,1.5173165368594832,1.7346186831316872,1.886577029138262,0.7514141135043565,-1.3424406398245232,-1.0789697364839104,2.1034809975006925,2.6265896752926934,1.1402936184770591
86.0,161.0,1227.95654296875,-3.352867164435549,1.517467829763773,1.7346186869691849,1.9550978317174728,0.751431060661468,-1.3553946698823611,-1.0791446946896983,2.1038394688499698,2.626589676696845,1.1402936097341752
86.0,161.0,1227.9613037109375,-3.3682787622146315,1.5175427154597043,1.73461868140597,1.883226050366925,0.7450763822612129,-1.3563367502394212,-1.0774855958862664,2.1038394540884404,2.626589644233922,1.1402935514504244
86.0,161.0,1227.9615478515625,-3.351044107168475,1.5174219949048726,1.73461868140597,1.9550866331374728,0.7518698448312621,-1.355709865769848,-1.0804290436443984,2.103839469470984,2.6265896947239966,1.1402935655842508
86.0,161.0,1227.9647216796875,-3.352743574423699,1.5180705465283677,1.73461868140597,1.8843001906938897,0.7504812147347046,-1.3560075861153602,-1.058010545356064,2.1034960865679326,2.6265896986317645,1.1402942670805822
86.0,161.0,1227.9676513671875,-3.352867164435549,1.517467829763773,1.73461868140597,1.9550892791273216,0.7514611667938678,-1.3557098644661572,-1.0791703357944584,2.1038394688499698,2.626589694737563,1.1402936097743477
86.0,161.0,1227.969970703125,-3.3744528212732,1.5174520048392857,1.7346186814060511,1.8939580864934404,0.7505155327637073,-1.3560108384799183,-1.0769212082929676,2.103839469406932,2.6265896949766785,1.1402942068406632
86.0,161.0,1227.9700927734375,-3.3744528212732,1.5174520048392857,1.7346186814060511,1.8939580864934404,0.7505155327637073,-1.3560108384799183,-1.076892434206201,2.103839469406932,2.6265896947231475,1.1402942068406632
86.0,161.0,1227.9700927734375,-3.3744528212732,1.5174520048392857,1.7346186814060511,1.8939580864934404,0.7505155327637073,-1.3560108384799183,-1.076892434206201,2.103839469406932,2.6265896947231475,1.1402942068406632
86.0,161.0,1227.9700927734375,-3.3744528212732,1.5174520048392857,1.7346186814060511,1.8939580864934404,0.7505155327637073,-1.3560108384799183,-1.076892434206201,2.103839469406932,2.6265896949809475,1.1402942068406632
86.0,161.0,1228.0455322265625,-3.3682787622146315,1.5175427154597043,1.73461868140597,1.8768178886038285,0.7450763822612129,-1.3563367502394212,-1.0774855958862664,2.103839454591348,2.626589694724025,1.1402935655842508
86.0,161.0,1228.04931640625,-3.3682787622146315,1.5180359387873317,1.73461868679762,1.9564922628577668,0.7504608972983033,-1.3553837845162044,-1.077657490757682,2.103853962510548,2.626590506861926,1.1402935656146909
86.0,161.0,1228.0545654296875,-3.368564988141239,1.5180402178552326,1.7346186871952796,1.9558400180300952,0.7506295691935986,-1.355709847328951,-1.078165398194065,2.1035027704429123,2.626589694724025,1.140293565614377
86.0,161.0,1228.0546875,-3.368564988141239,1.5180402178552326,1.7346186869076143,1.9558400180300952,0.7506295691935986,-1.355709847328951,-1.078140506875757,2.1035027704429123,2.626589694724025,1.140293565614377
86.0,161.0,1228.0556640625,-3.3754264096931577,1.5173165368594832,1.73461868323163,1.886577029138262,0.7505212552011413,-1.3553976493738078,-1.0789697364839104,2.1034809975006925,2.626590547367358,1.1402936184770591
86.0,161.0,1228.0596923828125,-3.375425309337756,1.517467829763773,1.7346216048015737,1.886738675131118,0.7506870035201527,-1.3557705120922814,-1.0769203861624324,2.104259592688832,2.6265897163403,1.140293625077746
86.0,161.0,1228.0615234375,-3.375425250118121,1.517467829763773,1.734618681304532,1.886537262576797,0.7505533931048859,-1.3556812612154625,-1.0792990923704,2.103839454095153,2.626589784130038,1.1402943126275402
86.0,161.0,1228.0615234375,-3.3754252501240423,1.517467829763773,1.734618681304532,1.886537262576797,0.7505533931048859,-1.3556812612154625,-1.0792990923704,2.103839454095153,2.626589784130851,1.1402943126275402
86.0,161.0,1228.0628662109375,-3.3754190069544627,1.517467829763773,1.734618683142824,1.886537262576797,0.7511913579413262,-1.3556787566811022,-1.079204002374211,2.103839468116699,2.626589646718544,1.1402942862699728
86.0,161.0,1228.078857421875,-3.3682787622146315,1.5180359387873317,1.73461868140597,1.9558400180300952,0.7450763822612129,-1.3557098468482325,-1.080396092856167,2.103839454591348,2.626589694724025,1.1402935655842508
86.0,161.0,1228.078857421875,-3.3682787622146315,1.5180359387873317,1.73461868140597,1.9558400180300952,0.7450763822612129,-1.3557098468482325,-1.080396092856167,2.103839454591348,2.626589694724025,1.1402935655842508
86.0,161.0,1228.085693359375,-3.367949297180618,1.5180359387873317,1.734618686961914,1.9558400180300952,0.7450876408529131,-1.355709847328951,-1.0780210638449037,2.1042581722031706,2.626589694724025,1.1402935655842508
86.0,161.0,1228.0888671875,-3.3683757571172523,1.5180402178552326,1.7346186869076143,1.9558400180300952,0.7450880524888911,-1.355709847328951,-1.0781389869342084,2.104260156251957,2.626589694724025,1.140293565614377
86.0,161.0,1228.0919189453125,-3.3531296350894766,1.5180317695607184,1.7346186814089135,1.89776240802496,0.7505155327637073,-1.356022747710944,-1.0474474664236173,2.103839469406932,2.626589694724025,1.140294242965746
86.0,161.0,1228.09326171875,-3.3682787622146315,1.5180359387873317,1.73461868140597,1.9558400180300952,0.7450763822612129,-1.3557098468482325,-1.077657490757682,2.103839454649848,2.626589694724025,1.1402935656146909
86.0,161.0,1228.0946044921875,-3.375093967362042,1.517467829763773,1.7346186830283046,1.8867170212003448,0.7505533931048859,-1.3572496211841276,-1.079204002374211,2.103839468773799,2.626589701894234,1.14029356568575
86.0,161.0,1228.09521484375,-3.367851328629392,1.5180387897277354,1.73461868140597,1.9559001637029865,0.7450763822612129,-1.3557275413127676,-1.080396092856167,2.122488975409957,2.626589694724025,1.1402935687151354
86.0,161.0,1228.096923828125,-3.375425370015569,1.5180490165255716,1.7346186833236517,1.878613632491014,0.7444948174915104,-1.3425797712904983,-1.0785740870959502,2.1038475514120267,2.626589790265476,1.140293564207892
86.0,161.0,1228.097412109375,-3.3682787622146315,1.5180359387873317,1.73461868140597,1.9558400180300952,0.7450763822612129,-1.3557098468482325,-1.080396092856167,2.122488975409957,2.626589694724025,1.1402935655842508
86.0,161.0,1228.097412109375,-3.3682787622146315,1.5180359387873317,1.73461868140597,1.9558400180300952,0.7450763822612129,-1.3557098468289994,-1.080396092856167,2.122488975409957,2.626589694724048,1.1402936277640572
86.0,161.0,1228.09814453125,-3.3682787622146315,1.5180290506143808,1.73461868140597,1.9558400180300952,0.7450763822612129,-1.3557098468482325,-1.0769041649470226,2.103839454591348,2.626589694724025,1.140293565146698
86.0,161.0,1228.1044921875,-3.3754190069544627,1.517472157882232,1.734618683145342,1.886537262576797,0.7505533931048859,-1.3572204023347203,-1.079204002374211,2.1038536990085683,2.6265896967454028,1.140294276032155
86.0,161.0,1228.1055908203125,-3.375425309337756,1.5180490165255716,1.734618683298632,1.8843001906938897,0.7444948174915104,-1.3557509903899585,-1.0785740870959502,2.1034961887967483,2.626589790265476,1.140293564208011
86.0,161.0,1228.10693359375,-3.3754252583485846,1.517467829763773,1.7346186813045572,1.886537262576797,0.7505533931048859,-1.3572917071879331,-1.079204002374211,2.103839454095153,2.626589649973217,1.1402942862699728
86.0,162.0,1227.626220703125,-3.3531296350894766,1.5180317695607184,1.7346186814089135,1.898767504179273,0.7505155327637073,-1.356022747710944,-1.0798953990874398,2.103839469406932,2.626589694724025,1.1402935267092815
86.0,162.0,1227.724853515625,-3.3685399044865267,1.5174522968093536,1.73461870118942,1.9558400180300952,0.7444195762866822,-1.343436658177362,-1.0808148651302891,2.1035031625290923,2.6265897847978343,1.1402935422749918
86.0,162.0,1227.736328125,-3.36829892187996,1.5180359387873317,1.73461868140597,1.9558400180300952,0.7450875647083675,-1.343345104550232,-1.0801215357135936,2.1024934564105187,2.626589781043659,1.1402935663686702
86.0,162.0,1227.7481689453125,-3.3682787622146315,1.5180359387873317,1.73461868140597,1.9558400180300952,0.7450763822612129,-1.343345104550232,-1.080396092856167,2.122356345240376,2.626589781043659,1.1402936277640572
86.0,162.0,1227.7535400390625,-3.3754190069544627,1.517467829763773,1.7346187000699638,1.954684193289822,0.7505533931048859,-1.343108041312039,-1.079204002374211,2.1038394688499698,2.626589787311746,1.1402942946680297
86.0,162.0,1227.7733154296875,-3.3682787622146315,1.5180359387873317,1.73461868140597,1.8915432080895456,0.7450763822612129,-1.3557098468289994,-1.080396092856167,2.122488975409957,2.6265896947231675,1.1402936320508854
86.0,162.0,1227.7733154296875,-3.3682787622146315,1.5180359387873317,1.73461868140597,1.8915432080895456,0.7450763822612129,-1.3557098468289994,-1.080396092856167,2.122488975409957,2.626589694724025,1.1402936320508854
86.0,162.0,1227.777099609375,-3.3754256500528457,1.517467829763773,1.7346186797585663,1.95473812041872,0.7448195495634466,-1.3426392583897515,-1.0792328296161866,2.1038394648357865,2.626589694724025,1.1402935585896947
86.0,162.0,1227.779541015625,-3.375410308240002,1.517468929424744,1.73461870118942,1.9558400180300952,0.7450723694145104,-1.343436658177362,-1.0804595894030444,2.1038309350587205,2.6265897847978343,1.1402935442440043
86.0,162.0,1227.779541015625,-3.375410308240002,1.517468929424744,1.73461870118942,1.9558400180300952,0.7450723694145104,-1.343436658177362,-1.0804595894030444,2.1038309350587205,2.6265897847978343,1.1402935442440043
86.0,162.0,1227.77978515625,-3.375425367441128,1.517468929424744,1.73461870118942,1.9558400180300952,0.7450763822612129,-1.343436658177362,-1.0804595894030444,2.1038309350587205,2.626589784140238,1.140293565615922
86.0,162.0,1227.7813720703125,-3.3754190069544627,1.517467829763773,1.734618702385729,1.954703870070664,0.7451100428532244,-1.34311150756848,-1.079204002374211,2.10383908230319,2.626589787311746,1.1402935313086058
86.0,162.0,1227.782958984375,-3.375410308240002,1.5183605237783728,1.73461870118942,1.9558371559174408,0.7450723694145104,-1.343436658177362,-1.0804595894030444,2.1038385831263784,2.626589789578309,1.1402936106476729
86.0,162.0,1227.7835693359375,-3.3682787622146315,1.5180359387873317,1.7346186813532736,1.8901902185990955,0.7450763822612129,-1.3557098468289994,-1.080396092856167,2.122488975409957,2.626589694723139,1.1402935649598531
86.0,162.0,1227.7958984375,-3.375425369950059,1.517467829763773,1.7346186790902047,1.9558203412492527,0.7505197325128744,-1.3426392583897515,-1.076934477403532,2.1038394648357865,2.626589694724025,1.1402943285614882
86.0,162.0,1227.80029296875,-3.375418726851676,1.517467829763773,1.734618701717367,1.9557860909011973,0.7508102258026521,-1.34311150756848,-1.0769056501615566,2.10383908230319,2.626589787311746,1.1402943012803992
86.0,162.0,1227.8226318359375,-3.3678283701998506,1.5174520048392857,1.7346186834092177,1.8939433477636256,0.7507378368198975,-1.3560108384799183,-1.076892434206201,2.1042536959363973,2.6265896947535183,1.1402941958756436
86.0,162.0,1227.8253173828125,-3.375425369950059,1.517467829763773,1.73461868140597,1.9558400180300952,0.7450763822612129,-1.3426427246461925,-1.076934477403532,2.103839078289006,2.626589694724025,1.1402935652020647
86.0,162.0,1227.8809814453125,-3.367949297180618,1.5180359387873317,1.734618683289774,1.8886537861099884,0.7450876408529131,-1.3557073285255217,-1.0789721493957958,2.1042581722031706,2.6265896940356144,1.1402935636991245
86.0,162.0,1227.8819580078125,-3.367849149253036,1.5173165368594832,1.7346186873523033,1.886577029138262,0.7506290225829076,-1.3553939926938534,-1.078042572380777,2.1034809975006925,2.626590547367358,1.1402936184770591
86.0,162.0,1227.890625,-3.368276582838276,1.5173136859190794,1.7346186873523033,1.886516883465371,0.7506290225829076,-1.355376298229318,-1.078042572380777,2.1034809975006925,2.626590547367358,1.1402936153461745
86.0,162.0,1227.9287109375,-3.368296022246671,1.5173095503451834,1.7346186874000198,1.8835226222252208,0.7506290225829076,-1.355398010973361,-1.078042572380777,2.103327818314205,2.626590547367358,1.1402936184415324
86.0,162.0,1227.9364013671875,-3.3682950277240864,1.5173047421969403,1.7346186814815978,1.8834051645852623,0.7506290225829076,-1.3556976858427032,-1.078042572380777,2.103327818314205,2.6265896869473067,1.1402936179022434
86.0,162.0,1227.9466552734375,-3.3754264096931577,1.5173165368594832,1.7346186831316872,1.886577029138262,0.7514141135043565,-1.3424406398245232,-1.0789697364839104,2.1034809975006925,2.6265896752926934,1.1402936184770591
86.0,162.0,1227.95654296875,-3.352867164435549,1.517467829763773,1.7346186869691849,1.9550978317174728,0.751431060661468,-1.3553946698823611,-1.0791446946896983,2.1038394688499698,2.626589676696845,1.1402936097341752
86.0,162.0,1227.9566650390625,-3.352867164435549,1.517467842550206,1.7346186869691849,1.955100693830128,0.751431060661468,-1.3553946698823611,-1.0791446946896983,2.1038318207823115,2.6265896719163697,1.140293543330507
86.0,162.0,1227.9613037109375,-3.3682787622146315,1.5175427154597043,1.73461868140597,1.883226050366925,0.7450763822612129,-1.3563367502394212,-1.0774855958862664,2.1038394540884404,2.626589644233922,1.1402935514504244
86.0,162.0,1227.9615478515625,-3.351044107168475,1.5174219949048726,1.73461868140597,1.9550866331374728,0.7518698448312621,-1.355709865769848,-1.0804290436443984,2.103839469470984,2.6265896947239966,1.1402935655842508
86.0,162.0,1227.9647216796875,-3.352743574423699,1.5180705465283677,1.73461868140597,1.8843001906938897,0.7504812147347046,-1.3560075861153602,-1.058010545356064,2.1034960865679326,2.6265896986317645,1.1402942670805822
86.0,162.0,1227.9676513671875,-3.352867164435549,1.517467829763773,1.73461868140597,1.9550892791273216,0.7514611667938678,-1.3557098644661572,-1.0791703357944584,2.1038394688499698,2.626589694737563,1.1402936097743477
86.0,162.0,1227.969970703125,-3.3744528212732,1.5174520048392857,1.7346186814060511,1.8939580864934404,0.7505155327637073,-1.3560108384799183,-1.0769212082929676,2.103839469406932,2.6265896949766785,1.1402942068406632
86.0,162.0,1227.9700927734375,-3.3744528212732,1.5174520048392857,1.7346186814060511,1.8939580864934404,0.7505155327637073,-1.3560108384799183,-1.076892434206201,2.103839469406932,2.6265896947231475,1.1402942068406632
86.0,162.0,1227.9700927734375,-3.3744528212732,1.5174520048392857,1.7346186814060511,1.8939580864934404,0.7505155327637073,-1.3560108384799183,-1.076892434206201,2.103839469406932,2.6265896947231475,1.1402942068406632
86.0,162.0,1227.9700927734375,-3.3744528212732,1.5174520048392857,1.7346186814060511,1.8939580864934404,0.7505155327637073,-1.3560108384799183,-1.076892434206201,2.103839469406932,2.6265896949809475,1.1402942068406632
86.0,162.0,1227.974365234375,-3.37435293009753,1.5174520048392857,1.7346186814060511,1.8929292036215395,0.7505155327637073,-1.3559137938709078,-1.076920588242463,2.103839469403345,2.6265896947259884,1.1402942056815628
86.0,162.0,1227.98095703125,-3.374636177604424,1.5174914032050169,1.7346186814059632,1.8931933460031287,0.7505155327637073,-1.3561009277130496,-1.0803953479450734,2.103839469406932,2.626589684977757,1.1402936205040797
86.0,162.0,1227.9862060546875,-3.375577581249032,1.517452940295088,1.73461870118942,1.897171861829056,0.7450723694145104,-1.356492932526855,-1.0804278906881053,2.1038309350587205,2.626589693244412,1.140293546996645
86.0,162.0,1227.9971923828125,-3.3754258527715977,1.517467829763773,1.734618683142824,1.886537262576797,0.7511913579413262,-1.3556787566811022,-1.079204002374211,2.103839468116699,2.6265896434507146,1.1477482022304366
86.0,162.0,1228.039794921875,-3.3682787622146315,1.5175423922376348,1.73461868140597,1.8768178886038285,0.7513920446850325,-1.3563367502394212,-1.0774855958862664,2.103839468536926,2.626589694737348,1.1402936071587155
86.0,162.0,1228.0455322265625,-3.3682787622146315,1.5175427154597043,1.73461868140597,1.8768178886038285,0.7450763822612129,-1.3563367502394212,-1.0774855958862664,2.103839454591348,2.626589694724025,1.1402935655842508
86.0,162.0,1228.04931640625,-3.3682787622146315,1.5180359387873317,1.73461868679762,1.9564922628577668,0.7504608972983033,-1.3553837845162044,-1.077657490757682,2.103853962510548,2.626590506861926,1.1402935656146909
86.0,162.0,1228.0545654296875,-3.368564988141239,1.5180402178552326,1.7346186871952796,1.9558400180300952,0.7506295691935986,-1.355709847328951,-1.078165398194065,2.1035027704429123,2.626589694724025,1.140293565614377
86.0,162.0,1228.0546875,-3.368564988141239,1.5180402178552326,1.7346186869076143,1.9558400180300952,0.7506295691935986,-1.355709847328951,-1.078140506875757,2.1035027704429123,2.626589694724025,1.140293565614377
86.0,162.0,1228.0556640625,-3.3754264096931577,1.5173165368594832,1.73461868323163,1.886577029138262,0.7505212552011413,-1.3553976493738078,-1.0789697364839104,2.1034809975006925,2.626590547367358,1.1402936184770591
86.0,162.0,1228.0596923828125,-3.375425309337756,1.517467829763773,1.7346216048015737,1.886738675131118,0.7506870035201527,-1.3557705120922814,-1.0769203861624324,2.104259592688832,2.6265897163403,1.140293625077746
86.0,162.0,1228.0615234375,-3.375425250118121,1.517467829763773,1.734618681304532,1.886537262576797,0.7505533931048859,-1.3556812612154625,-1.0792990923704,2.103839454095153,2.626589784130038,1.1402943126275402
86.0,162.0,1228.0615234375,-3.3754252501240423,1.517467829763773,1.734618681304532,1.886537262576797,0.7505533931048859,-1.3556812612154625,-1.0792990923704,2.103839454095153,2.626589784130851,1.1402943126275402
86.0,162.0,1228.0628662109375,-3.3754190069544627,1.517467829763773,1.734618683142824,1.886537262576797,0.7511913579413262,-1.3556787566811022,-1.079204002374211,2.103839468116699,2.626589646718544,1.1402942862699728
86.0,162.0,1228.070068359375,-3.375373132108848,1.5180359387873317,1.73461868679762,1.8862775200174977,0.7504553124008588,-1.3555318751572245,-1.0789547962015096,2.103853962510548,2.626589670365868,1.1402935656146909
86.0,162.0,1228.078857421875,-3.3682787622146315,1.5180359387873317,1.73461868140597,1.9558400180300952,0.7450763822612129,-1.3557098468482325,-1.080396092856167,2.103839454591348,2.626589694724025,1.1402935655842508
86.0,163.0,1227.626220703125,-3.3531296350894766,1.5180317695607184,1.7346186814089135,1.898767504179273,0.7505155327637073,-1.356022747710944,-1.0798953990874398,2.103839469406932,2.626589694724025,1.1402935267092815
86.0,163.0,1227.724853515625,-3.3685399044865267,1.5174522968093536,1.73461870118942,1.9558400180300952,0.7444195762866822,-1.343436658177362,-1.0808148651302891,2.1035031625290923,2.6265897847978343,1.1402935422749918
86.0,163.0,1227.736328125,-3.36829892187996,1.5180359387873317,1.73461868140597,1.9558400180300952,0.7450875647083675,-1.343345104550232,-1.0801215357135936,2.1024934564105187,2.626589781043659,1.1402935663686702
86.0,163.0,1227.7481689453125,-3.3682787622146315,1.5180359387873317,1.73461868140597,1.9558400180300952,0.7450763822612129,-1.343345104550232,-1.080396092856167,2.122356345240376,2.626589781043659,1.1402936277640572
86.0,163.0,1227.7535400390625,-3.3754190069544627,1.517467829763773,1.7346187000699638,1.954684193289822,0.7505533931048859,-1.343108041312039,-1.079204002374211,2.1038394688499698,2.626589787311746,1.1402942946680297
86.0,163.0,1227.7733154296875,-3.3682787622146315,1.5180359387873317,1.73461868140597,1.8915432080895456,0.7450763822612129,-1.3557098468289994,-1.080396092856167,2.122488975409957,2.6265896947231675,1.1402936320508854
86.0,163.0,1227.7733154296875,-3.3682787622146315,1.5180359387873317,1.73461868140597,1.8915432080895456,0.7450763822612129,-1.3557098468289994,-1.080396092856167,2.122488975409957,2.626589694724025,1.1402936320508854
86.0,163.0,1227.777099609375,-3.3754256500528457,1.517467829763773,1.7346186797585663,1.95473812041872,0.7448195495634466,-1.3426392583897515,-1.0792328296161866,2.1038394648357865,2.626589694724025,1.1402935585896947
86.0,163.0,1227.777587890625,-3.3682787622146315,1.5180359387873317,1.73461868140597,1.8939149765483647,0.7450763822612129,-1.356002123586593,-1.0768355561052392,2.122488975409957,2.6265896947231675,1.1402936320508854
86.0,163.0,1227.779541015625,-3.375410308240002,1.517468929424744,1.73461870118942,1.9558400180300952,0.7450723694145104,-1.343436658177362,-1.0804595894030444,2.1038309350587205,2.6265897847978343,1.1402935442440043
86.0,163.0,1227.779541015625,-3.375410308240002,1.517468929424744,1.73461870118942,1.9558400180300952,0.7450723694145104,-1.343436658177362,-1.0804595894030444,2.1038309350587205,2.6265897847978343,1.1402935442440043
86.0,163.0,1227.77978515625,-3.375425367441128,1.517468929424744,1.73461870118942,1.9558400180300952,0.7450763822612129,-1.343436658177362,-1.0804595894030444,2.1038309350587205,2.626589784140238,1.140293565615922
86.0,163.0,1227.7813720703125,-3.3754190069544627,1.517467829763773,1.734618702385729,1.954703870070664,0.7451100428532244,-1.34311150756848,-1.079204002374211,2.10383908230319,2.626589787311746,1.1402935313086058
86.0,163.0,1227.782958984375,-3.375410308240002,1.5183605237783728,1.73461870118942,1.9558371559174408,0.7450723694145104,-1.343436658177362,-1.0804595894030444,2.1038385831263784,2.626589789578309,1.1402936106476729
86.0,163.0,1227.7835693359375,-3.3682787622146315,1.5180359387873317,1.7346186813532736,1.8901902185990955,0.7450763822612129,-1.3557098468289994,-1.080396092856167,2.122488975409957,2.626589694723139,1.1402935649598531
86.0,163.0,1227.790283203125,-3.374401053544513,1.5174520048392857,1.7346186814060511,1.8939580864934404,0.7505155327637073,-1.343223779985509,-1.080667250924799,2.1038385446816568,2.626589790684404,1.1402936137889994
86.0,163.0,1227.7958984375,-3.375425369950059,1.517467829763773,1.7346186790902047,1.9558203412492527,0.7505197325128744,-1.3426392583897515,-1.076934477403532,2.1038394648357865,2.626589694724025,1.1402943285614882
86.0,163.0,1227.7958984375,-3.375425369950059,1.517467829763773,1.7346186790902047,1.9558203412492527,0.7505197325128744,-1.3426392583897515,-1.076934477403532,2.1038394648357865,2.626589694724025,1.1402943285614882
86.0,163.0,1227.79931640625,-3.3754099845266925,1.517468929424744,1.7346187012040053,1.955995035783495,0.7450723694145104,-1.343436658177362,-1.079249825980389,2.103840375455216,2.6265897847978343,1.1402943023423096
86.0,163.0,1227.80029296875,-3.375418726851676,1.517467829763773,1.734618701717367,1.9557860909011973,0.7508102258026521,-1.34311150756848,-1.0769056501615566,2.10383908230319,2.626589787311746,1.1402943012803992
86.0,163.0,1227.813720703125,-3.375425369950059,1.517467829763773,1.73461868140597,1.9547448562671648,0.7450758153677346,-1.3426427246461925,-1.076934477403532,2.103839078289006,2.626589707572582,1.1402935652020647
86.0,163.0,1227.8226318359375,-3.3678283701998506,1.5174520048392857,1.7346186834092177,1.8939433477636256,0.7507378368198975,-1.3560108384799183,-1.076892434206201,2.1042536959363973,2.6265896947535183,1.1402941958756436
86.0,163.0,1227.8253173828125,-3.375425369950059,1.517467829763773,1.73461868140597,1.9558400180300952,0.7450763822612129,-1.3426427246461925,-1.076934477403532,2.103839078289006,2.626589694724025,1.1402935652020647
86.0,163.0,1227.82666015625,-3.375425367441128,1.5180439212311825,1.734618700695279,1.958049456821097,0.7450877364774126,-1.3434274959727892,-1.0789567268088416,2.104297637092802,2.626589782977637,1.1402935658594588
86.0,163.0,1227.83642578125,-3.3754102097508114,1.517468929424744,1.7346187012123278,1.9558400180300952,0.7450723694145104,-1.3434469092023564,-1.076833796286969,2.1038309350587205,2.626589784760257,1.140294291405075
86.0,163.0,1227.8773193359375,-3.3682787622146315,1.5175427154597043,1.73461868140597,1.8913379955222125,0.7450763822612129,-1.356282265336286,-1.0774855958862664,2.103839454591348,2.626589694724025,1.1402935655842508
86.0,163.0,1227.8809814453125,-3.367949297180618,1.5180359387873317,1.734618683289774,1.8886537861099884,0.7450876408529131,-1.3557073285255217,-1.0789721493957958,2.1042581722031706,2.6265896940356144,1.1402935636991245
86.0,163.0,1227.8819580078125,-3.367849149253036,1.5173165368594832,1.7346186873523033,1.886577029138262,0.7506290225829076,-1.3553939926938534,-1.078042572380777,2.1034809975006925,2.626590547367358,1.1402936184770591
86.0,163.0,1227.884521484375,-3.368276582838276,1.5173136859190794,1.7346186874353335,1.886516883465371,0.7506290225829076,-1.3553417701696535,-1.0803882292449392,2.1034809975006925,2.626590547367358,1.1402935662099898
86.0,163.0,1227.890625,-3.368276582838276,1.5173136859190794,1.7346186873523033,1.886516883465371,0.7506290225829076,-1.355376298229318,-1.078042572380777,2.1034809975006925,2.626590547367358,1.1402936153461745
86.0,163.0,1227.9239501953125,-3.3682787622146315,1.5180359387873317,1.73461868140597,1.877023101171161,0.7450763822612129,-1.3557643317321344,-1.080396092856167,2.122488975409957,2.6265896947231675,1.1402936320508854
86.0,163.0,1227.9287109375,-3.368296022246671,1.5173095503451834,1.7346186874000198,1.8835226222252208,0.7506290225829076,-1.355398010973361,-1.078042572380777,2.103327818314205,2.626590547367358,1.1402936184415324
86.0,163.0,1227.9287109375,-3.368296022246671,1.5173095503451834,1.7346186874000198,1.8835226222252208,0.7506290225829076,-1.355398010973361,-1.078042572380777,2.103327818314205,2.626590530069512,1.1402936184415324
86.0,163.0,1227.9364013671875,-3.3682950277240864,1.5173047421969403,1.7346186814815978,1.8834051645852623,0.7506290225829076,-1.3556976858427032,-1.078042572380777,2.103327818314205,2.6265896869473067,1.1402936179022434
86.0,163.0,1227.9459228515625,-3.3685655851238394,1.5173095503451834,1.734618681496123,1.8835226222252208,0.7506072104095555,-1.3559396090064,-1.0780369101919298,2.103327818314205,2.626590547367358,1.1402936184415324
86.0,163.0,1227.9466552734375,-3.3754264096931577,1.5173165368594832,1.7346186831316872,1.886577029138262,0.7514141135043565,-1.3424406398245232,-1.0789697364839104,2.1034809975006925,2.6265896752926934,1.1402936184770591
86.0,163.0,1227.949462890625,-3.374183258396032,1.5174520048392857,1.7346186873099476,1.8939580864934404,0.7505373449370595,-1.3554692404468798,-1.076926870481815,2.103839469406932,2.6265896949766785,1.1402942068406632
86.0,163.0,1227.95654296875,-3.352867164435549,1.517467829763773,1.7346186869691849,1.9550978317174728,0.751431060661468,-1.3553946698823611,-1.0791446946896983,2.1038394688499698,2.626589676696845,1.1402936097341752
86.0,163.0,1227.9566650390625,-3.352867164435549,1.517467842550206,1.7346186869691849,1.955100693830128,0.751431060661468,-1.3553946698823611,-1.0791446946896983,2.1038318207823115,2.6265896719163697,1.140293543330507
86.0,163.0,1227.9613037109375,-3.3682787622146315,1.5175427154597043,1.73461868140597,1.883226050366925,0.7450763822612129,-1.3563367502394212,-1.0774855958862664,2.1038394540884404,2.626589644233922,1.1402935514504244
86.0,163.0,1227.9615478515625,-3.351044107168475,1.5174219949048726,1.73461868140597,1.9550866331374728,0.7518698448312621,-1.355709865769848,-1.0804290436443984,2.103839469470984,2.6265896947239966,1.1402935655842508
86.0,163.0,1227.9647216796875,-3.352743574423699,1.5180705465283677,1.73461868140597,1.8843001906938897,0.7504812147347046,-1.3560075861153602,-1.058010545356064,2.1034960865679326,2.6265896986317645,1.1402942670805822
86.0,163.0,1227.9676513671875,-3.352867164435549,1.517467829763773,1.73461868140597,1.9550892791273216,0.7514611667938678,-1.3557098644661572,-1.0791703357944584,2.1038394688499698,2.626589694737563,1.1402936097743477
86.0,163.0,1227.969970703125,-3.3744528212732,1.5174520048392857,1.7346186814060511,1.8939580864934404,0.7505155327637073,-1.3560108384799183,-1.0769212082929676,2.103839469406932,2.6265896949766785,1.1402942068406632
86.0,163.0,1227.9700927734375,-3.3744528212732,1.5174520048392857,1.7346186814060511,1.8939580864934404,0.7505155327637073,-1.3560108384799183,-1.076892434206201,2.103839469406932,2.6265896947231475,1.1402942068406632
86.0,163.0,1227.9700927734375,-3.3744528212732,1.5174520048392857,1.7346186814060511,1.8939580864934404,0.7505155327637073,-1.3560108384799183,-1.076892434206201,2.103839469406932,2.6265896947231475,1.1402942068406632
86.0,163.0,1227.9700927734375,-3.3744528212732,1.5174520048392857,1.7346186814060511,1.8939580864934404,0.7505155327637073,-1.3560108384799183,-1.076892434206201,2.103839469406932,2.6265896949809475,1.1402942068406632
86.0,163.0,1227.974365234375,-3.37435293009753,1.5174520048392857,1.7346186814060511,1.8929292036215395,0.7505155327637073,-1.3559137938709078,-1.076920588242463,2.103839469403345,2.6265896947259884,1.1402942056815628
86.0,163.0,1227.98095703125,-3.374636177604424,1.5174914032050169,1.7346186814059632,1.8931933460031287,0.7505155327637073,-1.3561009277130496,-1.0803953479450734,2.103839469406932,2.626589684977757,1.1402936205040797
86.0,163.0,1227.9862060546875,-3.375577581249032,1.517452940295088,1.73461870118942,1.897171861829056,0.7450723694145104,-1.356492932526855,-1.0804278906881053,2.1038309350587205,2.626589693244412,1.140293546996645
86.0,164.0,1227.626220703125,-3.3531296350894766,1.5180317695607184,1.7346186814089135,1.898767504179273,0.7505155327637073,-1.356022747710944,-1.0798953990874398,2.103839469406932,2.626589694724025,1.1402935267092815
86.0,164.0,1227.724853515625,-3.3685399044865267,1.5174522968093536,1.73461870118942,1.9558400180300952,0.7444195762866822,-1.343436658177362,-1.0808148651302891,2.1035031625290923,2.6265897847978343,1.1402935422749918
86.0,164.0,1227.736328125,-3.36829892187996,1.5180359387873317,1.73461868140597,1.9558400180300952,0.7450875647083675,-1.343345104550232,-1.0801215357135936,2.1024934564105187,2.626589781043659,1.1402935663686702
86.0,164.0,1227.7470703125,-3.368053047662808,1.5180359387873317,1.73461868140597,1.9558400180300952,0.7450763822612129,-1.3433406711484843,-1.080396092856167,2.122356345240376,2.6265897843162858,1.1402936277640572
86.0,164.0,1227.7481689453125,-3.3682787622146315,1.5180359387873317,1.73461868140597,1.9558400180300952,0.7450763822612129,-1.343345104550232,-1.080396092856167,2.122356345240376,2.626589781043659,1.1402936277640572
86.0,164.0,1227.7481689453125,-3.3682787622146315,1.5180359387873317,1.73461868140597,1.9558400180300952,0.7450763822612129,-1.343345104550232,-1.080396092856167,2.122356345240376,2.626589781043659,1.1402936277640572
86.0,164.0,1227.7535400390625,-3.3754190069544627,1.517467829763773,1.7346187000699638,1.954684193289822,0.7505533931048859,-1.343108041312039,-1.079204002374211,2.1038394688499698,2.626589787311746,1.1402942946680297
86.0,164.0,1227.7733154296875,-3.3682787622146315,1.5180359387873317,1.73461868140597,1.8915432080895456,0.7450763822612129,-1.3557098468289994,-1.080396092856167,2.122488975409957,2.6265896947231675,1.1402936320508854
86.0,164.0,1227.7733154296875,-3.3682787622146315,1.5180359387873317,1.73461868140597,1.8915432080895456,0.7450763822612129,-1.3557098468289994,-1.080396092856167,2.122488975409957,2.626589694724025,1.1402936320508854
86.0,164.0,1227.777099609375,-3.3754256500528457,1.517467829763773,1.7346186797585663,1.95473812041872,0.7448195495634466,-1.3426392583897515,-1.0792328296161866,2.1038394648357865,2.626589694724025,1.1402935585896947
86.0,164.0,1227.777587890625,-3.3682787622146315,1.5180359387873317,1.73461868140597,1.8939149765483647,0.7450763822612129,-1.356002123586593,-1.0768355561052392,2.122488975409957,2.6265896947231675,1.1402936320508854
86.0,164.0,1227.779541015625,-3.375410308240002,1.517468929424744,1.73461870118942,1.9558400180300952,0.7450723694145104,-1.343436658177362,-1.0804595894030444,2.1038309350587205,2.6265897847978343,1.1402935442440043
86.0,164.0,1227.779541015625,-3.375410308240002,1.517468929424744,1.73461870118942,1.9558400180300952,0.7450723694145104,-1.343436658177362,-1.0804595894030444,2.1038309350587205,2.6265897847978343,1.1402935442440043
86.0,164.0,1227.77978515625,-3.375425367441128,1.517468929424744,1.73461870118942,1.9558400180300952,0.7450763822612129,-1.343436658177362,-1.0804595894030444,2.1038309350587205,2.626589784140238,1.140293565615922
86.0,164.0,1227.7813720703125,-3.3754190069544627,1.517467829763773,1.734618702385729,1.954703870070664,0.7451100428532244,-1.34311150756848,-1.079204002374211,2.10383908230319,2.626589787311746,1.1402935313086058
86.0,164.0,1227.782958984375,-3.375410308240002,1.5183605237783728,1.73461870118942,1.9558371559174408,0.7450723694145104,-1.343436658177362,-1.0804595894030444,2.1038385831263784,2.626589789578309,1.1402936106476729
86.0,164.0,1227.7835693359375,-3.3682787622146315,1.5180359387873317,1.7346186813532736,1.8901902185990955,0.7450763822612129,-1.3557098468289994,-1.080396092856167,2.122488975409957,2.626589694723139,1.1402935649598531
86.0,164.0,1227.785400390625,-3.375425369950059,1.517467829763773,1.73461868140597,1.9547448562671648,0.7504231007683202,-1.3426427246461925,-1.076934477403532,2.103839078289006,2.6265897102116846,1.1402935652020647
86.0,164.0,1227.7890625,-3.374401053544513,1.51745214509797,1.7346186814060511,1.8939580864934404,0.7506289254451359,-1.344005654870671,-1.080667250924799,2.103840585277582,2.6265906288442937,1.1402936137889994
86.0,164.0,1227.790283203125,-3.374401053544513,1.5174520048392857,1.7346186814060511,1.8939580864934404,0.7505155327637073,-1.343223779985509,-1.080667250924799,2.1038385446816568,2.626589790684404,1.1402936137889994
86.0,164.0,1227.790283203125,-3.374401053544513,1.5174520048392857,1.7346186814060511,1.8939580864934404,0.7451682473631218,-1.343223779985509,-1.080667250924799,2.1038385446816568,2.6265897880453006,1.1402936137889994
86.0,164.0,1227.7958984375,-3.375425369950059,1.517467829763773,1.7346186790902047,1.9558203412492527,0.7505197325128744,-1.3426392583897515,-1.076934477403532,2.1038394648357865,2.626589694724025,1.1402943285614882
86.0,164.0,1227.7958984375,-3.375425369950059,1.517467829763773,1.7346186790902047,1.9558203412492527,0.7505197325128744,-1.3426392583897515,-1.076934477403532,2.1038394648357865,2.626589694724025,1.1402943285614882
86.0,164.0,1227.79931640625,-3.3754099845266925,1.517468929424744,1.7346187012040053,1.955995035783495,0.7450723694145104,-1.343436658177362,-1.079249825980389,2.103840375455216,2.6265897847978343,1.1402943023423096
86.0,164.0,1227.80029296875,-3.375418726851676,1.517467829763773,1.734618701717367,1.9557860909011973,0.7508102258026521,-1.34311150756848,-1.0769056501615566,2.10383908230319,2.626589787311746,1.1402943012803992
86.0,164.0,1227.813720703125,-3.375425369950059,1.517467829763773,1.73461868140597,1.9547448562671648,0.7450758153677346,-1.3426427246461925,-1.076934477403532,2.103839078289006,2.626589707572582,1.1402935652020647
86.0,164.0,1227.8226318359375,-3.3678283701998506,1.5174520048392857,1.7346186834092177,1.8939433477636256,0.7507378368198975,-1.3560108384799183,-1.076892434206201,2.1042536959363973,2.6265896947535183,1.1402941958756436
86.0,164.0,1227.8253173828125,-3.375425369950059,1.517467829763773,1.73461868140597,1.9558400180300952,0.7450763822612129,-1.3426427246461925,-1.076934477403532,2.103839078289006,2.626589694724025,1.1402935652020647
86.0,164.0,1227.826416015625,-3.3754253548405444,1.5180567480339064,1.734618700695279,1.958049456821097,0.7450883378363493,-1.3434273987480978,-1.0789696733468934,2.104297637092802,2.6265897849535498,1.1402935658594588
86.0,164.0,1227.82666015625,-3.375425367441128,1.5180439212311825,1.734618700695279,1.958049456821097,0.7450877364774126,-1.3434274959727892,-1.0789567268088416,2.104297637092802,2.626589782977637,1.1402935658594588
86.0,164.0,1227.83642578125,-3.3754102097508114,1.517468929424744,1.7346187012123278,1.9558400180300952,0.7450723694145104,-1.3434469092023564,-1.076833796286969,2.1038309350587205,2.626589784760257,1.140294291405075
86.0,164.0,1227.864501953125,-3.3754102097508114,1.5173125989407463,1.734618700251637,1.958260915330644,0.7449541502595945,-1.3434469092023564,-1.076833796286969,2.1038309350587205,2.626589784760257,1.1402943024481909
86.0,164.0,1227.8773193359375,-3.3682787622146315,1.5175427154597043,1.73461868140597,1.8913379955222125,0.7450763822612129,-1.356282265336286,-1.0774855958862664,2.103839454591348,2.626589694724025,1.1402935655842508
86.0,164.0,1227.8809814453125,-3.367949297180618,1.5180359387873317,1.734618683289774,1.8886537861099884,0.7450876408529131,-1.3557073285255217,-1.0789721493957958,2.1042581722031706,2.6265896940356144,1.1402935636991245
86.0,164.0,1227.8819580078125,-3.367849149253036,1.5173165368594832,1.7346186873523033,1.886577029138262,0.7506290225829076,-1.3553939926938534,-1.078042572380777,2.1034809975006925,2.626590547367358,1.1402936184770591
86.0,164.0,1227.884521484375,-3.368276582838276,1.5173136859190794,1.7346186874353335,1.886516883465371,0.7506290225829076,-1.3553417701696535,-1.0803882292449392,2.1034809975006925,2.626590547367358,1.1402935662099898
86.0,164.0,1227.890625,-3.368276582838276,1.5173136859190794,1.7346186873523033,1.886516883465371,0.7506290225829076,-1.355376298229318,-1.078042572380777,2.1034809975006925,2.626590547367358,1.1402936153461745
86.0,164.0,1227.9130859375,-3.368296022246671,1.5173094100864992,1.7346186874000198,1.8835226222252208,0.750515629901479,-1.3546161360881988,-1.078042572380777,2.10332577771828,2.6265896919096208,1.1402936184415324
86.0,164.0,1227.916259765625,-3.368276582838276,1.5174700164030768,1.7346186883960244,1.884095986164823,0.7507472417378235,-1.3553417701696535,-1.0803882292449392,2.1034809975006925,2.626590547367358,1.140293555166874
86.0,164.0,1227.9229736328125,-3.375747956267316,1.5180359387873317,1.7346186789722582,1.893173847503067,0.7447077201426667,-1.3557098468289994,-1.080347064902071,2.122488975409957,2.626589694724025,1.1402936320508854
86.0,164.0,1227.9239501953125,-3.3682787622146315,1.5180359387873317,1.73461868140597,1.877023101171161,0.7450763822612129,-1.3557643317321344,-1.080396092856167,2.122488975409957,2.6265896947231675,1.1402936320508854
86.0,164.0,1227.9287109375,-3.368296022246671,1.5173095503451834,1.7346186874000198,1.8835226222252208,0.7506290225829076,-1.355398010973361,-1.078042572380777,2.103327818314205,2.626590547367358,1.1402936184415324
86.0,164.0,1227.9287109375,-3.368296022246671,1.5173095503451834,1.7346186874000198,1.8835226222252208,0.7506290225829076,-1.355398010973361,-1.078042572380777,2.103327818314205,2.626590530069512,1.1402936184415324
86.0,164.0,1227.9364013671875,-3.3682950277240864,1.5173047421969403,1.7346186814815978,1.8834051645852623,0.7506290225829076,-1.3556976858427032,-1.078042572380777,2.103327818314205,2.6265896869473067,1.1402936179022434
86.0,164.0,1227.9459228515625,-3.3685655851238394,1.5173095503451834,1.734618681496123,1.8835226222252208,0.7506072104095555,-1.3559396090064,-1.0780369101919298,2.103327818314205,2.626590547367358,1.1402936184415324
86.0,164.0,1227.9466552734375,-3.3754264096931577,1.5173165368594832,1.7346186831316872,1.886577029138262,0.7514141135043565,-1.3424406398245232,-1.0789697364839104,2.1034809975006925,2.6265896752926934,1.1402936184770591
86.0,164.0,1227.949462890625,-3.374183258396032,1.5174520048392857,1.7346186873099476,1.8939580864934404,0.7505373449370595,-1.3554692404468798,-1.076926870481815,2.103839469406932,2.6265896949766785,1.1402942068406632
86.0,164.0,1227.950927734375,-3.3759539847978592,1.517468929424744,1.73461870118942,1.9558400180300952,0.7450723694145104,-1.343436658177362,-1.0709278249566945,2.1038258381523622,2.626589784480692,1.1402935442440043
86.0,164.0,1227.95654296875,-3.352867164435549,1.517467829763773,1.7346186869691849,1.9550978317174728,0.751431060661468,-1.3553946698823611,-1.0791446946896983,2.1038394688499698,2.626589676696845,1.1402936097341752
86.0,164.0,1227.9566650390625,-3.352867164435549,1.517467842550206,1.7346186869691849,1.955100693830128,0.751431060661468,-1.3553946698823611,-1.0791446946896983,2.1038318207823115,2.6265896719163697,1.140293543330507
86.0,165.0,1227.6114501953125,-3.3531296350894766,1.5180216295576772,1.7346186814089135,1.898767504179273,0.7505171721338202,-1.3424589745336355,-1.076980226202369,2.1038390820500537,2.626589694724025,1.1402935267092815
86.0,165.0,1227.626220703125,-3.3531296350894766,1.5180317695607184,1.7346186814089135,1.898767504179273,0.7505155327637073,-1.356022747710944,-1.0798953990874398,2.103839469406932,2.626589694724025,1.1402935267092815
86.0,165.0,1227.692626953125,-3.3682787622146315,1.5180359387873317,1.73461868140597,1.8939149765483647,0.7450763822612129,-1.3426099016207198,-1.0768305068649444,2.1223486528650435,2.6265896947231675,1.1402936320508854
86.0,165.0,1227.71044921875,-3.368053047662808,1.5174385931145986,1.7346186790639486,1.9558400180300952,0.7450763822612129,-1.3433406711484843,-1.0805721003870907,2.105144037869179,2.626589696581384,1.1402936287796852
86.0,165.0,1227.724853515625,-3.3685399044865267,1.5174522968093536,1.73461870118942,1.9558400180300952,0.7444195762866822,-1.343436658177362,-1.0808148651302891,2.1035031625290923,2.6265897847978343,1.1402935422749918
86.0,165.0,1227.736328125,-3.36829892187996,1.5180359387873317,1.73461868140597,1.9558400180300952,0.7450875647083675,-1.343345104550232,-1.0801215357135936,2.1024934564105187,2.626589781043659,1.1402935663686702
86.0,165.0,1227.7470703125,-3.368053047662808,1.5180359387873317,1.73461868140597,1.9558400180300952,0.7450763822612129,-1.3433406711484843,-1.080396092856167,2.122356345240376,2.6265897843162858,1.1402936277640572
86.0,165.0,1227.747802734375,-3.368281444075408,1.5180359387873317,1.73461868140597,1.9558400180300952,0.7450763822612129,-1.343345104550232,-1.0804140789949737,2.122356345240376,2.62658969448172,1.1402936277640572
86.0,165.0,1227.7481689453125,-3.3682787622146315,1.5180359387873317,1.73461868140597,1.9558400180300952,0.7450763822612129,-1.343345104550232,-1.080396092856167,2.122356345240376,2.626589781043659,1.1402936277640572
86.0,165.0,1227.7481689453125,-3.3682787622146315,1.5180359387873317,1.73461868140597,1.9558400180300952,0.7450763822612129,-1.343345104550232,-1.080396092856167,2.122356345240376,2.626589781043659,1.1402936277640572
86.0,165.0,1227.7489013671875,-3.3685794148526127,1.5180191419194462,1.7346186797585663,1.95473812041872,0.7450759875469686,-1.342509551150592,-1.079333316329778,2.1228736678410938,2.626589694724025,1.1402935649398294
86.0,165.0,1227.7530517578125,-3.3682787622146315,1.5180356296090742,1.73461868140597,1.95638290068596,0.7451699720395337,-1.343219266268266,-1.080396092856167,2.122356345240376,2.6265897880943734,1.1402936277640572
86.0,165.0,1227.7535400390625,-3.3754190069544627,1.517467829763773,1.7346187000699638,1.954684193289822,0.7505533931048859,-1.343108041312039,-1.079204002374211,2.1038394688499698,2.626589787311746,1.1402942946680297
86.0,165.0,1227.767822265625,-3.3682787622146315,1.5174207367003971,1.7346187009294904,1.8939149765483647,0.74508556836596,-1.356002123586593,-1.0768355561052392,2.122488975409957,2.6265896947231675,1.1402936342251435
86.0,165.0,1227.77294921875,-3.36827348303674,1.5180194066838475,1.7346187024533457,1.8915432080895456,0.7450763822612129,-1.3557098468289994,-1.0803998972522184,2.122488975409957,2.6265897864672376,1.1402936320508854
86.0,165.0,1227.773193359375,-3.3682787622146315,1.5180275470404383,1.7346186814925169,1.8915432080895456,0.7450763822612129,-1.3557098468289994,-1.080396092856167,2.122508324856297,2.6265896947231675,1.1402936320508854
86.0,165.0,1227.7733154296875,-3.3682787622146315,1.5180359387873317,1.73461868140597,1.8915432080895456,0.7450763822612129,-1.3557098468289994,-1.080396092856167,2.122488975409957,2.6265896947231675,1.1402936320508854
86.0,165.0,1227.7733154296875,-3.3682787622146315,1.5180359387873317,1.73461868140597,1.8915432080895456,0.7450763822612129,-1.3557098468289994,-1.080396092856167,2.122488975409957,2.626589694724025,1.1402936320508854
86.0,165.0,1227.777099609375,-3.3754256500528457,1.517467829763773,1.7346186797585663,1.95473812041872,0.7448195495634466,-1.3426392583897515,-1.0792328296161866,2.1038394648357865,2.626589694724025,1.1402935585896947
86.0,165.0,1227.777587890625,-3.3682787622146315,1.5180359387873317,1.73461868140597,1.8939149765483647,0.7450763822612129,-1.356002123586593,-1.0768355561052392,2.122488975409957,2.6265896947231675,1.1402936320508854
86.0,165.0,1227.779541015625,-3.375410308240002,1.517468929424744,1.73461870118942,1.9558400180300952,0.7450723694145104,-1.343436658177362,-1.0804595894030444,2.1038309350587205,2.6265897847978343,1.1402935442440043
86.0,165.0,1227.779541015625,-3.375410308240002,1.517468929424744,1.73461870118942,1.9558400180300952,0.7450723694145104,-1.343436658177362,-1.0804595894030444,2.1038309350587205,2.6265897847978343,1.1402935442440043
86.0,165.0,1227.77978515625,-3.375425367441128,1.517468929424744,1.73461870118942,1.9558400180300952,0.7450763822612129,-1.343436658177362,-1.0804595894030444,2.1038309350587205,2.626589784140238,1.140293565615922
86.0,165.0,1227.7813720703125,-3.3754190069544627,1.517467829763773,1.734618702385729,1.954703870070664,0.7451100428532244,-1.34311150756848,-1.079204002374211,2.10383908230319,2.626589787311746,1.1402935313086058
86.0,165.0,1227.782958984375,-3.375410308240002,1.5183605237783728,1.73461870118942,1.9558371559174408,0.7450723694145104,-1.343436658177362,-1.0804595894030444,2.1038385831263784,2.626589789578309,1.1402936106476729
86.0,165.0,1227.7835693359375,-3.3682787622146315,1.5180359387873317,1.7346186813532736,1.8901902185990955,0.7450763822612129,-1.3557098468289994,-1.080396092856167,2.122488975409957,2.626589694723139,1.1402935649598531
86.0,165.0,1227.785400390625,-3.375425369950059,1.517467829763773,1.73461868140597,1.9547448562671648,0.7504231007683202,-1.3426427246461925,-1.076934477403532,2.103839078289006,2.6265897102116846,1.1402935652020647
86.0,165.0,1227.78759765625,-3.3754099845266925,1.5180417676312308,1.7742919660433158,1.8938383493159208,0.7450723694145104,-1.3426228038853134,-1.080386450777289,2.123082348144573,2.6265897847978343,1.1402943023423096
86.0,165.0,1227.7882080078125,-3.3682787622146315,1.5183924783139269,1.7346187015279122,1.8913379955222125,0.7450763822612129,-1.3437109388625457,-1.0774855958862664,2.103839452412469,2.626589694724025,1.140293565792597
86.0,165.0,1227.7890625,-3.374401053544513,1.51745214509797,1.7346186814060511,1.8939580864934404,0.7506289254451359,-1.344005654870671,-1.080667250924799,2.103840585277582,2.6265906288442937,1.1402936137889994
86.0,165.0,1227.790283203125,-3.374401053544513,1.5174520048392857,1.7346186814060511,1.8939580864934404,0.7505155327637073,-1.343223779985509,-1.080667250924799,2.1038385446816568,2.626589790684404,1.1402936137889994
86.0,165.0,1227.790283203125,-3.374401053544513,1.5174520048392857,1.7346186814060511,1.8939580864934404,0.7451682473631218,-1.343223779985509,-1.080667250924799,2.1038385446816568,2.6265897880453006,1.1402936137889994
86.0,165.0,1227.7958984375,-3.375425369950059,1.517467829763773,1.7346186790902047,1.9558203412492527,0.7505197325128744,-1.3426392583897515,-1.076934477403532,2.1038394648357865,2.626589694724025,1.1402943285614882
86.0,165.0,1227.7958984375,-3.375425369950059,1.517467829763773,1.7346186790902047,1.9558203412492527,0.7505197325128744,-1.3426392583897515,-1.076934477403532,2.1038394648357865,2.626589694724025,1.1402943285614882
86.0,165.0,1227.79931640625,-3.3754099845266925,1.517468929424744,1.7346187012040053,1.955995035783495,0.7450723694145104,-1.343436658177362,-1.079249825980389,2.103840375455216,2.6265897847978343,1.1402943023423096
86.0,165.0,1227.80029296875,-3.375418726851676,1.517467829763773,1.734618701717367,1.9557860909011973,0.7508102258026521,-1.34311150756848,-1.0769056501615566,2.10383908230319,2.626589787311746,1.1402943012803992
86.0,165.0,1227.8009033203125,-3.375425369950059,1.517925930642294,1.73461868140597,1.955853465945935,0.7501391586424633,-1.342678052606202,-1.076955669512626,2.103833457874164,2.626589780884757,1.1402935652020647
86.0,165.0,1227.8074951171875,-3.3682787622146315,1.5179783457309688,1.7346186877597347,1.957614844181233,0.7450763822612129,-1.3435604655594868,-1.078261345649546,2.121852635840602,2.626589781043659,1.1402936279167553
86.0,165.0,1227.813720703125,-3.375425369950059,1.517467829763773,1.73461868140597,1.9547448562671648,0.7450758153677346,-1.3426427246461925,-1.076934477403532,2.103839078289006,2.626589707572582,1.1402935652020647
86.0,165.0,1227.8226318359375,-3.3678283701998506,1.5174520048392857,1.7346186834092177,1.8939433477636256,0.7507378368198975,-1.3560108384799183,-1.076892434206201,2.1042536959363973,2.6265896947535183,1.1402941958756436
86.0,165.0,1227.82275390625,-3.3678283701998506,1.5174663328512172,1.7346186834092177,1.8939433477636256,0.7507378368198975,-1.3560108384799183,-1.076892434206201,2.1042671555253616,2.626589796831051,1.1402941965930904
86.0,165.0,1227.8253173828125,-3.375425369950059,1.517467829763773,1.73461868140597,1.9558400180300952,0.7450763822612129,-1.3426427246461925,-1.076934477403532,2.103839078289006,2.626589694724025,1.1402935652020647
86.0,165.0,1227.826416015625,-3.3754253548405444,1.5180567480339064,1.734618700695279,1.958049456821097,0.7450883378363493,-1.3434273987480978,-1.0789696733468934,2.104297637092802,2.6265897849535498,1.1402935658594588
86.0,165.0,1227.8265380859375,-3.375409851476673,1.5180439212311825,1.7346187011897094,1.958049456821097,0.7450880061008938,-1.3434274959727892,-1.0789567268088416,2.104295199309063,2.626589789581132,1.1402936102968648
86.0,165.0,1227.82666015625,-3.375425367441128,1.5180439212311825,1.734618700695279,1.958049456821097,0.7450877364774126,-1.3434274959727892,-1.0789567268088416,2.104297637092802,2.626589782977637,1.1402935658594588
86.0,165.0,1227.83642578125,-3.3754102097508114,1.517468929424744,1.7346187012123278,1.9558400180300952,0.7450723694145104,-1.3434469092023564,-1.076833796286969,2.1038309350587205,2.626589784760257,1.140294291405075
86.0,165.0,1227.864501953125,-3.3754102097508114,1.5173125989407463,1.734618700251637,1.958260915330644,0.7449541502595945,-1.3434469092023564,-1.076833796286969,2.1038309350587205,2.626589784760257,1.1402943024481909
86.0,165.0,1227.8773193359375,-3.3682787622146315,1.5175427154597043,1.73461868140597,1.8913379955222125,0.7450763822612129,-1.356282265336286,-1.0774855958862664,2.103839454591348,2.626589694724025,1.1402935655842508
86.0,165.0,1227.8809814453125,-3.367949297180618,1.5180359387873317,1.734618683289774,1.8886537861099884,0.7450876408529131,-1.3557073285255217,-1.0789721493957958,2.1042581722031706,2.6265896940356144,1.1402935636991245
86.0,165.0,1227.8819580078125,-3.367849149253036,1.5173165368594832,1.7346186873523033,1.886577029138262,0.7506290225829076,-1.3553939926938534,-1.078042572380777,2.1034809975006925,2.626590547367358,1.1402936184770591
86.0,166.0,1227.509521484375,-3.3685729015952,1.5180191419194462,1.7346186797585663,1.9209018017164208,0.7450759875469686,-1.3433815459278466,-1.0803689873713254,2.122871049678324,2.626589694724025,1.1402935649398294
86.0,166.0,1227.6114501953125,-3.3531296350894766,1.5180216295576772,1.7346186814089135,1.898767504179273,0.7505171721338202,-1.3424589745336355,-1.076980226202369,2.1038390820500537,2.626589694724025,1.1402935267092815
86.0,166.0,1227.626220703125,-3.3531296350894766,1.5180317695607184,1.7346186814089135,1.898767504179273,0.7505155327637073,-1.356022747710944,-1.0798953990874398,2.103839469406932,2.626589694724025,1.1402935267092815
86.0,166.0,1227.650634765625,-3.3682787622146315,1.5180359387873317,1.73461868140597,1.8922923465768016,0.7450763822612129,-1.3427962298277516,-1.080396092856167,2.1223559957934146,2.6265896947231675,1.1402936319980703
86.0,166.0,1227.6766357421875,-3.368247538866603,1.5180392519606716,1.7346187000699638,1.9533605810585,0.7505533931048859,-1.343108041312039,-1.079204002374211,2.1038394688499698,2.626589787225228,1.1402942946680297
86.0,166.0,1227.692626953125,-3.3682787622146315,1.5180359387873317,1.73461868140597,1.8939149765483647,0.7450763822612129,-1.3426099016207198,-1.0768305068649444,2.1223486528650435,2.6265896947231675,1.1402936320508854
86.0,166.0,1227.7049560546875,-3.3685399044865267,1.5174522968093536,1.73461870118942,1.9546291300878629,0.7448126832578696,-1.3434036373461309,-1.0808148651302891,2.1038064181522067,2.626589784428941,1.140293558615762
86.0,166.0,1227.71044921875,-3.368053047662808,1.5174385931145986,1.7346186790639486,1.9558400180300952,0.7450763822612129,-1.3433406711484843,-1.0805721003870907,2.105144037869179,2.626589696581384,1.1402936287796852
86.0,166.0,1227.724853515625,-3.3685399044865267,1.5174522968093536,1.73461870118942,1.9558400180300952,0.7444195762866822,-1.343436658177362,-1.0808148651302891,2.1035031625290923,2.6265897847978343,1.1402935422749918
86.0,166.0,1227.736328125,-3.36829892187996,1.5180359387873317,1.73461868140597,1.9558400180300952,0.7450875647083675,-1.343345104550232,-1.0801215357135936,2.1024934564105187,2.626589781043659,1.1402935663686702
86.0,166.0,1227.74169921875,-3.3680595609202206,1.5180359387873317,1.73461868140597,1.9547297031906088,0.7450763822612129,-1.3424686763712297,-1.079360421814619,2.122358963403145,2.6265897843162858,1.1402936277640572
86.0,166.0,1227.743896484375,-3.368053047662808,1.5174385931145986,1.7346186815026947,1.9558400180300952,0.7450763822612129,-1.3433406711484843,-1.0805721003870907,2.122720017524097,2.626589696581384,1.140293628764949
86.0,166.0,1227.7459716796875,-3.3682787622146315,1.5180356296090742,1.73461868140597,1.9558500573576765,0.7451699720395337,-1.3432234745287417,-1.080396092856167,2.122356345240376,2.6265897819689767,1.1402936277640572
86.0,166.0,1227.746337890625,-3.354109252545816,1.5180424211407029,1.7346186814088722,1.955050776399812,0.7505162382201068,-1.3424656422757877,-1.076934477403532,2.103839078289006,2.6265897089502315,1.1402935632589073
86.0,166.0,1227.7470703125,-3.368053047662808,1.5180359387873317,1.73461868140597,1.9558400180300952,0.7450763822612129,-1.3433406711484843,-1.080396092856167,2.122356345240376,2.6265897843162858,1.1402936277640572
86.0,166.0,1227.7470703125,-3.368053047662808,1.5180359857940156,1.73461868140597,1.9558400180300952,0.7450763822612129,-1.3433406711484843,-1.080396092856167,2.122356345240376,2.6265897843162858,1.1402936277640572
86.0,166.0,1227.747802734375,-3.368281444075408,1.5180359387873317,1.73461868140597,1.9558400180300952,0.7450763822612129,-1.343345104550232,-1.0804140789949737,2.122356345240376,2.62658969448172,1.1402936277640572
86.0,166.0,1227.7481689453125,-3.3682787622146315,1.5180359387873317,1.73461868140597,1.9558400180300952,0.7450763822612129,-1.343345104550232,-1.080396092856167,2.122356345240376,2.626589781043659,1.1402936277640572
86.0,166.0,1227.7481689453125,-3.3682787622146315,1.5180359387873317,1.73461868140597,1.9558400180300952,0.7450763822612129,-1.343345104550232,-1.080396092856167,2.122356345240376,2.626589781043659,1.1402936277640572
86.0,166.0,1227.7481689453125,-3.3682787622146315,1.5180359387873317,1.73461868140597,1.9558400180300952,0.7450763822612129,-1.343345104550232,-1.080396092856167,2.122356345240376,2.626589781043659,1.1402936277640572
86.0,166.0,1227.7489013671875,-3.3685794148526127,1.5180191419194462,1.7346186797585663,1.95473812041872,0.7450759875469686,-1.342509551150592,-1.079333316329778,2.1228736678410938,2.626589694724025,1.1402935649398294
86.0,166.0,1227.7518310546875,-3.3753342230731644,1.517467829763773,1.7346186790902047,1.956994362535191,0.7505197325128744,-1.3426392583897515,-1.080386512070192,2.1038394648357865,2.6265896947240064,1.140294340375721
86.0,166.0,1227.7530517578125,-3.3682787622146315,1.5180356296090742,1.73461868140597,1.95638290068596,0.7451699720395337,-1.343219266268266,-1.080396092856167,2.122356345240376,2.6265897880943734,1.1402936277640572
86.0,166.0,1227.7535400390625,-3.3754190069544627,1.517467829763773,1.7346187000699638,1.954684193289822,0.7505533931048859,-1.343108041312039,-1.079204002374211,2.1038394688499698,2.626589787311746,1.1402942946680297
86.0,166.0,1227.7552490234375,-3.3682787622146315,1.5180359387873317,1.73461868140597,1.9563728613583788,0.7450763822612129,-1.3433408962897566,-1.080396092856167,2.122356345240376,2.626589787169056,1.1402936277640572
86.0,166.0,1227.7615966796875,-3.3535924806287056,1.518031005515856,1.734618681461806,1.898767504179273,0.7283438409635027,-1.343018611361204,-1.0798953990874398,2.1228415336328275,2.626589694724025,1.1402935634889886
86.0,166.0,1227.767822265625,-3.3682787622146315,1.5174207367003971,1.7346187009294904,1.8939149765483647,0.74508556836596,-1.356002123586593,-1.0768355561052392,2.122488975409957,2.6265896947231675,1.1402936342251435
86.0,166.0,1227.76806640625,-3.3754103091115915,1.5180417676312308,1.7720850644062414,1.8938383493159208,0.7450723694145104,-1.3426200437245766,-1.080386450777289,2.123082348144573,2.6265897847978343,1.1402943023423096
86.0,166.0,1227.77294921875,-3.36827348303674,1.5180194066838475,1.7346187024533457,1.8915432080895456,0.7450763822612129,-1.3557098468289994,-1.0803998972522184,2.122488975409957,2.6265897864672376,1.1402936320508854
86.0,166.0,1227.773193359375,-3.3682787622146315,1.5180275470404383,1.7346186814925169,1.8915432080895456,0.7450763822612129,-1.3557098468289994,-1.080396092856167,2.122508324856297,2.6265896947231675,1.1402936320508854
86.0,166.0,1227.773193359375,-3.3682787622146315,1.518027500033754,1.7346186814925169,1.8915432080895456,0.7450763822612129,-1.3557098468289994,-1.080396092856167,2.122508324856297,2.6265896947231675,1.1402936320508854
86.0,166.0,1227.7733154296875,-3.3682787622146315,1.5180359387873317,1.73461868140597,1.8915432080895456,0.7450763822612129,-1.3557098468289994,-1.080396092856167,2.122488975409957,2.6265896947231675,1.1402936320508854
86.0,166.0,1227.7733154296875,-3.3682787622146315,1.5180359387873317,1.73461868140597,1.8915432080895456,0.7450763822612129,-1.3557098468289994,-1.080396092856167,2.122488975409957,2.626589694724025,1.1402936320508854
86.0,166.0,1227.777099609375,-3.3754256500528457,1.517467829763773,1.7346186797585663,1.95473812041872,0.7448195495634466,-1.3426392583897515,-1.0792328296161866,2.1038394648357865,2.626589694724025,1.1402935585896947
86.0,166.0,1227.777587890625,-3.3682787622146315,1.5180359387873317,1.73461868140597,1.8939149765483647,0.7450763822612129,-1.356002123586593,-1.0768355561052392,2.122488975409957,2.6265896947231675,1.1402936320508854
86.0,166.0,1227.777587890625,-3.3682787622146315,1.518033480510716,1.7346187009294904,1.8939149765483647,0.7450854900543415,-1.356002123586593,-1.0768355561052392,2.122488975409957,2.6265896947231675,1.1402936341524088
86.0,166.0,1227.779541015625,-3.375410308240002,1.517468929424744,1.73461870118942,1.9558400180300952,0.7450723694145104,-1.343436658177362,-1.0804595894030444,2.1038309350587205,2.6265897847978343,1.1402935442440043
86.0,166.0,1227.779541015625,-3.375410308240002,1.517468929424744,1.73461870118942,1.9558400180300952,0.7450723694145104,-1.343436658177362,-1.0804595894030444,2.1038309350587205,2.6265897847978343,1.1402935442440043
86.0,166.0,1227.77978515625,-3.375425367441128,1.517468929424744,1.73461870118942,1.9558400180300952,0.7450763822612129,-1.343436658177362,-1.0804595894030444,2.1038309350587205,2.626589784140238,1.140293565615922
86.0,166.0,1227.7813720703125,-3.3754190069544627,1.517467829763773,1.734618702385729,1.954703870070664,0.7451100428532244,-1.34311150756848,-1.079204002374211,2.10383908230319,2.626589787311746,1.1402935313086058
86.0,166.0,1227.782958984375,-3.375410308240002,1.5183605237783728,1.73461870118942,1.9558371559174408,0.7450723694145104,-1.343436658177362,-1.0804595894030444,2.1038385831263784,2.626589789578309,1.1402936106476729
86.0,166.0,1227.7835693359375,-3.3682787622146315,1.5180359387873317,1.7346186813532736,1.8901902185990955,0.7450763822612129,-1.3557098468289994,-1.080396092856167,2.122488975409957,2.626589694723139,1.1402935649598531
86.0,166.0,1227.785400390625,-3.375425369950059,1.517467829763773,1.73461868140597,1.9547448562671648,0.7504231007683202,-1.3426427246461925,-1.076934477403532,2.103839078289006,2.6265897102116846,1.1402935652020647
86.0,166.0,1227.7874755859375,-3.3754190069544627,1.517467829763773,1.7346187000699638,1.95460185507942,0.7447567753327108,-1.3434326196381567,-1.079204002374211,2.103830923871848,2.626589787311746,1.1402935513937165
86.0,166.0,1227.78759765625,-3.3754099845266925,1.5180417676312308,1.7742919660433158,1.8938383493159208,0.7450723694145104,-1.3426228038853134,-1.080386450777289,2.123082348144573,2.6265897847978343,1.1402943023423096
86.0,166.0,1227.7882080078125,-3.3682787622146315,1.5183924783139269,1.7346187015279122,1.8913379955222125,0.7450763822612129,-1.3437109388625457,-1.0774855958862664,2.103839452412469,2.626589694724025,1.140293565792597
86.0,166.0,1227.7890625,-3.374401053544513,1.51745214509797,1.7346186814060511,1.8939580864934404,0.7506289254451359,-1.344005654870671,-1.080667250924799,2.103840585277582,2.6265906288442937,1.1402936137889994
86.0,166.0,1227.7891845703125,-3.3754099845266925,1.5180417676312308,1.770506975376579,1.8938383493159208,0.7450723694145104,-1.342459633396897,-1.076963636420366,2.123082348144573,2.6265897847978343,1.1402943181917846
86.0,166.0,1227.7896728515625,-3.374445752493719,1.5174470381807474,1.7346186814060114,1.8984615840466263,0.7504240346820336,-1.3426360569040403,-1.076980226202369,2.1038390820500537,2.6265896959854778,1.140293528652439
86.0,166.0,1227.790283203125,-3.374401053544513,1.5174520048392857,1.7346186814060511,1.8939580864934404,0.7505155327637073,-1.343223779985509,-1.080667250924799,2.1038385446816568,2.626589790684404,1.1402936137889994
86.0,167.0,1227.509521484375,-3.3685729015952,1.5180191419194462,1.7346186797585663,1.9209018017164208,0.7450759875469686,-1.3433815459278466,-1.0803689873713254,2.122871049678324,2.626589694724025,1.1402935649398294
86.0,167.0,1227.5531005859375,-3.3533204924794773,1.5180346624265075,1.7346186814058444,1.8969164946328767,0.7505892807850042,-1.3424931596756968,-1.076980226202369,2.122372019346711,2.626589694724025,1.1402935267092815
86.0,167.0,1227.6114501953125,-3.3531296350894766,1.5180216295576772,1.7346186814089135,1.898767504179273,0.7505171721338202,-1.3424589745336355,-1.076980226202369,2.1038390820500537,2.626589694724025,1.1402935267092815
86.0,167.0,1227.626220703125,-3.3531296350894766,1.5180317695607184,1.7346186814089135,1.898767504179273,0.7505155327637073,-1.356022747710944,-1.0798953990874398,2.103839469406932,2.626589694724025,1.1402935267092815
86.0,167.0,1227.6343994140625,-3.368053047662808,1.5174385931145986,1.7346186815026947,1.8915637834864163,0.7450763822612129,-1.343374422302507,-1.080591443881204,2.12272198128529,2.626589695087088,1.140293628764949
86.0,167.0,1227.650634765625,-3.3682787622146315,1.5180359387873317,1.73461868140597,1.8922923465768016,0.7450763822612129,-1.3427962298277516,-1.080396092856167,2.1223559957934146,2.6265896947231675,1.1402936319980703
86.0,167.0,1227.650634765625,-3.3682787622146315,1.5180359387873317,1.73461868140597,1.8922923465768016,0.7450763822612129,-1.3427962298277516,-1.080396092856167,2.1223559957934146,2.6265896947231675,1.1402936319980703
86.0,167.0,1227.6541748046875,-3.3685653923286694,1.5180359387873317,1.7437312139867829,1.8939149765483647,0.7444608846473346,-1.3426099016207198,-1.0768305068649444,2.1223486528650435,2.6265896934337176,1.140293546075784
86.0,167.0,1227.6766357421875,-3.368247538866603,1.5180392519606716,1.7346187000699638,1.9533605810585,0.7505533931048859,-1.343108041312039,-1.079204002374211,2.1038394688499698,2.626589787225228,1.1402942946680297
86.0,167.0,1227.6766357421875,-3.368247538866603,1.5180392519606716,1.734618702594911,1.9533605810585,0.7505533931048859,-1.343108041312039,-1.079204002374211,2.1038394688499698,2.626589787320156,1.140294325154331
86.0,167.0,1227.692626953125,-3.3682787622146315,1.5180359387873317,1.73461868140597,1.8939149765483647,0.7450763822612129,-1.3426099016207198,-1.0768305068649444,2.1223486528650435,2.6265896947231675,1.1402936320508854
86.0,167.0,1227.698974609375,-3.368053047662808,1.5174381608019356,1.7346187001931372,1.9558400180300952,0.7507281552418151,-1.3433406711484843,-1.0806888783199255,2.122720017524097,2.626589696581384,1.140293628764949
86.0,167.0,1227.704345703125,-3.3685399044865267,1.5174522968093536,1.73461870118942,1.9546291300878629,0.7448174305032941,-1.3434028660518285,-1.0808502166001734,2.1038064181522067,2.626589784428941,1.1402935599328825
86.0,167.0,1227.7049560546875,-3.3685399044865267,1.5174522968093536,1.73461870118942,1.9546291300878629,0.7448126832578696,-1.3434036373461309,-1.0808148651302891,2.1038064181522067,2.626589784428941,1.140293558615762
86.0,167.0,1227.71044921875,-3.368053047662808,1.5174385931145986,1.7346186790639486,1.9558400180300952,0.7450763822612129,-1.3433406711484843,-1.0805721003870907,2.105144037869179,2.626589696581384,1.1402936287796852
86.0,167.0,1227.723388671875,-3.368537109431529,1.5174522968093536,1.73461870118942,1.9564196171138133,0.7448126832578696,-1.3432224830435926,-1.0808148651302891,2.1038064181522067,2.6265897844498527,1.140293558615762
86.0,167.0,1227.7236328125,-3.3685794148526127,1.5180191419194462,1.7346186797585663,1.95473812041872,0.7450759980241258,-1.341973296136271,-1.0804849921026929,2.1228736678410938,2.626589694723167,1.1402935649398294
86.0,167.0,1227.724853515625,-3.3685399044865267,1.5174522968093536,1.73461870118942,1.9558400180300952,0.7444195762866822,-1.343436658177362,-1.0808148651302891,2.1035031625290923,2.6265897847978343,1.1402935422749918
86.0,167.0,1227.730712890625,-3.3682787622146315,1.5180359387873317,1.73461868140597,1.8939149765483647,0.738536226532105,-1.3433567597080556,-1.0768355561052392,2.1224902973800983,2.6265896947231675,1.1402936320508854
86.0,167.0,1227.7315673828125,-3.3682815572696287,1.5180356296090742,1.73461868140597,1.9545924136600088,0.7451699720395337,-1.343400420570804,-1.080396092856167,2.122356345240376,2.6265897880734617,1.1402936277640572
86.0,167.0,1227.736328125,-3.36829892187996,1.5180359387873317,1.73461868140597,1.9558400180300952,0.7450875647083675,-1.343345104550232,-1.0801215357135936,2.1024934564105187,2.626589781043659,1.1402935663686702
86.0,167.0,1227.736328125,-3.36829892187996,1.5180359387873317,1.73461868140597,1.9558400180300952,0.7450875647083675,-1.343345104550232,-1.0801215357135936,2.1024934564105187,2.626589781043659,1.1402935663686702
86.0,167.0,1227.74169921875,-3.3680595609202206,1.5180359387873317,1.73461868140597,1.9547297031906088,0.7450763822612129,-1.3424686763712297,-1.079360421814619,2.122358963403145,2.6265897843162858,1.1402936277640572
86.0,167.0,1227.74169921875,-3.3680595609202206,1.5180359387873317,1.73461868140597,1.9547297031906088,0.7450763822612129,-1.3424686763712297,-1.079360421814619,2.122358963403145,2.6265897843162858,1.1402936277640572
86.0,167.0,1227.7421875,-3.3680595609202206,1.5180357756899998,1.7346186815733204,1.9547297031906088,0.7450763849889311,-1.342471069608471,-1.0793361798216474,2.122358963403145,2.6265897945772925,1.1402936301965498
86.0,167.0,1227.743896484375,-3.368053047662808,1.5174385931145986,1.7346186815026947,1.9558400180300952,0.7450763822612129,-1.3433406711484843,-1.0805721003870907,2.122720017524097,2.626589696581384,1.140293628764949
86.0,167.0,1227.7459716796875,-3.3682787622146315,1.5180356296090742,1.73461868140597,1.9558500573576765,0.7451699720395337,-1.3432234745287417,-1.080396092856167,2.122356345240376,2.6265897819689767,1.1402936277640572
86.0,167.0,1227.746337890625,-3.354109252545816,1.5180424211407029,1.7346186814088722,1.955050776399812,0.7505162382201068,-1.3424656422757877,-1.076934477403532,2.103839078289006,2.6265897089502315,1.1402935632589073
86.0,167.0,1227.746337890625,-3.368278743267064,1.5180359387873317,1.73461868140597,1.955638636427908,0.7450763822612129,-1.343418954565775,-1.080396092856167,2.1223560757249365,2.6265897843162858,1.140293627934193
86.0,167.0,1227.7470703125,-3.368053047662808,1.5180359387873317,1.73461868140597,1.9558400180300952,0.7450763822612129,-1.3433406711484843,-1.080396092856167,2.122356345240376,2.6265897843162858,1.1402936277640572
86.0,167.0,1227.7470703125,-3.368053047662808,1.5180359857940156,1.73461868140597,1.9558400180300952,0.7450763822612129,-1.3433406711484843,-1.080396092856167,2.122356345240376,2.6265897843162858,1.1402936277640572
86.0,167.0,1227.747802734375,-3.368281444075408,1.5180359387873317,1.73461868140597,1.9558400180300952,0.7450763822612129,-1.343345104550232,-1.0804140789949737,2.122356345240376,2.62658969448172,1.1402936277640572
86.0,167.0,1227.7481689453125,-3.3682787622146315,1.5180359387873317,1.73461868140597,1.9558400180300952,0.7450763822612129,-1.343345104550232,-1.080396092856167,2.122356345240376,2.626589781043659,1.1402936277640572
86.0,167.0,1227.7481689453125,-3.3682787622146315,1.5180359387873317,1.73461868140597,1.9558400180300952,0.7450763822612129,-1.343345104550232,-1.080396092856167,2.122356345240376,2.626589781043659,1.1402936277640572
86.0,167.0,1227.7481689453125,-3.3682787622146315,1.5180359387873317,1.73461868140597,1.9558400180300952,0.7450763822612129,-1.343345104550232,-1.080396092856167,2.122356345240376,2.626589781043659,1.1402936277640572
86.0,167.0,1227.7489013671875,-3.3685794148526127,1.5180191419194462,1.7346186797585663,1.95473812041872,0.7450759875469686,-1.342509551150592,-1.079333316329778,2.1228736678410938,2.626589694724025,1.1402935649398294
86.0,167.0,1227.7510986328125,-3.368053047662808,1.5180359857940156,1.73461868140597,1.9558400180300952,0.7450716350157883,-1.3433414424427867,-1.1374535812074804,2.122356345240376,2.6265897843162858,1.1402936264469363
86.0,167.0,1227.7518310546875,-3.3753342230731644,1.517467829763773,1.7346186790902047,1.956994362535191,0.7505197325128744,-1.3426392583897515,-1.080386512070192,2.1038394648357865,2.6265896947240064,1.140294340375721
86.0,167.0,1227.7530517578125,-3.3682787622146315,1.5180356296090742,1.73461868140597,1.95638290068596,0.7451699720395337,-1.343219266268266,-1.080396092856167,2.122356345240376,2.6265897880943734,1.1402936277640572
86.0,167.0,1227.7535400390625,-3.3754190069544627,1.517467829763773,1.7346187000699638,1.954684193289822,0.7505533931048859,-1.343108041312039,-1.079204002374211,2.1038394688499698,2.626589787311746,1.1402942946680297
86.0,167.0,1227.7552490234375,-3.3682787622146315,1.5180359387873317,1.73461868140597,1.9563728613583788,0.7450763822612129,-1.3433408962897566,-1.080396092856167,2.122356345240376,2.626589787169056,1.1402936277640572
86.0,167.0,1227.7615966796875,-3.3535924806287056,1.518031005515856,1.734618681461806,1.898767504179273,0.7283438409635027,-1.343018611361204,-1.0798953990874398,2.1228415336328275,2.626589694724025,1.1402935634889886
86.0,167.0,1227.767822265625,-3.3682787622146315,1.5174207367003971,1.7346187009294904,1.8939149765483647,0.74508556836596,-1.356002123586593,-1.0768355561052392,2.122488975409957,2.6265896947231675,1.1402936342251435
86.0,167.0,1227.76806640625,-3.3754103091115915,1.5180417676312308,1.7720850644062414,1.8938383493159208,0.7450723694145104,-1.3426200437245766,-1.080386450777289,2.123082348144573,2.6265897847978343,1.1402943023423096
86.0,167.0,1227.77294921875,-3.36827348303674,1.5180194066838475,1.7346187024533457,1.8915432080895456,0.7450763822612129,-1.3557098468289994,-1.0803998972522184,2.122488975409957,2.6265897864672376,1.1402936320508854
86.0,167.0,1227.773193359375,-3.3682787622146315,1.5180275470404383,1.7346186814925169,1.8915432080895456,0.7450763822612129,-1.3557098468289994,-1.080396092856167,2.122508324856297,2.6265896947231675,1.1402936320508854
86.0,167.0,1227.773193359375,-3.3682787622146315,1.518027500033754,1.7346186814925169,1.8915432080895456,0.7450763822612129,-1.3557098468289994,-1.080396092856167,2.122508324856297,2.6265896947231675,1.1402936320508854
86.0,167.0,1227.7733154296875,-3.3682787622146315,1.5180359387873317,1.73461868140597,1.8915432080895456,0.7450763822612129,-1.3557098468289994,-1.080396092856167,2.122488975409957,2.6265896947231675,1.1402936320508854
86.0,167.0,1227.7733154296875,-3.3682787622146315,1.5180359387873317,1.73461868140597,1.8915432080895456,0.7450763822612129,-1.3557098468289994,-1.080396092856167,2.122488975409957,2.626589694724025,1.1402936320508854
86.0,167.0,1227.777099609375,-3.3754256500528457,1.517467829763773,1.7346186797585663,1.95473812041872,0.7448195495634466,-1.3426392583897515,-1.0792328296161866,2.1038394648357865,2.626589694724025,1.1402935585896947
86.0,168.0,1227.506103515625,-3.3685729015952,1.5175015129432077,1.7346186797585663,1.921744093569981,0.7444280964341173,-1.3433822899497454,-1.0803756069371968,2.122871049678324,2.6265896966540234,1.1402935649398294
86.0,168.0,1227.509521484375,-3.3685729015952,1.5180191419194462,1.7346186797585663,1.9209018017164208,0.7450759875469686,-1.3433815459278466,-1.0803689873713254,2.122871049678324,2.626589694724025,1.1402935649398294
86.0,168.0,1227.5157470703125,-3.368453228552049,1.518019164251286,1.732384784677626,1.9209018017164208,0.7449691461397101,-1.3434026640796437,-1.0803689873713254,2.122372607095955,2.626589694724025,1.1402935649398294
86.0,168.0,1227.5250244140625,-3.368278762415746,1.5180359387873317,1.73461868140597,1.9563985104083308,0.7450763822612129,-1.3434202582295989,-1.105214401878844,2.1223560757249365,2.6265897843162858,1.140293627763346
86.0,168.0,1227.5458984375,-3.3531296350894766,1.5180317695607184,1.7346186814089084,1.898767504179273,0.7505155327637073,-1.356022747710944,-1.0798953990874398,2.1217650747606385,2.626589694724025,1.1402935267092815
86.0,168.0,1227.5531005859375,-3.3533204924794773,1.5180346624265075,1.7346186814058444,1.8969164946328767,0.7505892807850042,-1.3424931596756968,-1.076980226202369,2.122372019346711,2.626589694724025,1.1402935267092815
86.0,168.0,1227.554443359375,-3.353440165522628,1.5180346400946678,1.7346186813759892,1.8969164946328767,0.7506961221922628,-1.3424720415239,-1.076980226202369,2.12287046192908,2.626589694724025,1.1402935267092815
86.0,168.0,1227.5899658203125,-3.3682787622146315,1.518030910370396,1.7346186814925169,1.8988744209252564,0.7451226588638223,-1.342718363642436,-1.080396092856167,2.122831463832451,2.6265896947231675,1.1402936320508854
86.0,168.0,1227.6114501953125,-3.3531296350894766,1.5180216295576772,1.7346186814089135,1.898767504179273,0.7505171721338202,-1.3424589745336355,-1.076980226202369,2.1038390820500537,2.626589694724025,1.1402935267092815
86.0,168.0,1227.626220703125,-3.3531296350894766,1.5180317695607184,1.7346186814089135,1.898767504179273,0.7505155327637073,-1.356022747710944,-1.0798953990874398,2.103839469406932,2.626589694724025,1.1402935267092815
86.0,168.0,1227.6343994140625,-3.368053047662808,1.5174385931145986,1.7346186815026947,1.8915637834864163,0.7450763822612129,-1.343374422302507,-1.080591443881204,2.12272198128529,2.626589695087088,1.140293628764949
86.0,168.0,1227.63818359375,-3.368053459046869,1.5174385931145986,1.7346186815026947,1.8915637834864163,0.7450763822612129,-1.342564095540358,-1.0807011734826657,2.12272198128529,2.626589695087088,1.140293628764949
86.0,168.0,1227.64453125,-3.3682787622146315,1.5180359387873317,1.73461868140597,1.8923596443060864,0.7504567522791286,-1.3420988667324003,-1.080402875276537,2.1223559957934146,2.6265896947231675,1.140293528169315
86.0,168.0,1227.650634765625,-3.3682787622146315,1.5180359387873317,1.73461868140597,1.8922923465768016,0.7450763822612129,-1.3427962298277516,-1.080396092856167,2.1223559957934146,2.6265896947231675,1.1402936319980703
86.0,168.0,1227.650634765625,-3.3682787622146315,1.5180359387873317,1.73461868140597,1.8922923465768016,0.7450763822612129,-1.3427962298277516,-1.080396092856167,2.1223559957934146,2.6265896947231675,1.1402936319980703
86.0,168.0,1227.650634765625,-3.368278680689668,1.5180359387873317,1.73461868140597,1.8922923465768016,0.7450763822612129,-1.3433455082070476,-1.0801332103594017,2.1223559957934146,2.626589695402854,1.1402936319980703
86.0,168.0,1227.6541748046875,-3.3685653923286694,1.5180359387873317,1.7437312139867829,1.8939149765483647,0.7444608846473346,-1.3426099016207198,-1.0768305068649444,2.1223486528650435,2.6265896934337176,1.140293546075784
86.0,168.0,1227.6766357421875,-3.368247538866603,1.5180392519606716,1.7346187000699638,1.9533605810585,0.7505533931048859,-1.343108041312039,-1.079204002374211,2.1038394688499698,2.626589787225228,1.1402942946680297
86.0,168.0,1227.6766357421875,-3.368247538866603,1.5180392519606716,1.734618702594911,1.9533605810585,0.7505533931048859,-1.343108041312039,-1.079204002374211,2.1038394688499698,2.626589787320156,1.140294325154331
86.0,168.0,1227.67822265625,-3.3531296350894766,1.5180317695607184,1.7346186814089135,1.8987002064499887,0.7451351627457916,-1.3567201108062952,-1.07988861666707,2.103839469406932,2.626589694724025,1.140293630538037
86.0,168.0,1227.6890869140625,-3.368053047662808,1.517955789778174,1.7346187001931372,1.954997726176535,0.7513760463546663,-1.3433399271265858,-1.080682258754054,2.122720017524097,2.6265896946513854,1.140293628764949
86.0,168.0,1227.692626953125,-3.3682787622146315,1.5180359387873317,1.73461868140597,1.8939149765483647,0.7450763822612129,-1.3426099016207198,-1.0768305068649444,2.1223486528650435,2.6265896947231675,1.1402936320508854
86.0,168.0,1227.694580078125,-3.368049788700405,1.5180359387873317,1.73461868140597,1.9558400180300952,0.7508384846591949,-1.343340397050256,-1.080130144342872,2.1203152527654465,2.6265897809637333,1.1402935663686702
86.0,168.0,1227.698974609375,-3.368053047662808,1.5174381608019356,1.7346187001931372,1.9558400180300952,0.7507281552418151,-1.3433406711484843,-1.0806888783199255,2.122720017524097,2.626589696581384,1.140293628764949
86.0,168.0,1227.703125,-3.3531296350894766,1.5180216295576772,1.7346186790269709,1.956733316266508,0.7505171721338202,-1.342423246819258,-1.0805165639015464,2.1038149747912414,2.626589694724025,1.1402936320187422
86.0,168.0,1227.704345703125,-3.3685399044865267,1.5174522968093536,1.73461870118942,1.9546291300878629,0.7448174305032941,-1.3434028660518285,-1.0808502166001734,2.1038064181522067,2.626589784428941,1.1402935599328825
86.0,168.0,1227.7049560546875,-3.3685399044865267,1.5174522968093536,1.73461870118942,1.9546291300878629,0.7448126832578696,-1.3434036373461309,-1.0808148651302891,2.1038064181522067,2.626589784428941,1.140293558615762
86.0,168.0,1227.70654296875,-3.368053047662808,1.5180359857940156,1.7346187027199562,1.9558400180300952,0.7448168659114981,-1.3433414424427867,-1.081517003938572,2.103976183219818,2.626589784311038,1.1402936264469363
86.0,168.0,1227.71044921875,-3.368053047662808,1.5174385931145986,1.7346186790639486,1.9558400180300952,0.7450763822612129,-1.3433406711484843,-1.0805721003870907,2.105144037869179,2.626589696581384,1.1402936287796852
86.0,168.0,1227.7120361328125,-3.3683021808423623,1.5174381608019356,1.7346187001931372,1.9558400180300952,0.7449772352909876,-1.3433453786484606,-1.0806802696906472,2.1048982211691696,2.6265896966613096,1.140293628764949
86.0,168.0,1227.716552734375,-3.368247538866603,1.5180392727895722,1.7346187000699638,1.9550353901004656,0.750446007533852,-1.343108041312039,-1.079179178223042,2.122464701280968,2.626589787225228,1.1402942669014429
86.0,168.0,1227.7171630859375,-3.368537109431529,1.5174522968093536,1.73461870118942,1.9564196171138133,0.7448121024542085,-1.3432224830435926,-1.081208251452627,2.1038064181522067,2.6265897844498527,1.140293558615762
86.0,168.0,1227.7203369140625,-3.3685350756057493,1.5174522968093536,1.73461870118942,1.891673557732805,0.7448126832578696,-1.343407444180015,-1.0808148651302891,2.1038064181522067,2.626589784428941,1.140293558615762
86.0,168.0,1227.723388671875,-3.368537109431529,1.5174522968093536,1.73461870118942,1.9564196171138133,0.7448126832578696,-1.3432224830435926,-1.0808148651302891,2.1038064181522067,2.6265897844498527,1.140293558615762
86.0,168.0,1227.7236328125,-3.3685794148526127,1.5180191419194462,1.7346186797585663,1.95473812041872,0.7450759980241258,-1.341973296136271,-1.0804849921026929,2.1228736678410938,2.626589694723167,1.1402935649398294
86.0,168.0,1227.724853515625,-3.3685399044865267,1.5174522968093536,1.73461870118942,1.9558400180300952,0.7444195762866822,-1.343436658177362,-1.0808148651302891,2.1035031625290923,2.6265897847978343,1.1402935422749918
86.0,168.0,1227.729736328125,-3.368274697491075,1.5180198367572044,1.7346186797585663,1.95473812041872,0.7450759980241258,-1.341973296136271,-1.0800708462114756,2.1228736678410938,2.6265897830456,1.1402935649398294
86.0,168.0,1227.730712890625,-3.3682787622146315,1.5180359387873317,1.73461868140597,1.8939149765483647,0.738536226532105,-1.3433567597080556,-1.0768355561052392,2.1224902973800983,2.6265896947231675,1.1402936320508854
86.0,168.0,1227.7315673828125,-3.3682815572696287,1.5180356296090742,1.73461868140597,1.9545924136600088,0.7451699720395337,-1.343400420570804,-1.080396092856167,2.122356345240376,2.6265897880734617,1.1402936277640572
86.0,168.0,1227.7340087890625,-3.3682835910954085,1.5180359387873317,1.73461868140597,1.9552479189318592,0.7450763822612129,-1.3427924229938673,-1.080396092856167,2.1223559957934146,2.6265896947231675,1.1402936319980703
86.0,168.0,1227.736328125,-3.36829892187996,1.5180359387873317,1.73461868140597,1.9558400180300952,0.7450875647083675,-1.343345104550232,-1.0801215357135936,2.1024934564105187,2.626589781043659,1.1402935663686702
86.0,168.0,1227.736328125,-3.36829892187996,1.5180359387873317,1.73461868140597,1.9558400180300952,0.7450875647083675,-1.343345104550232,-1.0801215357135936,2.1024934564105187,2.626589781043659,1.1402935663686702
86.0,168.0,1227.7373046875,-3.3685773424207217,1.5180191419194462,1.7346186797585663,1.9558569028009969,0.7450759875469686,-1.342509551150592,-1.079333316329778,2.1032237150378275,2.626589694724025,1.1402935649398294
86.0,168.0,1227.7398681640625,-3.3685399044865267,1.5174522968093536,1.7346186798754335,1.9546291300878629,0.7450721996075843,-1.3434028660518285,-1.136786793869082,2.122186580172764,2.6265897844341883,1.1402935599328825
86.0,168.0,1227.74169921875,-3.3680595609202206,1.5180359387873317,1.73461868140597,1.9547297031906088,0.7450763822612129,-1.3424686763712297,-1.079360421814619,2.122358963403145,2.6265897843162858,1.1402936277640572
86.0,168.0,1227.74169921875,-3.3680595609202206,1.5180359387873317,1.73461868140597,1.9547297031906088,0.7450763822612129,-1.3424686763712297,-1.079360421814619,2.122358963403145,2.6265897843162858,1.1402936277640572
86.0,168.0,1227.7421875,-3.3680595609202206,1.5180357756899998,1.7346186815733204,1.9547297031906088,0.7450763849889311,-1.342471069608471,-1.0793361798216474,2.122358963403145,2.6265897945772925,1.1402936301965498
86.0,168.0,1227.743896484375,-3.368053047662808,1.5174385931145986,1.7346186815026947,1.9558400180300952,0.7450763822612129,-1.3433406711484843,-1.0805721003870907,2.122720017524097,2.626589696581384,1.140293628764949
86.0,168.0,1227.7451171875,-3.3682787430659484,1.5180359387873317,1.73461868140597,1.955612987377956,0.7450763822612129,-1.3433395926259335,-1.080396092856167,2.122356345240376,2.626589787169056,1.1402936279349043
86.0,168.0,1227.7459716796875,-3.3682787622146315,1.5180356296090742,1.73461868140597,1.9558500573576765,0.7451699720395337,-1.3432234745287417,-1.080396092856167,2.122356345240376,2.6265897819689767,1.1402936277640572
86.0,169.0,1227.3651123046875,-3.3685729015952,1.5175015129432077,1.7346186797585663,1.921744093569981,0.7444280964341173,-1.343381520917363,-1.0803799417603448,2.122871049678324,2.6265896953498244,1.165704615379366
86.0,169.0,1227.49462890625,-3.3685729015952,1.5180379257469985,1.7346186814651532,1.9208692044892663,0.7502194720715017,-1.343448245237277,-1.079899460988906,2.122997812834001,2.6265896966540234,1.1402935649398294
86.0,169.0,1227.5018310546875,-3.353103827728643,1.5180199334719882,1.732384784677626,1.920890940103357,0.7506752902211615,-1.342510863116115,-1.076920883967854,2.1223736586474184,2.626589694724025,1.1402935649398294
86.0,169.0,1227.506103515625,-3.3685729015952,1.5175015129432077,1.7346186797585663,1.921744093569981,0.7444280964341173,-1.3433822899497454,-1.0803756069371968,2.122871049678324,2.6265896966540234,1.1402935649398294
86.0,169.0,1227.509521484375,-3.3685729015952,1.5180191419194462,1.7346186797585663,1.9209018017164208,0.7450759875469686,-1.3433815459278466,-1.0803689873713254,2.122871049678324,2.626589694724025,1.1402935649398294
86.0,169.0,1227.51171875,-3.3685730471061848,1.5180191419194462,1.734618680496405,1.9172963447935745,0.744791815917221,-1.343382075751988,-1.0803689873713254,2.122871049678324,2.626589695299748,1.1402935649398294
86.0,169.0,1227.5157470703125,-3.368453228552049,1.518019164251286,1.732384784677626,1.9209018017164208,0.7449691461397101,-1.3434026640796437,-1.0803689873713254,2.122372607095955,2.626589694724025,1.1402935649398294
86.0,169.0,1227.5159912109375,-3.368453228552049,1.518037892195017,1.732384784677626,1.9209018017164208,0.7449707787713498,-1.3434026640796437,-1.0803689873713254,2.1223719690629603,2.6265896947240472,1.1402935649398294
86.0,169.0,1227.5250244140625,-3.368278762415746,1.5180359387873317,1.73461868140597,1.9563985104083308,0.7450763822612129,-1.3434202582295989,-1.105214401878844,2.1223560757249365,2.6265897843162858,1.140293627763346
86.0,169.0,1227.5458984375,-3.3531296350894766,1.5180317695607184,1.7346186814089084,1.898767504179273,0.7505155327637073,-1.356022747710944,-1.0798953990874398,2.1217650747606385,2.626589694724025,1.1402935267092815
86.0,169.0,1227.5531005859375,-3.3533204924794773,1.5180346624265075,1.7346186814058444,1.8969164946328767,0.7505892807850042,-1.3424931596756968,-1.076980226202369,2.122372019346711,2.626589694724025,1.1402935267092815
86.0,169.0,1227.554443359375,-3.353440165522628,1.5180346400946678,1.7346186813759892,1.8969164946328767,0.7506961221922628,-1.3424720415239,-1.076980226202369,2.12287046192908,2.626589694724025,1.1402935267092815
86.0,169.0,1227.5899658203125,-3.3682787622146315,1.518030910370396,1.7346186814925169,1.8988744209252564,0.7451226588638223,-1.342718363642436,-1.080396092856167,2.122831463832451,2.6265896947231675,1.1402936320508854
86.0,169.0,1227.5908203125,-3.3531296350894766,1.5180318664239305,1.7346186814089084,1.8980250615249976,0.7505155327637073,-1.356022747710944,-1.1046681010423502,2.121769366750386,2.626589682820248,1.1402935267092815
86.0,169.0,1227.6068115234375,-3.353160217200283,1.5179929580019456,1.7346186814086462,1.8911343088343,0.7503922010858106,-1.3423649013646015,-1.080591443881204,2.105145887649639,2.626589695087088,1.140293632402517
86.0,169.0,1227.6099853515625,-3.3687895663460345,1.5180338708739656,1.7346186813759892,1.89692735624594,0.7449899781108114,-1.343363842487429,-1.0804283296058406,2.1228694103776165,2.626589694724025,1.1402935267092815
86.0,169.0,1227.6114501953125,-3.3531296350894766,1.5180216295576772,1.7346186814089135,1.898767504179273,0.7505171721338202,-1.3424589745336355,-1.076980226202369,2.1038390820500537,2.626589694724025,1.1402935267092815
86.0,169.0,1227.626220703125,-3.3531296350894766,1.5180317695607184,1.7346186814089135,1.898767504179273,0.7505155327637073,-1.356022747710944,-1.0798953990874398,2.103839469406932,2.626589694724025,1.1402935267092815
86.0,169.0,1227.6326904296875,-3.368053459046869,1.517430144718481,1.7346186814064202,1.8929636083064207,0.745058731789671,-1.342564095540358,-1.0800732847000454,2.12272198128529,2.626589783576157,1.140293629597593
86.0,169.0,1227.6343994140625,-3.368053047662808,1.5174385931145986,1.7346186815026947,1.8915637834864163,0.7450763822612129,-1.343374422302507,-1.080591443881204,2.12272198128529,2.626589695087088,1.140293628764949
86.0,169.0,1227.6343994140625,-3.368053047662808,1.5174385931145986,1.7346186815026947,1.8915637834864163,0.7450763822612129,-1.343374422302507,-1.080591443881204,2.12272198128529,2.626589695087088,1.140293628764949
86.0,169.0,1227.63818359375,-3.368053459046869,1.5174385931145986,1.7346186815026947,1.8915637834864163,0.7450763822612129,-1.342564095540358,-1.0807011734826657,2.12272198128529,2.626589695087088,1.140293628764949
86.0,169.0,1227.64453125,-3.3682787622146315,1.5180359387873317,1.73461868140597,1.8923596443060864,0.7504567522791286,-1.3420988667324003,-1.080402875276537,2.1223559957934146,2.6265896947231675,1.140293528169315
86.0,169.0,1227.645263671875,-3.3682787622146315,1.5180359387873317,1.73461868140597,1.8922914661642585,0.7504567522791286,-1.3420988667324003,-1.080402865168789,2.1223559957934146,2.6265896947231675,1.1402935288121323
86.0,169.0,1227.650634765625,-3.3682787622146315,1.5180359387873317,1.73461868140597,1.8922923465768016,0.7450763822612129,-1.3427962298277516,-1.080396092856167,2.1223559957934146,2.6265896947231675,1.1402936319980703
86.0,169.0,1227.650634765625,-3.3682787622146315,1.5180359387873317,1.73461868140597,1.8922923465768016,0.7450763822612129,-1.3427962298277516,-1.080396092856167,2.1223559957934146,2.6265896947231675,1.1402936319980703
86.0,169.0,1227.650634765625,-3.368278680689668,1.5180359387873317,1.73461868140597,1.8922923465768016,0.7450763822612129,-1.3433455082070476,-1.0801332103594017,2.1223559957934146,2.626589695402854,1.1402936319980703
86.0,169.0,1227.6510009765625,-3.3682784394116405,1.5180348620139787,1.7346186797585663,1.89352504366527,0.7450759980241258,-1.341973296136271,-1.0800708462114756,2.1228979517775346,2.6265897830456,1.1402935649398294
86.0,169.0,1227.6512451171875,-3.3531296350894766,1.5174953567569278,1.7346186797023269,1.899642393259988,0.7447241571263229,-1.3559567924234124,-1.0803715450357307,2.103712706251254,2.626589694724025,1.1402935267092815
86.0,169.0,1227.6522216796875,-3.3685845175118136,1.5180346400946678,1.7346186813759892,1.8942709370085,0.7450273618753757,-1.3424720415239,-1.0794859665841856,2.12287046192908,2.626589694724025,1.1402935267092815
86.0,169.0,1227.6541748046875,-3.3685653923286694,1.5180359387873317,1.7437312139867829,1.8939149765483647,0.7444608846473346,-1.3426099016207198,-1.0768305068649444,2.1223486528650435,2.6265896934337176,1.140293546075784
86.0,169.0,1227.6669921875,-3.368049788700405,1.5180443871834493,1.7346186815022444,1.9544401932100903,0.7508561351307369,-1.343340397050256,-1.080758033125492,2.1203152527654465,2.6265896924746643,1.1402935655360262
86.0,169.0,1227.6766357421875,-3.368247538866603,1.5180392519606716,1.7346187000699638,1.9533605810585,0.7505533931048859,-1.343108041312039,-1.079204002374211,2.1038394688499698,2.626589787225228,1.1402942946680297
86.0,169.0,1227.6766357421875,-3.368247538866603,1.5180392519606716,1.734618702594911,1.9533605810585,0.7505533931048859,-1.343108041312039,-1.079204002374211,2.1038394688499698,2.626589787320156,1.140294325154331
86.0,169.0,1227.67822265625,-3.3531296350894766,1.5180317695607184,1.7346186814089135,1.8987002064499887,0.7451351627457916,-1.3567201108062952,-1.07988861666707,2.103839469406932,2.626589694724025,1.140293630538037
86.0,169.0,1227.6815185546875,-3.3531296350894766,1.5180387998462428,1.7346187020420598,1.8987002064499887,0.7451351627457916,-1.3567201108062952,-1.0792043916057952,2.103839469406932,2.6265896967176965,1.1402943080438614
86.0,169.0,1227.6890869140625,-3.368053047662808,1.517955789778174,1.7346187001931372,1.954997726176535,0.7513760463546663,-1.3433399271265858,-1.080682258754054,2.122720017524097,2.6265896946513854,1.140293628764949
86.0,169.0,1227.692626953125,-3.3682787622146315,1.5180359387873317,1.73461868140597,1.8939149765483647,0.7450763822612129,-1.3426099016207198,-1.0768305068649444,2.1223486528650435,2.6265896947231675,1.1402936320508854
86.0,169.0,1227.694580078125,-3.368049788700405,1.5180359387873317,1.73461868140597,1.9558400180300952,0.7508384846591949,-1.343340397050256,-1.080130144342872,2.1203152527654465,2.6265897809637333,1.1402935663686702
86.0,169.0,1227.698974609375,-3.368053047662808,1.5174381608019356,1.7346187001931372,1.9558400180300952,0.7507281552418151,-1.3433406711484843,-1.0806888783199255,2.122720017524097,2.626589696581384,1.140293628764949
86.0,169.0,1227.7022705078125,-3.368053047662808,1.5180359375852357,1.7346186810948134,1.9552627892118937,0.7448168659114981,-1.3433414424427867,-1.081537455503278,2.103489690408958,2.626589696783791,1.1402936263167862
86.0,169.0,1227.703125,-3.3531296350894766,1.5180216295576772,1.7346186790269709,1.956733316266508,0.7505171721338202,-1.342423246819258,-1.0805165639015464,2.1038149747912414,2.626589694724025,1.1402936320187422
86.0,169.0,1227.704345703125,-3.3685399044865267,1.5174522968093536,1.73461870118942,1.9546291300878629,0.7448174305032941,-1.3434028660518285,-1.0808502166001734,2.1038064181522067,2.626589784428941,1.1402935599328825
86.0,169.0,1227.7049560546875,-3.3685399044865267,1.5174522968093536,1.73461870118942,1.9546291300878629,0.7448126832578696,-1.3434036373461309,-1.0808148651302891,2.1038064181522067,2.626589784428941,1.140293558615762
86.0,169.0,1227.70654296875,-3.368053047662808,1.5180359857940156,1.7346187027199562,1.9558400180300952,0.7448168659114981,-1.3433414424427867,-1.081517003938572,2.103976183219818,2.626589784311038,1.1402936264469363
86.0,169.0,1227.71044921875,-3.368053047662808,1.5174385931145986,1.7346186790639486,1.9558400180300952,0.7450763822612129,-1.3433406711484843,-1.0805721003870907,2.105144037869179,2.626589696581384,1.1402936287796852
86.0,169.0,1227.7120361328125,-3.3683021808423623,1.5174381608019356,1.7346187001931372,1.9558400180300952,0.7449772352909876,-1.3433453786484606,-1.0806802696906472,2.1048982211691696,2.6265896966613096,1.140293628764949
86.0,169.0,1227.716552734375,-3.368247538866603,1.5180392727895722,1.7346187000699638,1.9550353901004656,0.750446007533852,-1.343108041312039,-1.079179178223042,2.122464701280968,2.626589787225228,1.1402942669014429
86.0,169.0,1227.7171630859375,-3.368537109431529,1.5174522968093536,1.73461870118942,1.9564196171138133,0.7448121024542085,-1.3432224830435926,-1.081208251452627,2.1038064181522067,2.6265897844498527,1.140293558615762
86.0,169.0,1227.7203369140625,-3.3685350756057493,1.5174522968093536,1.73461870118942,1.891673557732805,0.7448126832578696,-1.343407444180015,-1.0808148651302891,2.1038064181522067,2.626589784428941,1.140293558615762
86.0,170.0,1227.3651123046875,-3.3685729015952,1.5175015129432077,1.7346186797585663,1.921744093569981,0.7444280964341173,-1.343381520917363,-1.0803799417603448,2.122871049678324,2.6265896953498244,1.165704615379366
86.0,170.0,1227.467041015625,-3.3685730471061848,1.5175066341396712,1.734618680496405,1.9172963447935745,0.744791815917221,-1.343382075751988,-1.080380244774214,2.122871049678324,2.626589695299748,1.1422312596852613
86.0,170.0,1227.49462890625,-3.3685729015952,1.5180379257469985,1.7346186814651532,1.9208692044892663,0.7502194720715017,-1.343448245237277,-1.079899460988906,2.122997812834001,2.6265896966540234,1.1402935649398294
86.0,170.0,1227.50146484375,-3.3685729015952,1.517500677385055,1.7346186797585663,1.9214046831404223,0.7450566874624791,-1.3433822899497454,-1.0803756069371968,2.1228707719384943,2.626589696666544,1.1402935649398294
86.0,170.0,1227.5018310546875,-3.353103827728643,1.5180199334719882,1.732384784677626,1.920890940103357,0.7506752902211615,-1.342510863116115,-1.076920883967854,2.1223736586474184,2.626589694724025,1.1402935649398294
86.0,170.0,1227.506103515625,-3.3685729015952,1.5175015129432077,1.7346186797585663,1.921744093569981,0.7444280964341173,-1.3433822899497454,-1.0803756069371968,2.122871049678324,2.6265896966540234,1.1402935649398294
86.0,170.0,1227.509521484375,-3.3685729015952,1.5180191419194462,1.7346186797585663,1.9209018017164208,0.7450759875469686,-1.3433815459278466,-1.0803689873713254,2.122871049678324,2.626589694724025,1.1402935649398294
86.0,170.0,1227.51171875,-3.3685730471061848,1.5180191419194462,1.734618680496405,1.9172963447935745,0.744791815917221,-1.343382075751988,-1.0803689873713254,2.122871049678324,2.626589695299748,1.1402935649398294
86.0,170.0,1227.5157470703125,-3.368453228552049,1.518019164251286,1.732384784677626,1.9209018017164208,0.7449691461397101,-1.3434026640796437,-1.0803689873713254,2.122372607095955,2.626589694724025,1.1402935649398294
86.0,170.0,1227.5159912109375,-3.368453228552049,1.518037892195017,1.732384784677626,1.9209018017164208,0.7449707787713498,-1.3434026640796437,-1.0803689873713254,2.1223719690629603,2.6265896947240472,1.1402935649398294
86.0,170.0,1227.5159912109375,-3.368453228552049,1.518037892195017,1.732384784677626,1.9209018017164208,0.744969132017342,-1.3434026640796437,-1.0803689873713254,2.122371909026206,2.626589694724024,1.1402935649398294
86.0,170.0,1227.5169677734375,-3.368453228552049,1.518019164251286,1.732384784677626,1.9202908767044296,0.7449691461397101,-1.3424486057009528,-1.0803689873713254,2.1227264290417835,2.626589694724025,1.1402935649398294
86.0,170.0,1227.5250244140625,-3.368278762415746,1.5180359387873317,1.73461868140597,1.9563985104083308,0.7450763822612129,-1.3434202582295989,-1.105214401878844,2.1223560757249365,2.6265897843162858,1.140293627763346
86.0,170.0,1227.53857421875,-3.3531296350894766,1.5180216295576772,1.7346186814089135,1.8987411018328133,0.7505171721338202,-1.3424589745336355,-1.076976676270084,2.121240424835396,2.626589694724025,1.1402935267092815
86.0,170.0,1227.5458984375,-3.3531296350894766,1.5180317695607184,1.7346186814089084,1.898767504179273,0.7505155327637073,-1.356022747710944,-1.0798953990874398,2.1217650747606385,2.626589694724025,1.1402935267092815
86.0,170.0,1227.5506591796875,-3.353440165522628,1.5180308528092208,1.7346186813759892,1.8969164946328767,0.7506961221922628,-1.342699171252755,-1.076980226202369,2.1228337010403955,2.626589694723154,1.14029352933822
86.0,170.0,1227.5531005859375,-3.3533204924794773,1.5180346624265075,1.7346186814058444,1.8969164946328767,0.7505892807850042,-1.3424931596756968,-1.076980226202369,2.122372019346711,2.626589694724025,1.1402935267092815
86.0,170.0,1227.554443359375,-3.353440165522628,1.5180346400946678,1.7346186813759892,1.8969164946328767,0.7506961221922628,-1.3424720415239,-1.076980226202369,2.12287046192908,2.626589694724025,1.1402935267092815
86.0,170.0,1227.5899658203125,-3.3682787622146315,1.518030910370396,1.7346186814925169,1.8988744209252564,0.7451226588638223,-1.342718363642436,-1.080396092856167,2.122831463832451,2.6265896947231675,1.1402936320508854
86.0,170.0,1227.5908203125,-3.3531296350894766,1.5180318664239305,1.7346186814089084,1.8980250615249976,0.7505155327637073,-1.356022747710944,-1.1046681010423502,2.121769366750386,2.626589682820248,1.1402935267092815
86.0,170.0,1227.591552734375,-3.3682787622146315,1.5180346976558428,1.7346186814925169,1.8988744209252564,0.7451226588638223,-1.342491233913581,-1.080396092856167,2.1228682247211346,2.626589694724037,1.1402936294219468
86.0,170.0,1227.6068115234375,-3.353160217200283,1.5179929580019456,1.7346186814086462,1.8911343088343,0.7503922010858106,-1.3423649013646015,-1.080591443881204,2.105145887649639,2.626589695087088,1.140293632402517
86.0,170.0,1227.6099853515625,-3.3687895663460345,1.5180338708739656,1.7346186813759892,1.89692735624594,0.7449899781108114,-1.343363842487429,-1.0804283296058406,2.1228694103776165,2.626589694724025,1.1402935267092815
86.0,170.0,1227.6114501953125,-3.3531296350894766,1.5180216295576772,1.7346186814089135,1.898767504179273,0.7505171721338202,-1.3424589745336355,-1.076980226202369,2.1038390820500537,2.626589694724025,1.1402935267092815
86.0,170.0,1227.626220703125,-3.3531296350894766,1.5180317695607184,1.7346186814089135,1.898767504179273,0.7505155327637073,-1.356022747710944,-1.0798953990874398,2.103839469406932,2.626589694724025,1.1402935267092815
86.0,170.0,1227.626220703125,-3.3531296350894766,1.5180317695607184,1.7346186814089135,1.898767504179273,0.7505155327637073,-1.356022747710944,-1.0798953990874398,2.103839469406932,2.626589694724025,1.1402935267092815
86.0,170.0,1227.6326904296875,-3.368053459046869,1.517430144718481,1.7346186814064202,1.8929636083064207,0.745058731789671,-1.342564095540358,-1.0800732847000454,2.12272198128529,2.626589783576157,1.140293629597593
86.0,170.0,1227.6326904296875,-3.368053459046869,1.517430144718481,1.7346186814064202,1.8929636083064207,0.745058731789671,-1.342564095540358,-1.0800732847000454,2.12272198128529,2.626589783576157,1.140293629597593
86.0,170.0,1227.6337890625,-3.368053047662808,1.5174394286727513,1.7346186815026947,1.891903193915975,0.7444477912328511,-1.343374422302507,-1.080591443881204,2.12272225902512,2.626589695074568,1.140293628764949
86.0,170.0,1227.6343994140625,-3.368053047662808,1.5174385931145986,1.7346186815026947,1.8915637834864163,0.7450763822612129,-1.343374422302507,-1.080591443881204,2.12272198128529,2.626589695087088,1.140293628764949
86.0,170.0,1227.6343994140625,-3.368053047662808,1.5174385931145986,1.7346186815026947,1.8915637834864163,0.7450763822612129,-1.343374422302507,-1.080591443881204,2.12272198128529,2.626589695087088,1.140293628764949
86.0,170.0,1227.63818359375,-3.368053459046869,1.5174385931145986,1.7346186815026947,1.8915637834864163,0.7450763822612129,-1.342564095540358,-1.0807011734826657,2.12272198128529,2.626589695087088,1.140293628764949
86.0,170.0,1227.63818359375,-3.368053459046869,1.5174385931145986,1.7346186815026947,1.8915637834864163,0.7450763822612129,-1.342564095540358,-1.0807011734826657,2.12272198128529,2.626589695087088,1.140293628764949
86.0,170.0,1227.64453125,-3.3682787622146315,1.5180359387873317,1.73461868140597,1.8923596443060864,0.7504567522791286,-1.3420988667324003,-1.080402875276537,2.1223559957934146,2.6265896947231675,1.140293528169315
86.0,170.0,1227.645263671875,-3.3682787622146315,1.5180359387873317,1.73461868140597,1.8922914661642585,0.7504567522791286,-1.3420988667324003,-1.080402865168789,2.1223559957934146,2.6265896947231675,1.1402935288121323
86.0,170.0,1227.6453857421875,-3.3682787622146315,1.5180359387873317,1.73461868140597,1.8922923465768016,0.7505743673515024,-1.342093010112134,-1.080396092856167,2.1223559957934146,2.6265896947231675,1.1402936319980703
86.0,170.0,1227.650634765625,-3.3682787622146315,1.5180359387873317,1.73461868140597,1.8922923465768016,0.7450763822612129,-1.3427962298277516,-1.080396092856167,2.1223559957934146,2.6265896947231675,1.1402936319980703
86.0,170.0,1227.650634765625,-3.3682787622146315,1.5180359387873317,1.73461868140597,1.8922923465768016,0.7450763822612129,-1.3427962298277516,-1.080396092856167,2.1223559957934146,2.6265896947231675,1.1402936319980703
86.0,170.0,1227.650634765625,-3.368278680689668,1.5180359387873317,1.73461868140597,1.8922923465768016,0.7450763822612129,-1.3433455082070476,-1.0801332103594017,2.1223559957934146,2.626589695402854,1.1402936319980703
86.0,170.0,1227.6510009765625,-3.3682784394116405,1.5180348620139787,1.7346186797585663,1.89352504366527,0.7450759980241258,-1.341973296136271,-1.0800708462114756,2.1228979517775346,2.6265897830456,1.1402935649398294
86.0,170.0,1227.6512451171875,-3.3531296350894766,1.5174953567569278,1.7346186797023269,1.899642393259988,0.7447241571263229,-1.3559567924234124,-1.0803715450357307,2.103712706251254,2.626589694724025,1.1402935267092815
86.0,170.0,1227.6522216796875,-3.3685845175118136,1.5180346400946678,1.7346186813759892,1.8942709370085,0.7450273618753757,-1.3424720415239,-1.0794859665841856,2.12287046192908,2.626589694724025,1.1402935267092815
86.0,170.0,1227.6541748046875,-3.3685653923286694,1.5180359387873317,1.7437312139867829,1.8939149765483647,0.7444608846473346,-1.3426099016207198,-1.0768305068649444,2.1223486528650435,2.6265896934337176,1.140293546075784
86.0,170.0,1227.6553955078125,-3.3682787622146315,1.5180359387873317,1.73461868140597,1.8922923465768016,0.745075994842225,-1.3427962298277516,-1.0800724871870249,2.1223530761279497,2.6265897835789933,1.1402936319980703
86.0,170.0,1227.6669921875,-3.368049788700405,1.5180443871834493,1.7346186815022444,1.9544401932100903,0.7508561351307369,-1.343340397050256,-1.080758033125492,2.1203152527654465,2.6265896924746643,1.1402935655360262
86.0,170.0,1227.67431640625,-3.3535828998318524,1.5180445644059926,1.734618703959668,1.9544401932100903,0.7509230347929643,-1.343340397050256,-1.080758033125492,2.1203152527654465,2.6265896924746643,1.1402942786922523
86.0,170.0,1227.6766357421875,-3.368247538866603,1.5180392519606716,1.7346187000699638,1.9533605810585,0.7505533931048859,-1.343108041312039,-1.079204002374211,2.1038394688499698,2.626589787225228,1.1402942946680297
86.0,170.0,1227.6766357421875,-3.368247538866603,1.5180392519606716,1.734618702594911,1.9533605810585,0.7505533931048859,-1.343108041312039,-1.079204002374211,2.1038394688499698,2.626589787320156,1.140294325154331
86.0,170.0,1227.67822265625,-3.3531296350894766,1.5180317695607184,1.7346186814089135,1.8987002064499887,0.7451351627457916,-1.3567201108062952,-1.07988861666707,2.103839469406932,2.626589694724025,1.140293630538037
86.0,170.0,1227.6815185546875,-3.3531296350894766,1.5180387998462428,1.7346187020420598,1.8987002064499887,0.7451351627457916,-1.3567201108062952,-1.0792043916057952,2.103839469406932,2.6265896967176965,1.1402943080438614
86.0,171.0,1227.3651123046875,-3.3685729015952,1.5175015129432077,1.7346186797585663,1.921744093569981,0.7444280964341173,-1.343381520917363,-1.0803799417603448,2.122871049678324,2.6265896953498244,1.165704615379366
86.0,171.0,1227.4658203125,-3.3637537745969697,1.5175008675957316,1.734618679759471,1.9214046831404223,0.7450566874624791,-1.3433822899497454,-1.0803757310185815,2.122871060287504,2.6265896952254324,1.1402935649398294
86.0,171.0,1227.467041015625,-3.3685730471061848,1.5175066341396712,1.734618680496405,1.9172963447935745,0.744791815917221,-1.343382075751988,-1.080380244774214,2.122871049678324,2.626589695299748,1.1422312596852613
86.0,171.0,1227.471435546875,-3.3529759419172547,1.5180216295576772,1.734618681375048,1.8987411018328133,0.7509568375133769,-1.3424589745336355,-1.0804490128711826,2.1212424314645246,2.626589694724025,1.1402935267092815
86.0,171.0,1227.4776611328125,-3.3536180403195965,1.517432232084604,1.734609126534197,1.894124120986045,0.7510198617641662,-1.343374422302507,-1.0806714045925805,2.12272225902512,2.626589695074568,1.1402936310882283
86.0,171.0,1227.49462890625,-3.3685729015952,1.5180379257469985,1.7346186814651532,1.9208692044892663,0.7502194720715017,-1.343448245237277,-1.079899460988906,2.122997812834001,2.6265896966540234,1.1402935649398294
86.0,171.0,1227.5006103515625,-3.3685729015952,1.517500677385055,1.7346186815369304,1.920825460122474,0.7451195559017003,-1.343387911993828,-1.0803756069371968,2.1228707719384943,2.626589696666544,1.1402935649398294
86.0,171.0,1227.50146484375,-3.3685729015952,1.517500677385055,1.7346186797585663,1.9214046831404223,0.7450566874624791,-1.3433822899497454,-1.0803756069371968,2.1228707719384943,2.626589696666544,1.1402935649398294
86.0,171.0,1227.5018310546875,-3.353103827728643,1.5180199334719882,1.732384784677626,1.920890940103357,0.7506752902211615,-1.342510863116115,-1.076920883967854,2.1223736586474184,2.626589694724025,1.1402935649398294
86.0,171.0,1227.506103515625,-3.3685729015952,1.5175015129432077,1.7346186797585663,1.921744093569981,0.7444280964341173,-1.3433822899497454,-1.0803756069371968,2.122871049678324,2.6265896966540234,1.1402935649398294
86.0,171.0,1227.5069580078125,-3.368453228552049,1.518019164251286,1.7346002993485607,1.9202908767044296,0.7450161842107428,-1.3424486057009528,-1.0803689873713254,2.1227264290417835,2.626589694724025,1.1402935649398294
86.0,171.0,1227.507080078125,-3.368453228552049,1.518037892195017,1.7349851968284578,1.920956957031448,0.7449707787713498,-1.3434026640796437,-1.0803777548622435,2.122710391971288,2.626589694727657,1.1402935649245505
86.0,171.0,1227.509521484375,-3.3685729015952,1.5180191419194462,1.7346186797585663,1.9209018017164208,0.7450759875469686,-1.3433815459278466,-1.0803689873713254,2.122871049678324,2.626589694724025,1.1402935649398294
86.0,171.0,1227.51171875,-3.3685730471061848,1.5180191419194462,1.734618680496405,1.9172963447935745,0.744791815917221,-1.343382075751988,-1.0803689873713254,2.122871049678324,2.626589695299748,1.1402935649398294
86.0,171.0,1227.511962890625,-3.3685729015952,1.5174993193065938,1.7323893174576597,1.921744093569981,0.7444183045774796,-1.3433822899497454,-1.0803756069371968,2.122321340074264,2.6265896947125538,1.1402935649398294
86.0,171.0,1227.5157470703125,-3.368453228552049,1.518019164251286,1.732384784677626,1.9209018017164208,0.7449691461397101,-1.3434026640796437,-1.0803689873713254,2.122372607095955,2.626589694724025,1.1402935649398294
86.0,171.0,1227.5157470703125,-3.368453228552049,1.518019164251286,1.732384784677626,1.9209018017164208,0.7449691461397101,-1.3434026640796437,-1.0803689873713254,2.122372607095955,2.626589694724025,1.1402935649398294
86.0,171.0,1227.515869140625,-3.368453228552049,1.518037892195017,1.7324038673571898,1.9209018017164208,0.7449707787713498,-1.3434026640796437,-1.0803689873713254,2.122360133893922,2.6265896947240472,1.1402935649398294
86.0,171.0,1227.5159912109375,-3.368453228552049,1.518037892195017,1.732384784677626,1.9209018017164208,0.7449707787713498,-1.3434026640796437,-1.0803689873713254,2.1223719690629603,2.6265896947240472,1.1402935649398294
86.0,171.0,1227.5159912109375,-3.368453228552049,1.518037892195017,1.732384784677626,1.9209018017164208,0.744969132017342,-1.3434026640796437,-1.0803689873713254,2.122371909026206,2.626589694724024,1.1402935649398294
86.0,171.0,1227.5169677734375,-3.368453228552049,1.518019164251286,1.732384784677626,1.9202908767044296,0.7449691461397101,-1.3424486057009528,-1.0803689873713254,2.1227264290417835,2.626589694724025,1.1402935649398294
86.0,171.0,1227.5208740234375,-3.368278762415746,1.5180359031100663,1.73461868140597,1.95569295190271,0.7449485511057568,-1.3434202582295989,-1.105214401878844,2.122877781581317,2.6265897843162858,1.1402936256206817
86.0,171.0,1227.5250244140625,-3.368278762415746,1.5180359387873317,1.73461868140597,1.9563985104083308,0.7450763822612129,-1.3434202582295989,-1.105214401878844,2.1223560757249365,2.6265897843162858,1.140293627763346
86.0,171.0,1227.53857421875,-3.3531296350894766,1.5180216295576772,1.7346186814089135,1.8987411018328133,0.7505171721338202,-1.3424589745336355,-1.076976676270084,2.121240424835396,2.626589694724025,1.1402935267092815
86.0,171.0,1227.5458984375,-3.3531296350894766,1.5180317695607184,1.7346186814089084,1.898767504179273,0.7505155327637073,-1.356022747710944,-1.0798953990874398,2.1217650747606385,2.626589694724025,1.1402935267092815
86.0,171.0,1227.54638671875,-3.3531296350894766,1.5180315854453088,1.7346186814089084,1.898767504179273,0.7506744009184642,-1.356022747710944,-1.0798953990874398,2.1223620397925425,2.626589694724025,1.1402935267092815
86.0,171.0,1227.546875,-3.352436867077008,1.5180361874554764,1.7346186814089803,1.898767504179273,0.7505171721338202,-1.3424817937789508,-1.0767788245808978,2.1225310098419925,2.626589694724025,1.1402936330275928
86.0,171.0,1227.54736328125,-3.353440165522628,1.5180346757719327,1.7346186813759892,1.8976220531384973,0.7508239533477188,-1.3424720415239,-1.076980226202369,2.1223487560726992,2.626589694724025,1.1402935288519458
86.0,171.0,1227.5506591796875,-3.353440165522628,1.5180308528092208,1.7346186813759892,1.8969164946328767,0.7506961221922628,-1.342699171252755,-1.076980226202369,2.1228337010403955,2.626589694723154,1.14029352933822
86.0,171.0,1227.5506591796875,-3.353440165522628,1.5180308528092208,1.7346186813759892,1.8969164946328767,0.7506961221922628,-1.3426964906029402,-1.076980226202369,2.1228276762557123,2.626589694723154,1.140293526779413
86.0,171.0,1227.5531005859375,-3.3533204924794773,1.5180346624265075,1.7346186814058444,1.8969164946328767,0.7505892807850042,-1.3424931596756968,-1.076980226202369,2.122372019346711,2.626589694724025,1.1402935267092815
86.0,171.0,1227.5531005859375,-3.3533204924794773,1.5180346624265075,1.7346186814058444,1.8969164946328767,0.7505892807850042,-1.3424958403255114,-1.076980226202369,2.1223780441313944,2.626589694724025,1.1402935292680885
86.0,171.0,1227.554443359375,-3.353440165522628,1.5180346400946678,1.7346186813759892,1.8969164946328767,0.7506961221922628,-1.3424720415239,-1.076980226202369,2.12287046192908,2.626589694724025,1.1402935267092815
86.0,171.0,1227.5606689453125,-3.354166415111227,1.5180346400946678,1.7346186814056133,1.8969164946328767,0.7506961221922628,-1.3420802048601317,-1.076980226202369,2.12287046192908,2.626589694724025,1.1402935290062777
86.0,171.0,1227.5899658203125,-3.3682787622146315,1.518030910370396,1.7346186814925169,1.8988744209252564,0.7451226588638223,-1.342718363642436,-1.080396092856167,2.122831463832451,2.6265896947231675,1.1402936320508854
86.0,171.0,1227.5908203125,-3.3531296350894766,1.5180318664239305,1.7346186814089084,1.8980250615249976,0.7505155327637073,-1.356022747710944,-1.1046681010423502,2.121769366750386,2.626589682820248,1.1402935267092815
86.0,171.0,1227.591552734375,-3.3682787622146315,1.5180346976558428,1.7346186814925169,1.8988744209252564,0.7451226588638223,-1.342491233913581,-1.080396092856167,2.1228682247211346,2.626589694724037,1.1402936294219468
86.0,171.0,1227.6068115234375,-3.353160217200283,1.5179929580019456,1.7346186814086462,1.8911343088343,0.7503922010858106,-1.3423649013646015,-1.080591443881204,2.105145887649639,2.626589695087088,1.140293632402517
86.0,171.0,1227.6099853515625,-3.3687895663460345,1.5180338708739656,1.7346186813759892,1.89692735624594,0.7449899781108114,-1.343363842487429,-1.0804283296058406,2.1228694103776165,2.626589694724025,1.1402935267092815
86.0,171.0,1227.6114501953125,-3.3531296350894766,1.5180216295576772,1.7346186814089135,1.898767504179273,0.7505171721338202,-1.3424589745336355,-1.076980226202369,2.1038390820500537,2.626589694724025,1.1402935267092815
86.0,171.0,1227.626220703125,-3.3531296350894766,1.5180317695607184,1.7346186814089135,1.898767504179273,0.7505155327637073,-1.356022747710944,-1.0798953990874398,2.103839469406932,2.626589694724025,1.1402935267092815
86.0,171.0,1227.626220703125,-3.3531296350894766,1.5180317695607184,1.7346186814089135,1.898767504179273,0.7505155327637073,-1.356022747710944,-1.0798953990874398,2.103839469406932,2.626589694724025,1.1402935267092815
86.0,171.0,1227.6290283203125,-3.3531296350894766,1.5180216295576772,1.732403166737979,1.898767504179273,0.7504701340627875,-1.3424589745336355,-1.076980226202369,2.1038390820500537,2.626589694724025,1.1402935267092815
86.0,171.0,1227.6326904296875,-3.368053459046869,1.517430144718481,1.7346186814064202,1.8929636083064207,0.745058731789671,-1.342564095540358,-1.0800732847000454,2.12272198128529,2.626589783576157,1.140293629597593
86.0,171.0,1227.6326904296875,-3.368053459046869,1.517430144718481,1.7346186814064202,1.8929636083064207,0.745058731789671,-1.342564095540358,-1.0800732847000454,2.12272198128529,2.626589783576157,1.140293629597593
86.0,171.0,1227.6337890625,-3.368053047662808,1.5174394286727513,1.7346186815026947,1.891903193915975,0.7444477912328511,-1.343374422302507,-1.080591443881204,2.12272225902512,2.626589695074568,1.140293628764949
86.0,171.0,1227.6337890625,-3.368053047662808,1.5174394286727513,1.7346186815026947,1.891903193915975,0.7444477912328511,-1.343374422302507,-1.080591443881204,2.12272225902512,2.626589695074568,1.140293628764949
86.0,171.0,1227.6343994140625,-3.368053047662808,1.5174385931145986,1.7346186815026947,1.8915637834864163,0.7450763822612129,-1.343374422302507,-1.080591443881204,2.12272198128529,2.626589695087088,1.140293628764949
86.0,171.0,1227.6343994140625,-3.368053047662808,1.5174385931145986,1.7346186815026947,1.8915637834864163,0.7450763822612129,-1.343374422302507,-1.080591443881204,2.12272198128529,2.626589695087088,1.140293628764949
86.0,171.0,1227.63818359375,-3.368053459046869,1.5174385931145986,1.7346186815026947,1.8915637834864163,0.7450763822612129,-1.342564095540358,-1.0807011734826657,2.12272198128529,2.626589695087088,1.140293628764949
86.0,172.0,1227.2689208984375,-3.368068715787207,1.518035375482194,1.732384784677626,1.920890940103357,0.7506752902211615,-1.342510863116115,-1.1048242809597506,2.1223736586474184,2.62658969744322,1.140293565279032
86.0,172.0,1227.3284912109375,-3.3685729015952,1.5180334769754125,1.7346186797585663,1.921744093569981,0.7507633733018497,-1.3425130730507064,-1.0765608891064755,2.1228653247675453,2.6265896953498244,1.164363019574369
86.0,172.0,1227.3651123046875,-3.3685729015952,1.5175015129432077,1.7346186797585663,1.921744093569981,0.7444280964341173,-1.343381520917363,-1.0803799417603448,2.122871049678324,2.6265896953498244,1.165704615379366
86.0,172.0,1227.391845703125,-3.3685729015952,1.518020766739976,1.7323893174576597,1.921741945597852,0.7449570162035798,-1.3433822899497454,-1.0803756069371968,2.122372013810474,2.6222934971555416,1.1402935649398294
86.0,172.0,1227.4154052734375,-3.354131383404348,1.5174863211331957,1.734618681421351,1.9172963447935745,0.744791815917221,-1.343382075751988,-1.080380244774214,2.1228710496690337,2.626589695299748,1.1423306189819
86.0,172.0,1227.439697265625,-3.3685730471061848,1.5175066341396712,1.734618680496405,1.9172963447935745,0.7506806692678685,-1.3432705033378496,-1.080380244774214,2.122871049678324,2.626589695299748,1.1422312596852613
86.0,172.0,1227.4658203125,-3.3637537745969697,1.5175008675957316,1.734618679759471,1.9214046831404223,0.7450566874624791,-1.3433822899497454,-1.0803757310185815,2.122871060287504,2.6265896952254324,1.1402935649398294
86.0,172.0,1227.467041015625,-3.3685730471061848,1.5175066341396712,1.734618680496405,1.9172963447935745,0.744791815917221,-1.343382075751988,-1.080380244774214,2.122871049678324,2.626589695299748,1.1422312596852613
86.0,172.0,1227.4688720703125,-3.352436867077008,1.5175042234232716,1.7346186814089803,1.898767504179273,0.7441818952660879,-1.3433502416456071,-1.0805978772347673,2.122536734752771,2.626589694724025,1.1416352288325895
86.0,172.0,1227.471435546875,-3.3529759419172547,1.5180216295576772,1.734618681375048,1.8987411018328133,0.7509568375133769,-1.3424589745336355,-1.0804490128711826,2.1212424314645246,2.626589694724025,1.1402935267092815
86.0,172.0,1227.471435546875,-3.3529759419172547,1.5180216295576772,1.734618681375048,1.8987411018328133,0.7509568375133769,-1.3424589745336355,-1.0804490128711826,2.1212424314645246,2.626589694724025,1.1402935267092815
86.0,172.0,1227.4732666015625,-3.354169032663291,1.518037917419148,1.7349851968284578,1.922081410280876,0.7449707787713498,-1.3425192026242023,-1.0803777548622435,2.122715965597865,2.626589694727499,1.140293564445007
86.0,172.0,1227.4776611328125,-3.3536180403195965,1.517432232084604,1.734609126534197,1.894124120986045,0.7510198617641662,-1.343374422302507,-1.0806714045925805,2.12272225902512,2.626589695074568,1.1402936310882283
86.0,172.0,1227.478759765625,-3.351582773263948,1.5180379257469985,1.7346186814651532,1.8989376160934823,0.7502194720715017,-1.343448245237277,-1.079899460988906,2.122985448368809,2.626589694710559,1.1402935260340314
86.0,172.0,1227.482666015625,-3.3531296350894766,1.518031574352532,1.7346186814089084,1.898767504179273,0.7508985730744095,-1.342610172173096,-1.079894248077787,2.1223620397925425,2.626589694724025,1.1402935641003655
86.0,172.0,1227.49462890625,-3.3685729015952,1.5180379257469985,1.7346186814651532,1.9208692044892663,0.7502194720715017,-1.343448245237277,-1.079899460988906,2.122997812834001,2.6265896966540234,1.1402935649398294
86.0,172.0,1227.5006103515625,-3.3685729015952,1.517500677385055,1.7346186815369304,1.920825460122474,0.7451195559017003,-1.343387911993828,-1.0803756069371968,2.1228707719384943,2.626589696666544,1.1402935649398294
86.0,172.0,1227.50146484375,-3.3685729015952,1.517500677385055,1.7346186797585663,1.9214046831404223,0.7450566874624791,-1.3433822899497454,-1.0803756069371968,2.1228707719384943,2.626589696666544,1.1402935649398294
86.0,172.0,1227.5018310546875,-3.353103827728643,1.5180199334719882,1.732384784677626,1.920890940103357,0.7506752902211615,-1.342510863116115,-1.076920883967854,2.1223736586474184,2.626589694724025,1.1402935649398294
86.0,172.0,1227.506103515625,-3.3685729015952,1.5175015129432077,1.7346186797585663,1.921744093569981,0.7444280964341173,-1.3433822899497454,-1.0803756069371968,2.122871049678324,2.6265896966540234,1.1402935649398294
86.0,172.0,1227.5069580078125,-3.368453228552049,1.518019164251286,1.7346002993485607,1.9202908767044296,0.7450161842107428,-1.3424486057009528,-1.0803689873713254,2.1227264290417835,2.626589694724025,1.1402935649398294
86.0,172.0,1227.507080078125,-3.368453228552049,1.518037892195017,1.7349851968284578,1.920956957031448,0.7449707787713498,-1.3434026640796437,-1.0803777548622435,2.122710391971288,2.626589694727657,1.1402935649245505
86.0,172.0,1227.509521484375,-3.3685729015952,1.5180191419194462,1.7346186797585663,1.9209018017164208,0.7450759875469686,-1.3433815459278466,-1.0803689873713254,2.122871049678324,2.626589694724025,1.1402935649398294
86.0,172.0,1227.5106201171875,-3.368453228552049,1.5175164447616347,1.732384784677626,1.9209039496885496,0.7444320671452495,-1.3434026640796437,-1.0803689873713254,2.12232129532675,2.626589694712344,1.1402935649398294
86.0,172.0,1227.51171875,-3.3685730471061848,1.5180191419194462,1.734618680496405,1.9172963447935745,0.744791815917221,-1.343382075751988,-1.0803689873713254,2.122871049678324,2.626589695299748,1.1402935649398294
86.0,172.0,1227.511962890625,-3.3685729015952,1.5174993193065938,1.7323893174576597,1.921744093569981,0.7444183045774796,-1.3433822899497454,-1.0803756069371968,2.122321340074264,2.6265896947125538,1.1402935649398294
86.0,172.0,1227.515625,-3.368453228552049,1.518019164251286,1.732384784677626,1.9209008944826915,0.7449691834737575,-1.3434026640796437,-1.0803777248715145,2.122372607095955,2.626589694724025,1.1402935649245851
86.0,172.0,1227.5157470703125,-3.368453228552049,1.518019164251286,1.732384784677626,1.9209018017164208,0.7449691461397101,-1.3434026640796437,-1.0803689873713254,2.122372607095955,2.626589694724025,1.1402935649398294
86.0,172.0,1227.5157470703125,-3.368453228552049,1.518019164251286,1.732384784677626,1.9209018017164208,0.7449691461397101,-1.3434026640796437,-1.0803689873713254,2.122372607095955,2.626589694724025,1.1402935649398294
86.0,172.0,1227.515869140625,-3.368453228552049,1.518037892195017,1.7324038673571898,1.9209018017164208,0.7449707787713498,-1.3434026640796437,-1.0803689873713254,2.122360133893922,2.6265896947240472,1.1402935649398294
86.0,172.0,1227.5159912109375,-3.368453228552049,1.518037892195017,1.732384784677626,1.9209018017164208,0.7449707787713498,-1.3434026640796437,-1.0803689873713254,2.1223719690629603,2.6265896947240472,1.1402935649398294
86.0,172.0,1227.5159912109375,-3.368453228552049,1.518037892195017,1.732384784677626,1.9209018017164208,0.744969132017342,-1.3434026640796437,-1.0803689873713254,2.122371909026206,2.626589694724024,1.1402935649398294
86.0,172.0,1227.516845703125,-3.368569684427413,1.518019164251286,1.732384784677626,1.9209018017164208,0.7449671270712177,-1.343404355545648,-1.0803689873713254,2.122365281487149,2.626589694724025,1.1402935649398294
86.0,172.0,1227.5169677734375,-3.368453228552049,1.518019164251286,1.732384784677626,1.9202908767044296,0.7449691461397101,-1.3424486057009528,-1.0803689873713254,2.1227264290417835,2.626589694724025,1.1402935649398294
86.0,172.0,1227.517333984375,-3.368453228552049,1.5180351061520745,1.7323578021824315,1.9202908767044296,0.7449691461397101,-1.3424486057009528,-1.0803689873713254,2.1227264290417835,2.626589694724025,1.1402935278384907
86.0,172.0,1227.5208740234375,-3.368278762415746,1.5180359031100663,1.73461868140597,1.95569295190271,0.7449485511057568,-1.3434202582295989,-1.105214401878844,2.122877781581317,2.6265897843162858,1.1402936256206817
86.0,172.0,1227.5250244140625,-3.368278762415746,1.5180359387873317,1.73461868140597,1.9563985104083308,0.7450763822612129,-1.3434202582295989,-1.105214401878844,2.1223560757249365,2.6265897843162858,1.140293627763346
86.0,172.0,1227.5322265625,-3.3527795129552853,1.5175008675957316,1.734618679759471,1.9216692596750613,0.7450566874624791,-1.3433822899497454,-1.0769225230330797,2.122871060287504,2.6265896952254324,1.1402935651263262
86.0,172.0,1227.53857421875,-3.3531296350894766,1.5180216295576772,1.7346186814089135,1.8987411018328133,0.7505171721338202,-1.3424589745336355,-1.076976676270084,2.121240424835396,2.626589694724025,1.1402935267092815
86.0,172.0,1227.5458984375,-3.3531296350894766,1.5180317695607184,1.7346186814089084,1.898767504179273,0.7505155327637073,-1.356022747710944,-1.0798953990874398,2.1217650747606385,2.626589694724025,1.1402935267092815
86.0,172.0,1227.54638671875,-3.3531296350894766,1.5180315854453088,1.7346186814089084,1.898767504179273,0.7506744009184642,-1.356022747710944,-1.0798953990874398,2.1223620397925425,2.626589694724025,1.1402935267092815
86.0,172.0,1227.54638671875,-3.3531296350894766,1.5180315854453088,1.7346186814089084,1.898767504179273,0.7506744009184642,-1.356022747710944,-1.0798953990874398,2.1223620397925425,2.626589694724025,1.1402935267092815
86.0,172.0,1227.546875,-3.352436867077008,1.5180361874554764,1.7346186814089803,1.898767504179273,0.7505171721338202,-1.3424817937789508,-1.0767788245808978,2.1225310098419925,2.626589694724025,1.1402936330275928
86.0,172.0,1227.54736328125,-3.353440165522628,1.5180346757719327,1.7346186813759892,1.8976220531384973,0.7508239533477188,-1.3424720415239,-1.076980226202369,2.1223487560726992,2.626589694724025,1.1402935288519458
86.0,172.0,1227.54736328125,-3.3637537745969697,1.5175008675957316,1.7346186196877218,1.893809999467125,0.7514616156462008,-1.3433822899497454,-1.0803757310185815,2.122871060287504,2.6265896950740384,1.1402935684698532
86.0,172.0,1227.5478515625,-3.353440165522628,1.5180346757719327,1.7346186813759892,1.8976300544433773,0.7506916363002889,-1.3424720415239,-1.076980226202369,2.1223487560726992,2.626589694724061,1.1402935293563743
86.0,172.0,1227.5491943359375,-3.368453228552049,1.518019164251286,1.732384784677626,1.920890655030203,0.7507854623195831,-1.3434026640796437,-1.076954502812641,2.12237264122046,2.626589694724025,1.1402935649398294
86.0,172.0,1227.550048828125,-3.353440165522628,1.5180308528092208,1.7346186813759892,1.896908493327997,0.7508284392396927,-1.342699171252755,-1.076980226202369,2.1228337010403955,2.626589694723118,1.1402935288337916
86.0,172.0,1227.5506591796875,-3.353440165522628,1.5180308528092208,1.7346186813759892,1.8969164946328767,0.7506961221922628,-1.342699171252755,-1.076980226202369,2.1228337010403955,2.626589694723154,1.14029352933822
86.0,172.0,1227.5506591796875,-3.353440165522628,1.5180308528092208,1.7346186813759892,1.8969164946328767,0.7506961221922628,-1.3426964906029402,-1.076980226202369,2.1228276762557123,2.626589694723154,1.140293526779413
86.0,173.0,1227.2689208984375,-3.368068715787207,1.518035375482194,1.732384784677626,1.920890940103357,0.7506752902211615,-1.342510863116115,-1.1048242809597506,2.1223736586474184,2.62658969744322,1.140293565279032
86.0,173.0,1227.3006591796875,-3.3685729015952,1.517501494216324,1.7346186797585663,1.9208177436402905,0.7507633733018497,-1.343363423939414,-1.0802837217388208,2.122864738178291,2.6265896955475467,1.164363019574369
86.0,173.0,1227.3284912109375,-3.3685729015952,1.5180334769754125,1.7346186797585663,1.921744093569981,0.7507633733018497,-1.3425130730507064,-1.0765608891064755,2.1228653247675453,2.6265896953498244,1.164363019574369
86.0,173.0,1227.3651123046875,-3.3685729015952,1.5175015129432077,1.7346186797585663,1.921744093569981,0.7444280964341173,-1.343381520917363,-1.0803799417603448,2.122871049678324,2.6265896953498244,1.165704615379366
86.0,173.0,1227.365234375,-3.3685729015952,1.5175015129432077,1.7346186813818054,1.921744093569981,0.7444280964341173,-1.343381520917363,-1.0803760689168245,2.122871049678324,2.6265896953498244,1.165704615379366
86.0,173.0,1227.391845703125,-3.3685729015952,1.518020766739976,1.7323893174576597,1.921741945597852,0.7449570162035798,-1.3433822899497454,-1.0803756069371968,2.122372013810474,2.6222934971555416,1.1402935649398294
86.0,173.0,1227.4154052734375,-3.354131383404348,1.5174863211331957,1.734618681421351,1.9172963447935745,0.744791815917221,-1.343382075751988,-1.080380244774214,2.1228710496690337,2.626589695299748,1.1423306189819
86.0,173.0,1227.416015625,-3.353952357983293,1.5174863211331957,1.734618679779031,1.9172963447935745,0.744791815917221,-1.343382075751988,-1.080380244774214,2.1228710496690337,2.626589695299748,1.1423306189819
86.0,173.0,1227.439697265625,-3.3685730471061848,1.5175066341396712,1.734618680496405,1.9172963447935745,0.7506806692678685,-1.3432705033378496,-1.080380244774214,2.122871049678324,2.626589695299748,1.1422312596852613
86.0,173.0,1227.465087890625,-3.353205351031686,1.517500677385055,1.734618679902942,1.9211847898733108,0.7450566874624791,-1.342624198204588,-1.0803743114248332,2.1228632965696907,2.626589694743901,1.1402935649398294
86.0,173.0,1227.4658203125,-3.3637537745969697,1.5175008675957316,1.734618679759471,1.9214046831404223,0.7450566874624791,-1.3433822899497454,-1.0803757310185815,2.122871060287504,2.6265896952254324,1.1402935649398294
86.0,173.0,1227.467041015625,-3.3685730471061848,1.5175066341396712,1.734618680496405,1.9172963447935745,0.744791815917221,-1.343382075751988,-1.080380244774214,2.122871049678324,2.626589695299748,1.1422312596852613
86.0,173.0,1227.468505859375,-3.3685730517798587,1.517499220717023,1.734618680496405,1.9172963447935745,0.7447614160921275,-1.3433820694893386,-1.0803802017266235,2.122871049678324,2.626589695299748,1.1421585020143876
86.0,173.0,1227.4688720703125,-3.352436867077008,1.5175042234232716,1.7346186814089803,1.898767504179273,0.7441818952660879,-1.3433502416456071,-1.0805978772347673,2.122536734752771,2.626589694724025,1.1416352288325895
86.0,173.0,1227.4688720703125,-3.352436867077008,1.5175042234232716,1.7346186814089803,1.898767504179273,0.7441818952660879,-1.3433502416456071,-1.0805978772347673,2.122536734752771,2.626589694724025,1.1416352288325895
86.0,173.0,1227.47021484375,-3.352956426345074,1.5180216295576772,1.734618681473503,1.8987618714347605,0.7509568375133769,-1.3425432274983715,-1.0804516407882794,2.1212424314645246,2.626589694723718,1.1402935267728231
86.0,173.0,1227.471435546875,-3.3529759419172547,1.5180216295576772,1.734618681375048,1.8987411018328133,0.7509568375133769,-1.3424589745336355,-1.0804490128711826,2.1212424314645246,2.626589694724025,1.1402935267092815
86.0,173.0,1227.471435546875,-3.3529759419172547,1.5180216295576772,1.734618681375048,1.8987411018328133,0.7509568375133769,-1.3424589745336355,-1.0804490128711826,2.1212424314645246,2.626589694724025,1.1402935267092815
86.0,173.0,1227.4732666015625,-3.354169032663291,1.518037917419148,1.7349851968284578,1.922081410280876,0.7449707787713498,-1.3425192026242023,-1.0803777548622435,2.122715965597865,2.626589694727499,1.140293564445007
86.0,173.0,1227.4776611328125,-3.3536180403195965,1.517432232084604,1.734609126534197,1.894124120986045,0.7510198617641662,-1.343374422302507,-1.0806714045925805,2.12272225902512,2.626589695074568,1.1402936310882283
86.0,173.0,1227.478759765625,-3.351582773263948,1.5180379257469985,1.7346186814651532,1.8989376160934823,0.7502194720715017,-1.343448245237277,-1.079899460988906,2.122985448368809,2.626589694710559,1.1402935260340314
86.0,173.0,1227.4798583984375,-3.351602288836128,1.5180379257469985,1.7346186813666982,1.898916846491536,0.7502194720715017,-1.343363992272541,-1.079896833071809,2.122985448368809,2.6265896947108653,1.1402935259704898
86.0,173.0,1227.482666015625,-3.3531296350894766,1.518031574352532,1.7346186814089084,1.898767504179273,0.7508985730744095,-1.342610172173096,-1.079894248077787,2.1223620397925425,2.626589694724025,1.1402935641003655
86.0,173.0,1227.483154296875,-3.363415876223839,1.518051748783099,1.734618679759471,1.921416980173396,0.7450566874624791,-1.3433822899497454,-1.0803755938732755,2.122871060287504,2.6268644650869515,1.1402935649398294
86.0,173.0,1227.493408203125,-3.3685730471061848,1.5180191419194462,1.7346186813881217,1.9172963447935745,0.7450953560468467,-1.343382075751988,-1.0814632526979835,2.122863316175509,2.626589695299748,1.1402935649398294
86.0,173.0,1227.49462890625,-3.3685729015952,1.5180379257469985,1.7346186814651532,1.9208692044892663,0.7502194720715017,-1.343448245237277,-1.079899460988906,2.122997812834001,2.6265896966540234,1.1402935649398294
86.0,173.0,1227.4947509765625,-3.3685729015952,1.5180379257469985,1.7346186814651532,1.9208692044892663,0.7502194720715017,-1.343448245237277,-1.079899460988906,2.123002660800569,2.6265896966540234,1.1402935649398294
86.0,173.0,1227.5006103515625,-3.3685729015952,1.517500677385055,1.7346186815369304,1.920825460122474,0.7451195559017003,-1.343387911993828,-1.0803756069371968,2.1228707719384943,2.626589696666544,1.1402935649398294
86.0,173.0,1227.50146484375,-3.3685729015952,1.517500677385055,1.7346186797585663,1.9214046831404223,0.7450566874624791,-1.3433822899497454,-1.0803756069371968,2.1228707719384943,2.626589696666544,1.1402935649398294
86.0,173.0,1227.5018310546875,-3.353103827728643,1.5180199334719882,1.732384784677626,1.920890940103357,0.7506752902211615,-1.342510863116115,-1.076920883967854,2.1223736586474184,2.626589694724025,1.1402935649398294
86.0,173.0,1227.506103515625,-3.3685729015952,1.5175015129432077,1.7346186797585663,1.921744093569981,0.7444280964341173,-1.3433822899497454,-1.0803756069371968,2.122871049678324,2.6265896966540234,1.1402935649398294
86.0,173.0,1227.5064697265625,-3.36846475493533,1.517989447998889,1.7346169557791171,1.9213716548120712,0.7450537952587168,-1.3424162690054835,-1.0803689445064266,2.1227264290417835,2.626589696732931,1.1402935278384907
86.0,173.0,1227.5069580078125,-3.368453228552049,1.518019164251286,1.7346002993485607,1.9202908767044296,0.7450161842107428,-1.3424486057009528,-1.0803689873713254,2.1227264290417835,2.626589694724025,1.1402935649398294
86.0,173.0,1227.507080078125,-3.368453228552049,1.518037892195017,1.7349851968284578,1.920956957031448,0.7449707787713498,-1.3434026640796437,-1.0803777548622435,2.122710391971288,2.626589694727657,1.1402935649245505
86.0,173.0,1227.509521484375,-3.3685729015952,1.5180191419194462,1.7346186797585663,1.9209018017164208,0.7450759875469686,-1.3433815459278466,-1.0803689873713254,2.122871049678324,2.626589694724025,1.1402935649398294
86.0,173.0,1227.5106201171875,-3.368453228552049,1.5175164447616347,1.732384784677626,1.9209039496885496,0.7444320671452495,-1.3434026640796437,-1.0803689873713254,2.12232129532675,2.626589694712344,1.1402935649398294
86.0,173.0,1227.51171875,-3.3685730471061848,1.5180191419194462,1.734618680496405,1.9172963447935745,0.744791815917221,-1.343382075751988,-1.0803689873713254,2.122871049678324,2.626589695299748,1.1402935649398294
86.0,173.0,1227.511962890625,-3.3685729015952,1.5174993193065938,1.7323893174576597,1.921744093569981,0.7444183045774796,-1.3433822899497454,-1.0803756069371968,2.122321340074264,2.6265896947125538,1.1402935649398294
86.0,173.0,1227.51513671875,-3.3684505599131054,1.518037892195017,1.732384784677626,1.9208494589693328,0.7450387216931118,-1.3424686384357083,-1.0803689873713254,2.1223719690629603,2.6265896947240472,1.1402900961016482
86.0,173.0,1227.515625,-3.368453228552049,1.518019164251286,1.732384784677626,1.9209008944826915,0.7449691834737575,-1.3434026640796437,-1.0803777248715145,2.122372607095955,2.626589694724025,1.1402935649245851
86.0,173.0,1227.5157470703125,-3.368453228552049,1.518019164251286,1.732384784677626,1.9209018017164208,0.7449691461397101,-1.3434026640796437,-1.0803689873713254,2.122372607095955,2.626589694724025,1.1402935649398294
86.0,173.0,1227.5157470703125,-3.368453228552049,1.518019164251286,1.732384784677626,1.9209018017164208,0.7449691461397101,-1.3434026640796437,-1.0803689873713254,2.122372607095955,2.626589694724025,1.1402935649398294
86.0,173.0,1227.515869140625,-3.368453228552049,1.518037892195017,1.7324038673571898,1.9209018017164208,0.7449707787713498,-1.3434026640796437,-1.0803689873713254,2.122360133893922,2.6265896947240472,1.1402935649398294
86.0,173.0,1227.5159912109375,-3.368453228552049,1.518037892195017,1.732384784677626,1.9209018017164208,0.7449707787713498,-1.3434026640796437,-1.0803689873713254,2.1223719690629603,2.6265896947240472,1.1402935649398294
86.0,173.0,1227.5159912109375,-3.368453228552049,1.518037892195017,1.732384784677626,1.9209018017164208,0.744969132017342,-1.3434026640796437,-1.0803689873713254,2.122371909026206,2.626589694724024,1.1402935649398294
86.0,173.0,1227.516845703125,-3.368569684427413,1.518019164251286,1.732384784677626,1.9209018017164208,0.7449671270712177,-1.343404355545648,-1.0803689873713254,2.122365281487149,2.626589694724025,1.1402935649398294
86.0,173.0,1227.5169677734375,-3.368453228552049,1.518019164251286,1.732384784677626,1.9202908767044296,0.7449691461397101,-1.3424486057009528,-1.0803689873713254,2.1227264290417835,2.626589694724025,1.1402935649398294
86.0,173.0,1227.517333984375,-3.368453228552049,1.5180351061520745,1.7323578021824315,1.9202908767044296,0.7449691461397101,-1.3424486057009528,-1.0803689873713254,2.1227264290417835,2.626589694724025,1.1402935278384907
86.0,173.0,1227.51806640625,-3.3685741086902605,1.5180191406932342,1.732384784677626,1.9202908767044296,0.7449691461397101,-1.3424486057009528,-1.0803689873713254,2.122727391308543,2.626589694724025,1.1402935649398294
86.0,173.0,1227.5208740234375,-3.368278762415746,1.5180359031100663,1.73461868140597,1.95569295190271,0.7449485511057568,-1.3434202582295989,-1.105214401878844,2.122877781581317,2.6265897843162858,1.1402936256206817
86.0,174.0,1227.2689208984375,-3.368068715787207,1.518035375482194,1.732384784677626,1.920890940103357,0.7506752902211615,-1.342510863116115,-1.1048242809597506,2.1223736586474184,2.62658969744322,1.140293565279032
86.0,174.0,1227.2830810546875,-3.354440872352214,1.518038011237048,1.735013084374164,1.922073507050728,0.7507633733018497,-1.3425128850225485,-1.0765608891064755,2.1228653247675453,2.6265896953341565,1.1642039255100132
86.0,174.0,1227.3006591796875,-3.3685729015952,1.517501494216324,1.7346186797585663,1.9208177436402905,0.7507633733018497,-1.343363423939414,-1.0802837217388208,2.122864738178291,2.6265896955475467,1.164363019574369
86.0,174.0,1227.3079833984375,-3.3685729015952,1.5180379257469985,1.7346186813238182,1.920870816436872,0.7502194720715017,-1.343448245237277,-1.0798973530355378,2.123007864271895,2.6265896966540234,1.1631446604561473
86.0,174.0,1227.3238525390625,-3.352752020225909,1.5175015129432077,1.7346186813172575,1.921744093569981,0.7444280964341173,-1.3424397140866644,-1.080379120264474,2.122871049678324,2.6265896953498244,1.165704615379366
86.0,174.0,1227.3248291015625,-3.353232001352473,1.5175015129432077,1.7346186797585663,1.920906061795888,0.7444280964341173,-1.3433944450066029,-1.080484168205553,2.122871049678324,2.626589695357969,1.165704615379366
86.0,174.0,1227.3284912109375,-3.3685729015952,1.5180334769754125,1.7346186797585663,1.921744093569981,0.7507633733018497,-1.3425130730507064,-1.0765608891064755,2.1228653247675453,2.6265896953498244,1.164363019574369
86.0,174.0,1227.337646484375,-3.3685729015952,1.5180379257469985,1.734618679662326,1.9208950597122507,0.7502194720715017,-1.343492716569534,-1.0765701319386594,2.122998831610129,2.6265896966650604,1.1637518630166732
86.0,174.0,1227.34912109375,-3.351582773263948,1.5180379257469985,1.7346186814651532,1.899201325090536,0.7502194720715017,-1.3434468683574734,-1.132295480674759,2.122985448368809,2.626589694710559,1.140257957721862
86.0,174.0,1227.350341796875,-3.36857289460021,1.5175066341396712,1.7347475115024666,1.921673063888744,0.7441217090171737,-1.3432705033378496,-1.0803799654488433,2.122871049678324,2.626589695299748,1.1632293743502076
86.0,174.0,1227.3651123046875,-3.3685729015952,1.5175015129432077,1.7346186797585663,1.921744093569981,0.7444280964341173,-1.343381520917363,-1.0803799417603448,2.122871049678324,2.6265896953498244,1.165704615379366
86.0,174.0,1227.365234375,-3.3685729015952,1.5175015129432077,1.7346186813818054,1.921744093569981,0.7444280964341173,-1.343381520917363,-1.0803760689168245,2.122871049678324,2.6265896953498244,1.165704615379366
86.0,174.0,1227.391845703125,-3.3685729015952,1.518020766739976,1.7323893174576597,1.921741945597852,0.7449570162035798,-1.3433822899497454,-1.0803756069371968,2.122372013810474,2.6222934971555416,1.1402935649398294
86.0,174.0,1227.4154052734375,-3.354131383404348,1.5174863211331957,1.734618681421351,1.9172963447935745,0.744791815917221,-1.343382075751988,-1.080380244774214,2.1228710496690337,2.626589695299748,1.1423306189819
86.0,174.0,1227.416015625,-3.353952357983293,1.5174863211331957,1.734618679779031,1.9172963447935745,0.744791815917221,-1.343382075751988,-1.080380244774214,2.1228710496690337,2.626589695299748,1.1423306189819
86.0,174.0,1227.439697265625,-3.3685730471061848,1.5175066341396712,1.734618680496405,1.9172963447935745,0.7506806692678685,-1.3432705033378496,-1.080380244774214,2.122871049678324,2.626589695299748,1.1422312596852613
86.0,174.0,1227.4403076171875,-3.352436867077008,1.5179994846525164,1.7346186814089803,1.89876750247929,0.7512350371969473,-1.3424929941197217,-1.0805978772347673,2.1222840577195634,2.626589694724025,1.1415817233374246
86.0,174.0,1227.4532470703125,-3.3685729015952,1.517501494216324,1.7346186798999013,1.9208161316926844,0.7507633733018497,-1.343363423939414,-1.080285829692189,2.122859534706965,2.6265896955475467,1.1415119240580511
86.0,174.0,1227.45458984375,-3.354131383404348,1.5174567912538302,1.734616969308171,1.917208281339728,0.7447835075020169,-1.343382075751988,-1.0803802971050995,2.1228710496690337,2.626589696744855,1.1401586064091478
86.0,174.0,1227.4609375,-3.3532287861928465,1.517500677385055,1.7346186799522756,1.9211847898733108,0.7450566874624791,-1.342624198204588,-1.080588601699683,2.1228632965696907,2.6265896947255336,1.1402935649398294
86.0,174.0,1227.464111328125,-3.3634452600430573,1.5175018685522734,1.7346058486384075,1.92139575526721,0.7449722590649467,-1.3433756776667296,-1.0803777548622435,2.122720961914206,2.626589694721969,1.140293564443953
86.0,174.0,1227.46435546875,-3.352436867077008,1.5175042234232716,1.7346186814089803,1.898767504179273,0.7450072189303614,-1.343382885713049,-1.0803803446553295,2.122536734752771,2.626589694724025,1.1416352288325895
86.0,174.0,1227.465087890625,-3.353205351031686,1.517500677385055,1.734618679902942,1.9211847898733108,0.7450566874624791,-1.342624198204588,-1.0803743114248332,2.1228632965696907,2.626589694743901,1.1402935649398294
86.0,174.0,1227.4658203125,-3.3637537745969697,1.5175008675957316,1.734618679759471,1.9214046831404223,0.7450566874624791,-1.3433822899497454,-1.0803757310185815,2.122871060287504,2.6265896952254324,1.1402935649398294
86.0,174.0,1227.4669189453125,-3.36846475493533,1.5180189778782545,1.7346186678922968,1.9214597182659168,0.7450621036739208,-1.3424162690054835,-1.080368892175541,2.1227264290417835,2.6265896952878243,1.142465540411243
86.0,174.0,1227.467041015625,-3.3685730471061848,1.5175066341396712,1.734618680496405,1.9172963447935745,0.744791815917221,-1.343382075751988,-1.080380244774214,2.122871049678324,2.626589695299748,1.1422312596852613
86.0,174.0,1227.468017578125,-3.3685730517798587,1.517499220717023,1.734618680496405,1.9170326357965204,0.7447614160921275,-1.343383446369142,-1.0803802017266235,2.122871049678324,2.626589695299748,1.1421940703265567
86.0,174.0,1227.468505859375,-3.3685730517798587,1.517499220717023,1.734618680496405,1.9172963447935745,0.7447614160921275,-1.3433820694893386,-1.0803802017266235,2.122871049678324,2.626589695299748,1.1421585020143876
86.0,174.0,1227.4688720703125,-3.352436867077008,1.5175042234232716,1.7346186814089803,1.898767504179273,0.7441818952660879,-1.3433502416456071,-1.0805978772347673,2.122536734752771,2.626589694724025,1.1416352288325895
86.0,174.0,1227.4688720703125,-3.352436867077008,1.5175042234232716,1.7346186814089803,1.898767504179273,0.7441818952660879,-1.3433502416456071,-1.0805978772347673,2.122536734752771,2.626589694724025,1.1416352288325895
86.0,174.0,1227.47021484375,-3.352956426345074,1.5180216295576772,1.734618681473503,1.8987618714347605,0.7509568375133769,-1.3425432274983715,-1.0804516407882794,2.1212424314645246,2.626589694723718,1.1402935267728231
86.0,174.0,1227.471435546875,-3.3529759419172547,1.5180216295576772,1.734618681375048,1.8987411018328133,0.7509568375133769,-1.3424589745336355,-1.0804490128711826,2.1212424314645246,2.626589694724025,1.1402935267092815
86.0,174.0,1227.471435546875,-3.3529759419172547,1.5180216295576772,1.734618681375048,1.8987411018328133,0.7509568375133769,-1.3424589745336355,-1.0804490128711826,2.1212424314645246,2.626589694724025,1.1402935267092815
86.0,174.0,1227.4732666015625,-3.354169032663291,1.518037917419148,1.7349851968284578,1.922081410280876,0.7449707787713498,-1.3425192026242023,-1.0803777548622435,2.122715965597865,2.626589694727499,1.140293564445007
86.0,174.0,1227.4776611328125,-3.3536180403195965,1.517432232084604,1.734609126534197,1.894124120986045,0.7510198617641662,-1.343374422302507,-1.0806714045925805,2.12272225902512,2.626589695074568,1.1402936310882283
86.0,174.0,1227.478759765625,-3.351582773263948,1.5180379257469985,1.7346186814651532,1.8989376160934823,0.7502194720715017,-1.343448245237277,-1.079899460988906,2.122985448368809,2.626589694710559,1.1402935260340314
86.0,174.0,1227.4798583984375,-3.351602288836128,1.5180379257469985,1.7346186813666982,1.898916846491536,0.7502194720715017,-1.343363992272541,-1.079896833071809,2.122985448368809,2.6265896947108653,1.1402935259704898
86.0,174.0,1227.4815673828125,-3.3686078206366306,1.518019164251286,1.7346150982918922,1.9212087189445344,0.7509065050789931,-1.3434026640796437,-1.0804557472926044,2.122372607095955,2.626589694724025,1.1402935649782755
86.0,174.0,1227.482666015625,-3.3531296350894766,1.518031574352532,1.7346186814089084,1.898767504179273,0.7508985730744095,-1.342610172173096,-1.079894248077787,2.1223620397925425,2.626589694724025,1.1402935641003655
86.0,174.0,1227.483154296875,-3.363415876223839,1.518051748783099,1.734618679759471,1.921416980173396,0.7450566874624791,-1.3433822899497454,-1.0803755938732755,2.122871060287504,2.6268644650869515,1.1402935649398294
86.0,174.0,1227.493408203125,-3.3685730471061848,1.5180191419194462,1.7346186813881217,1.9172963447935745,0.7450953560468467,-1.343382075751988,-1.0814632526979835,2.122863316175509,2.626589695299748,1.1402935649398294
86.0,174.0,1227.49462890625,-3.3685729015952,1.5180379257469985,1.7346186814651532,1.9208692044892663,0.7502194720715017,-1.343448245237277,-1.079899460988906,2.122997812834001,2.6265896966540234,1.1402935649398294
86.0,174.0,1227.4947509765625,-3.3685729015952,1.5180379257469985,1.7346186814651532,1.9208692044892663,0.7502194720715017,-1.343448245237277,-1.079899460988906,2.123002660800569,2.6265896966540234,1.1402935649398294
86.0,174.0,1227.5006103515625,-3.3685729015952,1.517500677385055,1.7346186815369304,1.920825460122474,0.7451195559017003,-1.343387911993828,-1.0803756069371968,2.1228707719384943,2.626589696666544,1.1402935649398294
86.0,174.0,1227.50146484375,-3.3685729015952,1.517500677385055,1.7346186797585663,1.9214046831404223,0.7450566874624791,-1.3433822899497454,-1.0803756069371968,2.1228707719384943,2.626589696666544,1.1402935649398294
86.0,174.0,1227.501708984375,-3.3685729015952,1.517500677385055,1.7346127083683804,1.920825460122474,0.7449645689353146,-1.3434032299917988,-1.0803777412052538,2.1228707719384943,2.626589696666544,1.1402935649248882
86.0,174.0,1227.5018310546875,-3.353103827728643,1.5180199334719882,1.732384784677626,1.920890940103357,0.7506752902211615,-1.342510863116115,-1.076920883967854,2.1223736586474184,2.626589694724025,1.1402935649398294
86.0,174.0,1227.5059814453125,-3.368453228552049,1.518037892195017,1.7349911699970078,1.920956957031448,0.7451257657377355,-1.343387346081673,-1.0803756205941866,2.122710391971288,2.626589694727657,1.1402935649394916
86.0,174.0,1227.506103515625,-3.3685729015952,1.5175015129432077,1.7346186797585663,1.921744093569981,0.7444280964341173,-1.3433822899497454,-1.0803756069371968,2.122871049678324,2.6265896966540234,1.1402935649398294
86.0,174.0,1227.5064697265625,-3.36846475493533,1.517989447998889,1.7346169557791171,1.9213716548120712,0.7450537952587168,-1.3424162690054835,-1.0803689445064266,2.1227264290417835,2.626589696732931,1.1402935278384907
86.0,175.0,1227.2362060546875,-3.3531833910312434,1.5174796248481104,1.7347475115024666,1.921673063888744,0.7509254441344998,-1.3432705033378496,-1.0803799654488433,2.122871049678324,2.626589695299748,1.1632293743502076
86.0,175.0,1227.2423095703125,-3.3685729015952,1.518032594689657,1.7323893174576597,1.9217439973894348,0.7505738770930859,-1.3424995827052844,-1.0803756069371968,2.122372013810474,2.6222934971555416,1.1647365167774415
86.0,175.0,1227.2689208984375,-3.368068715787207,1.518035375482194,1.732384784677626,1.920890940103357,0.7506752902211615,-1.342510863116115,-1.1048242809597506,2.1223736586474184,2.62658969744322,1.140293565279032
86.0,175.0,1227.2830810546875,-3.354440872352214,1.518038011237048,1.735013084374164,1.922073507050728,0.7507633733018497,-1.3425128850225485,-1.0765608891064755,2.1228653247675453,2.6265896953341565,1.1642039255100132
86.0,175.0,1227.2894287109375,-3.3685729015952,1.517505966248926,1.7346226876368271,1.9208177436402905,0.750406659888568,-1.3425428907331582,-1.0802795120978288,2.122715088746442,2.62658969471963,1.1640646150215774
86.0,175.0,1227.294189453125,-3.3530305169474994,1.517500677385055,1.734618679902942,1.9211864951639763,0.7453170280554301,-1.342624198204588,-1.0803743114248332,2.1228632965696907,2.626589694743901,1.1633071332530311
86.0,175.0,1227.3006591796875,-3.3685729015952,1.517501494216324,1.7346186797585663,1.9208177436402905,0.7507633733018497,-1.343363423939414,-1.0802837217388208,2.122864738178291,2.6265896955475467,1.164363019574369
86.0,175.0,1227.3018798828125,-3.3685729015952,1.517501494216324,1.7346186798984289,1.9208161316926844,0.7510704858520215,-1.343363423939414,-1.080285829692189,2.122871111399877,2.6265896955475467,1.1649050818937574
86.0,175.0,1227.3079833984375,-3.3685729015952,1.5180379257469985,1.7346186813238182,1.920870816436872,0.7502194720715017,-1.343448245237277,-1.0798973530355378,2.123007864271895,2.6265896966540234,1.1631446604561473
86.0,175.0,1227.322509765625,-3.352752020225909,1.518063040060024,1.7344461214165796,1.921744093569981,0.7444280964341173,-1.3424410926352526,-1.080379120264474,2.122871049678324,2.626589697438667,1.1646191943053856
86.0,175.0,1227.3238525390625,-3.352752020225909,1.5175015129432077,1.7346186813172575,1.921744093569981,0.7444280964341173,-1.3424397140866644,-1.080379120264474,2.122871049678324,2.6265896953498244,1.165704615379366
86.0,175.0,1227.3248291015625,-3.353232001352473,1.5175015129432077,1.7346186797585663,1.920906061795888,0.7444280964341173,-1.3433944450066029,-1.080484168205553,2.122871049678324,2.626589695357969,1.165704615379366
86.0,175.0,1227.3284912109375,-3.3685729015952,1.5180334769754125,1.7346186797585663,1.921744093569981,0.7507633733018497,-1.3425130730507064,-1.0765608891064755,2.1228653247675453,2.6265896953498244,1.164363019574369
86.0,175.0,1227.337646484375,-3.3685729015952,1.5180379257469985,1.734618679662326,1.9208950597122507,0.7502194720715017,-1.343492716569534,-1.0765701319386594,2.122998831610129,2.6265896966650604,1.1637518630166732
86.0,175.0,1227.3472900390625,-3.3685729015952,1.517500677385055,1.7346186797585663,1.921428574520185,0.7450566874624791,-1.3433822899497454,-1.0803756069371968,2.1228707719384943,2.626589696666544,1.1642392862403146
86.0,175.0,1227.34912109375,-3.351582773263948,1.5180379257469985,1.7346186814651532,1.899201325090536,0.7502194720715017,-1.3434468683574734,-1.132295480674759,2.122985448368809,2.626589694710559,1.140257957721862
86.0,175.0,1227.34912109375,-3.351582773263948,1.5180379257469985,1.7346186814651532,1.899201325090536,0.7502194720715017,-1.3434468683574734,-1.132295480674759,2.122985448368809,2.626589694710559,1.140257957721862
86.0,175.0,1227.350341796875,-3.36857289460021,1.5175066341396712,1.7347475115024666,1.921673063888744,0.7441217090171737,-1.3432705033378496,-1.0803799654488433,2.122871049678324,2.626589695299748,1.1632293743502076
86.0,175.0,1227.350341796875,-3.36857289460021,1.5175066341396712,1.7347478846283664,1.921673063888744,0.7441217090171737,-1.3432705033378496,-1.0803799654488433,2.122871049678324,2.6265896953088967,1.1632293743502076
86.0,175.0,1227.3651123046875,-3.3685729015952,1.5175015129432077,1.7346186797585663,1.921744093569981,0.7444280964341173,-1.343381520917363,-1.0803799417603448,2.122871049678324,2.6265896953498244,1.165704615379366
86.0,175.0,1227.365234375,-3.3685729015952,1.5175015129432077,1.7346186813818054,1.921744093569981,0.7444280964341173,-1.343381520917363,-1.0803760689168245,2.122871049678324,2.6265896953498244,1.165704615379366
86.0,175.0,1227.391845703125,-3.3685729015952,1.518020766739976,1.7323893174576597,1.921741945597852,0.7449570162035798,-1.3433822899497454,-1.0803756069371968,2.122372013810474,2.6222934971555416,1.1402935649398294
86.0,175.0,1227.4154052734375,-3.354131383404348,1.5174863211331957,1.734618681421351,1.9172963447935745,0.744791815917221,-1.343382075751988,-1.080380244774214,2.1228710496690337,2.626589695299748,1.1423306189819
86.0,175.0,1227.4154052734375,-3.354131383404348,1.5174863211331957,1.734618681421351,1.9172963447935745,0.744791815917221,-1.343382075751988,-1.080380244774214,2.1228710496690337,2.626589695299748,1.1423306189819
86.0,175.0,1227.416015625,-3.353952357983293,1.5174863211331957,1.734618679779031,1.9172963447935745,0.744791815917221,-1.343382075751988,-1.080380244774214,2.1228710496690337,2.626589695299748,1.1423306189819
86.0,175.0,1227.4193115234375,-3.354131383404348,1.517486086097762,1.7346186798191758,1.917394793837036,0.7444349017577829,-1.343382075751988,-1.080380227969266,2.122871049670324,2.626589695299748,1.1423306189819
86.0,175.0,1227.433837890625,-3.353232001352473,1.5175015129432077,1.7346186797600387,1.920906061795888,0.7441209838839457,-1.3433944450066029,-1.080484168205553,2.1228594729854127,2.626589695357969,1.1423114575436597
86.0,175.0,1227.439697265625,-3.3685730471061848,1.5175066341396712,1.734618680496405,1.9172963447935745,0.7506806692678685,-1.3432705033378496,-1.080380244774214,2.122871049678324,2.626589695299748,1.1422312596852613
86.0,175.0,1227.4403076171875,-3.352436867077008,1.5179994846525164,1.7346186814089803,1.89876750247929,0.7512350371969473,-1.3424929941197217,-1.0805978772347673,2.1222840577195634,2.626589694724025,1.1415817233374246
86.0,175.0,1227.4532470703125,-3.3685729015952,1.517501494216324,1.7346186798999013,1.9208161316926844,0.7507633733018497,-1.343363423939414,-1.080285829692189,2.122859534706965,2.6265896955475467,1.1415119240580511
86.0,175.0,1227.45458984375,-3.354131383404348,1.5174567912538302,1.734616969308171,1.917208281339728,0.7447835075020169,-1.343382075751988,-1.0803802971050995,2.1228710496690337,2.626589696744855,1.1401586064091478
86.0,175.0,1227.4609375,-3.3532287861928465,1.517500677385055,1.7346186799522756,1.9211847898733108,0.7450566874624791,-1.342624198204588,-1.080588601699683,2.1228632965696907,2.6265896947255336,1.1402935649398294
86.0,175.0,1227.464111328125,-3.3634452600430573,1.5175018685522734,1.7346058486384075,1.92139575526721,0.7449722590649467,-1.3433756776667296,-1.0803777548622435,2.122720961914206,2.626589694721969,1.140293564443953
86.0,175.0,1227.464111328125,-3.3634452600430573,1.5175018685522734,1.7346058486384075,1.92139575526721,0.7449722590649467,-1.3433756776667296,-1.0803777548622435,2.122720961914206,2.626589694721969,1.140293564443953
86.0,175.0,1227.46435546875,-3.352436867077008,1.5175042234232716,1.7346186814089803,1.898767504179273,0.7450072189303614,-1.343382885713049,-1.0803803446553295,2.122536734752771,2.626589694724025,1.1416352288325895
86.0,175.0,1227.465087890625,-3.353205351031686,1.517500677385055,1.734618679902942,1.9211847898733108,0.7450566874624791,-1.342624198204588,-1.0803743114248332,2.1228632965696907,2.626589694743901,1.1402935649398294
86.0,175.0,1227.4658203125,-3.3637537745969697,1.5175008675957316,1.734618679759471,1.9214046831404223,0.7450566874624791,-1.3433822899497454,-1.0803757310185815,2.122871060287504,2.6265896952254324,1.1402935649398294
86.0,175.0,1227.4669189453125,-3.36846475493533,1.5180189778782545,1.7346186678922968,1.9214597182659168,0.7450621036739208,-1.3424162690054835,-1.080368892175541,2.1227264290417835,2.6265896952878243,1.142465540411243
86.0,175.0,1227.467041015625,-3.3685730471061848,1.5175066341396712,1.734618680496405,1.9172963447935745,0.744791815917221,-1.343382075751988,-1.080380244774214,2.122871049678324,2.626589695299748,1.1422312596852613
86.0,175.0,1227.468017578125,-3.3685730517798587,1.517499220717023,1.734618680496405,1.9170326357965204,0.7447614160921275,-1.343383446369142,-1.0803802017266235,2.122871049678324,2.626589695299748,1.1421940703265567
86.0,175.0,1227.468505859375,-3.3685730517798587,1.517499220717023,1.734618680496405,1.9172963447935745,0.7447614160921275,-1.3433820694893386,-1.0803802017266235,2.122871049678324,2.626589695299748,1.1421585020143876
86.0,175.0,1227.4688720703125,-3.352436867077008,1.5175042234232716,1.7346186814089803,1.898767504179273,0.7441818952660879,-1.3433502416456071,-1.0805978772347673,2.122536734752771,2.626589694724025,1.1416352288325895
86.0,175.0,1227.4688720703125,-3.352436867077008,1.5175042234232716,1.7346186814089803,1.898767504179273,0.7441818952660879,-1.3433502416456071,-1.0805978772347673,2.122536734752771,2.626589694724025,1.1416352288325895
86.0,175.0,1227.46923828125,-3.3635370359204644,1.5175018685522734,1.7346058486384075,1.921386926377316,0.7444210503228866,-1.3424650552391617,-1.0803778739810814,2.122720961914206,2.6265896945873024,1.140293564443953
86.0,175.0,1227.47021484375,-3.352956426345074,1.5180216295576772,1.734618681473503,1.8987618714347605,0.7509568375133769,-1.3425432274983715,-1.0804516407882794,2.1212424314645246,2.626589694723718,1.1402935267728231
86.0,175.0,1227.471435546875,-3.3529759419172547,1.5180216295576772,1.734618681375048,1.8987411018328133,0.7509568375133769,-1.3424589745336355,-1.0804490128711826,2.1212424314645246,2.626589694724025,1.1402935267092815
86.0,175.0,1227.471435546875,-3.3529759419172547,1.5180216295576772,1.734618681375048,1.8987411018328133,0.7509568375133769,-1.3424589745336355,-1.0804490128711826,2.1212424314645246,2.626589694724025,1.1402935267092815
86.0,175.0,1227.4732666015625,-3.354169032663291,1.518037917419148,1.7349851968284578,1.922081410280876,0.7449707787713498,-1.3425192026242023,-1.0803777548622435,2.122715965597865,2.626589694727499,1.140293564445007
86.0,175.0,1227.4776611328125,-3.3536180403195965,1.517432232084604,1.734609126534197,1.894124120986045,0.7510198617641662,-1.343374422302507,-1.0806714045925805,2.12272225902512,2.626589695074568,1.1402936310882283
86.0,175.0,1227.478759765625,-3.351582773263948,1.5180379257469985,1.7346186814651532,1.8989376160934823,0.7502194720715017,-1.343448245237277,-1.079899460988906,2.122985448368809,2.626589694710559,1.1402935260340314
86.0,176.0,1227.228271484375,-3.354509961454983,1.517501494216324,1.7350287532856756,1.9208177436402905,0.7507633733018497,-1.3425092400930358,-1.0802837217388208,2.122864738178291,2.626589695547785,1.164363019574369
86.0,176.0,1227.2362060546875,-3.3531833910312434,1.5174796248481104,1.7347475115024666,1.921673063888744,0.7509254441344998,-1.3432705033378496,-1.0803799654488433,2.122871049678324,2.626589695299748,1.1632293743502076
86.0,176.0,1227.236572265625,-3.3685729015952,1.5180545069107187,1.7347277488189072,1.9217439923012385,0.7505738770930859,-1.3424995827052844,-1.0803756069371968,2.122372013810474,2.6222989370483485,1.1647365167774415
86.0,176.0,1227.2423095703125,-3.3685729015952,1.518032594689657,1.7323893174576597,1.9217439973894348,0.7505738770930859,-1.3424995827052844,-1.0803756069371968,2.122372013810474,2.6222934971555416,1.1647365167774415
86.0,176.0,1227.24365234375,-3.3531833910312434,1.5174796248481104,1.7347475115024666,1.9216940605681885,0.7510645272161687,-1.3432705033378496,-1.0803799654488433,2.122871049678324,2.62658969554906,1.164962424921253
86.0,176.0,1227.2689208984375,-3.368068715787207,1.518035375482194,1.732384784677626,1.920890940103357,0.7506752902211615,-1.342510863116115,-1.1048242809597506,2.1223736586474184,2.62658969744322,1.140293565279032
86.0,176.0,1227.2830810546875,-3.354440872352214,1.518038011237048,1.735013084374164,1.922073507050728,0.7507633733018497,-1.3425128850225485,-1.0765608891064755,2.1228653247675453,2.6265896953341565,1.1642039255100132
86.0,176.0,1227.2894287109375,-3.3685729015952,1.517505966248926,1.7346226876368271,1.9208177436402905,0.750406659888568,-1.3425428907331582,-1.0802795120978288,2.122715088746442,2.62658969471963,1.1640646150215774
86.0,176.0,1227.294189453125,-3.3530305169474994,1.517500677385055,1.734618679902942,1.9211864951639763,0.7453170280554301,-1.342624198204588,-1.0803743114248332,2.1228632965696907,2.626589694743901,1.1633071332530311
86.0,176.0,1227.294189453125,-3.3685729015952,1.517501494216324,1.7346186798984289,1.92079513501324,0.7509314027703526,-1.343363423939414,-1.080285829692189,2.122871111399877,2.626589695298235,1.163172031322712
86.0,176.0,1227.3006591796875,-3.3685729015952,1.517501494216324,1.7346186797585663,1.9208177436402905,0.7507633733018497,-1.343363423939414,-1.0802837217388208,2.122864738178291,2.6265896955475467,1.164363019574369
86.0,176.0,1227.3018798828125,-3.3685729015952,1.517501494216324,1.7346186798984289,1.9208161316926844,0.7510704858520215,-1.343363423939414,-1.080285829692189,2.122871111399877,2.6265896955475467,1.1649050818937574
86.0,176.0,1227.3079833984375,-3.3685729015952,1.5180379257469985,1.7346186813238182,1.920870816436872,0.7502194720715017,-1.343448245237277,-1.0798973530355378,2.123007864271895,2.6265896966540234,1.1631446604561473
86.0,176.0,1227.314697265625,-3.353232001352473,1.517509550261444,1.7346186797585663,1.9209385891743445,0.7444412295749475,-1.3433944450066029,-1.0804805112667009,2.122865464814479,2.626589695334072,1.16419848502681
86.0,176.0,1227.3214111328125,-3.3481267614264327,1.5180334769754125,1.7346186797585663,1.921744093569981,0.7507633733018497,-1.3425130730507064,-1.0765608891064755,2.1228653247675453,2.6265896953498244,1.164363019574369
86.0,176.0,1227.322509765625,-3.352752020225909,1.518063040060024,1.7344461214165796,1.921744093569981,0.7444280964341173,-1.3424410926352526,-1.080379120264474,2.122871049678324,2.626589697438667,1.1646191943053856
86.0,176.0,1227.3238525390625,-3.352752020225909,1.5175015129432077,1.7346186813172575,1.921744093569981,0.7444280964341173,-1.3424397140866644,-1.080379120264474,2.122871049678324,2.6265896953498244,1.165704615379366
86.0,176.0,1227.3248291015625,-3.353232001352473,1.5175015129432077,1.7346186797585663,1.920906061795888,0.7444280964341173,-1.3433944450066029,-1.080484168205553,2.122871049678324,2.626589695357969,1.165704615379366
86.0,176.0,1227.3272705078125,-3.353179445767173,1.517479752350677,1.7346186813172575,1.921744093569981,0.7434928444084263,-1.3432507381459429,-1.080379120264474,2.122871049678324,2.6265896953498244,1.1631229988766094
86.0,176.0,1227.3284912109375,-3.3685729015952,1.5180334769754125,1.7346186797585663,1.921744093569981,0.7507633733018497,-1.3425130730507064,-1.0765608891064755,2.1228653247675453,2.6265896953498244,1.164363019574369
86.0,176.0,1227.3348388671875,-3.3685729015952,1.5180379257469985,1.7346186799018262,1.92089611018104,0.7507571869688536,-1.343492716569534,-1.0765214000363454,2.1229970133712217,2.6265896966650604,1.1637518630166732
86.0,176.0,1227.337646484375,-3.3685729015952,1.5180379257469985,1.734618679662326,1.9208950597122507,0.7502194720715017,-1.343492716569534,-1.0765701319386594,2.122998831610129,2.6265896966650604,1.1637518630166732
86.0,176.0,1227.337646484375,-3.3685729015952,1.5180379257469985,1.734618679662326,1.9208950597122507,0.7502194720715017,-1.343492716569534,-1.0765701319386594,2.122998831610129,2.6265896966650604,1.1637518630166732
86.0,176.0,1227.3472900390625,-3.3685729015952,1.517500677385055,1.7346186797585663,1.921428574520185,0.7450566874624791,-1.3433822899497454,-1.0803756069371968,2.1228707719384943,2.626589696666544,1.1642392862403146
86.0,176.0,1227.34912109375,-3.351582773263948,1.5180379257469985,1.7346186814651532,1.899201325090536,0.7502194720715017,-1.3434468683574734,-1.132295480674759,2.122985448368809,2.626589694710559,1.140257957721862
86.0,176.0,1227.34912109375,-3.351582773263948,1.5180379257469985,1.7346186814651532,1.899201325090536,0.7502194720715017,-1.3434468683574734,-1.132295480674759,2.122985448368809,2.626589694710559,1.140257957721862
86.0,176.0,1227.350341796875,-3.36857289460021,1.5175066341396712,1.7347475115024666,1.921673063888744,0.7441217090171737,-1.3432705033378496,-1.0803799654488433,2.122871049678324,2.626589695299748,1.1632293743502076
86.0,176.0,1227.350341796875,-3.36857289460021,1.5175066341396712,1.7347478846283664,1.921673063888744,0.7441217090171737,-1.3432705033378496,-1.0803799654488433,2.122871049678324,2.6265896953088967,1.1632293743502076
86.0,176.0,1227.3599853515625,-3.351582773263948,1.51751305596893,1.734618680502979,1.8972105397075656,0.7502194720715017,-1.3434463030417354,-1.1326192552299004,2.122875870182781,2.626589694710559,1.140257957721862
86.0,176.0,1227.3651123046875,-3.3685729015952,1.5175015129432077,1.7346186797585663,1.921744093569981,0.7444280964341173,-1.343381520917363,-1.0803799417603448,2.122871049678324,2.6265896953498244,1.165704615379366
86.0,176.0,1227.365234375,-3.3685729015952,1.5175015129432077,1.7346186813818054,1.921744093569981,0.7444280964341173,-1.343381520917363,-1.0803760689168245,2.122871049678324,2.6265896953498244,1.165704615379366
86.0,176.0,1227.37060546875,-3.3685729015952,1.5174796007221458,1.7322802483973183,1.9217440986581773,0.7444280964341173,-1.343381520917363,-1.0803799417603448,2.122871049678324,2.626584255457017,1.165704615379366
86.0,176.0,1227.37939453125,-3.35434279113996,1.517476056640364,1.7346186814229605,1.899201325090536,0.7447588923506592,-1.343439170293572,-1.132295480674759,2.1228685398771643,2.626589694720455,1.1404170013552928
86.0,176.0,1227.391845703125,-3.3685729015952,1.518020766739976,1.7323893174576597,1.921741945597852,0.7449570162035798,-1.3433822899497454,-1.0803756069371968,2.122372013810474,2.6222934971555416,1.1402935649398294
86.0,176.0,1227.3922119140625,-3.3513713655283355,1.5180481902398302,1.7346186814635431,1.9172963447935745,0.7502523956380636,-1.3433897738158895,-1.080380244774214,2.1229879581606794,2.626589695289852,1.1421715753484694
86.0,176.0,1227.4154052734375,-3.354131383404348,1.5174863211331957,1.734618681421351,1.9172963447935745,0.744791815917221,-1.343382075751988,-1.080380244774214,2.1228710496690337,2.626589695299748,1.1423306189819
86.0,176.0,1227.4154052734375,-3.354131383404348,1.5174863211331957,1.734618681421351,1.9172963447935745,0.744791815917221,-1.343382075751988,-1.080380244774214,2.1228710496690337,2.626589695299748,1.1423306189819
86.0,176.0,1227.416015625,-3.353952357983293,1.5174863211331957,1.734618679779031,1.9172963447935745,0.744791815917221,-1.343382075751988,-1.080380244774214,2.1228710496690337,2.626589695299748,1.1423306189819
86.0,176.0,1227.4193115234375,-3.354131383404348,1.517486086097762,1.7346186798191758,1.917394793837036,0.7444349017577829,-1.343382075751988,-1.080380227969266,2.122871049670324,2.626589695299748,1.1423306189819
86.0,176.0,1227.4327392578125,-3.354322853156597,1.5180547810415057,1.7346566542627029,1.9208393546530629,0.744791815917221,-1.343382075751988,-1.080380244774214,2.1228710496690337,2.626589695299748,1.1423306189819
86.0,176.0,1227.433837890625,-3.353232001352473,1.5175015129432077,1.7346186797600387,1.920906061795888,0.7441209838839457,-1.3433944450066029,-1.080484168205553,2.1228594729854127,2.626589695357969,1.1423114575436597
86.0,176.0,1227.436279296875,-3.353232001352473,1.5175015129432077,1.7346350018847918,1.921659610618793,0.7441209838839457,-1.3433944450066029,-1.080484168205553,2.122871286734923,2.626589695357969,1.1423114575436597
86.0,176.0,1227.439453125,-3.3685730471061848,1.5175067860203344,1.734618679717152,1.9218435335023167,0.7506806692678685,-1.3432705033378496,-1.080380244774214,2.122871049678324,2.626589695299748,1.1422312596852613
86.0,176.0,1227.439697265625,-3.3685730471061848,1.5175066341396712,1.734618680496405,1.9172963447935745,0.7506806692678685,-1.3432705033378496,-1.080380244774214,2.122871049678324,2.626589695299748,1.1422312596852613
86.0,176.0,1227.4403076171875,-3.352436867077008,1.5179994846525164,1.7346186814089803,1.89876750247929,0.7512350371969473,-1.3424929941197217,-1.0805978772347673,2.1222840577195634,2.626589694724025,1.1415817233374246
86.0,176.0,1227.440673828125,-3.342161728264491,1.5175015129432077,1.7346186813818054,1.921744093569981,0.7444280964341173,-1.343381520917363,-1.0803778332730636,2.122728252366186,2.6265896953498244,1.165704615379366
86.0,176.0,1227.4532470703125,-3.3685729015952,1.517501494216324,1.7346186798999013,1.9208161316926844,0.7507633733018497,-1.343363423939414,-1.080285829692189,2.122859534706965,2.6265896955475467,1.1415119240580511
86.0,176.0,1227.4534912109375,-3.3685730471061848,1.5180315039177392,1.7346186814585791,1.9192871301765448,0.7506806692678685,-1.3432710686535878,-1.0800564702190725,2.1229806278643526,2.626589695299748,1.1422312596852613
86.0,176.0,1227.45458984375,-3.354131383404348,1.5174567912538302,1.734616969308171,1.917208281339728,0.7447835075020169,-1.343382075751988,-1.0803802971050995,2.1228710496690337,2.626589696744855,1.1401586064091478
86.0,176.0,1227.455078125,-3.36857289460021,1.5175066341396712,1.7628417376673553,1.921673063888744,0.7441217090171737,-1.3432705033378496,-1.0803799654488433,2.122871049678324,2.626589695299748,1.1632293743502076
86.0,177.0,1227.228271484375,-3.354509961454983,1.517501494216324,1.7350287532856756,1.9208177436402905,0.7507633733018497,-1.3425092400930358,-1.0802837217388208,2.122864738178291,2.626589695547785,1.164363019574369
86.0,177.0,1227.2362060546875,-3.3531833910312434,1.5174796248481104,1.7347475115024666,1.921673063888744,0.7509254441344998,-1.3432705033378496,-1.0803799654488433,2.122871049678324,2.626589695299748,1.1632293743502076
86.0,177.0,1227.2362060546875,-3.3531833910312434,1.5174796248481104,1.7347475115024666,1.921673063888744,0.7509254441344998,-1.3432705033378496,-1.0803799654488433,2.122871049678324,2.626589695299748,1.1632293743502076
86.0,177.0,1227.236572265625,-3.3685729015952,1.5180545069107187,1.7347277488189072,1.9217439923012385,0.7505738770930859,-1.3424995827052844,-1.0803756069371968,2.122372013810474,2.6222989370483485,1.1647365167774415
86.0,177.0,1227.236572265625,-3.3685729015952,1.5180545069107187,1.7347277488189072,1.9217439923012385,0.7505738770930859,-1.3424995827052844,-1.0803756069371968,2.122372013810474,2.6222989370483485,1.1647365167774415
86.0,177.0,1227.2423095703125,-3.3685729015952,1.518032594689657,1.7323893174576597,1.9217439973894348,0.7505738770930859,-1.3424995827052844,-1.0803756069371968,2.122372013810474,2.6222934971555416,1.1647365167774415
86.0,177.0,1227.24365234375,-3.3531833910312434,1.5174796248481104,1.7347475115024666,1.9216940605681885,0.7510645272161687,-1.3432705033378496,-1.0803799654488433,2.122871049678324,2.62658969554906,1.164962424921253
86.0,177.0,1227.2440185546875,-3.354016190819786,1.517501494216324,1.7346186797585663,1.9208177436402905,0.7505111734615616,-1.3433637500332685,-1.0802837217388208,2.122871089509987,2.6265896955475467,1.1649772388756112
86.0,177.0,1227.26220703125,-3.348102547038866,1.517501494216324,1.7350287532856756,1.9208177436402905,0.7507633733018497,-1.3425093018334346,-1.0802837217388208,2.122865366286529,2.62658969554684,1.164363019574369
86.0,177.0,1227.264404296875,-3.351582773263948,1.5180379257469985,1.7346186814651532,1.921766006052685,0.7502194720715017,-1.3432414597847564,-1.132295480674759,2.1229834568159167,2.626589694710559,1.1412190049515745
86.0,177.0,1227.2689208984375,-3.368068715787207,1.518035375482194,1.732384784677626,1.920890940103357,0.7506752902211615,-1.342510863116115,-1.1048242809597506,2.1223736586474184,2.62658969744322,1.140293565279032
86.0,177.0,1227.2821044921875,-3.354534175842549,1.5180334769754125,1.7346186797585663,1.921744093569981,0.7507633733018497,-1.3425130113103074,-1.0765608891064755,2.122864696659307,2.62658969535077,1.164363019574369
86.0,177.0,1227.2830810546875,-3.354440872352214,1.518038011237048,1.735013084374164,1.922073507050728,0.7507633733018497,-1.3425128850225485,-1.0765608891064755,2.1228653247675453,2.6265896953341565,1.1642039255100132
86.0,177.0,1227.288330078125,-3.354384770441096,1.5175216917803116,1.7346567369503414,1.9211864951639763,0.7453170280554301,-1.342624198204588,-1.0803743114248332,2.1228632965696907,2.626589694743901,1.1633071332530311
86.0,177.0,1227.2894287109375,-3.3685729015952,1.517505966248926,1.7346226876368271,1.9208177436402905,0.750406659888568,-1.3425428907331582,-1.0802795120978288,2.122715088746442,2.62658969471963,1.1640646150215774
86.0,177.0,1227.2894287109375,-3.3685729015952,1.517505966248926,1.7346226876368271,1.9208177436402905,0.750406659888568,-1.3425428907331582,-1.0802795120978288,2.122715088746442,2.62658969471963,1.1640646150215774
86.0,177.0,1227.294189453125,-3.3530305169474994,1.517500677385055,1.734618679902942,1.9211864951639763,0.7453170280554301,-1.342624198204588,-1.0803743114248332,2.1228632965696907,2.626589694743901,1.1633071332530311
86.0,177.0,1227.294189453125,-3.3685729015952,1.517501494216324,1.7346186798984289,1.92079513501324,0.7509314027703526,-1.343363423939414,-1.080285829692189,2.122871111399877,2.626589695298235,1.163172031322712
86.0,177.0,1227.2965087890625,-3.353030519321341,1.5175015129432077,1.7346186798915226,1.9217439791139963,0.7452641381449266,-1.3424397140866644,-1.0803793889851383,2.122871049678324,2.6265896953441765,1.163273550168837
86.0,177.0,1227.3006591796875,-3.3685729015952,1.517501494216324,1.7346186797585663,1.9208177436402905,0.7507633733018497,-1.343363423939414,-1.0802837217388208,2.122864738178291,2.6265896955475467,1.164363019574369
86.0,177.0,1227.3018798828125,-3.3685729015952,1.517501494216324,1.7346186798984289,1.9208161316926844,0.7510704858520215,-1.343363423939414,-1.080285829692189,2.122871111399877,2.6265896955475467,1.1649050818937574
86.0,177.0,1227.3018798828125,-3.3685729015952,1.517501494216324,1.7346186798984289,1.9208161316926844,0.7510704858520215,-1.343363423939414,-1.080285829692189,2.122871111399877,2.6265896955475467,1.1649050818937574
86.0,177.0,1227.30419921875,-3.3685729015952,1.5180379257469985,1.7346186813238182,1.920874298465217,0.7502359141605814,-1.343448245237277,-1.0803712812688104,2.1223464198566835,2.626527454757489,1.1631446604561473
86.0,177.0,1227.30419921875,-3.3685729015952,1.518032594689657,1.7323893174576597,1.9216554245464312,0.7505738770930859,-1.3425196018895509,-1.0803756069371968,2.1228605990502403,2.6265561846353407,1.164074290089234
86.0,177.0,1227.3079833984375,-3.3685729015952,1.5180379257469985,1.7346186813238182,1.920870816436872,0.7502194720715017,-1.343448245237277,-1.0798973530355378,2.123007864271895,2.6265896966540234,1.1631446604561473
86.0,177.0,1227.314697265625,-3.353232001352473,1.517509550261444,1.7346186797585663,1.9209385891743445,0.7444412295749475,-1.3433944450066029,-1.0804805112667009,2.122865464814479,2.626589695334072,1.16419848502681
86.0,177.0,1227.320068359375,-3.352816556885863,1.5175086041140633,1.7346186813172575,1.921744089195302,0.7447282579926935,-1.3424976296216804,-1.0803753962862075,2.1228885242427333,2.6265896953498244,1.1657419484423022
86.0,177.0,1227.3214111328125,-3.3481267614264327,1.5180334769754125,1.7346186797585663,1.921744093569981,0.7507633733018497,-1.3425130730507064,-1.0765608891064755,2.1228653247675453,2.6265896953498244,1.164363019574369
86.0,177.0,1227.322509765625,-3.352752020225909,1.518063040060024,1.7344461214165796,1.921744093569981,0.7444280964341173,-1.3424410926352526,-1.080379120264474,2.122871049678324,2.626589697438667,1.1646191943053856
86.0,177.0,1227.3238525390625,-3.352752020225909,1.5175015129432077,1.7346186813172575,1.921744093569981,0.7444280964341173,-1.3424397140866644,-1.080379120264474,2.122871049678324,2.6265896953498244,1.165704615379366
86.0,177.0,1227.3248291015625,-3.353232001352473,1.5175015129432077,1.7346186797585663,1.920906061795888,0.7444280964341173,-1.3433944450066029,-1.080484168205553,2.122871049678324,2.626589695357969,1.165704615379366
86.0,177.0,1227.3272705078125,-3.353179445767173,1.517479752350677,1.7346186813172575,1.921744093569981,0.7434928444084263,-1.3432507381459429,-1.080379120264474,2.122871049678324,2.6265896953498244,1.1631229988766094
86.0,177.0,1227.3284912109375,-3.3685729015952,1.5180334769754125,1.7346186797585663,1.921744093569981,0.7507633733018497,-1.3425130730507064,-1.0765608891064755,2.1228653247675453,2.6265896953498244,1.164363019574369
86.0,177.0,1227.3284912109375,-3.3685729015952,1.5180334769754125,1.7346186797585663,1.921744093569981,0.7507633733018497,-1.3425130730507064,-1.0765608891064755,2.1228653247675453,2.6265896953498244,1.164363019574369
86.0,177.0,1227.3348388671875,-3.3685729015952,1.5180379257469985,1.7346186799018262,1.92089611018104,0.7507571869688536,-1.343492716569534,-1.0765214000363454,2.1229970133712217,2.6265896966650604,1.1637518630166732
86.0,177.0,1227.337646484375,-3.3685729015952,1.5180379257469985,1.734618679662326,1.9208950597122507,0.7502194720715017,-1.343492716569534,-1.0765701319386594,2.122998831610129,2.6265896966650604,1.1637518630166732
86.0,177.0,1227.337646484375,-3.3685729015952,1.5180379257469985,1.734618679662326,1.9208950597122507,0.7502194720715017,-1.343492716569534,-1.0765701319386594,2.122998831610129,2.6265896966650604,1.1637518630166732
86.0,177.0,1227.337646484375,-3.3685729015952,1.5180379257469985,1.734618679662326,1.9208950597122507,0.7502194720715017,-1.343492716569534,-1.0765701319386594,2.122998831610129,2.6265896966650604,1.1637518630166732
86.0,177.0,1227.3472900390625,-3.3685729015952,1.517500677385055,1.7346186797585663,1.921428574520185,0.7450566874624791,-1.3433822899497454,-1.0803756069371968,2.1228707719384943,2.626589696666544,1.1642392862403146
86.0,177.0,1227.3486328125,-3.351582773263948,1.5180326981534205,1.734618681416723,1.8992370019292653,0.7502194720715017,-1.3434463030417354,-1.1322898280033669,2.122984290998388,2.626589694710559,1.140257957721862
86.0,177.0,1227.34912109375,-3.351582773263948,1.5180379257469985,1.7346186814651532,1.899201325090536,0.7502194720715017,-1.3434468683574734,-1.132295480674759,2.122985448368809,2.626589694710559,1.140257957721862
86.0,177.0,1227.34912109375,-3.351582773263948,1.5180379257469985,1.7346186814651532,1.899201325090536,0.7502194720715017,-1.3434468683574734,-1.132295480674759,2.122985448368809,2.626589694710559,1.140257957721862
86.0,177.0,1227.350341796875,-3.36857289460021,1.5175066341396712,1.7347475115024666,1.921673063888744,0.7441217090171737,-1.3432705033378496,-1.0803799654488433,2.122871049678324,2.626589695299748,1.1632293743502076
86.0,177.0,1227.350341796875,-3.36857289460021,1.5175066341396712,1.7347478846283664,1.921673063888744,0.7441217090171737,-1.3432705033378496,-1.0803799654488433,2.122871049678324,2.6265896953088967,1.1632293743502076
86.0,177.0,1227.357666015625,-3.351582773263948,1.5174652758718603,1.7346186798869985,1.8972105397075656,0.7502194720715017,-1.3434463030417354,-1.1326192552299004,2.122875870182781,2.6265896947958653,1.1406345012827332
86.0,177.0,1227.3599853515625,-3.351582773263948,1.51751305596893,1.734618680502979,1.8972105397075656,0.7502194720715017,-1.3434463030417354,-1.1326192552299004,2.122875870182781,2.626589694710559,1.140257957721862
86.0,177.0,1227.3651123046875,-3.3685729015952,1.5175015129432077,1.7346186797585663,1.921744093569981,0.7444280964341173,-1.343381520917363,-1.0803799417603448,2.122871049678324,2.6265896953498244,1.165704615379366
86.0,177.0,1227.365234375,-3.3685729015952,1.5175015129432077,1.7346186813818054,1.921744093569981,0.7444280964341173,-1.343381520917363,-1.0803760689168245,2.122871049678324,2.6265896953498244,1.165704615379366
86.0,177.0,1227.37060546875,-3.3685729015952,1.5174796007221458,1.7322802483973183,1.9217440986581773,0.7444280964341173,-1.343381520917363,-1.0803799417603448,2.122871049678324,2.626584255457017,1.165704615379366
86.0,177.0,1227.37939453125,-3.35434279113996,1.517476056640364,1.7346186814229605,1.899201325090536,0.7447588923506592,-1.343439170293572,-1.132295480674759,2.1228685398771643,2.626589694720455,1.1404170013552928
86.0,178.0,1227.228271484375,-3.354509961454983,1.517501494216324,1.7350287532856756,1.9208177436402905,0.7507633733018497,-1.3425092400930358,-1.0802837217388208,2.122864738178291,2.626589695547785,1.164363019574369
86.0,178.0,1227.2291259765625,-3.3531833910312434,1.517479767683024,1.734751898595175,1.921673063888744,0.7509254441344998,-1.3424521557698732,-1.0803799654488433,2.122871049678324,2.626589695297424,1.1632293743502076
86.0,178.0,1227.2333984375,-3.3545103576315625,1.517501494216324,1.7350052915907686,1.921763714920792,0.7507633733018497,-1.3425092400930358,-1.0802837217388208,2.12286473971972,2.626589695547785,1.164363019574369
86.0,178.0,1227.2362060546875,-3.3531833910312434,1.5174796248481104,1.7347475115024666,1.921673063888744,0.7509254441344998,-1.3432705033378496,-1.0803799654488433,2.122871049678324,2.626589695299748,1.1632293743502076
86.0,178.0,1227.2362060546875,-3.3531833910312434,1.5174796248481104,1.7347475115024666,1.921673063888744,0.7509254441344998,-1.3432705033378496,-1.0803799654488433,2.122871049678324,2.626589695299748,1.1632293743502076
86.0,178.0,1227.2362060546875,-3.3531833910312434,1.5174796248481104,1.7347475115024666,1.921673063888744,0.7509254441344998,-1.3432705033378496,-1.0803799654488433,2.122871049678324,2.626589695299748,1.1632293743502076
86.0,178.0,1227.236572265625,-3.3685729015952,1.5180545069107187,1.7347277488189072,1.9217439923012385,0.7505738770930859,-1.3424995827052844,-1.0803756069371968,2.122372013810474,2.6222989370483485,1.1647365167774415
86.0,178.0,1227.236572265625,-3.3685729015952,1.5180545069107187,1.7347277488189072,1.9217439923012385,0.7505738770930859,-1.3424995827052844,-1.0803756069371968,2.122372013810474,2.6222989370483485,1.1647365167774415
86.0,178.0,1227.236572265625,-3.3685729015952,1.5180545069107187,1.7347277488189072,1.9217439923012385,0.7505738770930859,-1.3424995827052844,-1.0803756069371968,2.122372013810474,2.6222989370483485,1.1647365167774415
86.0,178.0,1227.2401123046875,-3.3685729015952,1.518032594689657,1.7323893174576597,1.9216939457679136,0.7505276268755183,-1.3424995827052844,-1.08037984654367,2.122399483045191,2.6220949282373853,1.1647365167774415
86.0,178.0,1227.2423095703125,-3.3685729015952,1.518032594689657,1.7323893174576597,1.9217439973894348,0.7505738770930859,-1.3424995827052844,-1.0803756069371968,2.122372013810474,2.6222934971555416,1.1647365167774415
86.0,178.0,1227.24365234375,-3.3531833910312434,1.5174796248481104,1.7347475115024666,1.9216940605681885,0.7510645272161687,-1.3432705033378496,-1.0803799654488433,2.122871049678324,2.62658969554906,1.164962424921253
86.0,178.0,1227.2440185546875,-3.354016190819786,1.517501494216324,1.7346186797585663,1.9208177436402905,0.7505111734615616,-1.3433637500332685,-1.0802837217388208,2.122871089509987,2.6265896955475467,1.1649772388756112
86.0,178.0,1227.2552490234375,-3.353084669137583,1.5180380536449722,1.7346186796583096,1.920819833288942,0.7505111734615616,-1.3434948712577826,-1.0802801717668244,2.122871089509987,2.626589695516033,1.1650787956644064
86.0,178.0,1227.26220703125,-3.348102547038866,1.517501494216324,1.7350287532856756,1.9208177436402905,0.7507633733018497,-1.3425093018334346,-1.0802837217388208,2.122865366286529,2.62658969554684,1.164363019574369
86.0,178.0,1227.2635498046875,-3.351582773263948,1.5180379257469985,1.734618681326273,1.9209299720797184,0.7502194720715017,-1.3432414597847564,-1.132295480674759,2.1229834568159167,2.626589696593662,1.1412190049515745
86.0,178.0,1227.264404296875,-3.351582773263948,1.5180379257469985,1.7346186814651532,1.921766006052685,0.7502194720715017,-1.3432414597847564,-1.132295480674759,2.1229834568159167,2.626589694710559,1.1412190049515745
86.0,178.0,1227.2689208984375,-3.368068715787207,1.518035375482194,1.732384784677626,1.920890940103357,0.7506752902211615,-1.342510863116115,-1.1048242809597506,2.1223736586474184,2.62658969744322,1.140293565279032
86.0,178.0,1227.2821044921875,-3.354534175842549,1.5180334769754125,1.7346186797585663,1.921744093569981,0.7507633733018497,-1.3425130113103074,-1.0765608891064755,2.122864696659307,2.62658969535077,1.164363019574369
86.0,178.0,1227.2830810546875,-3.354440872352214,1.518038011237048,1.735013084374164,1.922073507050728,0.7507633733018497,-1.3425128850225485,-1.0765608891064755,2.1228653247675453,2.6265896953341565,1.1642039255100132
86.0,178.0,1227.2830810546875,-3.354440872352214,1.518038011237048,1.735013084374164,1.922073507050728,0.7507635196567846,-1.3425128850225485,-1.0765594161019931,2.122867916824672,2.6265896953688617,1.1642039255100132
86.0,178.0,1227.2857666015625,-3.3531833910312434,1.5180466758422555,1.7347475115024666,1.9217392611814164,0.7509254441344998,-1.3432705033378496,-1.076578763214782,2.122871049678324,2.626589695299748,1.1632293743502076
86.0,178.0,1227.28759765625,-3.3673820897805107,1.517501494216324,1.7350287532856756,1.9208754502761745,0.7507633733018497,-1.343461602737164,-1.0802837217388208,2.122865366286529,2.626529224187033,1.164364187767547
86.0,178.0,1227.288330078125,-3.354384770441096,1.5175216917803116,1.7346567369503414,1.9211864951639763,0.7453170280554301,-1.342624198204588,-1.0803743114248332,2.1228632965696907,2.626589694743901,1.1633071332530311
86.0,178.0,1227.2894287109375,-3.3685729015952,1.517505966248926,1.7346226876368271,1.9208177436402905,0.750406659888568,-1.3425428907331582,-1.0802795120978288,2.122715088746442,2.62658969471963,1.1640646150215774
86.0,178.0,1227.2894287109375,-3.3685729015952,1.517505966248926,1.7346226876368271,1.9208177436402905,0.750406659888568,-1.3425428907331582,-1.0802795120978288,2.122715088746442,2.62658969471963,1.1640646150215774
86.0,178.0,1227.2894287109375,-3.3685729015952,1.517505966248926,1.7346226876368271,1.9208177436402905,0.750406659888568,-1.3425428907331582,-1.0802795120978288,2.122715088746442,2.62658969471963,1.1640646150215774
86.0,178.0,1227.294189453125,-3.3530305169474994,1.517500677385055,1.734618679902942,1.9211864951639763,0.7453170280554301,-1.342624198204588,-1.0803743114248332,2.1228632965696907,2.626589694743901,1.1633071332530311
86.0,178.0,1227.294189453125,-3.3685729015952,1.517501494216324,1.7346186798984289,1.92079513501324,0.7509314027703526,-1.343363423939414,-1.080285829692189,2.122871111399877,2.626589695298235,1.163172031322712
86.0,178.0,1227.2965087890625,-3.353030519321341,1.5175015129432077,1.7346186798915226,1.9217439791139963,0.7452641381449266,-1.3424397140866644,-1.0803793889851383,2.122871049678324,2.6265896953441765,1.163273550168837
86.0,178.0,1227.2984619140625,-3.3685729015952,1.5180325098677614,1.7346186813238182,1.9216608835746027,0.7501434925387704,-1.3424958091277952,-1.07987279217689,2.123005962256765,2.6265896966540234,1.163272851355979
86.0,178.0,1227.3006591796875,-3.3685729015952,1.517501494216324,1.7346186797585663,1.9208177436402905,0.7507633733018497,-1.343363423939414,-1.0802837217388208,2.122864738178291,2.6265896955475467,1.164363019574369
86.0,178.0,1227.3006591796875,-3.3685729015952,1.517501494216324,1.7346186797626155,1.9208160411661088,0.7507633733018497,-1.343363423939414,-1.080285815032219,2.1228647043308384,2.6265896955475467,1.164363019574369
86.0,178.0,1227.3018798828125,-3.3685729015952,1.517501494216324,1.7346186798984289,1.9208161316926844,0.7510704858520215,-1.343363423939414,-1.080285829692189,2.122871111399877,2.6265896955475467,1.1649050818937574
86.0,178.0,1227.3018798828125,-3.3685729015952,1.517501494216324,1.7346186798984289,1.9208161316926844,0.7510704858520215,-1.343363423939414,-1.080285829692189,2.122871111399877,2.6265896955475467,1.1649050818937574
86.0,178.0,1227.302001953125,-3.3685729015952,1.517501494216324,1.7346186798984289,1.9207945429370368,0.7509315970277768,-1.3435286927256684,-1.0802859227169277,2.122871151492647,2.626589695298235,1.1642995569729817
86.0,178.0,1227.30419921875,-3.3685729015952,1.5180379257469985,1.7346186813238182,1.920874298465217,0.7502359141605814,-1.343448245237277,-1.0803712812688104,2.1223464198566835,2.626527454757489,1.1631446604561473
86.0,178.0,1227.30419921875,-3.3685729015952,1.518032594689657,1.7323893174576597,1.9216554245464312,0.7505738770930859,-1.3425196018895509,-1.0803756069371968,2.1228605990502403,2.6265561846353407,1.164074290089234
86.0,178.0,1227.3079833984375,-3.3685729015952,1.5180379257469985,1.7346186813238182,1.920870816436872,0.7502194720715017,-1.343448245237277,-1.0798973530355378,2.123007864271895,2.6265896966540234,1.1631446604561473
86.0,178.0,1227.314697265625,-3.353232001352473,1.517509550261444,1.7346186797585663,1.9209385891743445,0.7444412295749475,-1.3433944450066029,-1.0804805112667009,2.122865464814479,2.626589695334072,1.16419848502681
86.0,178.0,1227.320068359375,-3.352816556885863,1.5175086041140633,1.7346186813172575,1.921744089195302,0.7447282579926935,-1.3424976296216804,-1.0803753962862075,2.1228885242427333,2.6265896953498244,1.1657419484423022
86.0,178.0,1227.3214111328125,-3.3481267614264327,1.5180334769754125,1.7346186797585663,1.921744093569981,0.7507633733018497,-1.3425130730507064,-1.0765608891064755,2.1228653247675453,2.6265896953498244,1.164363019574369
86.0,178.0,1227.3218994140625,-3.3685729015952,1.5180327273136565,1.7346186798984289,1.9208161316926844,0.7510704858520215,-1.342513071253509,-1.0769338438955396,2.122871687899759,2.6265896955470964,1.1648867904756257
86.0,178.0,1227.322509765625,-3.352752020225909,1.518063040060024,1.7344461214165796,1.921744093569981,0.7444280964341173,-1.3424410926352526,-1.080379120264474,2.122871049678324,2.626589697438667,1.1646191943053856
86.0,178.0,1227.3238525390625,-3.352752020225909,1.5175015129432077,1.7346186813172575,1.921744093569981,0.7444280964341173,-1.3424397140866644,-1.080379120264474,2.122871049678324,2.6265896953498244,1.165704615379366
86.0,178.0,1227.3248291015625,-3.353232001352473,1.5175015129432077,1.7346186797585663,1.920906061795888,0.7444280964341173,-1.3433944450066029,-1.080484168205553,2.122871049678324,2.626589695357969,1.165704615379366
86.0,178.0,1227.3272705078125,-3.353179445767173,1.517479752350677,1.7346186813172575,1.921744093569981,0.7434928444084263,-1.3432507381459429,-1.080379120264474,2.122871049678324,2.6265896953498244,1.1631229988766094
86.0,178.0,1227.3284912109375,-3.3685729015952,1.5180334769754125,1.7346186797585663,1.921744093569981,0.7507633733018497,-1.3425130730507064,-1.0765608891064755,2.1228653247675453,2.6265896953498244,1.164363019574369
86.0,178.0,1227.3284912109375,-3.3685729015952,1.5180334769754125,1.7346186797585663,1.921744093569981,0.7507633733018497,-1.3425130730507064,-1.0765608891064755,2.1228653247675453,2.6265896953498244,1.164363019574369
86.0,178.0,1227.3321533203125,-3.352752020225909,1.517501370108294,1.7346142942245495,1.921744093569981,0.7444280964341173,-1.343258061654641,-1.080379120264474,2.122871049678324,2.6265896953521484,1.165704615379366
86.0,179.0,1227.159423828125,-3.3527115663005387,1.5180545069107187,1.7347277488189072,1.9217439923012385,0.7503804104479364,-1.3424995827052844,-1.0803756069371968,2.122886010875563,2.6222989370483485,1.1656463377204869
86.0,179.0,1227.220947265625,-3.3685729015952,1.517511888653238,1.7347277488189072,1.9216722491059304,0.7505738770930859,-1.342501927894442,-1.0803756069371968,2.122864898506049,2.6222989370483485,1.1631737397728528
86.0,179.0,1227.228271484375,-3.354509961454983,1.517501494216324,1.7350287532856756,1.9208177436402905,0.7507633733018497,-1.3425092400930358,-1.0802837217388208,2.122864738178291,2.626589695547785,1.164363019574369
86.0,179.0,1227.2283935546875,-3.354509961454983,1.517501494216324,1.7350287532856756,1.920848404519983,0.7507642178739036,-1.3425092400930358,-1.0802837217388208,2.122864738178291,2.62658969531463,1.164363019574369
86.0,179.0,1227.2291259765625,-3.3531833910312434,1.517479767683024,1.734751898595175,1.921673063888744,0.7509254441344998,-1.3424521557698732,-1.0803799654488433,2.122871049678324,2.626589695297424,1.1632293743502076
86.0,179.0,1227.23095703125,-3.3685729015952,1.517505966248926,1.7325469109062992,1.920851581719852,0.750406659888568,-1.3425432076327757,-1.0802795120978288,2.122373748811378,2.6223194266358734,1.1640646150215774
86.0,179.0,1227.2322998046875,-3.354324376642321,1.5175216917803116,1.7346557790399642,1.9211742902321187,0.7505702572385057,-1.342541071225565,-1.0802835846402896,2.1228632965696907,2.626589694743901,1.1640978775200692
86.0,179.0,1227.232421875,-3.3531833910312434,1.5174796248481104,1.7346200457603915,1.9208105618861115,0.7509253271173532,-1.34336342626846,-1.0803799654488433,2.122871049705145,2.6265896952982284,1.1632293743502076
86.0,179.0,1227.2333984375,-3.3545103576315625,1.517501494216324,1.7350052915907686,1.921763714920792,0.7507633733018497,-1.3425092400930358,-1.0802837217388208,2.12286473971972,2.626589695547785,1.164363019574369
86.0,179.0,1227.2359619140625,-3.3531833910312434,1.5174796248481104,1.7347475115024666,1.921673115172752,0.7509219588993143,-1.3432705033378496,-1.0803799654488433,2.122871049678324,2.626589695291992,1.163185595696923
86.0,179.0,1227.2359619140625,-3.3531833910312434,1.5174796248481104,1.7347475115024666,1.9216424030090515,0.7509245995624458,-1.3432705033378496,-1.0803799654488433,2.122871049678324,2.626589695532904,1.1632293743502076
86.0,179.0,1227.2362060546875,-3.3531833910312434,1.5174796248481104,1.7347475115024666,1.921673063888744,0.7509254441344998,-1.3432705033378496,-1.0803799654488433,2.122871049678324,2.626589695299748,1.1632293743502076
86.0,179.0,1227.2362060546875,-3.3531833910312434,1.5174796248481104,1.7347475115024666,1.921673063888744,0.7509254441344998,-1.3432705033378496,-1.0803799654488433,2.122871049678324,2.626589695299748,1.1632293743502076
86.0,179.0,1227.2362060546875,-3.3531833910312434,1.5174796248481104,1.7347475115024666,1.921673063888744,0.7509254441344998,-1.3432705033378496,-1.0803799654488433,2.122871049678324,2.626589695299748,1.1632293743502076
86.0,179.0,1227.236572265625,-3.3685729015952,1.5180545069107187,1.7347277488189072,1.9217439923012385,0.7505738770930859,-1.3424995827052844,-1.0803756069371968,2.122372013810474,2.6222989370483485,1.1647365167774415
86.0,179.0,1227.236572265625,-3.3685729015952,1.5180545069107187,1.7347277488189072,1.9217439923012385,0.7505738770930859,-1.3424995827052844,-1.0803756069371968,2.122372013810474,2.6222989370483485,1.1647365167774415
86.0,179.0,1227.236572265625,-3.3685729015952,1.5180545069107187,1.7347277488189072,1.9217439923012385,0.7505738770930859,-1.3424995827052844,-1.0803756069371968,2.122372013810474,2.6222989370483485,1.1647365167774415
86.0,179.0,1227.236572265625,-3.3685729015952,1.5180545069107187,1.7347277488189072,1.9217439923012385,0.7505738770930859,-1.3424995827052844,-1.0803756069371968,2.122372013810474,2.6222989370483485,1.1647365167774415
86.0,179.0,1227.2401123046875,-3.3685729015952,1.518032594689657,1.7323893174576597,1.9216939457679136,0.7505276268755183,-1.3424995827052844,-1.08037984654367,2.122399483045191,2.6220949282373853,1.1647365167774415
86.0,179.0,1227.2423095703125,-3.3685729015952,1.518032594689657,1.7323893174576597,1.9217439973894348,0.7505738770930859,-1.3424995827052844,-1.0803756069371968,2.122372013810474,2.6222934971555416,1.1647365167774415
86.0,179.0,1227.24365234375,-3.3531833910312434,1.5174796248481104,1.7347475115024666,1.9216940605681885,0.7510645272161687,-1.3432705033378496,-1.0803799654488433,2.122871049678324,2.62658969554906,1.164962424921253
86.0,179.0,1227.2440185546875,-3.354016190819786,1.517501494216324,1.7346186797585663,1.9208177436402905,0.7505111734615616,-1.3433637500332685,-1.0802837217388208,2.122871089509987,2.6265896955475467,1.1649772388756112
86.0,179.0,1227.2493896484375,-3.355241487809241,1.518032594689657,1.7323893174576597,1.9216939782331828,0.7505276268755183,-1.3424995827052844,-1.08037984654367,2.122407458717844,2.6266779210307853,1.1647365167774415
86.0,179.0,1227.2518310546875,-3.3685729015952,1.5180545069107187,1.7347289528300187,1.9217439923012385,0.7505778653132603,-1.3432671268274294,-1.0803799430027836,2.1223491565980184,2.6220735822868653,1.1647365167774415
86.0,179.0,1227.2552490234375,-3.353084669137583,1.5180380536449722,1.7346186796583096,1.920819833288942,0.7505111734615616,-1.3434948712577826,-1.0802801717668244,2.122871089509987,2.626589695516033,1.1650787956644064
86.0,179.0,1227.2606201171875,-3.3647804313857543,1.517501494216324,1.734746145640504,1.9216576370158724,0.7509315197874994,-1.3432705010088035,-1.080285829692189,2.1228711113730565,2.626589695299755,1.163172031322712
86.0,179.0,1227.26220703125,-3.348102547038866,1.517501494216324,1.7350287532856756,1.9208177436402905,0.7507633733018497,-1.3425093018334346,-1.0802837217388208,2.122865366286529,2.62658969554684,1.164363019574369
86.0,179.0,1227.2635498046875,-3.351582773263948,1.5180379257469985,1.734618681326273,1.9209299720797184,0.7502194720715017,-1.3432414597847564,-1.132295480674759,2.1229834568159167,2.626589696593662,1.1412190049515745
86.0,179.0,1227.264404296875,-3.351582773263948,1.5180379257469985,1.7346186814651532,1.921766006052685,0.7502194720715017,-1.3432414597847564,-1.132295480674759,2.1229834568159167,2.626589694710559,1.1412190049515745
86.0,179.0,1227.2655029296875,-3.348102547038866,1.517521221291197,1.7324001276432377,1.9207464332166264,0.750585543669115,-1.3425093018334346,-1.0802837217388208,2.122865366286529,2.6265547207830977,1.164363019574369
86.0,179.0,1227.2684326171875,-3.368068715787207,1.518035375482194,1.732384784677626,1.920890940103357,0.7506752902211615,-1.342510863116115,-1.1050707719947197,2.1223736586474184,2.62658969744322,1.140293565279032
86.0,179.0,1227.2689208984375,-3.368068715787207,1.518035375482194,1.732384784677626,1.920890940103357,0.7506752902211615,-1.342510863116115,-1.1048242809597506,2.1223736586474184,2.62658969744322,1.140293565279032
86.0,179.0,1227.277099609375,-3.36766787801832,1.517501494216324,1.7350287532856756,1.9208177436402905,0.7507633733018497,-1.3425092400930358,-1.0802837217388208,2.122864738178291,2.626589695547785,1.164363019574369
86.0,179.0,1227.2818603515625,-3.354440872352214,1.518038011237048,1.7350179474645315,1.922065478018312,0.7509246174186665,-1.3425799012363846,-1.0765608891064755,2.1228653247675453,2.6265896953341565,1.1642282419616412
86.0,179.0,1227.2821044921875,-3.354534175842549,1.5180334769754125,1.7346186797585663,1.921744093569981,0.7507633733018497,-1.3425130113103074,-1.0765608891064755,2.122864696659307,2.62658969535077,1.164363019574369
86.0,179.0,1227.2830810546875,-3.354440872352214,1.518038011237048,1.735013084374164,1.922073507050728,0.7507633733018497,-1.3425128850225485,-1.0765608891064755,2.1228653247675453,2.6265896953341565,1.1642039255100132
86.0,179.0,1227.2830810546875,-3.354440872352214,1.518038011237048,1.735013084374164,1.922073507050728,0.7507635196567846,-1.3425128850225485,-1.0765594161019931,2.122867916824672,2.6265896953688617,1.1642039255100132
86.0,179.0,1227.2857666015625,-3.3531833910312434,1.5180466758422555,1.7347475115024666,1.9217392611814164,0.7509254441344998,-1.3432705033378496,-1.076578763214782,2.122871049678324,2.626589695299748,1.1632293743502076
86.0,179.0,1227.2869873046875,-3.3531833910312434,1.5180466758422555,1.7347426484120991,1.921747290213832,0.750764200017683,-1.3432034871240133,-1.076578763214782,2.122871049678324,2.626589695299748,1.1632050578985795
86.0,179.0,1227.28759765625,-3.3673820897805107,1.517501494216324,1.7350287532856756,1.9208754502761745,0.7507633733018497,-1.343461602737164,-1.0802837217388208,2.122865366286529,2.626529224187033,1.164364187767547
86.0,179.0,1227.288330078125,-3.354384770441096,1.5175216917803116,1.7346567369503414,1.9211864951639763,0.7453170280554301,-1.342624198204588,-1.0803743114248332,2.1228632965696907,2.626589694743901,1.1633071332530311
86.0,179.0,1227.2894287109375,-3.3685729015952,1.517505966248926,1.7346226876368271,1.9208177436402905,0.750406659888568,-1.3425428907331582,-1.0802795120978288,2.122715088746442,2.62658969471963,1.1640646150215774
86.0,179.0,1227.2894287109375,-3.3685729015952,1.517505966248926,1.7346226876368271,1.9208177436402905,0.750406659888568,-1.3425428907331582,-1.0802795120978288,2.122715088746442,2.62658969471963,1.1640646150215774
86.0,179.0,1227.2894287109375,-3.3685729015952,1.517505966248926,1.7346226876368271,1.9208177436402905,0.750406659888568,-1.3425428907331582,-1.0802795120978288,2.122715088746442,2.62658969471963,1.1640646150215774
86.0,179.0,1227.294189453125,-3.3530305169474994,1.517500677385055,1.734618679902942,1.9211864951639763,0.7453170280554301,-1.342624198204588,-1.0803743114248332,2.1228632965696907,2.626589694743901,1.1633071332530311
86.0,179.0,1227.294189453125,-3.3685729015952,1.517501494216324,1.7346186798984289,1.92079513501324,0.7509314027703526,-1.343363423939414,-1.080285829692189,2.122871111399877,2.626589695298235,1.163172031322712
86.0,179.0,1227.2965087890625,-3.353030519321341,1.5175015129432077,1.7346186798915226,1.9217439791139963,0.7452641381449266,-1.3424397140866644,-1.0803793889851383,2.122871049678324,2.6265896953441765,1.163273550168837
86.0,179.0,1227.2984619140625,-3.3685729015952,1.5180325098677614,1.7346186813238182,1.9216608835746027,0.7501434925387704,-1.3424958091277952,-1.07987279217689,2.123005962256765,2.6265896966540234,1.163272851355979
86.0,179.0,1227.3006591796875,-3.3685729015952,1.517501494216324,1.7346186797585663,1.9208177436402905,0.7507633733018497,-1.343363423939414,-1.0802837217388208,2.122864738178291,2.6265896955475467,1.164363019574369
86.0,179.0,1227.3006591796875,-3.3685729015952,1.517501494216324,1.7346186797626155,1.9208160411661088,0.7507633733018497,-1.343363423939414,-1.080285815032219,2.1228647043308384,2.6265896955475467,1.164363019574369
86.0,180.0,1227.159423828125,-3.3527115663005387,1.5180545069107187,1.7347277488189072,1.9217439923012385,0.7503804104479364,-1.3424995827052844,-1.0803756069371968,2.122886010875563,2.6222989370483485,1.1656463377204869
86.0,180.0,1227.1597900390625,-3.3527115663005387,1.5180545069107187,1.735017705376925,1.921779843252744,0.7503804104479364,-1.342499819426462,-1.0803756069371968,2.122886010875563,2.6222989370483485,1.1656463377204869
86.0,180.0,1227.2142333984375,-3.3531833910312434,1.517479767683024,1.734751898595175,1.921673063888744,0.7509350924249959,-1.3424665873055552,-1.0831426339411343,2.122871049678324,2.626589695297424,1.1653161024533627
86.0,180.0,1227.220947265625,-3.3685729015952,1.517511888653238,1.7347277488189072,1.9216722491059304,0.7505738770930859,-1.342501927894442,-1.0803756069371968,2.122864898506049,2.6222989370483485,1.1631737397728528
86.0,180.0,1227.2264404296875,-3.36766520209304,1.517481628397742,1.7323119909721838,1.9217439973894348,0.7507644501628662,-1.342509687358158,-1.0803756069371968,2.122372013810474,2.6223725079052445,1.1647365167774415
86.0,180.0,1227.228271484375,-3.354509961454983,1.517501494216324,1.7350287532856756,1.9208177436402905,0.7507633733018497,-1.3425092400930358,-1.0802837217388208,2.122864738178291,2.626589695547785,1.164363019574369
86.0,180.0,1227.2283935546875,-3.354509961454983,1.517501494216324,1.7350287532856756,1.920848404519983,0.7507642178739036,-1.3425092400930358,-1.0802837217388208,2.122864738178291,2.62658969531463,1.164363019574369
86.0,180.0,1227.22900390625,-3.3536137722121806,1.5174796248481104,1.7345204485440011,1.9216285624576648,0.7509254441344998,-1.342509633311629,-1.0805889346090936,2.122891000953337,2.626589697446587,1.1639661595909851
86.0,180.0,1227.2291259765625,-3.3531833910312434,1.517479767683024,1.734751898595175,1.921673063888744,0.7509254441344998,-1.3424521557698732,-1.0803799654488433,2.122871049678324,2.626589695297424,1.1632293743502076
86.0,180.0,1227.2291259765625,-3.3531833910312434,1.517479767683024,1.734747478170778,1.921673063888744,0.7509254441344998,-1.3424521557698732,-1.0803799654488433,2.122871049678324,2.6265896952998515,1.1632293743502076
86.0,180.0,1227.22998046875,-3.354324376642321,1.5175011256838933,1.7346557790399642,1.920823876451882,0.7505782783686394,-1.342541071225565,-1.080283719585171,2.122863320557693,2.626589694791845,1.1640799901557075
86.0,180.0,1227.2303466796875,-3.354509961454983,1.517501494216324,1.735031957774502,1.920758798378538,0.7505786561041745,-1.3425092400930358,-1.08028440636512,2.122850666948618,2.62661118310272,1.164363019574369
86.0,180.0,1227.23095703125,-3.3685729015952,1.517505966248926,1.7325469109062992,1.920851581719852,0.750406659888568,-1.3425432076327757,-1.0802795120978288,2.122373748811378,2.6223194266358734,1.1640646150215774
86.0,180.0,1227.2322998046875,-3.354324376642321,1.5175216917803116,1.7346557790399642,1.9211742902321187,0.7505702572385057,-1.342541071225565,-1.0802835846402896,2.1228632965696907,2.626589694743901,1.1640978775200692
86.0,180.0,1227.232421875,-3.3531833910312434,1.5174796248481104,1.7346200457603915,1.9208105618861115,0.7509253271173532,-1.34336342626846,-1.0803799654488433,2.122871049705145,2.6265896952982284,1.1632293743502076
86.0,180.0,1227.2333984375,-3.3545103576315625,1.517501494216324,1.7350052915907686,1.921763714920792,0.7507633733018497,-1.3425092400930358,-1.0802837217388208,2.12286473971972,2.626589695547785,1.164363019574369
86.0,180.0,1227.2340087890625,-3.3685729015952,1.517505966248926,1.7321640199434367,1.9208194946852712,0.750406659888568,-1.3425432076327757,-1.0802837436655883,2.122349079555472,2.622485695726691,1.1640634435592336
86.0,180.0,1227.2359619140625,-3.3531833910312434,1.5174796248481104,1.7347475115024666,1.921673115172752,0.7509219588993143,-1.3432705033378496,-1.0803799654488433,2.122871049678324,2.626589695291992,1.163185595696923
86.0,180.0,1227.2359619140625,-3.3531833910312434,1.5174796248481104,1.7347475115024666,1.9216424030090515,0.7509245995624458,-1.3432705033378496,-1.0803799654488433,2.122871049678324,2.626589695532904,1.1632293743502076
86.0,180.0,1227.2362060546875,-3.3531833910312434,1.5174796248481104,1.7347475115024666,1.921673063888744,0.7509254441344998,-1.3432705033378496,-1.0803799654488433,2.122871049678324,2.626589695299748,1.1632293743502076
86.0,180.0,1227.2362060546875,-3.3531833910312434,1.5174796248481104,1.7347475115024666,1.921673063888744,0.7509254441344998,-1.3432705033378496,-1.0803799654488433,2.122871049678324,2.626589695299748,1.1632293743502076
86.0,180.0,1227.2362060546875,-3.3531833910312434,1.5174796248481104,1.7347475115024666,1.921673063888744,0.7509254441344998,-1.3432705033378496,-1.0803799654488433,2.122871049678324,2.626589695299748,1.1632293743502076
86.0,180.0,1227.236572265625,-3.3685729015952,1.5180545069107187,1.7347277488189072,1.9217439923012385,0.7505738770930859,-1.3424995827052844,-1.0803756069371968,2.122372013810474,2.6222989370483485,1.1647365167774415
86.0,180.0,1227.236572265625,-3.3685729015952,1.5180545069107187,1.7347277488189072,1.9217439923012385,0.7505738770930859,-1.3424995827052844,-1.0803756069371968,2.122372013810474,2.6222989370483485,1.1647365167774415
86.0,180.0,1227.236572265625,-3.3685729015952,1.5180545069107187,1.7347277488189072,1.9217439923012385,0.7505738770930859,-1.3424995827052844,-1.0803756069371968,2.122372013810474,2.6222989370483485,1.1647365167774415
86.0,180.0,1227.236572265625,-3.3685729015952,1.5180545069107187,1.7347277488189072,1.9217439923012385,0.7505738770930859,-1.3424995827052844,-1.0803756069371968,2.122372013810474,2.6222989370483485,1.1647365167774415
86.0,180.0,1227.236572265625,-3.3685729015952,1.5180545069107187,1.7347277488189072,1.9217439923012385,0.7505738770930859,-1.3424995827052844,-1.0803756069371968,2.122372013810474,2.6222989370483485,1.1647365167774415
86.0,180.0,1227.2366943359375,-3.3531833910312434,1.517500832197744,1.7347475115024666,1.921673063888744,0.7509254441344998,-1.3432705033378496,-1.0803799654488433,2.122871049678324,2.62658969530281,1.163307839033766
86.0,180.0,1227.23779296875,-3.351582773263948,1.5180379257469985,1.7346186814651532,1.921766006052685,0.7502098237810056,-1.3432270282490744,-1.1295328121824677,2.1229834568159167,2.626589694710559,1.1391322768484191
86.0,180.0,1227.2388916015625,-3.3685729015952,1.5180524416603407,1.7347277488189072,1.9217439923012385,0.75057450738885,-1.3424995827052844,-1.0802839282854362,2.122872451123347,2.6222989370483485,1.1649788045930622
86.0,180.0,1227.239501953125,-3.3545869140949667,1.517501494216324,1.7350287532856756,1.920818183928871,0.7505011203303562,-1.343413568187922,-1.0802837217388208,2.122864155239027,2.6265896953107584,1.164378447472025
86.0,180.0,1227.2401123046875,-3.3685729015952,1.518032594689657,1.7323893174576597,1.9216939457679136,0.7505276268755183,-1.3424995827052844,-1.08037984654367,2.122399483045191,2.6220949282373853,1.1647365167774415
86.0,180.0,1227.2423095703125,-3.3685729015952,1.518032594689657,1.7323893174576597,1.9217439973894348,0.7505738770930859,-1.3424995827052844,-1.0803756069371968,2.122372013810474,2.6222934971555416,1.1647365167774415
86.0,180.0,1227.2432861328125,-3.354016190819786,1.51748028686669,1.7346186797585663,1.9208177436402905,0.7505111734615616,-1.3433637500332685,-1.0802837217388208,2.122871089509987,2.626589695544485,1.164898774192053
86.0,180.0,1227.24365234375,-3.3531833910312434,1.5174796248481104,1.7347475115024666,1.9216940605681885,0.7510645272161687,-1.3432705033378496,-1.0803799654488433,2.122871049678324,2.62658969554906,1.164962424921253
86.0,180.0,1227.2440185546875,-3.354016190819786,1.517501494216324,1.7346186797585663,1.9208177436402905,0.7505111734615616,-1.3433637500332685,-1.0802837217388208,2.122871089509987,2.6265896955475467,1.1649772388756112
86.0,180.0,1227.24658203125,-3.352561913107923,1.5175125682413564,1.7347475257180351,1.9216960076725216,0.7510659306532189,-1.3432705033378496,-1.0803755063091005,2.122871049678324,2.626598258709578,1.164962424921253
86.0,180.0,1227.2493896484375,-3.355241487809241,1.518032594689657,1.7323893174576597,1.9216939782331828,0.7505276268755183,-1.3424995827052844,-1.08037984654367,2.122407458717844,2.6266779210307853,1.1647365167774415
86.0,180.0,1227.2493896484375,-3.352740266418869,1.517469144797733,1.7347475115024666,1.9216424030090515,0.7509245995624458,-1.3432686655255088,-1.080379982970674,2.1228858179993515,2.626589695532904,1.165476045074813
86.0,180.0,1227.250244140625,-3.355241487809241,1.518004774598861,1.7323893174576597,1.9216939782331828,0.7505255011896483,-1.3424992546286003,-1.0802783173133177,2.122407811872113,2.6266779210307853,1.1647601845181128
86.0,180.0,1227.2518310546875,-3.3685729015952,1.5180545069107187,1.7347289528300187,1.9217439923012385,0.7505778653132603,-1.3432671268274294,-1.0803799430027836,2.1223491565980184,2.6220735822868653,1.1647365167774415
86.0,180.0,1227.2552490234375,-3.353084669137583,1.5180380536449722,1.7346186796583096,1.920819833288942,0.7505111734615616,-1.3434948712577826,-1.0802801717668244,2.122871089509987,2.626589695516033,1.1650787956644064
86.0,180.0,1227.25732421875,-3.348102547038866,1.517501494216324,1.735411644248538,1.9208498306748707,0.7507633733018497,-1.3425093018334346,-1.080279490171061,2.122890035542435,2.626423426456022,1.1643641910367128
86.0,180.0,1227.2606201171875,-3.3647804313857543,1.517501494216324,1.734746145640504,1.9216576370158724,0.7509315197874994,-1.3432705010088035,-1.080285829692189,2.1228711113730565,2.626589695299755,1.163172031322712
86.0,180.0,1227.26220703125,-3.348102547038866,1.517501494216324,1.7350287532856756,1.9208177436402905,0.7507633733018497,-1.3425093018334346,-1.0802837217388208,2.122865366286529,2.62658969554684,1.164363019574369
86.0,180.0,1227.2635498046875,-3.351582773263948,1.5180379257469985,1.734618681326273,1.9209299720797184,0.7502194720715017,-1.3432414597847564,-1.132295480674759,2.1229834568159167,2.626589696593662,1.1412190049515745
86.0,180.0,1227.264404296875,-3.351582773263948,1.5180379257469985,1.7346186814651532,1.921766006052685,0.7502194720715017,-1.3432414597847564,-1.132295480674759,2.1229834568159167,2.626589694710559,1.1412190049515745
86.0,180.0,1227.2655029296875,-3.348102547038866,1.517521221291197,1.7324001276432377,1.9207464332166264,0.750585543669115,-1.3425093018334346,-1.0802837217388208,2.122865366286529,2.6265547207830977,1.164363019574369
86.0,180.0,1227.2684326171875,-3.368068715787207,1.518035375482194,1.732384784677626,1.920890940103357,0.7506752902211615,-1.342510863116115,-1.1050707719947197,2.1223736586474184,2.62658969744322,1.140293565279032
86.0,180.0,1227.2689208984375,-3.368068715787207,1.518035375482194,1.732384784677626,1.920890940103357,0.7506752902211615,-1.342510863116115,-1.1048242809597506,2.1223736586474184,2.62658969744322,1.140293565279032
86.0,181.0,1227.1348876953125,-3.354509961454983,1.517501494216324,1.7350334440237456,1.9207564412480969,0.7505737204713956,-1.3424990058159858,-1.080376290355898,2.122850666948618,2.622398911088758,1.164363019574369
86.0,181.0,1227.1527099609375,-3.3527115663005387,1.517490048126941,1.735017705376925,1.921779843252744,0.7505724163726295,-1.342499819426462,-1.0803756069371968,2.122886010875563,2.6222989370483485,1.1657101252773017
86.0,181.0,1227.159423828125,-3.3527115663005387,1.5180545069107187,1.7347277488189072,1.9217439923012385,0.7503804104479364,-1.3424995827052844,-1.0803756069371968,2.122886010875563,2.6222989370483485,1.1656463377204869
86.0,181.0,1227.1597900390625,-3.3527115663005387,1.5180545069107187,1.735017705376925,1.921779843252744,0.7503804104479364,-1.342499819426462,-1.0803756069371968,2.122886010875563,2.6222989370483485,1.1656463377204869
86.0,181.0,1227.2059326171875,-3.3528260054818726,1.5174772095074551,1.735411644248538,1.9208498306748707,0.7507615721725543,-1.3425098264789963,-1.083211140794326,2.1228903953227696,2.626595650166528,1.1643641910367128
86.0,181.0,1227.2142333984375,-3.3531833910312434,1.517479767683024,1.734751898595175,1.921673063888744,0.7509350924249959,-1.3424665873055552,-1.0831426339411343,2.122871049678324,2.626589695297424,1.1653161024533627
86.0,181.0,1227.220947265625,-3.3685729015952,1.517511888653238,1.7347277488189072,1.9216722491059304,0.7505738770930859,-1.342501927894442,-1.0803756069371968,2.122864898506049,2.6222989370483485,1.1631737397728528
86.0,181.0,1227.220947265625,-3.3685729015952,1.517511888653238,1.7347465654961485,1.9216722491059304,0.7505738770930859,-1.3425023553520825,-1.0803756069371968,2.122864898506049,2.6222989370483485,1.1631737397728528
86.0,181.0,1227.226318359375,-3.354460095335545,1.517501494216324,1.7344945839502388,1.920848404519983,0.7507642178739036,-1.3425092400930358,-1.0805841316762308,2.122864738178291,2.626589697195654,1.164363019574369
86.0,181.0,1227.2264404296875,-3.36766520209304,1.517481628397742,1.7323119909721838,1.9217439973894348,0.7507644501628662,-1.342509687358158,-1.0803756069371968,2.122372013810474,2.6223725079052445,1.1647365167774415
86.0,181.0,1227.2271728515625,-3.3531833910312434,1.517471868760796,1.7346328362873418,1.920836342263372,0.7509253271173532,-1.3425634176017107,-1.0803799654488433,2.122871049705145,2.6266403160268297,1.1632901037406178
86.0,181.0,1227.227783203125,-3.3542435851117887,1.5180574082815157,1.7323893174576597,1.9207355237011168,0.7505738770930859,-1.3424995827052844,-1.0803756069371968,2.122370331314885,2.6260559026602643,1.1643749529182763
86.0,181.0,1227.228271484375,-3.354509961454983,1.517501494216324,1.7350287532856756,1.9208177436402905,0.7507633733018497,-1.3425092400930358,-1.0802837217388208,2.122864738178291,2.626589695547785,1.164363019574369
86.0,181.0,1227.2283935546875,-3.354509961454983,1.517501494216324,1.7350287532856756,1.920848404519983,0.7507642178739036,-1.3425092400930358,-1.0802837217388208,2.122864738178291,2.62658969531463,1.164363019574369
86.0,181.0,1227.22900390625,-3.3536137722121806,1.5174796248481104,1.7345204485440011,1.9216285624576648,0.7509254441344998,-1.342509633311629,-1.0805889346090936,2.122891000953337,2.626589697446587,1.1639661595909851
86.0,181.0,1227.2291259765625,-3.3531833910312434,1.517479767683024,1.734751898595175,1.921673063888744,0.7509254441344998,-1.3424521557698732,-1.0803799654488433,2.122871049678324,2.626589695297424,1.1632293743502076
86.0,181.0,1227.2291259765625,-3.3531833910312434,1.517479767683024,1.734747478170778,1.921673063888744,0.7509254441344998,-1.3424521557698732,-1.0803799654488433,2.122871049678324,2.6265896952998515,1.1632293743502076
86.0,181.0,1227.2293701171875,-3.3531833910312434,1.5174796248481104,1.7347468109583306,1.9216424030090515,0.7509245995624458,-1.3425080275598704,-1.0803759887194309,2.122871049678324,2.626589695532904,1.1632293743502076
86.0,181.0,1227.22998046875,-3.354324376642321,1.5175011256838933,1.7346557790399642,1.920823876451882,0.7505782783686394,-1.342541071225565,-1.080283719585171,2.122863320557693,2.626589694791845,1.1640799901557075
86.0,181.0,1227.2303466796875,-3.354509961454983,1.517501494216324,1.735031957774502,1.920758798378538,0.7505786561041745,-1.3425092400930358,-1.08028440636512,2.122850666948618,2.62661118310272,1.164363019574369
86.0,181.0,1227.23095703125,-3.3685729015952,1.517505966248926,1.7325469109062992,1.920851581719852,0.750406659888568,-1.3425432076327757,-1.0802795120978288,2.122373748811378,2.6223194266358734,1.1640646150215774
86.0,181.0,1227.23095703125,-3.3685729015952,1.517505966248926,1.7325469109062992,1.920851581719852,0.750406659888568,-1.3425432076327757,-1.0802793549483751,2.122373748811378,2.6223182301011816,1.164064631464855
86.0,181.0,1227.2322998046875,-3.354324376642321,1.5175216917803116,1.7346557790399642,1.9211742902321187,0.7505702572385057,-1.342541071225565,-1.0802835846402896,2.1228632965696907,2.626589694743901,1.1640978775200692
86.0,181.0,1227.232421875,-3.3531833910312434,1.5174796248481104,1.7346200457603915,1.9208105618861115,0.7509253271173532,-1.34336342626846,-1.0803799654488433,2.122871049705145,2.6265896952982284,1.1632293743502076
86.0,181.0,1227.2333984375,-3.3545103576315625,1.517501494216324,1.7350052915907686,1.921763714920792,0.7507633733018497,-1.3425092400930358,-1.0802837217388208,2.12286473971972,2.626589695547785,1.164363019574369
86.0,181.0,1227.2340087890625,-3.3685729015952,1.517505966248926,1.7321640199434367,1.9208194946852712,0.750406659888568,-1.3425432076327757,-1.0802837436655883,2.122349079555472,2.622485695726691,1.1640634435592336
86.0,181.0,1227.234130859375,-3.3685729015952,1.517505966248926,1.7321640199434367,1.9208194946852712,0.750406659888568,-1.3425432076327757,-1.080283900815042,2.122349079555472,2.6224868922613824,1.1640634271159558
86.0,181.0,1227.2359619140625,-3.3531833910312434,1.5174796248481104,1.7347475115024666,1.921673115172752,0.7509219588993143,-1.3432705033378496,-1.0803799654488433,2.122871049678324,2.626589695291992,1.163185595696923
86.0,181.0,1227.2359619140625,-3.3531833910312434,1.5174796248481104,1.7347475115024666,1.9216424030090515,0.7509245995624458,-1.3432705033378496,-1.0803799654488433,2.122871049678324,2.626589695532904,1.1632293743502076
86.0,181.0,1227.2359619140625,-3.3531833910312434,1.5174796248481104,1.7347475115024666,1.921673063888744,0.7509254441344998,-1.3432705033378496,-1.0803799654488433,2.122871049678324,2.6265896952921537,1.1631856217469474
86.0,181.0,1227.2362060546875,-3.3531833910312434,1.5174796248481104,1.7347475115024666,1.921673063888744,0.7509254441344998,-1.3432705033378496,-1.0803799654488433,2.122871049678324,2.626589695299748,1.1632293743502076
86.0,181.0,1227.2362060546875,-3.3531833910312434,1.5174796248481104,1.7347475115024666,1.921673063888744,0.7509254441344998,-1.3432705033378496,-1.0803799654488433,2.122871049678324,2.626589695299748,1.1632293743502076
86.0,181.0,1227.2362060546875,-3.3531833910312434,1.5174796248481104,1.7347475115024666,1.921673063888744,0.7509254441344998,-1.3432705033378496,-1.0803799654488433,2.122871049678324,2.626589695299748,1.1632293743502076
86.0,181.0,1227.236572265625,-3.3685729015952,1.5180545069107187,1.7347277488189072,1.9217439923012385,0.7505738770930859,-1.3424995827052844,-1.0803756069371968,2.122372013810474,2.6222989370483485,1.1647365167774415
86.0,181.0,1227.236572265625,-3.3685729015952,1.5180545069107187,1.7347277488189072,1.9217439923012385,0.7505738770930859,-1.3424995827052844,-1.0803756069371968,2.122372013810474,2.6222989370483485,1.1647365167774415
86.0,181.0,1227.236572265625,-3.3685729015952,1.5180545069107187,1.7347277488189072,1.9217439923012385,0.7505738770930859,-1.3424995827052844,-1.0803756069371968,2.122372013810474,2.6222989370483485,1.1647365167774415
86.0,181.0,1227.236572265625,-3.3685729015952,1.5180545069107187,1.7347277488189072,1.9217439923012385,0.7505738770930859,-1.3424995827052844,-1.0803756069371968,2.122372013810474,2.6222989370483485,1.1647365167774415
86.0,181.0,1227.236572265625,-3.3685729015952,1.5180545069107187,1.7347277488189072,1.9217439923012385,0.7505738770930859,-1.3424995827052844,-1.0803756069371968,2.122372013810474,2.6222989370483485,1.1647365167774415
86.0,181.0,1227.236572265625,-3.3685729015952,1.5180545069107187,1.7347277488189072,1.9217439923012385,0.7505738770930859,-1.3424995827052844,-1.0803756069371968,2.122372013810474,2.6222989370483485,1.1647365167774415
86.0,181.0,1227.2366943359375,-3.3531833910312434,1.517500832197744,1.7347475115024666,1.921673063888744,0.7509254441344998,-1.3432705033378496,-1.0803799654488433,2.122871049678324,2.62658969530281,1.163307839033766
86.0,181.0,1227.23779296875,-3.351582773263948,1.5180379257469985,1.7346186814651532,1.921766006052685,0.7502098237810056,-1.3432270282490744,-1.1295328121824677,2.1229834568159167,2.626589694710559,1.1391322768484191
86.0,181.0,1227.2388916015625,-3.3685729015952,1.5180524416603407,1.7347277488189072,1.9217439923012385,0.75057450738885,-1.3424995827052844,-1.0802839282854362,2.122872451123347,2.6222989370483485,1.1649788045930622
86.0,181.0,1227.239501953125,-3.3545869140949667,1.517501494216324,1.7350287532856756,1.920818183928871,0.7505011203303562,-1.343413568187922,-1.0802837217388208,2.122864155239027,2.6265896953107584,1.164378447472025
86.0,181.0,1227.2401123046875,-3.3685729015952,1.518032594689657,1.7323893174576597,1.9216939457679136,0.7505276268755183,-1.3424995827052844,-1.08037984654367,2.122399483045191,2.6220949282373853,1.1647365167774415
86.0,181.0,1227.2403564453125,-3.352860427246452,1.5174796248481104,1.7347475115024666,1.9217423299367875,0.7509254441344998,-1.3424954509415616,-1.0803799654488433,2.1228724838432664,2.626589695299748,1.1651851874582748
86.0,181.0,1227.2412109375,-3.3688392779383944,1.517476680624465,1.735031957774502,1.9217672720668564,0.7505786561041745,-1.3425092400930358,-1.08028440636512,2.122852349444207,2.6228487775979974,1.1647245834335342
86.0,181.0,1227.2423095703125,-3.3685729015952,1.518032594689657,1.7323893174576597,1.9217439973894348,0.7505738770930859,-1.3424995827052844,-1.0803756069371968,2.122372013810474,2.6222934971555416,1.1647365167774415
86.0,181.0,1227.2432861328125,-3.354016190819786,1.51748028686669,1.7346186797585663,1.9208177436402905,0.7505111734615616,-1.3433637500332685,-1.0802837217388208,2.122871089509987,2.626589695544485,1.164898774192053
86.0,181.0,1227.24365234375,-3.3531833910312434,1.5174796248481104,1.7347475115024666,1.9216940605681885,0.7510645272161687,-1.3432705033378496,-1.0803799654488433,2.122871049678324,2.62658969554906,1.164962424921253
86.0,181.0,1227.2440185546875,-3.354016190819786,1.517501494216324,1.7346186797585663,1.9208177436402905,0.7505111734615616,-1.3433637500332685,-1.0802837217388208,2.122871089509987,2.6265896955475467,1.1649772388756112
86.0,182.0,1227.12939453125,-3.3527324988373515,1.5175131244999434,1.7347474984991975,1.9216730621461484,0.7509213697191048,-1.3425023553520825,-1.080375763651931,2.1228708937372884,2.6222989370483485,1.1631737397728528
86.0,182.0,1227.1348876953125,-3.354509961454983,1.517501494216324,1.7350334440237456,1.9207564412480969,0.7505737204713956,-1.3424990058159858,-1.080376290355898,2.122850666948618,2.622398911088758,1.164363019574369
86.0,182.0,1227.146484375,-3.352743572000831,1.517503218283275,1.735033847803206,1.9207564412480969,0.7505736870591242,-1.3424990058159858,-1.080376290355898,2.122850666948618,2.622398911088758,1.1656031976048928
86.0,182.0,1227.1527099609375,-3.3527115663005387,1.517490048126941,1.735017705376925,1.921779843252744,0.7505724163726295,-1.342499819426462,-1.0803756069371968,2.122886010875563,2.6222989370483485,1.1657101252773017
86.0,182.0,1227.1556396484375,-3.3539939804821124,1.5180572573237574,1.7323893174576597,1.9217241722559872,0.7505738770930859,-1.3424995827052844,-1.0803756069371968,2.122370294930128,2.6226349302694194,1.1647556694363363
86.0,182.0,1227.159423828125,-3.3527115663005387,1.5180545069107187,1.7347277488189072,1.9217439923012385,0.7503804104479364,-1.3424995827052844,-1.0803756069371968,2.122886010875563,2.6222989370483485,1.1656463377204869
86.0,182.0,1227.1597900390625,-3.3527115663005387,1.5180545069107187,1.735017705376925,1.921779843252744,0.7503804104479364,-1.342499819426462,-1.0803756069371968,2.122886010875563,2.6222989370483485,1.1656463377204869
86.0,182.0,1227.171630859375,-3.3527115663005387,1.5180545069107187,1.735017705376925,1.9216796105275349,0.7503804104479364,-1.3432050902819692,-1.0803799822466098,2.122886010875563,2.622342187341016,1.1656463377204869
86.0,182.0,1227.2030029296875,-3.354509961454983,1.517501494216324,1.7350287532856756,1.9208484098601053,0.7507642178739036,-1.342509839002868,-1.0830817226784928,2.122865343979082,2.6265896597813465,1.164363019574369
86.0,182.0,1227.2059326171875,-3.3528260054818726,1.5174772095074551,1.735411644248538,1.9208498306748707,0.7507615721725543,-1.3425098264789963,-1.083211140794326,2.1228903953227696,2.626595650166528,1.1643641910367128
86.0,182.0,1227.206298828125,-3.3528260054818726,1.5174772095074551,1.7350138278652447,1.9208498306748707,0.7507615721725543,-1.3425098264789963,-1.0832009634146704,2.1228903083712987,2.626595650166528,1.1643641910367128
86.0,182.0,1227.2142333984375,-3.3531833910312434,1.517479767683024,1.734751898595175,1.921673063888744,0.7509350924249959,-1.3424665873055552,-1.0831426339411343,2.122871049678324,2.626589695297424,1.1653161024533627
86.0,182.0,1227.220947265625,-3.3685729015952,1.517511888653238,1.7347277488189072,1.9216722491059304,0.7505738770930859,-1.342501927894442,-1.0803756069371968,2.122864898506049,2.6222989370483485,1.1631737397728528
86.0,182.0,1227.220947265625,-3.3685729015952,1.517511888653238,1.7347465654961485,1.9216722491059304,0.7505738770930859,-1.3425023553520825,-1.0803756069371968,2.122864898506049,2.6222989370483485,1.1631737397728528
86.0,182.0,1227.220947265625,-3.3685729015952,1.517511888653238,1.7347277488189072,1.9216722491059304,0.7505738770930859,-1.342501927894442,-1.0803756069371968,2.122864898506049,2.6222989370483485,1.1631737397728528
86.0,182.0,1227.2236328125,-3.3678166305996857,1.5174818010087998,1.7323357754796216,1.9217439973894348,0.7507644501628662,-1.342509687358158,-1.08038143324852,2.122372013810474,2.6223725079052445,1.1641086214858465
86.0,182.0,1227.2236328125,-3.354460095335545,1.517501494216324,1.7369679576802723,1.920848404519983,0.7507642178739036,-1.3425092400930358,-1.0805841316762308,2.1228649234656283,2.626589697195654,1.164363019574369
86.0,182.0,1227.2259521484375,-3.353216501601716,1.517479447298267,1.7350287532856756,1.9208184057422544,0.7507633733018497,-1.3425092400930358,-1.0803791099838542,2.122864738178291,2.6265896955489856,1.1632235209123447
86.0,182.0,1227.226318359375,-3.354460095335545,1.517501494216324,1.7344945839502388,1.920848404519983,0.7507642178739036,-1.3425092400930358,-1.0805841316762308,2.122864738178291,2.626589697195654,1.164363019574369
86.0,182.0,1227.2264404296875,-3.36766520209304,1.517481628397742,1.7323119909721838,1.9217439973894348,0.7507644501628662,-1.342509687358158,-1.0803756069371968,2.122372013810474,2.6223725079052445,1.1647365167774415
86.0,182.0,1227.2271728515625,-3.3531833910312434,1.517471868760796,1.7346328362873418,1.920836342263372,0.7509253271173532,-1.3425634176017107,-1.0803799654488433,2.122871049705145,2.6266403160268297,1.1632901037406178
86.0,182.0,1227.227783203125,-3.3542435851117887,1.5180574082815157,1.7323893174576597,1.9207355237011168,0.7505738770930859,-1.3424995827052844,-1.0803756069371968,2.122370331314885,2.6260559026602643,1.1643749529182763
86.0,182.0,1227.228271484375,-3.354509961454983,1.517501494216324,1.7350287532856756,1.9208177436402905,0.7507633733018497,-1.3425092400930358,-1.0802837217388208,2.122864738178291,2.626589695547785,1.164363019574369
86.0,182.0,1227.2283935546875,-3.354509961454983,1.517501494216324,1.7350287532856756,1.920848404519983,0.7507642178739036,-1.3425092400930358,-1.0802837217388208,2.122864738178291,2.62658969531463,1.164363019574369
86.0,182.0,1227.22900390625,-3.3536137722121806,1.5174796248481104,1.7345204485440011,1.9216285624576648,0.7509254441344998,-1.342509633311629,-1.0805889346090936,2.122891000953337,2.626589697446587,1.1639661595909851
86.0,182.0,1227.22900390625,-3.3685729015952,1.517505966248926,1.7321640199434367,1.9208108089169968,0.750406659888568,-1.3425432076327757,-1.0802837436655883,2.122349079555472,2.622528367083444,1.1632083294577311
86.0,182.0,1227.2291259765625,-3.3531833910312434,1.517479767683024,1.734751898595175,1.921673063888744,0.7509254441344998,-1.3424521557698732,-1.0803799654488433,2.122871049678324,2.626589695297424,1.1632293743502076
86.0,182.0,1227.2291259765625,-3.3531833910312434,1.517479767683024,1.734747478170778,1.921673063888744,0.7509254441344998,-1.3424521557698732,-1.0803799654488433,2.122871049678324,2.6265896952998515,1.1632293743502076
86.0,182.0,1227.2293701171875,-3.3531833910312434,1.5174796248481104,1.7347468109583306,1.9216424030090515,0.7509245995624458,-1.3425080275598704,-1.0803759887194309,2.122871049678324,2.626589695532904,1.1632293743502076
86.0,182.0,1227.22998046875,-3.354324376642321,1.5175011256838933,1.7346557790399642,1.920823876451882,0.7505782783686394,-1.342541071225565,-1.080283719585171,2.122863320557693,2.626589694791845,1.1640799901557075
86.0,182.0,1227.2301025390625,-3.354504970418931,1.5175216917803116,1.7346384443077318,1.9211742902321187,0.7507594479327788,-1.342541071225565,-1.0802837228051565,2.122864659059762,2.6265896952970693,1.1640989699953284
86.0,182.0,1227.230224609375,-3.354509961454983,1.517501494216324,1.7350243468861153,1.920758798378538,0.7505786561041745,-1.3425092400930358,-1.08028440636512,2.1228504816612803,2.62661118310272,1.164363019574369
86.0,182.0,1227.2303466796875,-3.354509961454983,1.517501494216324,1.735031957774502,1.920758798378538,0.7505786561041745,-1.3425092400930358,-1.08028440636512,2.122850666948618,2.62661118310272,1.164363019574369
86.0,182.0,1227.23095703125,-3.3685729015952,1.517505966248926,1.7325469109062992,1.920851581719852,0.750406659888568,-1.3425432076327757,-1.0802795120978288,2.122373748811378,2.6223194266358734,1.1640646150215774
86.0,182.0,1227.23095703125,-3.3685729015952,1.517505966248926,1.7325469109062992,1.920851581719852,0.750406659888568,-1.3425432076327757,-1.0802793549483751,2.122373748811378,2.6223182301011816,1.164064631464855
86.0,182.0,1227.2322998046875,-3.354324376642321,1.5175216917803116,1.7346557790399642,1.9211742902321187,0.7505702572385057,-1.342541071225565,-1.0802835846402896,2.1228632965696907,2.626589694743901,1.1640978775200692
86.0,182.0,1227.2322998046875,-3.3531833910312434,1.5174796248481104,1.7346200457603915,1.9208105618861115,0.7509253271173532,-1.343360241867041,-1.0803799654488433,2.1228710496785514,2.62658969529822,1.1632293743502076
86.0,182.0,1227.232421875,-3.3531833910312434,1.5174796248481104,1.7346200457603915,1.9208105618861115,0.7509253271173532,-1.34336342626846,-1.0803799654488433,2.122871049705145,2.6265896952982284,1.1632293743502076
86.0,182.0,1227.2333984375,-3.3545103576315625,1.517501494216324,1.7350052915907686,1.921763714920792,0.7507633733018497,-1.3425092400930358,-1.0802837217388208,2.12286473971972,2.626589695547785,1.164363019574369
86.0,182.0,1227.2335205078125,-3.3531833910312434,1.5175001832494028,1.7347475115024666,1.921673063888744,0.750588581884458,-1.3425619053757127,-1.0803799654488433,2.122871049678324,2.626589695299748,1.1632293743502076
86.0,182.0,1227.2340087890625,-3.3685729015952,1.517505966248926,1.7321640199434367,1.9208194946852712,0.750406659888568,-1.3425432076327757,-1.0802837436655883,2.122349079555472,2.622485695726691,1.1640634435592336
86.0,182.0,1227.234130859375,-3.3685729015952,1.517505966248926,1.7321640199434367,1.9208194946852712,0.750406659888568,-1.3425432076327757,-1.080283900815042,2.122349079555472,2.6224868922613824,1.1640634271159558
86.0,182.0,1227.234619140625,-3.353562527353007,1.5174924564779566,1.7345204485440011,1.9216285624576648,0.7503776579854806,-1.342509833462747,-1.0805889346090936,2.122891000953337,2.626589697446587,1.1639661595909851
86.0,182.0,1227.23583984375,-3.354172948135675,1.5175215191692537,1.734631994532526,1.9211742902321187,0.7505702572385057,-1.342541071225565,-1.0802777583289662,2.1228632965696907,2.626589694743901,1.1647257728116642
86.0,182.0,1227.2359619140625,-3.3531833910312434,1.5174796248481104,1.7347475115024666,1.921673115172752,0.7509219588993143,-1.3432705033378496,-1.0803799654488433,2.122871049678324,2.626589695291992,1.163185595696923
86.0,182.0,1227.2359619140625,-3.3531833910312434,1.5174796248481104,1.7347475115024666,1.9216424030090515,0.7509245995624458,-1.3432705033378496,-1.0803799654488433,2.122871049678324,2.626589695532904,1.1632293743502076
86.0,182.0,1227.2359619140625,-3.3531833910312434,1.5174796248481104,1.7347475115024666,1.921673063888744,0.7509254441344998,-1.3432705033378496,-1.0803799654488433,2.122871049678324,2.6265896952921537,1.1631856217469474
86.0,182.0,1227.2362060546875,-3.3531833910312434,1.5174796248481104,1.7347475115024666,1.921673063888744,0.7509254441344998,-1.3432705033378496,-1.0803799654488433,2.122871049678324,2.626589695299748,1.1632293743502076
86.0,182.0,1227.2362060546875,-3.3531833910312434,1.5174796248481104,1.7347475115024666,1.921673063888744,0.7509254441344998,-1.3432705033378496,-1.0803799654488433,2.122871049678324,2.626589695299748,1.1632293743502076
86.0,182.0,1227.2362060546875,-3.3531833910312434,1.5174796248481104,1.7347475115024666,1.921673063888744,0.7509254441344998,-1.3432705033378496,-1.0803799654488433,2.122871049678324,2.626589695299748,1.1632293743502076
86.0,183.0,1227.12353515625,-3.3527324988373515,1.5175131244999434,1.7347474984991975,1.9216730619723503,0.7509344388007891,-1.3425032162094588,-1.080375763651931,2.122871049496413,2.622003960097601,1.1631737397728528
86.0,183.0,1227.1285400390625,-3.3531861620254544,1.5174801339641824,1.735033847803206,1.9207564412480969,0.7505829445086661,-1.342499324487973,-1.0832801507818337,2.122850769367898,2.622398911088758,1.1656031976048928
86.0,183.0,1227.12939453125,-3.3527324988373515,1.5175131244999434,1.7347474984991975,1.9216730621461484,0.7509213697191048,-1.3425023553520825,-1.080375763651931,2.1228708937372884,2.6222989370483485,1.1631737397728528
86.0,183.0,1227.129638671875,-3.3528260054818726,1.5174772095074551,1.7354180361390197,1.9208497947361969,0.7507615721725543,-1.3425098320622737,-1.083211140794326,2.1228888719769343,2.622395659434842,1.1657102263656027
86.0,183.0,1227.134033203125,-3.3527115663005387,1.517490048126941,1.7347593418595255,1.921779843252744,0.7505732705808962,-1.342499819426462,-1.0803756069371968,2.1228712951437383,2.6222989370483485,1.1632952402375816
86.0,183.0,1227.1348876953125,-3.354509961454983,1.517501494216324,1.7350334440237456,1.9207564412480969,0.7505737204713956,-1.3424990058159858,-1.080376290355898,2.122850666948618,2.622398911088758,1.164363019574369
86.0,183.0,1227.146484375,-3.352743572000831,1.517503218283275,1.735033847803206,1.9207564412480969,0.7505736870591242,-1.3424990058159858,-1.080376290355898,2.122850666948618,2.622398911088758,1.1656031976048928
86.0,183.0,1227.147705078125,-3.3527324988373515,1.5175131244999434,1.735005862016597,1.9216730621461484,0.7509205155108382,-1.3425023553520825,-1.080375763651931,2.122885609469113,2.6222989370483485,1.1655886248125729
86.0,183.0,1227.1527099609375,-3.3527115663005387,1.517490048126941,1.735017705376925,1.921779843252744,0.7505724163726295,-1.342499819426462,-1.0803756069371968,2.122886010875563,2.6222989370483485,1.1657101252773017
86.0,183.0,1227.1556396484375,-3.3539939804821124,1.5180572573237574,1.7323893174576597,1.9217241722559872,0.7505738770930859,-1.3424995827052844,-1.0803756069371968,2.122370294930128,2.6226349302694194,1.1647556694363363
86.0,183.0,1227.158203125,-3.3526534594512847,1.5180573032605784,1.7347277488189072,1.9217439923012385,0.7505707593501934,-1.3424995827052844,-1.0803756069371968,2.122886010875563,2.6222989370483485,1.1657248796718107
86.0,183.0,1227.159423828125,-3.3527115663005387,1.5180545069107187,1.7347277488189072,1.9217439923012385,0.7503804104479364,-1.3424995827052844,-1.0803756069371968,2.122886010875563,2.6222989370483485,1.1656463377204869
86.0,183.0,1227.1597900390625,-3.3527115663005387,1.5180545069107187,1.735017705376925,1.921779843252744,0.7503804104479364,-1.342499819426462,-1.0803756069371968,2.122886010875563,2.6222989370483485,1.1656463377204869
86.0,183.0,1227.171630859375,-3.3527115663005387,1.5180545069107187,1.735017705376925,1.9216796105275349,0.7503804104479364,-1.3432050902819692,-1.0803799822466098,2.122886010875563,2.622342187341016,1.1656463377204869
86.0,183.0,1227.197998046875,-3.3542435851117887,1.5175297742991842,1.7323893174576597,1.9207355237011168,0.7505738770930859,-1.3424995827052844,-1.0828933519619683,2.12238946467834,2.6260559026602643,1.1643624183562171
86.0,183.0,1227.2030029296875,-3.354509961454983,1.517501494216324,1.7350287532856756,1.9208484098601053,0.7507642178739036,-1.342509839002868,-1.0830817226784928,2.122865343979082,2.6265896597813465,1.164363019574369
86.0,183.0,1227.2059326171875,-3.3528260054818726,1.5174772095074551,1.735411644248538,1.9208498306748707,0.7507615721725543,-1.3425098264789963,-1.083211140794326,2.1228903953227696,2.626595650166528,1.1643641910367128
86.0,183.0,1227.206298828125,-3.3528260054818726,1.5174772095074551,1.7350138278652447,1.9208498306748707,0.7507615721725543,-1.3425098264789963,-1.0832009634146704,2.1228903083712987,2.626595650166528,1.1643641910367128
86.0,183.0,1227.206298828125,-3.3528260054818726,1.5174772095074551,1.735057319328585,1.9208498306748707,0.7507617125975872,-1.3425098264789963,-1.0832009634146704,2.122863996161325,2.626595663109392,1.1643630105572764
86.0,183.0,1227.2142333984375,-3.3531833910312434,1.517479767683024,1.734751898595175,1.921673063888744,0.7509350924249959,-1.3424665873055552,-1.0831426339411343,2.122871049678324,2.626589695297424,1.1653161024533627
86.0,183.0,1227.220947265625,-3.3685729015952,1.517511888653238,1.7347277488189072,1.9216722491059304,0.7505738770930859,-1.342501927894442,-1.0803756069371968,2.122864898506049,2.6222989370483485,1.1631737397728528
86.0,183.0,1227.220947265625,-3.3685729015952,1.517511888653238,1.7347465654961485,1.9216722491059304,0.7505738770930859,-1.3425023553520825,-1.0803756069371968,2.122864898506049,2.6222989370483485,1.1631737397728528
86.0,183.0,1227.220947265625,-3.3685729015952,1.517511888653238,1.7347277488189072,1.9216722491059304,0.7505738770930859,-1.342501927894442,-1.0803756069371968,2.122864898506049,2.6222989370483485,1.1631737397728528
86.0,183.0,1227.2236328125,-3.3678166305996857,1.5174818010087998,1.7323357754796216,1.9217439973894348,0.7507644501628662,-1.342509687358158,-1.08038143324852,2.122372013810474,2.6223725079052445,1.1641086214858465
86.0,183.0,1227.2236328125,-3.354460095335545,1.517501494216324,1.7369679576802723,1.920848404519983,0.7507642178739036,-1.3425092400930358,-1.0805841316762308,2.1228649234656283,2.626589697195654,1.164363019574369
86.0,183.0,1227.224365234375,-3.3542474758160523,1.5174458226149594,1.7346328362873418,1.920836342263372,0.7509253271173532,-1.34256469218055,-1.080380008394007,2.1223022162124043,2.6266403160268297,1.1632919194535043
86.0,183.0,1227.2259521484375,-3.353216501601716,1.517479447298267,1.7350287532856756,1.9208184057422544,0.7507633733018497,-1.3425092400930358,-1.0803791099838542,2.122864738178291,2.6265896955489856,1.1632235209123447
86.0,183.0,1227.226318359375,-3.354460095335545,1.517501494216324,1.7344945839502388,1.920848404519983,0.7507642178739036,-1.3425092400930358,-1.0805841316762308,2.122864738178291,2.626589697195654,1.164363019574369
86.0,183.0,1227.2264404296875,-3.36766520209304,1.517481628397742,1.7323119909721838,1.9217439973894348,0.7507644501628662,-1.342509687358158,-1.0803756069371968,2.122372013810474,2.6223725079052445,1.1647365167774415
86.0,183.0,1227.2271728515625,-3.3531833910312434,1.517471868760796,1.7346328362873418,1.920836342263372,0.7509253271173532,-1.3425634176017107,-1.0803799654488433,2.122871049705145,2.6266403160268297,1.1632901037406178
86.0,183.0,1227.227783203125,-3.3542435851117887,1.5180574082815157,1.7323893174576597,1.9207355237011168,0.7505738770930859,-1.3424995827052844,-1.0803756069371968,2.122370331314885,2.6260559026602643,1.1643749529182763
86.0,183.0,1227.228271484375,-3.354509961454983,1.517501494216324,1.7350287532856756,1.9208177436402905,0.7507633733018497,-1.3425092400930358,-1.0802837217388208,2.122864738178291,2.626589695547785,1.164363019574369
86.0,183.0,1227.228271484375,-3.354509961454983,1.517501494216324,1.7350287532856756,1.9208177436402905,0.7507633733018497,-1.3425092400930358,-1.0802837217388208,2.122864738178291,2.626589695547785,1.164363019574369
86.0,183.0,1227.2283935546875,-3.354509961454983,1.517501494216324,1.7350287532856756,1.920848404519983,0.7507642178739036,-1.3425092400930358,-1.0802837217388208,2.122864738178291,2.62658969531463,1.164363019574369
86.0,183.0,1227.228515625,-3.354448708353841,1.5175059110355165,1.7350976174411843,1.920854091327379,0.7507633733018497,-1.3425092400930358,-1.0802837217388208,2.122862180153072,2.626589695547785,1.1643674535704671
86.0,183.0,1227.22900390625,-3.3536137722121806,1.5174796248481104,1.7345204485440011,1.9216285624576648,0.7509254441344998,-1.342509633311629,-1.0805889346090936,2.122891000953337,2.626589697446587,1.1639661595909851
86.0,183.0,1227.22900390625,-3.3685729015952,1.517505966248926,1.7321640199434367,1.9208108089169968,0.750406659888568,-1.3425432076327757,-1.0802837436655883,2.122349079555472,2.622528367083444,1.1632083294577311
86.0,183.0,1227.2291259765625,-3.3531833910312434,1.517479767683024,1.734751898595175,1.921673063888744,0.7509254441344998,-1.3424521557698732,-1.0803799654488433,2.122871049678324,2.626589695297424,1.1632293743502076
86.0,183.0,1227.2291259765625,-3.3531833910312434,1.517479767683024,1.734747478170778,1.921673063888744,0.7509254441344998,-1.3424521557698732,-1.0803799654488433,2.122871049678324,2.6265896952998515,1.1632293743502076
86.0,183.0,1227.2293701171875,-3.3531833910312434,1.5174796248481104,1.7347468109583306,1.9216424030090515,0.7509245995624458,-1.3425080275598704,-1.0803759887194309,2.122871049678324,2.626589695532904,1.1632293743502076
86.0,183.0,1227.22998046875,-3.354324376642321,1.5175011256838933,1.7346557790399642,1.920823876451882,0.7505782783686394,-1.342541071225565,-1.080283719585171,2.122863320557693,2.626589694791845,1.1640799901557075
86.0,183.0,1227.22998046875,-3.35317950032698,1.5180834544273518,1.7323893174576597,1.9207355237011168,0.7505738770930859,-1.342498308126445,-1.080375563992033,2.122939164807625,2.6260559026602643,1.1643731372053898
86.0,183.0,1227.2301025390625,-3.354504970418931,1.5175216917803116,1.7346384443077318,1.9211742902321187,0.7507594479327788,-1.342541071225565,-1.0802837228051565,2.122864659059762,2.6265896952970693,1.1640989699953284
86.0,183.0,1227.230224609375,-3.354509961454983,1.517501494216324,1.7350243468861153,1.920758798378538,0.7505786561041745,-1.3425092400930358,-1.08028440636512,2.1228504816612803,2.62661118310272,1.164363019574369
86.0,183.0,1227.2303466796875,-3.354509961454983,1.517501494216324,1.735031957774502,1.920758798378538,0.7505786561041745,-1.3425092400930358,-1.08028440636512,2.122850666948618,2.62661118310272,1.164363019574369
86.0,183.0,1227.23095703125,-3.3685729015952,1.517505966248926,1.7325469109062992,1.920851581719852,0.750406659888568,-1.3425432076327757,-1.0802795120978288,2.122373748811378,2.6223194266358734,1.1640646150215774
86.0,183.0,1227.23095703125,-3.3685729015952,1.517505966248926,1.7325469109062992,1.920851581719852,0.750406659888568,-1.3425432076327757,-1.0802793549483751,2.122373748811378,2.6223182301011816,1.164064631464855
86.0,183.0,1227.23095703125,-3.3685729015952,1.517505966248926,1.7325469109062992,1.9208510174076927,0.750406659888568,-1.3425432076327757,-1.0802795120978288,2.1223500849546184,2.6223187696489845,1.1640646150215774
86.0,183.0,1227.2322998046875,-3.354324376642321,1.5175216917803116,1.7346557790399642,1.9211742902321187,0.7505702572385057,-1.342541071225565,-1.0802835846402896,2.1228632965696907,2.626589694743901,1.1640978775200692
86.0,183.0,1227.2322998046875,-3.3531833910312434,1.5174796248481104,1.7346200457603915,1.9208105618861115,0.7509253271173532,-1.343360241867041,-1.0803799654488433,2.1228710496785514,2.62658969529822,1.1632293743502076
86.0,184.0,1227.10546875,-3.3528260054818726,1.5174772095074551,1.73505400102496,1.9208497947361969,0.7507615721725543,-1.3425098320622737,-1.083472871080999,2.122864834465781,2.622395659434842,1.163064031236024
86.0,184.0,1227.1107177734375,-3.3527324988373515,1.5175131244999434,1.734747715081155,1.9216730621461484,0.7509213697191048,-1.3425023553520825,-1.0830411165336864,2.122870892591543,2.6222989370483485,1.1630950180263984
86.0,184.0,1227.119873046875,-3.354509961454983,1.517501494216324,1.7324385610387347,1.9207351740288656,0.7505737204713956,-1.3424990058159858,-1.0828190539670453,2.122850666948618,2.622398911088758,1.164363019574369
86.0,184.0,1227.12353515625,-3.3527324988373515,1.5175131244999434,1.7347474984991975,1.9216730619723503,0.7509344388007891,-1.3425032162094588,-1.080375763651931,2.122871049496413,2.622003960097601,1.1631737397728528
86.0,184.0,1227.128173828125,-3.3530858601404283,1.5174772095074551,1.732315079168682,1.9209050364739075,0.7507615721725543,-1.3425096844432554,-1.083211140794326,2.1228888719769343,2.622395659434842,1.1656437915898454
86.0,184.0,1227.1285400390625,-3.3531861620254544,1.5174801339641824,1.735033847803206,1.9207564412480969,0.7505829445086661,-1.342499324487973,-1.0832801507818337,2.122850769367898,2.622398911088758,1.1656031976048928
86.0,184.0,1227.1290283203125,-3.352476598837001,1.5175102985019084,1.7350301535817996,1.920748322727352,0.7505738187574896,-1.3425019567505303,-1.0834162465669908,2.122863669835233,2.622399959479851,1.1656031976048928
86.0,184.0,1227.12939453125,-3.3527324988373515,1.5175131244999434,1.7347474984991975,1.9216730621461484,0.7509213697191048,-1.3425023553520825,-1.080375763651931,2.1228708937372884,2.6222989370483485,1.1631737397728528
86.0,184.0,1227.129638671875,-3.3528260054818726,1.5174772095074551,1.7354180361390197,1.9208497947361969,0.7507615721725543,-1.3425098320622737,-1.083211140794326,2.1228888719769343,2.622395659434842,1.1657102263656027
86.0,184.0,1227.134033203125,-3.3527115663005387,1.517490048126941,1.7347593418595255,1.921779843252744,0.7505732705808962,-1.342499819426462,-1.0803756069371968,2.1228712951437383,2.6222989370483485,1.1632952402375816
86.0,184.0,1227.134033203125,-3.3527115663005387,1.517490048126941,1.7347593418595255,1.921779843252744,0.7505732705808962,-1.342499819426462,-1.0803756069371968,2.1228712951437383,2.6222989370483485,1.1632952402375816
86.0,184.0,1227.1348876953125,-3.354509961454983,1.517501494216324,1.7350334440237456,1.9207564412480969,0.7505737204713956,-1.3424990058159858,-1.080376290355898,2.122850666948618,2.622398911088758,1.164363019574369
86.0,184.0,1227.14501953125,-3.352729731963844,1.5175253845989098,1.7352092648418884,1.921724260219011,0.7505738770930859,-1.3424995827052844,-1.0803756069371968,2.122352521507269,2.622328610694806,1.1647556694363363
86.0,184.0,1227.1453857421875,-3.352743572000831,1.517503218283275,1.735033847803206,1.9207564412480969,0.7507383452295671,-1.3424990058159858,-1.0802841171870994,2.122850666948618,2.622398911088758,1.1656031976048928
86.0,184.0,1227.146484375,-3.352743572000831,1.517503218283275,1.735033847803206,1.9207564412480969,0.7505736870591242,-1.3424990058159858,-1.080376290355898,2.122850666948618,2.622398911088758,1.1656031976048928
86.0,184.0,1227.147705078125,-3.3527324988373515,1.5175131244999434,1.735005862016597,1.9216730621461484,0.7509205155108382,-1.3425023553520825,-1.080375763651931,2.122885609469113,2.6222989370483485,1.1655886248125729
86.0,184.0,1227.1527099609375,-3.3527115663005387,1.517490048126941,1.735017705376925,1.921779843252744,0.7505724163726295,-1.342499819426462,-1.0803756069371968,2.122886010875563,2.6222989370483485,1.1657101252773017
86.0,184.0,1227.1534423828125,-3.352710476635583,1.5175131244999434,1.735005862016597,1.9216730621461484,0.7504043857091888,-1.3425023553520825,-1.0803800882071115,2.122885613947719,2.6222989370483485,1.165653441391322
86.0,184.0,1227.1556396484375,-3.3539939804821124,1.5180572573237574,1.7323893174576597,1.9217241722559872,0.7505738770930859,-1.3424995827052844,-1.0803756069371968,2.122370294930128,2.6226349302694194,1.1647556694363363
86.0,184.0,1227.157958984375,-3.353927395489841,1.5180545069107187,1.7324008491993597,1.9217241134183471,0.7503784300566678,-1.3424995827052844,-1.0803756069371968,2.122886010875563,2.6222989370483485,1.1656463377204869
86.0,184.0,1227.158203125,-3.3526534594512847,1.5180573032605784,1.7347277488189072,1.9217439923012385,0.7505707593501934,-1.3424995827052844,-1.0803756069371968,2.122886010875563,2.6222989370483485,1.1657248796718107
86.0,184.0,1227.158203125,-3.35399674735562,1.5180449972247907,1.7321859146323682,1.9216729741831244,0.7509205155108382,-1.3425023553520825,-1.080375763651931,2.122903382891972,2.6226052566229616,1.1655886248125729
86.0,184.0,1227.159423828125,-3.3527115663005387,1.5180545069107187,1.7347277488189072,1.9217439923012385,0.7503804104479364,-1.3424995827052844,-1.0803756069371968,2.122886010875563,2.6222989370483485,1.1656463377204869
86.0,184.0,1227.1597900390625,-3.3527115663005387,1.5180545069107187,1.735017705376925,1.921779843252744,0.7503804104479364,-1.342499819426462,-1.0803756069371968,2.122886010875563,2.6222989370483485,1.1656463377204869
86.0,184.0,1227.166015625,-3.352733588502306,1.5180545069107187,1.735017705376925,1.9216796105275349,0.7508965402495859,-1.3432050902819692,-1.0803756576914294,2.122886006396957,2.622342187341016,1.1655815211417375
86.0,184.0,1227.171630859375,-3.3527115663005387,1.5180545069107187,1.735017705376925,1.9216796105275349,0.7503804104479364,-1.3432050902819692,-1.0803799822466098,2.122886010875563,2.622342187341016,1.1656463377204869
86.0,184.0,1227.197998046875,-3.3542435851117887,1.5175297742991842,1.7323893174576597,1.9207355237011168,0.7505738770930859,-1.3424995827052844,-1.0828933519619683,2.12238946467834,2.6260559026602643,1.1643624183562171
86.0,184.0,1227.2030029296875,-3.354509961454983,1.517501494216324,1.7350287532856756,1.9208484098601053,0.7507642178739036,-1.342509839002868,-1.0830817226784928,2.122865343979082,2.6265896597813465,1.164363019574369
86.0,184.0,1227.2059326171875,-3.3528260054818726,1.5174772095074551,1.735411644248538,1.9208498306748707,0.7507615721725543,-1.3425098264789963,-1.083211140794326,2.1228903953227696,2.626595650166528,1.1643641910367128
86.0,184.0,1227.2060546875,-3.3528260054818726,1.5174772095074551,1.735411644248538,1.9208498306748707,0.7507615756693462,-1.3425098264789963,-1.0832009374706035,2.1228903953227696,2.626595650200357,1.1643642310910742
86.0,184.0,1227.2061767578125,-3.3528260054818726,1.5174772095074551,1.735057319328585,1.9208498306748707,0.7507617091007952,-1.3425098264789963,-1.0832111667383928,2.122863996161325,2.626595663075562,1.164362970502915
86.0,184.0,1227.206298828125,-3.3528260054818726,1.5174772095074551,1.7350138278652447,1.9208498306748707,0.7507615721725543,-1.3425098264789963,-1.0832009634146704,2.1228903083712987,2.626595650166528,1.1643641910367128
86.0,184.0,1227.206298828125,-3.3528260054818726,1.5174772095074551,1.735057319328585,1.9208498306748707,0.7507617125975872,-1.3425098264789963,-1.0832009634146704,2.122863996161325,2.626595663109392,1.1643630105572764
86.0,184.0,1227.2142333984375,-3.3531833910312434,1.517479767683024,1.734751898595175,1.921673063888744,0.7509350924249959,-1.3424665873055552,-1.0831426339411343,2.122871049678324,2.626589695297424,1.1653161024533627
86.0,184.0,1227.2142333984375,-3.3528240566128247,1.5180471888050926,1.7350287532856756,1.9208484098601053,0.7507642178739036,-1.342509839002868,-1.0830817226784928,2.122886674053333,2.6265896597813465,1.164363019574369
86.0,184.0,1227.220947265625,-3.3685729015952,1.517511888653238,1.7347277488189072,1.9216722491059304,0.7505738770930859,-1.342501927894442,-1.0803756069371968,2.122864898506049,2.6222989370483485,1.1631737397728528
86.0,184.0,1227.220947265625,-3.3685729015952,1.517511888653238,1.7347465654961485,1.9216722491059304,0.7505738770930859,-1.3425023553520825,-1.0803756069371968,2.122864898506049,2.6222989370483485,1.1631737397728528
86.0,184.0,1227.220947265625,-3.3685729015952,1.517511888653238,1.7347277488189072,1.9216722491059304,0.7505738770930859,-1.342501927894442,-1.0803756069371968,2.122864898506049,2.6222989370483485,1.1631737397728528
86.0,184.0,1227.221435546875,-3.354457513140177,1.517501494216324,1.7350334440237456,1.9208531994531068,0.7507677752664972,-1.3424990058159858,-1.080389850412123,2.122864712007322,2.626361359113577,1.164363019574369
86.0,184.0,1227.2236328125,-3.3678166305996857,1.5174818010087998,1.7323357754796216,1.9217439973894348,0.7507644501628662,-1.342509687358158,-1.08038143324852,2.122372013810474,2.6223725079052445,1.1641086214858465
86.0,184.0,1227.2236328125,-3.354460095335545,1.517501494216324,1.7369679576802723,1.920848404519983,0.7507642178739036,-1.3425092400930358,-1.0805841316762308,2.1228649234656283,2.626589697195654,1.164363019574369
86.0,184.0,1227.224365234375,-3.3542474758160523,1.5174458226149594,1.7346328362873418,1.920836342263372,0.7509253271173532,-1.34256469218055,-1.080380008394007,2.1223022162124043,2.6266403160268297,1.1632919194535043
86.0,184.0,1227.2259521484375,-3.353216501601716,1.517479447298267,1.7350287532856756,1.9208184057422544,0.7507633733018497,-1.3425092400930358,-1.0803791099838542,2.122864738178291,2.6265896955489856,1.1632235209123447
86.0,184.0,1227.226318359375,-3.354460095335545,1.517501494216324,1.7344945839502388,1.920848404519983,0.7507642178739036,-1.3425092400930358,-1.0805841316762308,2.122864738178291,2.626589697195654,1.164363019574369
86.0,184.0,1227.2264404296875,-3.36766520209304,1.517481628397742,1.7323119909721838,1.9217439973894348,0.7507644501628662,-1.342509687358158,-1.0803756069371968,2.122372013810474,2.6223725079052445,1.1647365167774415
86.0,184.0,1227.2271728515625,-3.3531833910312434,1.517471868760796,1.7346328362873418,1.920836342263372,0.7509253271173532,-1.3425634176017107,-1.0803799654488433,2.122871049705145,2.6266403160268297,1.1632901037406178
86.0,184.0,1227.227783203125,-3.3542435851117887,1.5180574082815157,1.7323893174576597,1.9207355237011168,0.7505738770930859,-1.3424995827052844,-1.0803756069371968,2.122370331314885,2.6260559026602643,1.1643749529182763
86.0,184.0,1227.228271484375,-3.354509961454983,1.517501494216324,1.7350287532856756,1.9208177436402905,0.7507633733018497,-1.3425092400930358,-1.0802837217388208,2.122864738178291,2.626589695547785,1.164363019574369
86.0,184.0,1227.228271484375,-3.354509961454983,1.517501494216324,1.7350287532856756,1.9208177436402905,0.7507633733018497,-1.3425092400930358,-1.0802837217388208,2.122864738178291,2.626589695547785,1.164363019574369
86.0,184.0,1227.2283935546875,-3.354509961454983,1.517501494216324,1.7350287532856756,1.920848404519983,0.7507642178739036,-1.3425092400930358,-1.0802837217388208,2.122864738178291,2.62658969531463,1.164363019574369
86.0,185.0,1227.1004638671875,-3.3532157766459507,1.5174801339641824,1.7347422254583926,1.9207564412480969,0.7505829445086661,-1.342499324487973,-1.0832801507818337,2.122850769367898,2.62196557569835,1.1631997851814602
86.0,185.0,1227.10546875,-3.3528260054818726,1.5174772095074551,1.73505400102496,1.9208497947361969,0.7507615721725543,-1.3425098320622737,-1.083472871080999,2.122864834465781,2.622395659434842,1.163064031236024
86.0,185.0,1227.10546875,-3.3528260054818726,1.5174772095074551,1.73505400102496,1.9208497947361969,0.7507615721725543,-1.3425098320622737,-1.083472871080999,2.122864834465781,2.622395659434842,1.163064031236024
86.0,185.0,1227.1107177734375,-3.3527324988373515,1.5175131244999434,1.734747715081155,1.9216730621461484,0.7509213697191048,-1.3425023553520825,-1.0830411165336864,2.122870892591543,2.6222989370483485,1.1630950180263984
86.0,185.0,1227.115966796875,-3.3542435851117887,1.5175108501493626,1.7323893174576597,1.920735812420984,0.7505738770930859,-1.3424995827052844,-1.0834164728011542,2.12238946467834,2.6223590601024127,1.1643739243633695
86.0,185.0,1227.119873046875,-3.354509961454983,1.517501494216324,1.7324385610387347,1.9207351740288656,0.7505737204713956,-1.3424990058159858,-1.0828190539670453,2.122850666948618,2.622398911088758,1.164363019574369
86.0,185.0,1227.12353515625,-3.3527324988373515,1.5175131244999434,1.7347474984991975,1.9216730619723503,0.7509344388007891,-1.3425032162094588,-1.080375763651931,2.122871049496413,2.622003960097601,1.1631737397728528
86.0,185.0,1227.128173828125,-3.3530858601404283,1.5174772095074551,1.732315079168682,1.9209050364739075,0.7507615721725543,-1.3425096844432554,-1.083211140794326,2.1228888719769343,2.622395659434842,1.1656437915898454
86.0,185.0,1227.12841796875,-3.3527324988373515,1.5175131244999434,1.734747715081155,1.9216730621461484,0.7509213860850917,-1.3425023553520825,-1.0804330597367189,2.122870892591543,2.6222989370483485,1.1630950180263984
86.0,185.0,1227.1285400390625,-3.3531861620254544,1.5174801339641824,1.735033847803206,1.9207564412480969,0.7505829445086661,-1.342499324487973,-1.0832801507818337,2.122850769367898,2.622398911088758,1.1656031976048928
86.0,185.0,1227.1290283203125,-3.352476598837001,1.5175102985019084,1.7350301535817996,1.920748322727352,0.7505738187574896,-1.3425019567505303,-1.0834162465669908,2.122863669835233,2.622399959479851,1.1656031976048928
86.0,185.0,1227.12939453125,-3.3527324988373515,1.5175131244999434,1.7347474984991975,1.9216730621461484,0.7509213697191048,-1.3425023553520825,-1.080375763651931,2.1228708937372884,2.6222989370483485,1.1631737397728528
86.0,185.0,1227.129638671875,-3.3528260054818726,1.5174772095074551,1.7354180361390197,1.9208497947361969,0.7507615721725543,-1.3425098320622737,-1.083211140794326,2.1228888719769343,2.622395659434842,1.1657102263656027
86.0,185.0,1227.1319580078125,-3.3528260054818726,1.5174815914172917,1.735039853609291,1.921705409828336,0.7507615721725543,-1.3425096875666644,-1.08039484605364,2.1228857261858463,2.622395476284105,1.163064031236024
86.0,185.0,1227.134033203125,-3.3527115663005387,1.517490048126941,1.7347593418595255,1.921779843252744,0.7505732705808962,-1.342499819426462,-1.0803756069371968,2.1228712951437383,2.6222989370483485,1.1632952402375816
86.0,185.0,1227.134033203125,-3.3527115663005387,1.517490048126941,1.7347593418595255,1.921779843252744,0.7505732705808962,-1.342499819426462,-1.0803756069371968,2.1228712951437383,2.6222989370483485,1.1632952402375816
86.0,185.0,1227.1348876953125,-3.354509961454983,1.517501494216324,1.7350334440237456,1.9207564412480969,0.7505737204713956,-1.3424990058159858,-1.080376290355898,2.122850666948618,2.622398911088758,1.164363019574369
86.0,185.0,1227.137939453125,-3.352710476635583,1.5175131244999434,1.735005862016597,1.9216730621461484,0.750404369343202,-1.3425023553520825,-1.0829881450040797,2.122885613947719,2.6222989370483485,1.165653441391322
86.0,185.0,1227.14013671875,-3.352803321141365,1.5180567305691788,1.7350542220904146,1.921779843252744,0.7505732705808962,-1.342499819426462,-1.0803756069371968,2.122887150777198,2.6222989370483485,1.1632952402375816
86.0,185.0,1227.14501953125,-3.352729731963844,1.5175253845989098,1.7352092648418884,1.921724260219011,0.7505738770930859,-1.3424995827052844,-1.0803756069371968,2.122352521507269,2.622328610694806,1.1647556694363363
86.0,185.0,1227.1451416015625,-3.352743572000831,1.5175014868591807,1.735033847803206,1.9207547294400744,0.7507640975655193,-1.3424990058159858,-1.0802841171870994,2.122850666948618,2.622398911088758,1.1656031976048928
86.0,185.0,1227.1453857421875,-3.352743572000831,1.517503218283275,1.735033847803206,1.9207564412480969,0.7507383452295671,-1.3424990058159858,-1.0802841171870994,2.122850666948618,2.622398911088758,1.1656031976048928
86.0,185.0,1227.146484375,-3.352743572000831,1.517503218283275,1.735033847803206,1.9207564412480969,0.7505736870591242,-1.3424990058159858,-1.080376290355898,2.122850666948618,2.622398911088758,1.1656031976048928
86.0,185.0,1227.1470947265625,-3.352732560471911,1.5175131244999434,1.7347474984991975,1.9216730621461484,0.7509213697191048,-1.342494377367227,-1.080375763651931,2.122885617803047,2.6222989370483485,1.1655503802880656
86.0,185.0,1227.147705078125,-3.3527324988373515,1.5175131244999434,1.735005862016597,1.9216730621461484,0.7509205155108382,-1.3425023553520825,-1.080375763651931,2.122885609469113,2.6222989370483485,1.1655886248125729
86.0,185.0,1227.1497802734375,-3.3540184912152013,1.5174984820187625,1.7323450709185493,1.9217241722559872,0.7505738770930859,-1.3424995816137677,-1.0803756069371968,2.1223753859547747,2.6226349302694194,1.1647556694363363
86.0,185.0,1227.1514892578125,-3.3530292772172454,1.517490048126941,1.735017705376925,1.921672902267212,0.7505724163726295,-1.342499819426462,-1.0803756069371968,2.122864787265517,2.6222989370483485,1.1657101252773017
86.0,185.0,1227.152099609375,-3.3527322035162985,1.517512895157439,1.735033847803206,1.921546584723293,0.7505736870591242,-1.3424990058159858,-1.0803757631355575,2.1228503916043,2.622398911088758,1.1656031976048928
86.0,185.0,1227.1527099609375,-3.3527115663005387,1.517490048126941,1.735017705376925,1.921779843252744,0.7505724163726295,-1.342499819426462,-1.0803756069371968,2.122886010875563,2.6222989370483485,1.1657101252773017
86.0,185.0,1227.1534423828125,-3.352710476635583,1.5175131244999434,1.735005862016597,1.9216730621461484,0.7504043857091888,-1.3425023553520825,-1.0803800882071115,2.122885613947719,2.6222989370483485,1.165653441391322
86.0,185.0,1227.1556396484375,-3.3539939804821124,1.5180572573237574,1.7323893174576597,1.9217241722559872,0.7505738770930859,-1.3424995827052844,-1.0803756069371968,2.122370294930128,2.6226349302694194,1.1647556694363363
86.0,185.0,1227.157958984375,-3.353927395489841,1.5180545069107187,1.7324008491993597,1.9217241134183471,0.7503784300566678,-1.3424995827052844,-1.0803756069371968,2.122886010875563,2.6222989370483485,1.1656463377204869
86.0,185.0,1227.158203125,-3.3526534594512847,1.5180573032605784,1.7347277488189072,1.9217439923012385,0.7505707593501934,-1.3424995827052844,-1.0803756069371968,2.122886010875563,2.6222989370483485,1.1657248796718107
86.0,185.0,1227.158203125,-3.35399674735562,1.5180449972247907,1.7321859146323682,1.9216729741831244,0.7509205155108382,-1.3425023553520825,-1.080375763651931,2.122903382891972,2.6226052566229616,1.1655886248125729
86.0,185.0,1227.158203125,-3.3526534594512847,1.5180573032605784,1.7347277488189072,1.9217441393722168,0.7505724516977188,-1.3424995956304544,-1.0803756069371968,2.122886010875563,2.6222989370483485,1.1657102386633107
86.0,185.0,1227.1593017578125,-3.3527115663005387,1.5180457689700322,1.7347478815820112,1.9217439923012385,0.7503804104479364,-1.3424994586821313,-1.0803756069371968,2.122886010875563,2.6222989370483485,1.1656463377204869
86.0,185.0,1227.159423828125,-3.3527115663005387,1.5180545069107187,1.7347277488189072,1.9217439923012385,0.7503804104479364,-1.3424995827052844,-1.0803756069371968,2.122886010875563,2.6222989370483485,1.1656463377204869
86.0,185.0,1227.1597900390625,-3.3527115663005387,1.5180545069107187,1.735017705376925,1.921779843252744,0.7503804104479364,-1.342499819426462,-1.0803756069371968,2.122886010875563,2.6222989370483485,1.1656463377204869
86.0,185.0,1227.166015625,-3.352733588502306,1.5180545069107187,1.735017705376925,1.9216796105275349,0.7508965402495859,-1.3432050902819692,-1.0803756576914294,2.122886006396957,2.622342187341016,1.1655815211417375
86.0,185.0,1227.171630859375,-3.3527115663005387,1.5180545069107187,1.735017705376925,1.9216796105275349,0.7503804104479364,-1.3432050902819692,-1.0803799822466098,2.122886010875563,2.622342187341016,1.1656463377204869
86.0,185.0,1227.1820068359375,-3.353954157711092,1.4853395979928208,1.7346927038474147,1.9216722491059304,0.7505738770930859,-1.3424989457811878,-1.0803756069371968,2.122865310095603,2.6224014393082773,1.1643481261047786
86.0,185.0,1227.197998046875,-3.3542435851117887,1.5175297742991842,1.7323893174576597,1.9207355237011168,0.7505738770930859,-1.3424995827052844,-1.0828933519619683,2.12238946467834,2.6260559026602643,1.1643624183562171
86.0,185.0,1227.197998046875,-3.3542435851117887,1.5175297742991842,1.7323893174576597,1.9207355237011168,0.7505738770930859,-1.3424995827052844,-1.0828933519619683,2.12238946467834,2.6260559026602643,1.1643624183562171
86.0,185.0,1227.2030029296875,-3.354509961454983,1.517501494216324,1.7350287532856756,1.9208484098601053,0.7507642178739036,-1.342509839002868,-1.0830817226784928,2.122865343979082,2.6265896597813465,1.164363019574369
86.0,185.0,1227.2059326171875,-3.3528260054818726,1.5174772095074551,1.735411644248538,1.9208498306748707,0.7507615721725543,-1.3425098264789963,-1.083211140794326,2.1228903953227696,2.626595650166528,1.1643641910367128
86.0,185.0,1227.2060546875,-3.3528260054818726,1.5174772095074551,1.735411644248538,1.9208498306748707,0.7507615756693462,-1.3425098264789963,-1.0832009374706035,2.1228903953227696,2.626595650200357,1.1643642310910742
86.0,185.0,1227.2061767578125,-3.3528260054818726,1.5174772095074551,1.735057319328585,1.9208498306748707,0.7507617091007952,-1.3425098264789963,-1.0832111667383928,2.122863996161325,2.626595663075562,1.164362970502915
86.0,185.0,1227.206298828125,-3.3528260054818726,1.5174772095074551,1.7350138278652447,1.9208498306748707,0.7507615721725543,-1.3425098264789963,-1.0832009634146704,2.1228903083712987,2.626595650166528,1.1643641910367128
86.0,185.0,1227.206298828125,-3.3528260054818726,1.5174772095074551,1.735057319328585,1.9208498306748707,0.7507617125975872,-1.3425098264789963,-1.0832009634146704,2.122863996161325,2.626595663109392,1.1643630105572764
86.0,185.0,1227.2142333984375,-3.3531833910312434,1.517479767683024,1.734751898595175,1.921673063888744,0.7509350924249959,-1.3424665873055552,-1.0831426339411343,2.122871049678324,2.626589695297424,1.1653161024533627
86.0,186.0,1227.10009765625,-3.353205367958868,1.5175128887557503,1.7347424539037235,1.9207564412480969,0.7505829445086661,-1.342499324487973,-1.0832801507818337,2.122850769367898,2.62196557569835,1.1631038576730155
86.0,186.0,1227.1004638671875,-3.3532157766459507,1.5174801339641824,1.7347422254583926,1.9207564412480969,0.7505829445086661,-1.342499324487973,-1.0832801507818337,2.122850769367898,2.62196557569835,1.1631997851814602
86.0,186.0,1227.1004638671875,-3.3532157766459507,1.5174801339641824,1.7347422254583926,1.9207564412480969,0.7505829445086661,-1.342499324487973,-1.0832801507818337,2.122850769367898,2.62196557569835,1.1631997851814602
86.0,186.0,1227.1053466796875,-3.3528260054818726,1.5174772095074551,1.73505400102496,1.9208371428416489,0.7507578582949006,-1.3425098320622737,-1.083472871080999,2.1228710811839147,2.622391701582643,1.163064031236024
86.0,186.0,1227.10546875,-3.3528260054818726,1.5174772095074551,1.73505400102496,1.9208497947361969,0.7507615721725543,-1.3425098320622737,-1.083472871080999,2.122864834465781,2.622395659434842,1.163064031236024
86.0,186.0,1227.10546875,-3.3528260054818726,1.5174772095074551,1.73505400102496,1.9208497947361969,0.7507615721725543,-1.3425098320622737,-1.083472871080999,2.122864834465781,2.622395659434842,1.163064031236024
86.0,186.0,1227.10546875,-3.3528260054818726,1.5174764288199734,1.73505400102496,1.9208497947361969,0.7507615721725543,-1.3424995391019936,-1.083472871080999,2.123060805814588,2.622395930853406,1.163064031236024
86.0,186.0,1227.106201171875,-3.3527324988373515,1.517510959174727,1.734747715081155,1.9207159018988724,0.7506013562111061,-1.3425023581673672,-1.0830953497259368,2.122870892591543,2.622295654755689,1.1630053938820666
86.0,186.0,1227.10791015625,-3.3527324988373515,1.5175131244999434,1.734747715081155,1.9216730621461484,0.7509236231986752,-1.3425019871333752,-1.0834996202513083,2.122870892591543,2.6222989370483485,1.1630950180263984
86.0,186.0,1227.1107177734375,-3.3527324988373515,1.5175131244999434,1.734747715081155,1.9216730621461484,0.7509213697191048,-1.3425023553520825,-1.0830411165336864,2.122870892591543,2.6222989370483485,1.1630950180263984
86.0,186.0,1227.115966796875,-3.3542435851117887,1.5175108501493626,1.7323893174576597,1.920735812420984,0.7505738770930859,-1.3424995827052844,-1.0834164728011542,2.12238946467834,2.6223590601024127,1.1643739243633695
86.0,186.0,1227.117919921875,-3.354484451737228,1.517501494216324,1.7324385610387347,1.920718661499365,0.7505737204713956,-1.3424995928148873,-1.0828283510321746,2.1228486340715262,2.6223017275911054,1.164363019574369
86.0,186.0,1227.119873046875,-3.354509961454983,1.517501494216324,1.7324385610387347,1.9207351740288656,0.7505737204713956,-1.3424990058159858,-1.0828190539670453,2.122850666948618,2.622398911088758,1.164363019574369
86.0,186.0,1227.12353515625,-3.3527324988373515,1.5175131244999434,1.7347474984991975,1.9216730619723503,0.7509344388007891,-1.3425032162094588,-1.080375763651931,2.122871049496413,2.622003960097601,1.1631737397728528
86.0,186.0,1227.1268310546875,-3.352743572000831,1.5175014868591807,1.735033847803206,1.920748360164838,0.7507640975655193,-1.3425019479007392,-1.0834121080602632,2.1228509500374457,2.622398897976403,1.1656031976048928
86.0,186.0,1227.1278076171875,-3.353078873848597,1.5174772095074551,1.732315079168682,1.920852421556272,0.7507615721725543,-1.342510523628757,-1.083211140794326,2.122885696433844,2.622395659434842,1.1656437915898454
86.0,186.0,1227.128173828125,-3.3530858601404283,1.5174772095074551,1.732315079168682,1.9209050364739075,0.7507615721725543,-1.3425096844432554,-1.083211140794326,2.1228888719769343,2.622395659434842,1.1656437915898454
86.0,186.0,1227.12841796875,-3.3527324988373515,1.5175131244999434,1.734747715081155,1.9216730621461484,0.7509213860850917,-1.3425023553520825,-1.0804330597367189,2.122870892591543,2.6222989370483485,1.1630950180263984
86.0,186.0,1227.1285400390625,-3.3531861620254544,1.5174801339641824,1.735033847803206,1.9207564412480969,0.7505829445086661,-1.342499324487973,-1.0832801507818337,2.122850769367898,2.622398911088758,1.1656031976048928
86.0,186.0,1227.1290283203125,-3.352476598837001,1.5175102985019084,1.7350301535817996,1.920748322727352,0.7505738187574896,-1.3425019567505303,-1.0834162465669908,2.122863669835233,2.622399959479851,1.1656031976048928
86.0,186.0,1227.12939453125,-3.3527324988373515,1.5175131244999434,1.7347474984991975,1.9216730621461484,0.7509213697191048,-1.3425023553520825,-1.080375763651931,2.1228708937372884,2.6222989370483485,1.1631737397728528
86.0,186.0,1227.129638671875,-3.3528260054818726,1.5174772095074551,1.7354180361390197,1.9208497947361969,0.7507615721725543,-1.3425098320622737,-1.083211140794326,2.1228888719769343,2.622395659434842,1.1657102263656027
86.0,186.0,1227.130859375,-3.3527117070530466,1.5175131244999434,1.7347578731595643,1.921777408254919,0.7509213697191048,-1.3424995020628083,-1.080375763651931,2.1228708937372884,2.6222989370483485,1.163292121763861
86.0,186.0,1227.1319580078125,-3.3528260054818726,1.5174815914172917,1.735039853609291,1.921705409828336,0.7507615721725543,-1.3425096875666644,-1.08039484605364,2.1228857261858463,2.622395476284105,1.163064031236024
86.0,186.0,1227.132080078125,-3.3528260054818726,1.5174815914172917,1.7350400294368995,1.921705409828336,0.7507573824887388,-1.3425096875666644,-1.08039484605364,2.1228854443931104,2.622396195975724,1.163064031236024
86.0,186.0,1227.134033203125,-3.3527115663005387,1.517490048126941,1.7347593418595255,1.921779843252744,0.7505732705808962,-1.342499819426462,-1.0803756069371968,2.1228712951437383,2.6222989370483485,1.1632952402375816
86.0,186.0,1227.134033203125,-3.3527115663005387,1.517490048126941,1.7347593418595255,1.921779843252744,0.7505732705808962,-1.342499819426462,-1.0803756069371968,2.1228712951437383,2.6222989370483485,1.1632952402375816
86.0,186.0,1227.1343994140625,-3.3539870631088062,1.517518451330246,1.7321359338913145,1.9216726297823647,0.7509344388007891,-1.3425032162094588,-1.0803757671276926,2.122871049496413,2.622003960097601,1.1647345618104314
86.0,186.0,1227.1348876953125,-3.354509961454983,1.517501494216324,1.7350334440237456,1.9207564412480969,0.7505737204713956,-1.3424990058159858,-1.080376290355898,2.122850666948618,2.622398911088758,1.164363019574369
86.0,186.0,1227.1365966796875,-3.3542435851117887,1.5175130154745793,1.7323893174576597,1.92169297266826,0.7508939069670716,-1.3424995798899997,-1.080754182811936,2.12238946467834,2.622362342395072,1.164463548507701
86.0,186.0,1227.137939453125,-3.352710476635583,1.5175131244999434,1.735005862016597,1.9216730621461484,0.750404369343202,-1.3425023553520825,-1.0829881450040797,2.122885613947719,2.6222989370483485,1.165653441391322
86.0,186.0,1227.13818359375,-3.352717462927414,1.5175131244999434,1.735005862016597,1.921725677063784,0.750404369343202,-1.3425015161665814,-1.0829881450040797,2.1228887894908093,2.6222989370483485,1.165653441391322
86.0,186.0,1227.14013671875,-3.352803321141365,1.5180567305691788,1.7350542220904146,1.921779843252744,0.7505732705808962,-1.342499819426462,-1.0803756069371968,2.122887150777198,2.6222989370483485,1.1632952402375816
86.0,186.0,1227.14208984375,-3.3525992655569774,1.5175263271784245,1.7350335545179056,1.9217439923012385,0.7505707593501934,-1.3424995827052844,-1.0803756069371968,2.122886010875563,2.6222989370483485,1.1643755250661405
86.0,186.0,1227.14501953125,-3.352729731963844,1.5175253845989098,1.7352092648418884,1.921724260219011,0.7505738770930859,-1.3424995827052844,-1.0803756069371968,2.122352521507269,2.622328610694806,1.1647556694363363
86.0,186.0,1227.1451416015625,-3.352743572000831,1.5175014868591807,1.735033847803206,1.9207547294400744,0.7507640975655193,-1.3424990058159858,-1.0802841171870994,2.122850666948618,2.622398911088758,1.1656031976048928
86.0,186.0,1227.1453857421875,-3.352743572000831,1.517503218283275,1.735033847803206,1.9207564412480969,0.7507383452295671,-1.3424990058159858,-1.0802841171870994,2.122850666948618,2.622398911088758,1.1656031976048928
86.0,186.0,1227.1456298828125,-3.3527394162106576,1.5180519304934543,1.7350008820655427,1.9217246044459724,0.7505738770930859,-1.3424995827052844,-1.0803756034614356,2.122370294930128,2.6226349302694194,1.163194847398758
86.0,186.0,1227.146484375,-3.352743572000831,1.517503218283275,1.735033847803206,1.9207564412480969,0.7505736870591242,-1.3424990058159858,-1.080376290355898,2.122850666948618,2.622398911088758,1.1656031976048928
86.0,186.0,1227.1470947265625,-3.352732560471911,1.5175131244999434,1.7347474984991975,1.9216730621461484,0.7509213697191048,-1.342494377367227,-1.080375763651931,2.122885617803047,2.6222989370483485,1.1655503802880656
86.0,186.0,1227.1470947265625,-3.352732560471911,1.5175131244999434,1.7347474984991975,1.9216730621461484,0.7509213697191048,-1.342494377367227,-1.080375763651931,2.122885617803047,2.6222989370483485,1.1655503802880656
86.0,186.0,1227.147705078125,-3.3527324988373515,1.5175131244999434,1.735005862016597,1.9216730621461484,0.7509205155108382,-1.3425023553520825,-1.080375763651931,2.122885609469113,2.6222989370483485,1.1655886248125729
86.0,186.0,1227.1488037109375,-3.3545308871791657,1.5180573032605784,1.7347277488189072,1.920616806311488,0.7505706137633398,-1.3424996147200343,-1.0803756069371968,2.122886010875563,2.6222998931105552,1.1657248796718107
86.0,186.0,1227.1497802734375,-3.3540184912152013,1.5174984820187625,1.7323450709185493,1.9217241722559872,0.7505738770930859,-1.3424995816137677,-1.0803756069371968,2.1223753859547747,2.6226349302694194,1.1647556694363363
86.0,186.0,1227.1513671875,-3.3530292772172454,1.517490048126941,1.7350175295493164,1.921672902267212,0.7505766060564449,-1.342499819426462,-1.0803756069371968,2.122865069058253,2.62229821735673,1.1657101252773017
86.0,186.0,1227.1514892578125,-3.3530292772172454,1.517490048126941,1.735017705376925,1.921672902267212,0.7505724163726295,-1.342499819426462,-1.0803756069371968,2.122864787265517,2.6222989370483485,1.1657101252773017
86.0,186.0,1227.1517333984375,-3.3527061179546704,1.517512532813738,1.7350174231610118,1.9216730687280328,0.7505681763889239,-1.3424997822493707,-1.0803800882071115,2.122885613947719,2.6222989370483485,1.165653441391322
86.0,186.0,1227.152099609375,-3.3527322035162985,1.517512895157439,1.735033847803206,1.921546584723293,0.7505736870591242,-1.3424990058159858,-1.0803757631355575,2.1228503916043,2.622398911088758,1.1656031976048928
86.0,186.0,1227.1527099609375,-3.3527115663005387,1.517490048126941,1.735017705376925,1.921779843252744,0.7505724163726295,-1.342499819426462,-1.0803756069371968,2.122886010875563,2.6222989370483485,1.1657101252773017
86.0,186.0,1227.1534423828125,-3.352710476635583,1.5175131244999434,1.735005862016597,1.9216730621461484,0.7504043857091888,-1.3425023553520825,-1.0803800882071115,2.122885613947719,2.6222989370483485,1.165653441391322
86.0,187.0,1227.10009765625,-3.353205367958868,1.5175128887557503,1.7347424539037235,1.9207564412480969,0.7505829445086661,-1.342499324487973,-1.0832801507818337,2.122850769367898,2.62196557569835,1.1631038576730155
86.0,187.0,1227.1004638671875,-3.3532157766459507,1.5174801339641824,1.7347422254583926,1.9207564412480969,0.7505829445086661,-1.342499324487973,-1.0832801507818337,2.122850769367898,2.62196557569835,1.1631997851814602
86.0,187.0,1227.1004638671875,-3.3532157766459507,1.5174801339641824,1.7347422254583926,1.9207564412480969,0.7505829445086661,-1.342499324487973,-1.0832801507818337,2.122850769367898,2.62196557569835,1.1631997851814602
86.0,187.0,1227.1004638671875,-3.3532056373162487,1.5174801339641824,1.7347424531389164,1.9207564412480969,0.7505829445086661,-1.342499324487973,-1.0832801507818337,2.122850769367898,2.62196557569835,1.1631943430562444
86.0,187.0,1227.1041259765625,-3.352827785398779,1.517513200885684,1.735005102395289,1.9208497947361969,0.7507615721725543,-1.3425098320622737,-1.083472871080999,2.122889250495246,2.6222990185657618,1.163064031236024
86.0,187.0,1227.1053466796875,-3.3528260054818726,1.5174772095074551,1.73505400102496,1.9208371428416489,0.7507578582949006,-1.3425098320622737,-1.083472871080999,2.1228710811839147,2.622391701582643,1.163064031236024
86.0,187.0,1227.1053466796875,-3.3528260054818726,1.5174772095074551,1.73505400102496,1.920849748007752,0.7507615721725543,-1.3425098320622737,-1.083472871080999,2.1228648102392,2.622391725903246,1.163064031236024
86.0,187.0,1227.10546875,-3.3528260054818726,1.5174772095074551,1.73505400102496,1.9208497947361969,0.7507615721725543,-1.3425098320622737,-1.083472871080999,2.122864834465781,2.622395659434842,1.163064031236024
86.0,187.0,1227.10546875,-3.3528260054818726,1.5174772095074551,1.73505400102496,1.9208497947361969,0.7507615721725543,-1.3425098320622737,-1.083472871080999,2.122864834465781,2.622395659434842,1.163064031236024
86.0,187.0,1227.10546875,-3.3528260054818726,1.5174764288199734,1.73505400102496,1.9208497947361969,0.7507615721725543,-1.3424995391019936,-1.083472871080999,2.123060805814588,2.622395930853406,1.163064031236024
86.0,187.0,1227.10546875,-3.352708778213397,1.5174900317096247,1.7347593418595255,1.920749509748088,0.750584462212017,-1.3425094349229627,-1.0836458306087122,2.1228712951437383,2.6222989370483485,1.1632952402375816
86.0,187.0,1227.10546875,-3.3528260054818726,1.5174772095074551,1.73505400102496,1.9208497947361969,0.7507615721725543,-1.3425097335962837,-1.0834748371626666,2.1228648568512303,2.622395659434842,1.163062729108021
86.0,187.0,1227.10546875,-3.3528260054818726,1.5174772095074551,1.73505400102496,1.920837189570093,0.7507578582949006,-1.3425098320622737,-1.083472871080999,2.1228711054104954,2.622395635114239,1.163064031236024
86.0,187.0,1227.105712890625,-3.3542435851117887,1.5175108681218223,1.7323988423054204,1.9207129149128173,0.7505738770930859,-1.3425020052225998,-1.083500549544874,2.122398958694081,2.6223590601024127,1.1631504906247128
86.0,187.0,1227.106201171875,-3.3527324988373515,1.517510959174727,1.734747715081155,1.9207159018988724,0.7506013562111061,-1.3425023581673672,-1.0830953497259368,2.122870892591543,2.622295654755689,1.1630053938820666
86.0,187.0,1227.10791015625,-3.3527324988373515,1.5175131244999434,1.734747715081155,1.9216730621461484,0.7509236231986752,-1.3425019871333752,-1.0834996202513083,2.122870892591543,2.6222989370483485,1.1630950180263984
86.0,187.0,1227.1092529296875,-3.3527324988373515,1.517510959174727,1.734747715081155,1.9207159018988724,0.7506014319095288,-1.3425024554547604,-1.082903261437028,2.1228503187632057,2.6223943938930367,1.1630053938820666
86.0,187.0,1227.109375,-3.3527324988373515,1.5175131244999434,1.734747715081155,1.9216730621461484,0.7509213854617666,-1.3425023553520825,-1.0832579116327992,2.122870892591543,2.6222989370483485,1.1630950180263984
86.0,187.0,1227.1107177734375,-3.3527324988373515,1.5175131244999434,1.734747715081155,1.9216730621461484,0.7509213697191048,-1.3425023553520825,-1.0830411165336864,2.122870892591543,2.6222989370483485,1.1630950180263984
86.0,187.0,1227.1107177734375,-3.3527324988373515,1.51751316917505,1.7350409048703102,1.9216730621461484,0.7509213697191048,-1.3424998546658076,-1.0830411165336864,2.123059640828376,2.6222936584446086,1.1630614677925604
86.0,187.0,1227.115966796875,-3.3542435851117887,1.5175108501493626,1.7323893174576597,1.920735812420984,0.7505738770930859,-1.3424995827052844,-1.0834164728011542,2.12238946467834,2.6223590601024127,1.1643739243633695
86.0,187.0,1227.117919921875,-3.354484451737228,1.517501494216324,1.7324385610387347,1.920718661499365,0.7505737204713956,-1.3424995928148873,-1.0828283510321746,2.1228486340715262,2.6223017275911054,1.164363019574369
86.0,187.0,1227.119873046875,-3.354509961454983,1.517501494216324,1.7324385610387347,1.9207351740288656,0.7505737204713956,-1.3424990058159858,-1.0828190539670453,2.122850666948618,2.622398911088758,1.164363019574369
86.0,187.0,1227.12353515625,-3.3527324988373515,1.5175131244999434,1.7347474984991975,1.9216730619723503,0.7509344388007891,-1.3425032162094588,-1.080375763651931,2.122871049496413,2.622003960097601,1.1631737397728528
86.0,187.0,1227.124755859375,-3.3527594430213985,1.517481526539353,1.732315079168682,1.920866531642477,0.7507615721725543,-1.3425020943066177,-1.0836171140727395,2.1228709823776124,2.622395659434842,1.1655289788753918
86.0,187.0,1227.126708984375,-3.352729731963844,1.5175253845989098,1.735205282573309,1.921724260219011,0.7505830047445343,-1.3424993189782208,-1.0833819745372173,2.122841795513333,2.622328610694806,1.1647556694363363
86.0,187.0,1227.1268310546875,-3.352743572000831,1.5175014868591807,1.735033847803206,1.920748360164838,0.7507640975655193,-1.3425019479007392,-1.0834121080602632,2.1228509500374457,2.622398897976403,1.1656031976048928
86.0,187.0,1227.1268310546875,-3.3532218638415805,1.5175131244999434,1.7347475438809872,1.9217455538621169,0.7505723460993188,-1.3425031427286616,-1.0802798414093449,2.122871049496413,2.6219666562685564,1.1631737397728528
86.0,187.0,1227.1278076171875,-3.353078873848597,1.5174772095074551,1.732315079168682,1.920852421556272,0.7507615721725543,-1.342510523628757,-1.083211140794326,2.122885696433844,2.622395659434842,1.1656437915898454
86.0,187.0,1227.128173828125,-3.3530858601404283,1.5174772095074551,1.732315079168682,1.9209050364739075,0.7507615721725543,-1.3425096844432554,-1.083211140794326,2.1228888719769343,2.622395659434842,1.1656437915898454
86.0,187.0,1227.12841796875,-3.3527324988373515,1.5175131244999434,1.734747715081155,1.9216730621461484,0.7509213860850917,-1.3425023553520825,-1.0804330597367189,2.122870892591543,2.6222989370483485,1.1630950180263984
86.0,187.0,1227.1285400390625,-3.3531861620254544,1.5174801339641824,1.735033847803206,1.9207564412480969,0.7505829445086661,-1.342499324487973,-1.0832801507818337,2.122850769367898,2.622398911088758,1.1656031976048928
86.0,187.0,1227.128662109375,-3.3528260054818726,1.517477110038563,1.7350468250616469,1.9207640634249763,0.7507615721725543,-1.3425098320622737,-1.083211140794326,2.1228535697385795,2.622395827686685,1.1657102263656027
86.0,187.0,1227.1290283203125,-3.352476598837001,1.5175102985019084,1.7350301535817996,1.920748322727352,0.7505738187574896,-1.3425019567505303,-1.0834162465669908,2.122863669835233,2.622399959479851,1.1656031976048928
86.0,187.0,1227.12939453125,-3.3527324988373515,1.5175131244999434,1.7347474984991975,1.9216730621461484,0.7509213697191048,-1.3425023553520825,-1.080375763651931,2.1228708937372884,2.6222989370483485,1.1631737397728528
86.0,187.0,1227.12939453125,-3.3531861620254544,1.5174802334330748,1.7354050588805785,1.9208421725593168,0.7505829445086661,-1.342499324487973,-1.0832801507818337,2.1228860716062523,2.622398742836915,1.1656031976048928
86.0,187.0,1227.129638671875,-3.3528260054818726,1.5174772095074551,1.7354180361390197,1.9208497947361969,0.7507615721725543,-1.3425098320622737,-1.083211140794326,2.1228888719769343,2.622395659434842,1.1657102263656027
86.0,187.0,1227.130126953125,-3.3527324988373515,1.5175131244999434,1.734747715081155,1.9216730621461484,0.7509213703424299,-1.3425023553520825,-1.080216264637606,2.122870892591543,2.6222989370483485,1.1630950180263984
86.0,187.0,1227.130615234375,-3.3527115663005387,1.517490048126941,1.7347593418595255,1.921779843252744,0.7509214747229646,-1.342499819426462,-1.0803756069371968,2.1228709079305474,2.6222989370483485,1.1632952402375816
86.0,187.0,1227.130859375,-3.3527117070530466,1.5175131244999434,1.7347578731595643,1.921777408254919,0.7509213697191048,-1.3424995020628083,-1.080375763651931,2.1228708937372884,2.6222989370483485,1.163292121763861
86.0,187.0,1227.130859375,-3.3527117070530466,1.5175131244999434,1.7347578731595643,1.921777408254919,0.7509213697191048,-1.3424995020628083,-1.080375763651931,2.1228708937372884,2.6222989370483485,1.163292121763861
86.0,187.0,1227.1317138671875,-3.3527324988373515,1.5175131244999434,1.734747715081155,1.9216730621461484,0.7505731819430234,-1.3425023553520825,-1.0804330597367189,2.122871279804734,2.6222989370483485,1.1630950180263984
86.0,187.0,1227.1319580078125,-3.3528260054818726,1.5174815914172917,1.735039853609291,1.921705409828336,0.7507615721725543,-1.3425096875666644,-1.08039484605364,2.1228857261858463,2.622395476284105,1.163064031236024
86.0,187.0,1227.132080078125,-3.3528260054818726,1.5174815914172917,1.7350400294368995,1.921705409828336,0.7507573824887388,-1.3425096875666644,-1.08039484605364,2.1228854443931104,2.622396195975724,1.163064031236024
86.0,187.0,1227.134033203125,-3.3527115663005387,1.517490048126941,1.7347593418595255,1.921779843252744,0.7505732705808962,-1.342499819426462,-1.0803756069371968,2.1228712951437383,2.6222989370483485,1.1632952402375816
86.0,187.0,1227.134033203125,-3.3527115663005387,1.517490048126941,1.7347593418595255,1.921779843252744,0.7505732705808962,-1.342499819426462,-1.0803756069371968,2.1228712951437383,2.6222989370483485,1.1632952402375816
86.0,187.0,1227.1343994140625,-3.3539870631088062,1.517518451330246,1.7321359338913145,1.9216726297823647,0.7509344388007891,-1.3425032162094588,-1.0803757671276926,2.122871049496413,2.622003960097601,1.1647345618104314
86.0,187.0,1227.1348876953125,-3.354509961454983,1.517501494216324,1.7350334440237456,1.9207564412480969,0.7505737204713956,-1.3424990058159858,-1.080376290355898,2.122850666948618,2.622398911088758,1.164363019574369
86.0,187.0,1227.1365966796875,-3.3542435851117887,1.5175130154745793,1.7323893174576597,1.92169297266826,0.7508939069670716,-1.3424995798899997,-1.080754182811936,2.12238946467834,2.622362342395072,1.164463548507701
86.0,187.0,1227.137939453125,-3.352710476635583,1.5175131244999434,1.735005862016597,1.9216730621461484,0.750404369343202,-1.3425023553520825,-1.0829881450040797,2.122885613947719,2.6222989370483485,1.165653441391322
86.0,188.0,1227.05224609375,-3.352715882647232,1.5175128887557503,1.7347476848289154,1.9207892138316736,0.7578107799700403,-1.342499324487973,-1.0832880604506736,2.122850769367898,2.62196557569835,1.1630946710641
86.0,188.0,1227.091552734375,-3.354338441818389,1.5175108579028125,1.7323948777767746,1.9174543685510432,0.7505737285858065,-1.342502485844828,-1.082903261437028,2.1228503187632057,2.6223943938930367,1.1630053938820666
86.0,188.0,1227.0989990234375,-3.3528208366862287,1.517480206869512,1.7347422254583926,1.9207564412480969,0.7507617940923866,-1.342499324487973,-1.0832801507818337,2.122865875656396,2.62196557569835,1.1631997851814602
86.0,188.0,1227.10009765625,-3.353205367958868,1.5175128887557503,1.7347424539037235,1.9207564412480969,0.7505829445086661,-1.342499324487973,-1.0832801507818337,2.122850769367898,2.62196557569835,1.1631038576730155
86.0,188.0,1227.1004638671875,-3.3532157766459507,1.5174801339641824,1.7347422254583926,1.9207564412480969,0.7505829445086661,-1.342499324487973,-1.0832801507818337,2.122850769367898,2.62196557569835,1.1631997851814602
86.0,188.0,1227.1004638671875,-3.3532157766459507,1.5174801339641824,1.7347422254583926,1.9207564412480969,0.7505829445086661,-1.342499324487973,-1.0832801507818337,2.122850769367898,2.62196557569835,1.1631997851814602
86.0,188.0,1227.1004638671875,-3.3532056373162487,1.5174801339641824,1.7347424531389164,1.9207564412480969,0.7505829445086661,-1.342499324487973,-1.0832801507818337,2.122850769367898,2.62196557569835,1.1631943430562444
86.0,188.0,1227.1004638671875,-3.3532157766459507,1.5174801339641824,1.7347422254583926,1.9207564412480969,0.7505829445086661,-1.342499324487973,-1.0832801507818337,2.122850769367898,2.62196557569835,1.1631997851814602
86.0,188.0,1227.1041259765625,-3.352827785398779,1.517513200885684,1.735005102395289,1.9208497947361969,0.7507615721725543,-1.3425098320622737,-1.083472871080999,2.122889250495246,2.6222990185657618,1.163064031236024
86.0,188.0,1227.1041259765625,-3.352827785398779,1.517513200885684,1.735005102395289,1.9208497947361969,0.7507615721725543,-1.3425098320622737,-1.083472871080999,2.122889250495246,2.6222990185657618,1.163064031236024
86.0,188.0,1227.1041259765625,-3.352708778213397,1.5174900317096247,1.734759543240033,1.920749509748088,0.750584462212017,-1.3425094349229627,-1.0836458306087122,2.122851232345268,2.6222989370483485,1.163103246153122
86.0,188.0,1227.1053466796875,-3.3528260054818726,1.5174772095074551,1.73505400102496,1.9208371428416489,0.7507578582949006,-1.3425098320622737,-1.083472871080999,2.1228710811839147,2.622391701582643,1.163064031236024
86.0,188.0,1227.1053466796875,-3.3528260054818726,1.5174772095074551,1.73505400102496,1.920849748007752,0.7507615721725543,-1.3425098320622737,-1.083472871080999,2.1228648102392,2.622391725903246,1.163064031236024
86.0,188.0,1227.1053466796875,-3.3528260054818726,1.5174772095074551,1.73505400102496,1.920849748179464,0.7507615721725543,-1.3425098284056542,-1.083472871080999,2.1228648558418386,2.622391725903246,1.163064031236024
86.0,188.0,1227.1053466796875,-3.3528260054818726,1.5174772095074551,1.73505400102496,1.9208371428416489,0.7507578582949006,-1.3425098320622737,-1.083472871080999,2.1228710811839147,2.622391701582643,1.163064031236024
86.0,188.0,1227.10546875,-3.3528260054818726,1.5174772095074551,1.73505400102496,1.9208497947361969,0.7507615721725543,-1.3425098320622737,-1.083472871080999,2.122864834465781,2.622395659434842,1.163064031236024
86.0,188.0,1227.10546875,-3.3528260054818726,1.5174772095074551,1.73505400102496,1.9208497947361969,0.7507615721725543,-1.3425098320622737,-1.083472871080999,2.122864834465781,2.622395659434842,1.163064031236024
86.0,188.0,1227.10546875,-3.3528260054818726,1.5174764288199734,1.73505400102496,1.9208497947361969,0.7507615721725543,-1.3424995391019936,-1.083472871080999,2.123060805814588,2.622395930853406,1.163064031236024
86.0,188.0,1227.10546875,-3.352708778213397,1.5174900317096247,1.7347593418595255,1.920749509748088,0.750584462212017,-1.3425094349229627,-1.0836458306087122,2.1228712951437383,2.6222989370483485,1.1632952402375816
86.0,188.0,1227.10546875,-3.3528260054818726,1.5174772095074551,1.73505400102496,1.9208497947361969,0.7507615721725543,-1.3425097335962837,-1.0834748371626666,2.1228648568512303,2.622395659434842,1.163062729108021
86.0,188.0,1227.10546875,-3.3528260054818726,1.5174772095074551,1.73505400102496,1.920837189570093,0.7507578582949006,-1.3425098320622737,-1.083472871080999,2.1228711054104954,2.622395635114239,1.163064031236024
86.0,188.0,1227.10546875,-3.3528260054818726,1.5174772095074551,1.73505400102496,1.9208497947361969,0.7507615721725543,-1.3425098320622737,-1.083472871080999,2.122864834465781,2.622395659434842,1.163064031236024
86.0,188.0,1227.10546875,-3.3528260054818726,1.5174772095074551,1.73505400102496,1.920849794564485,0.7507615721725543,-1.342509737252903,-1.0834748371626666,2.122864811248592,2.622395659434842,1.163062729108021
86.0,188.0,1227.10546875,-3.3528260054818726,1.517477204951232,1.73505400102496,1.9208504889267568,0.7507617269399394,-1.342500077644012,-1.083472871080999,2.123060805814588,2.622395957875877,1.163064031236024
86.0,188.0,1227.105712890625,-3.3542435851117887,1.5175108681218223,1.7323988423054204,1.9207129149128173,0.7505738770930859,-1.3425020052225998,-1.083500549544874,2.122398958694081,2.6223590601024127,1.1631504906247128
86.0,188.0,1227.106201171875,-3.3527324988373515,1.517510959174727,1.734747715081155,1.9207159018988724,0.7506013562111061,-1.3425023581673672,-1.0830953497259368,2.122870892591543,2.622295654755689,1.1630053938820666
86.0,188.0,1227.106201171875,-3.352738927648834,1.517512331180732,1.734747715081155,1.9207159018988724,0.7506013562111061,-1.3425023581673672,-1.0831006662768543,2.12287125764234,2.622295654755689,1.1630053938820666
86.0,188.0,1227.106201171875,-3.352723128752796,1.517510959174727,1.7346197422136875,1.9207159018988724,0.7506013562111061,-1.3425023581673672,-1.0830953497259368,2.122870892591543,2.622295654755689,1.1630053938820666
86.0,188.0,1227.1064453125,-3.3528260054818726,1.5174768949220574,1.73505400102496,1.9207378770897388,0.7505715160056547,-1.3425101652610352,-1.0834829659731873,2.1228500215935058,2.622395659434842,1.1630537945287374
86.0,188.0,1227.107666015625,-3.352733427902624,1.5175128640268305,1.734759351570969,1.9216730621461484,0.7509213860850917,-1.3425091954749293,-1.083576323958013,2.1228712895636344,2.6222989370483485,1.1630950180263984
86.0,188.0,1227.1077880859375,-3.3532056373162487,1.5174801339641824,1.73502721246553,1.9207564412480969,0.7505829445086661,-1.342499324487973,-1.0832801507818337,2.122850769367898,2.6224149968693777,1.1631092798566849
86.0,188.0,1227.10791015625,-3.3527324988373515,1.5175131244999434,1.734747715081155,1.9216730621461484,0.7509236231986752,-1.3425019871333752,-1.0834996202513083,2.122870892591543,2.6222989370483485,1.1630950180263984
86.0,188.0,1227.1092529296875,-3.3527324988373515,1.517510959174727,1.734747715081155,1.9207159018988724,0.7506014319095288,-1.3425024554547604,-1.082903261437028,2.1228503187632057,2.6223943938930367,1.1630053938820666
86.0,188.0,1227.109375,-3.3527324988373515,1.5175131244999434,1.734747715081155,1.9216730621461484,0.7509213854617666,-1.3425023553520825,-1.0832579116327992,2.122870892591543,2.6222989370483485,1.1630950180263984
86.0,188.0,1227.109375,-3.3527324988373515,1.5175140952779504,1.7350455280225774,1.921639737724772,0.7509228228541677,-1.342502296982262,-1.0832579116327992,2.122870938888162,2.6222989370483485,1.1630950180263984
86.0,188.0,1227.110107421875,-3.353221984148987,1.5175131244999434,1.734742484155963,1.9216402895625715,0.7509213697191048,-1.3425023553520825,-1.0830332068648465,2.122870892591543,2.6222989370483485,1.1631042046353142
86.0,188.0,1227.1107177734375,-3.3527324988373515,1.5175131244999434,1.734747715081155,1.9216730621461484,0.7509213697191048,-1.3425023553520825,-1.0830411165336864,2.122870892591543,2.6222989370483485,1.1630950180263984
86.0,188.0,1227.1107177734375,-3.3527324988373515,1.51751316917505,1.7350409048703102,1.9216730621461484,0.7509213697191048,-1.3424998546658076,-1.0830411165336864,2.123059640828376,2.6222936584446086,1.1630614677925604
86.0,188.0,1227.113037109375,-3.3542509747006863,1.51751308577229,1.735025067673645,1.920735812420984,0.7509055883974116,-1.3424995827052844,-1.0834140784311614,2.12238946467834,2.6223590601024127,1.1643739243633695
86.0,188.0,1227.1151123046875,-3.354483883510751,1.5174772095074551,1.7325761662493755,1.9208507565561657,0.7505730395455116,-1.3424992155241684,-1.0834748371626666,2.1228648568512303,2.622300189647797,1.16439012743708
86.0,188.0,1227.115966796875,-3.3542435851117887,1.5175108501493626,1.7323893174576597,1.920735812420984,0.7505738770930859,-1.3424995827052844,-1.0834164728011542,2.12238946467834,2.6223590601024127,1.1643739243633695
86.0,188.0,1227.117919921875,-3.354484451737228,1.517501494216324,1.7324385610387347,1.920718661499365,0.7505737204713956,-1.3424995928148873,-1.0828283510321746,2.1228486340715262,2.6223017275911054,1.164363019574369
86.0,188.0,1227.1197509765625,-3.354519331539539,1.517501494216324,1.732566533906202,1.9207351740288656,0.7505737204713956,-1.3424990058159858,-1.0828190539670453,2.122850666948618,2.622398911088758,1.164363019574369
86.0,188.0,1227.119873046875,-3.354509961454983,1.517501494216324,1.7324385610387347,1.9207351740288656,0.7505737204713956,-1.3424990058159858,-1.0828190539670453,2.122850666948618,2.622398911088758,1.164363019574369
86.0,188.0,1227.12353515625,-3.3527324988373515,1.5175131244999434,1.7347474984991975,1.9216730619723503,0.7509344388007891,-1.3425032162094588,-1.080375763651931,2.122871049496413,2.622003960097601,1.1631737397728528
86.0,188.0,1227.12451171875,-3.352759850418648,1.517481526539353,1.7348143795584647,1.920866531642477,0.7509172856721986,-1.3425019925693291,-1.0835029828709144,2.1228709823776124,2.622395659434842,1.1655230048972458
86.0,188.0,1227.124755859375,-3.3527594430213985,1.517481526539353,1.732315079168682,1.920866531642477,0.7507615721725543,-1.3425020943066177,-1.0836171140727395,2.1228709823776124,2.622395659434842,1.1655289788753918
86.0,188.0,1227.126708984375,-3.352729731963844,1.5175253845989098,1.735205282573309,1.921724260219011,0.7505830047445343,-1.3424993189782208,-1.0833819745372173,2.122841795513333,2.622328610694806,1.1647556694363363
86.0,188.0,1227.1268310546875,-3.352743572000831,1.5175014868591807,1.735033847803206,1.920748360164838,0.7507640975655193,-1.3425019479007392,-1.0834121080602632,2.1228509500374457,2.622398897976403,1.1656031976048928
86.0,188.0,1227.1268310546875,-3.3532218638415805,1.5175131244999434,1.7347475438809872,1.9217455538621169,0.7505723460993188,-1.3425031427286616,-1.0802798414093449,2.122871049496413,2.6219666562685564,1.1631737397728528
86.0,189.0,1227.052001953125,-3.352715882647232,1.5175127901398524,1.7347476848289154,1.920788609611901,0.7578861179686299,-1.342499324487973,-1.0832880604506736,2.122850769367898,2.62196557569835,1.1630946710641
86.0,189.0,1227.05224609375,-3.352715882647232,1.5175128887557503,1.7347476848289154,1.9207892138316736,0.7578107799700403,-1.342499324487973,-1.0832880604506736,2.122850769367898,2.62196557569835,1.1630946710641
86.0,189.0,1227.05224609375,-3.352715882647232,1.5175128887557503,1.7347476848289154,1.920800388380988,0.7578362579151636,-1.342499324487973,-1.0832880604506736,2.122850769367898,2.62196557569835,1.163094657147154
86.0,189.0,1227.0816650390625,-3.354338441818389,1.5175107607942049,1.7324889477257228,1.917511227666928,0.7505737285858065,-1.342502578030608,-1.0832690569374743,2.1228503187632057,2.621970774682132,1.1630053938820666
86.0,189.0,1227.091552734375,-3.354338441818389,1.5175108579028125,1.7323948777767746,1.9174543685510432,0.7505737285858065,-1.342502485844828,-1.082903261437028,2.1228503187632057,2.6223943938930367,1.1630053938820666
86.0,189.0,1227.0989990234375,-3.3528208366862287,1.517480206869512,1.7347422254583926,1.9207564412480969,0.7507617940923866,-1.342499324487973,-1.0832801507818337,2.122865875656396,2.62196557569835,1.1631997851814602
86.0,189.0,1227.0989990234375,-3.3528208366862287,1.517480206869512,1.7347422254583926,1.9207556744526424,0.750757733388108,-1.3424995896347944,-1.0832801507818337,2.122865992956797,2.6219635068630414,1.1631997851814602
86.0,189.0,1227.09912109375,-3.3532157766459507,1.5174801339641824,1.7347420981796422,1.9207564412480969,0.750583530444923,-1.342499324487973,-1.0832801507818337,2.1228503293549315,2.621962380355332,1.163024623042753
86.0,189.0,1227.099609375,-3.3528208366862287,1.517480206869512,1.7350036155726862,1.9208437122168769,0.7507615683741566,-1.3424996843842494,-1.0832964618970045,2.122865875656396,2.62196557569835,1.1631890626322057
86.0,189.0,1227.10009765625,-3.353205367958868,1.5175128887557503,1.7347424539037235,1.9207564412480969,0.7505829445086661,-1.342499324487973,-1.0832801507818337,2.122850769367898,2.62196557569835,1.1631038576730155
86.0,189.0,1227.100341796875,-3.3532056373162487,1.5174801339641824,1.7347424531389164,1.9207567438724755,0.7505845827839153,-1.3424994640304493,-1.0832801507818337,2.122850769367898,2.6219642583927696,1.1631943430562444
86.0,189.0,1227.1004638671875,-3.3532157766459507,1.5174801339641824,1.7347422254583926,1.9207564412480969,0.7505829445086661,-1.342499324487973,-1.0832801507818337,2.122850769367898,2.62196557569835,1.1631997851814602
86.0,189.0,1227.1004638671875,-3.3532157766459507,1.5174801339641824,1.7347422254583926,1.9207564412480969,0.7505829445086661,-1.342499324487973,-1.0832801507818337,2.122850769367898,2.62196557569835,1.1631997851814602
86.0,189.0,1227.1004638671875,-3.3532056373162487,1.5174801339641824,1.7347424531389164,1.9207564412480969,0.7505829445086661,-1.342499324487973,-1.0832801507818337,2.122850769367898,2.62196557569835,1.1631943430562444
86.0,189.0,1227.1004638671875,-3.3532157766459507,1.5174801339641824,1.7347422254583926,1.9207564412480969,0.7505829445086661,-1.342499324487973,-1.0832801507818337,2.122850769367898,2.62196557569835,1.1631997851814602
86.0,189.0,1227.1004638671875,-3.3532056373162487,1.5174801339641824,1.7347424531389164,1.9207564412480969,0.7505829445086661,-1.342499324487973,-1.0832801507818337,2.122850769367898,2.62196557569835,1.1631943430562444
86.0,189.0,1227.1007080078125,-3.352825802711396,1.517480051059899,1.7347422254583926,1.9207564412480969,0.7505829445086661,-1.342499515216393,-1.0832801507818337,2.122850769367898,2.62196557569835,1.1632063895024551
86.0,189.0,1227.1041259765625,-3.352827785398779,1.517513200885684,1.735005102395289,1.9208497947361969,0.7507615721725543,-1.3425098320622737,-1.083472871080999,2.122889250495246,2.6222990185657618,1.163064031236024
86.0,189.0,1227.1041259765625,-3.352827785398779,1.517513200885684,1.735005102395289,1.9208497947361969,0.7507615721725543,-1.3425098320622737,-1.083472871080999,2.122889250495246,2.6222990185657618,1.163064031236024
86.0,189.0,1227.1041259765625,-3.352708778213397,1.5174900317096247,1.734759543240033,1.920749509748088,0.750584462212017,-1.3425094349229627,-1.0836458306087122,2.122851232345268,2.6222989370483485,1.163103246153122
86.0,189.0,1227.1046142578125,-3.3528260054818726,1.5174772131537029,1.73505400102496,1.9207378770897388,0.750758654163042,-1.3425098172598615,-1.0834829659731873,2.122864243590945,2.622395659434842,1.1630537945287374
86.0,189.0,1227.10498046875,-3.353215979416428,1.5174772924117388,1.73505400102496,1.9208371428416489,0.7507578582949006,-1.3425096413338535,-1.083472871080999,2.1228710811839147,2.622391701582643,1.163057426915029
86.0,189.0,1227.105224609375,-3.3528260054818726,1.5174772095074551,1.73505400102496,1.920849748179464,0.7507615721725543,-1.3424999681485177,-1.083472871080999,2.1228648558418386,2.622391653686603,1.163064031236024
86.0,189.0,1227.1053466796875,-3.3528260054818726,1.5174772095074551,1.73505400102496,1.9208371428416489,0.7507578582949006,-1.3425098320622737,-1.083472871080999,2.1228710811839147,2.622391701582643,1.163064031236024
86.0,189.0,1227.1053466796875,-3.3528260054818726,1.5174772095074551,1.73505400102496,1.920849748007752,0.7507615721725543,-1.3425098320622737,-1.083472871080999,2.1228648102392,2.622391725903246,1.163064031236024
86.0,189.0,1227.1053466796875,-3.3528260054818726,1.5174772095074551,1.73505400102496,1.920849748179464,0.7507615721725543,-1.3425098284056542,-1.083472871080999,2.1228648558418386,2.622391725903246,1.163064031236024
86.0,189.0,1227.1053466796875,-3.3528260054818726,1.5174772095074551,1.73505400102496,1.9208371428416489,0.7507578582949006,-1.3425098320622737,-1.083472871080999,2.1228710811839147,2.622391701582643,1.163064031236024
86.0,189.0,1227.10546875,-3.3528260054818726,1.5174772095074551,1.73505400102496,1.9208497947361969,0.7507615721725543,-1.3425098320622737,-1.083472871080999,2.122864834465781,2.622395659434842,1.163064031236024
86.0,189.0,1227.10546875,-3.3528260054818726,1.5174772095074551,1.73505400102496,1.9208497947361969,0.7507615721725543,-1.3425098320622737,-1.083472871080999,2.122864834465781,2.622395659434842,1.163064031236024
86.0,189.0,1227.10546875,-3.3528260054818726,1.5174764288199734,1.73505400102496,1.9208497947361969,0.7507615721725543,-1.3424995391019936,-1.083472871080999,2.123060805814588,2.622395930853406,1.163064031236024
86.0,189.0,1227.10546875,-3.352708778213397,1.5174900317096247,1.7347593418595255,1.920749509748088,0.750584462212017,-1.3425094349229627,-1.0836458306087122,2.1228712951437383,2.6222989370483485,1.1632952402375816
86.0,189.0,1227.10546875,-3.3528260054818726,1.5174772095074551,1.73505400102496,1.9208497947361969,0.7507615721725543,-1.3425097335962837,-1.0834748371626666,2.1228648568512303,2.622395659434842,1.163062729108021
86.0,189.0,1227.10546875,-3.3528260054818726,1.5174772095074551,1.73505400102496,1.920837189570093,0.7507578582949006,-1.3425098320622737,-1.083472871080999,2.1228711054104954,2.622395635114239,1.163064031236024
86.0,189.0,1227.10546875,-3.3528260054818726,1.5174772095074551,1.73505400102496,1.9208497947361969,0.7507615721725543,-1.3425098320622737,-1.083472871080999,2.122864834465781,2.622395659434842,1.163064031236024
86.0,189.0,1227.10546875,-3.3528260054818726,1.5174772095074551,1.73505400102496,1.920849794564485,0.7507615721725543,-1.342509737252903,-1.0834748371626666,2.122864811248592,2.622395659434842,1.163062729108021
86.0,189.0,1227.10546875,-3.3528260054818726,1.517477204951232,1.73505400102496,1.9208504889267568,0.7507617269399394,-1.342500077644012,-1.083472871080999,2.123060805814588,2.622395957875877,1.163064031236024
86.0,189.0,1227.10546875,-3.3528260054818726,1.5174772095074551,1.73505400102496,1.920849794564485,0.7507615721725543,-1.3425098354200102,-1.0834748295719474,2.1228648108000883,2.6223916859207,1.1630626631643477
86.0,189.0,1227.105712890625,-3.3542435851117887,1.5175108681218223,1.7323988423054204,1.9207129149128173,0.7505738770930859,-1.3425020052225998,-1.083500549544874,2.122398958694081,2.6223590601024127,1.1631504906247128
86.0,189.0,1227.105712890625,-3.3528260054818726,1.517477204951232,1.73505400102496,1.9208504889267568,0.7507617269399394,-1.3425099379011487,-1.083472871080999,2.123060805814588,2.62239603009252,1.163064031236024
86.0,189.0,1227.1058349609375,-3.352825985860591,1.517513200885684,1.735005102395289,1.9208497947361969,0.7507615721725543,-1.3425098320622737,-1.083472871080999,2.122889175900152,2.6223957445817594,1.163064031236024
86.0,189.0,1227.1060791015625,-3.3528260054818726,1.5174772095074551,1.7347392998800826,1.9208497947361969,0.7505966264469728,-1.3425094260666093,-1.0836426791584204,2.1228651250580937,2.622395659434842,1.1631028566478037
86.0,189.0,1227.106201171875,-3.3527324988373515,1.517510959174727,1.734747715081155,1.9207159018988724,0.7506013562111061,-1.3425023581673672,-1.0830953497259368,2.122870892591543,2.622295654755689,1.1630053938820666
86.0,189.0,1227.106201171875,-3.352738927648834,1.517512331180732,1.734747715081155,1.9207159018988724,0.7506013562111061,-1.3425023581673672,-1.0831006662768543,2.12287125764234,2.622295654755689,1.1630053938820666
86.0,189.0,1227.106201171875,-3.352723128752796,1.517510959174727,1.7346197422136875,1.9207159018988724,0.7506013562111061,-1.3425023581673672,-1.0830953497259368,2.122870892591543,2.622295654755689,1.1630053938820666
86.0,189.0,1227.1063232421875,-3.3528260054818726,1.5174768966631456,1.73505400102496,1.920740380050466,0.7505622628749961,-1.342500077644012,-1.0834831411004409,2.1228508796150614,2.622395957875877,1.163053254817786
86.0,189.0,1227.1064453125,-3.3528260054818726,1.5174768949220574,1.73505400102496,1.9207378770897388,0.7505715160056547,-1.3425101652610352,-1.0834829659731873,2.1228500215935058,2.622395659434842,1.1630537945287374
86.0,189.0,1227.107666015625,-3.352733427902624,1.5175128640268305,1.734759351570969,1.9216730621461484,0.7509213860850917,-1.3425091954749293,-1.083576323958013,2.1228712895636344,2.6222989370483485,1.1630950180263984
86.0,189.0,1227.1077880859375,-3.3532056373162487,1.5174801339641824,1.73502721246553,1.9207564412480969,0.7505829445086661,-1.342499324487973,-1.0832801507818337,2.122850769367898,2.6224149968693777,1.1631092798566849
86.0,189.0,1227.10791015625,-3.3527324988373515,1.5175131244999434,1.734747715081155,1.9216730621461484,0.7509236231986752,-1.3425019871333752,-1.0834996202513083,2.122870892591543,2.6222989370483485,1.1630950180263984
86.0,189.0,1227.1092529296875,-3.3527324988373515,1.517510959174727,1.734747715081155,1.9207159018988724,0.7506014319095288,-1.3425024554547604,-1.082903261437028,2.1228503187632057,2.6223943938930367,1.1630053938820666
86.0,190.0,1227.052001953125,-3.352715882647232,1.5175127901398524,1.7347476848289154,1.920788609611901,0.7578861179686299,-1.342499324487973,-1.0832880604506736,2.122850769367898,2.62196557569835,1.1630946710641
86.0,190.0,1227.05224609375,-3.352715882647232,1.5175128887557503,1.7347476848289154,1.9207892138316736,0.7578107799700403,-1.342499324487973,-1.0832880604506736,2.122850769367898,2.62196557569835,1.1630946710641
86.0,190.0,1227.05224609375,-3.352715882647232,1.5175128887557503,1.7347476848289154,1.920800388380988,0.7578362579151636,-1.342499324487973,-1.0832880604506736,2.122850769367898,2.62196557569835,1.163094657147154
86.0,190.0,1227.05224609375,-3.352715882647232,1.5175127829256274,1.7347476848289154,1.920800388380988,0.7578362579151636,-1.342499324487973,-1.0832880604506736,2.122850769367898,2.62196557569835,1.1630946567281075
86.0,190.0,1227.0816650390625,-3.354338441818389,1.5175107607942049,1.7324889477257228,1.917511227666928,0.7505737285858065,-1.342502578030608,-1.0832690569374743,2.1228503187632057,2.621970774682132,1.1630053938820666
86.0,190.0,1227.091552734375,-3.354338441818389,1.5175108579028125,1.7323948777767746,1.9174543685510432,0.7505737285858065,-1.342502485844828,-1.082903261437028,2.1228503187632057,2.6223943938930367,1.1630053938820666
86.0,190.0,1227.091552734375,-3.354338441818389,1.517512482707709,1.7323948777767746,1.9174543685510432,0.7505737285858065,-1.342501406828936,-1.0829135405704673,2.1228503187632057,2.622395660747272,1.1630053938820666
86.0,190.0,1227.097900390625,-3.3532157766459507,1.5174770070238035,1.7347420981796422,1.9207376282248647,0.7505714846572997,-1.342499324487973,-1.083483030643681,2.1228503293549315,2.621962380355332,1.163024623042753
86.0,190.0,1227.0989990234375,-3.3528208366862287,1.517480206869512,1.7347422254583926,1.9207564412480969,0.7507617940923866,-1.342499324487973,-1.0832801507818337,2.122865875656396,2.62196557569835,1.1631997851814602
86.0,190.0,1227.0989990234375,-3.3528208366862287,1.517480206869512,1.7347422254583926,1.9207556744526424,0.750757733388108,-1.3424995896347944,-1.0832801507818337,2.122865992956797,2.6219635068630414,1.1631997851814602
86.0,190.0,1227.09912109375,-3.3532157766459507,1.5174801339641824,1.7347420981796422,1.9207564412480969,0.750583530444923,-1.342499324487973,-1.0832801507818337,2.1228503293549315,2.621962380355332,1.163024623042753
86.0,190.0,1227.09912109375,-3.3528208366862287,1.517480206869512,1.7347422254583926,1.9207556744526424,0.750757733388108,-1.3424995573980858,-1.0832801507818337,2.122871042682156,2.621969864912746,1.1631997851814602
86.0,190.0,1227.0994873046875,-3.3528527767766,1.5174802119356885,1.7347408906247246,1.9208437122168769,0.7507639072714468,-1.3424996843842494,-1.0832964618970045,2.122849936586468,2.62196557569835,1.1631943593506784
86.0,190.0,1227.099609375,-3.3528208366862287,1.517480206869512,1.7350036155726862,1.9208437122168769,0.7507615683741566,-1.3424996843842494,-1.0832964618970045,2.122865875656396,2.62196557569835,1.1631890626322057
86.0,190.0,1227.10009765625,-3.353205367958868,1.5175128887557503,1.7347424539037235,1.9207564412480969,0.7505829445086661,-1.342499324487973,-1.0832801507818337,2.122850769367898,2.62196557569835,1.1631038576730155
86.0,190.0,1227.1002197265625,-3.354403526637998,1.5175128887557503,1.7325603003739507,1.9207564412480969,0.7505737031712402,-1.3425027275517645,-1.083280027933484,2.122850309132082,2.62196557569835,1.1631038576730155
86.0,190.0,1227.100341796875,-3.3532056373162487,1.5174801339641824,1.7347424531389164,1.9207567438724755,0.7505845827839153,-1.3424994640304493,-1.0832801507818337,2.122850769367898,2.6219642583927696,1.1631943430562444
86.0,190.0,1227.1004638671875,-3.3532157766459507,1.5174801339641824,1.7347422254583926,1.9207564412480969,0.7505829445086661,-1.342499324487973,-1.0832801507818337,2.122850769367898,2.62196557569835,1.1631997851814602
86.0,190.0,1227.1004638671875,-3.3532157766459507,1.5174801339641824,1.7347422254583926,1.9207564412480969,0.7505829445086661,-1.342499324487973,-1.0832801507818337,2.122850769367898,2.62196557569835,1.1631997851814602
86.0,190.0,1227.1004638671875,-3.3532056373162487,1.5174801339641824,1.7347424531389164,1.9207564412480969,0.7505829445086661,-1.342499324487973,-1.0832801507818337,2.122850769367898,2.62196557569835,1.1631943430562444
86.0,190.0,1227.1004638671875,-3.3532157766459507,1.5174801339641824,1.7347422254583926,1.9207564412480969,0.7505829445086661,-1.342499324487973,-1.0832801507818337,2.122850769367898,2.62196557569835,1.1631997851814602
86.0,190.0,1227.1004638671875,-3.3532056373162487,1.5174801339641824,1.7347424531389164,1.9207564412480969,0.7505829445086661,-1.342499324487973,-1.0832801507818337,2.122850769367898,2.62196557569835,1.1631943430562444
86.0,190.0,1227.1004638671875,-3.3532157766459507,1.5174801234961146,1.7347422254583926,1.9207564412480969,0.7505829445086661,-1.3424993452803466,-1.0832801507818337,2.122850769367898,2.62196557569835,1.1631984370767616
86.0,190.0,1227.1007080078125,-3.352825802711396,1.517480051059899,1.7347422254583926,1.9207564412480969,0.7505829445086661,-1.342499515216393,-1.0832801507818337,2.122850769367898,2.62196557569835,1.1632063895024551
86.0,190.0,1227.1007080078125,-3.352820942558816,1.5174800473483363,1.7347422254583926,1.9207564412480969,0.7505846310131912,-1.342499515216393,-1.0832801507818337,2.122865811496692,2.62196557569835,1.1632063895024551
86.0,190.0,1227.10400390625,-3.352708778213397,1.5174914882986597,1.7348210461706597,1.920749509748088,0.7505840699539117,-1.3425093891074615,-1.0836648126129726,2.122851232345268,2.6222989370483485,1.1631024450019205
86.0,190.0,1227.1041259765625,-3.352827785398779,1.517513200885684,1.735005102395289,1.9208497947361969,0.7507615721725543,-1.3425098320622737,-1.083472871080999,2.122889250495246,2.6222990185657618,1.163064031236024
86.0,190.0,1227.1041259765625,-3.352827785398779,1.517513200885684,1.735005102395289,1.9208497947361969,0.7507615721725543,-1.3425098320622737,-1.083472871080999,2.122889250495246,2.6222990185657618,1.163064031236024
86.0,190.0,1227.1041259765625,-3.352708778213397,1.5174900317096247,1.734759543240033,1.920749509748088,0.750584462212017,-1.3425094349229627,-1.0836458306087122,2.122851232345268,2.6222989370483485,1.163103246153122
86.0,190.0,1227.1041259765625,-3.352827785398779,1.517513200885684,1.735005102395289,1.9208497947361969,0.7507615721725543,-1.3425098320622737,-1.083472871080999,2.122889250495246,2.6222990185657618,1.163064031236024
86.0,190.0,1227.1046142578125,-3.3528260054818726,1.5174772131537029,1.73505400102496,1.9207378770897388,0.750758654163042,-1.3425098172598615,-1.0834829659731873,2.122864243590945,2.622395659434842,1.1630537945287374
86.0,190.0,1227.104736328125,-3.352708778213397,1.5174900317096247,1.734759543240033,1.920749509748088,0.750584462212017,-1.3425094349229627,-1.0836458306087122,2.122851232345268,2.6222989370483485,1.1631933980582472
86.0,190.0,1227.1048583984375,-3.352827785398779,1.517513200885684,1.735005102395289,1.920850958156434,0.7507615707962998,-1.3424991033200504,-1.083472871080999,2.122890594192988,2.6222990185657618,1.1631934788237943
86.0,190.0,1227.10498046875,-3.353215979416428,1.5174772924117388,1.73505400102496,1.9208371428416489,0.7507578582949006,-1.3425096413338535,-1.083472871080999,2.1228710811839147,2.622391701582643,1.163057426915029
86.0,190.0,1227.105224609375,-3.3528260054818726,1.5174772095074551,1.73505400102496,1.920849748179464,0.7507615721725543,-1.3424999681485177,-1.083472871080999,2.1228648558418386,2.622391653686603,1.163064031236024
86.0,190.0,1227.1053466796875,-3.3528260054818726,1.5174772095074551,1.73505400102496,1.9208371428416489,0.7507578582949006,-1.3425098320622737,-1.083472871080999,2.1228710811839147,2.622391701582643,1.163064031236024
86.0,190.0,1227.1053466796875,-3.3528260054818726,1.5174772095074551,1.73505400102496,1.920849748007752,0.7507615721725543,-1.3425098320622737,-1.083472871080999,2.1228648102392,2.622391725903246,1.163064031236024
86.0,190.0,1227.1053466796875,-3.3528260054818726,1.5174772095074551,1.73505400102496,1.920849748179464,0.7507615721725543,-1.3425098284056542,-1.083472871080999,2.1228648558418386,2.622391725903246,1.163064031236024
86.0,190.0,1227.1053466796875,-3.3528260054818726,1.5174772095074551,1.73505400102496,1.9208371428416489,0.7507578582949006,-1.3425098320622737,-1.083472871080999,2.1228710811839147,2.622391701582643,1.163064031236024
86.0,190.0,1227.1053466796875,-3.3528260054818726,1.5174772095074551,1.73505400102496,1.920836982934964,0.7507578582949006,-1.3425098320622737,-1.083472871080999,2.122864232398934,2.622391701582643,1.163064031236024
86.0,190.0,1227.10546875,-3.3528260054818726,1.5174772095074551,1.73505400102496,1.9208497947361969,0.7507615721725543,-1.3425098320622737,-1.083472871080999,2.122864834465781,2.622395659434842,1.163064031236024
86.0,190.0,1227.10546875,-3.3528260054818726,1.5174772095074551,1.73505400102496,1.9208497947361969,0.7507615721725543,-1.3425098320622737,-1.083472871080999,2.122864834465781,2.622395659434842,1.163064031236024
86.0,190.0,1227.10546875,-3.3528260054818726,1.5174764288199734,1.73505400102496,1.9208497947361969,0.7507615721725543,-1.3424995391019936,-1.083472871080999,2.123060805814588,2.622395930853406,1.163064031236024
86.0,190.0,1227.10546875,-3.352708778213397,1.5174900317096247,1.7347593418595255,1.920749509748088,0.750584462212017,-1.3425094349229627,-1.0836458306087122,2.1228712951437383,2.6222989370483485,1.1632952402375816
86.0,190.0,1227.10546875,-3.3528260054818726,1.5174772095074551,1.73505400102496,1.9208497947361969,0.7507615721725543,-1.3425097335962837,-1.0834748371626666,2.1228648568512303,2.622395659434842,1.163062729108021
86.0,190.0,1227.10546875,-3.3528260054818726,1.5174772095074551,1.73505400102496,1.920837189570093,0.7507578582949006,-1.3425098320622737,-1.083472871080999,2.1228711054104954,2.622395635114239,1.163064031236024
86.0,190.0,1227.10546875,-3.3528260054818726,1.5174772095074551,1.73505400102496,1.9208497947361969,0.7507615721725543,-1.3425098320622737,-1.083472871080999,2.122864834465781,2.622395659434842,1.163064031236024
86.0,190.0,1227.10546875,-3.3528260054818726,1.5174772095074551,1.73505400102496,1.920849794564485,0.7507615721725543,-1.342509737252903,-1.0834748371626666,2.122864811248592,2.622395659434842,1.163062729108021
86.0,190.0,1227.10546875,-3.3528260054818726,1.517477204951232,1.73505400102496,1.9208504889267568,0.7507617269399394,-1.342500077644012,-1.083472871080999,2.123060805814588,2.622395957875877,1.163064031236024
86.0,190.0,1227.10546875,-3.3528260054818726,1.5174772095074551,1.73505400102496,1.920849794564485,0.7507615721725543,-1.3425098354200102,-1.0834748295719474,2.1228648108000883,2.6223916859207,1.1630626631643477
86.0,191.0,1227.0511474609375,-3.3527184469164286,1.5175128887557503,1.7347476848289154,1.9207892138316736,0.7582716550974188,-1.342499324487973,-1.0832880604506736,2.122850769367898,2.621965695884277,1.1631969406141554
86.0,191.0,1227.0517578125,-3.352715882647232,1.5175127894343046,1.7347424546320815,1.9207563253705349,0.7578861179686299,-1.342499324487973,-1.0832795862288,2.122850769367898,2.62196557569835,1.1630946710641
86.0,191.0,1227.052001953125,-3.352715882647232,1.5175127901398524,1.7347476848289154,1.920788609611901,0.7578861179686299,-1.342499324487973,-1.0832880604506736,2.122850769367898,2.62196557569835,1.1630946710641
86.0,191.0,1227.05224609375,-3.352715882647232,1.5175128887557503,1.7347476848289154,1.9207892138316736,0.7578107799700403,-1.342499324487973,-1.0832880604506736,2.122850769367898,2.62196557569835,1.1630946710641
86.0,191.0,1227.05224609375,-3.352715882647232,1.5175128887557503,1.7347476848289154,1.920800388380988,0.7578362579151636,-1.342499324487973,-1.0832880604506736,2.122850769367898,2.62196557569835,1.163094657147154
86.0,191.0,1227.05224609375,-3.352715882647232,1.5175127829256274,1.7347476848289154,1.920800388380988,0.7578362579151636,-1.342499324487973,-1.0832880604506736,2.122850769367898,2.62196557569835,1.1630946567281075
86.0,191.0,1227.05224609375,-3.352715882647232,1.5175127829256274,1.7347476848289154,1.920800388380988,0.7578362579151636,-1.342499324487973,-1.0832880604506736,2.122850769367898,2.62196557569835,1.1630946567281075
86.0,191.0,1227.0816650390625,-3.354338441818389,1.5175107607942049,1.7324889477257228,1.917511227666928,0.7505737285858065,-1.342502578030608,-1.0832690569374743,2.1228503187632057,2.621970774682132,1.1630053938820666
86.0,191.0,1227.0894775390625,-3.354329124431701,1.517512482707709,1.7323948777767746,1.9174543685510432,0.750573781797534,-1.342501406828936,-1.0832704770381811,2.122850318475146,2.622395660747272,1.163007796696941
86.0,191.0,1227.091552734375,-3.354338441818389,1.5175108579028125,1.7323948777767746,1.9174543685510432,0.7505737285858065,-1.342502485844828,-1.082903261437028,2.1228503187632057,2.6223943938930367,1.1630053938820666
86.0,191.0,1227.091552734375,-3.354338441818389,1.517512482707709,1.7323948777767746,1.9174543685510432,0.7505737285858065,-1.342501406828936,-1.0829135405704673,2.1228503187632057,2.622395660747272,1.1630053938820666
86.0,191.0,1227.0919189453125,-3.354338441818389,1.5175107607942049,1.7324868921282752,1.9175126833291865,0.7505737285858065,-1.3425025735905551,-1.082900587401698,2.1228503187632057,2.6224001041676943,1.1630053938820666
86.0,191.0,1227.097900390625,-3.3532157766459507,1.5174770070238035,1.7347420981796422,1.9207376282248647,0.7505714846572997,-1.342499324487973,-1.083483030643681,2.1228503293549315,2.621962380355332,1.163024623042753
86.0,191.0,1227.0987548828125,-3.3532056373162487,1.5174801345205224,1.7347371816797834,1.9207564412480969,0.7507605601812382,-1.3424993244737988,-1.0832801507818337,2.122850769367898,2.62196557569835,1.163189052563406
86.0,191.0,1227.098876953125,-3.3532157766459507,1.517477357317951,1.7347422254583926,1.9207564412480969,0.7507512927824712,-1.342499324487973,-1.083280181237757,2.122850769367898,2.621965883840947,1.163194405259932
86.0,191.0,1227.0989990234375,-3.3528208366862287,1.517480206869512,1.7347422254583926,1.9207564412480969,0.7507617940923866,-1.342499324487973,-1.0832801507818337,2.122865875656396,2.62196557569835,1.1631997851814602
86.0,191.0,1227.0989990234375,-3.3528208366862287,1.517480206869512,1.7347422254583926,1.9207556744526424,0.750757733388108,-1.3424995896347944,-1.0832801507818337,2.122865992956797,2.6219635068630414,1.1631997851814602
86.0,191.0,1227.0989990234375,-3.3528208366862287,1.5174802070417357,1.7347409418182949,1.9207556744526424,0.750758035165118,-1.3424995896347944,-1.0832801507818337,2.1228506359015715,2.6219635068630414,1.1631940533985434
86.0,191.0,1227.09912109375,-3.3532157766459507,1.5174801339641824,1.7347420981796422,1.9207564412480969,0.750583530444923,-1.342499324487973,-1.0832801507818337,2.1228503293549315,2.621962380355332,1.163024623042753
86.0,191.0,1227.09912109375,-3.3528208366862287,1.517480206869512,1.7347422254583926,1.9207556744526424,0.750757733388108,-1.3424995573980858,-1.0832801507818337,2.122871042682156,2.621969864912746,1.1631997851814602
86.0,191.0,1227.0994873046875,-3.3528527767766,1.5174802119356885,1.7347408906247246,1.9208437122168769,0.7507639072714468,-1.3424996843842494,-1.0832964618970045,2.122849936586468,2.62196557569835,1.1631943593506784
86.0,191.0,1227.099609375,-3.3528208366862287,1.517480206869512,1.7350036155726862,1.9208437122168769,0.7507615683741566,-1.3424996843842494,-1.0832964618970045,2.122865875656396,2.62196557569835,1.1631890626322057
86.0,191.0,1227.0999755859375,-3.3532091682611367,1.5175128887557503,1.7347451636633502,1.9207564412480969,0.7505869814132898,-1.342499324487973,-1.0832801507818337,2.122848697341852,2.62196557569835,1.163099732789897
86.0,191.0,1227.10009765625,-3.353205367958868,1.5175128887557503,1.7347424539037235,1.9207564412480969,0.7505829445086661,-1.342499324487973,-1.0832801507818337,2.122850769367898,2.62196557569835,1.1631038576730155
86.0,191.0,1227.1002197265625,-3.354403526637998,1.5175128887557503,1.7325603003739507,1.9207564412480969,0.7505737031712402,-1.3425027275517645,-1.083280027933484,2.122850309132082,2.62196557569835,1.1631038576730155
86.0,191.0,1227.100341796875,-3.3532056373162487,1.5174801339641824,1.7347424531389164,1.9207567438724755,0.7505845827839153,-1.3424994640304493,-1.0832801507818337,2.122850769367898,2.6219642583927696,1.1631943430562444
86.0,191.0,1227.100341796875,-3.3532056373162487,1.5174801339641824,1.7347424531389164,1.9207550508935347,0.7505833840861401,-1.342499324487973,-1.0832801507818337,2.122850769367898,2.62196557569835,1.1631943430562444
86.0,191.0,1227.1004638671875,-3.3532157766459507,1.5174801339641824,1.7347422254583926,1.9207564412480969,0.7505829445086661,-1.342499324487973,-1.0832801507818337,2.122850769367898,2.62196557569835,1.1631997851814602
86.0,191.0,1227.1004638671875,-3.3532157766459507,1.5174801339641824,1.7347422254583926,1.9207564412480969,0.7505829445086661,-1.342499324487973,-1.0832801507818337,2.122850769367898,2.62196557569835,1.1631997851814602
86.0,191.0,1227.1004638671875,-3.3532056373162487,1.5174801339641824,1.7347424531389164,1.9207564412480969,0.7505829445086661,-1.342499324487973,-1.0832801507818337,2.122850769367898,2.62196557569835,1.1631943430562444
86.0,191.0,1227.1004638671875,-3.3532157766459507,1.5174801339641824,1.7347422254583926,1.9207564412480969,0.7505829445086661,-1.342499324487973,-1.0832801507818337,2.122850769367898,2.62196557569835,1.1631997851814602
86.0,191.0,1227.1004638671875,-3.3532056373162487,1.5174801339641824,1.7347424531389164,1.9207564412480969,0.7505829445086661,-1.342499324487973,-1.0832801507818337,2.122850769367898,2.62196557569835,1.1631943430562444
86.0,191.0,1227.1004638671875,-3.3532157766459507,1.5174801234961146,1.7347422254583926,1.9207564412480969,0.7505829445086661,-1.3424993452803466,-1.0832801507818337,2.122850769367898,2.62196557569835,1.1631984370767616
86.0,191.0,1227.1007080078125,-3.352825802711396,1.517480051059899,1.7347422254583926,1.9207564412480969,0.7505829445086661,-1.342499515216393,-1.0832801507818337,2.122850769367898,2.62196557569835,1.1632063895024551
86.0,191.0,1227.1007080078125,-3.352820942558816,1.5174800473483363,1.7347422254583926,1.9207564412480969,0.7505846310131912,-1.342499515216393,-1.0832801507818337,2.122865811496692,2.62196557569835,1.1632063895024551
86.0,191.0,1227.1026611328125,-3.352827785398779,1.51748941221613,1.7347589815034,1.9208497947361969,0.7507615721725543,-1.342509849134787,-1.0836513370679262,2.122889250495246,2.6222989345889944,1.163064031236024
86.0,191.0,1227.1038818359375,-3.353203073047052,1.5174801339641824,1.7347424531389164,1.9207567438724755,0.7501237076565367,-1.3424994640304493,-1.0832801507818337,2.122850769367898,2.621964138206842,1.1630920735061887
86.0,191.0,1227.10400390625,-3.352708778213397,1.5174914882986597,1.7348210461706597,1.920749509748088,0.7505840699539117,-1.3425093891074615,-1.0836648126129726,2.122851232345268,2.6222989370483485,1.1631024450019205
86.0,191.0,1227.1041259765625,-3.352827785398779,1.517513200885684,1.735005102395289,1.9208497947361969,0.7507615721725543,-1.3425098320622737,-1.083472871080999,2.122889250495246,2.6222990185657618,1.163064031236024
86.0,191.0,1227.1041259765625,-3.352827785398779,1.517513200885684,1.735005102395289,1.9208497947361969,0.7507615721725543,-1.3425098320622737,-1.083472871080999,2.122889250495246,2.6222990185657618,1.163064031236024
86.0,191.0,1227.1041259765625,-3.352708778213397,1.5174900317096247,1.734759543240033,1.920749509748088,0.750584462212017,-1.3425094349229627,-1.0836458306087122,2.122851232345268,2.6222989370483485,1.163103246153122
86.0,191.0,1227.1041259765625,-3.352827785398779,1.517513200885684,1.735005102395289,1.9208497947361969,0.7507615721725543,-1.3425098320622737,-1.083472871080999,2.122889250495246,2.6222990185657618,1.163064031236024
86.0,191.0,1227.1046142578125,-3.3528260054818726,1.5174772131537029,1.73505400102496,1.9207378770897388,0.750758654163042,-1.3425098172598615,-1.0834829659731873,2.122864243590945,2.622395659434842,1.1630537945287374
86.0,191.0,1227.104736328125,-3.352708778213397,1.5174900317096247,1.734759543240033,1.920749509748088,0.750584462212017,-1.3425094349229627,-1.0836458306087122,2.122851232345268,2.6222989370483485,1.1631933980582472
86.0,191.0,1227.1048583984375,-3.352827785398779,1.517513200885684,1.735005102395289,1.920850958156434,0.7507615707962998,-1.3424991033200504,-1.083472871080999,2.122890594192988,2.6222990185657618,1.1631934788237943
86.0,191.0,1227.10498046875,-3.353215979416428,1.5174772924117388,1.73505400102496,1.9208371428416489,0.7507578582949006,-1.3425096413338535,-1.083472871080999,2.1228710811839147,2.622391701582643,1.163057426915029
86.0,191.0,1227.1051025390625,-3.353206530761212,1.5174800905834671,1.73505400102496,1.9208373548713569,0.7507549827524467,-1.3425096413338535,-1.083472871080999,2.122871350205455,2.622391701582643,1.163057426915029
86.0,191.0,1227.105224609375,-3.3528260054818726,1.5174772095074551,1.73505400102496,1.920849748179464,0.7507615721725543,-1.3424999681485177,-1.083472871080999,2.1228648558418386,2.622391653686603,1.163064031236024
86.0,191.0,1227.1053466796875,-3.3528260054818726,1.5174772095074551,1.73505400102496,1.9208371428416489,0.7507578582949006,-1.3425098320622737,-1.083472871080999,2.1228710811839147,2.622391701582643,1.163064031236024
86.0,191.0,1227.1053466796875,-3.3528260054818726,1.5174772095074551,1.73505400102496,1.920849748007752,0.7507615721725543,-1.3425098320622737,-1.083472871080999,2.1228648102392,2.622391725903246,1.163064031236024
86.0,192.0,1227.0511474609375,-3.3527184469164286,1.5175128887557503,1.7347476848289154,1.9207892138316736,0.7582716550974188,-1.342499324487973,-1.0832880604506736,2.122850769367898,2.621965695884277,1.1631969406141554
86.0,192.0,1227.0511474609375,-3.3527184469164286,1.5175128887557503,1.7347476848289154,1.9207892138316736,0.7582716550974188,-1.342499324487973,-1.0832880604506736,2.122850769367898,2.621965695884277,1.1631969406141554
86.0,192.0,1227.0517578125,-3.352715882647232,1.5175127894343046,1.7347424546320815,1.9207563253705349,0.7578861179686299,-1.342499324487973,-1.0832795862288,2.122850769367898,2.62196557569835,1.1630946710641
86.0,192.0,1227.052001953125,-3.352715882647232,1.5175127901398524,1.7347476848289154,1.920788609611901,0.7578861179686299,-1.342499324487973,-1.0832880604506736,2.122850769367898,2.62196557569835,1.1630946710641
86.0,192.0,1227.0521240234375,-3.352715882647232,1.5175128987692317,1.7347476848289154,1.920801041338685,0.7578824937228692,-1.342499324487973,-1.0832880604506736,2.1228506610865665,2.62196557569835,1.163099891901825
86.0,192.0,1227.05224609375,-3.352715882647232,1.5175128887557503,1.7347476848289154,1.9207892138316736,0.7578107799700403,-1.342499324487973,-1.0832880604506736,2.122850769367898,2.62196557569835,1.1630946710641
86.0,192.0,1227.05224609375,-3.352715882647232,1.5175128887557503,1.7347476848289154,1.920800388380988,0.7578362579151636,-1.342499324487973,-1.0832880604506736,2.122850769367898,2.62196557569835,1.163094657147154
86.0,192.0,1227.05224609375,-3.352715882647232,1.5175127829256274,1.7347476848289154,1.920800388380988,0.7578362579151636,-1.342499324487973,-1.0832880604506736,2.122850769367898,2.62196557569835,1.1630946567281075
86.0,192.0,1227.05224609375,-3.352715882647232,1.5175127829256274,1.7347476848289154,1.920800388380988,0.7578362579151636,-1.342499324487973,-1.0832880604506736,2.122850769367898,2.62196557569835,1.1630946567281075
86.0,192.0,1227.05224609375,-3.352731074355254,1.517513450654654,1.734747697631725,1.9207865529167127,0.7578107799700403,-1.3424993226232191,-1.0832880604506736,2.122850769367898,2.62196557569835,1.1630946710641
86.0,192.0,1227.05322265625,-3.352715882647232,1.5175133642294345,1.7347476848289154,1.9208049857034435,0.7577946016729618,-1.342499322224326,-1.0832802787028095,2.1228722404382467,2.62196557569835,1.1631998871759752
86.0,192.0,1227.05712890625,-3.3527191066672897,1.517513197603665,1.735005102395289,1.9208497947361969,0.7577239317380253,-1.3424996169554309,-1.083472871080999,2.1228912207176087,2.622285203382363,1.163064031236024
86.0,192.0,1227.05908203125,-3.352678382223804,1.5175127894343046,1.734742965402654,1.9207563253705349,0.7578648209951725,-1.342499324487973,-1.0832795862288,2.1228507429515675,2.62238554102871,1.1630946710641
86.0,192.0,1227.080322265625,-3.354338441818389,1.5174787469791775,1.7347166503330718,1.9174645041266536,0.750582893320986,-1.3424993530030735,-1.0832690569374743,2.1228503187632057,2.621970774682132,1.1630053938820666
86.0,192.0,1227.0814208984375,-3.3543666248551287,1.517512482707709,1.732394367006202,1.9174543685510432,0.7505950787709915,-1.342501406828936,-1.0832704770381811,2.122850344891476,2.621975695416912,1.163007796696941
86.0,192.0,1227.0816650390625,-3.354338441818389,1.5175107607942049,1.7324889477257228,1.917511227666928,0.7505737285858065,-1.342502578030608,-1.0832690569374743,2.1228503187632057,2.621970774682132,1.1630053938820666
86.0,192.0,1227.0894775390625,-3.354329124431701,1.517512482707709,1.7323948777767746,1.9174543685510432,0.750573781797534,-1.342501406828936,-1.0832704770381811,2.122850318475146,2.622395660747272,1.163007796696941
86.0,192.0,1227.0906982421875,-3.354338441818389,1.5175108579028125,1.734675687579528,1.9174543685510432,0.7505737285858065,-1.3424989370343017,-1.082903261437028,2.1228652631325304,2.622405938139412,1.1630053938820666
86.0,192.0,1227.091552734375,-3.354338441818389,1.5175108579028125,1.7323948777767746,1.9174543685510432,0.7505737285858065,-1.342502485844828,-1.082903261437028,2.1228503187632057,2.6223943938930367,1.1630053938820666
86.0,192.0,1227.091552734375,-3.354338441818389,1.517512482707709,1.7323948777767746,1.9174543685510432,0.7505737285858065,-1.342501406828936,-1.0829135405704673,2.1228503187632057,2.622395660747272,1.1630053938820666
86.0,192.0,1227.0919189453125,-3.354338441818389,1.5175107607942049,1.7324868921282752,1.9175126833291865,0.7505737285858065,-1.3425025735905551,-1.082900587401698,2.1228503187632057,2.6224001041676943,1.1630053938820666
86.0,192.0,1227.0972900390625,-3.3532157766459507,1.5174770070238035,1.734742157704494,1.9207376282248647,0.7507629663779045,-1.342499324487973,-1.0832781448772877,2.1228503293549315,2.6219634278544266,1.163024623042753
86.0,192.0,1227.097900390625,-3.3532157766459507,1.5174770070238035,1.7347420981796422,1.9207376282248647,0.7505714846572997,-1.342499324487973,-1.083483030643681,2.1228503293549315,2.621962380355332,1.163024623042753
86.0,192.0,1227.097900390625,-3.3528208366862287,1.517479731395828,1.7347422254583926,1.920751077130187,0.75079938963031,-1.3424995596617326,-1.0832879325296976,2.1228495716118068,2.621969864912746,1.1630945551526388
86.0,192.0,1227.0987548828125,-3.3532056373162487,1.5174801345205224,1.7347371816797834,1.9207564412480969,0.7507605601812382,-1.3424993244737988,-1.0832801507818337,2.122850769367898,2.62196557569835,1.163189052563406
86.0,192.0,1227.098876953125,-3.3532157766459507,1.517477357317951,1.7347422254583926,1.9207564412480969,0.7507512927824712,-1.342499324487973,-1.083280181237757,2.122850769367898,2.621965883840947,1.163194405259932
86.0,192.0,1227.098876953125,-3.3528428302415128,1.5174801351007772,1.7347424531389164,1.9207567438724755,0.7507645165593433,-1.3424994640304493,-1.0832798953148288,2.122850769367898,2.6219642583927696,1.1631943424783315
86.0,192.0,1227.0989990234375,-3.3528208366862287,1.517480206869512,1.7347422254583926,1.9207564412480969,0.7507617940923866,-1.342499324487973,-1.0832801507818337,2.122865875656396,2.62196557569835,1.1631997851814602
86.0,192.0,1227.0989990234375,-3.3528208366862287,1.517480206869512,1.7347422254583926,1.9207556744526424,0.750757733388108,-1.3424995896347944,-1.0832801507818337,2.122865992956797,2.6219635068630414,1.1631997851814602
86.0,192.0,1227.0989990234375,-3.3528208366862287,1.5174802070417357,1.7347409418182949,1.9207556744526424,0.750758035165118,-1.3424995896347944,-1.0832801507818337,2.1228506359015715,2.6219635068630414,1.1631940533985434
86.0,192.0,1227.09912109375,-3.3532157766459507,1.5174801339641824,1.7347420981796422,1.9207564412480969,0.750583530444923,-1.342499324487973,-1.0832801507818337,2.1228503293549315,2.621962380355332,1.163024623042753
86.0,192.0,1227.09912109375,-3.3528208366862287,1.517480206869512,1.7347422254583926,1.9207556744526424,0.750757733388108,-1.3424995573980858,-1.0832801507818337,2.122871042682156,2.621969864912746,1.1631997851814602
86.0,192.0,1227.09912109375,-3.352819964840255,1.5174802115576511,1.7347422254583926,1.9207556744526424,0.750757733388108,-1.3424995896347944,-1.0832801507818337,2.122865992956797,2.6219655841707867,1.1631997851814602
86.0,192.0,1227.0994873046875,-3.3528527767766,1.5174802119356885,1.7347408906247246,1.9208437122168769,0.7507639072714468,-1.3424996843842494,-1.0832964618970045,2.122849936586468,2.62196557569835,1.1631943593506784
86.0,192.0,1227.099609375,-3.3528208366862287,1.517480206869512,1.7350036155726862,1.9208437122168769,0.7507615683741566,-1.3424996843842494,-1.0832964618970045,2.122865875656396,2.62196557569835,1.1631890626322057
86.0,192.0,1227.099609375,-3.3528208366862287,1.5174802070417357,1.7347408822934427,1.9207556744526424,0.7505665534445132,-1.3424995896347944,-1.083485036548227,2.1228506359015715,2.621962459363947,1.1631940533985434
86.0,192.0,1227.099609375,-3.353205367958868,1.517512869125707,1.7324830156244295,1.9207564412480969,0.7505743010258339,-1.342499324487973,-1.0832801507818337,2.122850769367898,2.621968885244213,1.163097560748884
86.0,192.0,1227.0999755859375,-3.3532091682611367,1.5175128887557503,1.7347451636633502,1.9207564412480969,0.7505869814132898,-1.342499324487973,-1.0832801507818337,2.122848697341852,2.62196557569835,1.163099732789897
86.0,192.0,1227.10009765625,-3.353205367958868,1.5175128887557503,1.7347424539037235,1.9207564412480969,0.7505829445086661,-1.342499324487973,-1.0832801507818337,2.122850769367898,2.62196557569835,1.1631038576730155
86.0,192.0,1227.1002197265625,-3.354403526637998,1.5175128887557503,1.7325603003739507,1.9207564412480969,0.7505737031712402,-1.3425027275517645,-1.083280027933484,2.122850309132082,2.62196557569835,1.1631038576730155
86.0,192.0,1227.100341796875,-3.3532056373162487,1.5174801339641824,1.7347424531389164,1.9207567438724755,0.7505845827839153,-1.3424994640304493,-1.0832801507818337,2.122850769367898,2.6219642583927696,1.1631943430562444
86.0,192.0,1227.100341796875,-3.3532056373162487,1.5174801339641824,1.7347424531389164,1.9207550508935347,0.7505833840861401,-1.342499324487973,-1.0832801507818337,2.122850769367898,2.62196557569835,1.1631943430562444
86.0,192.0,1227.1004638671875,-3.3532157766459507,1.5174801339641824,1.7347422254583926,1.9207564412480969,0.7505829445086661,-1.342499324487973,-1.0832801507818337,2.122850769367898,2.62196557569835,1.1631997851814602
86.0,192.0,1227.1004638671875,-3.3532157766459507,1.5174801339641824,1.7347422254583926,1.9207564412480969,0.7505829445086661,-1.342499324487973,-1.0832801507818337,2.122850769367898,2.62196557569835,1.1631997851814602
86.0,192.0,1227.1004638671875,-3.3532056373162487,1.5174801339641824,1.7347424531389164,1.9207564412480969,0.7505829445086661,-1.342499324487973,-1.0832801507818337,2.122850769367898,2.62196557569835,1.1631943430562444
86.0,192.0,1227.1004638671875,-3.3532157766459507,1.5174801339641824,1.7347422254583926,1.9207564412480969,0.7505829445086661,-1.342499324487973,-1.0832801507818337,2.122850769367898,2.62196557569835,1.1631997851814602
86.0,192.0,1227.1004638671875,-3.3532056373162487,1.5174801339641824,1.7347424531389164,1.9207564412480969,0.7505829445086661,-1.342499324487973,-1.0832801507818337,2.122850769367898,2.62196557569835,1.1631943430562444
86.0,192.0,1227.1004638671875,-3.3532157766459507,1.5174801234961146,1.7347422254583926,1.9207564412480969,0.7505829445086661,-1.3424993452803466,-1.0832801507818337,2.122850769367898,2.62196557569835,1.1631984370767616
86.0,192.0,1227.1007080078125,-3.352825802711396,1.517480051059899,1.7347422254583926,1.9207564412480969,0.7505829445086661,-1.342499515216393,-1.0832801507818337,2.122850769367898,2.62196557569835,1.1632063895024551
86.0,192.0,1227.1007080078125,-3.352820942558816,1.5174800473483363,1.7347422254583926,1.9207564412480969,0.7505846310131912,-1.342499515216393,-1.0832801507818337,2.122865811496692,2.62196557569835,1.1632063895024551
86.0,193.0,1227.037841796875,-3.354411370187681,1.517513197603665,1.735005102395289,1.9175476593232808,0.7577239317380253,-1.3424996169554309,-1.083472871080999,2.122891153902393,2.621995947296029,1.163064031236024
86.0,193.0,1227.0504150390625,-3.3543470630526384,1.517513450654654,1.7322340600810917,1.917486980539926,0.7578107799700403,-1.3424993226232191,-1.0832926124648925,2.122850769367898,2.622389000598194,1.1630946710641
86.0,193.0,1227.0511474609375,-3.3527184469164286,1.5175128887557503,1.7347476848289154,1.9207892138316736,0.7582716550974188,-1.342499324487973,-1.0832880604506736,2.122850769367898,2.621965695884277,1.1631969406141554
86.0,193.0,1227.0511474609375,-3.3527184469164286,1.5175128887557503,1.7347476848289154,1.9207892138316736,0.7582716550974188,-1.342499324487973,-1.0832880604506736,2.122850769367898,2.621965695884277,1.1631969406141554
86.0,193.0,1227.0511474609375,-3.3527184469164286,1.5175128887557503,1.7347476848289154,1.9207892138316736,0.7582716550974188,-1.342499324487973,-1.0832880604506736,2.122850769367898,2.621965695884277,1.1631969406141554
86.0,193.0,1227.0511474609375,-3.3527184469164286,1.5175127907382653,1.7347429299033117,1.92079045509634,0.7582716550974188,-1.342499324487973,-1.083279957578166,2.122850769367898,2.621965695884277,1.1631953934171722
86.0,193.0,1227.051513671875,-3.352730527250044,1.5175128887557503,1.7347475082421244,1.920844346723566,0.7582716550974188,-1.342499288887633,-1.0832880604506736,2.122850769367898,2.621965695884277,1.1631969406141554
86.0,193.0,1227.0517578125,-3.352715882647232,1.5175127894343046,1.7347424546320815,1.9207563253705349,0.7578861179686299,-1.342499324487973,-1.0832795862288,2.122850769367898,2.62196557569835,1.1630946710641
86.0,193.0,1227.0517578125,-3.352715882647232,1.5175127894343046,1.7347422125214478,1.9207511328964977,0.7578861179686299,-1.3424993257280633,-1.0832794669280223,2.1228496208445105,2.62196557569835,1.1630946710641
86.0,193.0,1227.052001953125,-3.352715882647232,1.5175127901398524,1.7347476848289154,1.920788609611901,0.7578861179686299,-1.342499324487973,-1.0832880604506736,2.122850769367898,2.62196557569835,1.1630946710641
86.0,193.0,1227.052001953125,-3.352715882647232,1.5175128764501875,1.7347476848289154,1.920788609611901,0.7578861179686299,-1.342499324487973,-1.0832793266272542,2.122850769367898,2.62196557569835,1.163097626528431
86.0,193.0,1227.0521240234375,-3.352715882647232,1.5175128987692317,1.7347476848289154,1.920801041338685,0.7578824937228692,-1.342499324487973,-1.0832880604506736,2.1228506610865665,2.62196557569835,1.163099891901825
86.0,193.0,1227.0521240234375,-3.352715882647232,1.517512774595182,1.7347476848289154,1.920801041338685,0.7578824937228692,-1.342499324487973,-1.0832880604506736,2.122850669302521,2.62196557569835,1.163100571385829
86.0,193.0,1227.05224609375,-3.352715882647232,1.5175128887557503,1.7347476848289154,1.9207892138316736,0.7578107799700403,-1.342499324487973,-1.0832880604506736,2.122850769367898,2.62196557569835,1.1630946710641
86.0,193.0,1227.05224609375,-3.352715882647232,1.5175128887557503,1.7347476848289154,1.920800388380988,0.7578362579151636,-1.342499324487973,-1.0832880604506736,2.122850769367898,2.62196557569835,1.163094657147154
86.0,193.0,1227.05224609375,-3.352715882647232,1.5175127829256274,1.7347476848289154,1.920800388380988,0.7578362579151636,-1.342499324487973,-1.0832880604506736,2.122850769367898,2.62196557569835,1.1630946567281075
86.0,193.0,1227.05224609375,-3.352715882647232,1.5175127829256274,1.7347476848289154,1.920800388380988,0.7578362579151636,-1.342499324487973,-1.0832880604506736,2.122850769367898,2.62196557569835,1.1630946567281075
86.0,193.0,1227.05224609375,-3.352731074355254,1.517513450654654,1.734747697631725,1.9207865529167127,0.7578107799700403,-1.3424993226232191,-1.0832880604506736,2.122850769367898,2.62196557569835,1.1630946710641
86.0,193.0,1227.05224609375,-3.352715882647232,1.5175128887557503,1.7347476848289154,1.920800388380988,0.7578362579151636,-1.342499324487973,-1.0832880604506736,2.122850769367898,2.62196557569835,1.163094657147154
86.0,193.0,1227.05224609375,-3.352715882647232,1.5175128887557503,1.7347476848289154,1.920800388380988,0.7578362579151636,-1.342499324487973,-1.0832880604506736,2.122850769367898,2.62196557569835,1.163094657147154
86.0,193.0,1227.05224609375,-3.352715882647232,1.5175127829256274,1.7347476848289154,1.920800388380988,0.7578362579151636,-1.342499324487973,-1.0832880604506736,2.122850769367898,2.62196557569835,1.1630946567281075
86.0,193.0,1227.05322265625,-3.352715882647232,1.5175133642294345,1.7347476848289154,1.9208049857034435,0.7577946016729618,-1.342499322224326,-1.0832802787028095,2.1228722404382467,2.62196557569835,1.1631998871759752
86.0,193.0,1227.0533447265625,-3.3532206374527487,1.5175133642294345,1.7347476848289154,1.920737966596655,0.7577946016729618,-1.342499324517603,-1.0832802787028095,2.1228722404382467,2.62196557569835,1.1631998871759752
86.0,193.0,1227.05712890625,-3.3527191066672897,1.517513197603665,1.735005102395289,1.9208497947361969,0.7577239317380253,-1.3424996169554309,-1.083472871080999,2.1228912207176087,2.622285203382363,1.163064031236024
86.0,193.0,1227.058837890625,-3.352715882647232,1.5175129112967285,1.734857304094264,1.9207892138316736,0.7585984849755047,-1.3424996287018138,-1.0829004005365783,2.122850792065479,2.622403823058823,1.1630947663244586
86.0,193.0,1227.05908203125,-3.352678382223804,1.5175127894343046,1.734742965402654,1.9207563253705349,0.7578648209951725,-1.342499324487973,-1.0832795862288,2.1228507429515675,2.62238554102871,1.1630946710641
86.0,193.0,1227.05908203125,-3.352678382223804,1.51751288745179,1.7347477203282575,1.9207550841058685,0.7578648209951725,-1.342499324487973,-1.0832876891013077,2.1228507429515675,2.62238554102871,1.163096218261083
86.0,193.0,1227.080322265625,-3.354338441818389,1.5174787469791775,1.7347166503330718,1.9174645041266536,0.750582893320986,-1.3424993530030735,-1.0832690569374743,2.1228503187632057,2.621970774682132,1.1630053938820666
86.0,193.0,1227.0814208984375,-3.3543666248551287,1.517512482707709,1.732394367006202,1.9174543685510432,0.7505950787709915,-1.342501406828936,-1.0832704770381811,2.122850344891476,2.621975695416912,1.163007796696941
86.0,193.0,1227.0816650390625,-3.354338441818389,1.5175107607942049,1.7324889477257228,1.917511227666928,0.7505737285858065,-1.342502578030608,-1.0832690569374743,2.1228503187632057,2.621970774682132,1.1630053938820666
86.0,193.0,1227.082275390625,-3.3529325312845017,1.5175107607942049,1.7347248915166456,1.9175126833291865,0.750571568152487,-1.342499429816928,-1.0829047080696428,2.1228503187632057,2.621955757511468,1.1630053938820666
86.0,193.0,1227.08251953125,-3.3543040172490834,1.5174801339641824,1.7324403922343143,1.9178249028544885,0.750584661261204,-1.3425016414069677,-1.0832801512864,2.122850769367898,2.6219640758069827,1.1629964955179388
86.0,193.0,1227.0892333984375,-3.354268785988721,1.517512482707709,1.7323948777767746,1.9174543685510432,0.7507521154557293,-1.3424994749123829,-1.083270998938435,2.12287185413246,2.622395660747272,1.1632103373914062
86.0,193.0,1227.0894775390625,-3.354329124431701,1.517512482707709,1.7323948777767746,1.9174543685510432,0.750573781797534,-1.342501406828936,-1.0832704770381811,2.122850318475146,2.622395660747272,1.163007796696941
86.0,193.0,1227.0906982421875,-3.354338441818389,1.5175108579028125,1.734675687579528,1.9174543685510432,0.7505737285858065,-1.3424989370343017,-1.082903261437028,2.1228652631325304,2.622405938139412,1.1630053938820666
86.0,193.0,1227.091552734375,-3.354338441818389,1.5175108579028125,1.7323948777767746,1.9174543685510432,0.7505737285858065,-1.342502485844828,-1.082903261437028,2.1228503187632057,2.6223943938930367,1.1630053938820666
86.0,193.0,1227.091552734375,-3.354338441818389,1.517512482707709,1.7323948777767746,1.9174543685510432,0.7505737285858065,-1.342501406828936,-1.0829135405704673,2.1228503187632057,2.622395660747272,1.1630053938820666
86.0,193.0,1227.091552734375,-3.354338441818389,1.517512482707709,1.7323948777767746,1.9174543685510432,0.7505737285858065,-1.342501406828936,-1.0829135405704673,2.1228503187632057,2.622395660747272,1.1630053938820666
86.0,193.0,1227.0919189453125,-3.354338441818389,1.5175107607942049,1.7324868921282752,1.9175126833291865,0.7505737285858065,-1.3425025735905551,-1.082900587401698,2.1228503187632057,2.6224001041676943,1.1630053938820666
86.0,193.0,1227.0972900390625,-3.3532157766459507,1.5174770070238035,1.734742157704494,1.9207376282248647,0.7507629663779045,-1.342499324487973,-1.0832781448772877,2.1228503293549315,2.6219634278544266,1.163024623042753
86.0,193.0,1227.097412109375,-3.3532157766459507,1.5174801283679034,1.734742157704494,1.9207376282248647,0.7507661020498163,-1.342499324487973,-1.0832779388290064,2.1228503293549315,2.6219634278544266,1.163024623042753
86.0,193.0,1227.0975341796875,-3.352715882647232,1.517512782130431,1.7347476848289154,1.920799972513545,0.7509137385723788,-1.342499324487973,-1.0832880604506736,2.122850769367898,2.62196557569835,1.1630946567281075
86.0,193.0,1227.097900390625,-3.3532157766459507,1.5174770070238035,1.7347420981796422,1.9207376282248647,0.7505714846572997,-1.342499324487973,-1.083483030643681,2.1228503293549315,2.621962380355332,1.163024623042753
86.0,193.0,1227.097900390625,-3.3528208366862287,1.517479731395828,1.7347422254583926,1.920751077130187,0.75079938963031,-1.3424995596617326,-1.0832879325296976,2.1228495716118068,2.621969864912746,1.1630945551526388
86.0,193.0,1227.0987548828125,-3.3532056373162487,1.5174801345205224,1.7347371816797834,1.9207564412480969,0.7507605601812382,-1.3424993244737988,-1.0832801507818337,2.122850769367898,2.62196557569835,1.163189052563406
86.0,193.0,1227.098876953125,-3.3532157766459507,1.517477357317951,1.7347422254583926,1.9207564412480969,0.7507512927824712,-1.342499324487973,-1.083280181237757,2.122850769367898,2.621965883840947,1.163194405259932
86.0,193.0,1227.098876953125,-3.3528428302415128,1.5174801351007772,1.7347424531389164,1.9207567438724755,0.7507645165593433,-1.3424994640304493,-1.0832798953148288,2.122850769367898,2.6219642583927696,1.1631943424783315
86.0,193.0,1227.0989990234375,-3.3528208366862287,1.517480206869512,1.7347422254583926,1.9207564412480969,0.7507617940923866,-1.342499324487973,-1.0832801507818337,2.122865875656396,2.62196557569835,1.1631997851814602
86.0,193.0,1227.0989990234375,-3.3528208366862287,1.517480206869512,1.7347422254583926,1.9207556744526424,0.750757733388108,-1.3424995896347944,-1.0832801507818337,2.122865992956797,2.6219635068630414,1.1631997851814602
86.0,193.0,1227.0989990234375,-3.3528208366862287,1.5174802070417357,1.7347409418182949,1.9207556744526424,0.750758035165118,-1.3424995896347944,-1.0832801507818337,2.1228506359015715,2.6219635068630414,1.1631940533985434
86.0,194.0,1227.0352783203125,-3.352715914448632,1.517513197603665,1.735005102395289,1.9176396995691447,0.7578888534901181,-1.3424996169554309,-1.0832948251253696,2.122891213670864,2.621995947296029,1.1631084717754876
86.0,194.0,1227.037841796875,-3.354411370187681,1.517513197603665,1.735005102395289,1.9175476593232808,0.7577239317380253,-1.3424996169554309,-1.083472871080999,2.122891153902393,2.621995947296029,1.163064031236024
86.0,194.0,1227.039306640625,-3.354411370187681,1.5175128871358534,1.735005102395289,1.917855123303832,0.7577244804331776,-1.3424996169554309,-1.083472871080999,2.122847824431485,2.621995947296029,1.163064031236024
86.0,194.0,1227.0504150390625,-3.3543470630526384,1.517513450654654,1.7322340600810917,1.917486980539926,0.7578107799700403,-1.3424993226232191,-1.0832926124648925,2.122850769367898,2.622389000598194,1.1630946710641
86.0,194.0,1227.0504150390625,-3.3543470630526384,1.517513450654654,1.7322340600810917,1.917486980539926,0.7578107799700403,-1.3424993226232191,-1.0832926124648925,2.122850769367898,2.622389000598194,1.1630946710641
86.0,194.0,1227.0511474609375,-3.3527184469164286,1.5175128887557503,1.7347476848289154,1.9207892138316736,0.7582716550974188,-1.342499324487973,-1.0832880604506736,2.122850769367898,2.621965695884277,1.1631969406141554
86.0,194.0,1227.0511474609375,-3.3527184469164286,1.5175128887557503,1.7347476848289154,1.9207892138316736,0.7582716550974188,-1.342499324487973,-1.0832880604506736,2.122850769367898,2.621965695884277,1.1631969406141554
86.0,194.0,1227.0511474609375,-3.3527184469164286,1.5175128887557503,1.7347476848289154,1.9207892138316736,0.7582716550974188,-1.342499324487973,-1.0832880604506736,2.122850769367898,2.621965695884277,1.1631969406141554
86.0,194.0,1227.0511474609375,-3.3527184469164286,1.5175127907382653,1.7347429299033117,1.92079045509634,0.7582716550974188,-1.342499324487973,-1.083279957578166,2.122850769367898,2.621965695884277,1.1631953934171722
86.0,194.0,1227.05126953125,-3.3527184469164286,1.5175128902318968,1.7347476848289154,1.92080094315038,0.7582616488091279,-1.342499324487973,-1.0832880604506736,2.122850769597584,2.6219657041873883,1.163192756737188
86.0,194.0,1227.051513671875,-3.352730527250044,1.5175128887557503,1.7347475082421244,1.920844346723566,0.7582716550974188,-1.342499288887633,-1.0832880604506736,2.122850769367898,2.621965695884277,1.1631969406141554
86.0,194.0,1227.051513671875,-3.3526811299441444,1.5175127887669284,1.7347475082421244,1.9208477409724063,0.7582716550974188,-1.342499288887633,-1.0832800190978622,2.122850769367898,2.621965695884277,1.163198338143649
86.0,194.0,1227.0517578125,-3.352715882647232,1.5175127894343046,1.7347424546320815,1.9207563253705349,0.7578861179686299,-1.342499324487973,-1.0832795862288,2.122850769367898,2.62196557569835,1.1630946710641
86.0,194.0,1227.0517578125,-3.352715882647232,1.5175127894343046,1.7347422125214478,1.9207511328964977,0.7578861179686299,-1.3424993257280633,-1.0832794669280223,2.1228496208445105,2.62196557569835,1.1630946710641
86.0,194.0,1227.0517578125,-3.352715882647232,1.5175127894343046,1.7347424546320815,1.9207563253705349,0.7578861179686299,-1.342499324487973,-1.0832795862288,2.122850769367898,2.62196557569835,1.1630946710641
86.0,194.0,1227.052001953125,-3.352715882647232,1.5175127901398524,1.7347476848289154,1.920788609611901,0.7578861179686299,-1.342499324487973,-1.0832880604506736,2.122850769367898,2.62196557569835,1.1630946710641
86.0,194.0,1227.052001953125,-3.352715882647232,1.5175128764501875,1.7347476848289154,1.920788609611901,0.7578861179686299,-1.342499324487973,-1.0832793266272542,2.122850769367898,2.62196557569835,1.163097626528431
86.0,194.0,1227.052001953125,-3.352715882647232,1.5175127829256274,1.7347475430134862,1.9207985744535203,0.7578836237849436,-1.3424993244682295,-1.0832880604506736,2.122850769367898,2.62196557569835,1.1630946573545613
86.0,194.0,1227.0521240234375,-3.352715882647232,1.5175128987692317,1.7347476848289154,1.920801041338685,0.7578824937228692,-1.342499324487973,-1.0832880604506736,2.1228506610865665,2.62196557569835,1.163099891901825
86.0,194.0,1227.0521240234375,-3.352715882647232,1.517512774595182,1.7347476848289154,1.920801041338685,0.7578824937228692,-1.342499324487973,-1.0832880604506736,2.122850669302521,2.62196557569835,1.163100571385829
86.0,194.0,1227.0521240234375,-3.352715882647232,1.5175128987692317,1.7347476848289154,1.920801041338685,0.7578824937228692,-1.342499324487973,-1.0832880604506736,2.1228506610865665,2.6219656954904083,1.163099891901825
86.0,194.0,1227.05224609375,-3.352715882647232,1.5175128887557503,1.7347476848289154,1.9207892138316736,0.7578107799700403,-1.342499324487973,-1.0832880604506736,2.122850769367898,2.62196557569835,1.1630946710641
86.0,194.0,1227.05224609375,-3.352715882647232,1.5175128887557503,1.7347476848289154,1.920800388380988,0.7578362579151636,-1.342499324487973,-1.0832880604506736,2.122850769367898,2.62196557569835,1.163094657147154
86.0,194.0,1227.05224609375,-3.352715882647232,1.5175127829256274,1.7347476848289154,1.920800388380988,0.7578362579151636,-1.342499324487973,-1.0832880604506736,2.122850769367898,2.62196557569835,1.1630946567281075
86.0,194.0,1227.05224609375,-3.352715882647232,1.5175127829256274,1.7347476848289154,1.920800388380988,0.7578362579151636,-1.342499324487973,-1.0832880604506736,2.122850769367898,2.62196557569835,1.1630946567281075
86.0,194.0,1227.05224609375,-3.352731074355254,1.517513450654654,1.734747697631725,1.9207865529167127,0.7578107799700403,-1.3424993226232191,-1.0832880604506736,2.122850769367898,2.62196557569835,1.1630946710641
86.0,194.0,1227.05224609375,-3.352715882647232,1.5175128887557503,1.7347476848289154,1.920800388380988,0.7578362579151636,-1.342499324487973,-1.0832880604506736,2.122850769367898,2.62196557569835,1.163094657147154
86.0,194.0,1227.05224609375,-3.352715882647232,1.5175128887557503,1.7347476848289154,1.920800388380988,0.7578362579151636,-1.342499324487973,-1.0832880604506736,2.122850769367898,2.62196557569835,1.163094657147154
86.0,194.0,1227.05224609375,-3.352715882647232,1.5175127829256274,1.7347476848289154,1.920800388380988,0.7578362579151636,-1.342499324487973,-1.0832880604506736,2.122850769367898,2.62196557569835,1.1630946567281075
86.0,194.0,1227.05224609375,-3.352715882647232,1.5175128887557503,1.7347476848289154,1.9207892138316736,0.7578107799700403,-1.3424993244915204,-1.0832880604506736,2.122850769367898,2.62196557569835,1.1630946710641
86.0,194.0,1227.05224609375,-3.352715882647232,1.5175127829256274,1.7347476848289154,1.920800388380988,0.7578362579151636,-1.342499324487973,-1.0832880604506736,2.122850769367898,2.62196557569835,1.1630946567281075
86.0,194.0,1227.0523681640625,-3.3526953606081,1.5175128615352906,1.7347476848289154,1.920800388380988,0.7578089821377625,-1.342499324513172,-1.0832880604506736,2.122850769367898,2.62196557569835,1.163094657147154
86.0,194.0,1227.0523681640625,-3.352715882647232,1.5175128887557503,1.7347476848289154,1.9208000870561344,0.7577921342677523,-1.3424993221004509,-1.0832880604506736,2.122850769367898,2.62196557569835,1.1630896371486423
86.0,194.0,1227.052978515625,-3.352715882647232,1.5175133642294345,1.7347476848289154,1.920805287028297,0.7578387253203731,-1.3424993246118482,-1.0832802787028095,2.1228722404382467,2.62196557569835,1.1632049071744868
86.0,194.0,1227.05322265625,-3.352715882647232,1.5175133642294345,1.7347476848289154,1.9208049857034435,0.7577946016729618,-1.342499322224326,-1.0832802787028095,2.1228722404382467,2.62196557569835,1.1631998871759752
86.0,194.0,1227.0533447265625,-3.3532206374527487,1.5175133642294345,1.7347476848289154,1.920737966596655,0.7577946016729618,-1.342499324517603,-1.0832802787028095,2.1228722404382467,2.62196557569835,1.1631998871759752
86.0,194.0,1227.053955078125,-3.354411338386282,1.517512774595182,1.7347476848289154,1.9207090010928216,0.7577175719707764,-1.342499324487973,-1.0834661064063036,2.1228506095340505,2.62196557569835,1.1630561308463652
86.0,194.0,1227.0546875,-3.352715882647232,1.5175127829256274,1.7324562019873126,1.920800388380988,0.7578362579151636,-1.3425016837872812,-1.0832879209680542,2.122850769367898,2.621964019612948,1.1629980772013058
86.0,194.0,1227.054931640625,-3.3527184940227603,1.5175132110990306,1.7350078757717553,1.920850702284287,0.7582677229966643,-1.3424996169554309,-1.083472871080999,2.1228912207176087,2.622280002035456,1.163064031236024
86.0,194.0,1227.05712890625,-3.3527191066672897,1.517513197603665,1.735005102395289,1.9208497947361969,0.7577239317380253,-1.3424996169554309,-1.083472871080999,2.1228912207176087,2.622285203382363,1.163064031236024
86.0,194.0,1227.058837890625,-3.352715882647232,1.5175129112967285,1.734857304094264,1.9207892138316736,0.7585984849755047,-1.3424996287018138,-1.0829004005365783,2.122850792065479,2.622403823058823,1.1630947663244586
86.0,194.0,1227.05908203125,-3.352678382223804,1.5175127894343046,1.734742965402654,1.9207563253705349,0.7578648209951725,-1.342499324487973,-1.0832795862288,2.1228507429515675,2.62238554102871,1.1630946710641
86.0,194.0,1227.05908203125,-3.352678382223804,1.51751288745179,1.7347477203282575,1.9207550841058685,0.7578648209951725,-1.342499324487973,-1.0832876891013077,2.1228507429515675,2.62238554102871,1.163096218261083
86.0,194.0,1227.05908203125,-3.3527277795297032,1.517512889423127,1.734742965402654,1.9207529311216944,0.7578648209951725,-1.342499324487973,-1.0832876275816117,2.1228507429515675,2.62238554102871,1.163093273534606
86.0,194.0,1227.05908203125,-3.352678382223804,1.51751288745179,1.7347477203282575,1.9207550841058685,0.7578648209951725,-1.342499324487973,-1.0832876891013077,2.1228507429515675,2.62238554102871,1.163096218261083
86.0,194.0,1227.068359375,-3.354338441818389,1.5175127882559285,1.7323948777767746,1.920758529294192,0.7574334759446968,-1.342499263933213,-1.0829135405704673,2.1228507800839065,2.622374706046132,1.1629986631141385
86.0,194.0,1227.0777587890625,-3.352715882647232,1.5175124773774085,1.7347476848289154,1.91749622763784,0.7509765105562733,-1.342501467383696,-1.0832880604506736,2.122850308047197,2.62198653039949,1.1631013874960356
86.0,194.0,1227.080322265625,-3.354338441818389,1.5174787469791775,1.7347166503330718,1.9174645041266536,0.750582893320986,-1.3424993530030735,-1.0832690569374743,2.1228503187632057,2.621970774682132,1.1630053938820666
86.0,194.0,1227.081298828125,-3.352715882647232,1.5175127894343046,1.734742354336877,1.9207529468239648,0.7578387520988501,-1.3424993257478066,-1.0832794669280223,2.130935929346144,2.62196557569835,1.1630946704376466
86.0,194.0,1227.0814208984375,-3.3543666248551287,1.517512482707709,1.732394367006202,1.9174543685510432,0.7505950787709915,-1.342501406828936,-1.0832704770381811,2.122850344891476,2.621975695416912,1.163007796696941
86.0,195.0,1227.0352783203125,-3.352715914448632,1.517513197603665,1.735005102395289,1.9176396995691447,0.7578888534901181,-1.3424996169554309,-1.0832948251253696,2.122891213670864,2.621995947296029,1.1631084717754876
86.0,195.0,1227.0352783203125,-3.352715914448632,1.517513197603665,1.735005102395289,1.9176396995691447,0.7578888534901181,-1.3424996169554309,-1.0832948251253696,2.122891213670864,2.621995947296029,1.1631084717754876
86.0,195.0,1227.0352783203125,-3.352715914448632,1.517513197603665,1.735005102395289,1.9176396995691447,0.7578888534901181,-1.3424996169554309,-1.0832948251253696,2.122891213670864,2.621995947296029,1.1631084717754876
86.0,195.0,1227.037353515625,-3.354411370187681,1.517513197603665,1.735005102395289,1.917487443985388,0.7578110210278037,-1.3424996169554309,-1.0834694764563575,2.122891153902393,2.621995947296029,1.1630640089120017
86.0,195.0,1227.037841796875,-3.354411370187681,1.517513197603665,1.735005102395289,1.9175476593232808,0.7577239317380253,-1.3424996169554309,-1.083472871080999,2.122891153902393,2.621995947296029,1.163064031236024
86.0,195.0,1227.037841796875,-3.354411370187681,1.517513197603665,1.735005102395289,1.9175476593232808,0.7577239317380253,-1.3424996169554309,-1.083472871080999,2.122891153902393,2.621995947296029,1.163064031236024
86.0,195.0,1227.0386962890625,-3.354411370187681,1.5175128871358534,1.735005102395289,1.917855123303832,0.7577319719517053,-1.3424996169554309,-1.083472871080999,2.122847824431485,2.6219653562610983,1.1630644705861055
86.0,195.0,1227.039306640625,-3.354411370187681,1.5175128871358534,1.735005102395289,1.917855123303832,0.7577244804331776,-1.3424996169554309,-1.083472871080999,2.122847824431485,2.621995947296029,1.163064031236024
86.0,195.0,1227.039306640625,-3.352786093762981,1.5175134469017395,1.7322431736562307,1.9176469613661973,0.7578108271220684,-1.342499322617936,-1.0832928984868004,2.122850769367898,2.621959858538889,1.1630948154589198
86.0,195.0,1227.045654296875,-3.3543470630526384,1.517513450654654,1.7347461075802169,1.917486980539926,0.7578107799700403,-1.3424993227197728,-1.0832881258503593,2.122850769367898,2.6224085499415417,1.1631004946619128
86.0,195.0,1227.0504150390625,-3.3543470630526384,1.517513450654654,1.7322340600810917,1.917486980539926,0.7578107799700403,-1.3424993226232191,-1.0832926124648925,2.122850769367898,2.622389000598194,1.1630946710641
86.0,195.0,1227.0504150390625,-3.3543470630526384,1.517513450654654,1.7322340600810917,1.917486980539926,0.7578107799700403,-1.3424993226232191,-1.0832926124648925,2.122850769367898,2.622389000598194,1.1630946710641
86.0,195.0,1227.0511474609375,-3.3527184469164286,1.5175128887557503,1.7347476848289154,1.9207892138316736,0.7582716550974188,-1.342499324487973,-1.0832880604506736,2.122850769367898,2.621965695884277,1.1631969406141554
86.0,195.0,1227.0511474609375,-3.3527184469164286,1.5175128887557503,1.7347476848289154,1.9207892138316736,0.7582716550974188,-1.342499324487973,-1.0832880604506736,2.122850769367898,2.621965695884277,1.1631969406141554
86.0,195.0,1227.0511474609375,-3.3527184469164286,1.5175128887557503,1.7347476848289154,1.9207892138316736,0.7582716550974188,-1.342499324487973,-1.0832880604506736,2.122850769367898,2.621965695884277,1.1631969406141554
86.0,195.0,1227.0511474609375,-3.3527184469164286,1.5175127907382653,1.7347429299033117,1.92079045509634,0.7582716550974188,-1.342499324487973,-1.083279957578166,2.122850769367898,2.621965695884277,1.1631953934171722
86.0,195.0,1227.05126953125,-3.3527184469164286,1.5175128902318968,1.7347476848289154,1.92080094315038,0.7582616488091279,-1.342499324487973,-1.0832880604506736,2.122850769597584,2.6219657041873883,1.163192756737188
86.0,195.0,1227.051513671875,-3.352730527250044,1.5175128887557503,1.7347475082421244,1.920844346723566,0.7582716550974188,-1.342499288887633,-1.0832880604506736,2.122850769367898,2.621965695884277,1.1631969406141554
86.0,195.0,1227.051513671875,-3.3526811299441444,1.5175127887669284,1.7347475082421244,1.9208477409724063,0.7582716550974188,-1.342499288887633,-1.0832800190978622,2.122850769367898,2.621965695884277,1.163198338143649
86.0,195.0,1227.0517578125,-3.352715882647232,1.5175127894343046,1.7347424546320815,1.9207563253705349,0.7578861179686299,-1.342499324487973,-1.0832795862288,2.122850769367898,2.62196557569835,1.1630946710641
86.0,195.0,1227.0517578125,-3.352715882647232,1.5175127894343046,1.7347422125214478,1.9207511328964977,0.7578861179686299,-1.3424993257280633,-1.0832794669280223,2.1228496208445105,2.62196557569835,1.1630946710641
86.0,195.0,1227.0517578125,-3.352715882647232,1.5175127894343046,1.7347424546320815,1.9207563253705349,0.7578861179686299,-1.342499324487973,-1.0832795862288,2.122850769367898,2.62196557569835,1.1630946710641
86.0,195.0,1227.0517578125,-3.352715882647232,1.5175127936875832,1.734742224633249,1.9207511328964977,0.7578861179686299,-1.3424993257280633,-1.0832794669280223,2.1228496208445105,2.621965574449157,1.1630946710641
86.0,195.0,1227.0517578125,-3.352715882647232,1.5175127894343046,1.7347424546320815,1.9207563253705349,0.7578861179686299,-1.342499324487973,-1.0832795862288,2.122850769367898,2.62196557569835,1.1630946710641
86.0,195.0,1227.052001953125,-3.352715882647232,1.5175127901398524,1.7347476848289154,1.920788609611901,0.7578861179686299,-1.342499324487973,-1.0832880604506736,2.122850769367898,2.62196557569835,1.1630946710641
86.0,195.0,1227.052001953125,-3.352715882647232,1.5175128764501875,1.7347476848289154,1.920788609611901,0.7578861179686299,-1.342499324487973,-1.0832793266272542,2.122850769367898,2.62196557569835,1.163097626528431
86.0,195.0,1227.052001953125,-3.352715882647232,1.5175127829256274,1.7347475430134862,1.9207985744535203,0.7578836237849436,-1.3424993244682295,-1.0832880604506736,2.122850769367898,2.62196557569835,1.1630946573545613
86.0,195.0,1227.052001953125,-3.352715882647232,1.5175127880559782,1.7347424851001347,1.9207858167638057,0.7578861179686299,-1.342499324487973,-1.0832795862288,2.122850769367898,2.62196557569835,1.1630946578120842
86.0,195.0,1227.052001953125,-3.352715882647232,1.5175127829256274,1.7347476848289154,1.920800388380988,0.757887117327126,-1.342499324487973,-1.0832880604506736,2.122850769367898,2.62196557569835,1.1630946711124552
86.0,195.0,1227.0521240234375,-3.352715882647232,1.5175128987692317,1.7347476848289154,1.920801041338685,0.7578824937228692,-1.342499324487973,-1.0832880604506736,2.1228506610865665,2.62196557569835,1.163099891901825
86.0,195.0,1227.0521240234375,-3.352715882647232,1.517512774595182,1.7347476848289154,1.920801041338685,0.7578824937228692,-1.342499324487973,-1.0832880604506736,2.122850669302521,2.62196557569835,1.163100571385829
86.0,195.0,1227.0521240234375,-3.352715882647232,1.5175128987692317,1.7347476848289154,1.920801041338685,0.7578824937228692,-1.342499324487973,-1.0832880604506736,2.1228506610865665,2.6219656954904083,1.163099891901825
86.0,195.0,1227.05224609375,-3.352715882647232,1.5175128887557503,1.7347476848289154,1.9207892138316736,0.7578107799700403,-1.342499324487973,-1.0832880604506736,2.122850769367898,2.62196557569835,1.1630946710641
86.0,195.0,1227.05224609375,-3.352715882647232,1.5175128887557503,1.7347476848289154,1.920800388380988,0.7578362579151636,-1.342499324487973,-1.0832880604506736,2.122850769367898,2.62196557569835,1.163094657147154
86.0,195.0,1227.05224609375,-3.352715882647232,1.5175127829256274,1.7347476848289154,1.920800388380988,0.7578362579151636,-1.342499324487973,-1.0832880604506736,2.122850769367898,2.62196557569835,1.1630946567281075
86.0,195.0,1227.05224609375,-3.352715882647232,1.5175127829256274,1.7347476848289154,1.920800388380988,0.7578362579151636,-1.342499324487973,-1.0832880604506736,2.122850769367898,2.62196557569835,1.1630946567281075
86.0,195.0,1227.05224609375,-3.352731074355254,1.517513450654654,1.734747697631725,1.9207865529167127,0.7578107799700403,-1.3424993226232191,-1.0832880604506736,2.122850769367898,2.62196557569835,1.1630946710641
86.0,195.0,1227.05224609375,-3.352715882647232,1.5175128887557503,1.7347476848289154,1.920800388380988,0.7578362579151636,-1.342499324487973,-1.0832880604506736,2.122850769367898,2.62196557569835,1.163094657147154
86.0,195.0,1227.05224609375,-3.352715882647232,1.5175128887557503,1.7347476848289154,1.920800388380988,0.7578362579151636,-1.342499324487973,-1.0832880604506736,2.122850769367898,2.62196557569835,1.163094657147154
86.0,195.0,1227.05224609375,-3.352715882647232,1.5175127829256274,1.7347476848289154,1.920800388380988,0.7578362579151636,-1.342499324487973,-1.0832880604506736,2.122850769367898,2.62196557569835,1.1630946567281075
86.0,195.0,1227.05224609375,-3.352715882647232,1.5175128887557503,1.7347476848289154,1.9207892138316736,0.7578107799700403,-1.3424993244915204,-1.0832880604506736,2.122850769367898,2.62196557569835,1.1630946710641
86.0,195.0,1227.05224609375,-3.352715882647232,1.5175127829256274,1.7347476848289154,1.920800388380988,0.7578362579151636,-1.342499324487973,-1.0832880604506736,2.122850769367898,2.62196557569835,1.1630946567281075
86.0,195.0,1227.05224609375,-3.352715882647232,1.5175128887557503,1.7347475440107956,1.9207985238964944,0.7578360214549068,-1.342499324487973,-1.0832880604506736,2.122850769367898,2.62196557569835,1.163094657354243
86.0,195.0,1227.05224609375,-3.352715882647232,1.5175129001664212,1.7347476848289154,1.920801053115926,0.7578362579151636,-1.342499324487973,-1.0832880604506736,2.122850774013384,2.62196557569835,1.163094657147154
86.0,195.0,1227.05224609375,-3.352728316177513,1.5175128887557503,1.7347476848289154,1.920800388380988,0.7578308807472679,-1.342499324487973,-1.0832880604506736,2.122850769367898,2.62196557569835,1.163094657147154
86.0,195.0,1227.0523681640625,-3.3526953606081,1.5175128615352906,1.7347476848289154,1.920800388380988,0.7578089821377625,-1.342499324513172,-1.0832880604506736,2.122850769367898,2.62196557569835,1.163094657147154
86.0,195.0,1227.0523681640625,-3.352715882647232,1.5175128887557503,1.7347476848289154,1.9208000870561344,0.7577921342677523,-1.3424993221004509,-1.0832880604506736,2.122850769367898,2.62196557569835,1.1630896371486423
86.0,195.0,1227.052490234375,-3.3526953606081,1.517512781027851,1.7347476848289154,1.920800388380988,0.7577142298762463,-1.342499324513172,-1.0832880604506736,2.122850769367898,2.62196557569835,1.1630574265114504
86.0,195.0,1227.0528564453125,-3.352715882647232,1.5175128887557503,1.7347476848289154,1.9207892138316736,0.7578032884515127,-1.3424993244915204,-1.0832880604506736,2.122850769367898,2.6219961667332807,1.163094231714018
86.0,195.0,1227.052978515625,-3.352715882647232,1.5175133642294345,1.7347476848289154,1.920805287028297,0.7578387253203731,-1.3424993246118482,-1.0832802787028095,2.1228722404382467,2.62196557569835,1.1632049071744868
86.0,196.0,1227.0341796875,-3.3526481299637387,1.517513197603665,1.735005102395289,1.9176364312795984,0.7578110210278037,-1.3424996169554309,-1.0834764276354354,2.1228912132719846,2.621995947296029,1.1630640089120017
86.0,196.0,1227.0352783203125,-3.352715914448632,1.517513197603665,1.735005102395289,1.9176396995691447,0.7578888534901181,-1.3424996169554309,-1.0832948251253696,2.122891213670864,2.621995947296029,1.1631084717754876
86.0,196.0,1227.0352783203125,-3.352715914448632,1.517513197603665,1.735005102395289,1.9176396995691447,0.7578888534901181,-1.3424996169554309,-1.0832948251253696,2.122891213670864,2.621995947296029,1.1631084717754876
86.0,196.0,1227.0352783203125,-3.352715914448632,1.517513197603665,1.735005102395289,1.9176396995691447,0.7578888534901181,-1.3424996169554309,-1.0832948251253696,2.122891213670864,2.621995947296029,1.1631084717754876
86.0,196.0,1227.0352783203125,-3.352715882647232,1.517512799899254,1.7347476848289154,1.9176803621373448,0.7578362579151636,-1.342499324487973,-1.083295270777502,2.122850769367898,2.6219668563635223,1.1630946567281075
86.0,196.0,1227.0352783203125,-3.352715914448632,1.517513197603665,1.735005102395289,1.9176396995691447,0.7578888534901181,-1.3424996169554309,-1.0832898699192934,2.122891213670864,2.621995947296029,1.1631084717754876
86.0,196.0,1227.037353515625,-3.354411370187681,1.517513197603665,1.735005102395289,1.917487443985388,0.7578110210278037,-1.3424996169554309,-1.0834694764563575,2.122891153902393,2.621995947296029,1.1630640089120017
86.0,196.0,1227.037841796875,-3.354411370187681,1.517513197603665,1.735005102395289,1.9175476593232808,0.7577239317380253,-1.3424996169554309,-1.083472871080999,2.122891153902393,2.621995947296029,1.163064031236024
86.0,196.0,1227.037841796875,-3.354411370187681,1.517513197603665,1.735005102395289,1.9175476593232808,0.7577239317380253,-1.3424996169554309,-1.083472871080999,2.122891153902393,2.621995947296029,1.163064031236024
86.0,196.0,1227.037841796875,-3.354411370187681,1.517513197603665,1.735005102395289,1.9175476593232808,0.7577239317380253,-1.3424996169554309,-1.0834778262870757,2.122891153902393,2.621995947296029,1.163064031236024
86.0,196.0,1227.038330078125,-3.354479154672574,1.517513197603665,1.735005102395289,1.917490712274934,0.7578888534901181,-1.3424996169554309,-1.083287873946292,2.1228911543012727,2.621995947296029,1.1631084717754876
86.0,196.0,1227.03857421875,-3.354411370187681,1.5175128871358534,1.735005102395289,1.917855123303832,0.7582487642523126,-1.3424993199802435,-1.0832902727870828,2.122847877139035,2.6219663733226986,1.163191620232768
86.0,196.0,1227.0386962890625,-3.354411370187681,1.5175128871358534,1.735005102395289,1.917855123303832,0.7577319719517053,-1.3424996169554309,-1.083472871080999,2.122847824431485,2.6219653562610983,1.1630644705861055
86.0,196.0,1227.039306640625,-3.354411370187681,1.5175128871358534,1.735005102395289,1.917855123303832,0.7577244804331776,-1.3424996169554309,-1.083472871080999,2.122847824431485,2.621995947296029,1.163064031236024
86.0,196.0,1227.039306640625,-3.352786093762981,1.5175134469017395,1.7322431736562307,1.9176469613661973,0.7578108271220684,-1.342499322617936,-1.0832928984868004,2.122850769367898,2.621959858538889,1.1630948154589198
86.0,196.0,1227.039306640625,-3.352786093762981,1.5175134469017395,1.7322431736562307,1.9176469613661973,0.7578108271220684,-1.342499322617936,-1.0832928984868004,2.122850769367898,2.621959858538889,1.1630948154589198
86.0,196.0,1227.039306640625,-3.354411370187681,1.5175128871358534,1.735005102395289,1.917855123303832,0.7577244804331776,-1.3424996169554309,-1.083472871080999,2.122847824431485,2.621995947296029,1.163064031236024
86.0,196.0,1227.045654296875,-3.3543470630526384,1.517513450654654,1.7347461075802169,1.917486980539926,0.7578107799700403,-1.3424993227197728,-1.0832881258503593,2.122850769367898,2.6224085499415417,1.1631004946619128
86.0,196.0,1227.0504150390625,-3.3543470630526384,1.517513450654654,1.7322340600810917,1.917486980539926,0.7578107799700403,-1.3424993226232191,-1.0832926124648925,2.122850769367898,2.622389000598194,1.1630946710641
86.0,196.0,1227.0504150390625,-3.3543470630526384,1.517513450654654,1.7322340600810917,1.917486980539926,0.7578107799700403,-1.3424993226232191,-1.0832926124648925,2.122850769367898,2.622389000598194,1.1630946710641
86.0,196.0,1227.0504150390625,-3.3543470630526384,1.5175134075134304,1.7322340600810917,1.9174789076699807,0.7578107799700403,-1.3424993226232191,-1.0832881045056737,2.122850769367898,2.622389000598194,1.1630946710641
86.0,196.0,1227.051025390625,-3.3527184469164286,1.5175128887557503,1.7347476848289154,1.9207892138316736,0.7582799254338829,-1.342499324487973,-1.0832880604506736,2.122850769367898,2.621965695884277,1.1631837643936456
86.0,196.0,1227.051025390625,-3.3525612282645625,1.5175131987964734,1.735005102395289,1.9207196161904272,0.7582481985075978,-1.3424996169554309,-1.0832832851773735,2.122891153902393,2.621995947296029,1.1631968414489091
86.0,196.0,1227.0511474609375,-3.3527184469164286,1.5175128887557503,1.7347476848289154,1.9207892138316736,0.7582716550974188,-1.342499324487973,-1.0832880604506736,2.122850769367898,2.621965695884277,1.1631969406141554
86.0,196.0,1227.0511474609375,-3.3527184469164286,1.5175128887557503,1.7347476848289154,1.9207892138316736,0.7582716550974188,-1.342499324487973,-1.0832880604506736,2.122850769367898,2.621965695884277,1.1631969406141554
86.0,196.0,1227.0511474609375,-3.3527184469164286,1.5175128887557503,1.7347476848289154,1.9207892138316736,0.7582716550974188,-1.342499324487973,-1.0832880604506736,2.122850769367898,2.621965695884277,1.1631969406141554
86.0,196.0,1227.0511474609375,-3.3527184469164286,1.5175127907382653,1.7347429299033117,1.92079045509634,0.7582716550974188,-1.342499324487973,-1.083279957578166,2.122850769367898,2.621965695884277,1.1631953934171722
86.0,196.0,1227.05126953125,-3.3527184469164286,1.5175128902318968,1.7347476848289154,1.92080094315038,0.7582616488091279,-1.342499324487973,-1.0832880604506736,2.122850769597584,2.6219657041873883,1.163192756737188
86.0,196.0,1227.05126953125,-3.3527186197669443,1.5175127906861028,1.7347474384599657,1.920791455718997,0.7582716550974188,-1.3424992889171958,-1.0832800190978622,2.122850769367898,2.621965695884277,1.163198338143649
86.0,196.0,1227.051513671875,-3.352730527250044,1.5175128887557503,1.7347475082421244,1.920844346723566,0.7582716550974188,-1.342499288887633,-1.0832880604506736,2.122850769367898,2.621965695884277,1.1631969406141554
86.0,196.0,1227.051513671875,-3.3526811299441444,1.5175127887669284,1.7347475082421244,1.9208477409724063,0.7582716550974188,-1.342499288887633,-1.0832800190978622,2.122850769367898,2.621965695884277,1.163198338143649
86.0,196.0,1227.0517578125,-3.352715882647232,1.5175127894343046,1.7347424546320815,1.9207563253705349,0.7578861179686299,-1.342499324487973,-1.0832795862288,2.122850769367898,2.62196557569835,1.1630946710641
86.0,196.0,1227.0517578125,-3.352715882647232,1.5175127894343046,1.7347422125214478,1.9207511328964977,0.7578861179686299,-1.3424993257280633,-1.0832794669280223,2.1228496208445105,2.62196557569835,1.1630946710641
86.0,196.0,1227.0517578125,-3.352715882647232,1.5175127894343046,1.7347424546320815,1.9207563253705349,0.7578861179686299,-1.342499324487973,-1.0832795862288,2.122850769367898,2.62196557569835,1.1630946710641
86.0,196.0,1227.0517578125,-3.352715882647232,1.5175127936875832,1.734742224633249,1.9207511328964977,0.7578861179686299,-1.3424993257280633,-1.0832794669280223,2.1228496208445105,2.621965574449157,1.1630946710641
86.0,196.0,1227.0517578125,-3.352715882647232,1.5175127894343046,1.7347424546320815,1.9207563253705349,0.7578861179686299,-1.342499324487973,-1.0832795862288,2.122850769367898,2.62196557569835,1.1630946710641
86.0,196.0,1227.0517578125,-3.352715882647232,1.517512789140497,1.734742224633249,1.9207511328964977,0.7578861179686299,-1.3424993257280633,-1.083279587097165,2.1228496208445105,2.621965574459124,1.1630946710641
86.0,196.0,1227.0517578125,-3.352715882647232,1.5175127939813908,1.7347424546320815,1.9207563253705349,0.7578861179686299,-1.342499324487973,-1.0832794660596574,2.122850769367898,2.621965575688384,1.1630946710641
86.0,196.0,1227.052001953125,-3.352715882647232,1.5175127901398524,1.7347476848289154,1.920788609611901,0.7578861179686299,-1.342499324487973,-1.0832880604506736,2.122850769367898,2.62196557569835,1.1630946710641
86.0,196.0,1227.052001953125,-3.352715882647232,1.5175128764501875,1.7347476848289154,1.920788609611901,0.7578861179686299,-1.342499324487973,-1.0832793266272542,2.122850769367898,2.62196557569835,1.163097626528431
86.0,196.0,1227.052001953125,-3.352715882647232,1.5175127829256274,1.7347475430134862,1.9207985744535203,0.7578836237849436,-1.3424993244682295,-1.0832880604506736,2.122850769367898,2.62196557569835,1.1630946573545613
86.0,196.0,1227.052001953125,-3.352715882647232,1.5175127880559782,1.7347424851001347,1.9207858167638057,0.7578861179686299,-1.342499324487973,-1.0832795862288,2.122850769367898,2.62196557569835,1.1630946578120842
86.0,196.0,1227.052001953125,-3.352715882647232,1.5175127829256274,1.7347476848289154,1.920800388380988,0.757887117327126,-1.342499324487973,-1.0832880604506736,2.122850769367898,2.62196557569835,1.1630946711124552
86.0,196.0,1227.052001953125,-3.352715882647232,1.5175128887557503,1.7347426093057303,1.9207592634017656,0.7578360214549068,-1.342499324487973,-1.0832880604506736,2.122850769367898,2.62196557569835,1.1630946711273704
86.0,196.0,1227.052001953125,-3.352715882647232,1.5175127880559782,1.7347424851001347,1.920786043540652,0.7578861179686299,-1.342499324487973,-1.0832786930651856,2.122850769367898,2.62196557569835,1.1630946578120842
86.0,196.0,1227.052001953125,-3.352715882647232,1.5175127894343046,1.7347473893371468,1.920795585865264,0.7578861179686299,-1.342499324487973,-1.0832795862288,2.122850769367898,2.62196557569835,1.1630946572909722
86.0,196.0,1227.052001953125,-3.3527184469164286,1.5175128887557503,1.7347476848289154,1.9207892138316736,0.7577473712782838,-1.3424996214631604,-1.0834706587445904,2.122850716660349,2.6219952698576074,1.1630693516174115
86.0,196.0,1227.0521240234375,-3.352715882647232,1.5175128987692317,1.7347476848289154,1.920801041338685,0.7578824937228692,-1.342499324487973,-1.0832880604506736,2.1228506610865665,2.62196557569835,1.163099891901825
86.0,196.0,1227.0521240234375,-3.352715882647232,1.517512774595182,1.7347476848289154,1.920801041338685,0.7578824937228692,-1.342499324487973,-1.0832880604506736,2.122850669302521,2.62196557569835,1.163100571385829
86.0,196.0,1227.0521240234375,-3.352715882647232,1.5175128987692317,1.7347476848289154,1.920801041338685,0.7578824937228692,-1.342499324487973,-1.0832880604506736,2.1228506610865665,2.6219656954904083,1.163099891901825
86.0,197.0,1227.0341796875,-3.3526481299637387,1.517513197603665,1.735005102395289,1.9176364312795984,0.7578110210278037,-1.3424996169554309,-1.0834764276354354,2.1228912132719846,2.621995947296029,1.1630640089120017
86.0,197.0,1227.0350341796875,-3.352715914448632,1.5175131975535123,1.735005102395289,1.9177602392464064,0.7582454859494034,-1.3424996169554309,-1.0832948251253696,2.122891210012884,2.621995947296029,1.1631939874412027
86.0,197.0,1227.03515625,-3.352644290172567,1.517513197603665,1.735005102395289,1.9176397339250333,0.7578873514882745,-1.3424996169554309,-1.0832898699192934,2.122891213670864,2.621995947296029,1.1631152787476946
86.0,197.0,1227.0352783203125,-3.352715914448632,1.517513197603665,1.735005102395289,1.9176396995691447,0.7578888534901181,-1.3424996169554309,-1.0832948251253696,2.122891213670864,2.621995947296029,1.1631084717754876
86.0,197.0,1227.0352783203125,-3.352715914448632,1.517513197603665,1.735005102395289,1.9176396995691447,0.7578888534901181,-1.3424996169554309,-1.0832948251253696,2.122891213670864,2.621995947296029,1.1631084717754876
86.0,197.0,1227.0352783203125,-3.352715914448632,1.517513197603665,1.735005102395289,1.9176396995691447,0.7578888534901181,-1.3424996169554309,-1.0832948251253696,2.122891213670864,2.621995947296029,1.1631084717754876
86.0,197.0,1227.0352783203125,-3.352715882647232,1.517512799899254,1.7347476848289154,1.9176803621373448,0.7578362579151636,-1.342499324487973,-1.083295270777502,2.122850769367898,2.6219668563635223,1.1630946567281075
86.0,197.0,1227.0352783203125,-3.352715914448632,1.517513197603665,1.735005102395289,1.9176396995691447,0.7578888534901181,-1.3424996169554309,-1.0832898699192934,2.122891213670864,2.621995947296029,1.1631084717754876
86.0,197.0,1227.037353515625,-3.354411370187681,1.517513197603665,1.735005102395289,1.917487443985388,0.7578110210278037,-1.3424996169554309,-1.0834694764563575,2.122891153902393,2.621995947296029,1.1630640089120017
86.0,197.0,1227.037841796875,-3.354411370187681,1.517513197603665,1.735005102395289,1.9175476593232808,0.7577239317380253,-1.3424996169554309,-1.083472871080999,2.122891153902393,2.621995947296029,1.163064031236024
86.0,197.0,1227.037841796875,-3.354411370187681,1.517513197603665,1.735005102395289,1.9175476593232808,0.7577239317380253,-1.3424996169554309,-1.083472871080999,2.122891153902393,2.621995947296029,1.163064031236024
86.0,197.0,1227.037841796875,-3.354411370187681,1.517513197603665,1.735005102395289,1.9175476593232808,0.7577239317380253,-1.3424996169554309,-1.0834778262870757,2.122891153902393,2.621995947296029,1.163064031236024
86.0,197.0,1227.037841796875,-3.354411370187681,1.517513197603665,1.735005102395289,1.9175476593232808,0.7577239317380253,-1.3424996169554309,-1.083472871080999,2.122891153902393,2.621995947296029,1.163064031236024
86.0,197.0,1227.037841796875,-3.354411370187681,1.517513197603665,1.735005102395289,1.9175476593232808,0.7577239317380253,-1.3424996169554309,-1.083472871080999,2.122891153902393,2.621995947296029,1.163064031236024
86.0,197.0,1227.038330078125,-3.354479154672574,1.517513197603665,1.735005102395289,1.917490712274934,0.7578888534901181,-1.3424996169554309,-1.083287873946292,2.1228911543012727,2.621995947296029,1.1631084717754876
86.0,197.0,1227.038330078125,-3.354479154672574,1.517513197603665,1.735005102395289,1.9174831327580928,0.7578888534901181,-1.3424996169554309,-1.0832948824405777,2.1228911543012727,2.621995947296029,1.1631084717754876
86.0,197.0,1227.03857421875,-3.354411370187681,1.5175128871358534,1.735005102395289,1.917855123303832,0.7582487642523126,-1.3424993199802435,-1.0832902727870828,2.122847877139035,2.6219663733226986,1.163191620232768
86.0,197.0,1227.0386962890625,-3.354411370187681,1.5175128871358534,1.735005102395289,1.917855123303832,0.7577319719517053,-1.3424996169554309,-1.083472871080999,2.122847824431485,2.6219653562610983,1.1630644705861055
86.0,197.0,1227.039306640625,-3.354411370187681,1.5175128871358534,1.735005102395289,1.917855123303832,0.7577244804331776,-1.3424996169554309,-1.083472871080999,2.122847824431485,2.621995947296029,1.163064031236024
86.0,197.0,1227.039306640625,-3.352786093762981,1.5175134469017395,1.7322431736562307,1.9176469613661973,0.7578108271220684,-1.342499322617936,-1.0832928984868004,2.122850769367898,2.621959858538889,1.1630948154589198
86.0,197.0,1227.039306640625,-3.352786093762981,1.5175134469017395,1.7322431736562307,1.9176469613661973,0.7578108271220684,-1.342499322617936,-1.0832928984868004,2.122850769367898,2.621959858538889,1.1630948154589198
86.0,197.0,1227.039306640625,-3.354411370187681,1.5175128871358534,1.735005102395289,1.917855123303832,0.7577244804331776,-1.3424996169554309,-1.083472871080999,2.122847824431485,2.621995947296029,1.163064031236024
86.0,197.0,1227.0394287109375,-3.352777203865724,1.5175131928051215,1.7322431736562307,1.9176469613661973,0.7578108271220684,-1.3424996202697137,-1.0832928984868004,2.122848114857064,2.6219605451370342,1.163109038652536
86.0,197.0,1227.0433349609375,-3.354411370187681,1.5175132019752204,1.7320015263835569,1.9174847203338663,0.7577305988963876,-1.3424996169554309,-1.0834762790418966,2.122891153902393,2.622003862292739,1.163064031236024
86.0,197.0,1227.045654296875,-3.3543470630526384,1.517513450654654,1.7347461075802169,1.917486980539926,0.7578107799700403,-1.3424993227197728,-1.0832881258503593,2.122850769367898,2.6224085499415417,1.1631004946619128
86.0,197.0,1227.0498046875,-3.3544103354687995,1.517513450654654,1.7322340600810917,1.9174912490468088,0.757813938362101,-1.3424993025122458,-1.083457655495988,2.122850769367898,2.622389000598194,1.1630946710641
86.0,197.0,1227.05029296875,-3.352715894369977,1.5175128762480308,1.7347476848289154,1.9207892429638096,0.7583152654408235,-1.342499324487973,-1.0832793711700643,2.122850769367898,2.621965701799101,1.163095914348433
86.0,197.0,1227.0504150390625,-3.3543470630526384,1.517513450654654,1.7322340600810917,1.917486980539926,0.7578107799700403,-1.3424993226232191,-1.0832926124648925,2.122850769367898,2.622389000598194,1.1630946710641
86.0,197.0,1227.0504150390625,-3.3543470630526384,1.517513450654654,1.7322340600810917,1.917486980539926,0.7578107799700403,-1.3424993226232191,-1.0832926124648925,2.122850769367898,2.622389000598194,1.1630946710641
86.0,197.0,1227.0504150390625,-3.3543470630526384,1.5175134075134304,1.7322340600810917,1.9174789076699807,0.7578107799700403,-1.3424993226232191,-1.0832881045056737,2.122850769367898,2.622389000598194,1.1630946710641
86.0,197.0,1227.0504150390625,-3.352766868261232,1.5175128871358534,1.735005102395289,1.920691575402462,0.7582487642523126,-1.34249931999938,-1.0832902727870828,2.122847877139035,2.6219663733226986,1.163190769286482
86.0,197.0,1227.050537109375,-3.3527184469164286,1.5175128900023498,1.7347476848289154,1.9207892138316736,0.7582716550974188,-1.3424996487145182,-1.083289862032769,2.122850769367898,2.6219665217396964,1.1631101977344664
86.0,197.0,1227.051025390625,-3.3527184469164286,1.5175128887557503,1.7347476848289154,1.9207892138316736,0.7582799254338829,-1.342499324487973,-1.0832880604506736,2.122850769367898,2.621965695884277,1.1631837643936456
86.0,197.0,1227.051025390625,-3.3525612282645625,1.5175131987964734,1.735005102395289,1.9207196161904272,0.7582481985075978,-1.3424996169554309,-1.0832832851773735,2.122891153902393,2.621995947296029,1.1631968414489091
86.0,197.0,1227.0511474609375,-3.3527184469164286,1.5175128887557503,1.7347476848289154,1.9207892138316736,0.7582716550974188,-1.342499324487973,-1.0832880604506736,2.122850769367898,2.621965695884277,1.1631969406141554
86.0,197.0,1227.0511474609375,-3.3527184469164286,1.5175128887557503,1.7347476848289154,1.9207892138316736,0.7582716550974188,-1.342499324487973,-1.0832880604506736,2.122850769367898,2.621965695884277,1.1631969406141554
86.0,197.0,1227.0511474609375,-3.3527184469164286,1.5175128887557503,1.7347476848289154,1.9207892138316736,0.7582716550974188,-1.342499324487973,-1.0832880604506736,2.122850769367898,2.621965695884277,1.1631969406141554
86.0,197.0,1227.0511474609375,-3.3527184469164286,1.5175127907382653,1.7347429299033117,1.92079045509634,0.7582716550974188,-1.342499324487973,-1.083279957578166,2.122850769367898,2.621965695884277,1.1631953934171722
86.0,197.0,1227.0511474609375,-3.3525612282645625,1.5175131988466264,1.735005102395289,1.9205990765131653,0.7578915660483125,-1.3424996169554309,-1.0832832851773735,2.1228911575603737,2.621995947296029,1.163111325783194
86.0,197.0,1227.05126953125,-3.3527184469164286,1.5175128902318968,1.7347476848289154,1.92080094315038,0.7582616488091279,-1.342499324487973,-1.0832880604506736,2.122850769597584,2.6219657041873883,1.163192756737188
86.0,197.0,1227.05126953125,-3.3527186197669443,1.5175127906861028,1.7347474384599657,1.920791455718997,0.7582716550974188,-1.3424992889171958,-1.0832800190978622,2.122850769367898,2.621965695884277,1.163198338143649
86.0,197.0,1227.051513671875,-3.352730527250044,1.5175128887557503,1.7347475082421244,1.920844346723566,0.7582716550974188,-1.342499288887633,-1.0832880604506736,2.122850769367898,2.621965695884277,1.1631969406141554
86.0,197.0,1227.051513671875,-3.3526811299441444,1.5175127887669284,1.7347475082421244,1.9208477409724063,0.7582716550974188,-1.342499288887633,-1.0832800190978622,2.122850769367898,2.621965695884277,1.163198338143649
86.0,197.0,1227.051513671875,-3.352718188186336,1.5175128887557503,1.7347475091786566,1.920844346723566,0.7582716550974188,-1.342499324084706,-1.0832880604506736,2.122850769367898,2.621965695884277,1.1631969406141554
86.0,197.0,1227.0517578125,-3.352715882647232,1.5175127894343046,1.7347424546320815,1.9207563253705349,0.7578861179686299,-1.342499324487973,-1.0832795862288,2.122850769367898,2.62196557569835,1.1630946710641
86.0,197.0,1227.0517578125,-3.352715882647232,1.5175127894343046,1.7347422125214478,1.9207511328964977,0.7578861179686299,-1.3424993257280633,-1.0832794669280223,2.1228496208445105,2.62196557569835,1.1630946710641
86.0,197.0,1227.0517578125,-3.352715882647232,1.5175127894343046,1.7347424546320815,1.9207563253705349,0.7578861179686299,-1.342499324487973,-1.0832795862288,2.122850769367898,2.62196557569835,1.1630946710641
86.0,197.0,1227.0517578125,-3.352715882647232,1.5175127936875832,1.734742224633249,1.9207511328964977,0.7578861179686299,-1.3424993257280633,-1.0832794669280223,2.1228496208445105,2.621965574449157,1.1630946710641
86.0,197.0,1227.0517578125,-3.352715882647232,1.5175127894343046,1.7347424546320815,1.9207563253705349,0.7578861179686299,-1.342499324487973,-1.0832795862288,2.122850769367898,2.62196557569835,1.1630946710641
86.0,197.0,1227.0517578125,-3.352715882647232,1.517512789140497,1.734742224633249,1.9207511328964977,0.7578861179686299,-1.3424993257280633,-1.083279587097165,2.1228496208445105,2.621965574459124,1.1630946710641
86.0,198.0,1226.902587890625,-3.354411370187681,1.4992154273289908,1.735005102395289,1.9175476593232808,0.7577239317380253,-1.3424996169554309,-1.083472871080999,2.122891153902393,2.621995947296029,1.163064031236024
86.0,198.0,1227.01806640625,-3.352715882647232,1.5175128132066025,1.7349878952415436,1.9176815509146272,0.7578883102775972,-1.342499324487973,-1.083295270777502,2.1228914572519173,2.6044274685814712,1.1630946567281075
86.0,198.0,1227.03369140625,-3.352718489168183,1.5175127857172923,1.7347474384599657,1.917547973305738,0.7582716550974188,-1.3424992889171958,-1.0832800190978622,2.122850769367898,2.621965695884277,1.163198338143649
86.0,198.0,1227.033935546875,-3.3527180862188617,1.5175127906861028,1.734738844645741,1.917577638129617,0.7582716550974188,-1.3424992889171958,-1.0832800190978622,2.122850262484393,2.621965695884277,1.163198338143649
86.0,198.0,1227.0341796875,-3.3526481299637387,1.517513197603665,1.735005102395289,1.9176364312795984,0.7578110210278037,-1.3424996169554309,-1.0834764276354354,2.1228912132719846,2.621995947296029,1.1630640089120017
86.0,198.0,1227.0341796875,-3.3526478634092443,1.517513197603665,1.735005102395289,1.9176359713671016,0.7578110210278037,-1.3424996169554309,-1.0834764276354354,2.12289120592724,2.621995947296029,1.1630640099073382
86.0,198.0,1227.034423828125,-3.352638301437886,1.517513197603665,1.735005102395289,1.9174831327580928,0.7578914134924689,-1.3424996169554309,-1.0832948824405777,2.1228911543012727,2.621995947296029,1.1631113352154725
86.0,198.0,1227.0345458984375,-3.352715914448632,1.517512888306766,1.735005102395289,1.9176396995691447,0.7579036776786688,-1.342499612768718,-1.083295123681426,2.122891213670864,2.621963965307709,1.1631084717754876
86.0,198.0,1227.034912109375,-3.352715914448632,1.517513197601862,1.735005102395289,1.9177602392464064,0.7582454859494034,-1.3424996169554309,-1.0833014062449935,2.122891210012884,2.621995947296029,1.1631939874412027
86.0,198.0,1227.0350341796875,-3.352715914448632,1.5175131975535123,1.735005102395289,1.9177602392464064,0.7582454859494034,-1.3424996169554309,-1.0832948251253696,2.122891210012884,2.621995947296029,1.1631939874412027
86.0,198.0,1227.03515625,-3.352644290172567,1.517513197603665,1.735005102395289,1.9176397339250333,0.7578873514882745,-1.3424996169554309,-1.0832898699192934,2.122891213670864,2.621995947296029,1.1631152787476946
86.0,198.0,1227.03515625,-3.352779574265031,1.5175128900023498,1.7347476848289154,1.9176006900905376,0.7578162036905448,-1.3424996487145182,-1.0832927171080222,2.122850769367898,2.6219665217396964,1.1631101977344664
86.0,198.0,1227.03515625,-3.352680058363303,1.517513197603665,1.735005102395289,1.9176385685178847,0.7578888534901181,-1.3424996169554309,-1.0832948251253696,2.122891213670864,2.621995947296029,1.1631084717754876
86.0,198.0,1227.03515625,-3.352644290172567,1.5175134532523886,1.735082822220276,1.9176397339250333,0.7578873514882745,-1.3424996169554309,-1.0832834192501632,2.1228956442187914,2.621995947296029,1.1631152787476946
86.0,198.0,1227.0352783203125,-3.352715914448632,1.517513197603665,1.735005102395289,1.9176396995691447,0.7578888534901181,-1.3424996169554309,-1.0832948251253696,2.122891213670864,2.621995947296029,1.1631084717754876
86.0,198.0,1227.0352783203125,-3.352715914448632,1.517513197603665,1.735005102395289,1.9176396995691447,0.7578888534901181,-1.3424996169554309,-1.0832948251253696,2.122891213670864,2.621995947296029,1.1631084717754876
86.0,198.0,1227.0352783203125,-3.352715914448632,1.517513197603665,1.735005102395289,1.9176396995691447,0.7578888534901181,-1.3424996169554309,-1.0832948251253696,2.122891213670864,2.621995947296029,1.1631084717754876
86.0,198.0,1227.0352783203125,-3.352715882647232,1.517512799899254,1.7347476848289154,1.9176803621373448,0.7578362579151636,-1.342499324487973,-1.083295270777502,2.122850769367898,2.6219668563635223,1.1630946567281075
86.0,198.0,1227.0352783203125,-3.352715914448632,1.517513197603665,1.735005102395289,1.9176396995691447,0.7578888534901181,-1.3424996169554309,-1.0832898699192934,2.122891213670864,2.621995947296029,1.1631084717754876
86.0,198.0,1227.0352783203125,-3.352780140723637,1.517513197603665,1.735005102395289,1.917640593281145,0.7578888534901181,-1.3424996169554309,-1.0832948824405777,2.1228911019897976,2.621996731434468,1.1631084717754876
86.0,198.0,1227.035400390625,-3.35271588400618,1.517513177155046,1.7349973375238832,1.9176793682312248,0.7578936830023589,-1.3424993190001642,-1.083290007433263,2.122891213670864,2.621998373694942,1.1631084717754876
86.0,198.0,1227.0360107421875,-3.3527184469164286,1.5175128887557503,1.7347476848289154,1.9180260098701007,0.7582716550974188,-1.342499324487973,-1.0832880604506736,2.122847703014324,2.621965928022881,1.1631969406141554
86.0,198.0,1227.0369873046875,-3.354411370187681,1.5175128923154726,1.735005102395289,1.9176289854033208,0.7582487642523126,-1.3424993199802435,-1.0832902727870828,2.1228525616208764,2.6219660373278098,1.163106967356919
86.0,198.0,1227.037353515625,-3.354411370187681,1.517513197603665,1.735005102395289,1.917487443985388,0.7578110210278037,-1.3424996169554309,-1.0834694764563575,2.122891153902393,2.621995947296029,1.1630640089120017
86.0,198.0,1227.037353515625,-3.354411370187681,1.5175128870578964,1.735005102395289,1.917569481240173,0.7577243586157582,-1.3424996169554309,-1.0834778262870757,2.122847302313887,2.621965685292644,1.163064031236024
86.0,198.0,1227.03759765625,-3.354411370187681,1.517513197603665,1.735005102395289,1.9175510745649988,0.7578072936818825,-1.3424996169554309,-1.083472871080999,2.122891153902393,2.621995947296029,1.1630640313581817
86.0,198.0,1227.0377197265625,-3.352715894369977,1.5175128762480308,1.7347476848289154,1.9180903064048365,0.7577343102194969,-1.342499593985449,-1.0832793711700643,2.122847500172987,2.621965701799101,1.163095914348433
86.0,198.0,1227.037841796875,-3.354411370187681,1.517513197603665,1.735005102395289,1.9175476593232808,0.7577239317380253,-1.3424996169554309,-1.083472871080999,2.122891153902393,2.621995947296029,1.163064031236024
86.0,198.0,1227.037841796875,-3.354411370187681,1.517513197603665,1.735005102395289,1.9175476593232808,0.7577239317380253,-1.3424996169554309,-1.083472871080999,2.122891153902393,2.621995947296029,1.163064031236024
86.0,198.0,1227.037841796875,-3.354411370187681,1.517513197603665,1.735005102395289,1.9175476593232808,0.7577239317380253,-1.3424996169554309,-1.0834778262870757,2.122891153902393,2.621995947296029,1.163064031236024
86.0,198.0,1227.037841796875,-3.354411370187681,1.517513197603665,1.735005102395289,1.9175476593232808,0.7577239317380253,-1.3424996169554309,-1.083472871080999,2.122891153902393,2.621995947296029,1.163064031236024
86.0,198.0,1227.037841796875,-3.354411370187681,1.517513197603665,1.735005102395289,1.9175476593232808,0.7577239317380253,-1.3424996169554309,-1.083472871080999,2.122891153902393,2.621995947296029,1.163064031236024
86.0,198.0,1227.038330078125,-3.354479154672574,1.517513197603665,1.735005102395289,1.917490712274934,0.7578888534901181,-1.3424996169554309,-1.083287873946292,2.1228911543012727,2.621995947296029,1.1631084717754876
86.0,198.0,1227.038330078125,-3.354479154672574,1.517513197603665,1.735005102395289,1.9174831327580928,0.7578888534901181,-1.3424996169554309,-1.0832948824405777,2.1228911543012727,2.621995947296029,1.1631084717754876
86.0,198.0,1227.038330078125,-3.354411370187681,1.517513197603665,1.735005102395289,1.9175476593232808,0.757889911354955,-1.3424996169554309,-1.083290856336167,2.1228912144003806,2.621995947296029,1.1631078712778324
86.0,198.0,1227.03857421875,-3.354411370187681,1.5175128871358534,1.735005102395289,1.917855123303832,0.7582487642523126,-1.3424993199802435,-1.0832902727870828,2.122847877139035,2.6219663733226986,1.163191620232768
86.0,198.0,1227.0386962890625,-3.354411370187681,1.5175128871358534,1.735005102395289,1.917855123303832,0.7577319719517053,-1.3424996169554309,-1.083472871080999,2.122847824431485,2.6219653562610983,1.1630644705861055
86.0,198.0,1227.0386962890625,-3.352807150628286,1.517513197603665,1.73225701824977,1.9175476593232808,0.7577254694364618,-1.3424993303357384,-1.083472871080999,2.122891153902393,2.621995947296029,1.163064236566081
86.0,198.0,1227.0391845703125,-3.354411370187681,1.517513197603665,1.735005102395289,1.917839651623152,0.7577239317380253,-1.3424996169554309,-1.083472871080999,2.122891153902393,2.621995947296029,1.163064031236024
86.0,198.0,1227.039306640625,-3.354411370187681,1.5175128871358534,1.735005102395289,1.917855123303832,0.7577244804331776,-1.3424996169554309,-1.083472871080999,2.122847824431485,2.621995947296029,1.163064031236024
86.0,198.0,1227.039306640625,-3.352786093762981,1.5175134469017395,1.7322431736562307,1.9176469613661973,0.7578108271220684,-1.342499322617936,-1.0832928984868004,2.122850769367898,2.621959858538889,1.1630948154589198
86.0,198.0,1227.039306640625,-3.352786093762981,1.5175134469017395,1.7322431736562307,1.9176469613661973,0.7578108271220684,-1.342499322617936,-1.0832928984868004,2.122850769367898,2.621959858538889,1.1630948154589198
86.0,198.0,1227.039306640625,-3.354411370187681,1.5175128871358534,1.735005102395289,1.917855123303832,0.7577244804331776,-1.3424996169554309,-1.083472871080999,2.122847824431485,2.621995947296029,1.163064031236024
86.0,198.0,1227.0394287109375,-3.352777203865724,1.5175131928051215,1.7322431736562307,1.9176469613661973,0.7578108271220684,-1.3424996202697137,-1.0832928984868004,2.122848114857064,2.6219605451370342,1.163109038652536
86.0,198.0,1227.0394287109375,-3.352644290172567,1.517513197603665,1.732320835626058,1.917646824530444,0.7578873514882745,-1.3424996168285157,-1.083289872170787,2.122891213670864,2.621995947296029,1.1631149967434304
86.0,198.0,1227.0433349609375,-3.354411370187681,1.5175132019752204,1.7320015263835569,1.9174847203338663,0.7577305988963876,-1.3424996169554309,-1.0834762790418966,2.122891153902393,2.622003862292739,1.163064031236024
86.0,198.0,1227.045654296875,-3.3543470630526384,1.517513450654654,1.7347461075802169,1.917486980539926,0.7578107799700403,-1.3424993227197728,-1.0832881258503593,2.122850769367898,2.6224085499415417,1.1631004946619128
86.0,198.0,1227.0498046875,-3.3544103354687995,1.517513450654654,1.7322340600810917,1.9174912490468088,0.757813938362101,-1.3424993025122458,-1.083457655495988,2.122850769367898,2.622389000598194,1.1630946710641
86.0,198.0,1227.05029296875,-3.352715894369977,1.5175128762480308,1.7347476848289154,1.9207892429638096,0.7583152654408235,-1.342499324487973,-1.0832793711700643,2.122850769367898,2.621965701799101,1.163095914348433
86.0,198.0,1227.0504150390625,-3.3543470630526384,1.517513450654654,1.7322340600810917,1.917486980539926,0.7578107799700403,-1.3424993226232191,-1.0832926124648925,2.122850769367898,2.622389000598194,1.1630946710641
86.0,199.0,1226.902587890625,-3.354411370187681,1.4992154273289908,1.735005102395289,1.9175476593232808,0.7577239317380253,-1.3424996169554309,-1.083472871080999,2.122891153902393,2.621995947296029,1.163064031236024
86.0,199.0,1227.01806640625,-3.352715882647232,1.5175128132066025,1.7349878952415436,1.9176815509146272,0.7578883102775972,-1.342499324487973,-1.083295270777502,2.1228914572519173,2.6044274685814712,1.1630946567281075
86.0,199.0,1227.0279541015625,-3.352715884835011,1.5175128132066025,1.7350057893622466,1.9176804155939031,0.757903394407372,-1.342499324487973,-1.083295270777502,2.1228914572519173,2.6038277157393863,1.1630946567281075
86.0,199.0,1227.03369140625,-3.352718489168183,1.5175127857172923,1.7347474384599657,1.917547973305738,0.7582716550974188,-1.3424992889171958,-1.0832800190978622,2.122850769367898,2.621965695884277,1.163198338143649
86.0,199.0,1227.033935546875,-3.3527180862188617,1.5175127906861028,1.734738844645741,1.917577638129617,0.7582716550974188,-1.3424992889171958,-1.0832800190978622,2.122850262484393,2.621965695884277,1.163198338143649
86.0,199.0,1227.033935546875,-3.352715914448632,1.517513197603665,1.735005102395289,1.9176396995691447,0.7582518493946123,-1.3424996169554309,-1.0832948251253696,2.122891213670864,2.621995947296029,1.1631084717754876
86.0,199.0,1227.0341796875,-3.3526481299637387,1.517513197603665,1.735005102395289,1.9176364312795984,0.7578110210278037,-1.3424996169554309,-1.0834764276354354,2.1228912132719846,2.621995947296029,1.1630640089120017
86.0,199.0,1227.0341796875,-3.3526478634092443,1.517513197603665,1.735005102395289,1.9176359713671016,0.7578110210278037,-1.3424996169554309,-1.0834764276354354,2.12289120592724,2.621995947296029,1.1630640099073382
86.0,199.0,1227.034423828125,-3.352638301437886,1.517513197603665,1.735005102395289,1.9174831327580928,0.7578914134924689,-1.3424996169554309,-1.0832948824405777,2.1228911543012727,2.621995947296029,1.1631113352154725
86.0,199.0,1227.034423828125,-3.352638301437886,1.517513197603665,1.735005102395289,1.9174831327580928,0.7578914134924689,-1.3424996169554309,-1.0832948824405777,2.1228911543012727,2.621995947296029,1.1631113352154725
86.0,199.0,1227.0345458984375,-3.352715914448632,1.517512888306766,1.735005102395289,1.9176396995691447,0.7579036776786688,-1.342499612768718,-1.083295123681426,2.122891213670864,2.621963965307709,1.1631084717754876
86.0,199.0,1227.034912109375,-3.352715914448632,1.517513197601862,1.735005102395289,1.9177602392464064,0.7582454859494034,-1.3424996169554309,-1.0833014062449935,2.122891210012884,2.621995947296029,1.1631939874412027
86.0,199.0,1227.034912109375,-3.3526478634092443,1.517513197603665,1.735005102395289,1.9176399194755107,0.7578977161990673,-1.3424996169554309,-1.0832878344485808,2.12289120592724,2.621995947296029,1.1630640099073382
86.0,199.0,1227.034912109375,-3.352644325689549,1.517513197603665,1.735005102395289,1.9176397750803311,0.7578882230719489,-1.3424996169554309,-1.083299299088112,2.1228912136712723,2.621995947296029,1.1630640089120017
86.0,199.0,1227.0350341796875,-3.352715914448632,1.5175131975535123,1.735005102395289,1.9177602392464064,0.7582454859494034,-1.3424996169554309,-1.0832948251253696,2.122891210012884,2.621995947296029,1.1631939874412027
86.0,199.0,1227.03515625,-3.352644290172567,1.517513197603665,1.735005102395289,1.9176397339250333,0.7578873514882745,-1.3424996169554309,-1.0832898699192934,2.122891213670864,2.621995947296029,1.1631152787476946
86.0,199.0,1227.03515625,-3.352779574265031,1.5175128900023498,1.7347476848289154,1.9176006900905376,0.7578162036905448,-1.3424996487145182,-1.0832927171080222,2.122850769367898,2.6219665217396964,1.1631101977344664
86.0,199.0,1227.03515625,-3.352680058363303,1.517513197603665,1.735005102395289,1.9176385685178847,0.7578888534901181,-1.3424996169554309,-1.0832948251253696,2.122891213670864,2.621995947296029,1.1631084717754876
86.0,199.0,1227.03515625,-3.352644290172567,1.5175134532523886,1.735082822220276,1.9176397339250333,0.7578873514882745,-1.3424996169554309,-1.0832834192501632,2.1228956442187914,2.621995947296029,1.1631152787476946
86.0,199.0,1227.03515625,-3.352715914448632,1.517513197601862,1.735005102395289,1.9175554860529969,0.7577032027899077,-1.3424996169554309,-1.0834757948295344,2.122891210012884,2.621995947296029,1.1631939874412027
86.0,199.0,1227.0352783203125,-3.352715914448632,1.517513197603665,1.735005102395289,1.9176396995691447,0.7578888534901181,-1.3424996169554309,-1.0832948251253696,2.122891213670864,2.621995947296029,1.1631084717754876
86.0,199.0,1227.0352783203125,-3.352715914448632,1.517513197603665,1.735005102395289,1.9176396995691447,0.7578888534901181,-1.3424996169554309,-1.0832948251253696,2.122891213670864,2.621995947296029,1.1631084717754876
86.0,199.0,1227.0352783203125,-3.352715914448632,1.517513197603665,1.735005102395289,1.9176396995691447,0.7578888534901181,-1.3424996169554309,-1.0832948251253696,2.122891213670864,2.621995947296029,1.1631084717754876
86.0,199.0,1227.0352783203125,-3.352715882647232,1.517512799899254,1.7347476848289154,1.9176803621373448,0.7578362579151636,-1.342499324487973,-1.083295270777502,2.122850769367898,2.6219668563635223,1.1630946567281075
86.0,199.0,1227.0352783203125,-3.352715914448632,1.517513197603665,1.735005102395289,1.9176396995691447,0.7578888534901181,-1.3424996169554309,-1.0832898699192934,2.122891213670864,2.621995947296029,1.1631084717754876
86.0,199.0,1227.0352783203125,-3.352780140723637,1.517513197603665,1.735005102395289,1.917640593281145,0.7578888534901181,-1.3424996169554309,-1.0832948824405777,2.1228911019897976,2.621996731434468,1.1631084717754876
86.0,199.0,1227.0352783203125,-3.352715914448632,1.517513197603665,1.735005102395289,1.9176396995691447,0.7578888534901181,-1.3424996169554309,-1.0832948251253696,2.122891213670864,2.621995947296029,1.1631084717754876
86.0,199.0,1227.035400390625,-3.35271588400618,1.517513177155046,1.7349973375238832,1.9176793682312248,0.7578936830023589,-1.3424993190001642,-1.083290007433263,2.122891213670864,2.621998373694942,1.1631084717754876
86.0,199.0,1227.035400390625,-3.352712759262743,1.5175134469017395,1.73467770186773,1.917680766293568,0.7578108271220684,-1.342499322617936,-1.083292836275996,2.122850769367898,2.621959858538889,1.1630948154589198
86.0,199.0,1227.0360107421875,-3.3527184469164286,1.5175128887557503,1.7347476848289154,1.9180260098701007,0.7582716550974188,-1.342499324487973,-1.0832880604506736,2.122847703014324,2.621965928022881,1.1631969406141554
86.0,199.0,1227.036376953125,-3.352717370423768,1.5175131975517604,1.735005102395289,1.9177602392464064,0.7578803598956604,-1.3424996169554309,-1.083294877847012,2.122891210012884,2.621995947296029,1.1631939874412027
86.0,199.0,1227.0369873046875,-3.354411370187681,1.5175128923154726,1.735005102395289,1.9176289854033208,0.7582487642523126,-1.3424993199802435,-1.0832902727870828,2.1228525616208764,2.6219660373278098,1.163106967356919
86.0,199.0,1227.037353515625,-3.354411370187681,1.517513197603665,1.735005102395289,1.917487443985388,0.7578110210278037,-1.3424996169554309,-1.0834694764563575,2.122891153902393,2.621995947296029,1.1630640089120017
86.0,199.0,1227.037353515625,-3.354411370187681,1.5175128870578964,1.735005102395289,1.917569481240173,0.7577243586157582,-1.3424996169554309,-1.0834778262870757,2.122847302313887,2.621965685292644,1.163064031236024
86.0,199.0,1227.03759765625,-3.354411370187681,1.517513197603665,1.735005102395289,1.9175510745649988,0.7578072936818825,-1.3424996169554309,-1.083472871080999,2.122891153902393,2.621995947296029,1.1630640313581817
86.0,199.0,1227.0377197265625,-3.352715894369977,1.5175128762480308,1.7347476848289154,1.9180903064048365,0.7577343102194969,-1.342499593985449,-1.0832793711700643,2.122847500172987,2.621965701799101,1.163095914348433
86.0,199.0,1227.037841796875,-3.354411370187681,1.517513197603665,1.735005102395289,1.9175476593232808,0.7577239317380253,-1.3424996169554309,-1.083472871080999,2.122891153902393,2.621995947296029,1.163064031236024
86.0,199.0,1227.037841796875,-3.354411370187681,1.517513197603665,1.735005102395289,1.9175476593232808,0.7577239317380253,-1.3424996169554309,-1.083472871080999,2.122891153902393,2.621995947296029,1.163064031236024
86.0,199.0,1227.037841796875,-3.354411370187681,1.517513197603665,1.735005102395289,1.9175476593232808,0.7577239317380253,-1.3424996169554309,-1.0834778262870757,2.122891153902393,2.621995947296029,1.163064031236024
86.0,199.0,1227.037841796875,-3.354411370187681,1.517513197603665,1.735005102395289,1.9175476593232808,0.7577239317380253,-1.3424996169554309,-1.083472871080999,2.122891153902393,2.621995947296029,1.163064031236024
86.0,199.0,1227.037841796875,-3.354411370187681,1.517513197603665,1.735005102395289,1.9175476593232808,0.7577239317380253,-1.3424996169554309,-1.083472871080999,2.122891153902393,2.621995947296029,1.163064031236024
86.0,199.0,1227.037841796875,-3.354411370187681,1.517513197603665,1.735005102395289,1.9175476593232808,0.7577239317380253,-1.3424996169554309,-1.083472871080999,2.122891153902393,2.621995947296029,1.163064031236024
86.0,199.0,1227.0380859375,-3.3544817442525874,1.517513197603665,1.735005102395289,1.9175476593232808,0.7577239317380253,-1.3424996169554309,-1.0834689969514804,2.122891153902393,2.621995947296029,1.1630645845764174
86.0,199.0,1227.038330078125,-3.354479154672574,1.517513197603665,1.735005102395289,1.917490712274934,0.7578888534901181,-1.3424996169554309,-1.083287873946292,2.1228911543012727,2.621995947296029,1.1631084717754876
86.0,199.0,1227.038330078125,-3.354479154672574,1.517513197603665,1.735005102395289,1.9174831327580928,0.7578888534901181,-1.3424996169554309,-1.0832948824405777,2.1228911543012727,2.621995947296029,1.1631084717754876
86.0,199.0,1227.038330078125,-3.354411370187681,1.517513197603665,1.735005102395289,1.9175476593232808,0.757889911354955,-1.3424996169554309,-1.083290856336167,2.1228912144003806,2.621995947296029,1.1631078712778324
86.0,199.0,1227.038330078125,-3.354411370187681,1.517513197603665,1.735005102395289,1.9175476593232808,0.7578899546160515,-1.3424996169554309,-1.0832948262267066,2.1228912144003806,2.621995947296029,1.1631078712778324
86.0,199.0,1227.03857421875,-3.354411370187681,1.5175128871358534,1.735005102395289,1.917855123303832,0.7582487642523126,-1.3424993199802435,-1.0832902727870828,2.122847877139035,2.6219663733226986,1.163191620232768
86.0,199.0,1227.0386962890625,-3.354411370187681,1.5175128871358534,1.735005102395289,1.917855123303832,0.7577319719517053,-1.3424996169554309,-1.083472871080999,2.122847824431485,2.6219653562610983,1.1630644705861055
86.0,199.0,1227.0386962890625,-3.352807150628286,1.517513197603665,1.73225701824977,1.9175476593232808,0.7577254694364618,-1.3424993303357384,-1.083472871080999,2.122891153902393,2.621995947296029,1.163064236566081
86.0,200.0,1226.902587890625,-3.354411370187681,1.4992154273289908,1.735005102395289,1.9175476593232808,0.7577239317380253,-1.3424996169554309,-1.083472871080999,2.122891153902393,2.621995947296029,1.163064031236024
86.0,200.0,1226.902587890625,-3.354411370187681,1.4992154273289908,1.735005102395289,1.9175476593232808,0.7577260418294535,-1.3424996169554309,-1.083472871080999,2.122891153902393,2.621995947296029,1.163063499158174
86.0,200.0,1226.998046875,-3.352715914448632,1.517513197603665,1.735005102395289,1.9176396995691447,0.7578888534901181,-1.339629250118785,-1.0832898699192934,2.122891213670864,2.621995947296029,1.1631084717754876
86.0,200.0,1227.011962890625,-3.352715882647232,1.5175128132066025,1.7349879420244445,1.9176815509146272,0.7577259544010869,-1.342499628037292,-1.083295270777502,2.122891145067592,2.604818533081962,1.1630664421551438
86.0,200.0,1227.01806640625,-3.352715882647232,1.5175128132066025,1.7349878952415436,1.9176815509146272,0.7578883102775972,-1.342499324487973,-1.083295270777502,2.1228914572519173,2.6044274685814712,1.1630946567281075
86.0,200.0,1227.022705078125,-3.3526478634092443,1.517513197603665,1.735005102395289,1.9176399194755107,0.7579034671795677,-1.3424996169554309,-1.0832878344485808,2.12289120592724,2.6212863044204524,1.1630640099073382
86.0,200.0,1227.0279541015625,-3.352715884835011,1.5175128132066025,1.7350057893622466,1.9176804155939031,0.757903394407372,-1.342499324487973,-1.083295270777502,2.1228914572519173,2.6038277157393863,1.1630946567281075
86.0,200.0,1227.0279541015625,-3.352715884835011,1.5175128132066025,1.7350057893622466,1.9176804155939031,0.7579012843159437,-1.342499324487973,-1.083295270777502,2.1228914572519173,2.6038277157393863,1.1630951888059573
86.0,200.0,1227.03271484375,-3.352638301437886,1.5175127844485838,1.734735634970776,1.917478506180808,0.758260632157328,-1.342499283311788,-1.0832948824405777,2.1228911543012727,2.621965697310049,1.1631113352154725
86.0,200.0,1227.033447265625,-3.3527159696214737,1.5175127857172923,1.7349974272826325,1.917547973305738,0.7582775219469801,-1.3424992889237672,-1.0832788015905206,2.12289159400386,2.621965695884277,1.163198338143649
86.0,200.0,1227.0335693359375,-3.352718551910131,1.51751289453145,1.7347476848289154,1.9176412976284007,0.7582716550974188,-1.342499324487973,-1.0832880604506736,2.122845581609073,2.621965928022881,1.163108649796766
86.0,200.0,1227.03369140625,-3.352718489168183,1.5175127857172923,1.7347474384599657,1.917547973305738,0.7582716550974188,-1.3424992889171958,-1.0832800190978622,2.122850769367898,2.621965695884277,1.163198338143649
86.0,200.0,1227.033935546875,-3.3527180862188617,1.5175127906861028,1.734738844645741,1.917577638129617,0.7582716550974188,-1.3424992889171958,-1.0832800190978622,2.122850262484393,2.621965695884277,1.163198338143649
86.0,200.0,1227.033935546875,-3.352715914448632,1.517513197603665,1.735005102395289,1.9176396995691447,0.7582518493946123,-1.3424996169554309,-1.0832948251253696,2.122891213670864,2.621995947296029,1.1631084717754876
86.0,200.0,1227.033935546875,-3.3527159143539262,1.517513197603665,1.735005102395289,1.9176576383492527,0.7582518493946123,-1.3424996169554309,-1.0832948251253696,2.122891213670864,2.621995947296029,1.1631084717754876
86.0,200.0,1227.0340576171875,-3.352647557539271,1.517513197603665,1.735005102395289,1.917484858117068,0.7578914134924689,-1.3424996169554309,-1.0832948824405777,2.1228911527055487,2.621995947296029,1.163063466220448
86.0,200.0,1227.0341796875,-3.3526481299637387,1.517513197603665,1.735005102395289,1.9176364312795984,0.7578110210278037,-1.3424996169554309,-1.0834764276354354,2.1228912132719846,2.621995947296029,1.1630640089120017
86.0,200.0,1227.0341796875,-3.3526478634092443,1.517513197603665,1.735005102395289,1.9176359713671016,0.7578110210278037,-1.3424996169554309,-1.0834764276354354,2.12289120592724,2.621995947296029,1.1630640099073382
86.0,200.0,1227.0341796875,-3.3526478634092443,1.517513197603665,1.735005102395289,1.9176359713671016,0.7578110210278037,-1.3424996169554309,-1.0834764276354354,2.12289120592724,2.621995947296029,1.1630640099073382
86.0,200.0,1227.0341796875,-3.352716361480838,1.5175128859985003,1.7347424606882371,1.9176364312795984,0.7577992815222553,-1.3424996169554309,-1.0834764276354354,2.1228475635345125,2.621964857013961,1.1630677031009515
86.0,200.0,1227.034423828125,-3.352638301437886,1.517513197603665,1.735005102395289,1.9174831327580928,0.7578914134924689,-1.3424996169554309,-1.0832948824405777,2.1228911543012727,2.621995947296029,1.1631113352154725
86.0,200.0,1227.034423828125,-3.352638301437886,1.517513197603665,1.735005102395289,1.9174831327580928,0.7578914134924689,-1.3424996169554309,-1.0832948824405777,2.1228911543012727,2.621995947296029,1.1631113352154725
86.0,200.0,1227.0345458984375,-3.352715914448632,1.517512888306766,1.735005102395289,1.9176396995691447,0.7579036776786688,-1.342499612768718,-1.083295123681426,2.122891213670864,2.621963965307709,1.1631084717754876
86.0,200.0,1227.0345458984375,-3.35263860730786,1.517513197603665,1.735005102395289,1.917634246008128,0.7578110210278037,-1.3424996169554309,-1.0834764276354354,2.122891207522964,2.621995947296029,1.1631118789023625
86.0,200.0,1227.034912109375,-3.352715914448632,1.517513197601862,1.735005102395289,1.9177602392464064,0.7582454859494034,-1.3424996169554309,-1.0833014062449935,2.122891210012884,2.621995947296029,1.1631939874412027
86.0,200.0,1227.034912109375,-3.3526478634092443,1.517513197603665,1.735005102395289,1.9176399194755107,0.7578977161990673,-1.3424996169554309,-1.0832878344485808,2.12289120592724,2.621995947296029,1.1630640099073382
86.0,200.0,1227.034912109375,-3.352644325689549,1.517513197603665,1.735005102395289,1.9176397750803311,0.7578882230719489,-1.3424996169554309,-1.083299299088112,2.1228912136712723,2.621995947296029,1.1630640089120017
86.0,200.0,1227.034912109375,-3.352644325689549,1.517513197603665,1.735005102395289,1.9176456445627463,0.7578882230719489,-1.3424996169554309,-1.083299299088112,2.122891218128104,2.621995947296029,1.1630640304550703
86.0,200.0,1227.0350341796875,-3.352715914448632,1.5175131975535123,1.735005102395289,1.9177602392464064,0.7582454859494034,-1.3424996169554309,-1.0832948251253696,2.122891210012884,2.621995947296029,1.1631939874412027
86.0,200.0,1227.03515625,-3.352644290172567,1.517513197603665,1.735005102395289,1.9176397339250333,0.7578873514882745,-1.3424996169554309,-1.0832898699192934,2.122891213670864,2.621995947296029,1.1631152787476946
86.0,200.0,1227.03515625,-3.352779574265031,1.5175128900023498,1.7347476848289154,1.9176006900905376,0.7578162036905448,-1.3424996487145182,-1.0832927171080222,2.122850769367898,2.6219665217396964,1.1631101977344664
86.0,200.0,1227.03515625,-3.352680058363303,1.517513197603665,1.735005102395289,1.9176385685178847,0.7578888534901181,-1.3424996169554309,-1.0832948251253696,2.122891213670864,2.621995947296029,1.1631084717754876
86.0,200.0,1227.03515625,-3.352644290172567,1.5175134532523886,1.735082822220276,1.9176397339250333,0.7578873514882745,-1.3424996169554309,-1.0832834192501632,2.1228956442187914,2.621995947296029,1.1631152787476946
86.0,200.0,1227.03515625,-3.352715914448632,1.517513197601862,1.735005102395289,1.9175554860529969,0.7577032027899077,-1.3424996169554309,-1.0834757948295344,2.122891210012884,2.621995947296029,1.1631939874412027
86.0,200.0,1227.03515625,-3.352644290172567,1.517513197603665,1.735005102395289,1.9176397339250333,0.7578873514882745,-1.3424996169554309,-1.0832898070254673,2.122891155118907,2.621995947296029,1.1631114770084008
86.0,200.0,1227.03515625,-3.352644290172567,1.517513197603665,1.735005102395289,1.9176397339250333,0.7578873514882745,-1.3424996169554309,-1.0832898699192934,2.122891213670864,2.621995947296029,1.1631152787476946
86.0,200.0,1227.0352783203125,-3.352715914448632,1.517513197603665,1.735005102395289,1.9176396995691447,0.7578888534901181,-1.3424996169554309,-1.0832948251253696,2.122891213670864,2.621995947296029,1.1631084717754876
86.0,200.0,1227.0352783203125,-3.352715914448632,1.517513197603665,1.735005102395289,1.9176396995691447,0.7578888534901181,-1.3424996169554309,-1.0832948251253696,2.122891213670864,2.621995947296029,1.1631084717754876
86.0,200.0,1227.0352783203125,-3.352715914448632,1.517513197603665,1.735005102395289,1.9176396995691447,0.7578888534901181,-1.3424996169554309,-1.0832948251253696,2.122891213670864,2.621995947296029,1.1631084717754876
86.0,200.0,1227.0352783203125,-3.352715882647232,1.517512799899254,1.7347476848289154,1.9176803621373448,0.7578362579151636,-1.342499324487973,-1.083295270777502,2.122850769367898,2.6219668563635223,1.1630946567281075
86.0,200.0,1227.0352783203125,-3.352715914448632,1.517513197603665,1.735005102395289,1.9176396995691447,0.7578888534901181,-1.3424996169554309,-1.0832898699192934,2.122891213670864,2.621995947296029,1.1631084717754876
86.0,200.0,1227.0352783203125,-3.352780140723637,1.517513197603665,1.735005102395289,1.917640593281145,0.7578888534901181,-1.3424996169554309,-1.0832948824405777,2.1228911019897976,2.621996731434468,1.1631084717754876
86.0,200.0,1227.0352783203125,-3.352715914448632,1.517513197603665,1.735005102395289,1.9176396995691447,0.7578888534901181,-1.3424996169554309,-1.0832948251253696,2.122891213670864,2.621995947296029,1.1631084717754876
86.0,200.0,1227.0352783203125,-3.352712715042724,1.517512802952818,1.7346759910799747,1.917680766293568,0.7578353928129566,-1.3424993226718245,-1.0832952776800708,2.122850769367898,2.621959858538889,1.163094654146625
86.0,200.0,1227.0352783203125,-3.3527282952317123,1.517513197603665,1.735005102395289,1.9176396995691447,0.757886017133797,-1.3424996169554309,-1.0832948251253696,2.122891213670864,2.621995947296029,1.1631075253014949
86.0,200.0,1227.035400390625,-3.35271588400618,1.517513177155046,1.7349973375238832,1.9176793682312248,0.7578936830023589,-1.3424993190001642,-1.083290007433263,2.122891213670864,2.621998373694942,1.1631084717754876
86.0,200.0,1227.035400390625,-3.352712759262743,1.5175134469017395,1.73467770186773,1.917680766293568,0.7578108271220684,-1.342499322617936,-1.083292836275996,2.122850769367898,2.621959858538889,1.1630948154589198
86.0,200.0,1227.035400390625,-3.352715926867252,1.5175134438481757,1.7347493956166709,1.9176803621373448,0.7578116922242752,-1.3424993244340846,-1.0832928293734267,2.122850769367898,2.6219668563635223,1.1630948180404026
86.0,200.0,1227.0355224609375,-3.3527180862188617,1.5175132038411845,1.7350083120702535,1.9175822647069027,0.7579024364325597,-1.342499622560839,-1.0832800190978622,2.122850262484393,2.621995945870257,1.163198338143649
86.0,200.0,1227.0360107421875,-3.3527184469164286,1.5175128887557503,1.7347476848289154,1.9180260098701007,0.7582716550974188,-1.342499324487973,-1.0832880604506736,2.122847703014324,2.621965928022881,1.1631969406141554
86.0,201.0,1226.902587890625,-3.354411370187681,1.4992154273289908,1.735005102395289,1.9175476593232808,0.7577239317380253,-1.3424996169554309,-1.083472871080999,2.122891153902393,2.621995947296029,1.163064031236024
86.0,201.0,1226.902587890625,-3.354411370187681,1.4992154273289908,1.735005102395289,1.9175476593232808,0.7577260418294535,-1.3424996169554309,-1.083472871080999,2.122891153902393,2.621995947296029,1.163063499158174
86.0,201.0,1226.9031982421875,-3.354411370187681,1.4992154273289908,1.734746499294464,1.917631623565815,0.7577260418294535,-1.3424996169554309,-1.0834762247940757,2.122891153902393,2.6219636819684413,1.163063499158174
86.0,201.0,1226.903564453125,-3.354456495206259,1.4993437993861958,1.735005102395289,1.9175491164292089,0.7577385950198485,-1.3424996169554309,-1.0832898699192934,2.1228911552630945,2.621995947296029,1.1631084717754876
86.0,201.0,1226.998046875,-3.352715914448632,1.517513197603665,1.735005102395289,1.9176396995691447,0.7578888534901181,-1.339629250118785,-1.0832898699192934,2.122891213670864,2.621995947296029,1.1631084717754876
86.0,201.0,1227.011962890625,-3.352715882647232,1.5175128132066025,1.7349879420244445,1.9176815509146272,0.7577259544010869,-1.342499628037292,-1.083295270777502,2.122891145067592,2.604818533081962,1.1630664421551438
86.0,201.0,1227.01416015625,-3.352715883153886,1.5175128132066025,1.7349976118633907,1.9176815509146272,0.7577259544010869,-1.3424992893949823,-1.083295270777502,2.122891630582227,2.604818533081962,1.1631968309941707
86.0,201.0,1227.01806640625,-3.352715882647232,1.5175128132066025,1.7349878952415436,1.9176815509146272,0.7578883102775972,-1.342499324487973,-1.083295270777502,2.1228914572519173,2.6044274685814712,1.1630946567281075
86.0,201.0,1227.0191650390625,-3.352715884835011,1.5175128132066025,1.7350057914877737,1.9176804155939031,0.757903394407372,-1.342499324646058,-1.083294777828728,2.122891218054028,2.6043610630804,1.1630955826883205
86.0,201.0,1227.022705078125,-3.3526478634092443,1.517513197603665,1.735005102395289,1.9176399194755107,0.7579034671795677,-1.3424996169554309,-1.0832878344485808,2.12289120592724,2.6212863044204524,1.1630640099073382
86.0,201.0,1227.0230712890625,-3.352718551910131,1.5175128964921971,1.7347476848289154,1.9176412976284007,0.7579124763190821,-1.3424996048743656,-1.0832880604506736,2.122845581609073,2.6212729262560432,1.163108649796766
86.0,201.0,1227.0260009765625,-3.352715914448632,1.517513197603665,1.7350051002697622,1.9176396995691447,0.7578888534901181,-1.342499616797346,-1.0832953180741436,2.122891452868754,2.621462599955015,1.163107545815275
86.0,201.0,1227.0279541015625,-3.352715884835011,1.5175128132066025,1.7350057893622466,1.9176804155939031,0.757903394407372,-1.342499324487973,-1.083295270777502,2.1228914572519173,2.6038277157393863,1.1630946567281075
86.0,201.0,1227.0279541015625,-3.352715884835011,1.5175128132066025,1.7350057893622466,1.9176804155939031,0.7579012843159437,-1.342499324487973,-1.083295270777502,2.1228914572519173,2.6038277157393863,1.1630951888059573
86.0,201.0,1227.0322265625,-3.3526707894300536,1.5173848255464606,1.735005102395289,1.9176382424632177,0.7578741902082948,-1.3424996169554309,-1.083472871080999,2.122891212310163,2.621995947296029,1.163064031236024
86.0,201.0,1227.03271484375,-3.352638301437886,1.5175127844485838,1.734735634970776,1.917478506180808,0.758260632157328,-1.342499283311788,-1.0832948824405777,2.1228911543012727,2.621965697310049,1.1631113352154725
86.0,201.0,1227.033203125,-3.3526478634092443,1.517513195642918,1.735005102395289,1.9176399194755107,0.7582626459579043,-1.3424993365690383,-1.0832878344485808,2.12289120592724,2.6219793061872907,1.1630640099073382
86.0,201.0,1227.033447265625,-3.3527159696214737,1.5175127857172923,1.7349974272826325,1.917547973305738,0.7582775219469801,-1.3424992889237672,-1.0832788015905206,2.12289159400386,2.621965695884277,1.163198338143649
86.0,201.0,1227.0335693359375,-3.352718551910131,1.51751289453145,1.7347476848289154,1.9176412976284007,0.7582716550974188,-1.342499324487973,-1.0832880604506736,2.122845581609073,2.621965928022881,1.163108649796766
86.0,201.0,1227.0335693359375,-3.352644325689549,1.517513197603665,1.735005102395289,1.9176397750803311,0.7582463250161998,-1.3424996169554309,-1.083299299088112,2.1228912136712785,2.621995947296029,1.1630640089120017
86.0,201.0,1227.03369140625,-3.352718489168183,1.5175127857172923,1.7347474384599657,1.917547973305738,0.7582716550974188,-1.3424992889171958,-1.0832800190978622,2.122850769367898,2.621965695884277,1.163198338143649
86.0,201.0,1227.033935546875,-3.3527180862188617,1.5175127906861028,1.734738844645741,1.917577638129617,0.7582716550974188,-1.3424992889171958,-1.0832800190978622,2.122850262484393,2.621965695884277,1.163198338143649
86.0,201.0,1227.033935546875,-3.352715914448632,1.517513197603665,1.735005102395289,1.9176396995691447,0.7582518493946123,-1.3424996169554309,-1.0832948251253696,2.122891213670864,2.621995947296029,1.1631084717754876
86.0,201.0,1227.033935546875,-3.3527159143539262,1.517513197603665,1.735005102395289,1.9176576383492527,0.7582518493946123,-1.3424996169554309,-1.0832948251253696,2.122891213670864,2.621995947296029,1.1631084717754876
86.0,201.0,1227.033935546875,-3.3527180862188617,1.5175127906861028,1.734738844645741,1.917577638129617,0.7582716550974188,-1.3424992889171958,-1.0832800190978622,2.122850262484393,2.621965695884277,1.163198338143649
86.0,201.0,1227.033935546875,-3.352715914448888,1.517513197603665,1.735005102395289,1.9176396995691447,0.7582518493946123,-1.3424996169554309,-1.0832948251253696,2.122891213670864,2.621995947296029,1.1631084717754876
86.0,201.0,1227.0340576171875,-3.352647557539271,1.517513197603665,1.735005102395289,1.917484858117068,0.7578914134924689,-1.3424996169554309,-1.0832948824405777,2.1228911527055487,2.621995947296029,1.163063466220448
86.0,201.0,1227.0340576171875,-3.352647557539271,1.5175128820253123,1.735005102395289,1.917484858117068,0.7578920193318093,-1.3424996169554309,-1.0832948824405777,2.1228911527055487,2.621995947296029,1.163063466220448
86.0,201.0,1227.0341796875,-3.3526481299637387,1.517513197603665,1.735005102395289,1.9176364312795984,0.7578110210278037,-1.3424996169554309,-1.0834764276354354,2.1228912132719846,2.621995947296029,1.1630640089120017
86.0,201.0,1227.0341796875,-3.3526478634092443,1.517513197603665,1.735005102395289,1.9176359713671016,0.7578110210278037,-1.3424996169554309,-1.0834764276354354,2.12289120592724,2.621995947296029,1.1630640099073382
86.0,201.0,1227.0341796875,-3.3526478634092443,1.517513197603665,1.735005102395289,1.9176359713671016,0.7578110210278037,-1.3424996169554309,-1.0834764276354354,2.12289120592724,2.621995947296029,1.1630640099073382
86.0,201.0,1227.0341796875,-3.352716361480838,1.5175128859985003,1.7347424606882371,1.9176364312795984,0.7577992815222553,-1.3424996169554309,-1.0834764276354354,2.1228475635345125,2.621964857013961,1.1630677031009515
86.0,201.0,1227.034423828125,-3.352638301437886,1.517513197603665,1.735005102395289,1.9174831327580928,0.7578914134924689,-1.3424996169554309,-1.0832948824405777,2.1228911543012727,2.621995947296029,1.1631113352154725
86.0,201.0,1227.034423828125,-3.352638301437886,1.517513197603665,1.735005102395289,1.9174831327580928,0.7578914134924689,-1.3424996169554309,-1.0832948824405777,2.1228911543012727,2.621995947296029,1.1631113352154725
86.0,201.0,1227.0345458984375,-3.352715914448632,1.517512888306766,1.735005102395289,1.9176396995691447,0.7579036776786688,-1.342499612768718,-1.083295123681426,2.122891213670864,2.621963965307709,1.1631084717754876
86.0,201.0,1227.0345458984375,-3.35263860730786,1.517513197603665,1.735005102395289,1.917634246008128,0.7578110210278037,-1.3424996169554309,-1.0834764276354354,2.122891207522964,2.621995947296029,1.1631118789023625
86.0,201.0,1227.03466796875,-3.3527171394010447,1.517513197603665,1.7347284478311011,1.9176456445627463,0.7579135813030677,-1.3424996169554309,-1.0832989348716124,2.122891218128104,2.621965292225524,1.1630663538527926
86.0,201.0,1227.03466796875,-3.352716618555022,1.517513197603665,1.735005102395289,1.917634246008128,0.7578110210278037,-1.3424996169554309,-1.0834764276354354,2.1228912053219435,2.621995947296029,1.1631118789023625
86.0,201.0,1227.034912109375,-3.352715914448632,1.517513197601862,1.735005102395289,1.9177602392464064,0.7582454859494034,-1.3424996169554309,-1.0833014062449935,2.122891210012884,2.621995947296029,1.1631939874412027
86.0,201.0,1227.034912109375,-3.3526478634092443,1.517513197603665,1.735005102395289,1.9176399194755107,0.7578977161990673,-1.3424996169554309,-1.0832878344485808,2.12289120592724,2.621995947296029,1.1630640099073382
86.0,201.0,1227.034912109375,-3.352644325689549,1.517513197603665,1.735005102395289,1.9176397750803311,0.7578882230719489,-1.3424996169554309,-1.083299299088112,2.1228912136712723,2.621995947296029,1.1630640089120017
86.0,201.0,1227.034912109375,-3.352644325689549,1.517513197603665,1.735005102395289,1.9176456445627463,0.7578882230719489,-1.3424996169554309,-1.083299299088112,2.122891218128104,2.621995947296029,1.1630640304550703
86.0,201.0,1227.0350341796875,-3.352715914448632,1.5175131975535123,1.735005102395289,1.9177602392464064,0.7582454859494034,-1.3424996169554309,-1.0832948251253696,2.122891210012884,2.621995947296029,1.1631939874412027
86.0,201.0,1227.0350341796875,-3.352644290172567,1.5175134451543684,1.735080149326211,1.9176397339250333,0.7579027980220376,-1.3424996169554309,-1.0832834813785706,2.122895626897033,2.621991548576209,1.163116515043148
86.0,201.0,1227.03515625,-3.352644290172567,1.517513197603665,1.735005102395289,1.9176397339250333,0.7578873514882745,-1.3424996169554309,-1.0832898699192934,2.122891213670864,2.621995947296029,1.1631152787476946
86.0,201.0,1227.03515625,-3.352779574265031,1.5175128900023498,1.7347476848289154,1.9176006900905376,0.7578162036905448,-1.3424996487145182,-1.0832927171080222,2.122850769367898,2.6219665217396964,1.1631101977344664
86.0,201.0,1227.03515625,-3.352680058363303,1.517513197603665,1.735005102395289,1.9176385685178847,0.7578888534901181,-1.3424996169554309,-1.0832948251253696,2.122891213670864,2.621995947296029,1.1631084717754876
86.0,201.0,1227.03515625,-3.352644290172567,1.5175134532523886,1.735082822220276,1.9176397339250333,0.7578873514882745,-1.3424996169554309,-1.0832834192501632,2.1228956442187914,2.621995947296029,1.1631152787476946
86.0,201.0,1227.03515625,-3.352715914448632,1.517513197601862,1.735005102395289,1.9175554860529969,0.7577032027899077,-1.3424996169554309,-1.0834757948295344,2.122891210012884,2.621995947296029,1.1631939874412027
86.0,201.0,1227.03515625,-3.352644290172567,1.517513197603665,1.735005102395289,1.9176397339250333,0.7578873514882745,-1.3424996169554309,-1.0832898070254673,2.122891155118907,2.621995947296029,1.1631114770084008
86.0,202.0,1226.889404296875,-3.3528188740164206,1.4992154273289908,1.735005102395289,1.9175431554267188,0.7582809361440978,-1.3424996169554309,-1.083286361657355,2.122891220132648,2.621995947296029,1.163109992758939
86.0,202.0,1226.8934326171875,-3.3524552534619083,1.4992154273289908,1.735005102395289,1.9175476593232808,0.7577260418294535,-1.3424996169554309,-1.083472871080999,2.1228911538260338,2.621995947296029,1.163063499158174
86.0,202.0,1226.8946533203125,-3.352716618555022,1.4991164723642871,1.7347441224254023,1.9176318281987728,0.7578110210278037,-1.3424996169554309,-1.0834762228023602,2.122891202790702,2.621995074121434,1.1631118789023625
86.0,202.0,1226.899169921875,-3.354450206421039,1.4983083011337597,1.7350051002511324,1.9175476593232808,0.7577245013423083,-1.342499616947353,-1.083472871080999,2.122891153902393,2.621458354888601,1.1630646006815482
86.0,202.0,1226.902587890625,-3.354411370187681,1.4992154273289908,1.735005102395289,1.9175476593232808,0.7577239317380253,-1.3424996169554309,-1.083472871080999,2.122891153902393,2.621995947296029,1.163064031236024
86.0,202.0,1226.902587890625,-3.354411370187681,1.4992154273289908,1.735005102395289,1.9175476593232808,0.7577260418294535,-1.3424996169554309,-1.083472871080999,2.122891153902393,2.621995947296029,1.163063499158174
86.0,202.0,1226.9031982421875,-3.354411370187681,1.4992154273289908,1.734746499294464,1.917631623565815,0.7577260418294535,-1.3424996169554309,-1.0834762247940757,2.122891153902393,2.6219636819684413,1.163063499158174
86.0,202.0,1226.903564453125,-3.354456495206259,1.4993437993861958,1.735005102395289,1.9175491164292089,0.7577385950198485,-1.3424996169554309,-1.0832898699192934,2.1228911552630945,2.621995947296029,1.1631084717754876
86.0,202.0,1226.903564453125,-3.354456495206259,1.4993437993861958,1.735005102395289,1.9175491164292089,0.7577385950198485,-1.3424996169554309,-1.0832898699192934,2.1228911552630945,2.621995947296029,1.1631084717754876
86.0,202.0,1226.9039306640625,-3.354411370187681,1.499366317437583,1.734746499294464,1.9176334905591688,0.7577260418294535,-1.3424996169554309,-1.0834762247940757,2.122891154311348,2.6219636211519752,1.1631132500231316
86.0,202.0,1226.998046875,-3.352715914448632,1.517513197603665,1.735005102395289,1.9176396995691447,0.7578888534901181,-1.339629250118785,-1.0832898699192934,2.122891213670864,2.621995947296029,1.1631084717754876
86.0,202.0,1226.998046875,-3.352715914448632,1.517513197603665,1.735005102395289,1.9176396995691447,0.7578888534901181,-1.339629250118785,-1.0832898699192934,2.122891213670864,2.621995947296029,1.1631084717754876
86.0,202.0,1227.00341796875,-3.3526707894300536,1.5173848255464606,1.735005102395289,1.9176817465328293,0.7579020951040638,-1.3424993264899894,-1.083472871080999,2.1228912177460346,2.620169043457999,1.163064031236024
86.0,202.0,1227.011962890625,-3.352715882647232,1.5175128132066025,1.7349879420244445,1.9176815509146272,0.7577259544010869,-1.342499628037292,-1.083295270777502,2.122891145067592,2.604818533081962,1.1630664421551438
86.0,202.0,1227.01416015625,-3.352715883153886,1.5175128132066025,1.7349976118633907,1.9176815509146272,0.7577259544010869,-1.3424992893949823,-1.083295270777502,2.122891630582227,2.604818533081962,1.1631968309941707
86.0,202.0,1227.017333984375,-3.3527152488077365,1.517513195642918,1.735005102395289,1.917681597960445,0.7582626459579043,-1.3424993365690383,-1.0832957183619951,2.1228916623866976,2.604388401038831,1.1630640099073382
86.0,202.0,1227.01806640625,-3.352715882647232,1.5175128132066025,1.7349878952415436,1.9176815509146272,0.7578883102775972,-1.342499324487973,-1.083295270777502,2.1228914572519173,2.6044274685814712,1.1630946567281075
86.0,202.0,1227.01806640625,-3.352715882647232,1.5175128132066025,1.7349878952415436,1.9176815509146272,0.7578883102775972,-1.342499324487973,-1.083295270777502,2.1228914572519173,2.6044274685814712,1.1630946567281075
86.0,202.0,1227.018798828125,-3.352715884835011,1.5175128179692128,1.7350057914877737,1.9176804155939031,0.7578917630032831,-1.3424996125443884,-1.083294883717332,2.122891159082351,2.604381417514013,1.1630956493609264
86.0,202.0,1227.0191650390625,-3.352715884835011,1.5175128132066025,1.7350057914877737,1.9176804155939031,0.757903394407372,-1.342499324646058,-1.083294777828728,2.122891218054028,2.6043610630804,1.1630955826883205
86.0,202.0,1227.0205078125,-3.352715805365041,1.5175128972457057,1.735004836664266,1.9176804155939031,0.7579127631269383,-1.3424993188383396,-1.083295270777502,2.1228914572519173,2.62111685817748,1.163108851540419
86.0,202.0,1227.0218505859375,-3.352638301437886,1.517513197603665,1.735005102395289,1.9174831327580928,0.7578914134924689,-1.3424996169554309,-1.0832948824405777,2.1228911573635005,2.6212844795573664,1.1630643282982185
86.0,202.0,1227.022705078125,-3.3526478634092443,1.517513197603665,1.735005102395289,1.9176399194755107,0.7579034671795677,-1.3424996169554309,-1.0832878344485808,2.12289120592724,2.6212863044204524,1.1630640099073382
86.0,202.0,1227.0230712890625,-3.352718551910131,1.5175128964921971,1.7347476848289154,1.9176412976284007,0.7579124763190821,-1.3424996048743656,-1.0832880604506736,2.122845581609073,2.6212729262560432,1.163108649796766
86.0,202.0,1227.0260009765625,-3.352715914448632,1.517513197603665,1.7350051002697622,1.9176396995691447,0.7578888534901181,-1.342499616797346,-1.0832953180741436,2.122891452868754,2.621462599955015,1.163107545815275
86.0,202.0,1227.02783203125,-3.352715884835011,1.5175128127825432,1.7350057893622466,1.91768111990882,0.7578967126589554,-1.3424996243969405,-1.0832896087583057,2.1228911883780257,2.6038277157393863,1.1630946567281075
86.0,202.0,1227.0279541015625,-3.352715884835011,1.5175128132066025,1.7350057893622466,1.9176804155939031,0.757903394407372,-1.342499324487973,-1.083295270777502,2.1228914572519173,2.6038277157393863,1.1630946567281075
86.0,202.0,1227.0279541015625,-3.352715884835011,1.5175128132066025,1.7350057893622466,1.9176804155939031,0.7579012843159437,-1.342499324487973,-1.083295270777502,2.1228914572519173,2.6038277157393863,1.1630951888059573
86.0,202.0,1227.0302734375,-3.352638301437886,1.5173618943399916,1.734735634970776,1.9174766391874536,0.758260632157328,-1.342499283311788,-1.0832948824405777,2.122891153892318,2.621965758126516,1.163061584350515
86.0,202.0,1227.0322265625,-3.3526707894300536,1.5173848255464606,1.735005102395289,1.9176382424632177,0.7578741902082948,-1.3424996169554309,-1.083472871080999,2.122891212310163,2.621995947296029,1.163064031236024
86.0,202.0,1227.03271484375,-3.352638301437886,1.5175127844485838,1.734735634970776,1.917478506180808,0.758260632157328,-1.342499283311788,-1.0832948824405777,2.1228911543012727,2.621965697310049,1.1631113352154725
86.0,202.0,1227.033203125,-3.3526478634092443,1.517513195642918,1.735005102395289,1.9176399194755107,0.7582626459579043,-1.3424993365690383,-1.0832878344485808,2.12289120592724,2.6219793061872907,1.1630640099073382
86.0,202.0,1227.033447265625,-3.3527159696214737,1.5175127857172923,1.7349974272826325,1.917547973305738,0.7582775219469801,-1.3424992889237672,-1.0832788015905206,2.12289159400386,2.621965695884277,1.163198338143649
86.0,202.0,1227.0335693359375,-3.352718551910131,1.51751289453145,1.7347476848289154,1.9176412976284007,0.7582716550974188,-1.342499324487973,-1.0832880604506736,2.122845581609073,2.621965928022881,1.163108649796766
86.0,202.0,1227.0335693359375,-3.352644325689549,1.517513197603665,1.735005102395289,1.9176397750803311,0.7582463250161998,-1.3424996169554309,-1.083299299088112,2.1228912136712785,2.621995947296029,1.1630640089120017
86.0,202.0,1227.03369140625,-3.352718489168183,1.5175127857172923,1.7347474384599657,1.917547973305738,0.7582716550974188,-1.3424992889171958,-1.0832800190978622,2.122850769367898,2.621965695884277,1.163198338143649
86.0,202.0,1227.03369140625,-3.352718489168183,1.5175127857172923,1.7347474384599657,1.917547973305738,0.7582716550974188,-1.3424992889171958,-1.0832800190978622,2.122850769367898,2.621965695884277,1.163198338143649
86.0,202.0,1227.033935546875,-3.3527180862188617,1.5175127906861028,1.734738844645741,1.917577638129617,0.7582716550974188,-1.3424992889171958,-1.0832800190978622,2.122850262484393,2.621965695884277,1.163198338143649
86.0,202.0,1227.033935546875,-3.352715914448632,1.517513197603665,1.735005102395289,1.9176396995691447,0.7582518493946123,-1.3424996169554309,-1.0832948251253696,2.122891213670864,2.621995947296029,1.1631084717754876
86.0,202.0,1227.033935546875,-3.3527159143539262,1.517513197603665,1.735005102395289,1.9176576383492527,0.7582518493946123,-1.3424996169554309,-1.0832948251253696,2.122891213670864,2.621995947296029,1.1631084717754876
86.0,202.0,1227.033935546875,-3.3527180862188617,1.5175127906861028,1.734738844645741,1.917577638129617,0.7582716550974188,-1.3424992889171958,-1.0832800190978622,2.122850262484393,2.621965695884277,1.163198338143649
86.0,202.0,1227.033935546875,-3.352715914448888,1.517513197603665,1.735005102395289,1.9176396995691447,0.7582518493946123,-1.3424996169554309,-1.0832948251253696,2.122891213670864,2.621995947296029,1.1631084717754876
86.0,202.0,1227.033935546875,-3.352647552551654,1.517513197603665,1.735005102395289,1.9176359713671016,0.7578878663501685,-1.3424996169554309,-1.0834868469916967,2.12289120592724,2.621995947296029,1.163063981449064
86.0,202.0,1227.0340576171875,-3.352647557539271,1.517513197603665,1.735005102395289,1.917484858117068,0.7578914134924689,-1.3424996169554309,-1.0832948824405777,2.1228911527055487,2.621995947296029,1.163063466220448
86.0,202.0,1227.0340576171875,-3.352647557539271,1.5175128820253123,1.735005102395289,1.917484858117068,0.7578920193318093,-1.3424996169554309,-1.0832948824405777,2.1228911527055487,2.621995947296029,1.163063466220448
86.0,202.0,1227.0341796875,-3.3526481299637387,1.517513197603665,1.735005102395289,1.9176364312795984,0.7578110210278037,-1.3424996169554309,-1.0834764276354354,2.1228912132719846,2.621995947296029,1.1630640089120017
86.0,202.0,1227.0341796875,-3.3526478634092443,1.517513197603665,1.735005102395289,1.9176359713671016,0.7578110210278037,-1.3424996169554309,-1.0834764276354354,2.12289120592724,2.621995947296029,1.1630640099073382
86.0,202.0,1227.0341796875,-3.3526478634092443,1.517513197603665,1.735005102395289,1.9176359713671016,0.7578110210278037,-1.3424996169554309,-1.0834764276354354,2.12289120592724,2.621995947296029,1.1630640099073382
86.0,202.0,1227.0341796875,-3.352716361480838,1.5175128859985003,1.7347424606882371,1.9176364312795984,0.7577992815222553,-1.3424996169554309,-1.0834764276354354,2.1228475635345125,2.621964857013961,1.1630677031009515
86.0,202.0,1227.0341796875,-3.3526481299637387,1.517513197603665,1.735005102395289,1.9176364312795984,0.7578110210278037,-1.3424996169554309,-1.0834764276354354,2.1228912132719846,2.621995947296029,1.1630640089120017
86.0,203.0,1226.889404296875,-3.3528188740164206,1.4992154273289908,1.735005102395289,1.9175431554267188,0.7582809361440978,-1.3424996169554309,-1.083286361657355,2.122891220132648,2.621995947296029,1.163109992758939
86.0,203.0,1226.892822265625,-3.352455091067368,1.4991164723642871,1.7347441224254023,1.9175452793922367,0.7578120018572102,-1.3424996169554309,-1.0834762228023602,2.122891202790702,2.621995074121434,1.1631136143926633
86.0,203.0,1226.8934326171875,-3.3524552534619083,1.4992154273289908,1.735005102395289,1.9175476593232808,0.7577260418294535,-1.3424996169554309,-1.083472871080999,2.1228911538260338,2.621995947296029,1.163063499158174
86.0,203.0,1226.8946533203125,-3.352716618555022,1.4991164723642871,1.7347441224254023,1.9176318281987728,0.7578110210278037,-1.3424996169554309,-1.0834762228023602,2.122891202790702,2.621995074121434,1.1631118789023625
86.0,203.0,1226.8946533203125,-3.3527391619578784,1.498542532820483,1.735005102395289,1.9175491164292089,0.7577354344648952,-1.3424996169554309,-1.0832898699192934,2.1228911552630945,2.621995947296029,1.1631084717754876
86.0,203.0,1226.895263671875,-3.352716780949562,1.4992154273289908,1.735005102395289,1.9176342081298177,0.7577250610000471,-1.3424996169554309,-1.083472871080999,2.1228911538260338,2.621995947296029,1.1630617636678735
86.0,203.0,1226.89599609375,-3.352715913722654,1.517513197603665,1.735005102395289,1.9176396995691447,0.7577273890382199,-1.339629250118785,-1.0832898699192934,2.122891213670864,2.604266574782644,1.1631962984281867
86.0,203.0,1226.899169921875,-3.354450206421039,1.4983083011337597,1.7350051002511324,1.9175476593232808,0.7577245013423083,-1.342499616947353,-1.083472871080999,2.122891153902393,2.621458354888601,1.1630646006815482
86.0,203.0,1226.899169921875,-3.3544501693889752,1.4983083011337597,1.735005102548325,1.917549043174859,0.7577245013423083,-1.342499616947353,-1.083472871080999,2.122891155254404,2.621458354888601,1.1630646006815482
86.0,203.0,1226.90234375,-3.3545230355013467,1.4992154273289908,1.734746499294464,1.917631623565815,0.7577253966958726,-1.3424498530100275,-1.0834762247940757,2.1228911537960067,2.6219636819684413,1.1630707051578322
86.0,203.0,1226.9024658203125,-3.354412355845745,1.4992154273289908,1.735005102395289,1.9175476593232808,0.757728857572029,-1.3424996323191067,-1.083472871080999,2.122891153902393,2.6219958253010804,1.1630593814387982
86.0,203.0,1226.902587890625,-3.354411370187681,1.4992154273289908,1.735005102395289,1.9175476593232808,0.7577239317380253,-1.3424996169554309,-1.083472871080999,2.122891153902393,2.621995947296029,1.163064031236024
86.0,203.0,1226.902587890625,-3.354411370187681,1.4992154273289908,1.735005102395289,1.9175476593232808,0.7577260418294535,-1.3424996169554309,-1.083472871080999,2.122891153902393,2.621995947296029,1.163063499158174
86.0,203.0,1226.902587890625,-3.354411370187681,1.4992154273289908,1.735005102395289,1.9175476593232808,0.7577239317380253,-1.3424996169554309,-1.083472871080999,2.122891153902393,2.621995947296029,1.1630640117196689
86.0,203.0,1226.9031982421875,-3.354411370187681,1.4992154273289908,1.734746499294464,1.917631623565815,0.7577260418294535,-1.3424996169554309,-1.0834762247940757,2.122891153902393,2.6219636819684413,1.163063499158174
86.0,203.0,1226.903564453125,-3.354456495206259,1.4993437993861958,1.735005102395289,1.9175491164292089,0.7577385950198485,-1.3424996169554309,-1.0832898699192934,2.1228911552630945,2.621995947296029,1.1631084717754876
86.0,203.0,1226.903564453125,-3.354456495206259,1.4993437993861958,1.735005102395289,1.9175491164292089,0.7577385950198485,-1.3424996169554309,-1.0832898699192934,2.1228911552630945,2.621995947296029,1.1631084717754876
86.0,203.0,1226.903564453125,-3.354456532238322,1.4993437993861958,1.7350051000980966,1.917547732577631,0.7577385950198485,-1.3424996169554309,-1.0832898699192934,2.122891153911084,2.621995947296029,1.1631084717754876
86.0,203.0,1226.9039306640625,-3.354411370187681,1.499366317437583,1.734746499294464,1.9176334905591688,0.7577260418294535,-1.3424996169554309,-1.0834762247940757,2.122891154311348,2.6219636211519752,1.1631132500231316
86.0,203.0,1226.991943359375,-3.352715882647232,1.5175128132066025,1.7349876285139454,1.9176815509146272,0.7578883102775972,-1.34249960313905,-1.0832953612434666,2.1228914572519173,2.6062857942707263,1.1630946567281075
86.0,203.0,1226.998046875,-3.352715914448632,1.517513197603665,1.735005102395289,1.9176396995691447,0.7578888534901181,-1.339629250118785,-1.0832898699192934,2.122891213670864,2.621995947296029,1.1631084717754876
86.0,203.0,1226.998046875,-3.352715914448632,1.517513197603665,1.735005102395289,1.9176396995691447,0.7578888534901181,-1.339629250118785,-1.0832898699192934,2.122891213670864,2.621995947296029,1.1631084717754876
86.0,203.0,1227.00341796875,-3.3526707894300536,1.5173848255464606,1.735005102395289,1.9176817465328293,0.7579020951040638,-1.3424993264899894,-1.083472871080999,2.1228912177460346,2.620169043457999,1.163064031236024
86.0,203.0,1227.011962890625,-3.352715882647232,1.5175128132066025,1.7349879420244445,1.9176815509146272,0.7577259544010869,-1.342499628037292,-1.083295270777502,2.122891145067592,2.604818533081962,1.1630664421551438
86.0,203.0,1227.01416015625,-3.352715883153886,1.5175128132066025,1.7349976118633907,1.9176815509146272,0.7577259544010869,-1.3424992893949823,-1.083295270777502,2.122891630582227,2.604818533081962,1.1631968309941707
86.0,203.0,1227.017333984375,-3.3527152488077365,1.517513195642918,1.735005102395289,1.917681597960445,0.7582626459579043,-1.3424993365690383,-1.0832957183619951,2.1228916623866976,2.604388401038831,1.1630640099073382
86.0,203.0,1227.01806640625,-3.352715882647232,1.5175128132066025,1.7349878952415436,1.9176815509146272,0.7578883102775972,-1.342499324487973,-1.083295270777502,2.1228914572519173,2.6044274685814712,1.1630946567281075
86.0,203.0,1227.01806640625,-3.352715882647232,1.5175128132066025,1.7349878952415436,1.9176815509146272,0.7578883102775972,-1.342499324487973,-1.083295270777502,2.1228914572519173,2.6044274685814712,1.1630946567281075
86.0,203.0,1227.018798828125,-3.352715884835011,1.5175128179692128,1.7350057914877737,1.9176804155939031,0.7578917630032831,-1.3424996125443884,-1.083294883717332,2.122891159082351,2.604381417514013,1.1630956493609264
86.0,203.0,1227.018798828125,-3.352715884842996,1.5175128132066025,1.7349974670286223,1.917680429768453,0.7577259544010869,-1.3424996232354107,-1.083295270777502,2.122891152078867,2.604411075138905,1.163095770084894
86.0,203.0,1227.0191650390625,-3.352715884835011,1.5175128132066025,1.7350057914877737,1.9176804155939031,0.757903394407372,-1.342499324646058,-1.083294777828728,2.122891218054028,2.6043610630804,1.1630955826883205
86.0,203.0,1227.0205078125,-3.352715805365041,1.5175128972457057,1.735004836664266,1.9176804155939031,0.7579127631269383,-1.3424993188383396,-1.083295270777502,2.1228914572519173,2.62111685817748,1.163108851540419
86.0,203.0,1227.0218505859375,-3.352638301437886,1.517513197603665,1.735005102395289,1.9174831327580928,0.7578914134924689,-1.3424996169554309,-1.0832948824405777,2.1228911573635005,2.6212844795573664,1.1630643282982185
86.0,203.0,1227.022705078125,-3.3526478634092443,1.517513197603665,1.735005102395289,1.9176399194755107,0.7579034671795677,-1.3424996169554309,-1.0832878344485808,2.12289120592724,2.6212863044204524,1.1630640099073382
86.0,203.0,1227.0230712890625,-3.352718551910131,1.5175128964921971,1.7347476848289154,1.9176412976284007,0.7579124763190821,-1.3424996048743656,-1.0832880604506736,2.122845581609073,2.6212729262560432,1.163108649796766
86.0,203.0,1227.025634765625,-3.352630654840678,1.517513197603665,1.735004441232046,1.9174831327580928,0.7578796885215255,-1.3424996169554309,-1.0832948824405777,2.122891156668909,2.6215099190341182,1.1630643282982185
86.0,203.0,1227.0260009765625,-3.352715914448632,1.517513197603665,1.7350051002697622,1.9176396995691447,0.7578888534901181,-1.342499616797346,-1.0832953180741436,2.122891452868754,2.621462599955015,1.163107545815275
86.0,203.0,1227.0274658203125,-3.354456495206259,1.5177328100668033,1.735005759771586,1.9175491164292089,0.7577385950198485,-1.342499617142104,-1.0832898699192934,2.1228911552630945,2.6210858561215487,1.1631085191722308
86.0,203.0,1227.02783203125,-3.352715884835011,1.5175128127825432,1.7350057893622466,1.91768111990882,0.7578967126589554,-1.3424996243969405,-1.0832896087583057,2.1228911883780257,2.6038277157393863,1.1630946567281075
86.0,203.0,1227.0279541015625,-3.352715884835011,1.5175128132066025,1.7350057893622466,1.9176804155939031,0.757903394407372,-1.342499324487973,-1.083295270777502,2.1228914572519173,2.6038277157393863,1.1630946567281075
86.0,203.0,1227.0279541015625,-3.352715884835011,1.5175128132066025,1.7350057893622466,1.9176804155939031,0.7579012843159437,-1.342499324487973,-1.083295270777502,2.1228914572519173,2.6038277157393863,1.1630951888059573
86.0,203.0,1227.0302734375,-3.352638301437886,1.5173618943399916,1.734735634970776,1.9174766391874536,0.758260632157328,-1.342499283311788,-1.0832948824405777,2.122891153892318,2.621965758126516,1.163061584350515
86.0,203.0,1227.0322265625,-3.3526707894300536,1.5173848255464606,1.735005102395289,1.9176382424632177,0.7578741902082948,-1.3424996169554309,-1.083472871080999,2.122891212310163,2.621995947296029,1.163064031236024
86.0,203.0,1227.0322265625,-3.3526707894300536,1.5173848255464606,1.735005102395289,1.9176398848510727,0.7578741902082948,-1.3424996169554309,-1.083472871080999,2.122891212310163,2.621995947296029,1.163064030262347
86.0,203.0,1227.03271484375,-3.352638301437886,1.5175127844485838,1.734735634970776,1.917478506180808,0.758260632157328,-1.342499283311788,-1.0832948824405777,2.1228911543012727,2.621965697310049,1.1631113352154725
86.0,203.0,1227.032958984375,-3.3526707894300536,1.5173848255464606,1.735005102395289,1.917639132449832,0.7579020951040638,-1.3424993264899894,-1.083472871080999,2.1228912137140163,2.6220432070219686,1.1630647312433662
86.0,203.0,1227.033203125,-3.3526478634092443,1.517513195642918,1.735005102395289,1.9176399194755107,0.7582626459579043,-1.3424993365690383,-1.0832878344485808,2.12289120592724,2.6219793061872907,1.1630640099073382
86.0,203.0,1227.033447265625,-3.3527159696214737,1.5175127857172923,1.7349974272826325,1.917547973305738,0.7582775219469801,-1.3424992889237672,-1.0832788015905206,2.12289159400386,2.621965695884277,1.163198338143649
86.0,203.0,1227.033447265625,-3.35271498396341,1.5175127857172923,1.7349974272826325,1.917547973305738,0.7582725961129763,-1.3424992735600914,-1.0832788015905206,2.12289159400386,2.6219658178792256,1.1632029879408747
86.0,203.0,1227.0335693359375,-3.352718551910131,1.51751289453145,1.7347476848289154,1.9176412976284007,0.7582716550974188,-1.342499324487973,-1.0832880604506736,2.122845581609073,2.621965928022881,1.163108649796766
86.0,204.0,1226.8193359375,-3.352819092449108,1.4995497621249825,1.735005102395289,1.9176396995691447,0.7578888534901181,-1.339629250118785,-1.0832898370770334,2.122891213670864,2.621995947296029,1.1631084717754876
86.0,204.0,1226.8865966796875,-3.352638301437886,1.4994238107511146,1.735005102395289,1.917478443879938,0.7578914134924689,-1.3424996169554309,-1.0834743545972922,2.1228911539822644,2.621305804194361,1.1630640259888962
86.0,204.0,1226.889404296875,-3.3528188740164206,1.4992154273289908,1.735005102395289,1.9175431554267188,0.7582809361440978,-1.3424996169554309,-1.083286361657355,2.122891220132648,2.621995947296029,1.163109992758939
86.0,204.0,1226.889404296875,-3.352696860102667,1.4989135835998002,1.735005102395289,1.9176396995691447,0.7577392856948276,-1.339602417032724,-1.0832898699192934,2.122891213670864,2.604266574782644,1.1631073508668948
86.0,204.0,1226.892822265625,-3.352455091067368,1.4991164723642871,1.7347441224254023,1.9175452793922367,0.7578120018572102,-1.3424996169554309,-1.0834762228023602,2.122891202790702,2.621995074121434,1.1631136143926633
86.0,204.0,1226.89306640625,-3.352455091067368,1.4991111071111276,1.7347633905890862,1.9175452793922367,0.7577268823250043,-1.3424996169554309,-1.0834761800442088,2.122891154254368,2.62199511604294,1.163062513878477
86.0,204.0,1226.8934326171875,-3.3524552534619083,1.4992154273289908,1.735005102395289,1.9175476593232808,0.7577260418294535,-1.3424996169554309,-1.083472871080999,2.1228911538260338,2.621995947296029,1.163063499158174
86.0,204.0,1226.8936767578125,-3.352672567380349,1.4992154273289908,1.735005102395289,1.9175476593232808,0.7578206567658294,-1.3424996169554309,-1.0834728942503935,2.122891153228291,2.621995000063861,1.1631092807903558
86.0,204.0,1226.893798828125,-3.352668949519168,1.4992154273289908,1.735005102395289,1.9176829921143888,0.7579038993123286,-1.342499301727379,-1.083472871080999,2.122891215252396,2.622013620507776,1.163064159593469
86.0,204.0,1226.8946533203125,-3.352716618555022,1.4991164723642871,1.7347441224254023,1.9176318281987728,0.7578110210278037,-1.3424996169554309,-1.0834762228023602,2.122891202790702,2.621995074121434,1.1631118789023625
86.0,204.0,1226.8946533203125,-3.3527391619578784,1.498542532820483,1.735005102395289,1.9175491164292089,0.7577354344648952,-1.3424996169554309,-1.0832898699192934,2.1228911552630945,2.621995947296029,1.1631084717754876
86.0,204.0,1226.895263671875,-3.352716780949562,1.4992154273289908,1.735005102395289,1.9176342081298177,0.7577250610000471,-1.3424996169554309,-1.083472871080999,2.1228911538260338,2.621995947296029,1.1630617636678735
86.0,204.0,1226.89599609375,-3.352715913722654,1.517513197603665,1.735005102395289,1.9176396995691447,0.7577273890382199,-1.339629250118785,-1.0832898699192934,2.122891213670864,2.604266574782644,1.1631962984281867
86.0,204.0,1226.89599609375,-3.3527157165971904,1.498542532820483,1.735005102395289,1.917681947997244,0.7577354344648952,-1.3424996127672135,-1.083289661166517,2.122891159047137,2.621995947296029,1.1631087543396548
86.0,204.0,1226.899169921875,-3.354450206421039,1.4983083011337597,1.7350051002511324,1.9175476593232808,0.7577245013423083,-1.342499616947353,-1.083472871080999,2.122891153902393,2.621458354888601,1.1630646006815482
86.0,204.0,1226.899169921875,-3.3544501693889752,1.4983083011337597,1.735005102548325,1.917549043174859,0.7577245013423083,-1.342499616947353,-1.083472871080999,2.122891155254404,2.621458354888601,1.1630646006815482
86.0,204.0,1226.899169921875,-3.354450206421039,1.4983083011337597,1.7350051001275817,1.9175476593232808,0.7577244117206957,-1.342499616947353,-1.083472871080999,2.122891153902393,2.621458354888601,1.1630646006815482
86.0,204.0,1226.90234375,-3.3545230355013467,1.4992154273289908,1.734746499294464,1.917631623565815,0.7577253966958726,-1.3424498530100275,-1.0834762247940757,2.1228911537960067,2.6219636819684413,1.1630707051578322
86.0,204.0,1226.90234375,-3.354411370187681,1.4992207925821504,1.734985834231605,1.9175476593232808,0.7578111613616594,-1.3424996169554309,-1.0834729138391508,2.1228912024387268,2.621995905374523,1.1631145996723606
86.0,204.0,1226.9024658203125,-3.354412355845745,1.4992154273289908,1.735005102395289,1.9175476593232808,0.757728857572029,-1.3424996323191067,-1.083472871080999,2.122891153902393,2.6219958253010804,1.1630593814387982
86.0,204.0,1226.902587890625,-3.354411370187681,1.4992154273289908,1.735005102395289,1.9175476593232808,0.7577239317380253,-1.3424996169554309,-1.083472871080999,2.122891153902393,2.621995947296029,1.163064031236024
86.0,204.0,1226.902587890625,-3.354411370187681,1.4992154273289908,1.735005102395289,1.9175476593232808,0.7577260418294535,-1.3424996169554309,-1.083472871080999,2.122891153902393,2.621995947296029,1.163063499158174
86.0,204.0,1226.902587890625,-3.354411370187681,1.4992154273289908,1.735005102395289,1.9175476593232808,0.7577239317380253,-1.3424996169554309,-1.083472871080999,2.122891153902393,2.621995947296029,1.1630640117196689
86.0,204.0,1226.902587890625,-3.354411370187681,1.4992154273289908,1.735005102395289,1.9175476593232808,0.7577239317380253,-1.3424996169554309,-1.083472871080999,2.122891153902393,2.621995947296029,1.1630640117196689
86.0,204.0,1226.9031982421875,-3.354411370187681,1.4992154273289908,1.734746499294464,1.917631623565815,0.7577260418294535,-1.3424996169554309,-1.0834762247940757,2.122891153902393,2.6219636819684413,1.163063499158174
86.0,204.0,1226.903564453125,-3.354456495206259,1.4993437993861958,1.735005102395289,1.9175491164292089,0.7577385950198485,-1.3424996169554309,-1.0832898699192934,2.1228911552630945,2.621995947296029,1.1631084717754876
86.0,204.0,1226.903564453125,-3.354456495206259,1.4993437993861958,1.735005102395289,1.9175491164292089,0.7577385950198485,-1.3424996169554309,-1.0832898699192934,2.1228911552630945,2.621995947296029,1.1631084717754876
86.0,204.0,1226.903564453125,-3.354456532238322,1.4993437993861958,1.7350051000980966,1.917547732577631,0.7577385950198485,-1.3424996169554309,-1.0832898699192934,2.122891153911084,2.621995947296029,1.1631084717754876
86.0,204.0,1226.90380859375,-3.354455421362354,1.4991164723642871,1.7347441224254023,1.9176318281987728,0.7577142959999996,-1.3424996169554309,-1.0834761996329658,2.122891203464804,2.6219960213536018,1.1630666293480303
86.0,204.0,1226.9039306640625,-3.354411370187681,1.499366317437583,1.734746499294464,1.9176334905591688,0.7577260418294535,-1.3424996169554309,-1.0834762247940757,2.122891154311348,2.6219636211519752,1.1631132500231316
86.0,204.0,1226.970703125,-3.352715883153886,1.5175128127994215,1.7349976118633907,1.917641547846885,0.7577196433710096,-1.3395174435586288,-1.083295270777502,2.122891207882923,2.620739332837535,1.1631968309941707
86.0,204.0,1226.991943359375,-3.352715882647232,1.5175128132066025,1.7349876285139454,1.9176815509146272,0.7578883102775972,-1.34249960313905,-1.0832953612434666,2.1228914572519173,2.6062857942707263,1.1630946567281075
86.0,204.0,1226.998046875,-3.352715914448632,1.517513197603665,1.735005102395289,1.9176396995691447,0.7578888534901181,-1.339629250118785,-1.0832898699192934,2.122891213670864,2.621995947296029,1.1631084717754876
86.0,204.0,1226.998046875,-3.352715914448632,1.517513197603665,1.735005102395289,1.9176396995691447,0.7578888534901181,-1.339629250118785,-1.0832898699192934,2.122891213670864,2.621995947296029,1.1631084717754876
86.0,204.0,1226.999755859375,-3.352715914448632,1.5175131980108458,1.735005102395289,1.9176797026368864,0.7578951645201955,-1.3426110959551387,-1.0832898699192934,2.122891636370168,2.606075147540456,1.1631084717754876
86.0,204.0,1227.00341796875,-3.3526707894300536,1.5173848255464606,1.735005102395289,1.9176817465328293,0.7579020951040638,-1.3424993264899894,-1.083472871080999,2.1228912177460346,2.620169043457999,1.163064031236024
86.0,204.0,1227.0078125,-3.3526440902793126,1.5173170585313231,1.7350057914877737,1.9176804155939031,0.757903394407372,-1.342450669604667,-1.0832976506221688,2.122891217682988,2.6205414163001928,1.1630955826883205
86.0,204.0,1227.011962890625,-3.352715882647232,1.5175128132066025,1.7349879420244445,1.9176815509146272,0.7577259544010869,-1.342499628037292,-1.083295270777502,2.122891145067592,2.604818533081962,1.1630664421551438
86.0,204.0,1227.011962890625,-3.352715880656257,1.5175128132066025,1.735003995653737,1.91768034101907,0.7577259544010869,-1.3424993240903904,-1.083295270777502,2.122891145067592,2.604818533081962,1.163063646791858
86.0,204.0,1227.0130615234375,-3.352714945583305,1.5175131954697,1.7350044135519227,1.9174831327580928,0.757864678356317,-1.3424996169554309,-1.0832956751581706,2.122891120658212,2.604595041584868,1.1630643282982185
86.0,204.0,1227.01416015625,-3.352715883153886,1.5175128132066025,1.7349976118633907,1.9176815509146272,0.7577259544010869,-1.3424992893949823,-1.083295270777502,2.122891630582227,2.604818533081962,1.1631968309941707
86.0,204.0,1227.017333984375,-3.3527152488077365,1.517513195642918,1.735005102395289,1.917681597960445,0.7582626459579043,-1.3424993365690383,-1.0832957183619951,2.1228916623866976,2.604388401038831,1.1630640099073382
86.0,204.0,1227.017822265625,-3.352739330195699,1.5175128179692128,1.7350057914877737,1.917547584025868,0.7578917630032831,-1.342499616732606,-1.0832950924701084,2.122891155298309,2.604381417514013,1.1630953667967592
86.0,204.0,1227.01806640625,-3.352715882647232,1.5175128132066025,1.7349878952415436,1.9176815509146272,0.7578883102775972,-1.342499324487973,-1.083295270777502,2.1228914572519173,2.6044274685814712,1.1630946567281075
86.0,204.0,1227.01806640625,-3.352715882647232,1.5175128132066025,1.7349878952415436,1.9176815509146272,0.7578883102775972,-1.342499324487973,-1.083295270777502,2.1228914572519173,2.6044274685814712,1.1630946567281075
86.0,204.0,1227.018798828125,-3.352715884835011,1.5175128179692128,1.7350057914877737,1.9176804155939031,0.7578917630032831,-1.3424996125443884,-1.083294883717332,2.122891159082351,2.604381417514013,1.1630956493609264
86.0,204.0,1227.018798828125,-3.352715884842996,1.5175128132066025,1.7349974670286223,1.917680429768453,0.7577259544010869,-1.3424996232354107,-1.083295270777502,2.122891152078867,2.604411075138905,1.163095770084894
86.0,204.0,1227.0191650390625,-3.352715884835011,1.5175128132066025,1.7350057914877737,1.9176804155939031,0.757903394407372,-1.342499324646058,-1.083294777828728,2.122891218054028,2.6043610630804,1.1630955826883205
86.0,204.0,1227.0205078125,-3.352715805365041,1.5175128972457057,1.735004836664266,1.9176804155939031,0.7579127631269383,-1.3424993188383396,-1.083295270777502,2.1228914572519173,2.62111685817748,1.163108851540419
86.0,204.0,1227.0205078125,-3.3527158073560166,1.5175128972457057,1.7349887830349733,1.91768162548946,0.7579127631269383,-1.342499622785241,-1.083295270777502,2.1228914572519173,2.62111685817748,1.163111646903705
86.0,205.0,1226.813232421875,-3.352672567380349,1.4992154273289908,1.735005102395289,1.9176401571156203,0.7578879888980181,-1.3394627083375663,-1.0834728942503935,2.12289116012765,2.621995000063861,1.1631084479972729
86.0,205.0,1226.818115234375,-3.352819092449108,1.4992047671367743,1.735005102395289,1.9176396995691447,0.7578918893610498,-1.339629250118785,-1.0832898370770334,2.122891213670864,2.621995947296029,1.1631084717754876
86.0,205.0,1226.8193359375,-3.352819092449108,1.4995497621249825,1.735005102395289,1.9176396995691447,0.7578888534901181,-1.339629250118785,-1.0832898370770334,2.122891213670864,2.621995947296029,1.1631084717754876
86.0,205.0,1226.823486328125,-3.354489845381435,1.4983192102545646,1.7350051023973714,1.9176396995691447,0.7577231117148835,-1.339629250118785,-1.0832898370770334,2.122891213670864,2.621995947296029,1.1630633179884384
86.0,205.0,1226.869140625,-3.352696860102667,1.4993537959600969,1.735005102395289,1.9176435745217475,0.7577392763400453,-1.3392721913084151,-1.0832898699192934,2.122891213329774,2.604266574782644,1.1631073547197253
86.0,205.0,1226.8865966796875,-3.352638301437886,1.4994238107511146,1.735005102395289,1.917478443879938,0.7578914134924689,-1.3424996169554309,-1.0834743545972922,2.1228911539822644,2.621305804194361,1.1630640259888962
86.0,205.0,1226.88671875,-3.3526700329689665,1.4994238107511146,1.735005102395289,1.917478443879938,0.7578914134924689,-1.3424996169554309,-1.0834743545972922,2.122891153245236,2.621306139423776,1.1630642450918809
86.0,205.0,1226.8868408203125,-3.352660912417667,1.4994230947054552,1.735005102395289,1.917478443879938,0.7578914134924689,-1.3424996169554309,-1.083259367508403,2.1228911539822644,2.621305804194361,1.1630640259888962
86.0,205.0,1226.889404296875,-3.3528188740164206,1.4992154273289908,1.735005102395289,1.9175431554267188,0.7582809361440978,-1.3424996169554309,-1.083286361657355,2.122891220132648,2.621995947296029,1.163109992758939
86.0,205.0,1226.889404296875,-3.352696860102667,1.4989135835998002,1.735005102395289,1.9176396995691447,0.7577392856948276,-1.339602417032724,-1.0832898699192934,2.122891213670864,2.604266574782644,1.1631073508668948
86.0,205.0,1226.889404296875,-3.3528188740164206,1.4992154273289908,1.735005102395289,1.9175431554267188,0.7582809361440978,-1.3424996169554309,-1.083286361657355,2.122891220132648,2.621995947296029,1.163109992758939
86.0,205.0,1226.8895263671875,-3.3528189136808977,1.4989135835998002,1.735005102395289,1.917547017924184,0.7577392856948276,-1.339602417032724,-1.0832899185431772,2.1228912137490967,2.604266574782644,1.1631073508668948
86.0,205.0,1226.8896484375,-3.3527794164566487,1.4995388530041776,1.735005102546243,1.917549043174859,0.7578902431175429,-1.342499616947353,-1.083472871080999,2.122891155254404,2.621458354888601,1.163109754468597
86.0,205.0,1226.889892578125,-3.3526968204381897,1.4992154273289908,1.735005102395289,1.9176358370716795,0.7582809361440978,-1.3424996169554309,-1.0832863130334711,2.122891220054416,2.621995947296029,1.163109992758939
86.0,205.0,1226.892333984375,-3.352668949519168,1.4992154273289908,1.735005102395289,1.917543335254246,0.7579038993123286,-1.342499638793751,-1.083472871080999,2.122891215252396,2.622014690285415,1.163064154187
86.0,205.0,1226.892822265625,-3.352455091067368,1.4991164723642871,1.7347441224254023,1.9175452793922367,0.7578120018572102,-1.3424996169554309,-1.0834762228023602,2.122891202790702,2.621995074121434,1.1631136143926633
86.0,205.0,1226.892822265625,-3.352455091067368,1.4991164723642871,1.7347441224254023,1.9175452793922367,0.7578120018572102,-1.3424996169554309,-1.0834762228023602,2.122891202790702,2.621995074121434,1.1631136143926633
86.0,205.0,1226.89306640625,-3.352455091067368,1.4991111071111276,1.7347633905890862,1.9175452793922367,0.7577268823250043,-1.3424996169554309,-1.0834761800442088,2.122891154254368,2.62199511604294,1.163062513878477
86.0,205.0,1226.893310546875,-3.3524552534619083,1.4991185501948554,1.735005102395289,1.9175476593232808,0.7577255424550314,-1.3424996169554309,-1.083472871080999,2.122891153318613,2.6219950877865683,1.163064400103941
86.0,205.0,1226.8934326171875,-3.3524552534619083,1.4992154273289908,1.735005102395289,1.9175476593232808,0.7577260418294535,-1.3424996169554309,-1.083472871080999,2.1228911538260338,2.621995947296029,1.163063499158174
86.0,205.0,1226.8936767578125,-3.352672567380349,1.4992154273289908,1.735005102395289,1.9175476593232808,0.7578206567658294,-1.3424996169554309,-1.0834728942503935,2.122891153228291,2.621995000063861,1.1631092807903558
86.0,205.0,1226.893798828125,-3.352668949519168,1.4992154273289908,1.735005102395289,1.9176829921143888,0.7579038993123286,-1.342499301727379,-1.083472871080999,2.122891215252396,2.622013620507776,1.163064159593469
86.0,205.0,1226.893798828125,-3.3527818503008664,1.4985476632000505,1.734985834231605,1.9175476593232808,0.7578111613616594,-1.342499612868369,-1.0834729138391508,2.1228912024387268,2.621995908005536,1.1631145996723606
86.0,205.0,1226.8946533203125,-3.352716618555022,1.4991164723642871,1.7347441224254023,1.9176318281987728,0.7578110210278037,-1.3424996169554309,-1.0834762228023602,2.122891202790702,2.621995074121434,1.1631118789023625
86.0,205.0,1226.8946533203125,-3.3527391619578784,1.498542532820483,1.735005102395289,1.9175491164292089,0.7577354344648952,-1.3424996169554309,-1.0832898699192934,2.1228911552630945,2.621995947296029,1.1631084717754876
86.0,205.0,1226.895263671875,-3.352716780949562,1.4992154273289908,1.735005102395289,1.9176342081298177,0.7577250610000471,-1.3424996169554309,-1.083472871080999,2.1228911538260338,2.621995947296029,1.1630617636678735
86.0,205.0,1226.89599609375,-3.352715913722654,1.517513197603665,1.735005102395289,1.9176396995691447,0.7577273890382199,-1.339629250118785,-1.0832898699192934,2.122891213670864,2.604266574782644,1.1631962984281867
86.0,205.0,1226.89599609375,-3.3527157165971904,1.498542532820483,1.735005102395289,1.917681947997244,0.7577354344648952,-1.3424996127672135,-1.083289661166517,2.122891159047137,2.621995947296029,1.1631087543396548
86.0,205.0,1226.899169921875,-3.354450206421039,1.4983083011337597,1.7350051002511324,1.9175476593232808,0.7577245013423083,-1.342499616947353,-1.083472871080999,2.122891153902393,2.621458354888601,1.1630646006815482
86.0,205.0,1226.899169921875,-3.3544501693889752,1.4983083011337597,1.735005102548325,1.917549043174859,0.7577245013423083,-1.342499616947353,-1.083472871080999,2.122891155254404,2.621458354888601,1.1630646006815482
86.0,205.0,1226.899169921875,-3.354450206421039,1.4983083011337597,1.7350051001275817,1.9175476593232808,0.7577244117206957,-1.342499616947353,-1.083472871080999,2.122891153902393,2.621458354888601,1.1630646006815482
86.0,205.0,1226.9017333984375,-3.354413097663293,1.4992154273289908,1.734746499294464,1.917631623565815,0.7577253966958726,-1.3424498530100275,-1.0834727569484124,2.1228911537960067,2.6219636819684413,1.1630706477003203
86.0,205.0,1226.90234375,-3.3545230355013467,1.4992154273289908,1.734746499294464,1.917631623565815,0.7577253966958726,-1.3424498530100275,-1.0834762247940757,2.1228911537960067,2.6219636819684413,1.1630707051578322
86.0,205.0,1226.90234375,-3.354411370187681,1.4992207925821504,1.734985834231605,1.9175476593232808,0.7578111613616594,-1.3424996169554309,-1.0834729138391508,2.1228912024387268,2.621995905374523,1.1631145996723606
86.0,205.0,1226.90234375,-3.354411370187681,1.4992236179359706,1.734985834231605,1.9175476593232808,0.7578111613616594,-1.3424996169554309,-1.0834726644442367,2.1228912024387268,2.621995905374523,1.163114591148436
86.0,205.0,1226.9024658203125,-3.354412355845745,1.4992154273289908,1.735005102395289,1.9175476593232808,0.757728857572029,-1.3424996323191067,-1.083472871080999,2.122891153902393,2.6219958253010804,1.1630593814387982
86.0,205.0,1226.902587890625,-3.354411370187681,1.4992154273289908,1.735005102395289,1.9175476593232808,0.7577239317380253,-1.3424996169554309,-1.083472871080999,2.122891153902393,2.621995947296029,1.163064031236024
86.0,205.0,1226.902587890625,-3.354411370187681,1.4992154273289908,1.735005102395289,1.9175476593232808,0.7577260418294535,-1.3424996169554309,-1.083472871080999,2.122891153902393,2.621995947296029,1.163063499158174
86.0,205.0,1226.902587890625,-3.354411370187681,1.4992154273289908,1.735005102395289,1.9175476593232808,0.7577239317380253,-1.3424996169554309,-1.083472871080999,2.122891153902393,2.621995947296029,1.1630640117196689
86.0,205.0,1226.902587890625,-3.354411370187681,1.4992154273289908,1.735005102395289,1.9175476593232808,0.7577239317380253,-1.3424996169554309,-1.083472871080999,2.122891153902393,2.621995947296029,1.1630640117196689
86.0,205.0,1226.902587890625,-3.3545230355013467,1.4992154273289908,1.734746499294464,1.917631903781036,0.7577253966958726,-1.3424526120876723,-1.0832966653297862,2.122891206676196,2.621950393946211,1.1630707051578322
86.0,205.0,1226.90283203125,-3.354448545150026,1.4992154273289908,1.735005102395289,1.9175476241757736,0.7577245537413375,-1.3424996169556327,-1.083472871080999,2.1228911538260338,2.621995947296029,1.163063499158174
86.0,205.0,1226.9031982421875,-3.354411370187681,1.4992154273289908,1.734746499294464,1.917631623565815,0.7577260418294535,-1.3424996169554309,-1.0834762247940757,2.122891153902393,2.6219636819684413,1.163063499158174
86.0,205.0,1226.9031982421875,-3.3545222936837984,1.4992154273289908,1.735005102395289,1.9175476593232808,0.757728857572029,-1.3424996323191067,-1.0834763389266624,2.122891153902393,2.6219958253010804,1.1630594388963098
86.0,205.0,1226.903564453125,-3.354456495206259,1.4993437993861958,1.735005102395289,1.9175491164292089,0.7577385950198485,-1.3424996169554309,-1.0832898699192934,2.1228911552630945,2.621995947296029,1.1631084717754876
86.0,205.0,1226.903564453125,-3.354456495206259,1.4993437993861958,1.735005102395289,1.9175491164292089,0.7577385950198485,-1.3424996169554309,-1.0832898699192934,2.1228911552630945,2.621995947296029,1.1631084717754876
86.0,205.0,1226.903564453125,-3.354456532238322,1.4993437993861958,1.7350051000980966,1.917547732577631,0.7577385950198485,-1.3424996169554309,-1.0832898699192934,2.122891153911084,2.621995947296029,1.1631084717754876
86.0,205.0,1226.90380859375,-3.354455421362354,1.4991164723642871,1.7347441224254023,1.9176318281987728,0.7577142959999996,-1.3424996169554309,-1.0834761996329658,2.122891203464804,2.6219960213536018,1.1630666293480303
86.0,205.0,1226.9039306640625,-3.354411370187681,1.499366317437583,1.734746499294464,1.9176334905591688,0.7577260418294535,-1.3424996169554309,-1.0834762247940757,2.122891154311348,2.6219636211519752,1.1631132500231316
86.0,205.0,1226.9039306640625,-3.3544533759959934,1.4991111785110067,1.734746499294464,1.9176334905591688,0.7577260418294535,-1.3424996169554309,-1.0834762247940757,2.122891154311348,2.621955908191316,1.1631132500231316
86.0,206.0,1226.794677734375,-3.352696860102667,1.4994053038542718,1.735005102395289,1.9174788828171545,0.7577294301488506,-1.3396149749073272,-1.0832898699192934,2.122891213670864,2.6198810102118,1.1631081525592637
86.0,206.0,1226.813232421875,-3.352672567380349,1.4992154273289908,1.735005102395289,1.9176401571156203,0.7578879888980181,-1.3394627083375663,-1.0834728942503935,2.12289116012765,2.621995000063861,1.1631084479972729
86.0,206.0,1226.81689453125,-3.3527157165971904,1.4992519051747828,1.735005102395289,1.917682926987086,0.7577354344648952,-1.339486529467819,-1.083285079447382,2.122891159047137,2.621995956768208,1.1631087543396548
86.0,206.0,1226.8173828125,-3.352473623165276,1.499215167623097,1.735005102395289,1.9176386547747928,0.7578859062074127,-1.3396347202548748,-1.0832898370770334,2.122891213670864,2.621995947296029,1.1631084717754876
86.0,206.0,1226.818115234375,-3.352819092449108,1.4992047671367743,1.735005102395289,1.9176396995691447,0.7578918893610498,-1.339629250118785,-1.0832898370770334,2.122891213670864,2.621995947296029,1.1631084717754876
86.0,206.0,1226.819091796875,-3.352719839858889,1.4995456035508954,1.735005102395289,1.9176398705978976,0.7578885543645635,-1.339629250118785,-1.0832898370770334,2.122891213670864,2.621995947296029,1.1631084717754876
86.0,206.0,1226.8193359375,-3.352819092449108,1.4995497621249825,1.735005102395289,1.9176396995691447,0.7578888534901181,-1.339629250118785,-1.0832898370770334,2.122891213670864,2.621995947296029,1.1631084717754876
86.0,206.0,1226.823486328125,-3.354489845381435,1.4983192102545646,1.7350051023973714,1.9176396995691447,0.7577231117148835,-1.339629250118785,-1.0832898370770334,2.122891213670864,2.621995947296029,1.1630633179884384
86.0,206.0,1226.869140625,-3.352696860102667,1.4993537959600969,1.735005102395289,1.9176435745217475,0.7577392763400453,-1.3392721913084151,-1.0832898699192934,2.122891213329774,2.604266574782644,1.1631073547197253
86.0,206.0,1226.8863525390625,-3.352695682597027,1.4988885678389563,1.735005102395289,1.917466481333948,0.7578914134924689,-1.3424996169554309,-1.0832896825113283,2.122891153245236,2.621295520750416,1.1630642450918809
86.0,206.0,1226.8865966796875,-3.352638301437886,1.4994238107511146,1.735005102395289,1.917478443879938,0.7578914134924689,-1.3424996169554309,-1.0834743545972922,2.1228911539822644,2.621305804194361,1.1630640259888962
86.0,206.0,1226.88671875,-3.3526700329689665,1.4994238107511146,1.735005102395289,1.917478443879938,0.7578914134924689,-1.3424996169554309,-1.0834743545972922,2.122891153245236,2.621306139423776,1.1630642450918809
86.0,206.0,1226.8868408203125,-3.352660912417667,1.4994230947054552,1.735005102395289,1.917478443879938,0.7578914134924689,-1.3424996169554309,-1.083259367508403,2.1228911539822644,2.621305804194361,1.1630640259888962
86.0,206.0,1226.8873291015625,-3.352671210474607,1.4994488265119583,1.735005102395289,1.9176516621151345,0.7577392856948276,-1.339602417032724,-1.083474542005257,2.122891213670864,2.6042771934560043,1.1631073508668948
86.0,206.0,1226.889404296875,-3.3528188740164206,1.4992154273289908,1.735005102395289,1.9175431554267188,0.7582809361440978,-1.3424996169554309,-1.083286361657355,2.122891220132648,2.621995947296029,1.163109992758939
86.0,206.0,1226.889404296875,-3.352696860102667,1.4989135835998002,1.735005102395289,1.9176396995691447,0.7577392856948276,-1.339602417032724,-1.0832898699192934,2.122891213670864,2.604266574782644,1.1631073508668948
86.0,206.0,1226.889404296875,-3.3528188740164206,1.4992154273289908,1.735005102395289,1.9175431554267188,0.7582809361440978,-1.3424996169554309,-1.083286361657355,2.122891220132648,2.621995947296029,1.163109992758939
86.0,206.0,1226.8895263671875,-3.3528189136808977,1.4989135835998002,1.735005102395289,1.917547017924184,0.7577392856948276,-1.339602417032724,-1.0832899185431772,2.1228912137490967,2.604266574782644,1.1631073508668948
86.0,206.0,1226.8896484375,-3.3527794164566487,1.4995388530041776,1.735005102546243,1.917549043174859,0.7578902431175429,-1.342499616947353,-1.083472871080999,2.122891155254404,2.621458354888601,1.163109754468597
86.0,206.0,1226.889892578125,-3.3526968204381897,1.4992154273289908,1.735005102395289,1.9176358370716795,0.7582809361440978,-1.3424996169554309,-1.0832863130334711,2.122891220054416,2.621995947296029,1.163109992758939
86.0,206.0,1226.889892578125,-3.3526694463738846,1.4992154273289908,1.735005102395289,1.9176360816288656,0.7582847065507096,-1.3424996176362172,-1.0832851816839466,2.1228912200280137,2.622012761712948,1.163109992758939
86.0,206.0,1226.889892578125,-3.3527794164566487,1.4995319737044128,1.735005102546243,1.9175462389947413,0.7578902431175429,-1.342499616947353,-1.0832384639939387,2.122891155254404,2.621458354888601,1.163109754468597
86.0,206.0,1226.892333984375,-3.352668949519168,1.4992154273289908,1.735005102395289,1.917543335254246,0.7579038993123286,-1.342499638793751,-1.083472871080999,2.122891215252396,2.622014690285415,1.163064154187
86.0,206.0,1226.892578125,-3.352672567380349,1.498506054974691,1.735005102395289,1.9176391781257789,0.7578879888980181,-1.3424757916369603,-1.083477475969529,2.12289116012765,2.6219949905916824,1.1631084479972729
86.0,206.0,1226.892822265625,-3.352455091067368,1.4991164723642871,1.7347441224254023,1.9175452793922367,0.7578120018572102,-1.3424996169554309,-1.0834762228023602,2.122891202790702,2.621995074121434,1.1631136143926633
86.0,206.0,1226.892822265625,-3.352455091067368,1.4991164723642871,1.7347441224254023,1.9175452793922367,0.7578120018572102,-1.3424996169554309,-1.0834762228023602,2.122891202790702,2.621995074121434,1.1631136143926633
86.0,206.0,1226.89306640625,-3.352455091067368,1.4991111071111276,1.7347633905890862,1.9175452793922367,0.7577268823250043,-1.3424996169554309,-1.0834761800442088,2.122891154254368,2.62199511604294,1.163062513878477
86.0,206.0,1226.8931884765625,-3.3524552534619083,1.4991211409632748,1.735005102395289,1.9175476593232808,0.7577310664787443,-1.3424996169554309,-1.083472871080999,2.1228911508834947,2.621994995262669,1.163063499158174
86.0,206.0,1226.893310546875,-3.3524552534619083,1.4991185501948554,1.735005102395289,1.9175476593232808,0.7577255424550314,-1.3424996169554309,-1.083472871080999,2.122891153318613,2.6219950877865683,1.163064400103941
86.0,206.0,1226.8934326171875,-3.3524552534619083,1.4992154273289908,1.735005102395289,1.9175476593232808,0.7577260418294535,-1.3424996169554309,-1.083472871080999,2.1228911538260338,2.621995947296029,1.163063499158174
86.0,206.0,1226.8936767578125,-3.352672567380349,1.4992154273289908,1.735005102395289,1.9175476593232808,0.7578206567658294,-1.3424996169554309,-1.0834728942503935,2.122891153228291,2.621995000063861,1.1631092807903558
86.0,206.0,1226.8936767578125,-3.352672567380349,1.4992154273289908,1.7350090813282375,1.9175476593232808,0.7578206567658294,-1.3424996169554309,-1.0834725240154202,2.122891153228291,2.621995000063861,1.1631092807903558
86.0,206.0,1226.8936767578125,-3.3524405654730582,1.4991164723642871,1.734735842309336,1.9176374665050533,0.7578156625455885,-1.3424996169554309,-1.0834727619097135,2.122891202790702,2.621995002918647,1.1631136143926633
86.0,206.0,1226.8936767578125,-3.3523922162237514,1.4991164723642871,1.735005960161356,1.9175476290511544,0.7577257373829654,-1.3424996169554309,-1.0834731637955506,2.122891202913208,2.62199600830367,1.1631136143926633
86.0,206.0,1226.893798828125,-3.352668949519168,1.4992154273289908,1.735005102395289,1.9176829921143888,0.7579038993123286,-1.342499301727379,-1.083472871080999,2.122891215252396,2.622013620507776,1.163064159593469
86.0,206.0,1226.893798828125,-3.3527818503008664,1.4985476632000505,1.734985834231605,1.9175476593232808,0.7578111613616594,-1.342499612868369,-1.0834729138391508,2.1228912024387268,2.621995908005536,1.1631145996723606
86.0,206.0,1226.89453125,-3.3528007227457404,1.4992050268426689,1.735005102395289,1.9175487041176336,0.7577320249830904,-1.3424941468193408,-1.083472871080999,2.1228911538260338,2.621995947296029,1.163063499158174
86.0,206.0,1226.8946533203125,-3.352716618555022,1.4991164723642871,1.7347441224254023,1.9176318281987728,0.7578110210278037,-1.3424996169554309,-1.0834762228023602,2.122891202790702,2.621995074121434,1.1631118789023625
86.0,206.0,1226.8946533203125,-3.3527391619578784,1.498542532820483,1.735005102395289,1.9175491164292089,0.7577354344648952,-1.3424996169554309,-1.0832898699192934,2.1228911552630945,2.621995947296029,1.1631084717754876
86.0,206.0,1226.8946533203125,-3.352753057374518,1.4985312077812871,1.7350051002511324,1.9175476593232808,0.7577245013423083,-1.342499616947353,-1.083472871080999,2.122891153902393,2.622002954725626,1.163110743030391
86.0,206.0,1226.895263671875,-3.352716780949562,1.4992154273289908,1.735005102395289,1.9176342081298177,0.7577250610000471,-1.3424996169554309,-1.083472871080999,2.1228911538260338,2.621995947296029,1.1630617636678735
86.0,206.0,1226.89599609375,-3.352715913722654,1.517513197603665,1.735005102395289,1.9176396995691447,0.7577273890382199,-1.339629250118785,-1.0832898699192934,2.122891213670864,2.604266574782644,1.1631962984281867
86.0,206.0,1226.89599609375,-3.3527157165971904,1.498542532820483,1.735005102395289,1.917681947997244,0.7577354344648952,-1.3424996127672135,-1.083289661166517,2.122891159047137,2.621995947296029,1.1631087543396548
86.0,206.0,1226.89599609375,-3.352715913722654,1.517513197603665,1.735005102395289,1.9176396995691447,0.7577273890382199,-1.339629250118785,-1.0832898699192934,2.122891213767004,2.604266574782644,1.1631962984281867
86.0,206.0,1226.899169921875,-3.354450206421039,1.4983083011337597,1.7350051002511324,1.9175476593232808,0.7577245013423083,-1.342499616947353,-1.083472871080999,2.122891153902393,2.621458354888601,1.1630646006815482
86.0,206.0,1226.899169921875,-3.3544501693889752,1.4983083011337597,1.735005102548325,1.917549043174859,0.7577245013423083,-1.342499616947353,-1.083472871080999,2.122891155254404,2.621458354888601,1.1630646006815482
86.0,206.0,1226.899169921875,-3.354450206421039,1.4983083011337597,1.7350051001275817,1.9175476593232808,0.7577244117206957,-1.342499616947353,-1.083472871080999,2.122891153902393,2.621458354888601,1.1630646006815482
86.0,206.0,1226.9002685546875,-3.354450206421039,1.4982360984212626,1.7350051002511324,1.9176513305062968,0.7577245013423083,-1.342499616947353,-1.0834675286734765,2.122891153902393,2.621458354888601,1.1630636754944514
86.0,206.0,1226.9017333984375,-3.354413097663293,1.4992154273289908,1.734746499294464,1.917631623565815,0.7577253966958726,-1.3424498530100275,-1.0834727569484124,2.1228911537960067,2.6219636819684413,1.1630706477003203
86.0,206.0,1226.90234375,-3.3545230355013467,1.4992154273289908,1.734746499294464,1.917631623565815,0.7577253966958726,-1.3424498530100275,-1.0834762247940757,2.1228911537960067,2.6219636819684413,1.1630707051578322
86.0,207.0,1226.7900390625,-3.352672567380349,1.4992154273289908,1.735005102395289,1.9176401571156203,0.7578879888980181,-1.3394627083375663,-1.0832875697087,2.12289116012765,2.61987476484765,1.1631084479972729
86.0,207.0,1226.794677734375,-3.352696860102667,1.4994053038542718,1.735005102395289,1.9174788828171545,0.7577294301488506,-1.3396149749073272,-1.0832898699192934,2.122891213670864,2.6198810102118,1.1631081525592637
86.0,207.0,1226.794677734375,-3.352696860102667,1.4994053038542718,1.735005102395289,1.9174788828171545,0.7577294301488506,-1.3396149749073272,-1.0832898699192934,2.122891213670864,2.6198810102118,1.1631081525592637
86.0,207.0,1226.8038330078125,-3.352659565045931,1.499549019394404,1.735005102395289,1.8722733360073829,0.7578914947994837,-1.3424996169554309,-1.0832586242003026,2.122891214098797,2.621305804194361,1.1631090509975008
86.0,207.0,1226.813232421875,-3.352672567380349,1.4992154273289908,1.735005102395289,1.9176401571156203,0.7578879888980181,-1.3394627083375663,-1.0834728942503935,2.12289116012765,2.621995000063861,1.1631084479972729
86.0,207.0,1226.81689453125,-3.3527157165971904,1.4992519051747828,1.735005102395289,1.917682926987086,0.7577354344648952,-1.339486529467819,-1.083285079447382,2.122891159047137,2.621995956768208,1.1631087543396548
86.0,207.0,1226.8173828125,-3.352473623165276,1.499215167623097,1.735005102395289,1.9176386547747928,0.7578859062074127,-1.3396347202548748,-1.0832898370770334,2.122891213670864,2.621995947296029,1.1631084717754876
86.0,207.0,1226.817626953125,-3.352669069398387,1.4992047671367743,1.735005102395289,1.9176396995691447,0.7578918893610498,-1.339629250118785,-1.0832873369751943,2.122891213670864,2.621985866970915,1.1631084717754876
86.0,207.0,1226.8177490234375,-3.352696860102667,1.4994053038542718,1.735005102395289,1.9174788828171545,0.7577294301488506,-1.3396149749073272,-1.0834751944609868,2.122891213670864,2.622001245428011,1.1631081525592637
86.0,207.0,1226.818115234375,-3.352819092449108,1.4992047671367743,1.735005102395289,1.9176396995691447,0.7578918893610498,-1.339629250118785,-1.0832898370770334,2.122891213670864,2.621995947296029,1.1631084717754876
86.0,207.0,1226.819091796875,-3.352719839858889,1.4995456035508954,1.735005102395289,1.9176398705978976,0.7578885543645635,-1.339629250118785,-1.0832898370770334,2.122891213670864,2.621995947296029,1.1631084717754876
86.0,207.0,1226.819091796875,-3.352719839858889,1.4995456035508954,1.735005102395289,1.9176398705978976,0.7578885543645635,-1.339629250118785,-1.0832898370770334,2.122891213670864,2.621995947296029,1.1631084717754876
86.0,207.0,1226.8193359375,-3.352819092449108,1.4995497621249825,1.735005102395289,1.9176396995691447,0.7578888534901181,-1.339629250118785,-1.0832898370770334,2.122891213670864,2.621995947296029,1.1631084717754876
86.0,207.0,1226.823486328125,-3.354489845381435,1.4983192102545646,1.7350051023973714,1.9176396995691447,0.7577231117148835,-1.339629250118785,-1.0832898370770334,2.122891213670864,2.621995947296029,1.1630633179884384
86.0,207.0,1226.8341064453125,-3.352696860102667,1.4989135835998002,1.735005102395289,1.9176396995691447,0.7577392856948276,-1.339602417032724,-1.0832898699192934,2.1228911554290293,2.62317717153721,1.163061599002546
86.0,207.0,1226.86767578125,-3.352696860102667,1.4993537959600969,1.735005102395289,1.917547797117742,0.7577392763400453,-1.3392721913084151,-1.0832898699192934,2.122891213329774,2.604266574782644,1.1631073547197253
86.0,207.0,1226.869140625,-3.352696860102667,1.4993537959600969,1.735005102395289,1.9176435745217475,0.7577392763400453,-1.3392721913084151,-1.0832898699192934,2.122891213329774,2.604266574782644,1.1631073547197253
86.0,207.0,1226.8863525390625,-3.352695682597027,1.4988885678389563,1.735005102395289,1.917466481333948,0.7578914134924689,-1.3424996169554309,-1.0832896825113283,2.122891153245236,2.621295520750416,1.1630642450918809
86.0,207.0,1226.8865966796875,-3.352638301437886,1.4994238107511146,1.735005102395289,1.917478443879938,0.7578914134924689,-1.3424996169554309,-1.0834743545972922,2.1228911539822644,2.621305804194361,1.1630640259888962
86.0,207.0,1226.88671875,-3.3526700329689665,1.4994238107511146,1.735005102395289,1.917478443879938,0.7578914134924689,-1.3424996169554309,-1.0834743545972922,2.122891153245236,2.621306139423776,1.1630642450918809
86.0,207.0,1226.8868408203125,-3.352660912417667,1.4994230947054552,1.735005102395289,1.917478443879938,0.7578914134924689,-1.3424996169554309,-1.083259367508403,2.1228911539822644,2.621305804194361,1.1630640259888962
86.0,207.0,1226.88720703125,-3.352696920833776,1.4992154273289908,1.7350090813282375,1.9175476593232808,0.7577423012422642,-1.3422500482737134,-1.0834725240154202,2.122891153228291,2.621995000063861,1.1631092807903558
86.0,207.0,1226.88720703125,-3.3526987290725714,1.4994238107511146,1.735005102395289,1.917478443879938,0.7578914134924689,-1.3424996169554309,-1.0834707384654834,2.1228911539822644,2.6213519550392497,1.1630640259888962
86.0,207.0,1226.8873291015625,-3.352671210474607,1.4994488265119583,1.735005102395289,1.9176516621151345,0.7577392856948276,-1.339602417032724,-1.083474542005257,2.122891213670864,2.6042771934560043,1.1631073508668948
86.0,207.0,1226.889404296875,-3.3528188740164206,1.4992154273289908,1.735005102395289,1.9175431554267188,0.7582809361440978,-1.3424996169554309,-1.083286361657355,2.122891220132648,2.621995947296029,1.163109992758939
86.0,207.0,1226.889404296875,-3.352696860102667,1.4989135835998002,1.735005102395289,1.9176396995691447,0.7577392856948276,-1.339602417032724,-1.0832898699192934,2.122891213670864,2.604266574782644,1.1631073508668948
86.0,207.0,1226.889404296875,-3.3528188740164206,1.4992154273289908,1.735005102395289,1.9175431554267188,0.7582809361440978,-1.3424996169554309,-1.083286361657355,2.122891220132648,2.621995947296029,1.163109992758939
86.0,207.0,1226.889404296875,-3.3528188740164206,1.4992154273289908,1.735005102395289,1.9175431554267188,0.7582809361440978,-1.3424996169554309,-1.083286361657355,2.122891220132648,2.621995947296029,1.163109992758939
86.0,207.0,1226.8895263671875,-3.3528189136808977,1.4989135835998002,1.735005102395289,1.917547017924184,0.7577392856948276,-1.339602417032724,-1.0832899185431772,2.1228912137490967,2.604266574782644,1.1631073508668948
86.0,207.0,1226.8896484375,-3.3527794164566487,1.4995388530041776,1.735005102546243,1.917549043174859,0.7578902431175429,-1.342499616947353,-1.083472871080999,2.122891155254404,2.621458354888601,1.163109754468597
86.0,207.0,1226.889892578125,-3.3526968204381897,1.4992154273289908,1.735005102395289,1.9176358370716795,0.7582809361440978,-1.3424996169554309,-1.0832863130334711,2.122891220054416,2.621995947296029,1.163109992758939
86.0,207.0,1226.889892578125,-3.3526694463738846,1.4992154273289908,1.735005102395289,1.9176360816288656,0.7582847065507096,-1.3424996176362172,-1.0832851816839466,2.1228912200280137,2.622012761712948,1.163109992758939
86.0,207.0,1226.889892578125,-3.3527794164566487,1.4995319737044128,1.735005102546243,1.9175462389947413,0.7578902431175429,-1.342499616947353,-1.0832384639939387,2.122891155254404,2.621458354888601,1.163109754468597
86.0,207.0,1226.892333984375,-3.352668949519168,1.4992154273289908,1.735005102395289,1.917543335254246,0.7579038993123286,-1.342499638793751,-1.083472871080999,2.122891215252396,2.622014690285415,1.163064154187
86.0,207.0,1226.892578125,-3.352672567380349,1.498506054974691,1.735005102395289,1.9176391781257789,0.7578879888980181,-1.3424757916369603,-1.083477475969529,2.12289116012765,2.6219949905916824,1.1631084479972729
86.0,207.0,1226.892822265625,-3.352455091067368,1.4991164723642871,1.7347441224254023,1.9175452793922367,0.7578120018572102,-1.3424996169554309,-1.0834762228023602,2.122891202790702,2.621995074121434,1.1631136143926633
86.0,207.0,1226.892822265625,-3.352455091067368,1.4991164723642871,1.7347441224254023,1.9175452793922367,0.7578120018572102,-1.3424996169554309,-1.0834762228023602,2.122891202790702,2.621995074121434,1.1631136143926633
86.0,207.0,1226.892822265625,-3.352455091067368,1.4991164723642871,1.7347441224254023,1.9175452793922367,0.7578120018572102,-1.3424996169554309,-1.0834762228023602,2.122891202790702,2.621995074121434,1.1631136143926633
86.0,207.0,1226.89306640625,-3.352455091067368,1.4991111071111276,1.7347633905890862,1.9175452793922367,0.7577268823250043,-1.3424996169554309,-1.0834761800442088,2.122891154254368,2.62199511604294,1.163062513878477
86.0,207.0,1226.89306640625,-3.3523978519621465,1.4992050268426689,1.7350059063469203,1.917548770122456,0.7577318834068857,-1.3424995394695982,-1.083473172213018,2.122891204358293,2.621996007474044,1.163063499158174
86.0,207.0,1226.8931884765625,-3.3524552534619083,1.4991211409632748,1.735005102395289,1.9175476593232808,0.7577310664787443,-1.3424996169554309,-1.083472871080999,2.1228911508834947,2.621994995262669,1.163063499158174
86.0,207.0,1226.893310546875,-3.3524552534619083,1.4991185501948554,1.735005102395289,1.9175476593232808,0.7577255424550314,-1.3424996169554309,-1.083472871080999,2.122891153318613,2.6219950877865683,1.163064400103941
86.0,207.0,1226.8934326171875,-3.3524552534619083,1.4992154273289908,1.735005102395289,1.9175476593232808,0.7577260418294535,-1.3424996169554309,-1.083472871080999,2.1228911538260338,2.621995947296029,1.163063499158174
86.0,207.0,1226.8936767578125,-3.352672567380349,1.4992154273289908,1.735005102395289,1.9175476593232808,0.7578206567658294,-1.3424996169554309,-1.0834728942503935,2.122891153228291,2.621995000063861,1.1631092807903558
86.0,207.0,1226.8936767578125,-3.352672567380349,1.4992154273289908,1.7350090813282375,1.9175476593232808,0.7578206567658294,-1.3424996169554309,-1.0834725240154202,2.122891153228291,2.621995000063861,1.1631092807903558
86.0,207.0,1226.8936767578125,-3.3524405654730582,1.4991164723642871,1.734735842309336,1.9176374665050533,0.7578156625455885,-1.3424996169554309,-1.0834727619097135,2.122891202790702,2.621995002918647,1.1631136143926633
86.0,207.0,1226.8936767578125,-3.3523922162237514,1.4991164723642871,1.735005960161356,1.9175476290511544,0.7577257373829654,-1.3424996169554309,-1.0834731637955506,2.122891202913208,2.62199600830367,1.1631136143926633
86.0,207.0,1226.8936767578125,-3.352440392067615,1.499116163539462,1.734735842309336,1.917639759531432,0.7578123096505541,-1.3424996169554309,-1.0834727619097135,2.122891202790702,2.6219951166367865,1.163110741273527
86.0,207.0,1226.8936767578125,-3.35244999023194,1.4991164723642871,1.7347441224254023,1.917637695456637,0.7578120018572102,-1.3424996169554309,-1.0834762228023602,2.122891202790702,2.621995074121434,1.1631132993495656
86.0,207.0,1226.893798828125,-3.352668949519168,1.4992154273289908,1.735005102395289,1.9176829921143888,0.7579038993123286,-1.342499301727379,-1.083472871080999,2.122891215252396,2.622013620507776,1.163064159593469
86.0,208.0,1226.7833251953125,-3.352696860102667,1.4994053038542718,1.735005102395289,1.917549939693444,0.7577398312938687,-1.3392590698231683,-1.0832898699192934,2.122891213670864,2.61958849240559,1.163108152980971
86.0,208.0,1226.7900390625,-3.352672567380349,1.4992154273289908,1.735005102395289,1.9176401571156203,0.7578879888980181,-1.3394627083375663,-1.0832875697087,2.12289116012765,2.61987476484765,1.1631084479972729
86.0,208.0,1226.7913818359375,-3.352696959353437,1.4992154273289908,1.7350051545461,1.9176401571156203,0.7577272223584114,-1.3394627083375663,-1.083476807201063,2.12289116012765,2.61987476484765,1.163108410071043
86.0,208.0,1226.794677734375,-3.352696860102667,1.4994053038542718,1.735005102395289,1.9174788828171545,0.7577294301488506,-1.3396149749073272,-1.0832898699192934,2.122891213670864,2.6198810102118,1.1631081525592637
86.0,208.0,1226.794677734375,-3.352696860102667,1.4994053038542718,1.735005102395289,1.9174788828171545,0.7577294301488506,-1.3396149749073272,-1.0832898699192934,2.122891213670864,2.6198810102118,1.1631081525592637
86.0,208.0,1226.80224609375,-3.3527184837562105,1.4992644713550711,1.735005102395289,1.871984804703145,0.7578914947994837,-1.3424996169554309,-1.0832586242003026,2.122891214098797,2.621305804194361,1.163108750670449
86.0,208.0,1226.8038330078125,-3.352659565045931,1.499549019394404,1.735005102395289,1.8722733360073829,0.7578914947994837,-1.3424996169554309,-1.0832586242003026,2.122891214098797,2.621305804194361,1.1631090509975008
86.0,208.0,1226.813232421875,-3.352672567380349,1.4992154273289908,1.735005102395289,1.9176401571156203,0.7578879888980181,-1.3394627083375663,-1.0834728942503935,2.12289116012765,2.621995000063861,1.1631084479972729
86.0,208.0,1226.8140869140625,-3.3526959616191028,1.499552350200484,1.735005102395289,1.9176434501433235,0.7578913991670412,-1.3394571767474517,-1.0832896825113283,2.1228912143418204,2.621952578345119,1.1630642450918809
86.0,208.0,1226.81689453125,-3.3527157165971904,1.4992519051747828,1.735005102395289,1.917682926987086,0.7577354344648952,-1.339486529467819,-1.083285079447382,2.122891159047137,2.621995956768208,1.1631087543396548
86.0,208.0,1226.817138671875,-3.352672567380349,1.4992114445271427,1.735005102395289,1.9176401571156203,0.7578879907943853,-1.3396354106165484,-1.0834728942503935,2.122891160190296,2.6219950728053734,1.1631084479972729
86.0,208.0,1226.8173828125,-3.352473623165276,1.499215167623097,1.735005102395289,1.9176386547747928,0.7578859062074127,-1.3396347202548748,-1.0832898370770334,2.122891213670864,2.621995947296029,1.1631084717754876
86.0,208.0,1226.8173828125,-3.3524711217433936,1.499215167623097,1.735005102395289,1.9176430178715007,0.7578917968520592,-1.3396347202548748,-1.0832898370770334,2.122891212679925,2.621995947296029,1.1631084717754876
86.0,208.0,1226.817626953125,-3.352669069398387,1.4992047671367743,1.735005102395289,1.9176396995691447,0.7578918893610498,-1.339629250118785,-1.0832873369751943,2.122891213670864,2.621985866970915,1.1631084717754876
86.0,208.0,1226.8177490234375,-3.352696860102667,1.4994053038542718,1.735005102395289,1.9174788828171545,0.7577294301488506,-1.3396149749073272,-1.0834751944609868,2.122891213670864,2.622001245428011,1.1631081525592637
86.0,208.0,1226.8177490234375,-3.352696860102667,1.4994028077935195,1.735005102395289,1.9174788828171545,0.7577294301488506,-1.3396149749073272,-1.0834751944609868,2.122891213677881,2.622001245428011,1.1631081525592637
86.0,208.0,1226.818115234375,-3.352819092449108,1.4992047671367743,1.735005102395289,1.9176396995691447,0.7578918893610498,-1.339629250118785,-1.0832898370770334,2.122891213670864,2.621995947296029,1.1631084717754876
86.0,208.0,1226.818603515625,-3.352498368596341,1.4995497621249825,1.735005102395289,1.9176396992092573,0.7578859175057847,-1.3396348586519244,-1.0832898370770334,2.122891213670864,2.621995947296029,1.1631084717754876
86.0,208.0,1226.819091796875,-3.352719839858889,1.4995456035508954,1.735005102395289,1.9176398705978976,0.7578885543645635,-1.339629250118785,-1.0832898370770334,2.122891213670864,2.621995947296029,1.1631084717754876
86.0,208.0,1226.819091796875,-3.352719839858889,1.4995456035508954,1.735005102395289,1.9176398705978976,0.7578885543645635,-1.339629250118785,-1.0832898370770334,2.122891213670864,2.621995947296029,1.1631084717754876
86.0,208.0,1226.8193359375,-3.352819092449108,1.4995497621249825,1.735005102395289,1.9176396995691447,0.7578888534901181,-1.339629250118785,-1.0832898370770334,2.122891213670864,2.621995947296029,1.1631084717754876
86.0,208.0,1226.8204345703125,-3.352819092449108,1.4995497621249825,1.735005102395289,1.917639722995069,0.7577313122349913,-1.3396011531574876,-1.0832898370770334,2.122891213670864,2.621995947296029,1.1631084717754876
86.0,208.0,1226.823486328125,-3.354489845381435,1.4983192102545646,1.7350051023973714,1.9176396995691447,0.7577231117148835,-1.339629250118785,-1.0832898370770334,2.122891213670864,2.621995947296029,1.1630633179884384
86.0,208.0,1226.8341064453125,-3.352696860102667,1.4989135835998002,1.735005102395289,1.9176396995691447,0.7577392856948276,-1.339602417032724,-1.0832898699192934,2.1228911554290293,2.62317717153721,1.163061599002546
86.0,208.0,1226.845703125,-3.352659565045931,1.4995578882007443,1.735005102395289,1.8722733360073829,0.7578937665125881,-1.3424996169554309,-1.083290500196202,2.1228912151331625,2.623138846291843,1.1630617923390003
86.0,208.0,1226.86767578125,-3.352696860102667,1.4993537959600969,1.735005102395289,1.917547797117742,0.7577392763400453,-1.3392721913084151,-1.0832898699192934,2.122891213329774,2.604266574782644,1.1631073547197253
86.0,208.0,1226.869140625,-3.352696860102667,1.4993537959600969,1.735005102395289,1.9176435745217475,0.7577392763400453,-1.3392721913084151,-1.0832898699192934,2.122891213329774,2.604266574782644,1.1631073547197253
86.0,208.0,1226.869140625,-3.352696860102667,1.4993562920208494,1.735005102395289,1.9176435745217475,0.7577392763400453,-1.3392721913084151,-1.0832898699192934,2.122891213322757,2.604266574782644,1.1631073547197253
86.0,208.0,1226.879638671875,-3.352696860102667,1.4993537959600969,1.735005102395289,1.9174767402414523,0.7577288751950274,-1.3396280963925735,-1.0832898699192934,2.122891213329774,2.6045590925888544,1.163107354298018
86.0,208.0,1226.8814697265625,-3.352671236205932,1.4994488265119583,1.735005102395289,1.917639244057164,0.7577376429844893,-1.3396295579542803,-1.083474542005257,2.122891213670864,2.60462432319774,1.1631073508668948
86.0,208.0,1226.8839111328125,-3.352702458091344,1.4989053699625043,1.735005102395289,1.9176396995691447,0.7583051354732812,-1.339602417032724,-1.0832904369972265,2.122891213670864,2.604266574782644,1.1631073508668948
86.0,208.0,1226.8863525390625,-3.352695682597027,1.4988885678389563,1.735005102395289,1.917466481333948,0.7578914134924689,-1.3424996169554309,-1.0832896825113283,2.122891153245236,2.621295520750416,1.1630642450918809
86.0,208.0,1226.8865966796875,-3.352638301437886,1.4994238107511146,1.735005102395289,1.917478443879938,0.7578914134924689,-1.3424996169554309,-1.0834743545972922,2.1228911539822644,2.621305804194361,1.1630640259888962
86.0,208.0,1226.88671875,-3.3526700329689665,1.4994238107511146,1.735005102395289,1.917478443879938,0.7578914134924689,-1.3424996169554309,-1.0834743545972922,2.122891153245236,2.621306139423776,1.1630642450918809
86.0,208.0,1226.8868408203125,-3.352660912417667,1.4994230947054552,1.735005102395289,1.917478443879938,0.7578914134924689,-1.3424996169554309,-1.083259367508403,2.1228911539822644,2.621305804194361,1.1630640259888962
86.0,208.0,1226.88720703125,-3.352696920833776,1.4992154273289908,1.7350090813282375,1.9175476593232808,0.7577423012422642,-1.3422500482737134,-1.0834725240154202,2.122891153228291,2.621995000063861,1.1631092807903558
86.0,208.0,1226.88720703125,-3.3526987290725714,1.4994238107511146,1.735005102395289,1.917478443879938,0.7578914134924689,-1.3424996169554309,-1.0834707384654834,2.1228911539822644,2.6213519550392497,1.1630640259888962
86.0,208.0,1226.8873291015625,-3.352671210474607,1.4994488265119583,1.735005102395289,1.9176516621151345,0.7577392856948276,-1.339602417032724,-1.083474542005257,2.122891213670864,2.6042771934560043,1.1631073508668948
86.0,208.0,1226.88818359375,-3.3528189136808977,1.4989135835998002,1.735005102395289,1.917547017924184,0.7578780493127143,-1.339602391645051,-1.0832899185431772,2.122891213746771,2.604266574782644,1.1631073508668948
86.0,208.0,1226.889404296875,-3.3528188740164206,1.4992154273289908,1.735005102395289,1.9175431554267188,0.7582809361440978,-1.3424996169554309,-1.083286361657355,2.122891220132648,2.621995947296029,1.163109992758939
86.0,208.0,1226.889404296875,-3.352696860102667,1.4989135835998002,1.735005102395289,1.9176396995691447,0.7577392856948276,-1.339602417032724,-1.0832898699192934,2.122891213670864,2.604266574782644,1.1631073508668948
86.0,208.0,1226.889404296875,-3.3528188740164206,1.4992154273289908,1.735005102395289,1.9175431554267188,0.7582809361440978,-1.3424996169554309,-1.083286361657355,2.122891220132648,2.621995947296029,1.163109992758939
86.0,208.0,1226.889404296875,-3.3528188740164206,1.4992154273289908,1.735005102395289,1.9175431554267188,0.7582809361440978,-1.3424996169554309,-1.083286361657355,2.122891220132648,2.621995947296029,1.163109992758939
86.0,208.0,1226.8895263671875,-3.3528189136808977,1.4989135835998002,1.735005102395289,1.917547017924184,0.7577392856948276,-1.339602417032724,-1.0832899185431772,2.1228912137490967,2.604266574782644,1.1631073508668948
86.0,208.0,1226.8896484375,-3.3527794164566487,1.4995388530041776,1.735005102546243,1.917549043174859,0.7578902431175429,-1.342499616947353,-1.083472871080999,2.122891155254404,2.621458354888601,1.163109754468597
86.0,208.0,1226.889892578125,-3.3526968204381897,1.4992154273289908,1.735005102395289,1.9176358370716795,0.7582809361440978,-1.3424996169554309,-1.0832863130334711,2.122891220054416,2.621995947296029,1.163109992758939
86.0,208.0,1226.889892578125,-3.3526694463738846,1.4992154273289908,1.735005102395289,1.9176360816288656,0.7582847065507096,-1.3424996176362172,-1.0832851816839466,2.1228912200280137,2.622012761712948,1.163109992758939
86.0,208.0,1226.889892578125,-3.3527794164566487,1.4995319737044128,1.735005102546243,1.9175462389947413,0.7578902431175429,-1.342499616947353,-1.0832384639939387,2.122891155254404,2.621458354888601,1.163109754468597
86.0,208.0,1226.892333984375,-3.352668949519168,1.4992154273289908,1.735005102395289,1.917543335254246,0.7579038993123286,-1.342499638793751,-1.083472871080999,2.122891215252396,2.622014690285415,1.163064154187
86.0,208.0,1226.892578125,-3.352672567380349,1.498506054974691,1.735005102395289,1.9176391781257789,0.7578879888980181,-1.3424757916369603,-1.083477475969529,2.12289116012765,2.6219949905916824,1.1631084479972729
86.0,209.0,1226.7569580078125,-3.352659565045931,1.4995476136098524,1.735005102395289,1.8722733360073829,0.7578936708506072,-1.3393218224777854,-1.083260163727244,2.122891214113626,2.621227229402761,1.1631090847068355
86.0,209.0,1226.774169921875,-3.3528188293249825,1.4995497621249825,1.735005102395289,1.8710335590998064,0.7578887881501986,-1.339629250118785,-1.0832915976630249,2.122891213670864,2.6213134816061303,1.1631084717754876
86.0,209.0,1226.7833251953125,-3.352696860102667,1.4994053038542718,1.735005102395289,1.917549939693444,0.7577398312938687,-1.3392590698231683,-1.0832898699192934,2.122891213670864,2.61958849240559,1.163108152980971
86.0,209.0,1226.789306640625,-3.352473417625119,1.4992151782182104,1.735005102395289,1.917640294114686,0.7578859293911507,-1.3394627887761263,-1.083289637751279,2.122891161966856,2.61987476484765,1.163108472378803
86.0,209.0,1226.7900390625,-3.352672567380349,1.4992154273289908,1.735005102395289,1.9176401571156203,0.7578879888980181,-1.3394627083375663,-1.0832875697087,2.12289116012765,2.61987476484765,1.1631084479972729
86.0,209.0,1226.7913818359375,-3.352696959353437,1.4992154273289908,1.7350051545461,1.9176401571156203,0.7577272223584114,-1.3394627083375663,-1.083476807201063,2.12289116012765,2.61987476484765,1.163108410071043
86.0,209.0,1226.79150390625,-3.352697581796812,1.4992154273289908,1.7350051063774792,1.9176401571156203,0.7577204536572502,-1.3394627083375663,-1.083476807201063,2.12289116012765,2.61987476484765,1.163108410071043
86.0,209.0,1226.7935791015625,-3.352698707758901,1.4994053038542718,1.735005102395289,1.9174784396855369,0.7577330779288505,-1.3396149749073272,-1.0834708239807058,2.1228911532346624,2.619813431862708,1.1631081525592637
86.0,209.0,1226.79443359375,-3.352498368596341,1.4995497621249825,1.735005102395289,1.9174793369088208,0.7577281297158066,-1.3396348586519244,-1.0832898370770334,2.122891213670864,2.6198428820601785,1.1631081357997313
86.0,209.0,1226.794677734375,-3.352696860102667,1.4994053038542718,1.735005102395289,1.9174788828171545,0.7577294301488506,-1.3396149749073272,-1.0832898699192934,2.122891213670864,2.6198810102118,1.1631081525592637
86.0,209.0,1226.794677734375,-3.352696860102667,1.4994053038542718,1.735005102395289,1.9174788828171545,0.7577294301488506,-1.3396149749073272,-1.0832898699192934,2.122891213670864,2.6198810102118,1.1631081525592637
86.0,209.0,1226.80224609375,-3.3527184837562105,1.4992644713550711,1.735005102395289,1.871984804703145,0.7578914947994837,-1.3424996169554309,-1.0832586242003026,2.122891214098797,2.621305804194361,1.163108750670449
86.0,209.0,1226.8038330078125,-3.352659565045931,1.499549019394404,1.735005102395289,1.8722733360073829,0.7578914947994837,-1.3424996169554309,-1.0832586242003026,2.122891214098797,2.621305804194361,1.1631090509975008
86.0,209.0,1226.813232421875,-3.352672567380349,1.4992154273289908,1.735005102395289,1.9176401571156203,0.7578879888980181,-1.3394627083375663,-1.0834728942503935,2.12289116012765,2.621995000063861,1.1631084479972729
86.0,209.0,1226.8140869140625,-3.3526959616191028,1.499552350200484,1.735005102395289,1.9176434501433235,0.7578913991670412,-1.3394571767474517,-1.0832896825113283,2.1228912143418204,2.621952578345119,1.1630642450918809
86.0,209.0,1226.8140869140625,-3.352722906497567,1.4992154273289908,1.7350051023973947,1.9176401571156203,0.7578837397016651,-1.3394576632311088,-1.0832929968189815,2.12289116012765,2.621995809828205,1.1631084479972729
86.0,209.0,1226.8153076171875,-3.352671236205932,1.4992141562847152,1.735005102395289,1.9176393012804365,0.7577376429844893,-1.3396295579542803,-1.083474542005257,2.122891213670864,2.621726017514063,1.1631073508668948
86.0,209.0,1226.81591796875,-3.3526968643106363,1.4994028077935195,1.735005102395289,1.9174788828171545,0.7578926660672525,-1.3396138893559333,-1.083478590110098,2.12289121438882,2.6220051948548195,1.1631081525592637
86.0,209.0,1226.81689453125,-3.3527157165971904,1.4992519051747828,1.735005102395289,1.917682926987086,0.7577354344648952,-1.339486529467819,-1.083285079447382,2.122891159047137,2.621995956768208,1.1631087543396548
86.0,209.0,1226.81689453125,-3.3527157165971904,1.4992519051747828,1.735005102395289,1.917682926987086,0.7577357895182159,-1.339486529467819,-1.083285346438518,2.1228912190986207,2.621995956768208,1.1631087543396548
86.0,209.0,1226.817138671875,-3.352672567380349,1.4992114445271427,1.735005102395289,1.9176401571156203,0.7578879907943853,-1.3396354106165484,-1.0834728942503935,2.122891160190296,2.6219950728053734,1.1631084479972729
86.0,209.0,1226.8173828125,-3.352473623165276,1.499215167623097,1.735005102395289,1.9176386547747928,0.7578859062074127,-1.3396347202548748,-1.0832898370770334,2.122891213670864,2.621995947296029,1.1631084717754876
86.0,209.0,1226.8173828125,-3.3524711217433936,1.499215167623097,1.735005102395289,1.9176430178715007,0.7578917968520592,-1.3396347202548748,-1.0832898370770334,2.122891212679925,2.621995947296029,1.1631084717754876
86.0,209.0,1226.817626953125,-3.352669069398387,1.4992047671367743,1.735005102395289,1.9176396995691447,0.7578918893610498,-1.339629250118785,-1.0832873369751943,2.122891213670864,2.621985866970915,1.1631084717754876
86.0,209.0,1226.8177490234375,-3.352696860102667,1.4994053038542718,1.735005102395289,1.9174788828171545,0.7577294301488506,-1.3396149749073272,-1.0834751944609868,2.122891213670864,2.622001245428011,1.1631081525592637
86.0,209.0,1226.8177490234375,-3.352696860102667,1.4994028077935195,1.735005102395289,1.9174788828171545,0.7577294301488506,-1.3396149749073272,-1.0834751944609868,2.122891213677881,2.622001245428011,1.1631081525592637
86.0,209.0,1226.8177490234375,-3.352696860102667,1.4994053038542718,1.735005102395289,1.9174788828171545,0.7577294301488506,-1.3396149749073272,-1.0834751944609868,2.122891213670864,2.622001245428011,1.1631081525592637
86.0,209.0,1226.81787109375,-3.3526727729205064,1.4992154167338771,1.735005102395289,1.917638517775728,0.7578879657142802,-1.3396346398163148,-1.0832877690344542,2.122891211831658,2.621995947296029,1.1631084473939577
86.0,209.0,1226.818115234375,-3.352819092449108,1.4992047671367743,1.735005102395289,1.9176396995691447,0.7578918893610498,-1.339629250118785,-1.0832898370770334,2.122891213670864,2.621995947296029,1.1631084717754876
86.0,209.0,1226.818115234375,-3.352819092449108,1.4992047671367743,1.735005102395289,1.9176397481955745,0.7578918828022385,-1.339629250118785,-1.0832898370770334,2.122891213670864,2.621995947296029,1.1631084717754876
86.0,209.0,1226.818603515625,-3.352498368596341,1.4995497621249825,1.735005102395289,1.9176396992092573,0.7578859175057847,-1.3396348586519244,-1.0832898370770334,2.122891213670864,2.621995947296029,1.1631084717754876
86.0,209.0,1226.81884765625,-3.352672567380349,1.4992097542755662,1.735005102395289,1.9176401571156203,0.7577341678851441,-1.3396354106165484,-1.0834728942503935,2.122891160190296,2.6219950728053734,1.1631084479972729
86.0,209.0,1226.8189697265625,-3.352695826954041,1.4995433515724703,1.735005102395289,1.9176398705978976,0.7578885543645635,-1.339629250118785,-1.0832898721133082,2.122891213318711,2.621995947296029,1.1631084717754876
86.0,209.0,1226.819091796875,-3.352719839858889,1.4995456035508954,1.735005102395289,1.9176398705978976,0.7578885543645635,-1.339629250118785,-1.0832898370770334,2.122891213670864,2.621995947296029,1.1631084717754876
86.0,209.0,1226.819091796875,-3.352719839858889,1.4995456035508954,1.735005102395289,1.9176398705978976,0.7578885543645635,-1.339629250118785,-1.0832898370770334,2.122891213670864,2.621995947296029,1.1631084717754876
86.0,209.0,1226.8193359375,-3.352819092449108,1.4995497621249825,1.735005102395289,1.9176396995691447,0.7578888534901181,-1.339629250118785,-1.0832898370770334,2.122891213670864,2.621995947296029,1.1631084717754876
86.0,209.0,1226.8194580078125,-3.352712971541968,1.4992212229288635,1.735005102395289,1.9176424885077783,0.7577294301488506,-1.3396149749073272,-1.083291402693346,2.122891213681496,2.622001245428011,1.1631084676992622
86.0,209.0,1226.820068359375,-3.3526731051974603,1.4995497621249825,1.735005102395289,1.917640174351607,0.7577313122349913,-1.3396011531574876,-1.0832898370770334,2.1228912142382423,2.621995957368381,1.163108471569315
86.0,209.0,1226.8204345703125,-3.352819092449108,1.4995497621249825,1.735005102395289,1.917639722995069,0.7577313122349913,-1.3396011531574876,-1.0832898370770334,2.122891213670864,2.621995947296029,1.1631084717754876
86.0,209.0,1226.82177734375,-3.352672567380349,1.4992154273289908,1.735005102395289,1.9176401571156203,0.7578879888980181,-1.3394627083375663,-1.0834728942503935,2.122891214187124,2.622615770038459,1.1631074317155237
86.0,209.0,1226.823486328125,-3.354489845381435,1.4983192102545646,1.7350051023973714,1.9176396995691447,0.7577231117148835,-1.339629250118785,-1.0832898370770334,2.122891213670864,2.621995947296029,1.1630633179884384
86.0,209.0,1226.8341064453125,-3.352696860102667,1.4989135835998002,1.735005102395289,1.9176396995691447,0.7577392856948276,-1.339602417032724,-1.0832898699192934,2.1228911554290293,2.62317717153721,1.163061599002546
86.0,209.0,1226.845703125,-3.352659565045931,1.4995578882007443,1.735005102395289,1.8722733360073829,0.7578937665125881,-1.3424996169554309,-1.083290500196202,2.1228912151331625,2.623138846291843,1.1630617923390003
86.0,209.0,1226.86767578125,-3.352696860102667,1.4993537959600969,1.735005102395289,1.917547797117742,0.7577392763400453,-1.3392721913084151,-1.0832898699192934,2.122891213329774,2.604266574782644,1.1631073547197253
86.0,209.0,1226.869140625,-3.352696860102667,1.4993537959600969,1.735005102395289,1.9176435745217475,0.7577392763400453,-1.3392721913084151,-1.0832898699192934,2.122891213329774,2.604266574782644,1.1631073547197253
86.0,209.0,1226.869140625,-3.352696860102667,1.4993562920208494,1.735005102395289,1.9176435745217475,0.7577392763400453,-1.3392721913084151,-1.0832898699192934,2.122891213322757,2.604266574782644,1.1631073547197253
86.0,209.0,1226.876953125,-3.3526959616191028,1.4989236233170125,1.735005102395289,1.9176397796753333,0.7577228668226446,-1.3395943113902968,-1.0832896825113283,2.1228912143418204,2.6048135748179364,1.1630642450918809
86.0,209.0,1226.879638671875,-3.352696860102667,1.4993537959600969,1.735005102395289,1.9174767402414523,0.7577288751950274,-1.3396280963925735,-1.0832898699192934,2.122891213329774,2.6045590925888544,1.163107354298018
86.0,209.0,1226.8814697265625,-3.352671236205932,1.4994488265119583,1.735005102395289,1.917639244057164,0.7577376429844893,-1.3396295579542803,-1.083474542005257,2.122891213670864,2.60462432319774,1.1631073508668948
86.0,209.0,1226.8839111328125,-3.352702458091344,1.4989053699625043,1.735005102395289,1.9176396995691447,0.7583051354732812,-1.339602417032724,-1.0832904369972265,2.122891213670864,2.604266574782644,1.1631073508668948
86.0,210.0,1226.75537109375,-3.352696860102667,1.4994053038542718,1.735005102395289,1.875501776823732,0.7577294301488506,-1.3396149749073272,-1.0834751944609868,2.122891213670864,2.622001245428011,1.1631081525592637
86.0,210.0,1226.7569580078125,-3.352659565045931,1.4995476136098524,1.735005102395289,1.8722733360073829,0.7578936708506072,-1.3393218224777854,-1.083260163727244,2.122891214113626,2.621227229402761,1.1631090847068355
86.0,210.0,1226.75830078125,-3.352659565045931,1.4995476136098524,1.735005102395289,1.8722733360073829,0.7577289498760096,-1.3393270862300062,-1.083260163727244,2.1228912140917338,2.621227229402761,1.1631090838891442
86.0,210.0,1226.7587890625,-3.3527184837562105,1.4992644713550711,1.735005102395289,1.871984804703145,0.7578914947994837,-1.3394869487214889,-1.0832586242003026,2.122891214098797,2.621305804194361,1.1631087358058485
86.0,210.0,1226.76171875,-3.352659565045931,1.4995667330812543,1.735005102395289,1.8722733360073829,0.7578989398713394,-1.339553950251668,-1.083269260918558,2.122891217476563,2.621305804194361,1.1631090761428249
86.0,210.0,1226.774169921875,-3.3528188293249825,1.4995497621249825,1.735005102395289,1.8710335590998064,0.7578887881501986,-1.339629250118785,-1.0832915976630249,2.122891213670864,2.6213134816061303,1.1631084717754876
86.0,210.0,1226.7833251953125,-3.352696860102667,1.4994053038542718,1.735005102395289,1.917549939693444,0.7577398312938687,-1.3392590698231683,-1.0832898699192934,2.122891213670864,2.61958849240559,1.163108152980971
86.0,210.0,1226.789306640625,-3.352473417625119,1.4992151782182104,1.735005102395289,1.917640294114686,0.7578859293911507,-1.3394627887761263,-1.083289637751279,2.122891161966856,2.61987476484765,1.163108472378803
86.0,210.0,1226.7900390625,-3.352672567380349,1.4992154273289908,1.735005102395289,1.9176401571156203,0.7578879888980181,-1.3394627083375663,-1.0832875697087,2.12289116012765,2.61987476484765,1.1631084479972729
86.0,210.0,1226.7913818359375,-3.352696959353437,1.4992154273289908,1.7350051545461,1.9176401571156203,0.7577272223584114,-1.3394627083375663,-1.083476807201063,2.12289116012765,2.61987476484765,1.163108410071043
86.0,210.0,1226.79150390625,-3.352697581796812,1.4992154273289908,1.7350051063774792,1.9176401571156203,0.7577204536572502,-1.3394627083375663,-1.083476807201063,2.12289116012765,2.61987476484765,1.163108410071043
86.0,210.0,1226.792724609375,-3.352696860102667,1.4994053038542718,1.735005102395289,1.9174788828171545,0.7578941511234483,-1.3396097111551066,-1.0832898699192934,2.122891213692757,2.6198810102118,1.1631081533769547
86.0,210.0,1226.79296875,-3.352693287788461,1.4992166410033976,1.735005102395289,1.9175404735702928,0.7577398312938687,-1.339642010390726,-1.0832898699192934,2.122891213670864,2.61958849240559,1.1631081599124546
86.0,210.0,1226.79296875,-3.352696859438613,1.4994053038542718,1.735005102395289,1.9174788828171545,0.7578931045727987,-1.3396149749073272,-1.0832946910740082,2.122891214416815,2.6198810102118,1.1631081525592637
86.0,210.0,1226.7935791015625,-3.352698707758901,1.4994053038542718,1.735005102395289,1.9174784396855369,0.7577330779288505,-1.3396149749073272,-1.0834708239807058,2.1228911532346624,2.619813431862708,1.1631081525592637
86.0,210.0,1226.794189453125,-3.352698707758901,1.4994053038542718,1.7350051025171087,1.91747345865966,0.7577330779288505,-1.3396149749073272,-1.0834707705224955,2.122891152998589,2.619875371596465,1.1631084100086306
86.0,210.0,1226.79443359375,-3.352498368596341,1.4995497621249825,1.735005102395289,1.9174793369088208,0.7577281297158066,-1.3396348586519244,-1.0832898370770334,2.122891213670864,2.6198428820601785,1.1631081357997313
86.0,210.0,1226.79443359375,-3.352498368596341,1.4995497621249825,1.735005102395289,1.9174793369088208,0.7577281297158066,-1.339634855131319,-1.0832902698910307,2.122891213670864,2.6198428820601785,1.1631081357997313
86.0,210.0,1226.794677734375,-3.352696860102667,1.4994053038542718,1.735005102395289,1.9174788828171545,0.7577294301488506,-1.3396149749073272,-1.0832898699192934,2.122891213670864,2.6198810102118,1.1631081525592637
86.0,210.0,1226.794677734375,-3.352696860102667,1.4994053038542718,1.735005102395289,1.9174788828171545,0.7577294301488506,-1.3396149749073272,-1.0832898699192934,2.122891213670864,2.6198810102118,1.1631081525592637
86.0,210.0,1226.794677734375,-3.352696860102667,1.4994053038542718,1.735005102395289,1.9174788828171545,0.7577294301488506,-1.3396149749073272,-1.0832898699192934,2.122891213670864,2.6198810102118,1.1631081525592637
86.0,210.0,1226.80224609375,-3.3527184837562105,1.4992644713550711,1.735005102395289,1.871984804703145,0.7578914947994837,-1.3424996169554309,-1.0832586242003026,2.122891214098797,2.621305804194361,1.163108750670449
86.0,210.0,1226.8038330078125,-3.352659565045931,1.499549019394404,1.735005102395289,1.8722733360073829,0.7578914947994837,-1.3424996169554309,-1.0832586242003026,2.122891214098797,2.621305804194361,1.1631090509975008
86.0,210.0,1226.8104248046875,-3.3526700460180003,1.4994053038542718,1.735005102395289,1.9174788828171545,0.7578866021703877,-1.3394675698861238,-1.0834688933558487,2.122891213670864,2.6218403159213555,1.1631081525592637
86.0,210.0,1226.813232421875,-3.352672567380349,1.4992154273289908,1.735005102395289,1.9176401571156203,0.7578879888980181,-1.3394627083375663,-1.0834728942503935,2.12289116012765,2.621995000063861,1.1631084479972729
86.0,210.0,1226.8140869140625,-3.3526959616191028,1.499552350200484,1.735005102395289,1.9176434501433235,0.7578913991670412,-1.3394571767474517,-1.0832896825113283,2.1228912143418204,2.621952578345119,1.1630642450918809
86.0,210.0,1226.8140869140625,-3.352722906497567,1.4992154273289908,1.7350051023973947,1.9176401571156203,0.7578837397016651,-1.3394576632311088,-1.0832929968189815,2.12289116012765,2.621995809828205,1.1631084479972729
86.0,210.0,1226.8153076171875,-3.352671236205932,1.4992141562847152,1.735005102395289,1.9176393012804365,0.7577376429844893,-1.3396295579542803,-1.083474542005257,2.122891213670864,2.621726017514063,1.1631073508668948
86.0,210.0,1226.81591796875,-3.3526968643106363,1.4994028077935195,1.735005102395289,1.9174788828171545,0.7578926660672525,-1.3396138893559333,-1.083478590110098,2.12289121438882,2.6220051948548195,1.1631081525592637
86.0,210.0,1226.81689453125,-3.3527157165971904,1.4992519051747828,1.735005102395289,1.917682926987086,0.7577354344648952,-1.339486529467819,-1.083285079447382,2.122891159047137,2.621995956768208,1.1631087543396548
86.0,210.0,1226.81689453125,-3.3527157165971904,1.4992519051747828,1.735005102395289,1.917682926987086,0.7577357895182159,-1.339486529467819,-1.083285346438518,2.1228912190986207,2.621995956768208,1.1631087543396548
86.0,210.0,1226.817138671875,-3.352672567380349,1.4992114445271427,1.735005102395289,1.9176401571156203,0.7578879907943853,-1.3396354106165484,-1.0834728942503935,2.122891160190296,2.6219950728053734,1.1631084479972729
86.0,210.0,1226.817138671875,-3.352818516657245,1.4995527694571007,1.735005102395289,1.917470732591876,0.7578918828022385,-1.339629250118785,-1.0832898370770334,2.122891213670864,2.621948764021077,1.1631081263029206
86.0,210.0,1226.817138671875,-3.3527157165971904,1.499251629197857,1.7350051536381674,1.91768168945124,0.7577349470793318,-1.339486529467819,-1.083299617531415,2.12289116011966,2.622015141705076,1.1631087543396548
86.0,210.0,1226.8173828125,-3.352473623165276,1.499215167623097,1.735005102395289,1.9176386547747928,0.7578859062074127,-1.3396347202548748,-1.0832898370770334,2.122891213670864,2.621995947296029,1.1631084717754876
86.0,210.0,1226.8173828125,-3.3524711217433936,1.499215167623097,1.735005102395289,1.9176430178715007,0.7578917968520592,-1.3396347202548748,-1.0832898370770334,2.122891212679925,2.621995947296029,1.1631084717754876
86.0,210.0,1226.817626953125,-3.352669069398387,1.4992047671367743,1.735005102395289,1.9176396995691447,0.7578918893610498,-1.339629250118785,-1.0832873369751943,2.122891213670864,2.621985866970915,1.1631084717754876
86.0,210.0,1226.8177490234375,-3.352696860102667,1.4994053038542718,1.735005102395289,1.9174788828171545,0.7577294301488506,-1.3396149749073272,-1.0834751944609868,2.122891213670864,2.622001245428011,1.1631081525592637
86.0,210.0,1226.8177490234375,-3.352696860102667,1.4994028077935195,1.735005102395289,1.9174788828171545,0.7577294301488506,-1.3396149749073272,-1.0834751944609868,2.122891213677881,2.622001245428011,1.1631081525592637
86.0,210.0,1226.8177490234375,-3.352696860102667,1.4994053038542718,1.735005102395289,1.9174788828171545,0.7577294301488506,-1.3396149749073272,-1.0834751944609868,2.122891213670864,2.622001245428011,1.1631081525592637
86.0,210.0,1226.8177490234375,-3.3526968649746904,1.4994028077935195,1.735005102395289,1.9174788828171545,0.7577289916433044,-1.3396138893559333,-1.0834737689553835,2.122891213642869,2.6220051948548195,1.1631081525592637
86.0,210.0,1226.81787109375,-3.3526727729205064,1.4992154167338771,1.735005102395289,1.917638517775728,0.7578879657142802,-1.3396346398163148,-1.0832877690344542,2.122891211831658,2.621995947296029,1.1631084473939577
86.0,210.0,1226.818115234375,-3.352819092449108,1.4992047671367743,1.735005102395289,1.9176396995691447,0.7578918893610498,-1.339629250118785,-1.0832898370770334,2.122891213670864,2.621995947296029,1.1631084717754876
86.0,210.0,1226.818115234375,-3.352819092449108,1.4992047671367743,1.735005102395289,1.9176397481955745,0.7578918828022385,-1.339629250118785,-1.0832898370770334,2.122891213670864,2.621995947296029,1.1631084717754876
86.0,210.0,1226.818603515625,-3.352498368596341,1.4995497621249825,1.735005102395289,1.9176396992092573,0.7578859175057847,-1.3396348586519244,-1.0832898370770334,2.122891213670864,2.621995947296029,1.1631084717754876
86.0,210.0,1226.81884765625,-3.352672567380349,1.4992097542755662,1.735005102395289,1.9176401571156203,0.7577341678851441,-1.3396354106165484,-1.0834728942503935,2.122891160190296,2.6219950728053734,1.1631084479972729
86.0,210.0,1226.81884765625,-3.352672567380349,1.4992097542755662,1.735005102395289,1.9176401571156203,0.7577341678851441,-1.339635414137154,-1.0834724614363966,2.122891160190296,2.6219950728053734,1.1631084479972729
86.0,210.0,1226.8189697265625,-3.352695826954041,1.4995433515724703,1.735005102395289,1.9176398705978976,0.7578885543645635,-1.339629250118785,-1.0832898721133082,2.122891213318711,2.621995947296029,1.1631084717754876
86.0,210.0,1226.819091796875,-3.352719839858889,1.4995456035508954,1.735005102395289,1.9176398705978976,0.7578885543645635,-1.339629250118785,-1.0832898370770334,2.122891213670864,2.621995947296029,1.1631084717754876
86.0,210.0,1226.819091796875,-3.352719839858889,1.4995456035508954,1.735005102395289,1.9176398705978976,0.7578885543645635,-1.339629250118785,-1.0832898370770334,2.122891213670864,2.621995947296029,1.1631084717754876
86.0,211.0,1226.70849609375,-3.352696860102667,1.4994053038542718,1.735005102395289,1.875501776823732,0.7577294301488506,-1.3396149749073272,-1.0834692536712505,2.122891213670864,2.6200786795870217,1.1631081525592637
86.0,211.0,1226.7440185546875,-3.352696860102667,1.4992226919541638,1.735005102395289,1.876838158257539,0.7577294301488506,-1.3396022730531256,-1.0833049169782352,2.122891213670864,2.622001245428011,1.1631081494347324
86.0,211.0,1226.75537109375,-3.352696860102667,1.4994053038542718,1.735005102395289,1.875501776823732,0.7577294301488506,-1.3396149749073272,-1.0834751944609868,2.122891213670864,2.622001245428011,1.1631081525592637
86.0,211.0,1226.7569580078125,-3.352659565045931,1.4995476136098524,1.735005102395289,1.8722733360073829,0.7578936708506072,-1.3393218224777854,-1.083260163727244,2.122891214113626,2.621227229402761,1.1631090847068355
86.0,211.0,1226.7581787109375,-3.352659565045931,1.4995476136098524,1.735005102395289,1.8722733360073829,0.7577289498760096,-1.3393224588920465,-1.0832599794880176,2.122891213860179,2.621227229402761,1.1631090838891442
86.0,211.0,1226.75830078125,-3.352659565045931,1.4995476136098524,1.735005102395289,1.8722733360073829,0.7577289498760096,-1.3393270862300062,-1.083260163727244,2.1228912140917338,2.621227229402761,1.1631090838891442
86.0,211.0,1226.7587890625,-3.3527184837562105,1.4992644713550711,1.735005102395289,1.871984804703145,0.7578914947994837,-1.3394869487214889,-1.0832586242003026,2.122891214098797,2.621305804194361,1.1631087358058485
86.0,211.0,1226.76171875,-3.352659565045931,1.4995667330812543,1.735005102395289,1.8722733360073829,0.7578989398713394,-1.339553950251668,-1.083269260918558,2.122891217476563,2.621305804194361,1.1631090761428249
86.0,211.0,1226.7620849609375,-3.352658963450131,1.499566773747579,1.735005102395289,1.8722196631959984,0.7578989398713394,-1.3395531520731685,-1.0832696901409598,2.122891217476563,2.621305804194361,1.1631090885489956
86.0,211.0,1226.774169921875,-3.3528188293249825,1.4995497621249825,1.735005102395289,1.8710335590998064,0.7578887881501986,-1.339629250118785,-1.0832915976630249,2.122891213670864,2.6213134816061303,1.1631084717754876
86.0,211.0,1226.7762451171875,-3.352473417625119,1.4993977901183184,1.735005102395289,1.9163039126808792,0.7578859293911507,-1.339475490630328,-1.0834599152340307,2.122891161966856,2.61987476484765,1.1631084755033338
86.0,211.0,1226.7767333984375,-3.3526605999791674,1.499549019394404,1.735005102395289,1.8719322027509908,0.7578913992002783,-1.3424996169554309,-1.0832586242003026,2.1228911638690184,2.619821789879725,1.1631090509975008
86.0,211.0,1226.7833251953125,-3.352696860102667,1.4994053038542718,1.735005102395289,1.917549939693444,0.7577398312938687,-1.3392590698231683,-1.0832898699192934,2.122891213670864,2.61958849240559,1.163108152980971
86.0,211.0,1226.789306640625,-3.352473417625119,1.4992151782182104,1.735005102395289,1.917640294114686,0.7578859293911507,-1.3394627887761263,-1.083289637751279,2.122891161966856,2.61987476484765,1.163108472378803
86.0,211.0,1226.78955078125,-3.3526725389265075,1.4992154273289908,1.735005102395289,1.9176401571156203,0.7578879888980181,-1.3394627083375663,-1.0834584235614304,2.12289116012765,2.61987476484765,1.1631084479972729
86.0,211.0,1226.7900390625,-3.352672567380349,1.4992154273289908,1.735005102395289,1.9176401571156203,0.7578879888980181,-1.3394627083375663,-1.0832875697087,2.12289116012765,2.61987476484765,1.1631084479972729
86.0,211.0,1226.7900390625,-3.352667149192641,1.4992163949571726,1.735005102395289,1.9176396995691447,0.7578966516981397,-1.339629250118785,-1.0832873109124723,2.122891213670864,2.6193696432802147,1.1631081670457557
86.0,211.0,1226.790283203125,-3.352696860102667,1.4994053038542718,1.735005102395289,1.91747962066538,0.7578998460734477,-1.3396170317129077,-1.0832898699192934,2.122891213670864,2.61958849240559,1.163108152980971
86.0,211.0,1226.7913818359375,-3.352696959353437,1.4992154273289908,1.7350051545461,1.9176401571156203,0.7577272223584114,-1.3394627083375663,-1.083476807201063,2.12289116012765,2.61987476484765,1.163108410071043
86.0,211.0,1226.7913818359375,-3.352696959353437,1.4992154158419897,1.7350051545461,1.9176401571156203,0.7577272223584114,-1.3394627083375663,-1.083476807201063,2.12289116012765,2.61987476484765,1.1631084717357083
86.0,211.0,1226.79150390625,-3.352697581796812,1.4992154273289908,1.7350051063774792,1.9176401571156203,0.7577204536572502,-1.3394627083375663,-1.083476807201063,2.12289116012765,2.61987476484765,1.163108410071043
86.0,211.0,1226.792724609375,-3.352696860102667,1.4994053038542718,1.735005102395289,1.9174788828171545,0.7578941511234483,-1.3396097111551066,-1.0832898699192934,2.122891213692757,2.6198810102118,1.1631081533769547
86.0,211.0,1226.792724609375,-3.3526975773450407,1.4994053038542718,1.735005102395289,1.9174788828171545,0.7578941511234483,-1.3396097111551066,-1.0832909177840122,2.122891212330785,2.6198809546644264,1.1631081533769547
86.0,211.0,1226.7928466796875,-3.352672094640379,1.4994051001234272,1.735005102395289,1.9174788828171545,0.7578909495100836,-1.3396149749073272,-1.083287608364195,2.122891213670864,2.6198810102118,1.1631084738025672
86.0,211.0,1226.79296875,-3.352693287788461,1.4992166410033976,1.735005102395289,1.9175404735702928,0.7577398312938687,-1.339642010390726,-1.0832898699192934,2.122891213670864,2.61958849240559,1.1631081599124546
86.0,211.0,1226.79296875,-3.352696859438613,1.4994053038542718,1.735005102395289,1.9174788828171545,0.7578931045727987,-1.3396149749073272,-1.0832946910740082,2.122891214416815,2.6198810102118,1.1631081525592637
86.0,211.0,1226.79296875,-3.352693287788461,1.4992166410033976,1.735005102395289,1.9175404735702928,0.7577398312938687,-1.339642010390726,-1.0832898699192934,2.122891213670864,2.61958849240559,1.1631081599124546
86.0,211.0,1226.79296875,-3.352696859438613,1.4994053038542718,1.735005102395289,1.9174788828171545,0.7578931045727987,-1.3396149749073272,-1.0832946910740082,2.122891214416815,2.6198810102118,1.1631081525592637
86.0,211.0,1226.79296875,-3.352696859438613,1.4994053038542718,1.735005102395289,1.9174788828171545,0.7578916275897503,-1.3396133613319383,-1.083258780398468,2.1228912144083383,2.6198810102118,1.1631081525592637
86.0,211.0,1226.7935791015625,-3.352698707758901,1.4994053038542718,1.735005102395289,1.9174784396855369,0.7577330779288505,-1.3396149749073272,-1.0834708239807058,2.1228911532346624,2.619813431862708,1.1631081525592637
86.0,211.0,1226.7935791015625,-3.3524988328629446,1.4992119998068938,1.735005102395289,1.9174793369088208,0.7577373625653161,-1.3396348586519244,-1.0832898370770334,2.122891213670864,2.6198428820601785,1.1631081357997313
86.0,211.0,1226.7940673828125,-3.352698739975261,1.4994053038542718,1.735005102395289,1.9174788828171545,0.7577295009720381,-1.3396149749073272,-1.0832898699192934,2.122891213670864,2.619812508175259,1.1631081525592637
86.0,211.0,1226.794189453125,-3.352698707758901,1.4994053038542718,1.7350051025171087,1.91747345865966,0.7577330779288505,-1.3396149749073272,-1.0834707705224955,2.122891152998589,2.619875371596465,1.1631084100086306
86.0,211.0,1226.794189453125,-3.3526968278863074,1.4994053038542718,1.735005102395289,1.9174784396855369,0.757733007105663,-1.3396149749073272,-1.0834708239807058,2.1228911532346624,2.619881933899249,1.1631081525592637
86.0,211.0,1226.79443359375,-3.352498368596341,1.4995497621249825,1.735005102395289,1.9174793369088208,0.7577281297158066,-1.3396348586519244,-1.0832898370770334,2.122891213670864,2.6198428820601785,1.1631081357997313
86.0,211.0,1226.79443359375,-3.352498368596341,1.4995497621249825,1.735005102395289,1.9174793369088208,0.7577281297158066,-1.339634855131319,-1.0832902698910307,2.122891213670864,2.6198428820601785,1.1631081357997313
86.0,211.0,1226.79443359375,-3.352498368596341,1.4995497621249825,1.735005102395289,1.9174793369088208,0.7577281297158066,-1.339634855131319,-1.0832902698910307,2.122891213670864,2.6198428820601785,1.1631081357997313
86.0,211.0,1226.794677734375,-3.352696860102667,1.4994053038542718,1.735005102395289,1.9174788828171545,0.7577294301488506,-1.3396149749073272,-1.0832898699192934,2.122891213670864,2.6198810102118,1.1631081525592637
86.0,211.0,1226.794677734375,-3.352696860102667,1.4994053038542718,1.735005102395289,1.9174788828171545,0.7577294301488506,-1.3396149749073272,-1.0832898699192934,2.122891213670864,2.6198810102118,1.1631081525592637
86.0,211.0,1226.794677734375,-3.352696860102667,1.4994053038542718,1.735005102395289,1.9174788828171545,0.7577294301488506,-1.3396149749073272,-1.0832898699192934,2.122891213670864,2.6198810102118,1.1631081525592637
86.0,211.0,1226.7962646484375,-3.3526977266160656,1.4992096659709442,1.735005102395289,1.9176401571156203,0.7577341678851441,-1.3396317094082053,-1.083476607769088,2.12289116012752,2.6199251715916128,1.1631084109385823
86.0,211.0,1226.80224609375,-3.3527184837562105,1.4992644713550711,1.735005102395289,1.871984804703145,0.7578914947994837,-1.3424996169554309,-1.0832586242003026,2.122891214098797,2.621305804194361,1.163108750670449
86.0,211.0,1226.8038330078125,-3.352659565045931,1.499549019394404,1.735005102395289,1.8722733360073829,0.7578914947994837,-1.3424996169554309,-1.0832586242003026,2.122891214098797,2.621305804194361,1.1631090509975008
86.0,211.0,1226.8050537109375,-3.352671800117721,1.499215515633613,1.7350051545461,1.9176401571156203,0.7577272223584114,-1.3394664095459097,-1.086427350249489,2.1228911601904272,2.621944666061411,1.163108447129733
86.0,211.0,1226.8087158203125,-3.3524723826918827,1.4992151782182104,1.735005102395289,1.9179814273710776,0.7578860249903563,-1.3394627887761263,-1.083289637751279,2.122891212196634,2.6213587791622857,1.163108472378803
86.0,211.0,1226.8104248046875,-3.3526700460180003,1.4994053038542718,1.735005102395289,1.9174788828171545,0.7578866021703877,-1.3394675698861238,-1.0834688933558487,2.122891213670864,2.6218403159213555,1.1631081525592637
86.0,211.0,1226.813232421875,-3.352672567380349,1.4992154273289908,1.735005102395289,1.9176401571156203,0.7578879888980181,-1.3394627083375663,-1.0834728942503935,2.12289116012765,2.621995000063861,1.1631084479972729
86.0,211.0,1226.8140869140625,-3.3526959616191028,1.499552350200484,1.735005102395289,1.9176434501433235,0.7578913991670412,-1.3394571767474517,-1.0832896825113283,2.1228912143418204,2.621952578345119,1.1630642450918809
86.0,211.0,1226.8140869140625,-3.352722906497567,1.4992154273289908,1.7350051023973947,1.9176401571156203,0.7578837397016651,-1.3394576632311088,-1.0832929968189815,2.12289116012765,2.621995809828205,1.1631084479972729
86.0,211.0,1226.8153076171875,-3.352671236205932,1.4992141562847152,1.735005102395289,1.9176393012804365,0.7577376429844893,-1.3396295579542803,-1.083474542005257,2.122891213670864,2.621726017514063,1.1631073508668948
86.0,212.0,1226.6942138671875,-3.3526605999791674,1.4995392426881091,1.735005102395289,1.876937312535405,0.7578996969445783,-1.3395776289009835,-1.0832586242003026,2.1228911638690184,2.619821789879725,1.163109047671724
86.0,212.0,1226.70849609375,-3.352696860102667,1.4994053038542718,1.735005102395289,1.875501776823732,0.7577294301488506,-1.3396149749073272,-1.0834692536712505,2.122891213670864,2.6200786795870217,1.1631081525592637
86.0,212.0,1226.72412109375,-3.3526975773450407,1.4994053038542718,1.735005102395289,1.872535499616027,0.7577242362444222,-1.339611724134414,-1.0832909177840122,2.122891212330785,2.6198809546644264,1.16310814405901
86.0,212.0,1226.7342529296875,-3.352659565045931,1.4995498370729416,1.735005102395289,1.875509371308445,0.7577294443533082,-1.3393160884766375,-1.0832599794880176,2.122891213860179,2.6212140154532007,1.1631090586811372
86.0,212.0,1226.7440185546875,-3.352696860102667,1.4992226919541638,1.735005102395289,1.876838158257539,0.7577294301488506,-1.3396022730531256,-1.0833049169782352,2.122891213670864,2.622001245428011,1.1631081494347324
86.0,212.0,1226.75537109375,-3.352696860102667,1.4994053038542718,1.735005102395289,1.875501776823732,0.7577294301488506,-1.3396149749073272,-1.0834751944609868,2.122891213670864,2.622001245428011,1.1631081525592637
86.0,212.0,1226.7569580078125,-3.352659565045931,1.4995476136098524,1.735005102395289,1.8722733360073829,0.7578936708506072,-1.3393218224777854,-1.083260163727244,2.122891214113626,2.621227229402761,1.1631090847068355
86.0,212.0,1226.7574462890625,-3.352659565045931,1.4995501968375444,1.7350051022126236,1.8722733360073829,0.7578936708506072,-1.3393218224777854,-1.083260163727244,2.122891214113626,2.6212430495632444,1.1631090847068355
86.0,212.0,1226.7581787109375,-3.352659565045931,1.4995476136098524,1.735005102395289,1.8722733360073829,0.7577289498760096,-1.3393224588920465,-1.0832599794880176,2.122891213860179,2.621227229402761,1.1631090838891442
86.0,212.0,1226.7581787109375,-3.352659565045931,1.4995476136098524,1.735005102395289,1.8722733360073829,0.7577289498760096,-1.3393224588920465,-1.0832599794880176,2.122891213860179,2.621227229402761,1.1631090838891442
86.0,212.0,1226.75830078125,-3.352659565045931,1.4995476136098524,1.735005102395289,1.8722733360073829,0.7577289498760096,-1.3393270862300062,-1.083260163727244,2.1228912140917338,2.621227229402761,1.1631090838891442
86.0,212.0,1226.7587890625,-3.3527184837562105,1.4992644713550711,1.735005102395289,1.871984804703145,0.7578914947994837,-1.3394869487214889,-1.0832586242003026,2.122891214098797,2.621305804194361,1.1631087358058485
86.0,212.0,1226.760986328125,-3.352697581796812,1.4992154273289908,1.7350051063774792,1.874342364680204,0.757720699495206,-1.3425743177697274,-1.083476807201063,2.12289116012765,2.6198194568914066,1.163108410071043
86.0,212.0,1226.7613525390625,-3.352659565045931,1.4995481935208517,1.735005102395289,1.8722733360073829,0.757899210817312,-1.339553950251668,-1.083259946714145,2.1228912142319087,2.621305804194361,1.1631090763848009
86.0,212.0,1226.76171875,-3.352659565045931,1.4995667330812543,1.735005102395289,1.8722733360073829,0.7578989398713394,-1.339553950251668,-1.083269260918558,2.122891217476563,2.621305804194361,1.1631090761428249
86.0,212.0,1226.7620849609375,-3.352658963450131,1.499566773747579,1.735005102395289,1.8722196631959984,0.7578989398713394,-1.3395531520731685,-1.0832696901409598,2.122891217476563,2.621305804194361,1.1631090885489956
86.0,212.0,1226.7655029296875,-3.3526605999791674,1.499549019394404,1.735005102395289,1.915229995186408,0.7578911533623224,-1.33938800752327,-1.0832586242003026,2.1228911638690184,2.619877097835969,1.1631090509975008
86.0,212.0,1226.77294921875,-3.352697930495711,1.4995497621249825,1.735005102395289,1.8710335590998064,0.7578887881501986,-1.339629250118785,-1.083291415206069,2.1228912144282988,2.6213134816061303,1.1631084748940623
86.0,212.0,1226.774169921875,-3.3528188293249825,1.4995497621249825,1.735005102395289,1.8710335590998064,0.7578887881501986,-1.339629250118785,-1.0832915976630249,2.122891213670864,2.6213134816061303,1.1631084717754876
86.0,212.0,1226.7762451171875,-3.352473417625119,1.4993977901183184,1.735005102395289,1.9163039126808792,0.7578859293911507,-1.339475490630328,-1.0834599152340307,2.122891161966856,2.61987476484765,1.1631084755033338
86.0,212.0,1226.7767333984375,-3.3526605999791674,1.499549019394404,1.735005102395289,1.8719322027509908,0.7578913992002783,-1.3424996169554309,-1.0832586242003026,2.1228911638690184,2.619821789879725,1.1631090509975008
86.0,212.0,1226.777587890625,-3.352722906497567,1.4992154273289908,1.7350051023953013,1.91637483785858,0.7578837217956536,-1.3394576632311088,-1.0832929968189815,2.12289116012765,2.6198829258947542,1.1631084479972729
86.0,212.0,1226.7833251953125,-3.352696860102667,1.4994053038542718,1.735005102395289,1.917549939693444,0.7577398312938687,-1.3392590698231683,-1.0832898699192934,2.122891213670864,2.61958849240559,1.163108152980971
86.0,212.0,1226.789306640625,-3.352473417625119,1.4992151782182104,1.735005102395289,1.917640294114686,0.7578859293911507,-1.3394627887761263,-1.083289637751279,2.122891161966856,2.61987476484765,1.163108472378803
86.0,212.0,1226.789306640625,-3.352473417625119,1.4992151782182104,1.735005102395289,1.917640294114686,0.7578859293911507,-1.3394627887761263,-1.083289637751279,2.122891161966856,2.61987476484765,1.163108472378803
86.0,212.0,1226.78955078125,-3.3526725389265075,1.4992154273289908,1.735005102395289,1.9176401571156203,0.7578879888980181,-1.3394627083375663,-1.0834584235614304,2.12289116012765,2.61987476484765,1.1631084479972729
86.0,212.0,1226.7900390625,-3.352672567380349,1.4992154273289908,1.735005102395289,1.9176401571156203,0.7578879888980181,-1.3394627083375663,-1.0832875697087,2.12289116012765,2.61987476484765,1.1631084479972729
86.0,212.0,1226.7900390625,-3.352667149192641,1.4992163949571726,1.735005102395289,1.9176396995691447,0.7578966516981397,-1.339629250118785,-1.0832873109124723,2.122891213670864,2.6193696432802147,1.1631081670457557
86.0,212.0,1226.790283203125,-3.352696860102667,1.4994053038542718,1.735005102395289,1.91747962066538,0.7578998460734477,-1.3396170317129077,-1.0832898699192934,2.122891213670864,2.61958849240559,1.163108152980971
86.0,212.0,1226.790283203125,-3.352696860102667,1.4994114291196796,1.735005102395289,1.91747962066538,0.7578998460734477,-1.3396170317129077,-1.0832898699192934,2.122891213670864,2.61958849240559,1.1631081528769076
86.0,212.0,1226.7913818359375,-3.352696959353437,1.4992154273289908,1.7350051545461,1.9176401571156203,0.7577272223584114,-1.3394627083375663,-1.083476807201063,2.12289116012765,2.61987476484765,1.163108410071043
86.0,212.0,1226.7913818359375,-3.352696959353437,1.4992154158419897,1.7350051545461,1.9176401571156203,0.7577272223584114,-1.3394627083375663,-1.083476807201063,2.12289116012765,2.61987476484765,1.1631084717357083
86.0,212.0,1226.79150390625,-3.352697581796812,1.4992154273289908,1.7350051063774792,1.9176401571156203,0.7577204536572502,-1.3394627083375663,-1.083476807201063,2.12289116012765,2.61987476484765,1.163108410071043
86.0,212.0,1226.7921142578125,-3.352672591967844,1.4992154273289908,1.735005102395289,1.9176401571156203,0.7578879888980181,-1.3396438152096686,-1.083289884180962,2.1220304116812168,2.6196373871216765,1.1631084479972729
86.0,212.0,1226.792724609375,-3.352696860102667,1.4994053038542718,1.735005102395289,1.9174788828171545,0.7578941511234483,-1.3396097111551066,-1.0832898699192934,2.122891213692757,2.6198810102118,1.1631081533769547
86.0,212.0,1226.792724609375,-3.3526975773450407,1.4994053038542718,1.735005102395289,1.9174788828171545,0.7578941511234483,-1.3396097111551066,-1.0832909177840122,2.122891212330785,2.6198809546644264,1.1631081533769547
86.0,212.0,1226.7928466796875,-3.352672094640379,1.4994051001234272,1.735005102395289,1.9174788828171545,0.7578909495100836,-1.3396149749073272,-1.083287608364195,2.122891213670864,2.6198810102118,1.1631084738025672
86.0,212.0,1226.7928466796875,-3.352696860102667,1.4994053038542718,1.735005102395289,1.9174796328264525,0.7579039096528752,-1.3396149749073272,-1.0832898699192934,2.122891213670864,2.6198810102118,1.1631081530162883
86.0,212.0,1226.79296875,-3.352693287788461,1.4992166410033976,1.735005102395289,1.9175404735702928,0.7577398312938687,-1.339642010390726,-1.0832898699192934,2.122891213670864,2.61958849240559,1.1631081599124546
86.0,212.0,1226.79296875,-3.352696859438613,1.4994053038542718,1.735005102395289,1.9174788828171545,0.7578931045727987,-1.3396149749073272,-1.0832946910740082,2.122891214416815,2.6198810102118,1.1631081525592637
86.0,212.0,1226.79296875,-3.352693287788461,1.4992166410033976,1.735005102395289,1.9175404735702928,0.7577398312938687,-1.339642010390726,-1.0832898699192934,2.122891213670864,2.61958849240559,1.1631081599124546
86.0,212.0,1226.79296875,-3.352696859438613,1.4994053038542718,1.735005102395289,1.9174788828171545,0.7578931045727987,-1.3396149749073272,-1.0832946910740082,2.122891214416815,2.6198810102118,1.1631081525592637
86.0,212.0,1226.79296875,-3.352696859438613,1.4994053038542718,1.735005102395289,1.9174788828171545,0.7578916275897503,-1.3396133613319383,-1.083258780398468,2.1228912144083383,2.6198810102118,1.1631081525592637
86.0,212.0,1226.7935791015625,-3.352698707758901,1.4994053038542718,1.735005102395289,1.9174784396855369,0.7577330779288505,-1.3396149749073272,-1.0834708239807058,2.1228911532346624,2.619813431862708,1.1631081525592637
86.0,212.0,1226.7935791015625,-3.3524988328629446,1.4992119998068938,1.735005102395289,1.9174793369088208,0.7577373625653161,-1.3396348586519244,-1.0832898370770334,2.122891213670864,2.6198428820601785,1.1631081357997313
86.0,212.0,1226.7940673828125,-3.352698739975261,1.4994053038542718,1.735005102395289,1.9174788828171545,0.7577295009720381,-1.3396149749073272,-1.0832898699192934,2.122891213670864,2.619812508175259,1.1631081525592637
86.0,212.0,1226.794189453125,-3.352698707758901,1.4994053038542718,1.7350051025171087,1.91747345865966,0.7577330779288505,-1.3396149749073272,-1.0834707705224955,2.122891152998589,2.619875371596465,1.1631084100086306
86.0,212.0,1226.794189453125,-3.3526968278863074,1.4994053038542718,1.735005102395289,1.9174784396855369,0.757733007105663,-1.3396149749073272,-1.0834708239807058,2.1228911532346624,2.619881933899249,1.1631081525592637
86.0,212.0,1226.794189453125,-3.352698707758901,1.4994053038542718,1.7350051025171087,1.917478837367904,0.7577329794779118,-1.3396149749073272,-1.0834707705224955,2.1228912164961886,2.619875371596465,1.1631084126361668
86.0,212.0,1226.79443359375,-3.352498368596341,1.4995497621249825,1.735005102395289,1.9174793369088208,0.7577281297158066,-1.3396348586519244,-1.0832898370770334,2.122891213670864,2.6198428820601785,1.1631081357997313
86.0,213.0,1226.6942138671875,-3.3526605999791674,1.4995392426881091,1.735005102395289,1.876937312535405,0.7578996969445783,-1.3395776289009835,-1.0832586242003026,2.1228911638690184,2.619821789879725,1.163109047671724
86.0,213.0,1226.70849609375,-3.352696860102667,1.4994053038542718,1.735005102395289,1.875501776823732,0.7577294301488506,-1.3396149749073272,-1.0834692536712505,2.122891213670864,2.6200786795870217,1.1631081525592637
86.0,213.0,1226.7091064453125,-3.352659389368676,1.499543705491975,1.735005102395289,1.875501776823732,0.7579019188552022,-1.3396149749073272,-1.083252495421512,2.122891213670864,2.6200786795870217,1.1631090769155872
86.0,213.0,1226.71826171875,-3.3526916180391377,1.4992166410033976,1.735005102395289,1.8722386733189564,0.7577398312938687,-1.3396206397258503,-1.0832898699192934,2.1228912136604703,2.619670958598375,1.1631081599124546
86.0,213.0,1226.720703125,-3.352697460607469,1.4994045176503257,1.735005102395289,1.87285571231361,0.7578988311862719,-1.339611724134414,-1.0832898374055433,2.122825758667914,2.6198843204702817,1.1631081386703086
86.0,213.0,1226.7210693359375,-3.352659565045931,1.4992328340800782,1.735005102395289,1.876794508720425,0.7577289498760096,-1.3393224588920465,-1.0832599794880176,2.122891213860179,2.621212641318432,1.1631090838891442
86.0,213.0,1226.72412109375,-3.3526975773450407,1.4994053038542718,1.735005102395289,1.872535499616027,0.7577242362444222,-1.339611724134414,-1.0832909177840122,2.122891212330785,2.6198809546644264,1.16310814405901
86.0,213.0,1226.724365234375,-3.352718433812722,1.4994053038542718,1.735005102395289,1.872535499616027,0.7577242362444222,-1.339611724134414,-1.0832909177840122,2.122891212336753,2.6198809546644264,1.1631081408953456
86.0,213.0,1226.728759765625,-3.3526724118755213,1.4995476136098524,1.735005102395289,1.8722733360073829,0.7577289498760096,-1.33959795435193,-1.0832602727341043,2.122891213860179,2.6199199099135195,1.1631084734629635
86.0,213.0,1226.7342529296875,-3.352659565045931,1.4995498370729416,1.735005102395289,1.875509371308445,0.7577294443533082,-1.3393160884766375,-1.0832599794880176,2.122891213860179,2.6212140154532007,1.1631090586811372
86.0,213.0,1226.7342529296875,-3.352659565045931,1.4995498370729416,1.735005102395289,1.875509371308445,0.7577294443533082,-1.3393160884766375,-1.0832599794880176,2.122891213860179,2.6212140154532007,1.1631090586811372
86.0,213.0,1226.7440185546875,-3.352696860102667,1.4992226919541638,1.735005102395289,1.876838158257539,0.7577294301488506,-1.3396022730531256,-1.0833049169782352,2.122891213670864,2.622001245428011,1.1631081494347324
86.0,213.0,1226.75537109375,-3.352696860102667,1.4994053038542718,1.735005102395289,1.875501776823732,0.7577294301488506,-1.3396149749073272,-1.0834751944609868,2.122891213670864,2.622001245428011,1.1631081525592637
86.0,213.0,1226.7569580078125,-3.352659565045931,1.4995476136098524,1.735005102395289,1.8722733360073829,0.7578936708506072,-1.3393218224777854,-1.083260163727244,2.122891214113626,2.621227229402761,1.1631090847068355
86.0,213.0,1226.7574462890625,-3.352659565045931,1.4995501968375444,1.7350051022126236,1.8722733360073829,0.7578936708506072,-1.3393218224777854,-1.083260163727244,2.122891214113626,2.6212430495632444,1.1631090847068355
86.0,213.0,1226.7581787109375,-3.352659565045931,1.4995476136098524,1.735005102395289,1.8722733360073829,0.7577289498760096,-1.3393224588920465,-1.0832599794880176,2.122891213860179,2.621227229402761,1.1631090838891442
86.0,213.0,1226.7581787109375,-3.352659565045931,1.4995476136098524,1.735005102395289,1.8722733360073829,0.7577289498760096,-1.3393224588920465,-1.0832599794880176,2.122891213860179,2.621227229402761,1.1631090838891442
86.0,213.0,1226.75830078125,-3.352659565045931,1.4995476136098524,1.735005102395289,1.8722733360073829,0.7577289498760096,-1.3393270862300062,-1.083260163727244,2.1228912140917338,2.621227229402761,1.1631090838891442
86.0,213.0,1226.7587890625,-3.3527184837562105,1.4992644713550711,1.735005102395289,1.871984804703145,0.7578914947994837,-1.3394869487214889,-1.0832586242003026,2.122891214098797,2.621305804194361,1.1631087358058485
86.0,213.0,1226.760986328125,-3.352697581796812,1.4992154273289908,1.7350051063774792,1.874342364680204,0.757720699495206,-1.3425743177697274,-1.083476807201063,2.12289116012765,2.6198194568914066,1.163108410071043
86.0,213.0,1226.760986328125,-3.352659565045931,1.499566684968846,1.735005102395289,1.8722733360073829,0.7577289498760096,-1.3393224588920465,-1.0832599794880176,2.122891213860179,2.621317688657569,1.1631090838891442
86.0,213.0,1226.7613525390625,-3.352659565045931,1.4995481935208517,1.735005102395289,1.8722733360073829,0.757899210817312,-1.339553950251668,-1.083259946714145,2.1228912142319087,2.621305804194361,1.1631090763848009
86.0,213.0,1226.76171875,-3.352659565045931,1.4995667330812543,1.735005102395289,1.8722733360073829,0.7578989398713394,-1.339553950251668,-1.083269260918558,2.122891217476563,2.621305804194361,1.1631090761428249
86.0,213.0,1226.7620849609375,-3.352658963450131,1.499566773747579,1.735005102395289,1.8722196631959984,0.7578989398713394,-1.3395531520731685,-1.0832696901409598,2.122891217476563,2.621305804194361,1.1631090885489956
86.0,213.0,1226.7655029296875,-3.3526605999791674,1.499549019394404,1.735005102395289,1.915229995186408,0.7578911533623224,-1.33938800752327,-1.0832586242003026,2.1228911638690184,2.619877097835969,1.1631090509975008
86.0,213.0,1226.77294921875,-3.352697930495711,1.4995497621249825,1.735005102395289,1.8710335590998064,0.7578887881501986,-1.339629250118785,-1.083291415206069,2.1228912144282988,2.6213134816061303,1.1631084748940623
86.0,213.0,1226.7730712890625,-3.352697930495711,1.4995583565483557,1.7350051543312597,1.8710335590998064,0.7578911504720427,-1.339629250118785,-1.083283803612246,2.1228912144282988,2.6213134816061303,1.163108474903128
86.0,213.0,1226.773681640625,-3.3526824751130526,1.4995497621249825,1.735005102395289,1.8710335590998064,0.7578888047287079,-1.339629250118785,-1.0832913966170374,2.122891213670864,2.6213483271085742,1.1631084717454494
86.0,213.0,1226.774169921875,-3.3528188293249825,1.4995497621249825,1.735005102395289,1.8710335590998064,0.7578887881501986,-1.339629250118785,-1.0832915976630249,2.122891213670864,2.6213134816061303,1.1631084717754876
86.0,213.0,1226.77490234375,-3.3526605795741413,1.499548877468737,1.735005102395289,1.8722138169904528,0.7578913992002783,-1.3424996169554309,-1.0832586242003026,2.1228911638690184,2.619821789879725,1.1631090509975008
86.0,213.0,1226.7762451171875,-3.352473417625119,1.4993977901183184,1.735005102395289,1.9163039126808792,0.7578859293911507,-1.339475490630328,-1.0834599152340307,2.122891161966856,2.61987476484765,1.1631084755033338
86.0,213.0,1226.7767333984375,-3.3526605999791674,1.499549019394404,1.735005102395289,1.8719322027509908,0.7578913992002783,-1.3424996169554309,-1.0832586242003026,2.1228911638690184,2.619821789879725,1.1631090509975008
86.0,213.0,1226.777587890625,-3.352722906497567,1.4992154273289908,1.7350051023953013,1.91637483785858,0.7578837217956536,-1.3394576632311088,-1.0832929968189815,2.12289116012765,2.6198829258947542,1.1631084479972729
86.0,213.0,1226.7833251953125,-3.352696860102667,1.4994053038542718,1.735005102395289,1.917549939693444,0.7577398312938687,-1.3392590698231683,-1.0832898699192934,2.122891213670864,2.61958849240559,1.163108152980971
86.0,213.0,1226.7890625,-3.352667406725364,1.4992163949571726,1.735005102395289,1.9175504828994392,0.7578966516981397,-1.3396297537256672,-1.0832873109124723,2.122891213670864,2.6193696432802147,1.1631081535404617
86.0,213.0,1226.789306640625,-3.352473417625119,1.4992151782182104,1.735005102395289,1.917640294114686,0.7578859293911507,-1.3394627887761263,-1.083289637751279,2.122891161966856,2.61987476484765,1.163108472378803
86.0,213.0,1226.789306640625,-3.352473417625119,1.4992151782182104,1.735005102395289,1.917640294114686,0.7578859293911507,-1.3394627887761263,-1.083289637751279,2.122891161966856,2.61987476484765,1.163108472378803
86.0,213.0,1226.78955078125,-3.3526725389265075,1.4992154273289908,1.735005102395289,1.9176401571156203,0.7578879888980181,-1.3394627083375663,-1.0834584235614304,2.12289116012765,2.61987476484765,1.1631084479972729
86.0,213.0,1226.7896728515625,-3.352697581796812,1.4992154273289908,1.735005106570768,1.9176401571156203,0.7578853571523365,-1.3394627083375663,-1.083476807201063,2.12289116012765,2.61987476484765,1.163108471482554
86.0,213.0,1226.789794921875,-3.352808893138437,1.4992154273289908,1.735005102395289,1.9176401571156203,0.7578879723195088,-1.3394627083375663,-1.083458624607418,2.12289116012765,2.619839919345206,1.1631084480273113
86.0,213.0,1226.7900390625,-3.352672567380349,1.4992154273289908,1.735005102395289,1.9176401571156203,0.7578879888980181,-1.3394627083375663,-1.0832875697087,2.12289116012765,2.61987476484765,1.1631084479972729
86.0,213.0,1226.7900390625,-3.352667149192641,1.4992163949571726,1.735005102395289,1.9176396995691447,0.7578966516981397,-1.339629250118785,-1.0832873109124723,2.122891213670864,2.6193696432802147,1.1631081670457557
86.0,213.0,1226.790283203125,-3.352696860102667,1.4994053038542718,1.735005102395289,1.91747962066538,0.7578998460734477,-1.3396170317129077,-1.0832898699192934,2.122891213670864,2.61958849240559,1.163108152980971
86.0,213.0,1226.790283203125,-3.352696860102667,1.4994114291196796,1.735005102395289,1.91747962066538,0.7578998460734477,-1.3396170317129077,-1.0832898699192934,2.122891213670864,2.61958849240559,1.1631081528769076
86.0,213.0,1226.790283203125,-3.3526968593815805,1.4994053038542718,1.735005102395289,1.9174796183407945,0.7578998460734477,-1.33961328110089,-1.0832580927845978,2.122891213670864,2.61958849240559,1.163108152980971
86.0,213.0,1226.7913818359375,-3.352696959353437,1.4992154273289908,1.7350051545461,1.9176401571156203,0.7577272223584114,-1.3394627083375663,-1.083476807201063,2.12289116012765,2.61987476484765,1.163108410071043
86.0,213.0,1226.7913818359375,-3.352696959353437,1.4992154158419897,1.7350051545461,1.9176401571156203,0.7577272223584114,-1.3394627083375663,-1.083476807201063,2.12289116012765,2.61987476484765,1.1631084717357083
86.0,213.0,1226.7913818359375,-3.352696959353437,1.4992068214186165,1.73500510261013,1.9176401571156203,0.7577248600365674,-1.3394627083375663,-1.0834844187948862,2.12289116012765,2.61987476484765,1.163108471726643
86.0,213.0,1226.7913818359375,-3.352696959353437,1.4992154273289908,1.7350051541544338,1.9176401571156203,0.7577272223584114,-1.3394627083375663,-1.083476807201063,2.122891160158844,2.61987476484765,1.163108410071043
86.0,213.0,1226.79150390625,-3.352697581796812,1.4992154273289908,1.7350051063774792,1.9176401571156203,0.7577204536572502,-1.3394627083375663,-1.083476807201063,2.12289116012765,2.61987476484765,1.163108410071043
86.0,214.0,1226.6942138671875,-3.3526605999791674,1.4995392426881091,1.735005102395289,1.876937312535405,0.7578996969445783,-1.3395776289009835,-1.0832586242003026,2.1228911638690184,2.619821789879725,1.163109047671724
86.0,214.0,1226.70849609375,-3.352696860102667,1.4994053038542718,1.735005102395289,1.875501776823732,0.7577294301488506,-1.3396149749073272,-1.0834692536712505,2.122891213670864,2.6200786795870217,1.1631081525592637
86.0,214.0,1226.7091064453125,-3.352659389368676,1.499543705491975,1.735005102395289,1.875501776823732,0.7579019188552022,-1.3396149749073272,-1.083252495421512,2.122891213670864,2.6200786795870217,1.1631090769155872
86.0,214.0,1226.709228515625,-3.352696860102667,1.4994014816544696,1.735005102395289,1.9068083952706656,0.7577294301488506,-1.3396149749073272,-1.0834624415278713,2.12289121366637,2.6200786795870217,1.1631080965898617
86.0,214.0,1226.7135009765625,-3.3526724118755213,1.4995563914913923,1.7350051060919711,1.8741601885479904,0.7577289498760096,-1.3394446643579567,-1.0832602727341043,2.122891221878868,2.6199199099135195,1.1631084750809877
86.0,214.0,1226.71826171875,-3.3526916180391377,1.4992166410033976,1.735005102395289,1.8722386733189564,0.7577398312938687,-1.3396206397258503,-1.0832898699192934,2.1228912136604703,2.619670958598375,1.1631081599124546
86.0,214.0,1226.7183837890625,-3.352696630462515,1.4992166410033976,1.735005102395289,1.8722386733189564,0.7577398312938687,-1.3396206397258503,-1.0832898699192934,2.1228912136604703,2.619670958598375,1.163108159901166
86.0,214.0,1226.720703125,-3.352697460607469,1.4994045176503257,1.735005102395289,1.87285571231361,0.7578988311862719,-1.339611724134414,-1.0832898374055433,2.122825758667914,2.6198843204702817,1.1631081386703086
86.0,214.0,1226.720703125,-3.352697461718872,1.4994045030143957,1.735005102395289,1.872862695626319,0.7578971034287324,-1.339611724134414,-1.0832898374055433,2.122825758667914,2.6198843204702817,1.1631081386703086
86.0,214.0,1226.7210693359375,-3.352659565045931,1.4992328340800782,1.735005102395289,1.876794508720425,0.7577289498760096,-1.3393224588920465,-1.0832599794880176,2.122891213860179,2.621212641318432,1.1631090838891442
86.0,214.0,1226.723388671875,-3.352659565045931,1.4995476136098524,1.735005102395289,1.8722733360073829,0.7577289498760096,-1.339619708237626,-1.0832920028565822,2.122891213864772,2.619683027484286,1.1631090838891442
86.0,214.0,1226.723876953125,-3.3526605999791674,1.4993888493937333,1.735005102395289,1.8719322027509908,0.7578913992002783,-1.3395052480827023,-1.0832586242003026,2.1228911638690184,2.6198249053282825,1.1631090509975008
86.0,214.0,1226.72412109375,-3.3526975773450407,1.4994053038542718,1.735005102395289,1.872535499616027,0.7577242362444222,-1.339611724134414,-1.0832909177840122,2.122891212330785,2.6198809546644264,1.16310814405901
86.0,214.0,1226.72412109375,-3.352697576233638,1.4994053184902016,1.735005102395289,1.872528516303318,0.7577259640019617,-1.339611724134414,-1.0832909177840122,2.122891212330785,2.6198809546644264,1.16310814405901
86.0,214.0,1226.724365234375,-3.352718433812722,1.4994053038542718,1.735005102395289,1.872535499616027,0.7577242362444222,-1.339611724134414,-1.0832909177840122,2.122891212336753,2.6198809546644264,1.1631081408953456
86.0,214.0,1226.724365234375,-3.352718433812722,1.4994053038542718,1.735005102395289,1.872535499616027,0.7577242362444222,-1.339611724134414,-1.0832909177840122,2.122891212336753,2.6198809546644264,1.1631081408953456
86.0,214.0,1226.7249755859375,-3.352659565045931,1.4995476136098524,1.735005102395289,1.8770315193200444,0.7577289498760096,-1.3393270862300062,-1.083260163727244,2.1228912138589804,2.621227229402761,1.1631090838891442
86.0,214.0,1226.728759765625,-3.3526724118755213,1.4995476136098524,1.735005102395289,1.8722733360073829,0.7577289498760096,-1.33959795435193,-1.0832602727341043,2.122891213860179,2.6199199099135195,1.1631084734629635
86.0,214.0,1226.730712890625,-3.352682434665186,1.4995392426881091,1.735005102395289,1.876937312535405,0.7578886626645643,-1.339627492052723,-1.083259512986031,2.12289121333316,2.621342263124888,1.163109047671724
86.0,214.0,1226.7325439453125,-3.352659565045931,1.4995341785632357,1.735005102395289,1.875509371308445,0.7578960069388655,-1.3393097583862714,-1.0832599794880176,2.1228912138591864,2.6212140154532007,1.1631090586811372
86.0,214.0,1226.73291015625,-3.352659518979743,1.4995498370729416,1.735005102395289,1.875509371308445,0.757891279370158,-1.3393160884766375,-1.0832583775287163,2.122891213774692,2.6212140154532007,1.163109058468292
86.0,214.0,1226.7342529296875,-3.352659565045931,1.4995498370729416,1.735005102395289,1.875509371308445,0.7577294443533082,-1.3393160884766375,-1.0832599794880176,2.122891213860179,2.6212140154532007,1.1631090586811372
86.0,214.0,1226.7342529296875,-3.352659565045931,1.4995498370729416,1.735005102395289,1.875509371308445,0.7577294443533082,-1.3393160884766375,-1.0832599794880176,2.122891213860179,2.6212140154532007,1.1631090586811372
86.0,214.0,1226.7440185546875,-3.352696860102667,1.4992226919541638,1.735005102395289,1.876838158257539,0.7577294301488506,-1.3396022730531256,-1.0833049169782352,2.122891213670864,2.622001245428011,1.1631081494347324
86.0,214.0,1226.7481689453125,-3.352695965558784,1.499566684968846,1.735005102395289,1.877107519871113,0.7577293901282329,-1.3396103511812405,-1.0832599794880176,2.1228912138700475,2.622008645597788,1.163108191753694
86.0,214.0,1226.7542724609375,-3.352659565045931,1.4992328340800782,1.735005102395289,1.872036325407764,0.7577289498760096,-1.3393224588920465,-1.0832599794880176,2.122891214092932,2.621212641318432,1.1631090838891442
86.0,214.0,1226.75537109375,-3.352696860102667,1.4994053038542718,1.735005102395289,1.875501776823732,0.7577294301488506,-1.3396149749073272,-1.0834751944609868,2.122891213670864,2.622001245428011,1.1631081525592637
86.0,214.0,1226.7568359375,-3.352660459589814,1.4992226919541638,1.735005102395289,1.8720039743938088,0.7577289898966273,-1.3393143807639318,-1.0833049169782352,2.122891213660996,2.621310288487792,1.1631090415701824
86.0,214.0,1226.7569580078125,-3.352659565045931,1.4995476136098524,1.735005102395289,1.8722733360073829,0.7578936708506072,-1.3393218224777854,-1.083260163727244,2.122891214113626,2.621227229402761,1.1631090847068355
86.0,214.0,1226.7574462890625,-3.352659565045931,1.4995501968375444,1.7350051022126236,1.8722733360073829,0.7578936708506072,-1.3393218224777854,-1.083260163727244,2.122891214113626,2.6212430495632444,1.1631090847068355
86.0,214.0,1226.7581787109375,-3.352659565045931,1.4995476136098524,1.735005102395289,1.8722733360073829,0.7577289498760096,-1.3393224588920465,-1.0832599794880176,2.122891213860179,2.621227229402761,1.1631090838891442
86.0,214.0,1226.7581787109375,-3.352659565045931,1.4995476136098524,1.735005102395289,1.8722733360073829,0.7577289498760096,-1.3393224588920465,-1.0832599794880176,2.122891213860179,2.621227229402761,1.1631090838891442
86.0,214.0,1226.7581787109375,-3.352659565045931,1.4995476136098524,1.735005102395289,1.8722733360073829,0.7577289498760096,-1.3393224588920465,-1.0832599794880176,2.122891213860179,2.621227229402761,1.1631090838891442
86.0,214.0,1226.75830078125,-3.352659565045931,1.4995476136098524,1.735005102395289,1.8722733360073829,0.7577289498760096,-1.3393270862300062,-1.083260163727244,2.1228912140917338,2.621227229402761,1.1631090838891442
86.0,214.0,1226.7587890625,-3.3527184837562105,1.4992644713550711,1.735005102395289,1.871984804703145,0.7578914947994837,-1.3394869487214889,-1.0832586242003026,2.122891214098797,2.621305804194361,1.1631087358058485
86.0,214.0,1226.7587890625,-3.352720938900995,1.4992644713550711,1.735005102395289,1.871984804703145,0.7578914947994837,-1.3394869487214889,-1.0832580874866635,2.122891214098797,2.621305804194361,1.1631090766728334
86.0,214.0,1226.75927734375,-3.352659565045931,1.4995667330812543,1.735005102395289,1.8722733360073829,0.7578989398713394,-1.3393176326727323,-1.0832600471703433,2.1228912173085925,2.621305804194361,1.1631090761428249
86.0,214.0,1226.760986328125,-3.352697581796812,1.4992154273289908,1.7350051063774792,1.874342364680204,0.757720699495206,-1.3425743177697274,-1.083476807201063,2.12289116012765,2.6198194568914066,1.163108410071043
86.0,214.0,1226.760986328125,-3.352659565045931,1.499566684968846,1.735005102395289,1.8722733360073829,0.7577289498760096,-1.3393224588920465,-1.0832599794880176,2.122891213860179,2.621317688657569,1.1631090838891442
86.0,214.0,1226.7613525390625,-3.352659565045931,1.4995481935208517,1.735005102395289,1.8722733360073829,0.757899210817312,-1.339553950251668,-1.083259946714145,2.1228912142319087,2.621305804194361,1.1631090763848009
86.0,214.0,1226.76171875,-3.352659565045931,1.4995667330812543,1.735005102395289,1.8722733360073829,0.7578989398713394,-1.339553950251668,-1.083269260918558,2.122891217476563,2.621305804194361,1.1631090761428249
86.0,214.0,1226.7620849609375,-3.352658963450131,1.499566773747579,1.735005102395289,1.8722196631959984,0.7578989398713394,-1.3395531520731685,-1.0832696901409598,2.122891217476563,2.621305804194361,1.1631090885489956
86.0,214.0,1226.7620849609375,-3.352658929297177,1.499566774283273,1.735005102395289,1.8722196631959984,0.7578989398713394,-1.3395531520731685,-1.0832696901409598,2.122891217476563,2.621305804194361,1.163109076317148
86.0,214.0,1226.763427734375,-3.352659565045931,1.499566684968846,1.735005102395289,1.8722733360073829,0.7577289498760096,-1.339558776470982,-1.0832691932362324,2.12289121402815,2.621317688657569,1.1631090838891442
86.0,214.0,1226.7655029296875,-3.3526605999791674,1.499549019394404,1.735005102395289,1.915229995186408,0.7578911533623224,-1.33938800752327,-1.0832586242003026,2.1228911638690184,2.619877097835969,1.1631090509975008
86.0,214.0,1226.767822265625,-3.3528188293249825,1.4992203465421885,1.735005102395289,1.8710335590998064,0.757888825212018,-1.3394566899592866,-1.083295425613008,2.122891161232096,2.6213597188907327,1.1631084717754876
86.0,214.0,1226.77294921875,-3.352697930495711,1.4995497621249825,1.735005102395289,1.8710335590998064,0.7578887881501986,-1.339629250118785,-1.083291415206069,2.1228912144282988,2.6213134816061303,1.1631084748940623
86.0,214.0,1226.7730712890625,-3.352697930495711,1.4995583565483557,1.7350051543312597,1.8710335590998064,0.7578911504720427,-1.339629250118785,-1.083283803612246,2.1228912144282988,2.6213134816061303,1.163108474903128
86.0,214.0,1226.773681640625,-3.3526824751130526,1.4995497621249825,1.735005102395289,1.8710335590998064,0.7578888047287079,-1.339629250118785,-1.0832913966170374,2.122891213670864,2.6213483271085742,1.1631084717454494
86.0,214.0,1226.773681640625,-3.3526824751130526,1.4995497624032887,1.735005102395289,1.8710335590998064,0.7578888047287079,-1.3396288990130814,-1.0832913966170374,2.122891213670864,2.6213483271085742,1.1631084717454494
86.0,215.0,1226.69189453125,-3.352696630462515,1.4992166410033976,1.735005102395289,1.8755622179266511,0.7577398312938687,-1.3393158335815272,-1.0832898699192934,2.122891213772544,2.619670958598375,1.163108159901166
86.0,215.0,1226.6942138671875,-3.3526605999791674,1.4995392426881091,1.735005102395289,1.876937312535405,0.7578996969445783,-1.3395776289009835,-1.0832586242003026,2.1228911638690184,2.619821789879725,1.163109047671724
86.0,215.0,1226.702880859375,-3.3526980521250245,1.49924001435359,1.735005102395289,1.872518677595283,0.757724307333273,-1.339330911054992,-1.0832599794880176,2.1228912138758584,2.619850930591808,1.1594221982921968
86.0,215.0,1226.7078857421875,-3.3526724118755213,1.4992104571385003,1.7350051060919711,1.8741630823888749,0.7577289498760096,-1.3394446643579567,-1.0834765365502694,2.122891221878868,2.6199199099135195,1.1631084750809877
86.0,215.0,1226.70849609375,-3.352696860102667,1.4994053038542718,1.735005102395289,1.875501776823732,0.7577294301488506,-1.3396149749073272,-1.0834692536712505,2.122891213670864,2.6200786795870217,1.1631081525592637
86.0,215.0,1226.7091064453125,-3.352659389368676,1.499543705491975,1.735005102395289,1.875501776823732,0.7579019188552022,-1.3396149749073272,-1.083252495421512,2.122891213670864,2.6200786795870217,1.1631090769155872
86.0,215.0,1226.709228515625,-3.352696860102667,1.4994014816544696,1.735005102395289,1.9068083952706656,0.7577294301488506,-1.3396149749073272,-1.0834624415278713,2.12289121366637,2.6200786795870217,1.1631080965898617
86.0,215.0,1226.7109375,-3.352660459752716,1.499543705491975,1.735005102395289,1.875444713185736,0.757726034623895,-1.3396226492388,-1.083249978858533,2.12289121366063,2.6200786795870217,1.1631090422105803
86.0,215.0,1226.7135009765625,-3.3526724118755213,1.4995563914913923,1.7350051060919711,1.8741601885479904,0.7577289498760096,-1.3394446643579567,-1.0832602727341043,2.122891221878868,2.6199199099135195,1.1631084750809877
86.0,215.0,1226.715576171875,-3.352672177496614,1.499543705491975,1.735005102395289,1.8741804678459864,0.757739537750989,-1.339611468546567,-1.083252495421512,2.122891213670864,2.619931151075788,1.1631090769155872
86.0,215.0,1226.71826171875,-3.3526916180391377,1.4992166410033976,1.735005102395289,1.8722386733189564,0.7577398312938687,-1.3396206397258503,-1.0832898699192934,2.1228912136604703,2.619670958598375,1.1631081599124546
86.0,215.0,1226.7183837890625,-3.352696630462515,1.4992166410033976,1.735005102395289,1.8722386733189564,0.7577398312938687,-1.3396206397258503,-1.0832898699192934,2.1228912136604703,2.619670958598375,1.163108159901166
86.0,215.0,1226.718994140625,-3.35265826055623,1.4995518931097296,1.735005102395289,1.8728534981320968,0.7578988311862719,-1.3393223158336942,-1.08326049844894,2.122825758667914,2.6198843204702817,1.1631081386703086
86.0,215.0,1226.720703125,-3.352697460607469,1.4994045176503257,1.735005102395289,1.87285571231361,0.7578988311862719,-1.339611724134414,-1.0832898374055433,2.122825758667914,2.6198843204702817,1.1631081386703086
86.0,215.0,1226.720703125,-3.352697461718872,1.4994045030143957,1.735005102395289,1.872862695626319,0.7578971034287324,-1.339611724134414,-1.0832898374055433,2.122825758667914,2.6198843204702817,1.1631081386703086
86.0,215.0,1226.7210693359375,-3.352659565045931,1.4992328340800782,1.735005102395289,1.876794508720425,0.7577289498760096,-1.3393224588920465,-1.0832599794880176,2.122891213860179,2.621212641318432,1.1631090838891442
86.0,215.0,1226.723388671875,-3.352659565045931,1.4995476136098524,1.735005102395289,1.8722733360073829,0.7577289498760096,-1.339619708237626,-1.0832920028565822,2.122891213864772,2.619683027484286,1.1631090838891442
86.0,215.0,1226.723876953125,-3.3526605999791674,1.4993888493937333,1.735005102395289,1.8719322027509908,0.7578913992002783,-1.3395052480827023,-1.0832586242003026,2.1228911638690184,2.6198249053282825,1.1631090509975008
86.0,215.0,1226.72412109375,-3.3526975773450407,1.4994053038542718,1.735005102395289,1.872535499616027,0.7577242362444222,-1.339611724134414,-1.0832909177840122,2.122891212330785,2.6198809546644264,1.16310814405901
86.0,215.0,1226.72412109375,-3.352697576233638,1.4994053184902016,1.735005102395289,1.872528516303318,0.7577259640019617,-1.339611724134414,-1.0832909177840122,2.122891212330785,2.6198809546644264,1.16310814405901
86.0,215.0,1226.72412109375,-3.3526605999791674,1.4994006571496286,1.735005102395289,1.8719322027509908,0.7578913992002783,-1.339504590115658,-1.0832586242003026,2.1228911638690184,2.6198249053282825,1.1631090509975008
86.0,215.0,1226.72412109375,-3.352697576289598,1.4994053184844829,1.735005102395289,1.872528516303318,0.7577259640019617,-1.339611724134414,-1.0832909177840122,2.122891212330785,2.6198809546644264,1.16310814405901
86.0,215.0,1226.724365234375,-3.352718433812722,1.4994053038542718,1.735005102395289,1.872535499616027,0.7577242362444222,-1.339611724134414,-1.0832909177840122,2.122891212336753,2.6198809546644264,1.1631081408953456
86.0,215.0,1226.724365234375,-3.352718433812722,1.4994053038542718,1.735005102395289,1.872535499616027,0.7577242362444222,-1.339611724134414,-1.0832909177840122,2.122891212336753,2.6198809546644264,1.1631081408953456
86.0,215.0,1226.7249755859375,-3.352659565045931,1.4995476136098524,1.735005102395289,1.8770315193200444,0.7577289498760096,-1.3393270862300062,-1.083260163727244,2.1228912138589804,2.621227229402761,1.1631090838891442
86.0,215.0,1226.7281494140625,-3.352659565045931,1.4995547123164483,1.735005102399007,1.876469985546306,0.7577289498760096,-1.3393224588920465,-1.083259985049629,2.122891213858832,2.621212641318432,1.1631090846743406
86.0,215.0,1226.7281494140625,-3.352659565045931,1.4992404342665804,1.735005102395289,1.875684547878067,0.7577294338250188,-1.3393224588920465,-1.0832599794880176,2.122891214092932,2.621214022976573,1.1631090837361222
86.0,215.0,1226.728759765625,-3.3526724118755213,1.4995476136098524,1.735005102395289,1.8722733360073829,0.7577289498760096,-1.33959795435193,-1.0832602727341043,2.122891213860179,2.6199199099135195,1.1631084734629635
86.0,215.0,1226.730712890625,-3.352682434665186,1.4995392426881091,1.735005102395289,1.876937312535405,0.7578886626645643,-1.339627492052723,-1.083259512986031,2.12289121333316,2.621342263124888,1.163109047671724
86.0,215.0,1226.7308349609375,-3.352696778984735,1.4994053038542718,1.735005102395289,1.8716218683011088,0.7577287560585693,-1.339611724134414,-1.0832909177840122,2.122891212336753,2.6198809546644264,1.1631081408953456
86.0,215.0,1226.7325439453125,-3.352659565045931,1.4995341785632357,1.735005102395289,1.875509371308445,0.7578960069388655,-1.3393097583862714,-1.0832599794880176,2.1228912138591864,2.6212140154532007,1.1631090586811372
86.0,215.0,1226.73291015625,-3.352659518979743,1.4995498370729416,1.735005102395289,1.875509371308445,0.757891279370158,-1.3393160884766375,-1.0832583775287163,2.122891213774692,2.6212140154532007,1.163109058468292
86.0,215.0,1226.73291015625,-3.352659518979743,1.4995498370729416,1.735005102395289,1.875509371308445,0.757891279370158,-1.3393148230071852,-1.0832583775287163,2.122891213869467,2.6212140154532007,1.1631090829670168
86.0,215.0,1226.734130859375,-3.352659565045931,1.4995498497403812,1.735005102395289,1.8755170132478665,0.7577294443533082,-1.3393160884766375,-1.0832599794880176,2.122891213860179,2.6212140154532007,1.1631090812810323
86.0,215.0,1226.7342529296875,-3.352659565045931,1.4995498370729416,1.735005102395289,1.875509371308445,0.7577294443533082,-1.3393160884766375,-1.0832599794880176,2.122891213860179,2.6212140154532007,1.1631090586811372
86.0,215.0,1226.7342529296875,-3.352659565045931,1.4995498370729416,1.735005102395289,1.875509371308445,0.7577294443533082,-1.3393160884766375,-1.0832599794880176,2.122891213860179,2.6212140154532007,1.1631090586811372
86.0,215.0,1226.7440185546875,-3.352696860102667,1.4992226919541638,1.735005102395289,1.876838158257539,0.7577294301488506,-1.3396022730531256,-1.0833049169782352,2.122891213670864,2.622001245428011,1.1631081494347324
86.0,215.0,1226.7481689453125,-3.352695965558784,1.499566684968846,1.735005102395289,1.877107519871113,0.7577293901282329,-1.3396103511812405,-1.0832599794880176,2.1228912138700475,2.622008645597788,1.163108191753694
86.0,215.0,1226.748291015625,-3.352695965558784,1.499566684968846,1.735005102395289,1.877107519871113,0.7577293901282329,-1.3396116166506926,-1.0832599794880176,2.122891213775272,2.622008645597788,1.1631081672549692
86.0,215.0,1226.7542724609375,-3.352659565045931,1.4992328340800782,1.735005102395289,1.872036325407764,0.7577289498760096,-1.3393224588920465,-1.0832599794880176,2.122891214092932,2.621212641318432,1.1631090838891442
86.0,215.0,1226.75537109375,-3.352696860102667,1.4994053038542718,1.735005102395289,1.875501776823732,0.7577294301488506,-1.3396149749073272,-1.0834751944609868,2.122891213670864,2.622001245428011,1.1631081525592637
86.0,215.0,1226.7559814453125,-3.352659565045931,1.4995501968375444,1.7350051022079118,1.8724136402317884,0.7578936708506072,-1.3393218224777854,-1.083482622619843,2.1228912136656977,2.621248000570956,1.1631090847068355
86.0,215.0,1226.7568359375,-3.352660459589814,1.4992226919541638,1.735005102395289,1.8720039743938088,0.7577289898966273,-1.3393143807639318,-1.0833049169782352,2.122891213660996,2.621310288487792,1.1631090415701824
86.0,215.0,1226.7569580078125,-3.352659565045931,1.4995476136098524,1.735005102395289,1.8722733360073829,0.7578936708506072,-1.3393218224777854,-1.083260163727244,2.122891214113626,2.621227229402761,1.1631090847068355
86.0,215.0,1226.7574462890625,-3.352659565045931,1.4995501968375444,1.7350051022126236,1.8722733360073829,0.7578936708506072,-1.3393218224777854,-1.083260163727244,2.122891214113626,2.6212430495632444,1.1631090847068355
86.0,215.0,1226.7576904296875,-3.352697576233638,1.4995337622779974,1.735005102395289,1.872528516303318,0.7579048729414632,-1.339611724134414,-1.0832909177840122,2.122891213959749,2.621215238424404,1.163109006217817
86.0,215.0,1226.7578125,-3.3526987650971707,1.4994002381504483,1.735005102395289,1.8722755501888964,0.7578936708506072,-1.339611230778505,-1.0832895026838472,2.122891214113626,2.621227229402761,1.1631090847068355
86.0,215.0,1226.7581787109375,-3.352659565045931,1.4995476136098524,1.735005102395289,1.8722733360073829,0.7577289498760096,-1.3393224588920465,-1.0832599794880176,2.122891213860179,2.621227229402761,1.1631090838891442
86.0,215.0,1226.7581787109375,-3.352659565045931,1.4995476136098524,1.735005102395289,1.8722733360073829,0.7577289498760096,-1.3393224588920465,-1.0832599794880176,2.122891213860179,2.621227229402761,1.1631090838891442
86.0,215.0,1226.7581787109375,-3.352659565045931,1.4995476136098524,1.735005102395289,1.8722733360073829,0.7577289498760096,-1.3393224588920465,-1.0832599794880176,2.122891213860179,2.621227229402761,1.1631090838891442
86.0,216.0,1226.69189453125,-3.352696630462515,1.4992166410033976,1.735005102395289,1.8755622179266511,0.7577398312938687,-1.3393158335815272,-1.0832898699192934,2.122891213772544,2.619670958598375,1.163108159901166
86.0,216.0,1226.6942138671875,-3.3526605999791674,1.4995392426881091,1.735005102395289,1.876937312535405,0.7578996969445783,-1.3395776289009835,-1.0832586242003026,2.1228911638690184,2.619821789879725,1.163109047671724
86.0,216.0,1226.6942138671875,-3.3526605999791674,1.4995392426881091,1.735005102395289,1.876937312535405,0.7578996969445783,-1.3395776289009835,-1.0832586242003026,2.1228911638690184,2.619821789879725,1.163109047671724
86.0,216.0,1226.6962890625,-3.352659565045931,1.4995476136098524,1.735005102395289,1.8756896556107403,0.7577294329336126,-1.3393203703921046,-1.083260278559824,2.122891213864772,2.619683027484286,1.1631090838975071
86.0,216.0,1226.69970703125,-3.352659565045931,1.4995341785632357,1.735005102395289,1.875509371308445,0.7578960069388655,-1.3393097583862714,-1.0832599583771885,2.122891162350495,2.619860501986723,1.1631090586811372
86.0,216.0,1226.702880859375,-3.3526980521250245,1.49924001435359,1.735005102395289,1.872518677595283,0.757724307333273,-1.339330911054992,-1.0832599794880176,2.1228912138758584,2.619850930591808,1.1594221982921968
86.0,216.0,1226.70556640625,-3.352657172564862,1.4992489563861229,1.735005102395289,1.875522675895977,0.7579019188552022,-1.3396149749073272,-1.0832525371372814,2.122891213878234,2.620077415260099,1.163312849256848
86.0,216.0,1226.7069091796875,-3.352659076075233,1.4995399335292685,1.735005102395289,1.875331959134717,0.7577260188539756,-1.33961128865978,-1.0832909177840122,2.1228912136572182,2.6198809546644264,1.1631090657495713
86.0,216.0,1226.7078857421875,-3.3526724118755213,1.4992104571385003,1.7350051060919711,1.8741630823888749,0.7577289498760096,-1.3394446643579567,-1.0834765365502694,2.122891221878868,2.6199199099135195,1.1631084750809877
86.0,216.0,1226.7078857421875,-3.352700268928837,1.4995347634594425,1.735005102395289,1.8724977785230368,0.757724307333273,-1.339330911054992,-1.083259937772248,2.1228912136684888,2.6198521949187312,1.1592184259509364
86.0,216.0,1226.7081298828125,-3.352696860102667,1.4994014816544696,1.735005102395289,1.9068083952706656,0.7578965555378235,-1.3396149749073272,-1.0832605296201705,2.122891215810972,2.620094779773719,1.163108120558762
86.0,216.0,1226.70849609375,-3.352696860102667,1.4994053038542718,1.735005102395289,1.875501776823732,0.7577294301488506,-1.3396149749073272,-1.0834692536712505,2.122891213670864,2.6200786795870217,1.1631081525592637
86.0,216.0,1226.70849609375,-3.352696860102667,1.4994053038542718,1.735005102395289,1.875501776823732,0.7577294301488506,-1.3396149749073272,-1.0834692536712505,2.122891213670864,2.6200786795870217,1.1631081525592637
86.0,216.0,1226.70849609375,-3.352696860102667,1.4994053038542718,1.735005102395289,1.875501776823732,0.7577294301488506,-1.3396149749073272,-1.0834692536712505,2.122891213670864,2.6200786795870217,1.1631081525592637
86.0,216.0,1226.7091064453125,-3.352659389368676,1.499543705491975,1.735005102395289,1.875501776823732,0.7579019188552022,-1.3396149749073272,-1.083252495421512,2.122891213670864,2.6200786795870217,1.1631090769155872
86.0,216.0,1226.709228515625,-3.352696860102667,1.4994014816544696,1.735005102395289,1.9068083952706656,0.7577294301488506,-1.3396149749073272,-1.0834624415278713,2.12289121366637,2.6200786795870217,1.1631080965898617
86.0,216.0,1226.710205078125,-3.352675472333549,1.4994053184902016,1.735005102395289,1.8741598523291607,0.7577259640019617,-1.3394439013815085,-1.0832909177840122,2.122891212330785,2.6198796509618623,1.16310814405901
86.0,216.0,1226.7109375,-3.352660459752716,1.499543705491975,1.735005102395289,1.875444713185736,0.757726034623895,-1.3396226492388,-1.083249978858533,2.12289121366063,2.6200786795870217,1.1631090422105803
86.0,216.0,1226.7120361328125,-3.3526724118755213,1.4995563914913923,1.7350051060919711,1.8741601885479904,0.7579074620205462,-1.339441531153319,-1.0832585378655255,2.122891222530366,2.6199199099135195,1.1631090219419833
86.0,216.0,1226.7135009765625,-3.3526724118755213,1.4995563914913923,1.7350051060919711,1.8741601885479904,0.7577289498760096,-1.3394446643579567,-1.0832602727341043,2.122891221878868,2.6199199099135195,1.1631084750809877
86.0,216.0,1226.715576171875,-3.352672177496614,1.499543705491975,1.735005102395289,1.8741804678459864,0.757739537750989,-1.339611468546567,-1.083252495421512,2.122891213670864,2.619931151075788,1.1631090769155872
86.0,216.0,1226.71826171875,-3.3526916180391377,1.4992166410033976,1.735005102395289,1.8722386733189564,0.7577398312938687,-1.3396206397258503,-1.0832898699192934,2.1228912136604703,2.619670958598375,1.1631081599124546
86.0,216.0,1226.7183837890625,-3.352696630462515,1.4992166410033976,1.735005102395289,1.8722386733189564,0.7577398312938687,-1.3396206397258503,-1.0832898699192934,2.1228912136604703,2.619670958598375,1.163108159901166
86.0,216.0,1226.718994140625,-3.35265826055623,1.4995518931097296,1.735005102395289,1.8728534981320968,0.7578988311862719,-1.3393223158336942,-1.08326049844894,2.122825758667914,2.6198843204702817,1.1631081386703086
86.0,216.0,1226.720703125,-3.352697460607469,1.4994045176503257,1.735005102395289,1.87285571231361,0.7578988311862719,-1.339611724134414,-1.0832898374055433,2.122825758667914,2.6198843204702817,1.1631081386703086
86.0,216.0,1226.720703125,-3.352697461718872,1.4994045030143957,1.735005102395289,1.872862695626319,0.7578971034287324,-1.339611724134414,-1.0832898374055433,2.122825758667914,2.6198843204702817,1.1631081386703086
86.0,216.0,1226.7210693359375,-3.352659565045931,1.4992328340800782,1.735005102395289,1.876794508720425,0.7577289498760096,-1.3393224588920465,-1.0832599794880176,2.122891213860179,2.621212641318432,1.1631090838891442
86.0,216.0,1226.721923828125,-3.352718433812722,1.4992330420691702,1.735005102395289,1.872535499616027,0.7577242362444222,-1.3396386817227657,-1.0832909177840122,2.122891212336753,2.6198809546644264,1.1631081408953456
86.0,216.0,1226.72265625,-3.352672130325212,1.4995407624307582,1.735005102395289,1.87285571231361,0.7579004419651189,-1.3396114618036736,-1.0832506846938736,2.122825758667914,2.6198843204702817,1.1631090521723506
86.0,216.0,1226.723388671875,-3.352659565045931,1.4995476136098524,1.735005102395289,1.8722733360073829,0.7577289498760096,-1.339619708237626,-1.0832920028565822,2.122891213864772,2.619683027484286,1.1631090838891442
86.0,216.0,1226.723876953125,-3.3526605999791674,1.4993888493937333,1.735005102395289,1.8719322027509908,0.7578913992002783,-1.3395052480827023,-1.0832586242003026,2.1228911638690184,2.6198249053282825,1.1631090509975008
86.0,216.0,1226.72412109375,-3.3526975773450407,1.4994053038542718,1.735005102395289,1.872535499616027,0.7577242362444222,-1.339611724134414,-1.0832909177840122,2.122891212330785,2.6198809546644264,1.16310814405901
86.0,216.0,1226.72412109375,-3.352697576233638,1.4994053184902016,1.735005102395289,1.872528516303318,0.7577259640019617,-1.339611724134414,-1.0832909177840122,2.122891212330785,2.6198809546644264,1.16310814405901
86.0,216.0,1226.72412109375,-3.3526605999791674,1.4994006571496286,1.735005102395289,1.8719322027509908,0.7578913992002783,-1.339504590115658,-1.0832586242003026,2.1228911638690184,2.6198249053282825,1.1631090509975008
86.0,216.0,1226.72412109375,-3.352697576289598,1.4994053184844829,1.735005102395289,1.872528516303318,0.7577259640019617,-1.339611724134414,-1.0832909177840122,2.122891212330785,2.6198809546644264,1.16310814405901
86.0,216.0,1226.724365234375,-3.352718433812722,1.4994053038542718,1.735005102395289,1.872535499616027,0.7577242362444222,-1.339611724134414,-1.0832909177840122,2.122891212336753,2.6198809546644264,1.1631081408953456
86.0,216.0,1226.724365234375,-3.352718433812722,1.4994053038542718,1.735005102395289,1.872535499616027,0.7577242362444222,-1.339611724134414,-1.0832909177840122,2.122891212336753,2.6198809546644264,1.1631081408953456
86.0,216.0,1226.724365234375,-3.3527182944959693,1.4994053038542718,1.735005102395289,1.8725349709966688,0.7577242362444222,-1.339611724134414,-1.0832909177840122,2.122891212336753,2.6198809546644264,1.1631081408953456
86.0,216.0,1226.7249755859375,-3.352659565045931,1.4995476136098524,1.735005102395289,1.8770315193200444,0.7577289498760096,-1.3393270862300062,-1.083260163727244,2.1228912138589804,2.621227229402761,1.1631090838891442
86.0,216.0,1226.7255859375,-3.3526605999791674,1.4994006571496286,1.735005102395289,1.8719322027509908,0.7577128870557417,-1.339507723320296,-1.0832603590688816,2.122891163217519,2.6198249053282825,1.1631085041365048
86.0,216.0,1226.7274169921875,-3.3526945157756107,1.4995563914913923,1.7350051060919711,1.8725288525221475,0.7577289498760096,-1.3396124871108626,-1.0832602727341043,2.122891221878868,2.619921213616084,1.1631084750809877
86.0,216.0,1226.7281494140625,-3.352659565045931,1.4995547123164483,1.735005102399007,1.876469985546306,0.7577289498760096,-1.3393224588920465,-1.083259985049629,2.122891213858832,2.621212641318432,1.1631090846743406
86.0,216.0,1226.7281494140625,-3.352659565045931,1.4992404342665804,1.735005102395289,1.875684547878067,0.7577294338250188,-1.3393224588920465,-1.0832599794880176,2.122891214092932,2.621214022976573,1.1631090837361222
86.0,216.0,1226.728271484375,-3.352659565045931,1.4995498497403812,1.735005102395289,1.8764412364058871,0.7577294443533082,-1.3393225877948216,-1.083259985210275,2.122891213860179,2.6212140154532007,1.1631090846634136
86.0,216.0,1226.728759765625,-3.3526724118755213,1.4995476136098524,1.735005102395289,1.8722733360073829,0.7577289498760096,-1.33959795435193,-1.0832602727341043,2.122891213860179,2.6199199099135195,1.1631084734629635
86.0,216.0,1226.730712890625,-3.352682434665186,1.4995392426881091,1.735005102395289,1.876937312535405,0.7578886626645643,-1.339627492052723,-1.083259512986031,2.12289121333316,2.621342263124888,1.163109047671724
86.0,216.0,1226.7308349609375,-3.352696778984735,1.4994053038542718,1.735005102395289,1.8716218683011088,0.7577287560585693,-1.339611724134414,-1.0832909177840122,2.122891212336753,2.6198809546644264,1.1631081408953456
86.0,216.0,1226.7325439453125,-3.352659565045931,1.4995341785632357,1.735005102395289,1.875509371308445,0.7578960069388655,-1.3393097583862714,-1.0832599794880176,2.1228912138591864,2.6212140154532007,1.1631090586811372
86.0,216.0,1226.73291015625,-3.352659518979743,1.4995498370729416,1.735005102395289,1.875509371308445,0.757891279370158,-1.3393160884766375,-1.0832583775287163,2.122891213774692,2.6212140154532007,1.163109058468292
86.0,216.0,1226.73291015625,-3.352659518979743,1.4995498370729416,1.735005102395289,1.875509371308445,0.757891279370158,-1.3393148230071852,-1.0832583775287163,2.122891213869467,2.6212140154532007,1.1631090829670168
86.0,217.0,1226.5404052734375,-3.352696630462515,1.4776743620339312,1.735005102395289,1.872210812621524,0.7577398312938687,-1.3396206397258503,-1.0832898699192934,2.1228912137022307,2.6196543875279468,1.163108159901166
86.0,217.0,1226.69189453125,-3.352696630462515,1.4992166410033976,1.735005102395289,1.8755622179266511,0.7577398312938687,-1.3393158335815272,-1.0832898699192934,2.122891213772544,2.619670958598375,1.163108159901166
86.0,217.0,1226.6942138671875,-3.3526605999791674,1.4995392426881091,1.735005102395289,1.876937312535405,0.7578996969445783,-1.3395776289009835,-1.0832586242003026,2.1228911638690184,2.619821789879725,1.163109047671724
86.0,217.0,1226.6942138671875,-3.3526605999791674,1.4995392426881091,1.735005102395289,1.876937312535405,0.7578996969445783,-1.3395776289009835,-1.0832586242003026,2.1228911638690184,2.619821789879725,1.163109047671724
86.0,217.0,1226.6943359375,-3.3526605963140512,1.499539130026182,1.735005102395289,1.876937312535405,0.7578996969445783,-1.3395776289009835,-1.0832523646166323,2.122891163711053,2.619821789879725,1.1631090778078716
86.0,217.0,1226.6943359375,-3.352660479059349,1.499538970543406,1.735005102395289,1.876937312535405,0.7578996969445783,-1.3395776289009835,-1.0832604725122974,2.1228911638690184,2.619821789879725,1.1631081283166993
86.0,217.0,1226.6961669921875,-3.352660880572077,1.4995476136098524,1.735005102395289,1.8756897615906705,0.7577294328488086,-1.3393122371430768,-1.083260278559824,2.122891213864772,2.619683027484286,1.1631090838975071
86.0,217.0,1226.6962890625,-3.352659565045931,1.4995476136098524,1.735005102395289,1.8756896556107403,0.7577294329336126,-1.3393203703921046,-1.083260278559824,2.122891213864772,2.619683027484286,1.1631090838975071
86.0,217.0,1226.69970703125,-3.352659565045931,1.4995341785632357,1.735005102395289,1.875509371308445,0.7578960069388655,-1.3393097583862714,-1.0832599583771885,2.122891162350495,2.619860501986723,1.1631090586811372
86.0,217.0,1226.69970703125,-3.352659565045931,1.4995341785632357,1.735005102395289,1.875509371308445,0.7578960069388655,-1.3393097583862714,-1.0832599583771885,2.122891162350495,2.619860501986723,1.1631090586811372
86.0,217.0,1226.69970703125,-3.352659565045931,1.4995460881530218,1.735005102395289,1.8758970891766424,0.7577294329336126,-1.3393203703921046,-1.083260015229265,2.122891213864772,2.6198870585267606,1.1631090344891737
86.0,217.0,1226.7017822265625,-3.352673178412256,1.4994053031427352,1.735005102395289,1.875505746753336,0.7577294301488506,-1.339453799986366,-1.0832942142262685,2.1228912123698582,2.6198871734438867,1.1631081525592637
86.0,217.0,1226.7027587890625,-3.352689912067488,1.4995399335292685,1.735005102395289,1.875331959134717,0.7577264401949843,-1.3396212752283445,-1.0832909212869442,2.1228912136572182,2.619672812149101,1.1631090657495713
86.0,217.0,1226.702880859375,-3.3526980521250245,1.49924001435359,1.735005102395289,1.872518677595283,0.757724307333273,-1.339330911054992,-1.0832599794880176,2.1228912138758584,2.619850930591808,1.1594221982921968
86.0,217.0,1226.70556640625,-3.352657172564862,1.4992489563861229,1.735005102395289,1.875522675895977,0.7579019188552022,-1.3396149749073272,-1.0832525371372814,2.122891213878234,2.620077415260099,1.163312849256848
86.0,217.0,1226.7056884765625,-3.352660618667105,1.4995399335292685,1.735005102395289,1.875331959134717,0.7577192943389247,-1.33961159240494,-1.0832897770432328,2.1228911611503323,2.619825390847009,1.1631090657495713
86.0,217.0,1226.7069091796875,-3.352659076075233,1.4995399335292685,1.735005102395289,1.875331959134717,0.7577260188539756,-1.33961128865978,-1.0832909177840122,2.1228912136572182,2.6198809546644264,1.1631090657495713
86.0,217.0,1226.7078857421875,-3.3526724118755213,1.4992104571385003,1.7350051060919711,1.8741630823888749,0.7577289498760096,-1.3394446643579567,-1.0834765365502694,2.122891221878868,2.6199199099135195,1.1631084750809877
86.0,217.0,1226.7078857421875,-3.352700268928837,1.4995347634594425,1.735005102395289,1.8724977785230368,0.757724307333273,-1.339330911054992,-1.083259937772248,2.1228912136684888,2.6198521949187312,1.1592184259509364
86.0,217.0,1226.7081298828125,-3.352696860102667,1.4994014816544696,1.735005102395289,1.9068083952706656,0.7578965555378235,-1.3396149749073272,-1.0832605296201705,2.122891215810972,2.620094779773719,1.163108120558762
86.0,217.0,1226.70849609375,-3.352696860102667,1.4994053038542718,1.735005102395289,1.875501776823732,0.7577294301488506,-1.3396149749073272,-1.0834692536712505,2.122891213670864,2.6200786795870217,1.1631081525592637
86.0,217.0,1226.70849609375,-3.352696860102667,1.4994053038542718,1.735005102395289,1.875501776823732,0.7577294301488506,-1.3396149749073272,-1.0834692536712505,2.122891213670864,2.6200786795870217,1.1631081525592637
86.0,217.0,1226.70849609375,-3.352696860102667,1.4994053038542718,1.735005102395289,1.875501776823732,0.7577294301488506,-1.3396149749073272,-1.0834692536712505,2.122891213670864,2.6200786795870217,1.1631081525592637
86.0,217.0,1226.70849609375,-3.352696860102667,1.4994053038542718,1.735005102395289,1.875501776823732,0.7577294301488506,-1.339614815376551,-1.0834744517449142,2.122891213670864,2.6200786795870217,1.1631081405389068
86.0,217.0,1226.7091064453125,-3.352659389368676,1.499543705491975,1.735005102395289,1.875501776823732,0.7579019188552022,-1.3396149749073272,-1.083252495421512,2.122891213670864,2.6200786795870217,1.1631090769155872
86.0,217.0,1226.709228515625,-3.352696860102667,1.4994014816544696,1.735005102395289,1.9068083952706656,0.7577294301488506,-1.3396149749073272,-1.0834624415278713,2.12289121366637,2.6200786795870217,1.1631080965898617
86.0,217.0,1226.710205078125,-3.352675472333549,1.4994053184902016,1.735005102395289,1.8741598523291607,0.7577259640019617,-1.3394439013815085,-1.0832909177840122,2.122891212330785,2.6198796509618623,1.16310814405901
86.0,217.0,1226.7109375,-3.352660459752716,1.499543705491975,1.735005102395289,1.875444713185736,0.757726034623895,-1.3396226492388,-1.083249978858533,2.12289121366063,2.6200786795870217,1.1631090422105803
86.0,217.0,1226.7120361328125,-3.3526724118755213,1.4995563914913923,1.7350051060919711,1.8741601885479904,0.7579074620205462,-1.339441531153319,-1.0832585378655255,2.122891222530366,2.6199199099135195,1.1631090219419833
86.0,217.0,1226.7135009765625,-3.3526724118755213,1.4995563914913923,1.7350051060919711,1.8741601885479904,0.7577289498760096,-1.3394446643579567,-1.0832602727341043,2.122891221878868,2.6199199099135195,1.1631084750809877
86.0,217.0,1226.713623046875,-3.352697576289598,1.499414750581839,1.735005102395289,1.874169892591624,0.7577288864342332,-1.339611724134414,-1.0832909177840122,2.122891212330785,2.619920297621812,1.16310814405901
86.0,217.0,1226.715576171875,-3.352672177496614,1.499543705491975,1.735005102395289,1.8741804678459864,0.757739537750989,-1.339611468546567,-1.083252495421512,2.122891213670864,2.619931151075788,1.1631090769155872
86.0,217.0,1226.71826171875,-3.3526916180391377,1.4992166410033976,1.735005102395289,1.8722386733189564,0.7577398312938687,-1.3396206397258503,-1.0832898699192934,2.1228912136604703,2.619670958598375,1.1631081599124546
86.0,217.0,1226.71826171875,-3.3526724118755213,1.4992010250411445,1.7350051060919711,1.8725217061005688,0.757726027443738,-1.3394446643579567,-1.0834765365502694,2.122891221878868,2.619880566956134,1.1631084750809877
86.0,217.0,1226.7183837890625,-3.352696630462515,1.4992166410033976,1.735005102395289,1.8722386733189564,0.7577398312938687,-1.3396206397258503,-1.0832898699192934,2.1228912136604703,2.619670958598375,1.163108159901166
86.0,217.0,1226.718994140625,-3.35265826055623,1.4995518931097296,1.735005102395289,1.8728534981320968,0.7578988311862719,-1.3393223158336942,-1.08326049844894,2.122825758667914,2.6198843204702817,1.1631081386703086
86.0,217.0,1226.720703125,-3.352697460607469,1.4994045176503257,1.735005102395289,1.87285571231361,0.7578988311862719,-1.339611724134414,-1.0832898374055433,2.122825758667914,2.6198843204702817,1.1631081386703086
86.0,217.0,1226.720703125,-3.352697461718872,1.4994045030143957,1.735005102395289,1.872862695626319,0.7578971034287324,-1.339611724134414,-1.0832898374055433,2.122825758667914,2.6198843204702817,1.1631081386703086
86.0,217.0,1226.720703125,-3.352697460607469,1.4994045176503257,1.735005102395289,1.87285571231361,0.7578988311862719,-1.339611724134414,-1.0832898374055433,2.122825758667914,2.6198843204702817,1.1631081386703086
86.0,217.0,1226.720947265625,-3.352697576233638,1.4992087133097427,1.735005102395289,1.872528516303318,0.7577259640019617,-1.339611724134414,-1.083290832413914,2.122891212340126,2.6198809546644264,1.1631081440878626
86.0,217.0,1226.7210693359375,-3.352659565045931,1.4992328340800782,1.735005102395289,1.876794508720425,0.7577289498760096,-1.3393224588920465,-1.0832599794880176,2.122891213860179,2.621212641318432,1.1631090838891442
86.0,217.0,1226.7210693359375,-3.352659565045931,1.4992328340800782,1.735005102395289,1.876794508720425,0.7577289498760096,-1.3393224588920465,-1.0832599794880176,2.122891213860179,2.621212641318432,1.1631090838891442
86.0,217.0,1226.721435546875,-3.352696630462515,1.4994132461838563,1.735005102395289,1.8722386733189564,0.7577398312938687,-1.3396206397258503,-1.0832899552893918,2.1228912136511298,2.619670958598375,1.1631081598723136
86.0,217.0,1226.721923828125,-3.352718433812722,1.4992330420691702,1.735005102395289,1.872535499616027,0.7577242362444222,-1.3396386817227657,-1.0832909177840122,2.122891212336753,2.6198809546644264,1.1631081408953456
86.0,217.0,1226.72265625,-3.352672130325212,1.4995407624307582,1.735005102395289,1.87285571231361,0.7579004419651189,-1.3396114618036736,-1.0832506846938736,2.122825758667914,2.6198843204702817,1.1631090521723506
86.0,217.0,1226.723388671875,-3.352659565045931,1.4995476136098524,1.735005102395289,1.8722733360073829,0.7577289498760096,-1.339619708237626,-1.0832920028565822,2.122891213864772,2.619683027484286,1.1631090838891442
86.0,217.0,1226.7236328125,-3.3527152967149947,1.4995341785632357,1.735005102395289,1.872134595342352,0.7578960069388655,-1.3393097583862714,-1.0832599583771885,2.122891162350495,2.619860501986723,1.1631090471811918
86.0,217.0,1226.723876953125,-3.3526605999791674,1.4993888493937333,1.735005102395289,1.8719322027509908,0.7578913992002783,-1.3395052480827023,-1.0832586242003026,2.1228911638690184,2.6198249053282825,1.1631090509975008
86.0,217.0,1226.72412109375,-3.3526975773450407,1.4994053038542718,1.735005102395289,1.872535499616027,0.7577242362444222,-1.339611724134414,-1.0832909177840122,2.122891212330785,2.6198809546644264,1.16310814405901
86.0,217.0,1226.72412109375,-3.352697576233638,1.4994053184902016,1.735005102395289,1.872528516303318,0.7577259640019617,-1.339611724134414,-1.0832909177840122,2.122891212330785,2.6198809546644264,1.16310814405901
86.0,218.0,1226.5404052734375,-3.352696630462515,1.4776743620339312,1.735005102395289,1.872210812621524,0.7577398312938687,-1.3396206397258503,-1.0832898699192934,2.1228912137022307,2.6196543875279468,1.163108159901166
86.0,218.0,1226.69189453125,-3.352696630462515,1.4992166410033976,1.735005102395289,1.8755622179266511,0.7577398312938687,-1.3393158335815272,-1.0832898699192934,2.122891213772544,2.619670958598375,1.163108159901166
86.0,218.0,1226.693115234375,-3.3526605999791674,1.499552801648803,1.735005102395289,1.8771780414239123,0.7579005437921291,-1.3395794060006108,-1.0832586242003026,2.1228911638690184,2.6198208185099463,1.163109024805193
86.0,218.0,1226.6942138671875,-3.3526605999791674,1.4995392426881091,1.735005102395289,1.876937312535405,0.7578996969445783,-1.3395776289009835,-1.0832586242003026,2.1228911638690184,2.619821789879725,1.163109047671724
86.0,218.0,1226.6942138671875,-3.3526605999791674,1.4995392426881091,1.735005102395289,1.876937312535405,0.7578996969445783,-1.3395776289009835,-1.0832586242003026,2.1228911638690184,2.619821789879725,1.163109047671724
86.0,218.0,1226.6943359375,-3.3526605963140512,1.499539130026182,1.735005102395289,1.876937312535405,0.7578996969445783,-1.3395776289009835,-1.0832523646166323,2.122891163711053,2.619821789879725,1.1631090778078716
86.0,218.0,1226.6943359375,-3.352660479059349,1.499538970543406,1.735005102395289,1.876937312535405,0.7578996969445783,-1.3395776289009835,-1.0832604725122974,2.1228911638690184,2.619821789879725,1.1631081283166993
86.0,218.0,1226.6944580078125,-3.3526605963140512,1.4995341631847845,1.735005102395289,1.876937312535405,0.7578996969445783,-1.3395972993181335,-1.0832598350474711,2.122891163711053,2.619821789879725,1.163109059786969
86.0,218.0,1226.6944580078125,-3.352660902291088,1.4995478251273726,1.735005102395289,1.876937312535405,0.7578996969445783,-1.3395776289009835,-1.0832602991917566,2.12289121460241,2.619821789879725,1.163109047671724
86.0,218.0,1226.695068359375,-3.3526605999791674,1.4995392426881091,1.735005102395289,1.876804046993913,0.7578996969445783,-1.3395776289009835,-1.0832524318743926,2.122891215208756,2.619821789879725,1.163109047671724
86.0,218.0,1226.6961669921875,-3.352660880572077,1.4995476136098524,1.735005102395289,1.8756897615906705,0.7577294328488086,-1.3393122371430768,-1.083260278559824,2.122891213864772,2.619683027484286,1.1631090838975071
86.0,218.0,1226.6962890625,-3.352659565045931,1.4995476136098524,1.735005102395289,1.8756896556107403,0.7577294329336126,-1.3393203703921046,-1.083260278559824,2.122891213864772,2.619683027484286,1.1631090838975071
86.0,218.0,1226.6964111328125,-3.352696876802121,1.4992140617057932,1.735005102395289,1.8755622179266511,0.7577289010299676,-1.339627608456565,-1.0832898699192934,2.1228912136716525,2.6196706126502027,1.1631081510976733
86.0,218.0,1226.69970703125,-3.352659565045931,1.4995341785632357,1.735005102395289,1.875509371308445,0.7578960069388655,-1.3393097583862714,-1.0832599583771885,2.122891162350495,2.619860501986723,1.1631090586811372
86.0,218.0,1226.69970703125,-3.352659565045931,1.4995341785632357,1.735005102395289,1.875509371308445,0.7578960069388655,-1.3393097583862714,-1.0832599583771885,2.122891162350495,2.619860501986723,1.1631090586811372
86.0,218.0,1226.69970703125,-3.352659565045931,1.4995460881530218,1.735005102395289,1.8758970891766424,0.7577294329336126,-1.3393203703921046,-1.083260015229265,2.122891213864772,2.6198870585267606,1.1631090344891737
86.0,218.0,1226.699951171875,-3.3526975057203696,1.4995460881530218,1.735005102395289,1.8758970891766424,0.7577294329336126,-1.3393203703921046,-1.083260015229265,2.122891213864772,2.6198870585267606,1.1631090260482675
86.0,218.0,1226.700927734375,-3.3526595839132898,1.499543705491975,1.735005102395289,1.875501776823732,0.75773855969807,-1.3396149749073272,-1.0832602055346752,2.122891213664471,2.619658382622036,1.1631090769155872
86.0,218.0,1226.70166015625,-3.352696832513855,1.4995341785632357,1.735005102395289,1.87550214482586,0.7577370558406911,-1.3393204399671517,-1.0832599583771885,2.122891216309754,2.619860501986723,1.1631090586811372
86.0,218.0,1226.7017822265625,-3.352673178412256,1.4994053031427352,1.735005102395289,1.875505746753336,0.7577294301488506,-1.339453799986366,-1.0832942142262685,2.1228912123698582,2.6198871734438867,1.1631081525592637
86.0,218.0,1226.7027587890625,-3.352689912067488,1.4995399335292685,1.735005102395289,1.875331959134717,0.7577264401949843,-1.3396212752283445,-1.0832909212869442,2.1228912136572182,2.619672812149101,1.1631090657495713
86.0,218.0,1226.702880859375,-3.3526980521250245,1.49924001435359,1.735005102395289,1.872518677595283,0.757724307333273,-1.339330911054992,-1.0832599794880176,2.1228912138758584,2.619850930591808,1.1594221982921968
86.0,218.0,1226.7030029296875,-3.35269804617602,1.499236113771535,1.735005102395289,1.8726241113785944,0.757724307333273,-1.3394366524622112,-1.0832599794880176,2.1228912138758584,2.619850930591808,1.1594003927833916
86.0,218.0,1226.703857421875,-3.35267404291534,1.4994053031427352,1.735005102395289,1.8755381065253087,0.7577294301488506,-1.3396142989957545,-1.0832942634789315,2.122891212385889,2.6198871734438867,1.1631081525592637
86.0,218.0,1226.7041015625,-3.3526966137630607,1.4994078831518762,1.735005102395289,1.875501776823732,0.7577403604127518,-1.3393032000322893,-1.0834692536712505,2.1228912137717546,2.620079025535194,1.1631081613627563
86.0,218.0,1226.705078125,-3.352696860102667,1.4994053038542718,1.7350051063851664,1.875482708302601,0.7577294313122341,-1.3396149749073272,-1.0834692850477194,2.122891213670864,2.6199207609049893,1.1631081525592637
86.0,218.0,1226.7052001953125,-3.352697460607469,1.4984110928005634,1.735005102395289,1.872832883068226,0.7578988311862719,-1.3396117532080554,-1.0832898376550462,2.122825758667914,2.619886348382164,1.163108164396175
86.0,218.0,1226.70556640625,-3.352657172564862,1.4992489563861229,1.735005102395289,1.875522675895977,0.7579019188552022,-1.3396149749073272,-1.0832525371372814,2.122891213878234,2.620077415260099,1.163312849256848
86.0,218.0,1226.70556640625,-3.3526569821461165,1.4992489563861229,1.735005102395289,1.875515969713935,0.7579019188552022,-1.3396117233921176,-1.0832531054387242,2.122891213878234,2.620077415260099,1.1633040268074044
86.0,218.0,1226.7056884765625,-3.352660618667105,1.4995399335292685,1.735005102395289,1.875331959134717,0.7577192943389247,-1.33961159240494,-1.0832897770432328,2.1228911611503323,2.619825390847009,1.1631090657495713
86.0,218.0,1226.7066650390625,-3.352659592634743,1.4994053038542718,1.735005102395289,1.8755090033063169,0.7578883812470252,-1.339604293326447,-1.0834692536712505,2.1228911597116045,2.6200786795870217,1.1631081525592637
86.0,218.0,1226.7069091796875,-3.352659076075233,1.4995399335292685,1.735005102395289,1.875331959134717,0.7577260188539756,-1.33961128865978,-1.0832909177840122,2.1228912136572182,2.6198809546644264,1.1631090657495713
86.0,218.0,1226.7078857421875,-3.3526724118755213,1.4992104571385003,1.7350051060919711,1.8741630823888749,0.7577289498760096,-1.3394446643579567,-1.0834765365502694,2.122891221878868,2.6199199099135195,1.1631084750809877
86.0,218.0,1226.7078857421875,-3.352700268928837,1.4995347634594425,1.735005102395289,1.8724977785230368,0.757724307333273,-1.339330911054992,-1.083259937772248,2.1228912136684888,2.6198521949187312,1.1592184259509364
86.0,218.0,1226.7081298828125,-3.352696860102667,1.4994014816544696,1.735005102395289,1.9068083952706656,0.7578965555378235,-1.3396149749073272,-1.0832605296201705,2.122891215810972,2.620094779773719,1.163108120558762
86.0,218.0,1226.70849609375,-3.352696860102667,1.4994053038542718,1.735005102395289,1.875501776823732,0.7577294301488506,-1.3396149749073272,-1.0834692536712505,2.122891213670864,2.6200786795870217,1.1631081525592637
86.0,218.0,1226.70849609375,-3.352696860102667,1.4994053038542718,1.735005102395289,1.875501776823732,0.7577294301488506,-1.3396149749073272,-1.0834692536712505,2.122891213670864,2.6200786795870217,1.1631081525592637
86.0,218.0,1226.70849609375,-3.352696860102667,1.4994053038542718,1.735005102395289,1.875501776823732,0.7577294301488506,-1.3396149749073272,-1.0834692536712505,2.122891213670864,2.6200786795870217,1.1631081525592637
86.0,218.0,1226.70849609375,-3.352696860102667,1.4994053038542718,1.735005102395289,1.875501776823732,0.7577294301488506,-1.339614815376551,-1.0834744517449142,2.122891213670864,2.6200786795870217,1.1631081405389068
86.0,218.0,1226.7091064453125,-3.352659389368676,1.499543705491975,1.735005102395289,1.875501776823732,0.7579019188552022,-1.3396149749073272,-1.083252495421512,2.122891213670864,2.6200786795870217,1.1631090769155872
86.0,218.0,1226.709228515625,-3.352696860102667,1.4994014816544696,1.735005102395289,1.9068083952706656,0.7577294301488506,-1.3396149749073272,-1.0834624415278713,2.12289121366637,2.6200786795870217,1.1631080965898617
86.0,218.0,1226.70947265625,-3.352660459752716,1.499543705491975,1.735005102395289,1.875444713185736,0.757889989429853,-1.3396146764200807,-1.083260650985561,2.12289121366063,2.6200786795870217,1.163108156766755
86.0,218.0,1226.709716796875,-3.3526754782825545,1.4994092190722563,1.735005102395289,1.8740544185458496,0.7577259640019617,-1.3393381599742888,-1.0832909177840122,2.122891212330785,2.6198796509618623,1.1631299495678151
86.0,218.0,1226.710205078125,-3.352675472333549,1.4994053184902016,1.735005102395289,1.8741598523291607,0.7577259640019617,-1.3394439013815085,-1.0832909177840122,2.122891212330785,2.6198796509618623,1.16310814405901
86.0,218.0,1226.7109375,-3.352660459752716,1.499543705491975,1.735005102395289,1.875444713185736,0.757726034623895,-1.3396226492388,-1.083249978858533,2.12289121366063,2.6200786795870217,1.1631090422105803
86.0,218.0,1226.7120361328125,-3.3526724118755213,1.4995563914913923,1.7350051060919711,1.8741601885479904,0.7579074620205462,-1.339441531153319,-1.0832585378655255,2.122891222530366,2.6199199099135195,1.1631090219419833
86.0,218.0,1226.7135009765625,-3.3526724118755213,1.4995563914913923,1.7350051060919711,1.8741601885479904,0.7577289498760096,-1.3394446643579567,-1.0832602727341043,2.122891221878868,2.6199199099135195,1.1631084750809877
86.0,218.0,1226.7135009765625,-3.3526724118755213,1.4995563914913923,1.7350051060919711,1.8741601885479904,0.7577289498760096,-1.3394446643579567,-1.0832602727341043,2.122891221878868,2.6199199099135195,1.1631084750809877
86.0,218.0,1226.713623046875,-3.352697576289598,1.499414750581839,1.735005102395289,1.874169892591624,0.7577288864342332,-1.339611724134414,-1.0832909177840122,2.122891212330785,2.619920297621812,1.16310814405901
86.0,218.0,1226.715576171875,-3.352672177496614,1.499543705491975,1.735005102395289,1.8741804678459864,0.757739537750989,-1.339611468546567,-1.083252495421512,2.122891213670864,2.619931151075788,1.1631090769155872
86.0,219.0,1226.5404052734375,-3.352696630462515,1.4776743620339312,1.735005102395289,1.872210812621524,0.7577398312938687,-1.3396206397258503,-1.0832898699192934,2.1228912137022307,2.6196543875279468,1.163108159901166
86.0,219.0,1226.54052734375,-3.352696630462515,1.4776743620339312,1.735005102395289,1.872210812621524,0.7577398312938687,-1.339625086300256,-1.0832923658149989,2.122891164801614,2.6196543875279468,1.163108159901166
86.0,219.0,1226.685302734375,-3.352700473872397,1.49952225504904,1.735005102395289,1.8755988448434475,0.757724307333273,-1.339330911054992,-1.0832529401138995,2.1228912136684888,2.6198521949187312,1.1594150371018876
86.0,219.0,1226.69189453125,-3.352696630462515,1.4992166410033976,1.735005102395289,1.8755622179266511,0.7577398312938687,-1.3393158335815272,-1.0832898699192934,2.122891213772544,2.619670958598375,1.163108159901166
86.0,219.0,1226.693115234375,-3.3526605999791674,1.499552801648803,1.735005102395289,1.8771780414239123,0.7579005437921291,-1.3395794060006108,-1.0832586242003026,2.1228911638690184,2.6198208185099463,1.163109024805193
86.0,219.0,1226.6942138671875,-3.3526605999791674,1.4995392426881091,1.735005102395289,1.876937312535405,0.7578996969445783,-1.3395776289009835,-1.0832586242003026,2.1228911638690184,2.619821789879725,1.163109047671724
86.0,219.0,1226.6942138671875,-3.3526605999791674,1.4995392426881091,1.735005102395289,1.876937312535405,0.7578996969445783,-1.3395776289009835,-1.0832586242003026,2.1228911638690184,2.619821789879725,1.163109047671724
86.0,219.0,1226.6942138671875,-3.3526605999791674,1.4995392426881091,1.735005102395289,1.876937312535405,0.7578996969445783,-1.3395731823265782,-1.0832561283045974,2.122891212769635,2.619821789879725,1.163109047671724
86.0,219.0,1226.6943359375,-3.3526605963140512,1.499539130026182,1.735005102395289,1.876937312535405,0.7578996969445783,-1.3395776289009835,-1.0832523646166323,2.122891163711053,2.619821789879725,1.1631090778078716
86.0,219.0,1226.6943359375,-3.352660479059349,1.499538970543406,1.735005102395289,1.876937312535405,0.7578996969445783,-1.3395776289009835,-1.0832604725122974,2.1228911638690184,2.619821789879725,1.1631081283166993
86.0,219.0,1226.6943359375,-3.352660596264441,1.499539130026182,1.735005102395289,1.876936688866852,0.7578996969445783,-1.3395776289009835,-1.0832523670825196,2.1228912163664773,2.619821789879725,1.1631090454393078
86.0,219.0,1226.6943359375,-3.3526612304231453,1.4995388717778828,1.735005102395289,1.8768637481555832,0.7579089677123907,-1.339453799986366,-1.0832555589774775,2.1228912123698582,2.61988518769266,1.163109057540999
86.0,219.0,1226.6944580078125,-3.3526605963140512,1.4995341631847845,1.735005102395289,1.876937312535405,0.7578996969445783,-1.3395972993181335,-1.0832598350474711,2.122891163711053,2.619821789879725,1.163109059786969
86.0,219.0,1226.6944580078125,-3.352660902291088,1.4995478251273726,1.735005102395289,1.876937312535405,0.7578996969445783,-1.3395776289009835,-1.0832602991917566,2.12289121460241,2.619821789879725,1.163109047671724
86.0,219.0,1226.695068359375,-3.3526605999791674,1.4995392426881091,1.735005102395289,1.876804046993913,0.7578996969445783,-1.3395776289009835,-1.0832524318743926,2.122891215208756,2.619821789879725,1.163109047671724
86.0,219.0,1226.695068359375,-3.352660600028777,1.4995392426881091,1.735005102395289,1.876804670662466,0.7578996969445783,-1.3395776289009835,-1.0832524294085053,2.122891162553332,2.619821789879725,1.1631090800402877
86.0,219.0,1226.6961669921875,-3.352660880572077,1.4995476136098524,1.735005102395289,1.8756897615906705,0.7577294328488086,-1.3393122371430768,-1.083260278559824,2.122891213864772,2.619683027484286,1.1631090838975071
86.0,219.0,1226.6962890625,-3.352659565045931,1.4995476136098524,1.735005102395289,1.8756896556107403,0.7577294329336126,-1.3393203703921046,-1.083260278559824,2.122891213864772,2.619683027484286,1.1631090838975071
86.0,219.0,1226.6962890625,-3.352660600173252,1.4995476136098524,1.735005102395289,1.8756896556107403,0.7577261946308249,-1.3393203703921046,-1.0832602759314618,2.122891163899706,2.619683027484286,1.1631090581704566
86.0,219.0,1226.6964111328125,-3.352696876802121,1.4992140617057932,1.735005102395289,1.8755622179266511,0.7577289010299676,-1.339627608456565,-1.0832898699192934,2.1228912136716525,2.6196706126502027,1.1631081510976733
86.0,219.0,1226.6964111328125,-3.352696876802121,1.4992140617057932,1.735005102395289,1.8755622179266511,0.7577289010299676,-1.339627608456565,-1.0832898699192934,2.1228912136716525,2.6196706126502027,1.1631081510976733
86.0,219.0,1226.6964111328125,-3.352659072989764,1.4995401270068665,1.735005102395289,1.877101842474712,0.7577260188539756,-1.33961128865978,-1.0832909177840122,2.1228912136572182,2.619876369403228,1.1631090657495713
86.0,219.0,1226.69970703125,-3.352659565045931,1.4995341785632357,1.735005102395289,1.875509371308445,0.7578960069388655,-1.3393097583862714,-1.0832599583771885,2.122891162350495,2.619860501986723,1.1631090586811372
86.0,219.0,1226.69970703125,-3.352659565045931,1.4995341785632357,1.735005102395289,1.875509371308445,0.7578960069388655,-1.3393097583862714,-1.0832599583771885,2.122891162350495,2.619860501986723,1.1631090586811372
86.0,219.0,1226.69970703125,-3.352659565045931,1.4995460881530218,1.735005102395289,1.8758970891766424,0.7577294329336126,-1.3393203703921046,-1.083260015229265,2.122891213864772,2.6198870585267606,1.1631090344891737
86.0,219.0,1226.699951171875,-3.3526975057203696,1.4995460881530218,1.735005102395289,1.8758970891766424,0.7577294329336126,-1.3393203703921046,-1.083260015229265,2.122891213864772,2.6198870585267606,1.1631090260482675
86.0,219.0,1226.7003173828125,-3.3526595502507286,1.4995476136098524,1.735005102395289,1.8755182891457984,0.757728512164282,-1.3396052747384684,-1.0832606964890674,2.122891213864772,2.619633331567725,1.1631090838975071
86.0,219.0,1226.700927734375,-3.3526595839132898,1.499543705491975,1.735005102395289,1.875501776823732,0.75773855969807,-1.3396149749073272,-1.0832602055346752,2.122891213664471,2.619658382622036,1.1631090769155872
86.0,219.0,1226.70166015625,-3.352696832513855,1.4995341785632357,1.735005102395289,1.87550214482586,0.7577370558406911,-1.3393204399671517,-1.0832599583771885,2.122891216309754,2.619860501986723,1.1631090586811372
86.0,219.0,1226.70166015625,-3.352672544303162,1.4994055613910346,1.735005102395289,1.875579311133157,0.7577201593810381,-1.3395776289009835,-1.0832910198654235,2.122891163711053,2.619823775630952,1.163108172826136
86.0,219.0,1226.70166015625,-3.352696832513855,1.4995341785632357,1.735005102395289,1.87550214482586,0.7577370558406911,-1.3393204399671517,-1.0832599583771885,2.122891216309754,2.619860501986723,1.1631090586811372
86.0,219.0,1226.7017822265625,-3.352673178412256,1.4994053031427352,1.735005102395289,1.875505746753336,0.7577294301488506,-1.339453799986366,-1.0832942142262685,2.1228912123698582,2.6198871734438867,1.1631081525592637
86.0,219.0,1226.7017822265625,-3.352696630462515,1.499401221712083,1.735005102395289,1.8765475901769373,0.7577290550007507,-1.3396021437986787,-1.0832943638817216,2.122891213772544,2.620060475582805,1.1631080826568048
86.0,219.0,1226.701904296875,-3.35267362231633,1.4994158151174428,1.735005102395289,1.875505746753336,0.7577294301488506,-1.3394481299757386,-1.0832942142262685,2.1228912123698582,2.619888347526032,1.1631081525592637
86.0,219.0,1226.7027587890625,-3.352689912067488,1.4995399335292685,1.735005102395289,1.875331959134717,0.7577264401949843,-1.3396212752283445,-1.0832909212869442,2.1228912136572182,2.619672812149101,1.1631090657495713
86.0,219.0,1226.702880859375,-3.3526980521250245,1.49924001435359,1.735005102395289,1.872518677595283,0.757724307333273,-1.339330911054992,-1.0832599794880176,2.1228912138758584,2.619850930591808,1.1594221982921968
86.0,219.0,1226.702880859375,-3.3526961872227576,1.4994078831518762,1.735005102395289,1.875501776823732,0.7578942650505394,-1.3393032000322893,-1.0834692536712505,2.122891213887989,2.620079025535194,1.1631081613627563
86.0,219.0,1226.7030029296875,-3.35269804617602,1.499236113771535,1.735005102395289,1.8726241113785944,0.757724307333273,-1.3394366524622112,-1.0832599794880176,2.1228912138758584,2.619850930591808,1.1594003927833916
86.0,219.0,1226.703857421875,-3.35267404291534,1.4994053031427352,1.735005102395289,1.8755381065253087,0.7577294301488506,-1.3396142989957545,-1.0832942634789315,2.122891212385889,2.6198871734438867,1.1631081525592637
86.0,219.0,1226.7041015625,-3.3526966137630607,1.4994078831518762,1.735005102395289,1.875501776823732,0.7577403604127518,-1.3393032000322893,-1.0834692536712505,2.1228912137717546,2.620079025535194,1.1631081613627563
86.0,219.0,1226.705078125,-3.352696860102667,1.4994053038542718,1.7350051063851664,1.875482708302601,0.7577294313122341,-1.3396149749073272,-1.0834692850477194,2.122891213670864,2.6199207609049893,1.1631081525592637
86.0,219.0,1226.7052001953125,-3.352697460607469,1.4984110928005634,1.735005102395289,1.872832883068226,0.7578988311862719,-1.3396117532080554,-1.0832898376550462,2.122825758667914,2.619886348382164,1.163108164396175
86.0,219.0,1226.70556640625,-3.352657172564862,1.4992489563861229,1.735005102395289,1.875522675895977,0.7579019188552022,-1.3396149749073272,-1.0832525371372814,2.122891213878234,2.620077415260099,1.163312849256848
86.0,219.0,1226.70556640625,-3.3526569821461165,1.4992489563861229,1.735005102395289,1.875515969713935,0.7579019188552022,-1.3396117233921176,-1.0832531054387242,2.122891213878234,2.620077415260099,1.1633040268074044
86.0,219.0,1226.7056884765625,-3.352660618667105,1.4995399335292685,1.735005102395289,1.875331959134717,0.7577192943389247,-1.33961159240494,-1.0832897770432328,2.1228911611503323,2.619825390847009,1.1631090657495713
86.0,219.0,1226.7056884765625,-3.352660618667105,1.4995399335292685,1.735005102395289,1.875331959134717,0.7577192943389247,-1.33961159240494,-1.0832897770432328,2.1228911611503323,2.619825390847009,1.1631090657495713
86.0,219.0,1226.7066650390625,-3.352659592634743,1.4994053038542718,1.735005102395289,1.8755090033063169,0.7578883812470252,-1.339604293326447,-1.0834692536712505,2.1228911597116045,2.6200786795870217,1.1631081525592637
86.0,219.0,1226.7069091796875,-3.352659076075233,1.4995399335292685,1.735005102395289,1.875331959134717,0.7577260188539756,-1.33961128865978,-1.0832909177840122,2.1228912136572182,2.6198809546644264,1.1631090657495713
86.0,219.0,1226.7078857421875,-3.3526724118755213,1.4992104571385003,1.7350051060919711,1.8741630823888749,0.7577289498760096,-1.3394446643579567,-1.0834765365502694,2.122891221878868,2.6199199099135195,1.1631084750809877
86.0,219.0,1226.7078857421875,-3.352700268928837,1.4995347634594425,1.735005102395289,1.8724977785230368,0.757724307333273,-1.339330911054992,-1.083259937772248,2.1228912136684888,2.6198521949187312,1.1592184259509364
86.0,220.0,1226.5311279296875,-3.3526996083830567,1.4776151547760417,1.735005102395289,1.872047094689163,0.7578960069388655,-1.3393097583862714,-1.0832599583771885,2.1228911619442234,2.619860501986723,1.163108119562353
86.0,220.0,1226.540283203125,-3.3526960982752985,1.4776743620339312,1.735005102395289,1.87542326919475,0.7577398312938687,-1.3396211698122065,-1.0832907975330632,2.122891164801614,2.6196543875279468,1.163108159901166
86.0,220.0,1226.5404052734375,-3.352696630462515,1.4776743620339312,1.735005102395289,1.872210812621524,0.7577398312938687,-1.3396206397258503,-1.0832898699192934,2.1228912137022307,2.6196543875279468,1.163108159901166
86.0,220.0,1226.54052734375,-3.352696630462515,1.4776743620339312,1.735005102395289,1.872210812621524,0.7577398312938687,-1.339625086300256,-1.0832923658149989,2.122891164801614,2.6196543875279468,1.163108159901166
86.0,220.0,1226.6268310546875,-3.3526605999791674,1.494256787458298,1.735005102395289,1.876937312535405,0.7577358547306785,-1.3395776289009835,-1.0832586242003026,2.1228911638684616,2.619821789879725,1.1631090478872017
86.0,220.0,1226.6617431640625,-3.352697511101048,1.4992145823295662,1.735005102395289,1.8758914133587363,0.7577289010299676,-1.3309664450278849,-1.0832617851559123,2.1228912136715303,2.6196706126502027,1.1631090761160865
86.0,220.0,1226.6845703125,-3.3526602366647875,1.499539884477204,1.735005102395289,1.8755988448434475,0.757724307333273,-1.339330911054992,-1.0832529401138995,2.122891163572705,2.619821867180576,1.1594150371018876
86.0,220.0,1226.685302734375,-3.352700473872397,1.49952225504904,1.735005102395289,1.8755988448434475,0.757724307333273,-1.339330911054992,-1.0832529401138995,2.1228912136684888,2.6198521949187312,1.1594150371018876
86.0,220.0,1226.69140625,-3.352696630462515,1.4992166410033976,1.735005102395289,1.875693719857056,0.7577405422697527,-1.3393158335815272,-1.0832898699192934,2.1228912138613514,2.6196833894150298,1.1631090870389524
86.0,220.0,1226.69189453125,-3.352696630462515,1.4992166410033976,1.735005102395289,1.8755622179266511,0.7577398312938687,-1.3393158335815272,-1.0832898699192934,2.122891213772544,2.619670958598375,1.163108159901166
86.0,220.0,1226.693115234375,-3.3526605999791674,1.499552801648803,1.735005102395289,1.8771780414239123,0.7579005437921291,-1.3395794060006108,-1.0832586242003026,2.1228911638690184,2.6198208185099463,1.163109024805193
86.0,220.0,1226.6942138671875,-3.3526605999791674,1.4995392426881091,1.735005102395289,1.876937312535405,0.7578996969445783,-1.3395776289009835,-1.0832586242003026,2.1228911638690184,2.619821789879725,1.163109047671724
86.0,220.0,1226.6942138671875,-3.3526605999791674,1.4995392426881091,1.735005102395289,1.876937312535405,0.7578996969445783,-1.3395776289009835,-1.0832586242003026,2.1228911638690184,2.619821789879725,1.163109047671724
86.0,220.0,1226.6942138671875,-3.3526605999791674,1.4995392426881091,1.735005102395289,1.876937312535405,0.7578996969445783,-1.3395731823265782,-1.0832561283045974,2.122891212769635,2.619821789879725,1.163109047671724
86.0,220.0,1226.6943359375,-3.3526605963140512,1.499539130026182,1.735005102395289,1.876937312535405,0.7578996969445783,-1.3395776289009835,-1.0832523646166323,2.122891163711053,2.619821789879725,1.1631090778078716
86.0,220.0,1226.6943359375,-3.352660479059349,1.499538970543406,1.735005102395289,1.876937312535405,0.7578996969445783,-1.3395776289009835,-1.0832604725122974,2.1228911638690184,2.619821789879725,1.1631081283166993
86.0,220.0,1226.6943359375,-3.352660596264441,1.499539130026182,1.735005102395289,1.876936688866852,0.7578996969445783,-1.3395776289009835,-1.0832523670825196,2.1228912163664773,2.619821789879725,1.1631090454393078
86.0,220.0,1226.6943359375,-3.3526612304231453,1.4995388717778828,1.735005102395289,1.8768637481555832,0.7579089677123907,-1.339453799986366,-1.0832555589774775,2.1228912123698582,2.61988518769266,1.163109057540999
86.0,220.0,1226.6943359375,-3.3526605963140512,1.4995391399419502,1.735005102395289,1.876937312535405,0.7578996969445783,-1.3395776289009835,-1.0832585670424322,2.122891163711053,2.619821789879725,1.1631090778078716
86.0,220.0,1226.6944580078125,-3.3526605963140512,1.4995341631847845,1.735005102395289,1.876937312535405,0.7578996969445783,-1.3395972993181335,-1.0832598350474711,2.122891163711053,2.619821789879725,1.163109059786969
86.0,220.0,1226.6944580078125,-3.352660902291088,1.4995478251273726,1.735005102395289,1.876937312535405,0.7578996969445783,-1.3395776289009835,-1.0832602991917566,2.12289121460241,2.619821789879725,1.163109047671724
86.0,220.0,1226.6944580078125,-3.3526606007156463,1.4995523908508248,1.735005102395289,1.877319209041804,0.7577192943389247,-1.33961159240494,-1.0832582453283564,2.1228911611503323,2.6198252509405138,1.163109065655907
86.0,220.0,1226.6949462890625,-3.352696876802121,1.4992140617057932,1.735005102395289,1.8755622179266511,0.7577288834387079,-1.339322072840771,-1.0832898699192934,2.122891213671533,2.619865425712708,1.162864842322184
86.0,220.0,1226.695068359375,-3.3526605999791674,1.4995392426881091,1.735005102395289,1.876804046993913,0.7578996969445783,-1.3395776289009835,-1.0832524318743926,2.122891215208756,2.619821789879725,1.163109047671724
86.0,220.0,1226.695068359375,-3.352660600028777,1.4995392426881091,1.735005102395289,1.876804670662466,0.7578996969445783,-1.3395776289009835,-1.0832524294085053,2.122891162553332,2.619821789879725,1.1631090800402877
86.0,220.0,1226.695068359375,-3.3526605999791674,1.499539447674621,1.735005102395289,1.8768022468914776,0.7578996969445783,-1.3395776289009835,-1.0832598235142328,2.122891214604977,2.619821789879725,1.163109047671724
86.0,220.0,1226.6961669921875,-3.352660880572077,1.4995476136098524,1.735005102395289,1.8756897615906705,0.7577294328488086,-1.3393122371430768,-1.083260278559824,2.122891213864772,2.619683027484286,1.1631090838975071
86.0,220.0,1226.6962890625,-3.352659565045931,1.4995476136098524,1.735005102395289,1.8756896556107403,0.7577294329336126,-1.3393203703921046,-1.083260278559824,2.122891213864772,2.619683027484286,1.1631090838975071
86.0,220.0,1226.6962890625,-3.352660600173252,1.4995476136098524,1.735005102395289,1.8756896556107403,0.7577261946308249,-1.3393203703921046,-1.0832602759314618,2.122891163899706,2.619683027484286,1.1631090581704566
86.0,220.0,1226.6962890625,-3.352659072989764,1.4995401270068665,1.735005102395289,1.876859350539424,0.7579118011785672,-1.339603330703214,-1.0832556615340363,2.1228912136572182,2.619876369403228,1.1631090657495713
86.0,220.0,1226.6962890625,-3.3526580134693167,1.499558614104303,1.735005102395289,1.8756876481771665,0.7577294329336126,-1.3393062125141424,-1.083260278559824,2.122891211850512,2.619683027484286,1.163109094657902
86.0,220.0,1226.6964111328125,-3.352696876802121,1.4992140617057932,1.735005102395289,1.8755622179266511,0.7577289010299676,-1.339627608456565,-1.0832898699192934,2.1228912136716525,2.6196706126502027,1.1631081510976733
86.0,220.0,1226.6964111328125,-3.352696876802121,1.4992140617057932,1.735005102395289,1.8755622179266511,0.7577289010299676,-1.339627608456565,-1.0832898699192934,2.1228912136716525,2.6196706126502027,1.1631081510976733
86.0,220.0,1226.6964111328125,-3.352659072989764,1.4995401270068665,1.735005102395289,1.877101842474712,0.7577260188539756,-1.33961128865978,-1.0832909177840122,2.1228912136572182,2.619876369403228,1.1631090657495713
86.0,220.0,1226.6973876953125,-3.352660920079528,1.499547407246829,1.735005102395289,1.8769372564952265,0.7577260188539756,-1.33961128865978,-1.0832909177840122,2.122891213658706,2.619875563734188,1.1631090464708531
86.0,220.0,1226.698974609375,-3.352660600028777,1.4995392426881091,1.735005102395289,1.875549422894744,0.7578996969445783,-1.3395776289009835,-1.0832524294085053,2.1228911636405914,2.619667025101033,1.1631081824350962
86.0,220.0,1226.69970703125,-3.352659565045931,1.4995341785632357,1.735005102395289,1.875509371308445,0.7578960069388655,-1.3393097583862714,-1.0832599583771885,2.122891162350495,2.619860501986723,1.1631090586811372
86.0,220.0,1226.69970703125,-3.352659565045931,1.4995341785632357,1.735005102395289,1.875509371308445,0.7578960069388655,-1.3393097583862714,-1.0832599583771885,2.122891162350495,2.619860501986723,1.1631090586811372
86.0,220.0,1226.69970703125,-3.352659565045931,1.4995460881530218,1.735005102395289,1.8758970891766424,0.7577294329336126,-1.3393203703921046,-1.083260015229265,2.122891213864772,2.6198870585267606,1.1631090344891737
86.0,220.0,1226.699951171875,-3.3526975057203696,1.4995460881530218,1.735005102395289,1.8758970891766424,0.7577294329336126,-1.3393203703921046,-1.083260015229265,2.122891213864772,2.6198870585267606,1.1631090260482675
86.0,220.0,1226.7003173828125,-3.3526595502507286,1.4995476136098524,1.735005102395289,1.8755182891457984,0.757728512164282,-1.3396052747384684,-1.0832606964890674,2.122891213864772,2.619633331567725,1.1631090838975071
86.0,220.0,1226.700927734375,-3.3526595839132898,1.499543705491975,1.735005102395289,1.875501776823732,0.75773855969807,-1.3396149749073272,-1.0832602055346752,2.122891213664471,2.619658382622036,1.1631090769155872
86.0,220.0,1226.7015380859375,-3.352662099714927,1.499547020363493,1.735005102395289,1.87550214482586,0.7577294384934644,-1.3393203278727652,-1.0832599583771885,2.122891216326988,2.619860501986723,1.163109084790453
86.0,220.0,1226.70166015625,-3.352696832513855,1.4995341785632357,1.735005102395289,1.87550214482586,0.7577370558406911,-1.3393204399671517,-1.0832599583771885,2.122891216309754,2.619860501986723,1.1631090586811372
86.0,220.0,1226.70166015625,-3.352672544303162,1.4994055613910346,1.735005102395289,1.875579311133157,0.7577201593810381,-1.3395776289009835,-1.0832910198654235,2.122891163711053,2.619823775630952,1.163108172826136
86.0,220.0,1226.70166015625,-3.352696832513855,1.4995341785632357,1.735005102395289,1.87550214482586,0.7577370558406911,-1.3393204399671517,-1.0832599583771885,2.122891216309754,2.619860501986723,1.1631090586811372
86.0,220.0,1226.7017822265625,-3.352673178412256,1.4994053031427352,1.735005102395289,1.875505746753336,0.7577294301488506,-1.339453799986366,-1.0832942142262685,2.1228912123698582,2.6198871734438867,1.1631081525592637
86.0,220.0,1226.7017822265625,-3.352696630462515,1.499401221712083,1.735005102395289,1.8765475901769373,0.7577290550007507,-1.3396021437986787,-1.0832943638817216,2.122891213772544,2.620060475582805,1.1631080826568048
86.0,220.0,1226.701904296875,-3.35267362231633,1.4994158151174428,1.735005102395289,1.875505746753336,0.7577294301488506,-1.3394481299757386,-1.0832942142262685,2.1228912123698582,2.619888347526032,1.1631081525592637
86.0,220.0,1226.7027587890625,-3.352689912067488,1.4995399335292685,1.735005102395289,1.875331959134717,0.7577264401949843,-1.3396212752283445,-1.0832909212869442,2.1228912136572182,2.619672812149101,1.1631090657495713
86.0,221.0,1226.5311279296875,-3.3526996083830567,1.4776151547760417,1.735005102395289,1.872047094689163,0.7578960069388655,-1.3393097583862714,-1.0832599583771885,2.1228911619442234,2.619860501986723,1.163108119562353
86.0,221.0,1226.5389404296875,-3.352695967478855,1.4776743620339312,1.735005102395289,1.872210812621524,0.7577399858497376,-1.339577124999937,-1.0832586112940337,2.122891164801614,2.6196543875279468,1.163108159901166
86.0,221.0,1226.540283203125,-3.3526960982752985,1.4776743620339312,1.735005102395289,1.87542326919475,0.7577398312938687,-1.3396211698122065,-1.0832907975330632,2.122891164801614,2.6196543875279468,1.163108159901166
86.0,221.0,1226.5404052734375,-3.352696630462515,1.4776743620339312,1.735005102395289,1.872210812621524,0.7577398312938687,-1.3396206397258503,-1.0832898699192934,2.1228912137022307,2.6196543875279468,1.163108159901166
86.0,221.0,1226.54052734375,-3.352696630462515,1.4776743620339312,1.735005102395289,1.872210812621524,0.7577398312938687,-1.339625086300256,-1.0832923658149989,2.122891164801614,2.6196543875279468,1.163108159901166
86.0,221.0,1226.6268310546875,-3.3526605999791674,1.494256787458298,1.735005102395289,1.876937312535405,0.7577358547306785,-1.3395776289009835,-1.0832586242003026,2.1228911638684616,2.619821789879725,1.1631090478872017
86.0,221.0,1226.6617431640625,-3.352697511101048,1.4992145823295662,1.735005102395289,1.8758914133587363,0.7577289010299676,-1.3309664450278849,-1.0832617851559123,2.1228912136715303,2.6196706126502027,1.1631090761160865
86.0,221.0,1226.6629638671875,-3.3526982711989324,1.4992145823295662,1.735005102395289,1.8758914133587363,0.7579184551916336,-1.3306225733700372,-1.0832617851559123,2.122891212711831,2.6196687372687624,1.1631090761160865
86.0,221.0,1226.6689453125,-3.3526968989541306,1.4992145908219496,1.735005102395289,1.875896618675859,0.7577289011104763,-1.3309664450278849,-1.0832617851559123,2.1228912136715303,2.6198664143507657,1.163125108643051
86.0,221.0,1226.6837158203125,-3.352696630462515,1.499206771986335,1.735005102395289,1.876958981996088,0.7577398312938687,-1.3393158335815272,-1.0832898699192934,2.1228911657848224,2.619670958598375,1.1631081278755135
86.0,221.0,1226.6845703125,-3.3526602366647875,1.499539884477204,1.735005102395289,1.8755988448434475,0.757724307333273,-1.339330911054992,-1.0832529401138995,2.122891163572705,2.619821867180576,1.1594150371018876
86.0,221.0,1226.685302734375,-3.352700473872397,1.49952225504904,1.735005102395289,1.8755988448434475,0.757724307333273,-1.339330911054992,-1.0832529401138995,2.1228912136684888,2.6198521949187312,1.1594150371018876
86.0,221.0,1226.685302734375,-3.352700473872397,1.49952225504904,1.735005102395289,1.8755988448434475,0.757724307333273,-1.339330911054992,-1.0832529401138995,2.1228912136684888,2.6198521949187312,1.1594150371018876
86.0,221.0,1226.6900634765625,-3.3526605999791674,1.4991686701049578,1.735005102395289,1.876937312535405,0.7577358547306785,-1.3395776289009835,-1.0832908023959045,2.1228911638684616,2.619821789879725,1.16310814026223
86.0,221.0,1226.6907958984375,-3.35266059986506,1.499539261630014,1.735005102395289,1.876937312535405,0.7578996969445783,-1.3395776289009835,-1.0832524307425673,2.122891163710918,2.61966219340165,1.1631090778078716
86.0,221.0,1226.691162109375,-3.352696630462515,1.4992166410033976,1.735005102395289,1.8756906692153483,0.757740559428855,-1.3393158335815272,-1.0832898699192934,2.122891213863284,2.619670958598375,1.163108159901166
86.0,221.0,1226.69140625,-3.352696630462515,1.4992166410033976,1.735005102395289,1.875693719857056,0.7577405422697527,-1.3393158335815272,-1.0832898699192934,2.1228912138613514,2.6196833894150298,1.1631090870389524
86.0,221.0,1226.69189453125,-3.352696630462515,1.4992166410033976,1.735005102395289,1.8755622179266511,0.7577398312938687,-1.3393158335815272,-1.0832898699192934,2.122891213772544,2.619670958598375,1.163108159901166
86.0,221.0,1226.693115234375,-3.3526605999791674,1.499552801648803,1.735005102395289,1.8771780414239123,0.7579005437921291,-1.3395794060006108,-1.0832586242003026,2.1228911638690184,2.6198208185099463,1.163109024805193
86.0,221.0,1226.694091796875,-3.3526612304231453,1.4995388717778828,1.735005102395289,1.8768637247267657,0.7579089204481569,-1.339453799986366,-1.0832555589774775,2.122891213770232,2.619876376179855,1.163109058267192
86.0,221.0,1226.694091796875,-3.352660600561706,1.4995377383143471,1.735005102395289,1.877319209041804,0.7577192943389247,-1.33961159240494,-1.0832585695922607,2.1228911611503323,2.619821754560592,1.1631090649716005
86.0,221.0,1226.6942138671875,-3.3526605999791674,1.4995392426881091,1.735005102395289,1.876937312535405,0.7578996969445783,-1.3395776289009835,-1.0832586242003026,2.1228911638690184,2.619821789879725,1.163109047671724
86.0,221.0,1226.6942138671875,-3.3526605999791674,1.4995392426881091,1.735005102395289,1.876937312535405,0.7578996969445783,-1.3395776289009835,-1.0832586242003026,2.1228911638690184,2.619821789879725,1.163109047671724
86.0,221.0,1226.6942138671875,-3.3526605999791674,1.4995392426881091,1.735005102395289,1.876937312535405,0.7578996969445783,-1.3395731823265782,-1.0832561283045974,2.122891212769635,2.619821789879725,1.163109047671724
86.0,221.0,1226.6943359375,-3.3526605963140512,1.499539130026182,1.735005102395289,1.876937312535405,0.7578996969445783,-1.3395776289009835,-1.0832523646166323,2.122891163711053,2.619821789879725,1.1631090778078716
86.0,221.0,1226.6943359375,-3.352660479059349,1.499538970543406,1.735005102395289,1.876937312535405,0.7578996969445783,-1.3395776289009835,-1.0832604725122974,2.1228911638690184,2.619821789879725,1.1631081283166993
86.0,221.0,1226.6943359375,-3.352660596264441,1.499539130026182,1.735005102395289,1.876936688866852,0.7578996969445783,-1.3395776289009835,-1.0832523670825196,2.1228912163664773,2.619821789879725,1.1631090454393078
86.0,221.0,1226.6943359375,-3.3526612304231453,1.4995388717778828,1.735005102395289,1.8768637481555832,0.7579089677123907,-1.339453799986366,-1.0832555589774775,2.1228912123698582,2.61988518769266,1.163109057540999
86.0,221.0,1226.6943359375,-3.3526605963140512,1.4995391399419502,1.735005102395289,1.876937312535405,0.7578996969445783,-1.3395776289009835,-1.0832585670424322,2.122891163711053,2.619821789879725,1.1631090778078716
86.0,221.0,1226.6943359375,-3.3526605963140512,1.499539130026182,1.735005102395289,1.876937312535405,0.7578996969445783,-1.3395776289009835,-1.0832523646166323,2.122891163711053,2.619821789879725,1.1631090778078716
86.0,221.0,1226.6944580078125,-3.3526605963140512,1.4995341631847845,1.735005102395289,1.876937312535405,0.7578996969445783,-1.3395972993181335,-1.0832598350474711,2.122891163711053,2.619821789879725,1.163109059786969
86.0,221.0,1226.6944580078125,-3.352660902291088,1.4995478251273726,1.735005102395289,1.876937312535405,0.7578996969445783,-1.3395776289009835,-1.0832602991917566,2.12289121460241,2.619821789879725,1.163109047671724
86.0,221.0,1226.6944580078125,-3.3526606007156463,1.4995523908508248,1.735005102395289,1.877319209041804,0.7577192943389247,-1.33961159240494,-1.0832582453283564,2.1228911611503323,2.6198252509405138,1.163109065655907
86.0,221.0,1226.6949462890625,-3.352696876802121,1.4992140617057932,1.735005102395289,1.8755622179266511,0.7577288834387079,-1.339322072840771,-1.0832898699192934,2.122891213671533,2.619865425712708,1.162864842322184
86.0,221.0,1226.695068359375,-3.3526605999791674,1.4995392426881091,1.735005102395289,1.876804046993913,0.7578996969445783,-1.3395776289009835,-1.0832524318743926,2.122891215208756,2.619821789879725,1.163109047671724
86.0,221.0,1226.695068359375,-3.352660600028777,1.4995392426881091,1.735005102395289,1.876804670662466,0.7578996969445783,-1.3395776289009835,-1.0832524294085053,2.122891162553332,2.619821789879725,1.1631090800402877
86.0,221.0,1226.695068359375,-3.3526605999791674,1.499539447674621,1.735005102395289,1.8768022468914776,0.7578996969445783,-1.3395776289009835,-1.0832598235142328,2.122891214604977,2.619821789879725,1.163109047671724
86.0,221.0,1226.695068359375,-3.352660596311897,1.499539242955594,1.735005102395289,1.876804046993913,0.7578996969445783,-1.3395776289009835,-1.0832524318743926,2.122891215208756,2.619821789879725,1.1631090769223908
86.0,221.0,1226.695068359375,-3.3526605999791674,1.499539451534282,1.735005102395289,1.8768022468914776,0.7578996969445783,-1.3395776289009835,-1.0832598235142328,2.122891214604977,2.619821789879725,1.163109047671724
86.0,221.0,1226.695556640625,-3.352660920079528,1.4995343521694589,1.735005102395289,1.8769372564952265,0.7579019253775034,-1.33961128865978,-1.0832909177840122,2.122891212937066,2.619860750697588,1.1631090455800936
86.0,221.0,1226.6956787109375,-3.352659072989764,1.499540114221293,1.735005102395289,1.876859350539424,0.7579113604685167,-1.339572858969052,-1.0832561361406396,2.122891213610429,2.6198725734972754,1.1631090666951178
86.0,221.0,1226.696044921875,-3.3526609191467065,1.499547049974305,1.735005102395289,1.8769373134558245,0.7578970637332075,-1.33961128865978,-1.0832909177840122,2.122891212801852,2.619875563734188,1.1631090464708531
86.0,221.0,1226.6961669921875,-3.352660880572077,1.4995476136098524,1.735005102395289,1.8756897615906705,0.7577294328488086,-1.3393122371430768,-1.083260278559824,2.122891213864772,2.619683027484286,1.1631090838975071
86.0,221.0,1226.6962890625,-3.352659565045931,1.4995476136098524,1.735005102395289,1.8756896556107403,0.7577294329336126,-1.3393203703921046,-1.083260278559824,2.122891213864772,2.619683027484286,1.1631090838975071
86.0,221.0,1226.6962890625,-3.352660600173252,1.4995476136098524,1.735005102395289,1.8756896556107403,0.7577261946308249,-1.3393203703921046,-1.0832602759314618,2.122891163899706,2.619683027484286,1.1631090581704566
86.0,221.0,1226.6962890625,-3.352659072989764,1.4995401270068665,1.735005102395289,1.876859350539424,0.7579118011785672,-1.339603330703214,-1.0832556615340363,2.1228912136572182,2.619876369403228,1.1631090657495713
86.0,221.0,1226.6962890625,-3.3526580134693167,1.499558614104303,1.735005102395289,1.8756876481771665,0.7577294329336126,-1.3393062125141424,-1.083260278559824,2.122891211850512,2.619683027484286,1.163109094657902
86.0,221.0,1226.6964111328125,-3.352696876802121,1.4992140617057932,1.735005102395289,1.8755622179266511,0.7577289010299676,-1.339627608456565,-1.0832898699192934,2.1228912136716525,2.6196706126502027,1.1631081510976733
86.0,221.0,1226.6964111328125,-3.352696876802121,1.4992140617057932,1.735005102395289,1.8755622179266511,0.7577289010299676,-1.339627608456565,-1.0832898699192934,2.1228912136716525,2.6196706126502027,1.1631081510976733
86.0,221.0,1226.6964111328125,-3.352659072989764,1.4995401270068665,1.735005102395289,1.877101842474712,0.7577260188539756,-1.33961128865978,-1.0832909177840122,2.1228912136572182,2.619876369403228,1.1631090657495713
86.0,222.0,1226.5311279296875,-3.3526996083830567,1.4776151547760417,1.735005102395289,1.872047094689163,0.7578960069388655,-1.3393097583862714,-1.0832599583771885,2.1228911619442234,2.619860501986723,1.163108119562353
86.0,222.0,1226.5389404296875,-3.352695967478855,1.4776743620339312,1.735005102395289,1.872210812621524,0.7577399858497376,-1.339577124999937,-1.0832586112940337,2.122891164801614,2.6196543875279468,1.163108159901166
86.0,222.0,1226.5389404296875,-3.3526605963140512,1.4775830154716558,1.735005102395289,1.876937312535405,0.7578961598642103,-1.3395776289009835,-1.0832523646166323,2.122891163711053,2.619821789879725,1.1631081824342564
86.0,222.0,1226.540283203125,-3.3526960982752985,1.4776743620339312,1.735005102395289,1.87542326919475,0.7577398312938687,-1.3396211698122065,-1.0832907975330632,2.122891164801614,2.6196543875279468,1.163108159901166
86.0,222.0,1226.540283203125,-3.352696630462515,1.4776743620339312,1.735005102395289,1.8724581102702405,0.7577398312938687,-1.3396206397258503,-1.083294920155476,2.1228912137022307,2.619657243049648,1.16310817873697
86.0,222.0,1226.5404052734375,-3.352696630462515,1.4776743620339312,1.735005102395289,1.872210812621524,0.7577398312938687,-1.3396206397258503,-1.0832898699192934,2.1228912137022307,2.6196543875279468,1.163108159901166
86.0,222.0,1226.54052734375,-3.352696630462515,1.4776743620339312,1.735005102395289,1.872210812621524,0.7577398312938687,-1.339625086300256,-1.0832923658149989,2.122891164801614,2.6196543875279468,1.163108159901166
86.0,222.0,1226.541259765625,-3.35269683312037,1.4777967514867736,1.735005102395289,1.8754129303026703,0.7577398312938687,-1.3396557348315965,-1.0832907975330632,2.122891166310352,2.6196543875279468,1.163108159901166
86.0,222.0,1226.5423583984375,-3.352696630462515,1.4776743620339312,1.735005102395289,1.872210812621524,0.7577398949057534,-1.339625086300256,-1.0832592418194664,2.122891164801614,2.6198192195345325,1.163109059368918
86.0,222.0,1226.6236572265625,-3.3526605999791674,1.494256787458298,1.735005102395289,1.876937312535405,0.7577357911187939,-1.3395776289009835,-1.0832917481958348,2.1228911638684616,2.61965695787314,1.1631081484194497
86.0,222.0,1226.6268310546875,-3.3526605999791674,1.494256787458298,1.735005102395289,1.876937312535405,0.7577358547306785,-1.3395776289009835,-1.0832586242003026,2.1228911638684616,2.619821789879725,1.1631090478872017
86.0,222.0,1226.6617431640625,-3.352697511101048,1.4992145823295662,1.735005102395289,1.8758914133587363,0.7577289010299676,-1.3309664450278849,-1.0832617851559123,2.1228912136715303,2.6196706126502027,1.1631090761160865
86.0,222.0,1226.6629638671875,-3.3526982711989324,1.4992145823295662,1.735005102395289,1.8758914133587363,0.7579184551916336,-1.3306225733700372,-1.0832617851559123,2.122891212711831,2.6196687372687624,1.1631090761160865
86.0,222.0,1226.6689453125,-3.3526968989541306,1.4992145908219496,1.735005102395289,1.875896618675859,0.7577289011104763,-1.3309664450278849,-1.0832617851559123,2.1228912136715303,2.6198664143507657,1.163125108643051
86.0,222.0,1226.6837158203125,-3.352696630462515,1.499206771986335,1.735005102395289,1.876958981996088,0.7577398312938687,-1.3393158335815272,-1.0832898699192934,2.1228911657848224,2.619670958598375,1.1631081278755135
86.0,222.0,1226.6845703125,-3.3526602366647875,1.499539884477204,1.735005102395289,1.8755988448434475,0.757724307333273,-1.339330911054992,-1.0832529401138995,2.122891163572705,2.619821867180576,1.1594150371018876
86.0,222.0,1226.6849365234375,-3.352698084467317,1.4994935876364763,1.735005102395289,1.8758914133587363,0.7579184551916336,-1.3399404847650125,-1.0832617851559123,2.122891213714733,2.6196687372687624,1.1595262616502038
86.0,222.0,1226.685302734375,-3.352700473872397,1.49952225504904,1.735005102395289,1.8755988448434475,0.757724307333273,-1.339330911054992,-1.0832529401138995,2.1228912136684888,2.6198521949187312,1.1594150371018876
86.0,222.0,1226.685302734375,-3.352700473872397,1.49952225504904,1.735005102395289,1.8755988448434475,0.757724307333273,-1.339330911054992,-1.0832529401138995,2.1228912136684888,2.6198521949187312,1.1594150371018876
86.0,222.0,1226.689208984375,-3.3526605999791674,1.4991065803375547,1.735005102395289,1.876937312535405,0.7577365430661218,-1.3395776289009835,-1.0832917955937165,2.1228911638684367,2.619821789879725,1.1631081914645742
86.0,222.0,1226.6900634765625,-3.3526605999791674,1.4991686701049578,1.735005102395289,1.876937312535405,0.7577358547306785,-1.3395776289009835,-1.0832908023959045,2.1228911638684616,2.619821789879725,1.16310814026223
86.0,222.0,1226.690673828125,-3.352660908344388,1.4995392426881091,1.735005102395289,1.876937312535405,0.7578996969445783,-1.3395776289009835,-1.0832585327072914,2.1228911638690184,2.6196574088151894,1.1631090771130452
86.0,222.0,1226.6907958984375,-3.35266059986506,1.499539261630014,1.735005102395289,1.876937312535405,0.7578996969445783,-1.3395776289009835,-1.0832524307425673,2.122891163710918,2.61966219340165,1.1631090778078716
86.0,222.0,1226.69091796875,-3.3526612696819265,1.499539261630014,1.735005102395289,1.876937312535405,0.7578996969445783,-1.3395776289009835,-1.0832524144508135,2.122891163710918,2.61966219340165,1.1631090778078716
86.0,222.0,1226.691162109375,-3.352696630462515,1.4992166410033976,1.735005102395289,1.8756906692153483,0.757740559428855,-1.3393158335815272,-1.0832898699192934,2.122891213863284,2.619670958598375,1.163108159901166
86.0,222.0,1226.69140625,-3.352696630462515,1.4992166410033976,1.735005102395289,1.875693719857056,0.7577405422697527,-1.3393158335815272,-1.0832898699192934,2.1228912138613514,2.6196833894150298,1.1631090870389524
86.0,222.0,1226.69189453125,-3.352696630462515,1.4992166410033976,1.735005102395289,1.8755622179266511,0.7577398312938687,-1.3393158335815272,-1.0832898699192934,2.122891213772544,2.619670958598375,1.163108159901166
86.0,222.0,1226.6925048828125,-3.3526961419570496,1.4990916722529508,1.735005102395289,1.8755725568187307,0.7577288834387079,-1.3392875078213815,-1.0832898699192934,2.122891212162795,2.619865425712708,1.162864842322184
86.0,222.0,1226.6927490234375,-3.352661239054961,1.499537700000624,1.735005102395289,1.877319209041804,0.7579033192235779,-1.33961159240494,-1.0832583753804474,2.1228911631137835,2.6198252509405138,1.1631090583508752
86.0,222.0,1226.693115234375,-3.3526605999791674,1.499552801648803,1.735005102395289,1.8771780414239123,0.7579005437921291,-1.3395794060006108,-1.0832586242003026,2.1228911638690184,2.6198208185099463,1.163109024805193
86.0,222.0,1226.694091796875,-3.3526612304231453,1.4995388717778828,1.735005102395289,1.8768637247267657,0.7579089204481569,-1.339453799986366,-1.0832555589774775,2.122891213770232,2.619876376179855,1.163109058267192
86.0,222.0,1226.694091796875,-3.352660600561706,1.4995377383143471,1.735005102395289,1.877319209041804,0.7577192943389247,-1.33961159240494,-1.0832585695922607,2.1228911611503323,2.619821754560592,1.1631090649716005
86.0,222.0,1226.6942138671875,-3.3526605999791674,1.4995392426881091,1.735005102395289,1.876937312535405,0.7578996969445783,-1.3395776289009835,-1.0832586242003026,2.1228911638690184,2.619821789879725,1.163109047671724
86.0,222.0,1226.6942138671875,-3.3526605999791674,1.4995392426881091,1.735005102395289,1.876937312535405,0.7578996969445783,-1.3395776289009835,-1.0832586242003026,2.1228911638690184,2.619821789879725,1.163109047671724
86.0,222.0,1226.6942138671875,-3.3526605999791674,1.4995392426881091,1.735005102395289,1.876937312535405,0.7578996969445783,-1.3395731823265782,-1.0832561283045974,2.122891212769635,2.619821789879725,1.163109047671724
86.0,222.0,1226.6943359375,-3.3526605963140512,1.499539130026182,1.735005102395289,1.876937312535405,0.7578996969445783,-1.3395776289009835,-1.0832523646166323,2.122891163711053,2.619821789879725,1.1631090778078716
86.0,222.0,1226.6943359375,-3.352660479059349,1.499538970543406,1.735005102395289,1.876937312535405,0.7578996969445783,-1.3395776289009835,-1.0832604725122974,2.1228911638690184,2.619821789879725,1.1631081283166993
86.0,222.0,1226.6943359375,-3.352660596264441,1.499539130026182,1.735005102395289,1.876936688866852,0.7578996969445783,-1.3395776289009835,-1.0832523670825196,2.1228912163664773,2.619821789879725,1.1631090454393078
86.0,222.0,1226.6943359375,-3.3526612304231453,1.4995388717778828,1.735005102395289,1.8768637481555832,0.7579089677123907,-1.339453799986366,-1.0832555589774775,2.1228912123698582,2.61988518769266,1.163109057540999
86.0,222.0,1226.6943359375,-3.3526605963140512,1.4995391399419502,1.735005102395289,1.876937312535405,0.7578996969445783,-1.3395776289009835,-1.0832585670424322,2.122891163711053,2.619821789879725,1.1631090778078716
86.0,222.0,1226.6943359375,-3.3526605963140512,1.499539130026182,1.735005102395289,1.876937312535405,0.7578996969445783,-1.3395776289009835,-1.0832523646166323,2.122891163711053,2.619821789879725,1.1631090778078716
86.0,222.0,1226.6943359375,-3.352660476545404,1.4995392393805826,1.735005102395289,1.8769422239103088,0.7578996969445783,-1.3395776289009835,-1.0832524294085053,2.122891162553332,2.619821789879725,1.1631090822107644
86.0,222.0,1226.6944580078125,-3.3526605963140512,1.4995341631847845,1.735005102395289,1.876937312535405,0.7578996969445783,-1.3395972993181335,-1.0832598350474711,2.122891163711053,2.619821789879725,1.163109059786969
86.0,222.0,1226.6944580078125,-3.352660902291088,1.4995478251273726,1.735005102395289,1.876937312535405,0.7578996969445783,-1.3395776289009835,-1.0832602991917566,2.12289121460241,2.619821789879725,1.163109047671724
86.0,222.0,1226.6944580078125,-3.3526606007156463,1.4995523908508248,1.735005102395289,1.877319209041804,0.7577192943389247,-1.33961159240494,-1.0832582453283564,2.1228911611503323,2.6198252509405138,1.163109065655907
86.0,222.0,1226.6949462890625,-3.352696876802121,1.4992140617057932,1.735005102395289,1.8755622179266511,0.7577288834387079,-1.339322072840771,-1.0832898699192934,2.122891213671533,2.619865425712708,1.162864842322184
86.0,222.0,1226.695068359375,-3.3526605999791674,1.4995392426881091,1.735005102395289,1.876804046993913,0.7578996969445783,-1.3395776289009835,-1.0832524318743926,2.122891215208756,2.619821789879725,1.163109047671724
86.0,222.0,1226.695068359375,-3.352660600028777,1.4995392426881091,1.735005102395289,1.876804670662466,0.7578996969445783,-1.3395776289009835,-1.0832524294085053,2.122891162553332,2.619821789879725,1.1631090800402877
86.0,222.0,1226.695068359375,-3.3526605999791674,1.499539447674621,1.735005102395289,1.8768022468914776,0.7578996969445783,-1.3395776289009835,-1.0832598235142328,2.122891214604977,2.619821789879725,1.163109047671724
86.0,222.0,1226.695068359375,-3.352660596311897,1.499539242955594,1.735005102395289,1.876804046993913,0.7578996969445783,-1.3395776289009835,-1.0832524318743926,2.122891215208756,2.619821789879725,1.1631090769223908
86.0,223.0,1226.5311279296875,-3.3526996083830567,1.4776151547760417,1.735005102395289,1.872047094689163,0.7578960069388655,-1.3393097583862714,-1.0832599583771885,2.1228911619442234,2.619860501986723,1.163108119562353
86.0,223.0,1226.5386962890625,-3.352695971304739,1.477678582148673,1.735005102395289,1.8752517579652903,0.7577399858497376,-1.339577124999937,-1.083260558106038,2.122891164801614,2.6196543875279468,1.163108159901166
86.0,223.0,1226.5389404296875,-3.352695967478855,1.4776743620339312,1.735005102395289,1.872210812621524,0.7577399858497376,-1.339577124999937,-1.0832586112940337,2.122891164801614,2.6196543875279468,1.163108159901166
86.0,223.0,1226.5389404296875,-3.3526605963140512,1.4775830154716558,1.735005102395289,1.876937312535405,0.7578961598642103,-1.3395776289009835,-1.0832523646166323,2.122891163711053,2.619821789879725,1.1631081824342564
86.0,223.0,1226.5400390625,-3.352696180054956,1.4776743620339312,1.735005102395289,1.875366057178824,0.7577398312938687,-1.3396117334328594,-1.0832907975330632,2.122891164801614,2.6196543875279468,1.163108159901166
86.0,223.0,1226.540283203125,-3.3526960982752985,1.4776743620339312,1.735005102395289,1.87542326919475,0.7577398312938687,-1.3396211698122065,-1.0832907975330632,2.122891164801614,2.6196543875279468,1.163108159901166
86.0,223.0,1226.540283203125,-3.352696630462515,1.4776743620339312,1.735005102395289,1.8724581102702405,0.7577398312938687,-1.3396206397258503,-1.083294920155476,2.1228912137022307,2.619657243049648,1.16310817873697
86.0,223.0,1226.5404052734375,-3.352696630462515,1.4776743620339312,1.735005102395289,1.872210812621524,0.7577398312938687,-1.3396206397258503,-1.0832898699192934,2.1228912137022307,2.6196543875279468,1.163108159901166
86.0,223.0,1226.54052734375,-3.352696630462515,1.4776743620339312,1.735005102395289,1.872210812621524,0.7577398312938687,-1.339625086300256,-1.0832923658149989,2.122891164801614,2.6196543875279468,1.163108159901166
86.0,223.0,1226.54052734375,-3.352696630462515,1.4776743620339312,1.735005102395289,1.8721987034031835,0.7577375383013351,-1.3396206397258503,-1.0832881816652222,2.1228912137022307,2.619662157398574,1.163109113523631
86.0,223.0,1226.54052734375,-3.352696630462515,1.4776743620339312,1.735005102395289,1.872210812621524,0.7577398364738593,-1.339625086300256,-1.0832923658149989,2.122891164801614,2.6196543875279468,1.163108159901166
86.0,223.0,1226.541015625,-3.352695967478855,1.4775389099003715,1.735005102395289,1.872210812621524,0.7577385539537284,-1.3395771880228686,-1.0832585816291491,2.122891163804466,2.619839681563347,1.1631081657477882
86.0,223.0,1226.5411376953125,-3.352660599912699,1.4775830154716558,1.735005102395289,1.876937312535405,0.7577632246640473,-1.3395776289009835,-1.0832523646166323,2.122891163711053,2.619821789879725,1.1631081824342564
86.0,223.0,1226.541259765625,-3.35269683312037,1.4777967514867736,1.735005102395289,1.8754129303026703,0.7577398312938687,-1.3396557348315965,-1.0832907975330632,2.122891166310352,2.6196543875279468,1.163108159901166
86.0,223.0,1226.5423583984375,-3.352696630462515,1.4776743620339312,1.735005102395289,1.872210812621524,0.7577398949057534,-1.339625086300256,-1.0832592418194664,2.122891164801614,2.6198192195345325,1.163109059368918
86.0,223.0,1226.5423583984375,-3.352696630462515,1.4776743620339312,1.735005102395289,1.872210812621524,0.7577398897257629,-1.339625086300256,-1.0832592418194664,2.122891164801614,2.6198192195345325,1.163109059368918
86.0,223.0,1226.6236572265625,-3.3526605999791674,1.494256787458298,1.735005102395289,1.876937312535405,0.7577357911187939,-1.3395776289009835,-1.0832917481958348,2.1228911638684616,2.61965695787314,1.1631081484194497
86.0,223.0,1226.6268310546875,-3.3526605999791674,1.494256787458298,1.735005102395289,1.876937312535405,0.7577358547306785,-1.3395776289009835,-1.0832586242003026,2.1228911638684616,2.619821789879725,1.1631090478872017
86.0,223.0,1226.6617431640625,-3.352697511101048,1.4992145823295662,1.735005102395289,1.8758914133587363,0.7577289010299676,-1.3309664450278849,-1.0832617851559123,2.1228912136715303,2.6196706126502027,1.1631090761160865
86.0,223.0,1226.6629638671875,-3.3526982711989324,1.4992145823295662,1.735005102395289,1.8758914133587363,0.7579184551916336,-1.3306225733700372,-1.0832617851559123,2.122891212711831,2.6196687372687624,1.1631090761160865
86.0,223.0,1226.6689453125,-3.3526968989541306,1.4992145908219496,1.735005102395289,1.875896618675859,0.7577289011104763,-1.3309664450278849,-1.0832617851559123,2.1228912136715303,2.6198664143507657,1.163125108643051
86.0,223.0,1226.6689453125,-3.3526968989541306,1.499215414894868,1.735005102395289,1.875896618675859,0.7577289011104763,-1.3309664450278849,-1.0832617851559123,2.1228912136715303,2.6198664143507657,1.163125108643051
86.0,223.0,1226.6767578125,-3.352700473872397,1.4995391024104427,1.735005102395289,1.876817106783036,0.7578988964339303,-1.3393456047756722,-1.083252957349101,2.12289121229878,2.619854512261872,1.1594150371018876
86.0,223.0,1226.6837158203125,-3.352696630462515,1.499206771986335,1.735005102395289,1.876958981996088,0.7577398312938687,-1.3393158335815272,-1.0832898699192934,2.1228911657848224,2.619670958598375,1.1631081278755135
86.0,223.0,1226.6845703125,-3.3526602366647875,1.499539884477204,1.735005102395289,1.8755988448434475,0.757724307333273,-1.339330911054992,-1.0832529401138995,2.122891163572705,2.619821867180576,1.1594150371018876
86.0,223.0,1226.6845703125,-3.3526602366647875,1.499539884477204,1.735005102395289,1.8755988448434475,0.757724307333273,-1.339330911054992,-1.0832529401138995,2.122891163572705,2.619821867180576,1.1594150371018876
86.0,223.0,1226.6849365234375,-3.352698084467317,1.4994935876364763,1.735005102395289,1.8758914133587363,0.7579184551916336,-1.3399404847650125,-1.0832617851559123,2.122891213714733,2.6196687372687624,1.1595262616502038
86.0,223.0,1226.6849365234375,-3.3526602366647875,1.499539884477204,1.735005102395289,1.8755616793710213,0.7577247083609295,-1.339331082643784,-1.0832898552510863,2.122891164161632,2.619821867180576,1.1595159045210686
86.0,223.0,1226.685302734375,-3.352700473872397,1.49952225504904,1.735005102395289,1.8755988448434475,0.757724307333273,-1.339330911054992,-1.0832529401138995,2.1228912136684888,2.6198521949187312,1.1594150371018876
86.0,223.0,1226.685302734375,-3.352700473872397,1.49952225504904,1.735005102395289,1.8755988448434475,0.757724307333273,-1.339330911054992,-1.0832529401138995,2.1228912136684888,2.6198521949187312,1.1594150371018876
86.0,223.0,1226.68896484375,-3.35266059638052,1.4991686701049578,1.735005102395289,1.876937312535405,0.7578687899308416,-1.3395776289009835,-1.0832908023959045,2.1228911638684616,2.619821789879725,1.16310814026223
86.0,223.0,1226.689208984375,-3.3526605999791674,1.4991065803375547,1.735005102395289,1.876937312535405,0.7577365430661218,-1.3395776289009835,-1.0832917955937165,2.1228911638684367,2.619821789879725,1.1631081914645742
86.0,223.0,1226.6900634765625,-3.3526605999791674,1.4991686701049578,1.735005102395289,1.876937312535405,0.7577358547306785,-1.3395776289009835,-1.0832908023959045,2.1228911638684616,2.619821789879725,1.16310814026223
86.0,223.0,1226.690673828125,-3.352660908344388,1.4995392426881091,1.735005102395289,1.876937312535405,0.7578996969445783,-1.3395776289009835,-1.0832585327072914,2.1228911638690184,2.6196574088151894,1.1631090771130452
86.0,223.0,1226.6907958984375,-3.35266059986506,1.499539261630014,1.735005102395289,1.876937312535405,0.7578996969445783,-1.3395776289009835,-1.0832524307425673,2.122891163710918,2.61966219340165,1.1631090778078716
86.0,223.0,1226.69091796875,-3.3526612696819265,1.499539261630014,1.735005102395289,1.876937312535405,0.7578996969445783,-1.3395776289009835,-1.0832524144508135,2.122891163710918,2.61966219340165,1.1631090778078716
86.0,223.0,1226.691162109375,-3.352696630462515,1.4992166410033976,1.735005102395289,1.8756906692153483,0.757740559428855,-1.3393158335815272,-1.0832898699192934,2.122891213863284,2.619670958598375,1.163108159901166
86.0,223.0,1226.691162109375,-3.352696630462515,1.4992166410033976,1.735005102395289,1.8755993833990767,0.7577394302662122,-1.339315661992735,-1.0832529547821068,2.1228912131836166,2.619670958598375,1.1630072924819852
86.0,223.0,1226.69140625,-3.352696630462515,1.4992166410033976,1.735005102395289,1.875693719857056,0.7577405422697527,-1.3393158335815272,-1.0832898699192934,2.1228912138613514,2.6196833894150298,1.1631090870389524
86.0,223.0,1226.691650390625,-3.3526617403217007,1.499539261630014,1.735005102395289,1.876937312535405,0.7578928788063576,-1.3396252164324325,-1.0832524144508135,2.1228911647912176,2.61966219340165,1.163109059675843
86.0,223.0,1226.69189453125,-3.352696630462515,1.4992166410033976,1.735005102395289,1.8755622179266511,0.7577398312938687,-1.3393158335815272,-1.0832898699192934,2.122891213772544,2.619670958598375,1.163108159901166
86.0,223.0,1226.6922607421875,-3.3526605999791674,1.4996746948216686,1.735005102395289,1.876937312535405,0.7579011288405876,-1.3395731193036466,-1.083256157969482,2.122891213766783,2.619636495844325,1.163109041825102
86.0,223.0,1226.6925048828125,-3.3526961419570496,1.4990916722529508,1.735005102395289,1.8755725568187307,0.7577288834387079,-1.3392875078213815,-1.0832898699192934,2.122891212162795,2.619865425712708,1.162864842322184
86.0,223.0,1226.692626953125,-3.352661157275303,1.499537700000624,1.735005102395289,1.87737642105773,0.7579033192235779,-1.339621028784287,-1.0832583753804474,2.1228911631137835,2.6198252509405138,1.1631090583508752
86.0,223.0,1226.6927490234375,-3.352661239054961,1.499537700000624,1.735005102395289,1.877319209041804,0.7579033192235779,-1.33961159240494,-1.0832583753804474,2.1228911631137835,2.6198252509405138,1.1631090583508752
86.0,223.0,1226.693115234375,-3.3526605999791674,1.499552801648803,1.735005102395289,1.8771780414239123,0.7579005437921291,-1.3395794060006108,-1.0832586242003026,2.1228911638690184,2.6198208185099463,1.163109024805193
86.0,223.0,1226.694091796875,-3.3526612304231453,1.4995388717778828,1.735005102395289,1.8768637247267657,0.7579089204481569,-1.339453799986366,-1.0832555589774775,2.122891213770232,2.619876376179855,1.163109058267192
86.0,223.0,1226.694091796875,-3.352660600561706,1.4995377383143471,1.735005102395289,1.877319209041804,0.7577192943389247,-1.33961159240494,-1.0832585695922607,2.1228911611503323,2.619821754560592,1.1631090649716005
86.0,223.0,1226.6942138671875,-3.3526605999791674,1.4995392426881091,1.735005102395289,1.876937312535405,0.7578996969445783,-1.3395776289009835,-1.0832586242003026,2.1228911638690184,2.619821789879725,1.163109047671724
86.0,223.0,1226.6942138671875,-3.3526605999791674,1.4995392426881091,1.735005102395289,1.876937312535405,0.7578996969445783,-1.3395776289009835,-1.0832586242003026,2.1228911638690184,2.619821789879725,1.163109047671724
86.0,224.0,1226.4996337890625,-3.352663382781424,1.4776743620339312,1.735005102395289,1.8719336935469488,0.7577246515596704,-1.3396206397258503,-1.0832898699192934,2.1228912159103177,2.619823053286574,1.1593798037341676
86.0,224.0,1226.5108642578125,-3.352700473872397,1.4665672395642444,1.735005102395289,1.872168335325646,0.7578988964339303,-1.3393456047756722,-1.0832548478517376,2.122891211815789,2.619854512261872,1.1594049807754638
86.0,224.0,1226.531005859375,-3.3526607206592702,1.4776151547760417,1.735005102395289,1.8771166401519264,0.7578960069388655,-1.3392995657585918,-1.0832599583771885,2.1228911619442234,2.619860501986723,1.163108119562353
86.0,224.0,1226.5311279296875,-3.3526996083830567,1.4776151547760417,1.735005102395289,1.872047094689163,0.7578960069388655,-1.3393097583862714,-1.0832599583771885,2.1228911619442234,2.619860501986723,1.163108119562353
86.0,224.0,1226.5386962890625,-3.352695971304739,1.477678582148673,1.735005102395289,1.8752517579652903,0.7577399858497376,-1.339577124999937,-1.083260558106038,2.122891164801614,2.6196543875279468,1.163108159901166
86.0,224.0,1226.5389404296875,-3.352695967478855,1.4776743620339312,1.735005102395289,1.872210812621524,0.7577399858497376,-1.339577124999937,-1.0832586112940337,2.122891164801614,2.6196543875279468,1.163108159901166
86.0,224.0,1226.5389404296875,-3.3526605963140512,1.4775830154716558,1.735005102395289,1.876937312535405,0.7578961598642103,-1.3395776289009835,-1.0832523646166323,2.122891163711053,2.619821789879725,1.1631081824342564
86.0,224.0,1226.5389404296875,-3.3526959338084965,1.477678582148673,1.735005102395289,1.8752586214818496,0.7577399858497376,-1.339579508285432,-1.083291007026954,2.122891164784894,2.6196543875279468,1.163108159901166
86.0,224.0,1226.5394287109375,-3.35266077630102,1.4776743620339312,1.735005102395289,1.875366057178824,0.7577371315740058,-1.3396117334328594,-1.0832550753427093,2.1228911636542684,2.6196543875279468,1.163108159901166
86.0,224.0,1226.5400390625,-3.352696180054956,1.4776743620339312,1.735005102395289,1.875366057178824,0.7577398312938687,-1.3396117334328594,-1.0832907975330632,2.122891164801614,2.6196543875279468,1.163108159901166
86.0,224.0,1226.540283203125,-3.3526960982752985,1.4776743620339312,1.735005102395289,1.87542326919475,0.7577398312938687,-1.3396211698122065,-1.0832907975330632,2.122891164801614,2.6196543875279468,1.163108159901166
86.0,224.0,1226.540283203125,-3.352696630462515,1.4776743620339312,1.735005102395289,1.8724581102702405,0.7577398312938687,-1.3396206397258503,-1.083294920155476,2.1228912137022307,2.619657243049648,1.16310817873697
86.0,224.0,1226.540283203125,-3.352696630462515,1.4776743620339312,1.735005102395289,1.8724581102702405,0.7577398312938687,-1.3396206397258503,-1.083294920155476,2.1228912137022307,2.619657243049648,1.16310817873697
86.0,224.0,1226.5404052734375,-3.352696630462515,1.4776743620339312,1.735005102395289,1.872210812621524,0.7577398312938687,-1.3396206397258503,-1.0832898699192934,2.1228912137022307,2.6196543875279468,1.163108159901166
86.0,224.0,1226.54052734375,-3.352696630462515,1.4776743620339312,1.735005102395289,1.872210812621524,0.7577398312938687,-1.339625086300256,-1.0832923658149989,2.122891164801614,2.6196543875279468,1.163108159901166
86.0,224.0,1226.54052734375,-3.352696630462515,1.4776743620339312,1.735005102395289,1.8721987034031835,0.7577375383013351,-1.3396206397258503,-1.0832881816652222,2.1228912137022307,2.619662157398574,1.163109113523631
86.0,224.0,1226.54052734375,-3.352696630462515,1.4776743620339312,1.735005102395289,1.872210812621524,0.7577398364738593,-1.339625086300256,-1.0832923658149989,2.122891164801614,2.6196543875279468,1.163108159901166
86.0,224.0,1226.54052734375,-3.352696630462515,1.4776743620339312,1.735005102395289,1.872210812621524,0.7577398897257629,-1.339625086300256,-1.0832592418194664,2.1228911659252296,2.619660896758935,1.1631090589812685
86.0,224.0,1226.5406494140625,-3.3526966224769046,1.4776743620339312,1.735005102395289,1.872210812621524,0.757739838547852,-1.3396282090766165,-1.0832923658149989,2.122891164801614,2.6196543875279468,1.163108159901166
86.0,224.0,1226.541015625,-3.352695967478855,1.4775389099003715,1.735005102395289,1.872210812621524,0.7577385539537284,-1.3395771880228686,-1.0832585816291491,2.122891163804466,2.619839681563347,1.1631081657477882
86.0,224.0,1226.5411376953125,-3.352660599912699,1.4775830154716558,1.735005102395289,1.876937312535405,0.7577632246640473,-1.3395776289009835,-1.0832523646166323,2.122891163711053,2.619821789879725,1.1631081824342564
86.0,224.0,1226.541259765625,-3.35269683312037,1.4777967514867736,1.735005102395289,1.8754129303026703,0.7577398312938687,-1.3396557348315965,-1.0832907975330632,2.122891166310352,2.6196543875279468,1.163108159901166
86.0,224.0,1226.5418701171875,-3.352696630462515,1.4776743620339312,1.735005102395289,1.876859584078913,0.7577398312938687,-1.339625086300256,-1.083290475312362,2.1228911652846048,2.6196543875279468,1.16311821622759
86.0,224.0,1226.5423583984375,-3.352696630462515,1.4776743620339312,1.735005102395289,1.872210812621524,0.7577398949057534,-1.339625086300256,-1.0832592418194664,2.122891164801614,2.6198192195345325,1.163109059368918
86.0,224.0,1226.5423583984375,-3.352696630462515,1.4776743620339312,1.735005102395289,1.872210812621524,0.7577398897257629,-1.339625086300256,-1.0832592418194664,2.122891164801614,2.6198192195345325,1.163109059368918
86.0,224.0,1226.5423583984375,-3.352696630462515,1.4776743620339312,1.735005102395289,1.8721987034031835,0.7577375383013351,-1.3396206397258503,-1.0832881816652222,2.122891212578616,2.619820480174172,1.1631091139112806
86.0,224.0,1226.54248046875,-3.352696630462515,1.4775909453296008,1.735005102395289,1.8719669675520567,0.7577398949057534,-1.3396255493076905,-1.0832592418194664,2.122891164801614,2.6198217824716,1.163109059368918
86.0,224.0,1226.5528564453125,-3.352696835216984,1.4777967514867736,1.735005102395289,1.8754129303026703,0.7577398312938687,-1.340020342399008,-1.0832628473415924,2.122891166310352,2.6196543875279468,1.1631253257943486
86.0,224.0,1226.5582275390625,-3.3526605999791674,1.494256787458298,1.735005102395289,1.876937312535405,0.7577357911187939,-1.3306231072305024,-1.0832915910721117,2.1228911638684616,2.61965695787314,1.1631081413721325
86.0,224.0,1226.602783203125,-3.35269469824081,1.4776743620339312,1.7209408937199329,1.876935017713412,0.7577397237547315,-1.3396197031387267,-1.0832908027186756,2.122891164801614,2.619657634270512,1.163108161164874
86.0,224.0,1226.6236572265625,-3.3526605999791674,1.494256787458298,1.735005102395289,1.876937312535405,0.7577357911187939,-1.3395776289009835,-1.0832917481958348,2.1228911638684616,2.61965695787314,1.1631081484194497
86.0,224.0,1226.6268310546875,-3.3526605999791674,1.494256787458298,1.735005102395289,1.876937312535405,0.7577358547306785,-1.3395776289009835,-1.0832586242003026,2.1228911638684616,2.619821789879725,1.1631090478872017
86.0,224.0,1226.6617431640625,-3.352697511101048,1.4992145823295662,1.735005102395289,1.8758914133587363,0.7577289010299676,-1.3309664450278849,-1.0832617851559123,2.1228912136715303,2.6196706126502027,1.1631090761160865
86.0,224.0,1226.6629638671875,-3.3526982711989324,1.4992145823295662,1.735005102395289,1.8758914133587363,0.7579184551916336,-1.3306225733700372,-1.0832617851559123,2.122891212711831,2.6196687372687624,1.1631090761160865
86.0,224.0,1226.6689453125,-3.3526968989541306,1.4992145908219496,1.735005102395289,1.875896618675859,0.7577289011104763,-1.3309664450278849,-1.0832617851559123,2.1228912136715303,2.6198664143507657,1.163125108643051
86.0,224.0,1226.6689453125,-3.3526968989541306,1.499215414894868,1.735005102395289,1.875896618675859,0.7577289011104763,-1.3309664450278849,-1.0832617851559123,2.1228912136715303,2.6198664143507657,1.163125108643051
86.0,224.0,1226.671630859375,-3.3526968968575166,1.4992145908219496,1.735005102395289,1.875896618675859,0.7577289011104763,-1.3306018374604731,-1.0832897353473832,2.1228912136715303,2.6198664143507657,1.1631079427498687
86.0,224.0,1226.67236328125,-3.3526982711989324,1.4992145823295662,1.735005102395289,1.879821924059596,0.7579184551916336,-1.3395770950405184,-1.0832619422796357,2.122891212711831,2.6196687372687624,1.163109083163404
86.0,224.0,1226.6767578125,-3.352700473872397,1.4995391024104427,1.735005102395289,1.876817106783036,0.7578988964339303,-1.3393456047756722,-1.083252957349101,2.12289121229878,2.619854512261872,1.1594150371018876
86.0,224.0,1226.6837158203125,-3.352696630462515,1.499206771986335,1.735005102395289,1.876958981996088,0.7577398312938687,-1.3393158335815272,-1.0832898699192934,2.1228911657848224,2.619670958598375,1.1631081278755135
86.0,224.0,1226.6845703125,-3.3526602366647875,1.499539884477204,1.735005102395289,1.8755988448434475,0.757724307333273,-1.339330911054992,-1.0832529401138995,2.122891163572705,2.619821867180576,1.1594150371018876
86.0,224.0,1226.6845703125,-3.3526602366647875,1.499539884477204,1.735005102395289,1.8755988448434475,0.757724307333273,-1.339330911054992,-1.0832529401138995,2.122891163572705,2.619821867180576,1.1594150371018876
86.0,224.0,1226.6849365234375,-3.352698084467317,1.4994935876364763,1.735005102395289,1.8758914133587363,0.7579184551916336,-1.3399404847650125,-1.0832617851559123,2.122891213714733,2.6196687372687624,1.1595262616502038
86.0,224.0,1226.6849365234375,-3.3526602366647875,1.499539884477204,1.735005102395289,1.8755616793710213,0.7577247083609295,-1.339331082643784,-1.0832898552510863,2.122891164161632,2.619821867180576,1.1595159045210686
86.0,224.0,1226.685302734375,-3.352700473872397,1.49952225504904,1.735005102395289,1.8755988448434475,0.757724307333273,-1.339330911054992,-1.0832529401138995,2.1228912136684888,2.6198521949187312,1.1594150371018876
86.0,224.0,1226.685302734375,-3.352700473872397,1.49952225504904,1.735005102395289,1.8755988448434475,0.757724307333273,-1.339330911054992,-1.0832529401138995,2.1228912136684888,2.6198521949187312,1.1594150371018876
86.0,224.0,1226.68896484375,-3.35266059638052,1.4991686701049578,1.735005102395289,1.876937312535405,0.7578687899308416,-1.3395776289009835,-1.0832908023959045,2.1228911638684616,2.619821789879725,1.16310814026223
86.0,224.0,1226.689208984375,-3.3526605999791674,1.4991065803375547,1.735005102395289,1.876937312535405,0.7577365430661218,-1.3395776289009835,-1.0832917955937165,2.1228911638684367,2.619821789879725,1.1631081914645742
86.0,224.0,1226.6900634765625,-3.3526605999791674,1.4991686701049578,1.735005102395289,1.876937312535405,0.7577358547306785,-1.3395776289009835,-1.0832908023959045,2.1228911638684616,2.619821789879725,1.16310814026223
86.0,224.0,1226.690673828125,-3.352660908344388,1.4995392426881091,1.735005102395289,1.876937312535405,0.7578996969445783,-1.3395776289009835,-1.0832585327072914,2.1228911638690184,2.6196574088151894,1.1631090771130452
86.0,225.0,1226.4996337890625,-3.352663382781424,1.4776743620339312,1.735005102395289,1.8719336935469488,0.7577246515596704,-1.3396206397258503,-1.0832898699192934,2.1228912159103177,2.619823053286574,1.1593798037341676
86.0,225.0,1226.5108642578125,-3.352700473872397,1.4665672395642444,1.735005102395289,1.872168335325646,0.7578988964339303,-1.3393456047756722,-1.0832548478517376,2.122891211815789,2.619854512261872,1.1594049807754638
86.0,225.0,1226.531005859375,-3.3526607206592702,1.4776151547760417,1.735005102395289,1.8771166401519264,0.7578960069388655,-1.3392995657585918,-1.0832599583771885,2.1228911619442234,2.619860501986723,1.163108119562353
86.0,225.0,1226.5311279296875,-3.3526996083830567,1.4776151547760417,1.735005102395289,1.872047094689163,0.7578960069388655,-1.3393097583862714,-1.0832599583771885,2.1228911619442234,2.619860501986723,1.163108119562353
86.0,225.0,1226.5369873046875,-3.3526606026348813,1.477586969912892,1.735005102395289,1.875366057178824,0.7578849130498958,-1.339612909724217,-1.0832550753427093,2.1228911636542684,2.6196543875279468,1.163108160221348
86.0,225.0,1226.5386962890625,-3.352695971304739,1.477678582148673,1.735005102395289,1.8752517579652903,0.7577399858497376,-1.339577124999937,-1.083260558106038,2.122891164801614,2.6196543875279468,1.163108159901166
86.0,225.0,1226.5389404296875,-3.352695967478855,1.4776743620339312,1.735005102395289,1.872210812621524,0.7577399858497376,-1.339577124999937,-1.0832586112940337,2.122891164801614,2.6196543875279468,1.163108159901166
86.0,225.0,1226.5389404296875,-3.3526605963140512,1.4775830154716558,1.735005102395289,1.876937312535405,0.7578961598642103,-1.3395776289009835,-1.0832523646166323,2.122891163711053,2.619821789879725,1.1631081824342564
86.0,225.0,1226.5389404296875,-3.3526959338084965,1.477678582148673,1.735005102395289,1.8752586214818496,0.7577399858497376,-1.339579508285432,-1.083291007026954,2.122891164784894,2.6196543875279468,1.163108159901166
86.0,225.0,1226.5389404296875,-3.352695980926902,1.4776744084800617,1.735005102395289,1.872394937621586,0.7577398312938687,-1.339577005862591,-1.083295331450467,2.1228912137022307,2.619657243049648,1.16310817873697
86.0,225.0,1226.5394287109375,-3.35266077630102,1.4776743620339312,1.735005102395289,1.875366057178824,0.7577371315740058,-1.3396117334328594,-1.0832550753427093,2.1228911636542684,2.6196543875279468,1.163108159901166
86.0,225.0,1226.5400390625,-3.352696180054956,1.4776743620339312,1.735005102395289,1.875366057178824,0.7577398312938687,-1.3396117334328594,-1.0832907975330632,2.122891164801614,2.6196543875279468,1.163108159901166
86.0,225.0,1226.5401611328125,-3.3526966208403524,1.4776785357025428,1.735005102395289,1.875314930613945,0.7577399858497376,-1.3396207588631963,-1.0832601468110468,2.122891164801614,2.6196543875279468,1.163108159901166
86.0,225.0,1226.540283203125,-3.3526960982752985,1.4776743620339312,1.735005102395289,1.87542326919475,0.7577398312938687,-1.3396211698122065,-1.0832907975330632,2.122891164801614,2.6196543875279468,1.163108159901166
86.0,225.0,1226.540283203125,-3.352696630462515,1.4776743620339312,1.735005102395289,1.8724581102702405,0.7577398312938687,-1.3396206397258503,-1.083294920155476,2.1228912137022307,2.619657243049648,1.16310817873697
86.0,225.0,1226.540283203125,-3.352696630462515,1.4776743620339312,1.735005102395289,1.8724581102702405,0.7577398312938687,-1.3396206397258503,-1.083294920155476,2.1228912137022307,2.619657243049648,1.16310817873697
86.0,225.0,1226.5404052734375,-3.352696630462515,1.4776743620339312,1.735005102395289,1.872210812621524,0.7577398312938687,-1.3396206397258503,-1.0832898699192934,2.1228912137022307,2.6196543875279468,1.163108159901166
86.0,225.0,1226.5404052734375,-3.3526966518485506,1.4776746131183298,1.735005102395289,1.8752586214818496,0.7577399858497376,-1.3396267389503085,-1.083292413675376,2.122891164785018,2.6196543875279468,1.163108159901166
86.0,225.0,1226.54052734375,-3.352696630462515,1.4776743620339312,1.735005102395289,1.872210812621524,0.7577398312938687,-1.339625086300256,-1.0832923658149989,2.122891164801614,2.6196543875279468,1.163108159901166
86.0,225.0,1226.54052734375,-3.352696630462515,1.4776743620339312,1.735005102395289,1.8721987034031835,0.7577375383013351,-1.3396206397258503,-1.0832881816652222,2.1228912137022307,2.619662157398574,1.163109113523631
86.0,225.0,1226.54052734375,-3.352696630462515,1.4776743620339312,1.735005102395289,1.872210812621524,0.7577398364738593,-1.339625086300256,-1.0832923658149989,2.122891164801614,2.6196543875279468,1.163108159901166
86.0,225.0,1226.54052734375,-3.352696630462515,1.4776743620339312,1.735005102395289,1.872210812621524,0.7577398897257629,-1.339625086300256,-1.0832592418194664,2.1228911659252296,2.619660896758935,1.1631090589812685
86.0,225.0,1226.54052734375,-3.3526960910948773,1.4776743620339312,1.735005102395289,1.8757003128846,0.7577398312938687,-1.33962130408734,-1.0832908721706012,2.122891164801614,2.6196543875279468,1.163108159901166
86.0,225.0,1226.5406494140625,-3.3526966224769046,1.4776743620339312,1.735005102395289,1.872210812621524,0.757739838547852,-1.3396282090766165,-1.0832923658149989,2.122891164801614,2.6196543875279468,1.163108159901166
86.0,225.0,1226.541015625,-3.352695967478855,1.4775389099003715,1.735005102395289,1.872210812621524,0.7577385539537284,-1.3395771880228686,-1.0832585816291491,2.122891163804466,2.619839681563347,1.1631081657477882
86.0,225.0,1226.541015625,-3.3526639648613203,1.4776743620339312,1.7351484759497589,1.876935017713412,0.7577397237547315,-1.3396197281239883,-1.0832907953050497,2.1228911652621894,2.619660277958625,1.163108161164874
86.0,225.0,1226.5411376953125,-3.352660599912699,1.4775830154716558,1.735005102395289,1.876937312535405,0.7577632246640473,-1.3395776289009835,-1.0832523646166323,2.122891163711053,2.619821789879725,1.1631081824342564
86.0,225.0,1226.541259765625,-3.35269683312037,1.4777967514867736,1.735005102395289,1.8754129303026703,0.7577398312938687,-1.3396557348315965,-1.0832907975330632,2.122891166310352,2.6196543875279468,1.163108159901166
86.0,225.0,1226.541259765625,-3.3526607699801896,1.4776704075926952,1.735005102395289,1.876937312535405,0.7577483783883202,-1.339576452609626,-1.0832523646166323,2.122891163711053,2.619821789879725,1.1631081821140747
86.0,225.0,1226.54150390625,-3.352698382633895,1.4775830154716558,1.735005102395289,1.876937312535405,0.7577747257415564,-1.3395776289009835,-1.083261549466194,2.122891163711053,2.619821789879725,1.1631080778374523
86.0,225.0,1226.5418701171875,-3.352696630462515,1.4776743620339312,1.735005102395289,1.876859584078913,0.7577398312938687,-1.339625086300256,-1.083290475312362,2.1228911652846048,2.6196543875279468,1.16311821622759
86.0,225.0,1226.5423583984375,-3.352696630462515,1.4776743620339312,1.735005102395289,1.872210812621524,0.7577398949057534,-1.339625086300256,-1.0832592418194664,2.122891164801614,2.6198192195345325,1.163109059368918
86.0,225.0,1226.5423583984375,-3.352696630462515,1.4776743620339312,1.735005102395289,1.872210812621524,0.7577398897257629,-1.339625086300256,-1.0832592418194664,2.122891164801614,2.6198192195345325,1.163109059368918
86.0,225.0,1226.5423583984375,-3.352696630462515,1.4776743620339312,1.735005102395289,1.8721987034031835,0.7577375383013351,-1.3396206397258503,-1.0832881816652222,2.122891212578616,2.619820480174172,1.1631091139112806
86.0,225.0,1226.54248046875,-3.352696630462515,1.4775909453296008,1.735005102395289,1.8719669675520567,0.7577398949057534,-1.3396255493076905,-1.0832592418194664,2.122891164801614,2.6198217824716,1.163109059368918
86.0,225.0,1226.543212890625,-3.352660509554071,1.473904284286583,1.735005102395289,1.872204484916807,0.7577375383013351,-1.339574731341577,-1.083288215018034,2.1228912111552587,2.619820480174172,1.1631091139112806
86.0,225.0,1226.54345703125,-3.3526960982752985,1.4776743620339312,1.735005102395289,1.87542326919475,0.7577398312938687,-1.3396211698122065,-1.08324890060006,2.122891164801614,2.6196543875279468,1.1633444917044489
86.0,225.0,1226.5528564453125,-3.352696835216984,1.4777967514867736,1.735005102395289,1.8754129303026703,0.7577398312938687,-1.340020342399008,-1.0832628473415924,2.122891166310352,2.6196543875279468,1.1631253257943486
86.0,225.0,1226.5582275390625,-3.3526605999791674,1.494256787458298,1.735005102395289,1.876937312535405,0.7577357911187939,-1.3306231072305024,-1.0832915910721117,2.1228911638684616,2.61965695787314,1.1631081413721325
86.0,225.0,1226.5860595703125,-3.352700891306493,1.4663730867268832,1.735005102395289,1.875264918376606,0.7579003849826461,-1.339579508285432,-1.083291007026954,2.122891211671813,2.61985040998388,1.1630404255162858
86.0,225.0,1226.602783203125,-3.35269469824081,1.4776743620339312,1.7209408937199329,1.876935017713412,0.7577397237547315,-1.3396197031387267,-1.0832908027186756,2.122891164801614,2.619657634270512,1.163108161164874
86.0,225.0,1226.6236572265625,-3.3526605999791674,1.494256787458298,1.735005102395289,1.876937312535405,0.7577357911187939,-1.3395776289009835,-1.0832917481958348,2.1228911638684616,2.61965695787314,1.1631081484194497
86.0,225.0,1226.6268310546875,-3.3526605999791674,1.494256787458298,1.735005102395289,1.876937312535405,0.7577358547306785,-1.3395776289009835,-1.0832586242003026,2.1228911638684616,2.619821789879725,1.1631090478872017
86.0,225.0,1226.6480712890625,-3.3526609952849165,1.494342230256638,1.735005102395289,1.8722653702506915,0.7577375490400764,-1.3396206397258503,-1.0832916100230758,2.1228911644041344,2.6196571399296413,1.163109113523631
86.0,225.0,1226.6617431640625,-3.352697511101048,1.4992145823295662,1.735005102395289,1.8758914133587363,0.7577289010299676,-1.3309664450278849,-1.0832617851559123,2.1228912136715303,2.6196706126502027,1.1631090761160865
86.0,225.0,1226.6629638671875,-3.3526982711989324,1.4992145823295662,1.735005102395289,1.8758914133587363,0.7579184551916336,-1.3306225733700372,-1.0832617851559123,2.122891212711831,2.6196687372687624,1.1631090761160865
86.0,225.0,1226.6639404296875,-3.3526968989541306,1.4994910813050155,1.735005102395289,1.8769360450730173,0.757894330866734,-1.331123013357109,-1.0832622872715822,2.1228912136715303,2.6198664143507657,1.16310763304629
86.0,225.0,1226.6689453125,-3.3526968989541306,1.4992145908219496,1.735005102395289,1.875896618675859,0.7577289011104763,-1.3309664450278849,-1.0832617851559123,2.1228912136715303,2.6198664143507657,1.163125108643051
86.0,225.0,1226.6689453125,-3.3526968989541306,1.499215414894868,1.735005102395289,1.875896618675859,0.7577289011104763,-1.3309664450278849,-1.0832617851559123,2.1228912136715303,2.6198664143507657,1.163125108643051
86.0,225.0,1226.671630859375,-3.3526968968575166,1.4992145908219496,1.735005102395289,1.875896618675859,0.7577289011104763,-1.3306018374604731,-1.0832897353473832,2.1228912136715303,2.6198664143507657,1.1631079427498687
86.0,226.0,1226.4996337890625,-3.352663382781424,1.4776743620339312,1.735005102395289,1.8719336935469488,0.7577246515596704,-1.3396206397258503,-1.0832898699192934,2.1228912159103177,2.619823053286574,1.1593798037341676
86.0,226.0,1226.5001220703125,-3.3526972025424326,1.4776743620339312,1.735005102395289,1.8719336935469488,0.7577246515596704,-1.3396206397258503,-1.0832594787305172,2.122891214122701,2.619823053286574,1.1593798037341676
86.0,226.0,1226.5108642578125,-3.352700473872397,1.4665672395642444,1.735005102395289,1.872168335325646,0.7578988964339303,-1.3393456047756722,-1.0832548478517376,2.122891211815789,2.619854512261872,1.1594049807754638
86.0,226.0,1226.531005859375,-3.3526607206592702,1.4776151547760417,1.735005102395289,1.8771166401519264,0.7578960069388655,-1.3392995657585918,-1.0832599583771885,2.1228911619442234,2.619860501986723,1.163108119562353
86.0,226.0,1226.531005859375,-3.3526996083830567,1.477674290730195,1.735005102395289,1.8724233175337088,0.7578867382835737,-1.3393097583862714,-1.0832599583771885,2.1228911619442234,2.619860501986723,1.163108119562353
86.0,226.0,1226.5311279296875,-3.3526996083830567,1.4776151547760417,1.735005102395289,1.872047094689163,0.7578960069388655,-1.3393097583862714,-1.0832599583771885,2.1228911619442234,2.619860501986723,1.163108119562353
86.0,226.0,1226.5369873046875,-3.3526606026348813,1.477586969912892,1.735005102395289,1.875366057178824,0.7578849130498958,-1.339612909724217,-1.0832550753427093,2.1228911636542684,2.6196543875279468,1.163108160221348
86.0,226.0,1226.537353515625,-3.3526606026348813,1.477586969912892,1.735005102395289,1.875366057178824,0.7578849130498958,-1.3396204336669042,-1.0832994962862943,2.1228911636542684,2.6196543875279468,1.163108160221348
86.0,226.0,1226.5386962890625,-3.352695971304739,1.477678582148673,1.735005102395289,1.8752517579652903,0.7577399858497376,-1.339577124999937,-1.083260558106038,2.122891164801614,2.6196543875279468,1.163108159901166
86.0,226.0,1226.5389404296875,-3.352695967478855,1.4776743620339312,1.735005102395289,1.872210812621524,0.7577399858497376,-1.339577124999937,-1.0832586112940337,2.122891164801614,2.6196543875279468,1.163108159901166
86.0,226.0,1226.5389404296875,-3.3526605963140512,1.4775830154716558,1.735005102395289,1.876937312535405,0.7578961598642103,-1.3395776289009835,-1.0832523646166323,2.122891163711053,2.619821789879725,1.1631081824342564
86.0,226.0,1226.5389404296875,-3.3526959338084965,1.477678582148673,1.735005102395289,1.8752586214818496,0.7577399858497376,-1.339579508285432,-1.083291007026954,2.122891164784894,2.6196543875279468,1.163108159901166
86.0,226.0,1226.5389404296875,-3.352695980926902,1.4776744084800617,1.735005102395289,1.872394937621586,0.7577398312938687,-1.339577005862591,-1.083295331450467,2.1228912137022307,2.619657243049648,1.16310817873697
86.0,226.0,1226.5390625,-3.352695980453708,1.4776743620339312,1.735005102395289,1.8722113195564605,0.7577400555567337,-1.339580259548686,-1.0832588453731735,2.1228912137022307,2.619662157398574,1.1631091233162192
86.0,226.0,1226.5394287109375,-3.35266077630102,1.4776743620339312,1.735005102395289,1.875366057178824,0.7577371315740058,-1.3396117334328594,-1.0832550753427093,2.1228911636542684,2.6196543875279468,1.163108159901166
86.0,226.0,1226.5394287109375,-3.35266077630102,1.4776743620339312,1.735005102395289,1.875365683389018,0.7577371315740058,-1.3396117334328594,-1.0832549830891112,2.1228911636542684,2.6196543875279468,1.163108159901166
86.0,226.0,1226.5399169921875,-3.35266077630102,1.4776743620339312,1.735005102395289,1.872227032805586,0.7577399328837034,-1.3396253985888409,-1.0832550753427093,2.1228911636542684,2.6196543875279468,1.1631090412160654
86.0,226.0,1226.5400390625,-3.352696180054956,1.4776743620339312,1.735005102395289,1.875366057178824,0.7577398312938687,-1.3396117334328594,-1.0832907975330632,2.122891164801614,2.6196543875279468,1.163108159901166
86.0,226.0,1226.5401611328125,-3.3526966208403524,1.4776785357025428,1.735005102395289,1.875314930613945,0.7577399858497376,-1.3396207588631963,-1.0832601468110468,2.122891164801614,2.6196543875279468,1.163108159901166
86.0,226.0,1226.540283203125,-3.3526960982752985,1.4776743620339312,1.735005102395289,1.87542326919475,0.7577398312938687,-1.3396211698122065,-1.0832907975330632,2.122891164801614,2.6196543875279468,1.163108159901166
86.0,226.0,1226.540283203125,-3.352696630462515,1.4776743620339312,1.735005102395289,1.8724581102702405,0.7577398312938687,-1.3396206397258503,-1.083294920155476,2.1228912137022307,2.619657243049648,1.16310817873697
86.0,226.0,1226.540283203125,-3.352696630462515,1.4776743620339312,1.735005102395289,1.8724581102702405,0.7577398312938687,-1.3396206397258503,-1.083294920155476,2.1228912137022307,2.619657243049648,1.16310817873697
86.0,226.0,1226.540283203125,-3.3526966174876627,1.4776743620339312,1.735005102395289,1.872198196468247,0.7577374685943388,-1.339617505177102,-1.0832879475860822,2.122891164801614,2.6196543875279468,1.163108150108578
86.0,226.0,1226.540283203125,-3.352696963259364,1.4776743620339312,1.735005102395289,1.8724581102702405,0.7577398312938687,-1.3396206397258503,-1.083294920155476,2.122891164813516,2.6196545831802265,1.1631081803374457
86.0,226.0,1226.5404052734375,-3.352696630462515,1.4776743620339312,1.735005102395289,1.872210812621524,0.7577398312938687,-1.3396206397258503,-1.0832898699192934,2.1228912137022307,2.6196543875279468,1.163108159901166
86.0,226.0,1226.5404052734375,-3.3526966518485506,1.4776746131183298,1.735005102395289,1.8752586214818496,0.7577399858497376,-1.3396267389503085,-1.083292413675376,2.122891164785018,2.6196543875279468,1.163108159901166
86.0,226.0,1226.5404052734375,-3.352696630462515,1.4776743620339312,1.735005102395289,1.872460742359918,0.7577398312938687,-1.339625086300256,-1.0832923836034067,2.122891164801614,2.6196544112213727,1.1631081773468133
86.0,226.0,1226.5404052734375,-3.3526966518485506,1.4776746131183298,1.735005102395289,1.8752586214818496,0.7577399858497376,-1.3396267389503085,-1.083292413675376,2.122891164785018,2.6196543875279468,1.163108159901166
86.0,226.0,1226.54052734375,-3.352696630462515,1.4776743620339312,1.735005102395289,1.872210812621524,0.7577398312938687,-1.339625086300256,-1.0832923658149989,2.122891164801614,2.6196543875279468,1.163108159901166
86.0,226.0,1226.54052734375,-3.352696630462515,1.4776743620339312,1.735005102395289,1.8721987034031835,0.7577375383013351,-1.3396206397258503,-1.0832881816652222,2.1228912137022307,2.619662157398574,1.163109113523631
86.0,226.0,1226.54052734375,-3.352696630462515,1.4776743620339312,1.735005102395289,1.872210812621524,0.7577398364738593,-1.339625086300256,-1.0832923658149989,2.122891164801614,2.6196543875279468,1.163108159901166
86.0,226.0,1226.54052734375,-3.352696630462515,1.4776743620339312,1.735005102395289,1.872210812621524,0.7577398897257629,-1.339625086300256,-1.0832592418194664,2.1228911659252296,2.619660896758935,1.1631090589812685
86.0,226.0,1226.54052734375,-3.3526960910948773,1.4776743620339312,1.735005102395289,1.8757003128846,0.7577398312938687,-1.33962130408734,-1.0832908721706012,2.122891164801614,2.6196543875279468,1.163108159901166
86.0,226.0,1226.5406494140625,-3.3526966224769046,1.4776743620339312,1.735005102395289,1.872210812621524,0.757739838547852,-1.3396282090766165,-1.0832923658149989,2.122891164801614,2.6196543875279468,1.163108159901166
86.0,226.0,1226.5406494140625,-3.3526966224769046,1.4776743620339312,1.735005102395289,1.8721983091226988,0.757739838547852,-1.339628307119988,-1.0832924372456203,2.122891165793244,2.6196543875279468,1.163108159901166
86.0,226.0,1226.541015625,-3.352695967478855,1.4775389099003715,1.735005102395289,1.872210812621524,0.7577385539537284,-1.3395771880228686,-1.0832585816291491,2.122891163804466,2.619839681563347,1.1631081657477882
86.0,226.0,1226.541015625,-3.3526639648613203,1.4776743620339312,1.7351484759497589,1.876935017713412,0.7577397237547315,-1.3396197281239883,-1.0832907953050497,2.1228911652621894,2.619660277958625,1.163108161164874
86.0,226.0,1226.5411376953125,-3.352660599912699,1.4775830154716558,1.735005102395289,1.876937312535405,0.7577632246640473,-1.3395776289009835,-1.0832523646166323,2.122891163711053,2.619821789879725,1.1631081824342564
86.0,226.0,1226.541259765625,-3.35269683312037,1.4777967514867736,1.735005102395289,1.8754129303026703,0.7577398312938687,-1.3396557348315965,-1.0832907975330632,2.122891166310352,2.6196543875279468,1.163108159901166
86.0,226.0,1226.541259765625,-3.3526607699801896,1.4776704075926952,1.735005102395289,1.876937312535405,0.7577483783883202,-1.339576452609626,-1.0832523646166323,2.122891163711053,2.619821789879725,1.1631081821140747
86.0,226.0,1226.54150390625,-3.352698382633895,1.4775830154716558,1.735005102395289,1.876937312535405,0.7577747257415564,-1.3395776289009835,-1.083261549466194,2.122891163711053,2.619821789879725,1.1631080778374523
86.0,226.0,1226.54150390625,-3.3526960763720486,1.4775832795952148,1.735005102395289,1.876937312535405,0.7577747257415564,-1.3395780809729732,-1.083260830931957,2.122891163711053,2.619821789879725,1.1631080778374523
86.0,226.0,1226.5416259765625,-3.352696630462515,1.4776743620339312,1.735005102395289,1.8753498369947617,0.7577370935960558,-1.339611421144275,-1.0832592418194664,2.122891164801614,2.6198192195345325,1.163108178054019
86.0,226.0,1226.5418701171875,-3.352696630462515,1.4776743620339312,1.735005102395289,1.876859584078913,0.7577398312938687,-1.339625086300256,-1.083290475312362,2.1228911652846048,2.6196543875279468,1.16311821622759
86.0,226.0,1226.5423583984375,-3.352696630462515,1.4776743620339312,1.735005102395289,1.872210812621524,0.7577398949057534,-1.339625086300256,-1.0832592418194664,2.122891164801614,2.6198192195345325,1.163109059368918
86.0,226.0,1226.5423583984375,-3.352696630462515,1.4776743620339312,1.735005102395289,1.872210812621524,0.7577398897257629,-1.339625086300256,-1.0832592418194664,2.122891164801614,2.6198192195345325,1.163109059368918
86.0,226.0,1226.5423583984375,-3.352696630462515,1.4776743620339312,1.735005102395289,1.8721987034031835,0.7577375383013351,-1.3396206397258503,-1.0832881816652222,2.122891212578616,2.619820480174172,1.1631091139112806
86.0,226.0,1226.5423583984375,-3.352696630462515,1.4776743620339312,1.735005102395289,1.8721987034031835,0.7577375383013351,-1.3396206397258503,-1.0832881816652222,2.122891212578616,2.619820480174172,1.1631091139112806
86.0,226.0,1226.54248046875,-3.352696630462515,1.4775909453296008,1.735005102395289,1.8719669675520567,0.7577398949057534,-1.3396255493076905,-1.0832592418194664,2.122891164801614,2.6198217824716,1.163109059368918
86.0,226.0,1226.543212890625,-3.352660509554071,1.473904284286583,1.735005102395289,1.872204484916807,0.7577375383013351,-1.339574731341577,-1.083288215018034,2.1228912111552587,2.619820480174172,1.1631091139112806
86.0,227.0,1226.431396484375,-3.3526605963140512,1.4775836725049885,1.735005102395289,1.876937312535405,0.7960571789983786,-1.339581875598567,-1.0832523646166323,2.122891163711053,2.619821952461752,1.1631081824342564
86.0,227.0,1226.4927978515625,-3.3526972025424326,1.4776743620339312,1.735005102395289,1.87220146359853,0.7577395516741635,-1.3396206397258503,-1.0832586075202093,2.1228912137705427,2.619823053286574,1.1586448969230911
86.0,227.0,1226.4996337890625,-3.352663382781424,1.4776743620339312,1.735005102395289,1.8719336935469488,0.7577246515596704,-1.3396206397258503,-1.0832898699192934,2.1228912159103177,2.619823053286574,1.1593798037341676
86.0,227.0,1226.5001220703125,-3.3526972025424326,1.4776743620339312,1.735005102395289,1.8719336935469488,0.7577246515596704,-1.3396206397258503,-1.0832594787305172,2.122891214122701,2.619823053286574,1.1593798037341676
86.0,227.0,1226.50390625,-3.352663382781424,1.4776743620339312,1.735005102395289,1.8719336935469488,0.7577246515596704,-1.3396205686302385,-1.0832556810993708,2.1228912159103177,2.619823053286574,1.1598229677856495
86.0,227.0,1226.5108642578125,-3.352700473872397,1.4665672395642444,1.735005102395289,1.872168335325646,0.7578988964339303,-1.3393456047756722,-1.0832548478517376,2.122891211815789,2.619854512261872,1.1594049807754638
86.0,227.0,1226.5277099609375,-3.3526959338084965,1.477678582148673,1.735005102395289,1.8752586214818496,0.757896956488183,-1.3393044446309248,-1.083260336536588,2.122891164784894,2.6196470424245093,1.163108159901166
86.0,227.0,1226.531005859375,-3.3526607206592702,1.4776151547760417,1.735005102395289,1.8771166401519264,0.7578960069388655,-1.3392995657585918,-1.0832599583771885,2.1228911619442234,2.619860501986723,1.163108119562353
86.0,227.0,1226.531005859375,-3.3526996083830567,1.477674290730195,1.735005102395289,1.8724233175337088,0.7578867382835737,-1.3393097583862714,-1.0832599583771885,2.1228911619442234,2.619860501986723,1.163108119562353
86.0,227.0,1226.531005859375,-3.3526996083830567,1.477614497742709,1.735005102395289,1.872047094689163,0.7578961660523271,-1.3393055116886885,-1.0832599583771885,2.1228911619442234,2.6198603394046955,1.163108119562353
86.0,227.0,1226.5311279296875,-3.3526996083830567,1.4776151547760417,1.735005102395289,1.872047094689163,0.7578960069388655,-1.3393097583862714,-1.0832599583771885,2.1228911619442234,2.619860501986723,1.163108119562353
86.0,227.0,1226.533447265625,-3.35266077630102,1.4776743620339312,1.735005102395289,1.875366057178824,0.7577371315740058,-1.3396118045284715,-1.0832892641626322,2.1228911636542684,2.6196543875279468,1.1626649958496842
86.0,227.0,1226.535888671875,-3.3526617912707,1.477586969912892,1.735005102395289,1.875366057178824,0.7578832486722613,-1.3395757595269149,-1.0832550753427093,2.1228911636542684,2.6196543875279468,1.163108160221348
86.0,227.0,1226.5369873046875,-3.3526606026348813,1.477586969912892,1.735005102395289,1.875366057178824,0.7578849130498958,-1.339612909724217,-1.0832550753427093,2.1228911636542684,2.6196543875279468,1.163108160221348
86.0,227.0,1226.537353515625,-3.3526606026348813,1.477586969912892,1.735005102395289,1.875366057178824,0.7578849130498958,-1.3396204336669042,-1.0832994962862943,2.1228911636542684,2.6196543875279468,1.163108160221348
86.0,227.0,1226.5374755859375,-3.3526606026348813,1.4775839585523889,1.735005102395289,1.8722094978217645,0.7578849130498958,-1.3396206401457322,-1.0832994962862943,2.1228911636542684,2.619654519284697,1.1631081630336866
86.0,227.0,1226.538330078125,-3.3526605963140512,1.4775830154716558,1.735005102395289,1.8723429210257785,0.757739852329302,-1.3395776289009835,-1.0832523646166323,2.122891163660642,2.61965719863716,1.1631081771042588
86.0,227.0,1226.5386962890625,-3.352695971304739,1.477678582148673,1.735005102395289,1.8752517579652903,0.7577399858497376,-1.339577124999937,-1.083260558106038,2.122891164801614,2.6196543875279468,1.163108159901166
86.0,227.0,1226.5389404296875,-3.352695967478855,1.4776743620339312,1.735005102395289,1.872210812621524,0.7577399858497376,-1.339577124999937,-1.0832586112940337,2.122891164801614,2.6196543875279468,1.163108159901166
86.0,227.0,1226.5389404296875,-3.3526605963140512,1.4775830154716558,1.735005102395289,1.876937312535405,0.7578961598642103,-1.3395776289009835,-1.0832523646166323,2.122891163711053,2.619821789879725,1.1631081824342564
86.0,227.0,1226.5389404296875,-3.3526959338084965,1.477678582148673,1.735005102395289,1.8752586214818496,0.7577399858497376,-1.339579508285432,-1.083291007026954,2.122891164784894,2.6196543875279468,1.163108159901166
86.0,227.0,1226.5389404296875,-3.352695980926902,1.4776744084800617,1.735005102395289,1.872394937621586,0.7577398312938687,-1.339577005862591,-1.083295331450467,2.1228912137022307,2.619657243049648,1.16310817873697
86.0,227.0,1226.5390625,-3.352695980453708,1.4776743620339312,1.735005102395289,1.8722113195564605,0.7577400555567337,-1.339580259548686,-1.0832588453731735,2.1228912137022307,2.619662157398574,1.1631091233162192
86.0,227.0,1226.5394287109375,-3.35266077630102,1.4776743620339312,1.735005102395289,1.875366057178824,0.7577371315740058,-1.3396117334328594,-1.0832550753427093,2.1228911636542684,2.6196543875279468,1.163108159901166
86.0,227.0,1226.5394287109375,-3.35266077630102,1.4776743620339312,1.735005102395289,1.875365683389018,0.7577371315740058,-1.3396117334328594,-1.0832549830891112,2.1228911636542684,2.6196543875279468,1.163108159901166
86.0,227.0,1226.539794921875,-3.3526947826689204,1.477678582148673,1.735005102395289,1.8752517579652903,0.7577416502273719,-1.3396142751972395,-1.083260558106038,2.122891164801614,2.6196543875279468,1.163108159901166
86.0,227.0,1226.5399169921875,-3.35266077630102,1.4776743620339312,1.735005102395289,1.872227032805586,0.7577399328837034,-1.3396253985888409,-1.0832550753427093,2.1228911636542684,2.6196543875279468,1.1631090412160654
86.0,227.0,1226.5400390625,-3.352696180054956,1.4776743620339312,1.735005102395289,1.875366057178824,0.7577398312938687,-1.3396117334328594,-1.0832907975330632,2.122891164801614,2.6196543875279468,1.163108159901166
86.0,227.0,1226.5401611328125,-3.3526966208403524,1.4776785357025428,1.735005102395289,1.875314930613945,0.7577399858497376,-1.3396207588631963,-1.0832601468110468,2.122891164801614,2.6196543875279468,1.163108159901166
86.0,227.0,1226.540283203125,-3.3526960982752985,1.4776743620339312,1.735005102395289,1.87542326919475,0.7577398312938687,-1.3396211698122065,-1.0832907975330632,2.122891164801614,2.6196543875279468,1.163108159901166
86.0,227.0,1226.540283203125,-3.352696630462515,1.4776743620339312,1.735005102395289,1.8724581102702405,0.7577398312938687,-1.3396206397258503,-1.083294920155476,2.1228912137022307,2.619657243049648,1.16310817873697
86.0,227.0,1226.540283203125,-3.352696630462515,1.4776743620339312,1.735005102395289,1.8724581102702405,0.7577398312938687,-1.3396206397258503,-1.083294920155476,2.1228912137022307,2.619657243049648,1.16310817873697
86.0,227.0,1226.540283203125,-3.3526966174876627,1.4776743620339312,1.735005102395289,1.872198196468247,0.7577374685943388,-1.339617505177102,-1.0832879475860822,2.122891164801614,2.6196543875279468,1.163108150108578
86.0,227.0,1226.540283203125,-3.352696963259364,1.4776743620339312,1.735005102395289,1.8724581102702405,0.7577398312938687,-1.3396206397258503,-1.083294920155476,2.122891164813516,2.6196545831802265,1.1631081803374457
86.0,227.0,1226.5404052734375,-3.352696630462515,1.4776743620339312,1.735005102395289,1.872210812621524,0.7577398312938687,-1.3396206397258503,-1.0832898699192934,2.1228912137022307,2.6196543875279468,1.163108159901166
86.0,227.0,1226.5404052734375,-3.3526966518485506,1.4776746131183298,1.735005102395289,1.8752586214818496,0.7577399858497376,-1.3396267389503085,-1.083292413675376,2.122891164785018,2.6196543875279468,1.163108159901166
86.0,227.0,1226.5404052734375,-3.352696630462515,1.4776743620339312,1.735005102395289,1.872460742359918,0.7577398312938687,-1.339625086300256,-1.0832923836034067,2.122891164801614,2.6196544112213727,1.1631081773468133
86.0,227.0,1226.5404052734375,-3.3526966518485506,1.4776746131183298,1.735005102395289,1.8752586214818496,0.7577399858497376,-1.3396267389503085,-1.083292413675376,2.122891164785018,2.6196543875279468,1.163108159901166
86.0,227.0,1226.5404052734375,-3.352696630462515,1.4776743620339312,1.735005102395289,1.872200866854464,0.7577398312938687,-1.3396206397258503,-1.083294920155476,2.122891209602781,2.619660751265988,1.163108246815028
86.0,227.0,1226.5404052734375,-3.3526995748602886,1.4776192002468846,1.735005102395289,1.875366057178824,0.7577265652161423,-1.3396148441919338,-1.0832907975330632,2.122891161861141,2.6196544761957714,1.163108119840308
86.0,227.0,1226.5404052734375,-3.352696630462515,1.4776773733944342,1.735005102395289,1.8753552627602432,0.7577375383013351,-1.3396204332470223,-1.0832881816652222,2.1228912137022307,2.619662025641824,1.1631091107112927
86.0,227.0,1226.54052734375,-3.352696630462515,1.4776743620339312,1.735005102395289,1.872210812621524,0.7577398312938687,-1.339625086300256,-1.0832923658149989,2.122891164801614,2.6196543875279468,1.163108159901166
86.0,227.0,1226.54052734375,-3.352696630462515,1.4776743620339312,1.735005102395289,1.8721987034031835,0.7577375383013351,-1.3396206397258503,-1.0832881816652222,2.1228912137022307,2.619662157398574,1.163109113523631
86.0,227.0,1226.54052734375,-3.352696630462515,1.4776743620339312,1.735005102395289,1.872210812621524,0.7577398364738593,-1.339625086300256,-1.0832923658149989,2.122891164801614,2.6196543875279468,1.163108159901166
86.0,227.0,1226.54052734375,-3.352696630462515,1.4776743620339312,1.735005102395289,1.872210812621524,0.7577398897257629,-1.339625086300256,-1.0832592418194664,2.1228911659252296,2.619660896758935,1.1631090589812685
86.0,227.0,1226.54052734375,-3.3526960910948773,1.4776743620339312,1.735005102395289,1.8757003128846,0.7577398312938687,-1.33962130408734,-1.0832908721706012,2.122891164801614,2.6196543875279468,1.163108159901166
86.0,227.0,1226.54052734375,-3.352696630462515,1.4776743620339312,1.735005102395289,1.8722095548497244,0.7577398897257629,-1.3396251868069595,-1.0832592418194664,2.1228911648022493,2.619657532225113,1.163109059368918
86.0,227.0,1226.5406494140625,-3.3526966224769046,1.4776743620339312,1.735005102395289,1.872210812621524,0.757739838547852,-1.3396282090766165,-1.0832923658149989,2.122891164801614,2.6196543875279468,1.163108159901166
86.0,227.0,1226.5406494140625,-3.3526966224769046,1.4776743620339312,1.735005102395289,1.8721983091226988,0.757739838547852,-1.339628307119988,-1.0832924372456203,2.122891165793244,2.6196543875279468,1.163108159901166
86.0,227.0,1226.541015625,-3.352695967478855,1.4775389099003715,1.735005102395289,1.872210812621524,0.7577385539537284,-1.3395771880228686,-1.0832585816291491,2.122891163804466,2.619839681563347,1.1631081657477882
86.0,228.0,1226.431396484375,-3.3526605963140512,1.4775836725049885,1.735005102395289,1.876937312535405,0.7960571789983786,-1.339581875598567,-1.0832523646166323,2.122891163711053,2.619821952461752,1.1631081824342564
86.0,228.0,1226.4404296875,-3.352661900593044,1.4775803313422662,1.735005102395289,1.872421052881001,0.7960571789983786,-1.339581670359962,-1.0832541771177255,2.1228911636892627,2.61965279817614,1.1631081824342564
86.0,228.0,1226.4927978515625,-3.3526972025424326,1.4776743620339312,1.735005102395289,1.87220146359853,0.7577395516741635,-1.3396206397258503,-1.0832586075202093,2.1228912137705427,2.619823053286574,1.1586448969230911
86.0,228.0,1226.4981689453125,-3.3526947826689204,1.477678582148673,1.735005102395289,1.872094380392313,0.7577399045038204,-1.3396142751972395,-1.0832604971122792,2.122891164801614,2.619649033940062,1.1595057585595314
86.0,228.0,1226.4996337890625,-3.352663382781424,1.4776743620339312,1.735005102395289,1.8719336935469488,0.7577246515596704,-1.3396206397258503,-1.0832898699192934,2.1228912159103177,2.619823053286574,1.1593798037341676
86.0,228.0,1226.5001220703125,-3.3526972025424326,1.4776743620339312,1.735005102395289,1.8719336935469488,0.7577246515596704,-1.3396206397258503,-1.0832594787305172,2.122891214122701,2.619823053286574,1.1593798037341676
86.0,228.0,1226.50390625,-3.352663382781424,1.4776743620339312,1.735005102395289,1.8719336935469488,0.7577246515596704,-1.3396205686302385,-1.0832556810993708,2.1228912159103177,2.619823053286574,1.1598229677856495
86.0,228.0,1226.508056640625,-3.350052962029616,1.4776743620339312,1.735005102395289,1.87524694770522,0.7577371315740058,-1.3396117334328594,-1.0832551463286182,2.122891163650709,2.6196543875279468,1.163108159901166
86.0,228.0,1226.5108642578125,-3.352700473872397,1.4665672395642444,1.735005102395289,1.872168335325646,0.7578988964339303,-1.3393456047756722,-1.0832548478517376,2.122891211815789,2.619854512261872,1.1594049807754638
86.0,228.0,1226.5277099609375,-3.3526959338084965,1.477678582148673,1.735005102395289,1.8752586214818496,0.757896956488183,-1.3393044446309248,-1.083260336536588,2.122891164784894,2.6196470424245093,1.163108159901166
86.0,228.0,1226.5277099609375,-3.3526959338084965,1.477678582148673,1.735005102395289,1.875105174796748,0.757896956488183,-1.3393044446309248,-1.083260336536588,2.122891164784894,2.6196470424245093,1.163108119242232
86.0,228.0,1226.530517578125,-3.3526960910948773,1.477674361780069,1.735005102395289,1.8757003128846,0.7577398312938687,-1.3393005307299697,-1.083261579066879,2.122891164801614,2.6196543875279468,1.1631081607904026
86.0,228.0,1226.531005859375,-3.3526607206592702,1.4776151547760417,1.735005102395289,1.8771166401519264,0.7578960069388655,-1.3392995657585918,-1.0832599583771885,2.1228911619442234,2.619860501986723,1.163108119562353
86.0,228.0,1226.531005859375,-3.3526996083830567,1.477674290730195,1.735005102395289,1.8724233175337088,0.7578867382835737,-1.3393097583862714,-1.0832599583771885,2.1228911619442234,2.619860501986723,1.163108119562353
86.0,228.0,1226.531005859375,-3.3526996083830567,1.477614497742709,1.735005102395289,1.872047094689163,0.7578961660523271,-1.3393055116886885,-1.0832599583771885,2.1228911619442234,2.6198603394046955,1.163108119562353
86.0,228.0,1226.531005859375,-3.3526607206592702,1.4776151547760417,1.735005102395289,1.8771166401519264,0.7578960069388655,-1.3392995657585918,-1.0832599583771885,2.1228911619442234,2.619860501986723,1.163108119562353
86.0,228.0,1226.5311279296875,-3.3526996083830567,1.4776151547760417,1.735005102395289,1.872047094689163,0.7578960069388655,-1.3393097583862714,-1.0832599583771885,2.1228911619442234,2.619860501986723,1.163108119562353
86.0,228.0,1226.53125,-3.3526607206592702,1.4776151547760417,1.735005102395289,1.8772700868370285,0.7578960069388655,-1.3392995657585918,-1.0832599583771885,2.1228911619442234,2.619860501986723,1.163108160221287
86.0,228.0,1226.533447265625,-3.35266077630102,1.4776743620339312,1.735005102395289,1.875366057178824,0.7577371315740058,-1.3396118045284715,-1.0832892641626322,2.1228911636542684,2.6196543875279468,1.1626649958496842
86.0,228.0,1226.535400390625,-3.3526621168915987,1.4776743620339312,1.735005102395289,1.875366057178824,0.7577395301610985,-1.3396118045284715,-1.0832892641626322,2.1228911636542684,2.619828290210556,1.1626649958496842
86.0,228.0,1226.535888671875,-3.3526617912707,1.477586969912892,1.735005102395289,1.875366057178824,0.7578832486722613,-1.3395757595269149,-1.0832550753427093,2.1228911636542684,2.6196543875279468,1.163108160221348
86.0,228.0,1226.5369873046875,-3.3526606026348813,1.477586969912892,1.735005102395289,1.875366057178824,0.7578849130498958,-1.339612909724217,-1.0832550753427093,2.1228911636542684,2.6196543875279468,1.163108160221348
86.0,228.0,1226.5369873046875,-3.3526606026348813,1.477586969912892,1.735005102395289,1.875366057178824,0.7578849130498958,-1.339612909724217,-1.0832550753427093,2.1228911636542684,2.6196543875279468,1.163108160221348
86.0,228.0,1226.537353515625,-3.3526606026348813,1.477586969912892,1.735005102395289,1.875366057178824,0.7578849130498958,-1.3396204336669042,-1.0832994962862943,2.1228911636542684,2.6196543875279468,1.163108160221348
86.0,228.0,1226.537353515625,-3.3526606026348813,1.477586969912892,1.735005102395289,1.875366057178824,0.7578849130498958,-1.3396204336669042,-1.0832994962862943,2.1228911636542684,2.6196543875279468,1.163108160221348
86.0,228.0,1226.5374755859375,-3.3526606026348813,1.4775839585523889,1.735005102395289,1.8722094978217645,0.7578849130498958,-1.3396206401457322,-1.0832994962862943,2.1228911636542684,2.619654519284697,1.1631081630336866
86.0,228.0,1226.537841796875,-3.352698628953193,1.477586969912892,1.735005102395289,1.8752591536552632,0.7578849130498958,-1.3396204083968744,-1.083292460232794,2.1228911636542684,2.6196543875279468,1.1631081602272892
86.0,228.0,1226.538330078125,-3.3526605963140512,1.4775830154716558,1.735005102395289,1.8723429210257785,0.757739852329302,-1.3395776289009835,-1.0832523646166323,2.122891163660642,2.61965719863716,1.1631081771042588
86.0,228.0,1226.5386962890625,-3.352695971304739,1.477678582148673,1.735005102395289,1.8752517579652903,0.7577399858497376,-1.339577124999937,-1.083260558106038,2.122891164801614,2.6196543875279468,1.163108159901166
86.0,228.0,1226.5389404296875,-3.352695967478855,1.4776743620339312,1.735005102395289,1.872210812621524,0.7577399858497376,-1.339577124999937,-1.0832586112940337,2.122891164801614,2.6196543875279468,1.163108159901166
86.0,228.0,1226.5389404296875,-3.3526605963140512,1.4775830154716558,1.735005102395289,1.876937312535405,0.7578961598642103,-1.3395776289009835,-1.0832523646166323,2.122891163711053,2.619821789879725,1.1631081824342564
86.0,228.0,1226.5389404296875,-3.3526959338084965,1.477678582148673,1.735005102395289,1.8752586214818496,0.7577399858497376,-1.339579508285432,-1.083291007026954,2.122891164784894,2.6196543875279468,1.163108159901166
86.0,228.0,1226.5389404296875,-3.352695980926902,1.4776744084800617,1.735005102395289,1.872394937621586,0.7577398312938687,-1.339577005862591,-1.083295331450467,2.1228912137022307,2.619657243049648,1.16310817873697
86.0,228.0,1226.5389404296875,-3.3526605963140512,1.4775830154716558,1.735005102395289,1.876937312535405,0.7578961598642103,-1.3395776289009835,-1.0832523646166323,2.122891163711053,2.619821789879725,1.1631081824342564
86.0,228.0,1226.5389404296875,-3.3526959338084965,1.477678582148673,1.735005102395289,1.8752586214818496,0.7577399858497376,-1.339579508285432,-1.083291007026954,2.122891164784894,2.6196543875279468,1.163108159901166
86.0,228.0,1226.5390625,-3.352695980453708,1.4776743620339312,1.735005102395289,1.8722113195564605,0.7577400555567337,-1.339580259548686,-1.0832588453731735,2.1228912137022307,2.619662157398574,1.1631091233162192
86.0,228.0,1226.5394287109375,-3.35266077630102,1.4776743620339312,1.735005102395289,1.875366057178824,0.7577371315740058,-1.3396117334328594,-1.0832550753427093,2.1228911636542684,2.6196543875279468,1.163108159901166
86.0,228.0,1226.5394287109375,-3.35266077630102,1.4776743620339312,1.735005102395289,1.875365683389018,0.7577371315740058,-1.3396117334328594,-1.0832549830891112,2.1228911636542684,2.6196543875279468,1.163108159901166
86.0,228.0,1226.5394287109375,-3.35266077630102,1.4776743620339312,1.735005102395289,1.875366057178824,0.7577371315740058,-1.3396117334328594,-1.0832547860236552,2.1228911636542684,2.6196543875279468,1.163108159901166
86.0,228.0,1226.539794921875,-3.3526947826689204,1.477678582148673,1.735005102395289,1.8752517579652903,0.7577416502273719,-1.3396142751972395,-1.083260558106038,2.122891164801614,2.6196543875279468,1.163108159901166
86.0,228.0,1226.5399169921875,-3.35266077630102,1.4776743620339312,1.735005102395289,1.872227032805586,0.7577399328837034,-1.3396253985888409,-1.0832550753427093,2.1228911636542684,2.6196543875279468,1.1631090412160654
86.0,228.0,1226.5400390625,-3.352696180054956,1.4776743620339312,1.735005102395289,1.875366057178824,0.7577398312938687,-1.3396117334328594,-1.0832907975330632,2.122891164801614,2.6196543875279468,1.163108159901166
86.0,228.0,1226.5401611328125,-3.3526966208403524,1.4776785357025428,1.735005102395289,1.875314930613945,0.7577399858497376,-1.3396207588631963,-1.0832601468110468,2.122891164801614,2.6196543875279468,1.163108159901166
86.0,228.0,1226.5401611328125,-3.3526966208403524,1.4776785357025428,1.735005102395289,1.872271703884208,0.7577399858497376,-1.3396207588631963,-1.0832601468110468,2.1228911660600303,2.6196543875279468,1.1631081266150565
86.0,228.0,1226.540283203125,-3.3526960982752985,1.4776743620339312,1.735005102395289,1.87542326919475,0.7577398312938687,-1.3396211698122065,-1.0832907975330632,2.122891164801614,2.6196543875279468,1.163108159901166
86.0,228.0,1226.540283203125,-3.352696630462515,1.4776743620339312,1.735005102395289,1.8724581102702405,0.7577398312938687,-1.3396206397258503,-1.083294920155476,2.1228912137022307,2.619657243049648,1.16310817873697
86.0,228.0,1226.540283203125,-3.352696630462515,1.4776743620339312,1.735005102395289,1.8724581102702405,0.7577398312938687,-1.3396206397258503,-1.083294920155476,2.1228912137022307,2.619657243049648,1.16310817873697
86.0,228.0,1226.540283203125,-3.3526966174876627,1.4776743620339312,1.735005102395289,1.872198196468247,0.7577374685943388,-1.339617505177102,-1.0832879475860822,2.122891164801614,2.6196543875279468,1.163108150108578
86.0,228.0,1226.540283203125,-3.352696963259364,1.4776743620339312,1.735005102395289,1.8724581102702405,0.7577398312938687,-1.3396206397258503,-1.083294920155476,2.122891164813516,2.6196545831802265,1.1631081803374457
86.0,228.0,1226.540283203125,-3.3526972025424326,1.4776743620339312,1.735005102395289,1.8750910711199265,0.757726397283222,-1.3396206397258503,-1.083259539724276,2.122891214122701,2.6198284068744586,1.1629822050758023
86.0,229.0,1226.411865234375,-3.3526599171630824,1.4776154231468177,1.735005102395289,1.876937312535405,0.7949548036993315,-1.3392983962446294,-1.0832523646166323,2.122891163591459,2.619862380783555,1.1631081824342564
86.0,229.0,1226.431396484375,-3.3526605963140512,1.4775836725049885,1.735005102395289,1.876937312535405,0.7960571789983786,-1.339581875598567,-1.0832523646166323,2.122891163711053,2.619821952461752,1.1631081824342564
86.0,229.0,1226.4404296875,-3.352661900593044,1.4775803313422662,1.735005102395289,1.872421052881001,0.7960571789983786,-1.339581670359962,-1.0832541771177255,2.1228911636892627,2.61965279817614,1.1631081824342564
86.0,229.0,1226.4896240234375,-3.3526607206592702,1.4776100517229358,1.735005102395289,1.8772700868370285,0.7577436731805203,-1.3392995657585918,-1.0832604928631524,2.1228911619729964,2.619860501986723,1.1594181048496954
86.0,229.0,1226.4927978515625,-3.3526972025424326,1.4776743620339312,1.735005102395289,1.87220146359853,0.7577395516741635,-1.3396206397258503,-1.0832586075202093,2.1228912137705427,2.619823053286574,1.1586448969230911
86.0,229.0,1226.4945068359375,-3.349680944762828,1.4776151547760417,1.735005102395289,1.872047094689163,0.7578915187957503,-1.3393097583862714,-1.0832599583771885,2.1228911619442234,2.619860501986723,1.1631081595254156
86.0,229.0,1226.4979248046875,-3.352695104024689,1.477674823975318,1.735005102395289,1.875366057178824,0.7577395400318299,-1.3396142108218376,-1.0832877395072549,2.1228911636520844,2.619828290210556,1.1594190499841133
86.0,229.0,1226.4981689453125,-3.3526947826689204,1.477678582148673,1.735005102395289,1.872094380392313,0.7577399045038204,-1.3396142751972395,-1.0832604971122792,2.122891164801614,2.619649033940062,1.1595057585595314
86.0,229.0,1226.4996337890625,-3.352663382781424,1.4776743620339312,1.735005102395289,1.8719336935469488,0.7577246515596704,-1.3396206397258503,-1.0832898699192934,2.1228912159103177,2.619823053286574,1.1593798037341676
86.0,229.0,1226.5001220703125,-3.3526972025424326,1.4776743620339312,1.735005102395289,1.8719336935469488,0.7577246515596704,-1.3396206397258503,-1.0832594787305172,2.122891214122701,2.619823053286574,1.1593798037341676
86.0,229.0,1226.501953125,-3.35269695718822,1.4776743620339312,1.735005102395289,1.8719336935469488,0.7577246515596704,-1.339622918908678,-1.0832599601615691,2.1228911620392363,2.619823053286574,1.1595734230898174
86.0,229.0,1226.503662109375,-3.352663382781424,1.4776743620339312,1.735005102395289,1.872196184550212,0.7577249294430842,-1.3396205686302385,-1.0832556810993708,2.1228912135655613,2.619823053286574,1.1598232575912728
86.0,229.0,1226.50390625,-3.352663382781424,1.4776743620339312,1.735005102395289,1.8719336935469488,0.7577246515596704,-1.3396205686302385,-1.0832556810993708,2.1228912159103177,2.619823053286574,1.1598229677856495
86.0,229.0,1226.5047607421875,-3.349849493424402,1.4776784145005584,1.735005102395289,1.8752517579652903,0.7577399858497376,-1.3395776612254622,-1.0832551456659532,2.122891164840398,2.6196543875279468,1.163108159901166
86.0,229.0,1226.508056640625,-3.350052962029616,1.4776743620339312,1.735005102395289,1.87524694770522,0.7577371315740058,-1.3396117334328594,-1.0832551463286182,2.122891163650709,2.6196543875279468,1.163108159901166
86.0,229.0,1226.5098876953125,-3.3526607206592702,1.4776151547760417,1.735005102395289,1.876936565621972,0.7591473295870843,-1.3392968851834737,-1.0832522805310356,2.1228911636433687,2.619825402942126,1.1631081821831688
86.0,229.0,1226.5108642578125,-3.352700473872397,1.4665672395642444,1.735005102395289,1.872168335325646,0.7578988964339303,-1.3393456047756722,-1.0832548478517376,2.122891211815789,2.619854512261872,1.1594049807754638
86.0,229.0,1226.5108642578125,-3.352700473872397,1.4665672395642444,1.735005102395289,1.872168335325646,0.7578988964339303,-1.3393456047756722,-1.0832548478517376,2.122891211815789,2.619854512261872,1.1594049807754638
86.0,229.0,1226.52099609375,-3.352700287534025,1.47758274710088,1.735005102395289,1.872047094689163,0.7589985413513742,-1.3395889910426255,-1.0832599583771885,2.122891162063817,2.619819911082893,1.163108119562353
86.0,229.0,1226.5277099609375,-3.3526959338084965,1.477678582148673,1.735005102395289,1.8752586214818496,0.757896956488183,-1.3393044446309248,-1.083260336536588,2.122891164784894,2.6196470424245093,1.163108159901166
86.0,229.0,1226.5277099609375,-3.3526959338084965,1.477678582148673,1.735005102395289,1.875105174796748,0.757896956488183,-1.3393044446309248,-1.083260336536588,2.122891164784894,2.6196470424245093,1.163108119242232
86.0,229.0,1226.529541015625,-3.3526607206592702,1.4776151547760417,1.735005102395289,1.875354698595948,0.7578960069388655,-1.3392995657585918,-1.0832592904100464,2.1228911619442234,2.619860501986723,1.1631081583207918
86.0,229.0,1226.5296630859375,-3.3526607206592702,1.47767638935628,1.735005102395289,1.875429884083593,0.7578960069388655,-1.3392995657585918,-1.0832599583771885,2.122891163602197,2.619860501986723,1.163108119562353
86.0,229.0,1226.530517578125,-3.3526960910948773,1.477674361780069,1.735005102395289,1.8757003128846,0.7577398312938687,-1.3393005307299697,-1.083261579066879,2.122891164801614,2.6196543875279468,1.1631081607904026
86.0,229.0,1226.53076171875,-3.3526996083830567,1.4776151547760417,1.735005102395289,1.87243593349705,0.7578960787445604,-1.3393097583862714,-1.0832599583771885,2.1228911619442234,2.619860501986723,1.163108119562353
86.0,229.0,1226.531005859375,-3.3526607206592702,1.4776151547760417,1.735005102395289,1.8771166401519264,0.7578960069388655,-1.3392995657585918,-1.0832599583771885,2.1228911619442234,2.619860501986723,1.163108119562353
86.0,229.0,1226.531005859375,-3.3526996083830567,1.477674290730195,1.735005102395289,1.8724233175337088,0.7578867382835737,-1.3393097583862714,-1.0832599583771885,2.1228911619442234,2.619860501986723,1.163108119562353
86.0,229.0,1226.531005859375,-3.3526996083830567,1.477614497742709,1.735005102395289,1.872047094689163,0.7578961660523271,-1.3393055116886885,-1.0832599583771885,2.1228911619442234,2.6198603394046955,1.163108119562353
86.0,229.0,1226.531005859375,-3.3526607206592702,1.4776151547760417,1.735005102395289,1.8771166401519264,0.7578960069388655,-1.3392995657585918,-1.0832599583771885,2.1228911619442234,2.619860501986723,1.163108119562353
86.0,229.0,1226.5311279296875,-3.3526996083830567,1.4776151547760417,1.735005102395289,1.872047094689163,0.7578960069388655,-1.3393097583862714,-1.0832599583771885,2.1228911619442234,2.619860501986723,1.163108119562353
86.0,229.0,1226.5311279296875,-3.3526996083830567,1.4776143029051014,1.735005102395289,1.872047094689163,0.7578961660523271,-1.3393055116886885,-1.083292397965534,2.122891162108032,2.6198603394046955,1.1631081122498717
86.0,229.0,1226.53125,-3.3526607206592702,1.4776151547760417,1.735005102395289,1.8772700868370285,0.7578960069388655,-1.3392995657585918,-1.0832599583771885,2.1228911619442234,2.619860501986723,1.163108160221287
86.0,229.0,1226.5313720703125,-3.3526996083830567,1.477674290730195,1.735005102395289,1.8720344787258216,0.7578866664778786,-1.3393097583862714,-1.0832599583771885,2.1228911619442234,2.619860501986723,1.163108119562353
86.0,229.0,1226.533447265625,-3.35266077630102,1.4776743620339312,1.735005102395289,1.875366057178824,0.7577371315740058,-1.3396118045284715,-1.0832892641626322,2.1228911636542684,2.6196543875279468,1.1626649958496842
86.0,229.0,1226.535400390625,-3.3526621168915987,1.4776743620339312,1.735005102395289,1.875366057178824,0.7577395301610985,-1.3396118045284715,-1.0832892641626322,2.1228911636542684,2.619828290210556,1.1626649958496842
86.0,229.0,1226.535888671875,-3.3526617912707,1.477586969912892,1.735005102395289,1.875366057178824,0.7578832486722613,-1.3395757595269149,-1.0832550753427093,2.1228911636542684,2.6196543875279468,1.163108160221348
86.0,229.0,1226.535888671875,-3.352661742922024,1.477586969912892,1.735005102395289,1.8723182790218893,0.7578831687424451,-1.3395757595269149,-1.0832550753427093,2.1228911636542684,2.6196543873869707,1.1631081600989217
86.0,229.0,1226.536376953125,-3.3526939161192306,1.477586969912892,1.735005102395289,1.875452950555278,0.7578849130498958,-1.3395778545651,-1.0832550753427093,2.1228911636549985,2.6196543875279468,1.1631081598942412
86.0,229.0,1226.5369873046875,-3.3526606026348813,1.477586969912892,1.735005102395289,1.875366057178824,0.7578849130498958,-1.339612909724217,-1.0832550753427093,2.1228911636542684,2.6196543875279468,1.163108160221348
86.0,229.0,1226.5369873046875,-3.3526606026348813,1.477586969912892,1.735005102395289,1.875366057178824,0.7578849130498958,-1.339612909724217,-1.0832550753427093,2.1228911636542684,2.6196543875279468,1.163108160221348
86.0,229.0,1226.5369873046875,-3.3526606026348813,1.477586969912892,1.735005102395289,1.875366057178824,0.7578849130498958,-1.339612909724217,-1.0832550753427093,2.1228911636542684,2.6196543875279468,1.163108160221348
86.0,229.0,1226.5372314453125,-3.352662903474773,1.47758044265498,1.735005102395289,1.8752591536552632,0.7578849130498958,-1.3396204083968744,-1.083254016121378,2.1228911636542684,2.6196543875279468,1.1631081602272892
86.0,229.0,1226.537353515625,-3.3526606026348813,1.477586969912892,1.735005102395289,1.875366057178824,0.7578849130498958,-1.3396204336669042,-1.0832994962862943,2.1228911636542684,2.6196543875279468,1.163108160221348
86.0,229.0,1226.537353515625,-3.3526606026348813,1.477586969912892,1.735005102395289,1.875366057178824,0.7578849130498958,-1.3396204336669042,-1.0832994962862943,2.1228911636542684,2.6196543875279468,1.163108160221348
86.0,229.0,1226.537353515625,-3.352660650983557,1.4775839585523889,1.735005102395289,1.875257275978699,0.7578849929797119,-1.3396206401457322,-1.0832994962862943,2.1228911636542684,2.6196545194256733,1.163108163156113
86.0,229.0,1226.5374755859375,-3.3526606026348813,1.4775839585523889,1.735005102395289,1.8722094978217645,0.7578849130498958,-1.3396206401457322,-1.0832994962862943,2.1228911636542684,2.619654519284697,1.1631081630336866
86.0,229.0,1226.53759765625,-3.3526963227007305,1.477586969912892,1.735005102395289,1.875366057178824,0.7578851869842647,-1.3396121517378303,-1.083297083604551,2.122891163680228,2.619654376303074,1.1631081598985242
86.0,229.0,1226.537841796875,-3.352698628953193,1.477586969912892,1.735005102395289,1.8752591536552632,0.7578849130498958,-1.3396204083968744,-1.083292460232794,2.1228911636542684,2.6196543875279468,1.1631081602272892
86.0,229.0,1226.537841796875,-3.3526595327789943,1.4776719665707012,1.735005102395289,1.8720174952684925,0.7578961598642103,-1.3395749728047837,-1.0832523646166323,2.122891163711053,2.619821789879725,1.1631081824342564
86.0,229.0,1226.538330078125,-3.3526605963140512,1.4775830154716558,1.735005102395289,1.8723429210257785,0.757739852329302,-1.3395776289009835,-1.0832523646166323,2.122891163660642,2.61965719863716,1.1631081771042588
86.0,230.0,1226.3558349609375,-3.349680944762828,1.4776145374386742,1.735005102395289,1.872047094689163,0.7938138125744305,-1.3395874264308776,-1.0832599297706167,2.1228911619442234,2.6198606116118484,1.1631081595254156
86.0,230.0,1226.411865234375,-3.3526599171630824,1.4776154231468177,1.735005102395289,1.876937312535405,0.7949548036993315,-1.3392983962446294,-1.0832523646166323,2.122891163591459,2.619862380783555,1.1631081824342564
86.0,230.0,1226.431396484375,-3.3526605963140512,1.4775836725049885,1.735005102395289,1.876937312535405,0.7960571789983786,-1.339581875598567,-1.0832523646166323,2.122891163711053,2.619821952461752,1.1631081824342564
86.0,230.0,1226.4404296875,-3.352661900593044,1.4775803313422662,1.735005102395289,1.872421052881001,0.7960571789983786,-1.339581670359962,-1.0832541771177255,2.1228911636892627,2.61965279817614,1.1631081824342564
86.0,230.0,1226.456787109375,-3.3526947826689204,1.477678582148673,1.735005102395289,1.8721371712184216,0.7577486956048365,-1.3396142751972395,-1.0832604971122792,2.122891164801614,2.6095367467528288,1.1595057585595314
86.0,230.0,1226.4896240234375,-3.3526607206592702,1.4776100517229358,1.735005102395289,1.8772700868370285,0.7577436731805203,-1.3392995657585918,-1.0832604928631524,2.1228911619729964,2.619860501986723,1.1594181048496954
86.0,230.0,1226.492431640625,-3.3527002009352,1.4775841688792866,1.735005102395289,1.87220146359853,0.7577395516741635,-1.3396203340470152,-1.083259993483815,2.1228912141799223,2.619823053286574,1.1586245459980395
86.0,230.0,1226.4927978515625,-3.3526972025424326,1.4776743620339312,1.735005102395289,1.87220146359853,0.7577395516741635,-1.3396206397258503,-1.0832586075202093,2.1228912137705427,2.619823053286574,1.1586448969230911
86.0,230.0,1226.4945068359375,-3.349680944762828,1.4776151547760417,1.735005102395289,1.872047094689163,0.7578915187957503,-1.3393097583862714,-1.0832599583771885,2.1228911619442234,2.619860501986723,1.1631081595254156
86.0,230.0,1226.4979248046875,-3.352695104024689,1.477674823975318,1.735005102395289,1.875366057178824,0.7577395400318299,-1.3396142108218376,-1.0832877395072549,2.1228911636520844,2.619828290210556,1.1594190499841133
86.0,230.0,1226.4981689453125,-3.3526947826689204,1.477678582148673,1.735005102395289,1.872094380392313,0.7577399045038204,-1.3396142751972395,-1.0832604971122792,2.122891164801614,2.619649033940062,1.1595057585595314
86.0,230.0,1226.498291015625,-3.352695080248488,1.477678582148673,1.735005102395289,1.872094380392313,0.7577399045038204,-1.3396142751972395,-1.0832604971122792,2.122891164801614,2.6196541089788825,1.1595057585595314
86.0,230.0,1226.4996337890625,-3.352663382781424,1.4776743620339312,1.735005102395289,1.8719336935469488,0.7577246515596704,-1.3396206397258503,-1.0832898699192934,2.1228912159103177,2.619823053286574,1.1593798037341676
86.0,230.0,1226.5001220703125,-3.3526972025424326,1.4776743620339312,1.735005102395289,1.8719336935469488,0.7577246515596704,-1.3396206397258503,-1.0832594787305172,2.122891214122701,2.619823053286574,1.1593798037341676
86.0,230.0,1226.501953125,-3.35269695718822,1.4776743620339312,1.735005102395289,1.8719336935469488,0.7577246515596704,-1.339622918908678,-1.0832599601615691,2.1228911620392363,2.619823053286574,1.1595734230898174
86.0,230.0,1226.501953125,-3.352660796636313,1.4776743620339312,1.735005102395289,1.8752773047718925,0.7577249294430842,-1.3396205686302385,-1.0832556810993708,2.122891216307203,2.619823053286574,1.1598232575912728
86.0,230.0,1226.503662109375,-3.352663382781424,1.4776743620339312,1.735005102395289,1.872196184550212,0.7577249294430842,-1.3396205686302385,-1.0832556810993708,2.1228912135655613,2.619823053286574,1.1598232575912728
86.0,230.0,1226.50390625,-3.352663382781424,1.4776743620339312,1.735005102395289,1.8719336935469488,0.7577246515596704,-1.3396205686302385,-1.0832556810993708,2.1228912159103177,2.619823053286574,1.1598229677856495
86.0,230.0,1226.5047607421875,-3.349849493424402,1.4776784145005584,1.735005102395289,1.8752517579652903,0.7577399858497376,-1.3395776612254622,-1.0832551456659532,2.122891164840398,2.6196543875279468,1.163108159901166
86.0,230.0,1226.5057373046875,-3.349849493424402,1.4776784145005584,1.735005102395289,1.8751941139829391,0.7577399858497376,-1.3395776612254622,-1.0832551456659532,2.122891164840398,2.6196543875279468,1.1631830970900077
86.0,230.0,1226.508056640625,-3.350052962029616,1.4776743620339312,1.735005102395289,1.87524694770522,0.7577371315740058,-1.3396117334328594,-1.0832551463286182,2.122891163650709,2.6196543875279468,1.163108159901166
86.0,230.0,1226.5098876953125,-3.3526607206592702,1.4776151547760417,1.735005102395289,1.876936565621972,0.7591473295870843,-1.3392968851834737,-1.0832522805310356,2.1228911636433687,2.619825402942126,1.1631081821831688
86.0,230.0,1226.5107421875,-3.3526607206592702,1.47767638935628,1.735005102395289,1.875429884083593,0.7590235877253491,-1.3392809197790567,-1.0832599583771885,2.1228911636158303,2.619860085058847,1.163108119562353
86.0,230.0,1226.5108642578125,-3.352700473872397,1.4665672395642444,1.735005102395289,1.872168335325646,0.7578988964339303,-1.3393456047756722,-1.0832548478517376,2.122891211815789,2.619854512261872,1.1594049807754638
86.0,230.0,1226.5108642578125,-3.352700473872397,1.4665672395642444,1.735005102395289,1.872168335325646,0.7578988964339303,-1.3393456047756722,-1.0832548478517376,2.122891211815789,2.619854512261872,1.1594049807754638
86.0,230.0,1226.515380859375,-3.352700473872397,1.4658745792447565,1.735005102395289,1.872168335325646,0.7578988964339303,-1.3393548862268585,-1.0832548478517376,2.1228912121092964,2.619854512261872,1.1594049807754638
86.0,230.0,1226.52099609375,-3.352700287534025,1.47758274710088,1.735005102395289,1.872047094689163,0.7589985413513742,-1.3395889910426255,-1.0832599583771885,2.122891162063817,2.619819911082893,1.163108119562353
86.0,230.0,1226.5277099609375,-3.3526959338084965,1.477678582148673,1.735005102395289,1.8752586214818496,0.757896956488183,-1.3393044446309248,-1.083260336536588,2.122891164784894,2.6196470424245093,1.163108159901166
86.0,230.0,1226.5277099609375,-3.3526959338084965,1.477678582148673,1.735005102395289,1.875105174796748,0.757896956488183,-1.3393044446309248,-1.083260336536588,2.122891164784894,2.6196470424245093,1.163108119242232
86.0,230.0,1226.52783203125,-3.3526959242015626,1.477678582148673,1.735005102395289,1.875105174796748,0.757896956488183,-1.3393044446309248,-1.0832615503338918,2.122891164784894,2.61965456785977,1.1631081624661057
86.0,230.0,1226.529541015625,-3.3526607206592702,1.4776151547760417,1.735005102395289,1.875354698595948,0.7578960069388655,-1.3392995657585918,-1.0832592904100464,2.1228911619442234,2.619860501986723,1.1631081583207918
86.0,230.0,1226.5296630859375,-3.3526607206592702,1.47767638935628,1.735005102395289,1.875429884083593,0.7578960069388655,-1.3392995657585918,-1.0832599583771885,2.122891163602197,2.619860501986723,1.163108119562353
86.0,230.0,1226.530517578125,-3.3526960910948773,1.477674361780069,1.735005102395289,1.8757003128846,0.7577398312938687,-1.3393005307299697,-1.083261579066879,2.122891164801614,2.6196543875279468,1.1631081607904026
86.0,230.0,1226.530517578125,-3.352696100701811,1.477674361780069,1.735005102395289,1.8757003128846,0.7577398312938687,-1.3393005307299697,-1.0832603652695754,2.122891164801614,2.619646862092686,1.1631081175665294
86.0,230.0,1226.53076171875,-3.3526996083830567,1.4776151547760417,1.735005102395289,1.87243593349705,0.7578960787445604,-1.3393097583862714,-1.0832599583771885,2.1228911619442234,2.619860501986723,1.163108119562353
86.0,230.0,1226.531005859375,-3.3526607206592702,1.4776151547760417,1.735005102395289,1.8771166401519264,0.7578960069388655,-1.3392995657585918,-1.0832599583771885,2.1228911619442234,2.619860501986723,1.163108119562353
86.0,230.0,1226.531005859375,-3.3526996083830567,1.477674290730195,1.735005102395289,1.8724233175337088,0.7578867382835737,-1.3393097583862714,-1.0832599583771885,2.1228911619442234,2.619860501986723,1.163108119562353
86.0,230.0,1226.531005859375,-3.3526996083830567,1.477614497742709,1.735005102395289,1.872047094689163,0.7578961660523271,-1.3393055116886885,-1.0832599583771885,2.1228911619442234,2.6198603394046955,1.163108119562353
86.0,230.0,1226.531005859375,-3.3526607206592702,1.4776151547760417,1.735005102395289,1.8771166401519264,0.7578960069388655,-1.3392995657585918,-1.0832599583771885,2.1228911619442234,2.619860501986723,1.163108119562353
86.0,230.0,1226.5311279296875,-3.3526996083830567,1.4776151547760417,1.735005102395289,1.872047094689163,0.7578960069388655,-1.3393097583862714,-1.0832599583771885,2.1228911619442234,2.619860501986723,1.163108119562353
86.0,230.0,1226.5311279296875,-3.3526996083830567,1.4776143029051014,1.735005102395289,1.872047094689163,0.7578961660523271,-1.3393055116886885,-1.083292397965534,2.122891162108032,2.6198603394046955,1.1631081122498717
86.0,230.0,1226.53125,-3.3526607206592702,1.4776151547760417,1.735005102395289,1.8772700868370285,0.7578960069388655,-1.3392995657585918,-1.0832599583771885,2.1228911619442234,2.619860501986723,1.163108160221287
86.0,230.0,1226.5313720703125,-3.3526996083830567,1.477674290730195,1.735005102395289,1.8720344787258216,0.7578866664778786,-1.3393097583862714,-1.0832599583771885,2.1228911619442234,2.619860501986723,1.163108119562353
86.0,230.0,1226.532958984375,-3.3526960910948773,1.477674361780069,1.735005102395289,1.8757003128846,0.7577398312938687,-1.3393005307299697,-1.0832605396991322,2.122891164801614,2.6198601396492776,1.1631081607904026
86.0,230.0,1226.533447265625,-3.35266077630102,1.4776743620339312,1.735005102395289,1.875366057178824,0.7577371315740058,-1.3396118045284715,-1.0832892641626322,2.1228911636542684,2.6196543875279468,1.1626649958496842
86.0,230.0,1226.53369140625,-3.352663362446131,1.4776743620339312,1.735005102395289,1.872284936957144,0.7577371315740058,-1.3396118045284715,-1.0832892641626322,2.122891160912627,2.6196543875279468,1.1626649958496842
86.0,230.0,1226.535400390625,-3.3526621168915987,1.4776743620339312,1.735005102395289,1.875366057178824,0.7577395301610985,-1.3396118045284715,-1.0832892641626322,2.1228911636542684,2.619828290210556,1.1626649958496842
86.0,230.0,1226.535888671875,-3.3526617912707,1.477586969912892,1.735005102395289,1.875366057178824,0.7578832486722613,-1.3395757595269149,-1.0832550753427093,2.1228911636542684,2.6196543875279468,1.163108160221348
86.0,230.0,1226.535888671875,-3.352661742922024,1.477586969912892,1.735005102395289,1.8723182790218893,0.7578831687424451,-1.3395757595269149,-1.0832550753427093,2.1228911636542684,2.6196543873869707,1.1631081600989217
86.0,230.0,1226.536376953125,-3.3526939161192306,1.477586969912892,1.735005102395289,1.875452950555278,0.7578849130498958,-1.3395778545651,-1.0832550753427093,2.1228911636549985,2.6196543875279468,1.1631081598942412
86.0,231.0,1226.3551025390625,-3.349680944762828,1.4775849635873588,1.735005102395289,1.877008665069709,0.7955248269744483,-1.339308134322358,-1.0832599583771885,2.1228911619442234,2.619860501986723,1.1631081595254156
86.0,231.0,1226.3558349609375,-3.349680944762828,1.4776145374386742,1.735005102395289,1.872047094689163,0.7938138125744305,-1.3395874264308776,-1.0832599297706167,2.1228911619442234,2.6198606116118484,1.1631081595254156
86.0,231.0,1226.411865234375,-3.3526599171630824,1.4776154231468177,1.735005102395289,1.876937312535405,0.7949548036993315,-1.3392983962446294,-1.0832523646166323,2.122891163591459,2.619862380783555,1.1631081824342564
86.0,231.0,1226.424560546875,-3.352660608399838,1.4776760031443996,1.735005102395289,1.876908029996485,0.7953222277394106,-1.3395814852027124,-1.0832523646166323,2.1228912190862963,2.6198230394905906,1.1631081824342564
86.0,231.0,1226.431396484375,-3.3526605963140512,1.4775836725049885,1.735005102395289,1.876937312535405,0.7960571789983786,-1.339581875598567,-1.0832523646166323,2.122891163711053,2.619821952461752,1.1631081824342564
86.0,231.0,1226.4404296875,-3.352661900593044,1.4775803313422662,1.735005102395289,1.872421052881001,0.7960571789983786,-1.339581670359962,-1.0832541771177255,2.1228911636892627,2.61965279817614,1.1631081824342564
86.0,231.0,1226.4556884765625,-3.352662491306206,1.477678582148673,1.735005102395289,1.8719251850926355,0.7577486956048365,-1.3396142751972395,-1.0832604971122792,2.1228911656785274,2.6095367467528288,1.1595057585595314
86.0,231.0,1226.456787109375,-3.3526947826689204,1.477678582148673,1.735005102395289,1.8721371712184216,0.7577486956048365,-1.3396142751972395,-1.0832604971122792,2.122891164801614,2.6095367467528288,1.1595057585595314
86.0,231.0,1226.4871826171875,-3.3526607206592702,1.4778222400992576,1.735005102395289,1.8772700868370285,0.7579010213023125,-1.3392995657585918,-1.0832551883984536,2.1228911619729964,2.619860501986723,1.1594181048496954
86.0,231.0,1226.4896240234375,-3.3526607206592702,1.4776100517229358,1.735005102395289,1.8772700868370285,0.7577436731805203,-1.3392995657585918,-1.0832604928631524,2.1228911619729964,2.619860501986723,1.1594181048496954
86.0,231.0,1226.4921875,-3.3527800264262693,1.4776743620339312,1.735005102395289,1.87220146359853,0.7577395516741635,-1.3396206397258503,-1.0832599248592618,2.122891163001749,2.61982072538368,1.158448484362931
86.0,231.0,1226.492431640625,-3.3527002009352,1.4775841688792866,1.735005102395289,1.87220146359853,0.7577395516741635,-1.3396203340470152,-1.083259993483815,2.1228912141799223,2.619823053286574,1.1586245459980395
86.0,231.0,1226.4927978515625,-3.3526972025424326,1.4776743620339312,1.735005102395289,1.87220146359853,0.7577395516741635,-1.3396206397258503,-1.0832586075202093,2.1228912137705427,2.619823053286574,1.1586448969230911
86.0,231.0,1226.4940185546875,-3.3526625383202995,1.477678582148673,1.735005102395289,1.875219842410668,0.7577486956048365,-1.3396115436484692,-1.0832604971122792,2.122891164801614,2.619516130471194,1.1595057585595314
86.0,231.0,1226.4945068359375,-3.349680944762828,1.4776151547760417,1.735005102395289,1.872047094689163,0.7578915187957503,-1.3393097583862714,-1.0832599583771885,2.1228911619442234,2.619860501986723,1.1631081595254156
86.0,231.0,1226.4951171875,-3.352686541845749,1.4776743620339312,1.735005102395289,1.875248474600084,0.7577371315740058,-1.339614045774511,-1.0832879616360829,2.122891163650709,2.6196543875279468,1.1593646438328238
86.0,231.0,1226.4979248046875,-3.352695104024689,1.477674823975318,1.735005102395289,1.875366057178824,0.7577395400318299,-1.3396142108218376,-1.0832877395072549,2.1228911636520844,2.619828290210556,1.1594190499841133
86.0,231.0,1226.4979248046875,-3.352695104024689,1.477674823975318,1.735005102395289,1.875366057178824,0.7577395400318299,-1.3396142108218376,-1.0832877395072549,2.1228911636520844,2.619828290210556,1.1594190499841133
86.0,231.0,1226.4981689453125,-3.3526947826689204,1.477678582148673,1.735005102395289,1.872094380392313,0.7577399045038204,-1.3396142751972395,-1.0832604971122792,2.122891164801614,2.619649033940062,1.1595057585595314
86.0,231.0,1226.498291015625,-3.352695080248488,1.477678582148673,1.735005102395289,1.872094380392313,0.7577399045038204,-1.3396142751972395,-1.0832604971122792,2.122891164801614,2.6196541089788825,1.1595057585595314
86.0,231.0,1226.4989013671875,-3.3526633311270704,1.4776142441791875,1.735005102395289,1.87538518571498,0.7578954202795255,-1.3396195406233116,-1.0832557793115247,2.122891212148049,2.619822656117716,1.1598081234800937
86.0,231.0,1226.4996337890625,-3.352663382781424,1.4776743620339312,1.735005102395289,1.8719336935469488,0.7577246515596704,-1.3396206397258503,-1.0832898699192934,2.1228912159103177,2.619823053286574,1.1593798037341676
86.0,231.0,1226.5001220703125,-3.3526972025424326,1.4776743620339312,1.735005102395289,1.8719336935469488,0.7577246515596704,-1.3396206397258503,-1.0832594787305172,2.122891214122701,2.619823053286574,1.1593798037341676
86.0,231.0,1226.5001220703125,-3.352696283104748,1.4776743620339312,1.735005102395289,1.8719336935469488,0.7577246515596704,-1.3396206397258503,-1.083289757379857,2.1228912159103177,2.619823053286574,1.1593798037341676
86.0,231.0,1226.5003662109375,-3.352695080248488,1.477678582148673,1.735005102395289,1.872094380392313,0.7577399219390333,-1.3396138027543951,-1.083258514092443,2.122891164801614,2.6198115499468235,1.1594957326628066
86.0,231.0,1226.501953125,-3.35269695718822,1.4776743620339312,1.735005102395289,1.8719336935469488,0.7577246515596704,-1.339622918908678,-1.0832599601615691,2.1228911620392363,2.619823053286574,1.1595734230898174
86.0,231.0,1226.501953125,-3.352660796636313,1.4776743620339312,1.735005102395289,1.8752773047718925,0.7577249294430842,-1.3396205686302385,-1.0832556810993708,2.122891216307203,2.619823053286574,1.1598232575912728
86.0,231.0,1226.501953125,-3.352660796636313,1.4776743620339312,1.735005102395289,1.8752773047718925,0.7577249294430842,-1.3396205686302385,-1.0832556810993708,2.122891216307203,2.619823053286574,1.1598232575912728
86.0,231.0,1226.503662109375,-3.352663382781424,1.4776743620339312,1.735005102395289,1.872196184550212,0.7577249294430842,-1.3396205686302385,-1.0832556810993708,2.1228912135655613,2.619823053286574,1.1598232575912728
86.0,231.0,1226.50390625,-3.352663382781424,1.4776743620339312,1.735005102395289,1.8719336935469488,0.7577246515596704,-1.3396205686302385,-1.0832556810993708,2.1228912159103177,2.619823053286574,1.1598229677856495
86.0,231.0,1226.5047607421875,-3.349849493424402,1.4776784145005584,1.735005102395289,1.8752517579652903,0.7577399858497376,-1.3395776612254622,-1.0832551456659532,2.122891164840398,2.6196543875279468,1.163108159901166
86.0,231.0,1226.5057373046875,-3.349849493424402,1.4776784145005584,1.735005102395289,1.8751941139829391,0.7577399858497376,-1.3395776612254622,-1.0832551456659532,2.122891164840398,2.6196543875279468,1.1631830970900077
86.0,231.0,1226.508056640625,-3.350052962029616,1.4776743620339312,1.735005102395289,1.87524694770522,0.7577371315740058,-1.3396117334328594,-1.0832551463286182,2.122891163650709,2.6196543875279468,1.163108159901166
86.0,231.0,1226.5098876953125,-3.3526607206592702,1.4776151547760417,1.735005102395289,1.876936565621972,0.7591473295870843,-1.3392968851834737,-1.0832522805310356,2.1228911636433687,2.619825402942126,1.1631081821831688
86.0,231.0,1226.5106201171875,-3.352694361240219,1.4776743620339312,1.735005102395289,1.8721765057006183,0.7577395301610985,-1.339614536077242,-1.0832892641626322,2.1228911636542684,2.609848906492191,1.1626649958496842
86.0,231.0,1226.5107421875,-3.3526607206592702,1.47767638935628,1.735005102395289,1.875429884083593,0.7590235877253491,-1.3392809197790567,-1.0832599583771885,2.1228911636158303,2.619860085058847,1.163108119562353
86.0,231.0,1226.5108642578125,-3.352700473872397,1.4665672395642444,1.735005102395289,1.872168335325646,0.7578988964339303,-1.3393456047756722,-1.0832548478517376,2.122891211815789,2.619854512261872,1.1594049807754638
86.0,231.0,1226.5108642578125,-3.352700473872397,1.4665672395642444,1.735005102395289,1.872168335325646,0.7578988964339303,-1.3393456047756722,-1.0832548478517376,2.122891211815789,2.619854512261872,1.1594049807754638
86.0,231.0,1226.513916015625,-3.3526948652582704,1.4665672395642444,1.735005102395289,1.8721612541516424,0.7577444375647261,-1.3393456047756722,-1.0832548478517376,2.122891165279807,2.619854512261872,1.1594047470362416
86.0,231.0,1226.514892578125,-3.3526996083830567,1.4776151547760417,1.735005102395289,1.87243593349705,0.7578960787445604,-1.3393097583862714,-1.0813889888528216,2.1228911619442234,2.619036761392032,1.163108119562353
86.0,231.0,1226.515380859375,-3.352700473872397,1.4658745792447565,1.735005102395289,1.872168335325646,0.7578988964339303,-1.3393548862268585,-1.0832548478517376,2.1228912121092964,2.619854512261872,1.1594049807754638
86.0,231.0,1226.515380859375,-3.352700473872397,1.4663550511879224,1.735005102395289,1.872168335325646,0.7577415483121379,-1.3393456047756722,-1.0832601523164365,2.122891211815789,2.619854512261872,1.1594049807754638
86.0,231.0,1226.52099609375,-3.352700287534025,1.47758274710088,1.735005102395289,1.872047094689163,0.7589985413513742,-1.3395889910426255,-1.0832599583771885,2.122891162063817,2.619819911082893,1.163108119562353
86.0,231.0,1226.521484375,-3.352700287534025,1.47758274710088,1.735005102395289,1.871900185639933,0.7589985413513742,-1.3396001232545198,-1.0832599583771885,2.122891161930275,2.61982007972574,1.163108119562353
86.0,231.0,1226.5277099609375,-3.3526959338084965,1.477678582148673,1.735005102395289,1.8752586214818496,0.757896956488183,-1.3393044446309248,-1.083260336536588,2.122891164784894,2.6196470424245093,1.163108159901166
86.0,231.0,1226.5277099609375,-3.3526959338084965,1.477678582148673,1.735005102395289,1.875105174796748,0.757896956488183,-1.3393044446309248,-1.083260336536588,2.122891164784894,2.6196470424245093,1.163108119242232
86.0,231.0,1226.52783203125,-3.3526959242015626,1.477678582148673,1.735005102395289,1.875105174796748,0.757896956488183,-1.3393044446309248,-1.0832615503338918,2.122891164784894,2.61965456785977,1.1631081624661057
86.0,231.0,1226.529541015625,-3.3526607206592702,1.4776151547760417,1.735005102395289,1.875354698595948,0.7578960069388655,-1.3392995657585918,-1.0832592904100464,2.1228911619442234,2.619860501986723,1.1631081583207918
86.0,231.0,1226.529541015625,-3.3526605963140512,1.477613863693671,1.735005102395289,1.8719757421548584,0.7584238708196805,-1.33958349966248,-1.0832523646166323,2.122891163711053,2.619821952461752,1.1631081824342564
86.0,231.0,1226.5296630859375,-3.3526607206592702,1.47767638935628,1.735005102395289,1.875429884083593,0.7578960069388655,-1.3392995657585918,-1.0832599583771885,2.122891163602197,2.619860501986723,1.163108119562353
86.0,232.0,1226.354736328125,-3.349680944762828,1.477582603215834,1.735005102395289,1.877008665069709,0.7955248269744483,-1.339308134322358,-1.0832599583771885,2.1228911619442234,2.6198229274027813,1.1631081595254156
86.0,232.0,1226.3551025390625,-3.349680944762828,1.4775849635873588,1.735005102395289,1.877008665069709,0.7955248269744483,-1.339308134322358,-1.0832599583771885,2.1228911619442234,2.619860501986723,1.1631081595254156
86.0,232.0,1226.3558349609375,-3.349680944762828,1.4776145374386742,1.735005102395289,1.872047094689163,0.7938138125744305,-1.3395874264308776,-1.0832599297706167,2.1228911619442234,2.6198606116118484,1.1631081595254156
86.0,232.0,1226.3565673828125,-3.3496881118764392,1.4776752922618168,1.735005102395289,1.8769558533109727,0.7955248269744483,-1.3393047922379004,-1.0832599514415693,2.1228911619442234,2.619860501986723,1.163108159865895
86.0,232.0,1226.3984375,-3.352639235472276,1.4776701293192185,1.735005102395289,1.872051739414213,0.7938918767895158,-1.3396205686302385,-1.0832556810993708,2.1228912159103177,2.619823053286574,1.1598229677856495
86.0,232.0,1226.40771484375,-3.3527002009352,1.4775841688792866,1.735005102395289,1.8771137404803329,0.7937032245668199,-1.3396203340470152,-1.083252376160656,2.122891218773716,2.619823052139385,1.163041935406786
86.0,232.0,1226.41162109375,-3.352660633851379,1.4776154231468177,1.735005102395289,1.876937312535405,0.7949594922275953,-1.3392983962446294,-1.0832523646166323,2.122891163591459,2.619824079800776,1.1631081824342564
86.0,232.0,1226.411865234375,-3.3526599171630824,1.4776154231468177,1.735005102395289,1.876937312535405,0.7949548036993315,-1.3392983962446294,-1.0832523646166323,2.122891163591459,2.619862380783555,1.1631081824342564
86.0,232.0,1226.4156494140625,-3.332682815874257,1.4776729454876658,1.735005102395289,1.8752798080005808,0.7579010213023125,-1.3396082637620128,-1.0832598897044925,2.122891161918539,2.619860501986723,1.1594181048496954
86.0,232.0,1226.424560546875,-3.352660608399838,1.4776760031443996,1.735005102395289,1.876908029996485,0.7953222277394106,-1.3395814852027124,-1.0832523646166323,2.1228912190862963,2.6198230394905906,1.1631081824342564
86.0,232.0,1226.431396484375,-3.3526605963140512,1.4775836725049885,1.735005102395289,1.876937312535405,0.7960571789983786,-1.339581875598567,-1.0832523646166323,2.122891163711053,2.619821952461752,1.1631081824342564
86.0,232.0,1226.4404296875,-3.352661900593044,1.4775803313422662,1.735005102395289,1.872421052881001,0.7960571789983786,-1.339581670359962,-1.0832541771177255,2.1228911636892627,2.61965279817614,1.1631081824342564
86.0,232.0,1226.442138671875,-3.352661900593044,1.4775803313422662,1.735005102395289,1.871916160025621,0.7960571789983786,-1.339581670359962,-1.0832541771177255,2.122891163762444,2.61965279817614,1.1631081824342564
86.0,232.0,1226.45556640625,-3.352662491306206,1.477678582148673,1.735005102395289,1.8719251850926355,0.7577486956048365,-1.3396114660112044,-1.0832604971122792,2.1228911656785274,2.6095367467528288,1.1595057585595314
86.0,232.0,1226.4556884765625,-3.352662491306206,1.477678582148673,1.735005102395289,1.8719251850926355,0.7577486956048365,-1.3396142751972395,-1.0832604971122792,2.1228911656785274,2.6095367467528288,1.1595057585595314
86.0,232.0,1226.456787109375,-3.3526947826689204,1.477678582148673,1.735005102395289,1.8721371712184216,0.7577486956048365,-1.3396142751972395,-1.0832604971122792,2.122891164801614,2.6095367467528288,1.1595057585595314
86.0,232.0,1226.4820556640625,-3.3526607206592702,1.477672324191767,1.735005102395289,1.8772700868370285,0.7577436534164879,-1.3392995657585918,-1.083258636613652,2.1228911619729964,2.619860501986723,1.15863949267006
86.0,232.0,1226.4871826171875,-3.3526607206592702,1.4778222400992576,1.735005102395289,1.8772700868370285,0.7579010213023125,-1.3392995657585918,-1.0832551883984536,2.1228911619729964,2.619860501986723,1.1594181048496954
86.0,232.0,1226.4871826171875,-3.3526607206592702,1.4778222400992576,1.735005102395289,1.8772700868370285,0.7579010213023125,-1.3392995657585918,-1.0832551883984536,2.1228911591472794,2.619860501986723,1.1594205597348162
86.0,232.0,1226.4896240234375,-3.3526607206592702,1.4776100517229358,1.735005102395289,1.8772700868370285,0.7577436731805203,-1.3392995657585918,-1.0832604928631524,2.1228911619729964,2.619860501986723,1.1594181048496954
86.0,232.0,1226.491943359375,-3.352700473872397,1.4771834517801667,1.735005102395289,1.872168335325646,0.7577415483121379,-1.339346341796695,-1.0832599891962638,2.12289121417006,2.619856448798503,1.1594049807754638
86.0,232.0,1226.4921875,-3.3527800264262693,1.4776743620339312,1.735005102395289,1.87220146359853,0.7577395516741635,-1.3396206397258503,-1.0832599248592618,2.122891163001749,2.61982072538368,1.158448484362931
86.0,232.0,1226.4921875,-3.352778709504962,1.4776743620339312,1.735005102395289,1.87220146359853,0.7577395516741635,-1.3396206397258503,-1.0832599248592618,2.1228912163451565,2.61982072538368,1.158448484362931
86.0,232.0,1226.492431640625,-3.3527002009352,1.4775841688792866,1.735005102395289,1.87220146359853,0.7577395516741635,-1.3396203340470152,-1.083259993483815,2.1228912141799223,2.619823053286574,1.1586245459980395
86.0,232.0,1226.4927978515625,-3.3526972025424326,1.4776743620339312,1.735005102395289,1.87220146359853,0.7577395516741635,-1.3396206397258503,-1.0832586075202093,2.1228912137705427,2.619823053286574,1.1586448969230911
86.0,232.0,1226.4940185546875,-3.3526625383202995,1.477678582148673,1.735005102395289,1.875219842410668,0.7577486956048365,-1.3396115436484692,-1.0832604971122792,2.122891164801614,2.619516130471194,1.1595057585595314
86.0,232.0,1226.4945068359375,-3.349680944762828,1.4776151547760417,1.735005102395289,1.872047094689163,0.7578915187957503,-1.3393097583862714,-1.0832599583771885,2.1228911619442234,2.619860501986723,1.1631081595254156
86.0,232.0,1226.4945068359375,-3.349680944762828,1.4776151547760417,1.735005102395289,1.872047094689163,0.7578915187957503,-1.3393097583862714,-1.0832599583771885,2.1228911619442234,2.619860501986723,1.1631081595254156
86.0,232.0,1226.4951171875,-3.352686541845749,1.4776743620339312,1.735005102395289,1.875248474600084,0.7577371315740058,-1.339614045774511,-1.0832879616360829,2.122891163650709,2.6196543875279468,1.1593646438328238
86.0,232.0,1226.4964599609375,-3.352695080248488,1.4776748129115909,1.735005102395289,1.875375130009311,0.7577399045038204,-1.3396142751972395,-1.0832604971122792,2.122891163641614,2.619650107158008,1.1595038927375856
86.0,232.0,1226.4969482421875,-3.3526862916577245,1.4776743620339312,1.735005102395289,1.872054903105832,0.7577371315740058,-1.3396140449922842,-1.0832879616360829,2.122891164713029,2.619654099650087,1.1593646438328238
86.0,232.0,1226.4979248046875,-3.352695104024689,1.477674823975318,1.735005102395289,1.875366057178824,0.7577395400318299,-1.3396142108218376,-1.0832877395072549,2.1228911636520844,2.619828290210556,1.1594190499841133
86.0,232.0,1226.4979248046875,-3.352695104024689,1.477674823975318,1.735005102395289,1.875366057178824,0.7577395400318299,-1.3396142108218376,-1.0832877395072549,2.1228911636520844,2.619828290210556,1.1594190499841133
86.0,232.0,1226.4979248046875,-3.352695104024689,1.477674823975318,1.735005102395289,1.875366057178824,0.7577395400318299,-1.3396142108218376,-1.0832877395072549,2.1228911636520844,2.619828290210556,1.1594190499841133
86.0,232.0,1226.4981689453125,-3.3526947826689204,1.477678582148673,1.735005102395289,1.872094380392313,0.7577399045038204,-1.3396142751972395,-1.0832604971122792,2.122891164801614,2.619649033940062,1.1595057585595314
86.0,232.0,1226.498291015625,-3.352695080248488,1.477678582148673,1.735005102395289,1.872094380392313,0.7577399045038204,-1.3396142751972395,-1.0832604971122792,2.122891164801614,2.6196541089788825,1.1595057585595314
86.0,232.0,1226.4989013671875,-3.3526633311270704,1.4776142441791875,1.735005102395289,1.87538518571498,0.7578954202795255,-1.3396195406233116,-1.0832557793115247,2.122891212148049,2.619822656117716,1.1598081234800937
86.0,232.0,1226.4996337890625,-3.352663382781424,1.4776743620339312,1.735005102395289,1.8719336935469488,0.7577246515596704,-1.3396206397258503,-1.0832898699192934,2.1228912159103177,2.619823053286574,1.1593798037341676
86.0,232.0,1226.499755859375,-3.3526972025424326,1.4776120895650997,1.735005102395289,1.87220146359853,0.757739571438196,-1.3396206397258503,-1.0832604637697096,2.1228912137705427,2.619823053286574,1.1594235091027267
86.0,232.0,1226.5001220703125,-3.3526972025424326,1.4776743620339312,1.735005102395289,1.8719336935469488,0.7577246515596704,-1.3396206397258503,-1.0832594787305172,2.122891214122701,2.619823053286574,1.1593798037341676
86.0,232.0,1226.5001220703125,-3.352696283104748,1.4776743620339312,1.735005102395289,1.8719336935469488,0.7577246515596704,-1.3396206397258503,-1.083289757379857,2.1228912159103177,2.619823053286574,1.1593798037341676
86.0,232.0,1226.5003662109375,-3.352695080248488,1.477678582148673,1.735005102395289,1.872094380392313,0.7577399219390333,-1.3396138027543951,-1.083258514092443,2.122891164801614,2.6198115499468235,1.1594957326628066
86.0,232.0,1226.501953125,-3.35269695718822,1.4776743620339312,1.735005102395289,1.8719336935469488,0.7577246515596704,-1.339622918908678,-1.0832599601615691,2.1228911620392363,2.619823053286574,1.1595734230898174
86.0,232.0,1226.501953125,-3.352660796636313,1.4776743620339312,1.735005102395289,1.8752773047718925,0.7577249294430842,-1.3396205686302385,-1.0832556810993708,2.122891216307203,2.619823053286574,1.1598232575912728
86.0,232.0,1226.501953125,-3.352660796636313,1.4776743620339312,1.735005102395289,1.8752773047718925,0.7577249294430842,-1.3396205686302385,-1.0832556810993708,2.122891216307203,2.619823053286574,1.1598232575912728
86.0,232.0,1226.502197265625,-3.3526947826689204,1.477678582148673,1.735005102395289,1.8721371712184216,0.7577500679808126,-1.3396142751972395,-1.0832604971122792,2.122891165675341,2.6200288234742786,1.1593796001509014
86.0,232.0,1226.503662109375,-3.352663382781424,1.4776743620339312,1.735005102395289,1.872196184550212,0.7577249294430842,-1.3396205686302385,-1.0832556810993708,2.1228912135655613,2.619823053286574,1.1598232575912728
86.0,232.0,1226.50390625,-3.352663382781424,1.4776743620339312,1.735005102395289,1.8719336935469488,0.7577246515596704,-1.3396205686302385,-1.0832556810993708,2.1228912159103177,2.619823053286574,1.1598229677856495
86.0,232.0,1226.5047607421875,-3.349849493424402,1.4776784145005584,1.735005102395289,1.8752517579652903,0.7577399858497376,-1.3395776612254622,-1.0832551456659532,2.122891164840398,2.6196543875279468,1.163108159901166
86.0,232.0,1226.5057373046875,-3.349849493424402,1.4776784145005584,1.735005102395289,1.8751941139829391,0.7577399858497376,-1.3395776612254622,-1.0832551456659532,2.122891164840398,2.6196543875279468,1.1631830970900077
86.0,233.0,1226.3270263671875,-3.3526607206592702,1.4778256395344913,1.735005102395289,1.8772700868370285,0.7877158986047874,-1.3392983730911698,-1.0832523591281722,2.122891163581532,2.619862353099768,1.1594205597348162
86.0,233.0,1226.3311767578125,-3.352639235472276,1.4776701293192185,1.735005102395289,1.872051739414213,0.7843015259624169,-1.3396205686302385,-1.0832556810993708,2.1228912159103177,2.619823053286574,1.1598229677856495
86.0,233.0,1226.3470458984375,-3.349744488360068,1.4776752922618168,1.735005102395289,1.8768345109440263,0.7944072219265695,-1.3393129777226658,-1.0832586331142695,2.1228911619442234,2.619860501986723,1.163108159865895
86.0,233.0,1226.354736328125,-3.349680944762828,1.477582603215834,1.735005102395289,1.877008665069709,0.7955248269744483,-1.339308134322358,-1.0832599583771885,2.1228911619442234,2.6198229274027813,1.1631081595254156
86.0,233.0,1226.3551025390625,-3.349680944762828,1.4775849635873588,1.735005102395289,1.877008665069709,0.7955248269744483,-1.339308134322358,-1.0832599583771885,2.1228911619442234,2.619860501986723,1.1631081595254156
86.0,233.0,1226.3558349609375,-3.349680944762828,1.4776145374386742,1.735005102395289,1.872047094689163,0.7938138125744305,-1.3395874264308776,-1.0832599297706167,2.1228911619442234,2.6198606116118484,1.1631081595254156
86.0,233.0,1226.3565673828125,-3.3496881118764392,1.4776752922618168,1.735005102395289,1.8769558533109727,0.7955248269744483,-1.3393047922379004,-1.0832599514415693,2.1228911619442234,2.619860501986723,1.163108159865895
86.0,233.0,1226.39453125,-3.352697251755344,1.477674318437806,1.735005102395289,1.876908029996485,0.7953222277394106,-1.3395814852027124,-1.0832523646166323,2.1228912190862963,2.6198230394905906,1.1585799232766922
86.0,233.0,1226.3984375,-3.352639235472276,1.4776701293192185,1.735005102395289,1.872051739414213,0.7938918767895158,-1.3396205686302385,-1.0832556810993708,2.1228912159103177,2.619823053286574,1.1598229677856495
86.0,233.0,1226.40771484375,-3.3527002009352,1.4775841688792866,1.735005102395289,1.8771137404803329,0.7937032245668199,-1.3396203340470152,-1.083252376160656,2.122891218773716,2.619823052139385,1.163041935406786
86.0,233.0,1226.41162109375,-3.352660633851379,1.4776154231468177,1.735005102395289,1.876937312535405,0.7949594922275953,-1.3392983962446294,-1.0832523646166323,2.122891163591459,2.619824079800776,1.1631081824342564
86.0,233.0,1226.411865234375,-3.3526599171630824,1.4776154231468177,1.735005102395289,1.876937312535405,0.7949548036993315,-1.3392983962446294,-1.0832523646166323,2.122891163591459,2.619862380783555,1.1631081824342564
86.0,233.0,1226.4156494140625,-3.332682815874257,1.4776729454876658,1.735005102395289,1.8752798080005808,0.7579010213023125,-1.3396082637620128,-1.0832598897044925,2.122891161918539,2.619860501986723,1.1594181048496954
86.0,233.0,1226.419677734375,-3.352660633851379,1.477612924813267,1.735005102395289,1.8769080481979232,0.7949594922275953,-1.339580652567309,-1.0832523646166323,2.122891163591459,2.6198230540444656,1.1631081824342564
86.0,233.0,1226.421630859375,-3.3527230352570925,1.4776145374386742,1.735005102395289,1.872047094689163,0.7938138125744305,-1.3396199244155331,-1.0832599297706167,2.1228911619442234,2.61981948030793,1.1631081595254156
86.0,233.0,1226.4239501953125,-3.352661900593044,1.4775849877229803,1.735005102395289,1.876960421136386,0.7960571789983786,-1.3393130916644875,-1.0832541771177255,2.122891163762444,2.619851783079345,1.1631081806900154
86.0,233.0,1226.424560546875,-3.352660608399838,1.4776760031443996,1.735005102395289,1.876908029996485,0.7953222277394106,-1.3395814852027124,-1.0832523646166323,2.1228912190862963,2.6198230394905906,1.1631081824342564
86.0,233.0,1226.431396484375,-3.3526605963140512,1.4775836725049885,1.735005102395289,1.876937312535405,0.7960571789983786,-1.339581875598567,-1.0832523646166323,2.122891163711053,2.619821952461752,1.1631081824342564
86.0,233.0,1226.431396484375,-3.3526605963140512,1.4775836725049885,1.735005102395289,1.876937312535405,0.7960571789983786,-1.339581875598567,-1.0832523646166323,2.122891163711053,2.619821952461752,1.1631081824342564
86.0,233.0,1226.432373046875,-3.3526605963140512,1.4775836725049885,1.735005102395289,1.8769315701364309,0.7960571789983786,-1.339581875598567,-1.0832523646166323,2.122891214209285,2.619821952461752,1.163209886033992
86.0,233.0,1226.4404296875,-3.352661900593044,1.4775803313422662,1.735005102395289,1.872421052881001,0.7960571789983786,-1.339581670359962,-1.0832541771177255,2.1228911636892627,2.61965279817614,1.1631081824342564
86.0,233.0,1226.4404296875,-3.352661900593044,1.4775803313422662,1.735005102395289,1.872421052881001,0.7960571789983786,-1.339581670359962,-1.0832541771177255,2.1228911636892627,2.61965279817614,1.1631081824342564
86.0,233.0,1226.442138671875,-3.352661900593044,1.4775803313422662,1.735005102395289,1.871916160025621,0.7960571789983786,-1.339581670359962,-1.0832541771177255,2.122891163762444,2.61965279817614,1.1631081824342564
86.0,233.0,1226.45556640625,-3.352662491306206,1.477678582148673,1.735005102395289,1.8719251850926355,0.7577486956048365,-1.3396114660112044,-1.0832604971122792,2.1228911656785274,2.6095367467528288,1.1595057585595314
86.0,233.0,1226.4556884765625,-3.352662491306206,1.477678582148673,1.735005102395289,1.8719251850926355,0.7577486956048365,-1.3396142751972395,-1.0832604971122792,2.1228911656785274,2.6095367467528288,1.1595057585595314
86.0,233.0,1226.456787109375,-3.3526947826689204,1.477678582148673,1.735005102395289,1.8721371712184216,0.7577486956048365,-1.3396142751972395,-1.0832604971122792,2.122891164801614,2.6095367467528288,1.1595057585595314
86.0,233.0,1226.47412109375,-3.3526408260588045,1.4776743620339312,1.735005102395289,1.872322805965476,0.7588571567220422,-1.3396124542410852,-1.083259925847509,2.1228912137705427,2.619823053286574,1.1586448969230911
86.0,233.0,1226.4820556640625,-3.3526607206592702,1.477672324191767,1.735005102395289,1.8772700868370285,0.7577436534164879,-1.3392995657585918,-1.083258636613652,2.1228911619729964,2.619860501986723,1.15863949267006
86.0,233.0,1226.4864501953125,-3.3526596593525846,1.477678582148673,1.735005102395289,1.877770213339888,0.7579235050499327,-1.3393014160629657,-1.0832549759061674,2.1228911647856976,2.619736202720678,1.159507924714062
86.0,233.0,1226.4869384765625,-3.3526607206592702,1.4776088001305872,1.735005102395289,1.8772700868370285,0.7579010213023125,-1.3392995657585918,-1.0832551883984536,2.1228911619729964,2.619860501986723,1.1594181048496954
86.0,233.0,1226.4871826171875,-3.3526607206592702,1.4778222400992576,1.735005102395289,1.8772700868370285,0.7579010213023125,-1.3392995657585918,-1.0832551883984536,2.1228911619729964,2.619860501986723,1.1594181048496954
86.0,233.0,1226.4871826171875,-3.3526607206592702,1.4778222400992576,1.735005102395289,1.8772700868370285,0.7579010213023125,-1.3392995657585918,-1.0832551883984536,2.1228911591472794,2.619860501986723,1.1594205597348162
86.0,233.0,1226.4896240234375,-3.3526607206592702,1.4776100517229358,1.735005102395289,1.8772700868370285,0.7577436731805203,-1.3392995657585918,-1.0832604928631524,2.1228911619729964,2.619860501986723,1.1594181048496954
86.0,233.0,1226.48974609375,-3.3526607206592702,1.477823491691606,1.735005102395289,1.8772700868370285,0.7577436731805203,-1.3392995657585918,-1.0832604928631524,2.1228911619729964,2.619860501986723,1.1594181048496954
86.0,233.0,1226.4906005859375,-3.3526625357466133,1.4778222400992576,1.735005102395289,1.872025849012712,0.7577464707150144,-1.339266851103598,-1.0832612295251756,2.1228911617698643,2.619842527214806,1.1594181048496954
86.0,233.0,1226.491943359375,-3.352700473872397,1.4771834517801667,1.735005102395289,1.872168335325646,0.7577415483121379,-1.339346341796695,-1.0832599891962638,2.12289121417006,2.619856448798503,1.1594049807754638
86.0,233.0,1226.4921875,-3.3527800264262693,1.4776743620339312,1.735005102395289,1.87220146359853,0.7577395516741635,-1.3396206397258503,-1.0832599248592618,2.122891163001749,2.61982072538368,1.158448484362931
86.0,233.0,1226.4921875,-3.352778709504962,1.4776743620339312,1.735005102395289,1.87220146359853,0.7577395516741635,-1.3396206397258503,-1.0832599248592618,2.1228912163451565,2.61982072538368,1.158448484362931
86.0,233.0,1226.492431640625,-3.3527002009352,1.4775841688792866,1.735005102395289,1.87220146359853,0.7577395516741635,-1.3396203340470152,-1.083259993483815,2.1228912141799223,2.619823053286574,1.1586245459980395
86.0,233.0,1226.4927978515625,-3.3526972025424326,1.4776743620339312,1.735005102395289,1.87220146359853,0.7577395516741635,-1.3396206397258503,-1.0832586075202093,2.1228912137705427,2.619823053286574,1.1586448969230911
86.0,233.0,1226.4927978515625,-3.3527800264262693,1.4776743620339312,1.735005102395289,1.8721677950967548,0.7577395291507178,-1.3396206397258503,-1.083259994408592,2.1228911677997515,2.61982072538368,1.158516779004982
86.0,233.0,1226.4940185546875,-3.3526625383202995,1.477678582148673,1.735005102395289,1.875219842410668,0.7577486956048365,-1.3396115436484692,-1.0832604971122792,2.122891164801614,2.619516130471194,1.1595057585595314
86.0,233.0,1226.4945068359375,-3.349680944762828,1.4776151547760417,1.735005102395289,1.872047094689163,0.7578915187957503,-1.3393097583862714,-1.0832599583771885,2.1228911619442234,2.619860501986723,1.1631081595254156
86.0,233.0,1226.4945068359375,-3.349680944762828,1.4776151547760417,1.735005102395289,1.872047094689163,0.7578915187957503,-1.3393097583862714,-1.0832599583771885,2.1228911619442234,2.619860501986723,1.1631081595254156
86.0,233.0,1226.4951171875,-3.352686541845749,1.4776743620339312,1.735005102395289,1.875248474600084,0.7577371315740058,-1.339614045774511,-1.0832879616360829,2.122891163650709,2.6196543875279468,1.1593646438328238
86.0,233.0,1226.4964599609375,-3.352695080248488,1.4776748129115909,1.735005102395289,1.875375130009311,0.7577399045038204,-1.3396142751972395,-1.0832604971122792,2.122891163641614,2.619650107158008,1.1595038927375856
86.0,233.0,1226.496826171875,-3.3526862916577245,1.477674356011656,1.735005102395289,1.872054903105832,0.7577371706852024,-1.3396140449922842,-1.083284259505055,2.122891163654892,2.6196500592355654,1.1593646438328238
86.0,233.0,1226.4969482421875,-3.3526862916577245,1.4776743620339312,1.735005102395289,1.872054903105832,0.7577371315740058,-1.3396140449922842,-1.0832879616360829,2.122891164713029,2.619654099650087,1.1593646438328238
86.0,233.0,1226.497802734375,-3.352700274155672,1.4775829546130617,1.735005102395289,1.875366057178824,0.7577395400318299,-1.3396142108218376,-1.0832877395072549,2.1228911636520844,2.619823130768766,1.1594190499841133
86.0,233.0,1226.4979248046875,-3.352695104024689,1.477674823975318,1.735005102395289,1.875366057178824,0.7577395400318299,-1.3396142108218376,-1.0832877395072549,2.1228911636520844,2.619828290210556,1.1594190499841133
86.0,234.0,1226.126953125,-3.3322471964389404,1.477669997171944,1.735005102395289,1.872051739414213,0.7938918767895158,-1.3396205686302385,-1.0832556810993708,2.1228912159103177,2.619823053286574,1.1598229677856495
86.0,234.0,1226.3201904296875,-3.352639235472276,1.4776689072574898,1.735005102395289,1.8768462553505656,0.7843015259624169,-1.3395819486184946,-1.0832556810993708,2.1228912170929086,2.6198230507373994,1.1598229677856495
86.0,234.0,1226.3270263671875,-3.3526607206592702,1.4778256395344913,1.735005102395289,1.8772700868370285,0.7877158986047874,-1.3392983730911698,-1.0832523591281722,2.122891163581532,2.619862353099768,1.1594205597348162
86.0,234.0,1226.3311767578125,-3.352639235472276,1.4776701293192185,1.735005102395289,1.872051739414213,0.7843015259624169,-1.3396205686302385,-1.0832556810993708,2.1228912159103177,2.619823053286574,1.1598229677856495
86.0,234.0,1226.33251953125,-3.352639235472276,1.4776701293192185,1.735005102395289,1.8720406465515629,0.7843015259624169,-1.3396205686302385,-1.0832598561001583,2.1228911621265687,2.619823053286574,1.1600167753754411
86.0,234.0,1226.3466796875,-3.3497511845707684,1.4776752922618168,1.735005102395289,1.8772841532904896,0.7944072219265695,-1.3393129777226658,-1.0832525784085232,2.122891163552286,2.6198623525142595,1.163108159865895
86.0,234.0,1226.3470458984375,-3.349744488360068,1.4776752922618168,1.735005102395289,1.8768345109440263,0.7944072219265695,-1.3393129777226658,-1.0832586331142695,2.1228911619442234,2.619860501986723,1.163108159865895
86.0,234.0,1226.354736328125,-3.349680944762828,1.477582603215834,1.735005102395289,1.877008665069709,0.7955248269744483,-1.339308134322358,-1.0832599583771885,2.1228911619442234,2.6198229274027813,1.1631081595254156
86.0,234.0,1226.354736328125,-3.349680944762828,1.477582603215834,1.735005102395289,1.877008665069709,0.7955248269744483,-1.339308134322358,-1.0832599583771885,2.1228911619442234,2.6198234821836346,1.1631081595254156
86.0,234.0,1226.3548583984375,-3.3496881118764392,1.4776752922618168,1.735005102395289,1.8769669461736231,0.7955248269744483,-1.3393047922379004,-1.0832557764407815,2.122891215727972,2.619860501986723,1.1629143522761036
86.0,234.0,1226.3551025390625,-3.349680944762828,1.4775849635873588,1.735005102395289,1.877008665069709,0.7955248269744483,-1.339308134322358,-1.0832599583771885,2.1228911619442234,2.619860501986723,1.1631081595254156
86.0,234.0,1226.3551025390625,-3.349680944762828,1.4775849635873588,1.735005102395289,1.877008665069709,0.7955248269744483,-1.339308134322358,-1.0832599583771885,2.1228911619442234,2.61985994720587,1.1631081595254156
86.0,234.0,1226.3558349609375,-3.349680944762828,1.4776145374386742,1.735005102395289,1.872047094689163,0.7938138125744305,-1.3395874264308776,-1.0832599297706167,2.1228911619442234,2.6198606116118484,1.1631081595254156
86.0,234.0,1226.3565673828125,-3.3496881118764392,1.4776752922618168,1.735005102395289,1.8769558533109727,0.7955248269744483,-1.3393047922379004,-1.0832599514415693,2.1228911619442234,2.619860501986723,1.163108159865895
86.0,234.0,1226.3939208984375,-3.3526607206592702,1.4778256395344913,1.735005102395289,1.8772700868370285,0.7954477060446901,-1.3392983730911698,-1.0832523590019254,2.122891163581532,2.619862353099768,1.1594205597348162
86.0,234.0,1226.39453125,-3.352697251755344,1.477674318437806,1.735005102395289,1.876908029996485,0.7953222277394106,-1.3395814852027124,-1.0832523646166323,2.1228912190862963,2.6198230394905906,1.1585799232766922
86.0,234.0,1226.3984375,-3.352639235472276,1.4776701293192185,1.735005102395289,1.872051739414213,0.7938918767895158,-1.3396205686302385,-1.0832556810993708,2.1228912159103177,2.619823053286574,1.1598229677856495
86.0,234.0,1226.4019775390625,-3.35277712632128,1.477674318437806,1.735005102395289,1.876776389045444,0.7956951764385665,-1.33961907835953,-1.0832523646166323,2.122891219007638,2.6198230394905906,1.1585799232766922
86.0,234.0,1226.40771484375,-3.3527002009352,1.4775841688792866,1.735005102395289,1.8771137404803329,0.7937032245668199,-1.3396203340470152,-1.083252376160656,2.122891218773716,2.619823052139385,1.163041935406786
86.0,234.0,1226.41162109375,-3.352660633851379,1.4776154231468177,1.735005102395289,1.876937312535405,0.7949594922275953,-1.3392983962446294,-1.0832523646166323,2.122891163591459,2.619824079800776,1.1631081824342564
86.0,234.0,1226.41162109375,-3.352660596785918,1.4776180031699522,1.735005102395289,1.876937312535405,0.7949594922275953,-1.3392983962446294,-1.0832523646166323,2.122891163611519,2.619824079800776,1.1631081824342564
86.0,234.0,1226.411865234375,-3.3526599171630824,1.4776154231468177,1.735005102395289,1.876937312535405,0.7949548036993315,-1.3392983962446294,-1.0832523646166323,2.122891163591459,2.619862380783555,1.1631081824342564
86.0,234.0,1226.4129638671875,-3.352818292619773,1.4776725113249611,1.735005102395289,1.877303202496204,0.7946692988849026,-1.3393047922379004,-1.0832599514415693,2.1228911619442234,2.619860501986723,1.163108159865895
86.0,234.0,1226.4156494140625,-3.332682815874257,1.4776729454876658,1.735005102395289,1.8752798080005808,0.7579010213023125,-1.3396082637620128,-1.0832598897044925,2.122891161918539,2.619860501986723,1.1594181048496954
86.0,234.0,1226.419677734375,-3.352660633851379,1.477612924813267,1.735005102395289,1.8769080481979232,0.7949594922275953,-1.339580652567309,-1.0832523646166323,2.122891163591459,2.6198230540444656,1.1631081824342564
86.0,234.0,1226.421630859375,-3.3527230352570925,1.4776145374386742,1.735005102395289,1.872047094689163,0.7938138125744305,-1.3396199244155331,-1.0832599297706167,2.1228911619442234,2.61981948030793,1.1631081595254156
86.0,234.0,1226.4239501953125,-3.352661900593044,1.4775849877229803,1.735005102395289,1.876960421136386,0.7960571789983786,-1.3393130916644875,-1.0832541771177255,2.122891163762444,2.619851783079345,1.1631081806900154
86.0,234.0,1226.424560546875,-3.352660608399838,1.4776760031443996,1.735005102395289,1.876908029996485,0.7953222277394106,-1.3395814852027124,-1.0832523646166323,2.1228912190862963,2.6198230394905906,1.1631081824342564
86.0,234.0,1226.431396484375,-3.3526605963140512,1.4775836725049885,1.735005102395289,1.876937312535405,0.7960571789983786,-1.339581875598567,-1.0832523646166323,2.122891163711053,2.619821952461752,1.1631081824342564
86.0,234.0,1226.431396484375,-3.3526605963140512,1.4775836725049885,1.735005102395289,1.876937312535405,0.7960571789983786,-1.339581875598567,-1.0832523646166323,2.122891163711053,2.619821952461752,1.1631081824342564
86.0,234.0,1226.431396484375,-3.352660633379512,1.4775810924818538,1.735005102395289,1.876937312535405,0.7960571789983786,-1.339581875598567,-1.0832523646166323,2.1228911636909933,2.619821952461752,1.1631081824342564
86.0,234.0,1226.432373046875,-3.3526605963140512,1.4775836725049885,1.735005102395289,1.8769315701364309,0.7960571789983786,-1.339581875598567,-1.0832523646166323,2.122891214209285,2.619821952461752,1.163209886033992
86.0,234.0,1226.4329833984375,-3.352660608399838,1.4776760031443996,1.735005102395289,1.8769619222467788,0.7961078787551216,-1.3395640502348607,-1.0832523646166323,2.1228912190862963,2.6198522812560965,1.1631081824342564
86.0,234.0,1226.4404296875,-3.352661900593044,1.4775803313422662,1.735005102395289,1.872421052881001,0.7960571789983786,-1.339581670359962,-1.0832541771177255,2.1228911636892627,2.61965279817614,1.1631081824342564
86.0,234.0,1226.4404296875,-3.352661900593044,1.4775803313422662,1.735005102395289,1.872421052881001,0.7960571789983786,-1.339581670359962,-1.0832541771177255,2.1228911636892627,2.61965279817614,1.1631081824342564
86.0,234.0,1226.442138671875,-3.352661900593044,1.4775803313422662,1.735005102395289,1.871916160025621,0.7960571789983786,-1.339581670359962,-1.0832541771177255,2.122891163762444,2.61965279817614,1.1631081824342564
86.0,234.0,1226.442138671875,-3.352661900593044,1.4775803313422662,1.735005102395289,1.871916160025621,0.7960571789983786,-1.339581670359962,-1.083254275565238,2.1228911637542858,2.61965279817614,1.1631081824342564
86.0,234.0,1226.45556640625,-3.352662491306206,1.477678582148673,1.735005102395289,1.8719251850926355,0.7577486956048365,-1.3396114660112044,-1.0832604971122792,2.1228911656785274,2.6095367467528288,1.1595057585595314
86.0,234.0,1226.4556884765625,-3.352662491306206,1.477678582148673,1.735005102395289,1.8719251850926355,0.7577486956048365,-1.3396142751972395,-1.0832604971122792,2.1228911656785274,2.6095367467528288,1.1595057585595314
86.0,234.0,1226.456787109375,-3.3526947826689204,1.477678582148673,1.735005102395289,1.8721371712184216,0.7577486956048365,-1.3396142751972395,-1.0832604971122792,2.122891164801614,2.6095367467528288,1.1595057585595314
86.0,234.0,1226.47412109375,-3.3526408260588045,1.4776743620339312,1.735005102395289,1.872322805965476,0.7588571567220422,-1.3396124542410852,-1.083259925847509,2.1228912137705427,2.619823053286574,1.1586448969230911
86.0,234.0,1226.474365234375,-3.3526419355950554,1.4775852158283558,1.735005102395289,1.872322805965476,0.7588571567220422,-1.3396124542410852,-1.083260105629997,2.1228912137705427,2.619823053286574,1.1587065650027628
86.0,234.0,1226.4820556640625,-3.3526607206592702,1.477672324191767,1.735005102395289,1.8772700868370285,0.7577436534164879,-1.3392995657585918,-1.083258636613652,2.1228911619729964,2.619860501986723,1.15863949267006
86.0,234.0,1226.482666015625,-3.352700621219637,1.477672324191767,1.735005102395289,1.877271448667593,0.7577436534164879,-1.3392995657585918,-1.083258636613652,2.122891218775694,2.6198595744911257,1.15863949267006
86.0,234.0,1226.4864501953125,-3.3526596593525846,1.477678582148673,1.735005102395289,1.877770213339888,0.7579235050499327,-1.3393014160629657,-1.0832549759061674,2.1228911647856976,2.619736202720678,1.159507924714062
86.0,234.0,1226.4869384765625,-3.3526607206592702,1.4776088001305872,1.735005102395289,1.8772700868370285,0.7579010213023125,-1.3392995657585918,-1.0832551883984536,2.1228911619729964,2.619860501986723,1.1594181048496954
86.0,234.0,1226.4871826171875,-3.3526607206592702,1.4778222400992576,1.735005102395289,1.8772700868370285,0.7579010213023125,-1.3392995657585918,-1.0832551883984536,2.1228911619729964,2.619860501986723,1.1594181048496954
86.0,234.0,1226.4871826171875,-3.3526607206592702,1.4778222400992576,1.735005102395289,1.8772700868370285,0.7579010213023125,-1.3392995657585918,-1.0832551883984536,2.1228911591472794,2.619860501986723,1.1594205597348162
86.0,234.0,1226.4896240234375,-3.3526607206592702,1.4776100517229358,1.735005102395289,1.8772700868370285,0.7577436731805203,-1.3392995657585918,-1.0832604928631524,2.1228911619729964,2.619860501986723,1.1594181048496954
86.0,234.0,1226.48974609375,-3.3526607206592702,1.477823491691606,1.735005102395289,1.8772700868370285,0.7577436731805203,-1.3392995657585918,-1.0832604928631524,2.1228911619729964,2.619860501986723,1.1594181048496954
86.0,235.0,1226.126953125,-3.3322471964389404,1.477669997171944,1.735005102395289,1.872051739414213,0.7938918767895158,-1.3396205686302385,-1.0832556810993708,2.1228912159103177,2.619823053286574,1.1598229677856495
86.0,235.0,1226.3201904296875,-3.352639235472276,1.4776689072574898,1.735005102395289,1.8768462553505656,0.7843015259624169,-1.3395819486184946,-1.0832556810993708,2.1228912170929086,2.6198230507373994,1.1598229677856495
86.0,235.0,1226.3270263671875,-3.3526607206592702,1.4778256395344913,1.735005102395289,1.8772700868370285,0.7877158986047874,-1.3392983730911698,-1.0832523591281722,2.122891163581532,2.619862353099768,1.1594205597348162
86.0,235.0,1226.33056640625,-3.352639235472276,1.4776701293192185,1.735005102395289,1.872051739414213,0.7841324743183734,-1.3396205686302385,-1.0832556810993708,2.1228912159103177,2.619823053286574,1.1598229677856495
86.0,235.0,1226.3311767578125,-3.352639235472276,1.4776701293192185,1.735005102395289,1.872051739414213,0.7843015259624169,-1.3396205686302385,-1.0832556810993708,2.1228912159103177,2.619823053286574,1.1598229677856495
86.0,235.0,1226.33251953125,-3.352639235472276,1.4776701293192185,1.735005102395289,1.8720406465515629,0.7843015259624169,-1.3396205686302385,-1.0832598561001583,2.1228911621265687,2.619823053286574,1.1600167753754411
86.0,235.0,1226.34423828125,-3.3496894999477123,1.4776752922618168,1.735005102395289,1.8772803196251493,0.7942611261215621,-1.3393129777226658,-1.0832600305950058,2.122891161911753,2.6198623525142595,1.163108159865895
86.0,235.0,1226.3466796875,-3.3497511845707684,1.4776752922618168,1.735005102395289,1.8772841532904896,0.7944072219265695,-1.3393129777226658,-1.0832525784085232,2.122891163552286,2.6198623525142595,1.163108159865895
86.0,235.0,1226.346923828125,-3.349744488360068,1.4776752922618168,1.735005102395289,1.876844105763552,0.7944072219265695,-1.3393131173017965,-1.0832586331142695,2.1228911619442234,2.619858837668916,1.1631081598488866
86.0,235.0,1226.3470458984375,-3.349744488360068,1.4776752922618168,1.735005102395289,1.8768345109440263,0.7944072219265695,-1.3393129777226658,-1.0832586331142695,2.1228911619442234,2.619860501986723,1.163108159865895
86.0,235.0,1226.354736328125,-3.349680944762828,1.477582603215834,1.735005102395289,1.877008665069709,0.7955248269744483,-1.339308134322358,-1.0832599583771885,2.1228911619442234,2.6198229274027813,1.1631081595254156
86.0,235.0,1226.354736328125,-3.349680944762828,1.477582603215834,1.735005102395289,1.877008665069709,0.7955248269744483,-1.339308134322358,-1.0832599583771885,2.1228911619442234,2.6198234821836346,1.1631081595254156
86.0,235.0,1226.354736328125,-3.349680944762828,1.477582603215834,1.735005102395289,1.876999070250184,0.7955248269744483,-1.3393079947432271,-1.0832599583771885,2.1228911619442234,2.6198245917205893,1.1631081595424235
86.0,235.0,1226.3548583984375,-3.3496881118764392,1.4776752922618168,1.735005102395289,1.8769669461736231,0.7955248269744483,-1.3393047922379004,-1.0832557764407815,2.122891215727972,2.619860501986723,1.1629143522761036
86.0,235.0,1226.3548583984375,-3.3496877651480905,1.477582603215834,1.735005102395289,1.877006055712686,0.7955248269744483,-1.339308134322358,-1.0832599583771885,2.1228911619442234,2.6198234821836346,1.1631081595254156
86.0,235.0,1226.35498046875,-3.352661900593044,1.4776155626828151,1.735005102395289,1.872421052881001,0.776901524337549,-1.339581670359962,-1.0832541771177255,2.1228911636899115,2.619826627778418,1.1631081824342564
86.0,235.0,1226.3551025390625,-3.349680944762828,1.4775849635873588,1.735005102395289,1.877008665069709,0.7955248269744483,-1.339308134322358,-1.0832599583771885,2.1228911619442234,2.619860501986723,1.1631081595254156
86.0,235.0,1226.3551025390625,-3.349680944762828,1.4775849635873588,1.735005102395289,1.877008665069709,0.7955248269744483,-1.339308134322358,-1.0832599583771885,2.1228911619442234,2.61985994720587,1.1631081595254156
86.0,235.0,1226.355712890625,-3.3526862535635145,1.4776145374386742,1.735005102395289,1.8720470330101608,0.7833531941941736,-1.3395874264308776,-1.0832597838881668,2.122891160050832,2.6198606116118484,1.1631081595254156
86.0,235.0,1226.3558349609375,-3.349680944762828,1.4776145374386742,1.735005102395289,1.872047094689163,0.7938138125744305,-1.3395874264308776,-1.0832599297706167,2.1228911619442234,2.6198606116118484,1.1631081595254156
86.0,235.0,1226.3565673828125,-3.3496881118764392,1.4776752922618168,1.735005102395289,1.8769558533109727,0.7955248269744483,-1.3393047922379004,-1.0832599514415693,2.1228911619442234,2.619860501986723,1.163108159865895
86.0,235.0,1226.357421875,-3.3497214953519987,1.4776692996887693,1.735005102395289,1.8768195413289923,0.7954988059157452,-1.339309838684808,-1.0832551529253431,2.1228912169144563,2.6198606456764564,1.1631348563211288
86.0,235.0,1226.359375,-3.349749796499496,1.4776752922618168,1.735005102395289,1.8769596869763123,0.7956709227794557,-1.3393047922379004,-1.083252499255087,2.122891163584757,2.619860501986723,1.163108159865895
86.0,235.0,1226.3934326171875,-3.352660633851379,1.4776706829414543,1.735005102395289,1.8769080481979232,0.7949405746555268,-1.3395804784095129,-1.083252403398539,2.122891163591459,2.6198230540345104,1.1594122847416213
86.0,235.0,1226.3939208984375,-3.3526607206592702,1.4778256395344913,1.735005102395289,1.8772700868370285,0.7954477060446901,-1.3392983730911698,-1.0832523590019254,2.122891163581532,2.619862353099768,1.1594205597348162
86.0,235.0,1226.39453125,-3.352697251755344,1.477674318437806,1.735005102395289,1.876908029996485,0.7953222277394106,-1.3395814852027124,-1.0832523646166323,2.1228912190862963,2.6198230394905906,1.1585799232766922
86.0,235.0,1226.39453125,-3.352697251755344,1.477674318437806,1.735005102395289,1.876908029996485,0.7953222277394106,-1.3395814852027124,-1.0832523646166323,2.1228912190862963,2.6198230394905906,1.1585799232766922
86.0,235.0,1226.3984375,-3.352639235472276,1.4776701293192185,1.735005102395289,1.872051739414213,0.7938918767895158,-1.3396205686302385,-1.0832556810993708,2.1228912159103177,2.619823053286574,1.1598229677856495
86.0,235.0,1226.4019775390625,-3.35277712632128,1.477674318437806,1.735005102395289,1.876776389045444,0.7956951764385665,-1.33961907835953,-1.0832523646166323,2.122891219007638,2.6198230394905906,1.1585799232766922
86.0,235.0,1226.40771484375,-3.3527002009352,1.4775841688792866,1.735005102395289,1.8771137404803329,0.7937032245668199,-1.3396203340470152,-1.083252376160656,2.122891218773716,2.619823052139385,1.163041935406786
86.0,235.0,1226.4091796875,-3.3526603543915328,1.4776144007678738,1.735005102395289,1.8769712751659824,0.7938138125744305,-1.3396199244155331,-1.0832599297706167,2.1228911619442234,2.61981948030793,1.1631081595254156
86.0,235.0,1226.41162109375,-3.352660633851379,1.4776154231468177,1.735005102395289,1.876937312535405,0.7949594922275953,-1.3392983962446294,-1.0832523646166323,2.122891163591459,2.619824079800776,1.1631081824342564
86.0,235.0,1226.41162109375,-3.352660596785918,1.4776180031699522,1.735005102395289,1.876937312535405,0.7949594922275953,-1.3392983962446294,-1.0832523646166323,2.122891163611519,2.619824079800776,1.1631081824342564
86.0,235.0,1226.411865234375,-3.3526599171630824,1.4776154231468177,1.735005102395289,1.876937312535405,0.7949548036993315,-1.3392983962446294,-1.0832523646166323,2.122891163591459,2.619862380783555,1.1631081824342564
86.0,235.0,1226.4129638671875,-3.352818292619773,1.4776725113249611,1.735005102395289,1.877303202496204,0.7946692988849026,-1.3393047922379004,-1.0832599514415693,2.1228911619442234,2.619860501986723,1.163108159865895
86.0,235.0,1226.4156494140625,-3.332682815874257,1.4776729454876658,1.735005102395289,1.8752798080005808,0.7579010213023125,-1.3396082637620128,-1.0832598897044925,2.122891161918539,2.619860501986723,1.1594181048496954
86.0,235.0,1226.41845703125,-3.352639235472276,1.4776701293192185,1.735005102395289,1.8720406465515629,0.7956697100025738,-1.339580555814737,-1.083254045390555,2.1228911621265687,2.619823053286574,1.1600167753754411
86.0,235.0,1226.419677734375,-3.352660633851379,1.477612924813267,1.735005102395289,1.8769080481979232,0.7949594922275953,-1.339580652567309,-1.0832523646166323,2.122891163591459,2.6198230540444656,1.1631081824342564
86.0,235.0,1226.4197998046875,-3.3526597933225446,1.4775803313422662,1.735005102395289,1.8724503532130825,0.7960571789983786,-1.3396250824561788,-1.0832541771177255,2.1228911636892627,2.61965279817614,1.160001192931702
86.0,235.0,1226.421630859375,-3.3527230352570925,1.4776145374386742,1.735005102395289,1.872047094689163,0.7938138125744305,-1.3396199244155331,-1.0832599297706167,2.1228911619442234,2.61981948030793,1.1631081595254156
86.0,235.0,1226.4239501953125,-3.352661900593044,1.4775849877229803,1.735005102395289,1.876960421136386,0.7960571789983786,-1.3393130916644875,-1.0832541771177255,2.122891163762444,2.619851783079345,1.1631081806900154
86.0,235.0,1226.424560546875,-3.352660608399838,1.4776760031443996,1.735005102395289,1.876908029996485,0.7953222277394106,-1.3395814852027124,-1.0832523646166323,2.1228912190862963,2.6198230394905906,1.1631081824342564
86.0,235.0,1226.427734375,-3.352660633851379,1.4776746740528577,1.735005102395289,1.8769080481979232,0.7956657694159336,-1.3395811033504683,-1.0832523646166323,2.122891216073268,2.619823038719853,1.1630422342520188
86.0,235.0,1226.431396484375,-3.3526605963140512,1.4775836725049885,1.735005102395289,1.876937312535405,0.7960571789983786,-1.339581875598567,-1.0832523646166323,2.122891163711053,2.619821952461752,1.1631081824342564
86.0,235.0,1226.431396484375,-3.3526605963140512,1.4775836725049885,1.735005102395289,1.876937312535405,0.7960571789983786,-1.339581875598567,-1.0832523646166323,2.122891163711053,2.619821952461752,1.1631081824342564
86.0,235.0,1226.431396484375,-3.352660633379512,1.4775810924818538,1.735005102395289,1.876937312535405,0.7960571789983786,-1.339581875598567,-1.0832523646166323,2.1228911636909933,2.619821952461752,1.1631081824342564
86.0,235.0,1226.432373046875,-3.3526605963140512,1.4775836725049885,1.735005102395289,1.8769315701364309,0.7960571789983786,-1.339581875598567,-1.0832523646166323,2.122891214209285,2.619821952461752,1.163209886033992
86.0,235.0,1226.4329833984375,-3.352660608399838,1.4776760031443996,1.735005102395289,1.8769619222467788,0.7961078787551216,-1.3395640502348607,-1.0832523646166323,2.1228912190862963,2.6198522812560965,1.1631081824342564
86.0,235.0,1226.4376220703125,-3.352660608399838,1.4776760031443996,1.735005102395289,1.8719509713775304,0.7953222277394106,-1.3396201157335148,-1.0832523646166323,2.1228912190862963,2.619819411077429,1.1631081824342564
86.0,235.0,1226.4404296875,-3.352661900593044,1.4775803313422662,1.735005102395289,1.872421052881001,0.7960571789983786,-1.339581670359962,-1.0832541771177255,2.1228911636892627,2.61965279817614,1.1631081824342564
86.0,236.0,1226.126953125,-3.3322471964389404,1.477669997171944,1.735005102395289,1.872051739414213,0.7938918767895158,-1.3396205686302385,-1.0832556810993708,2.1228912159103177,2.619823053286574,1.1598229677856495
86.0,236.0,1226.126953125,-3.3322471964389404,1.477669997171944,1.735005102395289,1.872051739414213,0.7938918767895158,-1.3396205686302385,-1.0832556810993708,2.1228912159103177,2.619823053286574,1.1598229677856495
86.0,236.0,1226.126953125,-3.3322471964389404,1.477669997171944,1.735005102395289,1.872051739414213,0.7938918767895158,-1.3396205686302385,-1.0832556810993708,2.1228912159103177,2.619823053286574,1.1598229677856495
86.0,236.0,1226.3201904296875,-3.352639235472276,1.4776689072574898,1.735005102395289,1.8768462553505656,0.7843015259624169,-1.3395819486184946,-1.0832556810993708,2.1228912170929086,2.6198230507373994,1.1598229677856495
86.0,236.0,1226.3209228515625,-3.352639235472276,1.477581613622312,1.735005102395289,1.8770244288255693,0.7844968223143913,-1.3396201626980626,-1.0832556810993708,2.1228912159103177,2.619823053286574,1.1598416868314003
86.0,236.0,1226.3270263671875,-3.3526607206592702,1.4778256395344913,1.735005102395289,1.8772700868370285,0.7877158986047874,-1.3392983730911698,-1.0832523591281722,2.122891163581532,2.619862353099768,1.1594205597348162
86.0,236.0,1226.33056640625,-3.352639235472276,1.4776701293192185,1.735005102395289,1.872051739414213,0.7841324743183734,-1.3396205686302385,-1.0832556810993708,2.1228912159103177,2.619823053286574,1.1598229677856495
86.0,236.0,1226.33056640625,-3.352639235472276,1.4776701293192185,1.735005102395289,1.872051739414213,0.7841324743183734,-1.3396205686302385,-1.0832556810993708,2.1228912159103177,2.619823053286574,1.1598229677856495
86.0,236.0,1226.3311767578125,-3.352639235472276,1.4776701293192185,1.735005102395289,1.872051739414213,0.7843015259624169,-1.3396205686302385,-1.0832556810993708,2.1228912159103177,2.619823053286574,1.1598229677856495
86.0,236.0,1226.33251953125,-3.352639235472276,1.4776701293192185,1.735005102395289,1.8720406465515629,0.7843015259624169,-1.3396205686302385,-1.0832598561001583,2.1228911621265687,2.619823053286574,1.1600167753754411
86.0,236.0,1226.34326171875,-3.3496894999477123,1.4776177477465788,1.735005102395289,1.8772803196251493,0.7942611261215621,-1.3393129777226658,-1.08326003331424,2.122891161911753,2.61985991685578,1.1631081598710566
86.0,236.0,1226.34423828125,-3.3496894999477123,1.4776752922618168,1.735005102395289,1.8772803196251493,0.7942611261215621,-1.3393129777226658,-1.0832600305950058,2.122891161911753,2.6198623525142595,1.163108159865895
86.0,236.0,1226.3466796875,-3.3497511845707684,1.4776752922618168,1.735005102395289,1.8772841532904896,0.7944072219265695,-1.3393129777226658,-1.0832525784085232,2.122891163552286,2.6198623525142595,1.163108159865895
86.0,236.0,1226.346923828125,-3.349744488360068,1.4776752922618168,1.735005102395289,1.876844105763552,0.7944072219265695,-1.3393131173017965,-1.0832586331142695,2.1228911619442234,2.619858837668916,1.1631081598488866
86.0,236.0,1226.3470458984375,-3.349744488360068,1.4776752922618168,1.735005102395289,1.8768345109440263,0.7944072219265695,-1.3393129777226658,-1.0832586331142695,2.1228911619442234,2.619860501986723,1.163108159865895
86.0,236.0,1226.3470458984375,-3.349744488360068,1.4776752922618168,1.735005102395289,1.8768345109440263,0.7944072219265695,-1.3393129777226658,-1.0832586331142695,2.122891163720873,2.619860501986723,1.163108159865895
86.0,236.0,1226.3502197265625,-3.3494933491187497,1.477671166044784,1.735005102395289,1.8769362353630648,0.7953222277394106,-1.3393017767904634,-1.0832523937793408,2.1228912190862963,2.619819411077429,1.1631081824342564
86.0,236.0,1226.3544921875,-3.3526862535635145,1.4776145374386742,1.735005102395289,1.8720470330101608,0.7833681122997617,-1.3395461193891909,-1.0832597838881668,2.122891160050832,2.6198599752273606,1.1631081595254156
86.0,236.0,1226.354736328125,-3.349680944762828,1.477582603215834,1.735005102395289,1.877008665069709,0.7955248269744483,-1.339308134322358,-1.0832599583771885,2.1228911619442234,2.6198229274027813,1.1631081595254156
86.0,236.0,1226.354736328125,-3.349680944762828,1.477582603215834,1.735005102395289,1.877008665069709,0.7955248269744483,-1.339308134322358,-1.0832599583771885,2.1228911619442234,2.6198234821836346,1.1631081595254156
86.0,236.0,1226.354736328125,-3.349680944762828,1.477582603215834,1.735005102395289,1.876999070250184,0.7955248269744483,-1.3393079947432271,-1.0832599583771885,2.1228911619442234,2.6198245917205893,1.1631081595424235
86.0,236.0,1226.3548583984375,-3.3496881118764392,1.4776752922618168,1.735005102395289,1.8769669461736231,0.7955248269744483,-1.3393047922379004,-1.0832557764407815,2.122891215727972,2.619860501986723,1.1629143522761036
86.0,236.0,1226.3548583984375,-3.3496877651480905,1.477582603215834,1.735005102395289,1.877006055712686,0.7955248269744483,-1.339308134322358,-1.0832599583771885,2.1228911619442234,2.6198234821836346,1.1631081595254156
86.0,236.0,1226.35498046875,-3.352661900593044,1.4776155626828151,1.735005102395289,1.872421052881001,0.776901524337549,-1.339581670359962,-1.0832541771177255,2.1228911636899115,2.619826627778418,1.1631081824342564
86.0,236.0,1226.35498046875,-3.3496881118764392,1.4776748054627131,1.735005102395289,1.8769713118460825,0.7955248269744483,-1.3393103054966038,-1.0832559927016916,2.122891215727972,2.619860501986723,1.1629143522761036
86.0,236.0,1226.3551025390625,-3.349680944762828,1.4775849635873588,1.735005102395289,1.877008665069709,0.7955248269744483,-1.339308134322358,-1.0832599583771885,2.1228911619442234,2.619860501986723,1.1631081595254156
86.0,236.0,1226.3551025390625,-3.349680944762828,1.4775849635873588,1.735005102395289,1.877008665069709,0.7955248269744483,-1.339308134322358,-1.0832599583771885,2.1228911619442234,2.61985994720587,1.1631081595254156
86.0,236.0,1226.355712890625,-3.3526862535635145,1.4776145374386742,1.735005102395289,1.8720470330101608,0.7833531941941736,-1.3395874264308776,-1.0832597838881668,2.122891160050832,2.6198606116118484,1.1631081595254156
86.0,236.0,1226.3558349609375,-3.349680944762828,1.4776145374386742,1.735005102395289,1.872047094689163,0.7938138125744305,-1.3395874264308776,-1.0832599297706167,2.1228911619442234,2.6198606116118484,1.1631081595254156
86.0,236.0,1226.3560791015625,-3.349680944762828,1.4775849635873588,1.735005102395289,1.877008665069709,0.7955099088688603,-1.339349441364045,-1.0832599583771885,2.1228911619442234,2.619860583590358,1.1631081595254156
86.0,236.0,1226.3565673828125,-3.3496881118764392,1.4776752922618168,1.735005102395289,1.8769558533109727,0.7955248269744483,-1.3393047922379004,-1.0832599514415693,2.1228911619442234,2.619860501986723,1.163108159865895
86.0,236.0,1226.357421875,-3.3497214953519987,1.4776692996887693,1.735005102395289,1.8768195413289923,0.7954988059157452,-1.339309838684808,-1.0832551529253431,2.1228912169144563,2.6198606456764564,1.1631348563211288
86.0,236.0,1226.359375,-3.349749796499496,1.4776752922618168,1.735005102395289,1.8769596869763123,0.7956709227794557,-1.3393047922379004,-1.083252499255087,2.122891163584757,2.619860501986723,1.163108159865895
86.0,236.0,1226.3626708984375,-3.34974341943869,1.4775836183463098,1.735005102395289,1.8769315701364309,0.7960571789983786,-1.3393136703677369,-1.0832525129713642,2.1228911626852964,2.6198245225275203,1.163209886033992
86.0,236.0,1226.3853759765625,-3.352660596785918,1.4776705134550507,1.735005102395289,1.876980739739717,0.7948703865078652,-1.3392983962446294,-1.0832523646166323,2.122891163611519,2.6198628299348163,1.159409680828374
86.0,236.0,1226.3892822265625,-3.352639235472276,1.4776701293192185,1.735005102395289,1.8769865652504127,0.7942274814364496,-1.3396205686302385,-1.0832556810993708,2.1228912159103177,2.619823450764473,1.1599599113014163
86.0,236.0,1226.3934326171875,-3.352660633851379,1.4776706829414543,1.735005102395289,1.8769080481979232,0.7949405746555268,-1.3395804784095129,-1.083252403398539,2.122891163591459,2.6198230540345104,1.1594122847416213
86.0,236.0,1226.3939208984375,-3.3526607206592702,1.4778256395344913,1.735005102395289,1.8772700868370285,0.7954477060446901,-1.3392983730911698,-1.0832523590019254,2.122891163581532,2.619862353099768,1.1594205597348162
86.0,236.0,1226.39404296875,-3.3526975303484168,1.477612924813267,1.735005102395289,1.8769080481979232,0.7953204456050826,-1.33958152247238,-1.0832523646166323,2.122891163591459,2.6198230398383866,1.1586663805266733
86.0,236.0,1226.39453125,-3.352697251755344,1.477674318437806,1.735005102395289,1.876908029996485,0.7953222277394106,-1.3395814852027124,-1.0832523646166323,2.1228912190862963,2.6198230394905906,1.1585799232766922
86.0,236.0,1226.39453125,-3.352697251755344,1.477674318437806,1.735005102395289,1.876908029996485,0.7953222277394106,-1.3395814852027124,-1.0832523646166323,2.1228912190862963,2.6198230394905906,1.1585799232766922
86.0,236.0,1226.3984375,-3.352639235472276,1.4776701293192185,1.735005102395289,1.872051739414213,0.7938918767895158,-1.3396205686302385,-1.0832556810993708,2.1228912159103177,2.619823053286574,1.1598229677856495
86.0,236.0,1226.3984375,-3.352639235472276,1.4776701293192185,1.735005102395289,1.872051739414213,0.7938918767895158,-1.3396205686302385,-1.0832556810993708,2.1228912159103177,2.619823053286574,1.1598229677856495
86.0,236.0,1226.4019775390625,-3.35277712632128,1.477674318437806,1.735005102395289,1.876776389045444,0.7956951764385665,-1.33961907835953,-1.0832523646166323,2.122891219007638,2.6198230394905906,1.1585799232766922
86.0,236.0,1226.40771484375,-3.3527002009352,1.4775841688792866,1.735005102395289,1.8771137404803329,0.7937032245668199,-1.3396203340470152,-1.083252376160656,2.122891218773716,2.619823052139385,1.163041935406786
86.0,236.0,1226.408935546875,-3.3526603543915328,1.4776148875669777,1.735005102395289,1.8769669094935235,0.7938138125744305,-1.33961441115683,-1.0832597135097066,2.1228911619442234,2.61981948030793,1.1631081595254156
86.0,236.0,1226.4091796875,-3.3526603543915328,1.4776144007678738,1.735005102395289,1.8769712751659824,0.7938138125744305,-1.3396199244155331,-1.0832599297706167,2.1228911619442234,2.61981948030793,1.1631081595254156
86.0,236.0,1226.41162109375,-3.352660633851379,1.4776154231468177,1.735005102395289,1.876937312535405,0.7949594922275953,-1.3392983962446294,-1.0832523646166323,2.122891163591459,2.619824079800776,1.1631081824342564
86.0,236.0,1226.41162109375,-3.352660596785918,1.4776180031699522,1.735005102395289,1.876937312535405,0.7949594922275953,-1.3392983962446294,-1.0832523646166323,2.122891163611519,2.619824079800776,1.1631081824342564
86.0,236.0,1226.411865234375,-3.3526599171630824,1.4776154231468177,1.735005102395289,1.876937312535405,0.7949548036993315,-1.3392983962446294,-1.0832523646166323,2.122891163591459,2.619862380783555,1.1631081824342564
86.0,237.0,1226.126708984375,-3.3322471964389404,1.4776121425379185,1.735005102395289,1.872051739414213,0.7938918767895158,-1.3396205686302385,-1.0832556810993708,2.122891166322742,2.6198613119064293,1.1598229677856495
86.0,237.0,1226.126953125,-3.3322471964389404,1.477669997171944,1.735005102395289,1.872051739414213,0.7938918767895158,-1.3396205686302385,-1.0832556810993708,2.1228912159103177,2.619823053286574,1.1598229677856495
86.0,237.0,1226.126953125,-3.3322471964389404,1.477669997171944,1.735005102395289,1.872051739414213,0.7938918767895158,-1.3396205686302385,-1.0832556810993708,2.1228912159103177,2.619823053286574,1.1598229677856495
86.0,237.0,1226.126953125,-3.3322471964389404,1.477669997171944,1.735005102395289,1.872051739414213,0.7938918767895158,-1.3396205686302385,-1.0832556810993708,2.1228912159103177,2.619823053286574,1.1598229677856495
86.0,237.0,1226.30126953125,-3.349744488360068,1.4778227771650605,1.735005102395289,1.8772648441613744,0.7942478388592349,-1.320161426316227,-1.0832586331142695,2.1228911637181,2.6198623428065977,1.163108159865895
86.0,237.0,1226.31103515625,-3.352639235472276,1.4776701926314633,1.735005102395289,1.8767038301255563,0.7841324743183734,-1.3392577484662744,-1.0832556810993708,2.1228912159103177,2.619823053286574,1.1598229677856495
86.0,237.0,1226.3201904296875,-3.352639235472276,1.4776689072574898,1.735005102395289,1.8768462553505656,0.7843015259624169,-1.3395819486184946,-1.0832556810993708,2.1228912170929086,2.6198230507373994,1.1598229677856495
86.0,237.0,1226.3209228515625,-3.352639235472276,1.477581613622312,1.735005102395289,1.8770244288255693,0.7844968223143913,-1.3396201626980626,-1.0832556810993708,2.1228912159103177,2.619823053286574,1.1598416868314003
86.0,237.0,1226.3212890625,-3.3526361660501776,1.477581613622312,1.735005102395289,1.8770244288255693,0.7844968223143913,-1.3396201626980626,-1.08325588120663,2.1228912159103177,2.619860154411774,1.1598416868314003
86.0,237.0,1226.3270263671875,-3.3526607206592702,1.4778256395344913,1.735005102395289,1.8772700868370285,0.7877158986047874,-1.3392983730911698,-1.0832523591281722,2.122891163581532,2.619862353099768,1.1594205597348162
86.0,237.0,1226.33056640625,-3.352639235472276,1.4776701293192185,1.735005102395289,1.872051739414213,0.7841324743183734,-1.3396205686302385,-1.0832556810993708,2.1228912159103177,2.619823053286574,1.1598229677856495
86.0,237.0,1226.33056640625,-3.352639235472276,1.4776701293192185,1.735005102395289,1.872051739414213,0.7841324743183734,-1.3396205686302385,-1.0832556810993708,2.1228912159103177,2.619823053286574,1.1598229677856495
86.0,237.0,1226.3311767578125,-3.352639235472276,1.4776701293192185,1.735005102395289,1.872051739414213,0.7843015259624169,-1.3396205686302385,-1.0832556810993708,2.1228912159103177,2.619823053286574,1.1598229677856495
86.0,237.0,1226.33251953125,-3.352639235472276,1.4776701293192185,1.735005102395289,1.8720406465515629,0.7843015259624169,-1.3396205686302385,-1.0832598561001583,2.1228911621265687,2.619823053286574,1.1600167753754411
86.0,237.0,1226.3427734375,-3.349680873904048,1.477582603215834,1.735005102395289,1.877008665069709,0.7943083350840946,-1.339308208945199,-1.083260028266117,2.1228911619422,2.6198229274027813,1.1631081598735358
86.0,237.0,1226.34326171875,-3.3496894999477123,1.4776177477465788,1.735005102395289,1.8772803196251493,0.7942611261215621,-1.3393129777226658,-1.08326003331424,2.122891161911753,2.61985991685578,1.1631081598710566
86.0,237.0,1226.3436279296875,-3.349680944762828,1.477582603215834,1.735005102395289,1.877008665069709,0.7943779933930604,-1.3393135144422017,-1.0832597755148272,2.122891162023116,2.6198238499740256,1.1631081595254156
86.0,237.0,1226.34423828125,-3.3496894999477123,1.4776752922618168,1.735005102395289,1.8772803196251493,0.7942611261215621,-1.3393129777226658,-1.0832600305950058,2.122891161911753,2.6198623525142595,1.163108159865895
86.0,237.0,1226.3466796875,-3.3497511845707684,1.4776752922618168,1.735005102395289,1.8772841532904896,0.7944072219265695,-1.3393129777226658,-1.0832525784085232,2.122891163552286,2.6198623525142595,1.163108159865895
86.0,237.0,1226.346923828125,-3.349744488360068,1.4776752922618168,1.735005102395289,1.876844105763552,0.7944072219265695,-1.3393131173017965,-1.0832586331142695,2.1228911619442234,2.619858837668916,1.1631081598488866
86.0,237.0,1226.3470458984375,-3.349744488360068,1.4776752922618168,1.735005102395289,1.8768345109440263,0.7944072219265695,-1.3393129777226658,-1.0832586331142695,2.1228911619442234,2.619860501986723,1.163108159865895
86.0,237.0,1226.3470458984375,-3.349744488360068,1.4776752922618168,1.735005102395289,1.8768345109440263,0.7944072219265695,-1.3393129777226658,-1.0832586331142695,2.122891163720873,2.619860501986723,1.163108159865895
86.0,237.0,1226.3470458984375,-3.349744488360068,1.4776752922618168,1.735005102395289,1.8768345109440263,0.7944072219265695,-1.3393129777226658,-1.0832586331142695,2.122891163720873,2.619860501986723,1.163108159865895
86.0,237.0,1226.34765625,-3.349266772191092,1.4776146770279062,1.735005102395289,1.876999070250184,0.7955248269744483,-1.3393079947432271,-1.0832520371962473,2.122891163573769,2.6198245917205893,1.1631574447587176
86.0,237.0,1226.3502197265625,-3.3494933491187497,1.477671166044784,1.735005102395289,1.8769362353630648,0.7953222277394106,-1.3393017767904634,-1.0832523937793408,2.1228912190862963,2.619819411077429,1.1631081824342564
86.0,237.0,1226.354248046875,-3.3526893229856123,1.4776145374386742,1.735005102395289,1.8720470330101608,0.7833681122997617,-1.3395461193891909,-1.0832595837809078,2.122891160050832,2.6198228741021605,1.1631081595254156
86.0,237.0,1226.3544921875,-3.3526862535635145,1.4776145374386742,1.735005102395289,1.8720470330101608,0.7833681122997617,-1.3395461193891909,-1.0832597838881668,2.122891160050832,2.6198599752273606,1.1631081595254156
86.0,237.0,1226.354736328125,-3.349680944762828,1.477582603215834,1.735005102395289,1.877008665069709,0.7955248269744483,-1.339308134322358,-1.0832599583771885,2.1228911619442234,2.6198229274027813,1.1631081595254156
86.0,237.0,1226.354736328125,-3.349680944762828,1.477582603215834,1.735005102395289,1.877008665069709,0.7955248269744483,-1.339308134322358,-1.0832599583771885,2.1228911619442234,2.6198234821836346,1.1631081595254156
86.0,237.0,1226.354736328125,-3.349680944762828,1.477582603215834,1.735005102395289,1.876999070250184,0.7955248269744483,-1.3393079947432271,-1.0832599583771885,2.1228911619442234,2.6198245917205893,1.1631081595424235
86.0,237.0,1226.3548583984375,-3.3496881118764392,1.4776752922618168,1.735005102395289,1.8769669461736231,0.7955248269744483,-1.3393047922379004,-1.0832557764407815,2.122891215727972,2.619860501986723,1.1629143522761036
86.0,237.0,1226.3548583984375,-3.3496877651480905,1.477582603215834,1.735005102395289,1.877006055712686,0.7955248269744483,-1.339308134322358,-1.0832599583771885,2.1228911619442234,2.6198234821836346,1.1631081595254156
86.0,237.0,1226.35498046875,-3.352661900593044,1.4776155626828151,1.735005102395289,1.872421052881001,0.776901524337549,-1.339581670359962,-1.0832541771177255,2.1228911636899115,2.619826627778418,1.1631081824342564
86.0,237.0,1226.35498046875,-3.3496881118764392,1.4776748054627131,1.735005102395289,1.8769713118460825,0.7955248269744483,-1.3393103054966038,-1.0832559927016916,2.122891215727972,2.619860501986723,1.1629143522761036
86.0,237.0,1226.3551025390625,-3.349680944762828,1.4775849635873588,1.735005102395289,1.877008665069709,0.7955248269744483,-1.339308134322358,-1.0832599583771885,2.1228911619442234,2.619860501986723,1.1631081595254156
86.0,237.0,1226.3551025390625,-3.349680944762828,1.4775849635873588,1.735005102395289,1.877008665069709,0.7955248269744483,-1.339308134322358,-1.0832599583771885,2.1228911619442234,2.61985994720587,1.1631081595254156
86.0,237.0,1226.3553466796875,-3.349566380997884,1.4776752922618168,1.735005102395289,1.8769596869763123,0.7956709227794557,-1.3393047922379004,-1.0832524161709094,2.1228912160237754,2.619860501986723,1.1630714626942815
86.0,237.0,1226.3553466796875,-3.3495944508543034,1.477582603215834,1.735005102395289,1.877023625452194,0.7955248269744483,-1.339308134322358,-1.0832554193444772,2.1228912156869524,2.6198234821836346,1.163364185072452
86.0,237.0,1226.355712890625,-3.3526862535635145,1.4776145374386742,1.735005102395289,1.8720470330101608,0.7833531941941736,-1.3395874264308776,-1.0832597838881668,2.122891160050832,2.6198606116118484,1.1631081595254156
86.0,237.0,1226.3558349609375,-3.349680944762828,1.4776145374386742,1.735005102395289,1.872047094689163,0.7938138125744305,-1.3395874264308776,-1.0832599297706167,2.1228911619442234,2.6198606116118484,1.1631081595254156
86.0,237.0,1226.3560791015625,-3.349680944762828,1.4775849635873588,1.735005102395289,1.877008665069709,0.7955099088688603,-1.339349441364045,-1.0832599583771885,2.1228911619442234,2.619860583590358,1.1631081595254156
86.0,237.0,1226.3560791015625,-3.3496895708064924,1.4776752922618168,1.735005102395289,1.8772803196251493,0.7954776180119157,-1.3393129030998243,-1.083259960706077,2.122891161913777,2.6198623525142595,1.1631081595177746
86.0,237.0,1226.3560791015625,-3.3496881118764392,1.4776748054627131,1.735005102395289,1.8775477566761616,0.7955870787177113,-1.339306176395943,-1.0832556844759578,2.1228912159076034,2.619858968561144,1.1630417943267424
86.0,237.0,1226.3560791015625,-3.349680944762828,1.4775849635873588,1.735005102395289,1.87698659454974,0.7955079463759042,-1.339349441364045,-1.083258638188286,2.1228911619442234,2.6198605747842088,1.1631081595254156
86.0,237.0,1226.3563232421875,-3.349680944762828,1.4776723920727,1.735005102395289,1.872047094689163,0.7938138125744305,-1.3395874264308776,-1.0832599297706167,2.122891211531799,2.6198223529919926,1.1631081595254156
86.0,237.0,1226.3565673828125,-3.3496881118764392,1.4776752922618168,1.735005102395289,1.8769558533109727,0.7955248269744483,-1.3393047922379004,-1.0832599514415693,2.1228911619442234,2.619860501986723,1.163108159865895
86.0,237.0,1226.357421875,-3.3497214953519987,1.4776692996887693,1.735005102395289,1.8768195413289923,0.7954988059157452,-1.339309838684808,-1.0832551529253431,2.1228912169144563,2.6198606456764564,1.1631348563211288
86.0,237.0,1226.357666015625,-3.349689450482124,1.4775849644064596,1.735005102395289,1.877286328705648,0.7957755782724957,-1.339308134322358,-1.0832599583771885,2.1228911619117303,2.619860501986723,1.1631081595218684
86.0,237.0,1226.35791015625,-3.3526607206592702,1.4778290456405805,1.735005102395289,1.8769395211532875,0.7877158986047874,-1.3392983730911698,-1.083252393397863,2.122891163581532,2.619862353099768,1.163177064204012
86.0,237.0,1226.359375,-3.349749796499496,1.4776752922618168,1.735005102395289,1.8769596869763123,0.7956709227794557,-1.3393047922379004,-1.083252499255087,2.122891163584757,2.619860501986723,1.163108159865895
86.0,238.0,1226.126708984375,-3.3322471964389404,1.4776121425379185,1.735005102395289,1.872051739414213,0.7938918767895158,-1.3396205686302385,-1.0832556810993708,2.122891166322742,2.6198613119064293,1.1598229677856495
86.0,238.0,1226.126708984375,-3.3322471964389404,1.4776127889968322,1.735005102395289,1.872051739414213,0.7938918767895158,-1.3396205686302385,-1.0832556810993708,2.122891166322742,2.6198613119064293,1.1598229677856495
86.0,238.0,1226.126953125,-3.3322471964389404,1.477669997171944,1.735005102395289,1.872051739414213,0.7938918767895158,-1.3396205686302385,-1.0832556810993708,2.1228912159103177,2.619823053286574,1.1598229677856495
86.0,238.0,1226.126953125,-3.3322471964389404,1.477669997171944,1.735005102395289,1.872051739414213,0.7938918767895158,-1.3396205686302385,-1.0832556810993708,2.1228912159103177,2.619823053286574,1.1598229677856495
86.0,238.0,1226.126953125,-3.3322471964389404,1.477669997171944,1.735005102395289,1.872051739414213,0.7938918767895158,-1.3396205686302385,-1.0832556810993708,2.1228912159103177,2.619823053286574,1.1598229677856495
86.0,238.0,1226.126953125,-3.3322471964389404,1.47766935071303,1.735005102395289,1.872051739414213,0.7938918767895158,-1.3396205686302385,-1.0832556810993708,2.1228912159103177,2.619823053286574,1.1598229677856495
86.0,238.0,1226.28857421875,-3.3496881118764392,1.4776749023267584,1.735005102395289,1.877203944839554,0.7843828491603997,-1.3393119540694485,-1.0832599514415693,2.1228911619442234,2.619860501986723,1.163108159865895
86.0,238.0,1226.30126953125,-3.349744488360068,1.4778227771650605,1.735005102395289,1.8772648441613744,0.7942478388592349,-1.320161426316227,-1.0832586331142695,2.1228911637181,2.6198623428065977,1.163108159865895
86.0,238.0,1226.3016357421875,-3.349743453931104,1.4778227771650605,1.735005102395289,1.8772648441613744,0.7942951855001044,-1.320161426316227,-1.0832586331142695,2.122891161967554,2.6198604953515323,1.1631081595241135
86.0,238.0,1226.3017578125,-3.349687269565273,1.477822029258192,1.735005102395289,1.877247919139788,0.7942455112991089,-1.320102699226556,-1.0832584541339194,2.1228911637181,2.619860461989061,1.163107963748765
86.0,238.0,1226.31103515625,-3.352639235472276,1.4776701926314633,1.735005102395289,1.8767038301255563,0.7841324743183734,-1.3392577484662744,-1.0832556810993708,2.1228912159103177,2.619823053286574,1.1598229677856495
86.0,238.0,1226.31103515625,-3.352639235472276,1.4776701926314633,1.735005102395289,1.8767038301255563,0.7841324743183734,-1.3392577484662744,-1.0832556810993708,2.1228912159103177,2.619823053286574,1.1598229677856495
86.0,238.0,1226.3111572265625,-3.352639235472276,1.4776701926314633,1.735005102395289,1.8767038301255563,0.7841745586744047,-1.3392577484662744,-1.0832552401315314,2.1228911597884847,2.619823053286574,1.1598229677856495
86.0,238.0,1226.3201904296875,-3.352639235472276,1.4776689072574898,1.735005102395289,1.8768462553505656,0.7843015259624169,-1.3395819486184946,-1.0832556810993708,2.1228912170929086,2.6198230507373994,1.1598229677856495
86.0,238.0,1226.3209228515625,-3.352639235472276,1.477581613622312,1.735005102395289,1.8770244288255693,0.7844968223143913,-1.3396201626980626,-1.0832556810993708,2.1228912159103177,2.619823053286574,1.1598416868314003
86.0,238.0,1226.3212890625,-3.3526361660501776,1.477581613622312,1.735005102395289,1.8770244288255693,0.7844968223143913,-1.3396201626980626,-1.08325588120663,2.1228912159103177,2.619860154411774,1.1598416868314003
86.0,238.0,1226.3212890625,-3.352639235472276,1.477668893495418,1.735005102395289,1.8768462553505656,0.7843015259624169,-1.3396205821195308,-1.0832556810993708,2.1228912170929086,2.619823050833744,1.1598229677856495
86.0,238.0,1226.3270263671875,-3.3526607206592702,1.4778256395344913,1.735005102395289,1.8772700868370285,0.7877158986047874,-1.3392983730911698,-1.0832523591281722,2.122891163581532,2.619862353099768,1.1594205597348162
86.0,238.0,1226.32958984375,-3.352639235472276,1.4776701430812902,1.735005102395289,1.872051739414213,0.7841324743183734,-1.339581935129202,-1.0832556810993708,2.1228912159103177,2.61982305319023,1.1598229677856495
86.0,238.0,1226.33056640625,-3.352639235472276,1.4776701293192185,1.735005102395289,1.872051739414213,0.7841324743183734,-1.3396205686302385,-1.0832556810993708,2.1228912159103177,2.619823053286574,1.1598229677856495
86.0,238.0,1226.33056640625,-3.352639235472276,1.4776701293192185,1.735005102395289,1.872051739414213,0.7841324743183734,-1.3396205686302385,-1.0832556810993708,2.1228912159103177,2.619823053286574,1.1598229677856495
86.0,238.0,1226.3311767578125,-3.352639235472276,1.4776701293192185,1.735005102395289,1.872051739414213,0.7843015259624169,-1.3396205686302385,-1.0832556810993708,2.1228912159103177,2.619823053286574,1.1598229677856495
86.0,238.0,1226.33154296875,-3.352639235472276,1.4776175814323385,1.735005102395289,1.872051739414213,0.7841324743183734,-1.3396107576498315,-1.0832556810993708,2.1228912159103177,2.6198199531837565,1.1601043156999815
86.0,238.0,1226.33154296875,-3.3494894401365625,1.477669997171944,1.735005102395289,1.872051739414213,0.7938918767895158,-1.3396205686302385,-1.0832556163953175,2.1228912159103177,2.619823053286574,1.1599444970876465
86.0,238.0,1226.33251953125,-3.352639235472276,1.4776701293192185,1.735005102395289,1.8720406465515629,0.7843015259624169,-1.3396205686302385,-1.0832598561001583,2.1228911621265687,2.619823053286574,1.1600167753754411
86.0,238.0,1226.3330078125,-3.3495967033349774,1.477669997171944,1.735005102395289,1.872043080867468,0.793888189661726,-1.3396205686302385,-1.083260066663449,2.1228912159103177,2.6198211496036192,1.1598175994944966
86.0,238.0,1226.3370361328125,-3.352428368841532,1.4776153450617715,1.735005102395289,1.876999070250184,0.7841990987602682,-1.3393079947432271,-1.0832603120988529,2.122891162199282,2.6198245917205893,1.1631574447587176
86.0,238.0,1226.3399658203125,-3.3495944508543034,1.477583952543074,1.735005102395289,1.877023625452194,0.7939261527840411,-1.339308134322358,-1.0832554193444772,2.1228912156869524,2.619820931549006,1.163364185072452
86.0,238.0,1226.3427734375,-3.349680873904048,1.477582603215834,1.735005102395289,1.877008665069709,0.7943083350840946,-1.339308208945199,-1.083260028266117,2.1228911619422,2.6198229274027813,1.1631081598735358
86.0,238.0,1226.34326171875,-3.3496894999477123,1.4776177477465788,1.735005102395289,1.8772803196251493,0.7942611261215621,-1.3393129777226658,-1.08326003331424,2.122891161911753,2.61985991685578,1.1631081598710566
86.0,238.0,1226.34326171875,-3.349572267907321,1.4776752922618168,1.735005102395289,1.8769583373841905,0.7944072219265695,-1.3393045939553656,-1.0832524049421557,2.122891216066121,2.619860527664067,1.16310874767088
86.0,238.0,1226.3436279296875,-3.349680944762828,1.477582603215834,1.735005102395289,1.877008665069709,0.7943779933930604,-1.3393135144422017,-1.0832597755148272,2.122891162023116,2.6198238499740256,1.1631081595254156
86.0,238.0,1226.34423828125,-3.3496894999477123,1.4776752922618168,1.735005102395289,1.8772803196251493,0.7942611261215621,-1.3393129777226658,-1.0832600305950058,2.122891161911753,2.6198623525142595,1.163108159865895
86.0,238.0,1226.3466796875,-3.3497511845707684,1.4776752922618168,1.735005102395289,1.8772841532904896,0.7944072219265695,-1.3393129777226658,-1.0832525784085232,2.122891163552286,2.6198623525142595,1.163108159865895
86.0,238.0,1226.346923828125,-3.349744488360068,1.4776752922618168,1.735005102395289,1.876844105763552,0.7944072219265695,-1.3393131173017965,-1.0832586331142695,2.1228911619442234,2.619858837668916,1.1631081598488866
86.0,238.0,1226.3470458984375,-3.349744488360068,1.4776752922618168,1.735005102395289,1.8768345109440263,0.7944072219265695,-1.3393129777226658,-1.0832586331142695,2.1228911619442234,2.619860501986723,1.163108159865895
86.0,238.0,1226.3470458984375,-3.349744488360068,1.4776752922618168,1.735005102395289,1.8768345109440263,0.7944072219265695,-1.3393129777226658,-1.0832586331142695,2.122891163720873,2.619860501986723,1.163108159865895
86.0,238.0,1226.3470458984375,-3.349744488360068,1.4776752922618168,1.735005102395289,1.8768345109440263,0.7944072219265695,-1.3393129777226658,-1.0832586331142695,2.122891163720873,2.619860501986723,1.163108159865895
86.0,238.0,1226.3470458984375,-3.349744488360068,1.4776752922618168,1.735005102395289,1.8768345109440263,0.7944072219265695,-1.3393129777226658,-1.0832586331142695,2.1228911619442234,2.619860501986723,1.163108159865895
86.0,238.0,1226.3470458984375,-3.349744488360068,1.4776752922618168,1.735005102395289,1.8768345109440263,0.7944072219265695,-1.3393129777226658,-1.0832586331142695,2.122891163720873,2.619860501986723,1.163108159865895
86.0,238.0,1226.34765625,-3.349266772191092,1.4776146770279062,1.735005102395289,1.876999070250184,0.7955248269744483,-1.3393079947432271,-1.0832520371962473,2.122891163573769,2.6198245917205893,1.1631574447587176
86.0,238.0,1226.34765625,-3.3526862535635145,1.4776768063431514,1.735005102395289,1.8768097787133324,0.7833681122997617,-1.3395461193891909,-1.0832597838881668,2.122891160050832,2.6198599752273606,1.1631081598512336
86.0,238.0,1226.3497314453125,-3.349477638821836,1.477669461285353,1.735005102395289,1.8720406465515629,0.7956272541765971,-1.3396205686302385,-1.0832515811975527,2.122891163501056,2.619823053286574,1.1600167753754411
86.0,238.0,1226.3502197265625,-3.3494933491187497,1.477671166044784,1.735005102395289,1.8769362353630648,0.7953222277394106,-1.3393017767904634,-1.0832523937793408,2.1228912190862963,2.619819411077429,1.1631081824342564
86.0,238.0,1226.354248046875,-3.3526893229856123,1.4776145374386742,1.735005102395289,1.8720470330101608,0.7833681122997617,-1.3395461193891909,-1.0832595837809078,2.122891160050832,2.6198228741021605,1.1631081595254156
86.0,238.0,1226.3544921875,-3.3526862535635145,1.4776145374386742,1.735005102395289,1.8720470330101608,0.7833681122997617,-1.3395461193891909,-1.0832597838881668,2.122891160050832,2.6198599752273606,1.1631081595254156
86.0,238.0,1226.354736328125,-3.349680944762828,1.477582603215834,1.735005102395289,1.877008665069709,0.7955248269744483,-1.339308134322358,-1.0832599583771885,2.1228911619442234,2.6198229274027813,1.1631081595254156
86.0,238.0,1226.354736328125,-3.349680944762828,1.477582603215834,1.735005102395289,1.877008665069709,0.7955248269744483,-1.339308134322358,-1.0832599583771885,2.1228911619442234,2.6198234821836346,1.1631081595254156
86.0,238.0,1226.354736328125,-3.349680944762828,1.477582603215834,1.735005102395289,1.876999070250184,0.7955248269744483,-1.3393079947432271,-1.0832599583771885,2.1228911619442234,2.6198245917205893,1.1631081595424235
86.0,238.0,1226.3548583984375,-3.3496881118764392,1.4776752922618168,1.735005102395289,1.8769669461736231,0.7955248269744483,-1.3393047922379004,-1.0832557764407815,2.122891215727972,2.619860501986723,1.1629143522761036
86.0,239.0,1226.1263427734375,-3.3322471964389404,1.477669997171944,1.735005102395289,1.872051739414213,0.7937549413619159,-1.3396201603856026,-1.0832556810993708,2.1228912159103177,2.619823053286574,1.1598409974988717
86.0,239.0,1226.1263427734375,-3.332146392298329,1.4776685462350194,1.735005102395289,1.8768462553505656,0.7937706271588704,-1.3395817737012132,-1.0832556810993708,2.1228912170929086,2.6198230507373994,1.1598229677856495
86.0,239.0,1226.126708984375,-3.3322471964389404,1.4776121425379185,1.735005102395289,1.872051739414213,0.7938918767895158,-1.3396205686302385,-1.0832556810993708,2.122891166322742,2.6198613119064293,1.1598229677856495
86.0,239.0,1226.126708984375,-3.3322471964389404,1.4776127889968322,1.735005102395289,1.872051739414213,0.7938918767895158,-1.3396205686302385,-1.0832556810993708,2.122891166322742,2.6198613119064293,1.1598229677856495
86.0,239.0,1226.126953125,-3.3322471964389404,1.477669997171944,1.735005102395289,1.872051739414213,0.7938918767895158,-1.3396205686302385,-1.0832556810993708,2.1228912159103177,2.619823053286574,1.1598229677856495
86.0,239.0,1226.126953125,-3.3322471964389404,1.477669997171944,1.735005102395289,1.872051739414213,0.7938918767895158,-1.3396205686302385,-1.0832556810993708,2.1228912159103177,2.619823053286574,1.1598229677856495
86.0,239.0,1226.126953125,-3.3322471964389404,1.477669997171944,1.735005102395289,1.872051739414213,0.7938918767895158,-1.3396205686302385,-1.0832556810993708,2.1228912159103177,2.619823053286574,1.1598229677856495
86.0,239.0,1226.126953125,-3.3322471964389404,1.47766935071303,1.735005102395289,1.872051739414213,0.7938918767895158,-1.3396205686302385,-1.0832556810993708,2.1228912159103177,2.619823053286574,1.1598229677856495
86.0,239.0,1226.126953125,-3.3322471964389404,1.477669997171944,1.735005102395289,1.872051739414213,0.7938918767895158,-1.3396205686302385,-1.0832556810993708,2.1228912159103177,2.619823053286574,1.1598159241132826
86.0,239.0,1226.126953125,-3.3322471964389404,1.477669997171944,1.735005102395289,1.872051739414213,0.7938918767895158,-1.3396205686302385,-1.0832556810993708,2.1228912159103177,2.619823053286574,1.1598229677856495
86.0,239.0,1226.126953125,-3.3322471964389404,1.47766935071303,1.735005102395289,1.872051739414213,0.7938918767895158,-1.3396205686302385,-1.0832556810993708,2.1228912159103177,2.619823053286574,1.1598229677856495
86.0,239.0,1226.1278076171875,-3.3322471964389404,1.4776702148844605,1.735005102395289,1.872051739414213,0.7938918767895158,-1.3396205686302385,-1.0832556810993708,2.122891166322742,2.6198619221662534,1.1598229677856495
86.0,239.0,1226.1280517578125,-3.3322471964389404,1.477669997171944,1.735005102395289,1.872088741741978,0.7938918767895158,-1.3396205686302385,-1.0832556810993708,2.122891161472661,2.619823053286574,1.1600142913627245
86.0,239.0,1226.23486328125,-3.352651331760564,1.4778227771650605,1.735005102395289,1.8772648441613744,0.7846375674664121,-1.32190445138265,-1.0832586331142695,2.1228911637181,2.6198623428065977,1.163108159865895
86.0,239.0,1226.25732421875,-3.349675285109689,1.4776701926314633,1.735005102395289,1.8767038301255563,0.7841745586744047,-1.3392577484662744,-1.0832600072601313,2.122891213550957,2.6198212149196363,1.1598229677856495
86.0,239.0,1226.2581787109375,-3.331563420570502,1.477814117696291,1.735005102395289,1.8719626761644663,0.7938913269454124,-1.3205598516924597,-1.083258695500569,2.122891166322742,2.6198612427227745,1.159822051410539
86.0,239.0,1226.260498046875,-3.352639235472276,1.4776689072574898,1.7433633081788198,1.8768462553505656,0.7843015259624169,-1.3392601929870946,-1.0832556810993708,2.1228912171415013,2.6198230532207623,1.1598229677856495
86.0,239.0,1226.274658203125,-3.3497323920717785,1.4776701926314633,1.735005102395289,1.8767038301255563,0.7937848300672274,-1.337514723399851,-1.0832552401315314,2.1228911597884847,2.619823053286574,1.1598229677856495
86.0,239.0,1226.2880859375,-3.3495944508543034,1.477583952543074,1.735005102395289,1.877023625452194,0.7843311076919578,-1.3392979460464949,-1.0832554193444772,2.1228912156869524,2.619820931549006,1.1633734707333985
86.0,239.0,1226.28857421875,-3.3496881118764392,1.4776749023267584,1.735005102395289,1.877203944839554,0.7843828491603997,-1.3393119540694485,-1.0832599514415693,2.1228911619442234,2.619860501986723,1.163108159865895
86.0,239.0,1226.30126953125,-3.349744488360068,1.4778227771650605,1.735005102395289,1.8772648441613744,0.7942478388592349,-1.320161426316227,-1.0832586331142695,2.1228911637181,2.6198623428065977,1.163108159865895
86.0,239.0,1226.3016357421875,-3.349743453931104,1.4778227771650605,1.735005102395289,1.8772648441613744,0.7942951855001044,-1.320161426316227,-1.0832586331142695,2.122891161967554,2.6198604953515323,1.1631081595241135
86.0,239.0,1226.3017578125,-3.349687269565273,1.477822029258192,1.735005102395289,1.877247919139788,0.7942455112991089,-1.320102699226556,-1.0832584541339194,2.1228911637181,2.619860461989061,1.163107963748765
86.0,239.0,1226.31103515625,-3.352639235472276,1.4776701926314633,1.735005102395289,1.8767038301255563,0.7841324743183734,-1.3392577484662744,-1.0832556810993708,2.1228912159103177,2.619823053286574,1.1598229677856495
86.0,239.0,1226.31103515625,-3.352639235472276,1.4776701926314633,1.735005102395289,1.8767038301255563,0.7841324743183734,-1.3392577484662744,-1.0832556810993708,2.1228912159103177,2.619823053286574,1.1598229677856495
86.0,239.0,1226.3111572265625,-3.352639235472276,1.4776701926314633,1.735005102395289,1.8767038301255563,0.7841745586744047,-1.3392577484662744,-1.0832552401315314,2.1228911597884847,2.619823053286574,1.1598229677856495
86.0,239.0,1226.3123779296875,-3.352639235472276,1.4776671323122683,1.735005102395289,1.876703131226058,0.7841324743183734,-1.3393088901562675,-1.0832556908939337,2.1228912159103177,2.619823053286574,1.1598229677856495
86.0,239.0,1226.31982421875,-3.352639235472276,1.4776701926314633,1.735005102395289,1.8767038301255563,0.7841324743183734,-1.3395795040976743,-1.0832556810993708,2.122891215861725,2.619823050803212,1.1598229677856495
86.0,239.0,1226.3201904296875,-3.352639235472276,1.4776689072574898,1.735005102395289,1.8768462553505656,0.7843015259624169,-1.3395819486184946,-1.0832556810993708,2.1228912170929086,2.6198230507373994,1.1598229677856495
86.0,239.0,1226.3209228515625,-3.352639235472276,1.477581613622312,1.735005102395289,1.8770244288255693,0.7844968223143913,-1.3396201626980626,-1.0832556810993708,2.1228912159103177,2.619823053286574,1.1598416868314003
86.0,239.0,1226.3212890625,-3.3526361660501776,1.477581613622312,1.735005102395289,1.8770244288255693,0.7844968223143913,-1.3396201626980626,-1.08325588120663,2.1228912159103177,2.619860154411774,1.1598416868314003
86.0,239.0,1226.3212890625,-3.352639235472276,1.477668893495418,1.735005102395289,1.8768462553505656,0.7843015259624169,-1.3396205821195308,-1.0832556810993708,2.1228912170929086,2.619823050833744,1.1598229677856495
86.0,239.0,1226.3270263671875,-3.3526607206592702,1.4778256395344913,1.735005102395289,1.8772700868370285,0.7877158986047874,-1.3392983730911698,-1.0832523591281722,2.122891163581532,2.619862353099768,1.1594205597348162
86.0,239.0,1226.32958984375,-3.352639235472276,1.4776701430812902,1.735005102395289,1.872051739414213,0.7841324743183734,-1.339581935129202,-1.0832556810993708,2.1228912159103177,2.61982305319023,1.1598229677856495
86.0,239.0,1226.33056640625,-3.352639235472276,1.4776701293192185,1.735005102395289,1.872051739414213,0.7841324743183734,-1.3396205686302385,-1.0832556810993708,2.1228912159103177,2.619823053286574,1.1598229677856495
86.0,239.0,1226.33056640625,-3.352639235472276,1.4776701293192185,1.735005102395289,1.872051739414213,0.7841324743183734,-1.3396205686302385,-1.0832556810993708,2.1228912159103177,2.619823053286574,1.1598229677856495
86.0,239.0,1226.33056640625,-3.352639235472276,1.4776701293192185,1.735005102395289,1.872051739414213,0.7841324743183734,-1.3396205686302385,-1.0832556810993708,2.1228912159103177,2.619823053286574,1.1598229677856495
86.0,239.0,1226.3311767578125,-3.352639235472276,1.4776701293192185,1.735005102395289,1.872051739414213,0.7843015259624169,-1.3396205686302385,-1.0832556810993708,2.1228912159103177,2.619823053286574,1.1598229677856495
86.0,239.0,1226.33154296875,-3.352639235472276,1.4776175814323385,1.735005102395289,1.872051739414213,0.7841324743183734,-1.3396107576498315,-1.0832556810993708,2.1228912159103177,2.6198199531837565,1.1601043156999815
86.0,239.0,1226.33154296875,-3.3494894401365625,1.477669997171944,1.735005102395289,1.872051739414213,0.7938918767895158,-1.3396205686302385,-1.0832556163953175,2.1228912159103177,2.619823053286574,1.1599444970876465
86.0,239.0,1226.33251953125,-3.352639235472276,1.4776701293192185,1.735005102395289,1.8720406465515629,0.7843015259624169,-1.3396205686302385,-1.0832598561001583,2.1228911621265687,2.619823053286574,1.1600167753754411
86.0,239.0,1226.3330078125,-3.3495967033349774,1.477669997171944,1.735005102395289,1.872043080867468,0.793888189661726,-1.3396205686302385,-1.083260066663449,2.1228912159103177,2.6198211496036192,1.1598175994944966
86.0,239.0,1226.335693359375,-3.352428368841532,1.4776184053809662,1.735005102395289,1.8769997691496827,0.7841990987602682,-1.3392568530532345,-1.0832603023042902,2.122891162199282,2.6198245917205893,1.1631574447587176
86.0,239.0,1226.3370361328125,-3.352428368841532,1.4776153450617715,1.735005102395289,1.876999070250184,0.7841990987602682,-1.3393079947432271,-1.0832603120988529,2.122891162199282,2.6198245917205893,1.1631574447587176
86.0,239.0,1226.3370361328125,-3.352428368841532,1.4776153450617715,1.735005102395289,1.876999070250184,0.7841990987602682,-1.3393078363902031,-1.0832603120988529,2.1228911594440967,2.619824585041381,1.1631574447587176
86.0,239.0,1226.3399658203125,-3.3495944508543034,1.477583952543074,1.735005102395289,1.877023625452194,0.7939261527840411,-1.339308134322358,-1.0832554193444772,2.1228912156869524,2.619820931549006,1.163364185072452
86.0,239.0,1226.3424072265625,-3.3496894999477123,1.4776752922618168,1.735005102395289,1.8772433172973848,0.7942611261215621,-1.3393129777226658,-1.0832600305950058,2.1228912163494096,2.6198623525142595,1.1629168362888207
86.0,239.0,1226.3427734375,-3.349680873904048,1.477582603215834,1.735005102395289,1.877008665069709,0.7943083350840946,-1.339308208945199,-1.083260028266117,2.1228911619422,2.6198229274027813,1.1631081598735358
86.0,239.0,1226.34326171875,-3.3496894999477123,1.4776177477465788,1.735005102395289,1.8772803196251493,0.7942611261215621,-1.3393129777226658,-1.08326003331424,2.122891161911753,2.61985991685578,1.1631081598710566
86.0,239.0,1226.34326171875,-3.349572267907321,1.4776752922618168,1.735005102395289,1.8769583373841905,0.7944072219265695,-1.3393045939553656,-1.0832524049421557,2.122891216066121,2.619860527664067,1.16310874767088
86.0,240.0,1226.0872802734375,-3.331563420570502,1.477675858532746,1.735005102395289,1.8719626761644663,0.7846120668392316,-1.3382699421421316,-1.0832552639564246,2.122891166322742,2.619858549378035,1.159822051410539
86.0,240.0,1226.1181640625,-3.3315193828182585,1.47781300611825,1.735005102395289,1.8719626761644663,0.7938913269454124,-1.3390836998941926,-1.083258602853016,2.122891166322742,2.6198208613715392,1.159822051410539
86.0,240.0,1226.126220703125,-3.3322471964389404,1.477669997171944,1.735005102395289,1.872051739414213,0.7937504213171295,-1.3396201603856026,-1.0832556810993708,2.1228912159103177,2.619823053286574,1.1598409974988717
86.0,240.0,1226.1263427734375,-3.3322471964389404,1.477669997171944,1.735005102395289,1.872051739414213,0.7937549413619159,-1.3396201603856026,-1.0832556810993708,2.1228912159103177,2.619823053286574,1.1598409974988717
86.0,240.0,1226.1263427734375,-3.332146392298329,1.4776685462350194,1.735005102395289,1.8768462553505656,0.7937706271588704,-1.3395817737012132,-1.0832556810993708,2.1228912170929086,2.6198230507373994,1.1598229677856495
86.0,240.0,1226.126708984375,-3.3322471964389404,1.4776121425379185,1.735005102395289,1.872051739414213,0.7938918767895158,-1.3396205686302385,-1.0832556810993708,2.122891166322742,2.6198613119064293,1.1598229677856495
86.0,240.0,1226.126708984375,-3.3322471964389404,1.4776127889968322,1.735005102395289,1.872051739414213,0.7938918767895158,-1.3396205686302385,-1.0832556810993708,2.122891166322742,2.6198613119064293,1.1598229677856495
86.0,240.0,1226.126708984375,-3.3322471964389404,1.4776121382734413,1.735005102395289,1.872051739414213,0.7938918767895158,-1.3396205686302385,-1.0832556810993708,2.1228912149517627,2.6198613119064293,1.1598229677856495
86.0,240.0,1226.126708984375,-3.3322471964389404,1.4776121425379185,1.735005102395289,1.872051739414213,0.7938918767895158,-1.3396205686302385,-1.0832556810993708,2.122891166322742,2.6198613119064293,1.1598229677856495
86.0,240.0,1226.126953125,-3.3322471964389404,1.477669997171944,1.735005102395289,1.872051739414213,0.7938918767895158,-1.3396205686302385,-1.0832556810993708,2.1228912159103177,2.619823053286574,1.1598229677856495
86.0,240.0,1226.126953125,-3.3322471964389404,1.477669997171944,1.735005102395289,1.872051739414213,0.7938918767895158,-1.3396205686302385,-1.0832556810993708,2.1228912159103177,2.619823053286574,1.1598229677856495
86.0,240.0,1226.126953125,-3.3322471964389404,1.477669997171944,1.735005102395289,1.872051739414213,0.7938918767895158,-1.3396205686302385,-1.0832556810993708,2.1228912159103177,2.619823053286574,1.1598229677856495
86.0,240.0,1226.126953125,-3.3322471964389404,1.47766935071303,1.735005102395289,1.872051739414213,0.7938918767895158,-1.3396205686302385,-1.0832556810993708,2.1228912159103177,2.619823053286574,1.1598229677856495
86.0,240.0,1226.126953125,-3.3322471964389404,1.477669997171944,1.735005102395289,1.872051739414213,0.7938918767895158,-1.3396205686302385,-1.0832556810993708,2.1228912159103177,2.619823053286574,1.1598159241132826
86.0,240.0,1226.126953125,-3.3322471964389404,1.477669997171944,1.735005102395289,1.872051739414213,0.7938918767895158,-1.3396205686302385,-1.0832556810993708,2.1228912159103177,2.619823053286574,1.1598229677856495
86.0,240.0,1226.126953125,-3.3322471964389404,1.47766935071303,1.735005102395289,1.872051739414213,0.7938918767895158,-1.3396205686302385,-1.0832556810993708,2.1228912159103177,2.619823053286574,1.1598229677856495
86.0,240.0,1226.126953125,-3.3322471964389404,1.4776699960572324,1.735005102395289,1.872051739414213,0.7938918767895158,-1.3396205686302385,-1.0832556810993708,2.1228912159103177,2.619823053286574,1.1598229677856495
86.0,240.0,1226.126953125,-3.3322471964389404,1.477669997171944,1.735005102395289,1.872051739414213,0.7938963968343024,-1.3396205686302385,-1.0832556810993708,2.1228912159103177,2.619823053286574,1.1598229677856495
86.0,240.0,1226.126953125,-3.3322471964389404,1.477669997171944,1.735005102395289,1.872051739414213,0.7938918767895158,-1.3396205686302385,-1.0832556810993708,2.1228912159103177,2.619825410644892,1.1598159241132826
86.0,240.0,1226.126953125,-3.3322471964389404,1.47766935071303,1.735005102395289,1.872051739414213,0.7938918767895158,-1.3396205686302385,-1.0832556810993708,2.1228912159103177,2.619823053286574,1.1598229677856495
86.0,240.0,1226.1273193359375,-3.3320039360740514,1.47766935071303,1.735005102395289,1.876899213260204,0.7938918767895158,-1.3396205686302385,-1.0832556810993708,2.122891215921044,2.619823053286574,1.1598229677856495
86.0,240.0,1226.12744140625,-3.331508816670027,1.477669997171944,1.735005102395289,1.8769923453202,0.7938918767895158,-1.3396205686302385,-1.0832557074007276,2.122891161423358,2.619823053286574,1.1600142913627245
86.0,240.0,1226.1278076171875,-3.3322471964389404,1.4776702148844605,1.735005102395289,1.872051739414213,0.7938918767895158,-1.3396205686302385,-1.0832556810993708,2.122891166322742,2.6198619221662534,1.1598229677856495
86.0,240.0,1226.1280517578125,-3.3322471964389404,1.477669997171944,1.735005102395289,1.872088741741978,0.7938918767895158,-1.3396205686302385,-1.0832556810993708,2.122891161472661,2.619823053286574,1.1600142913627245
86.0,240.0,1226.128662109375,-3.3322471964389404,1.4776702168447806,1.735005102395289,1.872051739414213,0.7940608536483725,-1.3396205686302385,-1.0832556810993708,2.12289121438388,2.619862002799721,1.1598229677856495
86.0,240.0,1226.1290283203125,-3.332767201313362,1.477581613622312,1.735005102395289,1.8770244288255693,0.7938439721220543,-1.3396201626980626,-1.08325588120663,2.1228912159103177,2.619858571770632,1.1598425279240716
86.0,240.0,1226.23486328125,-3.352651331760564,1.4778227771650605,1.735005102395289,1.8772648441613744,0.7846375674664121,-1.32190445138265,-1.0832586331142695,2.1228911637181,2.6198623428065977,1.163108159865895
86.0,240.0,1226.25732421875,-3.349675285109689,1.4776701926314633,1.735005102395289,1.8767038301255563,0.7841745586744047,-1.3392577484662744,-1.0832600072601313,2.122891213550957,2.6198212149196363,1.1598229677856495
86.0,240.0,1226.2581787109375,-3.331563420570502,1.477814117696291,1.735005102395289,1.8719626761644663,0.7938913269454124,-1.3205598516924597,-1.083258695500569,2.122891166322742,2.6198612427227745,1.159822051410539
86.0,240.0,1226.260498046875,-3.352639235472276,1.4776689072574898,1.7433633081788198,1.8768462553505656,0.7843015259624169,-1.3392601929870946,-1.0832556810993708,2.1228912171415013,2.6198230532207623,1.1598229677856495
86.0,240.0,1226.274658203125,-3.3497323920717785,1.4776701926314633,1.735005102395289,1.8767038301255563,0.7937848300672274,-1.337514723399851,-1.0832552401315314,2.1228911597884847,2.619823053286574,1.1598229677856495
86.0,240.0,1226.2880859375,-3.3495944508543034,1.477583952543074,1.735005102395289,1.877023625452194,0.7843311076919578,-1.3392979460464949,-1.0832554193444772,2.1228912156869524,2.619820931549006,1.1633734707333985
86.0,240.0,1226.28857421875,-3.3496881118764392,1.4776749023267584,1.735005102395289,1.877203944839554,0.7843828491603997,-1.3393119540694485,-1.0832599514415693,2.1228911619442234,2.619860501986723,1.163108159865895
86.0,240.0,1226.30126953125,-3.349744488360068,1.4778227771650605,1.735005102395289,1.8772648441613744,0.7942478388592349,-1.320161426316227,-1.0832586331142695,2.1228911637181,2.6198623428065977,1.163108159865895
86.0,240.0,1226.3016357421875,-3.349743453931104,1.4778227771650605,1.735005102395289,1.8772648441613744,0.7942951855001044,-1.320161426316227,-1.0832586331142695,2.122891161967554,2.6198604953515323,1.1631081595241135
86.0,240.0,1226.3017578125,-3.349687269565273,1.477822029258192,1.735005102395289,1.877247919139788,0.7942455112991089,-1.320102699226556,-1.0832584541339194,2.1228911637181,2.619860461989061,1.163107963748765
86.0,240.0,1226.31103515625,-3.352639235472276,1.4776701926314633,1.735005102395289,1.8767038301255563,0.7841324743183734,-1.3392577484662744,-1.0832556810993708,2.1228912159103177,2.619823053286574,1.1598229677856495
86.0,240.0,1226.31103515625,-3.352639235472276,1.4776701926314633,1.735005102395289,1.8767038301255563,0.7841324743183734,-1.3392577484662744,-1.0832556810993708,2.1228912159103177,2.619823053286574,1.1598229677856495
86.0,240.0,1226.3111572265625,-3.352639235472276,1.4776701926314633,1.735005102395289,1.8767038301255563,0.7841745586744047,-1.3392577484662744,-1.0832552401315314,2.1228911597884847,2.619823053286574,1.1598229677856495
86.0,240.0,1226.3123779296875,-3.352639235472276,1.4776671323122683,1.735005102395289,1.876703131226058,0.7841324743183734,-1.3393088901562675,-1.0832556908939337,2.1228912159103177,2.619823053286574,1.1598229677856495
86.0,240.0,1226.314453125,-3.352639235472276,1.477808451795008,1.735005102395289,1.8767038301255563,0.7934538187805855,-1.321547658016602,-1.0832586716756758,2.1228911597884847,2.619825746631314,1.1598229677856495
86.0,240.0,1226.31982421875,-3.352639235472276,1.4776701926314633,1.735005102395289,1.8767038301255563,0.7841324743183734,-1.3395795040976743,-1.0832556810993708,2.122891215861725,2.619823050803212,1.1598229677856495
86.0,240.0,1226.320068359375,-3.352639235472276,1.4775830914252694,1.735005102395289,1.8770244288255693,0.7843017766289151,-1.3396201626980626,-1.0832556810993708,2.122891215891072,2.6198230508872187,1.1598228999529918
86.0,240.0,1226.3201904296875,-3.352639235472276,1.4776689072574898,1.735005102395289,1.8768462553505656,0.7843015259624169,-1.3395819486184946,-1.0832556810993708,2.1228912170929086,2.6198230507373994,1.1598229677856495
86.0,240.0,1226.3209228515625,-3.352639235472276,1.477581613622312,1.735005102395289,1.8770244288255693,0.7844968223143913,-1.3396201626980626,-1.0832556810993708,2.1228912159103177,2.619823053286574,1.1598416868314003
86.0,240.0,1226.3212890625,-3.3526361660501776,1.477581613622312,1.735005102395289,1.8770244288255693,0.7844968223143913,-1.3396201626980626,-1.08325588120663,2.1228912159103177,2.619860154411774,1.1598416868314003
86.0,240.0,1226.3212890625,-3.352639235472276,1.477668893495418,1.735005102395289,1.8768462553505656,0.7843015259624169,-1.3396205821195308,-1.0832556810993708,2.1228912170929086,2.619823050833744,1.1598229677856495
86.0,240.0,1226.3270263671875,-3.3526607206592702,1.4778256395344913,1.735005102395289,1.8772700868370285,0.7877158986047874,-1.3392983730911698,-1.0832523591281722,2.122891163581532,2.619862353099768,1.1594205597348162
86.0,240.0,1226.32958984375,-3.352639235472276,1.4776701430812902,1.735005102395289,1.872051739414213,0.7841324743183734,-1.339581935129202,-1.0832556810993708,2.1228912159103177,2.61982305319023,1.1598229677856495
86.0,240.0,1226.32958984375,-3.352639235472276,1.4776701296759704,1.735005102395289,1.872051739414213,0.7841324743183734,-1.339581935129202,-1.0832556810993708,2.1228912159103177,2.61982305319023,1.1598229677856495
86.0,241.0,1226.0872802734375,-3.331563420570502,1.477675858532746,1.735005102395289,1.8719626761644663,0.7846120668392316,-1.3382699421421316,-1.0832552639564246,2.122891166322742,2.619858549378035,1.159822051410539
86.0,241.0,1226.1038818359375,-3.33223973653758,1.477669997171944,1.735005102395289,1.872051739414213,0.7937504213171295,-1.3382471764890085,-1.08325567926894,2.12289122677003,2.619823053286574,1.1598409974988717
86.0,241.0,1226.1094970703125,-3.3322471964389404,1.477670215022951,1.735005102395289,1.872051739414213,0.7852082641426956,-1.3396205686302385,-1.0832552434967684,2.122891166496783,2.6198619221662534,1.1598229677856495
86.0,241.0,1226.1181640625,-3.3315193828182585,1.47781300611825,1.735005102395289,1.8719626761644663,0.7938913269454124,-1.3390836998941926,-1.083258602853016,2.122891166322742,2.6198208613715392,1.159822051410539
86.0,241.0,1226.1259765625,-3.3322471964389404,1.4776133880103974,1.735005102395289,1.872051739414213,0.7938918767895158,-1.3396205686302385,-1.0832556810993708,2.1228911691167194,2.619825598364484,1.1598229677856495
86.0,241.0,1226.1259765625,-3.332247136473572,1.4775814494328805,1.735005102395289,1.872051739414213,0.7938433200861656,-1.3396205686302385,-1.0832558874031668,2.122891215851336,2.619861469002603,1.1598420992683238
86.0,241.0,1226.126220703125,-3.3322471964389404,1.477669997171944,1.735005102395289,1.872051739414213,0.7937504213171295,-1.3396201603856026,-1.0832556810993708,2.1228912159103177,2.619823053286574,1.1598409974988717
86.0,241.0,1226.126220703125,-3.3322471964389404,1.477669997171944,1.735005102395289,1.872051739414213,0.7937400816371437,-1.3396205703882464,-1.0832556810993708,2.1228912159103177,2.619823053286574,1.1598409974988717
86.0,241.0,1226.1263427734375,-3.3322471964389404,1.477669997171944,1.735005102395289,1.872051739414213,0.7937549413619159,-1.3396201603856026,-1.0832556810993708,2.1228912159103177,2.619823053286574,1.1598409974988717
86.0,241.0,1226.1263427734375,-3.332146392298329,1.4776685462350194,1.735005102395289,1.8768462553505656,0.7937706271588704,-1.3395817737012132,-1.0832556810993708,2.1228912170929086,2.6198230507373994,1.1598229677856495
86.0,241.0,1226.1263427734375,-3.3322512487467515,1.4776685462350194,1.735005102395289,1.8722265775990603,0.7937706271588704,-1.3395817737012132,-1.0832556810993708,2.1228912138335843,2.6198603016205424,1.1598229677856495
86.0,241.0,1226.12646484375,-3.3321531423290125,1.4776701995868498,1.735005102395289,1.8768462553505656,0.7937706271588704,-1.3395817737012132,-1.0832556810993708,2.1228912159168805,2.619825553648852,1.159815928113718
86.0,241.0,1226.12646484375,-3.3321423399905177,1.4776121425379185,1.735005102395289,1.8766714171657184,0.7938918767895158,-1.3396205686302385,-1.0832556810993708,2.1228911695820663,2.619824061023286,1.1598229677856495
86.0,241.0,1226.126708984375,-3.3322471964389404,1.4776121425379185,1.735005102395289,1.872051739414213,0.7938918767895158,-1.3396205686302385,-1.0832556810993708,2.122891166322742,2.6198613119064293,1.1598229677856495
86.0,241.0,1226.126708984375,-3.3322471964389404,1.4776127889968322,1.735005102395289,1.872051739414213,0.7938918767895158,-1.3396205686302385,-1.0832556810993708,2.122891166322742,2.6198613119064293,1.1598229677856495
86.0,241.0,1226.126708984375,-3.3322471964389404,1.4776121382734413,1.735005102395289,1.872051739414213,0.7938918767895158,-1.3396205686302385,-1.0832556810993708,2.1228912149517627,2.6198613119064293,1.1598229677856495
86.0,241.0,1226.126708984375,-3.3322471964389404,1.4776121425379185,1.735005102395289,1.872051739414213,0.7938918767895158,-1.3396205686302385,-1.0832556810993708,2.122891166322742,2.6198613119064293,1.1598229677856495
86.0,241.0,1226.126708984375,-3.3322471964389404,1.4776754836993082,1.735005102395289,1.872051739414213,0.7939939438966861,-1.3395273325063348,-1.0832552616926694,2.1228912159103177,2.6198580623230683,1.1598215943294432
86.0,241.0,1226.126708984375,-3.3322471964389404,1.4776121382734413,1.735005102395289,1.872051739414213,0.7938918767895158,-1.3396205686302385,-1.0832556810993708,2.1228912149517627,2.6198613119064293,1.1598229677856495
86.0,241.0,1226.1268310546875,-3.3322471964389404,1.4776121425379185,1.735005102395289,1.872051739414213,0.7938918767895158,-1.3396205504978642,-1.0832556810993708,2.122891166322742,2.619862733796434,1.1598391661242975
86.0,241.0,1226.1268310546875,-3.3322471964389404,1.4776700360221389,1.735005102395289,1.872051739414213,0.7938918767895158,-1.3396205686302385,-1.0832556810993708,2.1228912149517627,2.619820031792675,1.1598229677856495
86.0,241.0,1226.126953125,-3.3322471964389404,1.477669997171944,1.735005102395289,1.872051739414213,0.7938918767895158,-1.3396205686302385,-1.0832556810993708,2.1228912159103177,2.619823053286574,1.1598229677856495
86.0,241.0,1226.126953125,-3.3322471964389404,1.477669997171944,1.735005102395289,1.872051739414213,0.7938918767895158,-1.3396205686302385,-1.0832556810993708,2.1228912159103177,2.619823053286574,1.1598229677856495
86.0,241.0,1226.126953125,-3.3322471964389404,1.477669997171944,1.735005102395289,1.872051739414213,0.7938918767895158,-1.3396205686302385,-1.0832556810993708,2.1228912159103177,2.619823053286574,1.1598229677856495
86.0,241.0,1226.126953125,-3.3322471964389404,1.47766935071303,1.735005102395289,1.872051739414213,0.7938918767895158,-1.3396205686302385,-1.0832556810993708,2.1228912159103177,2.619823053286574,1.1598229677856495
86.0,241.0,1226.126953125,-3.3322471964389404,1.477669997171944,1.735005102395289,1.872051739414213,0.7938918767895158,-1.3396205686302385,-1.0832556810993708,2.1228912159103177,2.619823053286574,1.1598159241132826
86.0,241.0,1226.126953125,-3.3322471964389404,1.477669997171944,1.735005102395289,1.872051739414213,0.7938918767895158,-1.3396205686302385,-1.0832556810993708,2.1228912159103177,2.619823053286574,1.1598229677856495
86.0,241.0,1226.126953125,-3.3322471964389404,1.47766935071303,1.735005102395289,1.872051739414213,0.7938918767895158,-1.3396205686302385,-1.0832556810993708,2.1228912159103177,2.619823053286574,1.1598229677856495
86.0,241.0,1226.126953125,-3.3322471964389404,1.4776699960572324,1.735005102395289,1.872051739414213,0.7938918767895158,-1.3396205686302385,-1.0832556810993708,2.1228912159103177,2.619823053286574,1.1598229677856495
86.0,241.0,1226.126953125,-3.3322471964389404,1.477669997171944,1.735005102395289,1.872051739414213,0.7938963968343024,-1.3396205686302385,-1.0832556810993708,2.1228912159103177,2.619823053286574,1.1598229677856495
86.0,241.0,1226.126953125,-3.3322471964389404,1.477669997171944,1.735005102395289,1.872051739414213,0.7938918767895158,-1.3396205686302385,-1.0832556810993708,2.1228912159103177,2.619825410644892,1.1598159241132826
86.0,241.0,1226.126953125,-3.3322471964389404,1.47766935071303,1.735005102395289,1.872051739414213,0.7938918767895158,-1.3396205686302385,-1.0832556810993708,2.1228912159103177,2.619823053286574,1.1598229677856495
86.0,241.0,1226.126953125,-3.3322471964389404,1.477669997171944,1.735005102395289,1.872051739414213,0.7939022164695017,-1.3396201586275942,-1.0832556810993708,2.1228912159103177,2.619823053286574,1.1598229677856495
86.0,241.0,1226.126953125,-3.3322471964389404,1.47766935071303,1.735005102395289,1.872051739414213,0.7938918767895158,-1.3396205686302385,-1.0832556810993708,2.1228912159103177,2.619823053286574,1.1598229677856495
86.0,241.0,1226.126953125,-3.3322471964389404,1.477669997171944,1.735005102395289,1.872051739414213,0.7938912733854856,-1.3396205686302385,-1.0832556810993708,2.1228912159103177,2.619823053286574,1.1598229677856495
86.0,241.0,1226.1273193359375,-3.3320039360740514,1.47766935071303,1.735005102395289,1.876899213260204,0.7938918767895158,-1.3396205686302385,-1.0832556810993708,2.122891215921044,2.619823053286574,1.1598229677856495
86.0,241.0,1226.12744140625,-3.331508816670027,1.477669997171944,1.735005102395289,1.8769923453202,0.7938918767895158,-1.3396205686302385,-1.0832557074007276,2.122891161423358,2.619823053286574,1.1600142913627245
86.0,241.0,1226.127685546875,-3.3322471964389404,1.4776687516994649,1.735005102395289,1.872051739414213,0.7938918767895158,-1.3396205686302385,-1.0832556810993708,2.12289121311634,2.61985876682852,1.1598229677856495
86.0,241.0,1226.1278076171875,-3.3322471964389404,1.4776702148844605,1.735005102395289,1.872051739414213,0.7938918767895158,-1.3396205686302385,-1.0832556810993708,2.122891166322742,2.6198619221662534,1.1598229677856495
86.0,241.0,1226.1280517578125,-3.3322471964389404,1.477669997171944,1.735005102395289,1.872088741741978,0.7938918767895158,-1.3396205686302385,-1.0832556810993708,2.122891161472661,2.619823053286574,1.1600142913627245
86.0,241.0,1226.128662109375,-3.3322471964389404,1.4776702168447806,1.735005102395289,1.872051739414213,0.7940608536483725,-1.3396205686302385,-1.0832556810993708,2.12289121438388,2.619862002799721,1.1598229677856495
86.0,241.0,1226.1290283203125,-3.332767201313362,1.477581613622312,1.735005102395289,1.8770244288255693,0.7938439721220543,-1.3396201626980626,-1.08325588120663,2.1228912159103177,2.619858571770632,1.1598425279240716
86.0,241.0,1226.129638671875,-3.3327672612787307,1.4776129531862636,1.735005102395289,1.8770244288255693,0.7938925288254044,-1.3396201626980626,-1.083255674902834,2.122891166381724,2.619858414674458,1.1598233964413975
86.0,241.0,1226.1546630859375,-3.3322471964389404,1.4776726888144454,1.735005102395289,1.872051739414213,0.7938802002939471,-1.3396205686302385,-1.0832556810993708,2.1228912165241427,2.619823053286574,1.163496804676304
86.0,241.0,1226.1876220703125,-3.3322471964389404,1.477820571456293,1.735005102395289,1.8772614005770605,0.7938918767895158,-1.3220413114254546,-1.0832556810993708,2.1228912159103177,2.619859913498569,1.1598229677856495
86.0,241.0,1226.23486328125,-3.352651331760564,1.4778227771650605,1.735005102395289,1.8772648441613744,0.7846375674664121,-1.32190445138265,-1.0832586331142695,2.1228911637181,2.6198623428065977,1.163108159865895
86.0,241.0,1226.25732421875,-3.349675285109689,1.4776701926314633,1.735005102395289,1.8767038301255563,0.7841745586744047,-1.3392577484662744,-1.0832600072601313,2.122891213550957,2.6198212149196363,1.1598229677856495
86.0,241.0,1226.2581787109375,-3.331563420570502,1.477814117696291,1.735005102395289,1.8719626761644663,0.7938913269454124,-1.3205598516924597,-1.083258695500569,2.122891166322742,2.6198612427227745,1.159822051410539
86.0,241.0,1226.260498046875,-3.352639235472276,1.4776689072574898,1.7433633081788198,1.8768462553505656,0.7843015259624169,-1.3392601929870946,-1.0832556810993708,2.1228912171415013,2.6198230532207623,1.1598229677856495
86.0,241.0,1226.271728515625,-3.350833487050761,1.4776708395752125,1.7433633081788198,1.8768462553505656,0.7938385176510007,-1.3393159210254566,-1.0832556810993708,2.1228912171415013,2.619862738429008,1.1598229677856495
86.0,242.0,1225.9984130859375,-3.3322471964389404,1.4776700360221389,1.735005102395289,1.872051739414213,0.7938918767895158,-1.3396205686302385,-1.0832556810993708,2.1228912149517627,2.6063930167990863,1.1598229677856495
86.0,242.0,1226.0872802734375,-3.331563420570502,1.477675858532746,1.735005102395289,1.8719626761644663,0.7846120668392316,-1.3382699421421316,-1.0832552639564246,2.122891166322742,2.619858549378035,1.159822051410539
86.0,242.0,1226.0872802734375,-3.331563420570502,1.47767587117176,1.735005102395289,1.8719626761644663,0.7846120668392316,-1.3382699421421316,-1.0832552639564246,2.12289116451972,2.619858549378035,1.159822051410539
86.0,242.0,1226.1038818359375,-3.33223973653758,1.477669997171944,1.735005102395289,1.872051739414213,0.7937504213171295,-1.3382471764890085,-1.08325567926894,2.12289122677003,2.619823053286574,1.1598409974988717
86.0,242.0,1226.10791015625,-3.33159811940166,1.4776754872779183,1.735005102395289,1.8719626761644663,0.7945641743731354,-1.3382699421421316,-1.0832552639564246,2.122891166322742,2.61985851072688,1.159822051410539
86.0,242.0,1226.1094970703125,-3.3322471964389404,1.477670215022951,1.735005102395289,1.872051739414213,0.7852082641426956,-1.3396205686302385,-1.0832552434967684,2.122891166496783,2.6198619221662534,1.1598229677856495
86.0,242.0,1226.1181640625,-3.3315193828182585,1.47781300611825,1.735005102395289,1.8719626761644663,0.7938913269454124,-1.3390836998941926,-1.083258602853016,2.122891166322742,2.6198208613715392,1.159822051410539
86.0,242.0,1226.1181640625,-3.3315193828182585,1.47781300611825,1.735005102395289,1.8720517534326635,0.7938918774678491,-1.3390836998941926,-1.083258261043329,2.122891166322742,2.6198208613715392,1.159822051410539
86.0,242.0,1226.125244140625,-3.332247193099871,1.477580176848331,1.735005102395289,1.872051739414213,0.7938901479265699,-1.3396205686302385,-1.0832556810993708,2.122891168630752,2.619825598364484,1.1598229861737668
86.0,242.0,1226.125244140625,-3.332139658261088,1.477669997171944,1.735005102395289,1.872046495686732,0.7937576195241515,-1.3395833016352756,-1.0832556810993708,2.1228912159103177,2.6198230504996745,1.1598229677856495
86.0,242.0,1226.1253662109375,-3.3322471964389404,1.4776754836993082,1.735005102395289,1.872051739414213,0.7938837379135435,-1.3395273325063348,-1.083255687154279,2.1228912159103177,2.619822973297458,1.1598215734783908
86.0,242.0,1226.1258544921875,-3.3322471964389404,1.4776133880103974,1.735005102395289,1.872051739414213,0.7938918767895158,-1.3396205686302385,-1.0832556810993708,2.1228911691167194,2.6198251812274305,1.1598229677856495
86.0,242.0,1226.1258544921875,-3.3322471964389404,1.4776121425379185,1.735005102395289,1.872051739414213,0.7938918767895158,-1.3396205686302385,-1.0832556810993708,2.122891166763674,2.619823212798984,1.1598229677856495
86.0,242.0,1226.1259765625,-3.3322471964389404,1.4776133880103974,1.735005102395289,1.872051739414213,0.7938918767895158,-1.3396205686302385,-1.0832556810993708,2.1228911691167194,2.619825598364484,1.1598229677856495
86.0,242.0,1226.1259765625,-3.332247136473572,1.4775814494328805,1.735005102395289,1.872051739414213,0.7938433200861656,-1.3396205686302385,-1.0832558874031668,2.122891215851336,2.619861469002603,1.1598420992683238
86.0,242.0,1226.1260986328125,-3.3322471964389404,1.477669997171944,1.735005102395289,1.8722174567597616,0.7937504213171295,-1.3396204208391862,-1.0832556810993708,2.1228912139339955,2.619823053286574,1.1598230909736085
86.0,242.0,1226.126220703125,-3.3322471964389404,1.477669997171944,1.735005102395289,1.872051739414213,0.7937504213171295,-1.3396201603856026,-1.0832556810993708,2.1228912159103177,2.619823053286574,1.1598409974988717
86.0,242.0,1226.126220703125,-3.3322471964389404,1.477669997171944,1.735005102395289,1.872051739414213,0.7937400816371437,-1.3396205703882464,-1.0832556810993708,2.1228912159103177,2.619823053286574,1.1598409974988717
86.0,242.0,1226.1263427734375,-3.3322471964389404,1.477669997171944,1.735005102395289,1.872051739414213,0.7937549413619159,-1.3396201603856026,-1.0832556810993708,2.1228912159103177,2.619823053286574,1.1598409974988717
86.0,242.0,1226.1263427734375,-3.332146392298329,1.4776685462350194,1.735005102395289,1.8768462553505656,0.7937706271588704,-1.3395817737012132,-1.0832556810993708,2.1228912170929086,2.6198230507373994,1.1598229677856495
86.0,242.0,1226.1263427734375,-3.3322512487467515,1.4776685462350194,1.735005102395289,1.8722265775990603,0.7937706271588704,-1.3395817737012132,-1.0832556810993708,2.1228912138335843,2.6198603016205424,1.1598229677856495
86.0,242.0,1226.12646484375,-3.3321531423290125,1.4776701995868498,1.735005102395289,1.8768462553505656,0.7937706271588704,-1.3395817737012132,-1.0832556810993708,2.1228912159168805,2.619825553648852,1.159815928113718
86.0,242.0,1226.12646484375,-3.3321423399905177,1.4776121425379185,1.735005102395289,1.8766714171657184,0.7938918767895158,-1.3396205686302385,-1.0832556810993708,2.1228911695820663,2.619824061023286,1.1598229677856495
86.0,242.0,1226.12646484375,-3.3321423399905177,1.4776121425379185,1.735005102395289,1.8766714171657184,0.7938918767895158,-1.3396205686302385,-1.0832556810993708,2.122891169975781,2.619824061023286,1.1598229677856495
86.0,242.0,1226.12646484375,-3.3321531423290125,1.4776701995868498,1.735005102395289,1.8768462553505656,0.7937706271588704,-1.3395831549619337,-1.0832556810993708,2.1228912159168805,2.619825553648852,1.159815928113718
86.0,242.0,1226.1265869140625,-3.3321423399905177,1.4776177675594189,1.735005102395289,1.8766714171657184,0.7938918767895158,-1.3396205686302385,-1.0832556810993708,2.1228911719575123,2.619824061023286,1.1598229677856495
86.0,242.0,1226.126708984375,-3.3322471964389404,1.4776121425379185,1.735005102395289,1.872051739414213,0.7938918767895158,-1.3396205686302385,-1.0832556810993708,2.122891166322742,2.6198613119064293,1.1598229677856495
86.0,242.0,1226.126708984375,-3.3322471964389404,1.4776127889968322,1.735005102395289,1.872051739414213,0.7938918767895158,-1.3396205686302385,-1.0832556810993708,2.122891166322742,2.6198613119064293,1.1598229677856495
86.0,242.0,1226.126708984375,-3.3322471964389404,1.4776121382734413,1.735005102395289,1.872051739414213,0.7938918767895158,-1.3396205686302385,-1.0832556810993708,2.1228912149517627,2.6198613119064293,1.1598229677856495
86.0,242.0,1226.126708984375,-3.3322471964389404,1.4776121425379185,1.735005102395289,1.872051739414213,0.7938918767895158,-1.3396205686302385,-1.0832556810993708,2.122891166322742,2.6198613119064293,1.1598229677856495
86.0,242.0,1226.126708984375,-3.3322471964389404,1.4776754836993082,1.735005102395289,1.872051739414213,0.7939939438966861,-1.3395273325063348,-1.0832552616926694,2.1228912159103177,2.6198580623230683,1.1598215943294432
86.0,242.0,1226.126708984375,-3.3322471964389404,1.4776121382734413,1.735005102395289,1.872051739414213,0.7938918767895158,-1.3396205686302385,-1.0832556810993708,2.1228912149517627,2.6198613119064293,1.1598229677856495
86.0,242.0,1226.126708984375,-3.3322471964389404,1.4776121425379185,1.735005102395289,1.872051739414213,0.7938918767895158,-1.3396205686302385,-1.0832556810993708,2.1228911652312807,2.6198613119064293,1.1598229118323815
86.0,242.0,1226.126708984375,-3.3322471964389404,1.4776127889968322,1.735005102395289,1.872051739414213,0.7938918767895158,-1.3396205686302385,-1.0832556810993708,2.122891216616075,2.619864274983457,1.1598229677856495
86.0,242.0,1226.126708984375,-3.3322471964389404,1.4776121425379185,1.735005102395289,1.872051739414213,0.7938918767895158,-1.3396205686302385,-1.0832556810993708,2.122891166322742,2.619861729043483,1.1598229677856495
86.0,242.0,1226.126708984375,-3.3322471964389404,1.4776121382734413,1.735005102395289,1.872051739414213,0.7938918767895158,-1.3396205686302385,-1.0832556810993708,2.1228912149517627,2.619862010835877,1.1598229677856495
86.0,242.0,1226.1268310546875,-3.3322471964389404,1.4776121425379185,1.735005102395289,1.872051739414213,0.7938918767895158,-1.3396205504978642,-1.0832556810993708,2.122891166322742,2.619862733796434,1.1598391661242975
86.0,242.0,1226.1268310546875,-3.3322471964389404,1.4776700360221389,1.735005102395289,1.872051739414213,0.7938918767895158,-1.3396205686302385,-1.0832556810993708,2.1228912149517627,2.619820031792675,1.1598229677856495
86.0,242.0,1226.1268310546875,-3.3322471964389404,1.4776637256915297,1.735005102395289,1.872051739414213,0.7938918767895158,-1.3396205686302385,-1.0832556810993708,2.122891213534872,2.619823053286574,1.1598229677856495
86.0,242.0,1226.126953125,-3.3322471964389404,1.477669997171944,1.735005102395289,1.872051739414213,0.7938918767895158,-1.3396205686302385,-1.0832556810993708,2.1228912159103177,2.619823053286574,1.1598229677856495
86.0,242.0,1226.126953125,-3.3322471964389404,1.477669997171944,1.735005102395289,1.872051739414213,0.7938918767895158,-1.3396205686302385,-1.0832556810993708,2.1228912159103177,2.619823053286574,1.1598229677856495
86.0,242.0,1226.126953125,-3.3322471964389404,1.477669997171944,1.735005102395289,1.872051739414213,0.7938918767895158,-1.3396205686302385,-1.0832556810993708,2.1228912159103177,2.619823053286574,1.1598229677856495
86.0,242.0,1226.126953125,-3.3322471964389404,1.47766935071303,1.735005102395289,1.872051739414213,0.7938918767895158,-1.3396205686302385,-1.0832556810993708,2.1228912159103177,2.619823053286574,1.1598229677856495
86.0,242.0,1226.126953125,-3.3322471964389404,1.477669997171944,1.735005102395289,1.872051739414213,0.7938918767895158,-1.3396205686302385,-1.0832556810993708,2.1228912159103177,2.619823053286574,1.1598159241132826
86.0,242.0,1226.126953125,-3.3322471964389404,1.477669997171944,1.735005102395289,1.872051739414213,0.7938918767895158,-1.3396205686302385,-1.0832556810993708,2.1228912159103177,2.619823053286574,1.1598229677856495
86.0,242.0,1226.126953125,-3.3322471964389404,1.47766935071303,1.735005102395289,1.872051739414213,0.7938918767895158,-1.3396205686302385,-1.0832556810993708,2.1228912159103177,2.619823053286574,1.1598229677856495
86.0,242.0,1226.126953125,-3.3322471964389404,1.4776699960572324,1.735005102395289,1.872051739414213,0.7938918767895158,-1.3396205686302385,-1.0832556810993708,2.1228912159103177,2.619823053286574,1.1598229677856495
86.0,242.0,1226.126953125,-3.3322471964389404,1.477669997171944,1.735005102395289,1.872051739414213,0.7938963968343024,-1.3396205686302385,-1.0832556810993708,2.1228912159103177,2.619823053286574,1.1598229677856495
86.0,242.0,1226.126953125,-3.3322471964389404,1.477669997171944,1.735005102395289,1.872051739414213,0.7938918767895158,-1.3396205686302385,-1.0832556810993708,2.1228912159103177,2.619825410644892,1.1598159241132826
86.0,242.0,1226.126953125,-3.3322471964389404,1.47766935071303,1.735005102395289,1.872051739414213,0.7938918767895158,-1.3396205686302385,-1.0832556810993708,2.1228912159103177,2.619823053286574,1.1598229677856495
86.0,243.0,1225.9984130859375,-3.3322471964389404,1.4776700360221389,1.735005102395289,1.872051739414213,0.7938918767895158,-1.3396205686302385,-1.0832556810993708,2.1228912149517627,2.6063930167990863,1.1598229677856495
86.0,243.0,1226.0872802734375,-3.331563420570502,1.477675858532746,1.735005102395289,1.8719626761644663,0.7846120668392316,-1.3382699421421316,-1.0832552639564246,2.122891166322742,2.619858549378035,1.159822051410539
86.0,243.0,1226.0872802734375,-3.331563420570502,1.47767587117176,1.735005102395289,1.8719626761644663,0.7846120668392316,-1.3382699421421316,-1.0832552639564246,2.12289116451972,2.619858549378035,1.159822051410539
86.0,243.0,1226.1004638671875,-3.3315193828182585,1.47781300611825,1.735005102395289,1.871962311898146,0.7853235830851768,-1.3390836998941926,-1.083258602853016,2.122891166320592,2.6198208613715392,1.159822051410539
86.0,243.0,1226.1038818359375,-3.33223973653758,1.477669997171944,1.735005102395289,1.872051739414213,0.7937504213171295,-1.3382471764890085,-1.08325567926894,2.12289122677003,2.619823053286574,1.1598409974988717
86.0,243.0,1226.1038818359375,-3.33223973653758,1.477669997171944,1.735005102395289,1.872051739414213,0.7937504213171295,-1.3382471764890085,-1.08325567926894,2.12289122677003,2.619823053286574,1.1598409974988717
86.0,243.0,1226.10791015625,-3.33159811940166,1.4776754872779183,1.735005102395289,1.8719626761644663,0.7945641743731354,-1.3382699421421316,-1.0832552639564246,2.122891166322742,2.61985851072688,1.159822051410539
86.0,243.0,1226.109375,-3.332251228068474,1.4776685462350194,1.735005102395289,1.8722265775990603,0.784674280853093,-1.3395823068534094,-1.0832556810993708,2.1228912138335843,2.619860371037514,1.1598229677856495
86.0,243.0,1226.1094970703125,-3.3322471964389404,1.477670215022951,1.735005102395289,1.872051739414213,0.7852082641426956,-1.3396205686302385,-1.0832552434967684,2.122891166496783,2.6198619221662534,1.1598229677856495
86.0,243.0,1226.116943359375,-3.332240725757868,1.477669997171944,1.735005102395289,1.872051739414213,0.7937724197457561,-1.3396205686302385,-1.0832556810993708,2.1228912159103177,2.6193959802017592,1.1598229677856495
86.0,243.0,1226.117431640625,-3.3315193828182585,1.47781300611825,1.735005102395289,1.8720557811238527,0.7937715451975111,-1.3390836998941926,-1.0832582256393146,2.122891166666438,2.6198208613715392,1.159822051410539
86.0,243.0,1226.1181640625,-3.3315193828182585,1.47781300611825,1.735005102395289,1.8719626761644663,0.7938913269454124,-1.3390836998941926,-1.083258602853016,2.122891166322742,2.6198208613715392,1.159822051410539
86.0,243.0,1226.1181640625,-3.3315193828182585,1.47781300611825,1.735005102395289,1.8720517534326635,0.7938918774678491,-1.3390836998941926,-1.083258261043329,2.122891166322742,2.6198208613715392,1.159822051410539
86.0,243.0,1226.1181640625,-3.3315193828182585,1.4778172965664893,1.735005102395289,1.8720517534326635,0.7938922142984591,-1.3390836998941926,-1.0832555302999594,2.122891166322742,2.6198208613715392,1.159823140742953
86.0,243.0,1226.1251220703125,-3.3322471964389404,1.477613792527299,1.735005102395289,1.872051739414213,0.7937504213171295,-1.339620559487069,-1.0832556810993708,2.1228912159103177,2.619823050995404,1.1598234231956923
86.0,243.0,1226.125244140625,-3.332247193099871,1.477580176848331,1.735005102395289,1.872051739414213,0.7938901479265699,-1.3396205686302385,-1.0832556810993708,2.122891168630752,2.619825598364484,1.1598229861737668
86.0,243.0,1226.125244140625,-3.332139658261088,1.477669997171944,1.735005102395289,1.872046495686732,0.7937576195241515,-1.3395833016352756,-1.0832556810993708,2.1228912159103177,2.6198230504996745,1.1598229677856495
86.0,243.0,1226.125244140625,-3.33224546023982,1.4775801519449996,1.735005102395289,1.872051739414213,0.7938901479265699,-1.3396205686302385,-1.0832556810993708,2.122891168719201,2.619825598364484,1.1598229861737668
86.0,243.0,1226.1253662109375,-3.3322471964389404,1.4776754836993082,1.735005102395289,1.872051739414213,0.7938837379135435,-1.3395273325063348,-1.083255687154279,2.1228912159103177,2.619822973297458,1.1598215734783908
86.0,243.0,1226.1256103515625,-3.3322498187280924,1.477669997171944,1.735005102395289,1.872046495686732,0.7937576195241515,-1.3395833016352756,-1.083255686902865,2.1228912159103177,2.6198229714141053,1.1598229677856495
86.0,243.0,1226.125732421875,-3.3322471964389404,1.4776128891441505,1.735005102395289,1.8721193236040587,0.7938918767895158,-1.3396205686302385,-1.0832556810993708,2.1228911671388464,2.619823056128616,1.1598229677856495
86.0,243.0,1226.1258544921875,-3.3322471964389404,1.4776133880103974,1.735005102395289,1.872051739414213,0.7938918767895158,-1.3396205686302385,-1.0832556810993708,2.1228911691167194,2.6198251812274305,1.1598229677856495
86.0,243.0,1226.1258544921875,-3.3322471964389404,1.4776121425379185,1.735005102395289,1.872051739414213,0.7938918767895158,-1.3396205686302385,-1.0832556810993708,2.122891166763674,2.619823212798984,1.1598229677856495
86.0,243.0,1226.1258544921875,-3.3322471964389404,1.4776128246880176,1.735005102395289,1.872051739414213,0.7938918767895158,-1.3396205686302385,-1.0832556810993708,2.1228912159103177,2.619823000104049,1.1598229677856495
86.0,243.0,1226.1259765625,-3.3322471964389404,1.4776133880103974,1.735005102395289,1.872051739414213,0.7938918767895158,-1.3396205686302385,-1.0832556810993708,2.1228911691167194,2.619825598364484,1.1598229677856495
86.0,243.0,1226.1259765625,-3.332247136473572,1.4775814494328805,1.735005102395289,1.872051739414213,0.7938433200861656,-1.3396205686302385,-1.0832558874031668,2.122891215851336,2.619861469002603,1.1598420992683238
86.0,243.0,1226.1260986328125,-3.3322471964389404,1.477669997171944,1.735005102395289,1.8722174567597616,0.7937504213171295,-1.3396204208391862,-1.0832556810993708,2.1228912139339955,2.619823053286574,1.1598230909736085
86.0,243.0,1226.126220703125,-3.3322471964389404,1.477669997171944,1.735005102395289,1.872051739414213,0.7937504213171295,-1.3396201603856026,-1.0832556810993708,2.1228912159103177,2.619823053286574,1.1598409974988717
86.0,243.0,1226.126220703125,-3.3322471964389404,1.477669997171944,1.735005102395289,1.872051739414213,0.7937400816371437,-1.3396205703882464,-1.0832556810993708,2.1228912159103177,2.619823053286574,1.1598409974988717
86.0,243.0,1226.126220703125,-3.3322471964389404,1.477669997171944,1.735005102395289,1.872051739414213,0.7937400816371437,-1.3396205703882464,-1.0832556810993708,2.1228912159103177,2.619823053286574,1.1598409974988717
86.0,243.0,1226.126220703125,-3.332146392298329,1.477667799628787,1.735005102395289,1.87677867116072,0.7937706271588704,-1.3395817737012132,-1.0832556810993708,2.122891216717736,2.619823207407767,1.1598229677856495
86.0,243.0,1226.126220703125,-3.332248686406856,1.477669997171944,1.735005102395289,1.872051739414213,0.7937400816371437,-1.3396205703882464,-1.0832556810993708,2.1228912159276634,2.619823050701417,1.1598409974988717
86.0,243.0,1226.1263427734375,-3.3322471964389404,1.477669997171944,1.735005102395289,1.872051739414213,0.7937549413619159,-1.3396201603856026,-1.0832556810993708,2.1228912159103177,2.619823053286574,1.1598409974988717
86.0,243.0,1226.1263427734375,-3.332146392298329,1.4776685462350194,1.735005102395289,1.8768462553505656,0.7937706271588704,-1.3395817737012132,-1.0832556810993708,2.1228912170929086,2.6198230507373994,1.1598229677856495
86.0,243.0,1226.1263427734375,-3.3322512487467515,1.4776685462350194,1.735005102395289,1.8722265775990603,0.7937706271588704,-1.3395817737012132,-1.0832556810993708,2.1228912138335843,2.6198603016205424,1.1598229677856495
86.0,243.0,1226.12646484375,-3.3321531423290125,1.4776701995868498,1.735005102395289,1.8768462553505656,0.7937706271588704,-1.3395817737012132,-1.0832556810993708,2.1228912159168805,2.619825553648852,1.159815928113718
86.0,243.0,1226.12646484375,-3.3321423399905177,1.4776121425379185,1.735005102395289,1.8766714171657184,0.7938918767895158,-1.3396205686302385,-1.0832556810993708,2.1228911695820663,2.619824061023286,1.1598229677856495
86.0,243.0,1226.12646484375,-3.3321423399905177,1.4776121425379185,1.735005102395289,1.8766714171657184,0.7938918767895158,-1.3396205686302385,-1.0832556810993708,2.122891169975781,2.619824061023286,1.1598229677856495
86.0,243.0,1226.12646484375,-3.3321531423290125,1.4776701995868498,1.735005102395289,1.8768462553505656,0.7937706271588704,-1.3395831549619337,-1.0832556810993708,2.1228912159168805,2.619825553648852,1.159815928113718
86.0,243.0,1226.12646484375,-3.3321531423290125,1.4776723579285156,1.735005102395289,1.876767888694844,0.7937706271588704,-1.3395831549619337,-1.0832556810993708,2.122891213718836,2.619825553648852,1.1598229654598375
86.0,243.0,1226.12646484375,-3.3321440728505687,1.4776121674412497,1.735005102395289,1.8766714171657184,0.7938918767895158,-1.3396205686302385,-1.0832556810993708,2.122891169493617,2.619824061023286,1.1598229677856495
86.0,243.0,1226.1265869140625,-3.3321423399905177,1.4776177675594189,1.735005102395289,1.8766714171657184,0.7938918767895158,-1.3396205686302385,-1.0832556810993708,2.1228911719575123,2.619824061023286,1.1598229677856495
86.0,243.0,1226.126708984375,-3.3322471964389404,1.4776121425379185,1.735005102395289,1.872051739414213,0.7938918767895158,-1.3396205686302385,-1.0832556810993708,2.122891166322742,2.6198613119064293,1.1598229677856495
86.0,243.0,1226.126708984375,-3.3322471964389404,1.4776127889968322,1.735005102395289,1.872051739414213,0.7938918767895158,-1.3396205686302385,-1.0832556810993708,2.122891166322742,2.6198613119064293,1.1598229677856495
86.0,243.0,1226.126708984375,-3.3322471964389404,1.4776121382734413,1.735005102395289,1.872051739414213,0.7938918767895158,-1.3396205686302385,-1.0832556810993708,2.1228912149517627,2.6198613119064293,1.1598229677856495
86.0,243.0,1226.126708984375,-3.3322471964389404,1.4776121425379185,1.735005102395289,1.872051739414213,0.7938918767895158,-1.3396205686302385,-1.0832556810993708,2.122891166322742,2.6198613119064293,1.1598229677856495
86.0,243.0,1226.126708984375,-3.3322471964389404,1.4776754836993082,1.735005102395289,1.872051739414213,0.7939939438966861,-1.3395273325063348,-1.0832552616926694,2.1228912159103177,2.6198580623230683,1.1598215943294432
86.0,243.0,1226.126708984375,-3.3322471964389404,1.4776121382734413,1.735005102395289,1.872051739414213,0.7938918767895158,-1.3396205686302385,-1.0832556810993708,2.1228912149517627,2.6198613119064293,1.1598229677856495
86.0,243.0,1226.126708984375,-3.3322471964389404,1.4776121425379185,1.735005102395289,1.872051739414213,0.7938918767895158,-1.3396205686302385,-1.0832556810993708,2.1228911652312807,2.6198613119064293,1.1598229118323815
86.0,243.0,1226.126708984375,-3.3322471964389404,1.4776127889968322,1.735005102395289,1.872051739414213,0.7938918767895158,-1.3396205686302385,-1.0832556810993708,2.122891216616075,2.619864274983457,1.1598229677856495
86.0,244.0,1225.943359375,-3.33223973653758,1.477669997171944,1.735005102395289,1.872051739414213,0.7937466826274759,-1.3382471764890085,-1.08325567926894,2.122891214815703,2.6062659339732344,1.1598240117641672
86.0,244.0,1225.9984130859375,-3.3322471964389404,1.4776700360221389,1.735005102395289,1.872051739414213,0.7938918767895158,-1.3396205686302385,-1.0832556810993708,2.1228912149517627,2.6063930167990863,1.1598229677856495
86.0,244.0,1226.07958984375,-3.33159811940166,1.4776754872779183,1.7392219510056235,1.8719626761644663,0.7945641743731354,-1.3382699421421316,-1.0832552639564246,2.122891166322742,2.61985851072688,1.159822051410539
86.0,244.0,1226.0872802734375,-3.331563420570502,1.477675858532746,1.735005102395289,1.8719626761644663,0.7846120668392316,-1.3382699421421316,-1.0832552639564246,2.122891166322742,2.619858549378035,1.159822051410539
86.0,244.0,1226.0872802734375,-3.331563420570502,1.47767587117176,1.735005102395289,1.8719626761644663,0.7846120668392316,-1.3382699421421316,-1.0832552639564246,2.12289116451972,2.619858549378035,1.159822051410539
86.0,244.0,1226.0980224609375,-3.3322471964389404,1.4776164426360836,1.735005102395289,1.872051739414213,0.7852900317005882,-1.3390819616829204,-1.0832556810993708,2.1228912156578725,2.619823050995404,1.1598234231956923
86.0,244.0,1226.1004638671875,-3.3315193828182585,1.47781300611825,1.735005102395289,1.871962311898146,0.7853235830851768,-1.3390836998941926,-1.083258602853016,2.122891166320592,2.6198208613715392,1.159822051410539
86.0,244.0,1226.1038818359375,-3.33223973653758,1.477669997171944,1.735005102395289,1.872051739414213,0.7937504213171295,-1.3382471764890085,-1.08325567926894,2.12289122677003,2.619823053286574,1.1598409974988717
86.0,244.0,1226.1038818359375,-3.33223973653758,1.477669997171944,1.735005102395289,1.872051739414213,0.7937504213171295,-1.3382471764890085,-1.08325567926894,2.12289122677003,2.619823053286574,1.1598409974988717
86.0,244.0,1226.1038818359375,-3.33223973653758,1.477669997171944,1.735005102395289,1.8720517303108144,0.7937504213171295,-1.3382471764890085,-1.08325567926894,2.12289122677003,2.619823053286574,1.1598409974988717
86.0,244.0,1226.10791015625,-3.33159811940166,1.4776754872779183,1.735005102395289,1.8719626761644663,0.7945641743731354,-1.3382699421421316,-1.0832552639564246,2.122891166322742,2.61985851072688,1.159822051410539
86.0,244.0,1226.109375,-3.332251228068474,1.4776685462350194,1.735005102395289,1.8722265775990603,0.784674280853093,-1.3395823068534094,-1.0832556810993708,2.1228912138335843,2.619860371037514,1.1598229677856495
86.0,244.0,1226.109375,-3.3322471964389404,1.477670215022951,1.735005102395289,1.8725888381546405,0.7852082641426956,-1.3396205686302385,-1.0832552434967684,2.122891166496783,2.6198619221662534,1.1598229677856495
86.0,244.0,1226.1094970703125,-3.3322471964389404,1.477670215022951,1.735005102395289,1.872051739414213,0.7852082641426956,-1.3396205686302385,-1.0832552434967684,2.122891166496783,2.6198619221662534,1.1598229677856495
86.0,244.0,1226.1097412109375,-3.33150505554907,1.47781300611825,1.735005102395289,1.8719626761644663,0.7848699369342736,-1.3395802607259912,-1.083258602853016,2.122891166322742,2.619823032719657,1.159822051410539
86.0,244.0,1226.1107177734375,-3.332196353778276,1.47781300611825,1.735005102395289,1.871962311898146,0.7846667102942012,-1.3395800560034603,-1.083258602853016,2.122891164192149,2.6198223733450456,1.15982209893723
86.0,244.0,1226.111328125,-3.331563420570502,1.477608414122498,1.735005102395289,1.8719626761644663,0.7832980132603081,-1.339613330419638,-1.0832552639564246,2.122891166322742,2.619858549378035,1.159822091007649
86.0,244.0,1226.116943359375,-3.332240725757868,1.477669997171944,1.735005102395289,1.872051739414213,0.7937724197457561,-1.3396205686302385,-1.0832556810993708,2.1228912159103177,2.6193959802017592,1.1598229677856495
86.0,244.0,1226.116943359375,-3.332240725757868,1.477669997171944,1.735005102395289,1.872051739414213,0.7937724197457561,-1.3396205686302385,-1.0832556810993708,2.1228912159103177,2.6193959802017592,1.1598229677856495
86.0,244.0,1226.117431640625,-3.3315193828182585,1.47781300611825,1.735005102395289,1.8720557811238527,0.7937715451975111,-1.3390836998941926,-1.0832582256393146,2.122891166666438,2.6198208613715392,1.159822051410539
86.0,244.0,1226.1181640625,-3.3315193828182585,1.47781300611825,1.735005102395289,1.8719626761644663,0.7938913269454124,-1.3390836998941926,-1.083258602853016,2.122891166322742,2.6198208613715392,1.159822051410539
86.0,244.0,1226.1181640625,-3.3315193828182585,1.47781300611825,1.735005102395289,1.8720517534326635,0.7938918774678491,-1.3390836998941926,-1.083258261043329,2.122891166322742,2.6198208613715392,1.159822051410539
86.0,244.0,1226.1181640625,-3.3315193828182585,1.4778172965664893,1.735005102395289,1.8720517534326635,0.7938922142984591,-1.3390836998941926,-1.0832555302999594,2.122891166322742,2.6198208613715392,1.159823140742953
86.0,244.0,1226.1202392578125,-3.332147885497827,1.4778172965664893,1.735005102395289,1.8720517534326635,0.7938922301504314,-1.3390836998941926,-1.0832556787087233,2.122891166322742,2.61982079760314,1.1598231389512423
86.0,244.0,1226.1240234375,-3.332139658261088,1.477611004455612,1.735005102395289,1.872051861787228,0.7937542751661787,-1.3395833016352756,-1.0832556810993708,2.1228912159103177,2.6198230504996745,1.1598229677856495
86.0,244.0,1226.1246337890625,-3.332248686406856,1.4776755815236056,1.735005102395289,1.872051739414213,0.7937400816371437,-1.3395232837795998,-1.0832556810993708,2.122891215927134,2.6198230560340914,1.1598409974988717
86.0,244.0,1226.124755859375,-3.3315138373109487,1.4776121425379185,1.735005102395289,1.8766714171657184,0.7938918609375436,-1.3396205686302385,-1.0832555326906066,2.1228911695820663,2.6198241247916862,1.1598229695773603
86.0,244.0,1226.1251220703125,-3.3322471964389404,1.477613792527299,1.735005102395289,1.872051739414213,0.7937504213171295,-1.339620559487069,-1.0832556810993708,2.1228912159103177,2.619823050995404,1.1598234231956923
86.0,244.0,1226.1251220703125,-3.332247196075264,1.477577747899114,1.735005102395289,1.872051739414213,0.7938901479265699,-1.3396205686302385,-1.0832556810993708,2.122891168630752,2.6198230649080747,1.1598229861737668
86.0,244.0,1226.125244140625,-3.332247193099871,1.477580176848331,1.735005102395289,1.872051739414213,0.7938901479265699,-1.3396205686302385,-1.0832556810993708,2.122891168630752,2.619825598364484,1.1598229861737668
86.0,244.0,1226.125244140625,-3.332139658261088,1.477669997171944,1.735005102395289,1.872046495686732,0.7937576195241515,-1.3395833016352756,-1.0832556810993708,2.1228912159103177,2.6198230504996745,1.1598229677856495
86.0,244.0,1226.125244140625,-3.33224546023982,1.4775801519449996,1.735005102395289,1.872051739414213,0.7938901479265699,-1.3396205686302385,-1.0832556810993708,2.122891168719201,2.619825598364484,1.1598229861737668
86.0,244.0,1226.1253662109375,-3.3322471964389404,1.4776754836993082,1.735005102395289,1.872051739414213,0.7938837379135435,-1.3395273325063348,-1.083255687154279,2.1228912159103177,2.619822973297458,1.1598215734783908
86.0,244.0,1226.1256103515625,-3.3322498187280924,1.477669997171944,1.735005102395289,1.872046495686732,0.7937576195241515,-1.3395833016352756,-1.083255686902865,2.1228912159103177,2.6198229714141053,1.1598229677856495
86.0,244.0,1226.125732421875,-3.3322471964389404,1.4776128891441505,1.735005102395289,1.8721193236040587,0.7938918767895158,-1.3396205686302385,-1.0832556810993708,2.1228911671388464,2.619823056128616,1.1598229677856495
86.0,244.0,1226.1258544921875,-3.3322471964389404,1.4776133880103974,1.735005102395289,1.872051739414213,0.7938918767895158,-1.3396205686302385,-1.0832556810993708,2.1228911691167194,2.6198251812274305,1.1598229677856495
86.0,244.0,1226.1258544921875,-3.3322471964389404,1.4776121425379185,1.735005102395289,1.872051739414213,0.7938918767895158,-1.3396205686302385,-1.0832556810993708,2.122891166763674,2.619823212798984,1.1598229677856495
86.0,244.0,1226.1258544921875,-3.3322471964389404,1.4776128246880176,1.735005102395289,1.872051739414213,0.7938918767895158,-1.3396205686302385,-1.0832556810993708,2.1228912159103177,2.619823000104049,1.1598229677856495
86.0,244.0,1226.1258544921875,-3.3322471964389404,1.4776121425379185,1.735005102395289,1.872051739414213,0.7938970859291412,-1.3396205686302385,-1.0832556810993708,2.1228912170415573,2.619823212798984,1.1598235435530488
86.0,244.0,1226.1259765625,-3.3322471964389404,1.4776133880103974,1.735005102395289,1.872051739414213,0.7938918767895158,-1.3396205686302385,-1.0832556810993708,2.1228911691167194,2.619825598364484,1.1598229677856495
86.0,244.0,1226.1259765625,-3.332247136473572,1.4775814494328805,1.735005102395289,1.872051739414213,0.7938433200861656,-1.3396205686302385,-1.0832558874031668,2.122891215851336,2.619861469002603,1.1598420992683238
86.0,244.0,1226.1259765625,-3.332247193463548,1.4776152536372342,1.735005102395289,1.872051739414213,0.7938918767895158,-1.3396205686302385,-1.0832556810993708,2.1228912159103177,2.6198255335604577,1.1598229677856495
86.0,244.0,1226.1260986328125,-3.3322471964389404,1.477669997171944,1.735005102395289,1.8722174567597616,0.7937504213171295,-1.3396204208391862,-1.0832556810993708,2.1228912139339955,2.619823053286574,1.1598230909736085
86.0,244.0,1226.126220703125,-3.3322471964389404,1.477669997171944,1.735005102395289,1.872051739414213,0.7937504213171295,-1.3396201603856026,-1.0832556810993708,2.1228912159103177,2.619823053286574,1.1598409974988717
86.0,244.0,1226.126220703125,-3.3322471964389404,1.477669997171944,1.735005102395289,1.872051739414213,0.7937400816371437,-1.3396205703882464,-1.0832556810993708,2.1228912159103177,2.619823053286574,1.1598409974988717
86.0,244.0,1226.126220703125,-3.3322471964389404,1.477669997171944,1.735005102395289,1.872051739414213,0.7937400816371437,-1.3396205703882464,-1.0832556810993708,2.1228912159103177,2.619823053286574,1.1598409974988717
86.0,244.0,1226.126220703125,-3.332146392298329,1.477667799628787,1.735005102395289,1.87677867116072,0.7937706271588704,-1.3395817737012132,-1.0832556810993708,2.122891216717736,2.619823207407767,1.1598229677856495
86.0,244.0,1226.126220703125,-3.332248686406856,1.477669997171944,1.735005102395289,1.872051739414213,0.7937400816371437,-1.3396205703882464,-1.0832556810993708,2.1228912159276634,2.619823050701417,1.1598409974988717
86.0,244.0,1226.1263427734375,-3.3322471964389404,1.477669997171944,1.735005102395289,1.872051739414213,0.7937549413619159,-1.3396201603856026,-1.0832556810993708,2.1228912159103177,2.619823053286574,1.1598409974988717
86.0,244.0,1226.1263427734375,-3.332146392298329,1.4776685462350194,1.735005102395289,1.8768462553505656,0.7937706271588704,-1.3395817737012132,-1.0832556810993708,2.1228912170929086,2.6198230507373994,1.1598229677856495
86.0,245.0,1225.942138671875,-3.3322394456189137,1.4775781848797336,1.735005102395289,1.872051739414213,0.7937465795436341,-1.3382471764890085,-1.0832556810853904,2.122891214815703,2.6062659339732344,1.1598239839738105
86.0,245.0,1225.943359375,-3.33223973653758,1.477669997171944,1.735005102395289,1.872051739414213,0.7937466826274759,-1.3382471764890085,-1.08325567926894,2.122891214815703,2.6062659339732344,1.1598240117641672
86.0,245.0,1225.943359375,-3.33223973653758,1.477669997171944,1.735005102395289,1.872051739414213,0.7937466826274759,-1.3382471764890085,-1.08325567926894,2.122891214815703,2.6062659339732344,1.1598240117641672
86.0,245.0,1225.9984130859375,-3.3322471964389404,1.4776700360221389,1.735005102395289,1.872051739414213,0.7938918767895158,-1.3396205686302385,-1.0832556810993708,2.1228912149517627,2.6063930167990863,1.1598229677856495
86.0,245.0,1226.07958984375,-3.33159811940166,1.4776754872779183,1.7392219510056235,1.8719626761644663,0.7945641743731354,-1.3382699421421316,-1.0832552639564246,2.122891166322742,2.61985851072688,1.159822051410539
86.0,245.0,1226.0872802734375,-3.331563420570502,1.477675858532746,1.735005102395289,1.8719626761644663,0.7846120668392316,-1.3382699421421316,-1.0832552639564246,2.122891166322742,2.619858549378035,1.159822051410539
86.0,245.0,1226.0872802734375,-3.331563420570502,1.47767587117176,1.735005102395289,1.8719626761644663,0.7846120668392316,-1.3382699421421316,-1.0832552639564246,2.12289116451972,2.619858549378035,1.159822051410539
86.0,245.0,1226.0980224609375,-3.3322471964389404,1.4776164426360836,1.735005102395289,1.872051739414213,0.7852900317005882,-1.3390819616829204,-1.0832556810993708,2.1228912156578725,2.619823050995404,1.1598234231956923
86.0,245.0,1226.0980224609375,-3.332260099405186,1.4776164426360836,1.735005102395289,1.8719584752547689,0.7852907566342997,-1.3390819616829204,-1.0832556810993708,2.1228912156578725,2.619823050995404,1.159822049965782
86.0,245.0,1226.1004638671875,-3.3315193828182585,1.47781300611825,1.735005102395289,1.871962311898146,0.7853235830851768,-1.3390836998941926,-1.083258602853016,2.122891166320592,2.6198208613715392,1.159822051410539
86.0,245.0,1226.103759765625,-3.331595005951067,1.477669997171944,1.7348174659797846,1.8720493971995795,0.7937504213171295,-1.3382716432755848,-1.083255263096114,2.12289122677003,2.619823053286574,1.1598410330398463
86.0,245.0,1226.1038818359375,-3.33223973653758,1.477669997171944,1.735005102395289,1.872051739414213,0.7937504213171295,-1.3382471764890085,-1.08325567926894,2.12289122677003,2.619823053286574,1.1598409974988717
86.0,245.0,1226.1038818359375,-3.33223973653758,1.477669997171944,1.735005102395289,1.872051739414213,0.7937504213171295,-1.3382471764890085,-1.08325567926894,2.12289122677003,2.619823053286574,1.1598409974988717
86.0,245.0,1226.1038818359375,-3.33223973653758,1.477669997171944,1.735005102395289,1.8720517303108144,0.7937504213171295,-1.3382471764890085,-1.08325567926894,2.12289122677003,2.619823053286574,1.1598409974988717
86.0,245.0,1226.1038818359375,-3.33223973653758,1.477669997171944,1.735005102395289,1.87205174016615,0.7937504213171295,-1.3382471764890085,-1.08325567926894,2.12289122677003,2.619823053286574,1.1598409974988717
86.0,245.0,1226.107666015625,-3.332251231151704,1.4776136232468693,1.735005102395289,1.8722265775990603,0.784674280853093,-1.3395823068534094,-1.0832556810993708,2.122891167158937,2.619821802348282,1.1598229677856495
86.0,245.0,1226.10791015625,-3.33159811940166,1.4776754872779183,1.735005102395289,1.8719626761644663,0.7945641743731354,-1.3382699421421316,-1.0832552639564246,2.122891166322742,2.61985851072688,1.159822051410539
86.0,245.0,1226.109375,-3.332251228068474,1.4776685462350194,1.735005102395289,1.8722265775990603,0.784674280853093,-1.3395823068534094,-1.0832556810993708,2.1228912138335843,2.619860371037514,1.1598229677856495
86.0,245.0,1226.109375,-3.3322471964389404,1.477670215022951,1.735005102395289,1.8725888381546405,0.7852082641426956,-1.3396205686302385,-1.0832552434967684,2.122891166496783,2.6198619221662534,1.1598229677856495
86.0,245.0,1226.1094970703125,-3.3322471964389404,1.477670215022951,1.735005102395289,1.872051739414213,0.7852082641426956,-1.3396205686302385,-1.0832552434967684,2.122891166496783,2.6198619221662534,1.1598229677856495
86.0,245.0,1226.1097412109375,-3.33150505554907,1.47781300611825,1.735005102395289,1.8719626761644663,0.7848699369342736,-1.3395802607259912,-1.083258602853016,2.122891166322742,2.619823032719657,1.159822051410539
86.0,245.0,1226.1103515625,-3.332147885497827,1.4778172965664893,1.735005102395289,1.8720517534326635,0.7938922301504314,-1.3390836998941926,-1.0832556811301337,2.122891166322742,2.619394586090879,1.1598231389512423
86.0,245.0,1226.1107177734375,-3.332196353778276,1.47781300611825,1.735005102395289,1.871962311898146,0.7846667102942012,-1.3395800560034603,-1.083258602853016,2.122891164192149,2.6198223733450456,1.15982209893723
86.0,245.0,1226.111083984375,-3.3322556068589875,1.4776173277832916,1.735005102395289,1.8720487954193128,0.7834185269883622,-1.3396205686302385,-1.0832556810993708,2.1228912159103177,2.6198255335604577,1.1598229677856495
86.0,245.0,1226.111328125,-3.331563420570502,1.477608414122498,1.735005102395289,1.8719626761644663,0.7832980132603081,-1.339613330419638,-1.0832552639564246,2.122891166322742,2.619858549378035,1.159822091007649
86.0,245.0,1226.116943359375,-3.332240725757868,1.477669997171944,1.735005102395289,1.872051739414213,0.7937724197457561,-1.3396205686302385,-1.0832556810993708,2.1228912159103177,2.6193959802017592,1.1598229677856495
86.0,245.0,1226.116943359375,-3.332240725757868,1.477669997171944,1.735005102395289,1.872051739414213,0.7937724197457561,-1.3396205686302385,-1.0832556810993708,2.1228912159103177,2.6193959802017592,1.1598229677856495
86.0,245.0,1226.117431640625,-3.3315193828182585,1.47781300611825,1.735005102395289,1.8720557811238527,0.7937715451975111,-1.3390836998941926,-1.0832582256393146,2.122891166666438,2.6198208613715392,1.159822051410539
86.0,245.0,1226.1180419921875,-3.331513656873464,1.4778172965664893,1.735005102395289,1.8720517345892187,0.7938922142984591,-1.3390719582632549,-1.0832555302999594,2.122891211465969,2.619823090709984,1.159823140742953
86.0,245.0,1226.1181640625,-3.3315193828182585,1.47781300611825,1.735005102395289,1.8719626761644663,0.7938913269454124,-1.3390836998941926,-1.083258602853016,2.122891166322742,2.6198208613715392,1.159822051410539
86.0,245.0,1226.1181640625,-3.3315193828182585,1.47781300611825,1.735005102395289,1.8720517534326635,0.7938918774678491,-1.3390836998941926,-1.083258261043329,2.122891166322742,2.6198208613715392,1.159822051410539
86.0,245.0,1226.1181640625,-3.3315193828182585,1.4778172965664893,1.735005102395289,1.8720517534326635,0.7938922142984591,-1.3390836998941926,-1.0832555302999594,2.122891166322742,2.6198208613715392,1.159823140742953
86.0,245.0,1226.118408203125,-3.3315978137373583,1.47781300611825,1.735005102395289,1.8719626761644663,0.7938722023954498,-1.3390836998941926,-1.0832584116062858,2.122891166322742,2.619822142290502,1.159822051410539
86.0,245.0,1226.1202392578125,-3.332147885497827,1.4778172965664893,1.735005102395289,1.8720517534326635,0.7938922301504314,-1.3390836998941926,-1.0832556787087233,2.122891166322742,2.61982079760314,1.1598231389512423
86.0,245.0,1226.1240234375,-3.332139658261088,1.477611004455612,1.735005102395289,1.872051861787228,0.7937542751661787,-1.3395833016352756,-1.0832556810993708,2.1228912159103177,2.6198230504996745,1.1598229677856495
86.0,245.0,1226.1246337890625,-3.332248686406856,1.4776755815236056,1.735005102395289,1.872051739414213,0.7937400816371437,-1.3395232837795998,-1.0832556810993708,2.122891215927134,2.6198230560340914,1.1598409974988717
86.0,245.0,1226.124755859375,-3.3315138373109487,1.4776121425379185,1.735005102395289,1.8766714171657184,0.7938918609375436,-1.3396205686302385,-1.0832555326906066,2.1228911695820663,2.6198241247916862,1.1598229695773603
86.0,245.0,1226.1251220703125,-3.3322471964389404,1.477613792527299,1.735005102395289,1.872051739414213,0.7937504213171295,-1.339620559487069,-1.0832556810993708,2.1228912159103177,2.619823050995404,1.1598234231956923
86.0,245.0,1226.1251220703125,-3.332247196075264,1.477577747899114,1.735005102395289,1.872051739414213,0.7938901479265699,-1.3396205686302385,-1.0832556810993708,2.122891168630752,2.6198230649080747,1.1598229861737668
86.0,245.0,1226.125244140625,-3.332247193099871,1.477580176848331,1.735005102395289,1.872051739414213,0.7938901479265699,-1.3396205686302385,-1.0832556810993708,2.122891168630752,2.619825598364484,1.1598229861737668
86.0,245.0,1226.125244140625,-3.332139658261088,1.477669997171944,1.735005102395289,1.872046495686732,0.7937576195241515,-1.3395833016352756,-1.0832556810993708,2.1228912159103177,2.6198230504996745,1.1598229677856495
86.0,245.0,1226.125244140625,-3.33224546023982,1.4775801519449996,1.735005102395289,1.872051739414213,0.7938901479265699,-1.3396205686302385,-1.0832556810993708,2.122891168719201,2.619825598364484,1.1598229861737668
86.0,245.0,1226.1253662109375,-3.3322471964389404,1.4776754836993082,1.735005102395289,1.872051739414213,0.7938837379135435,-1.3395273325063348,-1.083255687154279,2.1228912159103177,2.619822973297458,1.1598215734783908
86.0,245.0,1226.12548828125,-3.3322471964389404,1.477664899260874,1.735005102395289,1.872051739414213,0.7937504378227057,-1.33958670156752,-1.0832556810993708,2.1228912159103177,2.619823051109897,1.159822979584214
86.0,245.0,1226.12548828125,-3.332248718285454,1.4776755815236056,1.735005102395289,1.872051739414213,0.7938946209865739,-1.3395232837795998,-1.0832556810993708,2.122891173240555,2.6198252356200467,1.1598411055471194
86.0,245.0,1226.1256103515625,-3.3322498187280924,1.477669997171944,1.735005102395289,1.872046495686732,0.7937576195241515,-1.3395833016352756,-1.083255686902865,2.1228912159103177,2.6198229714141053,1.1598229677856495
86.0,245.0,1226.125732421875,-3.3322471964389404,1.4776128891441505,1.735005102395289,1.8721193236040587,0.7938918767895158,-1.3396205686302385,-1.0832556810993708,2.1228911671388464,2.619823056128616,1.1598229677856495
86.0,245.0,1226.1258544921875,-3.3322471964389404,1.4776133880103974,1.735005102395289,1.872051739414213,0.7938918767895158,-1.3396205686302385,-1.0832556810993708,2.1228911691167194,2.6198251812274305,1.1598229677856495
86.0,245.0,1226.1258544921875,-3.3322471964389404,1.4776121425379185,1.735005102395289,1.872051739414213,0.7938918767895158,-1.3396205686302385,-1.0832556810993708,2.122891166763674,2.619823212798984,1.1598229677856495
86.0,245.0,1226.1258544921875,-3.3322471964389404,1.4776128246880176,1.735005102395289,1.872051739414213,0.7938918767895158,-1.3396205686302385,-1.0832556810993708,2.1228912159103177,2.619823000104049,1.1598229677856495
86.0,246.0,1225.942138671875,-3.3322394456189137,1.4775781848797336,1.735005102395289,1.872051739414213,0.7937465795436341,-1.3382471764890085,-1.0832556810853904,2.122891214815703,2.6062659339732344,1.1598239839738105
86.0,246.0,1225.943359375,-3.33223973653758,1.477669997171944,1.735005102395289,1.872051739414213,0.7937466826274759,-1.3382471764890085,-1.08325567926894,2.122891214815703,2.6062659339732344,1.1598240117641672
86.0,246.0,1225.943359375,-3.33223973653758,1.477669997171944,1.735005102395289,1.872051739414213,0.7937466826274759,-1.3382471764890085,-1.08325567926894,2.122891214815703,2.6062659339732344,1.1598240117641672
86.0,246.0,1225.943359375,-3.33223973653758,1.477669997171944,1.735005102395289,1.872051739414213,0.7937466826274759,-1.3382471764890085,-1.08325567926894,2.122891214815703,2.6062659339732344,1.1598240117641672
86.0,246.0,1225.943359375,-3.33223973653758,1.477669997171944,1.735005102395289,1.872051739414213,0.7937466826274759,-1.3382471764890085,-1.08325567926894,2.122891214815703,2.6062659339732344,1.1598240117641672
86.0,246.0,1225.9984130859375,-3.3322471964389404,1.4776700360221389,1.735005102395289,1.872051739414213,0.7938918767895158,-1.3396205686302385,-1.0832556810993708,2.1228912149517627,2.6063930167990863,1.1598229677856495
86.0,246.0,1226.07958984375,-3.33159811940166,1.4776754872779183,1.7392219510056235,1.8719626761644663,0.7945641743731354,-1.3382699421421316,-1.0832552639564246,2.122891166322742,2.61985851072688,1.159822051410539
86.0,246.0,1226.080078125,-3.3315950632238915,1.4776754872779183,1.7391369037641664,1.8720457500006435,0.7945532836723432,-1.3382699223683567,-1.0832552631274657,2.122891166322742,2.61985851072688,1.159822051410539
86.0,246.0,1226.0872802734375,-3.331563420570502,1.477675858532746,1.735005102395289,1.8719626761644663,0.7846120668392316,-1.3382699421421316,-1.0832552639564246,2.122891166322742,2.619858549378035,1.159822051410539
86.0,246.0,1226.0872802734375,-3.331563420570502,1.47767587117176,1.735005102395289,1.8719626761644663,0.7846120668392316,-1.3382699421421316,-1.0832552639564246,2.12289116451972,2.619858549378035,1.159822051410539
86.0,246.0,1226.097900390625,-3.332251286981507,1.4776164426360836,1.735005102395289,1.8722127254725915,0.7852907566342997,-1.3390818878377253,-1.0832556810993708,2.1228912156578725,2.6198217946996865,1.159822049965782
86.0,246.0,1226.0980224609375,-3.3322471964389404,1.4776164426360836,1.735005102395289,1.872051739414213,0.7852900317005882,-1.3390819616829204,-1.0832556810993708,2.1228912156578725,2.619823050995404,1.1598234231956923
86.0,246.0,1226.0980224609375,-3.332260099405186,1.4776164426360836,1.735005102395289,1.8719584752547689,0.7852907566342997,-1.3390819616829204,-1.0832556810993708,2.1228912156578725,2.619823050995404,1.159822049965782
86.0,246.0,1226.0980224609375,-3.3322471964389404,1.4776164426360836,1.735005102395289,1.872051739414213,0.7852900317005882,-1.3390819616829204,-1.0832556809114149,2.1228912156578725,2.619823050995404,1.1598234231956923
86.0,246.0,1226.1004638671875,-3.3315193828182585,1.47781300611825,1.735005102395289,1.871962311898146,0.7853235830851768,-1.3390836998941926,-1.083258602853016,2.122891166320592,2.6198208613715392,1.159822051410539
86.0,246.0,1226.101318359375,-3.331491408309973,1.4778077404194097,1.735005102395289,1.8720556585614496,0.7853235830851768,-1.3390836998941926,-1.0832553128056657,2.122891166489904,2.619861916057686,1.1598229124918382
86.0,246.0,1226.1029052734375,-3.3322585618401286,1.4776205709800536,1.735005102395289,1.872051739414213,0.7937504213171295,-1.3382471764890085,-1.0832556810799043,2.122891215992353,2.619823053286574,1.1598409974988717
86.0,246.0,1226.103759765625,-3.331595005951067,1.477669997171944,1.7348174659797846,1.8720493971995795,0.7937504213171295,-1.3382716432755848,-1.083255263096114,2.12289122677003,2.619823053286574,1.1598410330398463
86.0,246.0,1226.1038818359375,-3.33223973653758,1.477669997171944,1.735005102395289,1.872051739414213,0.7937504213171295,-1.3382471764890085,-1.08325567926894,2.12289122677003,2.619823053286574,1.1598409974988717
86.0,246.0,1226.1038818359375,-3.33223973653758,1.477669997171944,1.735005102395289,1.872051739414213,0.7937504213171295,-1.3382471764890085,-1.08325567926894,2.12289122677003,2.619823053286574,1.1598409974988717
86.0,246.0,1226.1038818359375,-3.33223973653758,1.477669997171944,1.735005102395289,1.8720517303108144,0.7937504213171295,-1.3382471764890085,-1.08325567926894,2.12289122677003,2.619823053286574,1.1598409974988717
86.0,246.0,1226.1038818359375,-3.33223973653758,1.477669997171944,1.735005102395289,1.87205174016615,0.7937504213171295,-1.3382471764890085,-1.08325567926894,2.12289122677003,2.619823053286574,1.1598409974988717
86.0,246.0,1226.1038818359375,-3.33223973653758,1.477669997171944,1.735005102395289,1.872051739414213,0.7937504213171295,-1.3382471764890085,-1.0832556794568962,2.12289122677003,2.619823053286574,1.1598409974988717
86.0,246.0,1226.1038818359375,-3.33223973653758,1.477669997171944,1.735005102395289,1.872051739414213,0.7937504213171295,-1.3382471764890085,-1.08325567926894,2.12289122677003,2.619823053286574,1.1598409974988717
86.0,246.0,1226.1046142578125,-3.332247196075264,1.477577747899114,1.735005102395289,1.872052110187877,0.7940570887845301,-1.3383167393796598,-1.0832556810993708,2.1228911685164062,2.6198230649080747,1.1598230100474771
86.0,246.0,1226.107666015625,-3.332251231151704,1.4776136232468693,1.735005102395289,1.8722265775990603,0.784674280853093,-1.3395823068534094,-1.0832556810993708,2.122891167158937,2.619821802348282,1.1598229677856495
86.0,246.0,1226.107666015625,-3.3315600749008456,1.4778048079731103,1.735005102395289,1.8720517396150853,0.7937517077456337,-1.3382471764890085,-1.0832556810853904,2.122891214815703,2.619943832598027,1.1598239839738105
86.0,246.0,1226.107666015625,-3.332260043575382,1.4776136232468693,1.735005102395289,1.8719723273812368,0.784674280853093,-1.3395823806986042,-1.0832556810993708,2.122891167158937,2.6198230586439992,1.1598229677856495
86.0,246.0,1226.10791015625,-3.33159811940166,1.4776754872779183,1.735005102395289,1.8719626761644663,0.7945641743731354,-1.3382699421421316,-1.0832552639564246,2.122891166322742,2.61985851072688,1.159822051410539
86.0,246.0,1226.1083984375,-3.332275611562384,1.47767587117176,1.735005102395289,1.8719690333232024,0.7846120668392316,-1.3395157585248698,-1.0832552639564246,2.12289116451972,2.619858549378035,1.159822051410539
86.0,246.0,1226.108642578125,-3.3322751709472263,1.4776754807217911,1.735005102395289,1.8719583927509087,0.7852082641426956,-1.3396205686302385,-1.0832585335441185,2.122891166327471,2.619820867480107,1.1598221067043508
86.0,246.0,1226.109375,-3.332251228068474,1.4776685462350194,1.735005102395289,1.8722265775990603,0.784674280853093,-1.3395823068534094,-1.0832556810993708,2.1228912138335843,2.619860371037514,1.1598229677856495
86.0,246.0,1226.109375,-3.3322471964389404,1.477670215022951,1.735005102395289,1.8725888381546405,0.7852082641426956,-1.3396205686302385,-1.0832552434967684,2.122891166496783,2.6198619221662534,1.1598229677856495
86.0,246.0,1226.109375,-3.3322471964389404,1.4776699821548196,1.735005102395289,1.8725888381546405,0.7852082641426956,-1.3396205686302385,-1.0832556681211367,2.122891166671728,2.6198619221662534,1.1598229677856495
86.0,246.0,1226.109375,-3.3322471964389404,1.4776705335207998,1.735005102395289,1.8725888381546405,0.7852082641426956,-1.3396205686302385,-1.0832552434967684,2.122891166496783,2.619861525088256,1.159821279252888
86.0,246.0,1226.1094970703125,-3.3322471964389404,1.477670215022951,1.735005102395289,1.872051739414213,0.7852082641426956,-1.3396205686302385,-1.0832552434967684,2.122891166496783,2.6198619221662534,1.1598229677856495
86.0,246.0,1226.1097412109375,-3.33150505554907,1.47781300611825,1.735005102395289,1.8719626761644663,0.7848699369342736,-1.3395802607259912,-1.083258602853016,2.122891166322742,2.619823032719657,1.159822051410539
86.0,246.0,1226.1103515625,-3.332147885497827,1.4778172965664893,1.735005102395289,1.8720517534326635,0.7938922301504314,-1.3390836998941926,-1.0832556811301337,2.122891166322742,2.619394586090879,1.1598231389512423
86.0,246.0,1226.1107177734375,-3.332196353778276,1.47781300611825,1.735005102395289,1.871962311898146,0.7846667102942012,-1.3395800560034603,-1.083258602853016,2.122891164192149,2.6198223733450456,1.15982209893723
86.0,246.0,1226.111083984375,-3.3322556068589875,1.4776173277832916,1.735005102395289,1.8720487954193128,0.7834185269883622,-1.3396205686302385,-1.0832556810993708,2.1228912159103177,2.6198255335604577,1.1598229677856495
86.0,246.0,1226.111328125,-3.331563420570502,1.477608414122498,1.735005102395289,1.8719626761644663,0.7832980132603081,-1.339613330419638,-1.0832552639564246,2.122891166322742,2.619858549378035,1.159822091007649
86.0,246.0,1226.116943359375,-3.332240725757868,1.477669997171944,1.735005102395289,1.872051739414213,0.7937724197457561,-1.3396205686302385,-1.0832556810993708,2.1228912159103177,2.6193959802017592,1.1598229677856495
86.0,246.0,1226.116943359375,-3.332240725757868,1.477669997171944,1.735005102395289,1.872051739414213,0.7937724197457561,-1.3396205686302385,-1.0832556810993708,2.1228912159103177,2.6193959802017592,1.1598229677856495
86.0,246.0,1226.117431640625,-3.3315193828182585,1.47781300611825,1.735005102395289,1.8720557811238527,0.7937715451975111,-1.3390836998941926,-1.0832582256393146,2.122891166666438,2.6198208613715392,1.159822051410539
86.0,246.0,1226.1180419921875,-3.331513656873464,1.4778172965664893,1.735005102395289,1.8720517345892187,0.7938922142984591,-1.3390719582632549,-1.0832555302999594,2.122891211465969,2.619823090709984,1.159823140742953
86.0,246.0,1226.1181640625,-3.3315193828182585,1.47781300611825,1.735005102395289,1.8719626761644663,0.7938913269454124,-1.3390836998941926,-1.083258602853016,2.122891166322742,2.6198208613715392,1.159822051410539
86.0,246.0,1226.1181640625,-3.3315193828182585,1.47781300611825,1.735005102395289,1.8720517534326635,0.7938918774678491,-1.3390836998941926,-1.083258261043329,2.122891166322742,2.6198208613715392,1.159822051410539
86.0,246.0,1226.1181640625,-3.3315193828182585,1.4778172965664893,1.735005102395289,1.8720517534326635,0.7938922142984591,-1.3390836998941926,-1.0832555302999594,2.122891166322742,2.6198208613715392,1.159823140742953
86.0,246.0,1226.118408203125,-3.3315978137373583,1.47781300611825,1.735005102395289,1.8719626761644663,0.7938722023954498,-1.3390836998941926,-1.0832584116062858,2.122891166322742,2.619822142290502,1.159822051410539
86.0,246.0,1226.118896484375,-3.3322500652110048,1.4778172965664893,1.735005102395289,1.8720517534326635,0.7938922301504314,-1.3395258050858765,-1.0832556811299925,2.122891166394284,2.6194045057711586,1.1598231389512423
86.0,247.0,1225.920654296875,-3.33223973653758,1.477669704845092,1.735005102395289,1.872051739414213,0.7844765456944707,-1.3382471764890085,-1.08325567926894,2.122891214815703,2.604556472600028,1.1598240117641672
86.0,247.0,1225.9365234375,-3.331561392597508,1.477669997171944,1.735005102395289,1.872051739414213,0.7937503822756994,-1.3382471764890085,-1.0832552398892596,2.122891226865722,2.6062659339732344,1.1598240117641672
86.0,247.0,1225.942138671875,-3.3322394456189137,1.4775781848797336,1.735005102395289,1.872051739414213,0.7937465795436341,-1.3382471764890085,-1.0832556810853904,2.122891214815703,2.6062659339732344,1.1598239839738105
86.0,247.0,1225.943359375,-3.33223973653758,1.477669997171944,1.735005102395289,1.872051739414213,0.7937466826274759,-1.3382471764890085,-1.08325567926894,2.122891214815703,2.6062659339732344,1.1598240117641672
86.0,247.0,1225.943359375,-3.33223973653758,1.477669997171944,1.735005102395289,1.872051739414213,0.7937466826274759,-1.3382471764890085,-1.08325567926894,2.122891214815703,2.6062659339732344,1.1598240117641672
86.0,247.0,1225.943359375,-3.33223973653758,1.477669997171944,1.735005102395289,1.872051739414213,0.7937466826274759,-1.3382471764890085,-1.08325567926894,2.122891214815703,2.6062659339732344,1.1598240117641672
86.0,247.0,1225.943359375,-3.33223973653758,1.477669997171944,1.735005102395289,1.872051739414213,0.7937466826274759,-1.3382471764890085,-1.08325567926894,2.122891214815703,2.6062659339732344,1.1598240117641672
86.0,247.0,1225.943359375,-3.332239457084247,1.477669997171944,1.735005102395289,1.872051739414213,0.7937465582675569,-1.3382471764890085,-1.0832556792198385,2.122891214815703,2.6062659339732344,1.1598240121422754
86.0,247.0,1225.971435546875,-3.332260043575382,1.4776126228924915,1.735005102395289,1.8719723273812368,0.7843983390577658,-1.3395823806986042,-1.0832556810993708,2.1228911671749207,2.605835675183396,1.1598229677856495
86.0,247.0,1225.9984130859375,-3.3322471964389404,1.4776700360221389,1.735005102395289,1.872051739414213,0.7938918767895158,-1.3396205686302385,-1.0832556810993708,2.1228912149517627,2.6063930167990863,1.1598229677856495
86.0,247.0,1226.0650634765625,-3.33159811940166,1.4776754872779183,1.7392219510056235,1.8719629320813969,0.7852485676418935,-1.338139231784149,-1.0832552639564246,2.122891166322742,2.6198573535217724,1.1598220499419525
86.0,247.0,1226.07958984375,-3.33159811940166,1.4776754872779183,1.7392219510056235,1.8719626761644663,0.7945641743731354,-1.3382699421421316,-1.0832552639564246,2.122891166322742,2.61985851072688,1.159822051410539
86.0,247.0,1226.080078125,-3.3315950632238915,1.4776754872779183,1.7391369037641664,1.8720457500006435,0.7945532836723432,-1.3382699223683567,-1.0832552631274657,2.122891166322742,2.61985851072688,1.159822051410539
86.0,247.0,1226.080810546875,-3.332217729132839,1.47762375907369,1.7392601683281774,1.8719626761644663,0.7946523417166523,-1.3383033804117666,-1.0832556787709076,2.122891166322742,2.61985851072688,1.1598221110068871
86.0,247.0,1226.08154296875,-3.332216236554353,1.4776754872779183,1.7391369037641664,1.8720457500006435,0.7945532836723432,-1.3382699223683567,-1.0832556871315944,2.122891171952468,2.61985851072688,1.1598224905321202
86.0,247.0,1226.0828857421875,-3.331494198196037,1.4778013989049,1.7391369037641664,1.8720457500006435,0.7946184779578221,-1.3382699223683567,-1.0832552625386085,2.122891166322742,2.619861906114785,1.159822051410539
86.0,247.0,1226.0872802734375,-3.331563420570502,1.477675858532746,1.735005102395289,1.8719626761644663,0.7846120668392316,-1.3382699421421316,-1.0832552639564246,2.122891166322742,2.619858549378035,1.159822051410539
86.0,247.0,1226.0872802734375,-3.331563420570502,1.47767587117176,1.735005102395289,1.8719626761644663,0.7846120668392316,-1.3382699421421316,-1.0832552639564246,2.12289116451972,2.619858549378035,1.159822051410539
86.0,247.0,1226.09716796875,-3.3315193828182585,1.4778043954924815,1.735005102395289,1.872049718462852,0.7937815761462178,-1.3382158582609007,-1.083258602853016,2.1228912158502724,2.619542042075583,1.1598240132914264
86.0,247.0,1226.097900390625,-3.332251286981507,1.4776164426360836,1.735005102395289,1.8722127254725915,0.7852907566342997,-1.3390818878377253,-1.0832556810993708,2.1228912156578725,2.6198217946996865,1.159822049965782
86.0,247.0,1226.097900390625,-3.332251286981507,1.4776164426360836,1.735005102395289,1.8722127254725915,0.7852907566342997,-1.3390818878377253,-1.0832556810993708,2.1228912156578725,2.6198217946996865,1.159822049965782
86.0,247.0,1226.0980224609375,-3.3322471964389404,1.4776164426360836,1.735005102395289,1.872051739414213,0.7852900317005882,-1.3390819616829204,-1.0832556810993708,2.1228912156578725,2.619823050995404,1.1598234231956923
86.0,247.0,1226.0980224609375,-3.332260099405186,1.4776164426360836,1.735005102395289,1.8719584752547689,0.7852907566342997,-1.3390819616829204,-1.0832556810993708,2.1228912156578725,2.619823050995404,1.159822049965782
86.0,247.0,1226.0980224609375,-3.3322471964389404,1.4776164426360836,1.735005102395289,1.872051739414213,0.7852900317005882,-1.3390819616829204,-1.0832556809114149,2.1228912156578725,2.619823050995404,1.1598234231956923
86.0,247.0,1226.1004638671875,-3.3315193828182585,1.47781300611825,1.735005102395289,1.871962311898146,0.7853235830851768,-1.3390836998941926,-1.083258602853016,2.122891166320592,2.6198208613715392,1.159822051410539
86.0,247.0,1226.1004638671875,-3.3315193828182585,1.47781300611825,1.735005102395289,1.871962311898146,0.7853235830851768,-1.3390836998941926,-1.083258626213203,2.122891166320592,2.6198208613715392,1.159822051410539
86.0,247.0,1226.101318359375,-3.331491408309973,1.4778077404194097,1.735005102395289,1.8720556585614496,0.7853235830851768,-1.3390836998941926,-1.0832553128056657,2.122891166489904,2.619861916057686,1.1598229124918382
86.0,247.0,1226.1029052734375,-3.3322585618401286,1.4776205709800536,1.735005102395289,1.872051739414213,0.7937504213171295,-1.3382471764890085,-1.0832556810799043,2.122891215992353,2.619823053286574,1.1598409974988717
86.0,247.0,1226.1031494140625,-3.33159811940166,1.477670072596256,1.735005102395289,1.8720508090328272,0.7937385247352673,-1.3382699421421316,-1.0832556590361242,2.122891166614386,2.61985851072688,1.159822077940962
86.0,247.0,1226.103759765625,-3.331595005951067,1.477669997171944,1.7348174659797846,1.8720493971995795,0.7937504213171295,-1.3382716432755848,-1.083255263096114,2.12289122677003,2.619823053286574,1.1598410330398463
86.0,247.0,1226.103759765625,-3.33223973653758,1.477669997171944,1.735005102395289,1.872051739414213,0.793748888314839,-1.3382471764890085,-1.0832556809981289,2.1228912150789814,2.619823053286574,1.159823427833726
86.0,247.0,1226.1038818359375,-3.33223973653758,1.477669997171944,1.735005102395289,1.872051739414213,0.7937504213171295,-1.3382471764890085,-1.08325567926894,2.12289122677003,2.619823053286574,1.1598409974988717
86.0,247.0,1226.1038818359375,-3.33223973653758,1.477669997171944,1.735005102395289,1.872051739414213,0.7937504213171295,-1.3382471764890085,-1.08325567926894,2.12289122677003,2.619823053286574,1.1598409974988717
86.0,247.0,1226.1038818359375,-3.33223973653758,1.477669997171944,1.735005102395289,1.8720517303108144,0.7937504213171295,-1.3382471764890085,-1.08325567926894,2.12289122677003,2.619823053286574,1.1598409974988717
86.0,247.0,1226.1038818359375,-3.33223973653758,1.477669997171944,1.735005102395289,1.87205174016615,0.7937504213171295,-1.3382471764890085,-1.08325567926894,2.12289122677003,2.619823053286574,1.1598409974988717
86.0,247.0,1226.1038818359375,-3.33223973653758,1.477669997171944,1.735005102395289,1.872051739414213,0.7937504213171295,-1.3382471764890085,-1.0832556794568962,2.12289122677003,2.619823053286574,1.1598409974988717
86.0,247.0,1226.1038818359375,-3.33223973653758,1.477669997171944,1.735005102395289,1.872051739414213,0.7937504213171295,-1.3382471764890085,-1.08325567926894,2.12289122677003,2.619823053286574,1.1598409974988717
86.0,247.0,1226.1038818359375,-3.33223973653758,1.477669997171944,1.735005102395289,1.8720517297210928,0.7937504213171295,-1.3382471764890085,-1.08325567926894,2.12289122677003,2.619823053286574,1.1598409974988717
86.0,247.0,1226.1038818359375,-3.33223973653758,1.477669997171944,1.735005102395289,1.872051740755871,0.7937504213171295,-1.3382471764890085,-1.08325567926894,2.12289122677003,2.619823053286574,1.1598409974988717
86.0,247.0,1226.1046142578125,-3.332247196075264,1.477577747899114,1.735005102395289,1.872052110187877,0.7940570887845301,-1.3383167393796598,-1.0832556810993708,2.1228911685164062,2.6198230649080747,1.1598230100474771
86.0,247.0,1226.1046142578125,-3.332247196075264,1.477577747899114,1.735005102395289,1.872052110187877,0.7940570887845301,-1.3383167393796598,-1.083255657739184,2.1228911685164062,2.6198230649080747,1.1598230100474771
86.0,247.0,1226.105712890625,-3.3322733498911394,1.477669997171944,1.7348174659797846,1.8720493971995795,0.7937467216689059,-1.3382716432755848,-1.0832557024757945,2.122891214720012,2.619823053286574,1.1598410330398463
86.0,247.0,1226.107666015625,-3.332251231151704,1.4776136232468693,1.735005102395289,1.8722265775990603,0.784674280853093,-1.3395823068534094,-1.0832556810993708,2.122891167158937,2.619821802348282,1.1598229677856495
86.0,247.0,1226.107666015625,-3.3315600749008456,1.4778048079731103,1.735005102395289,1.8720517396150853,0.7937517077456337,-1.3382471764890085,-1.0832556810853904,2.122891214815703,2.619943832598027,1.1598239839738105
86.0,247.0,1226.107666015625,-3.332260043575382,1.4776136232468693,1.735005102395289,1.8719723273812368,0.784674280853093,-1.3395823806986042,-1.0832556810993708,2.122891167158937,2.6198230586439992,1.1598229677856495
86.0,247.0,1226.107666015625,-3.332251231151704,1.4776136232468693,1.735005102395289,1.8722265775990603,0.784674280853093,-1.3395823068534094,-1.0832556810993708,2.122891167158937,2.619821802348282,1.1598229677856495
86.0,247.0,1226.10791015625,-3.33159811940166,1.4776754872779183,1.735005102395289,1.8719626761644663,0.7945641743731354,-1.3382699421421316,-1.0832552639564246,2.122891166322742,2.61985851072688,1.159822051410539
86.0,247.0,1226.1082763671875,-3.332215040761685,1.47762600859449,1.735005102395289,1.8719642477143776,0.7848699369342736,-1.3396204682503932,-1.083258730730014,2.122891165594851,2.6198229763308354,1.1598221553722357
86.0,247.0,1226.1083984375,-3.332275611562384,1.47767587117176,1.735005102395289,1.8719690333232024,0.7846120668392316,-1.3395157585248698,-1.0832552639564246,2.12289116451972,2.619858549378035,1.159822051410539
86.0,247.0,1226.1085205078125,-3.331562922031573,1.4778048079731103,1.735005102395289,1.8720517396115053,0.7937730914030469,-1.3382471764890085,-1.0832556810853904,2.1228912158873765,2.619970813720742,1.1598239839738105
86.0,248.0,1225.70849609375,-3.33223973653758,1.477669997171944,1.735005102395289,1.872051739414213,0.7937466826274759,-1.3176765751821533,-1.08325567926894,2.122891214815703,2.6062659339732344,1.1598240117641672
86.0,248.0,1225.9150390625,-3.331608506416728,1.4776752596468778,1.735005102395289,1.8720456996451629,0.7844765456944707,-1.3382471764890085,-1.08325567926894,2.122891214815703,2.604556472600028,1.1598240117641672
86.0,248.0,1225.920654296875,-3.33223973653758,1.477669704845092,1.735005102395289,1.872051739414213,0.7844765456944707,-1.3382471764890085,-1.08325567926894,2.122891214815703,2.604556472600028,1.1598240117641672
86.0,248.0,1225.9365234375,-3.331561392597508,1.477669997171944,1.735005102395289,1.872051739414213,0.7937503822756994,-1.3382471764890085,-1.0832552398892596,2.122891226865722,2.6062659339732344,1.1598240117641672
86.0,248.0,1225.942138671875,-3.3322394456189137,1.4775781848797336,1.735005102395289,1.872051739414213,0.7937465795436341,-1.3382471764890085,-1.0832556810853904,2.122891214815703,2.6062659339732344,1.1598239839738105
86.0,248.0,1225.942138671875,-3.3322397322793567,1.4775781848797336,1.735005102395289,1.872051739414213,0.7937465708957845,-1.3382471764890085,-1.0832556810853904,2.122891214815703,2.6062659339732344,1.1598239839738105
86.0,248.0,1225.943115234375,-3.332239741259225,1.477669997171944,1.735005102395289,1.872051739414213,0.7937504213171295,-1.3382471764890085,-1.0832556840901968,2.122891226764235,2.6066401429987,1.1598240791254244
86.0,248.0,1225.943359375,-3.33223973653758,1.477669997171944,1.735005102395289,1.872051739414213,0.7937466826274759,-1.3382471764890085,-1.08325567926894,2.122891214815703,2.6062659339732344,1.1598240117641672
86.0,248.0,1225.943359375,-3.33223973653758,1.477669997171944,1.735005102395289,1.872051739414213,0.7937466826274759,-1.3382471764890085,-1.08325567926894,2.122891214815703,2.6062659339732344,1.1598240117641672
86.0,248.0,1225.943359375,-3.33223973653758,1.477669997171944,1.735005102395289,1.872051739414213,0.7937466826274759,-1.3382471764890085,-1.08325567926894,2.122891214815703,2.6062659339732344,1.1598240117641672
86.0,248.0,1225.943359375,-3.33223973653758,1.477669997171944,1.735005102395289,1.872051739414213,0.7937466826274759,-1.3382471764890085,-1.08325567926894,2.122891214815703,2.6062659339732344,1.1598240117641672
86.0,248.0,1225.943359375,-3.332239457084247,1.477669997171944,1.735005102395289,1.872051739414213,0.7937465582675569,-1.3382471764890085,-1.0832556792198385,2.122891214815703,2.6062659339732344,1.1598240121422754
86.0,248.0,1225.943359375,-3.3322394498771377,1.477669997171944,1.735005102395289,1.872051739414213,0.7937466912753255,-1.3382471764890085,-1.08325567926894,2.122891214815703,2.6062659339732344,1.1598240117641672
86.0,248.0,1225.943603515625,-3.33223973653758,1.477669997171944,1.735005102395289,1.8720517393829623,0.793750385212648,-1.3382471764890085,-1.08325567926894,2.1228912264671167,2.6062659339732344,1.1598420273534316
86.0,248.0,1225.943603515625,-3.33223973653758,1.477669997171944,1.735005102395289,1.872051739414213,0.7937503775526547,-1.3382471764890085,-1.083255679260942,2.122891215990212,2.6062659339732344,1.15984003058364
86.0,248.0,1225.971435546875,-3.332260043575382,1.4776126228924915,1.735005102395289,1.8719723273812368,0.7843983390577658,-1.3395823806986042,-1.0832556810993708,2.1228911671749207,2.605835675183396,1.1598229677856495
86.0,248.0,1225.997314453125,-3.3322471964389404,1.4776700360221389,1.735005102395289,1.872051739414213,0.7937354894204621,-1.3396179229627945,-1.0832556814203458,2.1228911657248752,2.6063930167990863,1.1598220431849169
86.0,248.0,1225.9984130859375,-3.3322471964389404,1.4776700360221389,1.735005102395289,1.872051739414213,0.7938918767895158,-1.3396205686302385,-1.0832556810993708,2.1228912149517627,2.6063930167990863,1.1598229677856495
86.0,248.0,1225.9984130859375,-3.3322469050854835,1.4776700360221389,1.735005102395289,1.872051739414213,0.7938918767895158,-1.3396205686302385,-1.0832556810993708,2.1228912149517627,2.6063930167990863,1.1598229677856495
86.0,248.0,1226.0650634765625,-3.33159811940166,1.4776754872779183,1.7392219510056235,1.8719629320813969,0.7852485676418935,-1.338139231784149,-1.0832552639564246,2.122891166322742,2.6198573535217724,1.1598220499419525
86.0,248.0,1226.06982421875,-3.3314940164787488,1.477801360787953,1.739277965546446,1.872049718462852,0.7937815761462178,-1.3382158582609007,-1.083258602853016,2.122891165749604,2.619542042075583,1.159823936097942
86.0,248.0,1226.0751953125,-3.332216615580673,1.477675464796009,1.7391789044407289,1.8720457500006435,0.7945532836723432,-1.3382466589837594,-1.0832556871315944,2.122891171952468,2.6196085322591296,1.1598224905321202
86.0,248.0,1226.0782470703125,-3.332260099405186,1.4776164426360836,1.735005102395289,1.8719584752547689,0.7852907566342997,-1.3390819616829204,-1.0832556810993708,2.1228912156578725,2.6189672436713223,1.159822049965782
86.0,248.0,1226.07958984375,-3.33159811940166,1.4776754872779183,1.7392219510056235,1.8719626761644663,0.7945641743731354,-1.3382699421421316,-1.0832552639564246,2.122891166322742,2.61985851072688,1.159822051410539
86.0,248.0,1226.080078125,-3.3315950632238915,1.4776754872779183,1.7391369037641664,1.8720457500006435,0.7945532836723432,-1.3382699223683567,-1.0832552631274657,2.122891166322742,2.61985851072688,1.159822051410539
86.0,248.0,1226.080078125,-3.331594407610915,1.4776754872779183,1.7391369037641664,1.8720428821529416,0.7945647627534536,-1.3382699223683567,-1.0832552631274657,2.122891166322742,2.61985851072688,1.159822051410539
86.0,248.0,1226.080810546875,-3.332217729132839,1.47762375907369,1.7392601683281774,1.8719626761644663,0.7946523417166523,-1.3383033804117666,-1.0832556787709076,2.122891166322742,2.61985851072688,1.1598221110068871
86.0,248.0,1226.08154296875,-3.332216236554353,1.4776754872779183,1.7391369037641664,1.8720457500006435,0.7945532836723432,-1.3382699223683567,-1.0832556871315944,2.122891171952468,2.61985851072688,1.1598224905321202
86.0,248.0,1226.08154296875,-3.332216236554353,1.4776754872779183,1.7391369037641664,1.8720457500006435,0.7945532836723432,-1.3382699223683567,-1.0832556871315944,2.122891171952468,2.61985851072688,1.1598224905321202
86.0,248.0,1226.0821533203125,-3.331483211221513,1.4778013989049,1.7392544447688394,1.8720457500006435,0.7946184779578221,-1.3382699223683567,-1.0832552625386085,2.122891215406787,2.619861906114785,1.159822051410539
86.0,248.0,1226.0828857421875,-3.331494198196037,1.4778013989049,1.7391369037641664,1.8720457500006435,0.7946184779578221,-1.3382699223683567,-1.0832552625386085,2.122891166322742,2.619861906114785,1.159822051410539
86.0,248.0,1226.0872802734375,-3.331563420570502,1.477675858532746,1.735005102395289,1.8719626761644663,0.7846120668392316,-1.3382699421421316,-1.0832552639564246,2.122891166322742,2.619858549378035,1.159822051410539
86.0,248.0,1226.0872802734375,-3.331563420570502,1.47767587117176,1.735005102395289,1.8719626761644663,0.7846120668392316,-1.3382699421421316,-1.0832552639564246,2.12289116451972,2.619858549378035,1.159822051410539
86.0,248.0,1226.09716796875,-3.3315193828182585,1.4778043954924815,1.735005102395289,1.872049718462852,0.7937815761462178,-1.3382158582609007,-1.083258602853016,2.1228912158502724,2.619542042075583,1.1598240132914264
86.0,248.0,1226.097900390625,-3.332251286981507,1.4776164426360836,1.735005102395289,1.8722127254725915,0.7852907566342997,-1.3390818878377253,-1.0832556810993708,2.1228912156578725,2.6198217946996865,1.159822049965782
86.0,248.0,1226.097900390625,-3.332251286981507,1.4776164426360836,1.735005102395289,1.8722127254725915,0.7852907566342997,-1.3390818878377253,-1.0832556810993708,2.1228912156578725,2.6198217946996865,1.159822049965782
86.0,248.0,1226.0980224609375,-3.3322471964389404,1.4776164426360836,1.735005102395289,1.872051739414213,0.7852900317005882,-1.3390819616829204,-1.0832556810993708,2.1228912156578725,2.619823050995404,1.1598234231956923
86.0,248.0,1226.0980224609375,-3.332260099405186,1.4776164426360836,1.735005102395289,1.8719584752547689,0.7852907566342997,-1.3390819616829204,-1.0832556810993708,2.1228912156578725,2.619823050995404,1.159822049965782
86.0,248.0,1226.0980224609375,-3.3322471964389404,1.4776164426360836,1.735005102395289,1.872051739414213,0.7852900317005882,-1.3390819616829204,-1.0832556809114149,2.1228912156578725,2.619823050995404,1.1598234231956923
86.0,248.0,1226.09814453125,-3.331511391404768,1.47761465625185,1.735005102395289,1.8719723273812368,0.7846508286582945,-1.339082627290901,-1.0832587062687935,2.122891167158937,2.6198230586439992,1.1598229677856495
86.0,248.0,1226.0987548828125,-3.332252006724965,1.4776182556973478,1.735005102395289,1.872053818908994,0.7852907566342997,-1.339129488307923,-1.0832556809947906,2.1228912156578725,2.6198217946996865,1.159822049965782
86.0,248.0,1226.1004638671875,-3.3315193828182585,1.47781300611825,1.735005102395289,1.871962311898146,0.7853235830851768,-1.3390836998941926,-1.083258602853016,2.122891166320592,2.6198208613715392,1.159822051410539
86.0,248.0,1226.1004638671875,-3.3315193828182585,1.47781300611825,1.735005102395289,1.871962311898146,0.7853235830851768,-1.3390836998941926,-1.083258626213203,2.122891166320592,2.6198208613715392,1.159822051410539
86.0,248.0,1226.101318359375,-3.331491408309973,1.4778077404194097,1.735005102395289,1.8720556585614496,0.7853235830851768,-1.3390836998941926,-1.0832553128056657,2.122891166489904,2.619861916057686,1.1598229124918382
86.0,248.0,1226.101318359375,-3.332239236138988,1.477670325771435,1.735005102395289,1.872051739414213,0.7936583858711883,-1.3382754549232927,-1.0832556792027026,2.1228912156578725,2.619726141067655,1.1598234231956923
86.0,248.0,1226.101318359375,-3.331491408309973,1.4778077404194097,1.735005102395289,1.8720556585614496,0.7853235830851768,-1.3390836998941926,-1.0832553128056657,2.122891166489904,2.619861916057686,1.1598229124918382
86.0,248.0,1226.1029052734375,-3.3322585618401286,1.4776205709800536,1.735005102395289,1.872051739414213,0.7937504213171295,-1.3382471764890085,-1.0832556810799043,2.122891215992353,2.619823053286574,1.1598409974988717
86.0,248.0,1226.1029052734375,-3.3322585618401286,1.4776205709800536,1.735005102395289,1.872051739414213,0.7937467263919507,-1.3382471764890085,-1.0832556810879024,2.1228912148178445,2.619823053286574,1.1598249786793988
86.0,248.0,1226.10302734375,-3.3322390167941216,1.4776681841106796,1.735005102395289,1.8722106459778105,0.7937504213171295,-1.3381995760188106,-1.0832556793735204,2.12289122677003,2.619823053286574,1.1598409974988717
86.0,248.0,1226.1031494140625,-3.33159811940166,1.477670072596256,1.735005102395289,1.8720508090328272,0.7937385247352673,-1.3382699421421316,-1.0832556590361242,2.122891166614386,2.61985851072688,1.159822077940962
86.0,249.0,1225.70849609375,-3.33223973653758,1.477669997171944,1.735005102395289,1.872051739414213,0.7937466826274759,-1.3176765751821533,-1.08325567926894,2.122891214815703,2.6062659339732344,1.1598240117641672
86.0,249.0,1225.70849609375,-3.33223973653758,1.477669997171944,1.735005102395289,1.872051739414213,0.7937466826274759,-1.3176765751821533,-1.08325567926894,2.122891214815703,2.6062659339732344,1.1598240117641672
86.0,249.0,1225.9150390625,-3.331608506416728,1.4776752596468778,1.735005102395289,1.8720456996451629,0.7844765456944707,-1.3382471764890085,-1.08325567926894,2.122891214815703,2.604556472600028,1.1598240117641672
86.0,249.0,1225.916015625,-3.331554296477341,1.4778114037472865,1.735005102395289,1.872051739414213,0.7852974854991738,-1.338254228390909,-1.083255670481751,2.1228912153233064,2.604556472600028,1.159824000308119
86.0,249.0,1225.920654296875,-3.33223973653758,1.477669704845092,1.735005102395289,1.872051739414213,0.7844765456944707,-1.3382471764890085,-1.08325567926894,2.122891214815703,2.604556472600028,1.1598240117641672
86.0,249.0,1225.9364013671875,-3.331561392597508,1.477669997171944,1.735005102395289,1.872051739414213,0.7937503619404951,-1.3382471764890085,-1.0832551835836244,2.1228912273689984,2.6062659339732344,1.1598240121424943
86.0,249.0,1225.9365234375,-3.331561392597508,1.477669997171944,1.735005102395289,1.872051739414213,0.7937503822756994,-1.3382471764890085,-1.0832552398892596,2.122891226865722,2.6062659339732344,1.1598240117641672
86.0,249.0,1225.942138671875,-3.3322394456189137,1.4775781848797336,1.735005102395289,1.872051739414213,0.7937465795436341,-1.3382471764890085,-1.0832556810853904,2.122891214815703,2.6062659339732344,1.1598239839738105
86.0,249.0,1225.942138671875,-3.3322397322793567,1.4775781848797336,1.735005102395289,1.872051739414213,0.7937465708957845,-1.3382471764890085,-1.0832556810853904,2.122891214815703,2.6062659339732344,1.1598239839738105
86.0,249.0,1225.942138671875,-3.3322397322793567,1.4775781848797336,1.735005102395289,1.872051739414213,0.7937465708957845,-1.3382471764890085,-1.0832556810853904,2.122891214815703,2.6062659339732344,1.1598239839738105
86.0,249.0,1225.943115234375,-3.332239741259225,1.477669997171944,1.735005102395289,1.872051739414213,0.7937504213171295,-1.3382471764890085,-1.0832556840901968,2.122891226764235,2.6066401429987,1.1598240791254244
86.0,249.0,1225.943115234375,-3.332239741259225,1.477669997171944,1.735005102395289,1.872051739414213,0.7937504213171295,-1.3382471764890085,-1.0832556840901968,2.122891226764235,2.6066401429987,1.1598240791254244
86.0,249.0,1225.943359375,-3.33223973653758,1.477669997171944,1.735005102395289,1.872051739414213,0.7937466826274759,-1.3382471764890085,-1.08325567926894,2.122891214815703,2.6062659339732344,1.1598240117641672
86.0,249.0,1225.943359375,-3.33223973653758,1.477669997171944,1.735005102395289,1.872051739414213,0.7937466826274759,-1.3382471764890085,-1.08325567926894,2.122891214815703,2.6062659339732344,1.1598240117641672
86.0,249.0,1225.943359375,-3.33223973653758,1.477669997171944,1.735005102395289,1.872051739414213,0.7937466826274759,-1.3382471764890085,-1.08325567926894,2.122891214815703,2.6062659339732344,1.1598240117641672
86.0,249.0,1225.943359375,-3.33223973653758,1.477669997171944,1.735005102395289,1.872051739414213,0.7937466826274759,-1.3382471764890085,-1.08325567926894,2.122891214815703,2.6062659339732344,1.1598240117641672
86.0,249.0,1225.943359375,-3.332239457084247,1.477669997171944,1.735005102395289,1.872051739414213,0.7937465582675569,-1.3382471764890085,-1.0832556792198385,2.122891214815703,2.6062659339732344,1.1598240121422754
86.0,249.0,1225.943359375,-3.3322394498771377,1.477669997171944,1.735005102395289,1.872051739414213,0.7937466912753255,-1.3382471764890085,-1.08325567926894,2.122891214815703,2.6062659339732344,1.1598240117641672
86.0,249.0,1225.943359375,-3.33223973653758,1.477669997171944,1.735005102395289,1.872051739414213,0.7937466826274759,-1.3382471764890085,-1.0832556792671255,2.122891214815703,2.6062659339732344,1.159824012112957
86.0,249.0,1225.943359375,-3.33223973653758,1.477669997171944,1.735005102395289,1.872051739414213,0.7937506237308625,-1.3382471764890085,-1.083255679260942,2.122891214805839,2.6062659339732344,1.1598230222905876
86.0,249.0,1225.943359375,-3.3322305387006,1.477669997171944,1.735005102395289,1.8719554883839664,0.7937762899507201,-1.3382471764890085,-1.08325567926894,2.1228912264671167,2.6062659339732344,1.1598420273534316
86.0,249.0,1225.943359375,-3.332239741259225,1.477669997171944,1.735005102395289,1.872051739414213,0.7937465784924924,-1.3382471764890085,-1.0832556840901968,2.122891214660848,2.6062659995553408,1.1598240135680582
86.0,249.0,1225.943359375,-3.3322392667427376,1.477670071694289,1.735005102395289,1.872051739414213,0.7937465795436341,-1.3382471764890085,-1.0832556810853904,2.122891169023184,2.6062659339732344,1.1598239839738105
86.0,249.0,1225.943603515625,-3.33223973653758,1.477669997171944,1.735005102395289,1.8720517393829623,0.793750385212648,-1.3382471764890085,-1.08325567926894,2.1228912264671167,2.6062659339732344,1.1598420273534316
86.0,249.0,1225.943603515625,-3.33223973653758,1.477669997171944,1.735005102395289,1.872051739414213,0.7937503775526547,-1.3382471764890085,-1.083255679260942,2.122891215990212,2.6062659339732344,1.15984003058364
86.0,249.0,1225.943603515625,-3.332239635637705,1.477670034616395,1.735005102395289,1.872051739414213,0.7937466826274759,-1.3382527229835846,-1.08325567926894,2.1228912149532246,2.6062638172998,1.1598240117641672
86.0,249.0,1225.943603515625,-3.33223973653758,1.477669997171944,1.735005102395289,1.872051739414213,0.7937464364492681,-1.3382471764890085,-1.08325567926894,2.122891216000076,2.6062659339732344,1.1598410200572198
86.0,249.0,1225.960205078125,-3.332243694177526,1.477669997171944,1.735005102395289,1.87204590861107,0.7840893615237968,-1.3382471764890085,-1.0832556792689276,2.130006602154534,2.60459635545812,1.1598239929099834
86.0,249.0,1225.96142578125,-3.33223973653758,1.477669997171944,1.735005102395289,1.871967322821187,0.7848014877686292,-1.3393718864173232,-1.08325567926894,2.1228912148178423,2.6062659339732344,1.1598240117641672
86.0,249.0,1225.971435546875,-3.332260043575382,1.4776126228924915,1.735005102395289,1.8719723273812368,0.7843983390577658,-1.3395823806986042,-1.0832556810993708,2.1228911671749207,2.605835675183396,1.1598229677856495
86.0,249.0,1225.99609375,-3.3322473753151165,1.4775781492075837,1.735005102395289,1.872051739414213,0.7937354894204621,-1.3396179229627945,-1.0832556814203458,2.122891211517395,2.6063930167990863,1.1598220431849169
86.0,249.0,1225.997314453125,-3.3322471964389404,1.4776700360221389,1.735005102395289,1.872051739414213,0.7937354894204621,-1.3396179229627945,-1.0832556814203458,2.1228911657248752,2.6063930167990863,1.1598220431849169
86.0,249.0,1225.9984130859375,-3.3322471964389404,1.4776700360221389,1.735005102395289,1.872051739414213,0.7938918767895158,-1.3396205686302385,-1.0832556810993708,2.1228912149517627,2.6063930167990863,1.1598229677856495
86.0,249.0,1225.9984130859375,-3.3322469050854835,1.4776700360221389,1.735005102395289,1.872051739414213,0.7938918767895158,-1.3396205686302385,-1.0832556810993708,2.1228912149517627,2.6063930167990863,1.1598229677856495
86.0,249.0,1225.999267578125,-3.3322471964389404,1.477817051553354,1.735005102395289,1.872051659952254,0.7937366445039565,-1.339622534325515,-1.0832555323797657,2.1228912135568483,2.6063930167990863,1.1598220431849169
86.0,249.0,1226.0001220703125,-3.332233158202412,1.477677674736564,1.735005102395289,1.872051739414213,0.7938918767895158,-1.3396205686302385,-1.0832556810993708,2.1228912149517627,2.6059088278734848,1.1598220334592393
86.0,249.0,1226.0650634765625,-3.33159811940166,1.4776754872779183,1.7392219510056235,1.8719629320813969,0.7852485676418935,-1.338139231784149,-1.0832552639564246,2.122891166322742,2.6198573535217724,1.1598220499419525
86.0,249.0,1226.065185546875,-3.3322596731091525,1.477623370140841,1.73911982732793,1.8719586651150453,0.7838023970290341,-1.3390819616829204,-1.0832556789912953,2.12289116517674,2.6189891126610494,1.159822049965782
86.0,249.0,1226.0697021484375,-3.3316189177213467,1.4776754872779183,1.7391369037641664,1.872051699751052,0.784317277427847,-1.3382699223683567,-1.0832552632432135,2.1228912165721288,2.61985851072688,1.159822051410539
86.0,249.0,1226.06982421875,-3.3314940164787488,1.477801360787953,1.739277965546446,1.872049718462852,0.7937815761462178,-1.3382158582609007,-1.083258602853016,2.122891165749604,2.619542042075583,1.159823936097942
86.0,249.0,1226.0731201171875,-3.3321826595309063,1.477801360787953,1.73913855374312,1.8720456631496627,0.7937864859803442,-1.3382673402522225,-1.0832586008601897,2.122891165749604,2.6195465395490576,1.159823936097942
86.0,249.0,1226.0751953125,-3.332216615580673,1.477675464796009,1.7391789044407289,1.8720457500006435,0.7945532836723432,-1.3382466589837594,-1.0832556871315944,2.122891171952468,2.6196085322591296,1.1598224905321202
86.0,249.0,1226.078125,-3.331527593502196,1.4776754872779183,1.7392763155674922,1.8720498053138328,0.7945483738382167,-1.3382184403770352,-1.0832556891244207,2.122891171952468,2.6198540132534047,1.1598224905321202
86.0,249.0,1226.0782470703125,-3.332260099405186,1.4776164426360836,1.735005102395289,1.8719584752547689,0.7852907566342997,-1.3390819616829204,-1.0832556810993708,2.1228912156578725,2.6189672436713223,1.159822049965782
86.0,249.0,1226.0791015625,-3.331573385474359,1.4776758712821811,1.739430811285052,1.872046929654355,0.7948527441508736,-1.3382699421421316,-1.0817724144036116,2.12289116451972,2.6198594099828143,1.1598224995342583
86.0,249.0,1226.07958984375,-3.33159811940166,1.4776754872779183,1.7392219510056235,1.8719626761644663,0.7945641743731354,-1.3382699421421316,-1.0832552639564246,2.122891166322742,2.61985851072688,1.159822051410539
86.0,249.0,1226.080078125,-3.3315950632238915,1.4776754872779183,1.7391369037641664,1.8720457500006435,0.7945532836723432,-1.3382699223683567,-1.0832552631274657,2.122891166322742,2.61985851072688,1.159822051410539
86.0,249.0,1226.080078125,-3.331594407610915,1.4776754872779183,1.7391369037641664,1.8720428821529416,0.7945647627534536,-1.3382699223683567,-1.0832552631274657,2.122891166322742,2.61985851072688,1.159822051410539
86.0,249.0,1226.080078125,-3.331594407610915,1.4776754872779183,1.7391369037641664,1.8720428821529416,0.7945647627534536,-1.3382699223683567,-1.0832552631274657,2.122891166322742,2.61985851072688,1.159822051410539
86.0,249.0,1226.080810546875,-3.332217729132839,1.47762375907369,1.7392601683281774,1.8719626761644663,0.7946523417166523,-1.3383033804117666,-1.0832556787709076,2.122891166322742,2.61985851072688,1.1598221110068871
86.0,250.0,1225.70849609375,-3.33223973653758,1.477669997171944,1.735005102395289,1.872051739414213,0.7937466826274759,-1.3176765751821533,-1.08325567926894,2.122891214815703,2.6062659339732344,1.1598240117641672
86.0,250.0,1225.70849609375,-3.33223973653758,1.477669997171944,1.735005102395289,1.872051739414213,0.7937466826274759,-1.3176765751821533,-1.08325567926894,2.122891214815703,2.6062659339732344,1.1598240117641672
86.0,250.0,1225.70849609375,-3.33223973653758,1.477669997171944,1.735005102395289,1.872051739414213,0.7937466826274759,-1.3176765751821533,-1.08325567926894,2.122891214815703,2.6062659339732344,1.1598240117641672
86.0,250.0,1225.709228515625,-3.33223973653758,1.477669997171944,1.735005102395289,1.872051739382758,0.7937464283240263,-1.3176325824034825,-1.08325567926894,2.122891214815703,2.6062659339732344,1.1598423262570108
86.0,250.0,1225.9150390625,-3.331608506416728,1.4776752596468778,1.735005102395289,1.8720456996451629,0.7844765456944707,-1.3382471764890085,-1.08325567926894,2.122891214815703,2.604556472600028,1.1598240117641672
86.0,250.0,1225.916015625,-3.331554296477341,1.4778114037472865,1.735005102395289,1.872051739414213,0.7852974854991738,-1.338254228390909,-1.083255670481751,2.1228912153233064,2.604556472600028,1.159824000308119
86.0,250.0,1225.920654296875,-3.33223973653758,1.477669704845092,1.735005102395289,1.872051739414213,0.7844765456944707,-1.3382471764890085,-1.08325567926894,2.122891214815703,2.604556472600028,1.1598240117641672
86.0,250.0,1225.9208984375,-3.332265795369532,1.4776701419268572,1.735005102395289,1.8720520229811293,0.7844765456944707,-1.3382471764890085,-1.08325567926894,2.122891214815703,2.604556472600028,1.1598240117641672
86.0,250.0,1225.9364013671875,-3.331561392597508,1.477669997171944,1.735005102395289,1.872051739414213,0.7937503619404951,-1.3382471764890085,-1.0832551835836244,2.1228912273689984,2.6062659339732344,1.1598240121424943
86.0,250.0,1225.9364013671875,-3.331561392597508,1.477669997171944,1.735005102395289,1.872051739414213,0.7937503619404951,-1.3382471764890085,-1.0832552425783928,2.1228912273689984,2.6062659339732344,1.1598240121424943
86.0,250.0,1225.9365234375,-3.331561392597508,1.477669997171944,1.735005102395289,1.872051739414213,0.7937503822756994,-1.3382471764890085,-1.0832552398892596,2.122891226865722,2.6062659339732344,1.1598240117641672
86.0,250.0,1225.94140625,-3.3322392667427376,1.477670071694289,1.735005102395289,1.872051739414213,0.7937465610034593,-1.3381991943274776,-1.0832556810853904,2.1228912123610986,2.606397548424252,1.1598240891602465
86.0,250.0,1225.941650390625,-3.332239741259225,1.4775708508217806,1.735005102395289,1.872051739414213,0.7937504213171295,-1.3382471764890085,-1.0832556840901968,2.122891211361721,2.6066401429987,1.1598221850181507
86.0,250.0,1225.942138671875,-3.3322394456189137,1.4775781848797336,1.735005102395289,1.872051739414213,0.7937465795436341,-1.3382471764890085,-1.0832556810853904,2.122891214815703,2.6062659339732344,1.1598239839738105
86.0,250.0,1225.942138671875,-3.3322397322793567,1.4775781848797336,1.735005102395289,1.872051739414213,0.7937465708957845,-1.3382471764890085,-1.0832556810853904,2.122891214815703,2.6062659339732344,1.1598239839738105
86.0,250.0,1225.942138671875,-3.3322397322793567,1.4775781848797336,1.735005102395289,1.872051739414213,0.7937465708957845,-1.3382471764890085,-1.0832556810853904,2.122891214815703,2.6062659339732344,1.1598239839738105
86.0,250.0,1225.942138671875,-3.3322397322793567,1.4775781848797336,1.735005102395289,1.872051739414213,0.7937465708957845,-1.3382471764890085,-1.083255622090622,2.122891214815703,2.6062659339732344,1.1598239839738105
86.0,250.0,1225.942138671875,-3.3322476105339858,1.4775676087888332,1.735005102395289,1.8719554883839664,0.7937762899507201,-1.3382471764890085,-1.08325567926894,2.122891211837548,2.6062659339732344,1.1598420273534316
86.0,250.0,1225.943115234375,-3.332239741259225,1.477669997171944,1.735005102395289,1.872051739414213,0.7937504213171295,-1.3382471764890085,-1.0832556840901968,2.122891226764235,2.6066401429987,1.1598240791254244
86.0,250.0,1225.943115234375,-3.332239741259225,1.477669997171944,1.735005102395289,1.872051739414213,0.7937504213171295,-1.3382471764890085,-1.0832556840901968,2.122891226764235,2.6066401429987,1.1598240791254244
86.0,250.0,1225.943359375,-3.33223973653758,1.477669997171944,1.735005102395289,1.872051739414213,0.7937466826274759,-1.3382471764890085,-1.08325567926894,2.122891214815703,2.6062659339732344,1.1598240117641672
86.0,250.0,1225.943359375,-3.33223973653758,1.477669997171944,1.735005102395289,1.872051739414213,0.7937466826274759,-1.3382471764890085,-1.08325567926894,2.122891214815703,2.6062659339732344,1.1598240117641672
86.0,250.0,1225.943359375,-3.33223973653758,1.477669997171944,1.735005102395289,1.872051739414213,0.7937466826274759,-1.3382471764890085,-1.08325567926894,2.122891214815703,2.6062659339732344,1.1598240117641672
86.0,250.0,1225.943359375,-3.33223973653758,1.477669997171944,1.735005102395289,1.872051739414213,0.7937466826274759,-1.3382471764890085,-1.08325567926894,2.122891214815703,2.6062659339732344,1.1598240117641672
86.0,250.0,1225.943359375,-3.332239457084247,1.477669997171944,1.735005102395289,1.872051739414213,0.7937465582675569,-1.3382471764890085,-1.0832556792198385,2.122891214815703,2.6062659339732344,1.1598240121422754
86.0,250.0,1225.943359375,-3.3322394498771377,1.477669997171944,1.735005102395289,1.872051739414213,0.7937466912753255,-1.3382471764890085,-1.08325567926894,2.122891214815703,2.6062659339732344,1.1598240117641672
86.0,250.0,1225.943359375,-3.33223973653758,1.477669997171944,1.735005102395289,1.872051739414213,0.7937466826274759,-1.3382471764890085,-1.0832556792671255,2.122891214815703,2.6062659339732344,1.159824012112957
86.0,250.0,1225.943359375,-3.33223973653758,1.477669997171944,1.735005102395289,1.872051739414213,0.7937506237308625,-1.3382471764890085,-1.083255679260942,2.122891214805839,2.6062659339732344,1.1598230222905876
86.0,250.0,1225.943359375,-3.3322305387006,1.477669997171944,1.735005102395289,1.8719554883839664,0.7937762899507201,-1.3382471764890085,-1.08325567926894,2.1228912264671167,2.6062659339732344,1.1598420273534316
86.0,250.0,1225.943359375,-3.332239741259225,1.477669997171944,1.735005102395289,1.872051739414213,0.7937465784924924,-1.3382471764890085,-1.0832556840901968,2.122891214660848,2.6062659995553408,1.1598240135680582
86.0,250.0,1225.943359375,-3.3322392667427376,1.477670071694289,1.735005102395289,1.872051739414213,0.7937465795436341,-1.3382471764890085,-1.0832556810853904,2.122891169023184,2.6062659339732344,1.1598239839738105
86.0,250.0,1225.943359375,-3.3322397366365863,1.477669997171944,1.735005102395289,1.872051739414213,0.7937465721471577,-1.3382471764890085,-1.0832556836029636,2.122891214661894,2.606266001088039,1.1598240121431718
86.0,250.0,1225.943359375,-3.33223973653758,1.477669997171944,1.735005102395289,1.872051739414213,0.7937466826274759,-1.3382471764890085,-1.0832556792689951,2.122891214815703,2.6062659339732344,1.1598240117641672
86.0,250.0,1225.943359375,-3.3322397411602185,1.477669997171944,1.735005102395289,1.872051739414213,0.7937466889728106,-1.3382471764890085,-1.083255679754359,2.1228912148146564,2.6062659324405364,1.1598240135378437
86.0,250.0,1225.943359375,-3.33223973653758,1.477669997171944,1.735005102395289,1.872051739414213,0.7937466826274759,-1.3382471764890085,-1.0832556792670704,2.122891214815703,2.6062659339732344,1.159824012112957
86.0,250.0,1225.943603515625,-3.33223973653758,1.477669997171944,1.735005102395289,1.8720517393829623,0.793750385212648,-1.3382471764890085,-1.08325567926894,2.1228912264671167,2.6062659339732344,1.1598420273534316
86.0,250.0,1225.943603515625,-3.33223973653758,1.477669997171944,1.735005102395289,1.872051739414213,0.7937503775526547,-1.3382471764890085,-1.083255679260942,2.122891215990212,2.6062659339732344,1.15984003058364
86.0,250.0,1225.943603515625,-3.332239635637705,1.477670034616395,1.735005102395289,1.872051739414213,0.7937466826274759,-1.3382527229835846,-1.08325567926894,2.1228912149532246,2.6062638172998,1.1598240117641672
86.0,250.0,1225.943603515625,-3.33223973653758,1.477669997171944,1.735005102395289,1.872051739414213,0.7937464364492681,-1.3382471764890085,-1.08325567926894,2.122891216000076,2.6062659339732344,1.1598410200572198
86.0,250.0,1225.943603515625,-3.332240211877938,1.477669997171944,1.735005102395289,1.8720452713950373,0.7937472297527819,-1.3382471484843852,-1.0832556867942913,2.1228911708774154,2.6060859456954044,1.1598240117641672
86.0,250.0,1225.943603515625,-3.332239635637705,1.477670034616395,1.735005102395289,1.872051739414213,0.7937466826274759,-1.3382528693835476,-1.08325567926894,2.1228912149532246,2.6062638150808155,1.1598240117641672
86.0,250.0,1225.943603515625,-3.33223973653758,1.477669997171944,1.735005102395289,1.872051739414213,0.7937466864941719,-1.3382471764890085,-1.08325567926894,2.122891216000076,2.6062659339732344,1.1598415258354833
86.0,250.0,1225.9437255859375,-3.33223973653758,1.477669997171944,1.735005102395289,1.872051739414213,0.7937503775526547,-1.3382471764890085,-1.083255679260942,2.122891215975796,2.6061797547627306,1.15984003058364
86.0,250.0,1225.960205078125,-3.332243694177526,1.477669997171944,1.735005102395289,1.87204590861107,0.7840893615237968,-1.3382471764890085,-1.0832556792689276,2.130006602154534,2.60459635545812,1.1598239929099834
86.0,250.0,1225.96142578125,-3.33223973653758,1.477669997171944,1.735005102395289,1.871967322821187,0.7848014877686292,-1.3393718864173232,-1.08325567926894,2.1228912148178423,2.6062659339732344,1.1598240117641672
86.0,250.0,1225.9620361328125,-3.3322397322793567,1.4775781848797336,1.735005102395289,1.872051739414213,0.7855068089079967,-1.3394012806647548,-1.0832556810853904,2.122891214815734,2.6062659339732344,1.1598239840176714
86.0,250.0,1225.971435546875,-3.332260043575382,1.4776126228924915,1.735005102395289,1.8719723273812368,0.7843983390577658,-1.3395823806986042,-1.0832556810993708,2.1228911671749207,2.605835675183396,1.1598229677856495
86.0,250.0,1225.99609375,-3.3322473753151165,1.4775781492075837,1.735005102395289,1.872051739414213,0.7937354894204621,-1.3396179229627945,-1.0832556814203458,2.122891211517395,2.6063930167990863,1.1598220431849169
86.0,250.0,1225.9971923828125,-3.3322303034817304,1.477680537590694,1.735005102395289,1.872051739414213,0.7937354894204621,-1.3396179229627945,-1.0832556814203458,2.122891226146963,2.6063930167990863,1.1598220431849169
86.0,250.0,1225.997314453125,-3.3322471964389404,1.4776700360221389,1.735005102395289,1.872051739414213,0.7937354894204621,-1.3396179229627945,-1.0832556814203458,2.1228911657248752,2.6063930167990863,1.1598220431849169
86.0,251.0,1225.6214599609375,-3.3322375445185752,1.477669997171944,1.735005102395289,1.872051739414213,0.7856285230562977,-1.3176765751821533,-1.08325567926894,2.122891214815703,2.604741168266553,1.1598240003080795
86.0,251.0,1225.70849609375,-3.33223973653758,1.477669997171944,1.735005102395289,1.872051739414213,0.7937466826274759,-1.3176765751821533,-1.08325567926894,2.122891214815703,2.6062659339732344,1.1598240117641672
86.0,251.0,1225.70849609375,-3.33223973653758,1.477669997171944,1.735005102395289,1.872051739414213,0.7937466826274759,-1.3176765751821533,-1.08325567926894,2.122891214815703,2.6062659339732344,1.1598240117641672
86.0,251.0,1225.70849609375,-3.33223973653758,1.477669997171944,1.735005102395289,1.872051739414213,0.7937466826274759,-1.3176765751821533,-1.08325567926894,2.122891214815703,2.6062659339732344,1.1598240117641672
86.0,251.0,1225.70849609375,-3.332239736411956,1.477669997171944,1.735005102395289,1.872051739414213,0.7937466874603892,-1.3176765751821533,-1.083255679528169,2.122891214820682,2.6062659339732344,1.1598240135261588
86.0,251.0,1225.709228515625,-3.33223973653758,1.477669997171944,1.735005102395289,1.872051739382758,0.7937464283240263,-1.3176325824034825,-1.08325567926894,2.122891214815703,2.6062659339732344,1.1598423262570108
86.0,251.0,1225.71240234375,-3.33223973653758,1.477669997171944,1.735005102395289,1.872051739382758,0.7937465861794103,-1.317429606169145,-1.0832556792533443,2.122891214815703,2.6062659339732344,1.1598423262570108
86.0,251.0,1225.9150390625,-3.331608506416728,1.4776752596468778,1.735005102395289,1.8720456996451629,0.7844765456944707,-1.3382471764890085,-1.08325567926894,2.122891214815703,2.604556472600028,1.1598240117641672
86.0,251.0,1225.9150390625,-3.331608506416728,1.4776752596468778,1.735005102395289,1.8720456996451629,0.7844765456944707,-1.3382471764890085,-1.08325567926894,2.122891214815703,2.604556472600028,1.1598240117641672
86.0,251.0,1225.916015625,-3.331554296477341,1.4778114037472865,1.735005102395289,1.872051739414213,0.7852974854991738,-1.338254228390909,-1.083255670481751,2.1228912153233064,2.604556472600028,1.159824000308119
86.0,251.0,1225.916015625,-3.331554296477341,1.4778114037472865,1.735005102395289,1.872051739414213,0.7852974854991738,-1.338254228390909,-1.083255670481751,2.1228912153233064,2.604556472600028,1.159824000308119
86.0,251.0,1225.9183349609375,-3.33223973653758,1.477669997171944,1.735005102395289,1.872051739414213,0.7873058322328381,-1.3382471764890085,-1.0832556792670704,2.122891214815703,2.6062659339732344,1.159824012112957
86.0,251.0,1225.920654296875,-3.33223973653758,1.477669704845092,1.735005102395289,1.872051739414213,0.7844765456944707,-1.3382471764890085,-1.08325567926894,2.122891214815703,2.604556472600028,1.1598240117641672
86.0,251.0,1225.920654296875,-3.33223973653758,1.477669704845092,1.735005102395289,1.872051739414213,0.7844765456944707,-1.3382471764890085,-1.08325567926894,2.122891214815703,2.604556472600028,1.1598240117641672
86.0,251.0,1225.9208984375,-3.332265795369532,1.4776701419268572,1.735005102395289,1.8720520229811293,0.7844765456944707,-1.3382471764890085,-1.08325567926894,2.122891214815703,2.604556472600028,1.1598240117641672
86.0,251.0,1225.9364013671875,-3.331561392597508,1.477669997171944,1.735005102395289,1.872051739414213,0.7937503619404951,-1.3382471764890085,-1.0832551835836244,2.1228912273689984,2.6062659339732344,1.1598240121424943
86.0,251.0,1225.9364013671875,-3.331561392597508,1.477669997171944,1.735005102395289,1.872051739414213,0.7937503619404951,-1.3382471764890085,-1.0832552425783928,2.1228912273689984,2.6062659339732344,1.1598240121424943
86.0,251.0,1225.9365234375,-3.331561392597508,1.477669997171944,1.735005102395289,1.872051739414213,0.7937503822756994,-1.3382471764890085,-1.0832552398892596,2.122891226865722,2.6062659339732344,1.1598240117641672
86.0,251.0,1225.9365234375,-3.331561392597508,1.477669997171944,1.735005102395289,1.872051739414213,0.7937503822756994,-1.3382471764890085,-1.0832552398892596,2.122891226865722,2.6062659339732344,1.1598240117641672
86.0,251.0,1225.936767578125,-3.3315564884963464,1.4778114037472865,1.735005102395289,1.872051739414213,0.7934156450703519,-1.338254228390909,-1.083255670481751,2.1228912153233064,2.6060812383067096,1.159824011764207
86.0,251.0,1225.94140625,-3.3322392667427376,1.477670071694289,1.735005102395289,1.872051739414213,0.7937465610034593,-1.3381991943274776,-1.0832556810853904,2.1228912123610986,2.606397548424252,1.1598240891602465
86.0,251.0,1225.94140625,-3.3322392667427376,1.477670071694289,1.735005102395289,1.872051739414213,0.7937465610034593,-1.3381991943274776,-1.0832556810853904,2.1228912123610986,2.606397548424252,1.1598240891602465
86.0,251.0,1225.941650390625,-3.332239741259225,1.4775708508217806,1.735005102395289,1.872051739414213,0.7937504213171295,-1.3382471764890085,-1.0832556840901968,2.122891211361721,2.6066401429987,1.1598221850181507
86.0,251.0,1225.942138671875,-3.3322394456189137,1.4775781848797336,1.735005102395289,1.872051739414213,0.7937465795436341,-1.3382471764890085,-1.0832556810853904,2.122891214815703,2.6062659339732344,1.1598239839738105
86.0,251.0,1225.942138671875,-3.3322397322793567,1.4775781848797336,1.735005102395289,1.872051739414213,0.7937465708957845,-1.3382471764890085,-1.0832556810853904,2.122891214815703,2.6062659339732344,1.1598239839738105
86.0,251.0,1225.942138671875,-3.3322397322793567,1.4775781848797336,1.735005102395289,1.872051739414213,0.7937465708957845,-1.3382471764890085,-1.0832556810853904,2.122891214815703,2.6062659339732344,1.1598239839738105
86.0,251.0,1225.942138671875,-3.3322397322793567,1.4775781848797336,1.735005102395289,1.872051739414213,0.7937465708957845,-1.3382471764890085,-1.083255622090622,2.122891214815703,2.6062659339732344,1.1598239839738105
86.0,251.0,1225.942138671875,-3.3322476105339858,1.4775676087888332,1.735005102395289,1.8719554883839664,0.7937762899507201,-1.3382471764890085,-1.08325567926894,2.122891211837548,2.6062659339732344,1.1598420273534316
86.0,251.0,1225.942138671875,-3.332239635637705,1.4775745668012308,1.735005102395289,1.872051739414213,0.7937467845010386,-1.338247262751704,-1.0832556793423274,2.122891214880903,2.6062638172998,1.159823901508885
86.0,251.0,1225.942138671875,-3.3322397322793567,1.4775781848797336,1.735005102395289,1.872051739414213,0.7937465708957845,-1.3382471764890085,-1.0832556810853904,2.122891214815703,2.6062659339732344,1.1598239839738105
86.0,251.0,1225.9425048828125,-3.3322476105339858,1.4775676087888332,1.735005102395289,1.8720521360960047,0.7937797933499332,-1.3382471764890085,-1.08325567926894,2.122891211837548,2.6062659339732344,1.159842526248822
86.0,251.0,1225.943115234375,-3.332239741259225,1.477669997171944,1.735005102395289,1.872051739414213,0.7937504213171295,-1.3382471764890085,-1.0832556840901968,2.122891226764235,2.6066401429987,1.1598240791254244
86.0,251.0,1225.943115234375,-3.332239741259225,1.477669997171944,1.735005102395289,1.872051739414213,0.7937504213171295,-1.3382471764890085,-1.0832556840901968,2.122891226764235,2.6066401429987,1.1598240791254244
86.0,251.0,1225.943359375,-3.33223973653758,1.477669997171944,1.735005102395289,1.872051739414213,0.7937466826274759,-1.3382471764890085,-1.08325567926894,2.122891214815703,2.6062659339732344,1.1598240117641672
86.0,251.0,1225.943359375,-3.33223973653758,1.477669997171944,1.735005102395289,1.872051739414213,0.7937466826274759,-1.3382471764890085,-1.08325567926894,2.122891214815703,2.6062659339732344,1.1598240117641672
86.0,251.0,1225.943359375,-3.33223973653758,1.477669997171944,1.735005102395289,1.872051739414213,0.7937466826274759,-1.3382471764890085,-1.08325567926894,2.122891214815703,2.6062659339732344,1.1598240117641672
86.0,251.0,1225.943359375,-3.33223973653758,1.477669997171944,1.735005102395289,1.872051739414213,0.7937466826274759,-1.3382471764890085,-1.08325567926894,2.122891214815703,2.6062659339732344,1.1598240117641672
86.0,251.0,1225.943359375,-3.332239457084247,1.477669997171944,1.735005102395289,1.872051739414213,0.7937465582675569,-1.3382471764890085,-1.0832556792198385,2.122891214815703,2.6062659339732344,1.1598240121422754
86.0,251.0,1225.943359375,-3.3322394498771377,1.477669997171944,1.735005102395289,1.872051739414213,0.7937466912753255,-1.3382471764890085,-1.08325567926894,2.122891214815703,2.6062659339732344,1.1598240117641672
86.0,251.0,1225.943359375,-3.33223973653758,1.477669997171944,1.735005102395289,1.872051739414213,0.7937466826274759,-1.3382471764890085,-1.0832556792671255,2.122891214815703,2.6062659339732344,1.159824012112957
86.0,251.0,1225.943359375,-3.33223973653758,1.477669997171944,1.735005102395289,1.872051739414213,0.7937506237308625,-1.3382471764890085,-1.083255679260942,2.122891214805839,2.6062659339732344,1.1598230222905876
86.0,251.0,1225.943359375,-3.3322305387006,1.477669997171944,1.735005102395289,1.8719554883839664,0.7937762899507201,-1.3382471764890085,-1.08325567926894,2.1228912264671167,2.6062659339732344,1.1598420273534316
86.0,251.0,1225.943359375,-3.332239741259225,1.477669997171944,1.735005102395289,1.872051739414213,0.7937465784924924,-1.3382471764890085,-1.0832556840901968,2.122891214660848,2.6062659995553408,1.1598240135680582
86.0,251.0,1225.943359375,-3.3322392667427376,1.477670071694289,1.735005102395289,1.872051739414213,0.7937465795436341,-1.3382471764890085,-1.0832556810853904,2.122891169023184,2.6062659339732344,1.1598239839738105
86.0,251.0,1225.943359375,-3.3322397366365863,1.477669997171944,1.735005102395289,1.872051739414213,0.7937465721471577,-1.3382471764890085,-1.0832556836029636,2.122891214661894,2.606266001088039,1.1598240121431718
86.0,251.0,1225.943359375,-3.33223973653758,1.477669997171944,1.735005102395289,1.872051739414213,0.7937466826274759,-1.3382471764890085,-1.0832556792689951,2.122891214815703,2.6062659339732344,1.1598240117641672
86.0,251.0,1225.943359375,-3.3322397411602185,1.477669997171944,1.735005102395289,1.872051739414213,0.7937466889728106,-1.3382471764890085,-1.083255679754359,2.1228912148146564,2.6062659324405364,1.1598240135378437
86.0,251.0,1225.943359375,-3.33223973653758,1.477669997171944,1.735005102395289,1.872051739414213,0.7937466826274759,-1.3382471764890085,-1.0832556792670704,2.122891214815703,2.6062659339732344,1.159824012112957
86.0,251.0,1225.943359375,-3.332239741384849,1.477669997171944,1.735005102395289,1.872051739414213,0.7937465736595791,-1.3382471764890085,-1.083255683830968,2.1228912146558683,2.6062659995553408,1.1598240118060663
86.0,251.0,1225.943359375,-3.33223973653758,1.477669997171944,1.735005102395289,1.872051739414213,0.7937466826274759,-1.3382471764890085,-1.0832556792689951,2.122891214815703,2.6062659339732344,1.1598240117641672
86.0,252.0,1225.6212158203125,-3.332239825627818,1.477669997171944,1.735005102395289,1.872051739414213,0.7854672090059707,-1.3176765751821533,-1.0832556795223087,2.122891214820783,2.604741168266553,1.1598240135260405
86.0,252.0,1225.6214599609375,-3.3322375445185752,1.477669997171944,1.735005102395289,1.872051739414213,0.7856285230562977,-1.3176765751821533,-1.08325567926894,2.122891214815703,2.604741168266553,1.1598240003080795
86.0,252.0,1225.70849609375,-3.33223973653758,1.477669997171944,1.735005102395289,1.872051739414213,0.7937466826274759,-1.3176765751821533,-1.08325567926894,2.122891214815703,2.6062659339732344,1.1598240117641672
86.0,252.0,1225.70849609375,-3.33223973653758,1.477669997171944,1.735005102395289,1.872051739414213,0.7937466826274759,-1.3176765751821533,-1.08325567926894,2.122891214815703,2.6062659339732344,1.1598240117641672
86.0,252.0,1225.70849609375,-3.33223973653758,1.477669997171944,1.735005102395289,1.872051739414213,0.7937466826274759,-1.3176765751821533,-1.08325567926894,2.122891214815703,2.6062659339732344,1.1598240117641672
86.0,252.0,1225.70849609375,-3.332239736411956,1.477669997171944,1.735005102395289,1.872051739414213,0.7937466874603892,-1.3176765751821533,-1.083255679528169,2.122891214820682,2.6062659339732344,1.1598240135261588
86.0,252.0,1225.70849609375,-3.33223973653758,1.477669997171944,1.735005102395289,1.872051739382758,0.7937464283240263,-1.3176765548415772,-1.08325567926894,2.122891214815703,2.6062659339732344,1.1598423262570108
86.0,252.0,1225.70849609375,-3.33223973653758,1.477669997171944,1.735005102395289,1.872051739414213,0.7937466826274759,-1.3176765751821533,-1.08325567926894,2.122891214815703,2.6062659339732344,1.1598240117641672
86.0,252.0,1225.7088623046875,-3.3323509737616543,1.477669997171944,1.735005102395289,1.872051739414213,0.7937466826274759,-1.3176765751821533,-1.08325567926894,2.122891215078417,2.6062659339732344,1.1598240117641672
86.0,252.0,1225.709228515625,-3.33223973653758,1.477669997171944,1.735005102395289,1.872051739382758,0.7937464283240263,-1.3176325824034825,-1.08325567926894,2.122891214815703,2.6062659339732344,1.1598423262570108
86.0,252.0,1225.709716796875,-3.332237455302713,1.477669997171944,1.735005102395289,1.872051739414213,0.7939080015107163,-1.3176765751821533,-1.0832556792748005,2.1228912148156023,2.6062659339732344,1.1598240003081983
86.0,252.0,1225.7115478515625,-3.33223973653758,1.4778150532332248,1.735005102395289,1.872051739414213,0.7935925861514187,-1.3176765751821533,-1.08325567926894,2.122891214815703,2.6062659339732344,1.1598240117641672
86.0,252.0,1225.71240234375,-3.33223973653758,1.477669997171944,1.735005102395289,1.872051739382758,0.7937465861794103,-1.317429606169145,-1.0832556792533443,2.122891214815703,2.6062659339732344,1.1598423262570108
86.0,252.0,1225.9150390625,-3.331608506416728,1.4776752596468778,1.735005102395289,1.8720456996451629,0.7844765456944707,-1.3382471764890085,-1.08325567926894,2.122891214815703,2.604556472600028,1.1598240117641672
86.0,252.0,1225.9150390625,-3.331608506416728,1.4776752596468778,1.735005102395289,1.8720456996451629,0.7844765456944707,-1.3382471764890085,-1.08325567926894,2.122891214815703,2.604556472600028,1.1598240117641672
86.0,252.0,1225.916015625,-3.331554296477341,1.4778114037472865,1.735005102395289,1.872051739414213,0.7852974854991738,-1.338254228390909,-1.083255670481751,2.1228912153233064,2.604556472600028,1.159824000308119
86.0,252.0,1225.916015625,-3.331554296477341,1.4778114037472865,1.735005102395289,1.872051739414213,0.7852974854991738,-1.338254228390909,-1.083255670481751,2.1228912153233064,2.604556472600028,1.159824000308119
86.0,252.0,1225.918212890625,-3.3322397322793567,1.4778034253681291,1.735005102395289,1.872051739414213,0.7853082618775193,-1.3382471764890085,-1.083255622090622,2.122891214815703,2.6062659339732344,1.1598239839738105
86.0,252.0,1225.9183349609375,-3.33223973653758,1.477669997171944,1.735005102395289,1.872051739414213,0.7873058322328381,-1.3382471764890085,-1.0832556792670704,2.122891214815703,2.6062659339732344,1.159824012112957
86.0,252.0,1225.9183349609375,-3.33223973653758,1.477669997171944,1.735005102395289,1.872051739414213,0.7873058322328381,-1.3382471764890085,-1.0832556792670704,2.122891214815703,2.6062659339732344,1.159824012112957
86.0,252.0,1225.920654296875,-3.33223973653758,1.477669704845092,1.735005102395289,1.872051739414213,0.7844765456944707,-1.3382471764890085,-1.08325567926894,2.122891214815703,2.604556472600028,1.1598240117641672
86.0,252.0,1225.920654296875,-3.33223973653758,1.477669704845092,1.735005102395289,1.872051739414213,0.7844765456944707,-1.3382471764890085,-1.08325567926894,2.122891214815703,2.604556472600028,1.1598240117641672
86.0,252.0,1225.920654296875,-3.33223973653758,1.477669704845092,1.735005102395289,1.872051739414213,0.7844765456944707,-1.3382471764890085,-1.08325567926894,2.122891214815703,2.604556472600028,1.1598240117641672
86.0,252.0,1225.9207763671875,-3.33223973653758,1.477670002982499,1.735005102395289,1.872051739414213,0.7844765456944707,-1.3382471764890085,-1.08325567926894,2.122891214660424,2.6045277618151528,1.1598240121436436
86.0,252.0,1225.9208984375,-3.332265795369532,1.4776701419268572,1.735005102395289,1.8720520229811293,0.7844765456944707,-1.3382471764890085,-1.08325567926894,2.122891214815703,2.604556472600028,1.1598240117641672
86.0,252.0,1225.931396484375,-3.3315545227595864,1.477669997171944,1.743618698893083,1.872051739414213,0.7937503634606278,-1.3382471764890085,-1.0832551835836244,2.122891227386501,2.6062659339732344,1.1598240121424943
86.0,252.0,1225.936279296875,-3.331561392597508,1.477669997171944,1.735005102395289,1.872051739414213,0.7937464036488309,-1.3382452706817338,-1.0832551835836244,2.12289122723944,2.606266605819469,1.159824012406417
86.0,252.0,1225.9364013671875,-3.331561392597508,1.477669997171944,1.735005102395289,1.872051739414213,0.7937503619404951,-1.3382471764890085,-1.0832551835836244,2.1228912273689984,2.6062659339732344,1.1598240121424943
86.0,252.0,1225.9364013671875,-3.331561392597508,1.477669997171944,1.735005102395289,1.872051739414213,0.7937503619404951,-1.3382471764890085,-1.0832552425783928,2.1228912273689984,2.6062659339732344,1.1598240121424943
86.0,252.0,1225.9365234375,-3.331561392597508,1.477669997171944,1.735005102395289,1.872051739414213,0.7937503822756994,-1.3382471764890085,-1.0832552398892596,2.122891226865722,2.6062659339732344,1.1598240117641672
86.0,252.0,1225.9365234375,-3.331561392597508,1.477669997171944,1.735005102395289,1.872051739414213,0.7937503822756994,-1.3382471764890085,-1.0832552398892596,2.122891226865722,2.6062659339732344,1.1598240117641672
86.0,252.0,1225.9366455078125,-3.331561392597508,1.477669997171944,1.735005102395289,1.872051739414213,0.7937503822756994,-1.3382471764890085,-1.083255240600897,2.1228912155344086,2.6060822503435066,1.1598240117641672
86.0,252.0,1225.936767578125,-3.3315564884963464,1.4778114037472865,1.735005102395289,1.872051739414213,0.7934156450703519,-1.338254228390909,-1.083255670481751,2.1228912153233064,2.6060812383067096,1.159824011764207
86.0,252.0,1225.9395751953125,-3.331554296477341,1.4775861632588907,1.735005102395289,1.872051739414213,0.7937357945174388,-1.338254228390909,-1.083255670481751,2.1228912153233064,2.604556472600028,1.159824000308119
86.0,252.0,1225.941162109375,-3.3315513011756392,1.4778104658883962,1.735005102395289,1.871957553182731,0.7935379063601538,-1.338254228390909,-1.0832556787986216,2.122891215321883,2.604556472600028,1.1598435805731606
86.0,252.0,1225.94140625,-3.3322392667427376,1.477670071694289,1.735005102395289,1.872051739414213,0.7937465610034593,-1.3381991943274776,-1.0832556810853904,2.1228912123610986,2.606397548424252,1.1598240891602465
86.0,252.0,1225.94140625,-3.3322392667427376,1.477670071694289,1.735005102395289,1.872051739414213,0.7937465610034593,-1.3381991943274776,-1.0832556810853904,2.1228912123610986,2.606397548424252,1.1598240891602465
86.0,252.0,1225.9415283203125,-3.3322392667427376,1.477670071694289,1.735005102395289,1.872051739414213,0.7937505192951235,-1.3382011001347525,-1.0832556810853904,2.1228912124906576,2.606396876578018,1.1598240888963238
86.0,252.0,1225.941650390625,-3.332239741259225,1.4775708508217806,1.735005102395289,1.872051739414213,0.7937504213171295,-1.3382471764890085,-1.0832556840901968,2.122891211361721,2.6066401429987,1.1598221850181507
86.0,252.0,1225.942138671875,-3.3322394456189137,1.4775781848797336,1.735005102395289,1.872051739414213,0.7937465795436341,-1.3382471764890085,-1.0832556810853904,2.122891214815703,2.6062659339732344,1.1598239839738105
86.0,252.0,1225.942138671875,-3.3322397322793567,1.4775781848797336,1.735005102395289,1.872051739414213,0.7937465708957845,-1.3382471764890085,-1.0832556810853904,2.122891214815703,2.6062659339732344,1.1598239839738105
86.0,252.0,1225.942138671875,-3.3322397322793567,1.4775781848797336,1.735005102395289,1.872051739414213,0.7937465708957845,-1.3382471764890085,-1.0832556810853904,2.122891214815703,2.6062659339732344,1.1598239839738105
86.0,252.0,1225.942138671875,-3.3322397322793567,1.4775781848797336,1.735005102395289,1.872051739414213,0.7937465708957845,-1.3382471764890085,-1.083255622090622,2.122891214815703,2.6062659339732344,1.1598239839738105
86.0,252.0,1225.942138671875,-3.3322476105339858,1.4775676087888332,1.735005102395289,1.8719554883839664,0.7937762899507201,-1.3382471764890085,-1.08325567926894,2.122891211837548,2.6062659339732344,1.1598420273534316
86.0,252.0,1225.942138671875,-3.332239635637705,1.4775745668012308,1.735005102395289,1.872051739414213,0.7937467845010386,-1.338247262751704,-1.0832556793423274,2.122891214880903,2.6062638172998,1.159823901508885
86.0,252.0,1225.942138671875,-3.3322397322793567,1.4775781848797336,1.735005102395289,1.872051739414213,0.7937465708957845,-1.3382471764890085,-1.0832556810853904,2.122891214815703,2.6062659339732344,1.1598239839738105
86.0,252.0,1225.9425048828125,-3.3322476105339858,1.4775676087888332,1.735005102395289,1.8720521360960047,0.7937797933499332,-1.3382471764890085,-1.08325567926894,2.122891211837548,2.6062659339732344,1.159842526248822
86.0,252.0,1225.943115234375,-3.332239741259225,1.477669997171944,1.735005102395289,1.872051739414213,0.7937504213171295,-1.3382471764890085,-1.0832556840901968,2.122891226764235,2.6066401429987,1.1598240791254244
86.0,252.0,1225.943115234375,-3.332239741259225,1.477669997171944,1.735005102395289,1.872051739414213,0.7937504213171295,-1.3382471764890085,-1.0832556840901968,2.122891226764235,2.6066401429987,1.1598240791254244
86.0,252.0,1225.943115234375,-3.3322173669019555,1.477669997171944,1.735005102395289,1.872051739414213,0.7937466734885306,-1.3382471764890085,-1.0832552425783928,2.1228912273689984,2.6062659339732344,1.1598240121424943
86.0,253.0,1225.59619140625,-3.332238622109474,1.4776752596468778,1.735005102395289,1.872051650449423,0.7844765456944707,-1.3197542676133622,-1.08325567926894,2.122891214815703,2.604556472600028,1.1598240117641672
86.0,253.0,1225.61181640625,-3.331554296477341,1.477658298120457,1.735005102395289,1.872051739414213,0.7852974854991738,-1.3178652953935526,-1.0832556795274608,2.1228912153275523,2.604556472600028,1.159824000308119
86.0,253.0,1225.6212158203125,-3.332239825627818,1.477669997171944,1.735005102395289,1.872051739414213,0.7854672090059707,-1.3176765751821533,-1.0832556795223087,2.122891214820783,2.604741168266553,1.1598240135260405
86.0,253.0,1225.6214599609375,-3.3322375445185752,1.477669997171944,1.735005102395289,1.872051739414213,0.7856285230562977,-1.3176765751821533,-1.08325567926894,2.122891214815703,2.604741168266553,1.1598240003080795
86.0,253.0,1225.6370849609375,-3.3322375445185752,1.477669997171944,1.735005102395289,1.872051739414213,0.7872886667603178,-1.3167597862056506,-1.08325567926894,2.122891214815703,2.604741168266553,1.1598240003080795
86.0,253.0,1225.6959228515625,-3.33223973653758,1.4778193256226928,1.735005102395289,1.872051739414213,0.7935925861514187,-1.3192390446220963,-1.08325567926894,2.122891214747184,2.606411095738182,1.1598240915842633
86.0,253.0,1225.704833984375,-3.33223973653758,1.477669997171944,1.735005102395289,1.872051739414213,0.7937466826274759,-1.3179292904553417,-1.0832556793265449,2.122891214815703,2.6062659339732344,1.1598239994304638
86.0,253.0,1225.705078125,-3.332239739466231,1.477669997171944,1.735005102395289,1.872051739414213,0.7932816848934342,-1.3176765751821533,-1.0832556792884491,2.1228912148208865,2.6062659339732344,1.1598240135694549
86.0,253.0,1225.7059326171875,-3.33223973653758,1.477665288918119,1.735005102395289,1.872051739414213,0.7934115224606794,-1.3176765751821533,-1.08325567926894,2.122891214815703,2.6062659339732344,1.1598240117641672
86.0,253.0,1225.70849609375,-3.33223973653758,1.477669997171944,1.735005102395289,1.872051739414213,0.7937466826274759,-1.3176765751821533,-1.08325567926894,2.122891214815703,2.6062659339732344,1.1598240117641672
86.0,253.0,1225.70849609375,-3.33223973653758,1.477669997171944,1.735005102395289,1.872051739414213,0.7937466826274759,-1.3176765751821533,-1.08325567926894,2.122891214815703,2.6062659339732344,1.1598240117641672
86.0,253.0,1225.70849609375,-3.33223973653758,1.477669997171944,1.735005102395289,1.872051739414213,0.7937466826274759,-1.3176765751821533,-1.08325567926894,2.122891214815703,2.6062659339732344,1.1598240117641672
86.0,253.0,1225.70849609375,-3.332239736411956,1.477669997171944,1.735005102395289,1.872051739414213,0.7937466874603892,-1.3176765751821533,-1.083255679528169,2.122891214820682,2.6062659339732344,1.1598240135261588
86.0,253.0,1225.70849609375,-3.33223973653758,1.477669997171944,1.735005102395289,1.872051739382758,0.7937464283240263,-1.3176765548415772,-1.08325567926894,2.122891214815703,2.6062659339732344,1.1598423262570108
86.0,253.0,1225.70849609375,-3.33223973653758,1.477669997171944,1.735005102395289,1.872051739414213,0.7937466826274759,-1.3176765751821533,-1.08325567926894,2.122891214815703,2.6062659339732344,1.1598240117641672
86.0,253.0,1225.70849609375,-3.332237455302713,1.477669997171944,1.735005102395289,1.872051739414213,0.7937402695891954,-1.317676575810678,-1.0832556792690244,2.1228912148157035,2.6062659339732344,1.1598240003081983
86.0,253.0,1225.70849609375,-3.33223973653758,1.4776658830963214,1.735005102395289,1.872051739384127,0.7937554568709008,-1.3176765548415772,-1.08325567926894,2.122891214815703,2.6062659339732344,1.1598423262570108
86.0,253.0,1225.708740234375,-3.332237455302713,1.477669997171944,1.735005102395289,1.872051739414213,0.7937387674500993,-1.3176587567477411,-1.0832556792749422,2.122891214815602,2.6062659339732344,1.1598240003081983
86.0,253.0,1225.7088623046875,-3.3323509737616543,1.477669997171944,1.735005102395289,1.872051739414213,0.7937466826274759,-1.3176765751821533,-1.08325567926894,2.122891215078417,2.6062659339732344,1.1598240117641672
86.0,253.0,1225.709228515625,-3.33223973653758,1.477669997171944,1.735005102395289,1.872051739382758,0.7937464283240263,-1.3176325824034825,-1.08325567926894,2.122891214815703,2.6062659339732344,1.1598423262570108
86.0,253.0,1225.709716796875,-3.332237455302713,1.477669997171944,1.735005102395289,1.872051739414213,0.7939080015107163,-1.3176765751821533,-1.0832556792748005,2.1228912148156023,2.6062659339732344,1.1598240003081983
86.0,253.0,1225.7115478515625,-3.33223973653758,1.4778150532332248,1.735005102395289,1.872051739414213,0.7935925861514187,-1.3176765751821533,-1.08325567926894,2.122891214815703,2.6062659339732344,1.1598240117641672
86.0,253.0,1225.711669921875,-3.33223973653758,1.4778191673088474,1.735005102395289,1.872051739412844,0.7935835576045441,-1.3176765751821533,-1.08325567926894,2.122891214815703,2.6062659339732344,1.1598240117641672
86.0,253.0,1225.71240234375,-3.33223973653758,1.477669997171944,1.735005102395289,1.872051739382758,0.7937465861794103,-1.317429606169145,-1.0832556792533443,2.122891214815703,2.6062659339732344,1.1598423262570108
86.0,253.0,1225.71337890625,-3.33223973653758,1.477669997171944,1.735005102395289,1.872051739382758,0.7939158202400272,-1.3174474246035572,-1.0832556792532029,2.122891214815703,2.6062659339732344,1.1598423262570108
86.0,253.0,1225.863037109375,-3.331609620844834,1.477669997171944,1.735005102395289,1.872045788578498,0.7937464283240263,-1.3361254912791285,-1.08325567926894,2.122891214815703,2.6062659339732344,1.1598423262570108
86.0,253.0,1225.911376953125,-3.331561392597508,1.477669997171944,1.735005102395289,1.872051739414213,0.7852069857491675,-1.3382471764890085,-1.0832552398892596,2.12289121502428,2.6062659339732344,1.1598240117641672
86.0,253.0,1225.9150390625,-3.331608506416728,1.4776752596468778,1.735005102395289,1.8720456996451629,0.7844765456944707,-1.3382471764890085,-1.08325567926894,2.122891214815703,2.604556472600028,1.1598240117641672
86.0,253.0,1225.9150390625,-3.331608506416728,1.4776752596468778,1.735005102395289,1.8720456996451629,0.7844765456944707,-1.3382471764890085,-1.08325567926894,2.122891214815703,2.604556472600028,1.1598240117641672
86.0,253.0,1225.916015625,-3.331554296477341,1.4778114037472865,1.735005102395289,1.872051739414213,0.7852974854991738,-1.338254228390909,-1.083255670481751,2.1228912153233064,2.604556472600028,1.159824000308119
86.0,253.0,1225.916015625,-3.331554296477341,1.4778114037472865,1.735005102395289,1.872051739414213,0.7852974854991738,-1.338254228390909,-1.083255670481751,2.1228912153233064,2.604556472600028,1.159824000308119
86.0,253.0,1225.9161376953125,-3.331554296477341,1.477810524082798,1.735005102395289,1.872051739414213,0.784494657386793,-1.338254228390909,-1.083255670481751,2.1228912148112205,2.604556472600028,1.159824000308119
86.0,253.0,1225.918212890625,-3.3322397322793567,1.4778034253681291,1.735005102395289,1.872051739414213,0.7853082618775193,-1.3382471764890085,-1.083255622090622,2.122891214815703,2.6062659339732344,1.1598239839738105
86.0,253.0,1225.918212890625,-3.3322397323078485,1.4778034253681291,1.735005102395289,1.872051739414213,0.7853082618775193,-1.3382471764890085,-1.083255622090622,2.122891214815703,2.6062659339732344,1.1598239839738105
86.0,253.0,1225.918212890625,-3.33223973653758,1.4776684147628751,1.735005102395289,1.872051739414213,0.7873058322328381,-1.3382471764890085,-1.0832556705328609,2.122891214815703,2.6063048080812794,1.159824012112957
86.0,253.0,1225.9183349609375,-3.33223973653758,1.477669997171944,1.735005102395289,1.872051739414213,0.7873058322328381,-1.3382471764890085,-1.0832556792670704,2.122891214815703,2.6062659339732344,1.159824012112957
86.0,253.0,1225.9183349609375,-3.33223973653758,1.477669997171944,1.735005102395289,1.872051739414213,0.7873058322328381,-1.3382471764890085,-1.0832556792670704,2.122891214815703,2.6062659339732344,1.159824012112957
86.0,253.0,1225.920654296875,-3.33223973653758,1.477669704845092,1.735005102395289,1.872051739414213,0.7844765456944707,-1.3382471764890085,-1.08325567926894,2.122891214815703,2.604556472600028,1.1598240117641672
86.0,253.0,1225.920654296875,-3.33223973653758,1.477669704845092,1.735005102395289,1.872051739414213,0.7844765456944707,-1.3382471764890085,-1.08325567926894,2.122891214815703,2.604556472600028,1.1598240117641672
86.0,253.0,1225.920654296875,-3.33223973653758,1.477669704845092,1.735005102395289,1.872051739414213,0.7844765456944707,-1.3382471764890085,-1.08325567926894,2.122891214815703,2.604556472600028,1.1598240117641672
86.0,253.0,1225.9207763671875,-3.33223973653758,1.477670002982499,1.735005102395289,1.872051739414213,0.7844765456944707,-1.3382471764890085,-1.08325567926894,2.122891214660424,2.6045277618151528,1.1598240121436436
86.0,253.0,1225.9208984375,-3.332265795369532,1.4776701419268572,1.735005102395289,1.8720520229811293,0.7844765456944707,-1.3382471764890085,-1.08325567926894,2.122891214815703,2.604556472600028,1.1598240117641672
86.0,253.0,1225.9208984375,-3.33223973653758,1.4776742966214662,1.735005102395289,1.872051739414213,0.7844765456944707,-1.3382471764890085,-1.08325567926894,2.122891214815703,2.60449555333832,1.1598240117641672
86.0,253.0,1225.931396484375,-3.3315545227595864,1.477669997171944,1.743618698893083,1.872051739414213,0.7937503634606278,-1.3382471764890085,-1.0832551835836244,2.122891227386501,2.6062659339732344,1.1598240121424943
86.0,253.0,1225.93310546875,-3.332349654797037,1.477669997171944,1.735005102395289,1.872051739414213,0.7939813746880022,-1.3379010432791056,-1.08325567926894,2.122891215078417,2.6062659339732344,1.1598240117641672
86.0,253.0,1225.936279296875,-3.331561392597508,1.477669997171944,1.735005102395289,1.872051739414213,0.7937464036488309,-1.3382452706817338,-1.0832551835836244,2.12289122723944,2.606266605819469,1.159824012406417
86.0,253.0,1225.9364013671875,-3.331561392597508,1.477669997171944,1.735005102395289,1.872051739414213,0.7937503619404951,-1.3382471764890085,-1.0832551835836244,2.1228912273689984,2.6062659339732344,1.1598240121424943
86.0,253.0,1225.9364013671875,-3.331561392597508,1.477669997171944,1.735005102395289,1.872051739414213,0.7937503619404951,-1.3382471764890085,-1.0832552425783928,2.1228912273689984,2.6062659339732344,1.1598240121424943
86.0,253.0,1225.9365234375,-3.331561392597508,1.477669997171944,1.735005102395289,1.872051739414213,0.7937503822756994,-1.3382471764890085,-1.0832552398892596,2.122891226865722,2.6062659339732344,1.1598240117641672
86.0,253.0,1225.9365234375,-3.331561392597508,1.477669997171944,1.735005102395289,1.872051739414213,0.7937503822756994,-1.3382471764890085,-1.0832552398892596,2.122891226865722,2.6062659339732344,1.1598240117641672
86.0,254.0,1225.59619140625,-3.332238622109474,1.4776752596468778,1.735005102395289,1.872051650449423,0.7844765456944707,-1.3197542676133622,-1.08325567926894,2.122891214815703,2.604556472600028,1.1598240117641672
86.0,254.0,1225.59619140625,-3.332238622109474,1.4776752596468778,1.735005102395289,1.8720517402360093,0.7844765456944707,-1.3197542676133622,-1.08325567926894,2.122891214815703,2.604556472600028,1.1598240117641672
86.0,254.0,1225.61181640625,-3.331554296477341,1.477658298120457,1.735005102395289,1.872051739414213,0.7852974854991738,-1.3178652953935526,-1.0832556795274608,2.1228912153275523,2.604556472600028,1.159824000308119
86.0,254.0,1225.61181640625,-3.331554296477341,1.477658298120457,1.735005102395289,1.872051739414213,0.7852974854991738,-1.3178652953935526,-1.0832556795274608,2.1228912153275523,2.604556472600028,1.159824000308119
86.0,254.0,1225.6212158203125,-3.332239825627818,1.477669997171944,1.735005102395289,1.872051739414213,0.7854672090059707,-1.3176765751821533,-1.0832556795223087,2.122891214820783,2.604741168266553,1.1598240135260405
86.0,254.0,1225.6214599609375,-3.3322375445185752,1.477669997171944,1.735005102395289,1.872051739414213,0.7856285230562977,-1.3176765751821533,-1.08325567926894,2.122891214815703,2.604741168266553,1.1598240003080795
86.0,254.0,1225.6214599609375,-3.332239826547056,1.477669997171944,1.735005102395289,1.872051739414213,0.7856284604657975,-1.3176765751821533,-1.0832556795223087,2.122891214820783,2.604741168266553,1.1598240116401906
86.0,254.0,1225.6346435546875,-3.332239770115504,1.477669997171944,1.735005102395289,1.8720517393846845,0.7874978250607941,-1.3167597862056506,-1.08325567926894,2.122891214815703,2.604650832436444,1.1598240003080795
86.0,254.0,1225.6370849609375,-3.3322375445185752,1.477669997171944,1.735005102395289,1.872051739414213,0.7872886667603178,-1.3167597862056506,-1.08325567926894,2.122891214815703,2.604741168266553,1.1598240003080795
86.0,254.0,1225.6453857421875,-3.332237455302713,1.477669997171944,1.735005102395289,1.872051739414213,0.7846780085864582,-1.3199256198867326,-1.0832556792748005,2.1228912148156023,2.6062659339732344,1.159824000848318
86.0,254.0,1225.65478515625,-3.332238622109474,1.4776752596468778,1.735005102395289,1.872051650449423,0.7937065386187288,-1.3175052229087827,-1.08325567926894,2.122891214815703,2.604556472600028,1.1598240112240472
86.0,254.0,1225.6583251953125,-3.3322375445185752,1.4778171162351703,1.735005102395289,1.872051739414213,0.7929815955599738,-1.3175700271791206,-1.08325567926894,2.122891214815703,2.604741168266553,1.1598240000349314
86.0,254.0,1225.6912841796875,-3.3322397364122134,1.4778193256226928,1.735005102395289,1.872051739414213,0.7935925861514187,-1.3192390446220963,-1.0832556792750898,2.122891214824877,2.6062647958436886,1.159824014366791
86.0,254.0,1225.6959228515625,-3.33223973653758,1.4778193256226928,1.735005102395289,1.872051739414213,0.7935925861514187,-1.3192390446220963,-1.08325567926894,2.122891214747184,2.606411095738182,1.1598240915842633
86.0,254.0,1225.6961669921875,-3.33223973653758,1.4778193256226928,1.735005102395289,1.872051739414213,0.7935920542355511,-1.3192135314152384,-1.08325567926894,2.1228912148140835,2.606411095738182,1.1598422544541662
86.0,254.0,1225.704833984375,-3.33223973653758,1.477669997171944,1.735005102395289,1.872051739414213,0.7937466826274759,-1.3179292904553417,-1.0832556793265449,2.122891214815703,2.6062659339732344,1.1598239994304638
86.0,254.0,1225.705078125,-3.332239739466231,1.477669997171944,1.735005102395289,1.872051739414213,0.7932816848934342,-1.3176765751821533,-1.0832556792884491,2.1228912148208865,2.6062659339732344,1.1598240135694549
86.0,254.0,1225.7059326171875,-3.33223973653758,1.477665288918119,1.735005102395289,1.872051739414213,0.7934115224606794,-1.3176765751821533,-1.08325567926894,2.122891214815703,2.6062659339732344,1.1598240117641672
86.0,254.0,1225.70654296875,-3.3323537650052275,1.477669997171944,1.735005102395289,1.872051739414213,0.7934295718115826,-1.3176765751821533,-1.08325567926894,2.1228912148385994,2.6062659339732344,1.1598240117641672
86.0,254.0,1225.7081298828125,-3.33223973653758,1.4776658830963214,1.735005102395289,1.872051739384127,0.7937559887867683,-1.317702068048435,-1.08325567926894,2.122891214748804,2.6062659339732344,1.159824163387108
86.0,254.0,1225.708251953125,-3.3322369452940075,1.477665288918119,1.735005102395289,1.872051739414213,0.7937286332765728,-1.3176765751821533,-1.08325567926894,2.122891215055521,2.6062659339732344,1.1598240117641672
86.0,254.0,1225.7083740234375,-3.33223973653758,1.477669997171944,1.735005102395289,1.872051739414213,0.7937466826274759,-1.3176920201498576,-1.0832556792600874,2.122891214815703,2.6062659339732344,1.1598240116241825
86.0,254.0,1225.70849609375,-3.33223973653758,1.477669997171944,1.735005102395289,1.872051739414213,0.7937466826274759,-1.3176765751821533,-1.08325567926894,2.122891214815703,2.6062659339732344,1.1598240117641672
86.0,254.0,1225.70849609375,-3.33223973653758,1.477669997171944,1.735005102395289,1.872051739414213,0.7937466826274759,-1.3176765751821533,-1.08325567926894,2.122891214815703,2.6062659339732344,1.1598240117641672
86.0,254.0,1225.70849609375,-3.33223973653758,1.477669997171944,1.735005102395289,1.872051739414213,0.7937466826274759,-1.3176765751821533,-1.08325567926894,2.122891214815703,2.6062659339732344,1.1598240117641672
86.0,254.0,1225.70849609375,-3.332239736411956,1.477669997171944,1.735005102395289,1.872051739414213,0.7937466874603892,-1.3176765751821533,-1.083255679528169,2.122891214820682,2.6062659339732344,1.1598240135261588
86.0,254.0,1225.70849609375,-3.33223973653758,1.477669997171944,1.735005102395289,1.872051739382758,0.7937464283240263,-1.3176765548415772,-1.08325567926894,2.122891214815703,2.6062659339732344,1.1598423262570108
86.0,254.0,1225.70849609375,-3.33223973653758,1.477669997171944,1.735005102395289,1.872051739414213,0.7937466826274759,-1.3176765751821533,-1.08325567926894,2.122891214815703,2.6062659339732344,1.1598240117641672
86.0,254.0,1225.70849609375,-3.332237455302713,1.477669997171944,1.735005102395289,1.872051739414213,0.7937402695891954,-1.317676575810678,-1.0832556792690244,2.1228912148157035,2.6062659339732344,1.1598240003081983
86.0,254.0,1225.70849609375,-3.33223973653758,1.4776658830963214,1.735005102395289,1.872051739384127,0.7937554568709008,-1.3176765548415772,-1.08325567926894,2.122891214815703,2.6062659339732344,1.1598423262570108
86.0,254.0,1225.70849609375,-3.332237455302713,1.477669997171944,1.735005102395289,1.872051739414213,0.7937402695891954,-1.317676575810678,-1.0832556792690244,2.1228912148157035,2.6062659339732344,1.1598240003081983
86.0,254.0,1225.70849609375,-3.332237455302713,1.477669997171944,1.735005102395289,1.8720517393845784,0.7937402695891954,-1.317676575810678,-1.0832556792690244,2.1228912148157035,2.6062659339732344,1.1598427416010886
86.0,254.0,1225.708740234375,-3.332237455302713,1.477669997171944,1.735005102395289,1.872051739414213,0.7937387674500993,-1.3176587567477411,-1.0832556792749422,2.122891214815602,2.6062659339732344,1.1598240003081983
86.0,254.0,1225.7088623046875,-3.3323509737616543,1.477669997171944,1.735005102395289,1.872051739414213,0.7937466826274759,-1.3176765751821533,-1.08325567926894,2.122891215078417,2.6062659339732344,1.1598240117641672
86.0,254.0,1225.709228515625,-3.33223973653758,1.477669997171944,1.735005102395289,1.872051739382758,0.7937464283240263,-1.3176325824034825,-1.08325567926894,2.122891214815703,2.6062659339732344,1.1598423262570108
86.0,254.0,1225.709716796875,-3.332237455302713,1.477669997171944,1.735005102395289,1.872051739414213,0.7939080015107163,-1.3176765751821533,-1.0832556792748005,2.1228912148156023,2.6062659339732344,1.1598240003081983
86.0,254.0,1225.7100830078125,-3.332237510940653,1.4776658830963214,1.735005102395289,1.8720517394136555,0.7935462985704244,-1.3176765548415772,-1.08325567926894,2.122891214815703,2.606356269803343,1.1598423262570108
86.0,254.0,1225.7115478515625,-3.33223973653758,1.4778150532332248,1.735005102395289,1.872051739414213,0.7935925861514187,-1.3176765751821533,-1.08325567926894,2.122891214815703,2.6062659339732344,1.1598240117641672
86.0,254.0,1225.711669921875,-3.33223973653758,1.4778191673088474,1.735005102395289,1.872051739412844,0.7935835576045441,-1.3176765751821533,-1.08325567926894,2.122891214815703,2.6062659339732344,1.1598240117641672
86.0,254.0,1225.7122802734375,-3.33223973653758,1.477669997171944,1.735005102395289,1.872051739382758,0.7937371431958493,-1.317429506335814,-1.0832556792531982,2.122891214815703,2.6062659339732344,1.1598423262570108
86.0,254.0,1225.71240234375,-3.33223973653758,1.477669997171944,1.735005102395289,1.872051739382758,0.7937465861794103,-1.317429606169145,-1.0832556792533443,2.122891214815703,2.6062659339732344,1.1598423262570108
86.0,254.0,1225.71337890625,-3.33223973653758,1.477669997171944,1.735005102395289,1.872051739382758,0.7939158202400272,-1.3174474246035572,-1.0832556792532029,2.122891214815703,2.6062659339732344,1.1598423262570108
86.0,254.0,1225.71337890625,-3.33223973653758,1.477669997171944,1.735005102395289,1.872051739382758,0.7939252632235883,-1.3174475244368882,-1.0832556792533488,2.122891214815703,2.6062659339732344,1.1598423262570108
86.0,254.0,1225.71337890625,-3.33223973653758,1.477669997171944,1.735005102395289,1.8720517394123923,0.7939158202400272,-1.3174474246035572,-1.0832556792532029,2.122891214815703,2.6062659339732344,1.1598235849641207
86.0,254.0,1225.7164306640625,-3.3315111533686315,1.4778150532332248,1.735005102395289,1.872051739414213,0.7936171532675365,-1.3172737262594465,-1.0832556794837038,2.1228912148112307,2.6062659339732344,1.1598240117641672
86.0,254.0,1225.863037109375,-3.331609620844834,1.477669997171944,1.735005102395289,1.872045788578498,0.7937464283240263,-1.3361254912791285,-1.08325567926894,2.122891214815703,2.6062659339732344,1.1598423262570108
86.0,254.0,1225.911376953125,-3.331561392597508,1.477669997171944,1.735005102395289,1.872051739414213,0.7852069857491675,-1.3382471764890085,-1.0832552398892596,2.12289121502428,2.6062659339732344,1.1598240117641672
86.0,254.0,1225.9150390625,-3.331608506416728,1.4776752596468778,1.735005102395289,1.8720456996451629,0.7844765456944707,-1.3382471764890085,-1.08325567926894,2.122891214815703,2.604556472600028,1.1598240117641672
86.0,254.0,1225.9150390625,-3.331608506416728,1.4776752596468778,1.735005102395289,1.8720456996451629,0.7844765456944707,-1.3382471764890085,-1.08325567926894,2.122891214815703,2.604556472600028,1.1598240117641672
86.0,254.0,1225.916015625,-3.331554296477341,1.4778114037472865,1.735005102395289,1.872051739414213,0.7852974854991738,-1.338254228390909,-1.083255670481751,2.1228912153233064,2.604556472600028,1.159824000308119
86.0,255.0,1225.59619140625,-3.332238622109474,1.4776752596468778,1.735005102395289,1.872051650449423,0.7844765456944707,-1.3197542676133622,-1.08325567926894,2.122891214815703,2.604556472600028,1.1598240117641672
86.0,255.0,1225.59619140625,-3.332238622109474,1.4776752596468778,1.735005102395289,1.8720517402360093,0.7844765456944707,-1.3197542676133622,-1.08325567926894,2.122891214815703,2.604556472600028,1.1598240117641672
86.0,255.0,1225.6026611328125,-3.332238567724398,1.4776751481204171,1.735005102395289,1.8720517402360093,0.7857408867691562,-1.3197542676133622,-1.0832556792661563,2.1228912148207093,2.604740825789184,1.159824011751035
86.0,255.0,1225.61181640625,-3.331554296477341,1.477658298120457,1.735005102395289,1.872051739414213,0.7852974854991738,-1.3178652953935526,-1.0832556795274608,2.1228912153275523,2.604556472600028,1.159824000308119
86.0,255.0,1225.61181640625,-3.331554296477341,1.477658298120457,1.735005102395289,1.872051739414213,0.7852974854991738,-1.3178652953935526,-1.0832556795274608,2.1228912153275523,2.604556472600028,1.159824000308119
86.0,255.0,1225.6165771484375,-3.332262894216296,1.4778154170235138,1.735005102395289,1.872051739414213,0.7852974854991738,-1.3178652953935526,-1.0832556795581598,2.1228912153170194,2.604556472600028,1.159824000308119
86.0,255.0,1225.6212158203125,-3.332239825627818,1.477669997171944,1.735005102395289,1.872051739414213,0.7854672090059707,-1.3176765751821533,-1.0832556795223087,2.122891214820783,2.604741168266553,1.1598240135260405
86.0,255.0,1225.6214599609375,-3.3322375445185752,1.477669997171944,1.735005102395289,1.872051739414213,0.7856285230562977,-1.3176765751821533,-1.08325567926894,2.122891214815703,2.604741168266553,1.1598240003080795
86.0,255.0,1225.6214599609375,-3.332239826547056,1.477669997171944,1.735005102395289,1.872051739414213,0.7856284604657975,-1.3176765751821533,-1.0832556795223087,2.122891214820783,2.604741168266553,1.1598240116401906
86.0,255.0,1225.6346435546875,-3.332239770115504,1.477669997171944,1.735005102395289,1.8720517393846845,0.7874978250607941,-1.3167597862056506,-1.08325567926894,2.122891214815703,2.604650832436444,1.1598240003080795
86.0,255.0,1225.6365966796875,-3.332238622109474,1.477674936270226,1.735005102395289,1.872051650449423,0.7940739080672203,-1.3196697019420758,-1.0832556792689467,2.122891214815703,2.604556472600028,1.1598240118333436
86.0,255.0,1225.6370849609375,-3.3322375445185752,1.477669997171944,1.735005102395289,1.872051739414213,0.7872886667603178,-1.3167597862056506,-1.08325567926894,2.122891214815703,2.604741168266553,1.1598240003080795
86.0,255.0,1225.637939453125,-3.3322376287321376,1.477669997171944,1.735005102395289,1.872051739414213,0.7872886667603178,-1.3167041964684365,-1.083255679249764,2.122891214815703,2.604741168266553,1.1598240136745914
86.0,255.0,1225.6453857421875,-3.332237455302713,1.477669997171944,1.735005102395289,1.872051739414213,0.7846780085864582,-1.3199256198867326,-1.0832556792748005,2.1228912148156023,2.6062659339732344,1.159824000848318
86.0,255.0,1225.65478515625,-3.332238622109474,1.4776752596468778,1.735005102395289,1.872051650449423,0.7937065386187288,-1.3175052229087827,-1.08325567926894,2.122891214815703,2.604556472600028,1.1598240112240472
86.0,255.0,1225.6583251953125,-3.3322375445185752,1.4778171162351703,1.735005102395289,1.872051739414213,0.7929815955599738,-1.3175700271791206,-1.08325567926894,2.122891214815703,2.604741168266553,1.1598240000349314
86.0,255.0,1225.664306640625,-3.332239770115504,1.477669997171944,1.735005102395289,1.8720517393846845,0.7737371028212255,-1.3167597862056506,-1.08325567926894,2.122891214815703,2.604650832436444,1.1598240003080795
86.0,255.0,1225.669189453125,-3.3322373826320493,1.477669997171944,1.735005102395289,1.872051739414213,0.7846780085864582,-1.3178273309608493,-1.0832556792688943,2.1228912148157035,2.6062659339732344,1.159824012062597
86.0,255.0,1225.669921875,-3.332237455302713,1.4776703205485957,1.735005102395289,1.872051739414213,0.7841429072164459,-1.3177611414819643,-1.0832556792690178,2.1228912148157035,2.6062659339732344,1.1598240002390217
86.0,255.0,1225.6827392578125,-3.3322398092082435,1.477669997171944,1.735005102395289,1.872051739414213,0.7937466826274759,-1.3197748641080365,-1.0832556792748458,2.1228912148156014,2.6062659339732344,1.159824000549888
86.0,255.0,1225.6884765625,-3.33223973653758,1.477669997171944,1.735005102395289,1.872051739414213,0.7937466826274759,-1.319205492621328,-1.0832556792600874,2.122891214815703,2.606261966011827,1.1598240116241825
86.0,255.0,1225.6903076171875,-3.331584838161928,1.4778193256226928,1.735005102395289,1.872051739414213,0.7935925861514187,-1.3192390446220963,-1.0832556792750898,2.122891214824877,2.606293952749098,1.1598240148227963
86.0,255.0,1225.6912841796875,-3.3322397364122134,1.4778193256226928,1.735005102395289,1.872051739414213,0.7935925861514187,-1.3192390446220963,-1.0832556792750898,2.122891214824877,2.6062647958436886,1.159824014366791
86.0,255.0,1225.695068359375,-3.332237572536692,1.4778193256226928,1.735005102395289,1.872051739414213,0.7935925861514187,-1.3193132005548576,-1.08325567926894,2.12289121474715,2.606411095738182,1.159824000343035
86.0,255.0,1225.6959228515625,-3.33223973653758,1.4778193256226928,1.735005102395289,1.872051739414213,0.7935925861514187,-1.3192390446220963,-1.08325567926894,2.122891214747184,2.606411095738182,1.1598240915842633
86.0,255.0,1225.6961669921875,-3.33223973653758,1.4778193256226928,1.735005102395289,1.872051739414213,0.7935920542355511,-1.3192135314152384,-1.08325567926894,2.1228912148140835,2.606411095738182,1.1598422544541662
86.0,255.0,1225.704833984375,-3.33223973653758,1.477669997171944,1.735005102395289,1.872051739414213,0.7937466826274759,-1.3179292904553417,-1.0832556793265449,2.122891214815703,2.6062659339732344,1.1598239994304638
86.0,255.0,1225.705078125,-3.332239739466231,1.477669997171944,1.735005102395289,1.872051739414213,0.7932816848934342,-1.3176765751821533,-1.0832556792884491,2.1228912148208865,2.6062659339732344,1.1598240135694549
86.0,255.0,1225.7054443359375,-3.3315311387986264,1.477657934330168,1.735005102395289,1.872051739414213,0.7935925861514187,-1.3176765751821533,-1.083255679238241,2.122891214826236,2.6062659339732344,1.1598240117641672
86.0,255.0,1225.7059326171875,-3.33223973653758,1.477665288918119,1.735005102395289,1.872051739414213,0.7934115224606794,-1.3176765751821533,-1.08325567926894,2.122891214815703,2.6062659339732344,1.1598240117641672
86.0,255.0,1225.70654296875,-3.3323537650052275,1.477669997171944,1.735005102395289,1.872051739414213,0.7934295718115826,-1.3176765751821533,-1.08325567926894,2.1228912148385994,2.6062659339732344,1.1598240117641672
86.0,255.0,1225.7081298828125,-3.33223973653758,1.4776658830963214,1.735005102395289,1.872051739384127,0.7937559887867683,-1.317702068048435,-1.08325567926894,2.122891214748804,2.6062659339732344,1.159824163387108
86.0,255.0,1225.708251953125,-3.3322369452940075,1.477665288918119,1.735005102395289,1.872051739414213,0.7937286332765728,-1.3176765751821533,-1.08325567926894,2.122891215055521,2.6062659339732344,1.1598240117641672
86.0,255.0,1225.708251953125,-3.33223973653758,1.477669997171944,1.735005102395289,1.872051739381632,0.7937373099492518,-1.3176903000442086,-1.0832556792597234,2.122891214815703,2.6062659339732344,1.159824368302229
86.0,255.0,1225.7083740234375,-3.33223973653758,1.477669997171944,1.735005102395289,1.872051739414213,0.7937466826274759,-1.3176920201498576,-1.0832556792600874,2.122891214815703,2.6062659339732344,1.1598240116241825
86.0,255.0,1225.70849609375,-3.33223973653758,1.477669997171944,1.735005102395289,1.872051739414213,0.7937466826274759,-1.3176765751821533,-1.08325567926894,2.122891214815703,2.6062659339732344,1.1598240117641672
86.0,255.0,1225.70849609375,-3.33223973653758,1.477669997171944,1.735005102395289,1.872051739414213,0.7937466826274759,-1.3176765751821533,-1.08325567926894,2.122891214815703,2.6062659339732344,1.1598240117641672
86.0,255.0,1225.70849609375,-3.33223973653758,1.477669997171944,1.735005102395289,1.872051739414213,0.7937466826274759,-1.3176765751821533,-1.08325567926894,2.122891214815703,2.6062659339732344,1.1598240117641672
86.0,255.0,1225.70849609375,-3.332239736411956,1.477669997171944,1.735005102395289,1.872051739414213,0.7937466874603892,-1.3176765751821533,-1.083255679528169,2.122891214820682,2.6062659339732344,1.1598240135261588
86.0,255.0,1225.70849609375,-3.33223973653758,1.477669997171944,1.735005102395289,1.872051739382758,0.7937464283240263,-1.3176765548415772,-1.08325567926894,2.122891214815703,2.6062659339732344,1.1598423262570108
86.0,255.0,1225.70849609375,-3.33223973653758,1.477669997171944,1.735005102395289,1.872051739414213,0.7937466826274759,-1.3176765751821533,-1.08325567926894,2.122891214815703,2.6062659339732344,1.1598240117641672
86.0,255.0,1225.70849609375,-3.332237455302713,1.477669997171944,1.735005102395289,1.872051739414213,0.7937402695891954,-1.317676575810678,-1.0832556792690244,2.1228912148157035,2.6062659339732344,1.1598240003081983
86.0,255.0,1225.70849609375,-3.33223973653758,1.4776658830963214,1.735005102395289,1.872051739384127,0.7937554568709008,-1.3176765548415772,-1.08325567926894,2.122891214815703,2.6062659339732344,1.1598423262570108
86.0,255.0,1225.70849609375,-3.332237455302713,1.477669997171944,1.735005102395289,1.872051739414213,0.7937402695891954,-1.317676575810678,-1.0832556792690244,2.1228912148157035,2.6062659339732344,1.1598240003081983
86.0,255.0,1225.70849609375,-3.332237455302713,1.477669997171944,1.735005102395289,1.8720517393845784,0.7937402695891954,-1.317676575810678,-1.0832556792690244,2.1228912148157035,2.6062659339732344,1.1598427416010886
86.0,255.0,1225.70849609375,-3.33223973653758,1.4776658830963214,1.735005102395289,1.8720517393842293,0.7937554568709008,-1.3176765548415772,-1.08325567926894,2.122891214815703,2.6062659339732344,1.1598237419058428
86.0,255.0,1225.708740234375,-3.332237455302713,1.477669997171944,1.735005102395289,1.872051739414213,0.7937387674500993,-1.3176587567477411,-1.0832556792749422,2.122891214815602,2.6062659339732344,1.1598240003081983
86.0,255.0,1225.7088623046875,-3.3323509737616543,1.477669997171944,1.735005102395289,1.872051739414213,0.7937466826274759,-1.3176765751821533,-1.08325567926894,2.122891215078417,2.6062659339732344,1.1598240117641672
86.0,255.0,1225.7088623046875,-3.3322374566786293,1.477670480129549,1.735005102395289,1.8720517393873188,0.7937383271783698,-1.3176571545411442,-1.0832556792749422,2.1228912148157035,2.6062659339732344,1.159823896120976
86.0,255.0,1225.709228515625,-3.33223973653758,1.477669997171944,1.735005102395289,1.872051739382758,0.7937464283240263,-1.3176325824034825,-1.08325567926894,2.122891214815703,2.6062659339732344,1.1598423262570108
86.0,256.0,1225.59619140625,-3.332238622109474,1.4776752596468778,1.735005102395289,1.872051650449423,0.7844765456944707,-1.3197542676133622,-1.08325567926894,2.122891214815703,2.604556472600028,1.1598240117641672
86.0,256.0,1225.59619140625,-3.332238622109474,1.4776752596468778,1.735005102395289,1.8720517402360093,0.7844765456944707,-1.3197542676133622,-1.08325567926894,2.122891214815703,2.604556472600028,1.1598240117641672
86.0,256.0,1225.59619140625,-3.332238622109474,1.4776749152541129,1.735005102395289,1.872051650449423,0.7845438896712302,-1.3197522424408292,-1.0832556792689467,2.122891214815703,2.604556472600028,1.1598240118333436
86.0,256.0,1225.60009765625,-3.332239770115504,1.477669997171944,1.735005102395289,1.87205173938002,0.7848030125600601,-1.3195691051165723,-1.08325567926894,2.122891214815703,2.604650832436444,1.1598240003080795
86.0,256.0,1225.6024169921875,-3.332238567724398,1.4776702910790334,1.735005102395289,1.8720517402360093,0.7856292379183032,-1.3197542676133622,-1.0832556792661563,2.1228912148206662,2.604740851947098,1.1598239999030788
86.0,256.0,1225.6026611328125,-3.332238567724398,1.4776751481204171,1.735005102395289,1.8720517402360093,0.7857408867691562,-1.3197542676133622,-1.0832556792661563,2.1228912148207093,2.604740825789184,1.159824011751035
86.0,256.0,1225.6103515625,-3.3315225943910645,1.477658298120457,1.735005102395289,1.872051739414213,0.7852974854991738,-1.3178652953935526,-1.0832556792899513,2.1228912153275523,2.604507895476897,1.1598239990458556
86.0,256.0,1225.61181640625,-3.331554296477341,1.477658298120457,1.735005102395289,1.872051739414213,0.7852974854991738,-1.3178652953935526,-1.0832556795274608,2.1228912153275523,2.604556472600028,1.159824000308119
86.0,256.0,1225.61181640625,-3.331554296477341,1.477658298120457,1.735005102395289,1.872051739414213,0.7852974854991738,-1.3178652953935526,-1.0832556795274608,2.1228912153275523,2.604556472600028,1.159824000308119
86.0,256.0,1225.61181640625,-3.331554296477341,1.477658298120457,1.735005102395289,1.872051739414213,0.7852974854991738,-1.3178652953935526,-1.0832556795274608,2.1228912153275523,2.604556472600028,1.159824000308119
86.0,256.0,1225.6165771484375,-3.332262894216296,1.4778154170235138,1.735005102395289,1.872051739414213,0.7852974854991738,-1.3178652953935526,-1.0832556795581598,2.1228912153170194,2.604556472600028,1.159824000308119
86.0,256.0,1225.6165771484375,-3.332262894216296,1.4778154170235138,1.735005102395289,1.872051739414213,0.7852974854991738,-1.3178652953935526,-1.0832556795581598,2.1228912153170194,2.604556472600028,1.159824000308119
86.0,256.0,1225.6170654296875,-3.332262894216296,1.477815450659557,1.735005102395289,1.872051739414213,0.7856380303523441,-1.3178652953935526,-1.0832556795654231,2.1228912147476,2.604556472600028,1.159824000308119
86.0,256.0,1225.619873046875,-3.3322398240849136,1.477665878077259,1.735005102395289,1.8720517393832583,0.7854672090059707,-1.3176765751821533,-1.0832556795212525,2.122891214820783,2.6047009075364964,1.159824018034945
86.0,256.0,1225.6212158203125,-3.332239825627818,1.477669997171944,1.735005102395289,1.872051739414213,0.7854672090059707,-1.3176765751821533,-1.0832556795223087,2.122891214820783,2.604741168266553,1.1598240135260405
86.0,256.0,1225.6214599609375,-3.3322375445185752,1.477669997171944,1.735005102395289,1.872051739414213,0.7856285230562977,-1.3176765751821533,-1.08325567926894,2.122891214815703,2.604741168266553,1.1598240003080795
86.0,256.0,1225.6214599609375,-3.332239826547056,1.477669997171944,1.735005102395289,1.872051739414213,0.7856284604657975,-1.3176765751821533,-1.0832556795223087,2.122891214820783,2.604741168266553,1.1598240116401906
86.0,256.0,1225.631103515625,-3.332238645946654,1.4776696759173666,1.735005102395289,1.872051739414213,0.7872886667603178,-1.3167041964684365,-1.083255679249764,2.122891214815703,2.604537384467097,1.1598240136745914
86.0,256.0,1225.6346435546875,-3.332239770115504,1.477669997171944,1.735005102395289,1.8720517393846845,0.7874978250607941,-1.3167597862056506,-1.08325567926894,2.122891214815703,2.604650832436444,1.1598240003080795
86.0,256.0,1225.6365966796875,-3.332238622109474,1.477674936270226,1.735005102395289,1.872051650449423,0.7940739080672203,-1.3196697019420758,-1.0832556792689467,2.122891214815703,2.604556472600028,1.1598240118333436
86.0,256.0,1225.6370849609375,-3.3322375445185752,1.477669997171944,1.735005102395289,1.872051739414213,0.7872886667603178,-1.3167597862056506,-1.08325567926894,2.122891214815703,2.604741168266553,1.1598240003080795
86.0,256.0,1225.6370849609375,-3.3322375445185752,1.477669997171944,1.735005102395289,1.872051739414213,0.7872886667603178,-1.3167597862056506,-1.08325567926894,2.122891214815703,2.604741168266553,1.1598240003080795
86.0,256.0,1225.6378173828125,-3.3322376287321376,1.477669997171944,1.735005102395289,1.872051739414213,0.7872886667603178,-1.3167051801849416,-1.0832556792509542,2.122891214815703,2.604741168266553,1.1598240136745914
86.0,256.0,1225.637939453125,-3.3322376287321376,1.477669997171944,1.735005102395289,1.872051739414213,0.7872886667603178,-1.3167041964684365,-1.083255679249764,2.122891214815703,2.604741168266553,1.1598240136745914
86.0,256.0,1225.6407470703125,-3.332239719016804,1.4778171162351703,1.735005102395289,1.872051739414213,0.7873858560252823,-1.3167875376906348,-1.08325567926894,2.122891214815703,2.604741168266553,1.1598240000349314
86.0,256.0,1225.6453857421875,-3.332237455302713,1.477669997171944,1.735005102395289,1.872051739414213,0.7846780085864582,-1.3199256198867326,-1.0832556792748005,2.1228912148156023,2.6062659339732344,1.159824000848318
86.0,256.0,1225.6453857421875,-3.332237455302713,1.477669997171944,1.735005102395289,1.872051739459184,0.7844823245968618,-1.3199229119702285,-1.083255679274771,2.1228912148156023,2.6062659339732344,1.1598240006638647
86.0,256.0,1225.646484375,-3.3315888323117084,1.477829012391097,1.735005102395289,1.872051740224993,0.7940533677166498,-1.319241202474162,-1.0832556792661563,2.122891214824883,2.604740825789184,1.159824011751035
86.0,256.0,1225.648193359375,-3.332234573574617,1.4776654613520128,1.735005102395289,1.8720517394252296,0.785280105203925,-1.3197521097612963,-1.0832556792750898,2.122891214820704,2.606293952749098,1.1598240148227963
86.0,256.0,1225.65478515625,-3.332238622109474,1.4776752596468778,1.735005102395289,1.872051650449423,0.7937065386187288,-1.3175052229087827,-1.08325567926894,2.122891214815703,2.604556472600028,1.1598240112240472
86.0,256.0,1225.6583251953125,-3.3322375445185752,1.4778171162351703,1.735005102395289,1.872051739414213,0.7929815955599738,-1.3175700271791206,-1.08325567926894,2.122891214815703,2.604741168266553,1.1598240000349314
86.0,256.0,1225.6583251953125,-3.332239831717432,1.477669997171944,1.735005102395289,1.872051739414106,0.7937402695891954,-1.3176765751959685,-1.0832556792690244,2.1228912148157035,2.6047334146210925,1.1598427416010886
86.0,256.0,1225.6612548828125,-3.332238622109474,1.4776752596468778,1.735005102395289,1.8720517402406749,0.773410635955636,-1.3169449487024405,-1.08325567926894,2.122891214815703,2.604556472600028,1.1598240117641672
86.0,256.0,1225.664306640625,-3.332239770115504,1.477669997171944,1.735005102395289,1.8720517393846845,0.7737371028212255,-1.3167597862056506,-1.08325567926894,2.122891214815703,2.604650832436444,1.1598240003080795
86.0,256.0,1225.664306640625,-3.332239770115504,1.477669997171944,1.735005102395289,1.8720517393846845,0.7737371028212255,-1.3167588024891452,-1.08325567926775,2.122891214815703,2.604650832436444,1.1598240003080795
86.0,256.0,1225.669189453125,-3.3322373826320493,1.477669997171944,1.735005102395289,1.872051739414213,0.7846780085864582,-1.3178273309608493,-1.0832556792688943,2.1228912148157035,2.6062659339732344,1.159824012062597
86.0,256.0,1225.669921875,-3.332237455302713,1.4776703205485957,1.735005102395289,1.872051739414213,0.7841429072164459,-1.3177611414819643,-1.0832556792690178,2.1228912148157035,2.6062659339732344,1.1598240002390217
86.0,256.0,1225.6827392578125,-3.3322398092082435,1.477669997171944,1.735005102395289,1.872051739414213,0.7937466826274759,-1.3197748641080365,-1.0832556792748458,2.1228912148156014,2.6062659339732344,1.159824000549888
86.0,256.0,1225.6884765625,-3.33223973653758,1.477669997171944,1.735005102395289,1.872051739414213,0.7937466826274759,-1.319205492621328,-1.0832556792600874,2.122891214815703,2.606261966011827,1.1598240116241825
86.0,256.0,1225.6903076171875,-3.331584838161928,1.4778193256226928,1.735005102395289,1.872051739414213,0.7935925861514187,-1.3192390446220963,-1.0832556792750898,2.122891214824877,2.606293952749098,1.1598240148227963
86.0,256.0,1225.6912841796875,-3.3322397364122134,1.4778193256226928,1.735005102395289,1.872051739414213,0.7935925861514187,-1.3192390446220963,-1.0832556792750898,2.122891214824877,2.6062647958436886,1.159824014366791
86.0,256.0,1225.695068359375,-3.332237572536692,1.4778193256226928,1.735005102395289,1.872051739414213,0.7935925861514187,-1.3193132005548576,-1.08325567926894,2.12289121474715,2.606411095738182,1.159824000343035
86.0,256.0,1225.6959228515625,-3.33223973653758,1.4778193256226928,1.735005102395289,1.872051739414213,0.7935925861514187,-1.3192390446220963,-1.08325567926894,2.122891214747184,2.606411095738182,1.1598240915842633
86.0,256.0,1225.6959228515625,-3.33223973653758,1.4778193256226928,1.735005102395289,1.872051739414213,0.7935925861514187,-1.3192390446220963,-1.08325567926894,2.122891214747184,2.606411095738182,1.1598240915842633
86.0,256.0,1225.6961669921875,-3.33223973653758,1.4778193256226928,1.735005102395289,1.872051739414213,0.7935920542355511,-1.3192135314152384,-1.08325567926894,2.1228912148140835,2.606411095738182,1.1598422544541662
86.0,256.0,1225.7047119140625,-3.331543307212505,1.4776705928996223,1.735005102395289,1.872051739414213,0.7934444367927321,-1.3176765751821533,-1.08325567926894,2.1228912148385994,2.6062659339732344,1.1598240108273945
86.0,256.0,1225.704833984375,-3.33223973653758,1.477669997171944,1.735005102395289,1.872051739414213,0.7937466826274759,-1.3179292904553417,-1.0832556793265449,2.122891214815703,2.6062659339732344,1.1598239994304638
86.0,256.0,1225.705078125,-3.332239739466231,1.477669997171944,1.735005102395289,1.872051739414213,0.7932816848934342,-1.3176765751821533,-1.0832556792884491,2.1228912148208865,2.6062659339732344,1.1598240135694549
86.0,256.0,1225.7054443359375,-3.3315311387986264,1.477657934330168,1.735005102395289,1.872051739414213,0.7935925861514187,-1.3176765751821533,-1.083255679238241,2.122891214826236,2.6062659339732344,1.1598240117641672
86.0,256.0,1225.7056884765625,-3.331480928593571,1.4776708341243658,1.735005102395289,1.872051739414213,0.7935925861514187,-1.3176765751821533,-1.083255679229841,2.1228912148263857,2.6062659339732344,1.1598240117641672
86.0,257.0,1225.59619140625,-3.332238622109474,1.4776752596468778,1.735005102395289,1.872051650449423,0.7844765456944707,-1.3197542676133622,-1.08325567926894,2.122891214815703,2.604556472600028,1.1598240117641672
86.0,257.0,1225.59619140625,-3.332238622109474,1.4776752596468778,1.735005102395289,1.8720517402360093,0.7844765456944707,-1.3197542676133622,-1.08325567926894,2.122891214815703,2.604556472600028,1.1598240117641672
86.0,257.0,1225.59619140625,-3.332238622109474,1.4776749152541129,1.735005102395289,1.872051650449423,0.7845438896712302,-1.3197522424408292,-1.0832556792689467,2.122891214815703,2.604556472600028,1.1598240118333436
86.0,257.0,1225.5963134765625,-3.332239810991715,1.4776749152541129,1.735005102395289,1.872051637311157,0.784545530332277,-1.3197532093055262,-1.0832556795361057,2.12289121481536,2.6045612063109544,1.1598240118149914
86.0,257.0,1225.597412109375,-3.332238622109474,1.4776752596468778,1.735005102395289,1.872051650449423,0.7857137819584273,-1.3197542676133622,-1.0832556792689851,2.122891214815703,2.604556472600028,1.1598240117641672
86.0,257.0,1225.60009765625,-3.332239770115504,1.477669997171944,1.735005102395289,1.87205173938002,0.7848030125600601,-1.3195691051165723,-1.08325567926894,2.122891214815703,2.604650832436444,1.1598240003080795
86.0,257.0,1225.6005859375,-3.332262894216296,1.477815450659557,1.735005102395289,1.872051739414213,0.7856380303523441,-1.3197551669454366,-1.0832556795654231,2.1228912147476,2.604556472600028,1.1598240001299744
86.0,257.0,1225.601318359375,-3.332238567724398,1.4776751481204171,1.735005102395289,1.8720517402360093,0.7845036505051995,-1.3197542676133622,-1.0832556792661114,2.1228912148207093,2.604740825789184,1.159824011751035
86.0,257.0,1225.6024169921875,-3.332238567724398,1.4776702910790334,1.735005102395289,1.8720517402360093,0.7856292379183032,-1.3197542676133622,-1.0832556792661563,2.1228912148206662,2.604740851947098,1.1598239999030788
86.0,257.0,1225.6024169921875,-3.332238567724398,1.4776702910790334,1.735005102395289,1.8720517402360093,0.7856292379183032,-1.3197542676133622,-1.0832556792661563,2.1228912148206662,2.604740851947098,1.1598239999030788
86.0,257.0,1225.6026611328125,-3.332238567724398,1.4776751481204171,1.735005102395289,1.8720517402360093,0.7857408867691562,-1.3197542676133622,-1.0832556792661563,2.1228912148207093,2.604740825789184,1.159824011751035
86.0,257.0,1225.6103515625,-3.3315225943910645,1.477658298120457,1.735005102395289,1.872051739414213,0.7852974854991738,-1.3178652953935526,-1.0832556792899513,2.1228912153275523,2.604507895476897,1.1598239990458556
86.0,257.0,1225.61181640625,-3.331554296477341,1.477658298120457,1.735005102395289,1.872051739414213,0.7852974854991738,-1.3178652953935526,-1.0832556795274608,2.1228912153275523,2.604556472600028,1.159824000308119
86.0,257.0,1225.61181640625,-3.331554296477341,1.477658298120457,1.735005102395289,1.872051739414213,0.7852974854991738,-1.3178652953935526,-1.0832556795274608,2.1228912153275523,2.604556472600028,1.159824000308119
86.0,257.0,1225.61181640625,-3.331554296477341,1.477658298120457,1.735005102395289,1.872051739414213,0.7852974854991738,-1.3178652953935526,-1.0832556795274608,2.1228912153275523,2.604556472600028,1.159824000308119
86.0,257.0,1225.6126708984375,-3.332207615072176,1.477658298120457,1.735005102395289,1.872051739414213,0.7852974854991738,-1.3178652953935526,-1.0832556795573292,2.1228912153173494,2.604556472600028,1.159824000308119
86.0,257.0,1225.61279296875,-3.3322696982310887,1.477660682675435,1.735005102395289,1.872051739414213,0.7852786507490279,-1.3178652953935526,-1.0832556795274608,2.1228912147585435,2.604556472600028,1.159824000308119
86.0,257.0,1225.6129150390625,-3.3322375445185752,1.4776745629742205,1.735005102395289,1.872051739414213,0.7852853352149862,-1.3178636398062464,-1.08325567926894,2.122891214815703,2.604549902067501,1.1598240003080795
86.0,257.0,1225.6165771484375,-3.332262894216296,1.4778154170235138,1.735005102395289,1.872051739414213,0.7852974854991738,-1.3178652953935526,-1.0832556795581598,2.1228912153170194,2.604556472600028,1.159824000308119
86.0,257.0,1225.6165771484375,-3.332262894216296,1.4778154170235138,1.735005102395289,1.872051739414213,0.7852974854991738,-1.3178652953935526,-1.0832556795581598,2.1228912153170194,2.604556472600028,1.159824000308119
86.0,257.0,1225.6170654296875,-3.332262894216296,1.477815450659557,1.735005102395289,1.872051739414213,0.7856380303523441,-1.3178652953935526,-1.0832556795654231,2.1228912147476,2.604556472600028,1.159824000308119
86.0,257.0,1225.619873046875,-3.3322398240849136,1.477665878077259,1.735005102395289,1.8720517393832583,0.7854672090059707,-1.3176765751821533,-1.0832556795212525,2.122891214820783,2.6047009075364964,1.159824018034945
86.0,257.0,1225.6199951171875,-3.3322375445185752,1.477669997171944,1.735005102395289,1.872051739414213,0.7856285230562977,-1.3176765751821533,-1.08325567926894,2.122891214815703,2.6046958078220666,1.1598240106375362
86.0,257.0,1225.62109375,-3.3322386367455765,1.477669997171944,1.735005102395289,1.8720517525524785,0.7854655683449239,-1.3176756083174563,-1.0832556792551495,2.122891214821127,2.604736434555626,1.1598240135443925
86.0,257.0,1225.6212158203125,-3.332239825627818,1.477669997171944,1.735005102395289,1.872051739414213,0.7854672090059707,-1.3176765751821533,-1.0832556795223087,2.122891214820783,2.604741168266553,1.1598240135260405
86.0,257.0,1225.621337890625,-3.332239831532272,1.477669997171944,1.735005102395289,1.872051739414106,0.7856734576055259,-1.317676575197018,-1.083255679528066,2.122891214815786,2.604733492815427,1.1598427416010886
86.0,257.0,1225.6214599609375,-3.3322375445185752,1.477669997171944,1.735005102395289,1.872051739414213,0.7856285230562977,-1.3176765751821533,-1.08325567926894,2.122891214815703,2.604741168266553,1.1598240003080795
86.0,257.0,1225.6214599609375,-3.332239826547056,1.477669997171944,1.735005102395289,1.872051739414213,0.7856284604657975,-1.3176765751821533,-1.0832556795223087,2.122891214820783,2.604741168266553,1.1598240116401906
86.0,257.0,1225.6226806640625,-3.332237012822996,1.477658298120457,1.735005102395289,1.8720517393845253,0.7888541624186655,-1.3177991843466397,-1.0832556795247918,2.1228912153275523,2.604556472600028,1.1598240003080793
86.0,257.0,1225.6226806640625,-3.332239719016804,1.4778171162351703,1.735005102395289,1.872051739414213,0.7846817879637843,-1.3178312038283426,-1.08325567926894,2.122891214815703,2.604758093293313,1.1598240009116374
86.0,257.0,1225.625244140625,-3.332262894216296,1.4778108512212376,1.735005102395289,1.872051739414213,0.7856406733404853,-1.3176782307694592,-1.0832556795581598,2.1228912153170194,2.6047477387990794,1.159824000308119
86.0,257.0,1225.6287841796875,-3.332238645946654,1.4776696759173666,1.735005102395289,1.872051739414213,0.7872043658524207,-1.316849060028775,-1.083255679249764,2.122891214808883,2.604536559031153,1.1598240136745914
86.0,257.0,1225.631103515625,-3.332238645946654,1.4776696759173666,1.735005102395289,1.872051739414213,0.7872886667603178,-1.3167041964684365,-1.083255679249764,2.122891214815703,2.604537384467097,1.1598240136745914
86.0,257.0,1225.6328125,-3.3315570537698487,1.477669997171944,1.735005102395289,1.872051739414372,0.7874978250607941,-1.3168258972525635,-1.083255679271609,2.122891214815703,2.604650832436444,1.1598240003081193
86.0,257.0,1225.6328125,-3.3322376287321376,1.477669997171944,1.735005102395289,1.872051739414213,0.784514496992549,-1.3167051801849416,-1.0832556792509542,2.122891214815703,2.604741168266553,1.1598240136745914
86.0,257.0,1225.6346435546875,-3.332239770115504,1.477669997171944,1.735005102395289,1.8720517393846845,0.7874978250607941,-1.3167597862056506,-1.08325567926894,2.122891214815703,2.604650832436444,1.1598240003080795
86.0,257.0,1225.6365966796875,-3.332238622109474,1.477674936270226,1.735005102395289,1.872051650449423,0.7940739080672203,-1.3196697019420758,-1.0832556792689467,2.122891214815703,2.604556472600028,1.1598240118333436
86.0,257.0,1225.6370849609375,-3.3322375445185752,1.477669997171944,1.735005102395289,1.872051739414213,0.7872886667603178,-1.3167597862056506,-1.08325567926894,2.122891214815703,2.604741168266553,1.1598240003080795
86.0,257.0,1225.6370849609375,-3.3322375445185752,1.477669997171944,1.735005102395289,1.872051739414213,0.7872886667603178,-1.3167597862056506,-1.08325567926894,2.122891214815703,2.604741168266553,1.1598240003080795
86.0,257.0,1225.6378173828125,-3.3322376287321376,1.477669997171944,1.735005102395289,1.872051739414213,0.7872886667603178,-1.3167051801849416,-1.0832556792509542,2.122891214815703,2.604741168266553,1.1598240136745914
86.0,257.0,1225.637939453125,-3.3322376287321376,1.477669997171944,1.735005102395289,1.872051739414213,0.7872886667603178,-1.3167041964684365,-1.083255679249764,2.122891214815703,2.604741168266553,1.1598240136745914
86.0,257.0,1225.6407470703125,-3.332239719016804,1.4778171162351703,1.735005102395289,1.872051739414213,0.7873858560252823,-1.3167875376906348,-1.08325567926894,2.122891214815703,2.604741168266553,1.1598240000349314
86.0,257.0,1225.6453857421875,-3.332237455302713,1.477669997171944,1.735005102395289,1.872051739414213,0.7846780085864582,-1.3199256198867326,-1.0832556792748005,2.1228912148156023,2.6062659339732344,1.159824000848318
86.0,257.0,1225.6453857421875,-3.332237455302713,1.477669997171944,1.735005102395289,1.872051739459184,0.7844823245968618,-1.3199229119702285,-1.083255679274771,2.1228912148156023,2.6062659339732344,1.1598240006638647
86.0,257.0,1225.6453857421875,-3.332237455302713,1.477669997171944,1.735005102395289,1.872051739459184,0.7844823245968618,-1.3199229119702285,-1.083255679274284,2.1228912148156023,2.6062659339732344,1.1598240006638647
86.0,257.0,1225.646484375,-3.3315888323117084,1.477829012391097,1.735005102395289,1.872051740224993,0.7940533677166498,-1.319241202474162,-1.0832556792661563,2.122891214824883,2.604740825789184,1.159824011751035
86.0,257.0,1225.648193359375,-3.332234573574617,1.4776654613520128,1.735005102395289,1.8720517394252296,0.785280105203925,-1.3197521097612963,-1.0832556792750898,2.122891214820704,2.606293952749098,1.1598240148227963
86.0,257.0,1225.65478515625,-3.332238622109474,1.4776752596468778,1.735005102395289,1.872051650449423,0.7937065386187288,-1.3175052229087827,-1.08325567926894,2.122891214815703,2.604556472600028,1.1598240112240472
86.0,257.0,1225.658203125,-3.3322398267322155,1.477669997171944,1.735005102395289,1.872051739414213,0.7936952724494671,-1.3176765751811037,-1.0832556792632673,2.1228912148207004,2.6047410900722188,1.1598240116401906
86.0,257.0,1225.6583251953125,-3.3322375445185752,1.4778171162351703,1.735005102395289,1.872051739414213,0.7929815955599738,-1.3175700271791206,-1.08325567926894,2.122891214815703,2.604741168266553,1.1598240000349314
86.0,258.0,1225.5960693359375,-3.332239751687675,1.4776752596468778,1.735005102395289,1.872051739369094,0.7844706143246933,-1.3197542676133622,-1.08325567926894,2.122891214815703,2.604553750150975,1.1598240002085365
86.0,258.0,1225.59619140625,-3.332238622109474,1.4776752596468778,1.735005102395289,1.872051650449423,0.7844765456944707,-1.3197542676133622,-1.08325567926894,2.122891214815703,2.604556472600028,1.1598240117641672
86.0,258.0,1225.59619140625,-3.332238622109474,1.4776752596468778,1.735005102395289,1.8720517402360093,0.7844765456944707,-1.3197542676133622,-1.08325567926894,2.122891214815703,2.604556472600028,1.1598240117641672
86.0,258.0,1225.59619140625,-3.332238622109474,1.4776749152541129,1.735005102395289,1.872051650449423,0.7845438896712302,-1.3197522424408292,-1.0832556792689467,2.122891214815703,2.604556472600028,1.1598240118333436
86.0,258.0,1225.59619140625,-3.332239740989819,1.477675368939426,1.735005102395289,1.872051739429949,0.7844765456944707,-1.3197542676133622,-1.08325567926894,2.122891214815703,2.604556472600028,1.1598239995623894
86.0,258.0,1225.5963134765625,-3.332239810991715,1.4776749152541129,1.735005102395289,1.872051637311157,0.784545530332277,-1.3197532093055262,-1.0832556795361057,2.12289121481536,2.6045612063109544,1.1598240118149914
86.0,258.0,1225.59716796875,-3.332237851892572,1.477665900329895,1.735005102395289,1.872051650449423,0.7857137819584273,-1.3197551617384533,-1.0832556792689851,2.122891214821455,2.604556472600028,1.1598240001467006
86.0,258.0,1225.597412109375,-3.332238622109474,1.4776752596468778,1.735005102395289,1.872051650449423,0.7857137819584273,-1.3197542676133622,-1.0832556792689851,2.122891214815703,2.604556472600028,1.1598240117641672
86.0,258.0,1225.60009765625,-3.332239770115504,1.477669997171944,1.735005102395289,1.87205173938002,0.7848030125600601,-1.3195691051165723,-1.08325567926894,2.122891214815703,2.604650832436444,1.1598240003080795
86.0,258.0,1225.60009765625,-3.3322387002337988,1.4776702977504277,1.735005102395289,1.87205173938002,0.7848030125600601,-1.3195691051165723,-1.08325567926894,2.122891214820646,2.604650832436444,1.1598240002934854
86.0,258.0,1225.6005859375,-3.332262894216296,1.477815450659557,1.735005102395289,1.872051739414213,0.7856380303523441,-1.3197551669454366,-1.0832556795654231,2.1228912147476,2.604556472600028,1.1598240001299744
86.0,258.0,1225.601318359375,-3.332238567724398,1.4776751481204171,1.735005102395289,1.8720517402360093,0.7845036505051995,-1.3197542676133622,-1.0832556792661114,2.1228912148207093,2.604740825789184,1.159824011751035
86.0,258.0,1225.6024169921875,-3.332238567724398,1.4776702910790334,1.735005102395289,1.8720517402360093,0.7856292379183032,-1.3197542676133622,-1.0832556792661563,2.1228912148206662,2.604740851947098,1.1598239999030788
86.0,258.0,1225.6024169921875,-3.332238567724398,1.4776702910790334,1.735005102395289,1.8720517402360093,0.7856292379183032,-1.3197542676133622,-1.0832556792661563,2.1228912148206662,2.604740851947098,1.1598239999030788
86.0,258.0,1225.6024169921875,-3.3322631701188588,1.4776751481204171,1.735005102395289,1.8720517394345904,0.7856362941833337,-1.319771896849645,-1.0832556795584,2.1228912148195094,2.604740551221344,1.159824011751035
86.0,258.0,1225.6026611328125,-3.332238567724398,1.4776751481204171,1.735005102395289,1.8720517402360093,0.7857408867691562,-1.3197542676133622,-1.0832556792661563,2.1228912148207093,2.604740825789184,1.159824011751035
86.0,258.0,1225.6026611328125,-3.332238567724398,1.4776751481204171,1.735005102395289,1.8720517402360093,0.7857408867691562,-1.3197542676133622,-1.0832556792661563,2.1228912148207093,2.604740825789184,1.159824011751035
86.0,258.0,1225.6103515625,-3.3315225943910645,1.477658298120457,1.735005102395289,1.872051739414213,0.7852974854991738,-1.3178652953935526,-1.0832556792899513,2.1228912153275523,2.604507895476897,1.1598239990458556
86.0,258.0,1225.611328125,-3.3322375434064333,1.4776749084243297,1.735005102395289,1.8720517345099368,0.7845355803728737,-1.31793431079822,-1.08325567926894,2.122891214815703,2.604549451163669,1.1598240001945823
86.0,258.0,1225.61181640625,-3.331554296477341,1.477658298120457,1.735005102395289,1.872051739414213,0.7852974854991738,-1.3178652953935526,-1.0832556795274608,2.1228912153275523,2.604556472600028,1.159824000308119
86.0,258.0,1225.61181640625,-3.331554296477341,1.477658298120457,1.735005102395289,1.872051739414213,0.7852974854991738,-1.3178652953935526,-1.0832556795274608,2.1228912153275523,2.604556472600028,1.159824000308119
86.0,258.0,1225.61181640625,-3.331554296477341,1.477658298120457,1.735005102395289,1.872051739414213,0.7852974854991738,-1.3178652953935526,-1.0832556795274608,2.1228912153275523,2.604556472600028,1.159824000308119
86.0,258.0,1225.61181640625,-3.331554296477341,1.477658298120457,1.735005102395289,1.872051739414213,0.7852974854991738,-1.3178652953935526,-1.08325567955722,2.1228912153275523,2.604556472600028,1.159824000308119
86.0,258.0,1225.6124267578125,-3.331554508154281,1.477674561367044,1.735005102395289,1.872051739414213,0.7854523663006256,-1.3178652953935526,-1.0832556795274608,2.122891215328549,2.604556472600028,1.159824000308119
86.0,258.0,1225.6126708984375,-3.332207615072176,1.477658298120457,1.735005102395289,1.872051739414213,0.7852974854991738,-1.3178652953935526,-1.0832556795573292,2.1228912153173494,2.604556472600028,1.159824000308119
86.0,258.0,1225.61279296875,-3.3322696982310887,1.477660682675435,1.735005102395289,1.872051739414213,0.7852786507490279,-1.3178652953935526,-1.0832556795274608,2.1228912147585435,2.604556472600028,1.159824000308119
86.0,258.0,1225.61279296875,-3.3322696982310887,1.477660682675435,1.735005102395289,1.872051739414213,0.7852786507490279,-1.3178652953935526,-1.0832556795160395,2.1228912147585435,2.604556472600028,1.159824000308119
86.0,258.0,1225.61279296875,-3.3322696982310887,1.477660682675435,1.735005102395289,1.872051739414213,0.7852786507490279,-1.3178652953935526,-1.08325567952741,2.122891214760136,2.604556472600028,1.159824000308119
86.0,258.0,1225.6129150390625,-3.3322375445185752,1.4776745629742205,1.735005102395289,1.872051739414213,0.7852853352149862,-1.3178636398062464,-1.08325567926894,2.122891214815703,2.604549902067501,1.1598240003080795
86.0,258.0,1225.61328125,-3.3322376287522024,1.4776745629742205,1.735005102395289,1.872051739414213,0.7852179749066194,-1.3178636398062464,-1.0832556792493966,2.1228912148157115,2.604561744401457,1.159824011747459
86.0,258.0,1225.615478515625,-3.332218804802996,1.477669997171944,1.735005102395289,1.872051739414213,0.7854672090059707,-1.3176765751821533,-1.0832556795274662,2.1228912148235857,2.6045617858197336,1.1598240003914964
86.0,258.0,1225.6165771484375,-3.332262894216296,1.4778154170235138,1.735005102395289,1.872051739414213,0.7852974854991738,-1.3178652953935526,-1.0832556795581598,2.1228912153170194,2.604556472600028,1.159824000308119
86.0,258.0,1225.6165771484375,-3.332262894216296,1.4778154170235138,1.735005102395289,1.872051739414213,0.7852974854991738,-1.3178652953935526,-1.0832556795581598,2.1228912153170194,2.604556472600028,1.159824000308119
86.0,258.0,1225.6170654296875,-3.332262894216296,1.477815450659557,1.735005102395289,1.872051739414213,0.7856380303523441,-1.3178652953935526,-1.0832556795654231,2.1228912147476,2.604556472600028,1.159824000308119
86.0,258.0,1225.6170654296875,-3.332262894216296,1.477815450659557,1.735005102395289,1.872051739414213,0.7856380303523441,-1.3178652953935526,-1.0832556795654231,2.1228912147476,2.604556472600028,1.159824000308119
86.0,258.0,1225.619873046875,-3.3322398240849136,1.477665878077259,1.735005102395289,1.8720517393832583,0.7854672090059707,-1.3176765751821533,-1.0832556795212525,2.122891214820783,2.6047009075364964,1.159824018034945
86.0,258.0,1225.6199951171875,-3.3322375445185752,1.477669997171944,1.735005102395289,1.872051739414213,0.7856285230562977,-1.3176765751821533,-1.08325567926894,2.122891214815703,2.6046958078220666,1.1598240106375362
86.0,258.0,1225.62109375,-3.3322386367455765,1.477669997171944,1.735005102395289,1.8720517525524785,0.7854655683449239,-1.3176756083174563,-1.0832556792551495,2.122891214821127,2.604736434555626,1.1598240135443925
86.0,258.0,1225.62109375,-3.332239831532272,1.477669997171944,1.735005102395289,1.872051739414106,0.7856734576055259,-1.3176993505859615,-1.083255679537652,2.1228912148157044,2.604733492815427,1.159824046757464
86.0,258.0,1225.6212158203125,-3.332239825627818,1.477669997171944,1.735005102395289,1.872051739414213,0.7854672090059707,-1.3176765751821533,-1.0832556795223087,2.122891214820783,2.604741168266553,1.1598240135260405
86.0,258.0,1225.621337890625,-3.332239831532272,1.477669997171944,1.735005102395289,1.872051739414106,0.7856734576055259,-1.317676575197018,-1.083255679528066,2.122891214815786,2.604733492815427,1.1598427416010886
86.0,258.0,1225.621337890625,-3.332237458295055,1.477669997171944,1.735005102395289,1.872051739414213,0.7856285230562977,-1.317675583507407,-1.0832556792560897,2.1228912148213204,2.604736564199792,1.1598240106375362
86.0,258.0,1225.6214599609375,-3.3322375445185752,1.477669997171944,1.735005102395289,1.872051739414213,0.7856285230562977,-1.3176765751821533,-1.08325567926894,2.122891214815703,2.604741168266553,1.1598240003080795
86.0,258.0,1225.6214599609375,-3.332239826547056,1.477669997171944,1.735005102395289,1.872051739414213,0.7856284604657975,-1.3176765751821533,-1.0832556795223087,2.122891214820783,2.604741168266553,1.1598240116401906
86.0,258.0,1225.6214599609375,-3.3322375445185752,1.477669997171944,1.735005102395289,1.872051739414213,0.7856285230562977,-1.3176765751821533,-1.08325567926894,2.12289121481561,2.604741168266553,1.1598240003080795
86.0,258.0,1225.62158203125,-3.332239826547056,1.4776748707731573,1.735005102395289,1.872051739414213,0.7856284604657975,-1.3176765751821533,-1.0832556795223087,2.122891214820783,2.604739787906308,1.15982401180175
86.0,258.0,1225.6226806640625,-3.332237012822996,1.477658298120457,1.735005102395289,1.8720517393845253,0.7888541624186655,-1.3177991843466397,-1.0832556795247918,2.1228912153275523,2.604556472600028,1.1598240003080793
86.0,258.0,1225.6226806640625,-3.332239719016804,1.4778171162351703,1.735005102395289,1.872051739414213,0.7846817879637843,-1.3178312038283426,-1.08325567926894,2.122891214815703,2.604758093293313,1.1598240009116374
86.0,258.0,1225.625244140625,-3.332262894216296,1.4778108512212376,1.735005102395289,1.872051739414213,0.7856406733404853,-1.3176782307694592,-1.0832556795581598,2.1228912153170194,2.6047477387990794,1.159824000308119
86.0,258.0,1225.62548828125,-3.3322382918218345,1.4778108512212376,1.735005102395289,1.872051740215632,0.7857452659263078,-1.3176606015331769,-1.0832556792659165,2.122891215318219,2.6047480133669203,1.159824000308119
86.0,259.0,1225.59521484375,-3.332230642769094,1.477658298120457,1.735005102395289,1.8720516492186043,0.7852974854991738,-1.3197245132804036,-1.0832556792690258,2.122891215329479,2.604507895476897,1.1598239990458556
86.0,259.0,1225.5960693359375,-3.332239751687675,1.4776752596468778,1.735005102395289,1.872051739369094,0.7844706143246933,-1.3197542676133622,-1.08325567926894,2.122891214815703,2.604553750150975,1.1598240002085365
86.0,259.0,1225.59619140625,-3.332238622109474,1.4776752596468778,1.735005102395289,1.872051650449423,0.7844765456944707,-1.3197542676133622,-1.08325567926894,2.122891214815703,2.604556472600028,1.1598240117641672
86.0,259.0,1225.59619140625,-3.332238622109474,1.4776752596468778,1.735005102395289,1.8720517402360093,0.7844765456944707,-1.3197542676133622,-1.08325567926894,2.122891214815703,2.604556472600028,1.1598240117641672
86.0,259.0,1225.59619140625,-3.332238622109474,1.4776749152541129,1.735005102395289,1.872051650449423,0.7845438896712302,-1.3197522424408292,-1.0832556792689467,2.122891214815703,2.604556472600028,1.1598240118333436
86.0,259.0,1225.59619140625,-3.332239740989819,1.477675368939426,1.735005102395289,1.872051739429949,0.7844765456944707,-1.3197542676133622,-1.08325567926894,2.122891214815703,2.604556472600028,1.1598239995623894
86.0,259.0,1225.59619140625,-3.33225231434354,1.477675368939426,1.735005102395289,1.872051739414037,0.7844596338578791,-1.3197542676133622,-1.0832556795489277,2.122891214815703,2.604556472600028,1.159823999578964
86.0,259.0,1225.5963134765625,-3.332239810991715,1.4776749152541129,1.735005102395289,1.872051637311157,0.784545530332277,-1.3197532093055262,-1.0832556795361057,2.12289121481536,2.6045612063109544,1.1598240118149914
86.0,259.0,1225.596435546875,-3.332236314407119,1.4776587502000071,1.735005102395289,1.872051739414213,0.7852974854991738,-1.3197548080309442,-1.0832556795274608,2.122891215299664,2.604556472600028,1.159824000308119
86.0,259.0,1225.59716796875,-3.332237851892572,1.477665900329895,1.735005102395289,1.872051650449423,0.7857137819584273,-1.3197551617384533,-1.0832556792689851,2.122891214821455,2.604556472600028,1.1598240001467006
86.0,259.0,1225.597412109375,-3.332238622109474,1.4776752596468778,1.735005102395289,1.872051650449423,0.7857137819584273,-1.3197542676133622,-1.0832556792689851,2.122891214815703,2.604556472600028,1.1598240117641672
86.0,259.0,1225.60009765625,-3.332239770115504,1.477669997171944,1.735005102395289,1.87205173938002,0.7848030125600601,-1.3195691051165723,-1.08325567926894,2.122891214815703,2.604650832436444,1.1598240003080795
86.0,259.0,1225.60009765625,-3.3322387002337988,1.4776702977504277,1.735005102395289,1.87205173938002,0.7848030125600601,-1.3195691051165723,-1.08325567926894,2.122891214820646,2.604650832436444,1.1598240002934854
86.0,259.0,1225.60009765625,-3.332238702744297,1.477669997171944,1.735005102395289,1.87205173938002,0.7848030125600601,-1.3195633346260407,-1.08325567926894,2.122891214815703,2.604650868969342,1.159824011281089
86.0,259.0,1225.60009765625,-3.3322387002337988,1.4776702977504277,1.735005102395289,1.87205173938002,0.7848030125600601,-1.3195691051165723,-1.08325567926894,2.1228912148205974,2.604650832436444,1.1598240002934854
86.0,259.0,1225.6005859375,-3.332262894216296,1.477815450659557,1.735005102395289,1.872051739414213,0.7856380303523441,-1.3197551669454366,-1.0832556795654231,2.1228912147476,2.604556472600028,1.1598240001299744
86.0,259.0,1225.6005859375,-3.332237851892572,1.477817805285477,1.735005102395289,1.872051650449423,0.7856391006971188,-1.3197551617384533,-1.0832556792689851,2.122891214821455,2.604556472600028,1.1598240001467006
86.0,259.0,1225.6005859375,-3.332262894216296,1.477815450659557,1.735005102395289,1.872051739414213,0.7856380303523441,-1.3197551669454366,-1.0832556795654231,2.1228912147476,2.604556472600028,1.1598240001299744
86.0,259.0,1225.6011962890625,-3.332263852381183,1.477815450659557,1.735005102395289,1.872051739414213,0.7856853420252135,-1.3196632308038203,-1.0832556795654231,2.1228912147500534,2.604556472600028,1.159824000308119
86.0,259.0,1225.601318359375,-3.332238567724398,1.4776751481204171,1.735005102395289,1.8720517402360093,0.7845036505051995,-1.3197542676133622,-1.0832556792661114,2.1228912148207093,2.604740825789184,1.159824011751035
86.0,259.0,1225.601318359375,-3.332238567724398,1.4776751481204171,1.735005102395289,1.8720517402360093,0.7845036505051995,-1.3197542676133622,-1.0832556792661114,2.1228912148207093,2.604740825789184,1.159824011751035
86.0,259.0,1225.6014404296875,-3.332238567724398,1.4776751481204171,1.735005102395289,1.872051742085023,0.7845441309400936,-1.3197523060563272,-1.0832556792661114,2.1228912148207093,2.6047432348523043,1.1598240118338472
86.0,259.0,1225.6024169921875,-3.332238567724398,1.4776702910790334,1.735005102395289,1.8720517402360093,0.7856292379183032,-1.3197542676133622,-1.0832556792661563,2.1228912148206662,2.604740851947098,1.1598239999030788
86.0,259.0,1225.6024169921875,-3.332238567724398,1.4776702910790334,1.735005102395289,1.8720517402360093,0.7856292379183032,-1.3197542676133622,-1.0832556792661563,2.1228912148206662,2.604740851947098,1.1598239999030788
86.0,259.0,1225.6024169921875,-3.3322631701188588,1.4776751481204171,1.735005102395289,1.8720517394345904,0.7856362941833337,-1.319771896849645,-1.0832556795584,2.1228912148195094,2.604740551221344,1.159824011751035
86.0,259.0,1225.6024169921875,-3.332238567724398,1.47766568001141,1.735005102395289,1.872051660292708,0.7857408867691562,-1.319755157791349,-1.0832556792661563,2.1228912148207093,2.604740825789184,1.159824011751035
86.0,259.0,1225.6024169921875,-3.332242745267674,1.4776751481204171,1.735005102395289,1.872051739414666,0.7856362941833337,-1.319771896849645,-1.0832556795570651,2.1228912148195094,2.604740551221344,1.159824011751035
86.0,259.0,1225.6025390625,-3.3322631701188588,1.4776743547816953,1.735005102395289,1.8720517394140648,0.7856362941833337,-1.319771896849645,-1.0832556795573218,2.1228912153082384,2.604747825918375,1.159824011751035
86.0,259.0,1225.6026611328125,-3.332238567724398,1.4776751481204171,1.735005102395289,1.8720517402360093,0.7857408867691562,-1.3197542676133622,-1.0832556792661563,2.1228912148207093,2.604740825789184,1.159824011751035
86.0,259.0,1225.6026611328125,-3.332238567724398,1.4776751481204171,1.735005102395289,1.8720517402360093,0.7857408867691562,-1.3197542676133622,-1.0832556792661563,2.1228912148207093,2.604740825789184,1.159824011751035
86.0,259.0,1225.6103515625,-3.3315225943910645,1.477658298120457,1.735005102395289,1.872051739414213,0.7852974854991738,-1.3178652953935526,-1.0832556792899513,2.1228912153275523,2.604507895476897,1.1598239990458556
86.0,259.0,1225.611328125,-3.3322375434064333,1.4776749084243297,1.735005102395289,1.8720517345099368,0.7845355803728737,-1.31793431079822,-1.08325567926894,2.122891214815703,2.604549451163669,1.1598240001945823
86.0,259.0,1225.611328125,-3.3315305737314445,1.4776752596468778,1.735005102395289,1.8720517406450312,0.7844765456944707,-1.3178950497265112,-1.0832556792898655,2.122891214813776,2.604556472600028,1.1598240117641672
86.0,259.0,1225.61181640625,-3.331554296477341,1.477658298120457,1.735005102395289,1.872051739414213,0.7852974854991738,-1.3178652953935526,-1.0832556795274608,2.1228912153275523,2.604556472600028,1.159824000308119
86.0,259.0,1225.61181640625,-3.331554296477341,1.477658298120457,1.735005102395289,1.872051739414213,0.7852974854991738,-1.3178652953935526,-1.0832556795274608,2.1228912153275523,2.604556472600028,1.159824000308119
86.0,259.0,1225.61181640625,-3.331554296477341,1.477658298120457,1.735005102395289,1.872051739414213,0.7852974854991738,-1.3178652953935526,-1.0832556795274608,2.1228912153275523,2.604556472600028,1.159824000308119
86.0,259.0,1225.61181640625,-3.331554296477341,1.477658298120457,1.735005102395289,1.872051739414213,0.7852974854991738,-1.3178652953935526,-1.08325567955722,2.1228912153275523,2.604556472600028,1.159824000308119
86.0,259.0,1225.6124267578125,-3.331554508154281,1.477674561367044,1.735005102395289,1.872051739414213,0.7854523663006256,-1.3178652953935526,-1.0832556795274608,2.122891215328549,2.604556472600028,1.159824000308119
86.0,259.0,1225.6126708984375,-3.332207615072176,1.477658298120457,1.735005102395289,1.872051739414213,0.7852974854991738,-1.3178652953935526,-1.0832556795573292,2.1228912153173494,2.604556472600028,1.159824000308119
86.0,259.0,1225.61279296875,-3.3322696982310887,1.477660682675435,1.735005102395289,1.872051739414213,0.7852786507490279,-1.3178652953935526,-1.0832556795274608,2.1228912147585435,2.604556472600028,1.159824000308119
86.0,259.0,1225.61279296875,-3.3322696982310887,1.477660682675435,1.735005102395289,1.872051739414213,0.7852786507490279,-1.3178652953935526,-1.0832556795160395,2.1228912147585435,2.604556472600028,1.159824000308119
86.0,259.0,1225.61279296875,-3.3322696982310887,1.477660682675435,1.735005102395289,1.872051739414213,0.7852786507490279,-1.3178652953935526,-1.08325567952741,2.122891214760136,2.604556472600028,1.159824000308119
86.0,259.0,1225.6129150390625,-3.3322375445185752,1.4776745629742205,1.735005102395289,1.872051739414213,0.7852853352149862,-1.3178636398062464,-1.08325567926894,2.122891214815703,2.604549902067501,1.1598240003080795
86.0,259.0,1225.6131591796875,-3.3322379446668298,1.4776751836486,1.735005102395289,1.872051739414213,0.7852786507490279,-1.317866442229636,-1.08325567952741,2.122891214760979,2.604556472600028,1.159824000308119
86.0,259.0,1225.61328125,-3.3322376287522024,1.4776745629742205,1.735005102395289,1.872051739414213,0.7852179749066194,-1.3178636398062464,-1.0832556792493966,2.1228912148157115,2.604561744401457,1.159824011747459
86.0,259.0,1225.615478515625,-3.332218804802996,1.477669997171944,1.735005102395289,1.872051739414213,0.7854672090059707,-1.3176765751821533,-1.0832556795274662,2.1228912148235857,2.6045617858197336,1.1598240003914964
86.0,259.0,1225.615966796875,-3.332239831532272,1.4776698699824204,1.735005102395289,1.872051739414106,0.7856734576055259,-1.3176731012505527,-1.083255679528066,2.122891214815786,2.6045629711700755,1.1598429881018215
86.0,259.0,1225.6165771484375,-3.332262894216296,1.4778154170235138,1.735005102395289,1.872051739414213,0.7852974854991738,-1.3178652953935526,-1.0832556795581598,2.1228912153170194,2.604556472600028,1.159824000308119
86.0,259.0,1225.6165771484375,-3.332262894216296,1.4778154170235138,1.735005102395289,1.872051739414213,0.7852974854991738,-1.3178652953935526,-1.0832556795581598,2.1228912153170194,2.604556472600028,1.159824000308119
86.0,259.0,1225.6165771484375,-3.332262894216296,1.4778154170235138,1.735005102395289,1.872051739414213,0.7852974854991738,-1.3178652953935526,-1.0832556795581598,2.1228912153170194,2.604556472600028,1.159824000308119
86.0,260.0,1225.59521484375,-3.332230642769094,1.477658298120457,1.735005102395289,1.8720516492186043,0.7852974854991738,-1.3197245132804036,-1.0832556792690258,2.122891215329479,2.604507895476897,1.1598239990458556
86.0,260.0,1225.595947265625,-3.3322387043978767,1.477669997171944,1.735005102395289,1.87205173938002,0.7848030125600601,-1.3197557871439105,-1.08325567926894,2.122891214815703,2.6045446432734005,1.1598240112925928
86.0,260.0,1225.5960693359375,-3.332239751687675,1.4776752596468778,1.735005102395289,1.872051739369094,0.7844706143246933,-1.3197542676133622,-1.08325567926894,2.122891214815703,2.604553750150975,1.1598240002085365
86.0,260.0,1225.59619140625,-3.332238622109474,1.4776752596468778,1.735005102395289,1.872051650449423,0.7844765456944707,-1.3197542676133622,-1.08325567926894,2.122891214815703,2.604556472600028,1.1598240117641672
86.0,260.0,1225.59619140625,-3.332238622109474,1.4776752596468778,1.735005102395289,1.8720517402360093,0.7844765456944707,-1.3197542676133622,-1.08325567926894,2.122891214815703,2.604556472600028,1.1598240117641672
86.0,260.0,1225.59619140625,-3.332238622109474,1.4776749152541129,1.735005102395289,1.872051650449423,0.7845438896712302,-1.3197522424408292,-1.0832556792689467,2.122891214815703,2.604556472600028,1.1598240118333436
86.0,260.0,1225.59619140625,-3.332239740989819,1.477675368939426,1.735005102395289,1.872051739429949,0.7844765456944707,-1.3197542676133622,-1.08325567926894,2.122891214815703,2.604556472600028,1.1598239995623894
86.0,260.0,1225.59619140625,-3.33225231434354,1.477675368939426,1.735005102395289,1.872051739414037,0.7844596338578791,-1.3197542676133622,-1.0832556795489277,2.122891214815703,2.604556472600028,1.159823999578964
86.0,260.0,1225.59619140625,-3.332240469817149,1.477675368939426,1.735005102395289,1.8720517394308804,0.7845280144992702,-1.319755128994382,-1.083255679566675,2.122891214814533,2.604556472600028,1.1598239995623894
86.0,260.0,1225.59619140625,-3.332239829895384,1.477674919316974,1.735005102395289,1.8720516367563345,0.7844765456944707,-1.3197542676133622,-1.0832556795293031,2.122891214815703,2.604556472600028,1.1598240117641672
86.0,260.0,1225.59619140625,-3.332238622109474,1.4776752596468778,1.735005102395289,1.872051650449423,0.7844785577959752,-1.3197542676133622,-1.08325567926894,2.122891214815703,2.604556472600028,1.1598240117641672
86.0,260.0,1225.5963134765625,-3.332239810991715,1.4776749152541129,1.735005102395289,1.872051637311157,0.784545530332277,-1.3197532093055262,-1.0832556795361057,2.12289121481536,2.6045612063109544,1.1598240118149914
86.0,260.0,1225.5963134765625,-3.3322386032058056,1.4776752555840167,1.735005102395289,1.8720516510042453,0.784545530332277,-1.3197532093055262,-1.0832556792757428,2.12289121481536,2.6045612063109544,1.1598240118149914
86.0,260.0,1225.596435546875,-3.332236314407119,1.4776587502000071,1.735005102395289,1.872051739414213,0.7852974854991738,-1.3197548080309442,-1.0832556795274608,2.122891215299664,2.604556472600028,1.159824000308119
86.0,260.0,1225.59716796875,-3.332237851892572,1.477665900329895,1.735005102395289,1.872051650449423,0.7857137819584273,-1.3197551617384533,-1.0832556792689851,2.122891214821455,2.604556472600028,1.1598240001467006
86.0,260.0,1225.597412109375,-3.332238622109474,1.4776752596468778,1.735005102395289,1.872051650449423,0.7857137819584273,-1.3197542676133622,-1.0832556792689851,2.122891214815703,2.604556472600028,1.1598240117641672
86.0,260.0,1225.597412109375,-3.3322376720161144,1.4776582204412545,1.735005102395289,1.872051739414213,0.7852698860618705,-1.3196024623983549,-1.0832556795274608,2.122891214821835,2.604556472600028,1.15982400048215
86.0,260.0,1225.599853515625,-3.3322387002337988,1.477658680090698,1.735005102395289,1.87205173938002,0.7848029641859176,-1.3195691051165723,-1.0832556795131256,2.122891214820646,2.604650832436444,1.1598240002934854
86.0,260.0,1225.599853515625,-3.3322387002337988,1.4776702977504277,1.735005102395289,1.87205173938002,0.785726377214207,-1.319753706320465,-1.08325567926894,2.1228912148205867,2.604649662487613,1.1598240002934854
86.0,260.0,1225.60009765625,-3.332239770115504,1.477669997171944,1.735005102395289,1.87205173938002,0.7848030125600601,-1.3195691051165723,-1.08325567926894,2.122891214815703,2.604650832436444,1.1598240003080795
86.0,260.0,1225.60009765625,-3.3322387002337988,1.4776702977504277,1.735005102395289,1.87205173938002,0.7848030125600601,-1.3195691051165723,-1.08325567926894,2.122891214820646,2.604650832436444,1.1598240002934854
86.0,260.0,1225.60009765625,-3.332238702744297,1.477669997171944,1.735005102395289,1.87205173938002,0.7848030125600601,-1.3195633346260407,-1.08325567926894,2.122891214815703,2.604650868969342,1.159824011281089
86.0,260.0,1225.60009765625,-3.3322387002337988,1.4776702977504277,1.735005102395289,1.87205173938002,0.7848030125600601,-1.3195691051165723,-1.08325567926894,2.1228912148205974,2.604650832436444,1.1598240002934854
86.0,260.0,1225.600341796875,-3.3322386204558936,1.4776752596468778,1.735005102395289,1.8720517402360093,0.7844765456944707,-1.3195618150954926,-1.08325567926894,2.122891214815703,2.604662698295969,1.1598240117526637
86.0,260.0,1225.6005859375,-3.332262894216296,1.477815450659557,1.735005102395289,1.872051739414213,0.7856380303523441,-1.3197551669454366,-1.0832556795654231,2.1228912147476,2.604556472600028,1.1598240001299744
86.0,260.0,1225.6005859375,-3.332237851892572,1.477817805285477,1.735005102395289,1.872051650449423,0.7856391006971188,-1.3197551617384533,-1.0832556792689851,2.122891214821455,2.604556472600028,1.1598240001467006
86.0,260.0,1225.6005859375,-3.332262894216296,1.477815450659557,1.735005102395289,1.872051739414213,0.7856380303523441,-1.3197551669454366,-1.0832556795654231,2.1228912147476,2.604556472600028,1.1598240001299744
86.0,260.0,1225.6007080078125,-3.3322643454577463,1.477815450659557,1.735005102395289,1.872051739414213,0.7856380303523441,-1.3197256416045056,-1.08325567925584,2.1228912153344006,2.604556472600028,1.1598239990518893
86.0,260.0,1225.6007080078125,-3.332237851892572,1.477825254277234,1.735005102395289,1.8720517391616496,0.7856223228129333,-1.3197551617384533,-1.083255679258129,2.122891215333779,2.604556472600028,1.1598240003170146
86.0,260.0,1225.6011962890625,-3.332263852381183,1.477815450659557,1.735005102395289,1.872051739414213,0.7856853420252135,-1.3196632308038203,-1.0832556795654231,2.1228912147500534,2.604556472600028,1.159824000308119
86.0,260.0,1225.601318359375,-3.332238567724398,1.4776751481204171,1.735005102395289,1.8720517402360093,0.7845036505051995,-1.3197542676133622,-1.0832556792661114,2.1228912148207093,2.604740825789184,1.159824011751035
86.0,260.0,1225.601318359375,-3.332238567724398,1.4776751481204171,1.735005102395289,1.8720517402360093,0.7845036505051995,-1.3197542676133622,-1.0832556792661114,2.1228912148207093,2.604740825789184,1.159824011751035
86.0,260.0,1225.6014404296875,-3.332238567724398,1.4776751481204171,1.735005102395289,1.872051742085023,0.7845441309400936,-1.3197523060563272,-1.0832556792661114,2.1228912148207093,2.6047432348523043,1.1598240118338472
86.0,260.0,1225.6021728515625,-3.332262946021934,1.4776601388362514,1.735005102395289,1.8720517394345904,0.7856387142220665,-1.3197523199522418,-1.0832556795594557,2.122891214817239,2.604739113988732,1.15982399972101
86.0,260.0,1225.6024169921875,-3.332238567724398,1.4776702910790334,1.735005102395289,1.8720517402360093,0.7856292379183032,-1.3197542676133622,-1.0832556792661563,2.1228912148206662,2.604740851947098,1.1598239999030788
86.0,260.0,1225.6024169921875,-3.332238567724398,1.4776702910790334,1.735005102395289,1.8720517402360093,0.7856292379183032,-1.3197542676133622,-1.0832556792661563,2.1228912148206662,2.604740851947098,1.1598239999030788
86.0,260.0,1225.6024169921875,-3.3322631701188588,1.4776751481204171,1.735005102395289,1.8720517394345904,0.7856362941833337,-1.319771896849645,-1.0832556795584,2.1228912148195094,2.604740551221344,1.159824011751035
86.0,260.0,1225.6024169921875,-3.332238567724398,1.47766568001141,1.735005102395289,1.872051660292708,0.7857408867691562,-1.319755157791349,-1.0832556792661563,2.1228912148207093,2.604740825789184,1.159824011751035
86.0,260.0,1225.6024169921875,-3.332242745267674,1.4776751481204171,1.735005102395289,1.872051739414666,0.7856362941833337,-1.319771896849645,-1.0832556795570651,2.1228912148195094,2.604740551221344,1.159824011751035
86.0,260.0,1225.6025390625,-3.3322631701188588,1.4776743547816953,1.735005102395289,1.8720517394140648,0.7856362941833337,-1.319771896849645,-1.0832556795573218,2.1228912153082384,2.604747825918375,1.159824011751035
86.0,260.0,1225.6026611328125,-3.332238567724398,1.4776751481204171,1.735005102395289,1.8720517402360093,0.7857408867691562,-1.3197542676133622,-1.0832556792661563,2.1228912148207093,2.604740825789184,1.159824011751035
86.0,260.0,1225.6026611328125,-3.332238567724398,1.4776751481204171,1.735005102395289,1.8720517402360093,0.7857408867691562,-1.3197542676133622,-1.0832556792661563,2.1228912148207093,2.604740825789184,1.159824011751035
86.0,260.0,1225.6103515625,-3.3315225943910645,1.477658298120457,1.735005102395289,1.872051739414213,0.7852974854991738,-1.3178652953935526,-1.0832556792899513,2.1228912153275523,2.604507895476897,1.1598239990458556
86.0,260.0,1225.611328125,-3.3322375434064333,1.4776749084243297,1.735005102395289,1.8720517345099368,0.7845355803728737,-1.31793431079822,-1.08325567926894,2.122891214815703,2.604549451163669,1.1598240001945823
86.0,260.0,1225.611328125,-3.3315305737314445,1.4776752596468778,1.735005102395289,1.8720517406450312,0.7844765456944707,-1.3178950497265112,-1.0832556792898655,2.122891214813776,2.604556472600028,1.1598240117641672
86.0,260.0,1225.6116943359375,-3.331554296477341,1.4776508491286997,1.735005102395289,1.872051650701986,0.7853142633833592,-1.3178652953935526,-1.0832556795383168,2.1228912148152284,2.604556472600028,1.159824000137805
86.0,260.0,1225.6116943359375,-3.3322375434064333,1.4776749084243297,1.735005102395289,1.8720517345099368,0.7845355803728737,-1.3179065191015449,-1.08325567926894,2.122891214815703,2.604549451163669,1.1598240001945823
86.0,260.0,1225.61181640625,-3.331554296477341,1.477658298120457,1.735005102395289,1.872051739414213,0.7852974854991738,-1.3178652953935526,-1.0832556795274608,2.1228912153275523,2.604556472600028,1.159824000308119
86.0,260.0,1225.61181640625,-3.331554296477341,1.477658298120457,1.735005102395289,1.872051739414213,0.7852974854991738,-1.3178652953935526,-1.0832556795274608,2.1228912153275523,2.604556472600028,1.159824000308119
86.0,260.0,1225.61181640625,-3.331554296477341,1.477658298120457,1.735005102395289,1.872051739414213,0.7852974854991738,-1.3178652953935526,-1.0832556795274608,2.1228912153275523,2.604556472600028,1.159824000308119
86.0,261.0,1225.59521484375,-3.332230642769094,1.477658298120457,1.735005102395289,1.8720516492186043,0.7852974854991738,-1.3197245132804036,-1.0832556792690258,2.122891215329479,2.604507895476897,1.1598239990458556
86.0,261.0,1225.59521484375,-3.332230642769094,1.477658298120457,1.735005102395289,1.8720516492186043,0.7852974854991738,-1.3197245132804036,-1.0832556796034405,2.122891215329479,2.6045077983176967,1.1598239990335693
86.0,261.0,1225.5958251953125,-3.332239749015718,1.477660066081671,1.735005102395289,1.872051739414037,0.784450617507691,-1.3197542676133622,-1.0832556795489277,2.122891214815703,2.604556472600028,1.1598239990015282
86.0,261.0,1225.595947265625,-3.3322387043978767,1.477669997171944,1.735005102395289,1.87205173938002,0.7848030125600601,-1.3197557871439105,-1.08325567926894,2.122891214815703,2.6045446432734005,1.1598240112925928
86.0,261.0,1225.5960693359375,-3.332239751687675,1.4776752596468778,1.735005102395289,1.872051739369094,0.7844706143246933,-1.3197542676133622,-1.08325567926894,2.122891214815703,2.604553750150975,1.1598240002085365
86.0,261.0,1225.5960693359375,-3.332239751687675,1.4776752538640117,1.735005102395289,1.87205173691566,0.7845443053574597,-1.3197542676133622,-1.08325567926894,2.122891214815703,2.604553750150975,1.1598240002085365
86.0,261.0,1225.59619140625,-3.332238622109474,1.4776752596468778,1.735005102395289,1.872051650449423,0.7844765456944707,-1.3197542676133622,-1.08325567926894,2.122891214815703,2.604556472600028,1.1598240117641672
86.0,261.0,1225.59619140625,-3.332238622109474,1.4776752596468778,1.735005102395289,1.8720517402360093,0.7844765456944707,-1.3197542676133622,-1.08325567926894,2.122891214815703,2.604556472600028,1.1598240117641672
86.0,261.0,1225.59619140625,-3.332238622109474,1.4776749152541129,1.735005102395289,1.872051650449423,0.7845438896712302,-1.3197522424408292,-1.0832556792689467,2.122891214815703,2.604556472600028,1.1598240118333436
86.0,261.0,1225.59619140625,-3.332239740989819,1.477675368939426,1.735005102395289,1.872051739429949,0.7844765456944707,-1.3197542676133622,-1.08325567926894,2.122891214815703,2.604556472600028,1.1598239995623894
86.0,261.0,1225.59619140625,-3.33225231434354,1.477675368939426,1.735005102395289,1.872051739414037,0.7844596338578791,-1.3197542676133622,-1.0832556795489277,2.122891214815703,2.604556472600028,1.159823999578964
86.0,261.0,1225.59619140625,-3.332240469817149,1.477675368939426,1.735005102395289,1.8720517394308804,0.7845280144992702,-1.319755128994382,-1.083255679566675,2.122891214814533,2.604556472600028,1.1598239995623894
86.0,261.0,1225.59619140625,-3.332239829895384,1.477674919316974,1.735005102395289,1.8720516367563345,0.7844765456944707,-1.3197542676133622,-1.0832556795293031,2.122891214815703,2.604556472600028,1.1598240117641672
86.0,261.0,1225.59619140625,-3.332238622109474,1.4776752596468778,1.735005102395289,1.872051650449423,0.7844785577959752,-1.3197542676133622,-1.08325567926894,2.122891214815703,2.604556472600028,1.1598240117641672
86.0,261.0,1225.59619140625,-3.332238622109474,1.4776752596468778,1.735005102395289,1.872051650449423,0.7844765456944707,-1.3197542676133622,-1.08325567926894,2.122891214815703,2.604556472600028,1.1598240117641672
86.0,261.0,1225.59619140625,-3.332240470926231,1.477675368939426,1.735005102395289,1.872051739430858,0.7845296851547398,-1.3197551472138178,-1.0832556795426496,2.122891214814533,2.604556472600028,1.1598239995623894
86.0,261.0,1225.59619140625,-3.332238622109474,1.4776752596468778,1.735005102395289,1.8720517402360093,0.7844764448969866,-1.3197542676133622,-1.08325567926894,2.122891214815703,2.604556472600028,1.1598240117641672
86.0,261.0,1225.59619140625,-3.332238622109474,1.477674921036979,1.735005102395289,1.8720516529028568,0.7844701986384639,-1.3197522424408292,-1.0832556792689467,2.122891214815703,2.604556472600028,1.1598240118333436
86.0,261.0,1225.59619140625,-3.332239829895384,1.477674919316974,1.735005102395289,1.8720516367563345,0.7844765456944707,-1.3197542676133622,-1.0832556795293031,2.122891214815703,2.604556472600028,1.1598240117641672
86.0,261.0,1225.59619140625,-3.332238622109474,1.4776752596468778,1.735005102395289,1.872051650449423,0.7844785577959752,-1.3197542676133622,-1.08325567926894,2.122891214815703,2.604556472600028,1.1598240117653054
86.0,261.0,1225.59619140625,-3.332238622109474,1.4776752596468778,1.735005102395289,1.872051650449423,0.7844786585934592,-1.3197542676133622,-1.08325567926894,2.122891214815703,2.604556472600028,1.1598240117641672
86.0,261.0,1225.5963134765625,-3.332239810991715,1.4776749152541129,1.735005102395289,1.872051637311157,0.784545530332277,-1.3197532093055262,-1.0832556795361057,2.12289121481536,2.6045612063109544,1.1598240118149914
86.0,261.0,1225.5963134765625,-3.3322386032058056,1.4776752555840167,1.735005102395289,1.8720516510042453,0.784545530332277,-1.3197532093055262,-1.0832556792757428,2.12289121481536,2.6045612063109544,1.1598240118149914
86.0,261.0,1225.5963134765625,-3.33226432738629,1.4776749152541129,1.735005102395289,1.872051637311157,0.784545530332277,-1.3197550624700232,-1.0832556795361057,2.122891214746623,2.6045612063109544,1.1598240007552056
86.0,261.0,1225.5963134765625,-3.3322398868967413,1.4776752593686475,1.735005102395289,1.872051636116274,0.7845208440950835,-1.3197542467027077,-1.0832556792661563,2.12289121482061,2.6045609225880355,1.1598239999030788
86.0,261.0,1225.596435546875,-3.332236314407119,1.4776587502000071,1.735005102395289,1.872051739414213,0.7852974854991738,-1.3197548080309442,-1.0832556795274608,2.122891215299664,2.604556472600028,1.159824000308119
86.0,261.0,1225.596435546875,-3.3322378923307934,1.4776587502000071,1.735005102395289,1.872051739414213,0.7852974854991738,-1.3197551594372008,-1.0832556795274608,2.122891215299664,2.604556472600028,1.159824000308119
86.0,261.0,1225.59716796875,-3.332237851892572,1.477665900329895,1.735005102395289,1.872051650449423,0.7857137819584273,-1.3197551617384533,-1.0832556792689851,2.122891214821455,2.604556472600028,1.1598240001467006
86.0,261.0,1225.59716796875,-3.332237856153073,1.477665900329895,1.735005102395289,1.872051650449423,0.7856559103682067,-1.3197551545742965,-1.0832556792689851,2.122891214821455,2.604557231804957,1.1598240001467006
86.0,261.0,1225.597412109375,-3.332238622109474,1.4776752596468778,1.735005102395289,1.872051650449423,0.7857137819584273,-1.3197542676133622,-1.0832556792689851,2.122891214815703,2.604556472600028,1.1598240117641672
86.0,261.0,1225.597412109375,-3.3322376720161144,1.4776582204412545,1.735005102395289,1.872051739414213,0.7852698860618705,-1.3196024623983549,-1.0832556795274608,2.122891214821835,2.604556472600028,1.15982400048215
86.0,261.0,1225.597412109375,-3.3322397412591056,1.477669997171944,1.735005102395289,1.8720517393691445,0.7848030125600601,-1.3195633346260407,-1.08325567926894,2.122891214815703,2.6045519945089413,1.159824011281089
86.0,261.0,1225.597412109375,-3.3322387002337988,1.4776702977504277,1.735005102395289,1.87205173938002,0.785726377214207,-1.3197537044692125,-1.083255679275815,2.1228912148153394,2.6045618335472294,1.1598240002934854
86.0,261.0,1225.598876953125,-3.3322387131728664,1.4776752596468778,1.735005102395289,1.8720517393799687,0.7844706143246933,-1.3197542676133622,-1.08325567926894,2.122891214815703,2.604652624611376,1.1598240002085365
86.0,261.0,1225.599853515625,-3.3322387002337988,1.477658680090698,1.735005102395289,1.87205173938002,0.7848029641859176,-1.3195691051165723,-1.0832556795131256,2.122891214820646,2.604650832436444,1.1598240002934854
86.0,261.0,1225.599853515625,-3.3322387002337988,1.4776702977504277,1.735005102395289,1.87205173938002,0.785726377214207,-1.319753706320465,-1.08325567926894,2.1228912148205867,2.604649662487613,1.1598240002934854
86.0,261.0,1225.60009765625,-3.332239770115504,1.477669997171944,1.735005102395289,1.87205173938002,0.7848030125600601,-1.3195691051165723,-1.08325567926894,2.122891214815703,2.604650832436444,1.1598240003080795
86.0,261.0,1225.60009765625,-3.3322387002337988,1.4776702977504277,1.735005102395289,1.87205173938002,0.7848030125600601,-1.3195691051165723,-1.08325567926894,2.122891214820646,2.604650832436444,1.1598240002934854
86.0,261.0,1225.60009765625,-3.332238702744297,1.477669997171944,1.735005102395289,1.87205173938002,0.7848030125600601,-1.3195633346260407,-1.08325567926894,2.122891214815703,2.604650868969342,1.159824011281089
86.0,261.0,1225.60009765625,-3.3322387002337988,1.4776702977504277,1.735005102395289,1.87205173938002,0.7848030125600601,-1.3195691051165723,-1.08325567926894,2.1228912148205974,2.604650832436444,1.1598240002934854
86.0,261.0,1225.60009765625,-3.332239770115504,1.477669997171944,1.735005102395289,1.87205173938002,0.7848030125600601,-1.3195691051165723,-1.08325567926894,2.1228912148157963,2.604650832436444,1.1598240003082407
86.0,261.0,1225.600341796875,-3.3322386204558936,1.4776752596468778,1.735005102395289,1.8720517402360093,0.7844765456944707,-1.3195618150954926,-1.08325567926894,2.122891214815703,2.604662698295969,1.1598240117526637
86.0,261.0,1225.6005859375,-3.332262894216296,1.477815450659557,1.735005102395289,1.872051739414213,0.7856380303523441,-1.3197551669454366,-1.0832556795654231,2.1228912147476,2.604556472600028,1.1598240001299744
86.0,261.0,1225.6005859375,-3.332237851892572,1.477817805285477,1.735005102395289,1.872051650449423,0.7856391006971188,-1.3197551617384533,-1.0832556792689851,2.122891214821455,2.604556472600028,1.1598240001467006
86.0,261.0,1225.6005859375,-3.332262894216296,1.477815450659557,1.735005102395289,1.872051739414213,0.7856380303523441,-1.3197551669454366,-1.0832556795654231,2.1228912147476,2.604556472600028,1.1598240001299744
86.0,261.0,1225.6007080078125,-3.3322643454577463,1.477815450659557,1.735005102395289,1.872051739414213,0.7856380303523441,-1.3197256416045056,-1.08325567925584,2.1228912153344006,2.604556472600028,1.1598239990518893
86.0,261.0,1225.6007080078125,-3.332237851892572,1.477825254277234,1.735005102395289,1.8720517391616496,0.7856223228129333,-1.3197551617384533,-1.083255679258129,2.122891215333779,2.604556472600028,1.1598240003170146
86.0,261.0,1225.6007080078125,-3.3322362739688973,1.477825254277234,1.735005102395289,1.8720517391616496,0.7856223228129333,-1.3197548103321968,-1.083255679258129,2.122891215333779,2.604556472600028,1.1598240003170146
86.0,261.0,1225.6011962890625,-3.332263852381183,1.477815450659557,1.735005102395289,1.872051739414213,0.7856853420252135,-1.3196632308038203,-1.0832556795654231,2.1228912147500534,2.604556472600028,1.159824000308119
86.0,261.0,1225.601318359375,-3.332238567724398,1.4776751481204171,1.735005102395289,1.8720517402360093,0.7845036505051995,-1.3197542676133622,-1.0832556792661114,2.1228912148207093,2.604740825789184,1.159824011751035
86.0,262.0,1225.59521484375,-3.332230642769094,1.477658298120457,1.735005102395289,1.8720516492186043,0.7852974854991738,-1.3197245132804036,-1.0832556792690258,2.122891215329479,2.604507895476897,1.1598239990458556
86.0,262.0,1225.59521484375,-3.332230642769094,1.477658298120457,1.735005102395289,1.8720516492186043,0.7852974854991738,-1.3197245132804036,-1.0832556796034405,2.122891215329479,2.6045077983176967,1.1598239990335693
86.0,262.0,1225.59521484375,-3.3322397302893725,1.477658757983535,1.735005102395289,1.8720516492186043,0.7852974854991738,-1.3197245132804036,-1.0832556792690256,2.122891215329479,2.604506713058252,1.1598239990458556
86.0,262.0,1225.59521484375,-3.332230642769094,1.477658298120457,1.735005102395289,1.8720516492186043,0.7852974854991738,-1.3197245132804036,-1.0832556792690258,2.122891215329479,2.604507895476897,1.1598239990458556
86.0,262.0,1225.5958251953125,-3.332239749015718,1.477660066081671,1.735005102395289,1.872051739414037,0.784450617507691,-1.3197542676133622,-1.0832556795489277,2.122891214815703,2.604556472600028,1.1598239990015282
86.0,262.0,1225.5958251953125,-3.332238622109474,1.4776600280932162,1.735005102395289,1.87205164714872,0.7844765456944707,-1.3197542676133622,-1.08325567926894,2.122891214815703,2.604556472600028,1.159823999920483
86.0,262.0,1225.5958251953125,-3.332239749015718,1.477660066081671,1.735005102395289,1.872051739414037,0.784450617507691,-1.3197542676133622,-1.0832556795489277,2.122891214815703,2.604556472600028,1.159823999563382
86.0,262.0,1225.595947265625,-3.3322387043978767,1.477669997171944,1.735005102395289,1.87205173938002,0.7848030125600601,-1.3197557871439105,-1.08325567926894,2.122891214815703,2.6045446432734005,1.1598240112925928
86.0,262.0,1225.595947265625,-3.332239932977372,1.477665769460105,1.735005102395289,1.8720516363420685,0.7844765456944707,-1.3197542676133622,-1.0832556795293031,2.122891214815703,2.6045564701784576,1.1598240117641672
86.0,262.0,1225.5960693359375,-3.332239751687675,1.4776752596468778,1.735005102395289,1.872051739369094,0.7844706143246933,-1.3197542676133622,-1.08325567926894,2.122891214815703,2.604553750150975,1.1598240002085365
86.0,262.0,1225.5960693359375,-3.332239751687675,1.4776752538640117,1.735005102395289,1.87205173691566,0.7845443053574597,-1.3197542676133622,-1.08325567926894,2.122891214815703,2.604553750150975,1.1598240002085365
86.0,262.0,1225.5960693359375,-3.332238622109474,1.4776752585176876,1.735005102395289,1.8720517402360093,0.7844764448969866,-1.3197531832441003,-1.08325567926894,2.122891214815703,2.604555814442199,1.1598240117637666
86.0,262.0,1225.5960693359375,-3.3322306641673967,1.4776747997837996,1.735005102395289,1.872051739369094,0.7844706143246933,-1.3197542676133622,-1.0832556792689405,2.122891214815703,2.60455493256962,1.1598240002085365
86.0,262.0,1225.5960693359375,-3.332239718317187,1.4776752538640117,1.735005102395289,1.8720516545882355,0.7844784015966133,-1.3197542676133622,-1.08325567926894,2.122891214815703,2.604553921544948,1.1598240005636589
86.0,262.0,1225.59619140625,-3.332238622109474,1.4776752596468778,1.735005102395289,1.872051650449423,0.7844765456944707,-1.3197542676133622,-1.08325567926894,2.122891214815703,2.604556472600028,1.1598240117641672
86.0,262.0,1225.59619140625,-3.332238622109474,1.4776752596468778,1.735005102395289,1.8720517402360093,0.7844765456944707,-1.3197542676133622,-1.08325567926894,2.122891214815703,2.604556472600028,1.1598240117641672
86.0,262.0,1225.59619140625,-3.332238622109474,1.4776749152541129,1.735005102395289,1.872051650449423,0.7845438896712302,-1.3197522424408292,-1.0832556792689467,2.122891214815703,2.604556472600028,1.1598240118333436
86.0,262.0,1225.59619140625,-3.332239740989819,1.477675368939426,1.735005102395289,1.872051739429949,0.7844765456944707,-1.3197542676133622,-1.08325567926894,2.122891214815703,2.604556472600028,1.1598239995623894
86.0,262.0,1225.59619140625,-3.33225231434354,1.477675368939426,1.735005102395289,1.872051739414037,0.7844596338578791,-1.3197542676133622,-1.0832556795489277,2.122891214815703,2.604556472600028,1.159823999578964
86.0,262.0,1225.59619140625,-3.332240469817149,1.477675368939426,1.735005102395289,1.8720517394308804,0.7845280144992702,-1.319755128994382,-1.083255679566675,2.122891214814533,2.604556472600028,1.1598239995623894
86.0,262.0,1225.59619140625,-3.332239829895384,1.477674919316974,1.735005102395289,1.8720516367563345,0.7844765456944707,-1.3197542676133622,-1.0832556795293031,2.122891214815703,2.604556472600028,1.1598240117641672
86.0,262.0,1225.59619140625,-3.332238622109474,1.4776752596468778,1.735005102395289,1.872051650449423,0.7844785577959752,-1.3197542676133622,-1.08325567926894,2.122891214815703,2.604556472600028,1.1598240117641672
86.0,262.0,1225.59619140625,-3.332238622109474,1.4776752596468778,1.735005102395289,1.872051650449423,0.7844765456944707,-1.3197542676133622,-1.08325567926894,2.122891214815703,2.604556472600028,1.1598240117641672
86.0,262.0,1225.59619140625,-3.332240470926231,1.477675368939426,1.735005102395289,1.872051739430858,0.7845296851547398,-1.3197551472138178,-1.0832556795426496,2.122891214814533,2.604556472600028,1.1598239995623894
86.0,262.0,1225.59619140625,-3.332238622109474,1.4776752596468778,1.735005102395289,1.8720517402360093,0.7844764448969866,-1.3197542676133622,-1.08325567926894,2.122891214815703,2.604556472600028,1.1598240117641672
86.0,262.0,1225.59619140625,-3.332238622109474,1.477674921036979,1.735005102395289,1.8720516529028568,0.7844701986384639,-1.3197522424408292,-1.0832556792689467,2.122891214815703,2.604556472600028,1.1598240118333436
86.0,262.0,1225.59619140625,-3.332239829895384,1.477674919316974,1.735005102395289,1.8720516367563345,0.7844765456944707,-1.3197542676133622,-1.0832556795293031,2.122891214815703,2.604556472600028,1.1598240117641672
86.0,262.0,1225.59619140625,-3.332238622109474,1.4776752596468778,1.735005102395289,1.872051650449423,0.7844785577959752,-1.3197542676133622,-1.08325567926894,2.122891214815703,2.604556472600028,1.1598240117653054
86.0,262.0,1225.59619140625,-3.332238622109474,1.4776752596468778,1.735005102395289,1.872051650449423,0.7844786585934592,-1.3197542676133622,-1.08325567926894,2.122891214815703,2.604556472600028,1.1598240117641672
86.0,262.0,1225.59619140625,-3.332238622109474,1.4776749099785382,1.735005102395289,1.872051650449423,0.7844702742900842,-1.31975427010684,-1.08325567926894,2.122891214815703,2.604556472600028,1.1598240117641672
86.0,262.0,1225.59619140625,-3.33224014836534,1.4776752596468778,1.735005102395289,1.8720517402360093,0.7845352207536103,-1.319753622924021,-1.08325567926894,2.1228912148574017,2.604556472600028,1.1598240117641672
86.0,262.0,1225.59619140625,-3.332240470926231,1.477675368939426,1.735005102395289,1.8720517394124403,0.7845296851547398,-1.3197551472138178,-1.0832556795426496,2.122891214814533,2.604556472600028,1.1598239995623894
86.0,262.0,1225.59619140625,-3.332238622109474,1.4776752596468778,1.735005102395289,1.872051650449423,0.784476512976925,-1.3197542676133622,-1.08325567926894,2.122891214815703,2.604556472600028,1.1598240117642529
86.0,262.0,1225.59619140625,-3.332238622109474,1.4776752596468778,1.735005102395289,1.872051650449423,0.7844765456944707,-1.3197542676133622,-1.08325567926894,2.122891214815703,2.604556472600028,1.1598240117641672
86.0,262.0,1225.59619140625,-3.332238726327446,1.4776749184393492,1.735005102395289,1.8720516357797088,0.7845208440950835,-1.3197542467027077,-1.0832556792661563,2.12289121482061,2.6045564422421568,1.1598239987511283
86.0,262.0,1225.59619140625,-3.3322404537261576,1.477675368939426,1.735005102395289,1.8720517394308804,0.7845280144992702,-1.319755128994382,-1.0832556795465225,2.122891214814533,2.604556384397715,1.1598239999250448
86.0,262.0,1225.59619140625,-3.332238690459568,1.4776752539729725,1.735005102395289,1.8720517396807024,0.784545100257511,-1.3197542676133622,-1.08325567926894,2.122891214815703,2.604556472600028,1.1598240117641672
86.0,262.0,1225.5963134765625,-3.332239810991715,1.4776749152541129,1.735005102395289,1.872051637311157,0.784545530332277,-1.3197532093055262,-1.0832556795361057,2.12289121481536,2.6045612063109544,1.1598240118149914
86.0,262.0,1225.5963134765625,-3.3322386032058056,1.4776752555840167,1.735005102395289,1.8720516510042453,0.784545530332277,-1.3197532093055262,-1.0832556792757428,2.12289121481536,2.6045612063109544,1.1598240118149914
86.0,262.0,1225.5963134765625,-3.33226432738629,1.4776749152541129,1.735005102395289,1.872051637311157,0.784545530332277,-1.3197550624700232,-1.0832556795361057,2.122891214746623,2.6045612063109544,1.1598240007552056
86.0,262.0,1225.5963134765625,-3.3322398868967413,1.4776752593686475,1.735005102395289,1.872051636116274,0.7845208440950835,-1.3197542467027077,-1.0832556792661563,2.12289121482061,2.6045609225880355,1.1598239999030788
86.0,262.0,1225.5963134765625,-3.332238622109474,1.4776754560957042,1.735005102395289,1.8720517402206247,0.7847803774190436,-1.3197542676133622,-1.08325567926894,2.1228912148208705,2.604556472600028,1.1598240118650758
86.0,262.0,1225.596435546875,-3.332236314407119,1.4776587502000071,1.735005102395289,1.872051739414213,0.7852974854991738,-1.3197548080309442,-1.0832556795274608,2.122891215299664,2.604556472600028,1.159824000308119
86.0,262.0,1225.596435546875,-3.3322378923307934,1.4776587502000071,1.735005102395289,1.872051739414213,0.7852974854991738,-1.3197551594372008,-1.0832556795274608,2.122891215299664,2.604556472600028,1.159824000308119
86.0,262.0,1225.59716796875,-3.332237851892572,1.477665900329895,1.735005102395289,1.872051650449423,0.7857137819584273,-1.3197551617384533,-1.0832556792689851,2.122891214821455,2.604556472600028,1.1598240001467006
86.0,262.0,1225.59716796875,-3.332237856153073,1.477665900329895,1.735005102395289,1.872051650449423,0.7856559103682067,-1.3197551545742965,-1.0832556792689851,2.122891214821455,2.604557231804957,1.1598240001467006
86.0,262.0,1225.597412109375,-3.332238622109474,1.4776752596468778,1.735005102395289,1.872051650449423,0.7857137819584273,-1.3197542676133622,-1.0832556792689851,2.122891214815703,2.604556472600028,1.1598240117641672
86.0,262.0,1225.597412109375,-3.3322376720161144,1.4776582204412545,1.735005102395289,1.872051739414213,0.7852698860618705,-1.3196024623983549,-1.0832556795274608,2.122891214821835,2.604556472600028,1.15982400048215
86.0,262.0,1225.597412109375,-3.3322397412591056,1.477669997171944,1.735005102395289,1.8720517393691445,0.7848030125600601,-1.3195633346260407,-1.08325567926894,2.122891214815703,2.6045519945089413,1.159824011281089
86.0,262.0,1225.597412109375,-3.3322387002337988,1.4776702977504277,1.735005102395289,1.87205173938002,0.785726377214207,-1.3197537044692125,-1.083255679275815,2.1228912148153394,2.6045618335472294,1.1598240002934854
86.0,263.0,1225.571044921875,-3.332239677239964,1.4776753359341857,1.735005102395289,1.872051650449423,0.785279979854354,-1.319753125721209,-1.088192786034576,2.1228912153742736,2.604557750374016,1.1598240117641672
86.0,263.0,1225.5943603515625,-3.332230642769094,1.477658298120457,1.735005102395289,1.8720516492186043,0.7845290222684083,-1.319753742706974,-1.083255679542545,2.122891215329479,2.604507895476897,1.1598239990458556
86.0,263.0,1225.5947265625,-3.332230642769094,1.4776581598740033,1.735005102395289,1.8720516492186043,0.7848088690069294,-1.3197245132804036,-1.0832556796012047,2.122891214791052,2.6045077983176967,1.1598239990335693
86.0,263.0,1225.59521484375,-3.332230642769094,1.477658298120457,1.735005102395289,1.8720516492186043,0.7852974854991738,-1.3197245132804036,-1.0832556792690258,2.122891215329479,2.604507895476897,1.1598239990458556
86.0,263.0,1225.59521484375,-3.332230642769094,1.477658298120457,1.735005102395289,1.8720516492186043,0.7852974854991738,-1.3197245132804036,-1.0832556796034405,2.122891215329479,2.6045077983176967,1.1598239990335693
86.0,263.0,1225.59521484375,-3.3322397302893725,1.477658757983535,1.735005102395289,1.8720516492186043,0.7852974854991738,-1.3197245132804036,-1.0832556792690256,2.122891215329479,2.604506713058252,1.1598239990458556
86.0,263.0,1225.59521484375,-3.332230642769094,1.477658298120457,1.735005102395289,1.8720516492186043,0.7852974854991738,-1.3197245132804036,-1.0832556792690258,2.122891215329479,2.604507895476897,1.1598239990458556
86.0,263.0,1225.59521484375,-3.332230642769094,1.4776582177857387,1.735005102395289,1.8720516525919544,0.7852974854991738,-1.3197243291908582,-1.083255679270453,2.122891214800556,2.604507895476897,1.1598239990463968
86.0,263.0,1225.595703125,-3.3322404537261576,1.4776581006428406,1.735005102395289,1.8720516510800287,0.7844768050561605,-1.319755128994382,-1.0832556795465225,2.122891214814533,2.604556384397715,1.1598239999250448
86.0,263.0,1225.5958251953125,-3.332239749015718,1.477660066081671,1.735005102395289,1.872051739414037,0.784450617507691,-1.3197542676133622,-1.0832556795489277,2.122891214815703,2.604556472600028,1.1598239990015282
86.0,263.0,1225.5958251953125,-3.332238622109474,1.4776600280932162,1.735005102395289,1.87205164714872,0.7844765456944707,-1.3197542676133622,-1.08325567926894,2.122891214815703,2.604556472600028,1.159823999920483
86.0,263.0,1225.5958251953125,-3.332239749015718,1.477660066081671,1.735005102395289,1.872051739414037,0.784450617507691,-1.3197542676133622,-1.0832556795489277,2.122891214815703,2.604556472600028,1.159823999563382
86.0,263.0,1225.5958251953125,-3.332239749015718,1.477660146416389,1.735005102395289,1.872051736040688,0.784450617507691,-1.3197544517029078,-1.0832556795475003,2.1228912153446258,2.604556472600028,1.159823999000987
86.0,263.0,1225.5958251953125,-3.332238622109474,1.477659856415249,1.735005102395289,1.87205164714872,0.7844765456944707,-1.3197542676133622,-1.08325567926894,2.122891214815703,2.604556472600028,1.159824010125028
86.0,263.0,1225.595947265625,-3.3322387043978767,1.477669997171944,1.735005102395289,1.87205173938002,0.7848030125600601,-1.3197557871439105,-1.08325567926894,2.122891214815703,2.6045446432734005,1.1598240112925928
86.0,263.0,1225.595947265625,-3.332239932977372,1.477665769460105,1.735005102395289,1.8720516363420685,0.7844765456944707,-1.3197542676133622,-1.0832556795293031,2.122891214815703,2.6045564701784576,1.1598240117641672
86.0,263.0,1225.595947265625,-3.332240169956968,1.477665769460105,1.735005102395289,1.872051746089883,0.7844763297743866,-1.3197542676133622,-1.0832556795291963,2.122891214815703,2.6045564701784576,1.1598240121322247
86.0,263.0,1225.5960693359375,-3.332239751687675,1.4776752596468778,1.735005102395289,1.872051739369094,0.7844706143246933,-1.3197542676133622,-1.08325567926894,2.122891214815703,2.604553750150975,1.1598240002085365
86.0,263.0,1225.5960693359375,-3.332239751687675,1.4776752538640117,1.735005102395289,1.87205173691566,0.7845443053574597,-1.3197542676133622,-1.08325567926894,2.122891214815703,2.604553750150975,1.1598240002085365
86.0,263.0,1225.5960693359375,-3.332238622109474,1.4776752585176876,1.735005102395289,1.8720517402360093,0.7844764448969866,-1.3197531832441003,-1.08325567926894,2.122891214815703,2.604555814442199,1.1598240117637666
86.0,263.0,1225.5960693359375,-3.3322306641673967,1.4776747997837996,1.735005102395289,1.872051739369094,0.7844706143246933,-1.3197542676133622,-1.0832556792689405,2.122891214815703,2.60455493256962,1.1598240002085365
86.0,263.0,1225.5960693359375,-3.332239718317187,1.4776752538640117,1.735005102395289,1.8720516545882355,0.7844784015966133,-1.3197542676133622,-1.08325567926894,2.122891214815703,2.604553921544948,1.1598240005636589
86.0,263.0,1225.5960693359375,-3.3322397625305182,1.4776752538640117,1.735005102395289,1.87205173691566,0.7845443053574597,-1.3197542669541311,-1.0832556792688552,2.122891214815703,2.604553750150975,1.1598240002864677
86.0,263.0,1225.59619140625,-3.332238622109474,1.4776752596468778,1.735005102395289,1.872051650449423,0.7844765456944707,-1.3197542676133622,-1.08325567926894,2.122891214815703,2.604556472600028,1.1598240117641672
86.0,263.0,1225.59619140625,-3.332238622109474,1.4776752596468778,1.735005102395289,1.8720517402360093,0.7844765456944707,-1.3197542676133622,-1.08325567926894,2.122891214815703,2.604556472600028,1.1598240117641672
86.0,263.0,1225.59619140625,-3.332238622109474,1.4776749152541129,1.735005102395289,1.872051650449423,0.7845438896712302,-1.3197522424408292,-1.0832556792689467,2.122891214815703,2.604556472600028,1.1598240118333436
86.0,263.0,1225.59619140625,-3.332239740989819,1.477675368939426,1.735005102395289,1.872051739429949,0.7844765456944707,-1.3197542676133622,-1.08325567926894,2.122891214815703,2.604556472600028,1.1598239995623894
86.0,263.0,1225.59619140625,-3.33225231434354,1.477675368939426,1.735005102395289,1.872051739414037,0.7844596338578791,-1.3197542676133622,-1.0832556795489277,2.122891214815703,2.604556472600028,1.159823999578964
86.0,263.0,1225.59619140625,-3.332240469817149,1.477675368939426,1.735005102395289,1.8720517394308804,0.7845280144992702,-1.319755128994382,-1.083255679566675,2.122891214814533,2.604556472600028,1.1598239995623894
86.0,263.0,1225.59619140625,-3.332239829895384,1.477674919316974,1.735005102395289,1.8720516367563345,0.7844765456944707,-1.3197542676133622,-1.0832556795293031,2.122891214815703,2.604556472600028,1.1598240117641672
86.0,263.0,1225.59619140625,-3.332238622109474,1.4776752596468778,1.735005102395289,1.872051650449423,0.7844785577959752,-1.3197542676133622,-1.08325567926894,2.122891214815703,2.604556472600028,1.1598240117641672
86.0,263.0,1225.59619140625,-3.332238622109474,1.4776752596468778,1.735005102395289,1.872051650449423,0.7844765456944707,-1.3197542676133622,-1.08325567926894,2.122891214815703,2.604556472600028,1.1598240117641672
86.0,263.0,1225.59619140625,-3.332240470926231,1.477675368939426,1.735005102395289,1.872051739430858,0.7845296851547398,-1.3197551472138178,-1.0832556795426496,2.122891214814533,2.604556472600028,1.1598239995623894
86.0,263.0,1225.59619140625,-3.332238622109474,1.4776752596468778,1.735005102395289,1.8720517402360093,0.7844764448969866,-1.3197542676133622,-1.08325567926894,2.122891214815703,2.604556472600028,1.1598240117641672
86.0,263.0,1225.59619140625,-3.332238622109474,1.477674921036979,1.735005102395289,1.8720516529028568,0.7844701986384639,-1.3197522424408292,-1.0832556792689467,2.122891214815703,2.604556472600028,1.1598240118333436
86.0,263.0,1225.59619140625,-3.332239829895384,1.477674919316974,1.735005102395289,1.8720516367563345,0.7844765456944707,-1.3197542676133622,-1.0832556795293031,2.122891214815703,2.604556472600028,1.1598240117641672
86.0,263.0,1225.59619140625,-3.332238622109474,1.4776752596468778,1.735005102395289,1.872051650449423,0.7844785577959752,-1.3197542676133622,-1.08325567926894,2.122891214815703,2.604556472600028,1.1598240117653054
86.0,263.0,1225.59619140625,-3.332238622109474,1.4776752596468778,1.735005102395289,1.872051650449423,0.7844786585934592,-1.3197542676133622,-1.08325567926894,2.122891214815703,2.604556472600028,1.1598240117641672
86.0,263.0,1225.59619140625,-3.332238622109474,1.4776749099785382,1.735005102395289,1.872051650449423,0.7844702742900842,-1.31975427010684,-1.08325567926894,2.122891214815703,2.604556472600028,1.1598240117641672
86.0,263.0,1225.59619140625,-3.33224014836534,1.4776752596468778,1.735005102395289,1.8720517402360093,0.7845352207536103,-1.319753622924021,-1.08325567926894,2.1228912148574017,2.604556472600028,1.1598240117641672
86.0,263.0,1225.59619140625,-3.332240470926231,1.477675368939426,1.735005102395289,1.8720517394124403,0.7845296851547398,-1.3197551472138178,-1.0832556795426496,2.122891214814533,2.604556472600028,1.1598239995623894
86.0,263.0,1225.59619140625,-3.332238622109474,1.4776752596468778,1.735005102395289,1.872051650449423,0.784476512976925,-1.3197542676133622,-1.08325567926894,2.122891214815703,2.604556472600028,1.1598240117642529
86.0,263.0,1225.59619140625,-3.332238622109474,1.4776752596468778,1.735005102395289,1.872051650449423,0.7844765456944707,-1.3197542676133622,-1.08325567926894,2.122891214815703,2.604556472600028,1.1598240117641672
86.0,263.0,1225.59619140625,-3.332238726327446,1.4776749184393492,1.735005102395289,1.8720516357797088,0.7845208440950835,-1.3197542467027077,-1.0832556792661563,2.12289121482061,2.6045564422421568,1.1598239987511283
86.0,263.0,1225.59619140625,-3.3322404537261576,1.477675368939426,1.735005102395289,1.8720517394308804,0.7845280144992702,-1.319755128994382,-1.0832556795465225,2.122891214814533,2.604556384397715,1.1598239999250448
86.0,263.0,1225.59619140625,-3.332238690459568,1.4776752539729725,1.735005102395289,1.8720517396807024,0.784545100257511,-1.3197542676133622,-1.08325567926894,2.122891214815703,2.604556472600028,1.1598240117641672
86.0,263.0,1225.59619140625,-3.332238622109474,1.477674921036979,1.735005102395289,1.8720516528909543,0.7844701986384639,-1.3197522424408292,-1.0832556792689467,2.122891214815703,2.604556472600028,1.1598240118342529
86.0,263.0,1225.59619140625,-3.3322520773639432,1.477675368939426,1.735005102395289,1.8720516296662224,0.7844598497779631,-1.3197542676133622,-1.083255679549035,2.122891214815703,2.604556472600028,1.1598239992109065
86.0,263.0,1225.59619140625,-3.332238715484604,1.4776749184393492,1.735005102395289,1.8720516357797088,0.7845208440950835,-1.3197542473619386,-1.0832556792662411,2.12289121482061,2.6045564422421568,1.1598239986731969
86.0,263.0,1225.59619140625,-3.332238622109474,1.4776740521294318,1.735005102395289,1.872051650449423,0.7845438896712302,-1.3197521564241323,-1.0832556795294042,2.122891214815703,2.604556472600028,1.1598240118333436
86.0,264.0,1225.571044921875,-3.332239677239964,1.4776753359341857,1.735005102395289,1.872051650449423,0.785279979854354,-1.319753125721209,-1.088192786034576,2.1228912153742736,2.604557750374016,1.1598240117641672
86.0,264.0,1225.571044921875,-3.33223860141684,1.4776753359341857,1.735005102395289,1.8720516468753288,0.785279979854354,-1.3197541867853686,-1.088192786034576,2.1228912153742736,2.604557750374016,1.1598240118654837
86.0,264.0,1225.5943603515625,-3.332230642769094,1.477658298120457,1.735005102395289,1.8720516492186043,0.7845290222684083,-1.319753742706974,-1.083255679542545,2.122891215329479,2.604507895476897,1.1598239990458556
86.0,264.0,1225.5947265625,-3.332230642769094,1.4776581598740033,1.735005102395289,1.8720516492186043,0.7848088690069294,-1.3197245132804036,-1.0832556796012047,2.122891214791052,2.6045077983176967,1.1598239990335693
86.0,264.0,1225.5947265625,-3.332230642769094,1.4776581598740033,1.735005102395289,1.872051652567587,0.7848088690069294,-1.3197245132804036,-1.0832556796012047,2.1228912148013475,2.604507898813126,1.1598239990335693
86.0,264.0,1225.59521484375,-3.332230642769094,1.477658298120457,1.735005102395289,1.8720516492186043,0.7852974854991738,-1.3197245132804036,-1.0832556792690258,2.122891215329479,2.604507895476897,1.1598239990458556
86.0,264.0,1225.59521484375,-3.332230642769094,1.477658298120457,1.735005102395289,1.8720516492186043,0.7852974854991738,-1.3197245132804036,-1.0832556796034405,2.122891215329479,2.6045077983176967,1.1598239990335693
86.0,264.0,1225.59521484375,-3.3322397302893725,1.477658757983535,1.735005102395289,1.8720516492186043,0.7852974854991738,-1.3197245132804036,-1.0832556792690256,2.122891215329479,2.604506713058252,1.1598239990458556
86.0,264.0,1225.59521484375,-3.332230642769094,1.477658298120457,1.735005102395289,1.8720516492186043,0.7852974854991738,-1.3197245132804036,-1.0832556792690258,2.122891215329479,2.604507895476897,1.1598239990458556
86.0,264.0,1225.59521484375,-3.332230642769094,1.4776582177857387,1.735005102395289,1.8720516525919544,0.7852974854991738,-1.3197243291908582,-1.083255679270453,2.122891214800556,2.604507895476897,1.1598239990463968
86.0,264.0,1225.59521484375,-3.332230642769094,1.4776582177857387,1.735005102395289,1.872051649242972,0.7852974854991738,-1.3197243291908582,-1.083255679270453,2.1228912147902603,2.604507794981468,1.1598239990463968
86.0,264.0,1225.59521484375,-3.332230642769094,1.4776583211645349,1.735005102395289,1.8720516492186043,0.7852974854991738,-1.3197245132804036,-1.083255679276309,2.122891215329479,2.604507895476897,1.1598239989984842
86.0,264.0,1225.595703125,-3.3322404537261576,1.4776581006428406,1.735005102395289,1.8720516510800287,0.7844768050561605,-1.319755128994382,-1.0832556795465225,2.122891214814533,2.604556384397715,1.1598239999250448
86.0,264.0,1225.5958251953125,-3.332239749015718,1.477660066081671,1.735005102395289,1.872051739414037,0.784450617507691,-1.3197542676133622,-1.0832556795489277,2.122891214815703,2.604556472600028,1.1598239990015282
86.0,264.0,1225.5958251953125,-3.332238622109474,1.4776600280932162,1.735005102395289,1.87205164714872,0.7844765456944707,-1.3197542676133622,-1.08325567926894,2.122891214815703,2.604556472600028,1.159823999920483
86.0,264.0,1225.5958251953125,-3.332239749015718,1.477660066081671,1.735005102395289,1.872051739414037,0.784450617507691,-1.3197542676133622,-1.0832556795489277,2.122891214815703,2.604556472600028,1.159823999563382
86.0,264.0,1225.5958251953125,-3.332239749015718,1.477660146416389,1.735005102395289,1.872051736040688,0.784450617507691,-1.3197544517029078,-1.0832556795475003,2.1228912153446258,2.604556472600028,1.159823999000987
86.0,264.0,1225.5958251953125,-3.332238622109474,1.477659856415249,1.735005102395289,1.87205164714872,0.7844765456944707,-1.3197542676133622,-1.08325567926894,2.122891214815703,2.604556472600028,1.159824010125028
86.0,264.0,1225.5958251953125,-3.332239749015718,1.4776600250424592,1.735005102395289,1.8720517359848183,0.784450617507691,-1.3197544517029078,-1.0832556795434989,2.1228912153446258,2.604556472600028,1.159823999000987
86.0,264.0,1225.5958251953125,-3.3322397385713907,1.477660066081671,1.735005102395289,1.8720517462258948,0.784475441144336,-1.3197542676133622,-1.0832556795489277,2.122891214815703,2.604556472600028,1.1598239991071717
86.0,264.0,1225.5958251953125,-3.332231098085069,1.4776603478191015,1.735005102395289,1.872051739414037,0.7844712236450736,-1.3197542676133622,-1.0832556795489277,2.122891214815703,2.604556472600028,1.1598239995630886
86.0,264.0,1225.595947265625,-3.3322387043978767,1.477669997171944,1.735005102395289,1.87205173938002,0.7848030125600601,-1.3197557871439105,-1.08325567926894,2.122891214815703,2.6045446432734005,1.1598240112925928
86.0,264.0,1225.595947265625,-3.332239932977372,1.477665769460105,1.735005102395289,1.8720516363420685,0.7844765456944707,-1.3197542676133622,-1.0832556795293031,2.122891214815703,2.6045564701784576,1.1598240117641672
86.0,264.0,1225.595947265625,-3.332240169956968,1.477665769460105,1.735005102395289,1.872051746089883,0.7844763297743866,-1.3197542676133622,-1.0832556795291963,2.122891214815703,2.6045564701784576,1.1598240121322247
86.0,264.0,1225.5960693359375,-3.332239751687675,1.4776752596468778,1.735005102395289,1.872051739369094,0.7844706143246933,-1.3197542676133622,-1.08325567926894,2.122891214815703,2.604553750150975,1.1598240002085365
86.0,264.0,1225.5960693359375,-3.332239751687675,1.4776752538640117,1.735005102395289,1.87205173691566,0.7845443053574597,-1.3197542676133622,-1.08325567926894,2.122891214815703,2.604553750150975,1.1598240002085365
86.0,264.0,1225.5960693359375,-3.332238622109474,1.4776752585176876,1.735005102395289,1.8720517402360093,0.7844764448969866,-1.3197531832441003,-1.08325567926894,2.122891214815703,2.604555814442199,1.1598240117637666
86.0,264.0,1225.5960693359375,-3.3322306641673967,1.4776747997837996,1.735005102395289,1.872051739369094,0.7844706143246933,-1.3197542676133622,-1.0832556792689405,2.122891214815703,2.60455493256962,1.1598240002085365
86.0,264.0,1225.5960693359375,-3.332239718317187,1.4776752538640117,1.735005102395289,1.8720516545882355,0.7844784015966133,-1.3197542676133622,-1.08325567926894,2.122891214815703,2.604553921544948,1.1598240005636589
86.0,264.0,1225.5960693359375,-3.3322397625305182,1.4776752538640117,1.735005102395289,1.87205173691566,0.7845443053574597,-1.3197542669541311,-1.0832556792688552,2.122891214815703,2.604553750150975,1.1598240002864677
86.0,264.0,1225.5960693359375,-3.332239315098045,1.477674518046369,1.735005102395289,1.872051739369094,0.7844500081873108,-1.3197542676133622,-1.0832556792689405,2.122891214815703,2.60455493256962,1.1598240002088298
86.0,264.0,1225.5960693359375,-3.332239751687675,1.4776753810208076,1.735005102395289,1.8720517394249632,0.7844706143246933,-1.3197542676133622,-1.0832556792729418,2.122891214815703,2.604553750150975,1.1598240002085365
86.0,264.0,1225.5960693359375,-3.332239718317187,1.4776752538640117,1.735005102395289,1.87205165439926,0.784470579997512,-1.3197542676133622,-1.08325567926894,2.122891214815703,2.604553921544948,1.1598240120356045
86.0,264.0,1225.59619140625,-3.332238622109474,1.4776752596468778,1.735005102395289,1.872051650449423,0.7844765456944707,-1.3197542676133622,-1.08325567926894,2.122891214815703,2.604556472600028,1.1598240117641672
86.0,264.0,1225.59619140625,-3.332238622109474,1.4776752596468778,1.735005102395289,1.8720517402360093,0.7844765456944707,-1.3197542676133622,-1.08325567926894,2.122891214815703,2.604556472600028,1.1598240117641672
86.0,264.0,1225.59619140625,-3.332238622109474,1.4776749152541129,1.735005102395289,1.872051650449423,0.7845438896712302,-1.3197522424408292,-1.0832556792689467,2.122891214815703,2.604556472600028,1.1598240118333436
86.0,264.0,1225.59619140625,-3.332239740989819,1.477675368939426,1.735005102395289,1.872051739429949,0.7844765456944707,-1.3197542676133622,-1.08325567926894,2.122891214815703,2.604556472600028,1.1598239995623894
86.0,264.0,1225.59619140625,-3.33225231434354,1.477675368939426,1.735005102395289,1.872051739414037,0.7844596338578791,-1.3197542676133622,-1.0832556795489277,2.122891214815703,2.604556472600028,1.159823999578964
86.0,264.0,1225.59619140625,-3.332240469817149,1.477675368939426,1.735005102395289,1.8720517394308804,0.7845280144992702,-1.319755128994382,-1.083255679566675,2.122891214814533,2.604556472600028,1.1598239995623894
86.0,264.0,1225.59619140625,-3.332239829895384,1.477674919316974,1.735005102395289,1.8720516367563345,0.7844765456944707,-1.3197542676133622,-1.0832556795293031,2.122891214815703,2.604556472600028,1.1598240117641672
86.0,264.0,1225.59619140625,-3.332238622109474,1.4776752596468778,1.735005102395289,1.872051650449423,0.7844785577959752,-1.3197542676133622,-1.08325567926894,2.122891214815703,2.604556472600028,1.1598240117641672
86.0,264.0,1225.59619140625,-3.332238622109474,1.4776752596468778,1.735005102395289,1.872051650449423,0.7844765456944707,-1.3197542676133622,-1.08325567926894,2.122891214815703,2.604556472600028,1.1598240117641672
86.0,264.0,1225.59619140625,-3.332240470926231,1.477675368939426,1.735005102395289,1.872051739430858,0.7845296851547398,-1.3197551472138178,-1.0832556795426496,2.122891214814533,2.604556472600028,1.1598239995623894
86.0,264.0,1225.59619140625,-3.332238622109474,1.4776752596468778,1.735005102395289,1.8720517402360093,0.7844764448969866,-1.3197542676133622,-1.08325567926894,2.122891214815703,2.604556472600028,1.1598240117641672
86.0,264.0,1225.59619140625,-3.332238622109474,1.477674921036979,1.735005102395289,1.8720516529028568,0.7844701986384639,-1.3197522424408292,-1.0832556792689467,2.122891214815703,2.604556472600028,1.1598240118333436
86.0,264.0,1225.59619140625,-3.332239829895384,1.477674919316974,1.735005102395289,1.8720516367563345,0.7844765456944707,-1.3197542676133622,-1.0832556795293031,2.122891214815703,2.604556472600028,1.1598240117641672
86.0,264.0,1225.59619140625,-3.332238622109474,1.4776752596468778,1.735005102395289,1.872051650449423,0.7844785577959752,-1.3197542676133622,-1.08325567926894,2.122891214815703,2.604556472600028,1.1598240117653054
86.0,264.0,1225.59619140625,-3.332238622109474,1.4776752596468778,1.735005102395289,1.872051650449423,0.7844786585934592,-1.3197542676133622,-1.08325567926894,2.122891214815703,2.604556472600028,1.1598240117641672
86.0,264.0,1225.59619140625,-3.332238622109474,1.4776749099785382,1.735005102395289,1.872051650449423,0.7844702742900842,-1.31975427010684,-1.08325567926894,2.122891214815703,2.604556472600028,1.1598240117641672
86.0,264.0,1225.59619140625,-3.33224014836534,1.4776752596468778,1.735005102395289,1.8720517402360093,0.7845352207536103,-1.319753622924021,-1.08325567926894,2.1228912148574017,2.604556472600028,1.1598240117641672
86.0,265.0,1225.56982421875,-3.33223860141684,1.4776753359341857,1.735005102395289,1.8720516468753288,0.7852794194768244,-1.319753893316192,-1.0884988760497676,2.1228912153280883,2.604557750374016,1.1598240118654837
86.0,265.0,1225.571044921875,-3.332239677239964,1.4776753359341857,1.735005102395289,1.872051650449423,0.785279979854354,-1.319753125721209,-1.088192786034576,2.1228912153742736,2.604557750374016,1.1598240117641672
86.0,265.0,1225.571044921875,-3.33223860141684,1.4776753359341857,1.735005102395289,1.8720516468753288,0.785279979854354,-1.3197541867853686,-1.088192786034576,2.1228912153742736,2.604557750374016,1.1598240118654837
86.0,265.0,1225.571044921875,-3.332239677239964,1.477675337212316,1.735005102395289,1.872051650449423,0.785279979854354,-1.319753125721209,-1.088192786034576,2.1228912153742736,2.6045576929715737,1.1598240117652716
86.0,265.0,1225.5787353515625,-3.332239646255047,1.477659431486541,1.746488166594365,1.8720516492186043,0.7852974854991738,-1.3197534895434933,-1.0832556792690258,2.122891214766786,2.6045078114172,1.159823999069767
86.0,265.0,1225.5943603515625,-3.332230642769094,1.477658298120457,1.735005102395289,1.8720516492186043,0.7845290222684083,-1.319753742706974,-1.083255679542545,2.122891215329479,2.604507895476897,1.1598239990458556
86.0,265.0,1225.5947265625,-3.332230642769094,1.4776581598740033,1.735005102395289,1.8720516492186043,0.7848088690069294,-1.3197245132804036,-1.0832556796012047,2.122891214791052,2.6045077983176967,1.1598239990335693
86.0,265.0,1225.5947265625,-3.332230642769094,1.4776581598740033,1.735005102395289,1.872051652567587,0.7848088690069294,-1.3197245132804036,-1.0832556796012047,2.1228912148013475,2.604507898813126,1.1598239990335693
86.0,265.0,1225.5948486328125,-3.332230179039632,1.4776757813249703,1.735005102395289,1.8720516494093264,0.784470579997512,-1.3197542676133622,-1.08325567926894,2.122891214815703,2.6045090188739377,1.1598240120409695
86.0,265.0,1225.59521484375,-3.332230642769094,1.477658298120457,1.735005102395289,1.8720516492186043,0.7852974854991738,-1.3197245132804036,-1.0832556792690258,2.122891215329479,2.604507895476897,1.1598239990458556
86.0,265.0,1225.59521484375,-3.332230642769094,1.477658298120457,1.735005102395289,1.8720516492186043,0.7852974854991738,-1.3197245132804036,-1.0832556796034405,2.122891215329479,2.6045077983176967,1.1598239990335693
86.0,265.0,1225.59521484375,-3.3322397302893725,1.477658757983535,1.735005102395289,1.8720516492186043,0.7852974854991738,-1.3197245132804036,-1.0832556792690256,2.122891215329479,2.604506713058252,1.1598239990458556
86.0,265.0,1225.59521484375,-3.332230642769094,1.477658298120457,1.735005102395289,1.8720516492186043,0.7852974854991738,-1.3197245132804036,-1.0832556792690258,2.122891215329479,2.604507895476897,1.1598239990458556
86.0,265.0,1225.59521484375,-3.332230642769094,1.4776582177857387,1.735005102395289,1.8720516525919544,0.7852974854991738,-1.3197243291908582,-1.083255679270453,2.122891214800556,2.604507895476897,1.1598239990463968
86.0,265.0,1225.59521484375,-3.332230642769094,1.4776582177857387,1.735005102395289,1.872051649242972,0.7852974854991738,-1.3197243291908582,-1.083255679270453,2.1228912147902603,2.604507794981468,1.1598239990463968
86.0,265.0,1225.59521484375,-3.332230642769094,1.4776583211645349,1.735005102395289,1.8720516492186043,0.7852974854991738,-1.3197245132804036,-1.083255679276309,2.122891215329479,2.604507895476897,1.1598239989984842
86.0,265.0,1225.59521484375,-3.332230642769094,1.477658298433692,1.735005102395289,1.872051649243044,0.7852974854991738,-1.3197245132804036,-1.0832556796034405,2.122891215329479,2.6045077983176967,1.1598239990335693
86.0,265.0,1225.59521484375,-3.332239614384082,1.4776582177857387,1.735005102395289,1.872051649242972,0.7852974854991738,-1.319725899711246,-1.0832556792704362,2.122891214815976,2.604507794981468,1.159823999059033
86.0,265.0,1225.595458984375,-3.3322397368335537,1.477660066081671,1.735005102395289,1.8720517393797311,0.7844565386627335,-1.3197557859440183,-1.0832556795673067,2.122891214815703,2.604545456442109,1.1598239990015282
86.0,265.0,1225.595703125,-3.3322404537261576,1.4776581006428406,1.735005102395289,1.8720516510800287,0.7844768050561605,-1.319755128994382,-1.0832556795465225,2.122891214814533,2.604556384397715,1.1598239999250448
86.0,265.0,1225.5958251953125,-3.332239749015718,1.477660066081671,1.735005102395289,1.872051739414037,0.784450617507691,-1.3197542676133622,-1.0832556795489277,2.122891214815703,2.604556472600028,1.1598239990015282
86.0,265.0,1225.5958251953125,-3.332238622109474,1.4776600280932162,1.735005102395289,1.87205164714872,0.7844765456944707,-1.3197542676133622,-1.08325567926894,2.122891214815703,2.604556472600028,1.159823999920483
86.0,265.0,1225.5958251953125,-3.332239749015718,1.477660066081671,1.735005102395289,1.872051739414037,0.784450617507691,-1.3197542676133622,-1.0832556795489277,2.122891214815703,2.604556472600028,1.159823999563382
86.0,265.0,1225.5958251953125,-3.332239749015718,1.477660146416389,1.735005102395289,1.872051736040688,0.784450617507691,-1.3197544517029078,-1.0832556795475003,2.1228912153446258,2.604556472600028,1.159823999000987
86.0,265.0,1225.5958251953125,-3.332238622109474,1.477659856415249,1.735005102395289,1.87205164714872,0.7844765456944707,-1.3197542676133622,-1.08325567926894,2.122891214815703,2.604556472600028,1.159824010125028
86.0,265.0,1225.5958251953125,-3.332239749015718,1.4776600250424592,1.735005102395289,1.8720517359848183,0.784450617507691,-1.3197544517029078,-1.0832556795434989,2.1228912153446258,2.604556472600028,1.159823999000987
86.0,265.0,1225.5958251953125,-3.3322397385713907,1.477660066081671,1.735005102395289,1.8720517462258948,0.784475441144336,-1.3197542676133622,-1.0832556795489277,2.122891214815703,2.604556472600028,1.1598239991071717
86.0,265.0,1225.5958251953125,-3.332231098085069,1.4776603478191015,1.735005102395289,1.872051739414037,0.7844712236450736,-1.3197542676133622,-1.0832556795489277,2.122891214815703,2.604556472600028,1.1598239995630886
86.0,265.0,1225.5958251953125,-3.332238622109474,1.4776589248643024,1.735005102395289,1.8720517402360093,0.784528319055114,-1.3197542676133622,-1.083255679279916,2.1228912153285995,2.604556472600028,1.1598239984791645
86.0,265.0,1225.5958251953125,-3.332239749015718,1.4776602689209937,1.735005102395289,1.8720516504148144,0.784450617507691,-1.319754565417419,-1.0832556795475003,2.122891214831402,2.604556472600028,1.1598239995690471
86.0,265.0,1225.5958251953125,-3.332239749015718,1.4776600934291189,1.735005102395289,1.8720517347807808,0.784450617507691,-1.3197544517029078,-1.0832556795434989,2.1228912153446897,2.6045563466718966,1.159823999042999
86.0,265.0,1225.5958251953125,-3.332231098085069,1.4776603478191015,1.735005102395289,1.872051739414037,0.7844712236450736,-1.3197542676133622,-1.0832556795489277,2.122891214815703,2.604556472600028,1.1598239995630886
86.0,265.0,1225.595947265625,-3.3322387043978767,1.477669997171944,1.735005102395289,1.87205173938002,0.7848030125600601,-1.3197557871439105,-1.08325567926894,2.122891214815703,2.6045446432734005,1.1598240112925928
86.0,265.0,1225.595947265625,-3.332239932977372,1.477665769460105,1.735005102395289,1.8720516363420685,0.7844765456944707,-1.3197542676133622,-1.0832556795293031,2.122891214815703,2.6045564701784576,1.1598240117641672
86.0,265.0,1225.595947265625,-3.332240169956968,1.477665769460105,1.735005102395289,1.872051746089883,0.7844763297743866,-1.3197542676133622,-1.0832556795291963,2.122891214815703,2.6045564701784576,1.1598240121322247
86.0,265.0,1225.595947265625,-3.332239764026172,1.4776658164956928,1.735005102395289,1.872051746089883,0.784476492973272,-1.3197542676133622,-1.0832556795291963,2.122891214815703,2.6045564701784576,1.1598240121322247
86.0,265.0,1225.5960693359375,-3.332239751687675,1.4776752596468778,1.735005102395289,1.872051739369094,0.7844706143246933,-1.3197542676133622,-1.08325567926894,2.122891214815703,2.604553750150975,1.1598240002085365
86.0,265.0,1225.5960693359375,-3.332239751687675,1.4776752538640117,1.735005102395289,1.87205173691566,0.7845443053574597,-1.3197542676133622,-1.08325567926894,2.122891214815703,2.604553750150975,1.1598240002085365
86.0,265.0,1225.5960693359375,-3.332238622109474,1.4776752585176876,1.735005102395289,1.8720517402360093,0.7844764448969866,-1.3197531832441003,-1.08325567926894,2.122891214815703,2.604555814442199,1.1598240117637666
86.0,265.0,1225.5960693359375,-3.3322306641673967,1.4776747997837996,1.735005102395289,1.872051739369094,0.7844706143246933,-1.3197542676133622,-1.0832556792689405,2.122891214815703,2.60455493256962,1.1598240002085365
86.0,265.0,1225.5960693359375,-3.332239718317187,1.4776752538640117,1.735005102395289,1.8720516545882355,0.7844784015966133,-1.3197542676133622,-1.08325567926894,2.122891214815703,2.604553921544948,1.1598240005636589
86.0,265.0,1225.5960693359375,-3.3322397625305182,1.4776752538640117,1.735005102395289,1.87205173691566,0.7845443053574597,-1.3197542669541311,-1.0832556792688552,2.122891214815703,2.604553750150975,1.1598240002864677
86.0,265.0,1225.5960693359375,-3.332239315098045,1.477674518046369,1.735005102395289,1.872051739369094,0.7844500081873108,-1.3197542676133622,-1.0832556792689405,2.122891214815703,2.60455493256962,1.1598240002088298
86.0,265.0,1225.5960693359375,-3.332239751687675,1.4776753810208076,1.735005102395289,1.8720517394249632,0.7844706143246933,-1.3197542676133622,-1.0832556792729418,2.122891214815703,2.604553750150975,1.1598240002085365
86.0,265.0,1225.5960693359375,-3.332239718317187,1.4776752538640117,1.735005102395289,1.87205165439926,0.784470579997512,-1.3197542676133622,-1.08325567926894,2.122891214815703,2.604553921544948,1.1598240120356045
86.0,265.0,1225.5960693359375,-3.332230780072688,1.4776752596468778,1.735005102395289,1.872051739369094,0.7844706143246933,-1.3197526970929747,-1.083255679268957,2.122891214789988,2.604553750150975,1.1598240001958997
86.0,265.0,1225.59619140625,-3.332238622109474,1.4776752596468778,1.735005102395289,1.872051650449423,0.7844765456944707,-1.3197542676133622,-1.08325567926894,2.122891214815703,2.604556472600028,1.1598240117641672
86.0,265.0,1225.59619140625,-3.332238622109474,1.4776752596468778,1.735005102395289,1.8720517402360093,0.7844765456944707,-1.3197542676133622,-1.08325567926894,2.122891214815703,2.604556472600028,1.1598240117641672
86.0,265.0,1225.59619140625,-3.332238622109474,1.4776749152541129,1.735005102395289,1.872051650449423,0.7845438896712302,-1.3197522424408292,-1.0832556792689467,2.122891214815703,2.604556472600028,1.1598240118333436
86.0,265.0,1225.59619140625,-3.332239740989819,1.477675368939426,1.735005102395289,1.872051739429949,0.7844765456944707,-1.3197542676133622,-1.08325567926894,2.122891214815703,2.604556472600028,1.1598239995623894
86.0,266.0,1225.56982421875,-3.33223860141684,1.4776753359341857,1.735005102395289,1.8720516468753288,0.7852794194768244,-1.319753893316192,-1.0884988760497676,2.1228912153280883,2.604557750374016,1.1598240118654837
86.0,266.0,1225.570068359375,-3.332230642769094,1.4776590891265513,1.735005102395289,1.8720516492186043,0.7845531249978056,-1.319753751670644,-1.0877941457102551,2.122891215330473,2.604507895476897,1.1598239990458556
86.0,266.0,1225.5704345703125,-3.3322397519022853,1.4776753810208076,1.735005102395289,1.8720517394249632,0.7845268459502449,-1.3197541858654709,-1.088111722106968,2.1228912148413843,2.6045575947929915,1.1598240002085365
86.0,266.0,1225.571044921875,-3.332239677239964,1.4776753359341857,1.735005102395289,1.872051650449423,0.785279979854354,-1.319753125721209,-1.088192786034576,2.1228912153742736,2.604557750374016,1.1598240117641672
86.0,266.0,1225.571044921875,-3.33223860141684,1.4776753359341857,1.735005102395289,1.8720516468753288,0.785279979854354,-1.3197541867853686,-1.088192786034576,2.1228912153742736,2.604557750374016,1.1598240118654837
86.0,266.0,1225.571044921875,-3.332239677239964,1.477675337212316,1.735005102395289,1.872051650449423,0.785279979854354,-1.319753125721209,-1.088192786034576,2.1228912153742736,2.6045576929715737,1.1598240117652716
86.0,266.0,1225.571044921875,-3.33223860141684,1.4776753359341857,1.735005102395289,1.8720516468753288,0.785279979854354,-1.3197541867853686,-1.088192786034576,2.1228912153742736,2.604557750374016,1.1598240118654837
86.0,266.0,1225.571044921875,-3.3322386340468046,1.4776753359341857,1.735005102395289,1.872051650449423,0.785279979854354,-1.3197530944001352,-1.088192786034576,2.1228912153742736,2.604557750374016,1.1598240117641672
86.0,266.0,1225.5787353515625,-3.332239646255047,1.477659431486541,1.746488166594365,1.8720516492186043,0.7852974854991738,-1.3197534895434933,-1.0832556792690258,2.122891214766786,2.6045078114172,1.159823999069767
86.0,266.0,1225.578857421875,-3.332239612201364,1.4776593831511515,1.7465707807106077,1.872051649242972,0.7852974854991738,-1.3197261622552086,-1.083255679268831,2.122891214815976,2.604507811414994,1.159823999059033
86.0,266.0,1225.59423828125,-3.332239677239964,1.4776745462062213,1.735005102395289,1.872051650449423,0.7852558771249566,-1.3197531167575387,-1.083654319866866,2.12289121537328,2.6045576929715737,1.1598240117652716
86.0,266.0,1225.5943603515625,-3.332230642769094,1.477658298120457,1.735005102395289,1.8720516492186043,0.7845290222684083,-1.319753742706974,-1.083255679542545,2.122891215329479,2.604507895476897,1.1598239990458556
86.0,266.0,1225.594482421875,-3.332230642769094,1.477659653161738,1.735005102395289,1.8720516492244608,0.7845290222684083,-1.319753742706974,-1.0832556795376125,2.122891215322958,2.604507895476897,1.1598240115796044
86.0,266.0,1225.594482421875,-3.3322303373629096,1.4776581598740033,1.735005102395289,1.872051654572932,0.7844639645578448,-1.3197245132804036,-1.0832556796012047,2.1228912148013475,2.604505726681289,1.1598239990672627
86.0,266.0,1225.5947265625,-3.332230642769094,1.4776581598740033,1.735005102395289,1.8720516492186043,0.7848088690069294,-1.3197245132804036,-1.0832556796012047,2.122891214791052,2.6045077983176967,1.1598239990335693
86.0,266.0,1225.5947265625,-3.332230642769094,1.4776581598740033,1.735005102395289,1.872051652567587,0.7848088690069294,-1.3197245132804036,-1.0832556796012047,2.1228912148013475,2.604507898813126,1.1598239990335693
86.0,266.0,1225.5947265625,-3.3322397471078755,1.477659431486541,1.7349343091918537,1.8720516462091028,0.7844518852903837,-1.3197544543179922,-1.0832556792690258,2.122891214766786,2.6045078114172,1.159823999069767
86.0,266.0,1225.5947265625,-3.332230642769094,1.4776581598740033,1.735005102395289,1.8720516492186043,0.7848088690069294,-1.3197245132804036,-1.083255679266918,2.122891214791052,2.6045077954012115,1.1598239990326422
86.0,266.0,1225.5948486328125,-3.332230179039632,1.4776757813249703,1.735005102395289,1.8720516494093264,0.784470579997512,-1.3197542676133622,-1.08325567926894,2.122891214815703,2.6045090188739377,1.1598240120409695
86.0,266.0,1225.59521484375,-3.332230642769094,1.477658298120457,1.735005102395289,1.8720516492186043,0.7852974854991738,-1.3197245132804036,-1.0832556792690258,2.122891215329479,2.604507895476897,1.1598239990458556
86.0,266.0,1225.59521484375,-3.332230642769094,1.477658298120457,1.735005102395289,1.8720516492186043,0.7852974854991738,-1.3197245132804036,-1.0832556796034405,2.122891215329479,2.6045077983176967,1.1598239990335693
86.0,266.0,1225.59521484375,-3.3322397302893725,1.477658757983535,1.735005102395289,1.8720516492186043,0.7852974854991738,-1.3197245132804036,-1.0832556792690256,2.122891215329479,2.604506713058252,1.1598239990458556
86.0,266.0,1225.59521484375,-3.332230642769094,1.477658298120457,1.735005102395289,1.8720516492186043,0.7852974854991738,-1.3197245132804036,-1.0832556792690258,2.122891215329479,2.604507895476897,1.1598239990458556
86.0,266.0,1225.59521484375,-3.332230642769094,1.4776582177857387,1.735005102395289,1.8720516525919544,0.7852974854991738,-1.3197243291908582,-1.083255679270453,2.122891214800556,2.604507895476897,1.1598239990463968
86.0,266.0,1225.59521484375,-3.332230642769094,1.4776582177857387,1.735005102395289,1.872051649242972,0.7852974854991738,-1.3197243291908582,-1.083255679270453,2.1228912147902603,2.604507794981468,1.1598239990463968
86.0,266.0,1225.59521484375,-3.332230642769094,1.4776583211645349,1.735005102395289,1.8720516492186043,0.7852974854991738,-1.3197245132804036,-1.083255679276309,2.122891215329479,2.604507895476897,1.1598239989984842
86.0,266.0,1225.59521484375,-3.332230642769094,1.477658298433692,1.735005102395289,1.872051649243044,0.7852974854991738,-1.3197245132804036,-1.0832556796034405,2.122891215329479,2.6045077983176967,1.1598239990335693
86.0,266.0,1225.59521484375,-3.332239614384082,1.4776582177857387,1.735005102395289,1.872051649242972,0.7852974854991738,-1.319725899711246,-1.0832556792704362,2.122891214815976,2.604507794981468,1.159823999059033
86.0,266.0,1225.59521484375,-3.332230642769094,1.477658298120457,1.735005102395289,1.8720516492186043,0.7852974854991738,-1.3197245132804036,-1.083255679603312,2.122891215329479,2.6045078983933827,1.159823999046783
86.0,266.0,1225.595458984375,-3.3322397368335537,1.477660066081671,1.735005102395289,1.8720517393797311,0.7844565386627335,-1.3197557859440183,-1.0832556795673067,2.122891214815703,2.604545456442109,1.1598239990015282
86.0,266.0,1225.595458984375,-3.3322397368335537,1.477660066081671,1.735005102395289,1.8720517393797311,0.7844565386627335,-1.3197557859440183,-1.0832556795673067,2.122891214815703,2.604545456442109,1.1598239990015282
86.0,266.0,1225.595703125,-3.3322404537261576,1.4776581006428406,1.735005102395289,1.8720516510800287,0.7844768050561605,-1.319755128994382,-1.0832556795465225,2.122891214814533,2.604556384397715,1.1598239999250448
86.0,266.0,1225.5958251953125,-3.332239749015718,1.477660066081671,1.735005102395289,1.872051739414037,0.784450617507691,-1.3197542676133622,-1.0832556795489277,2.122891214815703,2.604556472600028,1.1598239990015282
86.0,266.0,1225.5958251953125,-3.332238622109474,1.4776600280932162,1.735005102395289,1.87205164714872,0.7844765456944707,-1.3197542676133622,-1.08325567926894,2.122891214815703,2.604556472600028,1.159823999920483
86.0,266.0,1225.5958251953125,-3.332239749015718,1.477660066081671,1.735005102395289,1.872051739414037,0.784450617507691,-1.3197542676133622,-1.0832556795489277,2.122891214815703,2.604556472600028,1.159823999563382
86.0,266.0,1225.5958251953125,-3.332239749015718,1.477660146416389,1.735005102395289,1.872051736040688,0.784450617507691,-1.3197544517029078,-1.0832556795475003,2.1228912153446258,2.604556472600028,1.159823999000987
86.0,266.0,1225.5958251953125,-3.332238622109474,1.477659856415249,1.735005102395289,1.87205164714872,0.7844765456944707,-1.3197542676133622,-1.08325567926894,2.122891214815703,2.604556472600028,1.159824010125028
86.0,266.0,1225.5958251953125,-3.332239749015718,1.4776600250424592,1.735005102395289,1.8720517359848183,0.784450617507691,-1.3197544517029078,-1.0832556795434989,2.1228912153446258,2.604556472600028,1.159823999000987
86.0,266.0,1225.5958251953125,-3.3322397385713907,1.477660066081671,1.735005102395289,1.8720517462258948,0.784475441144336,-1.3197542676133622,-1.0832556795489277,2.122891214815703,2.604556472600028,1.1598239991071717
86.0,266.0,1225.5958251953125,-3.332231098085069,1.4776603478191015,1.735005102395289,1.872051739414037,0.7844712236450736,-1.3197542676133622,-1.0832556795489277,2.122891214815703,2.604556472600028,1.1598239995630886
86.0,266.0,1225.5958251953125,-3.332238622109474,1.4776589248643024,1.735005102395289,1.8720517402360093,0.784528319055114,-1.3197542676133622,-1.083255679279916,2.1228912153285995,2.604556472600028,1.1598239984791645
86.0,266.0,1225.5958251953125,-3.332239749015718,1.4776602689209937,1.735005102395289,1.8720516504148144,0.784450617507691,-1.319754565417419,-1.0832556795475003,2.122891214831402,2.604556472600028,1.1598239995690471
86.0,266.0,1225.5958251953125,-3.332239749015718,1.4776600934291189,1.735005102395289,1.8720517347807808,0.784450617507691,-1.3197544517029078,-1.0832556795434989,2.1228912153446897,2.6045563466718966,1.159823999042999
86.0,266.0,1225.5958251953125,-3.332231098085069,1.4776603478191015,1.735005102395289,1.872051739414037,0.7844712236450736,-1.3197542676133622,-1.0832556795489277,2.122891214815703,2.604556472600028,1.1598239995630886
86.0,266.0,1225.5958251953125,-3.332239749015718,1.4776602689209937,1.735005102395289,1.872051650400752,0.7844749118544808,-1.319754266509793,-1.0832556792541967,2.122891214831402,2.604556472600028,1.159823998709112
86.0,266.0,1225.5958251953125,-3.332238516401381,1.477658842233361,1.735005102395289,1.8720516510800287,0.784531149041212,-1.319755128994382,-1.0832556793069892,2.122891214805273,2.604556388699324,1.1598239999250448
86.0,266.0,1225.5958251953125,-3.332238622109474,1.477659856415249,1.735005102395289,1.8720516471627824,0.7844522513476807,-1.3197545665209884,-1.0832556795622437,2.122891214815703,2.604556472600028,1.159824010984963
86.0,266.0,1225.595947265625,-3.3322387043978767,1.477669997171944,1.735005102395289,1.87205173938002,0.7848030125600601,-1.3197557871439105,-1.08325567926894,2.122891214815703,2.6045446432734005,1.1598240112925928
86.0,266.0,1225.595947265625,-3.332239932977372,1.477665769460105,1.735005102395289,1.8720516363420685,0.7844765456944707,-1.3197542676133622,-1.0832556795293031,2.122891214815703,2.6045564701784576,1.1598240117641672
86.0,266.0,1225.595947265625,-3.332240169956968,1.477665769460105,1.735005102395289,1.872051746089883,0.7844763297743866,-1.3197542676133622,-1.0832556795291963,2.122891214815703,2.6045564701784576,1.1598240121322247
86.0,267.0,1225.567626953125,-3.3322391693674254,1.4776589290120066,1.735005102395289,1.8720516492186043,0.7848155080184954,-1.3197245132804036,-1.0885308442238677,2.122891214780707,2.6045104113468,1.1598239990319656
86.0,267.0,1225.56982421875,-3.33223860141684,1.4776753359341857,1.735005102395289,1.8720516468753288,0.7852794194768244,-1.319753893316192,-1.0884988760497676,2.1228912153280883,2.604557750374016,1.1598240118654837
86.0,267.0,1225.56982421875,-3.33223860141684,1.4776753359341857,1.735005102395289,1.8720516468753288,0.7852794194768244,-1.319753893316192,-1.0884988760497676,2.1228912153280883,2.604557750374016,1.1598240118654837
86.0,267.0,1225.5699462890625,-3.3322397368335537,1.4776588359166338,1.735005102395289,1.8720516531189029,0.7844482115434469,-1.3197555546395596,-1.0880299877652932,2.122891214817068,2.604545456442109,1.1598239990015282
86.0,267.0,1225.5699462890625,-3.332239677239964,1.4776753359341857,1.735005102395289,1.872051657845772,0.7844198799570642,-1.319753125721209,-1.088192786034576,2.1228912153423667,2.604556621464788,1.1598239991582122
86.0,267.0,1225.570068359375,-3.332230642769094,1.4776590891265513,1.735005102395289,1.8720516492186043,0.7845531249978056,-1.319753751670644,-1.0877941457102551,2.122891215330473,2.604507895476897,1.1598239990458556
86.0,267.0,1225.570068359375,-3.332239677239964,1.477675337212316,1.735005102395289,1.8720516492315264,0.785279979854354,-1.3197520890348544,-1.0881096931381256,2.122891214782172,2.6045072121107027,1.1598240117652716
86.0,267.0,1225.5704345703125,-3.3322397519022853,1.4776753810208076,1.735005102395289,1.8720517394249632,0.7845268459502449,-1.3197541858654709,-1.088111722106968,2.1228912148413843,2.6045575947929915,1.1598240002085365
86.0,267.0,1225.571044921875,-3.332239677239964,1.4776753359341857,1.735005102395289,1.872051650449423,0.785279979854354,-1.319753125721209,-1.088192786034576,2.1228912153742736,2.604557750374016,1.1598240117641672
86.0,267.0,1225.571044921875,-3.33223860141684,1.4776753359341857,1.735005102395289,1.8720516468753288,0.785279979854354,-1.3197541867853686,-1.088192786034576,2.1228912153742736,2.604557750374016,1.1598240118654837
86.0,267.0,1225.571044921875,-3.332239677239964,1.477675337212316,1.735005102395289,1.872051650449423,0.785279979854354,-1.319753125721209,-1.088192786034576,2.1228912153742736,2.6045576929715737,1.1598240117652716
86.0,267.0,1225.571044921875,-3.33223860141684,1.4776753359341857,1.735005102395289,1.8720516468753288,0.785279979854354,-1.3197541867853686,-1.088192786034576,2.1228912153742736,2.604557750374016,1.1598240118654837
86.0,267.0,1225.571044921875,-3.3322386340468046,1.4776753359341857,1.735005102395289,1.872051650449423,0.785279979854354,-1.3197530944001352,-1.088192786034576,2.1228912153742736,2.604557750374016,1.1598240117641672
86.0,267.0,1225.571044921875,-3.33223860141684,1.4776753359341857,1.735005102395289,1.8720516470214823,0.785279979854354,-1.3197541867853686,-1.088192786034576,2.1228912153742736,2.604557750374016,1.1598240117718503
86.0,267.0,1225.571044921875,-3.3322306048778056,1.4776753359341857,1.735005102395289,1.872051649186382,0.7852655080056046,-1.3197537570262263,-1.088192786034576,2.1228912153742736,2.604557750374016,1.1598240118654837
86.0,267.0,1225.5784912109375,-3.332239645963164,1.477659431486541,1.7462800619392935,1.8720516492186043,0.7852976056026664,-1.3197531096362345,-1.0832556792690258,2.122891214766786,2.6045078114172,1.159823999069767
86.0,267.0,1225.5787353515625,-3.332239646255047,1.477659431486541,1.746488166594365,1.8720516492186043,0.7852974854991738,-1.3197534895434933,-1.0832556792690258,2.122891214766786,2.6045078114172,1.159823999069767
86.0,267.0,1225.578857421875,-3.332239612201364,1.4776593831511515,1.7465707807106077,1.872051649242972,0.7852974854991738,-1.3197261622552086,-1.083255679268831,2.122891214815976,2.604507811414994,1.159823999059033
86.0,267.0,1225.59423828125,-3.332239677239964,1.4776745462062213,1.735005102395289,1.872051650449423,0.7852558771249566,-1.3197531167575387,-1.083654319866866,2.12289121537328,2.6045576929715737,1.1598240117652716
86.0,267.0,1225.5943603515625,-3.332230642769094,1.477658298120457,1.735005102395289,1.8720516492186043,0.7845290222684083,-1.319753742706974,-1.083255679542545,2.122891215329479,2.604507895476897,1.1598239990458556
86.0,267.0,1225.5943603515625,-3.332239734881356,1.4776581006428406,1.735007678601082,1.8720516459277048,0.7844521502376267,-1.319755128994382,-1.0832556795465225,2.122891214814533,2.6045090928093315,1.159823999987545
86.0,267.0,1225.594482421875,-3.332230642769094,1.477659653161738,1.735005102395289,1.8720516492244608,0.7845290222684083,-1.319753742706974,-1.0832556795376125,2.122891215322958,2.604507895476897,1.1598240115796044
86.0,267.0,1225.594482421875,-3.3322303373629096,1.4776581598740033,1.735005102395289,1.872051654572932,0.7844639645578448,-1.3197245132804036,-1.0832556796012047,2.1228912148013475,2.604505726681289,1.1598239990672627
86.0,267.0,1225.594482421875,-3.3322396231260107,1.4776582177857387,1.735005102395289,1.872051649242972,0.7845557038799212,-1.319754753512184,-1.0832556792798134,2.122891214815976,2.604510647680549,1.159823998486376
86.0,267.0,1225.5947265625,-3.332230642769094,1.4776581598740033,1.735005102395289,1.8720516492186043,0.7848088690069294,-1.3197245132804036,-1.0832556796012047,2.122891214791052,2.6045077983176967,1.1598239990335693
86.0,267.0,1225.5947265625,-3.332230642769094,1.4776581598740033,1.735005102395289,1.872051652567587,0.7848088690069294,-1.3197245132804036,-1.0832556796012047,2.1228912148013475,2.604507898813126,1.1598239990335693
86.0,267.0,1225.5947265625,-3.3322397471078755,1.477659431486541,1.7349343091918537,1.8720516462091028,0.7844518852903837,-1.3197544543179922,-1.0832556792690258,2.122891214766786,2.6045078114172,1.159823999069767
86.0,267.0,1225.5947265625,-3.332230642769094,1.4776581598740033,1.735005102395289,1.8720516492186043,0.7848088690069294,-1.3197245132804036,-1.083255679266918,2.122891214791052,2.6045077954012115,1.1598239990326422
86.0,267.0,1225.5947265625,-3.332230642769094,1.4776581598740033,1.735005102395289,1.8720516525971544,0.7847841859819427,-1.3197245132804036,-1.0832556796011297,2.1228912148013475,2.604507898813126,1.1598239990335693
86.0,267.0,1225.5947265625,-3.3322397519022853,1.4776599260115308,1.735005102395289,1.8720517394249632,0.7845267831508344,-1.3197541858654709,-1.083432937727017,2.1228912148159385,2.6045575947929915,1.159824000222475
86.0,267.0,1225.5948486328125,-3.332230179039632,1.4776757813249703,1.735005102395289,1.8720516494093264,0.784470579997512,-1.3197542676133622,-1.08325567926894,2.122891214815703,2.6045090188739377,1.1598240120409695
86.0,267.0,1225.59521484375,-3.332230642769094,1.477658298120457,1.735005102395289,1.8720516492186043,0.7852974854991738,-1.3197245132804036,-1.0832556792690258,2.122891215329479,2.604507895476897,1.1598239990458556
86.0,267.0,1225.59521484375,-3.332230642769094,1.477658298120457,1.735005102395289,1.8720516492186043,0.7852974854991738,-1.3197245132804036,-1.0832556796034405,2.122891215329479,2.6045077983176967,1.1598239990335693
86.0,267.0,1225.59521484375,-3.3322397302893725,1.477658757983535,1.735005102395289,1.8720516492186043,0.7852974854991738,-1.3197245132804036,-1.0832556792690256,2.122891215329479,2.604506713058252,1.1598239990458556
86.0,267.0,1225.59521484375,-3.332230642769094,1.477658298120457,1.735005102395289,1.8720516492186043,0.7852974854991738,-1.3197245132804036,-1.0832556792690258,2.122891215329479,2.604507895476897,1.1598239990458556
86.0,267.0,1225.59521484375,-3.332230642769094,1.4776582177857387,1.735005102395289,1.8720516525919544,0.7852974854991738,-1.3197243291908582,-1.083255679270453,2.122891214800556,2.604507895476897,1.1598239990463968
86.0,267.0,1225.59521484375,-3.332230642769094,1.4776582177857387,1.735005102395289,1.872051649242972,0.7852974854991738,-1.3197243291908582,-1.083255679270453,2.1228912147902603,2.604507794981468,1.1598239990463968
86.0,267.0,1225.59521484375,-3.332230642769094,1.4776583211645349,1.735005102395289,1.8720516492186043,0.7852974854991738,-1.3197245132804036,-1.083255679276309,2.122891215329479,2.604507895476897,1.1598239989984842
86.0,267.0,1225.59521484375,-3.332230642769094,1.477658298433692,1.735005102395289,1.872051649243044,0.7852974854991738,-1.3197245132804036,-1.0832556796034405,2.122891215329479,2.6045077983176967,1.1598239990335693
86.0,267.0,1225.59521484375,-3.332239614384082,1.4776582177857387,1.735005102395289,1.872051649242972,0.7852974854991738,-1.319725899711246,-1.0832556792704362,2.122891214815976,2.604507794981468,1.159823999059033
86.0,267.0,1225.59521484375,-3.332230642769094,1.477658298120457,1.735005102395289,1.8720516492186043,0.7852974854991738,-1.3197245132804036,-1.083255679603312,2.122891215329479,2.6045078983933827,1.159823999046783
86.0,267.0,1225.59521484375,-3.33223860141684,1.4776749728965897,1.735005102395289,1.87205164694998,0.785279979854354,-1.3197541149763043,-1.0835161006293776,2.1228912148097523,2.604557642883011,1.1598240118654837
86.0,267.0,1225.595458984375,-3.3322397368335537,1.477660066081671,1.735005102395289,1.8720517393797311,0.7844565386627335,-1.3197557859440183,-1.0832556795673067,2.122891214815703,2.604545456442109,1.1598239990015282
86.0,267.0,1225.595458984375,-3.3322397368335537,1.477660066081671,1.735005102395289,1.8720517393797311,0.7844565386627335,-1.3197557859440183,-1.0832556795673067,2.122891214815703,2.604545456442109,1.1598239990015282
86.0,267.0,1225.595703125,-3.3322404537261576,1.4776581006428406,1.735005102395289,1.8720516510800287,0.7844768050561605,-1.319755128994382,-1.0832556795465225,2.122891214814533,2.604556384397715,1.1598239999250448
86.0,267.0,1225.5958251953125,-3.332239749015718,1.477660066081671,1.735005102395289,1.872051739414037,0.784450617507691,-1.3197542676133622,-1.0832556795489277,2.122891214815703,2.604556472600028,1.1598239990015282
86.0,267.0,1225.5958251953125,-3.332238622109474,1.4776600280932162,1.735005102395289,1.87205164714872,0.7844765456944707,-1.3197542676133622,-1.08325567926894,2.122891214815703,2.604556472600028,1.159823999920483
86.0,267.0,1225.5958251953125,-3.332239749015718,1.477660066081671,1.735005102395289,1.872051739414037,0.784450617507691,-1.3197542676133622,-1.0832556795489277,2.122891214815703,2.604556472600028,1.159823999563382
86.0,267.0,1225.5958251953125,-3.332239749015718,1.477660146416389,1.735005102395289,1.872051736040688,0.784450617507691,-1.3197544517029078,-1.0832556795475003,2.1228912153446258,2.604556472600028,1.159823999000987
86.0,267.0,1225.5958251953125,-3.332238622109474,1.477659856415249,1.735005102395289,1.87205164714872,0.7844765456944707,-1.3197542676133622,-1.08325567926894,2.122891214815703,2.604556472600028,1.159824010125028
86.0,268.0,1225.564697265625,-3.3322387067447017,1.4776753359341857,1.747840089451439,1.8720516468753288,0.7852986773424488,-1.3197534442448964,-1.0884988760497676,2.1228912153280883,2.604557488335671,1.159824011827331
86.0,268.0,1225.567626953125,-3.3322391693674254,1.4776589290120066,1.735005102395289,1.8720516492186043,0.7848155080184954,-1.3197245132804036,-1.0885308442238677,2.122891214780707,2.6045104113468,1.1598239990319656
86.0,268.0,1225.567626953125,-3.33223967407396,1.4776581282541794,1.735005102395289,1.8720516492186043,0.7848282591659463,-1.3197245132804036,-1.0885308442238677,2.122891214780707,2.6045104113468,1.1598239985703709
86.0,268.0,1225.56787109375,-3.332239646255047,1.477659367203,1.735630998961354,1.872051649183124,0.7852974854991738,-1.3197537623776745,-1.0881323465178034,2.122891214766786,2.604509226441863,1.159823999069767
86.0,268.0,1225.568359375,-3.332239677239964,1.4776585384909182,1.735005102395289,1.872051657845772,0.7844144897685507,-1.319753125721209,-1.0882153720756442,2.122891215342819,2.6045075103267634,1.1598239990453354
86.0,268.0,1225.568359375,-3.332238860899489,1.4776582177857387,1.735005102395289,1.872051646849006,0.7852975492462886,-1.319754593767746,-1.0884835920255589,2.122891214800556,2.6045065224265813,1.1598239990463968
86.0,268.0,1225.5697021484375,-3.332230642769094,1.4776581598740033,1.735005102395289,1.872051652567587,0.7848088690069294,-1.319753818844232,-1.0879434871332334,2.122891214828869,2.604507895471581,1.15982399903363
86.0,268.0,1225.56982421875,-3.33223860141684,1.4776753359341857,1.735005102395289,1.8720516468753288,0.7852794194768244,-1.319753893316192,-1.0884988760497676,2.1228912153280883,2.604557750374016,1.1598240118654837
86.0,268.0,1225.56982421875,-3.33223860141684,1.4776753359341857,1.735005102395289,1.8720516468753288,0.7852794194768244,-1.319753893316192,-1.0884988760497676,2.1228912153280883,2.604557750374016,1.1598240118654837
86.0,268.0,1225.56982421875,-3.33223860141684,1.4776753359341857,1.735005102395289,1.8720516468753288,0.7852794194768244,-1.319753893316192,-1.0884988760497676,2.1228912153280883,2.604557750374016,1.1598240118654837
86.0,268.0,1225.5699462890625,-3.3322397368335537,1.4776588359166338,1.735005102395289,1.8720516531189029,0.7844482115434469,-1.3197555546395596,-1.0880299877652932,2.122891214817068,2.604545456442109,1.1598239990015282
86.0,268.0,1225.5699462890625,-3.332239677239964,1.4776753359341857,1.735005102395289,1.872051657845772,0.7844198799570642,-1.319753125721209,-1.088192786034576,2.1228912153423667,2.604556621464788,1.1598239991582122
86.0,268.0,1225.570068359375,-3.332230642769094,1.4776590891265513,1.735005102395289,1.8720516492186043,0.7845531249978056,-1.319753751670644,-1.0877941457102551,2.122891215330473,2.604507895476897,1.1598239990458556
86.0,268.0,1225.570068359375,-3.332239677239964,1.477675337212316,1.735005102395289,1.8720516492315264,0.785279979854354,-1.3197520890348544,-1.0881096931381256,2.122891214782172,2.6045072121107027,1.1598240117652716
86.0,268.0,1225.570068359375,-3.332230773894441,1.4776590891265513,1.735005102395289,1.8720516492179728,0.7845531249978056,-1.3197547697878815,-1.0877941457102551,2.122891215345581,2.604507895476897,1.1598239990626629
86.0,268.0,1225.5704345703125,-3.3322397519022853,1.4776753810208076,1.735005102395289,1.8720517394249632,0.7845268459502449,-1.3197541858654709,-1.088111722106968,2.1228912148413843,2.6045575947929915,1.1598240002085365
86.0,268.0,1225.5704345703125,-3.332239677239964,1.4776574170161498,1.735005102395289,1.872051650449423,0.784794104482313,-1.3197530729024172,-1.0880876019811043,2.1228912147716303,2.604557750374016,1.1598240117641672
86.0,268.0,1225.57080078125,-3.3322396066274207,1.4776753359341857,1.7351361876002638,1.872051646998862,0.7852793656151321,-1.3197541867853686,-1.0881372061130872,2.1228912153742736,2.604557750374016,1.1598240117718503
86.0,268.0,1225.571044921875,-3.332239677239964,1.4776753359341857,1.735005102395289,1.872051650449423,0.785279979854354,-1.319753125721209,-1.088192786034576,2.1228912153742736,2.604557750374016,1.1598240117641672
86.0,268.0,1225.571044921875,-3.33223860141684,1.4776753359341857,1.735005102395289,1.8720516468753288,0.785279979854354,-1.3197541867853686,-1.088192786034576,2.1228912153742736,2.604557750374016,1.1598240118654837
86.0,268.0,1225.571044921875,-3.332239677239964,1.477675337212316,1.735005102395289,1.872051650449423,0.785279979854354,-1.319753125721209,-1.088192786034576,2.1228912153742736,2.6045576929715737,1.1598240117652716
86.0,268.0,1225.571044921875,-3.33223860141684,1.4776753359341857,1.735005102395289,1.8720516468753288,0.785279979854354,-1.3197541867853686,-1.088192786034576,2.1228912153742736,2.604557750374016,1.1598240118654837
86.0,268.0,1225.571044921875,-3.3322386340468046,1.4776753359341857,1.735005102395289,1.872051650449423,0.785279979854354,-1.3197530944001352,-1.088192786034576,2.1228912153742736,2.604557750374016,1.1598240117641672
86.0,268.0,1225.571044921875,-3.33223860141684,1.4776753359341857,1.735005102395289,1.8720516470214823,0.785279979854354,-1.3197541867853686,-1.088192786034576,2.1228912153742736,2.604557750374016,1.1598240117718503
86.0,268.0,1225.571044921875,-3.3322306048778056,1.4776753359341857,1.735005102395289,1.872051649186382,0.7852655080056046,-1.3197537570262263,-1.088192786034576,2.1228912153742736,2.604557750374016,1.1598240118654837
86.0,268.0,1225.571044921875,-3.33223860141684,1.4776753359341857,1.735005102395289,1.8720516468753288,0.785279979854354,-1.3197541867853686,-1.088192786034576,2.1228912153742736,2.604557750374016,1.1598240118654837
86.0,268.0,1225.571044921875,-3.3322386340468046,1.4776753359341857,1.735005102395289,1.872051650449423,0.785279979854354,-1.3197530944001352,-1.088192786034576,2.1228912153742736,2.604557750374016,1.1598240117641672
86.0,268.0,1225.571044921875,-3.3322391725334297,1.4776761379701429,1.735005102395289,1.872051650449423,0.7852672287069031,-1.319753125721209,-1.088192786034576,2.1228912153742736,2.6045576929715737,1.1598240122268664
86.0,268.0,1225.5712890625,-3.332230698638861,1.4776752967954292,1.735005102395289,1.8720516492186043,0.7852797851809978,-1.3197245132804036,-1.0881451469838606,2.1228912153736035,2.604558948083861,1.1598239990458556
86.0,268.0,1225.5750732421875,-3.3322393213071773,1.477675337212316,1.735005102395289,1.8720516492315264,0.7847497527833078,-1.3197523863069354,-1.0881096931381256,2.124420259636877,2.60450719402103,1.1598240117652716
86.0,268.0,1225.578125,-3.332238640752582,1.477659431486541,1.7461489767343192,1.8720516492412247,0.7852982198418882,-1.3197531096362345,-1.0833112591905143,2.122891214766786,2.6045078114172,1.159823999069767
86.0,268.0,1225.5784912109375,-3.332239645963164,1.477659431486541,1.7462800619392935,1.8720516492186043,0.7852976056026664,-1.3197531096362345,-1.0832556792690258,2.122891214766786,2.6045078114172,1.159823999069767
86.0,268.0,1225.5787353515625,-3.332239646255047,1.477659431486541,1.746488166594365,1.8720516492186043,0.7852974854991738,-1.3197534895434933,-1.0832556792690258,2.122891214766786,2.6045078114172,1.159823999069767
86.0,268.0,1225.578857421875,-3.332239612201364,1.4776593831511515,1.7465707807106077,1.872051649242972,0.7852974854991738,-1.3197261622552086,-1.083255679268831,2.122891214815976,2.604507811414994,1.159823999059033
86.0,268.0,1225.579345703125,-3.332239645963164,1.477659431486541,1.7462800619392935,1.8720516492186043,0.7847798270541952,-1.3197537952950813,-1.0832556792690258,2.122891214766687,2.6045078114172,1.1598239990335533
86.0,268.0,1225.579345703125,-3.3322306048778056,1.4776754002177266,1.7458622700283002,1.8720516492218624,0.7852655080056046,-1.3197534841920449,-1.0833161187857985,2.1228912153742736,2.6045563353493524,1.1598240118654837
86.0,268.0,1225.57958984375,-3.332239611411214,1.4776588359166338,1.732307311563014,1.8720516531189029,0.7844482115434469,-1.3197555546395596,-1.0880299877652932,2.1228912148160166,2.604545456442109,1.1598239990015282
86.0,268.0,1225.583251953125,-3.3322397376237025,1.4776593831511515,1.7492685715428826,1.872051649242972,0.7852974854991738,-1.3197261622552086,-1.083255679268831,2.122891214817028,2.604507811414994,1.159823999059033
86.0,268.0,1225.59228515625,-3.3322396772715304,1.4776745462062213,1.735005102395289,1.872051650449423,0.7845446020577431,-1.3197531167575387,-1.083654319866866,2.122891214818181,2.6045119517350543,1.1598239985035892
86.0,268.0,1225.59423828125,-3.332239677239964,1.4776745462062213,1.735005102395289,1.872051650449423,0.7852558771249566,-1.3197531167575387,-1.083654319866866,2.12289121537328,2.6045576929715737,1.1598240117652716
86.0,268.0,1225.5943603515625,-3.332230642769094,1.477658298120457,1.735005102395289,1.8720516492186043,0.7845290222684083,-1.319753742706974,-1.083255679542545,2.122891215329479,2.604507895476897,1.1598239990458556
86.0,268.0,1225.5943603515625,-3.332239734881356,1.4776581006428406,1.735007678601082,1.8720516459277048,0.7844521502376267,-1.319755128994382,-1.0832556795465225,2.122891214814533,2.6045090928093315,1.159823999987545
86.0,268.0,1225.5943603515625,-3.332230642769094,1.477658298120457,1.735005102395289,1.8720516492186043,0.7845290222684083,-1.319753742706974,-1.083255679542545,2.122891215329479,2.604507895476897,1.1598239990458556
86.0,268.0,1225.594482421875,-3.332230642769094,1.477659653161738,1.735005102395289,1.8720516492244608,0.7845290222684083,-1.319753742706974,-1.0832556795376125,2.122891215322958,2.604507895476897,1.1598240115796044
86.0,268.0,1225.594482421875,-3.3322303373629096,1.4776581598740033,1.735005102395289,1.872051654572932,0.7844639645578448,-1.3197245132804036,-1.0832556796012047,2.1228912148013475,2.604505726681289,1.1598239990672627
86.0,268.0,1225.594482421875,-3.3322396231260107,1.4776582177857387,1.735005102395289,1.872051649242972,0.7845557038799212,-1.319754753512184,-1.0832556792798134,2.122891214815976,2.604510647680549,1.159823998486376
86.0,268.0,1225.594482421875,-3.332239492000664,1.4776582177857387,1.735005102395289,1.872051649243604,0.7845557038799212,-1.319753735394947,-1.0832556792798134,2.122891214800868,2.604510647680549,1.1598239984695689
86.0,268.0,1225.5947265625,-3.332230642769094,1.4776581598740033,1.735005102395289,1.8720516492186043,0.7848088690069294,-1.3197245132804036,-1.0832556796012047,2.122891214791052,2.6045077983176967,1.1598239990335693
86.0,268.0,1225.5947265625,-3.332230642769094,1.4776581598740033,1.735005102395289,1.872051652567587,0.7848088690069294,-1.3197245132804036,-1.0832556796012047,2.1228912148013475,2.604507898813126,1.1598239990335693
86.0,268.0,1225.5947265625,-3.3322397471078755,1.477659431486541,1.7349343091918537,1.8720516462091028,0.7844518852903837,-1.3197544543179922,-1.0832556792690258,2.122891214766786,2.6045078114172,1.159823999069767
86.0,269.0,1225.564697265625,-3.3322387067447017,1.4776753359341857,1.747840089451439,1.8720516468753288,0.7852986773424488,-1.3197534442448964,-1.0884988760497676,2.1228912153280883,2.604557488335671,1.159824011827331
86.0,269.0,1225.5657958984375,-3.3322387067447017,1.4776758904596017,1.747840089451439,1.8720516468753288,0.7852945054764463,-1.319753423718859,-1.0879182960364011,2.1228912153280883,2.604557488335671,1.159824011827331
86.0,269.0,1225.5672607421875,-3.332230642769094,1.477658918684051,1.735005102395289,1.8720516492186043,0.7845385802299957,-1.319753751670644,-1.0885164516120605,2.122891214791668,2.604507895476897,1.1598239990458556
86.0,269.0,1225.567626953125,-3.3322391693674254,1.4776589290120066,1.735005102395289,1.8720516492186043,0.7848155080184954,-1.3197245132804036,-1.0885308442238677,2.122891214780707,2.6045104113468,1.1598239990319656
86.0,269.0,1225.567626953125,-3.33223967407396,1.4776581282541794,1.735005102395289,1.8720516492186043,0.7848282591659463,-1.3197245132804036,-1.0885308442238677,2.122891214780707,2.6045104113468,1.1598239985703709
86.0,269.0,1225.567626953125,-3.3322391693674254,1.4776589290120066,1.735005102395289,1.8720516492429689,0.7848155080184954,-1.319724419362218,-1.0885308442238677,2.1228912153361432,2.6045104113468,1.1598239990319656
86.0,269.0,1225.567626953125,-3.3322306369253654,1.477659367203,1.735714881422544,1.8720516525561657,0.7852974854991738,-1.319753761603038,-1.0881323465178034,2.1228912148258816,2.604509226441863,1.159823999069767
86.0,269.0,1225.56787109375,-3.332239646255047,1.477659367203,1.735630998961354,1.872051649183124,0.7852974854991738,-1.3197537623776745,-1.0881323465178034,2.122891214766786,2.604509226441863,1.159823999069767
86.0,269.0,1225.5682373046875,-3.33223860141684,1.4776586400859493,1.735005102395289,1.872051646848468,0.7852806120156125,-1.319753893316192,-1.0884988760497676,2.1228912153280883,2.604504156016877,1.1598239975370348
86.0,269.0,1225.5682373046875,-3.332238986763791,1.4776750942749988,1.735630998961354,1.8720516491862529,0.7852974854991738,-1.3197537623776745,-1.0881323465178034,2.1228912153640307,2.604509226441863,1.1598239982241445
86.0,269.0,1225.568359375,-3.332239677239964,1.4776585384909182,1.735005102395289,1.872051657845772,0.7844144897685507,-1.319753125721209,-1.0882153720756442,2.122891215342819,2.6045075103267634,1.1598239990453354
86.0,269.0,1225.568359375,-3.332238860899489,1.4776582177857387,1.735005102395289,1.872051646849006,0.7852975492462886,-1.319754593767746,-1.0884835920255589,2.122891214800556,2.6045065224265813,1.1598239990463968
86.0,269.0,1225.5689697265625,-3.3322387455287017,1.4776585384909182,1.7350788882966233,1.872051657845772,0.7852228115869865,-1.319753099278741,-1.0882153720756442,2.122891215343652,2.6045075103267634,1.1598239990453354
86.0,269.0,1225.5689697265625,-3.33223967407396,1.477659532493367,1.735005102395289,1.8720516469033697,0.7848281858146319,-1.3197245132804036,-1.0884990325514106,2.1228912148189374,2.604557742371808,1.159824011940167
86.0,269.0,1225.5693359375,-3.3322386408277493,1.4776585384909182,1.735005102395289,1.872051657845772,0.7853032267165483,-1.319753125721209,-1.0882178570537633,2.122891215342729,2.6045075103267634,1.1598240123498316
86.0,269.0,1225.5697021484375,-3.332230642769094,1.4776581598740033,1.735005102395289,1.872051652567587,0.7848088690069294,-1.319753818844232,-1.0879434871332334,2.122891214828869,2.604507895471581,1.15982399903363
86.0,269.0,1225.56982421875,-3.33223860141684,1.4776753359341857,1.735005102395289,1.8720516468753288,0.7852794194768244,-1.319753893316192,-1.0884988760497676,2.1228912153280883,2.604557750374016,1.1598240118654837
86.0,269.0,1225.56982421875,-3.33223860141684,1.4776753359341857,1.735005102395289,1.8720516468753288,0.7852794194768244,-1.319753893316192,-1.0884988760497676,2.1228912153280883,2.604557750374016,1.1598240118654837
86.0,269.0,1225.56982421875,-3.33223860141684,1.4776753359341857,1.735005102395289,1.8720516468753288,0.7852794194768244,-1.319753893316192,-1.0884988760497676,2.1228912153280883,2.604557750374016,1.1598240118654837
86.0,269.0,1225.56982421875,-3.33223860141684,1.4776753359341857,1.735005102395289,1.8720516467921344,0.7852794194768244,-1.319753893316192,-1.0884988760497676,2.122891214832641,2.604557750374016,1.1598240118654837
86.0,269.0,1225.56982421875,-3.33223860141684,1.4776753359341857,1.735005102395289,1.8720516468509647,0.7852794194768244,-1.319753987234378,-1.0884988760497676,2.122891214772652,2.604557750374016,1.1598240118654837
86.0,269.0,1225.5699462890625,-3.3322397368335537,1.4776588359166338,1.735005102395289,1.8720516531189029,0.7844482115434469,-1.3197555546395596,-1.0880299877652932,2.122891214817068,2.604545456442109,1.1598239990015282
86.0,269.0,1225.5699462890625,-3.332239677239964,1.4776753359341857,1.735005102395289,1.872051657845772,0.7844198799570642,-1.319753125721209,-1.088192786034576,2.1228912153423667,2.604556621464788,1.1598239991582122
86.0,269.0,1225.570068359375,-3.332230642769094,1.4776590891265513,1.735005102395289,1.8720516492186043,0.7845531249978056,-1.319753751670644,-1.0877941457102551,2.122891215330473,2.604507895476897,1.1598239990458556
86.0,269.0,1225.570068359375,-3.332239677239964,1.477675337212316,1.735005102395289,1.8720516492315264,0.785279979854354,-1.3197520890348544,-1.0881096931381256,2.122891214782172,2.6045072121107027,1.1598240117652716
86.0,269.0,1225.570068359375,-3.332230773894441,1.4776590891265513,1.735005102395289,1.8720516492179728,0.7845531249978056,-1.3197547697878815,-1.0877941457102551,2.122891215345581,2.604507895476897,1.1598239990626629
86.0,269.0,1225.570068359375,-3.332239677239964,1.4776753371820952,1.735005102395289,1.872051650379779,0.785279979854354,-1.31975214348958,-1.0881096931381256,2.122891214782172,2.6045072121107027,1.1598240117652578
86.0,269.0,1225.5704345703125,-3.3322397519022853,1.4776753810208076,1.735005102395289,1.8720517394249632,0.7845268459502449,-1.3197541858654709,-1.088111722106968,2.1228912148413843,2.6045575947929915,1.1598240002085365
86.0,269.0,1225.5704345703125,-3.332239677239964,1.4776574170161498,1.735005102395289,1.872051650449423,0.784794104482313,-1.3197530729024172,-1.0880876019811043,2.1228912147716303,2.604557750374016,1.1598240117641672
86.0,269.0,1225.57080078125,-3.3322396066274207,1.4776753359341857,1.7351361876002638,1.872051646998862,0.7852793656151321,-1.3197541867853686,-1.0881372061130872,2.1228912153742736,2.604557750374016,1.1598240117718503
86.0,269.0,1225.57080078125,-3.3322396066274207,1.4776753359341857,1.7351361876002638,1.872051646998862,0.7852793656151321,-1.3197541867853686,-1.0881372061130872,2.1228912153742736,2.604557750374016,1.1598240117718503
86.0,269.0,1225.571044921875,-3.332239677239964,1.4776753359341857,1.735005102395289,1.872051650449423,0.785279979854354,-1.319753125721209,-1.088192786034576,2.1228912153742736,2.604557750374016,1.1598240117641672
86.0,269.0,1225.571044921875,-3.33223860141684,1.4776753359341857,1.735005102395289,1.8720516468753288,0.785279979854354,-1.3197541867853686,-1.088192786034576,2.1228912153742736,2.604557750374016,1.1598240118654837
86.0,269.0,1225.571044921875,-3.332239677239964,1.477675337212316,1.735005102395289,1.872051650449423,0.785279979854354,-1.319753125721209,-1.088192786034576,2.1228912153742736,2.6045576929715737,1.1598240117652716
86.0,269.0,1225.571044921875,-3.33223860141684,1.4776753359341857,1.735005102395289,1.8720516468753288,0.785279979854354,-1.3197541867853686,-1.088192786034576,2.1228912153742736,2.604557750374016,1.1598240118654837
86.0,269.0,1225.571044921875,-3.3322386340468046,1.4776753359341857,1.735005102395289,1.872051650449423,0.785279979854354,-1.3197530944001352,-1.088192786034576,2.1228912153742736,2.604557750374016,1.1598240117641672
86.0,269.0,1225.571044921875,-3.33223860141684,1.4776753359341857,1.735005102395289,1.8720516470214823,0.785279979854354,-1.3197541867853686,-1.088192786034576,2.1228912153742736,2.604557750374016,1.1598240117718503
86.0,269.0,1225.571044921875,-3.3322306048778056,1.4776753359341857,1.735005102395289,1.872051649186382,0.7852655080056046,-1.3197537570262263,-1.088192786034576,2.1228912153742736,2.604557750374016,1.1598240118654837
86.0,269.0,1225.571044921875,-3.33223860141684,1.4776753359341857,1.735005102395289,1.8720516468753288,0.785279979854354,-1.3197541867853686,-1.088192786034576,2.1228912153742736,2.604557750374016,1.1598240118654837
86.0,269.0,1225.571044921875,-3.3322386340468046,1.4776753359341857,1.735005102395289,1.872051650449423,0.785279979854354,-1.3197530944001352,-1.088192786034576,2.1228912153742736,2.604557750374016,1.1598240117641672
86.0,269.0,1225.571044921875,-3.3322391725334297,1.4776761379701429,1.735005102395289,1.872051650449423,0.7852672287069031,-1.319753125721209,-1.088192786034576,2.1228912153742736,2.6045576929715737,1.1598240122268664
86.0,269.0,1225.571044921875,-3.332239646427719,1.477659465497718,1.7344654679047782,1.872051650463316,0.7852419503571314,-1.3197534895434933,-1.088238775228201,2.122891214766752,2.604511894228097,1.1598240116921683
86.0,269.0,1225.571044921875,-3.3322391725334297,1.4776761379701429,1.735005102395289,1.8720516578516329,0.7852386492095444,-1.319753125721209,-1.088192786034576,2.1228912153742736,2.604557700444292,1.159824011043138
86.0,269.0,1225.571044921875,-3.33223860141684,1.4776753359341857,1.735005102395289,1.8720516468753288,0.785279979854354,-1.3197541867853686,-1.088192786034576,2.1228912153742736,2.604557750374016,1.1598240118654837
86.0,269.0,1225.5711669921875,-3.33223860141684,1.4776756888288352,1.735005102395289,1.8720516468753288,0.785279979854354,-1.319725225081691,-1.0881508857916735,2.1228912153729578,2.6045555911646154,1.1598240118654837
86.0,269.0,1225.5712890625,-3.332230698638861,1.4776752967954292,1.735005102395289,1.8720516492186043,0.7852797851809978,-1.3197245132804036,-1.0881451469838606,2.1228912153736035,2.604558948083861,1.1598239990458556
86.0,269.0,1225.572509765625,-3.332230680731476,1.4776747796340328,1.735005102395289,1.872051650449423,0.7852433811205148,-1.319753101421234,-1.08779049366167,2.1228912153742736,2.604557750374016,1.1598240112429845
86.0,269.0,1225.5750732421875,-3.3322393213071773,1.477675337212316,1.735005102395289,1.8720516492315264,0.7847497527833078,-1.3197523863069354,-1.0881096931381256,2.124420259636877,2.60450719402103,1.1598240117652716
86.0,269.0,1225.578125,-3.332238640752582,1.477659431486541,1.7461489767343192,1.8720516492412247,0.7852982198418882,-1.3197531096362345,-1.0833112591905143,2.122891214766786,2.6045078114172,1.159823999069767
86.0,269.0,1225.5784912109375,-3.332239645963164,1.477659431486541,1.7462800619392935,1.8720516492186043,0.7852976056026664,-1.3197531096362345,-1.0832556792690258,2.122891214766786,2.6045078114172,1.159823999069767
86.0,270.0,1225.564453125,-3.3322387067447017,1.4776751068167913,1.747840089451439,1.8720516468696249,0.785294507454341,-1.319753423718859,-1.0881225072632807,2.122891215327145,2.604510587556266,1.1598239979931422
86.0,270.0,1225.564697265625,-3.3322387067447017,1.4776753359341857,1.747840089451439,1.8720516468753288,0.7852986773424488,-1.3197534442448964,-1.0884988760497676,2.1228912153280883,2.604557488335671,1.159824011827331
86.0,270.0,1225.5657958984375,-3.3322387067447017,1.4776758904596017,1.747840089451439,1.8720516468753288,0.7852945054764463,-1.319753423718859,-1.0879182960364011,2.1228912153280883,2.604557488335671,1.159824011827331
86.0,270.0,1225.5672607421875,-3.332230642769094,1.477658918684051,1.735005102395289,1.8720516492186043,0.7845385802299957,-1.319753751670644,-1.0885164516120605,2.122891214791668,2.604507895476897,1.1598239990458556
86.0,270.0,1225.567626953125,-3.3322391693674254,1.4776589290120066,1.735005102395289,1.8720516492186043,0.7848155080184954,-1.3197245132804036,-1.0885308442238677,2.122891214780707,2.6045104113468,1.1598239990319656
86.0,270.0,1225.567626953125,-3.33223967407396,1.4776581282541794,1.735005102395289,1.8720516492186043,0.7848282591659463,-1.3197245132804036,-1.0885308442238677,2.122891214780707,2.6045104113468,1.1598239985703709
86.0,270.0,1225.567626953125,-3.3322391693674254,1.4776589290120066,1.735005102395289,1.8720516492429689,0.7848155080184954,-1.319724419362218,-1.0885308442238677,2.1228912153361432,2.6045104113468,1.1598239990319656
86.0,270.0,1225.567626953125,-3.3322306369253654,1.477659367203,1.735714881422544,1.8720516525561657,0.7852974854991738,-1.319753761603038,-1.0881323465178034,2.1228912148258816,2.604509226441863,1.159823999069767
86.0,270.0,1225.567626953125,-3.332238837641213,1.4776589573025576,1.7350372839250148,1.8720516492186043,0.7848155080184954,-1.3197245132804036,-1.0885308442238677,2.122891214780707,2.6045104113468,1.159823999030841
86.0,270.0,1225.567626953125,-3.3322309686515776,1.4776593389124488,1.7356826998928183,1.8720516525561657,0.7852974854991738,-1.319753761603038,-1.0881323465178034,2.1228912148258816,2.604509226441863,1.1598239990708916
86.0,270.0,1225.567626953125,-3.33223967407396,1.4776581596924527,1.735005102395289,1.8720516492186043,0.78482891002096,-1.31975467216721,-1.0885308442238677,2.1228912148285053,2.60450788868494,1.1598239985703709
86.0,270.0,1225.56787109375,-3.332239646255047,1.477659367203,1.735630998961354,1.872051649183124,0.7852974854991738,-1.3197537623776745,-1.0881323465178034,2.122891214766786,2.604509226441863,1.159823999069767
86.0,270.0,1225.568115234375,-3.3322387490900645,1.4776585387631471,1.7350796009956198,1.872051646848468,0.7852806120156125,-1.3197538745010249,-1.0885073631056406,2.122891215342332,2.6045073494876707,1.1598239975333229
86.0,270.0,1225.5682373046875,-3.33223860141684,1.4776586400859493,1.735005102395289,1.872051646848468,0.7852806120156125,-1.319753893316192,-1.0884988760497676,2.1228912153280883,2.604504156016877,1.1598239975370348
86.0,270.0,1225.5682373046875,-3.332238986763791,1.4776750942749988,1.735630998961354,1.8720516491862529,0.7852974854991738,-1.3197537623776745,-1.0881323465178034,2.1228912153640307,2.604509226441863,1.1598239982241445
86.0,270.0,1225.5682373046875,-3.332238860899489,1.4776582177857387,1.735005102395289,1.8720516467542867,0.7852975492462886,-1.3197545299682714,-1.0885208122262575,2.122891214800556,2.6045065349924537,1.1598239990463968
86.0,270.0,1225.5682373046875,-3.332239677246285,1.4776586400859493,1.735005102395289,1.872051646848468,0.7852806120156125,-1.319753893316192,-1.088496349505005,2.122891215324928,2.604504156016877,1.1598239975370348
86.0,270.0,1225.568359375,-3.332239677239964,1.4776585384909182,1.735005102395289,1.872051657845772,0.7844144897685507,-1.319753125721209,-1.0882153720756442,2.122891215342819,2.6045075103267634,1.1598239990453354
86.0,270.0,1225.568359375,-3.332238860899489,1.4776582177857387,1.735005102395289,1.872051646849006,0.7852975492462886,-1.319754593767746,-1.0884835920255589,2.122891214800556,2.6045065224265813,1.1598239990463968
86.0,270.0,1225.568359375,-3.332239610508115,1.4776583060005182,1.7350044853982332,1.8720516468498407,0.7852975492462886,-1.319754593767746,-1.0884832515182716,2.122891214800556,2.6045065224265813,1.159823998259912
86.0,270.0,1225.56884765625,-3.332239677239964,1.4776753359341857,1.735005102395289,1.872051658829156,0.7844198799570642,-1.319753125721209,-1.0885243942194396,2.1228912153426,2.604565545496049,1.1598239990320534
86.0,270.0,1225.5689697265625,-3.3322387455287017,1.4776585384909182,1.7350788882966233,1.872051657845772,0.7852228115869865,-1.319753099278741,-1.0882153720756442,2.122891215343652,2.6045075103267634,1.1598239990453354
86.0,270.0,1225.5689697265625,-3.33223967407396,1.477659532493367,1.735005102395289,1.8720516469033697,0.7848281858146319,-1.3197245132804036,-1.0884990325514106,2.1228912148189374,2.604557742371808,1.159824011940167
86.0,270.0,1225.5693359375,-3.3322386408277493,1.4776585384909182,1.735005102395289,1.872051657845772,0.7853032267165483,-1.319753125721209,-1.0882178570537633,2.122891215342729,2.6045075103267634,1.1598240123498316
86.0,270.0,1225.5697021484375,-3.332230642769094,1.4776581598740033,1.735005102395289,1.872051652567587,0.7848088690069294,-1.319753818844232,-1.0879434871332334,2.122891214828869,2.604507895471581,1.15982399903363
86.0,270.0,1225.5697021484375,-3.332230642769094,1.4776581598740033,1.735005102395289,1.872051652567587,0.7848088690069294,-1.319753818844232,-1.0879434871332334,2.122891214828869,2.604507895471581,1.15982399903363
86.0,270.0,1225.56982421875,-3.33223860141684,1.4776753359341857,1.735005102395289,1.8720516468753288,0.7852794194768244,-1.319753893316192,-1.0884988760497676,2.1228912153280883,2.604557750374016,1.1598240118654837
86.0,270.0,1225.56982421875,-3.33223860141684,1.4776753359341857,1.735005102395289,1.8720516468753288,0.7852794194768244,-1.319753893316192,-1.0884988760497676,2.1228912153280883,2.604557750374016,1.1598240118654837
86.0,270.0,1225.56982421875,-3.33223860141684,1.4776753359341857,1.735005102395289,1.8720516468753288,0.7852794194768244,-1.319753893316192,-1.0884988760497676,2.1228912153280883,2.604557750374016,1.1598240118654837
86.0,270.0,1225.56982421875,-3.33223860141684,1.4776753359341857,1.735005102395289,1.8720516467921344,0.7852794194768244,-1.319753893316192,-1.0884988760497676,2.122891214832641,2.604557750374016,1.1598240118654837
86.0,270.0,1225.56982421875,-3.33223860141684,1.4776753359341857,1.735005102395289,1.8720516468509647,0.7852794194768244,-1.319753987234378,-1.0884988760497676,2.122891214772652,2.604557750374016,1.1598240118654837
86.0,270.0,1225.56982421875,-3.33223860141684,1.4776753359341857,1.735005102395289,1.8720516468509647,0.7852794194768244,-1.319753987234378,-1.0884988760497676,2.122891214772652,2.604557750374016,1.1598240118654837
86.0,270.0,1225.56982421875,-3.332230642769094,1.4776581284357295,1.735005102395289,1.872051652567587,0.7848082181519156,-1.3197236599574258,-1.0879434871332334,2.1228912147810712,2.604510418133441,1.15982399903363
86.0,270.0,1225.56982421875,-3.33223860141684,1.4776753359341857,1.735005102395289,1.8720516468753288,0.7852794194768244,-1.319753893316192,-1.0884988760497676,2.1228912153280883,2.604557750374016,1.1598240118654837
86.0,270.0,1225.5699462890625,-3.3322397368335537,1.4776588359166338,1.735005102395289,1.8720516531189029,0.7844482115434469,-1.3197555546395596,-1.0880299877652932,2.122891214817068,2.604545456442109,1.1598239990015282
86.0,270.0,1225.5699462890625,-3.332239677239964,1.4776753359341857,1.735005102395289,1.872051657845772,0.7844198799570642,-1.319753125721209,-1.088192786034576,2.1228912153423667,2.604556621464788,1.1598239991582122
86.0,270.0,1225.570068359375,-3.332230642769094,1.4776590891265513,1.735005102395289,1.8720516492186043,0.7845531249978056,-1.319753751670644,-1.0877941457102551,2.122891215330473,2.604507895476897,1.1598239990458556
86.0,270.0,1225.570068359375,-3.332239677239964,1.477675337212316,1.735005102395289,1.8720516492315264,0.785279979854354,-1.3197520890348544,-1.0881096931381256,2.122891214782172,2.6045072121107027,1.1598240117652716
86.0,270.0,1225.570068359375,-3.332230773894441,1.4776590891265513,1.735005102395289,1.8720516492179728,0.7845531249978056,-1.3197547697878815,-1.0877941457102551,2.122891215345581,2.604507895476897,1.1598239990626629
86.0,270.0,1225.570068359375,-3.332239677239964,1.4776753371820952,1.735005102395289,1.872051650379779,0.785279979854354,-1.31975214348958,-1.0881096931381256,2.122891214782172,2.6045072121107027,1.1598240117652578
86.0,270.0,1225.570068359375,-3.3322386014105185,1.4776753371820952,1.735005102395289,1.872051650379779,0.785279979854354,-1.31975214348958,-1.088112219682888,2.1228912147853323,2.6045072121107027,1.1598240117652578
86.0,270.0,1225.570068359375,-3.332239677239964,1.477675337212316,1.735005102395289,1.8720516492315264,0.785279979854354,-1.3197520890348544,-1.0881096931381256,2.122891214782172,2.6045072121107027,1.1598240117652716
86.0,270.0,1225.5704345703125,-3.3322397519022853,1.4776753810208076,1.735005102395289,1.8720517394249632,0.7845268459502449,-1.3197541858654709,-1.088111722106968,2.1228912148413843,2.6045575947929915,1.1598240002085365
86.0,270.0,1225.5704345703125,-3.332239677239964,1.4776574170161498,1.735005102395289,1.872051650449423,0.784794104482313,-1.3197530729024172,-1.0880876019811043,2.1228912147716303,2.604557750374016,1.1598240117641672
86.0,270.0,1225.57080078125,-3.3322396066274207,1.4776753359341857,1.7351361876002638,1.872051646998862,0.7852793656151321,-1.3197541867853686,-1.0881372061130872,2.1228912153742736,2.604557750374016,1.1598240117718503
86.0,270.0,1225.57080078125,-3.3322396066274207,1.4776753359341857,1.7351361876002638,1.872051646998862,0.7852793656151321,-1.3197541867853686,-1.0881372061130872,2.1228912153742736,2.604557750374016,1.1598240117718503
86.0,270.0,1225.57080078125,-3.3322396066274207,1.4776753359341857,1.7351361876002638,1.872051646998862,0.7852793656151321,-1.3197530905479258,-1.0881372061130872,2.1228912153742736,2.6045595073966425,1.1598240115612233
86.0,270.0,1225.57080078125,-3.3322388570187944,1.4776752477194064,1.7351368045973197,1.8720516469980264,0.7852793656151321,-1.3197541867853686,-1.088137546620374,2.1228912153742736,2.604557750374016,1.159824012558335
86.0,270.0,1225.571044921875,-3.332239677239964,1.4776753359341857,1.735005102395289,1.872051650449423,0.785279979854354,-1.319753125721209,-1.088192786034576,2.1228912153742736,2.604557750374016,1.1598240117641672
86.0,270.0,1225.571044921875,-3.33223860141684,1.4776753359341857,1.735005102395289,1.8720516468753288,0.785279979854354,-1.3197541867853686,-1.088192786034576,2.1228912153742736,2.604557750374016,1.1598240118654837
86.0,271.0,1225.4638671875,-3.332239677265977,1.4776579923232565,1.735005102395289,1.872051649247904,0.785279979854354,-1.31975214348958,-1.088548887833721,2.122891214782172,2.584521955450429,1.1598239988022054
86.0,271.0,1225.564453125,-3.3322387067447017,1.4776751068167913,1.747840089451439,1.8720516468696249,0.785294507454341,-1.319753423718859,-1.0881225072632807,2.122891215327145,2.604510587556266,1.1598239979931422
86.0,271.0,1225.564453125,-3.332238704874028,1.4776759097927432,1.747840089451439,1.872051646871808,0.7852976348007782,-1.3197533829634405,-1.0881291359058378,2.1228912152950574,2.604510587556266,1.1598239982610623
86.0,271.0,1225.564697265625,-3.3322387067447017,1.4776753359341857,1.747840089451439,1.8720516468753288,0.7852986773424488,-1.3197534442448964,-1.0884988760497676,2.1228912153280883,2.604557488335671,1.159824011827331
86.0,271.0,1225.5657958984375,-3.3322387067447017,1.4776758904596017,1.747840089451439,1.8720516468753288,0.7852945054764463,-1.319753423718859,-1.0879182960364011,2.1228912153280883,2.604557488335671,1.159824011827331
86.0,271.0,1225.56640625,-3.3322386971073104,1.477675462925331,1.7486658609571326,1.8720516492186043,0.7848491945420752,-1.3197253401472355,-1.0885308442238677,2.1228912147730865,2.6045104113468,1.1598239974318765
86.0,271.0,1225.56689453125,-3.3322387067447017,1.477675857508721,1.748337308799079,1.8720516468753288,0.7852679684788327,-1.3197537443258098,-1.0879182960364011,2.1228912153280883,2.604553862836517,1.1598240122559529
86.0,271.0,1225.567138671875,-3.33223967407396,1.4776585688998198,1.735005102395289,1.8720516492186043,0.7844109692729858,-1.319753092264514,-1.0885308442238677,2.1228912148285053,2.6045078705600324,1.1598239985703709
86.0,271.0,1225.5672607421875,-3.332230642769094,1.477658918684051,1.735005102395289,1.8720516492186043,0.7845385802299957,-1.319753751670644,-1.0885164516120605,2.122891214791668,2.604507895476897,1.1598239990458556
86.0,271.0,1225.567626953125,-3.3322391693674254,1.4776589290120066,1.735005102395289,1.8720516492186043,0.7848155080184954,-1.3197245132804036,-1.0885308442238677,2.122891214780707,2.6045104113468,1.1598239990319656
86.0,271.0,1225.567626953125,-3.33223967407396,1.4776581282541794,1.735005102395289,1.8720516492186043,0.7848282591659463,-1.3197245132804036,-1.0885308442238677,2.122891214780707,2.6045104113468,1.1598239985703709
86.0,271.0,1225.567626953125,-3.3322391693674254,1.4776589290120066,1.735005102395289,1.8720516492429689,0.7848155080184954,-1.319724419362218,-1.0885308442238677,2.1228912153361432,2.6045104113468,1.1598239990319656
86.0,271.0,1225.567626953125,-3.3322306369253654,1.477659367203,1.735714881422544,1.8720516525561657,0.7852974854991738,-1.319753761603038,-1.0881323465178034,2.1228912148258816,2.604509226441863,1.159823999069767
86.0,271.0,1225.567626953125,-3.332238837641213,1.4776589573025576,1.7350372839250148,1.8720516492186043,0.7848155080184954,-1.3197245132804036,-1.0885308442238677,2.122891214780707,2.6045104113468,1.159823999030841
86.0,271.0,1225.567626953125,-3.3322309686515776,1.4776593389124488,1.7356826998928183,1.8720516525561657,0.7852974854991738,-1.319753761603038,-1.0881323465178034,2.1228912148258816,2.604509226441863,1.1598239990708916
86.0,271.0,1225.567626953125,-3.33223967407396,1.4776581596924527,1.735005102395289,1.8720516492186043,0.78482891002096,-1.31975467216721,-1.0885308442238677,2.1228912148285053,2.60450788868494,1.1598239985703709
86.0,271.0,1225.567626953125,-3.3322391693674254,1.4776589290120066,1.735005102395289,1.8720516492429689,0.7848155080184954,-1.319724419362218,-1.0885308442238677,2.1228912153361432,2.6045104113468,1.1598239990319656
86.0,271.0,1225.567626953125,-3.33223967407396,1.4776581237505408,1.735005102395289,1.872051646982516,0.7848282591659463,-1.3197530050559063,-1.0885308442238677,2.122891214780707,2.6045104113468,1.1598239985703709
86.0,271.0,1225.567626953125,-3.33223967407396,1.477659532493367,1.735005102395289,1.8720516469033697,0.7848091313810295,-1.319753361921873,-1.0884990325514106,2.1228912148181123,2.604507928505085,1.159824011940167
86.0,271.0,1225.567626953125,-3.332239190388672,1.477658558681345,1.7350097679616416,1.8720516492186043,0.7848157115747719,-1.319753528549742,-1.0885308442238677,2.122891214780707,2.6045104113468,1.1598239990319656
86.0,271.0,1225.567626953125,-3.332239674119988,1.477658133582631,1.735005102395289,1.8720516465695736,0.7848365467884391,-1.3197245132804036,-1.0884946213527964,2.122891214772101,2.604504078778197,1.159823998556001
86.0,271.0,1225.567626953125,-3.3322391693674254,1.4776589290120066,1.735005102395289,1.8720516492429689,0.7848155080184954,-1.319724419362218,-1.0885308442238677,2.1228912153361432,2.6045104113468,1.1598239990319656
86.0,271.0,1225.56787109375,-3.332239646255047,1.477659367203,1.735630998961354,1.872051649183124,0.7852974854991738,-1.3197537623776745,-1.0881323465178034,2.122891214766786,2.604509226441863,1.159823999069767
86.0,271.0,1225.568115234375,-3.3322387490900645,1.4776585387631471,1.7350796009956198,1.872051646848468,0.7852806120156125,-1.3197538745010249,-1.0885073631056406,2.122891215342332,2.6045073494876707,1.1598239975333229
86.0,271.0,1225.568115234375,-3.3322387490900645,1.4776585432667857,1.7350796009956198,1.872051649084556,0.7852806120156125,-1.3197253827255222,-1.0885073631056406,2.122891215342332,2.6045073494876707,1.1598239975333229
86.0,271.0,1225.5682373046875,-3.33223860141684,1.4776586400859493,1.735005102395289,1.872051646848468,0.7852806120156125,-1.319753893316192,-1.0884988760497676,2.1228912153280883,2.604504156016877,1.1598239975370348
86.0,271.0,1225.5682373046875,-3.332238986763791,1.4776750942749988,1.735630998961354,1.8720516491862529,0.7852974854991738,-1.3197537623776745,-1.0881323465178034,2.1228912153640307,2.604509226441863,1.1598239982241445
86.0,271.0,1225.5682373046875,-3.332238860899489,1.4776582177857387,1.735005102395289,1.8720516467542867,0.7852975492462886,-1.3197545299682714,-1.0885208122262575,2.122891214800556,2.6045065349924537,1.1598239990463968
86.0,271.0,1225.5682373046875,-3.332239677246285,1.4776586400859493,1.735005102395289,1.872051646848468,0.7852806120156125,-1.319753893316192,-1.088496349505005,2.122891215324928,2.604504156016877,1.1598239975370348
86.0,271.0,1225.5682373046875,-3.332239677246285,1.4776586400859493,1.735005102395289,1.872051646848468,0.7852806120156125,-1.319753893316192,-1.088496349505005,2.122891215324928,2.604504156016877,1.1598239975370348
86.0,271.0,1225.5682373046875,-3.332239677200256,1.4776586347574974,1.735005102395289,1.8720516494974984,0.7852723243931197,-1.319753893316192,-1.0885325723760764,2.1228912153335333,2.6045104885854804,1.1598239975514046
86.0,271.0,1225.568359375,-3.332239677239964,1.4776585384909182,1.735005102395289,1.872051657845772,0.7844144897685507,-1.319753125721209,-1.0882153720756442,2.122891215342819,2.6045075103267634,1.1598239990453354
86.0,271.0,1225.568359375,-3.332238860899489,1.4776582177857387,1.735005102395289,1.872051646849006,0.7852975492462886,-1.319754593767746,-1.0884835920255589,2.122891214800556,2.6045065224265813,1.1598239990463968
86.0,271.0,1225.568359375,-3.332239610508115,1.4776583060005182,1.7350044853982332,1.8720516468498407,0.7852975492462886,-1.319754593767746,-1.0884832515182716,2.122891214800556,2.6045065224265813,1.159823998259912
86.0,271.0,1225.568359375,-3.332239612378789,1.4776575030245664,1.7350044853982332,1.872051646847658,0.7852944218998513,-1.3197546345231648,-1.0884766228757148,2.122891214832644,2.6045065224265813,1.1598239979919915
86.0,271.0,1225.568359375,-3.332238878237524,1.477658490882391,1.735005102395289,1.872051646756845,0.7852794194768244,-1.3197545430718025,-1.0884973828406803,2.122891214833029,2.604507200204473,1.1598240122538837
86.0,271.0,1225.568359375,-3.332238860899489,1.4776582177857387,1.735005102395289,1.8720516467542867,0.7852980118291709,-1.319753931350688,-1.0884989444207926,2.122891214800556,2.6045065349924537,1.1598239990463968
86.0,271.0,1225.568603515625,-3.33223860141684,1.4776753359341857,1.735444154502786,1.8720516468753288,0.7852763390470899,-1.3197538694843118,-1.0884988760497676,2.1228912153280883,2.6045574882099523,1.1598240118654837
86.0,271.0,1225.56884765625,-3.332239677239964,1.4776753359341857,1.735005102395289,1.872051658829156,0.7844198799570642,-1.319753125721209,-1.0885243942194396,2.1228912153426,2.604565545496049,1.1598239990320534
86.0,271.0,1225.5689697265625,-3.3322387455287017,1.4776585384909182,1.7350788882966233,1.872051657845772,0.7852228115869865,-1.319753099278741,-1.0882153720756442,2.122891215343652,2.6045075103267634,1.1598239990453354
86.0,271.0,1225.5689697265625,-3.33223967407396,1.477659532493367,1.735005102395289,1.8720516469033697,0.7848281858146319,-1.3197245132804036,-1.0884990325514106,2.1228912148189374,2.604557742371808,1.159824011940167
86.0,271.0,1225.5689697265625,-3.332230642769094,1.4776589516349317,1.734507883047649,1.8720516492186043,0.7845651172276092,-1.3197534310636931,-1.0885164516120605,2.122891214791668,2.604511520976051,1.1598239986172338
86.0,271.0,1225.5693359375,-3.3322386408277493,1.4776585384909182,1.735005102395289,1.872051657845772,0.7853032267165483,-1.319753125721209,-1.0882178570537633,2.122891215342729,2.6045075103267634,1.1598240123498316
86.0,271.0,1225.5693359375,-3.3322386408277493,1.4776585384909182,1.735005102395289,1.8720516483444205,0.7853032267165483,-1.3197553905962516,-1.0882178570537633,2.122891214769905,2.6045075103267634,1.1598240123498316
86.0,271.0,1225.5697021484375,-3.332230642769094,1.4776581598740033,1.735005102395289,1.872051652567587,0.7848088690069294,-1.319753818844232,-1.0879434871332334,2.122891214828869,2.604507895471581,1.15982399903363
86.0,271.0,1225.5697021484375,-3.332230642769094,1.4776581598740033,1.735005102395289,1.872051652567587,0.7848088690069294,-1.319753818844232,-1.0879434871332334,2.122891214828869,2.604507895471581,1.15982399903363
86.0,271.0,1225.5697021484375,-3.332239986522849,1.477658336553369,1.7350040208755473,1.8720516470580388,0.7852974875416238,-1.3197546524372017,-1.0881323465178034,2.122891214800248,2.604509226441863,1.159823999069767
86.0,271.0,1225.56982421875,-3.33223860141684,1.4776753359341857,1.735005102395289,1.8720516468753288,0.7852794194768244,-1.319753893316192,-1.0884988760497676,2.1228912153280883,2.604557750374016,1.1598240118654837
86.0,271.0,1225.56982421875,-3.33223860141684,1.4776753359341857,1.735005102395289,1.8720516468753288,0.7852794194768244,-1.319753893316192,-1.0884988760497676,2.1228912153280883,2.604557750374016,1.1598240118654837
86.0,271.0,1225.56982421875,-3.33223860141684,1.4776753359341857,1.735005102395289,1.8720516468753288,0.7852794194768244,-1.319753893316192,-1.0884988760497676,2.1228912153280883,2.604557750374016,1.1598240118654837
86.0,272.0,1225.4638671875,-3.332239677265977,1.4776579923232565,1.735005102395289,1.872051649247904,0.785279979854354,-1.31975214348958,-1.088548887833721,2.122891214782172,2.584521955450429,1.1598239988022054
86.0,272.0,1225.564453125,-3.3322387067447017,1.4776751068167913,1.747840089451439,1.8720516468696249,0.785294507454341,-1.319753423718859,-1.0881225072632807,2.122891215327145,2.604510587556266,1.1598239979931422
86.0,272.0,1225.564453125,-3.332238704874028,1.4776759097927432,1.747840089451439,1.872051646871808,0.7852976348007782,-1.3197533829634405,-1.0881291359058378,2.1228912152950574,2.604510587556266,1.1598239982610623
86.0,272.0,1225.564453125,-3.332238707291222,1.4776759097927432,1.747840089451439,1.872051649182102,0.7852976348007782,-1.319728072326633,-1.0881269601452512,2.1228912152950574,2.604510583265504,1.1598239991001105
86.0,272.0,1225.564697265625,-3.3322387067447017,1.4776753359341857,1.747840089451439,1.8720516468753288,0.7852986773424488,-1.3197534442448964,-1.0884988760497676,2.1228912153280883,2.604557488335671,1.159824011827331
86.0,272.0,1225.5654296875,-3.3322387067447017,1.4776751068167913,1.747840089451439,1.872051646875201,0.7852945074696771,-1.319753423718859,-1.0881225072632807,2.1228912153281243,2.604558900053706,1.159824011850242
86.0,272.0,1225.5657958984375,-3.3322387067447017,1.4776758904596017,1.747840089451439,1.8720516468753288,0.7852945054764463,-1.319753423718859,-1.0879182960364011,2.1228912153280883,2.604557488335671,1.159824011827331
86.0,272.0,1225.56640625,-3.3322386971073104,1.477675462925331,1.7486658609571326,1.8720516492186043,0.7848491945420752,-1.3197253401472355,-1.0885308442238677,2.1228912147730865,2.6045104113468,1.1598239974318765
86.0,272.0,1225.56640625,-3.33223860141684,1.4776752956599783,1.74864406786144,1.872051646848468,0.7852806120156125,-1.3197534275619005,-1.088106360626508,2.122891215329404,2.604504156016877,1.1598239975370348
86.0,272.0,1225.5665283203125,-3.3322386971073104,1.4776750874510225,1.7486658609571326,1.8720516492186043,0.7848362115673161,-1.3197535630300423,-1.0885308442238677,2.1228912147730865,2.6045104113468,1.1598239974514706
86.0,272.0,1225.56689453125,-3.3322387067447017,1.477675857508721,1.748337308799079,1.8720516468753288,0.7852679684788327,-1.3197537443258098,-1.0879182960364011,2.1228912153280883,2.604553862836517,1.1598240122559529
86.0,272.0,1225.56689453125,-3.3322387067447017,1.477675857508721,1.748337308799079,1.8720516468753288,0.7852988596156869,-1.3197537443258098,-1.0879137401064551,2.1228912153280883,2.604553862836517,1.1598240122500232
86.0,272.0,1225.567138671875,-3.33223967407396,1.4776585688998198,1.735005102395289,1.8720516492186043,0.7844109692729858,-1.319753092264514,-1.0885308442238677,2.1228912148285053,2.6045078705600324,1.1598239985703709
86.0,272.0,1225.567138671875,-3.33223967407396,1.4776585688998198,1.735005102395289,1.8720516466766803,0.7844109692729858,-1.319753092264514,-1.0885308442238677,2.1228912148011188,2.6045078705600324,1.1598239985651528
86.0,272.0,1225.567138671875,-3.33223967407396,1.4776585688998198,1.735005102395289,1.8720516492186043,0.7844109692729858,-1.319753092264514,-1.0885308442238677,2.1228912148285053,2.6045078705600324,1.1598239985703709
86.0,272.0,1225.5672607421875,-3.332230642769094,1.477658918684051,1.735005102395289,1.8720516492186043,0.7845385802299957,-1.319753751670644,-1.0885164516120605,2.122891214791668,2.604507895476897,1.1598239990458556
86.0,272.0,1225.5672607421875,-3.33223915599078,1.47765938013066,1.7356328428275236,1.8720516492429689,0.7848155080184954,-1.319724419362218,-1.088138121132155,2.122891215361628,2.604509205033537,1.1598239981949
86.0,272.0,1225.5675048828125,-3.3322391693674254,1.4776589290120066,1.7350156838217476,1.8720516491835784,0.7848175955038583,-1.3197245132804036,-1.0885598341571816,2.122891214780707,2.6045104113468,1.1598239990319656
86.0,272.0,1225.5675048828125,-3.332239620196092,1.4776589573025576,1.7350372839250148,1.8720516492186043,0.7848159452195279,-1.319751221329291,-1.0885308913031124,2.122891214780707,2.6045080068582664,1.1598239989369
86.0,272.0,1225.567626953125,-3.3322391693674254,1.4776589290120066,1.735005102395289,1.8720516492186043,0.7848155080184954,-1.3197245132804036,-1.0885308442238677,2.122891214780707,2.6045104113468,1.1598239990319656
86.0,272.0,1225.567626953125,-3.33223967407396,1.4776581282541794,1.735005102395289,1.8720516492186043,0.7848282591659463,-1.3197245132804036,-1.0885308442238677,2.122891214780707,2.6045104113468,1.1598239985703709
86.0,272.0,1225.567626953125,-3.3322391693674254,1.4776589290120066,1.735005102395289,1.8720516492429689,0.7848155080184954,-1.319724419362218,-1.0885308442238677,2.1228912153361432,2.6045104113468,1.1598239990319656
86.0,272.0,1225.567626953125,-3.3322306369253654,1.477659367203,1.735714881422544,1.8720516525561657,0.7852974854991738,-1.319753761603038,-1.0881323465178034,2.1228912148258816,2.604509226441863,1.159823999069767
86.0,272.0,1225.567626953125,-3.332238837641213,1.4776589573025576,1.7350372839250148,1.8720516492186043,0.7848155080184954,-1.3197245132804036,-1.0885308442238677,2.122891214780707,2.6045104113468,1.159823999030841
86.0,272.0,1225.567626953125,-3.3322309686515776,1.4776593389124488,1.7356826998928183,1.8720516525561657,0.7852974854991738,-1.319753761603038,-1.0881323465178034,2.1228912148258816,2.604509226441863,1.1598239990708916
86.0,272.0,1225.567626953125,-3.33223967407396,1.4776581596924527,1.735005102395289,1.8720516492186043,0.78482891002096,-1.31975467216721,-1.0885308442238677,2.1228912148285053,2.60450788868494,1.1598239985703709
86.0,272.0,1225.567626953125,-3.3322391693674254,1.4776589290120066,1.735005102395289,1.8720516492429689,0.7848155080184954,-1.319724419362218,-1.0885308442238677,2.1228912153361432,2.6045104113468,1.1598239990319656
86.0,272.0,1225.567626953125,-3.33223967407396,1.4776581237505408,1.735005102395289,1.872051646982516,0.7848282591659463,-1.3197530050559063,-1.0885308442238677,2.122891214780707,2.6045104113468,1.1598239985703709
86.0,272.0,1225.567626953125,-3.33223967407396,1.477659532493367,1.735005102395289,1.8720516469033697,0.7848091313810295,-1.319753361921873,-1.0884990325514106,2.1228912148181123,2.604507928505085,1.159824011940167
86.0,272.0,1225.567626953125,-3.332239190388672,1.477658558681345,1.7350097679616416,1.8720516492186043,0.7848157115747719,-1.319753528549742,-1.0885308442238677,2.122891214780707,2.6045104113468,1.1598239990319656
86.0,272.0,1225.567626953125,-3.332239674119988,1.477658133582631,1.735005102395289,1.8720516465695736,0.7848365467884391,-1.3197245132804036,-1.0884946213527964,2.122891214772101,2.604504078778197,1.159823998556001
86.0,272.0,1225.567626953125,-3.3322391693674254,1.4776589290120066,1.735005102395289,1.8720516492429689,0.7848155080184954,-1.319724419362218,-1.0885308442238677,2.1228912153361432,2.6045104113468,1.1598239990319656
86.0,272.0,1225.567626953125,-3.33223967407396,1.4776581237505408,1.735005102395289,1.872051646982516,0.7848282591659463,-1.3197530050559063,-1.0885308442238677,2.122891214780707,2.6045104113468,1.1598239985703709
86.0,272.0,1225.567626953125,-3.332239166950232,1.4776589290120066,1.735005102395289,1.872051646932675,0.7848155080184954,-1.3197497299990255,-1.088533019984454,2.1228912153361432,2.604510415637563,1.159823998192918
86.0,272.0,1225.567626953125,-3.332239674119988,1.4776585774563575,1.735005102395289,1.8720516465695736,0.7848365467884391,-1.3197236852911194,-1.0884946213527964,2.122891214772101,2.604504078778197,1.1598239985822898
86.0,272.0,1225.567626953125,-3.3322391693674254,1.4776589290120066,1.735005102395289,1.8720516492429689,0.7848155080184954,-1.3197244147096894,-1.0885308442238677,2.122891215498492,2.6045104113468,1.1598239990319656
86.0,272.0,1225.567626953125,-3.33223085639649,1.477659367203,1.735714881422544,1.8720516526538629,0.7853004333540189,-1.3197528122970077,-1.0881323465178034,2.122891214773033,2.604509226441863,1.1598239990459576
86.0,272.0,1225.56787109375,-3.332239646255047,1.477659367203,1.735630998961354,1.872051649183124,0.7852974854991738,-1.3197537623776745,-1.0881323465178034,2.122891214766786,2.604509226441863,1.159823999069767
86.0,272.0,1225.56787109375,-3.332239646255047,1.477659367203,1.7356404728575543,1.8720516491379573,0.7852974854991738,-1.3197537057247382,-1.0881323465178034,2.122891214766786,2.604509112747117,1.1598239990684098
86.0,272.0,1225.5679931640625,-3.332238705337453,1.4776751164540725,1.735005102395289,1.8720516492429689,0.7848155080184954,-1.319724419362218,-1.0885308442238677,2.1228912153361432,2.6045104113468,1.1598240126249768
86.0,272.0,1225.568115234375,-3.3322387490900645,1.4776585387631471,1.7350796009956198,1.872051646848468,0.7852806120156125,-1.3197538745010249,-1.0885073631056406,2.122891215342332,2.6045073494876707,1.1598239975333229
86.0,272.0,1225.568115234375,-3.3322387490900645,1.4776585432667857,1.7350796009956198,1.872051649084556,0.7852806120156125,-1.3197253827255222,-1.0885073631056406,2.122891215342332,2.6045073494876707,1.1598239975333229
86.0,272.0,1225.5682373046875,-3.33223860141684,1.4776586400859493,1.735005102395289,1.872051646848468,0.7852806120156125,-1.319753893316192,-1.0884988760497676,2.1228912153280883,2.604504156016877,1.1598239975370348
86.0,272.0,1225.5682373046875,-3.332238986763791,1.4776750942749988,1.735630998961354,1.8720516491862529,0.7852974854991738,-1.3197537623776745,-1.0881323465178034,2.1228912153640307,2.604509226441863,1.1598239982241445
86.0,272.0,1225.5682373046875,-3.332238860899489,1.4776582177857387,1.735005102395289,1.8720516467542867,0.7852975492462886,-1.3197545299682714,-1.0885208122262575,2.122891214800556,2.6045065349924537,1.1598239990463968
86.0,272.0,1225.5682373046875,-3.332239677246285,1.4776586400859493,1.735005102395289,1.872051646848468,0.7852806120156125,-1.319753893316192,-1.088496349505005,2.122891215324928,2.604504156016877,1.1598239975370348
86.0,272.0,1225.5682373046875,-3.332239677246285,1.4776586400859493,1.735005102395289,1.872051646848468,0.7852806120156125,-1.319753893316192,-1.088496349505005,2.122891215324928,2.604504156016877,1.1598239975370348
86.0,272.0,1225.5682373046875,-3.332239677200256,1.4776586347574974,1.735005102395289,1.8720516494974984,0.7852723243931197,-1.319753893316192,-1.0885325723760764,2.1228912153335333,2.6045104885854804,1.1598239975514046
86.0,272.0,1225.5682373046875,-3.3322386977865213,1.4776758904596017,1.7355399318608824,1.8720516468753288,0.7852768505376723,-1.319753423718859,-1.088503571838371,2.1228912153280883,2.604557488217553,1.1598240118284249
86.0,272.0,1225.5682373046875,-3.332238860899489,1.4776582177857387,1.735005102395289,1.8720516492962107,0.7852975492462886,-1.3197545299682714,-1.0885208122262575,2.122891214827942,2.6045065349924537,1.1598239990516148
86.0,273.0,1225.4638671875,-3.332239677265977,1.4776579923232565,1.735005102395289,1.872051649247904,0.785279979854354,-1.31975214348958,-1.088548887833721,2.122891214782172,2.584521955450429,1.1598239988022054
86.0,273.0,1225.47314453125,-3.33223871669322,1.4776579923232565,1.735005102395289,1.872051649247904,0.7852945195562747,-1.319753313548037,-1.088548887833721,2.122891214782172,2.583885048169041,1.1598239988022054
86.0,273.0,1225.5406494140625,-3.3322387067447017,1.4776751068167913,1.747840089451439,1.872051646875201,0.7852945074696771,-1.319753423718859,-1.0881225072632807,2.1228912153281243,2.604558900053706,1.151562132392156
86.0,273.0,1225.5643310546875,-3.3322314947648417,1.477659827511529,1.747840089451439,1.8720516468753288,0.7852986773424488,-1.3197534442448964,-1.0884988760497676,2.1228912153280883,2.604557488335671,1.1598239991018309
86.0,273.0,1225.564453125,-3.3322387067447017,1.4776751068167913,1.747840089451439,1.8720516468696249,0.785294507454341,-1.319753423718859,-1.0881225072632807,2.122891215327145,2.604510587556266,1.1598239979931422
86.0,273.0,1225.564453125,-3.332238704874028,1.4776759097927432,1.747840089451439,1.872051646871808,0.7852976348007782,-1.3197533829634405,-1.0881291359058378,2.1228912152950574,2.604510587556266,1.1598239982610623
86.0,273.0,1225.564453125,-3.332238707291222,1.4776759097927432,1.747840089451439,1.872051649182102,0.7852976348007782,-1.319728072326633,-1.0881269601452512,2.1228912152950574,2.604510583265504,1.1598239991001105
86.0,273.0,1225.564453125,-3.332239173258685,1.4776759097927432,1.747840089451439,1.872051646871808,0.7852976348007782,-1.3197252412466822,-1.0881291359058378,2.12289121476272,2.604510587556266,1.1598239981679035
86.0,273.0,1225.564697265625,-3.3322387067447017,1.4776753359341857,1.747840089451439,1.8720516468753288,0.7852986773424488,-1.3197534442448964,-1.0884988760497676,2.1228912153280883,2.604557488335671,1.159824011827331
86.0,273.0,1225.5654296875,-3.3322387067447017,1.4776751068167913,1.747840089451439,1.872051646875201,0.7852945074696771,-1.319753423718859,-1.0881225072632807,2.1228912153281243,2.604558900053706,1.159824011850242
86.0,273.0,1225.5657958984375,-3.3322387067447017,1.4776758904596017,1.747840089451439,1.8720516468753288,0.7852945054764463,-1.319753423718859,-1.0879182960364011,2.1228912153280883,2.604557488335671,1.159824011827331
86.0,273.0,1225.56640625,-3.3322386971073104,1.477675462925331,1.7486658609571326,1.8720516492186043,0.7848491945420752,-1.3197253401472355,-1.0885308442238677,2.1228912147730865,2.6045104113468,1.1598239974318765
86.0,273.0,1225.56640625,-3.33223860141684,1.4776752956599783,1.74864406786144,1.872051646848468,0.7852806120156125,-1.3197534275619005,-1.088106360626508,2.122891215329404,2.604504156016877,1.1598239975370348
86.0,273.0,1225.56640625,-3.332238697017387,1.4776751068167913,1.748671604850861,1.8720516490939527,0.7852935828610174,-1.3197534253808842,-1.0881264329216078,2.122891215327145,2.604510587556266,1.1598239979931422
86.0,273.0,1225.5665283203125,-3.3322386971073104,1.4776750874510225,1.7486658609571326,1.8720516492186043,0.7848362115673161,-1.3197535630300423,-1.0885308442238677,2.1228912147730865,2.6045104113468,1.1598239974514706
86.0,273.0,1225.5665283203125,-3.3322396764694355,1.4776579645551355,1.748337308799079,1.8720516468769064,0.7852679684788327,-1.3197537496052505,-1.0879182960364011,2.1228912153280883,2.604553862836517,1.1598240122559529
86.0,273.0,1225.56689453125,-3.3322387067447017,1.477675857508721,1.748337308799079,1.8720516468753288,0.7852679684788327,-1.3197537443258098,-1.0879182960364011,2.1228912153280883,2.604553862836517,1.1598240122559529
86.0,273.0,1225.56689453125,-3.3322387067447017,1.477675857508721,1.748337308799079,1.8720516468753288,0.7852988596156869,-1.3197537443258098,-1.0879137401064551,2.1228912153280883,2.604553862836517,1.1598240122500232
86.0,273.0,1225.56689453125,-3.3322387067447017,1.477675857508721,1.748337308799079,1.8720516491825192,0.7853158932751942,-1.3197537443258098,-1.0879137401064551,2.1228912153280883,2.604553862836517,1.1598239992494703
86.0,273.0,1225.567138671875,-3.33223967407396,1.4776585688998198,1.735005102395289,1.8720516492186043,0.7844109692729858,-1.319753092264514,-1.0885308442238677,2.1228912148285053,2.6045078705600324,1.1598239985703709
86.0,273.0,1225.567138671875,-3.33223967407396,1.4776585688998198,1.735005102395289,1.8720516466766803,0.7844109692729858,-1.319753092264514,-1.0885308442238677,2.1228912148011188,2.6045078705600324,1.1598239985651528
86.0,273.0,1225.567138671875,-3.33223967407396,1.4776585688998198,1.735005102395289,1.8720516492186043,0.7844109692729858,-1.319753092264514,-1.0885308442238677,2.1228912148285053,2.6045078705600324,1.1598239985703709
86.0,273.0,1225.567138671875,-3.33223967407396,1.4776585688998198,1.735005102395289,1.8720516492177248,0.7844109692729858,-1.319753092264514,-1.0885308442238677,2.1228912148141887,2.6045078705600324,1.1598239985703709
86.0,273.0,1225.567138671875,-3.33223967407396,1.4776585688998198,1.735005102395289,1.8720516469114143,0.7843939356134786,-1.319753092264514,-1.0885308442238677,2.1228912148285053,2.6045078705600324,1.159824011570924
86.0,273.0,1225.5672607421875,-3.332230642769094,1.477658918684051,1.735005102395289,1.8720516492186043,0.7845385802299957,-1.319753751670644,-1.0885164516120605,2.122891214791668,2.604507895476897,1.1598239990458556
86.0,273.0,1225.5672607421875,-3.33223915599078,1.47765938013066,1.7356328428275236,1.8720516492429689,0.7848155080184954,-1.319724419362218,-1.088138121132155,2.122891215361628,2.604509205033537,1.1598239981949
86.0,273.0,1225.5672607421875,-3.33223915599078,1.47765938013066,1.7356328428275236,1.8720516492429689,0.7848155080184954,-1.319724419362218,-1.088138121132155,2.122891215361628,2.604509205033537,1.1598239981949
86.0,273.0,1225.5673828125,-3.332239674365632,1.477658108069178,1.7350372839250148,1.8720516469714423,0.7848159452195279,-1.3197530339966712,-1.0885308930176043,2.122891214780707,2.6045080068582664,1.1598239989369
86.0,273.0,1225.5675048828125,-3.3322391693674254,1.4776589290120066,1.7350156838217476,1.8720516491835784,0.7848175955038583,-1.3197245132804036,-1.0885598341571816,2.122891214780707,2.6045104113468,1.1598239990319656
86.0,273.0,1225.5675048828125,-3.332239620196092,1.4776589573025576,1.7350372839250148,1.8720516492186043,0.7848159452195279,-1.319751221329291,-1.0885308913031124,2.122891214780707,2.6045080068582664,1.1598239989369
86.0,273.0,1225.5675048828125,-3.3322392137066186,1.4776589571511534,1.7350360820309465,1.8720516492186043,0.7848159452195279,-1.3197235830035836,-1.0885308447943798,2.122891214780707,2.604510365834539,1.1598239989369
86.0,273.0,1225.567626953125,-3.3322391693674254,1.4776589290120066,1.735005102395289,1.8720516492186043,0.7848155080184954,-1.3197245132804036,-1.0885308442238677,2.122891214780707,2.6045104113468,1.1598239990319656
86.0,273.0,1225.567626953125,-3.33223967407396,1.4776581282541794,1.735005102395289,1.8720516492186043,0.7848282591659463,-1.3197245132804036,-1.0885308442238677,2.122891214780707,2.6045104113468,1.1598239985703709
86.0,273.0,1225.567626953125,-3.3322391693674254,1.4776589290120066,1.735005102395289,1.8720516492429689,0.7848155080184954,-1.319724419362218,-1.0885308442238677,2.1228912153361432,2.6045104113468,1.1598239990319656
86.0,273.0,1225.567626953125,-3.3322306369253654,1.477659367203,1.735714881422544,1.8720516525561657,0.7852974854991738,-1.319753761603038,-1.0881323465178034,2.1228912148258816,2.604509226441863,1.159823999069767
86.0,273.0,1225.567626953125,-3.332238837641213,1.4776589573025576,1.7350372839250148,1.8720516492186043,0.7848155080184954,-1.3197245132804036,-1.0885308442238677,2.122891214780707,2.6045104113468,1.159823999030841
86.0,273.0,1225.567626953125,-3.3322309686515776,1.4776593389124488,1.7356826998928183,1.8720516525561657,0.7852974854991738,-1.319753761603038,-1.0881323465178034,2.1228912148258816,2.604509226441863,1.1598239990708916
86.0,273.0,1225.567626953125,-3.33223967407396,1.4776581596924527,1.735005102395289,1.8720516492186043,0.78482891002096,-1.31975467216721,-1.0885308442238677,2.1228912148285053,2.60450788868494,1.1598239985703709
86.0,273.0,1225.567626953125,-3.3322391693674254,1.4776589290120066,1.735005102395289,1.8720516492429689,0.7848155080184954,-1.319724419362218,-1.0885308442238677,2.1228912153361432,2.6045104113468,1.1598239990319656
86.0,273.0,1225.567626953125,-3.33223967407396,1.4776581237505408,1.735005102395289,1.872051646982516,0.7848282591659463,-1.3197530050559063,-1.0885308442238677,2.122891214780707,2.6045104113468,1.1598239985703709
86.0,273.0,1225.567626953125,-3.33223967407396,1.477659532493367,1.735005102395289,1.8720516469033697,0.7848091313810295,-1.319753361921873,-1.0884990325514106,2.1228912148181123,2.604507928505085,1.159824011940167
86.0,273.0,1225.567626953125,-3.332239190388672,1.477658558681345,1.7350097679616416,1.8720516492186043,0.7848157115747719,-1.319753528549742,-1.0885308442238677,2.122891214780707,2.6045104113468,1.1598239990319656
86.0,273.0,1225.567626953125,-3.332239674119988,1.477658133582631,1.735005102395289,1.8720516465695736,0.7848365467884391,-1.3197245132804036,-1.0884946213527964,2.122891214772101,2.604504078778197,1.159823998556001
86.0,273.0,1225.567626953125,-3.3322391693674254,1.4776589290120066,1.735005102395289,1.8720516492429689,0.7848155080184954,-1.319724419362218,-1.0885308442238677,2.1228912153361432,2.6045104113468,1.1598239990319656
86.0,273.0,1225.567626953125,-3.33223967407396,1.4776581237505408,1.735005102395289,1.872051646982516,0.7848282591659463,-1.3197530050559063,-1.0885308442238677,2.122891214780707,2.6045104113468,1.1598239985703709
86.0,273.0,1225.567626953125,-3.332239166950232,1.4776589290120066,1.735005102395289,1.872051646932675,0.7848155080184954,-1.3197497299990255,-1.088533019984454,2.1228912153361432,2.604510415637563,1.159823998192918
86.0,273.0,1225.567626953125,-3.332239674119988,1.4776585774563575,1.735005102395289,1.8720516465695736,0.7848365467884391,-1.3197236852911194,-1.0884946213527964,2.122891214772101,2.604504078778197,1.1598239985822898
86.0,273.0,1225.567626953125,-3.3322391693674254,1.4776589290120066,1.735005102395289,1.8720516492429689,0.7848155080184954,-1.3197244147096894,-1.0885308442238677,2.122891215498492,2.6045104113468,1.1598239990319656
86.0,273.0,1225.567626953125,-3.33223085639649,1.477659367203,1.735714881422544,1.8720516526538629,0.7853004333540189,-1.3197528122970077,-1.0881323465178034,2.122891214773033,2.604509226441863,1.1598239990459576
86.0,273.0,1225.567626953125,-3.33223967407396,1.4776593859820424,1.735005102395289,1.8720516492186043,0.7848151857147971,-1.31975467216721,-1.0885308442238677,2.1228912148285053,2.60450788868494,1.1598239985930527
86.0,274.0,1225.4638671875,-3.332239677265977,1.4776579923232565,1.735005102395289,1.872051649247904,0.785279979854354,-1.31975214348958,-1.088548887833721,2.122891214782172,2.584521955450429,1.1598239988022054
86.0,274.0,1225.4638671875,-3.332239677192647,1.4776585697605604,1.735005102395289,1.8720516492482384,0.785279979854354,-1.31975214348958,-1.0885480052527867,2.122891214782172,2.584521955450429,1.1598239988022054
86.0,274.0,1225.47314453125,-3.33223871669322,1.4776579923232565,1.735005102395289,1.872051649247904,0.7852945195562747,-1.319753313548037,-1.088548887833721,2.122891214782172,2.583885048169041,1.1598239988022054
86.0,274.0,1225.5406494140625,-3.3322387067447017,1.4776751068167913,1.747840089451439,1.872051646875201,0.7852945074696771,-1.319753423718859,-1.0881225072632807,2.1228912153281243,2.604558900053706,1.151562132392156
86.0,274.0,1225.563720703125,-3.332238769062484,1.4776753359341857,1.747840089451439,1.8720516468753288,0.7852986773424488,-1.3197543060003496,-1.0884988760497676,2.1228912153303607,2.604511334710719,1.159824011827331
86.0,274.0,1225.56396484375,-3.332239173258685,1.4776587197345812,1.747840089451439,1.872051646866541,0.7852976348007782,-1.3197252412466822,-1.0881291359058378,2.122891214780798,2.6045104208655783,1.1598239981679035
86.0,274.0,1225.564208984375,-3.3322314947648417,1.477659827511529,1.747840089451439,1.8720516469849129,0.7852986773424488,-1.3197534442448964,-1.0885281240951954,2.1228912153280883,2.604557488335671,1.1598239985646732
86.0,274.0,1225.564208984375,-3.332239173258685,1.4776759097927432,1.7477513269513232,1.872051646849371,0.785280586627988,-1.3197252412466822,-1.0881291359058378,2.122891214783833,2.604510587556266,1.1598239981679035
86.0,274.0,1225.5643310546875,-3.3322314947648417,1.477659827511529,1.747840089451439,1.8720516468753288,0.7852986773424488,-1.3197534442448964,-1.0884988760497676,2.1228912153280883,2.604557488335671,1.1598239991018309
86.0,274.0,1225.564453125,-3.3322387067447017,1.4776751068167913,1.747840089451439,1.8720516468696249,0.785294507454341,-1.319753423718859,-1.0881225072632807,2.122891215327145,2.604510587556266,1.1598239979931422
86.0,274.0,1225.564453125,-3.332238704874028,1.4776759097927432,1.747840089451439,1.872051646871808,0.7852976348007782,-1.3197533829634405,-1.0881291359058378,2.1228912152950574,2.604510587556266,1.1598239982610623
86.0,274.0,1225.564453125,-3.332238707291222,1.4776759097927432,1.747840089451439,1.872051649182102,0.7852976348007782,-1.319728072326633,-1.0881269601452512,2.1228912152950574,2.604510583265504,1.1598239991001105
86.0,274.0,1225.564453125,-3.332239173258685,1.4776759097927432,1.747840089451439,1.872051646871808,0.7852976348007782,-1.3197252412466822,-1.0881291359058378,2.12289121476272,2.604510587556266,1.1598239981679035
86.0,274.0,1225.564453125,-3.332238709499882,1.4776751068167913,1.747840089451439,1.8720516468696249,0.785294507454341,-1.3197531304239034,-1.0881225072632807,2.122891215327145,2.604510587556266,1.1598239979931422
86.0,274.0,1225.564697265625,-3.3322387067447017,1.4776753359341857,1.747840089451439,1.8720516468753288,0.7852986773424488,-1.3197534442448964,-1.0884988760497676,2.1228912153280883,2.604557488335671,1.159824011827331
86.0,274.0,1225.5653076171875,-3.3322314947648417,1.477675754184968,1.747840089451439,1.8720516468753248,0.7852986993536694,-1.3197534442448964,-1.0881419314415208,2.1228912153280883,2.604557488335671,1.159824012036415
86.0,274.0,1225.5654296875,-3.3322387067447017,1.4776751068167913,1.747840089451439,1.872051646875201,0.7852945074696771,-1.319753423718859,-1.0881225072632807,2.1228912153281243,2.604558900053706,1.159824011850242
86.0,274.0,1225.5657958984375,-3.3322387067447017,1.4776758904596017,1.747840089451439,1.8720516468753288,0.7852945054764463,-1.319753423718859,-1.0879182960364011,2.1228912153280883,2.604557488335671,1.159824011827331
86.0,274.0,1225.56640625,-3.3322386971073104,1.477675462925331,1.7486658609571326,1.8720516492186043,0.7848491945420752,-1.3197253401472355,-1.0885308442238677,2.1228912147730865,2.6045104113468,1.1598239974318765
86.0,274.0,1225.56640625,-3.33223860141684,1.4776752956599783,1.74864406786144,1.872051646848468,0.7852806120156125,-1.3197534275619005,-1.088106360626508,2.122891215329404,2.604504156016877,1.1598239975370348
86.0,274.0,1225.56640625,-3.332238697017387,1.4776751068167913,1.748671604850861,1.8720516490939527,0.7852935828610174,-1.3197534253808842,-1.0881264329216078,2.122891215327145,2.604510587556266,1.1598239979931422
86.0,274.0,1225.5665283203125,-3.3322386971073104,1.4776750874510225,1.7486658609571326,1.8720516492186043,0.7848362115673161,-1.3197535630300423,-1.0885308442238677,2.1228912147730865,2.6045104113468,1.1598239974514706
86.0,274.0,1225.5665283203125,-3.3322396764694355,1.4776579645551355,1.748337308799079,1.8720516468769064,0.7852679684788327,-1.3197537496052505,-1.0879182960364011,2.1228912153280883,2.604553862836517,1.1598240122559529
86.0,274.0,1225.5665283203125,-3.332238706751509,1.4776750874510225,1.7486658609571326,1.8720516492186043,0.7848362115673161,-1.319753744634067,-1.0885576446447716,2.1228912147730865,2.6045104113468,1.1598239974514706
86.0,274.0,1225.5665283203125,-3.33223860141684,1.4776752956599783,1.7487328303615557,1.8720516468709043,0.7852976601884026,-1.3197534275619005,-1.088106360626508,2.122891215308291,2.604504156016877,1.1598239975370348
86.0,274.0,1225.5665283203125,-3.3322396812900155,1.4776579645551355,1.748337308799079,1.872051646964057,0.7852679684788327,-1.3197537496052505,-1.0879182960364011,2.1228912153280883,2.604553862836517,1.159824011631766
86.0,274.0,1225.5667724609375,-3.3322386971073104,1.4776588428393354,1.7486658609571326,1.8720516492186043,0.7845357110879861,-1.3197533667323735,-1.0885308442238677,2.1228912147730865,2.6045105707422405,1.1598239989931398
86.0,274.0,1225.56689453125,-3.3322387067447017,1.477675857508721,1.748337308799079,1.8720516468753288,0.7852679684788327,-1.3197537443258098,-1.0879182960364011,2.1228912153280883,2.604553862836517,1.1598240122559529
86.0,274.0,1225.56689453125,-3.3322387067447017,1.477675857508721,1.748337308799079,1.8720516468753288,0.7852988596156869,-1.3197537443258098,-1.0879137401064551,2.1228912153280883,2.604553862836517,1.1598240122500232
86.0,274.0,1225.56689453125,-3.3322387067447017,1.477675857508721,1.748337308799079,1.8720516491825192,0.7853158932751942,-1.3197537443258098,-1.0879137401064551,2.1228912153280883,2.604553862836517,1.1598239992494703
86.0,274.0,1225.56689453125,-3.332239638734311,1.477658585191088,1.735062234945551,1.87205164678566,0.7843815363555483,-1.319753092264514,-1.0885308442238677,2.1228912147988703,2.604506276253117,1.1598239996951552
86.0,274.0,1225.56689453125,-3.332238697100503,1.477675857508721,1.748337308799079,1.8720516491825192,0.7853158932751942,-1.3197535627217851,-1.0878869396855513,2.1228912153280883,2.604553862836517,1.1598239992494703
86.0,274.0,1225.567138671875,-3.33223967407396,1.4776585688998198,1.735005102395289,1.8720516492186043,0.7844109692729858,-1.319753092264514,-1.0885308442238677,2.1228912148285053,2.6045078705600324,1.1598239985703709
86.0,274.0,1225.567138671875,-3.33223967407396,1.4776585688998198,1.735005102395289,1.8720516466766803,0.7844109692729858,-1.319753092264514,-1.0885308442238677,2.1228912148011188,2.6045078705600324,1.1598239985651528
86.0,274.0,1225.567138671875,-3.33223967407396,1.4776585688998198,1.735005102395289,1.8720516492186043,0.7844109692729858,-1.319753092264514,-1.0885308442238677,2.1228912148285053,2.6045078705600324,1.1598239985703709
86.0,274.0,1225.567138671875,-3.33223967407396,1.4776585688998198,1.735005102395289,1.8720516492177248,0.7844109692729858,-1.319753092264514,-1.0885308442238677,2.1228912148141887,2.6045078705600324,1.1598239985703709
86.0,274.0,1225.567138671875,-3.33223967407396,1.4776585688998198,1.735005102395289,1.8720516469114143,0.7843939356134786,-1.319753092264514,-1.0885308442238677,2.1228912148285053,2.6045078705600324,1.159824011570924
86.0,274.0,1225.567138671875,-3.33223967414729,1.477657991462516,1.735005102395289,1.8720516492182704,0.7844109692729858,-1.319753092264514,-1.088531726804802,2.1228912148285053,2.6045078705600324,1.1598239985703709
86.0,274.0,1225.567138671875,-3.3322396764694355,1.4776585851860162,1.7485414329180244,1.8720516468769064,0.7852679684788327,-1.3197537496052505,-1.0879182960364011,2.1228912153280883,2.604553862836517,1.1598239990208346
86.0,274.0,1225.567138671875,-3.3322396713187787,1.4776585688998198,1.735005102395289,1.8720516469114143,0.7843939356134786,-1.31975338555947,-1.0885308442238677,2.1228912148285053,2.6045078705600324,1.159824011570924
86.0,274.0,1225.567138671875,-3.3322391363467645,1.477658568392447,1.735005102395289,1.8720516492186043,0.7844043805144033,-1.319750873702635,-1.0885308442238677,2.1228912148285053,2.6045078705600324,1.1598239985703709
86.0,274.0,1225.5672607421875,-3.332230642769094,1.477658918684051,1.735005102395289,1.8720516492186043,0.7845385802299957,-1.319753751670644,-1.0885164516120605,2.122891214791668,2.604507895476897,1.1598239990458556
86.0,274.0,1225.5672607421875,-3.33223915599078,1.47765938013066,1.7356328428275236,1.8720516492429689,0.7848155080184954,-1.319724419362218,-1.088138121132155,2.122891215361628,2.604509205033537,1.1598239981949
86.0,274.0,1225.5672607421875,-3.33223915599078,1.47765938013066,1.7356328428275236,1.8720516492429689,0.7848155080184954,-1.319724419362218,-1.088138121132155,2.122891215361628,2.604509205033537,1.1598239981949
86.0,274.0,1225.5673828125,-3.332239674365632,1.477658108069178,1.7350372839250148,1.8720516469714423,0.7848159452195279,-1.3197530339966712,-1.0885308930176043,2.122891214780707,2.6045080068582664,1.1598239989369
86.0,274.0,1225.5673828125,-3.332239674365632,1.477658108069178,1.7350372839250148,1.8720516469714423,0.7848159452195279,-1.3197530339966712,-1.0885308930176043,2.122891214780707,2.6045080068582664,1.1598239989369
86.0,274.0,1225.5675048828125,-3.3322391693674254,1.4776589290120066,1.7350156838217476,1.8720516491835784,0.7848175955038583,-1.3197245132804036,-1.0885598341571816,2.122891214780707,2.6045104113468,1.1598239990319656
86.0,274.0,1225.5675048828125,-3.332239620196092,1.4776589573025576,1.7350372839250148,1.8720516492186043,0.7848159452195279,-1.319751221329291,-1.0885308913031124,2.122891214780707,2.6045080068582664,1.1598239989369
86.0,274.0,1225.5675048828125,-3.3322392137066186,1.4776589571511534,1.7350360820309465,1.8720516492186043,0.7848159452195279,-1.3197235830035836,-1.0885308447943798,2.122891214780707,2.604510365834539,1.1598239989369
86.0,274.0,1225.567626953125,-3.3322391693674254,1.4776589290120066,1.735005102395289,1.8720516492186043,0.7848155080184954,-1.3197245132804036,-1.0885308442238677,2.122891214780707,2.6045104113468,1.1598239990319656
86.0,275.0,1225.4638671875,-3.332239677265977,1.4776579923232565,1.735005102395289,1.872051649247904,0.785279979854354,-1.31975214348958,-1.088548887833721,2.122891214782172,2.584521955450429,1.1598239988022054
86.0,275.0,1225.4638671875,-3.332239677192647,1.4776585697605604,1.735005102395289,1.8720516492482384,0.785279979854354,-1.31975214348958,-1.0885480052527867,2.122891214782172,2.584521955450429,1.1598239988022054
86.0,275.0,1225.4638671875,-3.332239677192647,1.4776585697605604,1.735005102395289,1.8720516492482384,0.785279979854354,-1.31975214348958,-1.0885480052527867,2.122891214782172,2.584521955450429,1.1598239988022054
86.0,275.0,1225.47314453125,-3.33223871669322,1.4776579923232565,1.735005102395289,1.872051649247904,0.7852945195562747,-1.319753313548037,-1.088548887833721,2.122891214782172,2.583885048169041,1.1598239988022054
86.0,275.0,1225.5406494140625,-3.3322387067447017,1.4776751068167913,1.747840089451439,1.872051646875201,0.7852945074696771,-1.319753423718859,-1.0881225072632807,2.1228912153281243,2.604558900053706,1.151562132392156
86.0,275.0,1225.5546875,-3.332239677265977,1.4776579923232565,1.748047195817696,1.872051649247904,0.785280296917354,-1.319752123382162,-1.0884992762214865,2.122891214782172,2.584521955450429,1.1598239988022054
86.0,275.0,1225.563720703125,-3.332238769062484,1.4776753359341857,1.747840089451439,1.8720516468753288,0.7852986773424488,-1.3197543060003496,-1.0884988760497676,2.1228912153303607,2.604511334710719,1.159824011827331
86.0,275.0,1225.56396484375,-3.332239173258685,1.4776587197345812,1.747840089451439,1.872051646866541,0.7852976348007782,-1.3197252412466822,-1.0881291359058378,2.122891214780798,2.6045104208655783,1.1598239981679035
86.0,275.0,1225.5640869140625,-3.332239173258685,1.4776584809404876,1.747840089451439,1.872051646866541,0.7852976348007782,-1.3197252412466822,-1.0881224914940577,2.122891214780798,2.6045104208655783,1.159823997725602
86.0,275.0,1225.5640869140625,-3.332238704874028,1.4776593834225298,1.747840089451439,1.87205164687182,0.7852976348007782,-1.3197533829634405,-1.0881307531439943,2.1228912152950574,2.604510962638785,1.1598239982544714
86.0,275.0,1225.564208984375,-3.3322314947648417,1.477659827511529,1.747840089451439,1.8720516469849129,0.7852986773424488,-1.3197534442448964,-1.0885281240951954,2.1228912153280883,2.604557488335671,1.1598239985646732
86.0,275.0,1225.564208984375,-3.332239173258685,1.4776759097927432,1.7477513269513232,1.872051646849371,0.785280586627988,-1.3197252412466822,-1.0881291359058378,2.122891214783833,2.604510587556266,1.1598239981679035
86.0,275.0,1225.564208984375,-3.332238703553671,1.4776752956599783,1.7478537417920832,1.8720516468709056,0.7852944992932257,-1.3197534275151386,-1.0881237837692572,2.122891215308291,2.60449955897479,1.1598239975370348
86.0,275.0,1225.564208984375,-3.332239173258685,1.4776759097927432,1.7477513269513232,1.8720516469797084,0.785281086180492,-1.3197252412466822,-1.0881291359058378,2.122891214783833,2.604510587556266,1.159824011704767
86.0,275.0,1225.5643310546875,-3.3322314947648417,1.477659827511529,1.747840089451439,1.8720516468753288,0.7852986773424488,-1.3197534442448964,-1.0884988760497676,2.1228912153280883,2.604557488335671,1.1598239991018309
86.0,275.0,1225.5643310546875,-3.3322393696253454,1.477659827511529,1.747876385403922,1.8720516469849129,0.7852986773424488,-1.3197534442448964,-1.0885281240951954,2.1228912153280883,2.604557488335671,1.159823998416362
86.0,275.0,1225.5643310546875,-3.3322387067447017,1.477659205055257,1.747840089451439,1.8720516468753288,0.7852986773424488,-1.3197534442448964,-1.0884988760497676,2.1228912153280883,2.604557488335671,1.1598239979856444
86.0,275.0,1225.564453125,-3.3322387067447017,1.4776751068167913,1.747840089451439,1.8720516468696249,0.785294507454341,-1.319753423718859,-1.0881225072632807,2.122891215327145,2.604510587556266,1.1598239979931422
86.0,275.0,1225.564453125,-3.332238704874028,1.4776759097927432,1.747840089451439,1.872051646871808,0.7852976348007782,-1.3197533829634405,-1.0881291359058378,2.1228912152950574,2.604510587556266,1.1598239982610623
86.0,275.0,1225.564453125,-3.332238707291222,1.4776759097927432,1.747840089451439,1.872051649182102,0.7852976348007782,-1.319728072326633,-1.0881269601452512,2.1228912152950574,2.604510583265504,1.1598239991001105
86.0,275.0,1225.564453125,-3.332239173258685,1.4776759097927432,1.747840089451439,1.872051646871808,0.7852976348007782,-1.3197252412466822,-1.0881291359058378,2.12289121476272,2.604510587556266,1.1598239981679035
86.0,275.0,1225.564453125,-3.332238709499882,1.4776751068167913,1.747840089451439,1.8720516468696249,0.785294507454341,-1.3197531304239034,-1.0881225072632807,2.122891215327145,2.604510587556266,1.1598239979931422
86.0,275.0,1225.5645751953125,-3.3322314947648417,1.477675754184968,1.747840089451439,1.872051646948811,0.7852986993536694,-1.3197534442448964,-1.088553922328637,2.1228912153280883,2.604557488335671,1.1598239984336225
86.0,275.0,1225.5645751953125,-3.3322314947648417,1.4776759583904575,1.747840089451439,1.8720516469849129,0.7852986773424488,-1.3197534442448964,-1.0885281240951954,2.1228912153280883,2.604557488335671,1.15982401240636
86.0,275.0,1225.564697265625,-3.3322387067447017,1.4776753359341857,1.747840089451439,1.8720516468753288,0.7852986773424488,-1.3197534442448964,-1.0884988760497676,2.1228912153280883,2.604557488335671,1.159824011827331
86.0,275.0,1225.5653076171875,-3.3322314947648417,1.477675754184968,1.747840089451439,1.8720516468753248,0.7852986993536694,-1.3197534442448964,-1.0881419314415208,2.1228912153280883,2.604557488335671,1.159824012036415
86.0,275.0,1225.5653076171875,-3.3322314947648417,1.4776758984946217,1.747840089451439,1.8720516468753248,0.7852987004460458,-1.3197534442448964,-1.0881515787162683,2.1228912153280883,2.604557488335671,1.159824012230557
86.0,275.0,1225.5654296875,-3.3322387067447017,1.4776751068167913,1.747840089451439,1.872051646875201,0.7852945074696771,-1.319753423718859,-1.0881225072632807,2.1228912153281243,2.604558900053706,1.159824011850242
86.0,275.0,1225.5654296875,-3.3322387067447017,1.477675345610885,1.747840089451439,1.872051646875201,0.7852945074696771,-1.319753423718859,-1.0881291516750609,2.1228912153281243,2.604558900053706,1.1598240122925434
86.0,275.0,1225.565673828125,-3.3322386936887685,1.4776752956599783,1.74864406786144,1.872051646848468,0.7852806120156125,-1.3197534275619005,-1.0885251580020332,2.122891215329404,2.6045041642140565,1.1598239975607243
86.0,275.0,1225.5657958984375,-3.3322387067447017,1.4776758904596017,1.747840089451439,1.8720516468753288,0.7852945054764463,-1.319753423718859,-1.0879182960364011,2.1228912153280883,2.604557488335671,1.159824011827331
86.0,275.0,1225.5657958984375,-3.3322387067447017,1.47767588983445,1.747840089451439,1.8720516468753288,0.7852947055077467,-1.319753423718859,-1.0879182960364011,2.1228912153280883,2.604557488335671,1.159824011827331
86.0,275.0,1225.56640625,-3.3322386971073104,1.477675462925331,1.7486658609571326,1.8720516492186043,0.7848491945420752,-1.3197253401472355,-1.0885308442238677,2.1228912147730865,2.6045104113468,1.1598239974318765
86.0,275.0,1225.56640625,-3.33223860141684,1.4776752956599783,1.74864406786144,1.872051646848468,0.7852806120156125,-1.3197534275619005,-1.088106360626508,2.122891215329404,2.604504156016877,1.1598239975370348
86.0,275.0,1225.56640625,-3.332238697017387,1.4776751068167913,1.748671604850861,1.8720516490939527,0.7852935828610174,-1.3197534253808842,-1.0881264329216078,2.122891215327145,2.604510587556266,1.1598239979931422
86.0,275.0,1225.56640625,-3.332238697017387,1.4776751068167913,1.748671604850861,1.8720516490939527,0.7852935828610174,-1.3197534253808842,-1.0881264329216078,2.122891215327145,2.604510587556266,1.1598239979931422
86.0,275.0,1225.56640625,-3.332231806429512,1.4776579645551355,1.748301012846596,1.872051646964057,0.7852679684788327,-1.3197537496052505,-1.0879182960364011,2.1228912153280883,2.604553862836517,1.159824011780077
86.0,275.0,1225.56640625,-3.332238696849071,1.477675462925331,1.7486779019611438,1.8720516492186043,0.7853144072076483,-1.319725239713733,-1.088115656695935,2.1228912147730865,2.6045104113468,1.1598239974318765
86.0,275.0,1225.5665283203125,-3.3322386971073104,1.4776750874510225,1.7486658609571326,1.8720516492186043,0.7848362115673161,-1.3197535630300423,-1.0885308442238677,2.1228912147730865,2.6045104113468,1.1598239974514706
86.0,275.0,1225.5665283203125,-3.3322396764694355,1.4776579645551355,1.748337308799079,1.8720516468769064,0.7852679684788327,-1.3197537496052505,-1.0879182960364011,2.1228912153280883,2.604553862836517,1.1598240122559529
86.0,275.0,1225.5665283203125,-3.332238706751509,1.4776750874510225,1.7486658609571326,1.8720516492186043,0.7848362115673161,-1.319753744634067,-1.0885576446447716,2.1228912147730865,2.6045104113468,1.1598239974514706
86.0,275.0,1225.5665283203125,-3.33223860141684,1.4776752956599783,1.7487328303615557,1.8720516468709043,0.7852976601884026,-1.3197534275619005,-1.088106360626508,2.122891215308291,2.604504156016877,1.1598239975370348
86.0,275.0,1225.5665283203125,-3.3322396812900155,1.4776579645551355,1.748337308799079,1.872051646964057,0.7852679684788327,-1.3197537496052505,-1.0879182960364011,2.1228912153280883,2.604553862836517,1.159824011631766
86.0,275.0,1225.5667724609375,-3.3322386971073104,1.4776588428393354,1.7486658609571326,1.8720516492186043,0.7845357110879861,-1.3197533667323735,-1.0885308442238677,2.1228912147730865,2.6045105707422405,1.1598239989931398
86.0,275.0,1225.56689453125,-3.3322387067447017,1.477675857508721,1.748337308799079,1.8720516468753288,0.7852679684788327,-1.3197537443258098,-1.0879182960364011,2.1228912153280883,2.604553862836517,1.1598240122559529
86.0,275.0,1225.56689453125,-3.3322387067447017,1.477675857508721,1.748337308799079,1.8720516468753288,0.7852988596156869,-1.3197537443258098,-1.0879137401064551,2.1228912153280883,2.604553862836517,1.1598240122500232
86.0,275.0,1225.56689453125,-3.3322387067447017,1.477675857508721,1.748337308799079,1.8720516491825192,0.7853158932751942,-1.3197537443258098,-1.0879137401064551,2.1228912153280883,2.604553862836517,1.1598239992494703
86.0,275.0,1225.56689453125,-3.332239638734311,1.477658585191088,1.735062234945551,1.87205164678566,0.7843815363555483,-1.319753092264514,-1.0885308442238677,2.1228912147988703,2.604506276253117,1.1598239996951552
86.0,275.0,1225.56689453125,-3.332238697100503,1.477675857508721,1.748337308799079,1.8720516491825192,0.7853158932751942,-1.3197535627217851,-1.0878869396855513,2.1228912153280883,2.604553862836517,1.1598239992494703
86.0,275.0,1225.56689453125,-3.3322387067447017,1.4776758581338727,1.748337308799079,1.8720516468753288,0.7852677684475323,-1.3197537443258098,-1.0879182960364011,2.1228912153280883,2.604553862836517,1.1598240122559529
86.0,276.0,1225.4638671875,-3.332239677265977,1.4776579923232565,1.735005102395289,1.872051649247904,0.785279979854354,-1.31975214348958,-1.088548887833721,2.122891214782172,2.584521955450429,1.1598239988022054
86.0,276.0,1225.4638671875,-3.332239677192647,1.4776585697605604,1.735005102395289,1.8720516492482384,0.785279979854354,-1.31975214348958,-1.0885480052527867,2.122891214782172,2.584521955450429,1.1598239988022054
86.0,276.0,1225.4638671875,-3.332239677192647,1.4776585697605604,1.735005102395289,1.8720516492482384,0.785279979854354,-1.31975214348958,-1.0885480052527867,2.122891214782172,2.584521955450429,1.1598239988022054
86.0,276.0,1225.47314453125,-3.33223871669322,1.4776579923232565,1.735005102395289,1.872051649247904,0.7852945195562747,-1.319753313548037,-1.088548887833721,2.122891214782172,2.583885048169041,1.1598239988022054
86.0,276.0,1225.47900390625,-3.332238853507638,1.4776585218352885,1.735005102395289,1.8720516468886648,0.785279979854354,-1.3197521815142406,-1.088548887833721,2.1228912153342865,2.584521955450429,1.1605994311689067
86.0,276.0,1225.508544921875,-3.3322314947648417,1.4776585275171177,1.7352414258582842,1.8720516469849129,0.7852986773424488,-1.3197534442448964,-1.0885281240951954,2.1228912147652315,2.581850356997295,1.15982401240636
86.0,276.0,1225.5113525390625,-3.332239677192647,1.4776585697605604,1.735005102395289,1.8720516492482384,0.7848349503041363,-1.3197537957359018,-1.0885480052527867,2.1228912147822983,2.6019293489463964,1.1598239988022054
86.0,276.0,1225.5389404296875,-3.332238769062484,1.4776753311845148,1.747840089451439,1.8720516468753268,0.7852986064481419,-1.3197533826168475,-1.0884988760497676,2.1228912153303607,2.6045584334624583,1.1514990509313778
86.0,276.0,1225.5406494140625,-3.3322387067447017,1.4776751068167913,1.747840089451439,1.872051646875201,0.7852945074696771,-1.319753423718859,-1.0881225072632807,2.1228912153281243,2.604558900053706,1.151562132392156
86.0,276.0,1225.5546875,-3.332239677265977,1.4776579923232565,1.748047195817696,1.872051649247904,0.785280296917354,-1.319752123382162,-1.0884992762214865,2.122891214782172,2.584521955450429,1.1598239988022054
86.0,276.0,1225.5616455078125,-3.3322314947648417,1.477675754184968,1.7480475104132656,1.8720516493160688,0.7852994376616614,-1.3197521398642909,-1.088498002214764,2.122891215332497,2.604379289603694,1.1598239988139414
86.0,276.0,1225.5634765625,-3.332239173258685,1.4776758690387488,1.7477513269513232,1.872051646805928,0.785280586627988,-1.3197252412466822,-1.088504683798694,2.1228912147830523,2.604510587556266,1.1598239974916742
86.0,276.0,1225.563720703125,-3.332238769062484,1.4776753359341857,1.747840089451439,1.8720516468753288,0.7852986773424488,-1.3197543060003496,-1.0884988760497676,2.1228912153303607,2.604511334710719,1.159824011827331
86.0,276.0,1225.563720703125,-3.332239558270401,1.4776759097927432,1.7478529949209916,1.8720516491838093,0.7852803132237901,-1.3197525277531228,-1.0885110367768178,2.1228912147637384,2.604510583265504,1.1598239988102317
86.0,276.0,1225.56396484375,-3.332239173258685,1.4776587197345812,1.747840089451439,1.872051646866541,0.7852976348007782,-1.3197252412466822,-1.0881291359058378,2.122891214780798,2.6045104208655783,1.1598239981679035
86.0,276.0,1225.5640869140625,-3.332239173258685,1.4776584809404876,1.747840089451439,1.872051646866541,0.7852976348007782,-1.3197252412466822,-1.0881224914940577,2.122891214780798,2.6045104208655783,1.159823997725602
86.0,276.0,1225.5640869140625,-3.332238704874028,1.4776593834225298,1.747840089451439,1.87205164687182,0.7852976348007782,-1.3197533829634405,-1.0881307531439943,2.1228912152950574,2.604510962638785,1.1598239982544714
86.0,276.0,1225.5640869140625,-3.332238704874028,1.4776593834225298,1.747840089451439,1.87205164687182,0.7852976348007782,-1.3197533829634405,-1.088130743803511,2.1228912152950574,2.6045103816025272,1.159823998167802
86.0,276.0,1225.5640869140625,-3.332239173258685,1.4776587197345812,1.747840089451439,1.872051646866541,0.7852976348007782,-1.3197252412466822,-1.0881291452463209,2.122891214780798,2.604511001901836,1.159823998254573
86.0,276.0,1225.5640869140625,-3.332239173258685,1.4776584809404876,1.747840089451439,1.872051646866541,0.7852976348007782,-1.3197252412466822,-1.0881224914940577,2.122891214780798,2.6045104208655783,1.1598239977388731
86.0,276.0,1225.564208984375,-3.3322314947648417,1.477659827511529,1.747840089451439,1.8720516469849129,0.7852986773424488,-1.3197534442448964,-1.0885281240951954,2.1228912153280883,2.604557488335671,1.1598239985646732
86.0,276.0,1225.564208984375,-3.332239173258685,1.4776759097927432,1.7477513269513232,1.872051646849371,0.785280586627988,-1.3197252412466822,-1.0881291359058378,2.122891214783833,2.604510587556266,1.1598239981679035
86.0,276.0,1225.564208984375,-3.332238703553671,1.4776752956599783,1.7478537417920832,1.8720516468709056,0.7852944992932257,-1.3197534275151386,-1.0881237837692572,2.122891215308291,2.60449955897479,1.1598239975370348
86.0,276.0,1225.564208984375,-3.332239173258685,1.4776759097927432,1.7477513269513232,1.8720516469797084,0.785281086180492,-1.3197252412466822,-1.0881291359058378,2.122891214783833,2.604510587556266,1.159824011704767
86.0,276.0,1225.564208984375,-3.3322314947648417,1.477659827511529,1.747840089451439,1.8720516469849129,0.7852986773424488,-1.3197534442448964,-1.0885281240951954,2.1228912153280883,2.604557488335671,1.1598239985646732
86.0,276.0,1225.5643310546875,-3.3322314947648417,1.477659827511529,1.747840089451439,1.8720516468753288,0.7852986773424488,-1.3197534442448964,-1.0884988760497676,2.1228912153280883,2.604557488335671,1.1598239991018309
86.0,276.0,1225.5643310546875,-3.3322393696253454,1.477659827511529,1.747876385403922,1.8720516469849129,0.7852986773424488,-1.3197534442448964,-1.0885281240951954,2.1228912153280883,2.604557488335671,1.159823998416362
86.0,276.0,1225.5643310546875,-3.3322387067447017,1.477659205055257,1.747840089451439,1.8720516468753288,0.7852986773424488,-1.3197534442448964,-1.0884988760497676,2.1228912153280883,2.604557488335671,1.1598239979856444
86.0,276.0,1225.5643310546875,-3.332238700018759,1.477659827511529,1.7478758723044174,1.8720516468754649,0.7852986773424488,-1.3197534442448964,-1.0885281240951954,2.1228912153280883,2.604557488335671,1.159823998416362
86.0,276.0,1225.564453125,-3.3322387067447017,1.4776751068167913,1.747840089451439,1.8720516468696249,0.785294507454341,-1.319753423718859,-1.0881225072632807,2.122891215327145,2.604510587556266,1.1598239979931422
86.0,276.0,1225.564453125,-3.332238704874028,1.4776759097927432,1.747840089451439,1.872051646871808,0.7852976348007782,-1.3197533829634405,-1.0881291359058378,2.1228912152950574,2.604510587556266,1.1598239982610623
86.0,276.0,1225.564453125,-3.332238707291222,1.4776759097927432,1.747840089451439,1.872051649182102,0.7852976348007782,-1.319728072326633,-1.0881269601452512,2.1228912152950574,2.604510583265504,1.1598239991001105
86.0,276.0,1225.564453125,-3.332239173258685,1.4776759097927432,1.747840089451439,1.872051646871808,0.7852976348007782,-1.3197252412466822,-1.0881291359058378,2.12289121476272,2.604510587556266,1.1598239981679035
86.0,276.0,1225.564453125,-3.332238709499882,1.4776751068167913,1.747840089451439,1.8720516468696249,0.785294507454341,-1.3197531304239034,-1.0881225072632807,2.122891215327145,2.604510587556266,1.1598239979931422
86.0,276.0,1225.564453125,-3.3322387067447017,1.4776751068167913,1.747840089451439,1.8720516468696249,0.7852936580164009,-1.3197534253295662,-1.0881225072632807,2.122891215327145,2.604510587556266,1.1598239979931422
86.0,276.0,1225.564453125,-3.3322314947648417,1.4776759583904575,1.747840089451439,1.8720516469856456,0.7852986773424488,-1.3197534442448964,-1.0881242143036478,2.1228912153280883,2.6045110318234896,1.159823998091606
86.0,276.0,1225.5645751953125,-3.3322314947648417,1.477675754184968,1.747840089451439,1.872051646948811,0.7852986993536694,-1.3197534442448964,-1.088553922328637,2.1228912153280883,2.604557488335671,1.1598239984336225
86.0,276.0,1225.5645751953125,-3.3322314947648417,1.4776759583904575,1.747840089451439,1.8720516469849129,0.7852986773424488,-1.3197534442448964,-1.0885281240951954,2.1228912153280883,2.604557488335671,1.15982401240636
86.0,276.0,1225.564697265625,-3.3322387067447017,1.4776753359341857,1.747840089451439,1.8720516468753288,0.7852986773424488,-1.3197534442448964,-1.0884988760497676,2.1228912153280883,2.604557488335671,1.159824011827331
86.0,276.0,1225.5653076171875,-3.3322314947648417,1.477675754184968,1.747840089451439,1.8720516468753248,0.7852986993536694,-1.3197534442448964,-1.0881419314415208,2.1228912153280883,2.604557488335671,1.159824012036415
86.0,276.0,1225.5653076171875,-3.3322314947648417,1.4776758984946217,1.747840089451439,1.8720516468753248,0.7852987004460458,-1.3197534442448964,-1.0881515787162683,2.1228912153280883,2.604557488335671,1.159824012230557
86.0,276.0,1225.5654296875,-3.3322387067447017,1.4776751068167913,1.747840089451439,1.872051646875201,0.7852945074696771,-1.319753423718859,-1.0881225072632807,2.1228912153281243,2.604558900053706,1.159824011850242
86.0,276.0,1225.5654296875,-3.3322387067447017,1.477675345610885,1.747840089451439,1.872051646875201,0.7852945074696771,-1.319753423718859,-1.0881291516750609,2.1228912153281243,2.604558900053706,1.1598240122925434
86.0,276.0,1225.5654296875,-3.332239172082457,1.4776760789873205,1.747840089451439,1.872051646875201,0.7852945074696771,-1.3197529200646518,-1.0881291527261194,2.1228912153281243,2.604558900053706,1.1598240122925434
86.0,276.0,1225.565673828125,-3.3322386936887685,1.4776752956599783,1.74864406786144,1.872051646848468,0.7852806120156125,-1.3197534275619005,-1.0885251580020332,2.122891215329404,2.6045041642140565,1.1598239975607243
86.0,276.0,1225.565673828125,-3.3322386803182744,1.4776758891549555,1.747749086930238,1.8720516468753288,0.7852809156783027,-1.319753423718859,-1.0879182960364011,2.1228912153397115,2.604558164224838,1.159824011827331
86.0,276.0,1225.565673828125,-3.3322386936887685,1.4776752956599783,1.74864406786144,1.872051646848468,0.7852806120156125,-1.3197534275619005,-1.0885251580020332,2.122891215329404,2.6045041642140565,1.1598239975607243
86.0,276.0,1225.5657958984375,-3.3322387067447017,1.4776758904596017,1.747840089451439,1.8720516468753288,0.7852945054764463,-1.319753423718859,-1.0879182960364011,2.1228912153280883,2.604557488335671,1.159824011827331
86.0,276.0,1225.5657958984375,-3.3322387067447017,1.47767588983445,1.747840089451439,1.8720516468753288,0.7852947055077467,-1.319753423718859,-1.0879182960364011,2.1228912153280883,2.604557488335671,1.159824011827331
86.0,276.0,1225.56640625,-3.3322386971073104,1.477675462925331,1.7486658609571326,1.8720516492186043,0.7848491945420752,-1.3197253401472355,-1.0885308442238677,2.1228912147730865,2.6045104113468,1.1598239974318765
86.0,277.0,1225.4638671875,-3.332239677265977,1.4776579923232565,1.735005102395289,1.872051649247904,0.785279979854354,-1.31975214348958,-1.088548887833721,2.122891214782172,2.584521955450429,1.1598239988022054
86.0,277.0,1225.4638671875,-3.332239677192647,1.4776585697605604,1.735005102395289,1.8720516492482384,0.785279979854354,-1.31975214348958,-1.0885480052527867,2.122891214782172,2.584521955450429,1.1598239988022054
86.0,277.0,1225.4638671875,-3.332239677192647,1.4776585697605604,1.735005102395289,1.8720516492482384,0.785279979854354,-1.31975214348958,-1.0885480052527867,2.122891214782172,2.584521955450429,1.1598239988022054
86.0,277.0,1225.4638671875,-3.332239677265977,1.4776579923232565,1.735005102395289,1.872051649247904,0.785279979854354,-1.31975214348958,-1.088548887833721,2.122891214782172,2.584521955450429,1.1598239988022054
86.0,277.0,1225.47314453125,-3.33223871669322,1.4776579923232565,1.735005102395289,1.872051649247904,0.7852945195562747,-1.319753313548037,-1.088548887833721,2.122891214782172,2.583885048169041,1.1598239988022054
86.0,277.0,1225.47900390625,-3.332238853507638,1.4776585218352885,1.735005102395289,1.8720516468886648,0.785279979854354,-1.3197521815142406,-1.088548887833721,2.1228912153342865,2.584521955450429,1.1605994311689067
86.0,277.0,1225.508544921875,-3.3322314947648417,1.4776585275171177,1.7352414258582842,1.8720516469849129,0.7852986773424488,-1.3197534442448964,-1.0885281240951954,2.1228912147652315,2.581850356997295,1.15982401240636
86.0,277.0,1225.5113525390625,-3.332239677192647,1.4776585697605604,1.735005102395289,1.8720516492482384,0.7848349503041363,-1.3197537957359018,-1.0885480052527867,2.1228912147822983,2.6019293489463964,1.1598239988022054
86.0,277.0,1225.538330078125,-3.332238634765428,1.4776606483762302,1.747840089451439,1.872051646875201,0.7852985291794137,-1.3197534239900277,-1.0885227552394714,2.1228912153281243,2.6045574122689583,1.151562132392156
86.0,277.0,1225.53857421875,-3.332238769062484,1.4776581313592552,1.747840089451439,1.872051646866653,0.7852986064481419,-1.3197533826168475,-1.0884988760497676,2.1228912153303607,2.6045584334624583,1.1514990509313778
86.0,277.0,1225.5389404296875,-3.332238769062484,1.4776753311845148,1.747840089451439,1.8720516468753268,0.7852986064481419,-1.3197533826168475,-1.0884988760497676,2.1228912153303607,2.6045584334624583,1.1514990509313778
86.0,277.0,1225.5406494140625,-3.3322387067447017,1.4776751068167913,1.747840089451439,1.872051646875201,0.7852945074696771,-1.319753423718859,-1.0881225072632807,2.1228912153281243,2.604558900053706,1.151562132392156
86.0,277.0,1225.541259765625,-3.3322394886459987,1.4776765484848096,1.7480475104132656,1.8720516493160688,0.7852996773849872,-1.319752139783193,-1.088498002214764,2.122891215332497,2.5852857376053486,1.1598239988021148
86.0,277.0,1225.5546875,-3.332239677265977,1.4776579923232565,1.748047195817696,1.872051649247904,0.785280296917354,-1.319752123382162,-1.0884992762214865,2.122891214782172,2.584521955450429,1.1598239988022054
86.0,277.0,1225.5616455078125,-3.3322314947648417,1.477675754184968,1.7480475104132656,1.8720516493160688,0.7852994376616614,-1.3197521398642909,-1.088498002214764,2.122891215332497,2.604379289603694,1.1598239988139414
86.0,277.0,1225.561767578125,-3.3322314947648417,1.4776757552526891,1.747839271407258,1.872051647040638,0.785298658460687,-1.3197534442448964,-1.0881242143036478,2.1228912153281025,2.604375900364201,1.159823998091606
86.0,277.0,1225.56298828125,-3.332239558270401,1.477658436346243,1.7478529949209916,1.872051646995098,0.7852990637719078,-1.3197534226248933,-1.0885110367768178,2.122891214765131,2.60449006690155,1.1598239988102317
86.0,277.0,1225.5634765625,-3.332239173258685,1.4776758690387488,1.7477513269513232,1.872051646805928,0.785280586627988,-1.3197252412466822,-1.088504683798694,2.1228912147830523,2.604510587556266,1.1598239974916742
86.0,277.0,1225.5634765625,-3.332239173258685,1.4776758690387488,1.7477513269513232,1.872051646805928,0.785280586627988,-1.3197252412466822,-1.088504683798694,2.1228912147830523,2.604510587556266,1.1598239974916742
86.0,277.0,1225.563720703125,-3.332238769062484,1.4776753359341857,1.747840089451439,1.8720516468753288,0.7852986773424488,-1.3197543060003496,-1.0884988760497676,2.1228912153303607,2.604511334710719,1.159824011827331
86.0,277.0,1225.563720703125,-3.332239558270401,1.4776759097927432,1.7478529949209916,1.8720516491838093,0.7852803132237901,-1.3197525277531228,-1.0885110367768178,2.1228912147637384,2.604510583265504,1.1598239988102317
86.0,277.0,1225.56396484375,-3.332239173258685,1.4776587197345812,1.747840089451439,1.872051646866541,0.7852976348007782,-1.3197252412466822,-1.0881291359058378,2.122891214780798,2.6045104208655783,1.1598239981679035
86.0,277.0,1225.5640869140625,-3.332239173258685,1.4776584809404876,1.747840089451439,1.872051646866541,0.7852976348007782,-1.3197252412466822,-1.0881224914940577,2.122891214780798,2.6045104208655783,1.159823997725602
86.0,277.0,1225.5640869140625,-3.332238704874028,1.4776593834225298,1.747840089451439,1.87205164687182,0.7852976348007782,-1.3197533829634405,-1.0881307531439943,2.1228912152950574,2.604510962638785,1.1598239982544714
86.0,277.0,1225.5640869140625,-3.332238704874028,1.4776593834225298,1.747840089451439,1.87205164687182,0.7852976348007782,-1.3197533829634405,-1.088130743803511,2.1228912152950574,2.6045103816025272,1.159823998167802
86.0,277.0,1225.5640869140625,-3.332239173258685,1.4776587197345812,1.747840089451439,1.872051646866541,0.7852976348007782,-1.3197252412466822,-1.0881291452463209,2.122891214780798,2.604511001901836,1.159823998254573
86.0,277.0,1225.5640869140625,-3.332239173258685,1.4776584809404876,1.747840089451439,1.872051646866541,0.7852976348007782,-1.3197252412466822,-1.0881224914940577,2.122891214780798,2.6045104208655783,1.1598239977388731
86.0,277.0,1225.5640869140625,-3.3322387067608568,1.477659244295623,1.747840089451439,1.8720516468696249,0.785294507454341,-1.319753423718859,-1.0881311183887434,2.122891215293237,2.604510587556266,1.1598239979931422
86.0,277.0,1225.5640869140625,-3.332239173258685,1.4776584809404876,1.747840089451439,1.872051646866541,0.7852976348007782,-1.3197252412466822,-1.0881224914940577,2.122891214780798,2.6045104208655783,1.159823997725602
86.0,277.0,1225.564208984375,-3.3322314947648417,1.477659827511529,1.747840089451439,1.8720516469849129,0.7852986773424488,-1.3197534442448964,-1.0885281240951954,2.1228912153280883,2.604557488335671,1.1598239985646732
86.0,277.0,1225.564208984375,-3.332239173258685,1.4776759097927432,1.7477513269513232,1.872051646849371,0.785280586627988,-1.3197252412466822,-1.0881291359058378,2.122891214783833,2.604510587556266,1.1598239981679035
86.0,277.0,1225.564208984375,-3.332238703553671,1.4776752956599783,1.7478537417920832,1.8720516468709056,0.7852944992932257,-1.3197534275151386,-1.0881237837692572,2.122891215308291,2.60449955897479,1.1598239975370348
86.0,277.0,1225.564208984375,-3.332239173258685,1.4776759097927432,1.7477513269513232,1.8720516469797084,0.785281086180492,-1.3197252412466822,-1.0881291359058378,2.122891214783833,2.604510587556266,1.159824011704767
86.0,277.0,1225.564208984375,-3.3322314947648417,1.477659827511529,1.747840089451439,1.8720516469849129,0.7852986773424488,-1.3197534442448964,-1.0885281240951954,2.1228912153280883,2.604557488335671,1.1598239985646732
86.0,277.0,1225.5643310546875,-3.3322314947648417,1.477659827511529,1.747840089451439,1.8720516468753288,0.7852986773424488,-1.3197534442448964,-1.0884988760497676,2.1228912153280883,2.604557488335671,1.1598239991018309
86.0,277.0,1225.5643310546875,-3.3322393696253454,1.477659827511529,1.747876385403922,1.8720516469849129,0.7852986773424488,-1.3197534442448964,-1.0885281240951954,2.1228912153280883,2.604557488335671,1.159823998416362
86.0,277.0,1225.5643310546875,-3.3322387067447017,1.477659205055257,1.747840089451439,1.8720516468753288,0.7852986773424488,-1.3197534442448964,-1.0884988760497676,2.1228912153280883,2.604557488335671,1.1598239979856444
86.0,277.0,1225.5643310546875,-3.332238700018759,1.477659827511529,1.7478758723044174,1.8720516468754649,0.7852986773424488,-1.3197534442448964,-1.0885281240951954,2.1228912153280883,2.604557488335671,1.159823998416362
86.0,277.0,1225.5643310546875,-3.3322314947648417,1.477660595909697,1.747840089451439,1.872051646874385,0.7852986773424488,-1.3197534450623092,-1.0885281240951954,2.1228912153280883,2.604557488335671,1.1598239985646732
86.0,277.0,1225.5643310546875,-3.3322314947648417,1.4776759573227365,1.7480483284574464,1.8720516492610768,0.7852994565434231,-1.3197521398642909,-1.088498002214764,2.122891215332482,2.6045144210629827,1.1598239988139414
86.0,277.0,1225.564453125,-3.3322387067447017,1.4776751068167913,1.747840089451439,1.8720516468696249,0.785294507454341,-1.319753423718859,-1.0881225072632807,2.122891215327145,2.604510587556266,1.1598239979931422
86.0,277.0,1225.564453125,-3.332238704874028,1.4776759097927432,1.747840089451439,1.872051646871808,0.7852976348007782,-1.3197533829634405,-1.0881291359058378,2.1228912152950574,2.604510587556266,1.1598239982610623
86.0,277.0,1225.564453125,-3.332238707291222,1.4776759097927432,1.747840089451439,1.872051649182102,0.7852976348007782,-1.319728072326633,-1.0881269601452512,2.1228912152950574,2.604510583265504,1.1598239991001105
86.0,277.0,1225.564453125,-3.332239173258685,1.4776759097927432,1.747840089451439,1.872051646871808,0.7852976348007782,-1.3197252412466822,-1.0881291359058378,2.12289121476272,2.604510587556266,1.1598239981679035
86.0,277.0,1225.564453125,-3.332238709499882,1.4776751068167913,1.747840089451439,1.8720516468696249,0.785294507454341,-1.3197531304239034,-1.0881225072632807,2.122891215327145,2.604510587556266,1.1598239979931422
86.0,277.0,1225.564453125,-3.3322387067447017,1.4776751068167913,1.747840089451439,1.8720516468696249,0.7852936580164009,-1.3197534253295662,-1.0881225072632807,2.122891215327145,2.604510587556266,1.1598239979931422
86.0,277.0,1225.564453125,-3.3322314947648417,1.4776759583904575,1.747840089451439,1.8720516469856456,0.7852986773424488,-1.3197534442448964,-1.0881242143036478,2.1228912153280883,2.6045110318234896,1.159823998091606
86.0,277.0,1225.5645751953125,-3.3322314947648417,1.477675754184968,1.747840089451439,1.872051646948811,0.7852986993536694,-1.3197534442448964,-1.088553922328637,2.1228912153280883,2.604557488335671,1.1598239984336225
86.0,277.0,1225.5645751953125,-3.3322314947648417,1.4776759583904575,1.747840089451439,1.8720516469849129,0.7852986773424488,-1.3197534442448964,-1.0885281240951954,2.1228912153280883,2.604557488335671,1.15982401240636
86.0,277.0,1225.564697265625,-3.3322387067447017,1.4776753359341857,1.747840089451439,1.8720516468753288,0.7852986773424488,-1.3197534442448964,-1.0884988760497676,2.1228912153280883,2.604557488335671,1.159824011827331
86.0,278.0,1225.3575439453125,-3.332239677265977,1.4776579923232565,1.735005102395289,1.8720516492556023,0.785279979854354,-1.31975214348958,-1.088548887833721,2.122891214782172,2.5838019527022364,1.1522333324776108
86.0,278.0,1225.462646484375,-3.3322385879755454,1.4776579923232565,1.735005102395289,1.8720516501741609,0.785279979854354,-1.3197521834369417,-1.0885499494348307,2.1228912147982766,2.58446332888257,1.1597136771894507
86.0,278.0,1225.4638671875,-3.332239677265977,1.4776579923232565,1.735005102395289,1.872051649247904,0.785279979854354,-1.31975214348958,-1.088548887833721,2.122891214782172,2.584521955450429,1.1598239988022054
86.0,278.0,1225.4638671875,-3.332239677192647,1.4776585697605604,1.735005102395289,1.8720516492482384,0.785279979854354,-1.31975214348958,-1.0885480052527867,2.122891214782172,2.584521955450429,1.1598239988022054
86.0,278.0,1225.4638671875,-3.332239677192647,1.4776585697605604,1.735005102395289,1.8720516492482384,0.785279979854354,-1.31975214348958,-1.0885480052527867,2.122891214782172,2.584521955450429,1.1598239988022054
86.0,278.0,1225.4638671875,-3.332239677265977,1.4776579923232565,1.735005102395289,1.872051649247904,0.785279979854354,-1.31975214348958,-1.088548887833721,2.122891214782172,2.584521955450429,1.1598239988022054
86.0,278.0,1225.4639892578125,-3.332231208970434,1.4776751194139208,1.735005102395289,1.8720516492482384,0.785279979854354,-1.319753321382856,-1.0885480052527867,2.122891215330019,2.584521955450429,1.159823998813693
86.0,278.0,1225.4718017578125,-3.33223871669322,1.4776580150355918,1.735005102395289,1.872051649556792,0.7852943514812266,-1.319753305687185,-1.0885485593827895,2.122891214782172,2.583973695277048,1.1598240119295842
86.0,278.0,1225.47314453125,-3.33223871669322,1.4776579923232565,1.735005102395289,1.872051649247904,0.7852945195562747,-1.319753313548037,-1.088548887833721,2.122891214782172,2.583885048169041,1.1598239988022054
86.0,278.0,1225.4783935546875,-3.332238853507638,1.4776585218352885,1.735005102395289,1.872051646672005,0.785279979854354,-1.3197525027146564,-1.0885488917484385,2.1228912153342865,2.5845566789016927,1.1605994311689067
86.0,278.0,1225.47900390625,-3.332238853507638,1.4776585218352885,1.735005102395289,1.8720516468886648,0.785279979854354,-1.3197521815142406,-1.088548887833721,2.1228912153342865,2.584521955450429,1.1605994311689067
86.0,278.0,1225.507080078125,-3.3322314947648417,1.4776585716291075,1.7349904628377704,1.872051646982949,0.785280204397003,-1.3197534380071727,-1.0885279810250443,2.122891214782767,2.581850356997295,1.15982401240636
86.0,278.0,1225.508544921875,-3.3322314947648417,1.4776585275171177,1.7352414258582842,1.8720516469849129,0.7852986773424488,-1.3197534442448964,-1.0885281240951954,2.1228912147652315,2.581850356997295,1.15982401240636
86.0,278.0,1225.51025390625,-3.3322314947648417,1.4776585048047823,1.7352414258582842,1.8720516466760249,0.7852988454174971,-1.319753452105748,-1.0885284525461267,2.1228912147652315,2.5817617098892884,1.1598239992789814
86.0,278.0,1225.5113525390625,-3.332239677192647,1.4776585697605604,1.735005102395289,1.8720516492482384,0.7848349503041363,-1.3197537957359018,-1.0885480052527867,2.1228912147822983,2.6019293489463964,1.1598239988022054
86.0,278.0,1225.515869140625,-3.332239173258685,1.4776757208078866,1.7341239583764798,1.872051646805928,0.785280586627988,-1.3197266899416409,-1.088504683798694,2.1228912147830847,2.602001231444691,1.1598239974916742
86.0,278.0,1225.538330078125,-3.332238634765428,1.4776606483762302,1.747840089451439,1.872051646875201,0.7852985291794137,-1.3197534239900277,-1.0885227552394714,2.1228912153281243,2.6045574122689583,1.151562132392156
86.0,278.0,1225.53857421875,-3.332238769062484,1.4776581313592552,1.747840089451439,1.872051646866653,0.7852986064481419,-1.3197533826168475,-1.0884988760497676,2.1228912153303607,2.6045584334624583,1.1514990509313778
86.0,278.0,1225.5389404296875,-3.332238769062484,1.4776753311845148,1.747840089451439,1.8720516468753268,0.7852986064481419,-1.3197533826168475,-1.0884988760497676,2.1228912153303607,2.6045584334624583,1.1514990509313778
86.0,278.0,1225.5396728515625,-3.33223972405586,1.4776606483762302,1.747840089451439,1.872051645948945,0.7852985291794137,-1.319753384042666,-1.088521693638362,2.1228912153120194,2.604616038836817,1.151672454004911
86.0,278.0,1225.5406494140625,-3.3322387067447017,1.4776751068167913,1.747840089451439,1.872051646875201,0.7852945074696771,-1.319753423718859,-1.0881225072632807,2.1228912153281243,2.604558900053706,1.151562132392156
86.0,278.0,1225.541259765625,-3.3322394886459987,1.4776765484848096,1.7480475104132656,1.8720516493160688,0.7852996773849872,-1.319752139783193,-1.088498002214764,2.122891215332497,2.5852857376053486,1.1598239988021148
86.0,278.0,1225.5423583984375,-3.332239677192647,1.4776585697605604,1.747466555118952,1.8720516470060864,0.7852980293450501,-1.31975214348958,-1.0885480052527867,2.122891215314963,2.5849301708795487,1.1598239985625285
86.0,278.0,1225.5518798828125,-3.332239677265977,1.4776579923232565,1.747763105114158,1.872051646707923,0.785280296917354,-1.319752123382162,-1.0884992762214865,2.122891214782177,2.584521955450429,1.1598239974647055
86.0,278.0,1225.5546875,-3.332239677265977,1.4776579923232565,1.748047195817696,1.872051649247904,0.785280296917354,-1.319752123382162,-1.0884992762214865,2.122891214782172,2.584521955450429,1.1598239988022054
86.0,278.0,1225.5546875,-3.332239677265977,1.4776584833167703,1.7480537499451008,1.872051649133472,0.7852968586434792,-1.319752123382162,-1.0884992762214865,2.1228912147821943,2.584521955450429,1.1598239988017682
86.0,278.0,1225.55859375,-3.3322314947648417,1.477659827511529,1.735378636727776,1.8720516492270645,0.7852806278517529,-1.3197534442448964,-1.0885281240951954,2.1228912147952976,2.604149272906551,1.1598239988043504
86.0,278.0,1225.5614013671875,-3.332239962987055,1.477659205599329,1.747839271407258,1.872051647040638,0.785298658460687,-1.3197522663516204,-1.0881242143036478,2.122891214780256,2.604375900364201,1.1598239980801188
86.0,278.0,1225.5615234375,-3.33223829260344,1.477659620489514,1.747840089451439,1.8720516469494168,0.7852976096780612,-1.3197533829634405,-1.088130743803511,2.1228912152950574,2.6043796376867925,1.159823998167802
86.0,278.0,1225.5616455078125,-3.3322314947648417,1.477675754184968,1.7480475104132656,1.8720516493160688,0.7852994376616614,-1.3197521398642909,-1.088498002214764,2.122891215332497,2.604379289603694,1.1598239988139414
86.0,278.0,1225.5616455078125,-3.332239173258685,1.4776587197345812,1.747840089451439,1.8720516468750743,0.7852976348007782,-1.3197252412466822,-1.0881291452463209,2.122891215299456,2.604511001901836,1.1595028539626788
86.0,278.0,1225.561767578125,-3.3322314947648417,1.4776757552526891,1.747839271407258,1.872051647040638,0.785298658460687,-1.3197534442448964,-1.0881242143036478,2.1228912153281025,2.604375900364201,1.159823998091606
86.0,278.0,1225.562255859375,-3.3322393055674864,1.477658848736143,1.7475170426054214,1.872051649247904,0.7852945195562747,-1.319753313548037,-1.088548887833721,2.1228912153634782,2.583885048169041,1.1598239988022054
86.0,278.0,1225.5626220703125,-3.3322314947648417,1.4776757552526891,1.74818434231917,1.8720516491825565,0.7852975561223937,-1.3197534442448964,-1.0881242143036478,2.1228912153756947,2.604375900364201,1.159823998091606
86.0,278.0,1225.56298828125,-3.332239558270401,1.477658436346243,1.7478529949209916,1.872051646995098,0.7852990637719078,-1.3197534226248933,-1.0885110367768178,2.122891214765131,2.60449006690155,1.1598239988102317
86.0,278.0,1225.5631103515625,-3.332239558270401,1.4776759097927432,1.7478529949209916,1.87205164940047,0.7852803132237901,-1.3197522065527072,-1.0885110328621006,2.1228912147637384,2.604475859814241,1.1598239988102317
86.0,278.0,1225.563232421875,-3.332239173258685,1.4776583408371629,1.7477540799148128,1.8720516468020487,0.785280586627988,-1.3197541076227748,-1.088504683798694,2.1228912153136488,2.60451094020084,1.1598239974916742
86.0,278.0,1225.5634765625,-3.332239173258685,1.4776758690387488,1.7477513269513232,1.872051646805928,0.785280586627988,-1.3197252412466822,-1.088504683798694,2.1228912147830523,2.604510587556266,1.1598239974916742
86.0,278.0,1225.5634765625,-3.332239173258685,1.4776758690387488,1.7477513269513232,1.872051646805928,0.785280586627988,-1.3197252412466822,-1.088504683798694,2.1228912147830523,2.604510587556266,1.1598239974916742
86.0,278.0,1225.5635986328125,-3.332238618409702,1.4776752956599783,1.7478537417920832,1.8720516468707733,0.7852944992932257,-1.3197534275151386,-1.088521231039769,2.122891215305866,2.604503379231293,1.1598239975370348
86.0,278.0,1225.5635986328125,-3.332239173258685,1.4776758690387488,1.7477513269513232,1.872051646805928,0.785280586627988,-1.3197478302939782,-1.088504683798694,2.1228912147830523,2.604510587556266,1.159823997497612
86.0,278.0,1225.563720703125,-3.332238769062484,1.4776753359341857,1.747840089451439,1.8720516468753288,0.7852986773424488,-1.3197543060003496,-1.0884988760497676,2.1228912153303607,2.604511334710719,1.159824011827331
86.0,278.0,1225.563720703125,-3.332239558270401,1.4776759097927432,1.7478529949209916,1.8720516491838093,0.7852803132237901,-1.3197525277531228,-1.0885110367768178,2.1228912147637384,2.604510583265504,1.1598239988102317
86.0,278.0,1225.563720703125,-3.332239171650057,1.4776753359341857,1.747840089451439,1.8720516468753288,0.7852976352193101,-1.3197543060003496,-1.0884988760497676,2.122891214785916,2.6045112895788245,1.1598240122061612
86.0,278.0,1225.563720703125,-3.332239558270401,1.477676079509706,1.7478529949209916,1.8720516491838093,0.7852805104631992,-1.3197524988050304,-1.0885110367768178,2.1228912147637384,2.604511016207777,1.1598239982596958
86.0,278.0,1225.56396484375,-3.332239173258685,1.4776587197345812,1.747840089451439,1.872051646866541,0.7852976348007782,-1.3197252412466822,-1.0881291359058378,2.122891214780798,2.6045104208655783,1.1598239981679035
86.0,278.0,1225.56396484375,-3.332230905890575,1.4776748977720815,1.7355355702031334,1.8720516493160688,0.7852994376616614,-1.3197521398642909,-1.088498002214764,2.1228912147511902,2.604379289603694,1.1598239988139414
86.0,278.0,1225.5640869140625,-3.332239173258685,1.4776584809404876,1.747840089451439,1.872051646866541,0.7852976348007782,-1.3197252412466822,-1.0881224914940577,2.122891214780798,2.6045104208655783,1.159823997725602
86.0,278.0,1225.5640869140625,-3.332238704874028,1.4776593834225298,1.747840089451439,1.87205164687182,0.7852976348007782,-1.3197533829634405,-1.0881307531439943,2.1228912152950574,2.604510962638785,1.1598239982544714
86.0,278.0,1225.5640869140625,-3.332238704874028,1.4776593834225298,1.747840089451439,1.87205164687182,0.7852976348007782,-1.3197533829634405,-1.088130743803511,2.1228912152950574,2.6045103816025272,1.159823998167802
86.0,279.0,1225.345703125,-3.3322385879755454,1.4776579923232565,1.735005102395289,1.8720516501741609,0.7852986077058955,-1.3197521834369417,-1.0885020428260233,2.122891214757445,2.5843553292478707,1.1516783417241785
86.0,279.0,1225.3494873046875,-3.332239677264536,1.4776585697605604,1.735005102395289,1.8720516492482384,0.785279979854354,-1.31975214348958,-1.0885488942075885,2.122891214782172,2.584521955450429,1.1521531551476614
86.0,279.0,1225.3575439453125,-3.332239677265977,1.4776579923232565,1.735005102395289,1.8720516492556023,0.785279979854354,-1.31975214348958,-1.088548887833721,2.122891214782172,2.5838019527022364,1.1522333324776108
86.0,279.0,1225.3575439453125,-3.332239677265977,1.4776579923232565,1.735005102395289,1.8720516492556023,0.785279979854354,-1.31975214348958,-1.088548887833721,2.122891214782172,2.5838019527022364,1.1522333324776108
86.0,279.0,1225.46240234375,-3.332238853507638,1.4776585218352885,1.7350045939792706,1.872051646683578,0.785279979854354,-1.3197525027146564,-1.088547963947177,2.1228912153342865,2.5845566789016927,1.1597754075302844
86.0,279.0,1225.4625244140625,-3.332239174177253,1.4776579923232565,1.735005102395289,1.872051646884768,0.785279979854354,-1.3197521834369417,-1.0885500615195467,2.12289121478372,2.58446332888257,1.1597083308143337
86.0,279.0,1225.462646484375,-3.3322385879755454,1.4776579923232565,1.735005102395289,1.8720516501741609,0.785279979854354,-1.3197521834369417,-1.0885499494348307,2.1228912147982766,2.58446332888257,1.1597136771894507
86.0,279.0,1225.46337890625,-3.332239677265977,1.4776579923232565,1.735005102395289,1.872051649247904,0.785279979854354,-1.31975214348958,-1.088498243277774,2.122891214782172,2.584521955450429,1.1598239988022054
86.0,279.0,1225.4638671875,-3.332239677265977,1.4776579923232565,1.735005102395289,1.872051649247904,0.785279979854354,-1.31975214348958,-1.088548887833721,2.122891214782172,2.584521955450429,1.1598239988022054
86.0,279.0,1225.4638671875,-3.332239677192647,1.4776585697605604,1.735005102395289,1.8720516492482384,0.785279979854354,-1.31975214348958,-1.0885480052527867,2.122891214782172,2.584521955450429,1.1598239988022054
86.0,279.0,1225.4638671875,-3.332239677192647,1.4776585697605604,1.735005102395289,1.8720516492482384,0.785279979854354,-1.31975214348958,-1.0885480052527867,2.122891214782172,2.584521955450429,1.1598239988022054
86.0,279.0,1225.4638671875,-3.332239677265977,1.4776579923232565,1.735005102395289,1.872051649247904,0.785279979854354,-1.31975214348958,-1.088548887833721,2.122891214782172,2.584521955450429,1.1598239988022054
86.0,279.0,1225.4638671875,-3.332239677192647,1.4776585697605604,1.735005102395289,1.8720516492482384,0.785279979854354,-1.31975214348958,-1.0885488472557063,2.122891214782172,2.584521955450429,1.1598239988022054
86.0,279.0,1225.4638671875,-3.3322396771955827,1.4776585697605604,1.735005102395289,1.8720516492482384,0.785279979854354,-1.31975214348958,-1.0885480052527867,2.122891214782172,2.584521955450429,1.1598239988022054
86.0,279.0,1225.4639892578125,-3.332231208970434,1.4776751194139208,1.735005102395289,1.8720516492482384,0.785279979854354,-1.319753321382856,-1.0885480052527867,2.122891215330019,2.584521955450429,1.159823998813693
86.0,279.0,1225.46728515625,-3.3322313064976847,1.4776580150355918,1.735005102395289,1.872051649588581,0.7852943598119648,-1.319753305687185,-1.0885292398209825,2.1228912147653576,2.584259741830369,1.1598240121915495
86.0,279.0,1225.4718017578125,-3.33223871669322,1.4776580150355918,1.735005102395289,1.872051649556792,0.7852943514812266,-1.319753305687185,-1.0885485593827895,2.122891214782172,2.583973695277048,1.1598240119295842
86.0,279.0,1225.47314453125,-3.33223871669322,1.4776579923232565,1.735005102395289,1.872051649247904,0.7852945195562747,-1.319753313548037,-1.088548887833721,2.122891214782172,2.583885048169041,1.1598239988022054
86.0,279.0,1225.475830078125,-3.3322396771940883,1.4776579923232565,1.735005102395289,1.8720516492556023,0.785279979854354,-1.31975214348958,-1.0885479988789193,2.122891214782172,2.5838019527022364,1.159904176132155
86.0,279.0,1225.4783935546875,-3.332238853507638,1.4776585218352885,1.735005102395289,1.872051646672005,0.785279979854354,-1.3197525027146564,-1.0885488917484385,2.1228912153342865,2.5845566789016927,1.1605994311689067
86.0,279.0,1225.47900390625,-3.332238853507638,1.4776585218352885,1.735005102395289,1.8720516468886648,0.785279979854354,-1.3197521815142406,-1.088548887833721,2.1228912153342865,2.584521955450429,1.1605994311689067
86.0,279.0,1225.497314453125,-3.3322314947648417,1.4776585716291075,1.7349904628377704,1.872051646982949,0.785280204397003,-1.319753326463893,-1.0885279810250443,2.122891214782765,2.582387160219956,1.1598239979049216
86.0,279.0,1225.4993896484375,-3.332238989290093,1.4776585218352885,1.7349685775610002,1.8720516468911,0.7852984778869521,-1.3197521815142406,-1.088548887833721,2.1228912153342865,2.5832558020321112,1.1606467520342738
86.0,279.0,1225.507080078125,-3.3322314947648417,1.4776585716291075,1.7349904628377704,1.872051646982949,0.785280204397003,-1.3197534380071727,-1.0885279810250443,2.122891214782767,2.581850356997295,1.15982401240636
86.0,279.0,1225.508544921875,-3.3322314947648417,1.4776585275171177,1.7352414258582842,1.8720516469849129,0.7852986773424488,-1.3197534442448964,-1.0885281240951954,2.1228912147652315,2.581850356997295,1.15982401240636
86.0,279.0,1225.51025390625,-3.3322314947648417,1.4776585048047823,1.7352414258582842,1.8720516466760249,0.7852988454174971,-1.319753452105748,-1.0885284525461267,2.1228912147652315,2.5817617098892884,1.1598239992789814
86.0,279.0,1225.5113525390625,-3.332239677192647,1.4776585697605604,1.735005102395289,1.8720516492482384,0.7848349503041363,-1.3197537957359018,-1.0885480052527867,2.1228912147822983,2.6019293489463964,1.1598239988022054
86.0,279.0,1225.5113525390625,-3.332239677192647,1.4776585697605604,1.735005102395289,1.8720516492482384,0.7848349503041363,-1.3197537957359018,-1.0885480052527867,2.1228912147823,2.6019293489463964,1.1598239988022054
86.0,279.0,1225.515869140625,-3.332239173258685,1.4776757208078866,1.7341239583764798,1.872051646805928,0.785280586627988,-1.3197266899416409,-1.088504683798694,2.1228912147830847,2.602001231444691,1.1598239974916742
86.0,279.0,1225.51611328125,-3.3322389049603767,1.4776585048047823,1.7352414258582842,1.872051646644236,0.7852988370867588,-1.319753452105748,-1.088547772107934,2.1228912147820456,2.5814756633359663,1.1598239990170158
86.0,279.0,1225.52587890625,-3.3322314947648417,1.4776585275171177,1.7352419342743026,1.87205164697334,0.7852986773424488,-1.3197534442448964,-1.088529051896457,2.1228912147652315,2.581850356997295,1.160648036044983
86.0,279.0,1225.5372314453125,-3.332238769062484,1.4776584133141062,1.747840089451439,1.8720516468753288,0.7852986773424488,-1.3197533995668391,-1.0884988760497676,2.1228912153303607,2.604511334710719,1.151552722999304
86.0,279.0,1225.538330078125,-3.332238634765428,1.4776606483762302,1.747840089451439,1.872051646875201,0.7852985291794137,-1.3197534239900277,-1.0885227552394714,2.1228912153281243,2.6045574122689583,1.151562132392156
86.0,279.0,1225.538330078125,-3.332238634765428,1.4776611466820184,1.747840089451439,1.872051646875201,0.7852984438556031,-1.3197534239900277,-1.0885227552394714,2.1228912153281243,2.604557385636127,1.151562132392156
86.0,279.0,1225.53857421875,-3.332238769062484,1.4776581313592552,1.747840089451439,1.872051646866653,0.7852986064481419,-1.3197533826168475,-1.0884988760497676,2.1228912153303607,2.6045584334624583,1.1514990509313778
86.0,279.0,1225.5389404296875,-3.332238769062484,1.4776753311845148,1.747840089451439,1.8720516468753268,0.7852986064481419,-1.3197533826168475,-1.0884988760497676,2.1228912153303607,2.6045584334624583,1.1514990509313778
86.0,279.0,1225.5396728515625,-3.33223972405586,1.4776606483762302,1.747840089451439,1.872051645948945,0.7852985291794137,-1.319753384042666,-1.088521693638362,2.1228912153120194,2.604616038836817,1.151672454004911
86.0,279.0,1225.5406494140625,-3.3322387067447017,1.4776751068167913,1.747840089451439,1.872051646875201,0.7852945074696771,-1.319753423718859,-1.0881225072632807,2.1228912153281243,2.604558900053706,1.151562132392156
86.0,279.0,1225.5406494140625,-3.332239161524424,1.4776751068167913,1.747840089451439,1.872051646875201,0.7852945074696771,-1.319753423718859,-1.0881225072632807,2.1228912153281243,2.604558900053706,1.151562132392156
86.0,279.0,1225.541259765625,-3.3322394886459987,1.4776765484848096,1.7480475104132656,1.8720516493160688,0.7852996773849872,-1.319752139783193,-1.088498002214764,2.122891215332497,2.5852857376053486,1.1598239988021148
86.0,279.0,1225.541259765625,-3.3322394886459987,1.4776765484848096,1.7480475104132656,1.8720516493160688,0.7852996773849872,-1.319752139783193,-1.088498002214764,2.122891215332497,2.5852857376053486,1.1598239988021148
86.0,279.0,1225.5423583984375,-3.332239677192647,1.4776585697605604,1.747466555118952,1.8720516470060864,0.7852980293450501,-1.31975214348958,-1.0885480052527867,2.122891215314963,2.5849301708795487,1.1598239985625285
86.0,279.0,1225.54931640625,-3.332239675922171,1.477659620489514,1.7477670978769673,1.8720516467197987,0.7852982426936643,-1.3197533829634405,-1.088130743803511,2.1228912152879214,2.584414955820148,1.1598239974688629
86.0,279.0,1225.5511474609375,-3.332239962987055,1.477659205599329,1.747839271407258,1.872051647040638,0.785298658460687,-1.3197523778949003,-1.0881242143036478,2.122891214780258,2.603839097141541,1.1598240125815575
86.0,279.0,1225.5518798828125,-3.332239677265977,1.4776579923232565,1.747763105114158,1.872051646707923,0.785280296917354,-1.319752123382162,-1.0884992762214865,2.122891214782177,2.584521955450429,1.1598239974647055
86.0,279.0,1225.5546875,-3.332239677265977,1.4776579923232565,1.748047195817696,1.872051649247904,0.785280296917354,-1.319752123382162,-1.0884992762214865,2.122891214782172,2.584521955450429,1.1598239988022054
86.0,279.0,1225.5546875,-3.332239677265977,1.4776584833167703,1.7480537499451008,1.872051649133472,0.7852968586434792,-1.319752123382162,-1.0884992762214865,2.1228912147821943,2.584521955450429,1.1598239988017682
86.0,279.0,1225.5552978515625,-3.332239677265977,1.4776579923232565,1.748047195817696,1.872051649247904,0.785280296917354,-1.319752123382162,-1.0885499207774336,2.122891214782172,2.584521955450429,1.1598239988022054
86.0,279.0,1225.55859375,-3.3322314947648417,1.477659827511529,1.735378636727776,1.8720516492270645,0.7852806278517529,-1.3197534442448964,-1.0885281240951954,2.1228912147952976,2.604149272906551,1.1598239988043504
86.0,279.0,1225.561279296875,-3.332239540783994,1.4776750675774863,1.7478529949209916,1.872051646995098,0.7852990605616758,-1.319753381261232,-1.088510242677821,2.122891214765131,2.604488882461807,1.1595556476908064
86.0,280.0,1225.345703125,-3.3322385879755454,1.4776579923232565,1.735005102395289,1.8720516501741609,0.7852986077058955,-1.3197521834369417,-1.0885020428260233,2.122891214757445,2.5843553292478707,1.1516783417241785
86.0,280.0,1225.3465576171875,-3.332239677192647,1.4776585697605604,1.735005102395289,1.8720516492482384,0.785279979854354,-1.3197533818000726,-1.0885480052527867,2.122891214705383,2.584521955450429,1.1518697880619566
86.0,280.0,1225.3494873046875,-3.332239677264536,1.4776585697605604,1.735005102395289,1.8720516492482384,0.785279979854354,-1.31975214348958,-1.0885488942075885,2.122891214782172,2.584521955450429,1.1521531551476614
86.0,280.0,1225.3504638671875,-3.332238853507638,1.4776585204916384,1.7350046041994476,1.872051646683578,0.785279979854354,-1.3197525027146564,-1.0885488692830765,2.122891214792105,2.5845566789016927,1.1522744325290757
86.0,280.0,1225.3575439453125,-3.332239677265977,1.4776579923232565,1.735005102395289,1.8720516492556023,0.785279979854354,-1.31975214348958,-1.088548887833721,2.122891214782172,2.5838019527022364,1.1522333324776108
86.0,280.0,1225.3575439453125,-3.332239677265977,1.4776579923232565,1.735005102395289,1.8720516492556023,0.785279979854354,-1.31975214348958,-1.088548887833721,2.122891214782172,2.5838019527022364,1.1522333324776108
86.0,280.0,1225.3597412109375,-3.332239677265977,1.4776579923232565,1.735005102395289,1.8720516492556023,0.785279979854354,-1.31975214348958,-1.088548887833721,2.122891214782172,2.5838019527022364,1.1524346084668484
86.0,280.0,1225.432373046875,-3.332238769062484,1.477657984095107,1.7479603931375751,1.872051646884449,0.7852986773424488,-1.3197533995668391,-1.0884988760497676,2.1228912153303607,2.584174602302098,1.151552722999304
86.0,280.0,1225.460693359375,-3.332239677264536,1.4776585711042107,1.7350050921751123,1.8720516492482384,0.785279979854354,-1.31975214348958,-1.0885479888716882,2.1228912153243527,2.584521955450429,1.1596541301488703
86.0,280.0,1225.46240234375,-3.332238853507638,1.4776585218352885,1.7350045939792706,1.872051646683578,0.785279979854354,-1.3197525027146564,-1.088547963947177,2.1228912153342865,2.5845566789016927,1.1597754075302844
86.0,280.0,1225.4625244140625,-3.332239174177253,1.4776579923232565,1.735005102395289,1.872051646884768,0.785279979854354,-1.3197521834369417,-1.0885500615195467,2.12289121478372,2.58446332888257,1.1597083308143337
86.0,280.0,1225.462646484375,-3.3322385879755454,1.4776579923232565,1.735005102395289,1.8720516501741609,0.785279979854354,-1.3197521834369417,-1.0885499494348307,2.1228912147982766,2.58446332888257,1.1597136771894507
86.0,280.0,1225.462646484375,-3.3322385879755454,1.477658006744797,1.735005102395289,1.8720516492604744,0.785279979854354,-1.319752184718164,-1.0885499494348307,2.1228912147982766,2.5844629242246366,1.1597136771894507
86.0,280.0,1225.4632568359375,-3.332239677265977,1.4776579923232565,1.735005102395289,1.872051649247904,0.785279979854354,-1.31975214348958,-1.0884946968895195,2.122891214782172,2.584521955450429,1.1598239988022054
86.0,280.0,1225.46337890625,-3.332239677265977,1.4776579923232565,1.735005102395289,1.872051649247904,0.785279979854354,-1.31975214348958,-1.088498243277774,2.122891214782172,2.584521955450429,1.1598239988022054
86.0,280.0,1225.4638671875,-3.332239677265977,1.4776579923232565,1.735005102395289,1.872051649247904,0.785279979854354,-1.31975214348958,-1.088548887833721,2.122891214782172,2.584521955450429,1.1598239988022054
86.0,280.0,1225.4638671875,-3.332239677192647,1.4776585697605604,1.735005102395289,1.8720516492482384,0.785279979854354,-1.31975214348958,-1.0885480052527867,2.122891214782172,2.584521955450429,1.1598239988022054
86.0,280.0,1225.4638671875,-3.332239677192647,1.4776585697605604,1.735005102395289,1.8720516492482384,0.785279979854354,-1.31975214348958,-1.0885480052527867,2.122891214782172,2.584521955450429,1.1598239988022054
86.0,280.0,1225.4638671875,-3.332239677265977,1.4776579923232565,1.735005102395289,1.872051649247904,0.785279979854354,-1.31975214348958,-1.088548887833721,2.122891214782172,2.584521955450429,1.1598239988022054
86.0,280.0,1225.4638671875,-3.332239677192647,1.4776585697605604,1.735005102395289,1.8720516492482384,0.785279979854354,-1.31975214348958,-1.0885488472557063,2.122891214782172,2.584521955450429,1.1598239988022054
86.0,280.0,1225.4638671875,-3.3322396771955827,1.4776585697605604,1.735005102395289,1.8720516492482384,0.785279979854354,-1.31975214348958,-1.0885480052527867,2.122891214782172,2.584521955450429,1.1598239988022054
86.0,280.0,1225.4638671875,-3.332239677265977,1.4776579923232565,1.735005102395289,1.872051649247904,0.785279979854354,-1.31975214348958,-1.088548887833721,2.122891214782172,2.584521955450429,1.1598239988022054
86.0,280.0,1225.4639892578125,-3.332231208970434,1.4776751194139208,1.735005102395289,1.8720516492482384,0.785279979854354,-1.319753321382856,-1.0885480052527867,2.122891215330019,2.584521955450429,1.159823998813693
86.0,280.0,1225.464111328125,-3.332231075268567,1.4776751194139208,1.735053702968244,1.872051649367368,0.785279979854354,-1.319753321382856,-1.0885480052527867,2.122891215331188,2.584526409773304,1.1598239985598626
86.0,280.0,1225.464599609375,-3.3322312774361813,1.4776585275171177,1.7352414258582842,1.872051649150872,0.7852986773424488,-1.3197521337351423,-1.0885281240951954,2.12289121478204,2.5845171858883456,1.15982401240636
86.0,280.0,1225.46728515625,-3.3322313064976847,1.4776580150355918,1.735005102395289,1.872051649588581,0.7852943598119648,-1.319753305687185,-1.0885292398209825,2.1228912147653576,2.584259741830369,1.1598240121915495
86.0,280.0,1225.469482421875,-3.3322385879755454,1.4776580152065817,1.735005102395289,1.8720516496017183,0.7852986077058955,-1.3197521834369417,-1.0885020428260233,2.122891214765361,2.5843553292478707,1.1600221854971915
86.0,280.0,1225.4718017578125,-3.33223871669322,1.4776580150355918,1.735005102395289,1.872051649556792,0.7852943514812266,-1.319753305687185,-1.0885485593827895,2.122891214782172,2.583973695277048,1.1598240119295842
86.0,280.0,1225.47314453125,-3.33223871669322,1.4776579923232565,1.735005102395289,1.872051649247904,0.7852945195562747,-1.319753313548037,-1.088548887833721,2.122891214782172,2.583885048169041,1.1598239988022054
86.0,280.0,1225.475830078125,-3.3322396771940883,1.4776579923232565,1.735005102395289,1.8720516492556023,0.785279979854354,-1.31975214348958,-1.0885479988789193,2.122891214782172,2.5838019527022364,1.159904176132155
86.0,280.0,1225.475830078125,-3.3322391874530592,1.4776579923232565,1.735005102395289,1.872051649177032,0.785279979854354,-1.31975214348958,-1.0885502418730784,2.122891214782172,2.5838019527022364,1.159904176132155
86.0,280.0,1225.4781494140625,-3.33223887503468,1.477658517664293,1.735005102395289,1.872051646672005,0.785279979854354,-1.3197521934270209,-1.088548887396366,2.1228912154180097,2.584555851518952,1.1605833801343084
86.0,280.0,1225.4783935546875,-3.332238853507638,1.4776585218352885,1.735005102395289,1.872051646672005,0.785279979854354,-1.3197525027146564,-1.0885488917484385,2.1228912153342865,2.5845566789016927,1.1605994311689067
86.0,280.0,1225.47900390625,-3.332238853507638,1.4776585218352885,1.735005102395289,1.8720516468886648,0.785279979854354,-1.3197521815142406,-1.088548887833721,2.1228912153342865,2.584521955450429,1.1605994311689067
86.0,280.0,1225.4796142578125,-3.332239677192647,1.4776585690485666,1.735005102395289,1.8720516492482384,0.785279979854354,-1.31975214348958,-1.0885480052527867,2.1228912154386377,2.584556760129554,1.1606595172741567
86.0,280.0,1225.48046875,-3.3322396774449485,1.4776580774067551,1.735005102395289,1.8720516492556023,0.785279979854354,-1.31975214348958,-1.088548887833721,2.122891214782172,2.5838019527022364,1.160141544379238
86.0,280.0,1225.497314453125,-3.3322314947648417,1.4776585716291075,1.7349904628377704,1.872051646982949,0.785280204397003,-1.319753326463893,-1.0885279810250443,2.122891214782765,2.582387160219956,1.1598239979049216
86.0,280.0,1225.4993896484375,-3.332238989290093,1.4776585218352885,1.7349685775610002,1.8720516468911,0.7852984778869521,-1.3197521815142406,-1.088548887833721,2.1228912153342865,2.5832558020321112,1.1606467520342738
86.0,280.0,1225.507080078125,-3.3322314947648417,1.4776585716291075,1.7349904628377704,1.872051646982949,0.785280204397003,-1.3197534380071727,-1.0885279810250443,2.122891214782767,2.581850356997295,1.15982401240636
86.0,280.0,1225.50732421875,-3.332231496239059,1.4776585275171177,1.7350094886820655,1.87205164697334,0.7852986773424488,-1.3197534442448964,-1.088529051896457,2.1228912147652315,2.581850356997295,1.1598212512938668
86.0,280.0,1225.508544921875,-3.3322314947648417,1.4776585275171177,1.7352414258582842,1.8720516469849129,0.7852986773424488,-1.3197534442448964,-1.0885281240951954,2.1228912147652315,2.581850356997295,1.15982401240636
86.0,280.0,1225.508544921875,-3.332238068997108,1.4776580099986223,1.7352414258582842,1.8720516470427573,0.7852995997306079,-1.3197534442448964,-1.0885282794502251,2.1228912147652315,2.581850356997295,1.159824011911288
86.0,280.0,1225.51025390625,-3.3322314947648417,1.4776585048047823,1.7352414258582842,1.8720516466760249,0.7852988454174971,-1.319753452105748,-1.0885284525461267,2.1228912147652315,2.5817617098892884,1.1598239992789814
86.0,280.0,1225.5113525390625,-3.332239677192647,1.4776585697605604,1.735005102395289,1.8720516492482384,0.7848349503041363,-1.3197537957359018,-1.0885480052527867,2.1228912147822983,2.6019293489463964,1.1598239988022054
86.0,280.0,1225.5113525390625,-3.332239677192647,1.4776585697605604,1.735005102395289,1.8720516492482384,0.7848349503041363,-1.3197537957359018,-1.0885480052527867,2.1228912147823,2.6019293489463964,1.1598239988022054
86.0,280.0,1225.5137939453125,-3.332239555070416,1.4776585048047823,1.7350002562095863,1.8720516466532544,0.7852988454174971,-1.3197534378802454,-1.088548834689119,2.1228912147813856,2.5815289094931937,1.1598239992789814
86.0,280.0,1225.515869140625,-3.332239173258685,1.4776757208078866,1.7341239583764798,1.872051646805928,0.785280586627988,-1.3197266899416409,-1.088504683798694,2.1228912147830847,2.602001231444691,1.1598239974916742
86.0,280.0,1225.51611328125,-3.3322389049603767,1.4776585048047823,1.7352414258582842,1.872051646644236,0.7852988370867588,-1.319753452105748,-1.088547772107934,2.1228912147820456,2.5814756633359663,1.1598239990170158
86.0,280.0,1225.52587890625,-3.3322314947648417,1.4776585275171177,1.7352419342743026,1.87205164697334,0.7852986773424488,-1.3197534442448964,-1.088529051896457,2.1228912147652315,2.581850356997295,1.160648036044983
86.0,280.0,1225.5372314453125,-3.332238769062484,1.4776584133141062,1.747840089451439,1.8720516468753288,0.7852986773424488,-1.3197533995668391,-1.0884988760497676,2.1228912153303607,2.604511334710719,1.151552722999304
86.0,281.0,1225.34521484375,-3.3322385879755454,1.4776579923232565,1.735005102395289,1.8720516501741609,0.7852986077058955,-1.3197521834369417,-1.0885020428260233,2.1228912147556747,2.5843553292478707,1.1516254498101253
86.0,281.0,1225.345703125,-3.3322385879755454,1.4776579923232565,1.735005102395289,1.8720516501741609,0.7852986077058955,-1.3197521834369417,-1.0885020428260233,2.122891214757445,2.5843553292478707,1.1516783417241785
86.0,281.0,1225.3465576171875,-3.332239677192647,1.4776585697605604,1.735005102395289,1.8720516492482384,0.785279979854354,-1.3197533818000726,-1.0885480052527867,2.122891214705383,2.584521955450429,1.1518697880619566
86.0,281.0,1225.3465576171875,-3.332239677192647,1.4776585697605604,1.735005102395289,1.8720516492482384,0.785279979854354,-1.3197533818000726,-1.0885480052527867,2.122891214705383,2.584521955450429,1.1518697880619566
86.0,281.0,1225.3494873046875,-3.332239677264536,1.4776585697605604,1.735005102395289,1.8720516492482384,0.785279979854354,-1.31975214348958,-1.0885488942075885,2.122891214782172,2.584521955450429,1.1521531551476614
86.0,281.0,1225.3494873046875,-3.332239677264536,1.4776585697605604,1.735005102395289,1.8720516492482384,0.785279979854354,-1.31975214348958,-1.0885488942075885,2.122891214782172,2.584521955450429,1.1521531551476614
86.0,281.0,1225.3494873046875,-3.3322396772659872,1.4776585697605604,1.735005102395289,1.872051649248243,0.785279979854354,-1.31975214348958,-1.0885488942075885,2.122891214782172,2.584521955450429,1.1521531551476614
86.0,281.0,1225.3504638671875,-3.332238853507638,1.4776585204916384,1.7350046041994476,1.872051646683578,0.785279979854354,-1.3197525027146564,-1.0885488692830765,2.122891214792105,2.5845566789016927,1.1522744325290757
86.0,281.0,1225.357421875,-3.332239677265977,1.4776579923232565,1.735005102395289,1.8720516492538848,0.785279979854354,-1.31975214348958,-1.088546309615336,2.122891214766033,2.5838019527022364,1.1522333324776108
86.0,281.0,1225.3575439453125,-3.332239677265977,1.4776579923232565,1.735005102395289,1.8720516492556023,0.785279979854354,-1.31975214348958,-1.088548887833721,2.122891214782172,2.5838019527022364,1.1522333324776108
86.0,281.0,1225.3575439453125,-3.332239677265977,1.4776579923232565,1.735005102395289,1.8720516492556023,0.785279979854354,-1.31975214348958,-1.088548887833721,2.122891214782172,2.5838019527022364,1.1522333324776108
86.0,281.0,1225.3580322265625,-3.332239677265977,1.4776579923232565,1.735005102395289,1.8720516492556023,0.785279979854354,-1.31975214348958,-1.088548887833721,2.122891214783942,2.5838019527022364,1.1522862243916636
86.0,281.0,1225.3597412109375,-3.332239677265977,1.4776579923232565,1.735005102395289,1.8720516492556023,0.785279979854354,-1.31975214348958,-1.088548887833721,2.122891214782172,2.5838019527022364,1.1524346084668484
86.0,281.0,1225.35986328125,-3.332239677265977,1.4776579923232565,1.735005102395289,1.8720516492479229,0.785279979854354,-1.31975214348958,-1.088548887833721,2.122891214782172,2.5837916393258897,1.1524346084668484
86.0,281.0,1225.432373046875,-3.332238769062484,1.477657984095107,1.7479603931375751,1.872051646884449,0.7852986773424488,-1.3197533995668391,-1.0884988760497676,2.1228912153303607,2.584174602302098,1.151552722999304
86.0,281.0,1225.432861328125,-3.332238784953913,1.477657984095107,1.7479603931375751,1.872051646884449,0.785298424523215,-1.3197533348362456,-1.088548635255436,2.122891215354884,2.584174794377486,1.151552722999304
86.0,281.0,1225.457763671875,-3.332231208970434,1.4776751982747456,1.7350051042479426,1.8720516493018784,0.785279979854354,-1.319753321382856,-1.0885479725102911,2.122891215330019,2.5845576399655137,1.1595176551822943
86.0,281.0,1225.460693359375,-3.332239677264536,1.4776585711042107,1.7350050921751123,1.8720516492482384,0.785279979854354,-1.31975214348958,-1.0885479888716882,2.1228912153243527,2.584521955450429,1.1596541301488703
86.0,281.0,1225.4622802734375,-3.332238578514969,1.4776579923232565,1.735005102395289,1.872051650149156,0.785279979854354,-1.3197521834369417,-1.0885488793629532,2.1228912147982766,2.584485153882495,1.1597136771894507
86.0,281.0,1225.46240234375,-3.332238853507638,1.4776585218352885,1.7350045939792706,1.872051646683578,0.785279979854354,-1.3197525027146564,-1.088547963947177,2.1228912153342865,2.5845566789016927,1.1597754075302844
86.0,281.0,1225.4625244140625,-3.332239174177253,1.4776579923232565,1.735005102395289,1.872051646884768,0.785279979854354,-1.3197521834369417,-1.0885500615195467,2.12289121478372,2.58446332888257,1.1597083308143337
86.0,281.0,1225.462646484375,-3.3322385879755454,1.4776579923232565,1.735005102395289,1.8720516501741609,0.785279979854354,-1.3197521834369417,-1.0885499494348307,2.1228912147982766,2.58446332888257,1.1597136771894507
86.0,281.0,1225.462646484375,-3.3322385879755454,1.477658006744797,1.735005102395289,1.8720516492604744,0.785279979854354,-1.319752184718164,-1.0885499494348307,2.1228912147982766,2.5844629242246366,1.1597136771894507
86.0,281.0,1225.463134765625,-3.332239677265977,1.4776579923232565,1.735005102395289,1.872051649255584,0.785279979854354,-1.31975214348958,-1.088498243277774,2.122891214782172,2.584532268826776,1.1598239988022054
86.0,281.0,1225.4632568359375,-3.332239677265977,1.4776579923232565,1.735005102395289,1.872051649247904,0.785279979854354,-1.31975214348958,-1.0884946968895195,2.122891214782172,2.584521955450429,1.1598239988022054
86.0,281.0,1225.46337890625,-3.332239677265977,1.4776579923232565,1.735005102395289,1.872051649247904,0.785279979854354,-1.31975214348958,-1.088498243277774,2.122891214782172,2.584521955450429,1.1598239988022054
86.0,281.0,1225.4637451171875,-3.332231049525781,1.4776579923232565,1.7350044329936134,1.872051649247904,0.785279979854354,-1.3197520990055265,-1.088548887833721,2.122891214782777,2.584521955450429,1.1598239987865795
86.0,281.0,1225.4638671875,-3.332239677265977,1.4776579923232565,1.735005102395289,1.872051649247904,0.785279979854354,-1.31975214348958,-1.088548887833721,2.122891214782172,2.584521955450429,1.1598239988022054
86.0,281.0,1225.4638671875,-3.332239677192647,1.4776585697605604,1.735005102395289,1.8720516492482384,0.785279979854354,-1.31975214348958,-1.0885480052527867,2.122891214782172,2.584521955450429,1.1598239988022054
86.0,281.0,1225.4638671875,-3.332239677192647,1.4776585697605604,1.735005102395289,1.8720516492482384,0.785279979854354,-1.31975214348958,-1.0885480052527867,2.122891214782172,2.584521955450429,1.1598239988022054
86.0,281.0,1225.4638671875,-3.332239677265977,1.4776579923232565,1.735005102395289,1.872051649247904,0.785279979854354,-1.31975214348958,-1.088548887833721,2.122891214782172,2.584521955450429,1.1598239988022054
86.0,281.0,1225.4638671875,-3.332239677192647,1.4776585697605604,1.735005102395289,1.8720516492482384,0.785279979854354,-1.31975214348958,-1.0885488472557063,2.122891214782172,2.584521955450429,1.1598239988022054
86.0,281.0,1225.4638671875,-3.3322396771955827,1.4776585697605604,1.735005102395289,1.8720516492482384,0.785279979854354,-1.31975214348958,-1.0885480052527867,2.122891214782172,2.584521955450429,1.1598239988022054
86.0,281.0,1225.4638671875,-3.332239677265977,1.4776579923232565,1.735005102395289,1.872051649247904,0.785279979854354,-1.31975214348958,-1.088548887833721,2.122891214782172,2.584521955450429,1.1598239988022054
86.0,281.0,1225.4638671875,-3.332239677192647,1.4776585697605604,1.735005102395289,1.8720516492482384,0.785279979854354,-1.31975214348958,-1.0885480052527867,2.122891214782172,2.584521955450429,1.1598239988022054
86.0,281.0,1225.4638671875,-3.332239677264526,1.4776579923232565,1.735005102395289,1.8720516492479,0.785279979854354,-1.31975214348958,-1.088548887833721,2.122891214782172,2.584521955450429,1.1598239988022054
86.0,281.0,1225.4639892578125,-3.332231208970434,1.4776751194139208,1.735005102395289,1.8720516492482384,0.785279979854354,-1.319753321382856,-1.0885480052527867,2.122891215330019,2.584521955450429,1.159823998813693
86.0,281.0,1225.464111328125,-3.332231075268567,1.4776751194139208,1.735053702968244,1.872051649367368,0.785279979854354,-1.319753321382856,-1.0885480052527867,2.122891215331188,2.584526409773304,1.1598239985598626
86.0,281.0,1225.464111328125,-3.3322397720218864,1.4776751194139208,1.735005102395289,1.8720516492482384,0.785279979854354,-1.319753321382856,-1.0885489109753472,2.122891214769796,2.584521955450429,1.159823998802539
86.0,281.0,1225.4642333984375,-3.3322403205683484,1.4776751194139208,1.7350518702652935,1.872051649367368,0.785279979854354,-1.319753321382856,-1.0885480052527867,2.122891214817071,2.58452638872935,1.1598239985756476
86.0,281.0,1225.464599609375,-3.3322312774361813,1.4776585275171177,1.7352414258582842,1.872051649150872,0.7852986773424488,-1.3197521337351423,-1.0885281240951954,2.12289121478204,2.5845171858883456,1.15982401240636
86.0,281.0,1225.46728515625,-3.3322313064976847,1.4776580150355918,1.735005102395289,1.872051649588581,0.7852943598119648,-1.319753305687185,-1.0885292398209825,2.1228912147653576,2.584259741830369,1.1598240121915495
86.0,281.0,1225.46728515625,-3.3322313064976847,1.4776580150355918,1.735005102395289,1.872051649588581,0.7852943598119648,-1.319753305687185,-1.0885292398209825,2.1228912147653576,2.584259741830369,1.1598240121915495
86.0,281.0,1225.46728515625,-3.3322315252434493,1.4776580155354446,1.735005102395289,1.8720516495744235,0.7852943598119648,-1.319753305687185,-1.0885292398209825,2.1228912147653576,2.5842582485175223,1.159824011687772
86.0,281.0,1225.4677734375,-3.332239669523524,1.4776585697605604,1.735005102395289,1.872051649250932,0.7848355231562032,-1.3197537957359018,-1.0885479312959505,2.1228912147823,2.5841578252553346,1.1598239988022054
86.0,281.0,1225.469482421875,-3.3322385879755454,1.4776580152065817,1.735005102395289,1.8720516496017183,0.7852986077058955,-1.3197521834369417,-1.0885020428260233,2.122891214765361,2.5843553292478707,1.1600221854971915
86.0,281.0,1225.4696044921875,-3.3322385879755454,1.4776580152065817,1.735005102395289,1.872051649603436,0.7852986077058955,-1.3197521834369417,-1.0885046210444085,2.1228912147815,2.5843553292478707,1.1600221854971915
86.0,281.0,1225.4718017578125,-3.33223871669322,1.4776580150355918,1.735005102395289,1.872051649556792,0.7852943514812266,-1.319753305687185,-1.0885485593827895,2.122891214782172,2.583973695277048,1.1598240119295842
86.0,281.0,1225.47314453125,-3.33223871669322,1.4776579923232565,1.735005102395289,1.872051649247904,0.7852945195562747,-1.319753313548037,-1.088548887833721,2.122891214782172,2.583885048169041,1.1598239988022054
86.0,281.0,1225.47314453125,-3.3322384979474555,1.4776579918234038,1.735005102395289,1.8720516492620616,0.7852945195562747,-1.319753313548037,-1.088548887833721,2.122891214782172,2.5838865414818883,1.1598239993059831
86.0,282.0,1225.2418212890625,-3.332239677192647,1.4776585736031769,1.735005102395289,1.87205164925374,0.785279979854354,-1.30200888485721,-1.0885462471165248,2.122891214782172,2.584521955450429,1.1519324599248897
86.0,282.0,1225.34521484375,-3.3322385879755454,1.4776579923232565,1.735005102395289,1.8720516501741609,0.7852986077058955,-1.3197521834369417,-1.0885020428260233,2.1228912147556747,2.5843553292478707,1.1516254498101253
86.0,282.0,1225.345703125,-3.3322385879755454,1.4776579923232565,1.735005102395289,1.8720516501741609,0.7852986077058955,-1.3197521834369417,-1.0885020428260233,2.122891214757445,2.5843553292478707,1.1516783417241785
86.0,282.0,1225.3465576171875,-3.332239677192647,1.4776585697605604,1.735005102395289,1.8720516492482384,0.785279979854354,-1.3197533818000726,-1.0885480052527867,2.122891214705383,2.584521955450429,1.1518697880619566
86.0,282.0,1225.3465576171875,-3.332239677192647,1.4776585697605604,1.735005102395289,1.8720516492482384,0.785279979854354,-1.3197533818000726,-1.0885480052527867,2.122891214705383,2.584521955450429,1.1518697880619566
86.0,282.0,1225.3465576171875,-3.332239702254132,1.4776585697605604,1.735005102395289,1.872051649248212,0.785279979854354,-1.3197533818000726,-1.0885480052527867,2.122891214705383,2.584521955450429,1.1518697880619566
86.0,282.0,1225.3465576171875,-3.332239677192647,1.4776585697605604,1.735005102395289,1.8720516492482384,0.785279979854354,-1.3197533818000726,-1.0885480052527867,2.122891214705383,2.584521955450429,1.1518697880619566
86.0,282.0,1225.3489990234375,-3.33223861661242,1.4776585697605604,1.735005102395289,1.872051649248243,0.7852985715236466,-1.31975214348958,-1.0885000116892296,2.1228912147819203,2.584521937058646,1.1521378539296954
86.0,282.0,1225.34912109375,-3.3322396772659872,1.4776585419060144,1.735005102395289,1.8720516492478925,0.785279979854354,-1.31975214348958,-1.088494617009511,2.122891214782172,2.584521955450429,1.1521531551476614
86.0,282.0,1225.3494873046875,-3.332239677264536,1.4776585697605604,1.735005102395289,1.8720516492482384,0.785279979854354,-1.31975214348958,-1.0885488942075885,2.122891214782172,2.584521955450429,1.1521531551476614
86.0,282.0,1225.3494873046875,-3.332239677264536,1.4776585697605604,1.735005102395289,1.8720516492482384,0.785279979854354,-1.31975214348958,-1.0885488942075885,2.122891214782172,2.584521955450429,1.1521531551476614
86.0,282.0,1225.3494873046875,-3.3322396772659872,1.4776585697605604,1.735005102395289,1.872051649248243,0.785279979854354,-1.31975214348958,-1.0885488942075885,2.122891214782172,2.584521955450429,1.1521531551476614
86.0,282.0,1225.3494873046875,-3.332239677264536,1.4776585697605604,1.735005102395289,1.8720516492482384,0.785279979854354,-1.31975214348958,-1.0885488942075885,2.122891214782172,2.584521955450429,1.1521531551476614
86.0,282.0,1225.3497314453125,-3.332239677264536,1.4776585608781183,1.735005102395289,1.8720516492993005,0.785279979854354,-1.319752141513461,-1.0885488942075885,2.122891214782172,2.584521955450429,1.152180049773562
86.0,282.0,1225.3504638671875,-3.332238853507638,1.4776585204916384,1.7350046041994476,1.872051646683578,0.785279979854354,-1.3197525027146564,-1.0885488692830765,2.122891214792105,2.5845566789016927,1.1522744325290757
86.0,282.0,1225.3504638671875,-3.332238853507638,1.4776579618308776,1.735004573206469,1.872051646558815,0.785279979854354,-1.3197525027146564,-1.0885488880626428,2.122891214792105,2.5845566789016927,1.1522744325290757
86.0,282.0,1225.3507080078125,-3.332238840367657,1.4776585217222873,1.735005102395289,1.8720516492482384,0.785279979854354,-1.3197524726630718,-1.0885480052527867,2.122891214705383,2.584521955450429,1.1522623366833114
86.0,282.0,1225.357421875,-3.332239677265977,1.4776579923232565,1.735005102395289,1.8720516492538848,0.785279979854354,-1.31975214348958,-1.088546309615336,2.122891214766033,2.5838019527022364,1.1522333324776108
86.0,282.0,1225.3575439453125,-3.332239677265977,1.4776579923232565,1.735005102395289,1.8720516492556023,0.785279979854354,-1.31975214348958,-1.088548887833721,2.122891214782172,2.5838019527022364,1.1522333324776108
86.0,282.0,1225.3575439453125,-3.332239677265977,1.4776579923232565,1.735005102395289,1.8720516492556023,0.785279979854354,-1.31975214348958,-1.088548887833721,2.122891214782172,2.5838019527022364,1.1522333324776108
86.0,282.0,1225.3575439453125,-3.332239677265977,1.4776579923232565,1.735005102395289,1.8720516492556023,0.785279979854354,-1.31975214348958,-1.088548887833721,2.122891214782172,2.5838019527022364,1.1522333324776108
86.0,282.0,1225.3580322265625,-3.332239677265977,1.4776579923232565,1.735005102395289,1.8720516492556023,0.785279979854354,-1.31975214348958,-1.088548887833721,2.122891214783942,2.5838019527022364,1.1522862243916636
86.0,282.0,1225.3580322265625,-3.332239677264514,1.477658538188459,1.7350051014786003,1.8720516492556023,0.785279979854354,-1.31975214348958,-1.088548887833721,2.122891214783942,2.5838019527022364,1.1522862243916636
86.0,282.0,1225.3597412109375,-3.332239677265977,1.4776579923232565,1.735005102395289,1.8720516492556023,0.785279979854354,-1.31975214348958,-1.088548887833721,2.122891214782172,2.5838019527022364,1.1524346084668484
86.0,282.0,1225.35986328125,-3.332239677265977,1.4776579923232565,1.735005102395289,1.8720516492479229,0.785279979854354,-1.31975214348958,-1.088548887833721,2.122891214782172,2.5837916393258897,1.1524346084668484
86.0,282.0,1225.42822265625,-3.332231249789764,1.477657984095107,1.748039006040991,1.87205164961748,0.7852989237187712,-1.3197533229700984,-1.0884974654110688,2.1228912153303607,2.584520823671524,1.151552722999304
86.0,282.0,1225.432373046875,-3.332238769062484,1.477657984095107,1.7479603931375751,1.872051646884449,0.7852986773424488,-1.3197533995668391,-1.0884988760497676,2.1228912153303607,2.584174602302098,1.151552722999304
86.0,282.0,1225.432861328125,-3.332238784953913,1.477657984095107,1.7479603931375751,1.872051646884449,0.785298424523215,-1.3197533348362456,-1.088548635255436,2.122891215354884,2.584174794377486,1.151552722999304
86.0,282.0,1225.457763671875,-3.332231208970434,1.4776751982747456,1.7350051042479426,1.8720516493018784,0.785279979854354,-1.319753321382856,-1.0885479725102911,2.122891215330019,2.5845576399655137,1.1595176551822943
86.0,282.0,1225.457763671875,-3.332231208970434,1.4776751982747456,1.7350541646477555,1.8720516493018784,0.785279979854354,-1.319753321382856,-1.0885479721436693,2.122891215330019,2.5845576399655137,1.1595081966901608
86.0,282.0,1225.460693359375,-3.332239677264536,1.4776585711042107,1.7350050921751123,1.8720516492482384,0.785279979854354,-1.31975214348958,-1.0885479888716882,2.1228912153243527,2.584521955450429,1.1596541301488703
86.0,282.0,1225.460693359375,-3.3322396772659992,1.477658025239008,1.735005093091801,1.8720516492482384,0.785279979854354,-1.31975214348958,-1.0885479888716882,2.1228912153243527,2.584521955450429,1.1596541301488703
86.0,282.0,1225.4622802734375,-3.332238578514969,1.4776579923232565,1.735005102395289,1.872051650149156,0.785279979854354,-1.3197521834369417,-1.0885488793629532,2.1228912147982766,2.584485153882495,1.1597136771894507
86.0,282.0,1225.46240234375,-3.332238853507638,1.4776585218352885,1.7350045939792706,1.872051646683578,0.785279979854354,-1.3197525027146564,-1.088547963947177,2.1228912153342865,2.5845566789016927,1.1597754075302844
86.0,282.0,1225.46240234375,-3.332238853507638,1.4776585702034692,1.7350051055509743,1.8720516494252848,0.785279979854354,-1.3197525027146564,-1.088547963947177,2.122891215337725,2.584557258958555,1.1597754075302844
86.0,282.0,1225.4625244140625,-3.332239174177253,1.4776579923232565,1.735005102395289,1.872051646884768,0.785279979854354,-1.3197521834369417,-1.0885500615195467,2.12289121478372,2.58446332888257,1.1597083308143337
86.0,282.0,1225.4625244140625,-3.332239174177253,1.4776579923232565,1.735005102395289,1.872051646884768,0.785279979854354,-1.3197521834369417,-1.0885500615195467,2.12289121478372,2.58446332888257,1.1597083308143337
86.0,282.0,1225.462646484375,-3.3322385879755454,1.4776579923232565,1.735005102395289,1.8720516501741609,0.785279979854354,-1.3197521834369417,-1.0885499494348307,2.1228912147982766,2.58446332888257,1.1597136771894507
86.0,282.0,1225.462646484375,-3.3322385879755454,1.477658006744797,1.735005102395289,1.8720516492604744,0.785279979854354,-1.319752184718164,-1.0885499494348307,2.1228912147982766,2.5844629242246366,1.1597136771894507
86.0,282.0,1225.463134765625,-3.332239677265977,1.4776579923232565,1.735005102395289,1.872051649255584,0.785279979854354,-1.31975214348958,-1.088498243277774,2.122891214782172,2.584532268826776,1.1598239988022054
86.0,282.0,1225.4632568359375,-3.332239677265977,1.4776579923232565,1.735005102395289,1.872051649247904,0.785279979854354,-1.31975214348958,-1.0884946968895195,2.122891214782172,2.584521955450429,1.1598239988022054
86.0,282.0,1225.4632568359375,-3.3322386263339605,1.4776579923232565,1.735005102395289,1.872051649247904,0.785279979854354,-1.319752143206885,-1.088498243277774,2.12289121479826,2.584521955450429,1.159819987417756
86.0,282.0,1225.46337890625,-3.332239677265977,1.4776579923232565,1.735005102395289,1.872051649247904,0.785279979854354,-1.31975214348958,-1.088498243277774,2.122891214782172,2.584521955450429,1.1598239988022054
86.0,282.0,1225.4637451171875,-3.332231049525781,1.4776579923232565,1.7350044329936134,1.872051649247904,0.785279979854354,-1.3197520990055265,-1.088548887833721,2.122891214782777,2.584521955450429,1.1598239987865795
86.0,282.0,1225.4638671875,-3.332239677265977,1.4776579923232565,1.735005102395289,1.872051649247904,0.785279979854354,-1.31975214348958,-1.088548887833721,2.122891214782172,2.584521955450429,1.1598239988022054
86.0,282.0,1225.4638671875,-3.332239677192647,1.4776585697605604,1.735005102395289,1.8720516492482384,0.785279979854354,-1.31975214348958,-1.0885480052527867,2.122891214782172,2.584521955450429,1.1598239988022054
86.0,282.0,1225.4638671875,-3.332239677192647,1.4776585697605604,1.735005102395289,1.8720516492482384,0.785279979854354,-1.31975214348958,-1.0885480052527867,2.122891214782172,2.584521955450429,1.1598239988022054
86.0,282.0,1225.4638671875,-3.332239677265977,1.4776579923232565,1.735005102395289,1.872051649247904,0.785279979854354,-1.31975214348958,-1.088548887833721,2.122891214782172,2.584521955450429,1.1598239988022054
86.0,282.0,1225.4638671875,-3.332239677192647,1.4776585697605604,1.735005102395289,1.8720516492482384,0.785279979854354,-1.31975214348958,-1.0885488472557063,2.122891214782172,2.584521955450429,1.1598239988022054
86.0,282.0,1225.4638671875,-3.3322396771955827,1.4776585697605604,1.735005102395289,1.8720516492482384,0.785279979854354,-1.31975214348958,-1.0885480052527867,2.122891214782172,2.584521955450429,1.1598239988022054
86.0,283.0,1225.2418212890625,-3.332239677192647,1.4776585736031769,1.735005102395289,1.87205164925374,0.785279979854354,-1.30200888485721,-1.0885462471165248,2.122891214782172,2.584521955450429,1.1519324599248897
86.0,283.0,1225.2568359375,-3.332239677192647,1.4776585736031769,1.735005102395289,1.872051649248667,0.785279979854354,-1.3011711607622238,-1.0885462471165248,2.122891214782172,2.584521955450429,1.1519225961432058
86.0,283.0,1225.3450927734375,-3.332238583975551,1.4776580239171857,1.735005102395289,1.8720516501741609,0.7852986724772286,-1.319752146400602,-1.0885015300096432,2.1228912147556747,2.5843553292478707,1.1516254498101253
86.0,283.0,1225.34521484375,-3.3322385879755454,1.4776579923232565,1.735005102395289,1.8720516501741609,0.7852986077058955,-1.3197521834369417,-1.0885020428260233,2.1228912147556747,2.5843553292478707,1.1516254498101253
86.0,283.0,1225.345703125,-3.3322385879755454,1.4776579923232565,1.735005102395289,1.8720516501741609,0.7852986077058955,-1.3197521834369417,-1.0885020428260233,2.122891214757445,2.5843553292478707,1.1516783417241785
86.0,283.0,1225.3460693359375,-3.3322385879755454,1.4776579923232565,1.7350045944028387,1.8720516501741609,0.7852986077058955,-1.3197521834369417,-1.0885459988437782,2.122891214757445,2.5843553292478707,1.1516783417241785
86.0,283.0,1225.3460693359375,-3.3322385879755454,1.4776579923232565,1.735005102395289,1.8720516501741609,0.7852989168089739,-1.3197521688751868,-1.088547383115084,2.12289121470504,2.5843553292478707,1.1516783417241785
86.0,283.0,1225.34619140625,-3.332239677192647,1.4776585697605604,1.735005102395289,1.8720516492482384,0.7852796707512757,-1.3197533963618275,-1.0885026649637255,2.1228912147577885,2.584521955450429,1.1518697880619566
86.0,283.0,1225.346435546875,-3.332239677192052,1.477658569968158,1.735005102395289,1.8720516492482384,0.785279979854354,-1.319752175087159,-1.088547996516385,2.12289121478258,2.584521955450429,1.1518697880619566
86.0,283.0,1225.3465576171875,-3.332239677192647,1.4776585697605604,1.735005102395289,1.8720516492482384,0.785279979854354,-1.3197533818000726,-1.0885480052527867,2.122891214705383,2.584521955450429,1.1518697880619566
86.0,283.0,1225.3465576171875,-3.332239677192647,1.4776585697605604,1.735005102395289,1.8720516492482384,0.785279979854354,-1.3197533818000726,-1.0885480052527867,2.122891214705383,2.584521955450429,1.1518697880619566
86.0,283.0,1225.3465576171875,-3.332239702254132,1.4776585697605604,1.735005102395289,1.872051649248212,0.785279979854354,-1.3197533818000726,-1.0885480052527867,2.122891214705383,2.584521955450429,1.1518697880619566
86.0,283.0,1225.3465576171875,-3.332239677192647,1.4776585697605604,1.735005102395289,1.8720516492482384,0.785279979854354,-1.3197533818000726,-1.0885480052527867,2.122891214705383,2.584521955450429,1.1518697880619566
86.0,283.0,1225.3465576171875,-3.332239677192647,1.4776585697605604,1.735005102395289,1.8720516492865265,0.785279979854354,-1.3197534142838705,-1.0885480045040128,2.1228912146830594,2.584520311739328,1.1518697880619566
86.0,283.0,1225.3465576171875,-3.332239677192647,1.4776585697605604,1.735005102395289,1.8720516492482384,0.785279979854354,-1.3197533818000726,-1.0885480052527867,2.122891214705383,2.584521955450429,1.1518697880619566
86.0,283.0,1225.3489990234375,-3.33223861661242,1.4776585697605604,1.735005102395289,1.872051649248243,0.7852985715236466,-1.31975214348958,-1.0885000116892296,2.1228912147819203,2.584521937058646,1.1521378539296954
86.0,283.0,1225.34912109375,-3.3322396772659872,1.4776585419060144,1.735005102395289,1.8720516492478925,0.785279979854354,-1.31975214348958,-1.088494617009511,2.122891214782172,2.584521955450429,1.1521531551476614
86.0,283.0,1225.34912109375,-3.332239677264536,1.4776585711042107,1.7350050921975917,1.8720516492482384,0.785279979854354,-1.31975214348958,-1.088548891906877,2.1228912147465,2.584521955450429,1.152122071952979
86.0,283.0,1225.3494873046875,-3.332239677264536,1.4776585697605604,1.735005102395289,1.8720516492482384,0.785279979854354,-1.31975214348958,-1.0885488942075885,2.122891214782172,2.584521955450429,1.1521531551476614
86.0,283.0,1225.3494873046875,-3.332239677264536,1.4776585697605604,1.735005102395289,1.8720516492482384,0.785279979854354,-1.31975214348958,-1.0885488942075885,2.122891214782172,2.584521955450429,1.1521531551476614
86.0,283.0,1225.3494873046875,-3.3322396772659872,1.4776585697605604,1.735005102395289,1.872051649248243,0.785279979854354,-1.31975214348958,-1.0885488942075885,2.122891214782172,2.584521955450429,1.1521531551476614
86.0,283.0,1225.3494873046875,-3.332239677264536,1.4776585697605604,1.735005102395289,1.8720516492482384,0.785279979854354,-1.31975214348958,-1.0885488942075885,2.122891214782172,2.584521955450429,1.1521531551476614
86.0,283.0,1225.3494873046875,-3.332239677264536,1.4776585697605604,1.735005102395289,1.8720516492482384,0.785279979854354,-1.31975214348958,-1.0885488942075885,2.122891214782172,2.584521955450429,1.1521531551476614
86.0,283.0,1225.3494873046875,-3.332239677264536,1.4776585697605604,1.735005102395289,1.8720516492482384,0.785279979854354,-1.31975214348958,-1.0885488942075885,2.122891214782172,2.584521955450429,1.1521531551476614
86.0,283.0,1225.3497314453125,-3.332239677264536,1.4776585608781183,1.735005102395289,1.8720516492993005,0.785279979854354,-1.319752141513461,-1.0885488942075885,2.122891214782172,2.584521955450429,1.152180049773562
86.0,283.0,1225.349853515625,-3.332239677265131,1.4776585606705204,1.735005102395289,1.8720516492993005,0.785279979854354,-1.3197533482263746,-1.0885489029439903,2.122891214704976,2.584521955450429,1.152180049773562
86.0,283.0,1225.3504638671875,-3.332238853507638,1.4776585204916384,1.7350046041994476,1.872051646683578,0.785279979854354,-1.3197525027146564,-1.0885488692830765,2.122891214792105,2.5845566789016927,1.1522744325290757
86.0,283.0,1225.3504638671875,-3.332238853507638,1.4776579618308776,1.735004573206469,1.872051646558815,0.785279979854354,-1.3197525027146564,-1.0885488880626428,2.122891214792105,2.5845566789016927,1.1522744325290757
86.0,283.0,1225.3507080078125,-3.332238840367657,1.4776585217222873,1.735005102395289,1.8720516492482384,0.785279979854354,-1.3197524726630718,-1.0885480052527867,2.122891214705383,2.584521955450429,1.1522623366833114
86.0,283.0,1225.350830078125,-3.332239677264514,1.477658538188459,1.7350051014786003,1.8720516492577224,0.7852977127256492,-1.31975214348958,-1.0884969517672012,2.122891214816715,2.5844980045689634,1.1522862243916636
86.0,283.0,1225.3555908203125,-3.3322388471691675,1.4776585702034692,1.7350051055509743,1.8720516494252848,0.785279979854354,-1.3197525027146564,-1.088548883285843,2.122891215332024,2.584557258958555,1.15272850577896
86.0,283.0,1225.3565673828125,-3.332239677265987,1.4776585950693832,1.735005102395289,1.8720516492482384,0.785279979854354,-1.31975214348958,-1.088548894331002,2.122891214782172,2.5838036434544063,1.152150371771851
86.0,283.0,1225.357421875,-3.332239677265977,1.4776579923232565,1.735005102395289,1.8720516492538848,0.785279979854354,-1.31975214348958,-1.088546309615336,2.122891214766033,2.5838019527022364,1.1522333324776108
86.0,283.0,1225.3575439453125,-3.332239677265977,1.4776579923232565,1.735005102395289,1.8720516492556023,0.785279979854354,-1.31975214348958,-1.088548887833721,2.122891214782172,2.5838019527022364,1.1522333324776108
86.0,283.0,1225.3575439453125,-3.332239677265977,1.4776579923232565,1.735005102395289,1.8720516492556023,0.785279979854354,-1.31975214348958,-1.088548887833721,2.122891214782172,2.5838019527022364,1.1522333324776108
86.0,283.0,1225.3575439453125,-3.332239677265977,1.4776579923232565,1.735005102395289,1.8720516492556023,0.785279979854354,-1.31975214348958,-1.088548887833721,2.122891214782172,2.5838019527022364,1.1522333324776108
86.0,283.0,1225.35791015625,-3.332238840759429,1.4776586239555292,1.7350046057461237,1.8720516492311536,0.785279979854354,-1.31975214348958,-1.088546309615336,2.122891214765908,2.5838019527022364,1.1522754400884652
86.0,283.0,1225.3580322265625,-3.332239677265977,1.4776579923232565,1.735005102395289,1.8720516492556023,0.785279979854354,-1.31975214348958,-1.088548887833721,2.122891214783942,2.5838019527022364,1.1522862243916636
86.0,283.0,1225.3580322265625,-3.332239677264514,1.477658538188459,1.7350051014786003,1.8720516492556023,0.785279979854354,-1.31975214348958,-1.088548887833721,2.122891214783942,2.5838019527022364,1.1522862243916636
86.0,283.0,1225.3597412109375,-3.332239677265977,1.4776579923232565,1.735005102395289,1.8720516492556023,0.785279979854354,-1.31975214348958,-1.088548887833721,2.122891214782172,2.5838019527022364,1.1524346084668484
86.0,283.0,1225.35986328125,-3.332239677265977,1.4776579923232565,1.735005102395289,1.8720516492479229,0.785279979854354,-1.31975214348958,-1.088548887833721,2.122891214782172,2.5837916393258897,1.1524346084668484
86.0,283.0,1225.42822265625,-3.332231249789764,1.477657984095107,1.748039006040991,1.87205164961748,0.7852989237187712,-1.3197533229700984,-1.0884974654110688,2.1228912153303607,2.584520823671524,1.151552722999304
86.0,283.0,1225.42822265625,-3.332239700599472,1.477657984095107,1.748039006040991,1.8720516492523465,0.7852989237187712,-1.3197533229700984,-1.0884974654110688,2.1228912153303607,2.584520856165698,1.1515491448171649
86.0,283.0,1225.432373046875,-3.332238769062484,1.477657984095107,1.7479603931375751,1.872051646884449,0.7852986773424488,-1.3197533995668391,-1.0884988760497676,2.1228912153303607,2.584174602302098,1.151552722999304
86.0,283.0,1225.432861328125,-3.332238784953913,1.477657984095107,1.7479603931375751,1.872051646884449,0.785298424523215,-1.3197533348362456,-1.088548635255436,2.122891215354884,2.584174794377486,1.151552722999304
86.0,283.0,1225.457763671875,-3.332231208970434,1.4776751982747456,1.7350051042479426,1.8720516493018784,0.785279979854354,-1.319753321382856,-1.0885479725102911,2.122891215330019,2.5845576399655137,1.1595176551822943
86.0,283.0,1225.457763671875,-3.332231208970434,1.4776751982747456,1.7350541646477555,1.8720516493018784,0.785279979854354,-1.319753321382856,-1.0885479721436693,2.122891215330019,2.5845576399655137,1.1595081966901608
86.0,283.0,1225.460693359375,-3.332239677264536,1.4776585711042107,1.7350050921751123,1.8720516492482384,0.785279979854354,-1.31975214348958,-1.0885479888716882,2.1228912153243527,2.584521955450429,1.1596541301488703
86.0,283.0,1225.460693359375,-3.3322396772659992,1.477658025239008,1.735005093091801,1.8720516492482384,0.785279979854354,-1.31975214348958,-1.0885479888716882,2.1228912153243527,2.584521955450429,1.1596541301488703
86.0,283.0,1225.460693359375,-3.3322396812659942,1.4776579936450789,1.735005093091801,1.8720516492482384,0.785279915083021,-1.3197521805259194,-1.0885485016880685,2.1228912153243527,2.584521955450429,1.1596541301488703
86.0,284.0,1225.2418212890625,-3.332239677192647,1.4776585736031769,1.735005102395289,1.87205164925374,0.785279979854354,-1.30200888485721,-1.0885462471165248,2.122891214782172,2.584521955450429,1.1519324599248897
86.0,284.0,1225.2418212890625,-3.332238540637153,1.4776585846462815,1.7350050608833356,1.87205164925374,0.7852988204576445,-1.30200888485721,-1.088546002557064,2.122891214782172,2.584521955450429,1.1519324599248897
86.0,284.0,1225.2568359375,-3.332239677192647,1.4776585736031769,1.735005102395289,1.872051649248667,0.785279979854354,-1.3011711607622238,-1.0885462471165248,2.122891214782172,2.584521955450429,1.1519225961432058
86.0,284.0,1225.3001708984375,-3.3322388370019467,1.4776585798419686,1.735004573206469,1.872051649207336,0.785279979854354,-1.3197525027146564,-1.0714444789319524,2.122891214792105,2.5845584607500847,1.1522550486115926
86.0,284.0,1225.34375,-3.332239592068733,1.477658538188459,1.7350051014734442,1.8720516492577224,0.7852976701484908,-1.31975214348958,-1.0885018620315292,2.122891214816715,2.5844980045689634,1.1516136767724394
86.0,284.0,1225.3450927734375,-3.332238583975551,1.4776580239171857,1.735005102395289,1.8720516501741609,0.7852986724772286,-1.319752146400602,-1.0885015300096432,2.1228912147556747,2.5843553292478707,1.1516254498101253
86.0,284.0,1225.34521484375,-3.3322385879755454,1.4776579923232565,1.735005102395289,1.8720516501741609,0.7852986077058955,-1.3197521834369417,-1.0885020428260233,2.1228912147556747,2.5843553292478707,1.1516254498101253
86.0,284.0,1225.345703125,-3.3322385879755454,1.4776579923232565,1.735005102395289,1.8720516501741609,0.7852986077058955,-1.3197521834369417,-1.0885020428260233,2.122891214757445,2.5843553292478707,1.1516783417241785
86.0,284.0,1225.345703125,-3.332238544466187,1.4776579923232565,1.735005102395289,1.8720516501741609,0.7853002158877217,-1.3197521443423683,-1.0885017691478414,2.122891214757445,2.584346348518154,1.1516783417241785
86.0,284.0,1225.345947265625,-3.332239724531039,1.4776579812801518,1.735004635914792,1.8720516501741609,0.785279767102605,-1.3197521834369417,-1.088546243403239,2.122891214757445,2.5843553292478707,1.1516783417241785
86.0,284.0,1225.3460693359375,-3.3322385879755454,1.4776579923232565,1.7350045944028387,1.8720516501741609,0.7852986077058955,-1.3197521834369417,-1.0885459988437782,2.122891214757445,2.5843553292478707,1.1516783417241785
86.0,284.0,1225.3460693359375,-3.3322385879755454,1.4776579923232565,1.735005102395289,1.8720516501741609,0.7852989168089739,-1.3197521688751868,-1.088547383115084,2.12289121470504,2.5843553292478707,1.1516783417241785
86.0,284.0,1225.3460693359375,-3.3322385879755454,1.4776579923232565,1.7350045944028387,1.8720516501692248,0.7852981744132742,-1.3197521402947268,-1.0885459988437782,2.122891214757445,2.5843553292478707,1.1516783417241785
86.0,284.0,1225.34619140625,-3.332239677192647,1.4776585697605604,1.735005102395289,1.8720516492482384,0.7852796707512757,-1.3197533963618275,-1.0885026649637255,2.1228912147577885,2.584521955450429,1.1518697880619566
86.0,284.0,1225.34619140625,-3.332239677264325,1.4776585697605604,1.735005102395289,1.872051649248447,0.785279979854354,-1.3197535562696043,-1.0885480052527867,2.122891214705383,2.584521955450429,1.15183925738236
86.0,284.0,1225.346435546875,-3.332239677192052,1.477658569968158,1.735005102395289,1.8720516492482384,0.785279979854354,-1.319752175087159,-1.088547996516385,2.12289121478258,2.584521955450429,1.1518697880619566
86.0,284.0,1225.346435546875,-3.332239677192647,1.4776585697605604,1.735005102395289,1.8720516492482384,0.7852796707512757,-1.3197533963618275,-1.0885479243261258,2.1228912147056,2.584521955450429,1.1518697880619566
86.0,284.0,1225.346435546875,-3.332239677192052,1.477658569968158,1.735005102395289,1.8720516492482384,0.785279979854354,-1.319752175087159,-1.088547996516385,2.12289121478258,2.584521955450429,1.1518697880619566
86.0,284.0,1225.3465576171875,-3.332239677192647,1.4776585697605604,1.735005102395289,1.8720516492482384,0.785279979854354,-1.3197533818000726,-1.0885480052527867,2.122891214705383,2.584521955450429,1.1518697880619566
86.0,284.0,1225.3465576171875,-3.332239677192647,1.4776585697605604,1.735005102395289,1.8720516492482384,0.785279979854354,-1.3197533818000726,-1.0885480052527867,2.122891214705383,2.584521955450429,1.1518697880619566
86.0,284.0,1225.3465576171875,-3.332239702254132,1.4776585697605604,1.735005102395289,1.872051649248212,0.785279979854354,-1.3197533818000726,-1.0885480052527867,2.122891214705383,2.584521955450429,1.1518697880619566
86.0,284.0,1225.3465576171875,-3.332239677192647,1.4776585697605604,1.735005102395289,1.8720516492482384,0.785279979854354,-1.3197533818000726,-1.0885480052527867,2.122891214705383,2.584521955450429,1.1518697880619566
86.0,284.0,1225.3465576171875,-3.332239677192647,1.4776585697605604,1.735005102395289,1.8720516492865265,0.785279979854354,-1.3197534142838705,-1.0885480045040128,2.1228912146830594,2.584520311739328,1.1518697880619566
86.0,284.0,1225.3465576171875,-3.332239677192647,1.4776585697605604,1.735005102395289,1.8720516492482384,0.785279979854354,-1.3197533818000726,-1.0885480052527867,2.122891214705383,2.584521955450429,1.1518697880619566
86.0,284.0,1225.3466796875,-3.332239693698338,1.4776579517494697,1.735005102395289,1.872051646599718,0.785279979854354,-1.3197533818000726,-1.0885480052527867,2.122891214705383,2.584520173602037,1.15188917197944
86.0,284.0,1225.348388671875,-3.332239677192647,1.4776585736031769,1.7350051014813417,1.872051649248665,0.785279979854354,-1.3197854751800226,-1.0885440989838395,2.122891214782172,2.58449858641326,1.1519382215130949
86.0,284.0,1225.3489990234375,-3.33223861661242,1.4776585697605604,1.735005102395289,1.872051649248243,0.7852985715236466,-1.31975214348958,-1.0885000116892296,2.1228912147819203,2.584521937058646,1.1521378539296954
86.0,284.0,1225.34912109375,-3.3322396772659872,1.4776585419060144,1.735005102395289,1.8720516492478925,0.785279979854354,-1.31975214348958,-1.088494617009511,2.122891214782172,2.584521955450429,1.1521531551476614
86.0,284.0,1225.34912109375,-3.332239677264536,1.4776585711042107,1.7350050921975917,1.8720516492482384,0.785279979854354,-1.31975214348958,-1.088548891906877,2.1228912147465,2.584521955450429,1.152122071952979
86.0,284.0,1225.34912109375,-3.3322387973641074,1.477658581922916,1.735005102395289,1.8720516492482384,0.785279979854354,-1.3197522629046758,-1.0884988320645512,2.122891214782172,2.584521955450429,1.1521558660619815
86.0,284.0,1225.349365234375,-3.3322397207738943,1.4776585697605604,1.735005102395289,1.8720516492482384,0.7852783716725279,-1.319752182584153,-1.0885491678857702,2.122891214782172,2.584530936180146,1.1521531551476614
86.0,284.0,1225.3494873046875,-3.332239677264536,1.4776585697605604,1.735005102395289,1.8720516492482384,0.785279979854354,-1.31975214348958,-1.0885488942075885,2.122891214782172,2.584521955450429,1.1521531551476614
86.0,284.0,1225.3494873046875,-3.332239677264536,1.4776585697605604,1.735005102395289,1.8720516492482384,0.785279979854354,-1.31975214348958,-1.0885488942075885,2.122891214782172,2.584521955450429,1.1521531551476614
86.0,284.0,1225.3494873046875,-3.3322396772659872,1.4776585697605604,1.735005102395289,1.872051649248243,0.785279979854354,-1.31975214348958,-1.0885488942075885,2.122891214782172,2.584521955450429,1.1521531551476614
86.0,284.0,1225.3494873046875,-3.332239677264536,1.4776585697605604,1.735005102395289,1.8720516492482384,0.785279979854354,-1.31975214348958,-1.0885488942075885,2.122891214782172,2.584521955450429,1.1521531551476614
86.0,284.0,1225.3494873046875,-3.332239677264536,1.4776585697605604,1.735005102395289,1.8720516492482384,0.785279979854354,-1.31975214348958,-1.0885488942075885,2.122891214782172,2.584521955450429,1.1521531551476614
86.0,284.0,1225.3494873046875,-3.332239677264536,1.4776585697605604,1.735005102395289,1.8720516492482384,0.785279979854354,-1.31975214348958,-1.0885488942075885,2.122891214782172,2.584521955450429,1.1521531551476614
86.0,284.0,1225.3497314453125,-3.332239677264536,1.4776585608781183,1.735005102395289,1.8720516492993005,0.785279979854354,-1.319752141513461,-1.0885488942075885,2.122891214782172,2.584521955450429,1.152180049773562
86.0,284.0,1225.3497314453125,-3.332239677264536,1.4776585608781183,1.735005102395289,1.8720516492993005,0.785279979854354,-1.319752141513461,-1.0885488942075885,2.122891214782172,2.584521955450429,1.152180049773562
86.0,284.0,1225.349853515625,-3.332239677265131,1.4776585606705204,1.735005102395289,1.8720516492993005,0.785279979854354,-1.3197533482263746,-1.0885489029439903,2.122891214704976,2.584521955450429,1.152180049773562
86.0,284.0,1225.349853515625,-3.332239677265131,1.4776585606705204,1.735005102395289,1.8720516492993005,0.7853001856789226,-1.3197521800222745,-1.0885489029439903,2.122891214704976,2.584525675097515,1.152180049773562
86.0,284.0,1225.3504638671875,-3.332238853507638,1.4776585204916384,1.7350046041994476,1.872051646683578,0.785279979854354,-1.3197525027146564,-1.0885488692830765,2.122891214792105,2.5845566789016927,1.1522744325290757
86.0,284.0,1225.3504638671875,-3.332238853507638,1.4776579618308776,1.735004573206469,1.872051646558815,0.785279979854354,-1.3197525027146564,-1.0885488880626428,2.122891214792105,2.5845566789016927,1.1522744325290757
86.0,284.0,1225.3504638671875,-3.3322396197234534,1.47765853703318,1.7350046041994476,1.872051646683578,0.785279979854354,-1.3197521350747332,-1.0885488692830765,2.122891214792105,2.5845566789016927,1.1522744325290757
86.0,284.0,1225.3507080078125,-3.332238840367657,1.4776585217222873,1.735005102395289,1.8720516492482384,0.785279979854354,-1.3197524726630718,-1.0885480052527867,2.122891214705383,2.584521955450429,1.1522623366833114
86.0,284.0,1225.350830078125,-3.332239677264514,1.477658538188459,1.7350051014786003,1.8720516492577224,0.7852977127256492,-1.31975214348958,-1.0884969517672012,2.122891214816715,2.5844980045689634,1.1522862243916636
86.0,284.0,1225.350830078125,-3.332239781270638,1.477657992111627,1.735005102395289,1.8720516492556023,0.7852801074143488,-1.3197521465601694,-1.088548887833721,2.122891214782172,2.5838019527022364,1.1516228162167153
86.0,284.0,1225.3516845703125,-3.332238479970891,1.477658024128815,1.735005102395289,1.8720516501741609,0.7852985449172339,-1.3197521433300128,-1.0885015300096432,2.1228912147556747,2.5843553292478707,1.1522359660710206
86.0,284.0,1225.352294921875,-3.332238673171327,1.4776579923232565,1.7350051024004454,1.8720516501741609,0.7852986502830539,-1.3197521834369417,-1.0884971325616952,2.1228912147556747,2.5843553292478707,1.1522979974293497
86.0,284.0,1225.3555908203125,-3.3322388471691675,1.4776585702034692,1.7350051055509743,1.8720516494252848,0.785279979854354,-1.3197525027146564,-1.088548883285843,2.122891215332024,2.584557258958555,1.15272850577896
86.0,285.0,1225.2197265625,-3.328263325011965,1.4776585846462815,1.7350050599493618,1.8720516492486443,0.7852988204576445,-1.3019809100299795,-1.088546002557064,2.122891214782172,2.584521955450429,1.1519324599248897
86.0,285.0,1225.2418212890625,-3.332239677192647,1.4776585736031769,1.735005102395289,1.87205164925374,0.785279979854354,-1.30200888485721,-1.0885462471165248,2.122891214782172,2.584521955450429,1.1519324599248897
86.0,285.0,1225.2418212890625,-3.332238540637153,1.4776585846462815,1.7350050608833356,1.87205164925374,0.7852988204576445,-1.30200888485721,-1.088546002557064,2.122891214782172,2.584521955450429,1.1519324599248897
86.0,285.0,1225.241943359375,-3.332239677192647,1.4776585736031769,1.735005102395289,1.8720516492483537,0.785279979854354,-1.30200888485721,-1.0885489295321271,2.122891214782172,2.584521955450429,1.152150921382674
86.0,285.0,1225.2530517578125,-3.332239677264536,1.4487353896986548,1.735005102395289,1.8720516492993005,0.7852984803904776,-1.319752141513461,-1.0885488942075885,2.122891214782172,2.584521955450429,1.152180049773562
86.0,285.0,1225.2562255859375,-3.332238479087779,1.4776585736031769,1.7350051033292628,1.8720516492537624,0.785279979854354,-1.301199135589454,-1.0885462471165248,2.122891214782172,2.584521955450429,1.1519225961432058
86.0,285.0,1225.2567138671875,-3.332239677192647,1.4776585613214108,1.735005102395289,1.8720516492488617,0.785279979854354,-1.3011711607622238,-1.0885462471165248,2.122891214782172,2.584521955450429,1.1519225961432058
86.0,285.0,1225.2568359375,-3.332239677192647,1.4776585736031769,1.735005102395289,1.872051649248667,0.785279979854354,-1.3011711607622238,-1.0885462471165248,2.122891214782172,2.584521955450429,1.1519225961432058
86.0,285.0,1225.296875,-3.3322387973641074,1.477658581922916,1.735005102395289,1.8720516492482384,0.785279979854354,-1.3197522629046758,-1.0770710353997366,2.122891214782172,2.584521955450429,1.1521558660619815
86.0,285.0,1225.3001708984375,-3.3322388370019467,1.4776585798419686,1.735004573206469,1.872051649207336,0.785279979854354,-1.3197525027146564,-1.0714444789319524,2.122891214792105,2.5845584607500847,1.1522550486115926
86.0,285.0,1225.34375,-3.332239592068733,1.477658538188459,1.7350051014734442,1.8720516492577224,0.7852976701484908,-1.31975214348958,-1.0885018620315292,2.122891214816715,2.5844980045689634,1.1516136767724394
86.0,285.0,1225.3447265625,-3.332239702254132,1.4776579986261331,1.735005102395289,1.872051649262949,0.785298676887531,-1.319752137157716,-1.0885480052527867,2.122891214705383,2.584521955450429,1.151688758898348
86.0,285.0,1225.3447265625,-3.3322385879755454,1.4776586587631186,1.735005102395289,1.872051650239295,0.7852986077058955,-1.3197521834369417,-1.088458281601688,2.1228912147557426,2.5843553292478707,1.151617289298349
86.0,285.0,1225.3450927734375,-3.332238583975551,1.4776580239171857,1.735005102395289,1.8720516501741609,0.7852986724772286,-1.319752146400602,-1.0885015300096432,2.1228912147556747,2.5843553292478707,1.1516254498101253
86.0,285.0,1225.34521484375,-3.3322385879755454,1.4776579923232565,1.735005102395289,1.8720516501741609,0.7852986077058955,-1.3197521834369417,-1.0885020428260233,2.1228912147556747,2.5843553292478707,1.1516254498101253
86.0,285.0,1225.345703125,-3.3322385879755454,1.4776579923232565,1.735005102395289,1.8720516501741609,0.7852986077058955,-1.3197521834369417,-1.0885020428260233,2.122891214757445,2.5843553292478707,1.1516783417241785
86.0,285.0,1225.345703125,-3.332238544466187,1.4776579923232565,1.735005102395289,1.8720516501741609,0.7853002158877217,-1.3197521443423683,-1.0885017691478414,2.122891214757445,2.584346348518154,1.1516783417241785
86.0,285.0,1225.345703125,-3.332238588340643,1.4776579923232565,1.735005102395289,1.8720516501741609,0.7853002158877217,-1.3197521425094634,-1.088501769146526,2.122891214757445,2.5843558413607144,1.1516783417241785
86.0,285.0,1225.345947265625,-3.332239724531039,1.4776579812801518,1.735004635914792,1.8720516501741609,0.785279767102605,-1.3197521834369417,-1.088546243403239,2.122891214757445,2.5843553292478707,1.1516783417241785
86.0,285.0,1225.3460693359375,-3.3322385879755454,1.4776579923232565,1.7350045944028387,1.8720516501741609,0.7852986077058955,-1.3197521834369417,-1.0885459988437782,2.122891214757445,2.5843553292478707,1.1516783417241785
86.0,285.0,1225.3460693359375,-3.3322385879755454,1.4776579923232565,1.735005102395289,1.8720516501741609,0.7852989168089739,-1.3197521688751868,-1.088547383115084,2.12289121470504,2.5843553292478707,1.1516783417241785
86.0,285.0,1225.3460693359375,-3.3322385879755454,1.4776579923232565,1.7350045944028387,1.8720516501692248,0.7852981744132742,-1.3197521402947268,-1.0885459988437782,2.122891214757445,2.5843553292478707,1.1516783417241785
86.0,285.0,1225.3460693359375,-3.3322385879755454,1.477658576479524,1.7350045944028387,1.8720516501986573,0.7852987187561365,-1.3197521834369417,-1.0885459836308715,2.122891214757445,2.5843553292478707,1.1516783417241785
86.0,285.0,1225.3460693359375,-3.3322385674364177,1.4776579923232565,1.7350045818111055,1.872051650123443,0.7852981744132742,-1.3197521402947268,-1.0885480128880376,2.122891214759204,2.5843553292478707,1.1516783417241785
86.0,285.0,1225.34619140625,-3.332239677192647,1.4776585697605604,1.735005102395289,1.8720516492482384,0.7852796707512757,-1.3197533963618275,-1.0885026649637255,2.1228912147577885,2.584521955450429,1.1518697880619566
86.0,285.0,1225.34619140625,-3.332239677264325,1.4776585697605604,1.735005102395289,1.872051649248447,0.785279979854354,-1.3197535562696043,-1.0885480052527867,2.122891214705383,2.584521955450429,1.15183925738236
86.0,285.0,1225.34619140625,-3.332239677264325,1.4776579856042926,1.735005102395289,1.8720516492239496,0.785279868804113,-1.3197535562696043,-1.0885480204656934,2.122891214705383,2.584521955450429,1.15183925738236
86.0,285.0,1225.346435546875,-3.332239677192052,1.477658569968158,1.735005102395289,1.8720516492482384,0.785279979854354,-1.319752175087159,-1.088547996516385,2.12289121478258,2.584521955450429,1.1518697880619566
86.0,285.0,1225.346435546875,-3.332239677192647,1.4776585697605604,1.735005102395289,1.8720516492482384,0.7852796707512757,-1.3197533963618275,-1.0885479243261258,2.1228912147056,2.584521955450429,1.1518697880619566
86.0,285.0,1225.346435546875,-3.332239677192052,1.477658569968158,1.735005102395289,1.8720516492482384,0.785279979854354,-1.319752175087159,-1.088547996516385,2.12289121478258,2.584521955450429,1.1518697880619566
86.0,285.0,1225.346435546875,-3.3322396977311795,1.477658569968158,1.7350051149870225,1.87205164929402,0.785279979854354,-1.319752175087159,-1.0885459824721258,2.122891214780821,2.584521955450429,1.1518697880619566
86.0,285.0,1225.3465576171875,-3.332239677192647,1.4776585697605604,1.735005102395289,1.8720516492482384,0.785279979854354,-1.3197533818000726,-1.0885480052527867,2.122891214705383,2.584521955450429,1.1518697880619566
86.0,285.0,1225.3465576171875,-3.332239677192647,1.4776585697605604,1.735005102395289,1.8720516492482384,0.785279979854354,-1.3197533818000726,-1.0885480052527867,2.122891214705383,2.584521955450429,1.1518697880619566
86.0,285.0,1225.3465576171875,-3.332239702254132,1.4776585697605604,1.735005102395289,1.872051649248212,0.785279979854354,-1.3197533818000726,-1.0885480052527867,2.122891214705383,2.584521955450429,1.1518697880619566
86.0,285.0,1225.3465576171875,-3.332239677192647,1.4776585697605604,1.735005102395289,1.8720516492482384,0.785279979854354,-1.3197533818000726,-1.0885480052527867,2.122891214705383,2.584521955450429,1.1518697880619566
86.0,285.0,1225.3465576171875,-3.332239677192647,1.4776585697605604,1.735005102395289,1.8720516492865265,0.785279979854354,-1.3197534142838705,-1.0885480045040128,2.1228912146830594,2.584520311739328,1.1518697880619566
86.0,285.0,1225.3465576171875,-3.332239677192647,1.4776585697605604,1.735005102395289,1.8720516492482384,0.785279979854354,-1.3197533818000726,-1.0885480052527867,2.122891214705383,2.584521955450429,1.1518697880619566
86.0,285.0,1225.3465576171875,-3.332239677192647,1.4776585697605604,1.735005102395289,1.8720516492865265,0.785279979854354,-1.3197534142838705,-1.0885480045040128,2.1228912146830594,2.584520311739328,1.1518697880619566
86.0,285.0,1225.3466796875,-3.332239693698338,1.4776579517494697,1.735005102395289,1.872051646599718,0.785279979854354,-1.3197533818000726,-1.0885480052527867,2.122891214705383,2.584520173602037,1.15188917197944
86.0,285.0,1225.347900390625,-3.3322385879755454,1.4776585634576835,1.735005102395289,1.872051650159423,0.7852802197757969,-1.3197534135175433,-1.088547383115084,2.12289121470504,2.5843553292478707,1.151859370887787
86.0,285.0,1225.3480224609375,-3.3322385879755454,1.4776579923232565,1.7350045944028387,1.8720516492069683,0.7852986077058955,-1.3197521834369417,-1.0885459988437782,2.1228912147065944,2.5843553292478707,1.1518692705400324
86.0,285.0,1225.348388671875,-3.332239677192647,1.4776585736031769,1.7350051014813417,1.872051649248665,0.785279979854354,-1.3197854751800226,-1.0885440989838395,2.122891214782172,2.58449858641326,1.1519382215130949
86.0,285.0,1225.3489990234375,-3.33223861661242,1.4776585697605604,1.735005102395289,1.872051649248243,0.7852985715236466,-1.31975214348958,-1.0885000116892296,2.1228912147819203,2.584521937058646,1.1521378539296954
86.0,285.0,1225.34912109375,-3.3322396772659872,1.4776585419060144,1.735005102395289,1.8720516492478925,0.785279979854354,-1.31975214348958,-1.088494617009511,2.122891214782172,2.584521955450429,1.1521531551476614
86.0,285.0,1225.34912109375,-3.332239677264536,1.4776585711042107,1.7350050921975917,1.8720516492482384,0.785279979854354,-1.31975214348958,-1.088548891906877,2.1228912147465,2.584521955450429,1.152122071952979
86.0,285.0,1225.34912109375,-3.3322387973641074,1.477658581922916,1.735005102395289,1.8720516492482384,0.785279979854354,-1.3197522629046758,-1.0884988320645512,2.122891214782172,2.584521955450429,1.1521558660619815
86.0,285.0,1225.34912109375,-3.332239677192969,1.4776585711042107,1.7350050921975917,1.8720516492482384,0.785279979854354,-1.31975214348958,-1.088548891906877,2.122891214747656,2.584521955450429,1.1521234980598931
86.0,285.0,1225.349365234375,-3.3322397207738943,1.4776585697605604,1.735005102395289,1.8720516492482384,0.7852783716725279,-1.319752182584153,-1.0885491678857702,2.122891214782172,2.584530936180146,1.1521531551476614
86.0,285.0,1225.349365234375,-3.3322387827530897,1.4776585819765884,1.735005102395289,1.8720516492482384,0.785279979854354,-1.3197522629046758,-1.0884988320645512,2.1228912147825865,2.584521955450429,1.1521827808867928
86.0,285.0,1225.3494873046875,-3.332239677264536,1.4776585697605604,1.735005102395289,1.8720516492482384,0.785279979854354,-1.31975214348958,-1.0885488942075885,2.122891214782172,2.584521955450429,1.1521531551476614
86.0,286.0,1224.746337890625,-3.332239677192647,1.4326429361424444,1.735005102395289,1.872051649248846,0.785279979854354,-1.3011395521807565,-1.0885489295321271,2.122891214782172,2.584521955450429,1.152150921382674
86.0,286.0,1225.2197265625,-3.328263325011965,1.4776585846462815,1.7350050599493618,1.8720516492486443,0.7852988204576445,-1.3019809100299795,-1.088546002557064,2.122891214782172,2.584521955450429,1.1519324599248897
86.0,286.0,1225.219970703125,-3.3282933346906574,1.4776585855978892,1.7350050599493618,1.8720516492486527,0.7852982992076531,-1.3019802177864737,-1.0885460824352142,2.122891214782172,2.584521955450429,1.152157539250055
86.0,286.0,1225.2418212890625,-3.332239677192647,1.4776585736031769,1.735005102395289,1.87205164925374,0.785279979854354,-1.30200888485721,-1.0885462471165248,2.122891214782172,2.584521955450429,1.1519324599248897
86.0,286.0,1225.2418212890625,-3.332238540637153,1.4776585846462815,1.7350050608833356,1.87205164925374,0.7852988204576445,-1.30200888485721,-1.088546002557064,2.122891214782172,2.584521955450429,1.1519324599248897
86.0,286.0,1225.241943359375,-3.332239677192647,1.4776585736031769,1.735005102395289,1.8720516492483537,0.785279979854354,-1.30200888485721,-1.0885489295321271,2.122891214782172,2.584521955450429,1.152150921382674
86.0,286.0,1225.24267578125,-3.3322096675139545,1.4776585726515696,1.735005102395289,1.8720516492483448,0.7714209020326861,-1.302009577100716,-1.0885488496539768,2.122891214782172,2.584521955450429,1.1519258420575087
86.0,286.0,1225.24462890625,-3.3322396403135226,1.477658569968158,1.735005064002929,1.8720516492482384,0.7852979898933939,-1.3018432599520704,-1.088547996516385,2.122891214782632,2.584521955450429,1.1518697880619566
86.0,286.0,1225.2530517578125,-3.332239677264536,1.4487353896986548,1.735005102395289,1.8720516492993005,0.7852984803904776,-1.319752141513461,-1.0885488942075885,2.122891214782172,2.584521955450429,1.152180049773562
86.0,286.0,1225.2530517578125,-3.3322396787709616,1.4487353896986548,1.735005102395289,1.8720516493051784,0.7852984803904776,-1.319752263191916,-1.0885488942075885,2.122891214782172,2.584521955450429,1.152180049773562
86.0,286.0,1225.2562255859375,-3.332238479087779,1.4776585736031769,1.7350051033292628,1.8720516492537624,0.785279979854354,-1.301199135589454,-1.0885462471165248,2.122891214782172,2.584521955450429,1.1519225961432058
86.0,286.0,1225.2567138671875,-3.332239677192647,1.4776585613214108,1.735005102395289,1.8720516492488617,0.785279979854354,-1.3011711607622238,-1.0885462471165248,2.122891214782172,2.584521955450429,1.1519225961432058
86.0,286.0,1225.2568359375,-3.332239677192647,1.4776585736031769,1.735005102395289,1.872051649248667,0.785279979854354,-1.3011711607622238,-1.0885462471165248,2.122891214782172,2.584521955450429,1.1519225961432058
86.0,286.0,1225.2568359375,-3.332239677192041,1.4776585613214108,1.735005102395289,1.8720516492488617,0.785279979854354,-1.3011711607622238,-1.0885462154354877,2.1228912147822,2.584521955450429,1.1519163907276468
86.0,286.0,1225.296875,-3.3322387973641074,1.477658581922916,1.735005102395289,1.8720516492482384,0.785279979854354,-1.3197522629046758,-1.0770710353997366,2.122891214782172,2.584521955450429,1.1521558660619815
86.0,286.0,1225.3001708984375,-3.3322388370019467,1.4776585798419686,1.735004573206469,1.872051649207336,0.785279979854354,-1.3197525027146564,-1.0714444789319524,2.122891214792105,2.5845584607500847,1.1522550486115926
86.0,286.0,1225.34375,-3.332239592068733,1.477658538188459,1.7350051014734442,1.8720516492577224,0.7852976701484908,-1.31975214348958,-1.0885018620315292,2.122891214816715,2.5844980045689634,1.1516136767724394
86.0,286.0,1225.3447265625,-3.332239702254132,1.4776579986261331,1.735005102395289,1.872051649262949,0.785298676887531,-1.319752137157716,-1.0885480052527867,2.122891214705383,2.584521955450429,1.151688758898348
86.0,286.0,1225.3447265625,-3.3322385879755454,1.4776586587631186,1.735005102395289,1.872051650239295,0.7852986077058955,-1.3197521834369417,-1.088458281601688,2.1228912147557426,2.5843553292478707,1.151617289298349
86.0,286.0,1225.3447265625,-3.33223967791884,1.477658569968158,1.735005102395289,1.8720516492482384,0.7852984960284313,-1.3197521364206135,-1.088547996516385,2.12289121478258,2.584521955450429,1.151688367371425
86.0,286.0,1225.3447265625,-3.3322385879755454,1.4776586587631186,1.735005102395289,1.872051650239295,0.7852986077058955,-1.3197521834369417,-1.088458281601688,2.1228912147557426,2.5843553292478707,1.151617289298349
86.0,286.0,1225.3450927734375,-3.332238583975551,1.4776580239171857,1.735005102395289,1.8720516501741609,0.7852986724772286,-1.319752146400602,-1.0885015300096432,2.1228912147556747,2.5843553292478707,1.1516254498101253
86.0,286.0,1225.34521484375,-3.3322385879755454,1.4776579923232565,1.735005102395289,1.8720516501741609,0.7852986077058955,-1.3197521834369417,-1.0885020428260233,2.1228912147556747,2.5843553292478707,1.1516254498101253
86.0,286.0,1225.34521484375,-3.332010094874778,1.4776579917912809,1.735005102395289,1.8720516501741609,0.7853002712834565,-1.3197521443423683,-1.08850295437724,2.122891214782181,2.584346348518154,1.1519301296030775
86.0,286.0,1225.345458984375,-3.3322385879755454,1.4776580016577725,1.735004578046665,1.8720516502392024,0.7852986077058955,-1.3197521834369417,-1.0885459988437782,2.1228912147574657,2.5843553292478707,1.1516190134169078
86.0,286.0,1225.345703125,-3.3322385879755454,1.4776579923232565,1.735005102395289,1.8720516501741609,0.7852986077058955,-1.3197521834369417,-1.0885020428260233,2.122891214757445,2.5843553292478707,1.1516783417241785
86.0,286.0,1225.345703125,-3.332238544466187,1.4776579923232565,1.735005102395289,1.8720516501741609,0.7853002158877217,-1.3197521443423683,-1.0885017691478414,2.122891214757445,2.584346348518154,1.1516783417241785
86.0,286.0,1225.345703125,-3.332238588340643,1.4776579923232565,1.735005102395289,1.8720516501741609,0.7853002158877217,-1.3197521425094634,-1.088501769146526,2.122891214757445,2.5843558413607144,1.1516783417241785
86.0,286.0,1225.345703125,-3.332238678783681,1.4776579923232565,1.7350046352562891,1.8720516501741609,0.7853002158877217,-1.319752182835572,-1.088501769146526,2.122891214757445,2.5843553284661045,1.1516783417241785
86.0,286.0,1225.345703125,-3.332238544466187,1.4776579923232565,1.735005102395289,1.8720516501741609,0.7853002158877217,-1.3197521845605074,-1.0885017691478414,2.122891214757445,2.584346348518154,1.1516783417241785
86.0,286.0,1225.345703125,-3.332238588340643,1.4776579923232565,1.735005102395289,1.8720516501741609,0.7853002158877217,-1.3197521425094634,-1.088501769146526,2.122891214757445,2.5843558413607144,1.1516783417241785
86.0,286.0,1225.345947265625,-3.332239724531039,1.4776579812801518,1.735004635914792,1.8720516501741609,0.785279767102605,-1.3197521834369417,-1.088546243403239,2.122891214757445,2.5843553292478707,1.1516783417241785
86.0,286.0,1225.3460693359375,-3.3322385879755454,1.4776579923232565,1.7350045944028387,1.8720516501741609,0.7852986077058955,-1.3197521834369417,-1.0885459988437782,2.122891214757445,2.5843553292478707,1.1516783417241785
86.0,286.0,1225.3460693359375,-3.3322385879755454,1.4776579923232565,1.735005102395289,1.8720516501741609,0.7852989168089739,-1.3197521688751868,-1.088547383115084,2.12289121470504,2.5843553292478707,1.1516783417241785
86.0,286.0,1225.3460693359375,-3.3322385879755454,1.4776579923232565,1.7350045944028387,1.8720516501692248,0.7852981744132742,-1.3197521402947268,-1.0885459988437782,2.122891214757445,2.5843553292478707,1.1516783417241785
86.0,286.0,1225.3460693359375,-3.3322385879755454,1.477658576479524,1.7350045944028387,1.8720516501986573,0.7852987187561365,-1.3197521834369417,-1.0885459836308715,2.122891214757445,2.5843553292478707,1.1516783417241785
86.0,286.0,1225.3460693359375,-3.3322385674364177,1.4776579923232565,1.7350045818111055,1.872051650123443,0.7852981744132742,-1.3197521402947268,-1.0885480128880376,2.122891214759204,2.5843553292478707,1.1516783417241785
86.0,286.0,1225.34619140625,-3.332239677192647,1.4776585697605604,1.735005102395289,1.8720516492482384,0.7852796707512757,-1.3197533963618275,-1.0885026649637255,2.1228912147577885,2.584521955450429,1.1518697880619566
86.0,286.0,1225.34619140625,-3.332239677264325,1.4776585697605604,1.735005102395289,1.872051649248447,0.785279979854354,-1.3197535562696043,-1.0885480052527867,2.122891214705383,2.584521955450429,1.15183925738236
86.0,286.0,1225.34619140625,-3.332239677264325,1.4776579856042926,1.735005102395289,1.8720516492239496,0.785279868804113,-1.3197535562696043,-1.0885480204656934,2.122891214705383,2.584521955450429,1.15183925738236
86.0,286.0,1225.34619140625,-3.3322396771921063,1.4776585699629403,1.735005102395289,1.872051649248447,0.785279979854354,-1.3197535562696043,-1.0885480052527867,2.12289121478216,2.584521955450429,1.15183925738236
86.0,286.0,1225.3463134765625,-3.3322385879755454,1.4776585416309,1.735005102395289,1.8720516491841424,0.7852986077058955,-1.3197521927851998,-1.0885026507108806,2.1228912147556747,2.584518729628196,1.1518757422552703
86.0,286.0,1225.346435546875,-3.332239677192052,1.477658569968158,1.735005102395289,1.8720516492482384,0.785279979854354,-1.319752175087159,-1.088547996516385,2.12289121478258,2.584521955450429,1.1518697880619566
86.0,286.0,1225.346435546875,-3.332239677192647,1.4776585697605604,1.735005102395289,1.8720516492482384,0.7852796707512757,-1.3197533963618275,-1.0885479243261258,2.1228912147056,2.584521955450429,1.1518697880619566
86.0,286.0,1225.346435546875,-3.332239677192052,1.477658569968158,1.735005102395289,1.8720516492482384,0.785279979854354,-1.319752175087159,-1.088547996516385,2.12289121478258,2.584521955450429,1.1518697880619566
86.0,286.0,1225.346435546875,-3.3322396977311795,1.477658569968158,1.7350051149870225,1.87205164929402,0.785279979854354,-1.319752175087159,-1.0885459824721258,2.122891214780821,2.584521955450429,1.1518697880619566
86.0,286.0,1225.346435546875,-3.332239704156352,1.477657969946162,1.7350045636762432,1.872051649262916,0.785279979854354,-1.3197534011867174,-1.0885480052527867,2.122891214705383,2.584521955450429,1.1518697880619566
86.0,286.0,1225.346435546875,-3.33223967726427,1.4776585697657778,1.735005102395289,1.8720516492482384,0.785279979854354,-1.319752175087159,-1.088547996516385,2.1228912147058017,2.584521955450429,1.1518697880619566
86.0,286.0,1225.346435546875,-3.332239701527343,1.4776579986261331,1.735005102395289,1.872051649262949,0.7852801607134539,-1.3197521758242614,-1.0885480052527867,2.122891214705383,2.584521955450429,1.1518701795888793
86.0,286.0,1225.346435546875,-3.332239702254132,1.4776585736083256,1.735005102395289,1.872051649248212,0.785279979854354,-1.3197533818000726,-1.0885462159103632,2.122891214787206,2.584521955450429,1.1518697880619566
86.0,287.0,1224.746337890625,-3.332239677192647,1.4326429361424444,1.735005102395289,1.872051649248846,0.785279979854354,-1.3011395521807565,-1.0885489295321271,2.122891214782172,2.584521955450429,1.152150921382674
86.0,287.0,1225.1353759765625,-3.3322387973641074,1.4487642673892374,1.735005102395289,1.8720516492482384,0.7852809921194935,-1.3197522629046758,-1.0770710353997366,2.122891214782172,2.584521955450429,1.1521558660619815
86.0,287.0,1225.21142578125,-3.3281411160740686,1.4776585863179394,1.7350051006481253,1.8720516492486443,0.7852988204576445,-1.3024407168835614,-1.0885017327065265,2.1228912148195334,2.5845240728299497,1.1519324599248897
86.0,287.0,1225.215576171875,-3.328263325011965,1.477657990559577,1.7350046243668729,1.8720516492486443,0.7852988204576445,-1.3019809100299795,-1.088546002557064,2.1228912147562045,2.5843498104352363,1.1519324599248897
86.0,287.0,1225.2197265625,-3.328263325011965,1.4776585846462815,1.7350050599493618,1.8720516492486443,0.7852988204576445,-1.3019809100299795,-1.088546002557064,2.122891214782172,2.584521955450429,1.1519324599248897
86.0,287.0,1225.219970703125,-3.3282933346906574,1.4776585855978892,1.7350050599493618,1.8720516492486527,0.7852982992076531,-1.3019802177864737,-1.0885460824352142,2.122891214782172,2.584521955450429,1.152157539250055
86.0,287.0,1225.2330322265625,-3.332238618813701,1.476906019560523,1.7350051181024118,1.872051649248846,0.785279979854354,-1.3011395521807565,-1.0885489295321271,2.122891214782172,2.58435468144587,1.152150921382674
86.0,287.0,1225.24169921875,-3.3322396251272286,1.477658569968158,1.735005064002929,1.8720516492481047,0.7852979898933939,-1.3020148243425649,-1.088547996516385,2.122891214782632,2.584521955450429,1.151870097609439
86.0,287.0,1225.2418212890625,-3.332239677192647,1.4776585736031769,1.735005102395289,1.87205164925374,0.785279979854354,-1.30200888485721,-1.0885462471165248,2.122891214782172,2.584521955450429,1.1519324599248897
86.0,287.0,1225.2418212890625,-3.332238540637153,1.4776585846462815,1.7350050608833356,1.87205164925374,0.7852988204576445,-1.30200888485721,-1.088546002557064,2.122891214782172,2.584521955450429,1.1519324599248897
86.0,287.0,1225.241943359375,-3.332239677192647,1.4776585736031769,1.735005102395289,1.8720516492483537,0.785279979854354,-1.30200888485721,-1.0885489295321271,2.122891214782172,2.584521955450429,1.152150921382674
86.0,287.0,1225.241943359375,-3.332239677192647,1.4776585924683854,1.735005102395289,1.8720516502298072,0.785279979854354,-1.30200888485721,-1.088549809025029,2.122891214755505,2.584522180406796,1.1521596233961924
86.0,287.0,1225.24267578125,-3.3322096675139545,1.4776585726515696,1.735005102395289,1.8720516492483448,0.7714209020326861,-1.302009577100716,-1.0885488496539768,2.122891214782172,2.584521955450429,1.1519258420575087
86.0,287.0,1225.2440185546875,-3.33223959250896,1.477658579652359,1.735005102395289,1.872051649262847,0.7857278469590979,-1.302009577100716,-1.0885488496539768,2.122891214782172,2.584521955450429,1.1517042038852536
86.0,287.0,1225.24462890625,-3.3322396403135226,1.477658569968158,1.735005064002929,1.8720516492482384,0.7852979898933939,-1.3018432599520704,-1.088547996516385,2.122891214782632,2.584521955450429,1.1518697880619566
86.0,287.0,1225.244873046875,-3.332238555823447,1.4776585846462815,1.7350050608833356,1.872051649253873,0.7852988204576445,-1.3018373204667155,-1.088546002557064,2.122891214782172,2.584521955450429,1.1519321503774074
86.0,287.0,1225.2530517578125,-3.332239677264536,1.4487353896986548,1.735005102395289,1.8720516492993005,0.7852984803904776,-1.319752141513461,-1.0885488942075885,2.122891214782172,2.584521955450429,1.152180049773562
86.0,287.0,1225.2530517578125,-3.3322396787709616,1.4487353896986548,1.735005102395289,1.8720516493051784,0.7852984803904776,-1.319752263191916,-1.0885488942075885,2.122891214782172,2.584521955450429,1.152180049773562
86.0,287.0,1225.2530517578125,-3.3322396787709616,1.4487353896986548,1.7350051024252913,1.872051649249838,0.7852984911259537,-1.319752263191916,-1.0885488942075885,2.122891214782172,2.584521955450429,1.152180049773562
86.0,287.0,1225.2562255859375,-3.332238479087779,1.4776585736031769,1.7350051033292628,1.8720516492537624,0.785279979854354,-1.301199135589454,-1.0885462471165248,2.122891214782172,2.584521955450429,1.1519225961432058
86.0,287.0,1225.256591796875,-3.33223862473723,1.477658560658424,1.7350045814745887,1.8720516492346488,0.785279979854354,-1.3011711607622238,-1.0885462471165248,2.122891214782172,2.58451314234658,1.1519225961432058
86.0,287.0,1225.2567138671875,-3.332239677192647,1.4776585613214108,1.735005102395289,1.8720516492488617,0.785279979854354,-1.3011711607622238,-1.0885462471165248,2.122891214782172,2.584521955450429,1.1519225961432058
86.0,287.0,1225.2568359375,-3.332239677192647,1.4776585736031769,1.735005102395289,1.872051649248667,0.785279979854354,-1.3011711607622238,-1.0885462471165248,2.122891214782172,2.584521955450429,1.1519225961432058
86.0,287.0,1225.2568359375,-3.332239677192041,1.4776585613214108,1.735005102395289,1.8720516492488617,0.785279979854354,-1.3011711607622238,-1.0885462154354877,2.1228912147822,2.584521955450429,1.1519163907276468
86.0,287.0,1225.26513671875,-3.3322396779655508,1.4471727983335136,1.735005102395289,1.8720516492508568,0.7852984803346041,-1.319752141513461,-1.0885488942075885,2.122891214782172,2.584521955450429,1.152180049773562
86.0,287.0,1225.296875,-3.3322387973641074,1.477658581922916,1.735005102395289,1.8720516492482384,0.785279979854354,-1.3197522629046758,-1.0770710353997366,2.122891214782172,2.584521955450429,1.1521558660619815
86.0,287.0,1225.296875,-3.3322387973641074,1.477658581922916,1.735005102395289,1.8720516492482384,0.785279979854354,-1.3197522629046758,-1.0770710353997366,2.122891214782172,2.584521955450429,1.1521558660619815
86.0,287.0,1225.3001708984375,-3.3322388370019467,1.4776585798419686,1.735004573206469,1.872051649207336,0.785279979854354,-1.3197525027146564,-1.0714444789319524,2.122891214792105,2.5845584607500847,1.1522550486115926
86.0,287.0,1225.3001708984375,-3.3322388370019467,1.4776585798419686,1.735004573206469,1.872051649207336,0.785279979854354,-1.3197525027146564,-1.0714444789319524,2.122891214792105,2.5845584607500847,1.1522550486115926
86.0,287.0,1225.3173828125,-3.332239677192647,1.4796198485140384,1.735005102395289,1.8720516492996229,0.785279979854354,-1.3009241073815687,-1.0885461207839686,2.122891214782172,2.584521955450429,1.1521823335637884
86.0,287.0,1225.3330078125,-3.33236180100663,1.4776585365168011,1.7350050607746808,1.8720516492577224,0.7852976701484908,-1.3192923366359983,-1.0885461318820668,2.122891214779353,2.584495887189443,1.1516136767724394
86.0,287.0,1225.34375,-3.332239592068733,1.477658538188459,1.7350051014734442,1.8720516492577224,0.7852976701484908,-1.31975214348958,-1.0885018620315292,2.122891214816715,2.5844980045689634,1.1516136767724394
86.0,287.0,1225.34375,-3.332239592068733,1.477658538188459,1.7350051014734442,1.8720516492577224,0.7852976701484908,-1.31975214348958,-1.0885018612684,2.122891214816715,2.5844980045689634,1.151613781741913
86.0,287.0,1225.3438720703125,-3.3322385879755454,1.477658595744477,1.735005013629154,1.8720516502392024,0.7852986077058955,-1.3197521834369417,-1.0885459988437782,2.1228912147834333,2.5845274742630635,1.1516190134169078
86.0,287.0,1225.3447265625,-3.332239702254132,1.4776579986261331,1.735005102395289,1.872051649262949,0.785298676887531,-1.319752137157716,-1.0885480052527867,2.122891214705383,2.584521955450429,1.151688758898348
86.0,287.0,1225.3447265625,-3.3322385879755454,1.4776586587631186,1.735005102395289,1.872051650239295,0.7852986077058955,-1.3197521834369417,-1.088458281601688,2.1228912147557426,2.5843553292478707,1.151617289298349
86.0,287.0,1225.3447265625,-3.33223967791884,1.477658569968158,1.735005102395289,1.8720516492482384,0.7852984960284313,-1.3197521364206135,-1.088547996516385,2.12289121478258,2.584521955450429,1.151688367371425
86.0,287.0,1225.3447265625,-3.3322385879755454,1.4776586587631186,1.735005102395289,1.872051650239295,0.7852986077058955,-1.3197521834369417,-1.088458281601688,2.1228912147557426,2.5843553292478707,1.151617289298349
86.0,287.0,1225.3447265625,-3.332239678362196,1.4776579987098326,1.735005102395289,1.872051649262949,0.785298676887531,-1.3197521396672445,-1.0885480052527867,2.122891214705045,2.584519419726335,1.151688758898348
86.0,287.0,1225.344970703125,-3.332238583975551,1.4776580050519774,1.735005102395289,1.872051649192707,0.7852986724772286,-1.319752146400602,-1.0885006505167414,2.1228912147823418,2.584355104291504,1.1516167477966068
86.0,287.0,1225.3450927734375,-3.332238583975551,1.4776580239171857,1.735005102395289,1.8720516501741609,0.7852986724772286,-1.319752146400602,-1.0885015300096432,2.1228912147556747,2.5843553292478707,1.1516254498101253
86.0,287.0,1225.3450927734375,-3.332238583975551,1.4776580239171857,1.735005102395289,1.8720516501741609,0.7852986724772286,-1.319752146400602,-1.0885015307727723,2.1228912147556747,2.5843553292478707,1.1516253448406517
86.0,287.0,1225.34521484375,-3.3322385879755454,1.4776579923232565,1.735005102395289,1.8720516501741609,0.7852986077058955,-1.3197521834369417,-1.0885020428260233,2.1228912147556747,2.5843553292478707,1.1516254498101253
86.0,287.0,1225.34521484375,-3.332010094874778,1.4776579917912809,1.735005102395289,1.8720516501741609,0.7853002712834565,-1.3197521443423683,-1.08850295437724,2.122891214782181,2.584346348518154,1.1519301296030775
86.0,287.0,1225.345458984375,-3.3322385879755454,1.4776580016577725,1.735004578046665,1.8720516502392024,0.7852986077058955,-1.3197521834369417,-1.0885459988437782,2.1228912147574657,2.5843553292478707,1.1516190134169078
86.0,287.0,1225.345703125,-3.3322385879755454,1.4776579923232565,1.735005102395289,1.8720516501741609,0.7852986077058955,-1.3197521834369417,-1.0885020428260233,2.122891214757445,2.5843553292478707,1.1516783417241785
86.0,287.0,1225.345703125,-3.332238544466187,1.4776579923232565,1.735005102395289,1.8720516501741609,0.7853002158877217,-1.3197521443423683,-1.0885017691478414,2.122891214757445,2.584346348518154,1.1516783417241785
86.0,287.0,1225.345703125,-3.332238588340643,1.4776579923232565,1.735005102395289,1.8720516501741609,0.7853002158877217,-1.3197521425094634,-1.088501769146526,2.122891214757445,2.5843558413607144,1.1516783417241785
86.0,287.0,1225.345703125,-3.332238678783681,1.4776579923232565,1.7350046352562891,1.8720516501741609,0.7853002158877217,-1.319752182835572,-1.088501769146526,2.122891214757445,2.5843553284661045,1.1516783417241785
86.0,287.0,1225.345703125,-3.332238544466187,1.4776579923232565,1.735005102395289,1.8720516501741609,0.7853002158877217,-1.3197521845605074,-1.0885017691478414,2.122891214757445,2.584346348518154,1.1516783417241785
86.0,288.0,1224.7303466796875,-3.3322385114496247,1.4326429361424444,1.735005102395289,1.8720516501781368,0.785279979854354,-1.3005154477094234,-1.0885494371019764,2.122891214782172,2.584521955450429,1.151663507941028
86.0,288.0,1224.746337890625,-3.332239677192647,1.4326429361424444,1.735005102395289,1.872051649248846,0.785279979854354,-1.3011395521807565,-1.0885489295321271,2.122891214782172,2.584521955450429,1.152150921382674
86.0,288.0,1224.746337890625,-3.332239677192647,1.4326429361424444,1.735005102395289,1.872051649248846,0.785279979854354,-1.3011395521807565,-1.0885489295321271,2.122891214782172,2.584521955450429,1.152150921382674
86.0,288.0,1224.836669921875,-3.3322387973641074,1.4487642673892374,1.735005102395289,1.8720516492482384,0.7852809921194935,-1.3018303363804529,-1.0770967881442448,2.122891214782172,2.584521955450429,1.1521537038400045
86.0,288.0,1225.1353759765625,-3.3322387973641074,1.4487642673892374,1.735005102395289,1.8720516492482384,0.7852809921194935,-1.3197522629046758,-1.0770710353997366,2.122891214782172,2.584521955450429,1.1521558660619815
86.0,288.0,1225.21142578125,-3.3281411160740686,1.4776585863179394,1.7350051006481253,1.8720516492486443,0.7852988204576445,-1.3024407168835614,-1.0885017327065265,2.1228912148195334,2.5845240728299497,1.1519324599248897
86.0,288.0,1225.215087890625,-3.328263325011965,1.4776580262440266,1.735004647818592,1.8720516492486443,0.7852783911900798,-1.3020073259361675,-1.0885488393715146,2.122891214756476,2.5843498104352363,1.1519324599248897
86.0,288.0,1225.215576171875,-3.328263325011965,1.477657990559577,1.7350046243668729,1.8720516492486443,0.7852988204576445,-1.3019809100299795,-1.088546002557064,2.1228912147562045,2.5843498104352363,1.1519324599248897
86.0,288.0,1225.2197265625,-3.328263325011965,1.4776585846462815,1.7350050599493618,1.8720516492486443,0.7852988204576445,-1.3019809100299795,-1.088546002557064,2.122891214782172,2.584521955450429,1.1519324599248897
86.0,288.0,1225.219970703125,-3.3282933346906574,1.4776585855978892,1.7350050599493618,1.8720516492486527,0.7852982992076531,-1.3019802177864737,-1.0885460824352142,2.122891214782172,2.584521955450429,1.152157539250055
86.0,288.0,1225.219970703125,-3.3282933346906574,1.4776585855978892,1.7350050599493618,1.8720516492486527,0.7852982063912302,-1.3019802177864737,-1.0885460824352142,2.122891214782172,2.584521955450429,1.152157539250055
86.0,288.0,1225.231201171875,-3.3322396779655508,1.4471727983335136,1.735005102395289,1.8720516492508568,0.7852794380150268,-1.319080927628508,-1.0885488942075885,2.122891214782172,2.584521955450429,1.152180049773562
86.0,288.0,1225.2330322265625,-3.332238618813701,1.476906019560523,1.7350051181024118,1.872051649248846,0.785279979854354,-1.3011395521807565,-1.0885489295321271,2.122891214782172,2.58435468144587,1.152150921382674
86.0,288.0,1225.2349853515625,-3.328189944145637,1.4776585736031769,1.7350051205307695,1.872051649248667,0.785279979854354,-1.3011711607622238,-1.0885462471165248,2.122891214782172,2.584521955450429,1.1519225961432058
86.0,288.0,1225.2373046875,-3.332396067594436,1.4776849644528955,1.7350051006481253,1.8720516492486443,0.7852988204576445,-1.3024407168835614,-1.0885017327065265,2.1228912147862027,2.584526124389823,1.1519344674121406
86.0,288.0,1225.2392578125,-3.332313058058975,1.477657990559577,1.7350046062313922,1.8720516492486443,0.7852988204576445,-1.3019809100299795,-1.088546002557064,2.1228912147562045,2.5843498104352363,1.1519324599248897
86.0,288.0,1225.24169921875,-3.3322396251272286,1.477658569968158,1.735005064002929,1.8720516492481047,0.7852979898933939,-1.3020148243425649,-1.088547996516385,2.122891214782632,2.584521955450429,1.151870097609439
86.0,288.0,1225.2418212890625,-3.332239677192647,1.4776585736031769,1.735005102395289,1.87205164925374,0.785279979854354,-1.30200888485721,-1.0885462471165248,2.122891214782172,2.584521955450429,1.1519324599248897
86.0,288.0,1225.2418212890625,-3.332238540637153,1.4776585846462815,1.7350050608833356,1.87205164925374,0.7852988204576445,-1.30200888485721,-1.088546002557064,2.122891214782172,2.584521955450429,1.1519324599248897
86.0,288.0,1225.2418212890625,-3.332239677192647,1.4776585736031769,1.735005102395289,1.87205164925374,0.7852800726707769,-1.30200888485721,-1.0885462471165248,2.122891214782172,2.584521955450429,1.1519324599248897
86.0,288.0,1225.2418212890625,-3.332239677192647,1.4776585737040018,1.735005102395289,1.8720516492534829,0.785279979854354,-1.30200888485721,-1.0885462471165248,2.122891214782172,2.584521955450429,1.1519324599248897
86.0,288.0,1225.2418212890625,-3.3321703933798337,1.4776585840122984,1.7350050599493618,1.8720516492486527,0.7852982992076531,-1.3019802177864737,-1.0885460824352142,2.122891214782172,2.5845130108030183,1.152157539250055
86.0,288.0,1225.241943359375,-3.332239677192647,1.4776585736031769,1.735005102395289,1.8720516492483537,0.785279979854354,-1.30200888485721,-1.0885489295321271,2.122891214782172,2.584521955450429,1.152150921382674
86.0,288.0,1225.241943359375,-3.332239677192647,1.4776585924683854,1.735005102395289,1.8720516502298072,0.785279979854354,-1.30200888485721,-1.088549809025029,2.122891214755505,2.584522180406796,1.1521596233961924
86.0,288.0,1225.241943359375,-3.3322385664864465,1.4776585834069311,1.735005102395289,1.8720516502298072,0.785279979854354,-1.30200888485721,-1.0885498267903564,2.1228912147822188,2.5845219597919376,1.1521596233961924
86.0,288.0,1225.2425537109375,-3.332239677192647,1.477658537918727,1.7350050789435696,1.8720516492483537,0.7853004091219189,-1.301982468951022,-1.0885460927176764,2.122891214781901,2.584521955450429,1.152150921382674
86.0,288.0,1225.24267578125,-3.3322096675139545,1.4776585726515696,1.735005102395289,1.8720516492483448,0.7714209020326861,-1.302009577100716,-1.0885488496539768,2.122891214782172,2.584521955450429,1.1519258420575087
86.0,288.0,1225.2440185546875,-3.33223959250896,1.477658579652359,1.735005102395289,1.872051649262847,0.7857278469590979,-1.302009577100716,-1.0885488496539768,2.122891214782172,2.584521955450429,1.1517042038852536
86.0,288.0,1225.24462890625,-3.3322396403135226,1.477658569968158,1.735005064002929,1.8720516492482384,0.7852979898933939,-1.3018432599520704,-1.088547996516385,2.122891214782632,2.584521955450429,1.1518697880619566
86.0,288.0,1225.244873046875,-3.332238555823447,1.4776585846462815,1.7350050608833356,1.872051649253873,0.7852988204576445,-1.3018373204667155,-1.088546002557064,2.122891214782172,2.584521955450429,1.1519321503774074
86.0,288.0,1225.24755859375,-3.332239678943005,1.477658569968158,1.7350050626770497,1.872051649248732,0.7852979898933939,-1.3016806849386604,-1.088547996516385,2.122891214782632,2.584521955450429,1.1518697880619566
86.0,288.0,1225.2510986328125,-3.3322396787709616,1.4490095069411466,1.7350051014987355,1.872051649249838,0.7852976669718349,-1.319752263191916,-1.0885486182721744,2.1228912147858607,2.584521955450429,1.152180049773562
86.0,288.0,1225.2530517578125,-3.332239677264536,1.4487353896986548,1.735005102395289,1.8720516492993005,0.7852984803904776,-1.319752141513461,-1.0885488942075885,2.122891214782172,2.584521955450429,1.152180049773562
86.0,288.0,1225.2530517578125,-3.3322396787709616,1.4487353896986548,1.735005102395289,1.8720516493051784,0.7852984803904776,-1.319752263191916,-1.0885488942075885,2.122891214782172,2.584521955450429,1.152180049773562
86.0,288.0,1225.2530517578125,-3.3322396787709616,1.4487353896986548,1.7350051024252913,1.872051649249838,0.7852984911259537,-1.319752263191916,-1.0885488942075885,2.122891214782172,2.584521955450429,1.152180049773562
86.0,288.0,1225.2562255859375,-3.332238479087779,1.4776585736031769,1.7350051033292628,1.8720516492537624,0.785279979854354,-1.301199135589454,-1.0885462471165248,2.122891214782172,2.584521955450429,1.1519225961432058
86.0,288.0,1225.256591796875,-3.33223862473723,1.477658560658424,1.7350045814745887,1.8720516492346488,0.785279979854354,-1.3011711607622238,-1.0885462471165248,2.122891214782172,2.58451314234658,1.1519225961432058
86.0,288.0,1225.2567138671875,-3.332239677192647,1.4776585613214108,1.735005102395289,1.8720516492488617,0.785279979854354,-1.3011711607622238,-1.0885462471165248,2.122891214782172,2.584521955450429,1.1519225961432058
86.0,288.0,1225.2568359375,-3.332239677192647,1.4776585736031769,1.735005102395289,1.872051649248667,0.785279979854354,-1.3011711607622238,-1.0885462471165248,2.122891214782172,2.584521955450429,1.1519225961432058
86.0,288.0,1225.2568359375,-3.332239677192041,1.4776585613214108,1.735005102395289,1.8720516492488617,0.785279979854354,-1.3011711607622238,-1.0885462154354877,2.1228912147822,2.584521955450429,1.1519163907276468
86.0,288.0,1225.2568359375,-3.332239677192647,1.4776585736031769,1.735005102395289,1.872051649248676,0.785279979854354,-1.3011711607622238,-1.0885462471165248,2.122891214782172,2.584521955450429,1.1519225961432058
86.0,288.0,1225.2569580078125,-3.332239677192041,1.4776585613214108,1.735005102395289,1.8720516492488617,0.7852989018640115,-1.3011711607622238,-1.0885462154354877,2.1228912147822,2.584521955450429,1.1521764532576404
86.0,288.0,1225.26123046875,-3.33223964014148,1.4487353896986548,1.7350051037211685,1.872051649304685,0.7852984803904776,-1.319914838205326,-1.0885488942075885,2.122891214782172,2.584521955450429,1.152180049773562
86.0,288.0,1225.26513671875,-3.3322396779655508,1.4471727983335136,1.735005102395289,1.8720516492508568,0.7852984803346041,-1.319752141513461,-1.0885488942075885,2.122891214782172,2.584521955450429,1.152180049773562
86.0,288.0,1225.296875,-3.3322387973641074,1.477658581922916,1.735005102395289,1.8720516492482384,0.785279979854354,-1.3197522629046758,-1.0770710353997366,2.122891214782172,2.584521955450429,1.1521558660619815
86.0,288.0,1225.296875,-3.3322387973641074,1.477658581922916,1.735005102395289,1.8720516492482384,0.785279979854354,-1.3197522629046758,-1.0770710353997366,2.122891214782172,2.584521955450429,1.1521558660619815
86.0,288.0,1225.3001708984375,-3.3322388370019467,1.4776585798419686,1.735004573206469,1.872051649207336,0.785279979854354,-1.3197525027146564,-1.0714444789319524,2.122891214792105,2.5845584607500847,1.1522550486115926
86.0,288.0,1225.3001708984375,-3.3322388370019467,1.4776585798419686,1.735004573206469,1.872051649207336,0.785279979854354,-1.3197525027146564,-1.0714444789319524,2.122891214792105,2.5845584607500847,1.1522550486115926
86.0,288.0,1225.3173828125,-3.332239677192647,1.4796198485140384,1.735005102395289,1.8720516492996229,0.785279979854354,-1.3009241073815687,-1.0885461207839686,2.122891214782172,2.584521955450429,1.1521823335637884
86.0,288.0,1225.3330078125,-3.33236180100663,1.4776585365168011,1.7350050607746808,1.8720516492577224,0.7852976701484908,-1.3192923366359983,-1.0885461318820668,2.122891214779353,2.584495887189443,1.1516136767724394
86.0,289.0,1224.72509765625,-3.328316642889652,1.4487627654980255,1.7350050599493618,1.8720516492486527,0.7852982992076531,-1.3019802177864737,-1.0887782044272991,2.122891214782172,2.584521955450429,1.1521575891281788
86.0,289.0,1224.7303466796875,-3.3322385114496247,1.4326429361424444,1.735005102395289,1.8720516501781368,0.785279979854354,-1.3005154477094234,-1.0885494371019764,2.122891214782172,2.584521955450429,1.151663507941028
86.0,289.0,1224.7347412109375,-3.3322396393438707,1.443515752630621,1.7350051181024118,1.8720516492487849,0.7852794286166246,-1.3011395521807565,-1.0885489297825772,2.122891214782172,2.584350656338583,1.152150921382674
86.0,289.0,1224.746337890625,-3.332239677192647,1.4326429361424444,1.735005102395289,1.872051649248846,0.785279979854354,-1.3011395521807565,-1.0885489295321271,2.122891214782172,2.584521955450429,1.152150921382674
86.0,289.0,1224.746337890625,-3.332239677192647,1.4326429361424444,1.735005102395289,1.872051649248846,0.785279979854354,-1.3011395521807565,-1.0885489295321271,2.122891214782172,2.584521955450429,1.152150921382674
86.0,289.0,1224.74951171875,-3.332239696699364,1.4341226269244958,1.7350050988226011,1.8720516492490649,0.785279979854354,-1.301826763783691,-1.0885460578300687,2.122891214782172,2.584521955450429,1.1521443945463932
86.0,289.0,1224.7855224609375,-3.332238803193732,1.4336327149796102,1.735005102395289,1.8720516491907853,0.7852800086190302,-1.3017971578748064,-1.0770967881442448,2.122891214782172,2.584521955450429,1.1516287976757869
86.0,289.0,1224.836669921875,-3.3322387973641074,1.4487642673892374,1.735005102395289,1.8720516492482384,0.7852809921194935,-1.3018303363804529,-1.0770967881442448,2.122891214782172,2.584521955450429,1.1521537038400045
86.0,289.0,1224.929931640625,-3.332238554966235,1.450999861921582,1.735005102395289,1.8720516492484227,0.7714209020326861,-1.302009577100716,-1.0885488496539768,2.122891214782172,2.584521955450429,1.1519276421974871
86.0,289.0,1225.1353759765625,-3.3322387973641074,1.4487642673892374,1.735005102395289,1.8720516492482384,0.7852809921194935,-1.3197522629046758,-1.0770710353997366,2.122891214782172,2.584521955450429,1.1521558660619815
86.0,289.0,1225.2110595703125,-3.3281411160740686,1.477658579713666,1.7350051006481253,1.8720516492486443,0.7852518489673255,-1.3024407168835614,-1.0885017327065265,2.12289121478165,2.584522021079058,1.1516719996149465
86.0,289.0,1225.21142578125,-3.3281411160740686,1.4776585863179394,1.7350051006481253,1.8720516492486443,0.7852988204576445,-1.3024407168835614,-1.0885017327065265,2.1228912148195334,2.5845240728299497,1.1519324599248897
86.0,289.0,1225.215087890625,-3.328263325011965,1.4776580262440266,1.735004647818592,1.8720516492486443,0.7852783911900798,-1.3020073259361675,-1.0885488393715146,2.122891214756476,2.5843498104352363,1.1519324599248897
86.0,289.0,1225.215576171875,-3.328263325011965,1.477657990559577,1.7350046243668729,1.8720516492486443,0.7852988204576445,-1.3019809100299795,-1.088546002557064,2.1228912147562045,2.5843498104352363,1.1519324599248897
86.0,289.0,1225.2197265625,-3.328263325011965,1.4776585846462815,1.7350050599493618,1.8720516492486443,0.7852988204576445,-1.3019809100299795,-1.088546002557064,2.122891214782172,2.584521955450429,1.1519324599248897
86.0,289.0,1225.219970703125,-3.3282933346906574,1.4776585855978892,1.7350050599493618,1.8720516492486527,0.7852982992076531,-1.3019802177864737,-1.0885460824352142,2.122891214782172,2.584521955450429,1.152157539250055
86.0,289.0,1225.219970703125,-3.3282933346906574,1.4776585855978892,1.7350050599493618,1.8720516492486527,0.7852982063912302,-1.3019802177864737,-1.0885460824352142,2.122891214782172,2.584521955450429,1.152157539250055
86.0,289.0,1225.219970703125,-3.328189944145637,1.4776579869569892,1.7350046795131346,1.872051649248644,0.785279979854354,-1.3019465988030483,-1.0885462491707487,2.122891214782172,2.584521955450429,1.1519228723101664
86.0,289.0,1225.219970703125,-3.3282933346906574,1.4776585855978892,1.7350050599493618,1.8720516492486527,0.7852982063912302,-1.3019802177864737,-1.0885460824352142,2.122891214782172,2.584521955450429,1.152157539250055
86.0,289.0,1225.231201171875,-3.3322396779655508,1.4471727983335136,1.735005102395289,1.8720516492508568,0.7852794380150268,-1.319080927628508,-1.0885488942075885,2.122891214782172,2.584521955450429,1.152180049773562
86.0,289.0,1225.2325439453125,-3.328263325011965,1.4776585574292014,1.7350046243668729,1.8720516492486443,0.785299353891973,-1.301099704448088,-1.0885462469317655,2.122891214781802,2.584352199712104,1.151922691276621
86.0,289.0,1225.2330322265625,-3.332238618813701,1.476906019560523,1.7350051181024118,1.872051649248846,0.785279979854354,-1.3011395521807565,-1.0885489295321271,2.122891214782172,2.58435468144587,1.152150921382674
86.0,289.0,1225.2349853515625,-3.328189944145637,1.4776585736031769,1.7350051205307695,1.872051649248667,0.785279979854354,-1.3011711607622238,-1.0885462471165248,2.122891214782172,2.584521955450429,1.1519225961432058
86.0,289.0,1225.2352294921875,-3.32838270090842,1.4776585851355526,1.7350050691557126,1.8720516492491448,0.785279979854354,-1.3011958314821257,-1.0885462471165248,2.122891214782172,2.5845218292116345,1.1519225961432058
86.0,289.0,1225.2373046875,-3.332396067594436,1.4776849644528955,1.7350051006481253,1.8720516492486443,0.7852988204576445,-1.3024407168835614,-1.0885017327065265,2.1228912147862027,2.584526124389823,1.1519344674121406
86.0,289.0,1225.2392578125,-3.332313058058975,1.477657990559577,1.7350046062313922,1.8720516492486443,0.7852988204576445,-1.3019809100299795,-1.088546002557064,2.1228912147562045,2.5843498104352363,1.1519324599248897
86.0,289.0,1225.24169921875,-3.3322396251272286,1.477658569968158,1.735005064002929,1.8720516492481047,0.7852979898933939,-1.3020148243425649,-1.088547996516385,2.122891214782632,2.584521955450429,1.151870097609439
86.0,289.0,1225.24169921875,-3.33223967719202,1.4776585613214108,1.735005102395289,1.872051649248324,0.785279979854354,-1.3020133372676022,-1.0885462154354877,2.1228912147822,2.584521955450429,1.1519271353499156
86.0,289.0,1225.2418212890625,-3.332239677192647,1.4776585736031769,1.735005102395289,1.87205164925374,0.785279979854354,-1.30200888485721,-1.0885462471165248,2.122891214782172,2.584521955450429,1.1519324599248897
86.0,289.0,1225.2418212890625,-3.332238540637153,1.4776585846462815,1.7350050608833356,1.87205164925374,0.7852988204576445,-1.30200888485721,-1.088546002557064,2.122891214782172,2.584521955450429,1.1519324599248897
86.0,289.0,1225.2418212890625,-3.332239677192647,1.4776585736031769,1.735005102395289,1.87205164925374,0.7852800726707769,-1.30200888485721,-1.0885462471165248,2.122891214782172,2.584521955450429,1.1519324599248897
86.0,289.0,1225.2418212890625,-3.332239677192647,1.4776585737040018,1.735005102395289,1.8720516492534829,0.785279979854354,-1.30200888485721,-1.0885462471165248,2.122891214782172,2.584521955450429,1.1519324599248897
86.0,289.0,1225.2418212890625,-3.3321703933798337,1.4776585840122984,1.7350050599493618,1.8720516492486527,0.7852982992076531,-1.3019802177864737,-1.0885460824352142,2.122891214782172,2.5845130108030183,1.152157539250055
86.0,289.0,1225.241943359375,-3.332239677192647,1.4776585736031769,1.735005102395289,1.8720516492483537,0.785279979854354,-1.30200888485721,-1.0885489295321271,2.122891214782172,2.584521955450429,1.152150921382674
86.0,289.0,1225.241943359375,-3.332239677192647,1.4776585924683854,1.735005102395289,1.8720516502298072,0.785279979854354,-1.30200888485721,-1.088549809025029,2.122891214755505,2.584522180406796,1.1521596233961924
86.0,289.0,1225.241943359375,-3.3322385664864465,1.4776585834069311,1.735005102395289,1.8720516502298072,0.785279979854354,-1.30200888485721,-1.0885498267903564,2.1228912147822188,2.5845219597919376,1.1521596233961924
86.0,289.0,1225.2425537109375,-3.332239677192647,1.477658537918727,1.7350050789435696,1.8720516492483537,0.7853004091219189,-1.301982468951022,-1.0885460927176764,2.122891214781901,2.584521955450429,1.152150921382674
86.0,289.0,1225.24267578125,-3.3322096675139545,1.4776585726515696,1.735005102395289,1.8720516492483448,0.7714209020326861,-1.302009577100716,-1.0885488496539768,2.122891214782172,2.584521955450429,1.1519258420575087
86.0,289.0,1225.2440185546875,-3.33223959250896,1.477658579652359,1.735005102395289,1.872051649262847,0.7857278469590979,-1.302009577100716,-1.0885488496539768,2.122891214782172,2.584521955450429,1.1517042038852536
86.0,289.0,1225.24462890625,-3.3322396403135226,1.477658569968158,1.735005064002929,1.8720516492482384,0.7852979898933939,-1.3018432599520704,-1.088547996516385,2.122891214782632,2.584521955450429,1.1518697880619566
86.0,289.0,1225.24462890625,-3.3322396403135226,1.477658569968158,1.735005064002929,1.8720516492482384,0.7852979898933939,-1.3018432599520704,-1.088547996516385,2.122891214782632,2.584521955450429,1.1518697880619566
86.0,289.0,1225.244873046875,-3.332238555823447,1.4776585846462815,1.7350050608833356,1.872051649253873,0.7852988204576445,-1.3018373204667155,-1.088546002557064,2.122891214782172,2.584521955450429,1.1519321503774074
86.0,289.0,1225.24755859375,-3.332239678943005,1.477658569968158,1.7350050626770497,1.872051649248732,0.7852979898933939,-1.3016806849386604,-1.088547996516385,2.122891214782632,2.584521955450429,1.1518697880619566
86.0,289.0,1225.2510986328125,-3.3322396787709616,1.4490095069411466,1.7350051014987355,1.872051649249838,0.7852976669718349,-1.319752263191916,-1.0885486182721744,2.1228912147858607,2.584521955450429,1.152180049773562
86.0,289.0,1225.2528076171875,-3.332313058058975,1.4776585772057644,1.735005047249027,1.8720516492486672,0.7852988204576445,-1.3012054719891553,-1.0885460005028398,2.1228912147562045,2.5843498104352363,1.151932183757929
86.0,289.0,1225.2530517578125,-3.332239677264536,1.4487353896986548,1.735005102395289,1.8720516492993005,0.7852984803904776,-1.319752141513461,-1.0885488942075885,2.122891214782172,2.584521955450429,1.152180049773562
86.0,289.0,1225.2530517578125,-3.3322396787709616,1.4487353896986548,1.735005102395289,1.8720516493051784,0.7852984803904776,-1.319752263191916,-1.0885488942075885,2.122891214782172,2.584521955450429,1.152180049773562
86.0,289.0,1225.2530517578125,-3.3322396787709616,1.4487353896986548,1.7350051024252913,1.872051649249838,0.7852984911259537,-1.319752263191916,-1.0885488942075885,2.122891214782172,2.584521955450429,1.152180049773562
86.0,289.0,1225.2530517578125,-3.3322396787709616,1.4487353896986548,1.7350050633323697,1.8720516493051784,0.7852984803904776,-1.319752263191916,-1.0885488966374908,2.122891214782172,2.584521955450429,1.152180049773562
86.0,289.0,1225.2562255859375,-3.332238479087779,1.4776585736031769,1.7350051033292628,1.8720516492537624,0.785279979854354,-1.301199135589454,-1.0885462471165248,2.122891214782172,2.584521955450429,1.1519225961432058
86.0,290.0,1224.71923828125,-3.328316642889652,1.4487627654980255,1.7350051037716383,1.8720516492486527,0.7852788198650047,-1.3004739870038229,-1.0885509724120883,2.122891214782172,2.584521955450429,1.1516551889318274
86.0,290.0,1224.72509765625,-3.328316642889652,1.4487627654980255,1.7350050599493618,1.8720516492486527,0.7852982992076531,-1.3019802177864737,-1.0887782044272991,2.122891214782172,2.584521955450429,1.1521575891281788
86.0,290.0,1224.7303466796875,-3.3322385114496247,1.4326429361424444,1.735005102395289,1.8720516501781368,0.785279979854354,-1.3005154477094234,-1.0885494371019764,2.122891214782172,2.584521955450429,1.151663507941028
86.0,290.0,1224.7347412109375,-3.3322396393438707,1.443515752630621,1.7350051181024118,1.8720516492487849,0.7852794286166246,-1.3011395521807565,-1.0885489297825772,2.122891214782172,2.584350656338583,1.152150921382674
86.0,290.0,1224.7384033203125,-3.332239677192647,1.4344969198529665,1.735005102395289,1.8720516492482464,0.785279979854354,-1.3011395521807565,-1.0885489295321271,2.122891214782172,2.584521955450429,1.152150765538275
86.0,290.0,1224.7425537109375,-3.3322385114496247,1.446880528109018,1.735005102395289,1.8720516501781368,0.7852800352749149,-1.3005154477094234,-1.0885494371019764,2.122891214782172,2.584521955450429,1.151663507941028
86.0,290.0,1224.7462158203125,-3.332239696699364,1.4341226269244958,1.735005098960033,1.87205164924903,0.785279979854354,-1.3018301220721753,-1.0885460567199106,2.122891214782172,2.584521955450429,1.1519325805352607
86.0,290.0,1224.746337890625,-3.332239677192647,1.4326429361424444,1.735005102395289,1.872051649248846,0.785279979854354,-1.3011395521807565,-1.0885489295321271,2.122891214782172,2.584521955450429,1.152150921382674
86.0,290.0,1224.746337890625,-3.332239677192647,1.4326429361424444,1.735005102395289,1.872051649248846,0.785279979854354,-1.3011395521807565,-1.0885489295321271,2.122891214782172,2.584521955450429,1.152150921382674
86.0,290.0,1224.74951171875,-3.332239696699364,1.4341226269244958,1.7350050988226011,1.8720516492490649,0.785279979854354,-1.301826763783691,-1.0885460578300687,2.122891214782172,2.584521955450429,1.1521443945463932
86.0,290.0,1224.764892578125,-3.3322385558229373,1.4493876145823164,1.7350050608833356,1.8720516492483088,0.7852988204576445,-1.3018373204667155,-1.088546002557064,2.122891214782172,2.584521955450429,1.1519276385973365
86.0,290.0,1224.7667236328125,-3.332239677192647,1.4495678377713934,1.735005102395289,1.8720516492484007,0.7852800726707769,-1.30200888485721,-1.088601978092399,2.122891214782172,2.584521955450429,1.151925088840797
86.0,290.0,1224.7855224609375,-3.332238803193732,1.4336327149796102,1.735005102395289,1.8720516491907853,0.7852800086190302,-1.3017971578748064,-1.0770967881442448,2.122891214782172,2.584521955450429,1.1516287976757869
86.0,290.0,1224.8072509765625,-3.332238802292023,1.4439945358782795,1.7350051186657722,1.8720516492492776,0.7852800086190302,-1.30114477075389,-1.0770967881442448,2.122891214782172,2.584521955450429,1.1521575639341914
86.0,290.0,1224.836669921875,-3.3322387973641074,1.4487642673892374,1.735005102395289,1.8720516492482384,0.7852809921194935,-1.3018303363804529,-1.0770967881442448,2.122891214782172,2.584521955450429,1.1521537038400045
86.0,290.0,1224.929931640625,-3.332238554966235,1.450999861921582,1.735005102395289,1.8720516492484227,0.7714209020326861,-1.302009577100716,-1.0885488496539768,2.122891214782172,2.584521955450429,1.1519276421974871
86.0,290.0,1225.021728515625,-3.3322397679312483,1.431631434714678,1.735005102395289,1.8720516492484105,0.7714209020326861,-1.3020120302812264,-1.0885489304799771,2.122891214782172,2.584521955450429,1.151933871935585
86.0,290.0,1225.1353759765625,-3.3322387973641074,1.4487642673892374,1.735005102395289,1.8720516492482384,0.7852809921194935,-1.3197522629046758,-1.0770710353997366,2.122891214782172,2.584521955450429,1.1521558660619815
86.0,290.0,1225.1456298828125,-3.3322387973641074,1.446910283678715,1.735005102395289,1.8720516492488373,0.7852809921194935,-1.3197522629046758,-1.0770710353997366,2.122891214782172,2.584521955450429,1.152156021906381
86.0,290.0,1225.2110595703125,-3.3281411160740686,1.477658579713666,1.7350051006481253,1.8720516492486443,0.7852518489673255,-1.3024407168835614,-1.0885017327065265,2.12289121478165,2.584522021079058,1.1516719996149465
86.0,290.0,1225.2113037109375,-3.328142456771264,1.4776585846701555,1.7350050952972278,1.8720516492486443,0.7852518489673255,-1.3024407168835614,-1.0885017327065265,2.12289121478165,2.584522019454887,1.1519281414213614
86.0,290.0,1225.21142578125,-3.3281411160740686,1.4776585863179394,1.7350051006481253,1.8720516492486443,0.7852988204576445,-1.3024407168835614,-1.0885017327065265,2.1228912148195334,2.5845240728299497,1.1519324599248897
86.0,290.0,1225.2115478515625,-3.3281520297847065,1.477658586465186,1.7350051006481253,1.8720516492486183,0.785298840147617,-1.3024407168835614,-1.0885023820552786,2.1228912148191013,2.584524034829702,1.1519297864379945
86.0,290.0,1225.215087890625,-3.328263325011965,1.4776580262440266,1.735004647818592,1.8720516492486443,0.7852783911900798,-1.3020073259361675,-1.0885488393715146,2.122891214756476,2.5843498104352363,1.1519324599248897
86.0,290.0,1225.215576171875,-3.328263325011965,1.477657990559577,1.7350046243668729,1.8720516492486443,0.7852988204576445,-1.3019809100299795,-1.088546002557064,2.1228912147562045,2.5843498104352363,1.1519324599248897
86.0,290.0,1225.215576171875,-3.3282640388444533,1.477657990559577,1.7350046243668729,1.8720516492486443,0.7852988204576445,-1.3019809100299795,-1.088546002557064,2.1228912147562045,2.5843498104352363,1.1519324599248897
86.0,290.0,1225.21875,-3.328189944145637,1.4776579824820508,1.7350046795131346,1.872051649248644,0.785279979854354,-1.3020068575402235,-1.088546249136147,2.122891214782172,2.584521955450429,1.151923236079236
86.0,290.0,1225.2197265625,-3.328263325011965,1.4776585846462815,1.7350050599493618,1.8720516492486443,0.7852988204576445,-1.3019809100299795,-1.088546002557064,2.122891214782172,2.584521955450429,1.1519324599248897
86.0,290.0,1225.219970703125,-3.3282933346906574,1.4776585855978892,1.7350050599493618,1.8720516492486527,0.7852982992076531,-1.3019802177864737,-1.0885460824352142,2.122891214782172,2.584521955450429,1.152157539250055
86.0,290.0,1225.219970703125,-3.3282933346906574,1.4776585855978892,1.7350050599493618,1.8720516492486527,0.7852982063912302,-1.3019802177864737,-1.0885460824352142,2.122891214782172,2.584521955450429,1.152157539250055
86.0,290.0,1225.219970703125,-3.328189944145637,1.4776579869569892,1.7350046795131346,1.872051649248644,0.785279979854354,-1.3019465988030483,-1.0885462491707487,2.122891214782172,2.584521955450429,1.1519228723101664
86.0,290.0,1225.219970703125,-3.3282933346906574,1.4776585855978892,1.7350050599493618,1.8720516492486527,0.7852982063912302,-1.3019802177864737,-1.0885460824352142,2.122891214782172,2.584521955450429,1.152157539250055
86.0,290.0,1225.231201171875,-3.3322396779655508,1.4471727983335136,1.735005102395289,1.8720516492508568,0.7852794380150268,-1.319080927628508,-1.0885488942075885,2.122891214782172,2.584521955450429,1.152180049773562
86.0,290.0,1225.2325439453125,-3.328263325011965,1.4776585574292014,1.7350046243668729,1.8720516492486443,0.785299353891973,-1.301099704448088,-1.0885462469317655,2.122891214781802,2.584352199712104,1.151922691276621
86.0,290.0,1225.2330322265625,-3.332238618813701,1.476906019560523,1.7350051181024118,1.872051649248846,0.785279979854354,-1.3011395521807565,-1.0885489295321271,2.122891214782172,2.58435468144587,1.152150921382674
86.0,290.0,1225.2349853515625,-3.328189944145637,1.4776585736031769,1.7350051205307695,1.872051649248667,0.785279979854354,-1.3011711607622238,-1.0885462471165248,2.122891214782172,2.584521955450429,1.1519225961432058
86.0,290.0,1225.2352294921875,-3.32838270090842,1.4776585851355526,1.7350050691557126,1.8720516492491448,0.785279979854354,-1.3011958314821257,-1.0885462471165248,2.122891214782172,2.5845218292116345,1.1519225961432058
86.0,290.0,1225.2373046875,-3.332396067594436,1.4776849644528955,1.7350051006481253,1.8720516492486443,0.7852988204576445,-1.3024407168835614,-1.0885017327065265,2.1228912147862027,2.584526124389823,1.1519344674121406
86.0,290.0,1225.238037109375,-3.33223974381734,1.4776585970506964,1.7350050608833356,1.87205164925374,0.7852988204576445,-1.30200888485721,-1.088546002557064,2.122891214782172,2.5843401753733235,1.1519324599248897
86.0,290.0,1225.2392578125,-3.332313058058975,1.477657990559577,1.7350046062313922,1.8720516492486443,0.7852988204576445,-1.3019809100299795,-1.088546002557064,2.1228912147562045,2.5843498104352363,1.1519324599248897
86.0,290.0,1225.24169921875,-3.3322396251272286,1.477658569968158,1.735005064002929,1.8720516492481047,0.7852979898933939,-1.3020148243425649,-1.088547996516385,2.122891214782632,2.584521955450429,1.151870097609439
86.0,290.0,1225.24169921875,-3.33223967719202,1.4776585613214108,1.735005102395289,1.872051649248324,0.785279979854354,-1.3020133372676022,-1.0885462154354877,2.1228912147822,2.584521955450429,1.1519271353499156
86.0,290.0,1225.24169921875,-3.332239677992378,1.4776585700647258,1.735005064002929,1.8720516492472865,0.7852772933149358,-1.3020092012092723,-1.0885479221805898,2.12289121478216,2.584521955450429,1.1518697880619566
86.0,290.0,1225.24169921875,-3.332228711416591,1.4776585698209117,1.735005064002929,1.872051649248131,0.7852979702034214,-1.3020148243425649,-1.0885473471676326,2.1228912147830634,2.584521993450677,1.151872771096334
86.0,290.0,1225.2418212890625,-3.332239677192647,1.4776585736031769,1.735005102395289,1.87205164925374,0.785279979854354,-1.30200888485721,-1.0885462471165248,2.122891214782172,2.584521955450429,1.1519324599248897
86.0,290.0,1225.2418212890625,-3.332238540637153,1.4776585846462815,1.7350050608833356,1.87205164925374,0.7852988204576445,-1.30200888485721,-1.088546002557064,2.122891214782172,2.584521955450429,1.1519324599248897
86.0,290.0,1225.2418212890625,-3.332239677192647,1.4776585736031769,1.735005102395289,1.87205164925374,0.7852800726707769,-1.30200888485721,-1.0885462471165248,2.122891214782172,2.584521955450429,1.1519324599248897
86.0,290.0,1225.2418212890625,-3.332239677192647,1.4776585737040018,1.735005102395289,1.8720516492534829,0.785279979854354,-1.30200888485721,-1.0885462471165248,2.122891214782172,2.584521955450429,1.1519324599248897
86.0,290.0,1225.2418212890625,-3.3321703933798337,1.4776585840122984,1.7350050599493618,1.8720516492486527,0.7852982992076531,-1.3019802177864737,-1.0885460824352142,2.122891214782172,2.5845130108030183,1.152157539250055
86.0,290.0,1225.241943359375,-3.332239677192647,1.4776585736031769,1.735005102395289,1.8720516492483537,0.785279979854354,-1.30200888485721,-1.0885489295321271,2.122891214782172,2.584521955450429,1.152150921382674
86.0,291.0,1224.71923828125,-3.328316642889652,1.4487627654980255,1.7350051037716383,1.8720516492486527,0.7852788198650047,-1.3004739870038229,-1.0885509724120883,2.122891214782172,2.584521955450429,1.1516551889318274
86.0,291.0,1224.7237548828125,-3.32838270090842,1.448700433437384,1.7350050691557126,1.8720516492491448,0.785279979854354,-1.3020406656157877,-1.0885462523670597,2.122891214782172,2.5845218292116345,1.1519225961432058
86.0,291.0,1224.72509765625,-3.328316642889652,1.4487627654980255,1.7350050599493618,1.8720516492486527,0.7852982992076531,-1.3019802177864737,-1.0887782044272991,2.122891214782172,2.584521955450429,1.1521575891281788
86.0,291.0,1224.7261962890625,-3.328316642889652,1.4487627654980255,1.7350050599493618,1.8720516492486527,0.7852982992076531,-1.3020214054818682,-1.0885094488696514,2.122891214782172,2.584521955450429,1.1521625409149063
86.0,291.0,1224.7274169921875,-3.3283450277890925,1.4493876145823164,1.7350050605341871,1.8720516492483088,0.7852988204576445,-1.3017485751766928,-1.0885507668191268,2.122891214782172,2.584521955450429,1.1519276385973365
86.0,291.0,1224.728515625,-3.3281520297847065,1.4494219097920606,1.7350051006481253,1.8720516492486183,0.7852814647191789,-1.3024407168835614,-1.0885023820552786,2.1228912148191013,2.584524028435709,1.1519311182452343
86.0,291.0,1224.7303466796875,-3.3322385114496247,1.4326429361424444,1.735005102395289,1.8720516501781368,0.785279979854354,-1.3005154477094234,-1.0885494371019764,2.122891214782172,2.584521955450429,1.151663507941028
86.0,291.0,1224.7347412109375,-3.3322396393438707,1.443515752630621,1.7350051181024118,1.8720516492487849,0.7852794286166246,-1.3011395521807565,-1.0885489297825772,2.122891214782172,2.584350656338583,1.152150921382674
86.0,291.0,1224.736572265625,-3.332238506316727,1.43301533024077,1.735005118689917,1.8720516501781368,0.785279979854354,-1.3011052340797358,-1.088549414136308,2.122891214782172,2.584520578891688,1.151663507941028
86.0,291.0,1224.7384033203125,-3.332239677192647,1.4344969198529665,1.735005102395289,1.8720516492482464,0.785279979854354,-1.3011395521807565,-1.0885489295321271,2.122891214782172,2.584521955450429,1.152150765538275
86.0,291.0,1224.7425537109375,-3.3322385114496247,1.446880528109018,1.735005102395289,1.8720516501781368,0.7852800352749149,-1.3005154477094234,-1.0885494371019764,2.122891214782172,2.584521955450429,1.151663507941028
86.0,291.0,1224.7462158203125,-3.332239696699364,1.4341226269244958,1.735005098960033,1.87205164924903,0.785279979854354,-1.3018301220721753,-1.0885460567199106,2.122891214782172,2.584521955450429,1.1519325805352607
86.0,291.0,1224.7462158203125,-3.332239696699364,1.4341226269244958,1.735005098811364,1.87205164924903,0.785279979854354,-1.301826763783691,-1.0885460578300687,2.122891214782172,2.584521955450429,1.1519303782207406
86.0,291.0,1224.746337890625,-3.332239677192647,1.4326429361424444,1.735005102395289,1.872051649248846,0.785279979854354,-1.3011395521807565,-1.0885489295321271,2.122891214782172,2.584521955450429,1.152150921382674
86.0,291.0,1224.746337890625,-3.332239677192647,1.4326429361424444,1.735005102395289,1.872051649248846,0.785279979854354,-1.3011395521807565,-1.0885489295321271,2.122891214782172,2.584521955450429,1.152150921382674
86.0,291.0,1224.746337890625,-3.3322397119103164,1.4341226269244958,1.735005098960033,1.872051649248314,0.785279979854354,-1.301837362823671,-1.0885460564546336,2.122891214782172,2.584521955450429,1.151927822649624
86.0,291.0,1224.746337890625,-3.332239660651614,1.4326429361424444,1.7350051027875573,1.872051649248846,0.785279979854354,-1.3011395521807565,-1.0885489295321271,2.122891214782172,2.584521955450429,1.1521514644336792
86.0,291.0,1224.74951171875,-3.332239696699364,1.4341226269244958,1.7350050988226011,1.8720516492490649,0.785279979854354,-1.301826763783691,-1.0885460578300687,2.122891214782172,2.584521955450429,1.1521443945463932
86.0,291.0,1224.74951171875,-3.332239696699364,1.4341226269244958,1.7350050988226011,1.8720516492490649,0.785279979854354,-1.301826763783691,-1.0885460578300687,2.122891214782172,2.584521955450429,1.1521443945463932
86.0,291.0,1224.7496337890625,-3.332239696699364,1.4341226269244958,1.7350050989712702,1.8720516492490649,0.785279979854354,-1.3018301220721753,-1.0885460567199106,2.122891214782172,2.584521955450429,1.1521465968609133
86.0,291.0,1224.750732421875,-3.332239677192647,1.433709643556237,1.735005102395289,1.8720516492482464,0.7852799799086911,-1.3017771687420638,-1.0885489295321271,2.122891214782172,2.584521955450429,1.152150765538275
86.0,291.0,1224.764892578125,-3.3322385558229373,1.4493876145823164,1.7350050608833356,1.8720516492483088,0.7852988204576445,-1.3018373204667155,-1.088546002557064,2.122891214782172,2.584521955450429,1.1519276385973365
86.0,291.0,1224.764892578125,-3.3322385406119843,1.4493876145823164,1.7350050608833356,1.872051649249025,0.7852988204576445,-1.30183007971522,-1.0885460028223408,2.122891214782172,2.584521955450429,1.151932396482973
86.0,291.0,1224.7667236328125,-3.332239677192647,1.4495678377713934,1.735005102395289,1.8720516492484007,0.7852800726707769,-1.30200888485721,-1.088601978092399,2.122891214782172,2.584521955450429,1.151925088840797
86.0,291.0,1224.7777099609375,-3.332238803193732,1.4344199912763391,1.735005102395289,1.8720516491907853,0.7852800085646932,-1.301159541313499,-1.0776434738687544,2.122891214782172,2.584521955450429,1.1516287976757869
86.0,291.0,1224.7855224609375,-3.332238803193732,1.4336327149796102,1.735005102395289,1.8720516491907853,0.7852800086190302,-1.3017971578748064,-1.0770967881442448,2.122891214782172,2.584521955450429,1.1516287976757869
86.0,291.0,1224.786376953125,-3.3322361759120254,1.4336327149796102,1.735005102395289,1.8720516491891432,0.7852799341363625,-1.3019752624424157,-1.0770967881442448,2.122891214782172,2.584521955450429,1.1516317829353573
86.0,291.0,1224.80712890625,-3.332238818833056,1.4439945358782795,1.735005118273504,1.8720516492492776,0.7852800086190302,-1.30114477075389,-1.0770967881442448,2.122891214782172,2.584521955450429,1.1521570208831864
86.0,291.0,1224.8072509765625,-3.332238802292023,1.4439945358782795,1.7350051186657722,1.8720516492492776,0.7852800086190302,-1.30114477075389,-1.0770967881442448,2.122891214782172,2.584521955450429,1.1521575639341914
86.0,291.0,1224.8216552734375,-3.3322012587668173,1.4471167318035794,1.7350046186028791,1.8720516492482475,0.7852811573990334,-1.3018303363804529,-1.0770967881442448,2.1228912147559056,2.584521955450429,1.1519068012435134
86.0,291.0,1224.8260498046875,-3.3322388929795754,1.446910283678715,1.735005102395289,1.8720516492488373,0.7852809921194935,-1.3009598463621963,-1.0772493495298252,2.122891214782172,2.584521955450429,1.152156021906381
86.0,291.0,1224.836669921875,-3.3322387973641074,1.4487642673892374,1.735005102395289,1.8720516492482384,0.7852809921194935,-1.3018303363804529,-1.0770967881442448,2.122891214782172,2.584521955450429,1.1521537038400045
86.0,291.0,1224.92333984375,-3.332238555301712,1.450999861921582,1.735005102395289,1.8720516492484227,0.7716646797634775,-1.3003802374611677,-1.0885488496539768,2.122891214782172,2.584521955450429,1.1519334314672574
86.0,291.0,1224.929931640625,-3.332238554966235,1.450999861921582,1.735005102395289,1.8720516492484227,0.7714209020326861,-1.302009577100716,-1.0885488496539768,2.122891214782172,2.584521955450429,1.1519276421974871
86.0,291.0,1225.021728515625,-3.3322397679312483,1.431631434714678,1.735005102395289,1.8720516492484105,0.7714209020326861,-1.3020120302812264,-1.0885489304799771,2.122891214782172,2.584521955450429,1.151933871935585
86.0,291.0,1225.021728515625,-3.3322397679312483,1.431631434714678,1.735005102395289,1.8720516492484105,0.7714209020326861,-1.3020120302812264,-1.0885489304799771,2.122891214782172,2.584521955450429,1.151933871935585
86.0,291.0,1225.02197265625,-3.3322397679312483,1.431631434714678,1.7350046210263903,1.8720516492484105,0.7714209020326861,-1.3020120302812264,-1.0885489304799771,2.122891214756521,2.5843495860606924,1.1519323964938262
86.0,291.0,1225.1353759765625,-3.3322387973641074,1.4487642673892374,1.735005102395289,1.8720516492482384,0.7852809921194935,-1.3197522629046758,-1.0770710353997366,2.122891214782172,2.584521955450429,1.1521558660619815
86.0,291.0,1225.1456298828125,-3.3322387973641074,1.446910283678715,1.735005102395289,1.8720516492488373,0.7852809921194935,-1.3197522629046758,-1.0770710353997366,2.122891214782172,2.584521955450429,1.152156021906381
86.0,291.0,1225.2110595703125,-3.3281411160740686,1.477658579713666,1.7350051006481253,1.8720516492486443,0.7852518489673255,-1.3024407168835614,-1.0885017327065265,2.12289121478165,2.584522021079058,1.1516719996149465
86.0,291.0,1225.2113037109375,-3.328142456771264,1.4776585846701555,1.7350050952972278,1.8720516492486443,0.7852518489673255,-1.3024407168835614,-1.0885017327065265,2.12289121478165,2.584522019454887,1.1519281414213614
86.0,291.0,1225.21142578125,-3.3281411160740686,1.4776585863179394,1.7350051006481253,1.8720516492486443,0.7852988204576445,-1.3024407168835614,-1.0885017327065265,2.1228912148195334,2.5845240728299497,1.1519324599248897
86.0,291.0,1225.2115478515625,-3.3281520297847065,1.477658586465186,1.7350051006481253,1.8720516492486183,0.785298840147617,-1.3024407168835614,-1.0885023820552786,2.1228912148191013,2.584524034829702,1.1519297864379945
86.0,291.0,1225.215087890625,-3.328263325011965,1.4776580262440266,1.735004647818592,1.8720516492486443,0.7852783911900798,-1.3020073259361675,-1.0885488393715146,2.122891214756476,2.5843498104352363,1.1519324599248897
86.0,291.0,1225.215576171875,-3.328263325011965,1.477657990559577,1.7350046243668729,1.8720516492486443,0.7852988204576445,-1.3019809100299795,-1.088546002557064,2.1228912147562045,2.5843498104352363,1.1519324599248897
86.0,291.0,1225.215576171875,-3.3282640388444533,1.477657990559577,1.7350046243668729,1.8720516492486443,0.7852988204576445,-1.3019809100299795,-1.088546002557064,2.1228912147562045,2.5843498104352363,1.1519324599248897
86.0,291.0,1225.21875,-3.328189944145637,1.4776579824820508,1.7350046795131346,1.872051649248644,0.785279979854354,-1.3020068575402235,-1.088546249136147,2.122891214782172,2.584521955450429,1.151923236079236
86.0,291.0,1225.21875,-3.328189944145637,1.4776579824820508,1.7350046795131346,1.872051649248644,0.785279979854354,-1.3020068575402235,-1.0885462491372069,2.122891214782172,2.584521955450429,1.1519232335199914
86.0,291.0,1225.2191162109375,-3.3281411160740686,1.4776585821641248,1.7350051006481253,1.8720516492486443,0.7852988204576445,-1.3020107411365442,-1.0885017327065265,2.122891214818978,2.5845240728299497,1.1519324599248897
86.0,291.0,1225.2191162109375,-3.328263325011965,1.477657958600466,1.7350050599493618,1.8720516492486443,0.7852779651705059,-1.302006109730248,-1.088546002557064,2.122891214782172,2.584521955450429,1.1519324599248897
86.0,292.0,1224.701171875,-3.3284239420942767,1.4326429361424444,1.7350050600902716,1.872051649248846,0.7852977271851791,-1.3011395521807565,-1.0885489295321271,2.122891214782172,2.584521955450429,1.152145995695341
86.0,292.0,1224.704833984375,-3.32827331810922,1.4493876145823164,1.7350050601430402,1.8720516501654068,0.7852988204576445,-1.3017485751766928,-1.0885507668191268,2.122891214782172,2.584521955450429,1.1351957263250578
86.0,292.0,1224.71923828125,-3.328316642889652,1.4487627654980255,1.7350051037716383,1.8720516492486527,0.7852788198650047,-1.3004739870038229,-1.0885509724120883,2.122891214782172,2.584521955450429,1.1516551889318274
86.0,292.0,1224.7237548828125,-3.32838270090842,1.448700433437384,1.7350050691557126,1.8720516492491448,0.785279979854354,-1.3020406656157877,-1.0885462523670597,2.122891214782172,2.5845218292116345,1.1519225961432058
86.0,292.0,1224.7247314453125,-3.3279830825398253,1.4494219097920606,1.7350051006481253,1.8720516502574307,0.7852814647191789,-1.3010952014476287,-1.0885023820552786,2.1228912148192416,2.58452398922787,1.1519311182452343
86.0,292.0,1224.7249755859375,-3.328316642889652,1.4487627654980255,1.7350050599493618,1.8720516492486527,0.7852982992076531,-1.3019788231019311,-1.0887782044272991,2.122891214782172,2.584521955450429,1.1521575891281788
86.0,292.0,1224.72509765625,-3.328316642889652,1.4487627654980255,1.7350050599493618,1.8720516492486527,0.7852982992076531,-1.3019802177864737,-1.0887782044272991,2.122891214782172,2.584521955450429,1.1521575891281788
86.0,292.0,1224.7261962890625,-3.328316642889652,1.4487627654980255,1.7350050599493618,1.8720516492486527,0.7852982992076531,-1.3020214054818682,-1.0885094488696514,2.122891214782172,2.584521955450429,1.1521625409149063
86.0,292.0,1224.7261962890625,-3.328316642889652,1.4487627654980255,1.7350050599493618,1.8720516492486527,0.7852982992076531,-1.302022800166411,-1.0885094488696514,2.122891214782172,2.584521955450429,1.1521625409149063
86.0,292.0,1224.7274169921875,-3.3283450277890925,1.4493876145823164,1.7350050605341871,1.8720516492483088,0.7852988204576445,-1.3017485751766928,-1.0885507668191268,2.122891214782172,2.584521955450429,1.1519276385973365
86.0,292.0,1224.7283935546875,-3.3281386330297145,1.4494219097920606,1.735005102226927,1.8720516492486183,0.7852814647191789,-1.3024428435656867,-1.0885017771354868,2.1228912148191013,2.5845239219769147,1.151933934901357
86.0,292.0,1224.728515625,-3.3281520297847065,1.4494219097920606,1.7350051006481253,1.8720516492486183,0.7852814647191789,-1.3024407168835614,-1.0885023820552786,2.1228912148191013,2.584524028435709,1.1519311182452343
86.0,292.0,1224.7303466796875,-3.3322385114496247,1.4326429361424444,1.735005102395289,1.8720516501781368,0.785279979854354,-1.3005154477094234,-1.0885494371019764,2.122891214782172,2.584521955450429,1.151663507941028
86.0,292.0,1224.7347412109375,-3.3322396393438707,1.443515752630621,1.7350051181024118,1.8720516492487849,0.7852794286166246,-1.3011395521807565,-1.0885489297825772,2.122891214782172,2.584350656338583,1.152150921382674
86.0,292.0,1224.736572265625,-3.332238506316727,1.43301533024077,1.735005118689917,1.8720516501781368,0.785279979854354,-1.3011052340797358,-1.088549414136308,2.122891214782172,2.584520578891688,1.151663507941028
86.0,292.0,1224.736572265625,-3.332238506316727,1.43301533024077,1.735005118689917,1.8720516501781368,0.785279979854354,-1.3011052340797358,-1.088549414136308,2.122891214782172,2.584520578891688,1.151663507941028
86.0,292.0,1224.738037109375,-3.332239724197832,1.4326429361424444,1.735005102395289,1.872051649190214,0.785279979854354,-1.3011395521807565,-1.0885489295321271,2.122891214782172,2.584521955450429,1.151615492038342
86.0,292.0,1224.7384033203125,-3.332239677192647,1.4344969198529665,1.735005102395289,1.8720516492482464,0.785279979854354,-1.3011395521807565,-1.0885489295321271,2.122891214782172,2.584521955450429,1.152150765538275
86.0,292.0,1224.7401123046875,-3.332239696699364,1.4341226269244958,1.7350051027656097,1.8720516492490544,0.785279979854354,-1.3011551484527408,-1.0885460567199106,2.122891214782172,2.584521955450429,1.152151445182167
86.0,292.0,1224.7425537109375,-3.3322385114496247,1.446880528109018,1.735005102395289,1.8720516501781368,0.7852800352749149,-1.3005154477094234,-1.0885494371019764,2.122891214782172,2.584521955450429,1.151663507941028
86.0,292.0,1224.74609375,-3.332239696699364,1.4341226269244958,1.735005098811364,1.87205164924903,0.785279979854354,-1.301826763783691,-1.0885460578300687,2.122891214782172,2.584521955450429,1.15192789504433
86.0,292.0,1224.7462158203125,-3.332239696699364,1.4341226269244958,1.735005098960033,1.87205164924903,0.785279979854354,-1.3018301220721753,-1.0885460567199106,2.122891214782172,2.584521955450429,1.1519325805352607
86.0,292.0,1224.7462158203125,-3.332239696699364,1.4341226269244958,1.735005098811364,1.87205164924903,0.785279979854354,-1.301826763783691,-1.0885460578300687,2.122891214782172,2.584521955450429,1.1519303782207406
86.0,292.0,1224.7462158203125,-3.332239696699364,1.4341226269244958,1.735005098811364,1.87205164924903,0.785279979854354,-1.301826763783691,-1.0885460578300687,2.122891214782172,2.584521955450429,1.1519303782207406
86.0,292.0,1224.746337890625,-3.332239677192647,1.4326429361424444,1.735005102395289,1.872051649248846,0.785279979854354,-1.3011395521807565,-1.0885489295321271,2.122891214782172,2.584521955450429,1.152150921382674
86.0,292.0,1224.746337890625,-3.332239677192647,1.4326429361424444,1.735005102395289,1.872051649248846,0.785279979854354,-1.3011395521807565,-1.0885489295321271,2.122891214782172,2.584521955450429,1.152150921382674
86.0,292.0,1224.746337890625,-3.3322397119103164,1.4341226269244958,1.735005098960033,1.872051649248314,0.785279979854354,-1.301837362823671,-1.0885460564546336,2.122891214782172,2.584521955450429,1.151927822649624
86.0,292.0,1224.746337890625,-3.332239660651614,1.4326429361424444,1.7350051027875573,1.872051649248846,0.785279979854354,-1.3011395521807565,-1.0885489295321271,2.122891214782172,2.584521955450429,1.1521514644336792
86.0,292.0,1224.746337890625,-3.3322417885698745,1.4341226269244958,1.735005098960033,1.87205164924903,0.785279979854354,-1.3018301245702424,-1.0885460567199106,2.12289121475629,2.584521955450429,1.1519325805352607
86.0,292.0,1224.746337890625,-3.332239677253578,1.4326429361424444,1.7350051023993327,1.872051649248846,0.785279979854354,-1.3011395521807565,-1.0885489295321271,2.122891214782172,2.584521955450429,1.1521509256510891
86.0,292.0,1224.74951171875,-3.332239696699364,1.4341226269244958,1.7350050988226011,1.8720516492490649,0.785279979854354,-1.301826763783691,-1.0885460578300687,2.122891214782172,2.584521955450429,1.1521443945463932
86.0,292.0,1224.74951171875,-3.332239696699364,1.4341226269244958,1.7350050988226011,1.8720516492490649,0.785279979854354,-1.301826763783691,-1.0885460578300687,2.122891214782172,2.584521955450429,1.1521443945463932
86.0,292.0,1224.7496337890625,-3.332239696699364,1.4341226269244958,1.7350050989712702,1.8720516492490649,0.785279979854354,-1.3018301220721753,-1.0885460567199106,2.122891214782172,2.584521955450429,1.1521465968609133
86.0,292.0,1224.750732421875,-3.332239677192647,1.433709643556237,1.735005102395289,1.8720516492482464,0.7852799799086911,-1.3017771687420638,-1.0885489295321271,2.122891214782172,2.584521955450429,1.152150765538275
86.0,292.0,1224.7611083984375,-3.3322396393438707,1.4484676699399224,1.7350051181024118,1.8720516492487849,0.7852794286166246,-1.3019469489251936,-1.0885084538184795,2.122891214782172,2.584350656338583,1.1521509479419918
86.0,292.0,1224.764892578125,-3.3322385558229373,1.4493876145823164,1.7350050608833356,1.8720516492483088,0.7852988204576445,-1.3018373204667155,-1.088546002557064,2.122891214782172,2.584521955450429,1.1519276385973365
86.0,292.0,1224.764892578125,-3.3322385406119843,1.4493876145823164,1.7350050608833356,1.872051649249025,0.7852988204576445,-1.30183007971522,-1.0885460028223408,2.122891214782172,2.584521955450429,1.151932396482973
86.0,292.0,1224.7667236328125,-3.332239677192647,1.4495678377713934,1.735005102395289,1.8720516492484007,0.7852800726707769,-1.30200888485721,-1.088601978092399,2.122891214782172,2.584521955450429,1.151925088840797
86.0,292.0,1224.7667236328125,-3.332239677192647,1.4495678377713934,1.735005102395289,1.8720516492484007,0.7852800726707769,-1.30200888485721,-1.088601978092399,2.122891214782172,2.584521955450429,1.151928431683723
86.0,292.0,1224.7777099609375,-3.332238803193732,1.4344199912763391,1.735005102395289,1.8720516491907853,0.7852800085646932,-1.301159541313499,-1.0776434738687544,2.122891214782172,2.584521955450429,1.1516287976757869
86.0,292.0,1224.780029296875,-3.332238554966235,1.450999861921582,1.735005102395289,1.8720516492484227,0.7847339035342096,-1.30182217473334,-1.0885488496539768,2.122891214782172,2.584521955450429,1.1519276421974871
86.0,292.0,1224.7855224609375,-3.332238803193732,1.4336327149796102,1.735005102395289,1.8720516491907853,0.7852800086190302,-1.3017971578748064,-1.0770967881442448,2.122891214782172,2.584521955450429,1.1516287976757869
86.0,292.0,1224.786376953125,-3.3322361759120254,1.4336327149796102,1.735005102395289,1.8720516491891432,0.7852799341363625,-1.3019752624424157,-1.0770967881442448,2.122891214782172,2.584521955450429,1.1516317829353573
86.0,292.0,1224.788818359375,-3.332238742786954,1.4333701641711485,1.735005102415026,1.8720516491890824,0.7852799341363625,-1.3010680947676383,-1.0770967881442448,2.122891214782172,2.584521955450429,1.1521238119809416
86.0,292.0,1224.80712890625,-3.332238818833056,1.4439945358782795,1.735005118273504,1.8720516492492776,0.7852800086190302,-1.30114477075389,-1.0770967881442448,2.122891214782172,2.584521955450429,1.1521570208831864
86.0,292.0,1224.8072509765625,-3.332238802292023,1.4439945358782795,1.7350051186657722,1.8720516492492776,0.7852800086190302,-1.30114477075389,-1.0770967881442448,2.122891214782172,2.584521955450429,1.1521575639341914
86.0,292.0,1224.8216552734375,-3.3322012587668173,1.4471167318035794,1.7350046186028791,1.8720516492482475,0.7852811573990334,-1.3018303363804529,-1.0770967881442448,2.1228912147559056,2.584521955450429,1.1519068012435134
86.0,292.0,1224.8216552734375,-3.332199166896307,1.4471167318035794,1.7350046186028791,1.8720516492482475,0.7852811573990334,-1.301830333882386,-1.0770967881442448,2.122891214781787,2.584521955450429,1.1519068012435134
86.0,292.0,1224.825927734375,-3.3322388929795754,1.446910283678715,1.735005102395289,1.8720516492488373,0.7852809921194935,-1.3009598463621963,-1.0772493495298252,2.122891214782172,2.584521955450429,1.1521526790634546
86.0,292.0,1224.8260498046875,-3.3322388929795754,1.446910283678715,1.735005102395289,1.8720516492488373,0.7852809921194935,-1.3009598463621963,-1.0772493495298252,2.122891214782172,2.584521955450429,1.152156021906381
86.0,293.0,1224.69970703125,-3.328317654720124,1.4338472952779038,1.7350050971755933,1.872051649249065,0.7852988204576445,-1.3017485751766928,-1.0885507668191268,2.122891214782172,2.584521955450429,1.151927902065255
86.0,293.0,1224.701171875,-3.3284239420942767,1.4326429361424444,1.7350050600902716,1.872051649248846,0.7852977271851791,-1.3011395521807565,-1.0885489295321271,2.122891214782172,2.584521955450429,1.152145995695341
86.0,293.0,1224.704833984375,-3.32827331810922,1.4493876145823164,1.7350050601430402,1.8720516501654068,0.7852988204576445,-1.3017485751766928,-1.0885507668191268,2.122891214782172,2.584521955450429,1.1351957263250578
86.0,293.0,1224.704833984375,-3.32827331810922,1.4493876145823164,1.7350050601430402,1.8720516501654068,0.7852988204576445,-1.3017485751766928,-1.0885507668191268,2.122891214782172,2.584521955450429,1.1351957263250578
86.0,293.0,1224.70947265625,-3.328135401085345,1.446880528109018,1.7350051032266245,1.872051650198379,0.7852982492323197,-1.3004568639144884,-1.0885069108592575,2.122891214782172,2.584521955450429,1.1521639995686297
86.0,293.0,1224.71923828125,-3.328316642889652,1.4487627654980255,1.7350051037716383,1.8720516492486527,0.7852788198650047,-1.3004739870038229,-1.0885509724120883,2.122891214782172,2.584521955450429,1.1516551889318274
86.0,293.0,1224.7193603515625,-3.328316642889652,1.4487627654980255,1.7350051037716383,1.8720516500921245,0.7852799553139217,-1.3004680591778428,-1.0885493265615618,2.122891214782172,2.584521955450429,1.1516634185613663
86.0,293.0,1224.723388671875,-3.328307641633561,1.448700433437384,1.7350050691557126,1.8720516492491448,0.785279979854354,-1.3020385290768506,-1.0885075208717263,2.122891214782172,2.5845218292116345,1.1519225961432058
86.0,293.0,1224.7237548828125,-3.32838270090842,1.448700433437384,1.7350050691557126,1.8720516492491448,0.785279979854354,-1.3020406656157877,-1.0885462523670597,2.122891214782172,2.5845218292116345,1.1519225961432058
86.0,293.0,1224.7247314453125,-3.3279830825398253,1.4494219097920606,1.7350051006481253,1.8720516502574307,0.7852814647191789,-1.3010952014476287,-1.0885023820552786,2.1228912148192416,2.58452398922787,1.1519311182452343
86.0,293.0,1224.7249755859375,-3.328316642889652,1.4487627654980255,1.7350050599493618,1.8720516492486527,0.7852982992076531,-1.3019788231019311,-1.0887782044272991,2.122891214782172,2.584521955450429,1.1521575891281788
86.0,293.0,1224.72509765625,-3.328316642889652,1.4487627654980255,1.7350050599493618,1.8720516492486527,0.7852982992076531,-1.3019802177864737,-1.0887782044272991,2.122891214782172,2.584521955450429,1.1521575891281788
86.0,293.0,1224.725830078125,-3.328108100205724,1.4489705573384677,1.7350050599493618,1.8720516492486527,0.7852975734578372,-1.3019788231019311,-1.088535308007549,2.122891214782172,2.584521955450429,1.1521727781683253
86.0,293.0,1224.7261962890625,-3.328316642889652,1.4487627654980255,1.7350050599493618,1.8720516492486527,0.7852982992076531,-1.3020214054818682,-1.0885094488696514,2.122891214782172,2.584521955450429,1.1521625409149063
86.0,293.0,1224.7261962890625,-3.328316642889652,1.4487627654980255,1.7350050599493618,1.8720516492486527,0.7852982992076531,-1.302022800166411,-1.0885094488696514,2.122891214782172,2.584521955450429,1.1521625409149063
86.0,293.0,1224.7274169921875,-3.3283450277890925,1.4493876145823164,1.7350050605341871,1.8720516492483088,0.7852988204576445,-1.3017485751766928,-1.0885507668191268,2.122891214782172,2.584521955450429,1.1519276385973365
86.0,293.0,1224.7283935546875,-3.3281386330297145,1.4494219097920606,1.735005102226927,1.8720516492486183,0.7852814647191789,-1.3024428435656867,-1.0885017771354868,2.1228912148191013,2.5845239219769147,1.151933934901357
86.0,293.0,1224.728515625,-3.3281520297847065,1.4494219097920606,1.7350051006481253,1.8720516492486183,0.7852814647191789,-1.3024407168835614,-1.0885023820552786,2.1228912148191013,2.584524028435709,1.1519311182452343
86.0,293.0,1224.7303466796875,-3.3322385114496247,1.4326429361424444,1.735005102395289,1.8720516501781368,0.785279979854354,-1.3005154477094234,-1.0885494371019764,2.122891214782172,2.584521955450429,1.151663507941028
86.0,293.0,1224.7347412109375,-3.3322396393438707,1.443515752630621,1.7350051181024118,1.8720516492487849,0.7852794286166246,-1.3011395521807565,-1.0885489297825772,2.122891214782172,2.584350656338583,1.152150921382674
86.0,293.0,1224.736572265625,-3.332238506316727,1.43301533024077,1.735005118689917,1.8720516501781368,0.785279979854354,-1.3011052340797358,-1.088549414136308,2.122891214782172,2.584520578891688,1.151663507941028
86.0,293.0,1224.736572265625,-3.332238506316727,1.43301533024077,1.735005118689917,1.8720516501781368,0.785279979854354,-1.3011052340797358,-1.088549414136308,2.122891214782172,2.584520578891688,1.151663507941028
86.0,293.0,1224.73681640625,-3.3322397171221136,1.43301533024077,1.735005118689917,1.8720516501781368,0.785279979854354,-1.3011052340797358,-1.088549414136308,2.122891214782172,2.584520578891688,1.1516765987130435
86.0,293.0,1224.738037109375,-3.332239724197832,1.4326429361424444,1.735005102395289,1.872051649190214,0.785279979854354,-1.3011395521807565,-1.0885489295321271,2.122891214782172,2.584521955450429,1.151615492038342
86.0,293.0,1224.7384033203125,-3.332239677192647,1.4344969198529665,1.735005102395289,1.8720516492482464,0.785279979854354,-1.3011395521807565,-1.0885489295321271,2.122891214782172,2.584521955450429,1.152150765538275
86.0,293.0,1224.7401123046875,-3.332239696699364,1.4341226269244958,1.7350051027656097,1.8720516492490544,0.785279979854354,-1.3011551484527408,-1.0885460567199106,2.122891214782172,2.584521955450429,1.152151445182167
86.0,293.0,1224.7425537109375,-3.3322385114496247,1.446880528109018,1.735005102395289,1.8720516501781368,0.7852800352749149,-1.3005154477094234,-1.0885494371019764,2.122891214782172,2.584521955450429,1.151663507941028
86.0,293.0,1224.7451171875,-3.3321479683862374,1.4326429361424444,1.735005102395289,1.8720516492604389,0.7852800262201396,-1.3011395521807565,-1.0885489295321271,2.122891214782172,2.584521955450429,1.152150921382674
86.0,293.0,1224.74609375,-3.332239696699364,1.4341226269244958,1.735005098811364,1.87205164924903,0.785279979854354,-1.301826763783691,-1.0885460578300687,2.122891214782172,2.584521955450429,1.15192789504433
86.0,293.0,1224.74609375,-3.332238466448191,1.4326429361424444,1.7350051023993327,1.872051649248846,0.785279979854354,-1.3011395521807565,-1.0885489295321271,2.122891214782172,2.584521955450429,1.1521378348790732
86.0,293.0,1224.7462158203125,-3.332239696699364,1.4341226269244958,1.735005098960033,1.87205164924903,0.785279979854354,-1.3018301220721753,-1.0885460567199106,2.122891214782172,2.584521955450429,1.1519325805352607
86.0,293.0,1224.7462158203125,-3.332239696699364,1.4341226269244958,1.735005098811364,1.87205164924903,0.785279979854354,-1.301826763783691,-1.0885460578300687,2.122891214782172,2.584521955450429,1.1519303782207406
86.0,293.0,1224.7462158203125,-3.332239696699364,1.4341226269244958,1.735005098811364,1.87205164924903,0.785279979854354,-1.301826763783691,-1.0885460578300687,2.122891214782172,2.584521955450429,1.1519303782207406
86.0,293.0,1224.7462158203125,-3.3322397279841427,1.434133483521549,1.7350051024057005,1.87205164924903,0.785279979854354,-1.301826763783691,-1.0885460578300687,2.122891214782172,2.584521955450429,1.151937980096627
86.0,293.0,1224.746337890625,-3.332239677192647,1.4326429361424444,1.735005102395289,1.872051649248846,0.785279979854354,-1.3011395521807565,-1.0885489295321271,2.122891214782172,2.584521955450429,1.152150921382674
86.0,293.0,1224.746337890625,-3.332239677192647,1.4326429361424444,1.735005102395289,1.872051649248846,0.785279979854354,-1.3011395521807565,-1.0885489295321271,2.122891214782172,2.584521955450429,1.152150921382674
86.0,293.0,1224.746337890625,-3.3322397119103164,1.4341226269244958,1.735005098960033,1.872051649248314,0.785279979854354,-1.301837362823671,-1.0885460564546336,2.122891214782172,2.584521955450429,1.151927822649624
86.0,293.0,1224.746337890625,-3.332239660651614,1.4326429361424444,1.7350051027875573,1.872051649248846,0.785279979854354,-1.3011395521807565,-1.0885489295321271,2.122891214782172,2.584521955450429,1.1521514644336792
86.0,293.0,1224.746337890625,-3.3322417885698745,1.4341226269244958,1.735005098960033,1.87205164924903,0.785279979854354,-1.3018301245702424,-1.0885460567199106,2.12289121475629,2.584521955450429,1.1519325805352607
86.0,293.0,1224.746337890625,-3.332239677253578,1.4326429361424444,1.7350051023993327,1.872051649248846,0.785279979854354,-1.3011395521807565,-1.0885489295321271,2.122891214782172,2.584521955450429,1.1521509256510891
86.0,293.0,1224.7489013671875,-3.3322397255551914,1.4325813394945244,1.7350050990246777,1.872051649188207,0.785279979854354,-1.3018381569590016,-1.0885489295321271,2.122891214782172,2.584521955450429,1.151615492038342
86.0,293.0,1224.74951171875,-3.332239696699364,1.4341226269244958,1.7350050988226011,1.8720516492490649,0.785279979854354,-1.301826763783691,-1.0885460578300687,2.122891214782172,2.584521955450429,1.1521443945463932
86.0,293.0,1224.74951171875,-3.332239696699364,1.4341226269244958,1.7350050988226011,1.8720516492490649,0.785279979854354,-1.301826763783691,-1.0885460578300687,2.122891214782172,2.584521955450429,1.1521443945463932
86.0,293.0,1224.7496337890625,-3.332239696699364,1.4341226269244958,1.7350050989712702,1.8720516492490649,0.785279979854354,-1.3018301220721753,-1.0885460567199106,2.122891214782172,2.584521955450429,1.1521465968609133
86.0,293.0,1224.7496337890625,-3.332239696699364,1.4341226269244958,1.735005098960033,1.87205164924903,0.785279979854354,-1.3018301220721753,-1.0885460567199106,2.122891214782172,2.584521955450429,1.152148226070732
86.0,293.0,1224.750732421875,-3.332239677192647,1.433709643556237,1.735005102395289,1.8720516492482464,0.7852799799086911,-1.3017771687420638,-1.0885489295321271,2.122891214782172,2.584521955450429,1.152150765538275
86.0,293.0,1224.7520751953125,-3.332239677192647,1.4344969198529665,1.735005102395289,1.8720516492482389,0.785279979854354,-1.3020967096539575,-1.0885105767055296,2.122891214782172,2.584521955450429,1.1521518692760868
86.0,293.0,1224.754150390625,-3.332071609200024,1.43266045577821,1.7350050590084325,1.872051649248848,0.785279979854354,-1.3018196268518043,-1.0885488397232104,2.122891214782172,2.584521955450429,1.1521443945463932
86.0,293.0,1224.7586669921875,-3.3322396393438707,1.448630671185076,1.7350051181024118,1.872051649249136,0.7852794149642319,-1.3011395521807565,-1.0885489297825772,2.122891214782172,2.584350656338583,1.1521356958332527
86.0,293.0,1224.7611083984375,-3.3322396393438707,1.4484676699399224,1.7350051181024118,1.8720516492487849,0.7852794286166246,-1.3019469489251936,-1.0885084538184795,2.122891214782172,2.584350656338583,1.1521509479419918
86.0,294.0,1224.6673583984375,-3.328106285400436,1.4489817779754792,1.7350050599493618,1.8378916289858256,0.7852975734578372,-1.301978833073351,-1.088535308007549,2.122891214782172,2.584521955450429,1.1521727781683253
86.0,294.0,1224.6988525390625,-3.3283450277890925,1.4341675499984263,1.7350050605341871,1.8720516492483088,0.7852988204576445,-1.3017485751766928,-1.0885506263136286,2.122891214782172,2.584521955450429,1.1519276385973365
86.0,294.0,1224.69970703125,-3.328317654720124,1.4338472952779038,1.7350050971755933,1.872051649249065,0.7852988204576445,-1.3017485751766928,-1.0885507668191268,2.122891214782172,2.584521955450429,1.151927902065255
86.0,294.0,1224.7003173828125,-3.328386896417854,1.4329525079285133,1.735005097154032,1.8720516492463284,0.785279979854354,-1.301748488773095,-1.0885507163378505,2.122891214782172,2.584520577820792,1.151663507941028
86.0,294.0,1224.701171875,-3.3284239420942767,1.4326429361424444,1.7350050600902716,1.872051649248846,0.7852977271851791,-1.3011395521807565,-1.0885489295321271,2.122891214782172,2.584521955450429,1.152145995695341
86.0,294.0,1224.701171875,-3.3284239420942767,1.4326429361424444,1.7350050600875555,1.8720516492486543,0.7852977271851791,-1.3011395521807565,-1.0885489295321271,2.122891214782172,2.584521955450429,1.152145995695341
86.0,294.0,1224.701416015625,-3.3281259486172305,1.4333049063141214,1.735005098811364,1.872051650142488,0.7852798628225517,-1.3018224769164972,-1.0885506572431096,2.122891214782172,2.584521955450429,1.1519303782207406
86.0,294.0,1224.703125,-3.32827331810922,1.449246650759947,1.7350050601430402,1.8720516492115151,0.7852985555000721,-1.30173425715353,-1.08854883449046,2.122891214782172,2.584521955450429,1.1351957263250578
86.0,294.0,1224.7042236328125,-3.3283773451588057,1.4338472952779038,1.7350050971755933,1.872051649249065,0.7852988204576445,-1.302038085373387,-1.0885462300141555,2.122891214782172,2.584521830080108,1.151922744296936
86.0,294.0,1224.704833984375,-3.32827331810922,1.4493876145823164,1.7350050601430402,1.8720516501654068,0.7852988204576445,-1.3017485751766928,-1.0885507668191268,2.122891214782172,2.584521955450429,1.1351957263250578
86.0,294.0,1224.704833984375,-3.32827331810922,1.4493876145823164,1.7350050601430402,1.8720516501654068,0.7852988204576445,-1.3017485751766928,-1.0885507668191268,2.122891214782172,2.584521955450429,1.1351957263250578
86.0,294.0,1224.70947265625,-3.328135401085345,1.446880528109018,1.7350051032266245,1.872051650198379,0.7852982492323197,-1.3004568639144884,-1.0885069108592575,2.122891214782172,2.584521955450429,1.1521639995686297
86.0,294.0,1224.713134765625,-3.32838270090842,1.4469386125743129,1.7350050691557126,1.8720516492405976,0.785279979854354,-1.3020406656157877,-1.0885462523670597,2.122891214782172,2.5845218292116345,1.151922368823035
86.0,294.0,1224.71923828125,-3.328316642889652,1.4487627654980255,1.7350051037716383,1.8720516492486527,0.7852788198650047,-1.3004739870038229,-1.0885509724120883,2.122891214782172,2.584521955450429,1.1516551889318274
86.0,294.0,1224.7193603515625,-3.328316642889652,1.4487627654980255,1.7350051037716383,1.8720516500921245,0.7852799553139217,-1.3004680591778428,-1.0885493265615618,2.122891214782172,2.584521955450429,1.1516634185613663
86.0,294.0,1224.7220458984375,-3.328135401085345,1.4486423489720897,1.7350051032266245,1.872051650206926,0.7852982492323197,-1.3004568639144884,-1.0885069108592575,2.122891214782172,2.584521955450429,1.1521642268888004
86.0,294.0,1224.72314453125,-3.328307641633561,1.448700433437384,1.735005103304394,1.8720516492491448,0.7852969349007388,-1.3020385290768506,-1.0885069149674245,2.122891214782172,2.5845218292116345,1.1519225961432058
86.0,294.0,1224.723388671875,-3.328307641633561,1.448700433437384,1.7350050691557126,1.8720516492491448,0.785279979854354,-1.3020385290768506,-1.0885075208717263,2.122891214782172,2.5845218292116345,1.1519225961432058
86.0,294.0,1224.7236328125,-3.327993887445363,1.449263963697809,1.735005098794148,1.8720516493258728,0.7852799532440912,-1.3011484669679394,-1.0885023820552786,2.1228912148192416,2.58452398922787,1.1519311329511996
86.0,294.0,1224.7237548828125,-3.32838270090842,1.448700433437384,1.7350050691557126,1.8720516492491448,0.785279979854354,-1.3020406656157877,-1.0885462523670597,2.122891214782172,2.5845218292116345,1.1519225961432058
86.0,294.0,1224.7247314453125,-3.3279830825398253,1.4494219097920606,1.7350051006481253,1.8720516502574307,0.7852814647191789,-1.3010952014476287,-1.0885023820552786,2.1228912148192416,2.58452398922787,1.1519311182452343
86.0,294.0,1224.7249755859375,-3.328316642889652,1.4487627654980255,1.7350050599493618,1.8720516492486527,0.7852982992076531,-1.3019788231019311,-1.0887782044272991,2.122891214782172,2.584521955450429,1.1521575891281788
86.0,294.0,1224.72509765625,-3.328316642889652,1.4487627654980255,1.7350050599493618,1.8720516492486527,0.7852982992076531,-1.3019802177864737,-1.0887782044272991,2.122891214782172,2.584521955450429,1.1521575891281788
86.0,294.0,1224.725830078125,-3.328108100205724,1.4489705573384677,1.7350050599493618,1.8720516492486527,0.7852975734578372,-1.3019788231019311,-1.088535308007549,2.122891214782172,2.584521955450429,1.1521727781683253
86.0,294.0,1224.7261962890625,-3.328316642889652,1.4487627654980255,1.7350050599493618,1.8720516492486527,0.7852982992076531,-1.3020214054818682,-1.0885094488696514,2.122891214782172,2.584521955450429,1.1521625409149063
86.0,294.0,1224.7261962890625,-3.328316642889652,1.4487627654980255,1.7350050599493618,1.8720516492486527,0.7852982992076531,-1.302022800166411,-1.0885094488696514,2.122891214782172,2.584521955450429,1.1521625409149063
86.0,294.0,1224.7261962890625,-3.328316642889652,1.4487627654980255,1.735005059952078,1.8720516492488453,0.7852982992076531,-1.302022800166411,-1.0885094488696514,2.122891214782172,2.584521955450429,1.1521625409149063
86.0,294.0,1224.7266845703125,-3.328209279447082,1.4489705573384677,1.7350050984422445,1.8720516492486527,0.7852975734578372,-1.3019788231019311,-1.0885344331789977,2.122891214782172,2.584521955450429,1.1521786925074518
86.0,294.0,1224.7274169921875,-3.3283450277890925,1.4493876145823164,1.7350050605341871,1.8720516492483088,0.7852988204576445,-1.3017485751766928,-1.0885507668191268,2.122891214782172,2.584521955450429,1.1519276385973365
86.0,294.0,1224.7283935546875,-3.3281386330297145,1.4494219097920606,1.735005102226927,1.8720516492486183,0.7852814647191789,-1.3024428435656867,-1.0885017771354868,2.1228912148191013,2.5845239219769147,1.151933934901357
86.0,294.0,1224.728515625,-3.3281520297847065,1.4494219097920606,1.7350051006481253,1.8720516492486183,0.7852814647191789,-1.3024407168835614,-1.0885023820552786,2.1228912148191013,2.584524028435709,1.1519311182452343
86.0,294.0,1224.7286376953125,-3.3281386330297145,1.4494219097920606,1.735005102226927,1.8720516492486123,0.7852818808972816,-1.3024657197675584,-1.0885017771354868,2.1228912148191013,2.5845239219769147,1.1519513173439382
86.0,294.0,1224.7303466796875,-3.3322385114496247,1.4326429361424444,1.735005102395289,1.8720516501781368,0.785279979854354,-1.3005154477094234,-1.0885494371019764,2.122891214782172,2.584521955450429,1.151663507941028
86.0,294.0,1224.7308349609375,-3.3322385114496247,1.4326429361424444,1.735005102395289,1.8720516501781368,0.785279979854354,-1.300547605873036,-1.088548941945811,2.122891214782172,2.584521955450429,1.151663507941028
86.0,294.0,1224.7347412109375,-3.3322396393438707,1.443515752630621,1.7350051181024118,1.8720516492487849,0.7852794286166246,-1.3011395521807565,-1.0885489297825772,2.122891214782172,2.584350656338583,1.152150921382674
86.0,294.0,1224.735595703125,-3.3321692646189973,1.4339101175901603,1.735005118711478,1.8720516501808733,0.7852988204576445,-1.3011053204833336,-1.0885494646175844,2.122891214782172,2.5845219565213244,1.151927902065255
86.0,294.0,1224.736083984375,-3.3322397279841427,1.434133483521549,1.7350051187354758,1.8720516501964155,0.785279979854354,-1.301102116828984,-1.0885460578300687,2.122891214782172,2.584521946663175,1.1519383095837588
86.0,294.0,1224.736572265625,-3.332238506316727,1.43301533024077,1.735005118689917,1.8720516501781368,0.785279979854354,-1.3011052340797358,-1.088549414136308,2.122891214782172,2.584520578891688,1.151663507941028
86.0,294.0,1224.736572265625,-3.332238506316727,1.43301533024077,1.735005118689917,1.8720516501781368,0.785279979854354,-1.3011052340797358,-1.088549414136308,2.122891214782172,2.584520578891688,1.151663507941028
86.0,294.0,1224.73681640625,-3.3322397171221136,1.43301533024077,1.735005118689917,1.8720516501781368,0.785279979854354,-1.3011052340797358,-1.088549414136308,2.122891214782172,2.584520578891688,1.1516765987130435
86.0,294.0,1224.7371826171875,-3.3322412332178435,1.4330017536034598,1.735005102395289,1.8720516501781368,0.7852800352749149,-1.3011471560934835,-1.0885494403621736,2.122891214782172,2.584521955450429,1.1516584478776055
86.0,294.0,1224.738037109375,-3.332239724197832,1.4326429361424444,1.735005102395289,1.872051649190214,0.785279979854354,-1.3011395521807565,-1.0885489295321271,2.122891214782172,2.584521955450429,1.151615492038342
86.0,294.0,1224.7384033203125,-3.332239677192647,1.4344969198529665,1.735005102395289,1.8720516492482464,0.785279979854354,-1.3011395521807565,-1.0885489295321271,2.122891214782172,2.584521955450429,1.152150765538275
86.0,294.0,1224.7401123046875,-3.332239696699364,1.4341226269244958,1.7350051027656097,1.8720516492490544,0.785279979854354,-1.3011551484527408,-1.0885460567199106,2.122891214782172,2.584521955450429,1.152151445182167
86.0,294.0,1224.7425537109375,-3.3322385114496247,1.446880528109018,1.735005102395289,1.8720516501781368,0.7852800352749149,-1.3005154477094234,-1.0885494371019764,2.122891214782172,2.584521955450429,1.151663507941028
86.0,294.0,1224.7451171875,-3.3321479683862374,1.4326429361424444,1.735005102395289,1.8720516492604389,0.7852800262201396,-1.3011395521807565,-1.0885489295321271,2.122891214782172,2.584521955450429,1.152150921382674
86.0,294.0,1224.74560546875,-3.332238466448191,1.4327838999648137,1.7350051023993327,1.872051650202737,0.7852802448119266,-1.3011538702039191,-1.088550861860794,2.122891214782172,2.584521955450429,1.1521378348790732
86.0,294.0,1224.74609375,-3.332239696699364,1.4341226269244958,1.735005098811364,1.87205164924903,0.785279979854354,-1.301826763783691,-1.0885460578300687,2.122891214782172,2.584521955450429,1.15192789504433
86.0,294.0,1224.74609375,-3.332238466448191,1.4326429361424444,1.7350051023993327,1.872051649248846,0.785279979854354,-1.3011395521807565,-1.0885489295321271,2.122891214782172,2.584521955450429,1.1521378348790732
86.0,294.0,1224.7462158203125,-3.332239696699364,1.4341226269244958,1.735005098960033,1.87205164924903,0.785279979854354,-1.3018301220721753,-1.0885460567199106,2.122891214782172,2.584521955450429,1.1519325805352607
86.0,295.0,1224.4871826171875,-3.3283132840545995,1.4338472952779038,1.7350050620753803,1.8362621470784288,0.7852975875274858,-1.302011612142892,-1.0885509385084964,2.122891214782172,2.584521955450429,1.151927902065255
86.0,295.0,1224.6673583984375,-3.328106285400436,1.4489817779754792,1.7350050599493618,1.8378916289858256,0.7852975734578372,-1.301978833073351,-1.088535308007549,2.122891214782172,2.584521955450429,1.1521727781683253
86.0,295.0,1224.6827392578125,-3.328135401085345,1.4338899374380707,1.735005060296278,1.8720516492524024,0.7852982218227956,-1.3004568639144884,-1.0885069108592575,2.122891214782172,2.584521955450429,1.1519265548781286
86.0,295.0,1224.6910400390625,-3.3284215973760265,1.4341675499984263,1.7350051198196084,1.8720516492483088,0.7852988204576445,-1.3010570217786643,-1.0885506263136286,2.122891214782172,2.5845219609157493,1.1519276385973365
86.0,295.0,1224.6988525390625,-3.3283450277890925,1.4341675499984263,1.7350050605341871,1.8720516492483088,0.7852988204576445,-1.3017485751766928,-1.0885506263136286,2.122891214782172,2.584521955450429,1.1519276385973365
86.0,295.0,1224.69970703125,-3.328317654720124,1.4338472952779038,1.7350050971755933,1.872051649249065,0.7852988204576445,-1.3017485751766928,-1.0885507668191268,2.122891214782172,2.584521955450429,1.151927902065255
86.0,295.0,1224.7003173828125,-3.328386896417854,1.4329525079285133,1.735005097154032,1.8720516492463284,0.785279979854354,-1.301748488773095,-1.0885507163378505,2.122891214782172,2.584520577820792,1.151663507941028
86.0,295.0,1224.701171875,-3.3284239420942767,1.4326429361424444,1.7350050600902716,1.872051649248846,0.7852977271851791,-1.3011395521807565,-1.0885489295321271,2.122891214782172,2.584521955450429,1.152145995695341
86.0,295.0,1224.701171875,-3.3284239420942767,1.4326429361424444,1.7350050600875555,1.8720516492486543,0.7852977271851791,-1.3011395521807565,-1.0885489295321271,2.122891214782172,2.584521955450429,1.152145995695341
86.0,295.0,1224.701416015625,-3.3281259486172305,1.4333049063141214,1.735005098811364,1.872051650142488,0.7852798628225517,-1.3018224769164972,-1.0885506572431096,2.122891214782172,2.584521955450429,1.1519303782207406
86.0,295.0,1224.703125,-3.32827331810922,1.449246650759947,1.7350050601430402,1.8720516492115151,0.7852985555000721,-1.30173425715353,-1.08854883449046,2.122891214782172,2.584521955450429,1.1351957263250578
86.0,295.0,1224.7042236328125,-3.3283773451588057,1.4338472952779038,1.7350050971755933,1.872051649249065,0.7852988204576445,-1.302038085373387,-1.0885462300141555,2.122891214782172,2.584521830080108,1.151922744296936
86.0,295.0,1224.704833984375,-3.32827331810922,1.4493876145823164,1.7350050601430402,1.8720516501654068,0.7852988204576445,-1.3017485751766928,-1.0885507668191268,2.122891214782172,2.584521955450429,1.1351957263250578
86.0,295.0,1224.704833984375,-3.32827331810922,1.4493876145823164,1.7350050601430402,1.8720516501654068,0.7852988204576445,-1.3017485751766928,-1.0885507668191268,2.122891214782172,2.584521955450429,1.1351957263250578
86.0,295.0,1224.7076416015625,-3.328386896417854,1.4329471337457798,1.7350050971009197,1.8720516492463284,0.785279979854354,-1.301748488773095,-1.0885489194849247,2.122891214782172,2.584520577820792,1.152124603172973
86.0,295.0,1224.70947265625,-3.328135401085345,1.446880528109018,1.7350051032266245,1.872051650198379,0.7852982492323197,-1.3004568639144884,-1.0885069108592575,2.122891214782172,2.584521955450429,1.1521639995686297
86.0,295.0,1224.7113037109375,-3.328324661707436,1.446955615524346,1.7350051033603855,1.8720516492112949,0.7852982492323197,-1.3004568639144884,-1.0885516381294875,2.122891214782172,2.584521955450429,1.152170859134641
86.0,295.0,1224.713134765625,-3.32838270090842,1.4469386125743129,1.7350050691557126,1.8720516492405976,0.785279979854354,-1.3020406656157877,-1.0885462523670597,2.122891214782172,2.5845218292116345,1.151922368823035
86.0,295.0,1224.71923828125,-3.328316642889652,1.4487627654980255,1.7350051037716383,1.8720516492486527,0.7852788198650047,-1.3004739870038229,-1.0885509724120883,2.122891214782172,2.584521955450429,1.1516551889318274
86.0,295.0,1224.7193603515625,-3.328316642889652,1.4487627654980255,1.7350051037716383,1.8720516500921245,0.7852799553139217,-1.3004680591778428,-1.0885493265615618,2.122891214782172,2.584521955450429,1.1516634185613663
86.0,295.0,1224.719482421875,-3.328316377307802,1.4487739828872606,1.7350050551545508,1.8720516500921245,0.7852799553139217,-1.3004242952349192,-1.088550739794241,2.122891214782172,2.584521955450429,1.1516634185613663
86.0,295.0,1224.7220458984375,-3.328135401085345,1.4486423489720897,1.7350051032266245,1.872051650206926,0.7852982492323197,-1.3004568639144884,-1.0885069108592575,2.122891214782172,2.584521955450429,1.1521642268888004
86.0,295.0,1224.72314453125,-3.328307641633561,1.448700433437384,1.735005103304394,1.8720516492491448,0.7852969349007388,-1.3020385290768506,-1.0885069149674245,2.122891214782172,2.5845218292116345,1.1519225961432058
86.0,295.0,1224.723388671875,-3.328307641633561,1.448700433437384,1.7350050691557126,1.8720516492491448,0.785279979854354,-1.3020385290768506,-1.0885075208717263,2.122891214782172,2.5845218292116345,1.1519225961432058
86.0,295.0,1224.7236328125,-3.327993887445363,1.449263963697809,1.735005098794148,1.8720516493258728,0.7852799532440912,-1.3011484669679394,-1.0885023820552786,2.1228912148192416,2.58452398922787,1.1519311329511996
86.0,295.0,1224.7237548828125,-3.32838270090842,1.448700433437384,1.7350050691557126,1.8720516492491448,0.785279979854354,-1.3020406656157877,-1.0885462523670597,2.122891214782172,2.5845218292116345,1.1519225961432058
86.0,295.0,1224.7247314453125,-3.3279830825398253,1.4494219097920606,1.7350051006481253,1.8720516502574307,0.7852814647191789,-1.3010952014476287,-1.0885023820552786,2.1228912148192416,2.58452398922787,1.1519311182452343
86.0,295.0,1224.7249755859375,-3.328316642889652,1.4487627654980255,1.7350050599493618,1.8720516492486527,0.7852982992076531,-1.3019788231019311,-1.0887782044272991,2.122891214782172,2.584521955450429,1.1521575891281788
86.0,295.0,1224.72509765625,-3.328316642889652,1.4487627654980255,1.7350050599493618,1.8720516492486527,0.7852982992076531,-1.3019802177864737,-1.0887782044272991,2.122891214782172,2.584521955450429,1.1521575891281788
86.0,295.0,1224.7254638671875,-3.3283684424622044,1.4489705573384677,1.735005097111689,1.8720516492486527,0.7852975086552401,-1.302035264710725,-1.08854710067465,2.122891214782172,2.584521833134504,1.1519317150148076
86.0,295.0,1224.725830078125,-3.328108100205724,1.4489705573384677,1.7350050599493618,1.8720516492486527,0.7852975734578372,-1.3019788231019311,-1.088535308007549,2.122891214782172,2.584521955450429,1.1521727781683253
86.0,295.0,1224.7261962890625,-3.328316642889652,1.4487627654980255,1.7350050599493618,1.8720516492486527,0.7852982992076531,-1.3020214054818682,-1.0885094488696514,2.122891214782172,2.584521955450429,1.1521625409149063
86.0,295.0,1224.7261962890625,-3.328316642889652,1.4487627654980255,1.7350050599493618,1.8720516492486527,0.7852982992076531,-1.302022800166411,-1.0885094488696514,2.122891214782172,2.584521955450429,1.1521625409149063
86.0,295.0,1224.7261962890625,-3.328316642889652,1.4487627654980255,1.735005059952078,1.8720516492488453,0.7852982992076531,-1.302022800166411,-1.0885094488696514,2.122891214782172,2.584521955450429,1.1521625409149063
86.0,295.0,1224.7261962890625,-3.328316642889652,1.4487627654980255,1.7350050599521225,1.8720516492488453,0.7852982992076531,-1.302022800166411,-1.0885094488696514,2.122891214782172,2.584521955450429,1.1521625409149063
86.0,295.0,1224.7265625,-3.3283450277890925,1.4489199615324455,1.7350051034645335,1.8720516502028328,0.7852988478671686,-1.3017485751766928,-1.0885506263136286,2.122891214782172,2.584521955450429,1.152165310608008
86.0,295.0,1224.7266845703125,-3.328209279447082,1.4489705573384677,1.7350050984422445,1.8720516492486527,0.7852975734578372,-1.3019788231019311,-1.0885344331789977,2.122891214782172,2.584521955450429,1.1521786925074518
86.0,295.0,1224.7274169921875,-3.3283450277890925,1.4493876145823164,1.7350050605341871,1.8720516492483088,0.7852988204576445,-1.3017485751766928,-1.0885507668191268,2.122891214782172,2.584521955450429,1.1519276385973365
86.0,295.0,1224.7283935546875,-3.3281386330297145,1.4494219097920606,1.735005102226927,1.8720516492486183,0.7852814647191789,-1.3024428435656867,-1.0885017771354868,2.1228912148191013,2.5845239219769147,1.151933934901357
86.0,295.0,1224.728515625,-3.3281520297847065,1.4494219097920606,1.7350051006481253,1.8720516492486183,0.7852814647191789,-1.3024407168835614,-1.0885023820552786,2.1228912148191013,2.584524028435709,1.1519311182452343
86.0,295.0,1224.7286376953125,-3.3281386330297145,1.4494219097920606,1.735005102226927,1.8720516492486123,0.7852818808972816,-1.3024657197675584,-1.0885017771354868,2.1228912148191013,2.5845239219769147,1.1519513173439382
86.0,295.0,1224.7286376953125,-3.3281386330297145,1.4494219097920606,1.735005102226927,1.8720516492486123,0.7852818808972816,-1.3024657197675584,-1.0885017771354868,2.1228912148191013,2.5845239219769147,1.1519513173439382
86.0,295.0,1224.7303466796875,-3.3322385114496247,1.4326429361424444,1.735005102395289,1.8720516501781368,0.785279979854354,-1.3005154477094234,-1.0885494371019764,2.122891214782172,2.584521955450429,1.151663507941028
86.0,295.0,1224.7308349609375,-3.3322385114496247,1.4326429361424444,1.735005102395289,1.8720516501781368,0.785279979854354,-1.300547605873036,-1.088548941945811,2.122891214782172,2.584521955450429,1.151663507941028
86.0,295.0,1224.7308349609375,-3.3322385114496247,1.4326429361424444,1.735005102395289,1.8720516501781368,0.7852800246837177,-1.3005448287375416,-1.088551079808299,2.122891214782172,2.584521955450429,1.1516642012141691
86.0,295.0,1224.7347412109375,-3.3322396393438707,1.443515752630621,1.7350051181024118,1.8720516492487849,0.7852794286166246,-1.3011395521807565,-1.0885489297825772,2.122891214782172,2.584350656338583,1.152150921382674
86.0,295.0,1224.735595703125,-3.3321692646189973,1.4339101175901603,1.735005118711478,1.8720516501808733,0.7852988204576445,-1.3011053204833336,-1.0885494646175844,2.122891214782172,2.5845219565213244,1.151927902065255
86.0,295.0,1224.736083984375,-3.3322397279841427,1.434133483521549,1.7350051187354758,1.8720516501964155,0.785279979854354,-1.301102116828984,-1.0885460578300687,2.122891214782172,2.584521946663175,1.1519383095837588
86.0,295.0,1224.736572265625,-3.332238506316727,1.43301533024077,1.735005118689917,1.8720516501781368,0.785279979854354,-1.3011052340797358,-1.088549414136308,2.122891214782172,2.584520578891688,1.151663507941028
86.0,295.0,1224.736572265625,-3.332238506316727,1.43301533024077,1.735005118689917,1.8720516501781368,0.785279979854354,-1.3011052340797358,-1.088549414136308,2.122891214782172,2.584520578891688,1.151663507941028
86.0,296.0,1224.4871826171875,-3.3283132840545995,1.4338472952779038,1.7350050620753803,1.8362621470784288,0.7852975875274858,-1.302011612142892,-1.0885509385084964,2.122891214782172,2.584521955450429,1.151927902065255
86.0,296.0,1224.4873046875,-3.3283141402384766,1.4338472952779038,1.7350050691733534,1.8362621470784288,0.7852975875274858,-1.3020396984556115,-1.0885510826612197,2.122891214782172,2.584521955683086,1.1519224122845704
86.0,296.0,1224.58740234375,-3.3281280502573547,1.4333049063141214,1.735005098811364,1.872051650142592,0.7852798628225517,-1.3017471946786685,-1.0885506572431096,2.122891214782172,2.584521955450429,1.1354873699385253
86.0,296.0,1224.6673583984375,-3.328106285400436,1.4489817779754792,1.7350050599493618,1.8378916289858256,0.7852975734578372,-1.301978833073351,-1.088535308007549,2.122891214782172,2.584521955450429,1.1521727781683253
86.0,296.0,1224.6673583984375,-3.328106285400436,1.4489817779754792,1.7350050599493618,1.8378916289858256,0.7852975734578372,-1.301978833073351,-1.088535308007549,2.122891214782172,2.584521955450429,1.1521727781683253
86.0,296.0,1224.6827392578125,-3.328135401085345,1.4338899374380707,1.735005060296278,1.8720516492524024,0.7852982218227956,-1.3004568639144884,-1.0885069108592575,2.122891214782172,2.584521955450429,1.1519265548781286
86.0,296.0,1224.6900634765625,-3.328135401085345,1.433945087065612,1.735005060296278,1.8720516492487576,0.7852977183251544,-1.301138559338887,-1.0885069108592575,2.122891214782172,2.584521955450429,1.1519265548781286
86.0,296.0,1224.6910400390625,-3.3284215973760265,1.4341675499984263,1.7350051198196084,1.8720516492483088,0.7852988204576445,-1.3010570217786643,-1.0885506263136286,2.122891214782172,2.5845219609157493,1.1519276385973365
86.0,296.0,1224.6910400390625,-3.3284215973760265,1.4341675499984263,1.735005098637154,1.8720516492483088,0.7852988204576445,-1.3010570217786643,-1.0885506263136286,2.122891214782172,2.584521955421248,1.1519276385973365
86.0,296.0,1224.6988525390625,-3.3283450277890925,1.4341675499984263,1.7350050605341871,1.8720516492483088,0.7852988204576445,-1.3017485751766928,-1.0885506263136286,2.122891214782172,2.584521955450429,1.1519276385973365
86.0,296.0,1224.69970703125,-3.328317654720124,1.4338472952779038,1.7350050971755933,1.872051649249065,0.7852988204576445,-1.3017485751766928,-1.0885507668191268,2.122891214782172,2.584521955450429,1.151927902065255
86.0,296.0,1224.7003173828125,-3.328386896417854,1.4329525079285133,1.735005097154032,1.8720516492463284,0.785279979854354,-1.301748488773095,-1.0885507163378505,2.122891214782172,2.584520577820792,1.151663507941028
86.0,296.0,1224.7005615234375,-3.3281259486172305,1.4333049063141214,1.735005103489171,1.8720516491427823,0.7852798638049588,-1.3017973300105068,-1.0885506572431096,2.122891214782172,2.584521955450429,1.1519033025983345
86.0,296.0,1224.701171875,-3.3284239420942767,1.4326429361424444,1.7350050600902716,1.872051649248846,0.7852977271851791,-1.3011395521807565,-1.0885489295321271,2.122891214782172,2.584521955450429,1.152145995695341
86.0,296.0,1224.701171875,-3.3284239420942767,1.4326429361424444,1.7350050600875555,1.8720516492486543,0.7852977271851791,-1.3011395521807565,-1.0885489295321271,2.122891214782172,2.584521955450429,1.152145995695341
86.0,296.0,1224.701416015625,-3.3281259486172305,1.4333049063141214,1.735005098811364,1.872051650142488,0.7852798628225517,-1.3018224769164972,-1.0885506572431096,2.122891214782172,2.584521955450429,1.1519303782207406
86.0,296.0,1224.7025146484375,-3.328317654720124,1.433164297022912,1.7350050942701587,1.872051650144405,0.7852988204576445,-1.3017485751766928,-1.0885507668191268,2.122891214782172,2.584521955450429,1.151927902065255
86.0,296.0,1224.702880859375,-3.3283448781752543,1.434155104416073,1.7350050599594222,1.8720516492483088,0.7852988204576445,-1.3020414022702274,-1.088547782179015,2.122891214782172,2.584521955450429,1.1519276385973365
86.0,296.0,1224.703125,-3.32827331810922,1.449246650759947,1.7350050601430402,1.8720516492115151,0.7852985555000721,-1.30173425715353,-1.08854883449046,2.122891214782172,2.584521955450429,1.1351957263250578
86.0,296.0,1224.7042236328125,-3.3283773451588057,1.4338472952779038,1.7350050971755933,1.872051649249065,0.7852988204576445,-1.302038085373387,-1.0885462300141555,2.122891214782172,2.584521830080108,1.151922744296936
86.0,296.0,1224.704833984375,-3.32827331810922,1.4493876145823164,1.7350050601430402,1.8720516501654068,0.7852988204576445,-1.3017485751766928,-1.0885507668191268,2.122891214782172,2.584521955450429,1.1351957263250578
86.0,296.0,1224.704833984375,-3.32827331810922,1.4493876145823164,1.7350050601430402,1.8720516501654068,0.7852988204576445,-1.3017485751766928,-1.0885507668191268,2.122891214782172,2.584521955450429,1.1351957263250578
86.0,296.0,1224.7076416015625,-3.328386896417854,1.4329471337457798,1.7350050971009197,1.8720516492463284,0.785279979854354,-1.301748488773095,-1.0885489194849247,2.122891214782172,2.584520577820792,1.152124603172973
86.0,296.0,1224.70947265625,-3.328135401085345,1.446880528109018,1.7350051032266245,1.872051650198379,0.7852982492323197,-1.3004568639144884,-1.0885069108592575,2.122891214782172,2.584521955450429,1.1521639995686297
86.0,296.0,1224.7113037109375,-3.328324661707436,1.446955615524346,1.7350051033603855,1.8720516492112949,0.7852982492323197,-1.3004568639144884,-1.0885516381294875,2.122891214782172,2.584521955450429,1.152170859134641
86.0,296.0,1224.7117919921875,-3.328428443379344,1.446880528109018,1.735005060813478,1.872051650198379,0.785298220712735,-1.3004436841618152,-1.0885069108592575,2.122891214782172,2.584521955450429,1.1521639995686297
86.0,296.0,1224.713134765625,-3.32838270090842,1.4469386125743129,1.7350050691557126,1.8720516492405976,0.785279979854354,-1.3020406656157877,-1.0885462523670597,2.122891214782172,2.5845218292116345,1.151922368823035
86.0,296.0,1224.7132568359375,-3.32838270090842,1.4469386125743129,1.7350050691557126,1.872051649324873,0.7852814848048141,-1.302039065334078,-1.0885024794670035,2.122891214782987,2.5845218292116345,1.151922368823035
86.0,296.0,1224.71923828125,-3.328316642889652,1.4487627654980255,1.7350051037716383,1.8720516492486527,0.7852788198650047,-1.3004739870038229,-1.0885509724120883,2.122891214782172,2.584521955450429,1.1516551889318274
86.0,296.0,1224.71923828125,-3.3283181022689536,1.4487627654980255,1.7350050583522074,1.8720516492486527,0.7852789276815076,-1.3004739870038229,-1.0885509724120883,2.122891214782172,2.584521955450429,1.1516551889318274
86.0,296.0,1224.7193603515625,-3.328316642889652,1.4487627654980255,1.7350051037716383,1.8720516500921245,0.7852799553139217,-1.3004680591778428,-1.0885493265615618,2.122891214782172,2.584521955450429,1.1516634185613663
86.0,296.0,1224.719482421875,-3.328316377307802,1.4487739828872606,1.7350050551545508,1.8720516500921245,0.7852799553139217,-1.3004242952349192,-1.088550739794241,2.122891214782172,2.584521955450429,1.1516634185613663
86.0,296.0,1224.720458984375,-3.328316642889652,1.4487627654980255,1.7350051037716383,1.872051649176797,0.7852984963810824,-1.302011873927914,-1.0885493265615618,2.122891214782172,2.584521955450429,1.1516386874328404
86.0,296.0,1224.7220458984375,-3.328135401085345,1.4486423489720897,1.7350051032266245,1.872051650206926,0.7852982492323197,-1.3004568639144884,-1.0885069108592575,2.122891214782172,2.584521955450429,1.1521642268888004
86.0,296.0,1224.72314453125,-3.328307641633561,1.448700433437384,1.735005103304394,1.8720516492491448,0.7852969349007388,-1.3020385290768506,-1.0885069149674245,2.122891214782172,2.5845218292116345,1.1519225961432058
86.0,296.0,1224.7232666015625,-3.328316642889652,1.4487627654980255,1.7350050599493618,1.872051650163981,0.7852797581404923,-1.30043500835186,-1.0887782044272991,2.122891214782172,2.584521955450429,1.1521823202567048
86.0,296.0,1224.723388671875,-3.328307641633561,1.448700433437384,1.7350050691557126,1.8720516492491448,0.785279979854354,-1.3020385290768506,-1.0885075208717263,2.122891214782172,2.5845218292116345,1.1519225961432058
86.0,296.0,1224.7236328125,-3.327993887445363,1.449263963697809,1.735005098794148,1.8720516493258728,0.7852799532440912,-1.3011484669679394,-1.0885023820552786,2.1228912148192416,2.58452398922787,1.1519311329511996
86.0,296.0,1224.7237548828125,-3.32838270090842,1.448700433437384,1.7350050691557126,1.8720516492491448,0.785279979854354,-1.3020406656157877,-1.0885462523670597,2.122891214782172,2.5845218292116345,1.1519225961432058
86.0,296.0,1224.7244873046875,-3.3279830825398253,1.4494219097920606,1.7350051006481253,1.8720516501731548,0.7852799597687189,-1.301096801729338,-1.088546154955334,2.1228912148184262,2.58452398922787,1.1519311182452343
86.0,296.0,1224.7247314453125,-3.3279830825398253,1.4494219097920606,1.7350051006481253,1.8720516502574307,0.7852814647191789,-1.3010952014476287,-1.0885023820552786,2.1228912148192416,2.58452398922787,1.1519311182452343
86.0,296.0,1224.7249755859375,-3.328316642889652,1.4487627654980255,1.7350050599493618,1.8720516492486527,0.7852982992076531,-1.3019788231019311,-1.0887782044272991,2.122891214782172,2.584521955450429,1.1521575891281788
86.0,296.0,1224.72509765625,-3.328316642889652,1.4487627654980255,1.7350050599493618,1.8720516492486527,0.7852982992076531,-1.3019802177864737,-1.0887782044272991,2.122891214782172,2.584521955450429,1.1521575891281788
86.0,296.0,1224.7254638671875,-3.3283684424622044,1.4489705573384677,1.735005097111689,1.8720516492486527,0.7852975086552401,-1.302035264710725,-1.08854710067465,2.122891214782172,2.584521833134504,1.1519317150148076
86.0,296.0,1224.725830078125,-3.328108100205724,1.4489705573384677,1.7350050599493618,1.8720516492486527,0.7852975734578372,-1.3019788231019311,-1.088535308007549,2.122891214782172,2.584521955450429,1.1521727781683253
86.0,296.0,1224.7261962890625,-3.328316642889652,1.4487627654980255,1.7350050599493618,1.8720516492486527,0.7852982992076531,-1.3020214054818682,-1.0885094488696514,2.122891214782172,2.584521955450429,1.1521625409149063
86.0,296.0,1224.7261962890625,-3.328316642889652,1.4487627654980255,1.7350050599493618,1.8720516492486527,0.7852982992076531,-1.302022800166411,-1.0885094488696514,2.122891214782172,2.584521955450429,1.1521625409149063
86.0,296.0,1224.7261962890625,-3.328316642889652,1.4487627654980255,1.735005059952078,1.8720516492488453,0.7852982992076531,-1.302022800166411,-1.0885094488696514,2.122891214782172,2.584521955450429,1.1521625409149063
86.0,296.0,1224.7261962890625,-3.328316642889652,1.4487627654980255,1.7350050599521225,1.8720516492488453,0.7852982992076531,-1.302022800166411,-1.0885094488696514,2.122891214782172,2.584521955450429,1.1521625409149063
86.0,296.0,1224.7265625,-3.3283450277890925,1.4489199615324455,1.7350051034645335,1.8720516502028328,0.7852988478671686,-1.3017485751766928,-1.0885506263136286,2.122891214782172,2.584521955450429,1.152165310608008
86.0,297.0,1224.483642578125,-3.3282738641338523,1.4338472952779038,1.7350050620753803,1.8362621470784288,0.7852985862389843,-1.3017558197115338,-1.0885509385084964,2.122891214782172,2.584521955450429,1.1517445629443164
86.0,297.0,1224.485595703125,-3.328106285400436,1.4338727871191927,1.735005057309524,1.8378916289858256,0.7852975734578372,-1.301978833073351,-1.088535308007549,2.122891214782172,2.584521955450429,1.1521727781683253
86.0,297.0,1224.4871826171875,-3.3283132840545995,1.4338472952779038,1.7350050620753803,1.8362621470784288,0.7852975875274858,-1.302011612142892,-1.0885509385084964,2.122891214782172,2.584521955450429,1.151927902065255
86.0,297.0,1224.4873046875,-3.3283141402384766,1.4338472952779038,1.7350050691733534,1.8362621470784288,0.7852975875274858,-1.3020396984556115,-1.0885510826612197,2.122891214782172,2.584521955683086,1.1519224122845704
86.0,297.0,1224.487548828125,-3.3283755029347275,1.4338472952779038,1.7350050582858103,1.8368536963422009,0.7852975875274858,-1.3020365685377853,-1.0885509385084964,2.122891214782172,2.584521819390744,1.151927902065255
86.0,297.0,1224.58740234375,-3.3281280502573547,1.4333049063141214,1.735005098811364,1.872051650142592,0.7852798628225517,-1.3017471946786685,-1.0885506572431096,2.122891214782172,2.584521955450429,1.1354873699385253
86.0,297.0,1224.6673583984375,-3.328106285400436,1.4489817779754792,1.7350050599493618,1.8378916289858256,0.7852975734578372,-1.301978833073351,-1.088535308007549,2.122891214782172,2.584521955450429,1.1521727781683253
86.0,297.0,1224.6673583984375,-3.328106285400436,1.4489817779754792,1.7350050599493618,1.8378916289858256,0.7852975734578372,-1.301978833073351,-1.088535308007549,2.122891214782172,2.584521955450429,1.1521727781683253
86.0,297.0,1224.6673583984375,-3.328106285400436,1.4489817779754792,1.7350050599493618,1.8378916289858256,0.7852975734578372,-1.301978833073351,-1.088535308007549,2.122891214782172,2.584521955450429,1.1521727781683253
86.0,297.0,1224.6827392578125,-3.328135401085345,1.4338899374380707,1.735005060296278,1.8720516492524024,0.7852982218227956,-1.3004568639144884,-1.0885069108592575,2.122891214782172,2.584521955450429,1.1519265548781286
86.0,297.0,1224.6849365234375,-3.3284215973760265,1.4339228280988778,1.7350050626873603,1.8720516492483088,0.7852988204576445,-1.3004269068473595,-1.0885534708357267,2.122891214782172,2.5845219609157493,1.151927592910798
86.0,297.0,1224.6900634765625,-3.328135401085345,1.433945087065612,1.735005060296278,1.8720516492487576,0.7852977183251544,-1.301138559338887,-1.0885069108592575,2.122891214782172,2.584521955450429,1.1519265548781286
86.0,297.0,1224.69091796875,-3.328314129392607,1.448642686601295,1.7350050990088617,1.872051650142592,0.7852798628225517,-1.3017471946786685,-1.0885509273222678,2.122891214782172,2.584521955450429,1.1358743935158084
86.0,297.0,1224.6910400390625,-3.3284215973760265,1.4341675499984263,1.7350051198196084,1.8720516492483088,0.7852988204576445,-1.3010570217786643,-1.0885506263136286,2.122891214782172,2.5845219609157493,1.1519276385973365
86.0,297.0,1224.6910400390625,-3.3284215973760265,1.4341675499984263,1.735005098637154,1.8720516492483088,0.7852988204576445,-1.3010570217786643,-1.0885506263136286,2.122891214782172,2.584521955421248,1.1519276385973365
86.0,297.0,1224.695068359375,-3.3283096390185816,1.4339125324000892,1.7350050991946062,1.8720516492490669,0.7852988042932694,-1.3011390971481605,-1.0885489295321271,2.122891214782172,2.584521955450429,1.152145995695341
86.0,297.0,1224.6988525390625,-3.3283450277890925,1.4341675499984263,1.7350050605341871,1.8720516492483088,0.7852988204576445,-1.3017485751766928,-1.0885506263136286,2.122891214782172,2.584521955450429,1.1519276385973365
86.0,297.0,1224.69970703125,-3.328317654720124,1.4338472952779038,1.7350050971755933,1.872051649249065,0.7852988204576445,-1.3017485751766928,-1.0885507668191268,2.122891214782172,2.584521955450429,1.151927902065255
86.0,297.0,1224.7003173828125,-3.328386896417854,1.4329525079285133,1.735005097154032,1.8720516492463284,0.785279979854354,-1.301748488773095,-1.0885507163378505,2.122891214782172,2.584520577820792,1.151663507941028
86.0,297.0,1224.7003173828125,-3.328312738029967,1.449246650759947,1.7350050601430402,1.8720516492115151,0.7852975567885736,-1.3019900495848882,-1.08854883449046,2.122891214782172,2.584521955450429,1.1353790654459963
86.0,297.0,1224.7003173828125,-3.328386896417854,1.4329525079285133,1.7350050971538318,1.8720516492463284,0.785279979854354,-1.301748488773095,-1.088550645686014,2.122891214782172,2.584520577820792,1.151663507941028
86.0,297.0,1224.7005615234375,-3.3281259486172305,1.4333049063141214,1.735005103489171,1.8720516491427823,0.7852798638049588,-1.3017973300105068,-1.0885506572431096,2.122891214782172,2.584521955450429,1.1519033025983345
86.0,297.0,1224.7005615234375,-3.3281216229237867,1.4333049063141214,1.7350051048759358,1.8720516491427823,0.7852798638049588,-1.3017971301498894,-1.0885506572431096,2.122891214782172,2.584521955450429,1.1519033025983345
86.0,297.0,1224.701171875,-3.3284239420942767,1.4326429361424444,1.7350050600902716,1.872051649248846,0.7852977271851791,-1.3011395521807565,-1.0885489295321271,2.122891214782172,2.584521955450429,1.152145995695341
86.0,297.0,1224.701171875,-3.3284239420942767,1.4326429361424444,1.7350050600875555,1.8720516492486543,0.7852977271851791,-1.3011395521807565,-1.0885489295321271,2.122891214782172,2.584521955450429,1.152145995695341
86.0,297.0,1224.701171875,-3.3284239420942767,1.4326429361424444,1.7350050600875555,1.8720516492486543,0.7852977271851791,-1.3011395521807565,-1.0885489295321271,2.122891214782172,2.584521955450429,1.152145995695341
86.0,297.0,1224.701416015625,-3.3281259486172305,1.4333049063141214,1.735005098811364,1.872051650142488,0.7852798628225517,-1.3018224769164972,-1.0885506572431096,2.122891214782172,2.584521955450429,1.1519303782207406
86.0,297.0,1224.7025146484375,-3.328317654720124,1.433164297022912,1.7350050942701587,1.872051650144405,0.7852988204576445,-1.3017485751766928,-1.0885507668191268,2.122891214782172,2.584521955450429,1.151927902065255
86.0,297.0,1224.702880859375,-3.3283448781752543,1.434155104416073,1.7350050599594222,1.8720516492483088,0.7852988204576445,-1.3020414022702274,-1.088547782179015,2.122891214782172,2.584521955450429,1.1519276385973365
86.0,297.0,1224.703125,-3.32827331810922,1.449246650759947,1.7350050601430402,1.8720516492115151,0.7852985555000721,-1.30173425715353,-1.08854883449046,2.122891214782172,2.584521955450429,1.1351957263250578
86.0,297.0,1224.7042236328125,-3.3283773451588057,1.4338472952779038,1.7350050971755933,1.872051649249065,0.7852988204576445,-1.302038085373387,-1.0885462300141555,2.122891214782172,2.584521830080108,1.151922744296936
86.0,297.0,1224.704833984375,-3.32827331810922,1.4493876145823164,1.7350050601430402,1.8720516501654068,0.7852988204576445,-1.3017485751766928,-1.0885507668191268,2.122891214782172,2.584521955450429,1.1351957263250578
86.0,297.0,1224.704833984375,-3.32827331810922,1.4493876145823164,1.7350050601430402,1.8720516501654068,0.7852988204576445,-1.3017485751766928,-1.0885507668191268,2.122891214782172,2.584521955450429,1.1351957263250578
86.0,297.0,1224.704833984375,-3.32827331810922,1.4493876145823164,1.7350050601430402,1.8720516501654068,0.7852988204576445,-1.3017485751766928,-1.0885507668191268,2.122891214782172,2.584521955450429,1.1351957263250578
86.0,297.0,1224.7052001953125,-3.3283846534831185,1.4327905522768567,1.735005060644065,1.8720516492483088,0.785280035369764,-1.3017485759580836,-1.088550590344757,2.122891214782172,2.584520543580512,1.1519341277530744
86.0,297.0,1224.7076416015625,-3.328386896417854,1.4329471337457798,1.7350050971009197,1.8720516492463284,0.785279979854354,-1.301748488773095,-1.0885489194849247,2.122891214782172,2.584520577820792,1.152124603172973
86.0,297.0,1224.70947265625,-3.328135401085345,1.446880528109018,1.7350051032266245,1.872051650198379,0.7852982492323197,-1.3004568639144884,-1.0885069108592575,2.122891214782172,2.584521955450429,1.1521639995686297
86.0,297.0,1224.7113037109375,-3.328324661707436,1.446955615524346,1.7350051033603855,1.8720516492112949,0.7852982492323197,-1.3004568639144884,-1.0885516381294875,2.122891214782172,2.584521955450429,1.152170859134641
86.0,297.0,1224.7117919921875,-3.328428443379344,1.446880528109018,1.735005060813478,1.872051650198379,0.785298220712735,-1.3004436841618152,-1.0885069108592575,2.122891214782172,2.584521955450429,1.1521639995686297
86.0,297.0,1224.713134765625,-3.32838270090842,1.4469386125743129,1.7350050691557126,1.8720516492405976,0.785279979854354,-1.3020406656157877,-1.0885462523670597,2.122891214782172,2.5845218292116345,1.151922368823035
86.0,297.0,1224.7132568359375,-3.32838270090842,1.4469386125743129,1.7350050691557126,1.872051649324873,0.7852814848048141,-1.302039065334078,-1.0885024794670035,2.122891214782987,2.5845218292116345,1.151922368823035
86.0,297.0,1224.7186279296875,-3.328316642889652,1.448702345420751,1.7350051037826535,1.8720516492486527,0.7852982237800329,-1.3004739870038229,-1.0885509724120883,2.122891214782172,2.584521955450429,1.1516541537993437
86.0,297.0,1224.71923828125,-3.328316642889652,1.4487627654980255,1.7350051037716383,1.8720516492486527,0.7852788198650047,-1.3004739870038229,-1.0885509724120883,2.122891214782172,2.584521955450429,1.1516551889318274
86.0,297.0,1224.71923828125,-3.3283181022689536,1.4487627654980255,1.7350050583522074,1.8720516492486527,0.7852789276815076,-1.3004739870038229,-1.0885509724120883,2.122891214782172,2.584521955450429,1.1516551889318274
86.0,297.0,1224.7193603515625,-3.328316642889652,1.4487627654980255,1.7350051037716383,1.8720516500921245,0.7852799553139217,-1.3004680591778428,-1.0885493265615618,2.122891214782172,2.584521955450429,1.1516634185613663
86.0,297.0,1224.719482421875,-3.328316377307802,1.4487739828872606,1.7350050551545508,1.8720516500921245,0.7852799553139217,-1.3004242952349192,-1.088550739794241,2.122891214782172,2.584521955450429,1.1516634185613663
86.0,297.0,1224.720458984375,-3.328316642889652,1.4487627654980255,1.7350051037716383,1.872051649176797,0.7852984963810824,-1.302011873927914,-1.0885493265615618,2.122891214782172,2.584521955450429,1.1516386874328404
86.0,297.0,1224.7220458984375,-3.328135401085345,1.4486423489720897,1.7350051032266245,1.872051650206926,0.7852982492323197,-1.3004568639144884,-1.0885069108592575,2.122891214782172,2.584521955450429,1.1521642268888004
86.0,297.0,1224.7220458984375,-3.328135401085345,1.4486423489720897,1.7350051032266245,1.872051650206926,0.7852982492323197,-1.3004568639144884,-1.0885069108592575,2.122891214782172,2.584521955450429,1.1521642268888004
86.0,297.0,1224.72314453125,-3.328307641633561,1.448700433437384,1.735005103304394,1.8720516492491448,0.7852969349007388,-1.3020385290768506,-1.0885069149674245,2.122891214782172,2.5845218292116345,1.1519225961432058
86.0,298.0,1224.433837890625,-3.328128211573267,1.4333049063141214,1.7350050600232567,1.838648664344116,0.7852808424537883,-1.301970449987327,-1.0885506572431096,2.122891214782172,2.584521955450429,1.1356914268338554
86.0,298.0,1224.483154296875,-3.3281353635884923,1.4338727498232675,1.735005057309524,1.8378916289858256,0.7852975734578372,-1.301978833073351,-1.0885341993616036,2.122891214782172,2.584521955450429,1.1519281928241254
86.0,298.0,1224.483642578125,-3.3282738641338523,1.4338472952779038,1.7350050620753803,1.8362621470784288,0.7852985862389843,-1.3017558197115338,-1.0885509385084964,2.122891214782172,2.584521955450429,1.1517445629443164
86.0,298.0,1224.485595703125,-3.328106285400436,1.4338727871191927,1.735005057309524,1.8378916289858256,0.7852975734578372,-1.301978833073351,-1.088535308007549,2.122891214782172,2.584521955450429,1.1521727781683253
86.0,298.0,1224.48681640625,-3.3284215973760265,1.433852002210366,1.7350050645022197,1.8356363289115591,0.7852988204576445,-1.3017478396526825,-1.0885509366482005,2.122891214782172,2.5845219554222267,1.151743811481876
86.0,298.0,1224.4871826171875,-3.3283132840545995,1.4338472952779038,1.7350050620753803,1.8362621470784288,0.7852975875274858,-1.302011612142892,-1.0885509385084964,2.122891214782172,2.584521955450429,1.151927902065255
86.0,298.0,1224.4873046875,-3.3283141402384766,1.4338472952779038,1.7350050691733534,1.8362621470784288,0.7852975875274858,-1.3020396984556115,-1.0885510826612197,2.122891214782172,2.584521955683086,1.1519224122845704
86.0,298.0,1224.487548828125,-3.3283755029347275,1.4338472952779038,1.7350050582858103,1.8368536963422009,0.7852975875274858,-1.3020365685377853,-1.0885509385084964,2.122891214782172,2.584521819390744,1.151927902065255
86.0,298.0,1224.4898681640625,-3.3284217423340845,1.4338717943511885,1.7350050626873603,1.8357291761463228,0.7852976184729507,-1.3020457818283644,-1.0885528802301982,2.122891214782172,2.5845219609157493,1.151927592910798
86.0,298.0,1224.58740234375,-3.3281280502573547,1.4333049063141214,1.735005098811364,1.872051650142592,0.7852798628225517,-1.3017471946786685,-1.0885506572431096,2.122891214782172,2.584521955450429,1.1354873699385253
86.0,298.0,1224.5887451171875,-3.328314129392607,1.4341216520611404,1.7350050989351735,1.872051650142592,0.7852798628342073,-1.3017471946786685,-1.088550921179498,2.122891214782172,2.584521955450429,1.1365046326951451
86.0,298.0,1224.6673583984375,-3.328106285400436,1.4489817779754792,1.7350050599493618,1.8378916289858256,0.7852975734578372,-1.301978833073351,-1.088535308007549,2.122891214782172,2.584521955450429,1.1521727781683253
86.0,298.0,1224.6673583984375,-3.328106285400436,1.4489817779754792,1.7350050599493618,1.8378916289858256,0.7852975734578372,-1.301978833073351,-1.088535308007549,2.122891214782172,2.584521955450429,1.1521727781683253
86.0,298.0,1224.6673583984375,-3.328106285400436,1.4489817779754792,1.7350050599493618,1.8378916289858256,0.7852975734578372,-1.301978833073351,-1.088535308007549,2.122891214782172,2.584521955450429,1.1521727781683253
86.0,298.0,1224.6827392578125,-3.328135401085345,1.4338899374380707,1.735005060296278,1.8720516492524024,0.7852982218227956,-1.3004568639144884,-1.0885069108592575,2.122891214782172,2.584521955450429,1.1519265548781286
86.0,298.0,1224.6849365234375,-3.3284215973760265,1.4339228280988778,1.7350050626873603,1.8720516492483088,0.7852988204576445,-1.3004269068473595,-1.0885534708357267,2.122891214782172,2.5845219609157493,1.151927592910798
86.0,298.0,1224.6900634765625,-3.328135401085345,1.433945087065612,1.735005060296278,1.8720516492487576,0.7852977183251544,-1.301138559338887,-1.0885069108592575,2.122891214782172,2.584521955450429,1.1519265548781286
86.0,298.0,1224.69091796875,-3.328314129392607,1.448642686601295,1.7350050990088617,1.872051650142592,0.7852798628225517,-1.3017471946786685,-1.0885509273222678,2.122891214782172,2.584521955450429,1.1358743935158084
86.0,298.0,1224.69091796875,-3.328314129392607,1.448642686601295,1.7350050990088617,1.872051650142592,0.7852798629081701,-1.3017471946786685,-1.088550927618001,2.122891214782172,2.584520609914729,1.1358743935158084
86.0,298.0,1224.6910400390625,-3.3284215973760265,1.4341675499984263,1.7350051198196084,1.8720516492483088,0.7852988204576445,-1.3010570217786643,-1.0885506263136286,2.122891214782172,2.5845219609157493,1.1519276385973365
86.0,298.0,1224.6910400390625,-3.3284215973760265,1.4341675499984263,1.735005098637154,1.8720516492483088,0.7852988204576445,-1.3010570217786643,-1.0885506263136286,2.122891214782172,2.584521955421248,1.1519276385973365
86.0,298.0,1224.695068359375,-3.3283096390185816,1.4339125324000892,1.7350050991946062,1.8720516492490669,0.7852988042932694,-1.3011390971481605,-1.0885489295321271,2.122891214782172,2.584521955450429,1.152145995695341
86.0,298.0,1224.697998046875,-3.328130999234006,1.4338472952779038,1.7350050971755933,1.8720516492490524,0.7852988204576445,-1.3017485751766928,-1.088510739100957,2.122891214782172,2.584521955450429,1.151927896465016
86.0,298.0,1224.6988525390625,-3.3283450277890925,1.4341675499984263,1.7350050605341871,1.8720516492483088,0.7852988204576445,-1.3017485751766928,-1.0885506263136286,2.122891214782172,2.584521955450429,1.1519276385973365
86.0,298.0,1224.69970703125,-3.328317654720124,1.4338472952779038,1.7350050971755933,1.872051649249065,0.7852988204576445,-1.3017485751766928,-1.0885507668191268,2.122891214782172,2.584521955450429,1.151927902065255
86.0,298.0,1224.6998291015625,-3.328323916216721,1.4338472952779038,1.7350050971755933,1.872051649249065,0.7852988204576445,-1.3017485751766928,-1.0885507668191268,2.122891214782172,2.584521955450429,1.1519294874292492
86.0,298.0,1224.7003173828125,-3.328386896417854,1.4329525079285133,1.735005097154032,1.8720516492463284,0.785279979854354,-1.301748488773095,-1.0885507163378505,2.122891214782172,2.584520577820792,1.151663507941028
86.0,298.0,1224.7003173828125,-3.328312738029967,1.449246650759947,1.7350050601430402,1.8720516492115151,0.7852975567885736,-1.3019900495848882,-1.08854883449046,2.122891214782172,2.584521955450429,1.1353790654459963
86.0,298.0,1224.7003173828125,-3.328386896417854,1.4329525079285133,1.7350050971538318,1.8720516492463284,0.785279979854354,-1.301748488773095,-1.088550645686014,2.122891214782172,2.584520577820792,1.151663507941028
86.0,298.0,1224.7003173828125,-3.328386896417854,1.4329525079285133,1.735005097154032,1.8720516492463284,0.7852799797687358,-1.301748488773095,-1.0885507160421175,2.122891214782172,2.584521923356492,1.151663507941028
86.0,298.0,1224.7005615234375,-3.3281259486172305,1.4333049063141214,1.735005103489171,1.8720516491427823,0.7852798638049588,-1.3017973300105068,-1.0885506572431096,2.122891214782172,2.584521955450429,1.1519033025983345
86.0,298.0,1224.7005615234375,-3.3281216229237867,1.4333049063141214,1.7350051048759358,1.8720516491427823,0.7852798638049588,-1.3017971301498894,-1.0885506572431096,2.122891214782172,2.584521955450429,1.1519033025983345
86.0,298.0,1224.701171875,-3.3284239420942767,1.4326429361424444,1.7350050600902716,1.872051649248846,0.7852977271851791,-1.3011395521807565,-1.0885489295321271,2.122891214782172,2.584521955450429,1.152145995695341
86.0,298.0,1224.701171875,-3.3284239420942767,1.4326429361424444,1.7350050600875555,1.8720516492486543,0.7852977271851791,-1.3011395521807565,-1.0885489295321271,2.122891214782172,2.584521955450429,1.152145995695341
86.0,298.0,1224.701171875,-3.3284239420942767,1.4326429361424444,1.7350050600875555,1.8720516492486543,0.7852977271851791,-1.3011395521807565,-1.0885489295321271,2.122891214782172,2.584521955450429,1.152145995695341
86.0,298.0,1224.701416015625,-3.3281259486172305,1.4333049063141214,1.735005098811364,1.872051650142488,0.7852798628225517,-1.3018224769164972,-1.0885506572431096,2.122891214782172,2.584521955450429,1.1519303782207406
86.0,298.0,1224.7025146484375,-3.328317654720124,1.433164297022912,1.7350050942701587,1.872051650144405,0.7852988204576445,-1.3017485751766928,-1.0885507668191268,2.122891214782172,2.584521955450429,1.151927902065255
86.0,298.0,1224.702880859375,-3.3283448781752543,1.434155104416073,1.7350050599594222,1.8720516492483088,0.7852988204576445,-1.3020414022702274,-1.088547782179015,2.122891214782172,2.584521955450429,1.1519276385973365
86.0,298.0,1224.703125,-3.32827331810922,1.449246650759947,1.7350050601430402,1.8720516492115151,0.7852985555000721,-1.30173425715353,-1.08854883449046,2.122891214782172,2.584521955450429,1.1351957263250578
86.0,298.0,1224.7042236328125,-3.3283773451588057,1.4338472952779038,1.7350050971755933,1.872051649249065,0.7852988204576445,-1.302038085373387,-1.0885462300141555,2.122891214782172,2.584521830080108,1.151922744296936
86.0,298.0,1224.704833984375,-3.32827331810922,1.4493876145823164,1.7350050601430402,1.8720516501654068,0.7852988204576445,-1.3017485751766928,-1.0885507668191268,2.122891214782172,2.584521955450429,1.1351957263250578
86.0,298.0,1224.704833984375,-3.32827331810922,1.4493876145823164,1.7350050601430402,1.8720516501654068,0.7852988204576445,-1.3017485751766928,-1.0885507668191268,2.122891214782172,2.584521955450429,1.1351957263250578
86.0,298.0,1224.704833984375,-3.32827331810922,1.4493876145823164,1.7350050601430402,1.8720516501654068,0.7852988204576445,-1.3017485751766928,-1.0885507668191268,2.122891214782172,2.584521955450429,1.1351957263250578
86.0,298.0,1224.7052001953125,-3.3283846534831185,1.4327905522768567,1.735005060644065,1.8720516492483088,0.785280035369764,-1.3017485759580836,-1.088550590344757,2.122891214782172,2.584520543580512,1.1519341277530744
86.0,298.0,1224.7076416015625,-3.328386896417854,1.4329471337457798,1.7350050971009197,1.8720516492463284,0.785279979854354,-1.301748488773095,-1.0885489194849247,2.122891214782172,2.584520577820792,1.152124603172973
86.0,298.0,1224.70947265625,-3.328135401085345,1.446880528109018,1.7350051032266245,1.872051650198379,0.7852982492323197,-1.3004568639144884,-1.0885069108592575,2.122891214782172,2.584521955450429,1.1521639995686297
86.0,298.0,1224.7113037109375,-3.328324661707436,1.446955615524346,1.7350051033603855,1.8720516492112949,0.7852982492323197,-1.3004568639144884,-1.0885516381294875,2.122891214782172,2.584521955450429,1.152170859134641
86.0,298.0,1224.7117919921875,-3.328428443379344,1.446880528109018,1.735005060813478,1.872051650198379,0.785298220712735,-1.3004436841618152,-1.0885069108592575,2.122891214782172,2.584521955450429,1.1521639995686297
86.0,298.0,1224.713134765625,-3.32838270090842,1.4469386125743129,1.7350050691557126,1.8720516492405976,0.785279979854354,-1.3020406656157877,-1.0885462523670597,2.122891214782172,2.5845218292116345,1.151922368823035
86.0,298.0,1224.713134765625,-3.328382669752021,1.4469386125743129,1.7350050691557126,1.872051649324873,0.7852989672676935,-1.302039065334078,-1.0885025738591303,2.122891214782987,2.5845218292116345,1.151922368823035
86.0,299.0,1224.43359375,-3.328128211573267,1.4333049063141214,1.7350050600232567,1.838648664344116,0.7852808424537883,-1.302040382069318,-1.0885506572431096,2.122891214782172,2.5845219554531043,1.1356914268338554
86.0,299.0,1224.433837890625,-3.328128211573267,1.4333049063141214,1.7350050600232567,1.838648664344116,0.7852808424537883,-1.301970449987327,-1.0885506572431096,2.122891214782172,2.584521955450429,1.1356914268338554
86.0,299.0,1224.4794921875,-3.328374101435428,1.4326511815115957,1.7350050582858103,1.8368536963422009,0.7852977364365086,-1.3019564697583628,-1.0885488972665358,2.122891214782172,2.584521819390744,1.151927902065255
86.0,299.0,1224.483154296875,-3.3281353635884923,1.4338727498232675,1.735005057309524,1.8378916289858256,0.7852975734578372,-1.301978833073351,-1.0885341993616036,2.122891214782172,2.584521955450429,1.1519281928241254
86.0,299.0,1224.483642578125,-3.3282738641338523,1.4338472952779038,1.7350050620753803,1.8362621470784288,0.7852985862389843,-1.3017558197115338,-1.0885509385084964,2.122891214782172,2.584521955450429,1.1517445629443164
86.0,299.0,1224.483642578125,-3.328276580181248,1.4338472952779038,1.7350050620753803,1.836278044031461,0.7852985862389843,-1.3017558197115338,-1.0885509385084964,2.122891214782172,2.584521955450429,1.1517445629443164
86.0,299.0,1224.485595703125,-3.328106285400436,1.4338727871191927,1.735005057309524,1.8378916289858256,0.7852975734578372,-1.301978833073351,-1.088535308007549,2.122891214782172,2.584521955450429,1.1521727781683253
86.0,299.0,1224.4864501953125,-3.328133267889047,1.4339405795307771,1.7350050627099085,1.834225040524152,0.7852976184729507,-1.3011767815113977,-1.0885528802301982,2.122891214782172,2.5845219551756635,1.151927592910798
86.0,299.0,1224.48681640625,-3.3284215973760265,1.433852002210366,1.7350050645022197,1.8356363289115591,0.7852988204576445,-1.3017478396526825,-1.0885509366482005,2.122891214782172,2.5845219554222267,1.151743811481876
86.0,299.0,1224.4871826171875,-3.3283132840545995,1.4338472952779038,1.7350050620753803,1.8362621470784288,0.7852975875274858,-1.302011612142892,-1.0885509385084964,2.122891214782172,2.584521955450429,1.151927902065255
86.0,299.0,1224.4873046875,-3.3283141402384766,1.4338472952779038,1.7350050691733534,1.8362621470784288,0.7852975875274858,-1.3020396984556115,-1.0885510826612197,2.122891214782172,2.584521955683086,1.1519224122845704
86.0,299.0,1224.4873046875,-3.3283141402384766,1.4338472952779038,1.7350050691733534,1.8362621470784288,0.7852975875274858,-1.3020396984556115,-1.0885510826612197,2.122891214782172,2.584521955683086,1.1519224122845704
86.0,299.0,1224.487548828125,-3.3283755029347275,1.4338472952779038,1.7350050582858103,1.8368536963422009,0.7852975875274858,-1.3020365685377853,-1.0885509385084964,2.122891214782172,2.584521819390744,1.151927902065255
86.0,299.0,1224.4876708984375,-3.3284215973760265,1.4338582905352677,1.7350050645022197,1.83516925637477,0.7852988204576445,-1.301772193778638,-1.0885509366482005,2.122891214782172,2.584521955422297,1.151743811481876
86.0,299.0,1224.4898681640625,-3.3284217423340845,1.4338717943511885,1.7350050626873603,1.8357291761463228,0.7852976184729507,-1.3020457818283644,-1.0885528802301982,2.122891214782172,2.5845219609157493,1.151927592910798
86.0,299.0,1224.4964599609375,-3.328423647241748,1.434447412468517,1.7350050599493618,1.835811069334054,0.7852975745683737,-1.301978833073351,-1.088535308007549,2.122891214782172,2.584521955450429,1.1521727781683253
86.0,299.0,1224.586181640625,-3.328128211573267,1.4333049063141214,1.7350050971967277,1.8719969474342344,0.7852996462329075,-1.3017538190659363,-1.088550653571425,2.122891214782172,2.584521955450429,1.1356914268338554
86.0,299.0,1224.587158203125,-3.328133563418179,1.4333049063141214,1.735005098873304,1.8720516501788529,0.7852988159525627,-1.3017471946786685,-1.0885461350188788,2.122891214782172,2.5845219535677644,1.1354873699385253
86.0,299.0,1224.58740234375,-3.3281280502573547,1.4333049063141214,1.735005098811364,1.872051650142592,0.7852798628225517,-1.3017471946786685,-1.0885506572431096,2.122891214782172,2.584521955450429,1.1354873699385253
86.0,299.0,1224.5887451171875,-3.328314129392607,1.4341216520611404,1.7350050989351735,1.872051650142592,0.7852798628342073,-1.3017471946786685,-1.088550921179498,2.122891214782172,2.584521955450429,1.1365046326951451
86.0,299.0,1224.65576171875,-3.328104380492773,1.4484061598581508,1.7350050626873603,1.8378097357980945,0.7852976173624142,-1.3020457818283644,-1.0885528802301982,2.122891214782172,2.5845219609157493,1.151927592910798
86.0,299.0,1224.6673583984375,-3.328106285400436,1.4489817779754792,1.7350050599493618,1.8378916289858256,0.7852975734578372,-1.301978833073351,-1.088535308007549,2.122891214782172,2.584521955450429,1.1521727781683253
86.0,299.0,1224.6673583984375,-3.328106285400436,1.4489817779754792,1.7350050599493618,1.8378916289858256,0.7852975734578372,-1.301978833073351,-1.088535308007549,2.122891214782172,2.584521955450429,1.1521727781683253
86.0,299.0,1224.6673583984375,-3.328106285400436,1.4489817779754792,1.7350050599493618,1.8378916289858256,0.7852975734578372,-1.301978833073351,-1.088535308007549,2.122891214782172,2.584521955450429,1.1521727781683253
86.0,299.0,1224.6673583984375,-3.328106285400436,1.4489817779754792,1.7350050599493618,1.8378916289858256,0.7852975734578372,-1.301978833073351,-1.088535308007549,2.122891214782172,2.584521955450429,1.1521727781683253
86.0,299.0,1224.66748046875,-3.3281035693530407,1.4489817779754792,1.7350050599493618,1.8378757320327928,0.7852975734578372,-1.301978833073351,-1.088535308007549,2.122891214782172,2.584521955450429,1.1521727781683253
86.0,299.0,1224.6827392578125,-3.328135401085345,1.4338899374380707,1.735005060296278,1.8720516492524024,0.7852982218227956,-1.3004568639144884,-1.0885069108592575,2.122891214782172,2.584521955450429,1.1519265548781286
86.0,299.0,1224.6849365234375,-3.3284215973760265,1.4339228280988778,1.7350050626873603,1.8720516492483088,0.7852988204576445,-1.3004269068473595,-1.0885534708357267,2.122891214782172,2.5845219609157493,1.151927592910798
86.0,299.0,1224.6849365234375,-3.3284215973760265,1.4339228280988778,1.7350050626873603,1.8720516492483088,0.7852988204576445,-1.3004269068473595,-1.0885534708357267,2.122891214782172,2.5845219609157493,1.151927592910798
86.0,299.0,1224.689453125,-3.3281285510431537,1.448642686601295,1.735005099006785,1.8720516501425928,0.7852798628225517,-1.3017471946786685,-1.0885509273222678,2.122891214782172,2.584521955450429,1.1358743935158084
86.0,299.0,1224.6900634765625,-3.328135401085345,1.433945087065612,1.735005060296278,1.8720516492487576,0.7852977183251544,-1.301138559338887,-1.0885069108592575,2.122891214782172,2.584521955450429,1.1519265548781286
86.0,299.0,1224.69091796875,-3.328314129392607,1.448642686601295,1.7350050990088617,1.872051650142592,0.7852798628225517,-1.3017471946786685,-1.0885509273222678,2.122891214782172,2.584521955450429,1.1358743935158084
86.0,299.0,1224.69091796875,-3.328314129392607,1.448642686601295,1.7350050990088617,1.872051650142592,0.7852798629081701,-1.3017471946786685,-1.088550927618001,2.122891214782172,2.584520609914729,1.1358743935158084
86.0,299.0,1224.69091796875,-3.3283162918744136,1.448642686601295,1.7350050990088617,1.872051650142487,0.7852798628169628,-1.3017471946786685,-1.0885509211042057,2.122891214782172,2.584520609914729,1.1358743935158084
86.0,299.0,1224.6910400390625,-3.3284215973760265,1.4341675499984263,1.7350051198196084,1.8720516492483088,0.7852988204576445,-1.3010570217786643,-1.0885506263136286,2.122891214782172,2.5845219609157493,1.1519276385973365
86.0,299.0,1224.6910400390625,-3.3284215973760265,1.4341675499984263,1.735005098637154,1.8720516492483088,0.7852988204576445,-1.3010570217786643,-1.0885506263136286,2.122891214782172,2.584521955421248,1.1519276385973365
86.0,299.0,1224.695068359375,-3.3283096390185816,1.4339125324000892,1.7350050991946062,1.8720516492490669,0.7852988042932694,-1.3011390971481605,-1.0885489295321271,2.122891214782172,2.584521955450429,1.152145995695341
86.0,299.0,1224.69677734375,-3.3284215973760265,1.434161261673525,1.735005098637154,1.8725187217850987,0.7852988204576445,-1.3010326676527086,-1.0885506263136286,2.122891214782172,2.584521955421178,1.1519276385973365
86.0,299.0,1224.697998046875,-3.328130999234006,1.4338472952779038,1.7350050971755933,1.8720516492490524,0.7852988204576445,-1.3017485751766928,-1.088510739100957,2.122891214782172,2.584521955450429,1.151927896465016
86.0,299.0,1224.697998046875,-3.328130999234006,1.4338472952779038,1.7350050971755933,1.8720516492490524,0.7852988306370081,-1.3017485751766928,-1.0885093277290134,2.122891214782172,2.584521955450429,1.1519281987612944
86.0,299.0,1224.6988525390625,-3.3283450277890925,1.4341675499984263,1.7350050605341871,1.8720516492483088,0.7852988204576445,-1.3017485751766928,-1.0885506263136286,2.122891214782172,2.584521955450429,1.1519276385973365
86.0,299.0,1224.69970703125,-3.328317654720124,1.4338472952779038,1.7350050971755933,1.872051649249065,0.7852988204576445,-1.3017485751766928,-1.0885507668191268,2.122891214782172,2.584521955450429,1.151927902065255
86.0,299.0,1224.69970703125,-3.3283150730636355,1.4338472952779038,1.7350050975704543,1.872051649249065,0.7852988204576445,-1.3017485617032438,-1.088550934871418,2.122891214782172,2.584521955450429,1.151927902065255
86.0,299.0,1224.6998291015625,-3.328323916216721,1.4338472952779038,1.7350050971755933,1.872051649249065,0.7852988204576445,-1.3017485751766928,-1.0885507668191268,2.122891214782172,2.584521955450429,1.1519294874292492
86.0,299.0,1224.7003173828125,-3.328386896417854,1.4329525079285133,1.735005097154032,1.8720516492463284,0.785279979854354,-1.301748488773095,-1.0885507163378505,2.122891214782172,2.584520577820792,1.151663507941028
86.0,299.0,1224.7003173828125,-3.328312738029967,1.449246650759947,1.7350050601430402,1.8720516492115151,0.7852975567885736,-1.3019900495848882,-1.08854883449046,2.122891214782172,2.584521955450429,1.1353790654459963
86.0,299.0,1224.7003173828125,-3.328386896417854,1.4329525079285133,1.7350050971538318,1.8720516492463284,0.785279979854354,-1.301748488773095,-1.088550645686014,2.122891214782172,2.584520577820792,1.151663507941028
86.0,299.0,1224.7003173828125,-3.328386896417854,1.4329525079285133,1.735005097154032,1.8720516492463284,0.7852799797687358,-1.301748488773095,-1.0885507160421175,2.122891214782172,2.584521923356492,1.151663507941028
86.0,299.0,1224.7005615234375,-3.3281259486172305,1.4333049063141214,1.735005103489171,1.8720516491427823,0.7852798638049588,-1.3017973300105068,-1.0885506572431096,2.122891214782172,2.584521955450429,1.1519033025983345
86.0,299.0,1224.7005615234375,-3.3281216229237867,1.4333049063141214,1.7350051048759358,1.8720516491427823,0.7852798638049588,-1.3017971301498894,-1.0885506572431096,2.122891214782172,2.584521955450429,1.1519033025983345
